1.000000000000000000e+00 4.398956837314658088e-19 2.733407509747682871e-20 -8.673617379884035472e-19 -5.583667658079949532e-19 1.000000000000000000e+00 -6.100159232558060012e-19 0.000000000000000000e+00 4.145284534913582806e-20 -2.210423569125054137e-19 1.000000000000000222e+00 0.000000000000000000e+00
9.998901045679762234e-01 3.457209487759508606e-04 1.482090686943796955e-02 -6.533704697719221188e-02 -3.414115688821772743e-04 9.999998987090080727e-01 -2.932930410979507521e-04 -9.293693351095547173e-03 -1.482100702268904398e-02 2.882007965964561826e-04 9.998901213003733579e-01 3.675049116561412976e-02
9.992678488091253364e-01 4.163383775028231364e-03 3.803199432551945813e-02 4.575112369200599188e-02 -4.144152322212170912e-03 9.999912421543524221e-01 -5.844861479136430858e-04 1.001282542470093018e-02 -3.803409534671005343e-02 4.264478743437579225e-04 9.992763510185684872e-01 2.928963167044285609e-01
9.979390969622115026e-01 5.242094699152810393e-03 6.395372707076546481e-02 2.382357016670741748e-02 -5.292941614592503417e-03 9.999857965653922154e-01 6.256567944778149582e-04 2.923192989233366901e-03 -6.394954006295641702e-02 -9.628706730584345088e-04 9.979526688110466059e-01 4.242826729197765045e-01
9.953056180965458299e-01 4.710121626038626594e-03 9.666716766349105205e-02 7.929014364498909728e-02 -4.962496532892829090e-03 9.999848770514486729e-01 2.370507409021087395e-03 6.687536385351106061e-03 -9.665454206413028049e-02 -2.839089765793542230e-03 9.953139399679372668e-01 5.873561837204051006e-01
9.908697752573383255e-01 1.722346026010352108e-03 1.348114308035878450e-01 1.671316032670071838e-01 -2.360351422266963265e-03 9.999867586301063316e-01 4.572888459206726243e-03 5.751550771519120531e-03 -1.348017719491503286e-01 -4.849339232380712149e-03 9.908607199377033048e-01 7.948883802907038554e-01
9.846436917171350611e-01 -1.578267767137269241e-03 1.745689237783789594e-01 2.074663761061771305e-01 6.530881772423213164e-04 9.999854372953751458e-01 5.357114000945208815e-03 -8.979672988058795546e-03 -1.745748395609715009e-01 -5.160839489791767438e-03 9.846303831458675937e-01 9.779961440469797651e-01
9.759960865183409107e-01 -1.856247026787047946e-03 2.177801481506960457e-01 3.213179497597935530e-01 5.346115552102149830e-04 9.999810842014480450e-01 6.127432346805912478e-03 -4.063253701848887345e-03 -2.177874064588609382e-01 -5.863922055751798722e-03 9.759786168395202521e-01 1.202784060073176953e+00
9.641883804282366244e-01 -1.838746647178327465e-03 2.652119627816761360e-01 4.280079383620044586e-01 -6.727086720488095577e-04 9.999557948757519243e-01 9.378473004896591830e-03 1.149607713430177147e-02 -2.652174882734902317e-01 -9.221024919075613765e-03 9.641445210497839868e-01 1.402911311145127460e+00
9.497152871804848129e-01 -5.739033807268623631e-03 3.130621911335992880e-01 5.537284427734263659e-01 7.118418921842672780e-04 9.998690026133530973e-01 1.617006144073459065e-02 2.470700046029816049e-02 -3.131139867415248523e-01 -1.513410360247521846e-02 9.495949618081164223e-01 1.645257684241917762e+00
9.329077242543837301e-01 -1.542086916878570094e-02 3.597851762878137016e-01 6.792798392787615658e-01 7.106746890234034650e-03 9.996765273679840691e-01 2.441996631889833611e-02 1.394731564716811256e-03 -3.600453789504181046e-01 -2.022467285707585383e-02 9.327155458506720676e-01 1.844075522063209016e+00
9.117627938046357627e-01 -2.108388037373633978e-02 4.101756641583972351e-01 8.457113489895606850e-01 9.834458039986403860e-03 9.995159104150864726e-01 2.951657552883246022e-02 -4.940790381720627789e-03 -4.105994334263403100e-01 -2.287825981582939511e-02 9.115287668983073077e-01 2.076494519960220053e+00
8.866779226689605053e-01 -2.296524401969644164e-02 4.618169073739058494e-01 1.032234339271172807e+00 8.543783945647136224e-03 9.994090563610157352e-01 3.329477117320153029e-02 -3.647767397163270697e-04 -4.623086301351908567e-01 -2.557607443984079992e-02 8.863501554312176456e-01 2.333432654751102842e+00
8.583992315024137065e-01 -2.504459090066976298e-02 5.123704947907637974e-01 1.208417560255023782e+00 6.616004767974541581e-03 9.992649427591855371e-01 3.775980165229286117e-02 2.572828027433694820e-02 -5.129395607877411667e-01 -2.902313884320510684e-02 8.579339533517079674e-01 2.544840804275159574e+00
8.262832749282804645e-01 -3.032083755779495585e-02 5.624380780151279069e-01 1.453306377461031085e+00 7.831817496651183319e-03 9.990719777877503649e-01 4.235381677093569969e-02 2.458801584367244220e-02 -5.632003359069865933e-01 -3.059133776755750336e-02 8.257539321789469922e-01 2.777816558981810680e+00
7.905841380199277735e-01 -3.605487403394048301e-02 6.112910608089977549e-01 1.663561578058895707e+00 9.996281172669206280e-03 9.988919775050943972e-01 4.598795051483832441e-02 2.537891648360585117e-02 -6.122718368983360859e-01 -3.024670655909683994e-02 7.900685668182754195e-01 2.965375458304828626e+00
7.527270430154578973e-01 -4.043427353989341444e-02 6.570898427945013331e-01 1.919893577311542865e+00 1.104017461796314749e-02 9.987470035608148056e-01 4.881124226944341671e-02 3.216736231697832349e-02 -6.582401700522750865e-01 -2.948715506290107077e-02 7.522302792359961687e-01 3.178677811498787698e+00
7.124455577023103281e-01 -4.368174404167517177e-02 7.003664932046339553e-01 2.238467284151902881e+00 1.205316203389940159e-02 9.986751743116861757e-01 5.002616760003165269e-02 4.392332234215423625e-02 -7.016238720541074780e-01 -2.719928958978774444e-02 7.120281936885218821e-01 3.428102720039178042e+00
6.710917891455246975e-01 -4.555277413924951890e-02 7.399734769387836808e-01 2.518892105996783481e+00 1.116009171680093157e-02 9.986181697505405186e-01 5.135370817300423385e-02 5.332010416774622674e-02 -7.412902758844199802e-01 -2.620487951492595988e-02 6.706728263165646631e-01 3.622011831174566154e+00
6.283761320029118691e-01 -4.600989223145542095e-02 7.765478200559333688e-01 2.872053008719013700e+00 7.026775542138932566e-03 9.985443571217043068e-01 5.347701596300363791e-02 8.304385284150282709e-02 -7.778779289358516147e-01 -2.814705268027634100e-02 6.277847408640532256e-01 3.841719034061020555e+00
5.866266962379774741e-01 -4.684716657927491534e-02 8.085013615530454167e-01 3.207593268662755293e+00 4.210105099923451034e-03 9.984884263286653017e-01 5.480088919285016485e-02 1.016335749275284750e-01 -8.098465325622613564e-01 -2.874378831111312760e-02 5.859371971364474296e-01 4.046573034640122302e+00
5.465873444419693250e-01 -4.799713894860769409e-02 8.360254410761348565e-01 3.575657469470209904e+00 2.074827956181578802e-03 9.984306039349897244e-01 5.596449026646593133e-02 1.210839376585372967e-01 -8.373995359272847772e-01 -2.885487256965639860e-02 5.458291170540600090e-01 4.249892784600888263e+00
5.077329269611977614e-01 -5.049090350468445759e-02 8.600336803780750383e-01 4.009043102348051946e+00 1.108942906722766878e-03 9.983186001266667331e-01 5.795466195026641176e-02 1.313229891308669295e-01 -8.615138179921389971e-01 -2.847176127107792221e-02 5.069352152117289068e-01 4.456214145451134812e+00
4.703476291567090795e-01 -5.038775808665832412e-02 8.810415249894526513e-01 4.417909352399756351e+00 -1.711791039399656548e-03 9.983146166400324040e-01 5.800858500460666367e-02 1.548396295128143807e-01 -8.824795700661698383e-01 -2.879235877256759030e-02 4.694686585472229168e-01 4.640223473434638812e+00
4.343361256845433838e-01 -4.966760976181897047e-02 8.993804784616757919e-01 4.866983648186660183e+00 -3.082059932956413353e-03 9.983908286287391798e-01 5.662379518145823493e-02 1.799074997063447590e-01 -9.007456052781036560e-01 -2.736570368161824612e-02 4.334841246204599874e-01 4.827705710262520711e+00
4.008072104305554495e-01 -4.839704404072776162e-02 9.148832123519076154e-01 5.380477356279794954e+00 -1.784575110078282911e-03 9.985606039097543185e-01 5.360536891561248213e-02 1.941771037708014402e-01 -9.161606902757505333e-01 -2.311809545642303995e-02 4.001439206611346888e-01 5.021217563278598028e+00
3.711226195619775625e-01 -4.680697785791725074e-02 9.274034147488970925e-01 5.875564200264791204e+00 2.206661632289080421e-04 9.987331845261439023e-01 5.031875791863673480e-02 2.196780245331662051e-01 -9.285838508018801063e-01 -1.846978191021610496e-02 3.706628031050977490e-01 5.196332721429404167e+00
3.450217972152744839e-01 -4.487097276487797548e-02 9.375214880235950288e-01 6.413302398363297741e+00 1.115535034827233509e-03 9.988755114680599734e-01 4.739692119137248194e-02 2.415977691040403497e-01 -9.385940180594125604e-01 -1.530713203805128542e-02 3.446838779924924490e-01 5.385795365982766647e+00
3.240347089882696929e-01 -4.427842344345386122e-02 9.450084198433196248e-01 6.999890600939609797e+00 2.266446500861219772e-03 9.989375726837198544e-01 4.602813343889551601e-02 2.697034187154367935e-01 -9.460424866354398832e-01 -1.277290093766266822e-02 3.237907990182871121e-01 5.569648029904125330e+00
3.102477781220997488e-01 -4.480621735228906832e-02 9.495992332955204285e-01 7.587506158402659295e+00 3.398229191971965674e-03 9.989345623204974878e-01 4.602382214467742177e-02 2.979079369774850217e-01 -9.506496643202956287e-01 -1.105183184387449787e-02 3.100694889168475465e-01 5.747513889665605724e+00
2.978572956037663366e-01 -4.644077449112544304e-02 9.534800840054716842e-01 8.199901346733996732e+00 4.257877790041410086e-03 9.988706363806805211e-01 4.732147731434249022e-02 3.157134015322352605e-01 -9.546009208625880760e-01 -1.003524468651250702e-02 2.977186442189034277e-01 5.927674579339510252e+00
2.871502239508204046e-01 -4.843214930496910625e-02 9.566603683409792280e-01 8.825825250049366133e+00 3.312118807538606911e-03 9.987651800576394789e-01 4.956959687785734286e-02 3.434413628464566548e-01 -9.578798437322165737e-01 -1.106534715275496114e-02 2.869560568225274499e-01 6.104069046255570896e+00
2.769667837385416109e-01 -4.991833910026213794e-02 9.595819634466419279e-01 9.502676041610587987e+00 1.556725007812680963e-03 9.986716523245149357e-01 5.150249909205442678e-02 3.748698633989110407e-01 -9.608782408159947108e-01 -1.277067540579918808e-02 2.766765833403203589e-01 6.275074329603145706e+00
2.665462911117352784e-01 -5.167667208628869135e-02 9.624357540078558593e-01 1.019612212265294815e+01 8.525667917038992931e-04 9.985738572186179107e-01 5.338094014239165574e-02 4.056679272135410019e-01 -9.638217492203592363e-01 -1.340794996612357584e-02 2.662102145118012686e-01 6.479888599919686243e+00
2.561607842366017129e-01 -5.367752097851274246e-02 9.651426633364452723e-01 1.089487178822203717e+01 -6.173898999551586070e-05 9.984560898615878477e-01 5.554667196769942639e-02 4.314810044488557872e-01 -9.666341941675912208e-01 -1.428846510734088984e-02 2.557619796597824235e-01 6.675705363714006246e+00
2.461409654497947186e-01 -5.523981320951584090e-02 9.676586031742122618e-01 1.162562218020276994e+01 -4.343239349138915519e-04 9.983681762531401160e-01 5.710337964168437502e-02 4.638313413273154606e-01 -9.692339516808894384e-01 -1.447575740593123016e-02 2.457153134518108850e-01 6.858174837564411597e+00
2.353867625834120403e-01 -5.660345679639500194e-02 9.702520830743062152e-01 1.239912236864996586e+01 -1.209641163802613415e-03 9.982847812728334880e-01 5.853231761744730893e-02 4.885535627567754169e-01 -9.719010368578031578e-01 -1.495138872754246846e-02 2.349145515728033595e-01 7.026783832758012771e+00
2.255960754529475198e-01 -5.949245347464076489e-02 9.724027162979852479e-01 1.316516371809938768e+01 -2.169892126438133055e-03 9.981005275151738632e-01 6.156808018916984371e-02 5.248313652453028277e-01 -9.742185170947084139e-01 -1.599952538422747331e-02 2.250384683499112581e-01 7.226379430210365662e+00
2.141416505537153681e-01 -6.312153262570674439e-02 9.747610012017872139e-01 1.393985694315317403e+01 -4.136179264306345284e-03 9.978423653557300099e-01 6.552484930583599154e-02 5.730863009219100412e-01 -9.767938689062933832e-01 -1.806338475885888376e-02 2.134185277738396280e-01 7.384670651527229346e+00
2.013063453016242510e-01 -6.664096240483119438e-02 9.772587790413712616e-01 1.472342871651303220e+01 -4.429963014223518500e-03 9.976108796270577450e-01 6.894133902945441539e-02 6.114465381453382253e-01 -9.795183243095657577e-01 -1.820754837709795751e-02 2.005301818474015951e-01 7.561238978484524864e+00
1.888828885017174164e-01 -6.919093294985501075e-02 9.795590093883445038e-01 1.552013604708131744e+01 -5.359088232401878690e-03 9.974271769420397504e-01 7.148641002572284076e-02 6.519882066127484777e-01 -9.819850057720720393e-01 -1.875210190446861477e-02 1.880261245685690141e-01 7.714607073278032523e+00
1.749758605691605351e-01 -6.994506686559594233e-02 9.820850876466058477e-01 1.632138149837297192e+01 -6.164795920078948617e-03 9.973760084164682294e-01 7.213246893459446252e-02 6.862930374776505804e-01 -9.845534320365697534e-01 -1.867579409327013024e-02 1.740855269495496238e-01 7.835146590914122022e+00
1.609896736355352076e-01 -6.928382224802213940e-02 9.845212340995835865e-01 1.712371460524003197e+01 -7.266902829564879027e-03 9.974227205411679842e-01 7.138002957988304198e-02 7.261412290480111498e-01 -9.869293461003784129e-01 -1.864586692948379601e-02 1.600712780778782984e-01 7.985337022202749324e+00
1.444700854244326538e-01 -6.816293611121840290e-02 9.871586457505143741e-01 1.790893303405854198e+01 -8.573614624002943302e-03 9.975008885461295050e-01 7.013180760264704772e-02 7.598694535355525748e-01 -9.894720333100972542e-01 -1.859546515444252326e-02 1.435246344548001818e-01 8.105014849818532596e+00
1.235936940109744059e-01 -6.681619798004069521e-02 9.900808945131034378e-01 1.872896565245599021e+01 -1.099302825430617005e-02 9.975771833684119461e-01 6.869437032952585565e-02 8.011772211522034670e-01 -9.922720238683709892e-01 -1.937417735521401382e-02 1.225597354186895582e-01 8.191219635628051776e+00
9.767060932999524492e-02 -6.537091222555622971e-02 9.930695237288923449e-01 1.956020909872265179e+01 -1.533096055529638638e-02 9.976231806947921665e-01 6.717850074275019678e-02 8.452336862385181337e-01 -9.951007140013823360e-01 -2.178607393718466623e-02 9.643626367676857991e-02 8.268186431525508695e+00
6.810647279131551435e-02 -6.493764317491940163e-02 9.955624509712980297e-01 2.037715004412439512e+01 -1.918694815046459792e-02 9.976096720322897848e-01 6.638375758032796781e-02 8.834846245648132479e-01 -9.974935522161647583e-01 -2.362296785742097616e-02 6.669771940206298266e-02 8.325441247438373438e+00
3.508645000125712454e-02 -6.473918439806758407e-02 9.972851958400029693e-01 2.123643997378434989e+01 -2.241082747478983714e-02 9.975977264109119336e-01 6.554792950059411261e-02 9.224774740299036546e-01 -9.991329807286269959e-01 -2.464982977347009163e-02 3.355130266439306647e-02 8.325195369010694790e+00
6.205002641636862175e-04 -6.400010571548171712e-02 9.979496902073530240e-01 2.207169962482143433e+01 -2.408787143080877782e-02 9.976593742086971028e-01 6.399646474131505391e-02 9.557899136189280664e-01 -9.997096612241170854e-01 -2.407819280173499957e-02 -9.225798061731091491e-04 8.323348832620842686e+00
-3.372851669456562729e-02 -6.326085318919436040e-02 9.974269067550829426e-01 2.291648586858556413e+01 -2.521214700029035874e-02 9.977309983819943051e-01 6.242757813564733110e-02 9.880153157003965791e-01 -9.991129826271626380e-01 -2.304168331805786507e-02 -3.524692995845298688e-02 8.288518634047548517e+00
-6.608400587146180671e-02 -6.120774266263747515e-02 9.959349873933435182e-01 2.375272021036306569e+01 -2.730094864140317559e-02 9.978540586833257731e-01 5.951416454617274726e-02 1.018025019533172149e+00 -9.974405142765210286e-01 -2.325703467750099562e-02 -6.761322430271228534e-02 8.244160253082693401e+00
-9.816225338531103795e-02 -5.818649385502157323e-02 9.934679092405915846e-01 2.457764629382240074e+01 -2.949317588908699148e-02 9.980208273449925338e-01 5.553900233902007294e-02 1.058791585530651114e+00 -9.947333017451341908e-01 -2.384868930950134400e-02 -9.968407922294769685e-02 8.148230282134283797e+00
-1.310762788472891183e-01 -5.386007189588449401e-02 9.899081192737527735e-01 2.541250374322543593e+01 -2.685968420552944241e-02 9.983494856495174208e-01 5.076280022756135546e-02 1.081557284963551080e+00 -9.910083669315934429e-01 -1.993481962800689247e-02 -1.323066014739090190e-01 8.016786974602354121e+00
-1.624152401830280534e-01 -4.832168479357637492e-02 9.855385773621505585e-01 2.625396225866000677e+01 -2.237840964543618555e-02 9.987236391795693002e-01 4.528023124170400121e-02 1.101071031487508289e+00 -9.864687086664098992e-01 -1.470058543913103401e-02 -1.632893035692125350e-01 7.867745220358273173e+00
-1.934232646412479550e-01 -4.219516638330088332e-02 9.802076268352578614e-01 2.710497002149260126e+01 -1.592304620788184341e-02 9.990781778021722292e-01 3.986541416531506205e-02 1.118403023436602917e+00 -9.809861944504105757e-01 -7.896991791074810599e-03 -1.939168397384153919e-01 7.690222656963887182e+00
-2.222861035156316334e-01 -3.656929614865871148e-02 9.742954161876580255e-01 2.789510070366344507e+01 -1.100710045294797310e-02 9.993267810163307674e-01 3.499754970478339416e-02 1.124608818555052459e+00 -9.749193546566642388e-01 -2.944697531153533943e-03 -2.225389795717826469e-01 7.478792333639946222e+00
-2.498143915378370494e-01 -3.024949285374368274e-02 9.678211205534825723e-01 2.871337060113561179e+01 -2.124464158106679611e-03 9.995266290941654530e-01 3.069208973753826883e-02 1.151376055206666305e+00 -9.682914191134004422e-01 5.611225540883518596e-03 -2.497604019931881913e-01 7.251847965319011990e+00
-2.765765509415039070e-01 -2.029794977242881104e-02 9.607774915859885745e-01 2.951977991880839625e+01 3.973235319217457463e-03 9.997442099894782164e-01 2.226494952328179899e-02 1.140804860950006328e+00 -9.609836837764690332e-01 9.975359138853893276e-03 -2.764251582397493356e-01 7.016459201545221624e+00
-3.016590295351861406e-01 -5.407991115298848607e-03 9.534005283128164088e-01 3.029193673961912481e+01 8.043532728469646523e-03 9.999338895115255088e-01 8.216944139028342989e-03 1.132510330394011389e+00 -9.533819522152991999e-01 1.014742486364912828e-02 -3.015955886949031606e-01 6.741206228973828374e+00
-3.266205111769638347e-01 1.205156374564432011e-02 9.450787192582350560e-01 3.109587077116000842e+01 9.263924030095372145e-03 9.999114926989721708e-01 -9.549160417599030989e-03 1.108251207072361577e+00 -9.451101715758222221e-01 5.636186858126906833e-03 -3.267032489768292303e-01 6.465513684039884801e+00
-3.520755327706594495e-01 2.675523316086926215e-02 9.355890984349550799e-01 3.188709885781607412e+01 8.094706451406176451e-03 9.996410076024593305e-01 -2.554078369297023421e-02 1.081485412717370309e+00 -9.359365948877701458e-01 -1.418964938753467095e-03 -3.521657174061334494e-01 6.177317858388081895e+00
-3.766698654775718080e-01 3.753596042804640404e-02 9.255867591964522800e-01 3.264234157837500305e+01 1.223830432049777088e-02 9.992931522455252846e-01 -3.554461641933695515e-02 1.051083808323288737e+00 -9.262667276246574488e-01 -2.060972494546803140e-03 -3.768629950394559724e-01 5.864200553212396194e+00
-4.003315944145052763e-01 4.214916140326500221e-02 9.154004848651881021e-01 3.342472615927027135e+01 1.592782795291837125e-02 9.991107798897543857e-01 -3.903785048808505742e-02 9.983389382567944281e-01 -9.162319208682273564e-01 -1.047742541680343753e-03 -4.006469573912469495e-01 5.514767036629179664e+00
-4.229418103442361687e-01 4.179971101197656191e-02 9.051922417407350929e-01 3.414843389444600064e+01 1.832442559746785132e-02 9.991257685264015587e-01 -3.757544485239767279e-02 9.578705633357903482e-01 -9.059715526151359555e-01 6.949021797564318079e-04 -4.233380182722953911e-01 5.153944817532639888e+00
-4.430549230032828634e-01 3.812918469119450093e-02 8.956832509550829435e-01 3.489445958661551117e+01 2.223862868131301282e-02 9.992551289455993135e-01 -3.153776513467877046e-02 9.106460793067355786e-01 -8.962186072205741150e-01 5.945806139512617265e-03 -4.435728462580175724e-01 4.777751171739747171e+00
-4.609171466385555416e-01 3.685008177797084034e-02 8.866777550126083707e-01 3.560550418790733573e+01 2.936709840690866768e-02 9.992236467189266058e-01 -2.626170824022036956e-02 8.806272945833767407e-01 -8.869571412924273091e-01 1.393468233527784747e-02 -4.616414933269163412e-01 4.360177075530643265e+00
-4.754167263235213881e-01 3.754929747905855902e-02 8.789590278514191057e-01 3.631904732662116686e+01 3.324251815868050491e-02 9.991419773391274628e-01 -2.470311825005726963e-02 8.334741620711415555e-01 -8.791324610587374355e-01 1.747453693853659798e-02 -4.762570424411463055e-01 3.992449005976739240e+00
-4.857320016147330666e-01 4.060593867826817888e-02 8.731641120489843644e-01 3.701664217326528927e+01 3.544521134084513414e-02 9.990137996943896370e-01 -2.674069848714720476e-02 7.769417168575013521e-01 -8.733888436340306871e-01 1.796067458704623046e-02 -4.866922598754790386e-01 3.568452868268746858e+00
-4.962307514558909616e-01 4.346404032703957837e-02 8.671020152795574365e-01 3.771132625074144329e+01 3.736658871462102821e-02 9.988898211165114782e-01 -2.868559319400736801e-02 7.408539062476645620e-01 -8.673861837440985934e-01 1.816597200834624976e-02 -4.973039506958569222e-01 3.177420389411290458e+00
-5.064231843779363196e-01 4.239885573830050325e-02 8.612420576808968997e-01 3.839853989331201944e+01 3.089716867958953658e-02 9.990412671183768190e-01 -3.101469827457181694e-02 6.855361964228983140e-01 -8.617313592472908290e-01 1.090337989361965000e-02 -5.072476656308143594e-01 2.780933964466585806e+00
-5.183249817172327356e-01 4.132180518055918877e-02 8.541848210472554603e-01 3.909254828826581019e+01 2.943846741663030259e-02 9.991021105274661140e-01 -3.046882546064193231e-02 6.661020872572884777e-01 -8.546768991633433288e-01 9.353139629805034411e-03 -5.190760349922621808e-01 2.371335851604613243e+00
-5.268358015775207459e-01 4.282945776000338101e-02 8.488873085622322678e-01 3.977276445410512906e+01 3.185471088567905229e-02 9.990229189664762144e-01 -3.063469797289687310e-02 6.287775086622655607e-01 -8.493699590903551755e-01 1.090160514275398569e-02 -5.276853614991483532e-01 1.948237967731521358e+00
-5.345209176586032118e-01 4.573485553346402777e-02 8.439168789814496252e-01 4.046715985302445517e+01 3.555086881869740784e-02 9.988676744316558054e-01 -3.161494333647477811e-02 5.818969674867892072e-01 -8.444072098179501440e-01 1.310313076564718730e-02 -5.355415809963911533e-01 1.505997923321547249e+00
-5.376414413728699548e-01 4.915013776789303040e-02 8.417398241694901140e-01 4.114865063058557837e+01 3.643647983528069262e-02 9.987213497109962423e-01 -3.504352303053088341e-02 5.459418655557461975e-01 -8.423859418785970554e-01 1.182918691236169856e-02 -5.387448451795934234e-01 1.053169582036201923e+00
-5.373271099262195705e-01 5.025512628868871595e-02 8.418752795594669491e-01 4.184015103846754613e+01 3.534332533467836324e-02 9.986879142082869532e-01 -3.705805319694187305e-02 4.960510438472875983e-01 -8.426330387064446814e-01 9.842376269416544532e-03 -5.383982751256453092e-01 6.201016161690258155e-01
-5.337355095781975978e-01 5.150295347420890540e-02 8.440816540180380301e-01 4.257560572660287335e+01 3.815392984613611566e-02 9.985938462067498467e-01 -3.680499816520835243e-02 4.610187801790706086e-01 -8.447903261424792865e-01 1.256089878334289145e-02 -5.349500366315647071e-01 1.467583936620789897e-01
-5.279576080904021529e-01 5.020023937368766481e-02 8.477857553488473696e-01 4.333333758927169299e+01 3.646685070280978463e-02 9.986708121924799952e-01 -3.642495863606714374e-02 4.118723092889930992e-01 -8.484874452014087298e-01 1.168524354992430368e-02 -5.290864991054202715e-01 -3.023449966374887055e-01
-5.211894648401866892e-01 4.892132938572144041e-02 8.520376940582011782e-01 4.408567594756488006e+01 3.417709509708067445e-02 9.987512789642943867e-01 -3.643911192581565650e-02 3.697129574380428330e-01 -8.527564012353570089e-01 1.012849306002100783e-02 -5.222106347204582555e-01 -7.510430790325146599e-01
-5.140532784401371513e-01 4.842873751846966252e-02 8.563900227166152401e-01 4.486816706687031342e+01 3.231377738712719327e-02 9.987895335130044794e-01 -3.708486858654586743e-02 3.235112043252323932e-01 -8.571493795076978728e-01 8.609599270645631672e-03 -5.149959508253292295e-01 -1.223230674011904995e+00
-5.075733264331084849e-01 4.676657777090725832e-02 8.603384171856415241e-01 4.567239720654446700e+01 2.969437368704541669e-02 9.988821566960230935e-01 -3.677881389708820281e-02 2.786191332823906297e-01 -8.610967278209079590e-01 6.879266530913502597e-03 -5.083946444385639696e-01 -1.686485082032286975e+00
-5.027429802500289480e-01 4.471865737553663150e-02 8.632784741876020629e-01 4.649460328447356972e+01 2.566294399131252568e-02 9.989929470129788047e-01 -3.680360139841633987e-02 2.341871016186604093e-01 -8.640549296248257738e-01 3.651515840693481986e-03 -5.033843050467562419e-01 -2.147865360937235568e+00
-5.014939936672635490e-01 4.211054196600670652e-02 8.641356739828925937e-01 4.733455672058521202e+01 2.112738821034794087e-02 9.991129576765748199e-01 -3.642706725943783280e-02 1.959115699502098629e-01 -8.649031275852161471e-01 -1.102465837378044193e-05 -5.019388342556705407e-01 -2.616972455716876311e+00
-5.020657973610720415e-01 3.931036302726256815e-02 8.639355398193647728e-01 4.815284716826353417e+01 1.792492306792546272e-02 9.992248188597006031e-01 -3.504937192690919801e-02 1.394374543174880521e-01 -8.646436517843978375e-01 -2.111111865596151330e-03 -5.023812418739851404e-01 -3.080684836854521880e+00
-5.029497382296561625e-01 3.796105498502047593e-02 8.634816185744754735e-01 4.899423249365548827e+01 1.634863657597464270e-02 9.992741311649323555e-01 -3.440832507084345959e-02 9.772856648291640413e-02 -8.641610354562363483e-01 -3.188910013522649675e-03 -5.032052753974030068e-01 -3.572969833116252047e+00
-5.038471298206863569e-01 3.770098504658840610e-02 8.629696935637038990e-01 4.986940851826635424e+01 1.655680013960598995e-02 9.992850365787806499e-01 -3.398952789069326075e-02 4.902393292103111866e-02 -8.636341554315001279e-01 -2.837508424122958412e-03 -5.041111064430667810e-01 -4.067440016846434858e+00
-5.037204137696484896e-01 3.691633362420934650e-02 8.630775837499606862e-01 5.074584995637504647e+01 1.629306111565494500e-02 9.993147697446373989e-01 -3.323442639505163471e-02 1.806748405121197387e-03 -8.637130850005620974e-01 -2.678682288758008762e-03 -5.039767305974690581e-01 -4.572745160816660714e+00
-5.035983214637520522e-01 3.645353213912962131e-02 8.631684986831645867e-01 5.163446442027471761e+01 1.677982092871220868e-02 9.993336553231019215e-01 -3.241423939909018198e-02 -4.442230125056439993e-02 -8.637749594194147340e-01 -1.839942798850693504e-03 -5.038744363602469800e-01 -5.094300174122269986e+00
-5.043879301507661062e-01 3.571745630826991119e-02 8.627381211878331069e-01 5.251516659773141527e+01 1.629258493316287568e-02 9.993599113945169643e-01 -3.184837739057276573e-02 -1.003217144121911347e-01 -8.633234503198614629e-01 -2.007702122673542429e-03 -5.046470080895195665e-01 -5.603296624920464097e+00
-5.041781149602539980e-01 3.414928719482982628e-02 8.629242383263364680e-01 5.339758711454996387e+01 1.439609120752253189e-02 9.994113702014644218e-01 -3.113945474864741880e-02 -1.475540410242508482e-01 -8.634797005357460753e-01 -3.277094652891968714e-03 -5.043729581662671491e-01 -6.121646796425749493e+00
-5.045826141859300895e-01 3.371798661072324121e-02 8.627047405446742756e-01 5.430294603156490041e+01 1.440560046331636028e-02 9.994267920918986636e-01 -3.063602285593076610e-02 -1.956115179613108490e-01 -8.632432313162986537e-01 -3.030623785372851039e-03 -5.047791124995022471e-01 -6.621203585948520320e+00
-5.037218333675129722e-01 3.287158752560129238e-02 8.632402677267114743e-01 5.519937972523780445e+01 1.284915280844826403e-02 9.994503241956477213e-01 -3.056057447413853406e-02 -2.510114838674941118e-01 -8.637703549877362441e-01 -4.302121597711608403e-03 -5.038673229301359191e-01 -7.137638942206010917e+00
-5.023784673225327735e-01 3.179074729653511011e-02 8.640631981721970112e-01 5.609667385905071768e+01 1.239414077271523869e-02 9.994859534106829146e-01 -2.956711323816055628e-02 -3.057095400593293766e-01 -8.645590050221843015e-01 -4.144559219532449428e-03 -5.025142415985428546e-01 -7.658197736960747903e+00
-5.002830449449938710e-01 2.923011553220969394e-02 8.653683965380805088e-01 5.699366093145181367e+01 1.257403855808235382e-02 9.995698915162335441e-01 -2.649387675001409204e-02 -3.664750673295913419e-01 -8.657706283147753590e-01 -2.373260831352421666e-03 -5.004354107808882679e-01 -8.176341083683032807e+00
-4.984055539541760727e-01 2.810143674340146239e-02 8.664884300718795895e-01 5.786568736188460349e+01 1.369896163941656912e-02 9.996050117170337534e-01 -2.453892775837945503e-02 -4.050021004989750040e-01 -8.668357714283706494e-01 -3.603451816892838775e-04 -4.985936513237501644e-01 -8.671994650783286573e+00
-4.957564369470368049e-01 2.744760506110983586e-02 8.680277475780484586e-01 5.875785257038176468e+01 1.301151048264170655e-02 9.996230041650441267e-01 -2.417747124061291747e-02 -4.645638468226778173e-01 -8.683641334483330754e-01 -6.917839246373873405e-04 -4.959266748578032291e-01 -9.196736717235554082e+00
-4.936074303892354909e-01 2.774354526786066560e-02 8.692421910429524168e-01 5.964792627688002113e+01 1.376688156485274782e-02 9.996150708024937881e-01 -2.408699175587423677e-02 -5.087145491011567655e-01 -8.695758679454488327e-01 7.723713175690045355e-05 -4.937993698025112677e-01 -9.707324530716121558e+00
-4.926085747777519397e-01 2.811178777118811603e-02 8.697968186631676035e-01 6.054234564594754886e+01 1.377096505487689429e-02 9.996047811141418604e-01 -2.450800013127743537e-02 -5.537326432554751099e-01 -8.701420372969905781e-01 -9.490847917169783761e-05 -4.928010142369512736e-01 -1.017819463886013764e+01
-4.936642270472005323e-01 2.906461585366524811e-02 8.691667649941680063e-01 6.142404202369925770e+01 1.283678095775626048e-02 9.995760127984180121e-01 -2.613449194078093854e-02 -6.036286676799288431e-01 -8.695578534320277386e-01 -1.744359459993062534e-03 -4.938280170637934785e-01 -1.067847127455809719e+01
-4.959708034228620388e-01 3.106568502759343361e-02 8.677833092065599940e-01 6.232132220933213773e+01 1.180123816688505647e-02 9.995086868246249034e-01 -2.903645496653748867e-02 -6.504341122969468092e-01 -8.682590082265082554e-01 -4.160315488458855328e-03 -4.960937412019398307e-01 -1.118516588463926986e+01
-4.996353635688824957e-01 3.193603536593499909e-02 8.656469139029591142e-01 6.319796450978313374e+01 1.079049623919653249e-02 9.994720812922931463e-01 -3.064512826702077072e-02 -6.971030948761832713e-01 -8.661686215940010980e-01 -5.970629152519823894e-03 -4.997162036015171949e-01 -1.167909508050303202e+01
-5.056083419627392939e-01 3.090196862209559567e-02 8.622095217546210666e-01 6.407092597399353906e+01 1.135398534107295854e-02 9.995101310283797114e-01 -2.916478983988500182e-02 -7.385588311669954997e-01 -8.626884164150460110e-01 -4.956445874392413804e-03 -5.057115218366426967e-01 -1.217654327048627394e+01
-5.108605529305807469e-01 2.852692066248146280e-02 8.591901401167230112e-01 6.494034196011668314e+01 1.377677139476196459e-02 9.995925890167184358e-01 -2.499713039291505748e-02 -8.071267419566813262e-01 -8.595532026533255765e-01 -9.331807835593120860e-04 -5.110454328042960404e-01 -1.269200354329120195e+01
-5.159821350070207258e-01 2.614844251373208556e-02 8.562001413272580796e-01 6.578731968633188387e+01 1.097227985107393500e-02 9.996537290127751607e-01 -2.391717219508264838e-02 -8.515394334335179005e-01 -8.565290756882139034e-01 -2.946365106849451430e-03 -5.160903745974646517e-01 -1.320768894699695117e+01
-5.210837015091470681e-01 2.841082032372251390e-02 8.530325832593611546e-01 6.661734230931122624e+01 1.216861215596749986e-02 9.995915417625577115e-01 -2.585874112358934468e-02 -9.027870893433349586e-01 -8.534188378946040432e-01 -3.094344977725872227e-03 -5.212165820329943688e-01 -1.372100631433304940e+01
-5.262220744320514898e-01 3.068643195739125668e-02 8.497933031973038398e-01 6.745997946334790640e+01 1.245706429940243026e-02 9.995196041234399864e-01 -2.837926176370677428e-02 -9.475061511297152572e-01 -8.502559390004967854e-01 -4.347863291295233149e-03 -5.263515435695634848e-01 -1.424829562805163619e+01
-5.314247157239947450e-01 3.103316478097072756e-02 8.465368870749050423e-01 6.829197643464615908e+01 1.141203530827035288e-02 9.995003232540894400e-01 -2.947658804519418668e-02 -9.889690488166443805e-01 -8.470286587513986554e-01 -6.003877709564566303e-03 -5.315133279151533774e-01 -1.476784176792589953e+01
-5.348210654907361583e-01 3.145303406443757804e-02 8.443797259489916884e-01 6.912230572856512367e+01 1.045488543346768766e-02 9.994767747998339891e-01 -3.060836462838553360e-02 -1.041157610611204154e+00 -8.449006657545161669e-01 -7.542104034579016729e-03 -5.348700726879191958e-01 -1.527737223974476244e+01
-5.384528300717557059e-01 3.075660083188810207e-02 8.420941564904453891e-01 6.995018970963346305e+01 1.049270560258739118e-02 9.995009125953222551e-01 -2.979645665865480672e-02 -1.098774401580641324e+00 -8.425903302086854563e-01 -7.208139486680217520e-03 -5.385068161893903360e-01 -1.578100956383995168e+01
-5.409693103641333156e-01 2.397584651227843353e-02 8.407005121723268859e-01 7.077813685584331438e+01 1.185062264632400636e-02 9.997116462327356734e-01 -2.088509297999453784e-02 -1.147685172341729620e+00 -8.409588453549199372e-01 -1.335368906862049185e-03 -5.410974497179861231e-01 -1.632805878693562107e+01
-5.426471828602100755e-01 1.590789650567736926e-02 8.398100743155604286e-01 7.160488359128758873e+01 1.271463564200935557e-02 9.998616572253919976e-01 -1.072401183233492698e-02 -1.176558890012071146e+00 -8.398645036755169047e-01 4.858525266496845248e-03 -5.427743758322169931e-01 -1.686399077777863553e+01
-5.447297569984344001e-01 1.322273097075731506e-02 8.385073872186403765e-01 7.239962768570825347e+01 1.291959156890582980e-02 9.998893442504361850e-01 -7.374509237543860028e-03 -1.210865632128691916e+00 -8.385121272306707008e-01 6.816059337132574641e-03 -5.448403129814375356e-01 -1.737595970942142998e+01
-5.457063218418117811e-01 1.817484301791260498e-02 8.377793698824963498e-01 7.320675857102845896e+01 1.282886639991501383e-02 9.998287978655854280e-01 -1.333398380396691625e-02 -1.242633208249301457e+00 -8.378782978383936264e-01 3.471321308669123116e-03 -5.458460595659896386e-01 -1.787889100306029633e+01
-5.470226034232201773e-01 2.338366326241822155e-02 8.367911704150436947e-01 7.401129262872393610e+01 1.323942057294768063e-02 9.997264237926015706e-01 -1.928199395706866812e-02 -1.290553414442627167e+00 -8.370131424059965575e-01 5.309446289178753426e-04 -5.471825383838214707e-01 -1.840685268083130310e+01
-5.476971077942797139e-01 2.873196555153297027e-02 8.361831973538604856e-01 7.482523584631690028e+01 2.005725427904070379e-02 9.995738564230943757e-01 -2.120877347107424232e-02 -1.318056234960942374e+00 -8.364362474896736011e-01 5.155556087155382244e-03 -5.480399957059042260e-01 -1.892884193146853988e+01
-5.471186826109306622e-01 2.909641103400399664e-02 8.365491816148759030e-01 7.561314379856598578e+01 2.268501194399142815e-02 9.995440048162045343e-01 -1.992919043043561711e-02 -1.370143816268751147e+00 -8.367476016269729255e-01 8.073496753599852110e-03 -5.475292527363745387e-01 -1.945091937551227801e+01
-5.470537442770805336e-01 2.647463961947064959e-02 8.366787206461953064e-01 7.638604731563131622e+01 2.260840473919019378e-02 9.996024287089546601e-01 -1.684768580669665852e-02 -1.399602972341874363e+00 -8.367921321130376011e-01 9.699382557633596733e-03 -5.474348019593524572e-01 -1.998237739646414468e+01
-5.470522833504866123e-01 2.156101545995851854e-02 8.368207150517067427e-01 7.718881704534308597e+01 2.065620851566244906e-02 9.997115332634780582e-01 -1.225443902589338357e-02 -1.432991835825135229e+00 -8.368435527579638489e-01 1.058172534920183601e-02 -5.473398469723115278e-01 -2.048540945259622958e+01
-5.454092786671055348e-01 1.553635338993929367e-02 8.380258514367268097e-01 7.799251967783408190e+01 1.872110859433233701e-02 9.998045707021387951e-01 -6.351414418927473979e-03 -1.457292077261049368e+00 -8.379607689706166651e-01 1.222465365221366007e-02 -5.455935486524436939e-01 -2.101396854738162645e+01
-5.452628111480104511e-01 8.802009186380696862e-03 8.382189323872804021e-01 7.878231762321161114e+01 1.004982418734510705e-02 9.999416468909215761e-01 -3.962805790488101859e-03 -1.487780305982850493e+00 -8.382049148776807845e-01 6.263183265142807307e-03 -5.453194531907042952e-01 -2.152268741696834198e+01
-5.438165700329747887e-01 3.995829130748547627e-03 8.391945892791823347e-01 7.956838265211681005e+01 1.968090555755791678e-03 9.999919868327401540e-01 -3.486099091383063325e-03 -1.511161468939912433e+00 -8.392018090591519819e-01 -2.441865712305337096e-04 -5.438200776722360574e-01 -2.200582347908101610e+01
-5.425979199781845175e-01 4.221092297977163850e-03 8.399819443068957669e-01 8.036582547394459652e+01 4.564525861531096296e-03 9.999874262630106259e-01 -2.076634692541273839e-03 -1.540262026420330610e+00 -8.399801628077747662e-01 2.707342604680264362e-03 -5.426103659596883677e-01 -2.250545617352490169e+01
-5.390013167554706941e-01 7.173583534280801761e-03 8.422743658211552242e-01 8.118044533160127685e+01 9.903410849356423379e-03 9.999485860155337136e-01 -2.178935965106292092e-03 -1.561841133715549779e+00 -8.422467065082033244e-01 7.166940740321306978e-03 -5.390446486789092218e-01 -2.303693526827327531e+01
-5.329985317999553773e-01 1.070599972735818486e-02 8.460484227568882964e-01 8.198692178529250896e+01 1.112496239878174240e-02 9.999221840026996100e-01 -5.644566601985781702e-03 -1.589426571479060746e+00 -8.460430320375786906e-01 6.403712174631780163e-03 -5.330761610214153068e-01 -2.352026561743819144e+01
-5.259570633469140555e-01 1.204206540563419747e-02 8.504258598102244493e-01 8.274911179783080684e+01 1.546500338932363557e-02 9.998698574872112443e-01 -4.593662228973778398e-03 -1.615523881291445196e+00 -8.503705151653802030e-01 1.073577074593165710e-02 -5.260748457512044451e-01 -2.398345402587688469e+01
-5.172386366382810685e-01 1.391513104639499794e-02 8.557280809959505463e-01 8.354740429555117487e+01 2.140637378038545008e-02 9.997653500933271209e-01 -3.318415127536529854e-03 -1.653063713540924518e+00 -8.555734754903850936e-01 1.660162373384935219e-02 -5.174151403405282679e-01 -2.448900401577340347e+01
-5.081372867217189837e-01 1.482572747877886586e-02 8.611484669918741952e-01 8.433210833465859935e+01 2.197688068248787596e-02 9.997494710644646565e-01 -4.244029412439631783e-03 -1.662333437832938188e+00 -8.609956601279878941e-01 1.676880861758550320e-02 -5.083358080834107229e-01 -2.494881692672123208e+01
-4.965730586373717781e-01 1.225584641307142335e-02 8.679083926452658693e-01 8.517777777008707574e+01 1.833874150416084370e-02 9.998252554625999267e-01 -3.626164439431633739e-03 -1.684880597456150708e+00 -8.678011871462546489e-01 1.411569317670660108e-02 -4.967110432278273868e-01 -2.541047269791038588e+01
-4.850312064458092154e-01 9.729759262643383755e-03 8.744427063731122773e-01 8.597721350147415365e+01 1.989859441835525877e-02 9.998019995352214195e-01 -8.736111768898390342e-05 -1.701569032183350538e+00 -8.742704314654229369e-01 1.735780900573793972e-02 -4.851287798045442190e-01 -2.586044380075751548e+01
-4.737140565502303557e-01 8.050188439248142855e-03 8.806419096794044776e-01 8.678149282082368643e+01 1.931530364429007510e-02 9.998126600700394384e-01 1.250510236865644753e-03 -1.731292428430477148e+00 -8.804668787021801002e-01 1.760225129021424431e-02 -4.737808040644290175e-01 -2.628901349154890710e+01
-4.618278878245589691e-01 6.138132525685139652e-03 8.869483136936036072e-01 8.760632056151030156e+01 1.786002416404835341e-02 9.998376638790732462e-01 2.380208972183158172e-03 -1.744149426475411824e+00 -8.867897352752910356e-01 1.694016632269628939e-02 -4.618625449188999976e-01 -2.671266327906374372e+01
-4.496682975489881273e-01 8.653330889396791334e-03 8.931536976760329205e-01 8.845584040464730435e+01 2.123082681860037624e-02 9.997740978827681646e-01 1.002576425601998120e-03 -1.772854176058109354e+00 -8.929432722161817493e-01 1.941321946325336167e-02 -4.497504351540748124e-01 -2.712505420965646508e+01
