1.000000000000000000e+00 4.398956837314658088e-19 2.733407509747682871e-20 -8.673617379884035472e-19 -5.583667658079949532e-19 1.000000000000000000e+00 -6.100159232558060012e-19 0.000000000000000000e+00 4.145284534913582806e-20 -2.210423569125054137e-19 1.000000000000000222e+00 0.000000000000000000e+00
9.998966748776417779e-01 2.250820163453015881e-04 1.437320155390040856e-02 -8.307927512374418955e-02 -2.205787280119953344e-04 9.999999260929413047e-01 -3.148961903378182624e-04 -6.664615474355511937e-03 -1.437327161827236729e-02 3.116932471503943737e-04 9.998966506062743065e-01 1.408430616825151471e-02
9.995479868401846435e-01 1.701804055063975852e-03 3.001542753389141796e-02 -8.420050701710136976e-02 -1.691005676329403054e-03 9.999984960833216974e-01 -3.851417020868812312e-04 -1.622292086897832164e-02 -3.001603834911096419e-02 3.342113843278062360e-04 9.995493613213868311e-01 1.319284281325849850e-02
9.979608450153280019e-01 5.051199050668205882e-03 6.362890234720071370e-02 -2.287919297247233141e-03 -5.122211217986496687e-03 9.999864273238970869e-01 9.529583949015175796e-04 1.298689520754490317e-02 -6.362322625115807151e-02 -1.276935798635652711e-03 9.979731732353419593e-01 4.082838624306616704e-01
9.954292560906679022e-01 4.172415634029106625e-03 9.541062327852481428e-02 3.207711088860734638e-02 -4.456948387749325342e-03 9.999862332631038742e-01 2.769278439615005007e-03 1.556927120086502858e-02 -9.539775685424589646e-02 -3.181860944078091641e-03 9.954341483857847006e-01 5.414964681659598655e-01
9.909065562694880924e-01 1.565219911462271615e-03 1.345427318721731935e-01 1.515393789082377651e-01 -2.247848604118081722e-03 9.999853607490837293e-01 4.921937332444601722e-03 1.309033751980369364e-02 -1.345330606779265581e-01 -5.179611587572138277e-03 9.908955683293018124e-01 7.975963780665945579e-01
9.851672926661815266e-01 -2.504823005519549867e-03 1.715783525236780904e-01 1.518003861352262840e-01 1.511835834706454782e-03 9.999813468666695071e-01 5.917792392174932130e-03 -1.885632516778217027e-02 -1.715899780380800155e-01 -5.570617096872078865e-03 9.851527028507525152e-01 8.767299984986995920e-01
9.764650050114128677e-01 -2.555337933824021555e-03 2.156607607591136400e-01 2.697484094810471134e-01 1.174054239368649798e-03 9.999779721142452171e-01 6.532754320147661845e-03 -3.251881290932470692e-03 -2.156727073320160726e-01 -6.125808402008913953e-03 9.764464953556459825e-01 1.158885322503405257e+00
9.647435202821519340e-01 -2.545515395635720730e-03 2.631795196949501814e-01 3.628223117954591515e-01 -9.670092167859883144e-05 9.999497321540392614e-01 1.002615634931295838e-02 1.025931578613316353e-02 -2.631918165109548569e-01 -9.698118913578317526e-03 9.646947781822834411e-01 1.317762324096449777e+00
9.503856743175006505e-01 -6.163334497209714720e-03 3.110129934763297133e-01 5.194473899454030708e-01 1.054727913683298603e-03 9.998617999617213092e-01 1.659121811069128385e-02 3.048833184374985517e-02 -3.110722740675385123e-01 -1.544002177068373033e-02 9.502608311884412906e-01 1.614192457884711995e+00
9.335916197516247461e-01 -1.584293205957246903e-02 3.579883899097136002e-01 6.403511323407072853e-01 7.495063605134221971e-03 9.996669485654013920e-01 2.469445167535370619e-02 6.029230610206007257e-03 -3.582604000667708455e-01 -2.037138722385477968e-02 9.333994290086455869e-01 1.808334233750764186e+00
9.123966691947593688e-01 -2.152947262760841404e-02 4.087405014383181379e-01 8.106825412528670949e-01 1.018332754913258906e-02 9.995005705547829189e-01 2.991503415692195814e-02 -5.403873152943813873e-03 -4.091804263680973164e-01 -2.313203892458536026e-02 9.121602325354535301e-01 2.030183240843072667e+00
8.877220831748574570e-01 -2.361609489798172784e-02 4.597736182676671057e-01 9.980345735665741014e-01 9.091619951007922154e-03 9.993879649578610858e-01 3.377925266713611985e-02 -2.549757556684115190e-03 -4.602899626836836067e-01 -2.580650132790871659e-02 8.873934740720633707e-01 2.258682090858352254e+00
8.591933588449055526e-01 -2.554828323347848457e-02 5.110127723195856397e-01 1.155399414001440972e+00 6.988499226456694989e-03 9.992453883113390223e-01 3.820752260330459449e-02 2.919296519640958432e-02 -5.116033015485486057e-01 -2.925643707742153418e-02 8.587235449401880993e-01 2.495472951822143237e+00
8.269514781648498181e-01 -3.072528729645294596e-02 5.614331703049751932e-01 1.418220183297687731e+00 8.024728236708366519e-03 9.990490901827465686e-01 4.285462754517978951e-02 2.847714743455333208e-02 -5.622160284405434139e-01 -3.093334870429931965e-02 8.264116831852168499e-01 2.745182790632217706e+00
7.913531400969014973e-01 -3.655515274683086152e-02 6.102654526871840179e-01 1.617243126241030504e+00 1.034792843864862540e-02 9.988686851347999829e-01 4.641411624675364361e-02 2.998345633157388501e-02 -6.112717359730996947e-01 -3.041497307011463078e-02 7.908361397809607896e-01 2.933547097705632822e+00
7.539717088103882192e-01 -4.110980688141959577e-02 6.556192793020942933e-01 1.870186345335692391e+00 1.151652900547277952e-02 9.987137171899542754e-01 4.937894899748057620e-02 3.515295533057440081e-02 -6.568059378947002092e-01 -2.967987171867313839e-02 7.534753293322475898e-01 3.124331812176887269e+00
7.135912733618841042e-01 -4.420227010587842592e-02 6.991663937753058722e-01 2.203008879033447442e+00 1.229671112319890951e-02 9.986440422715165965e-01 5.058525156988109145e-02 4.448592376387432157e-02 -7.004543487553018810e-01 -2.749974645336345641e-02 7.131672153317496488e-01 3.389322524541706905e+00
6.724989982758393658e-01 -4.618139094690047741e-02 7.386557843446899252e-01 2.490259560241718795e+00 1.157348721424455475e-02 9.985854555593792758e-01 5.189549386852081170e-02 5.878675626740666182e-02 -7.400075417899970587e-01 -2.635084385649214336e-02 6.720821972641598530e-01 3.562702211127059648e+00
6.297725802490452551e-01 -4.652475374762690685e-02 7.753850235689626613e-01 2.816097974616943667e+00 7.292128474231966348e-03 9.985148330156426999e-01 5.399030523561533512e-02 9.130874860144350125e-02 -7.767453464103398764e-01 -2.834740609814055332e-02 6.291765262056060459e-01 3.812422321738738074e+00
5.877360491435390522e-01 -4.727640017337879363e-02 8.076702717920467567e-01 3.167703823136211128e+00 4.251810463169102862e-03 9.984579604124922403e-01 5.535000767431929453e-02 1.079306530267478414e-01 -8.090415753533106713e-01 -2.909713336055956903e-02 5.870307460553892964e-01 4.011586093679900600e+00
5.476967205061326061e-01 -4.835218696959521500e-02 8.352786103825367015e-01 3.540753419116343004e+00 2.107319296287568557e-03 9.984052721456491142e-01 5.641340011348658368e-02 1.240761235008695229e-01 -8.366742940465972111e-01 -2.913723491354048081e-02 5.469251856218693142e-01 4.201444247704149149e+00
5.090783137116552393e-01 -5.100462543145964367e-02 8.592076504320419472e-01 3.980959019890698780e+00 1.278766017502110195e-03 9.982864131652279260e-01 5.850300847979502533e-02 1.342509820042465662e-01 -8.607192624252224533e-01 -2.868388673849069440e-02 5.082711855986810079e-01 4.417112099014333992e+00
4.720062661703383067e-01 -5.098303347331419044e-02 8.801197658260528911e-01 4.368400935056361511e+00 -1.582549914660139881e-03 9.982758118357761834e-01 5.867622174471236879e-02 1.630690622891533548e-01 -8.815937807586139430e-01 -2.908837715940188265e-02 4.711117541297491496e-01 4.618600783177281954e+00
4.357066263619743252e-01 -5.025032021839062613e-02 8.986849434910243462e-01 4.825440090582657326e+00 -3.068086053502310038e-03 9.983516758851062045e-01 5.731071512936207479e-02 1.846447315895122787e-01 -9.000835167743189702e-01 -2.772790041250096371e-02 4.348342670620256034e-01 4.788587747178496556e+00
4.023698116305378103e-01 -4.897403630209033049e-02 9.141663221370380787e-01 5.349332039064207400e+00 -1.600108634955850744e-03 9.985289355919895193e-01 5.419782654641903952e-02 2.056584824665477207e-01 -9.154758267528111393e-01 -2.327033395376310390e-02 4.016995346668889022e-01 4.988044015315879598e+00
3.720326701372835831e-01 -4.732445690048159986e-02 9.270124453090794470e-01 5.840344212179475747e+00 2.964100907515263461e-04 9.987054703449590454e-01 5.086546578099646748e-02 2.280481533445766207e-01 -9.282195968061937030e-01 -1.864883842260074351e-02 3.715650889643811738e-01 5.180640379906557236e+00
3.467701907987482124e-01 -4.541982374120278471e-02 9.368497529834708404e-01 6.399150816185054325e+00 1.076804497771790365e-03 9.988454626065191855e-01 4.802689131351881024e-02 2.509342386809018666e-01 -9.379495140760472083e-01 -1.564548941194396359e-02 3.464187386073350194e-01 5.338619942371876981e+00
3.263096054560128967e-01 -4.477593910374947500e-02 9.442018543088590565e-01 6.969345326250720341e+00 2.377462102612691239e-03 9.989131866566841600e-01 4.654882558612064014e-02 2.742640254657681687e-01 -9.452599668696484159e-01 -1.294452392776052931e-02 3.260614196006602628e-01 5.534223346493685192e+00
3.112376968906966912e-01 -4.528947170329530869e-02 9.492523081974814092e-01 7.553590254143684568e+00 3.233014845775816770e-03 9.989084646740329365e-01 4.659857060191610612e-02 3.045655579310552197e-01 -9.503266068585553006e-01 -1.143428410939006240e-02 3.110443901564656777e-01 5.696585295712816688e+00
2.990445276050399115e-01 -4.696252649969982068e-02 9.530828276197629290e-01 8.159057857364636845e+00 4.307270852375200132e-03 9.988444825049143105e-01 4.786592889159507758e-02 3.182978987081829247e-01 -9.542294452047875852e-01 -1.020885731477889739e-02 2.989012554100269337e-01 5.910102106026553059e+00
2.889043613862206095e-01 -4.876466095283382013e-02 9.561151930547402422e-01 8.790508833025169722e+00 3.183047799063483830e-03 9.987452909098863962e-01 4.997711529289480814e-02 3.523541600088087034e-01 -9.573526802792222679e-01 -1.139524532672210079e-02 2.886970893674566940e-01 6.094775600140232008e+00
2.784746766907341686e-01 -5.053580973723656444e-02 9.591131168109440219e-01 9.454856355287837744e+00 1.517463864452506901e-03 9.986366619704648562e-01 5.217772161801362968e-02 3.835038530915675370e-01 -9.604423814543112670e-01 -1.307475378159694834e-02 2.781717064979330467e-01 6.283575954093644000e+00
2.678925346005155972e-01 -5.224009335251475483e-02 9.620314687696127631e-01 1.016999807727705019e+01 8.651839454724880073e-04 9.985415483288008209e-01 5.398173467211132143e-02 4.181572369805741651e-01 -9.634484198944074373e-01 -1.362896866187796735e-02 2.675470222309494495e-01 6.463751652766469569e+00
2.573814684507858552e-01 -5.428988314453989106e-02 9.647835884440951748e-01 1.087448287089378063e+01 -5.521356694992394658e-05 9.984196776425544595e-01 5.619736832686414441e-02 4.478863790891829399e-01 -9.663098846471086523e-01 -1.451742944952204989e-02 2.569717238752334265e-01 6.650072906935171169e+00
2.473845324685670921e-01 -5.588535613579229122e-02 9.673043493189380504e-01 1.159769152859767871e+01 -3.931514974355359085e-04 9.983293581793805105e-01 5.777835223440014323e-02 4.770919043376087854e-01 -9.689173107747457436e-01 -1.467376692781238029e-02 2.469492687595134239e-01 6.851835051177364910e+00
2.366256123496068009e-01 -5.705923801872915535e-02 9.699239903107484961e-01 1.236202955059428987e+01 -1.197033593692286646e-03 9.982562001645294281e-01 5.901801336341826187e-02 5.031262257407193017e-01 -9.716001766975612686e-01 -1.512620427131923517e-02 2.361446814655515647e-01 7.028424020979676889e+00
2.268337585748307628e-01 -6.000500726448163707e-02 9.720832418215059612e-01 1.313828566531785036e+01 -2.234951177410575592e-03 9.980655399090380131e-01 6.213037095303765994e-02 5.381083836610216498e-01 -9.739309357946074330e-01 -1.626582327581838766e-02 2.262608481018103523e-01 7.220138609077600300e+00
2.157478662434883510e-01 -6.347648519562260061e-02 9.743836913147924106e-01 1.390234589159197576e+01 -4.115232467921134916e-03 9.978168060002604589e-01 6.591423578225134861e-02 5.880985888820328134e-01 -9.764404435893424550e-01 -1.823067026498673138e-02 2.150156249427117583e-01 7.378975422469933321e+00
2.029105332768725289e-01 -6.747536295812614493e-02 9.768696815012529733e-01 1.468391160171651144e+01 -4.187211350925508849e-03 9.975540477547811813e-01 6.977384192679790542e-02 6.241444437418652846e-01 -9.791883371581556750e-01 -1.824820642356715650e-02 2.021316888325617456e-01 7.544662044374625509e+00
1.898483870809093144e-01 -6.977010523867760439e-02 9.793312544750324422e-01 1.548001531521657981e+01 -5.090981213122627684e-03 9.973885006665992314e-01 7.204346323290049259e-02 6.606642573257904827e-01 -9.818002285519603634e-01 -1.866309144153327493e-02 1.889973984821350927e-01 7.673632032568922234e+00
1.762527324802153073e-01 -7.063975076272509257e-02 9.818069990863358409e-01 1.629993244643063477e+01 -5.624917257960518509e-03 9.973331339731414946e-01 7.276661412543775076e-02 7.028578733251417132e-01 -9.843288838690016362e-01 -1.834789682790368553e-02 1.753853459317310515e-01 7.825803291018347707e+00
1.622659937546500064e-01 -6.976692145874123507e-02 9.842775560716598982e-01 1.708030257585871681e+01 -7.174298398333698451e-03 9.973875629511882446e-01 7.187891668038784432e-02 7.337002312258558145e-01 -9.867209807215104878e-01 -1.872500386138838471e-02 1.613415539735285065e-01 7.968529802295127418e+00
1.458546015623820857e-01 -6.872611826019184300e-02 9.869159737301741453e-01 1.787731522082715330e+01 -8.768540994060899582e-03 9.974551178016846098e-01 7.075592282726429760e-02 7.754600957861478294e-01 -9.892671858703557808e-01 -1.897388922661612590e-02 1.448807896198676115e-01 8.076524051401861470e+00
1.253372706506722389e-01 -6.730715974962993287e-02 9.898284184821428688e-01 1.870587215967463735e+01 -1.143005872394495769e-02 9.975318882148647148e-01 6.927832066707155512e-02 8.176995581215275033e-01 -9.920483554542376403e-01 -1.999695170432152364e-02 1.242585980852079636e-01 8.176396484559710132e+00
9.965133334254044906e-02 -6.599561206518116119e-02 9.928313925401188733e-01 1.950287049888999746e+01 -1.535506023280067481e-02 9.975772103308230276e-01 6.785227723563165558e-02 8.586799896829803158e-01 -9.949039406740293190e-01 -2.200655487111828623e-02 9.839653113701039844e-02 8.252000695779809547e+00
7.019322996043951546e-02 -6.539107257933246542e-02 9.953878143842489479e-01 2.036328721656989060e+01 -1.968825270975444949e-02 9.975639142661201220e-01 6.692241509186022674e-02 9.036896505296626581e-01 -9.973391100818613797e-01 -2.429494646273314476e-02 6.873479588282570274e-02 8.332537411164253172e+00
3.670753994188618446e-02 -6.526208465940140646e-02 9.971927595176464099e-01 2.118555911734183894e+01 -2.231067459093779778e-02 9.975630405390132349e-01 6.610759365588533831e-02 9.403582291839429619e-01 -9.990769778412443847e-01 -2.467468945193839955e-02 3.516204262905129468e-02 8.339967376163388124e+00
1.974783381037326178e-03 -6.470173261726856750e-02 9.979026850185053199e-01 2.204826069203267735e+01 -2.408926009765430254e-02 9.976119800615977917e-01 6.473055523029941360e-02 9.765559952909765862e-01 -9.997078698779003902e-01 -2.416656530306635423e-02 4.114492999015147384e-04 8.324158367423143190e+00
-3.267383985393566836e-02 -6.346079970677222237e-02 9.974493118921279322e-01 2.289496109439205540e+01 -2.573513557500470283e-02 9.977047061691176610e-01 6.263403297214437115e-02 1.005951744028189987e+00 -9.991346957430708997e-01 -2.362299804754612945e-02 -3.423201746785833888e-02 8.276203099495671012e+00
-6.476309103565563996e-02 -6.169086953308158816e-02 9.959919484430601599e-01 2.370956306641507538e+01 -2.791402103354340136e-02 9.978087032688529590e-01 5.998832486842544526e-02 1.039255776348866123e+00 -9.975101837188726783e-01 -2.391710999515365282e-02 -6.634321750659630257e-02 8.215426087056926008e+00
-9.663723185874879829e-02 -5.874978547788194116e-02 9.935842646048861360e-01 2.452212825600479462e+01 -2.950865847894415875e-02 9.979867402232567297e-01 5.614005193993003295e-02 1.081549484183847998e+00 -9.948821545867145844e-01 -2.389411866091912043e-02 -9.817630475006332291e-02 8.142835485966736897e+00
-1.286925703023071854e-01 -5.427339873975160767e-02 9.901982646705563829e-01 2.536797309949167456e+01 -2.670627735417589049e-02 9.983288060959426558e-01 5.124811886534576949e-02 1.104610362285090464e+00 -9.913248781066861248e-01 -1.984925646038053146e-02 -1.299269418868566062e-01 8.019687349505964846e+00
-1.610157176850471328e-01 -4.870095144026446304e-02 9.857495315320603524e-01 2.622949929512482825e+01 -2.273144287433625718e-02 9.986998506736749492e-01 4.562773044167222486e-02 1.118978789666023932e+00 -9.866900409008215744e-01 -1.506072647021000112e-02 -1.619134174823172456e-01 7.901947916244364656e+00
-1.921818640321700244e-01 -4.258788971534895745e-02 9.804347942912980951e-01 2.708435522896700220e+01 -1.647617564579628366e-02 9.990571216399722898e-01 4.016719239635829081e-02 1.139934294965173178e+00 -9.812210164843444549e-01 -8.434408986688348223e-03 -1.927023468349739477e-01 7.704529791584642240e+00
-2.212943610372767045e-01 -3.683040070706340013e-02 9.745113188629349610e-01 2.789871621435699467e+01 -1.116183350600471330e-02 9.993167828790766594e-01 3.523323617380686584e-02 1.146056415753501589e+00 -9.751431871348672509e-01 -3.080415576268834710e-03 -2.215542651066154112e-01 7.490391204785792567e+00
-2.487347987601115362e-01 -3.041196930152251926e-02 9.680940529865166289e-01 2.868817022028424191e+01 -1.595707724021473229e-03 9.995184470289765200e-01 3.098915541284532477e-02 1.177990219673597849e+00 -9.685703224386965626e-01 6.163287282910008720e-03 -2.486635497502985015e-01 7.271798091883852067e+00
-2.752927539524950840e-01 -2.020937500926281438e-02 9.611479929783331988e-01 2.950866302850648637e+01 4.298460284597721733e-03 9.997431516010745201e-01 2.225205718653901904e-02 1.175561361473567601e+00 -9.613508404782494798e-01 1.025728771150104766e-02 -2.751351776021661033e-01 7.036054491851501780e+00
-3.000904163326537089e-01 -5.090728931490130782e-03 9.538971696912922349e-01 3.031821222810511784e+01 8.763489581219212690e-03 9.999288470694556175e-01 8.093332497326360606e-03 1.167323548653061316e+00 -9.538705145993242596e-01 1.078820054883863726e-02 -3.000244528099669239e-01 6.757956083928986502e+00
-3.248058519322278848e-01 1.174904964796169397e-02 9.457077257109486323e-01 3.107987817866765212e+01 9.322737723056927911e-03 9.999140301771246575e-01 -9.220564016460635476e-03 1.131409129033892791e+00 -9.457347726294662582e-01 5.821692998479978225e-03 -3.248874630686833798e-01 6.475843588828062103e+00
-3.498847402241911930e-01 2.629564209727958818e-02 9.364236178823160950e-01 3.185891478530015775e+01 8.370406670267241389e-03 9.996538143919185826e-01 -2.494368954631313168e-02 1.100172882689776088e+00 -9.367553680538360794e-01 -8.891688577429936787e-04 -3.499837216984246213e-01 6.186412085904425595e+00
-3.741459462864697993e-01 3.716284771991740232e-02 9.266249070038998781e-01 3.263676209668452088e+01 1.207564386841753976e-02 9.993072590959305446e-01 -3.520199877297872093e-02 1.063327216332267566e+00 -9.272912186009212299e-01 -1.981091807319795145e-03 -3.743355267048027457e-01 5.860044020945508692e+00
-3.981645721199232324e-01 4.194374873648902546e-02 9.163545604225541430e-01 3.340897916070009899e+01 1.597577462790832764e-02 9.991196490619740356e-01 -3.879048142661823545e-02 1.018613056201460365e+00 -9.171748809106480271e-01 -8.055205441932275891e-04 -3.984841327336347550e-01 5.529830602055499256e+00
-4.205412521000369552e-01 4.114725996027501775e-02 9.063398609416307705e-01 3.412547369313968915e+01 1.827439131304093439e-02 9.991525384706851920e-01 -3.688158690939819656e-02 9.634814068493555705e-01 -9.070893647268081228e-01 1.052581512605968005e-03 -4.209368019746493883e-01 5.162852446584206945e+00
-4.409772288455134359e-01 3.792532522609136370e-02 8.967166435837452543e-01 3.487547137138496822e+01 2.230023401256143317e-02 9.992613651426777155e-01 -3.129574500759848416e-02 9.336829348051065569e-01 -8.972412142606638330e-01 6.196281098835128981e-03 -4.414972525841125428e-01 4.811030251720704420e+00
-4.596818881868651174e-01 3.670809188001065981e-02 8.873246663264282574e-01 3.560545636466031993e+01 2.958244685173058025e-02 9.992238262639813184e-01 -2.601199368011076346e-02 9.049938530506650425e-01 -8.875908142582757954e-01 1.429199349183586827e-02 -4.604110116058904856e-01 4.414597284792364462e+00
-4.737637304757322254e-01 3.738961155668502068e-02 8.798579036743078285e-01 3.631177993420214989e+01 3.286161010750366512e-02 9.991530565968558264e-01 -2.476457188697814282e-02 8.539890591545945542e-01 -8.800386668011203062e-01 1.718099252069470173e-02 -4.745911634867214790e-01 4.035940815451228403e+00
-4.843326079771681503e-01 4.065255785528713861e-02 8.739389455713640897e-01 3.699237573869499585e+01 3.560062253292997636e-02 9.990082747921470441e-01 -2.674065283949627822e-02 8.009164499920456981e-01 -8.741593293752910609e-01 1.816140149269221404e-02 -4.852995407202011502e-01 3.602375426766866617e+00
-4.942574144686492921e-01 4.336437908637102295e-02 8.682333357056560841e-01 3.769064825022634579e+01 3.698241963754466538e-02 9.988997392624955340e-01 -2.883767464175105225e-02 7.647608078497215578e-01 -8.685285955623914811e-01 1.785613615111939639e-02 -4.953173233303562739e-01 3.230148355290872964e+00
-5.051562907381896839e-01 4.267008196427231337e-02 8.619723734399861170e-01 3.840064120597896391e+01 3.137514207031071034e-02 9.990247374656783252e-01 -3.106725507648127466e-02 6.971614568362276554e-01 -8.624573813402367506e-01 1.135068737019538296e-02 -5.060024118329010667e-01 2.848052112039141548e+00
-5.162724309488054830e-01 4.126695652616015064e-02 8.554296008841983934e-01 3.907477008122385342e+01 2.935227930066727081e-02 9.991042084224163178e-01 -3.048318162227899031e-02 6.866713062927992661e-01 -8.559212772096058686e-01 9.371183296621116501e-03 -5.170212388930789382e-01 2.410078070588734356e+00
-5.251499897348949064e-01 4.250918604315482435e-02 8.499473185245868256e-01 3.976741634180115881e+01 3.130371081663239213e-02 9.990406469019085245e-01 -3.062455670678490560e-02 6.370076686874015515e-01 -8.504337586420933626e-01 1.052402044244121933e-02 -5.259768819304708742e-01 1.987146863787206064e+00
-5.321777825647641125e-01 4.570717873233379885e-02 8.453979232112937003e-01 4.045376632954438634e+01 3.539096791663330632e-02 9.988698262688235907e-01 -3.172616428461359772e-02 5.980521382885206627e-01 -8.458926048031440992e-01 1.303549205044396246e-02 -5.331939517029125053e-01 1.545426444935301902e+00
-5.357931106993124581e-01 4.900159033423909932e-02 8.429261970987481645e-01 4.112890847162542940e+01 3.631856081988838608e-02 9.987281014088499331e-01 -3.497344041077192489e-02 5.686249297151895199e-01 -8.435678492700428022e-01 1.187533894326664105e-02 -5.368913046245857856e-01 1.095595294595518743e+00
-5.352067488395246819e-01 5.045246699979156341e-02 8.432130642048922819e-01 4.185276401142675695e+01 3.537087943284582953e-02 9.986777907906660978e-01 -3.730376666794471552e-02 5.124228677889873795e-01 -8.439802418023534258e-01 9.859960949946693434e-03 -5.362836428642692166e-01 6.575039937058739792e-01
-5.323110434542616121e-01 5.126651354010226813e-02 8.449950796491789706e-01 4.257596045295617415e+01 3.805056252869863653e-02 9.986047422179339383e-01 -3.661589062098553893e-02 4.865966112779830377e-01 -8.456932773924590308e-01 1.266149619520670275e-02 -5.335190531997833219e-01 2.030606185437283384e-01
-5.264099653018952107e-01 5.035147113088227905e-02 8.487386315615261800e-01 4.333155487766973835e+01 3.639659459780971579e-02 9.986643451901606738e-01 -3.667169868664051091e-02 4.356591479234566133e-01 -8.494514984195876695e-01 1.158684927690561452e-02 -5.275394865794014176e-01 -2.478527487148090291e-01
-5.192733932838514699e-01 4.901543031210683909e-02 8.532013932307975779e-01 4.408259938365493724e+01 3.429542567971204797e-02 9.987448556531633992e-01 -3.650393161877539538e-02 3.920073487177871963e-01 -8.539197730339438408e-01 1.030538554168914864e-02 -5.203026364708099871e-01 -6.962977650091599635e-01
-5.122323250143347995e-01 4.834047650427747422e-02 8.574854110780676386e-01 4.487338339586178648e+01 3.249931330476887870e-02 9.987906362479649358e-01 -3.689254016978602696e-02 3.451034420927302504e-01 -8.582318171410281415e-01 8.970136403686646692e-03 -5.131838833085657914e-01 -1.175341602109546857e+00
-5.058921430160573385e-01 4.674294263460788967e-02 8.613293351026531930e-01 4.566565590388331231e+01 2.956204749137121557e-02 9.988836479616123309e-01 -3.684485213995099262e-02 2.944930646851567912e-01 -8.620900400844361267e-01 6.823138487760038381e-03 -5.067092075957345676e-01 -1.627662430457824438e+00
-5.014888933711506569e-01 4.439222276295812231e-02 8.640244249243972385e-01 4.646636062613159623e+01 2.518603521630378636e-02 9.990085556532392053e-01 -3.670925379708860070e-02 2.494124672797157216e-01 -8.647974131396437558e-01 3.352067488426680852e-03 -5.021097603467931103e-01 -2.081608245718896910e+00
-4.998792781097109450e-01 4.166032320439488901e-02 8.650925448981598986e-01 4.731677431122820821e+01 2.034860798940873322e-02 9.991316688861177076e-01 -3.635714980485875436e-02 2.094632886767021640e-01 -8.658560237265404691e-01 -5.707558035040737618e-04 -5.002929481840856507e-01 -2.549086966334085602e+00
-5.001715471438924476e-01 3.892828885478166745e-02 8.650508645198744517e-01 4.814770975721337720e+01 1.771159312225419405e-02 9.992399090132387807e-01 -3.472612373184857243e-02 1.575883131531336523e-01 -8.657451907168641769e-01 -2.047589178182241797e-03 -5.004808544909254975e-01 -3.057827434047992732e+00
-5.010510492740086752e-01 3.812787908231277806e-02 8.645774096768746864e-01 4.901778309555536595e+01 1.648072676663962788e-02 9.992682264826237004e-01 -3.451662142731157928e-02 1.210700755274322221e-01 -8.652607953704080090e-01 -3.045724422367383343e-03 -5.013127697605538335e-01 -3.535061849530508837e+00
-5.015203325109391930e-01 3.725638589983314153e-02 8.643432791777796442e-01 4.987427238470701951e+01 1.628084209851112657e-02 9.993018385722234331e-01 -3.362691741290040059e-02 6.382707494675020354e-02 -8.649926604248119322e-01 -2.792345448600849073e-03 -5.017767569130215932e-01 -4.034513904999435852e+00
-5.017183626300747434e-01 3.660574686926593851e-02 8.642561485869132420e-01 5.074075092142327748e+01 1.628034448654462618e-02 9.993268454301021952e-01 -3.287561945265204261e-02 2.363872260198032760e-02 -8.648778221862929438e-01 -2.423913228432260283e-03 -5.019765840079960517e-01 -4.528319158261302491e+00
-5.020369620457763027e-01 3.616414837781956743e-02 8.640897115409748031e-01 5.164905017384062802e+01 1.669803929159405578e-02 9.993444199133280081e-01 -3.212329123571221884e-02 -2.347933520160858101e-02 -8.646849579724310564e-01 -1.698474671086757292e-03 -5.023117081982990673e-01 -5.033290516813126558e+00
-5.025740363548500955e-01 3.577400628706777636e-02 8.637936935076361289e-01 5.254423221950330003e+01 1.620813664325559261e-02 9.993577805004097980e-01 -3.195814182044058593e-02 -8.143474225306804315e-02 -8.643822340837210572e-01 -2.060845199397360987e-03 -5.028311047074703888e-01 -5.539374639698777081e+00
-5.027389826818909890e-01 3.403535918226932577e-02 8.637679642733878671e-01 5.342053298621303270e+01 1.438368008885145856e-02 9.994156176141402170e-01 -3.100859539201514248e-02 -1.328408674880042495e-01 -8.643185971327974615e-01 -3.165066727890893626e-03 -5.029347458102126911e-01 -6.053255830629909795e+00
-5.028882251553786764e-01 3.337313056675365874e-02 8.637069257829841362e-01 5.433414326303150688e+01 1.405540185628076193e-02 9.994379500273371519e-01 -3.043402202651043081e-02 -1.816000635388589357e-01 -8.642371728796351960e-01 -3.165162488134711048e-03 -5.030746508196335398e-01 -6.553781375355435479e+00
-5.022662808898331610e-01 3.245693793871552713e-02 8.641036493027633991e-01 5.523675574831364798e+01 1.277322777014188761e-02 9.994647694383690384e-01 -3.011676076537617847e-02 -2.310291995559943523e-01 -8.646186674220878166e-01 -4.089239794898775864e-03 -5.024120337037909501e-01 -7.073379457425833294e+00
-5.010075701519396407e-01 3.121924333321635797e-02 8.648796216532995684e-01 5.612141949356209381e+01 1.231402652305798803e-02 9.995051389663286434e-01 -2.894549890799983163e-02 -2.863822976919503382e-01 -8.653552979823241342e-01 -3.851762573216946026e-03 -5.011440768358501607e-01 -7.581931102734825956e+00
-4.987577630088075309e-01 2.894385119485555838e-02 8.662580064456559814e-01 5.703062404253631712e+01 1.233702089010405706e-02 9.995780903950255425e-01 -2.629522950895543318e-02 -3.511926159688175120e-01 -8.666536240849820327e-01 -2.427905809068027151e-03 -4.989044144341379661e-01 -8.091890396170491329e+00
-4.964308355435050890e-01 2.769379290555274223e-02 8.676344078763215117e-01 5.792781569870897584e+01 1.326937804688216663e-02 9.996162980071870985e-01 -2.431420039336691652e-02 -3.869685843896001343e-01 -8.679748622824650095e-01 -5.573489163215118768e-04 -4.966078346713800884e-01 -8.586061733457896139e+00
-4.935753536117644114e-01 2.700279727891538237e-02 8.692837313405372690e-01 5.881840380041103344e+01 1.264673445099087634e-02 9.996350469333948885e-01 -2.387117566147757899e-02 -4.498120342339380073e-01 -8.696110871495233985e-01 -7.886225199025020168e-04 -4.937367202028705715e-01 -9.111093297740165298e+00
-4.914839576124877540e-01 2.728969688881599867e-02 8.704589468474578373e-01 5.970057965818405421e+01 1.295821338973756308e-02 9.996274278807651958e-01 -2.402269990941744565e-02 -5.061677695223597562e-01 -8.707902253878279097e-01 -5.271779051799625445e-04 -4.916544713335401218e-01 -9.627000156065333769e+00
-4.904075263089876513e-01 2.804052410425553546e-02 8.710420043972867399e-01 6.057625326013504719e+01 1.345625977512077825e-02 9.996067278070953632e-01 -2.460322684900122583e-02 -5.420751531188082728e-01 -8.713893502600319474e-01 -3.446391918528403549e-04 -4.905919844682704589e-01 -1.011402901059927828e+01
-4.909869535740989388e-01 2.898346050415331193e-02 8.706846482652653707e-01 6.148094659516613092e+01 1.258982117291014904e-02 9.995781052294663294e-01 -2.617456638515047382e-02 -5.855101219125333767e-01 -8.710759555560568801e-01 -1.889605665833514556e-03 -4.911447065562307146e-01 -1.061883748628093116e+01
-4.934488646440503001e-01 3.075686431017286143e-02 8.692308206738027510e-01 6.235640503867471551e+01 1.176422852844062963e-02 9.995191675254274655e-01 -2.868861540347062214e-02 -6.298997544462180409e-01 -8.696952531724444491e-01 -3.930533776636072237e-03 -4.935734304095368841e-01 -1.110871673222244738e+01
-4.982530826741253804e-01 3.136927023460087116e-02 8.664639755352150363e-01 6.324679858723420978e+01 1.031821040112895077e-02 9.994890487319002537e-01 -3.025187561810748979e-02 -6.910437302081023914e-01 -8.669702489343228402e-01 -6.132731797474175010e-03 -4.983221755797705987e-01 -1.159301132536495160e+01
-5.038911988813106202e-01 2.995609055440848212e-02 8.632475188669822552e-01 6.413130705003354137e+01 1.032837222815636939e-02 9.995359518890152284e-01 -2.865668487917269469e-02 -7.308156266384318034e-01 -8.637053876826075172e-01 -5.523908714322697464e-03 -5.039667679910816434e-01 -1.208526964687032645e+01
-5.093225025942953454e-01 2.813333100803105599e-02 8.601157425763852338e-01 6.497405669785423754e+01 1.364262712705266098e-02 9.996038562877749278e-01 -2.461725401207898178e-02 -7.811946442777685240e-01 -8.604675933856775760e-01 -8.038821305825688589e-04 -5.095045514427890554e-01 -1.260537591086432485e+01
-5.149431516897312600e-01 2.597036254661241189e-02 8.568308336422824079e-01 6.584167843268936338e+01 1.104340079323665527e-02 9.996590059367314041e-01 -2.366252582741031410e-02 -8.291101321754374975e-01 -8.571531986272206138e-01 -2.722528409412133636e-03 -5.150543614601028608e-01 -1.309462907740488369e+01
-5.192637013131071733e-01 2.801559020639670869e-02 8.541547412290354524e-01 6.667674524518930923e+01 1.165750450230713942e-02 9.996017469699048918e-01 -2.569922220512511207e-02 -8.893510965037620952e-01 -8.545345651850071444e-01 -3.387359601897121930e-03 -5.193834960417040847e-01 -1.361744440406249801e+01
-5.237355156762074637e-01 2.996042422126810739e-02 8.513539037557622535e-01 6.750240230870261371e+01 1.186045131368111856e-02 9.995409390340881384e-01 -2.787903992160801342e-02 -9.226684514520593350e-01 -8.517983630167839104e-01 -4.503800937728219371e-03 -5.238504344956336212e-01 -1.415631483474336427e+01
-5.294728315267721586e-01 3.037913412291127699e-02 8.477827645255667788e-01 6.836858629262887632e+01 1.075364122807453450e-02 9.995186494634770158e-01 -2.910031879537763877e-02 -9.741448660532088244e-01 -8.482587410053353816e-01 -6.291075635300649033e-03 -5.295446569976887119e-01 -1.466418352951158433e+01
-5.332187079853424327e-01 3.093326334905785110e-02 8.454116924208558981e-01 6.918355311585663969e+01 1.012307109213570269e-02 9.994930297806935426e-01 -3.018620266161206600e-02 -1.020000499301491281e+00 -8.459168662651516124e-01 -7.537684464767593559e-03 -5.332615227939538904e-01 -1.514914558175400039e+01
-5.365772763096666731e-01 3.014594918826397907e-02 8.433125371790944902e-01 6.999640684955653569e+01 9.691236710753487957e-03 9.995159229766623632e-01 -2.956348470238476245e-02 -1.081024373155915264e+00 -8.437955428661529922e-01 -7.690351830395963581e-03 -5.366096842953115287e-01 -1.569545411834901927e+01
-5.392711675124240989e-01 2.336140520022891506e-02 8.418080777374663537e-01 7.083270922752033982e+01 1.139528267765800920e-02 9.997260593091521486e-01 -2.044391965833011748e-02 -1.126821568649003513e+00 -8.420550855197777018e-01 -1.432174505054885968e-03 -5.393896501965638191e-01 -1.622506056654890116e+01
-5.413561188164925930e-01 1.617504621237570231e-02 8.406377981248256415e-01 7.162770239628666502e+01 1.277751357659636863e-02 9.998577456061840119e-01 -1.101016243337864416e-02 -1.146659241537093088e+00 -8.406963181503529503e-01 4.780843048660926749e-03 -5.414857865847563234e-01 -1.674369712896309181e+01
-5.427792682721852557e-01 1.376490394413496486e-02 8.397625738937126716e-01 7.246644294146001641e+01 1.342748395740919753e-02 9.998801172876512489e-01 -7.710622864416739018e-03 -1.169565243989007186e+00 -8.397680514074451485e-01 7.090733247527510746e-03 -5.428990276290166506e-01 -1.725785209430185674e+01
-5.438132372690960281e-01 1.790526687899902936e-02 8.390152272585074122e-01 7.326653173977905453e+01 1.243595053617489385e-02 9.998345226708270639e-01 -1.327683656035564402e-02 -1.228790821825346491e+00 -8.391141290924329921e-01 3.213833350474211859e-03 -5.439459187002949614e-01 -1.776618406333374978e+01
-5.450721166146259566e-01 2.261839622691991930e-02 8.380839952253043013e-01 7.406460521311235823e+01 1.251954139297042218e-02 9.997441463019364205e-01 -1.883886930801369902e-02 -1.278697933122206365e+00 -8.382956878603208262e-01 2.238858250111965681e-04 -5.452158310247537942e-01 -1.829427489614743507e+01
-5.459334642159141548e-01 2.865047361695173198e-02 8.373385159216744089e-01 7.486031943702984393e+01 1.943447211684109707e-02 9.995792764717135181e-01 -2.153070618040050718e-02 -1.305569667781757648e+00 -8.376031073416515538e-01 4.518899986993850197e-03 -5.462605851720772066e-01 -1.882080180962899618e+01
-5.456040954512457741e-01 2.951141380041267387e-02 8.375232741319404983e-01 7.565416605311970955e+01 2.289579828864798244e-02 9.995316437487740124e-01 -2.030456912468169353e-02 -1.344304277095089706e+00 -8.377302459230346887e-01 8.097508867184965986e-03 -5.460242469192949644e-01 -1.933431256737518567e+01
-5.452035153206691298e-01 2.634649191136755053e-02 8.378895968232604741e-01 7.644215246395154395e+01 2.272067596458000188e-02 9.996032395133533921e-01 -1.664735416551105934e-02 -1.364484495819322740e+00 -8.379957692378535716e-01 9.961223022658548601e-03 -5.455858113936465914e-01 -1.987482909884471738e+01
-5.444519317150827709e-01 2.151579095392110869e-02 8.385160415818441182e-01 7.726072600187485762e+01 2.045839356749932711e-02 9.997141986310581485e-01 -1.236831251597000046e-02 -1.404597095148533370e+00 -8.385425211028058046e-01 1.042074056898012642e-02 -5.447365063068647650e-01 -2.039009010827013668e+01
-5.436119314274358016e-01 1.548447386469941310e-02 8.391938311589081101e-01 7.805140705786368471e+01 1.865998913780530719e-02 9.998056556880425827e-01 -6.360473935617938328e-03 -1.437816633230587726e+00 -8.391292417425194605e-01 1.220171929307294414e-02 -5.437952248351516360e-01 -2.088884164915856445e+01
-5.426899315326936257e-01 9.052810567728766453e-03 8.398843205981295634e-01 7.888957619752176242e+01 1.002688321687910875e-02 9.999404877163545757e-01 -4.299141945953531899e-03 -1.468465278728801060e+00 -8.398732710288044911e-01 6.088321939017918814e-03 -5.427484074704324035e-01 -2.140796579723805593e+01
-5.418785311909601887e-01 4.291205818111194434e-03 8.404458519859752119e-01 7.965130372276136939e+01 2.427373117467145850e-03 9.999907853675000791e-01 -3.540767715183799989e-03 -1.480613995933003801e+00 -8.404533163015688313e-01 1.214105969509305321e-04 -5.418839555177025202e-01 -2.187355745830098286e+01
-5.403218381414313098e-01 4.259234552686600242e-03 8.414476556826531173e-01 8.041145668485411591e+01 4.956825326596677427e-03 9.999859499370356009e-01 -1.878776884889504740e-03 -1.505241825259510557e+00 -8.414438500134686638e-01 3.155765837401041350e-03 -5.403353600494525955e-01 -2.238396702944919880e+01
-5.368310259627163683e-01 7.720699252315983349e-03 8.436544478711328621e-01 8.127821026409890237e+01 1.057827665694014395e-02 9.999411205121238044e-01 -2.419825134696832695e-03 -1.531081581268833203e+00 -8.436234712846494288e-01 7.625373949635273589e-03 -5.368810905052803228e-01 -2.291134662117303833e+01
-5.319768750783567812e-01 1.108474127030567927e-02 8.466863172719772956e-01 8.205783294990133925e+01 1.164077259797075513e-02 9.999155566183767219e-01 -5.776852625807297331e-03 -1.560095467171081607e+00 -8.466788697981667555e-01 6.782931872629691453e-03 -5.320609892948262587e-01 -2.339195528213341646e+01
-5.239202816658673489e-01 1.323594160825044760e-02 8.516644498464585045e-01 8.280493268306238974e+01 1.658006328409596108e-02 9.998482851108221325e-01 -5.339310324140679465e-03 -1.588113089507380282e+00 -8.516059252228243004e-01 1.132327854939072127e-02 -5.240602491055836865e-01 -2.386269120405998834e+01
-5.156408853368068534e-01 1.485115971359785188e-02 8.566760806199156253e-01 8.361256266680294402e+01 2.322312282359587782e-02 9.997246846740671655e-01 -3.352816960325191546e-03 -1.614142821872598388e+00 -8.564900326302855582e-01 1.816584544292114412e-02 -5.158438130096549834e-01 -2.435226161967792180e+01
-5.060596246267561327e-01 1.529055634718991079e-02 8.623629408372346372e-01 8.441867451995538829e+01 2.271069795520589199e-02 9.997324008718833088e-01 -4.398955343110185628e-03 -1.631383373991967867e+00 -8.621994506834169680e-01 1.735873169242554970e-02 -5.062714639323832033e-01 -2.481549416808854147e+01
-4.945075191215341781e-01 1.194410840104017345e-02 8.690912714626339852e-01 8.526026496335767035e+01 1.746110939528541448e-02 9.998403001713328520e-01 -3.805756525344909484e-03 -1.678236866034010122e+00 -8.689979491611482532e-01 1.329332362282319158e-02 -4.946371049610672754e-01 -2.528586444173853209e+01
-4.832140606347916090e-01 9.348784482450292130e-03 8.754523162200018582e-01 8.605620082171846263e+01 1.940209555914776396e-02 9.998117610865516758e-01 3.237402824392411171e-05 -1.689854632297483006e+00 -8.752872345386817354e-01 1.700125419800454715e-02 -4.833044881860055209e-01 -2.574967676806256733e+01
-4.722407111973717098e-01 8.311445593322395325e-03 8.814304377137666124e-01 8.685793330516338528e+01 1.941544074944946338e-02 9.998110277065009877e-01 9.744249224032907860e-04 -1.713047441568351426e+00 -8.812557881757988598e-01 1.757352468249082783e-02 -4.723128424059623298e-01 -2.615237408036750111e+01
-4.598246718684081968e-01 7.350368073448044007e-03 8.879792953714692461e-01 8.771450683316878383e+01 1.899242648573606224e-02 9.998184124852571575e-01 1.558768464939845827e-03 -1.732902859626872516e+00 -8.878066072827226485e-01 1.758164281754508868e-02 -4.598807760228513786e-01 -2.656045822515032029e+01
-4.479663767343188274e-01 8.365344515614667534e-03 8.940112593977788125e-01 8.851144891450583430e+01 2.222446057302473674e-02 9.997514191568003250e-01 1.781350260501751584e-03 -1.741501276999439130e+00 -8.937741392089120218e-01 2.066690417156656981e-02 -4.480409374013060164e-01 -2.698587581080785469e+01
