1.000000000000000000e+00 -3.306050084167601550e-19 -2.270457535318767223e-19 -8.673617379884035472e-19 7.546676715296109287e-19 1.000000000000000000e+00 6.237773588823049983e-19 1.387778780781445676e-17 -3.447385680526250622e-20 4.770700176052009879e-20 1.000000000000000222e+00 5.551115123125782702e-17
9.999315190217911153e-01 -2.319697415842835765e-03 1.146512938163340121e-02 1.484756964209185161e-02 2.305307144857692177e-03 9.999965528878133059e-01 1.267714949253229053e-03 2.763261708846276310e-03 -1.146803326609511023e-02 -1.241181401874238586e-03 9.999334068959379040e-01 3.039517790765521310e-01
9.998352232223294278e-01 -4.726631418149562086e-03 1.751928080943993341e-02 2.705245838460131405e-02 4.700243676508768925e-03 9.999877705193085387e-01 1.546675555731988382e-03 -1.233721166358354993e-02 -1.752638058531964110e-02 -1.464016042521852634e-03 9.998451872008977670e-01 5.832229854084649556e-01
9.997708386836402505e-01 -8.231730970522193463e-03 1.976109514661801569e-02 4.003772543686777430e-02 8.227528957211283772e-03 9.999660949642940055e-01 2.940565072726182300e-04 -1.577306391798791174e-02 -1.976284605889540649e-02 -1.314027516144674419e-04 9.998047066337432121e-01 8.843323445842222741e-01
9.997877092770660612e-01 -9.361156114531208119e-03 1.834730483614648716e-02 4.501358397987738347e-02 9.382017759911666019e-03 9.999553977642078317e-01 -1.050774973743926616e-03 -1.802660801046802874e-02 -1.833664811213234561e-02 1.222803155509196620e-03 9.998310177718062741e-01 1.193657011024817249e+00
9.998588547982867336e-01 -1.187929296418019191e-02 1.187766120574217966e-02 3.865661621312742324e-02 1.191765652188972457e-02 9.999239730344351429e-01 -3.164383185374604768e-03 -2.064844012582310595e-02 -1.183916760180610608e-02 3.305532637659979421e-03 9.999244537567864022e-01 1.514049907557191155e+00
9.999101183008834992e-01 -1.330818335952548351e-02 -1.641059495566484601e-03 3.178112656670208092e-02 1.330029720298504976e-02 9.999003625475877399e-01 -4.728373046998570958e-03 -3.191001340890817217e-02 1.703798084556918183e-03 4.706126192183767744e-03 9.999874594057404087e-01 1.836681788816869165e+00
9.997867038172618681e-01 -1.225303800878674472e-02 -1.662571890952345074e-02 1.141714941991133977e-02 1.216830827891214085e-02 9.999125435063108691e-01 -5.188021449493323764e-03 -4.032326410753502011e-02 1.668780389032952644e-02 4.984616543287734118e-03 9.998482938179376056e-01 2.168195760652922299e+00
9.993573296518604154e-01 -7.565033615496668043e-03 -3.503107037107572319e-02 -2.079481900672556713e-02 7.391954054261804311e-03 9.999598244001813852e-01 -5.066789253071104365e-03 -4.343241827471377992e-02 3.506799954802124197e-02 4.804511346801696760e-03 9.993730934836639879e-01 2.513509265774593437e+00
9.985193046331771738e-01 -4.119471659952423856e-03 -5.424999270915876332e-02 -6.489177426542885874e-02 3.804019975248351757e-03 9.999752390492898657e-01 -5.918407690484362924e-03 -5.072744011260982289e-02 5.427302454543411064e-02 5.703366605044282549e-03 9.985102633129250282e-01 2.866542646941479866e+00
9.972375065569574204e-01 -3.334246414832865019e-03 -7.420131759239480262e-02 -1.124915578094045771e-01 2.836103446703431598e-03 9.999727652200730565e-01 -6.818855855635892402e-03 -5.720470515812638157e-02 7.422203609663136081e-02 6.589564377672258062e-03 9.972197933779990420e-01 3.228102664763592866e+00
9.952656719923936857e-01 -4.409446556510716875e-03 -9.707724269318784849e-02 -1.640366655109845861e-01 3.788834356656175986e-03 9.999711869118589336e-01 -6.575242256179784223e-03 -6.132504152149746701e-02 9.710343833032607230e-02 6.176393528599016629e-03 9.952536968589923427e-01 3.609749405141908785e+00
9.932849187059872298e-01 -6.028130274380290657e-03 -1.155350342776842315e-01 -2.275928865465856876e-01 5.435580262571348964e-03 9.999703939676829467e-01 -5.442093512067346268e-03 -6.700325096066971076e-02 1.155644334257793782e-01 4.777639939467397297e-03 9.932882831171933047e-01 3.993341125937578173e+00
9.911114297975421872e-01 -3.242210847075865324e-03 -1.330098014465410650e-01 -2.994737845602234994e-01 2.721383402703987740e-03 9.999879333090282429e-01 -4.098312002545869553e-03 -7.681743897776553698e-02 1.330214823273704605e-01 3.700069113389699380e-03 9.911082331954622626e-01 4.393560124847578408e+00
9.888473421140238084e-01 -2.074676874072856319e-03 -1.489502259826469832e-01 -3.831592184484216568e-01 1.584784249753255943e-03 9.999929621002442426e-01 -3.406714940298354727e-03 -8.208690317724014196e-02 1.489562578479771970e-01 3.132630364469480601e-03 9.888436571771812567e-01 4.809658707448781989e+00
9.866032252698037075e-01 -1.801403591003724507e-03 -1.631528224894150669e-01 -4.677034350899939574e-01 1.269853006802079557e-03 9.999935132324312415e-01 -3.363375611972470140e-03 -9.039521070937979463e-02 1.631578450699177618e-01 3.111286746983221805e-03 9.865991719515615488e-01 5.230291613842700471e+00
9.844717781583893768e-01 -3.185524450802059218e-03 -1.754893349646239886e-01 -5.496807936896278557e-01 2.534025253758715509e-03 9.999890230896973931e-01 -3.936162213397284212e-03 -9.610797504394756607e-02 1.754999660166944031e-01 3.430065819487567585e-03 9.844690259652009168e-01 5.669311679774251544e+00
9.827507729213741383e-01 -6.515892012161742658e-03 -1.847886681641054130e-01 -6.398861927776882119e-01 5.508997500837807711e-03 9.999670858752025548e-01 -5.961277364173945409e-03 -1.097029221154453421e-01 1.848214250730157993e-01 4.840432774156423409e-03 9.827543029732903612e-01 6.113232091063048657e+00
9.816167715467288835e-01 -5.365750631323636458e-03 -1.907451264893249010e-01 -7.395038281048194051e-01 3.965264046788317606e-03 9.999623094417170455e-01 -7.722307459275018493e-03 -1.185031113642216610e-01 1.907793803057213355e-01 6.824066773569440435e-03 9.816010437712283654e-01 6.576053646482646009e+00
9.800734342633510288e-01 -5.507839302693600704e-03 -1.985707747535954415e-01 -8.494569644095010252e-01 3.589530409679340429e-03 9.999433611102472863e-01 -1.002048207937981592e-02 -1.204189167409493444e-01 1.986147146825102128e-01 9.108321077368461416e-03 9.800376618140544949e-01 7.053934218662023525e+00
9.783634011666901831e-01 -6.116245510746072360e-03 -2.068124350499035147e-01 -9.592835594076347672e-01 3.588853667660706157e-03 9.999142353560646068e-01 -1.259394011929973640e-02 -1.290643188801270380e-01 2.068717509337005545e-01 1.157920298120179714e-02 9.783014526419792078e-01 7.538566400147956870e+00
9.764913806988736455e-01 -9.927095709814308389e-03 -2.153745997122757383e-01 -1.071953360905044006e+00 6.967516770031264434e-03 9.998705201281060662e-01 -1.449724963239855217e-02 -1.403859889274422512e-01 2.154906978040376508e-01 1.265612057154942745e-02 9.764342007431500159e-01 8.042684491518279799e+00
9.748719218175252443e-01 -1.569851961915973496e-02 -2.221820027411759990e-01 -1.187553450656888554e+00 1.259440336532652825e-02 9.998023735998731176e-01 -1.537900542756024357e-02 -1.583653444273801503e-01 2.223795821989091315e-01 1.219334336393584212e-02 9.748770485004484287e-01 8.558574304661613397e+00
9.728808851045084305e-01 -1.576169447671447663e-02 -2.308080880677173818e-01 -1.319504309337839576e+00 1.207898187080948434e-02 9.997762334160565922e-01 -1.736385194208557581e-02 -1.800978921905651009e-01 2.310301364321412643e-01 1.410593001051800403e-02 9.728535073186685977e-01 9.085303778406355946e+00
9.709213023784414309e-01 -1.209986890382005326e-02 -2.391055771989030188e-01 -1.471949420267722797e+00 7.157367697975727111e-03 9.997425118207046157e-01 -2.153104036576408004e-02 -1.861028363601040236e-01 2.393046246686867662e-01 1.919294363670828035e-02 9.707581118224302141e-01 9.619632779924854660e+00
9.692013609712778477e-01 -9.063844834967277331e-03 -2.461233860930479023e-01 -1.630191619982371609e+00 2.946160031627116909e-03 9.996776285561486119e-01 -2.521827413911070445e-02 -1.997567749644967028e-01 2.462726279305748611e-01 2.371671364901791271e-02 9.689158150456328444e-01 1.016126101864138853e+01
9.665380151075353421e-01 -1.125520417186427757e-02 -2.563389645540981587e-01 -1.781069605275462431e+00 4.568892999801943237e-03 9.996337373467227838e-01 -2.666939464032782453e-02 -2.184793335286625837e-01 2.565453679339717019e-01 2.460560171434129223e-02 9.662355670914880568e-01 1.072675160754141999e+01
9.643592780056442493e-01 -1.399732844568377620e-02 -2.641810482052633913e-01 -1.950935074294899874e+00 6.525142440604129838e-03 9.995540969726042224e-01 -2.913639080360513195e-02 -2.469500471455003121e-01 2.644710670274529885e-01 2.637393836028475991e-02 9.640207351863941954e-01 1.129931145632240863e+01
9.622493518482211350e-01 -1.355049148595255035e-02 -2.717826395161820896e-01 -2.121576977618198079e+00 5.148899919575687482e-03 9.994873702225517409e-01 -3.159383344166769025e-02 -2.717196520975204699e-01 2.720714543284187825e-01 2.900179427439177754e-02 9.618259238413978673e-01 1.188429092322681768e+01
9.598405603940216579e-01 -1.255232500393837006e-02 -2.803535428049394040e-01 -2.309200559310256473e+00 2.810229999766675722e-03 9.993786019523146491e-01 -3.513065920994685315e-02 -2.922420436057809878e-01 2.806204588373173436e-01 3.293205009958164592e-02 9.592794729457171377e-01 1.247474522971895539e+01
9.578265319466862104e-01 -1.408835348814977372e-02 -2.870339819292357930e-01 -2.500121381471414495e+00 2.704730806828412482e-03 9.991951259716321809e-01 -4.003275258075066761e-02 -3.218973689418648254e-01 2.873669487245751331e-01 3.756779069022923856e-02 9.570938902155321504e-01 1.307225814153487065e+01
9.560955772297253796e-01 -1.482410663792476692e-02 -2.927288793007749579e-01 -2.703958687126075677e+00 9.984679419058639128e-04 9.988787905530597255e-01 -4.733477521868074966e-02 -3.626589173164533886e-01 2.931023854629967729e-01 4.496468746504325015e-02 9.550384734418854160e-01 1.369152782958421710e+01
9.546237754538648979e-01 -1.547183897690974745e-02 -2.974037123758931367e-01 -2.907152674496194855e+00 -1.151172573327507867e-03 9.984504022732693107e-01 -5.562348696559679673e-02 -3.956362699997609811e-01 2.978034139485795651e-01 5.344273671162998174e-02 9.531268868595055288e-01 1.431902996581051291e+01
9.537601778459932067e-01 -1.606865214588289875e-02 -3.001633551488739338e-01 -3.117482931933907242e+00 -3.383228294690887854e-03 9.979326576191680509e-01 -6.417191769251351374e-02 -4.392894736577624415e-01 3.005742580047294221e-01 6.221927615925294808e-02 9.517342289536318001e-01 1.495041930809576591e+01
9.523330691281591820e-01 -1.541167253931371474e-02 -3.046870913397554670e-01 -3.338107562736261080e+00 -7.100285942349671836e-03 9.973327008644822245e-01 -7.262933411601900369e-02 -4.828299490119787318e-01 3.049936767910994551e-01 7.133153859158108956e-02 9.496835022584880770e-01 1.559783952183243549e+01
9.512231072106112073e-01 -1.494410214906807290e-02 -3.081851559547402197e-01 -3.559414277783371716e+00 -1.044322437747475033e-02 9.966939405282755349e-01 -8.057116282146083164e-02 -5.433525356536932360e-01 3.083703480593030233e-01 7.985938320920148159e-02 9.479221665860646517e-01 1.625618203839624343e+01
9.490962179681590172e-01 -1.306817751704015922e-02 -3.146270824885289974e-01 -3.796773006616695145e+00 -1.488697593171810218e-02 9.961615083266126547e-01 -8.624966619323906625e-02 -6.055944993338702176e-01 3.145465198714689214e-01 8.654311827562644055e-02 9.452586144378030131e-01 1.691967242451458020e+01
9.481006655278568784e-01 -1.236971846102823298e-02 -3.177291447796060098e-01 -4.043301514906523231e+00 -1.805189068332656646e-02 9.955375587014703154e-01 -9.260231964790875681e-02 -6.740480100549728348e-01 3.174572927327573568e-01 9.352969448224943139e-02 9.436464718728153622e-01 1.759676878921396437e+01
9.470463877436938738e-01 -9.901937602615774534e-03 -3.209186823616625994e-01 -4.294890775040310693e+00 -2.293083939870351959e-02 9.948868796317202889e-01 -9.837208429133623144e-02 -7.442936161816036122e-01 3.202516861850101537e-01 1.005226837809500978e-01 9.419767925534801023e-01 1.828383344435822266e+01
9.444693246673646625e-01 -5.656444715749606340e-03 -3.284627647676903739e-01 -4.555974064662593470e+00 -2.899100177762261102e-02 9.945186838079799196e-01 -1.004828532954150644e-01 -8.227436971293511370e-01 3.272300068396402084e-01 1.044292757224828117e-01 9.391282415628027236e-01 1.898682349273778058e+01
9.430280569925554301e-01 -5.954974374647955052e-03 -3.326846276666816093e-01 -4.821058896342074185e+00 -2.989920487386917014e-02 9.942778340094821088e-01 -1.025818693864311848e-01 -9.021454667659221105e-01 3.313922691597822601e-01 1.066835809299282456e-01 9.374537234655838658e-01 1.969799040754452690e+01
9.407685038347513018e-01 -4.662605287254723702e-03 -3.390705302128219079e-01 -5.094411512340015769e+00 -3.160030932841422641e-02 9.943473382221762469e-01 -1.013524872497020557e-01 -9.888547916329392118e-01 3.376265431027654640e-01 1.060623156572654546e-01 9.353032429688600269e-01 2.042056944223409332e+01
9.387402815940579792e-01 -4.719818770316405038e-03 -3.445864659710027866e-01 -5.374977131636893724e+00 -3.168414523208313432e-02 9.944894685262121170e-01 -9.995655881072132432e-02 -1.069837148657933223e+00 3.431596907776951477e-01 1.047512493138432754e-01 9.334175529841306496e-01 2.114576939984720738e+01
9.364151938859209823e-01 -4.458670981924299330e-03 -3.509597626991010078e-01 -5.662881718078986104e+00 -3.193667755638023714e-02 9.946862060823007390e-01 -9.786273219141829183e-02 -1.150033200053523386e+00 3.495314736451270998e-01 1.028455861485906148e-01 9.312968072194313107e-01 2.187010921694821519e+01
9.339633280167211060e-01 -4.145151965595829553e-03 -3.573675670342974509e-01 -5.956246161552311236e+00 -3.183992167560682762e-02 9.949908537545012477e-01 -9.477295913861800980e-02 -1.237243554765641296e+00 3.559697622157181329e-01 9.989545011732045565e-02 9.291531466436950826e-01 2.260602626810124605e+01
9.290280972950432092e-01 -1.234772381610426935e-03 -3.699463303263347269e-01 -6.277020561071877225e+00 -3.388743103381998412e-02 9.955079119430433332e-01 -8.841782864959707444e-02 -1.317156731504280698e+00 3.683935646424186250e-01 9.468092614308902533e-02 9.248127742549558938e-01 2.337646607768806106e+01
9.265093491251770175e-01 1.206582910730900080e-03 -3.762873492806682041e-01 -6.593861556362730525e+00 -3.523770497002759461e-02 9.958784052332290138e-01 -8.355531509232491660e-02 -1.397563127451990184e+00 3.746358775950496267e-01 9.067123216036106215e-02 9.227330928667836218e-01 2.412465152942766977e+01
9.227837809519142676e-01 4.148918058892623988e-03 -3.852040387834953505e-01 -6.925784381810013102e+00 -3.750879858120550331e-02 9.961601851323776957e-01 -7.910495976712901556e-02 -1.471850635310549382e+00 3.833959243478147205e-01 8.745066377355545373e-02 9.193963163558938056e-01 2.488373193149150708e+01
9.199264044931017015e-01 4.544162153764376259e-03 -3.919903073261798987e-01 -7.269149264987998293e+00 -3.805343844357023803e-02 9.962473057704893664e-01 -7.772563913045880957e-02 -1.547102833203773953e+00 3.901662433419831322e-01 8.641749464853724916e-02 9.166470032564593140e-01 2.564765442415833618e+01
9.154312503010274549e-01 6.259879113003507904e-03 -4.024004736691605966e-01 -7.618320586363417135e+00 -4.066696118824300599e-02 9.962004396589544397e-01 -7.699642761974830052e-02 -1.625801784074714762e+00 4.003894154201717570e-01 8.684881901283922345e-02 9.122076168713781907e-01 2.642245970085689777e+01
9.126580257715748434e-01 6.302312173923661082e-03 -4.086738640804428169e-01 -7.978723000523577191e+00 -4.057332689566005290e-02 9.963392902527137274e-01 -7.524150637016459309e-02 -1.694753486812998533e+00 4.067034365418645270e-01 8.525178387435691785e-02 9.095730594182165341e-01 2.719773781987714401e+01
9.082587454090570445e-01 7.039234395432383135e-03 -4.183535770614039695e-01 -8.355411811415766721e+00 -4.166922152553600989e-02 9.964095331642823794e-01 -7.370716210542373192e-02 -1.767658406855315611e+00 4.163329239118716552e-01 8.437727830346157532e-02 9.052910138384649974e-01 2.798554308100624155e+01
9.042230161177251535e-01 6.417664793938733341e-03 -4.270179865470377645e-01 -8.740634773747297359e+00 -4.060012490446000127e-02 9.966499941657354089e-01 -7.098824683309262751e-02 -1.838840771584749456e+00 4.251314123558326274e-01 8.152785801863715598e-02 9.014547418298819448e-01 2.877138732593553883e+01
9.010626166585727903e-01 6.893336051232397572e-03 -4.336243339175712141e-01 -9.134852633508602437e+00 -4.007951506252894341e-02 9.969182174905457661e-01 -6.744615305744774969e-02 -1.907303249201996120e+00 4.318230156923164587e-01 7.815516021372403976e-02 8.985622871887722907e-01 2.956897090510200599e+01
8.968940524330093478e-01 9.202946206530877513e-03 -4.421211805373094772e-01 -9.542961512605335983e+00 -4.023629270971729871e-02 9.973349367103339080e-01 -6.086363157077343683e-02 -1.966434603947372128e+00 4.403824947492144259e-01 7.238065097253854052e-02 8.948742208290387801e-01 3.038165371457737862e+01
8.935905693619609069e-01 8.786562508655533857e-03 -4.488449241023936831e-01 -9.959917050647225878e+00 -3.823832576876563111e-02 9.976640620674710469e-01 -5.661207815039297209e-02 -2.037132947710748709e+00 4.472989265692379202e-01 6.775306716876862423e-02 8.918394766752741898e-01 3.119491012213102721e+01
8.893996805404442707e-01 8.755996100341079461e-03 -4.571055188338999375e-01 -1.039448530261412529e+01 -3.788987428997896839e-02 9.977880932083609267e-01 -5.460092428128289488e-02 -2.095344335529762070e+00 4.556163480089696627e-01 6.587797950191710827e-02 8.877643398795824758e-01 3.201784767682446642e+01
8.865299424807150386e-01 8.579940909597750728e-03 -4.626154678972138057e-01 -1.084024051823895185e+01 -3.726938299658656001e-02 9.979033136217007049e-01 -5.292428047523280166e-02 -2.155051659080126747e+00 4.611919384508613162e-01 6.415730217217145703e-02 8.849907651416334398e-01 3.284387231211045588e+01
8.841039333634146402e-01 7.806349831547364573e-03 -4.672781920242892739e-01 -1.129324394074579452e+01 -3.600576932811055259e-02 9.980257318907392872e-01 -5.145151178706685452e-02 -2.202980101136622793e+00 4.659539023438699079e-01 6.231287027462540512e-02 8.826400080933194392e-01 3.367899938044337915e+01
8.802024539489078370e-01 7.841658572579618749e-03 -4.745276225612246046e-01 -1.175519340559380588e+01 -3.593655227112761696e-02 9.980941042365053528e-01 -5.016219441681502716e-02 -2.273799293764593443e+00 4.732299123124948381e-01 6.120567601166180399e-02 8.788067657510494346e-01 3.452244573970632047e+01
8.782003604924148998e-01 6.453983007003991079e-03 -4.782194578842550170e-01 -1.223326161970961756e+01 -3.418239425975139884e-02 9.981991274528768665e-01 -4.930634737980684607e-02 -2.326510886807825695e+00 4.770404080015475112e-01 5.964530942868270097e-02 8.768392496378688561e-01 3.537973556890142390e+01
8.765255454554048420e-01 5.383563872431387613e-03 -4.813051774474207956e-01 -1.271891441494670261e+01 -3.332781651207378237e-02 9.982164828661208578e-01 -4.953273502346497437e-02 -2.378581372863656007e+00 4.801801661289891721e-01 5.945822954515885689e-02 8.751418022258072860e-01 3.624123362246027824e+01
8.743572005708939443e-01 7.055338058334951860e-03 -4.852349689565183533e-01 -1.321986314225257253e+01 -3.552966828864843885e-02 9.981413774703782327e-01 -4.951317583205681883e-02 -2.437261869193721786e+00 4.839837061398972184e-01 6.053437875052059686e-02 8.729830918615297808e-01 3.711480928960538250e+01
8.748763646355973700e-01 5.881521528671124037e-03 -4.844213690164904662e-01 -1.372028533351986290e+01 -3.383784598405363553e-02 9.982250895660180756e-01 -4.899673640814736220e-02 -2.494815747963158081e+00 4.832735217401270544e-01 5.925441319920051603e-02 8.735228367415305284e-01 3.799727508663393394e+01
8.743986540552731723e-01 5.952539833496595274e-03 -4.851253956380697785e-01 -1.422800020908265317e+01 -3.320999026152748196e-02 9.983139144693768952e-01 -4.760068200213982831e-02 -2.551678879670313371e+00 4.840240607675072027e-01 5.773375736374344175e-02 8.731221992938011933e-01 3.890125704627019587e+01
8.739294614413143369e-01 5.084552481474026442e-03 -4.860397819816680842e-01 -1.474152097948501705e+01 -3.202275612451524478e-02 9.983749036510792818e-01 -4.713148319953495979e-02 -2.613375893093507152e+00 4.850100511876653253e-01 5.675608020525755443e-02 8.726723938645157830e-01 3.981352466471593488e+01
8.742005063975395451e-01 3.616452467858429984e-03 -4.855970372756771014e-01 -1.526546447188326283e+01 -3.035345853034951760e-02 9.984236908170451841e-01 -4.721077917599240947e-02 -2.671034450897293855e+00 4.846610421143064396e-01 5.600842465730040964e-02 8.729321573081206820e-01 4.072873259988853079e+01
8.723091997211787074e-01 2.415186453475960497e-03 -4.889021354912447825e-01 -1.580182023394911006e+01 -2.955378903206612451e-02 9.984199061180161205e-01 -4.780007852556195785e-02 -2.733030991026391465e+00 4.880140460857121942e-01 5.614841429087221586e-02 8.710024186282737668e-01 4.165850351374817961e+01
8.714235461000807703e-01 6.650835275007555480e-04 -4.904421374318918558e-01 -1.633162574011940293e+01 -2.656169378554185112e-02 9.985959361726918226e-01 -4.582658338029119843e-02 -2.791296579643644193e+00 4.897230224970290369e-01 5.296250193222530600e-02 8.702176941455321835e-01 4.259307335604327704e+01
8.683233792555677955e-01 1.821514494820147302e-03 -4.960377471865689558e-01 -1.686992800905490952e+01 -2.610129209953433380e-02 9.987754293850996667e-01 -4.202563175485937025e-02 -2.852299529254312294e+00 4.953538116011409476e-01 4.943899493831107467e-02 8.673077818210638279e-01 4.352335199704081958e+01
8.664707484306407581e-01 1.879095951131824890e-03 -4.992601921279484767e-01 -1.741495072958060319e+01 -2.388672462370058230e-02 9.990037354473398912e-01 -3.770785471231208330e-02 -2.911014494026543442e+00 4.986922694476871309e-01 4.459524780111417258e-02 8.656523610049847717e-01 4.445882453403685730e+01
8.628129738450400765e-01 7.715470253714425001e-04 -5.054646573917429553e-01 -1.796210209938744384e+01 -2.191428285251665817e-02 9.991159463032081023e-01 -3.587325862659217907e-02 -2.966790938897118313e+00 5.049899625734437514e-01 4.203008526890462254e-02 8.620671230570131627e-01 4.537737655281151916e+01
8.567538260421186935e-01 -2.905489419648602141e-03 -5.158216038983250984e-01 -1.852355710224441765e+01 -1.949005307036994622e-02 9.990873718902325562e-01 -3.800275451638417817e-02 -3.026839426138526967e+00 5.154613311489587568e-01 4.261028825195282282e-02 8.559152698868628395e-01 4.629381452915974648e+01
8.516102917616141799e-01 -4.590962969065416968e-03 -5.241627445400983687e-01 -1.908671672164009792e+01 -1.921642088194306514e-02 9.990159712296541317e-01 -3.997054749020482328e-02 -3.085874140546326583e+00 5.238303415401747154e-01 4.411437945949384098e-02 8.506840139939004786e-01 4.719548226119084688e+01
8.452986911222779565e-01 -5.115107370496030370e-03 -5.342668989507747268e-01 -1.967455876170554063e+01 -1.926914742152839241e-02 9.990118766586042476e-01 -4.004657162275786914e-02 -3.141957826513500862e+00 5.339440577877129224e-01 4.414276206569044819e-02 8.443646570001546170e-01 4.810837575707461866e+01
8.402475891169163269e-01 -2.322737936937193260e-03 -5.423727013163495148e-01 -2.027569956714615174e+01 -1.986351377643120336e-02 9.991877089944397605e-01 -3.506271507096959950e-02 -3.189944490855511461e+00 5.420137895778712744e-01 4.023072323046224946e-02 8.395188263393279504e-01 4.901281036209395836e+01
8.356678003944241206e-01 9.164092873204900732e-04 -5.491442028265205444e-01 -2.087748717937807896e+01 -2.095972055571940912e-02 9.993233718774048313e-01 -3.022895068624952691e-02 -3.242942843553769716e+00 5.487449188731610139e-01 3.677581283843828902e-02 8.351215568007420709e-01 4.991128404917293437e+01
8.305719960745211461e-01 1.710000861727686101e-03 -5.567920437129582067e-01 -2.148655993969526179e+01 -2.320197251742110028e-02 9.992334318330456933e-01 -3.153257707547545835e-02 -3.296802519164862222e+00 5.563111991908856746e-01 3.911099324292127005e-02 8.299747763885454432e-01 5.080114217261601084e+01
8.278453474553096880e-01 2.084016458493017320e-04 -5.611013325634385263e-01 -2.210364136359487119e+01 -2.432983083916898451e-02 9.990723070247937709e-01 -3.554166378336574145e-02 -3.346160357827760556e+00 5.605737347357184763e-01 4.307096375841706903e-02 8.270822701796257670e-01 5.167893525855004100e+01
8.255132465292123189e-01 -2.643094074187049645e-03 -5.644095053808093621e-01 -2.272056682228505409e+01 -2.621796682096331002e-02 9.987298957799864985e-01 -4.301695481005740618e-02 -3.405755622838037677e+00 5.638064079315293631e-01 5.030656890507424067e-02 8.243954041576286862e-01 5.256161233323487636e+01
8.220291277432107968e-01 -2.297218763460828587e-03 -5.694712501969505514e-01 -2.334493111337486582e+01 -2.728642598949651207e-02 9.986842876758560417e-01 -4.341890339114985731e-02 -3.464575040583588006e+00 5.688217046289973933e-01 5.123027990445367524e-02 8.208849284301156235e-01 5.343743245992201452e+01
8.191192664569760806e-01 -8.319457420947685066e-04 -5.736803849614120487e-01 -2.397015758978139388e+01 -2.662051426590145500e-02 9.988662288236286324e-01 -3.945601154738005018e-02 -3.523127178204720877e+00 5.730626749815329601e-01 4.759271104188209089e-02 8.181686199194383446e-01 5.431390172213637868e+01
8.153108357348076707e-01 1.090826096275230011e-03 -5.790865435630074831e-01 -2.460731013125015920e+01 -2.534213031149593759e-02 9.991071727934320856e-01 -3.381531260780459847e-02 -3.574469578974363682e+00 5.785328886322138597e-01 4.224453986867237471e-02 8.146106098074844537e-01 5.519658375602551104e+01
8.112906160879264084e-01 2.248282282476111397e-03 -5.845757471328810739e-01 -2.524750703926472895e+01 -2.533344681328846340e-02 9.991885552080417288e-01 -3.130950995982414303e-02 -3.632652149032045141e+00 5.840309382618387168e-01 4.021233319463876632e-02 8.106894421378700866e-01 5.607006744960175837e+01
8.099163741237093150e-01 4.076835216727546507e-03 -5.866440489641953082e-01 -2.588972192336184719e+01 -2.738597465524733945e-02 9.991481424908184028e-01 -3.086639588683560281e-02 -3.678446952064025055e+00 5.860187448768825469e-01 4.105996105811072355e-02 8.093380836738636175e-01 5.696226138258534633e+01
8.058451756645284014e-01 1.794573686696778695e-03 -5.922759096874731233e-01 -2.654387885565575544e+01 -2.637355504882960694e-02 9.991116513383829778e-01 -3.286425007322114900e-02 -3.723916382871619302e+00 5.916910341945148533e-01 4.210131456681515810e-02 8.051768805204347901e-01 5.782472733392647513e+01
8.017168418363495030e-01 1.257146784244102331e-04 -5.977820631543612206e-01 -2.720033474268280216e+01 -2.634299987965269679e-02 9.990356576758153695e-01 -3.512506451018505838e-02 -3.779422739454743496e+00 5.972013959006456929e-01 4.390582134096393530e-02 8.009470315661741946e-01 5.867958817820549910e+01
7.983341196808664275e-01 -1.007498133656654872e-03 -6.022214000171791648e-01 -2.785018044511085478e+01 -2.554018229745348006e-02 9.990421777997771091e-01 -3.553918654607608058e-02 -3.833453712010720160e+00 6.016805389932197157e-01 4.375314990419775646e-02 7.975437416962973813e-01 5.954655675423514083e+01
7.933625676218366563e-01 -1.818607759493564256e-03 -6.086956358859213490e-01 -2.852860879402760119e+01 -2.428777496786350271e-02 9.991047435694032641e-01 -3.464759495564899427e-02 -3.882189887224464897e+00 6.082139735794650504e-01 4.227196012439435324e-02 7.926081268313740491e-01 6.041461449472917167e+01
7.897471716648167828e-01 -1.418007059654528054e-03 -6.135450334127136029e-01 -2.920851582465891738e+01 -2.394678144506713624e-02 9.991638178515762636e-01 -3.314636337298269841e-02 -3.938685860482755707e+00 6.130791846289459501e-01 4.086616559507746937e-02 7.890528991287794058e-01 6.127062385761170304e+01
7.833700508569518828e-01 -2.077193558684714558e-03 -6.214375311164258564e-01 -2.990282297147967938e+01 -2.414942872319535486e-02 9.991375627070089305e-01 -3.377520351049275588e-02 -3.993971952348535748e+00 6.209717260595344346e-01 4.146875788582928685e-02 7.826445547099653011e-01 6.212705068200114766e+01
7.782017732368939900e-01 -2.981686192968225051e-03 -6.280701609930976481e-01 -3.060164054956937818e+01 -2.414365649168411301e-02 9.991074461716046295e-01 -3.466090565563736264e-02 -4.040343111836251389e+00 6.276131697956113253e-01 4.213170485303359414e-02 7.774352626319068760e-01 6.297635709366203116e+01
7.734698184909333252e-01 -4.639383645110782030e-03 -6.337355978943595147e-01 -3.130792787845262026e+01 -2.309352967888937680e-02 9.991028741713038341e-01 -3.549416856885824478e-02 -4.093325648818700202e+00 6.333314850719212741e-01 4.209424955005387770e-02 7.726690804662728063e-01 6.382325684402919563e+01
7.666889230216606954e-01 -6.228224587076959182e-03 -6.418337255280353038e-01 -3.203042246208971733e+01 -2.280908806841696473e-02 9.990573730209225678e-01 -3.693146425957587881e-02 -4.148087404126590272e+00 6.414587547077342800e-01 4.295727386863058828e-02 7.658242577370190096e-01 6.466730384339187765e+01
7.620062923085014761e-01 -8.619666208714028485e-03 -6.475991640080420719e-01 -3.274890708316340238e+01 -2.105685666440933190e-02 9.990528321484863916e-01 -3.808169641738583938e-02 -4.204605495954484518e+00 6.473139835988092061e-01 4.265529581394220116e-02 7.611031937726876473e-01 6.551269028185301124e+01
7.552324382180325424e-01 -9.260246061656587577e-03 -6.554818863439310084e-01 -3.349212044137080113e+01 -2.028885200094072971e-02 9.990907659050590750e-01 -3.749089515353920543e-02 -4.256569836897009296e+00 6.552331732291313271e-01 4.161073199625343888e-02 7.543580335745099230e-01 6.635806941455096819e+01
7.488866472407186281e-01 -9.587838003061488132e-03 -6.627050127680418345e-01 -3.424160706442221169e+01 -1.971650988824143191e-02 9.991303465988706778e-01 -3.673499962296161020e-02 -4.305324764375238367e+00 6.624811112237283250e-01 4.057345015167165836e-02 7.480464173962202423e-01 6.717698707844776607e+01
7.428110999617784094e-01 -1.112087842181725891e-02 -6.694799893426657267e-01 -3.499736920969876763e+01 -1.767455518021998281e-02 9.991878348065380555e-01 -3.621692406366269767e-02 -4.364934043319321333e+00 6.693392401597689778e-01 3.873183029561325097e-02 7.420112848056584776e-01 6.801001501543109384e+01
7.366505999535328808e-01 -1.189642004721730775e-02 -6.761805675381488134e-01 -3.577074368995668863e+01 -1.678082502248164423e-02 9.992158120387445441e-01 -3.585565682752472200e-02 -4.422300081373411018e+00 6.760769154912756873e-01 3.776241746216624923e-02 7.358734761989460527e-01 6.884866950291413445e+01
7.298725533268495269e-01 -1.434007576519524645e-02 -6.833784296220928312e-01 -3.655181421133988096e+01 -1.618258805443471143e-02 9.991372806260154782e-01 -3.824459753237441362e-02 -4.481575780242716966e+00 6.833374045827247389e-01 3.897194411964287342e-02 7.290109127550514767e-01 6.965963566482581371e+01
7.257344100857733293e-01 -1.356482597957059735e-02 -6.877765157861150946e-01 -3.734304082818681536e+01 -1.738420882237098897e-02 9.991247561380581788e-01 -3.803795471957649443e-02 -4.535702225054548897e+00 6.876904375545623838e-01 3.956429955007087496e-02 7.248634814430998663e-01 7.048341935496510757e+01
7.190225061478937585e-01 -1.272566063745761075e-02 -6.946956955032305148e-01 -3.815176275359171854e+01 -1.779104742362390065e-02 9.991676562543311269e-01 -3.671476771046848497e-02 -4.582755227392558695e+00 6.945845278507515319e-01 3.876450109528508520e-02 7.181976745309113230e-01 7.129261219276096995e+01
7.142514669203214872e-01 -1.226908067394997387e-02 -6.996309948142611645e-01 -3.895825417158764026e+01 -1.865197424201942705e-02 9.991576504190259334e-01 -3.655268082314360595e-02 -4.644048616831377707e+00 6.994898938255814658e-01 3.916189238426379809e-02 7.134209955947653503e-01 7.210853117658355416e+01
7.098056712604817742e-01 -1.277988321789155085e-02 -7.041499665853856449e-01 -3.978504002113486848e+01 -1.926270319977798143e-02 9.991093918182545330e-01 -3.755306529403047017e-02 -4.703121711595700916e+00 7.040025487044128116e-01 4.022504414659090755e-02 7.089273250743401977e-01 7.292383830285127999e+01
7.043873494087813381e-01 -1.386320901190098154e-02 -7.097643376242137592e-01 -4.061342422667984664e+01 -1.992208365408386708e-02 9.990294136413495618e-01 -3.928505953310688220e-02 -4.760293512828297935e+00 7.096204401309381682e-01 4.180557556558752580e-02 7.034273164443457516e-01 7.372909843871653379e+01
7.000340344531275072e-01 -1.660937428967279583e-02 -7.140219050573618498e-01 -4.144192762166841959e+01 -1.983187704871551202e-02 9.988918319927617695e-01 -4.268167329605101340e-02 -4.828296078165879912e+00 7.139396864959243194e-01 4.403761010747431898e-02 6.989288193374973979e-01 7.453832942067235479e+01
6.949138829223865388e-01 -1.716654868811302165e-02 -7.189834873011757832e-01 -4.229400650227093905e+01 -2.032864308022946584e-02 9.988465796649034223e-01 -4.350134424189062987e-02 -4.889572387386925456e+00 7.189011893288432820e-01 4.484346129354303823e-02 6.937631885357570249e-01 7.533844108663296879e+01
6.895732651412489478e-01 -1.622157654017785874e-02 -7.239087906017899199e-01 -4.314911472808314841e+01 -1.993480101876294805e-02 9.989452260627148528e-01 -4.137647902350244378e-02 -4.946185096148679960e+00 7.238161986215511101e-01 4.296721813878603274e-02 6.885224910424353473e-01 7.614176661191746120e+01
6.853378342870996009e-01 -1.726374324802001578e-02 -7.280678558197103412e-01 -4.401258076356366900e+01 -1.809730407681393524e-02 9.990066118661768968e-01 -4.072621607023478585e-02 -5.010394770892605543e+00 7.280477625630935590e-01 4.108225936472095080e-02 6.843444948486159252e-01 7.694147501122857591e+01
6.802836401539655853e-01 -1.844354396893361711e-02 -7.325548620278377054e-01 -4.489708110227215343e+01 -1.743778853282808641e-02 9.989932241213856923e-01 -4.134029683666970434e-02 -5.079746001879344774e+00 7.325793271961609232e-01 4.090531069304340073e-02 6.792771413475128250e-01 7.773996717855568761e+01
6.751948883874656637e-01 -1.906906764978960611e-02 -7.373791828998119691e-01 -4.577195570890545184e+01 -1.677115547713513288e-02 9.990106332526627053e-01 -4.118478054142143269e-02 -5.142555568259485455e+00 7.374348711312774807e-01 4.017622156804373512e-02 6.742069920927821203e-01 7.853652501581811407e+01
6.706648109993318396e-01 -2.006348809302616401e-02 -7.414879352753773745e-01 -4.666198395878562621e+01 -1.520681893492271085e-02 9.990522740085880926e-01 -4.079608000154459624e-02 -5.204640596515461404e+00 7.416036094603073447e-01 3.863707775503488068e-02 6.697240952212674125e-01 7.932879724046640035e+01
6.664853546354528868e-01 -2.133627758405658506e-02 -7.451582219170221899e-01 -4.756297818055418958e+01 -1.358431569552354112e-02 9.990769058478128350e-01 -4.075224379290007248e-02 -5.265515872991445967e+00 7.453395961221029875e-01 3.729055023781917971e-02 6.655802246584886506e-01 8.011874128415757923e+01
6.632637821123509303e-01 -2.423596085284966326e-02 -7.480455356781933185e-01 -4.846424701191759254e+01 -1.064591667262709124e-02 9.990688236434058789e-01 -4.179934598560361425e-02 -5.331686611232399287e+00 7.483624023683715931e-01 3.568580637223289775e-02 6.623880749578968663e-01 8.091749318829972992e+01
6.591930832970560594e-01 -2.823154912879428935e-02 -7.513185387436039919e-01 -4.937509755209742224e+01 -9.088128257664609272e-03 9.989229833627591981e-01 -4.549799871027917358e-02 -5.397390561050682933e+00 7.517938022910399809e-01 3.682044844927088306e-02 6.582266447888542871e-01 8.170488505619250930e+01
6.532677944394941205e-01 -3.190633829082455825e-02 -7.563366573236167678e-01 -5.029231503894821032e+01 -5.132747572036741764e-03 9.989021888158972073e-01 -4.656953725069383487e-02 -5.457430112905042208e+00 7.569919421742711263e-01 3.430786424944620022e-02 6.523866845493270228e-01 8.247902580501487080e+01
6.490794628153847556e-01 -3.634004677286798574e-02 -7.599484720349729550e-01 -5.122169603803802573e+01 1.297585679871310479e-03 9.989096589166991391e-01 -4.666507252151682467e-02 -5.531144387029578446e+00 7.608161502390262676e-01 2.929747286982702092e-02 6.484191142946801323e-01 8.326545102231607132e+01
6.393065870638937609e-01 -4.018806697271624928e-02 -7.679160857957308961e-01 -5.215694076532486889e+01 5.840323514522744418e-03 9.988583484072637297e-01 -4.742381772953494640e-02 -5.610860226451603872e+00 7.689448692456125611e-01 2.583820655522406362e-02 6.388113518938024482e-01 8.404129197784948246e+01
6.315680098379560237e-01 -4.075635739451929224e-02 -7.741329925760367381e-01 -5.309984594837691674e+01 9.028879422337191332e-03 9.989360732290267775e-01 -4.522325420497736587e-02 -5.682700872803650327e+00 7.751524770509928830e-01 2.156806610467480040e-02 6.312644368114048721e-01 8.482095529748549723e+01
6.216891974097793483e-01 -4.003765964947215289e-02 -7.821225339395253551e-01 -5.406875075456127888e+01 1.070139364799824709e-02 9.990337651582504863e-01 -4.264301598415608241e-02 -5.741142406238037843e+00 7.830733022223327344e-01 1.814661064190828052e-02 6.215168703100831804e-01 8.557948450016445463e+01
6.114773802239338307e-01 -3.991111895465109666e-02 -7.902213681340463092e-01 -5.505128576258763928e+01 1.034514156922898033e-02 9.990446707902953527e-01 -4.246103927533286665e-02 -5.817088656320390960e+00 7.911612105451683030e-01 1.778433330444392779e-02 6.113065884930647398e-01 8.633038255685089268e+01
6.028155526858526292e-01 -4.148090936148326330e-02 -7.968080383871246619e-01 -5.603551894811082690e+01 9.676390769960610885e-03 9.989539735932371212e-01 -4.467518848064956638e-02 -5.882761601768672577e+00 7.978287573984093051e-01 1.920860739918099983e-02 6.025868460773251556e-01 8.706976338876415866e+01
5.933789580792987461e-01 -4.346554193434452179e-02 -8.037239809439054028e-01 -5.703920864854882211e+01 1.039088811944435982e-02 9.988716484739663670e-01 -4.635247362921805087e-02 -5.954115195335661248e+00 8.048310766335035060e-01 1.916256996720779385e-02 5.931606678798710952e-01 8.779627662940852417e+01
5.834211052111968332e-01 -4.464970980258724242e-02 -8.108273534874749222e-01 -5.805019802432444465e+01 1.000359431183646050e-02 9.988068553564358742e-01 -4.779737034070436624e-02 -6.021907319942900294e+00 8.119941025159785886e-01 1.976982419118438958e-02 5.831719484518378405e-01 8.852095072085442951e+01
5.746369677330460668e-01 -4.580200995512008488e-02 -8.172474351383191005e-01 -5.907589770372453586e+01 1.404920370868887984e-02 9.988376444682093291e-01 -4.611377693179649628e-02 -6.098068743420612670e+00 8.184095964734692252e-01 1.502002029078724002e-02 5.746126509060446308e-01 8.923316516324187830e+01
5.626702740253417545e-01 -4.540969289051248470e-02 -8.254540168826809410e-01 -6.011230064425308228e+01 1.536561565906044077e-02 9.988919050985967107e-01 -4.449643006792643185e-02 -6.170570006805702334e+00 8.265596971695006179e-01 1.235396525814266150e-02 5.627450360898372805e-01 8.993345423448960219e+01
5.527911598524003489e-01 -4.670827168486354347e-02 -8.321100035839915643e-01 -6.115977381975622507e+01 1.592090247271922901e-02 9.988377594395712045e-01 -4.548942454687758541e-02 -6.245759956493349918e+00 8.332680031193173686e-01 1.189917002395746159e-02 5.528921764607446221e-01 9.062599344595209061e+01
5.431097369190479585e-01 -4.697855233992702384e-02 -8.383746373060032564e-01 -6.221920464354915481e+01 1.443760854018460472e-02 9.988087681189715683e-01 -4.661775820459403141e-02 -6.319097725420619760e+00 8.395655694194406049e-01 1.322240452252919710e-02 5.431406013119258747e-01 9.130354766926501497e+01
5.325661494055067280e-01 -4.798547386252087488e-02 -8.451154957947163426e-01 -6.329322551638406935e+01 1.403956681120797044e-02 9.987549673499828140e-01 -4.786081228873266535e-02 -6.392009057223454249e+00 8.463606782168521248e-01 1.362036758773530094e-02 5.325769101877173561e-01 9.196511607070580396e+01
5.226936080988321409e-01 -4.759662723291565450e-02 -8.511640896127221634e-01 -6.437299850161842585e+01 1.240453425992751532e-02 9.987589825992326809e-01 -4.822704852544233006e-02 -6.464055415473040966e+00 8.524039911501324340e-01 1.464248406882295850e-02 5.226357133447515624e-01 9.262131162838920773e+01
5.112654246457162266e-01 -4.758601671941819350e-02 -8.580157854245570315e-01 -6.547459453742025914e+01 1.172262663532625329e-02 9.987592218286064361e-01 -4.839835993698373556e-02 -6.543459220457104486e+00 8.592543739089232302e-01 1.468562593330507114e-02 5.111887062058838582e-01 9.326293183059792113e+01
