1.0 0.0 0.0 0.0 0.0 1.0 0.0 0.0 0.0 0.0 1.0 0.0
0.99993324 0.0114724105 0.0013296994 0.30407715 -0.0114694005 0.99993163 -0.0022481638 -0.01171875 -0.0013554156 0.002232756 0.9999966 -0.0043945312
0.9998447 0.017544182 0.001597478 0.5834961 -0.01753664 0.99983543 -0.004616924 -0.022705078 -0.0016782733 0.0045881825 0.9999881 0.008911133
0.99980366 0.019814111 0.0002767154 0.8845215 -0.01981122 0.9997709 -0.008105287 -0.0357666 -0.00043725295 0.008098216 0.9999671 0.009887695
0.9998299 0.018406361 -0.0010912053 1.1937256 -0.01841567 0.99978757 -0.009241114 -0.041870117 0.0009207627 0.009259644 0.99995667 0.009643555
0.99992347 0.01194241 -0.0032315368 1.513916 -0.01197976 0.9998586 -0.011796431 -0.03845215 0.0030901602 0.011834239 0.9999252 0.009521484
0.9999875 -0.0015796075 -0.004744279 1.8364258 0.0015163642 0.9999103 -0.013309693 -0.036865234 0.0047648735 0.0133023355 0.99990016 0.018188477
0.9998495 -0.016567906 -0.0051405346 2.1679688 0.016503403 0.9997875 -0.012352254 -0.022094727 0.0053440863 0.012265559 0.99991053 0.024414062
0.99937475 -0.034979537 -0.0050965864 2.5134277 0.03493926 0.99935883 -0.0077878144 0.0036621094 0.0053658113 0.0076048397 0.99995667 0.025512695
0.9985117 -0.054199614 -0.0061381394 2.8666992 0.054172695 0.998522 -0.0044720927 0.040893555 0.0063713575 0.004133017 0.99997115 0.030517578
0.99722135 -0.07414677 -0.0071751783 3.2286377 0.07412077 0.99724174 -0.0038248408 0.08117676 0.0074390103 0.0032824604 0.999967 0.03466797
0.9952564 -0.097024195 -0.006935482 3.610962 0.09699033 0.995271 -0.0050649 0.12426758 0.0073940377 0.0043680808 0.9999631 0.036743164
0.9932928 -0.115484886 -0.005675621 3.9953613 0.1154456 0.9932902 -0.0068217083 0.18078613 0.0064252433 0.0061206194 0.9999606 0.040771484
0.99111116 -0.1329674 -0.0047193607 4.3964844 0.13294823 0.9911162 -0.004168776 0.24621582 0.005231569 0.0035044681 0.9999802 0.048950195
0.9888459 -0.14891338 -0.0042634215 4.8134766 0.14890084 0.988852 -0.003123918 0.32385254 0.00468101 0.0024541821 0.99998605 0.052368164
0.98660135 -0.16311654 -0.0043413853 5.2349854 0.16310468 0.9866084 -0.0029608156 0.40283203 0.0047660097 0.0022133144 0.9999862 0.05859375
0.98447293 -0.17544734 -0.00474827 5.6748047 0.17542683 0.98447806 -0.0044413754 0.47973633 0.005454151 0.003539285 0.99997884 0.06188965
0.9827622 -0.18473774 -0.00622873 6.119385 0.18468764 0.9827601 -0.007842945 0.5656738 0.0075703724 0.0065572197 0.9999499 0.072631836
0.98160756 -0.19068947 -0.00825076 6.5826416 0.19063708 0.9816293 -0.0067368294 0.6624756 0.0093839485 0.005039788 0.99994326 0.07861328
0.9800443 -0.1985085 -0.0105882995 7.061035 0.19844288 0.98009026 -0.0069376323 0.7689209 0.01175436 0.0046983385 0.9999199 0.07751465
0.9783088 -0.20674527 -0.013115652 7.5462646 0.20665942 0.97838527 -0.0076083415 0.875 0.014405118 0.0047329096 0.999885 0.08300781
0.97644687 -0.21533325 -0.01425705 8.051147 0.21518096 0.97651696 -0.011487248 0.9835205 0.016395167 0.008149175 0.9998323 0.091308594
0.97489834 -0.22218914 -0.013850591 8.567871 0.22194321 0.97489893 -0.017315932 1.0953369 0.01735145 0.013806537 0.9997541 0.10656738
0.9728753 -0.23082724 -0.015819967 9.095459 0.23055243 0.9729127 -0.01744724 1.2232666 0.019417668 0.013327729 0.9997226 0.12524414
0.97077405 -0.23909219 -0.020953484 9.630371 0.23883994 0.97096336 -0.013845302 1.3721924 0.023655975 0.008436642 0.9996845 0.12756348
0.9689265 -0.24605064 -0.025516229 10.172607 0.24584761 0.9692529 -0.010859724 1.5272217 0.027403481 0.0042505474 0.99961543 0.13769531
0.9662499 -0.25630525 -0.026474724 10.739258 0.25603664 0.9665944 -0.013136618 1.6733398 0.02895677 0.0059161065 0.99956304 0.15344238
0.9640395 -0.26420364 -0.028297998 11.312866 0.26384062 0.9644223 -0.015943035 1.8391113 0.031504128 0.007902286 0.9994723 0.17871094
0.96184367 -0.27179137 -0.030972403 11.898804 0.271425 0.96231997 -0.015556997 2.0059814 0.03403396 0.0065543707 0.999399 0.20019531
0.9592948 -0.28032336 -0.03495381 12.490234 0.27997366 0.9599221 -0.014625558 2.1895752 0.037651204 0.0042461394 0.99928176 0.21716309
0.9571109 -0.28703266 -0.039633606 13.088623 0.28660458 0.9579215 -0.016210858 2.376831 0.042619612 0.0041606436 0.99908316 0.24279785
0.9550548 -0.29271886 -0.047066607 13.708618 0.29223624 0.9562104 -0.016981004 2.5772705 0.049975313 0.0024667885 0.99874765 0.27868652
0.953142 -0.29736465 -0.055573907 14.33667 0.29684076 0.9547612 -0.017651506 2.7774658 0.058306985 0.00032403367 0.99829787 0.30639648
0.95174783 -0.3000783 -0.064367995 14.968506 0.29952863 0.9539204 -0.018252507 2.9853516 0.066878855 -0.0019085123 0.9977588 0.34472656
0.9496931 -0.30444723 -0.07350507 15.616577 0.30398953 0.9525178 -0.01761444 3.203003 0.075374976 -0.0056190575 0.9971384 0.38293457
0.9479282 -0.30777568 -0.082051806 16.275635 0.3074278 0.9514308 -0.017157357 3.4215088 0.08334582 -0.008958436 0.9964802 0.43823242
0.9452587 -0.3139257 -0.08876793 16.940308 0.31383684 0.9493242 -0.015323546 3.6551514 0.089081705 -0.013385339 0.9959335 0.49609375
0.9436428 -0.31679958 -0.095770136 17.618286 0.31689334 0.94834816 -0.014635105 3.8989258 0.095459715 -0.016545992 0.99529374 0.5599365
0.94196594 -0.31956816 -0.1027744 18.306274 0.3200535 0.9473126 -0.012178232 4.147827 0.10125269 -0.021420607 0.9946315 0.6257324
0.9391069 -0.32655364 -0.106713325 19.010864 0.3276082 0.94474924 -0.007992247 4.404785 0.10342924 -0.027457096 0.99426013 0.70092773
0.9374315 -0.33070308 -0.10899237 19.723389 0.3318114 0.94331765 -0.008323545 4.666504 0.10556978 -0.028351799 0.99401045 0.7770996
0.93527746 -0.33695337 -0.1084046 20.447754 0.33821493 0.94106126 -0.0070925076 4.935791 0.104403175 -0.030028932 0.99408036 0.86169434
0.9333913 -0.34249768 -0.107125096 21.174683 0.34374106 0.93903434 -0.0072053745 5.2125244 0.10306469 -0.030091777 0.9942217 0.9406738
0.9312694 -0.34888658 -0.105255306 21.900879 0.35013205 0.93670934 -0.0070093935 5.496338 0.101036824 -0.030319428 0.99441946 1.019165
0.9291249 -0.35534832 -0.10234065 22.638794 0.35656568 0.9342544 -0.006765118 5.7855225 0.09801482 -0.030197429 0.994728 1.1049805
0.9247776 -0.36782804 -0.09718952 23.41211 0.36921242 0.9293123 -0.00399003 6.1002197 0.09178905 -0.03219657 0.99525887 1.1845703
0.9226927 -0.37411198 -0.093209855 24.162354 0.3756071 0.92678475 -0.0016206522 6.413086 0.08699129 -0.033520695 0.9956434 1.2642822
0.9193484 -0.3829131 -0.09003109 24.923828 0.3845773 0.92305374 0.0012254696 6.7402344 0.08263231 -0.03575906 0.9959381 1.3377686
0.916597 -0.38969526 -0.089033365 25.68982 0.39137653 0.9201977 0.0015510856 7.0793457 0.081325084 -0.03628096 0.996026 1.4112549
0.9121506 -0.3999317 -0.089515425 26.467163 0.40180284 0.91570973 0.003164272 7.4230957 0.08070347 -0.038862627 0.99597895 1.487915
0.9095151 -0.40625802 -0.08795122 27.244507 0.40808988 0.9129357 0.0031396153 7.779419 0.079017274 -0.03874827 0.9961196 1.5552979
0.90522903 -0.41590157 -0.087124735 28.034912 0.41778576 0.9085395 0.0037761608 8.150879 0.07758716 -0.039814875 0.9961908 1.6265869
0.90139353 -0.42471614 -0.08432094 28.823364 0.42646694 0.90450066 0.0030587064 8.531128 0.07496647 -0.03871817 0.99643356 1.6966553
0.89849997 -0.4314318 -0.08098084 29.623291 0.43310383 0.9013326 0.0034576082 8.921143 0.07149917 -0.038175296 0.99671054 1.7642822
0.89480674 -0.4400394 -0.07524453 30.43872 0.44166702 0.8971471 0.005664273 9.324585 0.06501175 -0.038301457 0.99714935 1.8236084
0.89177424 -0.4469804 -0.07065168 31.254517 0.44842118 0.8938315 0.005166398 9.737183 0.06083995 -0.036280133 0.9974884 1.8937988
0.8876983 -0.4553106 -0.068816446 32.08008 0.45669687 0.8896384 0.005044041 10.166992 0.058923244 -0.03590881 0.9976154 1.9508057
0.884925 -0.46089604 -0.067122295 32.908325 0.46221852 0.8867654 0.0048050233 10.608887 0.057310887 -0.03527314 0.9977336 2.0092773
0.8825766 -0.46566465 -0.06530163 33.745483 0.46688753 0.8843358 0.0039772736 11.05835 0.055894032 -0.03399648 0.9978573 2.0559082
0.8787423 -0.47294906 -0.06422769 34.591553 0.47414684 0.8804338 0.0039315596 11.515747 0.054688554 -0.03390969 0.99792725 2.1253662
0.8767792 -0.4767607 -0.06268714 35.450806 0.47783616 0.8784291 0.0025001382 11.9904785 0.053879052 -0.032146234 0.9980304 2.1766357
0.8750844 -0.47989628 -0.0625162 36.314087 0.4809129 0.87675625 0.0013958076 12.473022 0.054142907 -0.031285334 0.9980432 2.2269287
0.8729189 -0.48370537 -0.0636064 37.189575 0.4848534 0.87459207 0.003027194 12.970703 0.054164536 -0.033479325 0.9979707 2.2839355
0.8734634 -0.48299456 -0.062325835 38.073242 0.48403633 0.8751072 0.0018598137 13.469238 0.05364166 -0.03178767 0.99805367 2.3399658
0.8730635 -0.48375338 -0.060807943 38.97876 0.48475182 0.874624 0.0019188437 13.974609 0.052255657 -0.03115697 0.99814725 2.3955078
0.8726169 -0.48473954 -0.0598365 39.89258 0.48566422 0.8741524 0.0010388717 14.485596 0.051799286 -0.029966762 0.99820745 2.4555664
0.8728818 -0.4843857 -0.0590901 40.809082 0.48521134 0.874422 -0.00042589335 15.007446 0.051876638 -0.028298091 0.9982525 2.5114746
0.870955 -0.48773223 -0.05924681 41.740845 0.4885037 0.87253416 -0.0016634414 15.540405 0.052506417 -0.02749295 0.9982424 2.5715332
0.87017787 -0.48944756 -0.056071684 42.677246 0.49004784 0.8716389 -0.003437966 16.067383 0.050557032 -0.024494741 0.9984204 2.628662
0.86726624 -0.49510393 -0.05257143 43.610107 0.4956807 0.868526 -0.0023508973 16.601685 0.046822213 -0.024017315 0.9986144 2.689209
0.8656141 -0.49846727 -0.047742322 44.54785 0.49893755 0.8666554 -0.0023400718 17.143433 0.04254683 -0.021790009 0.9988573 2.7476807
0.8620336 -0.5047728 -0.045205977 45.469116 0.5051489 0.8629911 -0.0035229444 17.68628 0.040789794 -0.019803755 0.99897134 2.8024902
0.8558918 -0.5152233 -0.045837555 46.388916 0.5154641 0.85694265 -0.0073143397 18.241821 0.043046545 -0.017364059 0.998922 2.8603516
0.8506637 -0.5235781 -0.047378674 47.29358 0.52377796 0.8518109 -0.009091767 18.799927 0.045115277 -0.017080568 0.9988357 2.9173584
0.8443449 -0.5336917 -0.04744854 48.20996 0.53387725 0.84550434 -0.009732081 19.382202 0.04531346 -0.017118627 0.99882597 2.972168
0.83949244 -0.541797 -0.043563865 49.117676 0.54204017 0.8404358 -0.0070418604 19.97876 0.040426668 -0.017693698 0.9990259 3.020752
0.8350865 -0.54856324 -0.040127877 50.019287 0.5488706 0.835839 -0.0038912697 20.576416 0.035675157 -0.018775448 0.99918723 3.0743408
0.8299334 -0.55612504 -0.042489726 50.91211 0.5565126 0.830755 -0.0031831935 21.180908 0.03706901 -0.021011297 0.9990918 3.126831
0.8270414 -0.56036264 -0.04646903 51.791992 0.56077987 0.8280496 -0.0047258185 21.794434 0.04112819 -0.022139436 0.99890894 3.1740723
0.82435626 -0.5635486 -0.053720623 52.676514 0.56400985 0.82575566 -0.007600955 22.407959 0.048641395 -0.024036169 0.99852663 3.2303467
0.8208426 -0.5685633 -0.05466162 53.55493 0.5690702 0.8222775 -0.0073138457 23.028564 0.049104597 -0.02510051 0.99847823 3.28833
0.8181243 -0.5728295 -0.05103677 54.434082 0.57332 0.8193507 -0.0059076906 23.65039 0.04519584 -0.02442481 0.9986791 3.3475342
0.81456447 -0.5783348 -0.04570456 55.319824 0.578783 0.8155169 -0.0040627597 24.283813 0.03962597 -0.023133343 0.99894726 3.4001465
0.8106404 -0.58384925 -0.04368858 56.19629 0.58429915 0.81148756 -0.002977806 24.920166 0.037190486 -0.023117492 0.99904066 3.4586182
0.8092809 -0.58584356 -0.044540346 57.090332 0.5863827 0.81011504 -0.0011719186 25.559814 0.036768872 -0.02516706 0.9990067 3.5039062
0.80512595 -0.59150064 -0.04560483 57.955566 0.5919833 0.8060544 -0.0035210499 26.20996 0.03884046 -0.024153963 0.99895334 3.5483398
0.8008992 -0.596996 -0.047429837 58.813232 0.59746015 0.80193955 -0.005254705 26.862427 0.041172408 -0.024124391 0.9988608 3.6027832
0.79749966 -0.60147107 -0.047293223 59.68286 0.6018884 0.7985598 -0.006444186 27.508667 0.04164577 -0.023320567 0.9988606 3.65625
0.79256797 -0.60800827 -0.045833763 60.5542 0.60836387 0.7935851 -0.0073405197 28.182861 0.04084099 -0.022064714 0.99892235 3.7050781
0.78901225 -0.6128826 -0.044443 61.413086 0.61322737 0.789964 -0.0070036077 28.85913 0.03940294 -0.021719042 0.9989876 3.761963
0.78260434 -0.62077147 -0.045068994 62.273193 0.62110984 0.78359425 -0.0077638915 29.548706 0.04013626 -0.021922775 0.9989536 3.8170166
0.7773967 -0.6274074 -0.045753516 63.125732 0.62772894 0.77843356 -0.008751421 30.243286 0.041108858 -0.021916902 0.99891424 3.8631592
0.77263623 -0.63311905 -0.045734305 63.97583 0.6333764 0.7737069 -0.010483848 30.945557 0.0420204 -0.02086926 0.9988986 3.9160156
0.76579535 -0.6412373 -0.04662163 64.82373 0.641452 0.766937 -0.012177653 31.663208 0.04356734 -0.020588934 0.9988382 3.970581
0.7610837 -0.64708346 -0.04634065 65.67236 0.6471922 0.76226 -0.014644517 32.377563 0.044797596 -0.018838476 0.9988186 4.0269775
0.7543417 -0.65500605 -0.045317095 66.52173 0.65507466 0.75548565 -0.015392942 33.11609 0.04431562 -0.018072892 0.99885386 4.07959
0.74803215 -0.6622586 -0.044297636 67.34448 0.66230094 0.74913836 -0.015820682 33.861206 0.043660108 -0.017503593 0.9988929 4.1292725
0.7420057 -0.66911834 -0.04247461 68.1814 0.66906935 0.7430593 -0.017450362 34.61255 0.043239746 -0.015465613 0.99894524 4.1896973
0.73587203 -0.675858 -0.04152094 69.023926 0.67576706 0.7368983 -0.018320918 35.38159 0.042974 -0.014577364 0.99896955 4.247925
0.72901726 -0.6831047 -0.042749472 69.83887 0.6829293 0.7301357 -0.020862684 36.15808 0.04546572 -0.013990279 0.9988678 4.307373
0.7248649 -0.6874607 -0.043348648 70.66577 0.68733364 0.72600114 -0.02014809 36.945923 0.045319136 -0.015196507 0.9988566 4.362549
0.71819603 -0.69436395 -0.042559348 71.479004 0.6942681 0.71928614 -0.019409716 37.75049 0.044094495 -0.015610635 0.99890566 4.411255
0.713416 -0.6992717 -0.042964503 72.29834 0.6992072 0.7145186 -0.019022733 38.553345 0.044001494 -0.016477784 0.9988955 4.473755
0.7089221 -0.70377964 -0.04403612 73.11694 0.70371443 0.7100821 -0.019596176 39.376587 0.045065884 -0.017096447 0.9988382 4.5338135
0.70342326 -0.7093889 -0.045628756 73.92578 0.70930743 0.7046782 -0.020755792 40.20105 0.046876866 -0.01776548 0.99874264 4.591797
0.69893235 -0.7136893 -0.047872372 74.73828 0.7135197 0.70034665 -0.023559054 41.02588 0.050335888 -0.0176873 0.9985757 4.660034
0.693767 -0.7186475 -0.04868602 75.54199 0.71847063 0.6952353 -0.02418767 41.874268 0.051227715 -0.018194212 0.9985213 4.7226562
0.68852496 -0.72357523 -0.046813026 76.34912 0.7234184 0.68988425 -0.02332202 42.72583 0.049177974 -0.017808467 0.9986318 4.781616
0.684355 -0.72781014 -0.04493662 77.15234 0.72757536 0.68564284 -0.024429202 43.585815 0.048592005 -0.015976958 0.9986911 4.8477783
0.6792929 -0.73233885 -0.0447656 77.95459 0.7320493 0.68059325 -0.025678897 44.466675 0.04927608 -0.015329737 0.99866784 4.9188232
0.67422664 -0.73719597 -0.04404381 78.75488 0.7368702 0.67550457 -0.026378114 45.33789 0.04919357 -0.014672443 0.9986813 4.9835205
0.6697513 -0.74136704 -0.042510774 79.55078 0.7409751 0.6709703 -0.027438786 46.224487 0.048870094 -0.013117185 0.9987196 5.0477295
0.6656159 -0.7451034 -0.04116969 80.34424 0.74463695 0.66678846 -0.028771639 47.122192 0.04888572 -0.0115042245 0.9987381 5.110718
0.66244084 -0.7481201 -0.03957405 81.14624 0.7474966 0.66356707 -0.031718686 48.020264 0.04998187 -0.00857398 0.9987128 5.178589
0.65829587 -0.75153214 -0.040717702 81.93701 0.7507137 0.6595166 -0.035764597 48.927734 0.053735357 -0.0070321653 0.99853027 5.2452393
0.65247905 -0.756725 -0.038216114 82.71533 0.75569856 0.6535898 -0.039523862 49.841064 0.054891985 -0.0030925404 0.99848783 5.307251
0.6485444 -0.76054823 -0.03321904 83.505615 0.7592799 0.6493861 -0.044023827 50.766846 0.05505386 0.0033286167 0.99847776 5.383301
0.63896406 -0.7686757 -0.029770495 84.28711 0.76721513 0.6396086 -0.04800792 51.69702 0.05594673 0.007844435 0.9984036 5.46521
0.6314309 -0.7748974 -0.025502047 85.07178 0.7734449 0.63184947 -0.048687417 52.635742 0.05385152 0.011014249 0.9984881 5.540283
0.6216894 -0.78283525 -0.022079293 85.83594 0.7814586 0.62195194 -0.04810731 53.600098 0.051402614 0.012662422 0.9985985 5.602417
0.6114807 -0.7909285 -0.021715697 86.59253 0.78955877 0.6117426 -0.048116222 54.57788 0.051351435 0.012276654 0.9986053 5.6813965
0.6027663 -0.7975889 -0.023140665 87.336914 0.79611677 0.6030995 -0.049794845 55.55786 0.053673115 0.011578198 0.9984906 5.7493896
0.5933515 -0.80458707 -0.023094174 88.06885 0.80300546 0.59367394 -0.051899485 56.55713 0.05546774 0.0122598065 0.99838585 5.8234863
0.5833685 -0.8117478 -0.023697019 88.79907 0.8100887 0.5837295 -0.053208046 57.56372 0.057033285 0.011836757 0.9983019 5.894165
0.57482946 -0.8181758 -0.018945422 89.516846 0.81651354 0.5749227 -0.054481752 58.585205 0.05546444 0.015855987 0.9983351 5.9744873
0.56296927 -0.8263392 -0.016267063 90.22363 0.8247344 0.5629429 -0.05424443 59.616943 0.053992912 0.017131357 0.998395 6.0512695
0.5531261 -0.83304775 -0.015805235 90.921875 0.83137304 0.55307055 -0.055665944 60.660156 0.055103876 0.017649285 0.99832445 6.130005
0.5433736 -0.8393443 -0.017116688 91.60498 0.83762616 0.5434039 -0.056051977 61.715576 0.056342866 0.016127134 0.9982816 6.2070312
0.5328157 -0.84613895 -0.017503161 92.27246 0.8443496 0.53287244 -0.05718615 62.7854 0.057707444 0.015686512 0.9982099 6.2838135
0.52287066 -0.8521847 -0.01850878 92.934326 0.8503971 0.52301055 -0.05691409 63.86133 0.058183838 0.014010531 0.9982071 6.3601074
0.51142496 -0.85903937 -0.01853291 93.582275 0.8572466 0.5115885 -0.057039775 64.95874 0.05848323 0.013280756 0.9981999 6.444092
0.50303715 -0.86403 -0.018337794 94.218994 0.86234975 0.50322926 -0.055172205 66.05469 0.056900322 0.011949446 0.9983089 6.524292
0.4971 -0.8676549 -0.015101133 94.853516 0.8660761 0.49713755 -0.05410092 67.15845 0.054447137 0.013807279 0.9984209 6.6033936
0.4868433 -0.8733655 -0.014215894 95.470215 0.87177634 0.48684508 -0.0545322 68.2832 0.054546952 0.014155485 0.99841094 6.680664
0.47891092 -0.8778425 -0.013357351 96.0896 0.87612015 0.47884196 -0.057151034 69.40991 0.056546275 0.015656896 0.9982765 6.7617188
0.47318882 -0.8808442 -0.012116932 96.69653 0.8789475 0.47300276 -0.060502052 70.53076 0.059025504 0.017969936 0.99809426 6.8430176
0.46716106 -0.88419414 -0.011048392 97.29639 0.88210577 0.46685725 -0.06399127 71.66626 0.06172694 0.020151012 0.9978897 6.923584
0.46183655 -0.8868305 -0.0102149695 97.88794 0.8845352 0.4614194 -0.067502484 72.805176 0.0645701 0.022135153 0.9976674 7.017578
0.456605 -0.8896393 -0.007683273 98.47388 0.88733613 0.45601448 -0.06849242 73.94238 0.06443175 0.024458408 0.9976225 7.1101074
0.45349306 -0.89131 -0.0042373743 99.0564 0.88924 0.45275316 -0.06612896 75.08789 0.060869638 0.026230447 0.9978017 7.1990967
0.45114926 -0.8924093 0.0012854808 99.63843 0.8905647 0.45012245 -0.06492785 76.2124 0.0573762 0.03044298 0.99788886 7.2924805
0.44664523 -0.8947918 0.003732446 100.20825 0.8931068 0.4455398 -0.06334859 77.3501 0.055012 0.031628784 0.99798465 7.376953
0.4438787 -0.89612925 0.005524946 100.76929 0.89453226 0.44270128 -0.06273235 78.48926 0.053753935 0.0327877 0.9980157 7.462036
0.44138885 -0.8973175 0.007859549 101.32788 0.89583856 0.44011945 -0.061920084 79.61401 0.052085638 0.034371067 0.998051 7.550049
0.43734628 -0.89918864 0.009761104 101.87305 0.897795 0.43600088 -0.0614515 80.74219 0.051000107 0.035652608 0.9980628 7.626343
0.43633842 -0.8996101 0.011243744 102.41992 0.898272 0.43492198 -0.0613781 81.861084 0.050333254 0.0368897 0.99805135 7.708374
0.4338062 -0.90110856 0.013527237 102.95093 0.8998415 0.43227094 -0.061581895 82.97119 0.049648043 0.03887812 0.9980093 7.7817383
0.43130642 -0.90206665 0.017849803 103.48535 0.90100574 0.42959565 -0.06085436 84.08325 0.04722193 0.0423156 0.997987 7.860962
0.42926896 -0.90287864 0.021308977 104.01514 0.9019923 0.42742527 -0.060279954 85.18823 0.045315158 0.045097347 0.9979543 7.9310303
0.42772636 -0.90365314 0.021826845 104.52319 0.9027402 0.4258143 -0.061291326 86.27026 0.046091516 0.04590887 0.9978811 8.003174
0.4277373 -0.9036351 0.023226433 105.035645 0.9027525 0.4257242 -0.06206522 87.34302 0.046192296 0.047518108 0.997802 8.074585
0.42723396 -0.9039269 0.023185771 105.53906 0.90299284 0.42517254 -0.06310516 88.41138 0.0471925 0.04790368 0.9977368 8.147217
0.42874944 -0.9033089 0.021857802 106.02002 0.90226084 0.4266971 -0.06422958 89.46704 0.048687033 0.04726121 0.9976956 8.217529
0.42976868 -0.90276676 0.01931406 106.51294 0.901657 0.42788813 -0.06316219 90.5188 0.048758373 0.04457435 0.99781626 8.286621
0.43280277 -0.90141624 0.016814701 106.99658 0.9001962 0.43103686 -0.063286856 91.551025 0.04979285 0.042517375 0.99785364 8.35791
0.43949753 -0.8981301 0.014875472 107.48584 0.89684945 0.43782437 -0.06314848 92.57617 0.050208993 0.041098658 0.9978928 8.430176
0.4458388 -0.8950459 0.013702115 107.99121 0.89373344 0.44422027 -0.06305322 93.5957 0.05034166 0.040350102 0.9979161 8.501099
0.45220903 -0.8917129 0.01255784 108.48779 0.8904192 0.45068002 -0.062016375 94.60449 0.049635135 0.039236408 0.9979969 8.568237
0.45827517 -0.88859725 0.011326003 108.986084 0.88732666 0.45684516 -0.060778283 95.60303 0.048842337 0.037909895 0.9980869 8.631958
0.4703204 -0.88240474 0.010892159 109.5105 0.8811531 0.46890712 -0.06044076 96.59961 0.048230838 0.038022615 0.99811196 8.703735
0.47728828 -0.8787044 0.009863044 110.02661 0.87747574 0.47595444 -0.05937605 97.57495 0.047484946 0.036988452 0.9981864 8.766846
0.4883449 -0.872481 0.007842831 110.565674 0.8711464 0.48705497 -0.060397744 98.55884 0.04888098 0.036336508 0.998144 8.825806
0.49751443 -0.86740667 0.002693601 111.09839 0.8658955 0.49645928 -0.060635652 99.50879 0.0512548 0.03250825 0.99815685 8.89502
0.50857556 -0.86095303 -0.00021256041 111.64673 0.8593239 0.5076283 -0.06136474 100.45532 0.052942242 0.031027429 0.99811554 8.963623
0.52334505 -0.85213655 -0.0028732708 112.210205 0.85056126 0.52257633 -0.05910462 101.4043 0.05187609 0.028489036 0.99824715 9.025513
0.5342382 -0.84545285 -0.0032752696 112.78784 0.8440426 0.5335637 -0.055790972 102.33154 0.04890966 0.027032133 0.9984368 9.09314
0.54774857 -0.83672005 -0.0037144367 113.37378 0.83536625 0.5471051 -0.054598574 103.25488 0.04771386 0.026794516 0.9985011 9.160156
0.55811054 -0.8297316 -0.0042557167 113.967285 0.82844806 0.5575188 -0.05297593 104.14551 0.046331976 0.026042443 0.9985866 9.223633
0.56966335 -0.8219664 -0.0049132947 114.57593 0.8206477 0.5690698 -0.053529028 105.033936 0.04679032 0.026454587 0.9985539 9.280762
0.581039 -0.8137926 -0.006093724 115.19751 0.81238514 0.5804449 -0.05492646 105.90967 0.04823578 0.026971107 0.9984722 9.343506
0.5905572 -0.80693495 -0.005533734 115.81616 0.80548143 0.58988005 -0.05634663 106.76294 0.04872636 0.028820338 0.9983964 9.406738
0.6021377 -0.79837537 -0.0065136994 116.446045 0.79693806 0.60150707 -0.055626143 107.60425 0.04833077 0.02830806 0.9984304 9.474609
0.61383283 -0.7894059 -0.0054758736 117.08765 0.78811437 0.61319834 -0.05335595 108.437256 0.04547245 0.02844192 0.998561 9.531738
0.62282646 -0.78234595 -0.0035998654 117.71924 0.7812126 0.62216 -0.051128842 109.2439 0.042245734 0.029025575 0.9986851 9.588135
0.6343816 -0.77294654 -0.0041419817 118.36865 0.77188426 0.63377386 -0.049289055 110.04956 0.04072 0.028073605 0.9987763 9.648193
0.64280456 -0.76601356 -0.0073739677 119.00195 0.7649301 0.642356 -0.047849096 110.82251 0.041387506 0.025115572 0.9988274 9.698242
0.6525598 -0.7575382 -0.010220222 119.648926 0.75642616 0.6522361 -0.047012623 111.58789 0.042290013 0.022947762 0.9988419 9.757568
0.6624215 -0.74911684 -0.011266127 120.31421 0.74803257 0.6621526 -0.045897152 112.33862 0.041838065 0.021982053 0.9988829 9.806274
0.6702233 -0.74202263 -0.010689903 120.96094 0.7410322 0.6699618 -0.043966785 113.078125 0.03979435 0.021547273 0.9989757 9.855835
0.6785356 -0.7344442 -0.009025622 121.63306 0.7335514 0.6782327 -0.04247711 113.80615 0.037311647 0.022203894 0.99905723 9.903564
0.6878476 -0.7258335 -0.009050105 122.30664 0.72495025 0.6875377 -0.042299297 114.51343 0.036924016 0.022538263 0.99906415 9.957275
0.6950865 -0.71880627 -0.010818891 122.95679 0.71792704 0.69485676 -0.04122688 115.204346 0.037152283 0.0208876 0.99909127 10.003174
0.7036023 -0.71046823 -0.0108233895 123.636475 0.70962274 0.70338 -0.040382855 115.891846 0.036305994 0.020733923 0.99912566 10.052368
0.7094374 -0.70459074 -0.010100376 124.29883 0.70388347 0.7092541 -0.036859263 116.56323 0.03313654 0.019035885 0.9992695 10.095093
0.7165047 -0.69753534 -0.009036659 124.9707 0.6969366 0.71633166 -0.034125086 117.22803 0.030277561 0.018154338 0.9993768 10.141724
0.7250664 -0.6885258 -0.009071263 125.6416 0.6879574 0.72490466 -0.03316115 117.873535 0.029407136 0.01780611 0.99940914 10.182495
0.7315465 -0.6817679 -0.009373493 126.299805 0.68124825 0.73141956 -0.031332158 118.49536 0.028217433 0.01653857 0.99946505 10.225708
0.7384626 -0.6743302 -0.010623286 126.958984 0.673863 0.7384042 -0.028788572 119.11499 0.027254162 0.014104111 0.99952906 10.259033
0.748634 -0.6630824 -0.009536422 127.63403 0.66272455 0.7485908 -0.0250988 119.71875 0.023777137 0.012469292 0.9996394 10.297363
0.7572374 -0.6531688 -0.00844515 128.2981 0.6528965 0.7572041 -0.021853838 120.295654 0.020661136 0.011032686 0.9997255 10.32605
0.7679987 -0.6404836 -0.008940233 128.97437 0.64026403 0.768 -0.018951152 120.86914 0.019002328 0.008829342 0.99978036 10.360352
0.7776705 -0.6285254 -0.010869142 129.62915 0.62829125 0.77770704 -0.018858347 121.41724 0.020306848 0.007834131 0.99976295 10.387451
0.78618336 -0.6177492 -0.012242818 130.30615 0.6174998 0.78624344 -0.019057652 121.94873 0.021402907 0.007424266 0.9997434 10.416748
0.79750335 -0.6030512 -0.013135923 130.99731 0.6028174 0.7975857 -0.01797504 122.47925 0.021319758 0.0064162826 0.9997521 10.440308
0.80659187 -0.5909562 -0.0116264485 131.677 0.5907666 0.8066518 -0.016197417 122.9812 0.018951757 0.0061947918 0.9998011 10.472046
0.8173951 -0.5759483 -0.009822551 132.37964 0.57580715 0.81743354 -0.014009841 123.48389 0.01609757 0.0057967734 0.99985355 10.495972
0.8260181 -0.56357884 -0.0077932943 133.06885 0.56346864 0.82603216 -0.012712165 123.96924 0.013601715 0.006107418 0.99988866 10.521973
0.8349938 -0.5502065 -0.0052169766 133.78516 0.550126 0.8349821 -0.011631177 124.43701 0.010755734 0.0068395324 0.9999186 10.535034
0.84372294 -0.5367676 -0.0031263414 134.50977 0.53671396 0.84369904 -0.010382543 124.899414 0.008209871 0.0070816656 0.9999411 10.553955
0.8503477 -0.5263861 -0.0011344608 135.21582 0.52634805 0.8503087 -0.010360389 125.34985 0.0064160028 0.008213119 0.9999456 10.573853
0.8564267 -0.5164611 -0.00091516506 135.94409 0.5164258 0.8563863 -0.010312569 125.789795 0.0061088316 0.00835907 0.99994624 10.58667
0.8641682 -0.5032017 -0.0010725362 136.70093 0.5031801 0.8641476 -0.0076524224 126.2229 0.004777367 0.0060733715 0.99997 10.611084
0.8697077 -0.49366388 -0.0011397405 137.42236 0.4936468 0.869693 -0.0066148164 126.6499 0.0042561702 0.0051904665 0.99997735 10.614136
0.8764722 -0.48136213 -0.0011709044 138.19092 0.48135158 0.87646484 -0.004915609 127.06445 0.0033929711 0.003744855 0.9999871 10.630005
0.8821068 -0.47108987 -0.0013514883 138.94019 0.4710764 0.8820974 -0.0055494984 127.47412 0.0038065938 0.004258505 0.99998355 10.643677
0.8873219 -0.46120518 -0.0010597222 139.68921 0.46118972 0.88730705 -0.006454211 127.87793 0.003917151 0.005238265 0.9999785 10.653076
0.89168024 -0.45264664 -0.0015740904 140.49097 0.45262593 0.8916642 -0.00706885 128.27734 0.004602946 0.0055903727 0.9999738 10.665283
0.89467144 -0.44672027 -0.0013680252 141.25488 0.44670367 0.8946578 -0.0064077377 128.67041 0.0040869303 0.005121815 0.99997854 10.673706
0.8984497 -0.43913296 0.0011371388 142.05566 0.43913355 0.8984399 -0.0042996868 129.06567 0.0008656052 0.0043625413 0.9999901 10.684082
0.90090257 -0.43400308 0.004054209 142.86694 0.4340089 0.90090877 -0.00065263594 129.46313 -0.0033692196 0.002347384 0.9999916 10.688843
0.9042312 -0.4269625 0.005730632 143.69067 0.42695665 0.90424925 0.0022691092 129.86108 -0.006150771 0.00039507216 0.999981 10.690186
0.9077617 -0.41944706 0.007263328 144.53271 0.4194202 0.9077897 0.0049566845 130.24878 -0.0086725 -0.0014528022 0.99996126 10.693481
0.9103491 -0.41379255 0.008489877 145.36987 0.41374412 0.9103845 0.006916391 130.64624 -0.010590758 -0.002784058 0.99994004 10.68689
0.91343904 -0.4067433 0.011420392 146.25 0.406676 0.91350716 0.0078028054 131.03003 -0.013606483 -0.0024819341 0.99990433 10.6813965
0.9169619 -0.39874086 0.014421498 147.13306 0.3986551 0.917073 0.008525036 131.41064 -0.016625728 -0.002069226 0.99985963 10.674927
0.9199503 -0.39170876 0.015523835 148.01636 0.39162827 0.9200803 0.008049815 131.80249 -0.017436905 -0.0013247067 0.99984705 10.663696
0.92379963 -0.38259545 0.01605743 148.92188 0.38252378 0.9239388 0.007442469 132.17944 -0.017682765 -0.0007328391 0.9998433 10.6414795
0.92792606 -0.3723912 0.016786572 149.84814 0.37235588 0.92807686 0.0053009624 132.54053 -0.017553352 0.0013309655 0.9998451 10.640991
0.9314181 -0.3635665 0.015933495 150.77686 0.36354226 0.9315528 0.004493074 132.9148 -0.016476342 0.0016068751 0.9998631 10.622314
0.9362317 -0.35108003 0.014644036 151.74731 0.35106894 0.93634415 0.0034075603 133.27783 -0.014907917 0.0019510533 0.99988693 10.615112
0.94082797 -0.33855647 0.012802858 152.69922 0.3385154 0.9409148 0.0053160284 133.64185 -0.0138466265 -0.0006662683 0.999904 10.6015625
0.9462149 -0.3232172 0.013706743 153.6919 0.32311246 0.94630396 0.009332548 133.99072 -0.015987016 -0.0044008 0.9998625 10.590698
0.9526148 -0.30384663 0.015296661 154.70581 0.30366367 0.9527046 0.013180827 134.323 -0.018577356 -0.007911537 0.99979615 10.572266
0.9585439 -0.2844398 0.016331622 155.73022 0.2841898 0.958623 0.01604807 134.64038 -0.02022078 -0.010740497 0.99973774 10.558472
0.96473455 -0.26270407 0.016835358 156.78271 0.26240894 0.96479636 0.017873807 134.93506 -0.020937895 -0.012825469 0.99969834 10.547974
0.9701675 -0.24172558 0.018208174 157.83325 0.24137755 0.97023153 0.01938985 135.21753 -0.022353098 -0.0144148255 0.99964607 10.52417
0.97556955 -0.21863788 0.02145643 158.92383 0.21822278 0.97569144 0.020113628 135.47168 -0.025331609 -0.014938898 0.9995673 10.508545
0.9801196 -0.19690154 0.024426674 160.01025 0.19637921 0.9802767 0.022227395 135.69922 -0.028321337 -0.016989272 0.99945444 10.481323
0.98418736 -0.1746826 0.029339323 161.14575 0.17400171 0.98444337 0.024370212 135.91113 -0.033140197 -0.018881252 0.9992726 10.460083
0.9878172 -0.15221387 0.032384463 162.27368 0.1514053 0.988127 0.026122602 136.09717 -0.035975657 -0.020901369 0.9991341 10.426758
0.9909959 -0.12970464 0.033154987 163.40698 0.1288103 0.99127656 0.027826643 136.2666 -0.036475696 -0.023304794 0.9990626 10.391602
0.9937194 -0.107234605 0.031920705 164.57764 0.10636897 0.99393964 0.027679645 136.39917 -0.034696147 -0.02410913 0.99910676 10.358276
0.9958562 -0.08515903 0.031877417 165.73535 0.08424396 0.99602157 0.029021433 136.50879 -0.034222275 -0.026214588 0.9990702 10.324097
0.9973502 -0.06468637 0.03327358 166.95044 0.06379809 0.99759406 0.02710681 136.59912 -0.03494693 -0.024911981 0.99907887 10.291626
0.9982977 -0.045640096 0.03630911 168.12964 0.04466675 0.9986319 0.027182784 136.66772 -0.037500072 -0.025514407 0.9989708 10.260132
0.99897254 -0.025193153 0.037666257 169.35352 0.024155162 0.99932283 0.02776116 136.71802 -0.038340006 -0.026822664 0.9989045 10.220093
0.99923855 -0.0047156885 0.03872632 170.58398 0.003564088 0.999551 0.02974591 136.73608 -0.03884927 -0.029585155 0.99880683 10.177856
0.9990661 0.017627092 0.039441116 171.81372 -0.01882051 0.99937004 0.030087296 136.73145 -0.038885765 -0.0308018 0.9987685 10.143799
0.9984881 0.037251383 0.040418934 173.06348 -0.03856895 0.9987328 0.032320987 136.69946 -0.039163474 -0.03383112 0.9986599 10.099609
0.9976687 0.055951327 0.03908665 174.33813 -0.057299506 0.9977695 0.034263965 136.64673 -0.03708274 -0.036423493 0.99864805 10.053589
0.9962579 0.07766751 0.037925724 175.61084 -0.07895336 0.9963087 0.03368428 136.56934 -0.03516948 -0.036551774 0.99871314 10.019531
0.99486697 0.094467245 0.036311097 176.85522 -0.09576771 0.99475616 0.035929333 136.45728 -0.03272719 -0.039221127 0.9986948 9.978638
0.99276453 0.11472298 0.035471592 178.19238 -0.11602345 0.99255466 0.0370737 136.31836 -0.030954178 -0.040920824 0.99868274 9.942993
0.99010557 0.13617638 0.0336851 179.52783 -0.13741098 0.98979586 0.03754013 136.16016 -0.028227054 -0.041798543 0.9987272 9.912109
0.9878233 0.15300009 0.028287048 180.83008 -0.15401031 0.98734593 0.037850194 135.98145 -0.022137817 -0.041746035 0.9988827 9.8845215
0.9847598 0.17238604 0.023394836 182.15015 -0.17322911 0.98404735 0.040727213 135.77222 -0.01600228 -0.04415881 0.9988962 9.86792
0.98164004 0.18980242 0.018448103 183.48145 -0.1904478 0.9807015 0.04401268 135.52808 -0.009738121 -0.046718698 0.9988611 9.845703
0.9782715 0.20672812 0.015541242 184.80615 -0.20723318 0.9772096 0.045931444 135.27075 -0.0056933826 -0.048154354 0.9988243 9.848633
0.9739659 0.22623946 0.014123681 186.15918 -0.22666313 0.97275716 0.048580896 134.97607 -0.0027460326 -0.050517175 0.99871916 9.843384
0.9700532 0.24242227 0.01490665 187.50098 -0.24286275 0.9688902 0.04758045 134.66162 -0.002908975 -0.049776606 0.9987564 9.847778
0.9652654 0.26085132 0.014992862 188.85938 -0.26127204 0.9641363 0.046733327 134.30542 -0.0022669593 -0.04902749 0.9987952 9.850708
0.9604392 0.27828795 0.011306369 190.19873 -0.27850884 0.95929676 0.04687559 133.9331 0.0021989248 -0.048169468 0.99883664 9.862671
0.9559687 0.29342645 0.008525446 191.54346 -0.29349017 0.9547819 0.0479892 133.54541 0.005937073 -0.048377484 0.99881154 9.880249
0.95075214 0.3097401 0.008540032 192.90674 -0.30976737 0.949449 0.05031577 133.11621 0.007483209 -0.050483983 0.9986965 9.886475
0.94467586 0.32794666 0.009591984 194.27466 -0.32798463 0.9432475 0.052560233 132.67163 0.008187808 -0.05279688 0.99857134 9.909912
0.9389296 0.3440671 0.008106079 195.62549 -0.34396708 0.9373416 0.0557998 132.20312 0.011597913 -0.055180226 0.9984091 9.92981
0.9318151 0.36287016 0.0062651676 196.95874 -0.36261868 0.93018496 0.057068273 131.7124 0.014880388 -0.055447 0.9983508 9.957764
0.92449206 0.381122 0.0042086397 198.32788 -0.38070655 0.92284226 0.058153365 131.16577 0.018284287 -0.055365473 0.9982986 9.985718
0.91751343 0.39767444 -1.6367994e-05 199.67896 -0.39699554 0.9159496 0.058365975 130.59692 0.023228418 -0.053544857 0.99829507 10.033203
0.9091679 0.41643453 -0.0036590388 201.01147 -0.4154318 0.9075227 0.061940454 130.02783 0.02911316 -0.054795492 0.99807316 10.080811
0.9001239 0.4356601 -0.0049475157 202.34912 -0.43445134 0.8983664 0.06508794 129.41553 0.03279919 -0.056435373 0.99786687 10.133789
0.8867277 0.4622044 -0.0036808252 203.70483 -0.4609394 0.884837 0.067316346 128.7312 0.034374394 -0.057995785 0.9977251 10.184814
0.8743675 0.48514527 -0.0030674469 205.05518 -0.48370096 0.8722178 0.071857356 128.02173 0.037546083 -0.061350256 0.9974101 10.252808
0.8600726 0.5101989 -0.0026692587 206.37305 -0.50854 0.85767424 0.07628806 127.29932 0.041199196 -0.064260595 0.9970837 10.316406
0.8446834 0.5350653 -0.0018215678 207.63159 -0.53325754 0.84210026 0.07933561 126.53931 0.043994747 -0.06604392 0.9968469 10.388428
0.83062625 0.55677366 -0.0016165589 208.90625 -0.5548336 0.82796735 0.08106251 125.74194 0.0464715 -0.066437595 0.9967084 10.469482
0.81386364 0.5809043 -0.0022369088 210.16333 -0.5788004 0.8112313 0.08200664 124.904785 0.04946019 -0.06545341 0.9966301 10.549072
0.79841286 0.6018874 -0.005090035 211.40845 -0.59942746 0.79586077 0.083993465 124.011475 0.05460817 -0.0640141 0.9964553 10.642822
0.7813768 0.6240284 -0.007780516 212.62207 -0.6212018 0.77891135 0.08618502 123.07544 0.05983825 -0.06251337 0.9962492 10.7421875
0.7653678 0.6436589 -0.009104036 213.8274 -0.6405803 0.76295024 0.08791212 122.124756 0.06352668 -0.061451912 0.9960857 10.842285
0.7487768 0.66279674 -0.01101145 214.979 -0.65943474 0.7464662 0.08954328 121.15015 0.067573346 -0.059783507 0.99592066 10.952759
0.7325958 0.6806587 -0.0113016935 216.16455 -0.67721057 0.7303757 0.08973426 120.12915 0.069342785 -0.058074307 0.9958989 11.066284
0.7181138 0.6959649 -0.011788698 217.26294 -0.6924476 0.7160049 0.089681484 119.10449 0.07085233 -0.056228194 0.995899 11.18335
0.7032011 0.71077555 -0.013128037 218.35205 -0.70709026 0.70122576 0.090381876 118.02637 0.07346825 -0.054264423 0.99581885 11.305664
0.68631643 0.727142 -0.015312446 219.43774 -0.72319585 0.68452334 0.091738075 116.92822 0.07718745 -0.05189076 0.9956657 11.430786
0.6740656 0.738389 -0.017940875 220.48926 -0.7341287 0.6724514 0.09363787 115.83838 0.081217155 -0.049946655 0.9954443 11.56311
0.6576382 0.7531132 -0.018647669 221.51758 -0.7485717 0.6560519 0.09617776 114.69556 0.084673405 -0.04930305 0.9951896 11.694336
0.6419578 0.7666311 -0.018137513 222.53174 -0.76207584 0.64041865 0.09625018 113.52417 0.08540219 -0.04797789 0.9951919 11.842407
0.6254058 0.7801891 -0.015116458 223.52759 -0.77566487 0.62366235 0.097185 112.34741 0.08524638 -0.04905319 0.9951515 11.983643
0.60895556 0.7931018 -0.011197681 224.4978 -0.7886816 0.60694504 0.09777976 111.1499 0.084345154 -0.050692488 0.99514425 12.132568
0.5902492 0.8071533 -0.0053804982 225.44092 -0.8028978 0.58779645 0.09884419 109.9314 0.082949504 -0.054022603 0.9950885 12.275024
0.5725703 0.8198317 -0.001459347 226.35596 -0.81562144 0.56980747 0.10022498 108.72339 0.083001286 -0.056201853 0.994964 12.424561
0.5539352 0.83262086 0.00039702642 227.20898 -0.82823765 0.5509704 0.1027456 107.49365 0.08531639 -0.05724296 0.9947082 12.575195
0.53704065 0.8435224 0.0035350965 228.03735 -0.83893675 0.5336743 0.10645922 106.258545 0.087916285 -0.06014768 0.99431133 12.722412
0.51824516 0.85510415 0.0058358386 228.83887 -0.8506311 0.51481265 0.105891705 105.01074 0.08754438 -0.059843544 0.9943616 12.873047
0.49745548 0.8674727 0.010015948 229.60938 -0.8632626 0.493831 0.10477706 103.7417 0.085947014 -0.060764894 0.9944445 13.0271
0.4779708 0.87817585 0.013931151 230.30542 -0.8743193 0.4742434 0.10248315 102.50293 0.08341646 -0.061185874 0.9946364 13.169067
0.4573108 0.88916224 0.017387364 231.00146 -0.8855259 0.45346013 0.101308666 101.21753 0.08218502 -0.061723866 0.9947037 13.314453
0.43543082 0.90007216 0.018905025 231.67017 -0.8965841 0.4316534 0.09950502 99.9314 0.08138698 -0.06028224 0.9948585 13.45459
0.41418186 0.9098553 0.021408686 232.27368 -0.9064534 0.41029978 0.09920564 98.67871 0.0814722 -0.060505673 0.99483824 13.586792
0.39198455 0.91990167 0.021169875 232.84595 -0.9165573 0.38832477 0.09717565 97.38721 0.081142694 -0.057469126 0.9950423 13.7248535
0.36823654 0.9293686 0.020734 233.3794 -0.9259114 0.36470145 0.09715641 96.10132 0.08271847 -0.054977823 0.9950554 13.86145
0.3490311 0.93682176 0.01984781 233.87793 -0.9332497 0.3456436 0.09709989 94.84985 0.08410743 -0.052416433 0.99507713 13.993652
0.3274542 0.94465554 0.019897189 234.35522 -0.94130194 0.3243202 0.09359901 93.55591 0.08197689 -0.049367417 0.99540985 14.1311035
0.307666 0.9514009 0.019861689 234.78418 -0.9479141 0.3045663 0.09440646 92.28516 0.08377123 -0.04787285 0.9953346 14.261597
0.28765833 0.9575227 0.021635983 235.19556 -0.9537146 0.2842896 0.098330475 91.02051 0.08803761 -0.048922617 0.99491566 14.393921
0.26542467 0.9638048 0.02349997 235.57642 -0.9592202 0.26155773 0.10682306 89.758545 0.09679734 -0.050914854 0.99400234 14.535156
0.24824347 0.96836233 0.025743024 235.93115 -0.9630282 0.2438325 0.11461317 88.5083 0.104680985 -0.053223215 0.99307823 14.682007
0.22866015 0.97307324 0.028473895 236.25122 -0.9673806 0.22385527 0.118461475 87.27539 0.108900666 -0.05464493 0.9925507 14.841309
0.2077553 0.97754407 0.032776255 236.55054 -0.9718978 0.2025592 0.119221605 86.021484 0.10991064 -0.05662022 0.99232674 14.995361
0.18969122 0.9811224 0.03721627 236.82446 -0.9756838 0.1841392 0.11876621 84.78662 0.109629035 -0.058828153 0.9922281 15.151001
0.1695892 0.9845724 0.042226322 237.06812 -0.9793493 0.16361202 0.11847871 83.55591 0.10970425 -0.061450917 0.99206233 15.320801
0.15359776 0.98718643 0.04414374 237.27905 -0.9821641 0.14759393 0.1167851 82.31885 0.10878889 -0.06125393 0.99217254 15.459961
