1 0 0 0 0 1 0 0 0 0 1 0
0.99988815 0.00086892902 0.014931182 -0.022628065 -0.00085679538 0.9999993 -0.00081901969 -0.0031069869 -0.014931884 0.00080613514 0.99988819 0.11714402
0.99932959 0.0030775449 0.036481391 0.0075050147 -0.0030547426 0.9999951 -0.00068076762 0.0012412536 -0.03648331 0.00056887001 0.9993341 0.27248257
0.99795498 0.0052783639 0.063702424 0.046973757 -0.0053513716 0.99998521 0.00097550156 0.0015613769 -0.063696338 -0.001314402 0.99796846 0.42548324
0.99524407 0.004682568 0.097300154 0.078307192 -0.0049762158 0.99998377 0.0027755042 0.0016489889 -0.097285586 -0.0032464907 0.99525121 0.59159871
0.99084018 0.001509898 0.13503133 0.15873693 -0.0022154819 0.99998467 0.0050752182 0.0011635027 -0.13502161 -0.0053278896 0.99082833 0.79272721
0.9846134 -0.0018465568 0.17473709 0.23050612 0.00084544351 0.9999828 0.0058035197 -0.0072544071 -0.17474481 -0.0055664929 0.98459802 0.96368532
0.97599155 -0.0021637096 0.21779763 0.310659 0.00066168303 0.9999755 0.0069691277 -0.0056849454 -0.21780739 -0.0066576967 0.97596907 1.1747882
0.96412783 -0.0018764362 0.26543172 0.40252389 -0.00072985703 0.99995249 0.0097200984 0.003218688 -0.26543737 -0.0095651446 0.96408066 1.3967117
0.94994784 -0.0060316898 0.31235029 0.5514172 0.00098540689 0.99986648 0.016311172 0.012739935 -0.312407 -0.01518697 0.94982695 1.624911
0.93330019 -0.015599563 0.35875815 0.69557081 0.0071888988 0.99966743 0.024765917 -0.0021324432 -0.3590252 -0.020534959 0.93310194 1.854561
0.91174126 -0.021299534 0.41021238 0.84458695 0.0097966949 0.99949819 0.030122921 -0.0073498436 -0.41064817 -0.023445584 0.9114924 2.0766132
0.88716064 -0.023196327 0.46087733 1.0332858 0.0085299636 0.99938949 0.033880421 -0.0018550625 -0.4613819 -0.026126109 0.88681688 2.3179008
0.85839447 -0.025176629 0.51237198 1.2010014 0.0065010911 0.99924862 0.038208981 0.020390735 -0.51294901 -0.029467401 0.85791317 2.5382826
0.82698329 -0.030544935 0.56139614 1.4021175 0.0076553136 0.9990423 0.043079858 0.017903676 -0.56217441 -0.031328659 0.82642512 2.7461163
0.79085262 -0.036244128 0.61093246 1.6564173 0.0099240699 0.99887307 0.046412344 0.025363943 -0.61192621 -0.030642387 0.79032107 2.9727011
0.75319096 -0.040676052 0.65654307 1.9175396 0.010914809 0.9987217 0.049354144 0.031294396 -0.6577114 -0.030007053 0.75267213 3.1667189
0.71343245 -0.043948046 0.69934445 2.2061907 0.012008209 0.99865152 0.050506924 0.043673284 -0.70062114 -0.027635404 0.71299814 3.4317141
0.67164764 -0.045672829 0.73946155 2.5057316 0.011221461 0.99861063 0.051486794 0.060537109 -0.74078578 -0.026283144 0.67122699 3.6190994
0.62938433 -0.046205595 0.77571926 2.8604909 0.0069117963 0.99852409 0.053869003 0.082946558 -0.77706348 -0.028542693 0.62877477 3.8344651
0.58807132 -0.04683681 0.80745178 3.2041109 0.0038970977 0.9984744 0.055078934 0.095953217 -0.80879972 -0.029243623 0.58735668 4.060074
0.54756439 -0.048102457 0.83537975 3.5865011 0.0019701193 0.99841764 0.05619908 0.1180183 -0.83676126 -0.029126817 0.54679272 4.2458584
0.50830102 -0.050617261 0.85969059 3.9925886 0.0011433244 0.99830994 0.058102952 0.13550535 -0.86117875 -0.028550884 0.50749983 4.4572958
0.47170063 -0.050551508 0.88030847 4.4083835 -0.0019740851 0.99829222 0.058384482 0.15547893 -0.88175659 -0.0292778 0.47079527 4.6631362
0.43533189 -0.049815821 0.89889068 4.8650837 -0.0028457639 0.99838675 0.056708015 0.18029722 -0.90026558 -0.027244838 0.43448783 4.8302482
0.40135564 -0.048521562 0.91463612 5.3769191 -0.0018427014 0.99855101 0.053781861 0.19664252 -0.91592048 -0.023271054 0.40068467 5.0218697
0.37174526 -0.046803239 0.92715417 5.8887042 8.9576938e-05 0.99873009 0.050380514 0.21964802 -0.92833481 -0.018645665 0.37127737 5.2018555
0.34608323 -0.045099566 0.93711918 6.4188904 0.0013031701 0.99886611 0.047589915 0.24393212 -0.93820295 -0.015248845 0.34574958 5.3756757
0.32525594 -0.044324978 0.94458657 7.0005111 0.002218887 0.99893385 0.046111193 0.2711798 -0.94562346 -0.012902008 0.32500752 5.5618633
0.31135907 -0.045064877 0.94922316 7.5878266 0.003517207 0.99892275 0.046270696 0.29446379 -0.95028587 -0.011068186 0.31118216 5.7460144
0.29766582 -0.0462755 0.95354788 8.2302858 0.0043240247 0.99887961 0.047125624 0.3131413 -0.95466038 -0.0099045222 0.29753242 5.9614638
0.28712981 -0.048261658 0.95667508 8.8618496 0.0032337623 0.99877311 0.04941483 0.34135218 -0.95788626 -0.01109481 0.2869336 6.1317875
0.27638469 -0.049891946 0.95975112 9.5267651 0.0015686738 0.99867364 0.051463564 0.37788087 -0.96104585 -0.012718204 0.27609637 6.3138296
0.26622761 -0.051678188 0.96252384 10.220313 0.0010338159 0.99857652 0.05332792 0.40122986 -0.96390968 -0.013202292 0.26590206 6.502897
0.25669789 -0.053546634 0.96500719 10.935885 0.00012139697 0.99846585 0.055370907 0.4290587 -0.96649173 -0.014096445 0.25631057 6.6955492
0.24624114 -0.055226559 0.96763384 11.641645 -0.00046518864 0.99836841 0.057099078 0.46216667 -0.96920852 -0.014510274 0.24581369 6.8945273
0.23571293 -0.056624004 0.97017167 12.423167 -0.0013017116 0.99828181 0.058580914 0.48661861 -0.9718219 -0.015071162 0.23523422 7.0809516
0.22541561 -0.059490095 0.97244468 13.156596 -0.0021750058 0.99810078 0.0615638 0.52682132 -0.97426031 -0.015992514 0.2248581 7.2537178
0.21404869 -0.062808514 0.9748016 13.977478 -0.0043390423 0.99785971 0.065246971 0.56625486 -0.9768134 -0.018195734 0.21331804 7.429813
0.20167224 -0.06677698 0.97717402 14.720767 -0.0038626597 0.9976112 0.06897078 0.60562139 -0.97944549 -0.017683982 0.20093255 7.560606
0.1891402 -0.069236259 0.97950612 15.561804 -0.0046094195 0.99743756 0.071393807 0.64705393 -0.98193932 -0.018018393 0.1883364 7.757702
0.17526104 -0.070068218 0.98202542 16.307013 -0.0053525039 0.99738166 0.072119151 0.6816029 -0.98450749 -0.017895972 0.17442711 7.8942315
0.16099017 -0.069145602 0.98453084 17.133885 -0.0069943093 0.99743784 0.071195793 0.72455107 -0.98693127 -0.018347936 0.16009406 8.0094135
0.14393757 -0.068112906 0.98723985 17.93005 -0.0083420044 0.99750947 0.070037686 0.76182172 -0.98955165 -0.018316613 0.14301089 8.1373475
0.12365762 -0.066652417 0.99008392 18.763267 -0.010739569 0.99759336 0.068499282 0.79647435 -0.99226687 -0.019103533 0.1226442 8.2200496
0.098351673 -0.065007243 0.99302614 19.579727 -0.014828755 0.99765759 0.066779109 0.84158877 -0.99504128 -0.021293178 0.097157314 8.3595374
0.068683559 -0.064533429 0.99554906 20.413973 -0.019022215 0.99763953 0.065981291 0.88055468 -0.99745717 -0.023469378 0.067293863 8.3794525
0.035388192 -0.064496052 0.99729025 21.236243 -0.021504114 0.99763516 0.065281416 0.92129415 -0.9991423 -0.023756034 0.033917573 8.3916082
0.0018272018 -0.064040141 0.99794561 22.057491 -0.023827762 0.99766119 0.064065516 0.95385999 -0.99971445 -0.023895871 0.00029699357 8.4008482
-0.031721685 -0.062766594 0.99752394 22.899515 -0.023242219 0.99780269 0.062045021 0.9879807 -0.99922651 -0.021216497 -0.033110819 8.3639028
-0.067704054 -0.060713915 0.99585636 23.751621 -0.026740614 0.99789856 0.059020439 1.0191191 -0.99734707 -0.022633888 -0.069185306 8.265899
-0.10101185 -0.057463008 0.99322431 24.615737 -0.028926099 0.99807816 0.054802016 1.0553921 -0.99446466 -0.023194451 -0.10247991 8.1976594
-0.13285805 -0.053135707 0.98970968 25.453143 -0.026742644 0.99839053 0.050011849 1.0789832 -0.99077427 -0.019822976 -0.13406521 8.1039681
-0.16458446 -0.047282534 0.98522903 26.299775 -0.022272967 0.99877386 0.044211827 1.0968472 -0.98611153 -0.014667394 -0.16543578 7.9373301
-0.19440063 -0.041392833 0.98004844 27.124139 -0.015357593 0.99911525 0.039151825 1.1144154 -0.98080203 -0.0074400445 -0.19486433 7.7365522
-0.22215621 -0.035695395 0.97435742 27.92405 -0.010309804 0.99935975 0.034260687 1.1224379 -0.97495662 -0.0024342088 -0.22238199 7.5507317
-0.25121779 -0.028949039 0.96749754 28.748896 -0.0012947019 0.99956181 0.029572273 1.1406437 -0.96792976 0.0061764611 -0.25114518 7.3292905
-0.27996112 -0.018874125 0.95982574 29.544323 0.0052313527 0.99976188 0.021185311 1.1382558 -0.95999713 0.010952252 -0.27979572 7.0787802
-0.3051268 -0.003456508 0.95230542 30.340788 0.009663175 0.99993069 0.0067255344 1.1278562 -0.95226274 0.011254436 -0.30507225 6.7940753
-0.32945336 0.013355284 0.94407735 31.100906 0.010004407 0.9998932 -0.010653652 1.1064358 -0.94411889 0.0059350538 -0.32955178 6.5264187
-0.35358262 0.027807986 0.93498983 31.862009 0.0092893619 0.99961311 -0.026217044 1.0788679 -0.93535721 -0.00058443139 -0.35370414 6.2515603
-0.37856516 0.038661142 0.92476682 32.651635 0.012639324 0.99925003 -0.036600944 1.0378261 -0.92548838 -0.0021674138 -0.3787699 5.8940138
-0.40277826 0.043763587 0.9142507 33.445601 0.016982388 0.99904165 -0.040340695 0.99371967 -0.91514006 -0.00072219392 -0.40313548 5.5703397
-0.42451321 0.042817306 0.90440872 34.167281 0.019359445 0.99908209 -0.038212438 0.94503712 -0.90521479 0.0012871666 -0.42495247 5.206049
-0.44407191 0.039521963 0.89511903 34.922113 0.023113431 0.99919953 -0.032650741 0.89861654 -0.89569301 0.0061899964 -0.44462993 4.8251737
-0.46301596 0.038407081 0.88551739 35.638856 0.030019685 0.99916708 -0.027639771 0.86138251 -0.88584147 0.013785299 -0.46378328 4.4364721
-0.47727127 0.039274701 0.87787787 36.357044 0.03391417 0.99907972 -0.026259117 0.81773312 -0.87810137 0.017239779 -0.47816402 4.0325466
-0.4876231 0.042614105 0.87201358 37.037109 0.037051144 0.9989183 -0.028097057 0.77319998 -0.87226773 0.018608327 -0.48867454 3.652513
-0.49795972 0.045269347 0.86601775 37.724162 0.038672443 0.99880229 -0.02997376 0.73099773 -0.86633748 0.018565298 -0.49911398 3.2428137
-0.50789167 0.044253964 0.86028343 38.394182 0.032408568 0.99895413 -0.032254066 0.68400945 -0.86081113 0.011498984 -0.50879469 2.8324585
-0.51949766 0.04312991 0.85338264 39.089125 0.030564287 0.99902412 -0.031884577 0.65152286 -0.85392509 0.00951907 -0.52030893 2.4259949
-0.52768613 0.044391121 0.84827868 39.750491 0.032921709 0.99895202 -0.031796474 0.61004105 -0.84880126 0.011148226 -0.52859456 1.9882346
-0.53382317 0.047873615 0.84423982 40.43213 0.036787671 0.99876563 -0.033374888 0.56607315 -0.84479557 0.013241329 -0.5349254 1.5307888
-0.53926565 0.051004416 0.8405897 41.123175 0.037373465 0.99863025 -0.03661754 0.52453455 -0.84130603 0.011669169 -0.54043321 1.1065661
-0.53834238 0.052642157 0.84108039 41.823805 0.03635392 0.99856866 -0.039230438 0.4785213 -0.84194177 0.0094571631 -0.53948557 0.65013225
-0.53514777 0.053430227 0.84306703 42.537957 0.039345542 0.99849118 -0.038305294 0.44323002 -0.84384172 0.012671938 -0.53644257 0.20822587
-0.52910189 0.052362483 0.84694114 43.314558 0.037678634 0.99855959 -0.038197722 0.39405943 -0.8477214 0.011701099 -0.53031272 -0.25568878
-0.52244136 0.05090114 0.85115453 44.054941 0.035015819 0.99865531 -0.038229228 0.35008236 -0.85195597 0.0098313442 -0.52352118 -0.70752318
-0.5152829 0.050425582 0.85553535 44.842438 0.033886692 0.99868566 -0.0384532 0.31138244 -0.85634998 0.0091769877 -0.5163144 -1.1734419
-0.50925323 0.048811536 0.85923135 45.629517 0.030935121 0.99878332 -0.038404484 0.26058222 -0.86006059 0.0070228195 -0.51014363 -1.6452032
-0.50483224 0.046671162 0.86195484 46.439461 0.026582028 0.99890429 -0.038517747 0.20874065 -0.86280813 0.0034675078 -0.50551971 -2.0901021
-0.503536 0.0438975 0.8628583 47.290237 0.021723151 0.99903593 -0.038148547 0.16047114 -0.86370114 -0.00046516487 -0.50400415 -2.5570221
-0.5032972 0.041597518 0.86311153 48.13308 0.01892019 0.99913168 -0.037120253 0.10728883 -0.86390626 -0.0023522848 -0.50364721 -3.0373129
-0.50501822 0.040184181 0.8621727 48.974876 0.017108172 0.99918541 -0.036548951 0.059756 -0.86293915 -0.0037076868 -0.50529432 -3.5230493
-0.50532588 0.039954594 0.86200309 49.851714 0.017461644 0.99919644 -0.03607721 0.010213109 -0.86275194 -0.0031787563 -0.50561749 -4.0349225
-0.5052529 0.03856132 0.86210931 50.718754 0.016930455 0.99925181 -0.034773207 -0.039577188 -0.86280527 -0.0029733606 -0.50552774 -4.5426204
-0.50590383 0.03844091 0.86173288 51.602133 0.017523037 0.99925835 -0.034288384 -0.089339647 -0.86241192 -0.002246447 -0.50620223 -5.0393379
-0.505557 0.038049676 0.86195375 52.502299 0.017249392 0.99927316 -0.033994246 -0.1442477 -0.8626208 -0.0023178501 -0.50584588 -5.5768857
-0.50579722 0.036649348 0.8618735 53.400775 0.015473786 0.99932183 -0.033413134 -0.19635492 -0.86251365 -0.0035638228 -0.50602131 -6.0776008
-0.50584802 0.036029649 0.86186982 54.3007 0.015353459 0.99934513 -0.032765431 -0.24618272 -0.86248601 -0.0033416442 -0.50606994 -6.597139
-0.50541446 0.035324098 0.86215333 55.180557 0.014008695 0.99936593 -0.032733739 -0.30204911 -0.86276303 -0.0044664615 -0.50558884 -7.1128698
-0.50416467 0.033869833 0.86294308 56.074971 0.01350567 0.99941766 -0.031335817 -0.35899696 -0.86350196 -0.0041437863 -0.50432851 -7.6198805
-0.50217474 0.031810432 0.86418086 56.977302 0.014027993 0.99949137 -0.028639545 -0.41496489 -0.86465242 -0.0022593322 -0.50236556 -8.1306127
-0.499403 0.030656696 0.8658272 57.86892 0.014765744 0.99952977 -0.026873979 -0.46029795 -0.866244 -0.00063636201 -0.49962084 -8.6428402
-0.49670501 0.029972618 0.8674017 58.749591 0.014452059 0.99955059 -0.026263191 -0.51547265 -0.86779913 -0.00050931731 -0.49691495 -9.1479831
-0.49469251 0.030312197 0.86853925 59.652829 0.014939617 0.99954048 -0.026375031 -0.56528046 -0.86893969 -7.188562e-05 -0.49491804 -9.6522871
-0.49369585 0.030926325 0.86908452 60.538511 0.015050659 0.99952163 -0.02701818 -0.61776242 -0.86950442 -0.00025846775 -0.49392515 -10.148062
-0.49420108 0.032254179 0.86874904 61.442533 0.014167331 0.9994776 -0.029048456 -0.67392573 -0.86923222 -0.0020479223 -0.49439986 -10.643791
-0.49749897 0.034020772 0.86679715 62.294086 0.012963176 0.99941065 -0.031785469 -0.71986203 -0.86736774 -0.0045767931 -0.49764678 -11.13692
-0.50210658 0.034701105 0.86410922 63.156414 0.011740336 0.99937607 -0.033311244 -0.77589094 -0.86472609 -0.0065808617 -0.50220071 -11.63284
-0.50795481 0.03336372 0.86073731 64.044013 0.011911842 0.99942613 -0.0317099 -0.82589725 -0.86130139 -0.0058542286 -0.50806073 -12.125928
-0.51298164 0.030969372 0.8578407 64.913576 0.015049546 0.99951985 -0.027084702 -0.88467402 -0.85826768 -0.0009838409 -0.51320141 -12.643739
-0.51831295 0.028889364 0.85470289 65.760912 0.012328476 0.99957781 -0.026309911 -0.93508815 -0.85510219 -0.0030995829 -0.51845029 -13.159185
-0.52311719 0.031381131 0.85168278 66.594794 0.013330122 0.9995009 -0.028640067 -0.98862115 -0.85215654 -0.0036290753 -0.52327442 -13.672083
-0.5277814 0.034090488 0.84869581 67.437021 0.014116021 0.99940828 -0.031365939 -1.0288809 -0.84926297 -0.0045741509 -0.52795032 -14.19293
-0.53309455 0.033953721 0.84537405 68.275149 0.012466645 0.99940116 -0.032278595 -1.0880226 -0.84596385 -0.0066685645 -0.5331986 -14.703167
-0.53664004 0.034597502 0.84310167 69.098938 0.011213847 0.99936326 -0.033872157 -1.1442995 -0.84373679 -0.0087227416 -0.53668631 -15.224432
-0.53967472 0.033668039 0.84120009 69.91403 0.011139283 0.99939811 -0.032853282 -1.1999955 -0.84179996 -0.008359719 -0.53972493 -15.756054
-0.54255536 0.027247224 0.839578 70.744081 0.013244106 0.99962704 -0.023882712 -1.2491431 -0.83991567 -0.0018382325 -0.54271387 -16.273788
-0.54411136 0.019057436 0.83879651 71.566265 0.013868224 0.9998097 -0.013719598 -1.2852585 -0.83889842 0.0041676295 -0.54427212 -16.815355
-0.54702606 0.015942755 0.83696372 72.379058 0.014093129 0.99985232 -0.0098344656 -1.3223641 -0.83699697 0.0064157299 -0.54716996 -17.320333
-0.54783713 0.021991614 0.83629587 73.180175 0.014532833 0.99975375 -0.016769869 -1.351501 -0.83645881 0.0029665927 -0.54802183 -17.837748
-0.54922603 0.026669807 0.83524813 73.978114 0.014450956 0.99964427 -0.022416664 -1.398702 -0.83554892 -0.00024168066 -0.54941606 -18.360622
-0.54960245 0.032442761 0.83479611 74.769208 0.021529934 0.99946384 -0.024667654 -1.432636 -0.83514889 0.0044157027 -0.55000627 -18.88774
-0.54903416 0.033060812 0.83514574 75.573417 0.024619194 0.99942349 -0.023379121 -1.4736406 -0.83543728 0.0077246798 -0.54953157 -19.43151
-0.54784163 0.030276827 0.83603397 76.37304 0.024282501 0.99949932 -0.020284705 -1.5177758 -0.83622961 0.0091881907 -0.54830254 -19.965753
-0.54745687 0.025353788 0.8364497 77.17085 0.022260665 0.99962844 -0.015730309 -1.5547649 -0.83653781 0.010008262 -0.54781785 -20.477642
-0.54768818 0.019424346 0.83645698 77.961143 0.020652888 0.99973972 -0.0096932028 -1.5859161 -0.83642762 0.011966401 -0.5479468 -20.969657
-0.5475325 0.01279531 0.83668655 78.759341 0.011686328 0.9999025 -0.0076437426 -1.6207107 -0.83670285 0.0055925973 -0.54762864 -21.480982
-0.54508549 0.0074163287 0.83834763 79.568882 0.0028734416 0.99997153 -0.0069778273 -1.6470902 -0.83837558 -0.0013945688 -0.54509129 -21.983669
-0.54412501 0.0077803215 0.83896804 80.372865 0.0058817833 0.9999678 -0.0054586638 -1.6716274 -0.83898357 0.0019644336 -0.54415325 -22.493963
-0.54125914 0.011167629 0.84078164 81.161788 0.011249518 0.99991848 -0.0060393958 -1.7036077 -0.84078062 0.0061895105 -0.54134065 -23.00461
-0.53470428 0.014234934 0.84491931 81.941239 0.012097897 0.99988459 -0.0091896263 -1.7301941 -0.84495268 0.0053080151 -0.53481478 -23.500417
-0.52771232 0.01618547 0.84926891 82.720053 0.016974442 0.99981973 -0.0085072343 -1.7568205 -0.84925358 0.0099264944 -0.52789193 -23.987575
-0.51994209 0.019392822 0.85398131 83.525987 0.025069576 0.99965804 -0.007437472 -1.7919501 -0.85383359 0.017541896 -0.52025046 -24.481169
-0.50995144 0.019092108 0.85999125 84.323814 0.023924399 0.99968171 -0.0080067659 -1.8148131 -0.85987046 0.016491713 -0.5102459 -24.949931
-0.49962012 0.015981246 0.86609715 85.138151 0.01889369 0.999793 -0.0075491181 -1.8429891 -0.86603858 0.012592081 -0.49981865 -25.405227
-0.48727198 0.013867611 0.87314011 85.950488 0.021949261 0.9997525 -0.0036293357 -1.8616659 -0.87297441 0.017396308 -0.48745576 -25.852429
-0.47640512 0.012063314 0.87914309 86.771067 0.020547904 0.99978553 -0.0025838793 -1.8940493 -0.87898579 0.016833576 -0.47655082 -26.288215
-0.46521602 0.011124089 0.88512724 87.596481 0.020236305 0.99979336 -0.0019291422 -1.9113148 -0.88496588 0.017014238 -0.46534501 -26.709924
-0.45345508 0.012825202 0.89118681 88.411325 0.023692402 0.99971658 -0.0023318636 -1.9320751 -0.89096421 0.020056962 -0.45363042 -27.117503
-0.44096755 0.015683185 0.89738598 89.24329 0.022412735 0.99972794 -0.0064583461 -1.9645992 -0.8972432 0.017264954 -0.44119908 -27.514623
-0.4304691 0.025767302 0.9022374 90.060188 0.025654948 0.99953786 -0.016305831 -1.9877276 -0.90224068 0.016127699 -0.43093123 -27.902608
-0.41719306 0.030583153 0.90830312 90.899403 0.025513933 0.99943384 -0.021932768 -2.0223426 -0.90845972 0.014024188 -0.41773716 -28.277022
-0.40649485 0.026875544 0.91325767 91.736451 0.022867985 0.99955341 -0.019236436 -2.0524493 -0.91336688 0.013064851 -0.40692791 -28.640181
-0.39412725 0.023478794 0.91875589 92.582327 0.024023505 0.99959524 -0.015239056 -2.0927746 -0.91874189 0.016065611 -0.39453176 -28.996158
-0.38435669 0.023755478 0.92287894 93.424805 0.020339145 0.99964413 -0.0172607 -2.1296403 -0.92296063 0.012136304 -0.38470307 -29.329589
-0.37721479 0.028903932 0.92567462 94.267004 0.0174734 0.99955707 -0.024090434 -2.1629724 -0.92596099 0.0070874156 -0.37755276 -29.660385
-0.37194666 0.032421204 0.9276877 95.123199 0.007337195 0.99946133 -0.031987805 -2.2122748 -0.92822515 -0.0050911306 -0.37198418 -29.983986
-0.36820029 0.034590086 0.92910279 95.956644 0.0041063102 0.99935845 -0.035578354 -2.2558181 -0.92973747 -0.0092847755 -0.36810611 -30.309194
-0.36537378 0.034735735 0.93021253 96.795267 0.0044527114 0.99935731 -0.035568759 -2.3049174 -0.93085028 -0.0088539234 -0.36529363 -30.633526
-0.36029454 0.034442499 0.93220249 97.654355 0.0034084983 0.99936008 -0.03560642 -2.3578382 -0.93283241 -0.0096513878 -0.36018138 -30.962288
-0.35495491 0.030772472 0.93437679 98.489783 0.0016710331 0.99947741 -0.032281674 -2.4003631 -0.93488197 -0.0098971635 -0.35482084 -31.266806
-0.34873487 0.02788492 0.93680646 99.349889 0.0040091544 0.99959253 -0.028261359 -2.4406852 -0.93721288 -0.0060999191 -0.34870457 -31.574625
-0.34338324 0.024141589 0.93888501 100.20219 0.00061113983 0.99967512 -0.025481171 -2.4919673 -0.93919522 -0.0081760163 -0.34328643 -31.879175
-0.33807489 0.022493425 0.94085033 101.04511 -0.0047392144 0.99966097 -0.025602379 -2.5382597 -0.94110732 -0.013114412 -0.33785367 -32.165957
-0.33138037 0.022501546 0.94322885 101.90078 -0.015578906 0.99944878 -0.029315987 -2.5709925 -0.94336866 -0.024409216 -0.33084716 -32.447917
-0.32413897 0.025625332 0.94566231 102.74868 -0.014563531 0.99937943 -0.032072798 -2.6249464 -0.94589741 -0.024168226 -0.32356462 -32.728289
-0.31773623 0.029408553 0.94772293 103.59272 -0.012903216 0.99929223 -0.035334753 -2.6721269 -0.94809138 -0.023455804 -0.31713188 -33.001293
-0.31132433 0.027877155 0.9498947 104.45446 -0.013876514 0.99932971 -0.033875927 -2.7158384 -0.95020244 -0.023727627 -0.31072882 -33.283683
-0.30388943 0.022705999 0.95243665 105.31137 -0.014843144 0.99948177 -0.02856348 -2.7608674 -0.95259171 -0.022817294 -0.30339492 -33.540238
-0.2971027 0.02008928 0.95463413 106.16469 -0.014793062 0.99956182 -0.025638654 -2.802042 -0.95473097 -0.021739275 -0.29667533 -33.80009
-0.29089409 0.023057143 0.95647735 107.01596 -0.01743385 0.99941584 -0.029394398 -2.8497126 -0.95659645 -0.025225739 -0.29032219 -34.047882
-0.28443461 0.026122404 0.95833945 107.87874 -0.01682845 0.99933865 -0.032234633 -2.8919837 -0.95854777 -0.025296013 -0.2838069 -34.294987
-0.27738175 0.026981921 0.96038079 108.72961 -0.018254238 0.99927712 -0.033346988 -2.9319176 -0.9605864 -0.026780865 -0.27668871 -34.529826
-0.27045379 0.025630375 0.96239168 109.61103 -0.019432618 0.99929656 -0.032074227 -2.9855044 -0.96253686 -0.027376386 -0.26976548 -34.771618
-0.26285672 0.025509475 0.96449755 110.45359 -0.016758825 0.9993789 -0.030999352 -3.0290423 -0.96468936 -0.024312233 -0.26226595 -34.991066
-0.25499168 0.027050955 0.96656475 111.31628 -0.011874737 0.99944562 -0.031103881 -3.0730213 -0.96687037 -0.019408933 -0.2545291 -35.220545
-0.24821624 0.027292013 0.96832007 112.20088 -0.010567908 0.99946727 -0.030878838 -3.1199863 -0.96864704 -0.017897746 -0.24779559 -35.445012
-0.24139824 0.026386476 0.9700673 113.05386 -0.016958894 0.99936291 -0.031403503 -3.1614659 -0.97027798 -0.024032018 -0.24079696 -35.638968
-0.23560726 0.024334898 0.97154359 113.91847 -0.021576307 0.99930907 -0.030262787 -3.205939 -0.97160885 -0.028092455 -0.23491941 -35.833991
-0.23115481 0.024855117 0.9725994 114.80643 -0.017888902 0.99939604 -0.029791515 -3.2476674 -0.97275255 -0.024285187 -0.23057058 -36.042345
-0.22630783 0.024845156 0.97373888 115.65542 -0.016590297 0.99943132 -0.029356474 -3.2946621 -0.97391458 -0.022798217 -0.22576694 -36.23561
-0.2213801 0.026403824 0.97483004 116.5404 -0.016049949 0.99939934 -0.030714177 -3.3389517 -0.97505555 -0.02244548 -0.22082335 -36.434134
-0.21608841 0.025314035 0.97604555 117.38792 -0.01088975 0.99953919 -0.028334248 -3.3782496 -0.97631311 -0.016751594 -0.21571318 -36.616462
-0.21089623 0.02439702 0.97720391 118.26012 -0.0035790333 0.99966252 -0.025730136 -3.4200823 -0.97750195 -0.0089238331 -0.21073774 -36.808828
-0.20582217 0.023199723 0.97831433 119.16197 -0.0013179095 0.99971146 -0.0239844 -3.4652932 -0.97858857 -0.0062258503 -0.20573221 -37.003404
-0.20108582 0.024752718 0.9792608 120.01176 -0.0032967556 0.99965793 -0.025945264 -3.5024635 -0.97956812 -0.0084456075 -0.20093543 -37.170331
-0.19817168 0.026784237 0.97980126 120.87555 -0.0050808924 0.99958507 -0.0283527 -3.5421514 -0.9801542 -0.010596966 -0.19795337 -37.330044
-0.19631937 0.025824176 0.98019985 121.76422 -0.0073806471 0.99958589 -0.027813149 -3.5840756 -0.98051227 -0.012694768 -0.19604747 -37.499911
-0.19535624 0.024526607 0.98042557 122.61143 -0.009042086 0.99959971 -0.026807966 -3.6287012 -0.98069071 -0.014102195 -0.19505627 -37.657407
-0.19430656 0.020479782 0.98072701 123.50017 -0.0075249982 0.9997215 -0.022367319 -3.6656985 -0.98091203 -0.011726085 -0.19409833 -37.833565
-0.19382159 0.01523036 0.98091852 124.35279 -0.0071730921 0.99983075 -0.016941348 -3.7032395 -0.98101061 -0.010319817 -0.19367954 -37.98966
-0.1927638 0.013104507 0.98115764 125.21353 -0.0060184488 0.99987622 -0.014536933 -3.7358077 -0.98122677 -0.0087072407 -0.19266107 -38.152946
-0.19151697 0.017464869 0.98133386 126.08782 -0.0074908576 0.99978654 -0.019255186 -3.7733562 -0.98146076 -0.011038726 -0.19134526 -38.318126
-0.1913134 0.021247649 0.98129896 126.92825 -0.0087102881 0.99968955 -0.023344003 -3.8104315 -0.9814904 -0.013013417 -0.19106893 -38.47675
-0.19140514 0.020574167 0.98129542 127.78691 -0.010029883 0.99968708 -0.022916135 -3.8430356 -0.98145991 -0.014228544 -0.19113889 -38.636561
-0.19122115 0.01989566 0.98134528 128.65042 -0.011359761 0.99968273 -0.022480949 -3.8829716 -0.98148128 -0.01544668 -0.19093447 -38.797316
-0.19014968 0.020197719 0.98154728 129.47953 -0.0068743045 0.99973645 -0.021903724 -3.9211817 -0.98173109 -0.01091244 -0.18996072 -38.960089
-0.18944566 0.02285901 0.98162504 130.33732 -0.0086997678 0.99965065 -0.024957753 -3.9623682 -0.98185271 -0.013268047 -0.18918062 -39.117872
-0.1898031 0.023990397 0.98152899 131.1588 -0.01841111 0.99943868 -0.027988389 -3.9954809 -0.98164958 -0.023383321 -0.18925487 -39.253604
-0.18920317 0.025667958 0.98160238 131.9964 -0.021404968 0.99931294 -0.030256863 -4.0313035 -0.98170468 -0.026735861 -0.18852375 -39.400841
-0.18932078 0.028646257 0.9814973 132.82838 -0.022821609 0.99917597 -0.033564285 -4.0855004 -0.98165009 -0.028753764 -0.18851102 -39.552334
-0.18859413 0.029710956 0.98160554 133.6494 -0.01939301 0.99923467 -0.033970492 -4.1278676 -0.98186366 -0.025442921 -0.1878736 -39.705808
-0.18714099 0.030784691 0.98185053 134.47522 -0.020378592 0.99917207 -0.035211949 -4.1766489 -0.9821217 -0.026598331 -0.18635871 -39.856534
-0.18522348 0.03001562 0.98223787 135.30016 -0.016020589 0.99930835 -0.033558314 -4.2161569 -0.98256587 -0.021951817 -0.18461451 -40.013211
-0.181815 0.027434163 0.98294994 136.12543 -0.0064024705 0.99955653 -0.029081908 -4.2631394 -0.98331195 -0.011580835 -0.18155873 -40.165812
-0.17957076 0.02277646 0.98348131 136.93236 -0.00015266131 0.99973128 -0.023180666 -4.2982893 -0.98374509 -0.0043127086 -0.17951903 -40.325557
-0.17562704 0.023000094 0.98418802 137.75796 0.0041175819 0.99973546 -0.022628653 -4.3321778 -0.98444821 7.8272296e-05 -0.17567528 -40.466153
-0.17096781 0.02656463 0.9849184 138.56608 -0.0018306528 0.99962618 -0.027279094 -4.3861732 -0.98527496 -0.0064668898 -0.17085527 -40.597004
-0.16429917 0.030167518 0.9859491 139.37186 0.0011043793 0.99953723 -0.030399244 -4.4234343 -0.98640998 -0.0039057078 -0.16425645 -40.726693
-0.15703397 0.030399572 0.98712518 140.13908 -0.0023300583 0.99951195 -0.031151705 -4.4619482 -0.98759049 -0.0071919345 -0.1568865 -40.843803
-0.1464428 0.027555416 0.98883523 140.95668 0.0082788661 0.99961109 -0.026629631 -4.4894906 -0.98918454 0.0042867177 -0.14661398 -40.960979
-0.13476985 0.02576377 0.99054189 141.74588 0.013372011 0.99961817 -0.02418049 -4.534491 -0.99078674 0.0099867369 -0.13506291 -41.069385
-0.12122805 0.027741136 0.99223692 142.5294 0.012724459 0.9995707 -0.026391544 -4.5739321 -0.99254316 0.0094262833 -0.121529 -41.161185
-0.1072153 0.029077655 0.99381049 143.30708 0.01223629 0.99953512 -0.027925061 -4.6098931 -0.99416057 0.0091665605 -0.10752126 -41.235842
-0.093087197 0.028825914 0.99524055 144.1269 0.013409259 0.99952645 -0.027695848 -4.6490255 -0.9955677 0.010767311 -0.093429652 -41.313004
-0.079490705 0.030728851 0.99636182 144.88059 0.01868847 0.99939502 -0.029331412 -4.6835048 -0.99666045 0.016288905 -0.080016891 -41.370786
-0.065605636 0.036483313 0.99717841 145.71951 0.013673601 0.99927042 -0.035660248 -4.7385424 -0.99775198 0.011295508 -0.066056631 -41.411197
-0.052805819 0.045426249 0.99757101 146.4608 0.0056393409 0.99896244 -0.045191094 -4.7852137 -0.99858892 0.0032392911 -0.053007206 -41.427882
-0.039340044 0.053908988 0.99777056 147.21582 -0.001900032 0.99853776 -0.054025351 -4.8311366 -0.99922412 -0.0040211549 -0.039180092 -41.43997
-0.025794213 0.055040398 0.99815085 148.00973 -0.0024060715 0.99847681 -0.055120548 -4.8821175 -0.99966442 -0.0038234127 -0.025622494 -41.452067
-0.014451224 0.051092825 0.99858931 148.7646 -0.0029937946 0.99868695 -0.051141145 -4.9351246 -0.99989114 -0.0037286227 -0.014279289 -41.443701
-0.0033172985 0.048406588 0.99882216 149.52964 -0.0020377735 0.9988253 -0.048413506 -4.9879912 -0.99999246 -0.0021959746 -0.0032147615 -41.434086
0.0057362249 0.054296177 0.99850836 150.27272 -0.0082392304 0.9984935 -0.054248034 -5.0523918 -0.99994965 -0.0079157608 0.0061749405 -41.419004
0.01235133 0.063016695 0.997936 151.03702 -0.016105471 0.99789524 -0.062814784 -5.1040263 -0.99979405 -0.015296383 0.013340246 -41.39478
0.015249513 0.066439946 0.99767385 151.77874 -0.019785077 0.9976146 -0.066133582 -5.1565536 -0.999688 -0.018730548 0.016527655 -41.368206
0.015211432 0.062256826 0.99794419 152.5406 -0.020574608 0.99786788 -0.06193845 -5.212055 -0.99967264 -0.019590138 0.016459908 -41.34564
0.014231202 0.056578917 0.99829666 153.29563 -0.015789279 0.99828604 -0.056353229 -5.2864129 -0.9997741 -0.01496041 0.015100149 -41.333725
0.01120674 0.054107748 0.99847217 154.04666 -0.015676867 0.9984217 -0.053929056 -5.3345245 -0.99981435 -0.015048546 0.012037291 -41.319014
0.0080234621 0.054346425 0.99848986 154.77944 -0.013396265 0.99843828 -0.054235969 -5.3863033 -0.99987812 -0.012940874 0.0087389693 -41.310654
0.0041803449 0.054550889 0.9985022 155.53084 -0.014162038 0.99841406 -0.054486781 -5.4418103 -0.99989102 -0.013913052 0.0049462654 -41.304286
-0.00077578935 0.052766118 0.99860655 156.26859 -0.014468921 0.99850177 -0.05277182 -5.5015533 -0.99989506 -0.014489698 -1.1159789e-05 -41.297045
-0.0056886629 0.052999982 0.99857827 157.01435 -0.016784892 0.99844872 -0.053088724 -5.5495141 -0.99984298 -0.017063031 -0.0047902408 -41.29782
-0.011773695 0.051292767 0.99861421 157.76122 -0.016269645 0.99854145 -0.051480847 -5.6014888 -0.99979836 -0.016853218 -0.010922009 -41.298974
-0.017569764 0.048378857 0.99867447 158.50417 -0.013607393 0.99872462 -0.04862068 -5.6546665 -0.99975308 -0.014443609 -0.016889048 -41.31131
-0.022909441 0.048348703 0.99856771 159.22789 -0.016036888 0.99868361 -0.048722237 -5.7058185 -0.99960895 -0.017130117 -0.022103923 -41.325206
-0.028565357 0.049626281 0.99835924 159.94487 -0.016218541 0.99861237 -0.050102912 -5.7517431 -0.99946039 -0.017623138 -0.027720855 -41.340606
-0.032547975 0.051785628 0.99812764 160.66742 -0.018858697 0.99844719 -0.052417169 -5.8070169 -0.99929228 -0.020529459 -0.031520826 -41.357535
-0.035015691 0.053967123 0.99792854 161.38196 -0.018320956 0.99833846 -0.054632142 -5.861382 -0.99921886 -0.020195987 -0.033968783 -41.380148
-0.036716955 0.055650249 0.99777494 162.10529 -0.017024878 0.99826849 -0.05630427 -5.9176519 -0.99918072 -0.019054318 -0.035705942 -41.40232
-0.035818341 0.054091985 0.99789329 162.82865 -0.013284252 0.99842008 -0.054597363 -5.9672967 -0.99927006 -0.015211853 -0.035043181 -41.433348
-0.032019128 0.050545538 0.99820831 163.53462 -0.0087441549 0.99866806 -0.050849298 -6.0141931 -0.99944905 -0.010356638 -0.031534503 -41.451829
-0.024630213 0.049890486 0.9984509 164.23308 -0.0087589695 0.99870483 -0.050119243 -6.0719889 -0.9996583 -0.009979848 -0.024161325 -41.466804
-0.014285236 0.050769639 0.99860818 164.92781 -0.0064036587 0.998685 -0.050865148 -6.1228312 -0.9998775 -0.0071213659 -0.013941341 -41.468701
-4.2533547e-05 0.051091494 0.99869393 165.61596 -0.0036600588 0.99868728 -0.051091308 -6.1719014 -0.99999334 -0.0036574508 0.00014451863 -41.462826
0.015605321 0.048897724 0.99868183 166.30311 -0.0046446458 0.99879627 -0.048830749 -6.2156661 -0.99986748 -0.003876503 0.015813648 -41.443478
0.031435228 0.044013871 0.99853619 166.9998 -0.0084657238 0.99900585 -0.04376806 -6.2603025 -0.99946998 -0.0070774719 0.031776584 -41.397744
0.047781345 0.037609871 0.99814947 167.66918 -0.01160675 0.99924432 -0.037095509 -6.3034731 -0.99879042 -0.0098127975 0.048181765 -41.349129
0.065562126 0.030231124 0.9973904 168.34842 -0.011050688 0.99950166 -0.029568713 -6.3403476 -0.99778734 -0.0090832618 0.065863527 -41.297295
0.082381365 0.022613969 0.99634424 169.03532 -0.010423802 0.99970739 -0.021828423 -6.3701507 -0.99654641 -0.0085874394 0.082592982 -41.22922
0.10097431 0.016357171 0.99475452 169.69604 -0.01361175 0.99979396 -0.015058351 -6.4078304 -0.99479595 -0.012019842 0.10117616 -41.146006
0.11830491 0.013755225 0.992882 170.3596 -0.013051817 0.99983921 -0.012296445 -6.4342728 -0.99289158 -0.011504184 0.11846542 -41.049828
0.13625106 0.012900665 0.9905903 170.98645 -0.011410663 0.99986932 -0.011452024 -6.4506418 -0.99060867 -0.0097429414 0.13638046 -40.952295
0.15421095 0.012324969 0.98796103 171.63143 -0.013204395 0.9998586 -0.010412317 -6.4741417 -0.98794975 -0.011439734 0.15435189 -40.834939
0.17043039 0.011828926 0.98529867 172.28036 -0.018390553 0.99979196 -0.008821848 -6.4900421 -0.98519813 -0.016616676 0.17061247 -40.707921
0.18433181 0.0083976412 0.98282816 172.89785 -0.021249364 0.99976382 -0.0045569755 -6.5075348 -0.98263438 -0.020044477 0.18446671 -40.568718
0.19674812 0.004277448 0.98044469 173.52939 -0.017891625 0.99983963 -0.00077170895 -6.5278327 -0.98029085 -0.017389916 0.1967931 -40.432927
0.20749667 0.0024617029 0.97823259 174.16028 -0.014666048 0.99989227 0.00059466316 -6.5464426 -0.97812582 -0.014470196 0.20751042 -40.29921
0.21737898 0.0061340402 0.97606797 174.75279 -0.019006527 0.99981726 -0.0020503689 -6.5629438 -0.97590226 -0.018105955 0.21745584 -40.150433
0.22599621 0.013156213 0.97403929 175.3663 -0.023214999 0.99969755 -0.0081164401 -6.5824465 -0.97385156 -0.020778036 0.22623328 -39.994886
0.23578524 0.023146417 0.97152946 175.93794 -0.023070375 0.99956789 -0.018215362 -6.6007741 -0.97153135 -0.018118634 0.23621735 -39.837857
0.24357806 0.03017206 0.96941183 176.52629 -0.019979546 0.99945999 -0.026087145 -6.6147496 -0.96967553 -0.013014151 0.24404935 -39.69534
0.2498723 0.028578462 0.96785692 177.1356 -0.018583387 0.99952178 -0.024715761 -6.6336704 -0.9681005 -0.011810275 0.25028389 -39.534203
0.25613143 0.021021892 0.96641331 177.73312 -0.020429917 0.99965791 -0.016330441 -6.6512844 -0.96642609 -0.015561004 0.25647328 -39.360312
0.26061392 0.010160966 0.96538959 178.34296 -0.024663155 0.99968835 -0.0038639718 -6.6776621 -0.96512807 -0.022802548 0.2607833 -39.179262
0.26244443 0.0010558852 0.96494649 178.95118 -0.023372703 0.99971297 0.0052629381 -6.6979358 -0.96466404 -0.023934636 0.26239378 -39.008774
0.26357187 2.8932263e-05 0.96463972 179.55386 -0.020302389 0.99977866 0.0055173066 -6.7179477 -0.96442613 -0.021038698 0.26351412 -38.846296
0.26465669 0.0035243472 0.96433622 180.17292 -0.018739118 0.9998233 0.001488805 -6.7182045 -0.96416065 -0.018464832 0.26467596 -38.680956
0.26641188 0.0028468326 0.96385503 180.77296 -0.015103933 0.99988518 0.0012215134 -6.7293811 -0.96374097 -0.014883427 0.26642429 -38.513952
0.26849219 0.0012644438 0.96328099 181.38253 -0.017467901 0.9998411 0.0035563376 -6.7282593 -0.96312351 -0.017781346 0.26847161 -38.333137
0.27031256 -0.003176587 0.96276734 181.99331 -0.016936164 0.99982413 0.0080539566 -6.744757 -0.96262369 -0.018482671 0.27021122 -38.160887
0.27383312 -0.0083847677 0.96174063 182.60494 -0.015860174 0.99978666 0.013232278 -6.7525569 -0.96164648 -0.018876809 0.27364171 -37.975804
0.27779754 -0.011411828 0.96057182 183.23715 -0.014966776 0.99975666 0.016205748 -6.759915 -0.96052309 -0.01887858 0.27755914 -37.79391
0.28416047 -0.0130867 0.95868738 183.847 -0.013716604 0.99974902 0.017712898 -6.7559651 -0.95867865 -0.01818324 0.28390964 -37.609921
0.29192641 -0.016109601 0.95630507 184.48505 -0.012277501 0.99971264 0.020588721 -6.7560186 -0.95636202 -0.017751427 0.29164473 -37.411563
0.30187794 -0.01872989 0.95316254 185.08038 -0.0088831904 0.99970832 0.022457939 -6.7602157 -0.95330524 -0.01524668 0.30162351 -37.20705
0.31280153 -0.016432985 0.94967631 185.71173 -0.010930814 0.99972183 0.02089932 -6.7614829 -0.94975565 -0.016918073 0.31253489 -36.992156
0.32401241 -0.013032684 0.94596302 186.32003 -0.010905312 0.99978722 0.017509529 -6.7612349 -0.94599002 -0.015989327 0.32380134 -36.76862
0.33556744 -0.0091241842 0.94197196 186.92865 -0.013161492 0.99981008 0.01437306 -6.760488 -0.94192428 -0.017220887 0.33538362 -36.543687
0.34729287 -0.0083108023 0.93771985 187.56025 -0.012796209 0.99982563 0.013600421 -6.757071 -0.93766945 -0.016722588 0.34712596 -36.301021
0.35881814 -0.011930262 0.9333312 188.18049 -0.011055826 0.99979385 0.017030217 -6.7606528 -0.93334205 -0.016429497 0.35861227 -36.044868
0.3697063 -0.01374721 0.92904693 188.79491 -0.011113408 0.99975359 0.01921595 -6.7600397 -0.92908224 -0.017429135 0.36946243 -35.785203
0.38144607 -0.013802462 0.924288 189.42625 -0.014315502 0.99968041 0.020836192 -6.7657104 -0.92428028 -0.02117953 0.38112658 -35.506504
0.39089538 -0.015694705 0.92030126 190.03618 -0.015530831 0.9995998 0.023643729 -6.7528769 -0.92030412 -0.023535267 0.39049519 -35.230111
0.39787788 -0.014619961 0.91732185 190.68764 -0.020057882 0.99949541 0.024629492 -6.7513579 -0.91721914 -0.028199063 0.39738387 -34.938307
0.402398 -0.016390289 0.91531805 191.32562 -0.021076523 0.99940883 0.02716187 -6.7433603 -0.91522222 -0.030221604 0.40181466 -34.647081
0.40422264 -0.021502319 0.91440781 191.97268 -0.015467721 0.99941998 0.030339034 -6.7350096 -0.91452987 -0.026407529 0.40365559 -34.363614
0.4047343 -0.019921832 0.91421726 192.63116 -0.013008635 0.99953605 0.027540094 -6.7288067 -0.91434183 -0.02303914 0.40428737 -34.071326
0.40353621 -0.019767379 0.91475008 193.29759 -0.011199774 0.99958498 0.026541336 -6.7240547 -0.91489517 -0.020955384 0.40314734 -33.781544
0.40234333 -0.01878722 0.91529603 193.96438 -0.0081349451 0.99967657 0.024095138 -6.7191056 -0.91545275 -0.0171404 0.40206036 -33.489984
0.4025605 -0.020122175 0.91517215 194.63616 -0.0048981161 0.9996967 0.024135196 -6.7072108 -0.91538032 -0.014198496 0.40233984 -33.199402
0.40130458 -0.02622427 0.91556914 195.32216 -0.00087680277 0.9995786 0.029014831 -6.7005845 -0.91594429 -0.012446558 0.40111247 -32.902733
0.40065988 -0.029430343 0.91575403 195.99706 -0.00019090181 0.99948128 0.032204678 -6.6934565 -0.91622688 -0.013077941 0.40044643 -32.604145
0.39943797 -0.031769564 0.91620955 196.69587 0.00049683331 0.99940672 0.034437822 -6.681949 -0.91676013 -0.01330057 0.39921677 -32.29737
0.39691684 -0.03206331 0.91729433 197.38996 -0.00033010382 0.99938461 0.035075549 -6.6736177 -0.91785455 -0.014224878 0.396662 -32.005747
0.39575146 -0.032246546 0.9177913 198.0683 -0.0013724511 0.99936146 0.03570431 -6.6586649 -0.91835667 -0.015389656 0.3954545 -31.693607
0.39344307 -0.031296521 0.91881609 198.76796 -0.0023788943 0.9993824 0.035059411 -6.6510258 -0.91934594 -0.015979648 0.39312563 -31.402567
0.39279307 -0.028404116 0.91918808 199.45434 -0.0011188712 0.9995074 0.031364211 -6.6435365 -0.91962624 -0.013348097 0.3925678 -31.104551
0.39220916 -0.022063237 0.91961139 200.14302 -0.0025297996 0.99968267 0.025063246 -6.6450203 -0.91987263 -0.012156467 0.39202888 -30.807653
0.39098304 -0.019034659 0.920201 200.81268 -0.0045458185 0.999734 0.022611292 -6.6321589 -0.9203867 -0.013023698 0.3907925 -30.51131
0.38938656 -0.02159112 0.9208213 201.52915 -0.0054569112 0.99965359 0.025747111 -6.6247792 -0.92105831 -0.015050419 0.38913385 -30.20846
0.38832237 -0.024690372 0.92119273 202.20969 -0.0066885196 0.99953916 0.02960976 -6.6183025 -0.92149936 -0.017659547 0.38797827 -29.916326
0.38540115 -0.024408983 0.92242619 202.89438 -0.010772108 0.99946294 0.030948228 -6.6183248 -0.92268629 -0.021863957 0.38493123 -29.620599
0.38122882 -0.024344174 0.92416009 203.58545 -0.013241231 0.9994069 0.031788512 -6.6087597 -0.92438592 -0.024355714 0.38068037 -29.327632
0.37406081 -0.025375038 0.92705693 204.27378 -0.013667873 0.9993662 0.032869147 -6.6038674 -0.92730349 -0.024965956 0.37347691 -29.04995
0.36547385 -0.025550589 0.93047083 204.9757 -0.01338566 0.99937556 0.032700372 -6.5910915 -0.93072539 -0.024406097 0.36490362 -28.772507
