1.000000000000000000e+00 -3.306050084167601550e-19 -2.270457535318767223e-19 -8.673617379884035472e-19 7.546676715296109287e-19 1.000000000000000000e+00 6.237773588823049983e-19 1.387778780781445676e-17 -3.447385680526250622e-20 4.770700176052009879e-20 1.000000000000000222e+00 5.551115123125782702e-17
9.999458642012341025e-01 -2.778639580314462565e-03 1.002622428859333177e-02 1.366998223684185582e-02 2.761264578553112789e-03 9.999946597603319720e-01 1.745890121237249782e-03 -4.848133948683469585e-03 -1.003102414701663621e-02 -1.718106555065249466e-03 9.999481941666383822e-01 2.986278406918171369e-01
9.998295876527037995e-01 -4.776060970572726730e-03 1.782855942774547522e-02 3.209107029993470139e-02 4.745400399545175903e-03 9.999871945510298010e-01 1.761493317302213627e-03 -5.464285486614581244e-03 -1.783674719431492875e-02 -1.676544052052330192e-03 9.998394778098471658e-01 5.825248180370923290e-01
9.997824207046566158e-01 -6.800808607906057290e-03 1.971586689216492730e-02 4.139233795891356094e-02 6.783195728143133138e-03 9.999765224244214767e-01 9.603938461339779110e-04 -9.599598481089127722e-03 -1.972193537518188156e-02 -8.264162931697658721e-04 9.998050488943900360e-01 8.865199349570302978e-01
9.997873173491671484e-01 -8.436170279068021943e-03 1.881585508865558573e-02 4.597985307229028595e-02 8.443846176711943333e-03 9.999642936474910648e-01 -3.283476919929998405e-04 -1.633819888186420488e-02 -1.881241567329771866e-02 4.871518930809959412e-04 9.998228714442904952e-01 1.194829549957636017e+00
9.998752553008959376e-01 -1.047309319545054393e-02 1.181806264372271126e-02 4.520802790781110192e-02 1.049322403054269749e-02 9.999435456490923801e-01 -1.641699130234300710e-03 -1.925326886568122509e-02 -1.180019315827515042e-02 1.765575891873200857e-03 9.999287733793881250e-01 1.518961337988380622e+00
9.999257794235248964e-01 -1.218287858923927137e-02 -2.727465283557785016e-05 3.778453126765955045e-02 1.218272739019314078e-02 9.999205464114134800e-01 -3.240810205514351849e-03 -2.821915493775938033e-02 6.676058376045916588e-05 3.240237068269122538e-03 9.999947681820908763e-01 1.845022608645382256e+00
9.998200516571641439e-01 -1.090951027710033473e-02 -1.551765151375879975e-02 1.463930022165023034e-02 1.085920758959872147e-02 9.999355289642999356e-01 -3.320707614394125852e-03 -3.070968139265586871e-02 1.555288511820741848e-02 3.151572335165472687e-03 9.998740361159017542e-01 2.170691379441857194e+00
9.993650473670051548e-01 -6.997319197548904426e-03 -3.494403688901229904e-02 -2.190380713021602976e-02 6.890889415138592641e-03 9.999712625567481750e-01 -3.165816844466610037e-03 -3.707042758423727269e-02 3.496518572145115855e-02 2.923061784661337443e-03 9.993845147947221230e-01 2.516217158723824454e+00
9.985106743265761420e-01 -1.771969509711564380e-03 -5.453034780469721843e-02 -6.463595699210727963e-02 1.543246771924343527e-03 9.999898292600848393e-01 -4.236800742247806388e-03 -4.298424714818922798e-02 5.453730729455326387e-02 4.146305639164120371e-03 9.985032901297697938e-01 2.867939151543061449e+00
9.972319399805745777e-01 -1.665078670866642361e-03 -7.433436321376724054e-02 -1.124376216063189132e-01 1.338507933785655418e-03 9.999892220528884268e-01 -4.442752607904042542e-03 -4.409158108502025941e-02 7.434096408171116110e-02 4.330944478727980634e-03 9.972234466548918208e-01 3.228628938924719805e+00
9.953102737956954771e-01 -2.474847944529792992e-03 -9.670655314511190925e-02 -1.625928202531732869e-01 2.125792321217892175e-03 9.999908667177176413e-01 -3.712008769462334708e-03 -5.120952428457715977e-02 9.671486191015429834e-02 3.489014370947312281e-03 9.953064191675259353e-01 3.606577740278380961e+00
9.932728049601217135e-01 -4.714629840115307745e-03 -1.156835746017550043e-01 -2.206339964242253759e-01 4.383149074759030810e-03 9.999855329961278017e-01 -3.119531074725263343e-03 -5.688441159428664351e-02 1.156966135840030441e-01 2.591402442046846638e-03 9.932791185562021008e-01 3.992763416539900412e+00
9.909583187483236300e-01 -3.044255163964600195e-03 -1.341296343613894992e-01 -2.947222488516099137e-01 2.747248049169260554e-03 9.999933706935441036e-01 -2.399918970575714433e-03 -6.286610437843606625e-02 1.341360570143081965e-01 2.009676998753608633e-03 9.909600890081448066e-01 4.393976481917055033e+00
9.886660733396744893e-01 -2.136511547262057078e-03 -1.501173356747594889e-01 -3.780681623716262707e-01 1.934775353938810458e-03 9.999970203539506608e-01 -1.489788636343826293e-03 -6.744189151125105919e-02 1.501200830862182423e-01 1.182474471298951887e-03 9.886672333403715429e-01 4.808220407869472801e+00
9.868336791187027890e-01 -1.852653790336547621e-03 -1.617256907961400758e-01 -4.644589664114897598e-01 1.595497367012117937e-03 9.999972498464131387e-01 -1.720451991229472429e-03 -7.984121597441605489e-02 1.617284508221236983e-01 1.439844125229785329e-03 9.868339508337734545e-01 5.227869073504091801e+00
9.843876490547049940e-01 -2.999413058007222108e-03 -1.760049329496087556e-01 -5.509134167017669670e-01 2.559115101019862875e-03 9.999929718588360661e-01 -2.728760304149478819e-03 -7.774159577118545938e-02 1.760119016040856688e-01 2.235713191186479258e-03 9.843884525727871759e-01 5.667849138383618701e+00
9.828336390403066281e-01 -6.179295910385207771e-03 -1.843718113189399821e-01 -6.413530504417164213e-01 5.452782623777716747e-03 9.999752396973762281e-01 -4.448447579755412419e-03 -9.811609753090304309e-02 1.843947463160258704e-01 3.366636544547944605e-03 9.828429910361821120e-01 6.119446054065043938e+00
9.814092580457032255e-01 -5.017158224852083862e-03 -1.918277236703942179e-01 -7.455737126775191514e-01 3.923642342767208469e-03 9.999738396152390019e-01 -6.079714415305052452e-03 -1.008565020075869872e-01 1.918532140729500290e-01 5.213998875889538052e-03 9.814032192107009500e-01 6.581956322794155767e+00
9.799086538920553924e-01 -4.730848602090859112e-03 -1.993673509210417971e-01 -8.522279350796772013e-01 3.147381943235622731e-03 9.999609581560655602e-01 -8.259408512323854548e-03 -1.019361714908502969e-01 1.993986575219912072e-01 7.465943839787719458e-03 9.798853317995354084e-01 7.064620248042912110e+00
9.783419877731542869e-01 -5.734981490412824172e-03 -2.069176915366481850e-01 -9.639608584515660938e-01 3.529433814368498640e-03 9.999329931489916445e-01 -1.102789641889919542e-02 -1.143050341910575030e-01 2.069670819951415497e-01 1.005862229318065827e-02 9.782966576619912535e-01 7.551599094834846149e+00
9.763294658476794341e-01 -9.015788735385336233e-03 -2.161003792267563450e-01 -1.080062701470642761e+00 6.507118559140299269e-03 9.999028824009937866e-01 -1.231829135563575726e-02 -1.225533036483800464e-01 2.161904968318018316e-01 1.062019524623134155e-02 9.762934462573999994e-01 8.050156103499970683e+00
9.746366230644426532e-01 -1.500113281617155778e-02 -2.232625038960576458e-01 -1.196661677526739798e+00 1.231601812886515268e-02 9.998341202806239059e-01 -1.341236969278598000e-02 -1.408676877602828836e-01 2.234267330826595066e-01 1.032175803852421192e-02 9.746597321760213095e-01 8.570303300504212629e+00
9.730455710199775732e-01 -1.609101851727899254e-02 -2.300657502877191674e-01 -1.323787751532759183e+00 1.283263751541965231e-02 9.997951385253308620e-01 -1.565400489257654307e-02 -1.611145462783233340e-01 2.302705393566256420e-01 1.227973276073482910e-02 9.730527569273174082e-01 9.094865332378210709e+00
9.707338402458561832e-01 -1.184948375022481550e-02 -2.398653641661096791e-01 -1.481801241438850170e+00 7.333319999110226445e-03 9.997787922305862995e-01 -1.971171063707895937e-02 -1.648404442517589497e-01 2.400458865910131967e-01 1.737547719987874925e-02 9.706060251125167015e-01 9.628235353684836184e+00
9.685948889300464160e-01 -9.117668731136395130e-03 -2.484839719617806530e-01 -1.634631614798479848e+00 3.530164903368965702e-03 9.997309188101984878e-01 -2.292092485176609740e-02 -1.787719881956126855e-01 2.486261773505363815e-01 2.132370393634965694e-02 9.683666089276936617e-01 1.017373308853596292e+01
9.667867907390454985e-01 -1.172514024240502509e-02 -2.553201364965698716e-01 -1.792107521092368927e+00 5.561842318024459199e-03 9.996757482401665840e-01 -2.484915115500725691e-02 -2.002359000886272944e-01 2.555287015383600480e-01 2.260384853547964951e-02 9.665385024331415442e-01 1.073326409909361523e+01
9.644565051587949966e-01 -1.411878748856312295e-02 -2.638222476868060107e-01 -1.952271501720429736e+00 7.311205763330378381e-03 9.996150160739619706e-01 -2.676862628737998462e-02 -2.267894094980379416e-01 2.640984973970468275e-01 2.388873772476441532e-02 9.641884475248727604e-01 1.130846162594571602e+01
9.624535139287908603e-01 -1.337304669237534757e-02 -2.710391324120792200e-01 -2.128932724107727381e+00 5.575737653546452080e-03 9.995488954461719810e-01 -2.950734526011095094e-02 -2.455988533887946412e-01 2.713115067348454978e-01 2.688764254541188212e-02 9.620939961311715249e-01 1.188974350736618213e+01
9.597676728114655775e-01 -1.310309890668769246e-02 -2.805353907244109157e-01 -2.315950031650078067e+00 3.951028777023819077e-03 9.994417987174808449e-01 -3.317392599534075420e-02 -2.655981482804792293e-01 2.808135722432910097e-01 3.073060199649332511e-02 9.592837397404325728e-01 1.248621696314247309e+01
9.577527194170190050e-01 -1.452000755760038050e-02 -2.872534421473311173e-01 -2.510648608098925205e+00 3.744441907409744828e-03 9.992695660465510388e-01 -3.803267824748415155e-02 -2.945796703226724045e-01 2.875959141989532508e-01 3.535009171483927820e-02 9.571076273896713671e-01 1.308092159619697625e+01
9.560931653371095296e-01 -1.523136154522034338e-02 -2.926782990635971582e-01 -2.698225114978543893e+00 2.021347812021191334e-03 9.989674409586919435e-01 -4.539419243295721856e-02 -3.310243642912036877e-01 2.930672823376314073e-01 4.281063095276348152e-02 9.551367709090941016e-01 1.368929449543965582e+01
9.545462913992609488e-01 -1.610531403981943846e-02 -2.976245664381398925e-01 -2.909337822296330422e+00 1.143989882476782554e-04 9.985588626122861022e-01 -5.366611798525504351e-02 -3.635707288691622519e-01 2.980596716254618195e-01 5.119444637488441280e-02 9.531724429389841768e-01 1.431773830937924252e+01
9.535417813352821126e-01 -1.581634009362227478e-02 -3.008588219084178950e-01 -3.122352784424341721e+00 -3.103018194331405490e-03 9.980523104374473542e-01 -6.230975388403166976e-02 -4.093504622177705499e-01 3.012579828862918530e-01 6.035035083564843639e-02 9.516355024579227218e-01 1.495470634004415977e+01
9.521092265546335920e-01 -1.534544428019641617e-02 -3.053641983223248091e-01 -3.342496467795602832e+00 -6.811273027589295932e-03 9.974274003739040939e-01 -7.137502538556624032e-02 -4.534547942786855135e-01 3.056734638656851133e-01 7.003861282356187157e-02 9.495553320710965473e-01 1.560044852143149363e+01
9.511477761366060601e-01 -1.564440419492947945e-02 -3.082771973101727792e-01 -3.563990321048768006e+00 -8.987925270269836800e-03 9.968888937626123603e-01 -7.830045896619360069e-02 -5.088583711401349907e-01 3.085430930726560939e-01 7.724609104358612366e-02 9.480479963529181431e-01 1.625831856188653646e+01
9.490206377056608078e-01 -1.421815259083630476e-02 -3.149697608972950591e-01 -3.803017289344682528e+00 -1.311318559180459260e-02 9.963365425523589280e-01 -8.450971087959496808e-02 -5.665145609262723925e-01 3.150178159300152658e-01 8.433047162983718648e-02 9.453575843370123355e-01 1.692344574184098249e+01
9.482238443788355564e-01 -1.265571010687308734e-02 -3.173547489759829254e-01 -4.041816073305395385e+00 -1.710237393851098825e-02 9.957213956420609691e-01 -9.081283511507771966e-02 -6.375765402856304886e-01 3.171458920355438305e-01 9.153977861645221092e-02 9.439502844809043447e-01 1.760037577815741017e+01
9.467390516912815857e-01 -1.051553715895610364e-02 -3.218454606084277803e-01 -4.297533888605041597e+00 -2.155470578564777986e-02 9.951552236148818453e-01 -9.593705334744909163e-02 -7.086570962128039275e-01 3.212950012293365187e-01 9.776495811505678257e-02 9.419256027951856680e-01 1.828567138010211934e+01
9.446598625128036497e-01 -7.871609090761450336e-03 -3.279501680965600241e-01 -4.562593538183455699e+00 -2.598382756267165333e-02 9.947758052415409669e-01 -9.872637799754800658e-02 -7.820071019904228926e-01 3.270142788529349365e-01 1.017837351780446764e-01 9.395201733101088415e-01 1.898334476270520454e+01
9.431377824680984290e-01 -8.086760863029809204e-03 -3.322686342492592315e-01 -4.822948037743575611e+00 -2.707198799022605268e-02 9.945142854161193036e-01 -1.010427203470429108e-01 -8.605860088664183394e-01 3.312633994341769861e-01 1.042915438773863029e-01 9.377449586546313665e-01 1.970073744563845608e+01
9.407124075637605110e-01 -6.565084958353287897e-03 -3.391127656666813595e-01 -5.098622992968420142e+00 -2.911234057228781480e-02 9.945608701430479481e-01 -1.000174251469739123e-01 -9.471890695834612739e-01 3.379243252402635012e-01 1.039629573236592608e-01 9.354047298958835244e-01 2.041741420494207304e+01
9.384651120658521473e-01 -6.168236085135609184e-03 -3.452901084312041680e-01 -5.380492089253472443e+00 -2.962529366019749089e-02 9.947176943091340373e-01 -9.829912071651955574e-02 -1.029061667334907559e+00 3.440723449217035768e-01 1.024814222015595772e-01 9.333252006745748064e-01 2.114704802592707011e+01
9.364466866330106720e-01 -6.420069529593310648e-03 -3.507566650187451396e-01 -5.664063288771350457e+00 -2.919053929308183457e-02 9.949391801511344724e-01 -9.614759059304141264e-02 -1.115846117596945186e+00 3.495985895191957571e-01 1.002768866639632134e-01 9.315200527677046649e-01 2.188840013049928501e+01
9.343030726606624814e-01 -5.832258604242657532e-03 -3.564998112482598569e-01 -5.958683931953510537e+00 -2.928386979366749340e-02 9.952311501226492885e-01 -9.304588612435568673e-02 -1.194077090979530187e+00 3.553434517557693129e-01 9.736798781760980237e-02 9.296765664203323620e-01 2.261617157767297215e+01
9.293875322379142601e-01 -3.390161624679910272e-03 -3.690684617705197179e-01 -6.278840835546015242e+00 -3.098870575808773675e-02 9.957106774983353059e-01 -8.718868325846343414e-02 -1.269758811904092122e+00 3.677804432275155189e-01 9.247268525690120755e-02 9.252961584354424396e-01 2.338518634050558731e+01
9.266407116513667441e-01 -2.787051706324375098e-04 -3.759861292889172257e-01 -6.598877928336251308e+00 -3.278356949789850566e-02 9.961304400782815538e-01 -8.152973358155113370e-02 -1.350110147074510047e+00 3.745541260908185621e-01 8.787280246988106447e-02 9.230459373511625820e-01 2.413216836602595095e+01
9.229689360924416830e-01 2.593573066869898133e-03 -3.848617795995955548e-01 -6.935846895712227678e+00 -3.513220382203459391e-02 9.963698265497903384e-01 -7.753600958958108136e-02 -1.417143442588987945e+00 3.832623984673244055e-01 8.509075430512313964e-02 9.197101594196882557e-01 2.488436150285493653e+01
9.196155115051591888e-01 3.749892414876302045e-03 -3.927928561222324144e-01 -7.280877368718655873e+00 -3.639743962743933331e-02 9.964662324328389387e-01 -7.570880095567548984e-02 -1.490556009037488305e+00 3.911213481700218653e-01 8.391881219846500373e-02 9.165022199330044028e-01 2.565228481539152128e+01
9.153863587944452984e-01 4.567987846166182177e-03 -4.024486088803012063e-01 -7.629239579271837712e+00 -3.786406809644331933e-02 9.964797838853871603e-01 -7.478066065743806112e-02 -1.567601430754701042e+00 4.006898118954479449e-01 8.369496418560624929e-02 9.123371697171709371e-01 2.642787433071939773e+01
9.116728124055081262e-01 5.390769049769710171e-03 -4.108398915803463947e-01 -7.990405825551836649e+00 -3.881475128361361326e-02 9.965727939758038945e-01 -7.306643399298570762e-02 -1.635936091237597978e+00 4.090377447936837663e-01 8.256402019993465402e-02 9.087577033454032893e-01 2.719861216315440089e+01
9.079854594774245946e-01 6.117693844137224099e-03 -4.189740017138384731e-01 -8.374433243595470699e+00 -3.971755000262441881e-02 9.966477367228020467e-01 -7.152114077986718166e-02 -1.700674053914021933e+00 4.171321406867048442e-01 8.157926903116768935e-02 9.051847139941706644e-01 2.798020724540329596e+01
9.043634735177057404e-01 5.868299902364266206e-03 -4.266884770386100700e-01 -8.756293206509159432e+00 -3.887101518685853047e-02 9.968819508124708850e-01 -6.868900602205761652e-02 -1.772798045013505908e+00 4.249551932057124559e-01 7.870736527283649087e-02 9.017714766860590592e-01 2.878144486826694859e+01
9.008964411915887371e-01 5.883677885467383795e-03 -4.339526171323391801e-01 -9.145152258188321781e+00 -3.745992224653576369e-02 9.972309756664762270e-01 -6.424730314293200517e-02 -1.840169116731705135e+00 4.323726420075064691e-01 7.414097481127035483e-02 8.986225922018414858e-01 2.958326880775326728e+01
8.967785983598260957e-01 7.839492378710717288e-03 -4.424223845548252987e-01 -9.559606743685755248e+00 -3.784202879826662619e-02 9.975387948890243051e-01 -5.902500459664549587e-02 -1.898343137236098599e+00 4.408711299931643568e-01 6.967143619431795387e-02 8.948678923193872370e-01 3.039187178696337810e+01
8.943631083581232710e-01 7.769886550648655299e-03 -4.472407899813931609e-01 -9.976304961177373087e+00 -3.600354597964786768e-02 9.978558642777543009e-01 -5.465378094454271390e-02 -1.960891589414282654e+00 4.458571940499180264e-01 6.498298846907124560e-02 8.927252636426565857e-01 3.119752952314899730e+01
8.900206512235147027e-01 7.660106657071568889e-03 -4.559087918130867445e-01 -1.040564664464791633e+01 -3.536970271503644264e-02 9.980058113742400483e-01 -5.228967264385651209e-02 -2.019624314239198526e+00 4.545994677622025582e-01 6.266027962385965766e-02 8.885164989996883200e-01 3.201868842228358147e+01
8.868484261540902081e-01 8.462658655048176798e-03 -4.619427295521861820e-01 -1.085152110873544018e+01 -3.570202214835316301e-02 9.980983728568161295e-01 -5.026004472399993317e-02 -2.078677686838103611e+00 4.606391524024162631e-01 6.106570273225507550e-02 8.854639175227547732e-01 3.285513311662143110e+01
8.840046874916940300e-01 8.120014102582040136e-03 -4.674660304756914075e-01 -1.129690088822359506e+01 -3.497327528998669249e-02 9.981959526373287428e-01 -4.881362517452659394e-02 -2.133036845692139138e+00 4.662265380358501243e-01 5.949971287740560277e-02 8.826939645538995904e-01 3.369109418495477826e+01
8.806123015701977641e-01 6.392071630559648804e-03 -4.738009178423518986e-01 -1.176404243073697486e+01 -3.305972009206619572e-02 9.983012674335339787e-01 -4.797764195342488214e-02 -2.189525213849018215e+00 4.726893696127447142e-01 5.791328096983558438e-02 8.793276672061379751e-01 3.453120114480181257e+01
8.782924230582203062e-01 5.673114499063022613e-03 -4.780649484209176237e-01 -1.223641112406939513e+01 -3.227265780978949561e-02 9.983526077171254176e-01 -4.744835507597008201e-02 -2.243525513753176437e+00 4.770080194252157013e-01 5.710555078005224994e-02 8.770287611100303637e-01 3.539234754968332197e+01
8.773322794222281340e-01 5.419631124993610355e-03 -4.798452340492467272e-01 -1.271878715319379616e+01 -3.204104605099093034e-02 9.983664837503145595e-01 -4.731138218447924343e-02 -2.298808862252935903e+00 4.788048965627185183e-01 5.688486944360542780e-02 8.760728656841164641e-01 3.625602112846120662e+01
8.749611136675706780e-01 5.174805867739848061e-03 -4.840689713481516332e-01 -1.321407874052714604e+01 -3.247547690846237789e-02 9.983184203500741205e-01 -4.801621792174191189e-02 -2.352416225154128959e+00 4.830060427584287885e-01 5.773838803582072299e-02 8.736580389384406287e-01 3.713247191236086309e+01
8.756241944319627102e-01 6.232355062743790385e-03 -4.829281657598785693e-01 -1.371541836547742932e+01 -3.280345036123142460e-02 9.983754706531213774e-01 -4.659338944348206252e-02 -2.406956067698090340e+00 4.818532794621039894e-01 5.663958168168917867e-02 8.744060894811089835e-01 3.801076133578325056e+01
8.742491978788669016e-01 5.364073423308722728e-03 -4.854378235691699239e-01 -1.422551821363216717e+01 -3.121570552298256682e-02 9.984910670352670214e-01 -4.517810085767209188e-02 -2.465215290498663947e+00 4.844631608351173124e-01 5.464722467240616666e-02 8.730972447179768947e-01 3.890793206017812622e+01
8.742040886640265462e-01 4.496282277029065369e-03 -4.855583800145908402e-01 -1.474252090977710417e+01 -3.015414552026959849e-02 9.985297506942076851e-01 -4.505675901140650946e-02 -2.521776830272853154e+00 4.846421428272558174e-01 5.403000063453319846e-02 8.730543176280026740e-01 3.982429158957732795e+01
8.748971559340485982e-01 3.008827731612856611e-03 -4.843517897282964002e-01 -1.525520302410466300e+01 -2.861776514902749854e-02 9.985544753925554851e-01 -4.550173955811556703e-02 -2.577088212463865879e+00 4.835148548864069973e-01 5.367064841876235948e-02 8.737188765812637925e-01 4.074018425249751374e+01
8.724093624362357913e-01 1.016479455922094386e-03 -4.887860407635390425e-01 -1.578682118692947434e+01 -2.674430131881439660e-02 9.985990132117196216e-01 -4.565682722160989415e-02 -2.633581739249843068e+00 4.880550987809358920e-01 5.290148477276496869e-02 8.712142910924624006e-01 4.166669460068055031e+01
8.711973230195653173e-01 2.699712816779671729e-04 -4.908485978370347724e-01 -1.631880367064696458e+01 -2.488730371543665387e-02 9.987382881386087652e-01 -4.361487936490483081e-02 -2.691576502497589729e+00 4.902174572752021620e-01 5.021569353767330046e-02 8.701049295370166803e-01 4.260192512467703807e+01
8.697255494253217645e-01 1.009754619719142182e-03 -4.936110182396107326e-01 -1.685906287813000759e+01 -2.366884658850857900e-02 9.989324764687937952e-01 -3.967249995341606827e-02 -2.746993644388892264e+00 4.930441131567112611e-01 4.618823123879144815e-02 8.688211840057870061e-01 4.353004141690612272e+01
8.661227372803103064e-01 2.516525260110272656e-04 -4.998448164537268590e-01 -1.740267159163996880e+01 -2.090361547323755023e-02 9.991431302666211600e-01 -3.572103518473876416e-02 -2.803194947915583768e+00 4.994074307320630624e-01 4.138979717105441269e-02 8.653859879218188667e-01 4.445092060396343214e+01
8.632197613182382989e-01 -5.611953330385899882e-04 -5.048204616851471593e-01 -1.794195705814914277e+01 -1.931636910301573820e-02 9.992302653110584076e-01 -3.413929045369243354e-02 -2.860123685684647032e+00 5.044512090715216335e-01 3.922007932884299247e-02 8.625445135852419787e-01 4.537402351865252825e+01
8.578082478494062357e-01 -3.221187176348685576e-03 -5.139425146935201472e-01 -1.850119706496451144e+01 -1.822130142409547279e-02 9.991610698476466323e-01 -3.666902407336332381e-02 -2.915171986231075874e+00 5.136294868055373275e-01 4.081925762776917460e-02 8.570300133004142840e-01 4.630493996853748229e+01
8.524167891097242933e-01 -5.138657494266785086e-03 -5.226953692525337924e-01 -1.906743860153434156e+01 -1.786403465067797069e-02 9.990815929066034773e-01 -3.895437932295108679e-02 -2.973209782986751648e+00 5.224154286769381317e-01 4.254860585927128236e-02 8.515420389927362832e-01 4.720947194845836492e+01
8.459865082633962752e-01 -5.386227261623437700e-03 -5.332886526034290586e-01 -1.965210772697645325e+01 -1.789031286546861541e-02 9.990991379343278078e-01 -3.848188747700297119e-02 -3.027401670001712120e+00 5.330156061789030897e-01 4.209557034354628746e-02 8.451280936742551209e-01 4.811853381459925316e+01
8.409475070876412106e-01 -2.072273868202766534e-03 -5.411714801230788074e-01 -2.025127234335493753e+01 -1.878004738488331035e-02 9.992782778934116150e-01 -3.300814087239971328e-02 -3.071924332860408224e+00 5.408493161728261667e-01 3.792290285695313484e-02 8.403017828824118629e-01 4.901980564735217882e+01
8.359663390444398434e-01 1.830295235107851494e-04 -5.489197591433429002e-01 -2.085547429496893201e+01 -1.907398014152355756e-02 9.994053436409335855e-01 -2.873057767103759721e-02 -3.132064563986314720e+00 5.485883831604705385e-01 3.448671833581765794e-02 8.354726934018156248e-01 4.992077806283246844e+01
8.317287996262632266e-01 7.211067090577880740e-04 -5.552941913138332852e-01 -2.146421178604922630e+01 -2.112174060502480799e-02 9.993162473411414393e-01 -3.033107830033521593e-02 -3.180875751333102741e+00 5.548929083056368672e-01 3.694933614338632294e-02 8.311751926718776717e-01 5.080802662163716121e+01
8.282877863770203852e-01 9.674669608349253458e-06 -5.603166865125213114e-01 -2.207666200887742036e+01 -2.304859307947967548e-02 9.991539852660963339e-01 -3.406581673309121844e-02 -3.222283280736657929e+00 5.598423249823729630e-01 4.113557865372027139e-02 8.275874060225939521e-01 5.169079435176590920e+01
8.253863180425549118e-01 -2.446542203480272463e-03 -5.645981782838531693e-01 -2.269024217036707469e+01 -2.507168263763332947e-02 9.988451677036965792e-01 -4.097770109336355132e-02 -3.284983694291581990e+00 5.640466175224158052e-01 4.797598918256627820e-02 8.243717151662242060e-01 5.256861708636790809e+01
8.221877705086332311e-01 -2.528161146153126183e-03 -5.691465908323296574e-01 -2.331251158081316532e+01 -2.601571311791515267e-02 9.987781554031308628e-01 -4.200816990078538177e-02 -3.343435242238596228e+00 5.685572346627851825e-01 4.934877487785988004e-02 8.211174805366003859e-01 5.344700217514562013e+01
8.191324917529277938e-01 -1.454839263667028837e-03 -5.735612682416396657e-01 -2.393390536088594800e+01 -2.543690828164717199e-02 9.989208715858213239e-01 -3.885244183642223154e-02 -3.399002324482125026e+00 5.729987868491572822e-01 4.641677190120036683e-02 8.182115568959312801e-01 5.432446584051568550e+01
8.147314320471212845e-01 5.738358895433110516e-04 -5.796823503434920255e-01 -2.457649435422028006e+01 -2.412464062727804129e-02 9.991670914296495454e-01 -3.291223040315272713e-02 -3.447905036595174000e+00 5.791807862337728929e-01 4.080305018170837794e-02 8.140667479961603004e-01 5.519156009234573901e+01
8.125078568773529408e-01 2.358197591646462535e-03 -5.829637739779974792e-01 -2.521296933235703364e+01 -2.388402457319448516e-02 9.992868015862257369e-01 -2.924958756159041356e-02 -3.503702774807584852e+00 5.824793135105795772e-01 3.768683186377109334e-02 8.119846384114216553e-01 5.607437559787948800e+01
8.093404320818858855e-01 2.935019545833957542e-03 -5.873290972090048356e-01 -2.586371440594476212e+01 -2.537950492485059606e-02 9.992282343995293470e-01 -2.997903773167939073e-02 -3.550560140419038113e+00 5.867877999593219540e-01 3.917003272700363831e-02 8.087903756862486748e-01 5.694743804091013573e+01
8.055545061788557115e-01 1.681672347452642553e-03 -5.926339374953197847e-01 -2.651649353013097254e+01 -2.536343984721356123e-02 9.991772358252655195e-01 -3.164117361931616940e-02 -3.597339099688481756e+00 5.920934357405455151e-01 4.051325500282984549e-02 8.049343074763173345e-01 5.781978518617553675e+01
8.020412192794647011e-01 8.789218042302892535e-05 -5.973299592530935120e-01 -2.717525358876477881e+01 -2.501911402752922745e-02 9.991271607535658905e-01 -3.344851919354577263e-02 -3.651789970895026105e+00 5.968058195719361247e-01 4.176910493840940708e-02 8.013433239350178372e-01 5.868970929033209671e+01
7.994289253106299231e-01 -8.389192826666919556e-04 -6.007986427672288299e-01 -2.783838493785785317e+01 -2.445699250717967010e-02 9.991245577293049740e-01 -3.393141116284941611e-02 -3.701078236388060994e+00 6.003013450776601978e-01 4.181643626388322627e-02 7.987086014441657777e-01 5.955402036258770693e+01
7.928976414946218298e-01 -9.741807778028639458e-04 -6.092817690511116435e-01 -2.851071836380506852e+01 -2.382268835250709801e-02 9.991845204720526397e-01 -3.260028508946886949e-02 -3.748740393321952968e+00 6.088165363746618208e-01 4.036998360161635907e-02 7.922281312309575885e-01 6.042037194652471044e+01
7.902303131630290522e-01 -1.006828884995248719e-03 -6.128013339590464570e-01 -2.918685486387018102e+01 -2.312710177651286850e-02 9.992372528138945276e-01 -3.146519526883100049e-02 -3.799012910650607644e+00 6.123653742083779994e-01 3.903944471480583212e-02 7.896042538053338333e-01 6.127307676191133368e+01
7.837059502559096114e-01 -2.287430006609129495e-03 -6.210670781256674156e-01 -2.988122390469382950e+01 -2.283750054130758225e-02 9.992109028756857025e-01 -3.250331568485371331e-02 -3.854954238701443714e+00 6.206512795520024994e-01 3.965921747128744318e-02 7.830353286845060934e-01 6.213433284546354685e+01
7.788688155712525374e-01 -3.328480791814274285e-03 -6.270968219462340620e-01 -3.057643180421476359e+01 -2.248239645506326309e-02 9.991950535379027221e-01 -3.322442242992029726e-02 -3.904502335470886987e+00 6.267025724924254471e-01 3.997727231152035238e-02 7.781670335626589274e-01 6.297003821513383315e+01
7.741419215444896862e-01 -4.906055969470917051e-03 -6.329981479965604008e-01 -3.127676759857331845e+01 -2.152941057764586746e-02 9.991872950955089649e-01 -3.408043417544328463e-02 -3.951458712091253211e+00 6.326507698935756041e-01 4.001527834433558917e-02 7.734071429562541233e-01 6.382017090900773582e+01
7.680361472686256796e-01 -5.318545673481145028e-03 -6.405032611837374601e-01 -3.199666816464592500e+01 -2.183775815492325703e-02 9.991664411147858083e-01 -3.448628987334168700e-02 -4.006177777085255798e+00 6.401530637771138954e-01 4.046723512632037500e-02 7.672797118981132813e-01 6.467028620689440288e+01
7.626909509434008916e-01 -7.875198179635547677e-03 -6.467214062889553583e-01 -3.271707311036929866e+01 -2.037713254151401338e-02 9.991368465842874746e-01 -3.619284069801981252e-02 -4.053821622803245539e+00 6.464484444348554959e-01 4.077770767926708340e-02 7.618720225139683500e-01 6.551310438313895190e+01
7.559242780157268138e-01 -8.297199070666927065e-03 -6.545598498942036825e-01 -3.345865673183983091e+01 -2.004353678176211059e-02 9.991575389343921865e-01 -3.581335051476909614e-02 -4.105474822715937222e+00 6.543053159247717021e-01 4.019546226801409827e-02 7.551211273285982628e-01 6.635363776701602490e+01
7.492520871083468981e-01 -8.952361923723117787e-03 -6.622061430350553168e-01 -3.420767970865436070e+01 -1.796712056878732588e-02 9.992658380489805037e-01 -3.383386443751365547e-02 -4.161762902857285340e+00 6.620228781351832348e-01 3.724672283194213618e-02 7.485410028555206097e-01 6.719327393300714846e+01
7.447511868652230138e-01 -9.267569017330230807e-03 -6.673080213709833286e-01 -3.496343646615913059e+01 -1.686308422954205591e-02 9.993228955124119350e-01 -3.271125010948703477e-02 -4.212933648790223806e+00 6.671593632675059116e-01 3.561430508882187929e-02 7.440907001464741599e-01 6.801810125685955200e+01
7.368440624930070459e-01 -1.092970028266445660e-02 -6.760209802793138989e-01 -3.573443450793975273e+01 -1.627820608582108627e-02 9.992926380643406548e-01 -3.390202866266050358e-02 -4.265501536686466366e+00 6.759135134708136317e-01 3.597969828654264124e-02 7.361449342502391913e-01 6.884116271317395785e+01
7.309707943682163256e-01 -1.248447624028769382e-02 -6.823201469193641566e-01 -3.651686504112132781e+01 -1.545691553958562434e-02 9.992732422373474810e-01 -3.485115077225950375e-02 -4.323519253284638708e+00 6.822595068559653697e-01 3.601868378208995802e-02 7.302466669772001984e-01 6.966725538986518984e+01
7.257529424122188821e-01 -1.203408387411492378e-02 -6.877727971102589599e-01 -3.731040887530125616e+01 -1.673424367970955534e-02 9.992423465150286344e-01 -3.512629988657826191e-02 -4.375834831048376117e+00 6.876744081622725435e-01 3.700249913583834177e-02 7.250018381288746427e-01 7.048998311205562572e+01
7.201345564097556551e-01 -1.273753298570413570e-02 -6.937528512055058938e-01 -3.811556492975765309e+01 -1.545494987835447677e-02 9.992888635296984789e-01 -3.440051566057859139e-02 -4.429239808259930022e+00 6.936976469009721313e-01 3.549668045416876777e-02 7.194257311950370548e-01 7.130408902443168984e+01
7.148201927977589909e-01 -1.098144005149885583e-02 -6.992280417580899465e-01 -3.892659446808752222e+01 -1.747133949448182247e-02 9.992841164950263533e-01 -3.354424493064503410e-02 -4.481142233369953765e+00 6.990958438940678699e-01 3.619416874142085405e-02 7.141167376318059423e-01 7.212405621011079404e+01
7.101986381825127204e-01 -1.186553366626764451e-02 -7.040648234065675082e-01 -3.975361848639155937e+01 -1.744040042772733445e-02 9.992545576739441104e-01 -3.443507921427088614e-02 -4.538448596966044413e+00 7.039489149798712209e-01 3.672925209062914004e-02 7.094623143211559180e-01 7.293684205802873066e+01
7.049599879780903411e-01 -1.389993768025219074e-02 -7.089672758166625233e-01 -4.058954425992259019e+01 -1.768797318957764791e-02 9.991524032098821895e-01 -3.716741583649216946e-02 -4.596437465352797958e+00 7.088828405870395422e-01 3.874512942838224949e-02 7.041167810417946482e-01 7.375095426506396734e+01
7.008099511758306699e-01 -1.588271880070661266e-02 -7.131151211039634674e-01 -4.142552188956175740e+01 -1.772032032255642722e-02 9.990559141097620222e-01 -3.966806213170587236e-02 -4.648701138321575499e+00 7.130720547953977029e-01 4.043758885741587789e-02 6.998668436453767683e-01 7.456104648930657675e+01
6.951188078900384371e-01 -1.576706440848642254e-02 -7.186916186720356814e-01 -4.227165285940497341e+01 -1.938314704518949785e-02 9.989848794943687604e-01 -4.065694732363900332e-02 -4.711977139817028259e+00 7.186030249082981936e-01 4.219365896810275962e-02 6.941077417347032430e-01 7.535077704239141383e+01
6.903533035810519580e-01 -1.676018868676084142e-02 -7.233601074629935068e-01 -4.313149451458344430e+01 -1.708570996240981604e-02 9.990750726876561627e-01 -3.945122734397216169e-02 -4.772554059574000362e+00 7.233526654813507983e-01 3.958820560140729333e-02 6.894285210854180779e-01 7.616055114989272568e+01
6.861333835819644067e-01 -1.625372912766790551e-02 -7.273441122685179172e-01 -4.399267379398101951e+01 -1.610741488817232087e-02 9.991658382361207069e-01 -3.753262291487648866e-02 -4.828984092245942605e+00 7.273475917047717010e-01 3.746401200109720359e-02 6.852993923977660495e-01 7.697129538330355558e+01
6.806988061995944417e-01 -1.663839850151205627e-02 -7.324739525271942719e-01 -4.487056233229076696e+01 -1.645687272431341913e-02 9.991424143248097689e-01 -3.798540285402193101e-02 -4.893636187195677500e+00 7.324781905676921445e-01 3.790507874180418929e-02 6.798413394426370271e-01 7.775949385275222880e+01
6.767958303292983535e-01 -1.687597218780739414e-02 -7.360642522448739289e-01 -4.574908639103831121e+01 -1.594698373878119038e-02 9.991664481665207820e-01 -3.758372831312375290e-02 -4.948784581088996326e+00 7.360850363725843781e-01 3.717359234415627822e-02 6.759626773490603480e-01 7.855990305636372284e+01
6.720665816567260586e-01 -1.877896018436032294e-02 -7.401775695218397733e-01 -4.663417591165869425e+01 -1.354911760053188405e-02 9.991991917953224611e-01 -3.765811236159504610e-02 -5.009626541779019782e+00 7.402917663578680862e-01 3.534242644489238999e-02 6.712740138404322821e-01 7.935674242945606238e+01
6.677048630726696299e-01 -1.981117318957432288e-02 -7.441374955902180233e-01 -4.753022809273127081e+01 -1.214621416295641812e-02 9.992227476980829470e-01 -3.749753058565052227e-02 -5.068189788806330753e+00 7.443021251447001774e-01 3.407699961427507196e-02 6.669454227528074375e-01 8.014738854898570253e+01
6.658781991264560718e-01 -2.296526914916102724e-02 -7.455899841389364013e-01 -4.842925997487478895e+01 -8.959331662023074447e-03 9.992078195527608342e-01 -3.876310024612376198e-02 -5.128421135703223221e+00 7.458898600298401460e-01 3.249018935657321805e-02 6.651450518392771905e-01 8.093980591315471429e+01
6.602118605077560431e-01 -2.704514946957819674e-02 -7.506176104767783297e-01 -4.933899488066305139e+01 -6.365448847007197132e-03 9.991141543293767802e-01 -4.158793553620999950e-02 -5.192747546568755368e+00 7.510773754090936949e-01 3.223875441386320900e-02 6.594547053967844130e-01 8.172782472476940541e+01
6.553026062059522650e-01 -3.068176519636588162e-02 -7.547193822136945007e-01 -5.025979946507695217e+01 -3.149322434103819270e-03 9.990551121366472165e-01 -4.335438021915401924e-02 -5.246687690232374024e+00 7.553361964220015601e-01 3.079189859509852412e-02 6.545868049919039144e-01 8.252754473142233849e+01
6.497049437002305750e-01 -3.494709624796041303e-02 -7.592980717179966810e-01 -5.118314288000483714e+01 3.326450697361422841e-03 9.990639869587227828e-01 -4.313542948156977308e-02 -5.318542078320404265e+00 7.600944766799766494e-01 2.550508383052366851e-02 6.492128679898810928e-01 8.331741393012505625e+01
6.405416728944821614e-01 -3.897333085792713259e-02 -7.669156542188386716e-01 -5.211455288611815462e+01 8.554102510263970893e-03 9.990113037501404669e-01 -4.362611466695649060e-02 -5.390371537815248359e+00 7.678579341234628153e-01 2.137938721879401038e-02 6.402420143717654222e-01 8.409176538291833936e+01
6.330164242959480658e-01 -4.024061422476946093e-02 -7.731458600563957395e-01 -5.305770888704817878e+01 1.132175774360573775e-02 9.990223030646999680e-01 -4.272368458040094047e-02 -5.457500285117739658e+00 7.741098516264687257e-01 1.828837677387963948e-02 6.328532547179043233e-01 8.486793909442079098e+01
6.223257489003251042e-01 -3.886186581220359842e-02 -7.818238060134332645e-01 -5.402438282720270735e+01 1.297757381213097104e-02 9.991416257128947764e-01 -3.933483687358588221e-02 -5.517438349030728162e+00 7.826816624361924157e-01 1.433217158474442247e-02 6.222960125899971162e-01 8.563225842873060856e+01
6.129514064133924078e-01 -3.960122443200922437e-02 -7.891047924432714744e-01 -5.500328786189720631e+01 1.323402093769865222e-02 9.991172739680270753e-01 -3.986819879159013424e-02 -5.593893241951047202e+00 7.899874341566573976e-01 1.398850222132776676e-02 6.129348601344802860e-01 8.638319816566207976e+01
6.050010941234619244e-01 -3.979863086657030313e-02 -7.952327322032860524e-01 -5.599110800992630033e+01 1.138307827080767450e-02 9.990806958064063492e-01 -4.132201434870785839e-02 -5.652304263134997342e+00 7.961461301100509758e-01 1.595784962349432179e-02 6.048971014428127235e-01 8.711970872965127910e+01
5.949164138094794607e-01 -4.209581331120096359e-02 -8.027094586146062971e-01 -5.698915670134076095e+01 1.303747763440673592e-02 9.990011473912635553e-01 -4.272855272166997675e-02 -5.724101326711746651e+00 8.037071785736438212e-01 1.494306706360765125e-02 5.948717468703935696e-01 8.784644911675245282e+01
5.845257616818703150e-01 -4.351855077917977238e-02 -8.101726579381628435e-01 -5.800828784877909072e+01 1.263478519312215449e-02 9.989276368591506472e-01 -4.454621924011960971e-02 -5.784645793796682867e+00 8.112422497094067264e-01 1.580619127380317526e-02 5.844487730707650375e-01 8.857347310675493191e+01
5.762272088129379854e-01 -4.404806925773983861e-02 -8.162413575791672704e-01 -5.902207732103406101e+01 1.610208948519697286e-02 9.989643183093256384e-01 -4.254803625739608103e-02 -5.855367679783333834e+00 8.172709310820640560e-01 1.136886991570447425e-02 5.763401691973166763e-01 8.929543726863411734e+01
5.631048919349559423e-01 -4.478404021658117379e-02 -8.251683683322187379e-01 -6.006291981083599296e+01 1.814391791208317187e-02 9.989598873030720583e-01 -4.184014402888547313e-02 -5.923374880620632332e+00 8.261835813647364635e-01 8.593214754436110867e-03 5.633316512543735666e-01 8.999463191595376088e+01
5.537347321213633711e-01 -4.500322969133723622e-02 -8.315406440431151180e-01 -6.110991808766329569e+01 1.811339676207778318e-02 9.989534799489240280e-01 -4.200287201750353000e-02 -5.993116220824423301e+00 8.325605943010387922e-01 8.204966529451093379e-03 5.539699486162059650e-01 9.068029229926402479e+01
5.442936763990182669e-01 -4.486349216518479427e-02 -8.378044708381467975e-01 -6.215926737906365673e+01 1.700999544072896372e-02 9.989541716491036061e-01 -4.242896686196007128e-02 -6.059985123688035102e+00 8.388323732109820297e-01 8.845061825092656940e-03 5.444872088290142464e-01 9.136356048005411878e+01
5.335435917731433664e-01 -4.579543759569525141e-02 -8.445912228409461209e-01 -6.323720753333667943e+01 1.635017266548928136e-02 9.989046819407111366e-01 -4.383703910166250606e-02 -6.132336053747568627e+00 8.456741836865153683e-01 9.575522521734616821e-03 5.337081732198919459e-01 9.202898465081433699e+01
5.243211885651356541e-01 -4.709874517853392811e-02 -8.501270660180554328e-01 -6.431717458534272680e+01 1.543487354798095228e-02 9.988308646924771717e-01 -4.581643338048779074e-02 -6.205871113268323747e+00 8.512908151624467568e-01 1.090398919441797933e-02 5.244349242242293263e-01 9.268126665671447029e+01
5.146045359318587309e-01 -4.666718643414118073e-02 -8.561818097378747217e-01 -6.540742204313123409e+01 1.453442994940080425e-02 9.988489975022011302e-01 -4.571888938313834611e-02 -6.277480220128853539e+00 8.573298009777298168e-01 1.108638752024119177e-02 5.146905877359843062e-01 9.332646209032536433e+01
