1.000000000000000000e+00 4.398956837314658088e-19 2.733407509747682871e-20 -8.673617379884035472e-19 -5.583667658079949532e-19 1.000000000000000000e+00 -6.100159232558060012e-19 0.000000000000000000e+00 4.145284534913582806e-20 -2.210423569125054137e-19 1.000000000000000222e+00 0.000000000000000000e+00
9.998972093383179383e-01 2.792003537590857288e-04 1.433502077636883074e-02 -8.455465503622947021e-02 -2.744924768401923727e-04 9.999999077502289557e-01 -3.303846107982327655e-04 -9.349845794046768299e-03 -1.433511194600876025e-02 3.264158110651567521e-04 9.998971937162260959e-01 1.774505820820837521e-02
9.994152110424576740e-01 2.475227286064247360e-03 3.410438696007386111e-02 -5.383289698592451378e-02 -2.460867519198466167e-03 9.999968648677781680e-01 -4.630230746761370884e-04 -4.277375952944667548e-03 -3.410542671679971105e-02 3.788259591229531571e-04 9.994181689020755766e-01 1.462873749550355207e-01
9.979442449597476505e-01 4.917063157372745207e-03 6.389918975333662432e-02 -2.199700192308353189e-02 -4.992672942660278911e-03 9.999870126073556742e-01 1.023641887027586413e-03 8.612495414065390875e-03 -6.389332766324476442e-02 -1.340565242241424128e-03 9.979558334647042894e-01 4.008395124532300180e-01
9.953906792168183415e-01 4.180704877180970586e-03 9.581188549476665761e-02 2.586758228155086603e-02 -4.481218977954466894e-03 9.999856915342647534e-01 2.921542564100888459e-03 1.274625076865477935e-02 -9.579830212255897870e-02 -3.337430221323769378e-03 9.953951712235487026e-01 5.361114169420394537e-01
9.909787288643792103e-01 1.389671217226215623e-03 1.340120428363651417e-01 1.359107566968240366e-01 -2.061377680741143664e-03 9.999859989646627811e-01 4.873663847046434162e-03 7.290644090060596771e-03 -1.340033960544045333e-01 -5.105946561081184214e-03 9.909677185862727500e-01 7.615017304881810389e-01
9.849364372629296760e-01 -2.286791936571283459e-03 1.729016623985220047e-01 1.610657192304753571e-01 1.298001538252044297e-03 9.999821533593479250e-01 5.831650786110519416e-03 -1.443132447387190931e-02 -1.729119154454011598e-01 -5.519378612426096078e-03 9.849218274741025070e-01 9.140003351476198024e-01
9.762855830855212691e-01 -2.534492504303936019e-03 2.164717905343667981e-01 2.787763706504233774e-01 1.093521807409561378e-03 9.999764437869275158e-01 6.776140306638608543e-03 -4.881575992833772637e-03 -2.164838690979565272e-01 -6.378731320749724855e-03 9.762653567145166411e-01 1.158428232530404056e+00
9.645071885236375930e-01 -2.472332254015479919e-03 2.640450151288575298e-01 3.629304389585699120e-01 -2.214122271727542819e-04 9.999482435133419944e-01 1.017159124835284589e-02 5.634962425326545121e-03 -2.640565012027155101e-01 -9.869035513552748898e-03 9.644567212469166151e-01 1.338946512065738448e+00
9.501742868029626754e-01 -6.109958047108367089e-03 3.116592560088903840e-01 5.164760470086726674e-01 9.219350012173467817e-04 9.998585948530714917e-01 1.679107877695550088e-02 2.418809391221106442e-02 -3.117177839557593866e-01 -1.566712157102657932e-02 9.500455598182222516e-01 1.619020262024708501e+00
9.333975324224869086e-01 -1.584961403083467654e-02 3.584938416121567495e-01 6.299148143337645056e-01 7.398181798808918519e-03 9.996617155394990073e-01 2.493434111334945011e-02 -9.363970982855934766e-04 -3.587677745914275018e-01 -2.062144969324037139e-02 9.331990363690099155e-01 1.795000218738942444e+00
9.122414498381112846e-01 -2.160346035381506893e-02 4.090829076837178002e-01 7.929809124919546814e-01 1.022151088543545548e-02 9.994979539035121485e-01 2.998934520313329896e-02 -8.941035446621725669e-03 -4.095254099054522756e-01 -2.317607816359010253e-02 9.120042820151463836e-01 2.026211950761199976e+00
8.873606136412199863e-01 -2.360112759177429922e-02 4.604716332996391936e-01 9.864031130296730954e-01 8.939509643198130170e-03 9.993820038579519505e-01 3.399552174885366734e-02 -4.632611721256091331e-03 -4.609894042102661849e-01 -2.604989621831511545e-02 8.870232100723984825e-01 2.281153343228065733e+00
8.590050698339924962e-01 -2.547994716850227048e-02 5.113326299185292356e-01 1.152260366161793170e+00 6.899763456870319951e-03 9.992462250845896010e-01 3.820176546954562324e-02 2.796125173480056014e-02 -5.119205880109407580e-01 -2.928743578356131708e-02 8.585333782571250572e-01 2.493939918976506132e+00
8.268909298875334324e-01 -3.082560872254522591e-02 5.615168449408479701e-01 1.399060071067411926e+00 8.052197983976489351e-03 9.990431898361934460e-01 4.298682251175485469e-02 2.475320075203736592e-02 -5.623046845945184335e-01 -3.102396855790793412e-02 8.263479653645680045e-01 2.733645050917177688e+00
7.913643054314939418e-01 -3.658050708036807153e-02 6.102494546233466766e-01 1.602885005061056134e+00 1.023091157179870439e-02 9.988608662108547920e-01 4.660792157733571750e-02 2.352348655969081770e-02 -6.112592508098827482e-01 -3.064043694814083674e-02 7.908370866952940670e-01 2.920536780040625224e+00
7.537666217340724950e-01 -4.112676599723433246e-02 6.558539947075302523e-01 1.869692937946106248e+00 1.139313518900855575e-02 9.987075469501895952e-01 4.953213182504236090e-02 3.341348412222258646e-02 -6.570434419549278093e-01 -2.986343405893966685e-02 7.532609756563676262e-01 3.123690343044231099e+00
7.133528805765642078e-01 -4.422009278444189589e-02 6.994084954065897808e-01 2.201401565983052144e+00 1.229127075715624913e-02 9.986432162793145162e-01 5.060287726700506139e-02 4.411714989946100007e-02 -7.006972253798903205e-01 -2.750108862031723500e-02 7.129285351595526787e-01 3.390135834782328494e+00
6.722911885714896174e-01 -4.631086531386753580e-02 7.388368242149773168e-01 2.477875732899677885e+00 1.151750368278029249e-02 9.985748640600077275e-01 5.211130319982577169e-02 5.346605325332400710e-02 -7.401972136378107692e-01 -2.652441361438066803e-02 6.718664667680968039e-01 3.552465358353861902e+00
6.294372788042490452e-01 -4.657232741146195842e-02 7.756543822370116636e-01 2.821312692699148084e+00 7.158007582422975384e-03 9.985074624784092689e-01 5.414434644349040704e-02 8.362026882561605923e-02 -7.770183306250633137e-01 -2.852832961030807996e-02 6.288311840393830954e-01 3.800554598867923684e+00
5.876015708636213031e-01 -4.739726306942716044e-02 8.077610307401641432e-01 3.153985802036500807e+00 4.283466346857373215e-03 9.984511402246231127e-01 5.547046468923820528e-02 1.035436447298529461e-01 -8.091390843622546791e-01 -2.913451443899457705e-02 5.868944818814547659e-01 4.004334839491888509e+00
5.474959184951379010e-01 -4.845832557643624250e-02 8.354040929455921471e-01 3.533751790349445088e+00 2.105614817450000061e-03 9.983985104102501840e-01 5.653300586291899049e-02 1.230464821965970845e-01 -8.368057112539550868e-01 -2.919255014605571380e-02 5.467211428844837018e-01 4.208896168298196017e+00
5.086053595629445034e-01 -5.112531766385145643e-02 8.594805279801115416e-01 3.966513839663716290e+00 1.252574684499506560e-03 9.982783885844939142e-01 5.864034358430957744e-02 1.339546908326117447e-01 -8.609988575673594990e-01 -2.874822886251105977e-02 5.077937758497422793e-01 4.422113462470097289e+00
4.714335841382908954e-01 -5.097663748813475310e-02 8.804270244437734094e-01 4.359826966837895945e+00 -1.776109090460352858e-03 9.982710979441251631e-01 5.875083322834931399e-02 1.598123430298086789e-01 -8.818997875225387251e-01 -2.926084968319747626e-02 4.705279803480708622e-01 4.615617342675712997e+00
4.356195425384324915e-01 -5.031024392193336747e-02 8.987238063549221057e-01 4.821975694340950191e+00 -2.970985082584417375e-03 9.983510114438847172e-01 5.732740321769936448e-02 1.848016685504471623e-01 -9.001259922833757532e-01 -2.764303151326155325e-02 4.347517386596576605e-01 4.785867980797981147e+00
4.019213273657835650e-01 -4.903670418168310646e-02 9.143602322486260592e-01 5.337532883212724677e+00 -1.678003889955094171e-03 9.985239116806968740e-01 5.428795510357081050e-02 2.002703391599173210e-01 -9.156726740190457292e-01 -2.335378627188693101e-02 4.012457709320309540e-01 4.976618447373674314e+00
3.717741932129512428e-01 -4.737890884855761736e-02 9.271133554652107867e-01 5.827378163033301917e+00 1.568679883565477417e-04 9.986999507735293546e-01 5.097434337500009183e-02 2.230543092692313101e-01 -9.283231872897191872e-01 -1.880551019039049601e-02 3.712982993993186320e-01 5.152305413211386131e+00
3.462625347436165679e-01 -4.548618882893101789e-02 9.370342837551982607e-01 6.370671787054742019e+00 1.070842640470515616e-03 9.988423934253567449e-01 4.809081366626189596e-02 2.488516837631982725e-01 -9.381370507684342330e-01 -1.564862994652386347e-02 3.459104061974569433e-01 5.340007490478161145e+00
3.259924348366393665e-01 -4.494136523955529622e-02 9.443035481939806575e-01 6.941737804959458913e+00 2.343376097968658239e-03 9.989047627135686502e-01 4.673097027225157213e-02 2.716903802313904714e-01 -9.453694816981652593e-01 -1.302108355986712589e-02 3.257407089674841383e-01 5.505741130151174723e+00
3.109019210826620694e-01 -4.548224583217634620e-02 9.493531195549256285e-01 7.523242314949935228e+00 3.326341408449120032e-03 9.989003033494416872e-01 4.676664821703899882e-02 3.019490534987324115e-01 -9.504361877460800745e-01 -1.138196730134739820e-02 3.107113114312444191e-01 5.694309355235948722e+00
2.989073104132553005e-01 -4.702309955319775719e-02 9.531228843007927276e-01 8.155237446742155782e+00 4.377259630904372679e-03 9.988422592230611352e-01 4.790595734867003630e-02 3.198816081342675255e-01 -9.542721181871890446e-01 -1.014737364278247775e-02 2.987670842136967431e-01 5.901794163441001828e+00
2.882816640827894350e-01 -4.885764924296085582e-02 9.562983827410509452e-01 8.784657522979960831e+00 3.178538576826911172e-03 9.987407603888850405e-01 5.006785786527254839e-02 3.509917158538398141e-01 -9.575403883443830422e-01 -1.139401319165322078e-02 2.880739429777820493e-01 6.073925316804088759e+00
2.776055218186522233e-01 -5.050780087920631045e-02 9.593665205536338059e-01 9.462807747479647702e+00 1.459827692110506623e-03 9.986380439829929401e-01 5.215290954875279744e-02 3.828053536701996884e-01 -9.606940509415036189e-01 -1.307742497601869711e-02 2.773011666529476837e-01 6.251363516183062963e+00
2.675595789735918939e-01 -5.227048042583182924e-02 9.621224729332698011e-01 1.016192186204398595e+01 8.309333916120798490e-04 9.985396224193395787e-01 5.401788563713784408e-02 4.127967625027767484e-01 -9.635409683489402077e-01 -1.365354216887179443e-02 2.672122729055717572e-01 6.446377466737863493e+00
2.576433933115721553e-01 -5.431388681207541952e-02 9.647123238716243110e-01 1.087033820854827404e+01 1.436045735759504914e-04 9.984210201872051327e-01 5.617335476015897222e-02 4.420657439260337607e-01 -9.662400725367388254e-01 -1.433415575383224436e-02 2.572443779687956233e-01 6.650617558198505641e+00
2.474427383177137396e-01 -5.599693137080549721e-02 9.672830087818657940e-01 1.158436226721111062e+01 -4.611551972374487436e-04 9.983215995049894431e-01 5.791175403586527881e-02 4.685671760270815334e-01 -9.689024177805675153e-01 -1.477590970708662736e-02 2.470016056754659184e-01 6.829617976445736538e+00
2.366516565026575702e-01 -5.714990643865102554e-02 9.699122979488568053e-01 1.235857212505048608e+01 -1.299292036033508711e-03 9.982490540110102728e-01 5.913660426563797229e-02 5.000255895359166924e-01 -9.715937021113970617e-01 -1.525497380472282810e-02 2.361630364602265719e-01 7.005973499904501800e+00
2.265579894864439559e-01 -6.008725180710776381e-02 9.721424707952651678e-01 1.311780097041029514e+01 -2.232940335019125387e-03 9.980606081966094667e-01 6.220961580825098286e-02 5.350099759802267041e-01 -9.739951273557995171e-01 -1.626482074355273949e-02 2.259844321722442595e-01 7.192627565398589162e+00
2.159447262602978146e-01 -6.357911182130045191e-02 9.743333903772146698e-01 1.388206789818561404e+01 -4.143652719610271817e-03 9.978090764693557935e-01 6.602936476282601774e-02 5.823976526676868382e-01 -9.763968056815399699e-01 -1.829599143946752590e-02 2.152081567577811827e-01 7.360699353459795091e+00
2.028883425470270618e-01 -6.759095523986442811e-02 9.768662994420976853e-01 1.467192538022356096e+01 -4.166666405198131418e-03 9.975461971977297448e-01 6.988721839707073835e-02 6.179671916746439786e-01 -9.791930229683399878e-01 -1.824957702865226405e-02 2.021088642368774613e-01 7.522955177592314691e+00
1.900864882947465306e-01 -6.993444076539118148e-02 9.792733451997421845e-01 1.545805289961660023e+01 -5.346094795837958921e-03 9.973711666487893313e-01 7.226461896710742461e-02 6.611438410532458620e-01 -9.817528014671041969e-01 -1.897181491376904658e-02 1.892129050775493704e-01 7.681451817554406425e+00
1.767295796788532769e-01 -7.067646148817015306e-02 9.817186343404120663e-01 1.626545970975875122e+01 -5.821064626229482258e-03 9.973260676135962122e-01 7.284799250067788834e-02 6.968701885491676018e-01 -9.842422404522794821e-01 -1.858904183449687844e-02 1.758456031114669915e-01 7.820484186385362690e+00
1.612718577154085287e-01 -6.975745373508426828e-02 9.844416026335862657e-01 1.706621632884814588e+01 -7.479849907326549183e-03 9.973838064923687963e-01 7.189989111993948245e-02 7.369865454221314893e-01 -9.868816833041685888e-01 -1.895890356477377900e-02 1.603281626698364881e-01 7.959233615453788602e+00
1.445063871424171476e-01 -6.866961679335024937e-02 9.871182153761728362e-01 1.786308247421844086e+01 -8.821142965238511213e-03 9.974600086043737823e-01 7.068039775665105329e-02 7.757859614321946928e-01 -9.894645565479984750e-01 -1.892127894337852084e-02 1.435335962769372642e-01 8.065774088446836743e+00
1.245939044514457611e-01 -6.744434157185626166e-02 9.899129269597238823e-01 1.867806625982651170e+01 -1.116192624759247340e-02 9.975286857192386947e-01 6.936809447746296320e-02 8.154739813711094909e-01 -9.921450436273484552e-01 -1.969217594127208038e-02 1.235331836073124689e-01 8.158662959442038343e+00
9.962407634711573090e-02 -6.601570357513585063e-02 9.928327922441504416e-01 1.949719453439450234e+01 -1.562157244109774364e-02 9.975699473674113360e-01 6.789820731473154847e-02 8.557003985766309384e-01 -9.949025214395882388e-01 -2.227390471852571871e-02 9.835071411627663296e-02 8.241837813673054569e+00
6.939778850676156519e-02 -6.548472104112161574e-02 9.954374320807729548e-01 2.034579370239981699e+01 -1.969863706518937968e-02 9.975586643321118219e-01 6.699757380720111621e-02 8.969921474808399964e-01 -9.973945698543315030e-01 -2.425824330953886901e-02 6.793840406764513340e-02 8.317845108708036506e+00
3.604075342481630195e-02 -6.531640835718045823e-02 9.972135246311152335e-01 2.118863854380169442e+01 -2.260312778541662473e-02 9.975532762244111451e-01 6.615557193407338443e-02 9.407608731621127651e-01 -9.990946802222623324e-01 -2.492444053982171420e-02 3.447621513982235264e-02 8.323259029674208165e+00
1.702334653342315153e-03 -6.458711201460551332e-02 9.979106121081031677e-01 2.202556418088394707e+01 -2.455067000719681619e-02 9.976085826605798346e-01 6.460944513157096392e-02 9.708495911673864498e-01 -9.996971461276284998e-01 -2.460936018284929847e-02 1.126053937206381879e-04 8.314521328199839800e+00
-3.231600899820850220e-02 -6.363188941098765761e-02 9.974500693854728706e-01 2.285912916217786517e+01 -2.573151186250374756e-02 9.976935008520002590e-01 6.281375371775591021e-02 1.002132223533020783e+00 -9.991464267623885176e-01 -2.363600760186519018e-02 -3.387881826100678367e-02 8.272411402615173159e+00
-6.554706731226687955e-02 -6.157834565552668116e-02 9.959476251395862345e-01 2.370864517841025787e+01 -2.814728027028931198e-02 9.978109921679926275e-01 5.984107730212481768e-02 1.035550530116262635e+00 -9.974524197829662819e-01 -2.411080896080548472e-02 -6.713684861312750607e-02 8.223164305653975603e+00
-9.778884239250723587e-02 -5.855108117869539663e-02 9.934833143761037100e-01 2.453518898770192891e+01 -2.966567647499728302e-02 9.979957268309606055e-01 5.589702036401766189e-02 1.077200707873641194e+00 -9.947649506084513815e-01 -2.400624881667988084e-02 -9.932980565861125599e-02 8.141363739207587713e+00
-1.295195067170999970e-01 -5.416332217408841021e-02 9.900964673866679000e-01 2.537098190788064045e+01 -2.709834880914120669e-02 9.983274335811356259e-01 5.106872693250533168e-02 1.099883862724728267e+00 -9.912065343414260266e-01 -2.021558221884348777e-02 -1.307706147201766200e-01 8.018884663649009426e+00
-1.617784282385702210e-01 -4.876417873193313046e-02 9.856215186170446119e-01 2.620038534000937247e+01 -2.272711389211097555e-02 9.986975264820712184e-01 4.568072797897237969e-02 1.118819689846723087e+00 -9.865653729455428067e-01 -1.501017520361046589e-02 -1.626759865422912343e-01 7.866988051041081675e+00
-1.922355135983294661e-01 -4.259766638512028220e-02 9.804238518114106737e-01 2.706421444567065748e+01 -1.649212846278859390e-02 9.990566027498604118e-01 4.017355111469109175e-02 1.136386689982922693e+00 -9.812102391573845894e-01 -8.446491894928633351e-03 -1.927566867018985497e-01 7.685196843674044764e+00
-2.215149199779244404e-01 -3.696400431508420348e-02 9.744561487561864688e-01 2.786831998562566071e+01 -1.090785966243468588e-02 9.993127264555381473e-01 3.542729658318882063e-02 1.144239041586489813e+00 -9.750959824511323815e-01 -2.781555119112821828e-03 -2.217658781702011583e-01 7.482541124462783522e+00
-2.488088335123330719e-01 -3.038697907457964947e-02 9.680758127793381851e-01 2.867306470615707070e+01 -1.854706811954682762e-03 9.995208429070483458e-01 3.089732423901926303e-02 1.175335026996372489e+00 -9.685508455082165735e-01 5.892031501072570419e-03 -2.487459752892151044e-01 7.264164328807318327e+00
-2.759311607234306019e-01 -1.995051959870974487e-02 9.609703194886476396e-01 2.951217538291250975e+01 4.111280167858937830e-03 9.997509204932906179e-01 2.193614213621742845e-02 1.169250725796681989e+00 -9.611686155603832438e-01 1.000368450731506896e-02 -2.757804110988344437e-01 7.023769084581505950e+00
-3.005646364280220029e-01 -5.075382171687625732e-03 9.537479350802694489e-01 3.029314078111130470e+01 8.277577366005317572e-03 9.999342981051353441e-01 7.929764752263075353e-03 1.161453869473622946e+00 -9.537255351426299210e-01 1.027813029728976216e-02 -3.005028782328635351e-01 6.748583665779455565e+00
-3.254463471827298560e-01 1.183398141961470272e-02 9.454864441556700694e-01 3.106647321760436142e+01 9.064092358842645858e-03 9.999147819709499618e-01 -9.395265331013495994e-03 1.131817997110323937e+00 -9.455170714355124462e-01 5.512322727702964782e-03 -3.255258789163510968e-01 6.464963795074198494e+00
-3.505743763979098371e-01 2.630279437595693659e-02 9.361654522528178868e-01 3.185068834151908845e+01 7.756016053169678855e-03 9.996527930669486528e-01 -2.518208716066841490e-02 1.097527786264644201e+00 -9.365027845911121362e-01 -1.567279250970061337e-03 -3.506566607566688476e-01 6.178203269586786561e+00
-3.747795715725724675e-01 3.713168722431519492e-02 9.263700638495003803e-01 3.259223485925662800e+01 1.146596143625812012e-02 9.993068631188469775e-01 -3.541645136269964272e-02 1.064503664577969078e+00 -9.270430512353707853e-01 -2.651638088650617227e-03 -3.749455498278042032e-01 5.858398035570131945e+00
-3.984966661391120546e-01 4.177290979749009869e-02 9.162179959179036493e-01 3.339132469407078219e+01 1.577167989544352861e-02 9.991266613505771499e-01 -3.869326373031773542e-02 1.017019277902148744e+00 -9.170341734223775854e-01 -9.688386951922516076e-04 -3.988074738517142226e-01 5.512932468773958483e+00
-4.209497303891684417e-01 4.114521655869414485e-02 9.061503081150490413e-01 3.410337930909820159e+01 1.769946147186819696e-02 9.991530962601314902e-01 -3.714591850289356012e-02 9.694916206138062265e-01 -9.069112785931560117e-01 4.018090507150125267e-04 -4.213214759404225185e-01 5.151356328880599911e+00
-4.415842451339055952e-01 3.803555719763500320e-02 8.964132062731705597e-01 3.485157810241899767e+01 2.205571982128052416e-02 9.992592865630994803e-01 -3.153447954626840272e-02 9.388230936572273810e-01 -8.969486680007836554e-01 5.845910184087385261e-03 -4.420960606059437525e-01 4.791787853419261722e+00
-4.597652945857408358e-01 3.670150867880533213e-02 8.872817246874047381e-01 3.558280806397493734e+01 2.939710436345211245e-02 9.992270214617428037e-01 -2.609922961606524552e-02 9.101636347266417459e-01 -8.875537714374593934e-01 1.408399454597835353e-02 -4.604888252117393943e-01 4.382377136917799731e+00
-4.736016591528536268e-01 3.738841987845566844e-02 8.799452031398974361e-01 3.628654156676972775e+01 3.279862697538216826e-02 9.991542284241758942e-01 -2.480076283375617918e-02 8.567889792697671592e-01 -8.801282470852413997e-01 1.711531315065528691e-02 -4.744273904083103344e-01 4.000015558996182108e+00
-4.848121058955724982e-01 4.049456301443363215e-02 8.736803755077375833e-01 3.697668698498177520e+01 3.533018472978165236e-02 9.990189912622895463e-01 -2.669893418848044708e-02 8.049292602063855551e-01 -8.739044642434277144e-01 1.792332365347075115e-02 -4.857671826071477406e-01 3.594135006632928953e+00
-4.946163722997231615e-01 4.319733516082924912e-02 8.680372231966994034e-01 3.765821788971001638e+01 3.699656486054340998e-02 9.989052213416325099e-01 -2.862888235113339452e-02 7.632943692273593816e-01 -8.683236210446850789e-01 1.795408259318300587e-02 -4.956730310874108425e-01 3.200103584643726240e+00
-5.052568275828636102e-01 4.245935363323172229e-02 8.619238527922702398e-01 3.837750229546323766e+01 3.098812911386159344e-02 9.990373972515267376e-01 -3.104858601848986543e-02 7.028588228127956583e-01 -8.624124803562847053e-01 1.102189859178818662e-02 -5.060862031195877409e-01 2.815318804439589595e+00
-5.165614744186892704e-01 4.131622993027063429e-02 8.552527106203221541e-01 3.906325821617519978e+01 2.923353951766828954e-02 9.991038483575810369e-01 -3.060882738367949607e-02 6.931345755547274612e-01 -8.557509306722995701e-01 9.190723916748402486e-03 -5.173063778509281452e-01 2.388227857768880913e+00
-5.251627691535596387e-01 4.274036366809785825e-02 8.499278287553765354e-01 3.973953337841238920e+01 3.159420026229075446e-02 9.990286819131185547e-01 -3.071643160994001406e-02 6.522065253659261597e-01 -8.504151246724067637e-01 1.072166476321693984e-02 -5.260030178645864751e-01 1.962277125281015389e+00
-5.324886127990440254e-01 4.569739720736053917e-02 8.452027047676360372e-01 4.043057662716654477e+01 3.534458441152754649e-02 9.988710860240667122e-01 -3.173820723566724705e-02 6.029997800381659001e-01 -8.456989117366238151e-01 1.297310543070468065e-02 -5.335026356669768655e-01 1.525019464788714307e+00
-5.360557553313695101e-01 4.896906655897760585e-02 8.427610840473133136e-01 4.111932373972153698e+01 3.623026148565905435e-02 9.987308421581313489e-01 -3.498675481977596424e-02 5.691873823181541336e-01 -8.434047705454585930e-01 1.177860417927660899e-02 -5.371495792408077508e-01 1.082736038467686956e+00
-5.357656470157023954e-01 5.032949886814207241e-02 8.428654104344744935e-01 4.183369509274867681e+01 3.517053415813959499e-02 9.986858349737225415e-01 -3.727782837214913686e-02 5.154380413546520989e-01 -8.436339352245296741e-01 9.671847866924650899e-03 -5.368316790883264078e-01 6.479263819015536052e-01
-5.327127921529983823e-01 5.119695305742577585e-02 8.447460802551699510e-01 4.255642849325259647e+01 3.779557798065042579e-02 9.986117941855626734e-01 -3.668758282790248598e-02 4.812884890585570341e-01 -8.454517059379094146e-01 1.238372268588765375e-02 -5.339082967810891978e-01 1.841274712468725927e-01
-5.270255386269220299e-01 5.008995047950392382e-02 8.483720088648963875e-01 4.330235060158535987e+01 3.617744876634187978e-02 9.986789529506778784e-01 -3.649028735772220922e-02 4.351480943654809086e-01 -8.490790809218996538e-01 1.146062255255436528e-02 -5.281414409082864081e-01 -2.588420163730551504e-01
-5.197302837487397520e-01 4.882100330848473252e-02 8.529343049673709931e-01 4.405642527464738123e+01 3.407151584175128339e-02 9.987560789563800778e-01 -3.640640734968501879e-02 3.933761709665818951e-01 -8.536507341576635710e-01 1.013925327015229548e-02 -5.207471871025828314e-01 -7.165631509025995882e-01
-5.126327667524803733e-01 4.808693764107829088e-02 8.572603335955646386e-01 4.484037556384267731e+01 3.208125577740620488e-02 9.988059986110057187e-01 -3.684250410994648756e-02 3.440275645329995413e-01 -8.580084216257874985e-01 8.615314212330410851e-03 -5.135633730721019807e-01 -1.191937630108037327e+00
-5.061407064087419805e-01 4.662538467516657431e-02 8.611896686467157558e-01 4.565244689917886944e+01 2.915836285419088486e-02 9.988918646408116997e-01 -3.694364054589932556e-02 2.941833540017627091e-01 -8.619578803038248083e-01 6.412201503611555421e-03 -5.069393550942837834e-01 -1.655857424758109042e+00
-5.016276150201369743e-01 4.441336309851445785e-02 8.639428080100128859e-01 4.646514795838532308e+01 2.500230860642574382e-02 9.990083655380646022e-01 -3.683978965941228645e-02 2.492275065541982859e-01 -8.647222864763427497e-01 3.120709834993787377e-03 -5.022406216184428507e-01 -2.120596653688040956e+00
-5.002072679028609636e-01 4.155326554463154715e-02 8.649080885945995556e-01 4.730149441637659891e+01 2.020508146108410813e-02 9.991360515947892429e-01 -3.631673233054986960e-02 2.117309788377916835e-01 -8.656699464395696264e-01 -6.903541485985801749e-04 -5.006147029656518033e-01 -2.561785119674655054e+00
-5.009320298919661685e-01 3.903402436556531463e-02 8.646059407816870657e-01 4.813428665518862459e+01 1.756346071120693658e-02 9.992351999613529046e-01 -3.493622720525933062e-02 1.606802621787326302e-01 -8.653084066476952607e-01 -2.315201829304897995e-03 -5.012344908275752076e-01 -3.055114117100577342e+00
-5.016604070091554846e-01 3.788907760039821049e-02 8.642344822519266723e-01 4.899908043324541040e+01 1.606082378601664251e-02 9.992760977607009210e-01 -3.448666918391396496e-02 1.182230678658902356e-01 -8.649155440310878351e-01 -3.420277869788634992e-03 -5.019057849332931864e-01 -3.543006155030176796e+00
-5.024171164144983770e-01 3.731050186401636132e-02 8.638199778144781682e-01 4.986297231481324843e+01 1.614544335587302440e-02 9.992991553933411319e-01 -3.377162502919649201e-02 6.407582538732732591e-02 -8.644746254844898337e-01 -3.020685038415845108e-03 -5.026673958993419511e-01 -4.045773842963004796e+00
-5.021644005298570024e-01 3.646929180573679069e-02 8.640028310585858851e-01 5.074081022373616889e+01 1.600014199686156102e-02 9.993311589706391773e-01 -3.288206403511960418e-02 2.452091635032196959e-02 -8.646241510710559464e-01 -2.688033084080014047e-03 -5.024120474396406300e-01 -4.543291951175699950e+00
-5.026267500413217348e-01 3.595668068104980464e-02 8.637554363046521244e-01 5.162781382993548362e+01 1.630549652588911269e-02 9.993512327424715069e-01 -3.211299375164732017e-02 -2.573340038393202855e-02 -8.643497516838098971e-01 -2.056887503973186399e-03 -5.028869550116091824e-01 -5.048744704177117626e+00
-5.029714592867026157e-01 3.544399499185110769e-02 8.635759496741305385e-01 5.250597444204346687e+01 1.582757597147256209e-02 9.993689582083197243e-01 -3.179894932127406981e-02 -7.714946394674247754e-02 -8.641580939192610167e-01 -2.325649081921092685e-03 -5.032150570155592417e-01 -5.565423464574967838e+00
-5.030013678361542340e-01 3.382571144578081640e-02 8.636234316482556128e-01 5.339467509838249981e+01 1.412816531686889206e-02 9.994221347345227935e-01 -3.091587812217863260e-02 -1.263024187369324869e-01 -8.641701401956836115e-01 -3.349313466341342308e-03 -5.031885972765248738e-01 -6.077529839151306845e+00
-5.033802348160205664e-01 3.333439561149781349e-02 8.634217647031996457e-01 5.430702830981136486e+01 1.381081485071118317e-02 9.994383153360022476e-01 -3.053383704615587543e-02 -1.798136621496297938e-01 -8.639546358978197338e-01 -3.445571029314214388e-03 -5.035578702396363848e-01 -6.580004132227875502e+00
-5.026136229640424391e-01 3.234407508801354775e-02 8.639058937759986900e-01 5.519421075938917198e+01 1.247652154959634670e-02 9.994671935868910673e-01 -3.016065863356141505e-02 -2.298446858628028222e-01 -8.644211327451253313e-01 -4.380616511401683524e-03 -5.027493699684992823e-01 -7.090199831663873908e+00
-5.011235886407719997e-01 3.094039165824832849e-02 8.648224254310156178e-01 5.610467930326354491e+01 1.179375348458775244e-02 9.995120009557494356e-01 -2.892520183871363434e-02 -2.869382547700122243e-01 -8.652953649650249046e-01 -4.295597556801166762e-03 -5.012439453777849385e-01 -7.615903522290509819e+00
-4.991142693971975519e-01 2.881954299510295497e-02 8.660567916979383662e-01 5.699216138334449511e+01 1.250279137189144046e-02 9.995822590140146513e-01 -2.605739145188501124e-02 -3.371914617227907973e-01 -8.664459813923551801e-01 -2.177487594978404738e-03 -4.992660948626641004e-01 -8.110194146690291817e+00
-4.967360245954880460e-01 2.753427746422400929e-02 8.674647957198146075e-01 5.788308787332726268e+01 1.311141188507124883e-02 9.996206435078824892e-01 -2.422106371874406527e-02 -3.855324153631208284e-01 -8.678026418308447676e-01 -6.577857356434071165e-04 -4.969085990333710345e-01 -8.601289889896936103e+00
-4.936486046097475211e-01 2.664023800241601889e-02 8.692533228086964936e-01 5.878335115812313205e+01 1.239873467359634517e-02 9.996447072578744653e-01 -2.359513949018818627e-02 -4.414742056784276558e-01 -8.695730785983334377e-01 -8.700654362682253744e-04 -4.938035213093038278e-01 -9.147690088461011726e+00
-4.921054516787922717e-01 2.730765616457239697e-02 8.701071788270891005e-01 5.966538351394792272e+01 1.329133852589808179e-02 9.996270612182913684e-01 -2.385537206718882364e-02 -4.849941031352031917e-01 -8.704341314840065014e-01 -1.744686369366646765e-04 -4.922848829982091612e-01 -9.639591473055531878e+00
-4.907841202683956849e-01 2.755214337838949104e-02 8.708454587181971851e-01 6.055566482031763798e+01 1.306199635249234194e-02 9.996202250854129279e-01 -2.426499181841705599e-02 -5.335258652418307657e-01 -8.711833010748663009e-01 -5.338915189342947204e-04 -4.909576199930075768e-01 -1.013676050272378859e+01
-4.917453497696158138e-01 2.863166666129233692e-02 8.702681913890681908e-01 6.144855066786736586e+01 1.259757167701768855e-02 9.995885705226931206e-01 -2.576801981314281662e-02 -5.727427235028869079e-01 -8.706479338281772895e-01 -1.708037069954607351e-03 -4.919037219352991874e-01 -1.063012451574843986e+01
-4.943262851310261663e-01 3.068808914947822666e-02 8.687345689893470890e-01 6.232379924053471854e+01 1.172213506393046320e-02 9.995211131970197505e-01 -2.863801320592669966e-02 -6.252568369147337712e-01 -8.691974044165464708e-01 -3.973097825885931779e-03 -4.944492899454522861e-01 -1.110959509310074189e+01
-4.989307738462561703e-01 3.121223080817186676e-02 8.660795956364198966e-01 6.320499808566470534e+01 1.023370214480605334e-02 9.994937541751023335e-01 -3.012485161551663876e-02 -6.789043865170282244e-01 -8.665814252768305748e-01 -6.167014032238075233e-03 -4.989976101175515044e-01 -1.160356232301266033e+01
-5.043754704735458061e-01 2.999726185339549392e-02 8.629632295616009863e-01 6.408759864744754964e+01 1.031648320499419999e-02 9.995344036191794457e-01 -2.871491138347623956e-02 -7.187845626108191333e-01 -8.634228206648969506e-01 -5.580350389588669899e-03 -5.044501025426346708e-01 -1.211337081117142311e+01
-5.097401102280757490e-01 2.785049748193886565e-02 8.598775240763215644e-01 6.494850311693272715e+01 1.346620102377705033e-02 9.996117339790526746e-01 -2.439349702571970424e-02 -7.769381467495121152e-01 -8.602230487716395757e-01 -8.550593403816168000e-04 -5.099172370717028890e-01 -1.262747416615703600e+01
-5.152540715148111738e-01 2.563228768234165553e-02 8.566540808888720715e-01 6.580286105316574208e+01 1.052978305074942118e-02 9.996665442102392607e-01 -2.357804140691148811e-02 -8.277365445008435518e-01 -8.569727986005807319e-01 -3.128299306404329176e-03 -5.153521606952243816e-01 -1.312577299838620704e+01
-5.200450562210378047e-01 2.768768495681464895e-02 8.536899427631279291e-01 6.662675632902913492e+01 1.150061237679773050e-02 9.996108447435718691e-01 -2.541446369297381547e-02 -8.786569859824721052e-01 -8.540614072823444758e-01 -3.398708178920123793e-03 -5.201611044875366074e-01 -1.363461440955888726e+01
-5.248623165650526667e-01 2.984728605583213124e-02 8.506636673944173443e-01 6.746261473766158190e+01 1.171476952607466461e-02 9.995436618085808966e-01 -2.784299357045681017e-02 -9.217089782601555203e-01 -8.511065296000593916e-01 -4.648408413571037366e-03 -5.249724571192218026e-01 -1.416783116739283344e+01
-5.299838311483828779e-01 3.029775828282753325e-02 8.474663247084728290e-01 6.832589331968770807e+01 1.044209814945686564e-02 9.995189414463887534e-01 -2.920356580241048952e-02 -9.722389135854777598e-01 -8.479434610366307634e-01 -6.628090282902785076e-03 -5.300452512516317105e-01 -1.468298724255738996e+01
-5.339513573612282293e-01 3.094614618406068066e-02 8.449486795246266002e-01 6.915426970960928088e+01 9.791280938687611443e-03 9.994892851828589553e-01 -3.041873768554913607e-02 -1.016051227794395606e+00 -8.454585090480788434e-01 -7.968995527795374664e-03 -5.339816640919241575e-01 -1.519114702060301525e+01
-5.374323133701482957e-01 2.964132287675904850e-02 8.427857898696301531e-01 6.994576542791487839e+01 9.126710453908832080e-03 9.995279962026808462e-01 -2.933407481113443210e-02 -1.084483015233816960e+00 -8.432575071517645071e-01 -8.073216960601271516e-03 -5.374491722348884171e-01 -1.569730521038425231e+01
-5.398394240742353523e-01 2.336136855440591742e-02 8.414437769642734155e-01 7.078449516553773435e+01 1.143151945002087062e-02 9.997260980190137980e-01 -2.042178451531959787e-02 -1.115081043767927937e+00 -8.416903992528511624e-01 -1.405502577415887553e-03 -5.399586181093829484e-01 -1.623709249367579943e+01
-5.417520047876717149e-01 1.590988622177009343e-02 8.403877842829433620e-01 7.160796404825012473e+01 1.254584263003945266e-02 9.998625237100828844e-01 -1.084137868918481386e-02 -1.145303113349897206e+00 -8.404447505450161060e-01 4.670035221863734314e-03 -5.418771308426207911e-01 -1.676148515256086924e+01
-5.438848894566139514e-01 1.359494615650286460e-02 8.390496955716818528e-01 7.241213488341195159e+01 1.349939916771596311e-02 9.998811222157769629e-01 -7.450344693265542433e-03 -1.168807954252541359e+00 -8.390512527714640845e-01 7.274537858231988272e-03 -5.440037584107347834e-01 -1.728472553940940770e+01
-5.446771289967680119e-01 1.750212583090311400e-02 8.384631702926700347e-01 7.323354084685598764e+01 1.189018071519084771e-02 9.998428809408169693e-01 -1.314674920407475980e-02 -1.225549234483252370e+00 -8.385615423280842196e-01 2.808745957604714353e-03 -5.447996544569265742e-01 -1.778841433185238685e+01
-5.460862398350695424e-01 2.227106911195527936e-02 8.374328661886381031e-01 7.401692717508376518e+01 1.200667588426206599e-02 9.997519511543739856e-01 -1.875835484755901741e-02 -1.274624972075719453e+00 -8.376429250524954906e-01 -1.888935447401083906e-04 -5.462181864601914905e-01 -1.832030173254440086e+01
-5.464009279655833717e-01 2.812862779257130005e-02 8.370512490044225151e-01 7.483465254310331716e+01 1.894090269875081667e-02 9.995952507817807975e-01 -2.122679408444406654e-02 -1.301192914099950526e+00 -8.373095482559144154e-01 4.256167232553340236e-03 -5.467125553975508145e-01 -1.886691520056039195e+01
-5.460631979698654659e-01 2.941600655842609852e-02 8.372273703240328269e-01 7.563356825260254368e+01 2.280656681264734212e-02 9.995349203784827941e-01 -2.024360185554601593e-02 -1.337393328037549400e+00 -8.374334933658870161e-01 8.039996981727361505e-03 -5.464801144021980139e-01 -1.936841863506936079e+01
-5.462372105341608552e-01 2.608711266046378693e-02 8.372241991355355850e-01 7.638399365100158889e+01 2.202017200525101942e-02 9.996166932712864384e-01 -1.678030160241374136e-02 -1.377372699859085392e+00 -8.373410495899468176e-01 9.269796736998115599e-03 -5.466022780223237509e-01 -1.988587710969560618e+01
-5.452638800925740936e-01 2.090107014614175918e-02 8.380038386224247793e-01 7.721442805735395609e+01 1.984718055895294195e-02 9.997307584311794226e-01 -1.202081685362206380e-02 -1.405977750926815872e+00 -8.380294756083385144e-01 1.007749727064728880e-02 -5.455319008822880900e-01 -2.041128731698569254e+01
-5.444748854559118278e-01 1.531629163704132865e-02 8.386372860242179428e-01 7.799478086279546574e+01 1.855528831079384516e-02 9.998085314908745636e-01 -6.213018833264472886e-03 -1.432780556178874010e+00 -8.385718883310028238e-01 1.217832495233171948e-02 -5.446548350480958645e-01 -2.091520067466867161e+01
-5.440783169783443007e-01 8.688639198978441100e-03 8.389894395762284018e-01 7.885292649079131877e+01 9.777063929601410505e-03 9.999441422483748010e-01 -4.015144755239332015e-03 -1.460026104587890838e+00 -8.389774761880054443e-01 6.018301174063063648e-03 -5.441328765469934936e-01 -2.144459835720025964e+01
-5.422691264335124384e-01 3.535917280333724082e-03 8.401974047483631303e-01 7.962810685570683233e+01 1.291496818102442394e-03 9.999934711342067795e-01 -3.374866390276833224e-03 -1.487148382283188131e+00 -8.402038670078875171e-01 -7.449726441514805233e-04 -5.422701538372427521e-01 -2.190118269996337830e+01
-5.403466184543134210e-01 4.361950356621474394e-03 8.414312166897287559e-01 8.044879141842004344e+01 4.829358079268723271e-03 9.999861699471528365e-01 -2.082596121038881101e-03 -1.506429846793469141e+00 -8.414286784039112232e-01 2.938249837386368996e-03 -5.403602120343625748e-01 -2.240866368023270638e+01
-5.370400705772363503e-01 7.353726578343816947e-03 8.435246720452647118e-01 8.124228425299055800e+01 1.007065688996438765e-02 9.999466311799003471e-01 -2.305784978300356048e-03 -1.527339175251818837e+00 -8.434966248518278586e-01 7.256549626583881293e-03 -5.370854674250982175e-01 -2.292818939594614491e+01
-5.322368225201925540e-01 1.049343542386840106e-02 8.465304717098901532e-01 8.200603069128901268e+01 1.070757393404212290e-02 9.999266378031275160e-01 -5.662760290752267070e-03 -1.563595058801756199e+00 -8.465278048462753224e-01 6.050359062098060146e-03 -5.323101368832660052e-01 -2.340601712737822737e+01
-5.244579045102558679e-01 1.257386541237522949e-02 8.513435212282756126e-01 8.279737955308426933e+01 1.625947824837811403e-02 9.998565188501226109e-01 -4.750900204491826859e-03 -1.572839946816432688e+00 -8.512811214094078149e-01 1.135075534304375543e-02 -5.245871003754105644e-01 -2.387936496499205319e+01
-5.159224766515961846e-01 1.456783033062897421e-02 8.565113911044787143e-01 8.360591047821223754e+01 2.295798916187509822e-02 9.997313891460103408e-01 -3.174941277378269359e-03 -1.613057852908774237e+00 -8.563275896957376343e-01 1.802575677418398123e-02 -5.161183435702869637e-01 -2.439591269378516003e+01
-5.062371157836305091e-01 1.501808204876779046e-02 8.622635480742312231e-01 8.438331670076919977e+01 2.282673563919182871e-02 9.997313909997083137e-01 -4.010729661603270636e-03 -1.619949795927872582e+00 -8.620921847328549825e-01 1.765228295492444338e-02 -5.064439509398132033e-01 -2.483203015545776537e+01
-4.950797032128350650e-01 1.187004049235554186e-02 8.687664680110780413e-01 8.523578741781658152e+01 1.832495442449862816e-02 9.998269053344431834e-01 -3.217978249407167039e-03 -1.652131434890558026e+00 -8.686543017540677702e-01 1.432695129952201059e-02 -4.952115267299922463e-01 -2.531375608350922590e+01
-4.840538193570632086e-01 8.792945680936728806e-03 8.749940401090694486e-01 8.603801286306426732e+01 1.935570772950319721e-02 9.998124425722476616e-01 6.604718874944999138e-04 -1.678746546845583776e+00 -8.748241361456654541e-01 1.725583396309684700e-02 -4.841332263848666662e-01 -2.576605543111076102e+01
-4.725553145981495340e-01 7.391840700901201877e-03 8.812700047706899520e-01 8.686189340737043096e+01 1.920355670089282304e-02 9.998137680119645321e-01 1.911196179323696939e-03 -1.694903105113221509e+00 -8.810917721185375084e-01 1.782666554597480205e-02 -4.726092605535890945e-01 -2.618847500073228574e+01
-4.603704736209456860e-01 6.445126730444888409e-03 8.877034826703424919e-01 8.768912927379422229e+01 1.861648022911677539e-02 9.998238286037014477e-01 2.395493267238420470e-03 -1.711891868729566113e+00 -8.875316708325241555e-01 1.762872983675201760e-02 -4.604093563342220863e-01 -2.660630375805190440e+01
-4.485321691409741574e-01 8.856275169863448218e-03 8.937228011233722125e-01 8.850738719200334970e+01 2.299681067914411542e-02 9.997342020287534048e-01 1.634611255451261713e-03 -1.731001504348888442e+00 -8.934707903366050363e-01 2.128595095764997114e-02 -4.486166175407203527e-01 -2.701264622581768649e+01
