7.776528883928417457e-01 -6.283498926732855594e-01 2.079417110013750264e-02 -6.595787352888615374e+01 6.274256061171245014e-01 7.777593333245476082e-01 3.778264436370949719e-02 2.570600944340523952e+01 -3.991358118272930050e-02 -1.633498711435122513e-02 9.990696042984913428e-01 -9.332468675417810999e-01 -4.809208017785018303e-24 -1.416202385148814181e-23 -3.430527606006730092e-24 9.999999999999997780e-01
7.496358804720852920e-01 -6.612918805224103913e-01 2.718631023099880514e-02 -6.556212701134829501e+01 6.605931955076386197e-01 7.501110289018677602e-01 3.082327641227259121e-02 2.608800729529130180e+01 -4.077593356195371305e-02 -5.147142402790867884e-03 9.991550581202280901e-01 -9.382193261941736973e-01 -4.809208017785018303e-24 -1.416202385148814181e-23 -3.430527606006730092e-24 9.999999999999997780e-01
7.211183638035639776e-01 -6.927250770543698088e-01 1.096690500043470337e-02 -6.520575664412095307e+01 6.924125438275846589e-01 7.211497916405764652e-01 2.253546464939683996e-02 2.648437755485366196e+01 -2.351966274171496049e-02 -8.657114806259559592e-03 9.996858905815101393e-01 -9.398457023107815722e-01 1.215585036871817189e-18 -7.536187116183271954e-19 1.172905052304818638e-19 9.999999999999998890e-01
6.909445145144291756e-01 -7.227497221667179561e-01 -1.511677777674277391e-02 -6.486828184598951452e+01 7.228960274604484537e-01 6.909014951157458340e-01 8.743999584068240516e-03 2.689716841673971714e+01 4.124481097272877407e-03 -1.696947715033792284e-02 9.998475011225073095e-01 -9.492552788353362248e-01 2.270523452914562407e-18 -1.377734500234189330e-18 3.043173543019106923e-19 9.999999999999997780e-01
6.561627048897156200e-01 -7.540421682191720265e-01 -2.951123953921391818e-02 -6.452933093712414347e+01 7.540721276969807318e-01 6.566743975134869959e-01 -1.240813768632717182e-02 2.731666278097856448e+01 2.873553448884985997e-02 -1.411184600340547463e-02 9.994874310665521344e-01 -9.692236747437636968e-01 2.637826520870052592e-18 -1.328438266523895755e-18 4.601454692894333912e-19 9.999999999999996669e-01
6.187547547391285541e-01 -7.850524211635930838e-01 -2.890068360608526177e-02 -6.419106119767876351e+01 7.842815772593435542e-01 6.194282929445026342e-01 -3.479938895226354634e-02 2.776050678261238502e+01 4.522124566303504373e-02 -1.133986346223890941e-03 9.989763525808049716e-01 -9.825197366022540013e-01 1.752441934737068463e-18 -4.265769042557924730e-18 6.584157084125114921e-19 9.999999999999994449e-01
5.861136599617444709e-01 -8.099640505575713689e-01 -2.071266304984300394e-02 -6.386925271830295259e+01 8.090378841046739211e-01 5.864464306925005754e-01 -3.922098942471730076e-02 2.824925969628021249e+01 4.391445877703710476e-02 6.230628571024601943e-03 9.990158655286350831e-01 -9.658254909489325524e-01 -7.617899859603508187e-20 -5.083819447443063915e-18 9.493601188751344269e-19 9.999999999999991118e-01
5.574225833687832532e-01 -8.301022803291406849e-01 -1.450061180865797918e-02 -6.356804167984746101e+01 8.297752467621373196e-01 5.576103214878187497e-01 -2.331885998675839455e-02 2.875955588569971511e+01 2.744272966208058384e-02 9.662104333035500571e-04 9.996229104147674738e-01 -9.331065897296959566e-01 -2.000129475893243602e-18 -3.201896552881653297e-18 1.204016646933961500e-18 9.999999999999988898e-01
5.285111204291246256e-01 -8.488809849697667165e-01 -8.778891701124167876e-03 -6.328008221368735065e+01 8.488264922941113344e-01 5.285793095139297293e-01 -9.874185204336402566e-03 2.927505005474488087e+01 1.302234857570949179e-02 -2.233139163225575288e-03 9.999127119539222841e-01 -9.179185974773311774e-01 -2.617092439412803053e-18 -3.972868992131940215e-19 1.438383226088475296e-18 9.999999999999988898e-01
4.986195936026513453e-01 -8.667935749269600754e-01 -6.884717921167924325e-03 -6.300838804965732720e+01 8.667697722103769875e-01 4.986607251791844164e-01 -6.902401476202726406e-03 2.979277591946691217e+01 9.416095682363503569e-03 -2.525792765315704701e-03 9.999524776273138738e-01 -9.085655327873082276e-01 -4.702248514071127398e-18 8.377095047007004761e-19 1.695564012047627713e-18 9.999999999999987788e-01
4.711639402442980296e-01 -8.820296670013719753e-01 -5.311115033592268657e-03 -6.274759800176146030e+01 8.818817444383544313e-01 4.711839208331570217e-01 -1.644085078870844568e-02 3.031553125470065524e+01 1.700383015190890662e-02 3.062560647840685806e-03 9.998507341010651750e-01 -9.039933686567761528e-01 -6.516476474722002180e-18 1.293086187565570385e-18 1.948947336736947238e-18 9.999999999999986677e-01
4.457172591942697992e-01 -8.951512063789925921e-01 -6.359447661787313161e-03 -6.250413117041737365e+01 8.948555864611821287e-01 4.457369804333959351e-01 -2.349518361986229625e-02 3.084946990026702451e+01 2.386638295940650412e-02 4.781421580354912673e-03 9.997037229960187288e-01 -9.009720942370069707e-01 -8.415226116230806727e-18 2.910298742553306421e-18 2.200481716651093985e-18 9.999999999999984457e-01
4.225970382474679710e-01 -9.062932567601595935e-01 -6.654022505895534553e-03 -6.226482265910675551e+01 9.060096591056169268e-01 4.226334237488654777e-01 -2.296707943199465321e-02 3.141039786759660402e+01 2.362712153006210972e-02 3.677211082909676628e-03 9.997140777476576368e-01 -8.938543794458292391e-01 -1.040889767048733752e-17 2.724966103164078536e-18 2.472351921780555076e-18 9.999999999999982236e-01
4.029827094041061319e-01 -9.151886502062175355e-01 -5.888162278803182534e-03 -6.203515752508442205e+01 9.150608779370509316e-01 4.030249646164795752e-01 -1.531233375284711540e-02 3.198290927482141299e+01 1.638675045284788273e-02 7.825787987469123895e-04 9.998654219343787730e-01 -8.867685245600201993e-01 -1.261474417844006682e-17 -1.847860685803868776e-19 2.744803705744147409e-18 9.999999999999977796e-01
3.858782141931035303e-01 -9.225451872080613347e-01 -2.895059646411105806e-03 -6.180652792966674980e+01 9.225247952609968438e-01 3.858889567846470747e-01 -6.141266995717940651e-03 3.256770415967604038e+01 6.782767857044086184e-03 -3.009831663808988601e-04 9.999769514690443062e-01 -8.771033671543206900e-01 -1.324095046516323622e-17 -2.648202850002602827e-18 2.985769273776844232e-18 9.999999999999971134e-01
3.695013443236968564e-01 -9.292299729027784227e-01 6.434299124700976853e-04 -6.158092007671997692e+01 9.292298065125662587e-01 3.695017347113775386e-01 6.593435386776811888e-04 3.315571516869515278e+01 -8.504302474000956366e-04 3.542659291587332815e-04 9.999995756319285389e-01 -8.731846607596065457e-01 -1.299514472462251610e-17 -6.328406550100234144e-18 3.199929080457692798e-18 9.999999999999964473e-01
3.554318280380869277e-01 -9.347015676458212408e-01 1.093187044963988283e-03 -6.137075291642776875e+01 9.346978863816016725e-01 3.554334980623125029e-01 2.624814080247238595e-03 3.375022662658334127e+01 -2.841973131011857855e-03 8.885715354754344746e-05 9.999959576383896653e-01 -8.701612271706210544e-01 -1.326200387475045440e-17 -1.244208734607697500e-17 3.419543104680103379e-18 9.999999999999956701e-01
3.425527040702175952e-01 -9.394985099472403789e-01 -4.412947561498348648e-04 -6.116510294939500625e+01 9.394976570515510828e-01 3.425516472457721950e-01 1.587880302658200215e-03 3.435570973367207870e+01 -1.340644932679648568e-03 -9.585280808848781631e-04 9.999986419466146970e-01 -8.727198363129343717e-01 -1.404185000758473942e-17 -1.668742270127164006e-17 3.635518819791229296e-18 9.999999999999951150e-01
3.302307525439485691e-01 -9.438873866741497309e-01 -4.924566139714588869e-03 -6.096587689735708437e+01 9.439002240364205987e-01 3.302269785428030846e-01 1.584205317485739293e-03 3.496719219074164187e+01 1.309131798777408474e-04 -5.171452396733624245e-03 9.999866193813987669e-01 -8.748876514852479414e-01 -1.514512264694995256e-17 -2.186084869024636614e-17 3.845360389188565732e-18 9.999999999999945599e-01
3.197242913009191723e-01 -9.474772523238533806e-01 -7.951973398306213733e-03 -6.076906379071772335e+01 9.475104037604117346e-01 3.197186454923568455e-01 2.005614697908493765e-03 3.559946458958877002e+01 6.421198607057802170e-04 -8.175821263229944569e-03 9.999663712489270662e-01 -8.790007626868523438e-01 -1.649152226966857877e-17 -2.506845444266422757e-17 4.042733461788634592e-18 9.999999999999941158e-01
3.116601060771094778e-01 -9.501424084476107756e-01 -9.868229290903720446e-03 -6.057346815580737598e+01 9.501933660229308076e-01 3.116512760791234071e-01 2.459529278061285164e-03 3.623053099628075557e+01 7.385431792499597440e-04 -1.014326316230734770e-02 9.999482830458702454e-01 -8.812645372467748928e-01 -1.879368263892257666e-17 -2.708081037015335967e-17 4.251905615939280220e-18 9.999999999999935607e-01
3.058167436022167784e-01 -9.520181663703261021e-01 -1.172732848415487285e-02 -6.037660382122395220e+01 9.520883434833725678e-01 3.058184519564974280e-01 1.691344442499089027e-03 3.686675305043429063e+01 1.976242807764253505e-03 -1.168269419967614929e-02 9.999298020964235700e-01 -8.813011817813433124e-01 -2.085741110562499358e-17 -2.841193934437798315e-17 4.459064022340456360e-18 9.999999999999931166e-01
3.010449064882995129e-01 -9.535166648241066856e-01 -1.333919713170094584e-02 -6.017790744851255624e+01 9.536068264311898801e-01 3.010503473984288969e-01 1.645878222999556462e-03 3.751601882389618936e+01 2.446397616617103192e-03 -1.321583269963222222e-02 9.999096743730143677e-01 -8.816020777490860549e-01 -2.279971922083142193e-17 -2.789554311785848759e-17 4.643192009783684951e-18 9.999999999999925615e-01
2.978009929924410049e-01 -9.545339370005430091e-01 -1.339894349987066739e-02 -5.997876386318226594e+01 9.546242522349853710e-01 2.978096893418651359e-01 1.387796420153371030e-03 3.817098738393944757e+01 2.665636420525264224e-03 -1.320424357129258187e-02 9.999092670508532565e-01 -8.868822713120465551e-01 -2.458286869556914433e-17 -2.757391268759626795e-17 4.820602123786132106e-18 9.999999999999918954e-01
2.955576515739258836e-01 -9.552461262649952767e-01 -1.226836793455794022e-02 -5.977685817918150946e+01 9.553157379123521364e-01 2.955867025316122887e-01 -5.849645072507383666e-04 3.883001944698253993e+01 4.185151502778427200e-03 -1.154727423036192371e-02 9.999245696374995385e-01 -8.915652153507820366e-01 -2.578684161665128983e-17 -2.653865600796121383e-17 5.015139656643562569e-18 9.999999999999912292e-01
2.947921528452117634e-01 -9.554917291699283055e-01 -1.153872214305775440e-02 -5.957123808380427477e+01 9.555472713793564665e-01 2.948319634984428173e-01 -1.877620603153634877e-03 3.950069293081334365e+01 5.196035062537305953e-03 -1.047228663916958784e-02 9.999316638811708291e-01 -8.906129896226361309e-01 -2.696731575472375707e-17 -2.435446769085786462e-17 5.182575477914418476e-18 9.999999999999904521e-01
2.943995252588507694e-01 -9.556133748990216503e-01 -1.148900524031732685e-02 -5.936260355138642097e+01 9.556702765549222045e-01 2.944351496949822455e-01 -1.505036060354038785e-03 4.018383656184465735e+01 4.820999566763316257e-03 -1.053661891368546516e-02 9.999328665590682119e-01 -8.895032348650516729e-01 -2.745022630828869233e-17 -2.463546016568522848e-17 5.340473802199935592e-18 9.999999999999895639e-01
2.934623373220209275e-01 -9.558856494289681427e-01 -1.274683447764938214e-02 -5.915693140072802692e+01 9.559648886169218596e-01 2.934807200412047901e-01 4.457530079533345100e-04 4.086566950693234190e+01 3.314861257258643751e-03 -1.231633792122252720e-02 9.999186564491359119e-01 -8.897775681324890940e-01 -2.792084564716479243e-17 -2.291973426594376682e-17 5.525654977517085379e-18 9.999999999999887867e-01
2.929217861944189982e-01 -9.560697047454982389e-01 -1.129366373097296511e-02 -5.895106188831292116e+01 9.561362826272877813e-01 2.928953095907642079e-01 3.968206574154271166e-03 4.156072680608098580e+01 -4.860209528191738603e-04 -1.196065581466029121e-02 9.999283506812403077e-01 -8.904919086403416673e-01 -2.840126548093326341e-17 -1.882574123820231880e-17 5.736153488000666743e-18 9.999999999999878986e-01
2.923213742798200787e-01 -9.562927648502455025e-01 -7.236161563192535645e-03 -5.873156823570306528e+01 9.563168598489488748e-01 2.922921780398898828e-01 4.831793182501526070e-03 4.226657187714669561e+01 -2.505535437720573903e-03 -8.332499726811951057e-03 9.999621451537353822e-01 -8.948501020233055048e-01 -2.906106297859692918e-17 -1.646348426913418396e-17 5.933175682903374112e-18 9.999999999999871214e-01
2.918479576793969743e-01 -9.564608304478786627e-01 -2.729362059940867741e-03 -5.851098643808406052e+01 9.564641911773827943e-01 2.918435925787761787e-01 1.889038412644177293e-03 4.296883953943140000e+01 -1.010244419879788259e-03 -3.161849077794951467e-03 9.999944910431295408e-01 -9.007013363537479389e-01 -3.051089652435416927e-17 -1.360533386782323060e-17 6.110265801051681131e-18 9.999999999999863443e-01
2.914923679976934023e-01 -9.565729988458332445e-01 -5.452321697087791344e-04 -5.829025357534722929e+01 9.565681151401391746e-01 2.914926352049767577e-01 -3.079727019931291412e-03 4.367793307199855946e+01 3.104914873034019494e-03 3.761652129391408490e-04 9.999951089897135548e-01 -9.011014523319123004e-01 -3.344610240617206336e-17 -1.259024331495943409e-17 6.309237804431743704e-18 9.999999999999852340e-01
2.912357196819353455e-01 -9.566417280464919459e-01 -4.284826892210911314e-03 -5.807400585611303967e+01 9.566287968377590323e-01 2.912566779200012612e-01 -5.558113687711590742e-03 4.440543369182876887e+01 6.565107928984143665e-03 -2.480267554633551301e-03 9.999753735121289511e-01 -9.006283579149375607e-01 -3.518500748190729389e-17 -8.860159749154770259e-18 6.500939786496606699e-18 9.999999999999839018e-01
2.909484346796048504e-01 -9.566814957920861673e-01 -1.046536986592327446e-02 -5.785508634263028682e+01 9.566879823327805177e-01 2.910282638276311395e-01 -7.117170331603360142e-03 4.514525191372021595e+01 9.854583581044634374e-03 -7.941364014062044299e-03 9.999199077526271795e-01 -9.043005371352417221e-01 -3.681258435395477244e-17 -3.968376374883002245e-18 6.711403311781406641e-18 9.999999999999824585e-01
2.903186535265694923e-01 -9.568832107772521356e-01 -9.465745985359711595e-03 -5.763085376083473932e+01 9.568777134050715505e-01 2.903920113705698580e-01 -7.584281169568687225e-03 4.588271340425808376e+01 1.000604833279163455e-02 -6.855703077021473718e-03 9.999264364602337141e-01 -9.044488891462466595e-01 -3.883317033853126654e-17 -9.102362510032384794e-19 6.950138523474388354e-18 9.999999999999806821e-01
2.897525270113641693e-01 -9.570901873748394184e-01 -4.674004839806528838e-03 -5.739602612218637745e+01 9.570634420861483527e-01 2.897811270649330306e-01 -7.514400788814845980e-03 4.662711692883027581e+01 8.546397649368358412e-03 -2.296002542770380402e-03 9.999608429631237083e-01 -9.067677217173710780e-01 -4.083210804376164821e-17 2.681173855758652031e-18 7.154798228575287717e-18 9.999999999999789058e-01
2.901649115455208761e-01 -9.569623450440860601e-01 -5.233954090272305119e-03 -5.716503203327853555e+01 9.569633470428510202e-01 2.901853824885737843e-01 -3.687303422507415621e-03 4.738733388743904129e+01 5.047427499710780731e-03 -3.938776153054775186e-03 9.999795045489824341e-01 -9.004340195057461971e-01 -4.353718542884165857e-17 1.003372586404673209e-17 7.362623491950691071e-18 9.999999999999771294e-01
2.912535449381015162e-01 -9.566224608068281121e-01 -6.696270662795510142e-03 -5.693656540122491094e+01 9.566458923760486899e-01 2.912471085465692666e-01 1.938649871363424745e-03 4.815904258853475284e+01 9.571345800333715679e-05 -6.970598471221813898e-03 9.999757005026986834e-01 -8.988178152811608923e-01 -4.603056984790013705e-17 1.854493723654870875e-17 7.571570276869808938e-18 9.999999999999755751e-01
2.911337182798002243e-01 -9.566419843120220756e-01 -8.790445497361598984e-03 -5.670100296258140560e+01 9.566714161256379967e-01 2.910741235488332745e-01 7.460306191755200142e-03 4.893957607908398444e+01 -4.578170900102487666e-03 -1.058151462343881813e-02 9.999335337408474800e-01 -9.071846566324269778e-01 -4.833853575514675774e-17 2.664191716940774626e-17 7.780854842468258554e-18 9.999999999999739098e-01
2.908657638391089484e-01 -9.567538974075862068e-01 -4.368892490043965564e-03 -5.645577218031572642e+01 9.567343145928274284e-01 2.908178524514628549e-01 9.188469739007732937e-03 4.972157515790612337e+01 -7.520552302456421680e-03 -6.852480631131950724e-03 9.999482410616270522e-01 -9.223775348624611015e-01 -5.150615012338126062e-17 3.422359851159253152e-17 8.006081141353538267e-18 9.999999999999722444e-01
2.904362830230874382e-01 -9.568928323989691620e-01 1.694935725036029539e-03 -5.620841687659186192e+01 9.568605899883441124e-01 2.904404608267012744e-01 7.883529791056749850e-03 5.050703501677392637e+01 -8.035971064112041456e-03 -6.678458917569988921e-04 9.999674880469354710e-01 -9.324714052829459199e-01 -5.515661629684273143e-17 4.082616826605628819e-17 8.204798684379790324e-18 9.999999999999704681e-01
2.895097108559450683e-01 -9.571749093638232120e-01 5.658660277126402807e-04 -5.597213638488381804e+01 9.571565997891388067e-01 2.895077449851481965e-01 6.042273888723589427e-03 5.129578796197622381e+01 -5.947335559431857384e-03 -1.207674563405710918e-03 9.999815851913819165e-01 -9.337076388058405119e-01 -5.962269821879325947e-17 5.051553378966419968e-17 8.338036629208191479e-18 9.999999999999685807e-01
2.901188989785571937e-01 -9.569626806640901817e-01 -7.311106042358466936e-03 -5.574066033305309986e+01 9.569860434253010251e-01 2.900854518777610247e-01 5.305025740116311658e-03 5.210691778486344106e+01 -2.955866153224145747e-03 -8.535714671304404227e-03 9.999592013828922932e-01 -9.428682747916609097e-01 -6.303916444736158211e-17 5.755503339083122238e-17 8.484851176565323255e-18 9.999999999999663602e-01
2.894280167017369010e-01 -9.571508460389552830e-01 -9.678898434369528209e-03 -5.549800778813312263e+01 9.571987311657204067e-01 2.894278870780129798e-01 1.444727079735355288e-03 5.291025572927018317e+01 1.418521376444508873e-03 -9.682773793812476243e-03 9.999521146978690433e-01 -9.525955219926686146e-01 -6.617046224527656862e-17 6.697904595180653974e-17 8.710912469909519827e-18 9.999999999999640288e-01
2.885079937839439279e-01 -9.574360646366073535e-01 -8.906158308695445031e-03 -5.524812103760298498e+01 9.574616405636435790e-01 2.885442524962353317e-01 -3.069397434549819489e-03 5.371318072994792203e+01 5.508572592343595822e-03 -7.641759249384263812e-03 9.999556285873633099e-01 -9.558378695817687509e-01 -6.883763245145252138e-17 7.542762340333462788e-17 8.974088614143821256e-18 9.999999999999619194e-01
2.887174637906625430e-01 -9.573514196062309356e-01 -1.097658781724759197e-02 -5.500706854514333344e+01 9.573877385266581497e-01 2.887759359747231191e-01 -4.144504889982694555e-03 5.452389698029460874e+01 7.137522060731421938e-03 -9.312259646578285519e-03 9.999311664305143843e-01 -9.526672451124653662e-01 -7.126977472515648592e-17 8.573781073960396315e-17 9.270261232955039215e-18 9.999999999999598099e-01
2.888526354101004223e-01 -9.572288673022769645e-01 -1.664483762991917498e-02 -5.477064507525567194e+01 9.573574750446559589e-01 2.889049373337980176e-01 -7.759899018948392341e-04 5.535188049204203509e+01 5.551575707238846913e-03 -1.571091299768071978e-02 9.998611639722438937e-01 -9.506504290615466202e-01 -7.445218376846476429e-17 9.830231591618522931e-17 9.596346839152229492e-18 9.999999999999579225e-01
2.890786834148257878e-01 -9.572098190217381841e-01 -1.352320832525010300e-02 -5.452269291264635598e+01 9.573053381389812211e-01 2.890508130291347677e-01 4.014605567572796137e-03 5.617830349655118027e+01 6.607449240234313393e-05 -1.410637641041787189e-02 9.999004979390274661e-01 -9.507185412959562321e-01 -7.845310612604748711e-17 1.132632707458961071e-16 9.994532032200958595e-18 9.999999999999559241e-01
2.881501680192293802e-01 -9.575595264581331367e-01 -7.016691503145013747e-03 -5.426722240055678981e+01 9.575706448680519900e-01 2.880975942806458523e-01 7.631268357710863613e-03 5.700767940834988678e+01 -5.285901773013077995e-03 -8.917929066967719351e-03 9.999462634479866496e-01 -9.556457202102363047e-01 -8.242075386124986455e-17 1.267918143409421917e-16 1.035156531949783232e-17 9.999999999999535927e-01
2.877581196406898134e-01 -9.576508707998048209e-01 -1.000371116705094099e-02 -5.401924090469695017e+01 9.576717989233517470e-01 2.876485333664217103e-01 1.109264617307248631e-02 5.784972778042768482e+01 -7.745329421687696496e-03 -1.277227107384796417e-02 9.998884332583085621e-01 -9.660736784584609271e-01 -8.715140484048575730e-17 1.393134627586914105e-16 1.058825979016364979e-17 9.999999999999513722e-01
2.881297147019627469e-01 -9.575241332896523572e-01 -1.134908249812532390e-02 -5.377108466437029932e+01 9.575652452368336176e-01 2.880140369322209959e-01 1.080350149691346878e-02 5.867841938861172224e+01 -7.075918341557639428e-03 -1.398029676960358542e-02 9.998772338051549191e-01 -9.797599016411107087e-01 -9.137378365927922374e-17 1.476327339118469884e-16 1.085825220618883396e-17 9.999999999999492628e-01
2.863594468151838823e-01 -9.580966003158516431e-01 -7.012252333807320395e-03 -5.351576823494051638e+01 9.581192703720815551e-01 2.863325971468003162e-01 4.594295692233804976e-03 5.950927749719830473e+01 -2.393942660980460501e-03 -8.034194062651408078e-03 9.999648597647282644e-01 -9.782845374737668687e-01 -9.430338155094957902e-17 1.528506865858429448e-16 1.110511465166419533e-17 9.999999999999470424e-01
2.859413716117185644e-01 -9.582280303783393682e-01 -6.047627463889930673e-03 -5.326162977321003922e+01 9.582442949143722410e-01 2.859501450897417585e-01 -6.211177716923655225e-04 6.034686788136240665e+01 2.324492409757324043e-03 -5.617501247455330970e-03 9.999815200366288792e-01 -9.820541982411086224e-01 -9.718661783947869794e-17 1.556614638918434591e-16 1.130851672159797394e-17 9.999999999999444888e-01
2.858613872120646104e-01 -9.582313986313684140e-01 -8.709418927304580366e-03 -5.301511203456233545e+01 9.582628437404960842e-01 2.858846020008252720e-01 -1.522052983029820606e-03 6.119407512161630081e+01 3.948367722418579320e-03 -7.910816371451733289e-03 9.999609139244697298e-01 -9.869382014268329728e-01 -1.002088411038436892e-16 1.599336124356015203e-16 1.150004328394847472e-17 9.999999999999418243e-01
2.852192295108996745e-01 -9.584359001509078491e-01 -7.114521699636507102e-03 -5.276411504949394526e+01 9.584620350997244964e-01 2.852168673407661226e-01 1.365963723249620553e-03 6.204306065759567446e+01 7.199929211397173732e-04 -7.208598067664125260e-03 9.999737585177361776e-01 -9.905371076385622864e-01 -1.012258474528486160e-16 1.615873611139842680e-16 1.168521131606706031e-17 9.999999999999392708e-01
2.844011314162152582e-01 -9.587009986784448268e-01 -2.896822745317004580e-03 -5.250744065644796876e+01 9.586989430883513519e-01 2.843868566116037888e-01 4.522422794350115967e-03 6.289276986773740674e+01 -3.511832934680554630e-03 -4.063363063689500246e-03 9.999855779510256060e-01 -9.933320373327594321e-01 -1.023255581644431087e-16 1.637647545566351046e-16 1.182346888208264347e-17 9.999999999999364952e-01
2.837102947613295290e-01 -9.589098749528268684e-01 -5.660073179079120080e-04 -5.225714369347873145e+01 9.588896230761365658e-01 2.837003520607802587e-01 6.693354732795605763e-03 6.374653554548660850e+01 -6.257747474473286317e-03 -2.441712187894466875e-03 9.999774390645680411e-01 -9.941616470939924621e-01 -1.037658697741909320e-16 1.649957794332659218e-16 1.197243239672747470e-17 9.999999999999338307e-01
2.835205858352292663e-01 -9.589478383698801789e-01 -5.926271447948349737e-03 -5.201056509986027265e+01 9.589596944107490195e-01 2.834905870949910867e-01 5.421395048142071786e-03 6.459704109358982294e+01 -3.518792890294080832e-03 -7.220132556795957196e-03 9.999677433709810437e-01 -9.952371202023181374e-01 -1.049929198886501242e-16 1.674399884606254499e-16 1.211156015737320291e-17 9.999999999999311662e-01
2.835772940927714925e-01 -9.589368267412378133e-01 -4.907198219058969517e-03 -5.176025547184666920e+01 9.589488676410504731e-01 2.835787318064546536e-01 4.148699567048632275e-04 6.544701024715602955e+01 9.937429678993025227e-04 -4.823399875162284571e-03 9.999878735707516952e-01 -1.002635016580162297e+00 -1.062482381894033538e-16 1.700173677877228456e-16 1.227204428276439114e-17 9.999999999999285016e-01
2.831842418128722172e-01 -9.590585020528537008e-01 -3.670807663335183546e-03 -5.150654049263791023e+01 9.590557936318747645e-01 2.831965374737024921e-01 -3.421383365695566340e-03 6.629659936584873492e+01 4.320866825650069611e-03 -2.551627502446861349e-03 9.999874095742209423e-01 -1.011880522329203114e+00 -1.068204068966442517e-16 1.730918234822492791e-16 1.244628028007108399e-17 9.999999999999259481e-01
2.836397583277096013e-01 -9.589136988813707907e-01 -5.745049464095673686e-03 -5.126197191621260885e+01 9.589290448994278737e-01 2.836459284841646444e-01 -2.722181568800037944e-04 6.715577133923869724e+01 1.890593609156254393e-03 -5.431882903257074895e-03 9.999834600151782382e-01 -1.015067541717091126e+00 -1.080823047948055217e-16 1.754841706791966495e-16 1.261467407302634848e-17 9.999999999999231726e-01
2.838893175571008953e-01 -9.588408633303077133e-01 -5.572628181969063559e-03 -5.101287947611964313e+01 9.588481040088611129e-01 2.838567581522972172e-01 5.971121333795409956e-03 6.802011560810859692e+01 -4.143526964616272949e-03 -7.038441527110029551e-03 9.999666452063089572e-01 -1.006698321744584845e+00 -1.082336407093028984e-16 1.762613207698009781e-16 1.276207074750487696e-17 9.999999999999202860e-01
2.831802536079042198e-01 -9.590564694599904572e-01 -4.430841162190034439e-03 -5.075724029466269371e+01 9.590327710007581219e-01 2.831283488624983247e-01 9.720196351366724302e-03 6.887936738365046097e+01 -8.067720452868888670e-03 -7.001889545518218128e-03 9.999429410868825308e-01 -1.002074811862563974e+00 -1.087738351181798342e-16 1.765741675859154986e-16 1.289332096339284762e-17 9.999999999999173994e-01
2.833998772941581090e-01 -9.589897376589107125e-01 -4.815871100389315998e-03 -5.050837213352654231e+01 9.589593907159982278e-01 2.833365194824278843e-01 1.083068258672031069e-02 6.972751768722787347e+01 -9.022001296637540899e-03 -7.687638932264314467e-03 9.999297493825497485e-01 -1.008405418114097341e+00 -1.098954109834714081e-16 1.732988878614639099e-16 1.301317342487467062e-17 9.999999999999142908e-01
2.836653263447180828e-01 -9.589074545630240642e-01 -5.520526525270122963e-03 -5.025547480687889390e+01 9.588675652679804484e-01 2.835820305017635601e-01 1.241870579667502320e-02 7.058815572056941789e+01 -1.034286744297374834e-02 -8.816210060854961367e-03 9.999076455019327847e-01 -1.025331339950807497e+00 -1.107176809927535197e-16 1.678295833763448241e-16 1.313497067905168661e-17 9.999999999999110711e-01
2.836771987864613043e-01 -9.588874065720870421e-01 -7.885962594193607345e-03 -5.001178043882444513e+01 9.588681085538013349e-01 2.835668885656313365e-01 1.271888783572028107e-02 7.144411445998494514e+01 -9.959783495086338076e-03 -1.116965650971504277e-02 9.998880144727135821e-01 -1.037419630114361002e+00 -1.117081120529891227e-16 1.618594768904089944e-16 1.324121418826211050e-17 9.999999999999078515e-01
2.839577543085103906e-01 -9.587819360881011388e-01 -1.025635408601369147e-02 -4.976524322544238288e+01 9.588179761509277865e-01 2.838689250600006653e-01 9.301720014981661178e-03 7.229444369813201376e+01 -6.006860915473032601e-03 -1.247527219407738863e-02 9.999041380080522234e-01 -1.045309353256639540e+00 -1.117724681652355193e-16 1.561272110003460773e-16 1.336820644458844265e-17 9.999999999999045208e-01
2.838404203224855205e-01 -9.588178833779202881e-01 -1.014309152876305929e-02 -4.951267374747505556e+01 9.588691730180819439e-01 2.838473076023306230e-01 7.842210457860979882e-04 7.313321074421070023e+01 2.127164057992713027e-03 -9.948491417271302859e-03 9.999482500067650159e-01 -1.043946123833761286e+00 -1.130887861348098169e-16 1.490868548620108452e-16 1.347159596871630067e-17 9.999999999999011902e-01
2.833761166694901967e-01 -9.589579410095349088e-01 -9.881491587700345913e-03 -4.926026949196424454e+01 9.589679374935985434e-01 2.834441616451068846e-01 -6.316810009833877596e-03 7.397610256272855622e+01 8.858406219669032189e-03 -7.686000516869657441e-03 9.999312246526274039e-01 -1.043678467847790170e+00 -1.145146739099156962e-16 1.430663418505687002e-16 1.357618666478817731e-17 9.999999999998977485e-01
2.836310787206487993e-01 -9.588780595941813756e-01 -1.030912278455042852e-02 -4.900821060339347213e+01 9.588951176007435295e-01 2.836994995876295222e-01 -5.894690433943865389e-03 7.482812887470073804e+01 8.576982300384393063e-03 -8.213450098325657256e-03 9.999294848198559960e-01 -1.039493099093217410e+00 -1.165405938032671256e-16 1.407593234188920700e-16 1.370359211536128783e-17 9.999999999998941957e-01
2.838779042369223848e-01 -9.588198443594829756e-01 -8.822785752910898213e-03 -4.875754262451411591e+01 9.588573470449274216e-01 2.838883276153728041e-01 7.390427057715055856e-05 7.569057585217869644e+01 2.433825011101126232e-03 -8.480772730004268109e-03 9.999610757373105230e-01 -1.032066174807963810e+00 -1.175822526810729069e-16 1.359780123791972485e-16 1.380453964694963571e-17 9.999999999998905320e-01
2.835150984867773616e-01 -9.589347328399243642e-01 -7.960344414163831109e-03 -4.850619518536604602e+01 9.589557562767108134e-01 2.834602227081759462e-01 7.359323754773949150e-03 7.654957843328007527e+01 -4.800670158184013568e-03 -9.720097497014235782e-03 9.999412349086734819e-01 -1.028568532745144593e+00 -1.184836877074660854e-16 1.287495594236161191e-16 1.386587923223062696e-17 9.999999999998866462e-01
2.833884559876132525e-01 -9.589743469756313310e-01 -7.693169409188864785e-03 -4.825509789916732473e+01 9.589630263467616711e-01 2.832916372047428188e-01 1.165171188514808366e-02 7.740476059313093060e+01 -8.994282238975911253e-03 -1.067942565955381194e-02 9.999025216262784621e-01 -1.032801172004774504e+00 -1.198186280581499478e-16 1.176206102214358839e-16 1.388582959426987421e-17 9.999999999998825384e-01
2.832760810154796860e-01 -9.590083489829468455e-01 -7.592661289571446363e-03 -4.800255749271006778e+01 9.589965827479989269e-01 2.831809149445138063e-01 1.158117822113339732e-02 7.825592318207090159e+01 -8.956349834271916041e-03 -1.056200701066117506e-02 9.999041093052652984e-01 -1.041330600000912154e+00 -1.224346335758825751e-16 1.067776999821928964e-16 1.387315781753045598e-17 9.999999999998785416e-01
2.838203628828888658e-01 -9.588198663096695329e-01 -1.051026083791879555e-02 -4.775518556755440613e+01 9.588573117708698579e-01 2.837262738632034265e-01 9.594643473716864268e-03 7.911069046605295796e+01 -6.217497627874581968e-03 -1.280099564547372212e-02 9.998987334894148260e-01 -1.053005636870651296e+00 -1.264004392290095184e-16 9.692282447149843520e-17 1.386011243240084809e-17 9.999999999998746558e-01
2.841785833778473491e-01 -9.586790700813692112e-01 -1.330313260976605065e-02 -4.750658157177122831e+01 9.587649713164797527e-01 2.840986543070269099e-01 7.595024528873770865e-03 7.996492894278030406e+01 -3.501788980072288553e-03 -1.491292086633037688e-02 9.998826642487498306e-01 -1.064986048866606749e+00 -1.289738165543940908e-16 8.724692013011244986e-17 1.384580474732602299e-17 9.999999999998708811e-01
2.834760456749166879e-01 -9.588868926707687645e-01 -1.331384965609758164e-02 -4.725373729005735157e+01 9.589750936767299505e-01 2.834062701999854883e-01 6.903312189878621496e-03 8.081861781928157029e+01 -2.846267101839613546e-03 -1.472457386277325510e-02 9.998875365200575738e-01 -1.071154591666714007e+00 -1.322360295791167536e-16 8.021068091531330078e-17 1.382367380137792833e-17 9.999999999998671063e-01
2.825146927891603044e-01 -9.591745379854628162e-01 -1.302513103880800251e-02 -4.700431262005311339e+01 9.592535791837801806e-01 2.824257960444417903e-01 8.260783977612628712e-03 8.167438492637560898e+01 -4.244900652894486107e-03 -1.482819641591959052e-02 9.998810456296799432e-01 -1.076325743890399922e+00 -1.359829398399298237e-16 7.405469662185650292e-17 1.385279842679436813e-17 9.999999999998632205e-01
2.823909156029136280e-01 -9.591912661125755468e-01 -1.440436733294290887e-02 -4.675705544741398256e+01 9.592695272523852346e-01 2.822317501808926377e-01 1.213314777677897485e-02 8.252499165479510168e+01 -7.572639575303578147e-03 -1.724396135164339358e-02 9.998226347341655496e-01 -1.075639207552563148e+00 -1.391814726555708220e-16 7.018935176606880427e-17 1.393143647057346174e-17 9.999999999998593347e-01
2.821830287084176048e-01 -9.592594308538450187e-01 -1.393135409297640084e-02 -4.650703592995508728e+01 9.593152907852334765e-01 2.819988392565661028e-01 1.381403358013767561e-02 8.337710091829178793e+01 -9.322616306376166340e-03 -1.726264683702972633e-02 9.998075264016500485e-01 -1.077548410679360913e+00 -1.425859932932067127e-16 6.552102185880136117e-17 1.397240112379064091e-17 9.999999999998553379e-01
2.811720564480276185e-01 -9.595739927951618675e-01 -1.265017880904400344e-02 -4.625258541052070882e+01 9.596168663767085105e-01 2.810146439966458853e-01 1.289339462472329292e-02 8.423061502182953575e+01 -8.817280666200659131e-03 -1.576458722904004392e-02 9.998368533671644354e-01 -1.087933052082095342e+00 -1.450482853933459645e-16 5.889943539339950633e-17 1.401565269654600201e-17 9.999999999998512301e-01
2.805858086550185870e-01 -9.597168059407230611e-01 -1.467161805360846921e-02 -4.601255236885913291e+01 9.598009767084645372e-01 2.804281621513958211e-01 1.192186990516727781e-02 8.508186889732749592e+01 -7.327284019655440350e-03 -1.742694084573842561e-02 9.998212903522586403e-01 -1.101194747251014183e+00 -1.473752495022354819e-16 5.273589204181056859e-17 1.407458088454089643e-17 9.999999999998472333e-01
2.798271622689625371e-01 -9.599438717445075708e-01 -1.430113130606014589e-02 -4.576511614838011610e+01 9.600257121553131823e-01 2.796821059575502200e-01 1.133806015180793131e-02 8.593685186542020915e+01 -6.884130838932155105e-03 -1.690215096461209626e-02 9.998334491480882491e-01 -1.111927980040495756e+00 -1.496182105122922922e-16 4.536773883884494645e-17 1.413287274516648008e-17 9.999999999998432365e-01
2.783676189725861616e-01 -9.604277421449938235e-01 -9.487930531788991637e-03 -4.551139995788651760e+01 9.604580680330483400e-01 2.782912748380627632e-01 8.617766497638091119e-03 8.678235321688720205e+01 -5.636333736380528051e-03 -1.151166656897340337e-02 9.999178532633660188e-01 -1.112489404824379635e+00 -1.513674561978056560e-16 3.732958226359730914e-17 1.421082255587872851e-17 9.999999999998393507e-01
2.769386334020395579e-01 -9.607823472703875822e-01 -1.422232410664468760e-02 -4.527095242849500778e+01 9.608867496711044343e-01 2.768882770365554968e-01 5.434735173898172338e-03 8.763523242098113997e+01 -1.283602799813169477e-03 -1.517113091553376827e-02 9.998840878574866142e-01 -1.117108855893570007e+00 -1.503792986521034149e-16 2.542167113240700998e-17 1.433562640307540577e-17 9.999999999998353539e-01
2.763102606376357517e-01 -9.608207029703511592e-01 -2.182238781407314088e-02 -4.503973901185677420e+01 9.610599125882791638e-01 2.763324807516815418e-01 2.050487166036557476e-03 8.848731027637658997e+01 4.060084040299916444e-03 -2.153919276831082683e-02 9.997597605887514893e-01 -1.128372786700061914e+00 -1.492687744460700632e-16 9.726833464842060601e-18 1.435087563219617502e-17 9.999999999998311351e-01
2.749753974450455107e-01 -9.611707868396153209e-01 -2.322174252821643248e-02 -4.480425666075394986e+01 9.614374986802974865e-01 2.750204843528566423e-01 1.292020853493892375e-03 8.933663815160316801e+01 5.144602177276608179e-03 -2.268152799899095934e-02 9.997295040940180622e-01 -1.132784182492531100e+00 -1.476357880748599890e-16 -3.948986418016964037e-18 1.426424478845443698e-17 9.999999999998266942e-01
2.737287875141430349e-01 -9.615720887078096357e-01 -2.125250818462485342e-02 -4.456438847122321079e+01 9.618040086101724562e-01 2.737154923314550348e-01 3.588631960936362712e-03 9.018825911039166954e+01 2.366412410766371467e-03 -2.142305944046172389e-02 9.997676993264561496e-01 -1.117502471481592874e+00 -1.476241309056457635e-16 -1.387151258415423747e-17 1.426215067255187045e-17 9.999999999998220312e-01
2.732335364665031685e-01 -9.617711458869245833e-01 -1.843088411792132356e-02 -4.432596456329626733e+01 9.619460656642762064e-01 2.731472692675134262e-01 7.094789984543806508e-03 9.104546013553792250e+01 -1.789218626251565551e-03 -1.966805102187957691e-02 9.998049642133761683e-01 -1.108536738382470244e+00 -1.483673541117983990e-16 -2.147183786102769933e-17 1.433143035240349486e-17 9.999999999998173683e-01
2.721108584816975817e-01 -9.620692206161107762e-01 -1.945495925152098890e-02 -4.409477009610659337e+01 9.622577610540183901e-01 2.719697314170834157e-01 9.615949481851886887e-03 9.190160702533505344e+01 -3.960048981108780022e-03 -2.133728979935515385e-02 9.997644913058710836e-01 -1.112261866167902236e+00 -1.479956867777568957e-16 -2.564670796242407756e-17 1.450825221612537814e-17 9.999999999998131495e-01
2.710964058148048195e-01 -9.624006596596765828e-01 -1.707949182314055445e-02 -4.386190602067702571e+01 9.625403345305011404e-01 2.709622780994369040e-01 9.774878479606150666e-03 9.275453081849360615e+01 -4.779451483673520171e-03 -1.908963419612024273e-02 9.998063526052305416e-01 -1.123336958579471245e+00 -1.499245714112546754e-16 -2.832690266352370368e-17 1.475245381329245642e-17 9.999999999998087086e-01
2.697718931529027309e-01 -9.628309041408283919e-01 -1.340804594575215059e-02 -4.362949972527493259e+01 9.629053062076623482e-01 2.696530711479533937e-01 1.002958113922296571e-02 9.360059644892243114e+01 -6.041269909053490622e-03 -1.561637767846555704e-02 9.998598060758769890e-01 -1.136659456320346484e+00 -1.526866452199522286e-16 -3.536585367411988530e-17 1.495983170972153316e-17 9.999999999998041567e-01
2.689682505411352120e-01 -9.630627712643223814e-01 -1.289103586067231154e-02 -4.340184163746607737e+01 9.631145418457646157e-01 2.688212373215519979e-01 1.206323548487811363e-02 9.445099171107331415e+01 -8.152268786045236554e-03 -1.566017144106737410e-02 9.998441376254988411e-01 -1.142291297760302582e+00 -1.536771666738489807e-16 -4.532167468553462977e-17 1.514365786396351250e-17 9.999999999997996047e-01
2.685079069560878384e-01 -9.631042734296166863e-01 -1.826642832397498695e-02 -4.318335024774626163e+01 9.632443191835824425e-01 2.682930402035158535e-01 1.338753670953518431e-02 9.530268845737768402e+01 -7.992838226936587950e-03 -2.118969277598196921e-02 9.997435228383015904e-01 -1.140253021139045586e+00 -1.563277576679337967e-16 -5.597587790050463443e-17 1.535299962528372210e-17 9.999999999997952749e-01
2.682985740211535908e-01 -9.630662989396485685e-01 -2.278550032267040448e-02 -4.296499864792451007e+01 9.633103833583646081e-01 2.680445989084820346e-01 1.360875858396807386e-02 9.615591471248804112e+01 -6.998606467691610364e-03 -2.560071957308327623e-02 9.996477492921439501e-01 -1.143850241676231949e+00 -1.575949128203127708e-16 -6.622958482572056596e-17 1.553033733039502313e-17 9.999999999997912781e-01
2.686541596104218277e-01 -9.629105184856370236e-01 -2.506543264732844986e-02 -4.273790849047854579e+01 9.632255032210912393e-01 2.684345870456727456e-01 1.181111435670048962e-02 9.700369031874448922e+01 -4.644617187281782286e-03 -2.731676897670136384e-02 9.996160371181791460e-01 -1.152769296957510514e+00 -1.585239459559013785e-16 -7.895711819520969918e-17 1.563541998760410347e-17 9.999999999997870592e-01
2.701893203368953555e-01 -9.624527812864157594e-01 -2.612230789945696116e-02 -4.250567456996532201e+01 9.627979165448966592e-01 2.699680159265759882e-01 1.172357768489483421e-02 9.784841475423213808e+01 -4.231202314399576565e-03 -2.831808910750140129e-02 9.995900073311395628e-01 -1.165668995199858671e+00 -1.595032509279470274e-16 -9.193178345209540218e-17 1.567282412021583467e-17 9.999999999997828404e-01
2.713187841725990257e-01 -9.621691574869938313e-01 -2.483203044339454477e-02 -4.226826472325938511e+01 9.624635570148554198e-01 2.710315704318282948e-01 1.434535631614437118e-02 9.869777220907135984e+01 -7.072395192456382845e-03 -2.779208898263036895e-02 9.995887059266994612e-01 -1.177432886508420928e+00 -1.600118128627589739e-16 -1.052647874821268494e-16 1.566143353556289147e-17 9.999999999997785105e-01
