1.000000000000000000e+00 4.398956837314658088e-19 2.733407509747682871e-20 -8.673617379884035472e-19 -5.583667658079949532e-19 1.000000000000000000e+00 -6.100159232558060012e-19 0.000000000000000000e+00 4.145284534913582806e-20 -2.210423569125054137e-19 1.000000000000000222e+00 0.000000000000000000e+00
9.998962489280835975e-01 2.760932179613939295e-04 1.440191543516085131e-02 -8.404931315675576164e-02 -2.736818155110455316e-04 9.999999482000198059e-01 -1.694070960953618918e-04 -8.721591737595263405e-03 -1.440196171084277832e-02 1.654479922272814204e-04 9.998962726749112129e-01 1.439209147569708858e-02
9.994446439588667852e-01 1.849738508200161717e-03 3.327134132331895089e-02 -7.836888583687096066e-02 -1.840858812770617423e-03 9.999982613611131388e-01 -2.975181991756152707e-04 -1.092419885780666899e-02 -3.327183438385086789e-02 2.361051604722122770e-04 9.994463113461985460e-01 1.216305641907259871e-01
9.979388023678329445e-01 4.789895332127864884e-03 6.399377814318239766e-02 -1.314051456377153190e-02 -4.872078997275050907e-03 9.999874948714788658e-01 1.128253455582144344e-03 5.611389455193890874e-03 -6.398757478391578490e-02 -1.437710601837447746e-03 9.979496596737085223e-01 4.118346765603726478e-01
9.953599332417838452e-01 4.156094285397914437e-03 9.613183730524017812e-02 1.953419694291361197e-02 -4.425487429040889271e-03 9.999868552374331365e-01 2.589289688289204971e-03 6.413560629688563886e-03 -9.611981400497675299e-02 -3.002705389899527639e-03 9.953652420804063317e-01 5.543375383030291204e-01
9.909790923169262689e-01 1.589597618848387567e-03 1.340071328053058231e-01 1.620804395021075983e-01 -2.216751712756909361e-03 9.999872782550686123e-01 4.530931786052773413e-03 9.679512130914169621e-03 -1.339982279583428748e-01 -4.787119130044720922e-03 9.909700088897269721e-01 7.833418574716608518e-01
9.849381421381397939e-01 -2.507904940981619483e-03 1.728888842594134001e-01 1.500806145310727979e-01 1.551509194937837968e-03 9.999827401327325838e-01 5.666767290357290800e-03 -1.588824791889201227e-02 -1.729001149225863065e-01 -5.313176438775915958e-03 9.849250330324766933e-01 9.145782228860221963e-01
9.762638910345337040e-01 -2.624794049197189897e-03 2.165685226618149495e-01 2.707924410697972184e-01 1.280389563787838730e-03 9.999790325845292482e-01 6.347833474763524275e-03 -7.422904592166545967e-03 -2.165806472796271143e-01 -5.919868381130379865e-03 9.762467817599855824e-01 1.160516447488370684e+00
9.647106579124680170e-01 -2.784251267655009875e-03 2.632975381889569033e-01 3.412336945220705853e-01 3.248505452254181534e-04 9.999559180443975404e-01 9.383839125305040371e-03 4.801051855151089454e-03 -2.633120630354718328e-01 -8.967157100601729977e-03 9.646690356777930520e-01 1.314571681557243021e+00
9.504015041465365687e-01 -6.000528363056585428e-03 3.109678011091822070e-01 5.146004549072284995e-01 1.118908920507155581e-03 9.998733713609467832e-01 1.587417016510569642e-02 1.917350860878869884e-02 -3.110236824597268912e-01 -1.473889039360331589e-02 9.502878697087177029e-01 1.601194145098227883e+00
9.335247622534016410e-01 -1.552264566638180722e-02 3.581767217526599656e-01 6.336668172655877118e-01 7.482447383813482442e-03 9.996881960760326535e-01 2.382275349392335220e-02 -5.772168366811950002e-03 -3.584348391941339362e-01 -1.955909164726153671e-02 9.333498324502648158e-01 1.779331799463720110e+00
9.122373047632307275e-01 -2.106072002611885513e-02 4.091204511265604804e-01 8.008110496849776272e-01 1.015919261222687428e-02 9.995335220805324772e-01 2.880154529761773038e-02 -8.500170081502389507e-03 -4.095361938212389030e-01 -2.211751039108251007e-02 9.120257255450823219e-01 2.043153884460493508e+00
8.875866599602596496e-01 -2.316964037209450974e-02 4.600576983055827962e-01 9.853379797178265509e-01 8.985278488776872463e-03 9.994150351862948201e-01 3.299776025072352625e-02 -1.012598809483304663e-02 -4.605531349283298326e-01 -2.515462504392947107e-02 8.872756380260118370e-01 2.270744786790943603e+00
8.589513353866992107e-01 -2.508008476636884934e-02 5.114426545672144941e-01 1.157217391631832237e+00 7.175592943262552002e-03 9.992912794212015504e-01 3.695199190643048970e-02 2.332537091901942805e-02 -5.120069525612767070e-01 -2.807005824206713560e-02 8.585225426666202031e-01 2.490666021222982085e+00
8.269553534844594767e-01 -3.037502220032540015e-02 5.614465215906614404e-01 1.388163885553991062e+00 8.488600016925718431e-03 9.991003733170564782e-01 4.154982151894203585e-02 1.641778799361162666e-02 -5.622035157764211366e-01 -2.959395210106353230e-02 8.264692430153443015e-01 2.744731752019067716e+00
7.911647076340693197e-01 -3.599634679094652207e-02 6.105429245211000389e-01 1.615824497783267866e+00 1.035425263724728574e-02 9.989117540367957737e-01 4.547633509071111885e-02 2.382040445353426905e-02 -6.115154961369837494e-01 -2.965755532953046059e-02 7.906764402532897584e-01 2.933796070484151475e+00
7.535487437448191717e-01 -4.060479492858439649e-02 6.561368262170865773e-01 1.869877260081618475e+00 1.163751298991948409e-02 9.987581729887134996e-01 4.844254460999899981e-02 3.536806885110948401e-02 -6.572890287261908826e-01 -2.886801739921304386e-02 7.530855044748674398e-01 3.138466235990961195e+00
7.136449633556656291e-01 -4.372420363660124709e-02 6.991416541583124200e-01 2.207567609822277177e+00 1.277938026165963310e-02 9.986966304707164399e-01 4.941384089843674221e-02 4.442820347762470312e-02 -7.003910071733032705e-01 -2.632934115520025806e-02 7.132735875059040831e-01 3.397792685710069094e+00
6.721888045796506894e-01 -4.562049568109710629e-02 7.389729174068099260e-01 2.475447791087634908e+00 1.184812452284372299e-02 9.986348294470603904e-01 5.087336539041719535e-02 4.882631229458025968e-02 -7.402849742800712285e-01 -2.544106300474822599e-02 6.718116685006203515e-01 3.571453536757385194e+00
6.291950267303594302e-01 -4.607472984991536902e-02 7.758806144717702580e-01 2.811990940024655217e+00 7.668748631633233101e-03 9.985608478302261393e-01 5.307940678678053220e-02 7.951355954592126407e-02 -7.772096369617643719e-01 -2.744726483338513420e-02 6.286428537818951057e-01 3.820418557231016532e+00
5.877575377712858096e-01 -4.707521244729623994e-02 8.076663856933500307e-01 3.156902495285191179e+00 4.998405870594685788e-03 9.984979577680219709e-01 5.456046393103412828e-02 1.040501375038238724e-01 -8.090216960855984851e-01 -2.803127896878648481e-02 5.871100010191842022e-01 4.012138529571089407e+00
5.476557416402896283e-01 -4.797022039994249670e-02 8.353275017633018384e-01 3.533717959602039826e+00 2.788887384241529963e-03 9.984542568614087621e-01 5.550962995405182149e-02 1.245851134589708170e-01 -8.366991236537966170e-01 -2.807053263194376688e-02 5.469429889126182776e-01 4.229964037848614744e+00
5.082091201319893781e-01 -5.063884879845965276e-02 8.597436740436575908e-01 3.972643136087328219e+00 1.677795971929875278e-03 9.983262180403776886e-01 5.780957816896265672e-02 1.294757317425528631e-01 -8.612320759668152803e-01 -2.793687975596116993e-02 5.074434493321791084e-01 4.423929269167535594e+00
4.712162887005819645e-01 -5.051214367845127673e-02 8.805701106633030406e-01 4.355013510737520299e+00 -9.967323404678381238e-04 9.983276590036546105e-01 5.780044767858916188e-02 1.552918897240525009e-01 -8.820171369316343046e-01 -2.811420449898595006e-02 4.703779060670969514e-01 4.620023785918611736e+00
4.346174546475544687e-01 -4.967988690661166024e-02 8.992438843435321960e-01 4.832272231981867172e+00 -2.356710514411999250e-03 9.984112539309858425e-01 5.629754792852020157e-02 1.799325753095596947e-01 -9.006120855416394066e-01 -2.658715381763551017e-02 4.338098755080890823e-01 4.818109891604193784e+00
4.018932258743692087e-01 -4.848247317003407525e-02 9.144021384797968999e-01 5.351787525975559845e+00 -1.113942928314498333e-03 9.985707210183020210e-01 5.343476602976694745e-02 1.964124779545460553e-01 -9.156858681675998923e-01 -2.249366155196153017e-02 4.012648003486045112e-01 5.004110705488233890e+00
3.719539511463928472e-01 -4.674324444016681596e-02 9.270735207911011688e-01 5.841332415896787644e+00 2.462588328838778728e-04 9.987362533050256896e-01 5.025769251182613667e-02 2.175249287990409786e-01 -9.282511583550805412e-01 -1.846524647408946673e-02 3.714954052112913185e-01 5.148475843869286805e+00
3.460943653641940787e-01 -4.490205375459547371e-02 9.371245814204571811e-01 6.381689074846979004e+00 1.376171204598040368e-03 9.988772848591848108e-01 4.735267587117692606e-02 2.448707948892896447e-01 -9.381987060924005251e-01 -1.509884961032994730e-02 3.457675915832728597e-01 5.345737330773101093e+00
3.260499498707774002e-01 -4.442286365500091455e-02 9.443082253088239675e-01 6.946753234064294347e+00 2.377307041534186191e-03 9.989306931972684600e-01 4.617162078769110334e-02 2.625654135314106630e-01 -9.453495620713211478e-01 -1.280934319091657676e-02 3.258069079073119823e-01 5.503484037643995741e+00
3.109582757804167374e-01 -4.489839247884520185e-02 9.493624544417881284e-01 7.544492231656117376e+00 3.662196199381099245e-03 9.989327365486221355e-01 4.604319857364545798e-02 2.985227902525953159e-01 -9.504165166386735475e-01 -1.084076118373214492e-02 3.107908267721294360e-01 5.715684710055315421e+00
2.997749820723711878e-01 -4.660925173886092121e-02 9.528706745793185107e-01 8.148499039918009501e+00 4.694355321987128682e-03 9.988658004325331463e-01 4.738222995604102900e-02 3.101377156371469823e-01 -9.539983958653144303e-01 -9.730892713711558270e-03 2.996537764734296116e-01 5.884185772856728391e+00
2.880420459634571717e-01 -4.837814504400850257e-02 9.563949599432507442e-01 8.789947579370652520e+00 3.117937460031366178e-03 9.987651721096257873e-01 4.958234976625647272e-02 3.422873569844015473e-01 -9.576126954514545542e-01 -1.129982090722410522e-02 2.878372023046729677e-01 6.081551127679175828e+00
2.774542424648603900e-01 -4.989252078163162324e-02 9.594424756902839579e-01 9.480605242157109203e+00 1.397097743770957289e-03 9.986705509775383183e-01 5.152842604250679193e-02 3.794407440872850645e-01 -9.607378455192063793e-01 -1.295634461418938323e-02 2.771550845801900587e-01 6.278749623750099040e+00
2.668026841821121153e-01 -5.157084428981451724e-02 9.623703861149306427e-01 1.015480630393579098e+01 1.103440670526132684e-03 9.985829763219745692e-01 5.320546757138445992e-02 4.023807414042463448e-01 -9.637505520494800137e-01 -1.313344205283251999e-02 2.664815224828292473e-01 6.470143307454072179e+00
2.577079966418893142e-01 -5.368928710395026727e-02 9.647300312337395711e-01 1.084731181165023450e+01 1.695506210201496670e-04 9.984575051745613328e-01 5.552100118767517439e-02 4.292757641702889537e-01 -9.662228398429113518e-01 -1.414463453205517911e-02 2.573195850940842022e-01 6.659436205429168254e+00
2.466856431514669878e-01 -5.531936212794962698e-02 9.675153465321759683e-01 1.158262692582197495e+01 -3.141862276842936094e-04 9.983647899485810218e-01 5.716333996938201267e-02 4.564302127585087576e-01 -9.690955119836374143e-01 -1.440535439976691617e-02 2.462648783742861225e-01 6.846129241169590429e+00
2.351439784866968530e-01 -5.642817388931033878e-02 9.703211605448948118e-01 1.237853022355315602e+01 -7.658829378660304528e-04 9.983022589915240275e-01 5.824099135225127566e-02 4.951318392476065644e-01 -9.719602561231950322e-01 -1.443816995213216374e-02 2.347015461798083735e-01 7.008704772354685808e+00
2.258872504710663920e-01 -5.928135232811228977e-02 9.723480114069256164e-01 1.313696594768538795e+01 -1.969350908323406427e-03 9.981168352432556734e-01 6.130990798445763723e-02 5.238077702067560626e-01 -9.741514710103338359e-01 -1.576402010134659096e-02 2.253451204183093970e-01 7.200038499775324397e+00
2.154431040402857989e-01 -6.302468087774916461e-02 9.744804474076926848e-01 1.388059882985055360e+01 -3.526619108497500849e-03 9.978583763582602462e-01 6.531633519025216439e-02 5.747754226576419212e-01 -9.765100351174178517e-01 -1.750857449537809862e-02 2.147594405901666059e-01 7.378891557924461608e+00
2.023436223791243438e-01 -6.651342748049292319e-02 9.770532258777779866e-01 1.469394972758747464e+01 -4.137516746163806027e-03 9.976239163634779139e-01 6.877065074758384466e-02 6.015738970703938815e-01 -9.793058543279899997e-01 -1.795787579809951517e-02 2.015876352244642122e-01 7.516910479177388638e+00
1.886348215826717800e-01 -6.902630455639725826e-02 9.796184241880001586e-01 1.549171128959212673e+01 -4.724338550872881834e-03 9.974514011803072844e-01 7.119257584609955947e-02 6.525001809735733183e-01 -9.820359472390950417e-01 -1.805744705297283176e-02 1.878279620994152965e-01 7.671562617697525788e+00
1.754237844239604771e-01 -6.956635958978572842e-02 9.820320773849933182e-01 1.628151966039261467e+01 -5.222868197592366382e-03 9.974205097574989631e-01 7.158944272788819729e-02 6.863804706326084304e-01 -9.844791691701236802e-01 -1.768751419038711373e-02 1.746079431852271824e-01 7.807929241646209384e+00
1.616730356229173493e-01 -6.885302941728628501e-02 9.844394716447210092e-01 1.708018494173910184e+01 -7.024526251817269848e-03 9.974574744273302374e-01 7.091715371861098682e-02 7.246840095926712078e-01 -9.868193870555482805e-01 -1.838061155083401885e-02 1.607783165080594323e-01 7.954938943299564968e+00
1.451912866619566866e-01 -6.790718391157475609e-02 9.870704574531276032e-01 1.786966208643647036e+01 -7.922297191564934074e-03 9.975301005819000588e-01 6.979208834253873561e-02 7.532256189117647605e-01 -9.893718939990296946e-01 -1.795306773038251799e-02 1.442946965166078122e-01 8.072207902242611866e+00
1.245930648857875023e-01 -6.683429025207375529e-02 9.899544075493247330e-01 1.870077751959352241e+01 -1.042079756608789085e-02 9.975856205561045575e-01 6.866102678486143973e-02 8.077350105142420134e-01 -9.921532101338709220e-01 -1.887080136263673269e-02 1.235957819593654639e-01 8.181222915820164587e+00
1.001307154472791394e-01 -6.547441535007487989e-02 9.928176689715413339e-01 1.951677667459568610e+01 -1.502792579183226222e-02 9.976191501028611741e-01 6.730670670023901347e-02 8.497403148615040314e-01 -9.948608036051564962e-01 -2.165945808847554929e-02 9.890837320228088037e-02 8.298814372366358327e+00
6.848624699818044170e-02 -6.461444122253737210e-02 9.955574272133920211e-01 2.036421447499309778e+01 -1.829130724869167807e-02 9.976513858818286673e-01 6.600863813236003408e-02 8.837438576747816965e-01 -9.974843755063617090e-01 -2.273072982275642015e-02 6.714351524440570484e-02 8.361044125552021811e+00
3.484865225693272589e-02 -6.471209544406562875e-02 9.972952917517838856e-01 2.123023772294481049e+01 -2.147846340293357859e-02 9.976224441601049264e-01 6.548384920064700965e-02 9.263132304775446579e-01 -9.991617808880582929e-01 -2.370239346154036364e-02 3.337587987410307877e-02 8.333909683681092417e+00
8.198909016822091347e-04 -6.393186636008542367e-02 9.979539202688477717e-01 2.207471036260968233e+01 -2.382712579258413482e-02 9.976696896820108629e-01 6.393323362491522277e-02 9.653393769998432905e-01 -9.997157661911630910e-01 -2.383079101413005524e-02 -7.053337138843332032e-04 8.314200178353885917e+00
-3.267187263294551308e-02 -6.288582014960482358e-02 9.974857919120034833e-01 2.291370137888751302e+01 -2.404474182723088244e-02 9.977792137996865929e-01 6.211675215456675253e-02 9.896114382757907890e-01 -9.991768694184731681e-01 -2.195481685267160893e-02 -3.411139009225853252e-02 8.277140703702867697e+00
-6.404185005424162247e-02 -6.068202614814550977e-02 9.961005550897344962e-01 2.372384159176748852e+01 -2.749914403018122872e-02 9.978778303741063782e-01 5.902230710253401208e-02 1.007347675367279427e+00 -9.975682711852368323e-01 -2.361201403116886671e-02 -6.557464755351427588e-02 8.250262629671832215e+00
-9.810367784968558602e-02 -5.812593891482112363e-02 9.934772399834594925e-01 2.452048153387131535e+01 -2.922535109897238942e-02 9.980305196816754432e-01 5.550640193462857974e-02 1.067407276523650861e+00 -9.947469850471053476e-01 -2.358933811349313292e-02 -9.960921694745053512e-02 8.141162908486041516e+00
-1.295778954076673151e-01 -5.418845497445094750e-02 9.900874522940569245e-01 2.539349925973884936e+01 -2.477791777311699403e-02 9.983707718849592627e-01 5.139899464538445067e-02 1.092895386640420075e+00 -9.912596232379423666e-01 -1.787213101918468106e-02 -1.307094619228975907e-01 8.044706392671317374e+00
-1.610777121466707706e-01 -4.821976567841197020e-02 9.857630586382682969e-01 2.620440225450861860e+01 -2.173071806836046962e-02 9.987368862957055615e-01 4.530350823968755380e-02 1.100229402612663776e+00 -9.867024694359204373e-01 -1.412395271090907331e-02 -1.619221041929883864e-01 7.897018371997298836e+00
-1.918614944592352822e-01 -4.220193615042591717e-02 9.805142255966519116e-01 2.706876646829706345e+01 -1.703148636684348460e-02 9.990677598633300738e-01 3.966786714580051998e-02 1.123979961739465239e+00 -9.812742286619241527e-01 -9.088877413774855071e-03 -1.924013965459518416e-01 7.694177039717786215e+00
-2.199731760759891519e-01 -3.733550129083234442e-02 9.747911803958233534e-01 2.783719574317388279e+01 -9.516072649292307839e-03 9.993019030227028310e-01 3.612687330500694710e-02 1.138266743066409958e+00 -9.754595134341144114e-01 -1.329239583105335572e-03 -2.201749021747856083e-01 7.479064889017492668e+00
-2.471966635868212414e-01 -3.033193277096549179e-02 9.684904577607473808e-01 2.866882316677480702e+01 -2.648515534365482142e-03 9.995273448258820137e-01 3.062796598804666537e-02 1.161301316858351917e+00 -9.689617179224353505e-01 5.006070077424670459e-03 -2.471601607575623361e-01 7.246683812840084116e+00
-2.760378546552864076e-01 -2.033210513010527340e-02 9.609316791155069204e-01 2.948753612150320791e+01 4.657323840598526221e-03 9.997361967224906998e-01 2.249102665108920068e-02 1.155975979629531247e+00 -9.611354887587014728e-01 1.068374590004769233e-02 -2.758703431148896157e-01 7.021198143261793589e+00
-3.004656009735486299e-01 -5.054601397452878481e-03 9.537792498689561249e-01 3.028927810640645646e+01 7.730079486449214186e-03 9.999402105634976889e-01 7.734413581508992747e-03 1.149414193711568277e+00 -9.537613348451683404e-01 9.696715750895937291e-03 -3.004085651735823315e-01 6.770028823511718308e+00
-3.251253114367990138e-01 1.111136526352110403e-02 9.456056543371366141e-01 3.105847910875128193e+01 9.249242580333558519e-03 9.999205048741348634e-01 -8.569447388435721957e-03 1.120559466803488613e+00 -9.456257179346870823e-01 5.959992892614798810e-03 -3.252022386014150057e-01 6.461744835424175548e+00
-3.496802474656835469e-01 2.484386711504159642e-02 9.365396367257294852e-01 3.184062602381036200e+01 9.430443190683472643e-03 9.996910313460949382e-01 -2.299801231318884115e-02 1.097100798313961567e+00 -9.368216511174723982e-01 7.900342016533945088e-04 -3.498064972256685889e-01 6.168868760966250697e+00
-3.736956762050849257e-01 3.528681527283458047e-02 9.268799096426521000e-01 3.258151119553949826e+01 1.120736196645563849e-02 9.993749320733312791e-01 -3.352819943962766225e-02 1.050636249812143763e+00 -9.274836661755688771e-01 -2.141463556564637827e-03 -3.738575644402969966e-01 5.844599523336017732e+00
-3.980984566746545994e-01 3.986387010085094135e-02 9.164761184051491982e-01 3.337350106105370884e+01 1.681968549594383550e-02 9.992045982817315819e-01 -3.615617400103249279e-02 1.008740946019905493e+00 -9.171884926300002405e-01 1.021123984108762662e-03 -3.984523075273351256e-01 5.530187929878597863e+00
-4.205553656096726600e-01 3.959556793930633228e-02 9.064024275708700840e-01 3.409053745162427163e+01 1.791248544734456299e-02 9.992148434289133130e-01 -3.533892331382995633e-02 9.711229225903661444e-01 -9.070900401936256019e-01 1.373947452317239798e-03 -4.209344201125501117e-01 5.170807726608727783e+00
-4.409704680207184313e-01 3.712946525095327244e-02 8.967532741375809913e-01 3.486009624296770681e+01 2.066505826817606126e-02 9.992990924519383755e-01 -3.121344507523473796e-02 9.475754668360709676e-01 -8.972836870622187266e-01 4.767252178392129662e-03 -4.414286723175496197e-01 4.802730193699521699e+00
-4.594402992051205281e-01 3.595626361965750112e-02 8.874805599989110672e-01 3.558871520654091114e+01 2.872761177560109042e-02 9.992590759443381598e-01 -2.561295407494626475e-02 9.087911173697551526e-01 -8.877439658132462164e-01 1.372757477816091524e-02 -4.601328276680717866e-01 4.399096636371994329e+00
-4.737392912386202415e-01 3.641598231257388296e-02 8.799118968351244963e-01 3.629105196341495798e+01 3.242504294754677135e-02 9.991884957246214283e-01 -2.389490633367259698e-02 8.440126315947739100e-01 -8.800680163066663120e-01 1.721122615614880530e-02 -4.745356408089157485e-01 4.033609260588015388e+00
-4.840627753524717192e-01 3.990989031815100202e-02 8.741226552171998954e-01 3.696591752611444548e+01 3.398174938106145876e-02 9.990631622716620308e-01 -2.679623938284692378e-02 8.032524835958076981e-01 -8.743731942615413644e-01 1.673315608413668970e-02 -4.849654962045340523e-01 3.585845162992508328e+00
-4.935933501982607829e-01 4.177909018768798804e-02 8.686887236583518135e-01 3.767959750506851435e+01 3.507229052188134966e-02 9.989891576979026411e-01 -2.811756002931051907e-02 7.439389976434015450e-01 -8.689853574841869266e-01 1.658826371924031901e-02 -4.945596947734537951e-01 3.185881799394105762e+00
-5.035258758318452710e-01 4.123611549488458150e-02 8.629955165921127103e-01 3.834755077312964744e+01 3.044447362904285914e-02 9.990868792987598335e-01 -2.997568325364326908e-02 7.081405050734848050e-01 -8.634435932156696580e-01 1.117991311378694480e-02 -5.043215089783038563e-01 2.807864163458109630e+00
-5.165617287087792553e-01 4.033934811634509038e-02 8.552991898500165169e-01 3.905080392067445416e+01 2.796362285121746158e-02 9.991515728074880087e-01 -3.023524937513168490e-02 6.801052162149436864e-01 -8.557932158327469230e-01 8.298892284063264652e-03 -5.172514992138124157e-01 2.386836762784303012e+00
-5.248793109026804737e-01 4.127637386515271845e-02 8.501752506535944498e-01 3.974160533087671610e+01 3.022870112733304707e-02 9.990973709633129696e-01 -2.984407664359881723e-02 6.314309435179764618e-01 -8.506397277866831752e-01 1.003515618535833279e-02 -5.256532719635097495e-01 1.973705598125125249e+00
-5.327950323554756507e-01 4.420230272454867687e-02 8.450891059248359927e-01 4.041282873786305174e+01 3.489053989697602637e-02 9.989331641652489102e-01 -3.025200321237871137e-02 5.934310446460443478e-01 -8.455247574366629992e-01 1.336749917180358321e-02 -5.337688709207778492e-01 1.544859722064109153e+00
-5.362014551015317210e-01 4.711554859981471888e-02 8.427740573336794938e-01 4.109758879080681027e+01 3.515136034371269674e-02 9.988212108727138050e-01 -3.347492370275303997e-02 5.555672966000024804e-01 -8.433578084432172828e-01 1.167535279497995508e-02 -5.372255634715082939e-01 1.105326381264237545e+00
-5.355725470712986436e-01 4.856119578492123362e-02 8.430918361402022221e-01 4.181513005568016439e+01 3.443705792281095274e-02 9.987707543997618176e-01 -3.565205656657822325e-02 5.120064045565071442e-01 -8.437867903254738788e-01 9.939340651210902544e-03 -5.365865027754812555e-01 6.769786614229778010e-01
-5.326379405970225189e-01 5.009903810597602508e-02 8.448590992860325333e-01 4.254125322447742263e+01 3.691149030822158533e-02 9.986717153166089211e-01 -3.594922595101773116e-02 4.797278970217641603e-01 -8.455379221740977336e-01 1.203708779751063926e-02 -5.337796771301890342e-01 2.044457014499241887e-01
-5.265305851570258877e-01 4.838031028987014454e-02 8.487784607235591139e-01 4.329394081706534791e+01 3.491995125716038789e-02 9.987676420782377606e-01 -3.526746491163632036e-02 4.343788104833801733e-01 -8.494387274744830130e-01 1.106990455395782252e-02 -5.275711502937580066e-01 -2.580898710144201580e-01
-5.187858432827779920e-01 4.743173284061245193e-02 8.535874098826352618e-01 4.406202509850749749e+01 3.347543892184675490e-02 9.988210094063089128e-01 -3.515659396415413834e-02 3.897641327351694107e-01 -8.542485913259494357e-01 1.033547096918218354e-02 -5.197619989330078960e-01 -7.086315642764084988e-01
-5.118954043212947669e-01 4.634530298698352757e-02 8.577967093587299807e-01 4.482089937429784499e+01 3.099887919690142921e-02 9.988898738192382165e-01 -3.546955616833433883e-02 3.408337572601750631e-01 -8.584883089711362603e-01 8.434034771347997603e-03 -5.127637894894853110e-01 -1.210649213055592144e+00
-5.053684602613169874e-01 4.549767568163522180e-02 8.617033523375258186e-01 4.564343522663012465e+01 2.897393448933096444e-02 9.989406188592003799e-01 -3.575123859365762768e-02 2.997816152461956207e-01 -8.624170932524074518e-01 6.899389067111486203e-03 -5.061513303350496651e-01 -1.637965229221029162e+00
-5.009621867954111574e-01 4.284228621529730108e-02 8.644081283654049264e-01 4.648248219462174546e+01 2.498107635651655722e-02 9.990736769615864432e-01 -3.503903223927563176e-02 2.555394781795922166e-01 -8.651085744302247083e-01 4.040616209478519079e-03 -5.015683816221256919e-01 -2.083955260849121416e+00
-5.003332483914515461e-01 3.954054538849142292e-02 8.649295764859108449e-01 4.729395164282391306e+01 1.993817106548322060e-02 9.992179539499853602e-01 -3.414600709365015613e-02 2.064322465177836352e-01 -8.656033284565767261e-01 1.607321392238185008e-04 -5.007303321275309305e-01 -2.530535864788495015e+00
-5.005565509763431065e-01 3.760781176881242832e-02 8.648865695714808011e-01 4.813888854297861286e+01 1.747381017419034899e-02 9.992913344916759533e-01 -3.333908717987524306e-02 1.655991766539466892e-01 -8.655274793896662322e-01 -1.575233834790582465e-03 -5.008589767959610306e-01 -3.024214707439009331e+00
-5.017056489268514330e-01 3.651892949786085529e-02 8.642672017942281126e-01 4.898496567460761497e+01 1.592558004020024065e-02 9.993290867573529912e-01 -3.298108897397157568e-02 1.202688191430454079e-01 -8.648918025178091717e-01 -2.782841240741663457e-03 -5.019506343150758054e-01 -3.503860217989076986e+00
-5.017084371394149311e-01 3.578798349126526696e-02 8.642961592034031915e-01 4.984163930172632462e+01 1.571234481045960529e-02 9.993560102043107518e-01 -3.225968162482846513e-02 7.510560588790764214e-02 -8.648940852215154518e-01 -2.604834269729073160e-03 -5.019476563794362800e-01 -3.993832724719615257e+00
-5.016429085238793828e-01 3.585803199253717599e-02 8.643312908493684388e-01 5.073378742560116450e+01 1.615432121513020805e-02 9.993546197973239842e-01 -3.208397987515254624e-02 3.528480651716094790e-02 -8.649239518951011840e-01 -2.132014759486652172e-03 -5.018984215061964571e-01 -4.480199223200738601e+00
-5.010394956183832349e-01 3.500410564557858428e-02 8.647162094463075599e-01 5.160384538851067049e+01 1.638239101116693852e-02 9.993862598691877208e-01 -3.096321718273685117e-02 -1.690731893329924795e-02 -8.652693531114769021e-01 -1.347674741610983004e-03 -5.013054397363010395e-01 -5.041634508169550166e+00
-5.021545244636552718e-01 3.446252448258461942e-02 8.640909410736286045e-01 5.251072426176870067e+01 1.572029879393481433e-02 9.994042892205762252e-01 -3.072358806172334825e-02 -7.241005377595843839e-02 -8.646350201592880591e-01 -1.844220057289260289e-03 -5.023971479994124856e-01 -5.552238894637765654e+00
-5.025904281910877902e-01 3.315513296270417715e-02 8.638886416274393909e-01 5.341606888602001391e+01 1.444201843812387837e-02 9.994468896526981228e-01 -2.995568125431856757e-02 -1.230306695986650434e-01 -8.644040154391288144e-01 -2.579142066645801271e-03 -5.027912684827605672e-01 -6.040760397801878234e+00
-5.025687255261854780e-01 3.252912422197508369e-02 8.639250654328123336e-01 5.432785650767171148e+01 1.394440872397510224e-02 9.994668958534900227e-01 -2.952079829100807962e-02 -1.607632631847440430e-01 -8.644248040764181962e-01 -2.789304844971375683e-03 -5.027544046746522666e-01 -6.576325897821741151e+00
-5.020549386858128571e-01 3.156864537025717843e-02 8.642593624853355250e-01 5.519935917818355620e+01 1.298004919339273804e-02 9.994960538922984528e-01 -2.896819897533376223e-02 -2.024937955951225110e-01 -8.647383241125692344e-01 -3.325497414133177145e-03 -5.022116938401915975e-01 -7.065833581785488704e+00
-5.011914845702080124e-01 3.059493474335792454e-02 8.647953701423143347e-01 5.612807000852584594e+01 1.172896903473484055e-02 9.995231551914927071e-01 -2.856384951101221398e-02 -2.745100463680162362e-01 -8.652569210482862205e-01 -4.172799125042114289e-03 -5.013113422722632606e-01 -7.583042055773880463e+00
-4.991382599760724181e-01 2.793899095342513433e-02 8.660718195578809286e-01 5.698358724888940685e+01 1.230447234104416893e-02 9.996078255127454071e-01 -2.515541912988257175e-02 -3.159663241628165031e-01 -8.664350003129173139e-01 -1.899474462065573258e-03 -4.992862864452402016e-01 -8.078903567570366206e+00
-4.959874380138597494e-01 2.677479571175922154e-02 8.679167921024563137e-01 5.788683971993162913e+01 1.254655574581278570e-02 9.996411296284692938e-01 -2.366845731175148612e-02 -3.639219609712314729e-01 -8.682390556216386113e-01 -8.498901548643775705e-04 -4.961453755061215332e-01 -8.620109107266538118e+00
-4.931344139141028982e-01 2.651337809034738646e-02 8.695490077708244447e-01 5.878188980793667184e+01 1.242521056786965485e-02 9.996481760466361388e-01 -2.343369895515949250e-02 -4.231243206470269858e-01 -8.698644011814525845e-01 -7.516329430755058338e-04 -4.932903529444067070e-01 -9.133912315512072055e+00
-4.907830346770715169e-01 2.738551111926713563e-02 8.708513265398115655e-01 5.968244382348640187e+01 1.355001704984271430e-02 9.996249393704115249e-01 -2.379868909047252318e-02 -4.687483612008679357e-01 -8.711764588408730248e-01 1.200584140828489505e-04 -4.909700366513535807e-01 -9.635250583731355789e+00
-4.900850465581736981e-01 2.712762753128023646e-02 8.712523889408942956e-01 6.053412007424856967e+01 1.357385294806025960e-02 9.996319287752836180e-01 -2.348951819346418654e-02 -5.138884629793232239e-01 -8.715689359976352968e-01 3.143911376630663499e-04 -4.902728880080311491e-01 -1.010223758620479373e+01
-4.909571557363549554e-01 2.801291472799332175e-02 8.707332163904000222e-01 6.142317331126616864e+01 1.238230346179693825e-02 9.996063137573421020e-01 -2.517729204684093780e-02 -5.535729307734282845e-01 -8.710957251175615035e-01 -1.579287844220290645e-03 -4.911107382949198574e-01 -1.062362895666543494e+01
-4.929553265523965999e-01 2.929818276316319484e-02 8.695611817637625141e-01 6.231072474316533061e+01 1.095013597360767164e-02 9.995626324002133689e-01 -2.747068274461742995e-02 -5.966666968367655421e-01 -8.699857200194359708e-01 -4.020005300839025672e-03 -4.930605441733400540e-01 -1.113984947535952941e+01
-4.988118682178815932e-01 2.976542975539769181e-02 8.661990104665154844e-01 6.321570682360009386e+01 1.018720389864299046e-02 9.995424189033129680e-01 -2.848111075379222701e-02 -6.540010253329103795e-01 -8.666504216748311951e-01 -5.382569238453435191e-03 -4.988868490573748482e-01 -1.157509990763019836e+01
-5.037447735729804199e-01 2.894883986126521938e-02 8.633673344910443026e-01 6.411822188514021548e+01 1.059487679229753447e-02 9.995702081485521306e-01 -2.733399984281239398e-02 -6.901148714643676740e-01 -8.637875687811689129e-01 -4.622088131656129466e-03 -5.038349787808041880e-01 -1.207054245200254705e+01
-5.088429558676011988e-01 2.706673659256879708e-02 8.604337421410896969e-01 6.495221821781390759e+01 1.313045022757536144e-02 9.996333461209565563e-01 -2.368046824586864454e-02 -7.689373014906860648e-01 -8.607592286702852036e-01 -7.517561040262925884e-04 -5.090117862726019071e-01 -1.260281242328164630e+01
-5.152673524135950034e-01 2.574778756034551766e-02 8.566426289070511180e-01 6.579660180557374360e+01 1.114122023203107867e-02 9.996653822506875731e-01 -2.334516483693156730e-02 -7.966949826926665867e-01 -8.569570822581291658e-01 -2.484956177012357000e-03 -5.153817977889260105e-01 -1.309214666384027836e+01
-5.195361006504016776e-01 2.798318214967403586e-02 8.539901453778381279e-01 6.663560485441398384e+01 1.188255721267197397e-02 9.996035439480265294e-01 -2.552566823328478521e-02 -8.580292347270712661e-01 -8.543658800292691646e-01 -3.113918476837356734e-03 -5.196626403838396913e-01 -1.362743128864423170e+01
-5.242699351714636968e-01 2.936343740565815902e-02 8.510457158507227504e-01 6.743875917967750411e+01 1.223463295067506174e-02 9.995618894042873626e-01 -2.695075108804131231e-02 -8.947920896078054298e-01 -8.514642451361749131e-01 -3.717235674707314915e-03 -5.243994990345350882e-01 -1.414755723454111269e+01
-5.293254163176698279e-01 2.949314192549042438e-02 8.479060945395491267e-01 6.830717152582461438e+01 1.113452845740865900e-02 9.995510206800616304e-01 -2.781688897405097324e-02 -9.226772727104448624e-01 -8.483458243753260186e-01 -5.283150921468418408e-03 -5.294161535736807700e-01 -1.465499431466284186e+01
-5.325285880849888187e-01 2.970539532100395161e-02 8.458905835602584800e-01 6.915967433408023624e+01 1.049806353244198132e-02 9.995388898594642635e-01 -2.849207433950873974e-02 -9.521365431070446528e-01 -8.463469178137081883e-01 -6.292630166341617141e-03 -5.325948840707674936e-01 -1.517440294658829458e+01
-5.360988648426772141e-01 2.864879140901708740e-02 8.436689166505751958e-01 6.995952828562184322e+01 9.495333648973676779e-03 9.995653705413279910e-01 -2.790893468014949905e-02 -1.033163593571304606e+00 -8.441018051422780610e-01 -6.951029489562682122e-03 -5.361378915035911463e-01 -1.565153384514722212e+01
-5.401315026005382158e-01 2.449402712027515597e-02 8.412241019241435414e-01 7.078405749765479982e+01 1.301688912334158892e-02 9.996999430666834163e-01 -2.075052788112735982e-02 -1.091274661130615664e+00 -8.414799653612220487e-01 -2.578920205329217341e-04 -5.402882696171493748e-01 -1.617588510527489731e+01
-5.420001815644929222e-01 1.735424847524933215e-02 8.401991551966196958e-01 7.158249514322851326e+01 1.357171288757465753e-02 9.998371259679325052e-01 -1.189664334355189541e-02 -1.136505629482689184e+00 -8.402687804295184693e-01 4.954959823536220220e-03 -5.421474318689332161e-01 -1.672764817999671294e+01
-5.433093024975368390e-01 1.588475174631219858e-02 8.393823107814775142e-01 7.242065866197242485e+01 1.380145149032409140e-02 9.998548665273063740e-01 -9.988282906764903851e-03 -1.183338909482388956e+00 -8.394191642449551072e-01 6.157968209343362732e-03 -5.434496839428438753e-01 -1.723168241721803540e+01
-5.437371416545548897e-01 2.023977723906557682e-02 8.390114775060032448e-01 7.324740190390441796e+01 1.522098231045538805e-02 9.997825507757915897e-01 -1.425387092356199432e-02 -1.187229740828128266e+00 -8.391175448158282313e-01 5.020220794625465839e-03 -5.439269769065718796e-01 -1.776541981478491650e+01
-5.451923368190378927e-01 2.239939262015853971e-02 8.380116767070699968e-01 7.403477604102849341e+01 1.263484650113607527e-02 9.997489767646310366e-01 -1.850254280649097152e-02 -1.221295858557224667e+00 -8.382157765383686510e-01 5.007052785731456145e-04 -5.453384949411818061e-01 -1.828404665949839014e+01
-5.461610763834754412e-01 2.761954534018050411e-02 8.372247169050642812e-01 7.486269409186544976e+01 1.873495835127387057e-02 9.996090431366512208e-01 -2.075481108229586605e-02 -1.267978776151747367e+00 -8.374706511045368895e-01 4.349901199141771417e-03 -5.464650031723211621e-01 -1.881192303271724597e+01
-5.455900600252256982e-01 2.917009029707052711e-02 8.375443746234304543e-01 7.559769273973755332e+01 2.278059719048250789e-02 9.995409670049245632e-01 -1.997247186708610636e-02 -1.290703885144558694e+00 -8.377425274393603960e-01 8.182979895082010194e-03 -5.460041294422151026e-01 -1.931247372615933955e+01
-5.455243745463670413e-01 2.609870144760508340e-02 8.376884873165969525e-01 7.633960742218641826e+01 2.142055491377233001e-02 9.996226877490284046e-01 -1.719424116038628658e-02 -1.356127313233461695e+00 -8.378211790672155379e-01 8.563875586552945410e-03 -5.458775913633463484e-01 -1.983144778808243203e+01
-5.454633977327957295e-01 2.177618558770001711e-02 8.378516973143613766e-01 7.720771493760025805e+01 1.942363071381717279e-02 9.997223717198742143e-01 -1.333799162625429711e-02 -1.409121382331065986e+00 -8.379095510844593031e-01 8.998736735471839915e-03 -5.457349354340024217e-01 -2.035295247209024083e+01
-5.440889909092307963e-01 1.722300480454099988e-02 8.388507169120396068e-01 7.795583842361129712e+01 1.859262713679463164e-02 9.997912820302192749e-01 -8.467972711013472750e-03 -1.445860436342502942e+00 -8.388214921606199637e-01 1.098910890306674902e-02 -5.442956518461927740e-01 -2.084672875561549077e+01
-5.438609261947309204e-01 1.318743208189262529e-02 8.390717321969431985e-01 7.880614346730834541e+01 1.066667844041526043e-02 9.999043743552388230e-01 -8.801369126627813996e-03 -1.520425096398299480e+00 -8.391075774110018370e-01 4.163388558608463810e-03 -5.439495864201666642e-01 -2.141308545673638619e+01
-5.416588674139750648e-01 1.030388140017957262e-02 8.405352393060129268e-01 7.959959146168520761e+01 4.716419176180975531e-03 9.999463840932044656e-01 -9.218694139170967652e-03 -1.592158504118903917e+00 -8.405851761312621573e-01 -1.029069982294705506e-03 -5.416784244877035359e-01 -2.184355511035293418e+01
-5.395818712333367850e-01 1.027924382939859535e-02 8.418703751055918172e-01 8.039441689859371820e+01 7.827906874792366076e-03 9.999434967635734139e-01 -7.192158310898662428e-03 -1.580071162395547235e+00 -8.418967512327707459e-01 2.709325615991511546e-03 -5.396318492580273185e-01 -2.234424534350224789e+01
-5.358474292150910978e-01 1.392078643198199801e-02 8.442000541005177938e-01 8.124175718209551178e+01 1.361805176201602574e-02 9.998765028749201367e-01 -7.843955766802968022e-03 -1.600233755932097157e+00 -8.442050064765929118e-01 7.293197501654515198e-03 -5.359708287754004763e-01 -2.287758696101152012e+01
-5.303439614485510045e-01 1.562182779481362596e-02 8.476386187462625621e-01 8.207673375435864216e+01 1.382578732846353499e-02 9.998566209429007312e-01 -9.776765229547674033e-03 -1.578407777088934649e+00 -8.476698307451696612e-01 6.534223866579333927e-03 -5.304839064922636238e-01 -2.335677567315065772e+01
-5.244524213034640336e-01 1.407376785397414926e-02 8.513234248397356652e-01 8.274692846257441659e+01 1.407613715888624689e-02 9.998700488845720935e-01 -7.857969377880951595e-03 -1.640407835333763664e+00 -8.513234003943903616e-01 7.862215238303542353e-03 -5.245823736101428159e-01 -2.386718258777521839e+01
-5.143041867799426070e-01 1.425247611769886631e-02 8.574893917966116552e-01 8.351207498560975750e+01 1.627963600120775275e-02 9.998439832143882766e-01 -6.854389436022167818e-03 -1.685937505994913543e+00 -8.574533159345223421e-01 1.043437502714222691e-02 -5.144559730231660355e-01 -2.430293810404608124e+01
-5.060418731019705740e-01 1.600635524836471063e-02 8.623603688596750416e-01 8.424402224704942910e+01 1.922135561471897264e-02 9.997887635923037308e-01 -7.277887825019938896e-03 -1.704170507580478722e+00 -8.622947143518070456e-01 1.289282039422860911e-02 -5.062426436939594376e-01 -2.476975650305663379e+01
-4.947586898392198895e-01 1.404636079431280382e-02 8.689168688136674756e-01 8.517296363302379802e+01 1.586838224747061724e-02 9.998486850584897834e-01 -7.127510450167381766e-03 -1.742140250161671844e+00 -8.688855193444390279e-01 1.026190832911396192e-02 -4.949067197012962938e-01 -2.526744239959658955e+01
-4.841028892228861347e-01 1.257929627595935108e-02 8.749206478931713660e-01 8.593378980477163509e+01 1.673254671535158791e-02 9.998469066257952287e-01 -5.117144054903642950e-03 -1.738368353979360403e+00 -8.748510885677356352e-01 1.216242746008744900e-02 -4.842392611711102135e-01 -2.570747400643086067e+01
-4.715256410507412954e-01 1.411516748494298125e-02 8.817393706992215918e-01 8.683276449209314762e+01 2.140535267487938750e-02 9.997604908923486411e-01 -4.557597207627078761e-03 -1.739758444730945319e+00 -8.815925326153313257e-01 1.672491936646830837e-02 -4.717148477436546306e-01 -2.617250036890067477e+01
-4.585024279475581332e-01 1.198331373268045862e-02 8.886123505333355377e-01 8.768590688789649334e+01 1.945280250006456782e-02 9.998048390436122812e-01 -3.445615688993059183e-03 -1.776124634138436464e+00 -8.884802333874940450e-01 1.570617850630460707e-02 -4.586460564603458412e-01 -2.653618494632944191e+01
-4.478108310886663168e-01 1.282073402162613868e-02 8.940363940822834143e-01 8.844474835778876809e+01 1.982989021347848074e-02 9.997936653102813542e-01 -4.404795873556301491e-03 -1.838077372386368813e+00 -8.939084115671788178e-01 1.575612935580098656e-02 -4.479726671854059594e-01 -2.699115445532562418e+01
