1.000000000000000000e+00 4.398956837314658088e-19 2.733407509747682871e-20 -8.673617379884035472e-19 -5.583667658079949532e-19 1.000000000000000000e+00 -6.100159232558060012e-19 0.000000000000000000e+00 4.145284534913582806e-20 -2.210423569125054137e-19 1.000000000000000222e+00 0.000000000000000000e+00
9.998972112506838705e-01 2.971227951946017135e-04 1.433452709957471448e-02 -9.389126971026831581e-02 -2.930221629250979879e-04 9.999999155493377589e-01 -2.881665011170594882e-04 -1.070930523741830953e-02 -1.433461175834677831e-02 2.839365623822649298e-04 9.998972138520761943e-01 3.230202158185091488e-03
9.995841228450995652e-01 1.645245107716720567e-03 2.879018144289082273e-02 -9.136035176255197232e-02 -1.638022240209342480e-03 9.999986207772920688e-01 -2.744626840307095184e-04 -1.984151677967864458e-02 -2.879059379209517738e-02 2.271896113818524892e-04 9.995854391035728925e-01 -8.206159723569672604e-02
9.986831398037888663e-01 2.096249559914338534e-03 5.126004322948534558e-02 -1.144057593470311218e-01 -2.129203332989552250e-03 9.999975602117813223e-01 5.882750203953137757e-04 -2.706586304748483107e-02 -5.125868588170085643e-02 -6.966433596399723618e-04 9.986851664981321042e-01 -1.012545383371892260e-01
9.963955821052777884e-01 2.131121185806131042e-03 8.480154641108725300e-02 -2.434763486958997636e-02 -2.400400343493805898e-03 9.999923956029138639e-01 3.073567679627985539e-03 -2.390016706658039392e-02 -8.479435286669592675e-02 -3.266046871097044203e-03 9.963931205432289273e-01 8.315069845431616313e-02
9.923439339317905450e-01 -5.963392298698191266e-04 1.235036885174247423e-01 8.443694838763589339e-02 -2.207556558665957642e-05 9.999874705169417011e-01 5.005828658192915462e-03 -2.096819806812470766e-02 -1.235051283859515542e-01 -4.970230047220045543e-03 9.923314870383699304e-01 3.979656950990078657e-01
9.862791140238073018e-01 -3.500651492206488264e-03 1.650492485377388074e-01 1.607480241803142806e-01 2.572915396882452955e-03 9.999796695804211710e-01 5.834425932818978165e-03 -2.794984629361882411e-02 -1.650663201620273801e-01 -5.329714579409536128e-03 9.862680692051060127e-01 6.210868969213731994e-01
9.778632862780122226e-01 -3.645718835371976503e-03 2.092130531773921387e-01 2.412219279386317305e-01 2.252394984796769750e-03 9.999736738885321996e-01 6.897698218287488629e-03 -2.622934052087542989e-02 -2.092326960963650784e-01 -6.273775274940641966e-03 9.778457542465338603e-01 9.074654103011119410e-01
9.667622829999175105e-01 -3.853614973229449719e-03 2.556478770552332858e-01 3.016393035600164474e-01 1.319803307532754722e-03 9.999483028680555829e-01 1.008214783962101645e-02 -1.497567677025338218e-02 -2.556735179272299763e-01 -9.409635192994238173e-03 9.667173898194304504e-01 1.033159233479366890e+00
9.528568295470836169e-01 -7.458148775008454495e-03 3.033285961268253894e-01 4.796336144595299555e-01 2.454218299413400955e-03 9.998546019364167314e-01 1.687459002486738080e-02 6.891381584336053745e-03 -3.034103511784034812e-01 -1.533463360966808714e-02 9.527365895117683170e-01 1.352286670423001880e+00
9.364020527171301733e-01 -1.710346201293502788e-02 3.505120049534234394e-01 5.839202172796235102e-01 8.826640774510396970e-03 9.996435207529995592e-01 2.519765470568649177e-02 -2.002573663146629823e-02 -3.508180278825212550e-01 -2.050129188033493477e-02 9.362192104460486108e-01 1.544698286776253315e+00
9.155560329013896492e-01 -2.274764410684660884e-02 4.015466262666591568e-01 7.577399696504102389e-01 1.159271350441147194e-02 9.994770041152742923e-01 3.018819643136090580e-02 -2.186056920554506344e-02 -4.020233363209088640e-01 -2.298397018262064717e-02 9.153409072263481994e-01 1.794482557813708024e+00
8.914779786037972942e-01 -2.475804221254292517e-02 4.523870578070104953e-01 9.558453098077073218e-01 1.040236456052783150e-02 9.993610899153030358e-01 3.419360669851535112e-02 -2.662202280893825879e-02 -4.529445977296027714e-01 -2.577695207205337249e-02 8.911659458845161419e-01 2.005638541054341140e+00
8.638725686647019675e-01 -2.669784199517625384e-02 5.030023922512705248e-01 1.151993089787924696e+00 8.264557773393948342e-03 9.992112147935831024e-01 3.884128318213069669e-02 7.799228870191243779e-03 -5.036426185395392885e-01 -2.939682651302036320e-02 8.634118039202713923e-01 2.197281560201376660e+00
8.321150182301304543e-01 -3.207221846284499800e-02 5.536749629724140309e-01 1.375704582499119644e+00 9.480701119569690319e-03 9.990032159424637737e-01 4.361984410821088259e-02 3.344175704432780782e-03 -5.545220633379657205e-01 -3.104750026612065894e-02 8.315896455931495179e-01 2.451595726334252490e+00
7.969455048251464779e-01 -3.774941716909744477e-02 6.028704987580773000e-01 1.582929703922292930e+00 1.155066220234936443e-02 9.988152251086550582e-01 4.727291236915102945e-02 4.703705290997395316e-03 -6.039407682461458426e-01 -3.071038120533584742e-02 7.964373337281621668e-01 2.675260051480292223e+00
7.591655110705204379e-01 -4.221612469721039429e-02 6.495271503599571172e-01 1.837714997395414107e+00 1.259217654797015369e-02 9.986602834818213426e-01 5.019038982712842323e-02 1.779611781460510578e-02 -6.507758231026135043e-01 -2.992385201191755800e-02 7.586800364860922796e-01 2.884071806415358097e+00
7.197152218958826619e-01 -4.553662422495849404e-02 6.927744276935441370e-01 2.158895104547720933e+00 1.365729193954794661e-02 9.985822230996370674e-01 5.144921795704157641e-02 2.652244833336669938e-02 -6.941350638097999459e-01 -2.756736226082712876e-02 7.193167322849212120e-01 3.126645257383269261e+00
6.791667455486115612e-01 -4.757456557131636149e-02 7.324405668107077938e-01 2.425324798689241224e+00 1.277200946617187451e-02 9.985120996198970644e-01 5.301379658700798581e-02 3.549920400823255995e-02 -7.338728892360861789e-01 -2.665046934334490414e-02 6.787638348703977087e-01 3.294528986774095891e+00
6.366381321130841764e-01 -4.777633780860648244e-02 7.696812981755756233e-01 2.784581286709830739e+00 8.408297869411432077e-03 9.984497508625473916e-01 5.502177274280870001e-02 6.708477910403962130e-02 -7.711168525332789958e-01 -2.855724848227845364e-02 6.360529010042388354e-01 3.551242846192664615e+00
5.944974034010790387e-01 -4.847382186374718516e-02 8.026351073190928220e-01 3.129768040287189024e+00 5.304117444828880881e-03 9.983959815910808944e-01 5.636781200932363539e-02 8.634933651844355074e-02 -8.040800430049375169e-01 -2.925324644866984791e-02 5.938009283469937172e-01 3.767881908042929773e+00
5.549097446122313038e-01 -4.945022732466235887e-02 8.304395457212551124e-01 3.531101311451345204e+00 3.055349100917645940e-03 9.983461858028134239e-01 5.740695155793539006e-02 1.101950390045647182e-01 -8.319049541926433200e-01 -2.931839352688613357e-02 5.541431135479467640e-01 3.998628487705031542e+00
5.165755220908503365e-01 -5.239358206771738136e-02 8.546371338439281429e-01 3.928119717446767023e+00 2.327527056472987986e-03 9.982083612204152301e-01 5.978837811801510083e-02 1.152300497544940794e-01 -8.562384749073594925e-01 -2.889602097459647093e-02 5.157719516407822669e-01 4.179127358926446156e+00
4.791894329881989378e-01 -5.214391508008513199e-02 8.761612219015288971e-01 4.323902655720546662e+00 -8.140335721321059368e-04 9.982068965901215174e-01 5.985255972142185243e-02 1.456659306894230177e-01 -8.777111361893868979e-01 -2.939393817177506085e-02 4.782877486623874908e-01 4.388123635983198767e+00
4.431104637875596386e-01 -5.146921856178319349e-02 8.949882810074027972e-01 4.757397861449360832e+00 -2.109689562601949064e-03 9.982878557602654634e-01 5.845430875134942361e-02 1.694547478690181241e-01 -8.964645450677705130e-01 -2.778986262760942821e-02 4.422432094374368350e-01 4.553971678444455051e+00
4.097558633393613148e-01 -5.032978606636662189e-02 9.108057044622470677e-01 5.295530301554715713e+00 -8.951794691721414203e-04 9.984540678124270707e-01 5.557583183419043116e-02 1.913783189129750761e-01 -9.121947961070880906e-01 -2.358785679650612227e-02 4.090773530983200512e-01 4.764107650306539377e+00
3.796618165849663384e-01 -4.862365124524458543e-02 9.238466492366546046e-01 5.774128700926466351e+00 1.000906169143286374e-03 9.986388259229066477e-01 5.214876324936547347e-02 2.138645417574424057e-01 -9.251248124048269128e-01 -1.887420959554409264e-02 3.791936971838905657e-01 4.946611756452086617e+00
3.538922706037087029e-01 -4.670633454274604468e-02 9.341192453312265886e-01 6.317856406089246590e+00 1.755114444325560829e-03 9.987837241937305155e-01 4.927465700764295520e-02 2.366850000702680479e-01 -9.352845534874500988e-01 -1.579843325060789616e-02 3.535438136535967724e-01 5.127431252309921028e+00
3.347213874078479035e-01 -4.633075486359852779e-02 9.411774748104400068e-01 6.920691664086493944e+00 2.873855656982962203e-03 9.988361253819327823e-01 4.814702014866173441e-02 2.578764609656467033e-01 -9.423127663278638710e-01 -1.341102832246835776e-02 3.344649602668678945e-01 5.264219713104098197e+00
3.195866326991878559e-01 -4.679026929427678588e-02 9.464010988131672519e-01 7.492249559540342219e+00 4.013250856609691490e-03 9.988379494697041672e-01 4.802753875026664898e-02 2.906582823785314740e-01 -9.475485707818245285e-01 -1.155081349063418611e-02 3.194030366479493899e-01 5.492737837820642177e+00
3.074760784641080158e-01 -4.828825270354120819e-02 9.503297799259686762e-01 8.116214920105019104e+00 4.773802508051427917e-03 9.987772709985969222e-01 4.920542353549751252e-02 3.100958432817450539e-01 -9.515438445349202468e-01 -1.059280309127175017e-02 3.073306357984960102e-01 5.698647968732204916e+00
2.965394469106964470e-01 -5.005763179632088944e-02 9.537078035699527723e-01 8.731950823890002766e+00 3.549849172756435346e-03 9.986762525111380073e-01 5.131414229990047260e-02 3.397576465430219850e-01 -9.550140162258755616e-01 -1.183114763483396684e-02 2.963245992717641331e-01 5.904767143265137186e+00
2.864138935965390154e-01 -5.181738454168808433e-02 9.567037288350962454e-01 9.388405875166556669e+00 2.163112401845002173e-03 9.985688628956659318e-01 5.343731803453624640e-02 3.767255406909803539e-01 -9.581035532655914899e-01 -1.323573174472461415e-02 2.861160815358896881e-01 6.110726831137171189e+00
2.755195194299306927e-01 -5.358962888415988446e-02 9.598005680997147016e-01 1.007459874217289020e+01 1.549956231857968275e-03 9.984683771669511376e-01 5.530368333864506269e-02 4.069865124770443710e-01 -9.612942361325634844e-01 -1.374959450751896649e-02 2.751805876806490136e-01 6.291291049027700311e+00
2.664340781820689341e-01 -5.563149619290700537e-02 9.622463317446297015e-01 1.080585434884490503e+01 5.449337739452628530e-04 9.983414720880032789e-01 5.756742232225389722e-02 4.349873730765035917e-01 -9.638529978565258949e-01 -1.481356170296965757e-02 2.660225039630794708e-01 6.471353186729316143e+00
2.573455117916818025e-01 -5.738876935943550139e-02 9.646138092323437441e-01 1.153275808376871936e+01 2.720490850805306845e-04 9.982391773090194542e-01 5.931669941450812278e-02 4.604859236713918502e-01 -9.663194244490097562e-01 -1.500246318987896732e-02 2.569079831893171240e-01 6.641174065485822453e+00
2.445877668037304553e-01 -5.845471276808079930e-02 9.678635518544375094e-01 1.230049716894100698e+01 -4.864831810208044226e-04 9.981736356528364551e-01 6.040824758545680628e-02 4.994465194496613414e-01 -9.696270439071281722e-01 -1.524596683556054925e-02 2.441126218396328651e-01 6.874478066779176721e+00
2.345272495391480250e-01 -6.120867469950937167e-02 9.701806282314694441e-01 1.307480934264403061e+01 -1.777501578714920294e-03 9.979870790768675670e-01 6.339266863497082516e-02 5.380230062008986014e-01 -9.721079293957031187e-01 -1.659180494392312188e-02 2.339463648602413404e-01 7.073695363704539218e+00
2.241597261228531757e-01 -6.475605319260771542e-02 9.723986089558709356e-01 1.385906232156332152e+01 -3.625452492598864838e-03 9.977276434424831031e-01 6.727856683718244635e-02 5.815389711340074319e-01 -9.745456839109818414e-01 -1.860652921918620403e-02 2.234155839468053573e-01 7.260935925074193165e+00
2.117836991569591043e-01 -6.872705311302351738e-02 9.748970411165899241e-01 1.462698077156767162e+01 -3.456116195104452955e-03 9.974654250857866167e-01 7.106884664936546914e-02 6.179909159020799958e-01 -9.773104608364957535e-01 -1.842057982463733007e-02 2.110093874632111843e-01 7.372148590400352752e+00
1.988819597759268198e-01 -7.104163375879536668e-02 9.774451575810590986e-01 1.545631268734033092e+01 -4.613465164610611353e-03 9.972902400750112140e-01 7.342270039680059979e-02 6.641971322323401150e-01 -9.800126014075857261e-01 -1.911185886670688228e-02 1.980152879442538816e-01 7.572084494874663285e+00
1.849215016187239768e-01 -7.170561096266016288e-02 9.801338312770572214e-01 1.626913460673283751e+01 -5.243063991772079456e-03 9.972483972583613410e-01 7.394690249894377010e-02 7.021994302985992142e-01 -9.827393171620366630e-01 -1.881327577577774843e-02 1.840367126325711811e-01 7.740302100010479691e+00
1.710628714399514416e-01 -7.087614664179824053e-02 9.827075095688563300e-01 1.703155745307259750e+01 -7.016361569483169427e-03 9.972962911605881553e-01 7.314969757804888617e-02 7.400224879515473475e-01 -9.852351403237383787e-01 -1.940822764685006668e-02 1.701030731988082967e-01 7.856988007555851361e+00
1.538306474672477830e-01 -6.987853333856809679e-02 9.856232068418764314e-01 1.782101059386421937e+01 -8.527031572823348671e-03 9.973651585441278833e-01 7.204186426966292800e-02 7.797943620002503184e-01 -9.880604428625101576e-01 -1.948668595598428491e-02 1.528294702638922642e-01 7.962122960290739293e+00
1.336900603758408301e-01 -6.880922007583954725e-02 9.886314997228621282e-01 1.859591251669102263e+01 -1.073856718738103871e-02 9.974275009162771877e-01 7.087357440767035055e-02 8.228745961426943145e-01 -9.909650186164369323e-01 -2.009157735342329693e-02 1.326072290047300151e-01 8.074997481391227083e+00
1.082698121657436341e-01 -6.717758453163699683e-02 9.918491836050015165e-01 1.943141876495176490e+01 -1.519884375525932044e-02 9.974857402091888980e-01 6.921844550204915569e-02 8.631019884196835523e-01 -9.940053622507178943e-01 -2.256922801018175842e-02 1.069765707346015254e-01 8.160779290231570116e+00
7.774560801649693653e-02 -6.671449431940117136e-02 9.947385483857907884e-01 2.027800613075229563e+01 -1.937247409309899443e-02 9.974690694771956023e-01 6.841171437248096121e-02 9.077241003081877313e-01 -9.967850044009320953e-01 -2.458925624731475926e-02 7.625641308276130681e-02 8.229727838221657876e+00
4.571036083654340942e-02 -6.658530211755246675e-02 9.967331354478493610e-01 2.108744401618857012e+01 -2.233401374553989696e-02 9.974585636176952486e-01 6.765800531067903134e-02 9.476485079315789539e-01 -9.987050475907633951e-01 -2.535372254588274393e-02 4.410707241841748533e-02 8.251190933674362071e+00
1.097638037577160740e-02 -6.583258909511904844e-02 9.977703002417062095e-01 2.195131534547772034e+01 -2.421719222084824791e-02 9.975202406880544492e-01 6.608250155523806568e-02 9.842541687243213655e-01 -9.996464695092119879e-01 -2.488854098010242002e-02 9.354879736903432344e-03 8.234021242192678613e+00
-2.313581716415985881e-02 -6.486127228029783809e-02 9.976260481932978097e-01 2.283399065242880965e+01 -2.533462654405149728e-02 9.976107311952487899e-01 6.427274461381266013e-02 1.017928370939927829e+00 -9.994112806726307419e-01 -2.378748003439901115e-02 -2.472377698127781187e-02 8.203483841664860776e+00
-5.632685027903593794e-02 -6.277404176557527249e-02 9.964369966646655641e-01 2.368439083755826857e+01 -2.790274264715693689e-02 9.977306317701768457e-01 6.127824563671757652e-02 1.056839230164686949e+00 -9.980224146145496578e-01 -2.435171365995434170e-02 -5.795059323822601000e-02 8.198311721664495622e+00
-8.833305305988618794e-02 -5.963329242064752123e-02 9.943043421933038806e-01 2.451527979383442357e+01 -2.938355608956912460e-02 9.979279357663684014e-01 5.724021021438278900e-02 1.093565081562911656e+00 -9.956575191439959172e-01 -2.415999402741736413e-02 -8.990226088132086124e-02 8.137150462061025991e+00
-1.209922254358632571e-01 -5.508173797364811913e-02 9.911240418449562828e-01 2.537217150480586625e+01 -2.732019757532581916e-02 9.982658269538970952e-01 5.214350927091172122e-02 1.118764507658378315e+00 -9.922774335266953960e-01 -2.076874453235327822e-02 -1.222872493289233892e-01 7.992832590027378892e+00
-1.528726057391894544e-01 -4.996331620810672003e-02 9.869820749866944354e-01 2.615523161554842702e+01 -2.289774462648255446e-02 9.986321074000633624e-01 4.700646099851518017e-02 1.135102139248391984e+00 -9.879806052803441485e-01 -1.541366239575482806e-02 -1.538075410684363598e-01 7.851607803023047616e+00
-1.820860958982148947e-01 -4.424026616026296987e-02 9.822868397524414652e-01 2.698115438547375788e+01 -1.649024356642615069e-02 9.989842271782058969e-01 4.193549478695218768e-02 1.160608173741672688e+00 -9.831443139456045310e-01 -8.562277727965248927e-03 -1.826306719299081727e-01 7.664464503159917008e+00
-2.130299850150854934e-01 -3.837854539796475839e-02 9.762916039394723411e-01 2.780680157673478092e+01 -1.090875639679181851e-02 9.992593798242506153e-01 3.690109574834300049e-02 1.167050251086902746e+00 -9.769847699737481683e-01 -2.789086372467872599e-03 -2.132908742800629920e-01 7.505829661582787082e+00
-2.409709620851956668e-01 -3.167470808028644003e-02 9.700153048604914785e-01 2.867343034445032757e+01 -1.817894300097254575e-03 9.994802673498812684e-01 3.218525167745144716e-02 1.195632238632120981e+00 -9.705306314971551274e-01 5.992326873745216879e-03 -2.409033042395369861e-01 7.267588002170715100e+00
-2.672154156526042046e-01 -2.163592531109208641e-02 9.633938924092575462e-01 2.943388727849461262e+01 4.304211217014711384e-03 9.997111428286188373e-01 2.364539389213769077e-02 1.192433091959626212e+00 -9.636272158450027714e-01 1.046506569150356877e-02 -2.670451043227385357e-01 7.048532311796267713e+00
-2.926976719494284729e-01 -6.767418726979861597e-03 9.561810804720742851e-01 3.017875952395849382e+01 8.408528606636357650e-03 9.999180748813009112e-01 9.650914702133205764e-03 1.191701958299471675e+00 -9.561680735695234912e-01 1.086487735905131494e-02 -2.926167899668287720e-01 6.798113520966535539e+00
-3.169196076733971079e-01 9.988585220339983584e-03 9.483997967335813239e-01 3.098059648327374305e+01 8.687571213328679209e-03 9.999331655200015545e-01 -7.628275367197490629e-03 1.159435243694789452e+00 -9.484126230311249461e-01 5.821741798787641135e-03 -3.169852043948940268e-01 6.475151962430535590e+00
-3.410331594602203364e-01 2.424361807095787996e-02 9.397385888618925431e-01 3.174808655610237551e+01 7.274436077098453933e-03 9.997055193009781737e-01 -2.315075043281249884e-02 1.127862880560048353e+00 -9.400231282116219278e-01 -1.059104286060682902e-03 -3.411090917491595986e-01 6.164892845778496167e+00
-3.668074866751361296e-01 3.547108166277242181e-02 9.296203820105077842e-01 3.251097472742100081e+01 1.155122215254843730e-02 9.993694586946952896e-01 -3.357460753206270576e-02 1.095425420204811484e+00 -9.302251617111798598e-01 -1.577164889764719625e-03 -3.669859350572202694e-01 5.911931814918815142e+00
-3.911070522191108512e-01 4.029219059989262719e-02 9.194627768137704216e-01 3.335010692134252253e+01 1.597927044040193395e-02 9.991879144963748960e-01 -3.698884166176685112e-02 1.050665985745826925e+00 -9.202064718119530307e-01 2.257485147604402272e-04 -3.914332809575024053e-01 5.597808507849313386e+00
-4.144754984337300496e-01 3.965145886870993092e-02 9.091962429395498146e-01 3.405835026233449980e+01 1.728992909309005552e-02 9.992131434356525954e-01 -3.569527003379036750e-02 1.000532749324458459e+00 -9.098962211931275190e-01 9.251247044532389481e-04 -4.148349378604256898e-01 5.249317422427870916e+00
-4.333635808854706672e-01 3.643501612237117632e-02 9.004823606188474550e-01 3.483349986567498036e+01 2.142559590220129498e-02 9.993165471392703170e-01 -3.012278896582344309e-02 9.708100866041865507e-01 -9.009644632790454466e-01 6.239252499345953294e-03 -4.338480405072113189e-01 4.834496819808274282e+00
-4.511907008436594202e-01 3.480132057718121619e-02 8.917487343623600182e-01 3.555255027496841080e+01 2.866324616020468272e-02 9.992889373942743791e-01 -2.449567050119774714e-02 9.472736772126540972e-01 -8.919671423207325978e-01 1.450819583187436604e-02 -4.518673960831755543e-01 4.401086509145593517e+00
-4.668198116288815869e-01 3.565896510940473607e-02 8.836332313766057656e-01 3.626048255309621737e+01 3.259183942372542719e-02 9.992016563695144127e-01 -2.310458523018426094e-02 8.946690950408097143e-01 -8.837516893291157416e-01 1.801355537410216645e-02 -4.676093215158339533e-01 4.084242346546774982e+00
-4.778060098491879182e-01 3.869793440364798637e-02 8.776125984253642098e-01 3.695932815572951569e+01 3.517488906541237775e-02 9.990708517165047819e-01 -2.490301935551880383e-02 8.392415713085696893e-01 -8.777608768082845181e-01 1.897111459536873421e-02 -4.787232540021468807e-01 3.701482423079688111e+00
-4.873381234943950369e-01 4.163782242953052021e-02 8.722200590324471481e-01 3.769384316052894235e+01 3.663497811099026419e-02 9.989579638265911887e-01 -2.721883221103624934e-02 7.985756053422270462e-01 -8.724445222025568603e-01 1.868898926341644104e-02 -4.883557014841674593e-01 3.294020324968397251e+00
-4.978094987797733739e-01 4.081885255833186260e-02 8.663252914559720352e-01 3.840794533789114951e+01 3.039494738697040566e-02 9.990993157914863643e-01 -2.960919293972761115e-02 7.395751914254106163e-01 -8.667536342433462826e-01 1.159217519461558550e-02 -4.986018177224910142e-01 2.891500129178909972e+00
-5.086186727776933481e-01 3.966532893025107032e-02 8.600777255442386693e-01 3.909346337479306754e+01 2.865068166314919604e-02 9.991647433914424559e-01 -2.913681442087917572e-02 7.319283820718738287e-01 -8.605150761744047028e-01 9.822286257731665388e-03 -5.093302855944714658e-01 2.466487560265415713e+00
-5.165759653245728389e-01 4.099167704339812257e-02 8.552595753305343163e-01 3.976309436506193862e+01 3.075305352334318024e-02 9.990971545338857007e-01 -2.931084183558339828e-02 6.879329113367830262e-01 -8.556889234868175764e-01 1.116056810585706882e-02 -5.173701975000976061e-01 2.025300860598975738e+00
-5.245297341408852176e-01 4.392440615033817164e-02 8.502583086460321349e-01 4.042081178236922767e+01 3.492682631954267813e-02 9.989377340271816674e-01 -3.005861410265027456e-02 6.497895150873537196e-01 -8.506754296900828072e-01 1.393018845357545631e-02 -5.255066853563102880e-01 1.610055010767633910e+00
-5.294236691533888983e-01 4.736310877445589623e-02 8.470344157320250922e-01 4.113973231816409992e+01 3.559181702534664621e-02 9.988013006854159492e-01 -3.360333687997603402e-02 6.114637461381218220e-01 -8.476106493430193289e-01 1.235709305756567053e-02 -5.304747896600265911e-01 1.215261629642308661e+00
-5.280533395526243456e-01 4.850632500645483264e-02 8.478247424831060197e-01 4.186148631327290559e+01 3.474167142058368768e-02 9.987654867661072133e-01 -3.550378362239836605e-02 5.608908463998184546e-01 -8.485002643845200865e-01 1.070695812718680182e-02 -5.290866427178697595e-01 7.263674058353010166e-01
-5.258080005701807336e-01 4.937413764297528956e-02 8.491690809109930793e-01 4.257182601290386970e+01 3.713206802414813906e-02 9.986945943538656500e-01 -3.507587018780626564e-02 5.246409553234222534e-01 -8.497924263639384801e-01 1.308823193707983612e-02 -5.269549728730331672e-01 3.064362137377030226e-01
-5.197208047448035328e-01 4.837424674299652810e-02 8.529655351573677269e-01 4.337251559105060039e+01 3.560555708929771801e-02 9.987546811096703614e-01 -3.494754933823043114e-02 4.782992253337370880e-01 -8.535938972265935121e-01 1.220734561920594832e-02 -5.207959798162327125e-01 -1.549026094424069966e-01
-5.123298520431256442e-01 4.717583064826764983e-02 8.574920118448857709e-01 4.409666868405420104e+01 3.345950294307072775e-02 9.988284299966555535e-01 -3.496039237398268495e-02 4.370015695544325340e-01 -8.581367003414346328e-01 1.078000486067846007e-02 -5.133081028105063170e-01 -5.952968812506080898e-01
-5.056490572712571963e-01 4.649183172132606567e-02 8.614856510814811186e-01 4.487389944448456447e+01 3.187206683994733142e-02 9.988719698500797550e-01 -3.519885150041535821e-02 3.951496711504662862e-01 -8.621503433083594903e-01 9.659063186921754834e-03 -5.065604618724740549e-01 -1.018779755456462155e+00
-4.992536983692079100e-01 4.509766513136103522e-02 8.652814176386594003e-01 4.566566835803140378e+01 2.881273975090846429e-02 9.989563651369895991e-01 -3.544018239646974655e-02 3.475465328218956262e-01 -8.659766642613281329e-01 7.237487159201374219e-03 -5.000320483129930826e-01 -1.478112020733310272e+00
-4.946850695180476931e-01 4.305363355565865885e-02 8.680052148469228346e-01 4.652488583011216861e+01 2.493218969122536210e-02 9.990641159009784333e-01 -3.534512964844401667e-02 3.040106258515954396e-01 -8.687146138717095623e-01 4.156563721235261889e-03 -4.952955242097558664e-01 -1.947073999294213209e+00
-4.925455281990482881e-01 3.999320277516758837e-02 8.693672599719425298e-01 4.734739792731621577e+01 1.992196777134378621e-02 9.991999233808624981e-01 -3.467893131936348322e-02 2.651095010555227227e-01 -8.700586361494728749e-01 2.385549266623536555e-04 -4.929481985598402338e-01 -2.421282250663704616e+00
-4.930821948572086111e-01 3.762307430690317589e-02 8.691688211895175487e-01 4.818408418266251658e+01 1.764278558479812076e-02 9.992914405706430081e-01 -3.324678758873646917e-02 2.320151223759611969e-01 -8.698038248434389885e-01 -1.058838921291702529e-03 -4.933965938760316861e-01 -2.884992966640663958e+00
-4.941803969845247058e-01 3.625531843998486270e-02 8.686030586352379013e-01 4.901396243500564509e+01 1.578255346215781327e-02 9.993395142917860241e-01 -3.273295205782058431e-02 1.864656340547411473e-01 -8.692161173758652382e-01 -2.467208118843221536e-03 -4.944262006199908188e-01 -3.345219107972294825e+00
-4.949982365093464343e-01 3.590576905367887789e-02 8.681517770319039373e-01 4.990952621881403672e+01 1.601078166584605014e-02 9.993530963943385581e-01 -3.220316081516722689e-02 1.360310301303854219e-01 -8.687464608109831676e-01 -2.040718341580008595e-03 -4.952529010169451906e-01 -3.848172017933281008e+00
-4.953954066114072963e-01 3.515840965526063899e-02 8.679557959404601286e-01 5.080069557672671721e+01 1.591875902523655698e-02 9.993802429129757803e-01 -3.139622836837312886e-02 9.583476708637783670e-02 -8.685217306785806279e-01 -1.736767238245847268e-03 -4.956480612706749000e-01 -4.317888007670955375e+00
-4.941045368004897687e-01 3.428151240997026616e-02 8.687263498740530610e-01 5.166502458996386338e+01 1.583012010224102775e-02 9.994113888789808442e-01 -3.043489849672324776e-02 3.936926612577807544e-02 -8.692583772823599952e-01 -1.285978044262527792e-03 -4.943563830573053930e-01 -4.874605231074187195e+00
-4.954144072458128156e-01 3.376915001270042876e-02 8.680001128841385860e-01 5.261038978738497462e+01 1.524589104185917858e-02 9.994281821865865778e-01 -3.018064658977123726e-02 -1.902861053346192877e-02 -8.685229647750840609e-01 -1.718491073829073006e-03 -4.956459624666856301e-01 -5.364788395895159212e+00
-4.961188739280031346e-01 3.250773029882803727e-02 8.676458360294483363e-01 5.350299248737140800e+01 1.401877323987313177e-02 9.994685110311716247e-01 -2.943075648535555325e-02 -5.522569391690901330e-02 -8.681414339612621989e-01 -2.437822623166398771e-03 -4.963109119405016978e-01 -5.820145611231025917e+00
-4.957492189298507990e-01 3.175055852827596281e-02 8.678851308396207109e-01 5.440915734425748695e+01 1.340746921484924602e-02 9.994921924062727392e-01 -2.890669581037630387e-02 -1.112965704978761822e-01 -8.683622309487178947e-01 -2.694327782358559714e-03 -4.959231695697735587e-01 -6.338034007848150075e+00
-4.958449374141364330e-01 3.088907013592678483e-02 8.678615383551967488e-01 5.528102671816420610e+01 1.215205996188013088e-02 9.995161517973425447e-01 -2.863197009702279222e-02 -1.623541279418687922e-01 -8.683260550725927507e-01 -3.650711062589053358e-03 -4.959803907865162342e-01 -6.830836565619325285e+00
-4.944897159088220695e-01 2.967096192918578304e-02 8.686768911535188709e-01 5.619622917978733767e+01 1.199227759539382709e-02 9.995549456435509628e-01 -2.731475599392827261e-02 -2.106648581090496963e-01 -8.691007528483435385e-01 -3.089450600036935165e-03 -4.946254647412374195e-01 -7.321131079902703398e+00
-4.914801964106300103e-01 2.745604706579493973e-02 8.704558393791953508e-01 5.710587458976546316e+01 1.212329265436518436e-02 9.996217638942466177e-01 -2.468511499086066194e-02 -2.637109398140655703e-01 -8.708043723065594932e-01 -1.579453351828379124e-03 -4.916271597738456345e-01 -7.886761788111566140e+00
-4.889340563009135221e-01 2.619819208398064050e-02 8.719272501599718561e-01 5.799848260785220333e+01 1.279949816201543869e-02 9.996567683528967407e-01 -2.285865941591212064e-02 -3.088593321939890335e-01 -8.722268477851927715e-01 -1.614488888028479334e-05 -4.891015635979261145e-01 -8.380569668218585733e+00
-4.863679931245309951e-01 2.536971516243055960e-02 8.733856759903677602e-01 5.887403741770338428e+01 1.219522312179910535e-02 9.996781227009146065e-01 -2.224696618830207528e-02 -3.663885141763957298e-01 -8.736689672895144865e-01 -1.690781626777733751e-04 -4.865208328744956567e-01 -8.885086137422911534e+00
-4.841883704984957792e-01 2.586798710305358157e-02 8.745813028481215223e-01 5.979959409087747702e+01 1.290592403277933398e-02 9.996652749592858100e-01 -2.242264798377122462e-02 -4.117935888599774108e-01 -8.748686025022125445e-01 4.304954169155118565e-04 -4.843601520336744959e-01 -9.387374712528657739e+00
-4.834870213706732867e-01 2.625893396105035554e-02 8.749575730953459418e-01 6.071311577445753471e+01 1.302491177851777641e-02 9.996551059832422537e-01 -2.280396306959052780e-02 -4.552566094459331580e-01 -8.752546283778157576e-01 3.708259704015560683e-04 -4.836622911194063401e-01 -9.866866208635286739e+00
-4.834861275313457885e-01 2.738995741029504050e-02 8.749233914364906717e-01 6.158983012047440297e+01 1.222212713556350937e-02 9.996241386247767258e-01 -2.453978534475359519e-02 -4.974879932962081308e-01 -8.752667003557248471e-01 -1.171219926879575081e-03 -4.836391685436047805e-01 -1.034748752247093861e+01
-4.874784603406054351e-01 2.943595185666936231e-02 8.726386776173181703e-01 6.245926225485367667e+01 1.148629104790587982e-02 9.995612700144490548e-01 -2.730077990355319478e-02 -5.431724421765595778e-01 -8.730594644185736275e-01 -3.285159409316060816e-03 -4.876027000613039064e-01 -1.078760204740359185e+01
-4.915621049445687007e-01 2.991781110044606368e-02 8.703284482651053588e-01 6.338822468038182478e+01 1.010267481746012982e-02 9.995383515326604629e-01 -2.865344232586888515e-02 -5.951392465920509744e-01 -8.707839258174047137e-01 -5.292300233480055384e-03 -4.916374271939900065e-01 -1.129868899835852858e+01
-4.967688543721026084e-01 2.842610114414180142e-02 8.674172286050538805e-01 6.425871340900781092e+01 9.945567999020290748e-03 9.995842933148019194e-01 -2.706152650010416882e-02 -6.311234556006346530e-01 -8.678259061745537961e-01 -4.816365590241465482e-03 -4.968450591809528971e-01 -1.180398047402705686e+01
-5.014029208005766902e-01 2.628855127876429318e-02 8.648144364772623049e-01 6.513163247553877966e+01 1.279717658412723308e-02 9.996542955197190716e-01 -2.296784050965321525e-02 -6.986529073547542712e-01 -8.651192724827779790e-01 -4.489583241173093330e-04 -5.015660040143208320e-01 -1.233206074500263227e+01
-5.076873596712850878e-01 2.435518163792946972e-02 8.611970485987883173e-01 6.600315870188491374e+01 1.049941218006342908e-02 9.997010156098374845e-01 -2.208261111923228229e-02 -7.351536999454248988e-01 -8.614774050426190488e-01 -2.168998833636003216e-03 -5.077912853780619518e-01 -1.281672675052454835e+01
-5.123655552961923210e-01 2.640738632318580248e-02 8.583613308701943945e-01 6.680919636731088929e+01 1.125597484810547319e-02 9.996477434097102988e-01 -2.403522634940178856e-02 -7.856355717283194373e-01 -8.586936898067681900e-01 -2.653127633655761024e-03 -5.124823132368331313e-01 -1.329369395040782642e+01
-5.176710894245288852e-01 2.860957019272519081e-02 8.551012351767252051e-01 6.760866120361880860e+01 1.176312621162588397e-02 9.995842958458335259e-01 -2.632231635358939226e-02 -8.227097768537805500e-01 -8.554988510068165519e-01 -3.567637531530032900e-03 -5.177924305906860258e-01 -1.379368465034141167e+01
-5.219278673460130413e-01 2.900467134852258502e-02 8.524963443529494089e-01 6.849945177781292216e+01 1.044639100272963528e-02 9.995641095963874179e-01 -2.761274527747554705e-02 -8.713758491505578796e-01 -8.529256627413266401e-01 -5.506350234459771176e-03 -5.220033593348528678e-01 -1.433911264399947960e+01
-5.264442569276293060e-01 2.943117124378153565e-02 8.497000867330436469e-01 6.930490251726494932e+01 9.518761117628685153e-03 9.995420640758421182e-01 -2.872377605739207321e-02 -9.179723058939437408e-01 -8.501563676233827582e-01 -7.033373933603157338e-03 -5.264833286746271046e-01 -1.481506608866850172e+01
-5.292023860940400226e-01 2.792582970335229231e-02 8.480359482482344724e-01 7.013709890299367089e+01 8.946612616083760017e-03 9.995863360596382030e-01 -2.733340206060729319e-02 -9.808161872760527977e-01 -8.484484689709987926e-01 -6.877851614004778374e-03 -5.292333169234302304e-01 -1.536484639987600964e+01
-5.322667885974509128e-01 2.160218439139923244e-02 8.463010093136849044e-01 7.098161083896317791e+01 1.037097730287334617e-02 9.997657551033505285e-01 -1.899678221438578021e-02 -1.029616684085300049e+00 -8.465131542685070398e-01 -1.334386786952642496e-03 -5.323661447730431151e-01 -1.586084407268099383e+01
-5.341718631375501625e-01 1.468075846686443808e-02 8.452484149458937557e-01 7.184447139776347058e+01 1.258469796843056203e-02 9.998765002155347581e-01 -9.413271098769569745e-03 -1.040712896374558216e+00 -8.452822355481487415e-01 5.608892434081652438e-03 -5.342906471274186941e-01 -1.637641312820640138e+01
-5.360988773300111587e-01 1.202133834170381749e-02 8.440695872895046525e-01 7.266402612580942844e+01 1.294580192407992526e-02 9.998980878064570588e-01 -6.018321341144587493e-03 -1.066746231385200749e+00 -8.440559292040400452e-01 7.700743377693917285e-03 -5.361998693692552331e-01 -1.692073764864630192e+01
-5.368927178268545486e-01 1.617754006774367245e-02 8.434953964294510387e-01 7.350599514952985203e+01 1.195015655007502023e-02 9.998616533842251686e-01 -1.157012663076893884e-02 -1.121210183847076047e+00 -8.435658924917659451e-01 3.867986270592183549e-03 -5.370117658589015353e-01 -1.741249083444670731e+01
-5.383404266024591767e-01 2.077190540448311043e-02 8.424714239180800535e-01 7.423218485066709604e+01 1.180326488683964420e-02 9.997839714013119217e-01 -1.710828591508119570e-02 -1.166680280599197816e+00 -8.426448122834455656e-01 7.338323717853569668e-04 -5.384693071612519644e-01 -1.791185699924263020e+01
-5.393569363455912313e-01 2.616006039653429038e-02 8.416707988093197201e-01 7.507260076992028530e+01 1.812454574765188023e-02 9.996464277213233940e-01 -1.945559957180450009e-02 -1.198764335518190949e+00 -8.418821815867516545e-01 4.761389283952126121e-03 -5.396403750806541000e-01 -1.846471673265775948e+01
-5.390279463169675989e-01 2.726618078593918276e-02 8.418464323037654351e-01 7.577691665009768940e+01 2.178593467707803238e-02 9.995928451476759902e-01 -1.842598555220630388e-02 -1.228887236022566443e+00 -8.420060912821787369e-01 8.408291230339145356e-03 -5.394024988917164309e-01 -1.895122611954616332e+01
-5.387107630337352182e-01 2.442360419399411051e-02 8.421366803840346638e-01 7.660052518836283753e+01 2.155880736961118815e-02 9.996520163507759404e-01 -1.520078929323935568e-02 -1.269849093262578332e+00 -8.422149032400516599e-01 9.966634687997756245e-03 -5.390498454599372824e-01 -1.942059450967015977e+01
-5.377100990718716167e-01 1.925252101857860554e-02 8.429099458806962319e-01 7.742988880594685952e+01 1.975250641946255797e-02 9.997525176763413235e-01 -1.023434695033737310e-02 -1.282545595173159469e+00 -8.428983921515473821e-01 1.114647343502845472e-02 -5.379573120580420920e-01 -1.998152311399506331e+01
-5.367160613214230214e-01 1.349890322949102300e-02 8.436549271953133200e-01 7.825143358062929622e+01 1.822952547196178899e-02 9.998241448071704118e-01 -4.400435351777243903e-03 -1.316159372430106389e+00 -8.435659817628946566e-01 1.301764570708847761e-02 -5.368677568017387047e-01 -2.049994927705015613e+01
-5.368018080781686852e-01 6.833406538531609266e-03 8.436806922311248513e-01 7.904795337354181584e+01 9.090762164177205312e-03 9.999559983065020585e-01 -2.315054724955319283e-03 -1.343606085120303995e+00 -8.436594031748950728e-01 6.426975949971010411e-03 -5.368403099488325836e-01 -2.100755823155956037e+01
-5.360147098068194227e-01 1.717219375277072952e-03 8.442068875898653957e-01 7.981268451067862202e+01 6.924487168156061344e-04 9.999984891070116122e-01 -1.594458372477969678e-03 -1.372333260014992673e+00 -8.442083647354794440e-01 -2.700822267719068018e-04 -5.360150902179596777e-01 -2.145400873272702569e+01
-5.336320923290792662e-01 2.276050992412319805e-03 8.457136611242836999e-01 8.065843194776263658e+01 4.014813502707170918e-03 9.999919281226884449e-01 -1.579706945050572578e-04 -1.386819726871625580e+00 -8.457072088227167717e-01 3.311085366539745674e-03 -5.336369240245475432e-01 -2.193505329767970125e+01
-5.298274925527709511e-01 6.394956746400041851e-03 8.480813166104063106e-01 8.145973585187228139e+01 1.006875247652649560e-02 9.999485277895138191e-01 -1.249791012137281294e-03 -1.408799442247215206e+00 -8.480456710399240094e-01 7.876948232244366035e-03 -5.298646115890198738e-01 -2.245430788556791057e+01
-5.250232907224346990e-01 8.133461889280759957e-03 8.510489867417754262e-01 8.227689160845227434e+01 9.451218269418328738e-03 9.999483946978409143e-01 -3.725909054056522184e-03 -1.434996377015230085e+00 -8.510353873812320780e-01 6.087261697266566594e-03 -5.250730690566226544e-01 -2.294789797914450702e+01
-5.167430725904224031e-01 9.869685943411322590e-03 8.560836249602564729e-01 8.308316942728127685e+01 1.448069766942678728e-02 9.998912653943990980e-01 -2.786890446836491186e-03 -1.455576446613899400e+00 -8.560180596089561611e-01 1.095658286569162546e-02 -5.168298058780577131e-01 -2.342632135743602717e+01
-5.084535308322941649e-01 1.321370972672872117e-02 8.609880320990179747e-01 8.387230419519447366e+01 2.300304086554744859e-02 9.997338481161848200e-01 -1.758693768592113323e-03 -1.487072911101480654e+00 -8.607821323008512104e-01 1.891112995048183781e-02 -5.086221616831694270e-01 -2.391323128233037920e+01
-4.988765974773361478e-01 1.286276744789443052e-02 8.665775649653965074e-01 8.462885663928304325e+01 2.183126407544084407e-02 9.997590887210096033e-01 -2.271649719716978006e-03 -1.498787136004733123e+00 -8.663980313738213201e-01 1.778521189352222365e-02 -4.990372241699878586e-01 -2.435394073242607504e+01
-4.874692506032899386e-01 1.046601009804867290e-02 8.730774184225136292e-01 8.551052548418451238e+01 1.787310813352153971e-02 9.998382501252421894e-01 -2.006380323588935477e-03 -1.528835558600029065e+00 -8.729572121830631026e-01 1.462655948690320951e-02 -4.875774638709869380e-01 -2.483098970999776967e+01
-4.760372242960272948e-01 6.982133380606475766e-03 8.793974055705806592e-01 8.633252839593572503e+01 1.865746578477458367e-02 9.998235980407693679e-01 2.161420636554787882e-03 -1.555841563339626976e+00 -8.792272020560635282e-01 1.743624481014083988e-02 -4.760835205480668519e-01 -2.525421222606379601e+01
-4.646562505435568591e-01 5.598519194634981461e-03 8.854734390501939334e-01 8.707352137123507418e+01 1.867620693385743311e-02 9.998195318362584905e-01 3.478939610999378165e-03 -1.561201788054297657e+00 -8.852941777180545202e-01 1.815379735375593356e-02 -4.646769552311341145e-01 -2.567512203696848871e+01
-4.528140718419532140e-01 4.466853865991887371e-03 8.915937691740206672e-01 8.794324794012882762e+01 1.793110046480971345e-02 9.998308285002432960e-01 4.097558439062168843e-03 -1.577831207144900771e+00 -8.914246491737249922e-01 1.784269070872637059e-02 -4.528175654651271920e-01 -2.608916009668485714e+01
-4.403643439324805287e-01 6.624369069340415965e-03 8.977947136286291707e-01 8.878937599336222775e+01 2.213164745867529995e-02 9.997490124143065815e-01 3.478838841359004324e-03 -1.590051376228895030e+00 -8.975463487470235480e-01 2.140163385032296459e-02 -4.404004274123277107e-01 -2.650633721628780748e+01
