1.0 0.0 0.0 0.0 0.0 1.0 0.0 0.0 0.0 0.0 1.0 0.0
0.9999324 0.011511257 0.001667031 0.30322266 -0.011506002 0.99992895 -0.0031287463 -0.0072021484 -0.0017029099 0.0031093585 0.99999374 0.0087890625
0.99983627 0.018021477 0.0015986395 0.5878906 -0.018013665 0.9998263 -0.0047754496 -0.020263672 -0.0016844311 0.0047458727 0.9999873 0.010498047
0.9998055 0.019714337 0.00050496147 0.890625 -0.019709915 0.9997766 -0.0076281317 -0.030761719 -0.00065521966 0.0076166913 0.9999708 0.014038086
0.99982893 0.018474039 -0.0009184028 1.1989746 -0.018481415 0.99979043 -0.008801155 -0.03564453 0.0007555721 0.0088166185 0.99996084 0.01586914
0.99992245 0.012306679 -0.0019173196 1.517456 -0.012325313 0.99987376 -0.010031178 -0.03918457 0.0017936851 0.01005403 0.99994785 0.014404297
0.9999938 -0.00044142728 -0.0034964357 1.836792 0.00039760803 0.99992156 -0.012517172 -0.03491211 0.0035016893 0.012515704 0.9999155 0.016479492
0.99985933 -0.01630752 -0.003941671 2.173584 0.016260838 0.99980056 -0.011600397 -0.022827148 0.0041299807 0.011534686 0.99992496 0.022705078
0.99937636 -0.035082955 -0.0040829424 2.5196533 0.035050686 0.999356 -0.007720455 0.008666992 0.0043511335 0.0075725154 0.99996185 0.02746582
0.99846315 -0.055207837 -0.004853439 2.864624 0.055196103 0.99847245 -0.0025195172 0.046875 0.0049850973 0.0022477743 0.99998504 0.02746582
0.99719185 -0.07469598 -0.005459983 3.2279053 0.074685864 0.9972055 -0.0020346139 0.084472656 0.005596689 0.0016210747 0.999983 0.032104492
0.9954814 -0.09485031 -0.004704319 3.609253 0.094835274 0.9954884 -0.0033217915 0.13110352 0.004998128 0.0028605706 0.99998343 0.037231445
0.9931532 -0.11676693 -0.0039176745 3.998169 0.116745576 0.99314934 -0.0052978876 0.18078613 0.0045094304 0.004804274 0.9999783 0.03894043
0.9911257 -0.13286838 -0.003283591 4.3948975 0.13285911 0.99112815 -0.0028991473 0.24719238 0.0036397243 0.0024370884 0.9999904 0.04675293
0.98874193 -0.14957763 -0.0027747466 4.810669 0.14957061 0.98874354 -0.0025850518 0.319458 0.0031302862 0.002140806 0.9999928 0.049316406
0.9868056 -0.16184445 -0.0030269297 5.227661 0.16183747 0.9868084 -0.0024215668 0.40246582 0.0033789955 0.0018995861 0.9999925 0.05090332
0.9847657 -0.17385906 -0.0039692153 5.6676025 0.17384335 0.98476833 -0.004010508 0.48535156 0.004605921 0.0032593084 0.9999841 0.057128906
0.9829151 -0.18397638 -0.00534403 6.116333 0.18393542 0.98290986 -0.0073500276 0.5661621 0.006605228 0.0062414133 0.9999587 0.06652832
0.98143065 -0.19164559 -0.007010852 6.5821533 0.19160475 0.98144466 -0.006102425 0.6636963 0.0080506485 0.004645755 0.9999568 0.06982422
0.97996145 -0.19899382 -0.009306852 7.0670166 0.19894637 0.9799982 -0.005783106 0.77282715 0.01027135 0.0038159727 0.99994 0.068603516
0.9784733 -0.20608404 -0.011310303 7.5478516 0.20602663 0.97853214 -0.006039411 0.87890625 0.012311912 0.0035794405 0.9999178 0.07556152
0.97684246 -0.21358849 -0.012495502 8.047607 0.2134662 0.97689354 -0.010426696 0.9890137 0.014434034 0.0075172656 0.9998675 0.08166504
0.97503066 -0.22170845 -0.012455163 8.566162 0.22150618 0.9750282 -0.015790408 1.1014404 0.015645511 0.012637494 0.99979776 0.09667969
0.97315854 -0.2296807 -0.014264217 9.0946045 0.22944817 0.97318226 -0.016247563 1.2277832 0.01761389 0.01253903 0.99976635 0.11694336
0.9707654 -0.23923318 -0.019433923 9.621216 0.23901871 0.9709294 -0.012730302 1.3764648 0.02191424 0.007712682 0.99973017 0.111816406
0.9687308 -0.24704933 -0.023141239 10.171631 0.2468755 0.9689985 -0.010135735 1.5251465 0.024927203 0.004106558 0.99968094 0.12414551
0.9668 -0.2542835 -0.02482796 10.730713 0.2540473 0.96710265 -0.012296014 1.6774902 0.027138695 0.0055799317 0.9996162 0.14135742
0.964174 -0.26392713 -0.026026623 11.303711 0.2636138 0.96449614 -0.014877108 1.8353271 0.029029751 0.007481528 0.99955064 0.16687012
0.9622552 -0.27067405 -0.028642798 11.890747 0.27035344 0.96266073 -0.014601933 2.0067139 0.03152511 0.0063081295 0.99948305 0.18432617
0.95971245 -0.27910393 -0.032988325 12.481079 0.2787865 0.9602703 -0.013951793 2.1865234 0.03556984 0.0041932175 0.9993582 0.19946289
0.9574124 -0.2862276 -0.037540846 13.079346 0.28584734 0.95814 -0.0152485715 2.3729248 0.04033509 0.0038686113 0.9991791 0.22399902
0.9553585 -0.29202828 -0.045334935 13.693848 0.29158282 0.9564307 -0.01629011 2.5686035 0.048116017 0.0023475597 0.9988391 0.25671387
0.95351005 -0.2965358 -0.053767342 14.320801 0.2960771 0.9550254 -0.016486764 2.7696533 0.056237623 -0.00020132214 0.9984169 0.28344727
0.95197916 -0.29984552 -0.062185965 14.96228 0.29939902 0.95400447 -0.016594164 2.9746094 0.06430038 -0.0028196368 0.9979262 0.32263184
0.95001066 -0.30382535 -0.07191478 15.607178 0.3034305 0.95270985 -0.01661526 3.1956787 0.07356282 -0.0060373205 0.99727213 0.3585205
0.9482917 -0.30715385 -0.079641156 16.262207 0.3068675 0.95158523 -0.016119547 3.413086 0.080737874 -0.009157692 0.9966941 0.40808105
0.94603443 -0.3124221 -0.08627712 16.927734 0.3123631 0.9498671 -0.014525484 3.650879 0.08649052 -0.013198242 0.996167 0.4650879
0.943804 -0.317016 -0.093621075 17.606445 0.3172864 0.9482661 -0.012377685 3.8902588 0.09270082 -0.01802218 0.99552965 0.5303955
0.94208205 -0.3201964 -0.0995184 18.296753 0.32078427 0.9470682 -0.01048236 4.1309814 0.0976067 -0.022060525 0.99497926 0.5938721
0.93955 -0.3261045 -0.1046814 18.99878 0.32704958 0.9450004 -0.008496008 4.3895264 0.10169164 -0.026247889 0.9944683 0.6623535
0.9382926 -0.32894564 -0.10682065 19.702393 0.33007422 0.94392776 -0.007441935 4.654419 0.10328005 -0.028267888 0.9942529 0.7385254
0.93574166 -0.33633468 -0.10611834 20.439941 0.33758956 0.9412684 -0.0064478014 4.92395 0.10205609 -0.029792191 0.9943326 0.821167
0.9333126 -0.3435851 -0.10416613 21.163452 0.34472656 0.93865746 -0.0074036475 5.1968994 0.100322634 -0.028996063 0.9945347 0.897583
0.9315478 -0.34878057 -0.102571055 21.903687 0.34995165 0.9367142 -0.0069413166 5.480957 0.098500416 -0.029432558 0.9947025 0.98083496
0.92938435 -0.3554266 -0.099310115 22.64038 0.35657057 0.9342147 -0.0065848567 5.7686768 0.09511974 -0.029294789 0.995036 1.0617676
0.9253791 -0.36704713 -0.09470254 23.409058 0.36836267 0.9296837 -0.0038219765 6.0825195 0.089449055 -0.031344287 0.99549884 1.1333008
0.9229965 -0.374052 -0.090287104 24.166138 0.375418 0.9268465 -0.001982711 6.4023438 0.084426254 -0.032062687 0.9959148 1.2113037
0.9194031 -0.3835284 -0.08722551 24.913208 0.38511816 0.9228669 0.0015295779 6.731079 0.07991329 -0.03499279 0.9961887 1.2807617
0.916532 -0.39060658 -0.086408034 25.679932 0.39221528 0.9199101 0.0017989187 7.070801 0.07878625 -0.0355312 0.99625826 1.3502197
0.91244483 -0.4001343 -0.0861285 26.457886 0.4019134 0.91571426 0.0036689376 7.416748 0.07740412 -0.037953384 0.9962778 1.4249268
0.9088254 -0.40833825 -0.08532429 27.23169 0.4101068 0.91201895 0.0035536068 7.7735596 0.0763688 -0.03821224 0.9963493 1.4910889
0.904892 -0.41720375 -0.08418619 28.02246 0.4189692 0.90797937 0.0036776504 8.150879 0.074906245 -0.038600843 0.99644345 1.5527344
0.9016429 -0.42483267 -0.08139187 28.819214 0.4265544 0.90449035 0.00421769 8.527344 0.07182759 -0.038518563 0.99667245 1.6242676
0.89851135 -0.43211192 -0.07726871 29.620483 0.43366182 0.90107423 0.003693199 8.916138 0.06803161 -0.036817912 0.99700487 1.6907959
0.89489233 -0.44042182 -0.0724741 30.435059 0.44196814 0.89704245 0.006030011 9.325928 0.062356785 -0.037426207 0.9973515 1.7493896
0.8917686 -0.4474724 -0.0673791 31.252563 0.44883245 0.8936098 0.0057684695 9.744629 0.05762726 -0.035382487 0.9977109 1.8138428
0.88780355 -0.45558465 -0.0653213 32.057007 0.45685282 0.88953894 0.005134397 10.173462 0.05576683 -0.03440318 0.99785066 1.8718262
0.88504237 -0.46097103 -0.06448661 32.89453 0.4622598 0.8866985 0.00585165 10.6102295 0.054483972 -0.034992397 0.9979016 1.9246826
0.882505 -0.46606287 -0.062925875 33.729736 0.4672868 0.8840833 0.005475461 11.059448 0.053079333 -0.034240775 0.99800277 1.9735107
0.8789153 -0.47314146 -0.06035757 34.569336 0.47423884 0.8803828 0.0044798143 11.5164795 0.051021133 -0.032556262 0.9981676 2.0343018
0.876437 -0.47776884 -0.060473934 35.428833 0.47881866 0.87794214 0.003328267 11.990112 0.051505238 -0.031865373 0.99816483 2.0842285
0.87575597 -0.47884867 -0.060584985 36.296387 0.47986102 0.87729204 0.002501279 12.474365 0.051958285 -0.031267017 0.9981603 2.1368408
0.87355715 -0.48284853 -0.0609866 37.17102 0.4839054 0.8750942 0.0029689362 12.968506 0.051936563 -0.03210427 0.9981347 2.1895752
0.87385225 -0.48246372 -0.059960328 38.059082 0.48346686 0.8753497 0.0025657525 13.469482 0.051246554 -0.031230967 0.9981977 2.241211
0.87282515 -0.48459065 -0.057634555 38.962524 0.48554268 0.8741935 0.002915681 13.979614 0.048972115 -0.030536149 0.99833304 2.295044
0.87286603 -0.4846191 -0.056824543 39.87683 0.4855371 0.87420017 0.002725999 14.492554 0.04835714 -0.029971698 0.99838036 2.3481445
0.8728451 -0.48467863 -0.056439783 40.790894 0.48543623 0.8742471 -0.00032016146 15.009399 0.049500246 -0.027116701 0.9984064 2.4020996
0.87117803 -0.48764274 -0.056231897 41.727905 0.48832163 0.87260926 -0.0018939199 15.53772 0.049993582 -0.025815664 0.9984157 2.4639893
0.87122667 -0.48785797 -0.05412821 42.6593 0.48848578 0.8725528 -0.001851514 16.073364 0.04813288 -0.024825156 0.9985326 2.5079346
0.86853164 -0.49301213 -0.050020363 43.5968 0.49359688 0.8696392 -0.00076944707 16.610352 0.043877084 -0.024029493 0.9987474 2.5644531
0.86548775 -0.4989524 -0.045235235 44.512573 0.4994246 0.8663961 -0.0009833777 17.147583 0.03968393 -0.021734377 0.99897605 2.628296
0.8622931 -0.5046008 -0.042298168 45.446777 0.5049639 0.86311466 -0.0023988143 17.690063 0.037718374 -0.01929681 0.99910164 2.668213
0.8570503 -0.51351243 -0.04375487 46.369873 0.5138051 0.85797656 -0.0051333625 18.239624 0.04017518 -0.018080851 0.99902856 2.7214355
0.85184443 -0.52196735 -0.04516095 47.276733 0.5221923 0.8528686 -0.007594161 18.796997 0.04248048 -0.017102215 0.9989513 2.7841797
0.8453051 -0.5324599 -0.044461645 48.191406 0.5326356 0.84631735 -0.008778121 19.378296 0.042303644 -0.016259257 0.9989726 2.822754
0.8398965 -0.5410781 -0.04083534 49.10132 0.5413319 0.8407074 -0.0055280826 19.974976 0.037320882 -0.01747248 0.99915016 2.8688965
0.8357588 -0.54763705 -0.03761929 49.99463 0.54796624 0.8363877 -0.0018414492 20.57129 0.032472756 -0.019084962 0.9992901 2.9279785
0.82976854 -0.55662304 -0.040019654 50.889404 0.5570328 0.8304579 -0.0010910355 21.173462 0.03384157 -0.021391604 0.999198 2.9725342
0.82686704 -0.5606568 -0.044265043 51.778564 0.56108105 0.82775664 -0.0033369982 21.783691 0.03851462 -0.022073349 0.9990145 3.0129395
0.823796 -0.5646178 -0.051036134 52.654053 0.5650912 0.8250296 -0.0060049416 22.38977 0.04549525 -0.023892416 0.99867857 3.0667725
0.8200828 -0.56974655 -0.05272799 53.53076 0.5702548 0.8213993 -0.0063210847 23.011108 0.046913397 -0.024887493 0.998589 3.1228027
0.818075 -0.5730839 -0.04933053 54.40576 0.5735779 0.8192017 -0.0048888717 23.631836 0.04321207 -0.024299951 0.9987697 3.1739502
0.814964 -0.57790637 -0.043583173 55.29077 0.5783513 0.8158085 -0.0028771004 24.270264 0.037217826 -0.022862118 0.99904543 3.2264404
0.81149673 -0.5828921 -0.041485064 56.152832 0.5833574 0.8122219 -0.0010931995 24.91211 0.034329135 -0.023314489 0.9991383 3.2713623
0.80907446 -0.58611524 -0.042603396 57.028564 0.58665484 0.8098048 0.00020343252 25.54663 0.034383554 -0.025161656 0.9990919 3.3167725
0.8049406 -0.5917762 -0.043526933 57.898193 0.5923025 0.8057295 -0.0009923219 26.201416 0.035659093 -0.024983441 0.9990516 3.3659668
0.800872 -0.59718436 -0.045310576 58.772705 0.5976872 0.80177253 -0.0029776793 26.853027 0.038111914 -0.024693381 0.9989686 3.4151611
0.7973295 -0.6017753 -0.044706643 59.64087 0.60221165 0.79823965 -0.004471082 27.507324 0.03838133 -0.023359235 0.9989904 3.4604492
0.79268 -0.6081179 -0.043692227 60.510254 0.6084862 0.7935791 -0.005834086 28.17688 0.038222842 -0.021953868 0.99902827 3.512329
0.78831995 -0.613768 -0.042727258 61.365723 0.6141646 0.7891547 -0.0046826615 28.857666 0.036588 -0.022548802 0.9990757 3.562622
0.7827173 -0.6209275 -0.04293201 62.224854 0.6212855 0.78358716 -0.006053438 29.542236 0.037397135 -0.021937095 0.9990593 3.61438
0.7775047 -0.62746406 -0.043518156 63.078857 0.62777305 0.7784329 -0.007864899 30.242188 0.038808767 -0.021198716 0.99902165 3.6658936
0.77225846 -0.63391656 -0.04381319 63.928955 0.6342144 0.77320975 -0.008508248 30.937988 0.039269503 -0.021214541 0.9990032 3.7143555
0.7669225 -0.64026994 -0.044275492 64.771484 0.6405033 0.7679331 -0.010561585 31.656494 0.040761366 -0.020264016 0.99896294 3.7626953
0.7610287 -0.6472195 -0.044249028 65.61987 0.6473518 0.76208663 -0.0132087935 32.37268 0.04227002 -0.018581681 0.9989339 3.81604
0.7535976 -0.65584266 -0.043628335 66.46265 0.65596694 0.75463223 -0.0134075675 33.109375 0.041716777 -0.018513173 0.99895805 3.8701172
0.7488843 -0.66136456 -0.041185897 67.30493 0.6614275 0.7498291 -0.014031632 33.85388 0.040164154 -0.016732428 0.9990532 3.9197998
0.7437311 -0.66720015 -0.03957545 68.14038 0.66720146 0.744629 -0.015111775 34.60486 0.039554063 -0.01517443 0.99910206 3.9736328
0.73616487 -0.67555255 -0.03946116 68.95972 0.6755014 0.7370808 -0.016635226 35.37097 0.040325724 -0.014415483 0.9990825 4.0273438
0.72988534 -0.68237275 -0.039986186 69.78711 0.6822433 0.7308553 -0.018914025 36.14795 0.04213713 -0.013475387 0.99902123 4.0859375
0.72408915 -0.6885198 -0.040837545 70.613525 0.6883976 0.72510064 -0.019222729 36.939575 0.042847324 -0.014189114 0.99898106 4.1376953
0.71906346 -0.69396466 -0.03956462 71.4292 0.69384885 0.7200163 -0.018816698 37.741455 0.041545786 -0.013909327 0.9990402 4.189575
0.714814 -0.698205 -0.04042842 72.25 0.69811004 0.71580297 -0.018757824 38.54419 0.042034134 -0.0148113975 0.9990065 4.245117
0.7087183 -0.704247 -0.040308766 73.06445 0.7041455 0.70970833 -0.019081434 39.367676 0.04204418 -0.014868481 0.9990048 4.2994385
0.70393896 -0.7089426 -0.042719662 73.87427 0.70883286 0.705052 -0.020279681 40.194458 0.044502612 -0.016002914 0.99888146 4.36084
0.69948506 -0.7131597 -0.044452574 74.687256 0.7129609 0.7007218 -0.022972906 41.019897 0.047533326 -0.015627665 0.99874735 4.418091
0.6935629 -0.71889555 -0.045407213 75.49463 0.71870697 0.6948522 -0.02329196 41.871826 0.04830054 -0.016483363 0.9986969 4.4765625
0.6882439 -0.72412044 -0.04487683 76.28882 0.72396314 0.68949896 -0.022658622 42.728638 0.047345404 -0.01689852 0.99873513 4.534912
0.6841147 -0.7281438 -0.04201547 77.10718 0.72789824 0.6852528 -0.023730319 43.582275 0.046073988 -0.014340796 0.99883556 4.6002197
0.6786591 -0.73325336 -0.042048533 77.90967 0.7329812 0.6798121 -0.024501868 44.453857 0.046552315 -0.014189216 0.9988152 4.664795
0.67473245 -0.7368869 -0.042283 78.67798 0.7366106 0.67590225 -0.024802202 45.333496 0.046850972 -0.014406001 0.998798 4.720825
0.6708376 -0.74056345 -0.04124494 79.48657 0.7402631 0.6719654 -0.02512786 46.228516 0.046323813 -0.013675334 0.99883276 4.7855225
0.6665397 -0.7444248 -0.039281853 80.29175 0.74404085 0.6675964 -0.02653599 47.126587 0.045984447 -0.011541077 0.99887574 4.845093
0.6639737 -0.74672765 -0.037335 81.08618 0.74618256 0.66497266 -0.029680885 48.017334 0.04698781 -0.008156421 0.9988619 4.9107666
0.65865517 -0.75151396 -0.037750207 81.878174 0.7507463 0.65971166 -0.034429785 48.927002 0.05077672 -0.005662417 0.998694 4.975708
0.6544289 -0.7554206 -0.035942353 82.67285 0.75445104 0.65541214 -0.03831034 49.838135 0.05249216 -0.0020423736 0.9986192 5.03479
0.6486781 -0.76047724 -0.030579844 83.45801 0.7592752 0.6493815 -0.042992428 50.758545 0.052554812 0.00467145 0.9986072 5.1049805
0.6397367 -0.7681758 -0.026366532 84.244385 0.7667941 0.6402033 -0.047109544 51.68579 0.053063106 0.00991519 0.9985416 5.180908
0.63280463 -0.7739184 -0.022664588 85.0249 0.77252173 0.6330761 -0.04826817 52.632812 0.051710047 0.013035233 0.9985772 5.2539062
0.62222254 -0.782559 -0.019926941 85.78955 0.78130513 0.6224023 -0.04620069 53.59424 0.04855804 0.0131723285 0.9987332 5.314331
0.6137327 -0.7892261 -0.019079454 86.55151 0.7879618 0.61387885 -0.04668878 54.57251 0.048553105 0.0136127435 0.9987273 5.3911133
0.60546494 -0.7954901 -0.021230994 87.29736 0.79413635 0.60571396 -0.047973346 55.5542 0.051028147 0.012195278 0.99862343 5.45459
0.59502566 -0.8033205 -0.020021863 88.025635 0.8018519 0.59519726 -0.050540764 56.546143 0.05252647 0.014019467 0.9985214 5.526001
0.58395016 -0.81142634 -0.02085766 88.75708 0.80987245 0.58416766 -0.051967792 57.55249 0.054356415 0.013452925 0.9984309 5.5966797
0.5758399 -0.8174154 -0.01626355 89.4812 0.81583625 0.57579696 -0.053784363 58.572998 0.05333291 0.01771104 0.99842024 5.67041
0.563734 -0.82574713 -0.01423246 90.19287 0.8242366 0.56361896 -0.053157084 59.603027 0.05191428 0.018235808 0.9984851 5.744873
0.5534673 -0.83279353 -0.01274476 90.88379 0.8312211 0.5532618 -0.054834817 60.646973 0.052709673 0.01974972 0.9984141 5.821411
0.543751 -0.83921623 -0.013086996 91.565186 0.83760625 0.543572 -0.055362612 61.704834 0.053569946 0.019128878 0.99838 5.892578
0.532939 -0.8462067 -0.014522949 92.23755 0.8445103 0.5328397 -0.056428008 62.77368 0.05547752 0.017798651 0.9983005 5.9692383
0.5246463 -0.85127187 -0.015619192 92.891846 0.849554 0.5246248 -0.0564744 63.85205 0.056249835 0.016348345 0.99828184 6.043457
0.5129522 -0.8583115 -0.015977686 93.53931 0.85656774 0.5129681 -0.056835975 64.93994 0.056967054 0.0154707525 0.9982561 6.1243896
0.50388366 -0.8637535 -0.015258793 94.17822 0.8621552 0.50391287 -0.054415528 66.03735 0.054688256 0.014257716 0.9984012 6.2037354
0.49792513 -0.86717397 -0.012425064 94.81738 0.86566603 0.49782678 -0.053521156 67.14551 0.05259789 0.015881805 0.9984888 6.284424
0.48892972 -0.87217915 -0.011652536 95.438965 0.87068933 0.48880786 -0.053394962 68.26367 0.052276105 0.015959607 0.9985051 6.3598633
0.48198777 -0.8760337 -0.011024029 96.06152 0.87436706 0.48178515 -0.056869343 69.38794 0.055143878 0.017788177 0.99832106 6.439087
0.47653326 -0.8792146 -0.008651656 96.67651 0.87740034 0.47614357 -0.06026421 70.50244 0.057100482 0.021118674 0.9981445 6.5133057
0.46902537 -0.88314414 -0.008031525 97.276855 0.88113564 0.4685383 -0.063749045 71.64209 0.060070824 0.02281991 0.9979331 6.597046
0.46469417 -0.88544995 -0.007945513 97.87207 0.8832082 0.46412322 -0.06750614 72.77515 0.06346891 0.024351198 0.9976867 6.6864014
0.46023545 -0.8878885 -0.005701646 98.47119 0.88570684 0.45953786 -0.06738899 73.90723 0.062455375 0.025950097 0.9977094 6.776367
0.4561137 -0.8898033 -0.0011794888 99.04297 0.8878101 0.45517993 -0.06630246 75.05054 0.059539843 0.029195614 0.997799 6.8632812
0.45450956 -0.8908644 0.0040423297 99.632324 0.8891078 0.45331874 -0.06497618 76.190674 0.05605048 0.03311534 0.997878 6.9556885
0.44953734 -0.8931002 0.006843605 100.206055 0.8915301 0.44826266 -0.06320634 77.319336 0.053382672 0.034523815 0.99797773 7.0405273
0.44676015 -0.89472973 0.008439887 100.76831 0.8932115 0.445406 -0.063182265 78.46069 0.052772243 0.0357568 0.99796575 7.1154785
0.4468279 -0.89460903 0.010864895 101.335205 0.8932466 0.44539624 -0.061895136 79.58569 0.05052314 0.03735429 0.99802375 7.1987305
0.44251248 -0.89670426 0.011978196 101.886475 0.8953971 0.44104594 -0.061493438 80.70581 0.049859095 0.03793471 0.9980356 7.275757
0.44153932 -0.8970183 0.015562405 102.440674 0.89583695 0.4398859 -0.061803315 81.81958 0.048585787 0.04124203 0.9979681 7.357422
0.43797502 -0.89881724 0.018139344 102.97266 0.89770246 0.4361703 -0.06252739 82.926025 0.048281573 0.04366897 0.9978789 7.4243164
0.43650615 -0.899255 0.0221079 103.5083 0.89835733 0.43455574 -0.061662987 84.02905 0.045840885 0.046778385 0.997853 7.496704
0.43501 -0.9000343 0.02515518 104.04443 0.89929587 0.43293938 -0.061298653 85.12842 0.04429461 0.04928488 0.9978017 7.564209
0.4324455 -0.9013216 0.026741827 104.566895 0.9006252 0.4302709 -0.062014338 86.20776 0.04439104 0.05090283 0.99771667 7.6361084
0.43348756 -0.9007414 0.027464535 105.08252 0.9000353 0.43122184 -0.06312184 87.273926 0.04503084 0.052089434 0.9976269 7.708618
0.43395972 -0.9005898 0.025804186 105.59668 0.89976275 0.4317288 -0.06393221 88.34668 0.046433795 0.050971344 0.9976208 7.778076
0.4318657 -0.90152293 0.025196075 106.08838 0.90063465 0.42963988 -0.06445817 89.38843 0.047270685 0.05053186 0.99760354 7.847412
0.43546495 -0.89990693 0.023333026 106.58252 0.8989609 0.4333511 -0.063891165 90.44263 0.047381867 0.04878649 0.9976842 7.9173584
0.44006863 -0.89779216 0.020450398 107.07202 0.8967188 0.43808702 -0.06389402 91.48096 0.048411008 0.046440408 0.9977464 7.989868
0.44411325 -0.89570373 0.018178817 107.5708 0.8945263 0.44222924 -0.064099 92.496826 0.049373228 0.044725146 0.99777836 8.059082
0.45123336 -0.89220166 0.016741935 108.07544 0.89096653 0.44940326 -0.064274445 93.51343 0.04981872 0.043915227 0.99779224 8.128784
0.4573021 -0.88931304 0.015397649 108.57593 0.8880835 0.4555751 -0.06324506 94.51587 0.049208365 0.04259348 0.99788004 8.196655
0.4658489 -0.88482594 0.014305832 109.091064 0.8836268 0.46421614 -0.061988406 95.51636 0.048200198 0.04149935 0.9979743 8.260742
0.4755985 -0.87942904 0.01418411 109.62207 0.8782453 0.47395846 -0.06197958 96.50757 0.04778485 0.041950166 0.99797744 8.328369
0.48425892 -0.874715 0.012960937 110.14087 0.8735546 0.4827159 -0.060754597 97.48047 0.046886556 0.040759142 0.99806935 8.388428
0.49329 -0.8697688 0.011305165 110.68579 0.86852854 0.4917895 -0.061335575 98.45044 0.047787115 0.040073562 0.99805325 8.448975
0.5043819 -0.8635212 0.0068605863 111.22876 0.86207545 0.50304204 -0.06239042 99.40552 0.05040988 0.037381016 0.99802876 8.515747
0.51439214 -0.85736257 0.0032653157 111.78125 0.8557497 0.5131835 -0.06337206 100.35181 0.052670095 0.03538931 0.99798447 8.581299
0.5276834 -0.849384 0.000762308 112.354004 0.8478426 0.526671 -0.06069467 101.29297 0.05116117 0.032674327 0.9981558 8.646118
0.5384993 -0.842467 -0.00016113184 112.92627 0.84102756 0.5375904 -0.058322325 102.2207 0.049234793 0.031267215 0.99829745 8.716919
0.5524321 -0.8335466 -1.7550774e-05 113.52661 0.83221114 0.5515481 -0.056563605 103.13867 0.047166627 0.031229988 0.9983984 8.779541
0.5631769 -0.8263446 -0.00075139944 114.13037 0.8250842 0.56236804 -0.054707974 104.03223 0.045623813 0.03018463 0.99850225 8.8376465
0.57445943 -0.8184557 -0.0013337377 114.743164 0.8171922 0.5736617 -0.0546345 104.91968 0.045483604 0.030295689 0.99850565 8.893799
0.5870928 -0.8094887 -0.0030392504 115.3645 0.8081058 0.58630204 -0.056335054 105.79443 0.047386467 0.030608907 0.998407 8.968506
0.5970006 -0.8022318 -0.001725173 115.99878 0.8008319 0.5960833 -0.057799056 106.63721 0.047400277 0.033120893 0.9983264 9.018433
0.6082894 -0.7937676 -0.002072117 116.629395 0.79242826 0.60741085 -0.056543253 107.477295 0.046133608 0.032751873 0.9983982 9.084351
0.6194211 -0.78509325 -0.0022933856 117.27222 0.78381544 0.61857516 -0.055289973 108.302734 0.044822168 0.032443017 0.9984676 9.145996
0.62836343 -0.7777652 -0.00051908055 117.908936 0.77667534 0.6275178 -0.052503444 109.10742 0.04117064 0.032591917 0.9986206 9.198853
0.63941544 -0.7688612 -0.00087800645 118.56836 0.7678226 0.6386099 -0.051248558 109.90503 0.039964266 0.032100502 0.99868566 9.254395
0.64719194 -0.762333 -0.003452673 119.21118 0.76128405 0.64652634 -0.04970683 110.68799 0.040128946 0.029543852 0.9987578 9.310181
0.65626496 -0.75441784 -0.0067302696 119.862305 0.7533002 0.65573233 -0.04928225 111.44458 0.04160168 0.027271114 0.99876195 9.360962
0.66765773 -0.74446946 -0.007974492 120.52905 0.7433417 0.66717035 -0.048908647 112.19165 0.041728623 0.026725044 0.9987713 9.41394
0.6750256 -0.7378394 -0.006638346 121.18091 0.73684865 0.6745379 -0.04650778 112.92651 0.038790345 0.026498709 0.9988957 9.467163
0.6836482 -0.7297351 -0.0055872835 121.85693 0.728834 0.6831489 -0.045036785 113.647705 0.036681868 0.02671843 0.9989698 9.510864
0.693079 -0.7208698 -0.005518757 122.53198 0.7200036 0.6925856 -0.04429612 114.35669 0.035753123 0.02672408 0.9990031 9.56543
0.6999099 -0.71425086 -0.006632004 123.188965 0.71341205 0.6994853 -0.042848635 115.04126 0.03524062 0.025266562 0.99905974 9.6085205
0.70833886 -0.7058484 -0.0070375754 123.87378 0.70503247 0.7079394 -0.042022076 115.72705 0.03464797 0.02479905 0.99909157 9.658936
0.7135737 -0.7006156 -0.005851484 124.54053 0.6999163 0.71319157 -0.039472047 116.39209 0.03183037 0.02406482 0.99920315 9.692505
0.7211257 -0.6926631 -0.0054256064 125.21069 0.69209766 0.7208152 -0.035497464 117.05371 0.028505089 0.021842174 0.99935496 9.741211
0.7292692 -0.68430215 -0.0052241366 125.890625 0.6837682 0.72896487 -0.034662053 117.694824 0.027527098 0.021706678 0.9993853 9.780273
0.7355111 -0.6774746 -0.0059373686 126.54907 0.6769808 0.7352616 -0.032722604 118.31323 0.02653463 0.020050367 0.9994468 9.818359
0.7441152 -0.6680027 -0.00770279 127.21826 0.667533 0.7439452 -0.030650113 118.924805 0.026205456 0.017667783 0.99950045 9.848511
0.7524654 -0.65869135 -0.0057382463 127.89868 0.6583341 0.752297 -0.027512686 119.525635 0.022436054 0.016923562 0.999605 9.888184
0.7611703 -0.64852816 -0.0048300363 128.56079 0.6482665 0.7610397 -0.023686409 120.099365 0.01904029 0.0148972245 0.9997075 9.917603
0.7725052 -0.6349347 -0.004827334 129.24707 0.6347177 0.77240354 -0.021349557 120.66626 0.017287213 0.013429663 0.9997603 9.950928
0.78096646 -0.62458426 -0.0058905226 129.9082 0.62436026 0.7808845 -0.021028627 121.20825 0.017732777 0.012745127 0.99976146 9.9729
0.79068387 -0.61210185 -0.0075329808 130.58081 0.61185443 0.79062575 -0.021238558 121.7395 0.018961024 0.012181509 0.99974585 9.998779
0.80159146 -0.5978211 -0.0072504124 131.27734 0.59758717 0.8015296 -0.020770906 122.25952 0.018228065 0.012317912 0.99975795 10.026001
0.8111698 -0.58468115 -0.006647273 131.9607 0.5844857 0.8111147 -0.019031031 122.75635 0.016518189 0.011552908 0.99979687 10.042725
0.82111055 -0.57087904 -0.0047857612 132.66699 0.5707478 0.82105696 -0.016141295 123.250244 0.013141759 0.010522751 0.9998582 10.065552
0.8304888 -0.5570284 -0.0028959832 133.36133 0.5569325 0.8304235 -0.014961555 123.72998 0.010739581 0.010812132 0.9998838 10.091675
0.83906025 -0.5439861 -0.00048007397 134.08252 0.5439346 0.8389923 -0.0130509855 124.19629 0.00750219 0.010690081 0.9999147 10.109619
0.8474004 -0.5309687 0.0015357404 134.80493 0.5309453 0.84732753 -0.012290614 124.64966 0.005224251 0.011229892 0.9999232 10.121216
0.85380477 -0.5206107 0.0031075235 135.52026 0.52060694 0.8537257 -0.01219538 125.093994 0.003696886 0.012029411 0.9999207 10.132568
0.8612318 -0.508249 0.0036472117 136.25708 0.50825244 0.8611491 -0.012350772 125.52905 0.003136885 0.012490499 0.999917 10.150024
0.86808753 -0.49624917 0.0033800448 137.00903 0.4962568 0.86803347 -0.009886291 125.95801 0.0019745836 0.010259897 0.99994534 10.164185
0.8735446 -0.48680562 0.0032088158 137.7378 0.4868154 0.8735117 -0.007635515 126.37988 0.00091362186 0.008231871 0.9999657 10.167236
0.88032216 -0.47435308 0.0043160655 138.50024 0.47437245 0.88029534 -0.0069047604 126.79541 -0.0005249148 0.008125709 0.9999668 10.181519
0.8861029 -0.46355858 0.004118221 139.25684 0.46357673 0.88607454 -0.007107909 127.20068 -0.00035421178 0.008206621 0.9999662 10.191406
0.8902604 -0.45538643 0.002840307 140.02539 0.4553939 0.890225 -0.008024555 127.59839 0.001125156 0.008437701 0.9999637 10.199829
0.8954016 -0.4452838 0.002907212 140.81299 0.4452911 0.8953578 -0.008965775 127.98218 0.0013882278 0.009322458 0.99995553 10.2052
0.89784294 -0.440318 0.0034958643 141.58911 0.44033176 0.8978081 -0.007912343 128.37744 0.00034566654 0.008643194 0.99996257 10.211792
0.9012245 -0.43326586 0.0061720195 142.38818 0.43329883 0.9012116 -0.005713218 128.77246 -0.0030864761 0.007823082 0.9999646 10.222656
0.90394735 -0.42753428 0.009149928 143.20068 0.4275697 0.90397406 -0.002247531 129.1626 -0.0073103122 0.005945135 0.99995553 10.2229
0.9067888 -0.42146122 0.011090391 144.01855 0.42148012 0.9068475 0.00068910513 129.56006 -0.010348036 0.0040494604 0.9999382 10.220581
0.9107392 -0.4128814 0.011462494 144.8689 0.41287342 0.91080946 0.0031660795 129.93555 -0.0117471535 0.0018476485 0.99992925 10.2178955
0.9135253 -0.40656748 0.0132394545 145.70557 0.40654033 0.91362053 0.004805347 130.3274 -0.014049443 0.0009927927 0.99990076 10.206543
0.9162981 -0.40015838 0.015909882 146.57812 0.40011147 0.91643584 0.006167451 130.70996 -0.017048266 0.00071585923 0.9998544 10.200684
0.9196649 -0.3922027 0.018140312 147.45972 0.39214808 0.91984326 0.0066250116 131.08374 -0.019285403 0.0010206504 0.99981356 10.189941
0.9228751 -0.38458696 0.019759934 148.35693 0.38453653 0.9230852 0.0064443084 131.46118 -0.020717815 0.0016526106 0.99978393 10.178467
0.92703784 -0.37451947 0.019570408 149.26392 0.37448558 0.9272418 0.0055027055 131.83594 -0.020207027 0.0022269895 0.99979335 10.154907
0.9310161 -0.36438826 0.02078373 150.2024 0.36439806 0.9312377 0.0034447422 132.19165 -0.020610483 0.0043640193 0.9997782 10.150269
0.93403876 -0.35658395 0.020000232 151.1294 0.35662907 0.93423456 0.0013851016 132.55981 -0.019178815 0.005839193 0.999799 10.129272
0.9389687 -0.3434925 0.018832589 152.08276 0.3435355 0.93914133 0.0010042759 132.91187 -0.018031433 0.0055274297 0.99982214 10.117432
0.9433006 -0.33148354 0.017043632 153.06836 0.33147615 0.94345105 0.0033382408 133.27759 -0.017186709 0.0024988083 0.99984926 10.100708
0.94865453 -0.3158255 0.017202046 154.03833 0.3157516 0.9488098 0.006927711 133.6211 -0.018509174 -0.0011402194 0.9998281 10.088867
0.95495397 -0.29604295 0.019392483 155.06348 0.29588908 0.9551414 0.010440606 133.93384 -0.021614166 -0.0042313235 0.99975747 10.064209
0.9605368 -0.27735248 0.020910284 156.08667 0.277115 0.9607371 0.013565479 134.25342 -0.023852143 -0.007235232 0.9996894 10.053833
0.9665439 -0.25557318 0.022045871 157.13037 0.255266 0.9667469 0.015821371 134.54199 -0.025356043 -0.009664793 0.9996319 10.036377
0.9719449 -0.23408201 0.023320135 158.1897 0.2337233 0.9721602 0.017111747 134.82104 -0.026675992 -0.011181723 0.9995817 10.008301
0.976735 -0.21278273 0.026832711 159.28271 0.21235931 0.9770338 0.017780613 135.06738 -0.029999698 -0.0116684865 0.9994818 9.995972
0.98137134 -0.18978935 0.030039245 160.36377 0.18921854 0.98171973 0.020855872 135.28564 -0.033446558 -0.014784871 0.99933136 9.959595
0.98528486 -0.16726488 0.035164207 161.51953 0.16656792 0.9857863 0.021924017 135.48022 -0.03833041 -0.015745014 0.99914145 9.931885
0.988681 -0.1453161 0.03731114 162.64111 0.14448564 0.98921335 0.024072554 135.677 -0.04040785 -0.018409118 0.99901366 9.899658
0.99166846 -0.122712694 0.039125368 163.77197 0.12177308 0.9922258 0.02557356 135.83325 -0.04195973 -0.020596609 0.99890757 9.85376
0.9943189 -0.09991333 0.036726408 164.9563 0.09903144 0.9947689 0.025096029 135.97168 -0.039041247 -0.021315992 0.99900985 9.819824
0.9962472 -0.07866953 0.036125474 166.09253 0.07774985 0.9966295 0.02620537 136.07178 -0.03806462 -0.023299344 0.999004 9.775513
0.9975743 -0.05833128 0.037980888 167.28809 0.05743739 0.9980554 0.024214515 136.15234 -0.03931944 -0.02197402 0.9989848 9.73645
0.99834865 -0.04024824 0.040984128 168.49902 0.03924547 0.9989173 0.024981081 136.21143 -0.041945226 -0.023331312 0.9988472 9.697998
0.99894977 -0.018411374 0.04195937 169.70483 0.01738391 0.99954325 0.024718953 136.24707 -0.04239525 -0.023963802 0.9988134 9.6553955
0.99904555 0.0011500989 0.043660298 170.93384 -0.002315831 0.99964195 0.026655164 136.26074 -0.043614022 -0.026730832 0.9986905 9.607422
0.9987628 0.02245156 0.044371035 172.17603 -0.02366796 0.9993529 0.027084427 136.24902 -0.043734197 -0.028101118 0.998648 9.560425
0.99807346 0.042344123 0.045352142 173.41846 -0.043669507 0.99863535 0.028644325 136.21655 -0.04407739 -0.030569425 0.99856055 9.510864
0.99710745 0.0616897 0.04441432 174.69507 -0.063072264 0.9975454 0.030440396 136.15479 -0.04242834 -0.033153147 0.9985497 9.464233
0.99559855 0.08299114 0.043600217 175.95508 -0.08439467 0.9959395 0.031408124 136.06494 -0.04081749 -0.034947574 0.9985557 9.418823
0.994054 0.1005169 0.04190821 177.22632 -0.101941004 0.9942328 0.03335187 135.94995 -0.0383147 -0.037424922 0.9985648 9.37561
0.99203354 0.11915679 0.040820535 178.5315 -0.1205786 0.99210715 0.034349255 135.80786 -0.036405936 -0.038998522 0.99857634 9.33728
0.9893841 0.14004333 0.038845003 179.8352 -0.14139985 0.98934585 0.0346941 135.63696 -0.03357393 -0.039818767 0.998643 9.299072
0.9867015 0.15891139 0.03404321 181.16016 -0.16010162 0.9864518 0.035664342 135.44409 -0.02791409 -0.040641665 0.9987839 9.26062
0.98367536 0.17768793 0.028550787 182.49341 -0.178712 0.9831477 0.03856381 135.22778 -0.021216307 -0.043035217 0.9988479 9.233765
0.98052764 0.19490585 0.02383757 183.80225 -0.19574293 0.9798282 0.040158298 134.98267 -0.015529503 -0.04404269 0.99890906 9.211426
0.9770274 0.21200886 0.021619517 185.14185 -0.2127749 0.97613865 0.04333141 134.71362 -0.011916127 -0.04693594 0.9988267 9.200439
0.9728991 0.23041007 0.019862693 186.47559 -0.23109142 0.9719022 0.04492463 134.4187 -0.00895311 -0.048296433 0.99879247 9.187378
0.96868646 0.24740307 0.020520505 187.8186 -0.24809487 0.9677039 0.044510197 134.09546 -0.008844735 -0.048207708 0.9987982 9.183472
0.9638001 0.2658514 0.020606712 189.18188 -0.26651868 0.96286386 0.043276038 133.72778 -0.008336479 -0.04720144 0.9988504 9.181885
0.95894045 0.28306618 0.01681668 190.50977 -0.2835399 0.9579587 0.043551367 133.35718 -0.0037818332 -0.046531502 0.99890995 9.190308
0.9540703 0.29925492 0.015209137 191.8706 -0.29964048 0.9529536 0.046151344 132.9519 -0.00068362383 -0.04858767 0.99881846 9.185791
0.9485191 0.3163104 0.014871892 193.20898 -0.31665885 0.947348 0.047129627 132.5271 0.00082126795 -0.049414333 0.9987781 9.196899
0.94297415 0.33251515 0.015660122 194.55444 -0.33287892 0.94166195 0.04976476 132.08179 0.0017998216 -0.0521398 0.9986382 9.205444
0.93602926 0.3517173 0.014191439 195.93115 -0.3519625 0.93454415 0.05299116 131.58472 0.0053678267 -0.05459494 0.9984947 9.212524
0.92968893 0.36817005 0.011791724 197.26343 -0.36824793 0.9281475 0.05426856 131.08374 0.009035785 -0.054794073 0.99845654 9.239258
0.9229441 0.38483605 0.009881461 198.61255 -0.3847706 0.9213666 0.055294555 130.54199 0.012173713 -0.05483707 0.99842113 9.254028
0.9153713 0.40259087 0.005778603 199.95679 -0.40225762 0.91380626 0.05625839 129.96362 0.01736391 -0.053821426 0.9983999 9.287964
0.9064768 0.42224753 0.002243204 201.29175 -0.42163485 0.90484893 0.05892263 129.38745 0.022845428 -0.05435746 0.9982607 9.325928
0.8973097 0.44129527 0.00067267194 202.64282 -0.44045863 0.89551264 0.06293027 128.75562 0.027174734 -0.05676502 0.99801785 9.372192
0.8844221 0.46673894 0.0012354143 203.97412 -0.4658134 0.88249564 0.065348856 128.07861 0.029399782 -0.058371983 0.9978627 9.42395
0.87133247 0.4906618 0.0023544403 205.30762 -0.48961782 0.86914563 0.06953594 127.3667 0.032072827 -0.06173951 0.9975768 9.481445
0.85655206 0.5159916 0.002907804 206.60864 -0.5147798 0.8541259 0.073538296 126.63428 0.03546696 -0.06448784 0.99728805 9.537598
0.84138465 0.5402953 0.0034530186 207.87793 -0.53892595 0.8387626 0.07675789 125.86719 0.03859806 -0.06643834 0.99704194 9.602661
0.82689303 0.56229794 0.0035266993 209.16309 -0.56078297 0.8241706 0.07880743 125.05151 0.041405737 -0.06714812 0.99688447 9.674561
0.8096444 0.5870105 0.0024496291 210.40674 -0.5852964 0.8069467 0.0798423 124.16846 0.04488876 -0.06607448 0.9968038 9.747314
0.79358315 0.6085412 -6.8683876e-05 211.63452 -0.6065076 0.7909399 0.08162075 123.29199 0.04970603 -0.06473538 0.99666506 9.832031
0.7768687 0.62975335 -0.0022773475 212.84229 -0.6273998 0.7742664 0.08365365 122.3667 0.05444488 -0.06356142 0.9964915 9.923462
0.75985324 0.65004003 -0.0039663226 214.01245 -0.64740545 0.75729513 0.08553032 121.40332 0.058604646 -0.062424533 0.9963279 10.015625
0.7434512 0.66878796 -0.0056424127 215.19165 -0.66592926 0.7410039 0.086486235 120.40259 0.062019616 -0.06053473 0.99623686 10.119751
0.72620684 0.687356 -0.0056203534 216.34668 -0.6843826 0.7237782 0.087357625 119.360596 0.064129755 -0.059602343 0.9961609 10.227173
0.7104329 0.70383066 -0.0062096943 217.44507 -0.7007511 0.70809776 0.08761547 118.31787 0.06605181 -0.057891306 0.99613523 10.333862
0.6964698 0.7175986 -0.0076818494 218.54102 -0.7143533 0.6942653 0.0881527 117.24219 0.06858578 -0.055896815 0.9960769 10.447266
0.68271405 0.73060155 -0.010296311 219.6062 -0.72710806 0.68070644 0.089081205 116.14087 0.072090566 -0.053319454 0.9959707 10.564941
0.66704744 0.7450138 -0.01233071 220.64233 -0.7411765 0.6651292 0.09167816 115.017334 0.07651265 -0.05200854 0.99571 10.693359
0.65187854 0.7582983 -0.013263874 221.68115 -0.7542227 0.65001297 0.093630396 113.863525 0.079618625 -0.05102851 0.9955178 10.817871
0.63542867 0.77203405 -0.012711018 222.67871 -0.76787704 0.63356453 0.09448435 112.71484 0.08100383 -0.050264023 0.99544406 10.958496
0.61873364 0.785556 -0.009352349 223.67139 -0.7814705 0.61664903 0.09522365 111.51929 0.08055887 -0.05161757 0.9954134 11.090454
0.6027861 0.7980279 -0.005089039 224.62524 -0.7940438 0.6003908 0.09617954 110.31885 0.07978928 -0.05392988 0.99535125 11.233643
0.58386713 0.81185466 -0.00045917183 225.56177 -0.80802315 0.5811652 0.09670669 109.0813 0.07879208 -0.056095313 0.9953116 11.369507
0.5673864 0.82353586 0.0033286447 226.43726 -0.81977797 0.5643992 0.09780713 107.873535 0.078672655 -0.05823793 0.9951993 11.507935
0.5495824 0.83535457 0.006258483 227.30908 -0.8314013 0.5462198 0.101561874 106.62842 0.08142847 -0.061028954 0.99480987 11.64917
0.530989 0.847306 0.0094369445 228.11865 -0.8432222 0.52726376 0.10456168 105.38574 0.083637066 -0.06348231 0.99447227 11.7907715
0.51083595 0.8596987 0.012045268 228.90063 -0.8556776 0.5069795 0.10471516 104.1355 0.0839103 -0.06378669 0.9944284 11.939941
0.48988685 0.8716226 0.016095722 229.66284 -0.8679678 0.48594362 0.10231419 102.86597 0.08134644 -0.06410004 0.9946234 12.085205
0.46945772 0.88280946 0.019801654 230.36401 -0.87938625 0.4653675 0.101223886 101.60596 0.08013803 -0.06491963 0.9946662 12.220459
0.44939768 0.89311934 0.02355793 231.03564 -0.89001554 0.44522065 0.09911687 100.326904 0.078033336 -0.06550392 0.994796 12.358154
0.4258004 0.90441126 0.025206245 231.69019 -0.90140796 0.4216602 0.0978128 99.01929 0.077843934 -0.0643713 0.99488515 12.496948
0.40649822 0.91332567 0.027473995 232.29028 -0.9104294 0.40228662 0.09716927 97.75122 0.07768339 -0.064500265 0.99488854 12.629028
0.38572225 0.9222467 0.026808476 232.84814 -0.919271 0.38167584 0.096452795 96.487305 0.078705564 -0.0618297 0.99497706 12.752563
0.36244702 0.9316701 0.026008343 233.39673 -0.92859924 0.35857865 0.09579528 95.183105 0.0799204 -0.058860864 0.99506086 12.88916
0.34152418 0.9396162 0.025340552 233.88037 -0.9364497 0.33779728 0.09545334 93.908936 0.08114155 -0.056325432 0.99510956 13.018799
0.32086644 0.94680244 0.02514996 234.3374 -0.94377005 0.3173762 0.092688836 92.61597 0.07978582 -0.05347095 0.99537647 13.150269
0.3004696 0.95331115 0.025125822 234.76367 -0.95022684 0.2970598 0.092428744 91.342285 0.08067419 -0.051679146 0.9954023 13.283203
0.28088853 0.9593726 0.026434796 235.16772 -0.95591146 0.27720723 0.096860856 90.07861 0.08559068 -0.05247007 0.9949472 13.410278
0.2604016 0.965164 0.028244983 235.54321 -0.9609519 0.25618276 0.105269834 88.813965 0.09439721 -0.054529086 0.9940384 13.547974
0.24145259 0.96989965 0.030928062 235.88379 -0.9650589 0.23666316 0.11231909 87.56958 0.10163628 -0.05699457 0.99319035 13.690796
0.2223193 0.97437996 0.03335496 236.19751 -0.96910113 0.21711424 0.116887935 86.31592 0.10663983 -0.058322504 0.9925865 13.847412
0.19956316 0.97904104 0.03868005 236.48828 -0.97394127 0.19389948 0.116993695 85.066895 0.1070652 -0.0610464 0.99237865 13.99231
0.18321714 0.9820162 0.043765854 236.74951 -0.97708243 0.17706347 0.11749008 83.84033 0.10760314 -0.06429972 0.9921125 14.155762
0.16370177 0.98534536 0.048107333 236.98877 -0.98066413 0.15722698 0.11660978 82.59302 0.10736408 -0.06629363 0.9920101 14.303467
0.14448299 0.98827296 0.04919606 237.19214 -0.9837699 0.13812286 0.11445631 81.35742 0.10635446 -0.064965256 0.9922071 14.448853
