1.000000000000000000e+00 -3.306050084167601550e-19 -2.270457535318767223e-19 -8.673617379884035472e-19 7.546676715296109287e-19 1.000000000000000000e+00 6.237773588823049983e-19 1.387778780781445676e-17 -3.447385680526250622e-20 4.770700176052009879e-20 1.000000000000000222e+00 5.551115123125782702e-17
3.251209684371308417e-01 -7.828321848103149405e-03 9.456846298362417969e-01 -7.120074124191615006e+00 -6.823574154346861466e-03 9.999202092831172006e-01 1.061754833098563049e-02 -5.417367301689687831e-02 -9.456924045897906472e-01 -9.905710648824703896e-03 3.250416488941321180e-01 5.387952583555402519e+00
1.772632719199004198e-02 -8.004664464828611242e-03 9.998139456063026564e-01 -4.445736752342257070e+00 -2.000366151087938291e-02 9.997648996795399645e-01 8.352680085210988786e-03 2.584993472573207662e-02 -9.996457007198757960e-01 -2.014901979031332585e-02 1.756208590694297023e-02 1.331979733080196837e+01
-6.672381446786708192e-01 -2.855864512841547673e-02 7.447468191754215150e-01 -1.457059734733159861e-02 -4.462180555181557290e-02 9.990028741198746509e-01 -1.646255492511182559e-03 2.304009318463146605e-01 -7.439574146981986491e-01 -3.432145068454540288e-02 -6.678473071465871325e-01 1.868796735351352822e+01
-9.934315259692411137e-01 -4.892106918060587506e-02 1.066165625231722952e-01 5.746539963085480984e+00 -5.085132354374916064e-02 9.985891891361289296e-01 -1.532725981087730387e-02 2.943466537505462499e-01 -1.057163605872011303e-01 -2.064559684450089500e-02 -9.945176976326777218e-01 1.859373385796800449e+01
-8.866824848016295890e-01 -4.549745393207749872e-02 -4.610733030038094427e-01 8.866423781840556018e+00 -3.944871160138464089e-02 9.989636796784063799e-01 -2.268787764996590267e-02 3.409643879799914012e-01 4.616272714490980422e-01 -1.918100981802374266e-03 -8.875585114470588843e-01 1.349865821894450413e+01
-8.903382911343602490e-01 -3.698303460218063665e-02 -4.524385549064833256e-01 8.795136320271627284e+00 -2.974557547402914559e-02 9.992899989892984891e-01 -2.312626796696368864e-02 3.286834116691657037e-01 4.529728326199297661e-01 -7.141808118834118251e-03 -8.908060989529608120e-01 8.139875237260252305e+00
-6.084393118334799899e-01 -3.353665543594101794e-02 -7.926574855873120828e-01 7.845035671646090947e+00 -2.391385241696568700e-02 9.994281491527553518e-01 -2.388225035456932599e-02 2.542222621043311315e-01 7.930053362083893109e-01 4.412967163612242956e-03 -6.088932262238471171e-01 2.512659618114174709e+00
-3.559347221009368512e-01 -2.002605964868389710e-02 -9.343176144565602526e-01 4.419583925480932152e+00 -1.652038728888728658e-02 9.997490393689560939e-01 -1.513531680615740060e-02 1.762336513309346597e-01 9.343862554789411634e-01 1.005224586351606553e-02 -3.561761596618943093e-01 -1.631644827537498843e+00
1.659735346428906355e-01 -9.026822370982333713e-03 -9.860644923833347120e-01 3.243972005910807366e-01 -6.392473855731365187e-03 9.999273671234139016e-01 -1.023391085544355684e-02 7.923843235484269443e-02 9.860850661429527708e-01 8.006499681685362926e-03 1.659037909789043697e-01 -4.458872619431909712e+00
6.845026529473381416e-01 6.942670310467659138e-03 -7.290340834001719506e-01 -4.222375168096347053e+00 5.734367798080974117e-04 9.999492930689918291e-01 1.006241861614181644e-02 6.120428734260397602e-02 7.290668236875237351e-01 -7.306199051900859678e-03 6.844637906589329246e-01 -5.342114498586967741e+00
7.670445059315567082e-01 5.013537231599283356e-03 -6.417345271321611699e-01 -7.764624655883721083e+00 1.066463716915179091e-02 9.997316856712779032e-01 2.056324949739351746e-02 -3.656110410502295960e-02 6.416655744259228689e-01 -2.261665993873100342e-02 7.667851573122658193e-01 -4.412543517714351715e+00
9.647617948081299577e-01 3.353908260426077467e-03 -2.630330350088381786e-01 -1.059812830527299887e+01 4.016767528567169281e-03 9.996144929419065184e-01 2.747224845657563960e-02 3.962770855519388846e-02 2.630238439573805986e-01 -2.756102962254517244e-02 9.643761941873723043e-01 -3.400231452260235265e+00
9.836130820284216814e-01 -2.409467166272037577e-03 -1.801023426211556255e-01 -1.172071885904894373e+01 9.729441291246324064e-03 9.991630686114368887e-01 3.969539484658880096e-02 -3.708613344259995004e-03 1.798556258080409587e-01 -4.079917250033058412e-02 9.828132534662818998e-01 -1.570330168357553902e+00
9.899773890167573587e-01 -7.394532151388636971e-04 -1.410969899476181844e-01 -1.150220414921240675e+01 6.375244622555949030e-03 9.992008874753138814e-01 3.942370267701982706e-02 6.068319348651951550e-02 1.409548988449123019e-01 -3.992896229036783234e-02 9.891908998957158472e-01 -9.453162522786555666e-01
9.924580987878235394e-01 -7.307917650454312519e-03 -1.221962884931193927e-01 -1.145898576833938698e+01 1.232811775617861060e-02 9.991107086995342224e-01 4.026273501744803696e-02 2.488947438596909867e-02 1.217922772461978165e-01 -4.146897181262600152e-02 9.916656576348653607e-01 -1.184854585316915232e+00
9.917674036641281887e-01 -6.954681771985215220e-03 -1.276920225220999072e-01 -1.131446575323805170e+01 1.253755755343809175e-02 9.990001531810009938e-01 4.285066460526139320e-02 6.071602676217719569e-02 1.272653403822503471e-01 -4.410224532864032154e-02 9.908632453094119441e-01 -9.427201658259014572e-01
9.924468793518909093e-01 -1.235199646171493242e-02 -1.218331992939817310e-01 -1.140814543598601283e+01 1.749024620065564237e-02 9.990008411764182972e-01 4.104506511256034162e-02 4.904470422399157675e-02 1.212024655806139134e-01 -4.287197148096572735e-02 9.916718864434318492e-01 -1.315693022653865896e+00
9.926032295571429742e-01 -9.596683538176204939e-03 -1.208902149032981405e-01 -1.122263357422280805e+01 1.473704237516601859e-02 9.990232739606422774e-01 4.159440629971136727e-02 7.108598757076896313e-02 1.203716424557230436e-01 -4.307212938848102579e-02 9.917755698655461583e-01 -9.084440837306367866e-01
9.931671816890786930e-01 -9.362313543457371698e-03 -1.161346246194387283e-01 -1.125140637617984929e+01 1.439859947716479703e-02 9.989910915957825877e-01 4.244429930831616904e-02 7.813370969412647415e-02 1.156182832440372926e-01 -4.383095229144113453e-02 9.923005308456932516e-01 -1.292401689672302290e+00
9.930181177119463687e-01 -4.277914952353190949e-03 -1.177813156145448015e-01 -1.114321137123429573e+01 9.532085566398154977e-03 9.989841566383556026e-01 4.399879118521642790e-02 9.502625141458297120e-02 1.174729916018622394e-01 -4.481558198688429667e-02 9.920502049168187231e-01 -6.622218297958319955e-01
9.939773103739019122e-01 -7.155580608088647938e-03 -1.091242331387334702e-01 -1.119468412929987444e+01 1.171457707763656764e-02 9.990859628347700250e-01 4.103309894825495074e-02 1.060168567807378143e-01 1.087295034297512814e-01 -4.206846931215063590e-02 9.931527950591506615e-01 -9.704397521077486877e-01
9.935580356696851467e-01 -3.823857718494701186e-03 -1.130349357839240398e-01 -1.104649055668257773e+01 8.743531006373265330e-03 9.990379231029284934e-01 4.290639617479252016e-02 1.197004059454734870e-01 1.127611468776632681e-01 -4.362104286197440728e-02 9.926356195774538316e-01 -3.494813331461709138e-01
9.941333779105383517e-01 -5.401171879843689842e-03 -1.078808813108903114e-01 -1.110977087824466025e+01 9.933101229549965577e-03 9.990907372209018034e-01 4.138673308422508718e-02 1.308392990761496066e-01 1.075581419175656722e-01 -4.221809096016729268e-02 9.932833006400445530e-01 -4.628821326365323285e-01
9.946797897801817889e-01 -3.382438207959817100e-03 -1.027393373559422896e-01 -1.099668159659114330e+01 7.593334829283530929e-03 9.991492409660533980e-01 4.044430817394580741e-02 1.508088527827363134e-01 1.025142340205217051e-01 -4.101149293614884950e-02 9.938593318521842246e-01 2.976178067119287229e-01
9.957093157347663981e-01 -8.382609245580653970e-03 -9.181391056681056928e-02 -1.106437675827585565e+01 1.174468530340385536e-02 9.992823691005957576e-01 3.585782540826239900e-02 1.720371673043341598e-01 9.144468644699393911e-02 -3.678887820993974322e-02 9.950938573666341380e-01 3.636115741446745431e-01
9.966946067277874244e-01 -9.380070069607922625e-03 -8.037450378111332672e-02 -1.099635887731305317e+01 1.194545081771795740e-02 9.994360004841500444e-01 3.125093546106473552e-02 1.772488410864442310e-01 8.003340858863348950e-02 -3.211482890784618516e-02 9.962454222794874248e-01 1.107872753332590277e+00
9.970846871314545945e-01 -1.091303585681524697e-02 -7.532350250190472662e-02 -1.100339546069185914e+01 1.314260167165833340e-02 9.994899823688766505e-01 2.900824490674347098e-02 1.855936828899256708e-01 7.496668060318623095e-02 -2.991819390259710734e-02 9.967201655903061841e-01 1.186215838435973335e+00
9.976293285717359183e-01 -1.097530506533511176e-02 -6.770657030848262203e-02 -1.094856841949907889e+01 1.276324541231145353e-02 9.995814508439349044e-01 2.584742638995241384e-02 2.086353104904645206e-01 6.739232545419530929e-02 -2.665581135204657739e-02 9.973528001436556822e-01 2.017224740569829589e+00
9.972958177648202360e-01 -1.245337707965702041e-02 -7.216940742734605230e-02 -1.089637392693368945e+01 1.447816142131332605e-02 9.995162462976739937e-01 2.740762538990553984e-02 2.089564819157883613e-01 7.179061051176616193e-02 -2.838521533344070397e-02 9.969950133453429064e-01 2.038094582013671996e+00
9.973455111504754278e-01 -1.269455320985487731e-02 -7.144103931683125353e-02 -1.091600446784514489e+01 1.466523061567225408e-02 9.995264860888833924e-01 2.692522593339139944e-02 2.302430169479214861e-01 7.106274275766612247e-02 -2.790813376143039259e-02 9.970605479457304021e-01 2.989565717376138743e+00
9.969784360615026042e-01 -1.336508891436971776e-02 -7.620196323048979148e-02 -1.087982631757616225e+01 1.561922089561824066e-02 9.994582680130100760e-01 2.881976605172670985e-02 2.295240864687906612e-01 7.577195973238622095e-02 -2.993215005435375872e-02 9.966487398990288016e-01 3.131700920119375287e+00
9.970551980936298575e-01 -1.212000205450291558e-02 -7.541746899577289609e-02 -1.093760715348239820e+01 1.435115022626782047e-02 9.994758688350571241e-01 2.887807605330910618e-02 2.661101596111656864e-01 7.502488726411046804e-02 -2.988327883336539328e-02 9.967079782144409039e-01 4.188758590007823912e+00
9.964888408228065320e-01 -1.259706773698341525e-02 -8.233933968052729868e-02 -1.089945369778086715e+01 1.528498694669914136e-02 9.993722836157420408e-01 3.176005638750173388e-02 2.637927492519376305e-01 8.188284127439320048e-02 -3.291935310244805540e-02 9.960580354506729517e-01 4.323174250384446360e+00
9.962916579091272151e-01 -1.197187033062174777e-02 -8.483918504365803304e-02 -1.095109409017266344e+01 1.482375060470711783e-02 9.993472350378860281e-01 3.277470645522108372e-02 2.926000751120085841e-01 8.438753801881843097e-02 -3.392057758981256027e-02 9.958202978984765918e-01 5.433866510034178532e+00
9.958598566301802846e-01 -1.247587614014891017e-02 -8.979804272071965909e-02 -1.095506631377833884e+01 1.567874410177010763e-02 9.992654544128590777e-01 3.485266431838406065e-02 2.960930609914447231e-01 8.929450514331836730e-02 -3.612307448690606215e-02 9.953249519803376577e-01 5.625353686452984725e+00
9.960438827148988539e-01 -1.158475330066752185e-02 -8.779050735489303536e-02 -1.100576765653405786e+01 1.465849455968175341e-02 9.993027109439132083e-01 3.419912110937679828e-02 3.234087973487776990e-01 8.732981379904906916e-02 -3.535898854568752386e-02 9.955203654361894916e-01 6.787196082611693271e+00
9.951779712747481632e-01 -1.192781128386452213e-02 -9.716085360304298202e-02 -1.105480924726280456e+01 1.573240594883667728e-02 9.991381098077026790e-01 3.832660797339953324e-02 3.309898590764485116e-01 9.661789918668708954e-02 -3.967546951691911655e-02 9.945084652546771764e-01 6.939864638050161183e+00
9.949265485352369875e-01 -9.570098481668566984e-03 -9.993942627342278229e-02 -1.108634291160574215e+01 1.364911536587566990e-02 9.991011799623061851e-01 4.004242481611928334e-02 3.613553661039674569e-01 9.946447539903559287e-02 -4.120816728358523556e-02 9.941634588842015452e-01 8.027213677451644713e+00
9.935916757150632383e-01 -9.688334374431771881e-03 -1.124476047235048876e-01 -1.115320169052364285e+01 1.491327097407371856e-02 9.988460697059071691e-01 4.557281212179822155e-02 3.649336905065400094e-01 1.118745423763729402e-01 -4.696182788585948759e-02 9.925901042532546681e-01 8.192483816273924191e+00
9.938434230746062692e-01 -7.876388503205747696e-03 -1.102553123591777789e-01 -1.114987929238053255e+01 1.293989389342908337e-02 9.988948708668247134e-01 4.506607633459615986e-02 3.919623445827092323e-01 1.097763782898184826e-01 -4.622041094790588917e-02 9.928475744171814110e-01 9.320017994315930920e+00
9.929257617226782129e-01 -8.769074728290700282e-03 -1.182599432116739346e-01 -1.124252110648988534e+01 1.460281586020117928e-02 9.987166023203871701e-01 4.842918409096934329e-02 4.059655265013216163e-01 1.176818164055565136e-01 -4.981770388876978484e-02 9.917800941287793215e-01 9.608298843912573162e+00
9.939717736919191360e-01 -7.817239497392988040e-03 -1.091896854231054759e-01 -1.122125931287107825e+01 1.281702295009953113e-02 9.989002886067550602e-01 4.501383012698878527e-02 4.383933684129192598e-01 1.087162077760551737e-01 -4.614547540771440221e-02 9.929793447524125627e-01 1.079023439155106878e+01
9.938722644894697478e-01 -8.265591799685258201e-03 -1.100429558182348666e-01 -1.137805488299481027e+01 1.337413626069774639e-02 9.988659272547782964e-01 4.562272956340002877e-02 4.505285264092337982e-01 1.095395640746689159e-01 -4.681880936202916649e-02 9.928561404739223439e-01 1.110146494254120242e+01
9.950434887209607115e-01 -6.295945325319241871e-03 -9.898002735520652906e-02 -1.138644167994734424e+01 1.046652714461133830e-02 9.990809311402920612e-01 4.146188667936793332e-02 4.765601497651685281e-01 9.862632606548088487e-02 -4.229659809766708051e-02 9.941953347392723517e-01 1.225215328773355772e+01
9.951274864015279276e-01 -4.100475393855542057e-03 -9.831416537182262327e-02 -1.144019116809734449e+01 8.298991591660689546e-03 9.990724579384195891e-01 4.217238696032354905e-02 4.785151183922806140e-01 9.804904310534071077e-02 -4.278528146955442452e-02 9.942389599454836135e-01 1.256039650733933399e+01
9.961249258577106191e-01 -8.549768604646718669e-04 -8.768992447322854211e-02 -1.146198234117539450e+01 4.234352331080755948e-03 9.992592878726350714e-01 3.812552826007640366e-02 5.168399154399332396e-01 8.759180540525708658e-02 -3.835036152658530956e-02 9.953908350024122109e-01 1.358753477532075671e+01
9.955235605831582735e-01 7.560267620992025669e-04 -9.421802246988622564e-02 -1.149515149225294763e+01 3.183607323267028787e-03 9.991322346284973177e-01 4.140683257157708880e-02 5.200555855420682105e-01 9.416726379578137240e-02 -4.152216526611268027e-02 9.946573303986963044e-01 1.378565748410066938e+01
9.966095082172020669e-01 1.748192850588513878e-03 -8.196094961018435265e-02 -1.147040028961217750e+01 1.244002617500355665e-03 9.993397288795112798e-01 3.619808985905102056e-02 5.539799301273820031e-01 8.197016009476125464e-02 -3.617722849667728835e-02 9.959492995854160036e-01 1.471749950952024477e+01
9.961191985591882903e-01 1.672295454592458153e-03 -8.773652322892254440e-02 -1.155491180812239804e+01 1.764512194880986980e-03 9.992390285815271334e-01 3.885811200576225893e-02 5.529777060038071346e-01 8.773471571273534775e-02 -3.886220742173054910e-02 9.953582898308729332e-01 1.494048288709695527e+01
9.971728178835667089e-01 3.836868355559490060e-03 -7.474400570981358516e-02 -1.158788630692060195e+01 -1.329024191590026877e-03 9.994397674523223252e-01 3.330251757443630084e-02 5.800783204699695439e-01 7.483063066166927013e-02 -3.310743364180793874e-02 9.966195456684449061e-01 1.601745702689884254e+01
9.976086684861288356e-01 4.341361343043149620e-03 -6.875026440723497334e-02 -1.162001397522904256e+01 -2.215390541756575172e-03 9.995209657591198615e-01 3.077251804890283535e-02 5.959181342641309831e-01 6.885156879529696905e-02 -3.054516167774908725e-02 9.971405712524932241e-01 1.642348398967640222e+01
9.986131836700561371e-01 3.165472668779784927e-03 -5.216424094237420706e-02 -1.161971804933778962e+01 -1.928686309321146590e-03 9.997203101960336902e-01 2.338707194024733024e-02 6.106144811849980591e-01 5.222463177644615095e-02 -2.325198637091598075e-02 9.983400901182855058e-01 1.739919540459671410e+01
9.988013255459132766e-01 -5.999852246825443077e-04 -4.851652490555621866e-02 -1.161551576387307527e+01 1.672377260842522776e-03 9.997592794263148175e-01 2.168502167809617520e-02 6.084899610187138874e-01 4.849141187126465580e-02 -2.174114050747439839e-02 9.985620404058849209e-01 1.775068473140739300e+01
9.996035145309244418e-01 -1.882189647040025766e-03 -2.712180849546136710e-02 -1.163631331889263798e+01 2.234720175899598208e-03 9.999189147657491228e-01 1.209621037681705286e-02 6.126188193669994675e-01 2.709505329089008374e-02 -1.215605743766811665e-02 9.995269362238039523e-01 1.887711753328855835e+01
9.995388127325391947e-01 -2.955374829992175011e-03 -2.966638763652743732e-02 -1.155502175145276667e+01 3.360117962758721842e-03 9.999049750514213963e-01 1.311036027988348070e-02 5.981903870644897925e-01 2.962329774943605817e-02 -1.320747813539138726e-02 9.994541223341426583e-01 1.911354074568221506e+01
9.999196894124362522e-01 -1.321177439186378005e-03 -1.093908509309972701e-02 -1.155884596113934570e+01 1.390939907796410633e-03 9.999834216067003956e-01 4.809842764568248059e-03 5.873566392710498629e-01 1.093044803494603971e-02 -4.829465044970496744e-03 9.999054388618451306e-01 2.019803259543988361e+01
9.999686323117327191e-01 -2.973665846118881133e-04 -2.549241420911878536e-03 -1.143768371016647656e+01 3.245032054184055046e-04 9.999935752805505507e-01 1.116985949669656092e-03 5.653639558034835311e-01 2.545923298986371534e-03 -1.124508555742893302e-03 9.999631673924582742e-01 2.044678757770049060e+01
9.993859746469894167e-01 3.202611512449491868e-03 3.428266877343585928e-02 -1.139538597988672386e+01 -2.658459877098497300e-03 9.998741120757755896e-01 -1.536384428911578316e-02 4.979757009909427934e-01 -3.432914800873024253e-02 1.525971448125864119e-02 9.992689898534681259e-01 2.168359206908800374e+01
9.977268238872964989e-01 1.493270086194405013e-03 6.706655515958835634e-02 -1.136288099078172387e+01 5.717299315645220153e-04 9.995308192320242480e-01 -3.047576439088770309e-02 4.589158933329695045e-01 -6.708075242462263610e-02 3.044452643361912278e-02 9.972579547009615686e-01 2.223082937944314352e+01
9.950051027310512497e-01 1.351034701792244849e-03 9.975755389077195501e-02 -1.133662692434679720e+01 3.216804166047698785e-03 9.989552195230380072e-01 -4.555411905150105051e-02 4.174943471134029971e-01 -9.971486743804930386e-02 4.564748023882557459e-02 9.939610945054021540e-01 2.329800970238982671e+01
9.923298720340885115e-01 1.641291364970747109e-04 1.235393066226159603e-01 -1.126718655226869537e+01 6.859498691744405144e-03 9.983852588895728575e-01 -5.635394942035289872e-02 3.677932757110117246e-01 -1.233487631123673101e-01 5.676986946317897492e-02 9.907263668790733391e-01 2.399900223591461668e+01
9.900780067657211081e-01 -3.482910622614159967e-03 1.404011887301599426e-01 -1.106202786639368441e+01 1.244151821145988990e-02 9.979393632006435810e-01 -6.291443123194656595e-02 3.254210500666914196e-01 -1.398922891663940127e-01 6.403810470150757272e-02 9.880811674787037813e-01 2.491813823061622202e+01
9.893210807736252388e-01 -4.088245961909740128e-03 1.456285742922582283e-01 -1.094272732336900766e+01 1.353185759203060466e-02 9.978652537776103726e-01 -6.385483625616798775e-02 2.751840571394216228e-01 -1.450560257407057518e-01 6.514497875651598102e-02 9.872647305122413952e-01 2.561692955551619733e+01
9.897449750259017520e-01 -8.806170244483210036e-03 1.424628441137732182e-01 -1.067995080259437835e+01 1.755083860260447590e-02 9.980321124784061748e-01 -6.015845455630907529e-02 2.319474573213819169e-01 -1.416516191823365411e-01 6.204496193428902379e-02 9.879522587710218851e-01 2.642771568123906789e+01
9.899026983659864332e-01 -1.367221538208973110e-02 1.409900408864645793e-01 -1.062421576000991941e+01 2.195934221428224795e-02 9.981124058275577804e-01 -5.728860215970179443e-02 1.774988002666688658e-01 -1.399390765145193671e-01 5.980921993841326056e-02 9.883347264338975258e-01 2.709224344779098459e+01
9.892405088051964279e-01 -1.820318650264739560e-02 1.450675573277816210e-01 -1.036159466059346279e+01 2.668919279510617235e-02 9.980327027805311335e-01 -5.668096984787840409e-02 1.213512602337312452e-01 -1.437490302971806688e-01 5.994577546666485235e-02 9.877804564364286444e-01 2.792837143291443525e+01
9.872539581351920113e-01 -1.933093743891454996e-02 1.578628289578574706e-01 -1.032321198726208422e+01 2.925633155994275536e-02 9.977238318726157074e-01 -6.069162953436711000e-02 4.706004977850071491e-02 -1.563278325039892114e-01 6.454204702481400324e-02 9.855732835433703709e-01 2.874063094374965033e+01
9.861245205213181597e-01 -2.144289307035586456e-02 1.645533548611340657e-01 -1.006381031798131431e+01 3.206558895680901300e-02 9.975512483253947682e-01 -6.210877574641792548e-02 -5.742251371641922397e-03 -1.628165444616447854e-01 6.652799305201184676e-02 9.843982548768897001e-01 2.952420129191792952e+01
9.843956393171540142e-01 -1.482257204876526874e-02 1.752683982183903810e-01 -1.001432121208181236e+01 2.696632319263415206e-02 9.973828866672612703e-01 -6.704621495252825747e-02 -7.642118533555533610e-02 -1.738145024601249478e-01 7.072991738676392970e-02 9.822195533155115843e-01 3.035370770217968328e+01
9.839642270074492325e-01 -1.194214423043059997e-02 1.779146352384099183e-01 -9.754581986483755074e+00 2.418600166930793757e-02 9.974738833973039176e-01 -6.674302100415356598e-02 -1.264259036479900844e-01 -1.766672933134225687e-01 6.997672165041746162e-02 9.817675847475300088e-01 3.109304033578219872e+01
9.818726306835233730e-01 -1.475512708120724735e-02 1.888986648152898296e-01 -9.691513243785621512e+00 2.812459264025469682e-02 9.972705277643915123e-01 -6.824888733612537173e-02 -1.941686532102659402e-01 -1.873749942502510868e-01 7.232775859750881220e-02 9.796079835770793443e-01 3.191745139877597737e+01
9.804646701744776927e-01 -1.755575667541892093e-02 1.958538575994376862e-01 -9.423143241761749778e+00 3.163723163191614618e-02 9.971158946403071432e-01 -6.899082649438571802e-02 -2.675245267961348095e-01 -1.940771725026587402e-01 7.384327793911936444e-02 9.781928483665204288e-01 3.273216067932904139e+01
9.789665956483079023e-01 -1.785455798507880332e-02 2.031850478381623526e-01 -9.364802573736719538e+00 3.301476772884989752e-02 9.968974408374653429e-01 -7.145430307966438299e-02 -3.397211573406713758e-01 -2.012781698747222459e-01 7.666323068200139867e-02 9.765191241053524651e-01 3.355675163237324909e+01
9.795612756410622124e-01 -1.646860557338539893e-02 2.004226489492524355e-01 -9.107326701434132588e+00 3.152203703329625739e-02 9.968969126734708031e-01 -7.211320530216300262e-02 -4.096654902205152937e-01 -1.986126996187972393e-01 7.695815960910380726e-02 9.770406520174985676e-01 3.440405337428179422e+01
9.798322168176935021e-01 -1.985472244038905335e-02 1.987856293949409325e-01 -9.045837802631254476e+00 3.472649198859673741e-02 9.968294032265088145e-01 -7.155870315982770791e-02 -4.825677363873430714e-01 -1.967335328829805385e-01 7.702055598073140330e-02 9.774152661328610048e-01 3.528141743844808076e+01
9.812351588838120753e-01 -1.795773124461842035e-02 1.918836387551928757e-01 -8.780426968028280044e+00 3.203692527805413609e-02 9.969977721202798460e-01 -7.044464795868438101e-02 -5.621461074817702963e-01 -1.900408392844279426e-01 7.527409933207493409e-02 9.788651954073462891e-01 3.615167732049825844e+01
9.825428238223420374e-01 -1.679115467969183317e-02 1.852778579553751859e-01 -8.722742050593991436e+00 3.008714180583666603e-02 9.971500067358815000e-01 -6.917271800633864598e-02 -6.426084355356473932e-01 -1.835880911133847548e-01 7.353949706927773167e-02 9.802476625486187256e-01 3.708536654040592850e+01
9.843485560607662110e-01 -1.473395206244650438e-02 1.755174413961482771e-01 -8.486014618331024550e+00 2.702198041134440398e-02 9.973335494639873344e-01 -6.773833820566693698e-02 -7.194823506044890626e-01 -1.740496389407648059e-01 7.142479109014820970e-02 9.821225567028775139e-01 3.798477365042887754e+01
9.851984585968348584e-01 -1.255550900500575044e-02 1.708641123755108848e-01 -8.428281054602695832e+00 2.435958569190744410e-02 9.974470467834217757e-01 -6.708265180908508374e-02 -7.956813960536136543e-01 -1.695844078114700226e-01 7.025470753984860983e-02 9.829893770698474587e-01 3.890675336758626912e+01
9.865135172681559483e-01 -8.344068194736459221e-03 1.633534018686627620e-01 -8.196110457301935881e+00 1.929251532378589359e-02 9.976656681094699941e-01 -6.546109862174678828e-02 -8.743234640461452489e-01 -1.624248085115594931e-01 6.773251097530168241e-02 9.843717947134691393e-01 3.984914661572704375e+01
9.865063821867906535e-01 -3.939987933773811575e-03 1.636412860864648045e-01 -8.133026726403496554e+00 1.499036512991286201e-02 9.976848137386771231e-01 -6.630749182033381095e-02 -9.452517045208135293e-01 -1.630006319729835895e-01 6.786685787139386250e-02 9.842815232670373282e-01 4.079643562713714289e+01
9.868248417262924788e-01 -1.522054081190895919e-03 1.617254232030434502e-01 -7.918810645814460258e+00 1.227060076309904012e-02 9.977798820001346769e-01 -6.543631539906692718e-02 -1.017459353152164736e+00 -1.612664435515344108e-01 6.655939112158112958e-02 9.846525714052564160e-01 4.178653572300066799e+01
9.866089913335696071e-01 -1.777042767624372865e-04 1.630102878647890219e-01 -7.804040720334200820e+00 1.102487098464162082e-02 9.977849639618833200e-01 -6.556635596431220625e-02 -1.087201036848741031e+00 -1.626370951561354194e-01 6.648679266519294528e-02 9.844256033250000648e-01 4.277048389275945794e+01
9.866110017863246595e-01 -7.789390266777217490e-04 1.629621939806265851e-01 -7.635002096909666136e+00 1.151304911384203218e-02 9.978265393377426795e-01 -6.483332295157655245e-02 -1.164581522617941678e+00 -1.625568365827230188e-01 6.584312226992121431e-02 9.844755371840384628e-01 4.376223064930912443e+01
9.866359621280628156e-01 -7.858494919616765056e-04 1.628348843813470781e-01 -7.484922793307187128e+00 1.142071694343864408e-02 9.978624957232390402e-01 -6.429191523521526896e-02 -1.241124249364619958e+00 -1.624356969505345860e-01 6.529380385378771856e-02 9.845360351182114167e-01 4.478850534912239567e+01
9.866385494126295175e-01 -1.238328486394556487e-03 1.628250290192153060e-01 -7.313280951039200062e+00 1.177034153971913584e-02 9.978998509564351860e-01 -6.364688734480072885e-02 -1.324027793559314992e+00 -1.624035717448762961e-01 6.471455725851335550e-02 9.845811484285430515e-01 4.581452672201050547e+01
9.866798780243890565e-01 -8.609462962892419679e-04 1.625722347066330120e-01 -7.180451760971926944e+00 1.126269750903489617e-02 9.979479338356469498e-01 -6.298939864387319287e-02 -1.402617516523696262e+00 -1.621838922161166763e-01 6.398259850060740439e-02 9.846649480352889228e-01 4.684477915324045938e+01
9.865430905404829476e-01 8.334330772064575503e-04 1.633921827129616311e-01 -6.999749136102666469e+00 9.583276841782601904e-03 9.979730316468904405e-01 -6.288027202602300414e-02 -1.484851974509296291e+00 -1.631130861565557866e-01 6.360087449801912762e-02 9.845354773151904215e-01 4.789701941684763398e+01
9.865029177064640331e-01 1.081292466787764882e-03 1.636721890170018956e-01 -6.853546111652960349e+00 9.265051943473021773e-03 9.980075173536269162e-01 -6.237065387556577772e-02 -1.566128450264423266e+00 -1.634132614371256453e-01 6.304579588735903517e-02 9.845273957695297451e-01 4.890345483819088912e+01
9.867257030321125999e-01 2.046192528296269641e-03 1.623453775090173412e-01 -6.708318868873398344e+00 8.073907783873178132e-03 9.980658754947999700e-01 -6.160373410571682445e-02 -1.653574134333962942e+00 -1.621573513181428228e-01 6.209683195573641179e-02 9.848009331269879096e-01 4.995228078207733802e+01
9.871307961208140025e-01 2.350580398657123489e-03 1.598269182599304228e-01 -6.521282929232260273e+00 7.399231883379254332e-03 9.981496665469965501e-01 -6.031605130552340766e-02 -1.739097050451638315e+00 -1.596728972283234516e-01 6.072253731212004513e-02 9.852870021606808804e-01 5.099977730919310659e+01
9.873978514470570511e-01 1.015719106450253557e-03 1.581486969383567587e-01 -6.372625945562516492e+00 8.372647793174569850e-03 9.982437042524582305e-01 -5.861361447040208672e-02 -1.815904272525729057e+00 -1.579300860777248794e-01 5.920015627400455199e-02 9.856552315624478311e-01 5.199739818437443262e+01
9.881116337979894970e-01 3.761653896417840214e-05 1.537041964634696112e-01 -6.210058803872954059e+00 8.732812050750727792e-03 9.983717242877773179e-01 -5.636851831753691977e-02 -1.897293656565611331e+00 -1.534559729547591567e-01 5.704092887241390269e-02 9.865022671812623267e-01 5.308987067150735584e+01
9.886063081040409317e-01 1.411199070131932358e-05 1.503806544569297188e-01 -6.043449858872104841e+00 8.336710758165392227e-03 9.984599610724952390e-01 -5.478807829849911826e-02 -1.984549339105464272e+00 -1.501493421504300207e-01 5.541877716186047881e-02 9.870837328261802268e-01 5.412488407128189039e+01
9.888476091724411887e-01 -6.278768344980795559e-04 1.487943416022723120e-01 -5.912623520564571855e+00 8.838086227045269944e-03 9.984761719990372653e-01 -5.443317665865729515e-02 -2.060966437155739239e+00 -1.485330486727107213e-01 5.514230151106801897e-02 9.873463309615477801e-01 5.510812807403895164e+01
9.890806411921203578e-01 -6.683636119432928568e-04 1.472067646595025814e-01 -5.751715051710997173e+00 8.770094746040962494e-03 9.984844697445968142e-01 -5.426458500813631514e-02 -2.146339265732172485e+00 -1.469468039967918582e-01 5.496463582066554027e-02 9.875876200050555109e-01 5.618243677482186627e+01
9.889428722809084915e-01 5.939781760618860961e-04 1.481690162213805118e-01 -5.605069078000322946e+00 7.677178325158669735e-03 9.984460898546190233e-01 -5.512890095464689777e-02 -2.227662300391588968e+00 -1.479711854529675852e-01 5.565756821383983227e-02 9.874015513799452304e-01 5.718023666020248186e+01
9.885454592609397295e-01 2.672458784732873686e-03 1.508032373416525740e-01 -5.453301176230377578e+00 6.213032608546450487e-03 9.982750263157981196e-01 -5.833932558445537736e-02 -2.305396648372908253e+00 -1.506988080863160551e-01 5.860852944341617826e-02 9.868237114104144725e-01 5.813659515983685822e+01
9.879153865043452942e-01 3.507119451433777461e-03 1.548571191838412908e-01 -5.295741515371614305e+00 5.879862790821178964e-03 9.981763543017868612e-01 -6.003466554239060560e-02 -2.393411588436567428e+00 -1.547851495496823937e-01 6.021993056284217355e-02 9.860931556629843886e-01 5.922604174647862152e+01
9.870601367477138677e-01 3.440006459595852054e-03 1.602054020981747706e-01 -5.125548375872161166e+00 6.403941267391663299e-03 9.981265202675020376e-01 -6.081571418999147383e-02 -2.458075521391560603e+00 -1.601143457428402528e-01 6.105513485389071904e-02 9.851888808570988809e-01 6.024913176568033180e+01
9.861872441420874713e-01 1.137495779600239810e-04 1.656245605247299579e-01 -4.960493159227181259e+00 9.693828008838953694e-03 9.982460512875458436e-01 -5.838923582418333730e-02 -2.537568551109579573e+00 -1.653405646024699860e-01 5.918854808205336465e-02 9.844564178577205338e-01 6.115526717270329726e+01
9.851355346490382470e-01 2.485734497361722414e-03 1.717782894714137976e-01 -4.799620962392434187e+00 7.479934335605986293e-03 9.983261455563885445e-01 -5.734252206278417363e-02 -2.622104248686459194e+00 -1.716333178833655271e-01 5.777501690793825778e-02 9.834680535477776653e-01 6.222317565976568687e+01
9.842670466394920492e-01 2.191964470032364398e-03 1.766071351972741399e-01 -4.633216080917644142e+00 8.098831605778207890e-03 9.983123426556476110e-01 -5.748898142785998505e-02 -2.707679043941308095e+00 -1.764349573269992089e-01 5.801540871951225281e-02 9.825881331352805947e-01 6.325170444098994693e+01
9.830048639717950953e-01 2.191414342449682362e-03 1.834558100569850525e-01 -4.457416272140588553e+00 8.900555662747935623e-03 9.981839325788829376e-01 -5.954635350261255899e-02 -2.787065135881744204e+00 -1.832528177085104293e-01 6.016816064653410234e-02 9.812000765496032839e-01 6.415696081801741002e+01
9.818127863512728926e-01 4.253085530068399095e-03 1.897554426203432176e-01 -4.288051149702057252e+00 7.597753004089269346e-03 9.980678554106063860e-01 -6.164708521276803660e-02 -2.865264721516326940e+00 -1.896509229403076646e-01 6.196790567196040767e-02 9.798836004103622654e-01 6.516573113981715437e+01
9.813659432970340823e-01 5.465906572544540834e-03 1.920460464442339255e-01 -4.115288517583540973e+00 6.552328018881266834e-03 9.980620002286847425e-01 -6.186622929277898336e-02 -2.954560248329653582e+00 -1.920120736838228925e-01 6.197154087956827095e-02 9.794283410926590827e-01 6.617094729229584971e+01
9.805966504723339083e-01 5.434031000815266015e-03 1.959451997718757721e-01 -3.921411560933666163e+00 6.653890393114657124e-03 9.981171555419851016e-01 -6.096492439529711121e-02 -3.036543428867118255e+00 -1.959076140883105055e-01 6.108568425483326680e-02 9.787141725013062121e-01 6.711749258509490801e+01
9.797534019047533516e-01 2.129778322883356043e-03 2.002052595292347636e-01 -3.730782689973703103e+00 8.767953266772066448e-03 9.985276135656536711e-01 -5.353142218493694982e-02 -3.106396235971469633e+00 -2.000245151406583322e-01 5.420286633918870028e-02 9.782921132298496580e-01 6.808255205628699969e+01
9.795254865159485069e-01 -4.220955828384290393e-04 2.012828777138192526e-01 -3.526100944778442603e+00 8.910560355315670644e-03 9.991087399943577863e-01 -4.124851080544870985e-02 -3.180954188511853520e+00 -2.010859672761143579e-01 4.219796342194152838e-02 9.786561844851772163e-01 6.906336934119964610e+01
9.790658705872161693e-01 -7.070011834970074812e-04 2.035628289964050708e-01 -3.323418679683617594e+00 8.447203890321289266e-03 9.992735967844842415e-01 -3.717050435184366536e-02 -3.247171027880651817e+00 -2.033887672302228666e-01 3.811180640053982854e-02 9.783606192219278519e-01 7.002800673815552557e+01
9.788049986518526646e-01 3.283400266556603625e-04 2.047039120145764113e-01 -3.131686536361609541e+00 8.831528297704652544e-03 9.990006857227911041e-01 -4.380495807354296139e-02 -3.311784070945998693e+00 -2.045136370066739095e-01 4.468534291002203979e-02 9.778240220081081402e-01 7.097505439996136545e+01
9.785191615270885102e-01 4.099269511640769902e-04 2.061587090426245383e-01 -2.932350333547566912e+00 9.948690679038302634e-03 9.987389701276832010e-01 -4.921119990859820770e-02 -3.375445847294914703e+00 -2.059189945434824753e-01 5.020492637572677996e-02 9.772811673564592017e-01 7.192399200742080723e+01
9.784605090758790036e-01 -4.275042849503031886e-03 2.063529670598110710e-01 -2.722470052552718567e+00 1.489560360677756080e-02 9.986415073511658580e-01 -4.993940244254885946e-02 -3.444739930108049020e+00 -2.058591190959338513e-01 5.193833863742614715e-02 9.771948704938843155e-01 7.286228720784004054e+01
9.786095345985174054e-01 -7.634967585620706758e-03 2.054944458527881712e-01 -2.513204812251821352e+00 1.818911198868515544e-02 9.986086100669683274e-01 -4.948272735155103547e-02 -3.509232898213592300e+00 -2.048303519389391147e-01 5.216413510554747390e-02 9.773869578735772112e-01 7.381768753820571760e+01
9.786111682715734617e-01 -9.100383066334380780e-03 2.055031565714610375e-01 -2.316082534156181705e+00 1.919122954719782934e-02 9.987030122465251347e-01 -4.714830064456216469e-02 -3.573585669999844505e+00 -2.048073065918677993e-01 5.008417379230192118e-02 9.775165852060838656e-01 7.476920431976341774e+01
9.788383065078974932e-01 -7.158439721602979575e-03 2.045091821078442451e-01 -2.131974364122440235e+00 1.593861261402547413e-02 9.990189140225547160e-01 -4.131379041173864619e-02 -3.637943999811283469e+00 -2.040127889778553805e-01 4.369903261124358923e-02 9.779920693636521278e-01 7.570999452345121483e+01
9.791013808854805989e-01 -6.609005806838427061e-03 2.032155036948171123e-01 -1.940621662055948216e+00 1.418558582524382175e-02 9.992568306567688463e-01 -3.584543878175032450e-02 -3.685800549242502111e+00 -2.028276019495143523e-01 3.797984145172726700e-02 9.784674620379206766e-01 7.665730480560092985e+01
9.790976101796350362e-01 9.015796303624662271e-04 2.033949071320294011e-01 -1.768676079471799722e+00 6.039995519584320273e-03 9.994203394266938378e-01 -3.350403948619887218e-02 -3.743316313245224958e+00 -2.033072171308878406e-01 3.403220183264216853e-02 9.785245656715340079e-01 7.757862438780151138e+01
9.794868604867964512e-01 1.030086993837404756e-02 2.011884998820464843e-01 -1.592522747963465157e+00 -3.854330408694844022e-03 9.994676009434574349e-01 -3.238505579281782815e-02 -3.795429157673437803e+00 -2.014151212012121051e-01 3.094457104184066346e-02 9.790050713074782696e-01 7.853658442725964051e+01
9.798874757587072715e-01 6.539539623461491230e-03 1.994210796333510394e-01 -1.408699052773373372e+00 -3.944165359167655814e-04 9.995244710200242855e-01 -3.083631912127672917e-02 -3.842660413999801516e+00 -1.995279124927144265e-01 3.013723642964095950e-02 9.794239530511333891e-01 7.947886773718239795e+01
9.804377474135265169e-01 1.585408486739941277e-03 1.967707909660453558e-01 -1.220634323159432322e+00 4.662394316626977502e-03 9.995000010768502197e-01 -3.127089379986493223e-02 -3.897763269314848067e+00 -1.967219300750778777e-01 3.157697800805921162e-02 9.799400405301620376e-01 8.039812074910702222e+01
9.817176809851480002e-01 1.826208327165940995e-03 1.902238257059683246e-01 -1.042537488456325656e+00 4.556185442809040226e-03 9.994420214067050168e-01 -3.307520709039267481e-02 -3.949070462954189509e+00 -1.901780451856867893e-01 3.333751845306843348e-02 9.811615194366080095e-01 8.134647095828357521e+01
9.835055804076351382e-01 -3.319086666274563037e-03 1.808010755080727006e-01 -8.707606235908190717e-01 9.382122326493528078e-03 9.994218769592864149e-01 -3.266434854308368496e-02 -3.998845292612315028e+00 -1.805879388940140051e-01 3.382260514084835246e-02 9.829681954040750957e-01 8.227711067637777376e+01
9.850112778803036262e-01 -1.093486520284240454e-02 1.720640437505252807e-01 -7.091661115793410630e-01 1.640712226433925849e-02 9.994030770804983588e-01 -3.037944714128703108e-02 -4.048051782514849428e+00 -1.716287038146110389e-01 3.274960475181165620e-02 9.846027930570816489e-01 8.319315150947006998e+01
9.869174920653553951e-01 -8.533997538872835006e-03 1.609036451179094440e-01 -5.613145264820317282e-01 1.356489729335746096e-02 9.994524549679802972e-01 -3.014365195115287568e-02 -4.108382529684796225e+00 -1.605577030347143386e-01 3.193452907652113287e-02 9.864929522701008091e-01 8.412947807017404500e+01
9.888283685183060223e-01 -6.141447824630272452e-03 1.488043767637289849e-01 -4.371431276471446914e-01 1.059813518861231138e-02 9.995188393488466660e-01 -2.912199569297858545e-02 -4.145165075882021988e+00 -1.485534823147971195e-01 3.037583695428326333e-02 9.884177095065048713e-01 8.506196726567145561e+01
9.907310493644378990e-01 -7.031233584484868938e-03 1.354589833100117713e-01 -3.107859672538715867e-01 1.061599382452476509e-02 9.996126447258572023e-01 -2.567900724964151601e-02 -4.191770501112842773e+00 -1.352252786012742569e-01 2.688251091701710296e-02 9.904221254592655566e-01 8.599501615294894918e+01
9.924335801401849011e-01 -5.903029427523555361e-03 1.224698844821566768e-01 -2.086299944169962006e-01 8.831085120234706543e-03 9.996883993683348679e-01 -2.331559219017485460e-02 -4.243958655058087892e+00 -1.222936917288502956e-01 2.422292666906462888e-02 9.921764881275889625e-01 8.693382107105972523e+01
9.938383911917711977e-01 -5.572640671891972847e-03 1.105831501055659638e-01 -1.203910346159524913e-01 8.001478775753015013e-03 9.997365964951969719e-01 -2.148628214189160848e-02 -4.276245392276091017e+00 -1.104339779970785335e-01 2.224024470587556562e-02 9.936211597548961771e-01 8.786266080479050800e+01
9.953722770272634968e-01 -5.554924402972426407e-03 9.561902507354806680e-02 -2.697777311362100500e-02 7.459325361288449835e-03 9.997818271375172872e-01 -1.943578821720905875e-02 -4.333447962273997867e+00 -9.548935382027334828e-02 2.006323188846698136e-02 9.951966191018211116e-01 8.881605306781874276e+01
