7.776253459942842339e-01 -6.283675106454399417e-01 2.128597736827828046e-02 -6.595798541421916639e+01 6.274014129428150399e-01 7.777379003437248084e-01 3.861638779448594433e-02 2.571167859362826036e+01 -4.082019481370888908e-02 -1.667422964301003632e-02 9.990273678739655105e-01 -8.851439472168027844e-01 -4.809208017785018303e-24 -1.416202385148814181e-23 -3.430527606006730092e-24 9.999999999999997780e-01
7.495353747247599507e-01 -6.613833816762842988e-01 2.772624169729163979e-02 -6.555852456559530594e+01 6.606322130795928560e-01 7.500264736677534350e-01 3.202136535308510584e-02 2.609064520177222235e+01 -4.197381419139468300e-02 -5.684297666261709479e-03 9.991025411249174759e-01 -8.926539727091783449e-01 -4.809208017785018303e-24 -1.416202385148814181e-23 -3.430527606006730092e-24 9.999999999999997780e-01
7.211279880027287037e-01 -6.927068142337395873e-01 1.147581950364717253e-02 -6.520613684100985097e+01 6.923557471288892540e-01 7.211591028128474523e-01 2.393883555584699202e-02 2.648773867979390317e+01 -2.485848621164850336e-02 -9.317614733152334086e-03 9.996475567513526395e-01 -9.019809304304535758e-01 -1.621146100071595189e-18 -7.541583534309110137e-19 -7.885240002512180283e-20 9.999999999999997780e-01
6.910227056036667426e-01 -7.226947595956447756e-01 -1.413876915371935217e-02 -6.487051634806928746e+01 7.228291737228643710e-01 6.909508640571817573e-01 1.024153668938989660e-02 2.690117956056112902e+01 2.367689867838675133e-03 -1.729704921748286342e-02 9.998475914523452523e-01 -9.077379720104279404e-01 -4.100631727548891400e-18 -5.469221564314853201e-18 -1.192552999871262312e-19 9.999999999999997780e-01
6.563176263181004222e-01 -7.539469822123153753e-01 -2.848019306674383702e-02 -6.453088790394039620e+01 7.539971579554505254e-01 6.567828714382394351e-01 -1.115999912417525025e-02 2.732334189246352096e+01 2.711935064265505110e-02 -1.414948049545672153e-02 9.995320570258999782e-01 -9.273244709535155561e-01 -7.113440500251035432e-18 -6.899301810755831552e-18 -6.098302353367868757e-20 1.000000000000000000e+00
6.189059737443748377e-01 -7.849696736832680877e-01 -2.789277793826216295e-02 -6.419326769620394657e+01 7.842603153037511765e-01 6.195330025789278494e-01 -3.338587358758893925e-02 2.776703944404987823e+01 4.348739476203874327e-02 -1.212482218525650452e-03 9.990532400146036052e-01 -9.386454684961664796e-01 -1.189494553463549416e-17 -7.674058301272885657e-18 1.244277373510812868e-19 1.000000000000000222e+00
5.861137090926621385e-01 -8.099230356899952410e-01 -2.225749923841927394e-02 -6.386831943223137387e+01 8.089645955207604988e-01 5.865123216619665403e-01 -3.974392699054951628e-02 2.825841207327338367e+01 4.524381955114131770e-02 5.288931593627398293e-03 9.989619732477393876e-01 -9.604448840622256123e-01 -1.752011178100678622e-17 -7.779715843207474989e-18 4.514590501358307982e-19 1.000000000000000444e+00
5.573212182264309922e-01 -8.301439407229810330e-01 -1.594043272722715440e-02 -6.356557232662918011e+01 8.297996158324854044e-01 5.575491263652484486e-01 -2.390751458467381754e-02 2.876358068849172156e+01 2.873425271116173893e-02 9.680019983967754274e-05 9.995870814245486624e-01 -9.313029139153105040e-01 -2.191433481332910497e-17 -8.656589713572151204e-18 7.460329656335541049e-19 1.000000000000000666e+00
5.286665552797239487e-01 -8.487929304942554154e-01 -7.888882788450204270e-03 -6.328498243988883587e+01 8.487532036870271135e-01 5.287208304886104049e-01 -8.501919692144857196e-03 2.927577107730989425e+01 1.138738598985790385e-02 -2.201033943297819873e-03 9.999327391829374578e-01 -8.754996676703491465e-01 -2.468626300460984323e-17 -9.316031561050584472e-18 9.569869917949030557e-19 1.000000000000000888e+00
4.987659240081079859e-01 -8.667141925690661219e-01 -6.249915815056149293e-03 -6.301021115474044620e+01 8.666994404524894779e-01 4.987983857179302816e-01 -5.678936919831710679e-03 2.979463792693826463e+01 8.039463146544131161e-03 -2.584338319581025098e-03 9.999643434781851914e-01 -8.680819628553051448e-01 -2.797821404998803289e-17 -1.208125421418816333e-17 1.122275312066195264e-18 1.000000000000000888e+00
4.712455643483051682e-01 -8.819915491918663975e-01 -4.304095280574881874e-03 -6.274885875565954763e+01 8.818716880693217020e-01 4.712542007620461604e-01 -1.489308718505909061e-02 3.031698875546144478e+01 1.516390002004919246e-02 3.222641504719727431e-03 9.998798281383142195e-01 -8.631675870730415312e-01 -3.204366764010567618e-17 -1.585533576669490194e-17 1.288824943754154438e-18 1.000000000000000888e+00
4.458214893926369937e-01 -8.951055084772496784e-01 -5.415559936026852726e-03 -6.250049050168006914e+01 8.948540802506350644e-01 4.458279321513525795e-01 -2.176304143384172676e-02 3.085406333083219366e+01 2.189462615636907777e-02 4.856295640153389555e-03 9.997484892402275225e-01 -8.586884073305839360e-01 -3.807832080547772525e-17 -1.778196774734063103e-17 1.535962965409363459e-18 1.000000000000000888e+00
4.227140700658718053e-01 -9.062449567273707096e-01 -5.735274584246977461e-03 -6.226168870807970279e+01 9.060023264004770649e-01 4.227357782906124850e-01 -2.131305491868581634e-02 3.141057118379503166e+01 2.173935429759247390e-02 3.813156074341957774e-03 9.997564004873709109e-01 -8.540326728740545992e-01 -4.425946048734669510e-17 -2.248160336982505737e-17 1.847165944069119058e-18 1.000000000000000888e+00
4.030668542282709876e-01 -9.151565942782272645e-01 -5.051630588934088659e-03 -6.202882539401618089e+01 9.150486747024544343e-01 4.030971198777505426e-01 -1.409378840336987689e-02 3.198833585810454139e+01 1.493432113678931639e-02 1.058251080414939101e-03 9.998879167970882165e-01 -8.474757496964269166e-01 -5.000410056901172531e-17 -2.579387978746086718e-17 2.126598363699253353e-18 1.000000000000001110e+00
3.858967706925679475e-01 -9.225392768107013586e-01 -2.228252822507222064e-03 -6.180181569853989032e+01 9.225245165568389805e-01 3.859032015947955752e-01 -5.218749895741526916e-03 3.257193793532022852e+01 5.674391652838963428e-03 -4.171912603050243184e-05 9.999838996398244806e-01 -8.428764315197366797e-01 -5.593250242089170634e-17 -2.725031088096769309e-17 2.359965896672725070e-18 1.000000000000001332e+00
3.696416169758475201e-01 -9.291732960028025179e-01 1.435616513738017207e-03 -6.157730892630770114e+01 9.291726992906544913e-01 3.696434577062016613e-01 1.345015963388814005e-03 3.316103025967023399e+01 -1.780419167959353122e-03 8.367617956517345952e-04 9.999980649667619126e-01 -8.398762431841080289e-01 -6.235339903436023139e-17 -2.986335219878644892e-17 2.531630569130228268e-18 1.000000000000001776e+00
3.555294726011105078e-01 -9.346632888593867650e-01 1.824985078119152528e-03 -6.136182238090643892e+01 9.346580811212557016e-01 3.555336873341652382e-01 3.173100270344556516e-03 3.375794574109976054e+01 -3.614624008717317108e-03 5.776063855651410520e-04 9.999933004096183131e-01 -8.407905545223859356e-01 -6.895123421233195425e-17 -3.136851364541607652e-17 2.658074688208442611e-18 1.000000000000002220e+00
3.425493832339044364e-01 -9.394997520412582404e-01 3.687282044039468095e-04 -6.115748782411976237e+01 9.394974009518048952e-01 3.425493646842295847e-01 2.136904129215622377e-03 3.435798962143848456e+01 -2.133928511696820112e-03 -3.855760017956723308e-04 9.999976488373528705e-01 -8.455908670508616165e-01 -7.594648802605216374e-17 -3.224032816790240727e-17 2.768982964070743316e-18 1.000000000000002442e+00
3.303294789491996175e-01 -9.438557526155514354e-01 -4.330541730738816930e-03 -6.096081080060885427e+01 9.438655898745387240e-01 3.303238852990186269e-01 1.969530851296650512e-03 3.497152595680661591e+01 -4.284716540062102831e-04 -4.738043425040742995e-03 9.999886836142304336e-01 -8.506895828529732473e-01 -8.319252051320116981e-17 -3.028434089873242024e-17 2.893183234195027158e-18 1.000000000000002442e+00
3.198872826173030925e-01 -9.474270564574019948e-01 -7.355209866382541803e-03 -6.076521252260198480e+01 9.474555936585851157e-01 3.198789205360752508e-01 2.318241091403727000e-03 3.559842998164329231e+01 1.564122589840280498e-04 -7.710310573614842858e-03 9.999702628808710969e-01 -8.573112519236038009e-01 -8.915139980732178242e-17 -3.111049857888680482e-17 3.025599597819210772e-18 1.000000000000002220e+00
3.117830431049909978e-01 -9.501071066312015700e-01 -9.371230499454714924e-03 -6.057033000388581456e+01 9.501532276725508375e-01 3.117722266433133882e-01 2.631090520889326021e-03 3.622789637846342714e+01 4.218715971121490458e-04 -9.724434315604379986e-03 9.999526275787117280e-01 -8.603023468502347670e-01 -9.366689344289118022e-17 -3.437062741892445296e-17 3.137324722541509213e-18 1.000000000000001998e+00
3.057996515714069830e-01 -9.520320215745519121e-01 -1.102737482229774850e-02 -6.037315514662488880e+01 9.520941217649672161e-01 3.058008604357283500e-01 1.617732174700262050e-03 3.686916492814349056e+01 1.832047876356140493e-03 -1.099380068216383385e-02 9.999378880446074813e-01 -8.579914944616268135e-01 -9.806128308132583827e-17 -4.028318847127593987e-17 3.236406280992850448e-18 1.000000000000001776e+00
3.011962051386768424e-01 -9.534773926650113030e-01 -1.271643372894084266e-02 -6.017328177050784177e+01 9.535595867634899525e-01 3.011997478769516401e-01 1.681181230033030509e-03 3.752009184927884888e+01 2.227218337237944160e-03 -1.263224269830580740e-02 9.999177295872181404e-01 -8.587894950743908407e-01 -1.019885400572246709e-16 -4.848618705898670317e-17 3.303790886038406349e-18 1.000000000000001332e+00
2.978923306961447359e-01 -9.545135330806808760e-01 -1.280915603160052985e-02 -5.997401922297701304e+01 9.545959259563838728e-01 2.979009978530475777e-01 1.270285659951137045e-03 3.817440725841034777e+01 2.603355510163757932e-03 -1.260597651859296509e-02 9.999171525161799634e-01 -8.649166021151409867e-01 -1.055313377433656150e-16 -5.383718129336865046e-17 3.404434663089702773e-18 1.000000000000000888e+00
2.956625183770301701e-01 -9.552190676045445583e-01 -1.184095062237140034e-02 -5.977087276114409065e+01 9.552831536640975507e-01 2.956916249131160690e-01 -7.478514841807084451e-04 3.883348960819942164e+01 4.215631927467068489e-03 -1.109034899972900952e-02 9.999296138261326572e-01 -8.671535045743806736e-01 -1.097890532725356168e-16 -5.688261362365684806e-17 3.492454166727500121e-18 1.000000000000000666e+00
2.947561969467241139e-01 -9.555086017294125433e-01 -1.104972319059802088e-02 -5.956642389667415216e+01 9.555589587326639434e-01 2.947938543201832351e-01 -1.913071044645104800e-03 3.950195868606699889e+01 5.085346327401780303e-03 -9.994772440676910619e-03 9.999371199113218367e-01 -8.647178022479647952e-01 -1.140821462415980940e-16 -5.735487364549198603e-17 3.568775411643689250e-18 1.000000000000000222e+00
2.944747124014581163e-01 -9.555989552277190935e-01 -1.073687681540957950e-02 -5.936001276883674649e+01 9.556480384661715233e-01 2.945071396403336483e-01 -1.539895012749301073e-03 4.018086780413766235e+01 4.633608944916926820e-03 -9.807215126884004375e-03 9.999411723694336951e-01 -8.636430127958709679e-01 -1.188281963148751611e-16 -5.781952653011090679e-17 3.650407271639635774e-18 9.999999999999997780e-01
2.934765749403506208e-01 -9.558897433457357318e-01 -1.209539282868524884e-02 -5.915344855442780414e+01 9.559614229324177037e-01 2.934918674988194476e-01 5.306383922938238875e-04 4.086962977754019022e+01 3.042667632799866094e-03 -1.171845887733085137e-02 9.999267072616723206e-01 -8.645288447215504490e-01 -1.244624841245753921e-16 -5.606769096173166334e-17 3.735728011357051236e-18 9.999999999999991118e-01
2.928687572066552836e-01 -9.560941193698703211e-01 -1.057950653641563307e-02 -5.894451351970182174e+01 9.561523700897115452e-01 2.928422693732962157e-01 4.006300056752322425e-03 4.156626378717006531e+01 -7.322732217222837356e-04 -1.128894036778287265e-02 9.999360097532499214e-01 -8.660226357802868202e-01 -1.303949664866845287e-16 -5.256994274229653881e-17 3.842568943159386663e-18 9.999999999999983347e-01
2.923827864824793399e-01 -9.562794963957788053e-01 -6.467684419130573584e-03 -5.872720389955620135e+01 9.562973302294045519e-01 2.923552117257670058e-01 4.883274814496460677e-03 4.226824771621713950e+01 -2.778914332642217540e-03 -7.612814840193874409e-03 9.999671608034373937e-01 -8.723125847954389389e-01 -1.362856563263236583e-16 -4.996384779388943978e-17 3.904846525369268128e-18 9.999999999999975575e-01
2.918284890006719312e-01 -9.564686841577049181e-01 -1.946595278488144620e-03 -5.850704460633988901e+01 9.564698019490851522e-01 2.918248872819253492e-01 1.937297702180929221e-03 4.296773091184840609e+01 -1.284899636301858579e-03 -2.427218261652621528e-03 9.999962288150783252e-01 -8.777716076905659470e-01 -1.419083938144580866e-16 -4.772184685653233693e-17 3.941426181075666145e-18 9.999999999999966693e-01
2.914916469121774933e-01 -9.565733567549117300e-01 1.814580596829121597e-04 -5.828321430886826704e+01 9.565693709028535441e-01 2.914898730406714211e-01 -2.948315666501536651e-03 4.368162000490672625e+01 2.767387027096208148e-03 1.032986611252283008e-03 9.999956372443049579e-01 -8.779200770253089425e-01 -1.478681958976225923e-16 -4.412396848493465906e-17 3.972813687721634015e-18 9.999999999999958922e-01
2.913055651549462666e-01 -9.566240329787623065e-01 -3.395178516962775971e-03 -5.806742114293868440e+01 9.566098020171878158e-01 2.913206582653160015e-01 -5.473641613784152420e-03 4.440595075688337090e+01 6.225302756145557025e-03 -1.653358785154431443e-03 9.999792557899681578e-01 -8.778234986292610120e-01 -1.542718066345653628e-16 -4.028401652782611432e-17 4.012195602417456953e-18 9.999999999999952260e-01
2.909116348948541098e-01 -9.567019489291107570e-01 -9.581315045353127474e-03 -5.784948261379811640e+01 9.567016457072484714e-01 2.909829728889317679e-01 -7.132362145689801099e-03 4.514537913691599158e+01 9.611544301329174797e-03 -7.091572739452220789e-03 9.999286613614786212e-01 -8.790429629320329896e-01 -1.599546327956372796e-16 -3.874830430094465764e-17 4.075783903289479093e-18 9.999999999999944489e-01
2.902787466049336351e-01 -9.569047932546337343e-01 -8.453751577109768628e-03 -5.762447244433728599e+01 9.568909564994910744e-01 2.903432591706612831e-01 -7.777481832939042543e-03 4.587985062488351673e+01 9.896799430504693920e-03 -5.831680754408864048e-03 9.999340202536075584e-01 -8.795858261577800263e-01 -1.668732735973964258e-16 -3.725992855001211966e-17 4.181791774655586578e-18 9.999999999999935607e-01
2.897578608126692989e-01 -9.570927676902283299e-01 -3.717005821256778517e-03 -5.738960364483479282e+01 9.570634124761500106e-01 2.897785541089735739e-01 -7.616697317888393090e-03 4.662302493995124308e+01 8.366994489132388232e-03 -1.350412354183545610e-03 9.999640842498398463e-01 -8.814113932109000071e-01 -1.741169186522415659e-16 -3.426369484561990992e-17 4.324498577782633914e-18 9.999999999999927836e-01
2.900737012124407488e-01 -9.569964629822145241e-01 -3.875268299942863804e-03 -5.716015935856929531e+01 9.569923307717772554e-01 2.900879525143763571e-01 -3.828661649970548433e-03 4.738685772903597382e+01 4.788184303548935136e-03 -2.598007987217410084e-03 9.999851617126619407e-01 -8.774913524039724688e-01 -1.818360610920941382e-16 -3.094634754319682820e-17 4.430732856372960033e-18 9.999999999999917843e-01
2.913024957950457461e-01 -9.566150018481007766e-01 -5.531200835679382470e-03 -5.692927237651873185e+01 9.566309429041142121e-01 2.912957482302988010e-01 2.006524693673452427e-03 4.815856824672550118e+01 -3.082563375087465614e-04 -5.875823521955111581e-03 9.999826896881218730e-01 -8.755388565546877722e-01 -1.893300756560789484e-16 -2.939450939230180592e-17 4.504521876426208998e-18 9.999999999999904521e-01
2.910592923775450758e-01 -9.566748137752699721e-01 -7.601908226461913561e-03 -5.669458850551357898e+01 9.566928067321988083e-01 2.910062454207457683e-01 7.364690964192462976e-03 4.894456746562825344e+01 -4.833411585669257146e-03 -9.416252658296689684e-03 9.999439845902554636e-01 -8.820908539572970275e-01 -1.969339515910080829e-16 -3.107295236160225848e-17 4.527819303769529801e-18 9.999999999999891198e-01
2.908207398527169474e-01 -9.567715672420110673e-01 -3.386057993023020626e-03 -5.644920453730237142e+01 9.567462374012100090e-01 2.907807623403538821e-01 9.120606964404039119e-03 4.973022002875561043e+01 -7.741736894995267931e-03 -5.892059909725268912e-03 9.999526734499910585e-01 -8.981638219795609057e-01 -2.035028120995720252e-16 -3.369741797259468670e-17 4.493836341578310461e-18 9.999999999999877875e-01
2.901557862314247394e-01 -9.569758746958909601e-01 2.606715635908128572e-03 -5.620437317751860462e+01 9.569447603079167530e-01 2.901673838479231216e-01 7.721079593177378360e-03 5.051342908527649911e+01 -8.145270753788175569e-03 2.541669494976940167e-04 9.999667944304061473e-01 -9.087811509047832859e-01 -2.097324681745314250e-16 -3.625099904095041173e-17 4.435702997642447100e-18 9.999999999999865663e-01
2.893826320442281497e-01 -9.572122773562933284e-01 1.532432537962376273e-03 -5.596729928740908377e+01 9.571936035171793034e-01 2.893865681016538072e-01 5.984946796039497009e-03 5.130221359573123152e+01 -6.172329945505016131e-03 -2.651050333061494681e-04 9.999809158490349237e-01 -9.110832705285317745e-01 -2.170820017243022779e-16 -3.987520637805237097e-17 4.385445355451260807e-18 9.999999999999854561e-01
2.900363764018373813e-01 -9.569941948455599201e-01 -6.404014018036727034e-03 -5.573887197629619550e+01 9.570102622717892027e-01 2.900058634270303304e-01 5.287445927080551208e-03 5.211059437678900252e+01 -3.202853443079854787e-03 -7.662258792086838743e-03 9.999655151653639162e-01 -9.205181195178070430e-01 -2.235381229305899358e-16 -4.147422800935765853e-17 4.351407287485884953e-18 9.999999999999842348e-01
2.892951976940649206e-01 -9.572010681321082570e-01 -8.625761291502921646e-03 -5.549478801438696252e+01 9.572388793961835729e-01 2.892965010505045842e-01 1.123500014551382601e-03 5.290889012289849802e+01 1.419987146550567630e-03 -8.581937231417618994e-03 9.999621662791859933e-01 -9.305874486711145366e-01 -2.296343927803251187e-16 -4.127757528527822942e-17 4.339097299641710678e-18 9.999999999999829026e-01
2.884370690465250520e-01 -9.574669271501174972e-01 -7.819246352364859695e-03 -5.524687400076838628e+01 9.574819118196467027e-01 2.884709284252512385e-01 -3.593325990949207318e-03 5.371040325273340699e+01 5.696116049652650247e-03 -6.450338529473649725e-03 9.999629730118526627e-01 -9.316798339942256035e-01 -2.368037910076451962e-16 -4.003913047073481922e-17 4.360552435615261211e-18 9.999999999999815703e-01
2.885929547760323621e-01 -9.574019208781940904e-01 -9.781020005270309875e-03 -5.500356151226142032e+01 9.574252157902007898e-01 2.886461016451306039e-01 -4.514883627199574312e-03 5.452344005647476166e+01 7.145811551854270791e-03 -8.061631582730729648e-03 9.999419720530714484e-01 -9.280867116342533807e-01 -2.437722889226625688e-16 -3.805388888591586472e-17 4.416695488477271733e-18 9.999999999999803491e-01
2.888959920467828457e-01 -9.572380041826640262e-01 -1.531369085684112542e-02 -5.476791244052149921e+01 9.573451624906442747e-01 2.889449171616070844e-01 -1.036678468326630376e-03 5.535163512415267206e+01 5.417161164065893882e-03 -1.436099560711281801e-02 9.998822011467092263e-01 -9.263928006767792045e-01 -2.508951287052994768e-16 -3.866244451166812398e-17 4.483835410119209509e-18 9.999999999999789058e-01
2.890072932707985487e-01 -9.572475747951758596e-01 -1.232335120851488566e-02 -5.451972915630006611e+01 9.573268925762214998e-01 2.889823780067827252e-01 3.795517344923879811e-03 5.617966478682828324e+01 -7.201843627502045098e-05 -1.289440771297059758e-02 9.999168610754429753e-01 -9.276832433976736070e-01 -2.573992852391305441e-16 -4.188249614637375495e-17 4.514721133061220361e-18 9.999999999999773515e-01
2.880981012141367037e-01 -9.575825677902956024e-01 -5.925364201886817832e-03 -5.426311043217133800e+01 9.575855312303968025e-01 2.880529051662578666e-01 7.448100663612582453e-03 5.700764005457791939e+01 -5.425352986104288976e-03 -7.819826685813841688e-03 9.999547069020013890e-01 -9.352644905710609802e-01 -2.636337192587398760e-16 -4.547669266010435498e-17 4.501025744756372532e-18 9.999999999999757971e-01
2.876590728904620531e-01 -9.576910005565665296e-01 -8.955737643522924257e-03 -5.401582249955798432e+01 9.577022340719273386e-01 2.875624957163240292e-01 1.068840077181180785e-02 5.784665041993662982e+01 -7.660850961757319916e-03 -1.165154540564251710e-02 9.999027716993715842e-01 -9.446370487946361694e-01 -2.699318704717893959e-16 -5.097364356709595804e-17 4.530178147519116205e-18 9.999999999999740208e-01
2.881851867015748914e-01 -9.575220414275575909e-01 -1.004182982146926625e-02 -5.376714954571100691e+01 9.575477435325988607e-01 2.880825492952762690e-01 1.052443096731240507e-02 5.867567024505808604e+01 -7.184498690129385162e-03 -1.264851658970589030e-02 9.998941934057480330e-01 -9.609892195754329292e-01 -2.761604098798788285e-16 -5.496673818336739131e-17 4.547519424667380020e-18 9.999999999999721334e-01
2.862875236508759524e-01 -9.581256792488421770e-01 -5.885283831856690136e-03 -5.351315011299499247e+01 9.581404560513837598e-01 2.862650208604003432e-01 4.382272180744794556e-03 5.950593179830764257e+01 -2.514016610936064319e-03 -6.893518385212476889e-03 9.999730791999502655e-01 -9.576603851840879145e-01 -2.817911359896944219e-16 -5.618862963741472280e-17 4.591875090724065518e-18 9.999999999999706901e-01
2.858860736074984032e-01 -9.582500988329289981e-01 -5.089302895594968387e-03 -5.326305964846445562e+01 9.582610134667504109e-01 2.858936378182524995e-01 -8.111256067987108846e-04 6.034455833376254219e+01 2.232260511659634600e-03 -4.644991035617085026e-03 9.999867204474075510e-01 -9.607262570356859266e-01 -2.864869371060177744e-16 -5.790274462313601339e-17 4.662258377521491744e-18 9.999999999999690248e-01
2.858940928894773137e-01 -9.582302628141081691e-01 -7.702666947670230857e-03 -5.301570516476471084e+01 9.582535602669338681e-01 2.859147125005360723e-01 -1.700415099840716033e-03 6.119342283243859271e+01 3.831695013842449735e-03 -6.894969393625508848e-03 9.999688882711570415e-01 -9.674823137575613297e-01 -2.908471981241590195e-16 -6.094806157131086220e-17 4.736737621035724274e-18 9.999999999999670264e-01
2.851328128328336486e-01 -9.584681085235068343e-01 -6.177700980982417205e-03 -5.275978767880700815e+01 9.584877930471993324e-01 2.851312312675577942e-01 1.153921742854707895e-03 6.203726481727854036e+01 6.554582968505786623e-04 -6.250271931670385757e-03 9.999802520425444818e-01 -9.708531170777072727e-01 -2.955476626890379603e-16 -6.341406630566927214e-17 4.820556592840482224e-18 9.999999999999653610e-01
2.843448513120222509e-01 -9.587196406210169997e-01 -2.157827578469019396e-03 -5.250225257142502500e+01 9.587160633583752256e-01 2.843343833533005238e-01 4.179509750416329425e-03 6.289038198043154893e+01 -3.393433511986237213e-03 -3.257166039948310426e-03 9.999889376779398376e-01 -9.694719987795989979e-01 -3.000827211478801711e-16 -6.653781815233445278e-17 4.871337623438782600e-18 9.999999999999634737e-01
2.836706246374190998e-01 -9.589217779842443834e-01 -2.062430786224742508e-05 -5.225412380883727792e+01 9.589019520413087916e-01 2.836646212418290625e-01 6.436538443502587414e-03 6.374442370405063940e+01 -6.166286501831271839e-03 -1.845633569812100451e-03 9.999792850591288085e-01 -9.658508709308972762e-01 -3.051153680099825632e-16 -7.009090545766140693e-17 4.911750098964986478e-18 9.999999999999614753e-01
2.834821117493203091e-01 -9.589614875870869914e-01 -5.545957349368957172e-03 -5.201344801547663366e+01 9.589715070818652931e-01 2.834551053070555326e-01 5.181880019916018307e-03 6.459634104158666901e+01 -3.397193447904325349e-03 -6.787385368385461838e-03 9.999711948233294123e-01 -9.648200118880800868e-01 -3.109863600408114875e-16 -7.292589373752772307e-17 4.949056162583939847e-18 9.999999999999593658e-01
2.835130038786584095e-01 -9.589597746773828035e-01 -4.065363749972889136e-03 -5.176142702858648192e+01 9.589680004982025219e-01 2.835141706468566336e-01 2.984341544364000655e-04 6.544505881879852893e+01 8.664018824559220708e-04 -3.983163710164698383e-03 9.999916918427325108e-01 -9.739956971520018492e-01 -3.164268041042847591e-16 -7.651436811792816988e-17 4.990681250489827402e-18 9.999999999999571454e-01
2.830293692444453835e-01 -9.591072411262603348e-01 -2.770589158351725347e-03 -5.150828937666755536e+01 9.591016858354671770e-01 2.830382637970894066e-01 -3.646567473047601388e-03 6.629743028938975158e+01 4.281632013729808582e-03 -1.625191040698879819e-03 9.999895131356283384e-01 -9.866528356555116508e-01 -3.219470219868636605e-16 -7.983895562285751280e-17 5.065480101508363582e-18 9.999999999999549249e-01
2.835338737647429830e-01 -9.589492768674248158e-01 -4.982652248058943786e-03 -5.125854578478363521e+01 9.589603495396089583e-01 2.835397596493822170e-01 -5.027015867986720822e-04 6.715503801910134030e+01 1.894845343971014902e-03 -4.635633013150027189e-03 9.999874601551442810e-01 -9.916866848396252987e-01 -3.273241560100804325e-16 -8.252602866517629601e-17 5.172064417793167143e-18 9.999999999999530376e-01
2.839236100487060321e-01 -9.588350217694474598e-01 -4.773330631830208053e-03 -5.101123851286278210e+01 9.588379963397694050e-01 2.838959973411446236e-01 5.723588809507079364e-03 6.801772631448172035e+01 -4.132847940401910246e-03 -6.201912776090268836e-03 9.999722275371756286e-01 -9.834097997623312271e-01 -3.313069682049508626e-16 -8.744237398864446407e-17 5.246205390546316952e-18 9.999999999999509281e-01
2.832271209129940126e-01 -9.590466567475953719e-01 -3.450820283099996846e-03 -5.075752338216788218e+01 9.590192179096802549e-01 2.831852108356283648e-01 9.395533190658639233e-03 6.887550143896648080e+01 -8.033533425438199246e-03 -5.970472784046863997e-03 9.999499066429647920e-01 -9.793153082763546013e-01 -3.345001434113523040e-16 -9.274983515576092695e-17 5.297491290783582408e-18 9.999999999999489297e-01
2.832280619945613531e-01 -9.590451906801420456e-01 -3.766580960097388152e-03 -5.050935132403177619e+01 9.590114308410965238e-01 2.831773393104778935e-01 1.037641639520446059e-02 6.972362269476087704e+01 -8.884841865738908606e-03 -6.551086501952341039e-03 9.999390695689894804e-01 -9.860128344185129512e-01 -3.372038201907612981e-16 -1.005512359126423039e-16 5.353753099135087420e-18 9.999999999999469313e-01
2.836070666952206776e-01 -9.589300016998932863e-01 -4.503727391162979515e-03 -5.025496692498870033e+01 9.588864662784767345e-01 2.835380426502339679e-01 1.195504739051877867e-02 7.058730164521605843e+01 -1.018707556539318916e-02 -7.709099165788899609e-03 9.999183933108256594e-01 -1.004370458103070129e+00 -3.387827398919052048e-16 -1.083654567584408495e-16 5.433170986749034996e-18 9.999999999999448219e-01
2.836510345502132879e-01 -9.589016880381023844e-01 -7.045798486626624231e-03 -5.001112902661176918e+01 9.588793285202595884e-01 2.835554042393990115e-01 1.211470442193099580e-02 7.144579562081693780e+01 -9.618936282208558411e-03 -1.019241896426363071e-02 9.999017905075859858e-01 -1.017797891419981227e+00 -3.399866355047698997e-16 -1.136420842290844507e-16 5.516514362187705198e-18 9.999999999999428235e-01
2.837887015519444667e-01 -9.588389327655402194e-01 -9.585086569668438763e-03 -4.976562564633022845e+01 9.588697711292546444e-01 2.837098274208063597e-01 8.803172124511485924e-03 7.229279323410065672e+01 -5.721440908324094271e-03 -1.168909055203220908e-02 9.999153115518402135e-01 -1.028753511052467928e+00 -3.402357880762307963e-16 -1.189802819038022101e-16 5.586888565776945729e-18 9.999999999999409361e-01
2.837921837888356946e-01 -9.588387756587394284e-01 -9.497300335579708305e-03 -4.951432438543850623e+01 9.588836079340798957e-01 2.837988379237914582e-01 6.678536494585010207e-04 7.312989156476588448e+01 2.054958823085795659e-03 -9.296337257011271643e-03 9.999546766017188837e-01 -1.021616110169136116e+00 -3.414911240616704123e-16 -1.203469099707334699e-16 5.673991601103131020e-18 9.999999999999390488e-01
2.834930564778353479e-01 -9.589317338243699140e-01 -9.034201320431001561e-03 -4.926181186060759387e+01 9.589350965002023663e-01 2.835540615681226284e-01 -6.369840535037025846e-03 7.397355276484846343e+01 8.669926705882314080e-03 -6.857407152420689177e-03 9.999389023024676248e-01 -1.019791790909091000e+00 -3.422818870856387476e-16 -1.232634270513472467e-16 5.772410942713441278e-18 9.999999999999371614e-01
2.835884237793511176e-01 -9.588995516034113376e-01 -9.447530533463092267e-03 -4.900817994201754857e+01 9.589116222086087049e-01 2.836479995938120946e-01 -5.684463014146454683e-03 7.483067904316695262e+01 8.130602172291761381e-03 -7.447298923459012149e-03 9.999392136759401861e-01 -1.018152819939988740e+00 -3.440734164482066905e-16 -1.280604798852661635e-16 5.876051824053922985e-18 9.999999999999350520e-01
2.838408461284985806e-01 -9.588373326676151720e-01 -8.083535858571249885e-03 -4.875780878222381176e+01 9.588692080101193227e-01 2.838481612530472376e-01 2.515619019047241078e-04 7.568674963190512983e+01 2.053289846856994061e-03 -7.822457169683620995e-03 9.999672960474376149e-01 -1.011519639863277753e+00 -3.451792527484819226e-16 -1.305100559717640397e-16 5.986865924980387686e-18 9.999999999999330536e-01
2.835426250442707463e-01 -9.589325196348373881e-01 -7.211280736231927453e-03 -4.850672791110461901e+01 9.589460571177934600e-01 2.834905782883041514e-01 7.453291895802876231e-03 7.654575553677996425e+01 -5.102873831101790644e-03 -9.028555178099193987e-03 9.999462214888577005e-01 -1.008937565681579773e+00 -3.472016320504153051e-16 -1.320179629154553909e-16 6.090806913180881189e-18 9.999999999999309441e-01
2.834135127818117050e-01 -9.589718373782106786e-01 -7.056620168913953564e-03 -4.825601732529818833e+01 9.589542983839273171e-01 2.833228977374657176e-01 1.160987634398980180e-02 7.739967491173450753e+01 -9.134242374840105885e-03 -1.005737208061760826e-02 9.999077031820716721e-01 -1.014233179686919728e+00 -3.501899486189600333e-16 -1.327013322473198387e-16 6.175954966381688466e-18 9.999999999999286127e-01
2.832842327876476385e-01 -9.590104804230528135e-01 -6.995848250205436054e-03 -4.800519716140993154e+01 9.589924733729771056e-01 2.831943436657410884e-01 1.159308974350354605e-02 7.825209093137199545e+01 -9.136709910902339471e-03 -9.993105350394576591e-03 9.999083249864597622e-01 -1.024211945612554686e+00 -3.528812674319570448e-16 -1.332884108276949082e-16 6.221787720850385174e-18 9.999999999999260591e-01
2.839362317840141703e-01 -9.587892157094893841e-01 -1.017133814022173899e-02 -4.775947852662861948e+01 9.588241508946047098e-01 2.838478196433438239e-01 9.309293477736485523e-03 7.910081775168082174e+01 -6.038538038370051472e-03 -1.239577036636061065e-02 9.999049359489849964e-01 -1.034371530207694123e+00 -3.549561935630436615e-16 -1.346672592294834413e-16 6.294951874997944853e-18 9.999999999999236167e-01
2.842194171142672920e-01 -9.586761781761169443e-01 -1.262174048821039160e-02 -4.751059833042257452e+01 9.587521652096983038e-01 2.841420302888824634e-01 7.588961004340764697e-03 7.995006615031546460e+01 -3.688989163867587625e-03 -1.425805109490302543e-02 9.998915437874640322e-01 -1.041548676707368282e+00 -3.581408558402138092e-16 -1.345133018233117999e-16 6.364038964884924947e-18 9.999999999999210631e-01
2.834673140097932476e-01 -9.588994742062805221e-01 -1.257299706075483935e-02 -4.725786816117631872e+01 9.589772730346038943e-01 2.834008615876197346e-01 6.822129770935312677e-03 8.080620545522279485e+01 -2.978538450558048094e-03 -1.399106923714671727e-02 9.998976839107330816e-01 -1.044881777146896784e+00 -3.612226993085421543e-16 -1.325332049959968472e-16 6.491390882269877492e-18 9.999999999999183986e-01
2.825541190812536629e-01 -9.591724174240133793e-01 -1.230623595152801654e-02 -4.700530869426253844e+01 9.592415530721046801e-01 2.824699704491376306e-01 8.146082149461997268e-03 8.166205793491840836e+01 -4.337355202263537719e-03 -1.410636195227792447e-02 9.998910930206666992e-01 -1.048728073959348528e+00 -3.651160372108606645e-16 -1.289755021903012931e-16 6.647939539271027223e-18 9.999999999999157341e-01
2.824117397427884368e-01 -9.591977612648482365e-01 -1.353750494234088990e-02 -4.675782990296982433e+01 9.592613971162083919e-01 2.822591649833338101e-01 1.213819532223246039e-02 8.251898373612398530e+01 -7.821844937895989711e-03 -1.641397476270382849e-02 9.998346864227073416e-01 -1.049766110367345462e+00 -3.690508635161483908e-16 -1.226903870072530801e-16 6.858457879624625121e-18 9.999999999999134026e-01
2.821690681113594446e-01 -9.592731723390905962e-01 -1.325133320758837066e-02 -4.650786911754703823e+01 9.593194829715384619e-01 2.819947564081192182e-01 1.360466646629230648e-02 8.337175407533062810e+01 -9.313785079776783909e-03 -1.655107818010265186e-02 9.998196413445256114e-01 -1.054656795651126577e+00 -3.728208967268669576e-16 -1.128216004748334832e-16 7.034955382183922023e-18 9.999999999999111822e-01
2.812028968267706319e-01 -9.595738202888343116e-01 -1.195885582502826706e-02 -4.625392835475833664e+01 9.596079439307257930e-01 2.810548893503727608e-01 1.267845090741293035e-02 8.422406870802161905e+01 -8.804814671907888052e-03 -1.504103017241449278e-02 9.998481097895183245e-01 -1.062320058006119616e+00 -3.757199402092283752e-16 -1.060767921114015351e-16 7.226049987967272117e-18 9.999999999999088507e-01
2.805987978635786084e-01 -9.597282417250848630e-01 -1.363879294202200061e-02 -4.601249960464787137e+01 9.597967970589591502e-01 2.804529654234126923e-01 1.167229800415582087e-02 8.507678193450070125e+01 -7.377194115030801837e-03 -1.636570256972845125e-02 9.998388574095881109e-01 -1.077128138965200321e+00 -3.782329356041276267e-16 -1.013406309602401070e-16 7.369882288231232586e-18 9.999999999999065192e-01
2.798478821378641568e-01 -9.599520935471599348e-01 -1.330943114877647902e-02 -4.576657680510536608e+01 9.600202413181884165e-01 2.797157033376108104e-01 1.096638344381895176e-02 8.593394390767483060e+01 -6.804345850728159631e-03 -1.584624248467350963e-02 9.998512876805122351e-01 -1.090650455795296514e+00 -3.814869552460618076e-16 -9.342331386713800997e-17 7.536249005042401182e-18 9.999999999999040767e-01
2.784293579642186378e-01 -9.604154222021469289e-01 -8.905583643680938313e-03 -4.551310101009345033e+01 9.604411709771005778e-01 2.783601397599719807e-01 8.269805624797531285e-03 8.677849727981484307e+01 -5.463489352966685586e-03 -1.085584585352394014e-02 9.999261477202240345e-01 -1.091917350812867449e+00 -3.868426716098048852e-16 -8.537227246331653058e-17 7.709067091764903464e-18 9.999999999999017453e-01
2.770994828702851298e-01 -9.607404758231169462e-01 -1.391455023794803056e-02 -4.527347403577910256e+01 9.608407456106388134e-01 2.770556858062808714e-01 5.020810386164481151e-03 8.762468782891086505e+01 -9.685905005558065155e-04 -1.476093078701357780e-02 9.998905823911183877e-01 -1.093559394501591564e+00 -3.900481370573933560e-16 -7.903653128799665087e-17 7.800787061550592791e-18 9.999999999998995248e-01
2.764061107436316944e-01 -9.608015602515821429e-01 -2.144816453314046453e-02 -4.504139800830531470e+01 9.610320959163096699e-01 2.764303982798159698e-01 1.882956638227491555e-03 8.847774212684646500e+01 4.119776988378087181e-03 -2.113283523586423351e-02 9.997681884877913649e-01 -1.104044502782105530e+00 -3.956175293731243929e-16 -7.369791186916899977e-17 7.903132495987295184e-18 9.999999999998973044e-01
2.751094831760658166e-01 -9.611400688079274612e-01 -2.290284695467314710e-02 -4.480548639700126756e+01 9.613985716799045012e-01 2.751573873020285999e-01 1.094799114011773362e-03 8.932650847198358690e+01 5.249632234060494680e-03 -2.231995396801385312e-02 9.997370959487132946e-01 -1.106723191936855644e+00 -4.021844216013538669e-16 -6.525354375539937396e-17 8.100528320463829237e-18 9.999999999998953060e-01
2.737841955063962662e-01 -9.615551242498848739e-01 -2.130627418965982262e-02 -4.456526820052080495e+01 9.617884841366174387e-01 2.737683982127058768e-01 3.711592970862119100e-03 9.018132506842758289e+01 2.264083316527687809e-03 -2.150830465099585337e-02 9.997661060255363941e-01 -1.094217757621792186e+00 -4.083667170559738295e-16 -5.314626026316155124e-17 8.389895086230526981e-18 9.999999999998934186e-01
2.733000743357628104e-01 -9.617510536367818164e-01 -1.849270658258658773e-02 -4.432688180509361331e+01 9.619268676702773524e-01 2.732102010455980112e-01 7.272365421433030219e-03 9.103533346355938249e+01 -1.941809023183712181e-03 -1.977616932795535007e-02 9.998025467581648229e-01 -1.084983418749755568e+00 -4.135958428525556102e-16 -4.425272697811271772e-17 8.698270101211036118e-18 9.999999999998915312e-01
2.722658745097177868e-01 -9.620269853892204903e-01 -1.937454413739874565e-02 -4.409507061158382157e+01 9.622128654330274200e-01 2.721200502836168544e-01 9.852909669777778351e-03 9.189159176568284693e+01 -4.206563062032289864e-03 -2.132504669855957505e-02 9.997637456970449588e-01 -1.089331974828158689e+00 -4.169366983164088447e-16 -3.799091084902639425e-17 8.951762947569785089e-18 9.999999999998897549e-01
2.713206166658514995e-01 -9.623306429751263824e-01 -1.746014213253155659e-02 -4.386447678417697205e+01 9.624751283802582824e-01 2.711745719606477589e-01 1.029459914361228849e-02 9.274195435903563123e+01 -5.172061643877043195e-03 -1.959808952846454552e-02 9.997945612298838602e-01 -1.098086592497876879e+00 -4.216816104699490308e-16 -3.338375139643721338e-17 9.192482256259875524e-18 9.999999999998878675e-01
2.698713864133465146e-01 -9.627927212205560359e-01 -1.412836721643811154e-02 -4.362790110174051250e+01 9.628747256063504567e-01 2.697378681385393939e-01 1.066514325923616918e-02 9.359657210125153881e+01 -6.457366647521394117e-03 -1.648206470440536850e-02 9.998433097034369332e-01 -1.110874430908401322e+00 -4.280601474571254305e-16 -2.621290188096409026e-17 9.403547087069065883e-18 9.999999999998856470e-01
2.689644478784804504e-01 -9.630476125205964522e-01 -1.405068667194981497e-02 -4.340158210680557715e+01 9.631133209913966819e-01 2.687980579936854464e-01 1.266234369777267249e-02 9.444852287638340727e+01 -8.417642576152231312e-03 -1.693812378429408044e-02 9.998211056262945595e-01 -1.115350690362543418e+00 -4.357005863202615263e-16 -1.313991360008570665e-17 9.635234298891902550e-18 9.999999999998833156e-01
2.685557591016193846e-01 -9.630790945388034707e-01 -1.888019904090892931e-02 -4.318306476755978451e+01 9.632279992923047374e-01 2.683243092063558599e-01 1.392431213581469401e-02 9.529899099560431353e+01 -8.344197558500257572e-03 -2.192539056396065889e-02 9.997247879368469370e-01 -1.114070289069291730e+00 -4.434249734188692323e-16 -2.446520402787096056e-20 9.801644129136545974e-18 9.999999999998808731e-01
2.683253617476119013e-01 -9.630393361626943260e-01 -2.359528017393953264e-02 -4.296501190111574431e+01 9.633002054723734942e-01 2.680498136312606805e-01 1.421307670122539356e-02 9.615018231524351222e+01 -7.363041497969683574e-03 -2.654306718708068433e-02 9.996205536121420820e-01 -1.118602443520117617e+00 -4.499187230923310564e-16 1.335144985709537560e-17 1.001198395261414585e-17 9.999999999998785416e-01
2.687537073533081133e-01 -9.628527224153884401e-01 -2.619312354964578593e-02 -4.273864431223332616e+01 9.631950756869263053e-01 2.685045965093109110e-01 1.266995761708371304e-02 9.699871875164164692e+01 -5.166329114473617971e-03 -2.863418570142170494e-02 9.995766065951797730e-01 -1.127836861239749577e+00 -4.556596060706910925e-16 2.624174483646248060e-17 1.030419093991795374e-17 9.999999999998764322e-01
2.702572211799907920e-01 -9.623929368621225722e-01 -2.758386263981114569e-02 -4.250502463756578919e+01 9.627759553504047219e-01 2.699986223607041547e-01 1.277512123747847304e-02 9.784413412222772877e+01 -4.847081534363377811e-03 -3.000964847111918521e-02 9.995378566111787766e-01 -1.141374256387833963e+00 -4.618025820848831082e-16 4.056416696800982075e-17 1.065835920229879411e-17 9.999999999998744338e-01
2.714135598757533852e-01 -9.620855276618210938e-01 -2.694655783980849650e-02 -4.226603144169923354e+01 9.624309312272097960e-01 2.710702685253073563e-01 1.573569632852118289e-02 9.869602251287996353e+01 -7.834675035875017512e-03 -3.020508211272364407e-02 9.995130168643477919e-01 -1.153312188512956249e+00 -4.673338469600559104e-16 5.342763464591775559e-17 1.093481052057234614e-17 9.999999999998727684e-01
