1 0 0 0 0 1 0 0 0 0 1 0
0.9998782 0.0010778225 0.015569834 0.0038663979 -0.0010648596 0.99999908 -0.00084083477 -0.0032514539 -0.015570727 0.0008241527 0.99987843 0.12253982
0.99930696 0.0033637515 0.037071265 0.014554838 -0.003345409 0.99999425 -0.0005568158 0.0019509343 -0.037072928 0.0004324114 0.99931247 0.26054447
0.9979426 0.0053011681 0.063894146 0.058035931 -0.0053486821 0.99998553 0.00057260269 0.00047990924 -0.063890191 -0.00091317406 0.99795652 0.41539497
0.99521035 0.0048959893 0.097633933 0.09680282 -0.0052043713 0.99998224 0.0029041296 0.00063005207 -0.097617988 -0.003398343 0.99521816 0.59108623
0.99088964 0.0015023211 0.13466794 0.17111 -0.0021994131 0.99998494 0.0050277516 0.00037013131 -0.13465837 -0.0052781374 0.99087803 0.79142715
0.98461426 -0.0016469933 0.17473421 0.23757034 0.0007092499 0.99998501 0.0054289948 -0.0054391192 -0.17474055 -0.0052215355 0.98460067 0.97834705
0.97608949 -0.0020381414 0.2173595 0.32802924 0.00054312673 0.99997579 0.0069375933 -0.0052336937 -0.21736839 -0.0066536581 0.97606696 1.1851782
0.96415088 -0.0017749603 0.26534867 0.41446337 -0.00088477103 0.99995057 0.0099036684 0.0043245844 -0.26535316 -0.0097834034 0.96410165 1.387632
0.94984028 -0.0055295144 0.31268651 0.56237206 0.00024056773 0.9998563 0.016950584 0.0088264179 -0.31273533 -0.016025125 0.94970512 1.6358225
0.93245758 -0.01526532 0.36095682 0.69604028 0.0067433034 0.99966827 0.0248573 -0.0029551376 -0.36121656 -0.020744336 0.93225119 1.8433563
0.91145612 -0.021113691 0.41085513 0.85995647 0.0097119213 0.99950813 0.029819064 -0.0033235066 -0.41128267 -0.023188576 0.91121285 2.0653566
0.88652406 -0.022936422 0.46211361 1.0445094 0.0084531886 0.99940673 0.03338759 -0.00033306335 -0.46260528 -0.025692569 0.886192 2.3044632
0.85818037 -0.025066595 0.51273589 1.2182379 0.006297975 0.99924606 0.038309972 0.017596047 -0.51330966 -0.029647669 0.85769122 2.5177272
0.82588141 -0.030481275 0.56301933 1.4385725 0.0077629101 0.99905775 0.042700684 0.022681046 -0.56379044 -0.030895033 0.82533985 2.757456
0.79065148 -0.03611564 0.61120034 1.6684455 0.0099084133 0.99888279 0.046206109 0.023546726 -0.61218632 -0.030476903 0.790126 2.9484221
0.75257958 -0.040491639 0.65725518 1.9335536 0.010792527 0.99873205 0.049171255 0.029187113 -0.65841289 -0.029911838 0.75206235 3.1599042
0.71218101 -0.04378905 0.70062878 2.2288606 0.011962523 0.9986647 0.050256424 0.044695544 -0.70189397 -0.027410383 0.71175386 3.390588
0.67052131 -0.045665027 0.74048351 2.5187638 0.011246818 0.99861484 0.051399582 0.061105832 -0.74180505 -0.026136431 0.67010612 3.5959799
0.62857677 -0.046028045 0.77638432 2.8692836 0.0067907482 0.99853401 0.053700288 0.082553613 -0.77771793 -0.028482523 0.62796785 3.8218214
0.58742319 -0.046874754 0.80792122 3.2089804 0.0040846998 0.99848015 0.054960882 0.097771071 -0.80926965 -0.028985181 0.58672186 4.0162615
0.54678169 -0.048038721 0.83589593 3.5886083 0.0018536062 0.9984197 0.056166426 0.11951446 -0.8372732 -0.029161351 0.54600665 4.2153367
0.50865386 -0.050616893 0.85948189 4.0048034 0.0010523913 0.99830615 0.058169756 0.13460775 -0.8609705 -0.02868376 0.50784554 4.4344226
0.47089445 -0.050311727 0.8807537 4.4165098 -0.0021044021 0.99830553 0.058151815 0.15479713 -0.88218709 -0.029236827 0.46999066 4.6278757
0.43447956 -0.049662063 0.89931147 4.8657488 -0.0031734176 0.99838812 0.056666461 0.17894085 -0.90067614 -0.02747431 0.43362163 4.8120833
0.4003345 -0.048510526 0.91508412 5.37659 -0.0021486787 0.99854538 0.053874994 0.19612848 -0.9163666 -0.02353424 0.39964793 4.9924334
0.37109196 -0.046917242 0.92741008 5.8883152 0.00027532904 0.99872832 0.050415028 0.22371882 -0.92859612 -0.018453268 0.37063296 5.1850372
0.34598251 -0.045130976 0.93715486 6.4176162 0.0012594833 0.99886388 0.047637743 0.24203868 -0.93824016 -0.015301494 0.34564627 5.3489223
0.32460804 -0.044484893 0.9448019 6.995567 0.0022919319 0.99892746 0.046245886 0.26827784 -0.94584589 -0.012846364 0.32436184 5.5306934
0.31021418 -0.044975451 0.94960218 7.5782626 0.0034948258 0.99892749 0.046169934 0.29092679 -0.95066031 -0.011003873 0.31003865 5.7191117
0.29801402 -0.046583928 0.95342409 8.2069063 0.0046176512 0.99886717 0.047360908 0.313278 -0.95455036 -0.0097116342 0.29789153 5.8875794
0.28744224 -0.048234678 0.95658261 8.8489062 0.0031592504 0.99877345 0.049412787 0.33974103 -0.9577928 -0.011181238 0.28724206 6.0843498
0.27666467 -0.049930066 0.95966847 9.5061521 0.0015178902 0.99867072 0.051521697 0.37282819 -0.96096537 -0.012797561 0.27637269 6.2766065
0.26637303 -0.051799421 0.96247709 10.195831 0.00087270608 0.99856746 0.053500235 0.40096833 -0.96386966 -0.013411059 0.26603664 6.4688036
0.25729506 -0.053823057 0.96483276 10.908744 -1.4784297e-05 0.99844743 0.055702189 0.42814422 -0.96633293 -0.014346162 0.25689479 6.6652451
0.24621358 -0.055335742 0.96763462 11.646996 -0.00022017938 0.99836563 0.057149169 0.45876061 -0.96921561 -0.014283954 0.24579899 6.836549
0.23637984 -0.056858241 0.96999569 12.400341 -0.0009767505 0.99827203 0.058753741 0.49065631 -0.97166028 -0.014835643 0.23591584 7.0359205
0.22602988 -0.059718557 0.97228808 13.13809 -0.0017599086 0.99809241 0.061712604 0.52181722 -0.97411882 -0.01566003 0.2254936 7.2091061
0.21484981 -0.063134326 0.9746043 13.932012 -0.0041803985 0.9978398 0.065561069 0.56678948 -0.9766382 -0.018160017 0.21412176 7.3777956
0.20113546 -0.066692176 0.97729044 14.741852 -0.0043161315 0.9976096 0.068967093 0.60450089 -0.97955397 -0.018089842 0.20036682 7.5320155
0.1892164 -0.069293843 0.97948733 15.504733 -0.0049902754 0.99742618 0.071526943 0.64368888 -0.98192277 -0.018421982 0.1883836 7.69629
0.17459735 -0.069950376 0.98215204 16.316801 -0.0057873662 0.99738322 0.072063984 0.68170764 -0.98462295 -0.018266254 0.17373564 7.8473162
0.16022081 -0.06927716 0.98464709 17.107038 -0.0069567582 0.99743005 0.071308531 0.71903409 -0.98705673 -0.018275062 0.1593271 7.9654534
0.14450614 -0.06810885 0.98715707 17.923216 -0.0084205443 0.99750755 0.070055631 0.76188114 -0.98946812 -0.018435868 0.14357245 8.0874727
0.12344889 -0.066843964 0.99009705 18.744452 -0.010623464 0.9975826 0.068673903 0.79701779 -0.99229411 -0.018995978 0.12244035 8.1876201
0.098353717 -0.065283504 0.99300782 19.568665 -0.015146229 0.99763211 0.067087696 0.83892193 -0.99503629 -0.021638647 0.097132027 8.2707295
0.067907149 -0.064717948 0.99559034 20.396817 -0.019177404 0.99762484 0.06615825 0.87788333 -0.99750736 -0.023585455 0.066504735 8.3154167
0.034692549 -0.064444724 0.99731801 21.249395 -0.021830515 0.9976318 0.065224393 0.91792376 -0.99915962 -0.024034766 0.033203527 8.3374135
0.00064903626 -0.063945998 0.99795311 22.07329 -0.02337368 0.99767975 0.063943682 0.95348835 -0.99972663 -0.023367337 -0.00084712445 8.3364808
-0.032464036 -0.06292687 0.99748996 22.92759 -0.024695738 0.99776185 0.062140281 0.98270601 -0.9991678 -0.022616426 -0.033945403 8.2965438
-0.066077831 -0.060802141 0.99596021 23.773618 -0.027513193 0.99787323 0.059093542 1.0153002 -0.99743512 -0.023497272 -0.067610161 8.2392169
-0.09903329 -0.057649773 0.99341272 24.617229 -0.029411596 0.9980538 0.054987063 1.0519758 -0.99464941 -0.023772303 -0.10053612 8.1615508
-0.1303107 -0.05322507 0.9900435 25.4423 -0.026988731 0.99837844 0.05012087 1.0768066 -0.99110585 -0.020188731 -0.13153588 8.0236043
-0.16253262 -0.047602619 0.98555419 26.297706 -0.022629449 0.99875269 0.044508177 1.0950741 -0.98644368 -0.015068517 -0.16340711 7.8803814
-0.19455751 -0.041531444 0.98001145 27.109586 -0.016180023 0.99910319 0.039128373 1.1094652 -0.9807577 -0.0082438881 -0.19505501 7.6890836
-0.22153046 -0.035712005 0.97449927 27.935852 -0.0098628549 0.99936013 0.034380971 1.1218034 -0.97510361 -0.0019949117 -0.22174093 7.4882031
-0.2494611 -0.029170537 0.96794533 28.752702 -0.0016356473 0.99955747 0.029701675 1.1367474 -0.96838348 0.0058261963 -0.24939842 7.2653934
-0.2771209 -0.019041904 0.96064631 29.553182 0.0042369959 0.99976966 0.021039667 1.1369965 -0.96082576 0.009900787 -0.27697639 7.002554
-0.30188395 -0.0037349688 0.95333732 30.341913 0.0087430981 0.99993943 0.0066861373 1.1265158 -0.95330463 0.01035356 -0.30183301 6.7397283
-0.32673149 0.013383767 0.9450224 31.114261 0.01005122 0.99989239 -0.010685752 1.1031075 -0.9450638 0.0060072574 -0.32683085 6.4809657
-0.35247185 0.027786065 0.93540978 31.868951 0.0083593863 0.99961271 -0.026543291 1.0782065 -0.93578512 -0.0015363104 -0.35256762 6.1740647
-0.3766427 0.038763727 0.92554718 32.636809 0.012534124 0.99924589 -0.036749728 1.0377215 -0.92627385 -0.0022405928 -0.37684454 5.8547146
-0.40059559 0.043845345 0.91520527 33.405243 0.016380665 0.99903747 -0.040691548 0.99121368 -0.91610857 -0.001309183 -0.40092822 5.5232947
-0.42289594 0.042853087 0.90516439 34.150103 0.018719052 0.99908118 -0.038553771 0.94081793 -0.90598493 0.00063958655 -0.42330954 5.1678799
-0.44291553 0.039686613 0.89568451 34.884871 0.023037217 0.99919374 -0.032881079 0.9016214 -0.89626736 0.006070539 -0.4434727 4.7873402
-0.46107744 0.038250831 0.88653505 35.627221 0.030186935 0.99916836 -0.027410653 0.86551651 -0.88684633 0.014123343 -0.46184867 4.3874021
-0.47515682 0.039068733 0.87903331 36.317803 0.034124195 0.99908042 -0.025958586 0.82098726 -0.87923922 0.017661906 -0.47605306 3.9987181
-0.48604079 0.042495701 0.87290229 37.030127 0.03659949 0.99893057 -0.0282522 0.76808265 -0.87316945 0.018216059 -0.48707632 3.6026993
-0.49614433 0.045023727 0.86707186 37.735456 0.038688112 0.99880907 -0.029726739 0.73092588 -0.86737772 0.018796621 -0.49729533 3.1980953
-0.50669794 0.044132244 0.86099331 38.397006 0.031778657 0.99896632 -0.032502511 0.67483549 -0.8615378 0.010892257 -0.50757664 2.8052346
-0.51780584 0.042939863 0.85441981 39.103167 0.030597117 0.99903011 -0.031664586 0.65154876 -0.85495087 0.0097466762 -0.51861746 2.3909099
-0.52666446 0.044494095 0.84890798 39.773508 0.032825506 0.99894891 -0.03199322 0.61012974 -0.84943928 0.011016142 -0.52757143 1.9663697
-0.53391848 0.047779444 0.84418488 40.459959 0.036683933 0.99877103 -0.033327408 0.56101993 -0.84473984 0.013173904 -0.53501505 1.5273469
-0.53744078 0.050893086 0.84176436 41.148966 0.037274724 0.99863536 -0.036578739 0.52338097 -0.84247734 0.011717629 -0.5386044 1.0833359
-0.5370626 0.052363228 0.84191555 41.856029 0.036529945 0.99857888 -0.038804302 0.47721721 -0.84275108 0.0099147907 -0.5382122 0.63379935
-0.53385794 0.053270341 0.84389449 42.57341 0.039098041 0.99850126 -0.038295904 0.43970973 -0.84466982 0.01255005 -0.5351406 0.17594974
-0.52784823 0.052165768 0.84773517 43.324906 0.037429565 0.9985711 -0.038141744 0.39328752 -0.8485136 0.011597308 -0.52904653 -0.28131062
-0.52107391 0.050674963 0.85200585 44.086721 0.035063423 0.99866415 -0.037953534 0.34857828 -0.85279106 0.010097646 -0.52215467 -0.72942957
-0.51395073 0.04998113 0.85636235 44.857735 0.032957808 0.99871457 -0.038509625 0.29679059 -0.85718638 0.0084317762 -0.51493735 -1.1897071
-0.50751296 0.048790376 0.86026161 45.66465 0.030573517 0.99878653 -0.038610014 0.25466102 -0.86110157 0.0067061416 -0.5083888 -1.6565633
-0.50316646 0.046777553 0.86292254 46.485624 0.026271878 0.99890042 -0.03882966 0.20248432 -0.86379012 0.0031328144 -0.50384212 -2.1097399
-0.50164555 0.043507973 0.86397844 47.321652 0.021169303 0.99905277 -0.038018626 0.15782331 -0.86481424 -0.00078205299 -0.50209141 -2.5873731
-0.50163369 0.04139503 0.86408913 48.17162 0.018571569 0.99913959 -0.037083313 0.10498543 -0.8648808 -0.0025547477 -0.50197085 -3.0672796
-0.50268112 0.039850575 0.86355287 49.031713 0.016773646 0.99919848 -0.036346167 0.05303348 -0.86430921 -0.0037856007 -0.50294665 -3.5519872
-0.50365005 0.039301023 0.86301332 49.8764 0.017297191 0.99922319 -0.035409374 0.012197792 -0.86373462 -0.0029062261 -0.50393861 -4.0466519
-0.5035079 0.038799751 0.86311894 50.770311 0.016970909 0.99924255 -0.035018782 -0.040939499 -0.86382397 -0.0029843196 -0.50378499 -4.552238
-0.50358979 0.03826848 0.86309489 51.652135 0.017268234 0.99926477 -0.034230578 -0.0923861 -0.86377034 -0.0023340446 -0.50388037 -5.0664522
-0.50408857 0.037574628 0.86283416 52.541403 0.016804895 0.99929073 -0.033699199 -0.14845895 -0.86348849 -0.0024875424 -0.50436248 -5.5779929
-0.50404093 0.036156517 0.86292258 53.43319 0.01519829 0.99933995 -0.032994954 -0.19391755 -0.86354607 -0.0035158585 -0.50425776 -6.0942921
-0.50428069 0.03531709 0.86281726 54.331209 0.014671028 0.99936951 -0.032331881 -0.25021691 -0.8634152 -0.0036459267 -0.50448088 -6.605852
-0.50370342 0.034768675 0.86317666 55.23422 0.013732882 0.99938576 -0.032241393 -0.30181089 -0.86376752 -0.0043861964 -0.5038715 -7.1104928
-0.50246671 0.033337597 0.86395355 56.124532 0.013132347 0.99943535 -0.030927825 -0.36061039 -0.86449685 -0.0041944642 -0.5026208 -7.6241846
-0.50034744 0.031012617 0.86526909 57.01113 0.013516502 0.9995163 -0.028008244 -0.40954802 -0.86571924 -0.0023184414 -0.5005246 -8.1388673
-0.49788056 0.030038209 0.86672521 57.908768 0.014348171 0.9995485 -0.026399336 -0.45943511 -0.86712695 -0.00070779389 -0.49808676 -8.6439639
-0.49603715 0.029372693 0.86780431 58.791077 0.01412859 0.9995684 -0.025756623 -0.51281308 -0.86818638 -0.00051538949 -0.49623806 -9.1344239
-0.49358105 0.030062735 0.86918002 59.693507 0.015051723 0.99954799 -0.026024413 -0.56275724 -0.86956958 0.00023750033 -0.49381044 -9.6461969
-0.4924071 0.030502515 0.86983032 60.577066 0.014913368 0.99953468 -0.026608491 -0.61053394 -0.87023727 -0.00013010921 -0.49263287 -10.135642
-0.49329449 0.031661271 0.86928594 61.462104 0.014203818 0.99949732 -0.028343596 -0.65895866 -0.86974644 -0.0016345597 -0.49349623 -10.632699
-0.49573079 0.033456893 0.86783152 62.350855 0.012662868 0.99942992 -0.031296909 -0.71688466 -0.86838396 -0.0045256052 -0.49587185 -11.135077
-0.50012932 0.034135719 0.86527762 63.221394 0.011617497 0.9993973 -0.032711922 -0.76933751 -0.86587283 -0.0063078306 -0.50022447 -11.627846
-0.50601477 0.032515554 0.86191167 64.090484 0.011282306 0.9994532 -0.031080632 -0.81784485 -0.86245106 -0.0060029067 -0.50610493 -12.131354
-0.5111045 0.030527693 0.85897624 64.957107 0.014866906 0.99953355 -0.026677001 -0.87540678 -0.85939003 -0.00086441551 -0.51131995 -12.645963
-0.51634622 0.028584839 0.8559027 65.813331 0.012274027 0.99958714 -0.025978874 -0.92284629 -0.856292 -0.0029087195 -0.51648389 -13.158025
-0.52120277 0.030699772 0.85288049 66.657475 0.01316958 0.99952312 -0.027930184 -0.97372805 -0.85333129 -0.0033252107 -0.52135852 -13.673775
-0.52664369 0.033040223 0.84944376 67.496114 0.013555444 0.99944375 -0.030470474 -1.0251484 -0.84997808 -0.0045324948 -0.52679862 -14.177798
-0.53147234 0.033162297 0.84642622 68.331939 0.012061294 0.99942834 -0.03158349 -1.0786831 -0.84698981 -0.006576755 -0.5315685 -14.703918
-0.5351318 0.033940935 0.84408643 69.159932 0.011169009 0.99938948 -0.033104809 -1.1306774 -0.84469478 -0.008287826 -0.53518418 -15.215368
-0.53843983 0.032828825 0.8420242 69.981446 0.011080207 0.99943027 -0.031880432 -1.1869407 -0.84259115 -0.0078358912 -0.53849682 -15.741114
-0.54133898 0.026512638 0.8403863 70.805238 0.012990905 0.99964716 -0.023168868 -1.2344607 -0.84070411 -0.0016248317 -0.5414924 -16.262256
-0.54332538 0.018165709 0.83932561 71.63293 0.013345969 0.99982643 -0.013000141 -1.2737237 -0.83941615 0.0041383075 -0.54347351 -16.792572
-0.54472403 0.015634578 0.83846958 72.445868 0.014004936 0.99985636 -0.0095453746 -1.3076494 -0.83849845 0.0065431185 -0.54486475 -17.321411
-0.54561701 0.020821008 0.83777592 73.251537 0.0137465 0.99977917 -0.015894566 -1.3434571 -0.83792193 0.0028441417 -0.54578274 -17.837674
-0.54704158 0.026317546 0.8366916 74.043836 0.014650853 0.99965359 -0.021864452 -1.3826467 -0.83697725 0.00029748199 -0.54723765 -18.359638
-0.547525 0.031251396 0.83620552 74.844987 0.020855182 0.99950159 -0.023698822 -1.420634 -0.83652944 0.0044635218 -0.54790386 -18.88614
-0.54764161 0.031993581 0.83610108 75.642112 0.02409598 0.99945728 -0.022461705 -1.4611058 -0.83636602 0.0078457115 -0.54811531 -19.413496
-0.54685842 0.029261781 0.83671354 76.435818 0.02382701 0.99952818 -0.019382945 -1.5030205 -0.83688601 0.0093366559 -0.54729763 -19.93093
-0.5461294 0.024241275 0.83734998 77.237505 0.022143313 0.99964968 -0.014497723 -1.5308621 -0.83740815 0.010624071 -0.54647486 -20.448993
-0.54539237 0.018376789 0.83797936 78.038913 0.020487591 0.9997532 -0.0085902796 -1.5589955 -0.83793048 0.012483107 -0.54563426 -20.962815
-0.54493083 0.012042563 0.83839448 78.842275 0.011701064 0.99990871 -0.0067571923 -1.5982466 -0.83839939 0.0061279059 -0.54502199 -21.46651
-0.54344428 0.006494993 0.83942008 79.65326 0.0029898362 0.9999787 -0.0058016769 -1.6205649 -0.83943995 -0.00064315879 -0.54345212 -21.964918
-0.54175619 0.0071342446 0.84050537 80.444066 0.0061295038 0.99997092 -0.0045369603 -1.6442563 -0.84051336 0.0026939553 -0.54178417 -22.47347
-0.53917558 0.010430556 0.84212875 81.223362 0.011419251 0.99992193 -0.0050737609 -1.6761843 -0.842116 0.0068808321 -0.5392526 -22.969417
-0.53322176 0.013376559 0.8458697 82.016214 0.012239065 0.99989232 -0.0080969703 -1.7024196 -0.845887 0.0060351745 -0.53332806 -23.469914
-0.52541171 0.015625448 0.8507046 82.813053 0.017440125 0.99981908 -0.0075929701 -1.7252059 -0.85066941 0.01084696 -0.52558916 -23.962885
-0.51762847 0.018292994 0.85540989 83.613823 0.025196547 0.99966372 -0.0061308521 -1.7607397 -0.85523445 0.018379873 -0.51791532 -24.454756
-0.50742915 0.018262 0.86149991 84.415625 0.024077798 0.99968552 -0.0070092628 -1.7822094 -0.86135706 0.017186318 -0.50770928 -24.920035
-0.49736969 0.014793286 0.86741252 85.225521 0.018994349 0.99980062 -0.0061598402 -1.8123408 -0.86733077 0.01341222 -0.49755151 -25.370803
-0.48516141 0.012211909 0.8743393 86.047869 0.021036064 0.99977609 -0.0022912014 -1.831138 -0.87417158 0.017281056 -0.48530967 -25.820623
-0.47390697 0.010705167 0.88050981 86.869423 0.020357511 0.99979205 -0.0011985946 -1.8582815 -0.88033961 0.017356966 -0.47402635 -26.253415
-0.46307052 0.010011526 0.88626486 87.691091 0.02043202 0.99979105 -0.00061828853 -1.8770679 -0.88608594 0.017821871 -0.46317832 -26.670276
-0.45034888 0.011854237 0.89277393 88.51841 0.023871985 0.99971426 -0.0012322582 -1.8937809 -0.89253352 0.020757341 -0.45050319 -27.084792
-0.43825928 0.014730202 0.89872786 89.345679 0.023033722 0.99972141 -0.0051532342 -1.9258851 -0.89855346 0.018442596 -0.43847647 -27.47919
-0.42724464 0.024666612 0.90379948 90.173978 0.025748956 0.99955427 -0.015107901 -1.9508139 -0.90376937 0.016817125 -0.42768935 -27.864274
-0.41420756 0.02963906 0.90969971 91.002217 0.025937714 0.99944812 -0.020753117 -1.9788986 -0.90981284 0.014999434 -0.41474773 -28.234066
-0.4024915 0.02575604 0.91506128 91.852936 0.023143905 0.9995709 -0.017954822 -2.0087772 -0.91513115 0.013951429 -0.40291489 -28.599764
-0.39054481 0.022768361 0.92030228 92.704308 0.025005895 0.99958761 -0.01411824 -2.0490546 -0.92024428 0.017499178 -0.3909531 -28.950195
-0.38098013 0.022793805 0.92430217 93.538684 0.021361859 0.99964621 -0.015846869 -2.0856927 -0.92433646 0.013707472 -0.38133226 -29.277156
-0.37428254 0.026980093 0.9269221 94.379344 0.01579082 0.99961716 -0.022719854 -2.126587 -0.9271803 0.0061332161 -0.37456528 -29.606712
-0.3689894 0.031267796 0.92890746 95.228671 0.0071741136 0.9995 -0.030794229 -2.1649582 -0.92940596 -0.0046986555 -0.36902922 -29.929238
-0.36556379 0.033806829 0.9301721 96.070148 0.0055457875 0.99940156 -0.03414342 -2.2082407 -0.93076981 -0.0073230606 -0.36553251 -30.24676
-0.36224387 0.033860038 0.93146809 96.913069 0.005324458 0.99939881 -0.034258745 -2.2518055 -0.93206818 -0.0074504569 -0.36220638 -30.570782
-0.3570499 0.033475024 0.93348525 97.768258 0.0037123607 0.9994006 -0.034418818 -2.3047986 -0.93407797 -0.008823801 -0.35696016 -30.893176
-0.35201544 0.029820707 0.93551899 98.603896 0.0020282193 0.9995143 -0.031097452 -2.3491824 -0.93599203 -0.0090493451 -0.35190495 -31.199978
-0.34623282 0.026182958 0.93778314 99.46146 0.0031686015 0.9996374 -0.026740072 -2.3895027 -0.93814331 -0.0062868287 -0.34619024 -31.505446
-0.34050374 0.022621406 0.93997096 100.31572 0.00010522727 0.99971145 -0.024021005 -2.4378628 -0.94024319 -0.0080803309 -0.34040787 -31.810007
-0.33522204 0.021901581 0.94188451 101.15916 -0.0029663964 0.99970027 -0.024301723 -2.4805471 -0.94213452 -0.010940476 -0.3350566 -32.092707
-0.3288081 0.02091171 0.94416516 102.01192 -0.016405094 0.99947749 -0.027849904 -2.5172872 -0.9442543 -0.024646392 -0.32829324 -32.369653
-0.32201986 0.024868743 0.94640619 102.86152 -0.012765173 0.99945001 -0.030605995 -2.5656526 -0.94664689 -0.021936777 -0.3215253 -32.649029
-0.31523846 0.028295516 0.94859053 103.71277 -0.012325077 0.99934904 -0.033905496 -2.6124222 -0.9489325 -0.022379767 -0.31468451 -32.924737
-0.30861006 0.026827643 0.9508102 104.56297 -0.013242855 0.99938411 -0.032496493 -2.6527237 -0.95109649 -0.022620186 -0.30806472 -33.193836
-0.30181448 0.021699538 0.95311965 105.42032 -0.013851094 0.99953561 -0.027142363 -2.698857 -0.95326609 -0.021393708 -0.30137376 -33.450712
-0.29430111 0.018982863 0.95552416 106.28158 -0.013657287 0.9996171 -0.024065271 -2.7358371 -0.9556152 -0.020132304 -0.29392917 -33.706699
-0.28810458 0.021927995 0.95734781 107.13311 -0.016407959 0.99947798 -0.027830799 -2.7831669 -0.95745841 -0.023726304 -0.28759439 -33.955508
-0.28155463 0.024929845 0.95922125 107.9963 -0.01623586 0.99939555 -0.030739577 -2.8259638 -0.95940787 -0.024228651 -0.28097969 -34.198773
-0.27468875 0.025516767 0.96119452 108.84967 -0.018131332 0.99933262 -0.03171076 -2.8660296 -0.96136227 -0.026138326 -0.27404278 -34.430877
-0.26759167 0.024620252 0.96321776 109.73061 -0.018448328 0.99935933 -0.030669176 -2.9144975 -0.96335582 -0.025976573 -0.26696603 -34.665408
-0.26004996 0.024366115 0.96528764 110.57644 -0.016038408 0.99943466 -0.029548835 -2.9595482 -0.965462 -0.02316585 -0.25951215 -34.888726
-0.25214806 0.025606348 0.96734978 111.44176 -0.011314118 0.9995035 -0.029406597 -3.0039865 -0.96762256 -0.018359525 -0.25173315 -35.112397
-0.24544698 0.026498109 0.96904775 112.32143 -0.0089314103 0.99952211 -0.029593621 -3.0437225 -0.96936891 -0.015918627 -0.24509302 -35.335215
-0.23889575 0.025198068 0.97071819 113.17339 -0.01631409 0.99941802 -0.029957993 -3.0895502 -0.97090821 -0.022993221 -0.23834564 -35.522643
-0.23277224 0.02317376 0.9722551 114.04533 -0.020894883 0.99936613 -0.028822495 -3.1313293 -0.97230683 -0.027024234 -0.23214049 -35.719929
-0.2280077 0.023763427 0.97336925 114.93135 -0.016854648 0.999456 -0.028348427 -3.1691155 -0.97351348 -0.022869455 -0.22748314 -35.928189
-0.2235961 0.023663921 0.97439454 115.78273 -0.01582559 0.9994853 -0.027904795 -3.2176417 -0.97455344 -0.021659772 -0.22310652 -36.112837
-0.21879981 0.025176657 0.97544487 116.66779 -0.015071611 0.99946062 -0.02917719 -3.2571212 -0.97565341 -0.021085489 -0.21830235 -36.309669
-0.21328293 0.024003919 0.97669551 117.5207 -0.010139067 0.99958991 -0.026780674 -3.3000306 -0.9769379 -0.015614641 -0.21295209 -36.492416
-0.20758866 0.023182802 0.97794142 118.39291 -0.001793868 0.99970844 -0.024079589 -3.3378645 -0.9782146 -0.0067529468 -0.20748655 -36.683936
-0.2029949 0.022300518 0.97892578 119.2838 0.0011818792 0.99974548 -0.022529721 -3.3807904 -0.97917912 -0.0034164458 -0.2029696 -36.8725
-0.19912692 0.023561162 0.97969039 120.13812 -0.0012462767 0.99970404 -0.024295792 -3.4179402 -0.97997296 -0.0060589108 -0.19903862 -37.027166
-0.19521376 0.025553708 0.98042772 121.00589 -0.0034799489 0.99963617 -0.026747248 -3.4540707 -0.98075459 -0.0086332686 -0.19505381 -37.195865
-0.19330814 0.024663279 0.98082802 121.89113 -0.0054248036 0.99964186 -0.026205515 -3.4974238 -0.98112314 -0.010386538 -0.19310512 -37.366806
-0.19246612 0.023622202 0.98101922 122.74622 -0.0065869659 0.9996566 -0.025363271 -3.539804 -0.98128155 -0.01134351 -0.19224443 -37.522031
-0.19165592 0.019435296 0.98126969 123.6332 -0.0059160148 0.99976287 -0.020957057 -3.5732655 -0.98144439 -0.0098217494 -0.19149549 -37.692924
-0.19056936 0.013905479 0.9815752 124.48784 -0.005655845 0.99986752 -0.015262678 -3.6121045 -0.98165748 -0.0084602352 -0.19046546 -37.848705
-0.18949276 0.012041795 0.98180823 125.35295 -0.0021505585 0.99991731 -0.012678967 -3.6435383 -0.98187981 -0.0045140076 -0.18945119 -38.014178
-0.18859036 0.016295142 0.9819206 126.22418 -0.0055239196 0.99982891 -0.017653271 -3.6753909 -0.98204035 -0.0087532865 -0.18846808 -38.174719
-0.1886033 0.020168354 0.98184619 127.06071 -0.0062036376 0.99974468 -0.021727669 -3.7124098 -0.9820338 -0.010188928 -0.18843003 -38.327613
-0.18861722 0.019578157 0.98185547 127.91765 -0.008184444 0.9997352 -0.021506932 -3.7418297 -0.98201662 -0.012092518 -0.18840704 -38.48406
-0.18826724 0.018566319 0.98194229 128.78081 -0.0094678896 0.99974053 -0.020718115 -3.7814496 -0.98207224 -0.013197463 -0.18804261 -38.642787
-0.18733421 0.018914519 0.98211407 129.61269 -0.0039119024 0.9997923 -0.020001161 -3.8198121 -0.98228849 -0.0075888355 -0.18722131 -38.80252
-0.18670001 0.0215055 0.98218152 130.46765 -0.0064754011 0.99971172 -0.023120224 -3.8611667 -0.98239567 -0.010676565 -0.18650693 -38.958858
-0.18686225 0.022934978 0.98211832 131.29543 -0.015686365 0.99953033 -0.02632615 -3.8889344 -0.98226092 -0.02032523 -0.18641472 -39.094239
-0.18647336 0.024214063 0.98216154 132.13332 -0.019664115 0.99940398 -0.028372587 -3.926288 -0.98226325 -0.024604069 -0.18588607 -39.236111
-0.18665206 0.027400068 0.98204387 132.96574 -0.020928479 0.99927325 -0.031858554 -3.9758712 -0.98220318 -0.026499149 -0.18594297 -39.390299
-0.18564026 0.028441967 0.98220602 133.78958 -0.01773612 0.99932117 -0.032289759 -4.0195247 -0.98245774 -0.023414802 -0.1850098 -39.54067
-0.18413106 0.029851484 0.98244825 134.61916 -0.017623754 0.99927774 -0.033665898 -4.0638711 -0.98274373 -0.023513363 -0.18347198 -39.686167
-0.18204871 0.028904809 0.98286454 135.43611 -0.012149045 0.99942542 -0.03164212 -4.1001317 -0.9832145 -0.017701272 -0.18159294 -39.841258
-0.17897508 0.02632655 0.98350127 136.26466 -0.0026871788 0.99962512 -0.027247161 -4.1482931 -0.98384998 -0.0075194058 -0.17883724 -39.993266
-0.17683162 0.021428116 0.98400779 137.07726 0.0018701884 0.99976849 -0.021435242 -4.1824863 -0.98423938 -0.0019501478 -0.17683076 -40.148244
-0.17277469 0.021180323 0.98473358 137.89869 0.0057437251 0.99977344 -0.020496054 -4.2150859 -0.98494467 0.0021148404 -0.1728572 -40.289675
-0.16807921 0.025391639 0.98544638 138.69746 0.0025898575 0.99967613 -0.02531656 -4.2665239 -0.98577013 -0.0017030208 -0.16809054 -40.415751
-0.16164487 0.028955821 0.98642405 139.5098 0.0042725455 0.99958061 -0.028641881 -4.3024686 -0.98683979 -0.00041527073 -0.1617008 -40.543819
-0.15370039 0.029284028 0.98768343 140.32033 -0.00073899324 0.99955707 -0.029751071 -4.3430151 -0.98811726 -0.0053026417 -0.15361067 -40.659695
-0.14384291 0.025723954 0.9892661 141.10743 0.0073129198 0.99966243 -0.024930964 -4.3691097 -0.98957355 0.0036482821 -0.14398248 -40.77378
-0.13177352 0.024186287 0.9909847 141.91519 0.01688129 0.99961208 -0.022152105 -4.4089468 -0.99113614 0.013810041 -0.1321307 -40.882714
-0.11838302 0.026207657 0.99262205 142.68655 0.014350856 0.99959239 -0.024680164 -4.4524825 -0.99286434 0.011323265 -0.11871087 -40.972441
-0.10399284 0.027482281 0.99419823 143.48435 0.014985735 0.99954798 -0.026062658 -4.4830522 -0.99446518 0.012188462 -0.10435768 -41.048585
-0.090103419 0.027644298 0.99554863 144.28255 0.015687948 0.99953007 -0.026334994 -4.5207035 -0.99580889 0.013245243 -0.090494761 -41.115716
-0.076479161 0.028996176 0.99664942 145.07584 0.020029197 0.99942003 -0.027539816 -4.5595044 -0.99687003 0.017855867 -0.077015577 -41.169689
-0.062649804 0.034954415 0.99742323 145.87744 0.01760624 0.99926969 -0.033913245 -4.6085468 -0.99788031 0.015436216 -0.063219468 -41.207018
-0.049996098 0.044036421 0.99777808 146.6012 0.0096916537 0.99900185 -0.043604805 -4.6535782 -0.99870243 0.0074900505 -0.050372981 -41.223548
-0.036424944 0.052626499 0.99794969 147.37561 0.00243866 0.99861413 -0.052572525 -4.6967461 -0.99933346 0.00051870957 -0.036502804 -41.232944
-0.023158855 0.053697472 0.99828862 148.14587 0.00094733406 0.99855721 -0.053689941 -4.7438451 -0.99973139 -0.00029768392 -0.023176313 -41.240398
-0.011290852 0.049703141 0.99870017 148.92076 0.0011072044 0.99876389 -0.049693793 -4.7978962 -0.99993569 0.00054468084 -0.011331929 -41.235908
-0.00053956566 0.046946548 0.99889721 149.66826 0.00060442401 0.99889724 -0.046946221 -4.8508265 -0.99999971 0.00057842775 -0.0005673478 -41.221341
0.0087323191 0.052708679 0.99857171 150.42194 -0.0036057956 0.99860499 -0.052678902 -4.9121787 -0.99995541 -0.0031406357 0.0089101926 -41.202702
0.015061992 0.061535464 0.9979912 151.17464 -0.012514186 0.99803789 -0.061349473 -4.9656392 -0.99980829 -0.011565002 0.015802504 -41.174848
0.018518192 0.064854959 0.99772282 151.91998 -0.01617392 0.99778283 -0.064558663 -5.0142558 -0.99969774 -0.014941579 0.019526092 -41.153196
0.018300736 0.060749296 0.99798523 152.67528 -0.017202758 0.99802381 -0.060436184 -5.0690896 -0.99968457 -0.016062071 0.019309624 -41.128308
0.017337652 0.055303542 0.99831901 153.43894 -0.010545651 0.9984237 -0.055126196 -5.1391259 -0.99979412 -0.0095721642 0.017893533 -41.115649
0.014202442 0.052762313 0.99850606 154.18493 -0.012293036 0.99854056 -0.052589282 -5.1911493 -0.99982361 -0.011527774 0.014830322 -41.09949
0.011212801 0.052690411 0.9985479 154.93605 -0.012613407 0.99853872 -0.052548288 -5.2440412 -0.99985762 -0.012005877 0.01186102 -41.08776
0.0076141171 0.05298503 0.99856624 155.6773 -0.012746121 0.99851924 -0.052885345 -5.2983296 -0.99988982 -0.012325171 0.0082781946 -41.079773
0.0028579559 0.051215376 0.9986835 156.43319 -0.01244386 0.99861212 -0.051176103 -5.3576547 -0.99991853 -0.012281218 0.0034913048 -41.071836
-0.0023482767 0.051561383 0.99866702 157.16788 -0.014298245 0.998566 -0.051589787 -5.4066274 -0.99989506 -0.014400332 -0.0016076735 -41.070161
-0.0082110098 0.049671951 0.99873179 157.90539 -0.01488285 0.99864881 -0.049790181 -5.4542219 -0.99985557 -0.015272803 -0.0074606564 -41.069134
-0.014044365 0.046725667 0.99880898 158.64095 -0.012430267 0.9988222 -0.046901067 -5.50579 -0.99982415 -0.013074158 -0.013447012 -41.080364
-0.019427958 0.046730414 0.99871855 159.38346 -0.014929428 0.9987822 -0.04702381 -5.5566662 -0.99969983 -0.015823873 -0.018706641 -41.090272
-0.024700422 0.048086264 0.99853769 160.10425 -0.014488894 0.99872035 -0.048453464 -5.6018684 -0.99958994 -0.015664527 -0.023972099 -41.104251
-0.029129816 0.050363759 0.998306 160.82429 -0.017675868 0.99854774 -0.050891722 -5.6550906 -0.99941938 -0.019128391 -0.02819729 -41.117988
-0.031347472 0.052345287 0.99813688 161.54333 -0.01584686 0.99847615 -0.052860764 -5.7090145 -0.99938296 -0.017474386 -0.030470196 -41.136195
-0.033029203 0.05421844 0.99798264 162.25312 -0.014428109 0.99839757 -0.054718493 -5.7610215 -0.99935028 -0.01620631 -0.032194008 -41.158668
-0.032004623 0.052419695 0.99811212 162.97628 -0.0099309625 0.99855776 -0.052761536 -5.8128852 -0.99943842 -0.011600826 -0.031437888 -41.184827
-0.028394353 0.048779162 0.99840586 163.68338 -0.0048544681 0.99879012 -0.048935993 -5.853171 -0.99958505 -0.0062362345 -0.028123204 -41.204283
-0.021068638 0.047856141 0.99863197 164.39113 -0.0032387825 0.99884522 -0.047934688 -5.9100693 -0.99977283 -0.0042442696 -0.020889314 -41.21495
-0.010228068 0.049239764 0.99873457 165.09081 -0.0029427709 0.99878105 -0.049272191 -5.9640854 -0.9999434 -0.0034430056 -0.010070701 -41.214933
0.0034939687 0.049444268 0.99877073 165.77462 -0.00073533735 0.99877673 -0.049441991 -6.0134084 -0.99999367 -0.00056168382 0.0035260513 -41.205042
0.019017633 0.047231754 0.99870286 166.46668 -0.0018337842 0.99888352 -0.047205377 -6.0539229 -0.99981751 -0.00093367013 0.019083012 -41.184179
0.03489119 0.042361541 0.99849287 167.16672 -0.0049591699 0.99909629 -0.042213847 -6.0978905 -0.99937886 -0.0034788037 0.035069735 -41.138281
0.051448003 0.035830917 0.99803265 167.83622 -0.0075051321 0.99934181 -0.035491031 -6.1393969 -0.99864752 -0.0056644235 0.051683055 -41.090348
0.068827826 0.028532553 0.99722041 168.51752 -0.0066850467 0.99958167 -0.028138712 -6.1725819 -0.9976062 -0.0047297379 0.068989773 -41.033292
0.086483833 0.020816544 0.99603571 169.20427 -0.007351466 0.99976779 -0.020256228 -6.2073413 -0.99622617 -0.0055704857 0.086616782 -40.959908
0.10351328 0.014614136 0.99452066 169.85455 -0.0089255432 0.99986544 -0.013763672 -6.2373068 -0.99458807 -0.0074519136 0.10362979 -40.876
0.12166294 0.012027503 0.99249856 170.52209 -0.0094681677 0.99989515 -0.010956506 -6.2679013 -0.99252636 -0.0080641413 0.12176406 -40.780411
0.13962567 0.011265579 0.99014023 171.15327 -0.0089781189 0.99990858 -0.010110661 -6.2861163 -0.9901637 -0.0074778882 0.13971405 -40.677647
0.15739941 0.010549402 0.98747863 171.79293 -0.00933421 0.99991416 -0.0091944236 -6.3049702 -0.98749095 -0.0077701354 0.15748437 -40.561939
0.17368495 0.010230451 0.98474809 172.44051 -0.015753798 0.99984695 -0.0076087351 -6.3221519 -0.9846753 -0.014192 0.17381953 -40.431928
0.18792089 0.0067722031 0.98216078 173.06331 -0.018958366 0.99981494 -0.0032665491 -6.3416353 -0.98200122 -0.018006311 0.1880145 -40.292039
0.20027631 0.0026177522 0.97973592 173.69076 -0.014853752 0.99988961 0.00036478387 -6.3598864 -0.97962689 -0.014625811 0.20029309 -40.154936
0.21126184 0.00090758227 0.97742904 174.31928 -0.011598485 0.99993149 0.0015784241 -6.3760713 -0.97736073 -0.011670156 0.21125789 -40.015081
0.22089675 0.0042304235 0.97528798 174.91522 -0.014791011 0.99989012 -0.00098706432 -6.391318 -0.97518508 -0.014207456 0.22093505 -39.863291
0.22981226 0.011264326 0.97316975 175.5221 -0.018325355 0.99980583 -0.0072451358 -6.4102293 -0.97306248 -0.01616866 0.22997406 -39.707169
0.23891859 0.021360116 0.9708046 176.09675 -0.019126786 0.99966759 -0.017288 -6.4270166 -0.97085125 -0.014437947 0.23924772 -39.554597
0.24736674 0.028235882 0.96851038 176.68334 -0.015284719 0.99956463 -0.025237372 -6.443385 -0.9688014 -0.0085605223 0.24769062 -39.402012
0.25357532 0.026912152 0.96694116 177.29501 -0.014885409 0.99960311 -0.023917585 -6.460336 -0.96720115 -0.008328405 0.25387527 -39.239409
0.25967162 0.019511001 0.96549981 177.8946 -0.01697129 0.99973367 -0.015638368 -6.4810727 -0.96554788 -0.012324936 0.25993359 -39.05956
0.26407381 0.0083810765 0.96446602 178.50272 -0.020396196 0.99978716 -0.00310347 -6.5011157 -0.96428683 -0.018851893 0.26418854 -38.880764
0.26622484 -0.00079609119 0.96391059 179.11583 -0.018875453 0.9998036 0.0060389933 -6.5224127 -0.96372617 -0.019801979 0.26615753 -38.708157
0.26710321 -0.0019224622 0.96366597 179.71899 -0.015689679 0.99985679 0.0063434332 -6.5412016 -0.96354024 -0.01681396 0.2670348 -38.54121
0.26824249 0.0014878006 0.96335023 180.33015 -0.014881068 0.99988589 0.0025993704 -6.5431151 -0.96323652 -0.015032942 0.26823402 -38.37272
0.26999772 0.0011951956 0.96286018 180.92583 -0.011729632 0.99992911 0.0020479227 -6.5526269 -0.96278955 -0.011846929 0.2699926 -38.203952
0.27178058 -0.0010040717 0.96235868 181.53758 -0.011984303 0.99991838 0.0044277574 -6.549288 -0.96228466 -0.012736576 0.27174636 -38.024747
0.27442367 -0.0052218606 0.96159467 182.14849 -0.01269155 0.99987849 0.0090517224 -6.5659771 -0.96152517 -0.014688133 0.27432405 -37.845153
0.27744139 -0.010836985 0.9606814 182.77644 -0.010580383 0.99984128 0.014334306 -6.5754963 -0.96068434 -0.014141307 0.27728269 -37.662733
0.28146916 -0.013672809 0.95947282 183.39344 -0.010122615 0.99980053 0.017217044 -6.5810023 -0.95951692 -0.01455844 0.28127461 -37.477383
0.2876583 -0.015077697 0.95761437 184.00226 -0.0089648251 0.99978987 0.018434702 -6.5760872 -0.95769119 -0.01388774 0.28746269 -37.287897
0.29582484 -0.018272541 0.95506738 184.63092 -0.0078284615 0.99973708 0.021551977 -6.5776524 -0.95521016 -0.013852318 0.29560401 -37.086575
0.30533714 -0.020575 0.95202197 185.23826 -0.0048971565 0.9997194 0.023176472 -6.580088 -0.95223176 -0.011738838 0.3051507 -36.886689
0.31642942 -0.018824542 0.94842922 185.86285 -0.0060317824 0.99974295 0.021855438 -6.5820984 -0.94859692 -0.012636422 0.31623453 -36.662523
0.32755665 -0.015032013 0.94471192 186.47827 -0.0069446362 0.99980812 0.018316579 -6.5809472 -0.94480606 -0.012560397 0.3273894 -36.440366
0.33914797 -0.011702679 0.94066021 187.08531 -0.0079644355 0.99985107 0.015310585 -6.5800872 -0.94069937 -0.012684381 0.33900425 -36.204303
0.35072074 -0.010945897 0.93641608 187.71569 -0.0075018301 0.99986677 0.01449728 -6.5761201 -0.93645008 -0.012109331 0.3505919 -35.963563
0.36208876 -0.014082112 0.9320372 188.33804 -0.0064366109 0.99982427 0.017606874 -6.5797241 -0.93212144 -0.012374412 0.36193449 -35.710786
0.37353503 -0.01604507 0.92747726 188.94665 -0.0061587357 0.99978546 0.019776367 -6.5782763 -0.92759567 -0.013099253 0.37335607 -35.445506
0.38477723 -0.016009403 0.92287058 189.58369 -0.0092083019 0.99973323 0.021182035 -6.5827351 -0.92296357 -0.016648435 0.38452717 -35.170422
0.3941044 -0.017594779 0.91889721 190.19395 -0.011612622 0.99964159 0.024121369 -6.5700604 -0.91899235 -0.020177143 0.39375882 -34.88826
0.4011149 -0.016184467 0.91588473 190.83771 -0.016101059 0.99956488 0.024714681 -6.5687871 -0.91588627 -0.02466014 0.40067977 -34.596758
0.40567286 -0.018355942 0.91383397 191.47911 -0.016837944 0.99947858 0.02755103 -6.5604624 -0.91386327 -0.02656379 0.40515226 -34.301232
0.40712935 -0.023983012 0.91305555 192.1267 -0.01056242 0.99946474 0.03096246 -6.5492694 -0.91330948 -0.022249801 0.40665811 -34.019907
0.40795095 -0.021286555 0.91275563 192.77905 -0.01042683 0.99955435 0.027971018 -6.5496258 -0.91294435 -0.020927951 0.40754719 -33.722937
0.406915 -0.022063658 0.91319949 193.44155 -0.0065238397 0.99961256 0.027058445 -6.539633 -0.91344277 -0.016968054 0.40661341 -33.425234
0.40577633 -0.020948743 0.91373226 194.10176 -0.0038971462 0.99968854 0.024650096 -6.5381204 -0.91396414 -0.013563373 0.40556831 -33.135665
0.4059515 -0.021700089 0.91363692 194.77629 -0.0013822355 0.99970233 0.024358418 -6.5280224 -0.91389362 -0.011151197 0.40580066 -32.840168
0.40508469 -0.028198183 0.91384418 195.46016 0.0025531538 0.99955526 0.029711191 -6.5190507 -0.91427564 -0.0097023634 0.40497653 -32.541249
0.40421755 -0.030970051 0.91413837 196.14513 0.0026461532 0.99946202 0.032690639 -6.5149646 -0.91465908 -0.01079518 0.40408204 -32.23012
0.40251839 -0.033660303 0.9147928 196.83428 0.0040879649 0.99937986 0.034973983 -6.501321 -0.91540281 -0.01033803 0.40240638 -31.933041
0.40058779 -0.033875583 0.91563191 197.51728 0.0031021286 0.99936073 0.035616115 -6.4890245 -0.91625317 -0.011426972 0.40043679 -31.622998
0.39944046 -0.034061521 0.91612611 198.20179 0.0019012206 0.99933817 0.036326389 -6.4740302 -0.91675721 -0.012768471 0.39924086 -31.31794
0.39734451 -0.03322849 0.91706768 198.88838 0.0011773827 0.99936185 0.035700156 -6.4677034 -0.9176688 -0.013105521 0.39713007 -31.018309
0.39653152 -0.030126194 0.91752662 199.57572 0.002434853 0.99949239 0.031765188 -6.462649 -0.91801792 -0.010361855 0.39640359 -30.717217
0.39558362 -0.023765378 0.9181224 200.27173 0.00084810432 0.99967418 0.025510911 -6.4594148 -0.91842961 -0.0093130344 0.39547489 -30.416472
0.39428175 -0.020614852 0.91875833 200.94875 -0.0013965011 0.99973377 0.02303106 -6.44518 -0.91898859 -0.010363773 0.39414799 -30.121855
0.39337496 -0.023650527 0.91907384 201.64696 -0.0017297293 0.99964826 0.026464294 -6.4398474 -0.91937654 -0.012000139 0.39319568 -29.816546
0.39190666 -0.02674304 0.91961617 202.34054 -0.0027588245 0.99953877 0.030242951 -6.431927 -0.92000089 -0.014389473 0.39165212 -29.518999
0.38878433 -0.025863143 0.92096567 203.0202 -0.0077541971 0.99947866 0.031341418 -6.4320554 -0.9212962 -0.019326401 0.38838109 -29.223278
0.38468645 -0.026054067 0.9226795 203.70943 -0.010112444 0.99942262 0.032437204 -6.4253182 -0.92299196 -0.021808697 0.38420086 -28.922743
0.37794869 -0.027057748 0.92543103 204.39373 -0.01055324 0.999382 0.033529899 -6.4158853 -0.92576643 -0.022438877 0.37742957 -28.646779
0.36926598 -0.027317632 0.92892212 205.09156 -0.010185691 0.99938886 0.033438934 -6.4036574 -0.92926797 -0.021809573 0.36876205 -28.370548
