7.777099517975605281e-01 -6.282635786199062267e-01 2.126279978613743529e-02 -6.596210989792078294e+01 6.272989664713997104e-01 7.778218861146816154e-01 3.858911951461761053e-02 2.570887078931962222e+01 -4.078280935577714011e-02 -1.667300994749123036e-02 9.990289150972266885e-01 -8.860649224487563425e-01 -4.809208017785018303e-24 -1.416202385148814181e-23 -3.430527606006730092e-24 9.999999999999997780e-01
7.496237194136259330e-01 -6.612891981934018171e-01 2.758397442736146635e-02 -6.555437345166262730e+01 6.605387134366288437e-01 7.501087457084368859e-01 3.202308016413898950e-02 2.608844345811685628e+01 -4.186749746478823919e-02 -5.784977480004291697e-03 9.991064241068575713e-01 -8.944646511467478911e-01 -4.809208017785018303e-24 -1.416202385148814181e-23 -3.430527606006730092e-24 9.999999999999997780e-01
7.209630513739150315e-01 -6.928788314651924685e-01 1.145440793068974381e-02 -6.520575348926448100e+01 6.925269494568668804e-01 7.209933336899904122e-01 2.397993016171732009e-02 2.648467953843241318e+01 -2.487373774846075511e-02 -9.356157439049883617e-03 9.996468173752146580e-01 -9.007620704998935413e-01 2.935303898584856948e-19 -1.653243105526329656e-18 -6.128463959338071692e-20 9.999999999999998890e-01
6.912467928286667451e-01 -7.224794703246733008e-01 -1.418754254479441708e-02 -6.487378133231038646e+01 7.226148834748968852e-01 6.911741489047573683e-01 1.029689595689688847e-02 2.691261859051867589e+01 2.366766706521043675e-03 -1.736982570909702955e-02 9.998463319781648595e-01 -9.074038665630712597e-01 -1.108519634561909533e-18 -3.914248062541126764e-18 -1.152334279518902950e-19 9.999999999999998890e-01
6.560042263266419038e-01 -7.542202995590312486e-01 -2.846392057793089431e-02 -6.453459545950175880e+01 7.542674138277708495e-01 6.564705816476292810e-01 -1.127137386446224777e-02 2.732482249128355178e+01 2.718682547026263219e-02 -1.407533887011979019e-02 9.995312708247487965e-01 -9.288881337934460358e-01 -1.189548467487991923e-18 -5.634981177862602166e-18 -1.449860521139728917e-19 9.999999999999998890e-01
6.187201433295959063e-01 -7.851172561076087408e-01 -2.786177309971508281e-02 -6.419507535099309337e+01 7.844047074491518057e-01 6.193460811915337816e-01 -3.346171908771249787e-02 2.776099087161548340e+01 4.352745305914453716e-02 -1.151466347292062807e-03 9.990515677158161578e-01 -9.382663975628247055e-01 -7.603853786629258036e-19 -6.223879805216272772e-18 -1.924211979789464210e-19 9.999999999999998890e-01
5.860844101294101494e-01 -8.099507305548675484e-01 -2.201995179132030037e-02 -6.387572001186330795e+01 8.090059162401369575e-01 5.864738069448028890e-01 -3.947025786757126647e-02 2.824798642074215138e+01 4.488308915082479811e-02 5.318631525470927067e-03 9.989780880814999042e-01 -9.578827295510703443e-01 -1.380599631530516812e-18 -7.977795417962307616e-18 -1.984113033368291725e-19 9.999999999999997780e-01
5.571696692953642671e-01 -8.302470908474147704e-01 -1.586593069100202327e-02 -6.357390560640072152e+01 8.299112348034588527e-01 5.573955220679984723e-01 -2.361301178479068008e-02 2.875323532844845431e+01 2.844823306107337538e-02 -1.086016387580709211e-05 9.995952670544979712e-01 -9.301014916495127238e-01 -2.991980714794979091e-18 -7.835296456830264495e-18 -1.285212477385088362e-19 9.999999999999997780e-01
5.285223756098257342e-01 -8.488831467750093118e-01 -7.842295652175977280e-03 -6.329092325906144367e+01 8.488459121811225971e-01 5.285756173444970951e-01 -8.272491903399573770e-03 2.927418086811143638e+01 1.116762522437468597e-02 -2.284703533467237740e-03 9.999350300277540793e-01 -8.746023416916670623e-01 -3.339782539931222481e-18 -5.764176222612341111e-18 -1.312220159435581650e-19 9.999999999999998890e-01
4.985548229896669126e-01 -8.668363409280143150e-01 -6.151952556982235969e-03 -6.301600673983116963e+01 8.668199031103016594e-01 4.985869430167929606e-01 -5.857971067736000848e-03 2.979449176740262928e+01 8.145185424587491133e-03 -2.412115190628463367e-03 9.999639181764005125e-01 -8.694631588433139324e-01 -3.932133914581983660e-18 -2.924693429666729034e-18 -1.743853841920177253e-19 1.000000000000000000e+00
4.710859221993659585e-01 -8.820769117881426258e-01 -4.286676551167164541e-03 -6.274559476815176140e+01 8.819592400712074065e-01 4.710947684298756877e-01 -1.475188161010704442e-02 3.031994795197835302e+01 1.503172507091241755e-02 3.168729758975047644e-03 9.998819962341054524e-01 -8.638966316454832484e-01 -7.552359086429928791e-18 1.662286596532537316e-18 -1.927816871156184292e-19 1.000000000000000444e+00
4.456934596693087891e-01 -8.951696294051054714e-01 -5.354866825095895046e-03 -6.249880718918500122e+01 8.949198086658326501e-01 4.456989039539721587e-01 -2.170306595300844008e-02 3.084718996977537131e+01 2.181458378087299324e-02 4.880738155482069844e-03 9.997501199447375031e-01 -8.605595694359560177e-01 -1.215056734573035864e-17 6.473582787233579446e-18 -2.005447890750601381e-19 1.000000000000000666e+00
4.227862558494761003e-01 -9.062104505675664390e-01 -5.865249090521447439e-03 -6.226758139699069972e+01 9.059742832044779259e-01 4.228119394133388886e-01 -2.099195230779514823e-02 3.141477953438826631e+01 2.150302390224457030e-02 3.561344078583119320e-03 9.997624401783685721e-01 -8.579557235749371014e-01 -1.628236759049727429e-17 1.248767871975462548e-17 -2.147255730455941183e-19 1.000000000000000888e+00
4.030444001846475444e-01 -9.151669592622020399e-01 -4.964690781429381174e-03 -6.203131164322680036e+01 9.150618488371522474e-01 4.030735731464143434e-01 -1.391069494130056650e-02 3.199123581402356820e+01 1.473174404349049740e-02 1.063628573409196700e-03 9.998909162562126252e-01 -8.483358884749647721e-01 -1.940645178809758674e-17 1.953614869906990359e-17 -2.489420057760571588e-19 1.000000000000001110e+00
3.856468653902424548e-01 -9.226436841108086595e-01 -2.264373002704460434e-03 -6.180191525471985869e+01 9.226290619427293116e-01 3.856535035839835368e-01 -5.195116179450023040e-03 3.257209580297752183e+01 5.666504513103480002e-03 -8.569606942992784510e-05 9.999839415624538486e-01 -8.425610272452318528e-01 -2.213744231828588338e-17 2.640125517048774704e-17 -3.015966144430943663e-19 1.000000000000001110e+00
3.698537211426924376e-01 -9.290889719934923852e-01 1.380969571747502544e-03 -6.157836273042391184e+01 9.290884622354964595e-01 3.698554039301900631e-01 1.268670391248095507e-03 3.316078902692029118e+01 -1.689466728379513533e-03 8.138204307029415574e-04 9.999982416976921362e-01 -8.396318565638276610e-01 -2.428984625059934259e-17 3.428515750047745335e-17 -3.764359568610267333e-19 1.000000000000000888e+00
3.556373881427135064e-01 -9.346226852407033547e-01 1.576194297780666390e-03 -6.135936258574220403e+01 9.346173416945171564e-01 3.556407159892708836e-01 3.178951802555487517e-03 3.376539658180188042e+01 -3.531679338558579417e-03 3.425844084942252605e-04 9.999937049186707894e-01 -8.426221390548406243e-01 -2.744920580000756774e-17 4.092443369519422539e-17 -4.690349372227919055e-19 1.000000000000000888e+00
3.424451434693512319e-01 -9.395377508040732017e-01 3.721938428848848733e-04 -6.116030755575309286e+01 9.395350797782759944e-01 3.424450737415471457e-01 2.281520595976901933e-03 3.436705847467111141e+01 -2.271030677132751183e-03 -4.316064759487853349e-04 9.999973280641861750e-01 -8.460404818304598784e-01 -3.060894053967780224e-17 4.660357170673220900e-17 -5.654789698531905904e-19 1.000000000000000888e+00
3.301932642410204122e-01 -9.439030927201743637e-01 -4.399977628013026359e-03 -6.096192618782104944e+01 9.439132609545456409e-01 3.301876462970977366e-01 1.968254810181486580e-03 3.497255326111764617e+01 -4.050235458408353280e-04 -4.803101711615436441e-03 9.999883830174600696e-01 -8.506767935829616656e-01 -3.291478188291424405e-17 5.191949261855400427e-17 -6.526233924902691838e-19 1.000000000000001110e+00
3.194434930905938330e-01 -9.475758987904435715e-01 -7.467981892031340559e-03 -6.075919514568779789e+01 9.476053027481774471e-01 3.194353276263003361e-01 2.293832573774275043e-03 3.559202688752969124e+01 2.119567796166352345e-04 -7.809449131646098094e-03 9.999694833236583147e-01 -8.585707839634445504e-01 -3.485339941424938594e-17 5.799942031983267078e-17 -7.096383307820306283e-19 1.000000000000001332e+00
3.116081447261547788e-01 -9.501648326237265296e-01 -9.335683447148676595e-03 -6.057220653811798883e+01 9.502106221811731368e-01 3.115969171129076565e-01 2.671093384185444994e-03 3.622470790662613638e+01 3.709911829638308663e-04 -9.703200030636046150e-03 9.999528540259834397e-01 -8.597988920779177091e-01 -3.704102926182508384e-17 6.621531247568230265e-17 -7.373128369468330818e-19 1.000000000000001554e+00
3.059339108174533584e-01 -9.519905096304555059e-01 -1.088631183913434108e-02 -6.037890010368271732e+01 9.520509568635845410e-01 3.059355369565137095e-01 1.556522513062518973e-03 3.686815841588818188e+01 1.848714997517100604e-03 -1.084051662285752914e-02 9.999395308978494823e-01 -8.584940588817511209e-01 -3.908261528586550040e-17 7.603753108371774755e-17 -7.610317721916427033e-19 1.000000000000001998e+00
3.011260139373472255e-01 -9.535002058098198674e-01 -1.266811946623673350e-02 -6.017337284651626561e+01 9.535817333327822887e-01 3.011297691149076305e-01 1.655296626983039599e-03 3.752603367213925623e+01 2.236422215480286455e-03 -1.257854019384539550e-02 9.999183860407162561e-01 -8.589232480714975582e-01 -4.207989953060152924e-17 8.587870587019977497e-17 -7.722754528264415638e-19 1.000000000000002442e+00
2.981280989347044885e-01 -9.544421536074532142e-01 -1.264167879363577336e-02 -5.996827301425772561e+01 9.545224070040317921e-01 2.981365454809268845e-01 1.254900795122748007e-03 3.818806957076229480e+01 2.571216227150203027e-03 -1.244088685907162282e-02 9.999193033346633896e-01 -8.645574744518503829e-01 -4.461796490876751016e-17 9.544182240788806079e-17 -7.700959417278331997e-19 1.000000000000002887e+00
2.957968718005350439e-01 -9.551771892590861235e-01 -1.186371577989247215e-02 -5.977670010632268571e+01 9.552408403498584555e-01 2.958278462260575670e-01 -9.068213864882667752e-04 3.883004102107556577e+01 4.375792590506290443e-03 -1.106447090184808565e-02 9.999292124559984174e-01 -8.676911581737707380e-01 -4.776269765113906237e-17 1.011326618289546746e-16 -7.855209579835428756e-19 1.000000000000003109e+00
2.945284368092446203e-01 -9.555762472207821601e-01 -1.127100963210269854e-02 -5.956700702127918845e+01 9.556291027625191115e-01 2.945667078245658432e-01 -1.863489946422229506e-03 3.949409624546247244e+01 5.100770930919752005e-03 -1.022205404102093616e-02 9.999347437443603104e-01 -8.662936838834840447e-01 -5.011544034722243030e-17 1.085619446448356317e-16 -7.981583393930553399e-19 1.000000000000003109e+00
2.944634470544144067e-01 -9.556019192607844159e-01 -1.078194110149007477e-02 -5.935608400872594359e+01 9.556510872612533625e-01 2.944968361415882252e-01 -1.616452616713888284e-03 4.019150528505177533e+01 4.719932764775894990e-03 -9.827787526904182766e-03 9.999405666473533127e-01 -8.644616501652722107e-01 -5.200042176069775126e-17 1.166118001581152684e-16 -7.910071369668284534e-19 1.000000000000003109e+00
2.934053102991802109e-01 -9.559123223198463526e-01 -1.203976433739080074e-02 -5.915774510098651007e+01 9.559835986039614264e-01 2.934194666464350343e-01 6.130197606203985003e-04 4.086924376348466126e+01 2.946708087419164929e-03 -1.168968049068249207e-02 9.999273315003857077e-01 -8.630221304804318594e-01 -5.518182134488122161e-17 1.261211742335109453e-16 -7.653646482783241975e-19 1.000000000000003331e+00
2.928945251553564111e-01 -9.560858455484217977e-01 -1.061381533466238501e-02 -5.894508734527098426e+01 9.561445249170386074e-01 2.928686662882744596e-01 3.948642524568821144e-03 4.156854442598011445e+01 -6.667872855829227183e-04 -1.130487719795515190e-02 9.999358755171577906e-01 -8.648064908158266118e-01 -5.892898729303568596e-17 1.359466306234302757e-16 -6.888411425745123923e-19 1.000000000000003553e+00
2.924688524525259625e-01 -9.562531864413086335e-01 -6.466356464675346305e-03 -5.872462652547733342e+01 9.562704392307349588e-01 2.924397584820551677e-01 5.082785900119545994e-03 4.228228521645409188e+01 -2.969410490204887551e-03 -7.670142096162793459e-03 9.999661751887289896e-01 -8.734845330088079063e-01 -6.276692781956002733e-17 1.461048080077557646e-16 -6.095104256370987494e-19 1.000000000000003997e+00
2.919094222919883519e-01 -9.564439590355157117e-01 -1.960204481602774700e-03 -5.850552050789318770e+01 9.564451478096195336e-01 2.919058754434805669e-01 1.907645959040234727e-03 4.296755663624298904e+01 -1.252361248257439358e-03 -2.431687894980303927e-03 9.999962592356511637e-01 -8.794811954789527597e-01 -6.712032998309166265e-17 1.565385481808702509e-16 -5.811677765606172351e-19 1.000000000000004663e+00
2.914676071308617833e-01 -9.565806190780914431e-01 3.914046107712206902e-04 -5.828179988314346360e+01 9.565770666085352536e-01 2.914653482829908104e-01 -2.875132863386500610e-03 4.369195866364153602e+01 2.636215493186553141e-03 1.212416770307452388e-03 9.999957901978678843e-01 -8.783165393817403688e-01 -7.139496007931295727e-17 1.674868911537425796e-16 -6.334808504007267296e-19 1.000000000000005107e+00
2.914029038538942795e-01 -9.565935842951968082e-01 -3.614154226202809152e-03 -5.806402820853207203e+01 9.565803902158613869e-01 2.914191690639711951e-01 -5.368887839642179707e-03 4.440239955077467471e+01 6.189077483665706737e-03 -1.892719553059123627e-03 9.999790562469811350e-01 -8.766145876552816629e-01 -7.656809519831365605e-17 1.818761674820774588e-16 -7.098364190022596684e-19 1.000000000000005551e+00
2.907325706441287738e-01 -9.567551319097128415e-01 -9.705149719117622809e-03 -5.785298034613872886e+01 9.567556323833653620e-01 2.908051723414427636e-01 -7.142243504137851633e-03 4.513360079593410745e+01 9.655685862594564142e-03 -7.208973842760035833e-03 9.999273965777037976e-01 -8.773387546046734764e-01 -8.152217267024850406e-17 1.977534887170975452e-16 -7.206973647396577913e-19 1.000000000000005995e+00
2.894510187680511271e-01 -9.571523944833758568e-01 -8.797810458511575588e-03 -5.762324274458052997e+01 9.571396519569915773e-01 2.895195938082328890e-01 -7.879812997050683263e-03 4.587847608606973893e+01 1.008932038855247203e-02 -6.139913340539987149e-03 9.999302511066826549e-01 -8.780198374032561759e-01 -8.735672846656487838e-17 2.137757727611783036e-16 -6.220925424854256707e-19 1.000000000000006217e+00
2.900551867501430237e-01 -9.570023353735024330e-01 -3.810344996025174027e-03 -5.739211909279859469e+01 9.569731299416224246e-01 2.900766487048476172e-01 -7.613569859405323534e-03 4.660983226684179215e+01 8.391496242830176130e-03 -1.438042349593444741e-03 9.999637567557193574e-01 -8.818404299821230863e-01 -9.350309371130733491e-17 2.303547556665662324e-16 -5.353543353156995498e-19 1.000000000000006217e+00
2.900654873377406795e-01 -9.570000145488483101e-01 -3.603499550509960125e-03 -5.715496762317359014e+01 9.569955547937359919e-01 2.900782757316118787e-01 -3.755270124795853995e-03 4.739151789516196800e+01 4.639090500269199557e-03 -2.359258792700085188e-03 9.999864562769246179e-01 -8.782852045693709808e-01 -9.877903864169528980e-17 2.485622674803923948e-16 -5.301791681560209115e-19 1.000000000000005995e+00
2.911875435802169787e-01 -9.566487847618800888e-01 -5.737340614334222010e-03 -5.692450886542193444e+01 9.566659573972134956e-01 2.911807564586966213e-01 2.003253733374478745e-03 4.816825316126949730e+01 -2.458070694667794016e-04 -6.072040985509170700e-03 9.999815347780954822e-01 -8.767859463966189981e-01 -1.048750208300168876e-16 2.651201421242748011e-16 -5.212904149740106180e-19 1.000000000000005551e+00
2.909538536357266225e-01 -9.567105273751878025e-01 -7.128945503912448474e-03 -5.669197321697534875e+01 9.567242188430226113e-01 2.909032154657316127e-01 7.354475577046124500e-03 4.894062988566694372e+01 -4.962271037923664078e-03 -8.960247829010014459e-03 9.999475435366530496e-01 -8.840936075408972750e-01 -1.109421959592257674e-16 2.820815965965165192e-16 -4.735507084775863363e-19 1.000000000000005107e+00
2.906497029814020805e-01 -9.568231795925603578e-01 -3.486137001548784801e-03 -5.644689277189052490e+01 9.567997167027275651e-01 2.906099561028642198e-01 8.952962167883063427e-03 4.973016335278433075e+01 -7.553295607265570095e-03 -5.937710690361319883e-03 9.999538445934500475e-01 -8.993358747664985664e-01 -1.171085750271947511e-16 2.971308241465162580e-16 -3.952327680504424456e-19 1.000000000000004663e+00
2.903618079820967646e-01 -9.569132659919240558e-01 2.649874341421794462e-03 -5.620915375277437676e+01 9.568821237564111293e-01 2.903737520455600407e-01 7.725629975089083612e-03 5.050251286141904927e+01 -8.162211766284167141e-03 2.923895001456677692e-04 9.999666458474771868e-01 -9.090061338773011146e-01 -1.226529865272671407e-16 3.140592912601781780e-16 -3.985949275198513544e-19 1.000000000000004219e+00
2.891903642212078074e-01 -9.572704641872016307e-01 1.480417648197310861e-03 -5.596656118591882034e+01 9.572527143917912706e-01 2.891940269529951757e-01 5.835714554896735858e-03 5.129601691031553656e+01 -6.014485122093201838e-03 -2.704986054452070284e-04 9.999818762353686052e-01 -9.124909179510468649e-01 -1.284382603865342658e-16 3.294469025472580186e-16 -5.235597398201760879e-19 1.000000000000003331e+00
2.899219078604580724e-01 -9.570277601408194723e-01 -6.569144722683429444e-03 -5.573296287345774402e+01 9.570448153487357557e-01 2.898901654253461802e-01 5.377118547950757860e-03 5.211558590328944263e+01 -3.241721269603888619e-03 -7.845910366326697485e-03 9.999639658176274759e-01 -9.206082278511038552e-01 -1.343853586935492596e-16 3.407193188245902667e-16 -6.309921822639136068e-19 1.000000000000002220e+00
2.895703389864615618e-01 -9.571162556082232209e-01 -8.802955739429369625e-03 -5.548391735713922657e+01 9.571555354752530054e-01 2.895722999757082139e-01 1.078886449343803089e-03 5.290807129774045592e+01 1.516472381420068752e-03 -8.738211329396101609e-03 9.999606712137528719e-01 -9.303057323482483154e-01 -1.408605012163913145e-16 3.511484558787929502e-16 -6.474007876102146146e-19 1.000000000000000888e+00
2.886351147271807860e-01 -9.574091090291132478e-01 -7.587390493339961177e-03 -5.524487617795923455e+01 9.574226970135188974e-01 2.886675754421457185e-01 -3.579124449439041906e-03 5.371118423340351455e+01 5.616919967878509709e-03 -6.231278873335145338e-03 9.999648100676614693e-01 -9.336041890211493888e-01 -1.475793689002157704e-16 3.638111440065901541e-16 -6.190394891249308416e-19 9.999999999999995559e-01
2.885255362990875594e-01 -9.574214375806041621e-01 -9.859298372929597640e-03 -5.499627679181244844e+01 9.574456878459322029e-01 2.885788798934759702e-01 -4.470447938361417871e-03 5.451805183039560632e+01 7.125287972762099284e-03 -8.149904323428292310e-03 9.999414029485919064e-01 -9.293553670258258848e-01 -1.533074090416360031e-16 3.739356991380307233e-16 -6.053611713894797346e-19 9.999999999999980016e-01
2.888726676157573059e-01 -9.572456080506915876e-01 -1.527834324172811821e-02 -5.476502936808271471e+01 9.573522203582746082e-01 2.889215049949853675e-01 -1.044091293241382595e-03 5.534460127350756409e+01 5.413693728080042240e-03 -1.432514638874366093e-02 9.998827341749281228e-01 -9.266534514360186270e-01 -1.583803831506211441e-16 3.835618448159662723e-16 -5.582281413886966104e-19 9.999999999999965583e-01
2.888915444336201954e-01 -9.572846737525581018e-01 -1.215438000109407730e-02 -5.452343998967813832e+01 9.573618290528422836e-01 2.888674405781707089e-01 3.732297754656360277e-03 5.618007686377084298e+01 -6.186679569343500292e-05 -1.271436873147166122e-02 9.999191672331451120e-01 -9.276708107730318176e-01 -1.632418691487210176e-16 3.909395414376703860e-16 -4.799739378371703988e-19 9.999999999999948930e-01
2.879895960673573563e-01 -9.576141167544645061e-01 -6.098848212768045833e-03 -5.426494009617172765e+01 9.576181188584403925e-01 2.879429787667053819e-01 7.508622583170581656e-03 5.700705575676042258e+01 -5.434242461606540904e-03 -8.002772737455813440e-03 9.999532112240770987e-01 -9.356884558467704061e-01 -1.674498703125102927e-16 3.969022451872146794e-16 -3.911521890635557537e-19 9.999999999999933387e-01
2.875547086886108272e-01 -9.577223061980725261e-01 -8.959560349167693116e-03 -5.401496464630875494e+01 9.577319018715626520e-01 2.874555847820525756e-01 1.090371107504451743e-02 5.783902945503236737e+01 -7.867251657360938705e-03 -1.171627023494212563e-02 9.999004127227369976e-01 -9.441406889530434832e-01 -1.712680492009332821e-16 4.010948156529589524e-16 -3.509467475124446136e-19 9.999999999999917843e-01
2.882806703256406977e-01 -9.574900262230587877e-01 -1.034914489050562346e-02 -5.376690262024789035e+01 9.575178112317405121e-01 2.881724962688683167e-01 1.078209479967551926e-02 5.868136487936399703e+01 -7.341409315147700600e-03 -1.301776008003335296e-02 9.998883145790433691e-01 -9.609004786790796837e-01 -1.731519904628932993e-16 4.056015221771459007e-16 -2.673009793579939899e-19 9.999999999999901190e-01
2.864082291867483532e-01 -9.580895098054941217e-01 -5.900631727161187966e-03 -5.351321129529100062e+01 9.581045071396330215e-01 2.863859998996788336e-01 4.337333317700674436e-03 5.950854654304997382e+01 -2.465695235007858178e-03 -6.895669807671444586e-03 9.999731846828998627e-01 -9.579954756574938779e-01 -1.748932112370830009e-16 4.117177209942989010e-16 -1.214999522129679905e-19 9.999999999999884537e-01
2.858680380194399961e-01 -9.582541567177808028e-01 -5.332538983764859887e-03 -5.325746729401326718e+01 9.582662636123105981e-01 2.858760813001957612e-01 -7.963435664419767947e-04 6.034489366743070349e+01 2.287544880766290926e-03 -4.882343034603314931e-03 9.999854648267921808e-01 -9.597840341692625010e-01 -1.757312054165463434e-16 4.161033353831559420e-16 -2.801621641206370397e-20 9.999999999999868994e-01
2.857129100542657452e-01 -9.582866070639682876e-01 -7.410246295180706808e-03 -5.301874434122844804e+01 9.583078306608585617e-01 2.857325971299758405e-01 -1.727608628329412640e-03 6.118765480623228115e+01 3.772893130059591388e-03 -6.607696963154310356e-03 9.999710513900952336e-01 -9.659145240657703857e-01 -1.750606832926666455e-16 4.212817951227009896e-16 4.418901904668043163e-20 9.999999999999852340e-01
2.851069479316633570e-01 -9.584775874075516233e-01 -5.894292026812218872e-03 -5.275160008044748849e+01 9.584955034525156625e-01 2.851055432934181399e-01 1.095009046502971482e-03 6.203030884695341030e+01 6.309537015406597267e-04 -5.961847090933150052e-03 9.999820289768346360e-01 -9.719275501915788373e-01 -1.747114802584958029e-16 4.260235502728781003e-16 1.139993386129951661e-19 9.999999999999833467e-01
2.841129777066458972e-01 -9.587870970749490240e-01 -2.668029471895065705e-03 -5.250669335321619258e+01 9.587849942123626290e-01 2.841004629726423536e-01 4.273384147589836049e-03 6.289180775380260258e+01 -3.339277173376698285e-03 -3.772190516816938555e-03 9.999873098227781698e-01 -9.656418428481859939e-01 -1.723839117873062907e-16 4.315644458471699476e-16 1.654477237552223052e-19 9.999999999999813483e-01
2.834386840825682263e-01 -9.589903518718231323e-01 -1.318419848146464176e-04 -5.225409943262611989e+01 9.589709361195549731e-01 2.834320651844988159e-01 6.403756973963068214e-03 6.374390070069186720e+01 -6.103772907742147438e-03 -1.941505081473732762e-03 9.999794870467286767e-01 -9.658781833979397380e-01 -1.710281319581237837e-16 4.378212854152451374e-16 2.016502271112871889e-19 9.999999999999795719e-01
2.837518349465167344e-01 -9.588814636424562998e-01 -5.588814489545320188e-03 -5.201399550202319944e+01 9.588925890092363513e-01 2.837263644562002529e-01 4.934861272848458692e-03 6.459300613652243328e+01 -3.146252983455960755e-03 -6.759348736740879333e-03 9.999722057621124316e-01 -9.655411999696741354e-01 -1.692811769947199189e-16 4.393537603609741649e-16 2.297385994195141509e-19 9.999999999999776845e-01
2.836285003527662663e-01 -9.589246922240376447e-01 -4.278835202652324539e-03 -5.176230722566306497e+01 9.589340497586761325e-01 2.836284206199730096e-01 6.381459072426733580e-04 6.544239655516955168e+01 6.016654029115646061e-04 -4.284117135798464100e-03 9.999906421257308553e-01 -9.724862135417361442e-01 -1.683453751789083617e-16 4.428777359150224671e-16 2.704380248851421743e-19 9.999999999999756861e-01
2.830746197817451404e-01 -9.590943354369648732e-01 -2.610626010161262028e-03 -5.150702055746244667e+01 9.590887975006483490e-01 2.830827393454005136e-01 -3.583461123276846655e-03 6.630552228932219805e+01 4.175900426943323328e-03 -1.489435265827133417e-03 9.999901716707674248e-01 -9.881342805778807747e-01 -1.663046714996174394e-16 4.466068143019759893e-16 3.027911706785759082e-19 9.999999999999734657e-01
2.832184742158494473e-01 -9.590426590645693139e-01 -4.947116051455691804e-03 -5.125731830767723096e+01 9.590534313063597827e-01 2.832246202921667177e-01 -5.747695327576779652e-04 6.715473372582091827e+01 1.952373566246567082e-03 -4.581763274117278337e-03 9.999875977644276936e-01 -9.935618469467604186e-01 -1.636138265251667005e-16 4.511815076500654948e-16 2.989048796852542964e-19 9.999999999999710232e-01
2.841745893124039135e-01 -9.587593970606509419e-01 -5.022084930111314800e-03 -5.101042302479526569e+01 9.587637138124803782e-01 2.841455834220069088e-01 5.781738357334920142e-03 6.801844919788065624e+01 -4.116292728994248341e-03 -6.458015921873135230e-03 9.999706746522277756e-01 -9.843910909555541044e-01 -1.592781724066821236e-16 4.548336644991603640e-16 3.094013422728162443e-19 9.999999999999682476e-01
2.831748652249405640e-01 -9.590622823829469956e-01 -3.396206011514514740e-03 -5.075544322211618464e+01 9.590335617204620577e-01 2.831326967286275642e-01 9.513334699790631718e-03 6.888012447944898042e+01 -8.162303523583691253e-03 -5.951012819002204912e-03 9.999489798222316317e-01 -9.801028205072381816e-01 -1.552884529233478624e-16 4.578045945915790253e-16 3.640318829210539798e-19 9.999999999999653610e-01
2.833080157188880843e-01 -9.590214705839785747e-01 -3.793044739361155823e-03 -5.050913679393417510e+01 9.589872133996859560e-01 2.832565560730717635e-01 1.045217574016313322e-02 6.971940885621037864e+01 -8.949456159246875833e-03 -6.598666573780723882e-03 9.999381805060759687e-01 -9.851754845390887638e-01 -1.504221902502762165e-16 4.610607514734077794e-16 4.518225961433631290e-19 9.999999999999624745e-01
2.837129024430378177e-01 -9.588982188583193844e-01 -4.603787323260615134e-03 -5.025754451472662510e+01 9.588547543987832045e-01 2.836423089738484005e-01 1.202499592575090315e-02 7.058060414189785092e+01 -1.022491830860312173e-02 -7.826009859099149549e-03 9.999170988712828834e-01 -1.002730770041872610e+00 -1.448446569751049476e-16 4.642312000305206664e-16 5.569828503276872316e-19 9.999999999999598099e-01
2.836411016087825310e-01 -9.589063645328821384e-01 -6.805111058495710852e-03 -5.001170529698084977e+01 9.588815763470728282e-01 2.835477927482432658e-01 1.211493994785154370e-02 7.144200109603588089e+01 -9.687518801901450621e-03 -9.961590531709139593e-03 9.999034546862172190e-01 -1.018109259749914175e+00 -1.388293721244058392e-16 4.682824214049847870e-16 6.744164684676647853e-19 9.999999999999569233e-01
2.841568504460542099e-01 -9.587305532222026860e-01 -9.518963329133019527e-03 -4.976542546256627730e+01 9.587608675870886721e-01 2.840788073952717485e-01 8.765270830292017784e-03 7.230073101166684069e+01 -5.699397202104186828e-03 -1.161712129240063604e-02 9.999162761773089381e-01 -1.028976495134371616e+00 -1.327743867451480567e-16 4.703469409938768807e-16 7.766300616090007052e-19 9.999999999999539257e-01
2.838687211893098361e-01 -9.588155116737624439e-01 -9.558436282274603013e-03 -4.951436540934654573e+01 9.588612241889439280e-01 2.838740477234101278e-01 8.232716500162837311e-04 7.312512139500557851e+01 1.924026368984683424e-03 -9.398914985424838484e-03 9.999539782007517141e-01 -1.021558521580913981e+00 -1.266051359630032454e-16 4.690824999208138124e-16 8.216194816431076832e-19 9.999999999999505951e-01
2.832316019450358269e-01 -9.590077186789532915e-01 -9.168160877480556817e-03 -4.925968046023008640e+01 9.590125770202190258e-01 2.832933250804140490e-01 -6.306273236337932124e-03 7.397822295590816566e+01 8.645043489587261182e-03 -7.006245718607384022e-03 9.999380859552602363e-01 -1.019406794473519895e+00 -1.204881499968148502e-16 4.699904612329725228e-16 8.482952053202576706e-19 9.999999999999473754e-01
2.834711926319610775e-01 -9.589323601810696429e-01 -9.633874891015550140e-03 -4.900746228369965962e+01 9.589450291697653173e-01 2.835330394338159699e-01 -5.783301845530330020e-03 7.483450635357044689e+01 8.277317117735492544e-03 -7.598956966869343729e-03 9.999368689443440816e-01 -1.018664682150920431e+00 -1.148075015846526362e-16 4.719416426035251089e-16 8.487166666534438501e-19 9.999999999999440448e-01
2.840961937551623739e-01 -9.587620052431234940e-01 -8.047980868206787430e-03 -4.875982284109662146e+01 9.587934942726844545e-01 2.841038460897439277e-01 1.999440258753524744e-04 7.568673696051622812e+01 2.094763582714977753e-03 -7.773155035172044439e-03 9.999675944880396239e-01 -1.010614785404093885e+00 -1.092316842805415062e-16 4.759233123926188196e-16 8.500608858999387458e-19 9.999999999999409361e-01
2.834285481066346479e-01 -9.589653322597664342e-01 -7.331414742304857846e-03 -4.850709693275757672e+01 9.589799013789207516e-01 2.833757918558170164e-01 7.463869076582403325e-03 7.654301370330040299e+01 -5.080046230960324170e-03 -9.146152962165572317e-03 9.999452690103309838e-01 -1.007262339373728555e+00 -1.023680583936618699e-16 4.768360355234156178e-16 8.875332647960571766e-19 9.999999999999376055e-01
2.834185097656882202e-01 -9.589693368064725609e-01 -7.194399710524925981e-03 -4.825545873609986813e+01 9.589518711390803141e-01 2.833251659175071158e-01 1.175411404181254428e-02 7.740219763175520029e+01 -9.233480455780297691e-03 -1.023041654946467427e-02 9.999050361988137681e-01 -1.013497129894856519e+00 -9.548003958235724681e-17 4.770130536435932908e-16 9.695502339264697234e-19 9.999999999999341638e-01
2.833192596148007558e-01 -9.590012891437941223e-01 -6.835535963471874553e-03 -4.800765351680659876e+01 9.589818152808056162e-01 2.832309665463420001e-01 1.158004966293265693e-02 7.823933761825958300e+01 -9.169247097322173051e-03 -9.836005783460003565e-03 9.999095848614238946e-01 -1.022412489867165375e+00 -8.869717681397534210e-17 4.775615300456920407e-16 1.040229140442273749e-18 9.999999999999306111e-01
2.840256630145496231e-01 -9.587599344862054451e-01 -1.043124025224258060e-02 -4.775735254142053066e+01 9.587985610886231580e-01 2.839366081822916055e-01 9.236979407194026090e-03 7.909800466093953730e+01 -5.894234794951664323e-03 -1.262499734458755532e-02 9.999029290076483223e-01 -1.032896181417195081e+00 -8.107365783269170698e-17 4.747209201210279106e-16 1.097802155945791086e-18 9.999999999999269473e-01
2.843544715106561260e-01 -9.586330020519431283e-01 -1.285697899285828845e-02 -4.751253990575461472e+01 9.587121284563938639e-01 2.842752339029777642e-01 7.658076799897894221e-03 7.995101337391052709e+01 -3.686364442165730379e-03 -1.450375007697276598e-02 9.998880197055778352e-01 -1.042273020126433414e+00 -7.403790335307137166e-17 4.722511825440129325e-16 1.125740982890928271e-18 9.999999999999232836e-01
2.831168647239752367e-01 -9.590026159319559040e-01 -1.260252135804747556e-02 -4.725866464003213707e+01 9.590811946574773206e-01 2.830521747983592573e-01 6.687929168849724576e-03 8.080579643832645331e+01 -2.846570489772132229e-03 -1.398030677754085946e-02 9.998982188496418066e-01 -1.045497303794371557e+00 -6.790523769328763343e-17 4.694292255578342714e-16 1.126945587593509347e-18 9.999999999999196199e-01
2.827349175620323396e-01 -9.591197908723148036e-01 -1.225533142293252706e-02 -4.700309689510078925e+01 9.591887247054156074e-01 2.826526359251815834e-01 8.029807146767485235e-03 8.166437089634840163e+01 -4.237545220540292305e-03 -1.402548258007259296e-02 9.998926587632942509e-01 -1.048137356502816919e+00 -6.056243014047153525e-17 4.651891338523404339e-16 1.043450201764418648e-18 9.999999999999160671e-01
2.826012270564181583e-01 -9.591437008817621512e-01 -1.341296108586882349e-02 -4.675630289604443846e+01 9.592062820812017332e-01 2.824516299560189125e-01 1.201603725951454898e-02 8.252558825157150579e+01 -7.736593725800816092e-03 -1.626154340875749990e-02 9.998378405138065306e-01 -1.050334142165185947e+00 -5.296521608965382061e-17 4.623706942250717889e-16 9.865987254350492191e-19 9.999999999999125144e-01
2.823413116870192030e-01 -9.592204131356876218e-01 -1.340084843212542738e-02 -4.650933620948201508e+01 9.592686374496512958e-01 2.821645350800288110e-01 1.366954091564818660e-02 8.336556638416935527e+01 -9.330858516972372063e-03 -1.671448972842450378e-02 9.998167636683611414e-01 -1.052518060638168551e+00 -4.536973877747112783e-17 4.609854720940547905e-16 9.601794110373389446e-19 9.999999999999090727e-01
2.809646841974369758e-01 -9.596402316236481989e-01 -1.222587760412239231e-02 -4.625454532122339657e+01 9.596779763115023121e-01 2.808136399709149633e-01 1.272326173734603279e-02 8.422174378863887512e+01 -8.776560648800333861e-03 -1.530769269373790688e-02 9.998443111441845943e-01 -1.063857430461703446e+00 -3.711975506496239423e-17 4.571083841189073922e-16 9.578179345789060633e-19 9.999999999999054090e-01
2.807439363179881076e-01 -9.596853624565653273e-01 -1.366921019435098084e-02 -4.601373719206824120e+01 9.597543200190928880e-01 2.805976272619821743e-01 1.168831809687833831e-02 8.507656186290117262e+01 -7.381559842247687603e-03 -1.640050796671852287e-02 9.998382548755282428e-01 -1.077938342129295846e+00 -2.758023976795492184e-17 4.516377296364953531e-16 8.871269475158852711e-19 9.999999999999018563e-01
2.800765428997810114e-01 -9.598871280144943841e-01 -1.318452082696968362e-02 -4.576471640527491758e+01 9.599529725530167035e-01 2.799444008516335236e-01 1.101920681146275997e-02 8.592468715145183467e+01 -6.886261995848414440e-03 -1.574274130877571093e-02 9.998523618472976437e-01 -1.091353232936118411e+00 -1.888507092309658661e-17 4.456206002068746523e-16 7.323655822012936327e-19 9.999999999998980815e-01
2.785970811972048322e-01 -9.603582339375376087e-01 -9.784112469417620417e-03 -4.551050475870135159e+01 9.603916639071240491e-01 2.785183129024045301e-01 8.683390813357937457e-03 8.677904817196437648e+01 -5.614111367893695297e-03 -1.181574738984177662e-02 9.999144312724843608e-01 -1.096146078781749633e+00 -1.050939053460455584e-17 4.399772394359770807e-16 6.174901312957935306e-19 9.999999999998941957e-01
2.771847210548290530e-01 -9.606975900318358574e-01 -1.512517506741254715e-02 -4.527474114699376173e+01 9.608160168049387773e-01 2.771321530693440227e-01 5.509227401495474241e-03 8.762536339881090441e+01 -1.101029155587462949e-03 -1.605958412224673532e-02 9.998704303520650205e-01 -1.101534061705364609e+00 -3.955719870556876338e-18 4.322477954934269501e-16 5.031947796359861999e-19 9.999999999998899769e-01
2.762081477722806433e-01 -9.608493557532367113e-01 -2.185348148088018735e-02 -4.504302551031793911e+01 9.610891063831735748e-01 2.762311647050149643e-01 2.018226357611885551e-03 8.847896172755130806e+01 4.097401146832573525e-03 -2.156059355182805837e-02 9.997591470495964527e-01 -1.104230987418540533e+00 -2.512273866127083161e-20 4.287481051875435069e-16 3.760629389687124954e-19 9.999999999998855360e-01
2.752319097776584345e-01 -9.611055960942783694e-01 -2.287857068179954129e-02 -4.480446912693498973e+01 9.613630214369534022e-01 2.752819490445712614e-01 9.947583461107070354e-04 8.931974187911816898e+01 5.341989715416545562e-03 -2.226840107616743711e-02 9.997377563437278569e-01 -1.105717177286812625e+00 3.421777536030972988e-18 4.269286107994841214e-16 2.093027279647261105e-19 9.999999999998809841e-01
2.737951260076713633e-01 -9.615548710747033878e-01 -2.117684790021878011e-02 -4.456281033654639145e+01 9.617852929305334975e-01 2.737805692201504271e-01 3.640085212919917310e-03 9.017590346737858908e+01 2.297667804784451519e-03 -2.136421845059369509e-02 9.997691187931599943e-01 -1.094214958297880180e+00 8.191696888832629642e-18 4.240920360811004751e-16 1.123854043466868994e-20 9.999999999998763212e-01
2.733121541831263768e-01 -9.617492081662080139e-01 -1.840996924180592423e-02 -4.432676535793260086e+01 9.619232559920920522e-01 2.732211212014781787e-01 7.339517104240619871e-03 9.104002483488153530e+01 -2.028782325812142698e-03 -1.971495678620233463e-02 9.998035829706695132e-01 -1.084970622893207892e+00 1.252861824848443071e-17 4.216218874547246015e-16 -9.462590563463063436e-20 9.999999999998713252e-01
2.722628097377908230e-01 -9.620243219606120499e-01 -1.954907644724824048e-02 -4.409273013130905383e+01 9.622138251758300953e-01 2.721156687088293058e-01 9.880156071265237816e-03 9.188679040388991837e+01 -4.185340435259138694e-03 -2.150039067955779662e-02 9.997600792819553162e-01 -1.090024907777417562e+00 1.873316389191393386e-17 4.209920122156481802e-16 -1.068402093716587061e-19 9.999999999998665512e-01
2.713981630657920086e-01 -9.623084675431161639e-01 -1.747713876365407717e-02 -4.386395321673164460e+01 9.624536273266924846e-01 2.712532994713682255e-01 1.023048248825274113e-02 9.274306703430009691e+01 -5.104148370555739063e-03 -1.959746975294512569e-02 9.997949223958314535e-01 -1.096136591432906870e+00 2.309984462179471729e-17 4.243886884037709887e-16 -8.660610902476529494e-20 9.999999999998616662e-01
2.699518288440613256e-01 -9.627695148833582683e-01 -1.417290778349962997e-02 -4.362229225365339147e+01 9.628521806630278013e-01 2.698178124367253128e-01 1.067830907358544197e-02 9.360314374120981995e+01 -6.456647472558407590e-03 -1.652904422904101153e-02 9.998425388030260930e-01 -1.109773904322499671e+00 2.597593077484973232e-17 4.279661101668571378e-16 -1.389660102535716551e-20 9.999999999998567812e-01
2.692041789811386310e-01 -9.629837811545223225e-01 -1.383283240917131118e-02 -4.340165780405849461e+01 9.630451015651149138e-01 2.690381479309610913e-01 1.275175712126820279e-02 9.445128106731588957e+01 -8.558175677020293456e-03 -1.675446779880706769e-02 9.998230070555739202e-01 -1.114963296197398313e+00 2.812663005900985586e-17 4.316065979792195377e-16 3.218586371276202672e-20 9.999999999998516742e-01
2.682842511219720172e-01 -9.631524529109758426e-01 -1.899771174440945468e-02 -4.318723632859855144e+01 9.633039071690420174e-01 2.680518625846814440e-01 1.392053871476225078e-02 9.529506999180495086e+01 -8.315228991049986029e-03 -2.203523125495001830e-02 9.997226143036660462e-01 -1.113583207454525326e+00 2.904660259535494271e-17 4.380057094738164890e-16 6.610196841559768365e-20 9.999999999998465672e-01
2.682819864434062285e-01 -9.630492254755592674e-01 -2.368470098894980697e-02 -4.296080377251014681e+01 9.633123621788860502e-01 2.680054126112789148e-01 1.422644315231481708e-02 9.614718239982178716e+01 -7.353136998010960899e-03 -2.663246368607715547e-02 9.996182487600389077e-01 -1.117968285099730119e+00 2.796922818361408334e-17 4.460616733863415213e-16 1.559828619335829981e-19 9.999999999998416822e-01
2.689119675971270995e-01 -9.628051342430378190e-01 -2.631781066726952834e-02 -4.272944353205652135e+01 9.631513109645263304e-01 2.686634147641073778e-01 1.263019219894219274e-02 9.699469220676655823e+01 -5.089781012654013941e-03 -2.874444368122798521e-02 9.995738347348273045e-01 -1.127628287917916250e+00 2.589495743951825439e-17 4.540576242763005438e-16 2.781109980455061656e-19 9.999999999998369082e-01
2.702047467239390155e-01 -9.624132509180415296e-01 -2.738848855356430106e-02 -4.250424000496707322e+01 9.627905683540342041e-01 2.699480577326728303e-01 1.274235516919752613e-02 9.783942882764793580e+01 -4.869942173491717888e-03 -2.981242331198703799e-02 9.995436474107979308e-01 -1.139391106328199621e+00 2.472060345759323345e-17 4.608940022652059548e-16 3.963643022657256205e-19 9.999999999998316902e-01
2.713605527971497122e-01 -9.621104020551317637e-01 -2.658993499366333474e-02 -4.226737949270856376e+01 9.624464490842405962e-01 2.710252915068053214e-01 1.556033448156042553e-02 9.869991565044564652e+01 -7.764214781383248221e-03 -2.981384948264003548e-02 9.995253130099526206e-01 -1.152482816530462584e+00 2.321474434330192785e-17 4.662365946498988767e-16 4.525233459627421426e-19 9.999999999998262501e-01
