1.000000000000000000e+00 4.398956837314658088e-19 2.733407509747682871e-20 -8.673617379884035472e-19 -5.583667658079949532e-19 1.000000000000000000e+00 -6.100159232558060012e-19 0.000000000000000000e+00 4.145284534913582806e-20 -2.210423569125054137e-19 1.000000000000000222e+00 0.000000000000000000e+00
9.998837407903607977e-01 7.724401278686480674e-04 1.522853424510257729e-02 -4.979211556655423199e-02 -7.667800887682142425e-04 9.999996347682740261e-01 -3.775090943245982015e-04 -8.559974862234295823e-03 -1.522882055043646432e-02 3.657882854973212882e-04 9.998839678713424828e-01 2.678197343122312724e-02
9.993167507836492325e-01 3.614000598024546141e-03 3.678274900360311434e-02 2.194764216215838726e-03 -3.580026037993631286e-03 9.999931021532917352e-01 -9.894778100037332491e-04 1.957705219661473595e-03 -3.678607189334912736e-02 8.571185903299068402e-04 9.993227958142814060e-01 2.563313400524797614e-01
9.979975203330782030e-01 5.174772713491448441e-03 6.304102748279268031e-02 2.268902876654038323e-02 -5.211951048477043817e-03 9.999863272486586574e-01 4.253137402347545947e-04 6.291016247174818776e-03 -6.303796572790106023e-02 -7.530287594253262141e-04 9.980108455348113417e-01 4.041583714520988191e-01
9.952486408311141952e-01 4.667799849835385477e-03 9.725407205699077018e-02 7.984399502444641805e-02 -4.947280383768183111e-03 9.999842963537856066e-01 2.632768760502764670e-03 7.302354281592218777e-03 -9.724025725717758140e-02 -3.101402634756025584e-03 9.952561045772355675e-01 5.740040828958938857e-01
9.909928510352431497e-01 1.239483829362890638e-03 1.339090465593185952e-01 1.456956757567520744e-01 -1.890996070215260729e-03 9.999869864300264810e-01 4.738259888262597898e-03 3.769626283799162869e-03 -1.339014332421794018e-01 -4.948803077940700651e-03 9.909822983524605444e-01 7.514393558611331958e-01
9.847424373898163719e-01 -1.854282917392160350e-03 1.740083140490673030e-01 2.131797698961984122e-01 8.844021537922746581e-04 9.999836411249716228e-01 5.651133706485967842e-03 -4.889770941772786372e-03 -1.740159492774812078e-01 -5.411017738236159440e-03 9.847279677999537517e-01 9.432102527043553231e-01
9.759730326736553163e-01 -2.076333776263910441e-03 2.178814535757601922e-01 3.017003825255624161e-01 7.172101304694891884e-04 9.999797916034548484e-01 6.316802302379578675e-03 -3.379298183590964677e-03 -2.178901700980518941e-01 -6.008761763746660149e-03 9.759547986865336755e-01 1.165901630987419058e+00
9.641424356269351348e-01 -1.874712879792075513e-03 2.653786887040657239e-01 4.021512607307450859e-01 -6.443619559679808614e-04 9.999555644089827000e-01 9.404998861120500778e-03 8.955378761318869008e-03 -2.653845327043496405e-01 -9.238758274233297221e-03 9.640983850236134467e-01 1.371410369213539315e+00
9.498557463462521389e-01 -6.051861059118112708e-03 3.126298687684165856e-01 5.267380429538821573e-01 9.464093198492721203e-04 9.998637506254456353e-01 1.647982059765778703e-02 1.812725723401184541e-02 -3.126870121287920190e-01 -1.535757631428893120e-02 9.497320561968901620e-01 1.609608557418839014e+00
9.329978287523787994e-01 -1.567763149366745851e-02 3.595403477680029769e-01 6.745455687039793036e-01 7.320802915270740660e-03 9.996707408454031940e-01 2.459300141691276795e-02 2.954825990220788512e-03 -3.598075320411973088e-01 -2.031309273412825953e-02 9.328054030260239937e-01 1.814646909060046553e+00
9.116861770175173074e-01 -2.143665891184933642e-02 4.103276519249033361e-01 8.025230960961016180e-01 1.018579418913803311e-02 9.995103420405393457e-01 2.958590405750408103e-02 1.813939015131008081e-03 -4.107609617483199416e-01 -2.279354655629592732e-02 9.114581114491761005e-01 2.045489135280536885e+00
8.866448774088128149e-01 -2.321766795784779847e-02 4.618677280095551119e-01 9.996026031328142381e-01 8.733990370098688311e-03 9.994014786118234905e-01 3.347240547462166510e-02 3.311642692556848733e-03 -4.623684494733464323e-01 -2.564418833961758237e-02 8.863169837315971744e-01 2.298901101240060196e+00
8.584424783500211875e-01 -2.557655682720535659e-02 5.122717513360809383e-01 1.180238288251977963e+00 7.035092466108517836e-03 9.992491239695059368e-01 3.810112447927081064e-02 2.376665803516425646e-02 -5.128616031851396251e-01 -2.910374434762745890e-02 8.579778271989915162e-01 2.502530362266080388e+00
8.261353997504938818e-01 -3.081558930008381283e-02 5.626283817493575867e-01 1.398114521632772167e+00 8.186868232352666544e-03 9.990544897424160631e-01 4.269779472332278086e-02 2.477494806625953061e-02 -5.634121782759858865e-01 -3.066799500773862916e-02 8.256065626420525660e-01 2.731049617208523017e+00
7.903799819113136449e-01 -3.629081471654897056e-02 6.115410494900732630e-01 1.648505906392186304e+00 1.004836054625804498e-02 9.988775167438322944e-01 4.628970671201819431e-02 2.827668428213819807e-02 -6.125345066482559275e-01 -3.044147226517856034e-02 7.898574559549904617e-01 2.931089905284981700e+00
7.532240409223754929e-01 -4.093715073318373449e-02 6.564889086249467987e-01 1.904121762032719323e+00 1.153955273432831670e-02 9.987302207205299709e-01 4.903860612166374006e-02 4.031488524790279721e-02 -6.576628247814539918e-01 -2.936146829031546432e-02 7.527400081376145469e-01 3.157210074753389772e+00
7.127523100112240773e-01 -4.410173306304434465e-02 7.000279808543682369e-01 2.201059276946333743e+00 1.228753614739368227e-02 9.986533081765840425e-01 5.040423066408685621e-02 5.232383965395088349e-02 -7.013081849391938905e-01 -2.732411226239361834e-02 7.123343529666210650e-01 3.405019421761149356e+00
6.710094629526450749e-01 -4.578145371634998601e-02 7.400340197486732219e-01 2.497151591198457865e+00 1.129769567774385058e-02 9.986073401252894000e-01 5.153389434156883248e-02 5.977364812104297986e-02 -7.413627134735459867e-01 -2.621905110807606215e-02 6.705921988978355008e-01 3.576809507231321295e+00
6.292544832513417008e-01 -4.614133882919233681e-02 7.758284362322978023e-01 2.832822305582497702e+00 7.270611291014921103e-03 9.985419206360571787e-01 5.348991394566702390e-02 8.218582112104591553e-02 -7.771653264730483679e-01 -2.801802063780970201e-02 6.286724549318652988e-01 3.796695619237912211e+00
5.866576312936014892e-01 -4.698633140410574810e-02 8.084708391128394567e-01 3.188760397707805616e+00 4.375579118921446575e-03 9.984847774687891642e-01 5.485438381482847514e-02 1.012928592711142967e-01 -8.098232461340162391e-01 -2.864321419057956966e-02 5.859743057156311385e-01 4.013904336641993531e+00
5.467903368229964922e-01 -4.816097813112141940e-02 8.358832671639606637e-01 3.558065969360735270e+00 2.408700434884700464e-03 9.984306213307834188e-01 5.595080434185439877e-02 1.202867032773972528e-01 -8.372661097298587096e-01 -2.857996616905848428e-02 5.460482199349198096e-01 4.222046820987142013e+00
5.077008283489151674e-01 -5.075664510836666588e-02 8.600369874098854339e-01 3.972728320949041603e+00 1.388105211050076008e-03 9.983099403972806041e-01 5.809764214010334354e-02 1.353554326406459785e-01 -8.615323299359346487e-01 -2.830239859138849318e-02 5.069132380525229742e-01 4.417057311835091760e+00
4.708767459943704048e-01 -5.050623431037987859e-02 8.807520636143766346e-01 4.396749025218609219e+00 -1.385220647693960255e-03 9.983162917942467462e-01 5.798847007221687860e-02 1.568815911464173096e-01 -8.821979286439410872e-01 -2.852545739169615180e-02 4.700139634458910809e-01 4.607265829624894060e+00
4.347227618606026578e-01 -4.974965808854157207e-02 8.991891227204690251e-01 4.854541131083943917e+00 -2.823090218102499056e-03 9.983927636914474713e-01 5.660317600534382071e-02 1.832724438108893628e-01 -9.005599175360547992e-01 -2.714518034162911181e-02 4.338836106256068748e-01 4.813345721214133732e+00
4.007613622606314152e-01 -4.856636585658459515e-02 9.148943243208214060e-01 5.352495568157117134e+00 -1.538070571948404325e-03 9.985569370572605630e-01 5.368126077803195978e-02 2.008318343286213947e-01 -9.161811938184699633e-01 -2.292054649985982712e-02 4.001083386141375264e-01 4.984813676912925651e+00
3.717042459452346570e-01 -4.689522026163246704e-02 9.271659924122888086e-01 5.878942084232788190e+00 3.130441910414101829e-04 9.987296011038439003e-01 5.038934260148690558e-02 2.196682681614491039e-01 -9.283511571366561688e-01 -1.843968787888919381e-02 3.712467122621770921e-01 5.155412954970867823e+00
3.457704612757813711e-01 -4.521774472308987686e-02 9.372289629211351114e-01 6.412977745990624534e+00 1.564620624995308618e-03 9.988645755207828936e-01 4.761419639534339443e-02 2.463592992057354880e-01 -9.383178330248790333e-01 -1.499717405433598910e-02 3.454486123355475780e-01 5.324292504209013899e+00
3.252236056259623642e-01 -4.451735169636215905e-02 9.445886918354149397e-01 6.977171603642958075e+00 2.234891978754732778e-03 9.989246782051856011e-01 4.630866546469547540e-02 2.697612368613216960e-01 -9.456345105365674408e-01 -1.294961660546418113e-02 3.249733757458879158e-01 5.509575224896251733e+00
3.104899129109279232e-01 -4.509368632053646631e-02 9.495064814189073665e-01 7.564986962324887543e+00 3.512950648738713717e-03 9.989217845861241285e-01 4.629176407766388834e-02 2.946539464944097908e-01 -9.505701916321898093e-01 -1.103755550491307240e-02 3.103135484674881539e-01 5.691039726712303626e+00
2.988012287626453101e-01 -4.639740964729053424e-02 9.531868078995126004e-01 8.198297622383773131e+00 4.639104016769764194e-03 9.988762381431728343e-01 4.716714479816867811e-02 3.140701907840572904e-01 -9.543041027757974692e-01 -9.671667173345195948e-03 2.986806884150939312e-01 5.884194454704775978e+00
2.872424087874185794e-01 -4.830511544721101391e-02 9.566391163715136647e-01 8.829510319685214270e+00 3.554774336440536149e-03 9.987744614397187082e-01 4.936535947629354382e-02 3.479111195646033550e-01 -9.578513342096133254e-01 -1.077918769054582449e-02 2.870620945860878348e-01 6.094727311800198777e+00
2.785646263881529916e-01 -4.988161543313578139e-02 9.591212425077174641e-01 9.508631835369266483e+00 1.906271554606589350e-03 9.986770902181724141e-01 5.138516871338309061e-02 3.751368362023924652e-01 -9.604156034767238337e-01 -1.248574389784787818e-02 2.782911970825553971e-01 6.243775954921582105e+00
2.665332188396362656e-01 -5.155795773536797633e-02 9.624457411120981298e-01 1.018152643905995625e+01 1.198878612321600335e-03 9.985851851405608270e-01 5.316192875173864074e-02 4.042921370692913463e-01 -9.638249957284792391e-01 -1.301556348998579929e-02 2.662179340683507034e-01 6.485596687318312625e+00
2.573476559299245348e-01 -5.344861947306081551e-02 9.648395790528385696e-01 1.091231224305853331e+01 2.766152248894221551e-04 9.984731767725875118e-01 5.523801869669788672e-02 4.309145667619063147e-01 -9.663188521336359971e-01 -1.394848443124544791e-02 2.569695149045498894e-01 6.629516319781259881e+00
2.474899932602818431e-01 -5.500429751531822620e-02 9.673278733898382775e-01 1.165519588936080631e+01 -2.852498741483098957e-04 9.983830806311611017e-01 5.684314295328996708e-02 4.613289279100544205e-01 -9.688904161253476532e-01 -1.434403833825857212e-02 2.470741305756230799e-01 6.822519892281033727e+00
2.360671372817967073e-01 -5.642729855008831591e-02 9.700970315957836432e-01 1.237951909064108591e+01 -5.237892917313240844e-04 9.983050667453521321e-01 5.819552657130533380e-02 4.934543068870202998e-01 -9.717366150415251980e-01 -1.424617690936895442e-02 2.356374618699170198e-01 7.010904876660634777e+00
2.259907289943688113e-01 -5.949254682880198569e-02 9.723110671117339843e-01 1.314504524245566053e+01 -1.995275424109180847e-03 9.981029673885631892e-01 6.153442387759462673e-02 5.228487432984711969e-01 -9.741274177559465786e-01 -1.584623680841759294e-02 2.254433118364360389e-01 7.190080484238573710e+00
2.151020159966602618e-01 -6.256727006867998653e-02 9.745852673238284414e-01 1.393427639873538126e+01 -3.806735307376577209e-03 9.978843015505982628e-01 6.490323134968684071e-02 5.726252358519025032e-01 -9.765841736831341047e-01 -1.767080318765914745e-02 2.144087465975779427e-01 7.350183528822795687e+00
2.018344050134835144e-01 -6.661701414060643145e-02 9.771514878086280387e-01 1.470510588149943487e+01 -4.009366357472340242e-03 9.976196171152286185e-01 6.884057290155537467e-02 6.115283212066813245e-01 -9.794114634925392693e-01 -1.781215350068584766e-02 2.010868684702243614e-01 7.519045011243412624e+00
1.897125255913405806e-01 -6.903566663246930857e-02 9.794096272846329887e-01 1.552096999994290982e+01 -5.325420590375813321e-03 9.974379849355941019e-01 7.133797061129439065e-02 6.490712629618378138e-01 -9.818252464066932195e-01 -1.874947390113812506e-02 1.888588339147190265e-01 7.676916493169946953e+00
1.758104381025349383e-01 -6.974856482007901759e-02 9.819500043812120493e-01 1.633065707370319686e+01 -5.976581375004517797e-03 9.973928191949412714e-01 7.191553824818430751e-02 6.792357997362612476e-01 -9.844059057883530750e-01 -1.851220551698888953e-02 1.749352091583928348e-01 7.818894412559093787e+00
1.614046112002109068e-01 -6.872877061229730467e-02 9.844921995683465488e-01 1.712407832026451970e+01 -7.384133556682300273e-03 9.974600272036981963e-01 7.084467979146437389e-02 7.240616126250434270e-01 -9.868607009812820907e-01 -1.870427900697785653e-02 1.604871440824206519e-01 7.969092203312881040e+00
1.447056903966728869e-01 -6.811029348491225155e-02 9.871277700538538813e-01 1.790324940174608059e+01 -8.101748811657294089e-03 9.975130718794257279e-01 7.001452028548568740e-02 7.618446071434694655e-01 -9.894415808855696604e-01 -1.812895984719613968e-02 1.437940038781483632e-01 8.078361990280694016e+00
1.236644855862323589e-01 -6.674034007301249405e-02 9.900771713374507677e-01 1.872834867911720735e+01 -1.023202919236877208e-02 9.975969097109257389e-01 6.852526012376930487e-02 7.985469101390308966e-01 -9.922713428314697826e-01 -1.860463867668246327e-02 1.226844181711496951e-01 8.195643405093955280e+00
9.852061944954897121e-02 -6.515769009731596506e-02 9.929995699996591041e-01 1.953513358810916856e+01 -1.547330586562276587e-02 9.976331937580374953e-01 6.699692150736254181e-02 8.418770105129891324e-01 -9.950147142789373955e-01 -2.196556341993143036e-02 9.727923397758382607e-02 8.240488836903484327e+00
6.811695988302712834e-02 -6.461448911459528877e-02 9.955827592387627156e-01 2.036445405190645630e+01 -1.871383657365709857e-02 9.976422327740069873e-01 6.602853692242119377e-02 8.813601948312874690e-01 -9.975018242716795491e-01 -2.312883539895926183e-02 6.674716956784355892e-02 8.314720586687034398e+00
3.494790409235173922e-02 -6.446858436558816630e-02 9.973075896836072207e-01 2.123376631381613322e+01 -2.215626085746184512e-02 9.976219420980538821e-01 6.526531038257361861e-02 9.175153975195394773e-01 -9.991435139387543352e-01 -2.437749207285617656e-02 3.343641178818421156e-02 8.312505909614433364e+00
1.365683424650095601e-03 -6.400363764299843439e-02 9.979487221373319894e-01 2.203885823398481136e+01 -2.382036297866396354e-02 9.976644154008964538e-01 6.401800173147201289e-02 9.544594915240333100e-01 -9.997153307481494444e-01 -2.385892826363286354e-02 -1.620975185412559848e-04 8.324198900470815232e+00
-3.350958184499019249e-02 -6.294925421733654769e-02 9.974539999525677825e-01 2.292325195349616251e+01 -2.496587146296675233e-02 9.977557927083884337e-01 6.212956928395193396e-02 9.832155475045551984e-01 -9.991265337464472207e-01 -2.282037159857153164e-02 -3.500596377950801474e-02 8.290883371458948048e+00
-6.623935903784487766e-02 -6.097604433129263923e-02 9.959388796707652203e-01 2.374658334984923869e+01 -2.703470006749338420e-02 9.978742671687960142e-01 5.929647479774969449e-02 1.018716289359868687e+00 -9.974374614255003824e-01 -2.299714754721183391e-02 -6.774702231840233624e-02 8.216182798917648356e+00
-9.825168027631742129e-02 -5.789997360611666422e-02 9.934758090295108257e-01 2.457125332155012387e+01 -2.914948155285258455e-02 9.980451114715807037e-01 5.528348045895256635e-02 1.051188620425125064e+00 -9.947346038326952966e-01 -2.352760906161112039e-02 -9.974736479391201061e-02 8.162283650114499522e+00
-1.307597934755775071e-01 -5.356827602251634096e-02 9.899658070045291858e-01 2.540142809673474389e+01 -2.578109218596668153e-02 9.983852444746540433e-01 5.061856297840312130e-02 1.077962995600309393e+00 -9.910788205477414348e-01 -1.890352599047080001e-02 -1.319296984226177305e-01 8.030168836118591003e+00
-1.622277277241268023e-01 -4.831841163688111590e-02 9.855696212787706800e-01 2.622867196737030326e+01 -2.252169647697343721e-02 9.987215140281506809e-01 4.525605618141041037e-02 1.088478163324028802e+00 -9.864963021656606434e-01 -1.485491177491970669e-02 -1.631085358294760423e-01 7.855341435119466809e+00
-1.924747189334886921e-01 -4.186087796530898325e-02 9.804086558873443824e-01 2.706761451626906734e+01 -1.617499183751572658e-02 9.990893163203763416e-01 3.948300472410881667e-02 1.103295376778840486e+00 -9.811686239507869667e-01 -8.258620782761913817e-03 -1.929765360799068630e-01 7.667129451857646494e+00
-2.227134786769563446e-01 -3.619330536888924060e-02 9.742118528871773764e-01 2.788408993814312353e+01 -9.758728915162407161e-03 9.993433011121427567e-01 3.489604178208994406e-02 1.123742180453605410e+00 -9.748351090219844473e-01 -1.735249480902921774e-03 -2.229204250034988732e-01 7.483061406947927097e+00
-2.502079571099441457e-01 -2.968671681007103297e-02 9.677368756399383765e-01 2.869209622409230320e+01 -1.500715278950947315e-03 9.995405008181951212e-01 3.027433014456821017e-02 1.142034894136819023e+00 -9.681909635729102348e-01 6.122581887470309250e-03 -2.501375394246332373e-01 7.257996081992353687e+00
-2.781305513059184054e-01 -1.979607564544205722e-02 9.603392606085333627e-01 2.950043518303878187e+01 3.848666935396840866e-03 9.997566144495718676e-01 2.172325047871516077e-02 1.132713965245682575e+00 -9.605355796588268547e-01 9.737926717424868692e-03 -2.779866711942846624e-01 7.023748317810855291e+00
-3.020218905964354716e-01 -4.629815801897063307e-03 9.532897388857828336e-01 3.027021254266448835e+01 8.589861167133094541e-03 9.999343934537581191e-01 7.577800213036079216e-03 1.125451381930704153e+00 -9.532622971720177141e-01 1.047728917449849625e-02 -3.019623078473197553e-01 6.743242799802366072e+00
-3.258950931297457942e-01 1.254434089585468488e-02 9.453227025113661863e-01 3.103866625837747151e+01 9.787789658925459199e-03 9.999031460331466725e-01 -9.894327178858524849e-03 1.105937679122022343e+00 -9.453552784440933943e-01 6.028108155350270746e-03 -3.259863115965039859e-01 6.448390201890300766e+00
-3.526726910936929804e-01 2.730164122951039482e-02 9.353483723926869775e-01 3.188242700326151535e+01 8.983967711029917924e-03 9.996270009095445941e-01 -2.579045094177991396e-02 1.071881419579184147e+00 -9.357036261394050536e-01 -6.924471795127779125e-04 -3.527864228803434532e-01 6.160519532246367724e+00
-3.768616263336833638e-01 3.813076040851771237e-02 9.254843836579703664e-01 3.261387551469564272e+01 1.280323734150667393e-02 9.992713091445233342e-01 -3.595730533362998665e-02 1.042519528855671007e+00 -9.261810870792973605e-01 -1.701731387445500543e-03 -3.770752091920602789e-01 5.824756221798169875e+00
-4.004817339729956904e-01 4.301140736440232232e-02 9.152946982139171794e-01 3.341363569154330548e+01 1.670496549893719235e-02 9.990744100887741785e-01 -3.963921288059575609e-02 9.923407707513516307e-01 -9.161524648693082362e-01 -5.848133933519186365e-04 -4.008295574865359256e-01 5.483938279050506459e+00
-4.227570515821246766e-01 4.199786903415538702e-02 9.052693740635872066e-01 3.409732570268349860e+01 1.861662652834157952e-02 9.991172647235693205e-01 -3.765783464689571869e-02 9.499836198028038803e-01 -9.060518253474382222e-01 9.329476672387436919e-04 -4.231657289380007514e-01 5.141835366455111078e+00
-4.431065370187058927e-01 3.841607244778992569e-02 8.956454587582297622e-01 3.486287218749363603e+01 2.298928500285896473e-02 9.992397778390549323e-01 -3.148585583228082074e-02 9.006369394840367804e-01 -8.961741476721493127e-01 6.638661185021143066e-03 -4.436528369099279057e-01 4.759519151562379591e+00
-4.614927649554092515e-01 3.720661375672069254e-02 8.863634026867547311e-01 3.556446639176262892e+01 3.042059374988134376e-02 9.991962556010104413e-01 -2.610421839869236926e-02 8.723742999320847069e-01 -8.866222580006787313e-01 1.491679414715386780e-02 -4.622536912615151650e-01 4.379457639742718733e+00
-4.755551709997037357e-01 3.814548828049851154e-02 8.788584568138131381e-01 3.630670812896554622e+01 3.450821776812802028e-02 9.990993441192095315e-01 -2.469176849274261690e-02 8.275531577818762141e-01 -8.790088025761150226e-01 1.858554193980840180e-02 -4.764431934935909330e-01 3.974464230065898107e+00
-4.864533530508126091e-01 4.142673056056087738e-02 8.727238667140930772e-01 3.699682656472997166e+01 3.668346091009117016e-02 9.989628838197408545e-01 -2.697184433663863193e-02 7.797707563224455241e-01 -8.729361211282276045e-01 1.889398884301323953e-02 -4.874685214891077423e-01 3.561663235126815596e+00
-4.972554048181383468e-01 4.431774676667268875e-02 8.664715725935844270e-01 3.769877239664665325e+01 3.811000114055439897e-02 9.988463145498259754e-01 -2.921759164249810442e-02 7.257587212270666388e-01 -8.667668097967126117e-01 1.849262835813164987e-02 -4.983706790944105181e-01 3.177901607516043558e+00
-5.064926804476365119e-01 4.323690022636143132e-02 8.611595216196059610e-01 3.837507563104899333e+01 3.195591863203111477e-02 9.989971041467349266e-01 -3.136247943304168451e-02 6.843848393780334050e-01 -8.616518996279144416e-01 1.163427836083894516e-02 -5.073663971184305677e-01 2.757277799608568003e+00
-5.184729199117235066e-01 4.227014720289691552e-02 8.540486243421956392e-01 3.907613137145895621e+01 3.000789979692411458e-02 9.990616567523011859e-01 -3.123030427724322877e-02 6.537911231904259823e-01 -8.545673579442091272e-01 9.436139500075766892e-03 -5.192548538938525082e-01 2.355574186978879769e+00
-5.270450386552099076e-01 4.369561131878718641e-02 8.487132658910049310e-01 3.975112324385052176e+01 3.289301617949986350e-02 9.989778293966844469e-01 -3.100557699412304427e-02 6.200251650900782119e-01 -8.492005584927302397e-01 1.157540468338280094e-02 -5.279435903568188149e-01 1.926586297176986706e+00
-5.341170973756975693e-01 4.706011208282062652e-02 8.440996737304207187e-01 4.044034431239197147e+01 3.651583127732870721e-02 9.988018807840542967e-01 -3.257908757355344048e-02 5.692640809234615906e-01 -8.446215318377996439e-01 1.342195461043828655e-02 -5.351956017210441896e-01 1.487226604083484949e+00
-5.367444856424623545e-01 5.014009270457509687e-02 8.422537119767308234e-01 4.113491958700138440e+01 3.697356908556658633e-02 9.986715645550564568e-01 -3.588957055816298369e-02 5.306464103733726789e-01 -8.429343532902540126e-01 1.187759773371342871e-02 -5.378853146127003937e-01 1.007876774565698463e+00
-5.380705741342827197e-01 5.150619015546128998e-02 8.413246440913332291e-01 4.181474165200359749e+01 3.605058195595101100e-02 9.986241914536919673e-01 -3.807991230010684958e-02 4.876302272103679170e-01 -8.421285082472822481e-01 9.840563754316581507e-03 -5.391871213563820264e-01 5.958541470696521181e-01
-5.348587428707867186e-01 5.242051996119951457e-02 8.433138213823699880e-01 4.251409185177659822e+01 3.870627273945518448e-02 9.985459454529029832e-01 -3.752091688302960915e-02 4.422679612050446907e-01 -8.440544776813569960e-01 1.257314536112640567e-02 -5.361100332164728810e-01 1.453900372654180206e-01
-5.289696183700035581e-01 5.131111341272752424e-02 8.470881296818112416e-01 4.328864918380072879e+01 3.718700075290541640e-02 9.986131552696582148e-01 -3.726785522427559366e-02 3.974532623336576864e-01 -8.478256198069328287e-01 1.178710477838911322e-02 -5.301441272506062230e-01 -3.399076762631374482e-01
-5.223258357785809380e-01 4.976535281021068208e-02 8.512926158404203747e-01 4.402470593960049428e+01 3.479311548252820435e-02 9.987080853217371601e-01 -3.703510992168283777e-02 3.573307995054227360e-01 -8.520358984856511997e-01 1.027472855733222584e-02 -5.233825282328203876e-01 -7.774167842899600833e-01
-5.143530971082056480e-01 4.923033728882462989e-02 8.561642670033510205e-01 4.483637174235402512e+01 3.297632354797632587e-02 9.987479386914602797e-01 -3.761804069679069301e-02 3.101478554901754281e-01 -8.569442605258822399e-01 8.884195138643522990e-03 -5.153325322349465720e-01 -1.251515065694078555e+00
-5.089204597424215049e-01 4.787176060469236494e-02 8.594813824656465373e-01 4.561553827961738250e+01 3.032741005029679013e-02 9.988297130287983050e-01 -3.767562229261302992e-02 2.652592982843465230e-01 -8.602791558722263643e-01 6.891950282808379132e-03 -5.097767044849075280e-01 -1.684770454710936782e+00
-5.033995240380083613e-01 4.570967751245173794e-02 8.628438625246253046e-01 4.642360527001412862e+01 2.640318400285741191e-02 9.989471673934650076e-01 -3.751571112880668774e-02 2.214103170899425488e-01 -8.636502783844899334e-01 3.896435102719218724e-03 -5.040764108476677441e-01 -2.165367911794123579e+00
-5.020835698735566233e-01 4.282558457588017675e-02 8.637580938310084333e-01 4.726620935307118998e+01 2.128874842359280289e-02 9.990825275523371740e-01 -3.716035910111969293e-02 1.752103614399351250e-01 -8.645570486475848693e-01 -2.692760714989123560e-04 -5.025346263453138729e-01 -2.638631656080757892e+00
-5.030948683195106685e-01 4.077873729777450190e-02 8.632685761444637285e-01 4.812886536563890161e+01 1.907390735113875108e-02 9.991667772968336747e-01 -3.608236642687252804e-02 1.291499557404520715e-01 -8.640206894666200288e-01 -1.686947632273600502e-03 -5.034534893269231315e-01 -3.102099382705795438e+00
-5.036190133034827987e-01 3.942080577351431137e-02 8.630259996208713424e-01 4.899741610936074920e+01 1.711975485125409244e-02 9.992176379672350617e-01 -3.565145066748509617e-02 7.835936365161613737e-02 -8.637562247091027379e-01 -3.179953963808320166e-03 -5.038998766552470476e-01 -3.596731511206622489e+00
-5.044260082766356401e-01 3.899396551132609107e-02 8.625739732630898216e-01 4.984128668725982436e+01 1.742599515089865089e-02 9.992360261964244872e-01 -3.498140376939219004e-02 2.947136798917502493e-02 -8.632790679395476729e-01 -2.614319086368230641e-03 -5.047201498895912408e-01 -4.110326954526302146e+00
-5.042073010196462812e-01 3.817454408686205003e-02 8.627384819865346888e-01 5.072255177198272236e+01 1.698773772377108054e-02 9.992676199854348962e-01 -3.428761266392822693e-02 -2.038426970057746063e-02 -8.634155584917418969e-01 -2.632088677412051242e-03 -5.044865300271970110e-01 -4.613301982545023883e+00
-5.044551312157805611e-01 3.779007665395437560e-02 8.626105246392049564e-01 5.160417123003947637e+01 1.738023919182732704e-02 9.992837695831856548e-01 -3.361361479270646296e-02 -6.572803297777633780e-02 -8.632629727671110587e-01 -1.964182300894995632e-03 -5.047506268933543705e-01 -5.115726592309825627e+00
-5.047486008891299836e-01 3.713748126337382272e-02 8.624671842520152953e-01 5.249413592477451829e+01 1.703303735494384602e-02 9.993081699209792612e-01 -3.306141458896525581e-02 -1.243090114200209734e-01 -8.630983361176502999e-01 -1.997266078004486696e-03 -5.050319659451867338e-01 -5.618211793566152856e+00
-5.051989709352660007e-01 3.536874585269184079e-02 8.622778195648221899e-01 5.335016874014787902e+01 1.474199070658780558e-02 9.993677235423995553e-01 -3.235470325478150694e-02 -1.759490285711563240e-01 -8.628769818120255453e-01 -3.633870288256102130e-03 -5.054009524565367117e-01 -6.147559162812783917e+00
-5.052391931599046204e-01 3.488240309041287096e-02 8.622740644252582243e-01 5.425755427382529206e+01 1.503646430601067799e-02 9.993868926190163648e-01 -3.161872187966163067e-02 -2.225239944696082439e-01 -8.628483497696657345e-01 -3.009463434983179666e-03 -5.054539365046911703e-01 -6.653870238636812040e+00
-5.042455173688362713e-01 3.435446863869560941e-02 8.628767091602841388e-01 5.517910634612965737e+01 1.364109658361129657e-02 9.994005732163060429e-01 -3.181846495318386286e-02 -2.762158072065097336e-01 -8.634525991514865328e-01 -4.273732899078927332e-03 -5.044118929399803442e-01 -7.198890284854780219e+00
-5.033781734344535685e-01 3.282581674566571739e-02 8.634424513315503980e-01 5.605278598602889417e+01 1.314661425507051770e-02 9.994534111073345439e-01 -3.033225237259954549e-02 -3.361870296619571818e-01 -8.639661991906637528e-01 -3.917248057908131326e-03 -5.035345820820793517e-01 -7.687541817407755218e+00
-5.016921325833230139e-01 3.080545047414632448e-02 8.644975504828835700e-01 5.693443720814590847e+01 1.412523421619212016e-02 9.995242053982882346e-01 -2.741971106825308660e-02 -3.818340607012125076e-01 -8.649309187399243370e-01 -1.545022018351900140e-03 -5.018885655950352520e-01 -8.189026156467951623e+00
-4.993353405430610570e-01 2.920975953477474366e-02 8.659162742767333443e-01 5.776256717085488646e+01 1.449675838643301427e-02 9.995732979609117663e-01 -2.535874550588285495e-02 -4.314249703758484822e-01 -8.662875238933634980e-01 -1.095378741239259982e-04 -4.995457211804806286e-01 -8.687651240281422105e+00
-4.971043834544490725e-01 2.897947763876866298e-02 8.672066698392537631e-01 5.869540371533067713e+01 1.415695963178902929e-02 9.995799636147831846e-01 -2.528787868196299277e-02 -4.889777163440202079e-01 -8.675752560195839624e-01 -2.937045865791969908e-04 -4.973058440419300674e-01 -9.213369883070551936e+00
-4.949079168197639822e-01 2.924087697519453868e-02 8.684532867890258911e-01 5.964311874270625680e+01 1.445200556966007473e-02 9.995723937188797370e-01 -2.541985885052518157e-02 -5.459834654393681541e-01 -8.688252447163432590e-01 -2.959671157540699177e-05 -4.951188816253577762e-01 -9.749715532518937522e+00
-4.932524855245760120e-01 2.953128709424809525e-02 8.693847680581523463e-01 6.045679735821762080e+01 1.455734565437596419e-02 9.995638562979799469e-01 -2.569398458427684176e-02 -5.850423096123983369e-01 -8.697643828607818373e-01 -1.768624302702012855e-05 -4.934672549371968420e-01 -1.020674668558486786e+01
-4.946586756263999241e-01 3.061109393905101991e-02 8.685480653970287790e-01 6.138143092581298532e+01 1.349648157715068256e-02 9.995295629897620326e-01 -2.754083639523599927e-02 -6.443816700992111013e-01 -8.689825384152539689e-01 -1.900969771133862026e-03 -4.948391131660530573e-01 -1.069528001915311144e+01
-4.970767085329545476e-01 3.251286243660898856e-02 8.670972529088013525e-01 6.226004606316883638e+01 1.255349998663306786e-02 9.994626340640955231e-01 -3.027957600786441647e-02 -6.915275189194154404e-01 -8.676157950889687998e-01 -4.166165725861859653e-03 -4.972177478811905527e-01 -1.119767019932792174e+01
-5.005837050159041013e-01 3.296287630603241675e-02 8.650603386518908033e-01 6.313237752930638891e+01 1.110688191094329029e-02 9.994371072987950910e-01 -3.165605322600213017e-02 -7.472408209739821450e-01 -8.656168920491867924e-01 -6.238380504555314163e-03 -5.006680460944473721e-01 -1.170514767286260671e+01
-5.068449882246403027e-01 3.215228173542464263e-02 8.614373890449681381e-01 6.400834724689079280e+01 1.206008952122118033e-02 9.994708624850306977e-01 -3.020843028858410939e-02 -7.784380680030619226e-01 -8.619528550859497651e-01 -4.921978576898814774e-03 -5.069645581358694919e-01 -1.218693852930871380e+01
-5.118794597471604257e-01 2.966952878473329627e-02 8.585447713347781340e-01 6.486269917946175667e+01 1.419616087744600234e-02 9.995590882707787728e-01 -2.607868949401378686e-02 -8.587054092765009639e-01 -8.589399861736852770e-01 -1.161104872489245174e-03 -5.120749607017439642e-01 -1.268236586482926320e+01
-5.169171810808262935e-01 2.763134688941066425e-02 8.555893426706636662e-01 6.571278946342097527e+01 1.156076497071359399e-02 9.996131051666216072e-01 -2.529799737462101045e-02 -8.918233659009617842e-01 -8.559573521323025069e-01 -3.185701284962827624e-03 -5.170366292054769941e-01 -1.318638926082334173e+01
-5.219064279152604291e-01 3.007674858079337904e-02 8.524723200809255497e-01 6.658471993221897378e+01 1.270140320919250880e-02 9.995413966067706601e-01 -2.748946711138715304e-02 -9.549437378014755673e-01 -8.529081819367692052e-01 -3.519334027605651102e-03 -5.220490979673648724e-01 -1.372789053504132362e+01
-5.264732126989900562e-01 3.256991022038145667e-02 8.495676218821701653e-01 6.740857538516222291e+01 1.342119798673696920e-02 9.994598115265931337e-01 -2.999927602362361528e-02 -9.915023571379735223e-01 -8.500857836860079564e-01 -4.391599086535960192e-03 -5.266259463475099212e-01 -1.425795673513544237e+01
-5.322917088333430913e-01 3.288033376952541331e-02 8.459222229931264714e-01 6.823895497012574651e+01 1.217135053036955301e-02 9.994394053383836019e-01 -3.118867196442175541e-02 -1.050346856589099875e+00 -8.464735121043636124e-01 -6.305454735388021578e-03 -5.323935082017401399e-01 -1.475945216103503022e+01
-5.360857400389494876e-01 3.299586722483149881e-02 8.435184284507489805e-01 6.908394209438853295e+01 1.164735480310065407e-02 9.994298048598675432e-01 -3.169233756500725030e-02 -1.090579447396232915e+00 -8.440831891120003094e-01 -7.165050964460852392e-03 -5.361643823154124133e-01 -1.527801424338634284e+01
-5.390620819049933843e-01 3.234501596260238448e-02 8.416447343803983294e-01 6.991170896660379697e+01 1.101811426785607138e-02 9.994476571048253044e-01 -3.135254125807212383e-02 -1.156890763552600454e+00 -8.421939709129014906e-01 -7.627627458954942298e-03 -5.391207170606638899e-01 -1.581313239147796068e+01
-5.419244512463409214e-01 2.544625934151312566e-02 8.400418823991616657e-01 7.069535369829647209e+01 1.252617096201153607e-02 9.996750530150086966e-01 -2.220097741818127107e-02 -1.203656858773089811e+00 -8.403338596989210485e-01 -1.508743362313542556e-03 -5.420670999067170870e-01 -1.632996616125983991e+01
-5.438059234303681544e-01 1.716803592459682087e-02 8.390353767072566971e-01 7.154216327979415269e+01 1.275615188090416414e-02 9.998443206773900416e-01 -1.219077426012359078e-02 -1.249351251604124302e+00 -8.391140624303189410e-01 4.073448409059809809e-03 -5.439402633463455983e-01 -1.686557301218690696e+01
-5.465866058387925941e-01 1.438622356821194111e-02 8.372789894165281188e-01 7.234155627838705982e+01 1.324261097396583521e-02 9.998758855292679826e-01 -8.535031900630927690e-03 -1.274703088369231407e+00 -8.372978723573599735e-01 6.422626802572888212e-03 -5.467092788709695395e-01 -1.738751040762108957e+01
-5.474909654830266703e-01 1.984010192920599575e-02 8.365763565402183355e-01 7.316451586689015585e+01 1.335475250342867647e-02 9.997987375234151930e-01 -1.497113922544563054e-02 -1.310220476949499613e+00 -8.367050285280084321e-01 2.975707673273677439e-03 -5.476457369230895988e-01 -1.791000061815387312e+01
-5.486680689556817647e-01 2.512589892871601102e-02 8.356626272557622359e-01 7.395383457464336630e+01 1.406328292408040408e-02 9.996842414159280432e-01 -2.082406093040067852e-02 -1.359914666915782888e+00 -8.359219973309055529e-01 3.266635793906507855e-04 -5.488481761043815244e-01 -1.843138345054491367e+01
-5.490670401243876730e-01 3.037019576182724626e-02 8.352263309747374187e-01 7.474271081559916752e+01 1.995844772190093208e-02 9.995310395070615694e-01 -2.322415535735535344e-02 -1.396297230754203644e+00 -8.355399794365256927e-01 3.918203771990044250e-03 -5.494156925149891180e-01 -1.896376001619268692e+01
-5.492457996838201462e-01 3.094935128886724604e-02 8.350875262412259525e-01 7.552924629890657116e+01 2.313531374688636982e-02 9.994940609458073943e-01 -2.182611630486664539e-02 -1.434712969284492656e+00 -8.353405414573279453e-01 7.332110203380536560e-03 -5.496839389116922048e-01 -1.945645289395246280e+01
-5.484926517486554687e-01 2.898890479154282371e-02 8.356527039741363794e-01 7.631690851764635397e+01 2.352690832974249635e-02 9.995382028669903551e-01 -1.923188900921162306e-02 -1.477593417470397963e+00 -8.358243278291800360e-01 9.111775760744726671e-03 -5.489213798968148872e-01 -1.998963959340160557e+01
-5.477486845314135655e-01 2.407393143407890457e-02 8.362964855131719277e-01 7.712263133728882281e+01 2.183222803828609865e-02 9.996568257217607334e-01 -1.447703598597019185e-02 -1.500295835747745610e+00 -8.363580237310186405e-01 1.032843917680524061e-02 -5.480863000098478155e-01 -2.050718930380305949e+01
-5.469241552341671531e-01 1.718841241800016240e-02 8.370056834565697823e-01 7.792446033610524125e+01 1.912477112253035960e-02 9.997848218888724103e-01 -8.034489318987198328e-03 -1.538199572879997756e+00 -8.369636927714172447e-01 1.161328687264964223e-02 -5.471351947584064401e-01 -2.103930591815349516e+01
-5.473118921956010574e-01 1.065155262853801667e-02 8.368609348789101121e-01 7.873273325063543382e+01 1.083443731261550004e-02 9.999253928513762713e-01 -5.641248164619781097e-03 -1.557561471205469061e+00 -8.368586016170581621e-01 5.979396115564267027e-03 -5.473864635715710580e-01 -2.153391998847242306e+01
-5.451549138506550651e-01 6.184775496906217557e-03 8.383125047684998332e-01 7.954232288056402922e+01 2.959047611577326781e-03 9.999807529409283635e-01 -5.453235770959696978e-03 -1.588908093029971713e+00 -8.383301112720260573e-01 -4.922507325787519586e-04 -5.451627234447575798e-01 -2.203633710240407595e+01
-5.437817827575293084e-01 6.391248499305342279e-03 8.392023068686035314e-01 8.031787583448553391e+01 5.477536079401219837e-03 9.999767303074642566e-01 -4.066378348387622403e-03 -1.610430542616556604e+00 -8.392087826559370134e-01 2.385539402465759393e-03 -5.438041385960540319e-01 -2.253992676464175204e+01
-5.405168969925487898e-01 1.035108741820500375e-02 8.412694729808875005e-01 8.109592741072761157e+01 1.125852302787671427e-02 9.999237696409343235e-01 -5.069570715796658730e-03 -1.639745016773113129e+00 -8.412578328479448642e-01 6.731264096859758753e-03 -5.405922323340931479e-01 -2.305198802465826446e+01
-5.357645381302661436e-01 1.318081682511463779e-02 8.442645395740794312e-01 8.190611259291728175e+01 1.207932244909423226e-02 9.998954772146441128e-01 -7.945098782407494092e-03 -1.681292308359545240e+00 -8.442810322074845164e-01 5.941442414388127015e-03 -5.358677550520855037e-01 -2.354447500270466520e+01
-5.273422938530671900e-01 1.539291905423256605e-02 8.495134784347521117e-01 8.268698321488857061e+01 1.758934749430184769e-02 9.998193877650718431e-01 -7.197685366337388917e-03 -1.693509180726104679e+00 -8.494708540121311824e-01 1.114674490006016712e-02 -5.275178019798644202e-01 -2.402640023150486570e+01
-5.194727874853389826e-01 1.853935176537939780e-02 8.542858434097667653e-01 8.350331532906611187e+01 2.500075984931637157e-02 9.996663528474646343e-01 -6.491914292846284219e-03 -1.729099609021758521e+00 -8.541211840566147462e-01 1.798542350234656403e-02 -5.197629659523501644e-01 -2.454049040055585706e+01
-5.092640064248307175e-01 1.756963085304080047e-02 8.604309771320396427e-01 8.431050938714466270e+01 2.351276040057835234e-02 9.997024254112243380e-01 -6.496975220780010045e-03 -1.753835925472757573e+00 -8.602890991033373957e-01 1.692243287391765466e-02 -5.095255741287754159e-01 -2.499292751798838097e+01
-4.976127880653629654e-01 1.498924740653519161e-02 8.672697515742555652e-01 8.515730578365172221e+01 1.950561570978586595e-02 9.997912122534515778e-01 -6.087924468423159402e-03 -1.776623545408858140e+00 -8.671799447092979340e-01 1.388720249968655555e-02 -4.978012683323186915e-01 -2.546226571655219573e+01
-4.856799992175197533e-01 1.143796410172257146e-02 8.740618384988166900e-01 8.592594332180804884e+01 1.941504726102857500e-02 9.998088753766893877e-01 -2.295348637049103580e-03 -1.794678602407455692e+00 -8.739210530190788528e-01 1.585514808184880498e-02 -4.858092436534738323e-01 -2.591961223535269809e+01
-4.747326094856371692e-01 1.091265505382919658e-02 8.800624122526515825e-01 8.673888092261555016e+01 2.063660492309662975e-02 9.997862420440741804e-01 -1.265196479255830449e-03 -1.823267913411702690e+00 -8.798881138124237111e-01 1.756087140620677181e-02 -4.748563330021535744e-01 -2.632639336892691517e+01
-4.637541360801399337e-01 8.880013822877621046e-03 8.859194277482442814e-01 8.756296440341152731e+01 1.846986831888571684e-02 9.998293549865456820e-01 -3.533272343536074432e-04 -1.842088818465017930e+00 -8.857714029164599490e-01 1.619895932152104132e-02 -4.638390126810549852e-01 -2.674913991599673224e+01
-4.517305137180238073e-01 1.071739107832642666e-02 8.920900549636211485e-01 8.838248427082358205e+01 2.169671590023872221e-02 9.997640737870655547e-01 -1.024327923409294998e-03 -1.869478091355585958e+00 -8.918905811165974695e-01 1.889270544496774937e-02 -4.518564720927843448e-01 -2.715849305515019907e+01
