1.000000000000000000e+00 -3.306050084167601550e-19 -2.270457535318767223e-19 -8.673617379884035472e-19 7.546676715296109287e-19 1.000000000000000000e+00 6.237773588823049983e-19 1.387778780781445676e-17 -3.447385680526250622e-20 4.770700176052009879e-20 1.000000000000000222e+00 5.551115123125782702e-17
9.999316143312135807e-01 1.999555131114875116e-03 1.152526482617394904e-02 1.575265071056393060e-02 -1.994163900764016513e-03 9.999979078687420975e-01 -4.794862115425166816e-04 -5.065009038580994827e-03 -1.152619963340452761e-02 4.564667569160722901e-04 9.999335063263506962e-01 2.484916646456375444e-02
9.992710372246240702e-01 4.148398316022024711e-03 3.795801616160620479e-02 3.679392680489892292e-02 -4.127762465595557866e-03 9.999912756477796760e-01 -6.221814831632770451e-04 -2.796318924095791969e-03 -3.796027204944465300e-02 4.650370291406684614e-04 9.992794594931668772e-01 2.526969784151104070e-01
9.979797546430463351e-01 5.895759418500733616e-03 6.325320749138044207e-02 6.135226232271086266e-02 -5.988733864414123170e-03 9.999812316445636506e-01 1.280231751376574838e-03 1.819787429627142683e-03 -6.324448035407126412e-02 -1.656535099264574203e-03 9.979963286804993672e-01 4.072022534574241681e-01
9.951775202491939254e-01 5.264985770439161057e-03 9.792923432760002045e-02 1.127174811821613359e-01 -5.582559535671282464e-03 9.999799997793471507e-01 2.967521793272267627e-03 -2.601748306714571357e-03 -9.791165644971810966e-02 -3.500001118881901265e-03 9.951870043550039568e-01 5.605490676134283756e-01
9.908225680335536190e-01 2.587404017158320517e-03 1.351333713584053908e-01 1.861863624466597034e-01 -3.343966829455336312e-03 9.999799930859610830e-01 5.371559986401638898e-03 2.933863742963227494e-04 -1.351167767251184315e-01 -5.774244202818105617e-03 9.908114325251999865e-01 7.826300565048024405e-01
9.845195613656135825e-01 -9.490258951760203749e-04 1.753057438815966984e-01 2.509479141298229798e-01 -7.214047468026567225e-05 9.999830742063390288e-01 5.819822218511115988e-03 -4.085546587801136553e-03 -1.753083144207703281e-01 -5.742411618797903759e-03 9.845028299355549350e-01 9.649740453044413080e-01
9.759110421318655249e-01 -1.077883701546050819e-03 2.181271730842265777e-01 3.396548604382721992e-01 -6.510413019598138050e-04 9.999689588536759821e-01 7.852858050062789738e-03 -1.985971532546204621e-03 -2.181288871769020699e-01 -7.805777766538039494e-03 9.758800526491022698e-01 1.176489862276824505e+00
9.638147344241704273e-01 -1.183107479109625970e-03 2.665455968668246078e-01 4.369245444748573459e-01 -1.575532514109156002e-03 9.999474106939312268e-01 1.013541514495503761e-02 3.562647080569483760e-03 -2.665435671184594457e-01 -1.018868681626938257e-02 9.637621831137099804e-01 1.405011303746073414e+00
9.497832084290950272e-01 -4.897254242164143963e-03 3.127631504781776539e-01 5.702816567634998446e-01 -3.279314109645113922e-04 9.998614041828285393e-01 1.664287771216931347e-02 7.697540987923190414e-03 -3.128013422495165008e-01 -1.590950618493453331e-02 9.496499425753021084e-01 1.627799681016284472e+00
9.327035910958422216e-01 -1.494722507810959319e-02 3.603347641506707277e-01 7.052227800219740272e-01 6.350799814430110012e-03 9.996665019639302541e-01 2.502957395390856959e-02 9.713395862258056290e-04 -3.605888263012765327e-01 -2.105579654299572639e-02 9.324875209806025023e-01 1.852462310289627156e+00
9.118749002694300776e-01 -1.998676957246315472e-02 4.099002281942513704e-01 8.639561262938341146e-01 8.675331441908691599e-03 9.995290573174278048e-01 2.943445339140116773e-02 -9.814181284421436002e-04 -4.102955776494276452e-01 -2.328248999126024052e-02 9.116190040296586750e-01 2.064210975238609080e+00
8.866012709396866587e-01 -2.235773105481072068e-02 4.620102536050483821e-01 1.052656939274770664e+00 7.398939351968443316e-03 9.993887987550449381e-01 3.416140200732420418e-02 4.918523495631238474e-03 -4.624917757010486019e-01 -2.686870178153698274e-02 8.862248198316358128e-01 2.302639386571176505e+00
8.580283609596942584e-01 -2.416018538010706804e-02 5.130465046524526063e-01 1.234568026980605193e+00 5.226072786563686588e-03 9.992519393893980473e-01 3.831649391244423830e-02 2.538270747480585177e-02 -5.135886450132003400e-01 -3.019394741974461976e-02 8.575127857028488343e-01 2.531034313444797679e+00
8.266454523284951783e-01 -2.882791590643877730e-02 5.619827263420076324e-01 1.464126319152142752e+00 6.292868763252673810e-03 9.990980538119070831e-01 4.200037019899122842e-02 2.800384130100600638e-02 -5.626865234640745506e-01 -3.118358815282842866e-02 8.260813258221832989e-01 2.754771071115147851e+00
7.900619410241723761e-01 -3.507000296934640465e-02 6.120499826541496713e-01 1.690920550696793478e+00 8.335563058261658345e-03 9.988847133808520518e-01 4.647000871626590784e-02 3.488400638524569858e-02 -6.129970717687506232e-01 -3.161493812613443838e-02 7.894727925401662239e-01 2.966702125259318201e+00
7.526095409079979204e-01 -3.934188663526999585e-02 6.572872963485195674e-01 1.958285456814796266e+00 9.593785298990652188e-03 9.987626049890412361e-01 4.880213011315419347e-02 4.718682822092627044e-02 -6.583939966820634426e-01 -3.042213488918789344e-02 7.520558960379282176e-01 3.178257510815349463e+00
7.130501986772056489e-01 -4.216101965981685490e-02 6.998243065943459129e-01 2.256301784387663378e+00 1.061479533055577178e-02 9.987250880424611843e-01 4.935134244104742718e-02 5.709543516117242257e-02 -7.010127710379577826e-01 -2.776153891168092400e-02 7.125886244322195973e-01 3.402479708908129119e+00
6.709836566370108724e-01 -4.474115350029194554e-02 7.400760502065549806e-01 2.551695943843149905e+00 1.007589782533226119e-02 9.986357237951281052e-01 5.123962477410312633e-02 7.239187978776308319e-02 -7.413589167206499075e-01 -2.692175529826363808e-02 6.705192337455651019e-01 3.598638484885114952e+00
6.284489601155059946e-01 -4.555010196558887531e-02 7.765309840157709198e-01 2.889516213465622485e+00 5.179372504882293754e-03 9.985068267608839809e-01 5.438538160045187919e-02 9.422011222000352404e-02 -7.778487150210586787e-01 -3.015646000443702318e-02 6.277466023638751391e-01 3.829437549609127966e+00
5.868855219377072663e-01 -4.624586467689505154e-02 8.083061757191377650e-01 3.245443584108979262e+00 2.404836553291543264e-03 9.984627469324204307e-01 5.537363785987482051e-02 1.097442126702525833e-01 -8.096242810929115130e-01 -3.055653099504959322e-02 5.860943590366717304e-01 4.034107577716985915e+00
5.463993463449637877e-01 -4.729326644927706047e-02 8.361000084653203990e-01 3.623228532578329109e+00 8.320506206894273226e-05 9.984074437698947646e-01 5.641534795821281922e-02 1.255104671356323531e-01 -8.374364040196271564e-01 -3.075595642837714375e-02 5.455331089482520213e-01 4.232506217945052107e+00
5.090737982469819567e-01 -5.029185135268126466e-02 8.593599534617569757e-01 4.056243003855324325e+00 -8.492492520611762390e-04 9.982616504380839029e-01 5.891605003632147813e-02 1.407932160868556881e-01 -8.608301096371060446e-01 -3.071464046324524216e-02 5.081461425396049947e-01 4.435887489777360138e+00
4.698956890230835959e-01 -4.960014100680019966e-02 8.814300477409376944e-01 4.450108416076504980e+00 -4.480569658459579614e-03 9.982730415482086173e-01 5.857625950916688085e-02 1.642671876158404709e-01 -8.828136722225172761e-01 -3.147013159524100073e-02 4.688622404789704601e-01 4.651509991764450014e+00
4.349187682067756078e-01 -4.873717756594528328e-02 8.991030553614370868e-01 4.958207383554126046e+00 -5.068758992173379510e-03 9.983860983095441677e-01 5.656174868776932263e-02 1.880695221309264809e-01 -9.004083620688411171e-01 -2.916262543415400199e-02 4.339694774511180797e-01 4.836715992196356950e+00
4.004643893803239707e-01 -4.796753366212534037e-02 9.148933926063953503e-01 5.424025819808832694e+00 -3.858326240592931458e-03 9.985319806584909141e-01 5.403899304580021823e-02 2.110195550564753220e-01 -9.161412368890796687e-01 -2.518760242470291510e-02 3.996910879995153598e-01 5.030233408269081608e+00
3.710379162955065868e-01 -4.616235305680379403e-02 9.276079866324464795e-01 5.949993060323253147e+00 -2.263465318979112750e-03 9.987152910169794229e-01 5.062721425099200173e-02 2.364203765648627553e-01 -9.287539762141738819e-01 -2.087832918740429797e-02 3.704572066203145608e-01 5.216206743891039999e+00
3.469552299085953972e-01 -4.535955850507510101e-02 9.366648561889113767e-01 6.512093600033941776e+00 -3.015518947810546429e-04 9.988244074354960533e-01 4.848338619686735212e-02 2.634221883362186101e-01 -9.377623140866625517e-01 -1.711376136411839680e-02 3.465335569308110597e-01 5.382523234382615485e+00
3.241977916175772800e-01 -4.354257548759810775e-02 9.451213953268590151e-01 7.080590997221322347e+00 -3.758151881380734720e-04 9.989339857362885544e-01 4.614035023033338789e-02 2.876603544634737664e-01 -9.461242632600949110e-01 -1.529938757799634112e-02 3.238359913152627501e-01 5.578889753495956505e+00
3.112198179706973655e-01 -4.444204921868583763e-02 9.492167425201828435e-01 7.680995373911124524e+00 6.589391637092706280e-04 9.989157574258445971e-01 4.655947364371097741e-02 3.188425668140237867e-01 -9.502562111265259182e-01 -1.387602931525867313e-02 3.109116531782110671e-01 5.767870934250737491e+00
2.981100560979625391e-01 -4.578943559678099601e-02 9.533122877946076379e-01 8.301666660186299396e+00 1.699927893263516706e-03 9.988727028518602502e-01 4.743773055814502759e-02 3.397509226375147184e-01 -9.544096586623781464e-01 -1.252364284671043590e-02 2.978516879572208897e-01 5.957992376638330256e+00
2.877538098146051881e-01 -4.802277018192509933e-02 9.565996889510330892e-01 8.945048810604507850e+00 5.361407828129814831e-04 9.987499390022968049e-01 4.996935307535563947e-02 3.715070122377422956e-01 -9.578043004460223830e-01 -1.385934148163756735e-02 2.874196899705584451e-01 6.149029645953890899e+00
2.767944922228278148e-01 -4.964792645977427615e-02 9.597679825961402678e-01 9.620051804347678370e+00 -1.384384374387713111e-03 9.986425178394572333e-01 5.205009787353109124e-02 4.055972444475354766e-01 -9.610507470801809005e-01 -1.571920320044916872e-02 2.763502173299117737e-01 6.350023178515336930e+00
2.657413727645341339e-01 -5.135684426579358725e-02 9.626688599871543461e-01 1.032228450128458164e+01 -1.445871674179265414e-03 9.985571896304543671e-01 5.367914905526487146e-02 4.364195814972815501e-01 -9.640372646308157378e-01 -1.564973981758556107e-02 2.652842062836768822e-01 6.547773120496614752e+00
2.569029126379394068e-01 -5.365607447548430969e-02 9.650747119679111696e-01 1.104376302327588810e+01 -2.653309968966266561e-03 9.984144694917873597e-01 5.621190912816437929e-02 4.689248308475596483e-01 -9.665619430322432981e-01 -1.698793134871611973e-02 2.563533563289068229e-01 6.733484658541033063e+00
2.457105040473366864e-01 -5.511157253504312542e-02 9.677273667253234457e-01 1.179089307847556789e+01 -2.945202935072600576e-03 9.983349767405773623e-01 5.761898044712587125e-02 5.031349771476034682e-01 -9.692916628494043785e-01 -1.700615607631990323e-02 2.451396885512661106e-01 6.925060323975215759e+00
2.350112468893721662e-01 -5.605482207655476667e-02 9.704764492122343045e-01 1.256920004304620520e+01 -3.392434608180483566e-03 9.982819946668781697e-01 5.848941300440439056e-02 5.333987555299439798e-01 -9.720887414424905781e-01 -1.702706459643242229e-02 2.344176855725416675e-01 7.113414999072498190e+00
2.248233717955693545e-01 -6.013845143431838236e-02 9.725501604007948941e-01 1.333919505731710231e+01 -4.749238006751064362e-03 9.980133216102700100e-01 6.283341455955766819e-02 5.718936667560743370e-01 -9.743974515475904985e-01 -1.873319415937776608e-02 2.240921355488574573e-01 7.291069703437896621e+00
2.151547863848095599e-01 -6.355933906497557295e-02 9.745996202319214818e-01 1.414152513508878251e+01 -6.275996835124706200e-03 9.977689809268904808e-01 6.644679917310825079e-02 6.183044886597721668e-01 -9.766504186992177594e-01 -2.039326689246691304e-02 2.142761328385991426e-01 7.469621481294852927e+00
2.005681551868470358e-01 -6.710076842118993523e-02 9.772769614887303335e-01 1.493581254823103066e+01 -7.216642808179761504e-03 9.975228637817821209e-01 6.998091091060842928e-02 6.569007515428700872e-01 -9.795519333632445313e-01 -2.108579863965016898e-02 1.995876841010578717e-01 7.634584837040488736e+00
1.883809602034335895e-01 -6.940597340512495717e-02 9.797113800106256321e-01 1.574040705355333536e+01 -8.076722712614455013e-03 9.973558978785206364e-01 7.221135739678699594e-02 6.969967935896888012e-01 -9.821348877031531588e-01 -2.149125550169891583e-02 1.873231001375741389e-01 7.791378547257924225e+00
1.723862678584632546e-01 -6.960878799770028880e-02 9.825487267917093481e-01 1.655443487639109534e+01 -8.528283875236793848e-03 9.973587080058704535e-01 7.213938634934029259e-02 7.341559955957317474e-01 -9.849722193428933625e-01 -2.085233560195982189e-02 1.713355854159169245e-01 7.933334915391933251e+00
1.600975847016313791e-01 -6.872738693714279534e-02 9.846585077557291621e-01 1.737183307120623610e+01 -1.035043500120554245e-02 9.974019696996822004e-01 7.128560595452451687e-02 7.812128093097793213e-01 -9.869991595181294430e-01 -2.161197302882333221e-02 1.589697275105364516e-01 8.067441155664935692e+00
1.421186967479957375e-01 -6.759262929666282060e-02 9.875136046409803692e-01 1.818235486294869574e+01 -1.156934426105334437e-02 9.974833930484139355e-01 6.995870412064704447e-02 8.187917788267961017e-01 -9.897580255182264475e-01 -2.135322634612062814e-02 1.409801146646881553e-01 8.178303844651034993e+00
1.226638505962189818e-01 -6.675828822688033293e-02 9.901452178082112976e-01 1.901720161924292540e+01 -1.383939300672046464e-02 9.975231841094153173e-01 6.895938868668405330e-02 8.578718227848902700e-01 -9.922963536038249543e-01 -2.216161068772395243e-02 1.214359124507951165e-01 8.287159639519686039e+00
9.670247417848573668e-02 -6.459254820650710271e-02 9.931882926334123507e-01 1.985758900140705663e+01 -1.747682676557942016e-02 9.976277372422506229e-01 6.660813654733592493e-02 9.011522316367338581e-01 -9.951332339335708932e-01 -2.381992195557729175e-02 9.534434483460427212e-02 8.366094330013204683e+00
6.838427700845396695e-02 -6.437071993059691188e-02 9.955775050336781451e-01 2.070749881460195851e+01 -2.115216667851929286e-02 9.975988907236926773e-01 6.594310936137789958e-02 9.414914091355199854e-01 -9.974309659588295185e-01 -2.558165527862119731e-02 6.685796484908744508e-02 8.424932335560008312e+00
3.444347612638987838e-02 -6.540222537819824489e-02 9.972809703814663473e-01 2.155527556044603799e+01 -2.472102507098113480e-02 9.974948832644034979e-01 6.625913747412393029e-02 9.809041917756652351e-01 -9.991183320354445341e-01 -2.690498680146311342e-02 3.274078642219500207e-02 8.450906782049846910e+00
-2.489088032334006327e-05 -6.387168727600071871e-02 9.979582607175522257e-01 2.240438836572381831e+01 -2.549486963664738051e-02 9.976343022496152457e-01 6.383149804358358159e-02 1.015485863260866539e+00 -9.996738947238350548e-01 -2.545227811282856772e-02 -1.653809569058638110e-03 8.443648920409605907e+00
-3.492291784615017547e-02 -6.329573315283779089e-02 9.973890635405210370e-01 2.327160484901622794e+01 -2.745144505567976428e-02 9.976766763476789812e-01 6.235501540987518909e-02 1.048457531901342499e+00 -9.990179686300612039e-01 -2.521567444451732962e-02 -3.657952390265362119e-02 8.407221037390639751e+00
-6.683891304652096743e-02 -6.149991833784630713e-02 9.958737632435067377e-01 2.412546702954131916e+01 -2.974462918448912002e-02 9.977772525590050678e-01 5.964098033720471176e-02 1.079488351562807091e+00 -9.973286082414577480e-01 -2.563103315057128559e-02 -6.851923344625714118e-02 8.341683263371647783e+00
-9.917277996964726783e-02 -5.788763929870734820e-02 9.933886077346775201e-01 2.498403263950794440e+01 -3.192766134869971101e-02 9.979773477610343058e-01 5.496600522328428523e-02 1.121339935657303277e+00 -9.945618689099746668e-01 -2.625757020095641561e-02 -1.008203626050199891e-01 8.252293608739764252e+00
-1.332383979367231519e-01 -5.354845958326434618e-02 9.895997520314523399e-01 2.584726044132196066e+01 -2.918776404548126258e-02 9.983182596121393804e-01 5.006882299500203110e-02 1.146122818512164354e+00 -9.906170921351131753e-01 -2.220517684924391139e-02 -1.345774797546015478e-01 8.128118937931347432e+00
-1.647497272993578843e-01 -4.835649855418530652e-02 9.851411445879761919e-01 2.668827767602831713e+01 -2.469455207195696278e-02 9.986866206114040079e-01 4.488950852701607125e-02 1.168027871663747330e+00 -9.860178922851124961e-01 -1.694010528149317643e-02 -1.657275938668937298e-01 7.973719374115706415e+00
-1.959554405581492298e-01 -4.180966480336436447e-02 9.797794272792409442e-01 2.754545031627852936e+01 -1.803675420957977921e-02 9.990755283078104343e-01 3.902251992071079090e-02 1.184123538784739083e+00 -9.805049247519339595e-01 -1.003285972036143357e-02 -1.965284905502211188e-01 7.795629130374474691e+00
-2.215919070856692263e-01 -3.675132243433890111e-02 9.743701625965401902e-01 2.837360697287938294e+01 -1.207482193672025639e-02 9.993163068385889636e-01 3.494275620216314576e-02 1.195857125551856415e+00 -9.749883514806558793e-01 -4.016350320394548694e-03 -2.218840863183189627e-01 7.589420652581374327e+00
-2.503327924840361152e-01 -3.001752260016837121e-02 9.676626992811709904e-01 2.921001276995006180e+01 -3.724704650271775785e-03 9.995417950983941369e-01 3.003517606218349470e-02 1.206411344129063368e+00 -9.681210544701727150e-01 3.918981594586710797e-03 -2.503298679593592979e-01 7.361951121247328089e+00
-2.784000107157447168e-01 -1.988181072413944955e-02 9.602641869070380753e-01 3.003616724926957104e+01 2.184080061969810929e-03 9.997701481066489926e-01 2.132695560377281807e-02 1.206918882294197193e+00 -9.604676517853568685e-01 8.031912224988523030e-03 -2.782927519653365933e-01 7.105847238238752084e+00
-3.021477298553669755e-01 -4.738709104953550862e-03 9.531915227945456648e-01 3.083470442604766859e+01 6.812244089976684375e-03 9.999513774767434526e-01 7.130316199969580215e-03 1.197724873974214121e+00 -9.531789617440897810e-01 8.652506714202338675e-03 -3.021008683283161189e-01 6.836365248915272197e+00
-3.255438264751054911e-01 1.268712774125299939e-02 9.453048732392475006e-01 3.162844219414586178e+01 7.627612621370057598e-03 9.999127075923962549e-01 -1.078920087244184846e-02 1.179613050891046955e+00 -9.453594514887985190e-01 3.691136499168293748e-03 -3.256121505608027267e-01 6.564563953445574640e+00
-3.543778977700351440e-01 2.842437015960977767e-02 9.349512299369001633e-01 3.241680548980507837e+01 7.415752496910399394e-03 9.995921089737911380e-01 -2.758601637485845123e-02 1.155576430252304165e+00 -9.353537895058562368e-01 -2.826967171384403739e-03 -3.544443361541647630e-01 6.266174120902936018e+00
-3.763853585964211934e-01 3.920391112847203263e-02 9.256121375981597454e-01 3.320302567055550469e+01 1.067902149582785308e-02 9.992214163993110576e-01 -3.799757021226223691e-02 1.118607928218630754e+00 -9.263805554781880947e-01 -4.396936310327177744e-03 -3.765109225718716313e-01 5.945031251229952574e+00
-4.006859124899685987e-01 4.363979924592729931e-02 9.150100346439441479e-01 3.398128860033899912e+01 1.517790865581138821e-02 9.990437620746380754e-01 -4.100589592358888646e-02 1.068530565164623525e+00 -9.159248006813199838e-01 -2.545776094175923165e-03 -4.009650282727188486e-01 5.609562649278912794e+00
-4.199507003488769930e-01 4.206382062009952905e-02 9.064230031623817796e-01 3.475328781380589049e+01 1.729437581820311015e-02 9.991147868899941109e-01 -3.833130679844318905e-02 1.023865164207434120e+00 -9.072335558196020777e-01 -4.386553475108335661e-04 -4.203064429368384980e-01 5.251408009870188742e+00
-4.426972094630824972e-01 3.876999145231894983e-02 8.962464755524877091e-01 3.551497902265481343e+01 2.120237263631674987e-02 9.992381505411213061e-01 -3.276749344929013458e-02 9.762518076840762671e-01 -8.968340247983376257e-01 4.507047377496100488e-03 -4.431819964235739762e-01 4.869540494384252405e+00
-4.593406093551377078e-01 3.679095913342687874e-02 8.870089560801540651e-01 3.626715508915371800e+01 2.853493908245750485e-02 9.992372153101473087e-01 -2.665410988779871176e-02 9.332540975176101261e-01 -8.873134445590951103e-01 1.305965957483936485e-02 -4.600399718149948969e-01 4.478844815747768493e+00
-4.720277573649856451e-01 3.802683788209985233e-02 8.808167814976811671e-01 3.700561226727194253e+01 3.199829351076890344e-02 9.991499832572865447e-01 -2.598401347705165537e-02 8.874292767379553526e-01 -8.810561150637667982e-01 1.592484629041624605e-02 -4.728434647438481409e-01 4.071213498435546363e+00
-4.813680742985056993e-01 3.992652958440662952e-02 8.754158437199059950e-01 3.773162680146545256e+01 3.429916216521404493e-02 9.990548145808779701e-01 -2.669466512715220480e-02 8.453135539016817246e-01 -8.756544969277731960e-01 1.717439501874439695e-02 -4.822826541693960301e-01 3.657628384405962052e+00
-4.941860783236082799e-01 4.262335187116057800e-02 8.686105524933172006e-01 3.844238627201203684e+01 3.566090735830069330e-02 9.989507016345028356e-01 -2.873094518359372088e-02 7.986332383599047402e-01 -8.689234255220381620e-01 1.679025924180684373e-02 -4.951875576046415039e-01 3.255901886915903098e+00
-5.023478592443492152e-01 4.307777730108625081e-02 8.640580793998380305e-01 3.915510667640834441e+01 3.087514228081570181e-02 9.990148764928251657e-01 -3.189124521608819457e-02 7.660039859923218897e-01 -8.645806025190836408e-01 1.066788337022864241e-02 -5.031830566199664290e-01 2.847788172121169303e+00
-5.142385821152535286e-01 4.113320479163571491e-02 8.571701736420825890e-01 3.984691148283016560e+01 2.896013634430462391e-02 9.991124856805007060e-01 -3.060245148169811122e-02 7.297788778074973948e-01 -8.576680067736190960e-01 9.098040478025223518e-03 -5.149734147117925875e-01 2.440148105631945175e+00
-5.222268795950790743e-01 4.255583600057486621e-02 8.520431347717080106e-01 4.054960772728357199e+01 3.142578309130953512e-02 9.990359243354572927e-01 -3.066404979804503855e-02 6.899252787153496991e-01 -8.525270015816426294e-01 1.075870842050314150e-02 -5.230607589699620696e-01 2.004551779348991758e+00
-5.274318739554361146e-01 4.641015822143798597e-02 8.478898068719528114e-01 4.125946331834800418e+01 3.463425333793317129e-02 9.988512205649734410e-01 -3.309776775390754072e-02 6.384134559986801571e-01 -8.484525495917896176e-01 1.189280180634036746e-02 -5.284332158951208225e-01 1.561093227423614449e+00
-5.327026412631368224e-01 4.840697339605536109e-02 8.455058406374746927e-01 4.197408952062517784e+01 3.509294368960923227e-02 9.987678448217268690e-01 -3.509443108293826274e-02 6.082309548448410208e-01 -8.461626107111002160e-01 1.099011009239494151e-02 -5.337452048174401442e-01 1.120205779715743644e+00
-5.303085481778613275e-01 5.065279486841772760e-02 8.458418403353192838e-01 4.271415346290661574e+01 3.487796672033496165e-02 9.986717709172169277e-01 -3.789916024848053594e-02 5.658561284778794720e-01 -8.466389689154748543e-01 9.377641978570000134e-03 -5.313709351035523776e-01 6.633553858187483110e-01
-5.288229875889128850e-01 5.196373951845296990e-02 8.473885773708785818e-01 4.346858005536115854e+01 3.788747948334589971e-02 9.985742589712339745e-01 -3.760899413756262771e-02 5.217848816310212134e-01 -8.481347068655932242e-01 1.222060747556637933e-02 -5.300378528985869586e-01 1.983086511201274660e-01
-5.221963915546322665e-01 5.042626592334333718e-02 8.510604926630385147e-01 4.422514159667506561e+01 3.637165602453895641e-02 9.986587180640786876e-01 -3.683277005766737167e-02 4.837474137985455225e-01 -8.517771699310846545e-01 1.170161611532842885e-02 -5.233301739520733742e-01 -2.514866499529788690e-01
-5.128152831047030347e-01 4.854437010090145027e-02 8.569487647037227207e-01 4.501966047803159654e+01 3.344203952147421083e-02 9.987722203838873547e-01 -3.652257617484817170e-02 4.396703277308162128e-01 -8.576694101942529125e-01 9.932670988422941799e-03 -5.138092937130529503e-01 -7.247063175122123724e-01
-5.076353577705875475e-01 4.801305910303560465e-02 8.608865208344408382e-01 4.581262232974040671e+01 3.166777221332341824e-02 9.988113100301556635e-01 -3.707404999710357807e-02 3.973022221006807242e-01 -8.616426907555929660e-01 8.464785505988094150e-03 -5.085524943509378559e-01 -1.186001824233087421e+00
-4.986369132865584586e-01 4.615960586655888653e-02 8.649284324419008740e-01 4.662172214530694703e+01 2.921575393089620096e-02 9.989084953830683622e-01 -3.642838220431479646e-02 3.516978534682014823e-01 -8.656662539453029437e-01 7.095844048614129672e-03 -4.994412297901439923e-01 -1.632324258138439177e+00
-4.945359860475426195e-01 4.304165537112578099e-02 8.683087849820086968e-01 4.746667658706957127e+01 2.482832262595302542e-02 9.990653725438461974e-01 -3.538499625218226308e-02 3.092252172845240121e-01 -8.690200966025677376e-01 4.071768695760974791e-03 -4.951424596068840778e-01 -2.098962767488885550e+00
-4.936635193633117091e-01 4.025380375020851109e-02 8.686167529993280567e-01 4.829988162686805708e+01 1.938212220982827097e-02 9.991892939854319922e-01 -3.530011751663192365e-02 2.680879978624360338e-01 -8.693331639849756209e-01 -5.728908338482208845e-04 -4.940434464456218144e-01 -2.565196555882703677e+00
-4.937274591765652976e-01 3.779565918194659896e-02 8.686946423439692033e-01 4.917700333131463708e+01 1.632615758790842767e-02 9.992816039837458808e-01 -3.420935258945830004e-02 2.135693984795146716e-01 -8.693635981434241211e-01 -2.707862630054709910e-03 -4.939895026162474112e-01 -3.040146287766492428e+00
-4.961719079306888269e-01 3.617508412802584311e-02 8.675466828839708544e-01 5.004973609753755426e+01 1.472202932162506098e-02 9.993386279846365738e-01 -3.325876186085198472e-02 1.710894571867928315e-01 -8.681759146243183123e-01 -3.716663393243276308e-03 -4.963763205025561454e-01 -3.528935841640902016e+00
-4.961615729551491771e-01 3.466006074057932651e-02 8.676374322021883634e-01 5.091992981502846050e+01 1.406894480741009701e-02 9.993927659034099742e-01 -3.188499306383808102e-02 1.253079872150251184e-01 -8.682155839675234077e-01 -3.602353306409794217e-03 -4.963479293603091369e-01 -4.008691155733258960e+00
-4.961352877678802953e-01 3.441580409332237883e-02 8.677525107639698643e-01 5.181690666877481988e+01 1.459604632694484413e-02 9.994035752411020157e-01 -3.129632939449161766e-02 8.048754246131020751e-02 -8.683122877294956465e-01 -2.865396061746832129e-03 -4.963417211108407390e-01 -4.521432792021296443e+00
-4.961171867097251553e-01 3.415569075317641951e-02 8.680650446335147485e-01 5.271285918723611985e+01 1.489995511007989951e-02 9.994140916918423656e-01 -3.082214548521372208e-02 3.673756635819523664e-02 -8.686088857389424600e-01 -2.342749245055160065e-03 -4.963356189141545638e-01 -5.034552194205883957e+00
-4.961074263785195115e-01 3.302688106807560170e-02 8.676052653295341921e-01 5.362857672223167782e+01 1.451552666377456911e-02 9.994523505686527809e-01 -2.973724572769183977e-02 -1.000820974989738432e-02 -8.681123438373345991e-01 -2.159176058403222426e-03 -4.963151523853236435e-01 -5.531191430975976431e+00
-4.947564499072973354e-01 3.147503146649444777e-02 8.685938944780956517e-01 5.455711571972381790e+01 1.234522242264338154e-02 9.994979898763046711e-01 -2.918232802977709095e-02 -5.715818256813451348e-02 -8.690762201844786095e-01 -3.705641747496426271e-03 -4.948967301984232847e-01 -6.046641611733147847e+00
-4.947907404454544023e-01 3.163386304807673521e-02 8.685837349894628412e-01 5.545533830961021238e+01 1.155434524531119035e-02 9.994886580211822524e-01 -2.981041047217119350e-02 -1.086302276548374440e-01 -8.690828506644237006e-01 -4.721371868337102991e-03 -4.949032353113997917e-01 -6.540510354131678916e+00
-4.923723952586792074e-01 3.047511007307842495e-02 8.692597922261715571e-01 5.639586779033418651e+01 1.089780074611840927e-02 9.995239462516264384e-01 -2.885571527659326965e-02 -1.598536477743510154e-01 -8.697259544940415532e-01 -4.763075476482276673e-03 -4.924697944965178986e-01 -7.060763622842636700e+00
-4.923777904676814310e-01 2.880156433106963523e-02 8.699930506035120636e-01 5.729496655078442302e+01 9.766728633214588964e-03 9.995722349010502938e-01 -2.757515826398052386e-02 -2.108248707274068268e-01 -8.704150534742902678e-01 -5.069349189341714086e-03 -4.924484937345163238e-01 -7.571664006810872038e+00
-4.895141556059888210e-01 2.597499177971519801e-02 8.718844207070272079e-01 5.822924870907368700e+01 1.004513344330571108e-02 9.996579518692211286e-01 -2.414670574207281734e-02 -2.628069553668703762e-01 -8.722135326199171868e-01 -3.060564140730400850e-03 -4.896076715569639970e-01 -8.063826083101954367e+00
-4.870249434395900190e-01 2.473260491579116344e-02 8.732008854784014673e-01 5.915329015294177850e+01 1.166418586219330512e-02 9.996940642740216321e-01 -2.182314111212252730e-02 -3.079948341316625093e-01 -8.734735401645669084e-01 -4.299787027374071878e-04 -4.871643231373644078e-01 -8.574600293706982512e+00
-4.828513518875975907e-01 2.489612732925102975e-02 8.755867446868718096e-01 6.008968450580549359e+01 1.120556699347991653e-02 9.996899037896445073e-01 -2.223925714676944915e-02 -3.498997385653908609e-01 -8.758688807384432673e-01 -9.211949086574541465e-04 -4.829805804722221430e-01 -9.090227480273041394e+00
-4.804398092766903883e-01 2.499015153911426229e-02 8.761008022393504957e-01 6.100193279865091966e+01 1.135058056497688546e-02 9.996873360719006341e-01 -2.227962931540880542e-02 -3.941067202864626529e-01 -8.763839106682203006e-01 -7.751749137061352771e-04 -4.805729338234085990e-01 -9.578985104858444899e+00
-4.776538096229037689e-01 2.504138724453318712e-02 8.779382982904714305e-01 6.194620732504301941e+01 1.118285958222086339e-02 9.996861369599810976e-01 -2.240925870272872031e-02 -4.439228139574159515e-01 -8.782242030425785329e-01 -9.039947302181664023e-04 -4.777838060091049166e-01 -1.007494368253162165e+01
-4.804926553824591662e-01 2.666421700961798744e-02 8.766517682064580708e-01 6.280897843897739108e+01 1.061388396132647953e-02 9.996414260048378519e-01 -2.458933688663111558e-02 -4.856594169158308105e-01 -8.769929969618567300e-01 -2.504128135269886000e-03 -4.806032813111605351e-01 -1.054525098738567301e+01
-4.805719181901471071e-01 2.751799286567574096e-02 8.763463564572124831e-01 6.375731455257222535e+01 8.871243130542910693e-03 9.996089802922385470e-01 -2.651984357675082546e-02 -5.410886313213580934e-01 -8.767334379598429317e-01 -4.975016796234557094e-03 -4.806280972297312659e-01 -1.104868264447884307e+01
-4.858418771430551009e-01 2.908544700792625032e-02 8.732727771329803490e-01 6.462724271998824577e+01 8.067412069530684529e-03 9.995527546900878635e-01 -2.879884941748567240e-02 -5.917325335205181336e-01 -8.737198700937639506e-01 -6.947327724524329957e-03 -4.858591171596120528e-01 -1.153548260723476204e+01
-4.924287915286477135e-01 2.760707087867478662e-02 8.694286009235709933e-01 6.552399555840071343e+01 7.761880105652321608e-03 9.995960831499393073e-01 -2.733772973479605892e-02 -6.331887532751931946e-01 -8.698325789017424814e-01 -6.733588590131849190e-03 -4.924437820711968783e-01 -1.203662845114618030e+01
-4.960741924745797893e-01 2.413886418442694540e-02 8.675267556625215759e-01 6.641205503535641697e+01 1.065489326918271293e-02 9.997072333078315109e-01 -2.171004478499303364e-02 -6.858091146682712136e-01 -8.677974646749975207e-01 -1.547801124479380270e-03 -4.961860067126920848e-01 -1.256232501536168833e+01
-5.027676174745193682e-01 2.304621171936473492e-02 8.638342133841202530e-01 6.728670951646886067e+01 7.901742830643525978e-03 9.997250508835355820e-01 -2.206297683161160400e-02 -7.306059256012986669e-01 -8.641057379444824216e-01 -4.289133906146398029e-03 -5.028113843863415422e-01 -1.303080132109971778e+01
-5.066092735425755667e-01 2.519920187000932940e-02 8.624675753540752554e-01 6.817941033524631678e+01 8.627243542691568484e-03 9.996711932108678367e-01 -2.414968700700076756e-02 -7.771172323781576630e-01 -8.627925403286043071e-01 -4.779271334183196607e-03 -5.066600637227051118e-01 -1.353064367803797907e+01
-5.094470627202850599e-01 2.736999682547092833e-02 8.599613713384267610e-01 6.904176815637775633e+01 8.919409963615088435e-03 9.996081066794820780e-01 -2.653348191339607864e-02 -8.219751232835967869e-01 -8.603508761463812826e-01 -5.852596163886389542e-03 -5.094913667016593983e-01 -1.405659571191814550e+01
-5.161504626061177436e-01 2.729653093982662218e-02 8.563464644807798898e-01 6.990176052435462850e+01 7.173355991905358379e-03 9.995949844190865630e-01 -2.754954480783488799e-02 -8.712363910055774818e-01 -8.567512656664146853e-01 -8.052290584009561339e-03 -5.161373118444019248e-01 -1.454853256301617392e+01
-5.176048783506538298e-01 2.718149482008803963e-02 8.548488411439496559e-01 7.076277492269507263e+01 5.851165039448252142e-03 9.995839548004830100e-01 -2.824949021711297900e-02 -9.192729355836700700e-01 -8.552609795590609965e-01 -9.614506210419957594e-03 -5.175485058474119660e-01 -1.506064971339975145e+01
-5.214211408198439202e-01 2.713879817614968382e-02 8.530845710076412347e-01 7.160312779002424577e+01 6.388477715296542528e-03 9.995902186812835044e-01 -2.790470952403044727e-02 -9.716193232194618723e-01 -8.534924955739686681e-01 -9.096260116303701154e-03 -5.213808359981888518e-01 -1.556213720492779728e+01
-5.250677769292334540e-01 1.968877775969997759e-02 8.514320633368437363e-01 7.244685683845901281e+01 7.490909911407712778e-03 9.998007005725543239e-01 -1.850998263037016353e-02 -1.011954986299747672e+00 -8.516268214056078589e-01 -3.326553252431166570e-03 -5.251107098028362508e-01 -1.607705566806385988e+01
-5.263662912972014718e-01 1.042474968232904795e-02 8.501655984643398112e-01 7.329122800139840876e+01 7.390682838697711955e-03 9.999431194335270945e-01 -7.681695390943606150e-03 -1.051385360840222161e+00 -8.501975095452153353e-01 2.234165444392720301e-03 -5.264133058928258668e-01 -1.660289585323603845e+01
-5.291560082319395342e-01 6.977348008950122298e-03 8.485540839030607518e-01 7.412178804405745325e+01 7.336140815809496889e-03 9.999663276447527949e-01 -3.646946358482213834e-03 -1.085350962381278261e+00 -8.485510777287856854e-01 4.301127687200295875e-03 -5.291893138776873062e-01 -1.711993780612286997e+01
-5.291724119674221516e-01 1.281451227261398013e-02 8.483232877555973994e-01 7.495394363183801545e+01 8.162461124985634017e-03 9.999165338000312042e-01 -1.001141073465738364e-02 -1.112808463723742758e+00 -8.483807426294307508e-01 1.633266913817365065e-03 -5.292327888438702610e-01 -1.763269386473737299e+01
-5.292152442814462843e-01 1.799619188045285464e-02 8.485633890703860871e-01 7.577587181265003835e+01 8.700990274367484054e-03 9.998374500465319059e-01 -1.579382778307072271e-02 -1.149179749623955304e+00 -8.487097036577688769e-01 -9.592772170473084278e-04 -5.292858124087624905e-01 -1.814052319388547119e+01
-5.291048547775611954e-01 2.267590756300990468e-02 8.477201858720170291e-01 7.660218064088216749e+01 1.460224551932941608e-02 9.997380162791458247e-01 -1.762147004639739306e-02 -1.183707014690309922e+00 -8.478978657998174073e-01 3.050236390474911092e-03 -5.292973045870642546e-01 -1.865540519275445064e+01
-5.290231250995680590e-01 2.296023173397220701e-02 8.482424726729126396e-01 7.742593159341328146e+01 1.776326872448810712e-02 9.997144131110639043e-01 -1.599147721677171216e-02 -1.222068615401247227e+00 -8.483674264270235632e-01 6.614600111164865501e-03 -5.292797928027557219e-01 -1.918939698842455144e+01
-5.276141965742490170e-01 2.031325747776792021e-02 8.486263700400580312e-01 7.825099574066629771e+01 1.710995610132898248e-02 9.997652894170252491e-01 -1.327705914963090220e-02 -1.256362394732687848e+00 -8.486970636660050582e-01 7.506991101491221861e-03 -5.278379243170805424e-01 -1.969610327027055163e+01
-5.276325812658462233e-01 1.400314319491717877e-02 8.493775653476393073e-01 7.907458406855297994e+01 1.474747192555882387e-02 9.998643893267091798e-01 -7.322246097262904464e-03 -1.285702028502487382e+00 -8.493649354613237445e-01 8.665479195705193607e-03 -5.277675417606614294e-01 -2.019700132141680982e+01
-5.276649712785694835e-01 8.020387742966076164e-03 8.497154500271905109e-01 7.990471051479497078e+01 1.253753044844687151e-02 9.999200585272064457e-01 -1.654448308064941815e-03 -1.309049516939333024e+00 -8.496608022199011456e-01 9.779816503073515341e-03 -5.277232888859050286e-01 -2.070408345296311836e+01
-5.264116234089898372e-01 1.521903991651927471e-03 8.498821455622771470e-01 8.072047856109600161e+01 3.290977708433165481e-03 9.999945815263053817e-01 2.470671254332471338e-04 -1.338820708353072320e+00 -8.498772341445706147e-01 2.926229524884410051e-03 -5.264136542232725757e-01 -2.117391055553381207e+01
-5.251451912767508556e-01 -3.339086879638704982e-03 8.514378262451280932e-01 8.155605151624520488e+01 -4.579713848344346173e-03 9.999889030774464782e-01 1.099013108567789988e-03 -1.352930666555890449e+00 -8.514321015258994318e-01 -3.327899458940986824e-03 -5.251545619441284618e-01 -2.167043355201527888e+01
-5.226604549263675903e-01 -3.703766356560541338e-03 8.521648195667689274e-01 8.237356925538574615e+01 -2.299315199387745156e-03 9.999930697607700703e-01 2.934127287354607039e-03 -1.372974218066395746e+00 -8.521697804472055937e-01 -4.259188460817605985e-04 -5.226652850461943611e-01 -2.216789766698301278e+01
-5.197729488120554908e-01 4.743027580121621668e-04 8.539139895161121929e-01 8.318473730044055969e+01 2.798858577200699117e-03 9.999954240511357284e-01 1.147003944001750856e-03 -1.400329445577860765e+00 -8.539095380321577444e-01 2.986483551359190788e-03 -5.197718259776055172e-01 -2.265474853242183073e+01
-5.144988021653466026e-01 4.511366639896000064e-03 8.577962796502709431e-01 8.401322361426527152e+01 5.279396540051076343e-03 9.999838389976484221e-01 -2.088290323652098636e-03 -1.416011688526308321e+00 -8.577919206785471484e-01 3.458030526939619067e-03 -5.145143465819048689e-01 -2.315581904285067338e+01
-5.063873421202712555e-01 6.853203017818617661e-03 8.626877674059875156e-01 8.482201934808301758e+01 1.005643257464238632e-02 9.999473243089240793e-01 -2.044171811827403054e-03 -1.428482338190342427e+00 -8.626563959491664324e-01 7.642142543452470731e-03 -5.064293998560417398e-01 -2.363592498236628359e+01
-4.982597614878481185e-01 8.975145251127206181e-03 8.669362336932466828e-01 8.563582265476088651e+01 1.750259675378513027e-02 9.998467975404899954e-01 -2.901870217997005725e-04 -1.455116155966012625e+00 -8.668059521426300096e-01 1.502902466176015729e-02 -4.983404306563711805e-01 -2.410794222848943846e+01
-4.892646727037282539e-01 7.582521298712650154e-03 8.724690442389908540e-01 8.647009911559992190e+01 1.509597057476603880e-02 9.998860672935795391e-01 -2.291863429875487740e-04 -1.476224321328025280e+00 -8.723714009013996407e-01 1.305551252179241485e-02 -4.893234331163864859e-01 -2.457159848427047422e+01
-4.775096332753969164e-01 4.938549887518975390e-03 8.790499918441820881e-01 8.730781456753233272e+01 1.221691055669057134e-02 9.999249546111659281e-01 1.014506046286434409e-03 -1.490580371707330265e+00 -8.789789797502147728e-01 1.122025531827181184e-02 -4.775340967035057727e-01 -2.500241544820713457e+01
-4.657413440683922379e-01 1.809833617674689449e-03 8.848958935645698798e-01 8.814938697864701567e+01 1.363540609044729124e-02 9.998939356790143007e-01 5.129014474745910435e-03 -1.507716248829196859e+00 -8.847927960490982180e-01 1.445440798510846600e-02 -4.657165948397632427e-01 -2.544262973578468134e+01
-4.530414607180156539e-01 -8.017822580976194640e-04 8.910890483177251742e-01 8.899380258555763135e+01 1.078309937362838082e-02 9.999214565659592102e-01 6.383742186784900456e-03 -1.522525365419353349e+00 -8.910241243825514079e-01 1.250746537516226123e-02 -4.529971370947393772e-01 -2.586776150163202814e+01
-4.427026418928240448e-01 -3.247220412656422694e-04 8.963020421507369440e-01 8.983560122148614369e+01 1.202401993521220493e-02 9.999078982496035772e-01 6.302535966735775368e-03 -1.525319644655992901e+00 -8.962214702416759771e-01 1.357210383453783323e-02 -4.426579142947830725e-01 -2.627043659117163088e+01
-4.286196439966677429e-01 5.117229538587699010e-05 9.033087142390362478e-01 9.070254059992409168e+01 1.525382664776769003e-02 9.998579110545676718e-01 7.180168005911399635e-03 -1.547052076307434909e+00 -9.031799530640398643e-01 1.685953163768122778e-02 -4.285595890221638449e-01 -2.668679576887710780e+01
