1.0 0.0 0.0 0.0 0.0 1.0 0.0 0.0 0.0 0.0 1.0 0.0
0.99993366 0.011516292 -0.00035961694 0.024902344 -0.011515522 0.9999316 0.0020745255 -0.01184082 0.00038348621 -0.0020702488 0.9999978 0.004638672
0.9992805 0.03793511 -0.00014727266 0.25305176 -0.0379341 0.9992709 0.0043893997 -0.024291992 0.00031368254 -0.0043806545 0.99999034 0.0007324219
0.99799883 0.06318874 0.002189203 0.40820312 -0.063201375 0.99798065 0.006286433 -0.040527344 -0.0017874634 -0.006412225 0.9999778 -0.0043945312
0.9951906 0.09784175 0.004328784 0.56274414 -0.097866215 0.9951804 0.005854471 -0.08068848 -0.0037349877 -0.0062501486 0.9999735 -0.0007324219
0.9908144 0.13504095 0.006926027 0.786499 -0.13506661 0.9908293 0.0033788204 -0.14233398 -0.0064061233 -0.0042833267 0.9999703 -0.004760742
0.984503 0.17525154 0.00725234 0.97106934 -0.17525652 0.9845288 5.212438e-05 -0.19433594 -0.007131012 -0.0013220235 0.9999737 -0.0018310547
0.97588074 0.21804906 0.0097159445 1.185669 -0.21806057 0.9759265 0.00012783194 -0.26916504 -0.00945406 -0.0022438243 0.9999528 -0.0052490234
0.963764 0.2664354 0.012566751 1.418457 -0.26645932 0.9638393 0.00023485871 -0.350708 -0.012049727 -0.0035749995 0.999921 -0.012207031
0.9496473 0.3126523 0.018743942 1.6463623 -0.31264675 0.94982845 -0.0033024384 -0.46936035 -0.018836042 -0.0027273202 0.9998188 -0.016601562
0.93246496 0.3604386 0.024366617 1.8771973 -0.36021432 0.93277663 -0.013189309 -0.5897217 -0.027483506 0.003521205 0.999616 -0.009521484
0.9115834 0.41013893 0.027118677 2.0960693 -0.4097754 0.91197085 -0.018078154 -0.7327881 -0.032148823 0.0053651594 0.9994687 -0.008666992
0.886183 0.4622942 0.031284295 2.3431396 -0.46186107 0.88672805 -0.02032016 -0.90478516 -0.037133966 0.0035570841 0.9993038 -0.015991211
0.8574669 0.5133463 0.035202626 2.5811768 -0.51287407 0.85818887 -0.0220267 -1.0701904 -0.041518748 0.0008320641 0.99913734 -0.037963867
0.8260195 0.5624391 0.036781773 2.8153076 -0.56180984 0.82683665 -0.026630335 -1.2843018 -0.045391962 0.0013361042 0.99896866 -0.04260254
0.78938675 0.612755 0.03784276 3.0393066 -0.6118808 0.7902888 -0.032841347 -1.4953613 -0.050025064 0.0027681943 0.9987439 -0.05114746
0.75194883 0.65816534 0.037249517 3.2629395 -0.6571266 0.75286275 -0.037118267 -1.7484131 -0.05247738 0.0034359284 0.99861646 -0.06616211
0.71246254 0.7008077 0.03518267 3.4997559 -0.6996774 0.71332026 -0.03997495 -2.032959 -0.053111643 0.0038634446 0.9985811 -0.079711914
0.6703774 0.7411528 0.034935147 3.7094727 -0.7399307 0.67128134 -0.042630494 -2.3155518 -0.055052906 0.0027286466 0.9984799 -0.09802246
0.6276071 0.77758116 0.038738173 3.9542236 -0.77636534 0.62879527 -0.04355021 -2.6417236 -0.058224846 -0.0027394872 0.9983 -0.123046875
0.58595276 0.80933183 0.03966234 4.172241 -0.80813736 0.58726245 -0.044374846 -2.9875488 -0.059204414 -0.0060521737 0.9982274 -0.14245605
0.54538774 0.8371239 0.04034619 4.383545 -0.83593005 0.546806 -0.045567803 -3.3565674 -0.06021169 -0.008877434 0.9981462 -0.16223145
0.50798607 0.86050886 0.04072909 4.598633 -0.85918987 0.5095142 -0.048714716 -3.7824707 -0.06266001 -0.010256078 0.9979813 -0.18151855
0.46871072 0.88245976 0.041917294 4.82666 -0.88125885 0.47036248 -0.048196662 -4.1693115 -0.06225001 -0.014345717 0.99795777 -0.2097168
0.4338174 0.90006626 0.039979998 5.022339 -0.8989435 0.43538576 -0.04749744 -4.671753 -0.060152028 -0.01533423 0.9980712 -0.23950195
0.39953095 0.915836 0.03635645 5.226074 -0.9147504 0.40091777 -0.046896867 -5.1325684 -0.057531044 -0.014509266 0.99823874 -0.26831055
0.37029234 0.9284911 0.032343008 5.42041 -0.92748195 0.371466 -0.045239978 -5.654419 -0.054028008 -0.013241193 0.99845207 -0.30029297
0.34635913 0.9375404 0.028808521 5.5932617 -0.9365519 0.3473627 -0.044566546 -6.213623 -0.051797666 -0.011536734 0.99859136 -0.33361816
0.3236658 0.9459147 0.027212704 5.7958984 -0.9450164 0.3245929 -0.042875618 -6.779419 -0.04937505 -0.0118537415 0.9987091 -0.36450195
0.31073013 0.9500638 0.02590477 5.987793 -0.94911474 0.31161457 -0.043850332 -7.378662 -0.049741536 -0.010949463 0.9987025 -0.40161133
0.29765636 0.95423394 0.02466788 6.180908 -0.9532125 0.298508 -0.045273934 -7.998291 -0.05056642 -0.010039089 0.9986701 -0.4284668
0.2872172 0.9576098 0.026093522 6.3741455 -0.9564942 0.28817955 -0.04757063 -8.640869 -0.05305984 -0.011302388 0.9985267 -0.4658203
0.27614686 0.9608283 0.028047398 6.5775146 -0.9596565 0.27724934 -0.049265828 -9.315063 -0.05509862 -0.013327204 0.99839103 -0.50598145
0.26507044 0.9638143 0.028070044 6.777466 -0.9625557 0.266211 -0.051044058 -10.016602 -0.056679938 -0.013493302 0.9983013 -0.5432129
0.2561324 0.96632004 0.029481191 6.9647217 -0.9649562 0.2574011 -0.05339998 -10.737549 -0.05917734 -0.014782223 0.99813724 -0.5819092
0.24491031 0.96904707 0.029590895 7.1584473 -0.9676074 0.24622333 -0.05492772 -11.484009 -0.06053412 -0.015178624 0.9980515 -0.6229248
0.23418333 0.97184044 0.029701732 7.348755 -0.9703559 0.23553586 -0.055938844 -12.261597 -0.061358355 -0.01572803 0.99799174 -0.6604004
0.22384147 0.97412634 0.031484026 7.5283203 -0.9724213 0.22539197 -0.060091764 -13.03125 -0.06565635 -0.017171351 0.9976954 -0.704834
0.21401353 0.9763558 0.033217866 7.708496 -0.97446394 0.21576343 -0.06357804 -13.83313 -0.06922701 -0.01878163 0.99742293 -0.7576904
0.19930764 0.979245 0.03402083 7.876709 -0.9771362 0.20121337 -0.06721865 -14.626831 -0.07269077 -0.01984982 0.9971577 -0.8026123
0.18703197 0.98181856 0.034521226 8.035889 -0.97956795 0.18905215 -0.06960545 -15.430786 -0.07486398 -0.020819152 0.99697584 -0.8494873
0.17104144 0.9846571 0.034008432 8.1813965 -0.98240787 0.17306376 -0.06991747 -16.243896 -0.074712045 -0.021418016 0.99697536 -0.89416504
0.1586864 0.9866655 0.034866266 8.317871 -0.9845192 0.16078362 -0.06912297 -17.060425 -0.07379826 -0.023353994 0.99699926 -0.9489746
0.14070429 0.98941743 0.034748863 8.432983 -0.98737836 0.14280677 -0.0681146 -17.869873 -0.07237952 -0.02473857 0.99707115 -0.9942627
0.121172436 0.9919335 0.035705943 8.546631 -0.9900133 0.12336494 -0.067421496 -18.703735 -0.07127875 -0.027183648 0.9970856 -1.0411377
0.095107555 0.99473214 0.03756049 8.632568 -0.9930622 0.09741753 -0.065448724 -19.542847 -0.06878911 -0.031053316 0.99714947 -1.0925293
0.06663789 0.99699056 0.039525222 8.699219 -0.99545634 0.06912918 -0.06544211 -20.391846 -0.06796582 -0.03497212 0.99707407 -1.1403809
0.032528583 0.9986426 0.041080397 8.734863 -0.99716526 0.035227653 -0.06673709 -21.239014 -0.06808183 -0.038823333 0.9969229 -1.1867676
-0.0018584607 0.99920285 0.039858792 8.737183 -0.99785405 0.00075567095 -0.06547814 -22.087646 -0.06543731 -0.039883908 0.9970584 -1.2290039
-0.036774848 0.9985344 0.039844465 8.710571 -0.9972948 -0.0341288 -0.06518661 -22.954834 -0.06373332 -0.042120095 0.9970779 -1.2692871
-0.06869326 0.9968252 0.04045695 8.653931 -0.9957914 -0.066038355 -0.06365901 -23.808838 -0.060803812 -0.0446649 0.9971507 -1.3077393
-0.10095917 0.99403757 0.04127821 8.573486 -0.9933223 -0.098381035 -0.060325842 -24.667603 -0.05590243 -0.04710039 0.9973244 -1.357544
-0.13470958 0.9901409 0.03742335 8.458496 -0.9895473 -0.13250113 -0.05628122 -25.531494 -0.050748635 -0.044621516 0.9977131 -1.3901367
-0.16585907 0.985611 0.03233558 8.312378 -0.9850993 -0.16408812 -0.051365796 -26.373291 -0.045320705 -0.04036552 0.9981565 -1.4195557
-0.19666553 0.98019457 0.025598872 8.142334 -0.9797451 -0.19539784 -0.045096315 -27.231445 -0.03919585 -0.033938326 0.99865496 -1.4433594
-0.22203267 0.9747634 0.019713828 7.942505 -0.97433805 -0.22112119 -0.04027113 -28.060669 -0.03489536 -0.028157512 0.9989942 -1.461792
-0.25049698 0.9680123 0.011922363 7.72229 -0.9676289 -0.2499814 -0.033800565 -28.898438 -0.02973213 -0.020006541 0.9993575 -1.479248
-0.27842918 0.9604288 0.007949604 7.473633 -0.9602369 -0.27817544 -0.023934009 -29.725952 -0.020770611 -0.0142930765 0.999682 -1.4876709
-0.30214846 0.95317394 0.007453624 7.2105713 -0.953182 -0.3020802 -0.009029169 -30.52539 -0.0063532107 -0.00983738 0.99993145 -1.487915
-0.3255101 0.9453187 0.0125354435 6.9455566 -0.9453282 -0.32562146 0.008147892 -31.32019 0.011782788 -0.009192685 0.9998883 -1.4804688
-0.35418916 0.9352578 0.019185785 6.655884 -0.9350099 -0.35457897 0.023576196 -32.110596 0.028846625 -0.0096002575 0.999538 -1.4665527
-0.37617633 0.92629224 0.02084375 6.3409424 -0.92568636 -0.37669858 0.03411755 -32.898926 0.03947975 -0.0064727403 0.99920005 -1.4373779
-0.40062153 0.91588 0.01907423 6.012329 -0.9150813 -0.40106976 0.038293313 -33.680298 0.04273922 -0.0021065213 0.9990841 -1.392456
-0.4199933 0.9072191 0.0170204 5.6593018 -0.9064843 -0.42033753 0.036509663 -34.45508 0.04026373 -8.476703e-05 0.9991885 -1.3508301
-0.44293642 0.89688444 0.0121347215 5.2835693 -0.89628583 -0.44308725 0.032974415 -35.220215 0.03493864 0.0037161582 0.9993826 -1.3050537
-0.4598892 0.8874804 0.0036123246 4.8967285 -0.8870129 -0.45977238 0.030816335 -35.97534 0.02902324 0.010986514 0.9995182 -1.2635498
-0.47271514 0.88126844 0.0007818956 4.4920654 -0.8808081 -0.47249648 0.031915437 -36.715454 0.02849209 0.014389655 0.9994904 -1.2208252
-0.48215738 0.87589175 -0.00044687092 4.0804443 -0.8754012 -0.48187003 0.033707663 -37.44275 0.029311161 0.016649423 0.9994315 -1.1821289
-0.49504587 0.8691662 -2.9003248e-05 3.6820068 -0.8685957 -0.49471998 0.0362571 -38.155273 0.0314877 0.017948478 0.9993429 -1.1392822
-0.50298053 0.8647425 0.006110631 3.275879 -0.8640667 -0.5028466 0.036605168 -38.86902 0.03472752 0.013119633 0.9993111 -1.1108398
-0.51476866 0.8578045 0.0076980833 2.8712158 -0.8571822 -0.5147054 0.034516823 -39.562866 0.033567607 0.011155612 0.99937457 -1.0771484
-0.522866 0.85269284 0.0060508363 2.4371338 -0.85204697 -0.5227245 0.03584524 -40.266724 0.033727128 0.013590372 0.9993388 -1.0401611
-0.5282296 0.8486485 0.004924871 1.9943848 -0.84788847 -0.52798617 0.039633848 -40.977295 0.036233936 0.016779844 0.9992019 -0.9923096
-0.53352237 0.8463541 0.0058465917 1.5541992 -0.845508 -0.5332765 0.041571714 -41.692017 0.038284447 0.017207881 0.99911886 -0.96569824
-0.5311193 0.8468162 0.007450803 1.095581 -0.84585184 -0.5308991 0.043836813 -42.431274 0.041069895 0.017004758 0.9990107 -0.9272461
-0.5298066 0.8483546 0.004613433 0.6287842 -0.8473873 -0.5294484 0.045175336 -43.18457 0.040763807 0.020017348 0.9989684 -0.8861084
-0.523101 0.8519831 0.0051158844 0.17565918 -0.85106254 -0.5227976 0.043713592 -43.939453 0.03991223 0.018532252 0.9990307 -0.85095215
-0.5135711 0.857842 0.0068675303 -0.3017578 -0.85695994 -0.5133783 0.041941624 -44.731567 0.039488062 0.015640095 0.99909705 -0.8100586
-0.5083014 0.8617919 0.008332375 -0.76586914 -0.86090523 -0.5081802 0.041474767 -45.522705 0.039970584 0.013880737 0.99910504 -0.77124023
-0.4991859 0.86578864 0.009671643 -1.2163086 -0.86495346 -0.49914762 0.039716996 -46.33008 0.03922929 0.011475882 0.99916387 -0.7290039
-0.4948746 0.8690894 0.01268967 -1.6854248 -0.86834556 -0.49498644 0.036647756 -47.173584 0.038123477 0.007101098 0.99924797 -0.6899414
-0.49374616 0.86932945 0.017324714 -2.152954 -0.86867124 -0.49404767 0.033860136 -48.006348 0.038019344 0.0016599512 0.99927616 -0.6524658
-0.4936856 0.8693227 0.019455336 -2.6290283 -0.8687565 -0.4940671 0.03139774 -48.88318 0.036922388 -0.0013949592 0.99931735 -0.6015625
-0.49607205 0.8681164 0.020467281 -3.1182861 -0.86761165 -0.49648535 0.029747961 -49.75586 0.035993844 -0.0030095144 0.9993478 -0.5626221
-0.49605343 0.86815274 0.020350676 -3.5993652 -0.8677012 -0.4964575 0.028233483 -50.62561 0.03461833 -0.0036605783 0.9993942 -0.5202637
-0.49605584 0.86825883 0.019614182 -4.1135254 -0.86781305 -0.49643347 0.027991384 -51.521973 0.03402981 -0.003132985 0.9994159 -0.47912598
-0.49605623 0.8685616 0.019093545 -4.6280518 -0.8681234 -0.4964157 0.02773428 -52.417236 0.03355375 -0.0028301184 0.9994332 -0.4390869
-0.49604407 0.8680641 0.018904032 -5.1260986 -0.86766225 -0.4963937 0.02660266 -53.33264 0.032471985 -0.0032095015 0.99946755 -0.39611816
-0.49461937 0.8690014 0.02044627 -5.6433105 -0.86865646 -0.4950128 0.025065184 -54.260376 0.031896073 -0.005374169 0.99947697 -0.35290527
-0.4946152 0.86899465 0.021462185 -6.1384277 -0.8686504 -0.495042 0.025221985 -55.15808 0.032522667 -0.006166312 0.9994519 -0.30566406
-0.49218786 0.86963326 0.021491375 -6.6608887 -0.8693261 -0.49260914 0.02408682 -56.0979 0.031545777 -0.0068059787 0.99947876 -0.25830078
-0.492173 0.8703125 0.021800235 -7.1730957 -0.8700599 -0.4925919 0.022417195 -56.996338 0.030257387 -0.007939413 0.9995108 -0.21081543
-0.48936772 0.87212914 0.019783137 -7.6677246 -0.8719417 -0.48970783 0.019628925 -57.929688 0.026796566 -0.0076440545 0.9996117 -0.1619873
-0.4869567 0.873421 0.017145172 -8.180908 -0.8732472 -0.48722178 0.018419454 -58.852783 0.024450032 -0.0060094213 0.99968326 -0.12011719
-0.48276722 0.8758095 0.017628757 -8.699341 -0.875635 -0.48304608 0.018631227 -59.78772 0.0248189 -0.0064506247 0.9996713 -0.08251953
-0.48036036 0.87632674 0.017471455 -9.190308 -0.87614864 -0.48063663 0.018748268 -60.69922 0.024839789 -0.0062896116 0.9996716 -0.04248047
-0.47756967 0.87816495 0.01759708 -9.688599 -0.8779866 -0.47784987 0.018833635 -61.642334 0.024936214 -0.0064470354 0.99966806 0.0029296875
-0.4803644 0.876917 0.019208053 -10.15918 -0.8767074 -0.48069707 0.02042275 -62.504883 0.027143428 -0.007034436 0.99960697 0.040039062
-0.48036063 0.87662613 0.021678027 -10.663818 -0.8764121 -0.4807692 0.021269847 -63.45276 0.0290729 -0.00877903 0.9995388 0.0904541
-0.48556376 0.87359124 0.023662234 -11.150024 -0.8733472 -0.486045 0.022771874 -64.32312 0.031408522 -0.00960935 0.9994605 0.13647461
-0.4921591 0.8697036 0.023457468 -11.650391 -0.8695014 -0.49261707 0.021215659 -65.2207 0.030020788 -0.00994032 0.9994997 0.17443848
-0.4959715 0.8677292 0.01827461 -12.176514 -0.86757684 -0.4962575 0.017714065 -66.10913 0.024439234 -0.0070545003 0.99967605 0.22521973
-0.5025766 0.8639973 0.021026876 -12.643921 -0.8638949 -0.5029195 0.016538788 -66.98462 0.024859639 -0.009837939 0.99964213 0.26586914
-0.5064083 0.86268467 0.021534946 -13.143799 -0.86253136 -0.50678414 0.018651411 -67.877075 0.026983228 -0.00913837 0.9995943 0.30773926
-0.5092169 0.86023617 0.022610417 -13.670044 -0.8600306 -0.50964165 0.020781599 -68.7395 0.029405572 -0.008857133 0.9995282 0.3482666
-0.5158417 0.85660726 0.024823677 -14.160889 -0.856425 -0.51632994 0.020627039 -69.60022 0.03049031 -0.010635284 0.9994789 0.39343262
-0.5172382 0.85509574 0.026382536 -14.673706 -0.854934 -0.5177727 0.020487987 -70.46118 0.031208808 -0.011960495 0.99944144 0.43762207
-0.52107596 0.85333484 0.025874931 -15.175171 -0.8531675 -0.5215927 0.020403964 -71.301636 0.030904155 -0.011441946 0.9994569 0.48657227
-0.52490443 0.85152304 0.020102797 -15.690552 -0.8514877 -0.5251878 0.012922686 -72.145874 0.021550894 -0.010341429 0.99971443 0.5266113
-0.5263136 0.8501381 0.014523602 -16.217651 -0.85019416 -0.52641076 0.0036491393 -72.99072 0.010742561 -0.010424124 0.9998879 0.5662842
-0.52912915 0.848508 0.012455446 -16.73523 -0.84857273 -0.5291721 0.00017247093 -73.82141 0.006739043 -0.010483238 0.9999223 0.5982666
-0.5291139 0.84832144 0.015132309 -17.249146 -0.84835535 -0.52924216 0.0060033593 -74.652466 0.013106567 -0.009667347 0.9998674 0.62023926
-0.5291124 0.8486329 0.017736545 -17.758057 -0.84860843 -0.5293311 0.0111820195 -75.47327 0.018887602 -0.009141346 0.9997799 0.6513672
-0.52913785 0.84789175 0.013729155 -18.274536 -0.8477495 -0.529306 0.0158645 -76.29883 0.0207327 -0.0032374705 0.9997797 0.68200684
-0.52915406 0.8484106 0.01016934 -18.810059 -0.84825665 -0.529252 0.016159179 -77.121704 0.019104399 -7.6181255e-05 0.99981755 0.71777344
-0.52773577 0.84874326 0.00926582 -19.318604 -0.8486358 -0.52781653 0.013527371 -77.94617 0.016376767 -0.00071561243 0.9998655 0.7496338
-0.52771175 0.8494051 0.008101389 -19.820923 -0.84938 -0.52776504 0.0072236666 -78.76929 0.010411876 -0.0030720634 0.99994105 0.7775879
-0.52771163 0.8496956 0.0069786017 -20.329468 -0.8497111 -0.5277315 0.0012447753 -79.599 0.0047374927 -0.005273875 0.9999749 0.7994385
-0.52637005 0.849797 0.013812929 -20.800537 -0.8499046 -0.52635145 -0.0052544433 -80.41455 0.0028089695 -0.014507318 0.9998908 0.82629395
-0.52507615 0.8512506 0.0200615 -21.298462 -0.8514847 -0.5249825 -0.01010551 -81.249146 0.0019212277 -0.022374976 0.9997478 0.8371582
-0.52261764 0.8520265 0.017149093 -21.79834 -0.85219914 -0.52251345 -0.010440478 -82.065674 6.863242e-05 -0.020076402 0.9997984 0.8544922
-0.51973474 0.85382676 0.013740173 -22.28772 -0.8539354 -0.5197008 -0.006222283 -82.875244 0.00183263 -0.014970396 0.9998862 0.8779297
-0.5144595 0.857729 0.013273265 -22.791992 -0.8578171 -0.51447946 -0.0021169917 -83.701294 0.0050071073 -0.012478808 0.99990964 0.88916016
-0.50640225 0.8626583 0.009080606 -23.27649 -0.86269236 -0.50642586 0.00032918947 -84.50745 0.0048801433 -0.0076684067 0.9999587 0.8983154
-0.49837294 0.8669159 0.001679026 -23.753052 -0.86691225 -0.4983758 0.0025574942 -85.31897 0.0030532626 -0.0001808973 0.99999535 0.92211914
-0.4893439 0.87245 0.0036363038 -24.220947 -0.87245286 -0.48935074 0.0012695492 -86.15076 0.0028849044 -0.0025509747 0.9999926 0.9395752
-0.47755125 0.8790244 0.0054434584 -24.656982 -0.87904 -0.47755203 -0.0012403971 -86.98572 0.0015065976 -0.0053757653 0.9999845 0.95043945
-0.46578196 0.88487375 0.0021740072 -25.102783 -0.8848722 -0.46577078 -0.0042304154 -87.82483 -0.0027288517 -0.0038926117 0.99998873 0.9650879
-0.45305854 0.89107126 0.0040837694 -25.533447 -0.8910712 -0.45302778 -0.006703028 -88.666626 -0.0041211257 -0.0066804904 0.9999692 0.97631836
-0.44272614 0.8962855 0.0029949103 -25.941162 -0.89628094 -0.44270346 -0.006107024 -89.50586 -0.0041466225 -0.0053902464 0.99997693 0.9749756
-0.42865545 0.9032917 -0.00032703136 -26.363892 -0.90327704 -0.42865038 -0.005566277 -90.36975 -0.005166143 -0.0020906436 0.9999845 0.99279785
-0.41601706 0.90898806 0.0014006491 -26.744263 -0.9089891 -0.41601577 -0.0011142624 -91.22351 -0.00042893947 -0.0017375215 0.99999845 0.99609375
-0.40579095 0.91404 0.002711118 -27.121216 -0.9140047 -0.4057992 0.008080721 -92.06067 0.008481794 0.0008022564 0.99996376 1.0063477
-0.39159372 0.9199606 0.005584602 -27.487915 -0.9198726 -0.3916335 0.012728386 -92.91284 0.013899629 -0.00014963785 0.9999033 1.0273438
-0.38140264 0.9245415 0.0053652353 -27.826416 -0.92448366 -0.38143906 0.010394595 -93.77344 0.011653235 -0.0010006165 0.9999316 1.0389404
-0.36959866 0.92931205 0.0033631995 -28.166138 -0.92929 -0.3696132 0.0064547984 -94.63574 0.0072401674 -0.00074038806 0.9999735 1.0670166
-0.35852098 0.93349355 0.0071366522 -28.484009 -0.93348426 -0.35856417 0.006116895 -95.501465 0.00826805 -0.004467844 0.9999558 1.0894775
-0.35346976 0.9355024 0.014370656 -28.789795 -0.93547785 -0.3536378 0.011549399 -96.3689 0.015878355 -0.009356761 0.99983007 1.1104736
-0.34517673 0.9380857 0.023234533 -29.105103 -0.93808454 -0.34557918 0.016260583 -97.242676 0.023303136 -0.01619064 0.9995975 1.1330566
-0.34082556 0.9395377 0.026568934 -29.413086 -0.9395534 -0.34134114 0.018029206 -98.12317 0.02601716 -0.01881998 0.99948424 1.1658936
-0.3394629 0.94044065 0.029253691 -29.709717 -0.9405106 -0.34004954 0.01805576 -99.004395 0.026910378 -0.021389386 0.99940914 1.2034912
-0.33282956 0.94256216 0.0330054 -30.009277 -0.94273347 -0.3335097 0.01769878 -99.88684 0.027679885 -0.02522602 0.9992986 1.2436523
-0.32689247 0.9443988 0.03201475 -30.313843 -0.9446268 -0.32747003 0.014702429 -100.78235 0.024381332 -0.025430964 0.99937904 1.2702637
-0.3232556 0.94588643 0.02947465 -30.611328 -0.94613796 -0.32368055 0.010884343 -101.66101 0.019836772 -0.024380125 0.9995061 1.2937012
-0.315339 0.9483483 0.03106558 -30.901978 -0.9487251 -0.31567228 0.0063418746 -102.54639 0.015833333 -0.027473124 0.99949706 1.3446045
-0.31173638 0.9496536 0.03616676 -31.172485 -0.9501716 -0.31217527 0.00706599 -103.42383 0.01798691 -0.03215249 0.99932116 1.3630371
-0.30230594 0.95211476 0.04544668 -31.428223 -0.9529814 -0.3029114 0.006922219 -104.28528 0.020352434 -0.041222095 0.99894285 1.3884277
-0.29569972 0.95415777 0.0452827 -31.69934 -0.95496994 -0.29639652 0.0093779005 -105.15491 0.02237868 -0.040475287 0.9989299 1.428833
-0.28839827 0.9567451 0.041797146 -31.961304 -0.95736194 -0.28911868 0.012233679 -106.02258 0.023773747 -0.03647455 0.99905163 1.4614258
-0.2796453 0.9590749 0.043048073 -32.21521 -0.9597892 -0.28031692 0.010323227 -106.90588 0.021974985 -0.038434356 0.9990195 1.4914551
-0.2738919 0.9607915 0.043019004 -32.456665 -0.9616188 -0.27433023 0.004531434 -107.77649 0.016154015 -0.04014284 0.99906373 1.5211182
-0.26607728 0.96309566 0.042669337 -32.70056 -0.9639431 -0.266418 0.0024098502 -108.67285 0.013678987 -0.040487017 0.99908656 1.5550537
-0.25800413 0.96484065 0.046595536 -32.923462 -0.9657933 -0.2585672 0.006373661 -109.54968 0.018215071 -0.0433549 0.99889326 1.5808105
-0.25148267 0.9666386 0.048036933 -33.1438 -0.96758 -0.25223815 0.010270974 -110.42236 0.022041768 -0.043888815 0.998793 1.6069336
-0.24434377 0.96857417 0.04776579 -33.36487 -0.9694982 -0.24510786 0.010763457 -111.30286 0.022126712 -0.043659974 0.99880093 1.6275635
-0.2370516 0.97027034 0.04885413 -33.56653 -0.9712756 -0.237777 0.009528939 -112.19043 0.020866558 -0.045196377 0.9987602 1.661499
-0.22769299 0.97274446 0.04495417 -33.770874 -0.9735843 -0.22833611 0.009665548 -113.072876 0.019665193 -0.041571524 0.9989422 1.6914062
-0.21902765 0.9747464 0.04099331 -33.973877 -0.9754271 -0.21960258 0.010029841 -113.95398 0.018783815 -0.037789833 0.99910897 1.7211914
-0.21327256 0.9760766 0.040428884 -34.173096 -0.9767087 -0.21389294 0.011641882 -114.849365 0.02001677 -0.03701396 0.99911433 1.7630615
-0.20545042 0.97757477 0.045668773 -34.346436 -0.97845393 -0.2061007 0.0099622365 -115.74036 0.019167535 -0.042650506 0.99890625 1.7841797
-0.19854344 0.97891766 0.050354417 -34.524414 -0.98005706 -0.19916393 0.007583066 -116.653564 0.017442007 -0.047860034 0.9987025 1.8212891
-0.19285621 0.9800414 0.047879472 -34.697876 -0.98109895 -0.19333886 0.0056173946 -117.56775 0.014762586 -0.045883432 0.99883735 1.8482666
-0.18779387 0.9811785 0.04626119 -34.88086 -0.98214966 -0.18829525 0.0067052282 -118.46484 0.015277624 -0.04418784 0.9989069 1.876831
-0.1842517 0.98194486 0.0449132 -35.04187 -0.9828319 -0.18480146 0.00838827 -119.3573 0.016514475 -0.042582482 0.9989564 1.9018555
-0.17570855 0.9836853 0.039415333 -35.234863 -0.98436904 -0.17613554 0.007612276 -120.25183 0.014429238 -0.037468925 0.99919385 1.9263916
-0.17131649 0.9846683 0.031010127 -35.38965 -0.98510164 -0.17155445 0.0051608495 -121.13574 0.010405899 -0.029667277 0.9995056 1.9451904
-0.1678345 0.9854936 0.027970282 -35.541138 -0.98585796 -0.16799138 0.0033467677 -122.03894 0.007989052 -0.027015598 0.99960315 1.9663086
-0.16284525 0.986286 0.028861452 -35.67932 -0.9866542 -0.16307244 0.0056954315 -122.92297 0.010312024 -0.027550511 0.9995673 1.9785156
-0.15723073 0.9870336 0.031381104 -35.826294 -0.98745185 -0.15754484 0.0077838823 -123.8186 0.012631443 -0.02976675 0.99947697 1.9912109
-0.1572542 0.9869804 0.03313555 -35.95337 -0.98745877 -0.15757404 0.007252808 -124.69995 0.012384581 -0.031577468 0.9994244 2.0162354
-0.1551168 0.9873439 0.033795085 -36.091553 -0.9878495 -0.15542924 0.0068066176 -125.58276 0.011970525 -0.032323427 0.99940556 2.0339355
-0.15450297 0.98753357 0.030325271 -36.222656 -0.987983 -0.1546024 0.00094515877 -126.47974 0.0056202407 -0.029807303 0.9995397 2.0565186
-0.15309045 0.98775065 0.029854693 -36.35852 -0.9882018 -0.1530205 -0.0046280436 -127.36145 1.697801e-06 -0.030214118 0.9995433 2.0726318
-0.15247917 0.9879201 0.030146845 -36.48889 -0.98837787 -0.15234627 -0.006662234 -128.2439 -0.002000263 -0.030814022 0.99952334 2.0861816
-0.15090132 0.988066 0.030538663 -36.617676 -0.988533 -0.15092744 -0.0014675641 -129.10901 0.0031716104 -0.030415589 0.9995322 2.090454
-0.14957334 0.9883084 0.031604193 -36.75171 -0.9887972 -0.14967825 0.00097448146 -129.97644 0.0056793513 -0.031109698 0.99950016 2.1080322
-0.14958765 0.98825157 0.033081785 -36.878296 -0.98878527 -0.14971209 0.0013046837 -130.84912 0.00623185 -0.032505214 0.9994521 2.1170654
-0.14896165 0.9882753 0.0338623 -36.995483 -0.9888402 -0.14905871 0.00034869416 -131.7102 0.00538336 -0.033422746 0.9994268 2.130005
-0.14742161 0.9885632 0.030245956 -37.13391 -0.9890141 -0.14750005 0.00036289683 -132.57263 0.004824633 -0.029862843 0.99954236 2.149292
-0.14803922 0.9885241 0.03058137 -37.25122 -0.98896825 -0.14820111 0.0030880016 -133.43433 0.007585321 -0.029797103 0.99952745 2.1695557
-0.14683686 0.98835444 0.040405832 -37.363647 -0.98912066 -0.14715171 0.004915728 -134.29053 0.010794295 -0.039232552 0.99917173 2.1855469
-0.14694835 0.98801863 0.047964126 -37.471924 -0.9891026 -0.14737822 0.005529324 -135.16528 0.0125328135 -0.04661897 0.9988339 2.206543
-0.14750004 0.98795813 0.045966286 -37.584717 -0.9889016 -0.14806233 0.009047942 -136.0072 0.015762147 -0.044118527 0.9989015 2.2264404
-0.14746691 0.98815364 0.04407623 -37.71045 -0.98901 -0.14801253 0.009367781 -136.8872 0.015771054 -0.042203423 0.9989844 2.2634277
-0.14465225 0.9883848 0.045888796 -37.821655 -0.989269 -0.14535435 0.012338186 -137.69348 0.018856123 -0.043601077 0.99887073 2.272461
-0.14241743 0.98908454 0.037300393 -37.953857 -0.9896387 -0.14294814 0.011962171 -138.55359 0.017158734 -0.035210893 0.9992326 2.2927246
-0.14025962 0.9896113 0.030624526 -38.07373 -0.99000925 -0.14056478 0.0080382945 -139.40027 0.012264489 -0.029196858 0.9994984 2.3300781
-0.1389692 0.9900422 0.02463049 -38.193726 -0.9903342 -0.13905704 0.0018863482 -140.23376 0.005279525 -0.024125915 0.999695 2.3533936
-0.1353122 0.9905742 0.020521443 -38.305786 -0.9907742 -0.13538574 0.0022367672 -141.06873 0.0049973503 -0.020032862 0.99978673 2.3666992
-0.12972225 0.9913341 0.021659832 -38.403564 -0.9915184 -0.12990879 0.007431968 -141.88745 0.010183905 -0.020514062 0.9997376 2.390503
-0.12202978 0.9922827 0.018926103 -38.509644 -0.99239117 -0.12222825 0.009708296 -142.72461 0.011951108 -0.017594993 0.9997736 2.4040527
-0.114370584 0.99334455 0.016077464 -38.60962 -0.9933609 -0.114587545 0.013283781 -143.57935 0.015038606 -0.014454004 0.9997826 2.4047852
-0.102547765 0.99455357 0.01601525 -38.693115 -0.9946365 -0.10268462 0.007967191 -144.39001 0.009575296 -0.015110238 0.99984 2.4249268
-0.09286333 0.99557203 0.011816006 -38.76758 -0.995625 -0.09292472 0.0047522727 -145.21106 0.005831084 -0.011321702 0.9999189 2.4553223
-0.07840217 0.99683225 0.00950614 -38.839233 -0.99684995 -0.078467496 0.0066947164 -146.0553 0.0074215336 -0.008948475 0.99993247 2.486084
-0.06467033 0.9978321 0.008769954 -38.88086 -0.9978414 -0.06473339 0.007094592 -146.84692 0.00765019 -0.00829332 0.99993634 2.506836
-0.05101919 0.9986734 0.007732437 -38.919556 -0.9986729 -0.05107653 0.007407802 -147.66467 0.007794366 -0.0073471954 0.99994266 2.5212402
-0.038088918 0.99926025 0.0040503237 -38.942383 -0.9992137 -0.038129095 0.01031897 -148.40894 0.010471078 -0.0036537508 0.99993855 2.5356445
-0.023341658 0.9996964 0.008218662 -38.959473 -0.9996209 -0.02345991 0.014596768 -149.25513 0.014780282 -0.007874751 0.9998598 2.5656738
-0.0105759 0.9998359 0.014973469 -38.946777 -0.9996193 -0.010954991 0.025481889 -149.99524 0.025633054 -0.014704543 0.9995634 2.5826416
0.0041338205 0.99978226 0.020463172 -38.932617 -0.9994658 0.0034675007 0.03249442 -150.79028 0.032415833 -0.020575931 0.9992625 2.6152344
