1.000000000000000000e+00 -3.306050084167601550e-19 -2.270457535318767223e-19 -8.673617379884035472e-19 7.546676715296109287e-19 1.000000000000000000e+00 6.237773588823049983e-19 1.387778780781445676e-17 -3.447385680526250622e-20 4.770700176052009879e-20 1.000000000000000222e+00 5.551115123125782702e-17
-1.037152742544503459e-01 -1.055912052296629176e-02 9.945256425911537246e-01 -7.158671351733248756e+00 -2.369394125703216253e-02 9.996862620082905826e-01 8.143261319997060696e-03 -7.226906900587322380e-02 -9.942998870888634100e-01 -2.270013662673184621e-02 -1.039330238866525841e-01 1.675587774360592030e+00
-1.255249235375141825e-01 -1.528961238530957521e-02 9.920263304943394145e-01 -4.765978438269860007e+00 -3.341529692200761320e-02 9.993789677989738385e-01 1.117661984100509244e-02 -1.843152008353388105e-04 -9.915810728760178216e-01 -3.175899442143870210e-02 -1.259576858906785723e-01 8.555823973173865227e+00
1.132190962777170941e-02 -1.434952010095054062e-02 9.998346347590505445e-01 -1.625500073502884169e+00 -3.955665169774144618e-02 9.991076448923030817e-01 1.477408282338948942e-02 1.061569793978729415e-01 -9.991543196761965007e-01 -3.972682948257770519e-02 1.074445909457978805e-02 1.490927242689005716e+01
2.113445825572982800e-02 -1.359176213148000599e-02 9.996794590396560487e-01 1.075725209155160567e+00 -4.498548681326577231e-02 9.988819313996083471e-01 1.454094794398281751e-02 3.202295096495844096e-01 -9.987594170410143413e-01 -4.528617652848654362e-02 2.049939079357553096e-02 2.078463139874081733e+01
-9.594763731210545488e-02 -1.365496381853765692e-02 9.952942931857663433e-01 3.865607923286570102e+00 -4.226001681407477034e-02 9.990598535514820799e-01 9.617852857067309136e-03 4.300241781669020824e-01 -9.944900664247094957e-01 -4.114249386057382274e-02 -9.643433833639193653e-02 2.573434459932741447e+01
-5.466495776641810966e-01 -2.288876057594617375e-02 8.374352550859707200e-01 6.398972221139534788e+00 -4.855101476346604383e-02 9.988110872474429414e-01 -4.386737729196225899e-03 6.345075335533792993e-01 -8.363397706632307305e-01 -4.304160187618057826e-02 -5.471111126640113564e-01 2.937523498773860808e+01
-4.829301880189734164e-01 -1.861720733220557922e-02 8.753871567625076677e-01 1.038311767669518737e+01 -4.278890778994789285e-02 9.990815373468794336e-01 -2.365002412868373333e-03 6.416496268968083783e-01 -8.745391697664047781e-01 -3.858838690372896202e-02 -4.832832024315437125e-01 3.131114173722111005e+01
-8.558952730056644809e-01 -3.183894877520927758e-02 5.158352110306815286e-01 1.324837427514733612e+01 -4.607085544312559261e-02 9.988266083195678213e-01 -1.485475672790447475e-02 8.534256855442239331e-01 -5.147567842605121902e-01 -3.652235228884249257e-02 -8.563575080472101142e-01 3.325473312713225482e+01
-7.772092861646130446e-01 -3.015804638807484395e-02 6.289963577263734118e-01 1.638434157104628497e+01 -4.306709889733189439e-02 9.990596718428570444e-01 -5.233468313903645933e-03 8.216651182238865481e-01 -6.282473085206237151e-01 -3.113473072646465514e-02 -7.777776622895722358e-01 3.344480969309957885e+01
-9.916900811158644302e-01 -2.857232124554624775e-02 1.221202786896821435e-01 1.834021996867608095e+01 -3.075243935760609004e-02 9.993929509452126325e-01 -1.632831799718190147e-02 9.595293983406708582e-01 -1.215799200745139724e-01 -1.995145806839547509e-02 -9.919667071668423208e-01 3.392094563813285646e+01
-9.387479055181372489e-01 -2.642992719907988342e-02 3.447758216869072356e-01 2.023075953629103907e+01 -2.997648665060821671e-02 9.995391201735822628e-01 -4.884541905552974676e-03 8.752404052398200518e-01 -3.444878044556722863e-01 -1.491826060620089420e-02 -9.391076170907478593e-01 3.319178698746294032e+01
-9.840202589234644526e-01 -1.906254277734192870e-02 -1.768160461749074264e-01 2.103704352808057010e+01 -1.654602062921008143e-02 9.997398122808293097e-01 -1.570441915435526886e-02 9.689930951996658104e-01 1.770694739620829183e-01 -1.253061922069813316e-02 -9.840795601665998094e-01 3.285070406115641362e+01
-9.843057277565629981e-01 -2.688736999082807708e-02 1.794118520033161912e-01 2.141048037832247530e+01 -2.759539594808561522e-02 9.996182661197868802e-01 -1.468180479850921937e-03 8.761623062968546538e-01 -1.793038718512663665e-01 -6.400083970232192318e-03 -9.846718170421181471e-01 3.226814701055197077e+01
-9.441713360516289510e-01 -1.384259106698294654e-02 -3.288220762226869986e-01 2.079364066722455462e+01 -1.232492095795686624e-02 9.999013150595145172e-01 -6.759686143790973045e-03 9.368474495076052344e-01 3.288832814070354882e-01 -2.334147887790243188e-03 -9.442488488847472494e-01 3.214734933264929140e+01
-9.992089921808240405e-01 -1.285182152095273866e-02 3.834738766156860906e-02 2.106724352817757406e+01 -1.285248619440625996e-02 9.999172035801299208e-01 9.139975047620076338e-04 8.850700649081522098e-01 -3.835603185219872008e-02 4.315261899984572901e-04 -9.992915878069290603e-01 3.186744628365899246e+01
-9.334159015401694015e-01 -4.928547190361671874e-03 -3.599672020875798184e-01 2.045196028447546510e+01 -4.341436816875573861e-03 9.999876722948730645e-01 -2.440201908008736691e-03 9.085802422152954305e-01 3.599747598445969254e-01 -7.087995229593761900e-04 -9.334257231625406881e-01 3.191823959265356692e+01
-9.963531260643631038e-01 -3.194772971439768707e-03 -8.581201155097134547e-02 2.100944613817741313e+01 -3.444897143619942911e-03 9.999900943915458473e-01 2.814084097569532431e-03 8.772695672879388118e-01 8.580219545278437721e-02 3.097213970652047590e-03 -9.963542344099464154e-01 3.133615912310549234e+01
-9.244605894523861833e-01 1.409036654736667076e-04 -3.798943607160626401e-01 2.043322606802967201e+01 2.170681831203252212e-04 9.999999089482495274e-01 -1.610312579368074215e-04 8.930607166867403635e-01 3.798943351138646118e-01 -2.256702682494972400e-04 -9.244605588719315703e-01 3.153377579650168627e+01
-9.544467912062830628e-01 -2.481019575118430850e-03 -3.009403673154322223e-01 2.078743849417200806e+01 -3.914004213720112361e-03 9.999836725328073994e-01 4.172697508947081912e-03 9.038861542480874922e-01 3.009251398128768296e-01 5.157625485419698244e-03 -9.544408377397934906e-01 3.181303107656001927e+01
-8.874870648563488729e-01 4.880970615714013512e-04 -4.598524904734438978e-01 2.014073250191021458e+01 -1.966610145862521426e-03 9.999863411578878702e-01 4.839111519223985962e-03 8.982555456313813247e-01 4.598486809259073604e-01 5.198177492775932912e-03 -8.874738608810066598e-01 3.121903844623894031e+01
-9.163711394620792650e-01 -4.822987547607045472e-04 -4.013679559483078196e-01 2.037805057866793845e+01 -3.126993795158117956e-03 9.999774626335765637e-01 5.943486085650241668e-03 9.070796890859564865e-01 4.013560407925104156e-01 6.700838695596713669e-03 -9.163520540484199062e-01 3.119662165609618754e+01
-8.411520745924151443e-01 3.016555667865325734e-03 -5.406745635678670281e-01 1.955393936740083660e+01 -1.297683349748245986e-03 9.999703291765325019e-01 7.598530168787178719e-03 8.847395273236327018e-01 5.406814162738543539e-01 7.093311618394975565e-03 -8.411231137454943108e-01 3.043042578265050224e+01
-8.290254078418641814e-01 2.285317824282249912e-03 -5.590641859657106139e-01 1.959496741859678437e+01 -1.335559967886661495e-03 9.999806643212257873e-01 6.078407275401751832e-03 8.963353253875189219e-01 5.590673207696587044e-01 5.783947278567349096e-03 -8.290063300305396954e-01 3.026067654854968225e+01
-8.048748875738664932e-01 2.965345436078885549e-03 -5.938435024396716555e-01 1.903929782654153158e+01 4.078184211475986243e-04 9.999900738864625493e-01 4.438716029528123538e-03 8.869596749186082763e-01 5.938508307771684924e-01 3.331176998742700884e-03 -8.048682585744062479e-01 2.989728694300060141e+01
-7.816261665091509547e-01 3.825168537101236634e-03 -6.238675650459901689e-01 1.890885404741014142e+01 2.914182007317364567e-03 9.999926414277519049e-01 2.489960801114127556e-03 8.884686750678134626e-01 6.238725286223736344e-01 1.252472184699126949e-04 -7.816315005342931999e-01 2.949812075813342815e+01
-7.644097931966072901e-01 4.360829095940465736e-03 -6.447730539874160227e-01 1.835889725570381970e+01 6.713021164955149805e-03 9.999767192794510873e-01 -1.194348871126942090e-03 8.815781687263917199e-01 6.447528733892582409e-01 -5.250400657272878170e-03 -7.644213558046762946e-01 2.913289127664691947e+01
-7.458264180715779013e-01 4.289143972277555811e-03 -6.658315254843497621e-01 1.806211249064786983e+01 8.854964836417799495e-03 9.999547397226385970e-01 -3.480056985811239532e-03 8.812251354941574855e-01 6.657865310623246602e-01 -8.486840887629604202e-03 -7.458306398425893491e-01 2.868419384855097931e+01
-7.317816255459480557e-01 4.842543540431234854e-03 -6.814001849371471575e-01 1.756137741856906231e+01 1.064280641450096598e-02 9.999340366216437070e-01 -4.327343963145140020e-03 8.778199430972977169e-01 6.813342631619664358e-01 -1.041655124224721493e-02 -7.317849946938596029e-01 2.828064092463431578e+01
-7.215552463801317984e-01 5.996106708476974315e-03 -6.923726354633163993e-01 1.717022213720609614e+01 1.222628871337032644e-02 9.999169122289734979e-01 -4.086403102734285225e-03 8.799955489504759365e-01 6.922907041553821861e-01 -1.141189781400122651e-02 -7.215683933535719241e-01 2.784093315199437768e+01
-7.123313531565979018e-01 7.843218648864344958e-03 -7.015267404180409727e-01 1.668464488323898109e+01 1.373018454504737126e-02 9.999019204382227910e-01 -2.757325263637037255e-03 8.659570737786490557e-01 7.014362786393298910e-01 -1.161238373612490625e-02 -7.123689962939236953e-01 2.738319476645933293e+01
-7.049521557274830430e-01 8.079120841277981704e-03 -7.092844023090192351e-01 1.620763889794030632e+01 1.266719948726373335e-02 9.999189930600891341e-01 -1.195088832439768559e-03 8.652285621242266078e-01 7.092173288419436616e-01 -9.835410196666677027e-03 -7.049973811367750143e-01 2.688712086540356339e+01
-6.974916544613315450e-01 9.202388943907699112e-03 -7.170656299829409885e-01 1.568290989488994569e+01 1.275113752802837022e-02 9.999185820100279232e-01 4.432435627669159247e-04 8.590351395158254411e-01 7.170114970354704020e-01 -8.833933198860735581e-03 -6.975523166478174719e-01 2.639394210534564778e+01
-6.889982863442828398e-01 9.834234396388199032e-03 -7.251286723374475995e-01 1.515627550719803018e+01 1.197624880732623548e-02 9.999258766713219337e-01 2.190097460314995113e-03 8.553207246185413615e-01 7.250966005227060807e-01 -7.170296260920149684e-03 -6.890651192233711031e-01 2.588383956151445986e+01
-6.826304800539465534e-01 1.118327891301330868e-02 -7.306704842385542964e-01 1.458819603567173928e+01 1.195932956779190842e-02 9.999199408663100863e-01 4.128822415657385989e-03 8.459879174069462326e-01 7.306581281918818060e-01 -5.920670148779168945e-03 -6.827096234901285365e-01 2.539850244688761549e+01
-6.728830722352805438e-01 1.225481801089743292e-02 -7.398816260365027597e-01 1.402209319540303945e+01 1.132927407264700849e-02 9.999161650463278539e-01 6.262863589135970500e-03 8.463680371983042239e-01 7.398964888873169610e-01 -4.170603527261689328e-03 -6.729655168794981268e-01 2.487181642515947289e+01
-6.662656114254291717e-01 1.370215911446698819e-02 -7.460937373033497133e-01 1.344085300295427921e+01 1.195749620325816005e-02 9.998989215681428622e-01 7.692346824437657112e-03 8.262722591138558226e-01 7.461238298797442381e-01 -3.797530073594264279e-03 -6.663620536958753116e-01 2.434221781727147871e+01
-6.576438263274464457e-01 1.519075451036666635e-02 -7.531169264847076272e-01 1.283991478755116056e+01 1.098082214591355674e-02 9.998836809324896935e-01 1.057757168813269581e-02 8.321146358763323869e-01 7.531900931715181935e-01 -1.313787487428164742e-03 -6.577341535399797712e-01 2.380833400786073639e+01
-6.486231345868073150e-01 1.688053594706993149e-02 -7.610101374294054866e-01 1.222575532904289908e+01 8.981528020382958249e-03 9.998542056909646147e-01 1.452351650064538993e-02 8.384991645002651817e-01 7.611444343554393255e-01 2.585207838593552195e-03 -6.486801234379890868e-01 2.327968281594512234e+01
-6.387048784113255051e-01 1.948411973785659987e-02 -7.693581131956727104e-01 1.158129044954028686e+01 8.416054281467390263e-03 9.997965147783964834e-01 1.833498251736708634e-02 8.377079212410970532e-01 7.695588807469747605e-01 5.233811263906817078e-03 -6.387389528229120428e-01 2.275955902233519623e+01
-6.287059388333898768e-01 2.160658270449289375e-02 -7.773153736603116704e-01 1.094785922696594049e+01 8.574500286302813579e-03 9.997457874793062027e-01 2.085134206845491028e-02 8.318429190491801739e-01 7.775684134158916683e-01 6.445990576660152321e-03 -6.287312916123776185e-01 2.224556604269124094e+01
-6.172311545653639264e-01 2.224110315436847105e-02 -7.866272309914467131e-01 1.030816015481241266e+01 8.574317618036172289e-03 9.997311977183052090e-01 2.154151000655502024e-02 8.330920607599000549e-01 7.868949603030698237e-01 6.550514506057539092e-03 -6.172561552516351302e-01 2.175302423233104321e+01
-6.066189408073330291e-01 2.166364055545164091e-02 -7.953109895024651488e-01 9.641971210683355054e+00 8.320188592109730233e-03 9.997471104843289602e-01 2.089729721343893190e-02 8.300904043543549937e-01 7.955625393610773477e-01 6.049732221894754680e-03 -6.066458355400331515e-01 2.124005192323329538e+01
-5.908979073162887730e-01 2.095679910916967148e-02 -8.062794914631329357e-01 8.959074752587161683e+00 8.189744908735738238e-03 9.997668347855190873e-01 1.997887366104289172e-02 8.337611820741084312e-01 8.065102755375400667e-01 5.205425690334176611e-03 -5.909316725635294087e-01 2.074099148030577666e+01
-5.745379272263038128e-01 1.885796559171773121e-02 -8.177960763017229073e-01 8.285233999784622938e+00 6.315331838571303959e-03 9.998068157969524083e-01 1.861127752017353171e-02 8.318841944110996200e-01 8.179891650032713457e-01 5.535306249765675410e-03 -5.745460392015994122e-01 2.025248054831899935e+01
-5.538599291530253987e-01 1.715824366998014439e-02 -8.322031826696136836e-01 7.591640090989161926e+00 3.809036407002626932e-03 9.998293434507625754e-01 1.807642710092825095e-02 8.327860762586554166e-01 8.323715529326323193e-01 6.843964819661105606e-03 -5.538307543436660207e-01 1.979783202353373284e+01
-5.281292202039232775e-01 1.541567563072756934e-02 -8.491719546797206197e-01 6.878304878030382596e+00 6.614897082070442464e-04 9.998424160441529152e-01 1.774004837152403161e-02 8.359668417116208339e-01 8.493117013606016341e-01 8.805906936566390911e-03 -5.280562744535107766e-01 1.934662168861940756e+01
-4.980878849381198958e-01 1.507412681037716314e-02 -8.671590740904849826e-01 6.123561430384436122e+00 -4.072975770479352465e-04 9.998447614351596568e-01 1.761527699173512373e-02 8.373490884701219050e-01 8.672901240747784568e-01 9.123679717872833217e-03 -4.980044958875275429e-01 1.891738801125475788e+01
-4.690508611666294736e-01 1.422385156892551350e-02 -8.827646636118863244e-01 5.369936913395074285e+00 -2.862318885544410350e-04 9.998676850965054763e-01 1.626376669628328345e-02 8.322023490388378297e-01 8.828793480466680110e-01 7.885597320557874781e-03 -4.689848131838736944e-01 1.852829533702747256e+01
-4.386512102026002280e-01 1.390132774398136761e-02 -8.984425148704667796e-01 4.580689494289196695e+00 7.320541440331330713e-04 9.998855311740034724e-01 1.511379247921426465e-02 8.284791905426095449e-01 8.985498121387017756e-01 5.973723472268647160e-03 -4.386111753911115518e-01 1.814467544567305168e+01
-4.104970237740959149e-01 1.161651769321557157e-02 -9.116021210808386011e-01 3.800933760742678302e+00 -1.120705662777544270e-03 9.999116380676248417e-01 1.324656438472192679e-02 8.221652575451381395e-01 9.116755761082011578e-01 6.461670288813627615e-03 -4.104477642511857316e-01 1.780882340522102680e+01
-3.807153593761780086e-01 8.850659670251542072e-03 -9.244999608256542212e-01 3.003683650240155156e+00 -1.262534739570080793e-03 9.999482788365163799e-01 1.009378059152489515e-02 8.205177237139839042e-01 9.245415774600208580e-01 5.009902144065082018e-03 -3.806845810470998459e-01 1.748251795623257721e+01
-3.483536329084432892e-01 7.117481927118702277e-03 -9.372066451914490282e-01 2.177877665334897017e+00 3.478220934290204413e-03 9.999740173315488923e-01 6.301452358839033062e-03 8.087956905141646669e-01 9.372273297897626421e-01 -1.065394333982385908e-03 -3.483693861645148493e-01 1.719152027134200722e+01
-3.184648352047724784e-01 4.140391015778869740e-03 -9.479132575983750808e-01 1.366626257913156950e+00 1.007968714656931608e-02 9.999487198374611419e-01 9.858364010245589636e-04 7.983066024037589470e-01 9.478686841553801701e-01 -9.247334098566201491e-03 -3.184902866483745321e-01 1.693437266118065310e+01
-2.902066099341804040e-01 2.242002102124203942e-03 -9.570595776362960105e-01 5.244063231269191494e-01 1.747168046125957205e-02 9.998430722609855659e-01 -2.949055177595740103e-03 7.705448614830788800e-01 9.569028808599647773e-01 -1.757386005583283853e-02 -2.902002161701126570e-01 1.670164951635624817e+01
-2.625301646265520428e-01 8.737208797164172357e-06 -9.649436369568439309e-01 -3.013860349714536091e-01 2.440649355885950861e-02 9.996799758217770338e-01 -6.631378241726113357e-03 7.534401286338678894e-01 9.646348398746437125e-01 -2.530320263526425473e-02 -2.624462012518350984e-01 1.649293167358377943e+01
-2.344917324985959506e-01 -1.708836645355535540e-03 -9.720640111726467358e-01 -1.140645449726334526e+00 3.384363202065848730e-02 9.993774507565083010e-01 -9.931198710026655982e-03 7.318703104596322451e-01 9.714760351629238011e-01 -3.523797601603217283e-02 -2.342876142578207144e-01 1.631318092266170083e+01
-2.062262225406920058e-01 -8.293226468002396282e-03 -9.784140245263407420e-01 -1.979512520220841676e+00 4.098035559559130847e-02 9.990128777632687473e-01 -1.711345722588702642e-02 7.002623959019762534e-01 9.775905556429053123e-01 -4.363927718546810330e-02 -2.056823793999371930e-01 1.616085504618616397e+01
-1.823443978874806082e-01 -2.130521656164851424e-02 -9.830842430328351478e-01 -2.823753797386518549e+00 4.691832538092365057e-02 9.984388176531551196e-01 -3.034324727111534573e-02 6.604744573760769066e-01 9.821955421540926601e-01 -5.162411937962801955e-02 -1.810609761955374042e-01 1.601937932531613029e+01
-1.573568452059661282e-01 -3.882420812295168944e-02 -9.869183231010464352e-01 -3.654199475206597825e+00 4.902375010012237355e-02 9.976905180723243394e-01 -4.705342439656258480e-02 6.142591987732142211e-01 9.864646379355941352e-01 -5.574137931757344733e-02 -1.550922716708320048e-01 1.589669438234049181e+01
-1.286285761014625550e-01 -5.502606306221190235e-02 -9.901379079135165240e-01 -4.484598975706599155e+00 4.927286544815333291e-02 9.968703937090346301e-01 -6.178442125197653595e-02 5.675222222547146034e-01 9.904410612631655564e-01 -5.677534281169376723e-02 -1.255136811277174358e-01 1.578654053295541893e+01
-1.044616777668073426e-01 -6.492746152980648222e-02 -9.924317423001974836e-01 -5.329166377244120234e+00 5.387682106017415568e-02 9.960358808875753311e-01 -7.078882998013438788e-02 4.998279484250822691e-01 9.930928234246538810e-01 -6.084977945226133222e-02 -1.005529231300948123e-01 1.572131490387268649e+01
-7.642088552837632276e-02 -6.830540209363072934e-02 -9.947318577976820286e-01 -6.177257453283836242e+00 5.832013204694461161e-02 9.956358186979403779e-01 -7.289146984131139595e-02 4.211766714017298741e-01 9.953674494201361078e-01 -6.354623065692810435e-02 -7.210316414900656834e-02 1.566031209387430501e+01
-5.406181666119431323e-02 -6.710341689061112558e-02 -9.962982486211053867e-01 -7.034214665701968627e+00 6.202741247569889399e-02 9.955902535447924695e-01 -7.041026303104509776e-02 3.471660208572797668e-01 9.966271243267201818e-01 -6.556552336224864830e-02 -4.966417808762137176e-02 1.562237402856409929e+01
-3.080702887277301377e-02 -6.132050161053054227e-02 -9.976342495788061981e-01 -7.885490609138298801e+00 6.639250240912576706e-02 9.957861266523567734e-01 -6.324053644269692076e-02 2.796167118819865571e-01 9.973096191107473363e-01 -6.820793305810625429e-02 -2.660556377072309173e-02 1.559818592233549417e+01
-1.014945094999633417e-02 -5.596686798471071228e-02 -9.983867575636881098e-01 -8.726293564826603344e+00 7.422622762839459210e-02 9.956365563957016995e-01 -5.655954383826346243e-02 2.118621537188714599e-01 9.971957212497334355e-01 -7.467686688829747177e-02 -5.951686883114170636e-03 1.560283693108208602e+01
2.703826431025163363e-03 -5.524780866155924036e-02 -9.984673940934937209e-01 -9.569248196835861364e+00 7.831578191933027955e-02 9.954189912942010832e-01 -5.485853851252958657e-02 1.393119447314105641e-01 9.969237347348759437e-01 -7.803554426529586696e-02 7.016854705006087684e-03 1.561647744916323788e+01
1.658394079586550385e-02 -5.763389575252730185e-02 -9.982047704021232981e-01 -1.040117338688953375e+01 8.156482387985916627e-02 9.950838218736328677e-01 -5.614973911360020276e-02 7.371272940585435474e-02 9.965341625110993862e-01 -8.049519035052984939e-02 2.120741571230240832e-02 1.565007344747335871e+01
2.839597258713992198e-02 -5.932738641452738049e-02 -9.978390695526071497e-01 -1.120543548856646332e+01 8.323774385010003496e-02 9.949097225478031881e-01 -5.678224550946792126e-02 5.389685950022260474e-03 9.961295098089629763e-01 -8.145831466470589144e-02 3.319050222283075752e-02 1.567050050541028305e+01
3.998381613974359705e-02 -6.359714614704335689e-02 -9.971700926949638166e-01 -1.202556238197852778e+01 7.743062949069157153e-02 9.951681406284902387e-01 -6.036056521267772756e-02 -5.101321916966378850e-02 9.961913276449114729e-01 -7.480848138293716421e-02 4.471546581248526248e-02 1.569700509786158449e+01
5.353625799929936924e-02 -6.226560957124823575e-02 -9.966473583496544553e-01 -1.282814070814433371e+01 7.623970335648100338e-02 9.953939181407106540e-01 -5.809916679924363725e-02 -1.068906629714548584e-01 9.956756722238879753e-01 -7.289136758666139859e-02 5.803857317453670756e-02 1.573696668326677006e+01
6.439182814785250619e-02 -6.288684728484029984e-02 -9.959473722077281099e-01 -1.366043550284480013e+01 7.938069419991346243e-02 9.951727495213159580e-01 -5.771618524850771065e-02 -1.679552886132290590e-01 9.947687135970036953e-01 -7.533040508733340745e-02 6.907278087708865200e-02 1.579846337399732192e+01
7.075851013561544611e-02 -6.421292892864452484e-02 -9.954180290882963522e-01 -1.446362772760548410e+01 8.224822764676778530e-02 9.949056997992976603e-01 -5.833656366472090432e-02 -2.368155637184299889e-01 9.940907190881221878e-01 -7.770583859541373151e-02 7.567669400290363835e-02 1.586129978596343193e+01
7.488317549352178915e-02 -6.753156881862766581e-02 -9.948601218305100913e-01 -1.529749755219257779e+01 8.387324352366405666e-02 9.945970589993804456e-01 -6.119755744027213784e-02 -2.909783578801213855e-01 9.936160622373381157e-01 -7.884263575482534925e-02 8.014099885117598188e-02 1.593124749106701543e+01
7.547338333500686058e-02 -6.982321659965198823e-02 -9.947242950816506113e-01 -1.615595989678843836e+01 8.337941713141544531e-02 9.944906423752165603e-01 -6.351782072887313113e-02 -3.590963371776657587e-01 9.936795409382254141e-01 -7.815059744426333666e-02 8.088267913043675761e-02 1.598969728830191883e+01
7.082920978039264348e-02 -6.950481968399739585e-02 -9.950731919035553652e-01 -1.702354984925161574e+01 8.566297770747108298e-02 9.943050682547340813e-01 -6.336572650916973137e-02 -4.217195732491429983e-01 9.938121345243272620e-01 -8.077518758100959984e-02 7.638269802335648229e-02 1.605397928912947592e+01
6.325187739493969008e-02 -6.809341413966570056e-02 -9.956777950359823048e-01 -1.791159305627250831e+01 8.390323072831014362e-02 9.945027510073176646e-01 -6.264118692271315736e-02 -4.928102309270314119e-01 9.944706158835849852e-01 -7.958709834707404507e-02 6.861497457597229288e-02 1.610515069312939218e+01
5.542470684945170062e-02 -6.804543654888356441e-02 -9.961141827306034813e-01 -1.881010092453995597e+01 8.161234280416036768e-02 9.946464987164221894e-01 -6.342158357609248287e-02 -5.563415102089515063e-01 9.950945924518411756e-01 -7.775112076132273398e-02 6.068031155114970987e-02 1.614865604799166832e+01
4.678176307205890450e-02 -6.849595056462916276e-02 -9.965714977473939529e-01 -1.972731336439543171e+01 7.963253898961583643e-02 9.947246955002196911e-01 -6.466236372810339750e-02 -6.169657877969720872e-01 9.957433628486095367e-01 -7.633253982959210815e-02 5.199165592419102699e-02 1.619430572544155922e+01
4.082991543697122444e-02 -6.771376777292004157e-02 -9.968771400513933845e-01 -2.065322839127412280e+01 7.706769823906726991e-02 9.949428965447316697e-01 -6.444247196810118372e-02 -6.917345628783817535e-01 9.961978001723562626e-01 -7.416937600707584899e-02 4.584120550486946860e-02 1.621279077747232833e+01
3.494223949211195529e-02 -6.745308329517950285e-02 -9.971121653325256684e-01 -2.159978940916683143e+01 7.296374047071642333e-02 9.952292942935422326e-01 -6.477808549781763348e-02 -7.646354001633332009e-01 9.967242727616656417e-01 -7.048072872642854869e-02 3.969715002934831594e-02 1.624113108475531320e+01
3.326253445801612141e-02 -6.649608322658678849e-02 -9.972497042189872873e-01 -2.257011911084315159e+01 6.751086461938750338e-02 9.956511175113275103e-01 -6.415143297265742117e-02 -8.333949964537668009e-01 9.971816605308720938e-01 -6.523336383666952787e-02 3.761091697582594207e-02 1.625798136967433294e+01
3.387345220857292116e-02 -6.573726692346305855e-02 -9.972575027532104563e-01 -2.356355521175784062e+01 6.458694029408734716e-02 9.958934744549780005e-01 -6.345809103929493655e-02 -9.114654327610730578e-01 9.973328553142774000e-01 -6.224406495245418669e-02 3.797931025680589823e-02 1.627489256356916414e+01
3.460534094753096868e-02 -6.463556197515069046e-02 -9.973104953427587294e-01 -2.456013947851168666e+01 6.347074811106205583e-02 9.960332288573113813e-01 -6.234814126008322854e-02 -9.839792416284816046e-01 9.973854295587798457e-01 -6.115822690420640029e-02 3.857142308074736070e-02 1.630751500946011490e+01
3.465273086517878243e-02 -6.395076358313789289e-02 -9.973551300814671450e-01 -2.556300680653657409e+01 6.352237985448641600e-02 9.960712923124309670e-01 -6.167728598761374609e-02 -1.063328126905628057e+00 9.973826618853068871e-01 -6.124071287305632438e-02 3.858145634891012310e-02 1.632454296197733257e+01
3.355901479269541438e-02 -6.362746185071495308e-02 -9.974027489929683243e-01 -2.660851959085471563e+01 6.283061889049548765e-02 9.961307032097892478e-01 -6.142647375084224481e-02 -1.137889049193559599e+00 9.974533107632663764e-01 -6.062865309777012296e-02 3.742803264219924514e-02 1.636792043511000116e+01
3.362007739992218386e-02 -6.291934959879930123e-02 -9.974602542277989370e-01 -2.764718496761620514e+01 6.270779440088819490e-02 9.961820155776377472e-01 -6.076269437146814695e-02 -1.218836930750878622e+00 9.974736870967334523e-01 -6.048286914004383924e-02 3.743814893742773708e-02 1.639318939560134325e+01
3.481720727738350785e-02 -6.237024749918044370e-02 -9.974603333343247114e-01 -2.868447722586228466e+01 6.275752167435688644e-02 9.962144321710685313e-01 -6.013359213226085465e-02 -1.297967315898694185e+00 9.974361437269719799e-01 -6.052162612688755799e-02 3.860274968380938976e-02 1.641737964136860484e+01
3.265916497392469531e-02 -6.160500257064283058e-02 -9.975567569591410333e-01 -2.974926312651051319e+01 6.099982045962526467e-02 9.963617720656172683e-01 -5.951215525810857332e-02 -1.375443042150181983e+00 9.975939628857632968e-01 -5.891248700730562782e-02 3.629723389537369699e-02 1.644488708426548484e+01
3.391074706357808527e-02 -6.072938276295421905e-02 -9.975869801284645844e-01 -3.077374382364509131e+01 6.051443933068580139e-02 9.964450523053548503e-01 -5.859427206967018908e-02 -1.458680913207444974e+00 9.976002970828300453e-01 -5.839766928318522454e-02 3.746570704190432810e-02 1.646166951173198711e+01
3.226698256803731818e-02 -6.032749761947688028e-02 -9.976567136103401401e-01 -3.183416732495281209e+01 5.931496730284820107e-02 9.965326446348948819e-01 -5.834438075588958134e-02 -1.537325198938338522e+00 9.977175642506225239e-01 -5.729735857319682990e-02 3.573384485822501955e-02 1.649409324884193140e+01
3.115257990212847231e-02 -5.989571899697813256e-02 -9.977097891214927738e-01 -3.288128181277664197e+01 5.909135955136929352e-02 9.965690125629803608e-01 -5.797826660906894164e-02 -1.617364560998755918e+00 9.977576953566519302e-01 -5.712330387736717918e-02 3.458314830654255628e-02 1.652433877853052024e+01
2.867358678470877109e-02 -5.704053030847502925e-02 -9.979612368888584051e-01 -3.392768129448806746e+01 5.907581553254496326e-02 9.967197115581339917e-01 -5.528434486000437242e-02 -1.698640091380746453e+00 9.978427743042072029e-01 -5.739808885571340280e-02 3.195161886511369703e-02 1.654525575454179176e+01
2.320807149986691895e-02 -5.479603604038846276e-02 -9.982196611354032800e-01 -3.498541707103805720e+01 6.014100061718468532e-02 9.967661642218148543e-01 -5.328464752614590211e-02 -1.768280876464951801e+00 9.979120510267113220e-01 -5.880752715030460737e-02 2.642720537557783148e-02 1.657482294545262747e+01
2.174877687043773322e-02 -5.437927890633161010e-02 -9.982914110562796095e-01 -3.601597892364470255e+01 5.973646778017463466e-02 9.968050520628154443e-01 -5.300369774681578522e-02 -1.856806539797083877e+00 9.979850702050165889e-01 -5.849541369809560520e-02 2.492894966064479467e-02 1.658967949399231756e+01
1.881779087835783876e-02 -5.393778085546913764e-02 -9.983596240499408303e-01 -3.706157029549103754e+01 6.104570876678802605e-02 9.967444645642010714e-01 -5.267605819807165413e-02 -1.929147078556556982e+00 9.979503344318961799e-01 -5.994664566275331036e-02 2.204738134104105435e-02 1.661415307223067472e+01
1.732419825639310018e-02 -5.441886350141096618e-02 -9.983702883400292771e-01 -3.809101410518337616e+01 6.022772145804688310e-02 9.967608230825324434e-01 -5.328205499960420727e-02 -2.010873273192760546e+00 9.980367337229120173e-01 -5.921755170952728436e-02 2.054605213595865273e-02 1.662469279959968205e+01
1.835928033430335796e-02 -5.624710493011233353e-02 -9.982571122535143227e-01 -3.911419147943522034e+01 6.005980211492367021e-02 9.966745079323757750e-01 -5.506386694424793282e-02 -2.082898036281961129e+00 9.980348469576654225e-01 -5.894794039773153249e-02 2.167724702964194880e-02 1.663346921803531941e+01
2.035443289284852991e-02 -5.878304807641043794e-02 -9.980681011217900078e-01 -4.014128009920583651e+01 5.835030015034664563e-02 9.966378023049367041e-01 -5.751855938616686620e-02 -2.165928087639555244e+00 9.980936154075202849e-01 -5.706619902434879182e-02 2.371654322826601685e-02 1.665272250865245596e+01
2.472331053792283656e-02 -6.005706575321318602e-02 -9.978884190368232376e-01 -4.117219072121501711e+01 5.737238691198821849e-02 9.966349832643410789e-01 -5.854320954032143226e-02 -2.247315002328544864e+00 9.980463697039722026e-01 -5.580218024726362608e-02 2.808465310859438804e-02 1.668699056305352002e+01
3.243742505941915599e-02 -5.916465837278424289e-02 -9.977277402839506149e-01 -4.218693386942351253e+01 5.773444792707926182e-02 9.966889501360700621e-01 -5.725972329702713748e-02 -2.314424752302750132e+00 9.978115850992238522e-01 -5.573909669206291578e-02 3.574737978269084543e-02 1.671091231943832511e+01
3.707860528989870286e-02 -5.415116502151062078e-02 -9.978514187489730958e-01 -4.320844184229827079e+01 6.031841472236953300e-02 9.968299518455177033e-01 -5.186777772317704288e-02 -2.406449654202166943e+00 9.974976139395519414e-01 -5.827682510307576752e-02 4.022882507388471363e-02 1.675109750441603751e+01
4.382129912373953357e-02 -5.329471333015942808e-02 -9.976211475168079712e-01 -4.421088869426458245e+01 5.786707554415743832e-02 9.970340583137611290e-01 -5.072646204847754137e-02 -2.477199180054916017e+00 9.973664087039929571e-01 -5.551739130538055345e-02 4.677628165565996671e-02 1.678607537312951337e+01
4.864851747421070072e-02 -5.527081444211486005e-02 -9.972867546072786693e-01 -4.521148070998188473e+01 5.922438412067296959e-02 9.968698826383011191e-01 -5.235519319779805697e-02 -2.552235477027323451e+00 9.970597176062488964e-01 -5.653326511596280107e-02 5.177043568122192962e-02 1.682646437436271469e+01
5.326960604440528213e-02 -5.788333994035445990e-02 -9.968698698850861906e-01 -4.620745996433313962e+01 6.011462007699736737e-02 9.966948026060281629e-01 -5.466148003492395102e-02 -2.624947999819977174e+00 9.967378211566297885e-01 -5.699943013586698803e-02 5.657227404471697196e-02 1.688150333076928789e+01
6.069167314513975592e-02 -5.874322477480590360e-02 -9.964246037004862444e-01 -4.719558418933000610e+01 5.843973903286818483e-02 9.967635005993320529e-01 -5.519345000196677897e-02 -2.697433438640738146e+00 9.964426779477335572e-01 -5.488862148071682601e-02 6.392801268526730751e-02 1.692880713656190039e+01
6.397705462167764534e-02 -5.976134414240557441e-02 -9.961743394642329497e-01 -4.819422717556214764e+01 5.769808159747567139e-02 9.967561036378635997e-01 -5.609577380135575414e-02 -2.773207387153163062e+00 9.962962086341574652e-01 -5.389945596478880330e-02 6.721862766250928656e-02 1.698598454503456168e+01
6.853550432320207331e-02 -5.896719451771514214e-02 -9.959203676519500226e-01 -4.917141827973364343e+01 5.751647621219374562e-02 9.968243470536353179e-01 -5.504994202662815556e-02 -2.852821260097810008e+00 9.960053475523943378e-01 -5.352784822668386205e-02 7.170989547508378747e-02 1.705195044000237203e+01
7.175684100053712766e-02 -5.016824673493423814e-02 -9.961684986788131857e-01 -5.016398035001493128e+01 5.976785052210032562e-02 9.971542249468675623e-01 -4.591757819496610632e-02 -2.917298628723729248e+00 9.956386574908185905e-01 -5.626733947501041250e-02 7.455277662337712885e-02 1.712512297206796319e+01
7.225517998781814943e-02 -3.975100430276819891e-02 -9.965825459941537456e-01 -5.115702209019779190e+01 5.943745238112996265e-02 9.976002419294897061e-01 -3.548930265943481960e-02 -2.983624079991480826e+00 9.956022266223019113e-01 -5.668224487471251738e-02 7.444550828469945203e-02 1.721040631247924679e+01
7.579201101677948693e-02 -3.612441513331393628e-02 -9.964788217027167327e-01 -5.212651072717408596e+01 5.987251466787627679e-02 9.977051793687744530e-01 -3.164069090662908340e-02 -3.034992303278908565e+00 9.953344096951464159e-01 -5.723916654590462116e-02 7.778093287399054367e-02 1.727293523809697007e+01
7.599289396754185799e-02 -4.260487327461038448e-02 -9.961864236071098500e-01 -5.309949394369841968e+01 5.975949974295694661e-02 9.974863322763144469e-01 -3.809177537565611171e-02 -3.098628534006863333e+00 9.953049150297511583e-01 -5.662628033742170969e-02 7.834682761394716477e-02 1.735873434563676909e+01
7.676387068614165532e-02 -4.838990615908849574e-02 -9.958647050961141334e-01 -5.405868172641642388e+01 6.047167385374149079e-02 9.972093772018352231e-01 -4.379620024612265738e-02 -3.155152322539233278e+00 9.952043734310401790e-01 -5.684535380867708487e-02 7.947520714770966999e-02 1.744228847169864594e+01
7.809409277604549560e-02 -5.012023047442896312e-02 -9.956744713676507486e-01 -5.501912521150500623e+01 6.664207993606603708e-02 9.967644463921702114e-01 -4.496485025973609440e-02 -3.216469461824108311e+00 9.947054797061930520e-01 -6.281878147280976765e-02 8.118098938050186120e-02 1.752349229229931282e+01
7.704179010015721474e-02 -4.865150275926857087e-02 -9.958681680896780408e-01 -5.599758334224596723e+01 6.946391773286371418e-02 9.966428456123758162e-01 -4.332172003345004935e-02 -3.280762759004969720e+00 9.946331236909128348e-01 -6.584486213174964298e-02 8.016346101579202577e-02 1.761017149240967328e+01
7.607699479058137315e-02 -4.565201769341347554e-02 -9.960686665785778438e-01 -5.696320363947516086e+01 6.945274034584243694e-02 9.967670717330124885e-01 -4.039557422760310657e-02 -3.343069606553108919e+00 9.946925519983338404e-01 -6.610103704316254436e-02 7.900228271575561456e-02 1.768641993869264084e+01
7.635875928145448299e-02 -4.030200058011985248e-02 -9.962582934961838887e-01 -5.792752202363381286e+01 6.750561214022664236e-02 9.970992347502399822e-01 -3.516658243993631139e-02 -3.389635111248251675e+00 9.947854136969053185e-01 -6.456085592922045091e-02 7.885773433468061533e-02 1.775054338641354690e+01
7.353923718588449565e-02 -3.383948422353032920e-02 -9.967120115516917567e-01 -5.889905124178127949e+01 6.490515541847695358e-02 9.974666425562245253e-01 -2.908492667520504865e-02 -3.445732857830757556e+00 9.951718013534706087e-01 -6.256673252077254999e-02 7.555043061355443124e-02 1.783029222646291245e+01
7.442651876808473177e-02 -3.199259460538252803e-02 -9.966928783166204564e-01 -5.984596295855629222e+01 5.608355302203141268e-02 9.980372158247049486e-01 -2.784907552275647791e-02 -3.496351758187194569e+00 9.956277110736458935e-01 -5.383400595802029232e-02 7.607514545739273160e-02 1.787626251357486140e+01
7.193546676593534639e-02 -2.993546146315169409e-02 -9.969296214205910500e-01 -6.080849982159815426e+01 4.723702703255391877e-02 9.985309643882549491e-01 -2.656119700458023022e-02 -3.534552255832748902e+00 9.962600628066368147e-01 -4.517275123561310946e-02 7.324298255306616046e-02 1.792848314767785922e+01
6.976113663714726687e-02 -2.804042860157958741e-02 -9.971522370292645876e-01 -6.176755539925301264e+01 5.028737520595773225e-02 9.984320644303112946e-01 -2.456747315393114847e-02 -3.590465141651137060e+00 9.962780348719126877e-01 -4.844070952232142763e-02 7.106262063740598212e-02 1.799702353538556920e+01
6.620987853198033457e-02 -2.926824779922980804e-02 -9.973639068318133072e-01 -6.271647387487468706e+01 5.476890833912788359e-02 9.981696680065982319e-01 -2.564962682256302293e-02 -3.635937583599263334e+00 9.962891999287852851e-01 -5.292495804885254118e-02 6.769135992170667582e-02 1.805259698791470413e+01
5.934230639891972803e-02 -3.231132994007737680e-02 -9.977051436187323041e-01 -6.367508253925510076e+01 5.646420018100568178e-02 9.979845622138853178e-01 -2.896187423674818212e-02 -3.677021687374100178e+00 9.966300946578192654e-01 -5.461193975891186214e-02 6.104694263215970640e-02 1.811694349180933727e+01
4.930623979657803441e-02 -3.144476585872659630e-02 -9.982916415482936401e-01 -6.462595306783147464e+01 6.085888685589804781e-02 9.977411401959116466e-01 -2.842076725141426397e-02 -3.721329690593458306e+00 9.969307686548124492e-01 -5.936442147579971268e-02 5.110906101059468909e-02 1.817103826132613165e+01
4.187293715619654078e-02 -3.106096611861091511e-02 -9.986514852877340642e-01 -6.556169548151430604e+01 6.778392029398727647e-02 9.973019965614899895e-01 -2.817314890295920943e-02 -3.776275054635140904e+00 9.968324750383191768e-01 -6.651602048380070298e-02 4.386541919307057613e-02 1.821311906400995184e+01
2.815585555816367200e-02 -2.992544439949675408e-02 -9.991433932762255887e-01 -6.650886639681510815e+01 6.614107305831135042e-02 9.974189051098563130e-01 -2.800351961441877729e-02 -3.826064199278187861e+00 9.974015894732743970e-01 -6.526504680545718029e-02 3.006063944842376004e-02 1.824045669371320244e+01
1.697487478981742418e-02 -2.827476833976924619e-02 -9.994575270526430133e-01 -6.744797829714160287e+01 6.180732930551695314e-02 9.977181265201601201e-01 -2.717636319430235051e-02 -3.865369413331594561e+00 9.979452034239955083e-01 -6.130877644361230200e-02 1.868358251954469612e-02 1.823873279343776588e+01
2.565709085995471379e-03 -2.426800347764646384e-02 -9.997012150817740084e-01 -6.839089101357232892e+01 6.267825956201668325e-02 9.977433857893603930e-01 -2.406427495959592711e-02 -3.911969405145877765e+00 9.980293166332256938e-01 -6.259982826864164684e-02 4.081268938953471273e-03 1.824134430253750949e+01
-9.808102783064527250e-03 -2.330179117782789702e-02 -9.996805919299633914e-01 -6.933337287235237056e+01 6.205044194770960309e-02 9.977872671657318504e-01 -2.385609127299758575e-02 -3.954092771058353772e+00 9.980249751608416542e-01 -6.228106475559597871e-02 -8.340291714520159730e-03 1.823165435075764407e+01
-2.156826508755671848e-02 -2.241643090394652982e-02 -9.995077746870484336e-01 -7.026325772415923154e+01 6.210734537487747758e-02 9.977867214194786616e-01 -2.374117767081890956e-02 -3.989123039347770572e+00 9.978278030553232592e-01 -6.258699952078736195e-02 -2.012735225660927316e-02 1.819985967494669765e+01
