1.000000000000000000e+00 -3.306050084167601550e-19 -2.270457535318767223e-19 -8.673617379884035472e-19 7.546676715296109287e-19 1.000000000000000000e+00 6.237773588823049983e-19 1.387778780781445676e-17 -3.447385680526250622e-20 4.770700176052009879e-20 1.000000000000000222e+00 5.551115123125782702e-17
9.932064063098171580e-01 -1.409585148434753729e-02 -1.155144133071438900e-01 -1.823361448616171776e+00 1.301417628588580171e-02 9.998641624524507998e-01 -1.011539348166226072e-02 -7.849310706257092707e-03 1.156413061585184754e-01 8.543230851177318480e-03 9.932549932380068114e-01 1.512220306630911004e+00
9.999565683149513884e-01 -9.500729848176366673e-04 -9.266766483787464148e-03 -2.938895814635610559e+00 9.311370692741108204e-04 9.999974713834962614e-01 -2.047372446014125800e-03 -6.031192012177143125e-02 9.268688484646521453e-03 2.038655724367110459e-03 9.999549440089805508e-01 2.552746286069631498e+00
9.982245030872378688e-01 7.286670228514387400e-03 5.911452908983262644e-02 -3.146803488895216994e+00 -7.487528650825464940e-03 9.999669074963182247e-01 3.176397022545170232e-03 -6.334265949148958075e-02 -5.908943229470136477e-02 -3.613365467494324829e-03 9.982460794028640283e-01 3.077718721804617807e+00
9.986149693885140177e-01 1.641710830300526901e-03 5.259175795915910223e-02 -2.883477703251179580e+00 -1.791895882083751907e-03 9.999944314055034811e-01 2.808730503287454414e-03 -7.532191736196781895e-02 -5.258685734739029782e-02 -2.899085506468259289e-03 9.986123671083568798e-01 2.868375836703027204e+00
9.934687042217249520e-01 2.593308951976495145e-04 1.141035499844589435e-01 -3.023658127458785927e+00 -1.005086877643496810e-03 9.999784920023018220e-01 6.479169414477408892e-03 -6.321464717827646185e-02 -1.140994281729775239e-01 -6.551539384403877106e-03 9.934475901338529757e-01 3.494903341638895711e+00
9.912838181101301105e-01 -3.437709146817295031e-03 1.317213506940199397e-01 -2.704728267439407308e+00 2.590082531434714872e-03 9.999748166073950673e-01 6.607985535251265433e-03 -6.794312799270220415e-02 -1.317407510287142702e-01 -6.209360467145637850e-03 9.912677868294113015e-01 3.223298577501171103e+00
9.810904208555795147e-01 -3.321783158781468469e-03 1.934781707541005369e-01 -2.870225925122624311e+00 1.772316778810053466e-03 9.999649898928968383e-01 8.179002784885940416e-03 -7.019656822307535071e-02 -1.934985790134748362e-01 -7.681336828376380925e-03 9.810619631948528374e-01 3.839131963703375838e+00
9.745325775141495672e-01 -3.009928893409938300e-03 2.241821749762669402e-01 -2.591473602525393716e+00 3.484011447082248141e-04 9.999290107389665616e-01 1.190969472157576113e-02 -6.511629401169567732e-02 -2.242021310125300870e-01 -1.152815412039493760e-02 9.744644433363922609e-01 3.682966764745666755e+00
9.580331774853266813e-01 -7.048980402922669017e-03 2.865006945155924023e-01 -2.596839640140391481e+00 1.920708477031651514e-03 9.998330293668304947e-01 1.817305898717876469e-02 -6.426669031525332476e-02 -2.865809831084519255e-01 -1.685990815413556526e-02 9.578868000829627860e-01 4.238220477693026567e+00
9.477915929249695060e-01 -1.659138837331711192e-02 3.184877914528205234e-01 -2.375473210857884876e+00 8.611582335553393669e-03 9.996130637933943186e-01 2.645005753646300153e-02 -8.153101672325406557e-02 -3.188034191256157723e-01 -2.232679097208956770e-02 9.475677272576190635e-01 4.145368173680020085e+00
9.236475401849065792e-01 -2.261678536847887624e-02 3.826104348072809080e-01 -2.294905994745723987e+00 1.127446813686594843e-02 9.994286351898049592e-01 3.187199791722401115e-02 -7.434838327034415384e-02 -3.831125467659208250e-01 -2.512551951409353057e-02 9.233747494986409565e-01 4.626433631741044827e+00
9.049819878251447181e-01 -2.410685130375016597e-02 4.247768811897819630e-01 -2.026310809641062693e+00 9.862089673575224341e-03 9.993137648093260994e-01 3.571016358522373368e-02 -6.946511854953651977e-02 -4.253461818372423209e-01 -2.812795700346453973e-02 9.045987624030660257e-01 4.668577744723315881e+00
8.769321058785076728e-01 -2.694869705718084055e-02 4.798085803427827312e-01 -1.881771536427431446e+00 8.637641633632127391e-03 9.991491528120920451e-01 4.033108996391512879e-02 -5.320084535900534983e-02 -4.804871817415592994e-01 -3.122230654093592281e-02 8.764188581345044859e-01 4.976883780559450798e+00
8.485365443761231363e-01 -3.167740708309481346e-02 5.281148723864973471e-01 -1.633288490328962617e+00 9.672536696736094841e-03 9.989680745403539674e-01 4.436607896654453514e-02 -5.139606054601109086e-02 -5.289758555971044718e-01 -3.253218216039856225e-02 8.479676215315211651e-01 5.152185231618915395e+00
8.139081768664817584e-01 -3.805650872271522378e-02 5.796583411916829132e-01 -1.410058698902781460e+00 1.194898629393997477e-02 9.987377959808397820e-01 4.878579761234378559e-02 -4.139679541285053166e-02 -5.807832546797816464e-01 -3.277969961452235209e-02 8.133355964428400364e-01 5.394459311246763811e+00
7.792009795994206955e-01 -4.210806132010375125e-02 6.253055175410099364e-01 -1.144262162602662558e+00 1.236969299722617821e-02 9.985794833160032136e-01 5.182201069074041100e-02 -3.511041540964078556e-02 -6.265996186888015407e-01 -3.264232233828871788e-02 7.786150677852600177e-01 5.593119941237372217e+00
7.406660046226050120e-01 -4.556971431974705944e-02 6.703475630139992258e-01 -8.709160968741054276e-01 1.372846117285831877e-02 9.985154242946014946e-01 5.271084517784206669e-02 -1.427854546274072434e-02 -6.717544370265651210e-01 -2.983926927848183988e-02 7.401919665257565839e-01 5.838830613491622579e+00
7.002227554399194087e-01 -4.823405603295972954e-02 7.123230027060268865e-01 -5.801292398929448479e-01 1.309765749437935903e-02 9.984147991053217153e-01 5.473943337288603161e-02 1.912101140674610233e-04 -7.138345688402829570e-01 -2.899516802531810003e-02 6.997449899722761879e-01 6.063462744427265072e+00
6.595572863831808963e-01 -4.855317121922639312e-02 7.500586306861624086e-01 -2.494590102461670678e-01 8.630695506768162883e-03 9.983350326106118500e-01 5.702258308464595860e-02 2.986462155259693441e-02 -7.515787589296369919e-01 -3.113414891583686506e-02 6.588780557811402261e-01 6.293546344615331023e+00
6.184499557037528295e-01 -4.913404983691403716e-02 7.843128499855593905e-01 8.649027910456624779e-02 5.828855541632826237e-03 9.983029853081265559e-01 5.794538601380485460e-02 4.257770182356332422e-02 -7.858284823503248750e-01 -3.127138295086797498e-02 6.176864320044781476e-01 6.521392725688737180e+00
5.805856602317621684e-01 -5.045024853201290904e-02 8.127375518290205214e-01 4.688118205290410789e-01 3.925685133414619568e-03 9.982401211422879950e-01 5.916544952054878653e-02 6.831096890553933765e-02 -8.142929988745727377e-01 -3.115403129250658015e-02 5.797622704219094203e-01 6.731384883021945598e+00
5.413984406056931986e-01 -5.309735656622700112e-02 8.390094485897252596e-01 8.699485072871795399e-01 1.989289314841474494e-03 9.980818474144765862e-01 6.189050853087721404e-02 8.334514446977139834e-02 -8.406855859932221842e-01 -3.184423050462099197e-02 5.404656934823632852e-01 6.967323102075820174e+00
5.056431366841404040e-01 -5.308619970327047716e-02 8.611767651693214010e-01 1.292538397667683414e+00 -9.627261116713507804e-04 9.980698676045550721e-01 6.208707478093417054e-02 1.110608252519793421e-01 -8.628107036299895727e-01 -3.222656414459477286e-02 5.046157315397044041e-01 7.181147092607574223e+00
4.705860663736648464e-01 -5.184666781285970916e-02 8.809627768000041215e-01 1.748838517000985693e+00 -2.847848149226176167e-03 9.981779282998836100e-01 6.026153627326828049e-02 1.347164257623617301e-01 -8.824822219684126390e-01 -3.086864015008253595e-02 4.695806627475637707e-01 7.387367760672904460e+00
4.369150918716634968e-01 -5.184800141537097840e-02 8.981960180461369125e-01 2.238666211479805490e+00 -1.267868471604264441e-03 9.983006898710610200e-01 5.826017671163591372e-02 1.654371696898162547e-01 -8.996907970917962238e-01 -2.659271914291916686e-02 4.361071183141146390e-01 7.604089723343514962e+00
4.067447661065347608e-01 -5.021026434048304204e-02 9.120604394731973708e-01 2.749234694637543441e+00 4.080858849592118478e-04 9.984981453708767773e-01 5.479994620233435282e-02 1.915906317322520480e-01 -9.134414085200710520e-01 -2.192612448665924932e-02 4.061545218035334526e-01 7.803979946128873912e+00
3.822815029529541553e-01 -4.812431973873698005e-02 9.227571158617168257e-01 3.290047992635339646e+00 1.913571460846977311e-03 9.986821376421787244e-01 5.129549979564744511e-02 2.193521766407174334e-01 -9.240089635122710199e-01 -1.785602131623690442e-02 3.818695374482327098e-01 8.017644256278346759e+00
3.617388708128202457e-01 -4.713518348516341355e-02 9.310161154819325269e-01 3.860529884959761571e+00 2.246212069512543760e-03 9.987621541084208410e-01 4.970350300478030420e-02 2.491333496352609034e-01 -9.322058616690299671e-01 -1.589583830619262922e-02 3.613970837995384988e-01 8.224325350814174485e+00
3.479771836221297598e-01 -4.863384843975423338e-02 9.363195185585279079e-01 4.449069123991290731e+00 4.037233537030075238e-03 9.987216619888698022e-01 5.037295395906016965e-02 2.811614107605461266e-01 -9.375735854597856411e-01 -1.373458419413278557e-02 3.477291512628561954e-01 8.423953133130675397e+00
3.340733817082027213e-01 -5.021720743916135293e-02 9.410414981207556595e-01 5.062459688233410304e+00 4.911645889527538507e-03 9.986589368419037660e-01 5.155106684560042257e-02 3.066563914282883774e-01 -9.423673711997164748e-01 -1.261125086917820257e-02 3.338719321193729939e-01 8.646153013329403336e+00
3.239749648657114234e-01 -5.229104353300553093e-02 9.446782072733436175e-01 5.704459702950620326e+00 4.196847165682251850e-03 9.985405704574573660e-01 5.384056154066049066e-02 3.385380050427756471e-01 -9.461156805091076594e-01 -1.346917172547512642e-02 3.237220466451387613e-01 8.864172465532984546e+00
3.143765088671197638e-01 -5.337034752607559135e-02 9.477669186753179265e-01 6.374701714228658389e+00 1.953959518610125234e-03 9.984534023852513762e-01 5.555673195795237523e-02 3.772192148972128845e-01 -9.492654374779891935e-01 -1.562822750263905339e-02 3.139936332498872718e-01 9.097719304831480613e+00
3.036126869979247078e-01 -5.485178714924394267e-02 9.511476976081618684e-01 7.049739248896923272e+00 9.329954780870064468e-04 9.983580332238027877e-01 5.728476321872157107e-02 4.094873652552917243e-01 -9.527275407252736583e-01 -1.651395425773157649e-02 3.031654060581035481e-01 9.317774017562935995e+00
2.932869243123095160e-01 -5.718574303774782291e-02 9.542539507692439082e-01 7.770438735711214129e+00 1.882936558513720663e-04 9.982128614135270528e-01 5.976600875898008952e-02 4.433155683805618530e-01 -9.559656802189500091e-01 -1.735967742258141475e-02 2.927733439757780332e-01 9.523789471694353637e+00
2.840538913636026508e-01 -5.945516255483134643e-02 9.568664190339966069e-01 8.504926407561509194e+00 -5.731369907002727365e-05 9.980740051631470378e-01 6.204786434946522183e-02 4.831149024510297818e-01 -9.587122551551436889e-01 -1.768437441790053979e-02 2.835038805213613844e-01 9.742370706935201241e+00
2.736088626251427236e-01 -6.083162626385223148e-02 9.599987086246395407e-01 9.261829555854152574e+00 -4.348826685730254886e-04 9.979904059805071448e-01 6.335928969618744022e-02 5.188558137950647353e-01 -9.619239117945611595e-01 -1.775882023891686354e-02 2.730321231580375985e-01 9.963513254162146282e+00
2.625333419319966222e-01 -6.298621583528911383e-02 9.628023753158000408e-01 1.003282832996967677e+01 -2.364232759763119137e-03 9.978219580176395098e-01 6.592487375972948260e-02 5.630873617424019262e-01 -9.648577789302401619e-01 -1.958390489031070977e-02 2.618128297329049836e-01 1.016226268271107358e+01
2.518787490494863168e-01 -6.704679868800078602e-02 9.654473945014192537e-01 1.081287740973865397e+01 -4.208322141087461610e-03 9.975116191913887542e-01 7.035587040048675578e-02 6.069015289383994372e-01 -9.677638953528998611e-01 -2.176724483132730023e-02 2.509699418367923318e-01 1.037674752055631444e+01
2.393857424882941398e-01 -7.078440063494767509e-02 9.683248403882763755e-01 1.160660373172428983e+01 -5.492117799960099384e-03 9.972251212611330518e-01 7.423941726292634935e-02 6.516193222129779139e-01 -9.708917740925073758e-01 -2.310788147697604572e-02 2.383314925986106392e-01 1.057644311749618637e+01
2.280229743008378440e-01 -7.352066860874770238e-02 9.709481829053137059e-01 1.239860791399611273e+01 -5.870601255227296360e-03 9.970231488580486578e-01 7.686423441355270947e-02 6.927125264023095141e-01 -9.737101596371243728e-01 -2.321969971897877225e-02 2.269123990416981318e-01 1.076623738207067582e+01
2.118153313509097690e-01 -7.462278729212575012e-02 9.743514329311037114e-01 1.320727282787185608e+01 -6.371672553338296290e-03 9.969536776554219770e-01 7.775598170482615756e-02 7.398702380994414129e-01 -9.771841930143441157e-01 -2.269130618579457206e-02 2.106949384090202326e-01 1.094661138357844798e+01
1.980127538288805056e-01 -7.349257669656859837e-02 9.774313352586082582e-01 1.401592274366731772e+01 -8.006865932412857156e-03 9.970294567687558729e-01 7.660602918310668863e-02 7.862536956470349558e-01 -9.801595385987353914e-01 -2.297668199969691086e-02 1.968374075702409298e-01 1.110525403584009752e+01
1.821471859277897232e-01 -7.286544354866447692e-02 9.805354660903076169e-01 1.483430742198711094e+01 -9.331514254271068565e-03 9.970776007485360193e-01 7.581518025024501506e-02 8.330623080077486087e-01 -9.831946279303945824e-01 -2.295796685215400687e-02 1.809346700535633679e-01 1.126044807986085594e+01
1.607342482100328762e-01 -7.127497882547585706e-02 9.844206319678621142e-01 1.566315484973913996e+01 -1.207157736799197023e-02 9.971720365498024652e-01 7.419444595265226039e-02 8.777021366984353312e-01 -9.869247020588867159e-01 -2.381306653924194702e-02 1.594199182287893701e-01 1.139112339867202728e+01
1.365008905731349975e-01 -6.936905864533318700e-02 9.882620658119155577e-01 1.648702752790906700e+01 -1.614643320689414588e-02 9.972562794796022700e-01 7.223337812167369976e-02 9.230951157826418063e-01 -9.905635202318145982e-01 -2.579093028883841163e-02 1.350070724771319508e-01 1.150511989395322310e+01
1.074840223486576429e-01 -6.925933455821295381e-02 9.918314188601804471e-01 1.732966459437395201e+01 -2.094210413935058621e-02 9.971907708652076874e-01 7.190421418967674061e-02 9.729757392544062800e-01 -9.940276343206387866e-01 -2.847065491633208809e-02 1.057323744592457010e-01 1.158613006289078839e+01
7.157002334293004198e-02 -6.927836725986744049e-02 9.950654032894679091e-01 1.817664648559125240e+01 -2.378477527000876987e-02 9.971829301543804203e-01 7.112125683459681602e-02 1.016215568492204291e+00 -9.971901190812832994e-01 -2.875296879475399900e-02 6.972031137571743642e-02 1.164574598619101309e+01
3.832795826964915248e-02 -6.858963043240623447e-02 9.969012241598141921e-01 1.902583102838655904e+01 -2.551925203455257182e-02 9.972481120652662012e-01 6.961743145190647797e-02 1.056502190734062374e+00 -9.989336517793032666e-01 -2.810151785550791745e-02 3.647276512145600919e-02 1.167131276375538818e+01
5.300747097298922142e-03 -6.760472629513855636e-02 9.976973593107838489e-01 1.989182343497969185e+01 -2.645708760600523970e-02 9.973531334189329467e-01 6.773878534870207690e-02 1.095971268621637851e+00 -9.996357487182898627e-01 -2.676465146218372573e-02 3.498196130453861113e-03 1.167068549800563204e+01
-2.884758645394640622e-02 -6.575819690260381600e-02 9.974023330627219686e-01 2.074643610605703259e+01 -2.917591104427723347e-02 9.974637938583427177e-01 6.490246940803051645e-02 1.133069334389533722e+00 -9.991424511990181223e-01 -2.720090173986551563e-02 -3.069271826591228949e-02 1.164068453090477817e+01
-6.207911585195896587e-02 -6.247880676975552799e-02 9.961284545421915659e-01 2.160852463059457307e+01 -3.192016388874541200e-02 9.976520856745123567e-01 6.058689758736623965e-02 1.178715347485577825e+00 -9.975761843468214929e-01 -2.801956326578623063e-02 -6.392750432935111193e-02 1.158224359491922684e+01
-9.498770735536041232e-02 -5.858452428979015608e-02 9.937648024190410823e-01 2.247855495890668109e+01 -2.940212505942972274e-02 9.979959000833918958e-01 5.602439741384093730e-02 1.212358955053157938e+00 -9.950571038941412594e-01 -2.386910456159401298e-02 -9.651944036291905393e-02 1.149429439819826015e+01
-1.255479406982093760e-01 -5.279847812181413108e-02 9.906780204942642332e-01 2.332431641341889161e+01 -2.401447259763717090e-02 9.984521123498376616e-01 5.014745641191690334e-02 1.236497305399747670e+00 -9.917928417479916492e-01 -1.748727394351526007e-02 -1.266217729509141188e-01 1.137049618804893925e+01
-1.569616829106501854e-01 -4.726807661382310261e-02 9.864592455037830554e-01 2.418374260983674162e+01 -1.839947942778372147e-02 9.988201115784105522e-01 4.494249434736342225e-02 1.259653168437830040e+00 -9.874206473364700587e-01 -1.107796889564783942e-02 -1.576459079491857040e-01 1.122602955173481476e+01
-1.830935857818023482e-01 -4.230351974083118582e-02 9.821516168241521960e-01 2.501592215021668153e+01 -1.328023962622705383e-02 9.990889688683732839e-01 4.054589166948432272e-02 1.276951879639755427e+00 -9.829724350660872245e-01 -5.615098221316028662e-03 -1.834886996177522156e-01 1.104382666733628326e+01
-2.136764236142383588e-01 -3.704971309605294139e-02 9.762329027956700989e-01 2.586482360418991178e+01 -4.854775487779653016e-03 9.993082433517331831e-01 3.687287090760669322e-02 1.294891868623738951e+00 -9.769239118529964294e-01 3.140858956728681366e-03 -2.137083552008278986e-01 1.083578702016086837e+01
-2.400515751253935182e-01 -2.713956916659448701e-02 9.703375368830743364e-01 2.669669234208406294e+01 1.253056854096551952e-03 9.995992894127462280e-01 2.827587179752959201e-02 1.300640321977873937e+00 -9.707165466933153075e-01 8.011978368758335828e-03 -2.399211117568731955e-01 1.061930109590831073e+01
-2.652689442129430031e-01 -1.258823401850908165e-02 9.643005920956584376e-01 2.750774187752721645e+01 5.344174391524520416e-03 9.998801386171511929e-01 1.453038094207502809e-02 1.299962683279041187e+00 -9.643680665837112143e-01 9.003767488152351200e-03 -2.651699593387480403e-01 1.038142068398869355e+01
-2.889884673792540992e-01 5.730073532380583652e-03 9.572335057044396578e-01 2.831484200465886047e+01 6.735729127578606729e-03 9.999693631103718783e-01 -3.951138978634935982e-03 1.284171880829347190e+00 -9.572271578260930225e-01 5.309920460669585035e-03 -2.890182172986530684e-01 1.014137597978240990e+01
-3.153975258146008431e-01 2.120655473618442838e-02 9.486155936167083302e-01 2.911551221225308694e+01 5.992440777777494239e-03 9.997747307506066328e-01 -2.035236265467389727e-02 1.271151668886691954e+00 -9.488338488230763090e-01 -7.386893480132673481e-04 -3.154535706453105437e-01 9.883701549662879060e+00
-3.403428594239512606e-01 3.107410240456355555e-02 9.397608909792738441e-01 2.991203794012074013e+01 9.309157708341796872e-03 9.995161329905432046e-01 -2.967089037947604618e-02 1.236509105063717140e+00 -9.402283916626392735e-01 -1.359755858616037028e-03 -3.404674167665125428e-01 9.586698804126992712e+00
-3.653941658464115450e-01 3.581702556582061492e-02 9.303052296326805859e-01 3.070361606788283027e+01 1.283529429541503848e-02 9.993585440239428630e-01 -3.342789736234691444e-02 1.189188064517722854e+00 -9.309059184181641688e-01 -2.786508550405809512e-04 -3.656195288294631363e-01 9.279055454571377481e+00
-3.872716711879116702e-01 3.543599458119004592e-02 9.210543969501049366e-01 3.148307439440936406e+01 1.508711133078995646e-02 9.993706328228723068e-01 -3.210349391456964602e-02 1.154103791866718298e+00 -9.216126998932314685e-01 1.453368177329959548e-03 -3.875624235108761084e-01 8.944256935987956680e+00
-4.077972688218948205e-01 3.104146838142714249e-02 9.125444435533398568e-01 3.225599548187790333e+01 1.833700537787212939e-02 9.994988386748180353e-01 -2.581220950966930244e-02 1.116022110294448089e+00 -9.128882101131339244e-01 6.212847357902965585e-03 -4.081619706727016017e-01 8.604102590504473014e+00
-4.270023468319009141e-01 2.893983236709444379e-02 9.037432267043373768e-01 3.301954381016846440e+01 2.607742779039352865e-02 9.994661713359578314e-01 -1.967132007188603787e-02 1.078817889594411161e+00 -9.038299696532005045e-01 1.517308644810250011e-02 -4.275290510589274118e-01 8.229012760642486768e+00
-4.386300304890066726e-01 3.008437686468139888e-02 8.977800249771860086e-01 3.376756557362738675e+01 2.887640562136742015e-02 9.993953117954369469e-01 -1.936030096042759205e-02 1.037193187663565164e+00 -8.978197747368669157e-01 1.742805727563079277e-02 -4.392334669696535410e-01 7.858736365593284923e+00
-4.512833014524202935e-01 3.311408176213213178e-02 8.920564848724865659e-01 3.450578720058310722e+01 3.188611926250660422e-02 9.992715420461829590e-01 -2.097194853449702370e-02 1.005500711386227097e+00 -8.921012635631918597e-01 1.897968666636260654e-02 -4.520103977859928346e-01 7.469543596030059796e+00
-4.606098208436331665e-01 3.499525655396957396e-02 8.870100128420604912e-01 3.522449828332144506e+01 3.321422850851744879e-02 9.992022772156420318e-01 -2.221151646733421012e-02 9.604361628811690643e-01 -8.870797773511958084e-01 1.922700765785590252e-02 -4.614046798064570520e-01 7.096760874468261093e+00
-4.721243177354324527e-01 3.521822240531968795e-02 8.812612967883950432e-01 3.594578498057018123e+01 2.716890280578568989e-02 9.993085610506990957e-01 -2.538339976904526590e-02 9.297441275408981909e-01 -8.815454111607123888e-01 1.197593771605149314e-02 -4.727547420201770323e-01 6.715311612853059664e+00
-4.825530636618966529e-01 3.312734345487852033e-02 8.751210006792052853e-01 3.666003995216357225e+01 2.505620635198726673e-02 9.993975993117304446e-01 -2.400251300641553440e-02 8.972431392431057251e-01 -8.753891863878695556e-01 1.033761442049977060e-02 -4.830925114760973860e-01 6.332017515805421048e+00
-4.918979720082545803e-01 3.488480127752840304e-02 8.700531668732413015e-01 3.737256260891858517e+01 2.776279186879390334e-02 9.993172743055934726e-01 -2.438816679714421454e-02 8.658267852860196401e-01 -8.703100376163604990e-01 1.216549593969446473e-02 -4.925305984742492371e-01 5.921568863095745705e+00
-4.984454393652755777e-01 3.797205378299749190e-02 8.657613083203699045e-01 3.809417804085180137e+01 3.145876077752897404e-02 9.991742767215613386e-01 -2.571881782937439007e-02 8.241836847380052955e-01 -8.660235807475978875e-01 1.440238171414217998e-02 -4.992283798310324650e-01 5.504811333259230111e+00
-5.022658678353733031e-01 4.098295540042447282e-02 8.634469441080172558e-01 3.881490755404637838e+01 3.268119018074409216e-02 9.990622540601702406e-01 -2.839752687897689060e-02 7.996010872202179431e-01 -8.638011963612717281e-01 1.395416416953722608e-02 -5.031342077084089981e-01 5.080955337010548689e+00
-5.023106920049578150e-01 4.297151499265895735e-02 8.640182586799598496e-01 3.956444010545244083e+01 3.201341484977442142e-02 9.990038968777595896e-01 -3.109724519032689913e-02 7.647354390626761589e-01 -8.644935241731951381e-01 1.205689133419629404e-02 -5.031861772467640659e-01 4.645067608510016655e+00
-4.970333565674485699e-01 4.306649530406092552e-02 8.662051089055229358e-01 4.032255234973006708e+01 3.401767332937190302e-02 9.989667314264913944e-01 -3.012717942550905206e-02 7.285844978740970701e-01 -8.666081446054076931e-01 1.448048582483739410e-02 -4.979848055612522417e-01 4.214051176010482180e+00
-4.918462732856030417e-01 4.161989731110434659e-02 8.693458514653769065e-01 4.109621772504987547e+01 3.242631994949828761e-02 9.990392967864432094e-01 -2.946880362556953889e-02 6.901856806887958218e-01 -8.697379719707065693e-01 1.367610205101944983e-02 -4.927233105281991765e-01 3.791739130410322289e+00
-4.839002412927882468e-01 4.041640182936549752e-02 8.742098454408377961e-01 4.190043925634508071e+01 2.994184531266612728e-02 9.991125995729354115e-01 -2.962755988990644143e-02 6.550979923203767985e-01 -8.746319741122593472e-01 1.182964618211747657e-02 -4.846808624705921109e-01 3.363391744290744168e+00
-4.763326073104046654e-01 3.978327145612857441e-02 8.784966908372866534e-01 4.271892261964573123e+01 2.829722808156959202e-02 9.991520061763594640e-01 -2.991366935848086342e-02 6.182298736818843121e-01 -8.789417892254745013e-01 1.061621368322367316e-02 -4.770545055725742278e-01 2.921786238312099826e+00
-4.712100554783282269e-01 3.798719140205003564e-02 8.812285411414743086e-01 4.353476151557742924e+01 2.518721272862564642e-02 9.992440774003565895e-01 -2.962745731601892571e-02 5.770327329450917198e-01 -8.816880720679346473e-01 8.228291149051575326e-03 -4.718104208191994386e-01 2.500636109432677667e+00
-4.647246354581983652e-01 3.600100489136689313e-02 8.841374358681172163e-01 4.439513411930190045e+01 2.124028105718205051e-02 9.993386730446320865e-01 -2.950235792671105500e-02 5.396281156396387502e-01 -8.846154399617475184e-01 5.044657876093532056e-03 -4.651818385851214654e-01 2.071085404550297326e+00
-4.648268521716128476e-01 3.288908288734999907e-02 8.847188245279883345e-01 4.524924505674749753e+01 1.655048982273658528e-02 9.994580098816189251e-01 -2.845364659019316428e-02 5.041183865986342827e-01 -8.851753262496792063e-01 1.412281970326359666e-03 -4.651192672986290688e-01 1.645790263925165808e+00
-4.648931358739420427e-01 3.038042659897931957e-02 8.849595772471180455e-01 4.614466558090553150e+01 1.328469081590477434e-02 9.995381147364038599e-01 -2.734595778035225216e-02 4.604636217074231652e-01 -8.853812488658339142e-01 -9.425114212358833487e-04 -4.650820966774795173e-01 1.186547608745295967e+00
-4.649170143743296957e-01 2.861658427797366192e-02 8.844151106810415053e-01 4.703928276091153293e+01 1.166169867347571602e-02 9.995887053614055384e-01 -2.620667634998611120e-02 4.210326244689824859e-01 -8.848011770879893323e-01 -1.869651250270610177e-03 -4.650593667492524674e-01 7.381772402403808941e-01
-4.649160018151016205e-01 2.848622602052211517e-02 8.843703766180864845e-01 4.793480757223751709e+01 1.161855917652638431e-02 9.995923879195026673e-01 -2.607551895222291402e-02 3.827241371454495611e-01 -8.847528958121880782e-01 -1.857486714108491513e-03 -4.650574755533298243e-01 2.906093115456780396e-01
-4.673065336903871603e-01 2.784188765487875458e-02 8.841906361912021950e-01 4.885164682860192897e+01 1.147470848826755672e-02 9.996111278314000481e-01 -2.541788051822773883e-02 3.426862497079013470e-01 -8.845543153684114479e-01 -1.724099309060769369e-03 -4.674443694171970254e-01 -1.915336770258725396e-01
-4.635084654007745608e-01 2.646887036565141738e-02 8.852986868878923721e-01 4.978142752768216184e+01 1.098690234249788400e-02 9.996483298122450512e-01 -2.412868676772132737e-02 3.012028091705316601e-01 -8.856264390414368970e-01 -1.471168669694154210e-03 -4.636362082625599124e-01 -6.576759593975313178e-01
-4.648929132620640559e-01 2.622869824364429739e-02 8.844402446432705345e-01 5.070943857627602114e+01 1.112308220910188453e-02 9.996549815795561234e-01 -2.379032356593501277e-02 2.621950871840483255e-01 -8.847593771931245854e-01 -1.232217915065718806e-03 -4.650243061047388271e-01 -1.140544590230402555e+00
-4.649452633532586421e-01 2.511630867524800373e-02 8.847831890142164868e-01 5.165315386488579463e+01 8.970526692430563775e-03 9.996797695023973418e-01 -2.365816954467014552e-02 2.229161948839328278e-01 -8.850941434099689475e-01 -3.065568128909975862e-03 -4.650217778871910679e-01 -1.612458912806306044e+00
-4.649560194101381438e-01 2.349367954270200481e-02 8.850912973804901940e-01 5.258760995099146385e+01 7.801708509575800039e-03 9.997177639269899663e-01 -2.244453913751728868e-02 1.798509895704566153e-01 -8.853688850784611208e-01 -3.516562770873798375e-03 -4.650080380616210540e-01 -2.072470714464958785e+00
-4.635745687979668239e-01 2.202970800289687572e-02 8.856178712848858936e-01 5.353183953724406763e+01 6.705361359783928304e-03 9.997492660619979876e-01 -2.136065755181118173e-02 1.368007558118042866e-01 -8.858667747294849404e-01 -3.973176165886142634e-03 -4.636059826453481914e-01 -2.552998508599587435e+00
-4.621880412333734256e-01 2.137259376770330593e-02 8.868594807456930962e-01 5.446129427991912308e+01 6.151397637040546471e-03 9.997628820673852834e-01 -2.089373058478208658e-02 8.800423318560957053e-02 -8.870956575435867686e-01 -4.188372179381054383e-03 -4.622101021312377545e-01 -3.026253682915552190e+00
-4.597201035547874293e-01 1.821059117343074019e-02 8.880798576289659074e-01 5.541211248715300997e+01 7.027511660826739857e-03 9.998329904660194778e-01 -1.687430232638145039e-02 4.805380929778257926e-02 -8.882388968177640232e-01 -1.502546010145124544e-03 -4.597714285906144283e-01 -3.500322565781444961e+00
-4.545248924986967642e-01 1.771656408570655358e-02 8.900304276837935902e-01 5.634412024867955893e+01 7.584792325956709463e-03 9.998428830222939601e-01 -1.602913081765073439e-02 1.118900474768885073e-02 -8.901747327907665319e-01 -5.474334701237748178e-04 -4.545877406418528666e-01 -3.968731357230660617e+00
-4.531267504070189966e-01 1.723571820401720300e-02 8.908737312545832454e-01 5.727711159089948012e+01 7.643659882334410960e-03 9.998514359722844302e-01 -1.545541495921094223e-02 -2.390291345387225708e-02 -8.910080947108141025e-01 -2.042692480933004119e-04 -4.531911398327671536e-01 -4.445510248854756874e+00
-4.531004963103623107e-01 1.797582570936688898e-02 8.915281541567471324e-01 5.819832802631356827e+01 8.895946523233274478e-03 9.998382594835074633e-01 -1.563510085042511821e-02 -5.988943016606861069e-02 -8.916649713318199888e-01 8.496460162443632931e-04 -4.531872301168859973e-01 -4.883664016536832797e+00
-4.517025849508999880e-01 1.806010052698286614e-02 8.923812532335293479e-01 5.913434924328785058e+01 9.189121453419558591e-03 9.998364567329148800e-01 -1.558830815759547871e-02 -1.031251912641178575e-01 -8.925168087949765239e-01 1.168306842713898045e-03 -4.517947354199390864e-01 -5.359027389931367402e+00
-4.531355976351370551e-01 1.928248408433236652e-02 8.913251208887745802e-01 6.005064803764650350e+01 8.195388686858325056e-03 9.998139901847112876e-01 -1.746888873431334463e-02 -1.397059089836487356e-01 -8.914962196902911362e-01 -6.064562954349997153e-04 -4.532092794380782053e-01 -5.808971317698900627e+00
-4.532066255772028152e-01 2.109614747280427055e-02 8.911219874871174618e-01 6.097327430491034050e+01 6.700627392758933681e-03 9.997724098654972025e-01 -2.025827704964008880e-02 -1.782631972747345250e-01 -8.913466092770598870e-01 -3.215530505758859136e-03 -4.532448483237099257e-01 -6.272069855430129515e+00
-4.584333731340942131e-01 2.098923077833630274e-02 8.884138718604924767e-01 6.189727451724124307e+01 5.010885599521549237e-03 9.997663283632290954e-01 -2.102696330880203870e-02 -2.258819866023524803e-01 -8.886476138952063009e-01 -5.193125124157911207e-03 -4.584314476130917915e-01 -6.744091306641204042e+00
-4.635946639627425148e-01 2.002086050963013467e-02 8.854197403013592815e-01 6.280225468135131450e+01 5.067521107090643823e-03 9.997880885964639530e-01 -1.994540609052401423e-02 -2.625497711539476198e-01 -8.856317325800642237e-01 -4.777422343076587891e-03 -4.635978581225670969e-01 -7.203079351141833619e+00
-4.686574727360117154e-01 1.686202422190946626e-02 8.836035079542194914e-01 6.372098254715879051e+01 7.608221121361957891e-03 9.998578268637003941e-01 -1.505022689554953719e-02 -3.095483464239959792e-01 -8.837316876295220336e-01 -3.176111809980661769e-04 -4.687192488000824220e-01 -7.693794322770121319e+00
-4.752821475937880069e-01 1.426176323762270992e-02 8.799770646323942236e-01 6.460609757561620370e+01 5.067042496965882409e-03 9.998963476471116607e-01 -1.348044539061984265e-02 -3.437596979042404355e-01 -8.800782333428955884e-01 -1.932310434817450726e-03 -4.753052443839205221e-01 -8.145733168457097051e+00
-4.791031980163105164e-01 1.690787248049359023e-02 8.771655407933305337e-01 6.550225732353584362e+01 5.541919636178388800e-03 9.998525820770925998e-01 -1.624262802140369680e-02 -3.857860110316481128e-01 -8.773111074211560334e-01 -2.931178267996084087e-03 -4.791262387189088590e-01 -8.623951923143087228e+00
-4.843237919885519105e-01 1.951571856930173210e-02 8.745374289592767747e-01 6.637655944180490053e+01 6.179498047155100419e-03 9.998024998242122097e-01 -1.888410037494221011e-02 -4.209700965726783650e-01 -8.747336068382731700e-01 -3.750742893530790642e-03 -4.843487217879156037e-01 -9.107750208916652213e+00
-4.909815865030310866e-01 1.990179745478211706e-02 8.712779797372941504e-01 6.725565981973494445e+01 4.788172226967411273e-03 9.997856030244651748e-01 -2.013990469478732157e-02 -4.581200322548367732e-01 -8.714921909195474381e-01 -5.715961851355147276e-03 -4.909717373161117671e-01 -9.564026415247504076e+00
-4.924071867955641668e-01 1.993310949414511465e-02 8.697130290303352051e-01 6.813900007388038205e+01 4.017615423474166746e-03 9.997787891239146019e-01 -2.063371085005747188e-02 -5.029449699222896530e-01 -8.699324106172747761e-01 -6.685118835885712520e-03 -4.923783817606472435e-01 -1.006089928579110371e+01
-4.962245840318857404e-01 1.926109844936887278e-02 8.676080058448554233e-01 6.900243060967943620e+01 3.643438501794284655e-03 9.997909871806391902e-01 -2.010839957389093033e-02 -5.444682133824895187e-01 -8.678141811209080236e-01 -6.840541887152194918e-03 -4.961910436135362756e-01 -1.053851075545714089e+01
-4.999054811167259471e-01 1.168720744012273494e-02 8.665006328478311870e-01 6.985499226431866759e+01 4.581392666925622470e-03 9.999307020713308347e-01 -1.084130738563073189e-02 -5.818617529557238433e-01 -8.665673277611378733e-01 -1.446552860223575135e-03 -4.999244593026120342e-01 -1.103596900511709578e+01
-4.998568745575762140e-01 2.646984775427248682e-03 8.658614956143610986e-01 7.072477801661976571e+01 4.382880513630618528e-03 9.999903440177092540e-01 -5.367452217059427060e-04 -6.127691489798560154e-01 -8.658545107481938619e-01 3.521557419466973121e-03 -4.998636094309124589e-01 -1.154188789013619676e+01
-5.026667210147105491e-01 -6.525168326825827279e-04 8.639145117036497457e-01 7.157821208802958779e+01 3.618835300834376441e-03 9.999894251029299852e-01 2.861500400114025573e-03 -6.370777730141965467e-01 -8.639071194953384936e-01 4.569326860600853892e-03 -5.026590483303153833e-01 -1.202899508074458090e+01
-5.050710241293179248e-01 4.831561665031054373e-03 8.632437548814471118e-01 7.241778475432155915e+01 5.112776272838832556e-03 9.999836038001206351e-01 -2.602639929312206522e-03 -6.563428535775833739e-01 -8.632421098993421360e-01 3.094576448169477148e-03 -5.050875097664753177e-01 -1.252542441615213953e+01
-5.064783945210591387e-01 1.117441076982779620e-02 8.627000740121705258e-01 7.325371043381123570e+01 6.404876301201706257e-03 9.999373237943666171e-01 -9.194237332503091970e-03 -6.853077957728984648e-01 -8.627485096366607209e-01 8.786851707294191351e-04 -5.065183069435955643e-01 -1.301053446876937691e+01
-5.063876634966913981e-01 1.541540479291436151e-02 8.626478943154616275e-01 7.408759246569047718e+01 1.159731680803846587e-02 9.998715871285870360e-01 -1.106196781326067649e-02 -7.135600138861775132e-01 -8.627074077117193873e-01 4.409683908219406111e-03 -5.065014588415512886e-01 -1.350671421320906695e+01
-5.049146252844499694e-01 1.535104910103428540e-02 8.631316772300807738e-01 7.493185922077692851e+01 1.497064730404781135e-02 9.998472641300300001e-01 -9.021253264730319174e-03 -7.407738926770068844e-01 -8.631384013229139729e-01 8.361232267275014313e-03 -5.050674550153189113e-01 -1.401275040574273589e+01
-5.049100543846807287e-01 1.275245767614971784e-02 8.631973221028341747e-01 7.577159767126968859e+01 1.488851604376340877e-02 9.998707951419190110e-01 -6.064527792272211490e-03 -7.682944719413499213e-01 -8.631631248151362401e-01 9.788448381738801968e-03 -5.050347601893060423e-01 -1.449711021380556097e+01
-5.039375279971536337e-01 6.001773137007262483e-03 8.635470859016382006e-01 7.660860473225845624e+01 1.177504277124771966e-02 9.999306634132789640e-01 -7.680685719996337808e-05 -7.889696538589709984e-01 -8.634876143230764134e-01 1.013519349189764482e-02 -5.039731244679441780e-01 -1.497580266464144572e+01
-5.025820971805693427e-01 3.268270718754076641e-04 8.647948669964323765e-01 7.745155606930110537e+01 1.024829168909486068e-02 9.999318242064632045e-01 5.581840869263063679e-03 -8.021937154072642517e-01 -8.647341120257505676e-01 1.166507332997699688e-02 -5.025512455615077645e-01 -1.545948221531084243e+01
-5.027049806251195907e-01 -5.274189968231047729e-03 8.645996109374490812e-01 7.828452806673149666e+01 1.639772796741696985e-03 9.999737423953021231e-01 7.057905156134043796e-03 -8.222085824190263903e-01 -8.646141393518468332e-01 4.965194821474449259e-03 -5.026830688876448017e-01 -1.591503287242979070e+01
-5.000510032560425699e-01 -1.160995562490856406e-02 8.659184449575022535e-01 7.912554405526969958e+01 -7.741821803310548582e-03 9.999301100149260435e-01 8.927037657960913697e-03 -8.265126140316654269e-01 -8.659615781160548975e-01 -2.241956376271089617e-03 -5.001058428276091705e-01 -1.637351417031920775e+01
-4.975883545673227548e-01 -1.172072679492699651e-02 8.670422771604034962e-01 7.995188525036336102e+01 -4.690856503834548059e-03 9.999303450008238947e-01 1.082045348139355247e-02 -8.414817196012115419e-01 -8.671088455419411201e-01 1.324802780080280460e-03 -4.976086365802754319e-01 -1.685122619713401448e+01
-4.947191606945086084e-01 -8.507267947019031551e-03 8.687092230778926671e-01 8.077899299575911130e+01 4.051729117896902209e-04 9.999497818556003503e-01 1.000815810781876571e-02 -8.580333450247171756e-01 -8.687508340403987672e-01 5.302247468978733835e-03 -4.946907914301040821e-01 -1.731693271701907122e+01
-4.908641530864331082e-01 -4.390151384984813249e-03 8.716015052407115604e-01 8.161317535654951882e+01 2.333098879977853202e-03 9.999771399793487836e-01 6.352086594387506072e-03 -8.634206095787373414e-01 -8.716093495539380953e-01 5.148148427405926583e-03 -4.908426731531390641e-01 -1.779743955022644997e+01
-4.804027798668629168e-01 -3.517138281597714279e-03 8.765663957404827844e-01 8.244650413522836629e+01 6.943083317123362359e-03 9.999452552635599289e-01 7.814846661836277047e-03 -8.763921199931763439e-01 -8.765459260650838580e-01 9.847198492120359803e-03 -4.803520340266865807e-01 -1.825115188533264288e+01
-4.751440165331123344e-01 -1.486811708882880990e-03 8.800207762384845145e-01 8.328336655062295790e+01 1.355754548595892311e-02 9.998674273087990727e-01 9.012129156753374837e-03 -8.942801462323115569e-01 -8.799176220596593989e-01 1.621128306225207497e-02 -4.750609399581208758e-01 -1.870014733599776946e+01
-4.633889450645441443e-01 -2.057248107438217413e-03 8.857812980509068845e-01 8.411645441975626625e+01 1.270194369204269598e-02 9.998790681191779273e-01 8.967883384654961806e-03 -9.095780422593139347e-01 -8.856926458922729228e-01 1.541143306828079464e-02 -4.633067057343823181e-01 -1.913933084897981374e+01
-4.530936203148591690e-01 -5.182037678095223650e-03 8.911094998324085026e-01 8.496719379376503412e+01 9.054995889186375282e-03 9.999046766447010626e-01 1.041327768297715256e-02 -9.115596206751660491e-01 -8.910786416416885958e-01 1.279499356412186484e-02 -4.530034782429889217e-01 -1.954703068491968310e+01
-4.414217348319597334e-01 -8.902217381545420721e-03 8.974666813163587609e-01 8.582076481153949032e+01 1.047379201640438219e-02 9.998316910999877072e-01 1.506526543914044058e-02 -9.202004813359899726e-01 -8.974498463352210686e-01 1.604164368056508472e-02 -4.412543149506604201e-01 -1.996705151389509325e+01
-4.287851334039446405e-01 -1.111394972318727886e-02 9.031039795477265875e-01 8.667550632374019415e+01 8.953358102423123605e-03 9.998228910481661291e-01 1.655009368828162797e-02 -9.303209020874078083e-01 -9.031279956871193226e-01 1.518446316667782479e-02 -4.286097469420884210e-01 -2.036277880120853112e+01
-4.175355172501259982e-01 -1.107360154034270870e-02 9.083833426693549429e-01 8.752622040748474319e+01 1.034943132843073321e-02 9.998026882067458931e-01 1.694821129041074875e-02 -9.265846760204280441e-01 -9.083919285585598802e-01 1.648360320274168400e-02 -4.173385856657110815e-01 -2.074199606190910572e+01
-4.042397566898352501e-01 -1.026905043729539613e-02 9.144417559025382891e-01 8.839899687138721163e+01 1.328786996235633948e-02 9.997653629003866449e-01 1.710360726996465811e-02 -9.392744788247830989e-01 -9.144029105761217746e-01 1.906617505175330421e-02 -4.040084617689468360e-01 -2.112965612066380316e+01
