1.000000000000000000e+00 4.398956837314658088e-19 2.733407509747682871e-20 -8.673617379884035472e-19 -5.583667658079949532e-19 1.000000000000000000e+00 -6.100159232558060012e-19 0.000000000000000000e+00 4.145284534913582806e-20 -2.210423569125054137e-19 1.000000000000000222e+00 0.000000000000000000e+00
9.999374143131355419e-01 -1.573146309016848878e-03 1.107667295603106776e-02 4.394952348674605047e-02 1.565796956821493072e-03 9.999985482511734025e-01 6.721401743611384819e-04 -9.309366631717955198e-03 -1.107771444135693950e-02 -6.547542818576540915e-04 9.999384258674550718e-01 2.878327119465973194e-01
9.998441151620210965e-01 -3.363434048129677108e-03 1.733299491021202815e-02 5.525134195939042370e-02 3.353491728256921458e-03 9.999941954382924880e-01 6.026414434286575137e-04 -9.929845322667787966e-03 -1.733492154381538475e-02 -5.444214322954608323e-04 9.998495907291942153e-01 5.729421598048487496e-01
9.998014251071009051e-01 -5.339434800055357574e-03 1.919897966216032106e-02 6.751179416333333294e-02 5.347358378482725168e-03 9.999856374688608218e-01 -3.613928297758547286e-04 -1.440229011196257625e-02 -1.919677461501247823e-02 4.639849167810317001e-04 9.998156172723681179e-01 8.871789967055496717e-01
9.998115192237165827e-01 -7.163783022431102938e-03 1.804456352846556602e-02 5.322696609592346417e-02 7.193179219533029842e-03 9.999729045575848074e-01 -1.564707890946498902e-03 -1.891640987148339448e-02 -1.803286568824040426e-02 1.694210790287191621e-03 9.998359592377670246e-01 1.185401138530485010e+00
9.998946455406513278e-01 -9.452480162837785874e-03 1.101582806959785013e-02 6.397058990306704607e-02 9.489081078256956375e-03 9.999496144148591892e-01 -3.275050470569849850e-03 -1.772599096318892842e-02 -1.098431587334247964e-02 3.379235562954137698e-03 9.999339605983648127e-01 1.517944146661045046e+00
9.999449433394906883e-01 -1.047019618740794092e-02 -6.966341040419444510e-04 3.837198893116442605e-02 1.046697022521633075e-02 9.999351673008175512e-01 -4.483716271762784589e-03 -2.778519859208533616e-02 7.435343382520598387e-04 4.476177812690575880e-03 9.999897054415944897e-01 1.842218875087721974e+00
9.997973124623501517e-01 -1.009019408330999977e-02 -1.742188177295479409e-02 1.483131943013670830e-02 1.001037573330572708e-02 9.999390241654084743e-01 -4.662650728466384391e-03 -3.399069197455130420e-02 1.746786680935053307e-02 4.487306116917989113e-03 9.998373556443314047e-01 2.148735214933495286e+00
9.993248460223784768e-01 -6.268665589476061367e-03 -3.620160068017143351e-02 -8.491095445470175224e-03 6.092645063402855714e-03 9.999690863918661021e-01 -4.970505663609852028e-03 -4.244184638223422179e-02 3.623164061949205039e-02 4.746586317839224245e-03 9.993321460899842190e-01 2.495506418446332475e+00
9.984391528836616958e-01 -2.582280476918534778e-03 -5.579058781786617321e-02 -5.711790575253031244e-02 2.253771677825281046e-03 9.999797566309236441e-01 -5.950364557036915379e-03 -4.861157296181176091e-02 5.580482489973425525e-02 5.815337704755032394e-03 9.984247610591109323e-01 2.850557726535582592e+00
9.971224556597105826e-01 -2.425650436991408886e-03 -7.576888832493264281e-02 -1.060007035053889407e-01 1.954136043556922806e-03 9.999782669837679050e-01 -6.296579215869600038e-03 -5.116659620784733131e-02 7.578251624526856356e-02 6.130397802559263074e-03 9.971055253372482774e-01 3.210569133257484165e+00
9.953437795276671718e-01 -3.011153722596379353e-03 -9.634154461537101921e-02 -1.546155094516573070e-01 2.471361720533886940e-03 9.999805768719327581e-01 -5.721734569398750393e-03 -5.920710029486926651e-02 9.635690404717407731e-02 5.456998069904135662e-03 9.953318886221375061e-01 3.599782004390083223e+00
9.932044983879787514e-01 -4.299517731765854604e-03 -1.163027864686985297e-01 -2.205597839173114028e-01 3.760099135472618186e-03 9.999811351439565899e-01 -4.857057198768346962e-03 -7.081056790797173039e-02 1.163214774473558116e-01 4.386740988315012378e-03 9.932019285033649725e-01 3.977059812355427493e+00
9.910362910877349440e-01 -3.803700075551846166e-03 -1.335387626306928643e-01 -2.888099762687433847e-01 3.243666794862398641e-03 9.999850103374989807e-01 -4.411090664295172145e-03 -7.640245909967612048e-02 1.335535417047666318e-01 3.938395597663245200e-03 9.910337739104970733e-01 4.376564254641625240e+00
9.887045539586682974e-01 -2.866230981051073705e-03 -1.498502222540109285e-01 -3.765888695292567423e-01 2.309500846973411466e-03 9.999897703646363212e-01 -3.889134653896846212e-03 -8.472437081835747230e-02 1.498598390909255396e-01 3.499125824755399891e-03 9.887010596441403454e-01 4.788465447972079403e+00
9.866490212194733989e-01 -2.253150795285126587e-03 -1.628454222793718764e-01 -4.632361113117354767e-01 1.639985924331815569e-03 9.999910515466007288e-01 -3.899650054896080468e-03 -8.978403085004374451e-02 1.628527543809590861e-01 3.580521594598218456e-03 9.866438876001760727e-01 5.222220948276556030e+00
9.844771773104307178e-01 -3.052457093442563323e-03 -1.754860937229054951e-01 -5.450789496723886796e-01 2.291973281355713134e-03 9.999870852462389159e-01 -4.536099178931471236e-03 -9.568524774538440802e-02 1.754976766465361770e-01 4.063476556357349841e-03 9.844714594257401030e-01 5.651093247476296710e+00
9.827492512446153183e-01 -5.580455230648902545e-03 -1.848587754487973911e-01 -6.437561392734248988e-01 4.473615400625318740e-03 9.999694870551644188e-01 -6.404039092143099833e-03 -1.110186197743751740e-01 1.848888755133726858e-01 5.466577442862853402e-03 9.827442297397551707e-01 6.089638888475983336e+00
9.810753496602006019e-01 -4.970855111813243278e-03 -1.935625169855751671e-01 -7.392585548416900076e-01 3.462490970801572303e-03 9.999609549659810304e-01 -8.130171865007604012e-03 -1.187329088160649637e-01 1.935953765825663142e-01 7.306102631418019515e-03 9.810542553509571384e-01 6.550319059987087300e+00
9.796497173517662027e-01 -5.226665932335399986e-03 -2.006467350637758107e-01 -8.421873343992423155e-01 3.235415195230890214e-03 9.999422248782773304e-01 -1.025080432152591751e-02 -1.224110891679369290e-01 2.006887236704899824e-01 9.393021967165543495e-03 9.796100286842079896e-01 7.027898423912196435e+00
9.780530234706713566e-01 -5.644127043933139763e-03 -2.082796823559719124e-01 -9.581871917958475482e-01 3.085988891875929892e-03 9.999157902250874752e-01 -1.260512303004511850e-02 -1.353807631845876380e-01 2.083332916833274817e-01 1.168572982551426519e-02 9.779880798490420135e-01 7.502012621159591887e+00
9.762977871246927286e-01 -9.379498337781668957e-03 -2.162282469432713350e-01 -1.076373716462309726e+00 6.377876496283547449e-03 9.998734327709277725e-01 -1.457536002274329757e-02 -1.440587733862672692e-01 2.163375928329170639e-01 1.285081460975569939e-02 9.762340414018612078e-01 7.990220988940599511e+00
9.745133365902673983e-01 -1.491808554066137264e-02 -2.238329876986029920e-01 -1.191783994413400327e+00 1.167752174319222451e-02 9.998070676539893009e-01 -1.579439569413034275e-02 -1.652976671872855019e-01 2.240254290895766498e-01 1.277803458992003705e-02 9.744995280257443548e-01 8.523067301329190215e+00
9.724698596007879114e-01 -1.561288484994528478e-02 -2.325050725607967494e-01 -1.335116789655655944e+00 1.187205572405455184e-02 9.997767274633830858e-01 -1.747997412045965149e-02 -1.854840349663482435e-01 2.327260774042769487e-01 1.423843473055544720e-02 9.724380911507263248e-01 9.045029373171667331e+00
9.703341303545826024e-01 -1.235541232653081072e-02 -2.414518956999961441e-01 -1.467025204990596965e+00 7.236688500518454609e-03 9.997301239684296403e-01 -2.207508905063118587e-02 -1.843587199311658154e-01 2.416594846146858377e-01 1.967290014840596818e-02 9.701616730353103124e-01 9.562534446952620115e+00
9.682907720067224222e-01 -9.622478928469900203e-03 -2.496405162295503855e-01 -1.608857748042463731e+00 3.490451944190719417e-03 9.996814949472357936e-01 -2.499450736303266557e-02 -2.000486557809589561e-01 2.498015178880641229e-01 2.333059259864400659e-02 9.680159536491741434e-01 1.009998714404985165e+01
9.659749579931893315e-01 -1.209933567813453216e-02 -2.583524436110987144e-01 -1.787147067473882078e+00 5.270476450501239245e-03 9.996186002362328349e-01 -2.710859880117746923e-02 -2.251734240480725568e-01 2.585819085414911012e-01 2.482458711921374170e-02 9.656703049936635752e-01 1.067128886371779828e+01
9.635548675966444376e-01 -1.375667436971571463e-02 -2.671568256025100840e-01 -1.945939495487346127e+00 6.316691806767485429e-03 9.995684490831078239e-01 -2.868823781734938447e-02 -2.542719458051634351e-01 2.674361931824146832e-01 2.595514386485952771e-02 9.632259416519499684e-01 1.121184810336159998e+01
9.615113416794901502e-01 -1.392198623737589229e-02 -2.744123110739248861e-01 -2.123793304325705567e+00 5.537064180543880589e-03 9.994944817272509718e-01 -3.130689867066888815e-02 -2.794414618261383820e-01 2.747094495792575808e-01 2.858249958864831491e-02 9.611023674373954107e-01 1.178272954613700563e+01
9.589962567474623611e-01 -1.304513823634964771e-02 -2.831183536342481433e-01 -2.311710133044491133e+00 3.403217838970999491e-03 9.993981678172253469e-01 -3.452130156665524086e-02 -2.937265780383910840e-01 2.833983039257941261e-01 3.214228559551145226e-02 9.584634977749127982e-01 1.239148289008871906e+01
9.568795539364522984e-01 -1.443989810011864043e-02 -2.901258464475814369e-01 -2.487228254690702300e+00 2.942128490933536896e-03 9.991942485697430376e-01 -4.002745924044250753e-02 -3.308481696584223974e-01 2.904700745591040634e-01 3.744786991450176072e-02 9.561510313024026431e-01 1.297346925507160798e+01
9.549976323103880338e-01 -1.523564105966239771e-02 -2.962218689268953931e-01 -2.694461111012961929e+00 1.455998166543058222e-03 9.989086911176646710e-01 -4.668304687942496922e-02 -3.626778847625237168e-01 2.966098506103801435e-01 4.415090088760775106e-02 9.539776183837851420e-01 1.358048083511695481e+01
9.535040705875034162e-01 -1.588328332917860256e-02 -3.009613043854375558e-01 -2.913136828711011539e+00 -6.793815598959627696e-04 9.984944774311628191e-01 -5.484812636136203456e-02 -3.978804018231523743e-01 3.013793738491039043e-01 5.250237952982413775e-02 9.520577582915882298e-01 1.419290682832935424e+01
9.522466021385082025e-01 -1.595200233882813207e-02 -3.049130045513398501e-01 -3.112374722071974187e+00 -3.640570897235995661e-03 9.979701101505787930e-01 -6.357991406835002135e-02 -4.433434656195745505e-01 3.053082969039263572e-01 6.165381484678485874e-02 9.502555724465026055e-01 1.482546045286670200e+01
9.508610801565720028e-01 -1.505297893102172137e-02 -3.092516968806574007e-01 -3.335047495994642563e+00 -7.661999413774764518e-03 9.973675567880806447e-01 -7.210582788027444789e-02 -4.879091045655678527e-01 3.095230221494052469e-01 7.093211208530376954e-02 9.482426568643115283e-01 1.546217206235757224e+01
9.496410824189678301e-01 -1.376468883492559109e-02 -3.130372914381994165e-01 -3.567602628950878429e+00 -1.166832885176585961e-02 9.967882583015801323e-01 -7.922763530968116030e-02 -5.407107274546300024e-01 3.131224456085049956e-01 7.889043986265915909e-02 9.464304700631819278e-01 1.612000276214141081e+01
9.480061331476488107e-01 -1.281630291974056313e-02 -3.179938863248457648e-01 -3.812794998446989769e+00 -1.537658596980923630e-02 9.961773031099926401e-01 -8.599035617209500881e-02 -6.087258989930960373e-01 3.178803759572496612e-01 8.640904588816121501e-02 9.441851224954350696e-01 1.677343889516568254e+01
9.462142173244990628e-01 -1.172880798856956036e-02 -3.233281425657657526e-01 -4.045857621077898258e+00 -1.898837285985015971e-02 9.956069990067224484e-01 -9.168503262403489285e-02 -6.778423088506880800e-01 3.229831233587960870e-01 9.289315728065671018e-02 9.418347867830356712e-01 1.743791331995292282e+01
9.445615531468688486e-01 -9.362791313682958597e-03 -3.282008655841249789e-01 -4.292985205692550821e+00 -2.382260622994050031e-02 9.950044486764519913e-01 -9.694653439972775177e-02 -7.514296596829301844e-01 3.274690170579971360e-01 9.939056971283605213e-02 9.396199017789135244e-01 1.811971802914362328e+01
9.425328932718120001e-01 -7.066422576707436301e-03 -3.340386331098499362e-01 -4.534792640192591762e+00 -2.804244582953601891e-02 9.945755731874850181e-01 -1.001651158906068373e-01 -8.267861074916856845e-01 3.329344796903550563e-01 1.037761774159667028e-01 9.372220332484104688e-01 1.881574988958714556e+01
9.411238170859478336e-01 -6.265636619602609446e-03 -3.380039944979814637e-01 -4.820510620611137220e+00 -2.991802202382785533e-02 9.943615444479593224e-01 -1.017351014842474005e-01 -9.046944482357217598e-01 3.367356149015498512e-01 1.058577386639419082e-01 9.356298772718877332e-01 1.950751801577311895e+01
9.390352815772380346e-01 -5.540915819207064587e-03 -3.437761418632436783e-01 -5.107800151292028801e+00 -3.102953581479263312e-02 9.944241220779400647e-01 -1.007860770825091817e-01 -9.949734795050423353e-01 3.424177410569952951e-01 1.053088970397911689e-01 9.336274038969222255e-01 2.022853979583218731e+01
9.367070365784350150e-01 -5.411582272854265074e-03 -3.500723351366853420e-01 -5.378852620847334620e+00 -3.139958271580177429e-02 9.945528338943520064e-01 -9.939178435954990065e-02 -1.082948497405264554e+00 3.487033057309618655e-01 1.040931096758140467e-01 9.314347168018966006e-01 2.094004599538089906e+01
9.342758663187804569e-01 -5.215294131589859328e-03 -3.565128380035202382e-01 -5.662038385266438212e+00 -3.170463877362061922e-02 9.947170224149430862e-01 -9.763637233059473119e-02 -1.161573784440923074e+00 3.551385971186267754e-01 1.025224177146755733e-01 9.291747593208427025e-01 2.165681852545294817e+01
9.313381904992542593e-01 -6.215118708897915574e-03 -3.641023818313799398e-01 -5.959876340372065151e+00 -3.036247805880908784e-02 9.950475416955595342e-01 -9.464940410095912249e-02 -1.254878451484086721e+00 3.628874434340363386e-01 9.920565591432294050e-02 9.265370710280990130e-01 2.238163306976610301e+01
9.276629733567011149e-01 -1.766785862499981041e-03 -3.734143589001057140e-01 -6.279622627812264213e+00 -3.385036271847040312e-02 9.954737989463605663e-01 -8.880353921515775351e-02 -1.323267601417699613e+00 3.718811136176544685e-01 9.501996726403315330e-02 9.234043783909460235e-01 2.317532354683087092e+01
9.241322710769441784e-01 7.116507928629826028e-04 -3.820720299664782105e-01 -6.605222913680083963e+00 -3.523742516244263157e-02 9.958950289653895060e-01 -8.337514727232796241e-02 -1.401492824655509173e+00 3.804443078579300419e-01 9.051289925008305925e-02 9.203638121306828568e-01 2.390108890409966236e+01
9.206633669190555924e-01 4.177039074898483695e-03 -3.903351303791874893e-01 -6.936089552336203390e+00 -3.832414545229622521e-02 9.960791895719556255e-01 -7.973398285657591622e-02 -1.479646768343334973e+00 3.884716550057128459e-01 8.836741788449191393e-02 9.172137023715370985e-01 2.464370878248452712e+01
9.169997406242463844e-01 4.445820354841280124e-03 -3.988630179658384511e-01 -7.283511959025253724e+00 -3.866904735671952004e-02 9.962189887150635359e-01 -7.779737366004287058e-02 -1.553727904964054440e+00 3.970090460339121829e-01 8.676382483372732657e-02 9.137044704360078873e-01 2.537369405424046320e+01
9.127182289495038292e-01 5.620447715440986605e-03 -4.085509046468324690e-01 -7.619016993039761765e+00 -4.048433858596911517e-02 9.962290084517274602e-01 -7.673839392911460666e-02 -1.630296152664606035e+00 4.065789654607799286e-01 8.658044457747096634e-02 9.095039168856547951e-01 2.612586203541337682e+01
9.089319289914935540e-01 5.022650669710563946e-03 -4.169142812258335162e-01 -7.989079513092722351e+00 -4.018079783172458230e-02 9.963285715095059336e-01 -7.559683283194547354e-02 -1.699077057553247672e+00 4.150039208728484308e-01 8.546432394618269646e-02 9.057966650897960603e-01 2.689944530778899079e+01
9.051349523844717249e-01 5.174751605896529133e-03 -4.250928560210794349e-01 -8.371684393091243237e+00 -4.050641214902467313e-02 9.964264078193597607e-01 -7.411912325644791355e-02 -1.769209526451162029e+00 4.231902067057692340e-01 8.430679591667922246e-02 9.021099803964741648e-01 2.769986976251742306e+01
9.011284464685065387e-01 6.840089124742538933e-03 -4.334982495148728132e-01 -8.754398448692729318e+00 -4.195579991799910924e-02 9.965584861960440355e-01 -7.149052040510450734e-02 -1.839602912140384738e+00 4.315173651628927409e-01 8.260990777684908137e-02 8.983141824827409749e-01 2.847615551929263589e+01
8.975017360844483871e-01 6.827586021401276656e-03 -4.409580636079721838e-01 -9.149404674325021247e+00 -4.073218191260837007e-02 9.968895966948504439e-01 -6.746866993657602007e-02 -1.916583690442478893e+00 4.391258655664830313e-01 7.851443278333386511e-02 8.949882467965897259e-01 2.925023286612255191e+01
8.933865881646559925e-01 8.322237198345194126e-03 -4.492116877201989822e-01 -9.556106203655925668e+00 -4.049925338414131493e-02 9.972498405209427874e-01 -6.206904321390908918e-02 -1.973948207242223418e+00 4.474597383126496242e-01 7.364438897976367804e-02 8.912666775790869522e-01 3.005001663654705624e+01
8.895794685988046568e-01 7.576197900882675543e-03 -4.567175999218178739e-01 -9.978584210046840042e+00 -3.806533233717759868e-02 9.976141571770201777e-01 -5.759361024253908945e-02 -2.041674562519044667e+00 4.551916107377129705e-01 6.861920063524715174e-02 8.877454629261418706e-01 3.084582744902696305e+01
8.862642424564687316e-01 6.861501911434439958e-03 -4.631291483305323142e-01 -1.042302607180512908e+01 -3.683034726284048488e-02 9.977681549756761692e-01 -5.569770643409344829e-02 -2.109484225303465355e+00 4.617133538540367232e-01 6.642009315028192529e-02 8.845389501513752917e-01 3.165699886891958670e+01
8.827154133104152534e-01 7.205919658469169681e-03 -4.698527103356184842e-01 -1.085860179164408379e+01 -3.705360835406639602e-02 9.978364140971505147e-01 -5.430949158643699065e-02 -2.165303059093417026e+00 4.684448018476211062e-01 6.534956379968603901e-02 8.810725886570370813e-01 3.247514969947135910e+01
8.794988213990653225e-01 7.157924379185940864e-03 -4.758472262780942819e-01 -1.131093010245523089e+01 -3.651823215647911902e-02 9.979538200310194007e-01 -5.248420593216000796e-02 -2.219354393151146354e+00 4.744978873904053263e-01 6.353689689216705794e-02 8.779606039272885853e-01 3.328995749287665262e+01
8.769729952584410793e-01 6.014565719374020784e-03 -4.805020145511811336e-01 -1.179426673695318151e+01 -3.500668299625420837e-02 9.980644999655523542e-01 -5.139830851071371803e-02 -2.287901040909778416e+00 4.792628726174620324e-01 6.189571040242151240e-02 8.754861646533824704e-01 3.414712876675660880e+01
8.741292114149918913e-01 4.920584596422601827e-03 -4.856685134021668793e-01 -1.228024917346709621e+01 -3.395122463583043898e-02 9.981216745008091307e-01 -5.099448302260450872e-02 -2.349720263084854821e+00 4.845053555096864306e-01 6.106480815082496877e-02 8.726543727699900277e-01 3.498712188059415951e+01
8.720016817087677952e-01 4.743246868665339754e-03 -4.894798912631607712e-01 -1.274336733050215642e+01 -3.416377301292385787e-02 9.981043994138998343e-01 -5.119027784496561068e-02 -2.408044120103704611e+00 4.883092331629209082e-01 6.136048838969431624e-02 8.705107626939149190e-01 3.581846135049681834e+01
8.706762126559044468e-01 4.748461070850073899e-03 -4.918336914399475401e-01 -1.324341268404692151e+01 -3.467291344647166484e-02 9.980582678834848398e-01 -5.174440109938314991e-02 -2.460964148115651451e+00 4.906329843241243882e-01 6.210592631579057998e-02 8.691502363482749294e-01 3.668470333190349919e+01
8.699432015866392920e-01 4.502684093571955593e-03 -4.931313689364569264e-01 -1.374226199058465880e+01 -3.408962348328593850e-02 9.981154174033548543e-01 -5.102461341479971185e-02 -2.523447658546381422e+00 4.919722828826990635e-01 6.119917836638697622e-02 8.684572172541528134e-01 3.757226999106535459e+01
8.698593282937869819e-01 3.814448500619994475e-03 -4.932851043172181149e-01 -1.425879065284740932e+01 -3.260413899329152321e-02 9.982281341435189637e-01 -4.977511811820342635e-02 -2.577375463072896888e+00 4.922212131220942699e-01 5.938048701782879663e-02 8.684424217396236045e-01 3.843467518989371712e+01
8.696067587627055451e-01 3.121848427427403351e-03 -4.937350851903961058e-01 -1.478235079909118177e+01 -3.148281241656355339e-02 9.982956940589788886e-01 -4.913796701288653673e-02 -2.634197633568613917e+00 4.927402167399207444e-01 5.827487738797079708e-02 8.682229680471766908e-01 3.933771915515999495e+01
8.690550107036455474e-01 1.515276895871391907e-03 -4.947131365378281131e-01 -1.529220723526036352e+01 -2.989428121227704488e-02 9.983287718272545463e-01 -4.945700501606056093e-02 -2.707569309375009059e+00 4.938114254422962257e-01 5.776995173341300388e-02 8.676479202825388981e-01 4.023498629958706374e+01
8.681311832499922776e-01 -1.634645341480559853e-05 -4.963348099128261914e-01 -1.583150975326336862e+01 -2.849285165265522113e-02 9.983492444288427636e-01 -4.986926510293922948e-02 -2.765043241054634393e+00 4.955163061684979553e-01 5.743505831378019344e-02 8.666976457908097675e-01 4.115761314701109796e+01
8.665888422835570370e-01 -9.926090472983327678e-04 -4.990218314255537857e-01 -1.635643727324177732e+01 -2.680626319763411772e-02 9.984616020438227268e-01 -4.853713571278128747e-02 -2.823158393753270712e+00 4.983023242330310576e-01 5.543865086284649468e-02 8.652290763296955900e-01 4.205909660439474607e+01
8.645169187407756306e-01 -6.554744225859369120e-04 -5.026032854857928056e-01 -1.691304217190841186e+01 -2.531794609228386894e-02 9.986728017677867220e-01 -4.485127266281929009e-02 -2.886524458272128335e+00 5.019656387962028177e-01 5.149956695537605961e-02 8.633529388436254060e-01 4.300324988693834882e+01
8.615505351169113757e-01 -8.507995108208480338e-04 -5.076711007182000968e-01 -1.746206456268577156e+01 -2.282757244216993345e-02 9.989222269016223565e-01 -4.041394041058896103e-02 -2.945357879181244254e+00 5.071583393591505562e-01 4.640755078779477960e-02 8.606025581432263927e-01 4.392379398590432515e+01
8.573727496737739706e-01 -1.524506316137696658e-03 -5.146937330034041524e-01 -1.797960003035897714e+01 -2.147515530117286020e-02 9.990188356679394754e-01 -3.873220526170248479e-02 -3.002847382748575100e+00 5.142477902225357500e-01 4.426106512199918380e-02 8.564987878163521362e-01 4.478835642173058318e+01
8.524932572542079923e-01 -4.205761953689407529e-03 -5.227212952919252364e-01 -1.855071869528867623e+01 -1.981155890983962720e-02 9.989892618636996291e-01 -4.034794727166565731e-02 -3.066638870538382022e+00 5.223626638061710237e-01 4.475227667470954573e-02 8.515482878323042959e-01 4.569946918375664069e+01
8.464470297161118539e-01 -7.028559955046929757e-03 -5.324265392505143080e-01 -1.911915567647500325e+01 -1.883155108766329869e-02 9.988922069851242647e-01 -4.312460479613347553e-02 -3.132436182736905828e+00 5.321398338879167467e-01 4.652911116806011937e-02 8.453769836613126420e-01 4.657993038959448739e+01
8.400290926735107799e-01 -7.887553871730686172e-03 -5.424840128809031992e-01 -1.970439978007554771e+01 -1.804340223171321811e-02 9.989350476444832649e-01 -4.246417611170935635e-02 -3.198135007462539203e+00 5.422412410744273936e-01 4.545940051740111204e-02 8.389921841578186212e-01 4.749510065259557479e+01
8.346404490111247743e-01 -4.727900117196331790e-03 -5.507748741032770790e-01 -2.032127999650545647e+01 -1.956154177784518930e-02 9.990778790680011623e-01 -3.821959805114921727e-02 -3.244193200963325641e+00 5.504477009939595655e-01 4.267362809201313140e-02 8.337783253314429155e-01 4.837300788797791995e+01
8.294811307227145658e-01 -3.509116212194264063e-04 -5.585346225475387172e-01 -2.090986011351962759e+01 -2.233180129807016759e-02 9.991793329913430943e-01 -3.379276870530046467e-02 -3.292988661115760607e+00 5.580881195078114532e-01 4.050354807881473979e-02 8.287925672120440845e-01 4.923341271987332846e+01
8.255176967100754659e-01 -3.936877160349176513e-04 -5.643760902621688391e-01 -2.153131027651674501e+01 -2.333104872867331273e-02 9.991211077651218631e-01 -3.482347237555125097e-02 -3.354133554577078069e+00 5.638937837942099573e-01 4.191487865222880832e-02 8.247829712535325042e-01 5.013530073587030245e+01
8.221864850853281004e-01 -2.276585341744538291e-03 -5.692136634323280431e-01 -2.215331838599170666e+01 -2.425275777059263463e-02 9.989438066149347595e-01 -3.902659364240959605e-02 -3.402718161624317617e+00 5.687013208986987367e-01 4.589213886653365632e-02 8.212628844757016155e-01 5.098972744899140963e+01
8.190903705229009013e-01 -4.698113344519631862e-03 -5.736452617222630446e-01 -2.274943241577069841e+01 -2.601401051867149872e-02 9.986335995582114045e-01 -4.532333985944817650e-02 -3.480124134627049504e+00 5.730743766419958973e-01 5.204672508167721562e-02 8.178489491037117531e-01 5.184452618832742132e+01
8.157723551296833797e-01 -5.640472716792276249e-03 -5.783456088077205681e-01 -2.338450004952235872e+01 -2.651699918203888340e-02 9.985361948648846520e-01 -4.714145039222424061e-02 -3.540835938593788423e+00 5.777649335508883155e-01 5.379268202953945560e-02 8.144286557578809260e-01 5.272676225551516183e+01
8.126054472034380805e-01 -4.327109903169207815e-03 -5.827981269315175572e-01 -2.398822718481245175e+01 -2.572044420433407252e-02 9.987319432850666479e-01 -4.327775708512976438e-02 -3.600739701831838335e+00 5.822463834961111306e-01 5.015756780126621323e-02 8.114637230288910263e-01 5.356310656262347436e+01
8.092760675580727980e-01 -2.061029615331791843e-03 -5.874248820019941641e-01 -2.465157478597536311e+01 -2.538643105473583489e-02 9.989368862015431949e-01 -3.847891048721490542e-02 -3.651302290363285241e+00 5.868796987943097898e-01 4.605268253154522207e-02 8.083633936332991210e-01 5.444992750788069458e+01
8.064607164444835830e-01 -5.320160054415955892e-04 -5.912874284713441897e-01 -2.531471378839873054e+01 -2.547153967929418478e-02 9.990400458108620318e-01 -3.563969110486436831e-02 -3.711408818933863429e+00 5.907387906983241344e-01 4.380301189519122257e-02 8.056730006561617641e-01 5.531766807179122480e+01
8.034498892049091179e-01 -2.537612814856823906e-04 -5.953723241240260755e-01 -2.593616232086275986e+01 -2.631811233166405153e-02 9.990072768086948329e-01 -3.594186831349642508e-02 -3.761535089427286760e+00 5.947904151191630850e-01 4.454656569968749175e-02 8.026456081761322858e-01 5.613823677687737046e+01
7.996230046594747787e-01 -6.357703891316884804e-04 -6.005019894206125031e-01 -2.659194277162377062e+01 -2.714466512256845723e-02 9.989389817561077356e-01 -3.720319792887952226e-02 -3.809670115806999657e+00 5.998885088869144733e-01 4.604895820878306817e-02 7.987573331230778395e-01 5.700172107157111157e+01
7.956922230575663724e-01 -3.112157727020052611e-03 -6.056931513688131874e-01 -2.723549331307165744e+01 -2.613209667570782005e-02 9.988793097739423477e-01 -3.946185598961546998e-02 -3.879571119097633414e+00 6.051371789248923827e-01 4.722752380356421559e-02 7.947191721947022280e-01 5.785477592859903950e+01
7.917279357164923592e-01 -4.645056755611303399e-03 -6.108561959411834552e-01 -2.790733731368111847e+01 -2.492650293408689779e-02 9.988926016725557799e-01 -3.990287986577246981e-02 -3.932520595037594546e+00 6.103650964749581798e-01 4.681873335643259304e-02 7.907353933521928946e-01 5.869492408705837505e+01
7.870655086633095987e-01 -5.273310846511836125e-03 -6.168468772733991523e-01 -2.858577088668491584e+01 -2.416284280264401063e-02 9.989325000921470687e-01 -3.937025948760165123e-02 -3.987754284120845760e+00 6.163960155322967260e-01 4.589174731623653358e-02 7.860978989812500428e-01 5.955641898557637859e+01
7.825107723131762283e-01 -4.967646156477990328e-03 -6.226172229512293432e-01 -2.927127139914123433e+01 -2.439106122827332940e-02 9.989560392925496135e-01 -3.862522153661415020e-02 -4.050816360576429354e+00 6.221591221953854944e-01 4.541094661023907519e-02 7.815726965173346308e-01 6.038239454221042735e+01
7.769057594414089385e-01 -5.933178861405218746e-03 -6.295889379528655239e-01 -2.997012434903654565e+01 -2.416435373041176532e-02 9.989378862842589468e-01 -3.923242790819815584e-02 -4.109722867641768751e+00 6.291530267667629905e-01 4.569350886566588693e-02 7.759372266206007174e-01 6.122624976760965154e+01
7.715049141883670858e-01 -6.917416030393174972e-03 -6.361857504299071042e-01 -3.067787697666308588e+01 -2.417438187816831410e-02 9.989000721151402029e-01 -4.017767083320908372e-02 -4.160125398737683611e+00 6.357639286093746955e-01 4.637666763169703138e-02 7.704890910472040888e-01 6.206662220642612482e+01
7.664611557584291024e-01 -8.155460154452658789e-03 -6.422388787358539464e-01 -3.136481886507310790e+01 -2.366917606691805454e-02 9.988815630969712922e-01 -4.093156547375054882e-02 -4.225754013835444134e+00 6.418544018919295491e-01 4.657371994230113943e-02 7.654108851872029051e-01 6.287422865060382549e+01
7.600935434390672096e-01 -9.619482367191721853e-03 -6.497424588168821957e-01 -3.207870373981265999e+01 -2.316464665203070081e-02 9.988537828034284027e-01 -4.188698802713238661e-02 -4.283939488287887620e+00 6.494006551777117275e-01 4.688908348893297551e-02 7.589994801414110537e-01 6.371174539922210300e+01
7.545271978732628337e-01 -1.162770654838925048e-02 -6.561657534291345240e-01 -3.281373359314176241e+01 -2.231246554236736984e-02 9.988104640945536516e-01 -4.335678418796102412e-02 -4.343290706233501552e+00 6.558893719786184073e-01 4.735454850796469439e-02 7.533702187897697300e-01 6.452895194763698328e+01
7.483834699828233461e-01 -1.242269835012180072e-02 -6.631499454308266150e-01 -3.355723550062717209e+01 -2.164003229524960603e-02 9.988349726605831869e-01 -4.313242897719447855e-02 -4.410850371982438567e+00 6.629131902006205612e-01 4.663018295286350257e-02 7.472427561080811076e-01 6.534575897218377349e+01
7.420657112733095584e-01 -1.274281468285279155e-02 -6.702060074073691309e-01 -3.430549458340603763e+01 -2.066109422280238209e-02 9.989094613713080939e-01 -4.186892886094498861e-02 -4.472689569615999616e+00 6.700086614252103168e-01 4.491668577216435809e-02 7.409931803872078504e-01 6.617990583364445456e+01
7.357439177574630618e-01 -1.339063859151285590e-02 -6.771274397462822003e-01 -3.504208701785300661e+01 -1.973845365136491642e-02 9.989558431803693406e-01 -4.120214626816811471e-02 -4.536865873967421692e+00 6.769721472406813323e-01 4.367967691314997986e-02 7.347113761708793378e-01 6.698399098401114315e+01
7.292726925364444446e-01 -1.419015613169867865e-02 -6.840759976799487552e-01 -3.582097920855639472e+01 -1.942116876395640068e-02 9.989527985014439171e-01 -4.142613429956781834e-02 -4.595891677974254463e+00 6.839474873831685731e-01 4.349650370573415747e-02 7.282334086145613172e-01 6.780991816227697200e+01
7.227172113560986766e-01 -1.648584171549438357e-02 -6.909472052787488661e-01 -3.661271668403573187e+01 -1.823644272900822039e-02 9.989125428988099298e-01 -4.290878494705412799e-02 -4.664795366151428091e+00 6.909032291905584655e-01 4.361133633976758267e-02 7.216306452453311593e-01 6.859335223090255340e+01
7.171068145514641889e-01 -1.522262030501690157e-02 -6.967970143897371793e-01 -3.737362617658557440e+01 -2.062413019511046344e-02 9.988601538794920076e-01 -4.304693113768939122e-02 -4.717682273052294484e+00 6.966580721218598171e-01 4.524007982037003828e-02 7.159754707969469001e-01 6.937734915848432138e+01
7.115967066552328912e-01 -1.515580127239340123e-02 -7.024246717876287960e-01 -3.820433251334194580e+01 -2.036896994668333655e-02 9.989020504977044190e-01 -4.218765944599202344e-02 -4.781035362180138470e+00 7.022928448677666635e-01 4.432826635131785487e-02 7.105067023219047151e-01 7.019499881863701773e+01
7.071520182547280653e-01 -1.484968479839869453e-02 -7.069055811072388895e-01 -3.902905474441442379e+01 -2.126244334152904009e-02 9.988806721326892735e-01 -4.225294521810418757e-02 -4.842234997112458750e+00 7.067417771016457628e-01 4.490979515437909519e-02 7.060447436960215484e-01 7.099535846168006969e+01
7.018151386971350769e-01 -1.551172724152877734e-02 -7.121902048926874729e-01 -3.983661364051578602e+01 -2.111628452802128894e-02 9.988705501649596252e-01 -4.256438155422576086e-02 -4.915669997209731079e+00 7.120460811445810112e-01 4.491113814483868594e-02 7.006949246493702210e-01 7.178373264581931323e+01
6.966236818845332746e-01 -1.784115296892832200e-02 -7.172148419460726565e-01 -4.067778170624319500e+01 -2.082788178091557821e-02 9.987664684929502545e-01 -4.507483542706755553e-02 -4.980253436609597628e+00 7.171343342463006865e-01 4.633826356192322776e-02 6.953927821970048440e-01 7.257848165549140163e+01
6.916886283151717496e-01 -1.978095504225417176e-02 -7.219248891476791608e-01 -4.148717197443814086e+01 -2.085861028800787068e-02 9.986606178333802264e-01 -4.734858813436746555e-02 -5.044137715279911838e+00 7.218945685708876292e-01 4.780882971706727075e-02 6.903495906729625320e-01 7.336105682569704811e+01
6.866783041306567803e-01 -2.019469851266195853e-02 -7.266808590869524576e-01 -4.235959234194685763e+01 -2.148916034057114788e-02 9.986133604738305358e-01 -4.805800978821594960e-02 -5.112006853489029723e+00 7.266437442371801447e-01 4.861615398025545542e-02 6.852921627482930766e-01 7.415443956631717981e+01
6.817615157339079746e-01 -2.006988853026676553e-02 -7.312991353047106902e-01 -4.321483157041075174e+01 -2.138763212949138653e-02 9.986495534411852226e-01 -4.734594636950435059e-02 -5.184856985974645838e+00 7.312617953841690221e-01 4.791940085464044957e-02 6.804115868651960941e-01 7.494008197326756715e+01
6.769762566929429237e-01 -1.997402774903352801e-02 -7.357337670897697857e-01 -4.405110291470774797e+01 -2.085586975679163887e-02 9.987096683524336882e-01 -4.630368310964834422e-02 -5.252419271149897817e+00 7.357093102696669051e-01 4.669086148119244717e-02 6.756861581064125266e-01 7.569602907468646436e+01
6.712637902510479870e-01 -2.083653819636240023e-02 -7.409256051649726338e-01 -4.494120812812197840e+01 -2.014850728850465025e-02 9.987224806300346591e-01 -4.634052621715924192e-02 -5.327062705674504350e+00 7.409446472810155004e-01 4.603526201343035446e-02 6.699864136456996633e-01 7.647896744948100434e+01
6.665933407208178840e-01 -2.198635441698033530e-02 -7.450972473681933828e-01 -4.581161240137643631e+01 -1.904654821563200873e-02 9.987362010731143380e-01 -4.651053317688510352e-02 -5.391164377955147913e+00 7.451782041910830490e-01 4.519514211284519911e-02 6.653321376493995798e-01 7.724646269773788276e+01
6.622950181436987327e-01 -2.263778230578410156e-02 -7.489010811627192510e-01 -4.672112477284948540e+01 -1.842367315387640966e-02 9.987491545409602489e-01 -4.648327225096126475e-02 -5.461738423856710156e+00 7.490166127692483578e-01 4.458314815091465183e-02 6.610495193677544679e-01 7.804411540810933445e+01
6.584305255563471793e-01 -2.348302633167368564e-02 -7.522750693834807656e-01 -4.761788408330140498e+01 -1.714073826798461278e-02 9.987860374100163696e-01 -4.618058674063704044e-02 -5.533433960698559417e+00 7.524463085121445571e-01 4.330125782217408847e-02 6.572287001692470598e-01 7.879221978667730752e+01
6.544438046125113928e-01 -2.620644806248431311e-02 -7.556563492254052550e-01 -4.852505469723725895e+01 -1.448094015953473208e-02 9.987814569608133297e-01 -4.717948306431422878e-02 -5.603581491555819305e+00 7.559719691621248350e-01 4.181893451021358177e-02 6.532668437156955443e-01 7.958090217930106292e+01
6.498904237860855249e-01 -3.034410478759008364e-02 -7.594219260206959143e-01 -4.942643472622906842e+01 -1.178185224249418163e-02 9.986803895711308110e-01 -4.998667277443435975e-02 -5.688169569533924275e+00 7.599365988816646489e-01 4.143325661093117535e-02 6.486753129033906440e-01 8.037023521725160435e+01
6.451779879517344218e-01 -3.400860604437686702e-02 -7.632750276435087411e-01 -5.031908329831090754e+01 -8.358748835633464380e-03 9.986348765206237710e-01 -5.156078662667794993e-02 -5.757280332841234305e+00 7.639865866517573378e-01 3.964590854028805789e-02 6.440129719985946410e-01 8.113065776169587195e+01
6.389416126259503947e-01 -3.793717918297681568e-02 -7.683191883631395047e-01 -5.123854392020226101e+01 -3.231082325683820762e-03 9.986420247196677868e-01 -5.199679377785420414e-02 -5.830168172298830775e+00 7.692484548658262700e-01 3.570541749881350063e-02 6.379513686316542476e-01 8.188630598232779789e+01
6.307512586011855271e-01 -4.168782191848291463e-02 -7.748644811978278035e-01 -5.219004507449331243e+01 1.699153066491425551e-03 9.986277105786607322e-01 -5.234318031851193515e-02 -5.908946557736394212e+00 7.759832294534468877e-01 3.169891314717530884e-02 6.299565203920385326e-01 8.265290940343322745e+01
6.220509531997988617e-01 -4.277089587533414866e-02 -7.818076814986916201e-01 -5.311877092787210586e+01 4.794683014961172163e-03 9.986962459738591980e-01 -5.082144498568261920e-02 -6.000415104553765921e+00 7.829620888492034858e-01 2.786500788628444580e-02 6.214450257435064628e-01 8.339798275445735953e+01
6.125789902836800138e-01 -4.233038518277961598e-02 -7.892750520029895300e-01 -5.406562773834789226e+01 6.460030668865389576e-03 9.987996782803139073e-01 -4.855379127725512750e-02 -6.056748609053457244e+00 7.903829823650799780e-01 2.464429095856941407e-02 6.121171551045744286e-01 8.412692640060869564e+01
6.041612969175779169e-01 -4.171826608353895044e-02 -7.957692517103038821e-01 -5.507572361021792773e+01 5.490781730109487759e-03 9.988228694758011228e-01 -4.819467508579816650e-02 -6.145034543622213796e+00 7.968431394875462592e-01 2.474796169673288554e-02 6.036791872172323492e-01 8.486051188825092595e+01
5.947092733518003493e-01 -4.237876214929291868e-02 -8.028230869267451997e-01 -5.604056161939686831e+01 3.627828974053707960e-03 9.987409604135111252e-01 -5.003331719851529524e-02 -6.215088217443798690e+00 8.039326648236045925e-01 2.684277243392155232e-02 5.941142548554974034e-01 8.557788172324461584e+01
5.842528030795470784e-01 -4.479902865470634932e-02 -8.103343119449131216e-01 -5.705054728919535734e+01 4.288726080994953449e-03 9.986317868107003060e-01 -5.211680321900637181e-02 -6.293243974954505049e+00 8.115603980395320605e-01 2.697408604242957850e-02 5.836455525815688050e-01 8.629905623409523230e+01
5.746412169506022183e-01 -4.611316310896736159e-02 -8.171052782680947590e-01 -5.805842776223515500e+01 4.672306353623400729e-03 9.985799288133012652e-01 -5.306877896676044648e-02 -6.372784988381748228e+00 8.183921140121889204e-01 2.667774110933695403e-02 5.740406414806685786e-01 8.699889081956867187e+01
5.644238163786775564e-01 -4.718199662231352398e-02 -8.241356698437265482e-01 -5.905262261291840531e+01 8.004017485031475476e-03 9.986310916663443393e-01 -5.169021602623449785e-02 -6.450720321279405312e+00 8.254463655273761580e-01 2.257879221013472243e-02 5.640288185891003669e-01 8.767264234827442237e+01
5.545652840998948063e-01 -4.716030241088498692e-02 -8.308027677923720544e-01 -6.007692727867638638e+01 8.877278314133041359e-03 9.986712384498166450e-01 -5.076368183483818963e-02 -6.532526052383819781e+00 8.320928739946666930e-01 2.077650774578952350e-02 5.542470553632654617e-01 8.836263122600372810e+01
5.439318672915124386e-01 -4.784606861561001290e-02 -8.377642059025653953e-01 -6.113359845287383365e+01 9.578400701518429219e-03 9.986620851253236175e-01 -5.081627635363183959e-02 -6.617499548316700952e+00 8.390747222663964555e-01 1.961615031371887613e-02 5.436624227426211098e-01 8.904819402835281039e+01
5.339177021286864999e-01 -4.877559347975066184e-02 -8.441284356564601188e-01 -6.218632762679617088e+01 8.828597893147223374e-03 9.986019464363086184e-01 -5.211725628347341904e-02 -6.691971747618779887e+00 8.454903636159878388e-01 2.037385467568491454e-02 5.336018778630725601e-01 8.969262738091622111e+01
5.236467750292481682e-01 -4.949623476708847614e-02 -8.504964224583743126e-01 -6.326374209404792026e+01 7.910005769482218729e-03 9.985502909854800935e-01 -5.324235299058953375e-02 -6.775634172826257462e+00 8.518987608626487074e-01 2.115275432088056101e-02 5.232791562691423426e-01 9.033559046406159609e+01
5.140190100975768894e-01 -5.001570681381532074e-02 -8.563193756032920767e-01 -6.431414307512930861e+01 6.367510264015943493e-03 9.984935991345260664e-01 -5.449758960402804192e-02 -6.860671426006407003e+00 8.577551656498874078e-01 2.256017414739371757e-02 5.135631681378182156e-01 9.096317477028775045e+01
