1 0 0 0 0 1 0 0 0 0 1 0
0.99993661 -0.0027851291 0.010909945 0.008734812 0.0027738132 0.9999956 0.0010522232 -0.0075964764 -0.010912829 -0.0010218944 0.99993993 0.29419627
0.99984057 -0.0047703116 0.017206918 0.020333035 0.0047527126 0.99998814 0.0010635541 -0.010886656 -0.017211789 -0.00098160503 0.99985138 0.58416701
0.9997805 -0.0075815298 0.019531138 0.028645764 0.0075858733 0.99997122 -0.00014828625 -0.016014657 -0.019529454 0.00029641447 0.99980924 0.88400261
0.99980713 -0.0088779188 0.017518375 0.030650897 0.0089055855 0.99995922 -0.0015018834 -0.019645981 -0.017504329 0.0016576051 0.99984541 1.191547
0.99987734 -0.011467517 0.010667633 0.033050359 0.011502592 0.99992862 -0.0032323683 -0.021601852 -0.010629805 0.0033546774 0.99993787 1.5060467
0.9999181 -0.012743928 -0.0011750692 0.022885006 0.012738145 0.99990732 -0.0048046884 -0.031163544 0.001236191 0.0047893268 0.99998777 1.8310858
0.99978477 -0.012235465 -0.016754362 -0.0010101622 0.012151419 0.99991312 -0.0051090257 -0.039564462 0.016815419 0.0049043369 0.99984658 2.1626163
0.99931612 -0.0080269543 -0.036095287 -0.038952024 0.0078399169 0.99995511 -0.0053203387 -0.044811571 0.036136376 0.0050337163 0.99933419 2.504108
0.99844162 -0.0043942183 -0.055632898 -0.083555423 0.004039073 0.99997075 -0.0064945643 -0.050054236 0.055659814 0.0062597381 0.99843017 2.857259
0.99714769 -0.0034139643 -0.075397838 -0.12638786 0.0029158216 0.9999732 -0.0067159519 -0.054154846 0.075418752 0.0064769494 0.99713091 3.2067275
0.99531358 -0.0048455032 -0.096578436 -0.18032968 0.0042657582 0.99997163 -0.0062084133 -0.061793063 0.096605787 0.0057673379 0.99530601 3.5932595
0.99325185 -0.0059177983 -0.11582634 -0.24086411 0.0053272366 0.99997119 -0.0054075832 -0.069685175 0.11585502 0.0047540577 0.99325476 3.9833729
0.99106356 -0.0050451538 -0.13329502 -0.31046637 0.0044618451 0.99997912 -0.0046744183 -0.077450756 0.13331583 0.0040379039 0.99106538 4.3735896
0.98876083 -0.003870878 -0.1494558 -0.38860049 0.0033164539 0.99998666 -0.0039586749 -0.084258298 0.14946914 0.0034185194 0.98876048 4.7849322
0.98670713 -0.0034425921 -0.16247212 -0.46909951 0.0027888976 0.99998707 -0.0042513297 -0.091174123 0.16248467 0.0037416992 0.98670397 5.2009529
0.98459088 -0.0048437147 -0.17480655 -0.56592418 0.0040096799 0.99997883 -0.0051240536 -0.098938049 0.17482769 0.004344178 0.98458946 5.648742
0.98273128 -0.0077194161 -0.18487737 -0.65148055 0.0065136809 0.99995338 -0.0071282853 -0.1129488 0.1849238 0.0058009567 0.98273574 6.0851792
0.98129783 -0.0071785917 -0.19236174 -0.74930116 0.005551655 0.99994413 -0.0089953648 -0.12168221 0.19241558 0.0077592059 0.98128286 6.5394183
0.97983022 -0.0068803687 -0.19971327 -0.85942916 0.0047961916 0.9999289 -0.010917784 -0.12446184 0.1997742 0.0097397113 0.97979355 7.0261524
0.9781444 -0.0077404275 -0.20778262 -0.96745253 0.0050259139 0.99989503 -0.013588941 -0.13581004 0.20786601 0.012247649 0.97808063 7.4917301
0.97637504 -0.011938384 -0.21575278 -1.0855706 0.0087772192 0.99983972 -0.015604031 -0.14973867 0.2159045 0.013341677 0.97632333 8.0063275
0.97455964 -0.017058614 -0.2234782 -1.2006507 0.013699007 0.99976878 -0.01657509 -0.16541655 0.22370929 0.013091985 0.97456799 8.5192976
0.97272566 -0.017818115 -0.2312732 -1.3259292 0.01386604 0.99972893 -0.018702696 -0.18962927 0.23154378 0.014985749 0.97270906 9.0355769
0.97055634 -0.014355685 -0.24044606 -1.4809075 0.0090490901 0.99969083 -0.023159439 -0.19481055 0.24070421 0.020301723 0.97038618 9.570677
0.96839776 -0.011534827 -0.24914396 -1.6355906 0.00513609 0.99964043 -0.026317721 -0.21085994 0.24935797 0.024206397 0.9681088 10.090145
0.96601552 -0.014121212 -0.25809805 -1.7969273 0.0070507454 0.99957462 -0.028299616 -0.23590674 0.25838791 0.025518085 0.96570416 10.654938
0.96393486 -0.015891733 -0.26566338 -1.9533296 0.0082145104 0.99951661 -0.029984556 -0.26202423 0.26601149 0.026720864 0.96359945 11.23869
0.96162914 -0.015628114 -0.27390718 -2.133693 0.0070045887 0.99944936 -0.032433222 -0.28665937 0.27426325 0.029270125 0.9612091 11.797153
0.95920557 -0.015031222 -0.28230962 -2.3249838 0.0050022697 0.99933161 -0.036211908 -0.3105153 0.28266526 0.033322476 0.95863965 12.388779
0.95706058 -0.016239664 -0.28943274 -2.508801 0.0044645296 0.99913692 -0.041297411 -0.34069843 0.28985362 0.038231944 0.95630707 12.966255
0.95525125 -0.017143822 -0.29529837 -2.7115196 0.0029104534 0.99881543 -0.048572226 -0.38285303 0.29578131 0.045539229 0.95416959 13.591336
0.95373177 -0.017766954 -0.30013338 -2.9188904 0.00079890856 0.99839869 -0.056563384 -0.41801693 0.30065776 0.053706517 0.95221874 14.197444
0.95257555 -0.01762644 -0.30379126 -3.1258667 -0.0022814374 0.99787925 -0.065052232 -0.46206099 0.30429366 0.062660247 0.95051516 14.814979
0.9512085 -0.017112493 -0.30807394 -3.3481028 -0.0059791361 0.99725105 -0.07385518 -0.50942532 0.30849093 0.072093692 0.94849136 15.466528
0.94988722 -0.016298552 -0.3121676 -3.572721 -0.0095567861 0.9966588 -0.081116564 -0.56889715 0.3124467 0.080034908 0.9465577 16.101423
0.94823072 -0.014961504 -0.31722965 -3.8155905 -0.013568242 0.99606909 -0.087534423 -0.63076132 0.31729232 0.087307079 0.9443003 16.767478
0.94658915 -0.013435331 -0.32216217 -4.0609 -0.017706705 0.99545799 -0.09354072 -0.7016942 0.32195568 0.094249063 0.94205184 17.435125
0.9451573 -0.011524044 -0.32641211 -4.3040208 -0.022049861 0.99484602 -0.098970698 -0.77877629 0.32587036 0.10074022 0.94003187 18.105746
0.94333996 -0.009056774 -0.33170422 -4.5734109 -0.026439641 0.99439774 -0.10234299 -0.85657173 0.33077285 0.10531438 0.93781566 18.802513
0.94155096 -0.0082048294 -0.33677062 -4.8292869 -0.028405157 0.99420939 -0.10363796 -0.93279311 0.33567088 0.10714644 0.93586576 19.481442
0.93944254 -0.0070267468 -0.34263439 -5.1122204 -0.030117778 0.99422868 -0.10296723 -1.0222087 0.34138049 0.10705118 0.93380909 20.216949
0.93717268 -0.0075265345 -0.34878462 -5.3957172 -0.029716732 0.99441133 -0.10130658 -1.1049937 0.34759789 0.1053065 0.93171147 20.936368
0.93457028 -0.0070639025 -0.35570842 -5.6704326 -0.030361827 0.99457203 -0.099522013 -1.191542 0.35448069 0.10381027 0.92928299 21.65131
0.93172447 -0.006947638 -0.36309948 -5.9579882 -0.030062633 0.99491001 -0.096178498 -1.2731239 0.36191955 0.10052759 0.92677314 22.351553
0.92805118 -0.0035646548 -0.37243561 -6.3058458 -0.032696094 0.99531401 -0.090999883 -1.360104 0.3710148 0.096629741 0.9235858 23.183444
0.92489959 -0.0019347081 -0.38020652 -6.6138277 -0.033035659 0.9957963 -0.085430516 -1.4417201 0.37877356 0.091575024 0.92094767 23.894984
0.92154303 0.00069343414 -0.3882756 -6.9469416 -0.03520633 0.99602833 -0.081780738 -1.5200361 0.38667682 0.089034229 0.91790738 24.648256
0.91816384 0.002012054 -0.39619578 -7.2829573 -0.036571026 0.9961484 -0.079692637 -1.5923409 0.39450948 0.087660186 0.91470103 25.370486
0.9139696 0.0026711809 -0.40577385 -7.6414285 -0.038001178 0.99614713 -0.079036709 -1.6725919 0.40399937 0.087657035 0.9105497 26.162507
0.90979457 0.0032596727 -0.41504602 -7.9934753 -0.039133597 0.99618827 -0.077958303 -1.7422773 0.41320989 0.087168286 0.90645424 26.896959
0.90601973 0.0039114222 -0.42321737 -8.3781446 -0.039951261 0.9962827 -0.076319518 -1.8148641 0.42134566 0.086055058 0.90280805 27.694141
0.90188159 0.0039863544 -0.43196492 -8.7563101 -0.039762958 0.9964783 -0.073823497 -1.8899604 0.43014942 0.083756257 0.89886394 28.464842
0.8988651 0.0040589616 -0.43820663 -9.1592847 -0.038459646 0.99682939 -0.069656497 -1.9610929 0.43653455 0.079465066 0.89617125 29.244924
0.89494753 0.0051645993 -0.44614149 -9.5775032 -0.037806967 0.99721446 -0.064295826 -2.0282903 0.44456672 0.074408648 0.89264988 30.063577
0.89105803 0.0049743978 -0.45386212 -9.9941644 -0.036140914 0.99754261 -0.060021479 -2.0933568 0.45244827 0.069885614 0.88904813 30.849197
0.88722818 0.0042220177 -0.46131152 -10.418812 -0.034879086 0.99770996 -0.057950767 -2.1626867 0.46001046 0.067505678 0.88534365 31.675092
0.88449385 0.0051383515 -0.46652354 -10.859788 -0.035657681 0.99775913 -0.056614849 -2.2235452 0.46518726 0.066710634 0.88269504 32.492137
0.88126292 0.0052925001 -0.4725967 -11.307546 -0.035465593 0.99785857 -0.05495879 -2.2811444 0.47129384 0.065194066 0.87956345 33.287605
0.87792043 0.0030734633 -0.47879668 -11.785244 -0.032695047 0.99803015 -0.053543059 -2.3412578 0.47768899 0.062660826 0.87629154 34.145912
0.87519493 0.0022162912 -0.48376534 -12.256749 -0.032013834 0.99806285 -0.053344758 -2.4015121 0.48271003 0.062174246 0.8735705 34.973969
0.87344691 0.00028101164 -0.4869193 -12.747425 -0.030386082 0.99808222 -0.053931226 -2.4642505 0.48597038 0.061901633 0.87178036 35.824149
0.8719285 0.00093379478 -0.48963231 -13.247398 -0.031693846 0.99800865 -0.054536495 -2.5252845 0.48860639 0.063070256 0.87022178 36.677993
0.8714736 0.0019470155 -0.49043854 -13.748578 -0.032376319 0.99803919 -0.053568196 -2.5878959 0.48937262 0.062561863 0.86982784 37.549483
0.87103793 0.002239366 -0.49121063 -14.264229 -0.031842261 0.99814379 -0.051913791 -2.6515536 0.49018263 0.060860139 0.86949241 38.443825
0.87061077 0.000527973 -0.49197214 -14.775593 -0.029691455 0.99823298 -0.051471732 -2.7138631 0.49107568 0.059419214 0.86908806 39.326805
0.87027705 -0.0014632737 -0.49256035 -15.276403 -0.027886869 0.99824526 -0.052237266 -2.7758851 0.49177251 0.05919686 0.86870913 40.218752
0.86932969 -0.0028466166 -0.49422441 -15.806678 -0.026833155 0.99823666 -0.052948526 -2.8474768 0.49350369 0.059291327 0.86772039 41.15666
0.86874271 -0.0038353612 -0.49524879 -16.320995 -0.024734034 0.99838623 -0.051119119 -2.9077604 0.49464567 0.056658863 0.8672459 42.065551
0.86602196 -0.0034820815 -0.49999381 -16.874397 -0.023429356 0.99859473 -0.047535636 -2.9743839 0.49945675 0.052881438 0.86472338 42.995625
0.86348365 -0.0040437461 -0.50436059 -17.430624 -0.020733913 0.99883801 -0.043505462 -3.04159 0.5039505 0.048023624 0.86239645 43.926966
0.85975062 -0.0052500259 -0.51068707 -17.963509 -0.018475292 0.99897293 -0.041373235 -3.0999914 0.51037981 0.045005757 0.85877061 44.80368
0.85448062 -0.0079687491 -0.51942213 -18.526323 -0.016889532 0.99892759 -0.043109406 -3.1652808 0.51920867 0.045608949 0.85342967 45.716158
0.8488347 -0.010620517 -0.52855164 -19.089582 -0.016512371 0.99877773 -0.046587326 -3.2292428 0.52840043 0.04827258 0.84762183 46.585824
0.84239457 -0.010398515 -0.53876083 -19.683163 -0.017233608 0.99878246 -0.046223388 -3.2946609 0.53858557 0.048223124 0.84118972 47.505701
0.8373606 -0.00797856 -0.54659267 -20.280157 -0.017579267 0.99898331 -0.041512874 -3.3498293 0.54636821 0.044369944 0.836369 48.406962
0.83265532 -0.0051013202 -0.55376806 -20.87681 -0.018249487 0.99916172 -0.036644539 -3.4104386 0.55349082 0.040618254 0.83186423 49.269581
0.82826862 -0.0045820956 -0.56031248 -21.487525 -0.020156194 0.99907574 -0.037965605 -3.4662773 0.55996861 0.042739486 0.82741073 50.159251
0.82487084 -0.0060807861 -0.56528851 -22.093039 -0.021663824 0.99886765 -0.0423567 -3.5261447 0.56490602 0.047185117 0.82380506 51.027931
0.82185993 -0.0074345443 -0.56964107 -22.714829 -0.024961807 0.99848457 -0.049045595 -3.5932472 0.5691425 0.05452788 0.82042888 51.872274
0.81824891 -0.0091830838 -0.57479071 -23.332892 -0.024540729 0.9984029 -0.050886071 -3.6563066 0.57434005 0.055743256 0.81671673 52.74322
0.81549986 -0.0056609902 -0.57872955 -23.950602 -0.02653625 0.9985348 -0.047160202 -3.7259241 0.57814862 0.053816451 0.81415477 53.588952
0.81241161 -0.005649395 -0.58305697 -24.611479 -0.022917378 0.99887104 -0.041610616 -3.7871494 0.58263385 0.047167085 0.81136496 54.496733
0.81012538 -0.0037441392 -0.58624468 -25.240742 -0.02342255 0.99897448 -0.038747473 -3.8465889 0.5857886 0.045121657 0.80920688 55.353428
0.80704702 -0.003715158 -0.59047547 -25.869414 -0.024021691 0.99894584 -0.039117415 -3.8988542 0.58999839 0.045753812 0.80610702 56.187583
0.80378139 -0.0042210745 -0.59490977 -26.540792 -0.025087586 0.99884484 -0.040982907 -3.9639989 0.5943956 0.047866148 0.80274699 57.082523
0.79948391 -0.005251034 -0.60066453 -27.190172 -0.025959687 0.99872552 -0.043283215 -4.027866 0.60012633 0.050197297 0.79832866 57.926959
0.79583131 -0.0072378872 -0.60547511 -27.839608 -0.024239316 0.99874626 -0.043799023 -4.0855987 0.60503306 0.049532937 0.79465811 58.764132
0.79128104 -0.0072293933 -0.61140986 -28.513854 -0.024171208 0.99877868 -0.043091847 -4.1513826 0.61097471 0.048876277 0.79013989 59.632509
0.78677092 -0.007171855 -0.61720342 -29.185723 -0.024060299 0.99881619 -0.042276672 -4.2112122 0.61677602 0.048112155 0.78566698 60.449836
0.78156495 -0.0095299438 -0.62375105 -29.886932 -0.022289063 0.99881827 -0.043188754 -4.273646 0.62342559 0.047657643 0.78042893 61.309506
0.77676125 -0.0098112542 -0.62971872 -30.568168 -0.02323309 0.99875167 -0.044219058 -4.3389135 0.62936652 0.048977963 0.77556365 62.140671
0.77205088 -0.010821547 -0.63546856 -31.258225 -0.023025497 0.99872241 -0.044981888 -4.3988308 0.63514352 0.049360287 0.77081535 62.960851
0.76536595 -0.013261213 -0.64345868 -31.995251 -0.021470156 0.99870513 -0.046120392 -4.4624345 0.64323715 0.049114136 0.76409018 63.799795
0.76050741 -0.014684331 -0.64916316 -32.697529 -0.021124547 0.99865554 -0.047337808 -4.530839 0.64898557 0.049714032 0.75917474 64.638261
0.75475719 -0.015415921 -0.65582307 -33.4468 -0.020734124 0.99866377 -0.047336776 -4.6024356 0.65567654 0.04932569 0.75342902 65.463926
0.74810166 -0.01438537 -0.66342817 -34.174097 -0.021258864 0.99873227 -0.045628034 -4.6656255 0.66324355 0.048238138 0.74684745 66.289382
0.74323732 -0.016886411 -0.6688147 -34.927789 -0.017985166 0.99881583 -0.045204838 -4.7277978 0.66878611 0.045626666 0.74205349 67.107895
0.73707764 -0.016416177 -0.67560863 -35.690938 -0.019482511 0.99877326 -0.045523634 -4.8013995 0.67552722 0.046717005 0.73585361 67.945104
0.72904883 -0.018466587 -0.6842125 -36.472342 -0.018808928 0.99871796 -0.04699642 -4.8749849 0.68420324 0.047131989 0.72776682 68.741804
0.72393098 -0.017600525 -0.68964782 -37.217973 -0.020570541 0.99867927 -0.04708045 -4.9327724 0.68956568 0.048269426 0.72261281 69.535528
0.72022727 -0.019015821 -0.6934775 -38.04768 -0.018285807 0.99875658 -0.046378017 -4.9998209 0.69349719 0.046083509 0.718984 70.336321
0.71541598 -0.017795552 -0.69847209 -38.827235 -0.020302989 0.99872397 -0.046240825 -5.0677422 0.69840376 0.047262496 0.71414179 71.128335
0.71061659 -0.019057916 -0.70332128 -39.644522 -0.019744808 0.99869919 -0.047011392 -5.1354786 0.70330239 0.047294019 0.70931592 71.93898
0.70547634 -0.020104036 -0.70844825 -40.45836 -0.021296656 0.99854488 -0.049543587 -5.2114602 0.70841346 0.050039408 0.70402164 72.760973
0.70046745 -0.022123044 -0.71334135 -41.287907 -0.021706074 0.99839665 -0.052277875 -5.283342 0.71335422 0.052102791 0.69886415 73.51525
0.69512518 -0.02244693 -0.71853815 -42.12879 -0.022808531 0.99832056 -0.053252586 -5.3563071 0.71852682 0.053406014 0.69344578 74.332996
0.69060363 -0.022885556 -0.72287124 -42.98019 -0.021207296 0.99842864 -0.051870134 -5.431687 0.72292249 0.051151847 0.6890331 75.134429
0.68576918 -0.022144688 -0.72748209 -43.822417 -0.021388391 0.99849216 -0.05055629 -5.5098522 0.72750478 0.050229617 0.68426152 75.914009
0.68067408 -0.023405903 -0.73221235 -44.677701 -0.020435617 0.99849389 -0.050915073 -5.5858414 0.73230133 0.049619782 0.67917059 76.690187
0.67589807 -0.024202669 -0.73659757 -45.54173 -0.020236752 0.99847431 -0.051376389 -5.6605813 0.73671726 0.049631545 0.67437708 77.478067
0.67114246 -0.02581274 -0.74087883 -46.447683 -0.017807495 0.9985439 -0.050921308 -5.7364362 0.74111452 0.047368649 0.66970555 78.27832
0.66749203 -0.026744896 -0.74413645 -47.338791 -0.016726944 0.99856401 -0.050893343 -5.8098217 0.74442907 0.046418029 0.66608616 79.0495
0.66478912 -0.029238187 -0.74645864 -48.212718 -0.01430178 0.99855249 -0.051849532 -5.8864964 0.74689419 0.045144692 0.66340868 79.827236
0.66003122 -0.033288052 -0.75050027 -49.099203 -0.012258197 0.99840756 -0.055064382 -5.9686762 0.75113819 0.045543991 0.6585721 80.600237
0.65382234 -0.037790699 -0.75570376 -50.008107 -0.0078083194 0.99836181 -0.056680999 -6.0493192 0.75660785 0.04296008 0.65245617 81.3792
0.64815628 -0.042432691 -0.76032418 -50.918265 -0.0013189689 0.99838227 -0.056842785 -6.1305185 0.76150624 0.037845852 0.64705177 82.164497
0.64031586 -0.045809639 -0.76674443 -51.847844 0.0032637446 0.99837324 -0.056922866 -6.2192112 0.76810481 0.033946156 0.63942374 82.934061
0.63154317 -0.046311061 -0.77395637 -52.769593 0.0046604811 0.99842328 -0.055939518 -6.3037119 0.77532674 0.031721212 0.63076324 83.683907
0.62198759 -0.045495375 -0.78170426 -53.722119 0.005968278 0.99855711 -0.053367414 -6.3821752 0.78300439 0.028528441 0.62136166 84.43958
0.61550916 -0.04588088 -0.78679309 -54.725788 0.0066043203 0.99856929 -0.053063783 -6.4651784 0.7881021 0.027465011 0.61493155 85.184659
0.60666971 -0.046329866 -0.79360277 -55.689339 0.0042426156 0.99847476 -0.055046853 -6.5441557 0.79494271 0.030028307 0.60594095 85.906
0.59514334 -0.049093158 -0.80211858 -56.694941 0.0054858504 0.99835719 -0.057033512 -6.6349975 0.80360088 0.029542812 0.59443495 86.631782
0.58492944 -0.049568013 -0.8095681 -57.67846 0.0039974395 0.99829489 -0.058235093 -6.7148771 0.81107437 0.030827221 0.58413022 87.354331
0.57621859 -0.051064469 -0.81569878 -58.677323 0.0075922774 0.99833761 -0.057134777 -6.8050324 0.81726039 0.026729109 0.57564838 88.050607
0.56520765 -0.051332747 -0.82334999 -59.705136 0.0095307966 0.99840184 -0.05570393 -6.8876069 0.82489365 0.023637106 0.5647936 88.746124
0.55467801 -0.051869666 -0.83044674 -60.737325 0.0096431097 0.99838877 -0.055918422 -6.9724356 0.83200924 0.02300863 0.55428448 89.424712
0.54646435 -0.05253148 -0.83583318 -61.791817 0.0082060676 0.99831877 -0.057378482 -7.063695 0.8374422 0.024496391 0.5459767 90.10293
0.53535318 -0.053547605 -0.84292916 -62.835055 0.0078118171 0.99825956 -0.058453698 -7.1486277 0.84459222 0.024708565 0.53483973 90.759048
0.52820042 -0.053766459 -0.84741573 -63.887226 0.0053488367 0.99818414 -0.059998377 -7.2437351 0.84910292 0.02715848 0.52752888 91.40343
0.51728273 -0.054055346 -0.85410569 -64.973501 0.0050001239 0.99817712 -0.060145168 -7.3308557 0.8558 0.026841422 0.51661007 92.038255
0.50846204 -0.052343437 -0.85949198 -66.098878 0.0041182897 0.99828712 -0.058359805 -7.4237544 0.86107459 0.026134109 0.50780667 92.688576
0.50070457 -0.050191282 -0.86416185 -67.14258 0.0041572821 0.99844548 -0.05558182 -7.5142138 0.86560829 0.024237506 0.50013488 93.301868
0.49302729 -0.051076193 -0.86851324 -68.275897 0.0056049992 0.99844099 -0.055535304 -7.5989017 0.86999583 0.022512404 0.49254494 93.920174
0.48539366 -0.053765515 -0.87264094 -69.3814 0.0062676385 0.99829568 -0.058021126 -7.6931288 0.87427329 0.022693688 0.48490338 94.523343
0.4790038 -0.057048021 -0.87595709 -70.477004 0.0082942083 0.99813558 -0.060469517 -7.7861489 0.87777368 0.021699758 0.47858391 95.131342
0.47428106 -0.060571868 -0.87828723 -71.637567 0.010441059 0.99794714 -0.063186078 -7.8813804 0.88031161 0.020797711 0.47393986 95.744596
0.46788216 -0.063425186 -0.88151203 -72.749571 0.011412212 0.99777199 -0.065732857 -7.9850197 0.88371721 0.020695229 0.46756354 96.328276
0.46212737 -0.064585656 -0.88445855 -73.877479 0.013714005 0.99774566 -0.065692667 -8.0852048 0.88670756 0.01822891 0.4619713 96.914058
0.45885159 -0.062270229 -0.88632814 -75.016021 0.015590442 0.99795181 -0.062041343 -8.1877498 0.88837617 0.014649521 0.4588826 97.493593
0.45434582 -0.060902639 -0.88874106 -76.110809 0.02005581 0.99810672 -0.058144112 -8.2828677 0.89059963 0.0085931124 0.45470707 98.054213
0.45162453 -0.060475593 -0.89015612 -77.226765 0.021374562 0.99814718 -0.056967834 -8.3806352 0.89195206 0.0067013737 0.45208039 98.617908
0.44862143 -0.061067925 -0.89163303 -78.357412 0.023509708 0.99812392 -0.056532672 -8.4771402 0.89341266 0.0043997353 0.44921547 99.179441
0.44699679 -0.059600473 -0.89254781 -79.448748 0.024797548 0.99822008 -0.054237951 -8.5649123 0.89419182 0.0021111924 0.44767912 99.732205
0.44294212 -0.059272964 -0.89458869 -80.55606 0.027098365 0.99824142 -0.052723359 -8.6552237 0.89614063 -0.00088849608 0.44376937 100.2686
0.44171443 -0.060499092 -0.89511349 -81.684937 0.029947873 0.99816199 -0.052685483 -8.7477185 0.89665576 -0.003534808 0.44271437 100.8161
0.43840413 -0.059451929 -0.89680947 -82.75716 0.030018069 0.99822172 -0.051500529 -8.8290775 0.89827658 -0.0043424449 0.43940916 101.34274
0.43640996 -0.059712219 -0.8977643 -83.864964 0.034574499 0.99817136 -0.049583584 -8.919404 0.89908343 -0.009400982 0.43767644 101.89639
0.43595306 -0.059060517 -0.89802935 -84.915199 0.036521059 0.99818339 -0.047917989 -9.0002681 0.89922812 -0.01190699 0.43731806 102.41064
0.43132563 -0.060231523 -0.90018348 -86.02471 0.03922311 0.99807751 -0.047987769 -9.0884647 0.90134334 -0.014609642 0.43285888 102.91291
0.43172605 -0.060940465 -0.89994378 -87.090856 0.039447292 0.99803618 -0.048659002 -9.1671175 0.90114183 -0.014492988 0.43328216 103.41606
0.43143462 -0.061508971 -0.90004486 -88.133643 0.0383393 0.99802174 -0.049826838 -9.2540588 0.90132921 -0.013010068 0.43293934 103.93587
0.43132839 -0.062921764 -0.89999811 -89.160662 0.039286191 0.99792869 -0.050940312 -9.3365617 0.90133927 -0.013385496 0.43290693 104.40848
0.4344963 -0.062659732 -0.89849132 -90.186973 0.036657418 0.99798077 -0.051871058 -9.4185665 0.89992737 -0.01039859 0.4359159 104.90959
0.43743879 -0.062682273 -0.89706085 -91.231978 0.034148483 0.99800601 -0.053083817 -9.5066548 0.8985996 -0.0074123468 0.43870705 105.40432
0.44401715 -0.063618649 -0.89375689 -92.237681 0.033852574 0.99795513 -0.05421769 -9.5904247 0.8953786 -0.006182388 0.44526285 105.91264
0.44979982 -0.063054204 -0.89090079 -93.237612 0.031744249 0.99800318 -0.054607359 -9.6709132 0.89256512 -0.0037185972 0.45090326 106.39071
0.45724229 -0.062087616 -0.88717222 -94.235556 0.03188087 0.99806324 -0.053417007 -9.7544074 0.88877059 -0.0038593089 0.45833613 106.89454
0.4636743 -0.06069998 -0.88392397 -95.20286 0.029518092 0.99815495 -0.053060225 -9.8297609 0.88551391 -0.0014890865 0.46461055 107.40392
0.47374878 -0.059701278 -0.87863404 -96.194327 0.028506571 0.99821627 -0.052456235 -9.9094957 0.88019858 -0.00019576725 0.47460562 107.93277
0.48274362 -0.060393009 -0.87367684 -97.13828 0.029177782 0.99817468 -0.052876971 -9.9835586 0.87527557 3.4067064e-05 0.48362459 108.43128
0.49335535 -0.061048697 -0.86768283 -98.113043 0.028915984 0.99813374 -0.053785679 -10.065975 0.86934713 0.0014455491 0.4941999 108.97727
0.50331904 -0.06160458 -0.86190183 -99.042657 0.026081097 0.99808401 -0.056107821 -10.143892 0.863707 0.0057607883 0.5039614 109.53948
0.5150507 -0.061726951 -0.85493421 -99.987861 0.02248172 0.99803336 -0.058514831 -10.227498 0.85686488 0.010917713 0.51542551 110.07755
0.52714274 -0.059972187 -0.84765784 -100.91061 0.020745428 0.99811747 -0.057716078 -10.304752 0.84952353 0.012839586 0.52739452 110.64908
0.53991504 -0.058321026 -0.83969658 -101.8211 0.020187203 0.99820696 -0.056350211 -10.388027 0.84147744 0.0134732 0.54012429 111.21328
0.551462 -0.056441847 -0.83228836 -102.74964 0.020336838 0.99832154 -0.05422654 -10.466069 0.83395212 0.012977762 0.55168424 111.81472
0.5634852 -0.055492383 -0.82426025 -103.59314 0.019752857 0.99836119 -0.053709977 -10.544926 0.82589001 0.013983282 0.56365789 112.41029
0.57463116 -0.055972105 -0.81649623 -104.46215 0.020040891 0.99832178 -0.054332218 -10.618791 0.81816713 0.014857673 0.57478853 112.99043
0.58594342 -0.057495978 -0.80830963 -105.35095 0.021242953 0.99822678 -0.05560599 -10.704266 0.81007351 0.015411081 0.5861258 113.6252
0.59733364 -0.059314941 -0.79979635 -106.16903 0.023659164 0.99813049 -0.056353892 -10.77605 0.80164382 0.014739562 0.59762026 114.22278
0.60571992 -0.057348749 -0.7936085 -107.00556 0.02102199 0.99820446 -0.056088537 -10.856333 0.79540022 0.017290714 0.60583791 114.86837
0.61842615 -0.056640516 -0.78379901 -107.82391 0.022444763 0.99826532 -0.054429559 -10.935152 0.78552236 0.016068479 0.61862467 115.5114
0.62707256 -0.054429592 -0.77705687 -108.61638 0.022967492 0.99841399 -0.051400334 -11.006097 0.77862221 0.014384691 0.62732813 116.13725
0.6375669 -0.052291673 -0.76861822 -109.3778 0.021500605 0.99851288 -0.050097479 -11.079919 0.77009494 0.015414738 0.63774307 116.78329
0.64680874 -0.050717988 -0.76096392 -110.15817 0.017800668 0.99851843 -0.051420597 -11.147721 0.76244451 0.019713626 0.64675327 117.42706
0.65786145 -0.050591822 -0.75143778 -110.91904 0.01673338 0.99847679 -0.052574566 -11.223519 0.75295309 0.022012686 0.65770596 118.08238
0.66605871 -0.049391203 -0.74426222 -111.62853 0.015656261 0.99851116 -0.052252658 -11.291809 0.74573502 0.023150974 0.66584034 118.73013
0.67627596 -0.048562993 -0.73504586 -112.36382 0.016721392 0.99857953 -0.050589682 -11.365156 0.7364586 0.021921595 0.67612737 119.40407
0.6839465 -0.045918935 -0.72808556 -113.06817 0.015537841 0.99870762 -0.048390656 -11.422685 0.72936671 0.021783742 0.68377607 120.0472
0.69213603 -0.045747052 -0.72031582 -113.78092 0.01656625 0.99873332 -0.047511115 -11.49927 0.72157697 0.020951222 0.69201718 120.71701
0.69994344 -0.044689108 -0.71279872 -114.44859 0.015296497 0.99874953 -0.047596245 -11.55897 0.71403448 0.022411356 0.69975177 121.36862
0.70674477 -0.044117942 -0.70609163 -115.11655 0.01523564 0.99877137 -0.047155394 -11.631173 0.70730456 0.022569071 0.70654861 122.02377
0.71426452 -0.041012785 -0.6986731 -115.77916 0.013939492 0.99891716 -0.044386839 -11.683361 0.69973704 0.021964796 0.71406279 122.67916
0.72174938 -0.039136469 -0.69104712 -116.44038 0.01392179 0.99901903 -0.042037703 -11.751311 0.69201449 0.020720074 0.72158622 123.36944
0.72917989 -0.037414415 -0.68329848 -117.05623 0.012948909 0.99907987 -0.040886825 -11.806689 0.68419957 0.020965881 0.72899343 124.02244
0.73571256 -0.036189261 -0.67632635 -117.66218 0.012052685 0.99911291 -0.040350116 -11.865727 0.67718668 0.021534538 0.73549609 124.65711
0.74416279 -0.03384444 -0.66714036 -118.26801 0.010040355 0.99916956 -0.039488955 -11.91636 0.66792288 0.022687884 0.74388462 125.33117
0.75340732 -0.030665095 -0.65683866 -118.85673 0.0087277835 0.99929035 -0.03664181 -11.968232 0.65749621 0.021873462 0.75314031 126.00625
0.76256387 -0.027109824 -0.64634462 -119.4411 0.0069710033 0.99940788 -0.033694002 -12.017112 0.6468754 0.021188158 0.76230133 126.6755
0.77268344 -0.024311997 -0.63432577 -119.99634 0.004660132 0.99945664 -0.032629889 -12.06743 0.63477446 0.022256533 0.7723769 127.35181
0.78233185 -0.024318399 -0.6223869 -120.53495 0.0043946045 0.99942817 -0.033526498 -12.118265 0.62284636 0.023493703 0.78199136 128.02613
0.79111482 -0.024755969 -0.61116647 -121.04838 0.0042345147 0.99937835 -0.034999617 -12.162549 0.61165304 0.025100723 0.79072786 128.68001
0.80105999 -0.024500829 -0.59808242 -121.56253 0.0046393866 0.99938608 -0.034726586 -12.209084 0.59856612 0.025043343 0.80068187 129.37264
0.81081695 -0.023299173 -0.58483586 -122.05406 0.0043363387 0.99941908 -0.033803777 -12.24758 0.58528377 0.024872629 0.81044697 130.05402
0.8211214 -0.020826597 -0.57037345 -122.54301 0.0039023104 0.99951553 -0.03087843 -12.290785 0.57074026 0.023129165 0.82080486 130.76266
0.83015755 -0.019565933 -0.55718542 -123.01273 0.004508491 0.99958693 -0.028383896 -12.334464 0.55751067 0.02105104 0.82990285 131.43121
0.83941019 -0.018004519 -0.5432001 -123.47305 0.0047250231 0.99965513 -0.025832243 -12.37076 0.54347791 0.019117215 0.83920577 132.14868
0.84735057 -0.017792806 -0.53073572 -123.91968 0.0060883253 0.99969834 -0.023794315 -12.405888 0.53099903 0.016930835 0.84720328 132.86034
0.85370241 -0.01787653 -0.52045423 -124.34252 0.0073704002 0.9997253 -0.022248817 -12.443594 0.52070904 0.015157913 0.85359965 133.58839
0.86027091 -0.018313613 -0.50950814 -124.79199 0.0081382796 0.99972059 -0.02219272 -12.477841 0.50977225 0.014945231 0.86017958 134.2996
0.86719907 -0.017041549 -0.49766991 -125.20565 0.0071232488 0.99973651 -0.021821259 -12.508507 0.49791069 0.015378349 0.86709196 135.02668
0.87290968 -0.015637651 -0.48763115 -125.62479 0.00601478 0.99975517 -0.021293684 -12.542316 0.48784479 0.015654468 0.87279002 135.77141
0.87963372 -0.014491014 -0.47543087 -126.02796 0.0052462519 0.99977059 -0.020766236 -12.565677 0.47562277 0.015772451 0.87950795 136.51458
0.88453783 -0.015073818 -0.46622482 -126.43074 0.0062026541 0.99976946 -0.020556307 -12.60495 0.46642724 0.015291 0.88442741 137.26235
0.88953982 -0.015984113 -0.45657793 -126.80671 0.006954103 0.99974571 -0.021451097 -12.636215 0.45680474 0.015906514 0.88942477 138.03086
0.89377025 -0.016983701 -0.44820339 -127.19343 0.0077318525 0.99971776 -0.022463927 -12.669716 0.44845844 0.016612147 0.8936493 138.80112
0.8974351 -0.015614719 -0.44087005 -127.59325 0.0070078577 0.99975188 -0.02114398 -12.702343 0.44109086 0.015885795 0.89732186 139.58299
0.90024501 -0.014050295 -0.43515687 -127.98615 0.006894987 0.99981389 -0.018017648 -12.733414 0.43532907 0.013219896 0.90017434 140.37793
0.90362548 -0.010606524 -0.42819211 -128.35993 0.0050161013 0.99988685 -0.014182063 -12.758949 0.42829411 0.010667418 0.90357644 141.19297
0.90653071 -0.0078035791 -0.42206772 -128.74421 0.0030741061 0.99992465 -0.011884869 -12.78076 0.42212869 0.0094765179 0.90648639 142.01525
0.90982344 -0.0055462689 -0.41495847 -129.13092 0.0016927516 0.99995197 -0.0096537312 -12.805329 0.41499211 0.0080807691 0.90978913 142.85668
0.91279126 -0.0031506942 -0.40841421 -129.51534 0.00016750688 0.99997305 -0.0073398782 -12.822728 0.40842636 0.0066313643 0.91276719 143.68971
0.91571699 -0.0022538866 -0.40181749 -129.90248 0.00046085279 0.9999895 -0.0045589163 -12.842192 0.40182358 0.0039894982 0.91570842 144.54485
0.91930633 -0.0019613182 -0.39353782 -130.27386 0.0011516073 0.99999671 -0.0022936347 -12.861735 0.39354105 0.0016553516 0.91930556 145.42315
0.92245186 -0.0023706957 -0.38610482 -130.64314 0.0019415911 0.99999699 -0.0015013136 -12.877532 0.38610725 0.00063523157 0.92245368 146.31173
0.92606206 -0.0031150347 -0.37735837 -131.01344 0.0026772975 0.999995 -0.0016845411 -12.877057 0.37736176 0.00054968872 0.92606577 147.20643
0.9298569 -0.0056247261 -0.36787836 -131.38093 0.0052889029 0.99998417 -0.001921055 -12.909126 0.36788337 -0.00015936695 0.92987193 148.12304
0.93334526 -0.0070826833 -0.35891008 -131.75214 0.0062443695 0.9999744 -0.0034948857 -12.922767 0.35892568 0.0010207675 0.93336559 149.05069
0.93792985 -0.008071065 -0.34673107 -132.10952 0.0066704512 0.99996406 -0.0052327588 -12.946639 0.34676088 0.0025951077 0.93794998 149.99754
0.94264977 -0.0067118656 -0.33371599 -132.42815 0.0047984861 0.99996699 -0.0065575298 -12.959981 0.33374901 0.0045801222 0.94265085 150.96134
0.94817257 -0.0029520534 -0.31774212 -132.78574 0.0013995298 0.99998594 -0.0051142613 -12.981056 0.31775277 0.0044045125 0.94816337 151.94855
0.95432996 0.00084332022 -0.29875341 -133.10333 -0.0016052391 0.99999606 -0.0023049472 -12.993451 0.29875032 0.0026792506 0.95432755 152.95427
0.96025901 0.0037395251 -0.27908536 -133.41757 -0.0041210999 0.9999912 -0.00078051715 -13.012701 0.27908001 0.0018996371 0.96026598 153.95929
0.96626087 0.0054860029 -0.25750693 -133.69667 -0.0055722662 0.9999844 0.00039476547 -13.03141 0.2575051 0.0010534505 0.96627637 154.98765
0.97157653 0.0068842083 -0.23662555 -133.96738 -0.0066925943 0.9999763 0.0016130044 -13.036397 0.23663107 1.648142e-05 0.97159958 156.04215
0.97659231 0.0075992341 -0.21496445 -134.19288 -0.0068422691 0.99996749 0.004265264 -13.058197 0.21498989 -0.0026945796 0.97661256 157.10752
0.98125617 0.0094291185 -0.19247703 -134.43078 -0.0080888024 0.99993727 0.0077481458 -13.058843 0.19253803 -0.0060460076 0.98127089 158.21512
0.98524309 0.011435448 -0.17077846 -134.62061 -0.0095469942 0.99988391 0.011875101 -13.076821 0.17089444 -0.010069441 0.98523789 159.3082
0.98902449 0.012721125 -0.14720301 -134.80213 -0.010628823 0.99983113 0.014991617 -13.07042 0.14736887 -0.013262482 0.98899268 160.44265
0.99181677 0.014004445 -0.12689903 -134.95047 -0.012184529 0.99981165 0.0151064 -13.069836 0.1270867 -0.013436577 0.9918006 161.55879
0.99448206 0.014349781 -0.1039207 -135.08085 -0.013041005 0.999827 0.013262549 -13.072647 0.10409305 -0.011834137 0.99449716 162.71107
0.99656772 0.014710121 -0.081464053 -135.20676 -0.013759744 0.99983071 0.012215391 -13.07081 0.081629959 -0.01105254 0.99660142 163.87486
0.99796712 0.012986325 -0.062393728 -135.27576 -0.012131142 0.99982748 0.014065599 -13.071913 0.062565629 -0.013280098 0.99795249 165.0609
0.99900025 0.013236077 -0.042700294 -135.32564 -0.012563361 0.99979331 0.015984448 -13.070713 0.042903043 -0.015432008 0.99896005 166.23928
0.99966645 0.013818733 -0.021818364 -135.36625 -0.013454301 0.99976898 0.016762386 -13.074235 0.02204496 -0.016463245 0.99962142 167.46096
0.99988349 0.015175094 -0.0016478405 -135.37641 -0.015143792 0.99973065 0.017586678 -13.069401 0.0019142763 -0.017559675 0.99984398 168.65907
0.99968642 0.015577185 0.019606267 -135.37175 -0.015928898 0.99971267 0.017912257 -13.06639 -0.019321613 -0.018218947 0.99964731 169.90781
0.99903352 0.01788962 0.040149456 -135.33626 -0.018614121 0.99966927 0.017744337 -13.059708 -0.039818741 -0.018474535 0.99903612 171.12911
0.99806891 0.018516453 0.059292398 -135.27496 -0.019512654 0.99967727 0.016266761 -13.051954 -0.058972065 -0.0173923 0.99810811 172.38275
0.99662097 0.018600861 0.080004023 -135.20183 -0.019799489 0.99970291 0.014214899 -13.053157 -0.079715852 -0.015750906 0.99669318 173.63602
0.99498894 0.020396934 0.097882498 -135.08096 -0.021624286 0.99970009 0.011494463 -13.053617 -0.097618698 -0.013553503 0.9951316 174.90529
0.9929347 0.021107583 0.11676967 -134.94378 -0.022368068 0.99970472 0.0094945807 -13.057102 -0.1165348 -0.012039411 0.99311364 176.22016
0.99048473 0.020652925 0.13606418 -134.78583 -0.021776409 0.99973992 0.0067736045 -13.0663 -0.13588891 -0.009672141 0.99067687 177.48669
0.98779731 0.022273663 0.15414393 -134.59796 -0.022798674 0.99973873 0.0016388849 -13.074064 -0.15406717 -0.0051331634 0.98804704 178.78325
0.98481721 0.024074711 0.17191705 -134.37294 -0.023594444 0.99970991 -0.0048367168 -13.101514 -0.17198363 0.00070699503 0.98509955 180.09104
0.98178728 0.0261483 0.18817547 -134.14281 -0.02468957 0.99964422 -0.010092138 -13.118764 -0.18837243 0.0052623616 0.98208357 181.37904
0.9781228 0.028268849 0.20609865 -133.88678 -0.025833064 0.9995611 -0.014500509 -13.157804 -0.20641813 0.0088591191 0.97842377 182.70522
0.97376126 0.030480501 0.22552147 -133.58981 -0.027379591 0.99948282 -0.016865594 -13.192927 -0.22591893 0.010248377 0.9740922 184.0308
0.9701218 0.029889032 0.2407703 -133.28746 -0.026722051 0.99950822 -0.016408545 -13.237173 -0.24114235 0.0094844117 0.97044341 185.33747
0.96570619 0.028581822 0.25805937 -132.94276 -0.024864484 0.99953487 -0.017657731 -13.277114 -0.25844405 0.010635668 0.96596768 186.68012
0.96072692 0.028649436 0.27601265 -132.56323 -0.023446519 0.99948007 -0.022132463 -13.335573 -0.27650325 0.014791718 0.96089914 188.02683
0.95609623 0.030115285 0.29150139 -132.17379 -0.02351225 0.99938203 -0.026129212 -13.385392 -0.29210816 0.018128188 0.95621347 189.33871
0.9504561 0.032295719 0.30917662 -131.75298 -0.025250147 0.99932284 -0.026763649 -13.434444 -0.30983163 0.017630919 0.95062796 190.71266
0.94535033 0.033990006 0.32427984 -131.33156 -0.026686931 0.99928068 -0.026942958 -13.497771 -0.3249624 0.016816501 0.94557742 192.03244
0.93891254 0.03774452 0.34207979 -130.86718 -0.029081334 0.99911404 -0.03042054 -13.543639 -0.34292496 0.018614091 0.93917836 193.37371
0.93197153 0.038967274 0.36043115 -130.36613 -0.028802356 0.99902252 -0.033532646 -13.615583 -0.36138554 0.020870205 0.93218289 194.69648
0.92545266 0.040028222 0.37674275 -129.83405 -0.028358465 0.99893218 -0.036473331 -13.685824 -0.37780045 0.023070496 0.92559958 196.05763
0.91799631 0.040134677 0.39455288 -129.2694 -0.025875947 0.9988077 -0.041395723 -13.764144 -0.39574389 0.027791692 0.91794031 197.40977
0.90955859 0.043835612 0.41325731 -128.68983 -0.02686903 0.99854371 -0.046781554 -13.854817 -0.41470622 0.031446742 0.90941182 198.72055
0.90048046 0.047292514 0.43231741 -128.11524 -0.028227876 0.99832941 -0.050414018 -13.940971 -0.43397942 0.033193437 0.9003111 200.0247
0.88869358 0.049977977 0.45576957 -127.47174 -0.029404421 0.99820759 -0.052124753 -14.030596 -0.45755777 0.032921294 0.88857025 201.35722
0.87492085 0.053843827 0.48126326 -126.76732 -0.03133223 0.9980113 -0.054696732 -14.132289 -0.4832513 0.032776261 0.87486794 202.71104
0.86058523 0.058445874 0.50594181 -126.04544 -0.033890499 0.99776351 -0.05761433 -14.23953 -0.50817764 0.032435422 0.8606413 203.99413
0.84578068 0.062042118 0.52991113 -125.31198 -0.035387737 0.99755209 -0.060311966 -14.348131 -0.53235588 0.032258341 0.84590581 205.252
0.83117695 0.063389722 0.55238265 -124.50735 -0.034506976 0.9974457 -0.062540711 -14.456759 -0.55493619 0.032921344 0.83124126 206.49071
0.81471467 0.064870221 0.57622203 -123.68528 -0.033665425 0.99733805 -0.064679625 -14.57039 -0.57888399 0.033296681 0.81472982 207.7151
0.79869383 0.067124717 0.59798195 -122.80179 -0.031904136 0.99708473 -0.069312115 -14.699955 -0.60089128 0.036281062 0.79850697 208.9356
0.78258184 0.069115937 0.61869914 -121.90669 -0.029502012 0.99681881 -0.074039747 -14.829198 -0.62184832 0.039689293 0.78213136 210.12428
0.76558125 0.071447143 0.63935955 -120.948 -0.028078092 0.99657786 -0.077744332 -14.965765 -0.64272623 0.041567607 0.76496742 211.29139
0.75035565 0.072697099 0.65702473 -119.96535 -0.026115287 0.99641852 -0.080424649 -15.10665 -0.66051831 0.043188701 0.74956677 212.44029
0.73331246 0.074013182 0.6758512 -118.95229 -0.024805585 0.99630775 -0.082192148 -15.25789 -0.67943915 0.043507644 0.73244083 213.5978
0.71737019 0.074548373 0.69269222 -117.92436 -0.022465733 0.99621686 -0.08394796 -15.404984 -0.69632991 0.044659926 0.71633106 214.70296
0.70250009 0.074722415 0.70775006 -116.86224 -0.019435914 0.99611627 -0.08587563 -15.555121 -0.71141824 0.04657187 0.70122407 215.78831
0.68700186 0.076127495 0.72265691 -115.77435 -0.016366652 0.99586588 -0.089349251 -15.710326 -0.72647135 0.049555628 0.68540766 216.84
0.67267511 0.078413496 0.73577134 -114.65439 -0.013874407 0.99553084 -0.093412288 -15.878648 -0.73980791 0.052627732 0.67075676 217.87808
0.65780677 0.081404712 0.74877465 -113.52394 -0.013709813 0.99527157 -0.096158953 -16.037761 -0.75306198 0.052988452 0.65581242 218.89993
0.64119078 0.081879596 0.7630007 -112.36784 -0.011961512 0.99523688 -0.096749559 -16.216943 -0.76728831 0.052908284 0.63911611 219.89762
0.62527722 0.082879777 0.77598924 -111.19695 -0.011855906 0.99523873 -0.096743527 -16.386294 -0.78031269 0.05129147 0.62328272 220.87924
0.60788076 0.084473898 0.78952206 -110.01432 -0.014633994 0.99534785 -0.095228735 -16.561123 -0.79389349 0.046333856 0.606289 221.82712
0.58944255 0.085243671 0.80330003 -108.8149 -0.016826107 0.99549657 -0.093292363 -16.72558 -0.80763507 0.041474078 0.58822236 222.73694
0.57099002 0.086045425 0.81643526 -107.59765 -0.017576691 0.99554549 -0.092629535 -16.896697 -0.82076886 0.038540311 0.56995893 223.64318
0.55272843 0.089816871 0.82850718 -106.38016 -0.019939916 0.99531588 -0.094597608 -17.072856 -0.83312289 0.035766425 0.55193032 224.47196
0.53484194 0.093681549 0.8397427 -105.15158 -0.022812295 0.99507339 -0.096480795 -17.250885 -0.84464416 0.032445518 0.53434407 225.30459
0.51449652 0.093776772 0.85234921 -103.92239 -0.02241026 0.99513301 -0.095958743 -17.424136 -0.85719961 0.030269074 0.51409403 226.08048
0.49436724 0.092393137 0.86432892 -102.68194 -0.02258318 0.99536468 -0.093483485 -17.593144 -0.86895978 0.026695878 0.49416222 226.81173
0.47369016 0.091080921 0.87596908 -101.42495 -0.022842653 0.99557381 -0.091164677 -17.760557 -0.88039531 0.023174355 0.47367405 227.52559
0.45063148 0.089229757 0.88823941 -100.16261 -0.022270359 0.99580608 -0.088737121 -17.924617 -0.89243228 0.02020633 0.45072874 228.21117
0.42992648 0.088293791 0.89853623 -98.912336 -0.021390106 0.99592352 -0.087628841 -18.081615 -0.90261052 0.018454174 0.4300625 228.81929
