1.000000000000000000e+00 -3.306050084167601550e-19 -2.270457535318767223e-19 -8.673617379884035472e-19 7.546676715296109287e-19 1.000000000000000000e+00 6.237773588823049983e-19 1.387778780781445676e-17 -3.447385680526250622e-20 4.770700176052009879e-20 1.000000000000000222e+00 5.551115123125782702e-17
4.933189797609689453e-01 -4.757082865472519431e-04 8.699266430815616458e-01 -6.889672188118923124e+00 -1.030398152553243032e-02 9.999264588186531633e-01 6.388231544866503769e-03 -3.147153012270319239e-02 -8.698659657768811337e-01 -1.211513851104849791e-02 4.932777724227280225e-01 5.643097134648789037e+00
4.398139587957679564e-01 3.609460517720401696e-04 8.981727331448386975e-01 -4.785629521494002780e+00 -2.095236738857262498e-02 9.997318059838574689e-01 9.849393347750569350e-03 4.701253096211499560e-04 -8.979283568015731243e-01 -2.315002059344064764e-02 4.397036589626692749e-01 1.414246116240373397e+01
8.591088409993201391e-02 -2.273419972886766421e-03 9.963277270790626972e-01 -2.647642719228863406e+00 -3.539029178102191114e-02 9.993591298573097914e-01 5.331424295577298286e-03 1.652347976350940495e-01 -9.957014936925184800e-01 -3.573033662924358922e-02 8.577558741070870352e-02 2.154657824887377160e+01
-5.493212984110752428e-01 -2.145931764677156545e-02 8.350231051781261682e-01 1.414624958460354520e+00 -4.462419692066760257e-02 9.989975787028684273e-01 -3.683692556003084415e-03 3.009077733920418884e-01 -8.341072350947983383e-01 -3.925790377489076638e-02 -5.497283985931847861e-01 2.684034203575113153e+01
-7.700386361567947979e-01 -2.295316321418371802e-02 6.378494737806069681e-01 7.189205804312783776e+00 -3.958068675000322306e-02 9.991474983898872564e-01 -1.179126001159868861e-02 4.033581820995415512e-01 -6.370349351750562716e-01 -3.430802386118315256e-02 -7.702908437966604627e-01 2.853675682368276512e+01
-8.959821649449434267e-01 -2.351587404745671128e-02 4.425923967597704123e-01 1.270834935639513397e+01 -3.475016606319126372e-02 9.992475551380770593e-01 -1.723523713549919220e-02 4.649658615327892375e-01 -4.418535568973904759e-01 -3.084049204408356726e-02 -8.961251232978394432e-01 2.811716813653301017e+01
-1.000466325157895353e+00 -3.097514718045067672e-02 -3.159696218881629867e-03 1.812282894988777215e+01 -3.088828565302837587e-02 9.992045232417136047e-01 -2.523245578738262523e-02 5.171823055633665289e-01 3.938595994064712086e-03 -2.513386811481628513e-02 -1.000627605718553470e+00 2.710805990913361541e+01
-9.090568715570619407e-01 -3.273361977413963286e-02 -4.150996949225880805e-01 2.245757033504813194e+01 -2.347876046918709325e-02 9.993489327212317086e-01 -2.740124779008747125e-02 5.349070134253586239e-01 4.157262997165763196e-01 -1.515150959337738593e-02 -9.092333563111120176e-01 2.461779705833491505e+01
-7.747955950493673472e-01 -2.692765641813054181e-02 -6.314524058583125266e-01 2.561581742846214382e+01 -1.604079591142430761e-02 9.996077215595842169e-01 -2.296089387279254962e-02 5.401947545975582798e-01 6.318233424708241674e-01 -7.664467339063596105e-03 -7.749235395122311409e-01 2.125514634999429475e+01
-4.938218323631934359e-01 -1.315023033838727019e-02 -8.696440183737254026e-01 2.727057918837775929e+01 -1.729954719441566561e-03 9.998986235816327284e-01 -1.412801922922383817e-02 4.887929736818098503e-01 8.697418043115128228e-01 -5.468972283478235573e-03 -4.937945389067327495e-01 1.760885861815800624e+01
-3.506429203160349450e-01 -7.314447365536953100e-03 -9.362787064226998357e-01 2.731310924705951493e+01 5.403842834505610294e-03 9.999371087341462072e-01 -9.836925686009658637e-03 4.465128923362877700e-01 9.362917781552259067e-01 -8.517266502004029391e-03 -3.505812195918172613e-01 1.444707509715190952e+01
-1.771652648359333948e-01 -2.245175505313757713e-03 -9.841740987678695429e-01 2.737665300694558468e+01 8.613937874274425754e-03 9.999556061154101227e-01 -3.838118329201340405e-03 4.201320201853666059e-01 9.841388950540198577e-01 -9.156728622563510556e-03 -1.771380173182188211e-01 1.250375965875812945e+01
-9.520580107539623749e-02 2.169696779169293360e-03 -9.954446431149736041e-01 2.701362879452764787e+01 9.084397718500893462e-03 9.999580084069743524e-01 1.311895409012376473e-03 4.059003304983392901e-01 9.954056619908208114e-01 -8.921635397354243935e-03 -9.522148721687009876e-02 1.163672139503957403e+01
-4.335616385651397398e-02 6.482979587610753283e-03 -9.990386911292219452e-01 2.673827607712405907e+01 1.485385691818366140e-02 9.998726941180623440e-01 5.841640425641685466e-03 4.170971927320054062e-01 9.989493931114370451e-01 -1.458580758370880102e-02 -4.344696168711977002e-02 1.185922691507492388e+01
2.450705088327969489e-02 9.727183261986380863e-03 -9.996598920960014789e-01 2.632338564494729383e+01 1.889753443923321286e-02 9.997694859031274195e-01 1.018840345193239641e-02 4.044985190297686883e-01 9.995285622791071356e-01 -1.914522222836099324e-02 2.431755802646303963e-02 1.172258103923091177e+01
7.699419225924712673e-02 1.149660957091088592e-02 -9.969610788101940235e-01 2.605967218694028986e+01 2.224986322612323292e-02 9.996647652334739176e-01 1.324983856629424750e-02 4.153149743616837419e-01 9.967793305854145691e-01 -2.319827677926507639e-02 7.671249579249635187e-02 1.197079194384921941e+01
1.379076651303675072e-01 1.209221604611137625e-02 -9.903921125995827079e-01 2.566210223554674386e+01 2.554938447354404563e-02 9.995492940058812170e-01 1.575824830165634127e-02 4.113614325458993526e-01 9.901362012119582223e-01 -2.748092182242431805e-02 1.375365797202576512e-01 1.200317047114498692e+01
1.933889419090839001e-01 1.282337876087643290e-02 -9.810492953737331989e-01 2.532981488860477626e+01 2.668301047219159838e-02 9.994761206951345844e-01 1.832313824045143924e-02 4.168765148506832774e-01 9.807702065356022070e-01 -2.971906782194100316e-02 1.929453275105657839e-01 1.218970135960621093e+01
2.492595834784613607e-01 1.477456356575182310e-02 -9.682237512098776921e-01 2.495606867892081482e+01 2.432608911358648957e-02 9.994726996443763500e-01 2.151493111390265917e-02 4.322443576626683881e-01 9.680312607666480273e-01 -2.891090404324840255e-02 2.487686580345035425e-01 1.227743797847097618e+01
2.966493410027818967e-01 1.622588760720048567e-02 -9.548117197072065743e-01 2.457226214012096221e+01 2.264050653443653791e-02 9.994551730595570005e-01 2.402153652332999698e-02 4.367193077911670218e-01 9.546811423609401492e-01 -2.875066431183388727e-02 2.961202924848261864e-01 1.247585661732930973e+01
3.451560716970462073e-01 1.691239243279366727e-02 -9.384747121775373069e-01 2.418012168041911991e+01 2.251859928658504414e-02 9.994006617699692230e-01 2.629551875028937266e-02 4.397128464897033795e-01 9.383571157430504739e-01 -3.020453367565639410e-02 3.445682679634960999e-01 1.265849086168749515e+01
3.869899855095820795e-01 1.850585857679315147e-02 -9.219517721763492712e-01 2.375601542421062362e+01 2.270872768675592443e-02 9.993041796157307033e-01 2.959379635884844262e-02 4.433770859715192025e-01 9.218576188590196230e-01 -3.239236119313279594e-02 3.863004059882738095e-01 1.288405903681227294e+01
4.258331016466529451e-01 1.934224591785574376e-02 -9.046600531824806612e-01 2.335474203034769758e+01 2.107902735353764032e-02 9.992881631448642388e-01 3.128452253119704679e-02 4.548468305504426157e-01 9.046209590506114617e-01 -3.239449980622270686e-02 4.251222142219260314e-01 1.311159378761170302e+01
4.628423848354837333e-01 1.731831043375307508e-02 -8.862996608898485729e-01 2.288034158843099775e+01 2.100841510056900702e-02 9.993141224824294566e-01 3.050326117346604041e-02 4.674254321458896633e-01 8.862201478968680934e-01 -3.273533443459860498e-02 4.621609420133706569e-01 1.335852099392487702e+01
4.945727436940516308e-01 1.385721378889566771e-02 -8.689838520350786633e-01 2.244930402411349846e+01 2.327155799510974288e-02 9.993034292267725105e-01 2.918190453048042504e-02 4.769891784250483435e-01 8.687830820695808809e-01 -3.465134154513315606e-02 4.939057391675702458e-01 1.364867707162090049e+01
5.226038052926608168e-01 8.941158698947371600e-03 -8.526312994708546977e-01 2.197692203281979317e+01 2.611920482774427246e-02 9.993077900545600523e-01 2.649368829436807293e-02 4.900861633349383184e-01 8.522782207434815849e-01 -3.611359995791683236e-02 5.220085043880394737e-01 1.395725809815989393e+01
5.445794904928761282e-01 5.637160594371782261e-03 -8.387327852524365523e-01 2.151411643243912053e+01 2.763883793272232242e-02 9.993137498589294010e-01 2.466101121864714904e-02 4.999354379005786497e-01 8.382961962279107393e-01 -3.660850949061426191e-02 5.440498963402418120e-01 1.428672164703399083e+01
5.629315509087644553e-01 3.566738936056150847e-03 -8.265198971765235214e-01 2.101517576074268234e+01 2.895376270849294234e-02 9.992917886208573242e-01 2.403703634148377996e-02 5.149739394528968228e-01 8.260201224356308325e-01 -3.746687630222793330e-02 5.624297018331407827e-01 1.463602719204450686e+01
5.769054340585214602e-01 2.803139518349893021e-03 -8.167605441157549384e-01 2.051862042870047631e+01 3.017770577768587661e-02 9.992385285299996145e-01 2.474548978642106267e-02 5.308693929435341907e-01 8.162081814305484073e-01 -3.891505961658074664e-02 5.763812239501753254e-01 1.501007643275100101e+01
5.863781394834025606e-01 3.136788702633772942e-03 -8.101029899555133307e-01 1.999814429425836693e+01 3.127938286435533871e-02 9.991587872522660341e-01 2.650925597875780290e-02 5.346690536785423387e-01 8.095046208146133848e-01 -4.088800681510263574e-02 5.857870283233831410e-01 1.539124975431681541e+01
5.956197784427424979e-01 4.922720224840651526e-03 -8.033813557956523965e-01 1.945125612104267887e+01 3.097424687637419932e-02 9.990967892811073447e-01 2.909366286793263479e-02 5.520142764259760026e-01 8.027992006100758138e-01 -4.220797762226698863e-02 5.949291994880643308e-01 1.579097478830326295e+01
6.055695806979359830e-01 7.235924221955650389e-03 -7.958864447335614045e-01 1.887911119619266742e+01 2.970822743396986376e-02 9.990561109062470191e-01 3.168938065994008485e-02 5.688145174426755268e-01 7.953646847077532334e-01 -4.282785819565997076e-02 6.047829492573285615e-01 1.621266336161427901e+01
6.129285110277009618e-01 8.865852341030742295e-03 -7.900851043499784732e-01 1.831399195584156203e+01 2.882127963783527591e-02 9.990206729714382616e-01 3.356388285712694208e-02 5.873229944972111483e-01 7.896088589563613480e-01 -4.334351260146615537e-02 6.120726680173098622e-01 1.666259146952090120e+01
6.209286019673295742e-01 1.072280787985704399e-02 -7.837590949559011255e-01 1.772290084651109865e+01 2.804946106237434997e-02 9.989620555798280899e-01 3.588435463410815512e-02 6.060337477645617588e-01 7.833304602231089264e-01 -4.426331434392014041e-02 6.199833477705306573e-01 1.713669496238939161e+01
6.299883312105368782e-01 1.202644305283828881e-02 -7.763885888697411586e-01 1.712748921710828043e+01 2.792647241162939456e-02 9.988825459200274537e-01 3.813185124035674972e-02 6.267921997638115084e-01 7.759795213566956784e-01 -4.570910895427891113e-02 6.289484774035850601e-01 1.761758159813027191e+01
6.390867043558581262e-01 1.311334580440880540e-02 -7.689791262912039072e-01 1.652970330997926496e+01 2.748436429148281082e-02 9.988267013811690243e-01 3.987334238040207007e-02 6.476925711856187373e-01 7.685995441188795407e-01 -4.661963784785141951e-02 6.379764081629668571e-01 1.812880008000823651e+01
6.461964248788889531e-01 1.604357438287367862e-02 -7.629460321883650975e-01 1.591633907721998575e+01 2.619719128097296873e-02 9.987234976479341109e-01 4.318989853751645930e-02 6.694015150504045719e-01 7.626648949637669928e-01 -4.789977263055751611e-02 6.449512336888448827e-01 1.863232801909508041e+01
6.550627953770781220e-01 1.949809521101884824e-02 -7.552234888371935906e-01 1.529698429625930345e+01 2.482604983019801384e-02 9.985717453055543702e-01 4.731365251386358134e-02 6.976817665309803518e-01 7.550675428518147658e-01 -4.974038785182757078e-02 6.536431387607274379e-01 1.916985701167284617e+01
6.659475110653121366e-01 2.209433509306164486e-02 -7.456109776887239748e-01 1.467734362209703036e+01 2.465897941198761864e-02 9.983631035238172968e-01 5.161146119320324244e-02 7.240977507958152870e-01 7.455311364558941944e-01 -5.275377045716417995e-02 6.643125014272587281e-01 1.970451901939578221e+01
6.739525917904841679e-01 2.474498317808323730e-02 -7.383647935479601410e-01 1.406772724350868842e+01 2.328562590520973780e-02 9.982308363289038589e-01 5.471189343876352307e-02 7.502444087106745485e-01 7.384126440325998741e-01 -5.406319200241727074e-02 6.721841356051299066e-01 2.026123181424636854e+01
6.863229201904493815e-01 2.419545380035960369e-02 -7.268672618028967358e-01 1.345369659267372064e+01 2.319685455948816699e-02 9.982098578578987302e-01 5.513117794026188567e-02 7.776723337927651247e-01 7.268996010199048063e-01 -5.470386746449935889e-02 6.845331027271038815e-01 2.083180102634438668e+01
6.959288347351141324e-01 2.396724048532804935e-02 -7.176002536839298784e-01 1.286812156320339540e+01 2.194445738856697775e-02 9.982663499678701147e-01 5.461291485039464211e-02 8.076943379410057577e-01 7.176649375208038473e-01 -5.375673030268850183e-02 6.941964888619269747e-01 2.140655666292266801e+01
7.074329525491086512e-01 2.307780239340904288e-02 -7.062904287366280620e-01 1.228278797302538727e+01 2.133374694711898806e-02 9.983141512414877017e-01 5.398455404652330314e-02 8.370875106191563164e-01 7.063456235509746328e-01 -5.325858591752721805e-02 7.057480453449934688e-01 2.199874151252349819e+01
7.223318157554888819e-01 2.282425791665443696e-02 -6.912504010431846924e-01 1.169591771260476776e+01 1.912873718540733514e-02 9.984133072988419233e-01 5.295651651352811795e-02 8.639794763913309916e-01 6.913624180168951305e-01 -5.147446932050936397e-02 7.207492226106474442e-01 2.260251095860513360e+01
7.406840071859488450e-01 2.431766427650042944e-02 -6.714972007301449608e-01 1.113556014791198834e+01 1.494222114272862785e-02 9.985012434256982372e-01 5.264860473418829512e-02 8.965283628538420757e-01 6.717712543009357606e-01 -4.902888811747523751e-02 7.392106286569993800e-01 2.322463406810951625e+01
7.604133504053512960e-01 2.534973053280871122e-02 -6.488578715249639917e-01 1.058643045691569640e+01 1.141059927364445822e-02 9.985621891870761768e-01 5.237989618591397389e-02 9.224254278383846595e-01 6.492527550121225399e-01 -4.723500745552317720e-02 7.590307851756392665e-01 2.386458153747315336e+01
7.820889125095931149e-01 2.614858952741087525e-02 -6.226786615848700635e-01 1.005554602171864609e+01 8.654608330751560955e-03 9.985671924019857704e-01 5.280372701292632837e-02 9.549950251070499219e-01 6.231674346558266908e-01 -4.668539637305426510e-02 7.807421032297480190e-01 2.454467743524871892e+01
8.023082759363002747e-01 2.534872278735077547e-02 -5.963239281202629138e-01 9.550081794537934599e+00 7.181157523942978925e-03 9.986156712952388714e-01 5.209985360563881146e-02 9.838166327578745651e-01 5.968192483781374902e-01 -4.608166398363885974e-02 8.010155521466653106e-01 2.522456538403239179e+01
8.226472819284661453e-01 2.396010989399052424e-02 -5.679452537542295509e-01 9.064319518247009100e+00 6.357606073375698767e-03 9.986614731347062124e-01 5.133660261861298924e-02 1.007268548723698087e+00 5.684148139547962053e-01 -4.584536910572816620e-02 8.213937648304739936e-01 2.593436016421073731e+01
8.413585107934873353e-01 2.328981027626311068e-02 -5.399253229623510730e-01 8.608263955013185864e+00 4.654799399723626857e-03 9.987218273106009958e-01 5.032527167784724142e-02 1.033589091808735594e+00 5.404075490489057554e-01 -4.485220630279438542e-02 8.401747769281078249e-01 2.665937875346042674e+01
8.582723719343354762e-01 2.191495753379494454e-02 -5.127809266910653418e-01 8.171011481001574595e+00 2.784746201233873151e-03 9.988741956808452338e-01 4.735407342052475044e-02 1.062398668942487134e+00 5.132414563772353944e-01 -4.207165496337313126e-02 8.572450811541983962e-01 2.740342669044762403e+01
8.750528851240825245e-01 1.676873214447015953e-02 -4.837183188596296257e-01 7.747470891935976489e+00 4.850549159590311459e-03 9.990457505799691384e-01 4.340628033328450958e-02 1.085062153971422916e+00 4.839845390922122847e-01 -4.032974640275693162e-02 8.741365303687940180e-01 2.816538244095727705e+01
8.900726309251931756e-01 8.633826460074125325e-03 -4.557640358397908598e-01 7.377266550125053612e+00 1.018831441563652733e-02 9.991939912378975386e-01 3.882434181866952633e-02 1.104772545715248411e+00 4.557318738088576571e-01 -3.920027701467115183e-02 8.892671941744949571e-01 2.892703644748794289e+01
9.041436154774407097e-01 -2.112464856497967751e-04 -4.272466574524502736e-01 7.011384101927480295e+00 1.636130995270282384e-02 9.992833832825721574e-01 3.412655647815964616e-02 1.122344371008682451e+00 4.269333613471411604e-01 -3.784492615076964078e-02 9.034991920931062515e-01 2.972453207681397203e+01
9.152326829258614627e-01 -8.110176207155898528e-03 -4.028236883047145445e-01 6.683596075507591827e+00 2.228047265066560381e-02 9.992863351421670259e-01 3.049756474510550291e-02 1.134893457973106035e+00 4.022886851945404740e-01 -3.688875326532185112e-02 9.147602854826919483e-01 3.050995575373826441e+01
9.264728227060123888e-01 -1.881609495919572134e-02 -3.757761359028629622e-01 6.364939201161511129e+00 3.156490859789416736e-02 9.991151816006784703e-01 2.778829348460546203e-02 1.142998574780119680e+00 3.749205804542307119e-01 -3.761249242577217877e-02 9.262474253617359876e-01 3.132142717961992062e+01
9.367998699184908462e-01 -2.757309727764176155e-02 -3.488247720281394404e-01 6.069725776372310477e+00 3.698919716011635911e-02 9.991081864142326019e-01 2.035995570939587093e-02 1.139611824045770883e+00 3.479522717654447428e-01 -3.197269083059840061e-02 9.369841446140846353e-01 3.214505909012746088e+01
9.444136992259081209e-01 -3.829991965800938480e-02 -3.264971452516832739e-01 5.800731372865204349e+00 4.254545519226154981e-02 9.990768462797969818e-01 5.864918419403614483e-03 1.137511935271485086e+00 3.259710271251421987e-01 -1.943395222125088653e-02 9.451722695882890379e-01 3.293597391616307135e+01
9.528997183527739834e-01 -4.405601781971881653e-02 -3.000397932018241121e-01 5.551857549997713193e+00 4.296544109431414682e-02 9.990236679344592918e-01 -1.023599394267974208e-02 1.116270284346153607e+00 3.001980089455577039e-01 -3.141499219182663193e-03 9.538630683903487339e-01 3.374578273831133401e+01
9.605327475062985787e-01 -4.794876410469331440e-02 -2.740476748825713682e-01 5.332419915642589991e+00 4.253103163870398939e-02 9.987650711538079706e-01 -2.567576895526268652e-02 1.100475208113744330e+00 2.749407226105879398e-01 1.300916433659852177e-02 9.613858633047681623e-01 3.455699126152472189e+01
9.674756291668621389e-01 -5.304840108375205587e-02 -2.472505798448622893e-01 5.127097297600453629e+00 4.600744270807226310e-02 9.983562049436809360e-01 -3.415509926449419864e-02 1.059905852385965908e+00 2.486567729670282889e-01 2.166240376422770564e-02 9.683267891079936351e-01 3.536986414589794236e+01
9.734369464379175607e-01 -5.778018305698461032e-02 -2.215718175449301885e-01 4.931218736416822956e+00 5.066761424601119723e-02 9.980047196609006521e-01 -3.765554192226829716e-02 1.014083258916143038e+00 2.233062696996135632e-01 2.542806655058577406e-02 9.744232497489604405e-01 3.620258240979389086e+01
9.781839048949801940e-01 -5.741275939371111997e-02 -1.995381909604657111e-01 4.767193020163213113e+00 5.156612018644789186e-02 9.980768108034261399e-01 -3.435630588444229389e-02 9.673930158084310671e-01 2.011282356667630777e-01 2.330737350457212989e-02 9.792656958349497121e-01 3.702815763033333241e+01
9.822860144689091744e-01 -5.867676090609558193e-02 -1.778069738477446038e-01 4.639314688931396091e+00 5.468548372866506579e-02 9.981287556944502537e-01 -2.724437874519480135e-02 9.289136358819740646e-01 1.790748397007258241e-01 1.702190821543754159e-02 9.836622256862503910e-01 3.788806015968841479e+01
9.849878830446010536e-01 -5.994919943068369866e-02 -1.617435017547559639e-01 4.498588412580721396e+00 5.725231328414723264e-02 9.981310767588911226e-01 -2.127372426595718763e-02 8.731139503656780709e-01 1.627174205499756499e-01 1.168193884433487567e-02 9.865830455828608070e-01 3.871801672583297460e+01
9.866966293561614254e-01 -6.140019293028906033e-02 -1.503377812344426079e-01 4.395560903990460844e+00 5.913886103652789272e-02 9.980573288906188223e-01 -1.944884781149805800e-02 8.292035986902334121e-01 1.512412462589326212e-01 1.028203252778517492e-02 9.884163222097628321e-01 3.955931228544166345e+01
9.875161450795821860e-01 -6.150016731002212744e-02 -1.449130625637431447e-01 4.283762331720240013e+00 5.892161504498446417e-02 9.980164990259722257e-01 -2.200395170900518171e-02 7.784252204511575846e-01 1.459808742847725216e-01 1.317798467120718901e-02 9.891876551383729232e-01 4.039432462954359693e+01
9.883940255914385187e-01 -6.069951035149327712e-02 -1.391845297550992344e-01 4.222707398736781137e+00 5.799372247566844663e-02 9.980396302651847185e-01 -2.340669320207141788e-02 7.392274540987119336e-01 1.403339280304851111e-01 1.505364020667351518e-02 9.899821571125847486e-01 4.119110356489771618e+01
9.904648777960138872e-01 -5.548874849970638484e-02 -1.259572105069692027e-01 4.061361544533951040e+00 5.271541676633664797e-02 9.982879405886495583e-01 -2.521567859912474813e-02 6.966892360428098563e-01 1.271428943127576872e-01 1.832254728640632033e-02 9.916999575705370829e-01 4.202600942086797886e+01
9.917469912618184225e-01 -5.174142693254920461e-02 -1.170696388389847881e-01 4.009753501450838975e+00 4.927242736247111621e-02 9.984953313657791707e-01 -2.382775663405628172e-02 6.703959920435956787e-01 1.181303668440778915e-01 1.784131673950209787e-02 9.928141630253263239e-01 4.281144607866530549e+01
9.923256410543825901e-01 -5.036042570112835015e-02 -1.126880737262123955e-01 3.903238765450013581e+00 4.806589870027878214e-02 9.985772680627965636e-01 -2.292339279738998814e-02 6.201320654701447666e-01 1.136851082809949426e-01 1.731315685073001737e-02 9.933407222457362185e-01 4.362587127486667526e+01
9.918913323058260456e-01 -5.238293115811473027e-02 -1.155659844492835653e-01 3.842179515609571272e+00 4.991573145751044410e-02 9.984574898803412202e-01 -2.408915196313378415e-02 5.807473335509336643e-01 1.166531080869234460e-01 1.810512607842077251e-02 9.929856595299889621e-01 4.440343268820436862e+01
9.919932573048749758e-01 -5.248476280727012305e-02 -1.146632499144703415e-01 3.738385820198480758e+00 4.980937758682343897e-02 9.984152673662263222e-01 -2.601762885092182009e-02 5.430963469795094811e-01 1.158504256610096844e-01 2.008078497520900466e-02 9.930430801720386835e-01 4.522983875551990707e+01
9.919351509954031920e-01 -5.259229201755739186e-02 -1.151905285109296184e-01 3.633029201468755076e+00 4.970786546697338049e-02 9.983770908051747828e-01 -2.772398545718022383e-02 5.163754250780027144e-01 1.164635267236742572e-01 2.176588332391718797e-02 9.929418332497764732e-01 4.609652974974719086e+01
9.913608856312622342e-01 -5.441274684512314302e-02 -1.191869940268084488e-01 3.511123639146215059e+00 5.137360265022077738e-02 9.982730621389334091e-01 -2.837748642995979037e-02 4.780657566680629467e-01 1.205278399674331036e-01 2.199643034747590306e-02 9.924493132428354736e-01 4.697888564898079267e+01
9.908229272392452547e-01 -5.577947063036590297e-02 -1.229692896798934842e-01 3.389442122905286681e+00 5.265891028271520169e-02 9.982031514388568505e-01 -2.843705369083673190e-02 4.555563647271125838e-01 1.243379525216966874e-01 2.168574716014530154e-02 9.919873385658556364e-01 4.786485228368708533e+01
9.902171705582357708e-01 -5.650096670055958920e-02 -1.274682385871322154e-01 3.236100378690849766e+00 5.317599350492101251e-02 9.981533599378772381e-01 -2.929982997890318019e-02 4.304369338558566849e-01 1.288901781026419446e-01 2.222621609865472678e-02 9.913955999512749084e-01 4.879288317281370979e+01
9.900511925271545666e-01 -5.578270232837523324e-02 -1.290099679281608291e-01 3.111365666226578508e+00 5.244087696202968246e-02 9.981962280534001364e-01 -2.911387320979352475e-02 3.981837650296934372e-01 1.304037992125780809e-01 2.204473891742344746e-02 9.911960103200190275e-01 4.973037975427922674e+01
9.895943067344135091e-01 -5.560696460307144873e-02 -1.324951096327650901e-01 2.939607872944972833e+00 5.211570344557478474e-02 9.981965789562683433e-01 -2.961469727998252907e-02 3.694594731210557037e-01 1.339070703666699058e-01 2.238121347347707402e-02 9.907162754497602641e-01 5.065385224942819065e+01
9.896427775580950437e-01 -5.404960389629311079e-02 -1.328392918254092392e-01 2.805472925765817305e+00 5.055053851728353448e-02 9.982809569533875882e-01 -2.952324280481627775e-02 3.369122333991058094e-01 1.342101234074125349e-01 2.248781903906262730e-02 9.906801649674300547e-01 5.164389019012913451e+01
9.897554028733510645e-01 -5.029787641379004914e-02 -1.334828856019307786e-01 2.631064557989088115e+00 4.681482161962491340e-02 9.984789027734756184e-01 -2.906667774240506361e-02 3.054074462280791935e-01 1.347433787022299934e-01 2.251061433240148305e-02 9.906070587368712710e-01 5.259819642977654297e+01
9.900555284538855583e-01 -4.819098859255861733e-02 -1.320430856594381752e-01 2.481168158793222833e+00 4.488522505549946695e-02 9.986011304559745394e-01 -2.785726639550161615e-02 2.663388606807356451e-01 1.332031551333353325e-01 2.164313875465977144e-02 9.908374955434178233e-01 5.358011112037328871e+01
9.902293571585338849e-01 -4.661008876665449774e-02 -1.313424730802068563e-01 2.334254315261020896e+00 4.340906005415777480e-02 9.986884767608277258e-01 -2.710948886486252984e-02 2.278249300141110545e-01 1.324346132724910918e-01 2.113750564850075397e-02 9.909554656793325700e-01 5.458034012234529797e+01
9.902591809795229238e-01 -4.611222646046442969e-02 -1.312492445812725450e-01 2.188521554234838629e+00 4.304934770630329532e-02 9.987315725543125522e-01 -2.604212865880674993e-02 1.832363663711119861e-01 1.322852835902746105e-01 2.012894199791268740e-02 9.909907880997708141e-01 5.555336999506994999e+01
9.902073927142184262e-01 -4.585925835337956863e-02 -1.317277443543043158e-01 2.056657431186125873e+00 4.289947209961487984e-02 9.987599791550464401e-01 -2.518117370018604223e-02 1.460098732741137995e-01 1.327209549217778783e-01 1.927427102940727777e-02 9.909496179340495647e-01 5.660532194667575823e+01
9.901487440721784550e-01 -4.560948186530888737e-02 -1.322475137253352473e-01 1.913948166665506934e+00 4.281448644832409195e-02 9.987957459180368813e-01 -2.387464645600369945e-02 1.028470534972754230e-01 1.331785714588268332e-01 1.796696075237796605e-02 9.909123587265209476e-01 5.761152719206536688e+01
9.901905945757464300e-01 -4.536991473287763782e-02 -1.319829728407146685e-01 1.770239154297343687e+00 4.264399643375770682e-02 9.988144965603767966e-01 -2.336352889393670390e-02 6.225047159701881105e-02 1.328886236097320539e-01 1.749327255084082502e-02 9.909555292671669013e-01 5.865298996391966568e+01
9.902674307941614629e-01 -4.446416714339368470e-02 -1.317720814965903653e-01 1.610456939764611128e+00 4.181097521546010831e-02 9.988634919319960837e-01 -2.281220859965898615e-02 2.799468154481509624e-02 1.326377822428443376e-01 1.707215733260120105e-02 9.910036836352320577e-01 5.971741928565323576e+01
9.904330696901931796e-01 -4.363773384027660324e-02 -1.307582766532350282e-01 1.462192912361678587e+00 4.110556412093550882e-02 9.989110501539852915e-01 -2.196360877490323438e-02 -1.351904057074514165e-02 1.315762035874051550e-01 1.636692359485511852e-02 9.911518694784841044e-01 6.073544273709526209e+01
9.902618354357022312e-01 -4.311008080266394427e-02 -1.322534475491327077e-01 1.309257115177694386e+00 4.056260095141838579e-02 9.989360405033876900e-01 -2.187244437247560722e-02 -5.155107473859651956e-02 1.330567256956849687e-01 1.628655197104454666e-02 9.909593205826692230e-01 6.178443409372221140e+01
9.899399133735109491e-01 -4.303650354890336399e-02 -1.347276235857902404e-01 1.179123480781155475e+00 4.063449634057275661e-02 9.989623825541446012e-01 -2.051347724436448222e-02 -9.146276725855038980e-02 1.354715507645379846e-01 1.482747836072438770e-02 9.906632648900631777e-01 6.284015836563157364e+01
9.897610943912430459e-01 -4.284093750302423592e-02 -1.360164832487522346e-01 1.025201275758920616e+00 4.086819386396354364e-02 9.990150014167312742e-01 -1.724359152881223267e-02 -1.309111016802288474e-01 1.366218341428153682e-01 1.150070850641261161e-02 9.905381718273714720e-01 6.384032936577738582e+01
9.891173357136556765e-01 -4.339749483248246664e-02 -1.404136985252590064e-01 8.885035456332637249e-01 4.163975184600422069e-02 9.990121432316918515e-01 -1.541108416010176542e-02 -1.668716119958756350e-01 1.409448371078627915e-01 9.384917770395833497e-03 9.899503168920549268e-01 6.492083369553286332e+01
9.888679834263311985e-01 -4.312071376473433637e-02 -1.422505093842722779e-01 7.295302393668733343e-01 4.145719685103836649e-02 9.990318535717065407e-01 -1.462024333136782359e-02 -2.087428034467794236e-01 1.427440769358262196e-01 8.549310948642453722e-03 9.897009163093051232e-01 6.590892239708281863e+01
9.885052894301045168e-01 -4.332339052542315966e-02 -1.447251498198912356e-01 5.747498044426826436e-01 4.164767300192425553e-02 9.990242797089489146e-01 -1.457484629104525281e-02 -2.453472566522230391e-01 1.452163327894087919e-01 8.369445819844553019e-03 9.893484778503878196e-01 6.696323563830908654e+01
9.881872553508591617e-01 -4.343733068895133664e-02 -1.468856884068011903e-01 4.288201345029554190e-01 4.169516727830760439e-02 9.990183495821142179e-01 -1.491005362770295509e-02 -2.835574185315505868e-01 1.473896358688390751e-01 8.603738610437776380e-03 9.890297251718547233e-01 6.797120796918943597e+01
9.883485426402746077e-01 -4.276637748877415435e-02 -1.459651575166708293e-01 2.762582431287975981e-01 4.074971126811643973e-02 9.990276379375009341e-01 -1.676362002948311378e-02 -3.211381959547962572e-01 1.465408749878251427e-01 1.061236553203660435e-02 9.891321388001240722e-01 6.900140290347430039e+01
9.888226258282735159e-01 -4.134498090613963894e-02 -1.430939881882373199e-01 1.228410986183278986e-01 3.895130706755356442e-02 9.990495187203914940e-01 -1.945948511631987593e-02 -3.618745390349744073e-01 1.437641021460231427e-01 1.365633174743183763e-02 9.894966870858568075e-01 7.000585112440955982e+01
9.895416233702829523e-01 -3.991506920857056800e-02 -1.383747388532091671e-01 -1.795780322952343633e-02 3.742273375118357337e-02 9.990864204713719721e-01 -2.052402379782969008e-02 -4.083907185655794581e-01 1.390692178384630440e-01 1.511553923240357977e-02 9.901351788527423814e-01 7.102977836163208281e+01
9.904732091168336749e-01 -3.843732736942911260e-02 -1.320683353023257012e-01 -1.638718494919589319e-01 3.631865388891694635e-02 9.991691438666883140e-01 -1.838003810944499605e-02 -4.487333872638909482e-01 1.326666825121506632e-01 1.339645171632148496e-02 9.910497952250965081e-01 7.202769949080661149e+01
9.911068799199810320e-01 -3.849137075977882017e-02 -1.272088979373785789e-01 -2.911530041557025550e-01 3.708403009233877945e-02 9.992204290854573845e-01 -1.339070250351813082e-02 -5.052704920659830679e-01 1.276263013630997700e-01 8.541889883116309673e-03 9.917654291461122096e-01 7.304844905767464525e+01
9.921745107263183483e-01 -3.615946930926110942e-02 -1.192513599411211961e-01 -4.307446489613493412e-01 3.491662173281232656e-02 9.993102439653188673e-01 -1.246437085103108307e-02 -5.348318519876468224e-01 1.196210549414586655e-01 8.187323326241216156e-03 9.927569097180005686e-01 7.404535073104187859e+01
9.926353843470081539e-01 -3.574142332642354231e-02 -1.155377318743758402e-01 -5.490794166379173724e-01 3.436568262896241843e-02 9.993112114484093977e-01 -1.384180936741177294e-02 -5.798019802107072795e-01 1.159543352438776320e-01 9.756092042832306341e-03 9.931838930771108576e-01 7.505023006319837009e+01
9.932757911099077131e-01 -3.441967238880645069e-02 -1.101954452423196534e-01 -6.619575004705280374e-01 3.290932787542157067e-02 9.993354505429903334e-01 -1.543112802483442500e-02 -6.178249233365568083e-01 1.106559629899744879e-01 1.167938251669348691e-02 9.937550899244033120e-01 7.603960491993407800e+01
9.940940191023229788e-01 -3.280197559934595192e-02 -1.031950086443180342e-01 -7.835168240419179142e-01 3.127680679849789008e-02 9.993750049880913977e-01 -1.630877445824210556e-02 -6.534506105210479143e-01 1.036674564051961178e-01 1.297021029913894737e-02 9.945031758264253341e-01 7.702751628476126200e+01
9.945638387455687512e-01 -3.156489760826495378e-02 -9.906282933703740301e-02 -8.900120487559294302e-01 3.004487170959701733e-02 9.994063580545030634e-01 -1.676443855697392488e-02 -6.918868555376667118e-01 9.953437128404937773e-02 1.368773588010728862e-02 9.949245638086015031e-01 7.803654152786509712e+01
9.948535675169857262e-01 -3.070936395275905215e-02 -9.633640992633091260e-02 -9.904012512835147497e-01 2.928306156071222924e-02 9.994386303747784250e-01 -1.613002621061081915e-02 -7.348292542540348915e-01 9.677950691258817295e-02 1.321384090584321568e-02 9.951982515367946425e-01 7.901685219730990184e+01
9.951952481321777455e-01 -3.001400212922874372e-02 -9.283425354252022865e-02 -1.077839589439200774e+00 2.902591224836704314e-02 9.995042361849929557e-01 -1.191046045338643722e-02 -7.769982155845067684e-01 9.314791179300693780e-02 9.139264899386947971e-03 9.955791173292527496e-01 7.999084743778307427e+01
9.953150217458895943e-01 -2.970842383141164209e-02 -9.165401534578289378e-02 -1.182251817928615001e+00 2.962156262936689599e-02 9.995552991249367913e-01 -2.310891531280377144e-03 -8.041928959011573896e-01 9.168213629177991708e-02 -4.343206456735391866e-04 9.957589349008106883e-01 8.098592262162409838e+01
9.955763595136202238e-01 -2.840755008965023531e-02 -8.924789710307190482e-02 -1.268874683908030487e+00 2.909519586370741193e-02 9.995538565435404532e-01 6.357478572863737958e-03 -8.262952025562194658e-01 8.902613515326163185e-02 -8.941893509052539074e-03 9.959636579205007889e-01 8.195331321624433940e+01
9.955391016278306582e-01 -2.897912319199506467e-02 -8.950887499819656923e-02 -1.341156447628691017e+00 2.903155810616086727e-02 9.995759141283800941e-01 -7.268106069165807285e-04 -8.525072593822428102e-01 8.949189421500247654e-02 -1.889588912398257412e-03 9.959628245720060224e-01 8.293281435767590892e+01
9.956312300373915125e-01 -2.887740737766595484e-02 -8.845104479547688525e-02 -1.431473938108604127e+00 2.849190316932619788e-02 9.995756086464450130e-01 -5.597275839775667922e-03 -8.789237241383398569e-01 8.857596679478683954e-02 3.035175600325829611e-03 9.960368813707901614e-01 8.389187315235105302e+01
9.955090854092827346e-01 -2.988993012361962354e-02 -8.954630542196598264e-02 -1.489231870250498080e+00 2.939386066640249998e-02 9.995422061135791347e-01 -6.830545271422397077e-03 -9.281285466940190076e-01 8.971036221489371576e-02 4.153049234900552805e-03 9.959367246056783918e-01 8.485929987383886441e+01
9.953998133125375736e-01 -3.067126504377842844e-02 -9.042284080313967021e-02 -1.569466679603081616e+00 3.027798326469767140e-02 9.995222821020234294e-01 -5.697605358033523519e-03 -9.542877278469757973e-01 9.055526985372640281e-02 2.915238722667653267e-03 9.958588541780295511e-01 8.584887943024935453e+01
9.953563748536962130e-01 -3.094995751589695379e-02 -9.088856553219426537e-02 -1.663369254594221358e+00 3.078583597973971742e-02 9.995184741591066624e-01 -3.205425042123778018e-03 -9.768967999508978428e-01 9.094430376398893179e-02 3.781140332651767243e-04 9.958346942153467607e-01 8.681102939213133141e+01
9.954622069268159734e-01 -3.011680332465412405e-02 -8.999678894237618521e-02 -1.774263430769314587e+00 3.048561628814046992e-02 9.995290407648494968e-01 2.695703645039590566e-03 -9.781695637095796370e-01 8.987252739818135661e-02 -5.441874349691270055e-03 9.959165405850071151e-01 8.776696160902717736e+01
9.953672336304357771e-01 -2.984722597550980641e-02 -9.112215843585880215e-02 -1.871161362126526173e+00 3.056574154974169358e-02 9.995094132988933122e-01 6.449379057340835948e-03 -9.828530925392126028e-01 9.088367110305878294e-02 -9.219598331887797482e-03 9.957960606283493554e-01 8.874350421991465510e+01
9.955648410044115604e-01 -2.823910304509114413e-02 -8.932179572018654479e-02 -1.987700242555174635e+00 2.909778036894818468e-02 9.995388936984374029e-01 8.235130146282573088e-03 -9.638066540711387464e-01 8.904578510598085139e-02 -1.081936250540628183e-02 9.959343493273026260e-01 8.967449955676841000e+01
9.956327000081388601e-01 -2.720396996429778197e-02 -8.900715859943397756e-02 -2.103553241133093277e+00 2.805358075354053016e-02 9.995696759347942884e-01 8.242007291252852544e-03 -9.409580491554117021e-01 8.874297670371436575e-02 -1.071863572862763285e-02 9.959724411423332979e-01 9.062295868020522960e+01
9.953106332957156743e-01 -2.735520626488795529e-02 -9.253804406392610038e-02 -2.185422554441134313e+00 2.842113871370856304e-02 9.995423939855643258e-01 1.016028792211255000e-02 -9.650949149394008053e-01 9.221627051467838621e-02 -1.275504301083906812e-02 9.956362767844245676e-01 9.158629225703889176e+01
9.949539025897797817e-01 -2.842143602130957347e-02 -9.600291316591956503e-02 -2.273699007611596823e+00 2.958735149258077610e-02 9.995029507896044940e-01 1.068502484200200241e-02 -9.961001228185084599e-01 9.565004321029929590e-02 -1.348311544895727278e-02 9.953037839039413637e-01 9.252891710442158058e+01
9.941910117050144491e-01 -3.054622980348800296e-02 -1.028540410386912102e-01 -2.371059922877708281e+00 3.165457665041917362e-02 9.994544442354740266e-01 9.086355158923484568e-03 -1.002194912621642509e+00 1.025184592941061762e-01 -1.230856496956539078e-02 9.946210717122523359e-01 9.348442802132444740e+01
9.930534592634043811e-01 -3.332023210009273095e-02 -1.126499948644905519e-01 -2.475920758791942955e+00 3.458355911467308336e-02 9.993568567590802587e-01 9.234652742894700062e-03 -1.024325110168040398e+00 1.122685379381532234e-01 -1.307912361828526826e-02 9.935712079681466857e-01 9.443151081691441107e+01
9.919013938063377944e-01 -3.617458207483215116e-02 -1.215928479888276070e-01 -2.586094315803762367e+00 3.776866615727886289e-02 9.992269295465558976e-01 1.079482480059228838e-02 -1.045502281769807640e+00 1.211074341872137583e-01 -1.530850526130131915e-02 9.925029298895993168e-01 9.536748222461457658e+01
9.902719000949241623e-01 -3.938862342305407549e-02 -1.332344330111438768e-01 -2.718777271767077064e+00 4.111839922375159356e-02 9.990992825795591559e-01 1.020696015628572151e-02 -1.048432650827260559e+00 1.327107796985513011e-01 -1.560251536461954198e-02 9.910045840796675165e-01 9.630501292286425041e+01
9.887628131449169855e-01 -4.069654465931216158e-02 -1.436607450659909413e-01 -2.871249277929149635e+00 4.266317878402651337e-02 9.990314523562734417e-01 1.060233866286293576e-02 -1.034614156593527623e+00 1.430892179845890955e-01 -1.662510364423464004e-02 9.895446446016540332e-01 9.721986021457290406e+01
9.865126691083302424e-01 -4.254329946895699099e-02 -1.578971920913713467e-01 -3.024343492152057333e+00 4.538106282470525527e-02 9.988646255310584809e-01 1.436677197856928850e-02 -1.034002909385187019e+00 1.571053078395618641e-01 -2.135028131039019839e-02 9.873261026346287217e-01 9.815949946765704226e+01
9.845168160098323185e-01 -4.400497817979699688e-02 -1.695555909809199346e-01 -3.192197866768265335e+00 4.721422241199359909e-02 9.987718017876248133e-01 1.490940145806166593e-02 -1.042262434069725741e+00 1.686901086436196628e-01 -2.269438977952122419e-02 9.853881280941141352e-01 9.907863685035215440e+01
9.822010734575782331e-01 -4.524300514566395592e-02 -1.821400369252489937e-01 -3.366067978241564340e+00 4.885087215011447992e-02 9.986868134289670351e-01 1.533399701802727090e-02 -1.033424054350288834e+00 1.812059864120952879e-01 -2.397120145021616050e-02 9.831240802956144886e-01 9.999753102252412873e+01
9.791878358652315040e-01 -4.780903146015804545e-02 -1.970707277471250574e-01 -3.554812084398106364e+00 5.172750116930886072e-02 9.985505569110202373e-01 1.474659083529117343e-02 -1.045307446112607730e+00 1.960789047764667781e-01 -2.464800478371715134e-02 9.802446837961666937e-01 1.009334512273063211e+02
