1.000000000000000000e+00 -3.306050084167601550e-19 -2.270457535318767223e-19 -8.673617379884035472e-19 7.546676715296109287e-19 1.000000000000000000e+00 6.237773588823049983e-19 1.387778780781445676e-17 -3.447385680526250622e-20 4.770700176052009879e-20 1.000000000000000222e+00 5.551115123125782702e-17
9.998832096271480507e-01 1.259786631786320027e-03 1.523505234800637438e-02 -4.105241039398157404e-03 -1.225542343560455296e-03 9.999967009758108372e-01 -2.256950276979329418e-03 5.383274052933539888e-03 -1.523784775829335747e-02 2.238017734487526486e-03 9.998814323993608921e-01 9.944177775583240564e-02
9.993019383906429631e-01 4.432825189406925520e-03 3.708876996975080803e-02 2.855975966681769534e-02 -4.402124894207034254e-03 9.999898648223619624e-01 -9.094251340478995719e-04 -1.038168382897025621e-03 -3.709243177662970015e-02 7.454431001967782135e-04 9.993113619366842393e-01 2.776325006159712783e-01
9.980420722183522830e-01 5.109709681388673388e-03 6.233859735341733266e-02 6.299248917349058174e-02 -5.192455190736101726e-03 9.999858536292445255e-01 1.165350674658423855e-03 -5.244954235280527288e-03 -6.233176207483191039e-02 -1.486805832901414185e-03 9.980544396652515360e-01 4.158638242989121658e-01
9.952309301573954992e-01 4.810368925634874934e-03 9.742082607195702570e-02 1.106873088166345498e-01 -5.128231525057844881e-03 9.999823131494743889e-01 3.012560071461331274e-03 2.307614259977872062e-03 -9.740461411294780436e-02 -3.497890677538044359e-03 9.952379733908232051e-01 5.802507527574564117e-01
9.909654946105934670e-01 1.815589772037096193e-03 1.340896268804975533e-01 1.697275441641655225e-01 -2.545595301188886654e-03 9.999828723495178817e-01 5.273342747151591771e-03 -4.692736810996300800e-03 -1.340777750726179218e-01 -5.567147864530364552e-03 9.909530998863548268e-01 7.952091106854948244e-01
9.847755404413677249e-01 -1.735456860666767043e-03 1.738300582289666329e-01 2.642921277492761289e-01 6.043421777728273919e-04 9.999782745169977227e-01 6.561160003210728467e-03 -6.159288813168822818e-03 -1.738376958041634446e-01 -6.356252744200546409e-03 9.847552501928494850e-01 9.673504833791297663e-01
9.757911099845010261e-01 -1.763226313232587553e-03 2.187123930711942221e-01 3.417063475158340080e-01 5.504549412132110875e-05 9.999694722207402853e-01 7.816917585856366507e-03 -3.476414309536504654e-03 -2.187195121061412395e-01 -7.615602748766676228e-03 9.757614104781697772e-01 1.195498704716497329e+00
9.643375908873167424e-01 -1.503413395769049579e-03 2.646802162204015541e-01 4.421552685444264386e-01 -1.378104017530794962e-03 9.999418066444129005e-01 1.070261728990977781e-02 2.929326924862127313e-03 -2.646809023690105955e-01 -1.068566402554895628e-02 9.642794289148037823e-01 1.393076849469662370e+00
9.496262615729659240e-01 -5.722325369005506167e-03 3.132268232715098577e-01 5.830397432897066468e-01 2.864969418399149941e-04 9.998487286173483035e-01 1.738726645688321720e-02 5.960403604721359327e-03 -3.132789697739909451e-01 -1.642129325739240253e-02 9.494842292654050997e-01 1.636138183593028206e+00
9.332293357130890810e-01 -1.591986633627124129e-02 3.589068333236634656e-01 7.104874197349784204e-01 6.937657918636675261e-03 9.996300457690671104e-01 2.630005270003357015e-02 -5.702587941541686911e-03 -3.591927477956758930e-01 -2.205373794882440480e-02 9.329945241956395519e-01 1.848135257482095506e+00
9.116507344845298233e-01 -2.142520903203563865e-02 4.103955560768445254e-01 8.673707939297892189e-01 9.585323404868765010e-03 9.994769618414964807e-01 3.089122248229163661e-02 -5.958328076802257844e-03 -4.108426810788974870e-01 -2.422853892567559259e-02 9.113792678806694747e-01 2.074161756664731460e+00
8.869985769176129686e-01 -2.295645699520300689e-02 4.611860563908294908e-01 1.058735951355499694e+00 7.585705354540939888e-03 9.993531244552944504e-01 3.515140266758949583e-02 -1.110592248548883387e-03 -4.616947011336014484e-01 -2.768119550020894243e-02 8.865989478885674124e-01 2.315130669181253431e+00
8.581437115896977108e-01 -2.511599523057755912e-02 5.128458520835484924e-01 1.244369264763277361e+00 5.587590198814725018e-03 9.992005080401289430e-01 3.958184331950505980e-02 1.871045993758384263e-02 -5.134299681417038297e-01 -3.110334052318878065e-02 8.575978780340528518e-01 2.539392299779021034e+00
8.260416667728069928e-01 -3.062513681837937193e-02 5.626941473904740754e-01 1.469045794799555660e+00 7.246317972314056909e-03 9.990171848294300272e-01 4.372921330487831298e-02 2.427648023411027589e-02 -5.634802914542520469e-01 -3.204446443534419986e-02 8.254516979430512880e-01 2.772053394239407886e+00
7.906841935654232989e-01 -3.557371297212656019e-02 6.111557399778486666e-01 1.701009142166618027e+00 8.528803864224188472e-03 9.988536804680058223e-01 4.710521953292098885e-02 2.928616399928285485e-02 -6.121305862741671655e-01 -3.203556802964106776e-02 7.900810567832216025e-01 2.983706363155764318e+00
7.534387192830258595e-01 -4.054258661545178527e-02 6.563871848609338366e-01 1.971135871304152021e+00 9.810158627642071374e-03 9.986793217781106957e-01 5.043931638661616063e-02 4.310608276568272945e-02 -6.575650657376312935e-01 -3.156855038269627822e-02 7.528412441981103820e-01 3.197111472816495770e+00
7.128431509414943079e-01 -4.299760823839312435e-02 6.999836170798579005e-01 2.266638003095279963e+00 1.062122993764731509e-02 9.986662449979779588e-01 5.053522609928590842e-02 5.753479378901195374e-02 -7.012225414398646217e-01 -2.859190206391695743e-02 7.123490678247186292e-01 3.419691678081663966e+00
6.707953723920654365e-01 -4.479339096508861556e-02 7.403316042490614146e-01 2.563325125990885134e+00 9.142940629247864326e-03 9.985979301075488257e-01 5.214332503162454058e-02 7.479939267943194747e-02 -7.416293668436045872e-01 -2.820820630349018740e-02 6.702645406133316275e-01 3.634748590107862665e+00
6.288653681405454998e-01 -4.570274871995592958e-02 7.762376915813172795e-01 2.907101512296367041e+00 5.416560297925925201e-03 9.985040184456367429e-01 5.440892684559830994e-02 9.607839450005759008e-02 -7.775636562609500313e-01 -3.000601584154313772e-02 6.281724744710996955e-01 3.842454723081189183e+00
5.866587468388799742e-01 -4.692886705519826868e-02 8.084487954798057485e-01 3.249672645062311016e+00 2.245898496129931053e-03 9.984101022564706440e-01 5.632896602329356267e-02 1.102417116453786455e-01 -8.098064210269794172e-01 -3.123506669683964385e-02 5.858312573347033148e-01 4.056927835206998623e+00
5.477615583433861346e-01 -4.870729018180379455e-02 8.352300808625716666e-01 3.630983546000204676e+00 9.329401549066230603e-04 9.983385262708349694e-01 5.761166077278177811e-02 1.282103097868328989e-01 -8.366492054601903927e-01 -3.076986358319709625e-02 5.468974067454899224e-01 4.263268804958790348e+00
5.073716557010550243e-01 -5.109974478773820356e-02 8.600860141860617869e-01 4.048686546431295774e+00 -7.517350579405608895e-04 9.982134797430015638e-01 5.975615276557565136e-02 1.430052007068665643e-01 -8.616024551934845510e-01 -3.096745277152958623e-02 5.064269886175279956e-01 4.466539939540991710e+00
4.698731466657242728e-01 -5.054192970002140128e-02 8.813302079000576716e-01 4.475538220317614169e+00 -3.414763029307797421e-03 9.982479820338306942e-01 5.907766904239627331e-02 1.578266546703044060e-01 -8.827718045952022141e-01 -3.077207331518061126e-02 4.688772982146602875e-01 4.679281614653534760e+00
4.344110191924631659e-01 -4.949311047070861780e-02 8.992590155113614481e-01 4.946643877407350232e+00 -4.916603564991942413e-03 9.983435679704765198e-01 5.732956107416356528e-02 1.837350393672188553e-01 -9.006072720229841844e-01 -2.931694730349135303e-02 4.334487209425291754e-01 4.861869776719712988e+00
3.993705731630007305e-01 -4.904096333055991269e-02 9.153598210519973133e-01 5.442208765936220161e+00 -3.492223344999923623e-03 9.984798969693547965e-01 5.501258993160196287e-02 2.086744541696580746e-01 -9.166654396711664265e-01 -2.517804863579087282e-02 3.985919193558648543e-01 5.061131546522127600e+00
3.715473336997463516e-01 -4.643927303116746758e-02 9.272260153709461772e-01 5.965172648972420610e+00 -1.971408321416359688e-03 9.987067460315949274e-01 5.079656648514901257e-02 2.318899436294913352e-01 -9.283856869128765954e-01 -2.070453394925035259e-02 3.709749179760259974e-01 5.227135338410895393e+00
3.452889926868066284e-01 -4.655448203887607717e-02 9.371802320779879514e-01 6.506952378161986239e+00 -5.798461721124265967e-04 9.987582028937646017e-01 4.982674798116648596e-02 2.628768785827538812e-01 -9.383355541700501012e-01 -1.775627349015305306e-02 3.448330989808150449e-01 5.427666714277833648e+00
3.246999349294195647e-01 -4.491361428666742345e-02 9.447071231912530509e-01 7.092713094109795335e+00 2.453051308479147754e-04 9.988763916293799117e-01 4.739131474214111628e-02 2.821979512107750110e-01 -9.457734764581147147e-01 -1.516970892914108575e-02 3.243454442522816228e-01 5.604325086985375570e+00
3.094952070241764330e-01 -4.614182263057280131e-02 9.497736238330740655e-01 7.686917470748561243e+00 1.350227087810826170e-03 9.988424277193501677e-01 4.808582179301511966e-02 3.110805569576953200e-01 -9.508928689923321631e-01 -1.360102883147980106e-02 3.091992080795022413e-01 5.792786693751406091e+00
2.980865023785950196e-01 -4.685836902432428952e-02 9.533834560066084540e-01 8.305506078742627807e+00 1.721541713365389590e-03 9.988190601783200062e-01 4.854682899486024994e-02 3.291773250970465581e-01 -9.545329393988024602e-01 -1.282307533553151899e-02 2.978151884902194291e-01 5.983529299285541114e+00
2.871847673986850369e-01 -4.902634295378104079e-02 9.565871763208930734e-01 8.963874499314927746e+00 9.423763967550277893e-04 9.987029670880602783e-01 5.090203583968825468e-02 3.595621887465867417e-01 -9.578428121530796480e-01 -1.370375499508567907e-02 2.868588999965921427e-01 6.170294132469759774e+00
2.755893203702838856e-01 -5.050236847348129471e-02 9.599148481970350977e-01 9.652732541939570865e+00 -5.180157553657740191e-05 9.986181883714944085e-01 5.255167068160519067e-02 3.944727576910151967e-01 -9.612424813839399729e-01 -1.453425151474685081e-02 2.752058742652714884e-01 6.375716097472031940e+00
2.662551272503390076e-01 -5.313538594907050300e-02 9.623873634330375459e-01 1.033697990951200119e+01 -2.031873785810905508e-03 9.984463193137690373e-01 5.568155260681840329e-02 4.281958619629561147e-01 -9.638509947620209628e-01 -1.678010106482574412e-02 2.657333705116213807e-01 6.562337935989736692e+00
2.568781196861481542e-01 -5.475265909722738800e-02 9.649302244720756594e-01 1.106231198633951962e+01 -2.800666337653026031e-03 9.983474214362526578e-01 5.740699744315993364e-02 4.586626091487921997e-01 -9.664786305323117555e-01 -1.745205973080786802e-02 2.563003878517509104e-01 6.753296857543053200e+00
2.462252822922544881e-01 -5.678216101681253514e-02 9.674420549011234494e-01 1.181081716797490877e+01 -2.754364691122516452e-03 9.982374144566072971e-01 5.930051064618512696e-02 4.927747261780376364e-01 -9.691029065451483016e-01 -1.727998304862071038e-02 2.456348408878951950e-01 6.945681457800248815e+00
2.349772721599709402e-01 -5.735695115761847707e-02 9.702026981504928704e-01 1.256780910610591206e+01 -3.146397854713985347e-03 9.982071522304616362e-01 5.977642010573238490e-02 5.244494836844388885e-01 -9.718915297806236531e-01 -1.710200213891696283e-02 2.343756433824328855e-01 7.129813269231132011e+00
2.235787345099764234e-01 -6.103616572680162916e-02 9.726752294446888714e-01 1.334724049494805165e+01 -4.519075262184354090e-03 9.979612024455323249e-01 6.368400541380968283e-02 5.634452484223371194e-01 -9.745784391748953945e-01 -1.864197046969626181e-02 2.228475436610609095e-01 7.309051297639030942e+00
2.133493942092491991e-01 -6.398704973301080901e-02 9.749460786271955115e-01 1.413963488637766019e+01 -6.277504744306644686e-03 9.977415454725817590e-01 6.687796874708687445e-02 6.056518631606400138e-01 -9.770249007741469427e-01 -2.037116794446042559e-02 2.124669676610799751e-01 7.486631072200990111e+00
2.005471746545680889e-01 -6.799538804532233305e-02 9.773477595835396992e-01 1.494391960000051078e+01 -7.513428279738150126e-03 9.974524408258210739e-01 7.091908923618299443e-02 6.437995475467983564e-01 -9.796812734467189587e-01 -2.155425649951646372e-02 1.995253076057773300e-01 7.658871864489002590e+00
1.871201839972143066e-01 -6.979960460089147667e-02 9.798373027709167404e-01 1.575055113716950572e+01 -7.967534467903179818e-03 9.973313457089943990e-01 7.257037516740244554e-02 6.874907437952924028e-01 -9.822884830441207527e-01 -2.137752496017236714e-02 1.860651579253984889e-01 7.813017687113728904e+00
1.729913032389270300e-01 -7.204119285164568842e-02 9.823241895821358538e-01 1.656620198105103015e+01 -8.186096531917121805e-03 9.971813844943465677e-01 7.459873047077202057e-02 7.317880790703038540e-01 -9.849287809488830314e-01 -2.095624594073014144e-02 1.719143277763320321e-01 7.956838485507867986e+00
1.581934615233268060e-01 -7.053428907105020740e-02 9.848178698417333621e-01 1.739400377137555864e+01 -1.027382834546813027e-02 9.972743781050241729e-01 7.308981793247178171e-02 7.766055346137545889e-01 -9.872860852271948540e-01 -2.171561147909897849e-02 1.570369585455535510e-01 8.088157073637257000e+00
1.426499747333295209e-01 -6.961020495810693598e-02 9.872762828344573416e-01 1.819596743988299181e+01 -1.148010904116624625e-02 9.973412778310898341e-01 7.198156150017151478e-02 8.158692413970018986e-01 -9.896591447231023464e-01 -2.163875950260248440e-02 1.414705078373065250e-01 8.206282271333257938e+00
1.213505454192633781e-01 -6.737832679846987582e-02 9.903205815945085311e-01 1.903400509023101961e+01 -1.399309925709435465e-02 9.974786629413167072e-01 6.955036446311861631e-02 8.575232430421635410e-01 -9.925107024404468126e-01 -2.228802987727561413e-02 1.201012181774105958e-01 8.311756230191031491e+00
9.666942681630751044e-02 -6.631409103924718051e-02 9.930886425911983340e-01 1.986959517711700585e+01 -1.853482019386435559e-02 9.974845934538650871e-01 6.843565202795567903e-02 9.028118626954708681e-01 -9.951284657458038252e-01 -2.502873428193816419e-02 9.519753096454959540e-02 8.393696716976487338e+00
6.774739690249366453e-02 -6.620397887004558779e-02 9.955189262133726791e-01 2.071598554446394047e+01 -2.278914857519681592e-02 9.974321573007191022e-01 6.789172866301637632e-02 9.431590969657636103e-01 -9.974593167349733447e-01 -2.726030499964212164e-02 6.606549265080655098e-02 8.442145651594200828e+00
3.306443474888797612e-02 -6.614305398244131606e-02 9.972587643925641121e-01 2.156754429039943943e+01 -2.487840022520541525e-02 9.974439638563564747e-01 6.698716586784538018e-02 9.854626331517009064e-01 -9.991403759556438668e-01 -2.702855572004826679e-02 3.133449371371972714e-02 8.465493821596700386e+00
-6.759770091826283137e-04 -6.536099595753713798e-02 9.978607386826783276e-01 2.242269031740169183e+01 -2.600899318337248148e-02 9.975245881426456629e-01 6.533600435953816621e-02 1.019796620184402425e+00 -9.996622153463985416e-01 -2.589223712726121049e-02 -2.373654527763103834e-03 8.452834918879254644e+00
-3.557207043939333152e-02 -6.431728229268365848e-02 9.972934502986879890e-01 2.328801626522965051e+01 -2.772078024419498063e-02 9.976057650693332945e-01 6.335651948961107394e-02 1.056156717453803573e+00 -9.989825151499003297e-01 -2.536449297006031917e-02 -3.726913223174461304e-02 8.416946351324037678e+00
-6.622724861933630691e-02 -6.281067311980936818e-02 9.958632175976159795e-01 2.413063802111191691e+01 -2.978935898689903314e-02 9.976959552641447848e-01 6.095754048158596311e-02 1.085165784083219176e+00 -9.973981173706623071e-01 -2.562053032050849721e-02 -6.794546923760096113e-02 8.354980932938586236e+00
-9.984639916287396666e-02 -5.985289347819647277e-02 9.931457961796528178e-01 2.499355496522641573e+01 -3.286001655462290200e-02 9.978427125218103377e-01 5.683485960470373299e-02 1.122651230700925984e+00 -9.944059184599491896e-01 -2.694501322128194098e-02 -1.015975097672080496e-01 8.263481881579149757e+00
-1.326191745128349475e-01 -5.544977404948407684e-02 9.896288569810325342e-01 2.585397911000474380e+01 -3.039751957818558406e-02 9.981917914946975001e-01 5.186050544039959298e-02 1.150363104637347256e+00 -9.907151475802583596e-01 -2.320584106501170571e-02 -1.340649729245885768e-01 8.139361293113035245e+00
-1.641230977644372591e-01 -5.022481336288713016e-02 9.851404332411604070e-01 2.671539056802855683e+01 -2.406567652052522821e-02 9.986096988354857817e-01 4.688457925145553262e-02 1.174971273398285554e+00 -9.861259903748071931e-01 -1.600308355053878945e-02 -1.651036712691075770e-01 7.988369872107401903e+00
-1.966542709391570498e-01 -4.423069624848829234e-02 9.794500814631866836e-01 2.755793203893615839e+01 -1.962899455782452993e-02 9.989592504736906076e-01 4.117403702807723859e-02 1.195198310340447101e+00 -9.802521037137367221e-01 -1.112632989474549375e-02 -1.973177009538678028e-01 7.798917591458453202e+00
-2.222857809304920884e-01 -3.853737633662948636e-02 9.740841828347348574e-01 2.838308613641564904e+01 -1.240059372246716911e-02 9.992492511920864073e-01 3.669280311637522496e-02 1.205366493404999684e+00 -9.747676441940759107e-01 -3.903282999628673346e-03 -2.225966581516471698e-01 7.592930127491072767e+00
-2.517167720017917110e-01 -3.259101983167051603e-02 9.672661975905475495e-01 2.921355642301540456e+01 -4.507942121713337351e-03 9.994609210250484654e-01 3.251911469119170978e-02 1.219725920109116624e+00 -9.678052836961568151e-01 3.839270941174394158e-03 -2.517276466428856607e-01 7.368892492922066495e+00
-2.768644100456796320e-01 -2.258825816633759989e-02 9.606204832766657153e-01 3.002969455023707468e+01 7.715019640694895618e-04 9.997180978126080086e-01 2.373049101617817624e-02 1.219749379384454269e+00 -9.608858754427878068e-01 7.317224910836763428e-03 -2.767687711752840896e-01 7.121505002868435241e+00
-3.021739158940263681e-01 -7.014736290814586536e-03 9.531727483593939176e-01 3.083889603039725102e+01 5.817177060920789011e-03 9.999406889130592058e-01 9.200926036872647193e-03 1.211987519340261832e+00 -9.531810532277937842e-01 8.330538572460860144e-03 -3.021152835228017031e-01 6.845710462674067465e+00
-3.278475611829786418e-01 1.041984725049897864e-02 9.447275886620827290e-01 3.162769055061342627e+01 6.522757448310635697e-03 9.999403467558507508e-01 -8.766240429422793995e-03 1.194780166172701108e+00 -9.447625737359135467e-01 3.285659656394988078e-03 -3.278960189579581685e-01 6.569238709109267660e+00
-3.520625472799371880e-01 2.493763249633205656e-02 9.354187345575205592e-01 3.241588565821268020e+01 5.736935469047840797e-03 9.996834607478031209e-01 -2.449225655448236325e-02 1.176224234748863173e+00 -9.357338402869126437e-01 -3.268741181682399948e-03 -3.520939619164284440e-01 6.273886596510409142e+00
-3.763356074000233087e-01 3.593961912875395098e-02 9.256974549827936549e-01 3.319722461697386962e+01 1.000211230750063830e-02 9.993465109632383436e-01 -3.472994681919130272e-02 1.138178326212373692e+00 -9.263411416471980520e-01 -3.821071326011451878e-03 -3.764490186831491170e-01 5.945936157596383609e+00
-4.006640989150333509e-01 4.039561903720272074e-02 9.150079611107390098e-01 3.397194521763967145e+01 1.373422488914391101e-02 9.991799775551465368e-01 -3.808666118578465931e-02 1.091776825439529919e+00 -9.157964941817144933e-01 -2.702683254962237949e-03 -4.008902117833474943e-01 5.613122204137691362e+00
-4.227262724190294363e-01 3.938047204398869433e-02 9.055639807331842261e-01 3.475554869618591169e+01 1.556637324729524471e-02 9.992234425668611308e-01 -3.621464297589816611e-02 1.046941081443169219e+00 -9.062865414458973756e-01 -1.187105899022996170e-03 -4.230110077237440591e-01 5.242547595822091289e+00
-4.440760455948187246e-01 3.566116641922302544e-02 8.956361892424147264e-01 3.550903280237327664e+01 1.990198900360201986e-02 9.993536377293245065e-01 -2.994307831394304661e-02 1.006161644689109069e+00 -8.961250141182456330e-01 4.542855457136471195e-03 -4.444987835407557819e-01 4.870993237225306416e+00
-4.617457402821706358e-01 3.442769605758882329e-02 8.862103332082458262e-01 3.626183888037822101e+01 2.716723641914867496e-02 9.993265997240733389e-01 -2.464648053950363460e-02 9.646593323560503919e-01 -8.864622164690902917e-01 1.269438538184435548e-02 -4.623701987458731510e-01 4.469688854501447928e+00
-4.762088364408931795e-01 3.526360021294303732e-02 8.786794309836194472e-01 3.700043552263865365e+01 3.123479743025385155e-02 9.992431476089824738e-01 -2.319833474521841576e-02 9.217519250811854192e-01 -8.788327325067830653e-01 1.639827218927520161e-02 -4.769499369787124632e-01 4.065579157161244517e+00
-4.851661399010197551e-01 3.773482612582421125e-02 8.738365894503038467e-01 3.771848403971176822e+01 3.393317133859012624e-02 9.991283019155486889e-01 -2.433221945213201801e-02 8.786687315785309815e-01 -8.739929067515126437e-01 1.785738862480754779e-02 -4.860237066712823628e-01 3.657967705604584285e+00
-4.941840732343363851e-01 4.044713064271039660e-02 8.685552017013714599e-01 3.841698211575936028e+01 3.494176136841417590e-02 9.990340968832606139e-01 -2.662973819490676089e-02 8.350644936133998497e-01 -8.687933144812317598e-01 1.719793984821040012e-02 -4.951201614357894076e-01 3.256017562444986968e+00
-5.037946956315076941e-01 4.016916813365369737e-02 8.625033739834923052e-01 3.913282321526335039e+01 2.796563371806761594e-02 9.991527568709944740e-01 -3.018681713603578454e-02 7.883853076570691565e-01 -8.629860207243716941e-01 8.892005532717968397e-03 -5.044912213537751100e-01 2.841836663008617592e+00
-5.170547516328192206e-01 3.729864880454093756e-02 8.549863183274439837e-01 3.982170135454867221e+01 2.668839158158185093e-02 9.992667045085602551e-01 -2.745913767521561064e-02 7.576823485773201972e-01 -8.553839246750791769e-01 8.610341235884895472e-03 -5.176710540758450163e-01 2.432149052523848720e+00
-5.260970695938715913e-01 4.037500906767917813e-02 8.499996465563376402e-01 4.052458917487759749e+01 2.947087713884369645e-02 9.991381712948683713e-01 -2.923482300279861903e-02 7.199630915900708805e-01 -8.504469479146687938e-01 9.691310082758095371e-03 -5.268336379596941788e-01 1.992505508127418112e+00
-5.326897432689572387e-01 4.266649730632478266e-02 8.453036593177951641e-01 4.123200835081171078e+01 3.260573695401632055e-02 9.990217690641411963e-01 -2.986060895017045302e-02 6.777218398821821532e-01 -8.457506304201937164e-01 1.166315012173845152e-02 -5.335599258234127173e-01 1.552129451599953747e+00
-5.369380075496213989e-01 4.642257232220858842e-02 8.424407679150027750e-01 4.193075024490911318e+01 3.343663280028200124e-02 9.988711468520251602e-01 -3.375725829034652986e-02 6.475397806767290154e-01 -8.430570352824281466e-01 1.004397506868436735e-02 -5.378838810702871731e-01 1.108077992219240748e+00
-5.355587858646863042e-01 4.786304430554177980e-02 8.435732263182392776e-01 4.267313149979877807e+01 3.344857672834247730e-02 9.988118850956200223e-01 -3.545111517066294737e-02 6.074426302994273552e-01 -8.442668129391096565e-01 9.258956518421943005e-03 -5.365234201232675915e-01 6.372902712050256824e-01
-5.326740256323776457e-01 4.838776061429773262e-02 8.454315161944537804e-01 4.341260675764077348e+01 3.593221809803807953e-02 9.987574724574491691e-01 -3.453823812568677931e-02 5.648026482949605187e-01 -8.460515205616691015e-01 1.200601269505694596e-02 -5.337509311085187891e-01 1.722076314597596747e-01
-5.274659751727326373e-01 4.705763226752497641e-02 8.488566105540767959e-01 4.416588585423502167e+01 3.393165962285510373e-02 9.988349796571567296e-01 -3.433653229988320454e-02 5.210174797258856350e-01 -8.494831877938705533e-01 1.070902947897151014e-02 -5.284480812513917547e-01 -2.837702693002330245e-01
-5.180525735615768568e-01 4.519597634088740046e-02 8.540565180700386838e-01 4.494823216292949297e+01 3.170127476057594401e-02 9.989319366642899212e-01 -3.359376874759844450e-02 4.805686724944761012e-01 -8.546627210626995819e-01 9.667873341823667033e-03 -5.189322200248625006e-01 -7.519294288483281408e-01
-5.128915092558263833e-01 4.460194709612864267e-02 8.577944981037939343e-01 4.573379762837903684e+01 2.914756676584626463e-02 9.989785991862013548e-01 -3.454411415552190168e-02 4.397806108834902972e-01 -8.584583586826379786e-01 7.310464358952498826e-03 -5.136677683933571492e-01 -1.205354529946506492e+00
-5.052867603611891356e-01 4.337353039462914228e-02 8.617756649338945696e-01 4.653060593594115346e+01 2.693699675098780444e-02 9.990416277830441727e-01 -3.450819935805233413e-02 3.965070364987569596e-01 -8.624473046572579404e-01 5.759011155831609413e-03 -5.059706009499923551e-01 -1.651436489251588702e+00
-5.011920497931249274e-01 4.109852661409876123e-02 8.647828856420551880e-01 4.737515306007764337e+01 2.275759781010226052e-02 9.991524318385314185e-01 -3.430963561795986883e-02 3.547775689525558551e-01 -8.654593342463630101e-01 2.507975641405739680e-03 -5.017027192722740558e-01 -2.125540770422609693e+00
-4.975066344395371876e-01 3.771979150854690155e-02 8.661172723715806487e-01 4.821303676690796181e+01 1.727769893369491064e-02 9.992864424341852958e-01 -3.357426495983543979e-02 3.125364995764774445e-01 -8.667664772396813655e-01 -1.769280605671627246e-03 -4.978030456998787101e-01 -2.580685334353352012e+00
-4.989674306537341120e-01 3.660095518442692264e-02 8.658042695716459125e-01 4.908200067093298458e+01 1.507053473912093114e-02 9.993228582593328690e-01 -3.357226171789823299e-02 2.618431191755662968e-01 -8.664468006139314227e-01 -3.704825849968364920e-03 -4.991809776849445157e-01 -3.070733703695917249e+00
-5.014206139536087070e-01 3.462503937758835276e-02 8.650392751503395150e-01 4.994631785052368400e+01 1.312043254940752773e-02 9.993886835381634581e-01 -3.241747380464170963e-02 2.232720731637825307e-01 -8.656323475394808176e-01 -4.881574739566621988e-03 -5.015686073615017726e-01 -3.557819537028291013e+00
-5.013806332332367832e-01 3.356310275045390479e-02 8.651134766796527709e-01 5.083021870761242411e+01 1.347611927386451955e-02 9.994295743516476982e-01 -3.096929589701328395e-02 1.766062066481670911e-01 -8.656591807244556902e-01 -3.859637427774812064e-03 -5.015471377202784797e-01 -4.045425761233097717e+00
-4.989783656134411660e-01 3.265669249810126268e-02 8.656401774409048233e-01 5.173068349299615676e+01 1.243853237651143008e-02 9.994563168283259191e-01 -3.053691299812344440e-02 1.264929173057642020e-01 -8.661670113692344630e-01 -4.482444964991264338e-03 -4.991129750472059201e-01 -4.563955714369939187e+00
-4.989470855976894659e-01 3.288568579256912622e-02 8.658467256988235938e-01 5.264614224446569324e+01 1.336891938768223174e-02 9.994526519986409729e-01 -3.026838106684008253e-02 7.851695194152756574e-02 -8.663683182246896264e-01 -3.530024798210963568e-03 -4.991134105152550959e-01 -5.081064443388406460e+00
-4.999612881447409451e-01 3.123890318410576031e-02 8.655433851531249001e-01 5.355646498622505902e+01 1.262318625842400940e-02 9.995060288421852013e-01 -2.877724902918269573e-02 2.874892490766534775e-02 -8.660146374790871349e-01 -3.460842736364257762e-03 -5.001088092532760543e-01 -5.573932071778612496e+00
-4.989885904973283548e-01 3.045154175550068495e-02 8.659588686141542757e-01 5.448707538725317789e+01 1.085401061200929121e-02 9.995236795271964514e-01 -2.889143931689607328e-02 -2.038232410066047329e-02 -8.664259320910815410e-01 -5.007974298231640878e-03 -4.990815701623755318e-01 -6.103556006819934154e+00
-5.014257471005749700e-01 2.797395126849320721e-02 8.651998820651837230e-01 5.539803816482979215e+01 9.042735802777529877e-03 9.995922775758040446e-01 -2.708051745452673062e-02 -7.062832736886373586e-02 -8.656048545132705163e-01 -5.754423134163893366e-03 -5.014744690509737035e-01 -6.602565535221136095e+00
-4.976412658375648501e-01 2.881147931044696422e-02 8.663236368196735038e-01 5.631651943983193576e+01 8.578859915694658431e-03 9.995624238876451573e-01 -2.830410864944064506e-02 -1.209050612180710554e-01 -8.667602250901164096e-01 -6.662920948676030221e-03 -4.976705720172129310e-01 -7.108785586809132084e+00
-4.962254991764520340e-01 2.585800170043349791e-02 8.673770010367704009e-01 5.724058430359522021e+01 7.293667801257524078e-03 9.996447929940199817e-01 -2.561907877194887981e-02 -1.697886548102451598e-01 -8.677321150568975128e-01 -6.417946765328338792e-03 -4.962376195755482389e-01 -7.635842578625018362e+00
-4.961531477819214331e-01 2.434323874134930801e-02 8.682509127109301339e-01 5.816143603942561668e+01 8.407675333603625498e-03 9.996948728583319177e-01 -2.323313397807469718e-02 -2.196049352091858919e-01 -8.685513237946851373e-01 -4.208698693016299161e-03 -4.962065986764166436e-01 -8.123560697483148019e+00
-4.922891315615965380e-01 2.252087513477302183e-02 8.697002986948101366e-01 5.906618755474303128e+01 8.867470516281976065e-03 9.997428757888795481e-01 -2.086888929442395901e-02 -2.622973034655354807e-01 -8.699467668341458459e-01 -2.567197047357589867e-03 -4.923623250073124180e-01 -8.616991799902212534e+00
-4.881017743638845219e-01 2.207428694117893886e-02 8.723574406830069128e-01 6.000372185636311428e+01 8.446795598293383583e-03 9.997527387613749372e-01 -2.055714574827768176e-02 -3.094400514166276706e-01 -8.725959305099089125e-01 -2.686214112796280699e-03 -4.881675092163685337e-01 -9.154473776763857984e+00
-4.880871764680959068e-01 2.312381437027641318e-02 8.723753997488189471e-01 6.091923650072483554e+01 9.417400176791611982e-03 9.997304430691426047e-01 -2.121118700867387005e-02 -3.540320896687330077e-01 -8.726308180820504523e-01 -2.146456725241890125e-03 -4.881734310812559374e-01 -9.620074928695832028e+00
-4.856720622162003509e-01 2.315129881733960296e-02 8.736744150344688542e-01 6.182917206163244828e+01 9.510120959014338807e-03 9.997298854957358261e-01 -2.120744429594864991e-02 -3.983456427417823020e-01 -8.739295173918818493e-01 -1.995930360054157856e-03 -4.857609950095768681e-01 -1.010578810493151458e+01
-4.871298087827004020e-01 2.475701668801142188e-02 8.729755279154477465e-01 6.271289585157421698e+01 8.530270652115534702e-03 9.996854182399367295e-01 -2.359129225238234748e-02 -4.435232876280058578e-01 -8.732849063174454862e-01 -4.033183064119470231e-03 -4.871877236292180835e-01 -1.058980889398493019e+01
-4.882422210919301619e-01 2.549692208643893412e-02 8.722214841135235153e-01 6.362645287929831994e+01 6.306209098337962025e-03 9.996501825628426596e-01 -2.567518222709342865e-02 -4.955837243249789359e-01 -8.725712084737775598e-01 -7.048654041813760471e-03 -4.882323046754107887e-01 -1.110782153922745152e+01
-4.925079126127301921e-01 2.760052265319620779e-02 8.696426446559502033e-01 6.451590581134944102e+01 5.754972115668734699e-03 9.995782768219397818e-01 -2.845915023684368259e-02 -5.440778066091216392e-01 -8.700616251955588520e-01 -9.021931939102969394e-03 -4.924590306005823259e-01 -1.159924263897182328e+01
-4.990912786895188580e-01 2.530919971511724070e-02 8.659657557953402973e-01 6.540894406824591556e+01 5.210861433269881569e-03 9.996427587325003028e-01 -2.621606963336846688e-02 -5.920571666328587890e-01 -8.663199895887646607e-01 -8.572091099657645416e-03 -4.990447938323491761e-01 -1.210371906608093084e+01
-5.027280693225470998e-01 2.212637501060609260e-02 8.636828690134971120e-01 6.629223516092821455e+01 8.590155821222352633e-03 9.997507288733026298e-01 -2.060255322682838508e-02 -6.447251015186946654e-01 -8.639236805871709501e-01 -2.947521587088977081e-03 -5.027927467928822169e-01 -1.261669697106063914e+01
-5.094290038491279260e-01 2.085993247246322943e-02 8.599281471622217676e-01 6.718534830147956427e+01 5.771813253082682185e-03 9.997662199673105210e-01 -2.083259148174845463e-02 -6.874027718892807837e-01 -8.601619339004717979e-01 -5.662442809317360694e-03 -5.094300739558595970e-01 -1.310856520167280870e+01
-5.132784316877457842e-01 2.306963486851943551e-02 8.579011907949187776e-01 6.805074212543802048e+01 6.482921470247492851e-03 9.997144770300737671e-01 -2.299115713397333408e-02 -7.359456407339776129e-01 -8.581865728028218454e-01 -6.238318320114360008e-03 -5.132815601166503816e-01 -1.362287958528089149e+01
-5.175013678903477299e-01 2.503572640538383187e-02 8.552135998314930321e-01 6.891339430626034357e+01 7.163208491887415250e-03 9.996633833411550096e-01 -2.493657887820319510e-02 -7.767059689746873552e-01 -8.555501706931479822e-01 -6.781487922660213961e-03 -5.175063181050736372e-01 -1.413738981565100694e+01
-5.242042443976828725e-01 2.428452646479169544e-02 8.514154028599344448e-01 6.976914888304332862e+01 5.237994285777610934e-03 9.996663813258714892e-01 -2.529717650466474857e-02 -8.226669304210286748e-01 -8.517455917543331756e-01 -8.791203566456259541e-03 -5.241566283146021910e-01 -1.462869053562916299e+01
-5.267089390793983084e-01 2.520347833481735578e-02 8.500986147557514361e-01 7.061110213604405317e+01 4.235773119011472521e-03 9.996261052141692804e-01 -2.700892158523350572e-02 -8.751377932149712047e-01 -8.504615052073632997e-01 -1.061793335333999569e-02 -5.266188649148308976e-01 -1.514465937488666292e+01
-5.295002457732619350e-01 2.566216517325169491e-02 8.478868999706141718e-01 7.144832687266016080e+01 4.941357123535815646e-03 9.996185278751837933e-01 -2.716605830061787769e-02 -9.257387437829144305e-01 -8.482608649812888313e-01 -1.020297097603786035e-02 -5.294249632580805276e-01 -1.565471416493940104e+01
-5.331595970219782377e-01 1.812875766405284278e-02 8.460226395498730012e-01 7.228957486627275841e+01 5.722402084929014907e-03 9.998247413813361462e-01 -1.782657472160152981e-02 -9.641657656225364192e-01 -8.461976828287255392e-01 -4.660292847673919679e-03 -5.331698612325267428e-01 -1.618173055914206060e+01
-5.358680360472372062e-01 8.860607021233674052e-03 8.442154451199339604e-01 7.312570550429664706e+01 5.200632405614759833e-03 9.999605055405837994e-01 -7.191715174356909553e-03 -1.004891234894469187e+00 -8.442458201632918602e-01 5.396389311308601860e-04 -5.358929398455195559e-01 -1.671578267814273033e+01
-5.358542017095635490e-01 5.603729550046708703e-03 8.436102037236866691e-01 7.395423649743347028e+01 4.930653152427138738e-03 9.999815667323118662e-01 -3.510850669936865353e-03 -1.034752592812125060e+00 -8.436144257382468536e-01 2.275645656940153937e-03 -5.358721050320562895e-01 -1.724019767321398433e+01
-5.383119652780722353e-01 1.114659495332608052e-02 8.428788719410401642e-01 7.477524033568928985e+01 6.173849361971956232e-03 9.999378086040914271e-01 -9.281104398126027027e-03 -1.057884714926291103e+00 -8.429300523685314683e-01 2.116817638476785985e-04 -5.383475115694276170e-01 -1.775493356229305064e+01
-5.383641120076798625e-01 1.654686046536449698e-02 8.425964839314572519e-01 7.557739249597054254e+01 6.612382400350161858e-03 9.998593012041741002e-01 -1.540997538017290988e-02 -1.093735364629902840e+00 -8.427329354557800967e-01 -2.728640588309222143e-03 -5.383978171414406377e-01 -1.828015168156495562e+01
-5.382438514155590825e-01 2.177443824196431330e-02 8.423222003567427674e-01 7.640542175793768820e+01 1.304820878869185179e-02 9.997615883422918959e-01 -1.749767414211089375e-02 -1.126134549854836076e+00 -8.425024696983319794e-01 1.560424333715199063e-03 -5.383996820599422639e-01 -1.879914611213069975e+01
-5.381717459452340924e-01 2.175832120329687994e-02 8.424769368314658502e-01 7.722385338034251845e+01 1.561700419887483357e-02 9.997524048302859345e-01 -1.583877587094963124e-02 -1.171613150080870858e+00 -8.426130394187874018e-01 4.623546403653213364e-03 -5.383783826551933327e-01 -1.933872078648150605e+01
-5.381592210275334409e-01 1.901277315027169457e-02 8.429986192393089661e-01 7.804300058327530110e+01 1.510459326770866549e-02 9.998024885008585105e-01 -1.290796281563618905e-02 -1.204605809303296082e+00 -8.430776906842013529e-01 5.786715330149424727e-03 -5.383400805798621569e-01 -1.985845325242410908e+01
-5.357246209644207502e-01 1.277819610442101905e-02 8.437301418826237409e-01 7.885821208797310078e+01 1.281054735332203161e-02 9.998933535745794243e-01 -7.003836089174531737e-03 -1.229976128784690204e+00 -8.437296643400385987e-01 7.054062959588325299e-03 -5.358312182096763854e-01 -2.036047170813902696e+01
-5.357646350461875429e-01 6.794753972693572987e-03 8.440488193146687967e-01 7.967584951763757317e+01 9.913010341269096193e-03 9.999492989606524329e-01 -1.754168302779170619e-03 -1.258934539513506312e+00 -8.440180176085994024e-01 7.432530518439605174e-03 -5.358048302161922960e-01 -2.087487470814980384e+01
-5.359029178516081515e-01 -1.307701840682055526e-04 8.435611982338965253e-01 8.049400026120268592e+01 1.440617401347023697e-03 9.999984494442919480e-01 1.058690222632367771e-03 -1.282935405092668457e+00 -8.435600417967741294e-01 1.780807601163933657e-03 -5.359018432000448584e-01 -2.136261842022861046e+01
-5.346534590438584145e-01 -5.096638844519311810e-03 8.453021256795991700e-01 8.130912140187892589e+01 -7.228654799170643880e-03 9.999728917564388864e-01 1.456428346187372451e-03 -1.296558459445428690e+00 -8.452866896092741111e-01 -5.327837588960782252e-03 -5.346756953964488801e-01 -2.185778498634202904e+01
-5.317808586120666980e-01 -5.347684294701610455e-03 8.469250982230006608e-01 8.212465312424818364e+01 -4.083451564282264239e-03 9.999846496345904390e-01 3.740905937052084029e-03 -1.314565951086806628e+00 -8.469320766388408472e-01 -1.480557899494693973e-03 -5.317944368126238386e-01 -2.235992815695976788e+01
-5.292536561234750803e-01 -1.732847313539620081e-03 8.478028167971111140e-01 8.293222776640992322e+01 9.647230460277645119e-04 9.999960620205845530e-01 2.642949980526719186e-03 -1.340113029598561267e+00 -8.478040061397894567e-01 2.218990360732171242e-03 -5.292499079761193714e-01 -2.286017214021178390e+01
-5.250214182338333035e-01 1.827862636960221740e-03 8.517765267488691672e-01 8.374669562819055102e+01 2.626698160114878614e-03 9.999964694106597829e-01 -5.208809270011198955e-04 -1.354138093463456149e+00 -8.517745239097985754e-01 1.961528733846881409e-03 -5.250241773250502453e-01 -2.337068999196239361e+01
-5.158802693803176131e-01 3.294885198742896707e-03 8.562289721312372759e-01 8.454229435713467922e+01 6.294066324266737664e-03 9.999802474178548506e-01 -5.354104294655991764e-05 -1.372955301744334555e+00 -8.562122106685433609e-01 5.368255324406355673e-03 -5.158907113749394702e-01 -2.385105518212198916e+01
-5.077515450646319373e-01 4.641926662836759650e-03 8.613271238511476247e-01 8.535278190826723232e+01 1.313653870038806321e-02 9.999110001798038327e-01 2.357711763335374692e-03 -1.401249605797453723e+00 -8.612393785994043593e-01 1.251277788919131356e-02 -5.077673485821213584e-01 -2.433005985185034348e+01
-4.973206730585204016e-01 4.238665288095170951e-03 8.670892530134960419e-01 8.617867380756655393e+01 1.220403842758448557e-02 9.999232965148215913e-01 2.113876549499895015e-03 -1.423202178977259535e+00 -8.670137872557144298e-01 1.163904316992480856e-02 -4.973341391022819691e-01 -2.479904362275010143e+01
-4.879795723098632743e-01 8.611356318929024381e-04 8.732266215326546233e-01 8.700792507971915768e+01 8.039852008442430892e-03 9.999615254369504935e-01 3.504675043047253327e-03 -1.433003522980276889e+00 -8.731900343093209615e-01 8.726910488872210991e-03 -4.879676887819181519e-01 -2.523854553664024181e+01
-4.751710089239107870e-01 -1.413905250324034094e-03 8.795477851167500249e-01 8.785045150594343966e+01 9.382218059525286938e-03 9.999336218244919694e-01 6.679065371478176000e-03 -1.453323291455328681e+00 -8.794989276413576196e-01 1.143330222445393569e-02 -4.751261595104596114e-01 -2.568860821036527042e+01
-4.634324112116582906e-01 -3.652419976358124189e-03 8.862078504780046551e-01 8.868827659140808350e+01 8.291608242220813510e-03 9.999299927249887254e-01 8.454408140354400039e-03 -1.461852127152751812e+00 -8.861766738439140756e-01 1.126259720967385212e-02 -4.633696859196872464e-01 -2.612379437209416366e+01
-4.530786870574845526e-01 -3.499742727980427806e-03 8.913801935581425750e-01 8.952589078248345800e+01 8.875290542553298384e-03 9.999250929786004383e-01 8.434709017334226372e-03 -1.465770493641044059e+00 -8.913430513448774573e-01 1.173473843035033153e-02 -4.530135852672004804e-01 -2.653348042391749928e+01
-4.403449593530560646e-01 -2.528452457850073002e-03 8.978321141223064572e-01 9.038037495059775495e+01 1.207208098351144308e-02 9.998889634837663243e-01 8.740786379248115939e-03 -1.485738998918759046e+00 -8.977546557002870076e-01 1.468626165492378267e-02 -4.402654837850223379e-01 -2.695398499445862583e+01
