7.775693498710376517e-01 -6.284403783963929957e-01 2.118010722658965339e-02 -6.595114108411641496e+01 6.274781688657589118e-01 7.776785403201842417e-01 3.856469269088221713e-02 2.571130026364363630e+01 -4.070692493919780830e-02 -1.669666812470481376e-02 9.990316148828966014e-01 -8.897438747367329981e-01 -4.809208017785018303e-24 -1.416202385148814181e-23 -3.430527606006730092e-24 9.999999999999997780e-01
7.495283024818747419e-01 -6.613953415645899003e-01 2.763197306198083084e-02 -6.555586272464172737e+01 6.606449715029679703e-01 7.500154913406672508e-01 3.201537719378387548e-02 2.609180678122481112e+01 -4.189922918719538036e-02 -5.741507265270721048e-03 9.991053446398142635e-01 -8.961695887552214579e-01 -4.809208017785018303e-24 -1.416202385148814181e-23 -3.430527606006730092e-24 9.999999999999997780e-01
7.210622523704438569e-01 -6.927770044669793181e-01 1.136882967683238918e-02 -6.520387286000843119e+01 6.924309646344961600e-01 7.210922635572736272e-01 2.377617827129379496e-02 2.648514819315012403e+01 -2.466956468612375997e-02 -9.271974957166083040e-03 9.996526612071771067e-01 -9.043862429014976057e-01 1.715312774896863252e-18 -4.609797217255553358e-19 3.551016300997068709e-20 9.999999999999998890e-01
6.909489808167693647e-01 -7.227613923555878950e-01 -1.433442110721892294e-02 -6.486992873408175342e+01 7.228990810770802300e-01 6.908784095705514661e-01 1.019518352840727629e-02 2.689662870596022515e+01 2.534657014357871285e-03 -1.740669151437356302e-02 9.998452793329292154e-01 -9.124783382453960368e-01 4.882586035214492370e-18 -1.748438193312342186e-18 1.022398303378953904e-19 9.999999999999996669e-01
6.561720555889916096e-01 -7.540569479862311297e-01 -2.891976240925289710e-02 -6.452837332563099437e+01 7.541117885398811449e-01 6.566501852481967383e-01 -1.122250411854008346e-02 2.731866181762690005e+01 2.745257454775944586e-02 -1.444484015827198799e-02 9.995187355640222648e-01 -9.334157476454935098e-01 1.006375261595061502e-17 -2.939155313545469579e-18 8.104623224271942442e-20 9.999999999999993339e-01
6.189321628244344176e-01 -7.849376392253125667e-01 -2.821135141855711861e-02 -6.419256333074183374e+01 7.842251000587884269e-01 6.195731713944011565e-01 -3.346756229648184533e-02 2.777056227848520109e+01 4.374894580734448035e-02 -1.409899172388910703e-03 9.990415616605105020e-01 -9.428558070905160848e-01 1.552789708182200156e-17 -4.364100416693439858e-18 -1.006292494085012954e-19 9.999999999999988898e-01
5.861239098033876882e-01 -8.099455851554193675e-01 -2.114028013144644488e-02 -6.386743666614881221e+01 8.090323501987889410e-01 5.864775386732563600e-01 -3.886840572480237260e-02 2.825710542795412650e+01 4.387959307718777152e-02 5.678531412640301819e-03 9.990206882704578684e-01 -9.453412505484856121e-01 2.193582923693704118e-17 -7.782150177600307589e-18 -3.876248919181238863e-19 9.999999999999983347e-01
5.574592603020409598e-01 -8.300626714185758148e-01 -1.533409993963400809e-02 -6.356792872559574903e+01 8.297345461927643218e-01 5.576700449241238644e-01 -2.333889133231103336e-02 2.876379860291265800e+01 2.792411068945320832e-02 2.872486436927470382e-04 9.996100047170517477e-01 -9.209782156139539877e-01 2.503208962254504495e-17 -1.102375635659328139e-17 -5.300006960500801136e-19 9.999999999999980016e-01
5.285438964905356807e-01 -8.488666604275794114e-01 -8.169595897535773116e-03 -6.328219205510696810e+01 8.488281720011521259e-01 5.286012714352947839e-01 -8.451642099839874744e-03 2.927795301923011095e+01 1.149277598297065474e-02 -2.467519304501003454e-03 9.999309113377244929e-01 -8.797796845690432077e-01 2.646041472809593337e-17 -1.443699742510373834e-17 -6.409202304559127449e-19 9.999999999999977796e-01
4.987015894538076033e-01 -8.667494413050936819e-01 -6.490814552195820451e-03 -6.300888590963184299e+01 8.667344281599980160e-01 4.987363105187061496e-01 -5.789957889747861415e-03 2.979892348898581389e+01 8.255647668142674506e-03 -2.738351236702638806e-03 9.999621721415715703e-01 -8.740358107500825202e-01 2.836661057382402247e-17 -2.211678656987924389e-17 -7.390836644111595471e-19 9.999999999999974465e-01
4.712525683202043458e-01 -8.819869570595582076e-01 -4.474866302687074276e-03 -6.274739093397219847e+01 8.818648397841003517e-01 4.712634519846989889e-01 -1.500543821576540843e-02 3.032268011948530173e+01 1.534344173224290973e-02 3.125124042874754052e-03 9.998773986822253601e-01 -8.682354901604262265e-01 2.970111805364681895e-17 -3.176735152696826155e-17 -8.428865802845119163e-19 9.999999999999970024e-01
4.458487612767569330e-01 -8.950906509348200979e-01 -5.622159465373939742e-03 -6.250100378525637979e+01 8.948343603931989687e-01 4.458589012423211928e-01 -2.193872472836528448e-02 3.085973460057174833e+01 2.214383723963352785e-02 4.750451774906563548e-03 9.997435089462936020e-01 -8.631986814338722391e-01 2.938618975643063238e-17 -3.783264528157651807e-17 -8.920665084653929440e-19 9.999999999999965583e-01
4.226314539396187064e-01 -9.062820654011878307e-01 -5.955843603626043842e-03 -6.226000495389082801e+01 9.060360091121507642e-01 4.226575560612187421e-01 -2.143223032047010881e-02 3.141511587138245787e+01 2.194092826278145822e-02 3.661725891983263516e-03 9.997525631027258664e-01 -8.581076089059482825e-01 2.878317893890449988e-17 -4.067829246542872093e-17 -9.492751382306828862e-19 9.999999999999962252e-01
4.030861429528633244e-01 -9.151467330602826022e-01 -5.293234215696447642e-03 -6.202886609744709290e+01 9.150390533804620974e-01 4.031200522536622644e-01 -1.406251256427804019e-02 3.198978772339717125e+01 1.500307128544094322e-02 8.248879237087127685e-04 9.998871073335875437e-01 -8.515436933093530891e-01 2.933235992452087097e-17 -4.577548202114384876e-17 -1.018676263162636529e-18 9.999999999999958922e-01
3.858148640344517544e-01 -9.225730415339984392e-01 -2.423576854145642438e-03 -6.180034608448904976e+01 9.225584187375909240e-01 3.858224075770316785e-01 -5.199406493983774191e-03 3.257645549287396847e+01 5.731902520140800747e-03 -2.298829207139056893e-04 9.999835460883121918e-01 -8.452900915433539941e-01 3.052240515283838543e-17 -5.228655928347617129e-17 -1.116849620915466341e-18 9.999999999999953371e-01
3.696081261220204306e-01 -9.291869476566878561e-01 1.203914031730852477e-03 -6.157743966874546970e+01 9.291862514247322125e-01 3.696095382263659967e-01 1.303616270475346176e-03 3.316137881903068063e+01 -1.656281332610874289e-03 6.368331992684015362e-04 9.999984255865794758e-01 -8.438655296514706583e-01 3.079694819523002189e-17 -5.957857777888782848e-17 -1.209640432084036262e-18 9.999999999999947820e-01
3.554137243746645081e-01 -9.347078877188067514e-01 1.499720758329734253e-03 -6.136339396771916199e+01 9.347023263187790310e-01 3.554167989533250638e-01 3.234222637875329084e-03 3.375760026296988769e+01 -3.556079361510308852e-03 2.523053684545625733e-04 9.999936453006046388e-01 -8.446120397873119190e-01 2.999254085193912934e-17 -6.426232716313008542e-17 -1.298834566977702335e-18 9.999999999999943379e-01
3.424946871001659510e-01 -9.395197621480576577e-01 7.642898805105482628e-05 -6.115851899548620452e+01 9.395175837014403397e-01 3.424940660038566786e-01 2.127126698631888468e-03 3.435887749762552090e+01 -2.024654044835724840e-03 -6.567232148924928049e-04 9.999977347427519980e-01 -8.499776303614423600e-01 3.032983356003166625e-17 -7.047564160881618986e-17 -1.387598236281124843e-18 9.999999999999937828e-01
3.302884892581554599e-01 -9.438685364095316110e-01 -4.658308669965388615e-03 -6.096074438357020142e+01 9.438799600115537203e-01 3.302825209971101406e-01 2.019260365193649778e-03 3.497307781101381607e+01 -3.673583944264586999e-04 -5.063822656567546800e-03 9.999871112909067827e-01 -8.536075745729259090e-01 2.989840330082271807e-17 -7.604327248984596884e-17 -1.482882502764360140e-18 9.999999999999932276e-01
3.198111281082886559e-01 -9.474508072692697791e-01 -7.603298158044496415e-03 -6.076584334029529799e+01 9.474812902675852078e-01 3.198026570216857545e-01 2.337767051144628606e-03 3.559968079111885686e+01 2.166356732560368464e-04 -7.951626666954406467e-03 9.999683618506916005e-01 -8.579525098866754851e-01 2.922843126491938867e-17 -8.350774770604297319e-17 -1.612840200745070054e-18 9.999999999999923395e-01
3.117695404541904192e-01 -9.501090444057997964e-01 -9.620674781187768185e-03 -6.057054932414082771e+01 9.501576191882009637e-01 3.117588679228961990e-01 2.628111506214750488e-03 3.623108443068814211e+01 5.023381666758027853e-04 -9.960522561632443109e-03 9.999502665866378814e-01 -8.610894065845208223e-01 2.807688363862790121e-17 -9.081788271668361208e-17 -1.763225857456168985e-18 9.999999999999915623e-01
3.057384244348782532e-01 -9.520489120348073486e-01 -1.126432054670679396e-02 -6.037451009385866740e+01 9.521139370287287074e-01 3.057382699410273741e-01 1.777978956081033941e-03 3.686960711028851989e+01 1.751210945253719922e-03 -1.126851306838931935e-02 9.999349748226017409e-01 -8.606217389947085072e-01 2.781266183501705095e-17 -9.853709984575504958e-17 -1.938019293685106888e-18 9.999999999999908962e-01
3.011616188355448198e-01 -9.534861906259599618e-01 -1.287492236511106510e-02 -6.017582743771410492e+01 9.535708627122178038e-01 3.011627806829954568e-01 1.894549448092515062e-03 3.751725657555727622e+01 2.071020684340623905e-03 -1.284771640580337215e-02 9.999153199428976180e-01 -8.611737361082659747e-01 2.786517238638188355e-17 -1.049583994353166508e-16 -2.108869902693401840e-18 9.999999999999903411e-01
2.978486907818911900e-01 -9.545242432118992149e-01 -1.302407463966271869e-02 -5.997714825634233193e+01 9.546100020440826395e-01 2.978547236145752120e-01 1.519084570442721461e-03 3.817265278979877507e+01 2.429279102156130677e-03 -1.288536926888410143e-02 9.999140292354520287e-01 -8.666968841423631220e-01 2.922406442723802887e-17 -1.122936731311687205e-16 -2.302832323486788522e-18 9.999999999999896749e-01
2.956665996237893279e-01 -9.552162041029031991e-01 -1.196934777249069291e-02 -5.977453363908851713e+01 9.552828786557816532e-01 2.956930901699686420e-01 -4.670898322251366909e-04 3.882983866757743385e+01 3.985425206680787841e-03 -1.129601013332441617e-02 9.999282556968874802e-01 -8.699830467832344594e-01 3.022829223164291161e-17 -1.196443158001986308e-16 -2.491689492232295555e-18 9.999999999999890088e-01
2.948228922129093044e-01 -9.554858335883209541e-01 -1.123761714939653517e-02 -5.956896515002480896e+01 9.555390853061689338e-01 2.948594871687276742e-01 -1.714432530184215866e-03 3.949906848211244181e+01 4.951634024904612991e-03 -1.023252845490270867e-02 9.999353862534997583e-01 -8.685079693198217710e-01 3.114274602023643830e-17 -1.259644790408625185e-16 -2.680936545626902033e-18 9.999999999999883427e-01
2.944622057346023558e-01 -9.556003978417429989e-01 -1.094938530523975259e-02 -5.936228633965732371e+01 9.556527265377678937e-01 2.944931230845472814e-01 -1.291013903381816111e-03 4.017910323287444641e+01 4.458212074088188301e-03 -1.008365511924133595e-02 9.999392202751993253e-01 -8.677493960133190187e-01 3.309620516374573495e-17 -1.310704229547521323e-16 -2.879188632161658345e-18 9.999999999999878986e-01
2.934423697085725147e-01 -9.558975113612815377e-01 -1.230948549167743857e-02 -5.915473067049777711e+01 9.559721537053020857e-01 2.934566218731154419e-01 6.726209382843487301e-04 4.086764408045601726e+01 2.969343348389559545e-03 -1.196490083852898637e-02 9.999240091867184210e-01 -8.688700369699453585e-01 3.597985204923749856e-17 -1.384759036914686723e-16 -3.065368140937385600e-18 9.999999999999874545e-01
2.929326435525969607e-01 -9.560729111339620889e-01 -1.072636644251032112e-02 -5.894687993955464123e+01 9.561328022924070469e-01 2.929055768078084876e-01 4.048142218026044500e-03 4.156536980964998662e+01 -7.285065651757911169e-04 -1.144166380649624080e-02 9.999342766440015851e-01 -8.702987936079961129e-01 3.775710380289264303e-17 -1.435339643980706448e-16 -3.192425641825447139e-18 9.999999999999871214e-01
2.924353173111878257e-01 -9.562624183436007064e-01 -6.616075323914182710e-03 -5.872977790272803844e+01 9.562813577877393723e-01 2.924072321306958044e-01 4.896462536276750301e-03 4.226957581020686661e+01 -2.747714833233492245e-03 -7.758728069477787564e-03 9.999661255272502824e-01 -8.744307116369147703e-01 4.039008664578418558e-17 -1.507051384830578021e-16 -3.296806285870270038e-18 9.999999999999868994e-01
2.918503499879925300e-01 -9.564616342576715002e-01 -2.124948226822008426e-03 -5.850739992607373097e+01 9.564632170251905485e-01 2.918465592876751669e-01 1.923618942844247974e-03 4.297173507692070871e+01 -1.219708889097645237e-03 -2.593843678751977990e-03 9.999958921341823848e-01 -8.813880599729974064e-01 4.194847068545961301e-17 -1.572476304847196745e-16 -3.371431774732938264e-18 9.999999999999864553e-01
2.914959005787385316e-01 -9.565720702125636299e-01 1.201456386068506778e-04 -5.828542970104189180e+01 9.565679549183200292e-01 2.914942731676430365e-01 -2.972597167661076862e-03 4.367980807628609341e+01 2.808481660979683572e-03 9.814273562581987166e-04 9.999955746057831441e-01 -8.813122487271219940e-01 4.522106437261589356e-17 -1.646957378875054099e-16 -3.427174112727629526e-18 9.999999999999860112e-01
2.912506794523236353e-01 -9.566399993001896140e-01 -3.599091194155237903e-03 -5.806983543960078009e+01 9.566272082268159060e-01 2.912667218455402551e-01 -5.299172161122991248e-03 4.440421130500101299e+01 6.117695546255358038e-03 -1.899601068757843280e-03 9.999794824480311428e-01 -8.809425576388656420e-01 4.740009798564311555e-17 -1.697949967495912139e-16 -3.473363776869419720e-18 9.999999999999854561e-01
2.909380536390628880e-01 -9.566912182504689888e-01 -9.846921705499970742e-03 -5.785152158818816304e+01 9.566939079105220012e-01 2.910111316714246166e-01 -7.020527778125767310e-03 4.514327170357170615e+01 9.582041101816362108e-03 -7.377951320037722666e-03 9.999268724875307601e-01 -8.830577417767176973e-01 5.079026934308135290e-17 -1.746208660212944397e-16 -3.544863851512032495e-18 9.999999999999851230e-01
2.903943711105791414e-01 -9.568666961547755978e-01 -8.788345524603296058e-03 -5.762545986574247792e+01 9.568567575105072498e-01 2.904610236538042733e-01 -7.585469302293521010e-03 4.588152519112906447e+01 9.810954787371378369e-03 -6.206410214936986490e-03 9.999326105485608629e-01 -8.824885122925543168e-01 5.351990472885270850e-17 -1.796852036501271455e-16 -3.650079730691681595e-18 9.999999999999849010e-01
2.897840012338874227e-01 -9.570831776542250147e-01 -4.125976258967318892e-03 -5.739045157180607504e+01 9.570555618933006548e-01 2.898079082711962906e-01 -7.485168845520581010e-03 4.662710909665290160e+01 8.359669733140076553e-03 -1.779706348920135879e-03 9.999634736165731175e-01 -8.836113313678941594e-01 5.540228160116927758e-17 -1.863428311129231605e-16 -3.762417270930332330e-18 9.999999999999846789e-01
2.901021180314746206e-01 -9.569861401247005128e-01 -4.276531631495213842e-03 -5.716080926927934769e+01 9.569837766438878957e-01 2.901179110986675247e-01 -3.694441800801368057e-03 4.738791909948411529e+01 4.776228022543927212e-03 -3.020806000291048014e-03 9.999840310610198513e-01 -8.805192033571056509e-01 5.763175384747579888e-17 -1.898799344166760176e-16 -3.852689890317310321e-18 9.999999999999849010e-01
2.912005839770839266e-01 -9.566434475829987960e-01 -5.961047544693483594e-03 -5.693126061587113185e+01 9.566619664954766344e-01 2.911928369096982161e-01 2.147927736656222129e-03 4.815913810810830142e+01 -3.189866496582405590e-04 -6.328185277736731243e-03 9.999799259578522337e-01 -8.789575510422542592e-01 5.890916533228666003e-17 -1.932900638225704401e-16 -3.948361567230907187e-18 9.999999999999849010e-01
2.910751718237473695e-01 -9.566661265137494929e-01 -8.072591211026844057e-03 -5.669433162824034156e+01 9.566876865212562420e-01 2.910178754153896485e-01 7.567472985844567873e-03 4.894429619296994360e+01 -4.890276725532688440e-03 -9.925652109537896201e-03 9.999387814380504835e-01 -8.870622814641219156e-01 5.963506236824948829e-17 -1.952387502549775166e-16 -4.041452225413808128e-18 9.999999999999847899e-01
2.909051240657303250e-01 -9.567447898088338176e-01 -3.689981822891347674e-03 -5.645224697365544131e+01 9.567202246485509987e-01 2.908619418583724414e-01 9.259726069091527012e-03 4.972568057276340880e+01 -7.785919393229288193e-03 -6.223981999492818329e-03 9.999503195195941219e-01 -9.026224657626429337e-01 5.960533691687383160e-17 -1.975031966754818381e-16 -4.149560692619327178e-18 9.999999999999846789e-01
2.903593755314894942e-01 -9.569148814907765255e-01 2.311411333421239164e-03 -5.620610023433945202e+01 9.568826521457751699e-01 2.903685672684477859e-01 7.853990387503749504e-03 5.050717632492663256e+01 -8.186761478138326539e-03 -6.873033742638636639e-05 9.999664855447446543e-01 -9.130487893150562861e-01 6.003028193034548000e-17 -2.023999169634858232e-16 -4.250311965563618345e-18 9.999999999999845679e-01
2.894257642197641811e-01 -9.571995962958586013e-01 1.288354276345541304e-03 -5.596725571096399676e+01 9.571807790197085497e-01 2.894281820256380255e-01 6.023597316178537671e-03 5.130078424355934885e+01 -6.138670955299166745e-03 -5.101963067058879874e-04 9.999810280293820464e-01 -9.153762249702199760e-01 5.937996881758535850e-17 -2.079672429266385178e-16 -4.318342753454752295e-18 9.999999999999841238e-01
2.900195122992768604e-01 -9.569970892616311842e-01 -6.727081859211175505e-03 -5.573817570609022454e+01 9.570157110334328587e-01 2.899880549934059082e-01 5.277953806408538194e-03 5.210850458744031499e+01 -3.100213045852717557e-03 -7.968632617549790617e-03 9.999634441185074607e-01 -9.262507318064279183e-01 5.827933279550761977e-17 -2.116365385838959495e-16 -4.391508441097517070e-18 9.999999999999835687e-01
2.893329153243225926e-01 -9.571856989428783047e-01 -9.055487233801361169e-03 -5.549370899057252160e+01 9.572275506446723536e-01 2.893332234899722022e-01 1.304634726603814271e-03 5.291206016349436680e+01 1.371275608982543571e-03 -9.045635633591449926e-03 9.999581471638003816e-01 -9.354173471123369277e-01 5.709392988620778987e-17 -2.129262943806974911e-16 -4.469784351389648499e-18 9.999999999999829026e-01
2.884393880730711790e-01 -9.574640638476129562e-01 -8.079965861321323009e-03 -5.524602154715205415e+01 9.574820623593063296e-01 2.884731968199533148e-01 -3.363774176660505599e-03 5.371311982343776492e+01 5.551546475266955216e-03 -6.766177411563269531e-03 9.999616988540324103e-01 -9.381263447640720843e-01 5.377995165118236697e-17 -2.115520841294703225e-16 -4.525112314311941236e-18 9.999999999999820144e-01
2.886182226054997968e-01 -9.573915773048448097e-01 -1.004436586606879261e-02 -5.500247685923243068e+01 9.574186468440798459e-01 2.886713613881632945e-01 -4.287165686058464278e-03 5.452618572502910865e+01 7.004017087186410404e-03 -8.379309035577542364e-03 9.999403636841579512e-01 -9.357601438605543942e-01 4.999221222834241880e-17 -2.105217108361879545e-16 -4.533588480458559256e-18 9.999999999999810152e-01
2.888435680514108150e-01 -9.572476440860838709e-01 -1.569525682598750527e-02 -5.476627170141158985e+01 9.573619953404858274e-01 2.888900729155524094e-01 -7.318801765421990109e-04 5.535434895752734263e+01 5.234794463641016284e-03 -1.481464351073435819e-02 9.998765540128702334e-01 -9.321595666326936147e-01 4.537196323068515211e-17 -2.077208308588865095e-16 -4.505798079331073312e-18 9.999999999999802380e-01
2.889907067291610510e-01 -9.572485749978428826e-01 -1.263079920803794956e-02 -5.451830589901138779e+01 9.573318612094928737e-01 2.889616680444108132e-01 4.106326121986017194e-03 5.618199883296998820e+01 -2.809580208540575648e-04 -1.327855660245245463e-02 9.999117966086937814e-01 -9.326147813171785650e-01 4.084560320594263582e-17 -2.069772671231980610e-16 -4.488490597598289173e-18 9.999999999999793499e-01
2.880836263191829949e-01 -9.575850525831786086e-01 -6.220234393343306543e-03 -5.426339908016586122e+01 9.575898255061726649e-01 2.880360335033115837e-01 7.547813643332242084e-03 5.700909274999275311e+01 -5.436021882414000458e-03 -8.130834692487900334e-03 9.999521684527605814e-01 -9.380285108991859300e-01 3.628219262687262342e-17 -2.091234018063996823e-16 -4.515130368329575106e-18 9.999999999999783507e-01
2.877080045519558316e-01 -9.576740442629624317e-01 -9.193968761801323691e-03 -5.401459865292365947e+01 9.576862413108215843e-01 2.876067592455618938e-01 1.092772804705897070e-02 5.784875693866608515e+01 -7.820953953241406229e-03 -1.194893221693061648e-02 9.998980226494196266e-01 -9.486074496042956605e-01 3.094999707119635386e-17 -2.111720605907425187e-16 -4.579694196196641462e-18 9.999999999999772404e-01
2.881310171225422434e-01 -9.575347899031153576e-01 -1.037511912983957521e-02 -5.376824787435926112e+01 9.575630347187346070e-01 2.880228941300813639e-01 1.076322429532781261e-02 5.868004404545296637e+01 -7.317889875581080027e-03 -1.303604932327498064e-02 9.998882487087723536e-01 -9.627324485338305537e-01 2.645823923351537360e-17 -2.141734213514576568e-16 -4.673311722071003317e-18 9.999999999999762412e-01
2.862091498868476469e-01 -9.581472884639109511e-01 -6.172206260992353123e-03 -5.351246484509738366e+01 9.581636442047501978e-01 2.861846878941230465e-01 4.555802812435814225e-03 5.950797946730770605e+01 -2.598739189085695969e-03 -7.217896093822861493e-03 9.999705738323979576e-01 -9.610395596043869171e-01 2.188195366650880781e-17 -2.177449335379125400e-16 -4.777573307417033242e-18 9.999999999999751310e-01
2.858533611166498845e-01 -9.582584036899906010e-01 -5.356089585078275400e-03 -5.325920720684296583e+01 9.582710584950046018e-01 2.858604882884362985e-01 -5.997386152119865482e-04 6.034630254215854706e+01 2.105798952157777407e-03 -4.961148337145550487e-03 9.999854762035509381e-01 -9.653698363537991378e-01 1.755650259605974350e-17 -2.200228037777500921e-16 -4.862372597228151163e-18 9.999999999999736877e-01
2.858471732044469693e-01 -9.582434250256522956e-01 -7.805893026789528441e-03 -5.301325609722033505e+01 9.582680902547248136e-01 2.858669815211115073e-01 -1.528422590162670236e-03 6.119469413514394773e+01 3.696047975335957445e-03 -7.043242926662893894e-03 9.999683654788963372e-01 -9.722671759505203681e-01 1.368655876551873418e-17 -2.244310655488668228e-16 -4.919528274939620634e-18 9.999999999999721334e-01
2.852147942964966543e-01 -9.584437327022529152e-01 -6.175140320976585558e-03 -5.276136087193947333e+01 9.584634533047170502e-01 2.852126838096908368e-01 1.238415645219281738e-03 6.203983671528494881e+01 5.742766302134636380e-04 -6.271860780198370948e-03 9.999801667877236122e-01 -9.761284581939249083e-01 9.732800711708647317e-18 -2.301453198684418217e-16 -4.971689658807019429e-18 9.999999999999706901e-01
2.844598234392580749e-01 -9.586863383725816590e-01 -1.764501763826437130e-03 -5.250576836219713073e+01 9.586810008098657354e-01 2.844502620236817880e-01 4.334411250642521314e-03 6.289138111153859967e+01 -3.653427861810294025e-03 -2.924560175957166466e-03 9.999890496464126644e-01 -9.815690940005601384e-01 6.520761973356968709e-18 -2.339596208921721299e-16 -5.035779749278580608e-18 9.999999999999693578e-01
2.837032697998738695e-01 -9.589120220052961274e-01 4.344633051954681856e-04 -5.225491356247634656e+01 9.588911315999230078e-01 2.837000286602775478e-01 6.487794479606768215e-03 6.374288027912508880e+01 -6.344481374922545172e-03 -1.424005497307651111e-03 9.999788596588079503e-01 -9.819545633402571028e-01 3.319062274268802948e-18 -2.380785518882193166e-16 -5.086933560213360857e-18 9.999999999999679146e-01
2.834939647071174074e-01 -9.589601457098863024e-01 -5.158576789691388456e-03 -5.201171414532261394e+01 9.589676184907994783e-01 2.834683146245069452e-01 5.178927500456347206e-03 6.459442740729062393e+01 -3.504092002015297969e-03 -6.415102788858029030e-03 9.999732835408939868e-01 -9.792694920027896766e-01 6.294472824667753622e-19 -2.447074541260245049e-16 -5.137923728957439443e-18 9.999999999999662492e-01
2.835377981584167872e-01 -9.589527209969501698e-01 -3.999488441916339287e-03 -5.175859654572060009e+01 9.589605121852775582e-01 2.835396329070382082e-01 1.124291666346187050e-04 6.544551775080417144e+01 1.026199229382470691e-03 -3.867229403106965148e-03 9.999919956939636867e-01 -9.883190485261054148e-01 -1.588857402978532697e-18 -2.487102924668351526e-16 -5.194731249641316676e-18 9.999999999999648059e-01
2.830964587193368631e-01 -9.590875877713539444e-01 -2.719199011458788180e-03 -5.150567453571138543e+01 9.590816255608105578e-01 2.831052510652500853e-01 -3.721871966780656692e-03 6.629705223246688206e+01 4.339420725459034942e-03 -1.554285034543093948e-03 9.999893767565295466e-01 -9.991584353039365540e-01 -4.245474567831978706e-18 -2.538219398710621113e-16 -5.213134700250825977e-18 9.999999999999630296e-01
2.836393904222917484e-01 -9.589196034875296926e-01 -4.678701523970547893e-03 -5.126034385188726361e+01 9.589291936821494611e-01 2.836449906194903336e-01 -5.663926108139522410e-04 6.715575857304959584e+01 1.870215227668509854e-03 -4.325892225001962826e-03 9.999888944141208658e-01 -1.002643600894250531e+00 -6.793109613000593445e-18 -2.580241113782575411e-16 -5.218368553767060505e-18 9.999999999999611422e-01
2.838965071857235678e-01 -9.588432595892979471e-01 -4.730406713081204695e-03 -5.101139051055029228e+01 9.588463906805406722e-01 2.838697062511196245e-01 5.620404951255339975e-03 6.801877820117086060e+01 -4.046268239572186308e-03 -6.131346737932563337e-03 9.999730167862688202e-01 -9.948604496703042921e-01 -9.161577480137899936e-18 -2.612555011480437222e-16 -5.238644550786839499e-18 9.999999999999591438e-01
2.832360000587040849e-01 -9.590438185835297169e-01 -3.510314404212718474e-03 -5.075752164757271601e+01 9.590177620058797370e-01 2.831943865669059313e-01 9.266691655392265276e-03 6.887617985678467392e+01 -7.893062016454576585e-03 -5.991114542129470297e-03 9.999509018540206906e-01 -9.880571272374332192e-01 -1.047520064007332866e-17 -2.653037670908903782e-16 -5.277239762033973130e-18 9.999999999999571454e-01
2.832972522399002102e-01 -9.590236967952444624e-01 -4.026891884450780300e-03 -5.050947111218811614e+01 9.589907886984631036e-01 2.832435393216205521e-01 1.047686136518692114e-02 6.972287236047836245e+01 -8.906967207424018942e-03 -6.829818261142889084e-03 9.999370077748946928e-01 -9.921087529906834623e-01 -1.176435912772896540e-17 -2.688978864100930365e-16 -5.319272856600196705e-18 9.999999999999550360e-01
2.836841804770542375e-01 -9.589043637334150327e-01 -5.070203133445873832e-03 -5.025643458440821831e+01 9.588641086316431750e-01 2.836084055831383233e-01 1.207863653870610253e-02 7.058923128207631237e+01 -1.014430505824401481e-02 -8.288153915910499714e-03 9.999141961086848163e-01 -1.012202091233939116e+00 -1.361077211580611037e-17 -2.733892369730889179e-16 -5.362510368152326721e-18 9.999999999999528155e-01
2.836701880851594804e-01 -9.588922400248608424e-01 -7.542971003951289694e-03 -5.001080863418219025e+01 9.588726491335084479e-01 2.835671116239300571e-01 1.236672749535292805e-02 7.144517978329133712e+01 -9.719420529129985803e-03 -1.074082050351529358e-02 9.998950783155287070e-01 -1.023364440746337367e+00 -1.634721851867495052e-17 -2.787204526025878487e-16 -5.432424388017747145e-18 9.999999999999505951e-01
2.838537329290435340e-01 -9.588156006815788945e-01 -9.985098476998851419e-03 -4.976481115680715561e+01 9.588495199727787854e-01 2.837690593608636069e-01 9.094998483359102714e-03 7.229351111613526371e+01 -5.886964431563107038e-03 -1.215585615205145784e-02 9.999087852454957570e-01 -1.033244664103077470e+00 -1.908417890694124520e-17 -2.826737342253218614e-16 -5.474756240034853782e-18 9.999999999999483746e-01
2.838298740073577631e-01 -9.588223888484938007e-01 -1.001145661499406973e-02 -4.951246845165502464e+01 9.588719869076662849e-01 2.838382407433909238e-01 6.048267730027166722e-04 7.313187416454012180e+01 2.261712781563378176e-03 -9.771373203052352574e-03 9.999497011955914560e-01 -1.027452310755588405e+00 -2.167851044094842654e-17 -2.847278115175255544e-16 -5.489642105266414205e-18 9.999999999999462652e-01
2.834433656716954242e-01 -9.589415253676373263e-01 -9.539883752056164609e-03 -4.926049808444673772e+01 9.589480491757205183e-01 2.835091502201892988e-01 -6.418778971451422760e-03 7.397514062058080242e+01 8.859878033642097639e-03 -7.328892598242708889e-03 9.999338927622394291e-01 -1.025428166397704288e+00 -2.409085485072256037e-17 -2.843770989408546191e-16 -5.482498759401395572e-18 9.999999999999441558e-01
2.836366812471025622e-01 -9.588789819995323649e-01 -1.006632655823978817e-02 -4.900911070246894496e+01 9.588946123062515037e-01 2.837025203264040840e-01 -5.831162016580574564e-03 7.482837982148711831e+01 8.447220913350962646e-03 -7.998614860231068047e-03 9.999323310201011505e-01 -1.021092611201972034e+00 -2.615632034265261442e-17 -2.833166885737355796e-16 -5.428740441870425819e-18 9.999999999999421574e-01
2.838468695922691243e-01 -9.588300268157222694e-01 -8.714028857675930675e-03 -4.875552111337682959e+01 9.588668702863059057e-01 2.838561104874877117e-01 1.833200168958198668e-04 7.568740585078573702e+01 2.297757601516374135e-03 -8.407628391291168193e-03 9.999620153260689870e-01 -1.013503073363306806e+00 -2.830333580159345543e-17 -2.797954932539922708e-16 -5.385397836507223919e-18 9.999999999999402700e-01
2.836393342369893933e-01 -9.588998062172262582e-01 -7.738844219866828668e-03 -4.850525846594786827e+01 9.589189690789996501e-01 2.835860459748443807e-01 7.305153577204513346e-03 7.654656985880244235e+01 -4.810282116824176127e-03 -9.492953418333003809e-03 9.999433709073173304e-01 -1.010024200843238740e+00 -2.994482824145101114e-17 -2.795715558892612453e-16 -5.347750357127767936e-18 9.999999999999384936e-01
2.834360618241911767e-01 -9.589618830808459560e-01 -7.490370840058288224e-03 -4.825580606655826443e+01 9.589481953542715598e-01 2.833408111316541023e-01 1.167661654771029976e-02 7.740008375625950521e+01 -9.075102443088853624e-03 -1.049245180934091533e-02 9.999037708553814019e-01 -1.014603690105825740e+00 -3.136120309797003716e-17 -2.804145454710638275e-16 -5.320401437348757673e-18 9.999999999999366063e-01
2.832681843242587094e-01 -9.590126684673785373e-01 -7.337402019804684615e-03 -4.800474579681745269e+01 9.589972306743194119e-01 2.831741694516823893e-01 1.169193372765202875e-02 7.825056618202567904e+01 -9.134949840789923642e-03 -1.034850105562752816e-02 9.999047260701605655e-01 -1.022452574524181701e+00 -3.283157010287490947e-17 -2.816913116381855915e-16 -5.289137332968039483e-18 9.999999999999348299e-01
2.838721045747752969e-01 -9.588064111887436569e-01 -1.033896065026309111e-02 -4.775799668843740875e+01 9.588422407482877219e-01 2.837802187962675804e-01 9.504986938272218591e-03 7.910187437600252736e+01 -6.179449899203999508e-03 -1.261163284304888700e-02 9.999013756946780740e-01 -1.034294606522852655e+00 -3.430197171179755952e-17 -2.803762921499718252e-16 -5.240338131110807606e-18 9.999999999999332756e-01
2.842243167863404696e-01 -9.586712501051981583e-01 -1.288301085719322815e-02 -4.750914511825402542e+01 9.587513022443748811e-01 2.841472191526517310e-01 7.503218807747784325e-03 7.995445829827272632e+01 -3.532448444831590498e-03 -1.448420067551228242e-02 9.998888586932600520e-01 -1.043444701436129662e+00 -3.568457066350616614e-17 -2.798507668303452087e-16 -5.210730198122933580e-18 9.999999999999317213e-01
2.834277839519211417e-01 -9.589066660634307793e-01 -1.291112167416943839e-02 -4.725598701321526818e+01 9.589888723962164407e-01 2.833585082104123076e-01 6.949708263310507700e-03 8.081041726288339078e+01 -3.005645403948043783e-03 -1.435136242788445822e-02 9.998924964676465521e-01 -1.048645209748266804e+00 -3.735343597073323392e-17 -2.772883684908946058e-16 -5.129506589985906032e-18 9.999999999999301670e-01
2.824867087123227871e-01 -9.591864804313956494e-01 -1.274971208188141990e-02 -4.700364113407071898e+01 9.592606808054086054e-01 2.823963747917309641e-01 8.440009784878885896e-03 8.166672523501053149e+01 -4.495070808781533381e-03 -1.461448807738921669e-02 9.998830987054402319e-01 -1.054126631124734370e+00 -3.936837930505188366e-17 -2.727018560852204019e-16 -5.009146521972891798e-18 9.999999999999289457e-01
2.824182310393580364e-01 -9.591907526155124541e-01 -1.389398694187710809e-02 -4.675814184975363474e+01 9.592583466908295442e-01 2.822586976609824383e-01 1.238757032806709485e-02 8.252118842878390126e+01 -7.960344246501608462e-03 -1.682639864175797251e-02 9.998267376042503374e-01 -1.057012030677964010e+00 -4.122676648303560348e-17 -2.682298926322613973e-16 -4.822153052928806044e-18 9.999999999999278355e-01
2.821530693149507107e-01 -9.592714792476274566e-01 -1.370673476325678410e-02 -4.650676980496101010e+01 9.593224704783430701e-01 2.819691551695342469e-01 1.392096146940469993e-02 8.337417571921427850e+01 -9.489104879954369728e-03 -1.707702066170768695e-02 9.998091479147551697e-01 -1.061545646537513710e+00 -4.205827269976847571e-17 -2.618768383468015602e-16 -4.580064042119761869e-18 9.999999999999269473e-01
2.811573123097799165e-01 -9.595834699112129051e-01 -1.225275510001734743e-02 -4.625224185917286235e+01 9.596207323202100570e-01 2.810044303449786285e-01 1.282810304126201159e-02 8.422865226508521630e+01 -8.866557161652813268e-03 -1.536471279515484213e-02 9.998426425017852281e-01 -1.072439685297295942e+00 -4.216257226575374737e-17 -2.519859861629347643e-16 -4.313202234270712470e-18 9.999999999999262812e-01
2.805759909772451710e-01 -9.597246526973058911e-01 -1.434239491196759829e-02 -4.601164936343766243e+01 9.598031220794633889e-01 2.804207398680904073e-01 1.192373675748396866e-02 8.507936643952588440e+01 -7.421599125712254920e-03 -1.711138967150788517e-02 9.998260449748532785e-01 -1.086495436039975448e+00 -4.354792345417363950e-17 -2.413887181208035044e-16 -4.039257712752932390e-18 9.999999999999253930e-01
2.798274984226997164e-01 -9.599487871406763295e-01 -1.396055848707787594e-02 -4.576492834773043228e+01 9.600248733602066986e-01 2.796846778607940953e-01 1.134563790762952058e-02 8.593491370978362909e+01 -6.986677045526430881e-03 -1.657730486731887054e-02 9.998381765602507576e-01 -1.099159079806199202e+00 -4.394666565551392305e-17 -2.315832776214593948e-16 -3.793024460683412205e-18 9.999999999999243938e-01
2.784316137366975585e-01 -9.604090918145362643e-01 -9.498043566045754824e-03 -4.551058346271673827e+01 9.604402151459418002e-01 2.783566095412713381e-01 8.496531940005018144e-03 8.677973704749233264e+01 -5.516303319728039362e-03 -1.148800610528340552e-02 9.999187947596239745e-01 -1.095777101394440622e+00 -4.570173912623427573e-17 -2.224375299946626386e-16 -3.555008719574593922e-18 9.999999999999235056e-01
2.770633893035053252e-01 -9.607446286326114526e-01 -1.434004396295892984e-02 -4.527169344414260621e+01 9.608508684183570958e-01 2.770133682732358604e-01 5.403929820223632094e-03 8.762888610539269507e+01 -1.219412668895265145e-03 -1.527587480653937353e-02 9.998825734463862025e-01 -1.099395067753476507e+00 -4.775587014309298593e-17 -2.135906133583389902e-16 -3.360827567312547630e-18 9.999999999999223954e-01
2.763917953430727326e-01 -9.607948677589571718e-01 -2.192709635801371945e-02 -4.504101052641027536e+01 9.610366658151188179e-01 2.764127036348655864e-01 2.131719520385379121e-03 8.848052743558774580e+01 4.012782812520733315e-03 -2.166193336034194158e-02 9.997572996569330517e-01 -1.110066177039687352e+00 -4.938181324780875114e-17 -2.099063310509057198e-16 -3.196620012455758418e-18 9.999999999999211742e-01
2.750309853598766896e-01 -9.611565489454246825e-01 -2.315265667051627854e-02 -4.480512663673807339e+01 9.614223340070225943e-01 2.750728695261416279e-01 1.418493224190198144e-03 8.932951273308394491e+01 5.005273655476020871e-03 -2.264961080382906985e-02 9.997309349851093430e-01 -1.110877250106537151e+00 -5.073615195930131470e-17 -2.096068901786170278e-16 -3.067671587191235374e-18 9.999999999999199529e-01
2.737482692689477415e-01 -9.615602189346963424e-01 -2.153672291956539725e-02 -4.456518087978491849e+01 9.617985220754660114e-01 2.737333596286272153e-01 3.694693458296175511e-03 9.018300821631660824e+01 2.342649269536887201e-03 -2.172540421409820816e-02 9.997612308977908979e-01 -1.097155015545086876e+00 -5.283686493415781368e-17 -2.105013328295554690e-16 -2.947010163377215661e-18 9.999999999999183986e-01
2.733325868471043196e-01 -9.617361210399603122e-01 -1.878644335884135930e-02 -4.432749521705664364e+01 9.619177046372563433e-01 2.732412538901305976e-01 7.317559552939716973e-03 9.103596800517085796e+01 -1.904330000387687146e-03 -2.007113995607174781e-02 9.997967407769668968e-01 -1.089191184843634197e+00 -5.214849275181812675e-17 -2.120178966082697106e-16 -2.766896244764972073e-18 9.999999999999172884e-01
2.722674891746761916e-01 -9.620207149379867984e-01 -1.966108766855331411e-02 -4.409475537088080443e+01 9.622128710330100088e-01 2.721211239190685083e-01 9.822664368512088948e-03 9.189513183822630538e+01 -4.099409324523494921e-03 -2.159254377783548576e-02 9.997584492748856633e-01 -1.094154822584177733e+00 -5.206506773644687695e-17 -2.158385518004085049e-16 -2.588944965905898269e-18 9.999999999999160671e-01
2.712714885362468853e-01 -9.623387313856031078e-01 -1.777485814458503940e-02 -4.386358052139502917e+01 9.624898372654173695e-01 2.711254423273435910e-01 1.021311330817127605e-02 9.274875361702964938e+01 -5.009258227695503884e-03 -1.987864677272017586e-02 9.997898512860712295e-01 -1.105131676069889712e+00 -5.262294283244627926e-17 -2.206745015094156736e-16 -2.485732290365947658e-18 9.999999999999147349e-01
2.698049427675967005e-01 -9.628077027500718810e-01 -1.437429590906603993e-02 -4.362746273700481225e+01 9.628941099373818924e-01 2.696707021979975472e-01 1.061345484655394807e-02 9.359638428997385518e+01 -6.342389607620794317e-03 -1.670448744280452272e-02 9.998403543533675997e-01 -1.116008302251153994e+00 -5.425576981120289623e-17 -2.267223362295722866e-16 -2.395090466287488497e-18 9.999999999999132916e-01
2.690281944973579309e-01 -9.630277779559658358e-01 -1.418906093650359850e-02 -4.340080637169151601e+01 9.630966034951624621e-01 2.688621871380058592e-01 1.257205883235654187e-02 9.444776188333058542e+01 -8.292339924800704032e-03 -1.704767468354331100e-02 9.998202907955924257e-01 -1.122788696948391118e+00 -5.502496507146468250e-17 -2.364342311797902016e-16 -2.379313794561619274e-18 9.999999999999117373e-01
2.685565167803578013e-01 -9.630717989158104064e-01 -1.923817630216264826e-02 -4.318262596932523678e+01 9.632289649038705548e-01 2.683230404326388263e-01 1.388189983497130180e-02 9.529915683370748525e+01 -8.207220288626136326e-03 -2.225884331217087286e-02 9.997185531086556498e-01 -1.121465907029636444e+00 -5.574313049062268267e-17 -2.458744892396977527e-16 -2.359703921383920062e-18 9.999999999999102940e-01
2.682874168707668483e-01 -9.630453449493031615e-01 -2.378078047184559174e-02 -4.296466701725776005e+01 9.633125186354392078e-01 2.680155726408319228e-01 1.402299048240939448e-02 9.615084183057879841e+01 -7.131156210310856010e-03 -2.667051542480560269e-02 9.996188424685692464e-01 -1.124528778157018793e+00 -5.507600642415636361e-17 -2.559090834820142065e-16 -2.436236831760110283e-18 9.999999999999088507e-01
2.686965615001297714e-01 -9.628641294059971933e-01 -2.635955501888339811e-02 -4.273729899582090752e+01 9.632124826362409298e-01 2.684536651016782294e-01 1.242348530050104219e-02 9.700008197169336199e+01 -4.885809202751185271e-03 -2.872800021304407897e-02 9.995753252618404527e-01 -1.133361537149902620e+00 -5.475114232788031866e-17 -2.680858860540590650e-16 -2.579150473228999471e-18 9.999999999999076294e-01
2.702208143109340877e-01 -9.624030022947805962e-01 -2.758935821431869606e-02 -4.250540372449164295e+01 9.627883196088125040e-01 2.699760610132073135e-01 1.231170599181146547e-02 9.784489274044807416e+01 -4.400356553269531984e-03 -2.988959105294073174e-02 9.995435204177003374e-01 -1.146387887513079740e+00 -5.328491342916524364e-17 -2.830430805828413481e-16 -2.793634954910243470e-18 9.999999999999062972e-01
2.713764161845674261e-01 -9.621009777612927749e-01 -2.676843904917052333e-02 -4.226619908553669092e+01 9.624445942684876076e-01 2.710485735394535523e-01 1.526675294161033980e-02 9.869696166204552412e+01 -7.432610712170946432e-03 -2.990617615997682999e-02 9.995250756862495978e-01 -1.157877991571898635e+00 -5.132766385077520760e-17 -3.000862136115170975e-16 -3.026276497979934590e-18 9.999999999999049649e-01
