1 0 0 0 0 1 0 0 0 0 1 0
0.99986745 0.00087817258 0.016257899 -0.0017637714 -0.00086323419 0.9999992 -0.00092583763 -0.002508145 -0.0162587 0.00091168056 0.9998674 0.11274498
0.99928801 0.0032697876 0.037587077 0.012402041 -0.0032432865 0.99999445 -0.00076601729 0.002514343 -0.037589376 0.00064356628 0.99929306 0.25038648
0.9979171 0.0050187581 0.064313887 0.048503549 -0.0050510732 0.99998719 0.00033986684 0.0018997646 -0.064311362 -0.00066401305 0.99792966 0.41139407
0.9952223 0.0046662646 0.097523352 0.096996453 -0.0049465624 0.9999843 0.0026325748 0.0019956206 -0.097509545 -0.0031024024 0.99522975 0.59058167
0.99089739 0.0014335113 0.13461169 0.166665 -0.0021522418 0.9999842 0.0051939175 -0.0016415307 -0.13460213 -0.0054363562 0.99088481 0.78410085
0.98463847 -0.0018434597 0.17459578 0.22366267 0.00090003092 0.99998457 0.0054825279 -0.0079748186 -0.1746032 -0.0052411662 0.98462493 0.97087702
0.97585795 -0.0021100612 0.21839599 0.32018769 0.00062777024 0.9999763 0.0068563374 -0.0064001761 -0.2184053 -0.0065537088 0.97583614 1.1799943
0.96416583 -0.002069339 0.26529224 0.41527677 -0.00057957654 0.99995076 0.0099062263 0.0027864121 -0.2652997 -0.009705002 0.96411715 1.380042
0.94978558 -0.0060184751 0.3128436 0.55291549 0.00086772357 0.99986182 0.016600922 0.010756645 -0.31290031 -0.015495854 0.94965956 1.6330865
0.93267087 -0.015688953 0.36038713 0.68063579 0.0072153463 0.99966525 0.024845944 -0.0040495612 -0.36065633 -0.02057277 0.93247187 1.8274841
0.91173089 -0.021404959 0.41022993 0.85863046 0.010055642 0.99950519 0.029803598 -0.0054243691 -0.41066493 -0.023047736 0.911495 2.0575466
0.88646211 -0.023286826 0.46221492 1.0231419 0.0087096289 0.99939584 0.033646688 0.00070702946 -0.46271923 -0.025800793 0.88612936 2.2945851
0.85800347 -0.025198798 0.51302539 1.2104447 0.0064292456 0.99924451 0.038328406 0.017539121 -0.51360368 -0.02958754 0.85751727 2.5082339
0.82587062 -0.030555559 0.56303113 1.4290869 0.0077669122 0.99905237 0.042825587 0.021637156 -0.56380619 -0.030995381 0.82532532 2.7356216
0.79048361 -0.036378426 0.61140187 1.660211 0.010009246 0.99886853 0.046491713 0.024755626 -0.61240143 -0.030631265 0.78995332 2.940852
0.75202612 -0.04083357 0.65786723 1.9320458 0.01108791 0.99872171 0.049315384 0.034436762 -0.65904006 -0.029792085 0.75151757 3.1548392
0.71231063 -0.044151013 0.70047427 2.2175445 0.012426585 0.99865639 0.050308918 0.046587453 -0.70175436 -0.027131074 0.71190221 3.3870994
0.67078868 -0.045786781 0.74023379 2.5148908 0.011349567 0.99860934 0.051483662 0.062217255 -0.74156171 -0.026133325 0.67037551 3.5968837
0.62847282 -0.046555666 0.77643701 2.8461697 0.0073161046 0.99851685 0.053949829 0.081817142 -0.77779717 -0.028225507 0.62788131 3.796084
0.58565074 -0.047039302 0.80919742 3.2012858 0.0040867043 0.99847334 0.055084342 0.095486502 -0.81055325 -0.028953235 0.58494889 4.0088414
0.54648674 -0.048385162 0.83606881 3.5717388 0.0023892023 0.99841561 0.056218857 0.12062456 -0.83746438 -0.028725322 0.5457365 4.2071276
0.50725521 -0.05088769 0.86029212 3.998369 0.0014874994 0.99830533 0.058174321 0.13531349 -0.86179464 -0.028229543 0.50647127 4.4123097
0.47020289 -0.050656443 0.88110334 4.4162854 -0.0018214916 0.99829359 0.058365994 0.15539984 -0.88255651 -0.029048781 0.46930826 4.6046595
0.4336242 -0.049929699 0.8997094 4.8665865 -0.0029799214 0.99837876 0.056841593 0.18067406 -0.90108892 -0.027328953 0.4327724 4.7971793
0.39950095 -0.048670105 0.91543986 5.3723464 -0.0016573144 0.99854971 0.053811965 0.20031268 -0.91673132 -0.023015102 0.39884089 4.9890316
0.37044891 -0.047036422 0.92766109 5.8834497 0.00013612417 0.99871975 0.050585043 0.22312936 -0.92885287 -0.018612897 0.36998105 5.1594932
0.34467834 -0.045191348 0.9376324 6.4279008 0.001357287 0.99886348 0.047643575 0.24539819 -0.93871991 -0.015149071 0.34434794 5.3319784
0.32390843 -0.044719358 0.94503092 6.9944259 0.0023161989 0.99891675 0.046475388 0.26758343 -0.94608564 -0.01286489 0.32366113 5.519694
0.30968242 -0.045083655 0.9497706 7.5812178 0.0033784497 0.99892116 0.046315153 0.29333491 -0.95083409 -0.011134236 0.30950063 5.7017703
0.29602328 -0.046439697 0.9540511 8.1951929 0.0042496744 0.99887156 0.047302801 0.31164463 -0.95517131 -0.0099483231 0.29588658 5.8641109
0.28667555 -0.048393718 0.95680463 8.8420607 0.0034453539 0.99876898 0.049483921 0.34186245 -0.95802157 -0.010889299 0.28648938 6.0706653
0.27526563 -0.05002129 0.96006595 9.494302 0.0013337052 0.99866436 0.051649947 0.36795509 -0.96136732 -0.01293701 0.27496469 6.2533086
0.26519738 -0.051885029 0.96279708 10.18442 0.001117053 0.99856696 0.053504977 0.39915125 -0.96419354 -0.013113883 0.26487529 6.4513663
0.25553299 -0.053809206 0.9653017 10.898029 -0.00011784701 0.99844821 0.0556881 0.42873303 -0.96680037 -0.014343904 0.25513012 6.644109
0.24529709 -0.055326248 0.9678679 11.632296 -0.00044841271 0.99836361 0.05718312 0.45734333 -0.96944789 -0.014460857 0.24487088 6.8302969
0.23445515 -0.05683872 0.97046384 12.399518 -0.0010044712 0.99827456 0.058710225 0.48856953 -0.97212646 -0.014739717 0.23399352 7.0022442
0.22457147 -0.059737323 0.97262481 13.151327 -0.0019955259 0.99808891 0.061762045 0.52692825 -0.97445562 -0.015810891 0.22402308 7.1880057
0.21281861 -0.06326709 0.97504125 13.936329 -0.0041302289 0.99783433 0.065647544 0.56493807 -0.97708304 -0.017998162 0.21209641 7.3465923
0.20041597 -0.066760461 0.97743358 14.723633 -0.0043560476 0.99760498 0.06903138 0.60489411 -0.97970125 -0.018092738 0.19964515 7.5296607
0.18877621 -0.069420288 0.97956331 15.498205 -0.0052234413 0.99741315 0.071691913 0.64298338 -0.98200628 -0.018650418 0.18792526 7.6726849
0.17463433 -0.070144247 0.98213164 16.312493 -0.0057049877 0.99737045 0.072247021 0.67975942 -0.98461687 -0.018219859 0.17377495 7.8197276
0.16018421 -0.069251784 0.98465483 17.110255 -0.0072826486 0.99742585 0.071334728 0.72394646 -0.98706031 -0.018597592 0.15926753 7.9479221
0.14330427 -0.06814227 0.98732995 17.929108 -0.0085624128 0.99750412 0.070087233 0.76134842 -0.98964168 -0.018497726 0.14236313 8.061631
0.12294946 -0.066882709 0.99015658 18.749585 -0.010973932 0.99757381 0.068746377 0.79924755 -0.9923523 -0.019318241 0.1219172 8.1627649
0.097778458 -0.065487202 0.99305122 19.557749 -0.01511046 0.99761995 0.067276304 0.84086965 -0.99509353 -0.021583634 0.096556198 8.2512886
0.067892827 -0.064921435 0.99557807 20.395197 -0.019216505 0.99761039 0.06636442 0.87923889 -0.99750758 -0.023637198 0.066483025 8.2994697
0.034235058 -0.064691902 0.99731782 21.237662 -0.022403163 0.9976024 0.065479397 0.91643339 -0.99916272 -0.024584764 0.032703671 8.31759
0.00041888188 -0.064168218 0.99793897 22.059222 -0.023829285 0.99765508 0.064159966 0.95146784 -0.999716 -0.023807047 -0.0011111846 8.3178417
-0.033304523 -0.063107613 0.99745083 22.922983 -0.025091313 0.99774275 0.062288292 0.98434587 -0.99913028 -0.022952869 -0.0348128 8.26097
-0.066620677 -0.061257195 0.99589616 23.755093 -0.027815298 0.99783974 0.059516034 1.0168607 -0.99739063 -0.023736149 -0.068180648 8.2065152
-0.099533424 -0.057677622 0.99336112 24.606824 -0.029638529 0.99804747 0.054979987 1.0520465 -0.99459275 -0.023969415 -0.10104856 8.1139122
-0.13058182 -0.053579287 0.98998867 25.440457 -0.02674939 0.99836555 0.050504346 1.0826306 -0.99107666 -0.019886643 -0.1318016 8.0065121
-0.1634455 -0.047922363 0.98538771 26.281176 -0.021796132 0.99875112 0.044956959 1.0978516 -0.9863116 -0.014129627 -0.1642859 7.8501122
-0.19403972 -0.04165385 0.9801089 27.112937 -0.016503255 0.99909535 0.039193482 1.1152011 -0.98085489 -0.0085698939 -0.19455161 7.6594471
-0.22290828 -0.035984592 0.974175 27.928138 -0.0094583145 0.99935127 0.034750339 1.1215134 -0.97479358 -0.0014679145 -0.22310402 7.4686954
-0.25016175 -0.029421193 0.9677569 28.74178 -0.0016719343 0.99954983 0.029955555 1.1425504 -0.96820265 0.0058757091 -0.25009833 7.2314272
-0.27705722 -0.019209348 0.96066135 29.543039 0.0050178511 0.99975758 0.021438276 1.1393947 -0.96084036 0.010760086 -0.27689366 6.9810743
-0.30261827 -0.0039029265 0.95310381 30.323407 0.0088695591 0.99993678 0.0069108643 1.1255343 -0.95307061 0.010544965 -0.30256452 6.7148537
-0.32740409 0.013182294 0.94479242 31.099472 0.0094512663 0.99989834 -0.010675964 1.1054046 -0.94483719 0.0054341315 -0.3274954 6.4467634
-0.35293689 0.028099051 0.93522507 31.882159 0.0085852738 0.99960412 -0.026793407 1.0809655 -0.93560778 -0.0014272175 -0.35303841 6.1434915
-0.37670918 0.038682429 0.92552352 32.646751 0.012141674 0.99924808 -0.036821821 1.0371901 -0.92625204 -0.0026337125 -0.3768956 5.822248
-0.40094354 0.043485686 0.91507005 33.404057 0.016369977 0.99905335 -0.040304109 0.99526383 -0.91595653 -0.0011799951 -0.40127585 5.4817012
-0.42325971 0.042535588 0.90500932 34.13769 0.018582252 0.99909476 -0.038266968 0.94630011 -0.90581785 0.00062024642 -0.42366697 5.1269891
-0.44356568 0.039550959 0.89536872 34.901123 0.022819275 0.99920032 -0.032832823 0.9023085 -0.89595136 0.0058681529 -0.44411349 4.7454388
-0.4617846 0.038228648 0.88616787 35.610297 0.03022303 0.99916881 -0.027354121 0.87045628 -0.88647708 0.014150967 -0.46255616 4.3520941
-0.47534826 0.039025578 0.87893172 36.313575 0.033785332 0.99908855 -0.026088726 0.82174482 -0.87914882 0.017293771 -0.4762335 3.9535536
-0.4863291 0.042215003 0.87275531 37.022517 0.036461579 0.99894269 -0.028001023 0.77330364 -0.87301468 0.018204326 -0.48735412 3.5597472
-0.49675291 0.045158346 0.86671634 37.711566 0.038125553 0.99881681 -0.030189734 0.73168025 -0.86705424 0.018047202 -0.49788684 3.1591619
-0.50718271 0.044269355 0.8607008 38.382797 0.031629034 0.99896322 -0.032742804 0.67976393 -0.86125801 0.010616552 -0.50805707 2.7613987
-0.51817593 0.042869245 0.85419897 39.092719 0.030201362 0.9990373 -0.031817359 0.6535166 -0.85474069 0.0093109838 -0.51897179 2.3378098
-0.52683842 0.044474865 0.84880104 39.758122 0.032522535 0.99895358 -0.032156186 0.61045213 -0.84934305 0.010664048 -0.52773357 1.9155458
-0.53416605 0.047698571 0.84403283 40.451618 0.036597118 0.99877572 -0.033282161 0.56788093 -0.84458709 0.01311097 -0.53525771 1.4841451
-0.53787567 0.05083732 0.84148991 41.149923 0.037155708 0.9986397 -0.03658156 0.52684517 -0.84220501 0.011589824 -0.53903289 1.0368179
-0.5374799 0.052284487 0.8416541 41.852803 0.036306074 0.99858534 -0.038848188 0.48030831 -0.84249468 0.0096770373 -0.53861779 0.58803237
-0.53437219 0.053061297 0.84358212 42.573411 0.038841258 0.99851487 -0.038202333 0.44132869 -0.84435643 0.012351527 -0.53563955 0.13863049
-0.52832601 0.051982636 0.84744874 43.323908 0.03722503 0.9985824 -0.03804595 0.39633758 -0.8482252 0.011445641 -0.52951211 -0.32777801
-0.52140694 0.050702473 0.85180044 44.082114 0.034973127 0.99866416 -0.038036504 0.35231923 -0.85259119 0.0099576287 -0.52248365 -0.77877512
-0.51423728 0.049804073 0.85620063 44.859518 0.032994773 0.99872227 -0.038277587 0.30537351 -0.85701308 0.0085663845 -0.5152235 -1.2368161
-0.50797702 0.048717112 0.85999182 45.667621 0.03043865 0.99879102 -0.038600458 0.25738229 -0.86083268 0.0065688453 -0.50884577 -1.7002131
-0.50358456 0.046503902 0.86269341 46.48016 0.026247402 0.99891285 -0.038525341 0.20928044 -0.86354718 0.0032426943 -0.5042577 -2.1589757
-0.50229471 0.043282664 0.86361251 47.310864 0.021047032 0.99906253 -0.037829783 0.15895147 -0.86444034 -0.00082521868 -0.5027348 -2.6334461
-0.50241262 0.041336126 0.86363929 48.166445 0.018685058 0.99914235 -0.036951844 0.10998183 -0.8644261 -0.0024279222 -0.50275409 -3.1028204
-0.50331399 0.039708179 0.86319072 49.016481 0.016850909 0.99920467 -0.036139521 0.059187445 -0.86393931 -0.003643977 -0.50358281 -3.5914811
-0.504256 0.039277595 0.86266047 49.87542 0.016943412 0.99922279 -0.035591348 0.010110162 -0.86338802 -0.0033307385 -0.50452958 -4.0945251
-0.50396979 0.038422166 0.86286622 50.763686 0.016710813 0.99925683 -0.03473524 -0.039856589 -0.86355964 -0.0030863146 -0.50423732 -4.6002108
-0.50400998 0.037968503 0.86286283 51.649232 0.017072318 0.99927604 -0.03399891 -0.084963344 -0.86352912 -0.0024047204 -0.50429331 -5.1159892
-0.50462738 0.037471219 0.86252365 52.528679 0.016613603 0.99929413 -0.033693092 -0.1463066 -0.86317742 -0.0026728303 -0.50489372 -5.626565
-0.50454673 0.036150453 0.86262719 53.43106 0.015034435 0.99933942 -0.033086132 -0.19301532 -0.86325351 -0.0037243867 -0.50475694 -6.1397425
-0.5049547 0.035393564 0.86241984 54.329549 0.014755752 0.99936689 -0.032374218 -0.24760722 -0.86301974 -0.0036218597 -0.50515727 -6.6486187
-0.50400971 0.03475091 0.86299856 55.224919 0.0133461 0.9993843 -0.03244843 -0.30193228 -0.8635949 -0.0048366584 -0.50416318 -7.1665596
-0.50291232 0.033306019 0.86369546 56.124 0.012879657 0.99943513 -0.031040878 -0.35487634 -0.86424151 -0.0044867384 -0.50305721 -7.6732629
-0.50093968 0.031249968 0.8649178 57.002023 0.013490284 0.99950845 -0.028299552 -0.4099437 -0.86537709 -0.0025083809 -0.50111502 -8.1930752
-0.4980928 0.030201074 0.86659759 57.906775 0.014326467 0.9995435 -0.026599862 -0.45594581 -0.86700541 -0.00083391746 -0.4982981 -8.6954646
-0.49599173 0.029330715 0.86783169 58.79626 0.01384016 0.99956942 -0.025873081 -0.51072991 -0.86821698 -0.00082190348 -0.49618411 -9.1927335
-0.49363276 0.029840087 0.86915833 59.688797 0.014477647 0.99955464 -0.026094388 -0.5606231 -0.86954998 -0.00029767623 -0.49384493 -9.6948935
-0.49250152 0.030407974 0.86978017 60.571764 0.014631339 0.99953749 -0.026659555 -0.6114584 -0.87018863 -0.00040382143 -0.49271864 -10.191608
-0.49353684 0.031797085 0.86914341 61.468881 0.014448643 0.99949331 -0.028361298 -0.65579407 -0.8696049 -0.0014394017 -0.49374619 -10.689989
-0.49647137 0.033510401 0.867406 62.342826 0.012633305 0.99942769 -0.031379938 -0.71324833 -0.8679612 -0.0046210354 -0.49661058 -11.175556
-0.50054348 0.034020733 0.86504263 63.211182 0.01142917 0.99940014 -0.032691484 -0.76460711 -0.86563598 -0.0064767893 -0.50063206 -11.680607
-0.50610693 0.032450065 0.86186003 64.088608 0.010989081 0.99945345 -0.031177543 -0.82155601 -0.86240076 -0.0063081207 -0.50618691 -12.19084
-0.51120083 0.030525195 0.85891901 64.953775 0.014658668 0.99953338 -0.026798134 -0.87399957 -0.85933631 -0.0011086189 -0.51140975 -12.696271
-0.51683352 0.028217706 0.85562072 65.804905 0.012027418 0.99959732 -0.025700839 -0.91840317 -0.85600147 -0.0029921464 -0.51696479 -13.204455
-0.52139426 0.030554762 0.85276865 66.653892 0.01276274 0.99952617 -0.028009782 -0.97701053 -0.85322048 -0.0037204745 -0.52153717 -13.727419
-0.52674328 0.033196067 0.84937593 67.484979 0.013433733 0.99943744 -0.030729929 -1.0223028 -0.84991829 -0.0047764936 -0.52689291 -14.234526
-0.53142938 0.033283146 0.84644845 68.323901 0.011922888 0.99942273 -0.031812638 -1.0774527 -0.84701872 -0.0068140598 -0.53151944 -14.756202
-0.53512372 0.033833681 0.84409586 69.150624 0.011065579 0.99939266 -0.033043257 -1.1267026 -0.84470126 -0.0083418206 -0.53517311 -15.270229
-0.53843833 0.032836712 0.84202486 69.973225 0.01068425 0.99942618 -0.032142826 -1.1877853 -0.84259722 -0.0083105243 -0.5384802 -15.795336
-0.54112 0.026186396 0.84053754 70.797218 0.012570894 0.99965526 -0.023050732 -1.2343016 -0.84085146 -0.0019069031 -0.54126264 -16.323987
-0.54327623 0.018399491 0.83935233 71.621039 0.01339702 0.99982252 -0.013245858 -1.2676249 -0.83944715 0.0040486612 -0.54342631 -16.853291
-0.54504377 0.01501357 0.83827312 72.437935 0.013277437 0.99986884 -0.0092748002 -1.3061583 -0.83830248 0.0060749477 -0.54517162 -17.374327
-0.54610025 0.020790301 0.83746178 73.239213 0.013713812 0.9997799 -0.015877271 -1.3428811 -0.83760761 0.002814213 -0.54626516 -17.888408
-0.54718068 0.025951188 0.83661208 74.035814 0.014283534 0.99966321 -0.021666879 -1.3816911 -0.83689267 9.4080305e-05 -0.54736707 -18.41209
-0.5475582 0.030939147 0.83619539 74.838531 0.020423514 0.99951265 -0.023608125 -1.416469 -0.83651836 0.0041512263 -0.54792323 -18.944251
-0.54760491 0.031795731 0.83613266 75.634424 0.023920305 0.99946421 -0.022340734 -1.4582128 -0.83639509 0.0077666535 -0.54807208 -19.468459
-0.54690817 0.029148658 0.83668497 76.426836 0.023410326 0.99953536 -0.01951967 -1.5049826 -0.83686526 0.0089116018 -0.54733644 -19.986905
-0.54683548 0.023998953 0.83689602 77.226512 0.021538339 0.99966151 -0.014593092 -1.5344106 -0.83696303 0.010045331 -0.54716728 -20.498247
-0.54640582 0.018101245 0.83732489 78.025562 0.019991998 0.99976344 -0.0085668287 -1.5638042 -0.83728195 0.012058833 -0.54663844 -21.010875
-0.54555177 0.011477951 0.83799849 78.834746 0.011028869 0.99991795 -0.006515751 -1.5991187 -0.83800459 0.0056874971 -0.5456336 -21.520349
-0.54376986 0.0062953695 0.83921073 79.641828 0.0025275667 0.99997961 -0.0058636349 -1.6225277 -0.83923061 -0.001067306 -0.54377469 -22.020395
-0.54177958 0.0067754132 0.84049326 80.432314 0.0056288685 0.99997433 -0.0044326735 -1.6462905 -0.84050179 0.0023294949 -0.54180381 -22.526515
-0.53922676 0.0098405892 0.84210308 81.222371 0.010724429 0.99993089 -0.004817711 -1.6754956 -0.84209236 0.0064332366 -0.53929503 -23.033371
-0.53294057 0.012724723 0.84605695 82.009687 0.011336444 0.99990455 -0.0078976441 -1.7045683 -0.84607676 0.0053823029 -0.53303396 -23.531218
-0.52589489 0.015034763 0.85041664 82.798818 0.016631933 0.99983436 -0.0073912281 -1.7270486 -0.85038697 0.010257064 -0.52605784 -24.017821
-0.51822293 0.017827001 0.85505972 83.600768 0.024127108 0.99968955 -0.0062197362 -1.7633186 -0.85490522 0.01740691 -0.51849216 -24.509711
-0.50774037 0.017815092 0.86132588 84.408495 0.02335232 0.99970341 -0.0069113122 -1.783643 -0.86119362 0.016604806 -0.5080058 -24.981776
-0.49715805 0.01445916 0.86753947 85.223885 0.018326727 0.99981307 -0.0061613061 -1.8103317 -0.86746646 0.012836017 -0.49733011 -25.436323
-0.48548528 0.011966947 0.8741629 86.037613 0.020570941 0.99978584 -0.0022621582 -1.8308435 -0.87400283 0.01688411 -0.48562747 -25.876735
-0.47422462 0.010379543 0.88034266 86.857494 0.019505061 0.99980894 -0.0012810685 -1.8574565 -0.88018784 0.016563624 -0.47433647 -26.310181
-0.46345533 0.0096257445 0.88606796 87.679075 0.019717922 0.99980543 -0.00054792091 -1.8754631 -0.88590091 0.017217483 -0.46355496 -26.728487
-0.45092109 0.011358504 0.89249151 88.503918 0.023088843 0.99973286 -0.0010579626 -1.8941211 -0.89226518 0.02012954 -0.45106288 -27.140564
-0.43867534 0.014664817 0.89852592 89.335971 0.023185996 0.99971868 -0.0049965905 -1.9227155 -0.89834649 0.018641338 -0.43889195 -27.537472
-0.42751099 0.023969713 0.90369228 90.163215 0.024388957 0.99959037 -0.014975614 -1.9544405 -0.90368114 0.015637874 -0.42792046 -27.923775
-0.41459619 0.028885828 0.90954689 90.987891 0.02459368 0.99948667 -0.020531711 -1.9796467 -0.90967314 0.013856737 -0.41509377 -28.290292
-0.4031497 0.024926782 0.91479446 91.842987 0.021450395 0.99961172 -0.017784741 -2.0153117 -0.91488265 0.01245279 -0.40352785 -28.66072
-0.39100194 0.022512409 0.92011445 92.684275 0.025009891 0.99959155 -0.013829038 -2.045695 -0.92005003 0.017604783 -0.39140527 -29.009904
-0.38142362 0.022764952 0.92411996 93.522953 0.021442477 0.99964562 -0.015775242 -2.0800258 -0.92415167 0.013798373 -0.38177659 -29.336793
-0.37447397 0.027525582 0.92682874 94.374612 0.017387066 0.99959199 -0.022661519 -2.1186063 -0.92707444 0.0076286844 -0.37479977 -29.671694
-0.36918394 0.031466466 0.92882345 95.214107 0.0078469152 0.99949656 -0.03074176 -2.1608929 -0.92932326 -0.0040609646 -0.369245 -29.991158
-0.3657355 0.033531625 0.93011456 96.054219 0.0048492992 0.99940588 -0.034122829 -2.2069575 -0.93070624 -0.0079695256 -0.36568082 -30.306731
-0.36252951 0.033654899 0.93136439 96.899126 0.0049552354 0.99940325 -0.034184681 -2.2516015 -0.93195916 -0.0077778249 -0.36247993 -30.635998
-0.35721158 0.032982302 0.93344093 97.752768 0.002925385 0.99941094 -0.034193797 -2.3031102 -0.93401895 -0.0094837456 -0.35709765 -30.950264
-0.35232347 0.029652644 0.93540837 98.585935 0.0022179822 0.99952158 -0.030849637 -2.3440924 -0.9358757 -0.0087943315 -0.35222068 -31.260721
-0.34666215 0.025609794 0.93764035 99.448107 0.00180937 0.99964361 -0.026634333 -2.3913971 -0.93798836 -0.0075365759 -0.34658494 -31.568397
-0.34082421 0.022582026 0.93985575 100.30001 -9.3061141e-05 0.99971066 -0.024053913 -2.4336214 -0.94012708 -0.0082856192 -0.3407235 -31.869539
-0.33549417 0.021578509 0.94179507 101.13918 -0.0037835801 0.99969869 -0.024253021 -2.4768344 -0.94203472 -0.011700104 -0.33531145 -32.151769
-0.32854409 0.020578637 0.94426438 102.00423 -0.01678341 0.99947755 -0.027621474 -2.5134448 -0.94433954 -0.024922848 -0.32802706 -32.423031
-0.32204319 0.024495611 0.94640798 102.84372 -0.013468602 0.9994455 -0.030451452 -2.5627623 -0.94662921 -0.022553475 -0.3215347 -32.700207
-0.31518341 0.028179001 0.9486123 103.69983 -0.012463845 0.99934997 -0.033827391 -2.6098394 -0.94894897 -0.022485189 -0.31462731 -32.980444
-0.30851857 0.026400021 0.95085186 104.54933 -0.01391612 0.99938254 -0.032262754 -2.6520822 -0.95111656 -0.023185827 -0.30796068 -33.250075
-0.30136042 0.021348623 0.95327124 105.41525 -0.014355013 0.99953444 -0.026922783 -2.694968 -0.95340228 -0.021797682 -0.30091366 -33.51161
-0.29440801 0.018947301 0.95549194 106.2689 -0.01339993 0.99962332 -0.023951231 -2.7321504 -0.95558592 -0.019854959 -0.29404322 -33.763803
-0.28786421 0.021856574 0.95742175 107.12349 -0.016445618 0.99947929 -0.027761324 -2.7787501 -0.95753006 -0.023736883 -0.28735488 -34.010495
-0.28163265 0.024793485 0.95920188 107.98716 -0.016385271 0.99939607 -0.030643326 -2.8199228 -0.95938243 -0.024346944 -0.28105632 -34.25943
-0.27473326 0.025480855 0.96118275 108.83774 -0.017998671 0.99933736 -0.031636857 -2.8588506 -0.96135205 -0.025991708 -0.27409259 -34.489992
-0.26762457 0.024403752 0.96321413 109.71669 -0.018468735 0.99936562 -0.030451127 -2.9077285 -0.96334629 -0.025938816 -0.26700409 -34.725851
-0.26028684 0.02416192 0.96522893 110.56062 -0.01588537 0.99944437 -0.029302112 -2.9526768 -0.96540069 -0.022959972 -0.25975839 -34.943211
-0.25256567 0.025550449 0.96724231 111.42752 -0.011366924 0.99950395 -0.029370787 -2.9979888 -0.96751303 -0.018412622 -0.25214995 -35.168162
-0.24552679 0.026206848 0.96903546 112.31055 -0.0094774902 0.99952183 -0.029432662 -3.0409839 -0.96934352 -0.01641053 -0.24516101 -35.393692
-0.23892866 0.025148701 0.97071137 113.16309 -0.015956653 0.99942791 -0.029820207 -3.0815681 -0.97090605 -0.022614206 -0.23839068 -35.580663
-0.2330826 0.022957504 0.97218587 114.03263 -0.020754853 0.99937614 -0.02857558 -3.125824 -0.97223547 -0.026838045 -0.23246071 -35.775565
-0.2283814 0.023256973 0.97329388 114.91511 -0.017799537 0.99944779 -0.028058547 -3.1643203 -0.97340906 -0.02373223 -0.22784132 -35.981458
-0.22387964 0.023272365 0.97433886 115.76919 -0.016479478 0.99948156 -0.027659491 -3.2135862 -0.97447751 -0.022248992 -0.22338006 -36.167956
-0.21890036 0.024969336 0.97542764 116.65315 -0.015129855 0.99946548 -0.028980026 -3.2530023 -0.97562995 -0.021101817 -0.21840558 -36.366243
-0.21316514 0.024026608 0.97672067 117.50739 -0.0095863216 0.99959802 -0.026681546 -3.2900085 -0.97696919 -0.015050733 -0.21284912 -36.551295
-0.20774643 0.023029023 0.97791155 118.38 -0.0017419932 0.99971254 -0.023912484 -3.3316791 -0.9781812 -0.0066712476 -0.20764659 -36.742498
-0.2031446 0.021980128 0.97890197 119.2658 0.0010350513 0.99975227 -0.022233499 -3.372882 -0.97914824 -0.0035034008 -0.20311703 -36.93142
-0.19920464 0.02330846 0.97968063 120.12312 -0.0010239287 0.9997116 -0.023993235 -3.4106158 -0.97995742 -0.0057826863 -0.19912333 -37.092052
-0.19550805 0.025378948 0.98037362 120.99111 -0.00328949 0.99964251 -0.026533757 -3.4482372 -0.98069662 -0.0084124917 -0.19535467 -37.253455
-0.19352104 0.024735702 0.98078421 121.88288 -0.0046492049 0.99964777 -0.026128792 -3.487633 -0.98108515 -0.0096163371 -0.19333787 -37.424287
-0.19304871 0.023326766 0.98091181 122.73188 -0.0071653336 0.99965719 -0.025182719 -3.5318683 -0.98116305 -0.011890051 -0.19281539 -37.578073
-0.19158005 0.019146298 0.98129018 123.61903 -0.0061780216 0.99976638 -0.020712944 -3.5671081 -0.98145759 -0.010030618 -0.19141701 -37.750406
-0.19081969 0.013698149 0.98152948 124.47566 -0.005852211 0.99986899 -0.015091824 -3.6059961 -0.9816077 -0.0086239341 -0.19071453 -37.908504
-0.19001434 0.011774453 0.98171067 125.34235 -0.0025972121 0.99991855 -0.012495535 -3.6353058 -0.98177792 -0.0049240409 -0.18996828 -38.071674
-0.18908044 0.016101093 0.98182955 126.20831 -0.0063430221 0.99982468 -0.017617733 -3.6694201 -0.98194116 -0.0095589344 -0.18894516 -38.233611
-0.18878626 0.020179731 0.9818108 127.05107 -0.0059481883 0.999747 -0.021692123 -3.7075915 -0.98200023 -0.0099351697 -0.18861847 -38.387071
-0.18889115 0.019404953 0.98180624 127.90052 -0.0081664459 0.99973912 -0.021330542 -3.7352479 -0.98196412 -0.012047018 -0.18868341 -38.543636
-0.18861166 0.018497233 0.98187749 128.76634 -0.009738758 0.99973821 -0.020704449 -3.7745859 -0.9820035 -0.013467367 -0.18838215 -38.7009
-0.18770045 0.018669617 0.98204883 129.60144 -0.004231429 0.99979469 -0.01981574 -3.8117407 -0.98221724 -0.0078748925 -0.18758292 -38.863315
-0.18701497 0.021202483 0.98212819 130.45161 -0.0071330375 0.99971139 -0.022940332 -3.8524449 -0.98233121 -0.011295742 -0.18680976 -39.018938
-0.18715365 0.022501319 0.98207287 131.27749 -0.016619152 0.99952201 -0.026068226 -3.8836825 -0.9821901 -0.021199981 -0.18669024 -39.15503
-0.1868376 0.023966885 0.98209837 132.12226 -0.020057912 0.9994009 -0.028205012 -3.9181957 -0.98218607 -0.024968599 -0.18624494 -39.298387
-0.18681296 0.027063669 0.9820226 132.95316 -0.021359636 0.99927226 -0.031602357 -3.9682373 -0.98216331 -0.026879375 -0.18609894 -39.451342
-0.18611311 0.028037274 0.98212817 133.77847 -0.018667657 0.99931143 -0.032065328 -4.0109505 -0.98235101 -0.02430181 -0.18546157 -39.604719
-0.18478377 0.029366059 0.98234032 134.60091 -0.018649894 0.9992687 -0.033380264 -4.0561876 -0.98260227 -0.024488673 -0.18410096 -39.746124
-0.18242005 0.028441163 0.98280921 135.41824 -0.012924083 0.99942582 -0.031320873 -4.0930146 -0.98313579 -0.018415463 -0.18194773 -39.903404
-0.17942193 0.025819266 0.9834333 136.249 -0.0045118525 0.99962343 -0.027067486 -4.1399576 -0.98376191 -0.0092936059 -0.17923788 -40.057001
-0.17714051 0.021222748 0.98395668 137.05448 0.0014311201 0.99977197 -0.021306221 -4.1745868 -0.98418457 -0.0023660338 -0.17713049 -40.210244
-0.17317632 0.020826346 0.98467058 137.87572 0.0046998281 0.99978249 -0.020319401 -4.2057678 -0.98487966 0.0011089442 -0.17323654 -40.349704
-0.16856987 0.025093512 0.9853702 138.67384 0.001961007 0.99968246 -0.025122513 -4.2555881 -0.9856878 -0.0023025802 -0.16856556 -40.478595
-0.16207029 0.028677095 0.98636239 139.49234 0.0051624067 0.99958859 -0.028213386 -4.2902814 -0.98676575 0.00051945312 -0.16215166 -40.609234
-0.15427882 0.028900459 0.98760454 140.28815 -0.0012414861 0.99956565 -0.029444417 -4.3301988 -0.98802661 -0.0057687465 -0.15417593 -40.721617
-0.1440513 0.025499383 0.98924159 141.0969 0.0075243775 0.99966727 -0.024672437 -4.358768 -0.98954166 0.0038893315 -0.14419524 -40.839005
-0.13216378 0.023952536 0.99093841 141.89896 0.016941871 0.99961655 -0.021902722 -4.3975561 -0.99108314 0.013893605 -0.13251891 -40.947459
-0.11885137 0.026055682 0.99257008 142.67499 0.014639996 0.99959295 -0.024487028 -4.4387551 -0.99280416 0.011620906 -0.11918445 -41.033968
-0.10461537 0.027108717 0.99414318 143.4801 0.012847168 0.99958185 -0.02590509 -4.4773255 -0.99442982 0.010061854 -0.1049199 -41.11189
-0.090685999 0.02701932 0.99551289 144.26433 0.014534056 0.99956133 -0.025805221 -4.5102536 -0.99577352 0.012128669 -0.091038919 -41.178275
-0.07691918 0.028802263 0.99662118 145.03936 0.020112096 0.99942409 -0.027331015 -4.5464221 -0.9968345 0.017941863 -0.077454157 -41.232314
-0.063486571 0.034514655 0.99738564 145.82776 0.015791612 0.9993114 -0.033576111 -4.5974053 -0.99785779 0.013618696 -0.063987897 -41.268453
-0.050497268 0.043698745 0.99776769 146.58093 0.0090428504 0.99902136 -0.043295989 -4.6404045 -0.9986833 0.0068363357 -0.050843013 -41.290946
-0.036796168 0.052593142 0.99793783 147.35933 0.0033313821 0.99861505 -0.052505996 -4.6824487 -0.99931728 0.0013924937 -0.036920416 -41.298233
-0.023584188 0.053485696 0.99829003 148.12852 0.0013854698 0.99856861 -0.053467888 -4.7335607 -0.99972094 0.00012210485 -0.023624534 -41.307629
-0.011921426 0.049329169 0.99871138 148.88883 0.00063094156 0.99878257 -0.049325152 -4.7845477 -0.99992878 4.2103202e-05 -0.011938038 -41.303913
-0.00068825476 0.04637902 0.99892363 149.66107 3.1290833e-05 0.99892391 -0.04637901 -4.839636 -0.9999998 -6.6257515e-07 -0.00068896691 -41.291727
0.008000001 0.052188543 0.99860516 150.40049 -0.0055670633 0.99862401 -0.052144928 -4.9014162 -0.99995255 -0.0051421379 0.0082795284 -41.265799
0.014369333 0.061101646 0.99802807 151.15272 -0.01334383 0.998054 -0.06091111 -4.9521366 -0.99980776 -0.012442264 0.015156698 -41.241834
0.017835343 0.064596039 0.99775206 151.91194 -0.017681453 0.99777515 -0.064281467 -5.0036052 -0.99968463 -0.016495223 0.018937813 -41.219466
0.017481624 0.060360204 0.99802352 152.64832 -0.019056476 0.9980149 -0.060025883 -5.0560946 -0.99966561 -0.017969461 0.018597172 -41.194365
0.016438702 0.0549225 0.99835525 153.41596 -0.011773452 0.99843162 -0.054732841 -5.1265808 -0.9997956 -0.01085435 0.017059546 -41.180783
0.013632564 0.052360576 0.99853515 154.17246 -0.013108419 0.99855153 -0.05218247 -5.1775518 -0.99982119 -0.012377836 0.01429918 -41.16719
0.010520481 0.052321884 0.99857481 154.91204 -0.013039778 0.99855238 -0.052183327 -5.2287836 -0.99985967 -0.0124722 0.011187516 -41.154043
0.0071099201 0.052488932 0.99859615 155.66322 -0.013569269 0.99853456 -0.05238908 -5.2844795 -0.9998827 -0.013177737 0.0078117358 -41.151096
0.0024933705 0.050693832 0.99871109 156.40757 -0.012003209 0.9986438 -0.050660448 -5.3401707 -0.99992489 -0.011861422 0.0030984761 -41.142606
-0.0029381946 0.051219911 0.99868303 157.14263 -0.014644276 0.99857809 -0.051257611 -5.3880163 -0.99988849 -0.014775594 -0.0021839398 -41.138923
-0.0087573259 0.049309229 0.99874512 157.89233 -0.014943124 0.99866549 -0.049436322 -5.4374096 -0.99985004 -0.015357302 -0.0080088068 -41.140116
-0.014471093 0.046305875 0.99882244 158.63916 -0.01161565 0.99885189 -0.046475528 -5.4891928 -0.99982786 -0.012274523 -0.013916608 -41.152678
-0.01969292 0.04638996 0.99872923 159.37208 -0.014192795 0.99880936 -0.046673533 -5.5383859 -0.99970538 -0.015093897 -0.019011071 -41.162934
-0.025176539 0.047665569 0.99854597 160.09153 -0.01466951 0.99873747 -0.048044574 -5.5853862 -0.99957543 -0.015857776 -0.024445523 -41.176294
-0.029529292 0.049955661 0.99831476 160.80819 -0.01717219 0.9985776 -0.05047675 -5.6369982 -0.99941644 -0.018633793 -0.028629442 -41.191682
-0.031879833 0.051906463 0.99814293 161.53367 -0.016092128 0.99849448 -0.052438711 -5.6900555 -0.9993622 -0.017733981 -0.030996553 -41.210688
-0.033506352 0.053591802 0.99800058 162.24139 -0.014850143 0.99842438 -0.054113128 -5.7431677 -0.99932822 -0.016633584 -0.032657714 -41.232007
-0.032743487 0.052112285 0.99810425 162.95728 -0.011857407 0.99854924 -0.052524506 -5.7952882 -0.99939349 -0.013554763 -0.032078069 -41.257535
-0.028820975 0.048130051 0.99842514 163.67026 -0.0057191213 0.99881582 -0.048313973 -5.8372725 -0.99956827 -0.0071025696 -0.028511586 -41.278073
-0.021531413 0.047543679 0.99863703 164.37511 -0.0046337565 0.99885316 -0.047653874 -5.8929497 -0.99975748 -0.0056534953 -0.021286415 -41.288635
-0.010749306 0.048740637 0.99875358 165.07915 -0.0031724417 0.99880464 -0.048777271 -5.9444902 -0.99993723 -0.0036928085 -0.010581831 -41.288681
0.0030409529 0.049105485 0.99878893 165.76026 -0.00093944389 0.99879329 -0.049102837 -5.9928353 -0.99999498 -0.00078898591 0.0030834137 -41.281108
0.018560333 0.046790372 0.99873224 166.45967 -0.002351277 0.99890363 -0.046754704 -6.0359711 -0.99982502 -0.0014805125 0.01865 -41.257731
0.034469686 0.042050929 0.99852064 167.15181 -0.0053523623 0.99910785 -0.041890889 -6.0777998 -0.99939145 -0.0039004777 0.034664005 -41.214197
0.050798081 0.035462178 0.99807911 167.81931 -0.0079392774 0.99935215 -0.035103332 -6.1193781 -0.99867743 -0.0061408442 0.051046714 -41.164952
0.068721526 0.028113075 0.99723965 168.50343 -0.0073783594 0.99958986 -0.027670873 -6.1520415 -0.99760864 -0.0054564072 0.068900768 -41.10896
0.085649004 0.020309631 0.99611831 169.18462 -0.0067822932 0.99978093 -0.019801146 -6.1835637 -0.99630233 -0.0050600173 0.085767986 -41.037885
0.10352187 0.014192508 0.99452587 169.842 -0.0087475707 0.99987251 -0.013358258 -6.2154858 -0.99458875 -0.0073168129 0.10363282 -40.95231
0.12122589 0.011704018 0.9925559 170.50675 -0.0096054691 0.9998975 -0.010617423 -6.2457171 -0.99257851 -0.0082468578 0.12132589 -40.8568
0.1392642 0.010954496 0.99019463 171.13968 -0.0093565923 0.99990873 -0.0097460205 -6.2644701 -0.9902111 -0.0079075749 0.13935399 -40.754439
0.15691124 0.010422676 0.98755767 171.77895 -0.010885074 0.99990183 -0.0088234455 -6.2853962 -0.98755276 -0.0093651397 0.15700928 -40.637363
0.17343427 0.0098173178 0.98479647 172.42746 -0.015682766 0.99985105 -0.0072054746 -6.2987348 -0.98472061 -0.014194656 0.1735624 -40.506886
0.1876233 0.0064593361 0.98221978 173.04748 -0.019352591 0.99980858 -0.0028782787 -6.3175019 -0.98205043 -0.018468465 0.18771239 -40.36721
0.19998755 0.0021745037 0.97979598 173.67946 -0.015539395 0.9998788 0.00095269387 -6.3371358 -0.97967525 -0.015415963 0.1999971 -40.233508
0.21060874 0.00039016893 0.97757032 174.3033 -0.011930042 0.99992648 0.0021711289 -6.352538 -0.97749768 -0.012119713 0.21059791 -40.094593
0.22051415 0.0038449128 0.97537616 174.90552 -0.014960196 0.99988793 -0.00055931919 -6.368589 -0.97526908 -0.01446848 0.22054696 -39.943157
0.22943656 0.010911796 0.97326241 175.5072 -0.019228346 0.99979283 -0.0066763589 -6.3868363 -0.97313371 -0.017182425 0.22959884 -39.786208
0.23868937 0.020964681 0.9708696 176.08184 -0.019371828 0.99967079 -0.016824019 -6.4032295 -0.97090277 -0.014791804 0.23901692 -39.633564
0.24679976 0.027784871 0.96866806 176.67428 -0.01537273 0.99957535 -0.024754698 -6.4169077 -0.9689446 -0.0087816183 0.24712208 -39.482081
0.25329411 0.026365311 0.96702993 177.27745 -0.015577783 0.99961009 -0.023173295 -6.4344156 -0.96726393 -0.0091945224 0.25360606 -39.318367
0.25941688 0.019063985 0.96557722 177.88469 -0.017100418 0.99973908 -0.015144178 -6.4523029 -0.96561407 -0.012583118 0.25967519 -39.140548
0.26376086 0.0078917227 0.96455578 178.4952 -0.020326571 0.99978996 -0.0026216328 -6.4732675 -0.96437395 -0.018914627 0.26386587 -38.963599
0.26575401 -0.0011639454 0.96404013 179.10341 -0.019466001 0.99978891 0.0065732404 -6.4974508 -0.96384436 -0.02051287 0.26567526 -38.789296
0.26660881 -0.0022051822 0.96380226 179.70578 -0.016402666 0.99984217 0.0068249783 -6.5149278 -0.96366528 -0.017628526 0.26653056 -38.624545
0.26786308 0.0011663032 0.96345624 180.31539 -0.014801258 0.99988624 0.0029046884 -6.5158571 -0.96334333 -0.015038422 0.26784986 -38.456828
0.26964557 0.00062237994 0.9629594 180.91431 -0.011260608 0.99993345 0.0025068915 -6.5260524 -0.96289384 -0.01151948 0.26963463 -38.285652
0.27136803 -0.0013320619 0.9624747 181.52711 -0.012551584 0.99990911 0.004922768 -6.5227266 -0.96239385 -0.013416464 0.27132664 -38.108868
0.27385721 -0.0054780834 0.96175472 182.13187 -0.013159569 0.99986883 0.0094423324 -6.5397244 -0.96168037 -0.015242128 0.27374919 -37.928817
0.27727616 -0.011237356 0.96072451 182.76 -0.011033843 0.99982842 0.014879239 -6.5463365 -0.96072695 -0.014726141 0.27710459 -37.745055
0.28129358 -0.01432073 0.95951486 183.37895 -0.0099158308 0.99979188 0.017828812 -6.5525986 -0.95957057 -0.014529517 0.28109304 -37.557646
0.28710786 -0.01545273 0.95777357 183.98759 -0.0095457836 0.99977407 0.018991867 -6.5465899 -0.95785074 -0.014595413 0.28689548 -37.373262
0.29529321 -0.018646472 0.95522466 184.61894 -0.0078794821 0.999728 0.021951022 -6.5488276 -0.95537422 -0.014008663 0.29506597 -37.170446
0.30460383 -0.021068354 0.95224606 185.22581 -0.0050795594 0.99970519 0.023743229 -6.5518706 -0.95246563 -0.012069268 0.30440701 -36.970727
0.31585212 -0.019166341 0.94861479 185.85452 -0.0061989743 0.99973293 0.02226318 -6.5527134 -0.94878822 -0.012912311 0.31564895 -36.748336
0.32733545 -0.015583167 0.94477965 186.46747 -0.0066844334 0.99980079 0.018806623 -6.5520496 -0.94488459 -0.01247139 0.32716608 -36.522629
0.33884402 -0.011797997 0.94076855 187.07517 -0.0082410823 0.99984579 0.015507129 -6.5493475 -0.94080651 -0.013007448 0.33869454 -36.29125
0.35024199 -0.011092782 0.93659352 187.70322 -0.0078376835 0.99986015 0.014773022 -6.5454804 -0.9366265 -0.012514856 0.35010607 -36.050621
0.36175543 -0.014522248 0.93215988 188.32513 -0.0067378516 0.99981183 0.018191052 -6.5471718 -0.93224873 -0.012861466 0.3615895 -35.794586
0.37297013 -0.016287535 0.92770034 188.93695 -0.0064951928 0.99977558 0.020164261 -6.5467425 -0.92782066 -0.013546259 0.37278063 -35.531753
0.38437691 -0.016391833 0.92303067 189.57525 -0.0092929508 0.99972299 0.021623645 -6.5506653 -0.92312952 -0.016889308 0.38411811 -35.253418
0.39358695 -0.018386341 0.91910347 190.18855 -0.010519163 0.99964443 0.024502147 -6.5382603 -0.91922725 -0.019311924 0.3932536 -34.975111
0.40092999 -0.016995286 0.915951 190.8247 -0.015494345 0.99955909 0.0253288 -6.5369919 -0.9159777 -0.024347136 0.40048989 -34.679362
0.40518718 -0.019059193 0.91403502 191.4711 -0.016307958 0.99947293 0.028069955 -6.5279674 -0.91408833 -0.026279631 0.4046628 -34.389851
0.40718466 -0.024211799 0.91302485 192.11768 -0.011011386 0.99944579 0.031414313 -6.5170848 -0.91327951 -0.022845095 0.40669239 -34.098668
0.40757699 -0.022275986 0.91289907 192.77169 -0.009052568 0.99955473 0.028432153 -6.5138678 -0.91312602 -0.019852372 0.40719385 -33.809033
0.40672187 -0.022377604 0.91327789 193.42819 -0.0069055527 0.99959608 0.027567956 -6.5064304 -0.91352598 -0.017519179 0.40640305 -33.513474
0.40554388 -0.021073418 0.91383259 194.09474 -0.004012159 0.99968354 0.024833712 -6.5028867 -0.91406681 -0.013737601 0.40533099 -33.221965
0.40541734 -0.022543154 0.91385366 194.77375 -0.00090774175 0.99968546 0.025063178 -6.4900028 -0.91413129 -0.01099059 0.40526936 -32.929562
0.40431729 -0.028578083 0.91417217 195.45581 0.0027887741 0.9995456 0.030013545 -6.4846638 -0.91461458 -0.0095855748 0.40421327 -32.631066
0.40368834 -0.031520828 0.91435338 196.13672 0.0027442624 0.99944355 0.033242576 -6.4762624 -0.91489249 -0.010910414 0.4035502 -32.323034
0.40212914 -0.034156801 0.91494557 196.8334 0.0041191931 0.99936127 0.03549778 -6.4630773 -0.91557373 -0.010505854 0.40201298 -32.018197
0.40022774 -0.034291833 0.91577386 197.51117 0.003405029 0.99934839 0.035933218 -6.453157 -0.91640943 -0.011263233 0.40008371 -31.716329
0.39880708 -0.03459235 0.91638213 198.19771 0.0020821582 0.99931986 0.036817002 -6.4375014 -0.91703252 -0.012774828 0.39860786 -31.406849
0.39683222 -0.033781043 0.91726929 198.89204 0.0015511049 0.9993458 0.036132698 -6.4286912 -0.91788989 -0.012915838 0.39662501 -31.113133
0.39603501 -0.030566815 0.91772647 199.57817 0.002154231 0.99947396 0.032359952 -6.4240374 -0.91823292 -0.010838679 0.39589253 -30.811816
0.3951203 -0.024266768 0.91830877 200.2662 0.0011890604 0.9996637 0.025904996 -6.4205595 -0.91862865 -0.0091436648 0.39501628 -30.5137
0.39353586 -0.02100923 0.91906913 200.94561 -0.0012325106 0.99972587 0.023380731 -6.4075068 -0.91930848 -0.010333918 0.39340209 -30.218982
0.39287574 -0.024117194 0.91927523 201.64615 -0.0014030205 0.99963916 0.026825159 -6.4014189 -0.91959054 -0.011828716 0.39270013 -29.914858
0.3913922 -0.027365972 0.91981693 202.33361 -0.0025679094 0.99952134 0.030829975 -6.3930857 -0.92022042 -0.014428618 0.39113458 -29.611521
0.3885157 -0.02672516 0.92105442 203.01724 -0.0067508019 0.99946992 0.031848049 -6.3905935 -0.92141741 -0.018591322 0.38812934 -29.319601
0.38429272 -0.026635687 0.92282695 203.71248 -0.0098310488 0.99940898 0.032940027 -6.384815 -0.92315899 -0.021730969 0.38380374 -29.020274
0.37742584 -0.027607617 0.92562816 204.39248 -0.0099823538 0.99937614 0.033877525 -6.3746753 -0.92598605 -0.022026201 0.37691479 -28.743851
0.36878805 -0.027862209 0.92909579 205.08983 -0.009700665 0.99938085 0.03382046 -6.3634405 -0.92946293 -0.021485428 0.36828943 -28.46295
