1.000000000000000000e+00 4.398956837314658088e-19 2.733407509747682871e-20 -8.673617379884035472e-19 -5.583667658079949532e-19 1.000000000000000000e+00 -6.100159232558060012e-19 0.000000000000000000e+00 4.145284534913582806e-20 -2.210423569125054137e-19 1.000000000000000222e+00 0.000000000000000000e+00
9.999407941673825739e-01 -1.109974101480713272e-03 1.082479249759326148e-02 7.516749411816479876e-02 1.105259343455834882e-03 9.999992917273594628e-01 4.415251222902745443e-04 -3.759714828388285857e-03 -1.082527509906440651e-02 -4.295347715251849100e-04 9.999413127308128812e-01 2.953040302348179935e-01
9.998534565273177188e-01 -2.475851813137630846e-03 1.693917505459045098e-02 1.130478060177003835e-01 2.463120410294691951e-03 9.999966681961094395e-01 7.724181837756981944e-04 -1.012367549423646984e-02 -1.694103130193731765e-02 -7.305817524090946679e-04 9.998562235091844608e-01 5.415778931234198623e-01
9.997866426638720716e-01 -6.379471194443869266e-03 1.964615816338072946e-02 8.315499402145429264e-02 6.398171005124569412e-03 9.999791362146606133e-01 -8.891185722373476158e-04 -1.076775757512055121e-02 -1.964007650415181688e-02 1.014628383784674237e-03 9.998066002498138261e-01 9.262657163414147465e-01
9.998215882621084294e-01 -7.189447462403956990e-03 1.746721278195616234e-02 8.395505514417231363e-02 7.218526640271838435e-03 9.999726623666731484e-01 -1.602304532404147819e-03 -1.758997279525549573e-02 -1.745521588850110911e-02 1.728106240359854502e-03 9.998461526993014381e-01 1.186324938353976233e+00
9.998873773882326343e-01 -1.070998262411037433e-02 1.051326988285133240e-02 8.990787430869283392e-02 1.074673114243463075e-02 9.999363172010711232e-01 -3.445184135563386912e-03 -1.415099070823430671e-02 -1.047570268968142128e-02 3.557779464697684909e-03 9.999387990497542456e-01 1.539919136593659310e+00
9.999357896533749290e-01 -1.125663276368676392e-02 -1.305682594879279583e-03 7.254487559033087618e-02 1.125050258950437664e-02 9.999260794723485724e-01 -4.611047977962602455e-03 -2.660811611743915672e-02 1.357490972349692342e-03 4.596062364441267679e-03 9.999885166491443433e-01 1.849953944109082871e+00
9.997940498201722814e-01 -1.111903961114561745e-02 -1.697718742917752807e-02 4.192468386268869557e-02 1.103624315866251482e-02 9.999267830039614280e-01 -4.962856999888974434e-03 -3.706530392604386048e-02 1.703112690574985766e-02 4.774470565917781663e-03 9.998435603508809555e-01 2.176122404487383033e+00
9.993327401356770778e-01 -6.406598505168535802e-03 -3.595872532677540923e-02 1.434394571371511856e-02 6.214927487697376705e-03 9.999658923629076712e-01 -5.439556674503915300e-03 -3.389974817070534607e-02 3.599234853432083797e-02 5.212446225368490282e-03 9.993384718517941412e-01 2.520327021160266412e+00
9.984372405040822240e-01 -3.688122992619288255e-03 -5.576266132476263848e-02 -4.405545465346012018e-02 3.340615598830506353e-03 9.999744243917716435e-01 -6.323831481663433340e-03 -4.748715299233062515e-02 5.578455918964916882e-02 6.127667245167603069e-03 9.984240255425903543e-01 2.870071716653072258e+00
9.971455927418757526e-01 -3.084211916499097431e-03 -7.543973961840728937e-02 -9.366295395315822614e-02 2.609287878681374687e-03 9.999761592600440174e-01 -6.393162321591720244e-03 -5.506903406546287405e-02 7.545766024769913483e-02 6.178069623931209224e-03 9.971298677544994105e-01 3.222035889553604537e+00
9.953191582407696636e-01 -3.504528983734183766e-03 -9.657893779327181294e-02 -1.327192278038456241e-01 2.928288381534594094e-03 9.999770608098691449e-01 -6.107616292649279549e-03 -6.113092063069587578e-02 9.659812833649872310e-02 5.796216492663698767e-03 9.953065888312497833e-01 3.604903064532933410e+00
9.932427350196170179e-01 -4.475776869552113360e-03 -1.159691181543584665e-01 -2.032471869052713820e-01 3.867269854130891450e-03 9.999775525533280973e-01 -5.471618329456699042e-03 -7.370330769826351214e-02 1.159910066906851694e-01 4.986161222243621315e-03 9.932377484550215518e-01 3.994175676179596124e+00
9.911052210015850461e-01 -4.128179930191585266e-03 -1.330165348732565977e-01 -2.894790315630674238e-01 3.521514824288977680e-03 9.999822996575798983e-01 -4.795758463349707353e-03 -7.648575140317225018e-02 1.330339804887560040e-01 4.284681472381006960e-03 9.911022157324714810e-01 4.397183819277870498e+00
9.887762640132969905e-01 -3.313529308611690410e-03 -1.493670635032765259e-01 -3.712407324334836556e-01 2.722667667018757297e-03 9.999876403208186604e-01 -4.160081982187845313e-03 -8.136539395701160304e-02 1.493790045112044773e-01 3.706713345381766958e-03 9.887730649039396802e-01 4.815591123368740512e+00
9.866596642068055090e-01 -2.579717094618568223e-03 -1.627760775030547002e-01 -4.481328241962874159e-01 1.929576180636041619e-03 9.999895185342801973e-01 -4.152054251228699810e-03 -8.490559784199860904e-02 1.627850853118169572e-01 3.782575498722737847e-03 9.866543005557734114e-01 5.209697871139264969e+00
9.845231443523714265e-01 -3.388060578110293607e-03 -1.752218551212260944e-01 -5.358250744511590113e-01 2.535647285921556644e-03 9.999838391038821106e-01 -5.088420194658218113e-03 -9.511756087544538663e-02 1.752362662851324193e-01 4.565366512289091745e-03 9.845158247477764357e-01 5.664763089942705498e+00
9.827680344754662345e-01 -6.507926647136134425e-03 -1.847285480628666210e-01 -6.301382564406561304e-01 5.317829890275064218e-03 9.999617977632583310e-01 -6.937124093292699328e-03 -1.046388927966394461e-01 1.847666405082584451e-01 5.835228704657779639e-03 9.827650988432948820e-01 6.102765211853028227e+00
9.812313881086814904e-01 -5.609675106522069542e-03 -1.927524153838331422e-01 -7.161874927758513643e-01 4.040372704259874784e-03 9.999554249764218694e-01 -8.533665236488331696e-03 -1.188827299147179883e-01 1.927916978613718468e-01 7.594708485191219161e-03 9.812103151436127879e-01 6.543156443892261365e+00
9.796309501770149586e-01 -5.534216109026780447e-03 -2.007300997436175516e-01 -8.284529400926795573e-01 3.482599892837874665e-03 9.999380453884737507e-01 -1.057245843997681699e-02 -1.133791239967039816e-01 2.007761773259000571e-01 9.658044792430750536e-03 9.795895312622735496e-01 7.021926934788023544e+00
9.780404625920808837e-01 -6.523193928896243825e-03 -2.083129867467021501e-01 -9.380978231620177299e-01 3.884943733256823826e-03 9.999070177227559197e-01 -1.307146185461672931e-02 -1.342673829385268580e-01 2.083788886087717396e-01 1.197513429077464928e-02 9.779748646939505630e-01 7.499761706495812419e+00
9.763238453532520067e-01 -9.809859097551977547e-03 -2.160914495550929626e-01 -1.047080467764426537e+00 6.730276563098457066e-03 9.998651038079651165e-01 -1.498257499011374644e-02 -1.393479385566053774e-01 2.162092803231062399e-01 1.317348993961559543e-02 9.762581663496683326e-01 8.015535427980728045e+00
9.744264025714551858e-01 -1.536072474133000874e-02 -2.241812502310683297e-01 -1.167091666091436775e+00 1.205144702060029563e-02 9.997973931105350598e-01 -1.612251015510896696e-02 -1.582361213159679814e-01 2.243834868803182836e-01 1.300849103609871132e-02 9.744140963413289169e-01 8.533923050385132214e+00
9.724749190515993291e-01 -1.606629108385148122e-02 -2.324530164987659853e-01 -1.311491178965763726e+00 1.209609776665105871e-02 9.997557800851829546e-01 -1.849498808679347558e-02 -1.794958372400987379e-01 2.326933967213407894e-01 1.517413756716337082e-02 9.724317610604628070e-01 9.034287654387554767e+00
9.703103890314144220e-01 -1.263302245274018631e-02 -2.415329260430666147e-01 -1.448936506672476199e+00 7.502405009691005995e-03 9.997265127351321334e-01 -2.214979999949134165e-02 -1.818717092078416808e-01 2.417466929527483932e-01 1.968010318930831989e-02 9.701397998829143221e-01 9.563771428620054138e+00
9.682715193986268787e-01 -9.310859129121475120e-03 -2.497269933744823978e-01 -1.606310520939504105e+00 3.094963352347586492e-03 9.996758235573255380e-01 -2.527190120508680804e-02 -1.988236382176313821e-01 2.498813451830495524e-01 2.369716628182194987e-02 9.679864456953547469e-01 1.010814355302928291e+01
9.659226533936108305e-01 -1.243483864831536855e-02 -2.585320114824079529e-01 -1.776101077378138049e+00 5.522089241639027354e-03 9.996079942579224609e-01 -2.744748321304753269e-02 -2.176907265910483780e-01 2.587719749322208163e-01 2.508450897832454479e-02 9.656126728134950543e-01 1.066955977382536247e+01
9.635426626565521957e-01 -1.366001395425703313e-02 -2.672058002434486990e-01 -1.926932087804455351e+00 6.144903869882207235e-03 9.995622384912532521e-01 -2.894082800932363739e-02 -2.510650392924761998e-01 2.674841645512357480e-01 2.624376853074785257e-02 9.632048006090403458e-01 1.122529080536110158e+01
9.615182586361323835e-01 -1.386883397580251573e-02 -2.743907653359757282e-01 -2.088738593401896271e+00 5.317752340477844945e-03 9.994774532286507807e-01 -3.188325556047949538e-02 -2.780757753425474599e-01 2.746895716349077032e-01 2.919719025955954880e-02 9.610895717779314174e-01 1.181471491891573322e+01
9.591106909060881369e-01 -1.359480641700721616e-02 -2.827045491062025739e-01 -2.294763453423597888e+00 3.741356130198909315e-03 9.993674611936421703e-01 -3.536495087841251550e-02 -2.930902087291118452e-01 2.830065120391297984e-01 3.286120412703042587e-02 9.585548795768583652e-01 1.238928344822168448e+01
9.568589524600712437e-01 -1.484888952862846619e-02 -2.901731444371513646e-01 -2.481026249499974412e+00 3.165595901452049506e-03 9.991667562385210255e-01 -4.069118108098747355e-02 -3.350209363107659599e-01 2.905355833226908047e-01 3.801715008232251641e-02 9.561086616906130375e-01 1.298628058889305947e+01
9.550168561743733742e-01 -1.606203513296307686e-02 -2.961162163072287301e-01 -2.683336734536779122e+00 2.020852669564273882e-03 9.988614272308709019e-01 -4.766303945508618134e-02 -3.699479023942265354e-01 2.965446369536691162e-01 4.492059900436671388e-02 9.539619594008444947e-01 1.360456098514612755e+01
9.537030311238715585e-01 -1.637618913128254319e-02 -3.003037577465085262e-01 -2.887489120174700385e+00 -3.741501051533167865e-04 9.984510571314778593e-01 -5.563583834809533030e-02 -3.976930613201589138e-01 3.007497125509994151e-01 5.317242658102631220e-02 9.522196728728181681e-01 1.421763044420737998e+01
9.524398844051147339e-01 -1.631521103763562339e-02 -3.042894649811340169e-01 -3.106754810816326540e+00 -3.479269273736464597e-03 9.979183543195774275e-01 -6.439606183358517755e-02 -4.480588055888246601e-01 3.047066826860094779e-01 6.239208298271309294e-02 9.504004774356874519e-01 1.484065918752517277e+01
9.511657304208365193e-01 -1.553354993956646002e-02 -3.082895717766099830e-01 -3.334966346784759672e+00 -7.364447755093011215e-03 9.973067950283054373e-01 -7.297205958990331254e-02 -4.925178757908475480e-01 3.085928051752958590e-01 7.167890519423503193e-02 9.484896505477031781e-01 1.550190523679070864e+01
9.497165706201552426e-01 -1.422822825223366353e-02 -3.127874532674515540e-01 -3.553260774502419839e+00 -1.144738579679857940e-02 9.967213356328031848e-01 -8.009704385357546697e-02 -5.441725487069889455e-01 3.129015725528580538e-01 7.965008891319537432e-02 9.464398931456360353e-01 1.613906317501667331e+01
9.481016235978572126e-01 -1.308375119100808545e-02 -3.176981659310452177e-01 -3.777842574419618238e+00 -1.519516572518993941e-02 9.961471580120235814e-01 -8.637098184241910614e-02 -6.098291849882374605e-01 3.176041869491448844e-01 8.671594491622032497e-02 9.442499285138007403e-01 1.678802621889847657e+01
9.465758846816584304e-01 -1.210485720796657290e-02 -3.222538824650967304e-01 -4.040606826936676832e+00 -1.871760399015702514e-02 9.955482318430257660e-01 -9.237623804730908661e-02 -6.822255638597802818e-01 3.219374895463966713e-01 9.347294038480249978e-02 9.421353748092599067e-01 1.746191922570736565e+01
9.450398716476056116e-01 -1.010774118283630160e-02 -3.267988254227994771e-01 -4.306668060871528425e+00 -2.326405435416554340e-02 9.949097982543835261e-01 -9.804732069277821704e-02 -7.564376187310711819e-01 3.261263959604940865e-01 1.002612936330133375e-01 9.399942814405768399e-01 1.814241739729255798e+01
9.430341388901944955e-01 -6.650012307366775545e-03 -3.326295054237642379e-01 -4.530738038045049265e+00 -2.854524836491224155e-02 9.944960569773485526e-01 -1.008105224824146079e-01 -8.301306910332203470e-01 3.314691284293116991e-01 1.045627567710640388e-01 9.376539069130706006e-01 1.882943101016422105e+01
9.413881009057036842e-01 -6.791322610033433300e-03 -3.372570518255267880e-01 -4.801507984867570578e+00 -2.956561965939902281e-02 9.942885134936453317e-01 -1.025486521574707072e-01 -9.126190530860220917e-01 3.360272594175869876e-01 1.065092953055991193e-01 9.358105862596139968e-01 1.953054356124529889e+01
9.392253560992677164e-01 -6.283225010471764869e-03 -3.432437167103263853e-01 -5.090322829377333491e+00 -3.048131769123476123e-02 9.943573463832192649e-01 -1.016088429216904093e-01 -1.004999524475576278e+00 3.419453483496363022e-01 1.058961231181991119e-01 9.337341122283032702e-01 2.024250419464389239e+01
9.368787162298156668e-01 -6.456012817050832929e-03 -3.495948918510442538e-01 -5.354702045266444443e+00 -3.052069963769318134e-02 9.945033258478533922e-01 -1.001579840450769893e-01 -1.093011550713289148e+00 3.483199098014798101e-01 1.045057648507398407e-01 9.315319576470775242e-01 2.097306536767503715e+01
9.344119154203084365e-01 -5.901222671534474100e-03 -3.561453990120675983e-01 -5.640717619435020147e+00 -3.114999903041574050e-02 9.946781564084699045e-01 -9.820917841870935305e-02 -1.172664778071166314e+00 3.548296091746935277e-01 1.028617559800939218e-01 9.292552987539361986e-01 2.169118893073068577e+01
9.314950728488133880e-01 -5.240482088954574909e-03 -3.637161858481329224e-01 -5.948140400151034513e+00 -3.149462755080949944e-02 9.949794049065243673e-01 -9.499511700341786713e-02 -1.257977903594765579e+00 3.623879405347721905e-01 9.994258983498717497e-02 9.266533667142148323e-01 2.238783400059193696e+01
9.279570109926750243e-01 -2.227736148798465862e-03 -3.726805871712009499e-01 -6.262358234652680267e+00 -3.361135591513467885e-02 9.954068507872885219e-01 -8.964082875299311803e-02 -1.328530558043958587e+00 3.711685120718788422e-01 9.570913591594143455e-02 9.236198892484114298e-01 2.318285386031998030e+01
9.245465780592082572e-01 -4.589064570383790667e-04 -3.810687751515552946e-01 -6.598442837407712425e+00 -3.425898201910426016e-02 9.958497710569982342e-01 -8.431818111054018017e-02 -1.417874915355227028e+00 3.795259531303464273e-01 9.101111462342241498e-02 9.206937769393356286e-01 2.391924629262647173e+01
9.209122491507872876e-01 3.741043653870665831e-03 -3.897520119459900734e-01 -6.899681464096092398e+00 -3.799666097069552551e-02 9.960528348009679567e-01 -8.021847719664504384e-02 -1.489999007359364969e+00 3.879135021713292497e-01 8.868345378097200471e-02 9.174194040652338122e-01 2.466430975068831088e+01
9.171053915334079765e-01 4.631060762927428041e-03 -3.986179258692104099e-01 -7.249971661096718201e+00 -3.900298403690382470e-02 9.961774848541306016e-01 -7.816128168530385445e-02 -1.560903126957309262e+00 3.967322399476050920e-01 8.722942188230231597e-02 9.137803680139743312e-01 2.539599046864125498e+01
9.130770633869776942e-01 5.313780296108155075e-03 -4.077524207717009852e-01 -7.601433335909366207e+00 -4.038853849497388987e-02 9.961770728040847400e-01 -7.745970327154734492e-02 -1.644897681241200171e+00 4.057820160469999271e-01 8.719520316806758653e-02 9.098010526233286654e-01 2.616240917049723791e+01
9.091646974398438497e-01 5.100222139432506949e-03 -4.164054960263712246e-01 -7.956291171639132465e+00 -4.055382754223812308e-02 9.962566828718235623e-01 -7.634139741855160144e-02 -1.715819439359653531e+00 4.144574072054998393e-01 8.629374057521546626e-02 9.059682397509294383e-01 2.692761316380692449e+01
9.052968633902184203e-01 4.837451975463594005e-03 -4.247519093806551571e-01 -8.349139325787653831e+00 -4.041209048065191184e-02 9.963804963786901947e-01 -7.478482088926483029e-02 -1.785219490088337579e+00 4.228527575636685243e-01 8.486757676923813165e-02 9.022156302400904382e-01 2.772653695766871706e+01
9.014980520119277863e-01 6.024520367231834574e-03 -4.327412200991900271e-01 -8.725458895219851740e+00 -4.144149961556103240e-02 9.965100680759099161e-01 -7.245886001371328045e-02 -1.857138515650822219e+00 4.307944601981008037e-01 8.325496663240354589e-02 8.986015509291341852e-01 2.849685448459850434e+01
8.977095350566438592e-01 6.584696675720209946e-03 -4.405385664293772763e-01 -9.119905494998079121e+00 -4.077067501003013572e-02 9.968395610372817739e-01 -6.818094803108673552e-02 -1.927497264251854192e+00 4.386973278342696791e-01 7.916774220577171839e-02 8.951408419949019590e-01 2.927466470767923212e+01
8.938859157668298527e-01 8.700587848280367034e-03 -4.482100682822112159e-01 -9.534161634999497537e+00 -4.103360640884718552e-02 9.972024797748298974e-01 -6.247765637607409495e-02 -1.988284505771308108e+00 4.464126068682955917e-01 7.423957288933218102e-02 8.917422689495407839e-01 3.007739480025362155e+01
8.902498350448140307e-01 7.603147533596308835e-03 -4.554090679571390909e-01 -9.973415831832182832e+00 -3.832279162112094129e-02 9.975655936497204168e-01 -5.826019288921432254e-02 -2.058925818114083484e+00 4.538574641772736284e-01 6.931867414630578372e-02 8.883739796566554325e-01 3.089068959411727633e+01
8.864637943610501614e-01 6.628083547537485729e-03 -4.627504786610975862e-01 -1.040431202855885040e+01 -3.678352039629743248e-02 9.977432307403243383e-01 -5.617310925803650073e-02 -2.123747459290538320e+00 4.613338454656976673e-01 6.681701943865676896e-02 8.847070550023821145e-01 3.169609097072645554e+01
8.832020328437877321e-01 7.171783633570757641e-03 -4.689378746694227162e-01 -1.084736458097078327e+01 -3.748288886348342952e-02 9.977639719695865494e-01 -5.533614866369064578e-02 -2.181132152863417772e+00 4.674924655797754180e-01 6.645014541501097216e-02 8.814959881554185195e-01 3.251619124215346091e+01
8.802303120234625800e-01 7.029023428559764627e-03 -4.744946639622805162e-01 -1.129553678899644176e+01 -3.673556458138427239e-02 9.978991202516634962e-01 -5.336519617154059786e-02 -2.230990621349109304e+00 4.731227106454155007e-01 6.440449281056298547e-02 8.786392697841397537e-01 3.333940607626483654e+01
8.772776620648234935e-01 5.829879328111350206e-03 -4.799478217058425478e-01 -1.176757059435843544e+01 -3.512234473130832618e-02 9.980253147762373489e-01 -5.207582961254370729e-02 -2.292976382601557006e+00 4.786964882575441838e-01 6.254185504024065145e-02 8.757500745209600979e-01 3.417327361580770884e+01
8.746082610844302385e-01 5.089389073696985732e-03 -4.848035510273800974e-01 -1.224832603079595650e+01 -3.443465771074300658e-02 9.980717096619161621e-01 -5.164413599766481955e-02 -2.355055430743906886e+00 4.836058802342700913e-01 6.186243244739233343e-02 8.730970144637051344e-01 3.500324382040496118e+01
8.727380301317371192e-01 4.811478265970377775e-03 -4.881651111116901420e-01 -1.273159050916523682e+01 -3.461422493911087833e-02 9.980446187950648973e-01 -5.204607947102286858e-02 -2.414285968318833131e+00 4.869601520176017884e-01 6.232004996924719875e-02 8.711980408544209853e-01 3.584067734006664097e+01
8.710536183501119689e-01 4.502088370832279390e-03 -4.911673038533594382e-01 -1.323724653246325822e+01 -3.478166176933052134e-02 9.980131732446221315e-01 -5.253515106154763720e-02 -2.472860731737665407e+00 4.899549300406583763e-01 6.284454859213745026e-02 8.694795765075271632e-01 3.671856281077253925e+01
8.704924458731393422e-01 4.286589405492563509e-03 -4.921631051051354455e-01 -1.373235016975029232e+01 -3.413936532590557821e-02 9.980795016015361343e-01 -5.168957611814097713e-02 -2.533242508219374134e+00 4.909963431003537826e-01 6.179752171059348792e-02 8.689670086450627107e-01 3.759320355654575962e+01
8.701327956000677322e-01 4.769667711535843270e-03 -4.927942405068738152e-01 -1.422323849584672750e+01 -3.391294317941749570e-02 9.981622703913245465e-01 -5.021946150537578979e-02 -2.589626198507386512e+00 4.916490962484669214e-01 6.040970362124635507e-02 8.686954809477835937e-01 3.848811380776630386e+01
8.698364974284253925e-01 2.965405495980469319e-03 -4.933311963483779095e-01 -1.474329866826714230e+01 -3.151647176763864439e-02 9.982733266871731681e-01 -4.956891453882735638e-02 -2.653410610808004666e+00 4.923323910717631313e-01 5.866490982082003813e-02 8.684280337610790212e-01 3.937955044224464274e+01
8.694825702982460491e-01 2.264764440613124385e-03 -4.939584253338089592e-01 -1.526463319103625693e+01 -3.109339616120465957e-02 9.982573338214890679e-01 -5.015472302458189729e-02 -2.710289631619331452e+00 4.929840405362848621e-01 5.896750259201696126e-02 8.680377723296432979e-01 4.026841690096451742e+01
8.681177270878183139e-01 2.939461704183827552e-04 -4.963582583578919349e-01 -1.579077023774602750e+01 -2.920101010223119867e-02 9.982980561603629344e-01 -5.048061138273961940e-02 -2.780855290137511648e+00 4.954986544168850093e-01 5.831727622339150791e-02 8.666488236801949130e-01 4.118366185336231666e+01
8.668074593455311616e-01 -4.590909476645579484e-05 -4.986429798995791196e-01 -1.632405821919218880e+01 -2.813517798970948183e-02 9.984024188024483992e-01 -4.900022385134824437e-02 -2.837589959051728616e+00 4.978486153705136141e-01 5.650316860944423758e-02 8.654213730746134203e-01 4.209076050326555674e+01
8.648705270955967528e-01 -2.738043106599104444e-04 -5.019949117470872135e-01 -1.688535617401526068e+01 -2.600368323852350269e-02 9.986328590330362243e-01 -4.534557710921670315e-02 -2.903905109837138898e+00 5.013210383809068027e-01 5.227176987928997681e-02 8.636810079405251583e-01 4.303224767312228494e+01
8.617875922622660889e-01 -5.917127276383998260e-04 -5.072689529532925512e-01 -1.742077120989437233e+01 -2.335849188356901515e-02 9.988922818059161601e-01 -4.084838121265787353e-02 -2.968458431207531945e+00 5.067312211392143162e-01 4.705166579194889481e-02 8.608191536526638155e-01 4.393592516749279042e+01
8.580724730146447321e-01 -1.749168936395686415e-03 -5.135256237815660763e-01 -1.796524425596081542e+01 -2.127879755456531935e-02 9.990142376555122272e-01 -3.895851350639266408e-02 -3.028729897836054175e+00 5.130875634205129820e-01 4.435643576602502081e-02 8.571893979822857723e-01 4.484164397984636707e+01
8.528317960301027290e-01 -4.530729689108379567e-03 -5.221660605867074478e-01 -1.851509655710186664e+01 -1.950198893668500175e-02 9.989883976087120532e-01 -4.051979645025690496e-02 -3.092964163524755783e+00 5.218214293871197285e-01 4.473984746516337929e-02 8.518807118296616299e-01 4.574350334091359827e+01
8.469052714819724770e-01 -7.551158179148208943e-03 -5.316901688291369998e-01 -1.910605555761304686e+01 -1.849085523903260322e-02 9.988762112171150065e-01 -4.363946570284168297e-02 -3.161732607930805461e+00 5.314221990453372735e-01 4.678989945197773587e-02 8.458139022018832387e-01 4.662791461535894655e+01
8.408643457982969416e-01 -7.834202250215579338e-03 -5.411892197196519483e-01 -1.969030660659330678e+01 -1.865453410045160923e-02 9.988816923982020146e-01 -4.344390612537150226e-02 -3.216286796109002477e+00 5.409243613685459362e-01 4.662606440737505908e-02 8.397778581656089036e-01 4.752096653778595936e+01
8.350941856747813308e-01 -4.567771132751502483e-03 -5.500880208120138004e-01 -2.028739946169484654e+01 -2.002558808566733822e-02 9.990503130607463200e-01 -3.869687107232771400e-02 -3.262480560478881131e+00 5.497423773297416272e-01 4.333136806210444170e-02 8.342096360940364219e-01 4.839582941392834670e+01
8.295511454415812613e-01 -7.215530867777189029e-04 -5.584302735423919417e-01 -2.087455297603520776e+01 -2.168604261341308334e-02 9.992032206640306669e-01 -3.350581161624269222e-02 -3.329252545604981961e+00 5.580095136838578718e-01 3.990492698275598799e-02 8.288745293759562927e-01 4.927857282591291721e+01
8.260069481011166337e-01 -4.537244654906601453e-04 -5.636597463616199732e-01 -2.151099166536025464e+01 -2.320685018318112414e-02 9.991243862519720853e-01 -3.481239643851354731e-02 -3.374718372342219830e+00 5.631820030842439317e-01 4.183604850840373646e-02 8.252731563288407957e-01 5.016555885241010770e+01
8.222578940316696006e-01 -2.338067615428825619e-03 -5.691102554694039695e-01 -2.213161647129792797e+01 -2.421835987985014246e-02 9.989419686620161221e-01 -3.909494002321790146e-02 -3.431587864681696409e+00 5.685995353971018407e-01 4.592903994541774199e-02 8.213312960388388095e-01 5.104753706253319478e+01
8.193688285682423356e-01 -4.452454781190788927e-03 -5.732494152405588350e-01 -2.273815488555907294e+01 -2.656312103363779945e-02 9.986008824884011759e-01 -4.572393400895816834e-02 -3.507113961492514864e+00 5.726509655567404433e-01 5.269205982250622922e-02 8.181041649907198066e-01 5.189834003260236273e+01
8.162227416352727527e-01 -5.364081314543468239e-03 -5.777124338589244568e-01 -2.336560460645716475e+01 -2.712878857299038521e-02 9.984980026015247700e-01 -4.760008065563420959e-02 -3.555328140587495245e+00 5.771000519275882867e-01 5.452490679920608818e-02 8.148512569729920996e-01 5.276638954767903300e+01
8.128772437721801802e-01 -4.080319213912292180e-03 -5.824207508491225926e-01 -2.398327552432260390e+01 -2.648128880568787619e-02 9.986824306800005102e-01 -4.395616045590537008e-02 -3.617459462864109465e+00 5.818327363259896412e-01 5.115421462221479698e-02 8.116981703508066026e-01 5.363161909263214255e+01
8.097342167814519653e-01 -2.218559687024833447e-03 -5.867926120360097419e-01 -2.463451597313106234e+01 -2.505969244124037903e-02 9.989498041056332767e-01 -3.835753823413883684e-02 -3.681580958764822498e+00 5.862614734374749226e-01 4.576425346383659887e-02 8.088282416228451677e-01 5.449983844840900815e+01
8.066709501309078378e-01 -4.826765288783941752e-04 -5.910006248064854084e-01 -2.528811064938703979e+01 -2.533187958796687816e-02 9.990524011840974383e-01 -3.539202754946416812e-02 -3.740214781394197274e+00 5.904576863954739130e-01 4.352087702873358444e-02 8.058943234112853071e-01 5.536044959718498149e+01
8.036865166094094848e-01 -5.792922167498067924e-05 -5.950529160183420929e-01 -2.591663441223086650e+01 -2.646487791285555280e-02 9.990070207567033345e-01 -3.584107654002045840e-02 -3.790540494159136298e+00 5.944641273182666996e-01 4.455299261022376001e-02 8.028869403172762542e-01 5.619527470489758514e+01
7.999709640153154222e-01 -1.176251501887581310e-03 -6.000375540398833474e-01 -2.656767519441550007e+01 -2.638128507198496397e-02 9.989621632163823151e-01 -3.712983047265441122e-02 -3.840709965210387544e+00 5.994584973476694278e-01 4.553254792964647052e-02 7.991096945303710619e-01 5.706082934201092627e+01
7.962450128312482667e-01 -3.128150816815167268e-03 -6.049661868274394116e-01 -2.723040628048632783e+01 -2.615675195988125326e-02 9.988735151994454498e-01 -3.959198162871187948e-02 -3.906404096615270660e+00 6.044085617208326822e-01 4.734886831249680156e-02 7.952662335017786077e-01 5.791462476577549268e+01
7.920658209783010273e-01 -3.959290269732151403e-03 -6.104228469945358615e-01 -2.787543110449664141e+01 -2.578607488899957445e-02 9.988693771654169051e-01 -3.993802387745828270e-02 -3.955473554609159503e+00 6.098908257272633859e-01 4.737395281305845085e-02 7.910681995668598088e-01 5.874504437910250232e+01
7.872879130080507881e-01 -4.415498662754231175e-03 -6.165697350216058359e-01 -2.856908084701181139e+01 -2.503106499859162476e-02 9.989211325440219280e-01 -3.911542903892667455e-02 -4.013763142616198820e+00 6.160772627460082695e-01 4.622850148828540340e-02 7.863280099227121234e-01 5.961975181161977844e+01
7.826569579781407215e-01 -4.730789806975118673e-03 -6.224352965328263654e-01 -2.924941043492757586e+01 -2.466629765939046259e-02 9.989499411991120681e-01 -3.860814401601798257e-02 -4.075736533422155361e+00 6.219643606097368105e-01 4.557010671628363568e-02 7.817184319466906617e-01 6.043831787214538309e+01
7.771355744789537612e-01 -5.425147837601591340e-03 -6.293098275992753399e-01 -2.995283934526904090e+01 -2.468376774790246100e-02 9.989306296698925447e-01 -3.909358979658557331e-02 -4.129556205129933488e+00 6.288489616880522659e-01 4.591475685834943421e-02 7.761706165383810418e-01 6.128980407987582879e+01
7.716606012057032338e-01 -6.753783020125223718e-03 -6.359986598076792230e-01 -3.064809389774849180e+01 -2.426797149686615168e-02 9.989028500759413731e-01 -4.005198764445502824e-02 -4.191484842969043001e+00 6.355713873191686236e-01 4.634093808007157256e-02 7.706500741056014903e-01 6.211834420088229081e+01
7.665255401988598782e-01 -8.096890095848205057e-03 -6.421627743586798553e-01 -3.134073562036605765e+01 -2.359974185600523591e-02 9.988900211575468813e-01 -4.076490965277547451e-02 -4.250061079696818567e+00 6.417800673251742305e-01 4.640221996006661104e-02 7.654836294432851851e-01 6.291635386096726990e+01
7.608612791171907030e-01 -9.287352944356971549e-03 -6.488480955074356071e-01 -3.206142194144032231e+01 -2.336160104886818994e-02 9.988573597689294203e-01 -4.169185140584290294e-02 -4.311523990711288334e+00 6.484939136905842894e-01 4.687984560050121458e-02 7.597749218767264612e-01 6.376956075369794519e+01
7.546185051075753325e-01 -1.121629425899081482e-02 -6.560679068186349161e-01 -3.278545511514916910e+01 -2.231233728339459058e-02 9.988370360809843973e-01 -4.274032050329726329e-02 -4.374442238257383764e+00 6.557843228343922526e-01 4.689104504166101417e-02 7.534906501846190263e-01 6.457414600315627240e+01
7.483931353015924604e-01 -1.158092746248599349e-02 -6.631542722883582153e-01 -3.352361868617885676e+01 -2.234155672054861236e-02 9.988399712179800716e-01 -4.265638029061745440e-02 -4.439056671310851243e+00 6.628790061228463371e-01 4.673964082596829273e-02 7.472662426982605854e-01 6.541376234500515352e+01
7.422320356468447011e-01 -1.231593732641048621e-02 -6.700297862703761265e-01 -3.428843124939709242e+01 -2.089464092775709936e-02 9.989196845467117614e-01 -4.150756367069013963e-02 -4.497774775566180772e+00 6.698171588442697333e-01 4.480827510090572979e-02 7.411728547523724897e-01 6.623713054409404322e+01
7.360247936483057529e-01 -1.259652851696024985e-02 -6.768373674574083010e-01 -3.502313191893122024e+01 -2.036105494385546597e-02 9.989625818391002499e-01 -4.073312610660788369e-02 -4.558521402116450183e+00 6.766483117377767309e-01 4.376171337687967400e-02 7.350047504927217368e-01 6.703865652181499968e+01
7.291834231623449680e-01 -1.398822882647633367e-02 -6.841753109029796720e-01 -3.580322489916559903e+01 -1.936101002024873119e-02 9.989691246427765403e-01 -4.105897386113462749e-02 -4.615786093955075664e+00 6.840443655581548432e-01 4.318584796391539138e-02 7.281609006538626305e-01 6.785070886238631260e+01
7.229336965910934110e-01 -1.573985598867887539e-02 -6.907380967637650748e-01 -3.658010026552584293e+01 -1.881881427845662896e-02 9.989209865617714179e-01 -4.245838982759590069e-02 -4.688343570788789272e+00 6.906610819320311290e-01 4.369347247017356384e-02 7.218574369517827272e-01 6.864676042988908478e+01
7.170415391131780281e-01 -1.482075976375156652e-02 -6.968728486399504707e-01 -3.737720258755255998e+01 -2.067024426295342027e-02 9.988821010320592109e-01 -4.251222500794885062e-02 -4.750619854841629852e+00 6.967238906947638144e-01 4.488756306052427147e-02 7.159336113614668262e-01 6.945248236064382752e+01
7.116822952762554833e-01 -1.515720828969327125e-02 -7.023379246488400396e-01 -3.819074278430398550e+01 -2.006119545456799477e-02 9.989209780908054892e-01 -4.188589262811874547e-02 -4.809649903615470734e+00 7.022149719547597924e-01 4.389918638153724600e-02 7.106103037463972205e-01 7.026286944037057935e+01
7.070312629774566648e-01 -1.444034313324591735e-02 -7.070348367089509534e-01 -3.898238332614957358e+01 -2.154441248467613493e-02 9.988875925246658571e-01 -4.194539102781683765e-02 -4.866107822232735636e+00 7.068540439051187452e-01 4.488935275709407535e-02 7.059336483899634196e-01 7.104853278476988976e+01
7.021363886006734001e-01 -1.502080747105880021e-02 -7.118840198265460328e-01 -3.982101365487028488e+01 -2.165042680191539906e-02 9.988648286143844146e-01 -4.243009797230912900e-02 -4.931515872001500433e+00 7.117132560683440134e-01 4.520430841979949932e-02 7.010141375612297665e-01 7.183186684624982377e+01
6.968143284288268458e-01 -1.766356414640217476e-02 -7.170340163559987268e-01 -4.065436396176603751e+01 -2.072403054988238708e-02 9.987835103491882194e-01 -4.474387160738995534e-02 -5.007498630850064636e+00 7.169521005104508848e-01 4.603800550974909006e-02 6.956006017640825601e-01 7.264503743258397606e+01
6.914496125459819176e-01 -1.965647852306817711e-02 -7.221572172664187939e-01 -4.147935995730350101e+01 -2.073560509807264446e-02 9.986779031971346754e-01 -4.703701074392521719e-02 -5.066622440934737348e+00 7.221270499662916231e-01 4.749808954483639850e-02 6.901278612517720568e-01 7.341495532624658438e+01
6.865694360291901832e-01 -1.990717088669792870e-02 -7.267916511834424664e-01 -4.234391740010231331e+01 -2.212118232802938456e-02 9.985903590065718927e-01 -4.824881580546921955e-02 -5.130712131666787634e+00 7.267276458339574363e-01 4.920365271373243476e-02 6.851612504608386445e-01 7.422830699138656030e+01
6.817501848339144743e-01 -1.969212211242285515e-02 -7.313199681833054688e-01 -4.320165995777583134e+01 -2.132009172533478117e-02 9.986783136919142878e-01 -4.676622161900406693e-02 -5.214758377362781694e+00 7.312743313562408698e-01 4.747468884201243994e-02 6.804292881164208939e-01 7.499487983613408915e+01
6.768897877884643144e-01 -2.003762524819986679e-02 -7.358115918540497624e-01 -4.406420871792045091e+01 -2.039179913664355970e-02 9.987352901757774459e-01 -4.595644370602251783e-02 -5.278613858228310640e+00 7.358018743964230834e-01 4.611196940226007512e-02 6.756251164182969227e-01 7.577211265688633546e+01
6.718738473347756202e-01 -2.057808056958939508e-02 -7.403796767177261984e-01 -4.492782190886860150e+01 -2.007205223232937791e-02 9.987409691587368910e-01 -4.597378899928869500e-02 -5.353789006170608822e+00 7.403935809791355460e-01 4.574952581874653507e-02 6.706148941615781567e-01 7.653464488982143621e+01
6.670379442428447936e-01 -2.133400528769349713e-02 -7.447182224690259700e-01 -4.580674414195588895e+01 -1.974298946179421296e-02 9.987327179105297548e-01 -4.629441189957406166e-02 -5.415124871234656467e+00 7.447621124825938299e-01 4.558309314150733177e-02 6.657714229977024223e-01 7.732664974459949292e+01
6.623353184033818897e-01 -2.242882753578912675e-02 -7.488717268690531226e-01 -4.669508831690003348e+01 -1.827263521172403996e-02 9.987708714385459263e-01 -4.607447445327914753e-02 -5.483774286152955924e+00 7.489846766069334638e-01 4.420061135725517759e-02 6.611113904047004608e-01 7.809621140628686931e+01
6.585730290492003425e-01 -2.310762341376594239e-02 -7.521619457788346619e-01 -4.758079171830517851e+01 -1.730356776467343802e-02 9.987991367804175402e-01 -4.583525864613922224e-02 -5.548443340164611826e+00 7.523178590425367851e-01 4.320095007575647933e-02 6.573823296405826300e-01 7.886632132102926107e+01
6.547150353945669909e-01 -2.572131012727596824e-02 -7.554380358966438225e-01 -4.849392470918927955e+01 -1.448112002286849540e-02 9.988106150943616424e-01 -4.655805362109259604e-02 -5.619489795131843657e+00 7.557370764805779739e-01 4.142184632794074922e-02 6.535638548866853359e-01 7.964157264861559327e+01
6.504128082520024279e-01 -2.955048555341253588e-02 -7.590058873426832609e-01 -4.939999141014239115e+01 -1.246640968390932275e-02 9.986930923419948813e-01 -4.956506785007869231e-02 -5.699795049281145332e+00 7.594786216670579293e-01 4.169983305375845467e-02 6.491943913693618562e-01 8.042275288596046323e+01
6.455853239159814461e-01 -3.407080554399086192e-02 -7.629277547774255819e-01 -5.031713535119423852e+01 -7.966848007411922103e-03 9.986494978685769297e-01 -5.133916382298028130e-02 -5.773914638671629795e+00 7.636465990704237594e-01 3.922193988429619610e-02 6.444420236931087675e-01 8.118954542925520457e+01
6.388675784300448246e-01 -3.816009838069035764e-02 -7.683697112963820963e-01 -5.125334183279964861e+01 -2.144481618320387244e-03 9.986768188469090646e-01 -5.138105377564550214e-02 -5.849109852191892500e+00 7.693137383305979071e-01 3.447344379456647456e-02 6.379404083320602270e-01 8.194771723730450219e+01
6.306659538019957489e-01 -4.153705282050196984e-02 -7.749420087343042995e-01 -5.217370640202027943e+01 2.261548489371961301e-03 9.986607252481005670e-01 -5.168792148436227030e-02 -5.930497775845785746e+00 7.760511258011268954e-01 3.084524300719501330e-02 6.299152579525857387e-01 8.270540166292421702e+01
6.217667834862743437e-01 -4.300736297027533961e-02 -7.820207301849442239e-01 -5.311179896663945499e+01 5.286867765176921606e-03 9.986989113347748415e-01 -5.072014890617361493e-02 -6.007458699125308499e+00 7.831846052664112046e-01 2.740166325034823491e-02 6.211851851036033212e-01 8.345230601590817798e+01
6.128048392719012138e-01 -4.209310326292168419e-02 -7.891124052934035404e-01 -5.407348116887104794e+01 6.626000251861849030e-03 9.988189213962925805e-01 -4.813375487008929310e-02 -6.078566339690927300e+00 7.902065142900577266e-01 2.426793848262450912e-02 6.123599786021056701e-01 8.419193247898125776e+01
6.042332788367286156e-01 -4.172994752678698543e-02 -7.957139841757527865e-01 -5.506357949432932486e+01 6.098769239314806231e-03 9.988406304579986461e-01 -4.775143911688895654e-02 -6.164852261454423221e+00 7.967841364414010030e-01 2.400013221101634370e-02 6.037872516079336727e-01 8.492627657153371956e+01
5.944664022836719797e-01 -4.231860547948271961e-02 -8.030061147810129141e-01 -5.604995846497208589e+01 3.953708250004531188e-03 9.987559809248767184e-01 -4.970773318250102518e-02 -6.230662629283114207e+00 8.041107357053323135e-01 2.637472498058480649e-02 5.938941912797502942e-01 8.565393343341089860e+01
5.845619788388212168e-01 -4.439320057220001725e-02 -8.101336461562018698e-01 -5.704273663267607475e+01 4.735576380967064340e-03 9.986716712172423183e-01 -5.130757645979344694e-02 -6.319409504045636616e+00 8.113352438728836935e-01 2.615600822911215428e-02 5.839957168594870351e-01 8.635881345280051846e+01
5.746518632511378177e-01 -4.563333184663045244e-02 -8.171247290896821447e-01 -5.803630902666082392e+01 4.651004070730645548e-03 9.986102118622353085e-01 -5.249774188034724010e-02 -6.382729331866659805e+00 8.183847598564855108e-01 2.636747430857337357e-02 5.740654608604960352e-01 8.705587828023723773e+01
5.646419312630134302e-01 -4.741810061948589089e-02 -8.239726942121895492e-01 -5.905423570101848441e+01 8.575373229950987788e-03 9.986313782905529290e-01 -5.159295725178313780e-02 -6.461845514875451002e+00 8.252914416031990053e-01 2.206567315626284040e-02 5.642757791187649197e-01 8.774412504342082286e+01
5.544530891851133791e-01 -4.733408378026666974e-02 -8.308677655486044200e-01 -6.009293741392043131e+01 9.895270897620074904e-03 9.986855715270951395e-01 -5.029127962773658617e-02 -6.547242195253283548e+00 8.321561553350410589e-01 1.966249321924003202e-02 5.541926849998208837e-01 8.843700140455426606e+01
5.437884572037008368e-01 -4.767539310014146797e-02 -8.378670287883435153e-01 -6.113629820231330569e+01 1.021997224743924695e-02 9.986872311599599428e-01 -5.019329092566868905e-02 -6.632599497670114808e+00 8.391601024502923778e-01 1.873155393027947299e-02 5.435618310261459696e-01 8.913161565296448430e+01
5.334931980100617865e-01 -4.824336362788366611e-02 -8.444273637109664943e-01 -6.218013301969997997e+01 8.712520048548432275e-03 9.986324653004415852e-01 -5.154892057707648190e-02 -6.708487184680225646e+00 8.457594879361725049e-01 2.014390764221083915e-02 5.331839500018373812e-01 8.976449887451279608e+01
5.234561346770761903e-01 -4.931450014238517726e-02 -8.506243248403702051e-01 -6.327825283360090936e+01 8.443032807948476839e-03 9.985748976753414663e-01 -5.269619435585050360e-02 -6.779320184757525070e+00 8.520107993559657977e-01 2.040229661168855430e-02 5.231265212531087672e-01 9.040721160953643221e+01
5.136140831914831617e-01 -4.974766767100560066e-02 -8.565779181164201450e-01 -6.434935806352213206e+01 6.707169225185625160e-03 9.985200542200076690e-01 -5.396957636939185565e-02 -6.870940149714167333e+00 8.579951046270231085e-01 2.197432092993847896e-02 5.131876294180377496e-01 9.105428665115826448e+01
