7.775565128672574655e-01 -6.284474243469329036e-01 2.144071196153249023e-02 -6.595617407812733290e+01 6.274770266274750652e-01 7.776747918470100496e-01 3.865875296040538478e-02 2.570576166582561228e+01 -4.096889493816764649e-02 -1.660581095329105236e-02 9.990224205142390623e-01 -8.861940220557371628e-01 -4.809208017785018303e-24 -1.416202385148814181e-23 -3.430527606006730092e-24 9.999999999999997780e-01
7.496274898847528068e-01 -6.612820883134047367e-01 2.765187308208072806e-02 -6.555349593775329708e+01 6.605445369078183360e-01 7.501171476057587606e-01 3.170456795222455909e-02 2.609388409852959967e+01 -4.170780706680819738e-02 -5.501321992269895579e-03 9.991147052696277564e-01 -8.953829517100011515e-01 -4.809208017785018303e-24 -1.416202385148814181e-23 -3.430527606006730092e-24 9.999999999999997780e-01
7.212405846714765589e-01 -6.925890359030115739e-01 1.150853464538296317e-02 -6.520922859080759793e+01 6.922402539982216441e-01 7.212734232149287106e-01 2.383442275989284057e-02 2.648740899607436106e+01 -2.480826006044194176e-02 -9.223682060584961068e-03 9.996496755974155768e-01 -9.018416523613472791e-01 -1.250859899998398660e-18 1.075810699829261518e-18 -9.149213222527858448e-20 9.999999999999998890e-01
6.908095099074409440e-01 -7.228982444751228531e-01 -1.415447477751968601e-02 -6.486793354916572696e+01 7.230330548896023446e-01 6.907365920729061637e-01 1.030349011342314262e-02 2.689520766121444240e+01 2.328638755445579852e-03 -1.735190209433772751e-02 9.998467327221978174e-01 -9.062197541802803347e-01 -3.837587185988249277e-18 3.165245804621725866e-18 -1.468891759418547743e-19 1.000000000000000000e+00
6.562604332398453977e-01 -7.539936733697029103e-01 -2.856193764982387084e-02 -6.452696794545774139e+01 7.540454268963265871e-01 6.567276937473605081e-01 -1.114587107445973169e-02 2.731101941307131042e+01 2.716133171606178315e-02 -1.422240428798710390e-02 9.995298821324332117e-01 -9.287539885452862354e-01 -9.416484192684321304e-18 7.593873403234266829e-18 -8.932767365067216408e-20 1.000000000000000222e+00
6.192912323044280631e-01 -7.846609422509746024e-01 -2.802811618134747398e-02 -6.419262153780164226e+01 7.839534838441498676e-01 6.199237428203138167e-01 -3.333899003074432960e-02 2.777637491525635483e+01 4.353509801856322164e-02 -1.326195106030975731e-03 9.990510179400501345e-01 -9.397153694482521802e-01 -1.471742585576151163e-17 1.041121341359771449e-17 5.804503803316602906e-20 1.000000000000000222e+00
5.861195428032354160e-01 -8.099156168971568537e-01 -2.237353459385852533e-02 -6.387358348954786180e+01 8.089425638437700572e-01 5.865217730301928167e-01 -4.005169363935476290e-02 2.824649711153248077e+01 4.556105734063611162e-02 5.376175927791129912e-03 9.989470890824952987e-01 -9.686283522511605071e-01 -2.049020067348384312e-17 1.153790691433789832e-17 2.504107523217695349e-19 1.000000000000000000e+00
5.572623881664050538e-01 -8.301822103871172587e-01 -1.600400861761979224e-02 -6.356704025040519213e+01 8.298351537619744756e-01 5.574921421073636418e-01 -2.400268879468665448e-02 2.876132044789436648e+01 2.884871428534835705e-02 9.510672813241316265e-05 9.995837847018057554e-01 -9.328657589339455214e-01 -2.716484695803661412e-17 1.298127138770022178e-17 4.866815063237470203e-19 9.999999999999997780e-01
5.283983257626021501e-01 -8.489605895023083493e-01 -7.818363202703411396e-03 -6.327593255395418481e+01 8.489213987071483336e-01 5.284516835956606373e-01 -8.442566079053451591e-03 2.927079780804736941e+01 1.129903307281592342e-02 -2.176138044326348352e-03 9.999337959459233538e-01 -8.765581296524066479e-01 -3.101803602970666539e-17 1.493943773790534223e-17 5.282780374797717912e-19 9.999999999999995559e-01
4.988392672707716580e-01 -8.666735203321624947e-01 -6.032792372797272581e-03 -6.300583046161234080e+01 8.666567320563305366e-01 4.988704315538154965e-01 -5.865262375799795355e-03 2.979687128133176444e+01 8.092849325397609081e-03 -2.302536937086690789e-03 9.999646014301907249e-01 -8.688161058124103109e-01 -3.537494500703424728e-17 1.696225223433971364e-17 5.167891416349492337e-19 9.999999999999993339e-01
4.715469769870361816e-01 -8.818290492596914110e-01 -4.579997394473716427e-03 -6.274679886312205923e+01 8.817092303900151418e-01 4.715599493463614733e-01 -1.483398858994744787e-02 3.032328958344965031e+01 1.524078539434647363e-02 2.956696498381604626e-03 9.998794809407627326e-01 -8.623353910526482258e-01 -4.053978758942444919e-17 1.890396051322131698e-17 4.825325887735654077e-19 9.999999999999991118e-01
4.457340071558082428e-01 -8.951488035275804167e-01 -5.460257133633785939e-03 -6.249004028372198150e+01 8.949018671601393082e-01 4.457424818391573784e-01 -2.154734408563445044e-02 3.086313056179889003e+01 2.172194784367832004e-02 4.717989718792972749e-03 9.997529182527438163e-01 -8.616567109655600687e-01 -4.541790498599948300e-17 2.252998528098078737e-17 4.525016484658084271e-19 9.999999999999988898e-01
4.230122044270475112e-01 -9.061051929249287484e-01 -5.835602817755467138e-03 -6.226336770620238781e+01 9.058585141369206450e-01 4.230353849700862479e-01 -2.148058260007430428e-02 3.141336915574079214e+01 2.193233392552156394e-02 3.800318100451280118e-03 9.997522344615693557e-01 -8.544974252327219855e-01 -5.163613858736442192e-17 2.553615872949711012e-17 4.780376233761652677e-19 9.999999999999987788e-01
4.032124780002714903e-01 -9.150931317166025591e-01 -4.925227911636227349e-03 -6.203887565743301025e+01 9.149848071463896337e-01 4.032407989660858894e-01 -1.413013589641898445e-02 3.198934031086779939e+01 1.491644314721304182e-02 1.190938398397412175e-03 9.998880344266311004e-01 -8.489196782360602933e-01 -5.726876008260940863e-17 2.829995701886557448e-17 4.711007281471290474e-19 9.999999999999985567e-01
3.861453301544275352e-01 -9.224348915415794270e-01 -2.377996342411176512e-03 -6.180591533158534645e+01 9.224204736827190665e-01 3.861526002331808760e-01 -5.161304493276312397e-03 3.257663518892712773e+01 5.679236821434849661e-03 -2.004988849961760779e-04 9.999838529042893720e-01 -8.426442331670783714e-01 -6.349484842195688820e-17 3.243485423340383591e-17 4.264178404640437177e-19 9.999999999999980016e-01
3.697532973949019808e-01 -9.291288620092315043e-01 1.434171200241264252e-03 -6.157238084797615585e+01 9.291284040314995440e-01 3.697550671065080174e-01 1.264583294285728278e-03 3.315572508455212386e+01 -1.705252905523801108e-03 8.649453554987675697e-04 9.999981719893511478e-01 -8.405252125850674050e-01 -6.894352991122352646e-17 3.720968414197317546e-17 3.266870251620941225e-19 9.999999999999976685e-01
3.556108843153152899e-01 -9.346321619751744025e-01 1.902828972297158873e-03 -6.135459911933953236e+01 9.346267603621496445e-01 3.556154229861088201e-01 3.238788250086484764e-03 3.376201677979216953e+01 -3.703750994212574692e-03 6.266865241815377987e-04 9.999929447213898870e-01 -8.411751391597062089e-01 -7.302228267223125896e-17 4.079980446057549842e-17 1.883731676826904377e-19 9.999999999999973355e-01
3.427081901820848708e-01 -9.394418668755252222e-01 2.741232534749632184e-04 -6.115800403536191254e+01 9.394394324058402690e-01 3.427079426332420020e-01 2.195198634409359448e-03 3.435796755974092065e+01 -2.156205719499126091e-03 -4.947903574312569530e-04 9.999975529766962357e-01 -8.473937558121312774e-01 -7.587715886477166269e-17 4.484843888605773853e-17 4.479458665584117638e-20 9.999999999999971134e-01
3.298782188658431758e-01 -9.440133602229197063e-01 -4.374521521756775076e-03 -6.096669662741305018e+01 9.440234235046781608e-01 3.298728376354627123e-01 1.920121035616618489e-03 3.497294861126120225e+01 -3.695840831882871006e-04 -4.763056890396123906e-03 9.999885882832098005e-01 -8.514158551388534280e-01 -7.823437660799236797e-17 4.923876982263928668e-17 -9.281599288017468360e-20 9.999999999999970024e-01
3.196477056365451541e-01 -9.475081732065387952e-01 -7.321611032920899952e-03 -6.075811110100568868e+01 9.475364382039281885e-01 3.196398376890126070e-01 2.252207340900285425e-03 3.559900763861671180e+01 2.062936989258031906e-04 -7.657406149181374133e-03 9.999706603565718943e-01 -8.553881497400711575e-01 -8.102637863888202019e-17 5.526166692759105680e-17 -2.015905199544270876e-19 9.999999999999967804e-01
3.123194017385007015e-01 -9.499293517136628839e-01 -9.529850501756840370e-03 -6.056714047945714441e+01 9.499770327031372696e-01 3.123086960575787163e-01 2.629772481239096588e-03 3.624054141562999831e+01 4.781571155691935883e-04 -9.874468069808788051e-03 9.999511319290019795e-01 -8.608847667226918743e-01 -8.442229167576128945e-17 5.982410624644100869e-17 -2.836517992960231148e-19 9.999999999999962252e-01
3.060977566522514737e-01 -9.519366757410838709e-01 -1.098766360509502438e-02 -6.037725083265858927e+01 9.519981574907895316e-01 3.060999785959739872e-01 1.520275510137778126e-03 3.687156308578785513e+01 1.916117579008113324e-03 -1.092558843032202624e-02 9.999384781129564415e-01 -8.557838873130604318e-01 -8.743827970408817797e-17 6.321071175641453683e-17 -3.546946809409647462e-19 9.999999999999957812e-01
3.009235449029355469e-01 -9.535601173790160257e-01 -1.296621252325311745e-02 -6.017685931596904680e+01 9.536453425243128779e-01 3.009284865992868374e-01 1.614507567189954343e-03 3.751335878233563648e+01 2.362372686268452392e-03 -1.285101152336860959e-02 9.999146317051766930e-01 -8.575183831815936797e-01 -9.007604115211293655e-17 6.691968980237782487e-17 -4.278031413684456291e-19 9.999999999999954481e-01
2.974993704792106564e-01 -9.546332615858125203e-01 -1.301769712895699607e-02 -5.997246855704808155e+01 9.547181774151297651e-01 2.975091753547937645e-01 1.221594357339964802e-03 3.818621429004243595e+01 2.706709732172483084e-03 -1.279165562938602320e-02 9.999145199809169604e-01 -8.655009030472020637e-01 -9.330395485259298075e-17 7.285141905173248635e-17 -5.023527231187504427e-19 9.999999999999951150e-01
2.953198490042142077e-01 -9.553261951777668459e-01 -1.174936557172172671e-02 -5.976717846416590874e+01 9.553895486352506072e-01 2.953478350953825937e-01 -6.831273142523583549e-04 3.882855696834094061e+01 4.122759103299193130e-03 -1.102348001501854587e-02 9.999307404744183225e-01 -8.677529420628148360e-01 -9.590795864443038090e-17 7.902179215561759283e-17 -5.493380678401875812e-19 9.999999999999947820e-01
2.949113832093908649e-01 -9.554624040360444326e-01 -1.090277612489864295e-02 -5.956931180360518141e+01 9.555109713346227052e-01 2.949489353559337501e-01 -1.977167541174638249e-03 3.950131704823776602e+01 5.104871462535961329e-03 -9.834632990937645577e-03 9.999386082561618760e-01 -8.644568016490333795e-01 -9.587918184680752022e-17 8.427829578748242960e-17 -6.382942061819448890e-19 9.999999999999941158e-01
2.942306795950040410e-01 -9.556718625808997558e-01 -1.093609876800325995e-02 -5.936195643322432858e+01 9.557229261604763826e-01 2.942640250741094254e-01 -1.540116344532983534e-03 4.018158599482598703e+01 4.689946297652163726e-03 -9.998730836624896909e-03 9.999390130329790516e-01 -8.646203443119439003e-01 -9.492991594847089734e-17 9.043505039257120619e-17 -7.492125734090635301e-19 9.999999999999935607e-01
2.935364654442284005e-01 -9.558715296825317509e-01 -1.208148157045912767e-02 -5.915179791153820332e+01 9.559428120398971718e-01 2.935526073593753837e-01 4.547765121510226522e-04 4.086942430736973364e+01 3.111842495439724049e-03 -1.168269895601268919e-02 9.999269128198184919e-01 -8.632151455296450671e-01 -9.283047799521216350e-17 9.604381427490219870e-17 -8.679588751005747317e-19 9.999999999999927836e-01
2.927801946423446156e-01 -9.561164698092788905e-01 -1.100244448691151296e-02 -5.894611794206842603e+01 9.561795513399266033e-01 2.927529148827473504e-01 4.049250169819837777e-03 4.155679845804839090e+01 -6.505570833628900084e-04 -1.170585268600835525e-02 9.999312725324480677e-01 -8.662061887302157093e-01 -9.154525878983452420e-17 1.010673460892470888e-16 -9.794896151476035063e-19 9.999999999999915623e-01
2.922951805191427166e-01 -9.563067694848643718e-01 -6.394535382841856110e-03 -5.872883136677581462e+01 9.563244473924473743e-01 2.922689124205679057e-01 4.736470408560739496e-03 4.227335070208280143e+01 -2.660594813392545659e-03 -7.499697989416652388e-03 9.999683373813857967e-01 -8.722649166367425488e-01 -9.012448468792511393e-17 1.052966419410184561e-16 -1.096935026461423258e-18 9.999999999999902300e-01
2.917058061333044350e-01 -9.565061374699619368e-01 -1.931748036247015647e-03 -5.851558421808039157e+01 9.565072445830010706e-01 2.917022717996659575e-01 1.917208138923364889e-03 4.296155465563339249e+01 -1.270326060969220782e-03 -2.406991737064277052e-03 9.999962963243723690e-01 -8.774619238572600732e-01 -8.790951764715577307e-17 1.066739370000592133e-16 -1.230973921363365572e-18 9.999999999999886757e-01
2.913837903683806907e-01 -9.566062161752937332e-01 1.840799021644782922e-04 -5.828780497916437042e+01 9.566021610710094825e-01 2.913819828631346032e-01 -2.974138012608744646e-03 4.367643042762637862e+01 2.791441343727228946e-03 1.042706839417520751e-03 9.999955602989724079e-01 -8.779305175663818517e-01 -8.527864633662140121e-17 1.064052301562024794e-16 -1.399920999710262246e-18 9.999999999999872324e-01
2.907874481639526332e-01 -9.567808261006123249e-01 -3.620883400397331264e-03 -5.806594213672165949e+01 9.567659812705868738e-01 2.908042576556348902e-01 -5.633898523908774901e-03 4.439360717868817829e+01 6.443374393183526512e-03 -1.826071084661400144e-03 9.999775739439389355e-01 -8.787812396330453302e-01 -8.365944925132331237e-17 1.058832189375275648e-16 -1.581200507549756948e-18 9.999999999999855671e-01
2.908404940954165130e-01 -9.567219116517317046e-01 -9.746320324503617710e-03 -5.784580164903987765e+01 9.567230085326959843e-01 2.909132630266825226e-01 -7.110438748943576602e-03 4.514753245584961405e+01 9.638046400678163331e-03 -7.256525384001117143e-03 9.999272228021954811e-01 -8.795021865757974844e-01 -8.168245582238610554e-17 1.030104248395304017e-16 -1.776041376860298538e-18 9.999999999999840128e-01
2.900258783707506116e-01 -9.569807667191723155e-01 -8.532409093669682601e-03 -5.763137289085139514e+01 9.569670696224328310e-01 2.900913754944578482e-01 -7.811627350899746566e-03 4.587583309149235333e+01 9.950755421854477062e-03 -5.899660443235781558e-03 9.999330859978430297e-01 -8.791759674644088474e-01 -7.969372291118139824e-17 1.029693804322717286e-16 -1.973549658821567154e-18 9.999999999999823475e-01
2.901260042374993464e-01 -9.569823152905264640e-01 -3.427810737553348575e-03 -5.739392598967553738e+01 9.569518103650146434e-01 2.901443790196181483e-01 -7.711806683148304288e-03 4.661695718166485136e+01 8.374622632558201968e-03 -1.042854032452613039e-03 9.999643884415132522e-01 -8.800415165232347015e-01 -7.937370010832620237e-17 1.027945570910898652e-16 -2.163180635046025951e-18 9.999999999999804601e-01
2.902415881688220622e-01 -9.569428825193037058e-01 -4.487771493360938682e-03 -5.715516984791636901e+01 9.569398702029874304e-01 2.902592340412529226e-01 -3.957507996953240313e-03 4.739133377732049013e+01 5.089726226415262553e-03 -3.145894064126848570e-03 9.999820988585031989e-01 -8.743745961623569096e-01 -7.853331786019751104e-17 1.025442435409523023e-16 -2.366332554121572525e-18 9.999999999999786837e-01
2.911829709399022525e-01 -9.566509334040301793e-01 -5.609728327063093212e-03 -5.691940854599936017e+01 9.566672819706723008e-01 2.911752697387044453e-01 2.161920281621190244e-03 4.816134519053306917e+01 -4.347888965610670039e-04 -5.996157921778401227e-03 9.999819283610933418e-01 -8.710149238380736625e-01 -7.719107965417172955e-17 9.995906113391471509e-17 -2.573622190509845796e-18 9.999999999999769074e-01
2.909714003123066717e-01 -9.566998150054641936e-01 -7.817171413206217001e-03 -5.670023956897558293e+01 9.567218331339182313e-01 2.909214664935774741e-01 6.930680916203365606e-03 4.893002571095568243e+01 -4.356398179027512474e-03 -9.495488495665241335e-03 9.999454272574634928e-01 -8.847496033738326826e-01 -7.481607773739630481e-17 9.566267630028089386e-17 -2.803316001621256138e-18 9.999999999999749090e-01
2.905685298693087004e-01 -9.568471021013655875e-01 -3.681392387311574650e-03 -5.644636080589938842e+01 9.568235725175624484e-01 2.905263086208609846e-01 9.116746882628761969e-03 4.971980609635853909e+01 -7.653791494359751986e-03 -6.171482754736765108e-03 9.999516649700347370e-01 -8.975451344096122552e-01 -7.289899811463379502e-17 9.069815476105767930e-17 -3.041787984897005237e-18 9.999999999999726885e-01
2.901039997570072360e-01 -9.569913566648766690e-01 2.685627265789434625e-03 -5.620155924248608414e+01 9.569604152632495975e-01 2.901162366274868121e-01 7.702782883217058549e-03 5.050979641994535285e+01 -8.150640716835681754e-03 3.354308598374460947e-04 9.999667267174532359e-01 -9.087114641833474726e-01 -7.194140082302275931e-17 8.563062563097540822e-17 -3.258038545051325140e-18 9.999999999999705791e-01
2.890979523563694809e-01 -9.572974630275324914e-01 1.985251750764688208e-03 -5.596547015511362133e+01 9.572796941046547436e-01 2.891046901512487333e-01 5.836556116192555266e-03 5.130457369876459239e+01 -6.161265955121542591e-03 2.131047666945375672e-04 9.999809965135142420e-01 -9.135006752074076308e-01 -7.134028805982756753e-17 7.846063175315607627e-17 -3.436571198111347041e-18 9.999999999999684697e-01
2.899864687601245161e-01 -9.570083995330785909e-01 -6.539966305907915674e-03 -5.574396009632021531e+01 9.570250647179838754e-01 2.899544310232035071e-01 5.427101564581858842e-03 5.211302573123055737e+01 -3.297489573277737583e-03 -7.832697695475503152e-03 9.999638870525748846e-01 -9.207944617515932961e-01 -7.068048273778614162e-17 7.382555078849597928e-17 -3.617584681333155733e-18 9.999999999999663602e-01
2.892570761718753491e-01 -9.572107189968293017e-01 -8.830816620648079818e-03 -5.549267817842753203e+01 9.572503563003784688e-01 2.892583991913321717e-01 1.154928527637852842e-03 5.291147061927576800e+01 1.448877912916650586e-03 -8.787373605626359191e-03 9.999603406225043845e-01 -9.300058763479527313e-01 -7.032796452154774805e-17 6.878501090988592697e-17 -3.839278757480246451e-18 9.999999999999636957e-01
2.883913178686884904e-01 -9.574786649628470592e-01 -8.065600972352274245e-03 -5.524871256301465650e+01 9.574956898482260836e-01 2.884260973539279349e-01 -3.519983960673736707e-03 5.370960202715162524e+01 5.696639354631824644e-03 -6.707645353763777747e-03 9.999612771471881878e-01 -9.309697588214709274e-01 -7.043726186175653331e-17 6.393232269254543987e-17 -4.047406636874984914e-18 9.999999999999612532e-01
2.885052305970143283e-01 -9.574274014732337967e-01 -9.874351953348075792e-03 -5.499677265502808865e+01 9.574519982663257656e-01 2.885584253843326841e-01 -4.439161560413918024e-03 5.452738239633372075e+01 7.099502368861889540e-03 -8.173496679670017029e-03 9.999413937917080997e-01 -9.281429670280741950e-01 -7.162237066953745759e-17 6.304146574000357404e-17 -4.217698251799061995e-18 9.999999999999589217e-01
2.888836672683481877e-01 -9.572440853650432402e-01 -1.516534929896568538e-02 -5.476281209866045430e+01 9.573487349313930528e-01 2.889328132990653941e-01 -1.108658724760236631e-03 5.534906770793053710e+01 5.443024044585652310e-03 -1.419825456799654780e-02 9.998843848447837024e-01 -9.270106496884336078e-01 -7.261451124054241992e-17 6.132814339339977054e-17 -4.383146548070229024e-18 9.999999999999565903e-01
2.886747907499415677e-01 -9.573478142608091712e-01 -1.232995197318342839e-02 -5.451421501518311885e+01 9.574272073904998015e-01 2.886520333115406012e-01 3.625770725654353828e-03 5.617874825919087556e+01 8.794202848475365149e-05 -1.285170009047537261e-02 9.999174096248855115e-01 -9.263740306471931474e-01 -7.253461786882003316e-17 5.891778769056244960e-17 -4.584027733507790767e-18 9.999999999999543698e-01
2.885495615644639300e-01 -9.574466246642497902e-01 -5.925490707830146329e-03 -5.426216680535023329e+01 9.574491769058606216e-01 2.885037442139351538e-01 7.527497368768616519e-03 5.700446846499669817e+01 -5.497650692375106660e-03 -7.845412266405596760e-03 9.999541116187229406e-01 -9.364736733256611156e-01 -7.320776522680528150e-17 5.595588126035231107e-17 -4.826960931813781887e-18 9.999999999999520384e-01
2.878002332509868588e-01 -9.576474103681632544e-01 -9.080922638796022975e-03 -5.401850463384360523e+01 9.576584607871505561e-01 2.877001595164309089e-01 1.090370105999612441e-02 5.784375065984800557e+01 -7.829318191787167786e-03 -1.183451010515704747e-02 9.998993180051555241e-01 -9.446470627931949915e-01 -7.395493572461462856e-17 5.201529127775599943e-17 -5.113333787330678815e-18 9.999999999999498179e-01
2.879673216871709296e-01 -9.575869526342151161e-01 -1.010196937158537936e-02 -5.376245670162533230e+01 9.576137114827921737e-01 2.878648110635945168e-01 1.047998717870741829e-02 5.867608239054891328e+01 -7.127497481573224873e-03 -1.269167822237249506e-02 9.998940544295179533e-01 -9.620372394792033877e-01 -7.602657504019500250e-17 4.904363153676005149e-17 -5.406528423507908612e-18 9.999999999999474865e-01
2.861836587804773013e-01 -9.581563345554456879e-01 -5.945754657632910077e-03 -5.350981769245282749e+01 9.581716800013362345e-01 2.861614317861512768e-01 4.320486234693022946e-03 5.950901922318443837e+01 -2.438255588245054513e-03 -6.933506287530288512e-03 9.999729903353362648e-01 -9.587598540426147675e-01 -7.687600635447044770e-17 4.943529545620327053e-17 -5.712175765879785639e-18 9.999999999999454880e-01
2.858075329605435644e-01 -9.582731554420554909e-01 -5.158843116189181302e-03 -5.325823880069356875e+01 9.582847866362114164e-01 2.858143975827222572e-01 -6.307422589783150298e-04 6.035362953830201604e+01 2.078895012266992418e-03 -4.763369985910510286e-03 9.999864941597217394e-01 -9.610857455456818244e-01 -7.859600989382612731e-17 5.096393344033008221e-17 -6.020456070391843870e-18 9.999999999999436007e-01
2.859448788569934341e-01 -9.582125008991158044e-01 -8.020559599654529179e-03 -5.301773945680515965e+01 9.582375558989426612e-01 2.859676013038024434e-01 -1.821392089427143661e-03 6.119338001304114272e+01 4.038900858963647388e-03 -7.164783687349240114e-03 9.999661760052230841e-01 -9.662498092395438443e-01 -8.048591457955878015e-17 5.226780320986418122e-17 -6.315850901422010421e-18 9.999999999999416023e-01
2.850794244823390833e-01 -9.584851476700925188e-01 -5.995284216375783640e-03 -5.276090803503900872e+01 9.585037392046968918e-01 2.850773967495365824e-01 1.208218890199449147e-03 6.203139507285841603e+01 5.510601557961065109e-04 -6.090940684853851997e-03 9.999812982122318061e-01 -9.711423893411194053e-01 -8.287105948830751614e-17 5.284202497681724366e-17 -6.602524116774144520e-18 9.999999999999393818e-01
2.846288782902837711e-01 -9.586352304593132034e-01 -2.212818477979874073e-03 -5.250253773579287042e+01 9.586317926034710890e-01 2.846181797537897240e-01 4.192608168104663448e-03 6.289040537843170853e+01 -3.389373530119786822e-03 -3.314615504245038442e-03 9.999887626723973355e-01 -9.690103813437481728e-01 -8.418483081217022869e-17 5.429009207368318439e-17 -6.905013426525395333e-18 9.999999999999371614e-01
2.832602446226962778e-01 -9.590428595716106175e-01 -6.536980858779159725e-04 -5.226180736083667000e+01 9.590230812331961285e-01 2.832498692469537227e-01 6.651408370973755334e-03 6.373992607347622652e+01 -6.193825806916418257e-03 -2.510991114756427195e-03 9.999776654733012471e-01 -9.631946905318476970e-01 -8.542808583434909211e-17 5.493642411684976325e-17 -7.194353439854104160e-18 9.999999999999349409e-01
2.834728445189989010e-01 -9.589650758730088320e-01 -5.397191526941889396e-03 -5.201085761075663783e+01 9.589740936572916929e-01 2.834463420487157714e-01 5.182554690215743741e-03 6.459625043687771040e+01 -3.440074756060975542e-03 -6.644880372749959949e-03 9.999720053333703840e-01 -9.651260237377817797e-01 -8.665483852892364619e-17 5.650737408133426086e-17 -7.481777878534431530e-18 9.999999999999326095e-01
2.836984023563085544e-01 -9.589030349757035054e-01 -4.492884937949822785e-03 -5.176157676343965619e+01 9.589130838653471267e-01 2.836998188821797107e-01 3.322014412213977557e-04 6.543681762462860263e+01 9.560816729534087196e-04 -4.402531169432627976e-03 9.999898517620433580e-01 -9.722478689520347439e-01 -8.835910584659208423e-17 5.891852179609332397e-17 -7.748485508933774424e-18 9.999999999999300559e-01
2.828895488100676703e-01 -9.591489027582587035e-01 -2.624025890462290591e-03 -5.151084557146468512e+01 9.591424096737041216e-01 2.828980604243991892e-01 -3.811216754933595754e-03 6.629633708557348371e+01 4.397856203592008170e-03 -1.438661127400028177e-03 9.999892945001505051e-01 -9.879275324386155299e-01 -8.955129759747172373e-17 6.169237064540337183e-17 -8.042978384259423432e-18 9.999999999999273914e-01
2.836916585841372518e-01 -9.589019446162231342e-01 -5.109154648542488242e-03 -5.126194260954977722e+01 9.589136695681083067e-01 2.836976413378630157e-01 -4.718203764054599886e-04 6.715454564632399581e+01 1.901884599476386020e-03 -4.765386727284847725e-03 9.999868368754877279e-01 -9.928441235319984681e-01 -9.110470610656679023e-17 6.265775438385177279e-17 -8.343098148073197205e-18 9.999999999999241718e-01
2.842301156721925848e-01 -9.587433065717713143e-01 -4.951105838206512795e-03 -5.100986704987058573e+01 9.587477312722955114e-01 2.842022830079516948e-01 5.643590434617088390e-03 6.800857856090929943e+01 -4.003638971578252215e-03 -6.350939851702190435e-03 9.999718178218409692e-01 -9.821300187195562970e-01 -9.134028080734100243e-17 6.437492300152352202e-17 -8.647282009526943475e-18 9.999999999999208411e-01
2.833300052137652236e-01 -9.590158148517897718e-01 -3.574214592617092155e-03 -5.076048712372752902e+01 9.589905000903320431e-01 2.832881571430371226e-01 9.221754642417047051e-03 6.886939831313357274e+01 -7.831275877572926175e-03 -6.040437630513983969e-03 9.999510909195964414e-01 -9.786373260071662417e-01 -9.197393541224160074e-17 6.579254858907828171e-17 -8.949444204159389760e-18 9.999999999999176215e-01
2.835881867074961926e-01 -9.589397196037092730e-01 -3.514900645611880418e-03 -5.050270115708549667e+01 9.589052641536337518e-01 2.835403357218735376e-01 1.027484291135918361e-02 6.973176619528763354e+01 -8.856338871292949305e-03 -6.284280801984492432e-03 9.999410347998156645e-01 -9.862912629510083296e-01 -9.276615579576187647e-17 6.845412596767146902e-17 -9.247286617459995703e-18 9.999999999999144018e-01
2.836616929874830606e-01 -9.589132988493617171e-01 -4.618357018453245894e-03 -5.025671809840133619e+01 9.588686108546207176e-01 2.835899336291142769e-01 1.215469710145170197e-02 7.058663071685226953e+01 -1.034558113371610716e-02 -7.876219536256058931e-03 9.999154634851623591e-01 -1.001583565865213243e+00 -9.442013874489354420e-17 6.994624479086987360e-17 -9.557246764692982887e-18 9.999999999999110711e-01
2.837591128618227598e-01 -9.588695045507766856e-01 -7.073832812928433286e-03 -5.000779445173611748e+01 9.588466480139805626e-01 2.836623686000990796e-01 1.219697635427965596e-02 7.144918205054601401e+01 -9.688728503035546127e-03 -1.024372407116855982e-02 9.999005923875982083e-01 -1.020183324124933399e+00 -9.638042882594039461e-17 7.515483876991678040e-17 -9.837253124460731910e-18 9.999999999999080735e-01
2.838350271317447437e-01 -9.588228104052671785e-01 -9.823218409378204827e-03 -4.976289003181212678e+01 9.588562870005202798e-01 2.837544288035323548e-01 8.834308891845749079e-03 7.228840838823127513e+01 -5.683155150888437659e-03 -1.192654103441400520e-02 9.999127258748155000e-01 -1.028829513584099908e+00 -9.812364424561653367e-17 8.115209166290687212e-17 -1.010510414659081403e-17 9.999999999999050759e-01
2.836510048298579445e-01 -9.588802857099221200e-01 -9.523924407829424330e-03 -4.951579602894711485e+01 9.589259653681529993e-01 2.836547734137460641e-01 9.810514665095949882e-04 7.313073490735256144e+01 1.760795709421969415e-03 -9.411014641133192207e-03 9.999541651504878503e-01 -1.018770129470613961e+00 -9.978842344684934848e-17 8.676407611220347504e-17 -1.035929657787241601e-17 9.999999999999019673e-01
2.835780694988259687e-01 -9.589046995496179893e-01 -9.233400307367023441e-03 -4.926181436522839618e+01 9.589083983215096474e-01 2.836416428835462633e-01 -6.488609282120767069e-03 7.398025106386319294e+01 8.840934766760701752e-03 -7.013957805840945539e-03 9.999363191065016032e-01 -1.021516195660089998e+00 -1.024797673338746036e-16 9.269324726528565721e-17 -1.055232905167807316e-17 9.999999999998987477e-01
2.834549686467726093e-01 -9.589365391855094733e-01 -9.695079403446648161e-03 -4.900783126693154657e+01 9.589526396432237476e-01 2.835145085236649987e-01 -5.418337151103663069e-03 7.483042658333438624e+01 7.944537147997017199e-03 -7.761267398200046366e-03 9.999383216267819785e-01 -1.018915904467352584e+00 -1.053673822798142804e-16 9.977027704440896806e-17 -1.071676841996659201e-17 9.999999999998954170e-01
2.841184684478685885e-01 -9.587569895765286621e-01 -7.856896668391752034e-03 -4.875631663213981426e+01 9.587867969726906470e-01 2.841265006986803954e-01 9.773005906647755381e-05 7.569144197265008245e+01 2.138653179531828548e-03 -7.560855705531875984e-03 9.999691293352424015e-01 -1.011463263735483009e+00 -1.081523247360452110e-16 1.036527086148533219e-16 -1.091647172781087728e-17 9.999999999998920863e-01
2.834446794143757886e-01 -9.589595372473802559e-01 -7.464558543183397177e-03 -4.850688177363247178e+01 9.589762734731652749e-01 2.833930049734636469e-01 7.274039263956569648e-03 7.654633178099082613e+01 -4.860105650116046914e-03 -9.220122262077747391e-03 9.999456828840471712e-01 -1.007839357478270248e+00 -1.103038706143722129e-16 1.035550403341627921e-16 -1.112546241392028578e-17 9.999999999998887557e-01
2.832766855999902522e-01 -9.590109207920023415e-01 -7.236932875001846760e-03 -4.825483493405285884e+01 9.589944195740689459e-01 2.831835569998685243e-01 1.169513874509251275e-02 7.740597003416000632e+01 -9.166385383394027447e-03 -1.025313838329297914e-02 9.999054207934838789e-01 -1.015186218393485884e+00 -1.125226922774336050e-16 1.024585809403658962e-16 -1.135440992257861923e-17 9.999999999998853140e-01
2.832131664188351494e-01 -9.590313054624789446e-01 -7.018369485381330611e-03 -4.800346303783771873e+01 9.590102352268864427e-01 2.831195216016269001e-01 1.194592891723713669e-02 7.825139402723965532e+01 -9.469482393320112143e-03 -1.011393252554171514e-02 9.999040140293301571e-01 -1.023585213187238496e+00 -1.146431109066208851e-16 1.002122557675240480e-16 -1.158983927606609925e-17 9.999999999998817612e-01
2.837730080859267034e-01 -9.588375170603421482e-01 -1.017328657376329569e-02 -4.776306481304607132e+01 9.588696059722809917e-01 2.836788931737320718e-01 9.765465162252816300e-03 7.910147731180978781e+01 -6.477547693913776432e-03 -1.252603071287173610e-02 9.999005650215163632e-01 -1.033530869788544138e+00 -1.170644935926983030e-16 1.000987795367690433e-16 -1.181355725563826289e-17 9.999999999998785416e-01
2.843631083931133507e-01 -9.586308957390978769e-01 -1.282296064711876613e-02 -4.751117020184848627e+01 9.587093445674506054e-01 2.842832754511707138e-01 7.707913941997437783e-03 7.995081974171473860e+01 -3.743691192736545853e-03 -1.448533856518123379e-02 9.998880736076410924e-01 -1.039863682600541628e+00 -1.202664355354919030e-16 9.914433122964682549e-17 -1.207080057191238397e-17 9.999999999998753220e-01
2.835864173405615585e-01 -9.588629345209130905e-01 -1.267346449045129823e-02 -4.725415077649292073e+01 9.589419100432199361e-01 2.835185336880390872e-01 6.903203427963017572e-03 8.080626166868995597e+01 -3.026063827435457668e-03 -1.411077097364223619e-02 9.998958591174058608e-01 -1.045701813105031519e+00 -1.235292627125104674e-16 9.732353364167902075e-17 -1.230086864232136621e-17 9.999999999998723244e-01
2.827618079586303179e-01 -9.591104012768326692e-01 -1.236924099809425491e-02 -4.700259323354453755e+01 9.591810005699143993e-01 2.826792464677464478e-01 8.015719657986225544e-03 8.167172657154235083e+01 -4.191432372958345774e-03 -1.413088033941843798e-02 9.998913691573642071e-01 -1.048709539819318692e+00 -1.251584481264929487e-16 9.095689131741625808e-17 -1.256720980167223347e-17 9.999999999998693268e-01
2.825536724967573909e-01 -9.591570813720105004e-01 -1.345791264789773269e-02 -4.675413480721041282e+01 9.592190227506162126e-01 2.824008714890102190e-01 1.219074136789478902e-02 8.251473884899887423e+01 -7.892309649983907105e-03 -1.635362456232981529e-02 9.998351216135362707e-01 -1.051175581227324907e+00 -1.267595418399851480e-16 8.387629342459184041e-17 -1.280871774549811610e-17 9.999999999998662181e-01
2.822076176354532673e-01 -9.592550040554548296e-01 -1.373672972055527824e-02 -4.650354015836450117e+01 9.593095640412659941e-01 2.820289950087814246e-01 1.359434856032477185e-02 8.338028927097252563e+01 -9.166290805551811569e-03 -1.701420492008673402e-02 9.998132305304309186e-01 -1.053380656339797383e+00 -1.278195811887775906e-16 7.535434287597940408e-17 -1.307440860514711292e-17 9.999999999998631095e-01
2.812058267150733815e-01 -9.595700619286705590e-01 -1.218930974386364663e-02 -4.625596452993067942e+01 9.596071670052694902e-01 2.810549073775827633e-01 1.273672134318712054e-02 8.422122211660843050e+01 -8.795911166974436021e-03 -1.527858924600156328e-02 9.998445862519264038e-01 -1.063498769582511549e+00 -1.295188216670460816e-16 6.849580753307632814e-17 -1.329687169316401086e-17 9.999999999998600009e-01
2.807694191200524325e-01 -9.596760998603716120e-01 -1.379552985988154179e-02 -4.601059666396385950e+01 9.597469125588702354e-01 2.806216688684696758e-01 1.171933422399196352e-02 8.508719173663776303e+01 -7.375440348818256865e-03 -1.653064785267223044e-02 9.998361568582747605e-01 -1.078194604501227172e+00 -1.307724423824925683e-16 5.954283391755576687e-17 -1.357463013525288711e-17 9.999999999998567812e-01
2.795192166604954509e-01 -9.600497671867387339e-01 -1.317011930618077614e-02 -4.576713698935664354e+01 9.601158107463507729e-01 2.793882857697976285e-01 1.094603713409799360e-02 8.593764228219123424e+01 -6.829163345853283586e-03 -1.570446750053274693e-02 9.998533553618823566e-01 -1.092482786790882621e+00 -1.315528257201177387e-16 4.717666586856679443e-17 -1.388274960125591224e-17 9.999999999998533395e-01
2.783204110434552847e-01 -9.604466082313725117e-01 -8.947711093258444923e-03 -4.551234141456468052e+01 9.604731661984068358e-01 2.782516805881457556e-01 8.203612747836441094e-03 8.678141083586173465e+01 -5.389416389771669105e-03 -1.087726927598167519e-02 9.999263168873846475e-01 -1.090388721751267109e+00 -1.338093775960943888e-16 3.674072842271957389e-17 -1.419851322552502695e-17 9.999999999998500089e-01
2.771619407596569440e-01 -9.607209673156433816e-01 -1.401718783478710269e-02 -4.527649908456525196e+01 9.608227543749637833e-01 2.771179603558102111e-01 5.026999399829487972e-03 8.761929495767085996e+01 -9.451292233831072153e-04 -1.486132593386084270e-02 9.998891177136264297e-01 -1.092747354259012926e+00 -1.363067840262700122e-16 2.809131107140509159e-17 -1.446170201220359158e-17 9.999999999998469002e-01
2.761350300897452703e-01 -9.608648177029374127e-01 -2.209631775669145329e-02 -4.503999158759440036e+01 9.611105386560866437e-01 2.761552715934318947e-01 2.190537553513067191e-03 8.848094659822595531e+01 3.997204164303677296e-03 -2.184188801470138969e-02 9.997534467491066001e-01 -1.107396954379424647e+00 -1.410572013138710151e-16 1.879859877227264767e-17 -1.478830039507477952e-17 9.999999999998435696e-01
2.751127275666775951e-01 -9.611350437698978899e-01 -2.307411468800195722e-02 -4.480325251673725973e+01 9.613976986717340800e-01 2.751601936850114893e-01 1.154469278117280272e-03 8.933481751986840891e+01 5.239476986524140012e-03 -2.250100995192780631e-02 9.997330905956590685e-01 -1.106569526277634941e+00 -1.447407374006579835e-16 9.699198518079827526e-18 -1.516332746725460695e-17 9.999999999998403499e-01
2.736840243861853317e-01 -9.615779928443173308e-01 -2.155964920072908284e-02 -4.456333904207084373e+01 9.618168248532790177e-01 2.736688608136151335e-01 3.708105920048428671e-03 9.018368679618180295e+01 2.334571588468487176e-03 -2.175128269024358477e-02 9.997606871030312314e-01 -1.094734808479883137e+00 -1.495117534747553048e-16 2.860136297543053939e-18 -1.547891667016478581e-17 9.999999999998374633e-01
2.732422510112232361e-01 -9.617605469095303894e-01 -1.885000453553768024e-02 -4.432245555569387108e+01 9.619433156857822853e-01 2.731498929445559387e-01 7.361616071639536830e-03 9.102682836844306280e+01 -1.931235178292951262e-03 -2.014414041009848430e-02 9.997952210016423091e-01 -1.085176719138980728e+00 -1.518426280250748297e-16 -4.110487555164069875e-18 -1.582143879944116427e-17 9.999999999998346878e-01
2.722212297525442026e-01 -9.620371233609710249e-01 -1.949808574592424085e-02 -4.409781653430451343e+01 9.622263403478941157e-01 2.720785505956460071e-01 9.681541500279994619e-03 9.189073778167934847e+01 -4.008991425468812902e-03 -2.139709282419221745e-02 9.997630181229564261e-01 -1.090610962283352414e+00 -1.538098194217870559e-16 -1.607326369980875205e-17 -1.622056163039162417e-17 9.999999999998318012e-01
2.717505392399757747e-01 -9.622083914763199797e-01 -1.751159032573575483e-02 -4.386626719630732651e+01 9.623557533509029538e-01 2.716113907734603594e-01 9.932592504396391478e-03 9.274152271127867664e+01 -4.800876453797685989e-03 -1.955156706941086134e-02 9.997973233662439396e-01 -1.098245077864812513e+00 -1.563343115582486125e-16 -2.647005409023188861e-17 -1.659012517349018312e-17 9.999999999998290257e-01
2.700033462772934434e-01 -9.627563021008436195e-01 -1.408885249336871634e-02 -4.362965731210594100e+01 9.628380658623675314e-01 2.698710948901227868e-01 1.060429481589211277e-02 9.359655977763421220e+01 -6.407177615186361933e-03 -1.642847857012936022e-02 9.998445144955185881e-01 -1.111962996525394543e+00 -1.580973984679783020e-16 -3.798469726124785264e-17 -1.701560077291281303e-17 9.999999999998263611e-01
2.690268555213329305e-01 -9.630352074549051178e-01 -1.370183239586120899e-02 -4.340013202332034581e+01 9.630954707619788779e-01 2.688641956611324546e-01 1.261580312779819052e-02 9.445586726040799874e+01 -8.465530436173580517e-03 -1.659016256693256197e-02 9.998265356052206121e-01 -1.112227320534352693e+00 -1.607163639326645542e-16 -5.143267802823118762e-17 -1.747411787864224441e-17 9.999999999998233635e-01
2.685427741168019411e-01 -9.630814171433621507e-01 -1.894630368181471694e-02 -4.319317423235083453e+01 9.632300861499801803e-01 2.683063684512748126e-01 1.412422682060503025e-02 9.529196034484698430e+01 -8.519366445978303337e-03 -2.204260878031158444e-02 9.997207329016520871e-01 -1.112700260054411361e+00 -1.629847681366032487e-16 -6.544145530280623675e-17 -1.795980361261138525e-17 9.999999999998200328e-01
2.678865630768595962e-01 -9.631667202061330313e-01 -2.338072733367824174e-02 -4.296291595787046447e+01 9.634232781260141376e-01 2.676178217512427127e-01 1.401030496878157526e-02 9.614898802077665607e+01 -7.237160165847099369e-03 -2.627870941852398709e-02 9.996284574500305942e-01 -1.118004452708705188e+00 -1.657957103753842545e-16 -8.127275572370494784e-17 -1.853535822883693726e-17 9.999999999998163691e-01
2.684679437439095873e-01 -9.629351362495824906e-01 -2.609380306402839245e-02 -4.273908334384295671e+01 9.632749627702898998e-01 2.682213860485803680e-01 1.259500557093596977e-02 9.699364752280315827e+01 -5.129257380377338048e-03 -2.851686242210709279e-02 9.995801515017288530e-01 -1.127859537434568571e+00 -1.689668123668889612e-16 -9.791630849605058327e-17 -1.925352012882875995e-17 9.999999999998127054e-01
2.704294606635793130e-01 -9.623497380006790225e-01 -2.740234617082130605e-02 -4.250193435906689388e+01 9.627281171285996253e-01 2.701764461769681769e-01 1.261984233041667583e-02 9.784950093625988643e+01 -4.741233454918479702e-03 -2.979378628901320145e-02 9.995448219083440389e-01 -1.142479667936016297e+00 -1.710532202949732370e-16 -1.153984423932772229e-16 -2.011179143044672703e-17 9.999999999998087086e-01
2.712459251828578388e-01 -9.621464484262377548e-01 -2.645486444708889523e-02 -4.226609523620573583e+01 9.624784199882717717e-01 2.709116158542347885e-01 1.556237293443305664e-02 9.869741275616793530e+01 -7.806351773358393385e-03 -2.968346637867564503e-02 9.995288653638907395e-01 -1.153347937436218107e+00 -1.738945664822273313e-16 -1.323109488579939004e-16 -2.093574394106772270e-17 9.999999999998048228e-01
