1.000000000000000000e+00 -3.306050084167601550e-19 -2.270457535318767223e-19 -8.673617379884035472e-19 7.546676715296109287e-19 1.000000000000000000e+00 6.237773588823049983e-19 1.387778780781445676e-17 -3.447385680526250622e-20 4.770700176052009879e-20 1.000000000000000222e+00 5.551115123125782702e-17
9.995291611574578239e-01 1.929637465211741848e-03 3.062055935230687670e-02 -4.124636828660643850e-02 -1.884679418162678744e-03 9.999970879018404979e-01 -1.496649683767328201e-03 6.767237582630702963e-03 -3.062336257107037621e-02 1.438232967537469639e-03 9.995299113906835897e-01 2.214380306653885577e-01
9.992923706688673358e-01 3.668617762215961673e-03 3.742420712066164834e-02 3.170960274540067514e-02 -3.670459787647335423e-03 9.999932337136452354e-01 -1.947577544422187797e-05 -2.275221041858510596e-03 -3.742402725546663950e-02 -1.179839372673850131e-04 9.992990833272962226e-01 2.474071849651014454e-01
9.979564241751531783e-01 5.511977303442103411e-03 6.365830018659887624e-02 6.045105785917094521e-02 -5.651537500579730325e-03 9.999820109537930213e-01 2.011919707036471505e-03 -2.307935151511522620e-03 -6.364606206108544550e-02 -2.367564562505456664e-03 9.979696464025787916e-01 4.051558575333814582e-01
9.953221810501464706e-01 4.334690959491708726e-03 9.650945352462329818e-02 1.143516558385183901e-01 -4.668789434687150436e-03 9.999838974289643190e-01 3.236341761822023218e-03 -2.124565296846417373e-03 -9.649387701857185806e-02 -3.671646067267896312e-03 9.953263363386997131e-01 5.741464288634758883e-01
9.909656106233408757e-01 1.819366623235465618e-03 1.341210158567539834e-01 1.973380500744251198e-01 -2.535012545272946269e-03 9.999834695228633219e-01 5.165491095653871462e-03 9.520172729412718082e-03 -1.341093979377788459e-01 -5.458884266158694695e-03 9.909538172117366983e-01 7.851066327323602545e-01
9.847962896546531564e-01 -1.670977701075404250e-03 1.736934129176501695e-01 2.512998932191706225e-01 4.739749927225567184e-04 9.999758735087646011e-01 6.935190731638265528e-03 -4.431970191911591139e-03 -1.737008279628585172e-01 -6.747446862079740752e-03 9.847733204257550499e-01 9.808649135703818578e-01
9.763918267535994788e-01 -2.712906979887095248e-03 2.160369865688815672e-01 3.537326603590921215e-01 1.037479913083172011e-03 9.999685056988520948e-01 7.867117503833271838e-03 -2.206437845845468648e-03 -2.160515439784039815e-01 -7.457287981865957406e-03 9.763638859160790329e-01 1.175370322319478245e+00
9.641084692145676094e-01 -1.725306848315893461e-03 2.654587077373254389e-01 4.412744872275622399e-01 -1.258739322801868824e-03 9.999379459977358886e-01 1.106924347432073664e-02 -1.533995797715265175e-03 -2.654613651232179405e-01 -1.100633489098673014e-02 9.640464817260209207e-01 1.386225950878597235e+00
9.498596451230594262e-01 -5.422783230125642097e-03 3.125260604167512390e-01 5.793912166273055275e-01 1.161613297900502504e-04 9.998556172884282001e-01 1.699174553551179717e-02 1.356923923107324070e-02 -3.125731025253919992e-01 -1.610298350883405602e-02 9.497231783882259526e-01 1.613949138126443028e+00
9.328726957482880167e-01 -1.586535085166634537e-02 3.599041803712072496e-01 7.131577137695356283e-01 6.831313720137117788e-03 9.996291305936159111e-01 2.636001217540133099e-02 -4.223596694206147029e-03 -3.601889967133775627e-01 -2.213220032824118888e-02 9.326350354592437553e-01 1.845943221510588206e+00
9.115523021342157861e-01 -2.110683721583956479e-02 4.106745363670986637e-01 8.681304910814381381e-01 9.177748237948611665e-03 9.994772508791813781e-01 3.099733028650336272e-02 -2.254367362466855318e-03 -4.111141695075503644e-01 -2.448732221199409476e-02 9.112694505876774986e-01 2.072054534778885682e+00
8.862347259460789939e-01 -2.362775399417389732e-02 4.625870533005532192e-01 1.056126346295582552e+00 7.883994281581523794e-03 9.993230066572778014e-01 3.592841702997304210e-02 2.233015558823214786e-03 -4.631229964442787339e-01 -2.819253723147253574e-02 8.858210825707462099e-01 2.313498084137189270e+00
8.587930539686079445e-01 -2.518923086633642269e-02 5.117615901201595374e-01 1.246236882398216839e+00 5.611120907515365630e-03 9.991930073797907763e-01 3.976937125374872123e-02 2.018153217677758071e-02 -5.123507843214470947e-01 -3.127824717744096678e-02 8.582415892939966318e-01 2.526673157108192402e+00
8.261873682558547038e-01 -3.063324775897244973e-02 5.625281497612054649e-01 1.475978988216561705e+00 7.352997222420111847e-03 9.990218142452346184e-01 4.361187013997832457e-02 2.452672242162523553e-02 -5.633139251776818623e-01 -3.189245624559326753e-02 8.256047546861057240e-01 2.756628035043832359e+00
7.898762239060643786e-01 -3.658086889061058777e-02 6.122149431449286361e-01 1.711695984413818650e+00 9.520287351307839263e-03 9.988304974250338253e-01 4.739940111098453479e-02 3.061316778176663422e-02 -6.132332036414785970e-01 -3.160957786030257205e-02 7.893007383094050589e-01 2.969826820327267747e+00
7.520618092515497510e-01 -4.074728495305474790e-02 6.578136000826456664e-01 1.968422412685372214e+00 9.929667352820394088e-03 9.986744571689442074e-01 5.050309953021141912e-02 4.246033310646706721e-02 -6.589993883842372169e-01 -3.145278246934174460e-02 7.514692842501299319e-01 3.190541009587760879e+00
7.122596083401971923e-01 -4.430190088511634650e-02 7.003600752926801842e-01 2.257849853555516262e+00 1.160840906381460820e-02 9.986131057701745917e-01 5.135487658516377230e-02 5.256709660204496315e-02 -7.016636675752686569e-01 -2.844539895026233084e-02 7.117862061777144866e-01 3.410550632051626785e+00
6.709591137584340892e-01 -4.574901091190847202e-02 7.401011379040842719e-01 2.552400042144490566e+00 1.053880277988959724e-02 9.985824293935212648e-01 5.218335366844954054e-02 6.647109879206737626e-02 -7.414389101440016505e-01 -2.721734865441744269e-02 6.704900806883768993e-01 3.617733173546990422e+00
6.275901744447114350e-01 -4.625713844994009533e-02 7.770486014168471733e-01 2.893522887237215180e+00 5.609444789097022856e-03 9.984760615625311031e-01 5.490793494668459729e-02 9.537374245246493798e-02 -7.784039810162965978e-01 -3.010070955926747241e-02 6.268933730244348190e-01 3.842717695003809553e+00
5.873100578750773959e-01 -4.715655124073693527e-02 8.080706894202753787e-01 3.242714231860926777e+00 2.614403583205352887e-03 9.984067646193630630e-01 5.636930222704673865e-02 1.095411639225352951e-01 -8.094410376816917330e-01 -3.100169403551452513e-02 5.864972683296870715e-01 4.044212099348976075e+00
5.463629893382706548e-01 -4.885568108762215755e-02 8.361032034382536171e-01 3.621879638925604272e+00 1.164028405618294706e-03 9.983404165084152071e-01 5.756418363983874936e-02 1.302433889600111971e-01 -8.375288287278431776e-01 -3.046878147749462057e-02 5.455134096249634190e-01 4.259890533845123173e+00
5.073700470279035590e-01 -5.103229020711137071e-02 8.600584539375547566e-01 4.038958073766720780e+00 -1.078007457890716711e-04 9.982412757510699119e-01 5.928792425915282993e-02 1.467537292287379169e-01 -8.615706386473769296e-01 -3.018060962014535928e-02 5.064719692284730401e-01 4.460882625372818211e+00
4.698789149546850341e-01 -5.027061593621260510e-02 8.813972044272940787e-01 4.468643878030197136e+00 -3.513475851190389718e-03 9.982625609011690493e-01 5.881499542006667081e-02 1.714650794043776350e-01 -8.828230708192806864e-01 -3.072845821682155740e-02 4.688860381250116172e-01 4.660930528780741433e+00
4.343973026407395577e-01 -5.010111975994960276e-02 8.993665195382639643e-01 4.929642876501802107e+00 -4.422560246054231536e-03 9.983208226581264944e-01 5.775935121021688601e-02 1.940838759168366234e-01 -9.007508380126900693e-01 -2.905871808003726922e-02 4.334467378107228486e-01 4.853010613578528698e+00
4.015188935817211036e-01 -4.870119624445411188e-02 9.146853605044433788e-01 5.433435383450836653e+00 -3.605403279364264874e-03 9.984932909221309050e-01 5.475464554002180267e-02 2.164237108558503264e-01 -9.159742367185594869e-01 -2.527902340977640494e-02 4.007384585110560504e-01 5.050282275064713389e+00
3.699193113164537805e-01 -4.710475593284335627e-02 9.278351779556173184e-01 5.944148686762344980e+00 -1.544001494155502032e-03 9.986815200952763316e-01 5.130497867875630225e-02 2.400636228018909191e-01 -9.290287109842209068e-01 -2.041256552680786179e-02 3.693585833088053882e-01 5.223452480153270017e+00
3.453122761213540670e-01 -4.537292803989776552e-02 9.373939220714379017e-01 6.499238738662445947e+00 -3.837260896761007789e-04 9.988237630104926934e-01 4.848970743313467391e-02 2.658025714133968598e-01 -9.384913254214355405e-01 -1.710499870336723571e-02 3.448886774838303970e-01 5.407841601213082328e+00
3.241640806241349315e-01 -4.502098383883643140e-02 9.450090531322024034e-01 7.072380507195205723e+00 5.687497997684155685e-04 9.988759350818633420e-01 4.739806495958427679e-02 2.906092066906519888e-01 -9.460808729326547484e-01 -1.482348119235064009e-02 3.238254713926956851e-01 5.594303983502281419e+00
3.111979789145420949e-01 -4.534478108058751650e-02 9.493790298983980636e-01 7.668768229299173456e+00 1.291803642344809509e-03 9.988803422640977203e-01 4.728769298356455542e-02 3.191552339377209391e-01 -9.504604302301798979e-01 -1.348877163552652733e-02 3.109080510537974851e-01 5.772391627857168750e+00
2.980702453308299860e-01 -4.725560301452946810e-02 9.533327997455496305e-01 8.293743377137225536e+00 2.947829703540922469e-03 9.988148487066546011e-01 4.858527196830197264e-02 3.402821232150615716e-01 -9.544984145510037044e-01 -1.167941649955151102e-02 2.978560417981631070e-01 5.964023347602902092e+00
2.877239804526240396e-01 -4.901541068775907423e-02 9.563802375065739714e-01 8.941195971267749343e+00 1.689184314250481798e-03 9.987138884928575822e-01 5.066431016944793891e-02 3.699549879049862655e-01 -9.576338589957354985e-01 -1.295596278348866946e-02 2.874367238355854393e-01 6.165685907236203356e+00
2.755968293030556793e-01 -5.036366603727636393e-02 9.598161160485246812e-01 9.629245575220700459e+00 -7.024388275048272469e-04 9.986157425890195283e-01 5.260717277399411251e-02 4.022446457115181895e-01 -9.611360046608433683e-01 -1.518541997414930844e-02 2.751799196869807451e-01 6.356989660184198421e+00
2.662612788365149030e-01 -5.268532506681915251e-02 9.624005716686407919e-01 1.032132922406943010e+01 -1.412657314630175100e-03 9.984829489790758572e-01 5.505222086074144927e-02 4.328301157052267811e-01 -9.638401353930214910e-01 -1.602933864793150767e-02 2.657826486339943672e-01 6.551058953838508003e+00
2.568640628617719357e-01 -5.489517812674980096e-02 9.648227725228794016e-01 1.104741218012848236e+01 -1.454523279474017597e-03 9.983623331107931431e-01 5.719445841860980317e-02 4.612268051135667846e-01 -9.663821843768635178e-01 -1.609727929506685890e-02 2.563636675993650194e-01 6.743153157545473064e+00
2.456613426486762009e-01 -5.682251210958845500e-02 9.677507306793071695e-01 1.179317089037553856e+01 -2.058757213094887257e-03 9.982473277860123284e-01 5.915000741048238864e-02 4.995504924871945196e-01 -9.694157690264092464e-01 -1.652110748407937049e-02 2.451141358521235214e-01 6.932144942543016164e+00
2.349682989895754692e-01 -5.759323983638910127e-02 9.703856725608202005e-01 1.255425483665833042e+01 -2.835117439955228344e-03 9.981977739889370538e-01 5.993796078302682240e-02 5.312769752704271653e-01 -9.720899387533051828e-01 -1.682101551373864010e-02 2.343821036677201930e-01 7.118867152795914421e+00
2.241295440733309663e-01 -6.117810150480004067e-02 9.726003415570101396e-01 1.333179064255384816e+01 -3.561527789409902126e-03 9.979704573462229167e-01 6.356863723484430795e-02 5.711902075470446372e-01 -9.745148865880843836e-01 -1.772173455703356798e-02 2.234557600369358465e-01 7.296160145672233810e+00
2.139116681446355805e-01 -6.417925117470016372e-02 9.747697482803721059e-01 1.411623933500237982e+01 -6.330303924266266619e-03 9.977274155968164360e-01 6.706995139546846618e-02 6.173257601073532941e-01 -9.768599799895822944e-01 -2.050727214906793508e-02 2.130193190591081753e-01 7.475973778266457259e+00
2.005388554432463999e-01 -6.785398605673788330e-02 9.773777935768087621e-01 1.491990075302095065e+01 -6.500912517468941144e-03 9.974844894731471623e-01 7.059247911059050862e-02 6.569212275348531582e-01 -9.797088678726463273e-01 -2.051480325337508986e-02 1.995932650145986476e-01 7.645095417149768480e+00
1.883348104186526317e-01 -7.059845024100269706e-02 9.795732795275839955e-01 1.572685642432703368e+01 -7.198956107144031773e-03 9.972857828014692894e-01 7.327831538862294991e-02 6.990392443968237446e-01 -9.820893229927742940e-01 -2.083505213459539360e-02 1.873167433439421881e-01 7.792631530736248813e+00
1.748763960716195887e-01 -7.032837344419162751e-02 9.821561168787099616e-01 1.654135448740077408e+01 -8.026124372366957513e-03 9.973104501254715926e-01 7.284299451023902583e-02 7.393465330040304151e-01 -9.846389621001938597e-01 -2.060670798658364999e-02 1.738419585819616919e-01 7.938838576904263533e+00
1.594404679284578408e-01 -7.063046045933074613e-02 9.847438144895744871e-01 1.735525495279727437e+01 -8.670044336577871491e-03 9.972984904160606678e-01 7.293099875117070585e-02 7.836091424317249698e-01 -9.872360180014513320e-01 -2.015415667144172807e-02 1.583974743031866250e-01 8.066604800489315608e+00
1.433128049884512811e-01 -7.012482477094242328e-02 9.871921622599452162e-01 1.815754802305229987e+01 -9.985592197745267809e-03 9.973325967112451895e-01 7.230131702558165174e-02 8.242134306105777242e-01 -9.896303428929938972e-01 -2.020363580817924679e-02 1.422310898469345553e-01 8.189777746515343182e+00
1.220397835943694970e-01 -6.754517229369191855e-02 9.902509894527413703e-01 1.900219770486342341e+01 -1.279700535256548220e-02 9.974903586120785759e-01 6.964330554471556689e-02 8.641613331981254920e-01 -9.924717963601803472e-01 -2.114491262432394159e-02 1.208706266100230686e-01 8.293770058191343608e+00
9.794791124722003473e-02 -6.732281267717606099e-02 9.929196007925166212e-01 1.983745097007189884e+01 -1.686480449902021117e-02 9.974533886549773465e-01 6.929745819322775946e-02 9.088755434674271605e-01 -9.950570617261038642e-01 -2.352309777477600006e-02 9.656344561934812609e-02 8.372512648261951185e+00
6.775242178952087246e-02 -6.559632947110040357e-02 9.955662659096090605e-01 2.068572746925398675e+01 -2.140427540062661907e-02 9.975106603835495189e-01 6.718524624165699011e-02 9.499705144482634145e-01 -9.974962692719806512e-01 -2.584519404301864956e-02 6.618011287192410164e-02 8.430435773414250988e+00
3.379494269017398189e-02 -6.689431571473840321e-02 9.971905131268560263e-01 2.154325286337405032e+01 -2.430874709206319248e-02 9.974068390379272619e-01 6.775384403408629685e-02 9.926982232024883501e-01 -9.991370408791508950e-01 -2.652882950454346286e-02 3.208167662398783010e-02 8.454915804776058863e+00
-6.317814932032071306e-05 -6.561605977655574073e-02 9.978453736633685622e-01 2.238698737778544867e+01 -2.534580930171779350e-02 9.975245064570192888e-01 6.559905986764683061e-02 1.029364440242486856e+00 -9.996792053679594003e-01 -2.529067729363028427e-02 -1.726033307212827741e-03 8.447841272606797958e+00
-3.495229097005137647e-02 -6.461958222552063869e-02 9.973006225932645741e-01 2.324816483657392396e+01 -2.691614542213542974e-02 9.976064421394184034e-01 6.370418485311811485e-02 1.064948325003515439e+00 -9.990291312368965171e-01 -2.463142662676502670e-02 -3.660808145792018853e-02 8.409512302486559676e+00
-6.687822086123150489e-02 -6.356480008875255161e-02 9.957079592798038226e-01 2.409790603894624184e+01 -2.958770410890037769e-02 9.976555185916776702e-01 6.169564109347231567e-02 1.095011490784520980e+00 -9.972975556807951447e-01 -2.529351520112102514e-02 -6.860160213232062432e-02 8.345388261379138584e+00
-9.921873475720864588e-02 -6.069037219380080117e-02 9.932482884156305092e-01 2.495675867034106687e+01 -3.106423059027774505e-02 9.978407440494647673e-01 5.786739682295995862e-02 1.132757253423098964e+00 -9.946158640824204200e-01 -2.510849353290798419e-02 -1.008897082358709840e-01 8.255057670177013307e+00
-1.326120262923438931e-01 -5.505618721671084320e-02 9.896444774952702916e-01 2.581860080299760085e+01 -2.889762403637775520e-02 9.982468155419076394e-01 5.163864174107412469e-02 1.161762085725483340e+00 -9.907524053461675972e-01 -2.174985473943814515e-02 -1.339707128020768412e-01 8.129009646344860229e+00
-1.634554627241154301e-01 -4.942036048444330143e-02 9.853705386546696143e-01 2.666400727560585082e+01 -2.381814930212414194e-02 9.986513463027086868e-01 4.613741735181555587e-02 1.185734157228118146e+00 -9.863211093421245801e-01 -1.594218383070005254e-02 -1.644122148221082158e-01 7.973931213885590452e+00
-1.959803199063905321e-01 -4.341840728660904813e-02 9.797584920436447353e-01 2.750913418799383692e+01 -1.750882446367767187e-02 9.990150976579360576e-01 4.078310840369465951e-02 1.207951348074052467e+00 -9.805638177049633697e-01 -9.181636349873156452e-03 -1.965475631862683425e-01 7.795646271966734986e+00
-2.216110693896623518e-01 -3.789994739725413564e-02 9.744355243246562992e-01 2.834407010542141947e+01 -1.130900414780874885e-02 9.992769495675445368e-01 3.629838207275586787e-02 1.220695205922690096e+00 -9.751069913008599821e-01 -2.968537640120949995e-03 -2.218793152317074524e-01 7.593141974968483865e+00
-2.516973277648562601e-01 -3.149455124280364088e-02 9.671969539590566933e-01 2.917717098908581264e+01 -4.153068600473590333e-03 9.994962514550527199e-01 3.145620075015642669e-02 1.238558088844622374e+00 -9.677006740763309800e-01 3.906497335014434691e-03 -2.517012993882860594e-01 7.355047026678102284e+00
-2.790954384286181700e-01 -2.129652633074668316e-02 9.600156362638291307e-01 2.999396311226404777e+01 2.376889641241579886e-03 9.997356287128689178e-01 2.286742776613891540e-02 1.235355118533800090e+00 -9.602490475074755283e-01 8.667481231637222741e-03 -2.789709049868568380e-01 7.106259645356105992e+00
-3.021640785470652846e-01 -6.517326035173941386e-03 9.531029020286099218e-01 3.079998897652076550e+01 6.561288154510008276e-03 9.999387386120233145e-01 8.914297192772082865e-03 1.227293991850296306e+00 -9.531026514117917348e-01 8.949627586289839523e-03 -3.021028751871808748e-01 6.834923405764495641e+00
-3.262081715107982283e-01 1.059082902719186460e-02 9.450285136716214396e-01 3.159439011757233473e+01 8.028030698874769056e-03 9.999322394588026075e-01 -8.433006140625386171e-03 1.211103912244278158e+00 -9.450538991348994555e-01 4.833199842597902737e-03 -3.262710995890108490e-01 6.559560320590019700e+00
-3.527151724246019859e-01 2.576758989533070240e-02 9.353838465850755624e-01 3.238086726257343884e+01 7.123193488518850258e-03 9.996657258371006716e-01 -2.486165955714624357e-02 1.186196296054279564e+00 -9.357116868435253476e-01 -2.093794522766934292e-03 -3.527807698202745090e-01 6.267273905837502213e+00
-3.749362875051883703e-01 3.657065185860605694e-02 9.261760734198635214e-01 3.316808367681552738e+01 1.102267611566493805e-02 9.993265822277547228e-01 -3.499234686757837776e-02 1.148283247995506740e+00 -9.268325967694261980e-01 -2.924872494070992687e-03 -3.750868047990891796e-01 5.955255311306132171e+00
-4.006074769290121629e-01 4.091587805192382216e-02 9.150999269606854281e-01 3.394482909125792958e+01 1.547595250796466280e-02 9.991616046874255419e-01 -3.790032596608676474e-02 1.098120948419959220e+00 -9.158840107454876422e-01 -1.034975280500077853e-03 -4.009045594390927003e-01 5.620553913000982504e+00
-4.226962266456680828e-01 4.069192777005155304e-02 9.052140792361939026e-01 3.471782874423053755e+01 1.711604648153402033e-02 9.991715584179842180e-01 -3.692838851361320007e-02 1.053126873283783294e+00 -9.059667858076471125e-01 -1.110804106211419880e-04 -4.230423664936905359e-01 5.259313196402445101e+00
-4.402788462445014761e-01 3.641555645470648250e-02 8.969078146313682609e-01 3.547782180266506913e+01 2.116131828272345070e-02 9.993204484902035167e-01 -3.018421976471167070e-02 1.014149383779485714e+00 -8.973973859434369871e-01 5.695881078905585052e-03 -4.407502838291064151e-01 4.891604651490491840e+00
-4.617201306231537017e-01 3.437141082951002125e-02 8.868437557698292117e-01 3.623214990600305896e+01 2.817255154294320135e-02 9.993131447950122093e-01 -2.408538848790865369e-02 9.718875989485129541e-01 -8.870623741562843056e-01 1.387348035192413447e-02 -4.623713266165453417e-01 4.494665102878532714e+00
-4.734064045383678532e-01 3.530229527735689876e-02 8.803546021713450909e-01 3.697147355420752746e+01 3.183522006526205705e-02 9.992294908220293870e-01 -2.296889255768186366e-02 9.268218756329164032e-01 -8.804869668631257751e-01 1.715857120945471492e-02 -4.741653797845617468e-01 4.086432454924511681e+00
-4.837573329249662546e-01 3.874331016725375554e-02 8.744989727186939232e-01 3.769648372596443409e+01 3.476809922433020394e-02 9.990818702805733809e-01 -2.504161914163548566e-02 8.866860877931110885e-01 -8.746660187594015312e-01 1.829871687427509983e-02 -4.846602125951701145e-01 3.674577982976328538e+00
-4.941527111005971085e-01 4.173709465753010911e-02 8.687744207291757670e-01 3.840194731987784138e+01 3.666976178990304785e-02 9.989587524415329822e-01 -2.713983502980848311e-02 8.451789296181029254e-01 -8.690022780750714659e-01 1.845916402768074324e-02 -4.951686855364924034e-01 3.270657996160124537e+00
-5.023616619126612948e-01 4.160050089133868201e-02 8.637045879313083319e-01 3.910948639030162610e+01 2.971222288127359917e-02 9.990826800265294461e-01 -3.083232104377386928e-02 8.031014900084916253e-01 -8.641951574720360130e-01 1.016532410360979424e-02 -5.031368024728465338e-01 2.866477531343562646e+00
-5.156247643613525167e-01 3.918417206387134200e-02 8.557735402817027159e-01 3.979800275968933931e+01 2.850297228159403423e-02 9.991852391548440293e-01 -2.857583654625956565e-02 7.700628667229691970e-01 -8.561959251128643533e-01 9.663330707290642210e-03 -5.163215121431924404e-01 2.454073824766214162e+00
-5.222258444229518348e-01 4.136851121717903534e-02 8.514361305495253829e-01 4.050248167097706187e+01 3.088318070073417521e-02 9.990849771460744710e-01 -2.957784410770725875e-02 7.294960514159605225e-01 -8.518811284145618723e-01 1.083225837840338414e-02 -5.230256719153223433e-01 2.021829330844167050e+00
-5.312429762994058668e-01 4.374910489835825284e-02 8.460979122836636002e-01 4.121420115129807726e+01 3.453114737120452360e-02 9.989541862726064592e-01 -2.995545304030229269e-02 6.855350605968085764e-01 -8.465238427823118528e-01 1.329451047798003473e-02 -5.321980115974986880e-01 1.570906303084403932e+00
-5.354632497371444311e-01 4.687468499056605259e-02 8.435178169407733240e-01 4.192115372034527354e+01 3.580515878381760470e-02 9.988206964531011200e-01 -3.280637149320809326e-02 6.538040911951916723e-01 -8.440608126630854136e-01 1.263714148137940613e-02 -5.365099292255697261e-01 1.127663610290014606e+00
-5.341181023525302107e-01 4.837232911800504187e-02 8.446233823009224873e-01 4.265106889729381834e+01 3.478562925382009535e-02 9.987735294506212558e-01 -3.526413219005527372e-02 6.157659465221072548e-01 -8.452930312925558409e-01 1.055695694848256781e-02 -5.351454893348769337e-01 6.723993103787009318e-01
-5.287950633077280749e-01 4.895097442569773527e-02 8.470352692206721823e-01 4.340123247724592659e+01 3.716227138717654449e-02 9.987132955024509151e-01 -3.449678072730361783e-02 5.716523546444346460e-01 -8.476344969914081373e-01 1.322422177577073192e-02 -5.299335529726157956e-01 2.076448814996069425e-01
-5.235742466571831066e-01 4.780733964196966918e-02 8.499512372161461826e-01 4.415538465436070226e+01 3.576272904229382127e-02 9.987775896524939689e-01 -3.410491766488327886e-02 5.339224816592562650e-01 -8.505432048735682704e-01 1.252085415512547290e-02 -5.246436076971542350e-01 -2.508140698697891580e-01
-5.169830585085507524e-01 4.591914140123951743e-02 8.547323159658143377e-01 4.493606923659718433e+01 3.320234470407416177e-02 9.988841664169539891e-01 -3.359491717887558293e-02 4.880415855240616829e-01 -8.553214740610064482e-01 1.100386786255693264e-02 -5.179306255590075958e-01 -7.208343854594304601e-01
-5.090207292012517426e-01 4.609245974001228985e-02 8.597078151304279325e-01 4.573016805962888043e+01 3.106305048117203108e-02 9.988985279325321986e-01 -3.517185756812414577e-02 4.463647098035292693e-01 -8.603817471158244912e-01 8.809558630496530304e-03 -5.098917867493162337e-01 -1.172706013583810769e+00
-5.024479625477852318e-01 4.426712462335793963e-02 8.633860185336061921e-01 4.653694857670736695e+01 2.850030925049441832e-02 9.989937898931026128e-01 -3.461893007936061445e-02 4.016079547674026307e-01 -8.640500268371845705e-01 7.200838413437292418e-03 -5.032037853760179535e-01 -1.620950727720785522e+00
-4.987199528267244331e-01 4.180919294549696741e-02 8.655151501162380301e-01 4.736370343443523723e+01 2.450564701458766981e-02 9.991165550159917252e-01 -3.413847758244612646e-02 3.603719588333756940e-01 -8.661781360232289062e-01 4.179530750298946114e-03 -4.993039298412448868e-01 -2.078340661160242409e+00
-4.974672297454389991e-01 3.849570250743272748e-02 8.669150421011624363e-01 4.820430071054543930e+01 1.872727502305766498e-02 9.992584287209852478e-01 -3.365831344895907351e-02 3.172383552476272794e-01 -8.675678262476976821e-01 -4.947892670824000690e-04 -4.978190560407471099e-01 -2.545063935566815871e+00
-4.961262682134569002e-01 3.655793140396203927e-02 8.671759805852095049e-01 4.908365469743431930e+01 1.609719781871248728e-02 9.993286222734656388e-01 -3.289718996261617456e-02 2.683477668158621987e-01 -8.677970377469171881e-01 -2.383706061408510848e-03 -4.963815561397816878e-01 -3.022178929401603487e+00
-4.975569680126103456e-01 3.520698702272672537e-02 8.663909864627923341e-01 4.995862128817991277e+01 1.451579268847855674e-02 9.993734926799859863e-01 -3.227979239694609565e-02 2.270888703305015133e-01 -8.669849677858412207e-01 -3.493846659100778400e-03 -4.977559880443744866e-01 -3.511725720406783324e+00
-4.989128237331587612e-01 3.434303357288479019e-02 8.659361470785547077e-01 5.082486619569377240e+01 1.509674348820430265e-02 9.994071342868766639e-01 -3.094851734096804724e-02 1.773300371899041439e-01 -8.664857052964466400e-01 -2.363919195685835941e-03 -4.991354736644509349e-01 -3.996545730223219461e+00
-4.975082347318110498e-01 3.407230469173536114e-02 8.668649592023753847e-01 5.173250145453990001e+01 1.507348138573103534e-02 9.994170783954025028e-01 -3.063617032154327888e-02 1.327091205070222713e-01 -8.674034742634505468e-01 -2.168748573316474013e-03 -4.977318395646992966e-01 -4.510674211988699334e+00
-4.974999898124964348e-01 3.358153106809604049e-02 8.668122048923766476e-01 5.263877977017077114e+01 1.501055707447730703e-02 9.994340846674395484e-01 -3.010817238508023755e-02 8.474272391848838848e-02 -8.673326223870285734e-01 -1.959337230523924400e-03 -4.977225200620811751e-01 -5.024065907487640814e+00
-4.988860304546324231e-01 3.233524092541469053e-02 8.661554979310622793e-01 5.355127086489744670e+01 1.465428518373135258e-02 9.994754655734346960e-01 -2.888808219623601251e-02 3.781101344570362427e-02 -8.666353876607593154e-01 -1.716668997395580593e-03 -4.990982163134892735e-01 -5.538019592301244742e+00
-4.961288305959028477e-01 3.069472308226497276e-02 8.673796143658759616e-01 5.448918380138100304e+01 1.262076648364819642e-02 9.995241526430587164e-01 -2.814210193844957075e-02 -6.557323556146008037e-03 -8.678308618661990659e-01 -3.024191981668009326e-03 -4.962801963910278835e-01 -6.050509547386551112e+00
-4.975364397008540940e-01 2.970783726888857543e-02 8.665392895845530630e-01 5.538800383668576188e+01 1.184147993481561405e-02 9.995525870575046046e-01 -2.746422714371186263e-02 -5.882360483445997490e-02 -8.669678474565466475e-01 -3.420264499166588389e-03 -4.976653957182380350e-01 -6.544062903371282935e+00
-4.961652507287274139e-01 2.922397543523823360e-02 8.678136526308173337e-01 5.631385845373112886e+01 1.079354336729382302e-02 9.995640174668092293e-01 -2.748385799351125286e-02 -1.105881069532307498e-01 -8.682384441034725064e-01 -4.259684287219498745e-03 -4.962644781886585976e-01 -7.051201543091674573e+00
-4.961455361136563602e-01 2.731921919219916159e-02 8.680789384178191348e-01 5.722660397953313804e+01 1.025095933181114499e-02 9.996198344312168249e-01 -2.559860079623700602e-02 -1.593559552849946326e-01 -8.684481415645498581e-01 -3.789905156719898440e-03 -4.962371023489326460e-01 -7.567251180284211287e+00
-4.922713467017951205e-01 2.512394922786884838e-02 8.694826520169903761e-01 5.814308652833206281e+01 1.074735150400856973e-02 9.996823766949008983e-01 -2.278847025814892055e-02 -2.100568290420569140e-01 -8.697794633154907196e-01 -1.893025355310610797e-03 -4.923847586498745765e-01 -8.059592893141777736e+00
-4.908208874393353294e-01 2.467404577952289624e-02 8.708169377791100674e-01 5.906293465048733538e+01 1.213206907597936396e-02 9.996955209174759327e-01 -2.148608021157367640e-02 -2.538239265553010049e-01 -8.710821349577674289e-01 1.436445701602084061e-05 -4.909708286990878690e-01 -8.574056630096309917e+00
-4.870167207821437527e-01 2.392750813340483590e-02 8.728163801782312659e-01 5.997456686640256862e+01 1.153149103266110261e-02 9.997135311605520602e-01 -2.097205663112334043e-02 -2.971012515693307043e-01 -8.730681808792398746e-01 -1.442732338025069967e-04 -4.871531504529475476e-01 -9.082023593078613288e+00
-4.855968832380525013e-01 2.446577781773476290e-02 8.735667191901668183e-01 6.087424457287788471e+01 1.253767197932613778e-02 9.997002167192792221e-01 -2.102036913713412405e-02 -3.399577945753730068e-01 -8.738194789010391705e-01 7.345527353921795215e-04 -4.857580466350656656e-01 -9.575232053194174142e+00
-4.828240191625585154e-01 2.436940077243928207e-02 8.751786170875385240e-01 6.178120719551959894e+01 1.181574897020828095e-02 9.997029444488859662e-01 -2.130739637955483129e-02 -3.877336862571452158e-01 -8.754381100810716410e-01 4.562622775736196101e-05 -4.829685911760673300e-01 -1.006579284654946527e+01
-4.842643418332812644e-01 2.563571870672090927e-02 8.743294957350110641e-01 6.268673105740654705e+01 1.110736877620603635e-02 9.996700215410574408e-01 -2.315713675197728083e-02 -4.309204821081445980e-01 -8.746348920684832162e-01 -1.512077988592243566e-03 -4.843893299152956522e-01 -1.055485038672718545e+01
-4.857468163595298205e-01 2.640273538888155899e-02 8.732417357453112761e-01 6.359161233109855971e+01 9.052598874335906001e-03 9.996416969152367438e-01 -2.517714173866593408e-02 -4.828401880218550213e-01 -8.735942918368402310e-01 -4.350589274645273730e-03 -4.858115859256561531e-01 -1.106175904717703951e+01
-4.910183113933037635e-01 2.672682226706454139e-02 8.703425777094971894e-01 6.451500121858612147e+01 7.560702753874293594e-03 9.996220099020046712e-01 -2.642339632392469440e-02 -5.335886898092703223e-01 -8.707202542644786325e-01 -6.405689933956006284e-03 -4.910346930193515425e-01 -1.156445821448153488e+01
-4.962018336627413428e-01 2.676096244783360278e-02 8.677900719915027095e-01 6.538835657994370365e+01 8.421929014284212575e-03 9.996261466192378764e-01 -2.600496873497544839e-02 -5.753918747089266095e-01 -8.681618625932556732e-01 -5.602454982321544187e-03 -4.962416850401605295e-01 -1.205404286899272392e+01
-5.012616576524323575e-01 2.323867090261986026e-02 8.648898073399861053e-01 6.627336849726823687e+01 1.120940928838301369e-02 9.997298038005744125e-01 -2.035764796771046339e-02 -6.294712366105780221e-01 -8.651293253116481008e-01 -5.119548139045233251e-04 -5.013867471842139434e-01 -1.257692873749260443e+01
-5.065695878181584177e-01 2.149421393868676533e-02 8.620047873304487185e-01 6.715842847791458325e+01 7.790218401963866501e-03 9.997625772837945846e-01 -2.034690304767012431e-02 -6.731224010460514773e-01 -8.622375050050802292e-01 -3.595276520515051314e-03 -5.066167303294361046e-01 -1.306520648070690171e+01
-5.117988972034557271e-01 2.208325732282390846e-02 8.589024653440402446e-01 6.802432332855372010e+01 8.164888059952727165e-03 9.997495545162672359e-01 -2.082866204331710810e-02 -7.172833490626194797e-01 -8.591474432453676258e-01 -3.656141051894483407e-03 -5.118511065887820788e-01 -1.356794986567149763e+01
-5.160241497210025230e-01 2.526450914984559176e-02 8.564449032850253163e-01 6.888591168933734821e+01 9.307761762831838828e-03 9.996714473531260747e-01 -2.388685737456418962e-02 -7.592676387731990273e-01 -8.567669060380848078e-01 -4.344530235140210347e-03 -5.160896885508552412e-01 -1.408126367219684738e+01
-5.213377889591389591e-01 2.623406684410996975e-02 8.528502850932969670e-01 6.973997233275623842e+01 7.933943125056691290e-03 9.996329031278546884e-01 -2.589796652382981776e-02 -8.002226249102372124e-01 -8.532169666511186801e-01 -6.750168633257425631e-03 -5.213546420427087602e-01 -1.457966798557046317e+01
-5.241676463492060956e-01 2.671488997171524854e-02 8.512481006504727388e-01 7.059019628868516349e+01 7.606708005204946936e-03 9.996146952580832190e-01 -2.669777517401188821e-02 -8.517010749991874574e-01 -8.516334076218851079e-01 -7.512021039875214912e-03 -5.241689584318874884e-01 -1.507966324429217941e+01
-5.280163715444898820e-01 2.590888555685198422e-02 8.483365443282603335e-01 7.142908319582424781e+01 7.056724611294466765e-03 9.996334375999997857e-01 -2.612688941696264186e-02 -8.988520014554814974e-01 -8.487028151861569780e-01 -7.831855818994376203e-03 -5.280055634081097793e-01 -1.559826702448387437e+01
-5.316771146873935372e-01 1.889568883121708898e-02 8.472557877698967399e-01 7.226668842415817551e+01 8.535591316395516048e-03 9.998198695208257991e-01 -1.694968342040135967e-02 -9.384949838612365314e-01 -8.474233470879485308e-01 -1.773163691684436416e-03 -5.317427585527620959e-01 -1.611036868269285449e+01
-5.330029196271341974e-01 9.218916845258480139e-03 8.456442933809545925e-01 7.309593040663564523e+01 7.840712824535186337e-03 9.999514353409907352e-01 -5.957082129212829501e-03 -9.772905062270227372e-01 -8.456583845033290858e-01 3.448750313350893836e-03 -5.330492323047378855e-01 -1.665115038739063280e+01
-5.344002572095781778e-01 6.200921097609148926e-03 8.447113879621849231e-01 7.393215214180520434e+01 7.598845374708227893e-03 9.999679186267061981e-01 -2.531084436375420892e-03 -1.007261107049901572e+00 -8.446999562673113138e-01 5.066237087558992519e-03 -5.344302784329668654e-01 -1.716320874732790358e+01
-5.357996828916042897e-01 1.160412369302332540e-02 8.439933682806523008e-01 7.475500846548766276e+01 8.987542559608673043e-03 9.999272325350577750e-01 -8.041969637529096729e-03 -1.030954697455470859e+00 -8.440254062047574113e-01 3.282351489097667507e-03 -5.358650178860987490e-01 -1.769271438060712498e+01
-5.372494091440068731e-01 1.716616874935559048e-02 8.433344777678271065e-01 7.556182425734391472e+01 9.264081891619304829e-03 9.998525834421125857e-01 -1.446079707525921125e-02 -1.062824868739707718e+00 -8.434583977043511593e-01 5.232009088187990984e-05 -5.373292194297890623e-01 -1.821313976246792876e+01
-5.381827621994165201e-01 2.160685932452011127e-02 8.428228622541932280e-01 7.638200491840329676e+01 1.513324039309944628e-02 9.997579443907589347e-01 -1.596385608217466140e-02 -1.096568837753760572e+00 -8.429637945242092201e-01 4.168428184793455775e-03 -5.383796412863437464e-01 -1.873056694817077528e+01
-5.356556618094170386e-01 2.224843233082530666e-02 8.435529713506043636e-01 7.720646960702848105e+01 1.847604475047729539e-02 9.997222290929681510e-01 -1.462623115169584855e-02 -1.136233088838181526e+00 -8.436443072678480037e-01 7.741639568068041204e-03 -5.359178803977172612e-01 -1.926692331649511658e+01
-5.356488723507427663e-01 1.878865464566271612e-02 8.437655578002287715e-01 7.802947557857999072e+01 1.778904891254426066e-02 9.997816434701649602e-01 -1.095754428281091493e-02 -1.170364873894132129e+00 -8.437873358112449873e-01 9.133545253399355177e-03 -5.358661266415779556e-01 -1.978504753919503045e+01
-5.356644413698584684e-01 1.408754279249671559e-02 8.436881804909398541e-01 7.884732350524181754e+01 1.620747464743972632e-02 9.998481352859205362e-01 -6.392552506069797309e-03 -1.197514500560143968e+00 -8.436501548351361679e-01 1.024757725341183395e-02 -5.358114300076758374e-01 -2.029277950791976792e+01
-5.343029435577364428e-01 7.047386258204932363e-03 8.446322688690482972e-01 7.966442600311253841e+01 1.388337947069752561e-02 9.999034872057056544e-01 4.464296086833372174e-04 -1.218133273244706105e+00 -8.445477859534414877e-01 1.196921649220338869e-02 -5.343491369783526235e-01 -2.080472683844096338e+01
-5.344618833203395036e-01 -5.362874259308222794e-04 8.446381612069487899e-01 8.047964894757055276e+01 3.645088355239160891e-03 9.999891448736296651e-01 2.935294040682163118e-03 -1.242672244361614720e+00 -8.446305758892901361e-01 4.646708820908089163e-03 -5.344538939576174430e-01 -2.129871037582742943e+01
-5.317910108486602061e-01 -5.225705752774675687e-03 8.471417243748874393e-01 8.130887103240868896e+01 -4.612095037268755006e-03 9.999840893801055230e-01 3.273634488462477590e-03 -1.253011271785865244e+00 -8.471453703102362898e-01 -2.166990512402237109e-03 -5.318064932958496138e-01 -2.179236072757223397e+01
-5.317276198650680019e-01 -4.825717300632161727e-03 8.473280371126297172e-01 8.211565622203630710e+01 -9.425543441860023599e-04 9.999865971252025476e-01 5.107755817465671824e-03 -1.271576901788071812e+00 -8.473413516235169807e-01 1.907280618984528910e-03 -5.317251089472987413e-01 -2.229726463031909489e+01
-5.278089472161903162e-01 -1.668393609367026893e-03 8.490100574421250990e-01 8.292289366090777492e+01 3.651789903703801365e-03 9.999844017483231484e-01 4.235663592648568863e-03 -1.293140756229089972e+00 -8.490038379525800538e-01 5.341479736528738712e-03 -5.277946943392616275e-01 -2.279704471021505086e+01
-5.211363347830574311e-01 1.995417773673900316e-03 8.532783019559838644e-01 8.374027955708605475e+01 5.160878422435270611e-03 9.999864002420717490e-01 8.167365864398768924e-04 -1.307773574488742430e+00 -8.532651452007393722e-01 4.831267868903590772e-03 -5.211395013225090800e-01 -2.330506022295362456e+01
-5.130187319796961631e-01 3.545005840085715346e-03 8.580296943242777807e-01 8.455219847990039739e+01 1.038945644461979761e-02 9.999439234739531113e-01 2.078098726265643122e-03 -1.329708509328081378e+00 -8.579742598652738694e-01 9.981347221362596445e-03 -5.130267210924929211e-01 -2.379149103960891409e+01
-5.062903086379937356e-01 6.604901692177041206e-03 8.629135893618804509e-01 8.536158365696863370e+01 1.835363746549267816e-02 9.998268502995132367e-01 3.105849059319852785e-03 -1.347528393201038455e+00 -8.627437923998392266e-01 1.740329795321295461e-02 -5.063237645237632645e-01 -2.426148016565112897e+01
-4.958915425317903525e-01 4.630535991907176914e-03 8.678813939755044560e-01 8.618501139988707394e+01 1.502866023819975777e-02 9.998817102092373288e-01 3.257594661364641812e-03 -1.371030361537684428e+00 -8.677637164074731846e-01 1.466281610259772238e-02 -4.959025624394862164e-01 -2.473354577851945280e+01
-4.855227400672599281e-01 1.953807165599480422e-03 8.737511197487215497e-01 8.701973595929834460e+01 1.163488236772986656e-02 9.999233294957713403e-01 4.233431290674128170e-03 -1.379540293342716106e+00 -8.736759038467762917e-01 1.222847723224456187e-02 -4.855082213502795452e-01 -2.517350309793333807e+01
-4.737535645634639581e-01 -1.282230643460799055e-03 8.807093336886441248e-01 8.785788866069852077e+01 1.239416309918600634e-02 9.998901984944755794e-01 8.120452151029180707e-03 -1.398858051124738822e+00 -8.806231323089765972e-01 1.476185926847613065e-02 -4.736857684238856558e-01 -2.562368114998849222e+01
-4.620038251383276617e-01 -2.489853218424712116e-03 8.869238284745262213e-01 8.869528127794457362e+01 1.217767813948359389e-02 9.998840310751651028e-01 9.147629318782610555e-03 -1.405351757485597819e+00 -8.868438567911326453e-01 1.502368854906755737e-02 -4.619200168327573519e-01 -2.605246837169597995e+01
-4.516547669151933508e-01 -2.644424919955584187e-03 8.927376441092443882e-01 8.953842220336427715e+01 1.309199414477176839e-02 9.998684800803833150e-01 9.580756429076622491e-03 -1.413676106543969802e+00 -8.926457564558025748e-01 1.600208269914425718e-02 -4.515608775576613332e-01 -2.646238308121932903e+01
-4.375467889978789104e-01 -1.981008341359852525e-03 8.990783544018471352e-01 9.039470457666001835e+01 1.624412954029228612e-02 9.998169663227163273e-01 1.010637366031688286e-02 -1.429957105977263554e+00 -8.989339395601927407e-01 1.902906893967609356e-02 -4.374345073304832798e-01 -2.687751138936702233e+01
