1.0 0.0 0.0 0.0 0.0 1.0 0.0 0.0 0.0 0.0 1.0 0.0
0.9995303 0.030621018 -0.0011850973 0.22167969 -0.03061845 0.9995288 0.0021269643 0.05126953 0.0012496711 -0.0020896685 0.999997 -0.008300781
0.9993 0.037397183 0.00043042965 0.24780273 -0.037398584 0.99929243 0.0039052435 -0.01940918 -0.0002839936 -0.0039186105 0.99999225 0.00048828125
0.997972 0.06358678 0.0029029252 0.40625 -0.06360305 0.9979577 0.005903772 -0.03955078 -0.002521603 -0.006076472 0.99997836 0.0
0.9953293 0.09642862 0.0044864533 0.57629395 -0.09645037 0.9953252 0.0049158055 -0.08288574 -0.0039915913 -0.0053255814 0.9999779 -0.0012207031
0.99095607 0.13404143 0.0066002863 0.78881836 -0.13406095 0.990972 0.00260594 -0.1538086 -0.006191343 -0.003467129 0.99997485 -0.014160156
0.98477274 0.17363964 0.00824129 0.9869385 -0.17363997 0.9848069 -0.0006798369 -0.1953125 -0.008234179 -0.000761138 0.99996585 -0.0012207031
0.9763622 0.21598563 0.009344667 1.1843262 -0.21598098 0.9764068 -0.0015162022 -0.28405762 -0.009451562 -0.00053799874 0.9999552 -0.005126953
0.96404755 0.2653488 0.013372768 1.3996582 -0.26536846 0.9641348 -0.00031344243 -0.35546875 -0.012976111 -0.003247015 0.99991053 -0.006713867
0.94971955 0.3124254 0.018934116 1.6324463 -0.31241027 0.9499055 -0.0038291926 -0.47851562 -0.019182697 -0.0022804511 0.9998134 -0.022338867
0.93261087 0.3600333 0.025436897 1.8707275 -0.35977897 0.9329492 -0.014110528 -0.5979004 -0.028810775 0.0040084478 0.9995768 -0.00390625
0.91123164 0.4109511 0.02832995 2.104126 -0.41054434 0.91165316 -0.019197576 -0.7368164 -0.03371506 0.0058630025 0.9994142 -0.006958008
0.8857765 0.46291795 0.032613043 2.354248 -0.46243182 0.88636774 -0.02159127 -0.9082031 -0.03890252 0.0040389244 0.99923456 -0.012817383
0.85819334 0.5121024 0.03626994 2.5766602 -0.5115841 0.8589586 -0.023059413 -1.0823975 -0.042965658 0.0012344783 0.9990757 -0.032348633
0.82553726 0.5630677 0.037495002 2.8173828 -0.56235397 0.8263844 -0.028436482 -1.2961426 -0.04700329 0.002392061 0.99889225 -0.03869629
0.78920877 0.61299884 0.03783736 3.0424805 -0.6120481 0.7901056 -0.034352187 -1.5162354 -0.05095283 0.0039520003 0.9986931 -0.04675293
0.75135803 0.65876466 0.03828567 3.2755127 -0.65764827 0.7523235 -0.038525805 -1.7585449 -0.05417872 0.0037673712 0.998524 -0.061035156
0.7116518 0.7014595 0.03587235 3.5081787 -0.7002109 0.7125387 -0.04211904 -2.034546 -0.05511316 0.0048510786 0.9984684 -0.07458496
0.6703441 0.74123347 0.035229396 3.7286377 -0.7399547 0.6712611 -0.043638483 -2.3164062 -0.055996127 0.0031930078 0.99842644 -0.091918945
0.62675023 0.7781396 0.03869096 3.9677734 -0.77688336 0.6279387 -0.04426045 -2.64563 -0.058745433 -0.0023187324 0.9982707 -0.12414551
0.58635217 0.80914646 0.04010138 4.182251 -0.8078997 0.5876925 -0.04528398 -2.9849854 -0.06020076 -0.0058356896 0.9981694 -0.14196777
0.5453589 0.8372256 0.040056676 4.4108887 -0.83593416 0.5467733 -0.047129426 -3.3553467 -0.06135883 -0.007794898 0.9980846 -0.16674805
0.5063062 0.8612583 0.04021046 4.6241455 -0.8598903 0.5078105 -0.04946322 -3.7650146 -0.0630254 -0.009532357 0.99796665 -0.18737793
0.46872824 0.88248134 0.041174345 4.8359375 -0.8812285 0.47034323 -0.04886608 -4.187866 -0.062486894 -0.013378384 0.99795604 -0.21704102
0.43328637 0.90041375 0.03987937 5.0388184 -0.89920616 0.43486995 -0.048863146 -4.6431885 -0.061347563 -0.014691737 0.99800855 -0.24499512
0.4005743 0.91567 0.03643816 5.2457275 -0.9145413 0.401976 -0.047623232 -5.14209 -0.05825158 -0.014245138 0.99820036 -0.27368164
0.36918643 0.9287742 0.031884708 5.4279785 -0.9277099 0.37034917 -0.0461888 -5.6485596 -0.054699343 -0.012531048 0.9984238 -0.30371094
0.34471422 0.93826884 0.028816257 5.6191406 -0.9372811 0.34572062 -0.04458839 -6.2005615 -0.051799353 -0.011636837 0.9985899 -0.33605957
0.32364416 0.94588125 0.02673353 5.8112793 -0.94490355 0.32456332 -0.044353697 -6.7713623 -0.050630376 -0.010906441 0.998658 -0.36706543
0.31071937 0.95027524 0.025517365 5.9923096 -0.94927704 0.3115948 -0.044751205 -7.366455 -0.05047007 -0.010316515 0.9986722 -0.40161133
0.29764792 0.95433754 0.023821417 6.1868896 -0.95323336 0.29846978 -0.04673831 -7.9904785 -0.051712167 -0.0087896045 0.99862343 -0.42858887
0.28722396 0.957454 0.02518674 6.390747 -0.9562757 0.2881483 -0.048563037 -8.637207 -0.053751193 -0.010147019 0.9985023 -0.46411133
0.2749696 0.9609222 0.027520481 6.584839 -0.9597049 0.27605194 -0.04998973 -9.324341 -0.055647377 -0.012654274 0.99837095 -0.5025635
0.26556253 0.96361446 0.028441906 6.7806396 -0.9622849 0.26674116 -0.05237014 -10.015869 -0.05805448 -0.013451446 0.9982232 -0.5391846
0.2561307 0.9661552 0.028586555 6.974365 -0.9647045 0.25736243 -0.054639023 -10.741455 -0.06015599 -0.013580462 0.99809694 -0.5739746
0.24487187 0.9691808 0.029103411 7.1655273 -0.96762955 0.2461806 -0.056637313 -11.48645 -0.062064044 -0.014289902 0.99797034 -0.6188965
0.23413718 0.97184694 0.029492624 7.354248 -0.9702635 0.23550062 -0.057477124 -12.246826 -0.062805414 -0.015167735 0.9979104 -0.65771484
0.22319393 0.9742595 0.030475596 7.5335693 -0.9724724 0.22469684 -0.06113453 -13.023926 -0.06638588 -0.015988406 0.997665 -0.7038574
0.21275353 0.97656405 0.033340298 7.715332 -0.9746331 0.21452574 -0.064206704 -13.807861 -0.06984375 -0.018845795 0.9973791 -0.75634766
0.19930565 0.9794111 0.03344952 7.887207 -0.97723705 0.20118426 -0.06797012 -14.610962 -0.073302075 -0.019133974 0.9971267 -0.80236816
0.18701461 0.9817839 0.033862166 8.037109 -0.97942907 0.18900834 -0.07079745 -15.417358 -0.07592856 -0.019939005 0.9969144 -0.8510742
0.17354167 0.9843292 0.0337423 8.186035 -0.9820142 0.17555535 -0.07061873 -16.230957 -0.07542809 -0.020892 0.9969318 -0.89904785
0.15809433 0.9869248 0.033410124 8.317139 -0.98460376 0.16012801 -0.071027346 -17.043945 -0.0754381 -0.021676727 0.9969141 -0.9506836
0.14193292 0.9893093 0.03358472 8.44397 -0.9870545 0.14400803 -0.07063598 -17.845337 -0.0747256 -0.02313897 0.99693555 -0.9987793
0.12059628 0.9921238 0.034692805 8.553345 -0.9901188 0.122738704 -0.068210654 -18.68872 -0.07195808 -0.026146017 0.9970658 -1.0471191
0.096307576 0.9946625 0.037249114 8.63855 -0.99278945 0.09867954 -0.06816871 -19.52295 -0.07148409 -0.030424409 0.9969776 -1.0992432
0.06595384 0.9970522 0.03979085 8.704956 -0.995443 0.0685091 -0.066672586 -20.370117 -0.069204494 -0.035226673 0.99698025 -1.1483154
0.03185756 0.99866706 0.04070543 8.739014 -0.99707246 0.034587625 -0.06823358 -21.22705 -0.069571294 -0.03841295 0.9968383 -1.197998
-0.0019429891 0.99921054 0.039693844 8.741333 -0.9977382 0.0007299823 -0.06722233 -22.070312 -0.06720388 -0.039731026 0.9969483 -1.2421875
-0.036815763 0.99855375 0.039257705 8.712769 -0.99720407 -0.034152035 -0.06650964 -22.931396 -0.06508099 -0.041582096 0.99701387 -1.2851562
-0.068790905 0.99679804 0.04011521 8.657593 -0.99562234 -0.066062585 -0.065723635 -23.781372 -0.06285704 -0.0445033 0.9970292 -1.3223877
-0.10105443 0.99410653 0.040124178 8.576172 -0.99317676 -0.09841179 -0.063126646 -24.640503 -0.0588014 -0.0462313 0.9971985 -1.3677979
-0.13411582 0.9902819 0.036962036 8.459106 -0.9895891 -0.13186519 -0.057782188 -25.502808 -0.05232261 -0.044323754 0.9976451 -1.4050293
-0.16455817 0.985928 0.031329542 8.312012 -0.9853255 -0.1627926 -0.052415695 -26.348877 -0.046577506 -0.039478187 0.99813443 -1.4366455
-0.19670139 0.98026377 0.024745032 8.142212 -0.9797204 -0.1954142 -0.046703357 -27.195068 -0.040955473 -0.0334073 0.9986028 -1.4663086
-0.22204338 0.9748954 0.018664727 7.946045 -0.9744 -0.2211374 -0.041417297 -28.031006 -0.03625029 -0.0273899 0.99896735 -1.4859619
-0.25187743 0.967589 0.011937348 7.7156982 -0.96716136 -0.2513306 -0.035291173 -28.8656 -0.031141577 -0.020440102 0.99930567 -1.5106201
-0.27912137 0.9602165 0.0073139407 7.474121 -0.9599852 -0.27886108 -0.025354479 -29.683716 -0.022304483 -0.014101349 0.99965173 -1.5152588
-0.30216396 0.9530984 0.0071526 7.2089844 -0.95309055 -0.30208027 -0.010807775 -30.4906 -0.008136958 -0.0100845285 0.999916 -1.5166016
-0.32619178 0.94502497 0.01139163 6.9405518 -0.9450465 -0.3262721 0.006046392 -31.286133 0.009434078 -0.008791497 0.99991685 -1.5108643
-0.35254824 0.93561983 0.01844041 6.65625 -0.9354377 -0.35289252 0.020936448 -32.074463 0.026108038 -0.009877263 0.99961054 -1.4959717
-0.37478152 0.9267585 0.019362144 6.350464 -0.926243 -0.37523103 0.031501476 -32.86377 0.036462232 -0.006115705 0.99931604 -1.4658203
-0.40059125 0.91585344 0.017558675 6.0230713 -0.9151638 -0.40097162 0.035572443 -33.6438 0.03963401 -0.0018028505 0.99921244 -1.4207764
-0.42274046 0.90595376 0.016698252 5.6679688 -0.9052732 -0.4230703 0.035108022 -34.41992 0.038888365 -0.00027482724 0.99924374 -1.3793945
-0.44052947 0.89745724 0.0109310215 5.3045654 -0.8969415 -0.44064963 0.030645296 -35.18274 0.032334864 0.0036950205 0.9994704 -1.341919
-0.46224257 0.8872334 0.002807741 4.913086 -0.8868429 -0.46212924 0.028377518 -35.940308 0.026470881 0.0106107695 0.9995935 -1.3011475
-0.47406477 0.8807081 -0.0004521776 4.5074463 -0.8803395 -0.47385165 0.02917848 -36.681396 0.02548961 0.014224102 0.9995741 -1.2590332
-0.48455298 0.8749153 -0.0015655849 4.0979004 -0.8744789 -0.4842533 0.032501064 -37.407715 0.027682066 0.017108275 0.9994706 -1.2227783
-0.49504828 0.8692651 -0.0016987417 3.6964111 -0.8687525 -0.4946875 0.03537505 -38.114502 0.02989722 0.018959781 0.99937314 -1.1850586
-0.502938 0.86434543 0.0066074273 3.2944336 -0.8637144 -0.5028391 0.035124186 -38.823364 0.033669405 0.011960692 0.9993613 -1.1473389
-0.51613367 0.856334 0.007126633 2.885376 -0.8557821 -0.51607203 0.032548107 -39.514282 0.031560674 0.01070004 0.99944466 -1.1164551
-0.52283853 0.85204405 0.005969994 2.4542236 -0.851439 -0.5227095 0.03465381 -40.219604 0.032644916 0.013053652 0.9993815 -1.0791016
-0.53202397 0.8467303 0.0035279915 2.005127 -0.8460889 -0.5317746 0.036932275 -40.932495 0.033131085 0.016663508 0.99931175 -1.0380859
-0.5363127 0.8442702 0.004198312 1.5622559 -0.8435117 -0.5360302 0.04000683 -41.639526 0.036032144 0.01791515 0.9991904 -1.0101318
-0.53491867 0.845479 0.0062817344 1.1055908 -0.84462726 -0.5346891 0.041519158 -42.36841 0.03846976 0.016894506 0.99911773 -0.9758301
-0.5297293 0.8478577 0.00360059 0.6378174 -0.8470286 -0.52939016 0.04216135 -43.117188 0.03765344 0.019300316 0.99910414 -0.93444824
-0.5244376 0.8507517 0.0042912746 0.17651367 -0.8499485 -0.5241492 0.041077033 -43.869873 0.03720157 0.01792438 0.9991465 -0.8996582
-0.51771843 0.85550106 0.005800181 -0.29675293 -0.85473734 -0.5175226 0.0392696 -44.64856 0.036605373 0.015386583 0.9992115 -0.8568115
-0.50965536 0.8605298 0.007983202 -0.75231934 -0.85972387 -0.509545 0.039535403 -45.44043 0.038086064 0.013275927 0.9991864 -0.8190918
-0.50296086 0.86416847 0.009575105 -1.2038574 -0.8634091 -0.5029373 0.037783455 -46.245605 0.03745591 0.010742989 0.9992402 -0.77770996
-0.49904478 0.86624616 0.012584082 -1.6635742 -0.8655503 -0.49915755 0.035363346 -47.07129 0.03692619 0.0067650974 0.999295 -0.73999023
-0.4975329 0.8675604 0.017254092 -2.1317139 -0.86696804 -0.4978316 0.032060076 -47.911133 0.03641498 0.0009884965 0.99933666 -0.70043945
-0.49608827 0.86775726 0.019132143 -2.6104736 -0.8672355 -0.49645388 0.030131118 -48.79004 0.035637885 -0.0016310047 0.99936295 -0.65527344
-0.49745953 0.8669259 0.020242292 -3.10083 -0.8664545 -0.49786082 0.02876139 -49.664795 0.035033 -0.0032176273 0.9993809 -0.6176758
-0.498855 0.8664395 0.019116072 -3.5865479 -0.8659946 -0.49921426 0.02788531 -50.53076 0.03371573 -0.002642278 0.9994281 -0.57128906
-0.49745473 0.86735874 0.018918782 -4.102539 -0.8669225 -0.49780738 0.027632192 -51.4375 0.033386845 -0.0026596864 0.9994391 -0.5305176
-0.49745023 0.8672892 0.018707974 -4.6173096 -0.8668687 -0.49779466 0.027141403 -52.34326 0.03285923 -0.0027212421 0.99945647 -0.48632812
-0.49883544 0.8665916 0.018466612 -5.132202 -0.86621034 -0.49916765 0.025879871 -53.255493 0.031652987 -0.003082185 0.9994943 -0.44299316
-0.496014 0.86776334 0.01976259 -5.6469727 -0.867439 -0.49638098 0.024266971 -54.192505 0.03087534 -0.0050999443 0.9995101 -0.4025879
-0.49740103 0.86689204 0.020159 -6.1413574 -0.86659974 -0.49777424 0.023262464 -55.091187 0.03021193 -0.005883822 0.999526 -0.35412598
-0.49599463 0.86814904 0.020998627 -6.6502686 -0.8678773 -0.4963908 0.022796405 -56.016113 0.030210285 -0.006928914 0.9995197 -0.30651855
-0.49598265 0.868359 0.02052727 -7.1677246 -0.86813974 -0.4963513 0.02089403 -56.928345 0.028322132 -0.0074695973 0.99957114 -0.2611084
-0.49216112 0.8697091 0.01861276 -7.662842 -0.86953473 -0.49246362 0.018741986 -57.843994 0.02547724 -0.006946071 0.999651 -0.21362305
-0.4907681 0.8710362 0.016706217 -8.179321 -0.87086123 -0.49102077 0.018315628 -58.762817 0.024157757 -0.0055560647 0.9996927 -0.17346191
-0.48695293 0.87301713 0.016854811 -8.689941 -0.8728611 -0.48720598 0.017612325 -59.673218 0.023601886 -0.0061379937 0.9997026 -0.1340332
-0.48556325 0.8737821 0.015974024 -9.185059 -0.8736082 -0.4857987 0.018168474 -60.57202 0.02363696 -0.0051253997 0.9997072 -0.095214844
-0.48276758 0.8753905 0.016657641 -9.677856 -0.8752228 -0.4830194 0.018103674 -61.477905 0.02389155 -0.005835923 0.9996973 -0.051635742
-0.4841661 0.8745701 0.01821999 -10.167725 -0.8743805 -0.48446417 0.019350376 -62.383057 0.025755664 -0.006553707 0.9996466 -0.013183594
-0.48555672 0.87349313 0.021060172 -10.675293 -0.8733043 -0.4859362 0.020093681 -63.28772 0.02778941 -0.008616809 0.9995762 0.034057617
-0.49075818 0.87059265 0.02312617 -11.17749 -0.8704136 -0.49119794 0.020353116 -64.21155 0.029089795 -0.010134394 0.9995251 0.080200195
-0.49597287 0.8680462 0.022336297 -11.666748 -0.8678579 -0.49638835 0.020330314 -65.085205 0.028727362 -0.009297718 0.99954385 0.11828613
-0.50118756 0.8650729 0.017249627 -12.189575 -0.8649352 -0.50144184 0.016756674 -65.97095 0.023143053 -0.0065222415 0.9997108 0.17053223
-0.5063975 0.86213386 0.020340119 -12.677246 -0.862062 -0.5067078 0.014945325 -66.85657 0.023183074 -0.009965096 0.99968153 0.21020508
-0.5116281 0.8590456 0.020411031 -13.179565 -0.85896015 -0.51194453 0.015472102 -67.7229 0.02372434 -0.009613334 0.9996722 0.25048828
-0.515842 0.8566668 0.021113005 -13.692749 -0.85650694 -0.5162044 0.018602598 -68.58447 0.026831314 -0.008494214 0.99960405 0.2878418
-0.52107805 0.8530884 0.023525393 -14.190552 -0.8529228 -0.5215145 0.019502152 -69.43909 0.028902482 -0.009890944 0.999533 0.3244629
-0.5238821 0.85149646 0.0242934 -14.690796 -0.8513242 -0.5243454 0.019948598 -70.28931 0.029732637 -0.01023196 0.9995056 0.3720703
-0.5277202 0.8485597 0.0246131 -15.209351 -0.84841365 -0.5281829 0.019092083 -71.12866 0.029209148 -0.010792939 0.99951464 0.41601562
-0.5315564 0.8473388 0.018557435 -15.721924 -0.8473045 -0.5317987 0.012051884 -71.96655 0.020069413 -0.009320176 0.99975514 0.45532227
-0.53296834 0.84561163 0.01331348 -16.263916 -0.84566736 -0.5330409 0.0023626797 -72.79639 0.009098371 -0.009995086 0.9999085 0.4946289
-0.5343821 0.8446647 0.011691982 -16.776978 -0.84472656 -0.5344119 -0.0006697248 -73.63245 0.0056886645 -0.010235807 0.9999314 0.52233887
-0.53576934 0.84398466 0.013489213 -17.307251 -0.844018 -0.5358659 0.0047143884 -74.454346 0.011216733 -0.008864006 0.9998978 0.5410156
-0.5371707 0.84339327 0.016733514 -17.828247 -0.84337485 -0.5373626 0.01025509 -75.260254 0.01765005 -0.008606669 0.99980724 0.56762695
-0.53823787 0.84296995 0.012628425 -18.346924 -0.84284645 -0.53837895 0.014692452 -76.07959 0.019174617 -0.0027447888 0.99981236 0.59765625
-0.5358081 0.8437011 0.0090462025 -18.88562 -0.84356135 -0.5358841 0.0153655 -76.903076 0.017821424 0.0006161332 0.99984086 0.63464355
-0.5357893 0.8438509 0.007649296 -19.405151 -0.84376687 -0.53584385 0.011909346 -77.725586 0.014149956 -6.537698e-05 0.9998998 0.66674805
-0.5357716 0.84371245 0.006525697 -19.914307 -0.8436833 -0.5358088 0.0072093597 -78.54309 0.009582875 -0.0016380949 0.9999527 0.6921387
-0.53436506 0.8446089 0.004789386 -20.428223 -0.84461796 -0.53437203 0.000189357 -79.35962 0.002723081 -0.0039445735 0.9999885 0.711792
-0.53443855 0.8445664 0.012098718 -20.922974 -0.844653 -0.5343875 -0.007408273 -80.17468 0.00021586847 -0.014179108 0.99989945 0.73376465
-0.5317494 0.84697294 0.01890583 -21.418457 -0.8471839 -0.5316125 -0.012071295 -81.00256 -0.00017566537 -0.022429053 0.9997485 0.74072266
-0.5317063 0.8472255 0.014833947 -21.925049 -0.84735286 -0.531582 -0.011662621 -81.80847 -0.0020046497 -0.01875754 0.99982214 0.75671387
-0.5277926 0.84894544 0.0113939755 -22.427734 -0.8490212 -0.527726 -0.008457154 -82.614136 -0.0011628112 -0.014144763 0.9998993 0.7747803
-0.52111214 0.8532125 0.011902081 -22.939331 -0.85329264 -0.5210954 -0.0047131306 -83.428955 0.0021813412 -0.012616102 0.9999181 0.7850342
-0.51304126 0.8579971 0.0067406604 -23.430176 -0.85802317 -0.5130329 -0.0030582875 -84.2384 0.0008389733 -0.0073508946 0.99997264 0.80407715
-0.50639343 0.86287814 -0.00068037864 -23.904297 -0.8628783 -0.5063936 0.00010094346 -85.045166 -0.00025695632 0.0006380626 0.9999998 0.81884766
-0.49595585 0.8678547 0.0020292932 -24.380981 -0.8678569 -0.4959529 -0.0017625086 -85.86633 -0.0005222718 -0.0026353323 0.99999636 0.8388672
-0.4855525 0.87372553 0.0044388445 -24.825684 -0.8737353 -0.48553595 -0.004322037 -86.69849 -0.0016189408 -0.005981922 0.9999808 0.8438721
-0.4737722 0.8806983 0.0018789473 -25.281372 -0.8806823 -0.47374767 -0.007413345 -87.53381 -0.005637182 -0.005165615 0.99997073 0.8607178
-0.4620153 0.88692003 0.0015887194 -25.715576 -0.8868954 -0.46198726 -0.008485498 -88.36841 -0.0067910687 -0.0053258296 0.99996275 0.86364746
-0.45166576 0.89273596 0.000589655 -26.130493 -0.8927059 -0.451645 -0.008517239 -89.20886 -0.007336483 -0.0043650074 0.9999636 0.868042
-0.43756306 0.8990693 -0.0024769385 -26.552002 -0.89903706 -0.4375686 -0.007693545 -90.062256 -0.007998985 -0.0011391516 0.99996734 0.8803711
-0.42628312 0.90444875 -0.000976508 -26.949219 -0.904437 -0.42628273 -0.004734489 -90.90979 -0.004699993 -0.0011353014 0.9999884 0.880249
-0.41464105 0.9099505 0.0009472312 -27.327759 -0.9099352 -0.41463968 0.005453895 -91.74353 0.005354412 0.0013995296 0.9999847 0.8931885
-0.4020607 0.91582847 0.004345533 -27.703735 -0.91578186 -0.40208396 0.009264079 -92.589966 0.01022834 -0.00025629342 0.99994767 0.9061279
-0.39088622 0.9204728 0.0016468866 -28.05249 -0.9204519 -0.39088845 0.0063129244 -93.443115 0.006456 0.0009508534 0.9999787 0.9238281
-0.3790558 0.92535216 0.0009455655 -28.403687 -0.92534876 -0.37905693 0.0025154455 -94.30725 0.002687037 7.816206e-05 0.99999636 0.94592285
-0.3689065 0.92965204 0.004289289 -28.73352 -0.9296524 -0.3689197 0.0028706538 -95.16638 0.004250161 -0.002928059 0.9999867 0.9622803
-0.36289448 0.9318339 0.012193294 -29.049438 -0.93186015 -0.3629831 0.0059998604 -96.03027 0.010016325 -0.009190042 0.9999077 0.979126
-0.35552436 0.93421495 0.020380555 -29.372803 -0.93426937 -0.35578942 0.011200934 -96.901855 0.017726488 -0.015056062 0.99972945 0.9954834
-0.35184687 0.9355464 0.025565343 -29.692383 -0.93563724 -0.35226005 0.013879409 -97.77783 0.021991432 -0.019031491 0.9995768 1.029541
-0.34817466 0.93707854 0.026177429 -29.99878 -0.937199 -0.3485864 0.013146024 -98.64819 0.021445565 -0.019958606 0.99957085 1.0631104
-0.34383997 0.9385533 0.030882824 -30.311401 -0.9387996 -0.34433442 0.01229168 -99.5282 0.022165785 -0.024772178 0.99944746 1.091919
-0.3395018 0.9403483 0.028732387 -30.619751 -0.940609 -0.33987373 0.009098472 -100.41504 0.018305283 -0.023941506 0.99954593 1.1210938
-0.33355352 0.9424094 0.026106538 -30.92456 -0.94266385 -0.3338048 0.005824176 -101.282104 0.014198651 -0.02266626 0.9996423 1.1439209
-0.32697865 0.9444308 0.02804484 -31.232666 -0.94478303 -0.32715848 0.0019421456 -102.17261 0.011027113 -0.025867453 0.99960464 1.1778564
-0.32203218 0.946245 0.034543067 -31.515015 -0.9467857 -0.32228872 0.0019876938 -103.052124 0.013002757 -0.032055717 0.99940157 1.192749
-0.3148802 0.94832516 0.04265742 -31.78247 -0.94918406 -0.31517977 0.00032227673 -103.91492 0.0137280915 -0.040374212 0.9990903 1.2105713
-0.30660006 0.950801 0.04191121 -32.057007 -0.9515635 -0.30706042 0.0048656096 -104.778564 0.017502923 -0.038388893 0.99910945 1.2424316
-0.29929587 0.9531418 0.040035594 -32.3396 -0.95379925 -0.29979753 0.007014113 -105.64697 0.018717166 -0.03608512 0.9991732 1.2745361
-0.2920945 0.95545065 0.04081554 -32.601074 -0.95616806 -0.29254737 0.005467293 -106.52759 0.017164892 -0.037434768 0.9991517 1.300415
-0.28563765 0.95757735 0.040616415 -32.858032 -0.95836365 -0.28588834 0.00038558664 -107.39551 0.011977046 -0.038822494 0.9991747 1.3325195
-0.27688992 0.96001077 0.039293014 -33.10437 -0.9607759 -0.27701643 -0.0022932962 -108.284546 0.00869367 -0.038408812 0.9992246 1.3571777
-0.27197322 0.961369 0.044020414 -33.336426 -0.96229905 -0.27224487 0.00017758273 -109.14966 0.012148407 -0.042297162 0.99903095 1.3817139
-0.26605996 0.9630796 0.042835027 -33.571045 -0.9639188 -0.26644528 0.0034483494 -110.02576 0.014725762 -0.040362116 0.9990765 1.4022217
-0.25866938 0.9649177 0.04365646 -33.796265 -0.9657798 -0.25909963 0.0043990063 -110.90112 0.015567028 -0.041030217 0.99903667 1.4178467
-0.25156775 0.9666826 0.044239547 -34.0166 -0.96759665 -0.25192884 0.0026825108 -111.78418 0.013749405 -0.04212922 0.99901724 1.4488525
-0.24437274 0.96902186 0.04028148 -34.236084 -0.9697714 -0.24469626 0.0032475223 -112.65588 0.012976911 -0.038266703 0.99918365 1.4608154
-0.23564456 0.9711654 0.036760565 -34.453857 -0.9717736 -0.23596168 0.004485446 -113.541626 0.013022872 -0.034674007 0.99931407 1.491333
-0.22921336 0.97280353 0.035664774 -34.66736 -0.9733834 -0.2294923 0.0038851271 -114.427124 0.011958411 -0.033822242 0.9993563 1.519043
-0.22137402 0.97435844 0.041640088 -34.858887 -0.9751848 -0.22164308 0.001901187 -115.321045 0.011080472 -0.04017682 0.999131 1.5428467
-0.21507369 0.97563636 0.046000537 -35.049805 -0.976662 -0.21533677 0.0007799114 -116.22742 0.010666223 -0.044745788 0.9989413 1.5667725
-0.21063493 0.9765468 0.043627325 -35.246704 -0.97746867 -0.21087696 0.00096565136 -117.14038 0.010154259 -0.042456597 0.9990469 1.5874023
-0.20641446 0.977622 0.041529775 -35.429688 -0.97845453 -0.20664299 0.0012452216 -118.01294 0.009791547 -0.040379252 0.9991366 1.6079102
-0.20065047 0.9788631 0.039683647 -35.622803 -0.9796058 -0.20092607 0.0030419182 -118.92224 0.010949236 -0.03825767 0.9992078 1.6212158
-0.19490933 0.98035944 0.034199793 -35.8125 -0.9809216 -0.19507408 0.0015262363 -119.803345 0.008148996 -0.033250347 0.9994141 1.6380615
-0.1898054 0.9814924 0.025815414 -36.001953 -0.9818173 -0.18988048 0.0004690592 -120.69653 0.0053661554 -0.025257416 0.9996667 1.6583252
-0.18477024 0.9824667 0.022242665 -36.164795 -0.98271203 -0.18480384 -0.00055153784 -121.57214 0.0035677194 -0.021970624 0.9997524 1.677124
-0.18062402 0.9832789 0.024552895 -36.323486 -0.9835689 -0.18070862 0.0012600024 -122.47815 0.0056653214 -0.023918523 0.99969804 1.6811523
-0.17694868 0.98385304 0.025940366 -36.47522 -0.9841741 -0.17705594 0.0018787332 -123.35852 0.0064501395 -0.025204578 0.9996616 1.6992188
-0.17567098 0.9841544 0.028766552 -36.62683 -0.984554 -0.17578146 0.0013493467 -124.249756 0.0063678506 -0.028085923 0.99958545 1.7132568
-0.174181 0.98427874 0.028591724 -36.776367 -0.9846822 -0.1742463 -0.00021171526 -125.12842 0.0047688326 -0.028188229 0.99959123 1.7287598
-0.17354561 0.9844779 0.026353301 -36.933228 -0.9848299 -0.1735133 -0.0035348744 -126.01526 0.001100769 -0.02656077 0.9996465 1.7449951
-0.17298079 0.9846377 0.025217596 -37.08081 -0.9849452 -0.17277907 -0.009981549 -126.88635 -0.005475931 -0.026560681 0.99963224 1.7550049
-0.17149653 0.9849159 0.024483252 -37.2323 -0.9851918 -0.1712501 -0.0118421 -127.763794 -0.007474326 -0.026159532 0.9996299 1.7658691
-0.17079999 0.9849989 0.026721733 -37.38025 -0.9853565 -0.17065158 -0.0077547496 -128.62878 -0.0030780924 -0.027655179 0.99961275 1.7727051
-0.17005336 0.9851247 0.025315173 -37.52954 -0.98544925 -0.17002453 -0.0033045188 -129.49304 0.0010470073 -0.025499813 0.99967414 1.777832
-0.17007291 0.9850835 0.027136626 -37.670044 -0.98545575 -0.17005205 -0.0030985083 -130.35962 0.0015633092 -0.027255472 0.99962705 1.7862549
-0.168612 0.98522365 0.02834701 -37.81128 -0.9856312 -0.16854204 -0.0048635444 -131.22131 -1.23092905e-05 -0.028756361 0.99958634 1.7929688
-0.1678822 0.9854546 0.024122054 -37.96338 -0.98574954 -0.16784431 -0.0036035962 -132.07251 0.0004993398 -0.024376493 0.99970263 1.8063965
-0.16789639 0.98548996 0.025293117 -38.10388 -0.98581415 -0.16785908 -0.0036130203 -132.93262 0.0006877966 -0.025534865 0.9996736 1.8272705
-0.16646981 0.9853511 0.03432899 -38.23755 -0.98593664 -0.16654037 -0.0008151913 -133.78845 0.0049233353 -0.033987664 0.99941003 1.8302002
-0.16651656 0.9852131 0.03997142 -38.36621 -0.9859912 -0.16670406 0.0013907971 -134.64563 0.008028619 -0.039200142 0.99919957 1.8425293
-0.16800426 0.98500115 0.040420927 -38.497437 -0.9857852 -0.16824496 0.0026021376 -135.48804 0.009353607 -0.039392848 0.9991798 1.8631592
-0.16513944 0.98548955 0.03893638 -38.64087 -0.98620063 -0.16542734 0.004265932 -136.33069 0.010643255 -0.03768775 0.99923277 1.8865967
-0.1642618 0.9856076 0.03903847 -38.766357 -0.98630065 -0.16462423 0.0062331473 -137.16418 0.012579365 -0.03749566 0.99921787 1.9047852
-0.16223311 0.98620594 0.03251162 -38.91516 -0.9866862 -0.16248491 0.0052414984 -138.01624 0.010447684 -0.031226493 0.99945766 1.9212646
-0.16005468 0.9868386 0.026249152 -39.05481 -0.9871691 -0.16015771 0.0018635418 -138.85657 0.006034175 -0.025617419 0.99965376 1.9472656
-0.15940453 0.98704016 0.019289691 -39.198242 -0.98722774 -0.15934886 -0.004398793 -139.69592 -0.0012681633 -0.019740643 0.9998043 1.9666748
-0.15569389 0.9876775 0.012431016 -39.325806 -0.9877529 -0.1556511 -0.00433686 -140.52551 -0.0023497846 -0.0129614435 0.9999133 1.9771729
-0.15155865 0.98843807 0.014673989 -39.447144 -0.9885409 -0.15159297 0.0012560063 -141.34314 0.003455651 -0.014312604 0.9998916 1.9949951
-0.14445043 0.98948866 0.012041889 -39.56079 -0.9895455 -0.14450754 0.004002811 -142.16125 0.005703275 -0.011340458 0.9999195 2.0043945
-0.13459647 0.99078596 0.010787764 -39.67444 -0.9908181 -0.1346649 0.005876192 -143.00842 0.0072768996 -0.009898969 0.99992454 2.006958
-0.12562156 0.992067 0.007520997 -39.780518 -0.9920929 -0.12563491 0.0013248981 -143.81384 0.0022582533 -0.007292395 0.99997085 2.020996
-0.11437321 0.993428 0.0025701309 -39.875977 -0.99343103 -0.11437118 -0.0009310972 -144.59705 -0.0006303103 -0.0026601185 0.99999624 2.0379639
-0.09979092 0.99495316 -0.0018767444 -39.964844 -0.9949547 -0.09979189 -0.00040704664 -145.4607 -0.00059292046 0.001826888 0.99999815 2.0635986
-0.08529926 0.9963228 -0.0031493483 -40.039307 -0.9963278 -0.08529888 0.00024253596 -146.25684 -2.8191134e-05 0.0031596348 0.999995 2.076538
-0.07217385 0.9973658 -0.005829531 -40.094604 -0.9973827 -0.07216882 0.0010718522 -147.05713 0.00064806873 0.0058923494 0.9999824 2.0863037
-0.057887327 0.99823797 -0.011006146 -40.138794 -0.99829394 -0.0578494 0.0037374655 -147.84558 0.0030916878 0.011209308 0.9999324 2.095581
-0.04429282 0.99897087 -0.006923711 -40.168823 -0.9989514 -0.0442251 0.009640015 -148.66089 0.009321465 0.0073441043 0.99992955 2.1102295
-0.032198682 0.9994855 0.0010466138 -40.174194 -0.999282 -0.032213323 0.020180311 -149.42407 0.02020146 -0.00040407013 0.9997959 2.1176758
-0.017984986 0.99981564 0.007150219 -40.173462 -0.9994324 -0.018181918 0.028463174 -150.22888 0.028598867 -0.0066381465 0.99956906 2.1409912
