1 0 0 0 0 1 0 0 0 0 1 0
0.99987307 0.00082746644 0.015910772 -0.010092917 -0.00081306343 0.99999925 -0.00091168685 -0.0024023142 -0.015911516 0.00089863469 0.999873 0.12278957
0.99928975 0.0030264206 0.03756118 0.016116236 -0.00299758 0.99999517 -0.00082412644 0.0026967483 -0.037563496 0.0007109485 0.99929399 0.26767428
0.99797752 0.0050131505 0.063369789 0.051401526 -0.005042946 0.99998724 0.00031024106 0.000730065 -0.063367431 -0.000629184 0.99799007 0.42135192
0.995211 0.0046135922 0.097641042 0.084909777 -0.004907107 0.99998413 0.0027661281 0.0021196156 -0.09762674 -0.0032320162 0.99521785 0.58960682
0.99075087 0.0014428647 0.1356858 0.15538169 -0.0021216591 0.99998595 0.0048582164 -0.0012499469 -0.1356769 -0.0051011612 0.99074001 0.78761306
0.98465506 -0.0019397965 0.17450112 0.23999198 0.00098997169 0.99998422 0.0055299666 -0.0017943306 -0.17450911 -0.0052723584 0.98464145 0.9726838
0.97608542 -0.0023318116 0.21737483 0.325038 0.0008920158 0.99997701 0.0067214516 -0.0051126767 -0.21738552 -0.006366809 0.97606506 1.1855997
0.96435656 -0.0021699114 0.26459726 0.40504496 -0.00045345433 0.99995135 0.009853078 0.0034230887 -0.26460579 -0.0096218631 0.96430867 1.3983131
0.95001836 -0.0059853903 0.31213665 0.5489373 0.00085880332 0.99986252 0.016559057 0.013043123 -0.31219288 -0.015463344 0.94989289 1.6335404
0.93278901 -0.015612988 0.36008457 0.70907781 0.0071916737 0.99966867 0.02471503 -0.0017925335 -0.36035117 -0.020464297 0.93259223 1.8526644
0.91173707 -0.021289289 0.41022221 0.84115117 0.0098727214 0.99950328 0.02992863 -0.0055038287 -0.41065564 -0.023237032 0.91149438 2.066738
0.8868003 -0.023076076 0.46157632 1.0365912 0.0085618107 0.99940155 0.033514826 -0.0020365897 -0.46207352 -0.025769029 0.88646717 2.3165488
0.85902239 -0.025348368 0.51131005 1.2154654 0.00688647 0.99925519 0.037968854 0.022298322 -0.51189172 -0.029094975 0.85855715 2.5258218
0.8265653 -0.030608632 0.56200791 1.4622944 0.0080507978 0.999061 0.042571251 0.022675457 -0.56278328 -0.030663307 0.82603557 2.7633539
0.79094595 -0.036204745 0.61081396 1.6749818 0.0099677253 0.99887789 0.046299184 0.024771958 -0.61180486 -0.030531726 0.79041929 2.9806415
0.75220303 -0.040751382 0.65767004 1.9283636 0.011116652 0.99872856 0.04916993 0.035090957 -0.65883765 -0.029674682 0.75169967 3.1901208
0.71309521 -0.044164726 0.69967468 2.2361762 0.012668839 0.99866257 0.050125539 0.045913042 -0.70095276 -0.026880216 0.71270101 3.3968456
0.67127867 -0.045892074 0.73978295 2.5062708 0.011725829 0.99861401 0.051308521 0.062072471 -0.74111234 -0.025767747 0.67088641 3.6096772
0.62945293 -0.046288583 0.77565864 2.8745023 0.0072317763 0.99852984 0.053720111 0.083564793 -0.777005 -0.028204891 0.62886228 3.8278741
0.58526054 -0.046983904 0.8094829 3.2113364 0.0041989315 0.99848204 0.054917918 0.10018125 -0.81083447 -0.028742327 0.58456942 4.0195127
0.54577963 -0.048157994 0.83654369 3.5670529 0.0020810169 0.9984219 0.056119268 0.11787705 -0.8379262 -0.028887891 0.54501855 4.235491
0.50684214 -0.050806413 0.86054035 4.0069428 0.0012669618 0.9983045 0.058193809 0.13515961 -0.86203799 -0.028404803 0.50604716 4.4243009
0.46918372 -0.05048573 0.88165626 4.4150929 -0.0017734667 0.99830865 0.058109293 0.15548423 -0.88309884 -0.028827522 0.46830063 4.623527
0.43324853 -0.049891103 0.89989251 4.8815251 -0.0028175019 0.99838682 0.056708214 0.18303447 -0.90127013 -0.027104199 0.43240905 4.8238264
0.39976262 -0.048677049 0.91532525 5.3702203 -0.0016838313 0.99854825 0.053838255 0.20062157 -0.91661719 -0.023063775 0.3991003 4.9907709
0.36969238 -0.047035901 0.92796287 5.8815356 0.00055032561 0.99872878 0.050403586 0.2226293 -0.92915408 -0.01812314 0.36924831 5.1828661
0.34426378 -0.044976803 0.937795 6.4385035 0.0010029839 0.99886894 0.047537724 0.24623208 -0.93887247 -0.015424923 0.34391951 5.3512386
0.32410279 -0.044637685 0.94496814 7.0018594 0.0028635065 0.9989279 0.046204477 0.27029662 -0.94601758 -0.012269077 0.32388313 5.5097555
0.30849609 -0.044961938 0.95016236 7.5967724 0.0036311387 0.99893066 0.046090719 0.29691569 -0.95121872 -0.010768635 0.30832947 5.7311176
0.29571668 -0.046498949 0.95414329 8.2065469 0.0043652841 0.99886997 0.047325718 0.31153205 -0.95526576 -0.0098298968 0.29558549 5.9235997
0.28506006 -0.048172624 0.95729833 8.8713947 0.0033517159 0.99878027 0.049261995 0.34354056 -0.95850384 -0.010834034 0.28487382 6.104531
0.27519836 -0.049853735 0.96009395 9.5246476 0.0017885497 0.99867939 0.051344654 0.37345502 -0.96138584 -0.012412788 0.2749241 6.314087
0.26441831 -0.051785038 0.96301671 10.217572 0.0010170563 0.99857174 0.053417709 0.40254419 -0.96440759 -0.013145178 0.26409332 6.4609119
0.25395638 -0.053557426 0.96573168 10.928645 -0.00013200195 0.99846382 0.055407393 0.42709212 -0.9672157 -0.014198539 0.25355919 6.6608086
0.24420965 -0.055208761 0.96814955 11.658218 0.0001888802 0.99838072 0.05688505 0.46297544 -0.96972248 -0.013709013 0.24382463 6.8441941
0.23347417 -0.056733712 0.97070645 12.423342 -0.00068222617 0.9982866 0.058509745 0.49150191 -0.97236281 -0.014322755 0.23303543 7.0334297
0.22306769 -0.059622808 0.97297782 13.166632 -0.0019083256 0.99809911 0.061599715 0.52502726 -0.97480113 -0.015597664 0.22252988 7.2155271
0.21239652 -0.063018344 0.97514939 13.960081 -0.0040510053 0.99785301 0.065367895 0.56553136 -0.97717521 -0.017834248 0.21168521 7.377726
0.19836406 -0.066741746 0.97785334 14.766383 -0.0037893562 0.99761917 0.068859524 0.61129797 -0.98012113 -0.017364689 0.19763888 7.5476926
0.18553559 -0.069097398 0.98020509 15.538407 -0.0049195118 0.99744679 0.07124399 0.64495825 -0.98262527 -0.018040425 0.18472195 7.7175707
0.17152085 -0.069951243 0.98269392 16.317973 -0.005749466 0.99738801 0.072000734 0.68329423 -0.98516375 -0.017999592 0.17067066 7.8461627
0.15717742 -0.069088456 0.98515073 17.128083 -0.006727554 0.99745188 0.071024491 0.72111641 -0.98754751 -0.017791101 0.15631212 7.9563919
0.14008945 -0.068004441 0.98780072 17.924222 -0.0082333073 0.99752412 0.069841486 0.76229365 -0.99010466 -0.017916922 0.13918271 8.0884511
0.11867892 -0.066417425 0.99070882 18.754664 -0.011278655 0.9976058 0.068230892 0.79817336 -0.99286867 -0.019271431 0.11764568 8.1697024
0.095208289 -0.065138897 0.99332383 19.584449 -0.014962032 0.9976504 0.066856703 0.83994578 -0.99534497 -0.021227455 0.094009976 8.2457108
0.065998291 -0.06474333 0.99571705 20.399387 -0.019124451 0.99762738 0.066135153 0.87906766 -0.99763649 -0.023407349 0.06460352 8.3120108
0.0324234 -0.064364929 0.99739952 21.256289 -0.022594295 0.99762202 0.065113781 0.91774406 -0.99921885 -0.024646749 0.030892016 8.3136256
-0.0025880639 -0.063720224 0.9979644 22.07793 -0.023015467 0.99770723 0.063644116 0.95314988 -0.9997318 -0.022803901 -0.0040486823 8.3090194
-0.034764765 -0.062875628 0.99741565 22.937907 -0.024101404 0.99778146 0.062058637 0.98469862 -0.99910491 -0.021881663 -0.03620303 8.2903497
-0.069461145 -0.060613963 0.99574144 23.762639 -0.026593499 0.99791014 0.058890863 1.0187482 -0.99723017 -0.022389622 -0.07092792 8.2233024
-0.10148513 -0.057431302 0.99317789 24.600747 -0.029344049 0.99807069 0.054715791 1.0526239 -0.99440423 -0.023591021 -0.1029746 8.1325055
-0.13497665 -0.053199492 0.98941955 25.435269 -0.026676189 0.99839076 0.050042694 1.0784687 -0.99048966 -0.019639347 -0.1361786 7.9922847
-0.1651888 -0.047492228 0.98511779 26.262782 -0.021731968 0.9987727 0.044506417 1.0949987 -0.98602255 -0.014056586 -0.16601816 7.8431256
-0.19659659 -0.041239981 0.97961674 27.116666 -0.015174322 0.99912337 0.03901588 1.1101093 -0.98036707 -0.0071946305 -0.19705004 7.6565572
-0.22434549 -0.035532736 0.97386162 27.932757 -0.0096767353 0.99936699 0.034234137 1.1220644 -0.97446167 -0.001743526 -0.22454732 7.4640243
-0.25264698 -0.028999005 0.96712382 28.730672 -0.0010315289 0.99955826 0.029702074 1.1396148 -0.96755802 0.0065065242 -0.2525653 7.2334193
-0.28132332 -0.018801903 0.95942879 29.54486 0.004300472 0.99977329 0.020853516 1.135313 -0.95960344 0.0099925781 -0.28117869 6.9754338
-0.30247614 -0.0035305114 0.95315038 30.33574 0.0088591736 0.99993953 0.0065152229 1.1262612 -0.95311583 0.010414825 -0.30242657 6.7393787
-0.32753629 0.013421651 0.94474322 31.126445 0.009991356 0.99989239 -0.010741198 1.103756 -0.94478581 0.0059211346 -0.32763515 6.4427844
-0.35365685 0.027782141 0.93496252 31.83834 0.008082994 0.99961226 -0.026645733 1.0753803 -0.93534035 -0.0018661488 -0.35374429 6.1696709
-0.3779863 0.038826332 0.92499665 32.600869 0.011867424 0.99924134 -0.03709327 1.0362651 -0.92573516 -0.0030434202 -0.37816031 5.8469203
-0.40239005 0.043940544 0.91441315 33.39337 0.016526218 0.99903333 -0.040734411 0.9910864 -0.91531918 -0.0012793298 -0.40272724 5.5071999
-0.42448624 0.042938054 0.90441566 34.104493 0.018439581 0.99907771 -0.038777639 0.93946436 -0.90524664 0.00021647233 -0.4248865 5.1620295
-0.44459764 0.039635187 0.89485302 34.850484 0.022875556 0.99919711 -0.032891374 0.89998932 -0.89543828 0.0058468342 -0.44514735 4.7836599
-0.46306643 0.038401403 0.88549125 35.568004 0.029947425 0.99916841 -0.027670315 0.86425428 -0.88581753 0.01370499 -0.46383137 4.371469
-0.47647813 0.039259634 0.87830929 36.285148 0.033960563 0.99907879 -0.026234496 0.82033122 -0.87853021 0.017327716 -0.47737247 3.9717728
-0.48804477 0.042526933 0.87178191 36.963494 0.036286655 0.99893735 -0.028415626 0.76770533 -0.87206402 0.017765953 -0.48906931 3.5818033
-0.49782802 0.045110967 0.86610173 37.662201 0.03832553 0.99881505 -0.029994155 0.72973474 -0.86642858 0.018261878 -0.49896702 3.1749334
-0.5079975 0.04437496 0.8602147 38.341058 0.032027733 0.9989546 -0.032618091 0.67866184 -0.86076293 0.010980818 -0.50888767 2.7699842
-0.51978771 0.043063994 0.85320933 39.029696 0.030015759 0.99903263 -0.032138083 0.64841344 -0.85376803 0.0089047466 -0.52057748 2.3574076
-0.52817817 0.044697932 0.84795628 39.712557 0.032472479 0.99894635 -0.032430423 0.6058837 -0.84851248 0.010406202 -0.5290731 1.9174266
-0.53499518 0.047846737 0.84349913 40.391135 0.036563765 0.99877089 -0.033463566 0.56253631 -0.84406357 0.012938658 -0.53608707 1.4898949
-0.53932265 0.050981682 0.84055451 41.073532 0.037487218 0.99862969 -0.036516507 0.52815249 -0.84126443 0.011815872 -0.54049477 1.0405497
-0.53896142 0.052523943 0.84069124 41.775059 0.036082371 0.9985775 -0.039256054 0.47309764 -0.84155731 0.0091766362 -0.54008993 0.59773842
-0.53568376 0.05357037 0.84271766 42.514296 0.038970351 0.99849065 -0.038700659 0.43743852 -0.84351899 0.01210969 -0.53696288 0.14521749
-0.52992476 0.052418245 0.84642307 43.260887 0.037562042 0.99855917 -0.038323226 0.39444766 -0.84721243 0.011484954 -0.53113016 -0.3136254
-0.52260877 0.05080535 0.85105748 44.006408 0.034799616 0.99866216 -0.038247471 0.34693607 -0.85186215 0.0096280105 -0.52367761 -0.77203017
-0.51533702 0.050276555 0.85551152 44.784442 0.033155053 0.99869992 -0.038719717 0.29333042 -0.85634605 0.0084108263 -0.51633397 -1.2432673
-0.50916483 0.048825235 0.85928296 45.592897 0.030010475 0.99878964 -0.038969538 0.25009784 -0.86014569 0.0059455727 -0.51001382 -1.7122286
-0.50487345 0.046704504 0.8619289 46.402098 0.026171072 0.99890433 -0.038796995 0.20090534 -0.86279658 0.0029700319 -0.50554258 -2.1540754
-0.50381371 0.043979379 0.862692 47.256877 0.021105975 0.99903167 -0.038603941 0.15017724 -0.86355448 -0.0012412383 -0.50425408 -2.6369675
-0.50429753 0.041684326 0.86252325 48.08426 0.018917346 0.99912781 -0.037225661 0.10885212 -0.86332277 -0.0024561576 -0.50464625 -3.104987
-0.50500438 0.040182875 0.86218087 48.940225 0.016870854 0.99918441 -0.036686323 0.054098045 -0.86295192 -0.0039810255 -0.50527042 -3.6005404
-0.50545898 0.03993021 0.86192617 49.812535 0.017014091 0.99919566 -0.036311888 0.0016922415 -0.86268291 -0.003689279 -0.5057318 -4.1085353
-0.50557102 0.038910058 0.86190712 50.688293 0.016663658 0.99923658 -0.035335234 -0.047293195 -0.86262409 -0.0035019438 -0.50583344 -4.6150315
-0.50526971 0.038457038 0.86210412 51.558756 0.016959737 0.99925611 -0.034635245 -0.096910692 -0.86279485 -0.0028790809 -0.50554607 -5.1294326
-0.50564809 0.037508411 0.86192405 52.462322 0.016524885 0.99929227 -0.033791942 -0.15218011 -0.86258159 -0.0028436337 -0.50591005 -5.6496517
-0.50536445 0.036336807 0.86214056 53.367144 0.014796485 0.999331 -0.033445682 -0.20811813 -0.86277917 -0.0041456081 -0.50556402 -6.1567598
-0.50601278 0.035837506 0.86178111 54.260131 0.014592275 0.99934915 -0.032990167 -0.26139779 -0.86240257 -0.004118098 -0.50620639 -6.6702932
-0.50513298 0.035127286 0.86232632 55.149351 0.013272072 0.99936936 -0.032935293 -0.31548217 -0.8629395 -0.0051918449 -0.50528064 -7.200957
-0.50393999 0.034064358 0.86306665 56.028972 0.013236286 0.99940924 -0.031717063 -0.36336105 -0.86363728 -0.0045596985 -0.50409317 -7.6990837
-0.50206868 0.0315055 0.86425365 56.916627 0.013409149 0.99949968 -0.028646014 -0.42145966 -0.86472383 -0.0027933599 -0.50223995 -8.2238458
-0.49902372 0.030383527 0.86605548 57.80965 0.013879553 0.99953721 -0.02706898 -0.471805 -0.8664772 -0.0014875996 -0.49921449 -8.7472178
-0.49715425 0.029710567 0.86715331 58.697755 0.013774047 0.99955788 -0.026350132 -0.52570884 -0.86755287 -0.0011558685 -0.49734368 -9.2327443
-0.49439059 0.030354769 0.86870966 59.598436 0.01453629 0.99953904 -0.02665352 -0.57441809 -0.86911835 -0.00054943387 -0.49460394 -9.7487354
-0.49354386 0.030783745 0.86917591 60.479706 0.014642729 0.99952586 -0.027085793 -0.62165164 -0.86959767 -0.00064091836 -0.49376061 -10.240451
-0.49443032 0.032209325 0.86862026 61.375616 0.014035995 0.99947876 -0.029072214 -0.67589177 -0.86910397 -0.0021822334 -0.49462469 -10.738904
-0.49707295 0.034000801 0.86704231 62.233001 0.012831117 0.99941076 -0.031835544 -0.72346331 -0.86761392 -0.0046994661 -0.49721632 -11.240117
-0.50138735 0.034704904 0.86452659 63.118696 0.011493817 0.99937422 -0.033452216 -0.78129367 -0.86514662 -0.006835807 -0.50147249 -11.729065
-0.50775516 0.033164045 0.86086281 63.990644 0.011200987 0.99942844 -0.031895592 -0.83409474 -0.86142864 -0.0065526378 -0.50783642 -12.221151
-0.51289775 0.030953901 0.85789142 64.848831 0.014538626 0.99951959 -0.027371995 -0.89236074 -0.85832662 -0.0015664712 -0.51310138 -12.744157
-0.51824004 0.02870251 0.85475339 65.701928 0.011589176 0.99958059 -0.026539228 -0.94324524 -0.85515672 -0.0038478019 -0.51835533 -13.24905
-0.52318961 0.030990717 0.8516526 66.552928 0.012458964 0.99950993 -0.028717258 -0.99788563 -0.85212527 -0.0044138617 -0.52331932 -13.771029
-0.52755675 0.034135645 0.84883365 67.386646 0.01371489 0.99940438 -0.031666898 -1.0417709 -0.84940911 -0.0050644251 -0.52771069 -14.291659
-0.53335352 0.033686547 0.84522138 68.224819 0.01197481 0.99940728 -0.032275298 -1.0961988 -0.84580771 -0.0070927777 -0.53344078 -14.799414
-0.53617491 0.034214034 0.84341319 69.043646 0.010582613 0.99937214 -0.033813106 -1.1518555 -0.8440406 -0.0092042232 -0.53620034 -15.328013
-0.53956691 0.03359644 0.84127211 69.872708 0.010886849 0.99939841 -0.032928756 -1.206302 -0.84187237 -0.0086084644 -0.53960807 -15.849494
-0.54239832 0.027076131 0.83968499 70.690309 0.013045014 0.99963145 -0.023807211 -1.2521176 -0.84002021 -0.0019592878 -0.54255163 -16.374497
-0.54441278 0.01879497 0.83860683 71.516962 0.013169117 0.99981724 -0.013858817 -1.2968624 -0.83871411 0.0034987954 -0.54456079 -16.902572
-0.54645482 0.015552802 0.83734412 72.336162 0.012840862 0.99986561 -0.010191461 -1.3380036 -0.83739017 0.0051830476 -0.5465811 -17.431098
-0.54675826 0.021767861 0.83700747 73.135855 0.013759817 0.9997606 -0.01701222 -1.3686933 -0.83717748 0.0022154987 -0.54692689 -17.949442
-0.54871394 0.027058571 0.83557213 73.928635 0.014362095 0.99963368 -0.022939942 -1.4106721 -0.83588684 -0.00058689892 -0.54890155 -18.462657
-0.54957176 0.032005205 0.83483321 74.730409 0.020418298 0.999482 -0.024875994 -1.4492325 -0.835197 0.0033747306 -0.54994058 -18.985337
-0.54879114 0.032865508 0.83531316 75.523449 0.023814649 0.99943597 -0.02367699 -1.4876297 -0.83562025 0.0068989679 -0.54926429 -19.524594
-0.5477892 0.030180681 0.83607181 76.315604 0.023491892 0.99950993 -0.020688755 -1.5364309 -0.83628655 0.0083078328 -0.54822974 -20.047473
-0.54733965 0.024899056 0.83654006 77.125355 0.021275919 0.99964826 -0.015833244 -1.5666622 -0.83664012 0.0091319977 -0.54767688 -20.567471
-0.54659515 0.019259933 0.83717545 77.91799 0.0198821 0.99975213 -0.010019046 -1.5984521 -0.83716098 0.011168445 -0.54684259 -21.084789
-0.54684613 0.012290151 0.83714288 78.725135 0.010643016 0.9999135 -0.0077274681 -1.6374723 -0.83716551 0.0046839902 -0.54692964 -21.586698
-0.5449888 0.0070431397 0.8384137 79.521505 0.0020729231 0.99997298 -0.0070528764 -1.6597029 -0.8384408 -0.0021057708 -0.54498868 -22.08525
-0.54295235 0.0073005476 0.83973174 80.313312 0.0049144942 0.99997271 -0.0055160605 -1.6865842 -0.83974916 0.0011318996 -0.54297341 -22.60285
-0.54081289 0.010953153 0.84107157 81.106973 0.010783603 0.99992332 -0.0060879496 -1.7140301 -0.84107383 0.0057773409 -0.54088954 -23.100362
-0.534075 0.013910806 0.84532262 81.900994 0.01129478 0.99989279 -0.0093184002 -1.7467396 -0.84536169 0.0045710094 -0.53417486 -23.604831
-0.52757252 0.016567171 0.8493484 82.681769 0.017167328 0.99981356 -0.0088386237 -1.7675848 -0.84933655 0.0099180284 -0.52775857 -24.080957
-0.51999307 0.019492494 0.853948 83.479823 0.024810884 0.99966243 -0.0077105695 -1.8058699 -0.8538101 0.017177763 -0.52030116 -24.574404
-0.5100497 0.018865022 0.85993799 84.277187 0.023116291 0.99969899 -0.0082202276 -1.8313915 -0.85983429 0.015685853 -0.51033226 -25.042682
-0.49982658 0.016084525 0.86597611 85.089775 0.018989439 0.99979073 -0.0076096003 -1.85704 -0.86591735 0.012640921 -0.50002741 -25.49442
-0.48708401 0.013570886 0.87324964 85.913946 0.021292521 0.99976659 -0.003660433 -1.8751988 -0.87309556 0.016810749 -0.48725928 -25.9526
-0.4764873 0.012119779 0.87909777 86.728813 0.020395879 0.99978826 -0.0027287457 -1.9046818 -0.87894478 0.01662976 -0.4766336 -26.385048
-0.46516717 0.011015135 0.88515428 87.553135 0.019700132 0.99980375 -0.002089035 -1.926182 -0.88500366 0.016465907 -0.46529288 -26.804832
-0.45247776 0.013140129 0.89167883 88.375282 0.023962552 0.99970955 -0.0025724398 -1.9436234 -0.89145372 0.02020293 -0.45266121 -27.226134
-0.44082223 0.016202276 0.89744815 89.199931 0.022887434 0.99971488 -0.0068063717 -1.9778946 -0.89730262 0.017539886 -0.44106738 -27.618227
-0.4291467 0.026256285 0.90285306 90.039549 0.025971324 0.9995228 -0.016722818 -1.9990925 -0.90286138 0.016271749 -0.42962382 -28.010018
-0.41667153 0.031003959 0.90852822 90.862574 0.025885845 0.99941762 -0.02223377 -2.0317532 -0.90868852 0.014253842 -0.41723144 -28.376915
-0.40551371 0.027236448 0.91368306 91.705139 0.023054288 0.99954277 -0.019563856 -2.0627817 -0.91379823 0.013130901 -0.40595622 -28.746843
-0.39340162 0.023847019 0.91905735 92.546178 0.024929461 0.99957266 -0.015265138 -2.1043202 -0.91902871 0.016906275 -0.39382799 -29.091594
-0.38316335 0.023941397 0.92337023 93.393974 0.020548801 0.99963757 -0.017391909 -2.1438277 -0.92345204 0.01231021 -0.38351645 -29.425395
-0.37617658 0.028377116 0.9261133 94.229786 0.015724931 0.99958246 -0.024241003 -2.182778 -0.92641458 0.0054441705 -0.37646575 -29.753964
-0.37093352 0.033119821 0.9280686 95.082209 0.0083156716 0.99944223 -0.032343282 -2.2183864 -0.92862223 -0.0042796931 -0.37100204 -30.083386
-0.36654538 0.035039268 0.9297401 95.915868 0.0051166265 0.9993514 -0.035645514 -2.2661358 -0.93038614 -0.0083085651 -0.36648693 -30.39179
-0.36437914 0.035207853 0.93058486 96.751726 0.0051613004 0.99934606 -0.035788415 -2.3178221 -0.93123642 -0.0082375234 -0.36432258 -30.711915
-0.35927849 0.034497515 0.93259252 97.611033 0.0029681216 0.99935372 -0.035823615 -2.3698793 -0.93322571 -0.010102606 -0.35914869 -31.046194
-0.35416094 0.030639315 0.9346824 98.438599 0.0013460885 0.99947882 -0.032253322 -2.4152593 -0.93518356 -0.010164701 -0.3540176 -31.340225
-0.34798897 0.027049691 0.93710827 99.30614 0.0014050998 0.99959759 -0.028331673 -2.4606155 -0.93749761 -0.0085423785 -0.34788695 -31.657538
-0.34248097 0.023512999 0.93923046 100.15033 -0.0012838661 0.99967414 -0.025494313 -2.507995 -0.93952393 -0.0099371626 -0.34233919 -31.960139
-0.33713005 0.022738106 0.94118342 100.99831 -0.0048962349 0.99965243 -0.025904483 -2.5504359 -0.94144539 -0.013341434 -0.33690155 -32.245872
-0.33050871 0.02209645 0.9435442 101.85045 -0.016983828 0.99942477 -0.029354258 -2.5898924 -0.94365016 -0.02572683 -0.32994331 -32.524608
-0.32360279 0.025524231 0.94584865 102.70175 -0.015285202 0.99936463 -0.032197906 -2.6422455 -0.94606959 -0.024876819 -0.32300704 -32.803878
-0.31705586 0.029637685 0.94794362 103.55601 -0.012812286 0.99928654 -0.035528219 -2.6878584 -0.94832036 -0.023409755 -0.31644993 -33.080137
-0.31019401 0.027904746 0.95026361 104.40466 -0.013887636 0.99932945 -0.033878909 -2.7283183 -0.95057187 -0.023705949 -0.30959848 -33.353727
-0.30332976 0.023015022 0.95260762 105.25935 -0.014216872 0.99948769 -0.028674587 -2.7721931 -0.95277962 -0.022240956 -0.30284717 -33.613844
-0.29644272 0.020240927 0.95483608 106.11146 -0.014937276 0.99955484 -0.025826383 -2.8150358 -0.95493385 -0.021918693 -0.29600841 -33.870273
-0.28999873 0.023207264 0.95674557 106.96569 -0.016978998 0.99942383 -0.029388982 -2.8600019 -0.95687644 -0.024767349 -0.28943761 -34.111179
-0.28338513 0.026191052 0.95864843 107.82891 -0.017098553 0.99933011 -0.032356993 -2.9053403 -0.95885379 -0.025560991 -0.28274747 -34.36256
-0.2768226 0.027051629 0.96054015 108.68104 -0.01906842 0.99925218 -0.033637289 -2.9474456 -0.96073187 -0.027627545 -0.27609976 -34.59691
-0.26976903 0.02580014 0.96257932 109.56112 -0.019014569 0.99930334 -0.032113412 -2.9944234 -0.96273734 -0.026966235 -0.26909052 -34.829844
-0.26218515 0.025792456 0.9646728 110.40289 -0.016567955 0.99937511 -0.031223238 -3.0410795 -0.96487539 -0.024168925 -0.26159399 -35.055346
-0.25445541 0.026838914 0.96671197 111.26704 -0.012365351 0.99944282 -0.031002397 -3.0890591 -0.96700549 -0.01984246 -0.25398177 -35.276173
-0.24716878 0.028009581 0.96856749 112.14232 -0.0098801494 0.9994573 -0.031424184 -3.1300704 -0.96892211 -0.017336668 -0.2467579 -35.503639
-0.2405689 0.026512766 0.97026986 112.9996 -0.016833872 0.99936256 -0.03148152 -3.1748044 -0.97048612 -0.023906873 -0.23996924 -35.701836
-0.23519456 0.024523118 0.97163885 113.86749 -0.021323474 0.99931085 -0.03038308 -3.2217916 -0.97171442 -0.02786465 -0.23450956 -35.887245
-0.2300676 0.02469525 0.97286123 114.75316 -0.018451198 0.99938759 -0.029732038 -3.2594951 -0.97299976 -0.024790834 -0.22947105 -36.100367
-0.22592884 0.024919259 0.97382499 115.60347 -0.016866764 0.99942284 -0.029487396 -3.3087026 -0.97399782 -0.023087329 -0.22537814 -36.287518
-0.22101167 0.026558434 0.97490944 116.48746 -0.015885694 0.99939849 -0.030826844 -3.3496631 -0.97514182 -0.022300205 -0.22045684 -36.484294
-0.21540313 0.02538018 0.9761953 117.34201 -0.011443855 0.99952794 -0.028511958 -3.392409 -0.9764582 -0.017313002 -0.215011 -36.670227
-0.20995592 0.024939889 0.97739267 118.21565 -0.0017908322 0.99966312 -0.02589285 -3.4317935 -0.97770925 -0.0071867027 -0.20984053 -36.861285
-0.20524243 0.023612713 0.97842624 119.10621 8.3788338e-05 0.99970934 -0.024108768 -3.4778532 -0.9787112 -0.0048661605 -0.20518475 -37.052017
-0.20087597 0.024843128 0.97930158 119.95931 -0.0024896166 0.99966221 -0.025870314 -3.5168185 -0.97961356 -0.0076348092 -0.20074627 -37.212214
-0.19731648 0.02710136 0.97996512 120.83032 -0.0045091668 0.99958214 -0.028551799 -3.5564579 -0.98032951 -0.010052566 -0.19711183 -37.380523
-0.19544926 0.026274717 0.98036174 121.71199 -0.0060915722 0.99958924 -0.028004475 -3.599058 -0.98069494 -0.011445398 -0.19520893 -37.548855
-0.19472251 0.025123813 0.98053652 122.56427 -0.0079121648 0.99959915 -0.027183502 -3.643425 -0.9808265 -0.013051406 -0.19444567 -37.710426
-0.19354942 0.021117604 0.98086318 123.45622 -0.0061877926 0.99972216 -0.022744639 -3.6770863 -0.98107105 -0.010471589 -0.19336497 -37.884328
-0.19310446 0.015384348 0.98105755 124.30455 -0.0064642805 0.99983542 -0.016951194 -3.7174439 -0.98115695 -0.0096151816 -0.19297323 -38.037663
-0.19226799 0.012998122 0.98125633 125.17003 -0.0054642985 0.9998826 -0.01431553 -3.751547 -0.98132729 -0.0081142951 -0.1921744 -38.201473
-0.1911555 0.017734905 0.98139949 126.03931 -0.007741478 0.99977842 -0.019574904 -3.7887588 -0.98152928 -0.011339332 -0.19097585 -38.362913
-0.19084766 0.021572879 0.98138255 126.88121 -0.007897883 0.99969237 -0.023511253 -3.8263617 -0.98158794 -0.012237912 -0.19061857 -38.519346
-0.19082886 0.020664642 0.98140575 127.73937 -0.010142489 0.99968352 -0.02302165 -3.8572809 -0.98157096 -0.014347092 -0.19055887 -38.677787
-0.19034164 0.020015162 0.98151382 128.60148 -0.010842193 0.99968831 -0.022488367 -3.8980153 -0.98165808 -0.014922234 -0.1900653 -38.840686
-0.18930931 0.020548368 0.98170243 129.43748 -0.0059597435 0.99973855 -0.022075151 -3.9368486 -0.98189946 -0.010029726 -0.18913735 -39.002053
-0.18884125 0.023087224 0.98173616 130.28427 -0.0079000523 0.99965553 -0.025028237 -3.9782828 -0.98197589 -0.01248213 -0.18859381 -39.156435
-0.18889854 0.024162677 0.98169925 131.11308 -0.017555644 0.99945437 -0.02797774 -4.0109823 -0.98183971 -0.022519316 -0.18837129 -39.29524
-0.18843957 0.02579338 0.98174597 131.94834 -0.021344129 0.99931136 -0.030351736 -4.0488475 -0.98185286 -0.02667398 -0.18775927 -39.443607
-0.18845602 0.028873292 0.98165706 132.78606 -0.022219192 0.99918651 -0.033654464 -4.0990433 -0.98183029 -0.028154013 -0.18766118 -39.595016
-0.18778556 0.029932262 0.98175382 133.6114 -0.019057035 0.99923636 -0.034110424 -4.143906 -0.9820252 -0.025114761 -0.18707174 -39.7476
-0.18631113 0.031232868 0.98199419 134.43407 -0.018712316 0.99920049 -0.035330359 -4.1903822 -0.98231263 -0.024957824 -0.18557773 -39.895815
-0.18397869 0.030593942 0.98245395 135.25855 -0.01264764 0.99935906 -0.033488824 -4.2300343 -0.9828489 -0.018586954 -0.18347383 -40.052201
-0.18112254 0.027738401 0.98306924 136.07484 -0.0058954401 0.99955358 -0.029289711 -4.2803963 -0.98344291 -0.011100652 -0.18087815 -40.202195
-0.1789235 0.023132767 0.98359096 136.88672 -0.00051080746 0.99972123 -0.023605048 -4.313816 -0.9838629 -0.0047259227 -0.17886181 -40.358856
-0.17496326 0.023042428 0.98430525 137.70453 0.0036963088 0.99973443 -0.022746591 -4.351807 -0.98456807 -0.00034152053 -0.17500196 -40.500624
-0.17015681 0.026830455 0.98505163 138.50457 0.00050277919 0.9996315 -0.027140725 -4.4032588 -0.98541691 -0.004122915 -0.1701076 -40.632521
-0.16358139 0.030476124 0.98605895 139.32594 0.002514887 0.99953236 -0.03047534 -4.440761 -0.98652668 -0.002505371 -0.16358154 -40.761771
-0.1559552 0.030519147 0.9872925 140.11197 -0.0025361642 0.9995069 -0.031297336 -4.4811479 -0.98776092 -0.0073849173 -0.1558009 -40.878769
-0.14593259 0.027493299 0.98891239 140.90503 0.0071764455 0.99961688 -0.02673188 -4.5078618 -0.98926855 0.0031958242 -0.14607399 -40.995152
-0.13361512 0.026157786 0.99068799 141.72477 0.015238066 0.99958766 -0.024337594 -4.5506815 -0.99091618 0.0118443 -0.13395862 -41.104196
-0.12048443 0.028086936 0.99231776 142.48636 0.014430664 0.99954361 -0.026539327 -4.5900885 -0.99261037 0.01112223 -0.12083475 -41.194219
-0.10607471 0.029162675 0.99393039 143.31064 0.011148008 0.99954189 -0.028137576 -4.6320326 -0.99429571 0.0080956602 -0.10635122 -41.274599
-0.092218407 0.029296146 0.9953077 144.10356 0.014738819 0.99949775 -0.028053877 -4.6679422 -0.99562976 0.012082577 -0.092603882 -41.341228
-0.078787813 0.030931252 0.99641139 144.87311 0.018712942 0.9993883 -0.029544 -4.7058765 -0.9967158 0.016318082 -0.079318434 -41.397817
-0.064465506 0.037068861 0.99723117 145.68203 0.016865893 0.99920758 -0.036052039 -4.7534884 -0.99777744 0.014495082 -0.065039623 -41.439426
-0.0525337 0.046055803 0.99755651 146.4032 0.0079775032 0.99892341 -0.045698795 -4.8008794 -0.99858733 0.0055572845 -0.052844554 -41.451256
-0.038366979 0.054563328 0.99777289 147.19587 0.00036294838 0.99850881 -0.054589614 -4.8494754 -0.99926369 -0.0017322977 -0.038329572 -41.471359
-0.025215473 0.055509533 0.99813966 147.95813 -0.0008130636 0.99845571 -0.055547647 -4.8997965 -0.99968175 -0.0022122105 -0.025131402 -41.478237
-0.013138013 0.051661068 0.99857821 148.72091 0.0023029737 0.99866336 -0.051635172 -4.9501488 -0.99991108 0.0016213167 -0.013239428 -41.475377
-0.002127246 0.049024999 0.99879524 149.49207 0.00087719665 0.99879725 -0.049023228 -5.0072589 -0.99999739 0.00077185623 -0.0021676936 -41.46616
0.0068612792 0.05479414 0.99847406 150.23741 -0.0052309918 0.99848591 -0.054758842 -5.0720169 -0.99996282 -0.0048472932 0.0071375168 -41.444545
0.013289529 0.063646341 0.99788398 150.99482 -0.011817795 0.99791245 -0.063490768 -5.1222194 -0.99984189 -0.010949025 0.014013945 -41.420397
0.016225212 0.066799939 0.99763442 151.74244 -0.017861664 0.99762595 -0.066508874 -5.1770805 -0.99970885 -0.01674029 0.017379849 -41.393428
0.016630582 0.062691281 0.99789435 152.51554 -0.019138485 0.99786953 -0.062370764 -5.2344966 -0.99967856 -0.018060923 0.017794966 -41.374661
0.01512896 0.056950877 0.9982623 153.26175 -0.014106958 0.9982894 -0.056738626 -5.3077944 -0.99978607 -0.013224047 0.015906482 -41.361106
0.012460387 0.054718439 0.99842403 154.00756 -0.012332611 0.99843405 -0.054565075 -5.3553523 -0.99984635 -0.011633273 0.013115694 -41.351275
0.009057885 0.054578445 0.99846836 154.76012 -0.01337277 0.99842668 -0.05445485 -5.4091522 -0.9998696 -0.012859042 0.0097734975 -41.331433
0.0058230387 0.054945136 0.99847235 155.50995 -0.013275555 0.99840558 -0.054864037 -5.4674828 -0.99989496 -0.012935799 0.00654318 -41.332748
0.00090061919 0.05306162 0.99859079 156.25874 -0.012115385 0.99851853 -0.053046852 -5.525773 -0.99992624 -0.012050536 0.0015421453 -41.324388
-0.0042020703 0.053435533 0.99856242 156.97661 -0.014080134 0.99846912 -0.05348979 -5.5748929 -0.99989208 -0.01428466 -0.0034432595 -41.325392
-0.010520453 0.051757098 0.99860425 157.7229 -0.014932288 0.99854007 -0.051911084 -5.6240989 -0.9998332 -0.015457574 -0.0097322432 -41.322448
-0.016145711 0.048863183 0.99867493 158.46297 -0.01190616 0.99872496 -0.049058118 -5.6796631 -0.9997988 -0.012682461 -0.015543354 -41.335809
-0.021693325 0.048783665 0.99857372 159.19466 -0.013994444 0.99869613 -0.049093663 -5.730621 -0.99966676 -0.015039489 -0.020982341 -41.349858
-0.026938522 0.050160139 0.99837778 159.93037 -0.015144502 0.99860517 -0.050580195 -5.7787813 -0.99952241 -0.016482489 -0.026141299 -41.362131
-0.030975837 0.052341064 0.9981487 160.65225 -0.015946316 0.99847497 -0.052853037 -5.8334463 -0.99939296 -0.017553961 -0.030093952 -41.381471
-0.033646919 0.054509777 0.99794613 161.34832 -0.013764043 0.99839158 -0.054998177 -5.8834728 -0.99933904 -0.015586292 -0.032842527 -41.399692
-0.035214271 0.056212306 0.9977976 162.0629 -0.013107632 0.99830502 -0.056703484 -5.9406113 -0.99929387 -0.015075535 -0.034417775 -41.423111
-0.034085657 0.054586696 0.99792704 162.80196 -0.010168365 0.99843668 -0.054961886 -5.9920739 -0.99936723 -0.012020697 -0.033477314 -41.45194
-0.030331253 0.051010253 0.99823739 163.492 -0.0055736074 0.99867277 -0.051201853 -6.0376351 -0.9995244 -0.0071167989 -0.030006687 -41.473551
-0.023035521 0.050212429 0.99847283 164.19707 -0.0034587213 0.99872791 -0.050305051 -6.0947114 -0.99972871 -0.0046122415 -0.022832549 -41.483717
-0.012050485 0.051350233 0.99860796 164.90533 -0.0029757474 0.99867425 -0.051389549 -6.1513487 -0.999923 -0.0035908733 -0.011881705 -41.487379
0.0017316926 0.051367297 0.99867829 165.58122 0.00065533241 0.99867955 -0.051368497 -6.196882 -0.99999833 0.00074342155 0.0016957418 -41.477455
0.017043958 0.049420874 0.99863256 166.27202 -0.0018098694 0.99877758 -0.049397159 -6.2446525 -0.99985315 -0.00096547055 0.017112567 -41.454967
0.033264723 0.044473906 0.99845653 166.97866 -0.0047462503 0.99900521 -0.044340217 -6.2893344 -0.99943535 -0.0032639587 0.033442715 -41.410289
0.049584583 0.038251548 0.99803713 167.64695 -0.0076509612 0.99925156 -0.037917976 -6.329635 -0.99874067 -0.0057557955 0.049840132 -41.36939
0.066388458 0.030824677 0.99731757 168.31013 -0.0070252129 0.99951237 -0.030424864 -6.3654913 -0.99776916 -0.0049865077 0.066572633 -41.31102
0.084378 0.022933786 0.99616982 169.00576 -0.0076283346 0.99972067 -0.022369394 -6.4027917 -0.99640466 -0.0057116312 0.084529376 -41.237231
0.10204724 0.016821889 0.99463727 169.65755 -0.010519681 0.99981935 -0.015830238 -6.4367867 -0.99472397 -0.0088478337 0.10220577 -41.155665
0.11976897 0.014340345 0.99269817 170.33122 -0.0099698793 0.99986263 -0.013240975 -6.4647951 -0.99275177 -0.0083112224 0.11989548 -41.062071
0.13783473 0.013481263 0.99036345 170.96438 -0.008302776 0.99988796 -0.012455367 -6.4825922 -0.99042048 -0.006505983 0.13793121 -40.96112
0.15534927 0.012970545 0.98777441 171.60421 -0.0094078565 0.99988788 -0.011650014 -6.5052802 -0.98781485 -0.007483018 0.15545387 -40.846343
0.17177196 0.012529878 0.98505701 172.24711 -0.014902566 0.99983774 -0.010119213 -6.520977 -0.98502406 -0.01294168 0.17193081 -40.719655
0.18601558 0.0089617266 0.98250588 172.87262 -0.01807655 0.99982037 -0.0056972649 -6.5421114 -0.98238054 -0.016700536 0.18614417 -40.577456
0.19842519 0.0046161812 0.98010512 173.49577 -0.013322527 0.99990923 -0.0020122706 -6.5592082 -0.98002553 -0.012658191 0.19846868 -40.446051
0.20922175 0.0030387221 0.97786346 174.12546 -0.010857227 0.99994075 -0.00078433612 -6.5799167 -0.97780799 -0.010452784 0.20924235 -40.305272
0.21894977 0.0067196947 0.97571295 174.71163 -0.015615594 0.99987235 -0.0033819432 -6.5982856 -0.97561121 -0.014495861 0.21902675 -40.154546
0.22780258 0.013619073 0.97361205 175.33278 -0.018899326 0.99977566 -0.0095630516 -6.6186791 -0.97352395 -0.016222123 0.22800886 -39.997176
0.23682779 0.023471463 0.97126804 175.89816 -0.018385502 0.99963739 -0.019674027 -6.636001 -0.97137771 -0.013197893 0.23717345 -39.851074
0.24540259 0.030506106 0.96894111 176.49706 -0.01538963 0.99950139 -0.02757055 -6.6535335 -0.96929913 -0.0081457602 0.24574971 -39.691589
0.25137128 0.029186805 0.96745053 177.0954 -0.015699882 0.99953668 -0.026075527 -6.6712573 -0.96776344 -0.0086342198 0.25171304 -39.536
0.25759621 0.02176949 0.96600735 177.70456 -0.018304492 0.99967671 -0.017647158 -6.6917424 -0.9660793 -0.013136432 0.25791141 -39.355657
0.26188322 0.010753919 0.96503961 178.30536 -0.021368712 0.99975739 -0.0053419594 -6.7155408 -0.96486301 -0.019222683 0.26204948 -39.181707
0.26420461 0.0015083715 0.96446543 178.91779 -0.020058845 0.99979107 0.0039312794 -6.7395546 -0.96425808 -0.020384724 0.26417967 -39.006694
0.26514217 0.00052942878 0.96420914 179.51826 -0.016550461 0.99985502 0.0040021122 -6.7592342 -0.96406732 -0.017019234 0.26511249 -38.843837
0.26622658 0.0040129908 0.96390208 180.1215 -0.015832338 0.99987464 0.00021008531 -6.7610554 -0.96378049 -0.015316753 0.26625674 -38.674764
0.26768654 0.0034031811 0.9635 180.73571 -0.01142701 0.99993465 -0.00035713717 -6.775173 -0.96343833 -0.010914322 0.26770793 -38.50893
0.26956452 0.0015860892 0.96298099 181.34375 -0.013801841 0.99990229 0.0022166093 -6.7737257 -0.96288346 -0.013888429 0.26956007 -38.32728
0.27181451 -0.0026561952 0.96234596 181.95363 -0.013690471 0.99988432 0.0066266779 -6.7915739 -0.96225232 -0.014976196 0.2717467 -38.155002
0.27533434 -0.0082153951 0.96131339 182.57071 -0.011644611 0.99986162 0.011880017 -6.7999007 -0.96127805 -0.014465097 0.27520057 -37.969731
0.27923876 -0.010924105 0.96015952 183.19708 -0.011345804 0.99982794 0.014675075 -6.8093723 -0.96015471 -0.014991631 0.27906677 -37.786608
0.2854283 -0.012707235 0.95831578 183.80467 -0.010077984 0.99981702 0.016259204 -6.8053873 -0.95834712 -0.014298727 0.28524801 -37.603455
0.29327723 -0.015692888 0.95589859 184.43702 -0.0084637503 0.99978347 0.019010087 -6.8073733 -0.95599002 -0.013665712 0.2930809 -37.401625
0.30325627 -0.018070875 0.95273764 185.04357 -0.0056433682 0.99976858 0.020759209 -6.8097116 -0.95289237 -0.011672009 0.3030841 -37.199472
0.31437901 -0.016265136 0.94915816 185.66996 -0.0069125241 0.99978747 0.019422297 -6.8160065 -0.94927242 -0.012667041 0.31419976 -36.977113
0.32562838 -0.012484831 0.94541537 186.28496 -0.0079713467 0.99984103 0.01594912 -6.8152596 -0.94546427 -0.012729719 0.32547709 -36.756216
0.33719729 -0.0088638799 0.94139224 186.89707 -0.0094206821 0.99987384 0.01278892 -6.8146196 -0.94138691 -0.013180946 0.33707124 -36.521427
0.34892697 -0.0081176149 0.93711472 187.53094 -0.0088225597 0.99988972 0.011946402 -6.8143175 -0.93710843 -0.012436172 0.34881687 -36.279396
0.36034687 -0.01106651 0.9327527 188.14775 -0.0082310893 0.99985298 0.015042498 -6.8182794 -0.9327821 -0.013098087 0.3602028 -36.029175
0.37152508 -0.013330292 0.92832717 188.76155 -0.0073283165 0.99982366 0.017289804 -6.8186738 -0.92839403 -0.013226671 0.37136188 -35.763977
0.38272994 -0.013328191 0.92376408 189.39821 -0.010703174 0.99976486 0.018859233 -6.826017 -0.92379831 -0.0171052 0.38249729 -35.492713
0.39203081 -0.015192894 0.91982659 190.01692 -0.012418356 0.99968512 0.021804641 -6.8154829 -0.91986831 -0.019970825 0.3917187 -35.212636
0.39927632 -0.013799828 0.91672674 190.65217 -0.017123869 0.99960006 0.022505576 -6.8151926 -0.91667075 -0.024683852 0.39888032 -34.920566
0.40392821 -0.016568816 0.91464059 191.29112 -0.015633345 0.99956492 0.025011306 -6.8046093 -0.91465713 -0.024401663 0.40349344 -34.622551
0.40554045 -0.021145889 0.91383244 191.93798 -0.012405812 0.99951298 0.028633968 -6.8033175 -0.91399295 -0.022949065 0.40508061 -34.345423
0.40640374 -0.019530699 0.9134848 192.59196 -0.0097615588 0.99962165 0.025715199 -6.7995511 -0.9136415 -0.019367788 0.40605932 -34.046691
0.4050847 -0.019587411 0.91406928 193.2589 -0.0068732577 0.99967699 0.024467878 -6.791751 -0.91425336 -0.016194196 0.40481923 -33.758157
0.40388128 -0.018374823 0.91462681 193.92281 -0.0042947626 0.99974915 0.021981411 -6.7890457 -0.91480136 -0.012805985 0.40370105 -33.467533
0.40401441 -0.019820593 0.91453783 194.59835 -0.00074864803 0.99975773 0.021998276 -6.7781621 -0.91475236 -0.0095722869 0.40390168 -33.170575
0.40306487 -0.026175647 0.91479696 195.28154 0.0030261124 0.99962354 0.027269519 -6.7728295 -0.91516645 -0.0082231062 0.40299234 -32.878962
0.40235831 -0.02924582 0.91501498 195.96087 0.0030664666 0.99952705 0.030598592 -6.7694402 -0.91547718 -0.009505734 0.40225769 -32.575372
0.40066654 -0.031669199 0.91567642 196.65161 0.0042720888 0.99945616 0.03269746 -6.7592594 -0.91621403 -0.0091889266 0.40058394 -32.273126
0.3986654 -0.031748694 0.9165467 197.33985 0.0031138573 0.99944169 0.033265715 -6.7515956 -0.9170912 -0.010407893 0.39854168 -31.961363
0.397451 -0.03170796 0.91707537 198.02683 0.0014192399 0.99942286 0.033940048 -6.7388944 -0.91762234 -0.012187955 0.39726661 -31.655114
0.39516611 -0.030837742 0.91809189 198.72087 0.00064286587 0.99944541 0.033293618 -6.7327209 -0.9186095 -0.012566299 0.39496677 -31.365743
0.39459313 -0.02784053 0.91843405 199.40966 0.0019822455 0.99956434 0.02944819 -6.729245 -0.91885385 -0.0097994912 0.3944764 -31.057886
0.39387993 -0.021627348 0.91890739 200.09796 0.00081984566 0.99973101 0.02317819 -6.7261337 -0.91916157 -0.0083760612 0.39379171 -30.770077
0.39244102 -0.018436565 0.91959234 200.77622 -0.0018278815 0.99978148 0.020824306 -6.718511 -0.9197754 -0.0098532171 0.39232156 -30.476637
0.39173544 -0.020828708 0.91984207 201.46727 -0.0028823533 0.99971104 0.023864759 -6.7110423 -0.92007343 -0.011999981 0.39156221 -30.163336
0.38997126 -0.024013547 0.92051382 202.16619 -0.0041058434 0.99960462 0.027816218 -6.7079081 -0.92081792 -0.01462701 0.38971847 -29.87565
0.38717441 -0.023707476 0.92170161 202.84632 -0.007765482 0.99955006 0.028971854 -6.7058039 -0.92197383 -0.018374617 0.38681611 -29.576266
0.38282413 -0.02362196 0.92351915 203.53987 -0.010919904 0.99948749 0.030091695 -6.7028194 -0.92375674 -0.021604567 0.38236998 -29.284183
0.37564941 -0.024452891 0.92643915 204.22819 -0.011333354 0.99945589 0.030975541 -6.6947088 -0.92669259 -0.022135606 0.37516788 -29.006875
0.3673168 -0.02475908 0.92976625 204.92328 -0.010700293 0.99946698 0.030842462 -6.6841653 -0.93003438 -0.021277725 0.36685608 -28.730915
