1 0 0 0 0 1 0 0 0 0 1 0
0.99986257 0.00088315963 0.016554807 3.8528978e-05 -0.00087620592 0.99999952 -0.00042729362 -0.00144346 -0.016555178 0.0004127295 0.99986287 0.1066476
0.99931433 0.003542461 0.036855527 0.037160973 -0.0035361424 0.99999372 -0.00023663432 0.0019967501 -0.036856137 0.00010614571 0.99932058 0.26360863
0.99794362 0.0053571845 0.063873488 0.058886425 -0.0054161276 0.99998505 0.0007496888 -0.00053709421 -0.063868523 -0.0010940941 0.99795772 0.40482972
0.99521637 0.0050691543 0.097563752 0.10345608 -0.0054035122 0.9999804 0.0031631477 0.0027153603 -0.097545814 -0.0036752032 0.99522425 0.58132931
0.99088136 0.0015673008 0.13472814 0.16517694 -0.0022933829 0.99998367 0.0052342071 0.0034298049 -0.13471775 -0.0054954615 0.99086877 0.77011594
0.9845175 -0.0012179985 0.17528207 0.24001631 0.00014857589 0.9999813 0.0061141461 -0.010646196 -0.17528626 -0.0059934411 0.98449927 0.96184153
0.97598404 -0.0017838752 0.21783474 0.33133883 0.00027124871 0.99997565 0.006973623 -0.0074601952 -0.21784189 -0.0067470573 0.97596075 1.1800416
0.96411001 -0.0015998475 0.26549824 0.41742249 -0.001192728 0.99994566 0.010356684 -0.0017042527 -0.26550041 -0.01030165 0.96405571 1.3774981
0.94990578 -0.0054856678 0.31248825 0.56002741 9.8679183e-05 0.99985116 0.017252218 0.0071859256 -0.3125364 -0.016357146 0.94976494 1.632764
0.9328403 -0.01526616 0.35996654 0.69894158 0.0067332322 0.9996661 0.024946853 -0.0006026816 -0.36022723 -0.020847692 0.93263162 1.8532804
0.91146419 -0.020831097 0.41085165 0.86965332 0.0092464527 0.9995022 0.030163971 -0.0080254861 -0.41127551 -0.023694459 0.91120307 2.0708582
0.8864842 -0.023044239 0.46218472 1.0416606 0.0081814677 0.9993837 0.034136341 -0.002344623 -0.46268656 -0.026479978 0.88612639 2.3011538
0.8582832 -0.024826353 0.51257543 1.2291822 0.0059488939 0.99924333 0.038436746 0.017620999 -0.51314187 -0.029940357 0.85778145 2.5317447
0.82586097 -0.030128288 0.5630683 1.4459296 0.006999251 0.99904235 0.04319019 0.016854038 -0.56383038 -0.031728036 0.82528096 2.7399753
0.79046572 -0.035932181 0.61145138 1.6616717 0.0094229349 0.99887303 0.046517484 0.024017871 -0.61243382 -0.03100881 0.78991347 2.9562324
0.75251669 -0.040381215 0.65733397 1.9467446 0.010505711 0.99872744 0.049326683 0.035999428 -0.6584894 -0.030213392 0.75198331 3.1956332
0.7127527 -0.043720417 0.70005148 2.22764 0.011644603 0.9986555 0.050513302 0.042726373 -0.70131879 -0.02785167 0.71230351 3.4205121
0.67078144 -0.045619703 0.74025067 2.5110839 0.011007481 0.99860886 0.051567161 0.057565595 -0.74157342 -0.026441999 0.67035045 3.6028681
0.62884231 -0.045930245 0.77617506 2.8579363 0.0064286429 0.99852675 0.053879567 0.081168052 -0.77750632 -0.028891998 0.62821113 3.8243343
0.58698429 -0.046675533 0.80825169 3.2298423 0.0036819882 0.99848028 0.054986993 0.098553092 -0.80958999 -0.029300528 0.58626409 4.0443596
0.54656627 -0.047695559 0.83605645 3.5825059 0.0014651269 0.99842965 0.056000849 0.11940404 -0.83741461 -0.029383246 0.54577785 4.232959
0.50711616 -0.050397292 0.86040296 4.0127448 0.00076586971 0.9983149 0.058023955 0.13142691 -0.86187741 -0.028765928 0.50630021 4.4290932
0.47025023 -0.05026488 0.88110051 4.4143366 -0.0024867377 0.9982973 0.058277894 0.15606178 -0.88252966 -0.029596259 0.46932454 4.6248534
0.43377373 -0.049418667 0.89966554 4.8833274 -0.003790692 0.99838582 0.056669058 0.17671065 -0.9010139 -0.027991903 0.43288621 4.8307498
0.3997517 -0.048146268 0.91535809 5.3901043 -0.0023500389 0.99856246 0.053548974 0.19811827 -0.91662049 -0.023557421 0.3990639 5.0190121
0.37024084 -0.046619542 0.9277652 5.8767404 -0.00023347459 0.99873519 0.050278905 0.22190217 -0.92893581 -0.018831913 0.36976167 5.1931692
0.34495095 -0.0446723 0.93755701 6.4201815 0.00063550732 0.99887767 0.04736026 0.24423546 -0.93862054 -0.015741142 0.34459219 5.3609316
0.32428667 -0.044164732 0.94492728 7.0222249 0.0019098521 0.99893806 0.046033692 0.26698245 -0.94595697 -0.013123441 0.32402664 5.5493663
0.30924077 -0.044657402 0.94993462 7.5942867 0.0030682838 0.99893846 0.045962276 0.29788376 -0.95097887 -0.01129874 0.30904952 5.7302108
0.29636459 -0.046188899 0.9539573 8.2026885 0.0040163509 0.99888134 0.047116286 0.3148347 -0.95506648 -0.010132171 0.29621857 5.8963277
0.2874729 -0.047974225 0.9565865 8.8492211 0.0028747085 0.9987835 0.04922656 0.34068459 -0.9577845 -0.011401394 0.2872611 6.094956
0.27619214 -0.049756066 0.95981361 9.5090104 0.0012088208 0.99867624 0.051422832 0.37020628 -0.96110172 -0.013042339 0.27588667 6.2866176
0.26639314 -0.051476762 0.96248884 10.193131 0.00058143092 0.99858125 0.053246165 0.40222047 -0.96386433 -0.013624791 0.26604512 6.4846758
0.25534454 -0.053483557 0.96536967 10.912452 -0.0001957503 0.99846594 0.055368938 0.42862101 -0.96685015 -0.014327127 0.25494236 6.658672
0.24623446 -0.054836011 0.96765775 11.652131 -0.00076982915 0.9983868 0.056773283 0.4590426 -0.96921003 -0.014724469 0.24579502 6.8586723
0.2344047 -0.056538114 0.97049359 12.406381 -0.0013187368 0.99828795 0.058475848 0.48906116 -0.97213825 -0.014986838 0.23392882 7.0284877
0.22519214 -0.059260392 0.97251048 13.152287 -0.0021204019 0.99811642 0.061311696 0.52260781 -0.97431211 -0.015869025 0.22464231 7.20249
0.21367602 -0.062799679 0.97488393 13.919563 -0.00463106 0.99785529 0.065294478 0.56077233 -0.97689364 -0.01846661 0.21292692 7.3832236
0.20134832 -0.066417298 0.97726533 14.738195 -0.0042699603 0.99762953 0.068681048 0.60302262 -0.97951044 -0.018001697 0.20058743 7.5449189
0.18863171 -0.069065636 0.97961622 15.508006 -0.0053514167 0.99743681 0.071352487 0.64002881 -0.98203336 -0.018701675 0.18777861 7.7089633
0.1737104 -0.069628484 0.98233217 16.335099 -0.0059418292 0.99740512 0.071747588 0.68184717 -0.9847789 -0.018300152 0.17284592 7.8300133
0.16061119 -0.068868589 0.98461215 17.103423 -0.0076069689 0.9974468 0.071007165 0.71713126 -0.98698848 -0.018894459 0.15967724 7.9855624
0.14387633 -0.068020944 0.98725512 17.911763 -0.0083355408 0.99751618 0.06994269 0.76246991 -0.98956061 -0.018292402 0.14295197 8.0988815
0.12214059 -0.066491696 0.99028301 18.767416 -0.010998812 0.99760148 0.06833967 0.7982962 -0.99245191 -0.019238984 0.1211163 8.1769665
0.096614525 -0.065039472 0.99319455 19.573578 -0.015871749 0.99763517 0.066874214 0.83878122 -0.99519536 -0.022224754 0.095353756 8.2406017
0.067662802 -0.064536017 0.99561878 20.375739 -0.019413684 0.99763168 0.065985857 0.87320136 -0.99751939 -0.023793416 0.066249672 8.305555
0.034403355 -0.064106207 0.99734985 21.268841 -0.02324221 0.99761942 0.064925269 0.91665682 -0.99913777 -0.025414261 0.032831484 8.3290913
-0.00037238345 -0.063705226 0.99796865 22.076003 -0.02426839 0.99767541 0.063677451 0.94854709 -0.99970545 -0.024195379 -0.0019175426 8.3276375
-0.035009266 -0.062392737 0.99743742 22.94158 -0.025704795 0.99777532 0.061511655 0.97586015 -0.9990564 -0.023485446 -0.036535176 8.2867898
-0.066791793 -0.06068302 0.99591985 23.752141 -0.027950494 0.9978709 0.058927389 1.0146822 -0.99737541 -0.023900585 -0.068345708 8.2482175
-0.09753678 -0.057320923 0.99357979 24.605047 -0.029985657 0.99805602 0.054635559 1.0452068 -0.99478014 -0.024464166 -0.099065977 8.2054605
-0.13017688 -0.053011594 0.99007256 25.416946 -0.026998799 0.99838888 0.049907016 1.0682471 -0.99112317 -0.02023403 -0.1313984 8.0222302
-0.1620285 -0.047526934 0.98564084 26.30352 -0.022600412 0.9987562 0.044444089 1.0915999 -0.98652728 -0.015074679 -0.1629011 7.8959524
-0.19258137 -0.041473486 0.98040414 27.100177 -0.016747106 0.99909985 0.038974717 1.1032096 -0.98113813 -0.0089131267 -0.19310258 7.7058811
-0.22103834 -0.035799775 0.97460779 27.913857 -0.010613985 0.99935516 0.034301586 1.1153651 -0.9752074 -0.0027625057 -0.22127578 7.5323362
-0.24617886 -0.029117082 0.96878691 28.717541 -0.0023639707 0.99956371 0.029441376 1.1263753 -0.96922157 0.0049576614 -0.24614029 7.3037698
-0.27542013 -0.018687163 0.96114227 29.536638 0.0048522236 0.99977129 0.020828643 1.1372779 -0.96131175 0.010400306 -0.27526647 7.019824
-0.30337777 -0.0036277186 0.95286342 30.298401 0.0079133428 0.99994868 0.0063264738 1.1212791 -0.95283754 0.0094596475 -0.3033335 6.7311075
-0.32741787 0.013557817 0.94478233 31.131277 0.0091619429 0.9998956 -0.011173597 1.0932998 -0.94483526 0.0049976074 -0.3275079 6.4833967
-0.34906563 0.027820717 0.93668518 31.893664 0.007358148 0.99960977 -0.026947563 1.0605216 -0.93706943 -0.0025141989 -0.34913412 6.2329764
-0.37335341 0.038418762 0.92689328 32.646099 0.012024497 0.99925857 -0.036574749 1.0326269 -0.92761129 -0.0025098813 -0.37353857 5.896812
-0.39774441 0.043790177 0.91645062 33.426984 0.015530999 0.9990386 -0.040995888 0.9833487 -0.91736484 -0.0020724912 -0.39804212 5.5831255
-0.42010485 0.04279638 0.90646584 34.150374 0.01765633 0.99908375 -0.038986198 0.92949711 -0.90730383 -0.00037343048 -0.42047556 5.2311806
-0.44036189 0.039377852 0.89695637 34.882848 0.022259807 0.99920947 -0.032938448 0.8931094 -0.89754442 0.00546124 -0.44089031 4.8207765
-0.4579123 0.038228134 0.88817502 35.625928 0.029423218 0.99917937 -0.027836303 0.85460435 -0.88851036 0.013386382 -0.45866132 4.4375234
-0.47129392 0.039069886 0.88111039 36.334378 0.033824667 0.99908408 -0.026208681 0.81558321 -0.88132741 0.017451275 -0.47218378 4.0329308
-0.48279771 0.04199571 0.87472434 36.995025 0.036231254 0.99895215 -0.027962339 0.76292986 -0.87498213 0.018192208 -0.48381337 3.6395044
-0.49322188 0.044930318 0.86874241 37.707386 0.03742003 0.9988367 -0.030413702 0.7175956 -0.86909837 0.017507664 -0.49432941 3.2460524
-0.50343004 0.043614618 0.86293447 38.399848 0.030872704 0.99899544 -0.032480516 0.66281643 -0.8634843 0.010289454 -0.50427082 2.8568574
-0.51497272 0.043005915 0.85612705 39.102794 0.029824872 0.99903492 -0.032244531 0.63920441 -0.8566876 0.0089288266 -0.51575837 2.4452165
-0.52319261 0.044225199 0.85106613 39.772316 0.032010004 0.99896767 -0.032232685 0.59903859 -0.85161313 0.010378729 -0.52406815 2.0021237
-0.53018564 0.047628691 0.84654275 40.448585 0.035630048 0.9987906 -0.033879622 0.55334844 -0.84713266 0.012199871 -0.53124145 1.5580972
-0.53358564 0.050825856 0.84421741 41.183333 0.036567307 0.9986456 -0.037010877 0.5112336 -0.84495518 0.011122285 -0.53472152 1.122188
-0.5337623 0.052183547 0.84402288 41.854068 0.035309655 0.99859903 -0.039410633 0.46321398 -0.84489709 0.0087662471 -0.53485711 0.68949159
-0.53101225 0.053140581 0.84569617 42.586394 0.038550509 0.99851327 -0.038537224 0.42537032 -0.84648681 0.012138281 -0.53227137 0.25774338
-0.52495261 0.051960162 0.8495439 43.336406 0.03666087 0.99858885 -0.038422522 0.38172821 -0.85034158 0.010975016 -0.52611673 -0.21701276
-0.51807597 0.050414595 0.85384753 44.074599 0.034110362 0.99868509 -0.038269765 0.33530289 -0.85465422 0.009298403 -0.51911441 -0.66580986
-0.51019652 0.050090221 0.85859794 44.895236 0.032253625 0.99871467 -0.039098802 0.28428026 -0.85945289 0.0077448238 -0.51115634 -1.1398174
-0.50445676 0.048442299 0.86207694 45.683203 0.02945811 0.99880927 -0.038887798 0.23805586 -0.86293433 0.0057779457 -0.50528311 -1.5810674
-0.49980565 0.046416623 0.86489291 46.49973 0.025499563 0.99891872 -0.038873723 0.19404685 -0.86576217 0.0026250859 -0.50044883 -2.0407002
-0.49843683 0.043489964 0.86583444 47.34489 0.020419895 0.99905278 -0.038426215 0.14088469 -0.86668553 -0.0014727916 -0.49885277 -2.5175914
-0.49934607 0.041051435 0.8654295 48.178462 0.017844325 0.99915228 -0.037098505 0.091825211 -0.86621888 -0.0030819865 -0.4996553 -2.9475449
-0.50007747 0.03956326 0.86507642 49.045314 0.015903797 0.99920695 -0.036504003 0.037403042 -0.86583466 -0.0044968287 -0.50031009 -3.463354
-0.50031725 0.039294117 0.86495003 49.913264 0.016432413 0.99922068 -0.035888863 -0.0052496427 -0.86568625 -0.0037426001 -0.50057304 -3.9691024
-0.50066246 0.038209262 0.86479887 50.783077 0.016152252 0.99926379 -0.034799195 -0.054358234 -0.86549193 -0.0034541997 -0.50091103 -4.4634524
-0.49979544 0.037765914 0.8653197 51.670528 0.016209984 0.99928183 -0.034249902 -0.10962875 -0.86599181 -0.0030911259 -0.50004869 -4.9898769
-0.50040426 0.037493177 0.86497964 52.589197 0.015752662 0.99929079 -0.03420183 -0.16875916 -0.8656486 -0.0034890088 -0.50063999 -5.5020498
-0.5012273 0.03594263 0.86456883 53.450641 0.014025819 0.99934317 -0.033414225 -0.21874615 -0.86520202 -0.0046218351 -0.5014022 -5.9894868
-0.50113987 0.03527201 0.86464713 54.368148 0.013883809 0.99936809 -0.032720851 -0.27003159 -0.86525495 -0.0043931268 -0.5013129 -6.5044285
-0.50033816 0.034293754 0.86515062 55.261847 0.012488201 0.99939719 -0.032392922 -0.32595521 -0.86574005 -0.0054032395 -0.50046482 -7.0058885
-0.49851701 0.033046989 0.86624975 56.151372 0.011841547 0.99943947 -0.031313431 -0.38369978 -0.86679907 -0.0053525404 -0.4986289 -7.5313237
-0.49678798 0.030965056 0.86731932 57.028214 0.012718645 0.99951573 -0.028399678 -0.42458453 -0.86777877 -0.003077492 -0.49694124 -8.056338
-0.49421352 0.030031204 0.86882165 57.937719 0.013584965 0.99954791 -0.026822251 -0.47712061 -0.86923444 -0.0014530066 -0.49439807 -8.5416496
-0.49230234 0.029371841 0.86992853 58.839547 0.013305665 0.99956767 -0.026219087 -0.52802868 -0.8703226 -0.0013327391 -0.49248031 -9.0298325
-0.49038745 0.029594468 0.87100186 59.720964 0.013735173 0.99956158 -0.026229491 -0.58242648 -0.87139632 -0.00089925095 -0.49057895 -9.5340589
-0.4885437 0.030131229 0.87201898 60.622668 0.013744877 0.99954532 -0.026837208 -0.63353623 -0.8724312 -0.0011253547 -0.48873572 -10.02742
-0.48982109 0.031670782 0.8712475 61.513497 0.013152341 0.99949467 -0.02893837 -0.68156183 -0.8717238 -0.0027156788 -0.48999011 -10.518088
-0.49295971 0.033252478 0.86941643 62.388741 0.011740435 0.99943264 -0.031568357 -0.73639388 -0.86997296 -0.0053546005 -0.49307042 -11.001403
-0.49721998 0.03382445 0.8669649 63.261848 0.01033247 0.99939978 -0.03306551 -0.79785745 -0.86756302 -0.0074829427 -0.49727103 -11.492721
-0.50276712 0.032837141 0.86379794 64.133007 0.010807655 0.9994389 -0.031702994 -0.83792565 -0.86435437 -0.0066035925 -0.50283991 -12.004868
-0.50806016 0.030384503 0.86078545 64.995121 0.014195552 0.99953723 -0.026903622 -0.89507956 -0.86120464 -0.0014493333 -0.50825637 -12.505846
-0.51378263 0.028203604 0.85745665 65.851307 0.011104739 0.99959439 -0.02622493 -0.94449742 -0.85784856 -0.0039520805 -0.51388743 -13.010321
-0.51802855 0.030119706 0.85483283 66.706675 0.011919496 0.99953699 -0.027995088 -1.0032788 -0.85528031 -0.0043130779 -0.51814771 -13.54062
-0.52202434 0.032853977 0.85229757 67.529162 0.012496313 0.99944522 -0.030872281 -1.0500444 -0.85283908 -0.0054655043 -0.52214529 -14.072719
-0.52774989 0.0330007 0.84875847 68.381152 0.01084486 0.99942532 -0.032115567 -1.1074688 -0.84933062 -0.0077443197 -0.52780449 -14.564118
-0.53153102 0.033783741 0.8463648 69.20861 0.010099861 0.99938604 -0.033548901 -1.1560511 -0.84697865 -0.0092841138 -0.5315459 -15.082371
-0.53500477 0.033155182 0.84419818 70.039769 0.010431013 0.99941272 -0.03264052 -1.2108367 -0.84478468 -0.0086569913 -0.53503642 -15.588317
-0.53795677 0.026153328 0.84256659 70.865422 0.011937569 0.99965473 -0.023407529 -1.2668565 -0.84288793 -0.0025340414 -0.53808324 -16.10572
-0.53931706 0.018406416 0.84190157 71.700662 0.012817998 0.9998247 -0.013647942 -1.2956732 -0.84200527 0.0034309254 -0.53945845 -16.64761
-0.54093462 0.015485177 0.84092205 72.50376 0.0131065 0.99986429 -0.0099810854 -1.330378 -0.84096255 0.0056224308 -0.54106416 -17.164627
-0.54244572 0.020550513 0.83983943 73.32957 0.012937069 0.99978655 -0.016108398 -1.369103 -0.83999127 0.00212713 -0.5425958 -17.685859
-0.54401215 0.025368648 0.83869372 74.1018 0.01303284 0.99967774 -0.02178441 -1.4128356 -0.83897615 -0.0009204222 -0.54416746 -18.182483
-0.54398871 0.031029901 0.83851855 74.920121 0.019998061 0.99951159 -0.02401381 -1.4463977 -0.83885423 0.0037055044 -0.54434356 -18.718577
-0.54393246 0.031876737 0.83852328 75.703183 0.023027962 0.99946889 -0.023057381 -1.4900156 -0.838813 0.006767826 -0.54437763 -19.234531
-0.54294801 0.028952478 0.83926703 76.509914 0.02278443 0.99954546 -0.019741698 -1.5362465 -0.8394572 0.0084035065 -0.54336089 -19.761524
-0.54231632 0.024063179 0.8398297 77.318817 0.02111076 0.99966445 -0.015010656 -1.5587403 -0.83990917 0.00958892 -0.54264234 -20.277366
-0.54259197 0.01817111 0.8397998 78.115209 0.019386419 0.99977059 -0.0091069627 -1.5924489 -0.8397727 0.011339347 -0.54281976 -20.772026
-0.54224467 0.011932002 0.84013587 78.920109 0.010647684 0.99991645 -0.0073289977 -1.6268378 -0.8401532 0.0049713926 -0.54232642 -21.271344
-0.54115301 0.0061660462 0.84090151 79.723798 0.0015112925 0.99997863 -0.0063599277 -1.6564805 -0.84092283 -0.0021708451 -0.54115076 -21.766982
-0.53895914 0.0065506594 0.8423064 80.54015 0.0046346833 0.99997769 -0.0048113218 -1.6805349 -0.8423192 0.0013107184 -0.53897747 -22.275941
-0.53649032 0.010156422 0.84384532 81.304503 0.010534128 0.99993027 -0.0053377727 -1.7076564 -0.84384076 0.0060255125 -0.5365599 -22.755476
-0.52975897 0.013567003 0.84803969 82.09231 0.011681629 0.99989393 -0.0086990212 -1.7322476 -0.84806783 0.0052981015 -0.52986126 -23.267241
-0.52232978 0.015468682 0.85260322 82.883784 0.016692942 0.99982935 -0.0079132015 -1.7555584 -0.85258021 0.010099157 -0.52249886 -23.745923
-0.51380484 0.018120193 0.85771568 83.667734 0.023858095 0.99969204 -0.00682768 -1.7952719 -0.85757533 0.016955368 -0.51407892 -24.221289
-0.50422633 0.018033094 0.8633832 84.487901 0.022993479 0.99970784 -0.0074519716 -1.8140391 -0.86326541 0.016094704 -0.50449367 -24.695976
-0.49337943 0.014745541 0.86968917 85.296204 0.01825453 0.99981162 -0.0065958656 -1.8417629 -0.86962266 0.012621503 -0.49355565 -25.14633
-0.48163838 0.012016987 0.87628762 86.109749 0.020052681 0.99979531 -0.0026890556 -1.8650306 -0.87614064 0.016276765 -0.48178076 -25.583765
-0.47074371 0.010779701 0.88220411 86.943962 0.019627068 0.99980585 -0.0017436884 -1.8906235 -0.8820517 0.016494251 -0.47086389 -26.020351
-0.45866419 0.0094924288 0.88855894 87.774781 0.018645398 0.9998256 -0.0010565382 -1.9137925 -0.88841408 0.01608294 -0.45876119 -26.435409
-0.44697013 0.011979502 0.89446863 88.579578 0.023280529 0.99972743 -0.0017558304 -1.9265795 -0.89424593 0.0200389 -0.44712719 -26.838235
-0.43512959 0.014247309 0.90025507 89.410057 0.02189598 0.99974653 -0.0052386355 -1.9603141 -0.90010159 0.017432483 -0.43533126 -27.228782
-0.42369774 0.023890204 0.9054885 90.248048 0.023645123 0.99960319 -0.015309237 -1.9906902 -0.905495 0.014923899 -0.4240945 -27.614857
-0.41071906 0.029111232 0.91129705 91.074828 0.024808131 0.99947692 -0.020747166 -2.0139994 -0.91142442 0.014086321 -0.41122642 -27.982859
-0.39933589 0.025048999 0.9164624 91.930475 0.020785311 0.99961711 -0.018264892 -2.0485964 -0.91656909 0.01175513 -0.39970364 -28.345013
-0.3871216 0.022137142 0.92176284 92.765823 0.023798773 0.99961857 -0.014011932 -2.083712 -0.92172152 0.016512505 -0.38750078 -28.681715
-0.37780406 0.021929632 0.9256258 93.610561 0.01921995 0.9996898 -0.015839505 -2.1227271 -0.9256861 0.011806253 -0.37810835 -29.016718
-0.37047687 0.027004116 0.92844902 94.473359 0.015618929 0.99961708 -0.022841667 -2.1601819 -0.9287104 0.0060390707 -0.37075679 -29.344497
-0.36488322 0.031192385 0.9305306 95.32258 0.0061177063 0.99949739 -0.031105326 -2.201992 -0.93103324 -0.0056570977 -0.36489065 -29.660556
-0.3615986 0.033680824 0.93172527 96.168638 0.0043267788 0.99939713 -0.03444788 -2.2444701 -0.93232387 -0.0084249354 -0.36152634 -29.989909
-0.35809942 0.033731525 0.93307391 97.014958 0.0042886354 0.99939608 -0.034483221 -2.2923939 -0.93367365 -0.0083468069 -0.35802781 -30.302296
-0.3527856 0.032649756 0.93513434 97.871847 0.0013115669 0.99940732 -0.034399017 -2.3427378 -0.9357033 -0.010908986 -0.35261934 -30.617602
-0.34800317 0.029555454 0.93702732 98.71373 0.0010536266 0.99951463 -0.031135102 -2.3855465 -0.9374928 -0.0098478369 -0.34786541 -30.918618
-0.34195969 0.025124009 0.93937867 99.56859 -0.00022420721 0.99964033 -0.026817344 -2.4350083 -0.93971463 -0.0093810656 -0.34183107 -31.226375
-0.33646135 0.022542716 0.94142738 100.43049 -0.00088304186 0.99970544 -0.024253792 -2.4722002 -0.9416969 -0.0089917827 -0.33634234 -31.521165
-0.33064601 0.021048505 0.94352006 101.27174 -0.0062904696 0.9996799 -0.024505769 -2.5211582 -0.94373393 -0.014037918 -0.33040776 -31.798773
-0.32448311 0.020595971 0.94566719 102.12725 -0.018047695 0.99944611 -0.027959872 -2.5542996 -0.94571934 -0.026139618 -0.32393167 -32.06869
-0.31771271 0.02436054 0.947874 102.97481 -0.014674097 0.99942387 -0.03060391 -2.6032573 -0.94807351 -0.023632445 -0.3171722 -32.352536
-0.31050508 0.028289448 0.95015063 103.84153 -0.013182871 0.99933278 -0.034061882 -2.6501345 -0.95048034 -0.0231021 -0.30992497 -32.612337
-0.3040126 0.026281946 0.95230537 104.69383 -0.015775517 0.99934344 -0.032616264 -2.6937201 -0.95253743 -0.024938864 -0.30339839 -32.888612
-0.29684306 0.021298289 0.95468869 105.56202 -0.015612085 0.99950938 -0.027152492 -2.7379296 -0.95479869 -0.02296471 -0.29636492 -33.150228
-0.29026479 0.018976491 0.95675816 106.40403 -0.01520449 0.9995857 -0.024438731 -2.7762635 -0.95682561 -0.021640723 -0.28985601 -33.382549
-0.28380565 0.021465158 0.9586415 107.26051 -0.018318728 0.99944558 -0.027802066 -2.8227401 -0.95870686 -0.025451476 -0.28325509 -33.638405
-0.2768915 0.024495838 0.96058887 108.12483 -0.01785291 0.99937131 -0.030630956 -2.8657813 -0.96073537 -0.025630758 -0.2762801 -33.874742
-0.27035007 0.025442686 0.96242581 108.97925 -0.019720903 0.99929467 -0.031957046 -2.9063054 -0.96256013 -0.027619495 -0.26965763 -34.102976
-0.26313658 0.024547498 0.9644462 109.87522 -0.019948325 0.99932408 -0.030877864 -2.9502428 -0.96455237 -0.027364181 -0.26246904 -34.334785
-0.25566749 0.024236857 0.96646088 110.70892 -0.017155071 0.99941456 -0.029601467 -2.9963356 -0.9666126 -0.024147838 -0.25510203 -34.553704
-0.24792348 0.025708338 0.96843841 111.58114 -0.012272274 0.99948428 -0.029674228 -3.04294 -0.96870192 -0.019241879 -0.24748012 -34.776925
-0.24093343 0.026080634 0.97019112 112.45168 -0.011070844 0.99949999 -0.029617802 -3.0864607 -0.97047854 -0.017876753 -0.24052423 -34.989147
-0.23414015 0.024942257 0.97188281 113.31738 -0.017508021 0.99940055 -0.029866393 -3.1263262 -0.97204524 -0.024008666 -0.2335631 -35.182753
-0.22810843 0.023065993 0.97336243 114.1931 -0.022099813 0.99933911 -0.02886068 -3.1710395 -0.97338493 -0.028094492 -0.22744792 -35.373433
-0.22317778 0.023467944 0.97449518 115.07486 -0.018537424 0.99942718 -0.028313778 -3.2085393 -0.97460152 -0.024383636 -0.22261491 -35.572979
-0.21917658 0.023584265 0.97540009 115.92507 -0.01697307 0.99946437 -0.027980037 -3.2556429 -0.97553761 -0.022688102 -0.21865889 -35.750528
-0.21433011 0.025250862 0.9764348 116.81297 -0.016090244 0.99943887 -0.029377604 -3.2950653 -0.97662879 -0.022007579 -0.21380355 -35.946364
-0.2087429 0.0240544 0.97767464 117.65671 -0.010556195 0.99958381 -0.026847294 -3.3333378 -0.97791362 -0.015924705 -0.2084021 -36.120784
-0.20324066 0.022808918 0.97886307 118.53813 -0.0035155863 0.99970519 -0.024024507 -3.3778049 -0.97912254 -0.0083240335 -0.20310055 -36.308956
-0.19816145 0.021927143 0.97992406 119.42798 -8.3315333e-05 0.99974936 -0.022387608 -3.4188166 -0.98016943 -0.0045180027 -0.19810995 -36.493186
-0.19420788 0.023361082 0.98068215 120.28347 -0.0026668607 0.99970013 -0.024342241 -3.4558799 -0.98095681 -0.0073427968 -0.19408734 -36.653155
-0.19041896 0.02555503 0.9813702 121.15359 -0.0041037375 0.99963167 -0.026826824 -3.4944541 -0.98169438 -0.0091356209 -0.19024395 -36.811201
-0.18897207 0.024449309 0.98167801 122.04542 -0.0076008994 0.99962363 -0.026359421 -3.5350965 -0.98195309 -0.012442829 -0.18871511 -36.97704
-0.18803096 0.023442955 0.98188324 122.90274 -0.0083408932 0.99964094 -0.025464211 -3.5768718 -0.98212772 -0.012977843 -0.18776792 -37.125902
-0.18686685 0.019210335 0.98219736 123.78725 -0.0072673342 0.9997544 -0.020936362 -3.609786 -0.98235841 -0.011050268 -0.18668135 -37.297764
-0.18635795 0.013756527 0.98238556 124.64191 -0.0069706141 0.99985829 -0.015323521 -3.6505389 -0.98245723 -0.0097034899 -0.18623565 -37.446739
-0.18503984 0.01203015 0.98265734 125.49632 -0.0031313818 0.99991278 -0.012831054 -3.6821373 -0.98272607 -0.0054513307 -0.18498603 -37.606504
-0.18390481 0.016316808 0.98280858 126.37358 -0.0067864514 0.9998173 -0.017869081 -3.7164882 -0.98292067 -0.0099559919 -0.18376048 -37.762388
-0.18396304 0.020251133 0.98272448 127.21588 -0.00727004 0.99973236 -0.021962545 -3.7534656 -0.98290632 -0.011184742 -0.18376658 -37.911406
-0.18383331 0.019340193 0.98276711 128.07436 -0.0087535065 0.99973456 -0.021311503 -3.7831067 -0.9829185 -0.012520422 -0.18361522 -38.061888
-0.18317563 0.018455087 0.98290692 128.93661 -0.011358628 0.99971731 -0.020887524 -3.8239641 -0.98301462 -0.014990559 -0.18291422 -38.218471
-0.18272091 0.018462592 0.98299141 129.76393 -0.0067908179 0.99977611 -0.020040136 -3.8615995 -0.98314141 -0.010337067 -0.18255463 -38.370306
-0.18157527 0.021327212 0.98314571 130.62173 -0.0083615802 0.99969517 -0.023230499 -3.9026805 -0.98334154 -0.012438735 -0.1813416 -38.526779
-0.18182464 0.022997343 0.98306197 131.4564 -0.017443859 0.99949373 -0.026608111 -3.9293811 -0.98317628 -0.021986405 -0.18133143 -38.656827
-0.18179334 0.024114559 0.98304099 132.28816 -0.021985594 0.99934969 -0.028580405 -3.9699878 -0.98309099 -0.026808467 -0.18114494 -38.795133
-0.18180813 0.027210811 0.98295742 133.12349 -0.023865989 0.99920049 -0.03207472 -4.019437 -0.9830444 -0.029290696 -0.18101336 -38.94505
-0.18141969 0.028292283 0.98299866 133.93772 -0.019407664 0.99928838 -0.032342954 -4.0596792 -0.98321428 -0.024945356 -0.1807415 -39.092685
-0.17945347 0.029591863 0.98332126 134.77269 -0.018994678 0.99925693 -0.033537903 -4.1060903 -0.98358311 -0.024696364 -0.17875803 -39.23353
-0.17783169 0.028533598 0.98364711 135.58197 -0.015922409 0.99936525 -0.031868129 -4.1444318 -0.98393214 -0.021329194 -0.17726449 -39.382212
-0.17462283 0.025666332 0.98430078 136.41165 -0.0066464923 0.9996067 -0.027244584 -4.1918459 -0.98461301 -0.011299673 -0.17438356 -39.529477
-0.17165022 0.021529704 0.98492263 137.24777 0.0029249598 0.9997679 -0.021344454 -4.2235779 -0.98515366 -0.0007829202 -0.17167335 -39.688127
-0.16780979 0.021185737 0.98559168 138.06157 0.0048376559 0.99977471 -0.020666933 -4.2587308 -0.98580756 0.0012998407 -0.16787447 -39.819303
-0.16328685 0.025317006 0.98625371 138.8473 0.0018604709 0.99967682 -0.02535355 -4.3060493 -0.98657692 -0.0023050041 -0.16328118 -39.952814
-0.15663123 0.028523818 0.98724514 139.67563 0.0019720439 0.99958992 -0.028567612 -4.3430158 -0.98765523 -0.0025276886 -0.15662325 -40.065746
-0.14886477 0.029173102 0.9884271 140.46683 -0.0024038685 0.9995511 -0.029863463 -4.3834763 -0.98885468 -0.0068216655 -0.14872781 -40.174708
-0.13914024 0.025499726 0.98994428 141.24579 0.0074033024 0.99966726 -0.024709616 -4.4087284 -0.99024505 0.003890756 -0.13928272 -40.287363
-0.12683748 0.024353143 0.99162447 142.07713 0.018071201 0.99958938 -0.022237285 -4.4446824 -0.99175893 0.015099325 -0.12722549 -40.396784
-0.11350258 0.025958259 0.99319849 142.86692 0.012980836 0.99961205 -0.024642435 -4.4940409 -0.99345294 0.010095568 -0.11379551 -40.480052
-0.09927234 0.027436695 0.99468193 143.63602 0.01283474 0.99957194 -0.02629063 -4.527103 -0.99497757 0.010156553 -0.09958199 -40.549621
-0.085634387 0.027462701 0.99594802 144.41569 0.015975346 0.99952938 -0.026187849 -4.5602931 -0.99619859 0.013668035 -0.086032813 -40.614114
-0.071788964 0.028827161 0.99700314 145.20833 0.018574357 0.99944756 -0.027560395 -4.5994696 -0.99724692 0.016540162 -0.072284752 -40.664137
-0.057841252 0.034712366 0.99772208 146.01679 0.015167433 0.99931053 -0.033888323 -4.6498418 -0.99821061 0.013172741 -0.058327871 -40.698218
-0.045440653 0.043803527 0.99800617 146.75878 0.007099262 0.99902711 -0.043525096 -4.6953886 -0.99894186 0.0051072995 -0.045707418 -40.714408
-0.031820265 0.052372603 0.99812048 147.50265 1.9323984e-05 0.99862625 -0.052398524 -4.7400852 -0.99949365 -0.0016480464 -0.031777566 -40.720234
-0.017607972 0.053606883 0.99840682 148.34305 0.0010916162 0.99856211 -0.053595968 -4.7883132 -0.99984441 0.00014616161 -0.017641173 -40.725583
-0.0063112684 0.049507458 0.99875377 149.07098 -0.0008528677 0.99877308 -0.049513803 -4.8402755 -0.99997976 -0.0011642989 -0.0062613032 -40.71546
0.0043595277 0.04659523 0.9989043 149.82029 -0.0011106042 0.99891344 -0.046590808 -4.8944104 -0.99998992 -0.00090627255 0.0044065381 -40.701418
0.014098704 0.052893844 0.99850057 150.59012 -0.0056841079 0.99858797 -0.052818213 -4.9540293 -0.99988449 -0.0049309159 0.014379449 -40.674666
0.020757606 0.061421997 0.99789597 151.33516 -0.012003949 0.99805444 -0.06118205 -5.0057285 -0.99971251 -0.010708699 0.021454525 -40.650111
0.023618358 0.064902458 0.99761203 152.06115 -0.016833224 0.99777478 -0.064514519 -5.0555188 -0.99957936 -0.015269299 0.024658318 -40.617947
0.023429289 0.060618736 0.99788594 152.85449 -0.018798446 0.99801022 -0.060184916 -5.112427 -0.99954878 -0.017348615 0.024522206 -40.584886
0.022082454 0.055029248 0.99824048 153.61843 -0.013858168 0.99840492 -0.05473175 -5.1867199 -0.99966014 -0.012625173 0.022809834 -40.565196
0.018529052 0.052626719 0.9984423 154.37042 -0.014744314 0.99851957 -0.052357165 -5.2337504 -0.99971964 -0.013751217 0.019277564 -40.544276
0.01608984 0.052726711 0.99847931 155.10207 -0.013350651 0.99853093 -0.052514298 -5.2862312 -0.99978146 -0.012485401 0.016770137 -40.535024
0.01251226 0.052975638 0.99851737 155.86652 -0.013968201 0.99850741 -0.052800074 -5.3442371 -0.99982419 -0.013286843 0.013233557 -40.525674
0.0082434328 0.051273362 0.99865059 156.60052 -0.011254511 0.99862607 -0.0511792 -5.3978039 -0.99990273 -0.010817432 0.008809162 -40.513103
0.0028363956 0.051582315 0.99866468 157.33349 -0.015090752 0.99855722 -0.051533903 -5.4446393 -0.99988215 -0.014924429 0.0036107177 -40.507882
-0.0033455083 0.049725611 0.99875727 158.07948 -0.015493667 0.99864044 -0.049771691 -5.4951571 -0.99987441 -0.015640923 -0.0025705293 -40.498956
-0.0092386703 0.046771598 0.99886284 158.82301 -0.010822431 0.99884233 -0.046870735 -5.5448616 -0.9998988 -0.011243146 -0.0087217942 -40.512597
-0.014099305 0.046762854 0.99880647 159.57456 -0.013167322 0.9988105 -0.046948913 -5.5957015 -0.99981394 -0.013813553 -0.013466793 -40.521794
-0.019960137 0.048078132 0.99864408 160.29262 -0.013245323 0.99874274 -0.048347617 -5.6424421 -0.99971308 -0.014192388 -0.019298233 -40.522264
-0.024212639 0.050354157 0.99843784 161.00406 -0.015415338 0.99859313 -0.050735817 -5.6935023 -0.99958802 -0.016619704 -0.02340235 -40.534576
-0.026408332 0.052453698 0.99827407 161.71326 -0.015214194 0.99848564 -0.052867289 -5.7468852 -0.9995355 -0.016584072 -0.025570301 -40.552626
-0.027665077 0.054140103 0.99814999 162.43827 -0.014355748 0.99840773 -0.05455197 -5.8026177 -0.9995142 -0.015838373 -0.026843806 -40.570253
-0.027186312 0.052411792 0.99825539 163.16223 -0.010746917 0.9985515 -0.052720017 -5.8534574 -0.99957265 -0.01216143 -0.026583669 -40.595783
-0.023281254 0.048389311 0.99855715 163.85878 -0.004651846 0.99881186 -0.048510109 -5.8965837 -0.99971817 -0.0057745095 -0.023028494 -40.611809
-0.015773945 0.048026017 0.99872148 164.56936 -0.0040518234 0.99883453 -0.048095446 -5.95001 -0.99986742 -0.0048052972 -0.01556097 -40.620336
-0.0048438252 0.04916562 0.99877885 165.2768 -0.0021118098 0.99878788 -0.049176305 -6.0041629 -0.99998608 -0.0023474316 -0.004734127 -40.614298
0.0082570479 0.049402393 0.99874478 165.95704 0.00013299896 0.99877881 -0.049405174 -6.0501096 -0.99996594 0.00054077375 0.0082403924 -40.598824
0.023882894 0.047161606 0.99860168 166.63932 -0.00075769976 0.9988872 -0.047156967 -6.0940846 -0.99971452 0.00036960545 0.02389205 -40.574174
0.040001271 0.042198728 0.99830811 167.34287 -0.0042039217 0.99910607 -0.04206401 -6.1373528 -0.99919083 -0.0025141944 0.040142912 -40.520018
0.056539734 0.035825714 0.99775733 168.00793 -0.0058590938 0.99935069 -0.035550908 -6.176857 -0.9983832 -0.0038359141 0.056712927 -40.474617
0.073935394 0.028515154 0.99685524 168.69203 -0.0072891962 0.99957988 -0.028052462 -6.2132581 -0.99723644 -0.0051922028 0.074112183 -40.410774
0.091629825 0.020824072 0.99557534 169.39259 -0.0059351976 0.99977498 -0.020365655 -6.2453412 -0.99577549 -0.0040428341 0.0917328 -40.340253
0.10924724 0.014775275 0.99390475 170.04865 -0.0089021716 0.99986396 -0.013885361 -6.2792233 -0.99397479 -0.0073309725 0.10936391 -40.250907
0.12679271 0.012116457 0.99185519 170.69591 -0.0093190312 0.99989581 -0.011023392 -6.3078395 -0.9918855 -0.007845443 0.12689241 -40.15587
0.14429821 0.01123934 0.98947037 171.32737 -0.0085953064 0.99991201 -0.010104459 -6.3259443 -0.98949696 -0.007046745 0.14438212 -40.042628
0.16281035 0.010589743 0.98660051 171.97438 -0.0094997648 0.99991288 -0.0091649654 -6.3448763 -0.98661169 -0.0078803209 0.16289676 -39.922863
0.1788507 0.010351475 0.98382173 172.6162 -0.015605493 0.99984871 -0.0076831554 -6.3638399 -0.9837525 -0.013978885 0.17898518 -39.784472
0.19344026 0.006667255 0.98108936 173.23635 -0.017042357 0.99984887 -0.003434518 -6.3784333 -0.98096407 -0.0160557 0.19352465 -39.646701
0.20549128 0.0024281799 0.97865589 173.86219 -0.013370569 0.99991056 0.00032654278 -6.3952919 -0.97856765 -0.013152287 0.20550537 -39.507275
0.21658522 0.0006850773 0.97626343 174.48688 -0.0097706774 0.99995119 0.0014659372 -6.4126827 -0.97621486 -0.0098562548 0.21658134 -39.360847
0.22611976 0.0043349927 0.97408982 175.08458 -0.014279439 0.9998974 -0.0011350947 -6.4288702 -0.97399488 -0.013652788 0.22615846 -39.208353
0.2348939 0.011095692 0.97195765 175.68168 -0.017533033 0.99982053 -0.007176545 -6.4468995 -0.97186292 -0.015355638 0.23504628 -39.056578
0.24436274 0.021441968 0.96944676 176.26759 -0.019184055 0.99966672 -0.017274753 -6.4677211 -0.96949415 -0.014376613 0.24469265 -38.88884
0.25243841 0.028335977 0.96719793 176.85813 -0.015242893 0.99956354 -0.0253058 -6.4834028 -0.96749294 -0.0083547384 0.25276015 -38.739687
0.2585634 0.026764904 0.96562339 177.46472 -0.014109446 0.99961409 -0.023928986 -6.498637 -0.96589128 -0.0074372501 0.25884126 -38.565709
0.26490158 0.01955067 0.9640772 178.06117 -0.017125881 0.99973213 -0.015568006 -6.517518 -0.9641234 -0.012386681 0.26516545 -38.390217
0.26901551 0.008539178 0.96309795 178.67978 -0.020693078 0.99978112 -0.0030843694 -6.5405158 -0.96291356 -0.019099717 0.26913333 -38.209503
0.27109055 -0.00084998394 0.96255343 179.28541 -0.01864806 0.99980729 0.0061348625 -6.5625612 -0.96237323 -0.019612857 0.27102246 -38.03167
0.27176164 -0.0016085182 0.96236321 179.88614 -0.015991706 0.99985298 0.0061870758 -6.5791373 -0.96223176 -0.017071239 0.27169596 -37.863264
0.27298258 0.0014979663 0.96201777 180.49513 -0.014827956 0.99988655 0.0026506553 -6.582823 -0.96190474 -0.014988339 0.27297382 -37.697987
0.27448367 0.0012265517 0.96159094 181.08161 -0.011405045 0.999933 0.0019800824 -6.5932213 -0.96152416 -0.011510487 0.27447927 -37.518053
0.27684894 -0.00063346889 0.96091321 181.69969 -0.012744988 0.9999094 0.0043311383 -6.5902265 -0.96082897 -0.013445897 0.27681578 -37.333619
0.27885388 -0.0050558739 0.96032019 182.31861 -0.012734922 0.99987874 0.0089620561 -6.6050545 -0.96024914 -0.014728707 0.27875568 -37.152609
0.28173585 -0.010571403 0.95943373 182.94724 -0.011038655 0.99983741 0.014258066 -6.6158604 -0.95942855 -0.014607866 0.28157335 -36.972397
0.28607918 -0.013471103 0.95811124 183.56465 -0.0098218529 0.99980742 0.016990027 -6.6208132 -0.95815568 -0.01427092 0.28589177 -36.782775
0.29229071 -0.01504508 0.95621112 184.16491 -0.0086104941 0.99979431 0.018362841 -6.6157693 -0.95629079 -0.013600738 0.29210104 -36.595296
0.30004613 -0.018170309 0.95375158 184.80196 -0.0073094198 0.99974543 0.021346068 -6.6161932 -0.95389673 -0.013376175 0.29983693 -36.392657
0.30989159 -0.020814785 0.95054399 185.40898 -0.0042286764 0.99972027 0.023270248 -6.6205851 -0.95076253 -0.011230796 0.30971689 -36.177553
0.32091417 -0.018758026 0.94692246 186.02249 -0.0061348555 0.99974171 0.021883463 -6.6227939 -0.94708845 -0.012831945 0.3207162 -35.956945
0.33226783 -0.015028056 0.94306531 186.63294 -0.006725914 0.99980988 0.018302024 -6.6190699 -0.94316113 -0.012424149 0.33210358 -35.731225
0.34378484 -0.011191701 0.93898171 187.24268 -0.0083407792 0.99985314 0.014970995 -6.618501 -0.93901144 -0.01297864 0.34364101 -35.491647
0.35531203 -0.010468662 0.93468909 187.8721 -0.0080674522 0.9998657 0.014265406 -6.6136683 -0.93471298 -0.012609229 0.35517985 -35.252627
0.36643192 -0.014054162 0.93033868 188.49909 -0.0064536096 0.99982347 0.017645713 -6.6184433 -0.93042252 -0.012469995 0.36627653 -34.999957
0.37753239 -0.016062621 0.92585702 189.10894 -0.0061846687 0.9997835 0.019867059 -6.6177709 -0.92597577 -0.013226576 0.37735131 -34.731405
0.38884575 -0.015912205 0.92116541 189.7436 -0.0094174659 0.99972995 0.021244663 -6.6229488 -0.92125478 -0.01693594 0.38859089 -34.449125
0.39882115 -0.017740113 0.91685708 190.35334 -0.011024414 0.99964786 0.024137497 -6.6118974 -0.9169625 -0.019734356 0.39848514 -34.165837
0.40604854 -0.015821586 0.9137145 190.98269 -0.016224725 0.99956771 0.02451835 -6.6105484 -0.91370751 -0.024780406 0.40561631 -33.860796
0.41008877 -0.018369712 0.91186056 191.62566 -0.016283039 0.99949033 0.027457971 -6.60133 -0.91190029 -0.026108066 0.40958064 -33.566236
0.41251535 -0.023614723 0.91064447 192.2638 -0.011170242 0.99945765 0.030977854 -6.5923075 -0.9108822 -0.02295096 0.41202784 -33.275549
0.41275952 -0.021056165 0.91059659 192.91416 -0.0097829097 0.99957261 0.027548044 -6.5905654 -0.91078754 -0.020279001 0.41237712 -32.977213
0.41170765 -0.021406783 0.91106448 193.5857 -0.0071583675 0.99961726 0.026722306 -6.5829665 -0.9112879 -0.017523512 0.41139683 -32.68967
0.41037782 -0.020453845 0.91168614 194.24617 -0.0043164371 0.99969366 0.02437127 -6.5781558 -0.91190542 -0.013936664 0.41016381 -32.390304
0.4105442 -0.021521253 0.91158665 194.91959 -0.0014884329 0.99970429 0.024271918 -6.5673273 -0.91183952 -0.01132153 0.41039076 -32.092476
0.40927731 -0.028014805 0.91197982 195.60017 0.0027781758 0.99956215 0.029458431 -6.5558485 -0.91240585 -0.0095230267 0.40917594 -31.786332
0.40873222 -0.031134335 0.9121231 196.28234 0.0030249863 0.99945867 0.032759912 -6.5523176 -0.91264938 -0.010630871 0.40860515 -31.476466
0.40719518 -0.033485302 0.91272709 196.97105 0.0039984908 0.99938349 0.034880626 -6.5407792 -0.91333245 -0.010553691 0.40707803 -31.169842
0.4051921 -0.033713142 0.91360972 197.64752 0.0032315573 0.99936642 0.035444436 -6.5286389 -0.9142259 -0.011409423 0.40504433 -30.858345
0.40382494 -0.03399137 0.91420454 198.33567 0.0025154895 0.99934697 0.036045932 -6.5123564 -0.91483286 -0.012256574 0.40364673 -30.541533
0.40163362 -0.033256468 0.91519636 199.02803 0.0013030232 0.99936017 0.035742986 -6.5068415 -0.91579954 -0.013163062 0.40141998 -30.249533
0.40101449 -0.029979173 0.915581 199.70928 0.0020318701 0.99949102 0.03183673 -6.5019638 -0.9160695 -0.010906648 0.40087129 -29.941548
0.40022401 -0.023876384 0.91610621 200.39641 0.00083695474 0.99966964 0.025688645 -6.4995968 -0.916417 -0.0095144725 0.40011178 -29.645614
0.39888867 -0.020670744 0.91676632 201.06989 -0.0008093191 0.99973758 0.022893673 -6.4865156 -0.91699905 -0.0098739824 0.39876726 -29.337955
0.39776305 -0.023104683 0.91719718 201.7773 -0.0022529363 0.99965526 0.026158882 -6.4781175 -0.91748545 -0.012471423 0.39757387 -29.034645
0.396608 -0.026642794 0.91760132 202.45528 -0.0024880662 0.99954387 0.030097416 -6.4678095 -0.91798474 -0.014219928 0.39636081 -28.726311
0.39333179 -0.026404787 0.91901731 203.1343 -0.0061040721 0.99949047 0.031329397 -6.4661845 -0.91937637 -0.017932596 0.3929702 -28.427796
0.38961442 -0.026177551 0.92060592 203.82719 -0.0091864424 0.99943578 0.03230693 -6.4610106 -0.92093229 -0.021044339 0.38915412 -28.129557
0.38263547 -0.027332933 0.92349496 204.50653 -0.0093272371 0.99939707 0.033444021 -6.4521119 -0.92385235 -0.021410525 0.38214982 -27.848655
0.3741296 -0.027369417 0.92697243 205.20411 -0.0093617298 0.99940201 0.033286373 -6.4421606 -0.92732921 -0.021131483 0.37364965 -27.561825
