1.000000000000000000e+00 -3.306050084167601550e-19 -2.270457535318767223e-19 -8.673617379884035472e-19 7.546676715296109287e-19 1.000000000000000000e+00 6.237773588823049983e-19 1.387778780781445676e-17 -3.447385680526250622e-20 4.770700176052009879e-20 1.000000000000000222e+00 5.551115123125782702e-17
9.999317289289662014e-01 -2.276149159346912716e-03 1.145601944809947204e-02 1.470867897915401241e-02 2.265815011735774695e-03 9.999970003213062286e-01 9.150805189853181273e-04 -2.602767094819213867e-04 -1.145806966817317432e-02 -8.890455295758212207e-04 9.999339416481655141e-01 3.004186320833371338e-01
9.998226693582588087e-01 -5.707655730318992628e-03 1.794760812027507493e-02 3.543212384334547271e-02 5.684028817666368465e-03 9.999829131054753795e-01 1.367823826391977851e-03 -1.100732782531976817e-02 -1.795510591362026523e-02 -1.265603272363794839e-03 9.998380413651538623e-01 5.852106899890625602e-01
9.997541314299552839e-01 -8.567006253916353495e-03 2.044748004127612540e-02 4.643392100456305432e-02 8.560440944181018849e-03 9.999632923552335129e-01 4.084235473134760507e-04 -1.981645861827872890e-02 -2.045022969072157748e-02 -2.332667257888395500e-04 9.997907186861250128e-01 8.850343869345804748e-01
9.997826445884115953e-01 -9.725142618493574920e-03 1.843877336829311681e-02 4.595180052305513491e-02 9.746335992146063290e-03 9.999519491876491806e-01 -1.059587789748197683e-03 -2.280986304545323806e-02 -1.842758638732159768e-02 1.239073702004045647e-03 9.998293982474074637e-01 1.195703213584577762e+00
9.998600543693989540e-01 -1.172761206775188060e-02 1.193449086069027325e-02 4.586870560451924983e-02 1.175749297056729974e-02 9.999279241145339059e-01 -2.437340194485176307e-03 -2.302504321034387624e-02 -1.190506348324871580e-02 2.577285758645866086e-03 9.999258000118560474e-01 1.513626755544717817e+00
9.999201515073286028e-01 -1.263247649392358098e-02 -3.217079073817637625e-04 3.931139042840751940e-02 1.263115735301570570e-02 9.999129502426998828e-01 -3.817970730882235767e-03 -3.678715953364973534e-02 3.699099585531808116e-04 3.813602748904648069e-03 9.999926738732934917e-01 1.835858733090282913e+00
9.998053824061464701e-01 -1.141479743387304596e-02 -1.609523277293463395e-02 1.860163222533747426e-02 1.134473576297222522e-02 9.999258260904044793e-01 -4.440257690726431318e-03 -4.314058287400895919e-02 1.614469962098165345e-02 4.256880008875952269e-03 9.998606785006721731e-01 2.161422924909219390e+00
9.993501849522432590e-01 -6.479018950545905459e-03 -3.547077894558499367e-02 -1.902656789889434208e-02 6.334196058184621454e-03 9.999711149838026447e-01 -4.193997570220391394e-03 -4.397477078001026107e-02 3.549694005613902165e-02 3.966671635613789638e-03 9.993623910887347028e-01 2.507340645306492810e+00
9.984954968770571870e-01 -2.694629326254655705e-03 -5.477002354916540167e-02 -6.493330785862712340e-02 2.410946372989085981e-03 9.999833211756719020e-01 -5.246132313218142967e-03 -4.851401973808676382e-02 5.478324933800259033e-02 5.106203594527808191e-03 9.984853981795710487e-01 2.860036074716492571e+00
9.971123394136472973e-01 -2.393133704064347601e-03 -7.591850922846028749e-02 -1.079463867154950851e-01 1.924209475006749288e-03 9.999786179243721485e-01 -6.251442111807906966e-03 -5.298542796853498993e-02 7.593184853529984235e-02 6.087367367798994164e-03 9.970956228431028245e-01 3.220987811414744328e+00
9.952052774223640874e-01 -3.391915102175296556e-03 -9.775715144365763887e-02 -1.634117372925683875e-01 2.900769679950187824e-03 9.999824403071011503e-01 -5.165237409157106239e-03 -5.762093198678502892e-02 9.777296252668371546e-02 4.856964658572240218e-03 9.951976358357511598e-01 3.599039135827122315e+00
9.930169343578798546e-01 -4.367628223100219857e-03 -1.178904571928246908e-01 -2.226195067829893071e-01 3.929133100387528603e-03 9.999844490082110404e-01 -3.951792817854613005e-03 -6.575962325595133273e-02 1.179058974982004487e-01 3.461086264302251463e-03 9.930187048297103303e-01 3.983171046013290084e+00
9.910016577130422721e-01 -4.252981845186853092e-03 -1.337609423944051690e-01 -2.911888611246938319e-01 3.861638579589127696e-03 9.999874998662965364e-01 -3.185292816830458899e-03 -7.112594635690966394e-02 1.337728204298082313e-01 2.640216121475262058e-03 9.910056501408458507e-01 4.381295256441986474e+00
9.884585475661767928e-01 -3.121865785281700053e-03 -1.514835242042536501e-01 -3.727979701714326244e-01 2.754922067649133617e-03 9.999927235018848393e-01 -2.631863743532838074e-03 -7.780256158144421841e-02 1.514906531644407417e-01 2.184461448529117448e-03 9.884599757085194005e-01 4.796824533741070873e+00
9.865014885494781671e-01 -2.623831659111093909e-03 -1.637466288049831964e-01 -4.626273509443631360e-01 2.220479500283385928e-03 9.999940453381099825e-01 -2.645959715296979445e-03 -8.265481237039297435e-02 1.637526098125534624e-01 2.246698849546307098e-03 9.865014162619482052e-01 5.215974317974746199e+00
9.844398824138981263e-01 -3.324811517383205288e-03 -1.756791118496715820e-01 -5.500499034685328859e-01 2.842544230453683714e-03 9.999915002590026303e-01 -2.997459726784415697e-03 -8.996660643818786551e-02 1.756875938248360358e-01 2.451673959210028814e-03 9.844409856628233424e-01 5.655962670547155291e+00
9.826751764353401919e-01 -6.135812327482228004e-03 -1.852144635555324770e-01 -6.412835692328014980e-01 5.369584966170517018e-03 9.999748153617710189e-01 -4.639346188770704718e-03 -1.037024349171017518e-01 1.852382733693185290e-01 3.564501074226409175e-03 9.826834103597189563e-01 6.104605319089342785e+00
9.811694306326403936e-01 -5.482924943957197261e-03 -1.931147864529419722e-01 -7.388844541999863846e-01 4.195757295450014759e-03 9.999661523938543350e-01 -7.075878187904491301e-03 -1.109031803976725794e-01 1.931470746690591156e-01 6.132198264333484951e-03 9.811592339443307997e-01 6.565174705441553904e+00
9.797218450091949027e-01 -5.124460608660948852e-03 -2.003127278965996794e-01 -8.533589612286310855e-01 3.394756419440037032e-03 9.999539569410735851e-01 -8.977011876647391850e-03 -1.132693948538288919e-01 2.003495353896453113e-01 8.114785332626835157e-03 9.796941554967837362e-01 7.044515198260338451e+00
9.782776422538106420e-01 -5.772624189451522683e-03 -2.071973101488966129e-01 -9.681140574898565720e-01 3.453015504396741205e-03 9.999272825930463071e-01 -1.155443482762893992e-02 -1.235654813819903192e-01 2.072489507784396889e-01 1.058790600098412533e-02 9.782264640081237417e-01 7.526768582736224289e+00
9.763142886814135668e-01 -9.152884744243520998e-03 -2.161215464815364751e-01 -1.078933031630878059e+00 6.463510937624009252e-03 9.998926633089715299e-01 -1.314486724808061786e-02 -1.362666108085281158e-01 2.162186987572588814e-01 1.143604394127546199e-02 9.762687150094319088e-01 8.031201553189754705e+00
9.743672719606930599e-01 -1.461100829870416035e-02 -2.244733484009975855e-01 -1.195133062349007957e+00 1.180987689533983739e-02 9.998347696757419190e-01 -1.381597878882399183e-02 -1.516261204354945047e-01 2.246381507498382835e-01 1.081019784991009945e-02 9.743788790598237881e-01 8.549189256486773303e+00
9.730355054047739038e-01 -1.491195425276791754e-02 -2.301951856899388527e-01 -1.326981529251883174e+00 1.147468428260807298e-02 9.998018203306060503e-01 -1.626313189603591919e-02 -1.738577841524867051e-01 2.303921592492579884e-01 1.318325542932230303e-02 9.730138810441003594e-01 9.073957473555228859e+00
9.705206191523225723e-01 -1.101971049761455226e-02 -2.407213447333625134e-01 -1.479995431038573672e+00 6.263777294618178698e-03 9.997699926028577044e-01 -2.051318996438035794e-02 -1.753659884938421065e-01 2.408920002608173350e-01 1.840054614007481659e-02 9.703665270692828360e-01 9.606565010957021755e+00
9.686514983604201934e-01 -9.489977129838299968e-03 -2.482389290348652744e-01 -1.642098383665934191e+00 3.532928974259046985e-03 9.996951942597228635e-01 -2.443090703211429210e-02 -1.925328456056285831e-01 2.483951092177625608e-01 2.278825604540610922e-02 9.683898910895741841e-01 1.015629088735459185e+01
9.662848563249811784e-01 -1.134149455027794184e-02 -2.571229410977590168e-01 -1.793366433215576983e+00 4.810379579867669550e-03 9.996501896748771765e-01 -2.600940543742538691e-02 -2.144007907857617967e-01 2.573279378121029470e-01 2.389527146163732824e-02 9.660014564568072393e-01 1.071173476904849764e+01
9.643915418405447637e-01 -1.407955638839806893e-02 -2.640960261951225685e-01 -1.953616825304592020e+00 7.066694089066872034e-03 9.995971924625239868e-01 -2.748342215535973590e-02 -2.382977869299380824e-01 2.643766356403797202e-01 2.463853411643977115e-02 9.641027321237807257e-01 1.127801778013282785e+01
9.619856921159257723e-01 -1.319357765180970143e-02 -2.728087481850142160e-01 -2.129336590083670711e+00 5.075645847373003519e-03 9.995234733701749974e-01 -3.043312907185836969e-02 -2.603878783828021959e-01 2.730803489727015587e-01 2.789209913634958793e-02 9.615942266380754777e-01 1.186270917161588478e+01
9.596324371977121848e-01 -1.273483343596761540e-02 -2.808842289954021632e-01 -2.319172377956193021e+00 3.411818082587849809e-03 9.994280015485796920e-01 -3.364816669859065773e-02 -2.827448032658080312e-01 2.811520174444242515e-01 3.133126084413841855e-02 9.591270603000340289e-01 1.245496577923839077e+01
9.576158248746450274e-01 -1.403349242485479528e-02 -2.877066930886002516e-01 -2.506094301216149844e+00 3.116330665785761213e-03 9.992587242919158674e-01 -3.837367037795968994e-02 -3.115403664571433917e-01 2.880321527175807583e-01 3.584935504140059070e-02 9.569498302775616416e-01 1.305578213583019576e+01
9.557353519005568065e-01 -1.475961394005149453e-02 -2.938173955015266348e-01 -2.710625401983540073e+00 1.279824797380075098e-03 9.989400489118566151e-01 -4.600368815878792816e-02 -3.462820012811689274e-01 2.941850993444833917e-01 4.359068203082558379e-02 9.547412747552138645e-01 1.367164860220717948e+01
9.545150390355665593e-01 -1.554963579288613090e-02 -2.978289206355317909e-01 -2.919005166527833151e+00 -4.429671495193403794e-04 9.985640541524990477e-01 -5.356589343634519246e-02 -3.829774771925401056e-01 2.982343461145996466e-01 5.126142240661904492e-02 9.531376474201499471e-01 1.429634782204214360e+01
9.535434788689816088e-01 -1.554378515704024112e-02 -3.008722091653860953e-01 -3.130623673331112133e+00 -3.524678250086030716e-03 9.980239743908267958e-01 -6.273505353165045872e-02 -4.268916343485796849e-01 3.012528396693525123e-01 6.088114464629799244e-02 9.516045032793460923e-01 1.493666202168170365e+01
9.520748659790188029e-01 -1.463071287476480284e-02 -3.055047782019041924e-01 -3.351868384958915925e+00 -7.742726971468622682e-03 9.973823060606320512e-01 -7.189386622395121940e-02 -4.701644199830051774e-01 3.057571306675969103e-01 7.081305488875078158e-02 9.494693244660867837e-01 1.558191942999023460e+01
9.509244863755559329e-01 -1.389283592037798831e-02 -3.091504768753591259e-01 -3.579656007196310608e+00 -1.113075851296999041e-02 9.968090256857227160e-01 -7.904998004776719878e-02 -5.279313694792562295e-01 3.092620832067752290e-01 7.861216712532928530e-02 9.477356170242625666e-01 1.624095490162341804e+01
9.492532998802249988e-01 -1.397955106358165708e-02 -3.141617704169176184e-01 -3.809955822510751489e+00 -1.350533786126394825e-02 9.962783164951088954e-01 -8.514339637348668222e-02 -5.881880723642289865e-01 3.141827153780436532e-01 8.506624609012949922e-02 9.455318949962787656e-01 1.690911890718413702e+01
9.475927590055831518e-01 -1.187591701271926460e-02 -3.192199284202066889e-01 -4.059473696738354676e+00 -1.805769062164528510e-02 9.957202805970781778e-01 -9.061460549515276686e-02 -6.560733312945746798e-01 3.189295463993320201e-01 9.163132102964448300e-02 9.433231579643249765e-01 1.758416003245327985e+01
9.462552968415466337e-01 -1.017446830333533156e-02 -3.231986401699863953e-01 -4.312388511207330133e+00 -2.233667254584821918e-02 9.950624772167570020e-01 -9.671881857777825386e-02 -7.297209011002457890e-01 3.225864053421567124e-01 9.874226885779906204e-02 9.413559663286596990e-01 1.827184733183606724e+01
9.444003818888587753e-01 -6.660985314329374504e-03 -3.287487250270215156e-01 -4.576256551731550992e+00 -2.774615356188969706e-02 9.946139832936968794e-01 -9.986744159955440736e-02 -8.067713276643260212e-01 3.276432293828966946e-01 1.034363748272796868e-01 9.391292433875435552e-01 1.897314550957431933e+01
9.433213537679967509e-01 -5.974362440960702403e-03 -3.318142191966987897e-01 -4.845344283396683771e+00 -2.940020848137386150e-02 9.944026096810343329e-01 -1.014924309831772009e-01 -8.799804888062076058e-01 3.305626978715852093e-01 1.054977919713478429e-01 9.378658245110215175e-01 1.968165277997023210e+01
9.407421178669324036e-01 -5.612378455110033325e-03 -3.390959670294126926e-01 -5.119205800368595405e+00 -3.030521257970673898e-02 9.944714005693501280e-01 -1.005302015647890346e-01 -9.677856256269121715e-01 3.377862015332852574e-01 1.048462688483492444e-01 9.353709694787567530e-01 2.040948371454944876e+01
9.386167521847369466e-01 -4.779264128230490544e-03 -3.449321310949540753e-01 -5.397026909765195057e+00 -3.132990220540740611e-02 9.945905492843246654e-01 -9.903600778524604409e-02 -1.050735174406969508e+00 3.435395539323996550e-01 1.037636094121742875e-01 9.333897549197939236e-01 2.113746951473935454e+01
9.362525926920924890e-01 -4.700558815112248177e-03 -3.513973001415174879e-01 -5.685879386802615620e+00 -3.108842937118223501e-02 9.948794729276948523e-01 -9.615764831410933411e-02 -1.134739840289883617e+00 3.500502570119011780e-01 1.009494085584343587e-01 9.313126331907901623e-01 2.187076318997665325e+01
9.334857300855246010e-01 -4.533911492399650411e-03 -3.585333408405301792e-01 -5.983142769064743405e+00 -3.107862711947335238e-02 9.951352938476615284e-01 -9.348647383679446754e-02 -1.218440580904622150e+00 3.572132802849065092e-01 9.841081796960243766e-02 9.288037716944079758e-01 2.261246834901175262e+01
9.293601332199371567e-01 -1.581853206315439811e-03 -3.692282222753300314e-01 -6.298710662603694388e+00 -3.308434774420047908e-02 9.956102861463200782e-01 -8.755026889785404165e-02 -1.293006038981230565e+00 3.677463631128606303e-01 9.357852829776057424e-02 9.252283263612822717e-01 2.337797757793477516e+01
9.263404310457488133e-01 7.191155669691133567e-04 -3.767086677206344936e-01 -6.617644477865780139e+00 -3.412391437125286697e-02 9.960466672704308966e-01 -8.203433576338230171e-02 -1.372666869618160312e+00 3.751606134401781478e-01 8.884715614292663932e-02 9.227028737030161798e-01 2.412303726277949067e+01
9.227511567961707017e-01 3.597656030145059483e-03 -3.853754207873076321e-01 -6.953971159712830641e+00 -3.666755634797588814e-02 9.962398341816308678e-01 -7.849591476824037406e-02 -1.443081021547961473e+00 3.836439402670782650e-01 8.656356116402538770e-02 9.194135452694521815e-01 2.488234181274770407e+01
9.191497585373836765e-01 4.616048432736713850e-03 -3.938731080861251344e-01 -7.297146232410014477e+00 -3.779179861938480878e-02 9.963521446200801490e-01 -7.648682261609165978e-02 -1.519243306527188420e+00 3.920836327178424674e-01 8.518407325061834456e-02 9.159711493442149743e-01 2.564832886217726582e+01
9.154456921950387960e-01 6.310541991410717651e-03 -4.024405526458545435e-01 -7.649085855928879241e+00 -3.988927288752760342e-02 9.963760334185360890e-01 -7.513367306684173852e-02 -1.593791058869268973e+00 4.005080821718249307e-01 8.483378880442109249e-02 9.123801562719541236e-01 2.642312661386441874e+01
9.119397146229096807e-01 6.904880269117143025e-03 -4.102848816740010673e-01 -8.009054391797157280e+00 -4.073444823384558822e-02 9.964426070797773871e-01 -7.376716945353541111e-02 -1.654350239387289090e+00 4.083158816273680380e-01 8.398365842525881697e-02 9.089769469626269860e-01 2.719912148067006186e+01
9.077909890933467674e-01 7.270909713612167501e-03 -4.193145621901843145e-01 -8.388962849774515007e+00 -4.148824853304333010e-02 9.965024230103465275e-01 -7.252904706538693125e-02 -1.727894089730027005e+00 4.173198699523083532e-01 8.324342296124612184e-02 9.049181400394038510e-01 2.798052844639414261e+01
9.040036420811111695e-01 7.286000229001970974e-03 -4.274585996148898004e-01 -8.771316652661180768e+00 -4.079660039033475294e-02 9.967621038984154636e-01 -6.926754949521081450e-02 -1.801066709634315588e+00 4.255698744897344343e-01 8.005479265944424883e-02 9.013738938749045193e-01 2.877790843071849380e+01
9.007971535755618930e-01 7.565090594620525570e-03 -4.341464878336555588e-01 -9.167646749918656468e+00 -3.972104160565319286e-02 9.970920650597523416e-01 -6.502505599702450290e-02 -1.869610652705921749e+00 4.323923894007729030e-01 7.581647287001139213e-02 8.984780093958445457e-01 2.957127155395510343e+01
8.966153625010733208e-01 9.967044983043080522e-03 -4.426864111981486660e-01 -9.581120623460707364e+00 -4.023548785145938250e-02 9.974447610203044379e-01 -5.904245885745380840e-02 -1.927434446634518128e+00 4.409669996451076601e-01 7.075098059798345940e-02 8.947252744850618944e-01 3.038300813826699098e+01
8.934865556050906044e-01 9.065777938293377580e-03 -4.489468750010550679e-01 -9.995408264373034868e+00 -3.775781627374934918e-02 9.977727032413276076e-01 -5.499429223112916459e-02 -1.999459571396290158e+00 4.474483972958025468e-01 6.609029551861825280e-02 8.918387831648428854e-01 3.119935793885638375e+01
8.894830222627826410e-01 8.223948963913804699e-03 -4.568677217088212283e-01 -1.042845876201102229e+01 -3.653274789398452960e-02 9.979175445994507010e-01 -5.316485765108140693e-02 -2.058218861326928550e+00 4.554790845907807917e-01 6.398141475392679633e-02 8.879311687487287941e-01 3.202123378429989486e+01
8.861247752912336795e-01 9.367632446131651455e-03 -4.633025036645890271e-01 -1.087171793346459658e+01 -3.704258644488793439e-02 9.980285594178174291e-01 -5.065851969539298533e-02 -2.113911420469197555e+00 4.619143917457725346e-01 6.205404413554953952e-02 8.847249464074348202e-01 3.285006191626224847e+01
8.837389091044897116e-01 9.137117194266016623e-03 -4.679029175807182805e-01 -1.132375748681301353e+01 -3.655335808157031408e-02 9.981026733333516754e-01 -4.954233652782265990e-02 -2.173145393813138870e+00 4.665626037341931709e-01 6.088286640320970944e-02 8.823961194550118403e-01 3.367614097417483521e+01
8.800776340828432298e-01 6.313178190225492495e-03 -4.747677716482076038e-01 -1.179227282022876722e+01 -3.299156738956676022e-02 9.983082447963528283e-01 -4.787427308753101213e-02 -2.228914714656996310e+00 4.736624286674741557e-01 5.779477812698299855e-02 8.787969576533969374e-01 3.452705028966099832e+01
8.779836126599988022e-01 5.944774835481515460e-03 -4.786579926414002983e-01 -1.226469721062484020e+01 -3.279352295832562575e-02 9.983207148528994157e-01 -4.774894596107044642e-02 -2.279959320616403939e+00 4.775702618061327676e-01 5.761921340428504540e-02 8.767041573274949595e-01 3.538173768927860152e+01
8.760550697441775725e-01 5.691967308493961313e-03 -4.821417643081043480e-01 -1.274877572768047074e+01 -3.244113917508268524e-02 9.983605845981230464e-01 -4.715370217505198552e-02 -2.338743355642438182e+00 4.810828195234666538e-01 5.695193114167988735e-02 8.748035844157867613e-01 3.624553368438207457e+01
8.751375365351121705e-01 5.422178852253976312e-03 -4.839522758831782401e-01 -1.324924329808708379e+01 -3.282658063586586100e-02 9.982988689161897966e-01 -4.818451232668625323e-02 -2.394568204747587803e+00 4.828679496784742953e-01 5.805058587800632913e-02 8.738266684699020903e-01 3.711609856851977440e+01
8.744582855661588994e-01 6.417874707106641097e-03 -4.850409333824750591e-01 -1.375221683561471941e+01 -3.331753519513112882e-02 9.983459039678973523e-01 -4.686217266139332260e-02 -2.452185465840947209e+00 4.839377521259235482e-01 5.714175916491584517e-02 8.732257238913895270e-01 3.799357443404448276e+01
8.741651540688483157e-01 6.324923176042771163e-03 -4.856791131319236343e-01 -1.426259415435568556e+01 -3.253510477980021270e-02 9.984312259896263031e-01 -4.556177911830672916e-02 -2.508778710509456111e+00 4.846287835918625664e-01 5.563142891923516381e-02 8.730000287855197438e-01 3.889211899454492283e+01
8.737668767961844773e-01 5.237593003562809359e-03 -4.863966222142163676e-01 -1.477578365230369428e+01 -3.076739978471193862e-02 9.985344325569206481e-01 -4.452039019535222741e-02 -2.565168267499625898e+00 4.854507842782275762e-01 5.386043990783041108e-02 8.726473162114704030e-01 3.980659101076741280e+01
8.744660972916612485e-01 3.147334150979123630e-03 -4.850757690696547164e-01 -1.529538465543654802e+01 -2.893433657171905551e-02 9.985368495083827289e-01 -4.567831979925601749e-02 -2.615047821595867017e+00 4.842221178300198381e-01 5.398022046601284873e-02 8.732777233659719807e-01 4.072265292049323193e+01
8.721542033799204452e-01 1.582057329647159174e-03 -4.892935308913891057e-01 -1.582522973625373020e+01 -2.745667444911582475e-02 9.985769465753301377e-01 -4.572678145335321714e-02 -2.675221606689750065e+00 4.885249366232403134e-01 5.331524980941792363e-02 8.709565054936632134e-01 4.165506955997505401e+01
8.721753235849685204e-01 1.086510662016183142e-03 -4.890942823281630436e-01 -1.635314965109434482e+01 -2.584913733448923265e-02 9.987029601861772132e-01 -4.387343034801279712e-02 -2.736675215036215469e+00 4.884121582105532267e-01 5.091044584023309005e-02 8.710718705333591050e-01 4.258289029594810415e+01
8.693384079059388592e-01 2.073995815272081534e-03 -4.942755252753581741e-01 -1.689638440657572360e+01 -2.501299394273521354e-02 9.988944122095008149e-01 -3.979863100592767600e-02 -2.788410903867128976e+00 4.936466744067789514e-01 4.695712652384083363e-02 8.684289716860130737e-01 4.351681486203435867e+01
8.661006558173148795e-01 2.441325415758835177e-03 -4.999447792642929822e-01 -1.743940328096368830e+01 -2.327670780004446535e-02 9.991003895677837976e-01 -3.544691858220498648e-02 -2.849048198771092277e+00 4.994086039691541523e-01 4.233467823429772764e-02 8.653780924170254574e-01 4.444476161583012441e+01
8.629566762142967251e-01 7.023610127849415959e-04 -5.051494143784540647e-01 -1.798098426462867394e+01 -2.046946744692525536e-02 9.992267790948442530e-01 -3.356492890812031588e-02 -2.900109292519866155e+00 5.047350771321209573e-01 3.930710312581649213e-02 8.623037301690698042e-01 4.536714812020868948e+01
8.575513022083524062e-01 -2.602939068639190980e-03 -5.143006088887456251e-01 -1.853965737576986328e+01 -1.822995873550174728e-02 9.992052928136709866e-01 -3.544587854944270672e-02 -2.955957085980493115e+00 5.139839830514982832e-01 3.977364141992027757e-02 8.568222848111982648e-01 4.628590211989676817e+01
8.521433566885685540e-01 -3.185911147178401449e-03 -5.233264927242132769e-01 -1.910660088729145656e+01 -1.978698322658102582e-02 9.990701402006606502e-01 -3.831043550963989658e-02 -3.010553546104493883e+00 5.229620946331768883e-01 4.300259344100187953e-02 8.512880981310653183e-01 4.719360377271556217e+01
8.458485504912364172e-01 -3.492368186584142702e-03 -5.334334106599732950e-01 -1.969221142376477118e+01 -1.946407375122606934e-02 9.991105288586890065e-01 -3.741241003269824700e-02 -3.064596651910253655e+00 5.330899357439013997e-01 4.202643033086234103e-02 8.450283416858415109e-01 4.810352898284403267e+01
8.408090821179740049e-01 -2.075164748796752903e-03 -5.414142837003449449e-01 -2.029511152442963962e+01 -1.901774733228068018e-02 9.992621013200997382e-01 -3.336716962107127288e-02 -3.111188365039423420e+00 5.410845098734488046e-01 3.834694061851167540e-02 8.401492416908633576e-01 4.901066268181299534e+01
8.362345430071138619e-01 1.892785388220515541e-03 -5.483058071141237999e-01 -2.089831313282074632e+01 -2.063155632572769710e-02 9.993945650114223200e-01 -2.801200744723230524e-02 -3.160669788984738826e+00 5.479209481433565676e-01 3.473928793914062702e-02 8.357675647071417524e-01 4.990329039715914661e+01
8.314269784500180061e-01 3.258418469088756025e-03 -5.557557956405236865e-01 -2.150588662204429014e+01 -2.325962008473151862e-02 9.993103698937801926e-01 -2.893567467022430811e-02 -3.208555733319548242e+00 5.552785227984118333e-01 3.697882950002344404e-02 8.309294621687448590e-01 5.079328409024798674e+01
8.281384539255903787e-01 8.532435487907106316e-04 -5.606693386239391952e-01 -2.212277377792268851e+01 -2.395493127743040032e-02 9.991391191914448244e-01 -3.387979440319265761e-02 -3.259851699545051495e+00 5.601582380573921771e-01 4.148308695823384185e-02 8.274458923256226006e-01 5.167652833174580707e+01
8.250880837498543174e-01 -1.029116565359500810e-03 -5.650056512847666523e-01 -2.273627408795546501e+01 -2.623083469386479002e-02 9.988503138351724209e-01 -4.012532094707111502e-02 -3.314775579020424523e+00 5.643977373782609330e-01 4.792549645688187754e-02 8.241124470843156358e-01 5.255652908351633812e+01
8.223225538492783260e-01 -8.952514193936042747e-04 -5.690150078561545532e-01 -2.335702171557893436e+01 -2.742079844746592859e-02 9.987746188824305760e-01 -4.121178774263434957e-02 -3.375934364730207804e+00 5.683551198114664693e-01 4.949190766497323091e-02 8.212904558235892827e-01 5.343359026868731121e+01
8.194177853838390257e-01 1.938066212049736989e-04 -5.731145776611978881e-01 -2.397976758612703918e+01 -2.645272015141258634e-02 9.989471750063751987e-01 -3.747473435398327585e-02 -3.430322841260483369e+00 5.725036982853938250e-01 4.587293882462062378e-02 8.185603793085776125e-01 5.431228523376360329e+01
8.156243341187255913e-01 1.132025890725687264e-03 -5.787278710823182681e-01 -2.462165340425774573e+01 -2.404969318757991734e-02 9.992001404368654471e-01 -3.193813942374774256e-02 -3.476629631067401860e+00 5.782289812316806499e-01 3.996255553600466803e-02 8.149992697414369935e-01 5.519153244707315054e+01
8.121982218774532747e-01 3.633477511352915280e-03 -5.833608610897046409e-01 -2.525860962005141985e+01 -2.491325079102661016e-02 9.992843971239666612e-01 -2.845989602265233329e-02 -3.527947850788643702e+00 5.828400166068830046e-01 3.764691037568821536e-02 8.117075455646204363e-01 5.606915538441811719e+01
8.102126240108182831e-01 5.470594875169114760e-03 -5.861954533290074654e-01 -2.590007950222207000e+01 -2.780578102203524679e-02 9.991894081126677651e-01 -2.911667120327546612e-02 -3.576286872749119272e+00 5.855612446480844557e-01 3.988655364695575800e-02 8.097078964844547366e-01 5.693681162505738058e+01
8.058477689257511623e-01 3.115592532821796160e-03 -5.921820222822369306e-01 -2.655327303078669843e+01 -2.640200572749017843e-02 9.991806486843003432e-01 -3.068364945856979359e-02 -3.621652143917156508e+00 5.916013421816689322e-01 4.036229888597019783e-02 8.052696795235850802e-01 5.780451826866106302e+01
8.020337901303015160e-01 1.045356631993262734e-03 -5.973911216519722789e-01 -2.721062590368510570e+01 -2.580452906675197514e-02 9.991254185356811535e-01 -3.289092682019156832e-02 -3.673303180872741880e+00 5.968344654921309278e-01 4.179000480511399496e-02 8.013592902315701538e-01 5.867193133957265161e+01
7.991075730903535179e-01 6.384999405549388919e-04 -6.012538390930270982e-01 -2.786821352222882098e+01 -2.577862169068941001e-02 9.991161376748145528e-01 -3.320848211307574765e-02 -3.720959686098652686e+00 6.007013537607369669e-01 4.203714245317523995e-02 7.984177701575312369e-01 5.953031758500713977e+01
7.938366699685719396e-01 -4.464689079482647444e-04 -6.080856774851504110e-01 -2.854521525766871548e+01 -2.417468996738251011e-02 9.991861083948690991e-01 -3.228850629049662135e-02 -3.760202095192635152e+00 6.076051941618568764e-01 4.033332342261299747e-02 7.931798430965202318e-01 6.038367539116106997e+01
7.894303379991527425e-01 -2.052303711012520078e-05 -6.137810001245779246e-01 -2.922222527398315606e+01 -2.438118445936960504e-02 9.992097407695579303e-01 -3.139235138132728115e-02 -3.813937890595417990e+00 6.132966471430336686e-01 3.974763813099110171e-02 7.888061435365875118e-01 6.124853406819744350e+01
7.840148408444328476e-01 -2.733766876196194262e-04 -6.207129678482853352e-01 -2.991519250638442529e+01 -2.450647484284056848e-02 9.992064991381485184e-01 -3.139132123084771575e-02 -3.868279117547984480e+00 6.202291411869773619e-01 3.982087975685047465e-02 7.833861352981805748e-01 6.210403340583398801e+01
7.795091219754475276e-01 -2.106442043171109519e-03 -6.264329968373403279e-01 -3.061633054611833771e+01 -2.370362297101578919e-02 9.991788858844010690e-01 -3.286134326947992568e-02 -3.913504999200658308e+00 6.259882424764464659e-01 4.045834633238336309e-02 7.788191494658964764e-01 6.295770264592258059e+01
7.739751277244802941e-01 -3.286924070515925660e-03 -6.332207268230407582e-01 -3.131707451134827025e+01 -2.286074641813446232e-02 9.991894478299870874e-01 -3.312795319313217163e-02 -3.962333054469149740e+00 6.328166590700380345e-01 4.011245706167382991e-02 7.732727475389471472e-01 6.380680258392609261e+01
7.675307158691864196e-01 -3.904853042094050698e-03 -6.410262567141189471e-01 -3.203880940028791002e+01 -2.282007398785567895e-02 9.991809492424732486e-01 -3.340721206242375924e-02 -4.019514114920775150e+00 6.406315399724500370e-01 4.027227125916931633e-02 7.668132057608381125e-01 6.465017563177072191e+01
7.623571023195754304e-01 -6.819403808696779604e-03 -6.471342308691475642e-01 -3.275861552870468074e+01 -2.083024735890991880e-02 9.991676312985645625e-01 -3.507410713392401097e-02 -4.070428967563337608e+00 6.468348466028223109e-01 4.021754799338724679e-02 7.615807089058165280e-01 6.549105169578689356e+01
7.559266268485236306e-01 -7.173390405305251141e-03 -6.546186669059107510e-01 -3.350130766735862409e+01 -2.062446922174194369e-02 9.991825452340971081e-01 -3.476840295027314176e-02 -4.122854136910237166e+00 6.543329333107672507e-01 3.978622832921716035e-02 7.551608870261137252e-01 6.633536007902901588e+01
7.501109235099846506e-01 -6.980141075172895289e-03 -6.611972191826005485e-01 -3.424960992561191375e+01 -1.972949921310650570e-02 9.992627722491465025e-01 -3.293141070598241960e-02 -4.173792285239986910e+00 6.609394283017917537e-01 3.775401602068566287e-02 7.494204426724181412e-01 6.716975885520804468e+01
7.442228544077257313e-01 -8.641503378542671199e-03 -6.678611938638906453e-01 -3.500369754564088254e+01 -1.763260648448190804e-02 9.993135880760539713e-01 -3.257190984429122332e-02 -4.225787007246125881e+00 6.676840732132087730e-01 3.602055531598445659e-02 7.435595691548620989e-01 6.800437002168349920e+01
7.373789045428003064e-01 -9.314823543377936249e-03 -6.753913316518911358e-01 -3.577606165890707501e+01 -1.710824984843909921e-02 9.993266824720240527e-01 -3.244845799036151501e-02 -4.278755922955749469e+00 6.752387172121990799e-01 3.548115935948444738e-02 7.367230795768201501e-01 6.882820925920026411e+01
7.311468798984795958e-01 -1.165708338282848630e-02 -6.821261179465444302e-01 -3.655611642716952048e+01 -1.645688057829261530e-02 9.992617579088917124e-01 -3.472258536548268604e-02 -4.335519429141099224e+00 6.820273104439024126e-01 3.661183444615577487e-02 7.304152557396870193e-01 6.965231001432898950e+01
7.253948565633631107e-01 -1.089419351443256939e-02 -6.882495656068342571e-01 -3.734566731666021866e+01 -1.766513527982963017e-02 9.992508155304624662e-01 -3.442927971147268645e-02 -4.383006696690364024e+00 6.881088744773180554e-01 3.713503329001883319e-02 7.246590278039406474e-01 7.046999124847778262e+01
7.197782983052898320e-01 -1.041542387794368654e-02 -6.942767191962795348e-01 -3.815378437404507395e+01 -1.726982085908490908e-02 9.993094103454556176e-01 -3.289972258895119961e-02 -4.433680710878967979e+00 6.941400810089900508e-01 3.566211077779998101e-02 7.191013210428581770e-01 7.128411610814001165e+01
7.157466124777360772e-01 -1.049163880561389955e-02 -6.982212135125458463e-01 -3.896515951066768224e+01 -1.794597993641457861e-02 9.992806942443760443e-01 -3.341365396183840902e-02 -4.486372684315629300e+00 6.980695262964641268e-01 3.644640160654202127e-02 7.150434511437938623e-01 7.210083477998024648e+01
7.098283713155048025e-01 -1.082557282722857415e-02 -7.042125466048569926e-01 -3.978472614516336137e+01 -1.847421286997008930e-02 9.992518373569310164e-01 -3.397751155995218375e-02 -4.544003141265961609e+00 7.040532894827720156e-01 3.712965027072639979e-02 7.090972767935679322e-01 7.291346132976340755e+01
7.057162105234987548e-01 -1.209375265649845731e-02 -7.084850778553154482e-01 -4.061558792298519194e+01 -1.914607014915464811e-02 9.991636420634492088e-01 -3.611858909431799047e-02 -4.598639639654301448e+00 7.083296790966102652e-01 3.904702094031973353e-02 7.048943316400418935e-01 7.372480024143419541e+01
7.011949601363112183e-01 -1.408558801710312926e-02 -7.128548170913199256e-01 -4.144568947359979916e+01 -1.930100790512429346e-02 9.990634398860821497e-01 -3.872678699950433956e-02 -4.654765903286887330e+00 7.127329686715424550e-01 4.090871131331630384e-02 7.002663354283514829e-01 7.453378931311156919e+01
6.949422862973193560e-01 -1.436636939545240035e-02 -7.189197227418381297e-01 -4.229887070831516382e+01 -2.004319225978197852e-02 9.990248923804214698e-01 -3.933603458849683349e-02 -4.717447305977697347e+00 7.187837633729903253e-01 4.174621715776772463e-02 6.939766255863282218e-01 7.533596358662775572e+01
6.909323360652113166e-01 -1.508004034783171077e-02 -7.227940347933383691e-01 -4.315059315861014966e+01 -1.864527459620276759e-02 9.990780573759553418e-01 -3.866569714173018202e-02 -4.776906529612732655e+00 7.227107103605225902e-01 4.019455153167439398e-02 6.900142185087543290e-01 7.614241129505528249e+01
6.876782765542268638e-01 -1.456637995990605651e-02 -7.258796110449103889e-01 -4.401814301758514603e+01 -1.747676134227512876e-02 9.991768754024143995e-01 -3.660648302843826085e-02 -4.829898756933787674e+00 7.258152214592978879e-01 3.786134359680819877e-02 6.868576261347896228e-01 7.694736666804968195e+01
6.803192458430622480e-01 -1.492256271984336753e-02 -7.328328936936367999e-01 -4.489336393288184013e+01 -1.776477937351771119e-02 9.991632760339587138e-01 -3.683499465793856759e-02 -4.894187497754902694e+00 7.327696303684713142e-01 3.807357419090481171e-02 6.794847823527155883e-01 7.774298232558605548e+01
6.769884766826518296e-01 -1.648128071069165229e-02 -7.357709742360786231e-01 -4.576542619949463386e+01 -1.644425326774750368e-02 9.991609581929893347e-01 -3.750474685495108762e-02 -4.950843067165064504e+00 7.357715337834234148e-01 3.749475871666311383e-02 6.761494209059142335e-01 7.854382975695554592e+01
6.720820287434079443e-01 -1.704674684239794458e-02 -7.401514890631526455e-01 -4.665513871284948522e+01 -1.487566856731873180e-02 9.992223595900887601e-01 -3.652318934243043574e-02 -5.010203034385105170e+00 7.401983454730861611e-01 3.556234521402718701e-02 6.713059112537534956e-01 7.934134220278011185e+01
6.681170772841407146e-01 -1.852975120550594615e-02 -7.438050887793612453e-01 -4.755536037219182077e+01 -1.286637740266944989e-02 9.992525947924234542e-01 -3.645074458600820050e-02 -5.064376289066643722e+00 7.439248629815164993e-01 3.391920174317238079e-02 6.673794901205489793e-01 8.013406748759516063e+01
6.643055640520598715e-01 -2.107743841422707667e-02 -7.470615791166527186e-01 -4.845328302431533984e+01 -1.013767531520037499e-02 9.992562470339446667e-01 -3.720322949776574267e-02 -5.128122264608185432e+00 7.472902840446370432e-01 3.228627434265245177e-02 6.635979512965030080e-01 8.092727237502457172e+01
6.602313572142869402e-01 -2.593329864285202208e-02 -7.506350057149149269e-01 -4.936283406395050122e+01 -7.378065100859971907e-03 9.991315881733089377e-01 -4.101262522371212221e-02 -5.193874022785710309e+00 7.510465792510130356e-01 3.261926500573152088e-02 6.594666506550374008e-01 8.171559622494393693e+01
6.547078243442129297e-01 -3.024543973576642938e-02 -7.553829500532821539e-01 -5.027271115515142696e+01 -2.849883857206461733e-03 9.990931972006320549e-01 -4.247928936705662462e-02 -5.252661820209659993e+00 7.559830526501856163e-01 2.996196656479784698e-02 6.540280008626870867e-01 8.251234310090929114e+01
6.501237520556008009e-01 -3.436453124897872330e-02 -7.590129570606213294e-01 -5.119737339299031476e+01 3.766634008654953097e-03 9.991102815254996328e-01 -4.200929163455434379e-02 -5.316148632932651275e+00 7.597809751508413090e-01 2.445862121329689387e-02 6.496747365032808919e-01 8.330746625850834164e+01
6.405781816712176058e-01 -3.772452267367070594e-02 -7.669247617638275116e-01 -5.213271400721520621e+01 8.027889294612660515e-03 9.990668290756715697e-01 -4.242294902600075163e-02 -5.384272439267330235e+00 7.678101802919858887e-01 2.101172822220970585e-02 6.402835542784406364e-01 8.408320994844518736e+01
6.334891600161511871e-01 -3.851393263464811256e-02 -7.726518644093673949e-01 -5.307521197187140416e+01 1.050670008242659235e-02 9.990966699871041135e-01 -4.118356860845983486e-02 -5.455093961082767784e+00 7.735395498193404773e-01 1.797529621199805624e-02 6.333213383851116207e-01 8.486218941371433289e+01
6.227833598624045175e-01 -3.783191663199348548e-02 -7.815293519228191377e-01 -5.405197670064683990e+01 1.244762187996898903e-02 9.991828309080635906e-01 -3.844541647936297601e-02 -5.511839292247710631e+00 7.823457310040953239e-01 1.420936095405547425e-02 6.227455659357697959e-01 8.562115000714254620e+01
6.140803297973947972e-01 -3.746734992632095446e-02 -7.884951589445255982e-01 -5.503286885061152844e+01 1.278685720788031756e-02 9.992133880976959981e-01 -3.752177492688375110e-02 -5.583798470504745204e+00 7.892819208467553027e-01 1.294678778094352466e-02 6.140769018787741729e-01 8.637862155476128123e+01
6.048295430299067688e-01 -3.857347956654990501e-02 -7.953392302556442361e-01 -5.601536687173640416e+01 1.084136830713320308e-02 9.991320815038189362e-01 -4.021763284937931310e-02 -5.639521771962381358e+00 7.962008902299604340e-01 1.568987983642142897e-02 6.047234159402126163e-01 8.711820172768638315e+01
5.954001649364113469e-01 -4.093110778394488947e-02 -8.024867549927832133e-01 -5.701256484834969740e+01 1.211624131084138370e-02 9.990449560176261068e-01 -4.198096502138127378e-02 -5.710463432598704259e+00 8.034393156730487151e-01 1.526394848348499624e-02 5.953279021744722899e-01 8.784422526872519654e+01
5.850444979392392941e-01 -4.129610191601410657e-02 -8.099882566051385124e-01 -5.801723459415776318e+01 1.181139624090052527e-02 9.990305414498935610e-01 -4.241131426704565499e-02 -5.772342456981141012e+00 8.109546745498299458e-01 1.524206452480641842e-02 5.849653425192840039e-01 8.856780141996910061e+01
5.755932609678455769e-01 -4.316648509607389633e-02 -8.166164813791270127e-01 -5.904349525205248028e+01 1.576426118441340285e-02 9.990061056825999541e-01 -4.168670293449662501e-02 -5.841285269333846841e+00 8.176046904133744686e-01 1.112077989531527929e-02 5.757013745452332909e-01 8.928427045933636919e+01
5.638448299327570856e-01 -4.309119575827460163e-02 -8.247505894716936625e-01 -6.008255079628233375e+01 1.736052950559347288e-02 9.990353464653102256e-01 -4.034255754113189735e-02 -5.908647471007573593e+00 8.256932261245091276e-01 8.428183895409108520e-03 5.640493451626017452e-01 8.999076192050496559e+01
5.533504108065556704e-01 -4.282763912418662694e-02 -8.318395513502604421e-01 -6.112728990269192764e+01 1.752363970005702681e-02 9.990549364865519699e-01 -3.976676319378522756e-02 -5.974504969191449355e+00 8.327567921479634983e-01 7.426974114525035538e-03 5.535777311866593164e-01 9.067725877910534393e+01
5.447748751761934960e-01 -4.429364223866424227e-02 -8.374705322616338155e-01 -6.218092002736901236e+01 1.714822587974199758e-02 9.989830949719330500e-01 -4.168553596333780809e-02 -6.040359869882259147e+00 8.384661520564388182e-01 8.335145127554358102e-03 5.449812461795408014e-01 9.135864431110164219e+01
5.342684187162182186e-01 -4.489224485398327774e-02 -8.442074676159186941e-01 -6.325536668981989408e+01 1.644792765634513557e-02 9.989516250892096494e-01 -4.270611167151423804e-02 -6.109169412470932592e+00 8.452404634237351555e-01 8.923888206472869664e-03 5.344468444315718658e-01 9.202099408639305977e+01
5.253652173130483050e-01 -4.451427751418784995e-02 -8.497385530348307014e-01 -6.433933307338843122e+01 1.483120203506379901e-02 9.989581149359775258e-01 -4.315911517813406789e-02 -6.177090576162046709e+00 8.507742093593245736e-01 1.007625984260185868e-02 5.254775405537086552e-01 9.268242310185787858e+01
5.151210392688970741e-01 -4.483475013016652994e-02 -8.560074563921870050e-01 -6.542578551927977060e+01 1.463245553160348079e-02 9.989453291749753605e-01 -4.352431178401872103e-02 -6.247397682186545786e+00 8.570559492326587092e-01 9.898898700168383066e-03 5.152336656023007722e-01 9.332402513303645719e+01
