1 0 0 0 0 1 0 0 0 0 1 0
0.99992841 -0.0016468301 0.011851375 -0.0071998203 0.0016365619 0.99999828 0.00087607088 -0.010306514 -0.011852799 -0.00085661266 0.99992939 0.31233713
0.99983289 -0.0032363286 0.017992286 0.0045940952 0.0032169467 0.99999421 0.0011060842 -0.015541147 -0.017995764 -0.0010480192 0.99983751 0.58139955
0.99976845 -0.0067310281 0.020438607 0.011462771 0.00674103 0.99997719 -0.00042048208 -0.018531074 -0.020435313 0.00055816202 0.99979102 0.89163645
0.99980756 -0.0078038421 0.017998393 0.019411835 0.0078304095 0.99996835 -0.001406068 -0.023208831 -0.017986853 0.0015467322 0.99983703 1.1947448
0.99988924 -0.010940046 0.010091198 0.023401589 0.010976528 0.99993339 -0.0035669227 -0.022632752 -0.010051504 0.003677294 0.99994272 1.502468
0.99993251 -0.011569905 -0.0010515957 0.0031357378 0.011564813 0.99992196 -0.0047258475 -0.036444558 0.0011061913 0.0047133672 0.99998828 1.8353543
0.9997991 -0.011074208 -0.016707063 -0.0051463667 0.01098692 0.99992556 -0.0053074437 -0.040728669 0.016764597 0.0051228183 0.99984634 2.1713671
0.99932841 -0.0074817934 -0.035871312 -0.054834537 0.0072926499 0.99995882 -0.0054007937 -0.047562458 0.035910246 0.0051355697 0.99934182 2.4893546
0.9984226 -0.0033681891 -0.056044379 -0.10194373 0.0030206622 0.99997569 -0.0062844844 -0.053209329 0.056064189 0.0061052802 0.9984085 2.8545782
0.99717805 -0.0028903761 -0.075017204 -0.14667813 0.0023820651 0.9999736 -0.0068645173 -0.055828205 0.075035071 0.0066664502 0.99715861 3.2131668
0.99538088 -0.0036436685 -0.095935522 -0.18026853 0.0030555022 0.99997563 -0.0062770434 -0.062806364 0.095956064 0.0059549178 0.99536776 3.5886783
0.99328678 -0.0050256356 -0.11556869 -0.25054746 0.0044347298 0.99997575 -0.0053695814 -0.072941009 0.11559289 0.0048210183 0.99328498 3.9773604
0.99105996 -0.0040059892 -0.13335708 -0.32114615 0.0034157718 0.99998333 -0.0046543306 -0.078600986 0.13337352 0.0041572033 0.99105712 4.3701135
0.98882486 -0.0028472098 -0.14905466 -0.40334266 0.002264933 0.99998913 -0.0040760681 -0.08765413 0.14906466 0.0036929186 0.98882056 4.7846845
0.98667595 -0.0026233138 -0.1626766 -0.48052801 0.0019575988 0.99998904 -0.0042524217 -0.094231026 0.16268599 0.0038773067 0.98667028 5.199503
0.98473922 -0.0035843075 -0.1739995 -0.57400869 0.0027391451 0.99998326 -0.0050971645 -0.102702 0.17401487 0.0045427678 0.98473255 5.6458954
0.98282293 -0.0066280878 -0.18443197 -0.66669055 0.0054283295 0.9999607 -0.0070093105 -0.11493545 0.1844712 0.0058877536 0.98282029 6.0860498
0.98142576 -0.0060523709 -0.1917468 -0.75678104 0.0044680693 0.99995223 -0.0086937759 -0.12188971 0.19179028 0.0076755576 0.98140592 6.5361707
0.97978983 -0.0061227166 -0.19993599 -0.87195348 0.0040233756 0.99993245 -0.010904693 -0.12656696 0.19998927 0.0098798902 0.97974828 7.0184378
0.97787485 -0.0069028234 -0.20907686 -0.97082314 0.0042899924 0.99990697 -0.012947898 -0.13656669 0.2091468 0.011764486 0.97781349 7.4500731
0.97638945 -0.010576104 -0.21575864 -1.0986279 0.0074617657 0.99985596 -0.015243849 -0.14965766 0.2158888 0.013273993 0.97632773 7.996564
0.97453687 -0.015944406 -0.22365969 -1.2308184 0.012643512 0.9997891 -0.016182956 -0.16799156 0.22387057 0.012943043 0.97453294 8.5266629
0.97246809 -0.017165215 -0.23240304 -1.3494329 0.013179406 0.99973841 -0.018692416 -0.18978242 0.23266312 0.015114844 0.97243993 9.0132646
0.97045886 -0.013345928 -0.24089722 -1.5023324 0.0080579029 0.99970476 -0.022923156 -0.19467608 0.24113205 0.020304854 0.97027988 9.5639413
0.96853774 -0.010963553 -0.24862509 -1.6572706 0.0045409861 0.99964138 -0.026391162 -0.2136908 0.24882529 0.024431834 0.96824019 10.105707
0.9663252 -0.012637023 -0.25701343 -1.8118026 0.0056512621 0.99959472 -0.027901051 -0.23444068 0.25726187 0.025509039 0.96600498 10.659273
0.96365011 -0.014878307 -0.26675286 -1.9731811 0.0072177583 0.99953353 -0.029675308 -0.26318089 0.26706997 0.026671257 0.96330799 11.20799
0.96168934 -0.014794059 -0.27374212 -2.1424606 0.0061697619 0.9994579 -0.032339359 -0.28546756 0.27407218 0.029411494 0.96125929 11.778927
0.95942623 -0.013988688 -0.28161255 -2.3303329 0.004047168 0.99934888 -0.035852879 -0.31197206 0.28193075 0.03325846 0.95885814 12.391738
0.95657566 -0.014996116 -0.29109811 -2.5308827 0.003156087 0.99915002 -0.041100691 -0.34037682 0.29146706 0.03839719 0.95580993 12.940005
0.95499627 -0.016140531 -0.29617833 -2.7361626 0.0019223008 0.9988342 -0.048234199 -0.38004072 0.29661159 0.045494137 0.95391397 13.566775
0.95354169 -0.016461658 -0.30081098 -2.9408991 -0.00045989433 0.99842528 -0.056095903 -0.41599448 0.30126075 0.053628125 0.95203256 14.184024
0.95238386 -0.016537999 -0.30445274 -3.1320933 -0.0034023903 0.99788928 -0.064849058 -0.45870278 0.30488262 0.062797064 0.95031738 14.782188
0.95085352 -0.015546765 -0.3092505 -3.3671372 -0.0077860676 0.99722246 -0.07407261 -0.51023488 0.30954316 0.072840049 0.94809144 15.464814
0.94980733 -0.015021946 -0.3124746 -3.5928948 -0.010934656 0.99664192 -0.08115001 -0.56864917 0.31264434 0.080493677 0.94645354 16.087577
0.94827149 -0.013807543 -0.31716009 -3.8302749 -0.01470065 0.99607209 -0.087317146 -0.62789075 0.31711998 0.087462821 0.94434378 16.747165
0.94664959 -0.012228979 -0.3220326 -4.074015 -0.018878658 0.99545925 -0.093297769 -0.70126005 0.32171129 0.094399839 0.94212023 17.425614
0.94496504 -0.010676312 -0.32699705 -4.3363997 -0.022913668 0.99485358 -0.098698077 -0.77699256 0.32636795 0.10075894 0.93985723 18.103637
0.94350021 -0.0080208944 -0.33127481 -4.586476 -0.027364757 0.99440651 -0.10201404 -0.85275423 0.3302401 0.10531552 0.93800327 18.80259
0.94131165 -0.0074400714 -0.33745669 -4.851986 -0.029158579 0.99422733 -0.10325601 -0.92883386 0.33627693 0.10703584 0.93566082 19.459728
0.9394304 -0.0060824922 -0.34268574 -5.1284573 -0.030928488 0.99425885 -0.10243418 -1.0161358 0.34134141 0.10682853 0.93384887 20.198869
0.93665552 -0.0071732672 -0.35017848 -5.4070685 -0.030131091 0.9944336 -0.10096505 -1.10423 0.34895352 0.10512074 0.93122558 20.913094
0.93449901 -0.0061258697 -0.35591301 -5.6865032 -0.031252118 0.9945791 -0.099175167 -1.1879857 0.35459121 0.10380213 0.92924174 21.616862
0.93164184 -0.0062364327 -0.36332434 -5.9663837 -0.030663525 0.99493725 -0.095705889 -1.2688072 0.36208182 0.10030442 0.92673394 22.319581
0.92748339 -0.0024026325 -0.37385662 -6.3129348 -0.03397264 0.99530068 -0.090677539 -1.3538558 0.37231765 0.096802809 0.92304323 23.146383
0.92428376 -0.0012833053 -0.3817039 -6.6152932 -0.03372956 0.99580792 -0.085022994 -1.4352779 0.3802129 0.091460079 0.9203658 23.867249
0.92119167 -8.125922e-05 -0.38910909 -6.978562 -0.034045271 0.99614807 -0.080808093 -1.5063026 0.38761687 0.087687068 0.91764054 24.625002
0.91715879 0.0017399262 -0.39851815 -7.2910573 -0.036198489 0.99622047 -0.078958535 -1.5834719 0.39687459 0.086843271 0.91375534 25.353475
0.91368811 0.0034909657 -0.40640107 -7.6463995 -0.038680822 0.99617075 -0.078406797 -1.6642636 0.40457118 0.087359287 0.91032441 26.150694
0.90972813 0.0046155664 -0.41517877 -8.0251077 -0.040297879 0.99619898 -0.077224777 -1.7357319 0.41324427 0.086984377 0.90645623 26.888721
0.90538094 0.004795163 -0.42457313 -8.4050274 -0.040712035 0.9963095 -0.075563971 -1.8082038 0.42264393 0.085699417 0.90223485 27.672166
0.90207629 0.0043404853 -0.43155476 -8.8017924 -0.039815881 0.99652188 -0.073204084 -1.8835532 0.42973606 0.083218402 0.89911158 28.468739
0.89849401 0.0047712647 -0.43895982 -9.1904227 -0.038971214 0.99685977 -0.068933684 -1.9528696 0.43725252 0.079043301 0.89585847 29.224349
0.89463305 0.0064787062 -0.44675465 -9.6092968 -0.039003423 0.99721022 -0.063643695 -2.0180921 0.44509601 0.074362715 0.89238991 30.048005
0.89003064 0.0071188855 -0.45584511 -10.061848 -0.038371308 0.99749999 -0.059341536 -2.0870651 0.45428308 0.070307159 0.88807872 30.817573
0.88683431 0.0063571579 -0.4620438 -10.450469 -0.036963166 0.99767714 -0.057219271 -2.1551504 0.46060683 0.067822616 0.8850093 31.645932
0.88358834 0.0070669854 -0.46821115 -10.892211 -0.037698758 0.99771406 -0.056084418 -2.2129757 0.46674454 0.067206518 0.88183493 32.415915
0.88064509 0.006417127 -0.47373308 -11.347151 -0.036406348 0.99786834 -0.054160502 -2.2703496 0.47237573 0.064943072 0.87900147 33.287029
0.87770606 0.0034014788 -0.47918731 -11.828238 -0.032729164 0.99806524 -0.052863849 -2.3307172 0.47808042 0.062082322 0.87611924 34.12501
0.87537738 0.0026761754 -0.48343279 -12.299408 -0.032286544 0.99807573 -0.052937829 -2.3898236 0.4823609 0.061948953 0.87377932 34.973586
0.87357022 0.0028061797 -0.48669001 -12.797628 -0.032942886 0.99803098 -0.053375387 -2.4561552 0.48558197 0.062660123 0.87194259 35.806613
0.87186056 0.0031771554 -0.48974386 -13.292507 -0.033716169 0.99799589 -0.053548415 -2.5142064 0.48859227 0.063199039 0.87022037 36.677103
0.87180896 0.0030662595 -0.48983642 -13.77088 -0.033243462 0.99804531 -0.052919053 -2.5703351 0.48871672 0.062419164 0.87020678 37.525942
0.87122104 0.0043830634 -0.49087134 -14.297688 -0.033798196 0.99812279 -0.051074202 -2.6386983 0.48972605 0.061087486 0.86973372 38.414385
0.87101781 0.0021538953 -0.49124669 -14.802322 -0.030918422 0.9982482 -0.050443846 -2.6975338 0.49027752 0.059126062 0.86955856 39.333549
0.86989045 1.3524457e-05 -0.49324495 -15.324548 -0.028945197 0.99827806 -0.051020587 -2.7635813 0.49239496 0.058659395 0.86839294 40.204792
0.86967359 -0.00069246648 -0.49362673 -15.845728 -0.028590054 0.99824968 -0.051770429 -2.8315557 0.49279861 0.05913619 0.86813159 41.162936
0.86847701 -0.0015022623 -0.49572715 -16.371664 -0.026800604 0.99839066 -0.049978201 -2.8919915 0.49500447 0.056690707 0.86703907 42.03621
0.86621289 -0.0035496543 -0.49966249 -16.930403 -0.022712576 0.99866149 -0.046469022 -2.9530071 0.49915868 0.051600688 0.86497283 42.987238
0.86336236 -0.0024107357 -0.50457863 -17.441149 -0.021786634 0.99887792 -0.042050509 -3.0191494 0.50411387 0.047297897 0.86234108 43.911009
0.85853783 -0.0030563132 -0.5127411 -18.002581 -0.020363045 0.99899013 -0.040050757 -3.0803826 0.51234575 0.044826061 0.85760858 44.778215
0.85474182 -0.0076694909 -0.5189967 -18.570273 -0.016462204 0.99898725 -0.041874365 -3.1451932 0.51879229 0.044335601 0.85374993 45.719201
0.84836671 -0.0071444945 -0.52936081 -19.128002 -0.019839164 0.99877756 -0.045274688 -3.2123133 0.5290372 0.048911614 0.84718789 46.591345
0.84238402 -0.0077075549 -0.53882254 -19.71899 -0.019787492 0.99878095 -0.045222356 -3.2674379 0.53851429 0.048756538 0.8412046 47.486838
0.83626825 -0.0052195677 -0.54829567 -20.294347 -0.02001173 0.99899797 -0.040032252 -3.3243872 0.54795526 0.044450046 0.83532584 48.357644
0.83240646 -0.0019963425 -0.55416196 -20.915755 -0.020926621 0.99916702 -0.035033319 -3.3856693 0.55377034 0.040758698 0.83167131 49.26675
0.82837813 -0.0023674734 -0.5601643 -21.531285 -0.021850982 0.99909341 -0.036536069 -3.4377456 0.55974301 0.042505821 0.8275754 50.167648
0.82402171 -0.0034576009 -0.56654764 -22.106322 -0.023789474 0.99888829 -0.040697017 -3.4903311 0.56605857 0.047013097 0.82302339 51.012831
0.8223038 -0.0061311437 -0.56901567 -22.774683 -0.025750508 0.9985167 -0.047971944 -3.5598897 0.56846583 0.054099956 0.8209262 51.85511
0.81851006 -0.0049201923 -0.57447109 -23.357011 -0.028657219 0.99836877 -0.049381748 -3.6287287 0.57377702 0.056882202 0.81703389 52.771475
0.81533849 -0.0041535963 -0.57896965 -23.999598 -0.027245367 0.99859125 -0.045532507 -3.6873374 0.5783432 0.052898647 0.81407672 53.56402
0.81385439 -0.0042134246 -0.58105357 -24.595842 -0.023286089 0.99893393 -0.039859348 -3.7495657 0.58060212 0.04597017 0.81288865 54.493163
0.80925893 -0.0031473204 -0.58744366 -25.251631 -0.022982574 0.99905046 -0.037013224 -3.8015219 0.5870024 0.04345425 0.80841817 55.302769
0.80656554 -0.00037983659 -0.59114452 -25.918412 -0.026857409 0.99894364 -0.037286473 -3.8626208 0.59053428 0.045950595 0.80570332 56.174989
0.80342915 -0.0026360972 -0.59539451 -26.588485 -0.025799834 0.9988968 -0.039237054 -3.9191876 0.59484115 0.046885273 0.8024748 57.052418
0.79892815 -0.0042020035 -0.60141177 -27.25332 -0.02598015 0.99880104 -0.041491101 -3.9822965 0.6008651 0.048773177 0.7978611 57.912014
0.795785 -0.0058487356 -0.60555098 -27.876147 -0.024690577 0.99880852 -0.042094154 -4.0337601 0.60507572 0.0484493 0.79469243 58.708754
0.79040212 -0.006044147 -0.61255851 -28.53757 -0.02423755 0.99885977 -0.041130218 -4.1001619 0.6121087 0.04735633 0.78935439 59.586593
0.78753084 -0.0058387022 -0.61624756 -29.207722 -0.024150939 0.99889459 -0.040327714 -4.1594964 0.61580187 0.046642276 0.78651928 60.440514
0.78149529 -0.008234937 -0.62385677 -29.913673 -0.022561429 0.99888592 -0.041447674 -4.2212725 0.62350311 0.046466263 0.78043884 61.303048
0.77575093 -0.0086982929 -0.63097924 -30.605933 -0.022959066 0.99885394 -0.041996373 -4.2840986 0.63062145 0.04706542 0.77466216 62.122485
0.77169153 -0.010219565 -0.63591486 -31.264335 -0.02197551 0.99884539 -0.042719679 -4.337385 0.63561725 0.046940969 0.77057594 62.923661
0.76551073 -0.012902741 -0.64329372 -32.058443 -0.020369152 0.99881182 -0.044272488 -4.4038329 0.64310066 0.046994412 0.76433834 63.820976
0.75927261 -0.013312384 -0.65063649 -32.702104 -0.021086394 0.99876251 -0.045042401 -4.466859 0.65043101 0.047919039 0.75805231 64.577048
0.75374193 -0.013414227 -0.65703358 -33.503561 -0.021433315 0.99875798 -0.04497906 -4.5376589 0.65682095 0.047985012 0.75251825 65.442372
0.74804232 -0.014449322 -0.66349368 -34.201614 -0.019393945 0.99886002 -0.04361811 -4.5966426 0.66336762 0.045495952 0.74690934 66.282623
0.74114728 -0.014468534 -0.67118651 -34.949323 -0.019421321 0.99888722 -0.042978354 -4.6641764 0.67106152 0.044888619 0.74004154 67.090136
0.73703828 -0.015566252 -0.67567168 -35.713027 -0.018685799 0.99888322 -0.04339536 -4.7307496 0.67559266 0.044609507 0.73592431 67.90787
0.72917462 -0.017359115 -0.68410744 -36.478633 -0.018483132 0.99881394 -0.045045491 -4.7954233 0.68407805 0.045490477 0.72798893 68.677511
0.72455958 -0.015733999 -0.68903252 -37.276752 -0.021204123 0.99875724 -0.045103958 -4.8544343 0.68888594 0.047290836 0.7233255 69.476196
0.71650438 -0.016464079 -0.69738825 -38.052717 -0.019707573 0.99884466 -0.043828698 -4.9185386 0.69730419 0.045147284 0.71535211 70.31279
0.71408719 -0.013666052 -0.69992334 -38.880278 -0.024072922 0.99873879 -0.044060511 -4.9905942 0.69964278 0.048312247 0.7128576 71.119737
0.70710914 -0.016125587 -0.7069205 -39.73615 -0.022091495 0.9987481 -0.044879864 -5.0561505 0.70675927 0.047351893 0.70586767 71.857012
0.70422703 -0.019470941 -0.70970777 -40.48449 -0.019848547 0.99869321 -0.047094565 -5.1142572 0.70969737 0.047251935 0.70292029 72.705075
0.69999087 -0.021055868 -0.71384129 -41.339765 -0.021052908 0.99852242 -0.050097408 -5.188524 0.71384144 0.050096164 0.69851329 73.47935
0.69435639 -0.021999144 -0.71929493 -42.14139 -0.021157051 0.99847651 -0.050961238 -5.2601423 0.71932026 0.050603421 0.6928331 74.254073
0.68959922 -0.019857053 -0.7239189 -43.0599 -0.022992098 0.99851976 -0.049291422 -5.3376137 0.72382617 0.050635741 0.68812189 75.08873
0.68308067 -0.022570888 -0.72999404 -43.856637 -0.018445361 0.99867036 -0.048138126 -5.403883 0.73011 0.046347228 0.6817561 75.818981
0.67959452 -0.022446075 -0.73324444 -44.751362 -0.019251574 0.99864184 -0.048413395 -5.4815323 0.73333533 0.047017588 0.6782394 76.638723
0.67609279 -0.022324462 -0.73647818 -45.650001 -0.020059078 0.99861275 -0.048684795 -5.5595067 0.73654343 0.047688512 0.67470707 77.454139
0.67248404 -0.024851894 -0.73969423 -46.514667 -0.016635863 0.99867601 -0.048677331 -5.6234827 0.73992466 0.045040181 0.67118024 78.215911
0.66834029 -0.025325778 -0.74342439 -47.440225 -0.016156545 0.99869024 -0.048546533 -5.7000217 0.74368022 0.044456773 0.66705575 79.02114
0.66509575 -0.027825806 -0.74623945 -48.230721 -0.013446251 0.99869727 -0.04922361 -5.7672353 0.74663705 0.042772537 0.66385516 79.751292
0.66058297 -0.032061148 -0.75006811 -49.116217 -0.011039938 0.99856485 -0.052405813 -5.8499902 0.7506719 0.042899093 0.65928098 80.533106
0.65502276 -0.03628631 -0.75473733 -50.086256 -0.007195883 0.99850139 -0.054251188 -5.9321287 0.75557492 0.040966765 0.65378002 81.384627
0.64921321 -0.038868958 -0.75961264 -50.956733 -0.0036448743 0.99852296 -0.054209008 -6.008306 0.76059777 0.037961897 0.64811263 82.066122
0.64165131 -0.043319051 -0.76577216 -51.885855 0.0024485767 0.9985144 -0.054433375 -6.0920545 0.7669926 0.033052195 0.64080414 82.899771
0.63216247 -0.044708211 -0.77354492 -52.857014 0.0056025988 0.9985716 -0.053135372 -6.1729015 0.77481564 0.029256326 0.63150997 83.649404
0.6241195 -0.044040717 -0.78008667 -53.806427 0.0072700568 0.99869426 -0.050565954 -6.246764 0.78129511 0.025887924 0.62362475 84.401576
0.61380707 -0.043464551 -0.78825863 -54.788686 0.0066107169 0.99873123 -0.04992232 -6.3350512 0.78942842 0.025431718 0.61331562 85.148812
0.60824438 -0.044417392 -0.79250603 -55.711921 0.0046829805 0.9986165 -0.052375051 -6.4010368 0.79373604 0.02814554 0.60761089 85.887952
0.59612477 -0.046497729 -0.80154424 -56.713063 0.0054678217 0.9985336 -0.053858587 -6.4871776 0.80287323 0.027723737 0.59550485 86.587062
0.5871892 -0.047564301 -0.808051 -57.70832 0.004120746 0.99843478 -0.055776423 -6.5641909 0.80943926 0.02942154 0.58646612 87.312937
0.57781791 -0.049051739 -0.81469033 -58.700177 0.0082553179 0.99849254 -0.054263225 -6.648289 0.81612399 0.024628735 0.57735181 88.000835
0.56665332 -0.050608437 -0.8224006 -59.736014 0.012193149 0.99851769 -0.053044868 -6.7319627 0.82386613 0.020030397 0.56643044 88.75323
0.55747889 -0.049924142 -0.8286886 -60.779528 0.010334477 0.99853019 -0.053203954 -6.8192955 0.83012682 0.021096018 0.55717545 89.385887
0.54647506 -0.050266059 -0.83596547 -61.80609 0.0084707857 0.99847782 -0.054500423 -6.9030135 0.83743257 0.022701837 0.54606902 90.041173
0.53835694 -0.051134736 -0.84116406 -62.886408 0.007665041 0.9984132 -0.055788246 -6.9874662 0.84268209 0.023586432 0.53789463 90.728543
0.53008844 -0.052354845 -0.8463245 -63.935203 0.006972619 0.99832745 -0.057390721 -7.0706525 0.84791373 0.02452106 0.52956689 91.389352
0.5192279 -0.050640432 -0.85313415 -65.002244 0.0039619752 0.99837485 -0.056850338 -7.1671928 0.85462668 0.026138185 0.51858471 92.046376
0.51175015 -0.049829214 -0.85768804 -66.025024 0.0044423408 0.99845675 -0.055356895 -7.2341274 0.85912287 0.024518756 0.51118175 92.643502
0.50173716 -0.048244707 -0.86367367 -67.170787 0.0059977312 0.9986135 -0.052298145 -7.3263052 0.86499937 0.02105984 0.50133087 93.287606
0.49165947 -0.046619813 -0.86953867 -68.324128 0.0075885527 0.99875731 -0.049257033 -7.4145094 0.87075452 0.017619146 0.49140227 93.918606
0.48908346 -0.051524856 -0.87071379 -69.359821 0.0080115478 0.99847698 -0.054585178 -7.4995582 0.87220024 0.019720942 0.48875137 94.507925
0.48027577 -0.055233956 -0.87537668 -70.513766 0.010237838 0.99830031 -0.057373119 -7.5912406 0.87705783 0.018592954 0.48002493 95.108412
0.47206927 -0.056989009 -0.87971745 -71.604066 0.0097181099 0.99818407 -0.059448519 -7.6826055 0.88150793 0.019514628 0.47176585 95.765538
0.47136644 -0.061600845 -0.87978347 -72.726741 0.012797338 0.99793042 -0.06301678 -7.7805479 0.88184464 0.018445109 0.47117923 96.328114
0.4663292 -0.062472257 -0.88240253 -73.930716 0.015403124 0.99792542 -0.062510843 -7.8833826 0.88447718 0.015558876 0.46632403 96.923333
0.46119623 -0.05917913 -0.88532243 -74.953421 0.016113524 0.99816741 -0.058328109 -7.9717235 0.88715188 0.01263504 0.46130464 97.42907
0.45245001 -0.055852657 -0.89003899 -76.05728 0.018085621 0.99840624 -0.053459234 -8.0584326 0.8916064 0.0080907224 0.45273904 97.951227
0.45597937 -0.058468371 -0.88806768 -77.210033 0.024054354 0.99828483 -0.053374084 -8.1573751 0.88966526 0.0029755862 0.45660371 98.610085
0.44902498 -0.056309998 -0.89174306 -78.310958 0.0213827 0.99840361 -0.052278219 -8.2455703 0.89326335 0.0044063511 0.44951222 99.220424
0.44913956 -0.057418979 -0.89161463 -79.418378 0.02664633 0.99834975 -0.050869851 -8.3337948 0.89306422 -0.00091059603 0.44992838 99.742311
0.44620544 -0.056767968 -0.89312823 -80.536156 0.028751109 0.99838027 -0.049093867 -8.4134367 0.89446864 -0.0037724772 0.44711485 100.27062
0.44516862 -0.057074691 -0.89362593 -81.672186 0.029881356 0.99835767 -0.048878073 -8.5102857 0.89494808 -0.0049437711 0.44614298 100.86269
0.44111484 -0.05707124 -0.89563413 -82.727186 0.030955256 0.99834967 -0.048370456 -8.5869385 0.89691668 -0.0063876585 0.44215351 101.40421
0.43872468 -0.056574555 -0.89683884 -83.817514 0.034875956 0.9983363 -0.045916265 -8.6698432 0.89794454 -0.011133514 0.43996787 101.93939
0.43788179 -0.056313906 -0.89726708 -84.900413 0.038089601 0.99830222 -0.044066651 -8.7398009 0.89822535 -0.014880562 0.43928334 102.40597
0.43643135 -0.057804576 -0.89787875 -85.950397 0.040849912 0.99817804 -0.044405859 -8.8255089 0.89880979 -0.01729816 0.4379975 102.95642
0.43503848 -0.058076194 -0.89853693 -87.004723 0.040655893 0.99816693 -0.044831612 -8.8993997 0.89949357 -0.017027346 0.43660216 103.45409
0.435695 -0.059820422 -0.89810429 -88.027413 0.041314461 0.99806654 -0.046435874 -8.9802447 0.89914573 -0.016872818 0.43732405 103.9242
0.43424545 -0.060356111 -0.89877025 -89.083617 0.040820326 0.99804628 -0.047300356 -9.0581097 0.89986925 -0.016148131 0.43586081 104.42392
0.43746642 -0.059046261 -0.89729405 -90.10439 0.036518699 0.99818525 -0.047881074 -9.1358213 0.89849295 -0.01182165 0.43882882 104.91177
0.44295354 -0.059980186 -0.8945359 -91.134466 0.036252471 0.99814184 -0.048975758 -9.2187094 0.89581136 -0.010735153 0.44430489 105.44839
0.4464142 -0.060735992 -0.89276281 -92.161431 0.035377064 0.99811177 -0.050213208 -9.2983896 0.89412689 -0.0091674391 0.44771993 105.90336
0.45189402 -0.060145265 -0.89004173 -93.189301 0.032975031 0.9981689 -0.050709886 -9.3814568 0.89146201 -0.0064336602 0.45304985 106.40227
0.45972913 -0.059950176 -0.88603331 -94.175899 0.034345562 0.99817263 -0.049717058 -9.4588012 0.88739482 -0.0075749325 0.46094806 106.89385
0.4665957 -0.057288494 -0.8826134 -95.130719 0.030447475 0.99834905 -0.04870451 -9.5286484 0.88394653 -0.0041480355 0.46756966 107.43586
0.47563342 -0.05693786 -0.87779888 -96.093291 0.030610856 0.99836988 -0.048172195 -9.6003062 0.87911085 -0.0039578703 0.476601 107.9412
0.48448191 -0.055336986 -0.87304927 -97.051452 0.026434758 0.99846762 -0.048616989 -9.6669849 0.87440182 0.00047520493 0.48520233 108.47049
0.49416937 -0.058485908 -0.86739609 -98.046146 0.030112103 0.99828734 -0.050156168 -9.7443444 0.86884404 -0.0013334794 0.49508416 108.98124
0.50632633 -0.058180712 -0.860377 -98.939257 0.026008388 0.99829784 -0.052201474 -9.8225961 0.86194969 0.0040539609 0.50697767 109.58579
0.51552486 -0.058651441 -0.85486494 -99.876405 0.02389828 0.99825074 -0.054077182 -9.901803 0.85654133 0.0074483295 0.51602474 110.12156
0.52900766 -0.05620387 -0.84675378 -100.79331 0.020787807 0.99836322 -0.053279912 -9.9751455 0.84836244 0.010583327 0.52931015 110.69286
0.54116894 -0.055282293 -0.83909474 -101.7302 0.021981869 0.99842575 -0.051602469 -10.054365 0.84062657 0.0094807825 0.54153222 111.23897
0.55269993 -0.053745665 -0.83164544 -102.64991 0.022030598 0.9985118 -0.049888293 -10.123287 0.83308913 0.0092516092 0.55306145 111.83343
0.56483404 -0.05143893 -0.82359971 -103.50195 0.019325161 0.99860612 -0.049115755 -10.195414 0.82497824 0.011826052 0.56504079 112.43182
0.57661235 -0.052759464 -0.81531256 -104.39575 0.020526713 0.99853331 -0.050098733 -10.273572 0.81676 0.012151861 0.57684962 113.06515
0.58622317 -0.052466779 -0.80844887 -105.22085 0.019150384 0.99851933 -0.050915644 -10.342786 0.80992327 0.014365824 0.58635993 113.67473
0.59575236 -0.052147964 -0.80147343 -106.0387 0.017783745 0.99850179 -0.0517486 -10.412867 0.8029713 0.016576151 0.59578719 114.2939
0.60736411 -0.053906489 -0.7925925 -106.84683 0.02138154 0.99844293 -0.051522281 -10.498362 0.79413583 0.014345936 0.60757101 114.97154
0.61962416 -0.051026992 -0.78323821 -107.74398 0.019574696 0.99857879 -0.04957051 -10.564171 0.78465456 0.015383435 0.61974238 115.54961
0.6296946 -0.050663809 -0.77518891 -108.45639 0.023042712 0.99865012 -0.046550651 -10.629228 0.776501 0.011450239 0.63001202 116.1339
0.63694135 -0.048470816 -0.76938693 -109.25121 0.020648938 0.99873603 -0.045825302 -10.699021 0.7706357 0.013301006 0.63713715 116.88057
0.64868144 -0.047850363 -0.75955426 -110.04108 0.018797845 0.9987244 -0.046863686 -10.766852 0.76082789 0.016121621 0.64875347 117.49065
0.65678034 -0.047812007 -0.75256465 -110.79833 0.018012131 0.99869787 -0.047729768 -10.836893 0.75386683 0.01779268 0.65678632 118.11952
0.66636818 -0.045658036 -0.74422359 -111.53851 0.015153974 0.99874654 -0.047704319 -10.902106 0.74546888 0.020510695 0.66622481 118.80385
0.67629005 -0.044382225 -0.73529718 -112.2785 0.015562011 0.99882135 -0.045975263 -10.968888 0.73647107 0.019649909 0.67618362 119.46142
0.68425979 -0.04395279 -0.72791252 -112.974 0.017382938 0.99888144 -0.043973939 -11.030361 0.72903115 0.01743634 0.68425844 120.11697
0.69163313 -0.040785383 -0.72109647 -113.63473 0.014046566 0.99897505 -0.043029624 -11.082113 0.72211242 0.019631784 0.69149713 120.75062
0.70178658 -0.041643279 -0.71116903 -114.38862 0.015841472 0.99895538 -0.042862449 -11.153852 0.71221112 0.018814327 0.70171318 121.41863
0.70778657 -0.038854335 -0.70535698 -115.02059 0.013116983 0.99903698 -0.041869428 -11.209022 0.70630458 0.020382463 0.70761461 122.0813
0.71531721 -0.037037039 -0.69781767 -115.67801 0.013013305 0.99912732 -0.03968956 -11.269277 0.69867874 0.01930971 0.71517494 122.77281
0.72237076 -0.034499363 -0.6906448 -116.3247 0.012176791 0.99923447 -0.037178004 -11.326672 0.69139877 0.018446465 0.72223785 123.46094
0.72944457 -0.033236562 -0.68323196 -116.96064 0.011834799 0.99928258 -0.035975905 -11.37792 0.68393757 0.018156516 0.7293146 124.0923
0.73674896 -0.032730718 -0.6753737 -117.57254 0.011993014 0.99930315 -0.03534646 -11.436884 0.67606004 0.017941701 0.7366281 124.76034
0.74471153 -0.029490411 -0.66673459 -118.20947 0.008705852 0.9993675 -0.034479103 -11.482659 0.66732974 0.019872493 0.74449724 125.43162
0.75335041 -0.02654251 -0.65708342 -118.79619 0.0076460993 0.99947113 -0.031606765 -11.533227 0.65757489 0.018786844 0.75315494 126.13925
0.7623623 -0.023116246 -0.64673744 -119.34448 0.0059245205 0.99956926 -0.028743748 -11.573515 0.64712337 0.018081541 0.76217087 126.76913
0.77187042 -0.020829546 -0.63543855 -119.90856 0.0044115185 0.99961458 -0.027408468 -11.624099 0.6357646 0.018352536 0.77166482 127.47752
0.78221921 -0.020565008 -0.62266375 -120.4349 0.0034828087 0.99958377 -0.028638456 -11.661663 0.62299358 0.020232932 0.78196526 128.11255
0.79152972 -0.020779756 -0.61077727 -120.96788 0.0029203401 0.99953896 -0.030221557 -11.708418 0.61112372 0.022137583 0.79122548 128.77819
0.800525 -0.019754048 -0.59897368 -121.45476 0.0025034513 0.99955811 -0.029619405 -11.751772 0.59929416 0.022211573 0.80022071 129.47403
0.81063912 -0.018674539 -0.5852482 -121.96036 0.002554236 0.99959457 -0.02835789 -11.789627 0.58554054 0.021493153 0.81035816 130.14673
0.82054662 -0.016833003 -0.57133166 -122.43754 0.0024688229 0.99966131 -0.025907049 -11.823144 0.57157429 0.019847425 0.82031027 130.84035
0.83036312 -0.015735086 -0.55700042 -122.91672 0.0031625508 0.9997182 -0.023527067 -11.86373 0.5572137 0.017774466 0.83017889 131.55984
0.83809688 -0.014240378 -0.5453355 -123.342 0.0033197676 0.99977386 -0.021005182 -11.895025 0.54551135 0.01579399 0.83795462 132.27663
0.84581502 -0.013717205 -0.53329989 -123.80534 0.0042347543 0.99981051 -0.019000167 -11.930831 0.53345951 0.013812233 0.84571283 132.97948
0.85292847 -0.01365169 -0.52184924 -124.22379 0.0052055786 0.99983072 -0.017647613 -11.961063 0.52200187 0.012335624 0.85285515 133.69694
0.85955886 -0.013886954 -0.51084802 -124.68884 0.0060860776 0.999838 -0.016939211 -11.992255 0.51100054 0.011451188 0.85950412 134.40929
0.86651765 -0.012916652 -0.49897926 -125.09808 0.0051802151 0.999844 -0.016886252 -12.017888 0.49911957 0.012047415 0.86644938 135.13068
0.87289479 -0.011185822 -0.48778022 -125.4987 0.0035906479 0.99985736 -0.016503271 -12.047568 0.48789529 0.012654172 0.87281045 135.87501
0.87906804 -0.010119171 -0.47658889 -125.92548 0.0027910281 0.99986679 -0.016081615 -12.068941 0.47668817 0.012806661 0.87897918 136.6381
0.88469514 -0.010929697 -0.46604188 -126.3403 0.0036745784 0.99985755 -0.016473324 -12.098632 0.46615558 0.012861362 0.88460928 137.37393
0.88964204 -0.011847733 -0.45650482 -126.70571 0.0044431105 0.99984064 -0.017290216 -12.130253 0.45663697 0.013353801 0.88955291 138.14801
0.89369225 -0.012550212 -0.44850489 -127.10188 0.0052501605 0.9998328 -0.017516165 -12.160486 0.44864977 0.013299338 0.89360871 138.89767
0.8974067 -0.011716091 -0.44104868 -127.49869 0.0046940703 0.99984432 -0.017008954 -12.183497 0.44117933 0.013193636 0.89732198 139.68955
0.89992737 -0.0099175617 -0.435927 -127.88106 0.0043520793 0.9998958 -0.013763711 -12.210131 0.43601812 0.010489151 0.89987677 140.49894
0.90291808 -0.0063020539 -0.42976646 -128.27361 0.0023735108 0.99995036 -0.0096765472 -12.235354 0.42980615 0.0077170739 0.90288822 141.27372
0.90647649 -0.0034505435 -0.42224218 -128.65737 0.00052772508 0.99997509 -0.0070388213 -12.253811 0.42225598 0.006157698 0.90645573 142.10658
0.90927237 -0.0011364497 -0.41620001 -129.02964 -0.000911272 0.99998844 -0.0047213623 -12.273114 0.4162006 0.0046722755 0.90926082 142.91606
0.91282161 0.0010114092 -0.40835728 -129.41249 -0.0022808687 0.99999396 -0.0026217802 -12.283868 0.4083522 0.0033246267 0.91281841 143.78717
0.91550212 0.0019868528 -0.40230823 -129.81213 -0.0021699154 0.99999765 7.1083856e-07 -12.299469 0.40230732 0.00087232374 0.91550427 144.63798
0.91892771 0.002265672 -0.39441946 -130.18494 -0.0015816888 0.99999663 0.002059246 -12.316053 0.39442283 -0.0012684497 0.9189282 145.52112
0.92212049 0.0018669261 -0.38689831 -130.57613 -0.00079367283 0.99999538 0.0029337308 -12.328933 0.38690204 -0.0023981829 0.92211771 146.39695
0.9256184 0.0011116785 -0.3784565 -130.93069 -8.5021538e-05 0.99999627 0.0027294463 -12.323605 0.37845816 -0.0024942491 0.92561505 147.30671
0.92946019 -0.0012374059 -0.36892033 -131.29809 0.0023287078 0.99999413 0.0025128521 -12.352696 0.36891509 -0.003194704 0.92945762 148.22943
0.9333426 -0.0029614524 -0.35897466 -131.6658 0.0037324128 0.99999198 0.0014546732 -12.356032 0.35896751 -0.0026975505 0.93334617 149.16104
0.93758963 -0.0038095673 -0.34772282 -132.00695 0.0038893517 0.99999233 -0.00046854162 -12.371158 0.34772197 -0.00091311687 0.93759725 150.0844
0.94273558 -0.0020896167 -0.33353449 -132.37938 0.001693421 0.99999747 -0.0014785978 -12.387103 0.33353676 0.00082911217 0.94273673 151.06544
0.94786978 0.0011039836 -0.31865601 -132.70522 -0.0013391345 0.99999897 -0.00051887502 -12.397219 0.31865514 0.00091854897 0.94787028 152.04248
0.95401605 0.0049567793 -0.29971452 -133.01957 -0.0044567202 0.9999873 0.0023520181 -12.400727 0.2997224 -0.00090811952 0.95402603 153.03814
0.9601231 0.0078940338 -0.27946611 -133.3289 -0.0070959718 0.99996735 0.0038672666 -12.419789 0.27948753 -0.0017299686 0.96014777 154.08063
0.96604511 0.0096208247 -0.25819426 -133.61918 -0.0086794315 0.99995088 0.0047856609 -12.436171 0.25822764 -0.0023821852 0.96608117 155.11082
0.97145567 0.010765635 -0.23697673 -133.89456 -0.0096267025 0.99993588 0.0059627375 -12.432743 0.23702574 -0.003511231 0.97149703 156.16155
0.97651912 0.011504018 -0.21512334 -134.12649 -0.0098701295 0.99991372 0.0086678453 -12.448617 0.21520451 -0.0063410217 0.97654842 157.21306
0.98130564 0.013700369 -0.19196755 -134.36746 -0.011602907 0.99986012 0.012046073 -12.447466 0.19210575 -0.0095934979 0.98132734 158.31441
0.98535682 0.015252708 -0.16982132 -134.54942 -0.012715594 0.99979085 0.01601755 -12.457896 0.17003013 -0.013623623 0.98534469 159.39978
0.98891354 0.017349205 -0.14747549 -134.73478 -0.014637602 0.99970363 0.019452329 -12.44996 0.14776927 -0.017077984 0.9888744 160.53455
0.99183425 0.018493146 -0.12618565 -134.89832 -0.016183702 0.9996827 0.019302743 -12.445401 0.12650259 -0.017102971 0.99181883 161.6551
0.99450256 0.018506997 -0.10306381 -135.01922 -0.016808756 0.99970867 0.01732184 -12.438751 0.10335436 -0.01549424 0.99452391 162.81952
0.99652128 0.018639692 -0.081227432 -135.12947 -0.017376553 0.99971728 0.016229957 -12.431406 0.081506996 -0.014762045 0.99656344 163.9881
0.99792297 0.017108384 -0.062105207 -135.21191 -0.016024683 0.99971125 0.017905828 -12.432775 0.062393619 -0.016873421 0.99790898 165.17323
0.99896716 0.017382021 -0.041981815 -135.28162 -0.016558185 0.999665 0.019892338 -12.430663 0.042313524 -0.01917665 0.99892033 166.34135
0.99963656 0.01781896 -0.020229668 -135.29469 -0.01739905 0.99963335 0.020746829 -12.42061 0.02059194 -0.020387313 0.99958008 167.57288
0.99981364 0.01930319 -0.00028354657 -135.31521 -0.019292748 0.99958615 0.021338352 -12.412314 0.00069532757 -0.021328905 0.99977227 168.76199
0.99959603 0.019827916 0.020362518 -135.29829 -0.02027111 0.99955695 0.021794373 -12.407294 -0.019921361 -0.02219834 0.99955509 170.00822
0.99895493 0.021571545 0.04029536 -135.28453 -0.02242837 0.99952926 0.020933885 -12.391177 -0.039824818 -0.021815767 0.9989685 171.24173
0.9979068 0.022977259 0.060448818 -135.20661 -0.024214137 0.99951052 0.01980914 -12.385962 -0.059964075 -0.021231392 0.99797472 172.48056
0.99650693 0.022940975 0.080297255 -135.12009 -0.024438627 0.9995443 0.017718409 -12.380379 -0.079854193 -0.019618872 0.99661347 173.75993
0.9947186 0.024898358 0.099574014 -135.01536 -0.026530362 0.99953397 0.015099198 -12.374736 -0.099151673 -0.017661188 0.99491559 175.04628
0.99269272 0.025458888 0.11795339 -134.86677 -0.027209258 0.99954191 0.013252737 -12.376661 -0.11756196 -0.01636532 0.99293069 176.30395
0.99016375 0.024908161 0.13767833 -134.68943 -0.026588838 0.99959255 0.010381373 -12.375416 -0.13736366 -0.013939966 0.99042259 177.6042
0.98736659 0.026432793 0.15623227 -134.52572 -0.027554382 0.99960771 0.0050172115 -12.38057 -0.15603837 -0.0092587106 0.9877076 178.91771
0.98436476 0.028013462 0.17390015 -134.30354 -0.028245882 0.99960036 -0.0011386855 -12.404411 -0.17386256 -0.0037910811 0.98476263 180.18539
0.98120801 0.030810706 0.19047715 -134.0564 -0.030059614 0.99952476 -0.0068319593 -12.416339 -0.19059714 0.00097790374 0.98166785 181.52966
0.9774965 0.032637439 0.20841159 -133.7952 -0.031103466 0.9994596 -0.01063412 -12.453066 -0.20864605 0.0039124929 0.9779834 182.80807
0.97363254 0.034918568 0.22543372 -133.4826 -0.032728747 0.99937384 -0.013444893 -12.488357 -0.22576206 0.0057122218 0.97416573 184.09713
0.96959062 0.034410133 0.2423014 -133.19681 -0.032092619 0.99939364 -0.013506184 -12.524008 -0.24261925 0.0053193827 0.97010701 185.46676
0.96513619 0.033133075 0.25964271 -132.85518 -0.030522917 0.9994349 -0.014079281 -12.555827 -0.25996249 0.0056633711 0.96560211 186.81359
0.96003879 0.033052483 0.27790834 -132.47194 -0.028898139 0.99940115 -0.01903274 -12.614114 -0.27837101 0.010241136 0.96041903 188.13591
0.95521868 0.03424692 0.29391226 -132.06088 -0.028735566 0.99932123 -0.023050849 -12.660863 -0.29450221 0.013572867 0.95555441 189.4565
0.94972047 0.036872387 0.31092032 -131.63226 -0.030835937 0.99922879 -0.024309867 -12.706419 -0.31157693 0.013500059 0.95012503 190.8485
0.94357055 0.038547258 0.32892052 -131.17798 -0.032375366 0.99918222 -0.024222552 -12.762975 -0.32958527 0.012206765 0.9440469 192.21149
0.93755383 0.042463059 0.3452386 -130.7366 -0.035085189 0.99900331 -0.027593916 -12.803676 -0.34606625 0.013758021 0.9381092 193.48431
0.93050383 0.043539418 0.36368521 -130.22873 -0.034655901 0.99892089 -0.030919561 -12.875408 -0.364639 0.016166932 0.93100861 194.84123
0.9242546 0.044320662 0.37919534 -129.70378 -0.033969309 0.99884612 -0.033948815 -12.933208 -0.38026246 0.018496345 0.92469366 196.17872
0.91703486 0.044456422 0.39632144 -129.14493 -0.031691467 0.9987481 -0.038702396 -13.008428 -0.39754589 0.02293144 0.91729571 197.48202
0.90904001 0.047624479 0.41397845 -128.57386 -0.032013982 0.99849321 -0.044569302 -13.092471 -0.41547729 0.027262181 0.90919492 198.82763
0.89860822 0.051335687 0.43573833 -127.95826 -0.033788726 0.99827908 -0.047929032 -13.187343 -0.43744897 0.02834638 0.89879636 200.11869
0.88610886 0.054165849 0.46030113 -127.31799 -0.035099721 0.99813794 -0.049886508 -13.266927 -0.46214621 0.028048436 0.88636008 201.43849
0.87330084 0.058433109 0.48366435 -126.62172 -0.037878798 0.99791967 -0.052168335 -13.358357 -0.48570656 0.027238028 0.87369746 202.75648
0.85924363 0.062915345 0.50768299 -125.92581 -0.040537581 0.9976616 -0.055027582 -13.458891 -0.50995794 0.02670186 0.85978482 204.01955
0.84373759 0.066644314 0.53260248 -125.13841 -0.041838337 0.99740878 -0.058525917 -13.576456 -0.53512285 0.027097316 0.84433956 205.32679
0.82885309 0.068095758 0.55530667 -124.33336 -0.041082349 0.99729344 -0.060975716 -13.680395 -0.55795594 0.027726609 0.82940728 206.53072
0.81283006 0.069052426 0.57839348 -123.47307 -0.039727882 0.99720839 -0.063222778 -13.791465 -0.58114457 0.028411028 0.81330427 207.79155
0.79739975 0.071476744 0.59920338 -122.60508 -0.038429936 0.99695972 -0.067782353 -13.919922 -0.60222655 0.031022285 0.79772228 208.99901
0.77992002 0.074069645 0.62148083 -121.69934 -0.036348935 0.99665698 -0.073168415 -14.052019 -0.62482282 0.034475347 0.78000508 210.20176
0.76305448 0.07579873 0.64187411 -120.76743 -0.034452012 0.99645765 -0.07671514 -14.181565 -0.64541534 0.036423978 0.76296289 211.3579
0.74753113 0.077371134 0.65970515 -119.78938 -0.032623163 0.99627068 -0.07987775 -14.323103 -0.66342519 0.038189438 0.74726744 212.49972
0.73083787 0.07787397 0.6780941 -118.76371 -0.030558664 0.99620711 -0.081471249 -14.460918 -0.68186671 0.038820625 0.73044561 213.64109
0.71583596 0.078227699 0.69387266 -117.68859 -0.02861703 0.99615651 -0.082784545 -14.61889 -0.69768187 0.039403581 0.71532329 214.78235
0.70031772 0.078951395 0.70945171 -116.62798 -0.025620795 0.99600445 -0.085549507 -14.762483 -0.71337137 0.04173512 0.69954236 215.8381
0.68524518 0.080469047 0.72385339 -115.52879 -0.023059869 0.99577643 -0.088868155 -14.920803 -0.72794734 0.044204512 0.6842066 216.9171
0.66954532 0.082908306 0.73812955 -114.43574 -0.020643249 0.99544412 -0.093085277 -15.091857 -0.74248432 0.047087422 0.66820645 217.92579
0.65554513 0.085543208 0.7502952 -113.2841 -0.019771762 0.99516691 -0.09618679 -15.25676 -0.75489715 0.048220126 0.65406816 218.98634
0.63946135 0.085698506 0.764032 -112.13993 -0.017881467 0.99515712 -0.096656908 -15.421878 -0.76861531 0.048146345 0.63789693 219.95083
0.62203519 0.087135757 0.77812566 -110.94327 -0.0184713 0.99514489 -0.096671923 -15.59696 -0.78277142 0.045760347 0.62062465 220.93727
0.60431277 0.088309748 0.791838 -109.80498 -0.020828822 0.99524987 -0.095099176 -15.766599 -0.79647492 0.040976595 0.60328159 221.84716
0.58666232 0.089119262 0.80491306 -108.57473 -0.022770068 0.9953487 -0.093608123 -15.934017 -0.80951152 0.036588435 0.58596283 222.7847
0.56768082 0.090435292 0.81826639 -107.37694 -0.024532159 0.99536488 -0.092988881 -16.10653 -0.82288317 0.032714164 0.56726812 223.6591
0.54941534 0.093346668 0.83031869 -106.12129 -0.025849727 0.99516311 -0.094774361 -16.282025 -0.83514947 0.030606978 0.54917087 224.52405
0.53217629 0.097462869 0.84100495 -104.90801 -0.029119999 0.99487121 -0.096867477 -16.45988 -0.84613266 0.027060513 0.53228499 225.32154
0.51247596 0.097118767 0.85319181 -103.66685 -0.028408121 0.99495729 -0.096192373 -16.631274 -0.85823157 0.025058704 0.51265065 226.08254
0.49144464 0.096125489 0.86558766 -102.44472 -0.02863919 0.99513635 -0.094252026 -16.802976 -0.87043784 0.021529924 0.49180738 226.86905
0.46966532 0.094167234 0.87780804 -101.18205 -0.02844929 0.99539313 -0.091559621 -16.968189 -0.88238608 0.018029364 0.47018062 227.53955
0.44824558 0.092794905 0.88908095 -99.915667 -0.028493023 0.99557516 -0.089544636 -17.129844 -0.89345628 0.014805384 0.44890617 228.2062
0.4255099 0.091970748 0.90026809 -98.642334 -0.027242725 0.99567319 -0.088841044 -17.294364 -0.90454366 0.013276988 0.42617433 228.83914
