1.000000000000000000e+00 4.398956837314658088e-19 2.733407509747682871e-20 -8.673617379884035472e-19 -5.583667658079949532e-19 1.000000000000000000e+00 -6.100159232558060012e-19 0.000000000000000000e+00 4.145284534913582806e-20 -2.210423569125054137e-19 1.000000000000000222e+00 0.000000000000000000e+00
9.999408849547382072e-01 -1.246717420856865250e-03 1.080149559329407830e-02 5.958071081739672176e-02 1.240279619556591524e-03 9.999990492344510429e-01 6.026891797477546605e-04 -1.075535774413702295e-03 -1.080223689306761617e-02 -5.892566714441602790e-04 9.999414805085589109e-01 2.811186485044231409e-01
9.998503460699428302e-01 -2.876907165960975593e-03 1.705898277018466289e-02 8.271687381412815010e-02 2.861768011642553886e-03 9.999954894343777712e-01 9.118055286460316966e-04 -5.178113661611541407e-03 -1.706152929869958479e-02 -8.628502122717267471e-04 9.998540691964735716e-01 5.442718319930091031e-01
9.997853416537019200e-01 -6.544498945584330610e-03 1.965808181479994365e-02 6.009147288631391803e-02 6.562341807797619775e-03 9.999781120235616827e-01 -8.432865233201975634e-04 -1.203274668185955187e-02 -1.965213299187482804e-02 9.721085887145363867e-04 9.998064055869497757e-01 9.155612382961546558e-01
9.998192350693985153e-01 -7.228106794537336732e-03 1.758555343801136012e-02 6.358482923642744256e-02 7.258109461453698605e-03 9.999723100260053954e-01 -1.642868102326868786e-03 -1.755888229926939881e-02 -1.757319197353611473e-02 1.770209038799254843e-03 9.998440124660482597e-01 1.187516851423757069e+00
9.998884969969594749e-01 -1.068642556630025955e-02 1.043043208155477672e-02 6.314235060201928151e-02 1.072319356854907826e-02 9.999364649001826200e-01 -3.475523597631458104e-03 -1.618776555615510093e-02 -1.039262864088352084e-02 3.586983658613044929e-03 9.999395615760359179e-01 1.539818259787627097e+00
9.999371681686142210e-01 -1.112183963433159041e-02 -1.401576130601259488e-03 5.431944226276383403e-02 1.111505822904772928e-02 9.999269115654271234e-01 -4.756783466482667269e-03 -2.742649258784826682e-02 1.454377896486290555e-03 4.740906038791383760e-03 9.999877042224774026e-01 1.840820857273054889e+00
9.997901730224229011e-01 -1.116700566428944358e-02 -1.717288277129410193e-02 7.740631962433394686e-03 1.107917060886166351e-02 9.999250957835058573e-01 -5.201421173909741118e-03 -3.806012760718052723e-02 1.722968104457144739e-02 5.010068515311142182e-03 9.998390057068801129e-01 2.160401075786384961e+00
9.993291816173210940e-01 -6.840798188733590753e-03 -3.597763454582411646e-02 -4.351445064992453919e-03 6.652858471473942562e-03 9.999636063559850241e-01 -5.340920009894137462e-03 -3.888377062529206618e-02 3.601286196407887941e-02 5.097983130202091671e-03 9.993383232984627274e-01 2.514613464038527813e+00
9.984424129073635745e-01 -3.728643404417966798e-03 -5.566727226215600205e-02 -6.061888412052633679e-02 3.384199574152119139e-03 9.999745507215307416e-01 -6.280533199898363957e-03 -5.389394283531050156e-02 5.568927439790894579e-02 6.082361570523701737e-03 9.984296218186714533e-01 2.869640372791861793e+00
9.971650847199786671e-01 -2.990324440169906534e-03 -7.518544790966091851e-02 -1.131327779560858671e-01 2.506212807490040394e-03 9.999755228538007579e-01 -6.532425813148589819e-03 -5.477752451685818924e-02 7.520314295355806644e-02 6.325476197859362590e-03 9.971481714580676670e-01 3.218823471552596516e+00
9.953619012739483018e-01 -3.461472417079927179e-03 -9.613897967425746871e-02 -1.480879684285581199e-01 2.884568892634274337e-03 9.999769953436340453e-01 -6.139058679620047927e-03 -6.148136791529036638e-02 9.615801987221797575e-02 5.833265576801394646e-03 9.953489883048678433e-01 3.605244136993118520e+00
9.932749672223561976e-01 -4.325015549827559980e-03 -1.156984586952286426e-01 -2.145973426778154947e-01 3.715181597409043801e-03 9.999780502746670185e-01 -5.486017559234808785e-03 -7.061463865912885607e-02 1.157196482565075041e-01 5.019283069542561197e-03 9.932692334892090358e-01 3.997327337944549974e+00
9.911111502529478257e-01 -4.314230168620789702e-03 -1.329664423032309861e-01 -3.084897588102443744e-01 3.694491457331414326e-03 9.999811347239223602e-01 -4.907231723541440049e-03 -7.936083960023607164e-02 1.329851070807007429e-01 4.372368613981163395e-03 9.911083917397381926e-01 4.394272778275366775e+00
9.887904772053562885e-01 -3.337073535954853277e-03 -1.492724205640230672e-01 -3.826475723838682064e-01 2.731188883360140089e-03 9.999871805243378819e-01 -4.263729586755748112e-03 -8.478382401217890441e-02 1.492847379306425359e-01 3.808243937524423330e-03 9.887869158168246519e-01 4.812944506191007221e+00
9.866653394310133107e-01 -2.980048569753991280e-03 -1.627348352297308953e-01 -4.649244426988559664e-01 2.278750080401850935e-03 9.999872968014685837e-01 -4.495945988802835074e-03 -9.234806698781476697e-02 1.627461689286346935e-01 4.065161946519455123e-03 9.866595966388748140e-01 5.228814810667992141e+00
9.845318349481965159e-01 -3.513483099878622704e-03 -1.751705473038389638e-01 -5.447876534078281985e-01 2.657962014232435801e-03 9.999833689497185096e-01 -5.118306151275484744e-03 -9.425920058219956765e-02 1.751856201451880979e-01 4.573538570235372198e-03 9.845248000993443993e-01 5.659310803235557685e+00
9.828224875884796763e-01 -6.807090634603408033e-03 -1.844278194192512654e-01 -6.327161596166855917e-01 5.613461427886252617e-03 9.999597897637343413e-01 -6.993418141487025598e-03 -1.140489182188411249e-01 1.844680115534286791e-01 5.838010053585292701e-03 9.828211796624287677e-01 6.108304193702837281e+00
9.812487908164615469e-01 -5.957578283325374278e-03 -1.926533593903844155e-01 -7.362048880460337896e-01 4.369009235618473604e-03 9.999528744588912499e-01 -8.669522065887464574e-03 -1.217688393547058101e-01 1.926959331828296540e-01 7.665253635972224880e-03 9.812285779196268098e-01 6.551504563863173480e+00
9.796538099210713169e-01 -5.898934942464804758e-03 -2.006081112792817978e-01 -8.418389527973485498e-01 3.856196166900310515e-03 9.999366795265569596e-01 -1.057197628882473178e-02 -1.177210028881306714e-01 2.006577755449232281e-01 9.583292528679654074e-03 9.796145255079575787e-01 7.029040885170951825e+00
9.780990580143900104e-01 -6.513544927154760536e-03 -2.080379903283785248e-01 -9.488589598946592929e-01 3.874608101972820250e-03 9.999068171873960464e-01 -1.308985669472556221e-02 -1.359983679155375991e-01 2.081038697255437886e-01 1.199711074440163415e-02 9.780331537166589984e-01 7.501137232288129120e+00
9.762788643010781309e-01 -1.009334350716275565e-02 -2.162815351487991089e-01 -1.066457820886197450e+00 7.025823066073221164e-03 9.998636001400107443e-01 -1.494720420836812350e-02 -1.425553448868705497e-01 2.164029053798303681e-01 1.307308368010997451e-02 9.762166143471632251e-01 8.004240003783184676e+00
9.744417509160270274e-01 -1.561328994883510839e-02 -2.240970729347375179e-01 -1.186097353956879319e+00 1.230688272308518363e-02 9.997939412444135643e-01 -1.614359525589945804e-02 -1.612479436664797927e-01 2.243029542773765095e-01 1.297305675737345058e-02 9.744331099015425268e-01 8.520916192891577978e+00
9.724164670417038137e-01 -1.679032199772438269e-02 -2.326462948030664502e-01 -1.313198731729068092e+00 1.284783207280155645e-02 9.997472088044321303e-01 -1.845133265562664757e-02 -1.776943506795640448e-01 2.328972917047251734e-01 1.495337912182167876e-02 9.723863682812502462e-01 9.035508954654877911e+00
9.703484524139214251e-01 -1.273116801956017743e-02 -2.413748059387192668e-01 -1.454646145124468992e+00 7.565423171950408712e-03 9.997223401971182533e-01 -2.231606751595173813e-02 -1.860915661032475077e-01 2.415918996282342135e-01 1.982825899884883836e-02 9.701753426621176901e-01 9.563057535168629997e+00
9.682829021527992186e-01 -9.753174131713513231e-03 -2.496659680259278591e-01 -1.625858439538972577e+00 3.542810999018132512e-03 9.996733222411905428e-01 -2.531199878208708134e-02 -1.998001861088481712e-01 2.498312843429087715e-01 2.362465629855981658e-02 9.680011396625910480e-01 1.010287748623267134e+01
9.659456995875268515e-01 -1.265824963029588829e-02 -2.584350453756169563e-01 -1.786625070533464310e+00 5.729949776502126293e-03 9.996041605901885285e-01 -2.754432418140351918e-02 -2.243084433922263310e-01 2.586814139873510610e-01 2.512550166462308027e-02 9.656358717040822714e-01 1.066715621760240751e+01
9.636136323385938729e-01 -1.424450450794902644e-02 -2.669192014274844316e-01 -1.927353536737678619e+00 6.706509326590387801e-03 9.995531004706326161e-01 -2.913111838244338350e-02 -2.610165404073899742e-01 2.672148783120637527e-01 2.628104669289559395e-02 9.632785251313552566e-01 1.123194406411815827e+01
9.614990445813150766e-01 -1.466635409877163967e-02 -2.744166242700195046e-01 -2.118462727093291420e+00 6.119509855012801418e-03 9.994699110732171432e-01 -3.197574775465198554e-02 -2.787149637756118348e-01 2.747401314258693383e-01 2.906535570654054240e-02 9.610791158622808972e-01 1.179978490549964221e+01
9.590786493644011257e-01 -1.410805024686023063e-02 -2.827880929400060639e-01 -2.286893278913533223e+00 4.230109973951286066e-03 9.993603417558591939e-01 -3.551075165650754289e-02 -3.003066543896598106e-01 2.831081975453310640e-01 3.286137905845798457e-02 9.585248457937664002e-01 1.239782186322619140e+01
9.568258155789658437e-01 -1.476262354259201028e-02 -2.902867922626509167e-01 -2.473252689295880380e+00 3.120938149441136299e-03 9.991736007141357456e-01 -4.052623062379621249e-02 -3.329752788481735171e-01 2.906451779483905096e-01 3.787057663874564967e-02 9.560811690429256160e-01 1.298328247110677403e+01
9.549592915537287174e-01 -1.619951828281384135e-02 -2.962943219008170592e-01 -2.685943535512136826e+00 2.183151824216721711e-03 9.988652647180910060e-01 -4.757537990205720074e-02 -3.703056752623485881e-01 2.967288096123515961e-01 4.478569575047819384e-02 9.539110319673779204e-01 1.359562160608049908e+01
9.537220980104064161e-01 -1.656810702387305489e-02 -3.002326692073566949e-01 -2.899647084237721106e+00 -1.744259521787711574e-04 9.984501677698048860e-01 -5.565278105897972921e-02 -4.026733312051118396e-01 3.006894253290181562e-01 5.312965570747197469e-02 9.522410992669071428e-01 1.422839716775963659e+01
9.524447947686323079e-01 -1.643176548718524449e-02 -3.042678228417687314e-01 -3.104122505298309687e+00 -3.395382714428899027e-03 9.979106402884179161e-01 -6.451996092173763186e-02 -4.484887610537718339e-01 3.046922799944137283e-01 6.248480695372318761e-02 9.503990032686503442e-01 1.484563928657184206e+01
9.511893646562923355e-01 -1.556260912009999400e-02 -3.082151776437911939e-01 -3.327050591322711970e+00 -7.292248325848300905e-03 9.973153809484204269e-01 -7.286188317080388721e-02 -4.947461563425595288e-01 3.085216635866263601e-01 7.155303036230173386e-02 9.485222975738196727e-01 1.547630697356900598e+01
9.497432291961254158e-01 -1.456078499400809481e-02 -3.126911895934442187e-01 -3.556023683372670163e+00 -1.111110167791556740e-02 9.967199789192118242e-01 -8.016125637295473672e-02 -5.498641428575076207e-01 3.128327720582439464e-01 7.960695454314233033e-02 9.464662654428475097e-01 1.613169657063513185e+01
9.482014836644228062e-01 -1.323902774455551316e-02 -3.173935607018205096e-01 -3.792312092109816124e+00 -1.511584708982007148e-02 9.961190983132364174e-01 -8.670786079138535773e-02 -6.183769279844477662e-01 3.173097206807795057e-01 8.701419529950484011e-02 9.443214882354501460e-01 1.679634638759457488e+01
9.466034999508812220e-01 -1.190839964113133385e-02 -3.221800764977016951e-01 -4.036703249159979912e+00 -1.899831939041271567e-02 9.955206657985606888e-01 -9.261569958326971996e-02 -6.821164669909923761e-01 3.218398345064181765e-01 9.379122594866315388e-02 9.421371073711218846e-01 1.746522988591210890e+01
9.449267940615959649e-01 -1.071708835531028428e-02 -3.271062451436889118e-01 -4.281814280300836550e+00 -2.267241899472082628e-02 9.949190808902634853e-01 -9.809171156904687716e-02 -7.627993759405242713e-01 3.264955078663255850e-01 1.001057770139167080e-01 9.398827155768223474e-01 1.814209330290809419e+01
9.429803496549596931e-01 -7.451044460463236534e-03 -3.327649917811501545e-01 -4.531954528900194568e+00 -2.777796012011779850e-02 9.945001249111895536e-01 -1.009845853183939934e-01 -8.349859303957161138e-01 3.316872721672206037e-01 1.044700129088543955e-01 9.375871011497050045e-01 1.884449331732608357e+01
9.415718950258178399e-01 -6.968345180132519065e-03 -3.367399683220546613e-01 -4.819799669971675193e+00 -2.935864714426942787e-02 9.942825257774640102e-01 -1.026661032732003875e-01 -9.155026042196703351e-01 3.355300847834564726e-01 1.065537480030916695e-01 9.359839012500397182e-01 1.953639758621063294e+01
9.393602205528011062e-01 -5.871746701037563673e-03 -3.428817524383430682e-01 -5.086199463498290996e+00 -3.093981078848376254e-02 9.943246226979920444e-01 -1.017903374592431381e-01 -1.003990120305455980e+00 3.415334620096667217e-01 1.062264910599101109e-01 9.338473266054120314e-01 2.023192670362115919e+01
9.370261291541045479e-01 -6.406230952235446481e-03 -3.492005024722472650e-01 -5.371468593090650501e+00 -3.061254496668725303e-02 9.944772918853873600e-01 -1.003881866138529450e-01 -1.091417869867033819e+00 3.479150858521440903e-01 1.047562706518904291e-01 9.316550967818221229e-01 2.096525187497657328e+01
9.344877808779034067e-01 -6.199680090485300624e-03 -3.559412152389963002e-01 -5.648513422198433886e+00 -3.097479902204660490e-02 9.946404444805915235e-01 -9.864556771240826083e-02 -1.175843712477019798e+00 3.546451055346847570e-01 1.032082859023580462e-01 9.292873083669739298e-01 2.169924850709278985e+01
9.315036543236610012e-01 -5.362722213862853964e-03 -3.636924255943387863e-01 -5.946428774742902768e+00 -3.149595205116555163e-02 9.949464332636024366e-01 -9.533939346938821724e-02 -1.260520792985612148e+00 3.623657665081159163e-01 1.002638332128049092e-01 9.266273348888459660e-01 2.239604285238558390e+01
9.281166107945540977e-01 -2.488910707236148545e-03 -3.722812904374960263e-01 -6.275929685630474708e+00 -3.331275754151607343e-02 9.954110787535100924e-01 -8.970532035034903262e-02 -1.336843067098937077e+00 3.707961957716956469e-01 9.565871480477640409e-02 9.237746447833726782e-01 2.318463928928407469e+01
9.245617060546320598e-01 -3.811118775781778827e-04 -3.810321553925807292e-01 -6.583551123142997952e+00 -3.438910827718172358e-02 9.958349592923840810e-01 -8.444005632551340734e-02 -1.421886972866003296e+00 3.794773285427974763e-01 9.117339907956591161e-02 9.206977633301003383e-01 2.391089031144003485e+01
9.209725920496432128e-01 3.272783093567610720e-03 -3.896136168648523523e-01 -6.908825507279429345e+00 -3.754729007397862584e-02 9.960562314707855913e-01 -8.038771547116213556e-02 -1.497598957366549133e+00 3.878139860144983464e-01 8.866381863765833427e-02 9.174633739890938333e-01 2.466877305305753865e+01
9.171565430573492828e-01 4.719437197090141888e-03 -3.984991833981035847e-01 -7.242936586935971199e+00 -3.915512412735830394e-02 9.961591271917371593e-01 -7.831902461183198882e-02 -1.571797266780402325e+00 3.965989837821979891e-01 8.743409130119955686e-02 9.138186521202992241e-01 2.539918180016444182e+01
9.132330811236907264e-01 4.656591875899293922e-03 -4.074109133164093288e-01 -7.606617610781479577e+00 -3.972154806591880055e-02 9.961889371361215550e-01 -7.765178811903843126e-02 -1.651987825879636329e+00 4.054966589626865514e-01 8.709717432570231177e-02 9.099376600336233079e-01 2.616344854124234232e+01
9.093999603724962633e-01 4.802971561309567899e-03 -4.158949867511907983e-01 -7.956678065960408830e+00 -4.030704723681775847e-02 9.962444927506628467e-01 -7.663062482428938116e-02 -1.715706792337188924e+00 4.139650424830046971e-01 8.645138647270360355e-02 9.061782963958939785e-01 2.692342050394104902e+01
9.054806733097262583e-01 4.769842348768892938e-03 -4.243606899809144739e-01 -8.358205359313080507e+00 -4.043538030031216396e-02 9.963573547446904488e-01 -7.507996884764635281e-02 -1.789742362833609102e+00 4.224567821416519986e-01 8.514264702631067772e-02 9.023751993983974984e-01 2.771378005563460789e+01
9.016723225947688158e-01 5.347350490451082371e-03 -4.323868923961010080e-01 -8.741931856382112898e+00 -4.071856878857500750e-02 9.965304868392171889e-01 -7.258778833458283397e-02 -1.863518995576892268e+00 4.304985754077012561e-01 8.305657549253885052e-02 8.987616956530908308e-01 2.848675585332446047e+01
8.979723094127808336e-01 6.458571524773517800e-03 -4.400045618674589543e-01 -9.142487025148410495e+00 -4.064186972000458087e-02 9.968359194415006286e-01 -6.831096691314141045e-02 -1.934025869754743443e+00 4.381711682293757959e-01 7.922396512569067351e-02 8.953935417100693517e-01 2.926336124909381908e+01
8.938829121954551260e-01 7.128009700035107393e-03 -4.482438250657037604e-01 -9.544996451543772409e+00 -3.947681886889032460e-02 9.972409151795477156e-01 -6.286603160463700990e-02 -1.993557043613544133e+00 4.465589803070990071e-01 7.389011197217254523e-02 8.916980051828730103e-01 3.007978116095663879e+01
8.904559619790600733e-01 6.886486110236459540e-03 -4.550173094730059487e-01 -9.962951950911699939e+00 -3.762038006072171425e-02 9.975768809083199740e-01 -5.852412960614850751e-02 -2.061804648928530437e+00 4.535117305208999916e-01 6.923108446732498256e-02 8.885573539865171400e-01 3.087181043988402962e+01
8.865782756238392848e-01 6.268231335847698586e-03 -4.625361241866155493e-01 -1.040322324757319095e+01 -3.652241924217866642e-02 9.977352638479014546e-01 -5.648412370531826626e-02 -2.127498204322064712e+00 4.611345542677799392e-01 6.697053543331112080e-02 8.847993413596864087e-01 3.168844546311521526e+01
8.834592482855309070e-01 6.516984542896404886e-03 -4.684626784918952680e-01 -1.084563752751364696e+01 -3.674427629247160876e-02 9.977871112190186409e-01 -5.541424825830348899e-02 -2.194965656446627555e+00 4.670648969078909918e-01 6.616955238544022788e-02 8.817437137512685874e-01 3.250125030614251642e+01
8.803119515679146412e-01 5.968928928201444606e-03 -4.743577081930844819e-01 -1.129817599889422475e+01 -3.564081655358377482e-02 9.979270388275668369e-01 -5.358504862289038828e-02 -2.245188594414746497e+00 4.730545458620403210e-01 6.407805494615609332e-02 8.786998372264791524e-01 3.333973340225380610e+01
8.772249025653218180e-01 5.393516928928517550e-03 -4.800493471554906910e-01 -1.177448130322206943e+01 -3.472334264033517109e-02 9.980307506587103861e-01 -5.223897278712259090e-02 -2.308067670837949947e+00 4.788222667389497866e-01 6.249424591927443817e-02 8.756847096013387066e-01 3.417817101824791592e+01
8.746907497583821245e-01 4.044765982567190450e-03 -4.846645515058909393e-01 -1.225661112760095861e+01 -3.333385525953690837e-02 9.980994924370437671e-01 -5.182911681350645811e-02 -2.368600791756063195e+00 4.835338145225361872e-01 6.149018718230769148e-02 8.731632216849342099e-01 3.500714317861392999e+01
8.728722841063455418e-01 3.824855781980732172e-03 -4.879337469276929240e-01 -1.273468474693902763e+01 -3.366262399080868772e-02 9.980588634248783730e-01 -5.239592488657575375e-02 -2.426053090927616562e+00 4.867862023955471518e-01 6.216008102041749306e-02 8.713066751446076896e-01 3.584962638956881875e+01
8.711899393913967726e-01 3.904549953136640141e-03 -4.909305849233065455e-01 -1.323015366012721827e+01 -3.414721566159324706e-02 9.980285614029661412e-01 -5.265888668707373321e-02 -2.486238247221639330e+00 4.897571445836181869e-01 6.263980499291273152e-02 8.696057721052994349e-01 3.671411564341687495e+01
8.706165870443164367e-01 3.432183507978151405e-03 -4.919501739835827614e-01 -1.372625223404751971e+01 -3.321349997564749384e-02 9.981042219921524294e-01 -5.181530198443193291e-02 -2.549761471210655994e+00 4.908397144752726926e-01 6.145064858377859845e-02 8.690800867703346588e-01 3.759291570352701228e+01
8.703545245799774177e-01 4.052353472902399389e-03 -4.924089511454138313e-01 -1.423919637894388579e+01 -3.311992791408521764e-02 9.981835206833215013e-01 -5.032623044632568432e-02 -2.609152611022921064e+00 4.913105692424661330e-01 6.011021144883473694e-02 8.689077579219007808e-01 3.846954361909926234e+01
8.701748754442611977e-01 3.051344966060771415e-03 -4.927335696183636204e-01 -1.475513481774948410e+01 -3.178722081526795529e-02 9.982455018823302995e-01 -4.995488585965144473e-02 -2.666083894326134907e+00 4.917166483634285989e-01 5.913211746130411783e-02 8.687451497192211214e-01 3.936376541387405581e+01
8.696522823494304832e-01 1.484362757492907513e-03 -4.936625361993796646e-01 -1.526457891455176963e+01 -3.027648836990028472e-02 9.982733996972317225e-01 -5.033441925484657964e-02 -2.732803319286610133e+00 4.927354722506839257e-01 5.871981071803089591e-02 8.681956824283084684e-01 4.027110393999689819e+01
8.683990781003628756e-01 -6.500877969713611234e-04 -4.958655197522132130e-01 -1.580110853650252167e+01 -2.824455875939592756e-02 9.983107512176599974e-01 -5.077291552948488135e-02 -2.798281318181525812e+00 4.950608948937379461e-01 5.809665593785518639e-02 8.669137752564368693e-01 4.118636409564226142e+01
8.670374647680227920e-01 -1.288526893530996496e-03 -4.982412763752398499e-01 -1.633675635281892013e+01 -2.684542341825360209e-02 9.984232539346222790e-01 -4.929837004838977244e-02 -2.856475207036625719e+00 4.975192072374903240e-01 5.611903188302350132e-02 8.656357764949501599e-01 4.208870659849284124e+01
8.648121861499872276e-01 -1.378527658826339021e-03 -5.020935942383620842e-01 -1.687724165057091597e+01 -2.485553451645266740e-02 9.986526402329769514e-01 -4.555333799677432904e-02 -2.924607880919993352e+00 5.014798986982124118e-01 5.187488650945727697e-02 8.636127096569362616e-01 4.303528918107551249e+01
8.622273409088319074e-01 -1.013960903221144743e-03 -5.065204629809171299e-01 -1.741882770074811404e+01 -2.302639749848814366e-02 9.988856999505457690e-01 -4.119640146678933690e-02 -2.989046555118694215e+00 5.059978274589465030e-01 4.718400519412058874e-02 8.612432137750483108e-01 4.394536398519977638e+01
8.583455774194216348e-01 -2.415613732428880181e-03 -5.130663011365922399e-01 -1.797622976891836899e+01 -2.062001443604495610e-02 9.990185950881924626e-01 -3.920027690588198666e-02 -3.044410328816827604e+00 5.126574769086854610e-01 4.422681880060291837e-02 8.574533835751099176e-01 4.482538052015078733e+01
8.529904643144020637e-01 -5.032948119074229405e-03 -5.219022244517533826e-01 -1.853006291394089189e+01 -1.917757057060179987e-02 9.989760216791242486e-01 -4.097717571872756120e-02 -3.108959498664987997e+00 5.215740528744662319e-01 4.496195683263691512e-02 8.520205015769297674e-01 4.574037781196551578e+01
8.472173695120136516e-01 -7.806037023037891952e-03 -5.311890332795149439e-01 -1.909852607889417087e+01 -1.849950393966329557e-02 9.988521023523729836e-01 -4.418422806496587890e-02 -3.169059034047355450e+00 5.309241955043257910e-01 4.726037905365872149e-02 8.461004436099986981e-01 4.662252256327220579e+01
8.409079217731794120e-01 -8.012404044776844439e-03 -5.411188989331264798e-01 -1.968647982695997101e+01 -1.868831492333968003e-02 9.988640955912369002e-01 -4.383224217527934702e-02 -3.230977615491764876e+00 5.408554505433228465e-01 4.697148002214984741e-02 8.398029931775421453e-01 4.753450125174494190e+01
8.353180452395928546e-01 -4.978193584904438800e-03 -5.497444633781154444e-01 -2.027177077358628310e+01 -1.963882240746784788e-02 9.990505929293155285e-01 -3.888739457485104051e-02 -3.280129404724691167e+00 5.494161305460774081e-01 4.327967621674447263e-02 8.344272232845746373e-01 4.839757064289803168e+01
8.298085889854693864e-01 -1.384899144414417039e-03 -5.580463974078029299e-01 -2.087574519057947953e+01 -2.117192978231656128e-02 9.991988409911491953e-01 -3.396211995112877191e-02 -3.339679125682999405e+00 5.576463572359017240e-01 3.999697784730803229e-02 8.291144601469386810e-01 4.926193402959288647e+01
8.258803949044813963e-01 -1.122589118896525013e-03 -5.638442222360394718e-01 -2.150233645466410692e+01 -2.267429128843351585e-02 9.991229999710118381e-01 -3.520095860518844544e-02 -3.396497637844256179e+00 5.633892567632947657e-01 4.185654961266767338e-02 8.251306446449055976e-01 5.017540786619719029e+01
8.223887778641120194e-01 -2.782460616121275147e-03 -5.689191064629492978e-01 -2.212190194900551177e+01 -2.386896995754882178e-02 9.989388315718396028e-01 -3.938887019381017568e-02 -3.443474312490454547e+00 5.684249952455440180e-01 4.597247779779600058e-02 8.214496711781158478e-01 5.103380793627846401e+01
8.194944266005098621e-01 -5.335273155040535717e-03 -5.730623118759152756e-01 -2.273016440644821046e+01 -2.581310395852460041e-02 9.985981547118637502e-01 -4.621048706688731661e-02 -3.523122921420554832e+00 5.725055226058718416e-01 5.266175360999673927e-02 8.182079030332816139e-01 5.190274099491220028e+01
8.163370955872457646e-01 -5.800173066347011699e-03 -5.775466197033054527e-01 -2.336829545567573163e+01 -2.674495455234512237e-02 9.984973453716630143e-01 -4.783052098589747614e-02 -3.582357432817695475e+00 5.769562018374431167e-01 5.449228666826404915e-02 8.149552983070873502e-01 5.277948028938597957e+01
8.130935496042115407e-01 -4.712485312590525277e-03 -5.821139626813564005e-01 -2.398733800030913699e+01 -2.589615104239438581e-02 9.986845141521504265e-01 -4.425641874447989316e-02 -3.638117545809682163e+00 5.815567677437358807e-01 5.105911966535620766e-02 8.119019021223280452e-01 5.361734669967583500e+01
8.099905933661050161e-01 -2.912229296971942383e-03 -5.864356324108550567e-01 -2.463040984896024455e+01 -2.438319258369822315e-02 9.989556947054287761e-01 -3.863909911796172686e-02 -3.696864105702279524e+00 5.859357505914921660e-01 4.559647968366466880e-02 8.090737072674174524e-01 5.449577592609431775e+01
8.068239590549728391e-01 -1.256063901660229741e-03 -5.907905844605011447e-01 -2.529036251042453998e+01 -2.469778803313101359e-02 9.990518398239452980e-01 -3.585304252420054572e-02 -3.755799752150378978e+00 5.902754642455523282e-01 4.351831421552776469e-02 8.060279395288408866e-01 5.535776439403175431e+01
8.037187611116697328e-01 -3.420944836552314056e-04 -5.950092681692348284e-01 -2.592635161452437131e+01 -2.630309148816812465e-02 9.990018366771481473e-01 -3.610370818957851780e-02 -3.810897489179888353e+00 5.944277128682008415e-01 4.466781071604377512e-02 8.029075212065994727e-01 5.620606875560866200e+01
8.002619864568877306e-01 -1.849622570700899500e-03 -5.996476674105929439e-01 -2.657370025036384931e+01 -2.583686202193132345e-02 9.989602363234048044e-01 -3.756198683539303113e-02 -3.859690572656419238e+00 5.990936613736863592e-01 4.555244413147304522e-02 7.993821155014052549e-01 5.705931182483395503e+01
7.963811237383029429e-01 -3.923068111470392853e-03 -6.047823643969589824e-01 -2.722628178668340482e+01 -2.545737095495737359e-02 9.988752538482603693e-01 -4.000186946989862935e-02 -3.929096013073141602e+00 6.042590782340754307e-01 4.725290265691051150e-02 7.953855269736086475e-01 5.791840742548465926e+01
7.921504268932659798e-01 -4.883200807532593613e-03 -6.103063561857796637e-01 -2.788702048623337859e+01 -2.491067056128703702e-02 9.988760377650240940e-01 -4.032517473068838315e-02 -3.983394242817245967e+00 6.098173213274499238e-01 4.714674485223666056e-02 7.911384367699190179e-01 5.875814422495646738e+01
7.875361219284251479e-01 -4.773418101262749680e-03 -6.162500011250371390e-01 -2.857214797515481663e+01 -2.486300358142541980e-02 9.989097569675343680e-01 -3.951111912220032357e-02 -4.040214947362945175e+00 6.157667525619512361e-01 4.643825939433993133e-02 7.865588355033431567e-01 5.962378758987989613e+01
7.831536800274750965e-01 -4.922708299137156483e-03 -6.218087109635276333e-01 -2.923973622831763208e+01 -2.473091313136877023e-02 9.989309220232474029e-01 -3.905630560746736757e-02 -4.097036192304108759e+00 6.213362224772094322e-01 4.596498655376162618e-02 7.821946854683524686e-01 6.044292635530747049e+01
7.774910207019183339e-01 -6.063437163791332574e-03 -6.288648025856731216e-01 -2.995420233834784440e+01 -2.430438206162590861e-02 9.989168136694879241e-01 -3.967992472207018673e-02 -4.153349902602961663e+00 6.284242323931609198e-01 4.613495547091975985e-02 7.765014858365347772e-01 6.130044009616186429e+01
7.720483847165136027e-01 -7.344066466882213234e-03 -6.355213203906927566e-01 -3.064458030641156938e+01 -2.391605903747212603e-02 9.988893357538539686e-01 -4.059700827577786275e-02 -4.216504018959938094e+00 6.351136276602376007e-01 4.654201995092971389e-02 7.710152579351204905e-01 6.213494438009558962e+01
7.667901727833493775e-01 -8.138440789015334229e-03 -6.418462346154347742e-01 -3.133521878169814201e+01 -2.391387385162396101e-02 9.988632814188755926e-01 -4.123435113831048354e-02 -4.278609320228619062e+00 6.414522304595037250e-01 4.696712498909823286e-02 7.657239273915288358e-01 6.294190773675083506e+01
7.610533219157610274e-01 -1.003603154004421849e-02 -6.486116799027953350e-01 -3.207952819708678760e+01 -2.281047648001647415e-02 9.988479085071121366e-01 -4.222011219732472315e-02 -4.334618852439447778e+00 6.482881534602857876e-01 4.692689797217124842e-02 7.599475930977850346e-01 6.380150979041616921e+01
7.550668442208984255e-01 -1.183028550924070631e-02 -6.555410719252630081e-01 -3.279658283900867843e+01 -2.193004458771165635e-02 9.988220535241064679e-01 -4.328485388584740745e-02 -4.398880126512526800e+00 6.552809631089581144e-01 4.705900282283687064e-02 7.539179781148648285e-01 6.460646631442031662e+01
7.488566836125953863e-01 -1.255564441448908664e-02 -6.626130204858792228e-01 -3.354332322827393398e+01 -2.146084452582301683e-02 9.988367503714739026e-01 -4.318076303449408515e-02 -4.467662179734409378e+00 6.623844098651430201e-01 4.655643786556815794e-02 7.477161225417633394e-01 6.542287454142042691e+01
7.425366240607568225e-01 -1.266463993060128017e-02 -6.696857176127586353e-01 -3.427954488385503851e+01 -2.063791352835826765e-02 9.989139249079646010e-01 -4.177376192926921666e-02 -4.523837838894839258e+00 6.694874498364564719e-01 4.483946391719782765e-02 7.414688027158676809e-01 6.624255065712515034e+01
7.363711130786709802e-01 -1.307070454871682268e-02 -6.764515739488391466e-01 -3.500569491465757466e+01 -2.010224739829569521e-02 9.989492940803670340e-01 -4.118504025185556333e-02 -4.586482455995949614e+00 6.762791514349346667e-01 4.392567063983853631e-02 7.353346539954644934e-01 6.702986443472391898e+01
7.296324784286206677e-01 -1.421198607709549255e-02 -6.836917851599846330e-01 -3.578351468794853218e+01 -1.943683486275079100e-02 9.989490883475469207e-01 -4.150817236575459618e-02 -4.644550056082446865e+00 6.835632108567640808e-01 4.357451480988967785e-02 7.285894640796408694e-01 6.784101454448754964e+01
7.232354093033488418e-01 -1.652394449064160942e-02 -6.904038622801171865e-01 -3.658543159860609251e+01 -1.822452834391335291e-02 9.989088895366488030e-01 -4.299880231858218410e-02 -4.713293676712503988e+00 6.903610771351652575e-01 4.368054095473460768e-02 7.221451394464479812e-01 6.864215878667293680e+01
7.175086356363958862e-01 -1.569471940421236777e-02 -6.963727625979430069e-01 -3.736599758606131161e+01 -1.997184471773691752e-02 9.988715348124181936e-01 -4.309039792588940238e-02 -4.775670090098375731e+00 6.962632338936061149e-01 4.482558111361436420e-02 7.163855005890455985e-01 6.944341111265944733e+01
7.120499387057698248e-01 -1.598708172156535975e-02 -7.019467848706947288e-01 -3.816659202604020606e+01 -1.936040906245039064e-02 9.989135551688135273e-01 -4.238966729424333002e-02 -4.836590922024631922e+00 7.018618575990648312e-01 4.377353668823563693e-02 7.109668202650853974e-01 7.025735875900480210e+01
7.070770275090099144e-01 -1.494347924308980433e-02 -7.069786137192143327e-01 -3.898632605490017511e+01 -2.121184332061682581e-02 9.988785620423160649e-01 -4.232819428904012471e-02 -4.890995546975322128e+00 7.068183237531939778e-01 4.492561318319247821e-02 7.059671067344976958e-01 7.105778269452852669e+01
7.022180903800644414e-01 -1.555572363525182730e-02 -7.117919383827018276e-01 -3.981837379892913020e+01 -2.130688461241606393e-02 9.988543090518330336e-01 -4.284957401401606053e-02 -4.967314744637826962e+00 7.116430132102929962e-01 4.525581453663716364e-02 7.010821224519075967e-01 7.184440754337943247e+01
6.970648584698635464e-01 -1.720774091661139357e-02 -7.168015535404390626e-01 -4.063266025086438304e+01 -2.175731765933741277e-02 9.987439649454723511e-01 -4.513437325881903411e-02 -5.035747228019057609e+00 7.166778986260328166e-01 4.705726442021866684e-02 6.958149272838362043e-01 7.264127184978273988e+01
6.920559391532220550e-01 -1.971222709405352769e-02 -7.215746638347425579e-01 -4.146650364886578188e+01 -2.139870489241519139e-02 9.986274868563689289e-01 -4.780416255518346591e-02 -5.100793172873908432e+00 7.215266320779065712e-01 4.852391772643169926e-02 6.906842681533816863e-01 7.341231436811050060e+01
6.870418553142021434e-01 -2.022122631121392802e-02 -7.263364105128394810e-01 -4.232260864450130100e+01 -2.209092992675701014e-02 9.985693210066061143e-01 -4.869601620369401473e-02 -5.166030807065097541e+00 7.262819619586703412e-01 4.950164789698646012e-02 6.856122142803666719e-01 7.420884840526638015e+01
6.820934886522994622e-01 -2.036956203804483542e-02 -7.309812198323601962e-01 -4.317578753120690038e+01 -2.089475294778470396e-02 9.986609301628898150e-01 -4.732605940020950114e-02 -5.242525428324620762e+00 7.309664086418387052e-01 4.755446876681568291e-02 6.807545018856344665e-01 7.499748664937601461e+01
6.770877031602529073e-01 -2.041695760133220919e-02 -7.356190454449595961e-01 -4.403879945458338341e+01 -2.036941618053806149e-02 9.987120893661659560e-01 -4.646772504218540240e-02 -5.310755932586253891e+00 7.356203761170770905e-01 4.644685550146154807e-02 6.757997942240421274e-01 7.576545312918466379e+01
6.723555640693816837e-01 -2.082894384952368311e-02 -7.399352271676100656e-01 -4.492270853673478825e+01 -2.041078928820155153e-02 9.987022898739441601e-01 -4.665978904165378471e-02 -5.386059044798639839e+00 7.399468926227253940e-01 4.647463058070203795e-02 6.710579072908653409e-01 7.656761927663183087e+01
6.674579322972785667e-01 -2.189640667760540602e-02 -7.443254971565155254e-01 -4.578386875883632712e+01 -1.947783524934575475e-02 9.987121930953405391e-01 -4.684623065658826552e-02 -5.450955883895904464e+00 7.443927266035311741e-01 4.576573743771261693e-02 6.661718817972313023e-01 7.731640025171792274e+01
6.630175889731806382e-01 -2.252804055898749783e-02 -7.482647617851739819e-01 -4.669608128550326853e+01 -1.863246597759391637e-02 9.987408273323933328e-01 -4.657886923620845054e-02 -5.521958171024273554e+00 7.483719108180250101e-01 4.482462706510471212e-02 6.617629834389868737e-01 7.811294084221371747e+01
6.590376759928093797e-01 -2.336475072200465408e-02 -7.517469119226685148e-01 -4.757989816695144469e+01 -1.734785138351583461e-02 9.987791991639288769e-01 -4.625109074963192762e-02 -5.591178427298138409e+00 7.519098368463746906e-01 4.352240482240718467e-02 6.578277950701583165e-01 7.888833946190275981e+01
6.549994813881309108e-01 -2.589066813431055089e-02 -7.551856342232979857e-01 -4.849159873480288496e+01 -1.476139887447330303e-02 9.987836837900028186e-01 -4.704523480347824055e-02 -5.670438356428324944e+00 7.554851352963855016e-01 4.196220051023735048e-02 6.538206134732686969e-01 7.965484029386948350e+01
6.508921381309561438e-01 -3.027273557932730688e-02 -7.585663948312507676e-01 -4.940719161344086530e+01 -1.211736940186617512e-02 9.986630668608652561e-01 -5.025184831050447803e-02 -5.748044560393985591e+00 7.590735162984232343e-01 4.190036195461689650e-02 6.496551139975761391e-01 8.043117509461922054e+01
6.460990757670196372e-01 -3.443955050480822927e-02 -7.624761576087948356e-01 -5.031410149714551494e+01 -8.039630407988083288e-03 9.986189790301303049e-01 -5.191819590304648513e-02 -5.812195595047711549e+00 7.632112145525929980e-01 3.967432461040597963e-02 6.449299191989149582e-01 8.119904082429067671e+01
6.394982375313476020e-01 -3.863003456824907339e-02 -7.678214074596820815e-01 -5.123528044935041237e+01 -2.251369203151769305e-03 9.986384047833029021e-01 -5.211782630660039689e-02 -5.895112989984490071e+00 7.687892722140259316e-01 3.505790721321758868e-02 6.385405303896484197e-01 8.196524319880992948e+01
6.311686722299728602e-01 -4.207720121223664650e-02 -7.745034572476591217e-01 -5.216340855599619886e+01 2.399083077672482366e-03 9.986286218939778303e-01 -5.229837393084368208e-02 -5.975152563274430229e+00 7.756419027673769895e-01 3.115099673276968198e-02 6.304040491127025359e-01 8.272364688681004452e+01
6.222626597078018129e-01 -4.332466477889236611e-02 -7.816086901524263997e-01 -5.308223084419126536e+01 5.361570089238551842e-03 9.986797414314655397e-01 -5.108842919143071620e-02 -6.050120593735460517e+00 7.827901671793674465e-01 2.759977165382499972e-02 6.216734014164059241e-01 8.345603085457298675e+01
6.131033642889230917e-01 -4.239231517037176517e-02 -7.888644654718396376e-01 -5.404709680328636523e+01 6.786360174163794459e-03 9.988049862561669823e-01 -4.839984216314417720e-02 -6.122026026240324548e+00 7.899735566129773012e-01 2.432058723298986119e-02 6.126583879624943885e-01 8.419804803482001887e+01
6.040688322785244813e-01 -4.167392287275088758e-02 -7.958417671910685831e-01 -5.504405986854976618e+01 5.579632620725408741e-03 9.988284754501531859e-01 -4.806812153778357993e-02 -6.204369321266485215e+00 7.969126199885826489e-01 2.459594892156273527e-02 6.035936771019085878e-01 8.495279598214055738e+01
5.949897984723199196e-01 -4.270410745857404489e-02 -8.025979610744026216e-01 -5.602981244055589372e+01 3.853990435661284672e-03 9.987275955963645924e-01 -5.028256688040307065e-02 -6.274392210746662535e+00 8.037240179253175576e-01 2.682440904460597214e-02 5.943973131740948324e-01 8.565862260074740675e+01
5.849867232175209875e-01 -4.506122212809336031e-02 -8.097901011524473169e-01 -5.702416889512321774e+01 5.322189722513204387e-03 9.986471549708356710e-01 -5.172556564699115622e-02 -6.369093911722745638e+00 8.110254118617545860e-01 2.594891216397838402e-02 5.844351523400601600e-01 8.638337533460712336e+01
5.752327248122838244e-01 -4.637279491748389632e-02 -8.166742704484409865e-01 -5.802624309648237499e+01 4.647128953650396001e-03 9.985609167154935184e-01 -5.342751891144050663e-02 -6.427764615687634020e+00 8.179766056727104662e-01 2.693806620340822786e-02 5.746204185105364681e-01 8.708357319106490024e+01
5.648440274106346637e-01 -4.780698840956656981e-02 -8.238116921823617211e-01 -5.905871496645742980e+01 8.541395027512166394e-03 9.986056497423975165e-01 -5.209415364258459386e-02 -6.514655379324421958e+00 8.251534890039262660e-01 2.238856997836252694e-02 5.644647765185693000e-01 8.777058649515272748e+01
5.546054368905608545e-01 -4.728640119686604304e-02 -8.307687963916311480e-01 -6.008286596546062697e+01 9.171157820120358004e-03 9.986707669171619450e-01 -5.072069734755730447e-02 -6.596528410335169568e+00 8.320629246559099190e-01 2.051086226670654350e-02 5.543019092041023832e-01 8.845883941811104023e+01
5.443611096554636930e-01 -4.779950758316257875e-02 -8.374880157984303519e-01 -6.112605736388690048e+01 9.495450905811303466e-03 9.986623551643389884e-01 -5.082653597439459880e-02 -6.680674327986437788e+00 8.387972521771689394e-01 1.971566267124999841e-02 5.440868268755516546e-01 8.913709656212738253e+01
5.340740409142380463e-01 -4.868443768795583521e-02 -8.440347927666732586e-01 -6.218557031922356515e+01 8.510834911545282072e-03 9.985996258754105126e-01 -5.221448899252463527e-02 -6.754645315303076991e+00 8.453948759378386857e-01 2.070296184084961799e-02 5.337404838372051818e-01 8.978855352557435765e+01
5.237383883769339832e-01 -4.991445256244958495e-02 -8.504155659659577982e-01 -6.326987281470678681e+01 8.726279208213415239e-03 9.985439075476018056e-01 -5.323454442116338364e-02 -6.831969204037235954e+00 8.518344701523434814e-01 2.046001031442159709e-02 5.234113454996468517e-01 9.043945038953120275e+01
5.140291937444585457e-01 -4.987123221951041130e-02 -8.563216888988880449e-01 -6.433608236219154719e+01 6.023449975320786971e-03 9.984936673561072284e-01 -5.453544052241891815e-02 -6.925959196056512113e+00 8.577515480347421839e-01 2.287479716902448765e-02 5.135552928578749343e-01 9.107257239010966998e+01
