7.776147837380916750e-01 -6.283802385154501069e-01 2.129610187870239341e-02 -6.595826741802299864e+01 6.274125750400121326e-01 7.777271961497210784e-01 3.865060220429338000e-02 2.571146693155669993e+01 -4.084983223494163818e-02 -1.669383755640751338e-02 9.990258289924327517e-01 -8.852406871216933482e-01 -4.809208017785018303e-24 -1.416202385148814181e-23 -3.430527606006730092e-24 9.999999999999997780e-01
7.495452518078393744e-01 -6.613705619671460534e-01 2.776500055080250232e-02 -6.555847589317619395e+01 6.606164218145607059e-01 7.500375955721547694e-01 3.208657752499276261e-02 2.609068212338836190e+01 -4.204591206349037047e-02 -5.708326515072016834e-03 9.990993725786972979e-01 -8.930129583548923611e-01 -4.809208017785018303e-24 -1.416202385148814181e-23 -3.430527606006730092e-24 9.999999999999997780e-01
7.211282914183394510e-01 -6.927061575594025689e-01 1.149637313929708846e-02 -6.520604165138425401e+01 6.923530397064029396e-01 7.211592203625338815e-01 2.401348153448014042e-02 2.648684079636966615e+01 -2.492500201350576414e-02 -9.357252021374166256e-03 9.996455302302088564e-01 -9.019469606450540855e-01 9.736672441710565727e-19 -5.561815921434843389e-19 -2.181946939805965803e-20 9.999999999999998890e-01
6.909976208662028663e-01 -7.227181000762896712e-01 -1.417165408022958047e-02 -6.487042859097428504e+01 7.228531176443749873e-01 6.909255866796776280e-01 1.025689929521052257e-02 2.690125602507064784e+01 2.378711638295595999e-03 -1.733151734452639467e-02 9.998469684094053456e-01 -9.077457097507158901e-01 1.089467979822289549e-18 2.823589658974433052e-18 -3.102787179999601718e-20 1.000000000000000000e+00
6.563073946477565590e-01 -7.539558274001879612e-01 -2.848181981506053492e-02 -6.453093362307723169e+01 7.540056419021792244e-01 6.567728869077955611e-01 -1.117439047489181443e-02 2.732337780742131272e+01 2.713108384051465816e-02 -1.414161773284412782e-02 9.995318498865043422e-01 -9.273062854457360116e-01 7.262446943763137728e-19 7.688412544784497095e-18 2.887018644957551951e-20 1.000000000000000000e+00
6.189129771267901647e-01 -7.849650352874771864e-01 -2.786790484035812920e-02 -6.419307149011025615e+01 7.842552354481451271e-01 6.195389292433836070e-01 -3.339522157646059725e-02 2.776771578456443024e+01 4.347933320825117520e-02 -1.186814264325770267e-03 9.990536217119024842e-01 -9.385668197154188874e-01 -7.671473420093912139e-20 1.556211921254372407e-17 1.110855126955427822e-19 1.000000000000000000e+00
5.861168125203410906e-01 -8.099213139004801665e-01 -2.223842104840492717e-02 -6.386849254041986512e+01 8.089627114489424953e-01 5.865145277065146878e-01 -3.974972043155776402e-02 2.825836126227215672e+01 4.523730281724734625e-02 5.307926048258092104e-03 9.989621676294299091e-01 -9.603643390857325990e-01 9.985408518121745966e-19 2.588970809840445775e-17 1.890082919324283353e-20 9.999999999999998890e-01
5.573055305308440843e-01 -8.301549569548057894e-01 -1.591518404266550196e-02 -6.356582810684489004e+01 8.298102028893551418e-01 5.575327180088444079e-01 -2.392269906197926760e-02 2.876363599750649769e+01 2.873278302695781924e-02 1.256703929998775763e-04 9.995871204584828584e-01 -9.314502602749488158e-01 2.073217647930133798e-18 3.471436360340675869e-17 -1.385121431485170400e-19 9.999999999999995559e-01
5.286481239828120238e-01 -8.488044294123275879e-01 -7.886800332256849871e-03 -6.328482209703592787e+01 8.487645950731815825e-01 5.287023964274181198e-01 -8.511061166502667877e-03 2.927616713033019025e+01 1.139399665293473057e-02 -2.194680371657178192e-03 9.999326778430357443e-01 -8.754670116312920358e-01 2.485014927252014480e-18 4.506903642674953585e-17 -1.912350414644409506e-19 9.999999999999992228e-01
4.987663710019004104e-01 -8.667137970510766509e-01 -6.269063639448601774e-03 -6.301056786139523780e+01 8.666991692657572965e-01 4.987989625619982381e-01 -5.669650883579697292e-03 2.979458304757722686e+01 8.040967084852621016e-03 -2.605561052334505381e-03 9.999642763118840039e-01 -8.681973101488155153e-01 4.566423345118526471e-18 5.748765210441379416e-17 -2.095950131113689487e-19 9.999999999999990008e-01
4.712421597553510533e-01 -8.819933763597412879e-01 -4.302432645965186854e-03 -6.274835170756772129e+01 8.818737698480328957e-01 4.712508243720765488e-01 -1.487664554534655521e-02 3.031697916263854253e+01 1.514862776466278753e-02 3.216300079688098629e-03 9.998800800549303425e-01 -8.631505553394691610e-01 4.796146470214076569e-18 7.004653476645790847e-17 -2.152431712521794926e-19 9.999999999999988898e-01
4.457751527692568327e-01 -8.951286151207200614e-01 -5.410689939961159031e-03 -6.250043783783899443e+01 8.948776194524320493e-01 4.457815925693232040e-01 -2.174437696358676175e-02 3.085328106598696252e+01 2.187600001641177433e-02 4.851197629746074533e-03 9.997489217322762522e-01 -8.587120555551400747e-01 5.070359315542016676e-18 8.298142167650019733e-17 -2.960110450796878079e-19 9.999999999999988898e-01
4.226805641994307305e-01 -9.062605547407565076e-01 -5.739997303795696219e-03 -6.226178505672697128e+01 9.060188860622160334e-01 4.227025552457257529e-01 -2.126800148925549888e-02 3.140918534472635315e+01 2.170066235529641979e-02 3.789024905686050240e-03 9.997573328281299521e-01 -8.542952957897576027e-01 5.470656339143362947e-18 9.603992709086925198e-17 -4.018472778619468281e-19 9.999999999999988898e-01
4.030860708898925115e-01 -9.151482456478630123e-01 -5.030699972082762830e-03 -6.202873753805256740e+01 9.150403352834874937e-01 4.031160208749695051e-01 -1.409462728308212912e-02 3.198862657019420297e+01 1.492662918613315431e-02 1.078054543027957401e-03 9.998880104989525952e-01 -8.474593228271584122e-01 6.036073369971538171e-18 1.091023673133354733e-16 -5.196112875651846113e-19 9.999999999999988898e-01
3.858747123736164242e-01 -9.225484806849171271e-01 -2.237663190369829254e-03 -6.180185644397772649e+01 9.225336545101266994e-01 3.858811976089284168e-01 -5.230452000283403527e-03 3.257189787995618246e+01 5.688817697900121900e-03 -4.602043938343010820e-05 9.999838174867289320e-01 -8.427329194369688192e-01 6.332972373206378680e-18 1.208296980403854119e-16 -6.356667183176256824e-19 9.999999999999986677e-01
3.696142954729416119e-01 -9.291841793648287773e-01 1.425973413570810928e-03 -6.157734976760077217e+01 9.291835755685454723e-01 3.696161186556490841e-01 1.344516131326293617e-03 3.316120199510119448e+01 -1.776365876561640349e-03 8.280386924528848700e-04 9.999980794362602898e-01 -8.398889175060795242e-01 6.741455663630563408e-18 1.326184524164183194e-16 -7.451919054862050186e-19 9.999999999999985567e-01
3.555035962418002238e-01 -9.346731186683429060e-01 1.831474260906890529e-03 -6.136180284011107489e+01 9.346679056035617217e-01 3.555078360675421045e-01 3.175646275756882891e-03 3.375718491854029679e+01 -3.619294659660109419e-03 5.828665401827134735e-04 9.999932804638119732e-01 -8.407927659924855357e-01 6.769923857142964163e-18 1.444070019723765574e-16 -8.654559681826174849e-19 9.999999999999982236e-01
3.425467432399287304e-01 -9.395007016796829147e-01 4.002988022312398749e-04 -6.115753528358678892e+01 9.394981450457802197e-01 3.425467593367265140e-01 2.225561387851373880e-03 3.435858110825630263e+01 -2.228037542991057052e-03 -3.862788231313896994e-04 9.999974433154275033e-01 -8.460039965258951966e-01 6.205255476723004024e-18 1.567941969608661176e-16 -9.835702943942573462e-19 9.999999999999976685e-01
3.303141399496873909e-01 -9.438610914330889390e-01 -4.336937636984192733e-03 -6.096112512740617007e+01 9.438709614050146968e-01 3.303085711714988104e-01 1.963676924513980699e-03 3.497122680646195647e+01 -4.209105710646904156e-04 -4.742139751436501814e-03 9.999886674082277827e-01 -8.506581081886021023e-01 6.030116332752425070e-18 1.681174123442382121e-16 -1.086149073121974889e-18 9.999999999999971134e-01
3.199090033511356457e-01 -9.474195367035661564e-01 -7.379095291076698780e-03 -6.076533373185824161e+01 9.474482606019579700e-01 3.199005446494477822e-01 2.331311939755455719e-03 3.559820863828397108e+01 1.518461247575462493e-04 -7.737118677497364060e-03 9.999700565203636371e-01 -8.573843857408975921e-01 4.499209609916377087e-18 1.806693154513903863e-16 -1.134875999582951996e-18 9.999999999999967804e-01
3.117771053552739757e-01 -9.501085759654274154e-01 -9.419684350693872596e-03 -6.057003492968177483e+01 9.501551763799481742e-01 3.117661473105466374e-01 2.647676260447454251e-03 3.622762756495195191e+01 4.211587774622795955e-04 -9.775646686080115277e-03 9.999521285327453990e-01 -8.600419025069842016e-01 3.534482951075588303e-18 1.933060727716954021e-16 -1.134860257690625743e-18 9.999999999999966693e-01
3.058160023150670592e-01 -9.520263877413088771e-01 -1.106027903354501150e-02 -6.037326361055020385e+01 9.520888624420431601e-01 3.058171992538268325e-01 1.624393553266300196e-03 3.686878903846687194e+01 1.835958030213999653e-03 -1.102713402598870518e-02 9.999375138343892244e-01 -8.579827838404111562e-01 3.226440940362804319e-18 2.046691832337752708e-16 -1.132528129677556403e-18 9.999999999999964473e-01
3.012198319716035133e-01 -9.534698367705373157e-01 -1.272333273160411969e-02 -6.017327357365407181e+01 9.535521081370456065e-01 3.012234477540812194e-01 1.676779829410206951e-03 3.752112182081647518e+01 2.233807162083666347e-03 -1.263744008722154227e-02 9.999176492159841390e-01 -8.587692829468539513e-01 2.056953873238716167e-18 2.151083021098593914e-16 -1.121782070310688110e-18 9.999999999999961142e-01
2.978465886940974139e-01 -9.545281252878352607e-01 -1.278544632840843825e-02 -5.997357971327053150e+01 9.546101884613038546e-01 2.978553424892405599e-01 1.258187803281896533e-03 3.817393131931925154e+01 2.607237849894119587e-03 -1.257986427427102739e-02 9.999174712573287716e-01 -8.649501344453162099e-01 5.749036142565663882e-19 2.263171598649309558e-16 -1.082542409364258736e-18 9.999999999999955591e-01
2.956478069918510032e-01 -9.552238664400648505e-01 -1.182113379677840991e-02 -5.977077116973742932e+01 9.552879193665294588e-01 2.956763370359495879e-01 -7.034411344983846140e-04 3.883321448347796689e+01 4.167173300946284964e-03 -1.108461548051872976e-02 9.999298805248021393e-01 -8.673106646381280038e-01 -1.601188589481131339e-18 2.383310670543195958e-16 -1.021443528349540445e-18 9.999999999999952260e-01
2.947593472106272983e-01 -9.555076400543057735e-01 -1.104884744473410250e-02 -5.956598837423369730e+01 9.555579611799271955e-01 2.947970533305679375e-01 -1.918377787476967071e-03 3.950312750192428979e+01 5.090192301845234031e-03 -9.992354353341391035e-03 9.999371194214281555e-01 -8.647253185799972375e-01 -2.938040057546539263e-18 2.485789484240319062e-16 -9.673863955073953185e-19 9.999999999999948930e-01
2.944586133663981697e-01 -9.556039628806149988e-01 -1.073271360121027911e-02 -5.936022847424413840e+01 9.556529700687261819e-01 2.944910961280027828e-01 -1.547611130582776098e-03 4.018055362838784816e+01 4.639591922224827088e-03 -9.801042202355206637e-03 9.999412051508622667e-01 -8.635908013125948024e-01 -5.274100894730366190e-18 2.558208152428496807e-16 -9.382141038919957638e-19 9.999999999999943379e-01
2.934324753379621287e-01 -9.559022540105368559e-01 -1.217633748944046621e-02 -5.915304470915877744e+01 9.559749208101041562e-01 2.934478778697660606e-01 5.419925358107534428e-04 4.087043288612252212e+01 3.055028509856875900e-03 -1.179931147862610559e-02 9.999257187658742163e-01 -8.644923151374747095e-01 -7.100347949358114637e-18 2.645735408302216531e-16 -8.847283718491454987e-19 9.999999999999936717e-01
2.928608701113435964e-01 -9.560962025568323641e-01 -1.060953411222437595e-02 -5.894456034528916177e+01 9.561547854933493129e-01 2.928342511799595371e-01 4.015907631320732654e-03 4.156676227739659168e+01 -7.327590590108495200e-04 -1.132045901645732135e-02 9.999356530656529074e-01 -8.659111398859978825e-01 -8.707164618547646182e-18 2.705430230390955148e-16 -8.682688933983217195e-19 9.999999999999926725e-01
2.924037250238926688e-01 -9.562728166043116262e-01 -6.508595536473121834e-03 -5.872720624084029595e+01 9.562909406655197841e-01 2.923759746933264347e-01 4.891443881747903517e-03 4.226809970278048922e+01 -2.774597854207915514e-03 -7.654387359757586912e-03 9.999668554311738067e-01 -8.723179482098210036e-01 -1.115109538760651002e-17 2.749104065681210678e-16 -8.652256662089086989e-19 9.999999999999918954e-01
2.918322299327498204e-01 -9.564674826620747083e-01 -1.975900453826483390e-03 -5.850687054282056465e+01 9.564686696065083371e-01 2.918285860715928992e-01 1.939178351220078797e-03 4.296833879514150567e+01 -1.278136800374107080e-03 -2.455801620824159519e-03 9.999961676950238632e-01 -8.775152152123387728e-01 -1.393673469433280566e-17 2.831584762792559700e-16 -8.677369872273516849e-19 9.999999999999912292e-01
2.914951140399730800e-01 -9.565722984512570193e-01 1.905952658109987278e-04 -5.828355108859870626e+01 9.565682511221851314e-01 2.914932881643148566e-01 -2.973869578302674489e-03 4.368175543189973098e+01 2.789164017062751612e-03 1.049185831952346212e-03 9.999955598767381604e-01 -8.778658292820953335e-01 -1.729007553913492939e-17 2.939666951725918460e-16 -8.930764477259325918e-19 9.999999999999903411e-01
2.912361552762726125e-01 -9.566449046542983004e-01 -3.468178040091256416e-03 -5.806748447563599314e+01 9.566307189225459195e-01 2.912517264258890348e-01 -5.486298182173888517e-03 4.440651624832023714e+01 6.258552043110293672e-03 -1.719957262572191893e-03 9.999789359148294476e-01 -8.778720478438225561e-01 -2.052824337318248461e-17 3.059031571453283582e-16 -9.471872340252129894e-19 9.999999999999891198e-01
2.909377616623169405e-01 -9.566930336148217195e-01 -9.677720384796174857e-03 -5.784939363555050562e+01 9.566935328885916023e-01 2.910099408921559827e-01 -7.120283081710383939e-03 4.514551067182647159e+01 9.628238058777821920e-03 -7.187053283047344782e-03 9.999278190434585101e-01 -8.787738863710212733e-01 -2.452848938325693207e-17 3.212404161069064927e-16 -9.425471024141260238e-19 9.999999999999881206e-01
2.902591009700936642e-01 -9.569104216535401219e-01 -8.491126835304054973e-03 -5.762436284488658345e+01 9.568967652330703233e-01 2.903240073880301031e-01 -7.781479339952658038e-03 4.587945155173975564e+01 9.911356646337051227e-03 -5.866486604457794331e-03 9.999336724725134129e-01 -8.793611679498506417e-01 -2.742887692687803691e-17 3.365453735581217240e-16 -8.494170516544478537e-19 9.999999999999870104e-01
2.897503021222909703e-01 -9.570947853709477204e-01 -3.786058086896865269e-03 -5.738973707028330296e+01 9.570656987143092431e-01 2.897715448100843250e-01 -7.596062331719645455e-03 4.662226528828563943e+01 8.367243547611197610e-03 -1.422544972757155404e-03 9.999639821519753502e-01 -8.812552127285435688e-01 -2.942283034724940402e-17 3.497425116419574533e-16 -8.088793312245087327e-19 9.999999999999857891e-01
2.900677306391377108e-01 -9.569984963066359152e-01 -3.819647726584381002e-03 -5.716031915613574910e+01 9.569942701411412456e-01 2.900816899310104113e-01 -3.818387601410641249e-03 4.738667997520315822e+01 4.762201060322938245e-03 -2.547789962060927407e-03 9.999854149973351758e-01 -8.770441904408829981e-01 -3.152129480439006222e-17 3.623115112281008155e-16 -8.288841465124246865e-19 9.999999999999847899e-01
2.912542598893078649e-01 -9.566295653707340696e-01 -5.552544911081772061e-03 -5.692974455253912680e+01 9.566456333588443384e-01 2.912475372329432766e-01 2.001057541331412518e-03 4.815854735987834090e+01 -2.971057753301452830e-04 -5.894634376415512633e-03 9.999825823551883319e-01 -8.754860536463221488e-01 -3.297683651894384439e-17 3.754206271464778820e-16 -8.338622413856983165e-19 9.999999999999835687e-01
2.910707791268897782e-01 -9.566707323862446710e-01 -7.675371918699392879e-03 -5.669448068430705945e+01 9.566892164657488928e-01 2.910169775626935684e-01 7.406879809378068800e-03 4.894457698357111042e+01 -4.852281594498139908e-03 -9.498871824002537087e-03 9.999431117805781533e-01 -8.818454417416209390e-01 -3.577879735481056940e-17 3.884180642484919663e-16 -8.120864708177361724e-19 9.999999999999822364e-01
2.908232800787156624e-01 -9.567706836552446470e-01 -3.417405769489414123e-03 -5.644942256779685863e+01 9.567455044893928839e-01 2.907830334542765294e-01 9.125080523068323721e-03 4.973032570181493384e+01 -7.736885914282350118e-03 -5.923373455680290382e-03 9.999525259947504852e-01 -8.979997477133986328e-01 -3.766423847897717805e-17 4.003780116033461062e-16 -7.723832448482809957e-19 9.999999999999810152e-01
2.901983455760728803e-01 -9.569629216647798087e-01 2.624268237390699025e-03 -5.620429296379521844e+01 9.569318138251178274e-01 2.902100847427528940e-01 7.720777361355981444e-03 5.051323358526398266e+01 -8.150086768821064934e-03 2.706889475391120541e-04 9.999667508538387928e-01 -9.086726714192575605e-01 -3.926594463297763010e-17 4.130181939219426708e-16 -7.947312174945405996e-19 9.999999999999794609e-01
2.893514147110820556e-01 -9.572217452604785404e-01 1.513011977808306849e-03 -5.596726454346712387e+01 9.572033366965823076e-01 2.893552432870562519e-01 5.942676106803880878e-03 5.130212997928861540e+01 -6.126256743421950798e-03 -2.712616250573970261e-04 9.999811975209703663e-01 -9.111235191992530513e-01 -4.104779364649988929e-17 4.256167572574229482e-16 -9.107572853960011084e-19 9.999999999999775735e-01
2.900128924185516599e-01 -9.570012769341469383e-01 -6.409225967764910041e-03 -5.573914894115043950e+01 9.570173061051667762e-01 2.899821774471000313e-01 5.311551406544496277e-03 5.211017283412250123e+01 -3.224600176696947647e-03 -7.674158556535055388e-03 9.999653540219181069e-01 -9.202606227806297001e-01 -4.216535378233259941e-17 4.362970871266039234e-16 -1.009849638679296505e-18 9.999999999999754641e-01
2.892699843744941379e-01 -9.572085978456231770e-01 -8.635759981957629589e-03 -5.549443971854910274e+01 9.572464694397847529e-01 2.892714543602847299e-01 1.105638934868231156e-03 5.290967370271604864e+01 1.439751754902279758e-03 -8.586378911074818432e-03 9.999620998878462341e-01 -9.306263119162461184e-01 -4.256918096266860131e-17 4.480279824165690583e-16 -1.011999719673293108e-18 9.999999999999733546e-01
2.884387433732894523e-01 -9.574667273795893774e-01 -7.781855969436876977e-03 -5.524701114248796330e+01 9.574813297580664351e-01 2.884725494609992058e-01 -3.618200146833252823e-03 5.370997248482512987e+01 5.709158084617744003e-03 -6.407352697979686908e-03 9.999631749946598092e-01 -9.317567439966135678e-01 -4.326667197413503441e-17 4.600234729689384583e-16 -1.012301506370190898e-18 9.999999999999713562e-01
2.886011253748286265e-01 -9.573991691063563625e-01 -9.809252107846215540e-03 -5.500333239346176839e+01 9.574226746548756273e-01 2.886544934087300063e-01 -4.517243824014520459e-03 5.452416611941318081e+01 7.156290181653621879e-03 -8.087918738257961204e-03 9.999416848403467339e-01 -9.280996545581163826e-01 -4.289400894857645963e-17 4.686879285624998005e-16 -1.065130061248534456e-18 9.999999999999694689e-01
2.889079826203589940e-01 -9.572344410254618463e-01 -1.531020878310682641e-02 -5.476827862812190517e+01 9.573416727279591143e-01 2.889565607361573307e-01 -1.013738665716126894e-03 5.535123284992622672e+01 5.394370839123197037e-03 -1.436422369342018647e-02 9.998822779912486247e-01 -9.267893533205017187e-01 -4.291936266201595730e-17 4.739659180831956315e-16 -1.127967621055735244e-18 9.999999999999672484e-01
2.889960528919240934e-01 -9.572505121219958557e-01 -1.235874003055950458e-02 -5.451964040216987684e+01 9.573302853533490753e-01 2.889709110135005310e-01 3.812785520706925019e-03 5.617953459070528766e+01 -7.847452671709151341e-05 -1.293327608607404942e-02 9.999163586077909338e-01 -9.277713002959669941e-01 -4.308234078014963101e-17 4.784935828818422608e-16 -1.192252126870264093e-18 9.999999999999651390e-01
2.880052812899873138e-01 -9.576101331447357534e-01 -5.982545250678887941e-03 -5.426279372641936050e+01 9.576135017863462995e-01 2.879597182497308228e-01 7.455324416636834560e-03 5.700728652003404306e+01 -5.416562162469907085e-03 -7.876138912822700650e-03 9.999543126014316385e-01 -9.350302271903403462e-01 -4.254188326155772996e-17 4.818498811872033706e-16 -1.264689624419746158e-18 9.999999999999630296e-01
2.876173942113445792e-01 -9.577026172420066708e-01 -9.051600685414338057e-03 -5.401598731666057063e+01 9.577144326160310639e-01 2.875192627964458514e-01 1.075820989194327219e-02 5.784667882162241881e+01 -7.700656214174299991e-03 -1.176309691020093612e-02 9.999011598378060306e-01 -9.445103637645539951e-01 -4.118724539215275877e-17 4.850612256414280416e-16 -1.345020923123055506e-18 9.999999999999605871e-01
2.881361296622402257e-01 -9.575362504265947372e-01 -1.009454814867425353e-02 -5.376708341279000791e+01 9.575620571351348698e-01 2.880321279469519880e-01 1.060188688974727893e-02 5.867507027542273335e+01 -7.244136835949864864e-03 -1.272094294662566745e-02 9.998928443048732406e-01 -9.608243918028902542e-01 -4.175188681673928771e-17 4.885012638866650431e-16 -1.412917993499157598e-18 9.999999999999581446e-01
2.862839474087493508e-01 -9.581265685921791508e-01 -5.914390410379286381e-03 -5.351339045806717820e+01 9.581414866912318917e-01 2.862612073308046789e-01 4.405979888219029549e-03 5.950625427376954235e+01 -2.528425852104618145e-03 -6.928184135278864925e-03 9.999728032938384192e-01 -9.574196818729007186e-01 -4.323358617425210006e-17 4.922555666514198050e-16 -1.493977608419329228e-18 9.999999999999557021e-01
2.859187800799439239e-01 -9.582401564962564899e-01 -5.123834083366389167e-03 -5.326272572450822196e+01 9.582512529483548924e-01 2.859263777828557340e-01 -8.016926090305786894e-04 6.034442778703906640e+01 2.233253370936195536e-03 -4.680701457514765441e-03 9.999865517162155326e-01 -9.606528480222501498e-01 -4.315509949038581193e-17 4.935076328773483981e-16 -1.602737174299405760e-18 9.999999999999534817e-01
2.858267703982774743e-01 -9.582502171839574201e-01 -7.718716906148274937e-03 -5.301576397310344646e+01 9.582736894801542338e-01 2.858473368519520719e-01 -1.684062024257318218e-03 6.119334337932273371e+01 3.820127472011322807e-03 -6.915293318165934879e-03 9.999687921852676853e-01 -9.674620630378435449e-01 -4.235274096486594835e-17 4.982470628863327924e-16 -1.702039970545016168e-18 9.999999999999512612e-01
2.850904097909767732e-01 -9.584803883154997539e-01 -6.229242319151606470e-03 -5.276031746481659468e+01 9.585003799149607318e-01 2.850890119759050823e-01 1.130023737028240053e-03 6.203804225339088418e+01 6.927829478313646868e-04 -6.292890059754398246e-03 9.999799595924543372e-01 -9.702509967676047342e-01 -4.113695957586841069e-17 5.029674223958568877e-16 -1.791435507790064186e-18 9.999999999999489297e-01
2.843421266322928020e-01 -9.587203964267838607e-01 -2.180939610460410748e-03 -5.250235855359249371e+01 9.587169218804887372e-01 2.843316066970790201e-01 4.171466556600512618e-03 6.289019921158131865e+01 -3.379160007295261593e-03 -3.277027382029722158e-03 9.999889211232434461e-01 -9.691212998803661050e-01 -3.926371615777526867e-17 5.030862960540922441e-16 -1.890162019248103077e-18 9.999999999999464873e-01
2.836360587103541331e-01 -9.589320003223090749e-01 -7.040739218769908345e-05 -5.225449409537355905e+01 9.589120644562854068e-01 2.836296870126894798e-01 6.469411522646860251e-03 6.374465533866015221e+01 -6.183756105732330331e-03 -1.902472884257349088e-03 9.999790706596803913e-01 -9.657158150443913014e-01 -3.716902963886723443e-17 5.044700101042219256e-16 -1.964667447223612030e-18 9.999999999999440448e-01
2.834668343071674035e-01 -9.589660804563808760e-01 -5.532665007809753691e-03 -5.201337667935278120e+01 9.589760232077055857e-01 2.834399004375549591e-01 5.177813522193992768e-03 6.459630452780200471e+01 -3.397169519767448496e-03 -6.773431494701175754e-03 9.999712895204002638e-01 -9.647308240930030365e-01 -3.509287431501530710e-17 5.036014591202228480e-16 -2.034690595591388903e-18 9.999999999999414912e-01
2.835112025008801884e-01 -9.589599789209969360e-01 -4.142086966342396412e-03 -5.176124696602727937e+01 9.589684867171678340e-01 2.835125553856022718e-01 2.691139285027399955e-04 6.544490946403105625e+01 9.162641732294484398e-04 -4.048427683445705687e-03 9.999913853095493410e-01 -9.739544342216980288e-01 -3.387985632208786873e-17 5.040734606063804102e-16 -2.109626455525745190e-18 9.999999999999388267e-01
2.829916172597910506e-01 -9.591183175135576944e-01 -2.792413067961622107e-03 -5.150853063161704881e+01 9.591128360403425868e-01 2.830005910132001867e-01 -3.637750545774769053e-03 6.629742537754576404e+01 4.279287731559906077e-03 -1.648786306873933774e-03 9.999894845448540348e-01 -9.867029625899460532e-01 -3.331126396504507865e-17 5.037773720292872436e-16 -2.187623140510503667e-18 9.999999999999362732e-01
2.835511768381630548e-01 -9.589441170587259533e-01 -4.991039195088666641e-03 -5.125873848858936555e+01 9.589551951149395403e-01 2.835571602222309306e-01 -5.202393514131139172e-04 6.715454540941878747e+01 1.914125366192756051e-03 -4.638668484823332827e-03 9.999874093601540670e-01 -9.915424838269824015e-01 -3.363192965360418898e-17 5.029324715384576578e-16 -2.271107793254062594e-18 9.999999999999336087e-01
2.839159370804781313e-01 -9.588372236824697081e-01 -4.787395189901456384e-03 -5.101115878447432550e+01 9.588402542268023021e-01 2.838882194241008627e-01 5.731120895075117461e-03 6.801796924033691027e+01 -4.136126951506726226e-03 -6.217503780417716654e-03 9.999721171615982840e-01 -9.830092969077141030e-01 -3.486227811634637830e-17 5.052655796014650363e-16 -2.345429725732037754e-18 9.999999999999310552e-01
2.832394048025517197e-01 -9.590429191547663601e-01 -3.481204719715638111e-03 -5.075746976328985482e+01 9.590154385924167801e-01 2.831970830181267940e-01 9.423412951098273857e-03 6.887591277381901023e+01 -8.051590443034906466e-03 -6.007610946587713628e-03 9.999495389779051724e-01 -9.792288747516317837e-01 -3.527716459507101274e-17 5.056281355999827896e-16 -2.416122676375128172e-18 9.999999999999280575e-01
2.832055127573813169e-01 -9.590518302089982017e-01 -3.771540362101942490e-03 -5.050920789510218611e+01 9.590178096374546435e-01 2.831545315235007854e-01 1.040923033287939614e-02 6.972350082588860687e+01 -8.915062657487655973e-03 -6.564925790856880952e-03 9.999387098253826878e-01 -9.858931801508754589e-01 -3.552522419750699712e-17 5.082310455575013988e-16 -2.487970718234023306e-18 9.999999999999249489e-01
2.835904774994631450e-01 -9.589347683921279897e-01 -4.533325541985435206e-03 -5.025535634249448691e+01 9.588904680603370645e-01 2.835204006083050787e-01 1.205208289798812872e-02 7.058791956923133171e+01 -1.027187104869949422e-02 -7.764818594729596020e-03 9.999170946920706848e-01 -1.004063358757874003e+00 -3.577802516017657087e-17 5.087279228925402083e-16 -2.564105544468888206e-18 9.999999999999216183e-01
2.836608223677677953e-01 -9.588984047585012993e-01 -7.098394561762600037e-03 -5.001132082299378112e+01 9.588756116332027846e-01 2.835636533433956719e-01 1.221539675375118983e-02 7.144554176469142703e+01 -9.700477765884727918e-03 -1.027150691574290654e-02 9.999001934577665951e-01 -1.017745312038867311e+00 -3.572927963148875917e-17 5.069223708518876658e-16 -2.642666151065179550e-18 9.999999999999183986e-01
2.837985023662838446e-01 -9.588357897454934387e-01 -9.609284984043130889e-03 -4.976547700711149247e+01 9.588665599100518744e-01 2.837187715483201478e-01 8.864477290646554514e-03 7.229276052969728994e+01 -5.773243552555229821e-03 -1.172974741519090119e-02 9.999145376903708637e-01 -1.028554722186367343e+00 -3.635698442056139007e-17 5.059218130857589168e-16 -2.735559383263357178e-18 9.999999999999154010e-01
2.837551643694610215e-01 -9.588496329413263020e-01 -9.507265751057718609e-03 -4.951471160566983087e+01 9.588945663942864961e-01 2.837618000187093203e-01 6.718555834092030657e-04 7.312965594511078393e+01 2.053590363206869631e-03 -9.307107961458595258e-03 9.999545792225299490e-01 -1.021769848698616423e+00 -3.622339071916856296e-17 5.040379904717244926e-16 -2.846266430473327547e-18 9.999999999999120703e-01
2.834617943467357959e-01 -9.589407296750774856e-01 -9.060249228316628878e-03 -4.926158552467360607e+01 9.589440986600004102e-01 2.835231635715801946e-01 -6.389942394115991596e-03 7.397383859149782381e+01 8.696366545926197122e-03 -6.876967993074134533e-03 9.999385383713429443e-01 -1.019717028113976021e+00 -3.642080618553227617e-17 5.001946284091106251e-16 -2.961409017764771769e-18 9.999999999999085176e-01
2.835455945322328253e-01 -9.589125413697242584e-01 -9.414553910962688080e-03 -4.900835643620581550e+01 9.589238612178675458e-01 2.836053637983353415e-01 -5.746826264647163576e-03 7.483003477353693711e+01 8.180721765131661327e-03 -7.398353118060643600e-03 9.999391682310689866e-01 -1.018054937040689056e+00 -3.714519114325041804e-17 4.988861427738870941e-16 -3.056111182966199600e-18 9.999999999999049649e-01
2.838191421301479167e-01 -9.588441733583707993e-01 -8.034038669024502755e-03 -4.875773907377838157e+01 9.588755236023862594e-01 2.838268772584746080e-01 1.843427440809494342e-04 7.568666215606828018e+01 2.103520141110648990e-03 -7.755963034885458504e-03 9.999677095989256692e-01 -1.011308842968616117e+00 -3.670481404233671482e-17 4.976694772665776895e-16 -3.156389887656147083e-18 9.999999999999015232e-01
2.835405995287416103e-01 -9.589332328396481531e-01 -7.196066613944740627e-03 -4.850644387832286952e+01 9.589466564886792721e-01 2.834886719617910611e-01 7.448683026285661361e-03 7.654566711896850961e+01 -5.102786327088205259e-03 -9.012648070284940902e-03 9.999463654349511899e-01 -1.008699240673667008e+00 -3.663626518684488844e-17 4.966519694623679571e-16 -3.269594843522154862e-18 9.999999999998979705e-01
2.833776457669636706e-01 -9.589820543588921664e-01 -7.108396254030507032e-03 -4.825593222014438766e+01 9.589645494819483140e-01 2.832860229461180435e-01 1.166284873292982444e-02 7.739978634136515723e+01 -9.170753333283331726e-03 -1.012169062815975427e-02 9.999067199805383721e-01 -1.014423042603866065e+00 -3.646697897607337845e-17 4.944436037875073244e-16 -3.400797866540538107e-18 9.999999999998943068e-01
2.832620160890935157e-01 -9.590168825732847679e-01 -7.017776050574109879e-03 -4.800468365478517541e+01 9.589984005918232857e-01 2.831711701180537610e-01 1.166859360067275427e-02 7.825163289728425298e+01 -9.203146403095500278e-03 -1.003530535646319360e-02 9.999072930741130794e-01 -1.024166425831112948e+00 -3.490005979555597816e-17 4.883439520329620418e-16 -3.563334652862267872e-18 9.999999999998908651e-01
2.839152932551078923e-01 -9.587947782013869213e-01 -1.023130244679430062e-02 -4.775963195140855788e+01 9.588302436399583906e-01 2.838260795323531149e-01 9.344541666748112929e-03 7.910041914986199174e+01 -6.055587292812315489e-03 -1.246314050546258774e-02 9.999039953872563835e-01 -1.034036161287632982e+00 -3.312405476584233088e-17 4.802310660762166256e-16 -3.710025260716384099e-18 9.999999999998869793e-01
2.841790124818729391e-01 -9.586879922146883670e-01 -1.263417778639468712e-02 -4.751056406759044393e+01 9.587643062715311970e-01 2.841021713462221765e-01 7.547268139492304198e-03 7.994998108219826349e+01 -3.646077997100140907e-03 -1.425797390749939698e-02 9.998917022835094315e-01 -1.041127459099063568e+00 -3.042680695049611260e-17 4.719141750963480673e-16 -3.873514945825051128e-18 9.999999999998830935e-01
2.834386673349259533e-01 -9.589079082381584129e-01 -1.257558658131297490e-02 -4.725799219088504799e+01 9.589857875822936917e-01 2.833724227653517391e-01 6.806557985454047763e-03 8.080662327385307719e+01 -2.963287842925287074e-03 -1.398905052652319424e-02 9.998977574685583569e-01 -1.044586397785960186e+00 -2.751298409565005961e-17 4.656821054611344812e-16 -4.013680749397993038e-18 9.999999999998792077e-01
2.825424264010537589e-01 -9.591755763645586352e-01 -1.232846256706261398e-02 -4.700521093313009402e+01 9.592451113427642451e-01 2.824584634740361366e-01 8.126055454550785984e-03 8.166146832984125581e+01 -4.312035330533972241e-03 -1.412197287302386153e-02 9.998909821743621196e-01 -1.048934276562974777e+00 -2.426778138654611262e-17 4.588587008555169526e-16 -4.166857875036099734e-18 9.999999999998750999e-01
2.824232874972879004e-01 -9.591933024168880495e-01 -1.361232081449916496e-02 -4.675782153761904425e+01 9.592579247705341761e-01 2.822696095923578619e-01 1.216968635054452644e-02 8.251886043308336127e+01 -7.830737158037368723e-03 -1.649472944275736513e-02 9.998332878316784633e-01 -1.049781510680221075e+00 -2.176089305412187147e-17 4.525590236719393340e-16 -4.302746513119660364e-18 9.999999999998711031e-01
2.821615806366037371e-01 -9.592763339610707041e-01 -1.318171138403092212e-02 -4.650779455637408688e+01 9.593207287613887413e-01 2.819865725327609929e-01 1.368620766748097906e-02 8.337275046625039465e+01 -9.411789503828151340e-03 -1.650721095962662255e-02 9.998194488030356375e-01 -1.056154182095087934e+00 -1.910309739518780028e-17 4.444156642442168441e-16 -4.460933534573013717e-18 9.999999999998671063e-01
2.811997591106579764e-01 -9.595744419463964059e-01 -1.198273088748294524e-02 -4.625401407461138348e+01 9.596089720187547245e-01 2.810516227183048610e-01 1.267304970788202430e-02 8.422409261242930256e+01 -8.792968640712562831e-03 -1.506239459396715302e-02 9.998478924175011606e-01 -1.062217775061647940e+00 -1.709390549575042557e-17 4.355989997805573858e-16 -4.551019423875413765e-18 9.999999999998629985e-01
2.805873417832698835e-01 -9.597310525740543330e-01 -1.367663541409208997e-02 -4.601235072118434744e+01 9.598002836058383558e-01 2.804413572900009699e-01 1.166450649984398201e-02 8.507720528342750299e+01 -7.359294902201244000e-03 -1.639975142122200580e-02 9.998384314138003548e-01 -1.077870038505503558e+00 -1.517469452039255998e-17 4.302824570509413377e-16 -4.557909411793554296e-18 9.999999999998588907e-01
2.798564027790173547e-01 -9.599497665700628124e-01 -1.329810083530983886e-02 -4.576618604788578182e+01 9.600176576253252048e-01 2.797241194872909786e-01 1.097788800466027379e-02 8.593458023895829001e+01 -6.818421480533928478e-03 -1.583864386187236462e-02 9.998513121906071888e-01 -1.090975429014215292e+00 -1.372034693682992872e-17 4.258569801529347214e-16 -4.581864403361463646e-18 9.999999999998547828e-01
2.784059140235257690e-01 -9.604214161442397035e-01 -8.991687737986199871e-03 -4.551326596800009838e+01 9.604480258141778748e-01 2.783360735984601320e-01 8.283709546395068291e-03 8.677835643603734184e+01 -5.453140993500087304e-03 -1.094228246445390004e-02 9.999252620610835640e-01 -1.092391758894124765e+00 -1.054470359543962754e-17 4.235174317340027449e-16 -4.581909816152652657e-18 9.999999999998508970e-01
2.771003144708554800e-01 -9.607396866837706328e-01 -1.395242455940695972e-02 -4.527335977549446966e+01 9.608404739580626019e-01 2.770558403917828261e-01 5.064080298203718980e-03 8.762475377938251597e+01 -9.996622072682337292e-04 -1.480931246965916555e-02 9.998898364018935503e-01 -1.093910333543458790e+00 -6.294755383889513142e-18 4.199402537398803738e-16 -4.583380940789330586e-18 9.999999999998469002e-01
2.763567605113791403e-01 -9.608133691381058883e-01 -2.155482788852258053e-02 -4.504153362129083860e+01 9.610462113513010829e-01 2.763812456163598497e-01 1.893863587325636446e-03 8.847795279093126908e+01 4.137700726807647285e-03 -2.123856768443237522e-02 9.997658739302773823e-01 -1.104343344531632187e+00 -4.605950030078553469e-18 4.147534060189740106e-16 -4.651478589059032714e-18 9.999999999998425704e-01
2.750816051075271051e-01 -9.611464723182360226e-01 -2.296887637314234953e-02 -4.480556355528504753e+01 9.614065135783587124e-01 2.751295906624511289e-01 1.106341473134853613e-03 8.932700709667163608e+01 5.256061350392954475e-03 -2.238676154293612122e-02 9.997355684013985444e-01 -1.106511369172165304e+00 -8.452785848744508858e-19 4.089542568556364642e-16 -4.822647004176665112e-18 9.999999999998382405e-01
2.737828499521899883e-01 -9.615548732494543227e-01 -2.133487291858005702e-02 -4.456545479429567536e+01 9.617888194694159676e-01 2.737673941293409241e-01 3.698737042004604340e-03 9.018115290912764692e+01 2.284253935348740713e-03 -2.153229300646928093e-02 9.997655437861493466e-01 -1.094491272859784647e+00 2.722900730344890743e-18 4.036815201302997121e-16 -5.054743674734243677e-18 9.999999999998335776e-01
2.733076708146245926e-01 -9.617482314448143610e-01 -1.852717967818101955e-02 -4.432728935600934506e+01 9.619247701414804785e-01 2.732181598799949818e-01 7.250772407730880255e-03 9.103512880941177343e+01 -1.911455600349466592e-03 -1.980344477166324710e-02 9.998020653673616032e-01 -1.085334655095178125e+00 6.825043821277611936e-18 3.995099980844165654e-16 -5.211785108877693782e-18 9.999999999998289146e-01
2.722312503703002706e-01 -9.620360937750334074e-01 -1.940877626414372684e-02 -4.409533807693963325e+01 9.622227835396670592e-01 2.720857051322698728e-01 9.832797176815774587e-03 9.189130699960284687e+01 -4.178655211327117133e-03 -2.135236139206020053e-02 9.997632797336538646e-01 -1.089220705458880500e+00 1.141472553648782487e-17 3.958843323415756722e-16 -5.369281811495956602e-18 9.999999999998241407e-01
2.713350598383953982e-01 -9.623249874721997443e-01 -1.754718750402365149e-02 -4.386460446017550652e+01 9.624710069323311190e-01 2.711878895116008326e-01 1.032905597759303101e-02 9.274145131921784468e+01 -5.181323918201931854e-03 -1.969129424757775151e-02 9.997926819163569512e-01 -1.098301751419637817e+00 1.756208856078330139e-17 3.909804923305700374e-16 -5.537757076452193581e-18 9.999999999998190336e-01
2.698794197541010131e-01 -9.627898148317678428e-01 -1.417290547416556919e-02 -4.362777611066997707e+01 9.628721436433756997e-01 2.697445633824752664e-01 1.072872414118232996e-02 9.359632788560864469e+01 -6.506442130325852842e-03 -1.654215772148482158e-02 9.998419991323235223e-01 -1.110618772690581846e+00 2.118082683513564020e-17 3.871589414731071768e-16 -5.666301768442420066e-18 9.999999999998137046e-01
2.689730938282115513e-01 -9.630427817855348183e-01 -1.421531735283989781e-02 -4.340141294585926346e+01 9.631108109047321619e-01 2.688043392428733358e-01 1.271979257420798905e-02 9.444871338826548879e+01 -8.428565436288995225e-03 -1.711220778449566021e-02 9.998180492617809723e-01 -1.115698942901938606e+00 2.624824297131273507e-17 3.821261956411300891e-16 -5.802744618111399950e-18 9.999999999998082645e-01
2.685853371490878883e-01 -9.630689581085967177e-01 -1.897626402428818221e-02 -4.318277100874699670e+01 9.632190020149523635e-01 2.683505150410485096e-01 1.404119777773327367e-02 9.529804063302823636e+01 -8.430351489974204429e-03 -2.204955793455161753e-02 9.997213342571322769e-01 -1.113947558519774894e+00 3.370297578672162996e-17 3.763395139439312047e-16 -5.948657287468795516e-18 9.999999999998029354e-01
2.683327876942339651e-01 -9.630365425103876165e-01 -2.362483519666863305e-02 -4.296477957841985074e+01 9.632980130387704953e-01 2.680563528412219232e-01 1.423832074158962700e-02 9.615093080135801529e+01 -7.379236018890848910e-03 -2.657836509998844424e-02 9.996194963007731804e-01 -1.118605463524344534e+00 4.241977836826012896e-17 3.707324554682409755e-16 -6.066841745784272610e-18 9.999999999997977174e-01
2.687640972448993582e-01 -9.628494101193016963e-01 -2.620827093192650697e-02 -4.273871964204754903e+01 9.631923722427480072e-01 2.685158701201356135e-01 1.263651643238602323e-02 9.699874087764911224e+01 -5.129725719306994086e-03 -2.863984858256629629e-02 9.995766328738595607e-01 -1.127822930991115635e+00 5.000370616617064548e-17 3.687088220274232061e-16 -6.242859923047765393e-18 9.999999999997927214e-01
2.702766213738831413e-01 -9.623846645753768581e-01 -2.768222045023062405e-02 -4.250514543097239795e+01 9.627703697304396124e-01 2.700158390725637125e-01 1.283206217231904790e-02 9.784442887147123713e+01 -4.874741867309901125e-03 -3.011982802701441281e-02 9.995344080378567586e-01 -1.141472628982070026e+00 5.802943367190430536e-17 3.653225678065766103e-16 -6.506340146664489792e-18 9.999999999997873923e-01
2.714278168937015456e-01 -9.620806690994514465e-01 -2.697640379427116569e-02 -4.226569564553532388e+01 9.624273200247588367e-01 2.710856134645473481e-01 1.569215864891905163e-02 9.869596509208518853e+01 -7.784207520983184130e-03 -3.022211637204460372e-02 9.995128962627300995e-01 -1.153478505201104509e+00 6.892268227540491932e-17 3.618461900860609269e-16 -6.869564966237798813e-18 9.999999999997820632e-01
