1.000000000000000000e+00 -3.306050084167601550e-19 -2.270457535318767223e-19 -8.673617379884035472e-19 7.546676715296109287e-19 1.000000000000000000e+00 6.237773588823049983e-19 1.387778780781445676e-17 -3.447385680526250622e-20 4.770700176052009879e-20 1.000000000000000222e+00 5.551115123125782702e-17
9.998918825940885657e-01 1.406520015320080787e-03 1.463397422629617722e-02 -7.205981442534437065e-02 -1.397735673605925155e-03 9.999988224564829720e-01 -6.102785943019699549e-04 1.455405687832317385e-02 -1.463481729286035191e-02 5.897516509694380885e-04 9.998926916703149148e-01 7.752846165051319183e-02
9.992975367531667930e-01 3.772592508110936532e-03 3.729726444976543681e-02 3.085656716427993135e-02 -3.784080258414761373e-03 9.999927968062272132e-01 2.375364613571768243e-04 1.383675522919722289e-03 -3.729610304294072448e-02 -3.784837250577811636e-04 9.993046657539608191e-01 2.432617050350792676e-01
9.979639654784051572e-01 5.994861932566412747e-03 6.350512439438842083e-02 6.260608629218611387e-02 -6.057946067734432463e-03 9.999813348724952977e-01 8.010948869435264609e-04 -1.637985907759736959e-03 -6.349914011565004068e-02 -1.184128036616405007e-03 9.979816758530182241e-01 4.247901160252496866e-01
9.952930301393557722e-01 5.819267367892046183e-03 9.673871916852090636e-02 1.012090616732099491e-01 -6.130426780161874790e-03 9.999769610241442397e-01 2.920302491905521144e-03 1.340288254920057875e-02 -9.671950923841488024e-02 -3.499574092498451260e-03 9.953057396371290944e-01 5.883881898345122430e-01
9.909142880703685208e-01 2.185674114533660631e-03 1.344764740408503634e-01 1.884704421506911143e-01 -2.989182957045604608e-03 9.999788832793903293e-01 5.773827460493442462e-03 1.199864019821753058e-02 -1.344610146806438367e-01 -6.123397448674933186e-03 9.908998746478610009e-01 7.838154645081288896e-01
9.847538375182899317e-01 -1.389045093609399088e-03 1.739722166016295091e-01 2.633740360790652879e-01 2.134401288346460658e-04 9.999770266110306061e-01 6.775024240583085722e-03 9.480686928257570090e-03 -1.739776464405976830e-01 -6.634591162869200344e-03 9.847315305850352640e-01 9.770643241335685847e-01
9.763382277114512897e-01 -1.628663075029645503e-03 2.162827064403309296e-01 3.565254872605582159e-01 -9.762632500469815204e-05 9.999682293166625158e-01 7.975275472345296976e-03 8.955927222112983199e-03 -2.162888413749200212e-01 -7.807799112492818695e-03 9.763070755150686786e-01 1.187364697108276079e+00
9.641087352287164292e-01 -1.510756230626361359e-03 2.654829705065007150e-01 4.507998292207102686e-01 -1.402673600571722459e-03 9.999408510677856299e-01 1.078584750880269214e-02 1.549928682779681821e-02 -2.654836042625980386e-01 -1.077123007309213967e-02 9.640496287341684400e-01 1.406270731689211795e+00
9.495485012297155691e-01 -5.328581369469419238e-03 3.135591089263989328e-01 5.672959380210520486e-01 -1.833267985220432604e-04 9.998460736250083247e-01 1.753950232585976127e-02 1.896929759964399720e-02 -3.136043272614954525e-01 -1.671174134418152574e-02 9.494013278743108630e-01 1.633822735276793781e+00
9.327033454691304737e-01 -1.484448246011879462e-02 3.603501123781705506e-01 7.174180593735860478e-01 5.943097993398252163e-03 9.996495557881801552e-01 2.579339191366466014e-02 1.356933839196046432e-02 -3.606067555606272124e-01 -2.191659081759138317e-02 9.324645988571307331e-01 1.853592721400783461e+00
9.114413036636854759e-01 -2.170157578842379573e-02 4.109217101277888862e-01 8.767061585061559637e-01 9.432256479071147309e-03 9.994476698511077783e-01 3.187178552762851697e-02 1.569054890786333867e-02 -4.113863083198265325e-01 -2.517498525636686219e-02 9.111425244405291224e-01 2.087471878285338978e+00
8.871101054133880837e-01 -2.327039787657416911e-02 4.610008268113568453e-01 1.063677349291614505e+00 7.688954422953114820e-03 9.993347360413062930e-01 3.564224028218034718e-02 1.873212609525572170e-02 -4.615237553799290682e-01 -2.807373638731454693e-02 8.866988672512081671e-01 2.323818066337657751e+00
8.582726353078239390e-01 -2.527960857867003752e-02 5.125218643639848359e-01 1.254057231425778518e+00 5.547903463108796833e-03 9.991846122643831540e-01 3.998154791008691478e-02 4.057481480374745125e-02 -5.131151112908965972e-01 -3.146756946728144350e-02 8.577132550904519315e-01 2.545668351292958764e+00
8.260365815129436795e-01 -3.094437397866509065e-02 5.627908528352736361e-01 1.471121439981710521e+00 6.854645477616750325e-03 9.989694679148664047e-01 4.485200794572498373e-02 4.222994855366556805e-02 -5.635991868018066508e-01 -3.319090293063023389e-02 8.253973309661722935e-01 2.787449568803077149e+00
7.906662045591307253e-01 -3.649620294037043966e-02 6.111610527646879065e-01 1.711117896677641248e+00 8.967036190595066916e-03 9.988049437968645750e-01 4.805410564049505256e-02 5.074112384431816308e-02 -6.121841413487837391e-01 -3.251666935690532972e-02 7.900486003317490624e-01 2.986745640953950343e+00
7.522392751059481242e-01 -4.068825186050113035e-02 6.576498305209990125e-01 1.972677092413669175e+00 9.686970580741608924e-03 9.986665322152440405e-01 5.071389292436602469e-02 6.759109283962340398e-02 -6.588362288736235861e-01 -3.177908763302243755e-02 7.516303703140008174e-01 3.217231950057493961e+00
7.130163442587745815e-01 -4.381348249074488305e-02 6.997552686798520494e-01 2.269954438544798059e+00 1.040608297899235472e-02 9.985968140942921289e-01 5.192927602584845176e-02 7.939241969888508055e-02 -7.010486397052734242e-01 -2.974214282567467713e-02 7.124721606891392112e-01 3.428827740423690429e+00
6.703655602400425684e-01 -4.624926255252262419e-02 7.406583943376725543e-01 2.564196158367632705e+00 9.551916570203313958e-03 9.985108412757695007e-01 5.371578466666763335e-02 9.394887679805850877e-02 -7.420397510907359440e-01 -2.893630536607714326e-02 6.698090514222680980e-01 3.641011233776480616e+00
6.280226259237818853e-01 -4.585647425506301361e-02 7.766974336760852360e-01 2.905475477394976469e+00 5.005752304639289087e-03 9.984798462944542985e-01 5.489189322956358752e-02 1.227737757887288478e-01 -7.780334206155971044e-01 -3.058821461889844537e-02 6.272972642815504152e-01 3.855836283302506384e+00
5.870923031630803646e-01 -4.738402424181995670e-02 8.080768936130974245e-01 3.246936486056359428e+00 2.415758330441267285e-03 9.983832389763840354e-01 5.678654921012199486e-02 1.352914671594024898e-01 -8.094618832052586921e-01 -3.137722515636488102e-02 5.862580756431284845e-01 4.042325276918314003e+00
5.459092547922964611e-01 -4.849996606555659340e-02 8.363516009816458485e-01 3.640883389652937563e+00 2.077252293044342399e-04 9.983309164367202282e-01 5.776615700847502477e-02 1.589242710020731253e-01 -8.377566554918994823e-01 -3.136621147123296732e-02 5.450082475789670422e-01 4.265734983071491904e+00
5.076294237751086680e-01 -5.092364533272301236e-02 8.599958129387090811e-01 4.058451515115407915e+00 -9.003975035040902471e-04 9.982195333612846611e-01 5.963936555296494441e-02 1.751164769133786991e-01 -8.615022412841366606e-01 -3.104079105149021300e-02 5.066801776139729929e-01 4.466479941132767806e+00
4.706128551140069116e-01 -5.077907142095501591e-02 8.809969176944895120e-01 4.477833046221518565e+00 -3.976320583043631805e-03 9.982106329444757620e-01 5.964968113352567269e-02 1.992990207037357298e-01 -8.824499822433515828e-01 -3.157352838115345950e-02 4.695684954505813802e-01 4.672647066913593328e+00
4.333770493729038886e-01 -4.930231511586895959e-02 8.998219984349302702e-01 4.949750840703518229e+00 -5.569457879217015912e-03 9.983368875556278832e-01 5.738048544943264578e-02 2.232572548053603501e-01 -9.011544661294237368e-01 -2.987939635380998729e-02 4.323816913330345568e-01 4.845861489952788759e+00
3.999445819171507654e-01 -4.876215268098465366e-02 9.152225136556281226e-01 5.444323839542379417e+00 -4.216716542760895817e-03 9.984750213853330614e-01 5.504600091501230669e-02 2.468714316237938244e-01 -9.165116450484021016e-01 -2.586398188122486161e-02 3.991295550322483399e-01 5.061757169113591637e+00
3.710092341573333341e-01 -4.756078207681480735e-02 9.273243591853671530e-01 5.958808606221646542e+00 -2.028526092490847560e-03 9.986435906076522873e-01 5.202892793902925278e-02 2.683237243560044893e-01 -9.285411762367365984e-01 -2.118019145505536938e-02 3.704096802418048728e-01 5.232503909224987204e+00
3.453048817002422055e-01 -4.587758257670781353e-02 9.372171134643030310e-01 6.509879997992038092e+00 -1.099037811030339649e-03 9.987840667844203324e-01 4.929843842983258617e-02 2.968338961505944118e-01 -9.383388169987433303e-01 -1.805559665323643384e-02 3.448347382581201659e-01 5.412612714361349830e+00
3.241785468915644453e-01 -4.436296908787298876e-02 9.450919158841600831e-01 7.082347975574210253e+00 3.905630547416570294e-04 9.989062630422053113e-01 4.675088213154215966e-02 3.225036385074719902e-01 -9.461324792513180482e-01 -1.478683978576130278e-02 3.238410566700818394e-01 5.600397634659462831e+00
3.100377214321475838e-01 -4.597564022453271698e-02 9.496381043773708397e-01 7.682696856198824698e+00 9.296298835425782520e-04 9.988445729093298198e-01 4.804372402735651582e-02 3.502041476229128536e-01 -9.507497832202642662e-01 -1.401437852140617786e-02 3.097218888555442473e-01 5.786585578537257746e+00
2.975410623784535691e-01 -4.712235617900596696e-02 9.535213906341775125e-01 8.296982782050115190e+00 1.576020569698661751e-03 9.988038967240080446e-01 4.887186011838099559e-02 3.739273094934869035e-01 -9.546841130833353395e-01 -1.303244798447167861e-02 2.972597247735760950e-01 5.980793490263102363e+00
2.860076977161267187e-01 -4.933962113654095233e-02 9.569386724057507010e-01 8.960276378456553559e+00 1.098382401227662166e-03 9.986895895946326096e-01 5.116912538482613210e-02 4.053641581926021309e-01 -9.582095905084652143e-01 -1.357862047361040221e-02 2.856874237163861685e-01 6.184604359501812532e+00
2.767608245433864078e-01 -5.109852536668155892e-02 9.595966900691313972e-01 9.630980741227729069e+00 -1.218299341711514281e-03 9.985654955035763169e-01 5.353577707996772655e-02 4.387136478526940664e-01 -9.609560335268130249e-01 -1.598012620605442080e-02 2.763019417576181302e-01 6.369141762824147790e+00
2.650938194452400198e-01 -5.228625536696449722e-02 9.626915315003575779e-01 1.033674292938046513e+01 -2.765725443401884781e-03 9.984838079308238079e-01 5.499072668359589883e-02 4.709074472234101583e-01 -9.641057583996818225e-01 -1.725808908112261980e-02 2.645467944588820175e-01 6.566699642964220374e+00
2.551299099098197631e-01 -5.477540350881631576e-02 9.653109299697022472e-01 1.105447559056293727e+01 -2.831576453114065077e-03 9.983469465749563732e-01 5.741340608131874357e-02 5.015844987910423880e-01 -9.668604917447422009e-01 -1.737279805235987865e-02 2.545537667127796277e-01 6.751638091079090742e+00
2.456923250327252284e-01 -5.607221783827277817e-02 9.677915977006745774e-01 1.180640055203886263e+01 -3.514787337164327393e-03 9.982676925123552536e-01 5.872510519578142546e-02 5.436844421669826399e-01 -9.694083490726458363e-01 -1.782566591140698209e-02 2.450695240665911323e-01 6.939548133631933347e+00
2.344353286972788719e-01 -5.708457297527724100e-02 9.704611829997452643e-01 1.257674852846800739e+01 -4.544323507735275117e-03 9.981983526297485421e-01 5.984143436746389849e-02 5.738864746116427717e-01 -9.721293301720430602e-01 -1.842922389867082678e-02 2.337544697225866497e-01 7.121420987267225833e+00
2.236044346448816944e-01 -6.039027742506095087e-02 9.727686278023788269e-01 1.335688699268791702e+01 -5.406477077769744448e-03 9.979868263723103983e-01 6.319676795459151786e-02 6.129330754874608989e-01 -9.746257392894358551e-01 -1.940567396709752535e-02 2.228273034216279314e-01 7.302125568455330118e+00
2.126878715842417666e-01 -6.450271409805781453e-02 9.749957970383774652e-01 1.414529541959862335e+01 -7.519197033094388374e-03 9.976819070010959356e-01 6.762356940450792164e-02 6.580288908056105557e-01 -9.770970356158138470e-01 -2.172449242896297428e-02 2.117088159800539493e-01 7.477471227460704917e+00
1.993189787193304918e-01 -6.790822496208846759e-02 9.775199935105898241e-01 1.495490651906504986e+01 -8.184350856357562945e-03 9.974463111996751952e-01 7.096109737286422636e-02 6.945838392013798934e-01 -9.798407545485364745e-01 -2.216712309097639347e-02 1.982535260752571471e-01 7.646421379950033348e+00
1.871215674237595716e-01 -7.001883959353379094e-02 9.798564803345769514e-01 1.575925969912196223e+01 -8.600212012057292105e-03 9.973007689050715774e-01 7.291798750446908117e-02 7.375157963165028807e-01 -9.823186328988267046e-01 -2.205648112565035401e-02 1.860151069275471913e-01 7.804501466676911470e+00
1.717764024716901539e-01 -7.088391686482728438e-02 9.826086438692088754e-01 1.658091591717357005e+01 -9.040402154332476820e-03 9.972522133216235041e-01 7.353417847604572233e-02 7.754748426519709747e-01 -9.851212507068800583e-01 -2.151513301957889285e-02 1.706638427170852901e-01 7.942775036152643686e+00
1.582232682182304617e-01 -6.967169096542333295e-02 9.849813525318658058e-01 1.739354829224851784e+01 -1.078040491676883483e-02 9.973255498423454490e-01 7.226268864345106180e-02 8.248444775016763320e-01 -9.873845192158295925e-01 -2.202211856603520507e-02 1.570495296033035948e-01 8.081249381904394014e+00
1.415197732719644108e-01 -6.832629113570021229e-02 9.875823795728464471e-01 1.822206728366381512e+01 -1.220888975039725877e-02 9.974181086506851424e-01 7.077442380774290331e-02 8.620868020639955720e-01 -9.898690584083663646e-01 -2.206299783444206838e-02 1.403209802151451357e-01 8.194863699334334228e+00
1.207501881126030047e-01 -6.799184694483761948e-02 9.903267874214106703e-01 1.905389281589825146e+01 -1.481318765349720450e-02 9.974167924619919967e-01 7.027696819608947321e-02 9.042077792218908838e-01 -9.925480901275669510e-01 -2.313921354328097452e-02 1.194313715596329317e-01 8.296182619019880633e+00
9.727751629624779850e-02 -6.606752949659533414e-02 9.930549224499907179e-01 1.988646521488239571e+01 -1.895918233587581825e-02 9.974909296168918971e-01 6.820000737704891292e-02 9.461651717512263859e-01 -9.950684014785052822e-01 -2.547581324134420497e-02 9.578004854505900445e-02 8.376959295627790070e+00
6.643272417553099107e-02 -6.519516589579418819e-02 9.956845813781649568e-01 2.072876039732051012e+01 -2.309496560647588195e-02 9.974960819304967696e-01 6.683184867618485736e-02 9.927868311950643898e-01 -9.975479815838196318e-01 -2.744742464326807227e-02 6.475990184170329900e-02 8.418482773269513331e+00
3.248952862080167064e-02 -6.444220530574004679e-02 9.973888848068318547e-01 2.158570834548083539e+01 -2.541356394876849098e-02 9.975433014512712360e-01 6.530610531654514050e-02 1.031672237459268837e+00 -9.991456546192425403e-01 -2.749230876526820994e-02 3.077207157251478017e-02 8.441315934948834254e+00
-6.336785155873727498e-04 -6.363175775123296185e-02 9.979724286436758574e-01 2.242829263561594999e+01 -2.755940255194721036e-02 9.975950829290398669e-01 6.358161626867576965e-02 1.070745498658092876e+00 -9.996204649906416106e-01 -2.743079057129877915e-02 -2.385301272153906443e-03 8.442808344534521225e+00
-3.555225083468890879e-02 -6.353286331144158972e-02 9.973494491524186323e-01 2.330192420669969877e+01 -2.880662009062279899e-02 9.976272583197725030e-01 6.252474501318137923e-02 1.103091309213112048e+00 -9.989567400859622470e-01 -2.648693650495018495e-02 -3.729764126413252778e-02 8.404002432272653422e+00
-6.684011490452407278e-02 -6.169022657898193956e-02 9.958152528158488170e-01 2.415225566150346026e+01 -3.087857928064939236e-02 9.977364156902766013e-01 5.972820583574993403e-02 1.134868224143206428e+00 -9.972469285345285650e-01 -2.673946037802630085e-02 -6.859366219541664089e-02 8.336981114646356161e+00
-1.006401497481491519e-01 -5.843763015224893997e-02 9.932177813917457687e-01 2.501231653930106091e+01 -3.299383154741280383e-02 9.979211966950221058e-01 5.534317613717962270e-02 1.173053115785772649e+00 -9.943864005665645767e-01 -2.721626051428503723e-02 -1.023594699700967614e-01 8.241843075643416228e+00
-1.332511193339123157e-01 -5.432375136883282191e-02 9.895835576109550669e-01 2.587105570335047133e+01 -3.018942157429086587e-02 9.982562036393836102e-01 5.070854771807477984e-02 1.195774652790122516e+00 -9.906129261217928583e-01 -2.311306973932909445e-02 -1.346591198737085160e-01 8.116304660071605781e+00
-1.641038403430452597e-01 -4.890584451329727661e-02 9.851910517131731160e-01 2.671117204226349529e+01 -2.521847033641180444e-02 9.986519299622094170e-01 4.535822213554420446e-02 1.221430590912064851e+00 -9.860816397739839978e-01 -1.739420979803907655e-02 -1.651160008864446527e-01 7.960361411848309920e+00
-1.966172669758962099e-01 -4.165583997817971090e-02 9.796081739417176193e-01 2.757211439872900627e+01 -1.992858451144839671e-02 9.990603657025873829e-01 3.849360865669614745e-02 1.238867949068850782e+00 -9.802913351917033058e-01 -1.195403515852567176e-02 -1.972625073818577435e-01 7.781489219491445120e+00
-2.251389673127136282e-01 -3.733238431285620246e-02 9.736565129901854077e-01 2.839540360288292575e+01 -1.337572581222542384e-02 9.992896330951916983e-01 3.524117503733649459e-02 1.252054536460036838e+00 -9.742809539818376718e-01 -5.079094876452022213e-03 -2.254780791030194798e-01 7.568408320110880716e+00
-2.539144769237242638e-01 -3.075260871670609450e-02 9.667444187012451673e-01 2.922798706514316081e+01 -5.524871304884839372e-03 9.995243019493338377e-01 3.034580063531070598e-02 1.267176144419775330e+00 -9.672178004693025022e-01 2.359376480683984204e-03 -2.539636246071372838e-01 7.338104942800020680e+00
-2.797529658497259764e-01 -2.011539170133001472e-02 9.597832200225245858e-01 3.005428695258614979e+01 1.142099640636315633e-03 9.997727693684946848e-01 2.129022671868165129e-02 1.263727079886534543e+00 -9.599935186484549465e-01 7.054919515757740109e-03 -2.796662907547916022e-01 7.092293346714669156e+00
-3.051124568722332620e-01 -5.497910878178391067e-03 9.523178676522173758e-01 3.085852663313643873e+01 5.765975963887640283e-03 9.999543867596496494e-01 7.621118460174048682e-03 1.257107326246236001e+00 -9.523163763038594576e-01 7.816389572416712964e-03 -3.050667729126237959e-01 6.821707808741491519e+00
-3.278531590157179321e-01 1.219099040008857042e-02 9.446932296781913596e-01 3.164862815543112973e+01 6.650544035858605568e-03 9.999217953590362473e-01 -1.059546442325101125e-02 1.240483283787223945e+00 -9.447486736250493289e-01 2.803597420488533869e-03 -3.279085563872635167e-01 6.536090062083009578e+00
-3.544089145145810082e-01 2.688699820365096291e-02 9.349208122108284558e-01 3.244089799127557683e+01 5.690553434843706286e-03 9.996303897041975972e-01 -2.659341090160744284e-02 1.218083837269487546e+00 -9.352899253015286574e-01 -4.086781489254374261e-03 -3.544310961422228456e-01 6.248101396231598770e+00
-3.763872371831326058e-01 3.731582301487788161e-02 9.255029519857110865e-01 3.322007883994317723e+01 9.519100293492651146e-03 9.992909207823854612e-01 -3.643127529458990710e-02 1.176637543294010824e+00 -9.262067230206615376e-01 -4.916514118476674952e-03 -3.764751641118718184e-01 5.922338831816247762e+00
-4.030673647590373165e-01 4.212464420958920291e-02 9.142759294645891321e-01 3.399743167288178824e+01 1.348360650581168982e-02 9.991055630754662742e-01 -4.007100473028000348e-02 1.126523186903994667e+00 -9.151460660320677176e-01 -3.817082640245135407e-03 -4.032752273920514052e-01 5.578465706767141263e+00
-4.227676596880057813e-01 4.199365128807935887e-02 9.049092686208033420e-01 3.476925366749377844e+01 1.609996212176777533e-02 9.991157358565427860e-01 -3.883610391409245827e-02 1.079285535139386187e+00 -9.057405321688649646e-01 -1.863723412600743140e-03 -4.230696955361363809e-01 5.222335618857340656e+00
-4.441131631803387214e-01 3.749602958703868866e-02 8.949965456344420867e-01 3.552476652755585462e+01 1.975609360991515198e-02 9.992908621477015751e-01 -3.204782035773895421e-02 1.037258174222064788e+00 -8.955636503439297069e-01 3.449046849142313638e-03 -4.445390208934797971e-01 4.841351915122463545e+00
-4.617703067494427494e-01 3.557537274768714924e-02 8.860687773333303374e-01 3.627561765760515300e+01 2.667968284651157235e-02 9.993004146396591292e-01 -2.619011992626123567e-02 9.939587332513867279e-01 -8.863810478988479735e-01 1.153415433653609719e-02 -4.623963371859470262e-01 4.428797628778356810e+00
-4.772394560207950942e-01 3.563401878365066860e-02 8.783879923107643650e-01 3.701020083296400287e+01 3.046026339531909127e-02 9.992478878637812700e-01 -2.399912399397892415e-02 9.495680789442213499e-01 -8.785825680034006213e-01 1.530757207129097505e-02 -4.779659041673574582e-01 4.013968553181575416e+00
-4.865912894241909981e-01 4.064762820833638796e-02 8.722272797724045512e-01 3.772860959813124992e+01 3.374476954830325781e-02 9.990459789231568299e-01 -2.770802341870113455e-02 9.074148581008407710e-01 -8.725218112144722538e-01 1.594099460852736738e-02 -4.874986121617008727e-01 3.611166840122797428e+00
-4.956032760898870793e-01 4.332604383839755435e-02 8.674164907895157706e-01 3.844180881056082200e+01 3.525267260608697106e-02 9.989355366237597789e-01 -2.974513842797066321e-02 8.655144561703276285e-01 -8.677820672418835590e-01 1.583411595932299187e-02 -4.966030153480205933e-01 3.205627690132136998e+00
-5.062243423628174366e-01 4.271585377052866672e-02 8.614676936840788279e-01 3.914375103040653414e+01 2.911950920797794565e-02 9.990499901273672823e-01 -3.241111068055013006e-02 8.220173696824284448e-01 -8.620338754319474273e-01 8.678245287446231110e-03 -5.069874729446036676e-01 2.797166844151218523e+00
-5.156899903039867672e-01 4.053288569491064058e-02 8.553256537283489003e-01 3.986012331112986828e+01 2.713683888689477630e-02 9.991519011478811052e-01 -3.096205965254039683e-02 7.882570385280668335e-01 -8.558554355849072870e-01 7.239562053124706624e-03 -5.163525882959816293e-01 2.383689710419993446e+00
-5.261182041776739648e-01 4.215897260172819100e-02 8.497078632275202326e-01 4.054128962170941008e+01 2.970539185796914824e-02 9.990721986422006484e-01 -3.117940110694416081e-02 7.477849775148930345e-01 -8.502340340845144784e-01 8.842694213226491920e-03 -5.268824889179566373e-01 1.948208866822147778e+00
-5.327271782603332229e-01 4.487606985693123191e-02 8.453350615219981101e-01 4.124830739475623176e+01 3.253069069467483948e-02 9.989409421744960271e-01 -3.253286461700057031e-02 6.977641546359293345e-01 -8.459000789876613968e-01 1.016213081516410821e-02 -5.336229812717984133e-01 1.503089849014385138e+00
-5.355530863779358608e-01 4.837192022711604700e-02 8.426509334874235924e-01 4.195528482297194728e+01 3.391127138792618401e-02 9.987845498796754651e-01 -3.575243745967340153e-02 6.669478999527836960e-01 -8.433570070861903245e-01 9.409166801678109371e-03 -5.365424347618105161e-01 1.050668611575701350e+00
-5.356031669380242333e-01 5.010201731101287387e-02 8.430464120457514809e-01 4.270204762098335749e+01 3.351498188046393018e-02 9.987129430893886273e-01 -3.807151329313262361e-02 6.253272805160853265e-01 -8.438691046012789521e-01 7.860837287086338068e-03 -5.365929452301912983e-01 5.876579991564787608e-01
-5.327048091825598020e-01 5.080686208382421271e-02 8.447745914999224004e-01 4.343149528348610744e+01 3.632281050482116802e-02 9.986492902879116063e-01 -3.712964091078385653e-02 5.842440097595514858e-01 -8.455203864878862996e-01 1.089981829954830665e-02 -5.338308336444143043e-01 1.224633269367390587e-01
-5.274930210357605675e-01 4.859255832944010117e-02 8.483953766087293236e-01 4.418594796609872333e+01 3.395346483189319586e-02 9.987711790209096163e-01 -3.609945296450313423e-02 5.362901936926893764e-01 -8.491069847572508822e-01 9.769181292526039895e-03 -5.284947426676136484e-01 -3.269267035033844304e-01
-5.170409267753423022e-01 4.753669456230501245e-02 8.539299025039329694e-01 4.497348043351592395e+01 3.235859151864348138e-02 9.988280618224705254e-01 -3.596953378053482225e-02 4.958532863753613018e-01 -8.546403688225320261e-01 9.001688366037863959e-03 -5.179729956809783209e-01 -7.966739716445183639e-01
-5.128978384854135930e-01 4.719523968367151517e-02 8.575246735268813314e-01 4.576586542809739910e+01 3.039919367008217868e-02 9.988603068489156911e-01 -3.679943190266143221e-02 4.548776946155811962e-01 -8.582834919392050566e-01 7.216263320364337160e-03 -5.137483060138010593e-01 -1.261134838630646016e+00
-5.063441096730949553e-01 4.582761088727779764e-02 8.612457470028429540e-01 4.656241397902645929e+01 2.746749657131891675e-02 9.989375522050574219e-01 -3.699485377018665866e-02 4.089098721331687614e-01 -8.620263967653335468e-01 4.918203823692290054e-03 -5.070650926555585469e-01 -1.699569475452537670e+00
-5.012253025053746702e-01 4.244879515262820618e-02 8.649166270698105397e-01 4.739521770229241326e+01 2.268545779234196549e-02 9.990977345079040672e-01 -3.591604102325610115e-02 3.622995889902885791e-01 -8.656603785330805323e-01 1.639614475441851212e-03 -5.017360646815149927e-01 -2.169961920799231780e+00
-4.989309643964603413e-01 3.986734056264710363e-02 8.652105004205690175e-01 4.823648124274945559e+01 1.796749763686452533e-02 9.992015427699504349e-01 -3.568407637134428378e-02 3.197908985426589079e-01 -8.659431010070420820e-01 -2.282240514115653745e-03 -4.992484779248815840e-01 -2.633353642725340116e+00
-5.013987666707248048e-01 3.720484014539108403e-02 8.650021706339791061e-01 4.911157070262386526e+01 1.521489669609471171e-02 9.993003522988683773e-01 -3.417779612058177707e-02 2.685444160724088092e-01 -8.656678370303694248e-01 -3.943442437167462948e-03 -5.016142397419129928e-01 -3.118946496110527544e+00
-5.014381302059950363e-01 3.655441308147095586e-02 8.647663924445982975e-01 4.998213958789040845e+01 1.388208968031637465e-02 9.993188396325235479e-01 -3.419496363416846957e-02 2.274637125476255683e-01 -8.654271473746742993e-01 -5.133815019220575558e-03 -5.016042115856471639e-01 -3.606092417933196348e+00
-5.014257278196787571e-01 3.621506809747647437e-02 8.647681344856478214e-01 5.085385627045594248e+01 1.397987796633188944e-02 9.993324915185115564e-01 -3.375872810439513316e-02 1.778044161116261734e-01 -8.654133268360336695e-01 -4.831094598907872267e-03 -5.015971256754564456e-01 -4.102585165873463779e+00
-5.014251952199596518e-01 3.483366671243533219e-02 8.651384749844744926e-01 5.175226760971109030e+01 1.313365184872116419e-02 9.993809658470628188e-01 -3.264278786441394270e-02 1.286431512171546943e-01 -8.657397851152964785e-01 -4.990630324408044070e-03 -5.015725804720737591e-01 -4.617733535626326713e+00
-5.014004044456676912e-01 3.459602796583229056e-02 8.650951653837363198e-01 5.266283665767485900e+01 1.360901429137657132e-02 9.993922866115054759e-01 -3.210482515148502247e-02 7.956825409882876954e-02 -8.656797843219353750e-01 -4.308404041271160154e-03 -5.015664919223077334e-01 -5.134020713619078968e+00
-5.013716817686205696e-01 3.333441270168494008e-02 8.651391789472793192e-01 5.356835404397749301e+01 1.357420101512337232e-02 9.994378617762861294e-01 -3.065912532134959512e-02 3.249437507474462611e-02 -8.656745539210880525e-01 -3.614034268060618751e-03 -5.015425613095456647e-01 -5.642364847696054397e+00
-5.014370088353133914e-01 3.213764501536774121e-02 8.647596666963770495e-01 5.449692920147465713e+01 1.122452807351424948e-02 9.994675192382499462e-01 -3.064029044024602771e-02 -1.584006502824621132e-02 -8.652837645289606083e-01 -5.652606310940406359e-03 -5.015307335627264829e-01 -6.154779957304143068e+00
-5.028336740886282241e-01 3.130234817579677364e-02 8.640633283861810510e-01 5.540117117927133705e+01 1.081602981215479611e-02 9.994937030152953872e-01 -2.992754139563413851e-02 -6.863962486733049539e-02 -8.645625344901750609e-01 -5.695564811209165128e-03 -5.029175629537666614e-01 -6.645982817533183429e+00
-4.990359818979240303e-01 3.073202145876094762e-02 8.659528265515930023e-01 5.633068814797606194e+01 9.839276290844646208e-03 9.995071486679029116e-01 -2.981463571700362566e-02 -1.195571931059787318e-01 -8.664423177905367091e-01 -6.356449045920200928e-03 -4.990921835107778315e-01 -7.167304887714490036e+00
-4.990225711334603798e-01 2.902492267077046509e-02 8.660396887434139712e-01 5.723006009291185592e+01 9.149096798464538202e-03 9.995597047973214799e-01 -2.823057248126600166e-02 -1.714851959982355289e-01 -8.664775102999271450e-01 -6.154720665885048299e-03 -4.990685050189178074e-01 -7.684639910025166998e+00
-4.961562433573667996e-01 2.576671091861955018e-02 8.675737480812820701e-01 5.813794665691597174e+01 9.118409434942851763e-03 9.996588046950933837e-01 -2.446438345021819186e-02 -2.237381475356615412e-01 -8.679086079677453824e-01 -4.250693900436541134e-03 -4.962218241760902315e-01 -8.179298660674442445e+00
-4.922966765832118563e-01 2.531350874510538557e-02 8.696160089798586901e-01 5.906844481333791919e+01 1.009518918251264656e-02 9.996756466921743467e-01 -2.337192673505374130e-02 -2.659065970694084458e-01 -8.699259195002987388e-01 -2.747054254342779986e-03 -4.923923954591516439e-01 -8.699916686398323051e+00
-4.909004867770392910e-01 2.502481933062619679e-02 8.711140915706300225e-01 5.997610938715126849e+01 9.871671952427482633e-03 9.996829652293923729e-01 -2.316049179208978792e-02 -3.128273680820105040e-01 -8.714177767934184748e-01 -2.767592154898264063e-03 -4.909920715099854727e-01 -9.203459465730826849e+00
-4.880678493449742139e-01 2.484394477861311124e-02 8.726336086258060787e-01 6.090435618613640401e+01 1.087956879396343758e-02 9.996904525063255997e-01 -2.236656171339946458e-02 -3.550190022880702623e-01 -8.729193940435400201e-01 -1.425631830489684088e-03 -4.881871595215961923e-01 -9.714910758279641456e+00
-4.870785804314580747e-01 2.551201350435880477e-02 8.731389677717639186e-01 6.179530313379915896e+01 1.042834530211696024e-02 9.996717929017330251e-01 -2.340298721946125829e-02 -4.086184557184450172e-01 -8.734496359746809491e-01 -2.288470283836925665e-03 -4.871847954838094408e-01 -1.019320151780584638e+01
-4.857376019898154151e-01 2.762191658033728153e-02 8.733460186490399346e-01 6.271729594887047909e+01 9.982700026999970569e-03 9.996103108486648070e-01 -2.606267341212590433e-02 -4.502501939864891334e-01 -8.737260949719920511e-01 -3.954680334675004204e-03 -4.858240445274132902e-01 -1.070046701276549861e+01
-4.896548271198878921e-01 2.901448411000596972e-02 8.719376619294202380e-01 6.360253967952709786e+01 7.983154620416252345e-03 9.995537574125160640e-01 -2.878503740039460926e-02 -5.058086596608779573e-01 -8.723837368870887010e-01 -7.117621001689241819e-03 -4.896681601815440210e-01 -1.120521350023815366e+01
-4.925043974639373712e-01 2.884083420274978146e-02 8.692171299658449923e-01 6.453206926651958497e+01 6.610057938946289555e-03 9.995452046135558932e-01 -2.941240400252061876e-02 -5.582871481472837516e-01 -8.696707886540309129e-01 -8.764152289132085341e-03 -4.924708689667877670e-01 -1.171696419318836924e+01
-4.991136121143712745e-01 2.814537540302114102e-02 8.660208866368761527e-01 6.539350442316407452e+01 6.353976314707899392e-03 9.995642070625736508e-01 -2.883250962597827885e-02 -6.045063682031518448e-01 -8.664551476254432893e-01 -8.881611773282652514e-03 -4.990750091537536348e-01 -1.220053853332370863e+01
-5.041497991754582131e-01 2.484261062861583061e-02 8.634069179690784246e-01 6.629547763639149593e+01 9.365392965728342942e-03 9.996846358571219726e-01 -2.330120467558897610e-02 -6.601664070649103655e-01 -8.637136742645816767e-01 -3.658439915566022178e-03 -5.042234653552172263e-01 -1.273206308925062658e+01
-5.080361272774486237e-01 2.220087972925653338e-02 8.606409738373166363e-01 6.716523079178712408e+01 6.270352286523971086e-03 9.997363963802878839e-01 -2.207929321187113506e-02 -7.070672618726713266e-01 -8.609046368694671658e-01 -5.831350540919412462e-03 -5.080412400958811414e-01 -1.322046522532821911e+01
-5.132814927848899922e-01 2.385694320102635380e-02 8.582235689804545986e-01 6.803558196354994436e+01 6.837425605165229833e-03 9.996957852237906561e-01 -2.370424580721633423e-02 -7.520036257131134105e-01 -8.585277972053489970e-01 -6.281509643850613674e-03 -5.132886558612946848e-01 -1.372433843495255879e+01
-5.185399485146280352e-01 2.746167567955506289e-02 8.545414045966673866e-01 6.889214140639933248e+01 8.439887181730037352e-03 9.995998367838879739e-01 -2.698832271761709978e-02 -7.977291866143794152e-01 -8.549409504931142489e-01 -6.789379064201377621e-03 -5.185642036455416770e-01 -1.425034134808947073e+01
-5.252830549054999798e-01 2.727556405949289192e-02 8.506805533961029342e-01 6.975471835821004163e+01 6.037368129798956727e-03 9.995806777686007116e-01 -2.830865430691451023e-02 -8.479836007307104406e-01 -8.510962756164122123e-01 -9.748611249275571447e-03 -5.252275268471704450e-01 -1.474050825053890890e+01
-5.253248802433629905e-01 2.752608244533613288e-02 8.502907533392973782e-01 7.062091809440514112e+01 5.226972602030167774e-03 9.995619448767255610e-01 -2.912057419529011371e-02 -8.962574197801191911e-01 -8.507202313944822736e-01 -1.087430481907921548e-02 -5.252384941911628635e-01 -1.526457491044508075e+01
-5.295469019857820259e-01 2.672604506648009956e-02 8.482082256818043176e-01 7.145530873565998320e+01 4.498111921159539221e-03 9.995781532296867944e-01 -2.870623995637197612e-02 -9.465471562084448731e-01 -8.486174609031396088e-01 -1.136336605784385098e-02 -5.294438498538290849e-01 -1.579103769806547675e+01
-5.317458592854826804e-01 1.940397334216031194e-02 8.465237885539501628e-01 7.228903742918748776e+01 6.657086462858743080e-03 9.998023759562504331e-01 -1.872771502668104174e-02 -9.883688339814543644e-01 -8.467199542474821428e-01 -4.331633583060841459e-03 -5.317698884244603796e-01 -1.631518990342864228e+01
-5.344364800083960532e-01 1.066680575369266179e-02 8.449362965119997515e-01 7.313068017041922531e+01 6.938304868226073674e-03 9.999419953616709433e-01 -8.233526877923190435e-03 -1.025876775543046460e+00 -8.449751998798475938e-01 1.461879243449622353e-03 -5.344795930548433827e-01 -1.685038455971982430e+01
-5.358345499230730002e-01 6.881639478446836128e-03 8.438886805243424050e-01 7.396066965896621070e+01 6.159711136449213913e-03 9.999719074181055989e-01 -4.238345192879021915e-03 -1.061661470564785770e+00 -8.438941838331444067e-01 2.928530870148215136e-03 -5.358619511344063779e-01 -1.737043889883119263e+01
-5.383075631854074006e-01 1.264677131361219460e-02 8.432744216054129938e-01 7.477950869168201109e+01 6.907161146999524735e-03 9.999200109808301651e-01 -1.058650973209145606e-02 -1.087662040432081811e+00 -8.433408862483499080e-01 1.252919354732852375e-04 -5.383518782229742561e-01 -1.788452351641204530e+01
-5.383460722858617320e-01 1.791076800931097612e-02 8.429080755114740642e-01 7.558921422827948788e+01 7.840528732714803148e-03 9.998372724928666910e-01 -1.623445374473781594e-02 -1.120245197861999165e+00 -8.430618547526732565e-01 -2.134307987064340637e-03 -5.383990733606914825e-01 -1.840843529924885402e+01
-5.382445921299288116e-01 2.214291571435528932e-02 8.423277467105831917e-01 7.640628411578572354e+01 1.317898555291839406e-02 9.997536846615387995e-01 -1.784624339639723570e-02 -1.157295987133999393e+00 -8.425154903464291412e-01 1.489274173462287569e-03 -5.384039718727354762e-01 -1.892594229810056916e+01
-5.381616757913398885e-01 2.271361248481223311e-02 8.429349675799276964e-01 7.722663340009391675e+01 1.636932447906121191e-02 9.997298673941201752e-01 -1.649988697362104323e-02 -1.201416576227237965e+00 -8.430819903890802713e-01 4.924562295125042843e-03 -5.383882075100678843e-01 -1.946694590386954360e+01
-5.371025717380610853e-01 2.046106504647899477e-02 8.433777955475729726e-01 7.804626377724885344e+01 1.610055741464441748e-02 9.997722181042275613e-01 -1.400984218294324193e-02 -1.236764844270354491e+00 -8.434725432276635182e-01 6.055916938154029885e-03 -5.373096223907942726e-01 -1.998512561531110876e+01
-5.381682417568318666e-01 1.410642379399436493e-02 8.433608947275585965e-01 7.886463059377463480e+01 1.331412644802885958e-02 9.998773513867137419e-01 -8.234129293692160623e-03 -1.260619262705820809e+00 -8.433737086994114174e-01 6.795765434133950629e-03 -5.382900513069754922e-01 -2.048845018354609948e+01
-5.357367680117334219e-01 8.286985570104968626e-03 8.436563510183954229e-01 7.969648805333973485e+01 1.164574837561396271e-02 9.999293586438916526e-01 -2.419052180055366544e-03 -1.285309106380426281e+00 -8.436167276286149486e-01 8.533034003665850714e-03 -5.357953523776113336e-01 -2.100773557134047564e+01
-5.358792265913008279e-01 1.801154088151350492e-03 8.438299496560456303e-01 8.050511677742547079e+01 2.970872562892733996e-03 9.999956903269321407e-01 -2.537406619842340512e-04 -1.310667965120410949e+00 -8.438267576135739523e-01 2.370746440566467821e-03 -5.358821845799001116e-01 -2.149554210320258463e+01
-5.332361368665833323e-01 -3.928103347098587349e-03 8.455784115383527810e-01 8.132859486107066971e+01 -6.307556010097798219e-03 9.999799210322501963e-01 6.582031557947803967e-04 -1.327102208034979469e+00 -8.455637970438314444e-01 -4.991310852066959194e-03 -5.332502891781790710e-01 -2.199282504029909902e+01
-5.317583222008782640e-01 -2.551610097319686760e-03 8.467603045349060276e-01 8.213471565015844078e+01 -2.476198937893593285e-03 9.999959301964538305e-01 1.453300596740553707e-03 -1.343550322856562840e+00 -8.467604483321811148e-01 -1.332887269906979843e-03 -5.317625098624884084e-01 -2.249923371579821918e+01
-5.302641032005483979e-01 1.103309756052909098e-03 8.478135848416604725e-01 8.294676155629400682e+01 2.852978974586236737e-03 9.999958819617393857e-01 4.841412847068985717e-04 -1.367832231539090060e+00 -8.478094292064621840e-01 2.667394714018951618e-03 -5.302651235068269742e-01 -2.300540546476535297e+01
-5.225490971053591283e-01 4.043821211913363987e-03 8.523010802220516435e-01 8.376453033398468051e+01 4.734441945478578932e-03 9.999871457490736582e-01 -1.846219283717783497e-03 -1.382607506036176881e+00 -8.522976953526750776e-01 3.073953654635997682e-03 -5.225614469477002366e-01 -2.351056576563185985e+01
-5.158350218702635326e-01 5.735126157776841184e-03 8.565518034044996565e-01 8.457080874216906352e+01 9.104423327918288386e-03 9.999578573885821164e-01 -1.213830976371297991e-03 -1.402282809013922549e+00 -8.565227489284646945e-01 7.173764938009421881e-03 -5.158654083027423010e-01 -2.399558549387801065e+01
-5.076867133488555117e-01 9.533076372449943853e-03 8.609822977192576055e-01 8.538351459276496769e+01 1.681637923817257130e-02 9.998579884239990889e-01 -1.146821169156140609e-03 -1.423914937842092776e+00 -8.608708962958143696e-01 1.389901989856228218e-02 -5.077748770076691009e-01 -2.447689558770795060e+01
-4.972696641078682700e-01 8.341657352499264738e-03 8.677857246000806324e-01 8.620906807643950742e+01 1.505357855860789233e-02 9.998861450064417955e-01 -9.889591897663202544e-04 -1.446980360377721375e+00 -8.676953520282546517e-01 1.257089791482947361e-02 -4.973386684176469563e-01 -2.494153132112181126e+01
-4.879431277325479432e-01 4.745284742665029087e-03 8.732443805273106818e-01 8.703620454748642032e+01 9.933086747508954734e-03 9.999506229254117029e-01 1.138565463137440013e-04 -1.461991683490667215e+00 -8.732006753146697164e-01 8.728071642867443747e-03 -4.879662299436114403e-01 -2.538125499354962500e+01
-4.751266907926163796e-01 1.455271117993887182e-03 8.796798864205750412e-01 8.787530655359746845e+01 1.204686825605687933e-02 9.999155706761710949e-01 4.856765536741995334e-03 -1.478805991455331093e+00 -8.795987794886495070e-01 1.290980886157040361e-02 -4.751041169288427457e-01 -2.583448592977039837e+01
-4.647719621720907135e-01 4.287741515973372613e-04 8.852648458034633183e-01 8.871388163904158830e+01 1.085583802281651911e-02 9.999273273604302181e-01 5.217306661761340718e-03 -1.494116772134312709e+00 -8.851984010138660430e-01 1.203841982536091489e-02 -4.647427889897616238e-01 -2.625850429506761330e+01
-4.516487377883780518e-01 -7.115374908872773747e-04 8.919536330416624192e-01 8.955568741081174267e+01 1.096329792995185369e-02 9.999196675842312310e-01 6.350642969198598206e-03 -1.502607683876331146e+00 -8.918866390056932048e-01 1.265099559140100104e-02 -4.516045639339604789e-01 -2.667961260467101781e+01
-4.389295961799694612e-01 -7.044377079386741859e-04 8.980981740066794616e-01 9.041319988998667156e+01 1.360295085519145492e-02 9.998796626175774360e-01 7.435154333727427012e-03 -1.517619815378169035e+00 -8.979955504788390552e-01 1.548693248649626701e-02 -4.388671773575603119e-01 -2.709459809032066246e+01
