1.0 0.0 0.0 0.0 0.0 1.0 0.0 0.0 0.0 0.0 1.0 0.0
0.99989283 0.014629689 -0.00046866713 0.07763672 -0.01462897 0.9998918 0.0015015728 0.07702637 0.0004905909 -0.0014945532 0.99999875 -0.0146484375
0.9993056 0.037266433 0.0006900386 0.24365234 -0.037268907 0.9992977 0.004007955 -0.018554688 -0.0005402198 -0.004030876 0.9999917 -0.0030517578
0.99798423 0.06344673 0.0017191382 0.42578125 -0.06345649 0.9979646 0.006387914 -0.041748047 -0.0013103994 -0.0064841057 0.9999781 -0.0012207031
0.99530965 0.09664611 0.004318968 0.5904541 -0.09667254 0.9952959 0.006401981 -0.06945801 -0.0036799642 -0.0067894077 0.9999702 -0.016845703
0.9909025 0.13438474 0.0072685825 0.78759766 -0.13440911 0.9909214 0.002972941 -0.14477539 -0.006803028 -0.0039228057 0.9999692 -0.016357422
0.98473126 0.17391565 0.008131454 0.9830322 -0.17391822 0.9847643 -0.00039624394 -0.20715332 -0.008076455 -0.0010241086 0.99996686 -0.015258789
0.976307 0.21621272 0.009699388 1.1962891 -0.21621877 0.97635365 -0.00043145474 -0.2866211 -0.00956339 -0.0016748295 0.9999529 -0.016357422
0.964051 0.26537198 0.013138237 1.4195557 -0.2653936 0.9641345 -9.8325894e-05 -0.36486816 -0.01269318 -0.0033916398 0.9999137 -0.024047852
0.9493981 0.31344974 0.019553337 1.6524658 -0.31343824 0.94959605 -0.00373184 -0.46606445 -0.019737283 -0.0025880106 0.99980175 -0.02758789
0.93244267 0.360447 0.025227731 1.8782959 -0.36022282 0.93277884 -0.01308791 -0.60180664 -0.028248139 0.0031149741 0.999596 -0.021972656
0.91110355 0.4112194 0.029019328 2.1195068 -0.4107883 0.91154486 -0.01979262 -0.74523926 -0.034590397 0.006116722 0.9993831 -0.024780273
0.88665533 0.46131852 0.032476403 2.3641357 -0.46084562 0.8872418 -0.02123703 -0.9161377 -0.038609546 0.0038606748 0.9992466 -0.029541016
0.8576649 0.51286477 0.03646861 2.5957031 -0.5123432 0.85843945 -0.023149326 -1.0898438 -0.0431807 0.0011625886 0.9990662 -0.052856445
0.82533026 0.56333935 0.0387961 2.8482666 -0.5626086 0.8262401 -0.028749049 -1.2911377 -0.04824544 0.0018934375 0.998833 -0.056152344
0.78995824 0.6119391 0.03873108 3.059082 -0.6109883 0.7908993 -0.03426943 -1.5158691 -0.051605072 0.0034133866 0.99866223 -0.06677246
0.75151986 0.65859735 0.038609646 3.302002 -0.6574824 0.75250244 -0.03846693 -1.7626953 -0.054389734 0.0035276394 0.9985139 -0.08630371
0.7123424 0.70082647 0.037160363 3.526123 -0.6995982 0.7133012 -0.041630656 -2.0466309 -0.055689458 0.0036601406 0.99844176 -0.10144043
0.6696644 0.7418142 0.036956094 3.7520752 -0.7405027 0.67067945 -0.044142403 -2.3278809 -0.05753091 0.0022009984 0.9983416 -0.119140625
0.62715733 0.7777613 0.039173562 3.9805908 -0.77652967 0.6283728 -0.043859486 -2.6574707 -0.05873028 -0.0029165484 0.9982696 -0.1517334
0.58611274 0.80916303 0.040478032 4.180298 -0.807904 0.58747816 -0.045513645 -2.9890137 -0.060617022 -0.006035229 0.9981427 -0.16760254
0.5448582 0.8374401 0.040959705 4.416748 -0.83617854 0.5463245 -0.04677728 -3.3740234 -0.061561372 -0.008755783 0.9980657 -0.19555664
0.50651765 0.861178 0.04106871 4.6295166 -0.859824 0.50807536 -0.049354248 -3.7843018 -0.0633793 -0.010321505 0.9979361 -0.21582031
0.46941078 0.8820986 0.042010654 4.84729 -0.8808247 0.4710849 -0.049372297 -4.1970215 -0.063323975 -0.013830859 0.9978963 -0.24475098
0.43222904 0.9008033 0.040711652 5.0318604 -0.89965945 0.43385267 -0.04807119 -4.662842 -0.06096751 -0.015850186 0.9980139 -0.27441406
0.39896736 0.9161987 0.037037577 5.2575684 -0.9150765 0.4004072 -0.047694262 -5.152588 -0.05853809 -0.014871849 0.9981746 -0.30419922
0.3702378 0.9282775 0.03264045 5.4365234 -0.9271961 0.37144655 -0.04664041 -5.663208 -0.055427138 -0.013001913 0.99837816 -0.33190918
0.34466124 0.93810415 0.029764706 5.6237793 -0.93710095 0.345723 -0.0450956 -6.2110596 -0.0526079 -0.012349296 0.99853945 -0.36694336
0.32366365 0.945932 0.02669859 5.8171387 -0.94498736 0.324574 -0.04369522 -6.781006 -0.04998411 -0.011086287 0.9986882 -0.399292
0.3095318 0.950558 0.026051559 6.006714 -0.9495341 0.31044257 -0.04539035 -7.380127 -0.0512214 -0.010688154 0.9986298 -0.4326172
0.29705852 0.95450354 0.025179824 6.2037354 -0.9534187 0.29795063 -0.046610396 -7.993408 -0.051999055 -0.010166091 0.99859554 -0.46228027
0.28547552 0.95802087 0.025824554 6.410034 -0.9568322 0.28643948 -0.048898336 -8.655884 -0.054250427 -0.01075416 0.9984697 -0.4996338
0.27609077 0.96073264 0.028304728 6.5964355 -0.9594826 0.27722585 -0.050717622 -9.325928 -0.05658277 -0.013157382 0.99831164 -0.53881836
0.26433504 0.96386147 0.029681386 6.796509 -0.9625737 0.26558152 -0.051980752 -10.030884 -0.05798986 -0.014815597 0.99820787 -0.57751465
0.25432768 0.9666143 0.02987762 6.9832764 -0.96519005 0.25563854 -0.05453216 -10.748047 -0.060369827 -0.01497388 0.9980644 -0.6143799
0.24483837 0.9691536 0.030409534 7.1727295 -0.96766883 0.24621737 -0.055888973 -11.499268 -0.0616418 -0.015746418 0.9979738 -0.6633301
0.23352054 0.97186244 0.031105952 7.3568115 -0.9703363 0.23497744 -0.056975096 -12.268921 -0.062708646 -0.016881466 0.9978902 -0.7005615
0.2225787 0.97434497 0.032165833 7.539551 -0.9726384 0.22418042 -0.060352944 -13.048584 -0.06601467 -0.017838906 0.99765944 -0.7459717
0.21144739 0.9767837 0.034566894 7.717041 -0.9748567 0.21331419 -0.06454031 -13.836548 -0.07039322 -0.020044524 0.997317 -0.79711914
0.19797425 0.97951895 0.03511104 7.888794 -0.97737646 0.19997849 -0.06803584 -14.64563 -0.07366657 -0.02082688 0.9970661 -0.84020996
0.18572317 0.9819944 0.035094872 8.049194 -0.9797113 0.18780191 -0.07022804 -15.449341 -0.07556463 -0.021352138 0.99691236 -0.89001465
0.17036512 0.9847976 0.034673706 8.190796 -0.98246473 0.17246814 -0.07119739 -16.270142 -0.076104596 -0.021932475 0.9968592 -0.93530273
0.1567627 0.98704475 0.035289697 8.332031 -0.9848403 0.15892036 -0.07008034 -17.081787 -0.074766785 -0.023799054 0.9969153 -0.9925537
0.14004456 0.9895187 0.035461962 8.449463 -0.98744524 0.14221886 -0.06885333 -17.909302 -0.07319314 -0.02538152 0.99699545 -1.0377197
0.119165875 0.99217117 0.036695514 8.55603 -0.9901922 0.121469036 -0.068670094 -18.740112 -0.072587304 -0.028171033 0.99696344 -1.0874023
0.09554374 0.9946447 0.039209273 8.643066 -0.9929253 0.09801622 -0.06692169 -19.571533 -0.070386395 -0.032526337 0.99698853 -1.1373291
0.06454623 0.99708015 0.04140313 8.693237 -0.9955614 0.06720002 -0.06628396 -20.41272 -0.06884615 -0.03692864 0.99694246 -1.1915283
0.03056979 0.9986606 0.041682675 8.725586 -0.9972747 0.03327185 -0.065793544 -21.26892 -0.06711793 -0.03953386 0.99696326 -1.2380371
-0.0025756275 0.9991203 0.04184154 8.736328 -0.9978685 0.00016176523 -0.06524615 -22.111084 -0.06518698 -0.041952863 0.99698997 -1.2845459
-0.037485857 0.9984543 0.04111897 8.707275 -0.9972552 -0.03474522 -0.065430865 -22.984741 -0.06390096 -0.043479037 0.99700844 -1.3240967
-0.068761125 0.9967274 0.041564446 8.648926 -0.99573326 -0.06602884 -0.0638513 -23.835205 -0.060892504 -0.045797676 0.9970926 -1.3632812
-0.10249447 0.99384755 0.042243965 8.563232 -0.99315196 -0.099835284 -0.060889937 -24.695557 -0.056270633 -0.048175927 0.99725133 -1.4093018
-0.13478948 0.9901231 0.038329802 8.446411 -0.98953086 -0.13249956 -0.05705776 -25.554932 -0.051389992 -0.04562141 0.997635 -1.4396973
-0.16524759 0.9856678 0.032784946 8.298462 -0.9851489 -0.16343366 -0.051910102 -26.395752 -0.045794994 -0.040883422 0.99811333 -1.4729004
-0.19738373 0.97995335 0.027523007 8.128174 -0.979577 -0.19604552 -0.04495214 -27.25769 -0.038664527 -0.035834678 0.99860984 -1.4984131
-0.22562157 0.97403896 0.020792782 7.9223633 -0.9736259 -0.22465287 -0.04088696 -28.082275 -0.03516738 -0.02948143 0.998947 -1.5179443
-0.2541225 0.96708477 0.013496568 7.699341 -0.966713 -0.25354245 -0.03457295 -28.91626 -0.030015348 -0.021828704 0.99931115 -1.539917
-0.2797961 0.95994 0.008931134 7.460205 -0.9597578 -0.27951804 -0.024183296 -29.743774 -0.020723082 -0.015342807 0.99966764 -1.5445557
-0.305112 0.95229775 0.00830053 7.196533 -0.9523095 -0.30503023 -0.009819329 -30.549072 -0.0068197176 -0.010900881 0.9999174 -1.5472412
-0.32780194 0.94469434 0.013431975 6.9174805 -0.94471836 -0.32791877 0.0076276176 -31.340088 0.011607055 -0.010183947 0.9998808 -1.5412598
-0.3541743 0.93517256 0.020442247 6.637451 -0.9349815 -0.35458365 0.02203599 -32.134277 0.027851164 -0.011323491 0.9995483 -1.5288086
-0.3761475 0.9261067 0.021358605 6.317871 -0.92557687 -0.3766758 0.0322274 -32.91565 0.0379124 -0.0076290295 0.99925184 -1.494873
-0.40292957 0.9150799 0.020351678 5.9816895 -0.9143498 -0.40342513 0.036751628 -33.69629 0.041822404 -0.0038134456 0.9991177 -1.4500732
-0.42274392 0.9057067 0.018451039 5.6308594 -0.9049754 -0.42314413 0.03640453 -34.47107 0.04079631 -0.0012929194 0.9991664 -1.4063721
-0.44429126 0.8955961 0.013189137 5.255493 -0.8950386 -0.44448116 0.031678785 -35.22998 0.034235425 0.002267853 0.9994111 -1.3657227
-0.4622386 0.8865235 0.005143551 4.847168 -0.88607717 -0.4621772 0.029572032 -35.983643 0.028578961 0.009118389 0.99954957 -1.3238525
-0.47784635 0.8787797 0.0014085975 4.436157 -0.8783794 -0.47767612 0.029463219 -36.72046 0.026557732 0.012828814 0.999565 -1.2819824
-0.48735845 0.8727454 0.0007962268 4.0354004 -0.8722166 -0.4870943 0.03436391 -37.440186 0.03038282 0.016071588 0.99940884 -1.2442627
-0.4964484 0.86801445 0.00092819333 3.631836 -0.8674054 -0.49613953 0.036939055 -38.15442 0.032519743 0.017534561 0.99931717 -1.2061768
-0.50676847 0.8621682 0.008103709 3.2263184 -0.86148334 -0.5067058 0.03619154 -38.858032 0.035289723 0.011348356 0.99931246 -1.166626
-0.51613337 0.855965 0.009549793 2.8149414 -0.8553448 -0.51613724 0.03388938 -39.57617 0.033947736 0.009331706 0.99937993 -1.135498
-0.52667177 0.8503731 0.007972396 2.381836 -0.84971887 -0.5265986 0.03539833 -40.258667 0.03428295 0.011852566 0.99934185 -1.0977783
-0.5334116 0.84606814 0.006666138 1.9378662 -0.8453397 -0.5332518 0.03803696 -40.966553 0.0357198 0.014650863 0.9992542 -1.0510254
-0.5363049 0.84352803 0.007422906 1.4853516 -0.842659 -0.536117 0.04149233 -41.673584 0.038981363 0.01602031 0.99911094 -1.0240479
-0.5363301 0.844025 0.008978198 1.0213623 -0.8430619 -0.536178 0.043222364 -42.419556 0.04129623 0.015616689 0.9990249 -0.98620605
-0.533594 0.8457193 0.005935929 0.5539551 -0.84477746 -0.533308 0.043967452 -43.147827 0.040327583 0.018438913 0.9990157 -0.94763184
-0.5282576 0.8492813 0.0070573697 0.10180664 -0.84840405 -0.5280596 0.04181585 -43.900757 0.03922996 0.016089574 0.9991006 -0.9024658
-0.5177322 0.8547983 0.007799494 -0.3725586 -0.85394365 -0.5175868 0.04087836 -44.685913 0.03898461 0.0145430155 0.99913317 -0.8652344
-0.5134907 0.85841423 0.009586172 -0.83947754 -0.85754704 -0.5134255 0.04059028 -45.476562 0.039754596 0.012591892 0.99913037 -0.82788086
-0.5067916 0.86211956 0.011868676 -1.2811279 -0.86127824 -0.5068376 0.039295085 -46.271484 0.03987161 0.009688194 0.99915755 -0.78552246
-0.5014487 0.8656959 0.015136293 -1.7542725 -0.8649622 -0.5016533 0.035974618 -47.102783 0.038720623 0.004925285 0.9992384 -0.7421875
-0.4989374 0.86591625 0.019039642 -2.2194824 -0.86527115 -0.49930027 0.033406146 -47.943604 0.038461793 0.00022433558 0.99925977 -0.70336914
-0.50130224 0.8656095 0.020709448 -2.7054443 -0.86506826 -0.5017242 0.030718965 -48.81848 0.036967956 -0.0025439244 0.9993138 -0.6555176
-0.5012844 0.86535054 0.021896567 -3.1938477 -0.86483693 -0.50174755 0.03006454 -49.6886 0.036984514 -0.0038754465 0.99930847 -0.61828613
-0.50128216 0.8653398 0.021593194 -3.6916504 -0.86483735 -0.5017332 0.029725743 -50.559814 0.036548518 -0.0037767934 0.999325 -0.5722656
-0.5012639 0.8656595 0.021752939 -4.20813 -0.8652077 -0.50171465 0.028346187 -51.45764 0.035428185 -0.004623334 0.99936175 -0.5266113
-0.50126576 0.8656081 0.021069922 -4.72583 -0.86516154 -0.50169176 0.02810957 -52.367676 0.034891546 -0.0041465648 0.9993829 -0.48132324
-0.5012558 0.8656083 0.020373419 -5.2355957 -0.86520207 -0.50165254 0.026849395 -53.272705 0.03344564 -0.0041788206 0.99943197 -0.43774414
-0.50123096 0.86518574 0.022406459 -5.7492676 -0.8648303 -0.50168926 0.025645979 -54.200928 0.033425465 -0.0065263007 0.99942 -0.3935547
-0.5026221 0.8644615 0.022451222 -6.241333 -0.8641338 -0.5030758 0.024794698 -55.10498 0.03272673 -0.006940201 0.9994404 -0.3446045
-0.4987934 0.86632967 0.02310138 -6.765259 -0.8660258 -0.49926585 0.024266 -56.033325 0.032572042 -0.007898308 0.9994382 -0.2977295
-0.4987814 0.86636204 0.022896998 -7.2839355 -0.866111 -0.49923307 0.022559626 -56.93225 0.030986225 -0.00858601 0.9994831 -0.24914551
-0.49597183 0.86780846 0.020980937 -7.781006 -0.86763555 -0.49634033 0.019337166 -57.839355 0.027190018 -0.008596778 0.9995929 -0.19970703
-0.49215943 0.8698444 0.019468201 -8.304443 -0.8696716 -0.49248523 0.018930774 -58.768555 0.026058346 -0.0076002963 0.9996312 -0.16125488
-0.49076042 0.8713346 0.019491183 -8.809814 -0.8711697 -0.491085 0.018662969 -59.67517 0.025825405 -0.007821879 0.9996358 -0.11828613
-0.4879695 0.8728537 0.018143035 -9.32373 -0.8726837 -0.4882592 0.018517021 -60.602295 0.02500309 -0.006799682 0.9996641 -0.079956055
-0.4869548 0.87337404 0.019004634 -9.803589 -0.873193 -0.48727176 0.019194948 -61.492554 0.02602791 -0.007248057 0.999635 -0.030761719
-0.48556593 0.87363416 0.020667508 -10.312622 -0.8734078 -0.48594433 0.021314459 -62.413696 0.02867572 -0.0076890155 0.9995589 0.005859375
-0.48937163 0.87225306 0.023846313 -10.817139 -0.87201273 -0.48985645 0.022661254 -63.29883 0.031429987 -0.009715609 0.99945885 0.056640625
-0.4921595 0.86951786 0.025488563 -11.329224 -0.86929876 -0.49269336 0.022444261 -64.22876 0.03209469 -0.011094911 0.9994228 0.10473633
-0.4987664 0.86629945 0.025621766 -11.81189 -0.8661029 -0.49929446 0.021674555 -65.09082 0.031582985 -0.011382396 0.99943644 0.14733887
-0.5039846 0.86361974 0.020405324 -12.343384 -0.86346596 -0.5043279 0.018322565 -65.99341 0.026112942 -0.008385065 0.99962384 0.2010498
-0.50779617 0.860773 0.022575513 -12.831665 -0.86070776 -0.5081677 0.015627645 -66.86377 0.024932494 -0.011490843 0.9996229 0.24450684
-0.5130298 0.85839605 0.023043282 -13.335083 -0.8582931 -0.51343066 0.017225225 -67.73425 0.026611654 -0.010953338 0.9995861 0.28515625
-0.5182803 0.85481536 0.023562443 -13.860596 -0.8546145 -0.5187308 0.02076336 -68.59119 0.029961841 -0.009375472 0.99950683 0.32629395
-0.52491564 0.850931 0.026533026 -14.349609 -0.8507662 -0.5254526 0.020492986 -69.45459 0.031351622 -0.011809215 0.99943835 0.37231445
-0.524914 0.8505406 0.027655944 -14.874878 -0.8503814 -0.5254899 0.020738833 -70.32031 0.03216503 -0.012618711 0.9994025 0.41674805
-0.5291188 0.848429 0.02815389 -15.401123 -0.84830105 -0.5296993 0.019890387 -71.15491 0.031793438 -0.013367177 0.9994055 0.4638672
-0.5315554 0.84660256 0.02111088 -15.92627 -0.84658366 -0.5318564 0.012550563 -71.989136 0.021849694 -0.011197479 0.99969846 0.5057373
-0.53437096 0.8449065 0.015306454 -16.46228 -0.84496844 -0.5344787 0.003790977 -72.8313 0.011387867 -0.010908553 0.9998756 0.54345703
-0.5357888 0.8438323 0.0138334595 -16.983276 -0.8439133 -0.53584 -9.65572e-06 -73.661255 0.007408996 -0.011684188 0.99990416 0.5772705
-0.5382191 0.84326106 0.016658312 -17.49768 -0.843313 -0.53836524 0.005726719 -74.479126 0.013778995 -0.010964399 0.9998449 0.5979004
-0.5382148 0.8429698 0.018924851 -18.022705 -0.84295803 -0.5384537 0.010984391 -75.28784 0.01943114 -0.01003937 0.9997606 0.6254883
-0.53823256 0.84248734 0.015304709 -18.541748 -0.8423631 -0.5384294 0.015220176 -76.104126 0.021057261 -0.004699724 0.99976707 0.6588135
-0.5382478 0.8431023 0.011875272 -19.084229 -0.84295565 -0.53837675 0.015801543 -76.923584 0.019711964 -0.0015102625 0.99980456 0.7003174
-0.5371929 0.84350026 0.010736339 -19.604126 -0.84339297 -0.53729737 0.01356218 -77.74255 0.017211258 -0.0017687678 0.9998503 0.73327637
-0.53821576 0.8433893 0.00999108 -20.10852 -0.8433709 -0.5382893 0.0071997745 -78.56067 0.011437681 -0.0045529385 0.9999241 0.7557373
-0.5357703 0.8436356 0.008229416 -20.630127 -0.8436572 -0.5357977 0.00140486 -79.39209 0.005601506 -0.0061928015 0.99996525 0.77905273
-0.53583133 0.8437398 0.014381507 -21.118774 -0.84385544 -0.5358181 -0.0050916374 -80.20044 0.003419241 -0.014865309 0.9998837 0.8017578
-0.53315794 0.8453576 0.021728743 -21.617798 -0.8456334 -0.53305423 -0.010800392 -81.02295 0.0024582841 -0.024130374 0.9997057 0.8150635
-0.531699 0.8466085 0.018073484 -22.126343 -0.84679985 -0.53161854 -0.009398274 -81.82776 0.0016515348 -0.020294184 0.99979264 0.8286133
-0.5302212 0.8477242 0.014079275 -22.634644 -0.84783715 -0.5301968 -0.005717888 -82.63843 0.002612693 -0.014962436 0.99988467 0.84936523
-0.52250534 0.85222805 0.013664363 -23.143799 -0.8523237 -0.5225211 -0.002685627 -83.45361 0.004860424 -0.01305246 0.999903 0.8601074
-0.51584023 0.8565146 0.009558693 -23.63269 -0.8565578 -0.51585627 -0.00090553914 -84.25757 0.004158649 -0.008655134 0.9999539 0.876709
-0.5077941 0.8609671 0.0028233393 -24.11853 -0.8609624 -0.5078011 0.0029988445 -85.06775 0.0040176967 -0.0009061014 0.9999916 0.89501953
-0.49735072 0.8677696 0.004136555 -24.58789 -0.8677714 -0.49736097 0.0019329792 -85.89038 0.0037342175 -0.0026289034 0.9999895 0.9145508
-0.48796093 0.87321097 0.007956188 -25.03186 -0.87324375 -0.4879649 -0.0015597903 -86.71521 0.002517345 -0.007707632 0.9999671 0.92614746
-0.4751573 0.8796568 0.003736896 -25.491089 -0.87966144 -0.4751399 -0.004697166 -87.551636 -0.0023566778 -0.0055234735 0.99998194 0.9407959
-0.4647931 0.8852419 0.004584275 -25.919922 -0.8852493 -0.464768 -0.005605614 -88.387695 -0.0028315405 -0.0066666547 0.99997365 0.9522705
-0.45166674 0.8919361 0.0039383336 -26.346924 -0.89193535 -0.45163733 -0.0065957103 -89.22656 -0.004103682 -0.0064947433 0.99997044 0.9571533
-0.43895534 0.8980853 0.0010691856 -26.767822 -0.89807016 -0.43894032 -0.006441163 -90.0813 -0.005315374 -0.0037903767 0.99997854 0.9683838
-0.42726076 0.9040862 0.0019023286 -27.174927 -0.90408814 -0.4272602 -0.00074615376 -90.9292 0.00013768859 -0.0020381908 0.99999785 0.98046875
-0.41741157 0.90870726 0.0040002745 -27.547241 -0.908666 -0.4174308 0.008655443 -91.76172 0.009538082 -2.087187e-05 0.99995446 0.98706055
-0.4041445 0.9143951 0.0055406243 -27.926392 -0.91430825 -0.4041824 0.012595795 -92.60535 0.01375893 2.7629214e-05 0.99990517 1.0070801
-0.39157185 0.9198519 0.0075184046 -28.276733 -0.9198101 -0.3916305 0.009347605 -93.46069 0.011545224 -0.0032529335 0.99992794 1.020752
-0.38070017 0.9248026 0.005573994 -28.63147 -0.924791 -0.3807288 0.0055371546 -94.321655 0.007237853 -0.0030453969 0.99996907 1.0501709
-0.370965 0.9285747 0.009393318 -28.963501 -0.9285794 -0.37102598 0.0058417628 -95.18152 0.008912437 -0.0065581216 0.9999387 1.0686035
-0.36357793 0.9311598 0.014883872 -29.27649 -0.93114954 -0.36374712 0.010822034 -96.041504 0.01550595 -0.009917807 0.9998305 1.0936279
-0.35852128 0.9333038 0.024809642 -29.600342 -0.9333438 -0.35894558 0.015377488 -96.91406 0.023255844 -0.017646769 0.9995738 1.1130371
-0.35415566 0.93477553 0.027807467 -29.919434 -0.93484885 -0.35467213 0.016428733 -97.79285 0.025218623 -0.020172747 0.9994783 1.1455078
-0.35116163 0.93576556 0.02959514 -30.227661 -0.93585676 -0.35174152 0.017250601 -98.66455 0.026558276 -0.02163213 0.9994129 1.1816406
-0.34519124 0.9379785 0.031899665 -30.54773 -0.9381684 -0.34579396 0.015666189 -99.545044 0.025734155 -0.02453557 0.9993681 1.2159424
-0.3408544 0.93964225 0.031910285 -30.858032 -0.93989795 -0.34139168 0.013089218 -100.43677 0.023192976 -0.025532529 0.99940497 1.2510986
-0.33423567 0.94174725 0.030942243 -31.168457 -0.9420646 -0.33464858 0.009137727 -101.29932 0.018974522 -0.026101017 0.99947923 1.2720947
-0.32927087 0.9438031 0.032953683 -31.466553 -0.9442442 -0.3296115 0.0053541837 -102.18884 0.015907586 -0.029353868 0.9994427 1.3131104
-0.32271183 0.9456711 0.038304433 -31.758179 -0.9462974 -0.32311553 0.0046919417 -103.05359 0.0168182 -0.03474258 0.99925494 1.3359375
-0.31621516 0.9475233 0.04691544 -32.02368 -0.94849056 -0.31676254 0.004539497 -103.9115 0.019159889 -0.043068502 0.99888855 1.3532715
-0.30888578 0.9499549 0.046861324 -32.30652 -0.9508575 -0.30956432 0.007800822 -104.79028 0.021925205 -0.04214413 0.99887085 1.3944092
-0.30155945 0.9523864 0.044791847 -32.585205 -0.95313954 -0.30230916 0.010867002 -105.64856 0.023889668 -0.039409075 0.9989373 1.4309082
-0.29502103 0.9546757 0.044442303 -32.850098 -0.9554638 -0.29568028 0.008942518 -106.53528 0.02164914 -0.039826263 0.9989725 1.4632568
-0.28697896 0.9567152 0.045368716 -33.098267 -0.95763683 -0.28746006 0.004308653 -107.37427 0.017187137 -0.042218015 0.99896044 1.4915771
-0.27981138 0.95886296 0.04440548 -33.35486 -0.9597878 -0.28015792 0.0016434798 -108.284546 0.01402216 -0.04214544 0.9990124 1.5264893
-0.27330253 0.96067005 0.048669763 -33.591797 -0.96174085 -0.27383244 0.0044441996 -109.14465 0.017593255 -0.045584477 0.9988053 1.5500488
-0.26807833 0.96210575 0.04903113 -33.82617 -0.96312916 -0.2687696 0.007963464 -110.012695 0.020857057 -0.045095958 0.99876493 1.5723877
-0.26022223 0.9644355 0.04899446 -34.055664 -0.9654369 -0.2609576 0.00916771 -110.88696 0.021600476 -0.044909187 0.9987576 1.5899658
-0.253801 0.96598786 0.050468147 -34.272095 -0.9671001 -0.2544758 0.007335565 -111.76831 0.019910136 -0.04694993 0.99869907 1.6259766
-0.24436852 0.9686814 0.04597003 -34.499146 -0.9695864 -0.24497163 0.007906325 -112.64697 0.01889197 -0.042626742 0.9989124 1.6485596
-0.23630309 0.9708385 0.041874405 -34.721313 -0.971561 -0.23686956 0.009061244 -113.53381 0.01870609 -0.038544606 0.99908197 1.6828613
-0.22986546 0.97245497 0.04094335 -34.93567 -0.9731465 -0.23040733 0.008999921 -114.42676 0.018159779 -0.03777086 0.99912155 1.717041
-0.2213266 0.9740543 0.046878744 -35.118164 -0.9749997 -0.22195874 0.008665742 -115.3241 0.0188584 -0.043788712 0.99886274 1.7401123
-0.2156986 0.97520125 0.050723054 -35.31372 -0.9763686 -0.21628869 0.0063814167 -116.2262 0.017200897 -0.048154958 0.99869204 1.7667236
-0.21060528 0.9764497 0.047721844 -35.51172 -0.9774898 -0.2111094 0.005737593 -117.13989 0.015667554 -0.045453582 0.9988442 1.8011475
-0.2063954 0.9774236 0.04723887 -35.704834 -0.97842526 -0.20693767 0.0068551684 -118.025024 0.01644428 -0.044791993 0.99886113 1.8214111
-0.20131196 0.9784678 0.045464806 -35.89331 -0.9793803 -0.20185877 0.0077324165 -118.92273 0.016732927 -0.04296821 0.99893636 1.8538818
-0.19488001 0.98015034 0.039258234 -36.090454 -0.98082 -0.19531691 0.0075889984 -119.81677 0.015094006 -0.037022054 0.9992005 1.8729248
-0.18980752 0.9813417 0.03164272 -36.281372 -0.98178995 -0.1900587 0.005096943 -120.69238 0.011017499 -0.03009587 0.99948615 1.8953857
-0.18481219 0.9822523 0.03035667 -36.439697 -0.98268616 -0.18497907 0.0027537022 -121.5791 0.008328508 -0.02932009 0.9995352 1.9224854
-0.1797825 0.9831821 0.031648528 -36.602783 -0.98362327 -0.18005632 0.005999789 -122.46045 0.011608811 -0.030067446 0.99948055 1.9294434
-0.17695345 0.9836237 0.03327635 -36.754272 -0.98409563 -0.17729543 0.007601481 -123.36035 0.013375339 -0.031403657 0.9994172 1.9454346
-0.17482626 0.9839296 0.03546718 -36.90222 -0.9844899 -0.17515501 0.0063531054 -124.22241 0.012477925 -0.03380921 0.99935025 1.9685059
-0.17351544 0.9842108 0.03482168 -37.059204 -0.98475784 -0.17381226 0.005664096 -125.1095 0.011625652 -0.033303704 0.9993774 1.987793
-0.17357203 0.9843138 0.033072345 -37.203735 -0.9848499 -0.17368019 0.0004067584 -126.00195 0.006131948 -0.032496136 0.99945307 2.0114746
-0.17147909 0.9846722 0.03283864 -37.363037 -0.9852179 -0.1714443 -0.003888817 -126.87048 0.0017926609 -0.03302419 0.999453 2.0249023
-0.17150925 0.9847148 0.03187891 -37.507935 -0.9852304 -0.17139542 -0.006290158 -127.75 -0.0007326604 -0.03248673 0.99947196 2.0339355
-0.17077957 0.9847817 0.0325917 -37.653442 -0.98531264 -0.17081727 -0.0016436335 -128.6106 0.003940345 -0.032388236 0.9994677 2.043213
-0.16921388 0.9849917 0.032890543 -37.803345 -0.98550916 -0.16938186 0.0023668907 -129.48145 0.007911175 -0.032016125 0.999456 2.0600586
-0.16858602 0.9850487 0.034865536 -37.944458 -0.9856322 -0.16876471 0.0022257366 -130.34058 0.00807584 -0.033984 0.99938965 2.0726318
-0.16796672 0.9851535 0.03572981 -38.08423 -0.9857778 -0.16810109 0.00077317096 -131.20703 0.006761833 -0.03509023 0.9993614 2.0926514
-0.16855943 0.9852392 0.03136181 -38.236816 -0.98571813 -0.1686734 0.0010103383 -132.05005 0.0062841163 -0.030745346 0.99950755 2.111206
-0.16721402 0.9854412 0.031569023 -38.374756 -0.9859067 -0.16740833 0.0035961913 -132.91772 0.008818036 -0.030511862 0.9994953 2.1330566
-0.16647755 0.98509413 0.041350953 -38.503418 -0.9858947 -0.1668092 0.004668505 -133.75928 0.011512468 -0.039992526 0.9991335 2.1500244
-0.16587448 0.9849755 0.04772444 -38.640015 -0.98601556 -0.16640137 0.007257242 -134.63232 0.015096337 -0.045852847 0.998834 2.1641846
-0.16647494 0.984859 0.047872484 -38.77063 -0.9858544 -0.16714522 0.010323697 -135.47986 0.018174853 -0.045472983 0.99880004 2.1884766
-0.16640031 0.9851044 0.044138305 -38.91516 -0.9859105 -0.16706406 0.011768285 -136.34729 0.018976074 -0.041556526 0.9989559 2.224121
-0.16427505 0.9852086 0.047276743 -39.04358 -0.9861401 -0.16502415 0.012376724 -137.15283 0.020006059 -0.044610176 0.9988047 2.2432861
-0.16289306 0.9858751 0.039429165 -39.191895 -0.9865171 -0.16342708 0.010702625 -138.0127 0.016995322 -0.03715517 0.99916506 2.2729492
-0.1593833 0.9867728 0.030963406 -39.328857 -0.98718256 -0.1596806 0.007362901 -138.85913 0.0121986475 -0.029376427 0.9994937 2.2990723
-0.15724455 0.9872393 0.025795838 -39.468994 -0.9875589 -0.15734242 0.0017969087 -139.70093 0.0058284365 -0.025190134 0.9996658 2.3261719
-0.15441799 0.9878685 0.02110223 -39.59485 -0.9880889 -0.15444969 -0.0001232028 -140.5315 0.0031257896 -0.020869123 0.99977744 2.342041
-0.14876032 0.98867244 0.020565385 -39.717773 -0.9888418 -0.14891861 0.0063859806 -141.34717 0.009377707 -0.01937827 0.9997682 2.3564453
-0.14231539 0.98959655 0.019131975 -39.832275 -0.9897127 -0.14250672 0.009027084 -142.1654 0.011668725 -0.017648375 0.9997762 2.368164
-0.13461089 0.9907276 0.020203711 -39.945923 -0.9908569 -0.1348262 0.00969713 -143.02026 0.0123332385 -0.018715344 0.9997488 2.3798828
-0.12416016 0.99208933 0.016993554 -40.05298 -0.99220145 -0.12427832 0.006076974 -143.828 0.008144913 -0.016108155 0.9998372 2.3981934
-0.11372864 0.99353474 0.009456874 -40.145264 -0.99356335 -0.11377621 0.0046524433 -144.63086 0.0056956783 -0.008867362 0.9999445 2.4205322
-0.097690105 0.99513763 0.0059084035 -40.236206 -0.9951371 -0.09772241 0.0054536443 -145.47485 0.0060069854 -0.005347886 0.99996763 2.451294
-0.08529795 0.99634 0.0051070955 -40.29065 -0.9963259 -0.08533241 0.0069494997 -146.21826 0.007359878 -0.0044934563 0.9999628 2.4718018
-0.07152558 0.9973888 0.0069912206 -40.34619 -0.99738795 -0.07157194 0.006630118 -147.08008 0.007116616 -0.0064986628 0.9999536 2.485962
-0.057863 0.9982956 -0.0019012354 -40.39148 -0.99826163 -0.057844773 0.008583345 -147.83643 0.0084564965 0.0023962706 0.99996144 2.5010986
-0.044244878 0.9990111 0.005142431 -40.423096 -0.99892414 -0.044312716 0.013929939 -148.64526 0.014143136 -0.004522602 0.99988985 2.5195312
-0.03136647 0.9994303 0.011897902 -40.42517 -0.99918574 -0.03165352 0.024742011 -149.3894 0.025113497 -0.011110803 0.99962294 2.539795
-0.017907383 0.9996529 0.019667441 -40.424072 -0.99933094 -0.018526433 0.031758472 -150.15515 0.03210998 -0.01909526 0.9993021 2.5616455
