7.776170930142856097e-01 -6.283780189455084875e-01 2.127726387793303295e-02 -6.595819939968697554e+01 6.274096409771257044e-01 7.777283117350534125e-01 3.867577451969465840e-02 2.571228779161260292e+01 -4.085093708799495543e-02 -1.672538286145138983e-02 9.990252561908387063e-01 -8.851863786562066405e-01 -4.809208017785018303e-24 -1.416202385148814181e-23 -3.430527606006730092e-24 9.999999999999997780e-01
7.495309505961061936e-01 -6.613889315752273790e-01 2.771344959181202758e-02 -6.555814514623348543e+01 6.606348132116161009e-01 7.500211055890759759e-01 3.209337538798515826e-02 2.609073287722050694e+01 -4.201187536104009079e-02 -5.746508567857822394e-03 9.991005855107518707e-01 -8.930490498354118900e-01 -4.809208017785018303e-24 -1.416202385148814181e-23 -3.430527606006730092e-24 9.999999999999997780e-01
7.211235450167916561e-01 -6.927112762797195122e-01 1.148566660403748350e-02 -6.520620618492003473e+01 6.923572782356076649e-01 7.211538406873183593e-01 2.405280308222144253e-02 2.648774876933702771e+01 -2.494458050554596018e-02 -9.392857757549199701e-03 9.996447079470519581e-01 -9.020920897983505382e-01 9.720336051618111416e-19 3.862411807741125778e-18 -5.281892559477038919e-20 1.000000000000000000e+00
6.909911031714163210e-01 -7.227243458037959645e-01 -1.417093223562409209e-02 -6.487005777174022114e+01 7.228593443126503093e-01 6.909191090084975118e-01 1.025442084127382858e-02 2.690123195611224460e+01 2.379848279950959929e-03 -1.732930435363781024e-02 9.998470040625118127e-01 -9.076666678108895603e-01 1.286823678469924098e-18 8.586806084516695957e-18 -8.523831814179930743e-20 1.000000000000000000e+00
6.563067147632108966e-01 -7.539557830902312574e-01 -2.849865438087946512e-02 -6.453104016756411454e+01 7.540063831979701980e-01 6.567723784929491160e-01 -1.115423441703706879e-02 2.732387925796183836e+01 2.712692856624821999e-02 -1.416756836979130019e-02 9.995315951749822458e-01 -9.273308372958476431e-01 -6.849804148483618055e-19 1.494545048231816182e-17 -5.793412570896343268e-20 9.999999999999998890e-01
6.189380535884209111e-01 -7.849445988380322481e-01 -2.788660207306677477e-02 -6.419373573158873114e+01 7.842346330400756793e-01 6.195648007367468013e-01 -3.339907227052155841e-02 2.776749038278264337e+01 4.349397844157194132e-02 -1.197682360730157594e-03 9.990529712664295570e-01 -9.386468408111834361e-01 -4.216890322816766527e-18 2.208589284430177977e-17 -7.840171789048927394e-21 9.999999999999996669e-01
5.860934708261172910e-01 -8.099367450374680422e-01 -2.229153411302140647e-02 -6.386871054734807274e+01 8.089792418532869567e-01 5.864937758888825181e-01 -3.971948003283317513e-02 2.825836028164315294e+01 4.524411238467575952e-02 5.245939545353693438e-03 9.989621866781565052e-01 -9.603869051889648567e-01 -6.763414711787284129e-18 3.105685237159015173e-17 -3.193004774930306422e-20 9.999999999999994449e-01
5.573189067183871304e-01 -8.301451326849016432e-01 -1.595916331752698578e-02 -6.356572824595845361e+01 8.298002352788167446e-01 5.575473523991328895e-01 -2.392737687110645106e-02 2.876348976132495494e+01 2.876118470165936122e-02 9.226204270770921420e-05 9.995863073003088406e-01 -9.316130905523942740e-01 -1.008686461758313013e-17 4.386079652690977366e-17 -1.307142523111762452e-19 9.999999999999992228e-01
5.286139354971453042e-01 -8.488255852658116440e-01 -7.901455333091314884e-03 -6.328484278354465431e+01 8.487859474682026839e-01 5.286683451277016665e-01 -8.496837084200110565e-03 2.927583096322003087e+01 1.138958202595082708e-02 -2.215097760917423761e-03 9.999326831158078521e-01 -8.755118532381628293e-01 -1.407271979279304308e-17 5.889278143642085908e-17 -1.992483922271256876e-19 9.999999999999992228e-01
4.987417074617646051e-01 -8.667278355198833051e-01 -6.290339669063387852e-03 -6.301039412589474864e+01 8.667134833021739038e-01 4.987743989614087381e-01 -5.642411088276967288e-03 2.979469251158370469e+01 8.027895137356588079e-03 -2.637816465358154647e-03 9.999642967746167344e-01 -8.682498884605660550e-01 -1.800116636376045025e-17 7.555519159884190197e-17 -2.630636086952969464e-19 9.999999999999991118e-01
4.712083212511702368e-01 -8.820114974578437961e-01 -4.293755446967839270e-03 -6.274861575424041149e+01 8.818916519568381629e-01 4.712168020996804763e-01 -1.489428171413581699e-02 3.031731346424157181e+01 1.516021742896296251e-02 3.231682398535911348e-03 9.998798548007536979e-01 -8.632422851675184416e-01 -2.223035068528355901e-17 9.379026406424802291e-17 -3.129544252608907414e-19 9.999999999999991118e-01
4.457843744379748063e-01 -8.951240538382000400e-01 -5.405529319617173936e-03 -6.250045482271330854e+01 8.948729052273518558e-01 4.457906592582972505e-01 -2.175250808531612248e-02 3.085426350029288756e+01 2.188092769750940580e-02 4.859666482733257346e-03 9.997487727648221023e-01 -8.587685444079699026e-01 -2.640159855393515785e-17 1.114376234409690911e-16 -4.337969766975660450e-19 9.999999999999990008e-01
4.226976219573158056e-01 -9.062525546571532642e-01 -5.746961721724340964e-03 -6.226177477232798907e+01 9.060103858284842548e-01 4.227196770201073206e-01 -2.128979640407464846e-02 3.140978539310035345e+01 2.172328618217841262e-02 3.792339305117998615e-03 9.997568289339348047e-01 -8.542760568596796666e-01 -3.148719839639699436e-17 1.323810153776867893e-16 -5.457551396850228152e-19 9.999999999999987788e-01
4.030738984626270893e-01 -9.151535290872170325e-01 -5.044856526399345460e-03 -6.202889664486850307e+01 9.150457192448084864e-01 4.031040694444887329e-01 -1.408690487768336427e-02 3.198815731559369624e+01 1.492528290828390794e-02 1.061789297635569018e-03 9.998880480001695048e-01 -8.475260792658220188e-01 -3.688901664569559299e-17 1.555994438086926621e-16 -6.175796501402734975e-19 9.999999999999984457e-01
3.858853056703527851e-01 -9.225440546368787187e-01 -2.235647975108696374e-03 -6.180180597717426849e+01 9.225293288616739362e-01 3.858917784307581145e-01 -5.212746834886731670e-03 3.257200034679745215e+01 5.671706773912699000e-03 -5.092842028366817615e-05 9.999839144449074180e-01 -8.429006974713004752e-01 -4.162368878177836211e-17 1.778643813175845931e-16 -6.812641654000113223e-19 9.999999999999983347e-01
3.696219114209433054e-01 -9.291811581550777355e-01 1.420537623973316737e-03 -6.157731339453398078e+01 9.291805450469942107e-01 3.696237271759590937e-01 1.347224818231010455e-03 3.316110043023285670e+01 -1.776880328064900979e-03 8.219721112773616979e-04 9.999980835272336277e-01 -8.399173741663948922e-01 -4.679389860403746626e-17 2.003818201283773321e-16 -7.691055298339363773e-19 9.999999999999983347e-01
3.555058670851483638e-01 -9.346722380869517677e-01 1.840059127299425784e-03 -6.136164317224157116e+01 9.346669211738257710e-01 3.555101555148124093e-01 3.205587194812036054e-03 3.375826052337021821e+01 -3.650333064259440614e-03 5.802373440847187740e-04 9.999931691732377725e-01 -8.409822330040445104e-01 -5.200019019268392023e-17 2.237708542799090099e-16 -9.120740708698561833e-19 9.999999999999982236e-01
3.425387474960596701e-01 -9.395036300165724441e-01 3.683063162666023647e-04 -6.115754346602169278e+01 9.395011382237046238e-01 3.425387022280702576e-01 2.201988251852350816e-03 3.435830510042378449e+01 -2.194935123464276418e-03 -4.082420944402027950e-04 9.999975077959878389e-01 -8.460907296152424539e-01 -5.834309704946702871e-17 2.483055398520719651e-16 -1.063316927894932145e-18 9.999999999999981126e-01
3.303132896329746271e-01 -9.438613603398693375e-01 -4.343172716462743478e-03 -6.096075944404709901e+01 9.438712599614377252e-01 3.303077190032326360e-01 1.963513605161340374e-03 3.497133365978692865e+01 -4.187011492001276773e-04 -4.747970542274645989e-03 9.999886406680168482e-01 -8.506713034063766443e-01 -6.324445177329862750e-17 2.706614078131036138e-16 -1.176099711859682808e-18 9.999999999999977796e-01
3.199047999392619079e-01 -9.474209711033920733e-01 -7.377159979269176486e-03 -6.076535922505924958e+01 9.474496783372657882e-01 3.198964227297917406e-01 2.320720422774761021e-03 3.559853229665615970e+01 1.612278906704521660e-04 -7.731897451960440155e-03 9.999700954365334793e-01 -8.573268884974332149e-01 -6.796687092115713843e-17 2.922765216589078977e-16 -1.185428385469966546e-18 9.999999999999974465e-01
3.118250452100799763e-01 -9.500930568505971952e-01 -9.398111728194371781e-03 -6.057033669254023067e+01 9.501394361522038645e-01 3.118143313943541606e-01 2.621946881641557502e-03 3.622773882339247820e+01 4.393723972194786575e-04 -9.747105283224611130e-03 9.999523993123292653e-01 -8.601208095060749459e-01 -7.130437772099931671e-17 3.139567204410824308e-16 -1.132949962609894185e-18 9.999999999999968914e-01
3.058318504916584524e-01 -9.520213704989467507e-01 -1.105392863167808763e-02 -6.037346848762145868e+01 9.520837701538521491e-01 3.058330669207222074e-01 1.621661949135129585e-03 3.686869150887962121e+01 1.836800063649283304e-03 -1.102022192143157012e-02 9.999375884895601585e-01 -8.579719440350443982e-01 -7.469170092373028621e-17 3.364318225497800746e-16 -1.031330980626863784e-18 9.999999999999965583e-01
3.011988488477956860e-01 -9.534763849258769408e-01 -1.272936924932365800e-02 -6.017344163002503166e+01 9.535587470829667289e-01 3.012023947387502121e-01 1.683230581238297045e-03 3.752048188877389379e+01 2.229195891816574803e-03 -1.264518850595161906e-02 9.999175615486062263e-01 -8.588005376756326914e-01 -7.831642075192032374e-17 3.576278993237387227e-16 -8.859708431410194835e-19 9.999999999999962252e-01
2.978502906002878925e-01 -9.545270906266242195e-01 -1.277644900747950535e-02 -5.997390823046029595e+01 9.546090084018982180e-01 2.978591763469823905e-01 1.245850643299472671e-03 3.817445952061315495e+01 2.616384388105377073e-03 -1.256759029407423026e-02 9.999176017087191282e-01 -8.649324764518412367e-01 -8.133092857223866308e-17 3.756564898631929959e-16 -7.017890649328797138e-19 9.999999999999956701e-01
2.956530835164298265e-01 -9.552221585495593859e-01 -1.182717308552221763e-02 -5.977070188582916188e+01 9.552860676208196899e-01 2.956821959095242147e-01 -7.536787481025814320e-04 3.883346164565728031e+01 4.217015149947043670e-03 -1.107550622207739005e-02 9.999297725066139675e-01 -8.671014297589076936e-01 -8.499764536488963877e-17 3.951520539169355367e-16 -4.787729617976844482e-19 9.999999999999950040e-01
2.947766740777859051e-01 -9.555026506004230535e-01 -1.101803590733197932e-02 -5.956664495920966118e+01 9.555524951245172316e-01 2.948145535443791876e-01 -1.951430172832161218e-03 3.950197786133792732e+01 5.112874039561213571e-03 -9.953075606575434442e-03 9.999373954428349975e-01 -8.651112903203866944e-01 -8.786380327320850469e-17 4.168377092394844972e-16 -2.764154112772237032e-19 9.999999999999944489e-01
2.944448703302389170e-01 -9.556082091823899782e-01 -1.073167645284209964e-02 -5.936020121980220665e+01 9.556572025431517847e-01 2.944773562970622871e-01 -1.548501104282900111e-03 4.018093392471948277e+01 4.639996077651689296e-03 -9.799855690659766902e-03 9.999412149045624476e-01 -8.636347360106525484e-01 -9.151730385222524143e-17 4.373325651069063119e-16 -9.184962027568937496e-20 9.999999999999937828e-01
2.934167177940119609e-01 -9.559068128756104121e-01 -1.219814809875223102e-02 -5.915266491458375953e+01 9.559797253420139196e-01 2.934322328486360654e-01 5.380152866712353387e-04 4.087137593564651894e+01 3.065037355277689269e-03 -1.181904494865955446e-02 9.999254550827670895e-01 -8.643478977440108846e-01 -9.671178348576535456e-17 4.556884824267836424e-16 1.069265139017282178e-19 9.999999999999930056e-01
2.928823822910359698e-01 -9.560893913823684809e-01 -1.062947927605822039e-02 -5.894473683475253267e+01 9.561481929629385146e-01 2.928556269599795203e-01 4.026766886645463846e-03 4.156619408626614387e+01 -7.370462842404908350e-04 -1.134272648062619078e-02 9.999353975726246180e-01 -8.659476738763610681e-01 -1.010179981361566904e-16 4.730814487538600180e-16 3.291573002833306188e-19 9.999999999999922284e-01
2.923710759921396840e-01 -9.562828115465328294e-01 -6.506785990068129216e-03 -5.872727712245833942e+01 9.563009240107941400e-01 2.923433388898716290e-01 4.890290665777285994e-03 4.226817271547738386e+01 -2.774285365367991970e-03 -7.652224998504664373e-03 9.999668728479169655e-01 -8.721638732507459579e-01 -1.046288236060204119e-16 4.883446652574455566e-16 5.347910721000838737e-19 9.999999999999914513e-01
2.918013107978608689e-01 -9.564768914927687105e-01 -1.987726603040855088e-03 -5.850672507352918217e+01 9.564781386631767690e-01 2.917977127280276251e-01 1.914446679382056891e-03 4.296824265864599823e+01 -1.251109932525167360e-03 -2.459855091938246020e-03 9.999961919111582942e-01 -8.773725013422880581e-01 -1.075229501645089360e-16 5.028064018744705133e-16 6.713768631096302207e-19 9.999999999999905631e-01
2.914786776796613466e-01 -9.565773057047424199e-01 1.966439511872860343e-04 -5.828333674847264945e+01 9.565732656138369316e-01 2.914768353508798149e-01 -2.973544465346765302e-03 4.368192688590014683e+01 2.787107996474512319e-03 1.054829155337301148e-03 9.999955596723520967e-01 -8.778338896911855871e-01 -1.102915833647794608e-16 5.152065991590730571e-16 7.426688977819200519e-19 9.999999999999893419e-01
2.912433980519853471e-01 -9.566426754963438528e-01 -3.474839623026712218e-03 -5.806736200937100278e+01 9.566285091732139589e-01 2.912590085730553113e-01 -5.485012492781859636e-03 4.440647158215043078e+01 6.259275369781807513e-03 -1.726656971430783061e-03 9.999789198415615088e-01 -8.775577230454686406e-01 -1.120333225006300893e-16 5.258102368720847798e-16 7.829911636807845228e-19 9.999999999999880096e-01
2.908743599965745164e-01 -9.567123400170501890e-01 -9.674975750110626979e-03 -5.784939419816619477e+01 9.567128012337154930e-01 2.909465300180416047e-01 -7.122683902047667777e-03 4.514517424554495051e+01 9.629260205636362702e-03 -7.184367030284804709e-03 9.999278285047428216e-01 -8.786596250900547966e-01 -1.129767368332727435e-16 5.360879218910441288e-16 8.543235974797020429e-19 9.999999999999867883e-01
2.902473843947217524e-01 -9.569138740443576818e-01 -8.502559234118934120e-03 -5.762429883196131897e+01 9.569002602391319945e-01 2.903124193147332277e-01 -7.784031466912255670e-03 4.587988720992828462e+01 9.917046248313224691e-03 -5.876806370503508126e-03 9.999335554628282496e-01 -8.794519060617866923e-01 -1.139378689061201562e-16 5.484910839897938621e-16 1.003754337195147414e-18 9.999999999999852340e-01
2.897523300811805091e-01 -9.570942744246673239e-01 -3.759930337176362221e-03 -5.738964857138748954e+01 9.570650376905343037e-01 2.897733730697743537e-01 -7.609591983190072510e-03 4.662264428722330223e+01 8.372624614133059029e-03 -1.393600861760555757e-03 9.999639778680259328e-01 -8.812469929105950506e-01 -1.152089590415782182e-16 5.624601524242562825e-16 1.148286391290537170e-18 9.999999999999837907e-01
2.900784194550534156e-01 -9.569950797076505200e-01 -3.863674663607824609e-03 -5.716035108458101632e+01 9.569909018566684633e-01 2.900926236266120894e-01 -3.831903046463201561e-03 4.738641749254993840e+01 4.787935881390887466e-03 -2.585949121576827745e-03 9.999851941589281701e-01 -8.775471206420819570e-01 -1.175725263648359060e-16 5.737431080782696185e-16 1.279754132504650051e-18 9.999999999999821254e-01
2.912785820664341996e-01 -9.566220839856501845e-01 -5.565614110411695389e-03 -5.692944807031311427e+01 9.566382266065812656e-01 2.912718031344717073e-01 2.009998451920656098e-03 4.815833961916204942e+01 -3.017024503904687277e-04 -5.909748711584679459e-03 9.999824917695941950e-01 -8.755240561900544671e-01 -1.197923470121856640e-16 5.845148358779582314e-16 1.414335582147865756e-18 9.999999999999803491e-01
2.910636376664020308e-01 -9.566727514315387371e-01 -7.694510830639872748e-03 -5.669446931871180340e+01 9.566913375083675453e-01 2.910095870940568874e-01 7.423271230653800262e-03 4.894380378082340144e+01 -4.862464893133033178e-03 -9.521916185808365282e-03 9.999428431401663486e-01 -8.818033177151893831e-01 -1.218212151728186217e-16 5.915433505864545129e-16 1.552660483013079349e-18 9.999999999999782396e-01
2.907811948818945225e-01 -9.567834381464672688e-01 -3.427709410119812380e-03 -5.644950479382733732e+01 9.567583671342559937e-01 2.907409071358033614e-01 9.118762877016026516e-03 4.972971778545181820e+01 -7.728105953813704104e-03 -5.931054423452245331e-03 9.999525483600283371e-01 -8.981160322142994756e-01 -1.238969389158200519e-16 5.973465555750555028e-16 1.706122360299717984e-18 9.999999999999760192e-01
2.901656462623729560e-01 -9.569728496053653277e-01 2.619703694929149083e-03 -5.620456696768752636e+01 9.569415636486893195e-01 2.901773550180097860e-01 7.742505816433864312e-03 5.051321065171240576e+01 -8.169546543360441462e-03 2.602941462146333897e-04 9.999665948201227339e-01 -9.087546576569274226e-01 -1.276079341242903595e-16 6.045377780691960424e-16 1.822378020928198995e-18 9.999999999999737987e-01
2.893469881964298995e-01 -9.572230474470886374e-01 1.535531794875005795e-03 -5.596725189838230108e+01 9.572044730326365602e-01 2.893509482940979094e-01 5.968712388950359049e-03 5.130239742406613601e+01 -6.157696643265007062e-03 -2.572110506068326090e-04 9.999810081268739603e-01 -9.110724985765404904e-01 -1.322848674532969575e-16 6.099756425003578464e-16 1.889720213775674576e-18 9.999999999999714673e-01
2.899796920751616103e-01 -9.570111643652133848e-01 -6.435018606717980358e-03 -5.573929751831728652e+01 9.570273828670173843e-01 2.899488746599676592e-01 5.313993421934297759e-03 5.211046889939936477e+01 -3.219724628715978348e-03 -7.699439192062006686e-03 9.999651753983000990e-01 -9.201700086347297525e-01 -1.360764949790122318e-16 6.116588150445611549e-16 1.970670641910358372e-18 9.999999999999688027e-01
2.892158757102303857e-01 -9.572249650034387880e-01 -8.633864225967510103e-03 -5.549485582535145056e+01 9.572628304821374501e-01 2.892172805430448523e-01 1.112660134264914849e-03 5.290922516944444709e+01 1.431996673934521520e-03 -8.586676282039943167e-03 9.999621084700456297e-01 -9.305693038556396290e-01 -1.389230728480326481e-16 6.138510994369516182e-16 2.075277622437449664e-18 9.999999999999660272e-01
2.884073173018807390e-01 -9.574759235666310264e-01 -7.815057076390878252e-03 -5.524705292494530084e+01 9.574907610201465191e-01 2.884412893052097915e-01 -3.614579501227179695e-03 5.371019869851789963e+01 5.715057985355286030e-03 -6.440373770358688403e-03 9.999629291617889715e-01 -9.315591286639630653e-01 -1.415804246556490236e-16 6.121236795586026457e-16 2.162348080716020668e-18 9.999999999999629186e-01
2.885614228922806501e-01 -9.574114833039625294e-01 -9.775318728411593050e-03 -5.500334175510316470e+01 9.574349462108092679e-01 2.886142883544524085e-01 -4.485123400707955246e-03 5.452361153831171237e+01 7.115405306116656323e-03 -8.064998170567286295e-03 9.999421617332368006e-01 -9.281429520777046971e-01 -1.432609850437482338e-16 6.087048721151053187e-16 2.245947987391718766e-18 9.999999999999595879e-01
2.888932028758555703e-01 -9.572386445471633420e-01 -1.532627540527417911e-02 -5.476827532129831866e+01 9.573460264934123831e-01 2.889420826481474691e-01 -1.028801335185351024e-03 5.535153490092447726e+01 5.413214330445803926e-03 -1.437533514733143822e-02 9.998820164648988262e-01 -9.266902288947853616e-01 -1.454159165806951507e-16 6.028585388784791775e-16 2.314766717164411174e-18 9.999999999999561462e-01
2.889804076288601253e-01 -9.572553467087357992e-01 -1.235010948780276667e-02 -5.451971158604463596e+01 9.573350083072693639e-01 2.889553262301394754e-01 3.808058890775821610e-03 5.617972070315789068e+01 -7.665481774495837882e-05 -1.292364657962493529e-02 9.999164832539866321e-01 -9.277067056558649938e-01 -1.470337326836044060e-16 6.001338013500851076e-16 2.383150073346228444e-18 9.999999999999525935e-01
2.880326915233584195e-01 -9.576019528394248415e-01 -5.972313797929276399e-03 -5.426318540673888435e+01 9.576052396765541985e-01 2.879871802813276371e-01 7.455798923052798718e-03 5.700757558893977972e+01 -5.419737798266417370e-03 -7.866632817145011516e-03 9.999543702240681897e-01 -9.350774208347053529e-01 -1.487944264484471950e-16 5.967090088568372744e-16 2.459605725425657260e-18 9.999999999999485967e-01
2.876010507294854412e-01 -9.577075114162566516e-01 -9.053076623654768632e-03 -5.401601159416109255e+01 9.577193582985842335e-01 2.875029319175733677e-01 1.075615539627977103e-02 5.784690335189767296e+01 -7.698464744795658656e-03 -1.176378832840588133e-02 9.999011685784903181e-01 -9.445463978033524777e-01 -1.519475436042012557e-16 5.951320211339538277e-16 2.597500175395583505e-18 9.999999999999447109e-01
2.881304426796187368e-01 -9.575378952232140861e-01 -1.010085208914695588e-02 -5.376703581655422681e+01 9.575637300115006356e-01 2.880263046489499046e-01 1.060899602662240815e-02 5.867560704935446836e+01 -7.249204624713581624e-03 -1.272898432430675207e-02 9.998927052390531589e-01 -9.610423987167618920e-01 -1.559103958349002881e-16 5.958863671498866376e-16 2.726351955167979660e-18 9.999999999999407141e-01
2.862866743375604428e-01 -9.581257642582379219e-01 -5.912694943510438637e-03 -5.351331608092220904e+01 9.581406718740582695e-01 2.862639418696461546e-01 4.405506320309808196e-03 5.950627233394059346e+01 -2.528437748482081568e-03 -6.926431258967502211e-03 9.999728154067266672e-01 -9.573659963183207555e-01 -1.607813475471778269e-16 5.987195890928813204e-16 2.843126764928326687e-18 9.999999999999368283e-01
2.858673968452922765e-01 -9.582555576115363571e-01 -5.110550625229381451e-03 -5.326286813785361574e+01 9.582665922889046506e-01 2.858749645007622187e-01 -8.017322836230607883e-04 6.034476738882394642e+01 2.229242895072616922e-03 -4.668080811463958327e-03 9.999866196592527290e-01 -9.607269148237574941e-01 -1.657764244003028927e-16 6.023816946181543726e-16 2.986337136464402127e-18 9.999999999999328315e-01
2.858500109636781805e-01 -9.582434654102993665e-01 -7.696247834118101656e-03 -5.301557948953242771e+01 9.582668172457124989e-01 2.858704285453518290e-01 -1.674828058127755597e-03 6.119391605281761315e+01 3.805022708925294254e-03 -6.896309297948475560e-03 9.999689808789749002e-01 -9.676935174967216113e-01 -1.707163368160253850e-16 6.046157686528717219e-16 3.145761062845775385e-18 9.999999999999289457e-01
2.850932513734876217e-01 -9.584793320436902908e-01 -6.261634497269146296e-03 -5.276028888994346033e+01 9.584995253422081696e-01 2.850919000379941171e-01 1.126255495856915475e-03 6.203785026034866945e+01 7.056486607989584294e-04 -6.322861534681542030e-03 9.999797615361334380e-01 -9.701989185809675176e-01 -1.758247391075498742e-16 6.052854535238965400e-16 3.304076191772241456e-18 9.999999999999249489e-01
2.843420229154942080e-01 -9.587204736775248870e-01 -2.160406460249325762e-03 -5.250224239541142168e+01 9.587169999103880569e-01 2.843316378613996998e-01 4.151360479688032991e-03 6.289036728385045194e+01 -3.365722378194784762e-03 -3.251624636793844052e-03 9.999890493650281931e-01 -9.694111690194961994e-01 -1.798327272398634849e-16 6.074408914159795916e-16 3.441108775992227360e-18 9.999999999999208411e-01
2.836628724028198434e-01 -9.589240687720220757e-01 -7.176420751520578331e-05 -5.225457711900878621e+01 9.589041490488932062e-01 2.836564958784039137e-01 6.467246922445872570e-03 6.374425069760564355e+01 -6.181242348982720312e-03 -1.903332834888940301e-03 9.999790845647813509e-01 -9.657087576302543219e-01 -1.847905538906121292e-16 6.115146009377615674e-16 3.538112011661694545e-18 9.999999999999164002e-01
2.834665309176653269e-01 -9.589660415448373332e-01 -5.554908958974664329e-03 -5.201349468838487411e+01 9.589761324839136680e-01 2.834395161137245878e-01 5.178612880385491911e-03 6.459626952490734197e+01 -3.391633187199117987e-03 -6.794988537937115929e-03 9.999711620616694718e-01 -9.647373209800677030e-01 -1.896528654504283969e-16 6.168838625511310769e-16 3.617717029997480352e-18 9.999999999999118483e-01
2.835014626600348420e-01 -9.589629788879459049e-01 -4.114096765300319022e-03 -5.176129355451394787e+01 9.589713643752932892e-01 2.835028312186260169e-01 2.588419663955006758e-04 6.544512739996213213e+01 9.181382177238768885e-04 -4.018683064253896799e-03 9.999915035681616882e-01 -9.741418529107837010e-01 -1.937966723389754402e-16 6.243633358009210539e-16 3.759051189073256098e-18 9.999999999999072964e-01
2.830059955701191288e-01 -9.591140951485490618e-01 -2.785490794286741255e-03 -5.150837701208507724e+01 9.591085868136268733e-01 2.830149455090959498e-01 -3.641334755592223749e-03 6.629765709239880778e+01 4.280791014613592391e-03 -1.641068571571022367e-03 9.999894908058283294e-01 -9.867177030444794772e-01 -1.977473587245503275e-16 6.305368247218217763e-16 3.861844475590904452e-18 9.999999999999025224e-01
2.835268523805722363e-01 -9.589513299810996649e-01 -4.987053926617119812e-03 -5.125867556965688010e+01 9.589623826738908896e-01 2.835328448881521690e-01 -5.239141111384407884e-04 6.715523511391066336e+01 1.916401721106609189e-03 -4.633853397133730692e-03 9.999874273244642175e-01 -9.916245247062895896e-01 -2.007333786890565438e-16 6.354312320350558626e-16 3.966652361047519430e-18 9.999999999998976374e-01
2.839072237641886987e-01 -9.588399379859781080e-01 -4.760422017093250691e-03 -5.101136995381485661e+01 9.588429236443442027e-01 2.838798016299025617e-01 5.701403659071568007e-03 6.801794524301497802e+01 -4.115345872999466408e-03 -6.183166649046527817e-03 9.999724158087539561e-01 -9.832293008255171829e-01 -2.040263743216776582e-16 6.383543951013574904e-16 4.063915481594687690e-18 9.999999999998923084e-01
2.831984267234657349e-01 -9.590549667492360708e-01 -3.495977002554737610e-03 -5.075752274256790741e+01 9.590274925729207478e-01 2.831559268746671187e-01 9.433428061607015275e-03 6.887570332063673106e+01 -8.057269427453862820e-03 -6.024270044497992069e-03 9.999493930092960836e-01 -9.792140780352920348e-01 -2.076765888127516192e-16 6.404152226241672327e-16 4.149483305184823407e-18 9.999999999998869793e-01
2.832218721947600826e-01 -9.590470247593615438e-01 -3.765024693281043746e-03 -5.050932683164814563e+01 9.590132565030125011e-01 2.831711651074533265e-01 1.037617960152768630e-02 6.972379513160373676e+01 -8.885097746147789174e-03 -6.549469604880423131e-03 9.999390778871422025e-01 -9.860723850260961765e-01 -2.099825941750174137e-16 6.432491715959521903e-16 4.226407260259136868e-18 9.999999999998814282e-01
2.835631481579976576e-01 -9.589429026041074167e-01 -4.522228672549740390e-03 -5.025508165023963869e+01 9.588988639617980203e-01 2.834934507516494451e-01 1.201798958404201589e-02 7.058834639727173510e+01 -1.024254360370626532e-02 -7.744218897652936986e-03 9.999175552884550511e-01 -1.004261549820188559e+00 -2.136625398046904063e-16 6.473656984663039161e-16 4.281846014328112680e-18 9.999999999998758771e-01
2.836138899539756286e-01 -9.589127049486700916e-01 -7.041712393567271973e-03 -5.001104483654018651e+01 9.588895571809294971e-01 2.835175152444260882e-01 1.219162330998150960e-02 7.144669747951439831e+01 -9.694253684987415645e-03 -1.020993819064910761e-02 9.999008843917881473e-01 -1.017805290258033235e+00 -2.180581744776998002e-16 6.541946416069275504e-16 4.351407093892757405e-18 9.999999999998705480e-01
2.837876372511415890e-01 -9.588389379674040480e-01 -9.616027308225319481e-03 -4.976523847051647920e+01 9.588699607398531999e-01 2.837082225652822753e-01 8.834185845056293646e-03 7.229354226838712805e+01 -5.742415357712245087e-03 -1.172755245550607082e-02 9.999147409550002141e-01 -1.028833805249420807e+00 -2.213663508580318309e-16 6.600852127805890653e-16 4.446898595899196134e-18 9.999999999998653299e-01
2.837669997083025475e-01 -9.588448831619220680e-01 -9.632232918112586945e-03 -4.951397488052662510e+01 9.588901594250606175e-01 2.837773217067894871e-01 3.063374743519260159e-04 7.312975409217067124e+01 2.439679139767102125e-03 -9.323181824452179967e-03 9.999535620448591899e-01 -1.023376003292994607e+00 -2.236277651653434266e-16 6.655094996471252924e-16 4.555430122859448825e-18 9.999999999998603339e-01
2.834481854542935109e-01 -9.589446078013147412e-01 -9.075534788351680496e-03 -4.926155301916589480e+01 9.589479874267938797e-01 2.835097631517323191e-01 -6.400906786955012050e-03 7.397420783688323809e+01 8.711117766722330583e-03 -6.888640406076090850e-03 9.999383296286057377e-01 -1.019864342932723211e+00 -2.257687621563794811e-16 6.713645695201335377e-16 4.672076514115396982e-18 9.999999999998553379e-01
2.835585710306802731e-01 -9.589083113775315192e-01 -9.454478641179635962e-03 -4.900811094961603231e+01 9.589200807147901795e-01 2.836185271681688769e-01 -5.727988202050001559e-03 7.483108929592279424e+01 8.174080801784798511e-03 -7.441869272250882690e-03 9.999388996256788342e-01 -1.018288354120310268e+00 -2.285633119481059151e-16 6.783799599487844858e-16 4.803855336465788305e-18 9.999999999998502309e-01
2.838014466052514728e-01 -9.588493164064806340e-01 -8.045329815531500339e-03 -4.875752164668273991e+01 9.588808423785604163e-01 2.838088772738709964e-01 2.264947472338927530e-04 7.568763365343804139e+01 2.066161688701907521e-03 -7.778792167631076206e-03 9.999676101595080802e-01 -1.011628905264641221e+00 -2.311604808602826022e-16 6.842845444572812674e-16 4.913878687698636570e-18 9.999999999998449018e-01
2.835347194403017301e-01 -9.589348949779354925e-01 -7.206251856368045376e-03 -4.850678204946904515e+01 9.589482608392184693e-01 2.834824762729259429e-01 7.477879348508139658e-03 7.654547597103716328e+01 -5.127953326816325069e-03 -9.030661107907539398e-03 9.999460741732314473e-01 -1.008734351116334915e+00 -2.336122201046890979e-16 6.903208075484978828e-16 5.003363416959655470e-18 9.999999999998393507e-01
2.833907045646441580e-01 -9.589782286017638491e-01 -7.103916837391940561e-03 -4.825612611695278531e+01 9.589603321256591206e-01 2.832987397984046418e-01 1.170065972600806484e-02 7.739983789237091116e+01 -9.208147249839407703e-03 -1.012823265338863056e-02 9.999063100747821453e-01 -1.014338012812268097e+00 -2.361944864478379127e-16 6.975778805475171690e-16 5.101092727964305979e-18 9.999999999998335776e-01
2.832376242348712547e-01 -9.590241767340486057e-01 -7.005473404673316466e-03 -4.800515921001863262e+01 9.590054329445290016e-01 2.831467438923216950e-01 1.168336449807515047e-02 7.825158691947773093e+01 -9.221052035278436837e-03 -1.002745545892014950e-02 9.999072068628173104e-01 -1.024320983696011211e+00 -2.406554841173688991e-16 7.084367606532920247e-16 5.215711231423492992e-18 9.999999999998273603e-01
2.839054359144145834e-01 -9.587976098092925170e-01 -1.023947667087317728e-02 -4.775956918187907974e+01 9.588332202973383067e-01 2.838162631311114681e-01 9.337260651315558782e-03 7.910049722295559604e+01 -6.046413189487367251e-03 -1.246884944593667534e-02 9.999039797304793975e-01 -1.033999046134902233e+00 -2.452751540617406215e-16 7.206045205620691037e-16 5.325489392767396570e-18 9.999999999998210320e-01
2.841785411527840144e-01 -9.586878282146027441e-01 -1.265720275992180018e-02 -4.751062900650585874e+01 9.587643965107844890e-01 2.841013253054279764e-01 7.567624657351392295e-03 7.994971269963305360e+01 -3.659061568730827101e-03 -1.428583190073490911e-02 9.998912572250795439e-01 -1.041115520509233061e+00 -2.493791937683879717e-16 7.372428746893250790e-16 5.497056088793260312e-18 9.999999999998149258e-01
2.834486252588522270e-01 -9.589053692654295746e-01 -1.254470537961163701e-02 -4.725797256047203376e+01 9.589826261595794099e-01 2.833815819693347726e-01 6.870351124851347378e-03 8.080675868076862400e+01 -3.033078126529548373e-03 -1.397754609070840821e-02 9.998977090893678144e-01 -1.044607928744113901e+00 -2.538901630744080230e-16 7.537980089008296186e-16 5.659353710804019918e-18 9.999999999998083755e-01
2.825252530531244255e-01 -9.591805593600821744e-01 -1.233433959375674314e-02 -4.700526969438715241e+01 9.592502484694889198e-01 2.824415019368592961e-01 8.109179663906307747e-03 8.166243536206266640e+01 -4.294438085701136540e-03 -1.412276635660158174e-02 9.998910467004721303e-01 -1.048688238442372356e+00 -2.577807642401580139e-16 7.703451713718109372e-16 5.850314937645908753e-18 9.999999999998020472e-01
2.823757472125337231e-01 -9.592077366075165701e-01 -1.358143654835498003e-02 -4.675767593662321531e+01 9.592716869255274448e-01 2.822219821338807777e-01 1.218948167170658126e-02 8.251898964814481019e+01 -7.859265181817638030e-03 -1.647030154377861558e-02 9.998334666921558922e-01 -1.050087028419781410e+00 -2.623322339960874836e-16 7.884783190868168367e-16 6.004139191729882497e-18 9.999999999997954969e-01
2.821562965097658693e-01 -9.592786264722047429e-01 -1.312787620922653553e-02 -4.650782505106395348e+01 9.593212460114648454e-01 2.819802532486365698e-01 1.377983050677894505e-02 8.337291335179173757e+01 -9.516895023451332064e-03 -1.648191650482832768e-02 9.998188711647882920e-01 -1.056478637383356345e+00 -2.667282760262673742e-16 8.080361244657483095e-16 6.223038745501103039e-18 9.999999999997889466e-01
2.812182550437259398e-01 -9.595693698460504573e-01 -1.195481006499104874e-02 -4.625394897937911054e+01 9.596025778475029133e-01 2.810688263574414592e-01 1.277526666763912841e-02 8.422447337917603249e+01 -8.898630151571414529e-03 -1.506450475601772351e-02 9.998469258229821799e-01 -1.062235940462956219e+00 -2.718754727294296126e-16 8.305710946785992380e-16 6.443772432030160413e-18 9.999999999997823963e-01
2.805739266245644847e-01 -9.597351688542993253e-01 -1.366299245997204710e-02 -4.601248616749947473e+01 9.598040717011780965e-01 2.804278137525876846e-01 1.167840827067023746e-02 8.507741969957697847e+01 -7.376696028715597903e-03 -1.639045265991384212e-02 9.998384556602559758e-01 -1.077684535679542366e+00 -2.769408803597098827e-16 8.518622672321117977e-16 6.647167989222096767e-18 9.999999999997757349e-01
2.798319978221214810e-01 -9.599564999800193066e-01 -1.332558221144278937e-02 -4.576646972179270989e+01 9.600247784019831920e-01 2.796994208567233908e-01 1.098448117076311452e-02 8.593490727829723141e+01 -6.817466471645280447e-03 -1.586669842065501629e-02 9.998508738966600529e-01 -1.091098348226733350e+00 -2.804260306811256567e-16 8.702926645246693971e-16 6.913046041382283382e-18 9.999999999997690736e-01
2.784014190977905923e-01 -9.604219044680945006e-01 -9.078285218153087782e-03 -4.551296841903221235e+01 9.604492991648854172e-01 2.783307712641329146e-01 8.314174712423310146e-03 8.677792987557104709e+01 -5.458349384844185526e-03 -1.103391071394183541e-02 9.999242267472695511e-01 -1.092933367945669421e+00 -2.846055457084636209e-16 8.883455788279760765e-16 7.191342807488645169e-18 9.999999999997621902e-01
2.770916658150862633e-01 -9.607412120213632001e-01 -1.401899639184833908e-02 -4.527321911467564775e+01 9.608429591654374935e-01 2.770467084119110912e-01 5.092070334131893784e-03 8.762472852646327226e+01 -1.008245018893747956e-03 -1.488102422898865233e-02 9.998887630930000103e-01 -1.094012293470237873e+00 -2.880463678109853179e-16 9.047565918821666590e-16 7.409477151958138466e-18 9.999999999997551958e-01
2.763732090348631210e-01 -9.608090818956418477e-01 -2.153502902070573294e-02 -4.504143094081195642e+01 9.610415210018860011e-01 2.763975251849570269e-01 1.898152252001383909e-03 8.847782875131700564e+01 4.128466803584543432e-03 -2.122065547398621979e-02 9.997662924618304636e-01 -1.103967037375663596e+00 -2.922799911651147604e-16 9.212111930485884839e-16 7.722838111628859570e-18 9.999999999997479794e-01
2.750584861815904558e-01 -9.611536388919283969e-01 -2.294584111768703527e-02 -4.480559725164366824e+01 9.614131999315548294e-01 2.751061986710272023e-01 1.112856732448424570e-03 8.932630818402797956e+01 5.242916827257130229e-03 -2.236653522222582791e-02 9.997360901383224308e-01 -1.106324272271169473e+00 -2.953996730129756255e-16 9.389664779177320176e-16 8.161211683026825603e-18 9.999999999997407629e-01
2.737666814669411641e-01 -9.615590383709746725e-01 -2.135462118537656898e-02 -4.456541705140668341e+01 9.617934449771826655e-01 2.737509350514009121e-01 3.714129422924401271e-03 9.018126355220790913e+01 2.274492800891837144e-03 -2.155553956270271979e-02 9.997650651010068223e-01 -1.094358534334731958e+00 -2.971687296530493960e-16 9.552291527303916570e-16 8.604444475551329382e-18 9.999999999997333244e-01
2.732612999370473417e-01 -9.617616312675456580e-01 -1.851557664822036514e-02 -4.432693429290807785e+01 9.619379028332547543e-01 2.731714625799754326e-01 7.267951887752767924e-03 9.103554359914193128e+01 -1.932110110014134425e-03 -1.979688495144709195e-02 9.998021555770418844e-01 -1.085219073346505692e+00 -2.996243336624795647e-16 9.735701552454599210e-16 9.097855140832173065e-18 9.999999999997261080e-01
2.722323780109578983e-01 -9.620355046377916386e-01 -1.942215691227896363e-02 -4.409531550654959631e+01 9.622223810805126121e-01 2.720862699912088845e-01 9.856522205528111397e-03 9.189148823899759577e+01 -4.197822084503580707e-03 -2.137169854876286995e-02 9.997627862601421445e-01 -1.089159882072957108e+00 -3.028780314064168811e-16 9.893887456236224704e-16 9.524222352778141320e-18 9.999999999997187805e-01
2.713232443976024144e-01 -9.623285422993236304e-01 -1.753492874065557330e-02 -4.386428691569748395e+01 9.624742409209654515e-01 2.711758414079096235e-01 1.034401277525737357e-02 9.274215203811689889e+01 -5.199289680244698411e-03 -1.968348833551948618e-02 9.997927423588947038e-01 -1.097811295492471695e+00 -3.050155354868417503e-16 1.003100948008298084e-15 9.852839781122661894e-18 9.999999999997111200e-01
2.698771069298420699e-01 -9.627903335263501283e-01 -1.418170736287037784e-02 -4.362783381470102739e+01 9.628727966448139552e-01 2.697421650401354287e-01 1.073041848338075581e-02 9.359631157501527809e+01 -6.505738742446029628e-03 -1.655107452610597024e-02 9.998418561428586981e-01 -1.110600338394935882e+00 -3.058045637280510063e-16 1.016173941139191454e-15 1.015710191322027784e-17 9.999999999997035705e-01
2.689846618030802827e-01 -9.630396711052074954e-01 -1.420716694452478501e-02 -4.340148658627609990e+01 9.631076001276588361e-01 2.688160525098515219e-01 1.271536430222129296e-02 9.444823185404737842e+01 -8.426285720199145485e-03 -1.710326842706872200e-02 9.998182214371875709e-01 -1.115590774454551237e+00 -3.046180637673747219e-16 1.027365326337196761e-15 1.045681454581689148e-17 9.999999999996962430e-01
2.686007593129544624e-01 -9.630644221744959488e-01 -1.898817628278614070e-02 -4.318297413331925583e+01 9.632148335595444033e-01 2.683661035826798158e-01 1.402921447155436319e-02 9.529816193272880298e+01 -8.415254445437237926e-03 -2.205795071742589625e-02 9.997212763078071607e-01 -1.114042405790625079e+00 -3.031592407751334125e-16 1.037558740224127090e-15 1.071967321271441037e-17 9.999999999996888045e-01
2.683417778246942609e-01 -9.630337952112029143e-01 -2.363471081548769101e-02 -4.296496992521016978e+01 9.632954560567608127e-01 2.680650028110228011e-01 1.424845985732470753e-02 9.615074474307020580e+01 -7.386109551101874282e-03 -2.659066658313271811e-02 9.996191183826496074e-01 -1.118516919452003044e+00 -2.996114088381847825e-16 1.046395274790740511e-15 1.100625046683117847e-17 9.999999999996812550e-01
2.687450005256512564e-01 -9.628546678652666335e-01 -2.621093784820230713e-02 -4.273859957397885267e+01 9.631975935897824082e-01 2.684961516152994387e-01 1.265749859221891940e-02 9.699872710470646098e+01 -5.149795660524889539e-03 -2.864795172691900552e-02 9.995762974712067983e-01 -1.127696324376624037e+00 -2.948757666515176720e-16 1.054826312452574765e-15 1.126566183588702601e-17 9.999999999996732614e-01
2.702750966007765321e-01 -9.623841157842492056e-01 -2.771616575146208447e-02 -4.250504864693027685e+01 9.627708580662673876e-01 2.700142357950899852e-01 1.282915922130205277e-02 9.784435967899875664e+01 -4.862819738875691529e-03 -3.015171893066600009e-02 9.995335046057483019e-01 -1.141567981796492326e+00 -2.901341488534588469e-16 1.063723685506521261e-15 1.146118948494703174e-17 9.999999999996650457e-01
2.714160943442408547e-01 -9.620840552960921999e-01 -2.697358478773417140e-02 -4.226606944342059080e+01 9.624306508962550133e-01 2.710740409364835179e-01 1.568778332875520737e-02 9.869589069790947633e+01 -7.781127576559768340e-03 -3.021812164425247138e-02 9.995130410243096009e-01 -1.153320897898542974e+00 -2.826146372824038367e-16 1.074044798541926812e-15 1.176644679478934430e-17 9.999999999996570521e-01
