7.775967018118431495e-01 -6.283995836286480063e-01 2.138533672137441291e-02 -6.595484504589282437e+01 6.274437335473318500e-01 7.777181677608420163e-01 3.832509317540767207e-02 2.571346650903183217e+01 -4.071523748585128416e-02 -1.638337053420257233e-02 9.990364631015276053e-01 -8.984649361615434371e-01 -4.809208017785018303e-24 -1.416202385148814181e-23 -3.430527606006730092e-24 9.999999999999997780e-01
7.495395977121898090e-01 -6.613775674383827186e-01 2.775076126410163171e-02 -6.555955749758386730e+01 6.606379868298938307e-01 7.500332786758969750e-01 3.174163253566206905e-02 2.609601676659810465e+01 -4.180719816962537999e-02 -5.458403426995273033e-03 9.991107866564319373e-01 -9.111886079711889463e-01 -4.809208017785018303e-24 -1.416202385148814181e-23 -3.430527606006730092e-24 9.999999999999997780e-01
7.209973600685195549e-01 -6.928450514535074989e-01 1.133761220948987548e-02 -6.520647001007893095e+01 6.925072972964479989e-01 7.210296226221345472e-01 2.345051156265769848e-02 2.648451072576460419e+01 -2.442232514308514263e-02 -9.056377739943584707e-03 9.996607084690467548e-01 -9.202337346553969288e-01 -1.313777069101838654e-18 2.043404515775287902e-18 -8.555302177039547172e-20 9.999999999999997780e-01
6.908491680377714106e-01 -7.228589662140546546e-01 -1.422469632251741056e-02 -6.487204108881451248e+01 7.229945305787897070e-01 6.907797554878977175e-01 1.011128880192426784e-02 2.689724932456243423e+01 2.517096477107590331e-03 -1.726975309692348540e-02 9.998476983287485353e-01 -9.216696858689653604e-01 -2.730967234885939041e-18 3.161457323392553084e-18 -4.595866253578237966e-20 9.999999999999996669e-01
6.560943416670089734e-01 -7.540708543753394943e-01 -3.028797474544179039e-02 -6.453363575330502044e+01 7.541210374915668924e-01 6.566239900717292244e-01 -1.209944109972536930e-02 2.731986683820467832e+01 2.901164671607787959e-02 -1.490242409568804521e-02 9.994679795325579486e-01 -9.670128471327851249e-01 -5.753547627430686431e-18 2.508184703700480818e-18 2.176974079724143103e-20 9.999999999999993339e-01
6.186149203479737180e-01 -7.850928819575694328e-01 -3.073673734198201918e-02 -6.418868106376595506e+01 7.842531431079089455e-01 6.193759143401399436e-01 -3.633846805636620214e-02 2.775729078156674134e+01 4.756666740731860243e-02 -1.625864347075414718e-03 9.988667422218473479e-01 -1.009529885525219495e+00 -8.561998343793004820e-18 1.163299544516759843e-18 1.533742188125710166e-19 9.999999999999990008e-01
5.861123149611607852e-01 -8.099174357759093557e-01 -2.249669924784063885e-02 -6.386622378781320464e+01 8.089226470644556022e-01 5.865176795462292425e-01 -4.051126566702790283e-02 2.825935394505097875e+01 4.600549224936887477e-02 5.546062196331923849e-03 9.989257909759899912e-01 -9.838895750082182756e-01 -1.212828443230145113e-17 -2.527747881658795672e-18 4.113075192220420181e-19 9.999999999999984457e-01
5.572858184206638255e-01 -8.301658543122275580e-01 -1.603654954360058879e-02 -6.356387922904835364e+01 8.298127104942728538e-01 5.575164748722956087e-01 -2.421251222243147108e-02 2.876313543893413538e+01 2.904104146484322996e-02 1.859570461468724783e-04 9.995782027088290222e-01 -9.487603485640925260e-01 -1.689843920629464900e-17 -8.114140171025293418e-18 7.101188960379543066e-19 9.999999999999976685e-01
5.285495730395217695e-01 -8.488656555372093848e-01 -7.902385027864090861e-03 -6.328468755905339549e+01 8.488247636896044668e-01 5.286042373245665171e-01 -8.607022121864871256e-03 2.927855885213968179e+01 1.148343968639914045e-02 -2.158502236207977733e-03 9.999317334103676735e-01 -8.874045165409558678e-01 -2.226435876804702483e-17 -1.366060740001124060e-17 8.598568822424200814e-19 9.999999999999968914e-01
4.988020281986402793e-01 -8.666928074750844813e-01 -6.333572126838130263e-03 -6.301250219440844091e+01 8.666773196335088025e-01 4.988354716802435029e-01 -5.796190682942167771e-03 2.979990817418721960e+01 8.182927214972070956e-03 -2.598011646116461012e-03 9.999631443396688191e-01 -8.797102705753169216e-01 -2.627484993044289078e-17 -1.753899713543424288e-17 8.994799461984417751e-19 9.999999999999960032e-01
4.713124134425408784e-01 -8.819555905266817097e-01 -4.352616880401147074e-03 -6.275109499854831085e+01 8.818373740700613528e-01 4.713221522360677151e-01 -1.477411604087214281e-02 3.031912382835836794e+01 1.508159899326663896e-02 3.124924047557092223e-03 9.998813830757620202e-01 -8.728361424025703474e-01 -3.121259905674750919e-17 -2.276425005173299707e-17 9.407135219753389566e-19 9.999999999999951150e-01
4.458623976016110602e-01 -8.950855475686578799e-01 -5.346488442677981880e-03 -6.250568030946551801e+01 8.948380528162855896e-01 4.458681234418963024e-01 -2.159804922607017064e-02 3.086020277203283513e+01 2.171593048687231811e-02 4.845516704001870054e-03 9.997524390222587432e-01 -8.696546506624702744e-01 -3.663031808179612943e-17 -2.882872219422298733e-17 1.045043495751459183e-18 9.999999999999943379e-01
4.227747767458828743e-01 -9.062153029387949310e-01 -5.942463043715992023e-03 -6.226475264920077990e+01 9.059649064117699657e-01 4.227998058727159281e-01 -2.163128531362829010e-02 3.141554751979399995e+01 2.211507399473394697e-02 3.761498843939328849e-03 9.997483556518854675e-01 -8.684197353599876212e-01 -4.161226855299375818e-17 -3.476198279962965769e-17 1.188873593305621347e-18 9.999999999999934497e-01
4.032277291017823395e-01 -9.150847691211222434e-01 -5.221475459143958692e-03 -6.203301449903788978e+01 9.149795955448394302e-01 4.032606875429647908e-01 -1.389811566334004170e-02 3.198802234076499218e+01 1.482356974664916609e-02 8.265621139665866885e-04 9.998897832136461883e-01 -8.607689835565145442e-01 -4.635024322206920191e-17 -4.224587212266344815e-17 1.336961198977599792e-18 9.999999999999925615e-01
3.859363619425474901e-01 -9.225221464885728917e-01 -2.452298651161621910e-03 -6.180430444029823889e+01 9.225081548587621416e-01 3.859440379466160254e-01 -5.089576854596089377e-03 3.257558438695904357e+01 5.641697408300777074e-03 -2.980127287572936117e-04 9.999840410920375344e-01 -8.562964573418737624e-01 -5.089438054427667070e-17 -4.971256742535436780e-17 1.411772730384064635e-18 9.999999999999917843e-01
3.696500591689213522e-01 -9.291702843082956242e-01 1.190174298687366513e-03 -6.157879429047037689e+01 9.291693580512186967e-01 3.696515261209932790e-01 1.432932351251943372e-03 3.316126104554253118e+01 -1.771387906067187126e-03 5.761899606533868717e-04 9.999982650935006490e-01 -8.521389959704264161e-01 -5.690857796066775661e-17 -5.645130232587543242e-17 1.440165227906773478e-18 9.999999999999911182e-01
3.555568295710261895e-01 -9.346535252720473697e-01 1.458986614700016156e-03 -6.136877115786852244e+01 9.346476220418798997e-01 3.555597769967356880e-01 3.326799288784477310e-03 3.375766998400642649e+01 -3.628161638498979356e-03 1.807721622789239919e-04 9.999934018605053376e-01 -8.560499243770078870e-01 -6.249444178338113462e-17 -6.557714643396897595e-17 1.430310180648320820e-18 9.999999999999903411e-01
3.426746991223836858e-01 -9.394541003444579763e-01 -2.095885886254023804e-04 -6.116369123097280891e+01 9.394525586770083869e-01 3.426737125057720545e-01 1.901776209286853460e-03 3.435792585550353806e+01 -1.714810957988961368e-03 -8.485891261714186527e-04 9.999981696582599389e-01 -8.629688700903086485e-01 -6.906274209683109483e-17 -7.296017473139097525e-17 1.401250163803416669e-18 9.999999999999896749e-01
3.303837238560178857e-01 -9.438349709150490874e-01 -4.705601855937526813e-03 -6.096591976022938297e+01 9.438466508534028021e-01 3.303779749378502051e-01 1.973157063159996019e-03 3.497053946261705448e+01 -3.077074272899009985e-04 -5.093265530258464339e-03 9.999869818964517432e-01 -8.628389054700970062e-01 -7.427213464546551671e-17 -8.182601163264278143e-17 1.378685452109992770e-18 9.999999999999888978e-01
3.199943596592210171e-01 -9.473881581813441422e-01 -7.699839222543304953e-03 -6.077120643694998137e+01 9.474193943041077093e-01 3.199865008267084865e-01 2.265079497837732981e-03 3.559812849464424289e+01 3.179351161593830404e-04 -8.019789675951785254e-03 9.999677904266780493e-01 -8.676570323329066969e-01 -8.024925096689069842e-17 -9.083830776375515995e-17 1.325364661957297966e-18 9.999999999999881206e-01
3.117214493239093831e-01 -9.501250426424692197e-01 -9.599029901761094857e-03 -6.057529684605828635e+01 9.501733008761572563e-01 3.117124898272101152e-01 2.453973887855040708e-03 3.622837607603505461e+01 6.605554657623128939e-04 -9.885698223893861838e-03 9.999509171139850938e-01 -8.710561415378326178e-01 -8.484149289457263646e-17 -1.014071914284810178e-16 1.222738970019538782e-18 9.999999999999873435e-01
3.058277176361837157e-01 -9.520200095970652310e-01 -1.128310472584685351e-02 -6.037592565252171539e+01 9.520849409153383514e-01 3.058294749760681608e-01 1.611681764464280081e-03 3.686830914315314089e+01 1.916352705533314353e-03 -1.123537105183506322e-02 9.999350449052341050e-01 -8.712898370927393277e-01 -8.956250603848891286e-17 -1.132946089500136575e-16 1.087598952338573326e-18 9.999999999999862332e-01
3.012922985810830845e-01 -9.534438232693618342e-01 -1.295479390950220536e-02 -6.017892428606125321e+01 9.535288786603880462e-01 3.012973609087681859e-01 1.605574688957372509e-03 3.751756806324380022e+01 2.372419946066199516e-03 -1.283651739838762539e-02 9.999147940923149847e-01 -8.691725603706076386e-01 -9.385063186804712411e-17 -1.259036193002073076e-16 9.363062674579039909e-19 9.999999999999850120e-01
2.978295049934679417e-01 -9.545320274479903722e-01 -1.289164579808653975e-02 -5.997755606400227890e+01 9.546152050477308970e-01 2.978396102721234673e-01 1.173390230059640892e-03 3.817630507788121008e+01 2.719604204982179266e-03 -1.265603132833032982e-02 9.999162108016752537e-01 -8.726862124941370258e-01 -9.825466349318834638e-17 -1.380806081139900718e-16 7.578198624363726624e-19 9.999999999999840128e-01
2.956155443070808686e-01 -9.552335664577468188e-01 -1.184413257486137232e-02 -5.977548583942863303e+01 9.552978638051289328e-01 2.956441993579987382e-01 -7.062544339985508740e-04 3.882895483396733738e+01 4.176287034000307659e-03 -1.110589475846881363e-02 9.999296063864789863e-01 -8.756997436603315421e-01 -1.020089471971271325e-16 -1.480753271887768309e-16 5.844521245651225353e-19 9.999999999999831246e-01
2.947902002232485885e-01 -9.554985811864616929e-01 -1.100905095843125910e-02 -5.956951582437636006e+01 9.555479316727795158e-01 2.948288141927577488e-01 -2.029925506658396359e-03 3.949726842118025871e+01 5.185376380988666184e-03 -9.921273726468254894e-03 9.999373381364585756e-01 -8.722327041650174140e-01 -1.053104709284903145e-16 -1.603979436028345011e-16 4.053224522854444918e-19 9.999999999999821254e-01
2.945293773397542059e-01 -9.555819932167065600e-01 -1.074709839227623760e-02 -5.936373249545179931e+01 9.556310139260068004e-01 2.945621941573903224e-01 -1.574482749749554853e-03 4.017807923227965716e+01 4.670236247545693498e-03 -9.806529109463162086e-03 9.999410087001185943e-01 -8.707478799164518612e-01 -1.082803897802338265e-16 -1.727493468089027903e-16 2.284197028265728797e-19 9.999999999999812372e-01
2.934323779876688576e-01 -9.559007192824189314e-01 -1.229855373072347158e-02 -5.915468325135014283e+01 9.559743021044774247e-01 2.934501558309224323e-01 3.738430871434401470e-04 4.086774686024963898e+01 3.251655632877083202e-03 -1.186679898568360897e-02 9.999243000434934192e-01 -8.709907396230871512e-01 -1.117537849115740178e-16 -1.839228316044476508e-16 5.364965668449176839e-20 9.999999999999802380e-01
2.929677135369547214e-01 -9.560631547105942207e-01 -1.063781132416048887e-02 -5.894703171218431237e+01 9.561221785053996003e-01 2.929431735518991387e-01 3.831036336952871758e-03 4.156516293061971368e+01 -5.464384771716463817e-04 -1.129341729390626221e-02 9.999360780223941481e-01 -8.736238815505498190e-01 -1.149640511531323761e-16 -1.936014753725960755e-16 -1.717711160104966617e-19 9.999999999999791278e-01
2.923683705102504415e-01 -9.562834798140847914e-01 -6.530096466406712721e-03 -5.872921072580830071e+01 9.563020474144729999e-01 2.923413479353639266e-01 4.788569536023128993e-03 4.226777883225741306e+01 -2.670212736102105418e-03 -7.644770892967590013e-03 9.999672131834763666e-01 -8.795321963779717533e-01 -1.183937185336388808e-16 -2.046068509006325961e-16 -4.300061253377585376e-19 9.999999999999779066e-01
2.918719757866523601e-01 -9.564550691733156862e-01 -2.109597847796085886e-03 -5.850683773252584530e+01 9.564568205385823862e-01 2.918686715030416878e-01 1.740413815646886086e-03 4.297055038814077221e+01 -1.048902095192458727e-03 -2.525717269184326978e-03 9.999962602713370341e-01 -8.872580232596553040e-01 -1.236019375778700357e-16 -2.156157409253028977e-16 -6.754545581759747182e-19 9.999999999999764633e-01
2.915317010111326823e-01 -9.565611525494994716e-01 1.695250578079527206e-04 -5.828606917558629874e+01 9.565562511963123793e-01 2.915296298657756857e-01 -3.257791821100150011e-03 4.367892370113421663e+01 3.066855521802434870e-03 1.111909844918774169e-03 9.999946790126900131e-01 -8.866938229014131867e-01 -1.297295622440687173e-16 -2.266028302438448510e-16 -8.534289802940396715e-19 9.999999999999750200e-01
2.912643046700141292e-01 -9.566363515693430131e-01 -3.463478194983912999e-03 -5.806884188970451532e+01 9.566204905074700005e-01 2.912802840287655459e-01 -5.747458336759160048e-03 4.440789015759231262e+01 6.507070486436717510e-03 -1.639204753679260503e-03 9.999774852672672631e-01 -8.870059555358832393e-01 -1.355426663025663062e-16 -2.358567985611622154e-16 -9.740513261173518672e-19 9.999999999999736877e-01
2.909536446662763232e-01 -9.566876932583360249e-01 -9.728012308429567767e-03 -5.785105020070574255e+01 9.566867766370816817e-01 2.910276252199749392e-01 -7.302928627004450293e-03 4.514485433915564272e+01 9.817742262432446396e-03 -7.181847037681233017e-03 9.999260137680104910e-01 -8.875456025189953913e-01 -1.418849079088327394e-16 -2.413912125544950462e-16 -1.086823240034809255e-18 9.999999999999727995e-01
2.903092218255373114e-01 -9.568936737169618789e-01 -8.663309040302331898e-03 -5.762451975765360856e+01 9.568804860743266305e-01 2.903761713682936896e-01 -7.836738582232478587e-03 4.588692535880157664e+01 1.001454408241552602e-02 -6.014673886047421959e-03 9.999317639743492414e-01 -8.871259116966521141e-01 -1.487496393719512173e-16 -2.461202383708249835e-16 -1.203594227559648238e-18 9.999999999999721334e-01
2.898297506538106694e-01 -9.570701189630003158e-01 -3.937387981952008079e-03 -5.739082357650681132e+01 9.570397536180565989e-01 2.898525331150852424e-01 -7.772968635432080976e-03 4.662878296503355813e+01 8.580537897034643674e-03 -1.515399262707928284e-03 9.999620382466823942e-01 -8.883732684114867828e-01 -1.564326893260173276e-16 -2.484321683963625603e-16 -1.300742640929688134e-18 9.999999999999715783e-01
2.901173618643445029e-01 -9.569823018170621198e-01 -4.097603423217325777e-03 -5.716036507949579715e+01 9.569779496684059916e-01 2.901331482950167406e-01 -3.995010490696265966e-03 4.738994809049468415e+01 5.012004916812744237e-03 -2.762294218332969099e-03 9.999836246346001101e-01 -8.851545221648733364e-01 -1.639912894568958837e-16 -2.501449273570754713e-16 -1.412191251307934964e-18 9.999999999999709122e-01
2.914307377784357000e-01 -9.565745516458352693e-01 -5.766473923536426412e-03 -5.693277969825309981e+01 9.565919290909680184e-01 2.914249424270126121e-01 1.839600329737520103e-03 4.815636405412767829e+01 -7.922052945210535774e-05 -6.052278495891175690e-03 9.999816816567705935e-01 -8.821675651101785753e-01 -1.708051562278076843e-16 -2.524798528212926825e-16 -1.555623183283341606e-18 9.999999999999703570e-01
2.912023527906000830e-01 -9.566291691535871999e-01 -7.862725593824358705e-03 -5.669571995426146316e+01 9.566504999669198650e-01 2.911497945914143237e-01 7.184568348584059738e-03 4.894398300398300705e+01 -4.583736708461823642e-03 -9.614043577337543292e-03 9.999432781532497927e-01 -8.881494925101229843e-01 -1.784005090991170318e-16 -2.525650992948608284e-16 -1.737161360534797086e-18 9.999999999999698019e-01
2.908324144942306955e-01 -9.567671394097522208e-01 -3.625965411472191913e-03 -5.645034350751789276e+01 9.567430238776954976e-01 2.907904065746324540e-01 9.150175159779038933e-03 4.973017097275010201e+01 -7.700190956491870936e-03 -6.130284647021747545e-03 9.999515621615712169e-01 -9.029834107950017730e-01 -1.857144374536900232e-16 -2.522485707441014481e-16 -1.941145409565724373e-18 9.999999999999692468e-01
2.902664444396473309e-01 -9.569427885393653188e-01 2.427075379983984708e-03 -5.620476936823467184e+01 9.569119603630215076e-01 2.902765764940605786e-01 7.681748044140812928e-03 5.051229346901052253e+01 -8.055516526411454770e-03 9.274376794517118845e-05 9.999675494995183822e-01 -9.138093544818448599e-01 -1.930547179520340767e-16 -2.505841715609327401e-16 -2.111570447184831932e-18 9.999999999999688027e-01
2.894437870353979703e-01 -9.571940976434116788e-01 1.324229306073509754e-03 -5.596594015451858439e+01 9.571755468264581124e-01 2.894464466646122225e-01 5.977212613170408521e-03 5.130264222060064583e+01 -6.104646100898521340e-03 -4.625471445178433861e-04 9.999812594974500923e-01 -9.161031705596209829e-01 -1.993781187252274908e-16 -2.521179355818003198e-16 -2.289490651653872974e-18 9.999999999999682476e-01
2.901289054165085424e-01 -9.569643229755379066e-01 -6.671041434710161047e-03 -5.573790185185300317e+01 9.569825478052257361e-01 2.900977378078226643e-01 5.263621844294394392e-03 5.211074255505305786e+01 -3.101844285592690424e-03 -7.911199072926235198e-03 9.999638950938380955e-01 -9.251073697566704057e-01 -2.066631278855413150e-16 -2.545073794424275866e-16 -2.462985939601098029e-18 9.999999999999674705e-01
2.893024278570501817e-01 -9.571962197037950926e-01 -8.916401786367239568e-03 -5.549218078791388820e+01 9.572366250035955204e-01 2.893038026740942237e-01 1.163404463776626738e-03 5.291095089859464196e+01 1.465942588252485161e-03 -8.871682089120624601e-03 9.999595713173710099e-01 -9.346838029966337835e-01 -2.150615371027204601e-16 -2.553368206635620397e-16 -2.622020882379719821e-18 9.999999999999668043e-01
2.884960904134118431e-01 -9.574482348108290797e-01 -7.929910077721315578e-03 -5.524410174706773091e+01 9.574643187130825739e-01 2.885301429988662014e-01 -3.526325602182962208e-03 5.371168742030817356e+01 5.664292311870895019e-03 -6.575274800279392977e-03 9.999623400678084861e-01 -9.370091261563683327e-01 -2.230138803420856272e-16 -2.580241273423581252e-16 -2.754325847743773674e-18 9.999999999999661382e-01
2.886269274140138008e-01 -9.573912203766254958e-01 -9.825879977810265953e-03 -5.500152370558848247e+01 9.574155262178005721e-01 2.886796542001355270e-01 -4.423506288370133988e-03 5.452558882156428410e+01 7.071557717972080243e-03 -8.130707021112282967e-03 9.999419406519345355e-01 -9.337331635226089332e-01 -2.311233926262391695e-16 -2.614207845706070571e-16 -2.831702994316650260e-18 9.999999999999653610e-01
2.889200800734870178e-01 -9.572271554924343118e-01 -1.553576899382745971e-02 -5.476500608020777605e+01 9.573384661828387987e-01 2.889676751505088625e-01 -8.624875041567661368e-04 5.535598198722762220e+01 5.314931508073061223e-03 -1.462379930077211884e-02 9.998789406708454841e-01 -9.320033639797643543e-01 -2.392102538381162557e-16 -2.652542739721528360e-16 -2.900848474138814366e-18 9.999999999999646949e-01
2.890144663218919274e-01 -9.572400684298791873e-01 -1.273144332232030787e-02 -5.451774943095276171e+01 9.573247046940323024e-01 2.889858548671004335e-01 4.072526133031647254e-03 5.618206713396281771e+01 -2.191781620732420556e-04 -1.336514418580304203e-02 9.999106584499442008e-01 -9.322860355953428435e-01 -2.481686562913766842e-16 -2.669894510578976532e-16 -3.013424716214083075e-18 9.999999999999642508e-01
2.881351588108126971e-01 -9.575695601972079585e-01 -6.218331032638958061e-03 -5.426097297613195991e+01 9.575739930419153723e-01 2.880870894003712546e-01 7.607678388865576555e-03 5.700586533060937455e+01 -5.493460360827366606e-03 -8.146551697751453977e-03 9.999517266291773065e-01 -9.394017138877461814e-01 -2.571121022643731808e-16 -2.657824589276796311e-16 -3.131243385227520157e-18 9.999999999999640288e-01
2.877511324035224027e-01 -9.576590443207602110e-01 -9.404287914411337337e-03 -5.401191033196687385e+01 9.576736458444198297e-01 2.876480385888084967e-01 1.094504229997112117e-02 5.784993442895522264e+01 -7.776493776136204558e-03 -1.215568700960023042e-02 9.998958772881532120e-01 -9.517078869205334302e-01 -2.657101766368286935e-16 -2.652160442212752382e-16 -3.311275706345365561e-18 9.999999999999639178e-01
2.882165632115053500e-01 -9.575082983923010049e-01 -1.044371583619582884e-02 -5.376548440419792030e+01 9.575374000550704867e-01 2.881078528054581978e-01 1.076998827668388704e-02 5.868036397452208064e+01 -7.303436603636404706e-03 -1.310433751565364541e-02 9.998874617435811185e-01 -9.657337138341930416e-01 -2.738323260172211291e-16 -2.632042786315910275e-16 -3.473892179004873547e-18 9.999999999999639178e-01
2.864998082383520273e-01 -9.580613716420239845e-01 -6.022295810541031420e-03 -5.351049396901488819e+01 9.580771265506653478e-01 2.864770227334670905e-01 4.374360074384067362e-03 5.950401446707137154e+01 -2.465656039097476222e-03 -7.023077187892600749e-03 9.999722980798395611e-01 -9.636992874937282405e-01 -2.821191241364478675e-16 -2.610927020389161011e-16 -3.636084215594648826e-18 9.999999999999639178e-01
2.859915912315029174e-01 -9.582174067730462319e-01 -5.311412434616389483e-03 -5.325864513017376822e+01 9.582296380108006328e-01 2.859990892475959834e-01 -6.941088557934941509e-04 6.034503052765227693e+01 2.184166306734053493e-03 -4.891043518407542888e-03 9.999856534524930174e-01 -9.662039772796372494e-01 -2.891194909029023310e-16 -2.603585035624648145e-16 -3.786089175608444171e-18 9.999999999999639178e-01
2.858961061176825136e-01 -9.582287350687245242e-01 -7.817147521879343544e-03 -5.301052772516414535e+01 9.582532701092126848e-01 2.859163515514242526e-01 -1.584373815599047965e-03 6.119365914354126090e+01 3.753242816191266866e-03 -7.037840871268447214e-03 9.999681904761749118e-01 -9.727490083072307669e-01 -2.957229561589760630e-16 -2.608708196804972691e-16 -3.921878644838560374e-18 9.999999999999640288e-01
2.851384223181835931e-01 -9.584660457974327752e-01 -6.238523172331901512e-03 -5.275389692454837842e+01 9.584861606557762981e-01 2.851364007557363189e-01 1.229957428268389991e-03 6.203986642437608623e+01 5.999576106171440083e-04 -6.330246244241747797e-03 9.999797838123096749e-01 -9.774385460982717433e-01 -3.016929892878725629e-16 -2.641349347023931649e-16 -4.075857466758442958e-18 9.999999999999640288e-01
2.844857750014511688e-01 -9.586780475965948067e-01 -2.060310230841998821e-03 -5.249685159239324150e+01 9.586738213989041135e-01 2.844753295395445192e-01 4.276803438385105155e-03 6.288760212467372668e+01 -3.513970138394339766e-03 -3.191855222982621903e-03 9.999887319735463187e-01 -9.797567751542227699e-01 -3.064637280688326829e-16 -2.648606286552437180e-16 -4.245583661845114126e-18 9.999999999999640288e-01
2.837323786293536876e-01 -9.589033517609072410e-01 5.470823253746601080e-04 -5.224918250495533556e+01 9.588801544583550607e-01 2.837294041476267625e-01 6.817228748834493375e-03 6.373913527290545034e+01 -6.692286839177893389e-03 -1.409682143926856319e-03 9.999766127730552734e-01 -9.861945212517586601e-01 -3.116527994809397149e-16 -2.649238331452904626e-16 -4.434021724336164039e-18 9.999999999999642508e-01
2.834963447754983434e-01 -9.589565977724451296e-01 -5.662692616896680860e-03 -5.201347530153433496e+01 9.589674973072194186e-01 2.834691099599500608e-01 5.157790874219032873e-03 6.459484532717480931e+01 -3.340899152675709353e-03 -6.892553026820572720e-03 9.999706651225230836e-01 -9.718833121136236652e-01 -3.162369419357436659e-16 -2.661486348484774660e-16 -4.638693299666006628e-18 9.999999999999641398e-01
2.835682799534466336e-01 -9.589419059850319282e-01 -4.410391148623554053e-03 -5.175790500034323571e+01 9.589516085344016449e-01 2.835695546037248493e-01 3.466857228716887281e-04 6.544616585930694441e+01 9.182011857733508040e-04 -4.327660760375605896e-03 9.999902140815584151e-01 -9.809996909274122379e-01 -3.204456114046741388e-16 -2.700467823258722254e-16 -4.845685471622981216e-18 9.999999999999639178e-01
2.830172849397638024e-01 -9.591102841645170463e-01 -2.946054179965261477e-03 -5.150401673727782281e+01 9.591049930501361898e-01 2.830269500260978455e-01 -3.654841321575438406e-03 6.630234613351969131e+01 4.339208627677697792e-03 -1.791192006101406751e-03 9.999889813891134072e-01 -9.925727454479393863e-01 -3.258578712879547334e-16 -2.730926662306873335e-16 -5.034909292977342206e-18 9.999999999999639178e-01
2.836082995417886776e-01 -9.589271586352472454e-01 -5.003684921596801907e-03 -5.125526583763060984e+01 9.589383985789108333e-01 2.836140529275191779e-01 -4.655242255180135893e-04 6.715549090273044897e+01 1.865519183036413228e-03 -4.666199071733904621e-03 9.999873731324574466e-01 -9.961900613263344750e-01 -3.314216204346176635e-16 -2.777743050779969351e-16 -5.192316576780046970e-18 9.999999999999640288e-01
2.839236264889956063e-01 -9.588358880385695615e-01 -4.595011498781515630e-03 -5.100744830144415687e+01 9.588382014319810631e-01 2.838973803929789597e-01 5.619686873250161023e-03 6.801764392583318397e+01 -4.083845726233605380e-03 -6.001434437856129761e-03 9.999736521472566420e-01 -9.889282794587799241e-01 -3.375859842388359638e-16 -2.825452475739352920e-16 -5.383934994616239412e-18 9.999999999999638067e-01
2.831887399433524743e-01 -9.590571627724250314e-01 -3.673704431832197897e-03 -5.075541985660771616e+01 9.590316172026069896e-01 2.831454677497624028e-01 9.327448653712150720e-03 6.887577896850638126e+01 -7.905363682010979262e-03 -6.164627133534991005e-03 9.999497500361248514e-01 -9.834415852878274356e-01 -3.430058596021205807e-16 -2.867340289641540829e-16 -5.625214617060911467e-18 9.999999999999634737e-01
2.832798227289533566e-01 -9.590298799638174998e-01 -3.772448977712612554e-03 -5.050808704115051029e+01 9.589972662958635707e-01 2.832298651000756951e-01 1.025118297184000014e-02 6.972392544131146508e+01 -8.762720559918323396e-03 -6.521721551911676372e-03 9.999403391584597012e-01 -9.901613364750766477e-01 -3.498866552294669786e-16 -2.895259539997518656e-16 -5.885671046656620208e-18 9.999999999999635847e-01
2.836569746476949594e-01 -9.589146837713781180e-01 -4.620604008870069987e-03 -5.025436546655187442e+01 9.588724228272742511e-01 2.835870397824928335e-01 1.191921174516120951e-02 7.059006232858229168e+01 -1.011916374853472252e-02 -7.811537304748428223e-03 9.999182878665194840e-01 -1.008847809510080351e+00 -3.568484328198899569e-16 -2.926633350909336214e-16 -6.152497171972172807e-18 9.999999999999636957e-01
2.836470938185383095e-01 -9.589013376010214751e-01 -7.249201012646195111e-03 -5.000989507572437986e+01 9.588797150116623591e-01 2.835480474908023130e-01 1.225548461620957520e-02 7.144659115383787196e+01 -9.696303798429855084e-03 -1.042734439581471939e-02 9.998986209518653245e-01 -1.021763782984188795e+00 -3.648443558479849779e-16 -2.973658950352303188e-16 -6.431141891784882157e-18 9.999999999999638067e-01
2.837853511089268310e-01 -9.588374021272496606e-01 -9.834163813137331706e-03 -4.976287688090931738e+01 9.588704469547832954e-01 2.837035241392746321e-01 8.931760608249529262e-03 7.229514192971137732e+01 -5.774119207288465339e-03 -1.196439187118379134e-02 9.999117525434296772e-01 -1.030994837712933210e+00 -3.712274714194707231e-16 -3.015521451691594351e-16 -6.705535342972738489e-18 9.999999999999638067e-01
2.837516315155043101e-01 -9.588473428779933361e-01 -9.837919909977298899e-03 -4.951055418540680364e+01 9.588947925819624185e-01 2.837615459047068134e-01 4.022745845251151503e-04 7.313457210260952479e+01 2.405903445660322916e-03 -9.547676241213585296e-03 9.999515255785854650e-01 -1.028408432771917180e+00 -3.782298711105893043e-16 -3.032736646462136594e-16 -6.887304909397393905e-18 9.999999999999636957e-01
2.834661272321994385e-01 -9.589353841203200890e-01 -9.480706410785782329e-03 -4.925738847538420373e+01 9.589421322792325286e-01 2.835308440741035607e-01 -6.344083721325360047e-03 7.397842661431521094e+01 8.771639051266908599e-03 -7.293115977773453537e-03 9.999349322869084400e-01 -1.026279762960234931e+00 -3.852905574958790334e-16 -3.041685921195030273e-16 -6.969464104071746439e-18 9.999999999999636957e-01
2.837086146205926585e-01 -9.588606635035403780e-01 -9.780080555445514259e-03 -4.900578854807173457e+01 9.588758504376793113e-01 2.837703476279463954e-01 -5.611885103209920261e-03 7.483409347214765717e+01 8.156312732614995342e-03 -7.785742911932504347e-03 9.999364263641217221e-01 -1.023187754750141565e+00 -3.915844175573082679e-16 -3.058870158563136123e-16 -7.015432870272244491e-18 9.999999999999636957e-01
2.837608225760979708e-01 -9.588581256761095073e-01 -8.419643454012712067e-03 -4.875445218463566732e+01 9.588929077628924880e-01 2.837679747185445356e-01 3.577234166721655786e-04 7.569126964245306510e+01 2.046219165974077527e-03 -8.175044284936847788e-03 9.999644901885245130e-01 -1.017836955925824682e+00 -3.980910904045765124e-16 -3.094672261400597927e-16 -7.100225344064756345e-18 9.999999999999634737e-01
2.835879812734298233e-01 -9.589145621660523089e-01 -7.792261751759722160e-03 -4.850601485964316595e+01 9.589324117868708308e-01 2.835309244243034432e-01 7.671018159271542937e-03 7.655051446973757834e+01 -5.146503841735770683e-03 -9.647660909011283523e-03 9.999402162815148598e-01 -1.016227332809429340e+00 -4.051482912942133349e-16 -3.129053973542005391e-16 -7.188393892745296564e-18 9.999999999999632516e-01
2.834267743554901853e-01 -9.589631749407099282e-01 -7.674157030934790347e-03 -4.825636039662050791e+01 9.589517280794300769e-01 2.833302124281059098e-01 1.164362223738941472e-02 7.740397758182099608e+01 -8.991484406798446599e-03 -1.065926043894709942e-02 9.999027619598751526e-01 -1.023076345124226405e+00 -4.135989330207019884e-16 -3.169532612950317870e-16 -7.348869594466381241e-18 9.999999999999626965e-01
2.832331898122342206e-01 -9.590222501123598642e-01 -7.435319648437236327e-03 -4.800492653169741430e+01 9.590069298292055455e-01 2.831372578421084696e-01 1.178990080975812066e-02 7.825681975435136906e+01 -9.201561186740338932e-03 -1.046981428228642257e-02 9.999028524114479399e-01 -1.030135197088335008e+00 -4.220585579482073100e-16 -3.202510892831167638e-16 -7.590080048919352347e-18 9.999999999999621414e-01
2.839706245208026281e-01 -9.587716753457159458e-01 -1.084246116422040059e-02 -4.775682142891253790e+01 9.588119860888272283e-01 2.838714205860697892e-01 9.828118168785720046e-03 7.910679063271206246e+01 -6.345056468848303023e-03 -1.318677857723430692e-02 9.998929188313565586e-01 -1.043340618458550528e+00 -4.303334827949363052e-16 -3.229727800043813261e-16 -7.892403048428452700e-18 9.999999999999614753e-01
2.842737887101942085e-01 -9.586465305136848691e-01 -1.361038524405324898e-02 -4.750702607924633725e+01 9.587359945129980687e-01 2.841882059582882536e-01 7.896608086953331093e-03 7.995765295844321940e+01 -3.702144980477794969e-03 -1.529356493152356569e-02 9.998761928329702453e-01 -1.051146322135199762e+00 -4.377007165595104755e-16 -3.295344828348654726e-16 -8.204757212955967927e-18 9.999999999999608091e-01
2.835257671677519076e-01 -9.588676127826883944e-01 -1.363966672736970608e-02 -4.725484671418166727e+01 9.589595379882742687e-01 2.834492865597474931e-01 7.287417237002902573e-03 8.081202174746566413e+01 -3.121514566613027911e-03 -1.514605906600870015e-02 9.998804193709890376e-01 -1.056166391569919760e+00 -4.453617050905196113e-16 -3.343877755643206737e-16 -8.509669516626938905e-18 9.999999999999602540e-01
2.825322664202015721e-01 -9.591684064791891062e-01 -1.309528326188462780e-02 -4.700328752551999401e+01 9.592465854481753151e-01 2.824366388949696161e-01 8.690990486266307602e-03 8.167088143681866086e+01 -4.637535705575895374e-03 -1.501709099398422335e-02 9.998764824920036709e-01 -1.062058637489653012e+00 -4.526041589936178381e-16 -3.381340126768272655e-16 -8.807971866624833355e-18 9.999999999999598099e-01
2.824151572243160380e-01 -9.591833354431734682e-01 -1.445710822223103716e-02 -4.675499264405228672e+01 9.592572626849230621e-01 2.822440076021282551e-01 1.279938118914119259e-02 8.252733020967761490e+01 -8.196520977631079063e-03 -1.748282531052604977e-02 9.998135665527589921e-01 -1.067809315674748571e+00 -4.610424459575400221e-16 -3.444197341637396300e-16 -9.194484939510984991e-18 9.999999999999592548e-01
2.822049885406607284e-01 -9.592420877555291048e-01 -1.466156612572683260e-02 -4.650601405701786462e+01 9.593052283518944678e-01 2.820033432162823428e-01 1.440809742708532536e-02 8.337348754846649967e+01 -9.686242792302953569e-03 -1.813095400956400358e-02 9.997887002798110379e-01 -1.068975809870699178e+00 -4.704897917615277005e-16 -3.521673330252852189e-16 -9.642174707407870355e-18 9.999999999999588107e-01
2.811245867213905680e-01 -9.595774403112913298e-01 -1.342023794279893940e-02 -4.624912842023861259e+01 9.596286985033465333e-01 2.809528899637904753e-01 1.335045428735861552e-02 8.423198455130435036e+01 -9.040340118027513985e-03 -1.663158641475379063e-02 9.998208152383106784e-01 -1.080797005145777367e+00 -4.796975775396324973e-16 -3.632383230222356499e-16 -1.013229950219675022e-17 9.999999999999583666e-01
2.805733903939145457e-01 -9.597150357549628641e-01 -1.502074394969883653e-02 -4.600977595897164463e+01 9.598018956449251293e-01 2.804049424380570255e-01 1.238504633140589777e-02 8.508302420340829997e+01 -7.674224340181863037e-03 -1.789185295633051800e-02 9.998104759795656271e-01 -1.095588696171697851e+00 -4.883858756792378230e-16 -3.734260475556418182e-16 -1.064980371408929461e-17 9.999999999999577005e-01
2.798607419797214946e-01 -9.599209685159235672e-01 -1.515583392966385334e-02 -4.576140941296729636e+01 9.600150889938945387e-01 2.797033299037164356e-01 1.170795220061691781e-02 8.594165989371281000e+01 -6.999571598161251004e-03 -1.782642544871505808e-02 9.998165954579284476e-01 -1.112189007658641815e+00 -4.961416175505345444e-16 -3.846317043535655044e-16 -1.120506979639554097e-17 9.999999999999568123e-01
2.784908416894347760e-01 -9.603816166240879415e-01 -1.048816217031118408e-02 -4.550675816963823195e+01 9.604238909480847797e-01 2.784088702194874032e-01 8.628480698569486115e-03 8.678470952027014107e+01 -5.366636861788471463e-03 -1.247603437277434134e-02 9.999077696343001698e-01 -1.107468516192282371e+00 -5.063963228852613017e-16 -3.954821938417102754e-16 -1.166704720568741041e-17 9.999999999999560352e-01
2.770478950314338995e-01 -9.607321503482327829e-01 -1.543370163029192561e-02 -4.526966801057913869e+01 9.608553990982704462e-01 2.769924112282197148e-01 5.666228516156445426e-03 8.763318969580139139e+01 -1.168709677941124443e-03 -1.639937222273074591e-02 9.998648382197996565e-01 -1.111595908823138412e+00 -5.148733835349330532e-16 -4.060330344424236052e-16 -1.207350718137477855e-17 9.999999999999553690e-01
2.764717952065918194e-01 -9.607549260777676903e-01 -2.265653267055647152e-02 -4.503693985651140252e+01 9.610134029896341135e-01 2.764923774731620765e-01 2.281331506023169271e-03 8.848552434578262194e+01 4.072558100951748257e-03 -2.240395537863478642e-02 9.997407049099400478e-01 -1.118974611433938282e+00 -5.247572062784649428e-16 -4.151997878979837886e-16 -1.245315548877126940e-17 9.999999999999547029e-01
2.751059812098168300e-01 -9.611090756390635592e-01 -2.420834209351118566e-02 -4.480324790996901640e+01 9.614000821017806286e-01 2.751498307676890076e-01 1.566129982661743948e-03 8.933106146086740296e+01 5.155699490228803430e-03 -2.370475380185812705e-02 9.997057084011659045e-01 -1.122198445600064209e+00 -5.344333974436858513e-16 -4.210697604853218727e-16 -1.274838331493280047e-17 9.999999999999542588e-01
2.737417600193970402e-01 -9.615532897533395351e-01 -2.192532294230760750e-02 -4.456477997712567429e+01 9.617998565085277285e-01 2.737300215632103573e-01 3.593231846568195435e-03 9.018472425528280212e+01 2.546535218863473296e-03 -2.207139006967783965e-02 9.997531539828665714e-01 -1.102733779924311985e+00 -5.429325730671852313e-16 -4.285216438306541836e-16 -1.301800478709665551e-17 9.999999999999538147e-01
2.733035464353817390e-01 -9.617387180660893486e-01 -1.907379559902889002e-02 -4.432527860286376864e+01 9.619262645007238266e-01 2.732134643182331790e-01 7.229424516463914090e-03 9.103683512203292594e+01 -1.741599693511744918e-03 -2.032341230948610591e-02 9.997919412270361850e-01 -1.092793978607718763e+00 -5.538054695800836675e-16 -4.368615776795821389e-16 -1.331738426087341691e-17 9.999999999999531486e-01
2.722418315980273951e-01 -9.620299661298968852e-01 -1.956347096963385879e-02 -4.409508193563813450e+01 9.622202314007545221e-01 2.720969986159694765e-01 9.769832505635917680e-03 9.189254880488870469e+01 -4.075709901144228091e-03 -2.148412465916867131e-02 9.997608818994430102e-01 -1.095210521107270907e+00 -5.638429555273802061e-16 -4.429708751427920259e-16 -1.358548555037319613e-17 9.999999999999525935e-01
2.713383805148968375e-01 -9.623237866285627717e-01 -1.756168979738801858e-02 -4.386505107465737296e+01 9.624710749379438157e-01 2.711949388399197969e-01 1.013583027396392812e-02 9.274482397549145674e+01 -4.991309179337603992e-03 -1.965285822875501714e-02 9.997944048633397029e-01 -1.105883702173366290e+00 -5.747885751950650656e-16 -4.474101258837406417e-16 -1.379089533059003079e-17 9.999999999999521494e-01
2.698539177993277693e-01 -9.627933451512055152e-01 -1.441657313755207240e-02 -4.362920570831630585e+01 9.628802345845857147e-01 2.697188021472773367e-01 1.064995842744847002e-02 9.359565788540449205e+01 -6.365288262355742362e-03 -1.675536633066342443e-02 9.998393574991866206e-01 -1.119539835436473840e+00 -5.860627619871285878e-16 -4.495983948837163233e-16 -1.401562475314448992e-17 9.999999999999518163e-01
2.689991740311150625e-01 -9.630300387941357343e-01 -1.458042354911350154e-02 -4.340145925264208415e+01 9.631050471540184565e-01 2.688287547516587384e-01 1.263996697256543691e-02 9.444876956524234402e+01 -8.253030777486734457e-03 -1.744262018521960944e-02 9.998138039075002981e-01 -1.123683274911903895e+00 -5.950504288081264244e-16 -4.529300132745973568e-16 -1.426131165553198201e-17 9.999999999999515943e-01
2.687176012581263262e-01 -9.630347171478061963e-01 -1.884102816342283701e-02 -4.318463715288518756e+01 9.631833061915595628e-01 2.684878278512736749e-01 1.386380068897296106e-02 9.529789008375021808e+01 -8.292734649016560503e-03 -2.187281106398035468e-02 9.997263679068026931e-01 -1.119741025918148836e+00 -6.035290873413177043e-16 -4.570426547531847920e-16 -1.454531645179103796e-17 9.999999999999512612e-01
2.683635933335668522e-01 -9.630297978063909747e-01 -2.354974119202835059e-02 -4.296647956790445733e+01 9.632905449498511130e-01 2.680922890339846321e-01 1.406593653768785021e-02 9.615267644034082650e+01 -7.232411997517813364e-03 -2.646002829917817184e-02 9.996237087619692652e-01 -1.123321487444051359e+00 -6.120708770489980086e-16 -4.645055600404396125e-16 -1.490516722481239626e-17 9.999999999999507061e-01
2.688828162329334748e-01 -9.628182116743778662e-01 -2.613661039491760665e-02 -4.273837165943987060e+01 9.631599364360411419e-01 2.686394065026804223e-01 1.248223210636915416e-02 9.700138148090341872e+01 -4.996796889875573799e-03 -2.852999372828176478e-02 9.995804477272637323e-01 -1.132812324237432611e+00 -6.198418144332926783e-16 -4.751870586890668785e-16 -1.530424388670348161e-17 9.999999999999500400e-01
2.703224945611916730e-01 -9.623773872939466179e-01 -2.748660327559815375e-02 -4.250465293760042584e+01 9.627584976989693732e-01 2.700705946464568852e-01 1.256777687919253227e-02 9.784770032486871116e+01 -4.671620985637458395e-03 -2.986031367355995725e-02 9.995431644629543255e-01 -1.146994102084703648e+00 -6.269240418843851777e-16 -4.886913103269905562e-16 -1.578464021614035426e-17 9.999999999999494849e-01
