1.000000000000000000e+00 4.398956837314658088e-19 2.733407509747682871e-20 -8.673617379884035472e-19 -5.583667658079949532e-19 1.000000000000000000e+00 -6.100159232558060012e-19 0.000000000000000000e+00 4.145284534913582806e-20 -2.210423569125054137e-19 1.000000000000000222e+00 0.000000000000000000e+00
9.999421306774264329e-01 -1.211041426454428785e-03 1.068965341887627429e-02 7.651758672860395349e-02 1.205908287435052649e-03 9.999991544865601822e-01 4.866302947187330823e-04 -5.576099572866310972e-03 -1.069023389461177219e-02 -4.737113857120953792e-04 9.999427456028977534e-01 2.954295315497227903e-01
9.998549591449813478e-01 -2.693895744471443664e-03 1.681676611467671292e-02 1.028216182817819485e-01 2.679201596244837769e-03 9.999960092976406534e-01 8.962491325021402317e-04 -1.282625390546267286e-02 -1.681911369584242200e-02 -8.510636234977605758e-04 9.998581864877822412e-01 5.445632470511840850e-01
9.997861611561504880e-01 -6.403053443567492328e-03 1.966298298067754510e-02 8.315404218972720363e-02 6.425403072138732158e-03 9.999787804891006049e-01 -1.073664539353575689e-03 -1.665615819716605162e-02 -1.965569135112654742e-02 1.199777573148301133e-03 9.998060883542275734e-01 9.317037639484269107e-01
9.998247135540274666e-01 -7.037470213221051589e-03 1.734981877129352854e-02 8.573368381619478340e-02 7.067555548435965583e-03 9.999736244510606387e-01 -1.673334520180753569e-03 -1.945798003757816252e-02 -1.733758541955708610e-02 1.795662052740557534e-03 9.998480803152960394e-01 1.187275368478525550e+00
9.998859257769658893e-01 -1.074391004322369780e-02 1.061620751696675836e-02 8.440397165696206239e-02 1.078215232439230786e-02 9.999355635766414840e-01 -3.551600693968083328e-03 -1.991814097590506594e-02 -1.057736555352652846e-02 3.665661165453959740e-03 9.999373391631476427e-01 1.554566221870545828e+00
9.999347288247580900e-01 -1.133347345564133385e-02 -1.445851806167642575e-03 6.768894925558167908e-02 1.132639653048827903e-02 9.999242737549877136e-01 -4.812429532183850819e-03 -3.135028806647606470e-02 1.500283882368401043e-03 4.795739179010875819e-03 9.999873749379708521e-01 1.855894173634826672e+00
9.997896815710505258e-01 -1.117165771886457180e-02 -1.719844987829061492e-02 2.558426185126468078e-02 1.108394369016244864e-02 9.999251176915447958e-01 -5.187020635776615034e-03 -4.033512598852337372e-02 1.725510993313488298e-02 4.995303097535166124e-03 9.998386410599264806e-01 2.176567339489350772e+00
9.993374121297458057e-01 -6.592993174801867542e-03 -3.579481943229541330e-02 1.199301734411709064e-02 6.398106892508372522e-03 9.999640948934955809e-01 -5.556360441261559181e-03 -4.251140406874166777e-02 3.583016787810550802e-02 5.323659803776002904e-03 9.993437135377498670e-01 2.527859680310788448e+00
9.984343256210723716e-01 -3.949826103185798479e-03 -5.579691900395970100e-02 -4.866201841844870757e-02 3.603849551394120148e-03 9.999736614153542646e-01 -6.299899868013987374e-03 -5.792086587121623997e-02 5.582033386229283412e-02 6.088952581930703184e-03 9.984222629301722218e-01 2.869385344179928410e+00
9.971435968089704671e-01 -3.095263618179865811e-03 -7.546566429380359431e-02 -9.764569856528597380e-02 2.608508047941336932e-03 9.999751610732462437e-01 -6.547741479870610413e-03 -5.970110317371342401e-02 7.548405809508347553e-02 6.332185688389619337e-03 9.971269029568986531e-01 3.218993420230671365e+00
9.953393001534650564e-01 -3.724025475534376364e-03 -9.636290217435741767e-02 -1.330659740959723170e-01 3.142984057231970607e-03 9.999759593514357947e-01 -6.180806223958287306e-03 -6.907750599825487892e-02 9.638360469131286579e-02 5.849132243780278892e-03 9.953270762379169412e-01 3.607536586763737230e+00
9.932566328023709756e-01 -4.448794085133515527e-03 -1.158510649032118839e-01 -2.026526230908834991e-01 3.832011652125715158e-03 9.999772779476525653e-01 -5.546103946368691022e-03 -7.781245290193955499e-02 1.158731080057286561e-01 5.064761843492002029e-03 9.932511119655261789e-01 3.998353301213239952e+00
9.910808044838993469e-01 -4.425229896232520631e-03 -1.331887977242214027e-01 -2.928092967996728802e-01 3.809684628167554678e-03 9.999808548622347582e-01 -4.876085097481910186e-03 -8.239980485625061912e-02 1.332078279067694382e-01 4.325186946356858290e-03 9.910786890217540002e-01 4.396274942574546429e+00
9.887834269571471602e-01 -3.445308250340157682e-03 -1.493166562666840280e-01 -3.690327722434678104e-01 2.846519026994506936e-03 9.999870286443331979e-01 -4.223726791945717034e-03 -8.870007090220105583e-02 1.493292740504418292e-01 3.751318248671090243e-03 9.887804084399811622e-01 4.818943276925066854e+00
9.866511029152693624e-01 -2.889408496220102329e-03 -1.628227617843853170e-01 -4.596740128146296067e-01 2.210665173458823806e-03 9.999880967629469763e-01 -4.349630856380456295e-03 -9.303675369250917482e-02 1.628333943428430519e-01 3.931621361706533375e-03 9.866457463158242458e-01 5.220029090459092025e+00
9.845228291969549961e-01 -3.667349419329665478e-03 -1.752180029872977551e-01 -5.307578715336570552e-01 2.805351395140398031e-03 9.999827158420138140e-01 -5.167012335439158562e-03 -1.018274651006345621e-01 1.752339267615386775e-01 4.595493418153354798e-03 9.845161009976853839e-01 5.658180914932037453e+00
9.827916017479012556e-01 -6.735575108036333074e-03 -1.845949585676778804e-01 -6.282287181617459693e-01 5.522518846520960666e-03 9.999596528825330788e-01 -7.084799477552458646e-03 -1.155833490857105378e-01 1.846352340842302431e-01 5.943452179272977649e-03 9.827891465380593772e-01 6.116502823874871986e+00
9.812261725492354980e-01 -6.195536885751394725e-03 -1.927610249214910809e-01 -7.347731495507684452e-01 4.612255771346487551e-03 9.999518528101416504e-01 -8.661359649597227123e-03 -1.258960727306078220e-01 1.928054091248568580e-01 7.609689526232115385e-03 9.812075049361819179e-01 6.562434320435392543e+00
9.796267186709494146e-01 -5.991906293033080408e-03 -2.007376102314055721e-01 -8.401902458171059962e-01 3.942801518063454233e-03 9.999359801178744345e-01 -1.060612916501180517e-02 -1.207044493156444465e-01 2.007883134334873532e-01 9.598578866157258735e-03 9.795876282609253805e-01 7.029782570766210270e+00
9.780873229400884883e-01 -6.267446944691648994e-03 -2.081007130880814793e-01 -9.443311138877744648e-01 3.605686966302373061e-03 9.999068023703724384e-01 -1.316759619301768880e-02 -1.384502912324064305e-01 2.081638493988747785e-01 1.212871280669927145e-02 9.780187662613992750e-01 7.515704350699289549e+00
9.762891418897124973e-01 -1.006255321346241974e-02 -2.162365726742342953e-01 -1.058105315169149296e+00 6.959688957975938492e-03 9.998616745716649712e-01 -1.510610607681885792e-02 -1.490063400832787321e-01 2.163586713886087032e-01 1.324298798296308713e-02 9.762241288172328613e-01 8.017134182795061292e+00
9.744337241689804419e-01 -1.569301868796368557e-02 -2.241264045482384282e-01 -1.172013336302602404e+00 1.239782415056276191e-02 9.997934858098597166e-01 -1.610216344276241621e-02 -1.654491156313926403e-01 2.243328146907941911e-01 1.291181126441729408e-02 9.744270493755043949e-01 8.535926223603874874e+00
9.724989094224195663e-01 -1.658363615616145065e-02 -2.323162778607531231e-01 -1.307275775839039422e+00 1.261014530447627374e-02 9.997478788223406188e-01 -1.857856302302388421e-02 -1.841820886260424062e-01 2.325658101508192299e-01 1.513809019657375021e-02 9.724628442365771397e-01 9.044138905267249839e+00
9.703326952411294171e-01 -1.268990146953737248e-02 -2.414403148384133557e-01 -1.441710336413946747e+00 7.524566395094718120e-03 9.997229208203518569e-01 -2.230386678167077877e-02 -1.884652876042806624e-01 2.416564547924799633e-01 1.982543745974489971e-02 9.701593225948730304e-01 9.567156859120931500e+00
9.682764723292169862e-01 -9.709244095213807879e-03 -2.496926156494564675e-01 -1.598679873085143477e+00 3.512016091550846080e-03 9.996749232607740066e-01 -2.525299070344375063e-02 -2.037620667999218149e-01 2.498566381436319317e-01 2.357495226563550983e-02 9.679958075380414861e-01 1.010496595529831865e+01
9.659225448647312806e-01 -1.247916367724311200e-02 -2.585302812212649792e-01 -1.764469064522431463e+00 5.534202020506878532e-03 9.996044556614062104e-01 -2.757362541396964767e-02 -2.281931029921343002e-01 2.587721212745488497e-01 2.520322763086089990e-02 9.656095422410959639e-01 1.066475348074626872e+01
9.635767062946094530e-01 -1.422824563848422430e-02 -2.670533402509527310e-01 -1.924638352173881017e+00 6.723807445598662183e-03 9.995569609197136884e-01 -2.899434904269081528e-02 -2.582629467198630513e-01 2.673475685103942068e-01 2.614266412088200181e-02 9.632454725102559401e-01 1.122392782126726729e+01
9.614843483597058649e-01 -1.435138748281874523e-02 -2.744847607509616760e-01 -2.097932951548369562e+00 5.809667894953240985e-03 9.994739632215107195e-01 -3.190681099482657601e-02 -2.824633057248359114e-01 2.747982834111135642e-01 2.908323410256920261e-02 9.610619494048940892e-01 1.179460853440627943e+01
9.590993232617770481e-01 -1.386948759748143738e-02 -2.827297714955553376e-01 -2.294627204992799818e+00 3.962765099284714168e-03 9.993589260239660321e-01 -3.558136390641901403e-02 -3.022831189811489572e-01 2.830420209525345565e-01 3.300567042786458488e-02 9.585394315566367895e-01 1.239747192919512386e+01
9.568768881287281758e-01 -1.537111053883266631e-02 -2.900867940865082262e-01 -2.487887076280476784e+00 3.683133655037390108e-03 9.991607751886518729e-01 -4.079436036099599872e-02 -3.392717353080663689e-01 2.904704056681408630e-01 3.796675225675820442e-02 9.561304675566953959e-01 1.298875730762603098e+01
9.550347390395038660e-01 -1.635863643491333730e-02 -2.960422948717302827e-01 -2.680368692113833884e+00 2.306658445061608720e-03 9.988564978715716025e-01 -4.775328230876297458e-02 -3.741795089015859666e-01 2.964849535528511493e-01 4.492317520323354380e-02 9.539803889758616817e-01 1.359544947969976647e+01
9.536579015775064061e-01 -1.655373814461210194e-02 -3.004373122182535938e-01 -2.898618250201744129e+00 -2.423632514520976931e-04 9.984429240353894786e-01 -5.578233311097886837e-02 -4.038037446215893000e-01 3.008929197955170776e-01 5.327007793124569068e-02 9.521689721734466483e-01 1.422284541700566152e+01
9.524446489690577833e-01 -1.661016857853913481e-02 -3.042585922634286622e-01 -3.096433938785680962e+00 -3.212896888306113804e-03 9.979102220851255867e-01 -6.453577250782555064e-02 -4.543602190585273037e-01 3.046947146538203643e-01 6.244430298514170447e-02 9.504008848317760938e-01 1.483824011075643945e+01
9.511710622798985604e-01 -1.552165749749715752e-02 -3.082737199259201200e-01 -3.328406715999523424e+00 -7.425316183249797662e-03 9.972951642586678211e-01 -7.312468808118029184e-02 -4.983842286851840053e-01 3.085749117869653335e-01 7.184311747331893760e-02 9.484830479977817141e-01 1.548149903394787152e+01
9.497837445420446167e-01 -1.458595646383622352e-02 -3.125669310598092610e-01 -3.549736480467528654e+00 -1.113504258972292625e-02 9.967047663838121130e-01 -8.034686972518516324e-02 -5.530578359821920476e-01 3.127088912823061118e-01 7.979259733885507577e-02 9.464915703946706893e-01 1.612131351690195658e+01
9.482067848242140551e-01 -1.335498360167995148e-02 -3.173728650668844464e-01 -3.789322061495033367e+00 -1.500907739146549631e-02 9.961162948656432370e-01 -8.675860003095263451e-02 -6.179464193898073221e-01 3.172989475312125718e-01 8.702856760604529840e-02 9.443237837104687671e-01 1.679369719091672764e+01
9.465659410907178994e-01 -1.212753614336231807e-02 -3.222822362876006097e-01 -4.037057275773026532e+00 -1.878946382626233910e-02 9.955216569506898372e-01 -9.264764741600137188e-02 -6.876362748644393452e-01 3.219625390503373374e-01 9.375261856464052468e-02 9.420990246187955774e-01 1.746660492659917097e+01
9.448567574373636369e-01 -1.027018225944052732e-02 -3.273228207874724349e-01 -4.281344426477112997e+00 -2.314844775081356665e-02 9.949134630234410803e-01 -9.803749509131237660e-02 -7.655779044367795327e-01 3.266647496565899811e-01 1.002084055656610739e-01 9.398129702640198868e-01 1.813185878626623193e+01
9.430832862977084341e-01 -7.061406016395490974e-03 -3.324816525885641028e-01 -4.537701063161633463e+00 -2.817042402615784619e-02 9.944848101860073175e-01 -1.010266772150277270e-01 -8.349815529515496326e-01 3.313613491850886383e-01 1.046427205521132942e-01 9.376830806061456913e-01 1.883932747914781913e+01
9.414257359810850323e-01 -6.916025361660830748e-03 -3.371494473122156887e-01 -4.799973432857984612e+00 -2.946971804857531976e-02 9.942773476945035993e-01 -1.026844271047091944e-01 -9.166629579594909316e-01 3.359302320633020256e-01 1.066054621933428259e-01 9.358344709557747665e-01 1.951807436755900937e+01
9.392539056043862633e-01 -6.315681986897760634e-03 -3.431649901817949710e-01 -5.092474152362476580e+00 -3.049102696710026886e-02 9.943420995721585776e-01 -1.017550307703061763e-01 -1.009483667810635588e+00 3.418660550661338227e-01 1.060372637047649891e-01 9.337471293593668786e-01 2.024158777654398378e+01
9.370168504686334776e-01 -6.347564977729491104e-03 -3.492264706399972884e-01 -5.367737071724684839e+00 -3.069177984289854499e-02 9.944710992888891044e-01 -1.004253320930998811e-01 -1.095759925988835093e+00 3.479330943994533576e-01 1.048186109898446433e-01 9.316413597388332191e-01 2.096836565729122270e+01
9.344482607708550770e-01 -5.775074646259401728e-03 -3.560520942251940157e-01 -5.639459809752591646e+00 -3.139848446860308423e-02 9.946379043139057519e-01 -9.853717307009893234e-02 -1.176890111962100471e+00 3.547119743959556426e-01 1.032573867789260275e-01 9.292563316691407893e-01 2.168164388844342128e+01
9.315197753499846467e-01 -5.462722524844980561e-03 -3.636496446276893391e-01 -5.940487963316470221e+00 -3.134765294179248096e-02 9.949600682048905798e-01 -9.524593082760653140e-02 -1.262903621928925135e+00 3.623371834876659148e-01 1.001230315357054257e-01 9.266537361757926083e-01 2.238542636122408780e+01
9.279259584898292834e-01 -2.572509378300346077e-03 -3.727556771785108247e-01 -6.268220517469556441e+00 -3.330182104920809821e-02 9.954056048135360157e-01 -8.977009880740847991e-02 -1.338603418187479077e+00 3.712740310440900693e-01 9.571344838158987733e-02 9.235770311886877248e-01 2.318060897964160816e+01
9.244936578733944366e-01 -1.453239817137906001e-04 -3.811973929896425028e-01 -6.590889634333858993e+00 -3.467584502429189863e-02 9.958219044011588084e-01 -8.447674541905247914e-02 -1.424154120995422712e+00 3.796169968188907728e-01 9.131655759671601646e-02 9.206259962741161207e-01 2.391277393233031745e+01
9.208734553970369108e-01 3.762655239685742340e-03 -3.898434537462829863e-01 -6.906124093319163215e+00 -3.809030431921194004e-02 9.960376881581434194e-01 -8.036200924088063302e-02 -1.497962980061954719e+00 3.879964045073370227e-01 8.885249738561269706e-02 9.173679888113476233e-01 2.466543105493660093e+01
9.171339365958735002e-01 4.338020028905097657e-03 -3.985555427484494539e-01 -7.241814239043714352e+00 -3.878393351638090292e-02 9.961669003124240529e-01 -7.840480387613457669e-02 -1.572562511423700293e+00 3.966877247938303541e-01 8.736525854102952793e-02 9.137867168113722460e-01 2.539609826041636609e+01
9.131026668059861739e-01 4.780478343421312552e-03 -4.077016844334521717e-01 -7.600204566508194759e+00 -3.990876472569964556e-02 9.961776622897776656e-01 -7.770042280840146198e-02 -1.651854873131480383e+00 4.057718726607010273e-01 8.721933431253542368e-02 9.098032635886588171e-01 2.616896140217700051e+01
9.092012279572024847e-01 4.451965377768848757e-03 -4.163331641189668697e-01 -7.951674813046759382e+00 -3.998208582156518448e-02 9.962552595629040608e-01 -7.666088089544498274e-02 -1.722344958537933346e+00 4.144328199859158013e-01 8.634603576109502188e-02 9.059745047813912988e-01 2.693197400190585356e+01
9.054345512925090489e-01 5.031668747058847500e-03 -4.244560660044410794e-01 -8.350816510471538834e+00 -4.070689761367359688e-02 9.963505619416406223e-01 -7.502337143883100468e-02 -1.791925212387957433e+00 4.225295543604614124e-01 8.520704267404827226e-02 9.023350481840306525e-01 2.773231803603992773e+01
9.016887727350653137e-01 5.032941313071407317e-03 -4.323563609257407014e-01 -8.744725296964020345e+00 -4.037749632749011025e-02 9.965429155566325470e-01 -7.260768074249746018e-02 -1.865269081108857696e+00 4.304962456513213853e-01 8.292699828588924460e-02 8.987747766649533121e-01 2.849849607541274565e+01
8.975846767857054154e-01 6.240352469435927855e-03 -4.407979152293101111e-01 -9.115367022205095537e+00 -4.045284768921033475e-02 9.968470507567693817e-01 -6.826071032923446136e-02 -1.939988482713838724e+00 4.389821384054853892e-01 7.910129887169069229e-02 8.950070784885016950e-01 2.927742683670069468e+01
8.938024599851541740e-01 7.641854716109017578e-03 -4.483957632766716328e-01 -9.538021745862199197e+00 -4.007078497606796769e-02 9.972163927429009700e-01 -6.287923587020467775e-02 -1.993154207483097906e+00 4.466670992504117033e-01 7.416918619135541568e-02 8.916206807023198122e-01 3.009283920962379355e+01
8.899887674615598598e-01 7.437264310219448941e-03 -4.559217879317432054e-01 -9.953916567167473417e+00 -3.827291960816244648e-02 9.975570804325857299e-01 -5.843847166083525335e-02 -2.069416114793407147e+00 4.543733931129831372e-01 6.945904152715588753e-02 8.880992429315027747e-01 3.088357226409353018e+01
8.864899561240486836e-01 6.524425349139913524e-03 -4.627018319302589333e-01 -1.039695277926132100e+01 -3.680957369459209733e-02 9.977263724235501119e-01 -5.645477056381013881e-02 -2.135029920538263681e+00 4.612814932692276826e-01 6.707844445817928714e-02 8.847145700650375089e-01 3.169765534577503630e+01
8.832991866324741981e-01 6.833610074686863843e-03 -4.687599004508814504e-01 -1.085266017594526389e+01 -3.713060380074635625e-02 9.977724461925631116e-01 -5.542078983878078596e-02 -2.198949399918155745e+00 4.673369965074606891e-01 6.635847691335489129e-02 8.815853268788611530e-01 3.252058349455339936e+01
8.800165327286227912e-01 6.188912415306939419e-03 -4.749027216027250642e-01 -1.129375491349548355e+01 -3.591945546965465835e-02 9.979186311025424194e-01 -5.355556443162177993e-02 -2.248762991805425937e+00 4.735828312867903511e-01 6.418802944045415293e-02 8.784071967056474861e-01 3.333841502230077936e+01
8.770536672021981284e-01 5.282878887563523945e-03 -4.803633535590910442e-01 -1.175431190374038870e+01 -3.461383550635841605e-02 9.980354258817816238e-01 -5.222232414026112268e-02 -2.313422325272498359e+00 4.791437681675355109e-01 6.242899914004302470e-02 8.755134916297898640e-01 3.417293352688285069e+01
8.746234725701906854e-01 4.586164222153667203e-03 -4.847811296401876024e-01 -1.224641449846012087e+01 -3.398666007513816145e-02 9.980750745013641234e-01 -5.187535693203659121e-02 -2.373478028868791778e+00 4.836100614883061533e-01 6.184749641553750898e-02 8.730957566185889585e-01 3.500861180561140884e+01
8.724764274049198187e-01 3.631264522724524622e-03 -4.886427046443194144e-01 -1.271763123522739392e+01 -3.342262540686485872e-02 9.980740863302612897e-01 -5.225941413810902825e-02 -2.433239471559041522e+00 4.875118616026057339e-01 6.192682914953350631e-02 8.709174801941415023e-01 3.583952132387074840e+01
8.709228381119649143e-01 3.830311164711627889e-03 -4.914048575088562076e-01 -1.321847307341107047e+01 -3.409922344824951185e-02 9.980303963568563086e-01 -5.265520837032348217e-02 -2.490923150254870322e+00 4.902353073044941612e-01 6.261514768775446049e-02 8.693380766305315310e-01 3.670720610986138155e+01
8.704567582379041379e-01 3.908260045059118969e-03 -4.922293700486078949e-01 -1.371989039150558476e+01 -3.376931786525025347e-02 9.980867381278303307e-01 -5.179282194066799766e-02 -2.554406698148181665e+00 4.910851949872951927e-01 6.170566206984558211e-02 8.689233264652460598e-01 3.759348199976493987e+01
8.701166819830188359e-01 3.854887222138242680e-03 -4.928306958436820540e-01 -1.421334458471486251e+01 -3.299866083594271693e-02 9.981811352127164527e-01 -5.045304498071260385e-02 -2.611377228527586691e+00 4.917398211007785735e-01 6.016278918512951018e-02 8.686612641850103289e-01 3.847787511240931480e+01
8.701362321145612588e-01 2.409427208656803217e-03 -4.928053646330388116e-01 -1.475014932845954796e+01 -3.107214429064295014e-02 9.982666230174507271e-01 -4.998270974525197835e-02 -2.674525624854268813e+00 4.918307259136066589e-01 5.880428622302436709e-02 8.687028247479295917e-01 3.937098416534044532e+01
8.695228454145950137e-01 1.375679037458234742e-03 -4.938908016763825515e-01 -1.527164344914153915e+01 -3.020528167506708259e-02 9.982723723042450370e-01 -5.039753670145724618e-02 -2.735589610942160910e+00 4.929682198910975699e-01 5.873992039238157964e-02 8.680621871190229433e-01 4.026769004461328194e+01
8.682676348855599135e-01 -7.250914125672763225e-04 -4.960955387699910735e-01 -1.579127158382629936e+01 -2.822380595844393991e-02 9.983070838288256033e-01 -5.085649616268662215e-02 -2.797748844332902163e+00 4.952925747367213916e-01 5.815875395544255894e-02 8.667772664108540637e-01 4.118199669768529958e+01
8.668019033742926371e-01 -1.544676308077602310e-03 -4.986502475400323986e-01 -1.631656531929627363e+01 -2.650334183313068914e-02 9.984390412670747228e-01 -4.916354126768401889e-02 -2.863822050526284801e+00 4.979478254053754105e-01 5.583094918066641710e-02 8.654079229780006211e-01 4.209551505384122549e+01
8.648667761803564558e-01 -1.034803757140090796e-03 -5.020003821402861943e-01 -1.687585563847008530e+01 -2.524997481404449295e-02 9.986424297087781454e-01 -4.556025023187250389e-02 -2.924551113699525917e+00 5.013660358828507801e-01 5.207904377538265933e-02 8.636665306645809892e-01 4.302887978596557161e+01
8.620457237466279121e-01 -1.439095248583143914e-03 -5.068284661656498047e-01 -1.743151203408438477e+01 -2.253067212377155015e-02 9.988985927896555372e-01 -4.115786895178273619e-02 -2.986663405272135030e+00 5.063294804528550852e-01 4.689915090065584213e-02 8.610638372897663206e-01 4.393999776398209178e+01
8.580934484585930333e-01 -2.594572420094056614e-03 -5.134869976211851039e-01 -1.797302288746606891e+01 -2.038514383267775107e-02 9.990268064302565421e-01 -3.911375692805207915e-02 -3.049886271255667136e+00 5.130887676925047769e-01 4.403076481397048825e-02 8.572054674124046647e-01 4.482792875780503294e+01
8.528414860142990994e-01 -4.872802493821407240e-03 -5.221471537696047438e-01 -1.852701544485730523e+01 -1.928352265268204815e-02 9.989804501329151432e-01 -4.081918714749609156e-02 -3.116633603603182756e+00 5.218137115362356804e-01 4.488113264110351469e-02 8.518780075173137956e-01 4.574224702769255657e+01
8.471227652552850707e-01 -8.042607573576584026e-03 -5.313363638416254142e-01 -1.911041886606209061e+01 -1.820039272593533888e-02 9.988597010944840759e-01 -4.413664308590644486e-02 -3.175124480951526884e+00 5.310854644168916394e-01 4.705968559436844723e-02 8.460104142132278682e-01 4.662302221351070131e+01
8.407238226136578563e-01 -8.428590138145829538e-03 -5.413985659893592040e-01 -1.968884104416503433e+01 -1.826555581897896380e-02 9.988682952634690970e-01 -4.391466972640882538e-02 -3.233303542332609748e+00 5.411560107441152345e-01 4.680905468078159354e-02 8.396184193484141911e-01 4.752923963882370373e+01
8.352209678419458827e-01 -5.563301438010894578e-03 -5.498863325101119859e-01 -2.029477204058844464e+01 -1.901339199706537225e-02 9.990588073181518869e-01 -3.898705526393015514e-02 -3.282026206581594607e+00 5.495856897323181389e-01 4.301801033279841618e-02 8.343290875116102789e-01 4.838937173053562191e+01
8.298267370124278175e-01 -1.455227679361023293e-03 -5.580192315788696789e-01 -2.087796300642899894e+01 -2.102629939211737506e-02 9.992049126785317315e-01 -3.387384319806178296e-02 -3.350931429982459075e+00 5.576248613325985870e-01 3.984250007001653715e-02 8.291363550175333552e-01 4.927761030798132680e+01
8.259044776907914498e-01 -1.044050490825578891e-03 -5.638090967094695483e-01 -2.151254068312879397e+01 -2.269030864364174338e-02 9.991265952145939044e-01 -3.508841221632392343e-02 -3.394542979915929681e+00 5.633533069331976284e-01 4.177267906667568587e-02 8.251594397231577505e-01 5.016412722999941565e+01
8.222632595087260299e-01 -2.979210502773271298e-03 -5.690995080879773793e-01 -2.212551639378643742e+01 -2.370644358236279059e-02 9.989390391604263675e-01 -3.948164912455930098e-02 -3.451358274641552981e+00 5.686133497396279601e-01 4.595563479822138003e-02 8.213202446947147628e-01 5.105204922947300616e+01
8.193286678029962911e-01 -5.038788566391111737e-03 -5.733019609090540536e-01 -2.273412908560822743e+01 -2.608985772367880540e-02 9.985977859948469426e-01 -4.606279600453138529e-02 -3.527947219997421335e+00 5.727301794245001076e-01 5.269793585545264059e-02 8.180483331876740039e-01 5.189250097450475607e+01
8.163199053898781976e-01 -5.976642208765837842e-03 -5.775691174067992817e-01 -2.336886322748785005e+01 -2.661430639154026973e-02 9.984951891462309215e-01 -4.794826370991905895e-02 -3.582315307541055205e+00 5.769865646831092709e-01 5.451272353891816608e-02 8.149324349490498776e-01 5.276769499851792489e+01
8.130841324012775262e-01 -4.880972511879435455e-03 -5.821257280166940440e-01 -2.398643061123761200e+01 -2.570480031904780541e-02 9.986885487054693034e-01 -4.427692368353990798e-02 -3.641504067443812165e+00 5.815784229438007991e-01 5.096428963125975570e-02 8.118923485465669998e-01 5.361956957736802565e+01
8.096934323248958787e-01 -2.838338524150148343e-03 -5.868462173839589235e-01 -2.462326178396164522e+01 -2.458404826907112373e-02 9.989464364736050372e-01 -3.875102157913298817e-02 -3.700708434247037548e+00 5.863379362378946524e-01 4.580350330366132761e-02 8.087705918206056221e-01 5.449369010067320573e+01
8.066865953871964479e-01 -1.607357912826245377e-03 -5.909772808734308214e-01 -2.529417259170181609e+01 -2.425103999171659280e-02 9.990639670960421714e-01 -3.582006080687661492e-02 -3.761132677133570912e+00 5.904816925322516896e-01 4.322737644392753154e-02 8.058925309109475910e-01 5.536627088486731907e+01
8.037431403281454223e-01 -8.891223748198149451e-04 -5.949757701260637299e-01 -2.591528881023626241e+01 -2.566921420424899195e-02 9.990159618701653921e-01 -3.616903952906371650e-02 -3.819987428638424554e+00 5.944224602323255890e-01 4.434317778226608969e-02 8.029294041854371233e-01 5.620315453325790855e+01
8.000694096877590811e-01 -1.799203042132156575e-03 -5.999047388105075429e-01 -2.656778056623105044e+01 -2.585995089101078212e-02 9.989625518003873994e-01 -3.748443797012897261e-02 -3.867756957520914085e+00 5.993498211663694786e-01 4.550365913011577418e-02 7.991928526501214103e-01 5.705352770125934825e+01
7.961850368094057773e-01 -4.054741963996058920e-03 -6.050396178918644452e-01 -2.723321938379054430e+01 -2.540229330327368681e-02 9.988718582838801430e-01 -4.012149387433033842e-02 -3.931208227525257115e+00 6.045197401839402795e-01 4.731352681077128502e-02 7.951838283510802574e-01 5.792166153127048034e+01
7.920608241981667019e-01 -4.612889748308709494e-03 -6.104247413841168424e-01 -2.788769384094193882e+01 -2.543421456789148744e-02 9.988537206612586594e-01 -4.055053017656175263e-02 -3.980582050627058610e+00 6.099120897532478436e-01 4.764416010190888895e-02 7.910355768603012372e-01 5.875252883639679169e+01
7.875138349940430382e-01 -5.370254356918302725e-03 -6.162735697808167101e-01 -2.857272140432374741e+01 -2.414973850536320313e-02 9.989251310654937432e-01 -3.956479117294290498e-02 -4.042524543192950404e+00 6.158236400747866268e-01 4.604066586479727691e-02 7.865376714549927595e-01 5.961332599708356383e+01
7.828491397472582269e-01 -5.413407019464157137e-03 -6.221880037749041303e-01 -2.925292187130384747e+01 -2.408839034367321261e-02 9.989488247721245440e-01 -3.899993566433659214e-02 -4.102315959117065702e+00 6.217451084038811970e-01 4.551857345683016365e-02 7.818958287275489250e-01 6.044290250635560113e+01
7.772752851970113896e-01 -5.923105670854827975e-03 -6.291327684268822606e-01 -2.994470134712651443e+01 -2.437493674383674550e-02 9.989214704823196067e-01 -3.951908796219408965e-02 -4.160695216060662283e+00 6.286883167394289318e-01 4.605228166957106573e-02 7.762925964066801354e-01 6.128222735443707592e+01
7.718081950051746132e-01 -7.687832564157451136e-03 -6.358089333078515981e-01 -3.065121040989442847e+01 -2.350873706689902282e-02 9.988982596730103802e-01 -4.061534373129797870e-02 -4.221140826893512887e+00 6.354206918841307505e-01 4.629432003965078951e-02 7.707771324411163416e-01 6.211895423044690290e+01
7.666193736306206041e-01 -8.589158417850972088e-03 -6.420443555655055423e-01 -3.134541495209903417e+01 -2.335557139270560273e-02 9.988758451272137240e-01 -4.125001028243736184e-02 -4.280715968812332406e+00 6.416769122119485580e-01 4.661836969400526276e-02 7.655569709156653246e-01 6.293534826704061658e+01
7.609293383427710999e-01 -1.023329401948932724e-02 -6.487540472121432478e-01 -3.206418765243950020e+01 -2.260183024039554359e-02 9.988507310459010524e-01 -4.226552257557625314e-02 -4.332963674672216214e+00 6.484409810274600616e-01 4.682410483372325544e-02 7.598235356051693534e-01 6.376976246011830796e+01
7.547969947732724449e-01 -1.181423791737221986e-02 -6.558520506443216158e-01 -3.278020657843081409e+01 -2.191834648500410460e-02 9.988252285236413064e-01 -4.321746162977799927e-02 -4.398533683336547817e+00 6.555921670413205060e-01 4.699560250824489499e-02 7.536513331445764408e-01 6.458026312454349238e+01
7.485394271290044532e-01 -1.230631694216356882e-02 -6.629760721951820646e-01 -3.353795563276760561e+01 -2.190194454584001860e-02 9.988233573949862887e-01 -4.326899103185617712e-02 -4.467432782692070781e+00 6.627284796485095608e-01 4.690901078091545828e-02 7.473891323976318279e-01 6.541954339998085288e+01
7.423754010324563612e-01 -1.268927415348071464e-02 -6.698639696310311198e-01 -3.428116038391995346e+01 -2.081903159235909406e-02 9.989008945436701481e-01 -4.199489063281841572e-02 -4.523861156627583036e+00 6.696606147177133206e-01 4.512189275230576307e-02 7.412952747104276652e-01 6.623990679571932105e+01
7.361003279396578503e-01 -1.377113420442666047e-02 -6.767323359023990070e-01 -3.503328095251200835e+01 -1.899881671285438139e-02 9.989787385089490268e-01 -4.099420694316949221e-02 -4.590455378480438497e+00 6.766057636262544639e-01 4.303296259488258863e-02 7.350869427079056440e-01 6.704084208299016723e+01
7.292468109241179164e-01 -1.496229225264124503e-02 -6.840871361020186558e-01 -3.579503705423857696e+01 -1.843626312587025307e-02 9.989682841625632248e-01 -4.150266822829339758e-02 -4.647745729357270150e+00 6.840023394219183484e-01 4.287769869272967799e-02 7.282185876346726205e-01 6.784322771039774125e+01
7.228922995492723658e-01 -1.683521806550909716e-02 -6.907555933468120246e-01 -3.658097598765819214e+01 -1.778568220101320319e-02 9.989185137314705587e-01 -4.295896253103002188e-02 -4.717374563262903386e+00 6.907317860770051388e-01 4.334026247236014151e-02 7.218110765763126047e-01 6.864246202639513683e+01
7.172085801672585248e-01 -1.582880163316063848e-02 -6.966787584563723934e-01 -3.736490618705767019e+01 -1.972885327466441380e-02 9.988800374312398755e-01 -4.300515321090607468e-02 -4.776918872516000114e+00 6.965792363809244492e-01 4.458833768559597455e-02 7.160930502675979525e-01 6.944259948176986086e+01
7.116793543653111564e-01 -1.603335236885289686e-02 -7.023214498761011226e-01 -3.817669500900898072e+01 -1.931365673986275636e-02 9.989150694318470469e-01 -4.237530834798812485e-02 -4.842098784834499625e+00 7.022389102329033017e-01 4.372202728376931025e-02 7.105975699921437405e-01 7.026112750794214890e+01
7.069379596909034502e-01 -1.572635187577180182e-02 -7.071006955601769617e-01 -3.899315884261775977e+01 -2.002155028855883562e-02 9.989071479907420947e-01 -4.223324816991396585e-02 -4.897182768061449920e+00 7.069921262637766102e-01 4.401353821984838044e-02 7.058505161601240641e-01 7.104410130487919162e+01
7.021564695034532289e-01 -1.618553629730922275e-02 -7.118386834740593194e-01 -3.982237676311687835e+01 -2.044032140005129505e-02 9.988713577016545830e-01 -4.287428202127378102e-02 -4.967313860536000547e+00 7.117292277534418288e-01 4.465466576634393586e-02 7.010331494383090778e-01 7.183832589435594684e+01
6.967614508728117162e-01 -1.829564287441581838e-02 -7.170695506314440637e-01 -4.064962943721809552e+01 -2.029532076429445969e-02 9.987716102355995718e-01 -4.520365665880185513e-02 -5.037396476503706033e+00 7.170157520633931858e-01 4.604932174328493777e-02 6.955342412949421238e-01 7.262942104075152372e+01
6.917401479035614198e-01 -2.069239174982664964e-02 -7.218499726386716775e-01 -4.147822161649387596e+01 -1.998048470482233913e-02 9.986582945422102231e-01 -4.777437601449979060e-02 -5.108146642919450642e+00 7.218700411469232137e-01 4.747036608310228195e-02 6.903985933585650159e-01 7.342663240514897893e+01
6.868874677942934381e-01 -2.085267122646942625e-02 -7.264645640848216290e-01 -4.233929523487762481e+01 -2.137659047503545282e-02 9.985761015731994261e-01 -4.887546193673407424e-02 -5.168116118738081965e+00 7.264493488034309276e-01 4.910127759478988968e-02 6.854636518062429129e-01 7.420951073345644033e+01
6.820086851030617847e-01 -2.079970074661906948e-02 -7.310482309386916455e-01 -4.320875303967668657e+01 -2.051193855402045838e-02 9.986582437980795479e-01 -4.754968457095681833e-02 -5.245802605485484271e+00 7.310563742617964822e-01 4.742451405187012026e-02 6.806669545530233956e-01 7.500435645563551645e+01
6.770904524387599821e-01 -2.091918984457492164e-02 -7.356024039270239179e-01 -4.406439218798464452e+01 -1.967451578076291965e-02 9.987239858308354368e-01 -4.651143499876746884e-02 -5.310608267527516801e+00 7.356367590674158796e-01 4.596506946179753500e-02 6.758149015202193910e-01 7.577753078176553458e+01
6.720160141116586772e-01 -2.149146649314918889e-02 -7.402246844567659245e-01 -4.492734687159583018e+01 -1.942332830445506545e-02 9.987233649864091234e-01 -4.663018955408766014e-02 -5.387950632840308174e+00 7.402818516357149159e-01 4.571386097148027322e-02 6.707406601587257988e-01 7.654463611991369021e+01
6.672808034206766381e-01 -2.233535581642897075e-02 -7.444712559882029623e-01 -4.579942161303646486e+01 -1.883857303503276223e-02 9.987243419176702330e-01 -4.684866119466463835e-02 -5.450480452638288398e+00 7.445679595780989590e-01 4.528598818757333805e-02 6.660088160746276964e-01 7.732249745550785747e+01
6.626258606282848795e-01 -2.315648740152344981e-02 -7.485925029938120812e-01 -4.670323320775178644e+01 -1.783308512232796572e-02 9.987507037575293900e-01 -4.667989765792281837e-02 -5.525978101688952648e+00 7.487382445753195670e-01 4.428102095341560074e-02 6.613850940612475693e-01 7.811004154162893087e+01
6.588146225943549705e-01 -2.380439066931383171e-02 -7.519286093612327360e-01 -4.759050920072190394e+01 -1.695961734252649997e-02 9.987753122861048327e-01 -4.647845707520310843e-02 -5.590369150709324941e+00 7.521141359615719502e-01 4.337310839578892990e-02 6.576040681101099628e-01 7.887877302647797251e+01
6.548961628483104258e-01 -2.626580721107953098e-02 -7.552622807401286886e-01 -4.849377962888123506e+01 -1.431314907189798480e-02 9.987854605970278854e-01 -4.714591691943695317e-02 -5.666189583256200812e+00 7.555833235471478559e-01 4.168586143589672610e-02 6.537248202910583839e-01 7.964326011021381646e+01
6.507016350510845815e-01 -3.040339735900506740e-02 -7.587245909645097264e-01 -4.939583240398567909e+01 -1.190957563166145615e-02 9.986665529618019566e-01 -5.023224079247051027e-02 -5.745727819677211912e+00 7.592401157883830187e-01 4.172228885470222887e-02 6.494718683789270086e-01 8.042495728769492302e+01
6.457456792201372586e-01 -3.465359902117592927e-02 -7.627657799769129721e-01 -5.030814333311385411e+01 -7.755182711724858090e-03 9.986203939093538651e-01 -5.193424699506236225e-02 -5.815783135184539709e+00 7.635131854139852736e-01 3.945170330832538375e-02 6.445860606181047503e-01 8.118982930569839596e+01
6.392100633807888954e-01 -3.900050684646793470e-02 -7.680426058902003472e-01 -5.123655962817968401e+01 -1.599429520707231324e-03 9.986436496101135374e-01 -5.204135766617971892e-02 -5.892900417395920520e+00 7.690305236111710796e-01 3.449378922002923481e-02 6.382806930702756842e-01 8.195400804033631914e+01
6.310984947509551413e-01 -4.232748861799313922e-02 -7.745470047610373276e-01 -5.216562227454018341e+01 2.788438943310590518e-03 9.986274710206872740e-01 -5.230103929791048850e-02 -5.976609106806043847e+00 7.756977015991188829e-01 3.084732977759447464e-02 6.303503224754940515e-01 8.271592385969368877e+01
6.219537964834708221e-01 -4.316221811426391303e-02 -7.818634706437067594e-01 -5.309961752793318368e+01 5.058622984887346623e-03 9.986803499264333972e-01 -5.110742589432348826e-02 -6.057227667898461121e+00 7.830376078534482254e-01 2.783130464113079891e-02 6.213513775893018121e-01 8.346139588323028136e+01
6.130303392321113654e-01 -4.271949733936449695e-02 -7.889035659059789873e-01 -5.406514657217878295e+01 7.100288391654633810e-03 9.987946507410362385e-01 -4.856780344196436061e-02 -6.125463343466288180e+00 7.900274673846703344e-01 2.417209375047385533e-02 6.125947454190389108e-01 8.420027735545502878e+01
6.041702825135207844e-01 -4.227137362651882391e-02 -7.957332399027613468e-01 -5.506536262320938135e+01 6.400638725096896749e-03 9.988171989814746965e-01 -4.819994626096296003e-02 -6.210194928225181599e+00 7.968295375284687454e-01 2.402777371428003669e-02 6.037262341896109108e-01 8.494179784338579964e+01
5.946852238990053552e-01 -4.289622148734519719e-02 -8.028134197017670060e-01 -5.603837680337598215e+01 4.272623549628320853e-03 9.987300680724295887e-01 -5.019955971304219250e-02 -6.275352150603011658e+00 8.039472866361007108e-01 2.642281645630008280e-02 5.941132946725579123e-01 8.565320843680554219e+01
5.847070290424373207e-01 -4.531933590245997012e-02 -8.099776762242223427e-01 -5.701344117848670834e+01 5.582549626911005765e-03 9.986395252785669197e-01 -5.184528586846276488e-02 -6.366168953798366559e+00 8.112253300186635929e-01 2.579256205769864599e-02 5.841645484818680512e-01 8.635837187582301055e+01
5.746954147466095675e-01 -4.650385529227190479e-02 -8.170450168245887435e-01 -5.802829439257261868e+01 5.129579904293440039e-03 9.985692296389029332e-01 -5.322763383685647637e-02 -6.430341106938750606e+00 8.183513173577193767e-01 2.639857896741060195e-02 5.741117039620210472e-01 8.706434512299153994e+01
5.647074433911140057e-01 -4.760336809620540482e-02 -8.239171137561270841e-01 -5.905805183237664124e+01 8.136313465618331270e-03 9.986076905031429085e-01 -5.211986993518958472e-02 -6.515270506951146068e+00 8.252510617563685313e-01 2.272883011823103802e-02 5.643085129296668834e-01 8.775519215941791629e+01
5.543310944371767635e-01 -4.760177472399833992e-02 -8.309338699339255951e-01 -6.009723663884194877e+01 9.690449350422396246e-03 9.986645825955934308e-01 -5.074590259042656426e-02 -6.601229761452810152e+00 8.322398357977863759e-01 2.007790863572227191e-02 5.540521147931544155e-01 8.845405574559401884e+01
5.439791511078699848e-01 -4.828535529112046309e-02 -8.377082993827646984e-01 -6.114251316637139411e+01 1.039063255122518216e-02 9.986540336666993589e-01 -5.081491674987589913e-02 -6.685145960066111392e+00 8.390344030352416826e-01 1.893793563272959043e-02 5.437486900388763811e-01 8.913337589764515201e+01
5.334767045084811699e-01 -4.899513844449750188e-02 -8.443944985595195352e-01 -6.218098103915166064e+01 9.130151641473139776e-03 9.985962593898779494e-01 -5.217423725009311120e-02 -6.761793445773179201e+00 8.457654863147162638e-01 2.012428981714265916e-02 5.331751758166343169e-01 8.977222520419276464e+01
5.234315683786012752e-01 -4.971180777784040689e-02 -8.506163155371134765e-01 -6.326538763174701785e+01 8.313602490774618659e-03 9.985470647483036810e-01 -5.324136987235869589e-02 -6.841330997670627134e+00 8.520271645856896114e-01 2.079652730310901573e-02 5.230843415977309840e-01 9.043441737392129198e+01
5.138704819387325262e-01 -5.010638898403497327e-02 -8.564032136067909473e-01 -6.432529587133741700e+01 6.473460149647392893e-03 9.984908560412245615e-01 -5.453535264176373465e-02 -6.930042269343456240e+00 8.578433622965971894e-01 2.248021536852727945e-02 5.134193403132012445e-01 9.106202839345067446e+01
