1 0 0 0 0 1 0 0 0 0 1 0
0.99993822 -0.0027818039 0.010761641 0.001055291 0.0027675864 0.99999528 0.0013358133 -0.0089842286 -0.010765307 -0.001305947 0.9999412 0.30041638
0.99981527 -0.0043178499 0.018729137 -0.0021403118 0.0042942878 0.99998994 0.0012980952 -0.012605325 -0.018734555 -0.0012174271 0.99982375 0.61065357
0.99980229 -0.0079540804 0.01822395 0.027577283 0.0079513284 0.99996836 0.00022349398 -0.017580143 -0.018225153 -7.8545157e-05 0.99983391 0.87605135
0.99979645 -0.0090412083 0.018036354 0.012902807 0.0090659538 0.99995807 -0.0012906488 -0.023431136 -0.018023931 0.0014539029 0.9998365 1.2023982
0.99988295 -0.011413289 0.010189012 0.011932027 0.011447699 0.99992894 -0.0033251978 -0.022580401 -0.010150337 0.0034414495 0.99994256 1.5142911
0.99992233 -0.012392213 -0.0013296018 0.0073223088 0.01238616 0.9999133 -0.0044684574 -0.032984235 0.0013848607 0.0044516418 0.99998913 1.833148
0.99978362 -0.012192812 -0.016853864 0.00035602083 0.012113959 0.99991523 -0.004772898 -0.039587788 0.016910632 0.0045676983 0.99984657 2.1685052
0.9993272 -0.008042722 -0.035783456 -0.043317271 0.0078600378 0.99995536 -0.0052430352 -0.042289885 0.035824031 0.0049582485 0.99934581 2.5170049
0.99845012 -0.0044662595 -0.055474325 -0.096343931 0.0041209723 0.99997143 -0.006337109 -0.049719947 0.055501047 0.0060986792 0.99844 2.8528603
0.99706145 -0.0037244627 -0.076515248 -0.13313014 0.0032477752 0.99997454 -0.0063534606 -0.055448447 0.07653697 0.0060862864 0.99704817 3.1774451
0.99515402 -0.0051159869 -0.098195229 -0.17850545 0.0045512704 0.9999718 -0.0059740977 -0.061585814 0.098223031 0.0054982343 0.99514924 3.5575184
0.99310107 -0.0059609678 -0.11710987 -0.23922198 0.005409662 0.99997274 -0.0050248927 -0.076429745 0.11713664 0.0043567015 0.99310625 3.9712296
0.99097755 -0.0052124627 -0.13392657 -0.31020065 0.0046390676 0.99997869 -0.0045931144 -0.07282152 0.13394767 0.0039303788 0.99098061 4.3654378
0.98871278 -0.004228519 -0.14976366 -0.39657891 0.0036421721 0.99998459 -0.004189214 -0.084294485 0.14977908 0.0035964644 0.98871295 4.7845515
0.98654833 -0.0035192859 -0.16343194 -0.49122374 0.0029213319 0.99998813 -0.0038989267 -0.092227441 0.16344374 0.0033690406 0.98654691 5.1934388
0.98442658 -0.0047071357 -0.17573319 -0.57425107 0.0039308157 0.99998092 -0.004765444 -0.094466418 0.17575228 0.0040004549 0.9844263 5.6386271
0.98267726 -0.0076610164 -0.18516669 -0.65146345 0.0065185548 0.99995578 -0.0067779063 -0.11014179 0.18521045 0.0054534752 0.98268375 6.0775923
0.98126465 -0.0073093573 -0.19252598 -0.75914174 0.0056633249 0.99994257 -0.0090986024 -0.11966222 0.19258144 0.0078377998 0.98124969 6.5349592
0.97967694 -0.0074621957 -0.20044301 -0.86126056 0.0053674146 0.99992518 -0.010992178 -0.12745272 0.20051005 0.009692923 0.9796437 7.0191887
0.97777912 -0.0076524632 -0.20949803 -0.97018086 0.005025635 0.99990198 -0.013068153 -0.13413512 0.20957752 0.011724907 0.97772174 7.4500455
0.97591018 -0.01175044 -0.21785601 -1.0895299 0.0086134862 0.99984518 -0.015343309 -0.14595319 0.2180026 0.013097192 0.97586031 7.9838315
0.97433068 -0.016867269 -0.22448878 -1.2042018 0.013603292 0.99977819 -0.016078412 -0.16327624 0.22471021 0.012611904 0.97434402 8.4823736
0.97243308 -0.017861252 -0.23249706 -1.3358785 0.013899252 0.99972912 -0.018668285 -0.18905035 0.23276754 0.014922123 0.97241792 9.0169329
0.97008419 -0.014595138 -0.24232959 -1.4955911 0.009310327 0.99969351 -0.022939272 -0.19036063 0.24259014 0.019996858 0.96992276 9.5338862
0.96798188 -0.01107275 -0.25077575 -1.6570269 0.0047932457 0.99965982 -0.025637281 -0.20555848 0.25097434 0.023614394 0.96770566 10.07191
0.96567215 -0.014729763 -0.25934597 -1.80836 0.00760244 0.99956592 -0.028463542 -0.23247389 0.25965268 0.025514788 0.96536495 10.638352
0.96366693 -0.016020542 -0.26662594 -1.9622078 0.0083569061 0.99951937 -0.02985294 -0.26220319 0.26697608 0.026540123 0.96333764 11.213941
0.96096677 -0.016050602 -0.27619781 -2.1644459 0.0073200739 0.99944129 -0.032611725 -0.27964861 0.27656696 0.029316996 0.96054736 11.760112
0.95902673 -0.015228261 -0.28290604 -2.3361106 0.0052029074 0.99933266 -0.036154659 -0.30682907 0.28326784 0.033201351 0.95846597 12.373218
0.95640372 -0.016088428 -0.29160431 -2.5190348 0.0043645968 0.99915737 -0.040810627 -0.33697197 0.2920152 0.037758701 0.95566804 12.906144
0.95492081 -0.017032269 -0.29637161 -2.7213974 0.0029651346 0.99885016 -0.047849441 -0.378701 0.29684584 0.044813646 0.95387331 13.560746
0.95333564 -0.017666421 -0.30139518 -2.9337588 0.00067174559 0.99840817 -0.056397385 -0.41228186 0.30191178 0.053563177 0.95182996 14.170512
0.95242031 -0.016839139 -0.30432217 -3.1508639 -0.0029818092 0.99791004 -0.064549624 -0.4608515 0.30477313 0.062385805 0.95037959 14.798216
0.95087698 -0.016665302 -0.30912008 -3.3679143 -0.0064080035 0.99727634 -0.073476733 -0.50441297 0.30950268 0.071848178 0.94818033 15.445889
0.94914693 -0.016355237 -0.31440834 -3.6022774 -0.0095043167 0.99670609 -0.080539707 -0.56576495 0.31468998 0.079432254 0.94586508 16.043062
0.94764803 -0.015817254 -0.31892479 -3.8395397 -0.012782163 0.99609283 -0.087382493 -0.63325974 0.31906088 0.086884397 0.94374322 16.722839
0.94576793 -0.01311399 -0.32457826 -4.0837937 -0.018148405 0.99549112 -0.093102474 -0.69443691 0.32433574 0.093943913 0.94126557 17.385886
0.94478544 -0.01074554 -0.32751335 -4.3373809 -0.023018106 0.99481716 -0.09904029 -0.77636007 0.32688017 0.10111056 0.93964143 18.079342
0.94291488 -0.0091186027 -0.33290896 -4.5941886 -0.026371649 0.99444174 -0.10193218 -0.84974109 0.33198807 0.10489273 0.93743344 18.791684
0.94142376 -0.0085935503 -0.33711638 -4.8396042 -0.027761136 0.9943072 -0.10287136 -0.93272655 0.3360813 0.10620428 0.93582585 19.469319
0.93901693 -0.0077953349 -0.34378253 -5.135188 -0.029246893 0.99430997 -0.10243192 -1.0140852 0.34262492 0.10623988 0.93344591 20.188789
0.93669859 -0.0077327778 -0.35005134 -5.4225972 -0.029463779 0.99446932 -0.10081003 -1.1062932 0.34889489 0.10474245 0.93129017 20.917566
0.93412423 -0.0074334227 -0.35687064 -5.6863069 -0.029974027 0.99461839 -0.099175661 -1.1865415 0.35568734 0.10333924 0.92887433 21.607205
0.93173213 -0.0075152536 -0.36306851 -5.9687846 -0.029222404 0.99499193 -0.095588203 -1.2706111 0.36196864 0.099672336 0.92684634 22.312317
0.92781387 -0.0054090459 -0.37300422 -6.3322762 -0.030500126 0.99544732 -0.090301545 -1.354125 0.37179453 0.095159704 0.92342486 23.143357
0.9246239 -0.0025991125 -0.38087252 -6.6569551 -0.032106895 0.99588566 -0.084740213 -1.4356192 0.37952576 0.090581462 0.92073623 23.870884
0.92091683 -0.00015163499 -0.38975909 -6.9805243 -0.034093931 0.99613536 -0.080944159 -1.507412 0.38826512 0.08783126 0.91735265 24.624833
0.9173817 0.0009715276 -0.39800735 -7.3008772 -0.035541947 0.99620182 -0.07949022 -1.5892781 0.39641846 0.087068831 0.91393186 25.347598
0.91330222 0.0016623477 -0.40727912 -7.6826267 -0.036789886 0.99624031 -0.078433148 -1.6625774 0.40561753 0.086616922 0.90992964 26.14002
0.91019994 -0.0010547626 -0.41416778 -8.0242236 -0.034108388 0.99640903 -0.077496191 -1.7206364 0.41276229 0.084663625 0.90689546 26.839151
0.9065086 0.0012037775 -0.42218561 -8.4269358 -0.03653877 0.99646747 -0.075614093 -1.8051098 0.42060324 0.08397097 0.90335032 27.660196
0.90321811 0.0030730729 -0.42917082 -8.8107754 -0.038261206 0.99656931 -0.073387285 -1.8819625 0.42747298 0.082705319 0.90023702 28.466889
0.89960628 0.0033383748 -0.43668911 -9.2157513 -0.037437775 0.99687899 -0.06950322 -1.9524118 0.4350942 0.078874203 0.89692358 29.219735
0.89585658 0.0030426397 -0.44433288 -9.6116865 -0.034919147 0.99736605 -0.063573777 -2.0124811 0.44296913 0.072468713 0.89360318 30.033894
0.89233871 0.003931085 -0.45134926 -10.030262 -0.034416049 0.9976436 -0.059353036 -2.0807303 0.45005242 0.068496671 0.8903713 30.84531
0.88817922 0.002664609 -0.45948945 -10.454552 -0.032794687 0.99780068 -0.057604824 -2.1500723 0.45832543 0.066232221 0.88631321 31.674487
0.88507016 0.0028281222 -0.46544903 -10.901641 -0.033055238 0.99783862 -0.056792886 -2.2106712 0.46428244 0.065651218 0.88325067 32.49087
0.88257997 0.0020479889 -0.47015782 -11.359771 -0.031498516 0.99800141 -0.054781736 -2.2678336 0.46910602 0.063158538 0.88088056 33.300609
0.87900038 0.0016807514 -0.47681809 -11.838301 -0.030828794 0.99810181 -0.053313746 -2.3363945 0.47582344 0.06156253 0.87738369 34.157734
0.87659576 0.0016858609 -0.4812245 -12.283281 -0.031197424 0.99808936 -0.053332462 -2.3984158 0.48021518 0.061763975 0.87497349 35.011405
0.87423792 -0.0017294475 -0.48549464 -12.740749 -0.027777228 0.99817743 -0.053574637 -2.4545477 0.48470249 0.060322675 0.87259652 35.818689
0.87269369 0.00038915274 -0.4882679 -13.249106 -0.030715049 0.99806289 -0.054102323 -2.5121183 0.48730106 0.06221193 0.87101514 36.717067
0.87308094 0.00061791157 -0.48757488 -13.754869 -0.030568108 0.99810136 -0.053472181 -2.5771287 0.48661615 0.061589785 0.87144216 37.576526
0.87262319 0.0013634758 -0.48839215 -14.27494 -0.030608486 0.99818299 -0.051902296 -2.6416012 0.48743401 0.060240092 0.87107935 38.452065
0.87334471 -0.0018311726 -0.48709921 -14.792856 -0.026444215 0.99833998 -0.051166264 -2.7079037 0.48638435 0.057566743 0.87184652 39.377518
0.87201235 -0.0019289244 -0.48948005 -15.291316 -0.026965637 0.99828433 -0.051973481 -2.7688214 0.48874056 0.058520659 0.87046426 40.274222
0.87138751 -0.002186616 -0.49059047 -15.8196 -0.027103766 0.99824825 -0.052591048 -2.8398832 0.48984611 0.059124032 0.86980179 41.207181
0.86963572 -0.0048404111 -0.49367019 -16.33515 -0.02322826 0.99844336 -0.050707942 -2.8995448 0.49314721 0.055564538 0.86816958 42.096216
0.86738396 -0.0041512899 -0.49762215 -16.872086 -0.022126252 0.99865458 -0.046898353 -2.9668084 0.49714737 0.051689393 0.86612512 43.028219
0.86632754 -0.0013874427 -0.49947436 -17.447811 -0.022996956 0.99882485 -0.042662263 -3.0370104 0.49894664 0.048445884 0.86527757 44.004414
0.86228435 -0.0053828678 -0.5063958 -17.972025 -0.017461665 0.9990329 -0.040352983 -3.0940127 0.50612332 0.04363826 0.86135644 44.892917
0.85562567 -0.0078340592 -0.51753581 -18.544052 -0.016781071 0.99893994 -0.042864799 -3.1611216 0.51732304 0.045361028 0.8545872 45.774049
0.84989331 -0.0098441792 -0.52686282 -19.070318 -0.01719878 0.99877462 -0.046405331 -3.2240538 0.52667408 0.048500979 0.84868256 46.656762
0.84578077 -0.012190568 -0.53339128 -19.711222 -0.014711422 0.99882594 -0.046155408 -3.2866724 0.53332775 0.046884302 0.84460843 47.597258
0.83977947 -0.0061311729 -0.54289302 -20.272693 -0.019112999 0.99898258 -0.040847159 -3.3416495 0.54259116 0.04467892 0.83880788 48.488378
0.83481833 -0.005563782 -0.55049739 -20.885016 -0.017104961 0.99920402 -0.036038113 -3.4055696 0.55025976 0.039501514 0.83405867 49.345391
0.82972372 -0.0049219443 -0.55815257 -21.489839 -0.019248579 0.99911406 -0.037424508 -3.4599307 0.55784233 0.041795646 0.82889389 50.233808
0.82763204 -0.0076434096 -0.56121899 -22.104851 -0.019217886 0.99893506 -0.041945492 -3.5177939 0.56094197 0.045500876 0.82660377 51.113237
0.82450597 -0.0084108177 -0.56579071 -22.728031 -0.023401157 0.99852728 -0.048945348 -3.5884165 0.56536918 0.05359589 0.82309489 51.978262
0.82032568 -0.0082157885 -0.57183761 -23.3139 -0.025260599 0.99840041 -0.050581778 -3.640813 0.57133852 0.055938492 0.81880597 52.811639
0.81875992 -0.0077195395 -0.57408411 -23.949458 -0.023355145 0.99863414 -0.046737491 -3.7123806 0.57366084 0.051674603 0.81746132 53.692171
0.81528782 -0.0058759587 -0.57902609 -24.595662 -0.021874259 0.99892227 -0.040936742 -3.7742365 0.57864265 0.046040995 0.81428063 54.586275
0.81094099 -0.0067877417 -0.58508855 -25.210589 -0.019286165 0.99907933 -0.038321436 -3.8335691 0.58481004 0.042360538 0.81006347 55.41577
0.80889512 -0.0044082104 -0.58793641 -25.866932 -0.022531855 0.99900492 -0.038490098 -3.8901563 0.58752109 0.044381751 0.80799088 56.311014
0.80587165 -0.0058171772 -0.59206166 -26.501658 -0.022324369 0.99894218 -0.040201216 -3.9447273 0.59166927 0.045614424 0.80488933 57.170262
0.80212144 -0.0059231295 -0.59713155 -27.195388 -0.024657792 0.99876946 -0.043029686 -4.0181451 0.59665168 0.04923898 0.80098835 58.006621
0.79912199 -0.0075638425 -0.60112128 -27.819072 -0.023383825 0.99877303 -0.043653569 -4.0757335 0.60071396 0.048941043 0.79796462 58.884397
0.79387292 -0.008032972 -0.60803062 -28.481744 -0.022559502 0.99883531 -0.0426508 -4.1405279 0.60766511 0.047576184 0.79276708 59.749646
0.78950983 -0.006583174 -0.61370258 -29.146906 -0.024294081 0.99882355 -0.041967956 -4.1950344 0.61325693 0.048043455 0.78842108 60.550426
0.78382488 -0.0082377157 -0.62092726 -29.811821 -0.023079467 0.99883472 -0.042385601 -4.2665394 0.62055292 0.047553559 0.78272138 61.397416
0.77742335 -0.011696488 -0.6288689 -30.450392 -0.020310331 0.99883885 -0.043685784 -4.3187092 0.62864971 0.046734885 0.77628309 62.231072
0.77328485 -0.0096842157 -0.6339848 -31.181854 -0.024032807 0.9987172 -0.044568887 -4.3907311 0.63360319 0.04970088 0.77206014 63.051827
0.76812105 -0.011292909 -0.64020503 -31.889011 -0.023707506 0.9986573 -0.046060212 -4.452946 0.63986564 0.050557484 0.76682197 63.89223
0.76195303 -0.013184036 -0.64749805 -32.622389 -0.022154571 0.99867699 -0.04640529 -4.5141224 0.64725326 0.049703693 0.76065287 64.735363
0.75845089 -0.013528488 -0.65158974 -33.354529 -0.022512068 0.99864409 -0.046938187 -4.5906987 0.6513413 0.050268943 0.75711795 65.635382
0.74924788 -0.017103264 -0.66206877 -34.113791 -0.0174051 0.99881273 -0.045499339 -4.64699 0.66206096 0.045613657 0.74806064 66.350981
0.74447169 -0.017051077 -0.66743624 -34.816095 -0.016866033 0.99887451 -0.04433108 -4.7120303 0.667441 0.044260235 0.74334621 67.201361
0.73909932 -0.015743309 -0.67341243 -35.609639 -0.019780791 0.99878841 -0.045060354 -4.7803459 0.67330598 0.046624708 0.73789242 68.026107
0.73146346 -0.018488899 -0.6816299 -36.421732 -0.018274076 0.99874177 -0.046700495 -4.8500314 0.68163575 0.046615863 0.73020525 68.803229
0.72515129 -0.017506246 -0.68836698 -37.156726 -0.019955335 0.99872263 -0.046420763 -4.9158106 0.68830039 0.04739867 0.72387567 69.637201
0.71888134 -0.015987834 -0.69494889 -37.957081 -0.021691635 0.99873266 -0.045415257 -4.9877156 0.69479431 0.047722759 0.71762347 70.433652
0.7155978 -0.014571234 -0.69836053 -38.738939 -0.024031768 0.99867695 -0.04546224 -5.0552292 0.69809906 0.049315518 0.71430086 71.234668
0.71062366 -0.01779544 -0.70334721 -39.565924 -0.021375828 0.99867252 -0.046864457 -5.1191924 0.70324756 0.048337621 0.70929993 72.031392
0.70482029 -0.019233671 -0.70912508 -40.412199 -0.022022543 0.99855729 -0.048972823 -5.1922675 0.70904401 0.050133777 0.70337987 72.855925
0.70103615 -0.020895579 -0.71281951 -41.217507 -0.022687868 0.99841111 -0.051580227 -5.2629043 0.71276478 0.052331959 0.6994482 73.603905
0.69700639 -0.021153441 -0.71675281 -42.075931 -0.023934826 0.99832146 -0.052738767 -5.3341934 0.71666538 0.053914612 0.69533013 74.405162
0.69130322 -0.022192166 -0.72222387 -42.914338 -0.021318326 0.9984667 -0.05108605 -5.4082126 0.72225025 0.050712555 0.68977015 75.238169
0.68612557 -0.020745757 -0.72718723 -43.750881 -0.022826413 0.99848718 -0.050023096 -5.482681 0.72712495 0.050921202 0.68461404 75.971012
0.68200077 -0.022042908 -0.73101916 -44.618825 -0.021819402 0.99848749 -0.050464362 -5.5574741 0.73102593 0.050367136 0.68048828 76.78277
0.67724557 -0.024409368 -0.73535201 -45.458391 -0.018957024 0.99853883 -0.050604691 -5.6309924 0.73551283 0.048211888 0.67579327 77.585233
0.67205288 -0.023481613 -0.74013073 -46.349668 -0.020548345 0.99852085 -0.050337666 -5.7110055 0.74021804 0.049038035 0.6705763 78.402876
0.6675035 -0.024608269 -0.74419988 -47.209669 -0.018961603 0.99856786 -0.050026831 -5.777417 0.74436522 0.047504308 0.66608094 79.163321
0.66424295 -0.02718315 -0.74702231 -48.129514 -0.016110202 0.9985859 -0.050662204 -5.8629749 0.74734317 0.045686692 0.66286572 79.919227
0.66198102 -0.031239528 -0.74886926 -49.033055 -0.014269748 0.99842466 -0.054263967 -5.9418175 0.74938478 0.046607893 0.6604924 80.748719
0.6564579 -0.0359703 -0.75350455 -49.936228 -0.0094387021 0.99839267 -0.055883661 -6.0151258 0.75430364 0.043797376 0.65506324 81.501397
0.64901208 -0.039999033 -0.75972583 -50.788249 -0.003816996 0.99843313 -0.055827555 -6.1040968 0.76076855 0.039132628 0.64784249 82.315946
0.63999577 -0.043118748 -0.76716761 -51.730809 0.00025296692 0.99843599 -0.055906182 -6.1869247 0.76837843 0.035585652 0.63900572 83.05775
0.63313201 -0.041423958 -0.77293457 -52.672343 -0.0016337594 0.99849324 -0.054850602 -6.2832526 0.77404214 0.035990461 0.63211036 83.807753
0.62455131 -0.041567738 -0.77987674 -53.604086 0.0013099697 0.99863691 -0.052178673 -6.3581693 0.78098271 0.031566644 0.62375445 84.602608
0.61572148 -0.043835089 -0.7867436 -54.605023 0.0047985453 0.99864149 -0.051885991 -6.4282862 0.78794929 0.028172094 0.61509536 85.313879
0.60513118 -0.044869074 -0.79486034 -55.576131 0.0034466327 0.99854884 -0.053743148 -6.5036501 0.79611835 0.029782063 0.60440769 86.027131
0.59645775 -0.046924871 -0.80127159 -56.529603 0.0041602087 0.99845691 -0.055375823 -6.5919783 0.80263373 0.029695882 0.59573258 86.727449
0.58694006 -0.048371366 -0.80818409 -57.586974 0.0031773815 0.9983436 -0.057445217 -6.6726454 0.80962419 0.03114899 0.58612155 87.450375
0.57809334 -0.049783918 -0.81445048 -58.591061 0.0069094634 0.99839992 -0.056123662 -6.763671 0.81594142 0.0268173 0.57751233 88.204929
0.56619154 -0.049978196 -0.82275711 -59.607538 0.0096948381 0.99849486 -0.05398171 -6.8415699 0.82421672 0.022587491 0.56582388 88.886032
0.55757965 -0.050298998 -0.82859814 -60.608388 0.0084765243 0.99845555 -0.054905959 -6.9314286 0.8300802 0.023590813 0.55714486 89.505588
0.54593254 -0.052188672 -0.83620209 -61.645619 0.00940096 0.99837681 -0.056172629 -7.0119104 0.83777643 0.022805363 0.54553701 90.225241
0.53665173 -0.051585131 -0.84222552 -62.743359 0.0056464508 0.99832676 -0.05754829 -7.1001662 0.84378498 0.026127805 0.53604506 90.863764
0.52857107 -0.052715509 -0.84725064 -63.768938 0.0053637604 0.99825745 -0.058764807 -7.1850456 0.84887214 0.026516927 0.52793276 91.497856
0.51678841 -0.052398117 -0.85450811 -64.798059 0.0039487085 0.99826051 -0.058824865 -7.2701726 0.85610409 0.027025805 0.51609637 92.118222
0.5130497 -0.050232756 -0.85688775 -65.92932 0.0023523923 0.99836466 -0.057118 -7.3650898 0.85835571 0.027288637 0.51232886 92.765888
0.50263909 -0.047727252 -0.86317784 -66.981616 0.0019198948 0.99853403 -0.054093454 -7.4531401 0.86449426 0.025532273 0.50199387 93.424992
0.49236045 -0.047888359 -0.86907297 -68.168455 0.0023701744 0.99855535 -0.053680414 -7.5465861 0.87038821 0.024370258 0.49176267 94.049675
0.48900582 -0.050208557 -0.87083428 -69.252027 0.0029865551 0.99843256 -0.055888263 -7.6370611 0.87227544 0.024728891 0.48838929 94.64399
0.47906559 -0.054976349 -0.87605576 -70.331114 0.0075828214 0.9982587 -0.058498501 -7.7206057 0.87774639 0.021381644 0.47864827 95.204771
0.47408338 -0.058729151 -0.87851908 -71.462158 0.0095611727 0.99805754 -0.061560734 -7.8136876 0.88042808 0.020785248 0.47372402 95.801911
0.47020578 -0.062572251 -0.88033583 -72.559433 0.011139503 0.99782483 -0.064973257 -7.9128851 0.88248655 0.020744297 0.46988002 96.40682
0.46416449 -0.063020936 -0.88350417 -73.716962 0.012220977 0.99782635 -0.064755107 -8.0205334 0.88566475 0.019259737 0.46392574 97.015702
0.45917263 -0.05996945 -0.88632053 -74.801292 0.014416206 0.99809046 -0.060063381 -8.1122955 0.88823011 0.014802081 0.45916036 97.547433
0.45650167 -0.059229421 -0.88774886 -75.964441 0.020630621 0.9982181 -0.055991024 -8.204039 0.88948337 0.0072451859 0.45691018 98.161505
0.450236 -0.058280781 -0.89100551 -77.055911 0.019456567 0.99827102 -0.05546539 -8.3095712 0.89269763 0.0076366069 0.4505915 98.739742
0.44987746 -0.058409683 -0.89117816 -78.150594 0.022367332 0.9982829 -0.054138253 -8.3808908 0.89281019 0.0044223012 0.45041144 99.226839
0.44883476 -0.056757576 -0.89181044 -79.315426 0.022170659 0.99838099 -0.052381897 -8.4831568 0.89333974 0.00373879 0.44936645 99.837121
0.44306827 -0.057144935 -0.89466468 -80.354016 0.026121547 0.99836553 -0.050832346 -8.5648351 0.89610727 -0.00084782656 0.44383681 100.36736
0.44211519 -0.05799557 -0.89508134 -81.474474 0.027629689 0.99831449 -0.051037053 -8.653891 0.89653267 -0.0021665634 0.4429724 100.89597
0.43999025 -0.057906307 -0.89613357 -82.533702 0.029499988 0.99831221 -0.05002476 -8.7345161 0.89751791 -0.0044255233 0.44095588 101.4404
0.43583348 -0.057496203 -0.8981889 -83.656032 0.033546354 0.99830172 -0.04762688 -8.8275008 0.89940196 -0.0093735752 0.4370221 102.02176
0.433942 -0.057265174 -0.899119 -84.756745 0.036017822 0.99828277 -0.046197657 -8.9050618 0.9002206 -0.012337205 0.43525939 102.49338
0.43275247 -0.058391656 -0.89961972 -85.826414 0.037920953 0.99819599 -0.046548481 -8.9929983 0.90071492 -0.013970467 0.43418605 103.05117
0.43228808 -0.059915929 -0.89974276 -86.888359 0.037455718 0.99812204 -0.048471354 -9.0844652 0.90095736 -0.012746924 0.43372045 103.56971
0.4326143 -0.060714752 -0.89953239 -87.972141 0.037954851 0.99807186 -0.049112044 -9.1629394 0.90077986 -0.012895046 0.43408458 104.02316
0.43085343 -0.061397714 -0.90033081 -88.975463 0.038129283 0.99803045 -0.04981353 -9.2374245 0.90161608 -0.012866639 0.43234589 104.51141
0.43456151 -0.061009525 -0.89857335 -90.037237 0.035008244 0.99809324 -0.050836094 -9.3256916 0.89996155 -0.0093660658 0.43586874 105.03557
0.43839481 -0.061533495 -0.8966736 -90.985224 0.034882878 0.99806685 -0.051436854 -9.3993443 0.89810536 -0.0087289067 0.43969379 105.46728
0.44368215 -0.061637414 -0.89406203 -92.007982 0.032638852 0.99808153 -0.052611438 -9.4896447 0.89558971 -0.0058384031 0.44484274 106.02456
0.44907311 -0.061784199 -0.89135626 -93.003172 0.032364032 0.99807649 -0.05287621 -9.5638594 0.89290872 -0.0051025999 0.45020889 106.48016
0.45821032 -0.061118752 -0.88673995 -93.995725 0.031809416 0.9981216 -0.052358692 -9.645036 0.88827447 -0.0042153878 0.45929377 106.9495
0.46420655 -0.058652936 -0.88378281 -95.001529 0.027683962 0.99827833 -0.051710532 -9.7222421 0.88529427 -0.00046224292 0.46503108 107.50407
0.47054303 -0.057143024 -0.88052477 -95.999163 0.026473557 0.99836587 -0.05064332 -9.8021154 0.88197986 0.00051923784 0.47128688 108.02496
0.48178253 -0.058721952 -0.87432103 -96.946397 0.0289428 0.99827414 -0.051098475 -9.8789984 0.87581275 -0.00068694705 0.48265062 108.54374
0.49238959 -0.059726071 -0.86832323 -97.876888 0.028825862 0.99821454 -0.052314481 -9.9573952 0.86989748 0.00072893919 0.4932321 109.09395
0.50239923 -0.060982062 -0.86248254 -98.870332 0.027720486 0.99813295 -0.054425977 -10.031393 0.86419133 0.0034351336 0.50315168 109.58985
0.51454043 -0.060093976 -0.8553577 -99.809534 0.022607463 0.99814513 -0.056526124 -10.119484 0.85716807 0.0097475083 0.5149446 110.16086
0.5260053 -0.056864449 -0.8485781 -100.6926 0.01771204 0.99827831 -0.055916973 -10.180992 0.85029687 0.014382574 0.52610687 110.73383
0.53899306 -0.054877286 -0.84052062 -101.62736 0.01718755 0.9983842 -0.054162438 -10.255918 0.84213487 0.014746688 0.53906536 111.2816
0.55061111 -0.053043234 -0.83307488 -102.55551 0.01663555 0.99847816 -0.052579657 -10.33785 0.83459614 0.015092284 0.55065557 111.91515
0.5626556 -0.052988006 -0.82499145 -103.4023 0.017943757 0.99849139 -0.051893765 -10.416087 0.82649668 0.014394871 0.56275758 112.50679
0.57369199 -0.053782372 -0.81730343 -104.30476 0.018602779 0.99844005 -0.052644107 -10.500054 0.81885988 0.014997387 0.57379756 113.09889
0.58517326 -0.054667319 -0.80906346 -105.16461 0.019305705 0.99838142 -0.053495994 -10.575 0.81067848 0.015684885 0.58528151 113.71697
0.5946843 -0.055352093 -0.80205154 -106.04624 0.018882348 0.9983135 -0.054896355 -10.64481 0.80373758 0.017501384 0.59472655 114.35159
0.604493 -0.054789629 -0.79472401 -106.83846 0.018845051 0.99833631 -0.054492848 -10.725228 0.79638755 0.01796393 0.60451983 114.97442
0.61714182 -0.052901126 -0.78507158 -107.67965 0.018291479 0.99843231 -0.052899325 -10.796475 0.78663934 0.018286265 0.61714198 115.57564
0.62556832 -0.053409188 -0.77833906 -108.46577 0.022498545 0.99847404 -0.050432149 -10.875732 0.77984495 0.014037258 0.62581536 116.20126
0.63630046 -0.050851208 -0.76976349 -109.20033 0.020289481 0.99858306 -0.049195564 -10.94099 0.7711745 0.015685058 0.63643061 116.8348
0.64683372 -0.050147327 -0.76098051 -109.99866 0.01881356 0.99858134 -0.049813286 -11.022196 0.762399 0.017904161 0.64685953 117.51906
0.65535967 -0.050010875 -0.75365945 -110.76769 0.017334073 0.99853863 -0.051187228 -11.091741 0.75511806 0.020482057 0.65526884 118.12693
0.66398545 -0.049113 -0.74613081 -111.48427 0.016864085 0.99857042 -0.050722046 -11.156915 0.74755533 0.021095887 0.66386447 118.79725
0.67333194 -0.047286706 -0.73782656 -112.21242 0.016447652 0.99866366 -0.048993609 -11.224381 0.73915738 0.020853447 0.67320989 119.41465
0.68181208 -0.046561615 -0.73004401 -112.90502 0.01780203 0.99873283 -0.04707247 -11.29191 0.73131076 0.019098312 0.681777 120.10292
0.69064946 -0.045602746 -0.72175042 -113.64466 0.017873502 0.99878138 -0.046003228 -11.361372 0.72296882 0.018871897 0.6906229 120.75505
0.69773862 -0.045217583 -0.71492388 -114.31834 0.017844007 0.99879323 -0.045756708 -11.42992 0.71613019 0.019169115 0.69770347 121.41031
0.7049598 -0.042541228 -0.70797025 -115.03184 0.014758934 0.99886328 -0.045324526 -11.486196 0.70909371 0.021503082 0.70478633 122.08823
0.71206691 -0.039362052 -0.70100735 -115.65248 0.013035675 0.99899634 -0.042853007 -11.548031 0.70199062 0.021376104 0.71186535 122.79825
0.71985738 -0.038620935 -0.6930467 -116.31215 0.014704996 0.99907534 -0.040400919 -11.607915 0.69396625 0.018891651 0.71975968 123.4287
0.72690217 -0.036826574 -0.68575287 -116.92598 0.013258285 0.99912758 -0.039601687 -11.661205 0.68661306 0.019694645 0.72675627 124.07822
0.73398794 -0.035993871 -0.67820801 -117.54941 0.013239784 0.9991632 -0.038698909 -11.726424 0.67903347 0.019425205 0.73385029 124.75032
0.7423203 -0.033923485 -0.66918587 -118.16154 0.011831893 0.99922547 -0.037529418 -11.770029 0.66994075 0.019941113 0.74214674 125.39776
0.75084947 -0.030781569 -0.65975566 -118.74881 0.010586127 0.99934594 -0.034577723 -11.828981 0.66038855 0.018978408 0.75068423 126.06758
0.76064987 -0.027524671 -0.64857854 -119.3412 0.0085852755 0.99943986 -0.032345912 -11.868316 0.64910562 0.019035689 0.76046011 126.70601
0.76900242 -0.025250336 -0.63874695 -119.86634 0.0069575838 0.99949099 -0.031134528 -11.913906 0.63920803 0.019498392 0.76878667 127.3749
0.7793798 -0.024418967 -0.62607572 -120.40641 0.0055617115 0.9994705 -0.032058984 -11.965026 0.62652711 0.021504072 0.77910294 128.08228
0.78924137 -0.025234063 -0.6135644 -120.93793 0.0058597656 0.99941934 -0.033565574 -12.010845 0.61405517 0.022895996 0.78893096 128.73913
0.79932489 -0.024287826 -0.60040802 -121.45441 0.0054709451 0.99943555 -0.033145883 -12.06033 0.60087422 0.02320953 0.79900659 129.38687
0.80888043 -0.022629405 -0.58753752 -121.95244 0.0050727107 0.99949049 -0.0315123 -12.092897 0.58795131 0.022509275 0.80858309 130.08938
0.8182606 -0.021162655 -0.57445775 -122.39332 0.0053236979 0.99955824 -0.029239982 -12.131179 0.57482283 0.020867685 0.81801179 130.76681
0.8275118 -0.019494691 -0.56110975 -122.8948 0.0055633798 0.99963265 -0.02652559 -12.180177 0.56142079 0.018828572 0.82731627 131.51681
0.83642763 -0.018282032 -0.54777237 -123.35749 0.0062664283 0.99969718 -0.023796531 -12.209111 0.54804159 0.0164715 0.83628891 132.19007
0.84466233 -0.017761299 -0.53500472 -123.80379 0.0071298069 0.99973402 -0.021933069 -12.247185 0.53525203 0.014711557 0.8445643 132.89675
0.85145093 -0.017926699 -0.52412778 -124.24242 0.0084933551 0.99975588 -0.020397026 -12.282319 0.52436552 0.012915463 0.85139533 133.63699
0.85797402 -0.017866445 -0.51338227 -124.68497 0.0087789942 0.999759 -0.02012144 -12.317247 0.51361808 0.012756693 0.8579241 134.31803
0.86495278 -0.017197838 -0.50155848 -125.10658 0.0081159306 0.99976131 -0.020284447 -12.338316 0.50178765 0.013474475 0.8648859 135.03243
0.87128577 -0.015081016 -0.49054424 -125.53456 0.0064594245 0.99979356 -0.01926411 -12.37834 0.49073354 0.013615912 0.87120332 135.78336
0.87769886 -0.014388079 -0.47899652 -125.9544 0.0061165738 0.9998041 -0.018824252 -12.39154 0.47917357 0.013592207 0.87761493 136.54163
0.88322124 -0.014939701 -0.46871849 -126.32923 0.0068810584 0.99979768 -0.018900859 -12.43195 0.46890607 0.013468361 0.88314536 137.27174
0.88746 -0.016453262 -0.46059095 -126.73752 0.0083128069 0.99977144 -0.019696909 -12.465965 0.46080979 0.013651415 0.88739393 138.03494
0.89152329 -0.017005948 -0.45265549 -127.14014 0.0086955428 0.99975339 -0.020433808 -12.498646 0.4528914 0.014281131 0.89145132 138.81065
0.89553014 -0.016050541 -0.44471129 -127.52716 0.0081056899 0.99977187 -0.019761112 -12.52005 0.44492706 0.01409198 0.89545594 139.58748
0.89849132 -0.014395173 -0.43875517 -127.92395 0.0079404566 0.99983163 -0.01654298 -12.553324 0.43891947 0.011379808 0.89845435 140.3688
0.90170582 -0.010594278 -0.43222027 -128.31835 0.0058646163 0.99990747 -0.012274158 -12.577958 0.43231035 0.0085328732 0.90168452 141.19623
0.90465705 -0.0079129475 -0.42606688 -128.68544 0.0039613124 0.99994054 -0.01016002 -12.594603 0.42612198 0.0075035497 0.90463461 142.04391
0.90782378 -0.0047597311 -0.41932483 -129.07927 0.0016998962 0.99996914 -0.0076703736 -12.623376 0.41934843 0.0062505387 0.90780386 142.8581
0.9114158 -0.0031018371 -0.41147492 -129.46734 0.0011032229 0.99998641 -0.0050946005 -12.635827 0.41148516 0.0041893506 0.91140684 143.71112
0.91445194 -0.0018507599 -0.40469026 -129.86789 0.00084518064 0.9999961 -0.0026634586 -12.656146 0.40469365 0.0020935682 0.91444994 144.54085
0.91744514 -0.001985315 -0.39785735 -130.25006 0.0016741776 0.99999796 -0.0011294124 -12.676053 0.39785881 0.00037008974 0.91744659 145.41355
0.9208353 -0.0022074354 -0.38994545 -130.59936 0.0024379157 0.99999702 9.6141122e-05 -12.694661 0.38994411 -0.0010391846 0.92083795 146.29084
0.92443425 -0.003080696 -0.381329 -130.98871 0.0033159551 0.9999945 -4.0114646e-05 -12.690221 0.38132706 -0.0012273868 0.92443939 147.2107
0.92771062 -0.0055341784 -0.37325912 -131.33647 0.0059343129 0.99998239 -7.7040958e-05 -12.718659 0.373253 -0.002143565 0.92772712 148.10072
0.93188983 -0.0070218733 -0.36267343 -131.7099 0.0069973388 0.99997456 -0.0013812598 -12.718641 0.36267394 -0.0012505672 0.93191527 149.05687
0.93617002 -0.0080220157 -0.35145602 -132.07411 0.0073052985 0.99996765 -0.003365301 -12.750267 0.35147167 0.00058300256 0.93619834 149.99992
0.94148043 -0.0065428313 -0.33700413 -132.43467 0.0054323111 0.99997626 -0.0042381137 -12.761618 0.33702389 0.0021593896 0.94149363 150.98238
0.94681584 -0.0030691811 -0.32176132 -132.78166 0.0022214584 0.99999303 -0.0030017527 -12.781391 0.32176831 0.0021273274 0.94681605 151.88632
0.95292865 0.00021177938 -0.30319455 -133.0903 -0.00029842503 0.99999993 -0.00023944506 -12.787884 0.3031945 0.00031865466 0.95292864 152.92924
0.95915973 0.0032882329 -0.28284588 -133.41094 -0.0030141899 0.99999447 0.0014040342 -12.799503 0.28284896 -0.00049414205 0.95916434 153.94542
0.96482947 0.0051676785 -0.26282577 -133.68353 -0.0047773485 0.99998633 0.0021241506 -12.821234 0.26283318 -0.00079383306 0.96484097 154.99067
0.97067139 0.0067125425 -0.24031644 -133.97248 -0.0060081261 0.99997524 0.003663755 -12.827752 0.2403351 -0.0021124509 0.97068769 156.02617
0.97570777 0.0074904391 -0.21894802 -134.20925 -0.0062416493 0.99996007 0.0063947352 -12.842786 0.2189872 -0.0048727963 0.97571557 157.11176
0.98042531 0.0093842131 -0.19666762 -134.43534 -0.0076678726 0.9999256 0.0094867625 -12.85056 0.19674203 -0.0077930401 0.98042432 158.19883
0.98465189 0.011351121 -0.17416028 -134.6423 -0.0090466129 0.99986079 0.014020284 -12.849609 0.17429519 -0.012229539 0.9846175 159.26454
0.98837572 0.013040267 -0.15147071 -134.84177 -0.010543275 0.99979516 0.017276472 -12.845006 0.15166499 -0.015478648 0.98831075 160.41754
0.99150144 0.014496161 -0.12928557 -134.97317 -0.012331397 0.99977031 0.017528902 -12.850813 0.12950999 -0.01578566 0.99145246 161.54213
0.99409586 0.014621203 -0.10751577 -135.11307 -0.013023643 0.99979433 0.015546064 -12.852376 0.10772097 -0.014054031 0.99408183 162.70677
0.99611416 0.014550025 -0.086861219 -135.24053 -0.013346976 0.99980701 0.01441502 -12.838629 0.087054203 -0.013199671 0.99611613 163.86237
0.99774951 0.013156214 -0.065748244 -135.31126 -0.012122063 0.99979685 0.016103235 -12.849713 0.06594675 -0.015269991 0.9977063 165.03765
0.99887473 0.013097236 -0.045582248 -135.3794 -0.012283482 0.99976096 0.018087001 -12.836394 0.045808245 -0.01750674 0.99879684 166.20392
0.99959347 0.013887635 -0.024900446 -135.45019 -0.01341436 0.99972808 0.019074073 -12.835407 0.025158571 -0.018732296 0.99950795 167.44483
0.99986898 0.015286765 -0.0053229872 -135.44877 -0.015177814 0.99968596 0.019940067 -12.827387 0.0056261352 -0.019856664 0.99978701 168.66536
0.99975092 0.015605315 0.015955613 -135.44601 -0.015928641 0.99966619 0.020341857 -12.815156 -0.015632847 -0.020590941 0.99966576 169.8638
0.99921325 0.017311278 0.035681849 -135.38385 -0.018015697 0.99964723 0.019515531 -12.81393 -0.035331426 -0.020143011 0.99917263 171.11501
0.99828101 0.018200192 0.055711491 -135.3964 -0.0192565 0.99964373 0.018482535 -12.80061 -0.055355261 -0.019523572 0.99827583 172.36562
0.99707114 0.018928509 0.074100331 -135.2149 -0.020139443 0.99967502 0.015628786 -12.809464 -0.073780426 -0.017075351 0.99712832 173.72717
0.99553128 0.020757245 0.092122772 -135.13451 -0.022123849 0.99965946 0.013838115 -12.798498 -0.091804167 -0.015814387 0.9956515 174.94474
0.99348403 0.021385134 0.1119471 -135.01321 -0.022849119 0.99966916 0.011810706 -12.792737 -0.11165749 -0.014291641 0.99364398 176.24776
0.99102806 0.020855173 0.13201687 -134.87899 -0.022299013 0.99970652 0.0094676804 -12.806047 -0.13178069 -0.012326583 0.99120225 177.50677
0.98822746 0.022520375 0.15132522 -134.66282 -0.02343221 0.99971642 0.0042449201 -12.815677 -0.15118672 -0.0077408311 0.98847491 178.78516
0.98564481 0.024076118 0.1671067 -134.4874 -0.02399299 0.99970896 -0.0025166356 -12.841368 -0.16711867 -0.0015288805 0.9859356 180.13863
0.98257887 0.026343653 0.18396949 -134.23948 -0.025380125 0.99964905 -0.0075905781 -12.858997 -0.18410491 0.0027891731 0.98290264 181.43556
0.97896264 0.028286674 0.20206934 -133.97579 -0.026518564 0.99958272 -0.011452452 -12.886207 -0.20230899 0.0058529342 0.97930425 182.73173
0.97494418 0.030752532 0.22031371 -133.7176 -0.028226141 0.99949484 -0.014606838 -12.916479 -0.22065163 0.0080222464 0.97531969 184.09211
0.97095201 0.030368827 0.23733924 -133.37194 -0.02771288 0.99951047 -0.014519659 -12.961073 -0.23766402 0.0075205385 0.97131831 185.41152
0.96688491 0.029092999 0.25354912 -133.08297 -0.026155716 0.9995461 -0.014948694 -12.992118 -0.25386896 0.0078219082 0.967207 186.71971
0.96167986 0.028542484 0.27268512 -132.67267 -0.024128264 0.99951812 -0.019528259 -13.051433 -0.27311113 0.012200516 0.96190512 188.05221
0.957316 0.029981119 0.28748426 -132.30337 -0.024152599 0.99942493 -0.023800294 -13.105766 -0.28803253 0.015840911 0.9574896 189.41395
0.95190558 0.032558822 0.30465667 -131.89759 -0.02644123 0.99935775 -0.024185777 -13.14608 -0.30524849 0.014967079 0.95215511 190.73238
0.94597644 0.034326943 0.32241314 -131.49455 -0.027803479 0.99930527 -0.024818035 -13.207961 -0.32304111 0.014513069 0.94627365 192.10473
0.93986054 0.038237092 0.33941139 -131.00416 -0.030623093 0.99914536 -0.027762705 -13.245087 -0.34018291 0.015699245 0.94022823 193.45097
0.93316598 0.039366281 0.35728354 -130.50963 -0.030024155 0.99904767 -0.031659093 -13.319928 -0.35818962 0.018816053 0.93345924 194.7968
0.92655635 0.039971611 0.37402619 -129.99071 -0.029311506 0.99898685 -0.034148285 -13.374533 -0.37501224 0.02067704 0.92678924 196.12209
0.91909708 0.039933264 0.3920024 -129.43293 -0.026969998 0.99889369 -0.038522827 -13.449972 -0.3931071 0.024833914 0.91915727 197.45498
0.9115282 0.043286363 0.40895307 -128.88311 -0.027437214 0.99863048 -0.04454616 -13.544187 -0.41032127 0.029384549 0.91146751 198.78386
0.90125591 0.047126061 0.43071673 -128.29618 -0.029132549 0.99840888 -0.048280449 -13.625302 -0.43230672 0.030965164 0.90119481 200.13674
0.88920056 0.050092345 0.45476709 -127.62487 -0.030691912 0.9982801 -0.049948485 -13.718209 -0.45648701 0.030456551 0.88920865 201.45295
0.87643811 0.054207098 0.47845356 -126.98273 -0.033298496 0.99808745 -0.05208312 -13.805811 -0.48036181 0.029715849 0.8765669 202.77215
0.86157808 0.058499072 0.50424305 -126.26305 -0.035589915 0.99785442 -0.054953793 -13.90511 -0.50637594 0.029401017 0.86181147 203.99294
0.84689019 0.06184231 0.52815955 -125.4881 -0.036532261 0.99763426 -0.058234667 -14.01695 -0.53051147 0.030023507 0.84714591 205.30416
0.83192637 0.06399292 0.55118364 -124.72927 -0.036838927 0.99750579 -0.060208673 -14.126787 -0.55366185 0.02978417 0.8322088 206.56331
0.81598229 0.064752289 0.57443887 -123.87684 -0.034976474 0.99741634 -0.062747859 -14.233594 -0.57701783 0.031109296 0.81613887 207.80606
0.80015847 0.067073038 0.59602651 -123.01211 -0.03365443 0.99718281 -0.067035952 -14.351378 -0.59884374 0.033580454 0.80016158 208.98046
0.78364881 0.069856966 0.61726373 -122.0758 -0.031744917 0.99686199 -0.072515015 -14.492624 -0.62039248 0.03723132 0.78340732 210.22437
0.7675577 0.071405511 0.63699011 -121.16073 -0.030119413 0.99669575 -0.075434738 -14.619638 -0.64027184 0.038714747 0.76717219 211.36921
0.75094228 0.07298635 0.65632207 -120.18619 -0.028220008 0.99651235 -0.078528828 -14.749294 -0.65976463 0.040449204 0.75038292 212.50941
0.73589596 0.073710472 0.67307048 -119.19102 -0.026486379 0.99642972 -0.080164096 -14.900624 -0.67657642 0.041165236 0.73522093 213.68137
0.71964276 0.073967248 0.69039345 -118.14326 -0.023934438 0.99636137 -0.081799536 -15.042105 -0.6939319 0.042342265 0.71879461 214.79275
0.70458156 0.074745109 0.70567553 -117.08861 -0.021338269 0.99621917 -0.084214283 -15.194561 -0.70930216 0.044277938 0.70351259 215.86592
0.68975341 0.076138969 0.72002989 -116.01956 -0.018807977 0.99600411 -0.087304512 -15.341469 -0.72380007 0.04667628 0.68842925 216.92416
0.67453638 0.07831938 0.73407541 -114.90941 -0.016226284 0.99568929 -0.091321065 -15.508986 -0.7380633 0.049688066 0.67289948 217.99267
0.65921424 0.081038973 0.74757557 -113.79999 -0.01537046 0.99542022 -0.094352208 -15.668771 -0.7517981 0.05070774 0.65744078 219.00599
0.64362726 0.081330386 0.76100543 -112.623 -0.013847537 0.99541237 -0.094670308 -15.843045 -0.76521385 0.050394342 0.64180076 220.01371
0.62817266 0.083006695 0.7736336 -111.46664 -0.014657784 0.99537918 -0.094897009 -16.006767 -0.77793593 0.048271953 0.62648667 220.99167
0.60956558 0.083862684 0.78828726 -110.27826 -0.016400038 0.99550985 -0.093226457 -16.185526 -0.79256602 0.0438997 0.60820389 221.95003
0.59176226 0.084946897 0.80162422 -109.05719 -0.01882248 0.99561713 -0.091609196 -16.34291 -0.80589279 0.03912231 0.59076755 222.86336
0.57363491 0.085924291 0.81459189 -107.89435 -0.020065265 0.99565845 -0.090893501 -16.510061 -0.81886533 0.035794684 0.57286854 223.76804
0.55440889 0.089427083 0.82742584 -106.63556 -0.022098736 0.99544147 -0.092778937 -16.692203 -0.83195101 0.033152404 0.55385782 224.63316
0.53751917 0.093149746 0.83809081 -105.40913 -0.024673442 0.99519184 -0.09478617 -16.862713 -0.84289052 0.030270799 0.53723301 225.43482
0.51777904 0.093269089 0.85041501 -104.18079 -0.024918825 0.99526188 -0.093983199 -17.033673 -0.85515144 0.027471189 0.51764989 226.19218
0.49753486 0.091947131 0.86255708 -102.95912 -0.025173078 0.99547801 -0.091596097 -17.191093 -0.86707868 0.023859036 0.49759961 226.97514
0.47463215 0.090045871 0.8755661 -101.69 -0.024824126 0.99572699 -0.088946767 -17.355118 -0.87983416 0.020481834 0.47483935 227.66895
0.45311186 0.088659127 0.8870339 -100.43775 -0.024672091 0.99590815 -0.086938198 -17.524041 -0.89111223 0.017507748 0.4534452 228.36811
0.43233695 0.08760503 0.89744641 -99.171423 -0.023089546 0.99601856 -0.08610405 -17.681357 -0.9014165 0.016504333 0.43263839 229.02504
