1.000000000000000000e+00 4.398956837314658088e-19 2.733407509747682871e-20 -8.673617379884035472e-19 -5.583667658079949532e-19 1.000000000000000000e+00 -6.100159232558060012e-19 0.000000000000000000e+00 4.145284534913582806e-20 -2.210423569125054137e-19 1.000000000000000222e+00 0.000000000000000000e+00
9.998967557992749500e-01 2.670997415679113242e-04 1.436685128749721346e-02 -8.935373351300492095e-02 -2.632394960169296425e-04 9.999999287455038077e-01 -2.705817791027335440e-04 -9.832640809792778103e-03 -1.436692278515426351e-02 2.667719359788936853e-04 9.998967548431048069e-01 1.449251476345769785e-02
9.995420420864763456e-01 1.622815637932262028e-03 3.021709110045524282e-02 -1.015518729727665770e-01 -1.612539587486556221e-03 9.999986334503002672e-01 -3.644402451220933050e-04 -1.650488174855910262e-02 -3.021764175030389535e-02 3.155471209766963860e-04 9.995432929745526884e-01 3.097916395808547607e-02
9.979518853300292092e-01 5.130427627191854779e-03 6.376294604083423967e-02 4.004396048503135880e-03 -5.211598823952140469e-03 9.999858070686818978e-01 1.106755848148890595e-03 6.862443299982007305e-03 -6.375636403008649866e-02 -1.436795937463467791e-03 9.979644591087806216e-01 4.192516468356110582e-01
9.954089099729842571e-01 4.082380060151018751e-03 9.562654488706937017e-02 2.074065606783046314e-02 -4.381042871038859018e-03 9.999861589725076438e-01 2.913474614039806947e-03 1.421680100049298179e-02 -9.561332905968600304e-02 -3.319042526979629117e-03 9.954130174393320818e-01 5.509116566359415490e-01
9.908709972965107360e-01 1.706997940696451752e-03 1.348026436846788412e-01 1.621816801603796487e-01 -2.369824098425465236e-03 9.999858787582955877e-01 4.756702739097849568e-03 1.332583600794721990e-02 -1.347926227517070585e-01 -5.032737262246294793e-03 9.908610500642506258e-01 8.168944361922834130e-01
9.851140157609364900e-01 -2.526723556122116923e-03 1.718836564374526532e-01 1.448216329489488974e-01 1.537404454954195655e-03 9.999814800784651014e-01 5.888623205262739913e-03 -1.786958481994492531e-02 -1.718953550596667157e-01 -5.536710442401280782e-03 9.850996558825321214e-01 8.969781994422512117e-01
9.764177371476592260e-01 -2.659837219319280150e-03 2.158734058270801448e-01 2.644493103620706442e-01 1.259506672912140803e-03 9.999772670550136633e-01 6.624123490958862964e-03 -5.717506372494005062e-03 -2.158861212112252181e-01 -6.196017527337039331e-03 9.763988900778741709e-01 1.160925766853267316e+00
9.648043851405451177e-01 -2.689300284187626927e-03 2.629548730133600687e-01 3.459503933941550646e-01 1.338960247031677884e-05 9.999482070628761265e-01 1.017757384350369103e-02 3.620287822479958950e-03 -2.629686289046157532e-01 -9.815846854402234326e-03 9.647544507291787586e-01 1.326952384874282576e+00
9.503743941158829811e-01 -6.192844887296295765e-03 3.110468749753942941e-01 5.202884923694972574e-01 1.014713124281963180e-03 9.998582458882733226e-01 1.680650107915095809e-02 2.327694694827246724e-02 -3.111068682284933162e-01 -1.565684478048379527e-02 9.502459581653939225e-01 1.617124693741106345e+00
9.335358277083077860e-01 -1.588230091130425625e-02 3.581321113472243356e-01 6.349781426976165433e-01 7.449168492835813761e-03 9.996618189553515554e-01 2.491500727731561435e-02 -5.562980384500454401e-04 -3.584067116845562895e-01 -2.059126534037476752e-02 9.333384330240919180e-01 1.806331115380858110e+00
9.124188241805701871e-01 -2.159120700474714480e-02 4.086877863689661883e-01 8.070914844007894828e-01 1.022784602174124646e-02 9.994984747579325202e-01 2.996981965456672198e-02 -8.305869003230173520e-03 -4.091299107697396464e-01 -2.316503167018997555e-02 9.121820540809369993e-01 2.045765046655267483e+00
8.875722708006239525e-01 -2.355307486457187960e-02 4.600659884356262386e-01 9.986530412760583619e-01 8.958237043913675618e-03 9.993857231520718587e-01 3.388106131323886938e-02 -5.763440876048769868e-03 -4.605813916742210190e-01 -2.595051013069804222e-02 8.872380490914241191e-01 2.279889820684988688e+00
8.591858508614228507e-01 -2.545742411870169017e-02 5.110299300133858136e-01 1.159677076521236749e+00 6.886955452512534548e-03 9.992464017748895477e-01 3.819945485354653975e-02 2.819390894339441483e-02 -5.116172873195641291e-01 -2.930099052115382394e-02 8.587136933640689973e-01 2.508572486609998986e+00
8.270304927666906059e-01 -3.078166596017336415e-02 5.613136808543786049e-01 1.401763826006839464e+00 8.016981766549099650e-03 9.990440203485860815e-01 4.297410114553053967e-02 2.508957185076790553e-02 -5.620999005273504823e-01 -3.104085022731374946e-02 8.264866437182402104e-01 2.753708173574404228e+00
7.915366819383441443e-01 -3.657749698399252736e-02 6.100260339874598037e-01 1.604119719351016382e+00 1.027051469393964155e-02 9.988624206888215840e-01 4.656587824166617817e-02 2.280587192981997635e-02 -6.110353548138620638e-01 -3.059331907747077015e-02 7.910119150559282719e-01 2.936344674023012580e+00
7.538745739239929300e-01 -4.106854066761303490e-02 6.557335549265627117e-01 1.876698439970313270e+00 1.132317860465984968e-02 9.987083910521773467e-01 4.953115399628767179e-02 3.342595442849100040e-02 -6.569207871578550684e-01 -2.991528906789990214e-02 7.533658882864725514e-01 3.135938855718920060e+00
7.137085279246446756e-01 -4.426164783544926651e-02 6.990429428776712140e-01 2.199948875600323372e+00 1.236252157538126999e-02 9.986419946987473706e-01 5.060962783408351484e-02 4.213866669410048366e-02 -7.003337164795034875e-01 -2.747858906030730200e-02 7.132864925621502650e-01 3.395329424079926994e+00
6.725246520085587099e-01 -4.627022240011000043e-02 7.386268680858263380e-01 2.477671730370166969e+00 1.152731889362073464e-02 9.985774915893635972e-01 5.205875675613125253e-02 5.187428266389941534e-02 -7.399849481939748674e-01 -2.649640931161594340e-02 6.721013506136643834e-01 3.564914617924150875e+00
6.296821776839283125e-01 -4.656637917368770113e-02 7.754559418534446857e-01 2.830362648559156646e+00 7.227025698765144474e-03 9.985097819812676079e-01 5.409237780531781642e-02 8.444637866933492332e-02 -7.768192430353403344e-01 -2.845676570375105241e-02 6.290803492944168074e-01 3.812059696354227700e+00
5.878425467629070367e-01 -4.744257856522468564e-02 8.075830182524947887e-01 3.153959140625129720e+00 4.321868278837025061e-03 9.984488136626812338e-01 5.550934968711816048e-02 1.020751742736846490e-01 -8.089638271721837359e-01 -2.914048950286779113e-02 5.871357328850950186e-01 4.007327818363331851e+00
5.478530173826955396e-01 -4.848407144531400453e-02 8.351684589138944625e-01 3.536790811287145786e+00 2.177898870684130857e-03 9.983984455427523663e-01 5.653141294240170839e-02 1.239924326058353538e-01 -8.365717786684789825e-01 -2.915199212627634859e-02 5.470811931804456796e-01 4.213551874943477493e+00
5.091475625071970601e-01 -5.108520692422240106e-02 8.591618293987395294e-01 3.981382983733065206e+00 1.262589456956147993e-03 9.982802240408822358e-01 5.860887399235694545e-02 1.324921917490465562e-01 -8.606783248714433565e-01 -2.875579604742001943e-02 5.083364412148354550e-01 4.429944711934794555e+00
4.717972092507294324e-01 -5.099923244889897206e-02 8.802309122231343208e-01 4.362882520130930253e+00 -1.721127453662906533e-03 9.982706086158966707e-01 5.876078329055577087e-02 1.599136040635245060e-01 -8.817054185538436561e-01 -2.923816252009929506e-02 4.708935098150453524e-01 4.629230636155213574e+00
4.358493795867304788e-01 -5.035437432336861002e-02 8.986098941688291930e-01 4.824496789389272067e+00 -2.984974363270309280e-03 9.983473137059117875e-01 5.739103681985695260e-02 1.844187753172027988e-01 -9.000146792228125303e-01 -2.769617461564067781e-02 4.349787495204217036e-01 4.793672077682577637e+00
4.025715967557067509e-01 -4.906581609567842173e-02 9.140725579802199130e-01 5.342439052892347107e+00 -1.618233079708918240e-03 9.985227219188419490e-01 5.431164790220177618e-02 2.012274507111291022e-01 -9.153870797824422700e-01 -2.334350853937113349e-02 4.018974853566559813e-01 4.990780051180631283e+00
3.723614698392979649e-01 -4.736605395010887176e-02 9.268782974831867305e-01 5.840324459835992243e+00 2.197473324011919209e-04 9.987012766766356631e-01 5.094812695884529813e-02 2.235642166773705586e-01 -9.280877668032176953e-01 -1.876743962120140316e-02 3.718882825825748362e-01 5.166475434184679472e+00
3.465151681014042584e-01 -4.543271124883521001e-02 9.369434840487221861e-01 6.386725985179699805e+00 1.104349662978397137e-03 9.988454786388074602e-01 4.802593238432902728e-02 2.488967692670535081e-01 -9.380437273284648603e-01 -1.560699998750009546e-02 3.461652812273895430e-01 5.349887588345297651e+00
3.262263380259376455e-01 -4.487101832330898932e-02 9.442261133371037118e-01 6.967580334625222527e+00 2.225257386634943695e-03 9.989064488916571394e-01 4.670069119867902019e-02 2.702925583726373260e-01 -9.452890777502164221e-01 -1.313384848345425238e-02 3.259694410969680156e-01 5.528687475095676263e+00
3.111034002422635170e-01 -4.541327970999844976e-02 9.492904156334335264e-01 7.543477465678644300e+00 3.374255212453893937e-03 9.989041515343372035e-01 4.668094272253042049e-02 3.039435089520869937e-01 -9.503700883418559897e-01 -1.131945099485484954e-02 3.109157127264844944e-01 5.721140940157755317e+00
2.991360758667732656e-01 -4.698996945162259992e-02 9.530527454325459225e-01 8.164865139119811488e+00 4.325778366680459175e-03 9.988432526518041810e-01 4.788991788247168313e-02 3.203973437174570948e-01 -9.542006664870195110e-01 -1.020290626473091024e-02 2.989933178645108325e-01 5.914850135545487220e+00
2.884582789295132565e-01 -4.888114395037489873e-02 9.562439226756941357e-01 8.786638970197614640e+00 3.167983848773141698e-03 9.987392939469033060e-01 5.009777006643267860e-02 3.527558191056279213e-01 -9.574872330524027975e-01 -1.142175033904331040e-02 2.882494711684989164e-01 6.086669988417010124e+00
2.782776069790499629e-01 -5.049560044500214090e-02 9.591724309268365722e-01 9.469730812312786128e+00 1.548456040851364747e-03 9.986394148080526278e-01 5.212409651080137513e-02 3.837935836538134415e-01 -9.604994492907243941e-01 -1.301973161777758223e-02 2.779771754642529347e-01 6.277017063379747519e+00
2.678184289199925794e-01 -5.225918273337246817e-02 9.620510648096067818e-01 1.016036754085460281e+01 8.137187963664405154e-04 9.985398063500133814e-01 5.401474758431818596e-02 4.129267393642677142e-01 -9.634690671879958535e-01 -1.368330492275342432e-02 2.674698850851331411e-01 6.463203832076253263e+00
2.575011500190311220e-01 -5.429309818671677196e-02 9.647514713511426976e-01 1.086270233826210685e+01 -3.202130288445642479e-05 9.984197339358056311e-01 5.619638619535032714e-02 4.423002438174230555e-01 -9.662779999719194324e-01 -1.450152579441378771e-02 2.570924898059968600e-01 6.668360779274154382e+00
2.473029859856552271e-01 -5.595598597723139972e-02 9.673211177792263582e-01 1.158326131587914531e+01 -4.271860812896737490e-04 9.983246941341870073e-01 5.785864284416272763e-02 4.692231361126148470e-01 -9.689381132079453174e-01 -1.472184037854689688e-02 2.468647728723253332e-01 6.842807764285770311e+00
2.365473578788099829e-01 -5.704999203627933446e-02 9.699436220378373497e-01 1.238739087456535870e+01 -1.158713320599687223e-03 9.982574323261531601e-01 5.899793341048573808e-02 5.028280127819215739e-01 -9.716192780778534210e-01 -1.507969098301263633e-02 2.360690521584569435e-01 7.042258161104106406e+00
2.269915126471485078e-01 -6.006939649310790580e-02 9.720424397879378065e-01 1.312285349153316538e+01 -2.243386151354084639e-03 9.980611123651927930e-01 6.220115077951543503e-02 5.341272502069047690e-01 -9.738941611578777469e-01 -1.629979897714449108e-02 2.264166413997852345e-01 7.217959468470255935e+00
2.156460310246826884e-01 -6.352328447685076651e-02 9.744031842586516889e-01 1.389561867555857155e+01 -4.233364701567625052e-03 9.978115545227578265e-01 6.598621248320016286e-02 5.826229130093134589e-01 -9.764624338555152328e-01 -1.835466800794883016e-02 2.149051828522504093e-01 7.383968903439123821e+00
2.023717626217684529e-01 -6.742799981459911274e-02 9.769847072943961264e-01 1.468807563072766520e+01 -4.248170070773375773e-03 9.975570101174560111e-01 6.972778904298174152e-02 6.178163066564787975e-01 -9.792995658263232706e-01 -1.826133189613950158e-02 2.015909234780863812e-01 7.546660814419854368e+00
1.901839807990479136e-01 -6.992422200499778806e-02 9.792551456496302320e-01 1.546619348800874150e+01 -5.230513587163792416e-03 9.973740089539853138e-01 7.223384204720602331e-02 6.608039863411303561e-01 -9.817345425953284410e-01 -1.885972610445097591e-02 1.893188184077879976e-01 7.690400000455602125e+00
1.763580895849274077e-01 -7.056894526815175872e-02 9.817931715752777899e-01 1.628976319299995268e+01 -5.930852328681874598e-03 9.973324843268409623e-01 7.275122434585098996e-02 6.990108966645524058e-01 -9.843082170985533175e-01 -1.865313638321772910e-02 1.754691162526213211e-01 7.835138347083202781e+00
1.621932983835622233e-01 -6.979214181638053460e-02 9.842877497688804489e-01 1.707342760510320190e+01 -7.415916180975025591e-03 9.973812069098422217e-01 7.194256209630195409e-02 7.348877473543736771e-01 -9.867311463765726653e-01 -1.896799601520414782e-02 1.612509736463060006e-01 7.976875548954443396e+00
1.454144982848327716e-01 -6.866453466134728179e-02 9.869852018633036295e-01 1.786798801084906074e+01 -8.832541738792087579e-03 9.974589079068476583e-01 7.069450614439917735e-02 7.722481325082237724e-01 -9.893314040525327258e-01 -1.899759325478459632e-02 1.444385029064138848e-01 8.086959033608103198e+00
1.254149323607196831e-01 -6.746883489619551200e-02 9.898075743608000243e-01 1.867999972939946218e+01 -1.116509701817337309e-02 9.975257614552494045e-01 6.940962327650380959e-02 8.129868140020737322e-01 -9.920415578822343594e-01 -1.975629992992659900e-02 1.243513284314998885e-01 8.165155933615288575e+00
1.001537050233630294e-01 -6.596371617122621933e-02 9.927829604618378934e-01 1.951419410807844201e+01 -1.557582842631435698e-02 9.975737150122228059e-01 6.785334669880321856e-02 8.561228623536898397e-01 -9.948500621793330279e-01 -2.225918027007854627e-02 9.888326268082137105e-02 8.268619706842963879e+00
6.969546918937651048e-02 -6.552754630293863847e-02 9.954138160475006769e-01 2.034476020869725943e+01 -1.970298095555244461e-02 9.975551874021255649e-01 6.704804703236524888e-02 8.982093073958312690e-01 -9.973737270664321253e-01 -2.428556371323885646e-02 6.823398744179785813e-02 8.324264201703421406e+00
3.647946037070395192e-02 -6.535934680161918642e-02 9.971947590984067133e-01 2.118844883133988333e+01 -2.254233997263318731e-02 9.975512161816694201e-01 6.620735603005467595e-02 9.376859761473961274e-01 -9.990801315316095721e-01 -2.489431105631002838e-02 3.491677605036362653e-02 8.336744686331060805e+00
1.756696075730770695e-03 -6.457387699047459351e-02 9.979113744060705837e-01 2.203452235895842648e+01 -2.452875234865765919e-02 9.976098922195085761e-01 6.459754832833140836e-02 9.733562403229912841e-01 -9.996975900961206918e-01 -2.459099837913396314e-02 1.685793526503742343e-04 8.340324724754999863e+00
-3.237932378739781514e-02 -6.354518961166596980e-02 9.974535432654582090e-01 2.288381703362210118e+01 -2.565325773432084247e-02 9.977008991807890803e-01 6.272819256583679615e-02 1.003000690709553888e+00 -9.991463891797325303e-01 -2.355683550461140641e-02 -3.393502297726386924e-02 8.294550796284520189e+00
-6.511750167877078388e-02 -6.154421504641315044e-02 9.959779130468519037e-01 2.373013888445282404e+01 -2.815066342042989514e-02 9.978123364572766274e-01 5.981706590319530586e-02 1.036003011690793896e+00 -9.974804600975405444e-01 -2.414230025875959210e-02 -6.670755836846688214e-02 8.241430277174696784e+00
-9.730861941592702791e-02 -5.845712383266845474e-02 9.935359983447791254e-01 2.454694381695206218e+01 -2.979726170773725272e-02 9.979971682432872138e-01 5.580121318278889048e-02 1.073416756148239504e+00 -9.948081085317649341e-01 -2.417471228748853743e-02 -9.885559022797626993e-02 8.162607538707753463e+00
-1.290280437408116709e-01 -5.423622264977340235e-02 9.901566436177813291e-01 2.536819590664608981e+01 -2.696804224452956089e-02 9.983258037351785408e-01 5.116946660836146216e-02 1.101616375811149906e+00 -9.912741827962300301e-01 -2.010028912879663690e-02 -1.302746715992818549e-01 8.037415565376559101e+00
-1.609963985560782795e-01 -4.869963517668803032e-02 9.857527520195131787e-01 2.621734982570915662e+01 -2.287668548547302713e-02 9.986976700006723329e-01 4.560286408543313269e-02 1.117880055050555654e+00 -9.866898365560287099e-01 -1.520885786334790456e-02 -1.619008157321942531e-01 7.890191030833710428e+00
-1.918779473616205045e-01 -4.261618638490745348e-02 9.804930887278238139e-01 2.707310356549004382e+01 -1.642379362264546894e-02 9.990563040288287233e-01 4.020895909635328891e-02 1.136986459328536814e+00 -9.812813708305553329e-01 -8.388202614637929946e-03 -1.923967937382481952e-01 7.697269922175728141e+00
-2.210641329321980653e-01 -3.691240333842554788e-02 9.745604685418062241e-01 2.790182348658134970e+01 -1.091425293624226009e-02 9.993145355976824629e-01 3.537425656746850944e-02 1.146907534758269787e+00 -9.751982077431199381e-01 -2.816619068373641191e-03 -2.213154740099614881e-01 7.499321751584156814e+00
-2.482789749326443640e-01 -3.038846337877860668e-02 9.682117925926320146e-01 2.868515854864633852e+01 -1.959292211269356675e-03 9.995215267197455900e-01 3.086873476804521260e-02 1.174273178428694830e+00 -9.686865993145209464e-01 5.767049103474987913e-03 -2.482197213140454328e-01 7.280634602856162374e+00
-2.753543418195431580e-01 -2.004608858648356320e-02 9.611337702928234306e-01 2.952769521664213670e+01 4.138347735874649096e-03 9.997485894407045492e-01 2.203705907898269312e-02 1.168431241008538235e+00 -9.613339046067231886e-01 1.004550679049865704e-02 -2.752021584937385801e-01 7.035464175653201480e+00
-3.001250492307687701e-01 -5.063915582243583638e-03 9.538864164167274451e-01 3.030352945353660488e+01 8.418942251226149698e-03 9.999328995356060457e-01 7.957249557612799257e-03 1.162248923733682604e+00 -9.538627215599921882e-01 1.041888568789887774e-02 -3.000622792275149386e-01 6.771875726461224154e+00
-3.246034949524591595e-01 1.168768381250832010e-02 9.457779618896243745e-01 3.107081411309450303e+01 8.952597255132845044e-03 9.999168250829673088e-01 -9.284067186129814700e-03 1.128904435554934249e+00 -9.458078225086161694e-01 5.453529585962865397e-03 -3.246811325394369785e-01 6.470774838542785012e+00
-3.498118319499363138e-01 2.629274536713882213e-02 9.364509373859079000e-01 3.186458037975117108e+01 7.806051982528768030e-03 9.996531782154512991e-01 -2.515131848332289796e-02 1.100074392952023583e+00 -9.367874692314445140e-01 -1.488243121685074114e-03 -3.498957534409996017e-01 6.199366086255492014e+00
-3.744135995525946226e-01 3.711860740101578099e-02 9.265185643639636259e-01 3.260964043604515439e+01 1.145833156458827932e-02 9.993073811968166131e-01 -3.540430056573964229e-02 1.063781969773660574e+00 -9.271910145684935101e-01 -2.639493751132200843e-03 -3.745795922692157220e-01 5.882036229114014247e+00
-3.979394294661981468e-01 4.179512343958011883e-02 9.164591442538091437e-01 3.339777922716819347e+01 1.560841257278199751e-02 9.991255623039436706e-01 -3.878773226659452261e-02 1.013835128248181894e+00 -9.172789117693307404e-01 -1.130694662861413775e-03 -3.982438130500154383e-01 5.528879313831789766e+00
-4.206083548064522559e-01 4.120145196681219285e-02 9.063062603091879277e-01 3.412075112847098524e+01 1.773634519043373881e-02 9.991507664147415424e-01 -3.719096659222471957e-02 9.678447112110698525e-01 -9.070689321226667046e-01 4.317303727851629427e-04 -4.209819245169538204e-01 5.179750378074961858e+00
-4.410639716575973646e-01 3.794716765214217746e-02 8.966730568651855027e-01 3.487482632812890415e+01 2.207469439951720985e-02 9.992621459231757486e-01 -3.143042398494744205e-02 9.398930421802312862e-01 -8.972041541014693644e-01 5.930957082482574312e-03 -4.415762042007127519e-01 4.817811521206185610e+00
-4.592310807916266113e-01 3.666847854487095826e-02 8.875597010438965873e-01 3.559811158706896350e+01 2.927685810826153104e-02 9.992296459786129681e-01 -2.613388849247483617e-02 9.090935931462829078e-01 -8.878342711715920821e-01 1.398346665013863732e-02 -4.599508493760038341e-01 4.400161166777664334e+00
-4.732138821364890724e-01 3.732140508732898626e-02 8.801566454283805685e-01 3.629799928535589970e+01 3.277790561359333887e-02 9.991563056301430157e-01 -2.474440885678761207e-02 8.586565106544064019e-01 -8.803375735845877514e-01 1.714029477358124456e-02 -4.740379529822426052e-01 4.025315014855890716e+00
-4.844007059546978078e-01 4.054247362801451093e-02 8.739063165466697258e-01 3.699177963665990632e+01 3.545917089390657889e-02 9.990146137493038925e-01 -2.669173387480084508e-02 8.029711143169067089e-01 -8.741273453437432561e-01 1.805849979403795560e-02 -4.853609878921436582e-01 3.624021098919798511e+00
-4.941257915579168047e-01 4.320683019551822823e-02 8.683161050566023942e-01 3.769834861259563041e+01 3.690172919008102154e-02 9.989065291582474027e-01 -2.870554524182605122e-02 7.605217956028675896e-01 -8.686069173864650050e-01 1.785821659012190588e-02 -4.951798873842002680e-01 3.232513728829506494e+00
-5.047448735728735647e-01 4.240585434449350294e-02 8.622263871239779220e-01 3.839085383115696715e+01 3.095480389922337927e-02 9.990395134824057166e-01 -3.101371572851334066e-02 7.021920325853900913e-01 -8.627134083612381099e-01 1.103603573391734143e-02 -5.055727390479790584e-01 2.847336481152544341e+00
-5.160122334405150557e-01 4.128332206636468882e-02 8.555857928823201730e-01 3.908134142913215214e+01 2.932288777448457603e-02 9.991038447166535885e-01 -3.052336276258274181e-02 6.910064179344088675e-01 -8.560791757981641714e-01 9.337818603294498893e-03 -5.167603537771889854e-01 2.415206267676567098e+00
-5.246192724102285432e-01 4.269312873541464964e-02 8.502657835343536696e-01 3.976657099912571880e+01 3.156733182328545079e-02 9.990304791410568042e-01 -3.068558708780603356e-02 6.512928247901642598e-01 -8.507515115793274907e-01 1.074237277162447789e-02 -5.254583524427099972e-01 1.990956550769498401e+00
-5.319314967931516591e-01 4.567442656334867040e-02 8.455546797731384734e-01 4.044938494824343422e+01 3.539631941889512246e-02 9.988708294441345226e-01 -3.168858781629827620e-02 5.997540996222423537e-01 -8.460472770607956328e-01 1.307336661505092111e-02 -5.329475631936079205e-01 1.551751699092595471e+00
-5.357755403839099539e-01 4.893751012563852393e-02 8.429410878063139378e-01 4.113445892233071532e+01 3.614160388776580662e-02 9.987332248006244306e-01 -3.501042824500081446e-02 5.678781679730624532e-01 -8.435866087429119142e-01 1.170751279950158104e-02 -5.368655145122384065e-01 1.104757985207203808e+00
-5.352416578578432782e-01 5.024433436263311265e-02 8.432033335049383682e-01 4.184647429042619393e+01 3.514309141581340584e-02 9.986896463487526798e-01 -3.720152335446877401e-02 5.129283126628776390e-01 -8.439676193356265843e-01 9.720967792833996868e-03 -5.363060444223797241e-01 6.729980826129723370e-01
-5.320625757613898221e-01 5.115347862555681691e-02 8.451584017918025715e-01 4.257988492085437571e+01 3.771386985981899781e-02 9.986144640294135622e-01 -3.669899435539113186e-02 4.792265095151833076e-01 -8.458647003029815536e-01 1.234803353289361423e-02 -5.332545807523367820e-01 2.011982786772782417e-01
-5.264395056531302464e-01 5.013081424550014376e-02 8.487333711301925376e-01 4.333753706921685733e+01 3.618817908951043466e-02 9.986767089837579325e-01 -3.654102577745847735e-02 4.347801623569704232e-01 -8.494420959761926904e-01 1.147747670416091742e-02 -5.275570170659431568e-01 -2.340163057146284198e-01
-5.192211964839078542e-01 4.886922067182194324e-02 8.532415456268949150e-01 4.407598872320411942e+01 3.402208513867896467e-02 9.987543462558750029e-01 -3.650004791810656374e-02 3.903565355103988388e-01 -8.539624457899260834e-01 1.007745896565715067e-02 -5.202370606464435943e-01 -6.884854448747451672e-01
-5.120749636376895619e-01 4.806619777378341729e-02 8.575948104517984172e-01 4.486326624478170544e+01 3.204795257829140542e-02 9.988069835202751934e-01 -3.684478727565460021e-02 3.424198441140591798e-01 -8.583426894095089743e-01 8.616865711006239589e-03 -5.130044742037103145e-01 -1.165607053098883350e+00
-5.057294408751876746e-01 4.656504245058244035e-02 8.614345105755375487e-01 4.568111736735047401e+01 2.910360184442510253e-02 9.988947276635394834e-01 -3.690939382432241456e-02 2.926445065627557574e-01 -8.622010932639398995e-01 6.404680891318370074e-03 -5.065256837846063842e-01 -1.617868490630401501e+00
-5.011234442228306163e-01 4.435767552643318096e-02 8.642382060221562856e-01 4.648537484148492638e+01 2.502885728868911933e-02 9.990105615167633735e-01 -3.676213042818041177e-02 2.480534472577722305e-01 -8.650137931140325920e-01 3.208530261405746677e-03 -5.017378365510666294e-01 -2.081662696830038684e+00
-4.999166017969198239e-01 4.163752469781049903e-02 8.650720745907816145e-01 4.732638182136724225e+01 2.037124935974731973e-02 9.991326399639087752e-01 -3.631776312570990373e-02 2.119887866850273250e-01 -8.658339423935519363e-01 -5.332528563005293001e-04 -5.003312037325986505e-01 -2.528778518837298872e+00
-5.002168253654177832e-01 3.901449912913938084e-02 8.650207991325894463e-01 4.816070362555642959e+01 1.753220463484278860e-02 9.992359823367970018e-01 -3.492954865738317344e-02 1.586750867479009564e-01 -8.657226817948341369e-01 -2.306625366857390901e-03 -5.005186622765325222e-01 -3.029723306620391465e+00
-5.011092816530685612e-01 3.779513600326775413e-02 8.645582698705689406e-01 4.900899289789207813e+01 1.595035088943612747e-02 9.992794908306887880e-01 -3.443959174852501137e-02 1.155746590396341811e-01 -8.652370117405414618e-01 -3.467990412705837175e-03 -5.013510747198047790e-01 -3.511881206870913097e+00
-5.015074636101651828e-01 3.722696952607276039e-02 8.643520134499274032e-01 4.989321015467142928e+01 1.612056018845356431e-02 9.993024527326569428e-01 -3.368583485531164573e-02 6.583167617807089700e-02 -8.650031235857361667e-01 -2.959858036126722814e-03 -5.017577592697434197e-01 -4.024250501645325606e+00
-5.013892153392256468e-01 3.643870241576779856e-02 8.644541990044344315e-01 5.075528368122181888e+01 1.577951891886678754e-02 9.993317080726780155e-01 -3.297186667883819644e-02 2.161987214629229603e-02 -8.650779582542847956e-01 -2.891066068522482688e-03 -5.016291273858659583e-01 -4.517676892214797846e+00
-5.016675453357771763e-01 3.590380264773401081e-02 8.643150914942393515e-01 5.164914600793665045e+01 1.613252356829031689e-02 9.993528623552939694e-01 -3.214962137278105231e-02 -2.787188451381951426e-02 -8.649100692949153180e-01 -2.184837140688394332e-03 -5.019221175417905023e-01 -5.029066261667957782e+00
-5.022296410476969619e-01 3.540212771744267323e-02 8.640092959495898617e-01 5.252870313531189339e+01 1.573197987221337454e-02 9.993703137122181834e-01 -3.180378671871592067e-02 -8.145908143931422651e-02 -8.645911778293602357e-01 -2.380226623183567727e-03 -5.024703407069218697e-01 -5.536200238230561510e+00
-5.022359579638895344e-01 3.383691094158763207e-02 8.640683378443196894e-01 5.342398067335828671e+01 1.402967753776023646e-02 9.994214544807998868e-01 -3.098264747248914014e-02 -1.299289238072753316e-01 -8.646168070286743834e-01 -3.437998580427234323e-03 -5.024201137669006556e-01 -6.042780017162758810e+00
-5.025888871250159262e-01 3.318988997390016210e-02 8.638882035460135889e-01 5.433036725816683088e+01 1.370766901964391715e-02 9.994431149236822076e-01 -3.042301456424569353e-02 -1.815986168278801438e-01 -8.644168685667055207e-01 -3.448374565804900906e-03 -5.027639601171743911e-01 -6.544061414470652593e+00
-5.020708844042813812e-01 3.221461715398255682e-02 8.642262620107974413e-01 5.521326702749655624e+01 1.242315108410394810e-02 9.994715293348486185e-01 -3.003876398885952162e-02 -2.271358008616815305e-01 -8.647372460325677412e-01 -4.345174482960439261e-03 -5.022057629427556513e-01 -7.057065130542774511e+00
-5.004683968749966683e-01 3.098800596287617712e-02 8.652000425690941077e-01 5.611672438477872049e+01 1.185189203483675256e-02 9.995108026183663341e-01 -2.894284162812618688e-02 -2.849893663284173151e-01 -8.656736849066231088e-01 -4.230719159429131328e-03 -5.005908367646283441e-01 -7.574261517117702347e+00
-4.985952440395444718e-01 2.856245029585378903e-02 8.663642164042847371e-01 5.701638449337816184e+01 1.218484938997826776e-02 9.995891810625860963e-01 -2.594221512259954621e-02 -3.427288866010791968e-01 -8.667492858117974430e-01 -2.378146668546970207e-03 -4.987384420456305589e-01 -8.082406285969359061e+00
-4.962088567461118149e-01 2.749400782229219353e-02 8.677677318220008429e-01 5.791172033367931959e+01 1.314865522676488679e-02 9.996218030087309359e-01 -2.415292511595641678e-02 -3.862373143494376992e-01 -8.681036204181192817e-01 -5.749157002128947808e-04 -4.963827025004228788e-01 -8.580614127208775699e+00
-4.930485440316952350e-01 2.675609655141625298e-02 8.695902660700908227e-01 5.880683303855268207e+01 1.247150567954804709e-02 9.996416441528691577e-01 -2.368638425421724578e-02 -4.432078407701125489e-01 -8.699124135581800532e-01 -8.334363922497202339e-04 -4.932055472369153981e-01 -9.119004421950393180e+00
-4.914998078225729650e-01 2.729018517940374686e-02 8.704499819041927600e-01 5.970687010024533947e+01 1.331521799429316935e-02 9.996275465810651184e-01 -2.382169310198292700e-02 -4.901039194269705135e-01 -8.707758933244849064e-01 -1.181253771193493778e-04 -4.916801230286010349e-01 -9.608944413264893569e+00
-4.904123909515258339e-01 2.759407052361446955e-02 8.710535232404764683e-01 6.057131427198230256e+01 1.318823897137980788e-02 9.996191308058141045e-01 -2.424177502019259425e-02 -5.346805649396002558e-01 -8.713907101229312335e-01 -4.008038872313605147e-04 -4.905895264015829316e-01 -1.009235062386664339e+01
-4.907507169858014162e-01 2.861176003886997318e-02 8.708301138848333345e-01 6.148933497673689885e+01 1.243715479166803382e-02 9.995888932564112039e-01 -2.583334349656997431e-02 -5.806059861022683233e-01 -8.712112622596576150e-01 -1.847081993621060847e-03 -4.909048161707845193e-01 -1.061321699892982728e+01
-4.935492949287337283e-01 3.061437363063838901e-02 8.691788308132886165e-01 6.235862164751139858e+01 1.155917602967338094e-02 9.995229059516792525e-01 -2.864168125566138659e-02 -6.266218804372772899e-01 -8.696410129503929776e-01 -4.089089580020049963e-03 -4.936677036548940967e-01 -1.109143086429555680e+01
-4.984608532864488462e-01 3.137011429307359767e-02 8.663444350160187657e-01 6.324730572457391986e+01 1.031998361813312934e-02 9.994889804596467364e-01 -3.025352635888978875e-02 -6.786861017413334807e-01 -8.668507876634233833e-01 -6.139537305550895815e-03 -4.985298703354151817e-01 -1.155880378707649925e+01
-5.037143095753295885e-01 2.990174448285731063e-02 8.633526316078808938e-01 6.411979328535053924e+01 1.031146743877967877e-02 9.995376836869496184e-01 -2.860231649466307702e-02 -7.215779213124289271e-01 -8.638087637124622908e-01 -5.504962670548432281e-03 -5.037897663126434944e-01 -1.206286615216237479e+01
-5.091223397987705290e-01 2.788798092986100735e-02 8.602422276452298400e-01 6.498355068157452763e+01 1.332334018657162396e-02 9.996105313449868968e-01 -2.452089326341859790e-02 -7.824833388603180673e-01 -8.605910433643886304e-01 -1.022833784431805872e-03 -5.092956148736460520e-01 -1.259288524203715731e+01
-5.144804596412350106e-01 2.569641005321891131e-02 8.571169919168225571e-01 6.585622197807279576e+01 1.053654927542278970e-02 9.996648798802442171e-01 -2.364548676343440625e-02 -8.290648179010902119e-01 -8.574373737341413060e-01 -3.134084572555951090e-03 -5.145787995847410645e-01 -1.309626012853907540e+01
-5.193425391004520275e-01 2.764809295297133290e-02 8.541187837752300949e-01 6.667076720204379114e+01 1.149142654931628940e-02 9.996120683948302998e-01 -2.537045159430086766e-02 -8.791554245532087197e-01 -8.544889034995356569e-01 -3.360910580837370761e-03 -5.194587869470316255e-01 -1.359665041169184718e+01
-5.240483680705269043e-01 2.997014546421409784e-02 8.511610218691073593e-01 6.749713549856794259e+01 1.183646356889030832e-02 9.995404385151949178e-01 -2.790716539757414835e-02 -9.214642352127203617e-01 -8.516062575926603984e-01 -4.549967172070852606e-03 -5.241622773573773042e-01 -1.414345988452634195e+01
-5.291128886229569117e-01 3.030866839629067430e-02 8.480099779178933428e-01 6.836219215471376742e+01 1.061363264973094744e-02 9.995201133116363712e-01 -2.910144097219603820e-02 -9.738207665780753697e-01 -8.484850698266274138e-01 -6.397480241152794442e-03 -5.291806606571022309e-01 -1.464571042558102576e+01
-5.330982324905833014e-01 3.080992330822012251e-02 8.454921703645246200e-01 6.918288756763077174e+01 9.742557863876635804e-03 9.994940066892272768e-01 -3.027892235307670307e-02 -1.016831343726379178e+00 -8.459972628976141218e-01 -7.904382745195085921e-03 -5.331286570015969506e-01 -1.514879700713218291e+01
-5.362330158406949376e-01 2.950636614840173449e-02 8.435540967477141994e-01 6.997873349808321564e+01 9.064168538590005111e-03 9.995324813052293145e-01 -2.920033640818343185e-02 -1.083921055763014341e+00 -8.440213298609509085e-01 -8.012067103235195886e-03 -5.362497687439206073e-01 -1.566617284290571277e+01
-5.388686580651519398e-01 2.340031420921175054e-02 8.420647135166990926e-01 7.082145069246593039e+01 1.116702771284999382e-02 9.997247017775220401e-01 -2.063536111541193832e-02 -1.123616331090293574e+00 -8.423157831137176865e-01 -1.716388452070432852e-03 -5.389816216233729307e-01 -1.620937984830469247e+01
-5.410145328488747962e-01 1.579122203690399087e-02 8.408649711353579637e-01 7.163790836655175553e+01 1.251924878955210443e-02 9.998641414478314227e-01 -1.072226821418691654e-02 -1.145775831659183508e+00 -8.409200647195196332e-01 4.726095815615836623e-03 -5.411387268175953391e-01 -1.672720067787744469e+01
-5.431362536157405829e-01 1.356966739100490781e-02 8.395349077320682918e-01 7.245377526252049449e+01 1.343156851254307879e-02 9.998818751138762728e-01 -7.471864799603561251e-03 -1.169532703158288500e+00 -8.395371430286765468e-01 7.218030973033699900e-03 -5.432543588053869721e-01 -1.724485217322902386e+01
-5.439068795405227474e-01 1.757660171181131201e-02 8.389614750659413200e-01 7.325908377745737710e+01 1.214533444756402472e-02 9.998407790896596259e-01 -1.307315188557444004e-02 -1.222378763889020226e+00 -8.390576909698214125e-01 3.078891410173209466e-03 -5.440337530781778064e-01 -1.775205876094875279e+01
-5.454767645483086236e-01 2.227991266052115060e-02 8.378297512312027351e-01 7.405415824705605132e+01 1.203759539903522489e-02 9.997517619451000703e-01 -1.874862032207342058e-02 -1.275883804552998324e+00 -8.380395021359768881e-01 -1.414802734015289628e-04 -5.456095542100802831e-01 -1.827162636186856659e+01
-5.455999619027490644e-01 2.800802744439394656e-02 8.375775899572446281e-01 7.488337809338909778e+01 1.881891935105306501e-02 9.995988180743355933e-01 -2.116721868107140567e-02 -1.306166944220939596e+00 -8.378344355177176350e-01 4.213472366536063010e-03 -5.459081590481033031e-01 -1.882216737289222408e+01
-5.453785886983804065e-01 2.916555342363400319e-02 8.376822504438109496e-01 7.566233464968105693e+01 2.277704398350316461e-02 9.995410606339086845e-01 -1.997183857826491382e-02 -1.334623158822627387e+00 -8.378803093211226738e-01 8.187713317631234791e-03 -5.457925992671894821e-01 -1.932830222971440648e+01
-5.453889693803578576e-01 2.593838379109603132e-02 8.377816299884324192e-01 7.643089825509281354e+01 2.207740612651819950e-02 9.996188265902157255e-01 -1.657677980471654322e-02 -1.373634247249240659e+00 -8.378922792991830848e-01 9.455253443780895981e-03 -5.457537350197687598e-01 -1.984602114515937998e+01
-5.445118533340803646e-01 2.098684086774386601e-02 8.384905373874256274e-01 7.725053476642095518e+01 2.004319405241463195e-02 9.997270196439976830e-01 -1.200652043493588041e-02 -1.405258205151826312e+00 -8.385136394021410755e-01 1.026833687581229365e-02 -5.447838567984145675e-01 -2.036620813370904060e+01
-5.437281023109592493e-01 1.546070284788757937e-02 8.391190050303688475e-01 7.804316570612959936e+01 1.875358956747960604e-02 9.998044792306448603e-01 -6.269462307668390716e-03 -1.432694439541994491e+00 -8.390518846683510112e-01 1.232761161673669517e-02 -5.439117370299876297e-01 -2.087141415024008140e+01
-5.433621463087079384e-01 8.648159014206598452e-03 8.394538548776598885e-01 7.887241501223705598e+01 9.804428231434365176e-03 9.999441126955166403e-01 -3.955332590797995367e-03 -1.455874059714472812e+00 -8.394411609491549964e-01 6.081188056729062812e-03 -5.434165706972670096e-01 -2.140839851870706667e+01
-5.415775381829602830e-01 3.346974043837768874e-03 8.406441310255016175e-01 7.966438077119195782e+01 1.080646647996103167e-03 9.999940197561842936e-01 -3.285217388115010181e-03 -1.488878342979526703e+00 -8.406501138608259982e-01 -8.707597534608563445e-04 -5.415779174942865204e-01 -2.186577519431559935e+01
-5.399058543045179848e-01 4.197054984112377068e-03 8.417149400568824102e-01 8.044997587853546861e+01 4.806894778174323514e-03 9.999866362112874718e-01 -1.902932755704468161e-03 -1.504645077284848309e+00 -8.417116928461342296e-01 3.018631580514423776e-03 -5.399188151009726155e-01 -2.236173780371006359e+01
-5.365764113672510938e-01 7.128461445612579821e-03 8.438216202743387129e-01 8.127051768800055243e+01 9.849359795353729297e-03 9.999491081595939246e-01 -2.184304329320426157e-03 -1.527096570420208632e+00 -8.437942619841282132e-01 7.139057565803181953e-03 -5.366193159736573071e-01 -2.289367093997115177e+01
-5.316438396613014650e-01 9.988824325548225844e-03 8.469091085202240521e-01 8.205604160314781836e+01 1.014981177356492036e-02 9.999337885502558310e-01 -5.422160025597071858e-03 -1.563333679303001933e+00 -8.469072091126966795e-01 5.713311055765101301e-03 -5.317100246291518451e-01 -2.337289670709037281e+01
-5.237737349723530222e-01 1.232365157469559117e-02 8.517682718819998833e-01 8.285052299874089954e+01 1.584680099492170174e-02 9.998632826814941588e-01 -4.721738770553382016e-03 -1.580431564490053509e+00 -8.517100242272189758e-01 1.102468058790981829e-02 -5.238974176835864416e-01 -2.384579528076988808e+01
-5.153111628297135649e-01 1.448415939754835007e-02 8.568807392313533278e-01 8.364595533070492195e+01 2.289895193104313914e-02 9.997328915510688141e-01 -3.127860892633224817e-03 -1.610118788514349752e+00 -8.566971784299471926e-01 1.800985033196639620e-02 -5.155051921395054082e-01 -2.435100399855901898e+01
-5.056094565149594766e-01 1.488387557074233661e-02 8.626340674022214827e-01 8.443299886719499625e+01 2.267931505523900285e-02 9.997349620558706462e-01 -3.956548313466899842e-03 -1.623551883394920958e+00 -8.624643403627497706e-01 1.756348265690678076e-02 -5.058130081409197842e-01 -2.479721252878501758e+01
-4.944716433815153356e-01 1.164271032757639712e-02 8.691157733654961692e-01 8.526526652460239575e+01 1.793527090574827121e-02 9.998340618753503994e-01 -3.189787030943746181e-03 -1.655720922978711762e+00 -8.690087067483429628e-01 1.401056869040549942e-02 -4.945984080703496044e-01 -2.526624022412080350e+01
-4.831801754069903199e-01 8.651004742022782093e-03 8.754781918191332224e-01 8.607096184956114371e+01 1.933803577768248086e-02 9.998126880952219464e-01 7.931350306783207117e-04 -1.678439727471054965e+00 -8.753073580864284553e-01 1.731325683817490704e-02 -4.832569646782436390e-01 -2.573110693114734104e+01
-4.722243873856096785e-01 7.526278269179413095e-03 8.814462371926721218e-01 8.685896590530384742e+01 1.949461259865142154e-02 9.998081431201383262e-01 1.907091221542066457e-03 -1.695048314700379422e+00 -8.812627876423282380e-01 1.808402903557102676e-02 -4.722805110066000123e-01 -2.612955069393680674e+01
-4.598076750752134734e-01 6.589364239494991879e-03 8.879940697989480158e-01 8.772833781871645442e+01 1.884797772694087048e-02 9.998196218235884114e-01 2.340410151078669340e-03 -1.714526719952753853e+00 -8.878184886200445325e-01 1.781303213362177285e-02 -4.598489332442121102e-01 -2.654710484837475448e+01
-4.476516784568663199e-01 8.718216185310009511e-03 8.941655065368671051e-01 8.854022499489100539e+01 2.284419371885259079e-02 9.997376104731544588e-01 1.689076793312634410e-03 -1.726152646866947471e+00 -8.939161766313803437e-01 2.118260927755137232e-02 -4.477333812217302311e-01 -2.695831465458123688e+01
