1 0 0 0 0 1 0 0 0 0 1 0
0.99987645 0.0009239743 0.015691553 -0.0013122722 -0.00091297789 0.99999933 -0.00070793851 -0.0049854085 -0.015692198 0.00069352503 0.99987663 0.10937062
0.99936026 0.0032570495 0.035615501 -0.0023991294 -0.0032456901 0.99999466 -0.00037676456 -0.0037677615 -0.035616541 0.00026092669 0.9993655 0.24266939
0.99796175 0.0050984756 0.063611008 0.027115125 -0.0051319154 0.99998677 0.00036230861 -0.0036475085 -0.063608324 -0.00068801641 0.9979747 0.39764674
0.99526753 0.0045250095 0.097067304 0.07231259 -0.0048170192 0.99998455 0.0027741871 0.0015195898 -0.097053259 -0.0032286334 0.99527395 0.5695885
0.9909411 0.0014137382 0.13428975 0.15584003 -0.0021065728 0.99998519 0.0050173016 0.000646713 -0.13428068 -0.0052547415 0.99092941 0.76980035
0.98471499 -0.0017093565 0.17416506 0.2312883 0.00070610582 0.9999828 0.0058221444 -0.0086061922 -0.17417203 -0.0056101739 0.98469926 0.96178436
0.97605661 -0.0019637486 0.21750779 0.31857843 0.00042372786 0.99997451 0.0071267155 -0.0082440586 -0.21751626 -0.0068639136 0.97603256 1.1821785
0.96419899 -0.0020046858 0.26517218 0.38392684 -0.0006127302 0.99995191 0.0097875395 -0.0011009525 -0.26517907 -0.0095996147 0.9641514 1.3727183
0.95014078 -0.0058210752 0.31176691 0.53989731 0.00050210115 0.999853 0.017138293 0.0064510751 -0.31182087 -0.016127253 0.95000403 1.615709
0.93301247 -0.015619608 0.35950488 0.64573266 0.0071036871 0.99966229 0.024996893 -0.0068628552 -0.35977394 -0.020768603 0.93280833 1.8381132
0.91197526 -0.021253177 0.40969428 0.82704827 0.0098201196 0.99950195 0.029990377 -0.005470883 -0.41012766 -0.023327235 0.91172976 2.067833
0.88710582 -0.023103848 0.46098749 1.0127409 0.0084510116 0.99939204 0.033824911 -0.0020957774 -0.46148876 -0.026110464 0.88676174 2.2858429
0.85882193 -0.025158654 0.51165605 1.2007696 0.0064975859 0.99924793 0.038227758 0.01396999 -0.51223305 -0.029506308 0.8583395 2.5198722
0.82650852 -0.030428567 0.56210118 1.4248772 0.0076481237 0.99905282 0.042836604 0.016638189 -0.56287227 -0.031105799 0.82595839 2.7457597
0.79176774 -0.036229988 0.60974684 1.6403505 0.0099336365 0.99887113 0.046451994 0.018886943 -0.61074152 -0.030722187 0.79123383 2.9594985
0.75348063 -0.040776272 0.65620439 1.9053762 0.011075057 0.99872047 0.049343248 0.030008897 -0.65737685 -0.02991168 0.75296813 3.1606371
0.71334967 -0.044010335 0.69942498 2.2182128 0.012127599 0.99865196 0.050469728 0.043610759 -0.70070337 -0.027520217 0.71292178 3.3972866
0.6713295 -0.045641755 0.73975231 2.4994478 0.010867204 0.99860092 0.051750328 0.057255732 -0.74107938 -0.026702483 0.67088626 3.577586
0.62956673 -0.046264964 0.77556769 2.8351239 0.007005039 0.99852292 0.053878582 0.077669341 -0.77691487 -0.02848728 0.62896089 3.8017604
0.58680265 -0.0467648 0.80837841 3.1871974 0.0036695272 0.9984742 0.055098154 0.092560597 -0.80972171 -0.029365376 0.58607891 4.0068604
0.54664585 -0.048070951 0.83598292 3.5599481 0.0021386756 0.99842772 0.056013431 0.11922101 -0.83736121 -0.028831613 0.54588918 4.2177501
0.5083588 -0.050704159 0.8596513 3.9835541 0.0010549377 0.99830099 0.058258186 0.13226048 -0.86114475 -0.028709183 0.50754859 4.4208977
0.47057494 -0.050345478 0.88092252 4.4032668 -0.0019851398 0.99830795 0.058114585 0.15350101 -0.88235783 -0.029096022 0.46967876 4.6322515
0.43472881 -0.049669013 0.89919063 4.8686647 -0.0030019356 0.99839242 0.056600005 0.17818294 -0.90055645 -0.027304965 0.43388085 4.8235058
0.40047974 -0.048568655 0.91501748 5.3720245 -0.0018446122 0.9985495 0.05380983 0.19849228 -0.91630379 -0.023237599 0.39980925 4.9919479
0.3702979 -0.046845263 0.92773106 5.86773 -7.2696154e-05 0.99872612 0.050459135 0.22445923 -0.92891309 -0.018752354 0.36982278 5.1717625
0.34569489 -0.044987916 0.93726787 6.4150311 0.0012793655 0.9988717 0.047472967 0.24339178 -0.93834614 -0.015212053 0.3453624 5.3416469
0.32510411 -0.044457388 0.94463262 6.990746 0.0024469414 0.99893057 0.046170683 0.26967689 -0.94567511 -0.012698817 0.32486521 5.5269852
0.30934616 -0.044906918 0.94988854 7.5956495 0.0035597642 0.99893205 0.046066204 0.29987597 -0.95094288 -0.010869024 0.30917565 5.7013657
0.29624805 -0.046352842 0.95398555 8.1917212 0.0045536054 0.99887885 0.047120081 0.3146643 -0.95510022 -0.0096151576 0.29612698 5.9100107
0.28696698 -0.048328121 0.95672058 8.8321426 0.003604631 0.99877399 0.049371218 0.3447009 -0.95793373 -0.010719284 0.28678936 6.1074093
0.27571988 -0.050091464 0.95993193 9.4944842 0.0015944117 0.99866374 0.051654618 0.37428125 -0.96123675 -0.012711678 0.27543131 6.2987328
0.26522776 -0.051672191 0.96280016 10.194386 0.00089125902 0.99857565 0.053346694 0.40124349 -0.96418542 -0.013290919 0.26489604 6.4835981
0.25601501 -0.053625229 0.96518422 10.895695 -0.00014684262 0.99845796 0.055512854 0.4275283 -0.96667284 -0.014353854 0.25561235 6.6805332
0.24496802 -0.055233002 0.96795656 11.630659 -0.00015745608 0.99837368 0.057008495 0.45681059 -0.96953119 -0.014117668 0.24456092 6.8549354
0.23450292 -0.05686076 0.970451 12.35922 -0.00073438395 0.99827724 0.058668616 0.4901967 -0.97211518 -0.014470645 0.23405717 7.0490601
0.22396274 -0.059674541 0.97276902 13.13997 -0.0021055649 0.99809173 0.061712732 0.52455444 -0.97459547 -0.01586958 0.22340971 7.2022282
0.212785 -0.063029901 0.97506394 13.920529 -0.0041255956 0.99785039 0.065403173 0.56353772 -0.97709038 -0.017939533 0.21206755 7.3830603
0.20048395 -0.066932987 0.97740784 14.716766 -0.0037442869 0.99760382 0.06908403 0.60454774 -0.97968987 -0.017509934 0.19975293 7.5477668
0.18701753 -0.069169599 0.97991833 15.50184 -0.005428131 0.99743001 0.071441657 0.64053047 -0.98234162 -0.018679966 0.18616143 7.7058931
0.17324768 -0.06989417 0.98239501 16.326804 -0.0058690465 0.99738766 0.071995866 0.67923699 -0.98486084 -0.018238838 0.17238489 7.8344525
0.15797864 -0.068990424 0.98502944 17.124568 -0.0073901676 0.99744571 0.071045279 0.72290475 -0.98741492 -0.018503169 0.15706526 7.9623978
0.14144225 -0.068040991 0.9876054 17.919307 -0.0085588646 0.99751382 0.069949408 0.76157855 -0.98990955 -0.018346582 0.14050824 8.0844075
0.12090026 -0.066694246 0.99042159 18.730259 -0.011198474 0.99758527 0.068543634 0.79679369 -0.99260153 -0.019378153 0.11986144 8.1756584
0.097959228 -0.065001894 0.99306528 19.579112 -0.015501437 0.99764391 0.066830704 0.83913182 -0.99506974 -0.021940623 0.096720803 8.275649
0.066083433 -0.064536303 0.99572484 20.40167 -0.019368819 0.99763522 0.065945574 0.87630431 -0.99762614 -0.023643924 0.064677167 8.30792
0.033023684 -0.064378173 0.99737897 21.254905 -0.022300568 0.9976274 0.06513259 0.9160119 -0.99920579 -0.024393035 0.031509661 8.3348209
-0.00054089893 -0.063838654 0.99796004 22.072466 -0.023133806 0.99769395 0.063809094 0.95242683 -0.99973227 -0.023052099 -0.0020164841 8.3194126
-0.033980938 -0.06294595 0.99743823 22.927753 -0.024428071 0.99776879 0.06213459 0.98130429 -0.99912394 -0.0222541 -0.035442769 8.2850915
-0.065320225 -0.060880621 0.99600539 23.737966 -0.027104212 0.99787707 0.059217473 1.0118865 -0.99749622 -0.023127842 -0.066831677 8.219002
-0.10077472 -0.057880706 0.99322414 24.592377 -0.02971329 0.99803607 0.055146348 1.0524352 -0.99446551 -0.023954599 -0.10229663 8.1449878
-0.13401338 -0.053196126 0.98955066 25.426716 -0.02672883 0.99838892 0.050051406 1.0778387 -0.99061903 -0.019741972 -0.13521935 8.0098015
-0.1649204 -0.04789418 0.9851433 26.26823 -0.021806281 0.99875322 0.044905311 1.0927952 -0.98606584 -0.014076509 -0.16575917 7.8458635
-0.19480568 -0.041467437 0.97996486 27.094984 -0.014914198 0.99911563 0.039313037 1.1065779 -0.9807285 -0.0069569859 -0.19525185 7.6691083
-0.22269297 -0.035403833 0.97424552 27.90994 -0.0096175364 0.99937152 0.03411853 1.1219154 -0.97484123 -0.0017718839 -0.22289351 7.4558269
-0.25055018 -0.029143997 0.9676648 28.708123 -0.00082225229 0.99955281 0.029891497 1.1335468 -0.96810331 0.0066936563 -0.2504621 7.2385184
-0.27742046 -0.019143756 0.96055782 29.528806 0.0051010425 0.99975802 0.021398251 1.134274 -0.96073511 0.01083616 -0.27725568 6.9722734
-0.30286472 -0.0039056375 0.95302551 30.302402 0.0096144361 0.99992819 0.0071532515 1.1257467 -0.9529851 0.011329271 -0.30280542 6.7246392
-0.32770902 0.013295351 0.94468511 31.092775 0.0099846536 0.99989388 -0.010608697 1.0989599 -0.94472598 0.0059557886 -0.327807 6.4561644
-0.35412082 0.027534412 0.93479422 31.82021 0.0095685115 0.99962084 -0.025819118 1.0789629 -0.93515077 -0.00019849695 -0.35425001 6.1453821
-0.37833392 0.038404639 0.92487213 32.568039 0.012568865 0.99926 -0.036352042 1.0404861 -0.92558389 -0.0021286174 -0.37853666 5.8250106
-0.40312663 0.043585085 0.91410568 33.365579 0.016947369 0.99904947 -0.040161352 0.99226595 -0.91498731 -0.00069842329 -0.4034821 5.4864794
-0.42536637 0.04273474 0.90401168 34.086394 0.018750417 0.99908627 -0.038406466 0.94208158 -0.90482702 0.00061377768 -0.42577899 5.1304209
-0.44476564 0.039110014 0.89479264 34.854269 0.023086539 0.99921482 -0.032198751 0.90174191 -0.89534943 0.0063367678 -0.44531934 4.7402561
-0.46276576 0.038212073 0.88565661 35.578245 0.029936186 0.99917433 -0.027467847 0.86567519 -0.88597502 0.013802003 -0.46352759 4.3379428
-0.47675685 0.0390683 0.87816656 36.263043 0.03410476 0.99908177 -0.025932151 0.82267112 -0.8783734 0.01758633 -0.47765149 3.9503185
-0.48821024 0.042267554 0.87170187 36.969226 0.037161586 0.9989274 -0.027623608 0.77488957 -0.87193454 0.018907697 -0.48925732 3.5589476
-0.49935984 0.045385351 0.86520509 37.666988 0.039404162 0.99878336 -0.029649937 0.73378161 -0.86549819 0.019286695 -0.50054067 3.1511258
-0.50973204 0.044223736 0.85919581 38.33454 0.032256066 0.9989582 -0.032281015 0.6793545 -0.85972836 0.01125961 -0.51062749 2.7448527
-0.52032643 0.043348967 0.85286647 39.011845 0.030841437 0.99901316 -0.031961126 0.65162438 -0.85341038 0.00967341 -0.52114989 2.3428059
-0.52879425 0.044582598 0.8475783 39.69918 0.033118143 0.99894279 -0.031882342 0.60972344 -0.8481037 0.011211021 -0.5297117 1.9131861
-0.53575021 0.047954786 0.84301364 40.38157 0.036862247 0.99876244 -0.033387933 0.56189656 -0.84357154 0.013187786 -0.53685491 1.4571017
-0.54013633 0.051004455 0.84003049 41.051673 0.037526942 0.99862864 -0.036504442 0.52748795 -0.84074047 0.011806402 -0.54130965 1.0272783
-0.53953449 0.052447475 0.84032835 41.762 0.036745303 0.9985738 -0.038731665 0.48503368 -0.84116133 0.0099810516 -0.5406922 0.57052799
-0.53636904 0.053367692 0.84229454 42.486811 0.039403464 0.99849398 -0.038172538 0.44187343 -0.84306327 0.012714756 -0.53766413 0.11581257
-0.53063683 0.052379972 0.84597922 43.232081 0.037760327 0.99855863 -0.038142133 0.39236177 -0.8467578 0.011704832 -0.53184987 -0.34036344
-0.5235566 0.050745753 0.85047828 43.978008 0.035277684 0.99865976 -0.037870311 0.35340466 -0.85126026 0.010175654 -0.5246451 -0.81549666
-0.51646501 0.050050791 0.85484428 44.764764 0.033793444 0.99870399 -0.038056981 0.30806978 -0.85564126 0.009233034 -0.51748706 -1.2571378
-0.50988262 0.048614436 0.85886919 45.588688 0.030695809 0.99879427 -0.038311492 0.25769077 -0.85969619 0.0068293216 -0.51076011 -1.7379398
-0.50600656 0.046614687 0.86126905 46.39747 0.026691079 0.99890658 -0.038382728 0.20728498 -0.86211659 0.003566289 -0.50669748 -2.1800055
-0.50429901 0.04360562 0.86242738 47.217604 0.021696853 0.99904876 -0.0378263 0.16424795 -0.86325652 -0.00036380483 -0.50476541 -2.665956
-0.50464456 0.041446388 0.86233172 48.070672 0.019222261 0.99913877 -0.036772719 0.11387449 -0.86311322 -0.0019811866 -0.50500664 -3.1513891
-0.50587912 0.039776163 0.86168678 48.921907 0.017197873 0.99920281 -0.036027485 0.059038122 -0.86243296 -0.0034063722 -0.50615991 -3.6309313
-0.50652853 0.039517244 0.86131711 49.790704 0.017602599 0.99921492 -0.035492154 0.015071917 -0.86204353 -0.0028163681 -0.50682648 -4.1406408
-0.50633798 0.038883504 0.86145798 50.655928 0.017180823 0.99923947 -0.035004176 -0.037070286 -0.86216398 -0.0029233862 -0.50662095 -4.6425461
-0.50719285 0.038096099 0.86099015 51.509151 0.017640853 0.99927215 -0.033822751 -0.08419966 -0.86165206 -0.0019660564 -0.50749574 -5.1606869
-0.5072222 0.037653717 0.86099232 52.422175 0.017269648 0.99928856 -0.033528033 -0.14095511 -0.86164231 -0.002137127 -0.50751161 -5.6650656
-0.50694347 0.036252999 0.86121657 53.318196 0.015629125 0.99933751 -0.032867341 -0.18569251 -0.86183764 -0.0032018216 -0.50717423 -6.2149591
-0.50691624 0.035661094 0.86125731 54.225034 0.015170501 0.99935821 -0.03245027 -0.24608545 -0.86186185 -0.0033838635 -0.5071319 -6.7162989
-0.50684231 0.035075834 0.86132485 55.121649 0.014111237 0.99937556 -0.032394001 -0.29820123 -0.86192332 -0.0042642908 -0.50702078 -7.2199317
-0.50505297 0.033537834 0.86243646 55.999664 0.013353779 0.99942878 -0.031044965 -0.35608563 -0.86298507 -0.0041625653 -0.50521234 -7.7466968
-0.50312774 0.031350738 0.86364318 56.89888 0.013856065 0.99950596 -0.028210583 -0.40770813 -0.86410101 -0.0022268301 -0.50331357 -8.265711
-0.50079125 0.030461104 0.8650319 57.792995 0.014771686 0.99953579 -0.026645759 -0.45950311 -0.86544208 -0.0005659827 -0.50100874 -8.7640656
-0.49835213 0.029605308 0.86646905 58.677953 0.014338136 0.99956155 -0.02590616 -0.50743137 -0.86685618 -0.00048683818 -0.49855811 -9.2827168
-0.49635326 0.030252295 0.86759332 59.571814 0.015159234 0.99954228 -0.026180598 -0.5564353 -0.86798831 0.00015722614 -0.49658467 -9.7784855
-0.49473768 0.030777021 0.86849717 60.457371 0.015217476 0.99952628 -0.026751706 -0.60688008 -0.86890916 -1.8741079e-05 -0.49497166 -10.279133
-0.49583391 0.032394162 0.86781293 61.35413 0.014789676 0.99947408 -0.02885864 -0.66025637 -0.86829146 -0.0014744198 -0.49605224 -10.76632
-0.49812121 0.033832345 0.86644709 62.22074 0.013224336 0.99941872 -0.031421833 -0.71206176 -0.8670066 -0.0041936931 -0.49827908 -11.278367
-0.50219922 0.034644757 0.86405765 63.096466 0.012217207 0.99938167 -0.032969863 -0.76124433 -0.86466568 -0.0060010681 -0.50231196 -11.779504
-0.50825941 0.032813774 0.86057862 63.963636 0.011602286 0.99944406 -0.031256364 -0.81715889 -0.8611259 -0.0059016616 -0.50835757 -12.300521
-0.51348617 0.031139936 0.85753262 64.829452 0.015245046 0.99951465 -0.027167131 -0.87618058 -0.85796247 -0.00087682156 -0.51371168 -12.806409
-0.5191366 0.028768251 0.85420695 65.685967 0.012461555 0.9995819 -0.026090835 -0.92080762 -0.85460047 -0.0028999594 -0.51927805 -13.308601
-0.52347216 0.031276126 0.85146852 66.531546 0.013407048 0.9995047 -0.028471302 -0.97530545 -0.85193732 -0.0034882538 -0.52363221 -13.831735
-0.52878963 0.034033989 0.84807025 67.358013 0.014243188 0.99941084 -0.031226524 -1.0203795 -0.84863344 -0.0044330369 -0.52896284 -14.343616
-0.53365811 0.033929531 0.84501938 68.195655 0.012635358 0.99940322 -0.032148753 -1.0777739 -0.84560595 -0.0064793196 -0.53376835 -14.861686
-0.53682255 0.034463985 0.84299094 69.028198 0.011456101 0.99937098 -0.03356194 -1.1304963 -0.84361743 -0.0083594168 -0.5368797 -15.395665
-0.53990116 0.033708717 0.84105315 69.841976 0.011572065 0.99940062 -0.032626642 -1.1847622 -0.84164891 -0.0078824393 -0.53996763 -15.917977
-0.5430134 0.027219383 0.83928273 70.671509 0.013558851 0.99962842 -0.023647132 -1.2327883 -0.83961459 -0.0014609994 -0.54318069 -16.439314
-0.54448908 0.019043505 0.83855168 71.488778 0.013886035 0.99980987 -0.013689185 -1.2734244 -0.83865301 0.0041905477 -0.54465 -16.97655
-0.54672519 0.015763211 0.83716368 72.298802 0.01376038 0.9998569 -0.0098401398 -1.3130803 -0.83719907 0.0061398392 -0.54686386 -17.493524
-0.54795446 0.021633464 0.83622835 73.093167 0.014166222 0.99976216 -0.016581444 -1.3445751 -0.83638824 0.0027603214 -0.5481306 -18.010605
-0.54873076 0.027072926 0.83556062 73.89795 0.014871234 0.99963346 -0.022622773 -1.3879508 -0.83586689 1.2006614e-05 -0.54893223 -18.534749
-0.55014845 0.032226132 0.83444479 74.693841 0.02154784 0.9994702 -0.024392922 -1.4244852 -0.83478885 0.0045607554 -0.55055138 -19.046255
-0.54890242 0.033001684 0.83523468 75.484761 0.02455722 0.99942568 -0.023350578 -1.4648114 -0.83552566 0.0076938539 -0.5493976 -19.593036
-0.54829102 0.030156723 0.83574366 76.283097 0.024140519 0.9995039 -0.020228369 -1.5094365 -0.83593914 0.0090842538 -0.54874701 -20.124143
-0.54842519 0.02508839 0.83582314 77.080262 0.022363489 0.99963234 -0.01533155 -1.5379272 -0.83590056 0.010283714 -0.54878463 -20.632009
-0.54812436 0.018983167 0.83618136 77.881863 0.020467367 0.99974745 -0.0092799371 -1.5733074 -0.83614642 0.012027872 -0.54837447 -21.135021
-0.54804223 0.012484301 0.83635746 78.675113 0.011631036 0.99990568 -0.0073040826 -1.6079699 -0.83636983 0.0057247586 -0.54813575 -21.638011
-0.54634302 0.0070149298 0.83753211 79.48417 0.0025460719 0.99997422 -0.006714631 -1.6347188 -0.83755769 -0.0015360741 -0.5463468 -22.140462
-0.54471754 0.0075308968 0.83858573 80.272575 0.0059248329 0.99996928 -0.0051316208 -1.6564781 -0.83859869 0.0021731974 -0.54474542 -22.648906
-0.54201296 0.011167034 0.8402959 81.062604 0.011910572 0.99991335 -0.0056056227 -1.6850349 -0.84028576 0.0069700853 -0.542099 -23.161231
-0.53469716 0.014469128 0.84491984 81.841803 0.012876222 0.99987683 -0.0089741828 -1.7100917 -0.84494569 0.0060809065 -0.53481761 -23.658733
-0.52726097 0.016305546 0.8495469 82.636649 0.017371536 0.99981375 -0.0084082183 -1.7395659 -0.84952584 0.01032461 -0.52744602 -24.150969
-0.52038629 0.01918821 0.85371533 83.434801 0.025092742 0.99965939 -0.0071730644 -1.7744674 -0.85356226 0.017689295 -0.52069052 -24.640517
-0.50977354 0.018921967 0.86010048 84.239652 0.023885667 0.99968399 -0.0078359521 -1.7989188 -0.85997702 0.016549514 -0.51006441 -25.12124
-0.4997918 0.016111281 0.86599568 85.043276 0.019611591 0.99978116 -0.0072818402 -1.8232577 -0.86592356 0.013344151 -0.49999839 -25.568178
-0.48673309 0.013188634 0.87345114 85.877523 0.021107979 0.99977164 -0.0033335236 -1.8478496 -0.87329572 0.016814253 -0.48690033 -26.026794
-0.4759001 0.012052118 0.87941673 86.691507 0.021022777 0.99977629 -0.0023250406 -1.8733723 -0.87924809 0.017381296 -0.47604701 -26.457089
-0.46523097 0.010734949 0.88512419 87.509183 0.019763861 0.99980317 -0.0017376941 -1.8947313 -0.8849687 0.016685044 -0.46535156 -26.876693
-0.45302843 0.013106064 0.89139969 88.322011 0.024463831 0.99969815 -0.00226531 -1.9099388 -0.89116039 0.020780802 -0.45321231 -27.283201
-0.44063677 0.015641476 0.89754917 89.15634 0.022795261 0.99972074 -0.0062310539 -1.9460329 -0.89739606 0.017714237 -0.44087027 -27.682753
-0.42983505 0.026137176 0.90252901 89.982923 0.02659731 0.99951368 -0.01627871 -1.9668089 -0.90251564 0.017007685 -0.43032119 -28.0717
-0.41705893 0.030752663 0.90835899 90.80326 0.026302169 0.9994172 -0.021759222 -2.0006627 -0.90849882 0.014816935 -0.41762473 -28.445061
-0.40598315 0.026917534 0.91348402 91.653236 0.023419372 0.9995443 -0.019045102 -2.0333531 -0.91358047 0.013661233 -0.40642854 -28.809432
-0.39373336 0.023579229 0.91892219 92.49401 0.024710987 0.99958118 -0.015060919 -2.074114 -0.91889253 0.016777489 -0.39415112 -29.163011
-0.3840255 0.023228034 0.92303023 93.330056 0.020130093 0.99965653 -0.016781234 -2.1092617 -0.92310306 0.012136263 -0.38436118 -29.497981
-0.37747441 0.028644938 0.92557683 94.190331 0.017367907 0.99956463 -0.02385164 -2.1447165 -0.92585717 0.0070719492 -0.37780758 -29.843154
-0.37205279 0.03264254 0.92763738 95.022058 0.008249488 0.99945826 -0.031861167 -2.1908825 -0.92817495 -0.0042015019 -0.37212051 -30.151812
-0.36870168 0.034848286 0.92889429 95.858736 0.0056162849 0.9993623 -0.035262707 -2.2350287 -0.92953085 -0.0077844839 -0.36866228 -30.473621
-0.36553431 0.034859567 0.93014483 96.688295 0.0049107318 0.99935677 -0.035523609 -2.2828933 -0.93078495 -0.0084174056 -0.36547038 -30.790889
-0.36025056 0.034919452 0.93220174 97.553535 0.0047187715 0.99935457 -0.035611361 -2.3323938 -0.93284369 -0.0084301649 -0.36018282 -31.119651
-0.35535078 0.031034459 0.93421765 98.377147 0.0028412802 0.99947993 -0.032121707 -2.3756763 -0.93472874 -0.0087600992 -0.35525415 -31.427708
-0.34915407 0.027367868 0.93666555 99.24593 0.0031097902 0.99960175 -0.028047547 -2.4228465 -0.93706021 -0.0068800812 -0.34910013 -31.744894
-0.34360378 0.023987529 0.93880827 100.09812 0.00072744335 0.99968023 -0.025276625 -2.468207 -0.93911447 -0.0080022133 -0.34351136 -32.044938
-0.33817732 0.023292299 0.94079408 100.93289 -0.0027327388 0.99966514 -0.025732143 -2.5127659 -0.94107848 -0.011272971 -0.33800043 -32.330832
-0.33172264 0.022539646 0.94310762 101.78706 -0.01490462 0.99946453 -0.029128992 -2.5510131 -0.94325925 -0.023719406 -0.33120907 -32.611952
-0.32494958 0.026078996 0.94537166 102.63626 -0.012577874 0.99941214 -0.031893106 -2.5992022 -0.94564774 -0.022254417 -0.32443054 -32.887292
-0.31821397 0.029622958 0.94755595 103.47709 -0.011621011 0.9993147 -0.035143701 -2.6488392 -0.94794773 -0.022194775 -0.31765165 -33.162346
-0.31159149 0.028120148 0.94979994 104.33041 -0.012637623 0.99935097 -0.033733074 -2.6902772 -0.95013215 -0.022514152 -0.31103389 -33.437139
-0.30455266 0.023027113 0.95221707 105.19156 -0.01310268 0.99951185 -0.028361524 -2.734326 -0.95240541 -0.021114173 -0.30410228 -33.702009
-0.29811845 0.020362392 0.95431163 106.03751 -0.013218628 0.9995885 -0.025457856 -2.774703 -0.95443739 -0.020204147 -0.29772661 -33.953081
-0.29128755 0.023106302 0.95635641 106.89834 -0.016253918 0.9994444 -0.029097966 -2.8238016 -0.95649749 -0.024020414 -0.29075015 -34.206437
-0.2848926 0.025850154 0.95821078 107.75697 -0.016668431 0.99935156 -0.031915841 -2.8695212 -0.95841455 -0.025064457 -0.28427698 -34.452895
-0.27807807 0.0270035 0.9601788 108.60884 -0.017073671 0.9993079 -0.03304866 -2.9078117 -0.96040677 -0.025583884 -0.27742456 -34.694167
-0.27141429 0.0260084 0.9621111 109.48362 -0.017872438 0.99932626 -0.032056288 -2.9577534 -0.9622967 -0.025895805 -0.27076659 -34.929928
-0.2637927 0.025813486 0.96423389 110.32484 -0.015336786 0.99940324 -0.030950802 -3.0024298 -0.9644575 -0.022952845 -0.26323939 -35.151877
-0.2555693 0.027371202 0.96640316 111.20035 -0.010256093 0.99946615 -0.031019901 -3.046541 -0.96673638 -0.017839255 -0.25515214 -35.379851
-0.24866078 0.027896246 0.96818879 112.08086 -0.0087797075 0.99947919 -0.031052709 -3.0931326 -0.96855088 -0.016222005 -0.24828636 -35.609857
-0.24245799 0.026655644 0.96979561 112.92436 -0.015501288 0.99938843 -0.031344492 -3.135177 -0.9700381 -0.022632803 -0.24189651 -35.797804
-0.23648415 0.024581297 0.97132431 113.79897 -0.019960574 0.99934606 -0.030150156 -3.1798765 -0.97143034 -0.026518225 -0.23583885 -35.996538
-0.23162716 0.024870181 0.97248663 114.6818 -0.017153592 0.99941331 -0.029644445 -3.2228135 -0.97265343 -0.023548097 -0.23106465 -36.207235
-0.22712323 0.024756253 0.97355128 115.53262 -0.015846536 0.99945055 -0.029111733 -3.2703739 -0.97373713 -0.022039366 -0.22660614 -36.397272
-0.22220873 0.026556994 0.97463733 116.42225 -0.014713929 0.9994238 -0.030587022 -3.311628 -0.97488813 -0.021137448 -0.22168994 -36.599091
-0.21667524 0.025590235 0.97590824 117.26926 -0.0095118422 0.99955359 -0.028322119 -3.3488305 -0.97619744 -0.015419387 -0.2163351 -36.784713
-0.21120918 0.024307224 0.97713856 118.13832 -0.002564578 0.99967352 -0.025422135 -3.3956039 -0.97743756 -0.0078753356 -0.21107788 -36.981304
-0.20647254 0.023382076 0.97817293 119.02547 0.00077101529 0.999718 -0.023734339 -3.4382576 -0.97845213 -0.0041463021 -0.20643234 -37.17104
-0.20252463 0.024751627 0.97896428 119.8821 -0.0018921051 0.99966877 -0.025666539 -3.4757988 -0.97927538 -0.0070504088 -0.20241071 -37.331782
-0.19873856 0.026930703 0.97968242 120.75304 -0.0041532588 0.99959027 -0.028320483 -3.51637 -0.98004378 -0.009697246 -0.19854528 -37.50244
-0.1966275 0.025995038 0.98013356 121.63593 -0.006026176 0.99959756 -0.027720188 -3.5585309 -0.98045979 -0.011357008 -0.19639172 -37.672354
-0.19565906 0.024711769 0.98036054 122.48856 -0.0073637709 0.99961725 -0.026666819 -3.6026935 -0.98064437 -0.012436755 -0.1954022 -37.834228
-0.1946128 0.020914817 0.9806571 123.3709 -0.0053056456 0.99973558 -0.022374622 -3.6368673 -0.98086584 -0.0095574062 -0.19445037 -38.007953
-0.19390207 0.015198596 0.98090311 124.22748 -0.0057821447 0.99984491 -0.016635085 -3.6777312 -0.98100389 -0.0088973005 -0.19378412 -38.163404
-0.19312621 0.013065197 0.98108689 125.09282 -0.0046174281 0.99988817 -0.01422451 -3.7098094 -0.9811631 -0.0072772233 -0.19304429 -38.327684
-0.19204881 0.017438794 0.98123038 125.9661 -0.0068544461 0.99979389 -0.01911028 -3.7471397 -0.98136148 -0.010395897 -0.1918897 -38.496769
-0.19179845 0.021469113 0.98119944 126.80383 -0.0073249851 0.99970155 -0.023305787 -3.7860152 -0.98140704 -0.011657285 -0.19158395 -38.652374
-0.19189878 0.020913372 0.98119183 127.65281 -0.0083739269 0.99970164 -0.022945643 -3.8150923 -0.98137904 -0.012619669 -0.1916664 -38.812936
-0.19119011 0.020056219 0.98134806 128.51696 -0.0091603748 0.99971122 -0.022216174 -3.8544454 -0.98151032 -0.013237028 -0.19095118 -38.975205
-0.19035551 0.020621414 0.98149858 129.35425 -0.0035807076 0.99975813 -0.021699503 -3.8915687 -0.98170874 -0.0076450787 -0.19023563 -39.137949
-0.18992733 0.022921898 0.98153049 130.20509 -0.0075136966 0.99966421 -0.024799287 -3.9346587 -0.98176944 -0.012084984 -0.18969133 -39.292823
-0.19014588 0.024155031 0.98145861 131.03582 -0.016101463 0.99948609 -0.027718176 -3.9665352 -0.98162384 -0.021073416 -0.18965923 -39.431291
-0.18970603 0.02542336 0.98151169 131.86702 -0.021013056 0.99933061 -0.0299463 -4.0069463 -0.98161609 -0.026305553 -0.18904482 -39.579022
-0.18985594 0.028823483 0.98138873 132.70782 -0.021121926 0.99921773 -0.033433293 -4.0572507 -0.98158477 -0.027076329 -0.18909862 -39.7328
-0.1891508 0.029767796 0.9814967 133.52871 -0.018576565 0.99925303 -0.03388634 -4.101454 -0.98177236 -0.024642466 -0.18845653 -39.887155
-0.18731549 0.030870916 0.98181455 134.3535 -0.01943323 0.99919397 -0.03512494 -4.150256 -0.9821076 -0.025659273 -0.18656459 -40.0356
-0.18521965 0.030058348 0.98223729 135.17844 -0.014255554 0.99934473 -0.033270025 -4.1878071 -0.98259378 -0.020164599 -0.18466978 -40.195646
-0.18229966 0.027168841 0.98286754 136.00092 -0.0073725037 0.9995523 -0.028997478 -4.2368074 -0.98321542 -0.012532425 -0.18201775 -40.34626
-0.18003919 0.022819218 0.98339468 136.80714 0.00031813172 0.99973218 -0.023140077 -4.2698832 -0.98365943 -0.0038532709 -0.17999823 -40.507307
-0.17587975 0.022885207 0.98414557 137.63441 0.0047056123 0.99973786 -0.022406832 -4.3047861 -0.98440045 0.00069010015 -0.17594134 -40.65001
-0.17130179 0.026777563 0.9848546 138.42789 0.00088990315 0.99963437 -0.027024628 -4.3560298 -0.98521824 -0.003752941 -0.17126298 -40.777451
-0.16491063 0.030223807 0.98584528 139.22816 0.0032684395 0.99954164 -0.030096966 -4.3947352 -0.98630314 -0.0017411331 -0.16493383 -40.906438
-0.15697838 0.030485835 0.98713136 140.02989 -0.001040512 0.99951779 -0.031033834 -4.4342912 -0.98760153 -0.0058987622 -0.15687096 -41.024585
-0.1468666 0.027170856 0.98878302 140.8175 0.0074063058 0.99962485 -0.0263687 -4.4630219 -0.98912862 0.0034505491 -0.14701274 -41.14212
-0.13494903 0.025985538 0.9905117 141.61637 0.016887131 0.99957118 -0.023922475 -4.5005832 -0.99070867 0.013498588 -0.13532998 -41.251119
-0.12169904 0.027705612 0.99218026 142.40188 0.013272017 0.99956641 -0.02628394 -4.5473055 -0.99247835 0.0099695039 -0.12201398 -41.341123
-0.10727945 0.029022077 0.99380519 143.21475 0.012062689 0.99953829 -0.027887354 -4.5838154 -0.99415577 0.0089962241 -0.10758 -41.41624
-0.093270283 0.02894515 0.99521995 144.00232 0.014100956 0.99951547 -0.027748563 -4.621089 -0.99554101 0.011445437 -0.093633247 -41.494856
-0.079517999 0.030584358 0.99636409 144.77338 0.018664789 0.99939966 -0.029187934 -4.6594621 -0.99665872 0.016275961 -0.080041114 -41.552887
-0.065995252 0.036477361 0.99715292 145.56994 0.015215292 0.99925217 -0.03554715 -4.7087055 -0.99770397 0.012826031 -0.066500914 -41.589784
-0.053269501 0.045986945 0.99752066 146.31595 0.010249537 0.99891159 -0.045503722 -4.7501275 -0.99852761 0.0078001652 -0.053682868 -41.612332
-0.039699629 0.054198972 0.99774061 147.08478 0.0011523859 0.99852965 -0.054195979 -4.7996471 -0.99921104 -0.0010017773 -0.039703717 -41.623026
-0.026550935 0.055304462 0.99811642 147.85101 0.001095863 0.99846947 -0.055294871 -4.8483326 -0.9996469 -0.0003743308 -0.026570906 -41.629682
-0.014830796 0.051190347 0.99857875 148.60799 0.0011719415 0.99868883 -0.051178582 -4.9008232 -0.99988937 0.00041125765 -0.014871344 -41.625837
-0.0040435956 0.048406881 0.99881947 149.3827 -0.0014002401 0.99882643 -0.048412885 -4.9602256 -0.99999089 -0.0015943484 -0.0039710704 -41.617918
0.0049529095 0.054406901 0.99850652 150.12063 -0.0054260366 0.99850557 -0.054379933 -5.0222354 -0.99997306 -0.0051485933 0.0052407201 -41.595916
0.011542807 0.063333659 0.99792561 150.87435 -0.011100187 0.99793876 -0.063206098 -5.0705561 -0.99987181 -0.010347585 0.012222028 -41.573612
0.014525586 0.066335479 0.9976916 151.61172 -0.018783582 0.99763894 -0.066058502 -5.1261267 -0.99971809 -0.017780683 0.015737306 -41.55031
0.01503872 0.062241107 0.99794779 152.4002 -0.019292836 0.99789296 -0.061946949 -5.1844984 -0.99970081 -0.01832164 0.016207839 -41.535272
0.013395799 0.056531812 0.99831088 153.12896 -0.015027154 0.99829914 -0.056329504 -5.2538144 -0.99979739 -0.014247193 0.014222525 -41.515014
0.010352063 0.05410117 0.99848175 153.8836 -0.015224675 0.99842809 -0.053940414 -5.3056363 -0.99983055 -0.014643165 0.011159462 -41.503427
0.007289255 0.054308521 0.99849755 154.62096 -0.015010598 0.99841756 -0.054194588 -5.3600062 -0.99986081 -0.014593007 0.0080929221 -41.495053
0.0040927599 0.054561977 0.99850196 155.36708 -0.013536358 0.9984219 -0.054502116 -5.4132987 -0.99990005 -0.013293015 0.00482487 -41.492831
-0.0006158174 0.052700228 0.99861015 156.11902 -0.011364876 0.99854552 -0.052703824 -5.4709184 -0.99993527 -0.011381536 -1.5991689e-05 -41.486438
-0.0058923739 0.053124098 0.99857049 156.85485 -0.014957197 0.99847148 -0.053207088 -5.5218646 -0.99987082 -0.015249331 -0.0050887812 -41.489672
-0.012177002 0.051326886 0.99860762 157.58465 -0.014833872 0.99856254 -0.051505451 -5.5705053 -0.99981586 -0.015440399 -0.011398123 -41.487662
-0.018093414 0.048511283 0.9986587 158.33119 -0.012401743 0.99873452 -0.048739655 -5.6239429 -0.99975943 -0.013266974 -0.017468894 -41.501832
-0.023129379 0.048353183 0.99856243 159.05922 -0.014603653 0.99870676 -0.048698431 -5.6764078 -0.99962585 -0.015709023 -0.022393336 -41.518576
-0.028503972 0.049690985 0.99835777 159.77495 -0.015326356 0.9986245 -0.050141839 -5.7202168 -0.99947622 -0.016730427 -0.027703184 -41.533455
-0.032879858 0.051803141 0.99811586 160.49665 -0.016143982 0.99849805 -0.052354789 -5.7761746 -0.99932896 -0.017834982 -0.031994167 -41.55116
-0.035320452 0.053934297 0.99791957 161.20328 -0.015177877 0.99839855 -0.05449739 -5.829837 -0.99926082 -0.017071173 -0.034445281 -41.570961
-0.036984565 0.055663216 0.99776433 161.92655 -0.014685767 0.99830938 -0.056237985 -5.8867588 -0.99920796 -0.016732872 -0.036104583 -41.599645
-0.036004655 0.053982641 0.99789251 162.64671 -0.010346259 0.99846633 -0.054386981 -5.9358989 -0.99929811 -0.012282639 -0.035390919 -41.62591
-0.032136565 0.050295379 0.99821718 163.35262 -0.0057290461 0.9987074 -0.050504518 -5.9803496 -0.99946711 -0.0073418732 -0.031806882 -41.647135
-0.025201802 0.049918963 0.99843522 164.0637 -0.0061233689 0.99872603 -0.050088063 -6.0402 -0.99966367 -0.0073760959 -0.024864025 -41.661215
-0.014220026 0.05088439 0.99860327 164.7585 -0.0043246896 0.99869182 -0.050950483 -6.0911723 -0.99988958 -0.0050431656 -0.013981366 -41.664185
-0.00023405332 0.051079186 0.99869454 165.43014 -0.0008176354 0.99869426 -0.051079361 -6.1382555 -0.99999968 -0.00082852247 -0.0001919851 -41.658682
0.01536338 0.049042075 0.99867851 166.12585 -0.0018129801 0.99879615 -0.04901996 -6.1836685 -0.99988037 -0.0010574712 0.015433795 -41.639577
0.030978589 0.044039875 0.99854931 166.82436 -0.0064537584 0.99901683 -0.043860274 -6.2310905 -0.99949925 -0.0050856659 0.031232353 -41.594979
0.047434922 0.037488012 0.99817057 167.49493 -0.0087074354 0.99927304 -0.037115622 -6.2732787 -0.99883642 -0.0069309285 0.047726862 -41.54889
0.064761002 0.030142863 0.99744541 168.16904 -0.0076946001 0.99952906 -0.029706244 -6.3071841 -0.99787118 -0.0057511367 0.064962439 -41.497109
0.082353097 0.022783418 0.99634271 168.85758 -0.0082832472 0.99971977 -0.022175985 -6.3390431 -0.99656883 -0.0064266912 0.082518738 -41.424775
0.10000403 0.016445122 0.99485108 169.50413 -0.010683228 0.99982351 -0.015453421 -6.3735083 -0.99492972 -0.0090828161 0.10016207 -41.340457
0.11782647 0.013867458 0.99293733 170.18248 -0.011146059 0.99985797 -0.01264147 -6.4059598 -0.99297169 -0.0095778375 0.1179643 -41.24675
0.13655106 0.012880861 0.99054925 170.81865 -0.0096108023 0.99988563 -0.011677382 -6.4221644 -0.99058645 -0.0079254134 0.13665924 -41.146096
0.15379072 0.012564827 0.98802351 171.45341 -0.011448559 0.99987469 -0.010933515 -6.4446726 -0.98803716 -0.0096299722 0.15391529 -41.033594
0.1701191 0.011996003 0.98535045 172.10913 -0.016265953 0.99982385 -0.0093639171 -6.4593645 -0.98528929 -0.014434682 0.17028425 -40.902827
0.18404383 0.0083895147 0.98288219 172.72608 -0.01847262 0.99981649 -0.0050750771 -6.4792021 -0.98274448 -0.017222372 0.18416503 -40.771622
0.19659406 0.0041905655 0.98047597 173.34616 -0.014328464 0.99989636 -0.0014005848 -6.4977413 -0.98038031 -0.013773368 0.19663373 -40.635637
0.20723823 0.0026012829 0.97828701 173.97271 -0.01228652 0.99992452 -5.6066971e-05 -6.5156474 -0.97821339 -0.012008123 0.20725454 -40.50254
0.21729671 0.0060684033 0.97608669 174.56983 -0.015683791 0.99987329 -0.0027247556 -6.5327784 -0.97597963 -0.014716659 0.21736435 -40.349791
0.22623609 0.01303312 0.97398526 175.18532 -0.020010895 0.99976165 -0.0087299331 -6.5549772 -0.97386697 -0.017515291 0.22644297 -40.190731
0.2352972 0.023419775 0.97164122 175.76726 -0.021328692 0.99959332 -0.018928457 -6.5736994 -0.97168945 -0.016270023 0.23570102 -40.039652
0.24370169 0.02993095 0.96938823 176.34947 -0.015077111 0.99951981 -0.027070949 -6.585967 -0.96973308 -0.0080183373 0.24403594 -39.894243
0.25012135 0.028574517 0.96779271 176.95401 -0.015693142 0.99955275 -0.025456429 -6.6053283 -0.96808735 -0.008820512 0.2504579 -39.732759
0.25595631 0.02101256 0.96645991 177.57343 -0.018570678 0.99968611 -0.016816716 -6.6276376 -0.96651 -0.01364347 0.25626619 -39.555335
0.26034423 0.01010869 0.9654629 178.1896 -0.021859003 0.9997506 -0.0045732499 -6.6504768 -0.96526843 -0.019913437 0.26050026 -39.383617
0.26247817 0.00083419244 0.96493753 178.78793 -0.020509037 0.99977855 0.0047144677 -6.6731093 -0.96472 -0.021027384 0.26243715 -39.208875
0.26337795 -0.00014689301 0.96469267 179.39749 -0.017388415 0.99983681 0.0048995855 -6.6928657 -0.96453604 -0.018064919 0.26333241 -39.04188
0.26466466 0.0030085644 0.96433578 180.00779 -0.015389513 0.99988096 0.0011042359 -6.6944873 -0.96421775 -0.01513291 0.26467945 -38.881133
0.26596309 0.0029720874 0.96397859 180.59985 -0.01304743 0.99991475 0.00051692137 -6.7057627 -0.96389495 -0.012714925 0.26597919 -38.714574
0.26806799 0.0010441519 0.96339939 181.21461 -0.014568045 0.99988947 0.00296989 -6.7049018 -0.96328989 -0.014830977 0.26805357 -38.531274
0.27052419 -0.0032203912 0.96270775 181.82628 -0.014577304 0.99986606 0.0074409635 -6.7211257 -0.96260285 -0.016046643 0.27044101 -38.354157
0.27390013 -0.0088356505 0.96171751 182.45135 -0.012744705 0.99983665 0.012815597 -6.7309847 -0.96167373 -0.015766999 0.27374278 -38.170936
0.27787363 -0.011903658 0.96054384 183.07125 -0.011309461 0.99981338 0.015662 -6.7375446 -0.9605511 -0.01521529 0.27768715 -37.989877
0.28397744 -0.013334618 0.95873819 183.68394 -0.010589775 0.99979869 0.017042391 -6.732281 -0.95877252 -0.014992476 0.28377906 -37.804741
0.29197776 -0.01655038 0.95628186 184.32325 -0.0087440508 0.99976229 0.019972683 -6.7375458 -0.95638518 -0.014193356 0.29176363 -37.607327
0.30147818 -0.018607131 0.95329146 184.92262 -0.0067891448 0.99974232 0.021660863 -6.7397092 -0.95344895 -0.013002311 0.30127416 -37.406846
0.31249745 -0.016798192 0.94977002 185.55274 -0.0080530582 0.99976085 0.020332011 -6.7426159 -0.9498845 -0.014002254 0.31228744 -37.191965
0.32417686 -0.0129864 0.94590731 186.16149 -0.0085818292 0.99982425 0.016667752 -6.7418005 -0.94595761 -0.013520914 0.32400844 -36.968922
0.3357579 -0.0092634308 0.94190273 186.77677 -0.010510028 0.99985255 0.013579842 -6.7415494 -0.94188972 -0.014458963 0.33561103 -36.731854
0.34747166 -0.0089453507 0.93764778 187.40207 -0.0092632666 0.99987295 0.012971755 -6.7396763 -0.93764477 -0.013192998 0.34734465 -36.494356
0.35879304 -0.011784484 0.93334271 188.02255 -0.0086535277 0.99983533 0.015950592 -6.7434694 -0.93337707 -0.013799668 0.35863198 -36.241647
0.3695831 -0.014016392 0.92909192 188.63832 -0.0077132995 0.9998055 0.018151456 -6.7424091 -0.92916571 -0.013874835 0.3694031 -35.986084
0.38118562 -0.014035768 0.92439193 189.27172 -0.010942551 0.99974621 0.019692241 -6.7480025 -0.9244338 -0.017621604 0.38093529 -35.709503
0.39102953 -0.015551287 0.9202467 189.87766 -0.013130336 0.99966123 0.022472634 -6.7372438 -0.9202845 -0.020870611 0.39069287 -35.43119
0.39805253 -0.014576112 0.91724678 190.52016 -0.01708208 0.99958263 0.02329754 -6.736072 -0.91720361 -0.024942128 0.39763741 -35.134988
0.40235617 -0.016918701 0.91532683 191.16812 -0.017703006 0.99949848 0.026256337 -6.7282337 -0.91531207 -0.026768435 0.40185487 -34.849146
0.40423968 -0.021758238 0.91439422 191.81601 -0.013012514 0.99947903 0.029535485 -6.7214842 -0.91456056 -0.023837982 0.40374595 -34.558213
0.40488933 -0.019676049 0.91415393 192.47081 -0.011378799 0.9995826 0.026554598 -6.7195421 -0.91429493 -0.021153647 0.40449644 -34.272306
0.4036129 -0.020033432 0.91471046 193.13809 -0.0084465458 0.99963606 0.025620431 -6.7119429 -0.9148909 -0.01806688 0.40329679 -33.979215
0.40251581 -0.019047341 0.91521481 193.80021 -0.0051855093 0.99972002 0.023086664 -6.7060684 -0.91539839 -0.014038602 0.40230434 -33.689237
0.40252089 -0.020106542 0.91518992 194.47942 -0.0025107696 0.99973074 0.023068179 -6.6995933 -0.9154074 -0.011583254 0.40236202 -33.394822
0.40144696 -0.026572832 0.91549667 195.16453 0.0021391857 0.9996035 0.028076045 -6.6887164 -0.91587981 -0.009312625 0.40134463 -33.09921
0.40072544 -0.029429042 0.91572539 195.84773 0.001935057 0.99950895 0.031274839 -6.6869356 -0.91619618 -0.010760642 0.40058561 -32.798063
0.39920582 -0.032235704 0.91629444 196.53323 0.0034414171 0.99942738 0.033661027 -6.6731679 -0.91685492 -0.010284326 0.39908817 -32.49784
0.39737817 -0.032319277 0.91708559 197.2258 0.002345102 0.99941211 0.034204424 -6.6623641 -0.91765198 -0.011441432 0.39722034 -32.193006
0.39619988 -0.032329321 0.9175949 197.90225 0.00072978649 0.99939068 0.034896097 -6.6515216 -0.91816404 -0.01315618 0.39598206 -31.886432
0.39363722 -0.031721202 0.91871837 198.60759 0.00042607537 0.99941064 0.03432476 -6.6445249 -0.91926581 -0.013120059 0.39341874 -31.59757
0.39309599 -0.02824009 0.91906364 199.2881 0.00092376419 0.99953988 0.030317778 -6.6416058 -0.91949702 -0.011068798 0.3929412 -31.295336
0.39242382 -0.022158521 0.91951752 199.97008 -2.3357617e-05 0.99970953 0.024100955 -6.6411962 -0.91978455 -0.009479266 0.39230931 -30.997149
0.39085665 -0.019076669 0.92025382 200.65839 -0.0021922158 0.99976308 0.021655972 -6.6270788 -0.92044899 -0.010481775 0.39072223 -30.702858
0.38981677 -0.021746976 0.92063559 201.36304 -0.0029796342 0.99968611 0.024875924 -6.6197957 -0.92088766 -0.012440209 0.38962961 -30.399915
0.38849096 -0.024559967 0.92112513 202.03823 -0.0047711254 0.99957772 0.028664005 -6.6187008 -0.92144022 -0.01553051 0.38820973 -30.095739
0.38546343 -0.024323805 0.92240242 202.72795 -0.0088142016 0.99950982 0.030040504 -6.6178316 -0.92268106 -0.019709756 0.38506008 -29.806739
0.38144782 -0.023932342 0.92408048 203.42184 -0.012127839 0.99944919 0.030890489 -6.6131364 -0.92431085 -0.022990209 0.38094747 -29.513853
0.37416561 -0.025111077 0.92702182 204.10603 -0.011926944 0.99942034 0.031886167 -6.6026428 -0.92728524 -0.022987244 0.37364922 -29.240422
0.36602779 -0.025517169 0.93025398 204.80042 -0.011280189 0.99942891 0.031853085 -6.5896879 -0.93053559 -0.022152554 0.36553091 -28.958383
