1 0 0 0 0 1 0 0 0 0 1 0
0.99993632 -0.0025261745 0.010998837 0.0094788304 0.0025152329 0.99999633 0.0010085309 -0.0072540421 -0.011001345 -0.00098080201 0.999939 0.29045526
0.99982966 -0.0044464553 0.01791313 0.015262002 0.0044239743 0.99998938 0.001294453 -0.009432308 -0.017918697 -0.0012149853 0.99983871 0.59013707
0.99978085 -0.0073095029 0.019616957 0.027901567 0.0073142584 0.99997324 -0.00017065488 -0.01560862 -0.019615186 0.000314101 0.99980755 0.88150666
0.99979745 -0.0086835677 0.018156359 0.026932711 0.0087137903 0.99996078 -0.0015860967 -0.020592871 -0.018141875 0.0017439862 0.9998339 1.1946283
0.99986857 -0.011544016 0.011383047 0.027546049 0.011580538 0.99992799 -0.00314774 -0.02601468 -0.011345891 0.0032791482 0.99993026 1.5111668
0.99992163 -0.012507342 -0.00055584655 0.01888409 0.012504641 0.99991112 -0.0046236866 -0.033889199 0.00061362723 0.0046163736 0.99998916 1.8412358
0.99980242 -0.011666254 -0.016094311 -0.0052066597 0.011588884 0.99992088 -0.0048922618 -0.038435637 0.016150114 0.0047047801 0.99985851 2.1650669
0.99934617 -0.0078141328 -0.035301168 -0.045178027 0.0076309747 0.99995673 -0.0053202148 -0.045281383 0.035341217 0.005047354 0.99936256 2.5151792
0.99847727 -0.0039937278 -0.05501995 -0.086428321 0.0036508269 0.99997329 -0.006331407 -0.051028516 0.055043771 0.0061208977 0.99846518 2.8589442
0.99722249 -0.003512614 -0.074397309 -0.13060363 0.0030262717 0.99997332 -0.0066488185 -0.054925387 0.074418685 0.006405205 0.99720651 3.220576
0.9954112 -0.0043897151 -0.095589115 -0.18618317 0.003836353 0.99997481 -0.0059719773 -0.061943537 0.09561293 0.0055778596 0.99540296 3.6063055
0.99335882 -0.0057251642 -0.11491509 -0.24408406 0.0051419206 0.99997235 -0.0053712193 -0.070898992 0.11494267 0.0047446638 0.9933608 3.9969647
0.99120994 -0.0048268061 -0.13221025 -0.31461539 0.004254235 0.99998031 -0.0046128899 -0.077325733 0.13222993 0.0040098888 0.99121096 4.3893298
0.98889649 -0.0034117295 -0.1485668 -0.39439188 0.0028413706 0.99998776 -0.0040511507 -0.085962282 0.14857881 0.0035840353 0.98889408 4.800341
0.98681346 -0.003135909 -0.16183124 -0.47448996 0.0024996035 0.99998833 -0.0041353582 -0.093332718 0.16184233 0.0036763132 0.98680978 5.2074303
0.98478805 -0.0047961319 -0.17369368 -0.56630377 0.0039667468 0.99997902 -0.0051218135 -0.10123993 0.17371462 0.0043549018 0.98478641 5.6572095
0.98304096 -0.0073114419 -0.18324034 -0.65342814 0.0061502055 0.99995725 -0.0069047342 -0.11399199 0.183283 0.0056606707 0.9830439 6.1095284
0.9815462 -0.0065107987 -0.19111428 -0.75008455 0.0049471008 0.99995028 -0.0086579993 -0.12032923 0.19116117 0.0075527647 0.98152961 6.5551179
0.97994086 -0.0066428836 -0.19917776 -0.86372577 0.0045921712 0.99993161 -0.010756087 -0.1247178 0.19923561 0.0096256708 0.97990434 7.0341501
0.97830677 -0.0072958622 -0.20703293 -0.96970423 0.0046163032 0.99989925 -0.013422825 -0.13692687 0.20711002 0.012175914 0.97824189 7.5011732
0.97648501 -0.011296691 -0.21528913 -1.0810742 0.0082455693 0.99985252 -0.01506509 -0.14881637 0.21542759 0.012935653 0.97643414 8.0072157
0.97470751 -0.016612848 -0.22286603 -1.2035105 0.013343136 0.99978024 -0.016169101 -0.16385906 0.22308569 0.012786413 0.97471498 8.5243203
0.97287571 -0.0175626 -0.2306608 -1.33232 0.013629496 0.99973347 -0.018633915 -0.18883992 0.23092661 0.014984693 0.97285578 9.0409935
0.97083118 -0.014047218 -0.23935223 -1.4794108 0.0088302442 0.9996998 -0.022854708 -0.19434109 0.23960144 0.020074525 0.97066378 9.5787655
0.96865399 -0.01076084 -0.24818069 -1.6338712 0.004452707 0.99965294 -0.025964847 -0.20997928 0.24837398 0.024045877 0.96836572 10.106633
0.96617184 -0.013663211 -0.25753696 -1.7961452 0.006653196 0.99958378 -0.028071285 -0.23311548 0.25781334 0.025408241 0.96586061 10.662474
0.96385835 -0.015484338 -0.26596486 -1.959856 0.0078457655 0.99952632 -0.029758806 -0.26298011 0.26629969 0.026596577 0.96352328 11.229826
0.961882 -0.015434535 -0.27302892 -2.1295509 0.0068465791 0.9994522 -0.032379276 -0.28518753 0.27337914 0.029275729 0.96146076 11.803746
0.95945838 -0.014799095 -0.28146155 -2.3211229 0.0048542911 0.9993401 -0.035997241 -0.31113012 0.28180856 0.033171559 0.95889707 12.40067
0.95729804 -0.015812325 -0.2886701 -2.5059281 0.0041527575 0.99915222 -0.040958496 -0.33949584 0.28907305 0.038010712 0.95655212 12.974382
0.95540889 -0.016532984 -0.29482283 -2.7105023 0.0024442428 0.99883993 -0.048091774 -0.37818219 0.29527594 0.045226691 0.95434096 13.595664
0.95412819 -0.017024772 -0.29891394 -2.9176165 0.00012165999 0.99840394 -0.05647619 -0.41636499 0.29939837 0.05384916 0.95260742 14.214759
0.95292399 -0.017050379 -0.30272949 -3.1149525 -0.0026898379 0.99790301 -0.064671054 -0.4598715 0.30319736 0.062440893 0.95087986 14.831318
0.95146901 -0.016707602 -0.30729071 -3.3423515 -0.0063263553 0.99725228 -0.073809664 -0.5092919 0.30767957 0.072171639 0.94874894 15.476149
0.95011077 -0.015640192 -0.3115203 -3.5664108 -0.010136573 0.99666627 -0.080954332 -0.56456212 0.31174794 0.080073332 0.94678482 16.109896
0.94858694 -0.014676012 -0.31617625 -3.8068617 -0.013718244 0.9960795 -0.087392461 -0.6316829 0.31621928 0.087236732 0.94466668 16.791309
0.94696681 -0.01326887 -0.32105731 -4.0515193 -0.017799299 0.995447 -0.093639982 -0.70105717 0.32083806 0.094388551 0.9424191 17.456593
0.94534469 -0.011341689 -0.3258754 -4.2991188 -0.022066629 0.99487855 -0.098639456 -0.77415808 0.32532521 0.10043926 0.94025288 18.111585
0.94360186 -0.0086167264 -0.33097021 -4.5649604 -0.02676951 0.99440265 -0.10220936 -0.85346663 0.32999839 0.10530485 0.93808953 18.823441
0.94188649 -0.007834152 -0.33583993 -4.8253869 -0.0286066 0.99422615 -0.10342155 -0.93031662 0.33471109 0.1070186 0.93622407 19.503805
0.93964817 -0.006607314 -0.34207844 -5.1063695 -0.030322367 0.99427111 -0.10249642 -1.0196976 0.34079596 0.1066832 0.93406468 20.236638
0.93746403 -0.0068552677 -0.34801463 -5.3879475 -0.030236747 0.99442292 -0.10103856 -1.1027978 0.3467664 0.10524284 0.93202844 20.961499
0.93494537 -0.0071624058 -0.35471939 -5.6588835 -0.029983215 0.99462457 -0.099110934 -1.1876088 0.35352252 0.10329894 0.92970488 21.680412
0.93222264 -0.0069756158 -0.36181801 -5.9415742 -0.029826352 0.99493156 -0.096029102 -1.2755866 0.36065405 0.10031222 0.92728967 22.367728
0.92838071 -0.0031444582 -0.37161721 -6.2896657 -0.033011527 0.99531347 -0.090891871 -1.3582193 0.37016146 0.096649914 0.92392603 23.19926
0.92519103 -0.0020755844 -0.37949604 -6.5967878 -0.032707543 0.9958281 -0.085185733 -1.4357388 0.37808966 0.091225461 0.92126334 23.908311
0.92169801 0.00056233199 -0.38790777 -6.9392423 -0.034742784 0.99609965 -0.081107459 -1.5100373 0.38634922 0.088233581 0.91812261 24.66859
0.91792422 0.0012268708 -0.39675383 -7.2735494 -0.035656575 0.99620381 -0.079414023 -1.5843388 0.39515028 0.087042939 0.91448335 25.394883
0.91379085 0.0023926414 -0.40617796 -7.6298207 -0.03749394 0.99621013 -0.078482947 -1.661171 0.40445085 0.086946212 0.91041742 26.175875
0.91046319 0.0042123796 -0.41356863 -7.9853265 -0.039716067 0.99621751 -0.077287216 -1.7353572 0.41167878 0.086792487 0.90718667 26.923111
0.90666848 0.003710981 -0.42182755 -8.3696679 -0.039314847 0.99635245 -0.075737312 -1.8075978 0.42000789 0.085252721 0.90350726 27.721038
0.90262283 0.0040318749 -0.43041347 -8.7490149 -0.039443763 0.99652353 -0.073382879 -1.8842225 0.42862132 0.08321419 0.89964392 28.506476
0.89912228 0.0054074557 -0.43766411 -9.145122 -0.039652848 0.99681821 -0.069145504 -1.9570332 0.4358977 0.079524893 0.89647588 29.269787
0.89521823 0.0057197939 -0.44559128 -9.5654731 -0.038118478 0.99723565 -0.063781257 -2.0176907 0.44399473 0.074083406 0.89296156 30.082442
0.89160457 0.0054926219 -0.45278151 -9.9659566 -0.036326856 0.99757112 -0.059432434 -2.088075 0.45135536 0.069438359 0.88963851 30.875124
0.88832247 0.0042412279 -0.45920059 -10.407317 -0.034382745 0.99776489 -0.057297866 -2.1496212 0.45793126 0.06668756 0.8864828 31.701806
0.88503606 0.0046179287 -0.46549955 -10.848256 -0.034822112 0.99780605 -0.056307306 -2.2147642 0.46421828 0.066043675 0.88325514 32.530899
0.8818669 0.0052429279 -0.47146926 -11.290249 -0.035058316 0.99789931 -0.054478317 -2.2713949 0.47019326 0.064571544 0.88019818 33.330422
0.87877493 0.0038359684 -0.47722101 -11.768329 -0.033116834 0.99804734 -0.052960289 -2.3330724 0.47608604 0.062344224 0.87718601 34.189938
0.8767444 0.002592563 -0.4809496 -12.245752 -0.031952603 0.9980902 -0.052867601 -2.3951738 0.47989406 0.061718965 0.87515283 35.024198
0.87456758 0.001791435 -0.48490032 -12.728125 -0.031680297 0.99806779 -0.053451367 -2.4558916 0.48386768 0.062108619 0.87293448 35.868259
0.87336254 0.0022306373 -0.48706558 -13.227725 -0.03253074 0.99802383 -0.05376052 -2.5146913 0.48598317 0.062797029 0.87170919 36.741652
0.87280274 0.0019197141 -0.48806933 -13.711651 -0.031814208 0.99808936 -0.052966818 -2.5770732 0.48703517 0.061757124 0.8711962 37.595043
0.87228335 0.0030608292 -0.48899118 -14.230347 -0.032307883 0.99815623 -0.05138424 -2.6412542 0.48793235 0.060619888 0.87077395 38.498713
0.87214824 0.0011049943 -0.48924043 -14.739309 -0.029729624 0.99826915 -0.050743058 -2.7033018 0.4883376 0.058800404 0.87067154 39.396687
0.8713214 -0.00096339398 -0.4907118 -15.252057 -0.027839091 0.99829048 -0.051391756 -2.7691708 0.48992247 0.058439708 0.86980503 40.281471
0.87031879 -0.002495774 -0.49248244 -15.781126 -0.026602848 0.99828894 -0.052071828 -2.8326422 0.49176977 0.058420527 0.86876323 41.217106
0.86948803 -0.0036872119 -0.49394022 -16.305509 -0.024417336 0.99842881 -0.05043525 -2.894745 0.49335015 0.055913552 0.86803187 42.124606
0.86722446 -0.0037622938 -0.49790316 -16.843043 -0.022509 0.99865293 -0.046751219 -2.959631 0.49740838 0.051751103 0.86597156 43.051154
0.86418766 -0.0038361713 -0.503155 -17.378094 -0.020194475 0.99890082 -0.042300622 -3.0225187 0.50276426 0.046716627 0.86316029 43.959516
0.85953174 -0.0052094767 -0.51105579 -17.91893 -0.01772464 0.99904268 -0.039994419 -3.082763 0.51077494 0.043434753 0.85861656 44.859255
0.85579075 -0.007677648 -0.51726515 -18.486983 -0.016510146 0.99897517 -0.042142814 -3.1447657 0.51705864 0.044605553 0.85478695 45.790417
0.85018211 -0.010022529 -0.5263933 -19.05143 -0.016552737 0.99881568 -0.045751911 -3.2157782 0.52622848 0.047610706 0.84900933 46.673027
0.84350261 -0.0099277194 -0.53703329 -19.625646 -0.017070922 0.99882859 -0.045277372 -3.2711222 0.53685375 0.047359236 0.84234505 47.558587
0.83822562 -0.0065471803 -0.54528425 -20.229252 -0.018493112 0.9990115 -0.040423151 -3.3314452 0.54500994 0.043967725 0.83727596 48.463785
0.83346553 -0.0059347374 -0.55253956 -20.82424 -0.016173756 0.99925188 -0.035129728 -3.3884981 0.55233472 0.038216058 0.83274601 49.334028
0.82921207 -0.0039997199 -0.55891977 -21.458591 -0.019839058 0.99913367 -0.036583139 -3.4443014 0.55858193 0.041423623 0.82841435 50.222565
0.82608181 -0.0064456344 -0.56351333 -22.06388 -0.020291939 0.99894595 -0.041173188 -3.4988205 0.56318479 0.0454472 0.82508028 51.086533
0.82259002 -0.0076928679 -0.56858284 -22.655312 -0.023775561 0.99856877 -0.047907522 -3.5680036 0.56813767 0.052926626 0.8212298 51.933772
0.81948342 -0.0082220742 -0.57304389 -23.285943 -0.024788538 0.9984528 -0.049774804 -3.6292115 0.57256658 0.054994548 0.8180117 52.808955
0.81755866 -0.004542257 -0.57582738 -23.899754 -0.026864223 0.99857928 -0.046018792 -3.7013885 0.57521837 0.053092218 0.81627512 53.679804
0.81378913 -0.0047804651 -0.58114058 -24.548569 -0.022875997 0.99892769 -0.040251147 -3.7602586 0.58070989 0.046050116 0.81280714 54.567265
0.81102644 -0.004396747 -0.58499296 -25.188321 -0.021457896 0.99907528 -0.037257886 -3.8170852 0.58461586 0.042769849 0.81018212 55.412107
0.80848534 -0.0032894463 -0.5885071 -25.820054 -0.023385639 0.99901501 -0.037710932 -3.8730283 0.58805152 0.04425135 0.80761207 56.272331
0.80532389 -0.0034621058 -0.59282494 -26.476635 -0.02472479 0.99891674 -0.039421111 -3.9313732 0.59231929 0.046404235 0.80436592 57.153044
0.80019936 -0.0048754235 -0.59971425 -27.130285 -0.0253894 0.99879509 -0.041996882 -3.9930554 0.59919646 0.048832263 0.79911141 57.998626
0.79635904 -0.0068902554 -0.6047849 -27.772806 -0.023597024 0.99881984 -0.042451169 -4.0493422 0.60436371 0.048077496 0.79525662 58.824095
0.79246172 -0.008440074 -0.60986323 -28.447809 -0.021343537 0.99890809 -0.041558159 -4.1096735 0.60954812 0.045949889 0.79141628 59.703977
0.78787975 -0.0090799302 -0.61576215 -29.119626 -0.020473856 0.99895235 -0.040927091 -4.1670272 0.61548871 0.044852652 0.78686843 60.515072
0.78231385 -0.009541964 -0.62281133 -29.822812 -0.020836759 0.99892215 -0.041477349 -4.2340556 0.62253586 0.045425675 0.78127181 61.373779
0.77764333 -0.010013652 -0.62862592 -30.505005 -0.021545564 0.99886139 -0.042564285 -4.294549 0.62833643 0.046643932 0.77654215 62.237424
0.77252218 -0.011607687 -0.63488165 -31.183745 -0.020744599 0.99883786 -0.043503949 -4.3536807 0.63464886 0.046778131 0.77138361 63.04898
0.76601371 -0.013649846 -0.64267926 -31.922292 -0.019452796 0.99882443 -0.044399919 -4.4179096 0.64252985 0.046512856 0.76484768 63.894474
0.76066459 -0.013681308 -0.64900089 -32.615597 -0.020848171 0.99874725 -0.045489355 -4.4837932 0.64881027 0.048132624 0.75942644 64.722078
0.75486088 -0.016507416 -0.65567715 -33.361628 -0.017753055 0.99880272 -0.045584534 -4.547016 0.65564466 0.046050255 0.75366404 65.565347
0.74933202 -0.015355405 -0.66201639 -34.086129 -0.018631082 0.99884646 -0.044256543 -4.6143459 0.66193236 0.045496927 0.74818155 66.37158
0.74302354 -0.016351439 -0.66906547 -34.823288 -0.016980046 0.99891912 -0.043269814 -4.6751297 0.66904987 0.043511254 0.74194278 67.182367
0.73514128 -0.018692402 -0.67765614 -35.635236 -0.01498079 0.99892773 -0.043805926 -4.7428234 0.67774841 0.04235537 0.73407299 68.002089
0.72920038 -0.019048993 -0.68403501 -36.379898 -0.01658561 0.99882683 -0.04549603 -4.8112057 0.68409923 0.044520861 0.72802897 68.822137
0.72486156 -0.017552501 -0.68867089 -37.14545 -0.019155381 0.99877527 -0.045618309 -4.8751328 0.68862823 0.046258713 0.72363757 69.603897
0.71957178 -0.019503158 -0.69414411 -37.939259 -0.016109574 0.99886767 -0.044764577 -4.9369941 0.69423122 0.043393692 0.71844279 70.406459
0.71444355 -0.01741728 -0.69947624 -38.761062 -0.018974758 0.99884017 -0.044252356 -5.0025924 0.69943578 0.044888203 0.71328443 71.228389
0.71002281 -0.019062092 -0.7039206 -39.565075 -0.018336629 0.99879408 -0.045542819 -5.0701877 0.70393993 0.045243972 0.70881704 72.024855
0.70445403 -0.01995573 -0.70946899 -40.391123 -0.019854158 0.99865941 -0.047803806 -5.1444884 0.7094719 0.047761493 0.70311344 72.82476
0.69995432 -0.022596258 -0.71383003 -41.204866 -0.019271037 0.99853786 -0.05050511 -5.2134211 0.7139276 0.049107515 0.69849544 73.62042
0.69458833 -0.022875001 -0.71904363 -42.070745 -0.020230061 0.99847803 -0.051306691 -5.2830895 0.71912296 0.050183326 0.69306843 74.414722
0.68998203 -0.023002228 -0.72346088 -42.902489 -0.018855682 0.99858455 -0.049732821 -5.3534986 0.72358089 0.047956101 0.68857168 75.203139
0.6861572 -0.021660206 -0.72713072 -43.740104 -0.020308979 0.99859663 -0.04891137 -5.4349701 0.72716977 0.048328172 0.68475437 75.993717
0.67982549 -0.023741959 -0.73298948 -44.624823 -0.018029717 0.99863268 -0.049068311 -5.5115513 0.73315229 0.046573482 0.67846789 76.788952
0.67606929 -0.024097138 -0.73644388 -45.483076 -0.018272232 0.99860946 -0.049449693 -5.5804804 0.73661149 0.046887893 0.67468888 77.556832
0.67130658 -0.025073198 -0.74075553 -46.371107 -0.017062243 0.99864001 -0.049264693 -5.6527114 0.7409834 0.045710664 0.66996581 78.331653
0.66810562 -0.026347522 -0.74359979 -47.255234 -0.015228173 0.99867936 -0.04906773 -5.72629 0.74391063 0.044106093 0.66682207 79.123401
0.6636316 -0.028995906 -0.74749735 -48.142204 -0.012756967 0.99866451 -0.050064536 -5.8046297 0.74795081 0.042760207 0.66237543 79.906416
0.65932649 -0.03408508 -0.75108371 -49.04659 -0.0087008189 0.99855906 -0.052953678 -5.8773047 0.75180644 0.041448806 0.65807987 80.668796
0.65454796 -0.037210232 -0.75510418 -49.948614 -0.0067246053 0.99846197 -0.055031582 -5.9565458 0.75599061 0.041098588 0.65329102 81.463507
0.64919784 -0.042366676 -0.75943873 -50.844095 0.00090958617 0.99849007 -0.054925041 -6.035789 0.76061908 0.034966443 0.64825613 82.235509
0.63955281 -0.044866608 -0.76743673 -51.779689 0.0039302572 0.9984732 -0.055098351 -6.1220085 0.76873715 0.032222082 0.63875268 83.009311
0.63322049 -0.046654856 -0.77256397 -52.704155 0.0075023123 0.99850462 -0.054150171 -6.2087905 0.77393512 0.028492982 0.6326236 83.778018
0.62301917 -0.044886731 -0.78091756 -53.679515 0.0076627124 0.99865447 -0.051288791 -6.2833689 0.78216906 0.025969953 0.62252484 84.541363
0.61501275 -0.044150757 -0.78728011 -54.622448 0.0064741773 0.99868029 -0.050948562 -6.3640347 0.78849062 0.026237024 0.61448696 85.266525
0.60560984 -0.045437607 -0.7944634 -55.58323 0.0053594722 0.99857875 -0.053026079 -6.4413511 0.79574371 0.027855211 0.60499263 86.001033
0.59557367 -0.047269188 -0.8019087 -56.592773 0.0052394366 0.99847456 -0.054964625 -6.5282771 0.80328364 0.028533934 0.59491282 86.709814
0.58583009 -0.04877024 -0.80896509 -57.580461 0.005219268 0.998394 -0.056410729 -6.6068205 0.81041713 0.028824897 0.5851438 87.440523
0.57621982 -0.05017593 -0.81575305 -58.591795 0.0088041432 0.99843685 -0.055193634 -6.6915211 0.81724737 0.024621659 0.57576086 88.12425
0.56607904 -0.050060238 -0.82282953 -59.611486 0.010565108 0.99851302 -0.05348023 -6.7730132 0.8242833 0.021580754 0.56576618 88.833718
0.55476699 -0.051502406 -0.83041016 -60.658827 0.011957864 0.99847273 -0.053937105 -6.8574447 0.83191986 0.019992593 0.55453557 89.508886
0.54509871 -0.051820373 -0.83676877 -61.670977 0.010277909 0.99842594 -0.055136294 -6.9389516 0.8383089 0.021454489 0.5447733 90.158435
0.53455968 -0.052899974 -0.84347346 -62.762597 0.0092979468 0.9983468 -0.056720472 -7.0294283 0.84507962 0.022477905 0.53416781 90.846089
0.52648235 -0.052995093 -0.84853273 -63.817553 0.0069642587 0.99829071 -0.058027165 -7.1154379 0.85015757 0.024640877 0.52595151 91.483943
0.51755366 -0.052793068 -0.85402052 -64.896858 0.005998523 0.99829412 -0.058076417 -7.2063941 0.85562976 0.0249348 0.51698745 92.100233
0.50755222 -0.051031879 -0.86010838 -66.009256 0.0053880874 0.99841296 -0.05605823 -7.2905181 0.86160419 0.02381814 0.50702168 92.762765
0.5031545 -0.049699231 -0.86276618 -67.079227 0.0066786414 0.99853879 -0.053625446 -7.3786722 0.86417071 0.021219778 0.5027512 93.36702
0.49305201 -0.049963852 -0.86856391 -68.213382 0.0070481724 0.99854619 -0.053440049 -7.4658375 0.86997132 0.020226935 0.49268736 94.006519
0.48559918 -0.052957944 -0.87257597 -69.322891 0.0087702653 0.99840824 -0.055714133 -7.5495788 0.87413762 0.019402015 0.48529068 94.611165
0.47931644 -0.055292329 -0.87589865 -70.422477 0.0095592137 0.99828317 -0.057786951 -7.6435039 0.87759013 0.019325333 0.47902209 95.207326
0.47364059 -0.058642577 -0.87876366 -71.545044 0.010882036 0.99809426 -0.060740615 -7.7401174 0.88065103 0.019206483 0.47337611 95.829945
0.46747934 -0.061898874 -0.88183418 -72.675804 0.01329499 0.99792499 -0.062999712 -7.8312018 0.88390405 0.017727087 0.46733226 96.394659
0.46323292 -0.063394586 -0.88396625 -73.766867 0.014863407 0.99785373 -0.063773142 -7.9388756 0.88611196 0.016403069 0.46318096 96.980458
0.45791125 -0.061016233 -0.88690148 -74.940773 0.017225252 0.99806352 -0.059770381 -8.0333673 0.88883106 0.012092428 0.45807553 97.571875
0.45441464 -0.059691861 -0.88878803 -76.021382 0.021333872 0.99819539 -0.0561323 -8.129822 0.89053482 0.0065460481 0.45486805 98.136555
0.45228182 -0.059578544 -0.88988285 -77.13674 0.023699655 0.9982168 -0.054786291 -8.2224236 0.89156018 0.003688926 0.45288731 98.694335
0.44881582 -0.059564566 -0.89163689 -78.269242 0.024793186 0.99822198 -0.054204897 -8.315851 0.89328031 0.0022214959 0.44949462 99.249414
0.44574592 -0.059042368 -0.89321022 -79.386383 0.02756028 0.99825459 -0.052232308 -8.4041328 0.8947352 -0.0013347863 0.44659514 99.816058
0.44392849 -0.057992214 -0.89418361 -80.494568 0.028883775 0.99831107 -0.050405687 -8.4886114 0.89559661 -0.0034508779 0.44485377 100.3394
0.44196389 -0.058716206 -0.89510908 -81.585202 0.030884376 0.99825987 -0.050233268 -8.5735946 0.89650105 -0.0054435952 0.44300823 100.88336
0.43951903 -0.059129248 -0.89628494 -82.695497 0.0336492 0.99821442 -0.049352838 -8.6619309 0.89760282 -0.008467761 0.44072388 101.40167
0.43744698 -0.058595057 -0.8973331 -83.782196 0.036589395 0.99820823 -0.047344904 -8.7425665 0.89849954 -0.012121991 0.43880714 101.95712
0.4344212 -0.058403501 -0.89881432 -84.867306 0.039782552 0.99816589 -0.045631225 -8.8237288 0.89983089 -0.015933957 0.43594787 102.46244
0.43366573 -0.059622723 -0.89909905 -85.935917 0.042015203 0.99806116 -0.045919937 -8.9067555 0.90009379 -0.017861927 0.43532998 102.99073
0.43200639 -0.0597755 -0.89988738 -87.026251 0.041598876 0.99805982 -0.046326403 -8.9874969 0.9009107 -0.017421003 0.43365481 103.50491
0.43101569 -0.060200477 -0.900334 -88.058888 0.040264883 0.99806131 -0.047459022 -9.0654796 0.90144566 -0.015796261 0.43260405 103.9938
0.43071004 -0.060865524 -0.90043555 -89.090996 0.039999642 0.99803022 -0.048329261 -9.1440325 0.90160355 -0.015201203 0.43229623 104.46387
0.43285248 -0.061163371 -0.8993874 -90.113898 0.038211165 0.99804378 -0.049482486 -9.226522 0.9006546 -0.012948025 0.43434286 104.95055
0.43792161 -0.06185319 -0.89688281 -91.158435 0.037908039 0.99801355 -0.05031825 -9.313349 0.89821362 -0.01196362 0.43939644 105.45756
0.44350082 -0.062303171 -0.89410585 -92.169032 0.036983356 0.99800349 -0.051198227 -9.3904485 0.89551065 -0.01036058 0.44491955 105.94563
0.45008368 -0.061565584 -0.89086154 -93.165513 0.034532423 0.99807432 -0.051528264 -9.4678539 0.89231847 -0.0075715781 0.45134297 106.43971
0.45633296 -0.060856482 -0.88772555 -94.168431 0.034235565 0.99812057 -0.050825721 -9.550243 0.88915028 -0.0071983347 0.45755878 106.95588
0.46332717 -0.059603323 -0.88418059 -95.164235 0.032675475 0.99820617 -0.050167319 -9.6226853 0.88558473 -0.0056471396 0.4644436 107.45228
0.473074 -0.059770946 -0.87899281 -96.138319 0.033528447 0.9981947 -0.049831586 -9.7023357 0.88038452 -0.0058972362 0.47422399 107.96917
0.48345456 -0.059218447 -0.87336407 -97.101686 0.032384383 0.9982361 -0.049758877 -9.7738775 0.87477026 -0.004227201 0.48451955 108.49315
0.49192836 -0.060313504 -0.86854402 -98.062304 0.032537708 0.99817426 -0.050886502 -9.8505582 0.8700275 -0.0032279194 0.49299269 109.02588
0.50182672 -0.060993893 -0.86281494 -99.011971 0.029377402 0.99813703 -0.05347369 -9.931868 0.86446919 0.0014872644 0.50268367 109.56466
0.5138187 -0.060221118 -0.85578251 -99.917352 0.025267553 0.99816276 -0.055069526 -10.00252 0.85752665 0.0066722221 0.51439633 110.11133
0.52536137 -0.058698406 -0.84885209 -100.8632 0.023151239 0.99823442 -0.054699757 -10.084077 0.85056423 0.0090851619 0.52579275 110.70488
0.53904597 -0.056461802 -0.84038172 -101.78801 0.022440223 0.99835918 -0.05268183 -10.159573 0.84197739 0.0095395749 0.53942852 111.26488
0.55070642 -0.054789539 -0.83289885 -102.68629 0.022122665 0.99845091 -0.051052504 -10.231201 0.83440583 0.0096889987 0.55106542 111.86166
0.56235121 -0.053355907 -0.82517526 -103.56755 0.02137656 0.9985206 -0.049996456 -10.303409 0.82662217 0.010476159 0.56265984 112.44251
0.57355014 -0.054302441 -0.8173686 -104.43266 0.022252416 0.99846502 -0.050719114 -10.378971 0.8188682 0.010901528 0.57387812 113.03581
0.58493192 -0.054819565 -0.80922766 -105.30845 0.021906309 0.99841711 -0.051801359 -10.454016 0.81078654 0.012573077 0.58520694 113.65713
0.59483565 -0.057808729 -0.80176595 -106.13885 0.025504337 0.99826585 -0.053054874 -10.531398 0.80344267 0.011110421 0.59527849 114.28445
0.60674079 -0.055637302 -0.79295022 -106.95655 0.023373933 0.99836489 -0.052165205 -10.606692 0.79455605 0.013116392 0.60704917 114.90162
0.61647713 -0.054296304 -0.78549844 -107.78127 0.023392586 0.99844213 -0.050656655 -10.680161 0.78702527 0.01285383 0.61678688 115.55177
0.62510741 -0.051870152 -0.7788133 -108.54904 0.023677169 0.99859042 -0.047503379 -10.744272 0.78017958 0.011254619 0.62545441 116.1769
0.63650118 -0.051382223 -0.76956226 -109.36317 0.02420444 0.9986177 -0.04665645 -10.819674 0.77089587 0.011070061 0.63686502 116.82786
0.64656385 -0.049632028 -0.76124359 -110.13372 0.020741373 0.99865614 -0.04749427 -10.887062 0.76257788 0.014918841 0.6467244 117.47057
0.65519826 -0.04909611 -0.75385991 -110.86647 0.018688406 0.99863397 -0.048794785 -10.955167 0.75522582 0.017881818 0.65522077 118.11599
0.66415602 -0.047115718 -0.7461078 -111.62466 0.016299274 0.99868742 -0.04855681 -11.018532 0.74741632 0.020088282 0.66405222 118.78074
0.67302968 -0.046479913 -0.73815352 -112.32906 0.017938737 0.99875565 -0.046533374 -11.084152 0.73939793 0.018076799 0.67302598 119.42415
0.6821609 -0.04490022 -0.72982219 -113.04682 0.017978137 0.99884105 -0.044646767 -11.147805 0.73098108 0.017335435 0.68217754 120.09323
0.69050295 -0.044923077 -0.72193321 -113.75576 0.019766523 0.99886873 -0.043249729 -11.213009 0.72305948 0.015593956 0.69060978 120.74363
0.69827819 -0.04315439 -0.71452447 -114.4427 0.017110738 0.99890218 -0.043607967 -11.271468 0.71562199 0.018224451 0.69825001 121.39862
0.70554283 -0.041655095 -0.70744196 -115.11937 0.016120802 0.99895606 -0.042742296 -11.331843 0.70848393 0.018751988 0.7054778 122.06733
0.7131569 -0.039060042 -0.69991535 -115.77981 0.015066429 0.99906985 -0.040403433 -11.389461 0.70084255 0.018268762 0.71308206 122.73538
0.72010717 -0.036920847 -0.69287984 -116.43772 0.01479081 0.99917321 -0.037869991 -11.447826 0.69370522 0.017022198 0.72005788 123.40187
0.72771078 -0.03569664 -0.68495454 -117.05598 0.014536626 0.99922313 -0.036630825 -11.503042 0.68573008 0.016699718 0.72766436 124.061
0.73467899 -0.034191724 -0.67755271 -117.68934 0.01332261 0.99926368 -0.035980532 -11.558085 0.67828411 0.01740737 0.73459356 124.71874
0.74248363 -0.031369633 -0.66912926 -118.29524 0.010888903 0.9993361 -0.034767535 -11.604364 0.66977573 0.018528242 0.74233228 125.39226
0.75115569 -0.029090468 -0.65948376 -118.87428 0.010432267 0.99942689 -0.032203279 -11.655035 0.66004267 0.017309766 0.75102868 126.06118
0.76078263 -0.025371347 -0.64851064 -119.44401 0.0085460865 0.99954059 -0.029078902 -11.698531 0.64895053 0.016580495 0.76064994 126.71866
0.77049418 -0.023172915 -0.63702567 -120.00287 0.0069145038 0.99958405 -0.027998388 -11.748226 0.63740956 0.017167878 0.77033392 127.38433
0.78008454 -0.022769744 -0.62525963 -120.54936 0.0060260217 0.99956465 -0.028882441 -11.787401 0.62564513 0.018762918 0.77988215 128.04342
0.79006069 -0.023318143 -0.61258496 -121.08077 0.0060857128 0.9995254 -0.03019825 -11.835149 0.61299845 0.020130434 0.78982764 128.72717
0.79966691 -0.022226075 -0.60003233 -121.57297 0.0052846684 0.99953649 -0.029981382 -11.878644 0.60042063 0.020804147 0.79941372 129.40055
0.80922859 -0.021081493 -0.58711552 -122.08164 0.0052097522 0.99957418 -0.028710935 -11.912316 0.58747084 0.020174983 0.80899383 130.08487
0.81940671 -0.019091336 -0.57289453 -122.55518 0.0049129022 0.9996424 -0.026285543 -11.951864 0.57319154 0.018723975 0.81920748 130.78542
0.82842865 -0.017738765 -0.55981361 -123.02266 0.005241872 0.99970013 -0.023920334 -11.989078 0.5600701 0.016881819 0.82827321 131.48641
0.83709906 -0.016371359 -0.54680629 -123.49116 0.0056217077 0.99975676 -0.021326476 -12.022689 0.54702247 0.014778388 0.83698748 132.1805
0.8451198 -0.015918151 -0.53433989 -123.93838 0.0067572837 0.99979481 -0.019096779 -12.054989 0.53453428 0.01252838 0.84505395 132.88615
0.85208949 -0.016024483 -0.52315074 -124.36589 0.0080027453 0.99981325 -0.01759041 -12.087942 0.52333496 0.010801961 0.8520586 133.61023
0.85864807 -0.015865273 -0.51231998 -124.79961 0.0083548342 0.99982127 -0.016959276 -12.118955 0.51249752 0.010281701 0.85862716 134.33088
0.86564687 -0.014944338 -0.50043195 -125.2309 0.0074931567 0.99982917 -0.016896119 -12.143461 0.50059901 0.010876258 0.86561098 135.05295
0.87163208 -0.013219087 -0.4899824 -125.63778 0.0059654725 0.99984833 -0.016362599 -12.173304 0.49012442 0.01133919 0.87157874 135.79943
0.87797332 -0.012392149 -0.47854912 -126.05941 0.0055262763 0.99986064 -0.015752822 -12.194931 0.47867768 0.011185963 0.87791946 136.53975
0.88345377 -0.012875598 -0.46834136 -126.44781 0.0059901709 0.99985102 -0.01618828 -12.226767 0.46848006 0.011496152 0.88339928 137.30271
0.88823362 -0.014087623 -0.45917595 -126.8429 0.0071273271 0.99983199 -0.016887917 -12.256142 0.45933675 0.011727718 0.8881848 138.05081
0.89270829 -0.014540407 -0.45040035 -127.23429 0.007494598 0.99982012 -0.017422948 -12.287753 0.4505727 0.01217804 0.89265668 138.82953
0.89590901 -0.013910409 -0.44401974 -127.62741 0.0071799091 0.99983248 -0.016836039 -12.313742 0.44417959 0.011895537 0.89585881 139.61649
0.89909425 -0.012347205 -0.43758092 -128.0147 0.0070128288 0.99988012 -0.013804374 -12.339718 0.43769894 0.0093427534 0.89907306 140.39322
0.90199652 -0.0085016582 -0.43165956 -128.41298 0.0050285165 0.99994516 -0.0091866095 -12.36185 0.43171402 0.0061156824 0.90198981 141.21035
0.90545008 -0.0056495896 -0.42441516 -128.79627 0.0030992107 0.99997276 -0.0066992314 -12.380496 0.42444148 0.0047504674 0.90544292 142.02208
0.90858543 -0.0029812881 -0.41768842 -129.19211 0.0012957163 0.99998983 -0.0043189823 -12.399423 0.41769709 0.0033829584 0.90858005 142.85344
0.91170727 -0.0012860291 -0.4108384 -129.58263 0.00029477242 0.99999689 -0.002476105 -12.40837 0.41084035 0.0021363788 0.91170481 143.69977
0.91491776 0.00012145885 -0.40364026 -129.96283 0.00017106779 0.99999975 0.00068866191 -12.426923 0.40364027 -0.0006991192 0.91491751 144.56401
0.91811658 0.00017250696 -0.39631035 -130.34396 0.00090370566 0.99999639 0.0025288598 -12.440131 0.39630939 -0.0026799364 0.91811312 145.43012
0.9214475 7.4500989e-05 -0.38850289 -130.71932 0.0014673073 0.99999218 0.0036719079 -12.45304 0.38850016 -0.0039535239 0.92144018 146.31884
0.924954 -0.00073754971 -0.38007832 -131.08478 0.0022029109 0.99999172 0.0034204723 -12.448204 0.38007269 -0.0040010586 0.92494798 147.21188
0.92860825 -0.003480981 -0.37104526 -131.45749 0.0049969371 0.99998263 0.0031243522 -12.474842 0.37102797 -0.0047553894 0.92860952 148.14043
0.93251808 -0.0049167525 -0.36108979 -131.82755 0.0060245032 0.99997997 0.0019421864 -12.481533 0.36107304 -0.0039865109 0.93252902 149.0736
0.93680773 -0.0058707399 -0.34979536 -132.17836 0.0062637514 0.99998038 -7.7031291e-06 -12.496848 0.34978857 -0.0021838151 0.93682613 150.0139
0.94159913 -0.0041961183 -0.33670976 -132.54211 0.004091657 0.99999111 -0.0010198121 -12.509383 0.33671108 -0.00041744697 0.94160793 150.96441
0.94717971 -0.00084489212 -0.32070214 -132.87571 0.00097778562 0.99999949 0.00025334066 -12.518234 0.32070179 -0.00055353735 0.94718006 151.94451
0.95344995 0.0028904546 -0.30153744 -133.20263 -0.0020436806 0.99999303 0.0031236165 -12.527457 0.30154439 -0.0023619661 0.95344922 152.96162
0.95946472 0.0059029118 -0.28176693 -133.51753 -0.0047514796 0.99997734 0.004769549 -12.53909 0.28178873 -0.0032374044 0.95947102 153.97474
0.96543609 0.0073647821 -0.26053582 -133.80216 -0.0061233991 0.9999657 0.0055761215 -12.554931 0.26056797 -0.0037880245 0.96544808 155.02066
0.97093712 0.0088327516 -0.23917165 -134.06403 -0.0073779899 0.99994844 0.0069771325 -12.553527 0.23922097 -0.0050097512 0.97095223 156.06076
0.97601668 0.0094880367 -0.21748886 -134.31422 -0.0076153464 0.99992638 0.0094470745 -12.569767 0.2175625 -0.0075642496 0.97601708 157.13007
0.9808499 0.011657292 -0.19441597 -134.53854 -0.0092836597 0.99987089 0.013115749 -12.565637 0.19454378 -0.01105969 0.98083149 158.23632
0.98488832 0.013491215 -0.17266439 -134.74027 -0.010680458 0.99979507 0.017197482 -12.572262 0.17286103 -0.015093465 0.98483057 159.34099
0.98856686 0.015281664 -0.15000678 -134.91573 -0.012357676 0.99971542 0.02040526 -12.565264 0.15027593 -0.018318229 0.98847437 160.45569
0.99168925 0.016761257 -0.12755975 -135.08889 -0.014245285 0.99968609 0.020610733 -12.559609 0.12786518 -0.018622318 0.99161671 161.58449
0.99422714 0.016299664 -0.10605051 -135.21346 -0.014411581 0.99972414 0.018545728 -12.548223 0.10632355 -0.016910311 0.99418778 162.74174
0.99630606 0.016543957 -0.084264609 -135.31859 -0.015110473 0.99973055 0.017621209 -12.54033 0.084533435 -0.01628284 0.99628759 163.90237
0.99780184 0.015438939 -0.064444763 -135.41092 -0.014212398 0.99970985 0.01944772 -12.546197 0.064726322 -0.018489057 0.99773176 165.06873
0.99892337 0.015617965 -0.043682739 -135.47878 -0.014697385 0.99966474 0.02131663 -12.534159 0.04400102 -0.020651658 0.99881801 166.26557
0.99961034 0.016025936 -0.022854879 -135.50394 -0.015519324 0.99963366 0.022174215 -12.528697 0.023201871 -0.021810883 0.99949285 167.49014
0.99984712 0.017309226 -0.0024756944 -135.52599 -0.0172485 0.99959248 0.022745586 -12.513062 0.0028683942 -0.022699407 0.99973822 168.69517
0.99968191 0.017625395 0.018039712 -135.52066 -0.018039251 0.99957174 0.023041697 -12.508992 -0.017625869 -0.023359791 0.99957173 169.93674
0.99908664 0.019505875 0.038018511 -135.47704 -0.020376075 0.99953608 0.022637332 -12.49263 -0.037559316 -0.023391324 0.99902059 171.16366
0.99809645 0.020736098 0.058081768 -135.42264 -0.022009032 0.9995295 0.021362865 -12.480834 -0.057611463 -0.022600524 0.99808323 172.41646
0.99672648 0.020839729 0.078115488 -135.34114 -0.022405972 0.99956404 0.019227686 -12.47702 -0.077680739 -0.020914998 0.99675888 173.67945
0.99500681 0.023053177 0.097108129 -135.23235 -0.024805032 0.99954993 0.01687163 -12.470996 -0.096675486 -0.019196158 0.99513082 174.96536
0.99283482 0.023404015 0.11718051 -135.0873 -0.025309599 0.9995701 0.014800213 -12.46431 -0.11678376 -0.017659958 0.99300034 176.255
0.99041303 0.023371432 0.13614629 -134.92216 -0.025273947 0.99960536 0.012262075 -12.472003 -0.13580599 -0.015585473 0.99061285 177.54538
0.98778521 0.024354192 0.15390662 -134.74341 -0.025678738 0.9996483 0.0066238197 -12.469877 -0.15369118 -0.010495039 0.98806319 178.83712
0.98464069 0.026358546 0.17259184 -134.52474 -0.026836414 0.99963974 0.00043555458 -12.493047 -0.17251819 -0.0050606107 0.98499333 180.12859
0.98146059 0.028590321 0.18951964 -134.28687 -0.028127028 0.99959117 -0.0051343741 -12.498441 -0.18958896 -0.0002914381 0.9818635 181.43091
0.97789613 0.03069914 0.20682531 -134.02469 -0.029514554 0.99952551 -0.0088113381 -12.532299 -0.20699769 0.0025122169 0.97833821 182.73699
0.97386583 0.032658045 0.22476384 -133.74591 -0.030754474 0.99945534 -0.011966015 -12.553862 -0.22503223 0.0047407995 0.97433979 184.07553
0.96982127 0.032419428 0.241652 -133.44248 -0.030484199 0.99946626 -0.011743754 -12.59605 -0.24190376 0.0040227752 0.97029191 185.39905
0.96538207 0.031326049 0.258952 -133.07264 -0.029132946 0.99949983 -0.01230328 -12.630755 -0.25920792 0.0043333317 0.96581183 186.7352
0.96048292 0.031028118 0.27660408 -132.7061 -0.02747498 0.99948277 -0.016712779 -12.685257 -0.2769796 0.0084526477 0.96083862 188.08225
0.95578783 0.032395242 0.29226728 -132.30901 -0.027339879 0.99939783 -0.021366103 -12.729486 -0.29278347 0.012430909 0.95609797 189.42571
0.95037924 0.034767045 0.30914487 -131.90022 -0.029423909 0.99932641 -0.021930675 -12.768534 -0.30969912 0.011746208 0.95076206 190.77708
0.94460462 0.036341417 0.32619229 -131.45843 -0.030798847 0.99928032 -0.022141946 -12.823148 -0.32676223 0.010869038 0.94504408 192.09123
0.93834664 0.040377703 0.3433296 -130.98996 -0.033583069 0.99910504 -0.025715838 -12.86445 -0.3440607 0.01260031 0.93886286 193.45463
0.9316021 0.041384703 0.36111609 -130.49252 -0.033162082 0.9990309 -0.028940095 -12.924941 -0.36196384 0.014985292 0.93207169 194.79827
0.9251614 0.042304381 0.3772091 -129.97551 -0.03266061 0.99895637 -0.031928967 -12.984482 -0.3781662 0.01721957 0.92557756 196.13094
0.91778008 0.042347978 0.39482447 -129.42151 -0.030365138 0.99887032 -0.036551993 -13.059544 -0.39592638 0.021557792 0.91802918 197.46318
0.9094702 0.045723831 0.41324724 -128.8383 -0.030932209 0.99862103 -0.042417363 -13.144272 -0.4146169 0.025794679 0.9096304 198.79338
0.89923498 0.049493453 0.43465714 -128.23879 -0.032618737 0.99839938 -0.04620268 -13.227233 -0.43624819 0.0273691 0.89941007 200.12725
0.8872153 0.052134339 0.45840048 -127.57869 -0.033974076 0.99827994 -0.047779938 -13.309472 -0.46010302 0.026817361 0.88746046 201.45168
0.87388262 0.056539452 0.4828379 -126.89036 -0.036746493 0.99805472 -0.050363376 -13.40623 -0.4847462 0.026269081 0.8742603 202.76698
0.86007096 0.060896422 0.50652694 -126.17138 -0.039155796 0.99780129 -0.053473495 -13.497592 -0.50866962 0.026157536 0.86056436 204.04263
0.84488206 0.064553137 0.53104347 -125.41832 -0.040690808 0.99757162 -0.0565254 -13.605409 -0.53340284 0.026148709 0.84545709 205.32579
0.8294489 0.066211564 0.5546445 -124.61511 -0.040264264 0.99745396 -0.058859032 -13.711423 -0.55712955 0.026488208 0.83000305 206.58261
0.81349883 0.067427762 0.57764447 -123.75695 -0.039165295 0.99735295 -0.061263215 -13.825793 -0.5802463 0.027213938 0.81398628 207.81441
0.79768455 0.069309732 0.59907887 -122.90382 -0.037307441 0.99714256 -0.065687704 -13.941595 -0.60191988 0.030047968 0.79799098 209.01866
0.78121348 0.072164894 0.62007878 -121.97935 -0.035604855 0.99682967 -0.071154049 -14.073784 -0.6232478 0.033508688 0.7813062 210.23099
0.76455076 0.073779941 0.64032696 -121.04535 -0.033764284 0.99664764 -0.074521454 -14.201005 -0.6436786 0.035355254 0.76447884 211.38653
0.74832449 0.075681343 0.65900133 -120.0394 -0.03235429 0.99645202 -0.077695322 -14.343336 -0.66254335 0.036819793 0.74811807 212.55165
0.73218271 0.076270002 0.67682444 -119.03845 -0.030282927 0.99637322 -0.079519516 -14.483847 -0.68043476 0.037726592 0.73183692 213.68553
0.71622694 0.07660626 0.69365006 -117.99397 -0.028196345 0.99632177 -0.080919049 -14.627901 -0.69729762 0.038398007 0.71575251 214.80466
0.70158568 0.077260496 0.7083843 -116.94874 -0.025465099 0.99618827 -0.083429363 -14.774108 -0.71212998 0.040493771 0.70087887 215.88013
0.68599004 0.078590338 0.72335412 -115.86208 -0.022641577 0.99597387 -0.086737635 -14.921563 -0.7272586 0.043123277 0.68500756 216.95131
0.67156718 0.080926332 0.73651097 -114.75125 -0.020500231 0.9956664 -0.090709235 -15.090781 -0.74066005 0.045818702 0.67031588 217.99445
0.65648069 0.083650423 0.74969037 -113.60968 -0.019558048 0.99538585 -0.093938736 -15.250818 -0.75408927 0.047006488 0.65508763 219.01196
0.63996146 0.083834588 0.76382003 -112.46136 -0.017873095 0.99538568 -0.094275683 -15.416254 -0.76819915 0.046680978 0.63850685 220.01119
0.6243702 0.085122292 0.77647666 -111.28481 -0.018504417 0.99537751 -0.094240062 -15.581181 -0.7809094 0.04447244 0.62305919 220.98487
0.60663829 0.086075148 0.79030437 -110.08836 -0.020341262 0.99547629 -0.092807256 -15.754381 -0.79471773 0.040224649 0.60564492 221.93726
0.587041 0.087163684 0.8048511 -108.87959 -0.022691025 0.99556785 -0.091267563 -15.921793 -0.80923917 0.035314906 0.58641698 222.8736
0.56999971 0.088482196 0.81686668 -107.67184 -0.024487819 0.9955724 -0.090752118 -16.093665 -0.82127994 0.031725398 0.56964271 223.75195
0.55164844 0.09181144 0.82900821 -106.44567 -0.026077742 0.99533584 -0.092879021 -16.265416 -0.83366901 0.029617905 0.55146969 224.60001
0.53334043 0.095397248 0.84050419 -105.22518 -0.028732969 0.99509013 -0.094710302 -16.433618 -0.8454126 0.026362654 0.53346285 225.41649
0.51423185 0.095576299 0.85230905 -103.98929 -0.028870476 0.99513705 -0.094174053 -16.607556 -0.85716519 0.023820731 0.5144905 226.19409
0.49239515 0.094234604 0.86525534 -102.73718 -0.028596909 0.99533646 -0.0921279 -16.77805 -0.86990189 0.020619704 0.49279366 226.94644
0.47206127 0.09243501 0.87670626 -101.482 -0.028416337 0.99556641 -0.089666223 -16.939922 -0.88110767 0.017415172 0.47259501 227.65019
0.44953692 0.091229337 0.88859085 -100.21475 -0.029017529 0.99573742 -0.087549869 -17.1026 -0.89279035 0.013572189 0.45026798 228.3204
0.42785416 0.089780177 0.89937771 -98.954231 -0.027340916 0.99588466 -0.086407273 -17.25684 -0.9034342 0.012379902 0.42854807 228.96922
