1.000000000000000000e+00 4.398956837314658088e-19 2.733407509747682871e-20 -8.673617379884035472e-19 -5.583667658079949532e-19 1.000000000000000000e+00 -6.100159232558060012e-19 0.000000000000000000e+00 4.145284534913582806e-20 -2.210423569125054137e-19 1.000000000000000222e+00 0.000000000000000000e+00
9.999431550717314821e-01 -1.478359176049396902e-03 1.055940788850872995e-02 6.126891022495203204e-02 1.472323799987363454e-03 9.999987483257601895e-01 5.793157258800243339e-04 -7.397443705267736647e-03 -1.056025129046174807e-02 -5.637359215377522447e-04 9.999440800773340410e-01 2.950876895417450796e-01
9.998550233755620908e-01 -2.623704081292304625e-03 1.682404324403306492e-02 8.998650851519747473e-02 2.609043692324660400e-03 9.999961974558359001e-01 8.932860213075155108e-04 -8.879139365208274515e-03 -1.682632327832937758e-02 -8.492618421904934772e-04 9.998580667178178505e-01 5.394911485901082715e-01
9.997896196568887284e-01 -6.250824185373377549e-03 1.953570207159022534e-02 7.408519711184845258e-02 6.269468820212407804e-03 9.999799476943924681e-01 -8.932853538618836528e-04 -8.116703145038234313e-03 -1.952972690444974846e-02 1.015575931011942134e-03 9.998087608895925849e-01 9.384944464754232385e-01
9.998221787943132322e-01 -7.038902517246986221e-03 1.749470417741336853e-02 8.141767435176831824e-02 7.069843318169618390e-03 9.999735507633308318e-01 -1.707359619975422869e-03 -1.798148548308416139e-02 -1.748222382155206409e-02 1.830740870618146341e-03 9.998454981738772451e-01 1.197710706446273754e+00
9.998906136236425102e-01 -1.054437869788847452e-02 1.037192829428225209e-02 7.285537480263216958e-02 1.057911158883978464e-02 9.999385956713785495e-01 -3.299585825753439863e-03 -1.748246934466467228e-02 -1.033649951147729874e-02 3.408950731131055005e-03 9.999407661554517990e-01 1.533966838735117300e+00
9.999344027885203046e-01 -1.134956101892139503e-02 -1.541947595496829257e-03 5.767702920064596978e-02 1.134212647687861224e-02 9.999244049867509476e-01 -4.747679396204025626e-03 -3.459708463395605449e-02 1.595715133437465441e-03 4.729879046982819746e-03 9.999875408918329489e-01 1.859752417821098902e+00
9.997936051868695495e-01 -1.098008766641529396e-02 -1.709341079237479410e-02 1.844109410494637266e-02 1.089323805591820363e-02 9.999273236288598321e-01 -5.165733892967834702e-03 -3.705410204122393247e-02 1.714888900981846945e-02 4.978465156945071149e-03 9.998405525475562161e-01 2.196666367738437042e+00
9.993222011184411668e-01 -6.741593284280517247e-03 -3.618962849167866452e-02 -7.690156664702573440e-03 6.558513191057904930e-03 9.999651007534878788e-01 -5.175245771771229582e-03 -4.319967544241747059e-02 3.622325552638582663e-02 4.934387856768948470e-03 9.993315404048637163e-01 2.524904765376109861e+00
9.984286631091904285e-01 -3.920141484861605109e-03 -5.590024192543131126e-02 -6.810978066866385516e-02 3.590544328301872867e-03 9.999755813801156634e-01 -5.995383998366268091e-03 -5.630747001612997071e-02 5.592238063551086685e-02 5.785250938064587407e-03 9.984183583782354487e-01 2.885735054812450073e+00
9.971366308805030831e-01 -3.037496237812516413e-03 -7.555999453219505724e-02 -1.196265226095271639e-01 2.569572055237584474e-03 9.999769213782332411e-01 -6.289197611748859745e-03 -5.558378033193132894e-02 7.557735542899733650e-02 6.077032455435740776e-03 9.971214235116193647e-01 3.223821733127446354e+00
9.952972720687770503e-01 -3.428872166835148904e-03 -9.680693547824974210e-02 -1.454318809068417262e-01 2.862735533322127712e-03 9.999779837099448399e-01 -5.986387586438338994e-03 -6.353961887775384787e-02 9.682533237801237147e-02 5.681102545791288407e-03 9.952851754042660870e-01 3.607783090251529323e+00
9.932178542741244565e-01 -4.364228786510095277e-03 -1.161862602469484612e-01 -2.170125737575889779e-01 3.778406805043502993e-03 9.999790179979995974e-01 -5.261862761538169293e-03 -7.413099266176827185e-02 1.162067884076136148e-01 4.787177025385231342e-03 9.932135045689816089e-01 3.995517652252323693e+00
9.910613698360893897e-01 -4.437810523761096491e-03 -1.333329163066644119e-01 -3.150121048931808776e-01 3.836382931876245600e-03 9.999812773820246914e-01 -4.767289083262875836e-03 -8.113009735427564872e-02 1.333515785965476430e-01 4.213159844281833856e-03 9.910598398995267289e-01 4.423473307048324088e+00
9.887565614140663151e-01 -3.663742421401456045e-03 -1.494892593602543118e-01 -3.858526251659076256e-01 3.067283200094268920e-03 9.999863901369375752e-01 -4.220344745843672418e-03 -8.861669595222407270e-02 1.495026896734938660e-01 3.714367564618663992e-03 9.887543425173429545e-01 4.816541691850044771e+00
9.866535879190956315e-01 -3.061589091542922525e-03 -1.628045559543939702e-01 -4.756684522016494943e-01 2.395453026719921493e-03 9.999879383054742776e-01 -4.287778527011164645e-03 -9.061944661583483385e-02 1.628157224873732212e-01 3.840561289760846108e-03 9.866490213255492137e-01 5.236839971615880884e+00
9.845268087334312357e-01 -3.613557129323772925e-03 -1.751967588818353072e-01 -5.533248568381408106e-01 2.780268939785159217e-03 9.999836273547006993e-01 -5.001512059219143103e-03 -9.967235942052111997e-02 1.752119667269662895e-01 4.437028482265707383e-03 9.845207363308983162e-01 5.675239947422646480e+00
9.827302434857028146e-01 -6.623422872867543339e-03 -1.849253848774677356e-01 -6.420348716254432597e-01 5.442026392717895511e-03 9.999614185662740740e-01 -6.895340368512087835e-03 -1.130205485270304872e-01 1.849639241439666737e-01 5.769890582435805056e-03 9.827283734444114405e-01 6.113718777241544444e+00
9.811526570199520236e-01 -5.916145724876329358e-03 -1.931436303392513321e-01 -7.626387896255597543e-01 4.349510424896984792e-03 9.999541229079715876e-01 -8.534273934717223967e-03 -1.225093055598113906e-01 1.931852628178611364e-01 7.533345209749902661e-03 9.811333771962864603e-01 6.557376941692172778e+00
9.795716862392758184e-01 -6.188570515127981946e-03 -2.010000302187273380e-01 -8.565154256418237022e-01 4.144854348567476865e-03 9.999353656471300367e-01 -1.058700638404577038e-02 -1.245912391012145848e-01 2.010525606201915561e-01 9.537615754659582376e-03 9.795340232608392705e-01 7.049321042240640267e+00
9.779313654494375951e-01 -6.694615965626244877e-03 -2.088191216266660766e-01 -9.769644351476685085e-01 4.089326642188586061e-03 9.999083581323329195e-01 -1.290553131008613172e-02 -1.340311990450576696e-01 2.088863862346578282e-01 1.176679418035210534e-02 9.778691227547795517e-01 7.533291310981637956e+00
9.762292595372907833e-01 -1.018685000491481932e-02 -2.165009464620095136e-01 -1.068131223916392702e+00 7.149276243113571357e-03 9.998647830779795465e-01 -1.480889589954777728e-02 -1.443754988656975602e-01 2.166225316112482258e-01 1.290905233329000916e-02 9.761700857275619203e-01 8.024787924978292963e+00
9.743977540983613794e-01 -1.567399638244954679e-02 -2.242840642870189694e-01 -1.187557992895794001e+00 1.241677934606935998e-02 9.997960743674024764e-01 -1.592586729897164238e-02 -1.617530583640628128e-01 2.244879528802705693e-01 1.273324351409632800e-02 9.743936702865956256e-01 8.570976208990403578e+00
9.724458629845867952e-01 -1.684684653815771149e-02 -2.325193026383073625e-01 -1.339440809528489762e+00 1.290337371626750808e-02 9.997461403703519212e-01 -1.847045584764429177e-02 -1.897746077107806129e-01 2.327714483273200241e-01 1.496123485513351122e-02 9.724163797179640190e-01 9.071687760738933903e+00
9.703650111074162421e-01 -1.295941783731266624e-02 -2.412960782775413759e-01 -1.474972230086832203e+00 7.853023478257318071e-03 9.997246557720643745e-01 -2.211204761130261195e-02 -1.861745044818598760e-01 2.415162022238401540e-01 1.956185352655826631e-02 9.701995976497785890e-01 9.592324666776837816e+00
9.681983393913183855e-01 -1.043636417893174968e-02 -2.499661106992936144e-01 -1.658098763510896134e+00 4.303925246177385880e-03 9.996765050998872582e-01 -2.506713725748429752e-02 -2.090231708468331950e-01 2.501468620206990789e-01 2.319412520385690304e-02 9.679300498435705613e-01 1.015270976472915265e+01
9.658571805635992602e-01 -1.275487229996271309e-02 -2.587609292315963261e-01 -1.787454265323497271e+00 5.897776541890708060e-03 9.996110125669704916e-01 -2.725875592813969961e-02 -2.279241979424508346e-01 2.590079608950473511e-01 2.480195100888740734e-02 9.655567000029764424e-01 1.069326900643211253e+01
9.635900476258515424e-01 -1.417595141258879213e-02 -2.670079791786443280e-01 -1.964010061385010442e+00 6.674476933458357852e-03 9.995576718022227691e-01 -2.898123677667398951e-02 -2.586649161224844895e-01 2.673007152294133992e-01 2.614389273455189344e-02 9.632584420067654696e-01 1.125361566999210794e+01
9.613680381860257862e-01 -1.461512534621415421e-02 -2.748779576639622801e-01 -2.122474836296781131e+00 6.167109994765229003e-03 9.994824249355872547e-01 -3.157291537534630266e-02 -2.800468234519744581e-01 2.751971345419363391e-01 2.865798913724024524e-02 9.609605915272305676e-01 1.181181088368245113e+01
9.589907270742230594e-01 -1.452001623393160169e-02 -2.830652800483128839e-01 -2.322312975833524362e+00 4.725040127019240407e-03 9.993671678602198405e-01 -3.525532280438267024e-02 -3.060187845124479611e-01 2.833980599779818976e-01 3.247203289334842785e-02 9.584524549703440366e-01 1.244421730729872522e+01
9.568655385761913879e-01 -1.506128112758297818e-02 -2.901404781696872437e-01 -2.504168168927047411e+00 3.498535380666195280e-03 9.991802977887951354e-01 -4.032979974966709180e-02 -3.324665771959134375e-01 2.905100728252650866e-01 3.757512892155154272e-02 9.561338866028028516e-01 1.301380692178028653e+01
9.549223222024849633e-01 -1.685076148374605245e-02 -2.963771389714118243e-01 -2.702527024264840261e+00 2.962094342547200426e-03 9.988787863524416499e-01 -4.724823971316090276e-02 -3.691015338947170599e-01 2.968410107947441201e-01 4.424050188878185519e-02 9.539015642146322360e-01 1.363232315951888296e+01
9.536555058262093931e-01 -1.660255363847503579e-02 -3.004422231989917758e-01 -2.918987793962172450e+00 -4.908461924440117179e-05 9.984680360509029518e-01 -5.533153313377918436e-02 -4.019650888091177987e-01 3.009006064512171341e-01 5.278196853419104412e-02 9.521937254522575556e-01 1.424134106348310169e+01
9.524870231301861834e-01 -1.691234594201604727e-02 -3.041092588883865799e-01 -3.131548086396705344e+00 -2.749958794508199078e-03 9.979389762670257680e-01 -6.411113284619888997e-02 -4.543981919163568861e-01 3.045667573604027845e-01 6.190131030914167165e-02 9.504774169298274566e-01 1.487719649580484749e+01
9.510232594198892997e-01 -1.601608714909348585e-02 -3.087041349860805139e-01 -3.358363448682235575e+00 -6.781372134464096028e-03 9.973355515433388607e-01 -7.263477541820886896e-02 -5.041658615368526108e-01 3.090449389058718133e-01 7.117079886881320927e-02 9.483806963356031794e-01 1.551544701041147079e+01
9.496934517365004380e-01 -1.517573666399299470e-02 -3.128131113905459615e-01 -3.602044479021858425e+00 -1.041569656337365188e-02 9.967422484109818015e-01 -7.997751857221978289e-02 -5.497721699116951966e-01 3.130077670837719817e-01 7.921229257782050337e-02 9.464415209394769768e-01 1.618689391249186116e+01
9.481094817549233777e-01 -1.349405448374272308e-02 -3.176575498098118122e-01 -3.817216246726578888e+00 -1.472513332077195376e-02 9.961632393259071128e-01 -8.626685948135753845e-02 -6.223218786546779180e-01 3.176028689318750597e-01 8.646797772257412695e-02 9.442731112571525198e-01 1.682916081676180298e+01
9.466299142653625820e-01 -1.191189042226365249e-02 -3.221023285833563010e-01 -4.069381708964450617e+00 -1.885663241719703551e-02 9.955586663069251330e-01 -9.223540175151068166e-02 -6.897328619394242910e-01 3.217704681374476405e-01 9.338655623763784941e-02 9.422009972257400223e-01 1.748980937293679361e+01
9.450096412731757711e-01 -1.096050697041714948e-02 -3.268587507188706609e-01 -4.314904505973173876e+00 -2.229127058366846617e-02 9.949552398523174856e-01 -9.781191096626340453e-02 -7.637871599230018349e-01 3.262819004026725755e-01 9.971929637746966557e-02 9.399979711069106347e-01 1.814971783776855219e+01
9.431099563976276245e-01 -7.637958568231460396e-03 -3.323932451052994397e-01 -4.589816980474807906e+00 -2.738640668655746915e-02 9.945542216375654609e-01 -1.005578686138798722e-01 -8.381521729912050356e-01 3.313511676319806920e-01 1.039401843342386139e-01 9.377648128086060186e-01 1.887072849149176079e+01
9.415858919340657218e-01 -6.913586931260502950e-03 -3.367019572700357122e-01 -4.857853653631968527e+00 -2.928232552692725324e-02 9.943220384332720485e-01 -1.023045907469559979e-01 -9.194638073392775723e-01 3.354974738826937974e-01 1.061879763222738221e-01 9.360371579748575366e-01 1.957299681064004560e+01
9.393128551382352587e-01 -6.567764902016403651e-03 -3.429988661166852304e-01 -5.127158885875681804e+00 -3.008022110462407750e-02 9.943892237085962815e-01 -1.014162317589703682e-01 -1.008686455435784168e+00 3.417404599906571083e-01 1.055790526074438240e-01 9.338450214790077197e-01 2.028199653641784650e+01
9.367227694052281395e-01 -6.533195599957106019e-03 -3.500110970553959033e-01 -5.375600736075958785e+00 -3.043542687577916600e-02 9.945201588753572741e-01 -1.000166904982742050e-01 -1.089119726426664769e+00 3.487465263889857336e-01 1.043406491079525017e-01 9.313908373232335780e-01 2.096672961320326678e+01
9.343685747132900454e-01 -6.417429573620901315e-03 -3.562501656578556664e-01 -5.678279148102373775e+00 -3.059292116129714439e-02 9.947005861523253722e-01 -9.815710408913502771e-02 -1.183347393950284321e+00 3.549921709442575013e-01 1.026136473034566648e-01 9.292206415108911211e-01 2.172364647849974872e+01
9.315163650252166194e-01 -6.599889742353056039e-03 -3.636395198418547192e-01 -5.975510496852884046e+00 -2.992769742289350457e-02 9.950536166630082890e-01 -9.472398268951399969e-02 -1.263724449030827923e+00 3.624659933997795291e-01 9.911983414392214198e-02 9.267112089853244417e-01 2.241215445361111946e+01
9.278047907359964208e-01 -3.534140268818139908e-03 -3.730492960050860729e-01 -6.294919649529236771e+00 -3.214971003062044863e-02 9.954777018335048133e-01 -8.938982780033062625e-02 -1.343189727688425927e+00 3.716781783891359159e-01 9.492973770854122584e-02 9.234953597506503353e-01 2.324344447001699621e+01
9.243376453619104316e-01 -1.762366776801821237e-04 -3.815755276368887894e-01 -6.591099598097586387e+00 -3.447662338329421372e-02 9.958710931454187731e-01 -8.397695104894008222e-02 -1.427431229705829585e+00 3.800148441337635186e-01 9.077849344663743714e-02 9.205150657928268254e-01 2.393105695283858836e+01
9.209189912887838503e-01 2.972257563887306057e-03 -3.897427023429363979e-01 -6.945815455946727113e+00 -3.704238360326825297e-02 9.961119291937801101e-01 -7.993050967217893432e-02 -1.494424030170744544e+00 3.879897876882720809e-01 8.804652348368158243e-02 9.174484930771181768e-01 2.469745937830406390e+01
9.170391518685528931e-01 3.202845460646685030e-03 -3.987843182082111415e-01 -7.282388729441921171e+00 -3.746504420730513429e-02 9.962371743588662731e-01 -7.815281781763673552e-02 -1.580902499405378192e+00 3.970334577407757526e-01 8.660966631356399603e-02 9.137084887221960106e-01 2.545704052639869275e+01
9.129262715143799944e-01 4.508434448293149530e-03 -4.080996120843252140e-01 -7.624787510560739001e+00 -3.952711310996588623e-02 9.962149211601843968e-01 -7.741729934582934625e-02 -1.653897398563537235e+00 4.062058990054656094e-01 8.680728639741883135e-02 9.096489795546285340e-01 2.621286734448653277e+01
9.093601626922606096e-01 4.189424939393849787e-03 -4.159886292828818832e-01 -8.016956465838344315e+00 -3.951120796587702377e-02 9.962987901139948033e-01 -7.633862269306622428e-02 -1.718916772043698193e+00 4.141291602107340930e-01 8.585551600735523425e-02 9.061599596740014251e-01 2.695697464637195395e+01
9.053762756108881815e-01 4.709868022283346042e-03 -4.245840470805642419e-01 -8.381391382784867616e+00 -4.023283325838885455e-02 9.963911898061192929e-01 -7.473898621626194616e-02 -1.792942028040423796e+00 4.226998003163056628e-01 8.474912454817856711e-02 9.022984363911122907e-01 2.773871555129022326e+01
9.015516796700837610e-01 5.282262165052773774e-03 -4.326391831459849291e-01 -8.773840275567847513e+00 -4.051122382230092078e-02 9.965633718166636568e-01 -7.225155193589581637e-02 -1.869804313227554360e+00 4.307707188727971648e-01 8.266525115708159288e-02 8.986673732537928672e-01 2.854629269450972373e+01
8.975324354611444733e-01 5.345289993560903286e-03 -4.409160364962794731e-01 -9.144350868940190225e+00 -3.926465215763850353e-02 9.969231679186927320e-01 -6.784161273532399172e-02 -1.936073437530645869e+00 4.391967863226988178e-01 7.820246302704726704e-02 8.949807604245847426e-01 2.930375583284960328e+01
8.939431844208887146e-01 7.232094180905729308e-03 -4.481219429908286367e-01 -9.578759954550553957e+00 -3.942961091595953427e-02 9.972618835622590883e-01 -6.256230049227211321e-02 -1.991033214291629827e+00 4.464424841396301691e-01 7.359641625115012631e-02 8.917806231666696171e-01 3.010411155611632239e+01
8.901233889670974175e-01 6.370694173829087072e-03 -4.556750624012744222e-01 -9.989180521403723034e+00 -3.681403703815344652e-02 9.976395849272180483e-01 -5.796538041330462354e-02 -2.065775045515340302e+00 4.542302082009211928e-01 6.837157969601055651e-02 8.882568599000122411e-01 3.090540736529136012e+01
8.861681626494979369e-01 6.493120694600094250e-03 -4.633182735293792098e-01 -1.040982882231886464e+01 -3.661548632156048921e-02 9.977563425718772860e-01 -5.604986247350528250e-02 -2.126243448506873523e+00 4.619148154527142336e-01 6.663422774424931916e-02 8.844176542775218364e-01 3.172882609533511555e+01
8.830917645493228108e-01 6.156879714321231156e-03 -4.691599128384352224e-01 -1.086275783808631878e+01 -3.613846300178159832e-02 9.978361212937273406e-01 -5.492801286492010604e-02 -2.190819457879525700e+00 4.678065305595256462e-01 6.546119413283252308e-02 8.814033618993133423e-01 3.251801615422824199e+01
8.800826277778047713e-01 6.015679962143742621e-03 -4.747824505801972461e-01 -1.133917187876436472e+01 -3.555355630124483468e-02 9.979475724690731742e-01 -5.325962167643041867e-02 -2.244799243870363448e+00 4.734876093030661037e-01 6.375307254318424155e-02 8.784902014328005437e-01 3.335358138574599707e+01
8.770018887057784429e-01 4.743158669817434947e-03 -4.804635106396138999e-01 -1.179375443554578240e+01 -3.383573930907162602e-02 9.980784983491647333e-01 -5.190812979565162522e-02 -2.311033918059613779e+00 4.792940989520226847e-01 6.178036609740938240e-02 8.754772170710269918e-01 3.419714047480304941e+01
8.744517388910825195e-01 3.184959789674461465e-03 -4.851020590620869766e-01 -1.226996573744912666e+01 -3.220843262109090305e-02 9.981531716867068083e-01 -5.150594894325251361e-02 -2.368191597715580965e+00 4.840421227888286326e-01 6.066384372094527772e-02 8.729393598925557773e-01 3.500920530293055322e+01
8.725029177210793518e-01 3.169669149185089154e-03 -4.885986154591466235e-01 -1.274544108729770286e+01 -3.261438303701569980e-02 9.981265773713768885e-01 -5.176521632826113634e-02 -2.437954390585546527e+00 4.875191935277477517e-01 6.110064480045234586e-02 8.709717284887156241e-01 3.587750111753710058e+01
8.705870194773582815e-01 2.881915729226441035e-03 -4.920060276886065731e-01 -1.324912879738434235e+01 -3.274594221247154741e-02 9.981050393629040673e-01 -5.209638878635210191e-02 -2.485037551074372075e+00 4.909235666695341282e-01 6.146564091217285308e-02 8.690316630684244981e-01 3.674109695094012551e+01
8.702572845117911848e-01 3.183375287650546618e-03 -4.925871700194261460e-01 -1.374070816458421262e+01 -3.273938771895924110e-02 9.981418555590700903e-01 -5.139035640027246610e-02 -2.551458946659555416e+00 4.915082855668083117e-01 6.084983447151697672e-02 8.687444432133640815e-01 3.760347560142444934e+01
8.700483200619441027e-01 3.325013325454423321e-03 -4.929552314650637035e-01 -1.423766286490167765e+01 -3.217748639307732583e-02 9.982277824869502103e-01 -5.005900216949028814e-02 -2.606870774354718368e+00 4.919151691795405346e-01 5.941581109664463567e-02 8.686133964429723076e-01 3.850600721706924645e+01
8.697163395762409488e-01 2.567970978974089442e-03 -4.935452252577933741e-01 -1.475268574293457746e+01 -3.100192224638553817e-02 9.982959913865023793e-01 -4.943677228363011628e-02 -2.667525241375713563e+00 4.925772762170324004e-01 5.829681942141218959e-02 8.683139481599916332e-01 3.939574351707196342e+01
8.690035627782912719e-01 1.179068679032523482e-03 -4.948044187664864535e-01 -1.528194116731960328e+01 -2.971223443228141609e-02 9.983169849238642257e-01 -4.980342146249840812e-02 -2.726754238772437500e+00 4.939129423098932437e-01 5.798109566680834104e-02 8.675760501288067861e-01 4.026505367825493664e+01
8.680583253539807531e-01 -3.763141778391508921e-04 -4.964620804240428287e-01 -1.581198782858978014e+01 -2.830909443479009274e-02 9.983351362323212852e-01 -5.025486030651000330e-02 -2.790318697703983553e+00 4.956544588356035508e-01 5.767854188221817335e-02 8.666024740715245755e-01 4.116749246136048157e+01
8.664400682400372755e-01 -2.218212811268825777e-03 -4.992761588136532258e-01 -1.636649180392033287e+01 -2.550790009117599039e-02 9.984875701596422903e-01 -4.870235427806177131e-02 -2.850329523940436260e+00 4.986290794179316643e-01 5.493315760017929150e-02 8.650730571649501988e-01 4.214703652812699630e+01
8.645090352429110059e-01 -1.762464348605214835e-03 -5.026141827695502773e-01 -1.689517898134982232e+01 -2.411749180628262879e-02 9.986965114297684520e-01 -4.498471616737159673e-02 -2.910904696634024624e+00 5.020383235277440237e-01 5.101148702900384913e-02 8.633396520724364587e-01 4.303465393600184541e+01
8.616910622552366172e-01 -1.295461814572079415e-03 -5.074316012406546728e-01 -1.745670739659351511e+01 -2.246226012690092158e-02 9.989191249698523567e-01 -4.069433227973297262e-02 -2.979112871963328413e+00 5.069358577784256470e-01 4.646400300701926389e-02 8.607305836051444281e-01 4.395443835465173521e+01
8.576534358580755191e-01 -2.944098101146866084e-03 -5.142197108763199020e-01 -1.799501358820260322e+01 -1.965682364069805399e-02 9.990650457552289199e-01 -3.850511225112233232e-02 -3.042516283287370893e+00 5.138523106574824917e-01 4.313196792755759346e-02 8.567936982337900353e-01 4.487428943154591110e+01
8.523983119062805702e-01 -5.236782140375768023e-03 -5.228667981618265737e-01 -1.855905358848325903e+01 -1.857437559309225300e-02 9.990155168512081518e-01 -4.028634624266407005e-02 -3.101675856294594524e+00 5.225630244332406527e-01 4.405193776491048846e-02 8.514618708989467599e-01 4.578139446764493670e+01
8.465862358757406669e-01 -8.854338286432408833e-03 -5.321779217470418155e-01 -1.909882411535371105e+01 -1.694559727233457130e-02 9.989063604365695515e-01 -4.357671211610885526e-02 -3.163814778732789268e+00 5.319817630337233538e-01 4.590951737345978778e-02 8.455103343613968869e-01 4.663159891258263201e+01
8.404516174719779409e-01 -8.525722094381247076e-03 -5.418195133442634814e-01 -1.970968552840517418e+01 -1.782001824348122473e-02 9.989005809174107409e-01 -4.335984802902608654e-02 -3.224009700213050333e+00 5.415935099786866047e-01 4.609708796713696266e-02 8.393756811537779194e-01 4.753795353813021762e+01
8.343387214121359419e-01 -5.500014899008086842e-03 -5.512246746011310039e-01 -2.030642753602854000e+01 -1.876534231899568833e-02 9.990873055624099885e-01 -3.837209695591540376e-02 -3.268238006862430378e+00 5.509326315093001636e-01 4.235924592652382664e-02 8.334740162050793266e-01 4.846000712391639809e+01
8.292751381853745718e-01 -1.294060674523079841e-03 -5.588390327618142361e-01 -2.090323477185206968e+01 -2.100793837116255933e-02 9.992183041789280962e-01 -3.348801515964647257e-02 -3.329732997645067805e+00 5.584455357789324115e-01 3.951083422402889428e-02 8.285997125052538825e-01 4.931997022042145318e+01
8.254118127432196195e-01 -1.620344002450861904e-03 -5.645287483370838855e-01 -2.153012908064248876e+01 -2.175550723894210600e-02 9.991617458734831647e-01 -3.467713265535878747e-02 -3.384783028204080502e+00 5.641117283950723982e-01 4.090452407033551285e-02 8.246846572639553452e-01 5.018208034787124205e+01
8.217063322824432747e-01 -3.255964770948188182e-03 -5.699018300580578344e-01 -2.213361667513627040e+01 -2.310188829574646996e-02 9.989714782230229018e-01 -3.901651569011560516e-02 -3.427328248452416126e+00 5.694427198306054594e-01 4.522592633353142433e-02 8.207859712821006237e-01 5.105898855733316566e+01
8.185245556368512254e-01 -5.427695074664182565e-03 -5.744458943877893686e-01 -2.274479638884421107e+01 -2.540082613547869211e-02 9.986354575429673419e-01 -4.562916845446014780e-02 -3.507116959231319164e+00 5.739097096740961579e-01 5.193999509010683441e-02 8.172697769857009131e-01 5.192360375661372984e+01
8.156306860757628341e-01 -6.307631689857389271e-03 -5.785384959226197443e-01 -2.338679117552002751e+01 -2.585345973136845762e-02 9.985444220419384953e-01 -4.733535542406530627e-02 -3.567759350565323562e+00 5.779949719826913412e-01 5.356539010889094926e-02 8.142803987267381860e-01 5.280213469852433406e+01
8.124547368201137099e-01 -5.325599647140265291e-03 -5.829999417356536151e-01 -2.400718457264375871e+01 -2.493804543585886879e-02 9.987256727419013824e-01 -4.387624118222183123e-02 -3.623577975974527465e+00 5.824906863488845676e-01 5.018633896423219803e-02 8.112865943654874457e-01 5.364220175881680319e+01
8.089960657638097796e-01 -3.166993922634206773e-03 -5.878055197785113650e-01 -2.465072075627599091e+01 -2.383235674431938636e-02 9.989865323272845155e-01 -3.818281086162631649e-02 -3.682542374739256719e+00 5.873307327412218282e-01 4.489853450203846325e-02 8.081006982912088965e-01 5.448190204273095816e+01
8.062828126950518648e-01 -1.580657998892880155e-03 -5.915281233776148451e-01 -2.532448819264740436e+01 -2.403111467912714960e-02 9.990833553814042478e-01 -3.542533801309642738e-02 -3.742163164055115399e+00 5.910419078416514482e-01 4.277792121047187951e-02 8.055057537421980163e-01 5.541360611726720009e+01
8.033755868885902318e-01 -6.141568601411763082e-04 -5.954723187455089883e-01 -2.594505726110137189e+01 -2.571889285518816695e-02 9.990305269514223596e-01 -3.572876739345239028e-02 -3.793783397166950788e+00 5.949169777058537223e-01 4.401850811279024722e-02 8.025809413021712801e-01 5.624084127640634989e+01
7.994449497592153175e-01 -1.825739470882542428e-03 -6.007365745975614679e-01 -2.657005326287044156e+01 -2.557992171904282727e-02 9.989849595867031917e-01 -3.707719209291163859e-02 -3.846322297116081312e+00 6.001945063370510702e-01 4.500796840260241211e-02 7.985867793888519195e-01 5.704068016895507753e+01
7.954769773777267128e-01 -4.304068826920028415e-03 -6.059685193343381515e-01 -2.722804728731052037e+01 -2.477497248936762902e-02 9.989077091266500563e-01 -3.961804426724323952e-02 -3.905529613448845527e+00 6.054771546778886515e-01 4.652809539120025817e-02 7.945014527901460566e-01 5.791278668564611820e+01
7.915325145280927011e-01 -5.210181246193287471e-03 -6.111048398740180909e-01 -2.790640840500704201e+01 -2.422095808061852998e-02 9.989105247508709429e-01 -3.988870487057583070e-02 -3.965854073024301929e+00 6.106468941855510701e-01 4.637475146373346013e-02 7.905439647118494007e-01 5.877791192241205920e+01
7.869220924829272157e-01 -5.585693290791816056e-03 -6.170270764933052376e-01 -2.861029335597967105e+01 -2.349929082564762226e-02 9.989623506101180661e-01 -3.901288809643315564e-02 -4.025694258003887249e+00 6.166047433826347124e-01 4.519980212370749290e-02 7.859742842800043761e-01 5.964048106831084795e+01
7.818967626146938743e-01 -5.887140071341514201e-03 -6.233801302486338125e-01 -2.929421103272900950e+01 -2.310521305013422261e-02 9.989947153141930380e-01 -3.841494431898790501e-02 -4.075519069623848800e+00 6.229796206509388146e-01 4.443985117875853125e-02 7.809747110141603832e-01 6.046800333652960546e+01
7.767673150878401378e-01 -6.604800816108893219e-03 -6.297530526101717818e-01 -2.997976760128559803e+01 -2.322226584196334861e-02 9.989646201281682236e-01 -3.912050797334098995e-02 -4.143490449788632013e+00 6.293594129908041124e-01 4.501182460532709984e-02 7.758096882795455507e-01 6.129546605687128391e+01
7.716388192130932966e-01 -7.497135741147136108e-03 -6.360167591777541318e-01 -3.068446394796766796e+01 -2.327529927497355711e-02 9.989280176746263562e-01 -4.001344762365498936e-02 -4.195391026493137332e+00 6.356349576621268538e-01 4.567940975172049556e-02 7.706371388431136893e-01 6.211655515285491447e+01
7.658228577736290177e-01 -8.734885228965082529e-03 -6.429922584696380339e-01 -3.137420194194878320e+01 -2.272144728380727854e-02 9.989158031990033049e-01 -4.063193317425504991e-02 -4.256621596617292447e+00 6.426500546748560305e-01 4.572657774151200893e-02 7.647940867404635634e-01 6.294273622316611494e+01
7.598848099337833784e-01 -1.019592224485630846e-02 -6.499777771623665990e-01 -3.208731316215969542e+01 -2.213483779210334915e-02 9.988913385301214642e-01 -4.154687478588930949e-02 -4.308458493580945792e+00 6.496807917529480170e-01 4.595799156967585869e-02 7.588166707417766110e-01 6.377685647674975655e+01
7.539620609457314826e-01 -1.325448612868378347e-02 -6.567842272030554041e-01 -3.281347589495280914e+01 -1.976513077074063332e-02 9.988860745251929574e-01 -4.284798429676810877e-02 -4.377502249697893255e+00 6.566205578589987546e-01 4.528718053047414011e-02 7.528602276603029164e-01 6.459751388386875703e+01
7.476907743829970254e-01 -1.280854443962326471e-02 -6.639235187708526498e-01 -3.356572334072799180e+01 -2.087896766062399129e-02 9.988661737043993405e-01 -4.278359234703359854e-02 -4.437357592822902319e+00 6.637187518176952405e-01 4.585093481322845277e-02 7.465755946597624204e-01 6.544410816228770500e+01
7.417567276445810043e-01 -1.290168286942676955e-02 -6.705449240012891776e-01 -3.433767124945303095e+01 -2.024622364531594026e-02 9.989285109475586344e-01 -4.161634869814513638e-02 -4.504900361345082871e+00 6.703633749524277041e-01 4.444520894688010898e-02 7.407007340070186352e-01 6.626845564997823601e+01
7.353791368056520339e-01 -1.388852066119984456e-02 -6.775135611281440928e-01 -3.507525049672469208e+01 -1.868593775389181671e-02 9.989942023554283512e-01 -4.076051302728078696e-02 -4.563093497911395069e+00 6.773982344985128856e-01 4.263440691909538283e-02 7.343799751119889363e-01 6.705735608761609967e+01
7.287557074242254629e-01 -1.493411764718202521e-02 -6.846108984137699860e-01 -3.585428011301001305e+01 -1.815784159776519247e-02 9.989891811555910994e-01 -4.112066090165910487e-02 -4.620235598306910774e+00 6.845329934149833040e-01 4.239797236997831786e-02 7.277478970321025198e-01 6.786514859045823300e+01
7.224600432092530555e-01 -1.676809626124993804e-02 -6.912093083558248363e-01 -3.663266556704888899e+01 -1.761422658359945714e-02 9.989350542439249248e-01 -4.264383253102494581e-02 -4.687911528163936303e+00 6.911882757506540020e-01 4.298358226355696032e-02 7.213953063670186516e-01 6.866648369643495187e+01
7.164330888214702764e-01 -1.627186530413428714e-02 -6.974660181927038183e-01 -3.741861970105238555e+01 -1.872917841458383165e-02 9.989190601712053530e-01 -4.254326190464987473e-02 -4.745068584483152385e+00 6.974043696541991633e-01 4.354236582391136229e-02 7.153539100630230685e-01 6.945258856868971975e+01
7.108598138897859187e-01 -1.672886166199775981e-02 -7.031347388224791217e-01 -3.820952098259969176e+01 -1.776646544615236370e-02 9.989709919634827129e-01 -4.172900610201765031e-02 -4.807748059321458101e+00 7.031092984285296499e-01 4.215569233183116132e-02 7.098311216643479193e-01 7.026078529863792710e+01
7.061713425935466359e-01 -1.595572947511880724e-02 -7.078611729958393939e-01 -3.902005104975879135e+01 -1.940013435620839555e-02 9.989346776638300396e-01 -4.187056938195810735e-02 -4.870105611922096678e+00 7.077751603675818126e-01 4.330039784249613277e-02 7.051095001785725458e-01 7.106720679789169992e+01
7.014165563378973456e-01 -1.644208934177383841e-02 -7.125619009717135688e-01 -3.985789514400040900e+01 -1.959135940495755276e-02 9.989113952811634611e-01 -4.233441917669952814e-02 -4.934061665598262536e+00 7.124822813195421656e-01 4.365411859865976629e-02 7.003308690746770093e-01 7.183366462726414170e+01
6.962069315803516290e-01 -1.913001524427884736e-02 -7.175861908770780895e-01 -4.068901856489912205e+01 -1.879939605251626511e-02 9.988160856363745843e-01 -4.486657789292994997e-02 -5.000963224009072228e+00 7.175949409785111754e-01 4.472660932198212203e-02 6.950230504592106451e-01 7.261249347446069180e+01
6.911389355679196100e-01 -2.054172921678091082e-02 -7.224299269719151040e-01 -4.152025592655225950e+01 -1.966231397513789475e-02 9.986915580913295898e-01 -4.720768196464954214e-02 -5.068445126501490705e+00 7.224544092621737468e-01 4.683171092172999650e-02 6.898307234950820099e-01 7.343235903215720839e+01
6.860861914638157755e-01 -2.062936183796696549e-02 -7.272277205075347029e-01 -4.237129237253979142e+01 -2.126145966806387844e-02 9.986023904822162178e-01 -4.838611463056879947e-02 -5.131560472998280886e+00 7.272095273337342292e-01 4.865896777757039438e-02 6.846887015389273579e-01 7.421287085208864198e+01
6.814869704040485976e-01 -2.044249465536240873e-02 -7.315446696099385804e-01 -4.323028206611830626e+01 -2.045738658151006334e-02 9.986870236285855240e-01 -4.696513815889880039e-02 -5.210482947582258717e+00 7.315442659499986622e-01 4.697162162908605221e-02 6.801739951160452602e-01 7.500135947396486813e+01
6.761634701267861258e-01 -2.025839854115089184e-02 -7.364730469492695164e-01 -4.407648520840055539e+01 -2.019809003466382230e-02 9.987364549526260848e-01 -4.601663546773351876e-02 -5.281009193628324105e+00 7.364747161255316144e-01 4.599011662137181961e-02 6.748999271897445640e-01 7.579247763563165563e+01
6.711271946500785290e-01 -2.145034214552866275e-02 -7.410318220130724942e-01 -4.494188895790365734e+01 -1.905292483373343879e-02 9.987520624528991586e-01 -4.616604629889697886e-02 -5.349061551482455990e+00 7.410973508548290845e-01 4.510211252337736898e-02 6.698809790995063906e-01 7.653314661201838476e+01
6.660275386161944589e-01 -2.166031683356402573e-02 -7.456125925543503064e-01 -4.583516598129365605e+01 -1.924663576792563432e-02 9.987464895440416601e-01 -4.620624054159595817e-02 -5.423366120818086777e+00 7.456788140500156814e-01 4.512516242464956889e-02 6.647757789413647478e-01 7.732543442197699335e+01
6.616251539609908638e-01 -2.291710688733114218e-02 -7.494844571140728551e-01 -4.674866650757099507e+01 -1.755327722473345661e-02 9.987855656689934580e-01 -4.603559814120485039e-02 -5.488503381105355849e+00 7.496292731187397251e-01 4.361421791816653959e-02 6.604193843725457702e-01 7.813559978434332720e+01
6.577929612782963398e-01 -2.366827928021219066e-02 -7.528268208296949870e-01 -4.763719581299500305e+01 -1.656306191908754610e-02 9.988099124158169584e-01 -4.587399986900798921e-02 -5.557980546719426762e+00 7.530166626141789887e-01 4.264471121510573365e-02 6.566181119148887246e-01 7.890492934936432334e+01
6.539249071623589593e-01 -2.681913593110476016e-02 -7.560839498166489481e-01 -4.854335511460939756e+01 -1.306880940525955576e-02 9.988219540695133514e-01 -4.673232613125994500e-02 -5.628785706546595158e+00 7.564465818615790926e-01 4.044054878841715772e-02 6.528040604635813038e-01 7.966046087621565164e+01
6.498272772466312519e-01 -3.079143285633189134e-02 -7.594579558826233256e-01 -4.950444931030870066e+01 -1.090792779975163600e-02 9.986984203551845241e-01 -4.982451505752808624e-02 -5.708267426719444870e+00 7.600036421959438515e-01 4.066144123865686466e-02 6.486456056208373955e-01 8.045478259819560662e+01
6.446218173177220567e-01 -3.522266623388473766e-02 -7.636897705599378083e-01 -5.036278892247147354e+01 -6.409331202506337970e-03 9.986539915438321646e-01 -5.146965752963549717e-02 -5.772042630549489850e+00 7.644747494393583365e-01 3.807320455365459377e-02 6.435283982304277339e-01 8.118772902351231835e+01
6.384517317918272372e-01 -3.875527182862216480e-02 -7.686855040812523576e-01 -5.127301395505296711e+01 -1.292945360744555310e-03 9.986760362741992081e-01 -5.142472997446401184e-02 -5.850706688211034567e+00 7.696607850407206630e-01 3.382607592947109443e-02 6.375563374805197636e-01 8.195584137987813733e+01
6.298717083501681469e-01 -4.260272402679292358e-02 -7.755299013278116327e-01 -5.221197020065244487e+01 3.801236469572345355e-03 9.986516791853322639e-01 -5.177233084071014568e-02 -5.936693605411966779e+00 7.766898939632750354e-01 2.966195355051592236e-02 6.291843833248205176e-01 8.271168655664526170e+01
6.212593971018475214e-01 -4.312977569953824891e-02 -7.824171347214594618e-01 -5.315246763436385891e+01 5.384004519845238430e-03 9.986955129201062764e-01 -5.077681503848133909e-02 -6.016744336235391621e+00 7.835864878640764752e-01 2.733303570407698974e-02 6.206811842437174320e-01 8.345123960135984476e+01
6.122691191739639827e-01 -4.224285121952166266e-02 -7.895201427330291732e-01 -5.411749584219741394e+01 7.213137665632050020e-03 9.988285820691051864e-01 -4.784803300511427521e-02 -6.086471816803524781e+00 7.906165356884994333e-01 2.360095509870271946e-02 6.118566007524354200e-01 8.419679434253869488e+01
6.029655822519899289e-01 -4.187743893834144915e-02 -7.966672925939439764e-01 -5.509733761899681070e+01 6.565850868541347161e-03 9.988479553323541538e-01 -4.753579396356893971e-02 -6.174138635762624006e+00 7.977401873882355998e-01 2.343164859839293526e-02 6.025459010990487085e-01 8.494393214453029373e+01
5.942587716401100950e-01 -4.247813222521077542e-02 -8.031513610752691879e-01 -5.604529238802419400e+01 4.229254412905609009e-03 9.987555235104453866e-01 -4.969424156045002677e-02 -6.235983487282367399e+00 8.042627905543042743e-01 2.613450707774576595e-02 5.936988825189194463e-01 8.560773846482165084e+01
5.838060070302631965e-01 -4.516363372543750337e-02 -8.106360344358379821e-01 -5.709282378258834711e+01 5.912690579720109550e-03 9.986616187099220943e-01 -5.138104106819246092e-02 -6.321527750362692544e+00 8.118716628879496522e-01 2.520351993456775366e-02 5.832916917162731529e-01 8.635687721694185370e+01
5.736907254224550279e-01 -4.586691570337633056e-02 -8.177867481154290630e-01 -5.809990957440025028e+01 4.544653052403376838e-03 9.985937278758313385e-01 -5.281962469171672808e-02 -6.395376976845335903e+00 8.190594048386604653e-01 2.658557132838521714e-02 5.730924105068059271e-01 8.707468820426174716e+01
5.633719377617479873e-01 -4.695604625804769561e-02 -8.248679755279014758e-01 -5.910795730066424625e+01 7.702020187012490089e-03 9.986387685190981633e-01 -5.158768135679520778e-02 -6.477991992683359790e+00 8.261675071086915789e-01 2.270990173460544007e-02 5.629667157122431043e-01 8.778396777389117744e+01
5.536600514304783616e-01 -4.692884468106547913e-02 -8.314193998177897837e-01 -6.015482780156781217e+01 9.126949558930428502e-03 9.986928204169245316e-01 -5.029263574247062885e-02 -6.552291772815988402e+00 8.326927750447478127e-01 2.025669986283830035e-02 5.533646366745743617e-01 8.843819443131347668e+01
5.430254049029787922e-01 -4.761644388129739058e-02 -8.383651180207118969e-01 -6.120413437907004806e+01 1.008749280013005942e-02 9.986888213959158600e-01 -5.018844963449548002e-02 -6.642981628934157889e+00 8.396556816331344208e-01 1.879660056958427916e-02 5.427937333163742606e-01 8.912477032576411773e+01
5.326984987945713179e-01 -4.843412763752349276e-02 -8.449180029382393764e-01 -6.224375599732403685e+01 8.943578168656388105e-03 9.986274391928962046e-01 -5.160668629568389287e-02 -6.710503114514476231e+00 8.462578410683527785e-01 1.993421359537182053e-02 5.324005132996054712e-01 8.976848762115753289e+01
5.226218171726219053e-01 -4.914123375696476809e-02 -8.511472036085477866e-01 -6.330650837484261473e+01 7.987884949409516933e-03 9.985758887111327864e-01 -5.274834736258898760e-02 -6.792872512557182496e+00 8.525272088782508417e-01 2.076857070075865258e-02 5.222700812529942338e-01 9.039983888094320719e+01
5.132807662462123277e-01 -4.921116313479067389e-02 -8.568086735753726035e-01 -6.434466650922523456e+01 5.820526563103748871e-03 9.985313056036483337e-01 -5.386421050877954891e-02 -6.881651150630125890e+00 8.582010187672142187e-01 2.266038509903385914e-02 5.128133497394350426e-01 9.103370192659336624e+01
