1 0 0 0 0 1 0 0 0 0 1 0
0.99986961 0.00075439446 0.016130405 -0.009377705 -0.00074679577 0.99999961 -0.00047709994 -0.0029740356 -0.01613076 0.00046499164 0.99986978 0.11197784
0.99928551 0.0030783492 0.037669604 0.017889703 -0.0030636652 0.99999521 -0.00044753399 0.0030314107 -0.037670805 0.00033180721 0.99929015 0.24911822
0.99796494 0.0053881602 0.063536944 0.062061179 -0.0054713561 0.99998439 0.0011354844 0.0010637936 -0.06352984 -0.0014808068 0.99797884 0.39885335
0.99524187 0.0046407905 0.097324671 0.093665305 -0.0049788858 0.99998238 0.0032313133 0.0026311941 -0.097307969 -0.0037005067 0.99524744 0.58247225
0.9909178 0.0015141521 0.13446046 0.17125199 -0.0022661026 0.99998264 0.0054394832 0.00041410483 -0.1344499 -0.0056947819 0.99090403 0.77787935
0.98464091 -0.0017734811 0.17458274 0.22941416 0.00074173914 0.99998188 0.0059748307 -0.0073871274 -0.17459019 -0.0057535679 0.98462438 0.96055677
0.97597914 -0.002095579 0.21785388 0.32257283 0.00057039555 0.99997489 0.0070635981 -0.0032055417 -0.21786324 -0.0067696615 0.97595583 1.1880926
0.96413586 -0.0019279555 0.26540217 0.41667519 -0.00087406787 0.99994513 0.010439138 0.0050743889 -0.26540775 -0.010296726 0.96408128 1.3869346
0.95012706 -0.0057745462 0.31180958 0.56721848 0.00048263661 0.99985459 0.01704611 0.012576414 -0.31186269 -0.01604548 0.94999169 1.6165299
0.93294449 -0.015613643 0.3596815 0.69944015 0.0070867375 0.999662 0.025013332 -0.0043627124 -0.3599505 -0.020787082 0.9327398 1.8315669
0.91198983 -0.021434101 0.40965243 0.8560286 0.0099338829 0.99949509 0.0301809 -0.0037588804 -0.41009253 -0.023455235 0.91174228 2.0683198
0.88677342 -0.023131287 0.46162521 1.0413102 0.0083334873 0.99938474 0.034069069 0.0017670888 -0.46212929 -0.026364597 0.88642058 2.3163752
0.85848005 -0.025259118 0.51222453 1.2324726 0.0064690502 0.99924024 0.038433101 0.024629109 -0.51280619 -0.029680444 0.8579912 2.5268982
0.82642046 -0.030497879 0.56222689 1.454928 0.0076876296 0.99905009 0.042893171 0.027070643 -0.56300103 -0.031125602 0.82586989 2.7474418
0.79047005 -0.036151694 0.61143285 1.6776113 0.009587753 0.99886464 0.04666386 0.028021526 -0.61242568 -0.031024117 0.78991919 2.9550039
0.75275885 -0.040494617 0.65704967 1.9418856 0.010727456 0.99872825 0.049262532 0.034603968 -0.65820899 -0.030034335 0.75223593 3.1563241
0.71229306 -0.04408221 0.70049648 2.238534 0.01200498 0.99864494 0.050637531 0.049152537 -0.70177954 -0.027659315 0.71185707 3.3874731
0.67083985 -0.045764749 0.74018879 2.5165303 0.010990992 0.998598 0.051780562 0.061090013 -0.74152083 -0.026601056 0.67040233 3.5882563
0.62846407 -0.046266098 0.7764614 2.8711712 0.0068430717 0.99851971 0.053958877 0.090962427 -0.77780855 -0.028597835 0.62785036 3.8296656
0.58578184 -0.047080303 0.80910014 3.1873863 0.0039919163 0.99846683 0.055209147 0.10052987 -0.81045898 -0.029110655 0.58507168 4.0067052
0.54687122 -0.048125806 0.83583235 3.5850599 0.0019572608 0.99841724 0.056206564 0.12373318 -0.83721449 -0.029101811 0.54609985 4.2297136
0.50708658 -0.050451509 0.86041721 3.9969074 0.00064088448 0.99830712 0.058159129 0.13423106 -0.86189492 -0.028940286 0.50626048 4.4297641
0.46978871 -0.050484481 0.88133412 4.414417 -0.0020708643 0.99829765 0.058288231 0.16093528 -0.8827765 -0.029208276 0.46888441 4.6305166
0.43406222 -0.049861161 0.89950196 4.8779311 -0.0031640211 0.99837665 0.056868803 0.18217959 -0.90087738 -0.027530642 0.43319982 4.8078565
0.40011446 -0.04864705 0.9151731 5.3822129 -0.0019068186 0.99854385 0.053912377 0.20461626 -0.91646323 -0.02331619 0.39943907 5.0008215
0.36999095 -0.046747198 0.92785846 5.8874911 -0.00025161692 0.99872817 0.050418077 0.22381368 -0.92903537 -0.018887696 0.36950862 5.1768293
0.34502705 -0.04504208 0.93751132 6.428455 0.00091131088 0.99886347 0.047654317 0.24801064 -0.93859234 -0.015587664 0.34467597 5.350685
0.32415939 -0.044277901 0.94496565 7.0162315 0.0019387886 0.99893303 0.046141552 0.27437492 -0.94600053 -0.013125128 0.32389936 5.5443185
0.30943865 -0.045038008 0.94985221 7.5829565 0.0032523764 0.99892205 0.046305148 0.30150179 -0.95091389 -0.011239325 0.30925157 5.7294098
0.29776295 -0.046453499 0.9535089 8.2026217 0.0042147745 0.9988696 0.047347208 0.31458973 -0.95463058 -0.010079418 0.29762215 5.9090219
0.28639968 -0.048204168 0.95689681 8.8457526 0.0029156837 0.99877279 0.049441026 0.34349985 -0.95810584 -0.011369885 0.28618875 6.0967711
0.27526104 -0.049938608 0.96007157 9.5102583 0.0013350694 0.99866883 0.051563487 0.37747625 -0.96136864 -0.012911656 0.27496129 6.2775038
0.2649127 -0.051838829 0.96287794 10.198065 0.00037617165 0.99855939 0.05365633 0.40590054 -0.96427237 -0.013852035 0.26455056 6.467211
0.25647587 -0.053853568 0.96504914 10.898142 -5.9472645e-05 0.9984457 0.055733034 0.43640622 -0.96655067 -0.014351572 0.25607403 6.6800304
0.24572864 -0.05538262 0.9677552 11.627762 -0.00050508888 0.99835904 0.057262264 0.46335013 -0.96933857 -0.01455978 0.24529744 6.8492873
0.23490147 -0.056702714 0.97036386 12.390767 -0.00091489378 0.99828373 0.05855567 0.49549449 -0.9720188 -0.014642593 0.23444644 7.0400114
0.22471103 -0.059540755 0.97260463 13.144607 -0.0025285175 0.99809245 0.061685253 0.53197503 -0.97442221 -0.016320604 0.22413183 7.1997045
0.21325675 -0.062931838 0.97496721 13.927718 -0.004390129 0.99785149 0.065369226 0.57220554 -0.97698637 -0.01822066 0.21252229 7.3780321
0.20057804 -0.066888612 0.97739157 14.734225 -0.003906691 0.99760392 0.069073583 0.61156384 -0.97966998 -0.01767301 0.19983612 7.5471228
0.18862455 -0.069281162 0.97960238 15.492715 -0.0051457574 0.997425 0.071532471 0.65109342 -0.98203583 -0.018533576 0.18778234 7.7189714
0.17437978 -0.070166499 0.98217528 16.317213 -0.0057832771 0.99736771 0.072278632 0.68742995 -0.98466153 -0.018284123 0.17351497 7.8416386
0.16004615 -0.069298209 0.98467401 17.108873 -0.0075252936 0.99741807 0.071418234 0.72445185 -0.98708089 -0.018840174 0.15911143 7.9845059
0.14379399 -0.068332759 0.98724558 17.910445 -0.0082354087 0.997496 0.070241748 0.76685531 -0.98957342 -0.018230712 0.14287118 8.0829144
0.12248607 -0.066837279 0.99021708 18.748241 -0.010535564 0.99758601 0.068637873 0.80683999 -0.99241435 -0.018839678 0.12148622 8.1867018
0.097365565 -0.0653336 0.9931019 19.555812 -0.015251343 0.99762789 0.067126623 0.84592415 -0.99513186 -0.021681959 0.096138177 8.284633
0.067886388 -0.064765446 0.99558867 20.370009 -0.01955756 0.99761265 0.066230685 0.88427351 -0.99750139 -0.023967447 0.066457664 8.3430485
0.034886857 -0.064442559 0.99731138 21.246309 -0.022984566 0.99760319 0.065265436 0.92289049 -0.99912697 -0.025199674 0.033322054 8.352001
-0.00018387095 -0.064077677 0.99794485 22.052564 -0.024018052 0.99765731 0.064054788 0.95519426 -0.99971155 -0.023956913 -0.0017224627 8.3302665
-0.032839833 -0.063083531 0.99746776 22.906797 -0.024391533 0.99775944 0.06229893 0.98890058 -0.99916299 -0.022283881 -0.034304959 8.3084791
-0.067224001 -0.061053797 0.99586811 23.765127 -0.02765163 0.99785661 0.059309141 1.023014 -0.9973547 -0.023550378 -0.068768152 8.251196
-0.10044268 -0.057774304 0.99326397 24.609338 -0.029630799 0.99804352 0.055055931 1.0554406 -0.99450157 -0.023901239 -0.10195807 8.149851
-0.13204017 -0.053195891 0.9898159 25.44964 -0.026875484 0.99838399 0.050071213 1.0800762 -0.99088 -0.01999037 -0.13325646 8.0102373
-0.16455306 -0.047678049 0.98521521 26.310321 -0.022472431 0.99875304 0.044579792 1.0987677 -0.98611225 -0.014804439 -0.16541931 7.8765175
-0.19405639 -0.041688373 0.98010413 27.104701 -0.016239248 0.99909624 0.039280895 1.115563 -0.980856 -0.008293445 -0.194558 7.6552307
-0.22263183 -0.035966234 0.97423889 27.933577 -0.010431839 0.99934993 0.034509394 1.1258122 -0.97484682 -0.0024802131 -0.2228623 7.4926512
-0.25138007 -0.02925983 0.96744604 28.73697 -0.0010645682 0.99955071 0.0299542 1.1444626 -0.96788791 0.0064999778 -0.25129828 7.247113
-0.27898981 -0.019000731 0.96010602 29.566946 0.0047767767 0.9997644 0.021173627 1.145744 -0.96028222 0.010493439 -0.27883332 6.9701069
-0.30300051 -0.0038072212 0.95298275 30.325788 0.0086662659 0.99993966 0.0067502536 1.1331665 -0.95295103 0.010304133 -0.30294923 6.7240918
-0.32704476 0.013058285 0.94491858 31.121757 0.0095899729 0.9998989 -0.010498908 1.1090951 -0.94496023 0.0056281318 -0.32713693 6.464596
-0.35287225 0.027726733 0.93526057 31.898155 0.0077098754 0.99961308 -0.026725602 1.0828254 -0.93563979 -0.0022199801 -0.35294948 6.1676361
-0.37688811 0.038627699 0.92545296 32.643455 0.012751003 0.99925175 -0.036515192 1.0449436 -0.92617106 -0.001961687 -0.37709864 5.8478331
-0.40029565 0.043469748 0.91535441 33.416523 0.01673577 0.99905447 -0.040125866 1.0009716 -0.91623325 -0.00074304768 -0.40064466 5.5097117
-0.42331234 0.042787419 0.90497283 34.149898 0.018389905 0.99908416 -0.038634925 0.94944468 -0.90579719 0.00028772511 -0.42371151 5.1471628
-0.44364593 0.03903231 0.89535172 34.872587 0.022618701 0.99922054 -0.032352862 0.90472658 -0.89591671 0.0058984779 -0.44418299 4.7724626
-0.46169529 0.038023829 0.88622321 35.622282 0.029703983 0.99918324 -0.027395562 0.86978613 -0.88654114 0.013675958 -0.46244766 4.3859092
-0.47523538 0.038705384 0.87900692 36.332497 0.033871966 0.9990962 -0.025680395 0.83159125 -0.87920651 0.017569462 -0.47611688 3.9869675
-0.48651642 0.042040149 0.87265934 37.021392 0.036653928 0.99894435 -0.027688961 0.78008457 -0.87290224 0.01851526 -0.48754377 3.5821163
-0.49653602 0.045002341 0.86684872 37.723475 0.038100068 0.9988226 -0.030029806 0.73652519 -0.86717958 0.018116116 -0.497666 3.1882602
-0.50747446 0.043978887 0.8605437 38.393227 0.031890431 0.99897103 -0.032247118 0.68560786 -0.8610765 0.011078522 -0.50835479 2.8050304
-0.51784813 0.042789473 0.85440173 39.08334 0.030245463 0.99903965 -0.031701508 0.66637666 -0.85493777 0.0094252102 -0.518645 2.3696109
-0.52696388 0.044302499 0.84873217 39.757064 0.032227613 0.99896383 -0.032134761 0.61449966 -0.84927646 0.010418755 -0.52784562 1.9470806
-0.53450755 0.04745166 0.84383053 40.435218 0.036371268 0.99878914 -0.033126894 0.57605038 -0.84438076 0.012984612 -0.53558621 1.5172239
-0.53775949 0.05076902 0.84156829 41.150704 0.036710636 0.9986486 -0.036787172 0.53184098 -0.84229871 0.011111857 -0.53889653 1.0623028
-0.53726236 0.051798537 0.84182303 41.852351 0.0359222 0.99861194 -0.038519962 0.48508422 -0.84264988 0.0095448107 -0.53837732 0.61685556
-0.53424036 0.052987753 0.84367024 42.553449 0.038836275 0.99851818 -0.038120734 0.44478294 -0.84444008 0.012399375 -0.53550656 0.15809844
-0.52887222 0.051723802 0.84712382 43.295863 0.037239191 0.99859411 -0.037723304 0.40842896 -0.84788412 0.011595399 -0.53005483 -0.29942161
-0.52140491 0.050468689 0.85181557 44.066126 0.034751924 0.99867715 -0.037897995 0.35719175 -0.85260148 0.0098420303 -0.52246905 -0.75230632
-0.51427759 0.049760095 0.85617897 44.840045 0.033213949 0.99872202 -0.038094035 0.31543374 -0.85698043 0.0088461769 -0.51527309 -1.2065915
-0.50823365 0.048125056 0.85987352 45.669805 0.030021656 0.99882067 -0.038157105 0.26258908 -0.86069583 0.0064221033 -0.50907907 -1.6757125
-0.50330094 0.046227152 0.86287378 46.470019 0.026043838 0.99892588 -0.038324967 0.21820705 -0.86371867 0.0031835534 -0.50396427 -2.1398842
-0.50235693 0.042987611 0.86359106 47.311075 0.020784567 0.99907514 -0.037641173 0.16548143 -0.86441054 -0.00095993734 -0.5027858 -2.6091401
-0.50269037 0.041017622 0.86349284 48.150874 0.018342456 0.9991549 -0.036783607 0.11757214 -0.86427195 -0.0026521854 -0.50301792 -3.0768735
-0.50400836 0.039592866 0.86279077 48.98757 0.01671862 0.99920881 -0.036086634 0.069478994 -0.86353698 -0.003763294 -0.50427153 -3.568412
-0.50433187 0.038905467 0.86263298 49.862806 0.016724296 0.99923721 -0.035288696 0.01892072 -0.86334797 -0.0033702845 -0.50459784 -4.0663669
-0.50418075 0.038234607 0.86275131 50.745356 0.016840094 0.99926476 -0.034443347 -0.025633331 -0.86343398 -0.0028368583 -0.50445393 -4.5822659
-0.50433731 0.037634184 0.8626862 51.624264 0.016899751 0.99928864 -0.033713575 -0.079483225 -0.86334138 -0.0024238307 -0.50461456 -5.0875884
-0.50491112 0.037118137 0.86237285 52.523575 0.016578475 0.99930771 -0.033305528 -0.1341347 -0.86301215 -0.0025195044 -0.50517694 -5.6012498
-0.50483456 0.035888361 0.86246973 53.407328 0.015064941 0.99934951 -0.032766033 -0.18183095 -0.86308469 -0.0035483696 -0.50504682 -6.1176626
-0.50464813 0.035278045 0.862604 54.3219 0.014590691 0.99937057 -0.032335433 -0.23450423 -0.86320185 -0.0037320268 -0.50484522 -6.6340032
-0.50442488 0.034581679 0.86276276 55.20923 0.013649367 0.99939217 -0.032077854 -0.2874956 -0.86334773 -0.004404701 -0.50459029 -7.1285531
-0.50325778 0.032971578 0.86350704 56.103274 0.012862736 0.99944693 -0.030665725 -0.34614554 -0.86404063 -0.0043257009 -0.50340355 -7.645614
-0.5011346 0.030913682 0.86481697 56.984274 0.013291876 0.99951881 -0.028026492 -0.39965148 -0.8652673 -0.002550004 -0.50130436 -8.1678342
-0.49869639 0.029641031 0.86626974 57.87683 0.013993339 0.99956019 -0.026146089 -0.44673739 -0.86666381 -0.00091695283 -0.49889183 -8.6747348
-0.49626489 0.029238293 0.86767863 58.77175 0.013815964 0.99957214 -0.025780748 -0.49710507 -0.86806125 -0.0008062629 -0.49645652 -9.1698523
-0.49396201 0.029432675 0.86898515 59.669328 0.014186307 0.99956668 -0.025791492 -0.5530405 -0.86936778 -0.00041232612 -0.49416551 -9.6783854
-0.49290012 0.030161529 0.86956293 60.563999 0.01476478 0.99954503 -0.026300848 -0.59287565 -0.86996065 -0.00012478509 -0.4931212 -10.164726
-0.49372942 0.031335454 0.8690508 61.44934 0.013700528 0.99950683 -0.028255708 -0.65025335 -0.86950769 -0.0020442192 -0.49391524 -10.659011
-0.49701473 0.033085259 0.8671111 62.315832 0.012417718 0.99944172 -0.031016784 -0.69758248 -0.86765328 -0.0046482572 -0.49714811 -11.155456
-0.50073789 0.033452847 0.86495226 63.187098 0.011348337 0.99942076 -0.032083766 -0.75058846 -0.8655246 -0.006249787 -0.50082748 -11.657913
-0.50625657 0.032240527 0.86178 64.060336 0.010865648 0.99946007 -0.031008276 -0.80924711 -0.86231449 -0.0063343445 -0.50633354 -12.173193
-0.51076978 0.030223058 0.85918609 64.929624 0.014335607 0.99954235 -0.026638037 -0.85910448 -0.85959804 -0.0012889497 -0.51096929 -12.689952
-0.51652329 0.028128918 0.85581095 65.777347 0.011679082 0.99959874 -0.025806064 -0.90524707 -0.85619352 -0.0033343463 -0.51664456 -13.197296
-0.52169987 0.030312753 0.85259036 66.630934 0.012694898 0.99953375 -0.027769129 -0.95887189 -0.85303467 -0.0036636024 -0.52184145 -13.709801
-0.52663136 0.032759001 0.8494623 67.463832 0.01328834 0.99945236 -0.030305057 -1.0094948 -0.84998993 -0.0046716486 -0.52677827 -14.217635
-0.53197131 0.033068893 0.84611637 68.301081 0.011877205 0.99943023 -0.031593429 -1.0613126 -0.84667911 -0.006757299 -0.53206097 -14.721696
-0.53586808 0.03324591 0.84364687 69.133165 0.010525912 0.99940984 -0.032698264 -1.1203739 -0.84423614 -0.0086418025 -0.53590178 -15.243592
-0.53901858 0.032472835 0.84166764 69.959484 0.010538924 0.99943835 -0.03181056 -1.1762747 -0.84222797 -0.0082762111 -0.53905807 -15.770379
-0.54171453 0.026115098 0.84015672 70.781101 0.012574204 0.99965718 -0.022965376 -1.2197071 -0.84046851 -0.0018763746 -0.5418572 -16.294861
-0.54351482 0.018208173 0.83920203 71.611969 0.013331445 0.99982585 -0.013059028 -1.2555853 -0.83929374 0.0040900015 -0.54366291 -16.835365
-0.54547533 0.015365312 0.83798598 72.41305 0.01359686 0.99986259 -0.0094827936 -1.288458 -0.83801662 0.0062213488 -0.5456093 -17.349867
-0.54600623 0.020375598 0.83753327 73.217804 0.013411919 0.99978868 -0.015579441 -1.3230767 -0.83767379 0.0027264572 -0.54616412 -17.871183
-0.54800898 0.025372167 0.83608752 74.005253 0.01364658 0.99967803 -0.021391957 -1.3721121 -0.83636116 -0.00031324848 -0.54817878 -18.383868
-0.54794312 0.030729717 0.83595093 74.819593 0.0204514 0.99951844 -0.023337152 -1.3979377 -0.83626559 0.0043089357 -0.54830772 -18.919275
-0.54757534 0.031869227 0.83614924 75.597126 0.023764479 0.99946366 -0.022531015 -1.4423256 -0.83641889 0.007533224 -0.54803901 -19.444263
-0.54765487 0.028858876 0.83620646 76.407646 0.023276735 0.99954369 -0.019251333 -1.4877607 -0.83638053 0.0089210711 -0.54807671 -19.967772
-0.54713163 0.02386026 0.83670641 77.221117 0.02142778 0.99966531 -0.014495476 -1.5176948 -0.8367723 0.0099978284 -0.54745978 -20.487746
-0.54626696 0.017797082 0.83742201 78.018503 0.019644868 0.99977146 -0.0084326316 -1.5475265 -0.83738077 0.011844578 -0.54649173 -21.004621
-0.54550303 0.01142224 0.83803097 78.821147 0.010765758 0.99992013 -0.0066209647 -1.5837066 -0.83803974 0.0054102829 -0.54558243 -21.506995
-0.54427168 0.0058592717 0.83888852 79.619349 0.002107873 0.999982 -0.0056168482 -1.6060112 -0.8389064 -0.0012888202 -0.54427424 -22.003954
-0.54273189 0.0065323593 0.83988057 80.411971 0.0052482893 0.99997661 -0.0043860896 -1.6313384 -0.83988964 0.0020274664 -0.54275348 -22.506
-0.53964986 0.0098928474 0.8418314 81.197678 0.010813159 0.99992992 -0.004819057 -1.6591951 -0.84182015 0.0065022544 -0.53971901 -23.01178
-0.53388673 0.013235952 0.84545237 81.992902 0.011998484 0.99989539 -0.0080770192 -1.6842179 -0.84547091 0.0058319344 -0.5339897 -23.515332
-0.5266401 0.015408973 0.84994865 82.76721 0.017371589 0.999822 -0.0073623909 -1.7062774 -0.84991087 0.01088763 -0.52681404 -23.994191
-0.51888541 0.017931852 0.85465567 83.568609 0.02479308 0.99967506 -0.0059219846 -1.7454027 -0.85448423 0.018116716 -0.51916139 -24.48345
-0.50778259 0.018012558 0.86129689 84.38579 0.023632397 0.99969639 -0.006974331 -1.7648269 -0.86116109 0.016813067 -0.5080541 -24.963244
-0.49780099 0.014962207 0.86716218 85.19753 0.019191121 0.9997964 -0.0062338986 -1.7942886 -0.86707897 0.013538574 -0.49798678 -25.413397
-0.48590323 0.011968202 0.87393063 86.009467 0.02075971 0.99978218 -0.0021493515 -1.8131461 -0.87376607 0.017098171 -0.48604585 -25.85835
-0.47412283 0.010533214 0.88039567 86.83677 0.02007215 0.99979787 -0.0011522317 -1.840504 -0.88022992 0.017125135 -0.47423842 -26.296258
-0.46320965 0.0098307131 0.88619417 87.663122 0.020084691 0.99979811 -0.0005927653 -1.856763 -0.88602116 0.017524363 -0.46331357 -26.71922
-0.45064526 0.011832917 0.89262465 88.474621 0.023943468 0.99971264 -0.0011645498 -1.874457 -0.892382 0.020847732 -0.45079908 -27.124356
-0.43920798 0.0144982 0.89826838 89.302668 0.022909647 0.99972536 -0.0049340684 -1.9083266 -0.89809329 0.01841193 -0.43941951 -27.520463
-0.42741778 0.024127516 0.90373217 90.139904 0.024964439 0.9995776 -0.014879495 -1.9329402 -0.90370951 0.016201407 -0.42783957 -27.917171
-0.41394636 0.029340376 0.90982827 90.980084 0.025575997 0.99946072 -0.020594503 -1.9597115 -0.90994195 0.014744747 -0.41447354 -28.283293
-0.40325999 0.025582447 0.91472775 91.820766 0.022778671 0.99958003 -0.017913501 -1.9884305 -0.91480194 0.013612485 -0.40367337 -28.649345
-0.39105029 0.022046643 0.92010518 92.666665 0.024199244 0.99961373 -0.013666921 -2.0307708 -0.92005116 0.016921398 -0.39143275 -28.996117
-0.38105136 0.022525891 0.92427938 93.504236 0.02115403 0.99965386 -0.015641722 -2.0663755 -0.92431187 0.013591935 -0.38139598 -29.322091
-0.37422477 0.026889187 0.92694807 94.358407 0.016360885 0.99961539 -0.022391973 -2.1054232 -0.92719373 0.0067860612 -0.37452077 -29.660622
-0.36928314 0.031131597 0.9287953 95.197111 0.0076164604 0.99950656 -0.030473456 -2.145446 -0.92928576 -0.0041792003 -0.36933803 -29.974725
-0.36567363 0.033934554 0.93012428 96.040662 0.0061909255 0.9994017 -0.034028132 -2.1867473 -0.93072259 -0.0066848598 -0.36566494 -30.302061
-0.36226164 0.033665496 0.93146823 96.861092 0.0050674357 0.99940387 -0.034150051 -2.2327204 -0.93206271 -0.0076510972 -0.36221628 -30.618046
-0.35749149 0.033301461 0.93332244 97.732137 0.0043659791 0.99941273 -0.033987291 -2.2813248 -0.93390623 -0.0080753005 -0.35742694 -30.944612
-0.35198142 0.029664495 0.93553676 98.566526 0.0022728271 0.9995218 -0.030838249 -2.3260432 -0.93600427 -0.0087281766 -0.35188053 -31.239509
-0.34662118 0.025585394 0.93765616 99.437073 0.0017760238 0.99964404 -0.026620289 -2.3749569 -0.93800356 -0.0075618555 -0.34654324 -31.553575
-0.34097283 0.022817138 0.93979617 100.28127 0.001044748 0.99971398 -0.023892819 -2.4122285 -0.94007261 -0.0071649512 -0.34089914 -31.8627
-0.3349859 0.021551902 0.94197658 101.13048 -0.0038500113 0.99969871 -0.024241692 -2.4614714 -0.94221531 -0.011747245 -0.334802 -32.139743
-0.32853744 0.020955585 0.94425841 101.98884 -0.016136081 0.99948339 -0.027795426 -2.4970986 -0.94435314 -0.024368468 -0.32802958 -32.418798
-0.32180445 0.024905025 0.9464785 102.84004 -0.012274396 0.99946024 -0.030472467 -2.5398454 -0.94672663 -0.021423627 -0.32132506 -32.69387
-0.31507007 0.028181049 0.94864988 103.69774 -0.012414627 0.99935116 -0.033810408 -2.5929511 -0.94898725 -0.022429781 -0.31451579 -32.97456
-0.30862453 0.026639091 0.9508108 104.54379 -0.013229531 0.99939084 -0.032294353 -2.6321163 -0.95109198 -0.02254561 -0.30808411 -33.239739
-0.30167338 0.021315668 0.95317298 105.40244 -0.01408721 0.99954125 -0.026811108 -2.6768155 -0.95330729 -0.021515745 -0.30123471 -33.504092
-0.29462692 0.018945594 0.95542449 106.25213 -0.013264855 0.99962605 -0.023912608 -2.7140195 -0.95552033 -0.019718865 -0.29426544 -33.74778
-0.28820829 0.021781751 0.95731994 107.11114 -0.01636279 0.99948326 -0.027667224 -2.7594926 -0.95742797 -0.023638348 -0.28770295 -33.999337
-0.28193574 0.024701132 0.95911523 107.97166 -0.016129719 0.99940522 -0.030480157 -2.8035427 -0.95929774 -0.024063704 -0.28136963 -34.243363
-0.27463995 0.025655488 0.96120477 108.82223 -0.017673043 0.99934044 -0.031722989 -2.841493 -0.96138475 -0.025699813 -0.2740054 -34.478602
-0.26776393 0.024762348 0.96316625 109.6991 -0.017870433 0.99937007 -0.030661171 -2.8873825 -0.96331885 -0.025422153 -0.26715275 -34.716296
-0.26016935 0.024330912 0.96525636 110.54622 -0.015506453 0.99944826 -0.02937229 -2.9340343 -0.96543852 -0.022609471 -0.25964852 -34.933011
-0.25247569 0.025576476 0.96726511 111.41035 -0.010747294 0.9995148 -0.029234482 -2.9781504 -0.96754359 -0.017776478 -0.25207832 -35.158287
-0.24578561 0.025899336 0.96897811 112.29521 -0.010025892 0.99952159 -0.029258828 -3.0265857 -0.9692724 -0.016906268 -0.24540836 -35.376567
-0.23897123 0.025144833 0.97070099 113.14344 -0.015752638 0.99943272 -0.029767143 -3.0627103 -0.97089891 -0.022404592 -0.23843957 -35.567401
-0.23278512 0.022848166 0.97225972 114.0144 -0.021245597 0.99936593 -0.028571929 -3.1082892 -0.97229614 -0.027307357 -0.23215209 -35.764914
-0.22827846 0.023579401 0.97331027 114.90303 -0.016852486 0.9994612 -0.028165484 -3.1457533 -0.97345006 -0.02283227 -0.2277581 -35.969061
-0.2235119 0.023500024 0.97441783 115.74553 -0.015836832 0.99948979 -0.027737334 -3.1920768 -0.97457258 -0.021631316 -0.2230257 -36.158624
-0.2191013 0.025285588 0.97537438 116.63376 -0.014291759 0.99947373 -0.029120738 -3.2318016 -0.97559748 -0.020320207 -0.21862462 -36.352547
-0.21319748 0.024237728 0.97670839 117.48726 -0.0093459633 0.9995959 -0.026845748 -3.2728585 -0.97696447 -0.014851726 -0.2128848 -36.538095
-0.20805707 0.023029722 0.97784549 118.35871 -0.0013389106 0.99971514 -0.023829664 -3.3126343 -0.97811581 -0.0062671769 -0.20796696 -36.733473
-0.2028758 0.022121488 0.97895453 119.25187 0.0013092312 0.99975002 -0.022320082 -3.3543903 -0.97920364 -0.0032465259 -0.20285404 -36.919488
-0.19894145 0.023704627 0.97972461 120.1114 -0.00019536833 0.99970645 -0.024227761 -3.3897733 -0.9800114 -0.0050113124 -0.19887842 -37.076031
-0.19503981 0.025960158 0.98045166 120.97679 -0.001351378 0.99964159 -0.026737091 -3.4285368 -0.98079444 -0.0065397571 -0.19493482 -37.242008
-0.19318827 0.024904079 0.98084555 121.86648 -0.0044440048 0.99964536 -0.026256708 -3.471097 -0.98115168 -0.0094313698 -0.19300909 -37.409534
-0.19257683 0.023685832 0.98099596 122.71212 -0.0060375863 0.99966112 -0.025321718 -3.5121133 -0.98126337 -0.010799223 -0.19236856 -37.562328
-0.19190857 0.019526561 0.98121849 123.60534 -0.0051917726 0.99976786 -0.020911115 -3.5445037 -0.98139912 -0.0091072849 -0.19176265 -37.733613
-0.190717 0.014144532 0.98154311 124.4559 -0.0042619468 0.99987483 -0.01523681 -3.5837719 -0.98163585 -0.0070892025 -0.19063285 -37.893799
-0.18960107 0.012052718 0.98178719 125.32966 -0.0017668388 0.99991885 -0.012616515 -3.6154674 -0.98185966 -0.0041267637 -0.18956439 -38.055958
-0.18885182 0.016687129 0.98186376 126.1915 -0.0041241543 0.99983332 -0.017785767 -3.6503201 -0.98199698 -0.0074082315 -0.18875152 -38.221236
-0.18853485 0.02050702 0.98185233 127.03652 -0.0043170363 0.99975499 -0.02170989 -3.688134 -0.98205705 -0.0083317623 -0.18840013 -38.371414
-0.18865723 0.019511916 0.9818491 127.8895 -0.0077264701 0.99974216 -0.021352098 -3.7169813 -0.98201264 -0.011614455 -0.18845783 -38.528741
-0.18825781 0.01893566 0.98193704 128.75129 -0.0079553099 0.99975191 -0.020804399 -3.7555995 -0.98208747 -0.011728203 -0.18806047 -38.683671
-0.1874111 0.018852293 0.9821006 129.58996 -0.0038612585 0.99979395 -0.019928763 -3.7927779 -0.98227402 -0.0075270149 -0.18729969 -38.847786
-0.18672989 0.021673367 0.98217215 130.44473 -0.0057675824 0.9997152 -0.023157013 -3.8322882 -0.9823944 -0.0099888648 -0.18655171 -39.004089
-0.18689884 0.023158508 0.98210612 131.26718 -0.014657863 0.99954507 -0.026359176 -3.8618168 -0.98226985 -0.019322076 -0.18647436 -39.137093
-0.18632042 0.024287212 0.98218876 132.09765 -0.020444676 0.9993821 -0.0285907 -3.9029957 -0.98227634 -0.025407561 -0.18570875 -39.284076
-0.18638766 0.027601002 0.98208846 132.93765 -0.020671646 0.99927385 -0.032007195 -3.9506468 -0.98225883 -0.026267131 -0.18568176 -39.434119
-0.18557333 0.028928698 0.98220445 133.76955 -0.014988322 0.99936693 -0.032266006 -3.992464 -0.98251614 -0.020709306 -0.18502225 -39.581502
-0.18424717 0.030157604 0.98241713 134.59354 -0.016117508 0.99930207 -0.033698679 -4.0389234 -0.98274783 -0.022043002 -0.18363251 -39.732605
-0.18204769 0.029188228 0.98285635 135.41364 -0.011326678 0.99943076 -0.031778404 -4.0756571 -0.9832245 -0.016917682 -0.18161346 -39.885866
-0.17883127 0.026193383 0.98353099 136.24123 -0.0030211612 0.99962623 -0.027171354 -4.1256858 -0.98387516 -0.0078304929 -0.1786853 -40.036295
-0.17667851 0.021784096 0.98402748 137.0354 0.0041975812 0.99976264 -0.021378775 -4.1569154 -0.9842597 0.00035336595 -0.17672802 -40.194094
-0.1727164 0.02164602 0.98473368 137.86356 0.0081806544 0.99975553 -0.020541385 -4.1901772 -0.98493766 0.0045079326 -0.17285126 -40.332168
-0.16814209 0.025842808 0.98542392 138.66487 0.004862921 0.99966588 -0.025386546 -4.2387186 -0.98575082 0.00052349261 -0.16821158 -40.460629
-0.16138285 0.029085606 0.98646314 139.48671 0.0057483 0.99957636 -0.028531837 -4.27756 -0.98687518 0.0010659377 -0.16148168 -40.592164
-0.15349459 0.029549502 0.98770752 140.27339 0.0016113642 0.99955894 -0.029653648 -4.3164348 -0.98814822 -0.0029601174 -0.15347451 -40.706568
-0.14338014 0.026226803 0.98932007 141.06502 0.011186867 0.99962788 -0.024878771 -4.3425618 -0.9896045 0.0075002711 -0.14362018 -40.822055
-0.13148564 0.02467837 0.99101081 141.85891 0.020041076 0.99955195 -0.022232046 -4.3786166 -0.99111552 0.016937729 -0.13192131 -40.926663
-0.11814907 0.026432126 0.99264397 142.65048 0.016074049 0.99956559 -0.024703226 -4.4229781 -0.9928658 0.013037146 -0.11852261 -41.016037
-0.10368077 0.028007576 0.99421617 143.46554 0.017327487 0.99950261 -0.026349518 -4.4592509 -0.99445972 0.01449533 -0.1041145 -41.091424
-0.09003345 0.027995613 0.99554515 144.2281 0.019324437 0.99946576 -0.026358232 -4.4919932 -0.99575129 0.016865228 -0.090526352 -41.157952
-0.07641675 0.029563543 0.99663754 145.01735 0.023225327 0.9993419 -0.02786297 -4.5306429 -0.99680547 0.021018036 -0.077053085 -41.214371
-0.061955968 0.035265259 0.99745563 145.83833 0.019927059 0.99922009 -0.034089891 -4.5805845 -0.99787998 0.017764287 -0.062610382 -41.26006
-0.049497233 0.044470133 0.99778372 146.5642 0.012462276 0.99895801 -0.04390425 -4.6271587 -0.99869655 0.010261518 -0.049999858 -41.27356
-0.036431291 0.053121401 0.99792324 147.33534 0.0041384515 0.99858564 -0.053005577 -4.6700753 -0.99932763 0.0021987962 -0.036599606 -41.276149
-0.022900602 0.054366685 0.99825835 148.09636 0.0050232469 0.99851391 -0.054265366 -4.717319 -0.99972517 0.0037717895 -0.023139669 -41.287808
-0.010732278 0.050145975 0.99868419 148.88887 0.0045103887 0.99873402 -0.050100005 -4.7692376 -0.99993228 0.0039667677 -0.01094487 -41.289012
0.00038769466 0.047408724 0.99887546 149.65886 0.0052608816 0.99886165 -0.047410109 -4.8243472 -0.99998613 0.0052733471 0.00013784011 -41.274507
0.0094751502 0.053355016 0.99853061 150.40828 -0.0004792218 0.99857561 -0.053352871 -4.8904666 -0.99995504 2.700967e-05 0.0094872212 -41.255155
0.015400993 0.062073141 0.99795273 151.14979 -0.0087160754 0.99804156 -0.061944153 -4.9397388 -0.99984345 -0.0077442291 0.015911864 -41.223026
0.018478838 0.065430375 0.99768598 151.89729 -0.013605533 0.99778047 -0.065184572 -4.993477 -0.99973672 -0.012369513 0.019328037 -41.193462
0.018816591 0.061328692 0.9979402 152.65739 -0.014792616 0.99802478 -0.061054967 -5.0497506 -0.99971356 -0.013613299 0.019686634 -41.174555
0.017884704 0.055688385 0.99828796 153.41365 -0.0081704615 0.9984225 -0.055549511 -5.118567 -0.99980671 -0.0071629861 0.018311489 -41.162369
0.013968319 0.053207884 0.99848571 154.15385 -0.01043847 0.99853652 -0.053064561 -5.171425 -0.99984799 -0.0096814399 0.014503284 -41.14087
0.01122779 0.053265491 0.99851722 154.90774 -0.010312841 0.99853327 -0.053150383 -5.2240373 -0.99988383 -0.0097007873 0.011760639 -41.130994
0.0073529127 0.053568955 0.99853704 155.65194 -0.010981611 0.99850818 -0.05348654 -5.2811688 -0.99991271 -0.010572262 0.0079302154 -41.120749
0.0029925195 0.051764307 0.9986548 156.39001 -0.0090769771 0.99861958 -0.05173528 -5.3353312 -0.99995437 -0.0089099473 0.0034582505 -41.116706
-0.0023813535 0.052253236 0.99863098 157.1201 -0.011125527 0.99857067 -0.052276608 -5.3846015 -0.99993532 -0.011234785 -0.0017966065 -41.111943
-0.0083699921 0.050354064 0.99869631 157.87802 -0.010579844 0.99867098 -0.050441454 -5.4320087 -0.99990904 -0.010988245 -0.0078261316 -41.111413
-0.013803919 0.047436972 0.9987788 158.62734 -0.008349815 0.99883372 -0.04755498 -5.48687 -0.9998699 -0.0089960627 -0.013391731 -41.123476
-0.019337002 0.047397481 0.99868888 159.33991 -0.0082228389 0.99883437 -0.047563598 -5.5347351 -0.99977925 -0.0091317945 -0.018924721 -41.136761
-0.024846603 0.048572869 0.99851051 160.08372 -0.0091808738 0.9987657 -0.048813735 -5.5823085 -0.99964916 -0.010380054 -0.024369995 -41.148347
-0.028754933 0.050896203 0.99828986 160.78786 -0.013029709 0.99859894 -0.051287269 -5.6352253 -0.99950161 -0.014482188 -0.028051484 -41.162401
-0.031558407 0.05303831 0.99809364 161.50862 -0.01183185 0.99850128 -0.053434078 -5.6900843 -0.99943192 -0.013495589 -0.03088357 -41.179321
-0.033392606 0.054755494 0.99794122 162.21392 -0.010707543 0.99842121 -0.055140118 -5.744341 -0.99938499 -0.01252677 -0.032753591 -41.202297
-0.032188248 0.052999099 0.99807561 162.94011 -0.0059646856 0.99856513 -0.053217454 -5.7941526 -0.99946407 -0.0076661831 -0.031825941 -41.229938
-0.028255328 0.049089444 0.9983946 163.65216 -0.00054321064 0.99879252 -0.04912438 -5.8370304 -0.99960063 -0.0019303633 -0.028194546 -41.249174
-0.021113315 0.048618135 0.99859422 164.35765 -0.0010883814 0.9988152 -0.048651904 -5.8941806 -0.99977654 -0.0021140536 -0.021035386 -41.260169
-0.010390517 0.04999891 0.99869518 165.0507 0.00055936981 0.99874927 -0.049995797 -5.9470267 -0.9999459 3.9158603e-05 -0.010405491 -41.26068
0.0040250612 0.050248071 0.99872861 165.74213 0.0024686992 0.9987332 -0.05025825 -5.9971248 -0.99998889 0.002667854 0.0038959134 -41.250159
0.019120612 0.047893087 0.9986694 166.42096 0.0020629245 0.99884803 -0.047941149 -6.0393307 -0.9998151 0.0029768446 0.018999785 -41.227175
0.035040995 0.043075482 0.99845708 167.12768 -0.00072319826 0.99907151 -0.043076607 -6.0804215 -0.99938566 0.00078736562 0.035039611 -41.184721
0.051411437 0.036732902 0.99800174 167.79187 -0.0042700042 0.99932228 -0.036561539 -6.1252221 -0.99866847 -0.0023817896 0.051533442 -41.137153
0.068670939 0.029083738 0.9972153 168.47248 -0.0032125514 0.99957624 -0.028931368 -6.1604153 -0.99763423 -0.0012168604 0.06873527 -41.081805
0.086620954 0.02136401 0.9960122 169.16491 -0.0026863963 0.99977141 -0.021211012 -6.1915819 -0.99623776 -0.00083836457 0.086658544 -41.008836
0.10398418 0.015344947 0.99446053 169.81677 -0.0060126361 0.9998724 -0.014799752 -6.228 -0.99456082 -0.0044403885 0.10406317 -40.919788
0.12194624 0.012912034 0.99245267 170.47942 -0.0067946944 0.99990281 -0.012174072 -6.2570645 -0.99251349 -0.0052588296 0.12202212 -40.82635
0.13998725 0.011934243 0.99008134 171.10806 -0.0061074106 0.99991875 -0.011189296 -6.2754017 -0.99013451 -0.0044804737 0.14004876 -40.7245
0.15721697 0.011310957 0.98749927 171.75259 -0.006716826 0.99992353 -0.010383899 -6.2961112 -0.98754129 -0.0050003349 0.15728092 -40.609913
0.17378412 0.011067845 0.98472154 172.39929 -0.012733111 0.99987851 -0.0089910567 -6.3141106 -0.98470149 -0.010976065 0.17390393 -40.479341
0.18820154 0.0076703578 0.98210043 173.01385 -0.015303516 0.999871 -0.0048765098 -6.3316904 -0.98201123 -0.014111823 0.18829465 -40.336107
0.20034779 0.0033181454 0.97971918 173.64493 -0.011259072 0.99993603 -0.0010841909 -6.3513516 -0.97966019 -0.010813512 0.20037233 -40.202168
0.21136677 0.0014135755 0.97740576 174.27958 -0.0077237518 0.99997015 0.00022407437 -6.3683575 -0.97737634 -0.0075966007 0.21137138 -40.061863
0.22106425 0.0051146889 0.97524579 174.872 -0.012657795 0.99991707 -0.0023748663 -6.387573 -0.97517714 -0.011819463 0.22111065 -39.908973
0.22991292 0.01191171 0.97313826 175.47826 -0.014415157 0.99985708 -0.0088330477 -6.4051209 -0.97310448 -0.011997109 0.23005177 -39.752374
0.23905399 0.022172654 0.97075305 176.04853 -0.015286269 0.9997013 -0.019069511 -6.4215915 -0.97088599 -0.010280549 0.23932152 -39.598975
0.24746463 0.029035772 0.96846172 176.64521 -0.011862445 0.99956674 -0.026937208 -6.4398538 -0.96882435 -0.0048223167 0.24770185 -39.447303
0.25375828 0.027522203 0.96687599 177.24817 -0.011126093 0.99961204 -0.025533974 -6.4569602 -0.96720371 -0.0042780944 0.25396604 -39.28341
0.26001282 0.020142389 0.96539502 177.84305 -0.013437266 0.99976108 -0.017240315 -6.4780938 -0.9655117 -0.0084895664 0.26022136 -39.106665
0.26412029 0.0092635484 0.96444522 178.46055 -0.017374097 0.99983732 -0.0048454691 -6.5017481 -0.96433329 -0.015476578 0.26423826 -38.927886
0.26597593 -0.00016629729 0.96397962 179.07076 -0.016217277 0.99985769 0.0046470682 -6.5254449 -0.96384329 -0.016869132 0.26593538 -38.751937
0.26697851 -0.0010381442 0.96370188 179.67632 -0.013242529 0.99990105 0.004745775 -6.544969 -0.96361154 -0.01402887 0.26693834 -38.585935
0.26834209 0.0024539121 0.96332052 180.27808 -0.012224715 0.99992491 0.00085815463 -6.5456849 -0.96324616 -0.012006597 0.26835193 -38.418967
0.26968404 0.001901525 0.96294695 180.88576 -0.0083342506 0.9999652 0.00035947556 -6.559195 -0.96291284 -0.0081223853 0.2696905 -38.250412
0.27158206 -4.7811938e-05 0.96241524 181.49854 -0.0096413201 0.99994968 0.0027703421 -6.5576158 -0.96236703 -0.010031328 0.27156794 -38.072053
0.27406243 -0.0042639377 0.96170241 182.10373 -0.009723046 0.99992678 0.0072042528 -6.5740137 -0.96166279 -0.011325091 0.2740009 -37.894779
0.27741365 -0.0097793063 0.96070076 182.72381 -0.0083832697 0.99988549 0.012598949 -6.5847678 -0.96071404 -0.011548933 0.2772999 -37.7069
0.28160836 -0.012750964 0.95944466 183.3412 -0.0076385693 0.99985023 0.015529963 -6.5921217 -0.95949907 -0.011702151 0.28146879 -37.52412
0.28785087 -0.014214042 0.95756972 183.95051 -0.0061484888 0.99984181 0.016689794 -6.5863993 -0.95765555 -0.010691778 0.28771794 -37.338964
0.29560614 -0.01753003 0.95514901 184.58476 -0.004361406 0.99979644 0.01969925 -6.5905047 -0.95529999 -0.0099890114 0.29546951 -37.135654
0.30490676 -0.019734567 0.95217768 185.19232 -0.001991817 0.99976989 0.02135877 -6.5940718 -0.95238016 -0.0084089965 0.30479729 -36.935489
0.31579733 -0.018123408 0.94865352 185.82706 -0.0029894834 0.99979359 0.020095575 -6.5964837 -0.948822 -0.0091821125 0.31567797 -36.719045
0.32730642 -0.014240678 0.9448109 186.43146 -0.0042382091 0.99985425 0.016538543 -6.5969924 -0.94490879 -0.0094174767 0.32719836 -36.490011
0.33898661 -0.010283113 0.94073496 187.03834 -0.0062066261 0.99989406 0.013166287 -6.5976346 -0.94077077 -0.010301985 0.33888687 -36.255572
0.35085125 -0.0095057119 0.93638292 187.6622 -0.0054956258 0.99991036 0.012209756 -6.59268 -0.93641512 -0.0094298177 0.35076756 -36.008811
0.36217153 -0.013039257 0.93202022 188.28102 -0.0038864805 0.99987233 0.015498768 -6.5993703 -0.9321034 -0.0092354903 0.36207462 -35.754226
0.37306499 -0.015260187 0.92767967 188.90448 -0.0031424049 0.99983821 0.017710897 -6.5999939 -0.92779993 -0.00952246 0.37295667 -35.493198
0.38439778 -0.014965547 0.92304621 189.5367 -0.0069884519 0.99979277 0.01912016 -6.6078994 -0.92314115 -0.013800411 0.38421353 -35.220862
0.39370895 -0.016801444 0.91908155 190.14731 -0.0083301968 0.99972668 0.021844116 -6.595096 -0.91919744 -0.016256354 0.39346138 -34.941402
0.4010179 -0.015426301 0.91594028 190.78559 -0.013041321 0.99966074 0.022546088 -6.5955921 -0.91597742 -0.020986455 0.40068067 -34.647076
0.40512726 -0.017645509 0.91408997 191.44113 -0.01357046 0.99958753 0.025310413 -6.5888093 -0.91415962 -0.022658559 0.4047207 -34.364247
0.40747492 -0.02297134 0.9129274 192.08291 -0.0079223789 0.99955704 0.028687204 -6.5784755 -0.91318207 -0.018921873 0.40711243 -34.065151
0.40818116 -0.020788935 0.91266417 192.72613 -0.0067697475 0.99964426 0.025797904 -6.5780905 -0.91287589 -0.016708724 0.40789521 -33.773377
0.40702987 -0.020986115 0.9131737 193.3922 -0.0037461591 0.99968927 0.024644153 -6.5734077 -0.91340721 -0.0134518 0.40682477 -33.481416
0.40546413 -0.019866056 0.91389502 194.06216 -0.00099055993 0.99975368 0.022171911 -6.5699242 -0.91411046 -0.0098951818 0.40534458 -33.196347
0.40556312 -0.021139393 0.91382253 194.7327 0.0019672506 0.99975041 0.022254072 -6.5601749 -0.91406496 -0.0072277123 0.40550348 -32.892221
0.40459531 -0.027376738 0.91408592 195.41758 0.0056404318 0.9996075 0.027441512 -6.5545536 -0.91447848 -0.0059468673 0.40459092 -32.592502
0.40387788 -0.030595358 0.91430111 196.09954 0.0063532076 0.99951028 0.030640295 -6.5482562 -0.91479089 -0.0065661917 0.40387447 -32.292682
0.4024532 -0.033073953 0.91484286 196.78265 0.007384267 0.99943191 0.032883617 -6.5385109 -0.91541082 -0.0064786722 0.4024688 -31.987025
0.40026641 -0.033253112 0.91579526 197.46612 0.0069924568 0.99942315 0.033233503 -6.5283901 -0.91637218 -0.0068985956 0.40026804 -31.680547
0.39906736 -0.03362288 0.9163049 198.15663 0.0056409765 0.99939857 0.03421517 -6.5133784 -0.9169043 -0.0084853026 0.39901701 -31.36953
0.39710113 -0.032451342 0.91720092 198.8452 0.0042642718 0.99942914 0.033514434 -6.5082958 -0.91776499 -0.0093974252 0.39701282 -31.079577
0.39623814 -0.029592856 0.91767071 199.53883 0.0057219428 0.99954063 0.029762321 -6.5055246 -0.91812999 -0.0065421067 0.39622544 -30.778376
0.39525693 -0.023379 0.918273 200.22998 0.0045728021 0.99971375 0.023484167 -6.5069331 -0.91855926 -0.0050831983 0.3952507 -30.477827
0.39392804 -0.020039798 0.91892276 200.90248 0.0024282375 0.99978149 0.020762211 -6.4938288 -0.91913812 -0.0059474538 0.39389062 -30.181554
0.39301334 -0.022924574 0.91924693 201.60456 0.0015906722 0.99970464 0.02425099 -6.4881686 -0.91953144 -0.0080687412 0.39293372 -29.879101
0.39136865 -0.0259372 0.91986835 202.29521 -0.0002951464 0.99959912 0.028310914 -6.4862981 -0.92023397 -0.011351499 0.3912041 -29.579725
0.38883847 -0.025671181 0.92094819 202.96721 -0.0032408123 0.99956743 0.029230992 -6.4841366 -0.92130028 -0.014350754 0.38858707 -29.280614
0.38440459 -0.025300639 0.92281792 203.67193 -0.0067812584 0.99952002 0.030228326 -6.480066 -0.92313986 -0.017877774 0.38404851 -28.985354
0.37761702 -0.0266661 0.92557778 204.35442 -0.0061369566 0.99949122 0.031299316 -6.4696385 -0.92594157 -0.017499385 0.37726124 -28.708012
0.36896483 -0.026762513 0.92905794 205.05195 -0.0063335476 0.99948976 0.031306673 -6.4603733 -0.92942182 -0.017435294 0.36860707 -28.429108
