1.000000000000000000e+00 4.398956837314658088e-19 2.733407509747682871e-20 -8.673617379884035472e-19 -5.583667658079949532e-19 1.000000000000000000e+00 -6.100159232558060012e-19 0.000000000000000000e+00 4.145284534913582806e-20 -2.210423569125054137e-19 1.000000000000000222e+00 0.000000000000000000e+00
9.999024631802850838e-01 3.561183064998160275e-04 1.396199560660526043e-02 -8.951214880468358337e-02 -3.505191845092098138e-04 9.999998571739738829e-01 -4.034712711329700523e-04 -1.058947550279752681e-02 -1.396213753813352505e-02 3.985379868555280914e-04 9.999024451747968723e-01 1.723242715080924858e-02
9.995763705399121068e-01 1.497211660379834828e-03 2.906609431752522898e-02 -1.220805334081777466e-01 -1.488922261081039545e-03 9.999988444827714318e-01 -3.068329511001428628e-04 -1.656562829574931284e-02 -2.906652062870853162e-02 2.634258410582506794e-04 9.995774447030878473e-01 -3.388245307666237771e-03
9.979699376582674697e-01 5.029776402528257813e-03 6.348783260843220144e-02 -7.563536422768902395e-03 -5.103968279925466880e-03 9.999864681773875663e-01 1.006468747773132423e-03 9.566309866867114819e-03 -6.348191228806890352e-02 -1.328465394059326430e-03 9.979821050364063861e-01 4.224894878787956443e-01
9.954342260351655147e-01 4.186015425330601863e-03 9.535816105894870387e-02 2.296065748890709080e-02 -4.480479858857195317e-03 9.999858323900900903e-01 2.874078476387461126e-03 1.286561676829384160e-02 -9.534478077319757938e-02 -3.288206348174676705e-03 9.954388783359091608e-01 5.488327550628880891e-01
9.909342650615531323e-01 1.647836742390047186e-03 1.343375108909056759e-01 1.501176681756024589e-01 -2.309831889567626629e-03 9.999859455615949244e-01 4.772144068828924196e-03 1.147441543255123264e-02 -1.343277614597578051e-01 -5.039178064466139084e-03 9.909241440752075691e-01 7.954687852520768709e-01
9.850694937728371459e-01 -2.340483859729365363e-03 1.721412626384989097e-01 1.574293099020392384e-01 1.347152624285143877e-03 9.999817638109603779e-01 5.887038415293540695e-03 -1.656855644610068234e-02 -1.721519049317972727e-01 -5.567241286535100885e-03 9.850546826077664075e-01 9.065119384609194864e-01
9.764184869872306605e-01 -2.524947681554999546e-03 2.158716340849607951e-01 2.656133967249923455e-01 1.134538217632553728e-03 9.999778092792166451e-01 6.564584397769950702e-03 -5.284244132059634502e-03 -2.158834227021516339e-01 -6.164866799061087012e-03 9.763996839050447241e-01 1.166700441216392159e+00
9.647460199912112344e-01 -2.409446739391114724e-03 2.631716372241455493e-01 3.523213687281338546e-01 -2.541159429421147595e-04 9.999490976476181903e-01 1.008650267493846689e-02 3.957929853950020727e-03 -2.631825486076917464e-01 -9.797789261168267025e-03 9.646962995030271548e-01 1.338861212618369434e+00
9.504147059318145407e-01 -6.101417668962250650e-03 3.109254865765515019e-01 5.250418244557268910e-01 9.361199731732402487e-04 9.998591168718206079e-01 1.675917897417419575e-02 2.306506603507750552e-02 -3.109839425422653014e-01 -1.563710644472838737e-02 9.502865197606571446e-01 1.622348149276543916e+00
9.335425640959389426e-01 -1.578848835633185968e-02 3.581186995004625451e-01 6.251696033125219154e-01 7.379313353696618193e-03 9.996642996588132046e-01 2.483613694272871972e-02 -2.812063113397933467e-04 -3.583906101756479945e-01 -2.054292070146549257e-02 9.333456812433023053e-01 1.807947032488181005e+00
9.124775076573037325e-01 -2.155360297194482827e-02 4.085587324806893017e-01 7.915179446500407723e-01 1.024050210662287401e-02 9.995016999674132263e-01 2.985772675076102389e-02 -6.961237146211024518e-03 -4.089986962985380226e-01 -2.306065733840875071e-02 9.122435392336657456e-01 2.047915903523786163e+00
8.877094098995875759e-01 -2.349102617850988908e-02 4.598044934683183094e-01 1.000500074167406606e+00 8.925208626367845191e-03 9.993878611604322115e-01 3.382666970140218304e-02 -6.473482883906367391e-03 -4.603176604084149304e-01 -2.592440175203597832e-02 8.873756701612552922e-01 2.273769859773550284e+00
8.591119191326710425e-01 -2.540901326481153147e-02 5.111566184444772398e-01 1.152062048823330631e+00 6.827382213758727628e-03 9.992469236088514783e-01 3.819649822998901628e-02 2.717495635595881115e-02 -5.117422226263952378e-01 -2.932520505670334690e-02 8.586384185631308341e-01 2.513083545936049212e+00
8.271086184236249306e-01 -3.072913246503894760e-02 5.612014335235204765e-01 1.401586842792031051e+00 8.017161104207991273e-03 9.990477188883155613e-01 4.288799916229067005e-02 2.543432559436219903e-02 -5.619849327075423506e-01 -3.097379115458445686e-02 8.265673381336836600e-01 2.748727940512309953e+00
7.916481023845611809e-01 -3.640398942296588919e-02 6.098918148570915410e-01 1.627373102102124713e+00 1.014872757076409719e-02 9.988691275643601930e-01 4.644856596986395719e-02 2.583260101101640671e-02 -6.108930286677917154e-01 -3.058129290032859243e-02 7.911223026889256937e-01 2.950821356210579616e+00
7.539832564478248234e-01 -4.097927886860574381e-02 6.556141708357389186e-01 1.874727218231736714e+00 1.139856188274942714e-02 9.987181690792752420e-01 4.931623957691641524e-02 3.447161229938526528e-02 -6.567947395978749325e-01 -2.971055982528184036e-02 7.534838813289074233e-01 3.155003775142965150e+00
7.139492579434616459e-01 -4.423359283343858417e-02 6.987988542073246823e-01 2.190639513068767918e+00 1.241523430106856313e-02 9.986454076843397365e-01 5.052931439604872038e-02 4.278838328508633576e-02 -7.000873718639579746e-01 -2.739961455616851671e-02 7.135313172098617374e-01 3.387974388406382431e+00
6.724637672195129534e-01 -4.623282399630497530e-02 7.386846411420895375e-01 2.465617542140736695e+00 1.152673820996540782e-02 9.985802586755673227e-01 5.200578077976162478e-02 5.622757372659072800e-02 -7.400402869292540542e-01 -2.645737827381555024e-02 6.720419552488946513e-01 3.575267833924742789e+00
6.300357092654901292e-01 -4.643327779237026859e-02 7.751767192642649018e-01 2.851842026782640094e+00 7.270365400627130416e-03 9.985197361294869678e-01 5.390248877703118779e-02 8.575666625283202837e-02 -7.765321358275906194e-01 -2.832467421911505703e-02 6.294406759833557352e-01 3.828984343641911092e+00
5.881086629959882961e-01 -4.726566569704557935e-02 8.073996202475742789e-01 3.172083612603406433e+00 4.318931203598025403e-03 9.984601904401538830e-01 5.530456484095304381e-02 1.023686491575791502e-01 -8.087703996439535858e-01 -2.903798971466826570e-02 5.874072236870028219e-01 4.019763954509352644e+00
5.474968328952053431e-01 -4.821351645844997036e-02 8.354176580589527390e-01 3.553292345369597705e+00 2.089454461390688380e-03 9.984144709948654661e-01 5.625102882204019439e-02 1.241656167763564439e-01 -8.368051534972615890e-01 -2.905169238579559388e-02 5.467294995683241732e-01 4.233562792254899954e+00
5.089303159259638276e-01 -5.093975942649866390e-02 8.592991692688036753e-01 3.976455487209883621e+00 1.212203876832738817e-03 9.982889447211206191e-01 5.846121247059957865e-02 1.335838240120137965e-01 -8.608068758667948295e-01 -2.871103692781661401e-02 5.081212561975844144e-01 4.439355724251209168e+00
4.719082374416764258e-01 -5.085417252545480771e-02 8.801797860513521643e-01 4.365741498138461907e+00 -1.652755392923049892e-03 9.982822932094357338e-01 5.856390887942062445e-02 1.585436218888593984e-01 -8.816461296213641274e-01 -2.909151226557905520e-02 4.710135867219685801e-01 4.621825883152789416e+00
4.355935224312728060e-01 -5.016359109950892931e-02 8.987446155261119562e-01 4.828806168753454031e+00 -2.987335077246576574e-03 9.983599024819365120e-01 5.717150434171619500e-02 1.850229044293298375e-01 -9.001385302403709376e-01 -2.758838760054359990e-02 4.347292498667953420e-01 4.812858828809427614e+00
4.023670491233550250e-01 -4.892848452144418075e-02 9.141699772224783915e-01 5.336862389566153553e+00 -1.577837137789911762e-03 9.985322044433897481e-01 5.413822202376173537e-02 2.022824145155189823e-01 -9.154770795807833927e-01 -2.322584725008041209e-02 4.016992541000116157e-01 4.996013927395215326e+00
3.724229824903368402e-01 -4.727436066838607703e-02 9.268582645529588326e-01 5.837845126935198969e+00 2.609794541532987856e-04 9.987070751498738908e-01 5.083414109053910335e-02 2.248852248438035217e-01 -9.280630740426949465e-01 -1.868991068727270458e-02 3.719538039032485033e-01 5.165492493709683330e+00
3.467663107210869344e-01 -4.530681709491438114e-02 9.368566610500507208e-01 6.391167889654448153e+00 1.146573623579027514e-03 9.988524097200911500e-01 4.788056946327640118e-02 2.488161477369104646e-01 -9.379508658815257638e-01 -1.552919246581275711e-02 3.464203113652353783e-01 5.367115330868741374e+00
3.260221632830027638e-01 -4.478477551677744611e-02 9.443007243152794494e-01 6.957483019706388383e+00 2.282621150389800742e-03 9.989116425215620598e-01 4.658669382765835698e-02 2.725450371826660945e-01 -9.453593785419104334e-01 -1.303281303907701666e-02 3.257695599787223117e-01 5.535263325503168019e+00
3.119282432243370429e-01 -4.538721807137934688e-02 9.490209462148020414e-01 7.538142308789045565e+00 3.451514404604279478e-03 9.989058690993486422e-01 4.663852153894115782e-02 3.027235608521345323e-01 -9.500994022600224298e-01 -1.127231174445812029e-02 3.117436062042305278e-01 5.712409440371512659e+00
2.999794220218851004e-01 -4.700172824623130574e-02 9.527870531266092735e-01 8.154434386316600225e+00 4.467461488576018012e-03 9.988437186549092850e-01 4.786718555092186328e-02 3.193342135947350169e-01 -9.539352201859944147e-01 -1.010263029241179750e-02 2.998425384904279123e-01 5.899703497104946237e+00
2.887889710187789838e-01 -4.884293586533807602e-02 9.561460570481472576e-01 8.775613330384274491e+00 3.239450879705606159e-03 9.987419387034851548e-01 5.004044158075873772e-02 3.522855480242211845e-01 -9.573873053451369408e-01 -1.135373855732780060e-02 2.885838797459154836e-01 6.094641944869725769e+00
2.780708473295145366e-01 -5.040859563509729468e-02 9.592369685377652999e-01 9.458922804159696440e+00 1.567419630166759720e-03 9.986445465504459884e-01 5.202511703193712228e-02 3.833463170094059680e-01 -9.605592971872026764e-01 -1.296314064017721826e-02 2.777729453214687894e-01 6.282745740795401268e+00
2.679150746272868644e-01 -5.214895208738891397e-02 9.620301367082632060e-01 1.015812075390745939e+01 9.511244406528859482e-04 9.985478497543837095e-01 5.386359692347377631e-02 4.119179438882858424e-01 -9.634420712137160558e-01 -1.351585833306369160e-02 2.675756204838733998e-01 6.471885443999442877e+00
2.577517457369296605e-01 -5.413902439294904223e-02 9.646932091891676775e-01 1.085802438570663320e+01 -1.045948187854973786e-04 9.984273878455842688e-01 5.606014822751024390e-02 4.409391654799766913e-01 -9.662111793721744890e-01 -1.455050210708109908e-02 2.573407381989681886e-01 6.679081403865422040e+00
2.474792158361725225e-01 -5.580930049257221137e-02 9.672845206323249512e-01 1.158573485886078558e+01 -4.589727334141628255e-04 9.983328143106992014e-01 5.771811823490586441e-02 4.680195091983126998e-01 -9.688931022895104217e-01 -1.472799098141172949e-02 2.470410057300765627e-01 6.849893555270506695e+00
2.365342249194058721e-01 -5.711524099568581619e-02 9.699429847833473950e-01 1.235075593336410016e+01 -1.028063360906195838e-03 9.982554943437260686e-01 5.903313523507209420e-02 5.032245883538015718e-01 -9.716226223159687425e-01 -1.496051885043568445e-02 2.360628701840367105e-01 7.031931281330415118e+00
2.269300551903878915e-01 -6.002117835503957555e-02 9.720597677906860357e-01 1.310911808628671515e+01 -2.220021095177954467e-03 9.980646527268558499e-01 6.214515619867320984e-02 5.311658949931135076e-01 -9.739085369225928268e-01 -1.626059604126319641e-02 2.263576170866702097e-01 7.212782930070643417e+00
2.157508519109456735e-01 -6.345417616812332184e-02 9.743844832960767421e-01 1.388737872908028237e+01 -4.147649459964066615e-03 9.978177054736108165e-01 6.589858572838869222e-02 5.804117933699249887e-01 -9.764396467306447613e-01 -1.825908042402856618e-02 2.150168329673310119e-01 7.378006505659025827e+00
2.032341570175332235e-01 -6.742996580851944033e-02 9.768055389341767647e-01 1.469000157594748934e+01 -4.041851956376234234e-03 9.975595588317006657e-01 6.970358645133094277e-02 6.177042043892105871e-01 -9.791218298722965674e-01 -1.811425214163942671e-02 2.024656327106141018e-01 7.537441894008137133e+00
1.906721403372043655e-01 -6.976447184842668459e-02 9.791716075476407655e-01 1.547717568001394639e+01 -5.184339349243176527e-03 9.973859758854283220e-01 7.207175368325581533e-02 6.607357293547192478e-01 -9.816400941648592005e-01 -1.881843255806701920e-02 1.898120347005892161e-01 7.708687744737505732e+00
1.764013958403667648e-01 -7.043859599379168057e-02 9.817947521199292815e-01 1.628708479322588332e+01 -5.955219107524580696e-03 9.973416122116175453e-01 7.262398958656117454e-02 6.964878584280556062e-01 -9.843003098292013586e-01 -1.865777512690052625e-02 1.755129738801594619e-01 7.840355028985381836e+00
1.622293642988668905e-01 -6.967452753467671955e-02 9.842901386364673044e-01 1.706049586161930520e+01 -7.463367044920135585e-03 9.973888332434900361e-01 7.183184129979264254e-02 7.319456527277584668e-01 -9.867248596211312117e-01 -1.899935165859534258e-02 1.612857484288232057e-01 7.984442800826430542e+00
1.454677653934078607e-01 -6.866067339983759898e-02 9.869776210679271911e-01 1.786376718964978494e+01 -8.861467270893142595e-03 9.974585552342816186e-01 7.069586227699722891e-02 7.746444967054687547e-01 -9.893233145835617082e-01 -1.903003811578113727e-02 1.444896314141259908e-01 8.086778097376702945e+00
1.247329773877669246e-01 -6.719271760250407344e-02 9.899125245455008271e-01 1.869551571523845013e+01 -1.106305338681672079e-02 9.975480487698799026e-01 6.910498684691343541e-02 8.126764301818609759e-01 -9.921286763417733745e-01 -1.957112499188182198e-02 1.236837802060297697e-01 8.196881614883496425e+00
1.002737618192556385e-01 -6.591242843182239242e-02 9.927742480210427489e-01 1.950278786532837572e+01 -1.560516450206849912e-02 9.975763786568065949e-01 6.780742997373583048e-02 8.564744555655334768e-01 -9.948375087472892675e-01 -2.229171068014343046e-02 9.900216051542427842e-02 8.280632625458219209e+00
6.968382456562563498e-02 -6.531760859026808363e-02 9.954284291348362013e-01 2.033898937340973845e+01 -1.974200655544846444e-02 9.975683744867591685e-01 6.684004326506037819e-02 8.965263897150549388e-01 -9.973737690041388770e-01 -2.430942357927441677e-02 6.822487755332794224e-02 8.352881431105242171e+00
3.664728789587654023e-02 -6.514643541863394949e-02 9.972025376315877265e-01 2.119124571480205432e+01 -2.267498239018191086e-02 9.975617381817126761e-01 6.600320961532084307e-02 9.357511076155060614e-01 -9.990709878707614289e-01 -2.503038776372848093e-02 3.508073654505752120e-02 8.345178476661708089e+00
1.605742206884461232e-03 -6.442379526473629436e-02 9.979213290309512097e-01 2.202923538048625574e+01 -2.446537625180470604e-02 9.976213921734634615e-01 6.444379907217143155e-02 9.727810973390792482e-01 -9.996993969556635662e-01 -2.451800006277062363e-02 2.576899192081306991e-05 8.356320688967535659e+00
-3.184040106113907725e-02 -6.340286986361712285e-02 9.974799484991578868e-01 2.288192988328178856e+01 -2.561322586857781719e-02 9.977099857443618713e-01 6.259989622833436740e-02 9.985527541274443752e-01 -9.991647355538615383e-01 -2.355547255701564285e-02 -3.339143950820847029e-02 8.304389744543346552e+00
-6.495852545010789847e-02 -6.152438319730494515e-02 9.959895194986353451e-01 2.371576636723664677e+01 -2.795482997198620728e-02 9.978180189109022713e-01 5.981411729797711518e-02 1.032662447007762330e+00 -9.974963331288432267e-01 -2.395727995277027733e-02 -6.653669223831693014e-02 8.241756821171492220e+00
-9.721586839908802347e-02 -5.833101977378325753e-02 9.935524897103452657e-01 2.454149422759706667e+01 -2.969192012470047576e-02 9.980066724878186024e-01 5.568726576677734269e-02 1.071956186128226740e+00 -9.948203264055435202e-01 -2.408679440846984293e-02 -9.875404670163817622e-02 8.180538264213090827e+00
-1.290909172771737001e-01 -5.401467199801799485e-02 9.901605592553079926e-01 2.537831797756376773e+01 -2.701919206183409430e-02 9.983362538379532136e-01 5.093807566539112347e-02 1.099794405948653298e+00 -9.912646040230200795e-01 -2.017769452220951470e-02 -1.303355769396380703e-01 8.045381323321102229e+00
-1.614235289176506605e-01 -4.866165939202202195e-02 9.856847722000877665e-01 2.620680370174658336e+01 -2.268508975163092620e-02 9.987026623009206405e-01 4.558924250284522584e-02 1.117944144673563178e+00 -9.866244714487690803e-01 -1.500117018737205134e-02 -1.623180035773132135e-01 7.891119407454179502e+00
-1.922653701449319741e-01 -4.255439499273651338e-02 9.804198763695873842e-01 2.707012457496904290e+01 -1.609405154191905635e-02 9.990617328575597256e-01 4.020740544047595594e-02 1.133579137271681914e+00 -9.812109994107244271e-01 -8.048435344277125522e-03 -1.927698478641184932e-01 7.711243122443720566e+00
-2.206582832232688030e-01 -3.682835512271828010e-02 9.746556199679110577e-01 2.787111093398159056e+01 -1.090653925009738186e-02 9.993175623031009813e-01 3.529103393073804162e-02 1.146337281993637491e+00 -9.752902058473572611e-01 -2.842859783688843952e-03 -2.209093689584615827e-01 7.504149495044361906e+00
-2.483019074159635298e-01 -3.028632658309336062e-02 9.682091120266310691e-01 2.869545365419111960e+01 -1.733129136606151007e-03 9.995234054135603285e-01 3.082139324912388720e-02 1.171626025785460712e+00 -9.686811523652797407e-01 5.974980414313174441e-03 -2.482360595434943695e-01 7.287384172702521923e+00
-2.751238561972427776e-01 -1.996937514428245852e-02 9.612013688241328735e-01 2.950706471533703734e+01 4.284549621186839290e-03 9.997488650082756445e-01 2.199658001801235024e-02 1.167334380975229235e+00 -9.613992521399925550e-01 1.017010000951672211e-02 -2.749692045398861029e-01 7.044838702001873898e+00
-3.002969591437838481e-01 -4.868142373609767037e-03 9.538333299699677248e-01 3.032537350329170778e+01 8.678728397133794736e-03 9.999316379461299364e-01 7.835757156422472683e-03 1.158221967104667405e+00 -9.538062860698748313e-01 1.063111557402201916e-02 -3.002341822811627758e-01 6.795671868258292392e+00
-3.245376492621025455e-01 1.181121369261035718e-02 9.457990238556461815e-01 3.107305551593055526e+01 9.027792353393335190e-03 9.999151667843710900e-01 -9.389259012901022758e-03 1.125745323780540375e+00 -9.458297036088750831e-01 5.491310203700624192e-03 -3.246167482041469876e-01 6.496978732445941596e+00
-3.496113117723099184e-01 2.635741901669426401e-02 9.365239994274202617e-01 3.184933195925671967e+01 7.843267654801150054e-03 9.996515065789213228e-01 -2.520612092655910227e-02 1.098967151984075130e+00 -9.368620114855445991e-01 -1.466935632373273912e-03 -3.496962041401489585e-01 6.210368834700800811e+00
-3.744932755014526160e-01 3.727495910869524365e-02 9.264800854228655291e-01 3.261858489816816586e+01 1.192978208821935532e-02 9.993026302709170361e-01 -3.538267100420286471e-02 1.064330462916038611e+00 -9.271528899219427799e-01 -2.197865876161287420e-03 -3.746767986718996246e-01 5.897702111050389107e+00
-3.980038340650227102e-01 4.193090425077452416e-02 9.164249736300836835e-01 3.339088810733951362e+01 1.594740551116858793e-02 9.991201736022439217e-01 -3.878864427283751359e-02 1.014386019092754276e+00 -9.172451375555452646e-01 -8.234275050448970189e-04 -3.983223502104403235e-01 5.549539515224513941e+00
-4.207780197308058079e-01 4.131871674295159447e-02 9.062221620625952045e-01 3.411567751032058027e+01 1.786960929718442795e-02 9.991458837790890835e-01 -3.725828705890974618e-02 9.666934400078880385e-01 -9.069876233268178156e-01 5.163686896442828836e-04 -4.211569770007212998e-01 5.196009992226180429e+00
-4.410951306514016568e-01 3.806057250823615540e-02 8.966529228590731648e-01 3.487214354543169748e+01 2.221646971609736107e-02 9.992572293235628678e-01 -3.148679211044135701e-02 9.372998809644945695e-01 -8.971853362334955007e-01 6.031792837219020036e-03 -4.416130709428250922e-01 4.826841128934086456e+00
-4.592221241698669632e-01 3.677079962146832803e-02 8.875601020601874280e-01 3.560385492846952360e+01 2.950709958867691815e-02 9.992229761204480809e-01 -2.612996397831868559e-02 9.058444772050217031e-01 -8.878312817191683637e-01 1.418986783939472224e-02 -4.599502985105807795e-01 4.410408927572093241e+00
-4.727957398259002852e-01 3.737194496167860203e-02 8.803791865678900486e-01 3.629042839401946452e+01 3.279426943623806739e-02 9.991543355595162712e-01 -2.480220900015573521e-02 8.534338590437386962e-01 -8.805616032451886177e-01 1.714501459783523626e-02 -4.736215001543980785e-01 4.021617160973886662e+00
-4.842762431903007703e-01 4.067898531967952674e-02 8.739689506100982719e-01 3.699598630126978094e+01 3.555597303803117309e-02 9.990083555124529280e-01 -2.679698378287071955e-02 8.005274871311616192e-01 -8.741923733780997408e-01 1.809767491153387031e-02 -4.852423954607204548e-01 3.628425835502367303e+00
-4.940713314277537238e-01 4.314569406960156589e-02 8.683501338183936546e-01 3.769035442105460731e+01 3.711081497108550259e-02 9.989041743540183482e-01 -2.851732473293611472e-02 7.594442573534433416e-01 -8.686289882945283924e-01 1.813558964395572265e-02 -4.951310884857686445e-01 3.230041161064788557e+00
-5.045209358951322498e-01 4.262161773636113926e-02 8.623468034817957095e-01 3.838526876133146004e+01 3.108310694244550976e-02 9.990299839032743545e-01 -3.119185264885971157e-02 7.034235797612918839e-01 -8.628397753690979499e-01 1.106747625179780280e-02 -5.053563559841174335e-01 2.840447028936471607e+00
-5.160430872358651166e-01 4.141467522080125724e-02 8.555608356606456688e-01 3.908201438085941248e+01 2.950203304474700861e-02 9.990971997036390828e-01 -3.056821126060928553e-02 6.896425126257372806e-01 -8.560544224547878001e-01 9.466270944715783620e-03 -5.167990217066914527e-01 2.420142572681434512e+00
-5.244917491526298603e-01 4.283686055181631230e-02 8.503372244713404138e-01 3.976630697555100369e+01 3.160114225417130773e-02 9.990247953311591766e-01 -3.083546769282343586e-02 6.443836800028028833e-01 -8.508288810087469844e-01 1.069868022423832443e-02 -5.253339572729449625e-01 1.997198839126430814e+00
-5.319093695856249582e-01 4.579164470946949644e-02 8.455622595825675880e-01 4.044552985558089375e+01 3.544993963218816269e-02 9.988655881557800820e-01 -3.179368677546243194e-02 5.974153431851173535e-01 -8.460589436076074721e-01 1.306377219980153423e-02 -5.329292775298097862e-01 1.565888538422007592e+00
-5.356733575098069355e-01 4.911486021325744272e-02 8.429957127067380096e-01 4.113662092838882955e+01 3.626382375279828263e-02 9.987240870379344715e-01 -3.514445895129175712e-02 5.664174898969375205e-01 -8.436462533540750597e-01 1.174429864123630041e-02 -5.367709787531466104e-01 1.112628390701290382e+00
-5.352720583757286654e-01 5.035044792739490349e-02 8.431777054644246094e-01 4.183685719046661688e+01 3.529146409276046753e-02 9.986832598451409471e-01 -3.723249931725206713e-02 5.121399195577127639e-01 -8.439421471589543255e-01 9.827460165513968518e-03 -5.363441863773313889e-01 6.838276007415645674e-01
-5.319832620329268957e-01 5.132187086797038861e-02 8.451981196778195482e-01 4.256998278364522292e+01 3.793327943468470520e-02 9.986038721202217250e-01 -3.676102328241053624e-02 4.778782813624611880e-01 -8.459047741640665086e-01 1.250488839268300637e-02 -5.331873534305581197e-01 2.136337444461799684e-01
-5.264830068532727614e-01 5.016581009514990003e-02 8.487043194848912231e-01 4.333689069689812357e+01 3.625500096525831328e-02 9.986743226020183828e-01 -3.654000845148576426e-02 4.297114087857457632e-01 -8.494122851909745586e-01 1.153208341941691466e-02 -5.276038229214724540e-01 -2.292353355133487369e-01
-5.193636021953232929e-01 4.881726060326690292e-02 8.531578462250070105e-01 4.407777506788814748e+01 3.399448396922476884e-02 9.987569651488698019e-01 -3.645407475925974139e-02 3.836547211891048192e-01 -8.538769441474642896e-01 1.006974215318924906e-02 -5.203775339238678743e-01 -6.828997526337401425e-01
-5.119846593568726512e-01 4.823111881221513186e-02 8.576394664583214533e-01 4.485487490103949426e+01 3.227597278235921907e-02 9.987975416186676281e-01 -3.690165822609184354e-02 3.409200410616824994e-01 -8.583880138242965252e-01 8.788066160064243737e-03 -5.129257265998704574e-01 -1.157377399322060407e+00
-5.055827147435014712e-01 4.672917663390477316e-02 8.615117463844490509e-01 4.565900117397843161e+01 2.938935660853773946e-02 9.988854829131924573e-01 -3.693315163657543559e-02 2.921602667460925229e-01 -8.622774475229747493e-01 6.646513852943918346e-03 -5.063925758201798244e-01 -1.598211657764888161e+00
-5.010802893472866559e-01 4.463216292070305152e-02 8.642490961156026330e-01 4.648432868657799588e+01 2.538138393502322593e-02 9.989975021689976309e-01 -3.687514016108733861e-02 2.523928719931559650e-01 -8.650285205135592737e-01 3.458433181064159232e-03 -5.017107847254481667e-01 -2.075095685638451481e+00
-5.001689820862237346e-01 4.174603663426593170e-02 8.649209468156349168e-01 4.733116661920992385e+01 2.050212353618014946e-02 9.991281496501248638e-01 -3.636761563778458800e-02 2.056867518412981988e-01 -8.656850839872307635e-01 -4.572362685712560255e-04 -5.005887932033333820e-01 -2.506198752853837863e+00
-5.000987489856950630e-01 3.916141179042136045e-02 8.650824304889809246e-01 4.816537875230248744e+01 1.772493987799698967e-02 9.992305552041463867e-01 -3.498748372986960897e-02 1.575912413591721850e-01 -8.657869715600885474e-01 -2.163661862080484572e-03 -5.004080854941747036e-01 -3.023685026890264194e+00
-5.009845809314749099e-01 3.786831213933017359e-02 8.646273342131974848e-01 4.900877040719579014e+01 1.605028871257037359e-02 9.992769905707539202e-01 -3.446569767271795426e-02 1.132525974882613307e-01 -8.653073732734165580e-01 -3.389263861428231696e-03 -5.012301629163851135e-01 -3.495440500259672234e+00
-5.016469446018069211e-01 3.735084167876939754e-02 8.642657253829988395e-01 4.989104647833995898e+01 1.621299812356537598e-02 9.992979146957743364e-01 -3.377597288792229951e-02 6.420281679256539809e-02 -8.649205131059271023e-01 -2.931274111248501936e-03 -5.019003159975303774e-01 -4.001308900909045896e+00
-5.014487730335837057e-01 3.657865607716380418e-02 8.644137414528545449e-01 5.076178994834311453e+01 1.597780959152069608e-02 9.993270046970677001e-01 -3.301889235806808320e-02 1.582128703396950414e-02 -8.650397967467209348e-01 -2.745843983280425379e-03 -5.016957483840999155e-01 -4.504103710051873932e+00
-5.018240162897014134e-01 3.603314622780857263e-02 8.642188701498456638e-01 5.164851793325130558e+01 1.619705454529796890e-02 9.993481910546464508e-01 -3.226218263734444147e-02 -3.187715764331136570e-02 -8.648180874748350178e-01 -2.192136973768557019e-03 -5.020805549589818506e-01 -5.014015994698740819e+00
-5.022274879361469102e-01 3.554698807604750321e-02 8.640045998033609731e-01 5.253835691428032817e+01 1.595338463160874895e-02 9.993655659429768745e-01 -3.184266156429736705e-02 -8.395989722737758065e-02 -8.645883715374809153e-01 -2.208461309790891829e-03 -5.024759537035423662e-01 -5.529933936835236707e+00
-5.023377614396544733e-01 3.394552123919537118e-02 8.640048966877817982e-01 5.342191873687039561e+01 1.420870119760715353e-02 9.994182417506161098e-01 -3.100469059374012099e-02 -1.316217290120602068e-01 -8.645547400599659094e-01 -3.298438552890865794e-03 -5.025278452878613189e-01 -6.015572255096641285e+00
-5.026966986697544160e-01 3.336666847750319187e-02 8.638186621434416068e-01 5.433606090077925899e+01 1.400884252058457596e-02 9.994380310249998400e-01 -3.045282326933234848e-02 -1.842328096982412400e-01 -8.643493470753437213e-01 -3.207433213473680558e-03 -5.028816283416980282e-01 -6.539375331885763032e+00
-5.023073747096282737e-01 3.240126839440499174e-02 8.640818512137481422e-01 5.521758065172106456e+01 1.258791754022225637e-02 9.994658080885744367e-01 -3.016028463574763410e-02 -2.361472571291438061e-01 -8.645975121206047609e-01 -4.272741408838947111e-03 -5.024469118842656012e-01 -7.040950015053563327e+00
-5.004616458476631724e-01 3.108409040619450336e-02 8.652005009272880631e-01 5.613802255748042569e+01 1.210077340269938816e-02 9.995087742648923745e-01 -2.890988459446051928e-02 -2.925412929799536821e-01 -8.656741446257617545e-01 -3.998692315580212875e-03 -5.005919489601707850e-01 -7.571526866762845920e+00
-4.985718532332706898e-01 2.878779899397616859e-02 8.663702189041906365e-01 5.700946939330713548e+01 1.248241753431647907e-02 9.995832032679129453e-01 -2.603092342053111435e-02 -3.441649598896396878e-01 -8.667585066238695513e-01 -2.163889999991844976e-03 -4.987233926604903722e-01 -8.072955349105948031e+00
-4.964012069664821003e-01 2.743632978238688680e-02 8.676595391651565903e-01 5.790320505106684834e+01 1.325419521659332647e-02 9.996234620736044185e-01 -2.402624309693085838e-02 -3.914143974833222961e-01 -8.679920393980417037e-01 -4.265262212193941913e-04 -4.965779407774772447e-01 -8.573553437317874781e+00
-4.934609074006905960e-01 2.704944450299224742e-02 8.693472532565741373e-01 5.882540172116566168e+01 1.279132203211941904e-02 9.996338885713261790e-01 -2.384262731895477397e-02 -4.443275912043114229e-01 -8.696739201726408908e-01 -6.453029006441814630e-04 -4.936262451018030295e-01 -9.104237566527153547e+00
-4.913720907201530874e-01 2.765129228820966192e-02 8.705106896461621835e-01 5.970801708489946691e+01 1.375581095985907963e-02 9.996176123093052368e-01 -2.398763850958300289e-02 -4.875713122408659173e-01 -8.708411213549545060e-01 1.877253443513875696e-04 -4.915645632558503508e-01 -9.599019735405644127e+00
-4.906649288959742949e-01 2.780028971201474464e-02 8.709047351601034714e-01 6.056595105547950908e+01 1.350390841590002819e-02 9.996134840008968903e-01 -2.430076206232204342e-02 -5.365225731605655080e-01 -8.712436998558916734e-01 -1.629129649465560644e-04 -4.908506928427462945e-01 -1.007587421292486063e+01
-4.910243958991530877e-01 2.906621696573992095e-02 8.706607743268700572e-01 6.148088260848918907e+01 1.284106386079772455e-02 9.995761276577536103e-01 -2.612799402921852851e-02 -5.817364472871012770e-01 -8.710511823279003529e-01 -1.649270952821776763e-03 -4.911895066121242381e-01 -1.058658549469982724e+01
-4.935603252399367591e-01 3.083323637984473203e-02 8.691648308665411715e-01 6.235475843183988331e+01 1.181867987367515860e-02 9.995168732919397225e-01 -2.874610909318638802e-02 -6.312760856650607710e-01 -8.696312647525249462e-01 -3.915557155864946882e-03 -4.936862824385188087e-01 -1.107481841971648429e+01
-4.981022941419369632e-01 3.134069506270191485e-02 8.665517017527636368e-01 6.321367940059583646e+01 1.044465347132885261e-02 9.994909633738425780e-01 -3.014503818220237719e-02 -6.798108602699992620e-01 -8.670553766538564577e-01 -5.964479552772239401e-03 -4.981760857499160644e-01 -1.156732325384621163e+01
-5.036908604202124939e-01 3.008759622056654537e-02 8.633598555532863150e-01 6.412386362901884240e+01 1.059605582988815478e-02 9.995333032554096775e-01 -2.865133964665506419e-02 -7.244818829092913859e-01 -8.638189932087619871e-01 -5.283207800367211576e-03 -5.037746005999054200e-01 -1.205808894808754594e+01
-5.091772322156948860e-01 2.796635122472322307e-02 8.602071936341364466e-01 6.496378950918342809e+01 1.348822733433821530e-02 9.996084781943551656e-01 -2.451444515055819021e-02 -7.869668386674480987e-01 -8.605559982419592746e-01 -8.795262214344610942e-04 -5.093550959400897638e-01 -1.257355460945670522e+01
-5.146064740769412671e-01 2.577241925891106747e-02 8.570390574067874301e-01 6.581826006970091214e+01 1.057510123183699226e-02 9.996629082641173003e-01 -2.371153845025527132e-02 -8.332999481400658048e-01 -8.573612751746084726e-01 -3.138835499462300487e-03 -5.147055516358748362e-01 -1.308698799745259045e+01
-5.195689263990406204e-01 2.781914560692468064e-02 8.539755339723189564e-01 6.665927941904067211e+01 1.169447211854373128e-02 9.996077370589522282e-01 -2.544820842832394223e-02 -8.809850033567764305e-01 -8.543485132223136436e-01 -3.235304358869637610e-03 -5.196904501883865546e-01 -1.358845107725852586e+01
-5.242541730805703182e-01 3.033601753899627107e-02 8.510213128338033339e-01 6.750543112058250017e+01 1.234855918610871205e-02 9.995310077316309494e-01 -2.802280581253677877e-02 -9.227500097629792730e-01 -8.514723054845776407e-01 -4.182184950070109639e-03 -5.243829092326941499e-01 -1.410882466490713938e+01
-5.294417036810509236e-01 3.055126423082163076e-02 8.477960188621678217e-01 6.834795840132622402e+01 1.085461624394289983e-02 9.995134829799532383e-01 -2.923994914849558160e-02 -9.743590249348882404e-01 -8.482768837629356407e-01 -6.278347188259512240e-03 -5.295157447233872494e-01 -1.462987716123434900e+01
-5.332129661046468572e-01 3.105767986618260604e-02 8.454107524204803603e-01 6.917522093440871345e+01 9.941770894535831640e-03 9.994869231738781057e-01 -3.044752166874074850e-02 -1.023060290505714010e+00 -8.459226357743757641e-01 -7.830132477013260553e-03 -5.332481564160392873e-01 -1.512838204518467222e+01
-5.365051107647302864e-01 2.991468182268574097e-02 8.433666847824610180e-01 6.999009992016833337e+01 9.348433899430444796e-03 9.995208695331539994e-01 -2.950657778448416077e-02 -1.086772755606747687e+00 -8.438452965979449383e-01 -7.946271228550506188e-03 -5.365277114331239439e-01 -1.564696847980247973e+01
-5.392296617896306099e-01 2.367404294599426487e-02 8.418259313205266325e-01 7.081705155175559696e+01 1.149177183113711358e-02 9.997185800340668838e-01 -2.075331045246003175e-02 -1.127943885750488207e+00 -8.420803540365553452e-01 -1.516728141534784066e-03 -5.393499696808078392e-01 -1.619891621895665423e+01
-5.413505465511303516e-01 1.596834546281767839e-02 8.406453383132631574e-01 7.165044622371881644e+01 1.274421700600808158e-02 9.998606160392482511e-01 -1.078579645949041821e-02 -1.152928572700445908e+00 -8.407004117202909743e-01 4.874470781821796210e-03 -5.414785962098002114e-01 -1.670769764114053757e+01
-5.430799345014283297e-01 1.378593461223696914e-02 8.395678173402920663e-01 7.245509437584776435e+01 1.373672498404574296e-02 9.998772738607670796e-01 -7.532567988955529009e-03 -1.175181000524416541e+00 -8.395686384557872195e-01 7.442126680059483849e-03 -5.432026591707631580e-01 -1.724842014299249726e+01
-5.440825142928680247e-01 1.765502798437184120e-02 8.388459362808962094e-01 7.325849292491982112e+01 1.212899129021628372e-02 9.998396213167088931e-01 -1.317646368524237263e-02 -1.229782689074455648e+00 -8.389440486370852712e-01 3.005272517528312544e-03 -5.442093939160316252e-01 -1.773237180809100977e+01
-5.457487491140065039e-01 2.273822890746988318e-02 8.376402945241991915e-01 7.405690338297887365e+01 1.252262080649197383e-02 9.997414444444880921e-01 -1.897967878128771144e-02 -1.279335552938140719e+00 -8.378552967595441769e-01 1.313167501672058617e-04 -5.458923861398822241e-01 -1.825624654737170260e+01
-5.452485483276069411e-01 2.822886887101643677e-02 8.377989846800838469e-01 7.489620441200345624e+01 1.936981116016107951e-02 9.995902603915798323e-01 -2.107419542735818052e-02 -1.301613768885921729e+00 -8.380506204647922841e-01 4.737334621172930964e-03 -5.455719274396270135e-01 -1.880938583927718000e+01
-5.450762766178275376e-01 2.934345344286541646e-02 8.378727836783886884e-01 7.568234769497956904e+01 2.286178508128681661e-02 9.995359042630168611e-01 -2.013243238742078514e-02 -1.342023907702602381e+00 -8.380747001004488217e-01 8.181557213484414934e-03 -5.454941539474112977e-01 -1.931212940799803945e+01
-5.454013351748383531e-01 2.642525811861978768e-02 8.377583640557000333e-01 7.644361809560122367e+01 2.244691226895499311e-02 9.996048999337620034e-01 -1.691685907522169283e-02 -1.380007864149848995e+00 -8.378744125526769171e-01 9.578611981256986152e-03 -5.457790137011846454e-01 -1.983306515827886329e+01
-5.445009151485618037e-01 2.110566239896544474e-02 8.384946580725513021e-01 7.726127912700890477e+01 2.006277727904797262e-02 9.997250679607599944e-01 -1.213562630099167781e-02 -1.419172227199586356e+00 -8.385202739844613840e-01 1.021467296518161968e-02 -5.447746537854905036e-01 -2.034709563322687131e+01
-5.434753175489510646e-01 1.542595723973378893e-02 8.392833885119233006e-01 7.805829148310851906e+01 1.875574000888195758e-02 9.998046786960247401e-01 -6.231102888392689790e-03 -1.437553193749519398e+00 -8.392155938533177872e-01 1.235493144933795702e-02 -5.436584916651325816e-01 -2.086829113688549597e+01
-5.434372811573958684e-01 8.724312405098442330e-03 8.394044287393647163e-01 7.888557394868779227e+01 9.886937437963132930e-03 9.999431546623136491e-01 -3.991978859654026109e-03 -1.465046415909117661e+00 -8.393915543205046070e-01 6.129749923402857958e-03 -5.434926471924008684e-01 -2.138526244559415446e+01
-5.417822352696515242e-01 3.369100487428417379e-03 8.405121330706847305e-01 7.965983691127937050e+01 1.159236830347464735e-03 9.999940105597401319e-01 -3.261136775200647146e-03 -1.496653964428058536e+00 -8.405181005236170844e-01 -7.924724203354070089e-04 -5.417828970632782015e-01 -2.184977600358727656e+01
-5.397089656454397977e-01 4.600609424192294433e-03 8.418390902598117398e-01 8.048659995797275712e+01 5.230261251617883585e-03 9.999840924030548583e-01 -2.111705237570163807e-03 -1.508672366507779472e+00 -8.418354283326746623e-01 3.263333092021847379e-03 -5.397244437447031862e-01 -2.235113236129864589e+01
-5.364504770246816268e-01 7.413335722803240935e-03 8.438992328425359846e-01 8.128026117520786897e+01 1.031609709674521404e-02 9.999443091109807558e-01 -2.226387077846121720e-03 -1.532274412169149169e+00 -8.438687549162838808e-01 7.511401022181472820e-03 -5.364970794979129209e-01 -2.287691033375031679e+01
-5.315577688820898317e-01 9.958681764800764863e-03 8.469634879691022578e-01 8.206354688975135048e+01 1.024790584680615284e-02 9.999333065101519979e-01 -5.325686819893201557e-03 -1.566918585005783182e+00 -8.469600525079529207e-01 5.848692868181574328e-03 -5.316243742630690772e-01 -2.335543880387503890e+01
-5.237229961533570455e-01 1.251569207443743205e-02 8.517966703217588753e-01 8.284098074760052555e+01 1.631663519567536080e-02 9.998560203472511843e-01 -4.658965968548580035e-03 -1.583523262397218412e+00 -8.517323538730471322e-01 1.145844895939712033e-02 -5.238518058778564024e-01 -2.384588453346082204e+01
-5.151804309259244707e-01 1.456110888916714585e-02 8.569580411973366507e-01 8.365253480489384685e+01 2.294217742842961233e-02 9.997316887465542701e-01 -3.194835381410832641e-03 -1.622273498233063993e+00 -8.567746449063933234e-01 1.801456786880682379e-02 -5.153762669679645692e-01 -2.434000963720840360e+01
-5.057348496689245687e-01 1.501007309311513070e-02 8.625583725467969032e-01 8.442781953281900087e+01 2.264727853537418581e-02 9.997350336234089863e-01 -4.118650724666720470e-03 -1.634120412072516348e+00 -8.623916597747915969e-01 1.745165561719476052e-02 -5.059407854579046626e-01 -2.478504453093202642e+01
-4.941856355039090376e-01 1.216353965857539486e-02 8.692712995867853953e-01 8.527605641426583816e+01 1.828569271587012282e-02 9.998263401557048180e-01 -3.594849396005292581e-03 -1.662182692620079782e+00 -8.691640832221786406e-01 1.411870602026957765e-02 -4.943222352744279791e-01 -2.526054385987746187e+01
-4.834678404506566607e-01 9.144124507642799327e-03 8.753143540364517472e-01 8.606829720274001261e+01 1.996949554747588437e-02 9.998004184097222247e-01 5.852875430268189138e-04 -1.679832763017656605e+00 -8.751343206307816702e-01 1.776255492264665337e-02 -4.835539539547303312e-01 -2.571024949387608416e+01
-4.721432759782378530e-01 7.641449761486657395e-03 8.814886959912422437e-01 8.688179716451763568e+01 1.934244483196030998e-02 9.998114839329458325e-01 1.693041830690972986e-03 -1.703661561766601551e+00 -8.813095991893472592e-01 1.784950591749666013e-02 -4.722020749446541044e-01 -2.612508228801227972e+01
-4.596632623509274707e-01 6.507945521907756818e-03 8.880694329077015725e-01 8.773380831022390680e+01 1.870891750082916138e-02 9.998221950924228718e-01 2.356814430718982226e-03 -1.722389638888428109e+00 -8.878962071726201888e-01 1.769815989842232415e-02 -4.597032898315194238e-01 -2.654701370569589969e+01
-4.478622441280158961e-01 8.755523141141308141e-03 8.940596941487067850e-01 8.853612856173560886e+01 2.305734763112356894e-02 9.997325952021028916e-01 1.759764759118449557e-03 -1.738883986259027514e+00 -8.938052261294069378e-01 2.140277853497355234e-02 -4.479443640133061177e-01 -2.695109777573673782e+01
