1 0 0 0 0 1 0 0 0 0 1 0
0.99988395 0.00047773856 0.015227134 -0.008328354 -0.00046981506 0.99999975 -0.00052392897 -5.2388154e-05 -0.015227382 0.00051671425 0.99988392 0.093348166
0.99931484 0.0024624731 0.036929579 0.01653775 -0.002444776 0.99999687 -0.0005243662 0.0069115122 -0.036930758 0.00043372241 0.99931773 0.23306375
0.99797126 0.0047217079 0.06349064 0.038443525 -0.0047681132 0.99998846 0.00057939568 0.0043177968 -0.063487177 -0.00088095077 0.99798227 0.38863261
0.99523315 0.0046492449 0.097413367 0.091040758 -0.0049962971 0.99998201 0.0033190409 0.0054103096 -0.097396192 -0.0037899256 0.99523847 0.57198331
0.99094285 0.0011083246 0.1342797 0.15887271 -0.0018182733 0.99998501 0.0051645688 0.002740722 -0.13427198 -0.0053619497 0.99093001 0.77048315
0.98475334 -0.0022328493 0.17394213 0.22020346 0.001238329 0.99998226 0.005825852 -0.0041904312 -0.17395207 -0.0055216296 0.98473864 0.94072941
0.97608187 -0.0023244786 0.21739086 0.31404389 0.00077685825 0.99997375 0.0072042606 -0.0049126678 -0.21740191 -0.0068630662 0.97605805 1.1667983
0.96421743 -0.0021975043 0.2651036 0.41104445 -0.00046557621 0.99995007 0.0099821776 0.0051544653 -0.26511232 -0.0097484155 0.96416826 1.3886866
0.94999337 -0.0062538713 0.31220742 0.54993872 0.0010047853 0.99985548 0.016970859 0.016397878 -0.31226846 -0.015808502 0.94986236 1.6283689
0.93244289 -0.015621546 0.36097951 0.6876975 0.0070743582 0.99966274 0.024987131 0.0050700069 -0.36124813 -0.020745375 0.93223893 1.8353657
0.91172972 -0.021614456 0.41022154 0.84317341 0.010100086 0.99949239 0.030215224 0.00021922915 -0.41066643 -0.023404845 0.91148522 2.0602694
0.8869225 -0.023452937 0.46132247 1.0314282 0.0089472047 0.9993951 0.033606153 0.0063880532 -0.46183162 -0.025678506 0.88659584 2.3241139
0.85835479 -0.025516472 0.51242164 1.2087883 0.0067059484 0.99923515 0.038524666 0.026182453 -0.51301277 -0.029631559 0.85786939 2.5149457
0.82630747 -0.030843543 0.56237409 1.4463756 0.0081254006 0.99904829 0.042854232 0.026191637 -0.5631607 -0.030841257 0.82577168 2.751236
0.79118853 -0.03643312 0.61048613 1.6625127 0.010258623 0.99887414 0.046316526 0.030613801 -0.61148631 -0.030382358 0.79067151 2.9607734
0.75252462 -0.040839492 0.65729658 1.935712 0.010930115 0.99871239 0.049538864 0.037518327 -0.65847343 -0.030094888 0.75200204 3.1708526
0.71260081 -0.044199901 0.70017599 2.2244068 0.012330681 0.99864834 0.050492027 0.048209311 -0.70146139 -0.027347013 0.71218263 3.3977471
0.6707837 -0.046118339 0.74021772 2.4999392 0.01152544 0.99859244 0.051771723 0.063540233 -0.74156351 -0.026196293 0.67037106 3.5873476
0.62856875 -0.046541029 0.77636023 2.850081 0.0072143137 0.99851392 0.054017672 0.088387274 -0.7777206 -0.028352914 0.6279704 3.7845886
0.58783574 -0.047404892 0.80759016 3.200981 0.0044157717 0.99845479 0.055394302 0.10865978 -0.80896829 -0.028996617 0.58713674 4.0179429
0.5479435 -0.048440549 0.8351116 3.5671008 0.0024279218 0.99840984 0.056319607 0.13045552 -0.83651186 -0.028832376 0.54718979 4.2255994
0.50880237 -0.051094064 0.85936574 4.0021572 0.0012754303 0.99828083 0.058598196 0.14013177 -0.86088244 -0.02871884 0.50799282 4.4240199
0.47169573 -0.050916056 0.88029008 4.4170248 -0.0014470171 0.99828541 0.058516287 0.1631019 -0.88176023 -0.028875677 0.47081329 4.6305306
0.43455024 -0.050125155 0.89925163 4.8622029 -0.0030560442 0.99836227 0.057126466 0.18077828 -0.90064245 -0.027572472 0.43368537 4.8258119
0.40144928 -0.049064295 0.91456607 5.352383 -0.001610035 0.99852472 0.054275202 0.20350202 -0.91587988 -0.023261224 0.40077803 4.9910005
0.37202707 -0.04721309 0.92702034 5.8764562 0.00020277992 0.9987097 0.050782846 0.22759449 -0.9282219 -0.018704612 0.37155661 5.1458557
0.34533648 -0.045335799 0.93738322 6.4109167 0.0014067682 0.99885638 0.04779064 0.25279409 -0.93847792 -0.01518517 0.34500533 5.3536379
0.32480839 -0.044806298 0.94471786 6.9854341 0.0025891845 0.99891556 0.046486598 0.28003572 -0.94577634 -0.012653188 0.32457216 5.5216077
0.31009968 -0.04528945 0.94962465 7.5561699 0.0030514406 0.99890694 0.046643371 0.30138779 -0.95069919 -0.01156637 0.30989892 5.7023449
0.297298 -0.046723433 0.95364078 8.1586844 0.0044558822 0.99885893 0.047549763 0.31863399 -0.95477438 -0.0098871375 0.29716695 5.9310966
0.2875281 -0.048736412 0.95653138 8.8127087 0.0034829601 0.99875111 0.049840598 0.34957723 -0.95776591 -0.010999011 0.28733876 6.0720897
0.27635963 -0.050487277 0.95972721 9.469513 0.0021597861 0.99864928 0.051912882 0.38422532 -0.96105191 -0.012273819 0.27609539 6.2816322
0.26623968 -0.052137752 0.96249572 10.181299 0.0010109326 0.99855062 0.053811183 0.40912985 -0.96390637 -0.013353653 0.2659065 6.4264979
0.25632408 -0.054202488 0.96506993 10.870141 0.00022866197 0.99842988 0.056015393 0.44039062 -0.96659091 -0.014137419 0.25593401 6.6371486
0.24575503 -0.055669819 0.96773202 11.61287 -0.00048158132 0.99834234 0.057553007 0.47005316 -0.96933189 -0.014609982 0.24532084 6.8115553
0.23449183 -0.056963488 0.97044766 12.382774 -0.00099862184 0.99826706 0.058837734 0.50374202 -0.97211762 -0.014766077 0.23402858 7.0216058
0.22466203 -0.059912552 0.97259312 13.140341 -0.0020531176 0.99807673 0.061956619 0.5352356 -0.97443462 -0.015916147 0.22410693 7.1771455
0.21312819 -0.063397055 0.97496518 13.904304 -0.0042986851 0.99782205 0.065823017 0.57242235 -0.97701483 -0.018219808 0.21239148 7.3560928
0.20085311 -0.067008299 0.97732688 14.721468 -0.0038240903 0.99759659 0.069183946 0.6197493 -0.97961395 -0.017633196 0.20011413 7.5481676
0.18730735 -0.069283784 0.9798549 15.49841 -0.0057702874 0.99741469 0.071628443 0.65146007 -0.98228445 -0.019070578 0.18642332 7.6540734
0.17327629 -0.070404292 0.98235354 16.298788 -0.00589866 0.99734955 0.072519498 0.69483433 -0.98485563 -0.018360479 0.17240174 7.7793064
0.15972226 -0.069390767 0.98472008 17.10444 -0.0075190395 0.99741192 0.071504722 0.73797234 -0.9871334 -0.018825044 0.15878713 7.9410597
0.14408012 -0.068500388 0.98719225 17.886138 -0.0083264331 0.997482 0.070429622 0.77418671 -0.98953104 -0.018367298 0.14314696 8.0359354
0.12346103 -0.067309232 0.99006402 18.706083 -0.010743369 0.99754789 0.069157718 0.8167051 -0.99229131 -0.019174905 0.12243516 8.1516916
0.097539645 -0.065845566 0.993051 19.520621 -0.015140597 0.99759531 0.067634024 0.85400044 -0.99511651 -0.021632383 0.09630815 8.2201281
0.066989292 -0.065241061 0.99561838 20.352892 -0.019601412 0.99758129 0.06668855 0.89431733 -0.99756118 -0.023982944 0.065548445 8.259291
0.034082937 -0.064840043 0.99731341 21.23444 -0.022204808 0.99759777 0.065617373 0.93251688 -0.99917235 -0.024381585 0.032561299 8.3027854
0.0013848648 -0.064547806 0.99791361 22.022656 -0.023510635 0.99763667 0.06456252 0.96630187 -0.99972267 -0.023550993 -0.00013596956 8.2997537
-0.033756573 -0.063402041 0.99741696 22.851597 -0.0252338 0.99772169 0.062567398 0.99791841 -0.99911152 -0.023056559 -0.035279541 8.2409587
-0.065489402 -0.061474908 0.99595778 23.739859 -0.027158886 0.99784053 0.059805282 1.0297051 -0.99748364 -0.023132491 -0.067017571 8.227064
-0.098503723 -0.058133987 0.99343715 24.587394 -0.029547657 0.99802291 0.055472554 1.0708019 -0.99469796 -0.023889487 -0.1000267 8.1275332
-0.13139416 -0.053818367 0.98986821 25.39062 -0.026595839 0.99835722 0.050749602 1.0991691 -0.99097342 -0.019658174 -0.13260965 7.984344
-0.16283262 -0.048224316 0.98547444 26.258804 -0.021999684 0.99873396 0.045238105 1.1212105 -0.98640845 -0.014313887 -0.16368739 7.875495
-0.19370664 -0.042234438 0.98014994 27.024451 -0.016641544 0.99907063 0.039760865 1.131534 -0.98091839 -0.008609264 -0.19422946 7.6315511
-0.22399777 -0.036398641 0.97390968 27.918151 -0.010653081 0.99933408 0.034898654 1.1428737 -0.97453147 -0.0025579172 -0.22423636 7.4661136
-0.24969806 -0.029671024 0.96786902 28.713245 -0.0018144085 0.99954302 0.030173929 1.1592122 -0.96832209 0.0057782626 -0.24963779 7.2357924
-0.27816587 -0.019238343 0.96034033 29.449844 0.0041936022 0.99976555 0.021242834 1.1652885 -0.96052394 0.0099363178 -0.27801998 7.0162718
-0.30426252 -0.0043736573 0.95257814 30.255755 0.0092043396 0.99992928 0.0075310192 1.151876 -0.95254379 0.011059261 -0.30420075 6.6887627
-0.32838828 0.012592865 0.94445883 31.044816 0.0091739753 0.99990648 -0.01014238 1.1314926 -0.9444983 0.0053338042 -0.3284731 6.4421841
-0.35253744 0.026811592 0.9354135 31.780846 0.0079202334 0.99963916 -0.025667511 1.103177 -0.93576423 -0.0016400647 -0.35262258 6.1774136
-0.37559917 0.03804931 0.92600078 32.573192 0.011691418 0.9992719 -0.036317807 1.0601341 -0.9267085 -0.0028146748 -0.37577054 5.8483361
-0.3996787 0.042644931 0.91566275 33.323997 0.015995371 0.99908962 -0.03954851 1.0165856 -0.91651577 -0.0011603305 -0.39999696 5.4995324
-0.42210918 0.041834994 0.90557916 34.048965 0.01855432 0.99912406 -0.03750793 0.9681418 -0.90635515 0.00096996477 -0.42251566 5.1474526
-0.4422393 0.038432572 0.89607325 34.800632 0.022498247 0.99924247 -0.031753931 0.93083938 -0.89661491 0.0061172422 -0.44276896 4.768979
-0.46078937 0.037306425 0.88672505 35.515498 0.029308588 0.99921084 -0.026808645 0.89510865 -0.8870255 0.013635522 -0.46151913 4.3912141
-0.47267849 0.038254507 0.88040421 36.244024 0.033141744 0.99912225 -0.025619526 0.85042267 -0.88061157 0.017068333 -0.47353142 3.9684172
-0.48519279 0.041344603 0.87342917 36.925449 0.036146098 0.99897606 -0.027208208 0.80352902 -0.87365982 0.018369832 -0.48619043 3.5939586
-0.4947162 0.04422281 0.86792866 37.625085 0.037522418 0.99886007 -0.0295064 0.7577381 -0.86824421 0.017969489 -0.49581161 3.1805382
-0.50567141 0.043105075 0.8616486 38.286483 0.031033658 0.99901348 -0.03176436 0.70171174 -0.86216785 0.01067778 -0.50651027 2.7872473
-0.51695401 0.041851671 0.85498943 38.999863 0.029782914 0.99907875 -0.030897128 0.68490225 -0.85549494 0.0094916832 -0.51772423 2.3653277
-0.52456556 0.04363777 0.85025093 39.646781 0.03154753 0.99899598 -0.031808502 0.63924877 -0.85078539 0.010137673 -0.52541556 1.9409291
-0.53255554 0.046605204 0.84511093 40.342578 0.035774386 0.99883003 -0.032538721 0.59427647 -0.84563872 0.01290465 -0.53359974 1.4913497
-0.53632838 0.049884779 0.84253386 41.081295 0.036169711 0.99869319 -0.036106259 0.55034307 -0.84323406 0.011109396 -0.53743182 1.0643166
-0.53627949 0.051124497 0.84249068 41.761479 0.035350367 0.99864851 -0.038098613 0.5074602 -0.8432999 0.009350851 -0.53736198 0.61579049
-0.53226844 0.052183358 0.84496577 42.491164 0.038173428 0.99856263 -0.037622637 0.48020833 -0.84571459 0.012229899 -0.53349539 0.1460831
-0.52672751 0.051123794 0.84849539 43.229943 0.036423496 0.99863039 -0.037558856 0.42625889 -0.84925351 0.011121887 -0.52786821 -0.30078633
-0.51985161 0.04962664 0.85281384 43.990731 0.034232428 0.99871947 -0.037249991 0.39037191 -0.85357045 0.0098294212 -0.52088476 -0.75170006
-0.51205084 0.049153164 0.85754758 44.783551 0.032615382 0.99875398 -0.03777188 0.33718546 -0.85833574 0.0086281198 -0.51301596 -1.2124587
-0.50649485 0.047531586 0.86093185 45.562886 0.029402556 0.99885084 -0.0378482 0.28904645 -0.86174156 0.0061436799 -0.50731036 -1.6740607
-0.50186675 0.045558729 0.86374423 46.386857 0.024970566 0.99895876 -0.038181897 0.22828643 -0.86458446 0.0024059581 -0.50248182 -2.1269941
-0.50109378 0.042408877 0.8643532 47.208191 0.020411174 0.99909985 -0.0371871 0.19409254 -0.86515228 -0.00099175972 -0.50150833 -2.5739284
-0.50094684 0.04025759 0.86454123 48.073241 0.017580439 0.99918481 -0.036340553 0.14039694 -0.86529952 -0.0030056697 -0.50124622 -3.0571695
-0.50211853 0.038721371 0.86393147 48.907348 0.01614535 0.99924272 -0.035402308 0.10075685 -0.86464812 -0.0038276779 -0.50236345 -3.563739
-0.50228285 0.038377 0.86385131 49.791826 0.016099762 0.99925653 -0.035031298 0.046658709 -0.86455353 -0.0036878183 -0.50252727 -4.0746382
-0.5026352 0.0376103 0.86368007 50.67659 0.016096389 0.99928716 -0.034147918 -0.0017664943 -0.86434879 -0.0032618147 -0.50288229 -4.5607699
-0.50312704 0.036899434 0.86342432 51.533067 0.016242338 0.99931533 -0.0332423 -0.051558047 -0.86405985 -0.00270107 -0.5033819 -5.0457762
-0.50281557 0.036510413 0.86362227 52.435014 0.015826165 0.99932894 -0.033033272 -0.11199426 -0.86424886 -0.0029418143 -0.50305597 -5.5871572
-0.50314447 0.035168532 0.8634864 53.329336 0.014253128 0.99937342 -0.03239786 -0.1556741 -0.86408481 -0.0039934211 -0.50333047 -6.1130313
-0.50319114 0.034412803 0.86348965 54.226838 0.013925911 0.99939996 -0.031714055 -0.20681645 -0.86406297 -0.0039333505 -0.50336843 -6.6049671
-0.50300456 0.033565993 0.86363168 55.116518 0.012537661 0.99942381 -0.031541398 -0.26268407 -0.86419285 -0.0050375448 -0.50313557 -7.1188414
-0.50210369 0.032515584 0.8641959 56.002469 0.012457047 0.99946118 -0.030367342 -0.30994205 -0.86471774 -0.0044822247 -0.50223819 -7.626539
-0.49945912 0.03015604 0.86581242 56.902327 0.012507786 0.99954084 -0.027598432 -0.36771875 -0.8662472 -0.0029548914 -0.49960697 -8.1375626
-0.49695635 0.029145513 0.86728592 57.801157 0.013234074 0.99957413 -0.026007965 -0.41718346 -0.86767466 -0.0014470966 -0.49713042 -8.6466434
-0.49489028 0.02853792 0.86848669 58.680426 0.013164874 0.9995921 -0.02534421 -0.46747854 -0.86885578 -0.0011090847 -0.49506411 -9.142003
-0.49248935 0.029088977 0.86983217 59.578996 0.013918927 0.99957671 -0.025547157 -0.51853239 -0.8702072 -0.00047457204 -0.49268578 -9.646632
-0.49138764 0.02935585 0.87044607 60.454827 0.013802999 0.99956876 -0.025918396 -0.5678293 -0.87083163 -0.00072121264 -0.49158094 -10.1399
-0.49236043 0.030589426 0.86985368 61.361168 0.013040413 0.99952932 -0.027768399 -0.61590446 -0.87029375 -0.002328809 -0.49252759 -10.624628
-0.49531045 0.032399136 0.86811162 62.234642 0.011501698 0.99946127 -0.030738868 -0.67144948 -0.86863993 -0.0052405246 -0.49541626 -11.115345
-0.49971196 0.032942235 0.86556496 63.109102 0.010619829 0.99943445 -0.031906037 -0.72264966 -0.86612657 -0.0067516758 -0.49977919 -11.598406
-0.50623988 0.031306663 0.86182423 63.980435 0.010191008 0.99948825 -0.030321201 -0.77763793 -0.86233253 -0.006566943 -0.50629987 -12.102641
-0.51097652 0.029626355 0.85908394 64.839146 0.013929768 0.99956004 -0.026185492 -0.82868515 -0.85948183 -0.0014133306 -0.5111644 -12.641082
-0.51617866 0.027430446 0.85604153 65.700529 0.011103343 0.99961733 -0.025335966 -0.87222517 -0.85640899 -0.003572962 -0.51628571 -13.140985
-0.52083189 0.029654512 0.853144 66.548144 0.012229777 0.99955309 -0.027277458 -0.92587082 -0.85357169 -0.0037732087 -0.52096179 -13.647405
-0.52567572 0.032173803 0.85007636 67.387725 0.012460435 0.99946854 -0.030122652 -0.97777162 -0.85059381 -0.0052424252 -0.52579724 -14.16333
-0.53144065 0.032231593 0.84648207 68.231129 0.010930589 0.99945358 -0.031193834 -1.0316327 -0.84702504 -0.0073251233 -0.53150258 -14.668007
-0.53456294 0.032791522 0.84449223 69.04675 0.010259282 0.99942513 -0.032313427 -1.0778476 -0.84506643 -0.0086096763 -0.53459205 -15.194381
-0.5378582 0.031885614 0.84243208 69.881924 0.010044429 0.99945593 -0.031415929 -1.1345965 -0.84297552 -0.0084355653 -0.53788584 -15.724239
-0.54058513 0.025055587 0.84091609 70.701767 0.011645368 0.9996835 -0.022299898 -1.1869457 -0.84120875 -0.0022622152 -0.54070581 -16.239184
-0.5423709 0.017453401 0.83995781 71.521171 0.012783698 0.99983989 -0.012520986 -1.2169931 -0.84004193 0.0039467491 -0.54250718 -16.776101
-0.5436487 0.014982295 0.8391791 72.338668 0.013353449 0.99986851 -0.0092003471 -1.2438136 -0.83920667 0.0062041791 -0.54377728 -17.315596
-0.54594771 0.019651161 0.83758872 73.135689 0.012766844 0.99980394 -0.015135446 -1.2900978 -0.83772201 0.0024302031 -0.54609156 -17.807055
-0.54705212 0.02515423 0.83672049 73.936904 0.013510893 0.99968354 -0.021219877 -1.3359396 -0.83698954 -0.0003035371 -0.54721885 -18.324441
-0.54699636 0.030190177 0.83659038 74.739278 0.019688864 0.99953701 -0.023197089 -1.3631969 -0.83690345 0.003782792 -0.54733752 -18.860147
-0.54592909 0.030904499 0.83726118 75.534648 0.022680959 0.99949837 -0.022103974 -1.4075944 -0.83752436 0.006922685 -0.54635618 -19.387736
-0.54615816 0.028596637 0.83719378 76.33437 0.022935553 0.99955294 -0.019180043 -1.4471834 -0.83736807 0.0087261657 -0.54656988 -19.903827
-0.54561913 0.022942025 0.83771914 77.131592 0.020510344 0.99969135 -0.014019146 -1.4792258 -0.83778228 0.0095327947 -0.54592128 -20.422266
-0.54542628 0.017516719 0.8379757 77.924462 0.019525901 0.99977581 -0.0081897975 -1.5010224 -0.83793137 0.011895301 -0.54564603 -20.930929
-0.54484135 0.010492396 0.83847347 78.7322 0.010046315 0.99993162 -0.0059847209 -1.5418004 -0.838479 0.0051628462 -0.54490951 -21.436302
-0.5432663 0.0053897572 0.8395431 79.52469 0.0015114706 0.99998405 -0.0054416967 -1.5634611 -0.83955911 -0.001687345 -0.54326579 -21.928397
-0.54203295 0.0058482078 0.84033685 80.327757 0.0047243613 0.99998119 -0.0039119279 -1.5895933 -0.84034399 0.0018496619 -0.54205038 -22.435382
-0.53913113 0.009258401 0.84217091 81.113051 0.010038385 0.99993919 -0.0045665683 -1.6208729 -0.84216205 0.0059920579 -0.53919128 -22.933531
-0.53320589 0.012030036 0.84589993 81.907995 0.010611776 0.99991533 -0.0075313343 -1.6458146 -0.84591898 0.0049607499 -0.53328841 -23.439111
-0.52518306 0.014319546 0.85086876 82.692977 0.016077828 0.99984691 -0.0069030032 -1.6659813 -0.85083742 0.010054782 -0.52533289 -23.92347
-0.51703003 0.01748209 0.85578868 83.501073 0.024172818 0.99969087 -0.0058175724 -1.7034279 -0.8556259 0.017678966 -0.51729279 -24.421255
-0.50752923 0.016765486 0.86147138 84.298166 0.021986312 0.99973712 -0.0065032718 -1.7325011 -0.86135402 0.015639979 -0.50776443 -24.887821
-0.49742115 0.013869974 0.86739827 85.109137 0.018107423 0.99982034 -0.0056034998 -1.7523995 -0.86732023 0.012919049 -0.49758294 -25.33391
-0.48517405 0.011259057 0.87434507 85.92962 0.019995689 0.99979848 -0.0017789298 -1.7733906 -0.87418898 0.016620042 -0.48530141 -25.777296
-0.47352298 0.010198574 0.88072238 86.755665 0.019672373 0.99980598 -0.001000627 -1.7993664 -0.88056178 0.01685208 -0.47363173 -26.213178
-0.46313434 0.0093256131 0.88623899 87.571671 0.019417278 0.9998114 -0.00037353966 -1.8186103 -0.8860754 0.017035351 -0.46322807 -26.632753
-0.44995271 0.010381211 0.89299201 88.399717 0.021948574 0.99975894 -0.0005631492 -1.8349437 -0.89278267 0.019346512 -0.45007209 -27.045803
-0.43843016 0.013579825 0.89866262 89.231119 0.021949007 0.99974941 -0.0043991086 -1.8659732 -0.89849725 0.017796051 -0.43861836 -27.442478
-0.42684036 0.023185627 0.90402968 90.066642 0.023689948 0.99961489 -0.014451817 -1.8921784 -0.90401668 0.015247799 -0.42722524 -27.827051
-0.41390462 0.029371932 0.90984624 90.891437 0.026001962 0.99945299 -0.020435905 -1.908401 -0.90994886 0.015199273 -0.41444193 -28.195536
-0.40250866 0.024387801 0.91509122 91.738008 0.020912721 0.99962915 -0.017442201 -1.9498735 -0.91517731 0.012116412 -0.4028694 -28.56238
-0.39073904 0.021593897 0.92024814 92.581335 0.023935546 0.99962512 -0.013293424 -1.9851024 -0.92019029 0.016832383 -0.39110942 -28.9063
-0.3804089 0.021514019 0.92456808 93.431479 0.019341328 0.9996958 -0.015304292 -2.0228993 -0.92461616 0.012060487 -0.38070929 -29.244326
-0.37381888 0.025969538 0.92713804 94.280228 0.015218871 0.99964511 -0.021864295 -2.0585442 -0.92737689 0.0059367089 -0.37408144 -29.577787
-0.36917659 0.030268146 0.9288662 95.103658 0.006432621 0.99952878 -0.030014128 -2.097843 -0.92933704 -0.0051054685 -0.36919733 -29.883684
-0.36537715 0.032958659 0.93027587 95.951322 0.0048782885 0.99942706 -0.033492601 -2.1403456 -0.93084682 -0.0076992766 -0.3653286 -30.209158
-0.3611005 0.033095806 0.93193939 96.803629 0.0046598702 0.99942158 -0.033686718 -2.1841641 -0.9325153 -0.0078215733 -0.36104585 -30.523075
-0.35660034 0.032620767 0.93368732 97.655113 0.0029132396 0.99942421 -0.033804808 -2.2364923 -0.93425253 -0.0093347503 -0.35649005 -30.842369
-0.35125937 0.028536825 0.93584316 98.493122 0.00058151017 0.99954186 -0.030260934 -2.2832169 -0.93627805 -0.010085234 -0.35111504 -31.145626
-0.34571253 0.024618097 0.93801744 99.349017 0.0007466039 0.99966268 -0.025960798 -2.3257964 -0.93834022 -0.0082746451 -0.3456143 -31.456784
-0.33997041 0.021511595 0.94019003 100.20029 -0.001311157 0.99972654 -0.023347903 -2.3697585 -0.94043526 -0.0091703323 -0.33984924 -31.751456
-0.33438396 0.020441631 0.94221517 101.04321 -0.0055422087 0.9997048 -0.023655765 -2.4127156 -0.94242068 -0.013132061 -0.33417196 -32.042856
-0.32802981 0.020098101 0.94445351 101.89885 -0.017178488 0.99948143 -0.027235573 -2.4467971 -0.94451121 -0.025158363 -0.32751445 -32.314373
-0.32125972 0.023532617 0.94669865 102.74304 -0.014735321 0.99944594 -0.029844177 -2.4955022 -0.94687652 -0.02353764 -0.32073497 -32.596977
-0.31426196 0.027434313 0.94893978 103.60512 -0.012782777 0.99936945 -0.033125551 -2.5414319 -0.94925028 -0.022540186 -0.31371311 -32.872273
-0.30756389 0.025731438 0.95117941 104.45233 -0.014378669 0.99939447 -0.0316851 -2.5800769 -0.95141883 -0.023421886 -0.30700767 -33.137152
-0.30119312 0.020691085 0.95333861 105.3149 -0.014794698 0.99954282 -0.026368055 -2.6208527 -0.95344842 -0.022046233 -0.30074931 -33.404802
-0.29371367 0.018264781 0.95571889 106.16847 -0.014070122 0.99962651 -0.023427961 -2.6614645 -0.95578993 -0.020328193 -0.29334699 -33.649837
-0.28768411 0.021093498 0.957493 107.02389 -0.017508611 0.99947452 -0.027278905 -2.7077656 -0.95756534 -0.024612079 -0.28716362 -33.901634
-0.28071343 0.023695908 0.95949904 107.88761 -0.017757167 0.99939586 -0.029876284 -2.7524859 -0.95962739 -0.025424658 -0.28012307 -34.141983
-0.27451233 0.024616283 0.9612684 108.73988 -0.018598914 0.99934934 -0.03090281 -2.7858342 -0.96140373 -0.026361751 -0.27387588 -34.372527
-0.26707496 0.023586806 0.96338702 109.61664 -0.020000966 0.99934941 -0.030012046 -2.8365738 -0.96346822 -0.027284137 -0.26642944 -34.609758
-0.25920935 0.023528513 0.96553449 110.46302 -0.016977157 0.99943777 -0.028912401 -2.8804197 -0.96567198 -0.023886395 -0.25866417 -34.8266
-0.25156565 0.024736756 0.96752402 111.3172 -0.012098398 0.99951484 -0.028700367 -2.9250918 -0.96776466 -0.018925517 -0.25114432 -35.051409
-0.24438433 0.025437408 0.96934471 112.20368 -0.010282043 0.99953168 -0.028821805 -2.9669526 -0.96962398 -0.017010441 -0.24400833 -35.275498
-0.23808587 0.0240885 0.9709453 113.0572 -0.017255651 0.99942969 -0.029026441 -3.009235 -0.97109085 -0.023665078 -0.23753443 -35.464989
-0.23183963 0.022184365 0.97250098 113.9314 -0.021885013 0.99936792 -0.028014526 -3.0528197 -0.97250785 -0.027778074 -0.23120759 -35.659578
-0.2274978 0.022584204 0.97351663 114.81472 -0.018398594 0.99945287 -0.027485391 -3.0887248 -0.97360481 -0.024164202 -0.22695782 -35.863554
-0.22305889 0.022594627 0.97454304 115.66372 -0.017025822 0.99948854 -0.027069948 -3.1354103 -0.97465632 -0.022630588 -0.22256011 -36.052109
-0.2184261 0.02419563 0.97555345 116.54771 -0.01620123 0.99946488 -0.028416128 -3.1762616 -0.97571904 -0.02201199 -0.21791722 -36.244337
-0.21241236 0.023047139 0.97690826 117.40364 -0.011537318 0.99959299 -0.02609091 -3.2151575 -0.97711205 -0.016812932 -0.21206 -36.431222
-0.20756892 0.022122009 0.97797018 118.27287 -0.0031202328 0.9997242 -0.023276343 -3.2540943 -0.97821546 -0.0078829393 -0.20744265 -36.615974
-0.20220907 0.021197458 0.9791129 119.16567 -0.00019303913 0.99976485 -0.021684431 -3.2962389 -0.9793424 -0.0045737949 -0.20215743 -36.808863
-0.19849641 0.02238065 0.97984601 120.02123 -0.003074344 0.99972011 -0.023457391 -3.3353919 -0.98009683 -0.0076685907 -0.19837205 -36.966634
-0.19480346 0.024614173 0.98053336 120.89028 -0.0044046018 0.99965304 -0.025969196 -3.3700281 -0.98083245 -0.0093777477 -0.19462746 -37.13098
-0.19230043 0.023950886 0.98104374 121.77442 -0.0061127226 0.99965349 -0.02560341 -3.4096532 -0.98131711 -0.010920394 -0.19208739 -37.301261
-0.1919615 0.02288954 0.98113545 122.6262 -0.0076051826 0.99966326 -0.024809758 -3.4521156 -0.98137303 -0.012224232 -0.19172278 -37.450863
-0.19073979 0.018540245 0.98146549 123.51914 -0.0061389598 0.99977954 -0.02007926 -3.4840632 -0.98162148 -0.0098550903 -0.19058393 -37.625806
-0.19037935 0.013087741 0.98162331 124.37614 -0.0063872408 0.99987345 -0.014569827 -3.5232604 -0.98168986 -0.0090436581 -0.19027167 -37.773896
-0.18903198 0.011332897 0.98190549 125.23749 -0.0024094955 0.99992504 -0.012004737 -3.5545752 -0.98196802 -0.0046351754 -0.18899051 -37.94365
-0.18808937 0.015474071 0.98202997 126.10825 -0.006089294 0.99983829 -0.016920969 -3.5897171 -0.98213308 -0.009162523 -0.18796473 -38.101367
-0.18789263 0.019667961 0.98199259 126.94625 -0.0065242574 0.99975244 -0.021272004 -3.6208931 -0.98216795 -0.010403624 -0.18771779 -38.256803
-0.18781412 0.018501159 0.98203028 127.80288 -0.0097253571 0.99973854 -0.020694758 -3.653245 -0.98215648 -0.013437362 -0.18758509 -38.407966
-0.18751541 0.01771967 0.98210178 128.6703 -0.010008268 0.9997509 -0.019949011 -3.6919231 -0.98221071 -0.013569884 -0.18729136 -38.570197
-0.18689024 0.017947717 0.9822168 129.50392 -0.0054752137 0.99979854 -0.019310771 -3.7311318 -0.98236558 -0.0089868409 -0.18675433 -38.724666
-0.18577263 0.020655591 0.98237559 130.3511 -0.0068187449 0.99972785 -0.022309903 -3.76679 -0.98256914 -0.010843137 -0.18558123 -38.884271
-0.18612833 0.021676369 0.98228626 131.17553 -0.017820774 0.99951767 -0.025433383 -3.796816 -0.98236386 -0.022238974 -0.18565226 -39.013757
-0.1856662 0.02343502 0.98233333 132.01488 -0.020022615 0.99941775 -0.027626973 -3.8310432 -0.9824089 -0.024798277 -0.18508887 -39.161133
-0.1856045 0.026291765 0.98227269 132.85461 -0.023768404 0.99922937 -0.031236768 -3.8871423 -0.98233707 -0.029144738 -0.18483656 -39.310532
-0.18466812 0.027713154 0.98241009 133.67524 -0.017500976 0.99935113 -0.031480786 -3.9245721 -0.98264515 -0.023006632 -0.18406328 -39.462166
-0.1835445 0.028806893 0.98258918 134.51198 -0.018950489 0.99928107 -0.032836143 -3.9718494 -0.98282876 -0.024647439 -0.18286664 -39.607774
-0.18158892 0.027415482 0.98299225 135.32731 -0.016823144 0.99937841 -0.030980239 -4.0129667 -0.98323066 -0.022162688 -0.18101484 -39.762366
-0.17827998 0.025143175 0.98365847 136.15599 -0.0051110695 0.99963633 -0.026477921 -4.055114 -0.98396657 -0.0097480295 -0.17808664 -39.910962
-0.17587484 0.020837958 0.98419192 136.95721 0.0030803106 0.99978269 -0.020617604 -4.08461 -0.98440776 -0.00059450001 -0.17590081 -40.070147
-0.17185292 0.020427242 0.98491077 137.78357 0.0055425767 0.99978922 -0.019768722 -4.1202925 -0.98510707 0.0020616317 -0.17192992 -40.209355
-0.16703019 0.024470812 0.98564802 138.58107 0.00082059574 0.99969505 -0.024680498 -4.1690503 -0.98595148 -0.0033135691 -0.16699934 -40.334085
-0.16087907 0.02818006 0.9865717 139.38308 0.0043729839 0.99960285 -0.027839178 -4.2033881 -0.98696448 -0.00016447793 -0.16093841 -40.458832
-0.15278433 0.028249451 0.98785567 140.20624 -0.0030974688 0.99957277 -0.029063582 -4.2484436 -0.98825474 -0.0075003114 -0.15263156 -40.579056
-0.14271586 0.025068468 0.98944614 140.99481 0.0085228667 0.99967326 -0.024098257 -4.2674139 -0.98972705 0.0049937151 -0.14288289 -40.694066
-0.13087697 0.023590689 0.99111786 141.81511 0.017458749 0.99961667 -0.021487552 -4.3090471 -0.99124492 0.014491453 -0.13123867 -40.796363
-0.11753711 0.025518305 0.99274053 142.57348 0.015702549 0.99959257 -0.023835306 -4.3480184 -0.99294438 0.012787025 -0.11788992 -40.885915
-0.10300593 0.026767098 0.99432048 143.39049 0.01217967 0.99959685 -0.025647392 -4.3882201 -0.99460621 0.009468663 -0.10329042 -40.964999
-0.088944739 0.026813293 0.99567555 144.16457 0.017066697 0.99953186 -0.025392555 -4.419384 -0.99589038 0.01473436 -0.089360717 -41.028637
-0.075742252 0.02865175 0.99671566 144.93629 0.022244593 0.99938687 -0.027038129 -4.4518922 -0.99687932 0.020123606 -0.076333161 -41.080892
-0.061620993 0.034114231 0.99751641 145.75939 0.017365134 0.99930109 -0.033102544 -4.508471 -0.99794859 0.015282196 -0.062170325 -41.120393
-0.049093152 0.043358172 0.99785262 146.48537 0.0083453227 0.99904025 -0.042999195 -4.5509613 -0.99875938 0.0062164371 -0.049407874 -41.140972
-0.035050752 0.052162704 0.99802325 147.27737 0.0031216136 0.99863777 -0.052085188 -4.5923398 -0.9993807 0.0012898188 -0.035165838 -41.148828
-0.021702689 0.053201814 0.99834787 148.02327 0.0032970801 0.99858149 -0.053142587 -4.6396217 -0.99975907 0.0021382968 -0.021847315 -41.160497
-0.010318147 0.048924803 0.99874913 148.80465 -0.00037041807 0.99880208 -0.048931222 -4.6991873 -0.99994674 -0.00087483345 -0.010287666 -41.150481
0.0014066715 0.046188613 0.9989317 149.56387 0.0019066958 0.99893079 -0.046191254 -4.7457191 -0.99999724 0.0019696357 0.0013170983 -41.135883
0.01024026 0.052259779 0.99858098 150.31532 -0.0032801599 0.99862976 -0.052228693 -4.8103909 -0.99994223 -0.0027406691 0.010397647 -41.114936
0.016915306 0.060996568 0.99799459 151.05452 -0.010756054 0.99809079 -0.060820138 -4.8587494 -0.99979911 -0.0097056917 0.017539092 -41.094116
0.019582378 0.06428023 0.99773969 151.81426 -0.016041464 0.99782284 -0.063970743 -4.9126816 -0.99967959 -0.014752505 0.020570891 -41.060559
0.019474116 0.059978226 0.99800966 152.5559 -0.019391216 0.9980339 -0.059601301 -4.9672399 -0.99962234 -0.018191938 0.020598877 -41.036894
0.017875804 0.054506177 0.99835337 153.31086 -0.011894287 0.99845389 -0.054298693 -5.0374645 -0.99976951 -0.010904068 0.018496476 -41.018042
0.015200458 0.052080563 0.99852715 154.06466 -0.012959625 0.99856895 -0.051885458 -5.0835948 -0.99980052 -0.012151854 0.015853648 -41.002456
0.012576965 0.052052963 0.99856508 154.82346 -0.012683764 0.99857207 -0.051893573 -5.1374348 -0.9998405 -0.0120129 0.013219232 -40.994278
0.008809784 0.052531091 0.99858039 155.56572 -0.012050304 0.99855225 -0.052423297 -5.1934234 -0.99988862 -0.011571359 0.0094300438 -40.983739
0.00419622 0.050677316 0.99870622 156.3094 -0.01171626 0.998649 -0.050625183 -5.2480714 -0.9999226 -0.011488666 0.004784298 -40.981658
-0.001214259 0.051166568 0.99868935 157.04139 -0.014172197 0.99858895 -0.051178654 -5.2958614 -0.99989887 -0.014215766 -0.00048740444 -40.97427
-0.0076154812 0.0491212 0.99876375 157.78086 -0.01383889 0.99869193 -0.049223186 -5.3441354 -0.99987528 -0.014196639 -0.0069257383 -40.966762
-0.012740435 0.046261488 0.99884807 158.52505 -0.010431856 0.99886868 -0.0463955 -5.3972298 -0.99986446 -0.011010938 -0.012243429 -40.983637
-0.018261712 0.046256755 0.9987626 159.26532 -0.012252662 0.99884386 -0.046484549 -5.4448673 -0.9997582 -0.013086387 -0.017673832 -40.996869
-0.023678107 0.04767658 0.9985821 159.97495 -0.010873272 0.99879082 -0.047944368 -5.4881058 -0.99966054 -0.011993086 -0.023131077 -41.006768
-0.02779804 0.049991391 0.99836268 160.69893 -0.015511216 0.99860686 -0.050435504 -5.5446633 -0.99949325 -0.016887827 -0.026983887 -41.019516
-0.030250155 0.051950285 0.99819137 161.42245 -0.014300232 0.99852373 -0.052400949 -5.5965226 -0.9994401 -0.015859505 -0.029462598 -41.035173
-0.032204761 0.053590492 0.9980435 162.13376 -0.012854122 0.99845671 -0.054027453 -5.6514324 -0.99939867 -0.014568914 -0.031466202 -41.062029
-0.031010473 0.05180586 0.99817555 162.85687 -0.0075578478 0.99861518 -0.052063476 -5.6979009 -0.99949053 -0.0091585712 -0.03057599 -41.088771
-0.027072754 0.048018542 0.99847944 163.5633 -0.001917889 0.99884126 -0.048087942 -5.7388153 -0.99963167 -0.003216845 -0.026949291 -41.101677
-0.019798142 0.047478632 0.99867599 164.27221 -0.0012779116 0.99886979 -0.047513178 -5.7958764 -0.99980322 -0.0022168915 -0.019715094 -41.114653
-0.0091573992 0.048808648 0.99876613 164.96889 -0.0012706076 0.99880667 -0.048822277 -5.8511837 -0.99995731 -0.0017161241 -0.0090844563 -41.111363
0.0047192886 0.048983733 0.99878838 165.64235 0.0017394668 0.99879764 -0.048992404 -5.8939649 -0.99998739 0.0019685694 0.0046284072 -41.103139
0.020424838 0.046838697 0.99869359 166.3408 0.00025678466 0.99890173 -0.046853709 -5.938546 -0.9997914 0.0012134295 0.020390377 -41.081426
0.036170711 0.041896379 0.99846697 167.03942 -0.001635935 0.99912195 -0.041864597 -5.9805541 -0.99934433 -0.00011915401 0.036207489 -41.033206
0.052786786 0.035471007 0.99797559 167.70752 -0.005305423 0.9993648 -0.035239758 -6.0216791 -0.99859175 -0.0034344883 0.052941443 -40.983127
0.069572052 0.027951665 0.99718521 168.38305 -0.0039390276 0.99960728 -0.027744736 -6.0565148 -0.99756919 -0.0019976811 0.06965483 -40.927912
0.088011231 0.020316521 0.99591223 169.08169 -0.0049068571 0.9997887 -0.019961968 -6.0912968 -0.99610744 -0.0031299209 0.088092322 -40.854611
0.10487288 0.01422416 0.99438386 169.73028 -0.0067378484 0.99988492 -0.013592241 -6.1239538 -0.99446285 -0.0052745494 0.10495665 -40.77354
0.12243614 0.011713872 0.99240722 170.39889 -0.0070074235 0.99991562 -0.01093797 -6.1501967 -0.9924517 -0.0056150141 0.12250789 -40.676174
0.14108241 0.010728987 0.98993968 171.03084 -0.0063416163 0.99993055 -0.0099334846 -6.1675005 -0.98997759 -0.0048763769 0.14114065 -40.569748
0.15858106 0.010135069 0.9872939 171.67163 -0.006945779 0.99993402 -0.0091491805 -6.1872184 -0.98732157 -0.0054066378 0.15864099 -40.457416
0.17477557 0.0099743328 0.98455773 172.3172 -0.014699312 0.99986368 -0.007520018 -6.2070307 -0.98449861 -0.013158006 0.17489836 -40.322731
0.18875703 0.0063737636 0.98200309 172.93829 -0.015789403 0.99986937 -0.0034547444 -6.2209548 -0.98189692 -0.014853135 0.18883301 -40.184845
0.20104484 0.0021785451 0.97957958 173.55446 -0.012408844 0.99992296 0.00032295202 -6.2424568 -0.97950348 -0.012220377 0.20105639 -40.047351
0.21225377 0.00048906423 0.97721442 174.18898 -0.0099633532 0.99994898 0.0016636271 -6.2593984 -0.97716383 -0.010089443 0.21224781 -39.907946
0.22197445 0.0040856488 0.97504388 174.78382 -0.013730512 0.99990517 -0.0010639912 -6.2774693 -0.97495584 -0.013151672 0.2220095 -39.75489
0.23071378 0.010855406 0.97296107 175.40027 -0.016004391 0.99984483 -0.0073603023 -6.2934544 -0.97289007 -0.013873525 0.23085171 -39.598777
0.23988475 0.02118459 0.97057016 175.9679 -0.017387137 0.99969527 -0.017522921 -6.3133494 -0.9706457 -0.012671954 0.24017999 -39.442973
0.24819055 0.027904187 0.96830921 176.56054 -0.012183007 0.99959589 -0.02568312 -6.3238774 -0.96863466 -0.0054226097 0.24843021 -39.293874
0.25497234 0.026491234 0.96658535 177.16794 -0.012536283 0.99963119 -0.024090017 -6.3438713 -0.96686712 -0.0059750985 0.25521041 -39.124473
0.26075348 0.018933344 0.9652197 177.76266 -0.014126589 0.99977546 -0.015794886 -6.3607823 -0.9653021 -0.0095166899 0.26096239 -38.948337
0.26509876 0.0082476389 0.96418595 178.37027 -0.019035815 0.99981329 -0.0033185796 -6.384208 -0.96403338 -0.017474314 0.26520626 -38.770002
0.26717689 -0.001179242 0.96364674 178.98241 -0.017523711 0.99982795 0.006082073 -6.4097841 -0.9634882 -0.018511656 0.26711025 -38.590722
0.26773845 -0.0022571715 0.96348895 179.59026 -0.013983321 0.99988283 0.0062281771 -6.4266161 -0.9633902 -0.015140297 0.26767551 -38.425097
0.26897661 0.0012686878 0.96314583 180.19481 -0.012815122 0.99991533 0.0022617426 -6.4257214 -0.96306149 -0.012951187 0.26897009 -38.258128
0.27062052 0.00080588417 0.96268573 180.80298 -0.0094218418 0.99995397 0.0018114915 -6.4390475 -0.96264004 -0.0095604987 0.27061566 -38.091441
0.27253218 -0.00098491125 0.96214612 181.41387 -0.01094803 0.99993156 0.0041246693 -6.4353458 -0.96208442 -0.011657709 0.27250274 -37.909382
0.27460872 -0.0051083097 0.96154245 182.02355 -0.011839806 0.99989212 0.0086933995 -6.453647 -0.9614832 -0.013771759 0.27451861 -37.726237
0.27832716 -0.0108023 0.96042554 182.63674 -0.0092972366 0.99985961 0.013940131 -6.4617269 -0.96044137 -0.01280922 0.27818765 -37.541356
0.28244179 -0.013737059 0.95918604 183.25895 -0.0082804031 0.9998253 0.016757324 -6.4692912 -0.95924874 -0.012675415 0.2822787 -37.357909
0.28845662 -0.015207733 0.95737215 183.87099 -0.0073736918 0.99980893 0.018103533 -6.4620191 -0.95746461 -0.01228145 0.28828936 -37.168303
0.29642156 -0.018470759 0.95487853 184.50034 -0.0057162052 0.99976075 0.021113414 -6.4645372 -0.95504013 -0.011716752 0.29624506 -36.971668
0.30619235 -0.021060439 0.95173664 185.10927 -0.0022696047 0.99973627 0.022852772 -6.4650225 -0.951967 -0.0091574091 0.30606379 -36.766837
0.31707942 -0.018962164 0.94820937 185.72897 -0.0040702617 0.99976369 0.021354228 -6.4688171 -0.9483903 -0.010630446 0.31692731 -36.545767
0.3282813 -0.015128901 0.9444588 186.3383 -0.005110486 0.99982865 0.017792185 -6.469113 -0.94456622 -0.010667485 0.32814773 -36.317873
0.34009262 -0.011583589 0.94032056 186.94503 -0.0063626131 0.9998729 0.014618413 -6.4653413 -0.94037046 -0.01095451 0.33997569 -36.091823
0.35147753 -0.010872888 0.93613314 187.56944 -0.0058538578 0.99988748 0.013811245 -6.4645609 -0.93617806 -0.010334332 0.35137433 -35.841489
0.36298954 -0.014341949 0.93168279 188.19822 -0.0043955324 0.99984406 0.017103724 -6.4665292 -0.93178288 -0.010303714 0.3628699 -35.590425
0.37405162 -0.016382555 0.92726314 188.80914 -0.0035729204 0.99981109 0.019105598 -6.4675259 -0.92740104 -0.010459517 0.37392242 -35.323087
0.3854198 -0.016145588 0.92260003 189.45043 -0.0073031526 0.99976222 0.020546854 -6.4716454 -0.92271248 -0.014657053 0.38521024 -35.047775
0.39529799 -0.017904221 0.91837839 190.05845 -0.0090153605 0.99968624 0.023369841 -6.4616543 -0.91850873 -0.017517563 0.39501255 -34.766411
0.40181008 -0.016128718 0.91558094 190.69999 -0.01447391 0.99960811 0.023960918 -6.4605147 -0.91560867 -0.022879774 0.40141917 -34.476073
0.40655302 -0.018660643 0.91343656 191.33954 -0.01435588 0.99953748 0.026809129 -6.4523986 -0.91351443 -0.024012518 0.40609709 -34.183637
0.40863618 -0.02403684 0.91238075 191.98171 -0.0087034004 0.99950507 0.030230216 -6.4438956 -0.9126559 -0.020293975 0.40822473 -33.888146
0.40915549 -0.021727061 0.91220593 192.62016 -0.0072928582 0.99960667 0.027079881 -6.4399514 -0.91243557 -0.01773247 0.4088361 -33.593894
0.40796323 -0.02198606 0.91273356 193.29376 -0.004618998 0.99964751 0.026144202 -6.4336446 -0.91298671 -0.014881787 0.40771787 -33.298159
0.40650043 -0.02070566 0.9134159 193.96276 -0.002238623 0.9997176 0.023658242 -6.4340334 -0.91364789 -0.011661879 0.40633928 -33.008569
0.40708524 -0.02200976 0.91312491 194.63222 0.0012870822 0.99972246 0.023523286 -6.4171814 -0.91338931 -0.0084007152 0.40700058 -32.709472
0.40570318 -0.028403421 0.91356341 195.32749 0.0047899312 0.99956938 0.028950261 -6.4109165 -0.91399237 -0.0073693066 0.40566453 -32.418407
0.40551218 -0.031405352 0.91354995 195.99169 0.0051110028 0.9994719 0.032090411 -6.4072138 -0.91407539 -0.0083438957 0.40545854 -32.097335
0.4035128 -0.03400997 0.91434166 196.69067 0.0064228928 0.99938961 0.034338905 -6.3936257 -0.9149515 -0.0079834684 0.40348494 -31.802825
0.40163632 -0.034032327 0.91516665 197.36974 0.0051257774 0.99937716 0.034914332 -6.3854718 -0.91578495 -0.0093319226 0.40156061 -31.495424
0.40055614 -0.034560207 0.91562017 198.04939 0.0046775657 0.99935252 0.035674402 -6.3684834 -0.91626032 -0.010006727 0.40045845 -31.178129
0.3981179 -0.033494599 0.91672252 198.74619 0.0034259359 0.9993805 0.035026873 -6.3618311 -0.9173279 -0.010804192 0.39798602 -30.893147
0.39711234 -0.030385984 0.91726682 199.431 0.0043451944 0.99950281 0.031229023 -6.3583287 -0.91775976 -0.0084157271 0.39704693 -30.58462
0.39639075 -0.024176057 0.91776349 200.12621 0.0037781043 0.99968771 0.024702335 -6.3531735 -0.91807416 -0.0063243703 0.3963583 -30.285103
0.39539496 -0.021042017 0.91827011 200.79039 0.0017248253 0.99975281 0.022166493 -6.3413464 -0.91850962 -0.0071806636 0.39533351 -29.985253
0.39446964 -0.023349349 0.91861224 201.4881 -0.0005773219 0.99967062 0.02565761 -6.3381852 -0.91890883 -0.010651482 0.39432622 -29.677518
0.39297313 -0.027105588 0.91915033 202.18859 3.393748e-05 0.99956589 0.029462519 -6.3259116 -0.91954999 -0.011546784 0.39280345 -29.377778
0.38993691 -0.026603374 0.92045717 202.87094 -0.0043869991 0.99951758 0.030746887 -6.3310608 -0.92083116 -0.016027391 0.38963209 -29.078954
0.38591405 -0.026279721 0.92216032 203.56049 -0.0077561414 0.99946643 0.03172865 -6.3249143 -0.92250218 -0.019396937 0.3855043 -28.784355
0.37851383 -0.027169954 0.92519674 204.25279 -0.0084087761 0.99942689 0.032790021 -6.3169395 -0.92555748 -0.020191248 0.37806843 -28.505261
0.37027424 -0.027830733 0.92850545 204.93672 -0.0069816559 0.99943948 0.032741069 -6.3007544 -0.92889629 -0.018605679 0.36987239 -28.218246
