1.000000000000000000e+00 4.398956837314658088e-19 2.733407509747682871e-20 -8.673617379884035472e-19 -5.583667658079949532e-19 1.000000000000000000e+00 -6.100159232558060012e-19 0.000000000000000000e+00 4.145284534913582806e-20 -2.210423569125054137e-19 1.000000000000000222e+00 0.000000000000000000e+00
9.998947820621303384e-01 5.158053228264160295e-04 1.449685364320170249e-02 -9.012363088366835695e-02 -5.155499254522160745e-04 9.999998668765920362e-01 -2.135494011227663684e-05 -9.427439321201505629e-03 -1.449686297940181411e-02 1.387885456392658696e-05 9.998949148557635391e-01 2.787458457992714189e-02
9.992853160752248609e-01 4.264812157359517547e-03 3.755886678153345926e-02 2.256267730918134345e-02 -4.257610501838438206e-03 9.999908994214827818e-01 -2.717261717511931492e-04 7.286618671888275833e-03 -3.755968448608554972e-02 1.116209806343324907e-04 9.992943798569899894e-01 2.766198457045608294e-01
9.979408745992331964e-01 5.159115512340557708e-03 6.393273293280848923e-02 -4.723627695317242359e-03 -5.215337147030918268e-03 9.999861461881949243e-01 7.125305864842665978e-04 1.019096225071883244e-02 -6.392817229964030401e-02 -1.044494107490104469e-03 9.979539557513490422e-01 4.035378224638784816e-01
9.952469662488924174e-01 4.886753962917316819e-03 9.726045327330548607e-02 7.412756496820957497e-02 -5.197054918095141141e-03 9.999821811973602648e-01 2.937331623383877561e-03 4.276479865879576070e-03 -9.724436787267957960e-02 -3.428838248533209662e-03 9.952546287324384178e-01 5.767789803009930605e-01
9.909729531291812110e-01 1.492992102314202960e-03 1.340536348392295796e-01 1.503526613327065276e-01 -2.199903250017565693e-03 9.999844453371777853e-01 5.125379221272936825e-03 8.015500322402224764e-03 -1.340438998456669195e-01 -5.374017135238969359e-03 9.909608231300687242e-01 7.695191528786458068e-01
9.847494907095354355e-01 -1.670962240985183426e-03 1.739702507675258136e-01 2.157708152576129634e-01 6.650962219907595452e-04 9.999827260762756964e-01 5.839965180699019896e-03 -5.146496722001278612e-03 -1.739770069871132419e-01 -5.635195668974488613e-03 9.847335913295162113e-01 9.449124994184252557e-01
9.760408490238822177e-01 -1.903389109944523443e-03 2.175790376590899244e-01 3.037979082627766392e-01 4.219650803911432352e-04 9.999764156611037347e-01 6.854929933482153612e-03 -2.236808176332483189e-03 -2.175869575616785623e-01 -6.598880731629857936e-03 9.760186326053263972e-01 1.177211263480459680e+00
9.643669333720170656e-01 -1.749796584583800064e-03 2.645625732792059037e-01 4.093543983466397251e-01 -8.962338820493197288e-04 9.999507850953964772e-01 9.880493439357367069e-03 1.039668135665459958e-02 -2.645668462831194390e-01 -9.765530940398118448e-03 9.643179035489433115e-01 1.363760569712599846e+00
9.500203512496760982e-01 -5.661918051940845881e-03 3.121366265514582961e-01 5.284037561390907412e-01 4.841068363601738690e-04 9.998610407169540304e-01 1.666327969039308257e-02 1.803776443271412622e-02 -3.121876037847375329e-01 -1.567934719567109017e-02 9.498910776410590673e-01 1.629254336357175870e+00
9.329920244097877902e-01 -1.555161202067658656e-02 3.595608822020247008e-01 6.468345833569884018e-01 7.091529917080110698e-03 9.996663839998343182e-01 2.483608022162849330e-02 5.094841143192710420e-03 -3.598271742331002332e-01 -2.062202784988419885e-02 9.327910475639883403e-01 1.831048249441465714e+00
9.118034224174335067e-01 -2.127084158723050247e-02 4.100756854696959164e-01 8.032180971446214457e-01 9.866524828189872365e-03 9.995040011375420086e-01 2.990657730843508319e-02 -1.013025297412206704e-03 -4.105084335500880921e-01 -2.322289741992885834e-02 9.115610376731860809e-01 2.062946213317381261e+00
8.868502836868075168e-01 -2.309657942133096914e-02 4.614792728463145144e-01 9.990294519206368573e-01 8.419710640202169444e-03 9.993918660032574675e-01 3.383794625901828668e-02 2.055909764252891736e-03 -4.619801803992626410e-01 -2.612367007993272872e-02 8.865054257526878700e-01 2.308698896417898272e+00
8.584452337776290465e-01 -2.511116585838390688e-02 5.122901580789955833e-01 1.177519612289851914e+00 6.507224257424468715e-03 9.992536312320555725e-01 3.807671820604890955e-02 2.808542468100561074e-02 -5.128639603437814554e-01 -2.935319008114500167e-02 8.579679203410387478e-01 2.529469101422429755e+00
8.259657472544941204e-01 -3.032725118276789408e-02 5.629039326625715489e-01 1.412559013864596258e+00 7.568290739869347299e-03 9.990583959532293168e-01 4.272051511639880783e-02 2.861239366309592524e-02 -5.636695055649962871e-01 -3.102546129426258723e-02 8.254175392354174967e-01 2.781843026941095864e+00
7.907146094225910860e-01 -3.616280077895487471e-02 6.111159076186338801e-01 1.628423171140499059e+00 9.840973813407110152e-03 9.988756071239538459e-01 4.637538874101571756e-02 2.840141479709520217e-02 -6.121058477592909997e-01 -3.065572141939837056e-02 7.901814118734800108e-01 2.954980534670692549e+00
7.527366610143834125e-01 -4.047973543839310240e-02 6.570760256251177989e-01 1.918472870470952607e+00 1.084510556782441668e-02 9.987347937372000883e-01 4.910392462028941724e-02 3.785023753185970397e-02 -6.582324141688274954e-01 -2.983626500822514696e-02 7.522232999655825703e-01 3.171799001498448511e+00
7.126758283976920572e-01 -4.388288594159633904e-02 7.001195956415370292e-01 2.215285254707708873e+00 1.203156380514562064e-02 9.986592739773263450e-01 5.034774987422001302e-02 5.313379772902395576e-02 -7.013903437639642524e-01 -2.745809030583717253e-02 7.122483041351104216e-01 3.412377739311451386e+00
6.709390496419916916e-01 -4.555100354574939669e-02 7.401120786753034864e-01 2.516934414289887734e+00 1.104884099182711077e-02 9.986147262269231550e-01 5.144464619086385609e-02 6.205032234705255834e-02 -7.414301888971928101e-01 -2.633884084062344116e-02 6.705129001363093755e-01 3.605720017869938232e+00
6.282981647985007578e-01 -4.603686932729940395e-02 7.766093052876816838e-01 2.834970570506052390e+00 6.719510399532745148e-03 9.985314921851101699e-01 5.375599729492832463e-02 8.539634463887044169e-02 -7.779436197201037295e-01 -2.855635961539156401e-02 6.276848481727568263e-01 3.824980178865715619e+00
5.867596902866003550e-01 -4.691919924693430805e-02 8.084006704527472165e-01 3.166204905135105108e+00 4.007855476134267701e-03 9.984759925141566406e-01 5.504206955573397175e-02 1.037002993524667599e-01 -8.097512056018264515e-01 -2.905651407277416720e-02 5.860535083685191049e-01 4.042615124831829831e+00
5.465733135115952157e-01 -4.785323901062714380e-02 8.360428631658198828e-01 3.553711277633113674e+00 1.754388259165254099e-03 9.984291758668638606e-01 5.600091834947384245e-02 1.222563020840352482e-01 -8.374094266636812334e-01 -2.914186313047783042e-02 5.457986949548361277e-01 4.247826992696881021e+00
5.075330566834818091e-01 -5.058224654482640359e-02 8.601462785750203510e-01 3.978370730533824062e+00 9.081888872586169319e-04 9.983062160362082826e-01 5.817107676066782945e-02 1.353146044804512393e-01 -8.616318152413022791e-01 -2.874256848700702804e-02 5.067193423653861828e-01 4.439477838089602280e+00
4.701463658867416906e-01 -5.034923331233807919e-02 8.811511428346889829e-01 4.393260628243846888e+00 -1.953100360414809474e-03 9.983096839409398848e-01 5.808580126839375107e-02 1.626955944390555686e-01 -8.825863097235703281e-01 -2.902980434979307925e-02 4.692533315994097953e-01 4.643361601644191872e+00
4.341124425778862816e-01 -4.975934170970626458e-02 8.994833971120947957e-01 4.859088147823217518e+00 -3.036692899662605388e-03 9.983868555233530451e-01 5.669625365413347162e-02 1.879782771057355584e-01 -9.008535842712620534e-01 -2.734400332759782948e-02 4.332610513939785246e-01 4.826302631289875578e+00
4.012431683491297640e-01 -4.857205408348529846e-02 9.146828201461255636e-01 5.349508135592841107e+00 -1.819767410810529387e-03 9.985487887190458434e-01 5.382383263586642402e-02 2.026986653574397446e-01 -9.159697720678808830e-01 -2.326095439611549839e-02 4.005724886184429678e-01 5.005909656787244977e+00
3.710249666013534786e-01 -4.678366325433593043e-02 9.274436633155729304e-01 5.849521514951444345e+00 -7.787899423291175423e-05 9.987285697843862886e-01 5.041069130140043292e-02 2.240225440222598785e-01 -9.286228962870108905e-01 -1.877585265058643454e-02 3.705495894874779039e-01 5.183970351404527221e+00
3.453287184383007080e-01 -4.488962010476507669e-02 9.374075866394424583e-01 6.400044226650080326e+00 1.061327453663571917e-03 9.988734279175915942e-01 4.744205467363710876e-02 2.478234161352338427e-01 -9.384812014693956206e-01 -1.538820670634941795e-02 3.449873220205183499e-01 5.369903911483834946e+00
3.245882062581434968e-01 -4.427507941818251830e-02 9.448186062382848416e-01 6.974942075415101250e+00 2.115827739606628791e-03 9.989353201311109709e-01 4.608415600385442484e-02 2.709178151333475615e-01 -9.458530729207883514e-01 -1.295929926013969155e-02 3.243363008491521593e-01 5.550810820528860212e+00
3.102731227809752412e-01 -4.467197902942329074e-02 9.495972769484912757e-01 7.574192884969917827e+00 2.957401251248807910e-03 9.989358316242616942e-01 4.602671007832481731e-02 2.985792315753329484e-01 -9.506428662335986157e-01 -1.147251001433448672e-02 3.100750515743507796e-01 5.717569842308326322e+00
2.983492690914824608e-01 -4.640216505526719576e-02 9.533281373122380886e-01 8.202199266064869931e+00 4.263414336380249268e-03 9.988723534946974958e-01 4.728471935227371997e-02 3.195083149800583833e-01 -9.544472500382943370e-01 -1.004292771296776653e-02 2.982106669030619717e-01 5.914213497477119219e+00
2.883912419038100472e-01 -4.823879412139407685e-02 9.562967608980884604e-01 8.836235418133176367e+00 3.179196046802282120e-03 9.987728928435125608e-01 4.942267895498915486e-02 3.453494671377206893e-01 -9.575073893026901928e-01 -1.121281198872566866e-02 2.881907141931841498e-01 6.103360909758805519e+00
2.781751788501570788e-01 -5.000424075513686117e-02 9.592278823286217726e-01 9.497114302466409086e+00 1.403188735870669179e-03 9.986641010609096369e-01 5.165311486953716447e-02 3.799011446281545523e-01 -9.605293422294579608e-01 -1.302263582740863755e-02 2.778737289700776714e-01 6.291695333870364060e+00
2.674722692319303485e-01 -5.172495802638295281e-02 9.621762303523081483e-01 1.019165645149099930e+01 8.422607559086081174e-04 9.985703160772273490e-01 5.344730495799514952e-02 4.072036453326766114e-01 -9.635651987421938180e-01 -1.348526778149086551e-02 2.671334329859586521e-01 6.485063220937436590e+00
2.567369858665863869e-01 -5.365460972930303357e-02 9.649908223294528797e-01 1.089449413622645402e+01 -5.024073151784585979e-04 9.984502862351208874e-01 5.564866094195437124e-02 4.324673350630796609e-01 -9.664811866751261693e-01 -1.477188705175231168e-02 2.563121592084476319e-01 6.669296934672314769e+00
2.464789764666490135e-01 -5.527460510707982860e-02 9.675705743389784175e-01 1.164332833609981144e+01 -2.006216617689768052e-04 9.983692927132256090e-01 5.708515636008091448e-02 4.685457890108100099e-01 -9.691481261960424032e-01 -1.426440564402028412e-02 2.460659507682050606e-01 6.864473929679083319e+00
2.357462345855547703e-01 -5.655203934660862214e-02 9.701678018562809314e-01 1.238352387528489729e+01 -1.205243320363422145e-03 9.982876160961082768e-01 5.848403966986146646e-02 4.945490832184283869e-01 -9.718139106543586259e-01 -1.495667951665952122e-02 2.352743862045437728e-01 7.032471547798264666e+00
2.262924806063862926e-01 -5.957258454670578268e-02 9.722359818181474100e-01 1.314458545792096800e+01 -2.151310180320718454e-03 9.980950296712650660e-01 6.165779404065371144e-02 5.304712986263396823e-01 -9.740570321201914572e-01 -1.604427545067112562e-02 2.257332396792049167e-01 7.206032901696048931e+00
2.140882499550379459e-01 -6.301443889603475235e-02 9.747796600093517894e-01 1.393446129800456745e+01 -4.158309248332521003e-03 9.978492156038860639e-01 6.541904414826059388e-02 5.758522053158854348e-01 -9.768054803846090151e-01 -1.805888308615095222e-02 2.133657574020883796e-01 7.394180438506193553e+00
2.016492486561770603e-01 -6.655076741571983034e-02 9.771942281951283560e-01 1.473165604597065226e+01 -4.214066493058802806e-03 9.976207798048194464e-01 6.881149100818195752e-02 6.126254328471409938e-01 -9.794487424298046196e-01 -1.799374604355790525e-02 2.008890299676608648e-01 7.567615808808125344e+00
1.890824924174719368e-01 -6.903004821940558755e-02 9.795318510137515089e-01 1.552189959236660144e+01 -5.466699068971903920e-03 9.974365680408191492e-01 7.134709443465614420e-02 6.522839557816489942e-01 -9.819459981170185481e-01 -1.884529143147534169e-02 1.882204244454003528e-01 7.689438720327451016e+00
1.749248998718974379e-01 -6.978047061269535001e-02 9.821058745694329906e-01 1.632898121806055158e+01 -5.624833606411290196e-03 9.973982286193104896e-01 7.186887185338097783e-02 6.892601072052516598e-01 -9.845657203446163130e-01 -1.809583646092880263e-02 1.740772803660417534e-01 7.857786766157827785e+00
1.603244502340399336e-01 -6.898087189796484053e-02 9.846510515912102468e-01 1.711898423730296059e+01 -7.684082982690857572e-03 9.974376125646022828e-01 7.112779950631235859e-02 7.310333868849886452e-01 -9.870344688088233953e-01 -1.896966486612330569e-02 1.593835807583587894e-01 7.985324019250508165e+00
1.441836408231581823e-01 -6.810128028607806416e-02 9.872047794972675927e-01 1.791327089669028538e+01 -8.525853284034958651e-03 9.975065435272346681e-01 7.005715810539543675e-02 7.622780821278278829e-01 -9.895142266278424970e-01 -1.851785834961282295e-02 1.432435022878801867e-01 8.087014729848533534e+00
1.228243236397921906e-01 -6.652658701448502243e-02 9.901961330612123469e-01 1.873719855915484800e+01 -1.130534159693854547e-02 9.975921500329353320e-01 6.842580951269945644e-02 8.037657313459979358e-01 -9.923640420719040955e-01 -1.959885842822516738e-02 1.217764739218983594e-01 8.205238551783402556e+00
9.841472474484799782e-02 -6.540470958835185866e-02 9.929938312859645233e-01 1.954736653394322587e+01 -1.574152420784779779e-02 9.976106931256473187e-01 6.726893302896116977e-02 8.483142159802165017e-01 -9.950209865384177510e-01 -2.225148910457042106e-02 9.715001056072686270e-02 8.277575414136077114e+00
6.874460059934497935e-02 -6.486979886234461867e-02 9.955230143033023671e-01 2.041141499405392778e+01 -1.914170793609156276e-02 9.976142581558159472e-01 6.632787440950889402e-02 8.875935854476837417e-01 -9.974506465150633217e-01 -2.361569316907929580e-02 6.733887359554174834e-02 8.323465514095621742e+00
3.505861377431142289e-02 -6.468965359646380864e-02 9.972893888583671540e-01 2.123202242033947229e+01 -2.232093170853622494e-02 9.976032392351109612e-01 6.549467967174121830e-02 9.288616092710655359e-01 -9.991359702009396937e-01 -2.455658017564073953e-02 3.353065193186222093e-02 8.325574330489846631e+00
5.677724367960137715e-04 -6.390815472995048374e-02 9.979556143087663367e-01 2.206535552866188254e+01 -2.391630789555092632e-02 9.976694647766464197e-01 6.390343703301054612e-02 9.599225473237643635e-01 -9.997138116313879497e-01 -2.390369549284505554e-02 -9.619992758423649573e-04 8.333713793941280201e+00
-3.365739862923797232e-02 -6.299652761571705728e-02 9.974460385049441769e-01 2.291225218919932871e+01 -2.525680389210504043e-02 9.977463732196771851e-01 6.216324143076224634e-02 9.898144871566303404e-01 -9.991142530380415776e-01 -2.310004512553599093e-02 -3.517263975111131064e-02 8.295177891739735188e+00
-6.634524670769587074e-02 -6.094203549732472858e-02 9.959339130969864229e-01 2.375524902115214942e+01 -2.745134972263956266e-02 9.978667447880462671e-01 5.923160519824038212e-02 1.021725200036914361e+00 -9.974190437251921892e-01 -2.340999382667862533e-02 -6.787665788454511073e-02 8.232668588888225614e+00
-9.882831916190015775e-02 -5.782332430959870317e-02 9.934230766627055731e-01 2.458877306980139110e+01 -2.951033253933370293e-02 9.980415390838770495e-01 5.515638273355505383e-02 1.059161926354516003e+00 -9.946668390050886766e-01 -2.386523189082929985e-02 -1.003411546779372360e-01 8.153726036603359262e+00
-1.309621421921142170e-01 -5.349974296779848315e-02 9.899427648300251903e-01 2.544256510351788947e+01 -2.728732185369077412e-02 9.983590615136787028e-01 5.034467578841311103e-02 1.083670734455403073e+00 -9.910117740065713665e-01 -2.041963936566789165e-02 -1.322071074616663899e-01 8.007559763640266226e+00
-1.628660150775644577e-01 -4.791884172592712765e-02 9.854838551067082175e-01 2.626906623401283269e+01 -2.311291022057298042e-02 9.987311133315950329e-01 4.474323035241611207e-02 1.099697636394399991e+00 -9.863774486223699789e-01 -1.549024731148860613e-02 -1.637669018271790677e-01 7.849615516060571174e+00
-1.928173139839426398e-01 -4.173340314878885154e-02 9.803467700577915833e-01 2.709767638355824459e+01 -1.699238426930885573e-02 9.990873209281460054e-01 3.918908072328439879e-02 1.114846906242780822e+00 -9.810875387636402989e-01 -9.102094772588494725e-03 -1.933504850520815221e-01 7.683068955555107493e+00
-2.223199897966003646e-01 -3.616961253060640286e-02 9.743026041777280710e-01 2.789660241738393509e+01 -1.038375153729105722e-02 9.993427936652085064e-01 3.472979203236791629e-02 1.129244258219472385e+00 -9.749184663350023428e-01 -2.395788119677032865e-03 -2.225494573254052644e-01 7.511668112910887984e+00
-2.492173018699292142e-01 -2.980051555095632188e-02 9.679889716023589719e-01 2.871457809237467274e+01 -1.617794091249690185e-03 9.995378635110380161e-01 3.035526541078676158e-02 1.151564352176679629e+00 -9.684462479108315591e-01 5.999051608048335676e-03 -2.491503419161269772e-01 7.259118589685970235e+00
-2.764448457171773676e-01 -1.939735963102155736e-02 9.608339988512728524e-01 2.955563648451761694e+01 4.036743238495229397e-03 9.997640262454706717e-01 2.134470692185327576e-02 1.142999766333254952e+00 -9.610213148499885394e-01 9.779275486997999686e-03 -2.763013111768844454e-01 6.996765464502854748e+00
-3.007414125554397355e-01 -4.676784955389641334e-03 9.536942457116674987e-01 3.032021422670608857e+01 8.686853882268542534e-03 9.999330602367216825e-01 7.642878890874733010e-03 1.133584725511794566e+00 -9.536661662671133133e-01 1.058313387424767923e-02 -3.006806557884842412e-01 6.738563362334744511e+00
-3.257096542632819114e-01 1.235602972982394188e-02 9.453890911920653783e-01 3.109131005725382835e+01 9.519857086135539298e-03 9.999067720994211372e-01 -9.788739190812384416e-03 1.108766199024893595e+00 -9.454219208786567297e-01 5.811683240384639924e-03 -3.257969180024636868e-01 6.447777554944708278e+00
-3.516524083973501247e-01 2.756492493628950186e-02 9.357247153758688762e-01 3.187825011517642437e+01 7.940261468457833829e-03 9.996182550810868150e-01 -2.646311283873170259e-02 1.086999672370440262e+00 -9.360969771451778110e-01 -1.875917489153038553e-03 -3.517370409054529357e-01 6.168664178320648617e+00
-3.760699028271886624e-01 3.805863646931447603e-02 9.258093502741310266e-01 3.262914198508285324e+01 1.233658850396019725e-02 9.992732107714619172e-01 -3.606742009078760247e-02 1.048203729872329237e+00 -9.265091748795755144e-01 -2.142541225769172431e-03 -3.762660943139478631e-01 5.851711608335376624e+00
-3.998067214776633849e-01 4.275713190211775927e-02 9.156016590809135103e-01 3.340859357581128819e+01 1.585611656279494255e-02 9.990845602363684907e-01 -3.973191450882927744e-02 9.962402466305817494e-01 -9.164623194896717173e-01 -1.367198893759476175e-03 -4.001186858647994282e-01 5.509363400833764857e+00
-4.224351180817301210e-01 4.215497041194171679e-02 9.054123451554791924e-01 3.413838996429215911e+01 1.807020276647977597e-02 9.991110471828273942e-01 -3.808652166009940387e-02 9.461371795317918831e-01 -9.062130281838461920e-01 2.719013503936797940e-04 -4.228213433324590764e-01 5.155246192008478445e+00
-4.427233836771070075e-01 3.907423250402961012e-02 8.958064497760316325e-01 3.489166685747770202e+01 2.235130687700739860e-02 9.992205240425103829e-01 -3.253864428522790925e-02 9.100618727225380233e-01 -8.963796282619844735e-01 5.616827168441114806e-03 -4.432516528677842849e-01 4.788407681632261159e+00
-4.615691596149258946e-01 3.728653940353277019e-02 8.863202641871732457e-01 3.561803866635538185e+01 2.987304263595901357e-02 9.992029301323303025e-01 -2.647840041738236741e-02 8.811234818726699780e-01 -8.866011082939803112e-01 1.425547109150264967e-02 -4.623151203764361283e-01 4.405917269910095690e+00
-4.747738213811134589e-01 3.838266593648844566e-02 8.792704791636979378e-01 3.634745128084609433e+01 3.372057490651483858e-02 9.991083300471226281e-01 -2.540605446590423269e-02 8.311082626835586407e-01 -8.794616274394416733e-01 1.758737759429585684e-02 -4.756447666314086442e-01 3.984999003080076818e+00
-4.859529238968826048e-01 4.177081655933362336e-02 8.729862203174957314e-01 3.704331798743355364e+01 3.590247255553342953e-02 9.989681784398446451e-01 -2.781350158495557098e-02 7.750569556302975283e-01 -8.732472621198481555e-01 1.782631249609332655e-02 -4.869511840188420204e-01 3.589682529820486856e+00
-4.960238444638284672e-01 4.414148349145566308e-02 8.671861746764999435e-01 3.772117946574986291e+01 3.744725776186818428e-02 9.988653022082035760e-01 -2.942466430541437750e-02 7.309894113832984264e-01 -8.675010438067686236e-01 1.787841019317151087e-02 -4.971139860361136198e-01 3.206599730340121468e+00
-5.058519470900613157e-01 4.325243194686390069e-02 8.615352699161230587e-01 3.838175964679698637e+01 3.158243637841032930e-02 9.990011776745805205e-01 -3.161007217618604093e-02 6.829551144902001880e-01 -8.620419766838736120e-01 1.121936732065890313e-02 -5.067127092668336497e-01 2.793184698127587851e+00
-5.169191604288091435e-01 4.223733355805543016e-02 8.549915648564979653e-01 3.909867284545909882e+01 2.976423503869958867e-02 9.990648979033819321e-01 -3.135952866802347444e-02 6.591725837897631779e-01 -8.555166181433385697e-01 9.237829668359396826e-03 -5.176929513668383498e-01 2.353163970600543831e+00
-5.255416719896246480e-01 4.338264452859347253e-02 8.496610406792163284e-01 3.974603253165707173e+01 3.198277838989301014e-02 9.990005388316657298e-01 -3.122539424716677323e-02 6.186539057423898758e-01 -8.501664923694589593e-01 1.076427588494547824e-02 -5.264039122000002680e-01 1.928291907846474196e+00
-5.333745159063795205e-01 4.684311799948935595e-02 8.445811595780325920e-01 4.047054029251241758e+01 3.571884823702050488e-02 9.988221409198048129e-01 -3.284044196851421821e-02 5.699732570288269518e-01 -8.451247253304895457e-01 1.265121245234649208e-02 -5.344194593036538654e-01 1.510063817973689826e+00
-5.367810118191581603e-01 4.997590614499381606e-02 8.422401921413794623e-01 4.117922890504421929e+01 3.646669826325839303e-02 9.986855874502860164e-01 -3.601773554884898226e-02 5.296383982859956818e-01 -8.429331746370903877e-01 1.138008343174383430e-02 -5.378979175988223282e-01 1.044584702537425525e+00
-5.364266905562324883e-01 5.140279129786991252e-02 8.423800483183493393e-01 4.187663787265270088e+01 3.575020752004864910e-02 9.986314855282841796e-01 -3.817170039280577687e-02 4.860809875818010717e-01 -8.431893855859992071e-01 9.638943617782612036e-03 -5.375302445117469130e-01 5.999985915332748387e-01
-5.334981141423357220e-01 5.197349679862688088e-02 8.442028813530512155e-01 4.257118157153999505e+01 3.814316182474272038e-02 9.985731770687835684e-01 -3.737257255152909297e-02 4.409226371362043317e-01 -8.449407512414658372e-01 1.226237115877401238e-02 -5.347193414895526908e-01 1.654019602154022106e-01
-5.277592390068991390e-01 5.108228261253840163e-02 8.478565757191153240e-01 4.331941456685665059e+01 3.649672655909400737e-02 9.986318655880054296e-01 -3.744844348073163992e-02 4.031503546661545645e-01 -8.486095606356268695e-01 1.118022858473409660e-02 -5.289015307275735100e-01 -2.865448162220810557e-01
-5.212585199865453767e-01 4.977744404664585787e-02 8.519458599192727410e-01 4.410316859850161109e+01 3.436113663448951000e-02 9.987120991278410909e-01 -3.732901397269704213e-02 3.541076286477054524e-01 -8.527067957783324159e-01 9.815762526156516371e-03 -5.222976014421123470e-01 -7.403856082705480013e-01
-5.145017863397781666e-01 4.919140909122011324e-02 8.560771599774400498e-01 4.486997844377245315e+01 3.271510113296236671e-02 9.987523827319280123e-01 -3.772797485291435465e-02 3.171581836372135976e-01 -8.568650104167556680e-01 8.595541406052242123e-03 -5.154691881575889090e-01 -1.194775471679149659e+00
-5.080471416721012989e-01 4.778430844339871808e-02 8.600027606370588273e-01 4.567856024173634211e+01 2.948720194246530132e-02 9.988395774254149595e-01 -3.807891064466986664e-02 2.613009051676086769e-01 -8.608243833389787047e-01 6.013194339780665761e-03 -5.088666190656143673e-01 -1.661788581115572594e+00
-5.024899757865980421e-01 4.547997996806102394e-02 8.633859983558462847e-01 4.649124583801891220e+01 2.541998631960178459e-02 9.989609255866195303e-01 -3.782715160232615753e-02 2.147118181602584441e-01 -8.642092691174044772e-01 2.939496726731299480e-03 -5.031239529956953449e-01 -2.148478415035532052e+00
-5.017038925989257825e-01 4.267157460632639565e-02 8.639863004440251348e-01 4.733004158587152688e+01 2.072637721953831877e-02 9.990888247337867956e-01 -3.730867913167318362e-02 1.734021345470412589e-01 -8.647910925528951021e-01 -8.106026518966206714e-04 -5.021311807905635138e-01 -2.591905205144614754e+00
-5.017418160367672630e-01 4.011407808443966105e-02 8.640867996095650261e-01 4.815544253118356011e+01 1.812095221486059726e-02 9.991923748651951875e-01 -3.586403583043941412e-02 1.286708844921133910e-01 -8.648276090958443296e-01 -2.336409954273714097e-03 -5.020635032445427415e-01 -3.064946136465744431e+00
-5.027010308215136281e-01 3.875363830668596132e-02 8.635912317890108714e-01 4.902528572164170839e+01 1.628671656432462492e-02 9.992419060485773219e-01 -3.536037368487197213e-02 7.569544055827366613e-02 -8.643069065922894811e-01 -3.710629785611607029e-03 -5.029511069501783060e-01 -3.579711453403829680e+00
-5.038615580982106490e-01 3.853724172699616451e-02 8.629243291180634934e-01 4.992376084825853866e+01 1.671462514541839986e-02 9.992522182910270612e-01 -3.486582156515211084e-02 2.646410827144161232e-02 -8.636226976312588732e-01 -3.144089586846966940e-03 -5.041289164064411965e-01 -4.080049728752769944e+00
-5.035748101171125812e-01 3.795328599573333239e-02 8.631175732221657571e-01 5.077360718986711419e+01 1.642898382509613148e-02 9.992746430442449590e-01 -3.435514847397373728e-02 -2.516391704246050826e-02 -8.637954106143604927e-01 -3.120241817668428785e-03 -5.038330737634159062e-01 -4.567364065121567229e+00
-5.035400771374617390e-01 3.718224735201891562e-02 8.631713953229784853e-01 5.167379663254325806e+01 1.687889912237915471e-02 9.993061923729301688e-01 -3.319994904663214202e-02 -6.546193136237413168e-02 -8.638069840961352108e-01 -2.148121085397862191e-03 -5.038183138094650682e-01 -5.089719560340341786e+00
-5.039268970068030429e-01 3.681463623997956874e-02 8.629613847346284672e-01 5.252481841322654077e+01 1.638885082007031022e-02 9.993189401765741886e-01 -3.306147820631745449e-02 -1.259683766219946710e-01 -8.635908176491673416e-01 -2.517621816844928771e-03 -5.041870434401457546e-01 -5.586481841608482490e+00
-5.045588225630568413e-01 3.511687209522457165e-02 8.626628463007143255e-01 5.343272749494291673e+01 1.469762670911792420e-02 9.993770484262790577e-01 -3.208574167906744212e-02 -1.704107510214973309e-01 -8.632522149521285604e-01 -3.510046651849919701e-03 -5.047606427426053477e-01 -6.111241795202470684e+00
-5.046337160084614082e-01 3.466639649365799158e-02 8.626372587257462587e-01 5.431175425746303631e+01 1.424217227653802424e-02 9.993918028895117933e-01 -3.183056421352359333e-02 -2.279212573361163452e-01 -8.632160711388809915e-01 -3.776946552896389472e-03 -5.048205252463526804e-01 -6.588774809831883239e+00
-5.030511855481812900e-01 3.337258069777806341e-02 8.636120437257128746e-01 5.523130275485097229e+01 1.243524432243555029e-02 9.994302457756993885e-01 -3.137751587724828262e-02 -2.886340451689193287e-01 -8.641671607534446853e-01 -5.045268910229098146e-03 -5.031795674207469871e-01 -7.155377823787024028e+00
-5.026682866052581966e-01 3.210450415516052231e-02 8.638830250318132453e-01 5.611795427767627586e+01 1.226898316001922597e-02 9.994744620910887001e-01 -3.000452725837665646e-02 -3.354048673240307976e-01 -8.643923171848633125e-01 -4.483357126949179781e-03 -5.027980062020673824e-01 -7.633859876028108893e+00
-5.005780999871873860e-01 2.993764356958113909e-02 8.651735604818764358e-01 5.700409860823965147e+01 1.273652862798732924e-02 9.995483723648213026e-01 -2.721823134470744907e-02 -3.857701310186157917e-01 -8.655976888854352014e-01 -2.605541796526486976e-03 -5.007333279558903172e-01 -8.176345102444258828e+00
-4.979966200629921125e-01 2.868168606603283335e-02 8.667045134831640185e-01 5.788895747128750457e+01 1.343942331595458783e-02 9.995881157119462790e-01 -2.535706615382119292e-02 -4.344689459686985056e-01 -8.670748299337851517e-01 -9.797234620779573296e-04 -4.981769696200724074e-01 -8.679004248542993238e+00
-4.952343565673541503e-01 2.808020125924522853e-02 8.683054881366553124e-01 5.879983879543503633e+01 1.293814591781547452e-02 9.996050455377177846e-01 -2.494708985530049578e-02 -4.927219738583730191e-01 -8.686630813520057615e-01 -1.120391954966863494e-03 -4.954020685117588862e-01 -9.196017694416969590e+00
-4.936662452198003481e-01 2.848942164862903331e-02 8.691846624942620725e-01 5.969511481809634290e+01 1.369007164437836647e-02 9.995939986674010624e-01 -2.498839213963603700e-02 -5.453245892382670990e-01 -8.695436922573632765e-01 -4.367244822670092474e-04 -4.938558395132833234e-01 -9.674533382823069516e+00
-4.921988917158311438e-01 2.902606074895245150e-02 8.699986925843228303e-01 6.058910792466930673e+01 1.365751950078749818e-02 9.995783890485151479e-01 -2.562257370714902255e-02 -5.981827929035841152e-01 -8.703756290572182142e-01 -7.293773367429849707e-04 -4.923878004881013792e-01 -1.016569473672032942e+01
-4.929668624455278425e-01 3.040419397364780077e-02 8.695166725492091686e-01 6.149921582050069446e+01 1.339964022705112529e-02 9.995360044500152252e-01 -2.735370952761425820e-02 -6.396150063067052027e-01 -8.699449032329239495e-01 -1.833260854735774097e-03 -4.931455344997450196e-01 -1.067738187202949440e+01
-4.957719792819616500e-01 3.189606816881006973e-02 8.678667937902140306e-01 6.232507192586419364e+01 1.162927473189676736e-02 9.994795444454910305e-01 -3.008986841695388340e-02 -6.878438021773052302e-01 -8.683748712212556731e-01 -4.825051351688284737e-03 -4.958848813629305186e-01 -1.118650538717609777e+01
-5.001022400856972583e-01 3.261347972879746065e-02 8.653520074762202086e-01 6.323059816749531592e+01 1.084940519705315451e-02 9.994480994718206723e-01 -3.139724266542166797e-02 -7.437302895188487861e-01 -8.658984075694685645e-01 -6.313275944281105702e-03 -5.001800714699438100e-01 -1.166481001601268552e+01
-5.055460374415534641e-01 3.147061742070043217e-02 8.622254872116639213e-01 6.409677867503427251e+01 1.075883457571208228e-02 9.994868063418372861e-01 -3.017236162005982464e-02 -7.875154059694671194e-01 -8.627325563404765196e-01 -5.976975593843083905e-03 -5.056251828017724881e-01 -1.216947473342798958e+01
-5.111159402563709708e-01 2.863534871296924411e-02 8.590346320383278611e-01 6.497880261412272773e+01 1.329894552378796044e-02 9.995887037218531557e-01 -2.540790064910311563e-02 -8.581795521304944607e-01 -8.594088932643874079e-01 -1.562127336025494933e-03 -5.112865413241381995e-01 -1.267549386584300031e+01
-5.162603332314150695e-01 2.661352453932049403e-02 8.560180928869830508e-01 6.581967920405820394e+01 1.045881233863478303e-02 9.996384398397417659e-01 -2.477100764969814364e-02 -8.950251050976509859e-01 -8.563678494914332973e-01 -3.835355173822262067e-03 -5.163520211259715609e-01 -1.319193289132575231e+01
-5.211927872741427548e-01 2.880873509949071279e-02 8.529525907516093408e-01 6.666213949778267533e+01 1.142455536030423380e-02 9.995760639905889589e-01 -2.678006367508367624e-02 -9.565859954101254559e-01 -8.533625079653049950e-01 -4.212971046809802812e-03 -5.213009630732334809e-01 -1.369995791992699274e+01
-5.259758723346273923e-01 3.152370763382521257e-02 8.499150689689674021e-01 6.750359395147376063e+01 1.222017469501226854e-02 9.994898142751872383e-01 -2.950895570641964838e-02 -9.975430915699317058e-01 -8.504117008445941650e-01 -5.134887222628870505e-03 -5.260927533637286269e-01 -1.422690299129632763e+01
-5.313626367260625427e-01 3.196864243182863385e-02 8.465410451773349720e-01 6.833881603607480315e+01 1.131881065289161263e-02 9.994664250494690316e-01 -3.063902253130455430e-02 -1.048379500455178359e+00 -8.470688546963850429e-01 -6.698593137881806749e-03 -5.314409631356539210e-01 -1.473215631245766488e+01
-5.351826252231245418e-01 3.205510351224338111e-02 8.441279612971157587e-01 6.914289486193634104e+01 9.906601717497721948e-03 9.994492057130228702e-01 -3.167245524892150360e-02 -1.101412299290172037e+00 -8.446782988866048392e-01 -8.588107394651990981e-03 -5.352054080223889176e-01 -1.523525583523098170e+01
-5.381541032226981880e-01 3.145943477147360168e-02 8.422591360421222140e-01 6.998488567021759366e+01 9.954521310273261106e-03 9.994707082827303246e-01 -3.097112800593201237e-02 -1.154990112136356384e+00 -8.427876840230255073e-01 -8.282952255981116188e-03 -5.381824275126257939e-01 -1.577193799429576337e+01
-5.416661957437017838e-01 2.486412913252418477e-02 8.402258592922696723e-01 7.081317246156572764e+01 1.129525587475535726e-02 9.996874865591535153e-01 -2.230126435146636069e-02 -1.205141074925158096e+00 -8.405177934845333709e-01 -2.589274049637267736e-03 -5.417777656599364056e-01 -1.630914441223674416e+01
-5.435347352387507325e-01 1.733628815930107758e-02 8.392076214375187027e-01 7.164073083938896502e+01 1.186908988835081932e-02 9.998454736055699676e-01 -1.296740513081984410e-02 -1.247197627727195890e+00 -8.393027629156110114e-01 2.912396532861101853e-03 -5.436565119185903239e-01 -1.682655232534585821e+01
-5.452648588912378802e-01 1.457536149949580084e-02 8.381370888469528158e-01 7.244681560894197503e+01 1.308628819578495396e-02 9.998749883585241749e-01 -8.874496856533665989e-03 -1.263026587322315208e+00 -8.381616754705802919e-01 6.129153200195120929e-03 -5.453874329959141898e-01 -1.736516433543394555e+01
-5.460576075770894322e-01 1.949226835861206028e-02 8.375208223721797296e-01 7.328015509831774921e+01 1.277414035199083905e-02 9.998067808608458451e-01 -1.494062453366729049e-02 -1.303613836598233267e+00 -8.376502384876598484e-01 2.540167791478778209e-03 -5.462010969460707743e-01 -1.787855214327985109e+01
-5.468952671076999783e-01 2.420858293406453338e-02 8.368509416702142323e-01 7.403855584632607645e+01 1.284381885636140183e-02 9.997068154151100838e-01 -2.052606897141914799e-02 -1.346151706307037621e+00 -8.371025114099401865e-01 -4.772471523361634113e-04 -5.470458576772782022e-01 -1.840718738381933761e+01
-5.477660538793518441e-01 2.941800797286680397e-02 8.361141777856518909e-01 7.483513409586377918e+01 1.903270686353807431e-02 9.995611412374378890e-01 -2.269980098433702770e-02 -1.386799715359477103e+00 -8.364150391624616265e-01 3.479336589241139796e-03 -5.480855674461438953e-01 -1.893054285395365710e+01
-5.474565287987611661e-01 2.981885212830222287e-02 8.363026798941103346e-01 7.563398842535372069e+01 2.225749870369832586e-02 9.995302459608157442e-01 -2.106872382268173277e-02 -1.430124674545892871e+00 -8.365380829815275421e-01 7.079796384389667845e-03 -5.478630531232119294e-01 -1.943800801924408717e+01
-5.473137957577143276e-01 2.718814145047342493e-02 8.364857447656800504e-01 7.643849955914740235e+01 2.199138339364655956e-02 9.995942907401104138e-01 -1.810063368220739960e-02 -1.468911215191261554e+00 -8.366385118342845040e-01 8.488753186043258847e-03 -5.476896515026834500e-01 -1.996696988537481943e+01
-5.469486436959728470e-01 2.259403545405357441e-02 8.368612059157345406e-01 7.723882466804235492e+01 2.024180990959215803e-02 9.997004073156154913e-01 -1.376098511092000050e-02 -1.496541064419193656e+00 -8.369214191040822426e-01 9.413034316276646177e-03 -5.472421272320173724e-01 -2.049006975583416335e+01
-5.461349031697302348e-01 1.689655065618833954e-02 8.375268123108653429e-01 7.802379393926617013e+01 1.919235249920391018e-02 9.997865039297546552e-01 -7.655072423940063354e-03 -1.525040776677357268e+00 -8.374773624566771435e-01 1.189340860738111010e-02 -5.463425912484485281e-01 -2.098564529488463037e+01
-5.454962214630298956e-01 9.930619217098438090e-03 8.380544387903097192e-01 7.887897203854471684e+01 9.414708202476198065e-03 9.999393161071460367e-01 -5.720782880187297824e-03 -1.559594525142148580e+00 -8.380604078153539582e-01 4.769373528919189191e-03 -5.455566136889542506e-01 -2.152720723840337058e+01
-5.443372499787622054e-01 4.899030698934109772e-03 8.388521591808556499e-01 7.961307421424484687e+01 2.149329818686069194e-03 9.999878094516968519e-01 -4.445371314969861869e-03 -1.578719241026979914e+00 -8.388637256476877413e-01 -6.168103080070937595e-04 -5.443411450203918811e-01 -2.199009515044144791e+01
-5.429528078970258242e-01 5.174851169584026786e-03 8.397472574923047217e-01 8.039339557800859382e+01 4.722351306721063978e-03 9.999840167046263328e-01 -3.108974976582996787e-03 -1.596442318912451030e+00 -8.397499385884604761e-01 2.277555822121169436e-03 -5.429685683669253082e-01 -2.248302660200889491e+01
-5.388371099505190331e-01 8.219234371159196001e-03 8.423698713800661375e-01 8.122472055333328456e+01 9.502756323395851121e-03 9.999480830361588968e-01 -3.678156918845243081e-03 -1.640793097870039796e+00 -8.423563843176175014e-01 6.022909168667594550e-03 -5.388872417291040717e-01 -2.302708747430629188e+01
-5.343650969043686194e-01 1.081170086788058211e-02 8.451846173112909089e-01 8.202161047928645132e+01 9.521562115607352592e-03 9.999317425585741992e-01 -6.771267435504146719e-03 -1.682431707667990661e+00 -8.452001507274988779e-01 4.429149830106862001e-03 -5.344315679795313967e-01 -2.349741397499496998e+01
-5.261986097088591219e-01 1.431239814570513594e-02 8.502412394515411753e-01 8.280635470174426871e+01 1.687036478353725819e-02 9.998372671151932733e-01 -6.389839717003969674e-03 -1.676201296754596948e+00 -8.501943459015158799e-01 1.098155612628900178e-02 -5.263544364645472706e-01 -2.398909874532738939e+01
-5.179538781846765305e-01 1.671843040206960271e-02 8.552451466580360817e-01 8.359956490806546014e+01 2.381959625551356707e-02 9.997031791467221318e-01 -5.116678548711445576e-03 -1.716166359139231323e+00 -8.550768497176921557e-01 1.772139169713692758e-02 -5.181983661380972217e-01 -2.451319647098375754e+01
-5.078897057839223406e-01 1.679744536437502433e-02 8.612583115073665363e-01 8.441057407781329402e+01 2.311907545727558827e-02 9.997155183573048776e-01 -5.864355709394176129e-03 -1.741349870925298138e+00 -8.611118204462312464e-01 1.693305109529777419e-02 -5.081335631047357859e-01 -2.495081819051686267e+01
-4.966578736713157527e-01 1.297428295458015121e-02 8.678494171594861584e-01 8.524842710016525871e+01 1.821504200058725320e-02 9.998238614683141456e-01 -4.523080051144524882e-03 -1.776224738863394270e+00 -8.677552541936747188e-01 1.356149133897205199e-02 -4.968067214121931197e-01 -2.539259704904766224e+01
-4.856919835813762742e-01 1.109747704659012034e-02 8.740595684909104879e-01 8.603598138709129728e+01 2.066132355681415955e-02 9.997857964536132069e-01 -1.212800042996745910e-03 -1.786262841284499414e+00 -8.738858159975599893e-01 1.747018141157631599e-02 -4.858172364292442369e-01 -2.585866158307058171e+01
-4.731709095926935893e-01 8.613253868905908564e-03 8.809285374853205175e-01 8.686423657011015109e+01 1.822546386904612056e-02 9.998339023318369989e-01 1.355081584598518795e-05 -1.823839074807004579e+00 -8.807821158564720365e-01 1.606174419450001958e-02 -4.732492987938170526e-01 -2.628538186856635406e+01
-4.615392817545725945e-01 8.463971367173186641e-03 8.870793867467630101e-01 8.771400196289295081e+01 1.900499168456395993e-02 9.998193280969931429e-01 3.484572490970873999e-04 -1.837762627311139596e+00 -8.869161824643402303e-01 1.701976420199063922e-02 -4.616167535270353506e-01 -2.672371531982887660e+01
-4.487242258936912642e-01 1.011999873253098536e-02 8.936129701037285322e-01 8.851673073265254743e+01 2.185010572733409387e-02 9.997611966014536833e-01 -3.501617496184811500e-04 -1.856529523909036472e+00 -8.934031314108430433e-01 1.936841296597264367e-02 -4.488381933226252007e-01 -2.711737864152532040e+01
