1.000000000000000000e+00 4.398956837314658088e-19 2.733407509747682871e-20 -8.673617379884035472e-19 -5.583667658079949532e-19 1.000000000000000000e+00 -6.100159232558060012e-19 0.000000000000000000e+00 4.145284534913582806e-20 -2.210423569125054137e-19 1.000000000000000222e+00 0.000000000000000000e+00
9.999435802130313133e-01 -9.366146649724321543e-04 1.058107548229430921e-02 7.445930784889620568e-02 9.322036297078111150e-04 9.999994765375881389e-01 4.218046166494754758e-04 -2.520361437230347890e-03 -1.058146519462641391e-02 -4.119170948840288364e-04 9.999439298809720267e-01 2.844651587886076194e-01
9.998549741540576630e-01 -2.416963343964818704e-03 1.685790528995163504e-02 1.017077633947908594e-01 2.403651631122226667e-03 9.999967832851092142e-01 8.098602941729019953e-04 -3.642252883745603076e-03 -1.685980875648108654e-02 -7.692223017098386061e-04 9.998575674200490537e-01 5.373227969523861614e-01
9.997907337400400163e-01 -6.360705801355726920e-03 1.944299826361075428e-02 8.680753863191732755e-02 6.373762413590872318e-03 9.999795015331166548e-01 -6.096350792531772360e-04 -9.708116278122055909e-03 -1.943872233914311146e-02 7.334325839504126634e-04 9.998107811629127761e-01 9.117458839183358865e-01
9.998283469676778612e-01 -6.860561086606789712e-03 1.721073307064889882e-02 8.720094114339030367e-02 6.890875620544083431e-03 9.999748080236842140e-01 -1.702685857103759933e-03 -1.257605469866868164e-02 -1.719861841667194233e-02 1.820990644320749511e-03 9.998504345642450497e-01 1.176920842380592358e+00
9.998932798660465915e-01 -1.053858579089606180e-02 1.011766372742797966e-02 9.003449396737063515e-02 1.057239436183644681e-02 9.999386855278387110e-01 -3.293879810455298349e-03 -1.456876506719843867e-02 -1.008233070982304455e-02 3.400496266088231558e-03 9.999433900074837789e-01 1.524922858225407296e+00
9.999352830970207329e-01 -1.124472279346425303e-02 -1.727959570277783595e-03 6.053312692835491338e-02 1.123684034779309955e-02 9.999267133682251396e-01 -4.505695566913483704e-03 -2.421953486632111296e-02 1.778498259446179269e-03 4.485987213904884564e-03 9.999883563644311746e-01 1.831334674186402278e+00
9.997891803937066779e-01 -1.076129889585694319e-02 -1.748682941064991225e-02 2.830179110698713765e-02 1.067789298722377107e-02 9.999311983724213926e-01 -4.856037968082756000e-03 -3.038147122633023944e-02 1.753788386485290868e-02 4.668291761181826531e-03 9.998353012924638961e-01 2.148550948727879550e+00
9.993213375801118792e-01 -6.449826210600893145e-03 -3.626656775628523538e-02 3.507084455810552219e-03 6.262101286400073748e-03 9.999664138322909013e-01 -5.287464837411873751e-03 -3.463258070952769663e-02 3.629945355506106891e-02 5.056771530615995422e-03 9.993281637209466828e-01 2.498178843417118600e+00
9.984062534603650452e-01 -3.691374083761756082e-03 -5.631453348301160289e-02 -5.950403595720100969e-02 3.353772201895242801e-03 9.999758423269493601e-01 -6.088264886106801131e-03 -4.960919513648857915e-02 5.633564808848141175e-02 5.889695622819208880e-03 9.983945143941477252e-01 2.857550324750364634e+00
9.971099744084471750e-01 -3.027931998967250266e-03 -7.591133223958269893e-02 -1.015432105718603040e-01 2.562406265000507360e-03 9.999773156710890509e-01 -6.229142286044041764e-03 -5.366252739982518838e-02 7.592847297059535094e-02 6.016624219583353167e-03 9.970951145350765987e-01 3.204529171086015538e+00
9.952817126744611942e-01 -3.423477679990353378e-03 -9.696696305532875870e-02 -1.393281728027624400e-01 2.862991927117408946e-03 9.999783857857335034e-01 -5.918718970566696352e-03 -6.119788027053425783e-02 9.698513146729086098e-02 5.613177086194087902e-03 9.952700019661979702e-01 3.589778806447706749e+00
9.932193245101901269e-01 -4.321060183417830235e-03 -1.161753049075642114e-01 -1.993890208609724879e-01 3.734320047070093657e-03 9.999791531173887194e-01 -5.267653979240380369e-03 -7.007079285452982864e-02 1.161956468723578800e-01 4.798099897259013730e-03 9.932147553672918683e-01 3.979711188177470937e+00
9.910355524235322511e-01 -4.032779011066629608e-03 -1.335375229610529235e-01 -2.878825983723791171e-01 3.448025351287375452e-03 9.999834297662155702e-01 -4.609914168574417125e-03 -7.729339069775097160e-02 1.335539032872143927e-01 4.108147988121571038e-03 9.910330360436263586e-01 4.377966675939124919e+00
9.887738769924935278e-01 -3.262503247422460489e-03 -1.493839873003740271e-01 -3.662124360930881228e-01 2.701217444734691463e-03 9.999885105267817265e-01 -3.960080110255543781e-03 -8.356645164401817205e-02 1.493951933150699796e-01 3.512105028882259172e-03 9.887713294412008302e-01 4.807045983222417718e+00
9.866460525985563113e-01 -2.703122673231108525e-03 -1.628565606274701705e-01 -4.472874114930491807e-01 2.075877015726738765e-03 9.999897587980728364e-01 -4.021570646806375306e-03 -8.682685108940942087e-02 1.628657663962082558e-01 3.629796498824323665e-03 9.866415597352289346e-01 5.200530143123095250e+00
9.844958274482400462e-01 -3.352982241711898338e-03 -1.753759461213956483e-01 -5.208292931703445428e-01 2.505755663375218607e-03 9.999840984315222503e-01 -5.052135080934213457e-03 -9.878687893953853882e-02 1.753901001209155486e-01 4.534356520052414130e-03 9.844885744199455280e-01 5.661784524035992305e+00
9.827396925808907779e-01 -6.247983396160805038e-03 -1.848882324358611662e-01 -6.281917849973637225e-01 5.088971324708584099e-03 9.999643192534102276e-01 -6.742594653895003440e-03 -1.058159476740948013e-01 1.849237663023483857e-01 5.685324371577775773e-03 9.827364237616507125e-01 6.087096124054689916e+00
9.811705576328896283e-01 -5.694126493012470133e-03 -1.930593506057731723e-01 -7.259006497430411375e-01 4.155263155837297245e-03 9.999562963278263439e-01 -8.374915877922300966e-03 -1.152222799229166567e-01 1.930986043706298672e-01 7.415008371071552667e-03 9.811513377399915248e-01 6.538974870274802953e+00
9.795565571170399277e-01 -5.768695879550506111e-03 -2.010862317267185229e-01 -8.398688684162518570e-01 3.741510316319518296e-03 9.999382950794986069e-01 -1.045978624970395586e-02 -1.136421184141629681e-01 2.011341665168185078e-01 9.493585903820047148e-03 9.795176975730196522e-01 7.008902203698091249e+00
9.779715133709953045e-01 -6.431987405761354325e-03 -2.086392761289644626e-01 -9.486607023162029195e-01 3.816387121567437618e-03 9.999090355446597078e-01 -1.293660773378729062e-02 -1.320799000392753331e-01 2.087035090719359942e-01 1.185538551951769749e-02 9.779070999692719424e-01 7.484330754178487588e+00
9.762293128397991904e-01 -9.958850243467798000e-03 -2.165113137053147896e-01 -1.062991666236952959e+00 6.921329259126708308e-03 9.998667679759238869e-01 -1.478314875823757632e-02 -1.374512588098461829e-01 2.166296943690078081e-01 1.293319699129994935e-02 9.761681766152766615e-01 8.001109757006073409e+00
9.743994815139659371e-01 -1.549568352888932091e-02 -2.242889499387010765e-01 -1.181697886412511167e+00 1.223710605433260198e-02 9.997985213628286516e-01 -1.591131344170983869e-02 -1.599903487821262571e-01 2.244903210608640565e-01 1.275932782370755442e-02 9.743927834691896717e-01 8.523120845850430172e+00
9.723965405819113839e-01 -1.670809858416807611e-02 -2.327354852129944474e-01 -1.320061529592402305e+00 1.276422860286572682e-02 9.997484601163034723e-01 -1.844155474428992025e-02 -1.802924680011376846e-01 2.329850702924186057e-01 1.496181503559813886e-02 9.723652103825237702e-01 9.021375476070947030e+00
9.703541902614832848e-01 -1.307096206998478900e-02 -2.413335742839269604e-01 -1.457680317855059471e+00 7.957903335568276837e-03 9.997230029717906197e-01 -2.214924579444582306e-02 -1.873965907500686479e-01 2.415562417178389321e-01 1.957210418066358468e-02 9.701894228217956551e-01 9.566323305124894816e+00
9.681880743529918121e-01 -9.644218179279944597e-03 -2.500376778205785633e-01 -1.605589235812691529e+00 3.471112541981114658e-03 9.996784689296891457e-01 -2.511792445949678418e-02 -1.963679818730076909e-01 2.501995299927641803e-01 2.345096598888499889e-02 9.679102483179921057e-01 1.008999197029371331e+01
9.658637070485159848e-01 -1.222998288713435591e-02 -2.587619087785456573e-01 -1.766534787709339138e+00 5.379078458945960040e-03 9.996164309508107637e-01 -2.716719487003818254e-02 -2.214983587047324454e-01 2.589949145094170291e-01 2.484790693868734954e-02 9.655590180203268424e-01 1.065152558002432315e+01
9.635584118231604878e-01 -1.406671534693028185e-02 -2.671278962404698420e-01 -1.929335953800342507e+00 6.601653475575697608e-03 9.995627245244600445e-01 -2.882321805298442008e-02 -2.533325949897785589e-01 2.674165403730380808e-01 2.600936841144819295e-02 9.632299353102392603e-01 1.120697818703055937e+01
9.613762733610029532e-01 -1.443858542714411726e-02 -2.748584847032456979e-01 -2.107041823370448874e+00 5.944783336490428761e-03 9.994794168998099027e-01 -3.171048298517479408e-02 -2.715689786392366800e-01 2.751732572769232110e-01 2.885173184376654820e-02 9.609616317620479631e-01 1.178311981794607277e+01
9.589467155010956700e-01 -1.365535518035438170e-02 -2.832573500471937678e-01 -2.288100340961908508e+00 3.853206809704422080e-03 9.993752021271192776e-01 -3.513343364246716144e-02 -2.900346357274965481e-01 2.835601358521779303e-01 3.259964169677225659e-02 9.584001849314769395e-01 1.238221338972508789e+01
9.568369110241395914e-01 -1.459926674538624368e-02 -2.902584801288509153e-01 -2.490307579263192572e+00 2.970517769808204370e-03 9.991765917626864724e-01 -4.046374285148493510e-02 -3.258992984789295111e-01 2.906102248774236618e-01 3.785498483924516072e-02 9.560924114107448579e-01 1.297793126167647415e+01
9.549375402671512747e-01 -1.632820278131043995e-02 -2.963573553836268415e-01 -2.685935908649838222e+00 2.390840096735231783e-03 9.988764207014899643e-01 -4.733054019382646610e-02 -3.643984129356884760e-01 2.967972021495704493e-01 4.448916673447126519e-02 9.539036307442748663e-01 1.358335564371289728e+01
9.536379435490991430e-01 -1.649573546541961006e-02 -3.005038458901058140e-01 -2.898021339330626223e+00 -1.488865650892130636e-04 9.984707625550556243e-01 -5.528213218871338985e-02 -3.898987437445550208e-01 3.009562287463403707e-01 5.276388006380061668e-02 9.521771491144572774e-01 1.419395470244269575e+01
9.523363774239456125e-01 -1.625518603120909913e-02 -3.046164656966715567e-01 -3.105533686506264157e+00 -3.508313905671441805e-03 9.979295654010901240e-01 -6.422051241158262258e-02 -4.414641750130143816e-01 3.050296988251582908e-01 6.222822063497823047e-02 9.503075993578909975e-01 1.482883948163490118e+01
9.510405443241736201e-01 -1.502987767957853979e-02 -3.087004758497020607e-01 -3.333018892023920099e+00 -7.842386906378470343e-03 9.973217152076093717e-01 -7.271790237209586893e-02 -4.904558069091253247e-01 3.089666345184047813e-01 7.157862241156202898e-02 9.483755171999553868e-01 1.547159174872886922e+01
9.497078317243873302e-01 -1.397877304368896553e-02 -3.128252326395343785e-01 -3.564862923908215020e+00 -1.169527829715714257e-02 9.967226486616823644e-01 -8.004487549050760820e-02 -5.425666255656140802e-01 3.129189289333878521e-01 7.967782375471038625e-02 9.464318202726350604e-01 1.612398781258005087e+01
9.479355324922584813e-01 -1.288180877525431020e-02 -3.182016390355716928e-01 -3.789815415996204973e+00 -1.545270705770376493e-02 9.961440357433880566e-01 -8.636129850412534170e-02 -6.081302350598460915e-01 3.180871600449932113e-01 8.678202071533550055e-02 9.440812685725694653e-01 1.677083566455913299e+01
9.463438884605241963e-01 -1.232515397535119753e-02 -3.229262038572249804e-01 -4.039259842334407935e+00 -1.853068148335608456e-02 9.955585927484411624e-01 -9.230223306545676243e-02 -6.786043764026427061e-01 3.226296018033819046e-01 9.333369735265573119e-02 9.419123967830399513e-01 1.746992970739240647e+01
9.449228698703571183e-01 -1.058803141322525038e-02 -3.271217836169210136e-01 -4.296046823072348531e+00 -2.271970639686885299e-02 9.949436080208902133e-01 -9.783165020214666663e-02 -7.537280317961267961e-01 3.265035777946545537e-01 9.987547518202233299e-02 9.399044129233773415e-01 1.811918384145630156e+01
9.429110274364154165e-01 -6.967923043417694785e-03 -3.329718306973362685e-01 -4.539595028843727675e+00 -2.821502800331466068e-02 9.945155509366756519e-01 -1.007111271416040732e-01 -8.253635401166636854e-01 3.318474166785102542e-01 1.043564425577707122e-01 9.375430802366232497e-01 1.883036006762725734e+01
9.412135167143729220e-01 -6.175762508658449133e-03 -3.377557897355933925e-01 -4.814342354155107806e+00 -3.027775801897559030e-02 9.942665365912372044e-01 -1.025539447145750183e-01 -9.019126101875564183e-01 3.364526338007011730e-01 1.067516477091915023e-01 9.356301156650096429e-01 1.952169049851870142e+01
9.391483285497880251e-01 -6.225535076984228811e-03 -3.434554661229614059e-01 -5.098031145645966156e+00 -3.055820504747424823e-02 9.943576689739082042e-01 -1.015825883291089221e-01 -9.962798294116308462e-01 3.421499884764770405e-01 1.058965012649589477e-01 9.336591020796625173e-01 2.023185814939150617e+01
9.370141809200481786e-01 -6.146209149542450172e-03 -3.492372349941185172e-01 -5.381912729266982609e+00 -3.073136388957293727e-02 9.945171953341332971e-01 -9.995564744350481090e-02 -1.081755119368866147e+00 3.479367896883980293e-01 1.043923963184456016e-01 9.316878342750185560e-01 2.093575273475755338e+01
9.343717406440558149e-01 -5.767572742775528040e-03 -3.562529757556148202e-01 -5.642048695028282879e+00 -3.131033607082956555e-02 9.946717302535059702e-01 -9.822327571115695155e-02 -1.168832323457177580e+00 3.549212797337734093e-01 1.029314541237017905e-01 9.292125718036980953e-01 2.167283194392095425e+01
9.313631513361018133e-01 -5.757035263525176264e-03 -3.640460604327373506e-01 -5.946218214204680663e+00 -3.095089664644104163e-02 9.950037555219701790e-01 -9.491874683075801622e-02 -1.251818016263447353e+00 3.627736540687514499e-01 9.967137575181357623e-02 9.265316484206276293e-01 2.236931206186962129e+01
9.277794264130179158e-01 -2.591308684322027496e-03 -3.731201122313542728e-01 -6.250802129061027834e+00 -3.319704256810043774e-02 9.954370961525550454e-01 -8.945917497696771747e-02 -1.327890999559491636e+00 3.716494237130027467e-01 9.538486683845670555e-02 9.234600348174464290e-01 2.316263581827027096e+01
9.243129665097835623e-01 -3.724743436663554359e-04 -3.816351637207335834e-01 -6.584194564105294134e+00 -3.430463171616095208e-02 9.958702693527913263e-01 -8.405711684040646781e-02 -1.413901956096022428e+00 3.800904288994236824e-01 9.078693725530985470e-02 9.204830258456395686e-01 2.389567684497970390e+01
9.207628627647510555e-01 3.972900587542065910e-03 -3.901025037963959941e-01 -6.900599960831634405e+00 -3.829994944315592842e-02 9.960382079638090413e-01 -8.025585457363820785e-02 -1.485791791985716426e+00 3.882381569053975912e-01 8.883751704667264271e-02 9.172671542081932694e-01 2.465192976182510520e+01
9.169691509291252318e-01 4.962310596831887022e-03 -3.989272470519079627e-01 -7.245783364950880490e+00 -3.936599521369432697e-02 9.961684273073256879e-01 -7.809470472878635161e-02 -1.558025663992792298e+00 3.970112049118638131e-01 8.731460362562670774e-02 9.136510638070663992e-01 2.537628964997207959e+01
9.128856705872870902e-01 5.337664140197149673e-03 -4.081804237846371475e-01 -7.608497711843388522e+00 -4.042929509242874225e-02 9.961806537546366025e-01 -7.739235903297810026e-02 -1.638534843631396454e+00 4.062083539423634870e-01 8.715282280881309074e-02 9.096148426820198640e-01 2.615740533127768686e+01
9.091806172614379511e-01 4.794663026349219037e-03 -4.163743662394313594e-01 -7.975266439408523311e+00 -4.024151477235678176e-02 9.962650299382945773e-01 -7.639771374137883930e-02 -1.705077466775926753e+00 4.144529262436560946e-01 8.621485616164728527e-02 9.059777999445401964e-01 2.691742866370178433e+01
9.053033374720277360e-01 5.200596541176494281e-03 -4.247338193334715406e-01 -8.361216088352842135e+00 -4.082098741991974783e-02 9.963620505764793078e-01 -7.480849694009136797e-02 -1.778708955797787539e+00 4.227996176054173438e-01 8.506243624380598056e-02 9.022221837816156720e-01 2.769945949805626739e+01
9.014410339746610212e-01 6.032445341610209733e-03 -4.328598711683486200e-01 -8.746207208769369856e+00 -4.138980345318803156e-02 9.965232141954666334e-01 -7.230745328938922856e-02 -1.858353348737440180e+00 4.309187267312146741e-01 8.309689081878258998e-02 8.985565989012939125e-01 2.847816529492223836e+01
8.976541825136882258e-01 6.428899522247653181e-03 -4.406536439638144564e-01 -9.127291814078176913e+00 -4.048035458211700355e-02 9.968693004939734870e-01 -6.791861813420300986e-02 -1.922475276901483232e+00 4.388374553661223976e-01 7.880524771871658118e-02 8.951041417422375135e-01 2.925008692495149276e+01
8.937309283462006038e-01 7.813015333886431935e-03 -4.485353725735903851e-01 -9.547159090298787731e+00 -4.005894826322378005e-02 9.972439240489335832e-01 -6.244867235790594467e-02 -1.984772100310695064e+00 4.468112702478337361e-01 7.378016547488876198e-02 8.915807198192325922e-01 3.007293315277223300e+01
8.899880685868457597e-01 7.596347427914940283e-03 -4.559205293662590974e-01 -9.970585553820825453e+00 -3.825404512438865950e-02 9.975802955822125062e-01 -5.805326833661188929e-02 -2.052271544124783187e+00 4.543763514497936029e-01 6.910752088649226021e-02 8.881251521685786798e-01 3.087428408909590871e+01
8.860802275920813820e-01 7.033450571139489987e-03 -4.634785394557224825e-01 -1.040091856177356355e+01 -3.728462706552344158e-02 9.977264910393964792e-01 -5.614005458394628889e-02 -2.123138995495655212e+00 4.620299664770861070e-01 6.702521703477103132e-02 8.843279564732494658e-01 3.168045468488910998e+01
8.830577375683155150e-01 7.121218014555841247e-03 -4.692103110221426121e-01 -1.086362577149455433e+01 -3.735353131190018161e-02 9.977787789536173291e-01 -5.515634174940015066e-02 -2.177555109212929718e+00 4.677753189027243907e-01 6.623289658557615645e-02 8.813622744216723648e-01 3.248801884981798338e+01
8.800667251307973116e-01 7.187377697285743036e-03 -4.747956364772966120e-01 -1.131693320779896261e+01 -3.692317774548026232e-02 9.978938785603580497e-01 -5.333372426542298816e-02 -2.233751150737136371e+00 4.734123377200096239e-01 6.446819989373805959e-02 8.784785792103111390e-01 3.332315534083461728e+01
8.770670571792126280e-01 5.570090644488682671e-03 -4.803356604562395438e-01 -1.178440562237416067e+01 -3.481878112612149523e-02 9.980397122502983054e-01 -5.200370481990990168e-02 -2.297786759450195948e+00 4.791044072288473399e-01 6.233543871591205182e-02 8.755416977999977979e-01 3.416196311994384871e+01
8.745311367424541960e-01 4.269356076207404295e-03 -4.849505735560967756e-01 -1.226857825090825926e+01 -3.352787494437350219e-02 9.981009741147678360e-01 -5.167520810472872594e-02 -2.357980844706373258e+00 4.838090283158053562e-01 6.145094079692642319e-02 8.730135225812634125e-01 3.498726680237313502e+01
8.724844801832934982e-01 4.152386633257702450e-03 -4.886241754001204307e-01 -1.275532423037800811e+01 -3.377137941655246334e-02 9.980852509331221700e-01 -5.182012989533569397e-02 -2.417537110611264861e+00 4.874734138803398786e-01 6.171377164092668038e-02 8.709541238368914140e-01 3.582811759156407305e+01
8.706779288045894960e-01 3.989546326475999945e-03 -4.918373948944964602e-01 -1.323196262586640515e+01 -3.411394976784073996e-02 9.980488466807152514e-01 -5.229472374287417319e-02 -2.474678853289933311e+00 4.906691209394515307e-01 6.231037806868727075e-02 8.691152025345577625e-01 3.669993158711145043e+01
8.700193317795735792e-01 5.074868617655247001e-03 -4.929914839223289436e-01 -1.371728463076816595e+01 -3.507896029345006217e-02 9.980498723398895100e-01 -5.163253751975961647e-02 -2.537969371525780726e+00 4.917680677016244006e-01 6.221493460741102377e-02 8.685007048100398253e-01 3.758465037607004433e+01
8.699963739643924443e-01 4.097897083680789379e-03 -4.930410852155787671e-01 -1.424466222480110744e+01 -3.302359869538176729e-02 9.982043439045429345e-01 -4.997529188536443262e-02 -2.594749666487081274e+00 4.919509678410464715e-01 5.976031377140558071e-02 8.685694876613071491e-01 3.846438203777199050e+01
8.697909262070229186e-01 3.287131075870077142e-03 -4.934094999431459794e-01 -1.476370397291033321e+01 -3.178980402222050111e-02 9.982735747829313278e-01 -4.938905048117313984e-02 -2.659308573826709932e+00 4.923953255246554250e-01 5.864353936315098298e-02 8.683937951519514753e-01 3.935466443557709226e+01
8.693108722795728216e-01 1.660489433499552463e-03 -4.942629313184510043e-01 -1.527502429898466119e+01 -3.030314706020089885e-02 9.982922267940259609e-01 -4.994346057297682079e-02 -2.720327339269675626e+00 4.933359202229296581e-01 5.839411566229135014e-02 8.678766052017674593e-01 4.025052004069396361e+01
8.681539665200567191e-01 -5.808926386130999634e-04 -4.962946182563773845e-01 -1.581274782233763609e+01 -2.815572970394716185e-02 9.983311206085196954e-01 -5.042051722316141099e-02 -2.779935958883645419e+00 4.954956598252002742e-01 5.774630923296878576e-02 8.666887674855809909e-01 4.116234044153582516e+01
8.665667702572329434e-01 -1.167381763697063809e-03 -4.990597809759151349e-01 -1.634087427792720604e+01 -2.676931757738885628e-02 9.984489129147123831e-01 -4.881774248508109759e-02 -2.838869714523325705e+00 4.983426933106547274e-01 5.566332326893398685e-02 8.651914004075106357e-01 4.208496027034406239e+01
8.646408363865174529e-01 -7.819753170753160560e-04 -5.023898959855550572e-01 -1.689513319687006643e+01 -2.539014945479874455e-02 9.986528789735243938e-01 -4.525226704834091340e-02 -2.906987716937967203e+00 5.017485107852818205e-01 5.188271260009479774e-02 8.634562067601333490e-01 4.301388643564322223e+01
8.615983695834541489e-01 -8.774359760034905692e-04 -5.075898684600059774e-01 -1.743108011258131640e+01 -2.295775557983856935e-02 9.989077948968877463e-01 -4.069593093094912850e-02 -2.971669012829425860e+00 5.070711930228404274e-01 4.671667184905709674e-02 8.606371841899315145e-01 4.392446175516109008e+01
8.578741853850783139e-01 -1.697429845139356150e-03 -5.138569797066736555e-01 -1.797906282243959097e+01 -2.122119720357362738e-02 9.990244076061727263e-01 -3.872846285076037703e-02 -3.026119190528888669e+00 5.134214124406274449e-01 4.412880876677439251e-02 8.570012290740550709e-01 4.480623256334210680e+01
8.524267201793090942e-01 -4.075989999483921322e-03 -5.228308212766260565e-01 -1.852844397458634518e+01 -1.998670576953182065e-02 9.989846986842156884e-01 -4.037453928059129421e-02 -3.090608633163066443e+00 5.224645656763413637e-01 4.486600183713285867e-02 8.514797853208440070e-01 4.571971736670150221e+01
8.466326113411919430e-01 -7.714066497474178496e-03 -5.321218930536244507e-01 -1.911424372873246114e+01 -1.840649154598402587e-02 9.988722286423385999e-01 -4.376610498497420648e-02 -3.153482796437633073e+00 5.318594050310899712e-01 4.684830883760957715e-02 8.455358151694251090e-01 4.659741746870152923e+01
8.404311240692574625e-01 -7.868721079267752480e-03 -5.418612398130114860e-01 -1.969978150681258811e+01 -1.857285682052071604e-02 9.988889353171334085e-01 -4.331216827466648212e-02 -3.219463757962510719e+00 5.416000176299859969e-01 4.646480544083922415e-02 8.393512068502591017e-01 4.751085388779493712e+01
8.347914480100609991e-01 -4.679151551503325963e-03 -5.505463994823304175e-01 -2.030966145482125995e+01 -1.988818791748297315e-02 9.990549704757137883e-01 -3.864745767301105278e-02 -3.258281888292691608e+00 5.502069636759548965e-01 4.321193731169699348e-02 8.339094863639966437e-01 4.838437951430199035e+01
8.295449801633671960e-01 -1.088041334312357623e-03 -5.584388381936595813e-01 -2.090181172204206561e+01 -2.127968343140741389e-02 9.992102332930382635e-01 -3.355718695399466378e-02 -3.325718373806130668e+00 5.580343230206982197e-01 3.972059754608753962e-02 8.288666807571699602e-01 4.926652825822390724e+01
8.255348405260829470e-01 -3.588551276855202980e-04 -5.643510362639252431e-01 -2.150049173359706600e+01 -2.332396469489676077e-02 9.991237026142317790e-01 -3.475369894307242524e-02 -3.379737220354390281e+00 5.638689781909131948e-01 4.185329284155162727e-02 8.248030573632559870e-01 5.015732081034268930e+01
8.220722904526626129e-01 -2.337068100471622212e-03 -5.693783286314821890e-01 -2.213770237186801282e+01 -2.423866371110102932e-02 9.989414269819896219e-01 -3.909619784283215743e-02 -3.428068572929210411e+00 5.688669803767557598e-01 4.594087065697551042e-02 8.211454202896456556e-01 5.103288805394942784e+01
8.190518031151385880e-01 -5.110896370802971850e-03 -5.736967981437253172e-01 -2.274749006869405576e+01 -2.582157592205317626e-02 9.986186260782957680e-01 -4.576118345891723449e-02 -3.508243543841430334e+00 5.731381988861171672e-01 5.229453522716639297e-02 8.177884157100511198e-01 5.188099283777488324e+01
8.160641977712643769e-01 -5.297536666471111197e-03 -5.779369816707112806e-01 -2.338141125424305500e+01 -2.715745762764010598e-02 9.985020038220668859e-01 -4.749969374370693886e-02 -3.556974462430583461e+00 5.773228755924273425e-01 5.445809854991492255e-02 8.146978698949386422e-01 5.274305783710096307e+01
8.129685565288421456e-01 -4.529152147336340008e-03 -5.822899675820787380e-01 -2.400095738037124349e+01 -2.588145368490715748e-02 9.987005093909449016e-01 -4.390265303832097815e-02 -3.622301424720972829e+00 5.817321390548678695e-01 5.076198724665668960e-02 8.117948912899963787e-01 5.359401443649781527e+01
8.095490907288703797e-01 -2.878543232970726378e-03 -5.870451235282743152e-01 -2.465554472506347850e+01 -2.420689072320119511e-02 9.989737965306986212e-01 -3.828028646635694282e-02 -3.680273340844653518e+00 5.865528973565488080e-01 4.520030815128624896e-02 8.086486488771661429e-01 5.447605699423048264e+01
8.065553026831107086e-01 -1.058205375343849964e-03 -5.911576923258391458e-01 -2.530598802527991964e+01 -2.479911642656361728e-02 9.990575433134883943e-01 -3.562343359066625498e-02 -3.730793959451633945e+00 5.906382588983776216e-01 4.339245757418615235e-02 8.057689175082295430e-01 5.532450225679785660e+01
8.034738286069081914e-01 -2.824731644841672711e-04 -5.953400038166450914e-01 -2.594337236762187260e+01 -2.620821557237842936e-02 9.990136554882317332e-01 -3.584474348671206484e-02 -3.786661898563969952e+00 5.947629289032327904e-01 4.440311232224448956e-02 8.026739243153073744e-01 5.618447299885673374e+01
7.999417545094192894e-01 -1.437993030253689785e-03 -6.000759240807155281e-01 -2.659256389313257074e+01 -2.615232412003585735e-02 9.989634605806945178e-01 -3.725668286505202931e-02 -3.838338563379894097e+00 5.995075069160842318e-01 4.549655620696022029e-02 7.990749773214887997e-01 5.703896678916684237e+01
7.958557360402365166e-01 -3.560160703123755547e-03 -6.054758175583531132e-01 -2.724951348829335984e+01 -2.572781559275949190e-02 9.988807345255799053e-01 -3.969077659474267578e-02 -3.904957868056204262e+00 6.049394453507099811e-01 4.716570229857296875e-02 7.948733678749668741e-01 5.790754752692819096e+01
7.918672422834148739e-01 -4.398691937314719476e-03 -6.106774230124650815e-01 -2.790610415832003710e+01 -2.533047323546808866e-02 9.988769128065039249e-01 -4.004098194292704527e-02 -3.958294579237556565e+00 6.101677174817410343e-01 4.717588996259254597e-02 7.908664862243035554e-01 5.871827327414465003e+01
7.872669768333726559e-01 -5.196225365198561125e-03 -6.165903819974422051e-01 -2.859276214493043966e+01 -2.412915495882968914e-02 9.989389625248376037e-01 -3.922668830706425164e-02 -4.013024094936206154e+00 6.161399978309500813e-01 4.575968106453733725e-02 7.863062773975720843e-01 5.957742988655941474e+01
7.825744558382018434e-01 -5.256208250501576140e-03 -6.225348070241037979e-01 -2.927123885811455040e+01 -2.403700712743125911e-02 9.989636294680261930e-01 -3.865086458607384229e-02 -4.076719374983803768e+00 6.220927980147661351e-01 4.521105278113070336e-02 7.816370760830024800e-01 6.041713263101364362e+01
7.767020209533240793e-01 -5.777819902738478598e-03 -6.298417101904623117e-01 -2.996987062379646360e+01 -2.434283344095545393e-02 9.989355110082847045e-01 -3.918253886567836519e-02 -4.130826633088497957e+00 6.293976511287201481e-01 4.576528883420243748e-02 7.757345825698644948e-01 6.126571346605911828e+01
7.713823202048897265e-01 -7.119855075728957414e-03 -6.363321585833806582e-01 -3.068833243882534489e+01 -2.379029170905237051e-02 9.989157782168117672e-01 -4.001612291944734584e-02 -4.192916168346741301e+00 6.359271533568273682e-01 4.600625728324918284e-02 7.703765881452409037e-01 6.210439590131029064e+01
7.663564934670015205e-01 -7.689605314177706819e-03 -6.423695097561428202e-01 -3.137336225038656323e+01 -2.408712381160419205e-02 9.988812950494034837e-01 -4.069359790996356779e-02 -4.249880535824186012e+00 6.419638165813180697e-01 4.665863677996326397e-02 7.653139470811721745e-01 6.290914959309492360e+01
7.606033482907469390e-01 -8.955756436423680661e-03 -6.491550916509652991e-01 -3.208101786544296630e+01 -2.384865936876125539e-02 9.988445436592082727e-01 -4.172312418083481272e-02 -4.311052478571719249e+00 6.487786946086735451e-01 4.721622647652123222e-02 7.595109224464767772e-01 6.376678235493887570e+01
7.541922567228395158e-01 -1.206526815910492073e-02 -6.565428097684363751e-01 -3.281793394251365470e+01 -2.122144893231686646e-02 9.988610870206525716e-01 -4.273381538651496031e-02 -4.374609701943780848e+00 6.563106709012286322e-01 4.616230222546718887e-02 7.530772558131035854e-01 6.456001859587314584e+01
7.482581840700329723e-01 -1.250291480680663404e-02 -6.632898000068495614e-01 -3.356075978703134410e+01 -2.121195023648514769e-02 9.988602709198197704e-01 -4.275760027726186602e-02 -4.440304952288441243e+00 6.630684354021401106e-01 4.606339441389362827e-02 7.471401621734247156e-01 6.538495894408499964e+01
7.419183245169389540e-01 -1.277706089576159838e-02 -6.703685091019740971e-01 -3.431269757826293443e+01 -2.032441086495889726e-02 9.989303901247441608e-01 -4.153304760315545269e-02 -4.493211817509608075e+00 6.701821581631407510e-01 4.443897392420628062e-02 7.408650760473274310e-01 6.620701388286435929e+01
7.357127560575696945e-01 -1.317411825579177173e-02 -6.771655444258664058e-01 -3.506372475666817934e+01 -1.965516236552401763e-02 9.989744247649304798e-01 -4.078937719360960223e-02 -4.559065662155835419e+00 6.770084359716711520e-01 4.331906364580705854e-02 7.346992887834710162e-01 6.702519593171282963e+01
7.291726496945157843e-01 -1.452679079322760289e-02 -6.841755699357461307e-01 -3.583468903602547329e+01 -1.871336095939132860e-02 9.989775175689826758e-01 -4.115494557062039649e-02 -4.617316957438203140e+00 6.840738735225507794e-01 4.281228490880738258e-02 7.281552393432064729e-01 6.783469836938603237e+01
7.225403194786917949e-01 -1.661089330410218598e-02 -6.911291890789516001e-01 -3.661984848308361506e+01 -1.769744584671109969e-02 9.989392574606019704e-01 -4.251070857096506811e-02 -4.688588831904747067e+00 6.911022317162616169e-01 4.294692214507255662e-02 7.214799208022127930e-01 6.862460832794124599e+01
7.166210650584895481e-01 -1.540917283795927538e-02 -6.972924762268782883e-01 -3.741906474714209452e+01 -2.020322070413299587e-02 9.988777799959135395e-01 -4.283702297813382631e-02 -4.747318406204200869e+00 6.971700557793835129e-01 4.478546663026578001e-02 7.155055446141151965e-01 6.943110833187803621e+01
7.113662203198743983e-01 -1.577100074393369272e-02 -7.026445523088512557e-01 -3.822646185714314271e+01 -1.933376910836389490e-02 9.989307428443296999e-01 -4.199495690049326324e-02 -4.806647168589168295e+00 7.025555592116172754e-01 4.345856109321563632e-02 7.103006749891696003e-01 7.023125952099168501e+01
7.067346429867910063e-01 -1.516240541178921937e-02 -7.073162210182915022e-01 -3.902041840337837186e+01 -2.044460852017363980e-02 9.989150828581168096e-01 -4.184107140253229967e-02 -4.864371868660530396e+00 7.071832650140149612e-01 4.403133769040976087e-02 7.056579059991342495e-01 7.102972357176773244e+01
7.020380101289390717e-01 -1.510296167001532429e-02 -7.119792998531636607e-01 -3.985641195808327808e+01 -2.156310537684261869e-02 9.988658461714683412e-01 -4.245060513047844292e-02 -4.936404658074480700e+00 7.118129479466979159e-01 4.515442282179388950e-02 7.009161252684767973e-01 7.182920553799132790e+01
6.966394225796773698e-01 -1.778276392740817460e-02 -7.172010029445039514e-01 -4.067066339877150938e+01 -2.057589335378911741e-02 9.987862726732794627e-01 -4.475057726859139884e-02 -5.006811190631629493e+00 7.171263178111269010e-01 4.593206746135618246e-02 6.954279970190820892e-01 7.260618085510876085e+01
6.916625743842385043e-01 -1.969687380719212580e-02 -7.219521498350409683e-01 -4.150016557980308818e+01 -2.099465828104855880e-02 9.986572264574515856e-01 -4.735998734253496489e-02 -5.065788338933470136e+00 7.219155877358739426e-01 4.791426926789293939e-02 6.903203000479798401e-01 7.338422995464854637e+01
6.862800335660276252e-01 -1.991884839962156095e-02 -7.270646086643954842e-01 -4.235247465247355336e+01 -2.221226477061793297e-02 9.985847135494445581e-01 -4.832375393516852996e-02 -5.132590870727517185e+00 7.269981700427626814e-01 4.931337889323668400e-02 6.848663090093484174e-01 7.418867457888853778e+01
6.817483611370938057e-01 -1.970884222418508441e-02 -7.313212178537203956e-01 -4.323033294785773251e+01 -2.164356363541978731e-02 9.986561472388829630e-01 -4.708986907923650572e-02 -5.207369314133173610e+00 7.312665292301316899e-01 4.793183819873577528e-02 6.804056231556863121e-01 7.497024664876684596e+01
6.768159352596690992e-01 -2.006184475256966859e-02 -7.358788637450510706e-01 -4.408649194438701358e+01 -2.035537635676574336e-02 9.987363482424123085e-01 -4.594959613899148032e-02 -5.278792539256166094e+00 7.358708154855677641e-01 4.607850990086495568e-02 6.755523102368659050e-01 7.573664832643943612e+01
6.715084093150486266e-01 -2.071524352837891825e-02 -7.407073138058622996e-01 -4.494884883418757227e+01 -2.005968616044433508e-02 9.987346101195239134e-01 -4.611710715486552065e-02 -5.349225912449262488e+00 7.407253701523105471e-01 4.582638130440479241e-02 6.702431491158389321e-01 7.651831854436856872e+01
6.667739796960977516e-01 -2.166893341723210090e-02 -7.449449020149064848e-01 -4.583122281898791073e+01 -1.915614339019251766e-02 9.987486309436974796e-01 -4.619755824960582180e-02 -5.415129133765682390e+00 7.450137656848754286e-01 4.507360090234164424e-02 6.655245072112712101e-01 7.729382788101371204e+01
6.622209202488852364e-01 -2.182567832301503599e-02 -7.489907089943960150e-01 -4.670874623018128347e+01 -1.913597326892016795e-02 9.987570770107169205e-01 -4.602299075292262676e-02 -5.487149167118570148e+00 7.490642671407015118e-01 4.481005324463110950e-02 6.609801760884552735e-01 7.808261716914725525e+01
6.584615210954335440e-01 -2.299268927454904340e-02 -7.522630862953411102e-01 -4.762545850449527762e+01 -1.751704147919662391e-02 9.987942507574452122e-01 -4.586063604001877625e-02 -5.549023911766956196e+00 7.524105179883463501e-01 4.337488760578514513e-02 6.572648187704928091e-01 7.885173635226963995e+01
6.544007018948604371e-01 -2.599969392348464026e-02 -7.557008182571500754e-01 -4.852296819723645172e+01 -1.439601222522344549e-02 9.987991466207507552e-01 -4.682968674458679037e-02 -5.620349639168768618e+00 7.560109029472495967e-01 4.152445783017895409e-02 6.532405717411789992e-01 7.960594958310169034e+01
6.499605869754138121e-01 -2.967909212583427422e-02 -7.593881591220936755e-01 -4.942014247976464247e+01 -1.209345382150972537e-02 9.987066903232243442e-01 -4.938314581554539839e-02 -5.707771959369255299e+00 7.598716951183979162e-01 4.128072380990507884e-02 6.487610649858711609e-01 8.039177201740427847e+01
6.453985945289932857e-01 -3.393019971987280836e-02 -7.630919898534141987e-01 -5.034512703863686056e+01 -8.303607227302171184e-03 9.986422529605819554e-01 -5.142665371023279197e-02 -5.773568382852557690e+00 7.638008337815855864e-01 3.952710590565444021e-02 6.442405645089419597e-01 8.116302025384706553e+01
6.390039806698522007e-01 -3.817270036275879908e-02 -7.682556519501058112e-01 -5.127381850464868052e+01 -2.202264754141666434e-03 9.986729726940424268e-01 -5.145331506468889260e-02 -5.849913886697308385e+00 7.692002809864099122e-01 3.457077516023692593e-02 6.380719396167766622e-01 8.191891215467200027e+01
6.304493430157607214e-01 -4.205596212810844975e-02 -7.750902598277852329e-01 -5.220378380608059388e+01 3.036612516042996261e-03 9.986571828502822656e-01 -5.171663278379875356e-02 -5.931241309869383471e+00 7.762244614961418820e-01 3.025106800566028722e-02 6.297304735675289811e-01 8.267713555633400802e+01
6.211995847169421436e-01 -4.285126406641921737e-02 -7.824799255307547385e-01 -5.315135220937302307e+01 5.128059463482486681e-03 9.987047506642815486e-01 -5.062137872670870870e-02 -6.011191237669055276e+00 7.836356225375507023e-01 2.743337545267932748e-02 6.206147212891366394e-01 8.343550203379002994e+01
6.124749368511599457e-01 -4.192860109971020127e-02 -7.893772435896022621e-01 -5.410902236382929686e+01 6.571224799849562093e-03 9.988278718585064109e-01 -4.795520180275238825e-02 -6.078946093003259499e+00 7.904627004999766893e-01 2.418418343735335291e-02 6.120325611067752858e-01 8.416907937374647020e+01
6.036012961532587484e-01 -4.172069041180504617e-02 -7.961939761439444929e-01 -5.511231040358966027e+01 6.053289358458491948e-03 9.988409579723642739e-01 -4.775037531346099789e-02 -6.164388930352941998e+00 7.972633462716033348e-01 2.400259546181792922e-02 6.031542454056696423e-01 8.492376634693394521e+01
5.940094787376166696e-01 -4.223254267090849334e-02 -8.033487036708117923e-01 -5.608264080442577182e+01 3.983852039018305480e-03 9.987632088527332863e-01 -4.955987838416392455e-02 -6.232759471405984186e+00 8.044481826892617704e-01 2.623861472326034783e-02 5.934430623950875949e-01 8.562896406906408231e+01
5.839398064640739516e-01 -4.515648782485063434e-02 -8.105400557766547776e-01 -5.705891148361466492e+01 6.061337319138072714e-03 9.986664076561821979e-01 -5.127052159160665201e-02 -6.325377647233699108e+00 8.117743364808676088e-01 2.502594132109681874e-02 5.834347786448514928e-01 8.632700515334956037e+01
5.743225742922910548e-01 -4.554153235826169377e-02 -8.173613260275413017e-01 -5.806588103839964532e+01 4.473300797112205601e-03 9.986110535336876204e-01 -5.249717437715920032e-02 -6.384955740319028017e+00 8.186168708174891284e-01 2.649400882287826497e-02 5.737285930955892121e-01 8.703403120395576309e+01
5.643774743754138568e-01 -4.709439617396807970e-02 -8.241724163517651913e-01 -5.910272703967904562e+01 7.975059149526576505e-03 9.986358690066561294e-01 -5.160232103747015853e-02 -6.469537141084781950e+00 8.254783316379781244e-01 2.255036337151254330e-02 5.639831713162660742e-01 8.773277484737771204e+01
5.538977882125459828e-01 -4.685385332955133153e-02 -8.312652669588638243e-01 -6.012911453021376218e+01 9.020730737320927645e-03 9.986944155866880335e-01 -5.028012195304441129e-02 -6.550931634752452659e+00 8.325358118395671525e-01 2.035142769280500613e-02 5.535972850493798836e-01 8.840717351140554570e+01
5.435799103043637004e-01 -4.737943891358135928e-02 -8.380191269316314973e-01 -6.116418524466359230e+01 9.622647595192298023e-03 9.986917350940063276e-01 -5.022173710501815630e-02 -6.632422928101626702e+00 8.393022681580971645e-01 1.923556409579442114e-02 5.433246805984496275e-01 8.908492082033352233e+01
5.334004726593660761e-01 -4.822581132188732272e-02 -8.444869412420847876e-01 -6.221548193070193378e+01 8.519578378692589313e-03 9.986290542358952083e-01 -5.164715665684258689e-02 -6.710288515564922562e+00 8.458199361065289468e-01 2.035394457390488424e-02 5.330800742995022157e-01 8.973271013412012564e+01
5.231960476615493683e-01 -4.913094635898813956e-02 -8.507949416174460655e-01 -6.331331887680377690e+01 8.179608684360644213e-03 9.985803135811733844e-01 -5.263507671047996939e-02 -6.789430654649714292e+00 8.521731054609721356e-01 2.057929389544757570e-02 5.228551464418387251e-01 9.037956292145844372e+01
5.132375118309846496e-01 -4.962962881245335661e-02 -8.568104475803417497e-01 -6.439557291593908417e+01 6.387562067126201573e-03 9.985198693952500593e-01 -5.401175285354667399e-02 -6.876536578053259241e+00 8.582228542998698861e-01 2.224792722686969038e-02 5.127948668128066156e-01 9.102079856347211262e+01
