1.000000000000000000e+00 -3.306050084167601550e-19 -2.270457535318767223e-19 -8.673617379884035472e-19 7.546676715296109287e-19 1.000000000000000000e+00 6.237773588823049983e-19 1.387778780781445676e-17 -3.447385680526250622e-20 4.770700176052009879e-20 1.000000000000000222e+00 5.551115123125782702e-17
9.999307347410463231e-01 -2.906103970777473323e-03 1.140150374328475352e-02 1.570018724516978811e-02 2.890274320235786641e-03 9.999948530540561098e-01 1.404280802965266915e-03 -5.709132964244120756e-03 -1.140552591390812248e-02 -1.371223309179754471e-03 9.999339836618068578e-01 2.990062809700231861e-01
9.998170002162726222e-01 -5.684855933488212019e-03 1.826283437419330691e-02 3.079012146343179657e-02 5.660419561821957747e-03 9.999830300593711696e-01 1.388962612210088276e-03 -1.151460084595043454e-02 -1.827042637188518864e-02 -1.285296046820213946e-03 9.998322090660923811e-01 5.762822973322527798e-01
9.997570965774419394e-01 -7.728707249315223439e-03 2.064516045697914123e-02 3.878510272740245957e-02 7.728310985748972420e-03 9.999701396839869583e-01 9.896190528022200475e-05 -1.605742486491046339e-02 -2.064531026736917893e-02 6.058017513104973047e-05 9.997869262790070044e-01 8.821346039046928933e-01
9.997907032860570142e-01 -9.253177834942402993e-03 1.824823458065301385e-02 4.093685039371465495e-02 9.275942455400558104e-03 9.999562955420014942e-01 -1.163099601105287194e-03 -2.143567495545245505e-02 -1.823666851571517644e-02 1.332167515192360764e-03 9.998328480309199850e-01 1.191439432326638848e+00
9.998662814646543939e-01 -1.072519281284524742e-02 1.234307637786595871e-02 4.449431360869227081e-02 1.075853884992456454e-02 9.999386150775191329e-01 -2.637327651923679177e-03 -2.319325123328930260e-02 -1.231402144534016023e-02 2.769791650197883995e-03 9.999203260454121445e-01 1.511802424421431645e+00
9.999252511375672503e-01 -1.221825103499946628e-02 4.862826667123284021e-04 4.061734974347690902e-02 1.221988825496987154e-02 9.999191798695250544e-01 -3.518371472576087809e-03 -3.351015013049873925e-02 -4.432568545997709946e-04 3.524050126270807971e-03 9.999936827776980675e-01 1.833903234489230094e+00
9.998305360643572337e-01 -1.043907967658957298e-02 -1.516243758213295899e-02 1.226310453270885309e-02 1.037506581043582884e-02 9.999369370236690369e-01 -4.295992081318129527e-03 -4.413836374535488882e-02 1.520631216791132681e-02 4.137944898841604616e-03 9.998757931129933496e-01 2.161029295438274822e+00
9.993613030306311984e-01 -6.585449969299028358e-03 -3.513420066404256831e-02 -2.411791535125542771e-02 6.437344258549616838e-03 9.999698984465610341e-01 -4.326897254968310041e-03 -5.264242019110415560e-02 3.516165518886407021e-02 4.098007748524167861e-03 9.993735895918388623e-01 2.507042723761284897e+00
9.985177855116402768e-01 -2.802679876592556549e-03 -5.435919119407439659e-02 -6.852675052020366919e-02 2.533205618988777514e-03 9.999841919695817705e-01 -5.026540139595287067e-03 -5.562259050600404375e-02 5.437241968614791449e-02 4.881424083241559138e-03 9.985090283972269942e-01 2.861558988064039966e+00
9.972174966265257012e-01 -1.906183068261225761e-03 -7.451247549389017344e-02 -1.146842767212122027e-01 1.533402230314966867e-03 9.999860068789461209e-01 -5.058012048310437866e-03 -5.718441101979709895e-02 7.452108841676691187e-02 4.929638815639010400e-03 9.972064748842683901e-01 3.223331352420439000e+00
9.955064808070915872e-01 -3.079870351216580735e-03 -9.462600046551124244e-02 -1.692292676632413118e-01 2.647491931917627783e-03 9.999854531993142004e-01 -4.693769045558049066e-03 -6.233627035873148814e-02 9.463908547670366045e-02 4.422129859999762713e-03 9.955001948426239755e-01 3.605885011478199509e+00
9.933978426128216022e-01 -4.314337705257275876e-03 -1.146377755580609975e-01 -2.256005848704321914e-01 3.943218584509235354e-03 9.999862076784172826e-01 -3.464717488369732212e-03 -6.951782286476802797e-02 1.146511530166790249e-01 2.989864146431148954e-03 9.934011827295440300e-01 3.990540049544902157e+00
9.912578898937844940e-01 -3.289794800624495051e-03 -1.318941299295632585e-01 -3.046932953832717228e-01 2.909306614135570047e-03 9.999910425353252252e-01 -3.076508688172192776e-03 -7.550970397153723701e-02 1.319030873973622842e-01 2.665872748553801963e-03 9.912585944454329612e-01 4.383392917605809735e+00
9.887933698122068904e-01 -2.139727411706066496e-03 -1.492927058141479968e-01 -3.869107840871101600e-01 1.794320137860595625e-03 9.999954010689892092e-01 -2.448747660426008835e-03 -7.961530319055133698e-02 1.492972791606603233e-01 2.153492845980990895e-03 9.887926705212395362e-01 4.802498417370856032e+00
9.868443943076339320e-01 -1.368066948230462496e-03 -1.616141453512121018e-01 -4.697815313087633227e-01 1.049672291070304769e-03 9.999973151576090347e-01 -2.054637563319091243e-03 -8.474331619518082892e-02 1.616165368494908161e-01 1.857955390794203748e-03 9.868431974942910578e-01 5.219926497395495524e+00
9.848695002688492295e-01 -2.806757833103482036e-03 -1.732860770391794758e-01 -5.640008994062973846e-01 2.311658940905034730e-03 9.999926443481064187e-01 -3.059334917753247021e-03 -9.089082437568005157e-02 1.732934166459513259e-01 2.612375874640620894e-03 9.848687690221131774e-01 5.662786588723061953e+00
9.830312901227191702e-01 -5.222282515170781868e-03 -1.833558338908443108e-01 -6.519968085530188917e-01 4.441779246399993157e-03 9.999792596406127387e-01 -4.666106795867186116e-03 -1.085461878975522293e-01 1.833764188002015572e-01 3.772385061980609074e-03 9.830340550149582191e-01 6.110779939514771719e+00
9.814938711709133567e-01 -4.499479468960293146e-03 -1.914400130691323587e-01 -7.474200122865650719e-01 3.327551971751589992e-03 9.999736905558049838e-01 -6.443516606241219379e-03 -1.111441336261104473e-01 1.914639976177838765e-01 5.687266482022793924e-03 9.814830851505706999e-01 6.570471374517397933e+00
9.801507009719631069e-01 -4.981365167678537473e-03 -1.982051323873905146e-01 -8.617925418657187420e-01 3.314438662326511190e-03 9.999563011584102767e-01 -8.743257053222038694e-03 -1.117956860593477125e-01 1.982400466085517121e-01 7.912587586399037407e-03 9.801244212476175610e-01 7.047799926604486842e+00
9.785276964235949393e-01 -4.013058439173995684e-03 -2.060826446042119953e-01 -9.659374230192194766e-01 1.710199203758069582e-03 9.999340761053970850e-01 -1.135435580445799501e-02 -1.268452520084277224e-01 2.061146425490567591e-01 1.075807341197908620e-02 9.784700569235227352e-01 7.531355175214631714e+00
9.767210600580354951e-01 -8.046100190948195230e-03 -2.143998820488917656e-01 -1.077800641080926658e+00 5.523177938469249135e-03 9.999082235973566490e-01 -1.236284429121204710e-02 -1.360617601292241630e-01 2.144797623905775052e-01 1.089079365474518446e-02 9.766759607904088591e-01 8.038858314754934398e+00
9.750038069845501365e-01 -1.419906234499803549e-02 -2.217469815744296802e-01 -1.196173817664980987e+00 1.149654913031019146e-02 9.998430827065630799e-01 -1.347368394077214440e-02 -1.545730796715176214e-01 2.219034919338129519e-01 1.058820471144815943e-02 9.750142195656312794e-01 8.553132829468427900e+00
9.729638207639615954e-01 -1.399825033005751805e-02 -2.305499635756016186e-01 -1.323130311746343990e+00 1.063392595493506572e-02 9.998181211281811365e-01 -1.582823128239550792e-02 -1.732830793200126063e-01 2.307296374872814249e-01 1.294890473501739657e-02 9.729358100876853710e-01 9.077710135938550806e+00
9.712906489328154702e-01 -1.056891365017663224e-02 -2.376616272703600263e-01 -1.472065835211628704e+00 6.084689564949027560e-03 9.997895204683262538e-01 -1.959772577397594917e-02 -1.720259112904058973e-01 2.378186962171442154e-01 1.758954856403905503e-02 9.711505916500366986e-01 9.601047669683605790e+00
9.693504342898285886e-01 -7.489932980134203326e-03 -2.455526537304775769e-01 -1.629885958216769293e+00 1.813321909112633815e-03 9.997260385324493459e-01 -2.333538007955989271e-02 -1.877920985518299335e-01 2.456602058112999365e-01 2.217474661511579376e-02 9.690986093844485838e-01 1.014479961752203430e+01
9.668633281362256637e-01 -1.023678222889505378e-02 -2.551583584011769545e-01 -1.784499785518240511e+00 3.917201113299640866e-03 9.996729127748468224e-01 -2.526944548081396305e-02 -2.060270250154979665e-01 2.553336418079087955e-01 2.343299107821889340e-02 9.665875264648736698e-01 1.070951338050317858e+01
9.648002020197329331e-01 -1.243922281499058174e-02 -2.626605805590490617e-01 -1.946609658126220888e+00 5.554379031972301456e-03 9.996217093975583445e-01 -2.693019342857024684e-02 -2.308488938714191030e-01 2.628962311589117529e-01 2.452356390944145439e-02 9.645045564782167569e-01 1.127868378068865773e+01
9.623424540561494878e-01 -1.118779204996543999e-02 -2.715489541563355091e-01 -2.120630670731562972e+00 3.448169598504342934e-03 9.995747581433557238e-01 -2.895807222628305616e-02 -2.530415040430992191e-01 2.717574225010210842e-01 2.693134873062057524e-02 9.619720075613897858e-01 1.184939005037409210e+01
9.602636926943155515e-01 -1.174218023095233848e-02 -2.789001240253756730e-01 -2.308829154718864629e+00 2.589312465803953432e-03 9.994463437410334716e-01 -3.316350994901377108e-02 -2.746592035678138144e-01 2.791351767393287497e-01 3.112413897422239631e-02 9.597625387523344154e-01 1.244460204064607467e+01
9.581980276215836811e-01 -1.241582255087166249e-02 -2.858015086675539940e-01 -2.497040404477745223e+00 1.611067297328225940e-03 9.992762592927384446e-01 -3.801486883733267569e-02 -3.002855916718313312e-01 2.860666625255569584e-01 3.596490428412733864e-02 9.575246616597444804e-01 1.304080168953267993e+01
9.560786120388371501e-01 -1.293710546690194328e-02 -2.928230198412131169e-01 -2.696741240641565618e+00 -3.873046779708805439e-04 9.989687554274679915e-01 -4.540247421054845189e-02 -3.354836648310534075e-01 2.931085607759058576e-01 4.352104670789493090e-02 9.550878420940894786e-01 1.365780934174560457e+01
9.550383118015841610e-01 -1.446134060626975623e-02 -2.961292578735676972e-01 -2.901116504858771261e+00 -1.481616322968800411e-03 9.985644622608829124e-01 -5.354353136934397045e-02 -3.675242101846057929e-01 2.964784792322541218e-01 5.157470476053063746e-02 9.536460209700341473e-01 1.428335840817069169e+01
9.540730143284678055e-01 -1.430872004718313807e-02 -2.992594534415836116e-01 -3.111387258019817192e+00 -4.379259728265468693e-03 9.980858260860436815e-01 -6.169608812481721521e-02 -4.082944070631012723e-01 2.995692067935796232e-01 6.017405776544969970e-02 9.521842281851898848e-01 1.492327637627251491e+01
9.525314163744083018e-01 -1.401351373708092235e-02 -3.040632816350749001e-01 -3.333341857803155506e+00 -8.041042173882351207e-03 9.974335005301631085e-01 -7.114955578816402337e-02 -4.517658439217596689e-01 3.042795227243488276e-01 7.021884935053024357e-02 9.499740837019657880e-01 1.556619683619279826e+01
9.514662641352913397e-01 -1.201760151915992093e-02 -3.074837635496432964e-01 -3.553125211695971508e+00 -1.243561789669460696e-02 9.969199694805587209e-01 -7.743824051514343332e-02 -5.076800222377931826e-01 3.074669928252087292e-01 7.750511828024389538e-02 9.483860914230602956e-01 1.621916286533767604e+01
9.494916152399123233e-01 -1.127123249625587922e-02 -3.136565782070938613e-01 -3.791061391296159488e+00 -1.584137455974246600e-02 9.963587262354828278e-01 -8.380167932430795941e-02 -5.679197281633653338e-01 3.134591756296813969e-01 8.453734411979732521e-02 9.458554695483172292e-01 1.687870728276691068e+01
9.479064309547128309e-01 -1.014238011008598839e-02 -3.183358963081415194e-01 -4.035388672773900787e+00 -1.959493196958960945e-02 9.957437818213982217e-01 -9.006476199707440233e-02 -6.341834035087308141e-01 3.178942218649203899e-01 9.161206887282695444e-02 9.436730475312012922e-01 1.755772120689955429e+01
9.468052850823271971e-01 -7.428870743616845795e-03 -3.216201023433427619e-01 -4.284758386695495247e+00 -2.441842905586745147e-02 9.951928303989223679e-01 -9.486162169848992576e-02 -7.001915153153366322e-01 3.207781501096776400e-01 9.767261373129559887e-02 9.420722809420906119e-01 1.824220681418392687e+01
9.447235948821212093e-01 -5.379333869114849564e-03 -3.279037683277838400e-01 -4.550910668971195783e+00 -2.818749289128991836e-02 9.948309509306413334e-01 -9.755962771074636053e-02 -7.728312083574083724e-01 3.267344970306942376e-01 1.014060653027908099e-01 9.396885300348634118e-01 1.894988016920439833e+01
9.430073214031086115e-01 -3.393390709252070737e-03 -3.327127583940521216e-01 -4.819755873982489724e+00 -3.187247908632893229e-02 9.944300265882382028e-01 -1.004652381365877672e-01 -8.476834397717680769e-01 3.312007226917613179e-01 1.053435135161546604e-01 9.376463369299180561e-01 1.965289480427760083e+01
9.411784017462377916e-01 -2.794159604820556538e-03 -3.379324218764749310e-01 -5.095434583728831512e+00 -3.242084776817100167e-02 9.946059182538601329e-01 -9.852273049481900802e-02 -9.310886147080233988e-01 3.363849991795110350e-01 1.036822876186775377e-01 9.360109766689087563e-01 2.037875329000287650e+01
9.386857371446765130e-01 -2.794621049097563426e-03 -3.448387103596958769e-01 -5.370447651755998031e+00 -3.275493132464252222e-02 9.947213789181731380e-01 -9.724194075541869875e-02 -1.007416079398733899e+00 3.432905981594088218e-01 1.025722186995825930e-01 9.336390017197433444e-01 2.110629522115802104e+01
9.363067050482285492e-01 -1.725967576560222001e-03 -3.512241157331369990e-01 -5.660318023999183268e+00 -3.371210680969394941e-02 9.949279598461521212e-01 -9.476300003809022543e-02 -1.092926682399361971e+00 3.496061524237079055e-01 1.005670906623776645e-01 9.314994740712263521e-01 2.184376607447637397e+01
9.340368611725312631e-01 -1.808314623135559096e-03 -3.572061902331415406e-01 -5.953891220165276721e+00 -3.312128799490084152e-02 9.952399168893124592e-01 -9.164346400921281888e-02 -1.176529178867301129e+00 3.556713446425548986e-01 9.742909090610613054e-02 9.295309049291844428e-01 2.257169191412823395e+01
9.290614856598766735e-01 4.247208588382077581e-04 -3.699753057252377908e-01 -6.268625214137201418e+00 -3.471933438183109205e-02 9.956853906834060020e-01 -8.604931727984178880e-02 -1.248979410245671939e+00 3.683425517466350496e-01 9.278906214794301055e-02 9.250675386347451123e-01 2.334878739988424456e+01
9.265516923088998880e-01 2.647334193213766920e-03 -3.761315037471129052e-01 -6.592956342304920447e+00 -3.548609672246480495e-02 9.961309993520071071e-01 -8.040049929526073280e-02 -1.325975445091171601e+00 3.744635993718320455e-01 8.784249113801630149e-02 9.230606068696718403e-01 2.409278369043611789e+01
9.225699754339599101e-01 6.129063015119434049e-03 -3.857186720388927625e-01 -6.928569139372291907e+00 -3.855646376987614116e-02 9.963333826012857886e-01 -7.639316361487431817e-02 -1.393505636816429361e+00 3.838359345932694788e-01 8.535404209623749516e-02 9.194234537552206099e-01 2.486284530345684374e+01
9.196096569756496697e-01 6.799365704245862937e-03 -3.927850344529694171e-01 -7.267857555857396790e+00 -3.910778436128392599e-02 9.964678538649506256e-01 -7.432466200204952689e-02 -1.468794633310354980e+00 3.908924954667271079e-01 8.371072705961823956e-02 9.166273908546515026e-01 2.562561608198073415e+01
9.152777709202337686e-01 9.616169701536256970e-03 -4.027873253745176130e-01 -7.622028104312347452e+00 -4.277544673607985848e-02 9.963829310268021988e-01 -7.343822328364674190e-02 -1.530377869442959282e+00 4.006247990505384382e-01 8.444220470702823444e-02 9.123781612350322368e-01 2.639120587329572132e+01
9.119027496094443963e-01 9.047910149476852057e-03 -4.103083462753864818e-01 -7.983849759417595671e+00 -4.223771638682560087e-02 9.965172820260630449e-01 -7.188401188264753605e-02 -1.598006271987631122e+00 4.082287754533097113e-01 8.288088224378134528e-02 9.091089910581269251e-01 2.716042854293794306e+01
9.083897272617325047e-01 9.390172835542002355e-03 -4.179747598179204826e-01 -8.357669140822633125e+00 -4.247781574216727418e-02 9.966478666618612259e-01 -6.994089775814014975e-02 -1.666308616300377077e+00 4.159166724236146861e-01 8.129361738385763869e-02 9.057435869350185520e-01 2.795485919275949627e+01
9.042808144227321154e-01 9.723052149618258144e-03 -4.269058123252216785e-01 -8.745348690952496895e+00 -4.250022817137971004e-02 9.968250979900059594e-01 -6.732780008652528014e-02 -1.733112516367723011e+00 4.248961837935511521e-01 7.902170305077145518e-02 9.018226545199403699e-01 2.875807692529241066e+01
9.012198873478514116e-01 1.066180789838670935e-02 -4.331898185904063392e-01 -9.142674736731947860e+00 -4.239090786761477714e-02 9.970719466751688520e-01 -6.365453072557633596e-02 -1.799332613392589320e+00 4.312426877301816508e-01 7.573274282511524569e-02 8.990330022310997204e-01 2.954020428546501620e+01
8.965297401580389902e-01 1.150723613195327004e-02 -4.428617346230340202e-01 -9.553362205521953143e+00 -4.139552837211177283e-02 9.974645366359279341e-01 -5.789889237303626202e-02 -1.857892939039881952e+00 4.410727128372399219e-01 7.024172584653162743e-02 8.947331258931061626e-01 3.035698379986168050e+01
8.938909053167575225e-01 1.141260365588727538e-02 -4.481098162571618415e-01 -9.968922840280978193e+00 -3.965502260159533415e-02 9.977698281354192567e-01 -5.369096970266983015e-02 -1.912218624936955269e+00 4.464974379529180193e-01 6.576772895543553377e-02 8.923502132984642010e-01 3.116446625645182777e+01
8.900217556211004188e-01 1.051902750290126948e-02 -4.557671693212780872e-01 -1.040432304640932770e+01 -3.797299456365344633e-02 9.979704762866108414e-01 -5.112173828692984784e-02 -1.974003202212710972e+00 4.543045833679438261e-01 6.280765022875196835e-02 8.886147450782205803e-01 3.196787726189612400e+01
8.867649095671551462e-01 1.202008102889985490e-02 -4.619785763892331754e-01 -1.084781813196292077e+01 -3.949361860617599251e-02 9.979764475677286306e-01 -4.983053301723021355e-02 -2.024671345498559649e+00 4.604445734175505178e-01 6.243684686357576369e-02 8.854452459344219761e-01 3.280504400737622461e+01
8.838674555208649863e-01 1.179148003928437785e-02 -4.675581913772994258e-01 -1.129986298587027704e+01 -3.863834862410078091e-02 9.981060455466775894e-01 -4.785559992027380721e-02 -2.071234551868204044e+00 4.661081451211043225e-01 6.036521549158727767e-02 8.826490680166252378e-01 3.364185109636959226e+01
8.803668129541422083e-01 1.012569465475323359e-02 -4.741955123983809250e-01 -1.176441930242144984e+01 -3.647065312460050918e-02 9.982572904272024594e-01 -4.639285284224224648e-02 -2.126592878817870513e+00 4.728997513814324205e-01 5.813359933542981001e-02 8.792017480590850198e-01 3.448787773022544201e+01
8.781587202003835468e-01 9.540600868864422893e-03 -4.782559613051471925e-01 -1.224248048955740842e+01 -3.619363592804902829e-02 9.982604921181738034e-01 -4.653199219396483149e-02 -2.185876777146263716e+00 4.769801302885058880e-01 5.816994031113465607e-02 8.769764046896521004e-01 3.534503760454593646e+01
8.771516241206612774e-01 8.771299795311772798e-03 -4.802397617815691855e-01 -1.272835089164232691e+01 -3.528583019611291477e-02 9.983074934232241127e-01 -4.621524753723724177e-02 -2.237997894814737432e+00 4.790213981014216915e-01 5.748250383456944557e-02 8.759767583487542142e-01 3.620599165966099520e+01
8.750690442170909744e-01 9.173026146065335965e-03 -4.839637224515883629e-01 -1.321947622937695854e+01 -3.641183724728371679e-02 9.982346440926004316e-01 -4.692130619332375574e-02 -2.285792678094295649e+00 4.826790205222231678e-01 5.868026318777428557e-02 8.738584153432630286e-01 3.708407405342338592e+01
8.751552943381244454e-01 8.052121722426218431e-03 -4.837727947077540280e-01 -1.372044926468106851e+01 -3.520022728431791009e-02 9.982717150868333222e-01 -4.707137956638390852e-02 -2.340649530610554585e+00 4.825581468405844565e-01 5.822180884594611167e-02 8.739258886959224704e-01 3.796756218888189238e+01
8.746151874693790518e-01 8.969869376891117380e-03 -4.848303208574425427e-01 -1.423086346429627724e+01 -3.458443685992237254e-02 9.984360216543270994e-01 -4.393355316318259957e-02 -2.393196799753948945e+00 4.836782423458138580e-01 5.519073425068259098e-02 8.735574654025086705e-01 3.886450694104289028e+01
8.744117215664518605e-01 6.864073465682480474e-03 -4.852679694308388303e-01 -1.474989639196110858e+01 -3.239327273149845282e-02 9.984947089660940467e-01 -4.425053404574316729e-02 -2.450126459105141041e+00 4.842338174879718404e-01 5.440907702069382873e-02 8.733179728488019711e-01 3.978066359511674221e+01
8.743924013537067719e-01 7.953557757397419076e-03 -4.852459872509128358e-01 -1.527089330917260668e+01 -3.345283789912866651e-02 9.984745161849154504e-01 -4.390777617002044469e-02 -2.496325721445956880e+00 4.841562562875163511e-01 5.462394777286926767e-02 8.733248821020337394e-01 4.069483921085357991e+01
8.720379408947296351e-01 5.576814905719072908e-03 -4.895422555244636209e-01 -1.579491450900924399e+01 -3.125896562788123278e-02 9.985281970268333751e-01 -4.431201392947993478e-02 -2.551620079877948921e+00 4.885748772592598543e-01 5.393892295056751385e-02 8.709288157107919481e-01 4.162165791875227683e+01
8.713974625994042045e-01 3.892904527078112475e-03 -4.906876738811837835e-01 -1.632565797623965054e+01 -2.876179402189519424e-02 9.986537701699195191e-01 -4.316175587225048321e-02 -2.608773215929515388e+00 4.898591038032785727e-01 5.172203393774686686e-02 8.703365049816835786e-01 4.254989825556835115e+01
8.692996096179567145e-01 5.067581705605946757e-03 -4.942933960779563041e-01 -1.687323557604459623e+01 -2.806317929196267685e-02 9.988404906926801052e-01 -3.911347994207075435e-02 -2.662034634435546998e+00 4.935221211775607797e-01 4.787181100803527406e-02 8.684338938490619997e-01 4.347916829523204996e+01
8.665730854057159815e-01 5.069078291121548174e-03 -4.991363180909309527e-01 -1.741522018542496397e+01 -2.597350722129415646e-02 9.990512550877580500e-01 -3.495510167965998338e-02 -2.715802501388418833e+00 4.984855685621413235e-01 4.325405794142925253e-02 8.658827224185136062e-01 4.441037668600738897e+01
8.631776535164680242e-01 4.063504872958583793e-03 -5.048200749909151908e-01 -1.795324052191565656e+01 -2.396051203094085383e-02 9.991707247602392705e-01 -3.291852548613791868e-02 -2.769790541566016895e+00 5.042677147296771301e-01 4.051014361005327025e-02 8.625591987611043177e-01 4.531621063357196988e+01
8.572690125508469761e-01 6.979575864887466998e-04 -5.148862462501079262e-01 -1.851501033994179934e+01 -2.151772499424774165e-02 9.991739533724571798e-01 -3.447201873909933739e-02 -2.821626014736227983e+00 5.144369038292844198e-01 4.063088663704594178e-02 8.565759878768975932e-01 4.623919081345417936e+01
8.517422667303250483e-01 -1.687292155799417163e-03 -5.239322921912870079e-01 -1.908919235522519031e+01 -2.087372492704548874e-02 9.990916092211709065e-01 -3.715895847898942339e-02 -2.876277098285985101e+00 5.235192813816939017e-01 4.258538433913026944e-02 8.509334494498104196e-01 4.715651509089926208e+01
8.462461332274239245e-01 -2.197534810556926819e-03 -5.328447992108514830e-01 -1.967169619520231194e+01 -2.069915241152057300e-02 9.991008195069172038e-01 -3.698570115725482998e-02 -2.926317827283579032e+00 5.324471752040371708e-01 4.232592613035927182e-02 8.454400050064428962e-01 4.806726396770058329e+01
8.396813474387807563e-01 1.387973789921209417e-03 -5.431693567025139835e-01 -2.027279024516006345e+01 -2.241814132409948243e-02 9.992328679505620981e-01 -3.210764230024978211e-02 -2.974457393041808562e+00 5.427083797416274447e-01 3.913400411757484570e-02 8.390684129561469806e-01 4.896832320381338377e+01
8.365011259255910048e-01 3.472706191091042612e-03 -5.477584953040788296e-01 -2.087693030415554318e+01 -2.205942648563622224e-02 9.993826392783025092e-01 -2.734379097314493592e-02 -3.021108705563057661e+00 5.473254045810430624e-01 3.496200023876275959e-02 8.360614490676518962e-01 4.986869905451536766e+01
8.305552669194694593e-01 5.288067928538895540e-03 -5.570351903909932512e-01 -2.149262983843884811e+01 -2.506807450442876534e-02 9.992964301440120378e-01 -2.789614713136934557e-02 -3.066352980141088036e+00 5.564960792461074446e-01 3.712843418752290875e-02 8.301035660743362188e-01 5.075563876325619361e+01
8.275437650540080625e-01 3.622699913840410520e-03 -5.614208105222160405e-01 -2.210205083022593087e+01 -2.610619878978910971e-02 9.991456967198255601e-01 -3.202605941715769983e-02 -3.114949546164516914e+00 5.608253436649108803e-01 4.115583907254700274e-02 8.269314965544137808e-01 5.163214250393846783e+01
8.250705497542970557e-01 1.103163575640461400e-03 -5.650711177135012697e-01 -2.270475264633667933e+01 -2.794050236969560647e-02 9.988543505415574675e-01 -3.884965371811764656e-02 -3.173138383236188798e+00 5.643814004669409634e-01 4.783662491349550960e-02 8.241561639283888629e-01 5.250257783129617195e+01
8.220232651540249069e-01 2.585804709774733851e-05 -5.695118048176702752e-01 -2.333124542280483382e+01 -2.821777553658605733e-02 9.987732084715994496e-01 -4.068459317722201291e-02 -3.220609604674294246e+00 5.688125328141967474e-01 4.951040497328747236e-02 8.210156124797224342e-01 5.338377332218458804e+01
8.199866437826119903e-01 2.000675848521251462e-03 -5.724454567709701402e-01 -2.396196766460990091e+01 -2.799424764156575873e-02 9.989372446954344342e-01 -3.662146710815694650e-02 -3.277953310824844646e+00 5.717640176835693255e-01 4.605477359479802357e-02 8.191713711883967797e-01 5.425565466822632033e+01
8.149727360722769376e-01 5.164476453360049464e-03 -5.793575974369664650e-01 -2.460342311604370735e+01 -2.874014377534528375e-02 9.990899841629027334e-01 -3.151736531552690873e-02 -3.326420701147880798e+00 5.786675029541321624e-01 4.234024209769034208e-02 8.143796268145337969e-01 5.514001721546193124e+01
8.127668029555560336e-01 6.273666402484012923e-03 -5.824443217688157759e-01 -2.523601617028705490e+01 -2.719997032711240006e-02 9.992602951253770627e-01 -2.718851481102795703e-02 -3.372712718863674297e+00 5.818430406137764521e-01 3.794141196077048528e-02 8.123362051035761811e-01 5.601866774700457796e+01
8.100388896389671967e-01 7.165835626054942002e-03 -5.862908221269365061e-01 -2.587730258236789638e+01 -2.920001881524342952e-02 9.991777254556469812e-01 -2.813235516276182957e-02 -3.423575970006248692e+00 5.856072964677907500e-01 3.990884667698715166e-02 8.095819984536648528e-01 5.688408914604268318e+01
8.065697105986220361e-01 5.931750631892367814e-03 -5.910595113512085996e-01 -2.653499153097810748e+01 -2.898217326105168024e-02 9.991437928073182428e-01 -2.951570622520787932e-02 -3.465706703755189633e+00 5.903782960487200526e-01 4.093953673375200220e-02 8.060513448263294523e-01 5.775727197835144722e+01
8.026180112682599344e-01 3.653261326061835613e-03 -5.966563523386095858e-01 -2.718807718284189079e+01 -2.827603305570313905e-02 9.990902214177358465e-01 -3.192639787353234587e-02 -3.516447517714813120e+00 5.959972746146208200e-01 4.248682331462363959e-02 8.019909746199126443e-01 5.861904474764271100e+01
7.978497056846837188e-01 2.259198581561098779e-03 -6.028099459496542023e-01 -2.784674469498130733e+01 -2.741016531513509880e-02 9.990947104107030796e-01 -3.253847914408709852e-02 -3.561666872008591778e+00 6.021906138016535071e-01 4.248848202634616933e-02 7.971894974216117147e-01 5.948219007524578927e+01
7.930145120560577743e-01 2.553283834096201771e-03 -6.092500069380326622e-01 -2.853352150822746935e+01 -2.781697694496579332e-02 9.991000909999538937e-01 -3.201885495867533293e-02 -3.600620061699090435e+00 6.086202079774561957e-01 4.233228264381381362e-02 7.923718218669315583e-01 6.033724864732757709e+01
7.898840057297986661e-01 1.885218679071027845e-03 -6.132518246959141051e-01 -2.920524965046978494e+01 -2.619615405968172411e-02 9.991862584577180240e-01 -3.066429640894127381e-02 -3.652106780373393313e+00 6.126950481775748081e-01 4.028502392286971434e-02 7.892905913918597527e-01 6.119536618813823026e+01
7.836836570373286737e-01 6.875127684135015974e-04 -6.212183324310722732e-01 -2.989008005677157342e+01 -2.554447691985289176e-02 9.991891772174228414e-01 -3.112769822475555670e-02 -3.706748681263229095e+00 6.206934076539721845e-01 4.026017493991598806e-02 7.830656384930515523e-01 6.204426170151843678e+01
7.775474399424536776e-01 -4.710444404454575563e-04 -6.288641555559780771e-01 -3.059742468697251994e+01 -2.522483209947068775e-02 9.991714067492264428e-01 -3.193903614227525112e-02 -3.750964316638840224e+00 6.283581281608042746e-01 4.069778415910568076e-02 7.768914781679394643e-01 6.289518600633202539e+01
7.729728398285747870e-01 -1.579709289718663010e-03 -6.343078596765783228e-01 -3.130380173540745403e+01 -2.489652583422029275e-02 9.991511859988376765e-01 -3.281247871676200994e-02 -3.797537834903935039e+00 6.338212352757600643e-01 4.115536424861282461e-02 7.722773814144090476e-01 6.374904902493954495e+01
7.660235855406580807e-01 -3.290291431990149690e-03 -6.427366958930184060e-01 -3.202309475549765949e+01 -2.400011018992427581e-02 9.991432413521368350e-01 -3.370655690962100215e-02 -3.848963770974021426e+00 6.422968263319142057e-01 4.124687555706271769e-02 7.652883451691256944e-01 6.459277534819258904e+01
7.625097611435901479e-01 -5.101840036678576690e-03 -6.469542041690665712e-01 -3.274508452342456621e+01 -2.301495718071671151e-02 9.991220493141328429e-01 -3.499175421050942231e-02 -3.896321475788784738e+00 6.465647839135127972e-01 4.157101375159266005e-02 7.617229582953289890e-01 6.543522021607111583e+01
7.548831105656238494e-01 -4.901838815273380431e-03 -6.558297743963976689e-01 -3.348408739618305674e+01 -2.380381423794400084e-02 9.991084455855178126e-01 -3.485735440969771337e-02 -3.941882565295011354e+00 6.554158651708602568e-01 4.192594259985248789e-02 7.540934562847717570e-01 6.625995374235075985e+01
7.482047169112305829e-01 -6.243341047585925126e-03 -6.633732778112865214e-01 -3.423004337833371125e+01 -2.108411595721153969e-02 9.992269661170063433e-01 -3.317473232069218653e-02 -3.993672688768368229e+00 6.630675437064391664e-01 3.880909758401325516e-02 7.474948292131268213e-01 6.710278047861828554e+01
7.437011911911983741e-01 -7.486845844151668490e-03 -6.686032495853007074e-01 -3.498459926927287711e+01 -1.885488935814759459e-02 9.993045777241263972e-01 -3.215976276776903037e-02 -4.048787767495945822e+00 6.683794359664767537e-01 3.651907315691781120e-02 7.430427506960342043e-01 6.792729271061817542e+01
7.364890961306732597e-01 -9.138286972633673927e-03 -6.765279714898118080e-01 -3.575998551814117121e+01 -1.838642774384523920e-02 9.992688847714336076e-01 -3.351654503831471427e-02 -4.102620662108201088e+00 6.763400610823632197e-01 3.711661820639922810e-02 7.357824105430531558e-01 6.875448619084832558e+01
7.295382098155065442e-01 -1.066140961422123133e-02 -6.837520981480201820e-01 -3.653655474578705054e+01 -1.761422460442442495e-02 9.992539264320605685e-01 -3.436895539892460133e-02 -4.152581514436830545e+00 6.836082565423362567e-01 3.712170108788463013e-02 7.288061923428262867e-01 6.957759863134417344e+01
7.248514410021461574e-01 -1.056125990156884902e-02 -6.889439668255159521e-01 -3.733585249596625744e+01 -1.869056313179148082e-02 9.992130041953933839e-01 -3.498228802529552289e-02 -4.201852496422699090e+00 6.887715548329010895e-01 3.822693877867158058e-02 7.240833881497811264e-01 7.039148466111490166e+01
7.190386249654197037e-01 -1.004999575615393541e-02 -6.949058675971599985e-01 -3.813372718146436569e+01 -1.874140431500766549e-02 9.992513609346643788e-01 -3.384087895071220126e-02 -4.257133465054818267e+00 6.947257210485949797e-01 3.735937192336832163e-02 7.183120701263747687e-01 7.120508392005986309e+01
7.159232638175211383e-01 -1.007281571144767220e-02 -6.980535937899406962e-01 -3.894239215171008794e+01 -1.876057519681431293e-02 9.992573264101788366e-01 -3.366205547927516445e-02 -4.311288440785316922e+00 6.978742411514594624e-01 3.720045837056731169e-02 7.152026151861187175e-01 7.201764529112318769e+01
7.087078301428052507e-01 -1.093128775288472639e-02 -7.054457190103109454e-01 -3.976776630032666304e+01 -1.884694663315405680e-02 9.992297654743803603e-01 -3.441039733026254877e-02 -4.359653463040062071e+00 7.052787349408335960e-01 3.768025356632490747e-02 7.079557206517357315e-01 7.282914743767504717e+01
7.040236561520361036e-01 -1.303756012491329858e-02 -7.100177483076920426e-01 -4.060087507869771173e+01 -1.929861686362862455e-02 9.991111700346794189e-01 -3.748392762328682515e-02 -4.416629302429089243e+00 7.098753046353185603e-01 4.009285827859281753e-02 7.031461682285677917e-01 7.363542168423079204e+01
6.996790403304815609e-01 -1.482732636474107420e-02 -7.142184722713214029e-01 -4.142955557831978552e+01 -1.890263344596843781e-02 9.990505126413645742e-01 -3.925644625424101058e-02 -4.472697371068646177e+00 7.141224725311352550e-01 4.096929869861165585e-02 6.987342455511034167e-01 7.444001629175880907e+01
6.937854922655064538e-01 -1.659426717517376373e-02 -7.200716308709386171e-01 -4.228476323154706762e+01 -1.847735714932317169e-02 9.989953089862170232e-01 -4.081863551114644356e-02 -4.525175329874164376e+00 7.200259049644491816e-01 4.161933943305955869e-02 6.927817974535684931e-01 7.524186492996877007e+01
6.892004799680069294e-01 -1.614599622654454281e-02 -7.242533542219738996e-01 -4.314867675516910595e+01 -1.807940319853409625e-02 9.990572879981671761e-01 -3.946665202269511452e-02 -4.580035753743214144e+00 7.242076893609536992e-01 4.029773432704743252e-02 6.882588126154910446e-01 7.604741681626789784e+01
6.849681668284487435e-01 -1.622346824920575456e-02 -7.285248235069414768e-01 -4.401361015386138575e+01 -1.686679527035364612e-02 9.991310761462326440e-01 -3.812278046838891987e-02 -4.635634686505500035e+00 7.285104048717270242e-01 3.839938448903852664e-02 6.840992710099990104e-01 7.683668398685716738e+01
6.795259977676418872e-01 -1.595690756834853424e-02 -7.333986578056459482e-01 -4.488951534647532782e+01 -1.799727893583338498e-02 9.991000351012525593e-01 -3.840866722716818754e-02 -4.697929283921825849e+00 7.333515656328482013e-01 3.930058725096919475e-02 6.786271609863914200e-01 7.762468437657992126e+01
6.746297436668994285e-01 -1.740590168550777694e-02 -7.378804597550663313e-01 -4.576711426947359485e+01 -1.659175249890309026e-02 9.991118148745362637e-01 -3.873019730126742166e-02 -4.756858590156071820e+00 7.378993052935660657e-01 3.837387436731443113e-02 6.737415995701369065e-01 7.842350620786629634e+01
6.698919037516725128e-01 -1.855373865907410103e-02 -7.423126800481885113e-01 -4.666506493706899050e+01 -1.479429513065082247e-02 9.991555233347367837e-01 -3.831645402549881813e-02 -4.816463036360091543e+00 7.423972818030751819e-01 3.664387752580871432e-02 6.690516949610153530e-01 7.922082545494332351e+01
6.669046391239581428e-01 -1.993873762978051051e-02 -7.449576770136689952e-01 -4.755933384115619589e+01 -1.284788808862399011e-02 9.991855041750318245e-01 -3.825015128197112313e-02 -4.871671462122747265e+00 7.451139466854713733e-01 3.507823390540291963e-02 6.661053174973663449e-01 8.001559166666150702e+01
6.630897383323482996e-01 -2.290232054947406032e-02 -7.482035600520695606e-01 -4.845617929604903651e+01 -1.009763803402739454e-02 9.991671176893933692e-01 -3.954547490343388733e-02 -4.935352317384623433e+00 7.484863705660413924e-01 3.377618158825215766e-02 6.623062896157708712e-01 8.080686551294603248e+01
6.584051439883121803e-01 -2.702739429634007026e-02 -7.522409396118114877e-01 -4.936603879919515947e+01 -7.138752519607549640e-03 9.990857992235806506e-01 -4.215331002725280357e-02 -4.994744016014140087e+00 7.526926852876845153e-01 3.312390979941143981e-02 6.576102630907501023e-01 8.159936345361371934e+01
6.538856033682182156e-01 -3.096488439130147194e-02 -7.560172346248018593e-01 -5.028769634470540240e+01 -3.952383572002476919e-03 9.990087459578353979e-01 -4.433376103980659483e-02 -5.048456395239916183e+00 7.566406953773147093e-01 3.198131877897408132e-02 6.531149432764857821e-01 8.238140670082121630e+01
6.482964075647649205e-01 -3.465111402566664611e-02 -7.604793781801509889e-01 -5.120748938465673916e+01 1.658584476444869725e-03 9.990257145379681791e-01 -4.410685249683384684e-02 -5.116839119339664954e+00 7.612665448507078825e-01 2.733598933165911835e-02 6.477222404422804392e-01 8.315864941739570781e+01
6.386701186082608395e-01 -3.942473939939147159e-02 -7.684884285927896519e-01 -5.213521982195007354e+01 8.696196282096177801e-03 9.989925584376696532e-01 -4.401592043512748270e-02 -5.191834128389507086e+00 7.694501241987510287e-01 2.142528045253055263e-02 6.383697111643663602e-01 8.393932171692229360e+01
6.315535444465137926e-01 -4.036649827058031575e-02 -7.741904356167158552e-01 -5.308498208016391828e+01 1.141563183076075780e-02 9.990198585787083418e-01 -4.276797294448689279e-02 -5.256561088112019497e+00 7.751577364754467236e-01 1.817613432725014369e-02 6.313949712270975345e-01 8.471049459723177222e+01
6.214882375609923626e-01 -3.936770917118566360e-02 -7.824219024715665105e-01 -5.406684017820796839e+01 1.200215606657777968e-02 9.990981394723921216e-01 -4.074508024698231257e-02 -5.307453405943197922e+00 7.833194900818098994e-01 1.594246943924606044e-02 6.213997188719196929e-01 8.547711243339288956e+01
6.125571912407288266e-01 -3.890665789603631880e-02 -7.893687449622902585e-01 -5.504652205074242488e+01 1.176206330981028648e-02 9.991258298101112212e-01 -4.011098696290794907e-02 -5.383990991943454318e+00 7.902395412152055654e-01 1.527813694821339614e-02 6.124795575319239571e-01 8.622719261069146057e+01
6.039238592065719891e-01 -3.997458603754377310e-02 -7.959918713981936067e-01 -5.601971243059767858e+01 1.082315833540054353e-02 9.990609404928969539e-01 -4.196405587656665964e-02 -5.443943252596025850e+00 7.969212027737141435e-01 1.673384172126864480e-02 6.037890774443910313e-01 8.697421088433448233e+01
5.925105630197514683e-01 -4.203141525910008419e-02 -8.044887289992129764e-01 -5.702633758767246519e+01 1.258921353194459788e-02 9.989986109999532404e-01 -4.292295274575907982e-02 -5.511064578836541550e+00 8.054880560093189423e-01 1.529024229437964642e-02 5.924470318251745526e-01 8.769073300555074013e+01
5.829757372061259435e-01 -4.356655436608887488e-02 -8.113357924231519025e-01 -5.803580890159133077e+01 1.242894442427720098e-02 9.989227332283051597e-01 -4.471590206249134725e-02 -5.579726350959548498e+00 8.124096120213684102e-01 1.598762660161490851e-02 5.828891796739066322e-01 8.841701916069153810e+01
5.737196632848219346e-01 -4.534549813141514757e-02 -8.177864145809412566e-01 -5.905886271532154552e+01 1.615758845420751239e-02 9.988993734434845617e-01 -4.404095891006397367e-02 -5.651440429271007204e+00 8.188826491750242909e-01 1.206750010994663523e-02 5.738197407184405519e-01 8.914014701717924538e+01
5.612642667488247916e-01 -4.531259873027843749e-02 -8.264143054928618781e-01 -6.010001296929470271e+01 1.783218479655511446e-02 9.989301515681321408e-01 -4.266887441284605842e-02 -5.716775010777205068e+00 8.274637082306693925e-01 9.205870852812710753e-03 5.614723111332691197e-01 8.983883714427814482e+01
5.518905991418292523e-01 -4.532180703501362262e-02 -8.326368805830294262e-01 -6.114915657161984086e+01 1.722201359041053079e-02 9.989286959647823982e-01 -4.294624853767615991e-02 -5.787179744448685881e+00 8.336914179953260895e-01 9.361871381611423792e-03 5.520795410292528294e-01 9.052915700518038022e+01
5.432779568839486428e-01 -4.727616965123326159e-02 -8.382151019577149809e-01 -6.220404695192686972e+01 1.730703492934686227e-02 9.988316754023917055e-01 -4.511772574428032923e-02 -5.856623395270441179e+00 8.393689104487750408e-01 1.000149585000660417e-02 5.434615375668704340e-01 9.120658413101794793e+01
5.325393309201355008e-01 -4.747450817343228102e-02 -8.451368475049781948e-01 -6.328804681468349713e+01 1.674207579639299184e-02 9.988214612052425112e-01 -4.555547465618484809e-02 -5.924323944927466279e+00 8.463035569048310558e-01 1.011397769940331100e-02 5.327061543811224542e-01 9.187174390159836435e+01
5.226189323554409905e-01 -4.852217595612769163e-02 -8.511331280463042548e-01 -6.436111874689774481e+01 1.526886340745048191e-02 9.987519779639139061e-01 -4.755475839107009550e-02 -6.004018701743415676e+00 8.523780298515640785e-01 1.186000562284068166e-02 5.227072609338496711e-01 9.252232469625000988e+01
5.116806350695689565e-01 -4.770045391905632093e-02 -8.579463379708456294e-01 -6.545404024794952136e+01 1.444274624143872948e-02 9.987946146609210096e-01 -4.690329580515942287e-02 -6.076733626518470821e+00 8.591495702134654966e-01 1.161227456314812070e-02 5.117520971666355001e-01 9.316243596395790405e+01
