1.0 0.0 0.0 0.0 0.0 1.0 0.0 0.0 0.0 0.0 1.0 0.0
0.9999338 0.011412659 0.0014581602 0.29919434 -0.011408492 0.99993086 -0.002835204 -0.0126953125 -0.0014904229 0.0028183758 0.99999493 0.0041503906
0.99983156 0.018295852 0.0014230793 0.5765381 -0.018287657 0.9998172 -0.0055700853 -0.026245117 -0.0015247648 0.0055431114 0.9999835 0.008056641
0.9997859 0.020694835 9.289432e-05 0.8823242 -0.020693533 0.9997571 -0.0075963316 -0.034179688 -0.00025004311 0.007592784 0.99997115 0.010131836
0.99983174 0.01830658 -0.001201182 1.1915283 -0.018316805 0.99979055 -0.009133561 -0.037841797 0.0010336837 0.009154027 0.99995756 0.013061523
0.9999194 0.012405422 -0.0026897858 1.5117188 -0.012433395 0.99986607 -0.010640393 -0.044067383 0.0025574034 0.010672991 0.99993974 0.012207031
0.99999356 0.00055082625 -0.0035429045 1.8337402 -0.0005940396 0.9999253 -0.012208225 -0.044921875 0.0035359166 0.012210251 0.99991924 0.020141602
0.99987674 -0.01510492 -0.004278705 2.1608887 0.015059186 0.99983114 -0.010530273 -0.022338867 0.0044370503 0.010464565 0.9999354 0.028564453
0.99937505 -0.035085063 -0.0043890276 2.50708 0.035054702 0.9993626 -0.0068102865 0.006958008 0.004625116 0.0066521806 0.99996716 0.03503418
0.99851 -0.05431387 -0.0053145764 2.8618164 0.05429761 0.9985201 -0.0031576566 0.044555664 0.0054781763 0.0028644414 0.9999809 0.0357666
0.9972074 -0.07446763 -0.005514956 3.223999 0.07445533 0.9972207 -0.0024021915 0.08337402 0.0056785624 0.001984717 0.9999819 0.03527832
0.9955021 -0.09458149 -0.005160525 3.6071777 0.094562985 0.9955103 -0.0037209203 0.1303711 0.0054893405 0.003216092 0.99997973 0.03845215
0.9934045 -0.11459572 -0.003878068 3.9926758 0.11457542 0.9934013 -0.005104703 0.17919922 0.0044374056 0.004626803 0.99997944 0.043945312
0.9912616 -0.13185616 -0.003677228 4.3863525 0.13184053 0.99126154 -0.004209903 0.25183105 0.004200209 0.0036881822 0.9999844 0.048095703
0.98879504 -0.14926091 -0.0032868278 4.8063965 0.14925057 0.9887969 -0.0031934683 0.32751465 0.0037265639 0.0026672408 0.9999895 0.05029297
0.986845 -0.16158682 -0.0030764474 5.2246094 0.16157943 0.9868478 -0.0025179498 0.40551758 0.003442986 0.0019874745 0.9999921 0.053466797
0.9848723 -0.17324892 -0.003914714 5.668213 0.17323321 0.9848745 -0.0040466962 0.49487305 0.004556655 0.0033074107 0.99998415 0.057128906
0.9830405 -0.18330832 -0.005148461 6.1169434 0.18327372 0.9830387 -0.0065399283 0.57836914 0.006260069 0.0054852 0.99996537 0.072021484
0.9814887 -0.19138736 -0.0071170907 6.5771484 0.19134782 0.98150456 -0.005878297 0.6702881 0.008110501 0.0044078 0.9999574 0.071777344
0.98013055 -0.19814527 -0.0093891015 7.0549316 0.19809093 0.9801655 -0.0064105242 0.78149414 0.010473276 0.0044236947 0.9999354 0.06945801
0.97847474 -0.206007 -0.012285592 7.5390625 0.2059533 0.9785477 -0.005500871 0.8820801 0.013155373 0.0028528199 0.9999094 0.08129883
0.9766863 -0.21434596 -0.012481532 8.047363 0.21423566 0.97674304 -0.00960176 0.98986816 0.014249093 0.0067037796 0.9998759 0.087768555
0.97503364 -0.22173312 -0.012239559 8.5625 0.22153327 0.9750275 -0.015815979 1.104248 0.015440117 0.012709853 0.99979997 0.103515625
0.9729552 -0.23054545 -0.014657607 9.087891 0.23031813 0.972993 -0.015684023 1.2271729 0.017877182 0.0118839005 0.9997695 0.119018555
0.97116446 -0.23762622 -0.019337617 9.611694 0.23742153 0.9713289 -0.012305453 1.3730469 0.021706961 0.0073604966 0.9997374 0.11425781
0.96910715 -0.24545807 -0.023967376 10.156128 0.24530222 0.9693983 -0.0092842495 1.5273438 0.025513176 0.0031180275 0.9996696 0.12646484
0.9666004 -0.25510728 -0.025292557 10.721924 0.25487393 0.9669167 -0.012110477 1.6773682 0.027544187 0.0052614445 0.99960667 0.14160156
0.9645211 -0.26265013 -0.026434846 11.292114 0.26234803 0.96485835 -0.014375599 1.8355713 0.029281357 0.006928385 0.999547 0.16345215
0.96198624 -0.27150515 -0.028895557 11.863892 0.27122778 0.9624076 -0.01319671 2.0054932 0.031393014 0.0048565133 0.9994954 0.18261719
0.9597769 -0.27885422 -0.033135194 12.459961 0.2785413 0.9603404 -0.0138065545 2.1899414 0.035669364 0.0040220697 0.9993553 0.20043945
0.9575391 -0.28575253 -0.038019504 13.057007 0.28539917 0.9582882 -0.014531076 2.3745117 0.04058768 0.0030646042 0.9991717 0.2220459
0.9551012 -0.29274577 -0.04561935 13.674805 0.29235804 0.9561892 -0.015098257 2.5704346 0.04804164 0.0010837577 0.9988448 0.25231934
0.95365983 -0.29605713 -0.05369603 14.300781 0.29558948 0.95517015 -0.016633876 2.7722168 0.05621366 -8.761417e-06 0.9984188 0.2791748
0.9521952 -0.29909647 -0.062313445 14.941162 0.29865587 0.9542269 -0.016489342 2.9799805 0.064392164 -0.0029052221 0.99792093 0.31469727
0.94998145 -0.30374834 -0.07238533 15.584717 0.30338657 0.9527123 -0.0162136 3.1988525 0.07388733 -0.0065609356 0.99724525 0.35253906
0.94838744 -0.30690464 -0.07968653 16.238403 0.30677024 0.95166606 -0.014230714 3.4160156 0.0802023 -0.010950782 0.9967188 0.4038086
0.9458529 -0.3128611 -0.08675276 16.899048 0.31289738 0.9497126 -0.013522559 3.6502686 0.08662173 -0.014340697 0.99614036 0.45947266
0.9436657 -0.31726235 -0.09385085 17.579102 0.3175345 0.94814813 -0.012418613 3.8913574 0.09292556 -0.018084753 0.99550945 0.52111816
0.9420575 -0.32012782 -0.09992276 18.264526 0.32079852 0.94706327 -0.009719564 4.1380615 0.097746745 -0.02290273 0.99494964 0.5830078
0.9396677 -0.32607782 -0.10368729 18.973633 0.32707396 0.9449949 -0.007717663 4.4003906 0.10050151 -0.026651913 0.99458045 0.6522217
0.9376195 -0.33053553 -0.10764638 19.677979 0.3318728 0.9432918 -0.0057661626 4.6658936 0.10344968 -0.030323809 0.9941724 0.7236328
0.93598247 -0.3357369 -0.106014125 20.405518 0.33711123 0.9414625 -0.00522002 4.937866 0.10156003 -0.030851113 0.9943503 0.8051758
0.9336095 -0.34265357 -0.10494359 21.134888 0.3440271 0.9389727 -0.0052882917 5.208618 0.100350395 -0.031159036 0.9944639 0.87939453
0.9314671 -0.3489917 -0.102972224 21.874268 0.35043848 0.9365928 -0.0042856224 5.494385 0.09793645 -0.0320915 0.9946742 0.96325684
0.9294986 -0.35507864 -0.09986851 22.604126 0.3564441 0.9343192 -0.004433384 5.7839355 0.09488106 -0.0314764 0.9949899 1.0455322
0.92502946 -0.36779806 -0.09529476 23.384033 0.3692708 0.9293389 -0.002335514 6.0925293 0.08941891 -0.033025622 0.9954461 1.1173096
0.92301816 -0.3739646 -0.090377636 24.130127 0.37548545 0.9268175 -0.00018596249 6.412964 0.08383446 -0.03376612 0.99590766 1.1939697
0.9193717 -0.38337722 -0.08793349 24.902588 0.3851261 0.9228323 0.0031951324 6.7436523 0.079923876 -0.03680202 0.9961228 1.260498
0.91657305 -0.39045066 -0.08632682 25.66748 0.39221263 0.9198712 0.003791621 7.0786133 0.07793036 -0.037328694 0.99626064 1.3342285
0.912314 -0.40020072 -0.087104544 26.435425 0.40223947 0.91554594 0.006510664 7.4277344 0.077144876 -0.040965773 0.9961789 1.3939209
0.90904486 -0.40781373 -0.08558347 27.20691 0.40976852 0.91217154 0.0058625187 7.785034 0.0756743 -0.040404133 0.9963126 1.4599609
0.90567726 -0.415516 -0.08403487 28.003662 0.41745192 0.90865797 0.006122776 8.154297 0.07381523 -0.04062015 0.99644595 1.5267334
0.9017542 -0.424514 -0.08180814 28.809448 0.4264051 0.9045469 0.006358996 8.536987 0.07130068 -0.04061405 0.99662745 1.5922852
0.8989621 -0.43088657 -0.07854895 29.593872 0.43272373 0.9014779 0.0072241747 8.930298 0.06769808 -0.04048349 0.9968849 1.6578369
0.8946604 -0.44075474 -0.07310523 30.413574 0.4424459 0.8967735 0.007955645 9.335815 0.062052824 -0.039454777 0.9972935 1.7163086
0.892279 -0.44620448 -0.06865774 31.223267 0.44772628 0.89412194 0.0077948966 9.747681 0.05790794 -0.037695125 0.99761 1.7701416
0.888546 -0.45402455 -0.0657367 32.029297 0.4553976 0.890247 0.0068134163 10.178467 0.055429023 -0.035990555 0.997814 1.8310547
0.8853708 -0.4601774 -0.065392025 32.868652 0.4616285 0.88699037 0.008247171 10.618042 0.054205745 -0.037495267 0.99782544 1.880249
0.8825752 -0.4658521 -0.06334749 33.70764 0.46722186 0.8840882 0.007954157 11.066284 0.05229634 -0.036624044 0.99795914 1.9256592
0.87913275 -0.47264752 -0.061150324 34.556152 0.47385946 0.88058406 0.0062118517 11.526489 0.050914317 -0.034439053 0.99810904 1.9797363
0.8769081 -0.47672567 -0.06120615 35.415283 0.4779147 0.8783786 0.0055827424 12.001099 0.05110107 -0.034153633 0.99810886 2.0372314
0.8759108 -0.47876653 -0.060529787 36.277832 0.47989586 0.8773706 0.004790848 12.484253 0.050808724 -0.033240505 0.99815446 2.0877686
0.8737895 -0.48242167 -0.06174299 37.157715 0.48361653 0.87529385 0.0051544923 12.972168 0.05155595 -0.034360252 0.99807876 2.133545
0.8738608 -0.4822966 -0.06128582 38.04248 0.48341715 0.8753795 0.004034422 13.471069 0.051706452 -0.03314931 0.9981126 2.1866455
0.8734916 -0.48343736 -0.058258675 38.94104 0.48450544 0.8748272 0.00493389 13.979126 0.048581894 -0.032526217 0.9982899 2.2385254
0.873259 -0.48398492 -0.057483427 39.858643 0.48492688 0.8746233 0.0028217956 14.495728 0.048908237 -0.030334149 0.9983421 2.293579
0.8732624 -0.48391256 -0.05769585 40.774048 0.4849147 0.8746036 0.0039117723 15.0147705 0.04856325 -0.03139358 0.99832577 2.3381348
0.8708733 -0.48832226 -0.057034895 41.703003 0.48919198 0.87225103 0.0014866458 15.535034 0.04902185 -0.029191189 0.99837065 2.3914795
0.87028766 -0.48960817 -0.05482681 42.632935 0.4903355 0.8716043 -0.00021493086 16.06311 0.047890015 -0.026689775 0.99849576 2.4472656
0.86838377 -0.4932979 -0.050990447 43.564453 0.4939807 0.86949164 0.000910674 16.607422 0.043885816 -0.025978437 0.9986986 2.5002441
0.8658355 -0.49828514 -0.046394825 44.49817 0.4988563 0.8667487 0.0008484458 17.14563 0.039788336 -0.023872674 0.9989229 2.553711
0.8625165 -0.5040763 -0.04367704 45.406616 0.50454926 0.86334556 -0.00022736727 17.679565 0.037823565 -0.02184679 0.9990455 2.6068115
0.85654265 -0.5142283 -0.043847043 46.332886 0.51458037 0.85744494 -0.003705321 18.235596 0.03950116 -0.019388497 0.99903136 2.6566162
0.850905 -0.52329034 -0.045842994 47.253296 0.5235888 0.85193264 -0.0061892024 18.804443 0.042297926 -0.018734321 0.9989297 2.7089844
0.8454123 -0.532219 -0.04562071 48.167236 0.5324986 0.8464396 -0.006801981 19.381836 0.042232394 -0.018545864 0.99893504 2.7578125
0.8390302 -0.5425172 -0.04246273 49.07202 0.5428844 0.8398601 -0.0033435286 19.977661 0.037476845 -0.02024337 0.99909234 2.8065186
0.8360195 -0.5471657 -0.03830367 49.975098 0.54752463 0.83666044 -0.0013233363 20.57837 0.032771364 -0.019872887 0.99926525 2.8537598
0.8300516 -0.55633825 -0.040502533 50.865234 0.55680794 0.83072436 0.00038869493 21.189087 0.033431023 -0.02287024 0.9991793 2.8979492
0.8268804 -0.56064147 -0.04454823 51.743896 0.5611495 0.8277347 -0.0013204343 21.794922 0.03761367 -0.02391081 0.99900585 2.944336
0.8241062 -0.56415504 -0.0512461 52.61621 0.56472886 0.8252965 -0.0038684444 22.394165 0.044478983 -0.025751982 0.9986783 2.9993896
0.82096684 -0.56857425 -0.052937694 53.499756 0.5691476 0.8222603 -0.004995185 23.01709 0.046368867 -0.026027724 0.9985849 3.0455322
0.81911874 -0.5715524 -0.049489226 54.374023 0.5721261 0.82020617 -0.003063736 23.644897 0.042343058 -0.025795413 0.99877036 3.1036377
0.81431824 -0.5784909 -0.045792468 55.26172 0.57909876 0.8151731 6.465707e-06 24.282227 0.037325665 -0.026528891 0.998951 3.1531982
0.81227523 -0.5816921 -0.041402873 56.142822 0.5822269 0.81294614 0.0010681553 24.911865 0.033039078 -0.024979426 0.99914193 3.2003174
0.80951464 -0.5854534 -0.04338164 57.010498 0.5860713 0.81022716 0.0019177462 25.549927 0.034027547 -0.026978066 0.9990568 3.2503662
0.8059864 -0.5902145 -0.04443034 57.88623 0.59082055 0.8067664 0.0006271207 26.20398 0.035472237 -0.026759448 0.99901205 3.291626
0.80193174 -0.59581614 -0.04600108 58.750732 0.5963829 0.80282766 -0.0017159577 26.853027 0.03795504 -0.026052622 0.9989398 3.3411865
0.79713434 -0.6020037 -0.04602403 59.616943 0.602522 0.798064 -0.0031882315 27.507568 0.038649306 -0.02518613 0.9989356 3.3858643
0.7923145 -0.6084371 -0.045887806 60.475098 0.60896754 0.79323 -0.0029751693 28.190308 0.038212087 -0.02558928 0.9989419 3.4249268
0.7892378 -0.61251795 -0.043854084 61.335938 0.6129754 0.7900922 -0.0036988829 28.858643 0.036913272 -0.02396549 0.9990309 3.4766846
0.7830162 -0.6205121 -0.043855485 62.188477 0.6209297 0.7838967 -0.0049981265 29.538696 0.037482295 -0.02331273 0.9990256 3.531128
0.7768447 -0.6281711 -0.044317044 63.04297 0.62856084 0.77776766 -0.006254589 30.241455 0.038395587 -0.02299411 0.998998 3.5751953
0.7722334 -0.63362825 -0.044790883 63.899902 0.6339899 0.7731997 -0.007434259 30.94397 0.03934314 -0.022668622 0.9989683 3.621582
0.7652498 -0.6420971 -0.044908553 64.74756 0.64239967 0.7662575 -0.009255056 31.658325 0.040351845 -0.021774746 0.99894786 3.6729736
0.7616907 -0.6463559 -0.045247428 65.59277 0.64659476 0.7627507 -0.011121314 32.37683 0.041695625 -0.020792358 0.9989134 3.7202148
0.75405836 -0.6552092 -0.045623902 66.42163 0.65547186 0.7551292 -0.011039468 33.110962 0.04168062 -0.021584863 0.99889743 3.7663574
0.7474691 -0.6628684 -0.04252765 67.268555 0.66301924 0.7484404 -0.01249036 33.852295 0.04010725 -0.018867243 0.999017 3.8192139
0.74302536 -0.6681843 -0.040253364 68.096436 0.66824865 0.7439294 -0.013808869 34.603027 0.039167807 -0.016638633 0.9990938 3.8753662
0.73577017 -0.6761369 -0.040871236 68.927734 0.67615104 0.73672736 -0.01556819 35.373657 0.04063593 -0.01617877 0.99904287 3.9295654
0.72879964 -0.6834 -0.04089255 69.75488 0.6833577 0.72978306 -0.017193843 36.145752 0.041592915 -0.01541681 0.9990156 3.9801025
0.7240739 -0.68856126 -0.04200883 70.57202 0.68854487 0.7251044 -0.017162662 36.941406 0.0422764 -0.016498167 0.99896955 4.0302734
0.71830106 -0.6945228 -0.041150622 71.389404 0.69451857 0.71928823 -0.016738817 37.73535 0.04122063 -0.016555449 0.99901277 4.087036
0.7151916 -0.6976727 -0.040996917 72.204834 0.69766724 0.7161734 -0.016807463 38.541016 0.041087314 -0.01657901 0.9990182 4.142456
0.7079467 -0.70507383 -0.041491136 73.02051 0.7050471 0.7089661 -0.017770734 39.36194 0.041941725 -0.016676575 0.9989805 4.1918945
0.70314157 -0.7096537 -0.04391423 73.83008 0.7095805 0.70430285 -0.01993867 40.191406 0.045081392 -0.017140713 0.9988366 4.2492676
0.69873554 -0.7138911 -0.044799976 74.63794 0.713755 0.6999698 -0.02178835 41.0166 0.04691648 -0.016754858 0.99875844 4.3061523
0.69278914 -0.7197864 -0.045462605 75.4436 0.71958363 0.69408756 -0.023638852 41.867798 0.048564628 -0.016341103 0.9986859 4.359741
0.68826616 -0.7239764 -0.044144146 76.252686 0.72377855 0.68949604 -0.02325762 42.728394 0.04727684 -0.015951013 0.9987544 4.416748
0.68411034 -0.7282866 -0.042253174 77.04541 0.7280597 0.68525493 -0.023401016 43.589966 0.04599707 -0.014742762 0.99883324 4.4746094
0.6786345 -0.73312783 -0.0431576 77.83716 0.7329325 0.67982 -0.023207922 44.46228 0.046355393 -0.015885917 0.99879867 4.5386963
0.67375714 -0.73767394 -0.042238466 78.63965 0.7374018 0.67492455 -0.0247271 45.336304 0.046747223 -0.014490992 0.99880147 4.599365
0.66907585 -0.74217427 -0.04051616 79.440674 0.7418293 0.67018193 -0.025945323 46.230713 0.046403084 -0.012702123 0.99884135 4.661133
0.6661392 -0.744891 -0.03895569 80.238525 0.7444654 0.6671905 -0.027374592 47.12207 0.04638085 -0.010762279 0.9988658 4.718384
0.6623569 -0.7482561 -0.037661802 81.0332 0.7476812 0.6633778 -0.03039198 48.015625 0.047731616 -0.008023055 0.9988284 4.7836914
0.6576819 -0.75244844 -0.037021156 81.829346 0.75167036 0.65870327 -0.034581155 48.921875 0.050406925 -0.0050786333 0.99871606 4.8443604
0.65320796 -0.756385 -0.035889044 82.61499 0.75540304 0.6541904 -0.038580697 49.840088 0.05265192 -0.0019063419 0.9986109 4.899658
0.64784384 -0.76101226 -0.0312528 83.396484 0.7598421 0.64858645 -0.04234942 50.756104 0.052506052 0.0036898758 0.9986141 4.970459
0.6385291 -0.7691983 -0.025356535 84.18286 0.76781934 0.63894296 -0.047262903 51.67871 0.05255259 0.010703463 0.9985603 5.0478516
0.63156766 -0.77491474 -0.02210977 84.95874 0.7735243 0.6318126 -0.04830516 52.62451 0.051400892 0.013404622 0.99858814 5.1156006
0.62157434 -0.7830909 -0.019874735 85.73096 0.7817774 0.62173504 -0.04744566 53.601807 0.049510766 0.013966029 0.9986767 5.170044
0.6126548 -0.79001796 -0.01920731 86.48633 0.78873146 0.61280274 -0.04710302 54.57715 0.048990197 0.013699828 0.998705 5.249756
0.60396713 -0.796694 -0.02066291 87.23828 0.7953321 0.60418624 -0.048279986 55.546143 0.05095062 0.012731971 0.9986205 5.3120117
0.592641 -0.80526125 -0.019219063 87.96094 0.80380666 0.5927762 -0.050485767 56.54785 0.052054077 0.014460485 0.99853903 5.382202
0.5830905 -0.8121783 -0.019913606 88.69263 0.81062853 0.58325577 -0.052139945 57.55298 0.05396313 0.014265761 0.9984414 5.4536133
0.57404244 -0.8186592 -0.015990354 89.42139 0.8170718 0.5739847 -0.05404223 58.571777 0.05340547 0.017963238 0.99841166 5.5290527
0.5617053 -0.8272528 -0.013117608 90.12671 0.8257096 0.5615163 -0.054171134 59.608154 0.052186176 0.0195954 0.99844515 5.598633
0.5523137 -0.83348334 -0.013262935 90.82251 0.8319291 0.5521482 -0.054295797 60.65332 0.05257337 0.018949678 0.9984369 5.6728516
0.54370576 -0.83915526 -0.013896716 91.50513 0.83747643 0.5435514 -0.056353442 61.704346 0.05484491 0.018999102 0.998314 5.7456055
0.5329529 -0.8460928 -0.013995801 92.17627 0.8443925 0.5328196 -0.056682743 62.78418 0.055406943 0.018391976 0.9982944 5.817505
0.5229559 -0.85216284 -0.015728358 92.83252 0.8503652 0.5229203 -0.057845145 63.85327 0.057515994 0.016875317 0.99820197 5.900879
0.51199865 -0.8589419 -0.015462381 93.47876 0.8571881 0.5119827 -0.057156496 64.94214 0.056989215 0.016005885 0.998246 5.9783936
0.50290334 -0.86428 -0.014798766 94.12109 0.8626293 0.50289416 -0.055501483 66.041016 0.05539029 0.015137531 0.9983493 6.053833
0.494783 -0.8689134 -0.011290083 94.756836 0.86735636 0.49460834 -0.0548058 67.150635 0.05321122 0.0173245 0.99843305 6.133423
0.48794487 -0.8727788 -0.010473695 95.37695 0.87121487 0.48773283 -0.055164915 68.27295 0.053262632 0.017786022 0.9984218 6.2058105
0.4802714 -0.87710387 -0.009935565 95.9895 0.8753991 0.4799937 -0.05790452 69.398926 0.05555652 0.019115295 0.9982727 6.283081
0.4740454 -0.88050824 -0.008619543 96.60913 0.8786691 0.47364974 -0.06068817 70.51953 0.057526007 0.021184558 0.9981187 6.3615723
0.46727747 -0.884184 -0.007396889 97.21289 0.8821405 0.46673766 -0.064563036 71.64795 0.06052743 0.023645941 0.9978865 6.438843
0.4637092 -0.8858722 -0.0070629474 97.80371 0.8836411 0.46308047 -0.067686975 72.782715 0.06323807 0.025153667 0.997682 6.5285645
0.45850867 -0.88869786 -0.0034096735 98.39551 0.88646567 0.4576233 -0.06916682 73.91016 0.06302953 0.02867537 0.99759865 6.6191406
0.45361862 -0.89108133 0.00035630356 98.97168 0.8890883 0.45257717 -0.06701287 75.052 0.059571285 0.030712157 0.9977515 6.7039795
0.45099533 -0.8926223 0.005935698 99.55835 0.89090395 0.44969314 -0.06536062 76.20117 0.055660047 0.034753963 0.9978441 6.7978516
0.44775015 -0.8941092 0.008161696 100.13013 0.8924587 0.4463257 -0.06548869 77.34131 0.054914795 0.036607634 0.9978198 6.881958
0.4457453 -0.89514476 0.0095899105 100.69116 0.89362615 0.44430366 -0.063960694 78.46118 0.05299454 0.037079394 0.9979062 6.956787
0.44353643 -0.89628565 0.01246387 101.25342 0.8949222 0.4419846 -0.063013956 79.593506 0.05097183 0.039107233 0.99793446 7.039917
0.44101638 -0.8972563 0.014757972 101.80713 0.8959527 0.43932995 -0.06356961 80.72217 0.05056094 0.041267548 0.99786854 7.1173096
0.438986 -0.8984028 0.017656125 102.35303 0.8971776 0.4371235 -0.064351805 81.84668 0.05009012 0.044066243 0.9977707 7.19812
0.43595916 -0.89969397 0.01984078 102.88696 0.89854825 0.43397838 -0.06462585 82.94165 0.049545113 0.04600087 0.99771166 7.267456
0.434994 -0.9002079 0.024981435 103.421875 0.89935935 0.4328203 -0.063555226 84.05054 0.04637975 0.050120298 0.9976664 7.342285
0.43244833 -0.9013516 0.02761982 103.95093 0.9006612 0.43018866 -0.06290146 85.15527 0.044811916 0.0520821 0.99763715 7.4105225
0.43037063 -0.90218395 0.028910924 104.46533 0.90154016 0.42803848 -0.06323777 86.2312 0.04465975 0.053268913 0.99758065 7.482544
0.42987 -0.90240115 0.028517269 104.97998 0.9017061 0.42751914 -0.06388535 87.312744 0.04547689 0.053175822 0.9975485 7.5498047
0.4288123 -0.90306705 0.028425721 105.48804 0.90226895 0.42635685 -0.06593433 88.37109 0.047427423 0.053916276 0.99741805 7.6226807
0.42929432 -0.9027857 0.0271895 105.976074 0.9019205 0.4268965 -0.0659991 89.427 0.04794693 0.052855197 0.9974508 7.692627
0.43240795 -0.9013675 0.025391651 106.464355 0.90042883 0.43010512 -0.06574052 90.46826 0.04833896 0.05129315 0.99751323 7.7613525
0.43495357 -0.9000214 0.022792691 106.95044 0.89897245 0.43278736 -0.06547956 91.491455 0.04908825 0.048991606 0.9975931 7.83313
0.44052848 -0.89748776 0.01985522 107.44556 0.8962698 0.4384656 -0.06628749 92.51758 0.05076562 0.046996634 0.9976044 7.904663
0.4487052 -0.89361 0.018351132 107.95044 0.89236474 0.44672924 -0.0657979 93.536865 0.050585546 0.045888107 0.99766433 7.97229
0.454047 -0.8906426 0.018192697 108.44629 0.889419 0.45208624 -0.06546427 94.539795 0.050093383 0.045904875 0.9976888 8.039673
0.46111897 -0.8870967 0.016753934 108.95215 0.8858937 0.45928314 -0.064059705 95.54077 0.049144644 0.044389635 0.9978051 8.106079
0.4713762 -0.88180083 0.015434384 109.47778 0.8805957 0.46962354 -0.063332886 96.54004 0.04859957 0.043442775 0.99787295 8.175415
0.48006564 -0.87705666 0.0146933 109.99536 0.87582785 0.47832742 -0.06353833 97.51953 0.048706274 0.04339204 0.9978713 8.236328
0.49012378 -0.8714988 0.012829722 110.535645 0.87020844 0.48846334 -0.06352503 98.485596 0.04910719 0.04228916 0.99789697 8.300903
0.5017247 -0.86505425 0.008991191 111.07446 0.8635524 0.50017816 -0.06501391 99.45288 0.05173355 0.040378604 0.997844 8.362427
0.5120158 -0.85893893 0.005199165 111.62573 0.85726845 0.51062256 -0.06571684 100.39331 0.053793196 0.038102027 0.99782467 8.430298
0.5250737 -0.8510988 0.0022852048 112.19873 0.84945464 0.5238884 -0.06359107 101.33496 0.0529292 0.03533049 0.99797297 8.497803
0.5359299 -0.8441652 0.0017867163 112.76807 0.8426376 0.5348303 -0.06129913 102.25952 0.050800227 0.034359783 0.9981176 8.564941
0.5489919 -0.83576596 0.002333642 113.36133 0.8343954 0.54792726 -0.058843993 103.18384 0.047906563 0.03425219 0.9982643 8.6258545
0.5604605 -0.8282725 0.0017834147 113.95337 0.8269103 0.5594125 -0.058571134 104.08008 0.047515772 0.03430054 0.9982813 8.691895
0.57131886 -0.82070464 0.00059026945 114.569824 0.8193452 0.57033104 -0.057945725 104.965576 0.0472221 0.033587802 0.9983194 8.75647
0.5828838 -0.812482 -0.0018208936 115.18945 0.81100494 0.581956 -0.05901335 105.83423 0.04900991 0.032927286 0.9982558 8.817383
0.59239286 -0.8057622 -0.00069006847 115.8042 0.80425054 0.5913334 -0.06072726 106.68359 0.04933498 0.035420828 0.9981541 8.878418
0.6047996 -0.7964846 -0.001611457 116.434814 0.7949707 0.60377234 -0.06044424 107.52319 0.049105044 0.035274796 0.99817055 8.941162
0.6160068 -0.78772926 -0.0009939583 117.075195 0.78632885 0.6149862 -0.058845136 108.355225 0.04695822 0.035469174 0.99826723 9.005859
0.62454885 -0.7810067 0.0002914453 117.711426 0.7797561 0.6235271 -0.056804053 109.16211 0.044185884 0.03570822 0.99838513 9.065796
0.63524383 -0.7722232 -0.0006467964 118.36621 0.77107096 0.6343409 -0.05408641 109.96069 0.04218323 0.03386523 0.9985361 9.124512
0.64449614 -0.7644902 -0.0027552343 119.002686 0.7632816 0.64367175 -0.05400774 110.740234 0.043065652 0.032708593 0.99853694 9.171265
0.6538102 -0.7566267 -0.00640439 119.64673 0.7553636 0.65316546 -0.052849747 111.511475 0.044176128 0.029721282 0.9985819 9.225586
0.6646454 -0.7471259 -0.0071182246 120.31445 0.74584657 0.6640114 -0.052956074 112.26294 0.044281565 0.029892934 0.9985721 9.28064
0.6720301 -0.7403923 -0.0063308366 120.971436 0.73922276 0.67140514 -0.051098716 112.990234 0.042085744 0.029665763 0.99867386 9.33252
0.6814686 -0.7317856 -0.005388528 121.63501 0.7306939 0.6808205 -0.050089486 113.71484 0.040323436 0.030200696 0.99873036 9.37915
0.68921614 -0.72439456 -0.00517856 122.3103 0.72336733 0.68858725 -0.048787896 114.43091 0.038918335 0.029880598 0.9987955 9.435791
0.69664806 -0.7172813 -0.006579715 122.96875 0.71627194 0.6961028 -0.04743775 115.1167 0.0386066 0.028336791 0.99885285 9.479858
0.7053015 -0.70879567 -0.0073395222 123.64966 0.70777714 0.7047779 -0.047280237 115.795654 0.03868372 0.028149454 0.99885476 9.53186
0.71187365 -0.7021963 -0.0059368326 124.30737 0.7013412 0.7113791 -0.044033747 116.46167 0.035150785 0.027181353 0.99901223 9.573608
0.71816784 -0.6957811 -0.0054311478 124.97998 0.6950428 0.71772635 -0.04109969 117.12695 0.032505937 0.025742058 0.9991399 9.620972
0.7268891 -0.6866397 -0.0056077903 125.654785 0.6859403 0.7264743 -0.039915934 117.77661 0.03149485 0.025169265 0.9991869 9.660278
0.73313725 -0.6800073 -0.0070524677 126.31665 0.67930585 0.7327854 -0.038986716 118.39404 0.031671718 0.02379182 0.9992152 9.705688
0.74074996 -0.6717173 -0.007943897 126.97681 0.67110217 0.7404932 -0.03562814 119.009766 0.029816538 0.021057358 0.9993334 9.74353
0.75087255 -0.6603924 -0.0065963063 127.65723 0.6598722 0.75061506 -0.033418734 119.60449 0.027022291 0.020737981 0.99941957 9.783447
0.75960785 -0.6503004 -0.0059215655 128.31274 0.64989066 0.7594002 -0.029717783 120.17993 0.023825157 0.018724855 0.99954075 9.814209
0.769647 -0.6384026 -0.006730411 128.99414 0.6380354 0.7694932 -0.027395613 120.74829 0.022672657 0.016789846 0.9996019 9.8515625
0.779447 -0.6264469 -0.008594671 129.64844 0.6260681 0.779342 -0.026686287 121.29297 0.02341352 0.0154177165 0.99960685 9.876221
0.7883919 -0.61507285 -0.010544213 130.32031 0.614671 0.788331 -0.026486507 121.82422 0.024602123 0.014397917 0.9995935 9.911499
0.798585 -0.60168785 -0.010420831 131.01929 0.60129154 0.79851586 -0.026378626 122.348145 0.02419417 0.014797508 0.99959767 9.938843
0.8088499 -0.58779484 -0.009533527 131.68921 0.58745223 0.80877846 -0.024675954 122.851074 0.022221357 0.014359683 0.99964994 9.965698
0.8181134 -0.5749629 -0.008189453 132.39966 0.5746764 0.81803316 -0.02296917 123.35156 0.019909296 0.0140826665 0.9997025 9.991455
0.82772917 -0.56103593 -0.0062349723 133.09302 0.5608055 0.82762855 -0.021539684 123.836426 0.017247943 0.014332038 0.9997484 10.018555
0.8377787 -0.54609776 -0.0038064134 133.81177 0.54593205 0.83766234 -0.019757815 124.29907 0.013977319 0.014474672 0.99979746 10.041626
0.8456234 -0.53374475 -0.0013401248 134.531 0.53362375 0.84548026 -0.019318743 124.76196 0.01144502 0.015620529 0.9998124 10.05835
0.85207295 -0.5235306 0.00040025637 135.24634 0.5234369 0.8519053 -0.019590506 125.20532 0.009914912 0.016900718 0.9998079 10.077637
0.858507 -0.5127368 0.00023667188 135.96948 0.5126445 0.8583436 -0.019366467 125.64673 0.009729998 0.01674798 0.9998123 10.098755
0.86619365 -0.49975216 0.00059289206 136.72705 0.49968523 0.86605704 -0.017436063 126.079834 0.00819969 0.015399222 0.9998477 10.121704
0.8727999 -0.48815322 -2.8535724e-06 137.45801 0.48809478 0.8726954 -0.015482854 126.50171 0.007557962 0.013511352 0.9998802 10.129761
0.8777396 -0.47916132 0.00029015215 138.20557 0.47911298 0.877642 -0.014752432 126.91968 0.006815113 0.013087873 0.999891 10.143188
0.8834638 -0.46854556 0.00026916293 138.95923 0.46849877 0.8833671 -0.014656082 127.329346 0.006627295 0.013074226 0.99989253 10.163208
0.88887644 -0.45817745 -0.00014298223 139.73828 0.45811862 0.8887673 -0.015753582 127.72485 0.0073430752 0.013937376 0.9998759 10.171387
0.8933756 -0.4493446 -6.57016e-05 140.51465 0.4492813 0.89325196 -0.016661314 128.12256 0.007544821 0.0148562705 0.9998612 10.187744
0.89628506 -0.44344467 -0.00043717457 141.28442 0.44338113 0.89617217 -0.01608622 128.5227 0.007525141 0.014224765 0.99987054 10.200562
0.9000384 -0.43583873 0.0027606152 142.09058 0.4358345 0.8999446 -0.01341963 128.91016 0.0033641667 0.013280947 0.9999061 10.214111
0.9025845 -0.4304128 0.004673133 142.90186 0.43043807 0.9025227 -0.010566898 129.30078 0.0003308775 0.011549766 0.9999333 10.220581
0.9057248 -0.4238067 0.0072756736 143.72485 0.42385572 0.90569913 -0.0076111127 129.698 -0.0033652708 0.009977063 0.9999447 10.227295
0.9085564 -0.4177286 0.007991849 144.56079 0.41777208 0.90855867 -0.004809579 130.09326 -0.0052515795 0.007708065 0.99995655 10.230591
0.9118976 -0.41024405 0.010000017 145.40039 0.41028664 0.91192967 -0.002563998 130.4873 -0.008067786 0.0064412644 0.9999468 10.228027
0.9147568 -0.40377662 0.013166528 146.27954 0.40382895 0.9148272 -0.0014735898 130.86914 -0.011450525 0.0066656843 0.99991226 10.223511
0.91821456 -0.39571077 0.015489449 147.156 0.3957782 0.91831505 -0.0014326349 131.25562 -0.013657104 0.007446926 0.99987906 10.220337
0.92161846 -0.3877461 0.016333327 148.0476 0.3878211 0.9217305 -0.0015759952 131.63599 -0.0144431265 0.0077876216 0.99986523 10.210571
0.9250057 -0.37964654 0.016776128 148.94922 0.37973997 0.9251157 -0.0026630138 132.01318 -0.014508116 0.008833043 0.9998556 10.193115
0.92946213 -0.3685052 0.017652104 149.89404 0.36863258 0.9295686 -0.004487333 132.3711 -0.014754962 0.010679534 0.999834 10.193481
0.9331412 -0.3591899 0.01690689 150.8269 0.3593404 0.93321174 -0.0068074246 132.74487 -0.01333349 0.012426743 0.99983376 10.17688
0.93702704 -0.3489214 0.015606323 151.78638 0.34906104 0.9370769 -0.007275165 133.094 -0.012086575 0.01226395 0.99985164 10.177124
0.9420894 -0.3350916 0.013914017 152.75244 0.33518812 0.94214326 -0.0052391635 133.45825 -0.011353794 0.009599386 0.9998894 10.165161
0.94766515 -0.31892234 0.014065469 153.74072 0.3189733 0.9477514 -0.0014795045 133.80176 -0.012858625 0.0058888756 0.99989986 10.15332
0.95368487 -0.30048656 0.015498952 154.74731 0.3004961 0.9538062 0.0017652046 134.13794 -0.0153129995 0.0029735775 0.99987817 10.141968
0.959678 -0.28055087 0.01674035 155.77148 0.28049177 0.95982355 0.0058281776 134.44775 -0.017703205 -0.0008976675 0.9998429 10.128296
0.96542263 -0.26011166 0.01758373 156.81812 0.2600183 0.9655792 0.0074404795 134.73828 -0.018913653 -0.002611118 0.99981755 10.122314
0.97109336 -0.23789507 0.019649524 157.8728 0.23776248 0.97128415 0.00886439 135.01758 -0.021193938 -0.0039368807 0.99976766 10.097656
0.97636676 -0.21496506 0.022638455 158.98193 0.2147883 0.976617 0.009996353 135.26025 -0.024257673 -0.004897953 0.99969363 10.08667
0.9806443 -0.19406787 0.025992364 160.05566 0.19381352 0.98096573 0.011996346 135.49268 -0.027825654 -0.0067269406 0.9995901 10.0625
0.98479486 -0.17108746 0.030140601 161.18579 0.17073964 0.98521996 0.013777604 135.69678 -0.032052353 -0.008422598 0.99945074 10.038696
0.98838603 -0.14835122 0.03296171 162.30396 0.1479131 0.98888224 0.0153651275 135.8711 -0.034874346 -0.01031008 0.99933815 10.008911
0.9913978 -0.12615584 0.03490962 163.44336 0.12564245 0.9919396 0.01653875 136.04321 -0.03671435 -0.012011049 0.9992537 9.973755
0.99395496 -0.10486286 0.032461714 164.60547 0.10437869 0.9944029 0.016268503 136.18604 -0.033986438 -0.0127809085 0.9993404 9.944336
0.9960218 -0.08296081 0.03250087 165.77197 0.08243744 0.9964482 0.017125407 136.28809 -0.03380654 -0.014377646 0.9993249 9.899658
0.9973925 -0.06405152 0.033229694 166.96826 0.0635959 0.99786866 0.01458676 136.3794 -0.034093454 -0.01243478 0.999341 9.871826
0.9984438 -0.042365644 0.03625304 168.1604 0.041811924 0.9989987 0.015896905 136.44165 -0.036890347 -0.014355921 0.9992161 9.833496
0.9990652 -0.02099286 0.037773877 169.37988 0.02036839 0.99965066 0.016835794 136.48755 -0.038114216 -0.016050287 0.9991441 9.794556
0.9992324 -0.0033366175 0.039037004 170.60791 0.002682761 0.99985534 0.016793719 136.51709 -0.039087385 -0.016676148 0.999097 9.758179
0.99903166 0.018415304 0.039956495 171.8418 -0.01914031 0.9996576 0.017837204 136.50488 -0.039614275 -0.018584697 0.9990422 9.712158
0.9984526 0.038791716 0.039841738 173.08838 -0.03963071 0.99900424 0.020487048 136.48071 -0.03900727 -0.022034448 0.99899584 9.670776
0.9975766 0.057501998 0.039181583 174.37085 -0.058353648 0.9980759 0.020956876 136.4165 -0.037901223 -0.023192065 0.99901277 9.622437
0.99621487 0.07816505 0.037995074 175.63135 -0.07904266 0.99662286 0.022174172 136.33423 -0.03613301 -0.025093656 0.99903214 9.583374
0.9945702 0.097477496 0.036417704 176.91089 -0.098379076 0.99486184 0.023848267 136.22705 -0.0339056 -0.027301002 0.9990524 9.546753
0.9926896 0.11540466 0.035333853 178.22925 -0.11632038 0.9928953 0.025050636 136.08496 -0.032191437 -0.028977776 0.99906147 9.506836
0.9899928 0.13700089 0.03378274 179.52222 -0.1378899 0.9901162 0.025547823 135.92993 -0.029948054 -0.029951349 0.9991025 9.473145
0.98757863 0.1545449 0.028129742 180.85669 -0.15528443 0.98751223 0.026333144 135.74463 -0.02370818 -0.030375162 0.9992575 9.436157
0.98448503 0.17385931 0.023402832 182.1831 -0.17450812 0.98421156 0.029324787 135.53003 -0.01793371 -0.032954857 0.99929595 9.421509
0.98164314 0.18977885 0.018577766 183.48901 -0.19028784 0.9812259 0.031158092 135.29614 -0.012315361 -0.03412246 0.99934196 9.399292
0.9778985 0.20841019 0.016795248 184.82373 -0.2088831 0.97733015 0.03458695 135.02612 -0.009206798 -0.03733096 0.9992606 9.395264
0.9739872 0.22612599 0.014810579 186.18066 -0.22652297 0.97334605 0.035892244 134.73096 -0.0062998496 -0.03831371 0.99924594 9.386963
0.9700786 0.24230926 0.015373224 187.49658 -0.24271488 0.96944857 0.035508618 134.4231 -0.0062968563 -0.038177647 0.9992507 9.388916
0.9654357 0.26017368 0.01565748 188.85498 -0.26057312 0.9648337 0.034631666 134.0564 -0.0060974937 -0.037514698 0.9992777 9.389648
0.960429 0.27821895 0.01152854 190.17993 -0.27845502 0.95977515 0.03545252 133.69019 -0.0011989503 -0.0372603 0.999305 9.395142
0.9562556 0.29239044 0.008151785 191.51855 -0.2924874 0.95553166 0.037334915 133.31445 0.0031265253 -0.03808691 0.9992699 9.402344
0.95139706 0.30784804 0.009074836 192.85156 -0.3079636 0.95060873 0.03886628 132.88647 0.0033364827 -0.039771613 0.99920344 9.408447
0.9455228 0.3254601 0.009098796 194.20337 -0.32555455 0.94466335 0.04056975 132.44678 0.004605479 -0.041321136 0.99913555 9.421387
0.9388457 0.34413984 0.007822136 195.56519 -0.34413508 0.9378187 0.044627745 131.97461 0.008026756 -0.04459097 0.99897325 9.434692
0.93240607 0.36141634 0.005819238 196.91089 -0.36129192 0.9313472 0.04579135 131.47266 0.011128869 -0.044799067 0.998934 9.45752
0.9254991 0.37874866 0.004326591 198.26978 -0.37852857 0.9244294 0.04652689 130.93701 0.013618567 -0.04469969 0.998908 9.477661
0.91773635 0.39714754 -3.0918978e-05 199.61304 -0.39670855 0.9167259 0.04692502 130.37329 0.018667305 -0.043051712 0.99889827 9.516724
0.90961385 0.415416 -0.004217587 200.95068 -0.41469795 0.9085535 0.050416958 129.79956 0.024776673 -0.044110168 0.9987193 9.55542
0.89939284 0.4370468 -0.005650189 202.29077 -0.43614888 0.8982399 0.053760663 129.18457 0.028568067 -0.045888845 0.99853855 9.601929
0.8884378 0.45902985 -0.004406564 203.61987 -0.4580565 0.88710374 0.05727659 128.51904 0.03019755 -0.048868056 0.99834853 9.648193
0.87500566 0.48414946 -0.0045675603 204.96753 -0.4830262 0.8735468 0.06047479 127.822754 0.033267908 -0.050705962 0.9981588 9.713013
0.8599936 0.5103467 -0.0034016704 206.29224 -0.5090966 0.85831696 0.06455896 127.08423 0.035858437 -0.053788427 0.99790865 9.769409
0.84702855 0.5315903 -0.0033164476 207.55518 -0.53018034 0.8452043 0.06777482 126.34326 0.038834445 -0.055648755 0.9976943 9.83313
0.8302548 0.5572228 -0.0027320813 208.83618 -0.5557324 0.8283742 0.06918773 125.52759 0.04082183 -0.05592556 0.99760044 9.905151
0.815555 0.5788482 -0.0035544883 210.1001 -0.5772023 0.81366926 0.070600584 124.67651 0.043755632 -0.055522874 0.99749714 9.97876
0.797867 0.602932 -0.006358957 211.36133 -0.60099447 0.7960668 0.072390094 123.78418 0.0487049 -0.05393036 0.99735516 10.063721
0.7819513 0.62318045 -0.00880944 212.5481 -0.62092686 0.78018486 0.075095214 122.891846 0.053686343 -0.053250436 0.99713665 10.148682
0.76580024 0.64290744 -0.010624807 213.72485 -0.6404568 0.7641397 0.07613388 121.94043 0.05708462 -0.051496472 0.9970396 10.237915
0.74872905 0.66280174 -0.011872451 214.90503 -0.66011673 0.74709904 0.07828694 120.95386 0.060766134 -0.0507734 0.99685884 10.335815
0.7312873 0.68191385 -0.012669096 216.06616 -0.67914754 0.7297773 0.07832441 119.93164 0.062647045 -0.048668135 0.99684817 10.440308
0.7164092 0.6975776 -0.012905872 217.17578 -0.6947381 0.71495193 0.07878344 118.893555 0.064178124 -0.04746906 0.99680823 10.5448
0.7007286 0.7132858 -0.014085087 218.28003 -0.71033996 0.6993959 0.07910223 117.80713 0.06627982 -0.045428943 0.9967666 10.658447
0.686643 0.7267609 -0.016960619 219.34546 -0.7235478 0.68549395 0.08079506 116.734375 0.070331745 -0.043201327 0.99658746 10.770874
0.67322904 0.7391414 -0.019504007 220.40625 -0.7356547 0.67223865 0.08282393 115.62158 0.074312136 -0.041416638 0.99637544 10.893799
0.656217 0.7542154 -0.019828074 221.4419 -0.7505342 0.65524644 0.08486992 114.45239 0.077023625 -0.04079962 0.996193 11.013428
0.64172727 0.766762 -0.01977763 222.47266 -0.76305646 0.6408164 0.08500732 113.31152 0.077857025 -0.03947704 0.9961842 11.15271
0.62602735 0.7796782 -0.01629888 223.46997 -0.7759958 0.6248746 0.08621985 112.11572 0.07741017 -0.041314013 0.9961415 11.281372
0.60893977 0.79308975 -0.012364104 224.42871 -0.78948456 0.60752916 0.08703315 110.92969 0.076536804 -0.04323203 0.99612874 11.418091
0.59017223 0.8073021 -0.0075055882 225.3833 -0.8038287 0.58844906 0.087668255 109.70166 0.07517049 -0.045701623 0.9961225 11.54834
0.57450706 0.81863976 -0.0036459423 226.28516 -0.81520057 0.57249004 0.08914485 108.49072 0.075043395 -0.04824773 0.9960129 11.684082
0.55434096 0.8322344 -0.0008918003 227.13647 -0.82866204 0.55206 0.09196716 107.271484 0.07703751 -0.050242074 0.9957615 11.820557
0.538857 0.8423346 0.0021754294 227.97607 -0.8385645 0.53619784 0.09592311 106.0249 0.07963737 -0.053510703 0.9953864 11.957153
0.5184393 0.85498756 0.0050085247 228.77612 -0.8513232 0.51565486 0.095691845 104.7793 0.079256654 -0.053888716 0.9953979 12.092651
0.49909014 0.86653286 0.008761309 229.53564 -0.86316025 0.49619946 0.09372585 103.520996 0.076880775 -0.05433438 0.9955581 12.233032
0.47788897 0.8783093 0.013167708 230.25879 -0.8752419 0.47484052 0.091941744 102.25806 0.074523 -0.05545842 0.9956754 12.367554
0.45821878 0.88870275 0.015700063 230.9292 -0.8858359 0.45514768 0.09023011 100.99609 0.07302333 -0.055254485 0.99579877 12.493774
0.43349478 0.9009281 0.017369479 231.6018 -0.89814323 0.43043765 0.089176536 99.711914 0.07286035 -0.054241728 0.9958647 12.625
0.4143356 0.90975153 0.019600937 232.21533 -0.9071122 0.41123906 0.087976314 98.44165 0.07197326 -0.054245878 0.9959314 12.748291
0.39212903 0.91964906 0.019206537 232.78296 -0.9170171 0.3892 0.08655878 97.178955 0.072126 -0.051553465 0.99606216 12.86377
0.37108502 0.92850924 0.018080398 233.34546 -0.925746 0.36829317 0.08667534 95.86914 0.073816285 -0.048889384 0.99607193 12.994873
0.35032585 0.9364635 0.018177614 233.8352 -0.9336754 0.34760988 0.086241625 94.61401 0.07444414 -0.0471653 0.9961077 13.111206
0.3292585 0.94408727 0.01767906 234.31396 -0.94138795 0.32674506 0.08395857 93.32178 0.07349315 -0.04427644 0.9963116 13.232544
0.30786428 0.9512006 0.017753085 234.74854 -0.94856125 0.30546975 0.08245222 92.039795 0.07302645 -0.042237386 0.9964362 13.353027
0.28720063 0.95773154 0.019009031 235.15527 -0.95469314 0.28455073 0.08766664 90.79761 0.07854082 -0.04330588 0.9959683 13.470825
0.26854736 0.963026 0.020987937 235.5398 -0.9593156 0.26541576 0.09615261 89.546875 0.08704208 -0.045965433 0.99514455 13.595093
0.25090656 0.96773344 0.024110008 235.88867 -0.96342325 0.2472043 0.10366449 88.29126 0.094383806 -0.049238645 0.994318 13.72876
0.23071167 0.97267413 0.02744665 236.20996 -0.9680051 0.22655028 0.10822831 87.048584 0.099058546 -0.051518988 0.99374557 13.869019
0.21105585 0.9770616 0.031501994 236.52026 -0.9724619 0.20655271 0.10878195 85.81543 0.099803925 -0.05357457 0.9935629 14.00708
0.18995868 0.9810432 0.036239292 236.79199 -0.97666574 0.1851148 0.108198 84.5686 0.09942797 -0.055978686 0.9934712 14.152466
0.16983122 0.98462415 0.04132917 237.04175 -0.98041064 0.1645568 0.10840367 83.32446 0.099909104 -0.05891439 0.9932492 14.296509
0.15256281 0.98738426 0.043026645 237.25537 -0.9833969 0.1473167 0.106222875 82.09863 0.09855044 -0.058524106 0.9934104 14.432739
