1 0 0 0 0 1 0 0 0 0 1 0
0.99986957 0.0005718092 0.01614073 0.018095463 -0.00056720923 0.9999998 -0.00028957061 -0.00055685824 -0.016140894 0.00028037768 0.99986969 0.11601091
0.9992977 0.0027370967 0.037371348 0.032769423 -0.0027247177 0.99999621 -0.0003821768 0.0024705192 -0.037372255 0.00028008206 0.99930137 0.26080277
0.99793271 0.0051867691 0.064057748 0.080005524 -0.005250211 0.99998588 0.0008220877 0.0020429223 -0.064052585 -0.0011567049 0.99794585 0.43954291
0.99515692 0.0044324833 0.098199053 0.10073843 -0.0047712566 0.99998345 0.0032152933 0.00068976652 -0.098183184 -0.0036682543 0.9951616 0.58787304
0.99082907 0.0013262103 0.13511476 0.18173572 -0.0020712437 0.99998342 0.0053736544 9.951014e-05 -0.1351054 -0.0056042285 0.99081538 0.79172399
0.98449188 -0.0018280951 0.17542061 0.23754036 0.00075936973 0.99998074 0.0061592912 -0.0093412691 -0.17542851 -0.0059305631 0.98447431 0.97674016
0.97569319 -0.0021604635 0.2191304 0.32470742 0.00059504191 0.99997383 0.0072095369 -0.0070224699 -0.21914026 -0.0069039042 0.97566894 1.1897141
0.96399677 -0.0018426461 0.26590756 0.4252145 -0.0008810236 0.99994837 0.010123273 0.001194134 -0.26591251 -0.0099930732 0.96394537 1.3876079
0.94945027 -0.0059973315 0.31386016 0.56193272 0.00064845281 0.99985282 0.017143861 0.01184389 -0.31391681 -0.01607372 0.94931443 1.6279388
0.93260284 -0.015712002 0.36056215 0.69273201 0.0070440206 0.99965403 0.025341797 -0.0025580427 -0.36083561 -0.021094024 0.93239086 1.8370609
0.91129758 -0.02156562 0.41118321 0.84926883 0.0099031113 0.99948654 0.030472709 -0.0038707191 -0.41162928 -0.023697713 0.91104323 2.0487206
0.88611128 -0.023140972 0.46289445 1.041875 0.0083454357 0.99938747 0.033985746 -0.0012318906 -0.46339742 -0.026252097 0.88576164 2.3044863
0.85812616 -0.025341378 0.51281311 1.2166513 0.0063637779 0.99922947 0.038729367 0.019311873 -0.51339948 -0.029971254 0.85762621 2.5187535
0.82615798 -0.030617616 0.56260602 1.4496947 0.0075704361 0.99903552 0.043251776 0.020622365 -0.56338771 -0.031473627 0.82559295 2.7604864
0.79035427 -0.036173215 0.61158122 1.6731618 0.0095130927 0.99885965 0.046785694 0.023474602 -0.61257624 -0.031159245 0.78979711 2.9643144
0.75187362 -0.040823359 0.65804216 1.9602348 0.010784913 0.9987092 0.049634773 0.037515721 -0.65921907 -0.030222149 0.75134338 3.167397
0.71187456 -0.04414441 0.70091785 2.2292872 0.012083137 0.99864471 0.050623484 0.048525787 -0.70220271 -0.027568284 0.71144317 3.3980037
0.67026052 -0.045969272 0.74070076 2.5354951 0.011219485 0.99859331 0.051822048 0.063734332 -0.74204111 -0.026423992 0.66983342 3.6045696
0.62775011 -0.046369318 0.77703258 2.8696674 0.0066108631 0.99850578 0.054244909 0.090490022 -0.77838689 -0.028915391 0.62711865 3.8213227
0.58616086 -0.047066696 0.80882638 3.2090139 0.0036038023 0.99845276 0.055489615 0.10013578 -0.81018672 -0.02961099 0.58542355 4.0161785
0.54619932 -0.048123686 0.8362717 3.5894989 0.0014521726 0.99840126 0.056505047 0.12114894 -0.83765402 -0.029648608 0.54539597 4.2317233
0.50698625 -0.050829008 0.86045412 4.0177961 0.00068992033 0.99828339 0.058564393 0.13166172 -0.8619539 -0.029097697 0.50615102 4.4157876
0.46972835 -0.050735675 0.88135186 4.423286 -0.0023042305 0.99827334 0.058694417 0.15846748 -0.88280804 -0.029601269 0.46880038 4.6310837
0.4339318 -0.049903936 0.89956252 4.8958632 -0.0035399741 0.99836261 0.057092564 0.1817697 -0.90093881 -0.027958707 0.43304462 4.8072637
0.39905468 -0.048639242 0.91563613 5.3807862 -0.0021167765 0.99854055 0.053965721 0.19761201 -0.91692473 -0.02347347 0.39836932 4.9912657
0.37040158 -0.046965649 0.92768358 5.8976116 -0.00013159171 0.99871826 0.050614448 0.22482793 -0.92887175 -0.018869747 0.36992064 5.1653014
0.34524058 -0.045126421 0.93742865 6.4320512 0.00066433186 0.99885485 0.047838724 0.24696606 -0.93851403 -0.015893104 0.34487521 5.3540848
0.32383192 -0.044450882 0.9450698 7.0323279 0.0018776545 0.99892394 0.046340498 0.27744397 -0.9461128 -0.013232017 0.32356692 5.5224506
0.30949854 -0.044987654 0.94983508 7.6039745 0.0033410889 0.99892551 0.04622408 0.2986679 -0.95089409 -0.011132801 0.3093163 5.7287055
0.29698898 -0.046552352 0.95374543 8.2163682 0.0039760923 0.99886254 0.047516395 0.31902006 -0.95487267 -0.010319665 0.29683626 5.8724143
0.28716764 -0.048424568 0.95665549 8.8496995 0.0026561344 0.99875775 0.04975841 0.34376886 -0.9578767 -0.011747999 0.28693952 6.0891376
0.2765575 -0.05015979 0.95968738 9.523375 0.0015283561 0.99865858 0.051756256 0.37958301 -0.9609962 -0.012846836 0.27626318 6.2772358
0.26587116 -0.051822883 0.96261458 10.210829 0.00058643865 0.99856252 0.053596187 0.40433432 -0.96400843 -0.013685165 0.26551936 6.4608665
0.2554818 -0.053917583 0.96530921 10.92374 -0.0003833287 0.99843801 0.055869453 0.4348304 -0.96681383 -0.014643658 0.25506207 6.6509765
0.24484815 -0.055200161 0.96798876 11.663072 -0.00084840244 0.99836541 0.057147008 0.46497413 -0.96956111 -0.014813583 0.2444011 6.8176313
0.2342063 -0.056836008 0.97052408 12.414802 -0.0012603487 0.99827104 0.058765077 0.49086354 -0.97218615 -0.014986349 0.23372973 7.0039795
0.22347659 -0.059543514 0.97288884 13.169129 -0.0022851351 0.99809761 0.061611264 0.53072993 -0.97470666 -0.015991857 0.22291538 7.1826044
0.21361308 -0.063124585 0.97487674 13.957889 -0.0046635499 0.99783294 0.065632897 0.5689302 -0.97690726 -0.018566431 0.21285578 7.3625869
0.20053453 -0.066967084 0.97739513 14.770022 -0.0046690283 0.99758436 0.069308322 0.60913198 -0.97967555 -0.018462197 0.19973744 7.5234032
0.18787498 -0.069330978 0.97974289 15.517338 -0.0059854555 0.99740622 0.071728681 0.64763229 -0.98217475 -0.019340232 0.18697269 7.6560781
0.17381997 -0.070255223 0.98226816 16.345688 -0.0059061893 0.99735966 0.072379764 0.69058127 -0.98475978 -0.018382509 0.17294608 7.8136619
0.15967523 -0.069352893 0.98473038 17.129946 -0.0077090298 0.9974111 0.071496002 0.72786611 -0.98713954 -0.019007456 0.1587272 7.9560552
0.14327263 -0.068366945 0.98731901 17.938534 -0.0086723368 0.99748612 0.070329433 0.76701219 -0.9896453 -0.018638645 0.14231956 8.071708
0.12186892 -0.067049538 0.99027887 18.767358 -0.011055433 0.99756209 0.068903207 0.80572394 -0.99248467 -0.019345121 0.12083055 8.1578243
0.098067436 -0.065528157 0.99302002 19.559047 -0.015522091 0.99760773 0.067363805 0.84694505 -0.99505876 -0.022019942 0.096815697 8.2853048
0.067846471 -0.065017858 0.99557493 20.391596 -0.019845158 0.99758893 0.066501793 0.88605602 -0.99749843 -0.024269253 0.066392597 8.307991
0.03308046 -0.06459367 0.99736315 21.256024 -0.022597898 0.99760591 0.065358916 0.9258567 -0.99919723 -0.024700413 0.03154158 8.3172057
-0.00084709203 -0.064066279 0.99794524 22.066824 -0.02443759 0.99764894 0.064026513 0.95944119 -0.99970104 -0.02433314 -0.0024107274 8.3103596
-0.033120446 -0.063151253 0.99745419 22.953262 -0.025238037 0.99773638 0.062331089 0.98708474 -0.9991327 -0.023109352 -0.034639289 8.2790026
-0.065633149 -0.061111728 0.99597066 23.831143 -0.026951549 0.99786726 0.05945203 1.0213216 -0.99747982 -0.022940928 -0.067140228 8.2082424
-0.098135845 -0.057844414 0.99349046 24.59887 -0.029986793 0.99802788 0.055146537 1.0576332 -0.99472118 -0.02437974 -0.099676879 8.1603216
-0.13048541 -0.053675421 0.98999617 25.445947 -0.02659842 0.99836356 0.050623305 1.0875955 -0.99109342 -0.019726731 -0.13169956 8.0053036
-0.16236579 -0.048030199 0.98556094 26.320541 -0.021820024 0.99874514 0.045077986 1.0999591 -0.98648939 -0.01418584 -0.16321006 7.8731242
-0.194687 -0.041844157 0.97997243 27.130349 -0.016778141 0.99908552 0.039327031 1.115059 -0.98072195 -0.0087856529 -0.19521103 7.6522988
-0.22268589 -0.035955603 0.97422693 27.972106 -0.011136782 0.99934825 0.034337139 1.128294 -0.97482667 -0.0032033557 -0.22294119 7.4643031
-0.24981063 -0.029620312 0.96784152 28.737849 -0.001939568 0.99954531 0.030089968 1.1468408 -0.96829281 0.0056396004 -0.2497545 7.2466331
-0.27770256 -0.019047614 0.96047821 29.574204 0.0040590431 0.99977123 0.021000439 1.1446066 -0.96065857 0.0097304991 -0.27756171 6.9714417
-0.30354777 -0.0039517586 0.95280799 30.333937 0.0088345694 0.99993674 0.0069617627 1.1364394 -0.9527753 0.010530877 -0.30349366 6.6983806
-0.32637272 0.012730278 0.94515539 31.117051 0.0092134293 0.99990465 -0.010286193 1.1128904 -0.94519629 0.0053509904 -0.3264589 6.4079699
-0.35201762 0.02720383 0.93559792 31.86775 0.0071982175 0.99962667 -0.026357234 1.0824889 -0.93596574 -0.0025435725 -0.35208202 6.1386255
-0.37744951 0.038242201 0.92524015 32.636795 0.011622245 0.99926386 -0.036560494 1.047611 -0.92595727 -0.0030463725 -0.37761612 5.8572574
-0.40095997 0.043387334 0.91506752 33.42016 0.015563924 0.99905629 -0.040549878 1.0005775 -0.91596339 -0.0020168354 -0.40125686 5.5051635
-0.42297102 0.042225047 0.90515882 34.13591 0.017837756 0.99910812 -0.038272324 0.9515642 -0.90596766 -4.208118e-05 -0.42334699 5.1289579
-0.4437153 0.03901537 0.89531808 34.862497 0.022263633 0.99922343 -0.032509515 0.91159026 -0.89589125 0.0055080646 -0.44423935 4.7641258
-0.4613789 0.037809749 0.88639713 35.634761 0.029319088 0.99919558 -0.027360338 0.87237946 -0.88671865 0.013364874 -0.46211631 4.3750797
-0.47533529 0.039167034 0.87893244 36.348603 0.03327596 0.99909414 -0.026525719 0.82611522 -0.87917526 0.016638711 -0.47620802 3.9495734
-0.48639879 0.041836846 0.87273469 37.014128 0.035673486 0.99897099 -0.028006512 0.77624437 -0.87300841 0.017511156 -0.48739074 3.5646538
-0.49574605 0.044644263 0.86731925 37.749012 0.037702698 0.99884265 -0.029864009 0.73442868 -0.86764879 0.017895312 -0.49685551 3.1580536
-0.50695192 0.043862932 0.86085756 38.412474 0.031212226 0.9989836 -0.032520189 0.68491309 -0.86140908 0.010383109 -0.50780571 2.7719471
-0.51865091 0.042655858 0.85392134 39.107249 0.029735049 0.99905041 -0.031845136 0.66060506 -0.85446891 0.0088748851 -0.51942678 2.3633589
-0.52712581 0.043879918 0.84865356 39.764186 0.031815378 0.99898485 -0.0318913 0.61825604 -0.84919151 0.010189508 -0.52798676 1.936845
-0.53363206 0.047289589 0.84439355 40.444215 0.035718713 0.99880479 -0.033364084 0.57226106 -0.84496216 0.012356507 -0.53468338 1.4825426
-0.53772998 0.050665645 0.84159337 41.160708 0.036596765 0.9986546 -0.036737814 0.53516126 -0.84232251 0.011044572 -0.53886072 1.0541983
-0.53724356 0.051889589 0.84182941 41.848328 0.03559978 0.99861132 -0.038834207 0.48526165 -0.84267554 0.0091055154 -0.53834476 0.60396321
-0.53453637 0.052802316 0.84349436 42.587196 0.038309319 0.99853434 -0.038230488 0.44744891 -0.84427681 0.011878109 -0.53577574 0.15227759
-0.52853861 0.05177714 0.84732875 43.310173 0.036682852 0.99859891 -0.038139025 0.40294641 -0.84811637 0.010924489 -0.52969741 -0.30268695
-0.52120481 0.050205052 0.8519536 44.069379 0.034351923 0.99869331 -0.03783664 0.35773414 -0.85274003 0.0095456072 -0.5222484 -0.77695775
-0.51374203 0.049602684 0.85650956 44.860609 0.0324501 0.99873636 -0.038375547 0.3115292 -0.85733084 0.0080786904 -0.51470246 -1.2492068
-0.50809952 0.0483798 0.85993849 45.66183 0.029453778 0.9988132 -0.038789904 0.25885134 -0.86079464 0.0056193073 -0.50892148 -1.6937862
-0.50324061 0.046180781 0.86291145 46.47843 0.025605256 0.99892943 -0.038527401 0.21454944 -0.86376694 0.0027065169 -0.50388433 -2.1571315
-0.50212396 0.043083408 0.86372176 47.324574 0.020573631 0.9990707 -0.037874299 0.16163965 -0.86455093 -0.0012476999 -0.50254372 -2.623559
-0.50211129 0.04109624 0.86382596 48.176705 0.017939057 0.99915027 -0.037106914 0.1169172 -0.86461697 -0.0031355767 -0.50242186 -3.0985692
-0.50391484 0.039329765 0.86285743 49.010737 0.015922709 0.99921604 -0.036246128 0.057369044 -0.8636066 -0.0045259332 -0.50414603 -3.5729139
-0.50382829 0.039116649 0.86291766 49.881728 0.016677181 0.99922844 -0.03555847 0.020706194 -0.86364286 -0.0035243281 -0.50409191 -4.0964003
-0.50351474 0.038190569 0.86314212 50.751945 0.015990081 0.99926339 -0.034885558 -0.034664294 -0.86383869 -0.0037636794 -0.50375452 -4.606707
-0.50434606 0.037714364 0.86267758 51.621624 0.016058736 0.99928262 -0.034298036 -0.090211694 -0.86335232 -0.0034445674 -0.5045899 -5.1112793
-0.50442147 0.0371872 0.86265638 52.532435 0.016155967 0.99930373 -0.033630876 -0.14032705 -0.86330645 -0.0030270869 -0.50467105 -5.6226417
-0.50434014 0.035768728 0.86276391 53.427949 0.014284451 0.99935058 -0.033081213 -0.19180407 -0.86338696 -0.0043600744 -0.50452355 -6.1562914
-0.50441444 0.035079109 0.86274879 54.334427 0.013881421 0.99937474 -0.032518371 -0.24780599 -0.86335013 -0.0044265563 -0.50458599 -6.6644254
-0.50360891 0.034399519 0.86324659 55.231079 0.012788593 0.99939432 -0.03236414 -0.29504775 -0.86383713 -0.0052591597 -0.50374381 -7.1833252
-0.50279966 0.032817224 0.86377976 56.123359 0.012337737 0.99944973 -0.030789972 -0.3522518 -0.86431496 -0.0048240988 -0.50292787 -7.6787898
-0.50005867 0.030986952 0.86543692 57.013259 0.012683296 0.99951449 -0.028459052 -0.40927137 -0.86589868 -0.0032546022 -0.50020891 -8.2267249
-0.49835415 0.029713878 0.86646417 57.897533 0.013436384 0.99955718 -0.02655002 -0.4545144 -0.86686946 -0.001589167 -0.49853272 -8.6935811
-0.49553164 0.028952487 0.86810718 58.804163 0.012916592 0.99957942 -0.025964224 -0.51032114 -0.86849388 -0.0016531077 -0.4956972 -9.202904
-0.49311909 0.029691726 0.86945494 59.691692 0.013815089 0.99955865 -0.026299391 -0.55949991 -0.86985215 -0.00095713351 -0.49331165 -9.7227947
-0.49230326 0.029986805 0.86990702 60.597797 0.013833714 0.99954972 -0.026626891 -0.60909725 -0.87031384 -0.0010744598 -0.49249642 -10.191048
-0.49273285 0.03128532 0.86961802 61.478309 0.013251779 0.99950738 -0.02844964 -0.65711143 -0.87007976 -0.0024940862 -0.49290471 -10.698841
-0.49675647 0.033357645 0.86724865 62.340677 0.012166263 0.99943055 -0.031473071 -0.70747289 -0.86780473 -0.0050832763 -0.49687943 -11.166294
-0.50027149 0.033942113 0.86520304 63.212646 0.010994926 0.99939984 -0.032849275 -0.76187051 -0.86579883 -0.0069207115 -0.50034444 -11.693054
-0.50575813 0.032048928 0.86207976 64.083649 0.010286016 0.99946267 -0.031121795 -0.81367016 -0.86261403 -0.0068727343 -0.50581603 -12.199801
-0.51061959 0.030006121 0.85928296 64.948962 0.013616616 0.99954773 -0.026812632 -0.87623886 -0.85969895 -0.0019905287 -0.51079724 -12.732771
-0.51659464 0.027929615 0.85577441 65.80881 0.010831416 0.99960104 -0.026085168 -0.91581306 -0.85616162 -0.004206209 -0.51669106 -13.214064
-0.52213367 0.030631917 0.85231336 66.643578 0.012589816 0.99952273 -0.028209964 -0.97001782 -0.85277077 -0.0039989028 -0.52227012 -13.725663
-0.52637585 0.032782744 0.84961974 67.482197 0.012784884 0.99944862 -0.030643135 -1.0189821 -0.85015591 -0.005267516 -0.52650474 -14.256982
-0.53130159 0.033076237 0.84653678 68.32425 0.011603433 0.99942793 -0.03176754 -1.0693276 -0.84710332 -0.0070554111 -0.53138145 -14.769777
-0.5352956 0.033405084 0.84400395 69.15936 0.010211215 0.99940057 -0.033079277 -1.126422 -0.84460311 -0.0090888843 -0.53531583 -15.269441
-0.53836827 0.032467403 0.84208397 69.967474 0.010041242 0.99943375 -0.03211453 -1.1844818 -0.84264989 -0.0088338747 -0.53838944 -15.800233
-0.54085847 0.025995877 0.84071176 70.787181 0.01196571 0.99965894 -0.023212776 -1.2301422 -0.84102853 -0.0024951125 -0.54098507 -16.32317
-0.54275565 0.018202712 0.83969334 71.616501 0.012764893 0.99982842 -0.013423198 -1.2688182 -0.83979368 0.0034330802 -0.54289488 -16.861896
-0.5444678 0.015113895 0.83864553 72.430192 0.01296065 0.99986987 -0.0096050959 -1.3023042 -0.83868164 0.0056397271 -0.54459284 -17.383584
-0.54576219 0.020712447 0.83768405 73.23982 0.013459062 0.99978217 -0.015951703 -1.3333687 -0.83783205 0.0025686066 -0.54592208 -17.89617
-0.54690154 0.025779303 0.8367999 74.030057 0.013617419 0.99966749 -0.021896923 -1.381658 -0.83708621 -0.00058040536 -0.54707074 -18.418358
-0.54720964 0.030734728 0.83643107 74.846139 0.019780728 0.99952135 -0.023786552 -1.4183834 -0.83676185 0.0035289855 -0.54755567 -18.949632
-0.5479803 0.031650135 0.83589222 75.620731 0.023220885 0.9994744 -0.022621231 -1.4586389 -0.8361689 0.0070141688 -0.54842723 -19.456547
-0.54688996 0.028951658 0.83670372 76.437368 0.022921113 0.99954504 -0.019604501 -1.5013062 -0.83689071 0.0084566773 -0.54730475 -19.99057
-0.54596634 0.024288565 0.83745493 77.228128 0.021142039 0.99966078 -0.015209754 -1.5309903 -0.83754034 0.0094014917 -0.54629465 -20.514611
-0.5456914 0.017771013 0.83779772 78.028273 0.019231813 0.99977737 -0.0086804017 -1.5635867 -0.83776553 0.011375549 -0.54591168 -21.017937
-0.54513108 0.011395939 0.83827333 78.844969 0.010270336 0.99992335 -0.0069146721 -1.6011526 -0.83828795 0.0048399472 -0.54520634 -21.531122
-0.54329587 0.0060057362 0.83951978 79.660625 0.0018357773 0.99998052 -0.0059656101 -1.6209798 -0.83953933 -0.0016999192 -0.54329632 -22.041641
-0.54254558 0.0067877301 0.8399989 80.428497 0.0050451047 0.99997565 -0.0048218687 -1.6426118 -0.84001125 0.0016217997 -0.54256662 -22.531675
-0.5396437 0.0096924881 0.84183767 81.210693 0.0099760115 0.99993714 -0.0051178348 -1.6736557 -0.84183443 0.0056363759 -0.53970647 -23.030246
-0.53382768 0.012445136 0.84550167 82.020232 0.010500299 0.99991216 -0.0080883248 -1.7076505 -0.84552813 0.0045602492 -0.53391147 -23.53939
-0.52563132 0.015368988 0.8505736 82.789788 0.016657798 0.99983104 -0.0077718497 -1.7248322 -0.85054941 0.010083557 -0.52579852 -24.006458
-0.51760434 0.017976319 0.8554312 83.590431 0.02423792 0.9996861 -0.0063418579 -1.7618814 -0.85527676 0.017451301 -0.51787758 -24.507252
-0.50767291 0.017683071 0.86136837 84.393169 0.022523205 0.99972004 -0.007248581 -1.7872679 -0.86125547 0.015720869 -0.50792906 -24.972227
-0.497001 0.014675643 0.86762582 85.215074 0.018420146 0.99981011 -0.006359913 -1.8073845 -0.86755447 0.012820913 -0.49717695 -25.433558
-0.4856214 0.011775814 0.87408988 86.021349 0.020159694 0.9997942 -0.0022691163 -1.8307066 -0.87393679 0.016519454 -0.48575885 -25.867439
-0.47455908 0.010694356 0.88015865 86.837121 0.019790699 0.99980305 -0.001477453 -1.8589529 -0.88000118 0.016717817 -0.47467726 -26.301297
-0.46232283 0.0097008269 0.88665857 87.680544 0.019232061 0.99981463 -0.00091084353 -1.87958 -0.88650313 0.016631169 -0.4624237 -26.737206
-0.45059028 0.01172027 0.89265389 88.489055 0.023069045 0.99973278 -0.0014814818 -1.8967395 -0.89243279 0.019925132 -0.45074025 -27.133373
-0.43863778 0.014453049 0.89854768 89.316824 0.022461833 0.99973461 -0.0051155922 -1.9260891 -0.89838323 0.017939137 -0.43884602 -27.524742
-0.42681963 0.024322271 0.9040096 90.159206 0.02480577 0.99957701 -0.015181689 -1.9524345 -0.90399654 0.015944812 -0.42724243 -27.922037
-0.41342673 0.029350366 0.91006419 90.995638 0.025121771 0.99946754 -0.020821307 -1.9811824 -0.91019081 0.01425434 -0.41394393 -28.297399
-0.40249778 0.025366729 0.9150694 91.830054 0.022011039 0.99959517 -0.018028212 -2.0132552 -0.91515634 0.012885314 -0.40289318 -28.65056
-0.39062643 0.022485646 0.92027459 92.672135 0.02442581 0.99960283 -0.014055965 -2.0466417 -0.92022521 0.016987822 -0.39102051 -29.004936
-0.38131454 0.022888162 0.92416193 93.528591 0.021228255 0.99964664 -0.015998745 -2.0827104 -0.92420163 0.013517792 -0.38166567 -29.338357
-0.37417555 0.027132404 0.92696085 94.367875 0.016378462 0.99960934 -0.02264754 -2.12113 -0.92721328 0.0067080384 -0.37447377 -29.671844
-0.36868853 0.03098843 0.92903628 95.213678 0.006456403 0.99950543 -0.030776732 -2.165075 -0.92953061 -0.0053487948 -0.36870626 -29.985603
-0.36602693 0.033758093 0.92999172 96.056659 0.0050898195 0.9993995 -0.034274293 -2.2087968 -0.93059038 -0.0078118239 -0.36597896 -30.309733
-0.3620989 0.033333026 0.93154346 96.909563 0.0035294461 0.99940228 -0.034389262 -2.2574877 -0.93213304 -0.0091644811 -0.36200012 -30.62827
-0.35642988 0.032252574 0.93376519 97.774396 0.00083680394 0.99941463 -0.034200708 -2.3093174 -0.93432174 -0.011408775 -0.35624823 -30.94344
-0.35100928 0.029920009 0.9358938 98.589221 0.0023201688 0.99951409 -0.031083728 -2.3448088 -0.93636914 -0.0087392448 -0.35090815 -31.248211
-0.34572612 0.025657252 0.93798458 99.470347 0.0012340113 0.99963767 -0.026888847 -2.3960373 -0.9383347 -0.0081386925 -0.34563252 -31.571431
-0.34015002 0.022460661 0.94010287 100.3107 -0.00049122913 0.99971033 -0.024062521 -2.4358243 -0.94037109 -0.0086466724 -0.34004046 -31.867587
-0.33456911 0.0213453 0.9421294 101.17487 -0.0050922351 0.9996879 -0.024457724 -2.4809584 -0.9423575 -0.012980343 -0.33435599 -32.148571
-0.32796351 0.020554187 0.94446672 102.02086 -0.01803538 0.99944483 -0.028013396 -2.5183285 -0.94451826 -0.026221187 -0.32741073 -32.42892
-0.32178427 0.023663555 0.94651722 102.86223 -0.016005951 0.99940882 -0.030427367 -2.5702303 -0.94667775 -0.024940955 -0.32121528 -32.70415
-0.31468359 0.027713156 0.94879194 103.73405 -0.013914178 0.99933161 -0.033804244 -2.6182405 -0.94909468 -0.0238393 -0.31408765 -32.977364
-0.30776973 0.025990842 0.95110577 104.57626 -0.015313321 0.99936204 -0.032264798 -2.6565973 -0.95133767 -0.024494715 -0.30717538 -33.249074
-0.30082416 0.02142815 0.95343882 105.44514 -0.015041918 0.99951657 -0.027209676 -2.6961301 -0.95356103 -0.022526876 -0.30035642 -33.511625
-0.2941247 0.018761285 0.95558286 106.30066 -0.014215176 0.99961086 -0.024001076 -2.7354135 -0.95566138 -0.020643088 -0.29374355 -33.764395
-0.2873381 0.021507629 0.95758768 107.14765 -0.018006449 0.99944989 -0.027850959 -2.7836798 -0.95765999 -0.025245395 -0.28679276 -34.007214
-0.28075042 0.024447267 0.95946936 108.01064 -0.018045875 0.99936437 -0.030744195 -2.8292965 -0.95961118 -0.02594591 -0.2801308 -34.256381
-0.27419939 0.025287197 0.9613403 108.85469 -0.018860014 0.99932056 -0.031665601 -2.8648111 -0.96148795 -0.02681358 -0.27353617 -34.477787
-0.26733917 0.024102791 0.96330096 109.74507 -0.019811451 0.99933833 -0.030502635 -2.9152333 -0.96339885 -0.027238939 -0.26668477 -34.72345
-0.25953565 0.024165515 0.96543109 110.58592 -0.016732532 0.99942429 -0.029514576 -2.9550004 -0.9655886 -0.023814191 -0.25898188 -34.931313
-0.25180139 0.025481304 0.96744337 111.45198 -0.011747381 0.99949919 -0.029383165 -3.0013603 -0.96770767 -0.018763648 -0.25137595 -35.169731
-0.24466824 0.026048931 0.96925684 112.33842 -0.010490711 0.99950943 -0.029510129 -3.0450303 -0.96955014 -0.017388384 -0.24427494 -35.392603
-0.23836964 0.024661607 0.97086129 113.19096 -0.017949174 0.99939491 -0.029793361 -3.0906586 -0.97100866 -0.02452799 -0.23778275 -35.576347
-0.23265507 0.022642626 0.97229566 114.05782 -0.022480235 0.99933664 -0.028651516 -3.1314428 -0.97229951 -0.028523355 -0.23199173 -35.766924
-0.22763678 0.023278296 0.97346779 114.9462 -0.018491999 0.99943058 -0.028223326 -3.1722886 -0.97357055 -0.024426032 -0.2270767 -35.976834
-0.22308076 0.023160796 0.97452474 115.79661 -0.017116444 0.99947051 -0.027671827 -3.2166499 -0.97464972 -0.02285345 -0.22256621 -36.161596
-0.21849052 0.024587113 0.97552923 116.68314 -0.017014552 0.99943458 -0.02900039 -3.2593073 -0.97569077 -0.022934503 -0.21794865 -36.354139
-0.21262446 0.023973971 0.97683981 117.53418 -0.010445543 0.99958608 -0.026805853 -3.2973747 -0.9770782 -0.015903201 -0.21228603 -36.537569
-0.20748276 0.022476588 0.97798038 118.40041 -0.004345071 0.99970497 -0.023897701 -3.3407221 -0.97822907 -0.0092077544 -0.20732388 -36.731681
-0.20234711 0.021574813 0.97907614 119.29689 -0.0010653032 0.99975186 -0.022250588 -3.3800919 -0.97931333 -0.0055453543 -0.20227392 -36.919264
-0.19816179 0.023046022 0.97989831 120.14463 -0.0025744948 0.99970786 -0.024032549 -3.4168661 -0.98016598 -0.0072850754 -0.19804457 -37.080667
-0.19451167 0.025289145 0.98057411 121.01802 -0.0047902214 0.99963119 -0.026730841 -3.4527412 -0.98088855 -0.009896627 -0.1943188 -37.241476
-0.19291548 0.024460023 0.98091042 121.9036 -0.0066701764 0.99963345 -0.026238722 -3.4946091 -0.98119275 -0.0116047 -0.19268161 -37.408988
-0.19157986 0.023252325 0.98120151 122.76625 -0.008173326 0.99964686 -0.025285282 -3.5370113 -0.98144304 -0.01286383 -0.19132216 -37.568873
-0.1913337 0.019155132 0.98133807 123.64195 -0.0065184307 0.9997627 -0.020785682 -3.5701191 -0.98150344 -0.010373785 -0.19116344 -37.73697
-0.18985541 0.014125368 0.9817104 124.49667 -0.0040715014 0.99987658 -0.015174149 -3.6061569 -0.98180366 -0.0068779288 -0.18977447 -37.891202
-0.18901832 0.011653527 0.98190437 125.35829 -0.003667102 0.99991423 -0.012573195 -3.6404397 -0.98196676 -0.0059773069 -0.18895937 -38.052743
-0.18801414 0.015919748 0.98203725 126.23892 -0.0069926413 0.99982159 -0.01754681 -3.6805716 -0.98214147 -0.010166082 -0.18786928 -38.216181
-0.18769046 0.020186879 0.98202072 127.06967 -0.0058542006 0.99974803 -0.021670183 -3.7108787 -0.98221082 -0.0098162322 -0.18752499 -38.369422
-0.18788311 0.019199905 0.98200367 127.92066 -0.0089844516 0.99973349 -0.021265514 -3.7408123 -0.98215034 -0.012818195 -0.18766054 -38.520013
-0.18752299 0.018431357 0.98208723 128.79734 -0.01015991 0.99973406 -0.02070251 -3.7822632 -0.98220771 -0.013860114 -0.18728586 -38.683323
-0.18680313 0.018570551 0.98222179 129.63451 -0.0053731518 0.99978705 -0.01992454 -3.8201404 -0.98238272 -0.0089995925 -0.18666357 -38.840877
-0.18585338 0.021319766 0.98234612 130.48113 -0.0069152601 0.99971143 -0.023004964 -3.8575565 -0.9825532 -0.011068728 -0.18565231 -38.998397
-0.18612723 0.022549431 0.98226682 131.30816 -0.01724957 0.99950752 -0.026213793 -3.8907409 -0.98237426 -0.02182278 -0.1856466 -39.134996
-0.18574368 0.024080164 0.98230308 132.1354 -0.021105989 0.99937125 -0.028489502 -3.9272539 -0.98237157 -0.026024223 -0.18511865 -39.272796
-0.18537165 0.027465997 0.98228452 132.98255 -0.021106238 0.99926743 -0.03192392 -3.9735603 -0.98244183 -0.02665012 -0.18465615 -39.430298
-0.18490204 0.028208926 0.98235198 133.80755 -0.018088899 0.99932093 -0.032100961 -4.0186506 -0.98259051 -0.023705198 -0.18426621 -39.576745
-0.18346274 0.029459105 0.98258511 134.63124 -0.019023862 0.99925728 -0.033510983 -4.0631423 -0.98284261 -0.02484058 -0.18276606 -39.7199
-0.18160508 0.028709359 0.98295233 135.44342 -0.013091085 0.99941458 -0.031608815 -4.0990713 -0.98328445 -0.018608233 -0.18112293 -39.874917
-0.17829423 0.025874022 0.98363694 136.25946 -0.0038438133 0.99962828 -0.026991394 -4.1461165 -0.98396975 -0.0085933257 -0.1781285 -40.020036
-0.17638872 0.021229457 0.98409158 137.07207 0.0008250522 0.99977023 -0.021419803 -4.1831708 -0.98432028 -0.002966284 -0.17636571 -40.180163
-0.17231413 0.020968595 0.9848188 137.89184 0.0044896697 0.99977974 -0.02050158 -4.2151274 -0.98503186 0.00088879993 -0.17237032 -40.318867
-0.16775646 0.025129285 0.9855081 138.68964 -3.3486395e-05 0.99967492 -0.025496221 -4.2629236 -0.98582851 -0.0043101561 -0.16770109 -40.444443
-0.1606832 0.028707938 0.98658841 139.49959 0.0037050162 0.99958742 -0.028482758 -4.2977594 -0.98699912 -0.00092137372 -0.16072327 -40.57244
-0.15307309 0.028997072 0.98778931 140.3271 -0.00059983826 0.99956649 -0.02943575 -4.3410139 -0.98821473 -0.0050983344 -0.15298934 -40.688786
-0.14302074 0.025470981 0.98939184 141.11571 0.0064473848 0.99967155 -0.024803625 -4.3681324 -0.98969873 0.002831558 -0.14313799 -40.796442
-0.13109653 0.024401609 0.99106921 141.9144 0.017465501 0.99959872 -0.022301318 -4.4037518 -0.99121579 0.014385896 -0.13147011 -40.913451
-0.11732678 0.026060982 0.99275131 142.72274 0.013953368 0.9996002 -0.024591715 -4.4494643 -0.99299537 0.010966959 -0.11764351 -40.999943
-0.10385516 0.027306997 0.99421746 143.47309 0.01322162 0.9995726 -0.02607296 -4.4803517 -0.99450459 0.010437355 -0.10417182 -41.067184
-0.089288697 0.027725746 0.99561977 144.27319 0.017389955 0.9995035 -0.02627434 -4.516747 -0.99585401 0.014967782 -0.089726516 -41.134857
-0.075496517 0.028928759 0.9967263 145.05176 0.0200633 0.99942079 -0.027487278 -4.5564232 -0.99694424 0.017922426 -0.076033197 -41.198331
-0.061782921 0.034649095 0.99748796 145.85892 0.016405945 0.99929747 -0.03369579 -4.6074045 -0.99795481 0.01428291 -0.06230797 -41.241878
-0.049303715 0.043888969 0.99781903 146.57594 0.0092535975 0.99901126 -0.043484173 -4.6460521 -0.99874101 0.0070894854 -0.049661099 -41.256749
-0.035220077 0.052733337 0.9979873 147.35035 0.0037678031 0.99860681 -0.052633099 -4.6892813 -0.99937252 0.0019064788 -0.035369699 -41.264852
-0.022345455 0.053723746 0.99830574 148.08545 0.0019674096 0.99855554 -0.05369315 -4.7374337 -0.99974842 0.0007642793 -0.022418876 -41.270638
-0.0098527601 0.049603126 0.99872037 148.91118 0.0025197579 0.99876695 -0.04958058 -4.7885445 -0.99994833 0.0020280288 -0.0099656005 -41.269477
0.0012395681 0.046856281 0.99890083 149.70329 0.0021407494 0.99889923 -0.046858861 -4.845479 -0.99999698 0.002196482 0.0011378946 -41.252071
0.009826615 0.052819777 0.99855567 150.43917 -0.0034858522 0.99859967 -0.052787799 -4.9114191 -0.99994568 -0.0029620913 0.0099969749 -41.226911
0.015958439 0.061448865 0.99798261 151.18706 -0.013408432 0.99803315 -0.061237566 -4.9646435 -0.99978279 -0.012404126 0.016750983 -41.203119
0.019154003 0.064990844 0.99770197 151.93705 -0.01633853 0.99777218 -0.064681747 -5.0151527 -0.99968308 -0.015062068 0.020173185 -41.176817
0.019053013 0.060860868 0.99796435 152.6973 -0.017281688 0.99801652 -0.060534107 -5.0680271 -0.99966915 -0.016093151 0.020066999 -41.146995
0.018159043 0.055249892 0.99830737 153.44956 -0.011268127 0.99841995 -0.055051155 -5.1392629 -0.99977166 -0.010249378 0.018752913 -41.136169
0.015216288 0.052713638 0.99849369 154.19415 -0.013132537 0.99853375 -0.052515621 -5.1887151 -0.99979802 -0.012313662 0.01588624 -41.120103
0.012210429 0.052735812 0.9985338 154.93544 -0.012256917 0.99854116 -0.052586316 -5.2399282 -0.99985037 -0.011596844 0.012838993 -41.110439
0.0081863666 0.052992395 0.99856132 155.65918 -0.013740127 0.99850651 -0.052876841 -5.2965828 -0.99987213 -0.01328749 0.008902261 -41.096471
0.0040706182 0.051204016 0.99867988 156.40285 -0.0094872133 0.99864522 -0.051163568 -5.3479779 -0.99994675 -0.009266421 0.0045508854 -41.097068
-0.0016272249 0.051563982 0.99866833 157.15063 -0.013981409 0.9985709 -0.051581731 -5.4014789 -0.99990097 -0.014046725 -0.00090396383 -41.09238
-0.0075546641 0.049686167 0.99873627 157.88081 -0.01322544 0.99867249 -0.049783033 -5.4493447 -0.99988404 -0.01358482 -0.0068875153 -41.088338
-0.013431246 0.04691784 0.99880841 158.64406 -0.010051996 0.99884174 -0.047054576 -5.5006212 -0.99985931 -0.010672019 -0.012944073 -41.098747
-0.018475337 0.046961531 0.99872578 159.33546 -0.012341072 0.99880951 -0.047193763 -5.5490845 -0.99975319 -0.013197267 -0.017873788 -41.102236
-0.024228677 0.048059075 0.99855056 160.09521 -0.012796538 0.99874707 -0.048379025 -5.5962828 -0.99962458 -0.013950149 -0.023583332 -41.118663
-0.028399767 0.050297871 0.99833035 160.82604 -0.014510642 0.99860726 -0.050724608 -5.6496945 -0.99949136 -0.015926981 -0.02763036 -41.134242
-0.030751928 0.052534197 0.99814548 161.53311 -0.014342008 0.99849182 -0.052994288 -5.7024965 -0.99942419 -0.015945086 -0.029952104 -41.15234
-0.032258665 0.054199751 0.99800886 162.2452 -0.012924402 0.99842247 -0.054639968 -5.7587396 -0.99939603 -0.014661279 -0.031507278 -41.17273
-0.031884812 0.052502431 0.9981116 162.97678 -0.010401608 0.99854788 -0.052857659 -5.8107599 -0.99943747 -0.012067321 -0.031292403 -41.199415
-0.027640013 0.048691159 0.99843133 163.6808 -0.0042092871 0.99879845 -0.048825589 -5.8529493 -0.99960912 -0.0055522233 -0.027401848 -41.220974
-0.020353052 0.048312805 0.99862483 164.39112 -0.0033420532 0.9988229 -0.048390501 -5.9069424 -0.99978731 -0.0043223509 -0.020167632 -41.229119
-0.0098807324 0.049438345 0.99872826 165.08078 -0.0035403746 0.99876907 -0.049475389 -5.9636713 -0.99994496 -0.0040247245 -0.0096935411 -41.229146
0.0049339769 0.04975129 0.99874941 165.77364 -0.00052168032 0.9987616 -0.049749318 -6.0098122 -0.99998773 -0.00027556509 0.0049538194 -41.217294
0.01939834 0.047565982 0.99867968 166.45291 8.0556255e-05 0.99886759 -0.047576496 -6.0487735 -0.99981187 0.0010033558 0.01937254 -41.197649
0.036222932 0.042475517 0.99844061 167.17109 -0.0046929873 0.99909254 -0.042332991 -6.0954858 -0.99933276 -0.0031522433 0.036389396 -41.152592
0.053006989 0.036043836 0.99794339 167.82872 -0.006394918 0.99934014 -0.035754609 -6.1326924 -0.99857371 -0.0044865212 0.053202507 -41.099035
0.069085091 0.028782869 0.99719542 168.50237 -0.005867165 0.99957814 -0.028445168 -6.1688113 -0.99759356 -0.0038855723 0.069224818 -41.045836
0.087824012 0.021002469 0.99591453 169.19957 -0.0069607138 0.99976624 -0.02046987 -6.2056648 -0.99611173 -0.0051345292 0.087949673 -40.967294
0.10415612 0.014889804 0.99444945 169.84096 -0.0081937946 0.99986684 -0.01411272 -6.23356 -0.99452725 -0.0066783876 0.10426426 -40.884686
0.12276113 0.012413783 0.99235856 170.50415 -0.0093946064 0.9998915 -0.011345841 -6.2655422 -0.99239182 -0.0079299891 0.12286443 -40.787958
0.14054183 0.011335714 0.9900098 171.1383 -0.008287443 0.99991289 -0.010272619 -6.2830604 -0.9900401 -0.0067609164 0.14062353 -40.687801
0.15855579 0.011017394 0.98728851 171.79259 -0.0098397378 0.99990572 -0.0095779572 -6.3036913 -0.98730103 -0.0081960188 0.15864925 -40.572744
0.17492361 0.010489448 0.98452609 172.43544 -0.015749297 0.99984512 -0.0078544378 -6.3230388 -0.98445608 -0.014131666 0.17506172 -40.435776
0.1888382 0.0070672517 0.98198274 173.05098 -0.01751469 0.99983928 -0.0038276363 -6.3369456 -0.98185205 -0.016476319 0.18893163 -40.297598
0.20124531 0.0027820011 0.97953688 173.67648 -0.01349387 0.99990895 -6.7551839e-05 -6.3560668 -0.97944797 -0.013204148 0.20126452 -40.162504
0.21186481 0.0010169002 0.97729841 174.308 -0.009892307 0.99995046 0.0011040458 -6.3710951 -0.97724896 -0.0099016437 0.21186437 -40.024543
0.22175428 0.004949725 0.97508997 174.90027 -0.016553564 0.99986212 -0.0013108723 -6.3945983 -0.9749621 -0.015850522 0.22180564 -39.871088
0.23078377 0.011496183 0.9729371 175.52662 -0.018098693 0.99980792 -0.00752062 -6.4092481 -0.97283676 -0.015873252 0.23094751 -39.705361
0.23986976 0.021742286 0.97056153 176.09347 -0.018475761 0.99967035 -0.017828176 -6.427546 -0.97062929 -0.013655422 0.24019239 -39.558245
0.2479389 0.028555075 0.9683547 176.6705 -0.015025223 0.99955862 -0.025628144 -6.4432044 -0.96865919 -0.008195531 0.24825851 -39.406528
0.25439034 0.027028051 0.96672383 177.27355 -0.01330854 0.99961258 -0.024445466 -6.457609 -0.96701009 -0.0066469916 0.25465148 -39.245417
0.26058125 0.019690721 0.96525106 177.8714 -0.016440473 0.99973753 -0.015955925 -6.4770609 -0.96531197 -0.011711368 0.26083658 -39.061376
0.26476817 0.0090686362 0.96426941 178.5025 -0.020762723 0.99977758 -0.00370157 -6.5000353 -0.96408859 -0.0190408 0.26489757 -38.877994
0.26724203 -0.00052525901 0.96362926 179.08941 -0.019295944 0.99979643 0.0058962921 -6.5233834 -0.96343627 -0.020169873 0.26717749 -38.707941
0.26790928 -0.0014773385 0.96344297 179.70402 -0.015621814 0.9998607 0.0058772155 -6.5416225 -0.96331752 -0.016625287 0.26784888 -38.536319
0.26900714 0.0016785764 0.96313668 180.31949 -0.014154135 0.99989738 0.0022106515 -6.5428977 -0.96303421 -0.014227047 0.26900329 -38.372125
0.27067424 0.0014782685 0.96266982 180.92031 -0.01231556 0.9999223 0.0019272979 -6.5542443 -0.96259226 -0.012377487 0.27067142 -38.199205
0.272648 -0.00036401054 0.96211374 181.52356 -0.013118221 0.99990556 0.0040958079 -6.5529966 -0.96202446 -0.013737934 0.27261748 -38.018821
0.27498275 -0.0045087511 0.96143855 182.14798 -0.013281349 0.99987578 0.0084876283 -6.570757 -0.96135746 -0.015103152 0.27488871 -37.837198
0.2783278 -0.010154562 0.96043243 182.76024 -0.011592452 0.99983576 0.013930596 -6.5785875 -0.96041623 -0.015011038 0.27816437 -37.656168
0.28234231 -0.013320613 0.9592212 183.37047 -0.010306754 0.99980376 0.016917925 -6.5842562 -0.9592584 -0.014663103 0.28214961 -37.468774
0.28913014 -0.014829656 0.95717489 183.97362 -0.0089488142 0.99979444 0.018193101 -6.5804344 -0.95724801 -0.013825754 0.288938 -37.274712
0.29641749 -0.017815401 0.95489225 184.62224 -0.0076945559 0.99974901 0.021040835 -6.5818354 -0.95502751 -0.013584343 0.29620601 -37.076053
0.3063576 -0.020169774 0.95170275 185.23079 -0.0051004238 0.99972636 0.022829405 -6.5861977 -0.95190288 -0.011848049 0.30617089 -36.873254
0.31734577 -0.018344524 0.94813241 185.84237 -0.0062382071 0.99975086 0.021431208 -6.5856956 -0.94828942 -0.012715749 0.31715227 -36.655134
0.32846395 -0.014485186 0.94440539 186.46606 -0.0072521329 0.99981424 0.017857331 -6.5850104 -0.9444887 -0.012714442 0.32829789 -36.433158
0.33993646 -0.010806349 0.94038628 187.06714 -0.0085537589 0.99985709 0.014581815 -6.5828502 -0.94040955 -0.013000728 0.33979544 -36.199695
0.35132296 -0.010547404 0.93619488 187.69214 -0.0065685767 0.99988416 0.013729912 -6.5804464 -0.93623133 -0.010973101 0.35121298 -35.965612
0.36300056 -0.013629768 0.93168919 188.31723 -0.006385759 0.99983314 0.017114643 -6.5850778 -0.93176708 -0.012162167 0.36285295 -35.702938
0.37346804 -0.015333541 0.92751627 188.94271 -0.0064424036 0.99979639 0.019122522 -6.5815569 -0.92762072 -0.013117085 0.37329321 -35.445729
0.38539306 -0.015380125 0.92262428 189.56736 -0.0098448767 0.99973564 0.020777912 -6.5892177 -0.92270003 -0.017090785 0.38513977 -35.163629
0.39502694 -0.017317332 0.91850626 190.17573 -0.011232615 0.99965653 0.023678193 -6.5772866 -0.9186009 -0.019670751 0.39469674 -34.884849
0.40232569 -0.015857177 0.91535923 190.80952 -0.015855097 0.99957934 0.024284912 -6.5769286 -0.91535934 -0.024283553 0.40190503 -34.587463
0.40610067 -0.018369275 0.91364366 191.45477 -0.015665398 0.99951109 0.027058713 -6.5653869 -0.9136941 -0.025301153 0.40561436 -34.302775
0.40845985 -0.023297892 0.91247887 192.09765 -0.011290491 0.99946877 0.030573012 -6.5608897 -0.91270649 -0.022790182 0.40797982 -33.999709
0.40862954 -0.021235411 0.91245322 192.75887 -0.0098161607 0.99956922 0.027658882 -6.5575098 -0.91264758 -0.020259023 0.40824506 -33.707779
0.40750548 -0.021802395 0.91294243 193.42208 -0.0059035459 0.99963117 0.026507784 -6.5457598 -0.91318372 -0.016191664 0.40722647 -33.416807
0.40644112 -0.02049636 0.91344701 194.07413 -0.0040433294 0.99969821 0.024230797 -6.5444093 -0.91366807 -0.013541759 0.40623559 -33.12163
0.40634468 -0.021414944 0.91346885 194.7557 -0.00072423389 0.99971745 0.023759082 -6.5307692 -0.91371962 -0.010315941 0.40621435 -32.833508
0.40580746 -0.02789168 0.91353286 195.43602 0.0021265158 0.99956034 0.029573606 -6.5293536 -0.91395616 -0.010058547 0.40568836 -32.527751
0.40489073 -0.030815134 0.91384564 196.11131 0.003204745 0.99947364 0.032282633 -6.5216751 -0.9143595 -0.010142296 0.40477636 -32.221582
0.4030892 -0.033631468 0.91454248 196.81078 0.0048943893 0.99938945 0.034594412 -6.5055381 -0.91514765 -0.0094685062 0.4030077 -31.920522
0.40147965 -0.033643023 0.91524978 197.49825 0.0039458115 0.99937936 0.035004629 -6.4952896 -0.91585948 -0.010442243 0.40136323 -31.611948
0.4001888 -0.033919097 0.91580475 198.17158 0.0022178318 0.99934774 0.036044169 -6.4821388 -0.91643007 -0.012393371 0.400003 -31.296585
0.39810925 -0.032864185 0.91674909 198.86228 0.00078122666 0.99936984 0.035486767 -6.4773278 -0.91733772 -0.013411421 0.39788405 -31.008396
0.39725276 -0.029905526 0.9172218 199.55227 0.0023572381 0.99949885 0.031567195 -6.4715986 -0.91770625 -0.010378045 0.39712417 -30.69656
0.39640402 -0.023844195 0.91776644 200.23938 0.0012548136 0.99967581 0.025430273 -6.4717868 -0.91807535 -0.008929036 0.39630542 -30.399421
0.39493046 -0.020254696 0.91848767 200.91852 -0.0011109962 0.99974568 0.022524321 -6.4549253 -0.91871038 -0.0099159762 0.39480752 -30.113314
0.39369155 -0.022605161 0.91896458 201.61558 -0.0022847582 0.99967044 0.025569213 -6.4488103 -0.9192398 -0.012165994 0.39351015 -29.797267
0.39277449 -0.025922255 0.91926936 202.30517 -0.0031996396 0.99955808 0.029553401 -6.4407457 -0.91962929 -0.014549152 0.39251798 -29.494878
0.38973494 -0.025700938 0.92056834 202.98741 -0.0073932174 0.99949097 0.031034361 -6.4412608 -0.92089744 -0.018901136 0.38934654 -29.214196
0.38548824 -0.02574265 0.92235354 203.68387 -0.0098106404 0.9994399 0.031994367 -6.4331132 -0.92266063 -0.021382331 0.38501978 -28.90154
0.3784655 -0.026647062 0.92523172 204.36619 -0.0099734811 0.9994101 0.032863076 -6.4243955 -0.92556171 -0.021665321 0.37797647 -28.627242
