1.000000000000000000e+00 -3.306050084167601550e-19 -2.270457535318767223e-19 -8.673617379884035472e-19 7.546676715296109287e-19 1.000000000000000000e+00 6.237773588823049983e-19 1.387778780781445676e-17 -3.447385680526250622e-20 4.770700176052009879e-20 1.000000000000000222e+00 5.551115123125782702e-17
9.999312147507392057e-01 -3.012867703215601437e-03 1.133347082107900167e-02 1.319373641689487557e-02 2.997406934954696331e-03 9.999945454463587957e-01 1.380934846800892322e-03 -1.032571249537804492e-02 -1.133756941027899527e-02 -1.346873110754622221e-03 9.999348245387725820e-01 2.975093213068560338e-01
9.998429001690962714e-01 -4.895168002881914414e-03 1.703700621487071881e-02 3.491170994446557430e-02 4.866995308926434609e-03 9.999867078371849072e-01 1.694873198556021837e-03 -1.516328855303289425e-02 -1.704507386289407650e-02 -1.611714564932176762e-03 9.998534144928034051e-01 5.838238439645777600e-01
9.997603063973604653e-01 -7.021329215236399648e-03 2.073362491836755472e-02 4.404751483965427261e-02 7.011781734658681896e-03 9.999753117749149434e-01 5.331863113098463374e-04 -2.177066114139791786e-02 -2.073685438237442627e-02 -3.876737062635491628e-04 9.997848028558621314e-01 8.937912570886451524e-01
9.997679322614480002e-01 -8.824406350010556913e-03 1.964792821039943946e-02 4.118172185133441021e-02 8.846784843375763221e-03 9.999603254617670522e-01 -1.052049340262778453e-03 -3.621496751273894921e-02 -1.963786719529399261e-02 1.225643581422655249e-03 9.998062896057341442e-01 1.198399787253045190e+00
9.998560117291946936e-01 -1.069436992964162975e-02 1.317389985752371109e-02 5.101789864819047948e-02 1.072458902878552917e-02 9.999400167594887368e-01 -2.225286305690214392e-03 -2.173621549700183175e-02 -1.314931720570203244e-02 2.366282098335604784e-03 9.999107166590217588e-01 1.507635278559801284e+00
9.999357383194252824e-01 -1.133466339142116287e-02 1.549997503747110276e-04 5.619335051990390767e-02 1.133513676666058310e-02 9.999296475833785447e-01 -3.493824521154901760e-03 -3.542025007084229071e-02 -1.153864232974014263e-04 3.495356853209119919e-03 9.999938875308818087e-01 1.827449502786943736e+00
9.997906745108606774e-01 -1.083981232921885085e-02 -1.735361237842164561e-02 2.810616439970036948e-02 1.077032893107868379e-02 9.999336013957952352e-01 -4.093395207667313573e-03 -4.656329834877949436e-02 1.739681934329898733e-02 3.905643534392301119e-03 9.998410274189973856e-01 2.148574343678928855e+00
9.993471784193556084e-01 -6.679072258953999176e-03 -3.550571609273733831e-02 -6.613487047073396755e-03 6.531303574681176366e-03 9.999695174971714451e-01 -4.276242141670217635e-03 -4.734438197313994845e-02 3.553319597177205524e-02 4.041569841167181112e-03 9.993603789926833736e-01 2.499168187084254811e+00
9.984388077314407806e-01 -4.090997968475875747e-03 -5.571169975289584630e-02 -4.518550275188502885e-02 3.757685809742272558e-03 9.999744026301000677e-01 -6.086229716393419704e-03 -5.088366799074420244e-02 5.573518480430183358e-02 5.867380880713305401e-03 9.984286375350353016e-01 2.838128249436993045e+00
9.972179072421493151e-01 -2.516062793421092181e-03 -7.450306256518232639e-02 -1.009442932504433926e-01 2.091688642089605411e-03 9.999811604114831054e-01 -5.774915268056573722e-03 -6.279422820002818206e-02 7.451619400513057045e-02 5.603026815436088111e-03 9.972043542251824988e-01 3.206524722833399732e+00
9.953151339488278682e-01 -4.071354887552362453e-03 -9.659181333513977563e-02 -1.470820453800706362e-01 3.558832893921733999e-03 9.999786458897509389e-01 -5.477930801051791518e-03 -6.176938898334438655e-02 9.661206068775869682e-02 5.108499480320518454e-03 9.953084154243303505e-01 3.582124353621769508e+00
9.932836328752129296e-01 -5.217646217892386688e-03 -1.155638316259370857e-01 -1.968895105168551041e-01 4.788635526798321398e-03 9.999805738882470152e-01 -3.989711710814505298e-03 -7.003704717590789053e-02 1.155824028787511837e-01 3.409485281455897510e-03 9.932893430030809157e-01 3.970447664975607971e+00
9.909752268485081395e-01 -4.506767374308449751e-03 -1.339773927448139890e-01 -2.725024360953917091e-01 4.017026914666536018e-03 9.999842461671789584e-01 -3.925726674692964734e-03 -7.788430607423153795e-02 1.339929830776015185e-01 3.352198727156030077e-03 9.909776970129995366e-01 4.364485806941366342e+00
9.887588286857553754e-01 -3.919334197647492135e-03 -1.494638959830728031e-01 -3.553343457250713322e-01 3.520290561907350214e-03 9.999895016132033243e-01 -2.934685088906058975e-03 -8.182881766386587707e-02 1.494738460089402310e-01 2.375669210012581068e-03 9.887622411808389966e-01 4.779479251710252896e+00
9.868821974368535699e-01 -1.737291909437744045e-03 -1.614056940986533517e-01 -4.486274936078232800e-01 1.287534221552077149e-03 9.999949908666434517e-01 -2.891020491807059275e-03 -9.280602276727142885e-02 1.614099190708214726e-01 2.645165910417311955e-03 9.868794826483465732e-01 5.189465881255808100e+00
9.845944459297518714e-01 -4.548851474958049909e-03 -1.747915549519744594e-01 -5.311548110619078722e-01 3.957024664199603262e-03 9.999852222782446010e-01 -3.732981545529425686e-03 -9.387648758670430471e-02 1.748059803601038631e-01 2.983579282367808481e-03 9.845978759089776267e-01 5.633965588284844728e+00
9.827902771624846823e-01 -7.325838760416433261e-03 -1.845586155833650044e-01 -6.252910708549357377e-01 6.428400097181688824e-03 9.999644358065280514e-01 -5.459068593594395072e-03 -1.117218880552256211e-01 1.845920638322630369e-01 4.178702738853312150e-03 9.828023854196593634e-01 6.075368721856342802e+00
9.813802190204145015e-01 -5.718854007897955505e-03 -1.919656538300890947e-01 -7.176496037469125566e-01 4.382131015526803848e-03 9.999631202964490706e-01 -7.385699054226067123e-03 -1.189064572145141635e-01 1.920008359786287422e-01 6.406867591802084885e-03 9.813690677952583430e-01 6.534118379979529045e+00
9.800154000092664575e-01 -5.162853259778906086e-03 -1.988288176130573737e-01 -8.377165445683070200e-01 3.431183971631242453e-03 9.999531728592764290e-01 -9.051396234449202854e-03 -1.191874603894016865e-01 1.988662476899670239e-01 8.188178225130944218e-03 9.799872386320066520e-01 7.012251950427107694e+00
9.787012424872373328e-01 -6.789948194781287097e-03 -2.051201581240043592e-01 -9.385466651287988071e-01 4.498187776543119583e-03 9.999221985243629263e-01 -1.163090991190730839e-02 -1.324222247292105026e-01 2.051832030879327806e-01 1.046029251371324506e-02 9.786556451013760372e-01 7.479402754200668468e+00
9.767234341622835769e-01 -1.047439523767488070e-02 -2.141988526435519846e-01 -1.051266564286595040e+00 7.612021158964100628e-03 9.998704299057614708e-01 -1.417833843020237933e-02 -1.418557082907181133e-01 2.143196540334693923e-01 1.221769446381243927e-02 9.766766308698516807e-01 7.997588184820688895e+00
9.748266986390199396e-01 -1.597108082618352992e-02 -2.223811459290128689e-01 -1.165333655601821228e+00 1.302381211621006854e-02 9.998069459122075342e-01 -1.471283413847361207e-02 -1.580036554623117373e-01 2.225731752352662629e-01 1.144658376272261573e-02 9.748464718161128362e-01 8.509845388866530413e+00
9.731710130927202496e-01 -1.704117689820435974e-02 -2.294564759299233259e-01 -1.271679082206897515e+00 1.341648529193134425e-02 9.997593602338771257e-01 -1.734717431806826957e-02 -1.799848841276643907e-01 2.296970240126810225e-01 1.380183769449668148e-02 9.731658085429097937e-01 9.029680837547418903e+00
9.708767980284686017e-01 -1.336208607387345294e-02 -2.392159273001828457e-01 -1.442277829565228320e+00 8.384579976567024806e-03 9.997267667796491120e-01 -2.181328397384393186e-02 -1.820304742343301085e-01 2.394421980192110999e-01 1.917146838542467188e-02 9.707237090375551158e-01 9.562206285654225368e+00
9.691135334442303462e-01 -1.060362566849584916e-02 -2.463762567180275143e-01 -1.602541150673818082e+00 4.735588671468747568e-03 9.996911049798594684e-01 -2.439783580370841892e-02 -1.987357200764983123e-01 2.465588514921659424e-01 2.247746286729280715e-02 9.688645195577828551e-01 1.008833320637032394e+01
9.667089428401037798e-01 -1.296273709709623925e-02 -2.555548601042468282e-01 -1.754432703548514771e+00 6.268790823848468391e-03 9.996159326028799530e-01 -2.699346903296458156e-02 -2.185656279287416792e-01 2.558066609929309232e-01 2.449251236519755029e-02 9.664190911364539671e-01 1.065409483741239605e+01
9.643389764453599300e-01 -1.556888507703703406e-02 -2.642343098412623936e-01 -1.912695886286069902e+00 8.213339286338480760e-03 9.995478994685245144e-01 -2.892659639185729548e-02 -2.449410068874336988e-01 2.645651279082991136e-01 2.572565251449832752e-02 9.640310217873792054e-01 1.121756260843845432e+01
9.624952955357998219e-01 -1.533260538623080864e-02 -2.708787760399079536e-01 -2.096048652083800423e+00 7.017818827198010929e-03 9.994747141431340465e-01 -3.165022983576960824e-02 -2.662160414272294329e-01 2.712215611268731785e-01 2.856358374513868689e-02 9.620973087605499963e-01 1.179336166719175694e+01
9.598234782118221231e-01 -1.418024023554099837e-02 -2.802544603254012445e-01 -2.276242101868617418e+00 4.447298069571335374e-03 9.993655317002054783e-01 -3.532916279220210676e-02 -2.856670887017367932e-01 2.805777799956864493e-01 3.266253995301941770e-02 9.592777964997157847e-01 1.238974413688847598e+01
9.577398523106827044e-01 -1.550321075212718162e-02 -2.872451560349347788e-01 -2.470898381236014352e+00 4.057723941377337253e-03 9.991752142489409572e-01 -4.039399506098917403e-02 -3.187378744211322723e-01 2.876346941542301527e-01 3.752046814350652737e-02 9.570129653617633902e-01 1.296390385841265491e+01
9.557893293505370647e-01 -1.633678654777532754e-02 -2.935236676742117856e-01 -2.665635395305024691e+00 2.322962694094811605e-03 9.988438146971996279e-01 -4.802266711448546083e-02 -3.557958290311520333e-01 2.939686671148603603e-01 4.521774528532154780e-02 9.547223175497061565e-01 1.358584749590332130e+01
9.544259963708271455e-01 -1.686950814568560775e-02 -2.979537173191900701e-01 -2.870068703860600312e+00 1.684819080984364015e-04 9.984314887154258633e-01 -5.599736531208397011e-02 -3.879002163576598661e-01 2.984308840163041876e-01 5.339535764465806744e-02 9.529318306142782191e-01 1.420970719946312855e+01
9.535203917655133976e-01 -1.785418443923102172e-02 -3.008390724107534164e-01 -3.084731366570514499e+00 -1.754295775084081235e-03 9.978971515654345703e-01 -6.476518407421211210e-02 -4.291824034116502595e-01 3.013634633051894829e-01 6.228116471312830638e-02 9.514840465395053570e-01 1.484597776849432194e+01
9.519820598996184824e-01 -1.680111064392326298e-02 -3.057500895120601192e-01 -3.311666781437432761e+00 -6.242791090800152258e-03 9.972200660083904156e-01 -7.425438443297423252e-02 -4.719051948133880514e-01 3.061477832319342007e-01 7.259751971972552842e-02 9.492309633482781672e-01 1.548987642867909287e+01
9.510167130508356825e-01 -1.769725084814966626e-02 -3.086568389427880588e-01 -3.527242878699607065e+00 -7.737964250587873322e-03 9.966844800001748439e-01 -8.098926423217708837e-02 -5.305689219458793460e-01 3.090673075998012775e-01 7.940879829251783206e-02 9.477266300157013434e-01 1.614514461019850344e+01
9.494020510847440697e-01 -1.500078064522339903e-02 -3.138039896391065509e-01 -3.756010495869756660e+00 -1.303662067480914483e-02 9.961154242794920677e-01 -8.709490987186395416e-02 -5.882599626681003224e-01 3.138917277906659309e-01 8.677826354983482482e-02 9.455183794522008522e-01 1.680814398173051316e+01
9.476276402339840477e-01 -1.347253068714925929e-02 -3.191113036383194101e-01 -4.002366798837866391e+00 -1.712319171042116228e-02 9.955296380834462999e-01 -9.289373300020879742e-02 -6.567842774650158866e-01 3.189365855651472015e-01 9.349195460042995787e-02 9.431607496557451453e-01 1.748546976983896428e+01
9.462544466340467864e-01 -1.126439453291672860e-02 -3.231834331863342458e-01 -4.256485896384996082e+00 -2.175816408819732442e-02 9.949120290934131416e-01 -9.839177319890025919e-02 -7.292323076720859110e-01 3.226466079126378839e-01 1.001386709192706032e-01 9.411946979023011473e-01 1.817166297103642236e+01
9.441574569887090096e-01 -8.034783938859091368e-03 -3.292982688879238506e-01 -4.530675444574780109e+00 -2.723289178239836003e-02 9.943793207243448729e-01 -1.023210180007907560e-01 -8.024814074932691277e-01 3.282683311494052347e-01 1.055796596140845117e-01 9.386317584731646013e-01 1.887926174571853366e+01
9.429970620977006224e-01 -8.137954860657457823e-03 -3.326878614989406402e-01 -4.789436130202898489e+00 -2.849310480113681140e-02 9.940560478247181253e-01 -1.050694291610098641e-01 -8.786622255970171214e-01 3.315651089565860854e-01 1.085603693843028156e-01 9.371599895572568784e-01 1.957886005641497462e+01
9.406205214423742911e-01 -7.612856041897678346e-03 -3.393443294921278941e-01 -5.067089637698324545e+00 -2.948004042138484271e-02 9.941394293870093879e-01 -1.040112709160986998e-01 -9.639791299826273585e-01 3.381473175009622190e-01 1.078397553044209423e-01 9.348833797446522986e-01 2.030957188683187553e+01
9.386360691482323881e-01 -8.116038345877733470e-03 -3.448324266718280628e-01 -5.346752520703772049e+00 -2.907495129512390614e-02 9.943028285077039063e-01 -1.025301381628432734e-01 -1.051638633370635123e+00 3.437003165611811628e-01 1.062625795470796830e-01 9.330525159373562749e-01 2.103289786101546710e+01
9.361699848565884219e-01 -7.069044911985637204e-03 -3.514842397941513319e-01 -5.641466562211226332e+00 -3.027281991849558804e-02 9.944629461618068600e-01 -1.006342177214406414e-01 -1.133367534923507058e+00 3.502497642960483715e-01 1.048501088235336692e-01 9.307720839733651941e-01 2.178356712525246053e+01
9.336767145064952533e-01 -7.655267689367106256e-03 -3.579463150023368123e-01 -5.929778040962964347e+00 -2.933582846593117688e-02 9.947764497722723087e-01 -9.775705926577708815e-02 -1.222665655398410101e+00 3.568241269912407754e-01 1.017774435321734117e-01 9.285749624378464295e-01 2.250480565194535387e+01
9.289764201345342975e-01 -5.918771685378883610e-03 -3.700570157978061991e-01 -6.241684209632055946e+00 -3.045746382660691892e-02 9.952589422026965060e-01 -9.236764807291844570e-02 -1.301162242147413162e+00 3.688494479460771025e-01 9.707792417446728384e-02 9.243917281168708699e-01 2.327890154944452661e+01
9.263183115156415903e-01 -2.818008866657291389e-03 -3.767106115336688599e-01 -6.570813199309980313e+00 -3.229697007664489306e-02 9.956967513134284964e-01 -8.687493886849836922e-02 -1.383478942044461313e+00 3.753346456593521507e-01 9.264043021715719084e-02 9.222411594190075279e-01 2.403078087729033285e+01
9.225918132416339734e-01 1.119456999155768440e-04 -3.857747340409337644e-01 -6.910145143066709572e+00 -3.486690519014974676e-02 9.959316094558076093e-01 -8.310674930899879242e-02 -1.458536838856919093e+00 3.841966304823120626e-01 9.012217226406674109e-02 9.188419661727980081e-01 2.480659930886075415e+01
9.198206161417457061e-01 8.513930601327605180e-04 -3.923398206035243474e-01 -7.249888212915976737e+00 -3.591791210774376158e-02 9.959811388684415290e-01 -8.204109737911907674e-02 -1.537904163287481474e+00 3.906935178878963577e-01 8.955306482533686996e-02 9.161543931373961058e-01 2.556262099718331626e+01
9.157965008095704240e-01 1.734811841332519009e-03 -4.016741969251431121e-01 -7.596339769335997971e+00 -3.748514946408669501e-02 9.959949004816365248e-01 -8.116707932671070325e-02 -1.618540127287410479e+00 3.999241614144385393e-01 8.939142150963726163e-02 9.121941753384321672e-01 2.634094766911503882e+01
9.116486123126459340e-01 1.623722628712076076e-03 -4.109416077141245238e-01 -7.963391143229705094e+00 -3.762272274115036758e-02 9.961226861629600693e-01 -7.950574820769500117e-02 -1.689315497824060763e+00 4.092188158611788640e-01 8.794297818248596188e-02 9.081751016899520801e-01 2.711649889829133286e+01
9.077528576102662505e-01 2.008690892226631160e-03 -4.195219440811951972e-01 -8.334229549696434702e+00 -3.851182809293399179e-02 9.961645463772393905e-01 -7.856858308447249584e-02 -1.759807485576472930e+00 4.177544721673605577e-01 8.748064906359176440e-02 9.043490569080329111e-01 2.790878120038541610e+01
9.040708261252841105e-01 1.385374770763356331e-03 -4.274196916402261404e-01 -8.720939377816995020e+00 -3.770242320410494702e-02 9.963544236100280171e-01 -7.651421591198800942e-02 -1.834886276768511681e+00 4.257552589272945998e-01 8.528887682286556693e-02 9.008275326095059876e-01 2.869804395650238860e+01
9.014486566762522912e-01 2.134366463320029866e-03 -4.329227313042375291e-01 -9.116143552892124191e+00 -3.715086657741758364e-02 9.966798287059752681e-01 -7.243701796659965386e-02 -1.908377509517683590e+00 4.313309926475085154e-01 8.137845250404719677e-02 8.985349777334646904e-01 2.949171835456773394e+01
8.971855574531055755e-01 3.892604062824771456e-03 -4.415786229990349421e-01 -9.524400080215141173e+00 -3.710684069941436874e-02 9.970898805682204546e-01 -6.658527225266118454e-02 -1.972803765671651721e+00 4.400341197997106879e-01 7.612678973388556369e-02 8.947191722882749110e-01 3.031156702258637381e+01
8.939712037978084780e-01 4.493603570353242593e-03 -4.481553973997673412e-01 -9.952814474946924506e+00 -3.630304422878627424e-02 9.973892114155019639e-01 -6.243162080351239568e-02 -2.046843602890453084e+00 4.467052382302185154e-01 7.207946306870398334e-02 8.918003904888992528e-01 3.110239920075883902e+01
8.895505172706357211e-01 4.808836912479633012e-03 -4.567581282673965348e-01 -1.038402630164212148e+01 -3.632249831459277711e-02 9.975233253590904958e-01 -6.022759101578156749e-02 -2.106532683662349026e+00 4.553369272456470052e-01 7.016983381404784392e-02 8.875223716647075989e-01 3.197030934746704389e+01
8.866327748281108700e-01 3.980255287734132778e-03 -4.623904061144168964e-01 -1.082804037903852823e+01 -3.511688095727318742e-02 9.976553872879175833e-01 -5.873786574065831267e-02 -2.168095839862622221e+00 4.610720904475025805e-01 6.832066309394979609e-02 8.846940695009455347e-01 3.278885233026933577e+01
8.847299130157832980e-01 3.454630870011827105e-03 -4.660112652848679149e-01 -1.128688554731197868e+01 -3.397424191592490067e-02 9.977906416823363323e-01 -5.712420817861717237e-02 -2.230538186984466265e+00 4.647843677583828326e-01 6.637746213673231810e-02 8.828926103943488535e-01 3.361830723970790302e+01
8.807545757844561507e-01 1.213157033903704577e-03 -4.735071083365375300e-01 -1.175394398659994089e+01 -3.158560229622597165e-02 9.979205506190783614e-01 -5.618055068716382161e-02 -2.296590733615530233e+00 4.724538979017057216e-01 6.444112041522488676e-02 8.789615994990231940e-01 3.447022962076398045e+01
8.782881701182183587e-01 1.394411146525586500e-03 -4.780913170038454951e-01 -1.222908573469202764e+01 -3.251056266258016414e-02 9.978556581371412770e-01 -5.682867219651369789e-02 -2.360512443134240801e+00 4.769865754608640929e-01 6.546002571543937942e-02 8.764502254899104727e-01 3.531440523028518896e+01
8.777748403225423823e-01 -5.797985753836935657e-04 -4.790079421751749500e-01 -1.271858554119664220e+01 -3.047940675017178289e-02 9.979058250944140562e-01 -5.704568944355908194e-02 -2.426704482401214946e+00 4.780379105967046960e-01 6.467286007199689324e-02 8.759191232488152679e-01 3.617748163871991096e+01
8.747234046151814990e-01 -7.983217878499363613e-05 -4.844718661630645906e-01 -1.321624054035796902e+01 -3.193467781168891906e-02 9.978170799308141437e-01 -5.782777690178195207e-02 -2.489393586813249737e+00 4.834186055022277606e-01 6.606213583466699624e-02 8.728114260451302897e-01 3.703964519154621371e+01
8.749072055378571688e-01 -2.502382512784974791e-04 -4.842454065897696114e-01 -1.371451475607444159e+01 -3.181851820415112359e-02 9.978094060873887727e-01 -5.800055289730123020e-02 -2.551764917448128056e+00 4.831985784668093031e-01 6.615895765575970089e-02 8.729830324634995087e-01 3.792792548614816894e+01
8.745151205798222804e-01 -1.822447897649718054e-03 -4.848580400410282820e-01 -1.422469755985688344e+01 -2.919531828598153841e-02 9.979817521783780343e-01 -5.639708976149423320e-02 -2.616086051969073623e+00 4.839823056442069116e-01 6.347770870151787925e-02 8.726969663149809486e-01 3.883083081973212813e+01
8.752568044545498971e-01 -2.109915511659900180e-03 -4.835893371974063215e-01 -1.473697762231847008e+01 -2.842613180978589837e-02 9.980375362354172442e-01 -5.579070188623696386e-02 -2.685661309545739339e+00 4.827582837277339944e-01 6.257610605980733209e-02 8.734790214697620847e-01 3.972209160888345991e+01
8.742397864576580968e-01 -4.502230074286085390e-03 -4.855947727319172569e-01 -1.525873284963729049e+01 -2.615115153416689917e-02 9.980686317499201099e-01 -5.636782900078297215e-02 -2.752379392169411076e+00 4.849108117096533888e-01 6.197781435226671493e-02 8.724334984489161560e-01 4.064928603369401117e+01
8.726600573687735007e-01 -7.032940299795969845e-03 -4.883109640233665449e-01 -1.579748184256318666e+01 -2.392342188503287018e-02 9.980800262216146246e-01 -5.713861488496241314e-02 -2.820998807254410323e+00 4.877757449835601888e-01 6.154149889233654497e-02 8.708162032214410431e-01 4.157882531697601536e+01
8.713177637688906962e-01 -8.956690138410593541e-03 -4.906204621625055995e-01 -1.632156330619131879e+01 -2.150125469185408533e-02 9.981765230648871334e-01 -5.641756977272444074e-02 -2.895419395093438375e+00 4.902317090980649050e-01 5.970312870063514132e-02 8.695359551324700620e-01 4.250286508730503954e+01
8.699658026472606442e-01 -8.443305319743181492e-03 -4.931477000179917414e-01 -1.686391997684926380e+01 -2.035019422684003834e-02 9.983869078291071064e-01 -5.300094141950852794e-02 -2.962205441467851141e+00 4.927997794862987169e-01 5.614377530740757849e-02 8.683905608744931781e-01 4.342805437523739442e+01
8.663527210452719451e-01 -7.409854875002035678e-03 -4.992883299124505903e-01 -1.741211334679524825e+01 -1.915642179962614641e-02 9.986611472286965885e-01 -4.805661053629391860e-02 -3.028978683340795452e+00 4.989756800257499902e-01 5.120274269790014293e-02 8.650508814437440908e-01 4.436034950220500406e+01
8.629380220063630480e-01 -7.911075561930535141e-03 -5.053276341100756408e-01 -1.795068217973863511e+01 -1.758226749299842892e-02 9.988019515659838365e-01 -4.567163616554161670e-02 -3.090435460290026803e+00 5.050835559388796581e-01 4.829657102774671806e-02 8.617649273599655713e-01 4.528798670700051332e+01
8.569878594158818474e-01 -1.093194631700199898e-02 -5.153364153465510578e-01 -1.851281085264871962e+01 -1.644615888100698156e-02 9.986855402515273372e-01 -4.853676189607234598e-02 -3.163564130764054294e+00 5.151899969815176838e-01 5.006741437905169734e-02 8.556815712645978733e-01 4.620615753658761804e+01
8.527647987399650242e-01 -1.433251911835088828e-02 -5.221039615396144695e-01 -1.908161842129870323e+01 -1.496692569893556118e-02 9.985422527138105853e-01 -5.185160760072774627e-02 -3.229179246163602190e+00 5.220863210438939639e-01 5.202814960096947827e-02 8.513072559497891767e-01 4.711980597934139325e+01
8.453873471781251370e-01 -1.538477315211242077e-02 -5.339064362647701900e-01 -1.967564635585797816e+01 -1.445978069313185246e-02 9.985596524241746597e-01 -5.167712715379157301e-02 -3.295500662850824547e+00 5.339320747996467720e-01 5.141149977103444402e-02 8.439472255182449700e-01 4.803138105561982485e+01
8.388344343298652639e-01 -1.237958220347788740e-02 -5.442277697458072216e-01 -2.027346478392329132e+01 -1.518052222222904778e-02 9.988205614907766927e-01 -4.611130452846062128e-02 -3.356232594534195979e+00 5.441565756740812665e-01 4.694361163504173762e-02 8.376572252296208276e-01 4.893107597590058333e+01
8.352345891979622294e-01 -8.886212869830569655e-03 -5.498593036918956178e-01 -2.088384195144945821e+01 -1.671951913067016779e-02 9.989967041663322389e-01 -4.153618733303174326e-02 -3.420092585376203420e+00 5.496769761455004843e-01 4.388194105388300986e-02 8.342481492321413006e-01 4.982737476140795962e+01
8.299948155573338981e-01 -7.351238834638168865e-03 -5.578122984380605720e-01 -2.149097197887239474e+01 -2.000527877383014366e-02 9.988773540640656368e-01 -4.294716801512769161e-02 -3.484152765589791478e+00 5.575017746094863558e-01 4.680570398485076750e-02 8.289160474463193040e-01 5.071861815055885359e+01
8.271236348563365537e-01 -9.282986250227883568e-03 -5.619655571991535314e-01 -2.211181790259410462e+01 -2.053153140387659059e-02 9.986970569009278043e-01 -4.672649192887104452e-02 -3.548897096091382597e+00 5.616672506216789929e-01 5.018468210244219491e-02 8.258553074073171629e-01 5.159498395503080559e+01
8.247759977899516981e-01 -1.053770378074557479e-02 -5.652761974200188888e-01 -2.272805914713174147e+01 -2.434662396686719521e-02 9.982373548358890458e-01 -5.412350976381545553e-02 -3.611128251691307689e+00 5.648503967906728374e-01 5.839973720390681522e-02 8.230657107896868219e-01 5.248940128077685330e+01
8.211378176685137920e-01 -1.224201490425683506e-02 -5.705685006190411857e-01 -2.335052341952347632e+01 -2.434103615559143896e-02 9.981088965585636075e-01 -5.642269537724367567e-02 -3.679620035135434453e+00 5.701802587451707538e-01 6.021862198246972359e-02 8.192872952295574551e-01 5.336319130906641561e+01
8.188151065222731839e-01 -1.164249822464351845e-02 -5.739489770516549294e-01 -2.398811269034630200e+01 -2.266017904901616170e-02 9.983594710087124735e-01 -5.256792778939355093e-02 -3.755510537539767046e+00 5.736194354007917440e-01 5.605066232837140061e-02 8.172080876263329019e-01 5.423310308175666705e+01
8.147057007548625940e-01 -9.125763536274452206e-03 -5.797745021265318099e-01 -2.461729284700381015e+01 -2.215961202723607318e-02 9.986557832198137419e-01 -4.686177132654634897e-02 -3.819137780091010459e+00 5.794229203789504901e-01 5.102742436888637462e-02 8.134084163472843354e-01 5.512103627712917131e+01
8.109831244818945795e-01 -7.539996149253271399e-03 -5.849380686548906194e-01 -2.525310069716651995e+01 -2.245258514792117244e-02 9.987793033901145590e-01 -4.399816001679712762e-02 -3.884438744275239941e+00 5.845557560813682274e-01 4.881644335418663244e-02 8.098238014523319039e-01 5.597626751665113431e+01
8.099256192774512142e-01 -6.871618534794085228e-03 -5.864450139653681893e-01 -2.590769263328417082e+01 -2.362922860802701627e-02 9.987372631833955072e-01 -4.433903151454385294e-02 -3.951685174324574668e+00 5.860092634775679876e-01 4.976987672193922130e-02 8.087405055625300765e-01 5.685789734588174582e+01
8.055342807677939865e-01 -9.240423609207645481e-03 -5.924780202913378924e-01 -2.655698016281798246e+01 -2.281090947555374990e-02 9.986535173006084731e-01 -4.658713005227072684e-02 -4.011211795057366913e+00 5.921107132405813989e-01 5.104436434805890987e-02 8.042390112425107374e-01 5.772214073650172850e+01
8.018579357330718471e-01 -1.009324608943969019e-02 -5.973520694892040517e-01 -2.721644390772222621e+01 -2.350707777653985101e-02 9.985503735655593127e-01 -4.843375083678728987e-02 -4.078204840429528133e+00 5.969751446918999394e-01 5.288072550257334054e-02 8.004581276596820505e-01 5.858463790374263880e+01
7.981539843893059594e-01 -1.151516398090753762e-02 -6.023461945513894911e-01 -2.788758374554819142e+01 -2.248302692032784836e-02 9.985513714397092899e-01 -4.888776385130538804e-02 -4.144022688874048121e+00 6.020363081830150120e-01 5.256871036262935476e-02 7.967389319479319942e-01 5.944844681745543369e+01
7.928522455039079819e-01 -1.327693312764129281e-02 -6.092817905299307002e-01 -2.856688872738312313e+01 -2.105164897093757259e-02 9.985691841731240137e-01 -4.914693731207867705e-02 -4.211268866716446624e+00 6.090626709792993365e-01 5.179258288200994792e-02 7.914383844899909315e-01 6.032583978693388360e+01
7.892298374282151752e-01 -1.292636979596412973e-02 -6.139620654249688947e-01 -2.924816355061226147e+01 -2.101796872983154041e-02 9.986240762978485508e-01 -4.803492786390838737e-02 -4.276580816604569790e+00 6.137382488212443921e-01 5.081629782722687366e-02 7.878722973449511224e-01 6.118621183511730521e+01
7.833256564363126895e-01 -1.396556066285090623e-02 -6.214412129892107339e-01 -2.993962800474471209e+01 -2.120565554727480567e-02 9.985653002665335620e-01 -4.915692745101938460e-02 -4.338376740207554150e+00 6.212362803191816552e-01 5.168216799458256322e-02 7.819058019488873690e-01 6.205741639783477837e+01
7.781518526772843725e-01 -1.525357066116525377e-02 -6.280845302393308627e-01 -3.065438420008978326e+01 -2.093228864612598633e-02 9.985198037974269969e-01 -5.018192028934234661e-02 -4.405158371104271886e+00 6.279211889218337950e-01 5.218737742291244125e-02 7.766806994823201027e-01 6.290410315736854585e+01
7.730802676271262275e-01 -1.705985348642728369e-02 -6.340963073405866401e-01 -3.134790345440115189e+01 -1.951457980612225987e-02 9.985253881335907078e-01 -5.066473314182529802e-02 -4.479226154953250827e+00 6.340251388558203471e-01 5.154838555112503662e-02 7.716073540735728375e-01 6.374805893288264258e+01
7.669534109985011172e-01 -1.855691428525041431e-02 -6.415197508842420682e-01 -3.207231919379795926e+01 -1.919635123606807867e-02 9.984709726843487010e-01 -5.183204084095418412e-02 -4.543656116324489957e+00 6.415012479156921854e-01 5.206256432866711303e-02 7.654244770578118029e-01 6.459369593273281396e+01
7.615694466164265597e-01 -2.188729021923941850e-02 -6.476453753133688540e-01 -3.280820030659779718e+01 -1.772686347906519966e-02 9.983520587227986409e-01 -5.457833032671794565e-02 -4.614623091844678449e+00 6.477724373017393900e-01 5.305109166371731882e-02 7.599264241384666718e-01 6.543977402913041885e+01
7.542792397079826072e-01 -2.193043742235873186e-02 -6.560860714082911160e-01 -3.354124203919849379e+01 -1.745500378398781235e-02 9.984189161530331313e-01 -5.343323952622085204e-02 -4.693338171917779356e+00 6.562206728968500435e-01 5.175554065166562689e-02 7.527039323042676866e-01 6.626553488074193865e+01
7.480830981214696696e-01 -2.294547997776318418e-02 -6.632028564610100707e-01 -3.429631359383895273e+01 -1.580834433875803399e-02 9.985022556224041335e-01 -5.236712236553228011e-02 -4.761854638532589945e+00 6.634114073178876136e-01 4.965924290374266331e-02 7.465999280096664581e-01 6.710627790319701091e+01
7.423381707914484817e-01 -2.376849824253161880e-02 -6.697090249633322889e-01 -3.505629651521736179e+01 -1.480688371330713370e-02 9.985445398663994609e-01 -5.185613723402350550e-02 -4.835995436947222892e+00 6.699674904433461364e-01 4.840330708791220488e-02 7.409058053867688676e-01 6.792544269242745258e+01
7.356169890562794800e-01 -2.605157096283957155e-02 -6.768827222914088892e-01 -3.582872277758031032e+01 -1.375296079993455593e-02 9.984799382035886017e-01 -5.336835081054131652e-02 -4.910806129173846735e+00 6.772440021737928806e-01 4.857125258159781384e-02 7.341403535857743412e-01 6.875727492375604299e+01
7.290007627112702338e-01 -2.754876698133164672e-02 -6.839884828267904782e-01 -3.661918251185622353e+01 -1.370589663354146621e-02 9.984020831738551482e-01 -5.482770139998786180e-02 -4.992154006506192232e+00 6.844057213232598302e-01 4.934704329081439356e-02 7.274580201846688743e-01 6.958617311232123370e+01
7.243233874161584263e-01 -2.698041750769042749e-02 -6.888036604055518541e-01 -3.740993227082597627e+01 -1.497750028175307523e-02 9.983824462742499906e-01 -5.486574645713892390e-02 -5.063440675156723358e+00 6.891693419650352093e-01 5.006158132772689506e-02 7.227476908991304905e-01 7.038818534845701436e+01
7.175749804826652145e-01 -2.817390346481285154e-02 -6.957757946019003104e-01 -3.821944563143618723e+01 -1.393879933914584333e-02 9.984003896294308955e-01 -5.479567915548091278e-02 -5.139566801007601882e+00 6.962065998156152791e-01 4.901782401319049881e-02 7.160342672437085554e-01 7.121253935569622229e+01
7.148279842114251270e-01 -2.765285723405017104e-02 -6.988282167961979985e-01 -3.904129287838217266e+01 -1.465389929155171654e-02 9.984061650086700768e-01 -5.449215094881904031e-02 -5.218341425970632663e+00 6.992213640702691357e-01 4.919372865262273964e-02 7.132830989335915417e-01 7.202261840899805634e+01
7.090836223524179527e-01 -2.865363195042150424e-02 -7.045631901910579531e-01 -3.986651074674704631e+01 -1.515855360109629076e-02 9.983235934622033403e-01 -5.586672777329514117e-02 -5.298359101288538930e+00 7.049833829621661163e-01 5.028895024383964879e-02 7.074605429362943454e-01 7.284492736781844258e+01
7.034466210764466210e-01 -3.093062878004220612e-02 -7.099353945219848416e-01 -4.069397208772716112e+01 -1.564007793222680145e-02 9.981372706192941369e-01 -5.896269011086593959e-02 -5.376401156901386535e+00 7.104362623378649433e-01 5.258544502630429357e-02 7.016523186504812770e-01 7.365220307397433430e+01
6.992735417354608574e-01 -3.306000948627597913e-02 -7.140992710358678996e-01 -4.152552685053345982e+01 -1.521991631184880893e-02 9.980150294131012734e-01 -6.110558850092419336e-02 -5.456565312145016833e+00 7.147021430195593661e-01 5.359650042390044777e-02 6.973822729295021672e-01 7.444790510310950538e+01
6.948913836758285889e-01 -3.418295681524091689e-02 -7.183087424034758639e-01 -4.237774747646200524e+01 -1.562554571439724732e-02 9.979162439353995717e-01 -6.259851419369283354e-02 -5.547473710833588534e+00 7.189507811772580803e-01 5.473367802575498237e-02 6.929089894961633078e-01 7.524612449881507814e+01
6.891628150475801462e-01 -3.432896155660856985e-02 -7.238577864543424001e-01 -4.323578370307927798e+01 -1.483844031303971182e-02 9.979990956409393599e-01 -6.146005941344903634e-02 -5.628334242521703779e+00 7.245192252450360915e-01 5.309826304789354301e-02 6.872744081858398468e-01 7.605137664580664136e+01
6.847284683742466127e-01 -3.418960023111032587e-02 -7.279142650838916762e-01 -4.412018018863351898e+01 -1.485532545877997664e-02 9.980368491064404157e-01 -6.083683199000312208e-02 -5.711521296388390567e+00 7.285648180484050052e-01 5.247579246193478930e-02 6.828761572431290006e-01 7.686388098910263977e+01
6.798472477031666239e-01 -3.606196974232606794e-02 -7.323889425701276545e-01 -4.498953666350401193e+01 -1.348807088613595759e-02 9.980064637754234580e-01 -6.167330150703020236e-02 -5.807241018780195496e+00 7.331523412670981621e-01 5.181202497582258759e-02 6.780054489446888377e-01 7.765127458113533976e+01
6.743583324273868529e-01 -3.643575596642387865e-02 -7.375944567254805184e-01 -4.586474688792066701e+01 -1.280173822084891555e-02 9.980548521479946089e-01 -6.102586722128779118e-02 -5.885901995880501225e+00 7.383833229286793642e-01 5.059458511104104189e-02 6.725802279192780730e-01 7.843317092367935572e+01
6.692148667954369579e-01 -3.711880880249891768e-02 -7.421202163846143396e-01 -4.677819506019227447e+01 -1.231258268230168464e-02 9.980606572544834520e-01 -6.101753699787750701e-02 -5.974958060894756784e+00 7.429451195037398703e-01 4.998011864642835922e-02 6.674597502649600722e-01 7.923216293635219643e+01
6.656041542192405736e-01 -3.900133839184419249e-02 -7.452332777046204448e-01 -4.767087982439748117e+01 -1.108947619016659343e-02 9.980064494696725408e-01 -6.213285580764145444e-02 -6.053376043049068400e+00 7.461704528034076578e-01 4.962436752690667363e-02 6.638446189177458212e-01 8.002103712455902951e+01
6.637373377555628728e-01 -4.180784967456716017e-02 -7.466394386209015410e-01 -4.857343771955987677e+01 -7.248003055600348368e-03 9.980300992191647458e-01 -6.232790123950816136e-02 -6.148568366812294350e+00 7.477741393122074864e-01 4.677980329648855767e-02 6.621270041530497030e-01 8.080582994697596178e+01
6.582177278295546774e-01 -4.628164150180654607e-02 -7.514527598933673502e-01 -4.949020172008915353e+01 -5.439455409174361218e-03 9.977898543543880505e-01 -6.621705948681644305e-02 -6.234323160459656954e+00 7.528577720137921148e-01 4.766320548900034038e-02 6.565116105116751699e-01 8.163091715207958998e+01
6.542094120488363140e-01 -5.126969147153643408e-02 -7.546297299781505874e-01 -5.039419289875743857e+01 -2.207453891017192437e-04 9.976870864012118423e-01 -6.796923724246514698e-02 -6.324599831002138295e+00 7.563686838460568218e-01 4.464055944736711190e-02 6.526843688404490029e-01 8.240551372442101297e+01
6.483692559009165413e-01 -5.491996738184427851e-02 -7.593519680694665874e-01 -5.133848181694829549e+01 4.619936683600285587e-03 9.976597082199855082e-01 -6.820501676302556660e-02 -6.417044819423691315e+00 7.613223232309018762e-01 4.069949198423807035e-02 6.471064404658900537e-01 8.320891534213293994e+01
6.383280377539403139e-01 -5.845211105260495615e-02 -7.674449413716967205e-01 -5.226041283703177953e+01 9.352704574247092464e-03 9.976283437380076835e-01 -6.818651455075822043e-02 -6.510220985319159936e+00 7.696103787983972211e-01 3.634845324224321439e-02 6.373604191023821697e-01 8.397579201451382858e+01
6.298968746001909480e-01 -6.003173939041463181e-02 -7.743626300704686827e-01 -5.321338674346047526e+01 1.277628841415502647e-02 9.976743680371263912e-01 -6.695285325973514279e-02 -6.613029626489424828e+00 7.765810835822503089e-01 3.228023742094071613e-02 6.291989509394958491e-01 8.474894813930555415e+01
6.210365081450255342e-01 -5.961642603732075774e-02 -7.814663013841832706e-01 -5.419127878811628563e+01 1.460589347979321731e-02 9.978103984481262456e-01 -6.450446217272141902e-02 -6.700012902511462975e+00 7.836004747434356377e-01 2.864856847336416656e-02 6.205469833108705480e-01 8.550933060714541512e+01
6.123267916813474043e-01 -5.956403031326062969e-02 -7.882864169067247406e-01 -5.517673926037944909e+01 1.385362588655354894e-02 9.978128879286644048e-01 -6.464091538872075715e-02 -6.799214014011504936e+00 7.904122599108888148e-01 2.865907528503284715e-02 6.118131759769940281e-01 8.625741289402586176e+01
6.026572180735483286e-01 -6.000786429558570279e-02 -7.956611398365259769e-01 -5.616895766919730448e+01 1.171575129471177229e-02 9.977265600645960353e-01 -6.635576430208220411e-02 -6.892168294321893818e+00 7.978343680031019236e-01 3.066581045258020763e-02 6.019899649191067237e-01 8.700213867205164320e+01
5.922571305860733215e-01 -6.327742000691247148e-02 -8.031959234856350660e-01 -5.716366294944805304e+01 1.355998688409969406e-02 9.975536104003960292e-01 -6.856582391212592831e-02 -6.993295028257575652e+00 8.055698436271927498e-01 2.971908185147869447e-02 5.916653155893059068e-01 8.772469664173662807e+01
5.820747436895518101e-01 -6.437066423079841615e-02 -8.106199756247417509e-01 -5.818229554226719813e+01 1.304917956913839196e-02 9.974728123196507923e-01 -6.983872026385173903e-02 -7.087121049686953889e+00 8.130670079898488778e-01 3.007434523443949445e-02 5.814436358548114026e-01 8.845324340579819022e+01
5.716507785191293767e-01 -6.616879380894127860e-02 -8.178638548724938007e-01 -5.921244024350033897e+01 1.691757418435330465e-02 9.974817111411570236e-01 -6.885942095836242172e-02 -7.188656001758701564e+00 8.203616451205409943e-01 2.552473802327424879e-02 5.713302664966352085e-01 8.916820516997005086e+01
5.621200538092004928e-01 -6.639526316488190971e-02 -8.243719945703817942e-01 -6.024898395167951293e+01 1.766299950870378263e-02 9.975098591063473741e-01 -6.828454153792525017e-02 -7.283984888922803158e+00 8.268518198809452491e-01 2.383814891169500766e-02 5.618913215967814567e-01 8.987215216429726183e+01
5.513191930523182460e-01 -6.751869869112742117e-02 -8.314618282750045886e-01 -6.130458774689465429e+01 1.845578468125450705e-02 9.974634470595794555e-01 -6.875100631822400610e-02 -7.383534291137967109e+00 8.339938959676297392e-01 2.256526486530311196e-02 5.511660045261641550e-01 9.055537887276680920e+01
5.406299845684232608e-01 -6.913272084607989532e-02 -8.384315365292317468e-01 -6.237487808692887370e+01 1.768201027373782555e-02 9.973320700591067345e-01 -7.082933514148571919e-02 -7.488295726620012083e+00 8.410905124513318176e-01 2.347892000419070369e-02 5.404088145321689352e-01 9.124138326508806074e+01
5.310728219696118080e-01 -6.944726554326460799e-02 -8.444982971964006824e-01 -6.345742659614773373e+01 1.553240300762302392e-02 9.972664296385020943e-01 -7.223528549567631574e-02 -7.589883518209239455e+00 8.472064262526093348e-01 2.524924058011266195e-02 5.306989702279764076e-01 9.192144343791828476e+01
5.220890434718212791e-01 -7.065539035441359417e-02 -8.500807422817697745e-01 -6.452323288656563705e+01 1.420251997764101180e-02 9.971449301007666577e-01 -7.414380691189544070e-02 -7.694354203065786990e+00 8.528941284508428922e-01 2.663132297645106131e-02 5.216015857955457191e-01 9.256677805364050471e+01
