1.0 0.0 0.0 0.0 0.0 1.0 0.0 0.0 0.0 0.0 1.0 0.0
0.9999346 0.011345597 0.0014330635 0.2977295 -0.011341345 0.99993134 -0.0029423547 -0.010253906 -0.0014663439 0.0029259094 0.99999464 0.0087890625
0.9998529 0.017062796 0.0017409315 0.58410645 -0.017054295 0.9998431 -0.0047887866 -0.030761719 -0.0018223419 0.0047583957 0.999987 0.01171875
0.9997839 0.020778125 0.0005431935 0.89404297 -0.020773897 0.9997604 -0.0068892436 -0.03942871 -0.0006862125 0.0068764696 0.99997616 0.01586914
0.99980515 0.019704064 -0.0010824068 1.1986084 -0.01971274 0.9997678 -0.008696141 -0.037719727 0.00091079064 0.008715788 0.9999616 0.027832031
0.99990976 0.013237206 -0.0022794371 1.5075684 -0.013260663 0.9998558 -0.01060503 -0.05029297 0.0021386966 0.010634299 0.9999412 0.010864258
0.9999938 0.00021701366 -0.0035151904 1.8272705 -0.00025681854 0.9999358 -0.011326858 -0.060546875 0.0035125068 0.01132769 0.99992967 0.021972656
0.99984217 -0.017294621 -0.0040645706 2.1484375 0.017249258 0.9997913 -0.010945923 -0.03894043 0.004253019 0.010874101 0.9999318 0.03100586
0.9993619 -0.03545643 -0.0043356693 2.4991455 0.035425995 0.99934846 -0.00690653 -0.010620117 0.0045777066 0.0067485296 0.99996674 0.029663086
0.9984301 -0.05566068 -0.0063133473 2.8382568 0.055633157 0.99844164 -0.004453429 0.020751953 0.006551382 0.004095209 0.99997014 0.030639648
0.99720556 -0.07445369 -0.006189405 3.2071533 0.074436195 0.9972215 -0.0030106974 0.06958008 0.0063963514 0.0025416752 0.99997634 0.040649414
0.99531096 -0.09654293 -0.005863357 3.583374 0.09651594 0.9953196 -0.004725324 0.107543945 0.00629214 0.004137268 0.9999716 0.037597656
0.99329334 -0.11551806 -0.004306123 3.9725342 0.11549133 0.99328756 -0.0060140784 0.15014648 0.004972046 0.0054763965 0.99997264 0.044189453
0.99098176 -0.13393325 -0.0043807914 4.3674316 0.13390893 0.9909798 -0.005441281 0.21887207 0.005069936 0.00480564 0.9999756 0.050048828
0.9887663 -0.14942448 -0.0035134864 4.783325 0.14940627 0.9887628 -0.0049739447 0.29577637 0.0042171245 0.0043932004 0.99998146 0.052246094
0.9868816 -0.16137233 -0.0038628932 5.194092 0.16136187 0.9868867 -0.0028840187 0.3843994 0.0042778323 0.0022227722 0.9999884 0.061279297
0.98460335 -0.17474775 -0.004299539 5.6394043 0.17472185 0.98460025 -0.005799951 0.46142578 0.005247061 0.0049591586 0.99997395 0.059814453
0.98281133 -0.18450776 -0.005566968 6.081543 0.18445636 0.9827987 -0.008652271 0.55114746 0.0070676585 0.0074763885 0.9999471 0.07495117
0.9813761 -0.19191153 -0.007842539 6.5407715 0.19185793 0.98139226 -0.0071005216 0.6402588 0.00905944 0.0054632765 0.99994403 0.07922363
0.9799936 -0.19876847 -0.009669188 7.019409 0.19871092 0.9800307 -0.006596597 0.75720215 0.010787501 0.0045428653 0.9999315 0.07678223
0.978664 -0.20505992 -0.011986638 7.4870605 0.20497058 0.9787212 -0.00827049 0.8548584 0.013427898 0.005635717 0.9998939 0.08691406
0.97669005 -0.21416162 -0.01381177 8.005981 0.21400428 0.9767482 -0.01202586 0.96325684 0.016066391 0.008788536 0.9998322 0.09301758
0.9748683 -0.22238597 -0.013105676 8.519165 0.2221459 0.97485244 -0.017591571 1.0731201 0.016687913 0.014238021 0.9997594 0.10656738
0.9731894 -0.22948799 -0.015509604 9.039673 0.22919269 0.9732024 -0.018716015 1.1759033 0.01939038 0.014659076 0.99970436 0.12512207
0.97074157 -0.23922198 -0.02093529 9.572876 0.23893979 0.9709192 -0.015108459 1.3425293 0.02394142 0.00966398 0.9996665 0.123535156
0.96887785 -0.24633527 -0.02428169 10.099731 0.24609698 0.9691631 -0.01240422 1.4995117 0.026588753 0.0060425056 0.9996282 0.13720703
0.96643615 -0.25555646 -0.026360096 10.666504 0.25523886 0.96676546 -0.014837696 1.6469727 0.029276267 0.0076121194 0.99954236 0.15368652
0.96405256 -0.264292 -0.027653448 11.231079 0.2638853 0.9644011 -0.017516203 1.8009033 0.0312977 0.009591347 0.9994642 0.17700195
0.96211815 -0.27093294 -0.030532438 11.807739 0.27050912 0.9625653 -0.017331922 1.980835 0.034084596 0.008419737 0.99938387 0.19506836
0.95929605 -0.28027225 -0.034686998 12.405151 0.27986237 0.959905 -0.016253302 2.1567383 0.037851766 0.0058825174 0.99926573 0.21081543
0.9570325 -0.287292 -0.03959062 12.980225 0.28680363 0.95783544 -0.01762765 2.3476562 0.04298536 0.005514159 0.9990601 0.23999023
0.95474136 -0.29357445 -0.047327567 13.602905 0.29301563 0.9559058 -0.018500479 2.5388184 0.050673768 0.0037934417 0.9987083 0.27197266
0.9529495 -0.2979839 -0.055532984 14.227295 0.29737863 0.9545642 -0.019054208 2.7403564 0.058688782 0.0016456186 0.9982756 0.2989502
0.9515009 -0.30085638 -0.0644381 14.864014 0.30018795 0.9536821 -0.020043869 2.9525146 0.067481846 -0.0002772091 0.9977186 0.33483887
0.9492427 -0.30558535 -0.07478064 15.508545 0.30503055 0.95217127 -0.01901025 3.1763916 0.07701224 -0.0047589866 0.9970191 0.37194824
0.9477379 -0.3084587 -0.08161065 16.16455 0.30787817 0.9512252 -0.019915871 3.3892822 0.08377376 -0.00625103 0.9964647 0.42578125
0.94552207 -0.31325695 -0.089003295 16.828491 0.31299454 0.949631 -0.01724746 3.6148682 0.08992162 -0.011537967 0.9958828 0.47888184
0.94315904 -0.31827307 -0.095743224 17.506958 0.31826591 0.94787675 -0.015750635 3.857788 0.095767 -0.015611983 0.99528223 0.54296875
0.94118625 -0.32195848 -0.102406934 18.194214 0.32230905 0.9465225 -0.013562594 4.1088867 0.10129794 -0.020239016 0.99465245 0.611084
0.9386145 -0.32757092 -0.107874066 18.903198 0.32841375 0.94444275 -0.010375123 4.3793945 0.105279505 -0.025697023 0.9941113 0.680542
0.9371414 -0.3308512 -0.11087402 19.604004 0.33178094 0.9432932 -0.010501392 4.635132 0.108060226 -0.026947614 0.99377847 0.7532959
0.93486285 -0.33744556 -0.1101902 20.336548 0.33844867 0.9409204 -0.010040581 4.9085693 0.1070692 -0.027909692 0.99386007 0.8364258
0.9330326 -0.3430087 -0.10864578 21.061646 0.34394473 0.938937 -0.010599532 5.184326 0.105645955 -0.027483149 0.99402183 0.92211914
0.9307493 -0.3495774 -0.10726838 21.814209 0.35061777 0.9364721 -0.0096194595 5.4748535 0.10381732 -0.028656177 0.9941836 1.0019531
0.92855334 -0.3561707 -0.10423353 22.537476 0.35709813 0.9339764 -0.010275867 5.758911 0.10101026 -0.027693857 0.9944984 1.0898438
0.924366 -0.36824167 -0.09959757 23.314331 0.3692616 0.92927134 -0.008668436 6.0648193 0.095746815 -0.028769312 0.99498975 1.1676025
0.922209 -0.37477523 -0.09518997 24.06836 0.37597805 0.92660296 -0.005644172 6.3898926 0.09032142 -0.0305816 0.99544424 1.2495117
0.91880226 -0.38367447 -0.09271425 24.846558 0.38509023 0.92287344 -0.0028096933 6.724365 0.08664532 -0.03311902 0.9956897 1.3234863
0.9161117 -0.3901827 -0.0921784 25.604614 0.39166805 0.9201048 -0.002136588 7.0599365 0.08564841 -0.03414863 0.99573964 1.401001
0.9121472 -0.39942464 -0.09206374 26.385376 0.4010144 0.91608626 -0.0013464945 7.401245 0.0848725 -0.035686884 0.9957521 1.4796143
0.9081269 -0.4087318 -0.090663515 27.163452 0.4102935 0.9119407 -0.0015547569 7.7631836 0.08331247 -0.035795543 0.9958788 1.5488281
0.904298 -0.4172768 -0.090244174 27.95813 0.4188831 0.90804917 -0.0012579649 8.12915 0.08246788 -0.03665926 0.9959193 1.6174316
0.90077734 -0.42529002 -0.088093966 28.749878 0.42679238 0.9043661 -0.0019677035 8.511108 0.08050269 -0.035825375 0.99610937 1.6911621
0.8984837 -0.43089408 -0.08421018 29.545776 0.432332 0.90173376 -0.0012854813 8.902466 0.07648797 -0.03525394 0.996446 1.7640381
0.8946641 -0.43963975 -0.0789981 30.368408 0.44104484 0.8974565 0.00036908966 9.305908 0.0707337 -0.0351804 0.996874 1.8283691
0.8917446 -0.44633856 -0.074982606 31.161743 0.44765782 0.89423126 0.00089154765 9.730103 0.06665553 -0.03435405 0.99718493 1.9020996
0.8874648 -0.45498577 -0.07311335 32.03235 0.45627937 0.88980854 0.0011107628 10.156372 0.06454943 -0.034350168 0.99732286 1.9603271
0.8846388 -0.460728 -0.07129273 32.85315 0.4619176 0.88688815 0.00021770096 10.596436 0.063126475 -0.033129197 0.9974553 2.02063
0.8828394 -0.46444857 -0.06936786 33.68457 0.46554753 0.8849806 -0.0003514199 11.052002 0.06155666 -0.031975955 0.99759316 2.0819092
0.87891465 -0.47211805 -0.0674711 34.539185 0.4730357 0.8810047 -0.0026780318 11.514282 0.06070399 -0.029568914 0.9977174 2.1464844
0.87640107 -0.47664833 -0.06851031 35.385376 0.4776156 0.87854433 -0.0025439095 11.98584 0.061403163 -0.030484987 0.99764866 2.208496
0.87587625 -0.47769275 -0.06773147 36.25 0.4785176 0.87803084 -0.004529964 12.472778 0.06163495 -0.028451953 0.9976927 2.2729492
0.8727649 -0.48307148 -0.06914358 37.11438 0.48397815 0.8749871 -0.004086668 12.966553 0.06247792 -0.029897595 0.9975999 2.3337402
0.87293696 -0.4828499 -0.0692401 38.003906 0.48374924 0.87517136 -0.0042538736 13.462769 0.06264791 -0.029781636 0.9975913 2.394287
0.8726576 -0.48363835 -0.06656511 38.908447 0.48436427 0.8747712 -0.005839552 13.970459 0.06105715 -0.02715499 0.99776506 2.4573975
0.87344146 -0.4824167 -0.0656589 39.800903 0.4830986 0.875509 -0.006114957 14.480957 0.060437262 -0.02638712 0.9978229 2.5255127
0.8724033 -0.48455915 -0.06507535 40.72986 0.48508373 0.8744933 -0.008529695 14.999634 0.06104155 -0.02410768 0.9978453 2.59021
0.87079364 -0.487413 -0.0646562 41.661377 0.4877771 0.8729164 -0.011091489 15.535034 0.061848693 -0.02187559 0.99784625 2.6568604
0.8695204 -0.48986807 -0.06283224 42.587402 0.49007958 0.87157047 -0.013045135 16.055908 0.061159544 -0.019447776 0.99793935 2.7297363
0.86837596 -0.49245763 -0.05928389 43.51465 0.492637 0.8702053 -0.012567431 16.595215 0.057774324 -0.018286426 0.99816203 2.7960205
0.86503637 -0.4986659 -0.054367352 44.44983 0.49882305 0.8665746 -0.011614422 17.13916 0.052905295 -0.017074905 0.9984538 2.862793
0.8617538 -0.504787 -0.051489122 45.380127 0.5048775 0.8631516 -0.012188841 17.673462 0.050594114 -0.015485435 0.99859947 2.9233398
0.8556776 -0.51487136 -0.053308204 46.301636 0.51484305 0.8572172 -0.015318016 18.229736 0.053580314 -0.014335961 0.9984602 2.9940186
0.851312 -0.52174187 -0.05530327 47.218018 0.52156156 0.8530101 -0.018791385 18.793823 0.056979477 -0.012850874 0.9982922 3.057129
0.84395504 -0.53358907 -0.054736156 48.133545 0.53335756 0.8456376 -0.019980738 19.381592 0.056948718 -0.012326119 0.99830157 3.1223145
0.8376584 -0.5438545 -0.050302703 49.03711 0.54374176 0.83906657 -0.017105877 19.973999 0.051507507 -0.013025299 0.99858725 3.183838
0.8342399 -0.54940975 -0.04725588 49.93628 0.5494319 0.835451 -0.013685383 20.580566 0.04699851 -0.014550588 0.99878854 3.248291
0.82889843 -0.557232 -0.05020602 50.830566 0.55738306 0.8302254 -0.012237755 21.182983 0.0485013 -0.017829373 0.9986644 3.310913
0.82584035 -0.5613733 -0.053603385 51.70923 0.5614934 0.8273742 -0.014211588 21.80017 0.052331515 -0.018357124 0.9984614 3.3736572
0.82304573 -0.5645142 -0.06183118 52.60547 0.564737 0.8250673 -0.015487395 22.413086 0.059762925 -0.022180162 0.99796605 3.432495
0.8192705 -0.56982905 -0.063672446 53.481934 0.5699996 0.8214431 -0.017250715 23.031494 0.062128205 -0.022172425 0.99782044 3.4995117
0.8171933 -0.57329124 -0.059516035 54.354492 0.57341415 0.8191023 -0.016701711 23.665771 0.058319025 -0.020483 0.99808705 3.5761719
0.8133895 -0.5791324 -0.054508425 55.245605 0.57930076 0.8149688 -0.014267824 24.291016 0.0526876 -0.019969929 0.9984116 3.6409912
0.80980086 -0.5842851 -0.05231186 56.10376 0.5844969 0.811236 -0.01275075 24.923096 0.04988926 -0.02025539 0.99854934 3.706787
0.80871373 -0.5857385 -0.05326901 56.987305 0.5860054 0.8101826 -0.01209856 25.575073 0.050246876 -0.021431396 0.9985071 3.7734375
0.8042186 -0.59182405 -0.054568347 57.854492 0.5920046 0.80580413 -0.014538578 26.220093 0.052573465 -0.020612257 0.9984041 3.831787
0.8004379 -0.59667796 -0.056421597 58.719727 0.596858 0.8021405 -0.01544823 26.875732 0.054481767 -0.02130898 0.99828804 3.8978271
0.7967237 -0.6017349 -0.056128852 59.586426 0.6018388 0.7984401 -0.016932828 27.542969 0.055001885 -0.020282757 0.99828047 3.9632568
0.79142994 -0.6087581 -0.055378098 60.467285 0.60876024 0.79314154 -0.018783705 28.217651 0.055353887 -0.018849105 0.99828833 4.0301514
0.78786314 -0.61344135 -0.054415368 61.330566 0.6134512 0.78951627 -0.018494938 28.895264 0.054303154 -0.018812694 0.9983468 4.095703
0.7818985 -0.6209334 -0.055305243 62.205322 0.620914 0.7836224 -0.019627944 29.582031 0.055523213 -0.019000834 0.9982759 4.1569824
0.7766769 -0.6276123 -0.05583309 63.05542 0.6275402 0.77845716 -0.020999242 30.292358 0.05663565 -0.018727247 0.9982183 4.223633
0.77161086 -0.6337121 -0.05521368 63.902832 0.63353574 0.7733892 -0.022886429 30.981567 0.057202265 -0.017311698 0.99821293 4.2976074
0.76543236 -0.6411818 -0.055751108 64.7522 0.6409395 0.76727235 -0.024479397 31.701294 0.05846951 -0.01699597 0.99814415 4.3619385
0.75994563 -0.64743525 -0.056761414 65.60181 0.647021 0.761904 -0.027889742 32.43274 0.06130238 -0.015533149 0.9979983 4.432373
0.7527244 -0.6558922 -0.05548676 66.431885 0.65546966 0.75461245 -0.028049244 33.160767 0.06027303 -0.015263652 0.99806523 4.511963
0.7466272 -0.6630892 -0.053410176 67.27661 0.6625875 0.7484118 -0.029164828 33.911255 0.059307314 -0.013618987 0.9981463 4.581421
0.74093807 -0.66964895 -0.0521714 68.09961 0.6690917 0.7426659 -0.030078897 34.66687 0.058887698 -0.0126206735 0.99818456 4.656494
0.7341814 -0.67691714 -0.052358743 68.93555 0.67623776 0.73595524 -0.032461546 35.43457 0.060502835 -0.011575866 0.99810064 4.7315674
0.72750366 -0.68407214 -0.053152174 69.768555 0.6833215 0.7293512 -0.034055836 36.220337 0.062062137 -0.011537609 0.998006 4.8133545
0.7227892 -0.6888382 -0.053873625 70.573975 0.6881396 0.7246797 -0.033554874 37.007446 0.06216705 -0.012815871 0.9979846 4.885742
0.7160823 -0.69587713 -0.052845143 71.40259 0.69510376 0.7179331 -0.03484988 37.812378 0.062198576 -0.011785869 0.99799424 4.9630127
0.7133282 -0.6988951 -0.053026497 72.215576 0.6981617 0.7151878 -0.03437048 38.631104 0.061936222 -0.012503025 0.9980013 5.043213
0.7075076 -0.7046514 -0.05413277 73.04175 0.7038787 0.70945597 -0.03545184 39.45215 0.06339313 -0.013018349 0.9979042 5.1240234
0.7017046 -0.7100886 -0.056440942 73.85278 0.709211 0.7038417 -0.037803005 40.275513 0.06656764 -0.013513938 0.9976899 5.2023926
0.6974419 -0.7143434 -0.057463408 74.651855 0.71334356 0.69968283 -0.039989892 41.103394 0.0687715 -0.013102562 0.99754614 5.283325
0.692971 -0.7185854 -0.058608525 75.45361 0.71753347 0.69531333 -0.041172355 41.951904 0.07032579 -0.013517789 0.9974323 5.375366
0.68733984 -0.72416204 -0.0569812 76.26294 0.72308993 0.68958 -0.041404165 42.80591 0.069270544 -0.012739299 0.99751645 5.458252
0.6829418 -0.72821283 -0.056362316 77.0791 0.7271518 0.68514496 -0.04132827 43.686768 0.068708725 -0.012764819 0.9975547 5.543457
0.6780808 -0.73279685 -0.055707607 77.87036 0.7316071 0.68026835 -0.043269776 44.552246 0.06961495 -0.011408359 0.99751 5.640747
0.67265946 -0.7380333 -0.054497536 78.65625 0.7368147 0.6747773 -0.043724127 45.423584 0.069046155 -0.010731507 0.9975566 5.7215576
0.66754305 -0.7425969 -0.053887866 79.45923 0.7413355 0.66963583 -0.044479053 46.333252 0.06910834 -0.010254194 0.9975564 5.812744
0.6639374 -0.7458172 -0.053538512 80.251465 0.744427 0.6660309 -0.046410892 47.222656 0.070273876 -0.009040796 0.99748695 5.8928223
0.6622392 -0.7474191 -0.050700814 81.03931 0.7458129 0.66415626 -0.049246863 48.122314 0.070498385 -0.005204503 0.997499 5.9901123
0.656643 -0.7524837 -0.05159862 81.86841 0.7505655 0.658659 -0.053792283 49.034912 0.07446401 -0.003412446 0.99721724 6.076538
0.6528462 -0.75598544 -0.0485894 82.64673 0.75369525 0.65464973 -0.05883763 49.935303 0.07627508 0.0017944425 0.9970849 6.168457
0.6472952 -0.7609399 -0.044659086 83.45459 0.7583908 0.64880085 -0.062572405 50.87549 0.07659347 0.00662003 0.9970394 6.2631836
0.6375773 -0.76923287 -0.040318467 84.227295 0.7664594 0.63875103 -0.066245444 51.792236 0.07671152 0.011326005 0.9969885 6.3587646
0.62943447 -0.77621466 -0.0362562 85.00586 0.7733754 0.6303057 -0.06794565 52.74048 0.07559295 0.014728762 0.99703 6.4645996
0.6207907 -0.7832519 -0.032623406 85.77173 0.7805002 0.6214277 -0.06765565 53.713867 0.07326216 0.016535854 0.99717546 6.555298
0.6120581 -0.7900685 -0.032632086 86.52515 0.78731877 0.6127242 -0.06771754 54.694824 0.07350875 0.015757406 0.99717057 6.6574707
0.6022333 -0.79748815 -0.03463633 87.27539 0.79467624 0.6030761 -0.06828244 55.682373 0.075342044 0.0135874925 0.99706435 6.7529297
0.59192914 -0.80521953 -0.033692233 88.00391 0.80217093 0.59268856 -0.0716846 56.67212 0.077681616 0.015395636 0.99685836 6.8565674
0.5817137 -0.8127172 -0.03404422 88.73828 0.8095768 0.5825199 -0.07290646 57.686035 0.07907893 0.014849888 0.9967576 6.953369
0.5716238 -0.8200241 -0.029491194 89.45947 0.8168153 0.5720801 -0.07484389 58.711426 0.07823053 0.018683352 0.9967589 7.058838
0.5621925 -0.8265233 -0.027795993 90.16919 0.8233256 0.5625458 -0.07519261 59.743652 0.077770755 0.019394957 0.99678296 7.158081
0.5514788 -0.8336708 -0.026513567 90.85864 0.83040327 0.5517484 -0.07645081 60.794678 0.07836484 0.020146674 0.99672145 7.2614746
0.54072934 -0.8407651 -0.02741855 91.55078 0.837345 0.54107934 -0.07819306 61.86035 0.08056652 0.019330263 0.9965622 7.369629
0.5310174 -0.8468806 -0.029176228 92.23657 0.8433979 0.5315427 -0.07861991 62.93872 0.08207978 0.017141452 0.9964781 7.4749756
0.5219236 -0.85256577 -0.030548219 92.88745 0.84895664 0.52258015 -0.07993279 64.00049 0.08408881 0.015773756 0.9963318 7.58313
0.51049685 -0.8592929 -0.030001042 93.53198 0.8556812 0.5111509 -0.08014379 65.102295 0.084222466 0.0152217485 0.9963296 7.6983643
0.50264645 -0.8640919 -0.028796583 94.17261 0.86065733 0.50325984 -0.07834246 66.18652 0.08216757 0.014594975 0.99651104 7.810425
0.49552467 -0.8681863 -0.026533509 94.80298 0.86485225 0.49599138 -0.0775672 67.295654 0.08052159 0.015495627 0.9966334 7.918701
0.48529035 -0.87394315 -0.024662694 95.43286 0.87054014 0.4856251 -0.07886455 68.426025 0.08091052 0.016812945 0.99658066 8.033325
0.47860873 -0.8776704 -0.023060614 96.04443 0.87401605 0.4787773 -0.08227838 69.54541 0.08327371 0.019222507 0.9963417 8.146851
0.4729975 -0.8807154 -0.02346484 96.65161 0.8767766 0.473162 -0.085547246 70.67261 0.08644339 0.019882418 0.9960576 8.254395
0.46695995 -0.88412035 -0.022413723 97.24927 0.8799312 0.4669955 -0.08862998 71.80127 0.08882612 0.021650828 0.99581075 8.374878
0.4618921 -0.88659036 -0.020514186 97.862305 0.8820107 0.46166924 -0.09342575 72.938965 0.092300825 0.025046133 0.9954149 8.502197
0.45666283 -0.88938004 -0.019049544 98.4314 0.8848124 0.4563248 -0.09368401 74.07202 0.09201291 0.025921535 0.99541986 8.626709
0.45232993 -0.8918149 -0.015678724 99.02783 0.88749504 0.45175675 -0.09192422 75.22461 0.08904309 0.027650986 0.9956423 8.752563
0.449414 -0.8933701 -0.008974586 99.60571 0.8893728 0.4483123 -0.09052752 76.364746 0.084888846 0.03270526 0.99585366 8.880981
0.4461942 -0.89485466 -0.0071931416 100.173096 0.890912 0.4449548 -0.09056001 77.49609 0.08423088 0.034023393 0.99586725 9.004395
0.44423732 -0.8957938 -0.004973905 100.71948 0.8919434 0.44282985 -0.09032792 78.62964 0.083117016 0.035691425 0.99590045 9.121948
0.44106483 -0.897376 -0.0022286419 101.29541 0.89370525 0.4394826 -0.08930476 79.77515 0.08111779 0.03740339 0.99600285 9.241089
0.4385916 -0.89864004 0.000386497 101.82251 0.89501077 0.43678194 -0.0899757 80.879395 0.0806822 0.0398113 0.9959447 9.350098
0.4361242 -0.89995813 0.0030169599 102.375244 0.89642143 0.4341053 -0.0900981 82.01416 0.07978994 0.04201877 0.99592763 9.470581
0.432561 -0.901654 0.0054846928 102.90747 0.8980837 0.43029043 -0.09174083 83.122314 0.080340095 0.044611834 0.99576885 9.581909
0.43063745 -0.9023322 0.009341052 103.44507 0.89902455 0.42812264 -0.09061127 84.22632 0.077745974 0.047424477 0.99584496 9.691772
0.43024087 -0.902682 0.012012174 103.98071 0.8995343 0.42753893 -0.09017861 85.336426 0.07628287 0.049606945 0.99585176 9.800903
0.42663917 -0.9042085 0.013366595 104.488525 0.9010838 0.42382616 -0.09062165 86.41211 0.07628362 0.05070402 0.99579567 9.914795
0.42663983 -0.9042438 0.014302809 105.00122 0.9010559 0.4236791 -0.09208738 87.48535 0.07720645 0.052187003 0.99564934 10.018311
0.42762265 -0.90384364 0.013210416 105.5061 0.90048623 0.42466506 -0.0935595 88.56641 0.07896502 0.05191905 0.9955258 10.12915
0.42649925 -0.90426093 0.011759967 105.98755 0.9007281 0.42360058 -0.09477094 89.62427 0.08072697 0.05102165 0.9954303 10.237915
0.42902243 -0.9030593 0.009514335 106.47412 0.8994644 0.42632148 -0.094239846 90.65723 0.08107371 0.048993897 0.9955035 10.345947
0.4340437 -0.90067655 0.005455455 106.9624 0.896932 0.43167138 -0.09390727 91.71826 0.08222954 0.045658976 0.9955672 10.453735
0.43761438 -0.8989886 0.0045563253 107.4436 0.89518774 0.43528605 -0.0942294 92.72754 0.08272237 0.04534282 0.9955428 10.559692
0.4447051 -0.895661 0.0022524865 107.95288 0.8917468 0.44252118 -0.09454532 93.74805 0.08370119 0.044077463 0.99551773 10.6640625
0.45129535 -0.89245266 0.0009844908 108.44458 0.8886207 0.4492556 -0.09307724 94.752686 0.082608275 0.042876806 0.9956589 10.768311
0.45836616 -0.88865954 -0.00036348123 108.947754 0.88486123 0.4564445 -0.0921761 95.754395 0.08208563 0.041935463 0.99574316 10.874268
0.46866298 -0.8834827 -0.0010185484 109.48071 0.879747 0.46678773 -0.09131922 96.74634 0.08114788 0.041885193 0.99582005 10.976196
0.47661135 -0.8791769 -0.0018860064 110.002686 0.8753954 0.47475752 -0.09165605 97.74756 0.08147595 0.042033143 0.9957885 11.075806
0.48736456 -0.87324166 -0.003927779 110.526855 0.8693283 0.48559737 -0.092495024 98.70801 0.082661085 0.041660912 0.99570614 11.178589
0.49841252 -0.8668126 -0.0077006775 111.05908 0.8626168 0.49683735 -0.09426777 99.66406 0.08553782 0.04034895 0.9955184 11.282593
0.50910187 -0.8607044 -0.011700172 111.611084 0.85635245 0.5078134 -0.09445816 100.60742 0.087213665 0.038064126 0.9954614 11.386963
0.5230986 -0.8521765 -0.0144181345 112.18237 0.84784377 0.52201664 -0.09331167 101.55737 0.087031096 0.036601 0.99553424 11.491211
0.5332933 -0.84576976 -0.015085952 112.750244 0.84162706 0.53230435 -0.090966225 102.49634 0.08495276 0.03581671 0.9957412 11.595825
0.5470772 -0.83691573 -0.015510226 113.34839 0.83295643 0.5461344 -0.08878078 103.4209 0.08277954 0.035649247 0.99593 11.69397
0.5578798 -0.8298637 -0.01651448 113.94678 0.82596743 0.5570054 -0.08773774 104.315186 0.08200413 0.03531552 0.9960069 11.7977295
0.56875 -0.8224582 -0.017028935 114.55493 0.8185064 0.5678462 -0.0883125 105.20044 0.08230013 0.0362849 0.99594635 11.901855
0.5809683 -0.8136105 -0.018457687 115.16675 0.8094743 0.58005893 -0.090043314 106.073 0.08398828 0.03735653 0.99576503 11.999634
0.590888 -0.8066256 -0.0183541 115.798584 0.80232966 0.5898369 -0.09211959 106.93164 0.08513945 0.039704736 0.9955773 12.103394
0.60176164 -0.798302 -0.019491961 116.42505 0.79397446 0.60074985 -0.09212105 107.77612 0.08527078 0.039948046 0.99555576 12.207642
0.6139055 -0.78905666 -0.019663438 117.06665 0.78498894 0.6129617 -0.08912129 108.60425 0.0824062 0.039269257 0.9958242 12.307495
0.6227274 -0.7822995 -0.018356794 117.70508 0.7784214 0.62169456 -0.08758746 109.40967 0.07993865 0.040257722 0.9959867 12.397827
0.6334414 -0.7736853 -0.01906982 118.35205 0.76991254 0.6324744 -0.08609033 110.21924 0.078650296 0.03985423 0.9961053 12.491821
0.6436735 -0.7649621 -0.021829894 118.99414 0.76116884 0.6429117 -0.085138395 110.9917 0.0791517 0.03818412 0.996131 12.581421
0.65328866 -0.7565946 -0.025851771 119.64502 0.7527174 0.6528243 -0.08443553 111.76074 0.08075781 0.035712205 0.996095 12.673096
0.66231596 -0.7487414 -0.02631478 120.31494 0.74482024 0.66182876 -0.08481857 112.52954 0.08092298 0.03657395 0.99604887 12.763428
0.67092663 -0.7411441 -0.02581971 120.961426 0.7373327 0.67039335 -0.083743766 113.2522 0.07938526 0.037151467 0.9961516 12.8573
0.68060994 -0.73221916 -0.025352817 121.62793 0.72860616 0.6800758 -0.08153422 113.98193 0.07693791 0.037014302 0.99634784 12.941528
0.6874358 -0.7256818 -0.024841161 122.301025 0.72216266 0.6868619 -0.080639556 114.70703 0.07558691 0.037497137 0.99643457 13.033569
0.6952056 -0.7182861 -0.02664267 122.97168 0.71474105 0.6947478 -0.08016816 115.38843 0.07609329 0.036692657 0.9964257 13.11499
0.70461655 -0.7090153 -0.027475584 123.64014 0.7054986 0.70420057 -0.07946438 116.06421 0.075697675 0.036609694 0.9964589 13.200928
0.7104378 -0.7031592 -0.02753986 124.303955 0.6998201 0.7100838 -0.077114284 116.74609 0.073782556 0.03551473 0.99664235 13.279175
0.718483 -0.6949835 -0.02630005 124.9668 0.6919207 0.7181152 -0.07395139 117.40503 0.0702834 0.034934953 0.9969153 13.361084
0.7261071 -0.68714386 -0.02668349 125.64014 0.68413925 0.7257671 -0.07297674 118.04443 0.06950322 0.0347295 0.9969764 13.43811
0.7327144 -0.6798719 -0.027815968 126.299805 0.6769393 0.7324764 -0.07144706 118.67627 0.06894521 0.033522032 0.99705756 13.516357
0.7406523 -0.6711661 -0.028991474 126.961426 0.66832674 0.74052227 -0.069555804 119.28711 0.068154655 0.032145783 0.9971575 13.581787
0.74909085 -0.6618784 -0.028248541 127.65088 0.6592509 0.7489674 -0.0667367 119.88281 0.065330125 0.03135816 0.9973697 13.657349
0.758268 -0.6513925 -0.027439453 128.31177 0.6490598 0.7581878 -0.06251989 120.46118 0.061525635 0.029587045 0.99766576 13.725586
0.76816267 -0.6395447 -0.028286207 128.98291 0.6373147 0.76815766 -0.060448665 121.03711 0.060401663 0.02840557 0.99776983 13.79248
0.77763325 -0.6279485 -0.029441684 129.64868 0.6256795 0.7776632 -0.06055826 121.56592 0.060919523 0.0286644 0.9977306 13.856201
0.78816533 -0.6148255 -0.030731428 130.32422 0.6124937 0.7882236 -0.06094198 122.1167 0.061685592 0.029205471 0.9976674 13.917725
0.7977018 -0.60224646 -0.031915195 131.01636 0.5999763 0.7978422 -0.059367005 122.63867 0.061211847 0.028202955 0.9977255 13.979736
0.80817807 -0.5882659 -0.030728336 131.69238 0.58611107 0.8082476 -0.057980143 123.13452 0.058938906 0.028846215 0.9978441 14.036621
0.81765485 -0.5747939 -0.029902648 132.39331 0.57286084 0.8177416 -0.054512925 123.64258 0.05579449 0.027435966 0.998065 14.102051
0.8272115 -0.5611935 -0.027352665 133.08667 0.5593737 0.82714957 -0.053762704 124.122314 0.052795567 0.029169755 0.998179 14.154419
0.83649683 -0.5473272 -0.025227077 133.80664 0.54563373 0.8363315 -0.052589044 124.58472 0.04987756 0.030227872 0.9982984 14.207275
0.8445534 -0.53487766 -0.02361171 134.52515 0.5332831 0.84431446 -0.051620618 125.04907 0.047548946 0.031002378 0.99838763 14.2595215
0.85133773 -0.5240638 -0.021544635 135.24194 0.52248627 0.85094446 -0.052764967 125.49756 0.045994945 0.03366136 0.9983743 14.307617
0.8579245 -0.51320565 -0.021287754 135.97192 0.51165795 0.85751164 -0.05243651 125.94556 0.045165546 0.034093987 0.99839807 14.355835
0.8650181 -0.5013267 -0.020806007 136.73218 0.4998935 0.8646335 -0.050319873 126.37598 0.04321922 0.03312822 0.99851614 14.40332
0.87004197 -0.4924718 -0.021216633 137.44092 0.4910974 0.86971265 -0.048726104 126.79199 0.0424549 0.03197461 0.9985866 14.4453125
0.87720317 -0.4796685 -0.021942448 138.22559 0.47834325 0.8769352 -0.047127068 127.22925 0.041845433 0.030845482 0.99864787 14.489502
0.88282764 -0.469186 -0.021483041 138.97217 0.4678573 0.8825083 -0.04764278 127.6189 0.041315064 0.032011505 0.9986334 14.535278
0.8886468 -0.4581382 -0.021585397 139.75 0.45677495 0.8882872 -0.04849854 128.02832 0.041390438 0.03324063 0.99859005 14.577759
0.89369 -0.44813454 -0.022029698 140.54541 0.4467325 0.89331067 -0.049163613 128.4187 0.04171486 0.03409621 0.99854743 14.621826
0.89561415 -0.44429976 -0.021556528 141.31128 0.44294763 0.89523566 -0.048389908 128.81079 0.040799756 0.03379232 0.9985958 14.6657715
0.8989249 -0.43773785 -0.018449087 142.11035 0.4365715 0.89848447 -0.046387054 129.19995 0.03688001 0.033645585 0.9987532 14.712036
0.9026985 -0.4299376 -0.016142752 142.9231 0.4289636 0.9022742 -0.04317387 129.5852 0.03312409 0.03204896 0.99893755 14.750366
0.9053796 -0.42435408 -0.014152451 143.73706 0.42354083 0.90498257 -0.040115923 129.98755 0.029829375 0.030325312 0.9990949 14.782593
0.90940315 -0.41576198 -0.013167026 144.58691 0.4150578 0.90904915 -0.0374545 130.36816 0.027536191 0.028596213 0.9992118 14.822266
0.9119659 -0.4101084 -0.011857743 145.4065 0.40950742 0.9116415 -0.034997553 130.75903 0.025161326 0.027060151 0.99931705 14.844971
0.915064 -0.4031458 -0.008865265 146.29858 0.40264648 0.9146846 -0.034274623 131.14307 0.021930212 0.027792435 0.99937296 14.875488
0.91853565 -0.3953273 -0.0062754806 147.18066 0.3949047 0.9180985 -0.034303434 131.52637 0.019319497 0.029031042 0.99939185 14.910278
0.9216704 -0.38795942 -0.0051892092 148.06494 0.38756517 0.9211976 -0.034696378 131.89966 0.018240293 0.029968234 0.99938446 14.924561
0.9245851 -0.38088134 -0.00556391 148.99707 0.38047746 0.924113 -0.03480137 132.29004 0.018399026 0.030060027 0.99937874 14.942261
0.92893267 -0.37026754 -0.004757662 149.94092 0.3698432 0.9283512 -0.037640516 132.65894 0.018350134 0.033207443 0.9992802 14.978516
0.9326435 -0.3606974 -0.0054835123 150.85767 0.36022025 0.9320095 -0.039458685 133.0149 0.019341856 0.034825712 0.99920654 14.984619
0.93724835 -0.348573 -0.0067056 151.8313 0.3480457 0.9366044 -0.04022992 133.38037 0.020306591 0.035371266 0.99916774 15.020752
0.94188833 -0.3359011 -0.0089446725 152.79517 0.3353498 0.94135636 -0.03809545 133.73022 0.021213984 0.03288321 0.999234 15.038696
0.9471924 -0.3206542 -0.007972844 153.76367 0.32020742 0.94673747 -0.034799755 134.08545 0.018704362 0.030410036 0.99936247 15.064209
0.953746 -0.30058074 -0.0063981777 154.81372 0.30025873 0.95337653 -0.030644845 134.38892 0.015309929 0.027306704 0.9995099 15.083008
0.9597193 -0.28083488 -0.005138042 155.82422 0.2805927 0.95940065 -0.027810413 134.7168 0.012743632 0.025247803 0.99959975 15.109253
0.96565425 -0.25981623 -0.004771562 156.88208 0.2596053 0.96535766 -0.026550593 135.00488 0.011502852 0.024400096 0.9996361 15.133057
0.9710813 -0.23872267 -0.003182164 157.92944 0.23857725 0.97081524 -0.024417806 135.28906 0.008917804 0.022952259 0.9996968 15.144531
0.9761635 -0.21703057 -0.0002760957 159.01562 0.21696147 0.97588325 -0.024023358 135.54321 0.0054829624 0.023390822 0.99971133 15.163208
0.9808667 -0.19466385 0.0028744242 160.12134 0.19467945 0.9806192 -0.022081988 135.77075 0.0014790241 0.022219062 0.99975204 15.170166
0.98505807 -0.17210092 0.006986915 161.24072 0.17220849 0.98486024 -0.020032723 135.98535 -0.0034341319 0.020936405 0.9997749 15.185547
0.9885788 -0.1502382 0.012035014 162.33618 0.1504306 0.9884749 -0.017101478 136.16455 -0.009327483 0.018716335 0.99978125 15.178589
0.9916311 -0.12862787 0.011391031 163.50854 0.12881169 0.9915229 -0.017226996 136.33618 -0.009078766 0.018549412 0.99978656 15.1813965
0.99429667 -0.106127135 0.010332048 164.63892 0.10628967 0.9941926 -0.016713263 136.49243 -0.008498536 0.017716458 0.999807 15.178223
0.99631417 -0.08526812 0.009357162 165.80176 0.085408956 0.9962199 -0.015861379 136.56909 -0.007969707 0.016602028 0.9998305 15.165894
0.99784255 -0.06446173 0.012440205 167.0249 0.064672105 0.99775606 -0.017318487 136.66284 -0.011295685 0.018085688 0.99977255 15.169067
0.99895835 -0.0434601 0.013906827 168.2312 0.043703433 0.99888766 -0.017697899 136.73438 -0.013122229 0.018287264 0.9997466 15.160645
0.99962974 -0.022700788 0.014997629 169.41968 0.022953793 0.9995934 -0.016920857 136.78003 -0.014607517 0.017258808 0.99974436 15.1467285
0.9998562 -0.005105975 0.016168296 170.64478 0.005353187 0.9998688 -0.015284954 136.80273 -0.016088136 0.015369308 0.99975246 15.135986
0.9996915 0.017762825 0.017354347 171.88379 -0.01751121 0.9997409 -0.01453865 136.79736 -0.017608158 0.0142302 0.9997435 15.118774
0.99914354 0.037340146 0.017825613 173.13818 -0.037102412 0.99922043 -0.013489108 136.7793 -0.018315323 0.012816184 0.99975014 15.100708
0.99828017 0.05593154 0.0175408 174.38501 -0.055762928 0.998394 -0.0099591715 136.70142 -0.01806964 0.00896373 0.9997965 15.078613
0.99683225 0.07796975 0.015696218 175.66528 -0.07778937 0.99690014 -0.011790361 136.6311 -0.016567089 0.010532083 0.9998072 15.068115
0.9951232 0.097725354 0.013444442 176.92896 -0.09760261 0.9951806 -0.009503281 136.53271 -0.0143083 0.008144833 0.99986446 15.05542
0.9932553 0.115291536 0.012503723 178.23486 -0.11519151 0.9933097 -0.008446402 136.39111 -0.01339376 0.006949441 0.9998861 15.0407715
0.99057835 0.13651355 0.010368337 179.54688 -0.13644178 0.9906154 -0.007342038 136.24951 -0.011273757 0.005857453 0.9999192 15.028931
0.98795277 0.15466872 0.0059600994 180.87183 -0.15462996 0.98795545 -0.0064928075 136.06128 -0.0068922015 0.0054932605 0.99996114 15.021851
0.984976 0.17271847 0.0007757118 182.19287 -0.1727137 0.98496795 -0.00426501 135.85132 -0.001500759 0.0040668864 0.9999905 15.028564
0.98198646 0.18887636 -0.0045305733 183.4834 -0.18888591 0.98199356 -0.0017792087 135.61255 0.004112901 0.0026029714 0.9999881 15.024658
0.9783112 0.20699647 -0.007718714 184.81396 -0.20699891 0.97834104 0.00048463605 135.35132 0.0076518734 0.0011235105 0.99997 15.040527
0.97409517 0.22598056 -0.009290853 186.21045 -0.22596386 0.9741393 0.0028256346 135.04443 0.009689046 -0.00065335864 0.9999528 15.058838
0.96956253 0.24466808 -0.00828527 187.57837 -0.24465632 0.9695978 0.0024198662 134.71118 0.008625425 -0.0003185002 0.9999627 15.080933
0.96535313 0.26076955 -0.009578597 188.91626 -0.26077077 0.9653997 0.0011479887 134.37085 0.009546672 0.0013898402 0.9999534 15.102783
0.96016264 0.2791001 -0.012577315 190.24683 -0.2790992 0.96024346 0.0018579377 134.00903 0.012596014 0.0017272552 0.9999192 15.127441
0.95543617 0.29477903 -0.01602362 191.6001 -0.29476112 0.9555695 0.003519403 133.61475 0.016349263 0.0013611484 0.99986535 15.152222
0.95001304 0.31183484 -0.015247327 192.93994 -0.31180257 0.95013535 0.0045061125 133.17773 0.015892113 0.0004738837 0.9998736 15.180176
0.94414306 0.32920608 -0.0147891715 194.30444 -0.32912353 0.9442556 0.007776859 132.72607 0.01652439 -0.0024737795 0.99986035 15.212524
0.937792 0.34682024 -0.015938591 195.66724 -0.3466865 0.937917 0.01058934 132.24805 0.018621605 -0.004404913 0.99981683 15.240967
0.93107677 0.36432633 -0.018345881 197.00122 -0.36415157 0.93124557 0.012223962 131.73901 0.021537656 -0.0047005997 0.99975693 15.277466
0.9237938 0.3822972 -0.020189103 198.36768 -0.3821021 0.92400455 0.012918453 131.19629 0.023595344 -0.0042207153 0.99971277 15.315308
0.91582423 0.4008745 -0.02476039 199.72998 -0.40064594 0.9161546 0.013802405 130.5918 0.028218098 -0.0027233567 0.99959815 15.364258
0.90698653 0.42023036 -0.028385974 201.06592 -0.41989398 0.90742284 0.017208047 130.02539 0.032990307 -0.0036904286 0.99944896 15.421631
0.89800453 0.4390418 -0.029353326 202.38037 -0.43858176 0.89846444 0.020947482 129.4248 0.03557136 -0.0059375726 0.9993494 15.477539
0.8846496 0.46534523 -0.029344447 203.69531 -0.46481228 0.8851082 0.02333917 128.75513 0.036835525 -0.0070082555 0.9992967 15.532471
0.8718462 0.48894733 -0.028186394 205.04272 -0.48824924 0.8722337 0.028309058 128.02783 0.03842473 -0.010915089 0.9992016 15.597534
0.8559269 0.5163655 -0.02803354 206.38647 -0.515509 0.8562788 0.03265679 127.288574 0.040867653 -0.013509804 0.99907386 15.664673
0.842516 0.5379592 -0.027993731 207.62183 -0.536977 0.8428439 0.03585673 126.542725 0.04289056 -0.015179668 0.9989644 15.735718
0.8272522 0.561157 -0.02740356 208.88794 -0.5601172 0.827556 0.03761194 125.73999 0.043781962 -0.01576524 0.9989167 15.809937
0.8094584 0.586426 -0.027903683 210.14404 -0.5853552 0.8098053 0.038360626 124.867676 0.045096397 -0.014719421 0.9988744 15.885498
0.7944326 0.60662377 -0.031025827 211.37305 -0.60540324 0.79492176 0.04080005 123.9895 0.049410433 -0.013625866 0.998685 15.970459
0.776757 0.6287331 -0.033306748 212.57324 -0.62737423 0.77736765 0.043217935 123.07422 0.053072058 -0.012667385 0.99851024 16.05835
0.76042145 0.64852494 -0.03492438 213.74414 -0.6470696 0.76113486 0.04494538 122.09546 0.055724215 -0.011583579 0.99837923 16.148193
0.7435433 0.6677058 -0.03599364 214.91528 -0.6661882 0.74434125 0.046175472 121.11987 0.057621703 -0.010363087 0.99828535 16.245117
0.72703743 0.6855957 -0.03653901 216.09546 -0.68407106 0.72790116 0.04655011 120.08203 0.058509648 -0.008849314 0.99824774 16.348999
0.7107388 0.7025378 -0.037239518 217.19849 -0.70096457 0.7116723 0.047615997 119.00049 0.05994854 -0.0077305706 0.9981706 16.449463
0.6943203 0.7186014 -0.038778864 218.27441 -0.71700644 0.6953794 0.048188154 117.957275 0.061592177 -0.005655175 0.99808544 16.553345
0.6791216 0.7328108 -0.041740276 219.35547 -0.73113734 0.68039525 0.0495939 116.83862 0.06474855 -0.0031626665 0.99789685 16.659912
0.6651839 0.7452938 -0.043750577 220.38086 -0.7435321 0.6666201 0.05124212 115.720215 0.067354925 -0.0015441658 0.9977273 16.773071
0.6479213 0.7603833 -0.044642605 221.42432 -0.75844586 0.6494557 0.054268725 114.569336 0.07025496 -0.001308359 0.9975286 16.883667
0.6331206 0.77276754 -0.043659117 222.43506 -0.7708054 0.6346226 0.055042442 113.38794 0.07024963 -0.0011966969 0.9975292 17.006714
0.6166309 0.7861836 -0.041169297 223.40332 -0.78425455 0.61800194 0.055070188 112.17554 0.068729796 -0.0016682099 0.9976335 17.126831
0.6000919 0.799056 -0.03602634 224.34619 -0.79709667 0.6011516 0.05614232 110.997314 0.06652486 -0.0049712555 0.9977726 17.244751
0.5802851 0.81392753 -0.031276975 225.27979 -0.8119673 0.58107644 0.05695767 109.741455 0.06453767 -0.0076593813 0.99788624 17.362793
0.56313497 0.82583535 -0.026971254 226.18042 -0.8238607 0.5636835 0.058019437 108.51001 0.06313084 -0.010447098 0.99795055 17.48413
0.5431478 0.8392266 -0.025283696 227.02124 -0.83708113 0.5436022 0.061177377 107.26294 0.065082125 -0.012065406 0.997807 17.60315
0.5284686 0.84879965 -0.021805912 227.823 -0.84645957 0.5286805 0.06494674 106.00928 0.06664602 -0.015863977 0.99765044 17.718506
0.50884706 0.860622 -0.018553425 228.62549 -0.85834223 0.5088974 0.06488697 104.74365 0.06530166 -0.017097466 0.99771976 17.839478
0.48833498 0.87267524 -0.01528235 229.36035 -0.8705537 0.48825705 0.06330903 103.494385 0.06269269 -0.017608609 0.9978772 17.951782
0.46868303 0.8833715 -0.011751395 230.05322 -0.88143533 0.46847153 0.061267786 102.23584 0.059612308 -0.018351953 0.9980524 18.06372
0.44562042 0.8950598 -0.007862634 230.74585 -0.8932953 0.4452634 0.059464995 100.90625 0.056737605 -0.019489309 0.9981997 18.175537
0.42197737 0.906665 -0.0061981305 231.39697 -0.9049958 0.42159837 0.05815301 99.61792 0.055332053 -0.018924335 0.9982883 18.282104
0.4026222 0.9152964 -0.0044342773 231.98413 -0.91367596 0.40218845 0.057721734 98.35913 0.05463082 -0.019192705 0.9983225 18.380127
0.38181263 0.9244089 -0.004694291 232.54077 -0.9228231 0.38144568 0.056844026 97.05713 0.0543294 -0.01738335 0.99837226 18.472046
0.35789147 0.9337387 -0.005300251 233.08984 -0.93214303 0.35760126 0.05668063 95.752686 0.054826897 -0.015348002 0.99837804 18.574707
0.3408382 0.9402807 -0.005499102 233.57227 -0.9387184 0.34059918 0.05590685 94.48096 0.054449283 -0.013876072 0.9984195 18.67163
0.31965184 0.9476255 -0.005591259 234.02222 -0.946184 0.31948152 0.053573404 93.203125 0.05254723 -0.011838173 0.9985484 18.760254
0.29861706 0.954346 -0.0062192837 234.45288 -0.9529063 0.29851416 0.053356547 91.89526 0.052770436 -0.010013403 0.9985566 18.852417
0.27969015 0.9600258 -0.004156998 234.85327 -0.95839274 0.2794613 0.057257347 90.61182 0.05614517 -0.012045093 0.99835086 18.944702
0.2597694 0.965789 -0.0014613871 235.22607 -0.9636324 0.25929016 0.06640525 89.38281 0.06451246 -0.015825916 0.99779075 19.03772
0.24078934 0.97059727 0.0007880335 235.56958 -0.9679176 0.24006377 0.074441925 88.11865 0.07208075 -0.018679196 0.9972239 19.146118
0.21871565 0.9757034 0.003778934 235.89136 -0.972827 0.21777084 0.07767655 86.858154 0.07495418 -0.020664234 0.9969723 19.259277
0.20131373 0.9794865 0.008315717 236.177 -0.9766186 0.2000584 0.078625925 85.61304 0.07533717 -0.023924956 0.9968693 19.36438
0.18256819 0.98307675 0.01285488 236.43848 -0.9802366 0.18100224 0.07944648 84.351074 0.075769424 -0.027106509 0.99675673 19.48108
0.16550428 0.98606086 0.017782822 236.68018 -0.9833942 0.16363867 0.07863791 83.101074 0.074621186 -0.030511308 0.99674535 19.595459
0.14628784 0.98902506 0.019152638 236.89014 -0.9864104 0.1443912 0.07798298 81.86694 0.07437125 -0.030285971 0.9967699 19.70044
