1 0 0 0 0 1 0 0 0 0 1 0
0.99994552 -0.00192151 0.010259951 0.015158718 0.0019121329 0.99999775 0.00092369709 -0.0088460622 -0.010261704 -0.00090402839 0.99994694 0.29447639
0.99985609 -0.0037449145 0.016546058 0.023849159 0.0037267367 0.99999242 0.0011293271 -0.012210781 -0.016550163 -0.0010675018 0.99986247 0.58459422
0.99979474 -0.0068469448 0.019068124 0.034111981 0.0068565786 0.9999764 -0.00043987714 -0.018890501 -0.019064664 0.00057052898 0.99981809 0.88676562
0.999826 -0.0080799768 0.016813445 0.036542345 0.0081082227 0.99996583 -0.0016124322 -0.020163573 -0.016799844 0.0017484788 0.99985734 1.1861266
0.99988945 -0.010936585 0.010073681 0.036255378 0.010969885 0.99993453 -0.0032562387 -0.023203073 -0.01003741 0.0033663859 0.99994396 1.5046048
0.99992599 -0.012020314 -0.0018786009 0.021927655 0.012011391 0.99991686 -0.0046911509 -0.033703186 0.001934834 0.0046682391 0.99998723 1.8310467
0.99978649 -0.01102681 -0.017475092 0.0045302896 0.010943874 0.99992843 -0.0048345558 -0.040076954 0.017527153 0.0046422785 0.99983561 2.1569722
0.99931514 -0.0077992526 -0.036172143 -0.043679119 0.0076076066 0.9999563 -0.0054327948 -0.045353297 0.036212937 0.0051538907 0.99933081 2.5048205
0.99838203 -0.0038181862 -0.056734054 -0.083351431 0.0034560875 0.99997304 -0.0064791389 -0.052414431 0.056757268 0.0062725781 0.9983683 2.8487648
0.99711809 -0.0030978567 -0.075801884 -0.12269199 0.0025971441 0.99997416 -0.0067032294 -0.055933759 0.075820697 0.0064870429 0.99710037 3.2108738
0.99525389 -0.0040148288 -0.097229527 -0.18025491 0.0034335181 0.99997522 -0.0061453286 -0.062177456 0.097251798 0.0057823228 0.99524301 3.5928159
0.99312452 -0.005089972 -0.11695204 -0.23923222 0.0044963569 0.99997564 -0.0053389919 -0.071276418 0.11697638 0.0047764256 0.99312321 3.970074
0.99097279 -0.0042281692 -0.13399645 -0.31280362 0.0036358765 0.99998251 -0.0046646072 -0.0792457 0.13401384 0.0041353042 0.99097083 4.3703034
0.98869133 -0.0033431547 -0.14992754 -0.38954746 0.0027624256 0.99998786 -0.0040814921 -0.087151607 0.14993938 0.0036211722 0.98868856 4.7878731
0.98655688 -0.0026259179 -0.16339713 -0.47278111 0.0019866256 0.99998972 -0.0040757871 -0.092720188 0.16340617 0.0036963868 0.98655196 5.1995975
0.98440824 -0.0039458453 -0.17585462 -0.56379283 0.0031088243 0.99998249 -0.0050349781 -0.099753774 0.17587143 0.0044097728 0.98440327 5.6384094
0.9827375 -0.0069220714 -0.18487585 -0.65436933 0.0057362606 0.99995941 -0.0069481892 -0.11542671 0.18491646 0.00576775 0.98273732 6.0948655
0.98114597 -0.006197208 -0.19316879 -0.75609897 0.0046292067 0.99995258 -0.0085675693 -0.121107 0.19321274 0.0075118178 0.98112813 6.5346865
0.97952847 -0.0059979987 -0.20121631 -0.86678151 0.0039234046 0.99993498 -0.010707493 -0.12493208 0.20126747 0.0096988417 0.97948831 7.0079635
0.97796973 -0.006617847 -0.20864183 -0.97097873 0.0039349119 0.99990419 -0.013271493 -0.13641893 0.20870968 0.012158131 0.97790207 7.4839965
0.97616777 -0.01051715 -0.21676224 -1.08625 0.0074092371 0.99985785 -0.015145615 -0.14784697 0.21689074 0.013178618 0.97610693 7.9913699
0.97445708 -0.016010824 -0.22400235 -1.2067136 0.012701688 0.99978799 -0.016205993 -0.16376271 0.22421435 0.012946837 0.97445385 8.5170766
0.97247115 -0.017188867 -0.23238848 -1.3323481 0.013171275 0.99973596 -0.018829007 -0.19165631 0.23265079 0.015249814 0.97244077 9.0177413
0.97042137 -0.013557179 -0.24103644 -1.4915642 0.0082501653 0.99970112 -0.02301308 -0.19485887 0.24127641 0.020343794 0.97024318 9.5615383
0.96819726 -0.0106242 -0.24996239 -1.6406229 0.0042274746 0.99965004 -0.026113739 -0.2104726 0.25015237 0.024226541 0.96790334 10.085468
0.96590093 -0.013086791 -0.25858099 -1.801112 0.006080802 0.99959291 -0.027875257 -0.23383495 0.25884054 0.025352357 0.9655873 10.648707
0.96368948 -0.014793643 -0.26661533 -1.9637469 0.0071091749 0.99953166 -0.029764521 -0.26291484 0.26693081 0.026788341 0.96334331 11.224856
0.96137477 -0.014876458 -0.27484039 -2.1405272 0.0062322685 0.99945884 -0.032298245 -0.2858635 0.27517216 0.029337839 0.96094723 11.787779
0.95900236 -0.01424874 -0.28303963 -2.3280754 0.0042048938 0.99934073 -0.036061533 -0.31061776 0.28336688 0.033392944 0.95843003 12.378339
0.95700961 -0.015561849 -0.28963845 -2.5141198 0.0038951649 0.9991592 -0.040813137 -0.34028466 0.29003008 0.037930375 0.95626557 12.967051
0.95512196 -0.016366245 -0.29576034 -2.7152175 0.0021782971 0.99883354 -0.04823708 -0.38213669 0.29620483 0.045428041 0.9540435 13.587656
0.95392169 -0.016665817 -0.29959248 -2.9239346 -0.0002669198 0.9984088 -0.056389661 -0.41737867 0.30005557 0.053871288 0.95239936 14.207175
0.95261856 -0.016715622 -0.30370784 -3.1310587 -0.0031773588 0.99788747 -0.064888414 -0.46125984 0.30415092 0.062778897 0.95055302 14.819373
0.95114666 -0.016350814 -0.30830613 -3.3510019 -0.0067746163 0.99725089 -0.073788725 -0.50858402 0.30866509 0.072272557 0.94842108 15.456953
0.94986019 -0.014883202 -0.31232051 -3.574675 -0.010996794 0.9966584 -0.080938917 -0.5657275 0.31248152 0.08031518 0.94652247 16.101554
0.94823244 -0.01411774 -0.31726318 -3.8167909 -0.014425528 0.99606549 -0.087438276 -0.6292067 0.31724936 0.0874885 0.94429795 16.767505
0.9466158 -0.013043698 -0.32209995 -4.0630847 -0.018115855 0.99544957 -0.093552002 -0.69992506 0.32185455 0.094392921 0.94207199 17.44216
0.94506312 -0.010831501 -0.32670837 -4.3066109 -0.022626472 0.99488622 -0.098435045 -0.77516517 0.32610389 0.10041959 0.9399852 18.098703
0.94327628 -0.0081593173 -0.33190855 -4.5705257 -0.027329066 0.99439725 -0.10211385 -0.85330318 0.33088215 0.10539232 0.93776834 18.802106
0.94158651 -0.0073627373 -0.33669069 -4.8369217 -0.029189404 0.99421434 -0.10337228 -0.93254084 0.33550385 0.10716175 0.9359239 19.493395
0.93930618 -0.0059314069 -0.34302873 -5.1173504 -0.031120665 0.99425547 -0.10240881 -1.0181123 0.34166565 0.10686851 0.93372572 20.222456
0.93702758 -0.0061341448 -0.34920148 -5.3998654 -0.031167256 0.99438794 -0.10110007 -1.1034364 0.34786194 0.10561721 0.93157774 20.942129
0.93444564 -0.0063830061 -0.35604857 -5.6784101 -0.030897794 0.99461541 -0.098921735 -1.1854815 0.35476285 0.1034381 0.92921682 21.662841
0.93170273 -0.0062753237 -0.36316751 -5.9605006 -0.030532287 0.9949589 -0.095522593 -1.269475 0.36193621 0.100087 0.92681432 22.34701
0.9278544 -0.0025421718 -0.37293396 -6.311431 -0.033739993 0.99530388 -0.090729285 -1.3584219 0.3714133 0.096766357 0.92341131 23.190902
0.92471978 -0.0016304198 -0.38064506 -6.6171322 -0.033182521 0.99583871 -0.084877409 -1.4353546 0.3791995 0.091118583 0.92081766 23.889068
0.92126698 0.0012948303 -0.3889286 -6.9511594 -0.035705593 0.9960531 -0.081260832 -1.5114801 0.38728835 0.088749849 0.91767707 24.641735
0.91759878 0.0012370476 -0.39750589 -7.2814128 -0.0356361 0.99622462 -0.07916175 -1.5837353 0.39590726 0.086804287 0.91417858 25.380926
0.91362463 0.0032657962 -0.40654565 -7.6466451 -0.038360223 0.9961991 -0.078203907 -1.6621435 0.40474504 0.087044198 0.9102773 26.160802
0.90947636 0.0043428788 -0.41573294 -7.9977624 -0.040096665 0.99620044 -0.077310659 -1.7347512 0.41381763 0.086981722 0.90619488 26.913298
0.9060323 0.003898387 -0.42319057 -8.3985723 -0.03957793 0.99635578 -0.075556266 -1.8063028 0.42135386 0.085205426 0.90288481 27.702833
0.90197686 0.0042654701 -0.43176329 -8.7780768 -0.039793198 0.99651681 -0.07328536 -1.8815387 0.42994681 0.083282942 0.89900484 28.485357
0.89829802 0.0050721134 -0.43935741 -9.1675033 -0.039369279 0.99684054 -0.068985418 -1.952941 0.43761941 0.079266649 0.89565957 29.237749
0.89440979 0.005634427 -0.44721288 -9.5764508 -0.03808403 0.99724839 -0.063602381 -2.0139413 0.44562399 0.073918262 0.89216331 30.052684
0.89102956 0.0048505001 -0.45391934 -9.9926735 -0.035634602 0.9976046 -0.059289388 -2.0833283 0.45254448 0.069003834 0.88906804 30.840595
0.88767016 0.0054914092 -0.46044707 -10.444267 -0.03574941 0.99773278 -0.057020067 -2.151923 0.45909005 0.067075724 0.88585393 31.686708
0.88434389 0.0066326894 -0.4667889 -10.877651 -0.037088475 0.99773673 -0.056088063 -2.2128217 0.46536046 0.066913625 0.88258837 32.495227
0.88164962 0.0055287807 -0.47187219 -11.311395 -0.035261881 0.99790776 -0.054191387 -2.2658533 0.47058534 0.064416917 0.87999995 33.313892
0.87832264 0.0043727921 -0.47804833 -11.787392 -0.033795691 0.99802438 -0.052964029 -2.3329681 0.47687233 0.06267548 0.87673519 34.154879
0.87590353 0.00237444 -0.48248042 -12.267125 -0.03176056 0.99810273 -0.052746698 -2.3887803 0.48143982 0.061524868 0.87431711 34.99527
0.8736536 0.0026506646 -0.48654121 -12.756428 -0.032512666 0.99806808 -0.052943638 -2.450203 0.48546096 0.062073152 0.87205195 35.844731
0.87260551 0.0030347189 -0.4884162 -13.250746 -0.033441217 0.99800531 -0.053545158 -2.5133934 0.48727951 0.063057034 0.87096642 36.710542
0.87215307 0.0034613795 -0.48922083 -13.747963 -0.033607462 0.99803668 -0.05285193 -2.5742757 0.48807743 0.062536444 0.87055708 37.581885
0.87177652 0.0032566836 -0.48989293 -14.259248 -0.032451103 0.99816556 -0.05111198 -2.6352303 0.48882784 0.06045579 0.87028298 38.488577
0.87148107 0.0018493241 -0.49042563 -14.768682 -0.030526492 0.99825839 -0.050480956 -2.7007076 0.48947818 0.058964172 0.87001974 39.363734
0.87112431 -0.00027372411 -0.49106245 -15.28428 -0.028561395 0.99827874 -0.051223171 -2.7645543 0.49023127 0.058647179 0.86961706 40.264829
0.86962712 -0.0015633112 -0.49370661 -15.816367 -0.027604673 0.99827668 -0.051784577 -2.8261717 0.49293679 0.058661882 0.86808532 41.185423
0.86822683 -0.0024792649 -0.49616128 -16.329825 -0.02573484 0.9984165 -0.050022073 -2.8890182 0.49549967 0.056199137 0.86678819 42.075791
0.86610176 -0.002489853 -0.4998615 -16.872844 -0.023867063 0.9986411 -0.04632838 -2.9505109 0.49929763 0.052055318 0.86486539 43.012242
0.86387051 -0.0030660059 -0.5037046 -17.411058 -0.02094172 0.99889828 -0.041995966 -3.0183018 0.50327846 0.046827518 0.86285456 43.9525
0.85998854 -0.0049391118 -0.51028942 -17.963993 -0.018010204 0.99903646 -0.04002223 -3.0753452 0.50999545 0.043609076 0.85907096 44.839771
0.85497124 -0.0076029071 -0.51861965 -18.534664 -0.016568735 0.99898193 -0.041959377 -3.1405089 0.51841072 0.044466933 0.85397485 45.739742
0.84936612 -0.0096284727 -0.52771627 -19.097644 -0.016880676 0.99882653 -0.0453938 -3.2025454 0.52753413 0.047464164 0.84820689 46.619525
0.84321794 -0.0078488514 -0.53751454 -19.668564 -0.019420845 0.99879591 -0.045050696 -3.2653335 0.53722096 0.048426542 0.8420502 47.524858
0.83703203 -0.0061742151 -0.54711903 -20.270793 -0.018753741 0.99902507 -0.039965117 -3.3216697 0.54683243 0.043712612 0.83610019 48.406651
0.83288279 -0.0031624338 -0.55344036 -20.867796 -0.019228996 0.99921458 -0.034647723 -3.3805471 0.55311529 0.039499595 0.83216782 49.283311
0.82829952 -0.0033014343 -0.5602758 -21.482242 -0.020527469 0.99913246 -0.036234763 -3.4348 0.55990941 0.041514281 0.82751317 50.178935
0.8248798 -0.0044463975 -0.56529065 -22.083313 -0.022452323 0.99892238 -0.04061994 -3.4916797 0.56486214 0.046198657 0.82389106 51.049041
0.82203776 -0.005881549 -0.56940259 -22.696962 -0.025802302 0.99853485 -0.047564582 -3.5580637 0.56884813 0.053791781 0.82068159 51.892343
0.81892035 -0.0073305237 -0.57386035 -23.311962 -0.025655352 0.99845123 -0.049365422 -3.6176423 0.57333349 0.055148939 0.81746396 52.759871
0.8169308 -0.0060343786 -0.57670411 -23.935628 -0.024843885 0.99864888 -0.045642051 -3.6874053 0.57620039 0.051613968 0.81567711 53.630412
0.8128126 -0.0049369829 -0.58250431 -24.577353 -0.022433465 0.99895701 -0.039769724 -3.7457886 0.58209316 0.045392923 0.81185409 54.498219
0.80976683 -0.0031628355 -0.58674325 -25.225881 -0.022687296 0.9990689 -0.036696304 -3.8031539 0.58631305 0.043027068 0.8089411 55.366939
0.80705191 -0.0011153095 -0.59047942 -25.857845 -0.025789293 0.99897743 -0.037135022 -3.8574775 0.58991708 0.045197938 0.80619788 56.203649
0.80304154 -0.0020804785 -0.59591939 -26.518593 -0.026396599 0.99888821 -0.03905852 -3.9181757 0.59533817 0.04709586 0.80209381 57.079324
0.79935488 -0.0049461243 -0.60083881 -27.173659 -0.024917375 0.99883304 -0.041372454 -3.9791356 0.60034234 0.0480426 0.79829883 57.926967
0.79583096 -0.0057041379 -0.60549197 -27.816349 -0.024972027 0.99879573 -0.042231409 -4.0348665 0.60500373 0.048729424 0.79473012 58.757039
0.79102896 -0.0064023782 -0.61174518 -28.500147 -0.023725655 0.99887195 -0.041132869 -4.0934519 0.61131851 0.047051346 0.78998474 59.631464
0.78639972 -0.0058464398 -0.61769027 -29.15585 -0.024241524 0.99889283 -0.04031712 -4.1571889 0.61724215 0.046679125 0.78538731 60.458066
0.78119987 -0.0069526466 -0.62424225 -29.869723 -0.023831747 0.99887698 -0.040949159 -4.2179628 0.62382597 0.046866262 0.78015688 61.304017
0.77565218 -0.0088581374 -0.6310984 -30.560026 -0.02293918 0.99884525 -0.042213278 -4.2742582 0.63074362 0.047219701 0.7745533 62.127692
0.77051489 -0.0099194505 -0.63734479 -31.239415 -0.02253019 0.99883031 -0.042783269 -4.3359789 0.63702373 0.047324645 0.76939014 62.957551
0.76436608 -0.01122604 -0.64468476 -31.97335 -0.022105645 0.9988044 -0.043601809 -4.3981766 0.6444035 0.047578916 0.76320404 63.796153
0.75873961 -0.012852218 -0.65126722 -32.681914 -0.021722302 0.99875005 -0.045016426 -4.4634208 0.65103179 0.048302768 0.75751204 64.603931
0.75195356 -0.012555074 -0.65909648 -33.440019 -0.022795128 0.99872547 -0.045031266 -4.5316833 0.65882187 0.048885611 0.75070898 65.451078
0.74590801 -0.013778898 -0.66590641 -34.180134 -0.020221044 0.99885665 -0.043318672 -4.5871719 0.66574198 0.045777068 0.74477655 66.269395
0.7403865 -0.015978122 -0.67199144 -34.920352 -0.016918269 0.99895777 -0.042392691 -4.650021 0.67196848 0.042755908 0.73934453 67.101467
0.73408884 -0.015931408 -0.6788665 -35.685523 -0.018243269 0.9989012 -0.043169137 -4.7195174 0.67880837 0.044074726 0.73299158 67.905724
0.72745119 -0.017167063 -0.68594462 -36.449565 -0.018699103 0.9988197 -0.044827939 -4.7892826 0.68590463 0.045436687 0.72627157 68.694855
0.72240499 -0.016889708 -0.69126386 -37.25362 -0.019529368 0.99880448 -0.044813029 -4.8483541 0.69119438 0.045873102 0.7212115 69.495881
0.71679902 -0.017257519 -0.69706621 -38.057624 -0.018549539 0.99886792 -0.043803977 -4.9145385 0.69703309 0.044328905 0.71566743 70.304736
0.71294304 -0.01596801 -0.70104008 -38.835129 -0.020657371 0.99882852 -0.043759026 -4.9745207 0.70091763 0.045679339 0.71177799 71.103178
0.70715939 -0.017959487 -0.70682601 -39.657038 -0.019419541 0.99880689 -0.044807022 -5.0458952 0.70678747 0.045411944 0.70596691 71.906015
0.70285956 -0.019700035 -0.71105577 -40.496095 -0.019916794 0.9986795 -0.047355961 -5.1147428 0.71104979 0.047446541 0.70153907 72.710139
0.69853862 -0.02105283 -0.71526256 -41.315799 -0.020885735 0.9985414 -0.049788169 -5.1823666 0.71526752 0.049717743 0.69708002 73.48262
0.69358087 -0.020844761 -0.7200771 -42.177438 -0.022647257 0.99845624 -0.050717186 -5.2570479 0.72002272 0.051484242 0.69203807 74.276551
0.68706626 -0.021348442 -0.72628104 -43.002122 -0.020737275 0.99858494 -0.04897018 -5.3263126 0.72629881 0.048706849 0.68565132 75.082847
0.68334281 -0.022102918 -0.72976299 -43.857462 -0.019047224 0.99866172 -0.0480829 -5.3976186 0.72984919 0.046757064 0.68200731 75.83914
0.67903811 -0.02257943 -0.73375566 -44.73888 -0.018905288 0.99865749 -0.048226581 -5.4743793 0.73385958 0.046619549 0.67769963 76.648421
0.67467252 -0.023489917 -0.7377433 -45.613496 -0.018556706 0.99863778 -0.048767121 -5.5436775 0.73788393 0.046591923 0.67331757 77.413138
0.6687964 -0.022582228 -0.74310253 -46.484481 -0.019890248 0.99863728 -0.048249034 -5.6196531 0.74317952 0.047049274 0.66743585 78.218183
0.66476978 -0.025222728 -0.74662234 -47.381786 -0.016370646 0.99869801 -0.048314384 -5.689482 0.74686893 0.044340632 0.66349134 78.978881
0.66251294 -0.027647417 -0.74854003 -48.260693 -0.013720409 0.99870303 -0.049030787 -5.7652912 0.74892483 0.042753806 0.66127435 79.755867
0.65698008 -0.032052956 -0.75322622 -49.153538 -0.011035388 0.9985799 -0.052119092 -5.8428486 0.7538272 0.042553349 0.65569339 80.519715
0.65242102 -0.035667063 -0.75701692 -50.046232 -0.0079150616 0.99851676 -0.053866844 -5.9164188 0.75781542 0.041135697 0.65117102 81.325315
0.64537589 -0.039919906 -0.76282128 -50.985541 -0.0021260288 0.99853575 -0.054053999 -5.9999265 0.76386222 0.036506928 0.64434603 82.094488
0.63810582 -0.043301906 -0.76873003 -51.919642 0.0025135814 0.99852912 -0.054159824 -6.0838445 0.76994461 0.032627433 0.63727608 82.84769
0.62960569 -0.044064676 -0.77566419 -52.836486 0.0047326619 0.99858927 -0.052887322 -6.1638023 0.77690046 0.029627202 0.62892603 83.605067
0.62008306 -0.042591326 -0.78337917 -53.809312 0.004979102 0.99871883 -0.050357865 -6.2396114 0.7845204 0.027325534 0.6195007 84.354822
0.61149328 -0.043163312 -0.79007142 -54.788793 0.006264369 0.99874379 -0.049715088 -6.3183358 0.79122486 0.025451143 0.61099551 85.122339
0.60283962 -0.044004419 -0.79664795 -55.742402 0.0042387269 0.99864047 -0.051954343 -6.393901 0.79785116 0.027943363 0.60220656 85.834904
0.59167771 -0.047087262 -0.80479825 -56.751744 0.0062438673 0.9985305 -0.053831765 -6.4764537 0.80615045 0.026826002 0.59110225 86.562638
0.58241438 -0.047091702 -0.81152684 -57.734349 0.003492903 0.99845635 -0.055432167 -6.5602056 0.81288459 0.029449906 0.58167982 87.258635
0.57284131 -0.048491719 -0.81823061 -58.741513 0.0074792742 0.99851617 -0.053939962 -6.6426209 0.81963221 0.024779267 0.57235399 87.973366
0.56178476 -0.047857725 -0.82589797 -59.777488 0.0082032537 0.9985985 -0.052285138 -6.7255579 0.8272428 0.022597943 0.56139001 88.672596
0.55202694 -0.048929058 -0.83238942 -60.828261 0.0093870842 0.99857825 -0.052472519 -6.808453 0.83377347 0.021152534 0.5517014 89.345543
0.542995 -0.050390409 -0.83822263 -61.883791 0.0088725965 0.99848649 -0.054277188 -6.8907035 0.83968909 0.02203503 0.54262026 89.999957
0.5322111 -0.051511833 -0.84504309 -62.94408 0.0090067091 0.99843526 -0.0551898 -6.9691016 0.84656381 0.021761567 0.53184228 90.653751
0.52326627 -0.051099148 -0.85063578 -64.010475 0.0054786935 0.99838166 -0.056604293 -7.0621468 0.85215166 0.024958744 0.52269941 91.306534
0.51272945 -0.050629231 -0.85705608 -65.104689 0.0038529601 0.99838536 -0.05667302 -7.1516785 0.85854163 0.025755723 0.51209665 91.958555
0.50467473 -0.049498179 -0.86188937 -66.189219 0.0042360136 0.99848494 -0.054862467 -7.2338944 0.86329921 0.024036726 0.50411979 92.58289
0.49759952 -0.047699057 -0.86609437 -67.288047 0.0050119866 0.99862832 -0.052118647 -7.3207979 0.86739245 0.02159336 0.49715604 93.199438
0.49000285 -0.047624915 -0.87041887 -68.38618 0.0046173512 0.99863428 -0.052040872 -7.4034992 0.87170864 0.021481146 0.48955354 93.812938
0.48178393 -0.050972456 -0.87480626 -69.541433 0.0069001705 0.9984965 -0.054379386 -7.4922726 0.87626292 0.020162802 0.48141129 94.423892
0.4736772 -0.055011889 -0.87897869 -70.65403 0.0098273523 0.99831524 -0.057184793 -7.5797831 0.88064374 0.018449099 0.47341979 94.998189
0.46735938 -0.058313864 -0.88214207 -71.740562 0.012022645 0.99814917 -0.05961289 -7.6686179 0.88398571 0.017254962 0.46719546 95.596801
0.46308207 -0.060914482 -0.88421963 -72.875833 0.012204846 0.99797912 -0.062359547 -7.7707369 0.8862314 0.018085823 0.46288969 96.184104
0.45794904 -0.062186564 -0.88680068 -74.00958 0.014780726 0.99794504 -0.062347668 -7.8639151 0.8888556 0.015444497 0.45792714 96.75611
0.45326456 -0.059930062 -0.88935907 -75.144767 0.016569946 0.99813138 -0.058814834 -7.9639733 0.89122205 0.011922048 0.45341062 97.3476
0.44937417 -0.058072559 -0.89145407 -76.264778 0.020937676 0.99829542 -0.054478094 -8.0583972 0.89309828 0.0058160715 0.44982408 97.903977
0.44687066 -0.056983943 -0.89278182 -77.347118 0.021195672 0.9983635 -0.053113721 -8.1442795 0.89434748 0.0048118527 0.44734717 98.473512
0.44373017 -0.055986051 -0.89440988 -78.475921 0.020972239 0.99842204 -0.052092104 -8.2366081 0.89591505 0.0043570601 0.44420413 99.032405
0.44158669 -0.056280325 -0.89545165 -79.594545 0.025161636 0.99841496 -0.050343395 -8.3221751 0.89686574 -0.00030005646 0.44230286 99.560612
0.43770251 -0.055902695 -0.89738026 -80.716556 0.0272065 0.99843172 -0.048927609 -8.4095363 0.89870818 -0.002998839 0.43853699 100.11697
0.43537444 -0.0567234 -0.89846062 -81.775734 0.029256629 0.99837733 -0.048854416 -8.4964023 0.89977398 -0.0050159655 0.43632751 100.64554
0.4330617 -0.056010169 -0.89962234 -82.920995 0.029617086 0.99841277 -0.047903705 -8.5772405 0.90087761 -0.0058989339 0.43403319 101.17289
0.43071426 -0.056618757 -0.90071054 -84.00365 0.035232283 0.99832422 -0.045906901 -8.6569722 0.90180041 -0.011961332 0.43198729 101.70878
0.42969616 -0.055856899 -0.90124422 -85.099387 0.037396454 0.99832942 -0.04404408 -8.7352481 0.90219886 -0.014777767 0.43106717 102.19754
0.42759907 -0.056253048 -0.90221647 -86.170914 0.038539906 0.99828887 -0.043977433 -8.8161653 0.9031466 -0.015966629 0.42903538 102.72492
0.42589942 -0.057564374 -0.9029374 -87.237295 0.039949475 0.99819715 -0.044793954 -8.8930124 0.90388815 -0.016994157 0.42743126 103.21464
0.42600767 -0.058642071 -0.90281698 -88.293869 0.039845253 0.99814496 -0.046032481 -8.9721864 0.90384174 -0.016362782 0.42755402 103.70861
0.42579075 -0.059265374 -0.90287861 -89.336111 0.038784438 0.99813093 -0.047227333 -9.0514171 0.90399009 -0.014908679 0.42729349 104.19997
0.42874847 -0.058684139 -0.90151586 -90.376566 0.036095572 0.99820397 -0.047811494 -9.1282656 0.90270257 -0.012041627 0.43009666 104.67079
0.43168076 -0.059183454 -0.90008276 -91.386001 0.035242913 0.99818994 -0.048731787 -9.2096945 0.90133774 -0.010684964 0.43298519 105.15498
0.43686061 -0.05892297 -0.89759725 -92.395924 0.03296027 0.99823075 -0.049487315 -9.2839846 0.89892519 -0.00796599 0.43802981 105.62978
0.44474392 -0.059627813 -0.89367069 -93.404872 0.032646314 0.99819765 -0.050355342 -9.3644833 0.89506264 -0.0067798226 0.44588897 106.13575
0.44969753 -0.058105761 -0.89128883 -94.425094 0.030932809 0.99829625 -0.049474821 -9.4453212 0.89264515 -0.0053213632 0.45072873 106.62986
0.4595913 -0.058168278 -0.88622357 -95.402319 0.032006104 0.99828948 -0.048925638 -9.5206981 0.88755367 -0.0058787669 0.4606669 107.14578
0.46836834 -0.056653114 -0.88171507 -96.398247 0.029865405 0.998387 -0.048285126 -9.5911901 0.88302844 -0.0037175539 0.46930483 107.63627
0.47834023 -0.055801777 -0.87639987 -97.36496 0.028159515 0.99844055 -0.048202801 -9.6628121 0.87772304 -0.0016216569 0.47916563 108.18256
0.48808395 -0.057503669 -0.87090029 -98.326429 0.029054701 0.99834471 -0.049635247 -9.7385935 0.87231299 -0.0010775812 0.48894678 108.68284
0.49725046 -0.058793576 -0.86561263 -99.25883 0.026664521 0.9982656 -0.052486132 -9.811869 0.86719724 0.0030176061 0.49795573 109.22843
0.5094674 -0.057764763 -0.85854886 -100.21347 0.022538973 0.99829773 -0.053792582 -9.8874141 0.86019476 0.0080547567 0.5099021 109.77771
0.52182243 -0.056937035 -0.85115185 -101.11903 0.021668356 0.99833282 -0.053498183 -9.9683088 0.85277893 0.0094734902 0.52218619 110.34154
0.53356426 -0.055095537 -0.84396304 -102.0391 0.021534605 0.99843741 -0.051565469 -10.041796 0.84548537 0.0093390805 0.53391698 110.90379
0.54692502 -0.052616199 -0.83552648 -102.96018 0.020057604 0.9985601 -0.049753578 -10.111007 0.83694132 0.010452817 0.54719286 111.49097
0.5583331 -0.051896734 -0.82799204 -103.85543 0.020260048 0.9985968 -0.048928076 -10.191554 0.82936948 0.010543006 0.55860108 112.09042
0.5695083 -0.052519726 -0.82030599 -104.71548 0.020769325 0.99855752 -0.049512823 -10.262405 0.82172318 0.011160762 0.5697776 112.6823
0.58172508 -0.052273966 -0.81170395 -105.5957 0.018908688 0.99853215 -0.050754438 -10.331994 0.8131657 0.014176872 0.58185962 113.29264
0.59095842 -0.054388849 -0.80486641 -106.39894 0.021704215 0.9984354 -0.051533351 -10.401922 0.80641003 0.012985074 0.59121427 113.90414
0.60292485 -0.054658408 -0.79592338 -107.24927 0.02328394 0.99843091 -0.050927237 -10.488049 0.79745817 0.012173064 0.60325147 114.55551
0.61307489 -0.052792825 -0.78825887 -108.06304 0.022281219 0.9985233 -0.049545665 -10.553393 0.78971057 0.012811835 0.61334585 115.17397
0.62316949 -0.050855829 -0.78043156 -108.88152 0.023248797 0.99864717 -0.046511559 -10.622772 0.78174122 0.010840489 0.62350878 115.81834
0.63208974 -0.048703663 -0.77336308 -109.66006 0.021220661 0.99873652 -0.045552686 -10.689955 0.7746046 0.012382109 0.63232464 116.47028
0.64227648 -0.047570511 -0.76499537 -110.44612 0.018727057 0.99874816 -0.046383304 -10.756132 0.76624426 0.015464793 0.64236331 117.08683
0.65189812 -0.047039167 -0.75684616 -111.20723 0.017141082 0.99873324 -0.047308612 -10.820131 0.75811284 0.017867233 0.65187862 117.72681
0.66132711 -0.045919322 -0.74869074 -111.9442 0.015960258 0.99875989 -0.047158892 -10.884796 0.74992784 0.019238157 0.66123987 118.39769
0.66926745 -0.046150796 -0.74158691 -112.67131 0.018888608 0.99880337 -0.045111423 -10.958339 0.7427815 0.016184063 0.66933831 119.0436
0.67830054 -0.04419242 -0.7334544 -113.36563 0.018337207 0.99889695 -0.043227686 -11.016131 0.73455576 0.015871857 0.67836271 119.69813
0.68721319 -0.042806878 -0.72519346 -114.09505 0.017460726 0.99894729 -0.042419816 -11.079423 0.72624596 0.016489053 0.6872372 120.35136
0.69523898 -0.041264422 -0.71759317 -114.79253 0.015534962 0.99898018 -0.042394255 -11.137676 0.71861079 0.018326356 0.695171 121.02156
0.70277224 -0.03995174 -0.71029219 -115.46171 0.014714268 0.99902459 -0.04163356 -11.199739 0.71126275 0.01880748 0.70267462 121.66783
0.71022947 -0.037876128 -0.70295054 -116.14151 0.014591586 0.99912907 -0.039092034 -11.256425 0.70381903 0.017507151 0.71016358 122.3443
0.71719651 -0.036172691 -0.69593151 -116.79004 0.014763667 0.99921646 -0.036721859 -11.312946 0.69671461 0.016062288 0.7171686 122.98649
0.72423931 -0.034124073 -0.68870381 -117.40632 0.013214197 0.99927817 -0.035616473 -11.365552 0.68942211 0.016694181 0.72416745 123.64612
0.73158708 -0.032714059 -0.68096262 -118.03535 0.011923181 0.99930923 -0.035198138 -11.421983 0.68164376 0.017631262 0.73147178 124.31822
0.73994157 -0.030332686 -0.67198688 -118.64965 0.010132038 0.99937204 -0.033953822 -11.468653 0.67259487 0.018315248 0.73978425 124.98613
0.74850123 -0.027356118 -0.66256887 -119.23406 0.0088984351 0.99947312 -0.031213683 -11.515287 0.66307372 0.017467654 0.74835029 125.63967
0.75743739 -0.023782854 -0.65247448 -119.79331 0.0068825782 0.99957167 -0.028444859 -11.555238 0.65287156 0.017054493 0.75727664 126.29754
0.76720548 -0.02070759 -0.64106701 -120.36549 0.0045330911 0.9996288 -0.026864729 -11.600953 0.6413854 0.017704752 0.76701457 126.97232
0.77674815 -0.021430996 -0.62944657 -120.89318 0.0047715833 0.99959245 -0.028145269 -11.64504 0.62979328 0.018858329 0.77653385 127.61741
0.78745561 -0.022043658 -0.61597704 -121.44099 0.0049798166 0.99955519 -0.029404455 -11.693484 0.61635128 0.02008725 0.78721511 128.30583
0.79664888 -0.020690646 -0.6040881 -121.93821 0.0040231691 0.99957332 -0.028930821 -11.734382 0.60442899 0.020617358 0.79639221 128.97507
0.80686878 -0.019698766 -0.59040215 -122.4484 0.0041293328 0.99960751 -0.027708579 -11.768622 0.5907163 0.01991922 0.80663344 129.65781
0.81651757 -0.017507313 -0.57705504 -122.90965 0.003600144 0.99967506 -0.025235102 -11.806681 0.57730938 0.018527423 0.81631529 130.35472
0.82587883 -0.016332602 -0.56361101 -123.39344 0.0040900633 0.99972762 -0.022977296 -11.843511 0.56383282 0.016671258 0.82572068 131.04129
0.83448685 -0.01496673 -0.55082453 -123.84582 0.0044895813 0.99978255 -0.020363979 -11.875692 0.55100958 0.014520501 0.83437259 131.74087
0.84290067 -0.014147761 -0.53788315 -124.31556 0.0050505302 0.99981826 -0.018383351 -11.907535 0.53804552 0.012778743 0.84281893 132.4443
0.84988657 -0.014532819 -0.52676521 -124.75542 0.0067361775 0.99983758 -0.016716122 -11.935887 0.52692263 0.010658424 0.84984643 133.17163
0.8562402 -0.014296435 -0.51638001 -125.18179 0.0068720371 0.99984375 -0.016286625 -11.970188 0.5165322 0.01039668 0.85620466 133.87876
0.86338841 -0.013521139 -0.5043586 -125.62216 0.0063122054 0.99985208 -0.015999043 -11.99259 0.50450037 0.010629773 0.86334605 134.61749
0.86915309 -0.011768677 -0.49440306 -126.02756 0.0047786147 0.99986999 -0.015399984 -12.023688 0.49452007 0.011022382 0.86909633 135.35229
0.87571996 -0.010739709 -0.4826999 -126.44456 0.0039501543 0.99987849 -0.015080125 -12.045109 0.48280324 0.011299227 0.87565597 136.09948
0.8813836 -0.011687986 -0.47225663 -126.85949 0.0049578295 0.99986768 -0.015493038 -12.075662 0.47237526 0.011313941 0.88132493 136.83688
0.88639749 -0.012528726 -0.46275533 -127.25617 0.0057354571 0.99985419 -0.016084103 -12.103293 0.46288941 0.011602795 0.88634011 137.60473
0.89059593 -0.013165113 -0.45460484 -127.65012 0.0063329926 0.99984301 -0.016548238 -12.133828 0.45475137 0.011858784 0.89053949 138.37145
0.89389534 -0.012362225 -0.44810521 -128.04287 0.005799012 0.99985492 -0.016015707 -12.158671 0.44823823 0.011717799 0.89383735 139.14096
0.89697215 -0.010437894 -0.44196379 -128.43024 0.0054490189 0.99990632 -0.012556001 -12.186164 0.44205349 0.0088541144 0.896945 139.92717
0.90007532 -0.0067148786 -0.43568259 -128.81541 0.0033967041 0.999959 -0.0083944461 -12.203293 0.43572113 0.0060757486 0.90006122 140.75716
0.90324818 -0.003915334 -0.42910066 -129.21054 0.0015196624 0.99998129 -0.0059254829 -12.223335 0.42911586 0.0047000933 0.90323723 141.57563
0.90690673 -0.0015332139 -0.42132862 -129.60602 -5.2364564e-05 0.99999296 -0.0037516865 -12.243115 0.42133145 0.0034244922 0.90690027 142.39595
0.90980593 0.00036895667 -0.41503376 -130.00288 -0.0010851124 0.9999983 -0.0014897238 -12.249442 0.41503254 0.0018057175 0.90980479 143.24626
0.91293653 0.0016905746 -0.40809806 -130.40333 -0.0013402187 0.99999845 0.0011444243 -12.26525 0.40809939 -0.00049784646 0.91293738 144.10705
0.91634646 0.0019852167 -0.40038132 -130.77462 -0.00062677964 0.9999936 0.0035237823 -12.27956 0.40038579 -0.002978055 0.91634184 144.96367
0.91952349 0.0016477335 -0.39303157 -131.14803 2.8253353e-05 0.99999093 0.0042584317 -12.289672 0.39303506 -0.0039268328 0.91951511 145.86151
0.92293065 0.00058664179 -0.38496578 -131.52297 0.001002048 0.99999179 0.0039262128 -12.287966 0.38496496 -0.0040093767 0.92292249 146.77008
0.92708968 -0.0016472869 -0.37483597 -131.90257 0.003348727 0.99998684 0.0038878464 -12.314463 0.37482466 -0.004859606 0.92708299 147.67615
0.93047972 -0.0035333096 -0.36632634 -132.26605 0.0047618924 0.99998566 0.002450233 -12.316681 0.36631246 -0.0040242992 0.93048321 148.5924
0.93505911 -0.0042901546 -0.35446585 -132.63262 0.0048070756 0.99998828 0.00057775712 -12.334699 0.35445924 -0.0022441815 0.93506878 149.54833
0.93993921 -0.0028136272 -0.34133028 -132.99585 0.0028263528 0.9999959 -0.00046001207 -12.345935 0.3413302 -0.0005323367 0.93994331 150.49549
0.94567945 0.00077693224 -0.32509962 -133.33925 -0.00061280539 0.99999963 0.00060724297 -12.356348 0.3251 -0.00037503466 0.94567958 151.49252
0.95175016 0.0043021937 -0.30684381 -133.65842 -0.0034266636 0.99998838 0.0033920065 -12.364917 0.30685486 -0.0021768925 0.95175384 152.46645
0.95816413 0.007401554 -0.28612358 -133.99121 -0.0061657731 0.99996737 0.005219738 -12.373827 0.28615291 -0.003237193 0.9581785 153.50874
0.9643274 0.0092672795 -0.26455015 -134.28503 -0.0079187564 0.99994965 0.0061634422 -12.388385 0.26459397 -0.0038486683 0.96435223 154.53979
0.96973186 0.010456981 -0.24394829 -134.55007 -0.0089948155 0.99993429 0.0071069774 -12.387452 0.2440066 -0.0046975928 0.9697622 155.58213
0.97485848 0.011202791 -0.22254311 -134.79769 -0.0092701905 0.99990972 0.0097269091 -12.40235 0.22263201 -0.0074193431 0.97487432 156.6573
0.97977385 0.013032757 -0.19968311 -135.0351 -0.010621155 0.99985721 0.01314366 -12.396012 0.19982591 -0.010756949 0.97977237 157.74187
0.98407942 0.015050117 -0.17709087 -135.25031 -0.012139786 0.99977305 0.0175062 -12.404337 0.17731417 -0.015077647 0.9840388 158.85565
0.98781561 0.016750374 -0.15472476 -135.42493 -0.013720115 0.99969299 0.020632046 -12.393301 0.15502287 -0.018257816 0.98774215 159.96712
0.99102882 0.0183164 -0.13238723 -135.59705 -0.015682893 0.99965839 0.020907949 -12.389774 0.13272497 -0.018644166 0.99097754 161.09662
0.99370841 0.018254055 -0.11050062 -135.7298 -0.016284617 0.99969253 0.01869928 -12.386902 0.11080799 -0.016782172 0.99370013 162.25151
0.99578721 0.018308717 -0.089847781 -135.8325 -0.016794085 0.99970432 0.017584956 -12.376782 0.090143181 -0.016001963 0.99580025 163.40552
0.99747636 0.017021475 -0.068928745 -135.92956 -0.015721061 0.99968888 0.019364825 -12.374467 0.069236924 -0.018232322 0.99743362 164.58955
0.99866065 0.017287377 -0.048765249 -135.99661 -0.016263611 0.99964056 0.021313054 -12.365949 0.049116172 -0.020491409 0.99858285 165.7811
0.99943856 0.017852001 -0.028352457 -136.04507 -0.017226321 0.999606 0.022160968 -12.362533 0.028736906 -0.021660118 0.99935231 167.00211
0.99978366 0.019097775 -0.0082409851 -136.06941 -0.018905209 0.99956027 0.022844343 -12.347112 0.0086736381 -0.022683604 0.99970507 168.20062
0.99972577 0.019532029 0.012918187 -136.06436 -0.01982558 0.99953886 0.023000108 -12.339696 -0.012462992 -0.023249911 0.999652 169.44261
0.99919828 0.021488398 0.033779473 -136.03803 -0.022261267 0.99949507 0.022672657 -12.325486 -0.033275221 -0.023406454 0.99917211 170.66498
0.99835698 0.022351077 0.052761422 -135.99004 -0.023497984 0.99949869 0.021218207 -12.312372 -0.052260727 -0.022423133 0.9983817 171.92573
0.99705256 0.023019645 0.073186603 -135.90987 -0.024498236 0.9995122 0.019369817 -12.309235 -0.072705023 -0.021105669 0.99713015 173.18748
0.99548417 0.024479107 0.091717132 -135.81595 -0.026104103 0.99952206 0.016559735 -12.300626 -0.091267937 -0.018879147 0.9956474 174.44828
0.99350455 0.024917962 0.11103062 -135.66498 -0.026707066 0.99953587 0.014655355 -12.299041 -0.11061391 -0.017525465 0.99370892 175.74203
0.99117959 0.024780255 0.13018817 -135.52135 -0.026534163 0.9995788 0.011754541 -12.300221 -0.12984207 -0.015105295 0.99141962 177.049
0.98861988 0.026196747 0.14813666 -135.33308 -0.027489563 0.99959973 0.0066861594 -12.303564 -0.14790223 -0.010682282 0.9889443 178.32653
0.98564706 0.027954285 0.16648851 -135.13199 -0.028385902 0.99959702 0.00021298178 -12.325745 -0.16641547 -0.0049358512 0.98604337 179.63168
0.98261973 0.030361069 0.18313021 -134.90566 -0.029911512 0.99953893 -0.0052172188 -12.33672 -0.18320419 -0.00035115929 0.98307482 180.94465
0.9792169 0.032282153 0.20023016 -134.65473 -0.03109344 0.99947524 -0.0090795133 -12.367083 -0.20041821 0.0026649686 0.97970681 182.25363
0.97497989 0.034590384 0.21958534 -134.36438 -0.032709031 0.99939047 -0.012198694 -12.398049 -0.21987347 0.0047110579 0.97551702 183.5925
0.97111346 0.034068234 0.23617366 -134.06114 -0.032086904 0.99941027 -0.012228799 -12.4322 -0.23645102 0.0042974695 0.97163391 184.92325
0.96679753 0.032912675 0.25341526 -133.72542 -0.03070319 0.99944824 -0.012669912 -12.465784 -0.25369246 0.0044685831 0.96727461 186.24535
0.96211095 0.032688617 0.27069164 -133.35942 -0.029027414 0.99942508 -0.017518945 -12.524189 -0.27110871 0.0089976911 0.96250668 187.59005
0.95755762 0.034169201 0.28620948 -132.98063 -0.029086792 0.99933494 -0.021991583 -12.566295 -0.28677059 0.012733293 0.95791466 188.93581
0.9522434 0.036251841 0.30318033 -132.57996 -0.030935748 0.99927213 -0.022320361 -12.603775 -0.30376883 0.011875307 0.95267176 190.2773
0.94680031 0.038024217 0.3195674 -132.14128 -0.032496217 0.99921597 -0.02261488 -12.664123 -0.32017679 0.011027044 0.94729364 191.63027
0.9401502 0.041941298 0.33816937 -131.68347 -0.035205903 0.99904106 -0.026029097 -12.702554 -0.3389368 0.012565704 0.94072523 192.99883
0.93352986 0.042946486 0.35591796 -131.189 -0.03472617 0.99896267 -0.029456289 -12.769793 -0.35681383 0.015138658 0.93405285 194.33192
0.92704899 0.043721296 0.37238234 -130.676 -0.034061189 0.9988917 -0.032483953 -12.826844 -0.3733899 0.017430432 0.92751074 195.6556
0.9199556 0.044022901 0.38954289 -130.12823 -0.032114572 0.99879788 -0.037033151 -12.906432 -0.39070495 0.021558853 0.92026348 196.99857
0.91140788 0.047145017 0.40879458 -129.55569 -0.032214477 0.99854103 -0.043336451 -12.984093 -0.4102413 0.026328079 0.91159691 198.32019
0.90203961 0.051008299 0.42862884 -128.95851 -0.03413385 0.99831299 -0.046968757 -13.072524 -0.43030156 0.027736928 0.90225897 199.66108
0.88994246 0.053722624 0.45289765 -128.31715 -0.035572236 0.99818927 -0.048505672 -13.154162 -0.45468346 0.027056676 0.89024205 200.97848
0.87653159 0.058283861 0.47780263 -127.63087 -0.038526136 0.99795237 -0.051056948 -13.256469 -0.4798001 0.02634514 0.87698222 202.29581
0.86247051 0.062543139 0.50222799 -126.92949 -0.040698677 0.99769204 -0.054352577 -13.351121 -0.50446829 0.026437481 0.86302539 203.58974
0.84744963 0.066000445 0.5267571 -126.17721 -0.041920076 0.9974629 -0.057536659 -13.456636 -0.52921816 0.026677723 0.84806631 204.86505
0.83281631 0.06771944 0.54939152 -125.39624 -0.041494417 0.99733357 -0.060033043 -13.566997 -0.55199206 0.027199817 0.83340564 206.15919
0.81645765 0.068466805 0.57333164 -124.53309 -0.040139322 0.99727286 -0.061932796 -13.671135 -0.57600848 0.027552363 0.81697927 207.36562
0.80118253 0.070747414 0.5942233 -123.6808 -0.038575819 0.99702752 -0.066693527 -13.797272 -0.59717543 0.030511039 0.80153017 208.60871
0.7847478 0.073685834 0.61541958 -122.78583 -0.037166272 0.99671575 -0.071947145 -13.92781 -0.61869992 0.033587513 0.78490912 209.79901
0.7682131 0.075031112 0.63578215 -121.83641 -0.034855158 0.9965372 -0.075489863 -14.057163 -0.63924471 0.035832016 0.76816815 210.95587
0.75243667 0.076951382 0.65415404 -120.85579 -0.033474907 0.99633619 -0.078699658 -14.201791 -0.65781345 0.037318764 0.75225582 212.14455
0.73607291 0.077606928 0.67243869 -119.85777 -0.031380335 0.99625013 -0.080628462 -14.342021 -0.67617452 0.038247077 0.73574806 213.27457
0.72083227 0.077754015 0.68873443 -118.80851 -0.029047095 0.99620362 -0.082064648 -14.48588 -0.69250065 0.039149113 0.72035424 214.40292
0.70612102 0.0784485 0.70373212 -117.78239 -0.026429471 0.99607139 -0.084517815 -14.633107 -0.70759779 0.041080539 0.7054203 215.47513
0.69103932 0.0799847 0.71837807 -116.70012 -0.023806897 0.99583803 -0.087976382 -14.790979 -0.72242503 0.043692788 0.69006743 216.54687
0.67638986 0.082318618 0.73192921 -115.58583 -0.021668754 0.9955287 -0.091940615 -14.956169 -0.73622502 0.046327707 0.67514925 217.5911
0.66151334 0.08493285 0.74510836 -114.4663 -0.020838906 0.99526424 -0.094946476 -15.116896 -0.74964384 0.047281119 0.66015048 218.62459
0.64558492 0.085095122 0.75893273 -113.30842 -0.01887049 0.99524675 -0.095539612 -15.282986 -0.76345535 0.047357501 0.64412207 219.6471
0.62923242 0.08665998 0.77237074 -112.14341 -0.019603196 0.99521783 -0.095693151 -15.460345 -0.77696997 0.045072299 0.62792213 220.6251
0.61215983 0.087828129 0.78584127 -110.95844 -0.02198526 0.99531867 -0.094113767 -15.631076 -0.79042839 0.040335745 0.61122503 221.57766
0.59375654 0.088109914 0.79980607 -109.76422 -0.023389412 0.99545652 -0.092299838 -15.791906 -0.80430477 0.03609664 0.59311966 222.5077
0.5757855 0.089846176 0.81264917 -108.55492 -0.025739793 0.99544304 -0.091818405 -15.967041 -0.81719556 0.031950286 0.57547429 223.39272
0.55664199 0.093284488 0.82549842 -107.33125 -0.027292963 0.99519266 -0.094056664 -16.145317 -0.83030407 0.029825592 0.55651204 224.25894
0.53987042 0.096945587 0.83614677 -106.13014 -0.030024239 0.99493131 -0.095969994 -16.313954 -0.84121254 0.026706692 0.5400447 225.08779
0.51989103 0.096935513 0.84871477 -104.88476 -0.029869495 0.99499596 -0.095346002 -16.485287 -0.85371025 0.024218851 0.52018489 225.86105
0.49825246 0.095592565 0.86174618 -103.63253 -0.029563092 0.99519874 -0.093303246 -16.657531 -0.86652788 0.021012691 0.49868623 226.62566
0.47762052 0.093810371 0.87354347 -102.39135 -0.029541064 0.9954356 -0.090748505 -16.821696 -0.87806949 0.017537946 0.47821173 227.33101
0.45592621 0.092371308 0.88521114 -101.13909 -0.029442209 0.99562063 -0.088728328 -16.98469 -0.8895305 0.014390999 0.45664915 228.01545
0.43453083 0.091055468 0.89604229 -99.880701 -0.028016633 0.99576146 -0.087602376 -17.140809 -0.90022113 0.012961846 0.43524013 228.65513
