1 0 0 0 0 1 0 0 0 0 1 0
0.99993186 -0.0022533045 0.011454292 0.0075787375 0.0022412195 0.99999692 0.0010678097 -0.0094858055 -0.011456664 -0.0010420654 0.99993383 0.30155423
0.9998358 -0.0037703611 0.017724716 0.016951683 0.0037468135 0.99999205 0.0013615554 -0.014651359 -0.01772971 -0.0012949207 0.99984198 0.59283856
0.99978155 -0.0071563747 0.019637871 0.027550475 0.0071640719 0.99997429 -0.00032160856 -0.015516604 -0.019635066 0.00046222546 0.99980711 0.89013112
0.99980639 -0.0079256488 0.01801013 0.022687387 0.0079509999 0.9999675 -0.0013364015 -0.022484783 -0.017998955 0.0014793413 0.99983691 1.2036439
0.9998748 -0.011186179 0.011191263 0.029822521 0.011225097 0.99993115 -0.00342071 -0.025386387 -0.011152229 0.0035459049 0.99993152 1.5182608
0.99993114 -0.011726698 -0.00045506755 0.023478538 0.0117245 0.99992084 -0.0045657984 -0.034080016 0.00050857331 0.0045601486 0.99998947 1.8482232
0.99980478 -0.011528542 -0.0160467 -0.0022987309 0.011451034 0.99992236 -0.0049137741 -0.041394634 0.016102104 0.0047290636 0.99985917 2.1710757
0.99935088 -0.0071802161 -0.035302403 -0.042368424 0.0069884397 0.99996016 -0.0055527994 -0.042031939 0.03534087 0.0053024864 0.99936125 2.5228541
0.99850873 -0.0033384929 -0.054490132 -0.087291604 0.0030045793 0.99997621 -0.0062087384 -0.05109287 0.054509568 0.0060357596 0.99849501 2.8708869
0.9972466 -0.0028470783 -0.074102015 -0.12602029 0.002358322 0.99997489 -0.0066823883 -0.054162008 0.074119186 0.0064892326 0.99722828 3.215981
0.99533159 -0.004052168 -0.096429315 -0.1765246 0.0034926307 0.99997608 -0.0059706497 -0.060105791 0.09645121 0.0056059843 0.99532193 3.6027525
0.9932945 -0.0051738953 -0.11549578 -0.23298454 0.0045909737 0.99997535 -0.005312568 -0.067812705 0.11552043 0.0047467065 0.99329376 3.9820017
0.9912293 -0.0045233918 -0.1320758 -0.31911462 0.0039301652 0.99998099 -0.0047519008 -0.078310113 0.13209479 0.0041911435 0.99122823 4.3944265
0.98891529 -0.0033578509 -0.14844284 -0.3798406 0.0027799534 0.99998773 -0.0041003763 -0.085149961 0.1484548 0.0036422606 0.98891249 4.7919052
0.98681522 -0.0024416859 -0.16183247 -0.47252109 0.0018167615 0.99999031 -0.0040094204 -0.090548576 0.16184071 0.0036625461 0.9868101 5.2071845
0.98457278 -0.0040658202 -0.1749283 -0.56240535 0.0032325921 0.99998203 -0.0050479262 -0.09839958 0.1749457 0.0044045788 0.98456823 5.6422273
0.98286146 -0.0068878584 -0.18421701 -0.64883169 0.0057034564 0.99995952 -0.0069584915 -0.11191935 0.18425749 0.0057885594 0.98286096 6.1050657
0.98146753 -0.0064599413 -0.1915196 -0.74622003 0.0048847943 0.99995026 -0.008695472 -0.12192328 0.19156626 0.0075987896 0.98145027 6.5530775
0.97997325 -0.0063481746 -0.19902796 -0.86812755 0.0042557496 0.99993111 -0.010939251 -0.1245244 0.19908371 0.0098731599 0.97993275 7.0424026
0.97849416 -0.0067014499 -0.20616565 -0.96333026 0.0040634366 0.9999044 -0.013216365 -0.13756437 0.20623452 0.012094395 0.97842785 7.5185323
0.97652879 -0.010572215 -0.21512728 -1.0895916 0.0075554206 0.99986132 -0.014840811 -0.14976625 0.21525436 0.012867102 0.97647325 8.010432
0.97475893 -0.016397824 -0.222657 -1.2030998 0.013112651 0.99978238 -0.016224882 -0.16478222 0.22287462 0.012895725 0.97476182 8.5253942
0.97303342 -0.017213471 -0.23002098 -1.3158644 0.013274175 0.99973772 -0.018662389 -0.18886164 0.23028192 0.015105789 0.97300671 9.0491718
0.97099792 -0.013240558 -0.23872099 -1.4699474 0.0080542531 0.99971015 -0.022687814 -0.19379953 0.23895222 0.020107101 0.97082313 9.5871294
0.96883484 -0.010554631 -0.24748261 -1.6247043 0.0043095297 0.9996588 -0.025762648 -0.21182876 0.2476701 0.023893217 0.96854976 10.110171
0.96659145 -0.01303639 -0.25599027 -1.7820415 0.0061087425 0.99959376 -0.027838701 -0.23399347 0.25624921 0.025344872 0.96627842 10.683274
0.9641184 -0.015055773 -0.26504532 -1.9558042 0.0074441203 0.99953115 -0.029699452 -0.26270385 0.26536822 0.02666076 0.96377846 11.245206
0.96209761 -0.014518456 -0.27231856 -2.1163037 0.0059682562 0.99946363 -0.032199876 -0.28461926 0.27264001 0.029354157 0.96166822 11.818012
0.9595728 -0.014309914 -0.28109655 -2.3073986 0.0043961634 0.9993469 -0.035867141 -0.30927653 0.28142624 0.033181387 0.95900901 12.393619
0.95755948 -0.01505902 -0.28784207 -2.4955198 0.003331369 0.99914578 -0.041189851 -0.34084615 0.2882165 0.038482824 0.95679169 12.98781
0.9555431 -0.016279341 -0.29440169 -2.7008165 0.0021930099 0.99883943 -0.048114301 -0.38026029 0.29484331 0.045329663 0.95446983 13.596612
0.95423856 -0.016707193 -0.29857935 -2.9142395 -1.7364184e-05 0.99843505 -0.055923548 -0.41292112 0.29904644 0.053369592 0.95274494 14.228312
0.95312695 -0.017006184 -0.30209238 -3.1139501 -0.0027323322 0.99789473 -0.064796868 -0.46035427 0.30255837 0.062585059 0.95107389 14.850187
0.95168423 -0.016489012 -0.30663534 -3.3388927 -0.0064846833 0.99725549 -0.073752514 -0.50869332 0.30700991 0.072177539 0.9489654 15.476925
0.95026523 -0.015362556 -0.31106265 -3.5559452 -0.010388049 0.99666346 -0.080957 -0.56591685 0.31126851 0.080161958 0.94693505 16.114374
0.94873686 -0.013903938 -0.31576104 -3.8004772 -0.014515364 0.99606117 -0.087472576 -0.62886054 0.31573355 0.087571846 0.94479813 16.791959
0.94711594 -0.012079968 -0.3206641 -4.0515188 -0.018866584 0.99546626 -0.093225407 -0.70029774 0.32033648 0.094345106 0.94259405 17.463804
0.94546221 -0.010534389 -0.3255614 -4.2868513 -0.022837002 0.99487373 -0.098512625 -0.7749348 0.32493028 0.10057481 0.94037494 18.118018
0.94367452 -0.0078807573 -0.33078131 -4.5582106 -0.02743685 0.99440954 -0.10196512 -0.84979846 0.32973568 0.10529748 0.93818273 18.823363
0.94193589 -0.0079735821 -0.33569808 -4.8130562 -0.028286286 0.99428064 -0.10298493 -0.92810499 0.33459929 0.10650086 0.93632307 19.508306
0.93985115 -0.0064769709 -0.34152284 -5.092437 -0.030260353 0.99431052 -0.10213181 -1.0184483 0.34024129 0.1063233 0.93430789 20.234165
0.93752208 -0.0064370292 -0.34786622 -5.3801942 -0.03056652 0.99443906 -0.10078018 -1.0990818 0.34658051 0.1051167 0.93211182 20.976296
0.9347748 -0.0063602831 -0.35518391 -5.6593455 -0.030794336 0.99462521 -0.09885545 -1.1854766 0.35390365 0.10334524 0.92955472 21.692121
0.93228324 -0.0062174103 -0.36167566 -5.9315392 -0.030432638 0.99495938 -0.095549438 -1.2662405 0.36044669 0.10008589 0.92739474 22.368781
0.92829222 -0.0031427602 -0.37183821 -6.2714307 -0.032886229 0.99535215 -0.090512971 -1.3532934 0.37039446 0.096250845 0.92387431 23.19095
0.92536347 -0.0016573746 -0.37907742 -6.5955138 -0.032960244 0.99585158 -0.084813026 -1.4325472 0.37764544 0.090977362 0.92147005 23.918593
0.92145854 0.0014817239 -0.38847388 -6.9243819 -0.035655166 0.99609446 -0.080774589 -1.5056593 0.38683702 0.088281537 0.91791258 24.654033
0.91797982 0.0023754651 -0.39661995 -7.2754281 -0.036736197 0.99619276 -0.079059724 -1.5824956 0.39492215 0.087145542 0.91457212 25.406386
0.91375047 0.0046084663 -0.40624971 -7.6325243 -0.039792459 0.99614304 -0.078202355 -1.6637515 0.40432246 0.087623115 0.91040955 26.171839
0.91044506 0.0042075209 -0.41360861 -7.9747173 -0.039694471 0.99622186 -0.077242124 -1.7325309 0.41172098 0.086742686 0.90717229 26.920971
0.90642731 0.0043368274 -0.42233956 -8.3696963 -0.039912138 0.99635213 -0.075428506 -1.8030598 0.42047183 0.085226934 0.90329388 27.716974
0.90299398 0.0047725012 -0.42962668 -8.7473576 -0.040070126 0.99651566 -0.073150036 -1.8792969 0.42778064 0.083269239 0.90003887 28.494434
0.89927738 0.0052228374 -0.43734757 -9.1391972 -0.03934732 0.99684027 -0.06900191 -1.9527896 0.43560532 0.079260313 0.89664141 29.278942
0.89484871 0.0048999317 -0.44634265 -9.5539456 -0.037080021 0.99729965 -0.063391447 -2.0135617 0.44482679 0.073276151 0.892614 30.072767
0.89174126 0.0050639752 -0.45251726 -9.9707577 -0.035717541 0.99760564 -0.059221945 -2.0797604 0.45113391 0.068973456 0.88978698 30.856001
0.88831942 0.0059348778 -0.45918772 -10.409425 -0.036102523 0.99772425 -0.05694664 -2.1500058 0.4578048 0.067164642 0.8865121 31.690533
0.8848249 0.0050618732 -0.46589619 -10.85148 -0.035235791 0.99780441 -0.056078467 -2.2069909 0.46458945 0.066035845 0.88306055 32.520166
0.88203453 0.0055211534 -0.47115241 -11.28937 -0.035217631 0.99790688 -0.054236307 -2.2641461 0.46986682 0.064431168 0.88038276 33.33432
0.87933451 0.0045555585 -0.47618279 -11.768536 -0.033724843 0.99803921 -0.05272931 -2.3287254 0.47500892 0.062425893 0.87776395 34.187681
0.87600368 0.002812934 -0.4822962 -12.224802 -0.032132957 0.99810158 -0.052542385 -2.3868613 0.48123285 0.061524926 0.87443104 35.017212
0.87348666 0.0012359734 -0.48684649 -12.69251 -0.030972205 0.9981122 -0.053035539 -2.4463246 0.48586191 0.061404546 0.87187597 35.848572
0.87281154 0.003402676 -0.4880455 -13.210493 -0.033852977 0.99798934 -0.053584004 -2.513141 0.48688192 0.063290532 0.87117181 36.720204
0.8724422 0.0023504137 -0.48871163 -13.718396 -0.032153905 0.99809785 -0.052600506 -2.5687574 0.48765843 0.06160489 0.87085826 37.577762
0.87208087 0.0024733295 -0.48935552 -14.23609 -0.031512213 0.9981956 -0.051112797 -2.6335962 0.48834615 0.059995169 0.87058523 38.490815
0.8716291 0.0020681596 -0.49016161 -14.740175 -0.030724415 0.99825521 -0.050423658 -2.6969555 0.48920214 0.059010658 0.87017184 39.384544
0.87112187 0.00045420237 -0.49106665 -15.24104 -0.029243085 0.99827287 -0.050952088 -2.7605219 0.49019542 0.058745783 0.86963062 40.275627
0.87046856 -0.001732518 -0.49222095 -15.782006 -0.027315782 0.99828277 -0.051820368 -2.8241903 0.49146552 0.058553402 0.86892645 41.207258
0.86962427 -0.0033248402 -0.49370289 -16.290148 -0.024579618 0.99844575 -0.05001936 -2.8844119 0.4931019 0.055633079 0.86819093 42.102828
0.86712133 -0.0022472176 -0.49809188 -16.849721 -0.023981455 0.99864178 -0.046254508 -2.9517333 0.49751935 0.052053239 0.8658897 43.050612
0.86434289 -0.0015552271 -0.50290051 -17.399734 -0.022527656 0.99887168 -0.041807652 -3.0205724 0.50239814 0.047465317 0.8633326 43.962033
0.86008497 -0.0048747984 -0.51012749 -17.91502 -0.01791378 0.99904907 -0.039749935 -3.0721277 0.50983621 0.043326634 0.85917976 44.858198
0.8553113 -0.0074865674 -0.51806033 -18.476868 -0.01654069 0.99899137 -0.04174505 -3.1376466 0.51785037 0.044274089 0.85432477 45.780696
0.84997561 -0.0080836521 -0.52675999 -19.062283 -0.018661721 0.99879275 -0.045439859 -3.2074963 0.52649142 0.048453021 0.84879863 46.678676
0.84418982 -0.0093361794 -0.53596303 -19.635444 -0.01768367 0.99881906 -0.045252238 -3.2603132 0.53575262 0.047679273 0.84302779 47.578595
0.83832463 -0.0063915405 -0.54513388 -20.232747 -0.018424169 0.99902794 -0.040046605 -3.3199437 0.54485998 0.043615695 0.83739197 48.473589
0.8335514 -0.0043450975 -0.55242481 -20.837143 -0.017905496 0.9992312 -0.034876976 -3.3795448 0.55215169 0.038963192 0.83283276 49.331347
0.82929059 -0.0031373219 -0.55880877 -21.432392 -0.020539944 0.99913739 -0.036091411 -3.4321724 0.55844001 0.041408169 0.8285108 50.213313
0.82682404 -0.00342263 -0.56245023 -22.065096 -0.023661912 0.99888457 -0.040862369 -3.4917437 0.56196276 0.047094637 0.82582079 51.0969
0.82403965 -0.0063179514 -0.56649688 -22.653876 -0.02514298 0.99854473 -0.047710003 -3.555312 0.56597395 0.053558355 0.8226816 51.938641
0.81992197 -0.0077586995 -0.57242269 -23.280551 -0.025184273 0.99845128 -0.049606385 -3.6140242 0.5719211 0.055089415 0.81845674 52.804042
0.81714979 -0.0052706377 -0.57640126 -23.904198 -0.025865998 0.99861565 -0.045800966 -3.686176 0.57584477 0.052335444 0.81588224 53.65827
0.81345079 -0.0043747487 -0.58161726 -24.517833 -0.023030159 0.99894526 -0.039723777 -3.7427172 0.58117764 0.045708076 0.81249206 54.531344
0.81072209 -0.0026065533 -0.58542538 -25.158165 -0.023444089 0.99904339 -0.036914524 -3.802712 0.58496162 0.043652185 0.80988543 55.403084
0.80786415 -0.0011580326 -0.58936758 -25.783306 -0.025812937 0.99896897 -0.037345425 -3.8566086 0.58880322 0.045383339 0.80700133 56.266692
0.80476341 -0.0029962154 -0.59358811 -26.464956 -0.02509464 0.99892153 -0.039064514 -3.9128572 0.59306503 0.046333572 0.80382031 57.127188
0.80079862 -0.0049019538 -0.5989136 -27.106158 -0.024974309 0.9988235 -0.041567895 -3.9743544 0.5984128 0.048244967 0.79973407 57.980251
0.79742685 -0.0045996857 -0.60339806 -27.74817 -0.026192212 0.99876461 -0.042228134 -4.0344491 0.60284692 0.049478179 0.79632125 58.817727
0.79237088 -0.0071770919 -0.60999741 -28.436768 -0.022641075 0.99889589 -0.041162954 -4.0928898 0.60961938 0.046427324 0.79133352 59.7035
0.78835593 -0.0059177098 -0.61519093 -29.080958 -0.024097997 0.99888932 -0.040489762 -4.1516318 0.61474731 0.046745214 0.78733771 60.513631
0.78303842 -0.0055721579 -0.62194835 -29.808523 -0.025542811 0.99882819 -0.041107319 -4.2240671 0.62144865 0.048074919 0.78197852 61.375531
0.77707606 -0.0070509213 -0.62936718 -30.498132 -0.024913156 0.99880906 -0.041949979 -4.2809995 0.62891348 0.048277848 0.77597495 62.202266
0.77191411 -0.0086440697 -0.63566804 -31.163941 -0.0240815 0.99879232 -0.042824992 -4.3409051 0.63527059 0.048365055 0.77077372 63.027254
0.76668987 -0.010108427 -0.64193803 -31.88827 -0.023716876 0.99874764 -0.044052936 -4.3996962 0.64157945 0.048999705 0.76548996 63.843572
0.76208638 -0.013760223 -0.6473291 -32.592762 -0.020406401 0.99876703 -0.045254718 -4.4598871 0.64715374 0.047697662 0.76086596 64.679257
0.75514329 -0.012983827 -0.65543115 -33.320663 -0.022004079 0.99873848 -0.045136211 -4.5306458 0.65519041 0.048506466 0.75390496 65.523142
0.74839767 -0.013700102 -0.66310873 -34.082092 -0.020246159 0.99884883 -0.043486847 -4.5927459 0.66294121 0.045970861 0.74725877 66.342739
0.74549683 -0.014720953 -0.66634656 -34.794614 -0.018550913 0.99891046 -0.042822401 -4.653193 0.66625099 0.044285301 0.74441149 67.104479
0.73535881 -0.014674002 -0.67751904 -35.609347 -0.019981314 0.99886138 -0.043320891 -4.7198263 0.67738335 0.04539412 0.73422831 67.947572
0.72858176 -0.018278119 -0.6847149 -36.364274 -0.017215851 0.99883943 -0.044982313 -4.7860378 0.68474249 0.044561243 0.72742152 68.743679
0.72634144 -0.016095867 -0.68714554 -37.157284 -0.020570545 0.99876889 -0.04513933 -4.8561709 0.68702621 0.046921524 0.72511613 69.592129
0.72039849 -0.01755062 -0.69333827 -37.925794 -0.018164084 0.99885945 -0.044157349 -4.9132952 0.69332252 0.044404743 0.71925805 70.378293
0.71537738 -0.015437379 -0.69856771 -38.710136 -0.02112466 0.99882109 -0.043705545 -4.9824863 0.69841892 0.046022964 0.71420791 71.206088
0.7103555 -0.016564426 -0.7036481 -39.525371 -0.021296415 0.99875947 -0.045010995 -5.0492719 0.70352084 0.04695899 0.70912151 72.029642
0.7064521 -0.017719384 -0.70753898 -40.382541 -0.022413294 0.99862506 -0.047388114 -5.1238364 0.70740591 0.049335712 0.70508362 72.832297
0.70111912 -0.020636275 -0.71274545 -41.173667 -0.021438902 0.99851911 -0.04999953 -5.1883597 0.71272182 0.050336106 0.69963842 73.61098
0.69707337 -0.019868739 -0.71672443 -42.024568 -0.024003273 0.998409 -0.051022635 -5.263723 0.71659794 0.052770253 0.69548741 74.42892
0.69067954 -0.021274906 -0.72284792 -42.842591 -0.020634796 0.99858036 -0.04910678 -5.3267971 0.72286653 0.048832868 0.68926002 75.18214
0.68763026 -0.019888078 -0.72578856 -43.715605 -0.02209579 0.99858857 -0.048297453 -5.4077237 0.72572477 0.049247663 0.68622028 75.998547
0.68145011 -0.021617879 -0.73154519 -44.575797 -0.020441306 0.99861149 -0.048551466 -5.4804747 0.73157908 0.048039141 0.68006201 76.77262
0.67770218 -0.021572372 -0.73501996 -45.436635 -0.021124812 0.99858587 -0.048785336 -5.5517459 0.73503302 0.048589088 0.67628811 77.569989
0.67373548 -0.023224621 -0.73860753 -46.32739 -0.019014529 0.99863024 -0.048745199 -5.6272693 0.73872796 0.046885644 0.67237101 78.371418
0.66887525 -0.023368443 -0.74300725 -47.201221 -0.018723752 0.99865907 -0.048264617 -5.6985781 0.74313886 0.046194892 0.66754079 79.128912
0.66550998 -0.026766631 -0.74590882 -48.090769 -0.015031653 0.99867344 -0.049248429 -5.772294 0.7462376 0.043987564 0.6642248 79.911118
0.66068601 -0.030370412 -0.75004772 -48.99162 -0.013393053 0.99854528 -0.052229788 -5.8558733 0.75054291 0.04455292 0.65931815 80.695884
0.65611375 -0.035802518 -0.75381223 -49.904724 -0.0079502742 0.99849065 -0.054343458 -5.9192162 0.75462016 0.041648504 0.65483881 81.461395
0.65047161 -0.039711985 -0.75849165 -50.782373 -0.0022417927 0.99852748 -0.054201955 -6.0040191 0.75952729 0.036957214 0.64942475 82.242376
0.6413736 -0.042827398 -0.76603242 -51.721666 0.0017122099 0.99851821 -0.054391654 -6.0895495 0.76722684 0.033573763 0.64049655 83.017666
0.63230557 -0.044380098 -0.77344685 -52.632673 0.0047818115 0.9985624 -0.053387936 -6.1679481 0.77470437 0.030059012 0.63160878 83.752812
0.6241155 -0.042411169 -0.78018016 -53.58502 0.0046030581 0.99870798 -0.050608224 -6.2428847 0.78131857 0.027994162 0.62350435 84.514108
0.61324479 -0.041974174 -0.78877686 -54.567399 0.0045802729 0.99875929 -0.04958724 -6.330105 0.78987967 0.026796304 0.61267619 85.288706
0.60489748 -0.042169092 -0.79518599 -55.529222 0.0012843112 0.99864721 -0.051981762 -6.4053648 0.79630236 0.03042237 0.60413334 86.015563
0.59683062 -0.045663055 -0.80106681 -56.533848 0.0039777584 0.99853541 -0.053955711 -6.4899412 0.80235743 0.02901597 0.59613815 86.723069
0.58512623 -0.047656451 -0.80954067 -57.549766 0.0047016117 0.99845432 -0.055379247 -6.5647447 0.81092863 0.028597704 0.58444588 87.45575
0.57593116 -0.048308742 -0.81606955 -58.513126 0.0070243726 0.99850804 -0.05415116 -6.6460981 0.81746805 0.025454964 0.57541123 88.155164
0.56442499 -0.047141575 -0.82413715 -59.525841 0.00709893 0.9986083 -0.052259693 -6.7318014 0.82545387 0.023646184 0.56397413 88.85421
0.55433543 -0.049286607 -0.83083272 -60.587083 0.0096829835 0.99855943 -0.05277595 -6.8115544 0.83223706 0.021210639 0.55401411 89.511291
0.54572674 -0.049275228 -0.83651313 -61.621595 0.0070758592 0.99850496 -0.05420127 -6.9003789 0.83793336 0.023660033 0.54525952 90.207264
0.53223975 -0.050309844 -0.84509745 -62.669029 0.00694782 0.99845866 -0.055063937 -6.9810246 0.8465652 0.023435631 0.53176893 90.855573
0.52519238 -0.051877156 -0.84940077 -63.746414 0.0071351397 0.99837348 -0.056563942 -7.0621441 0.85095365 0.023646358 0.5247083 91.487852
0.51843978 -0.050135083 -0.85364314 -64.844082 0.0032481379 0.99838806 -0.056663378 -7.1581275 0.85510801 0.026603798 0.51776693 92.137103
0.50826847 -0.049915353 -0.85975087 -65.934173 0.0050363093 0.9984741 -0.054991965 -7.2330565 0.86118399 0.02362071 0.50774429 92.756598
0.50011644 -0.047752112 -0.86464051 -66.99209 0.0052792574 0.998628 -0.05209836 -7.3213896 0.86594211 0.021490586 0.49968238 93.35862
0.49172937 -0.048600931 -0.86939065 -68.136171 0.0061214683 0.99860939 -0.052362238 -7.4069624 0.8707266 0.020426103 0.49134308 93.983892
0.48525 -0.050817461 -0.87289745 -69.268534 0.0064749957 0.99849116 -0.054529652 -7.4985489 0.87435152 0.020808506 0.48484688 94.622147
0.47980556 -0.054475628 -0.875682 -70.364743 0.0093376453 0.99833112 -0.05698925 -7.5836613 0.87732519 0.019166951 0.4795135 95.237257
0.47240409 -0.057648609 -0.87949471 -71.500866 0.01094496 0.99816542 -0.059548288 -7.675821 0.88131416 0.01850482 0.47216839 95.827378
0.46678459 -0.060850869 -0.88227505 -72.650504 0.012025333 0.99797449 -0.062468473 -7.7747742 0.88428932 0.018549669 0.46657086 96.418431
0.46125524 -0.06151323 -0.88513257 -73.752892 0.013964983 0.9979736 -0.062077885 -7.8722118 0.88715762 0.016272888 0.46117958 96.977935
0.45745548 -0.059031619 -0.88727092 -74.881711 0.015692625 0.99817462 -0.058319489 -7.9712271 0.88909409 0.012754959 0.45754681 97.600251
0.4560129 -0.05833202 -0.88805943 -76.011718 0.021343013 0.99827951 -0.054612304 -8.0613941 0.88971725 0.0059500508 0.45647331 98.190278
0.45043244 -0.05781635 -0.89093648 -77.147728 0.022480421 0.99831909 -0.053419358 -8.1543045 0.89252749 0.0040331836 0.45097504 98.735059
0.44787684 -0.056828473 -0.8922874 -78.236592 0.022078806 0.99837667 -0.052502856 -8.2474229 0.89382265 0.0038141723 0.44840449 99.307727
0.44652737 -0.056166417 -0.89300536 -79.407581 0.024590612 0.99842125 -0.050500663 -8.3357593 0.89443204 0.00059037896 0.44720358 99.878927
0.44188835 -0.054338963 -0.89542275 -80.467874 0.024768834 0.99852222 -0.048372239 -8.4156174 0.89672809 -0.00080344879 0.44258125 100.42733
0.44150171 -0.056549741 -0.89547658 -81.583791 0.028973706 0.99839002 -0.048763707 -8.503656 0.89679252 -0.0044160154 0.44242936 100.94654
0.43926614 -0.057598045 -0.89650859 -82.613766 0.033034475 0.99830322 -0.047952009 -8.5795179 0.89774943 -0.0085519976 0.44042353 101.45005
0.43562467 -0.056018567 -0.89838355 -83.792552 0.033560692 0.99837844 -0.04598021 -8.6684233 0.89950258 -0.010120261 0.4367983 102.02023
0.43532689 -0.055682188 -0.89854879 -84.850899 0.036651659 0.99835412 -0.044110115 -8.7472406 0.89952611 -0.013730985 0.43665124 102.53224
0.43301439 -0.056981138 -0.89958414 -85.968948 0.039677256 0.99823752 -0.044131378 -8.8290482 0.90051336 -0.016583509 0.43451207 103.04563
0.43272355 -0.056611483 -0.89974741 -86.962417 0.038095238 0.99828323 -0.044489806 -8.8950705 0.90072146 -0.015024306 0.43413729 103.53177
0.43195703 -0.058586295 -0.89998928 -88.022905 0.039437563 0.99816041 -0.046048536 -8.9783 0.90103156 -0.015602396 0.43347291 104.0347
0.43264798 -0.059199722 -0.89961717 -89.043122 0.038665486 0.99814212 -0.047088021 -9.0549937 0.90073346 -0.014411599 0.43413316 104.51774
0.43574637 -0.058655145 -0.89815623 -90.04648 0.035936381 0.99821244 -0.047754664 -9.130133 0.89935185 -0.011467564 0.4370753 105.02425
0.43812168 -0.058442516 -0.89701382 -91.111765 0.033053334 0.99825687 -0.048894744 -9.2186785 0.89830782 -0.008227451 0.4392897 105.50855
0.44339478 -0.059508007 -0.89434881 -92.099227 0.033356081 0.99819801 -0.049880832 -9.2956418 0.89570559 -0.0077150716 0.44458074 105.99183
0.45023191 -0.058723757 -0.8909785 -93.115496 0.031367658 0.99825933 -0.049943763 -9.3688528 0.89236056 -0.0054616334 0.45129023 106.49212
0.45553393 -0.057801068 -0.88833992 -94.088456 0.030206969 0.99831886 -0.049467098 -9.4473934 0.88970582 -0.0043001163 0.45651411 107.00061
0.4637273 -0.056525092 -0.88417297 -95.098679 0.028681359 0.99839743 -0.048784773 -9.5233088 0.88551366 -0.0027364521 0.46460536 107.50393
0.47282298 -0.055985795 -0.87937702 -96.078908 0.028407227 0.99842926 -0.048291308 -9.5978441 0.88069945 -0.0021474227 0.4736707 108.02397
0.48256135 -0.056422456 -0.8740429 -97.032759 0.028890847 0.99840527 -0.048499762 -9.6673043 0.87538559 -0.0018477296 0.48342189 108.49402
0.49308185 -0.056618016 -0.8681386 -97.992941 0.027374892 0.99839569 -0.049564806 -9.7407106 0.86955217 0.00067430512 0.4938407 109.05024
0.50283441 -0.058568603 -0.8623962 -98.907914 0.026865425 0.99827874 -0.052132571 -9.8184228 0.8639652 0.0030454093 0.50354237 109.60339
0.51453735 -0.057995385 -0.85550441 -99.894249 0.023321225 0.99828752 -0.053648383 -9.8971375 0.8571508 0.0076526856 0.51500874 110.14553
0.52693035 -0.05568812 -0.84808206 -100.79918 0.019511741 0.99838073 -0.053434237 -9.9686294 0.84968451 0.011608563 0.52716367 110.71817
0.54137142 -0.054423059 -0.8390203 -101.71732 0.020433868 0.99845978 -0.051580306 -10.044071 0.84053525 0.010779673 0.54164966 111.2973
0.55064455 -0.052592659 -0.83308134 -102.62338 0.019819501 0.9985556 -0.049938934 -10.124941 0.83450454 0.010987346 0.55089157 111.90021
0.56354159 -0.051768487 -0.82446397 -103.5188 0.020200397 0.99859963 -0.048895075 -10.197708 0.82584071 0.010899909 0.56379817 112.46934
0.57503821 -0.051443857 -0.81650752 -104.38742 0.018908168 0.99859019 -0.049599558 -10.269148 0.81790806 0.013082979 0.57520022 113.10653
0.58456347 -0.05249977 -0.80964762 -105.20633 0.01896891 0.99851589 -0.051051002 -10.339556 0.81112625 0.014484417 0.58469177 113.71867
0.59618399 -0.054346328 -0.80100629 -106.0574 0.021377489 0.9984271 -0.051829718 -10.414422 0.80256321 0.013776545 0.59640804 114.30959
0.60687582 -0.053169904 -0.79301617 -106.88293 0.020678435 0.99847837 -0.051120972 -10.487356 0.79452765 0.014625748 0.60705185 114.93942
0.61745171 -0.052250021 -0.7848715 -107.70586 0.021263018 0.99853551 -0.049746507 -10.562572 0.78632138 0.014027328 0.61765845 115.5862
0.62767228 -0.049388181 -0.77690943 -108.49962 0.020696464 0.99869144 -0.046766014 -10.624162 0.77820255 0.013274452 0.6278731 116.2376
0.63600106 -0.049280535 -0.77011299 -109.26161 0.021643226 0.99870537 -0.046034311 -10.69875 0.77138464 0.012610141 0.63624427 116.88889
0.64699286 -0.047201452 -0.76103365 -110.0287 0.017821274 0.99874556 -0.046794257 -10.764249 0.7622878 0.016712961 0.64702243 117.51636
0.65605161 -0.046237403 -0.75329831 -110.7809 0.015438644 0.99873489 -0.047856686 -10.826952 0.75455814 0.019766551 0.65593548 118.15776
0.66575874 -0.046099202 -0.74474164 -111.5384 0.015935303 0.99874049 -0.047576327 -10.897212 0.74599692 0.019806672 0.66565481 118.82187
0.6741656 -0.044037177 -0.73726618 -112.25658 0.015432139 0.99884286 -0.045549904 -10.958369 0.73841901 0.019330584 0.67406508 119.46151
0.68306813 -0.043655928 -0.72904872 -112.9819 0.017086913 0.99889396 -0.04380519 -11.027804 0.73015478 0.017464737 0.68305858 120.13937
0.69128565 -0.042092512 -0.72135451 -113.68572 0.016126741 0.99895194 -0.042836375 -11.088999 0.72240164 0.017979074 0.69123995 120.81072
0.69913974 -0.041588837 -0.71377444 -114.35312 0.015531621 0.99895468 -0.042992 -11.150483 0.71481636 0.018971341 0.69905486 121.45658
0.70638966 -0.039359421 -0.70672798 -115.04423 0.013328761 0.9990154 -0.042315246 -11.210962 0.70769769 0.020471244 0.70621876 122.11258
0.7136041 -0.037563274 -0.69954138 -115.70721 0.013847579 0.99912267 -0.039523937 -11.267437 0.70041236 0.018517489 0.71349819 122.77512
0.72058526 -0.035434822 -0.69246026 -116.34207 0.013308234 0.99921611 -0.03728348 -11.323953 0.69323864 0.017650502 0.72049198 123.45841
0.72771355 -0.034235125 -0.6850262 -116.98047 0.013110948 0.99926536 -0.036011703 -11.375895 0.68575588 0.017224861 0.7276278 124.10423
0.73552824 -0.032047978 -0.67673561 -117.60409 0.011026939 0.99931453 -0.035339333 -11.432295 0.67740435 0.018530755 0.73537746 124.79802
0.74366501 -0.029932632 -0.66788199 -118.21994 0.0093853884 0.99936619 -0.034338514 -11.480285 0.66848658 0.019268019 0.74347459 125.44218
0.75170919 -0.027559245 -0.65891862 -118.79763 0.0087894937 0.9994564 -0.031774972 -11.532055 0.65943618 0.018093977 0.7515428 126.10748
0.76109548 -0.023128886 -0.64822734 -119.36592 0.0058438516 0.99956801 -0.028803422 -11.56838 0.64861356 0.01813401 0.76090186 126.78544
0.77067877 -0.021204479 -0.63687092 -119.90772 0.004860467 0.99961273 -0.027400228 -11.618545 0.63720534 0.018021284 0.77048337 127.44687
0.78047171 -0.02057507 -0.62485242 -120.44517 0.0035107504 0.99958679 -0.02852918 -11.655386 0.62518127 0.020072517 0.78022145 128.11077
0.79051122 -0.021363767 -0.6120748 -120.96798 0.0037581655 0.99954181 -0.030034085 -11.703795 0.61243605 0.021442003 0.79022931 128.78028
0.80006087 -0.020473558 -0.59956935 -121.49233 0.0033120026 0.999553 -0.02971233 -11.748917 0.59990972 0.021785897 0.79977105 129.45966
0.81017167 -0.019171136 -0.58587908 -121.99417 0.0031002134 0.99959122 -0.028421554 -11.783203 0.58618451 0.021209988 0.80989992 130.14814
0.81963231 -0.017086499 -0.57263505 -122.44949 0.002926267 0.99966696 -0.025639971 -11.822209 0.57288249 0.019339665 0.81940934 130.83782
0.82919039 -0.015812212 -0.55874256 -122.95426 0.0032962966 0.99972075 -0.023399934 -11.860295 0.55895658 0.017561219 0.82901096 131.54197
0.83789485 -0.014591587 -0.54563659 -123.39271 0.003987128 0.99977957 -0.020613678 -11.892174 0.54581714 0.015096572 0.83776833 132.24509
0.84580367 -0.013953715 -0.53331175 -123.85129 0.0045381694 0.99980991 -0.018962009 -11.92439 0.53347501 0.013617878 0.84570621 132.95884
0.85271724 -0.01407297 -0.52218314 -124.29356 0.0056697162 0.9998275 -0.017687047 -11.9557 0.52234201 0.01212142 0.85264994 133.68734
0.85914251 -0.014112258 -0.51154176 -124.72988 0.0061882056 0.99983309 -0.0171899 -11.987226 0.51169902 0.011603048 0.85908644 134.38275
0.86601645 -0.013204602 -0.4998411 -125.15459 0.0056998699 0.99984699 -0.016538057 -12.013316 0.49998304 0.0114732 0.86595921 135.11838
0.87216505 -0.011622948 -0.48907363 -125.55938 0.0044328731 0.99986445 -0.015856867 -12.042916 0.48919168 0.011661804 0.87209834 135.86944
0.87830718 -0.010592725 -0.47797936 -125.976 0.0035670938 0.99987189 -0.015603946 -12.064584 0.47808346 0.012000061 0.87823244 136.61589
0.88401679 -0.011070196 -0.46732403 -126.36006 0.0042854011 0.99986946 -0.015578879 -12.094345 0.46743552 0.011769319 0.88394883 137.36877
0.88868221 -0.012112718 -0.4583636 -126.76911 0.0050210908 0.99984815 -0.016687025 -12.126109 0.45849616 0.012527977 0.88860809 138.12373
0.89298366 -0.012502292 -0.44991539 -127.1578 0.0053747347 0.99983907 -0.017115951 -12.161311 0.45005701 0.012866088 0.89290714 138.89874
0.89611976 -0.012237207 -0.44364357 -127.53925 0.0053396305 0.99984472 -0.016793567 -12.178771 0.44378023 0.012680155 0.89604595 139.6642
0.89914151 -0.010321442 -0.43753628 -127.93624 0.0049005739 0.99989664 -0.013516743 -12.210742 0.43763061 0.010009286 0.89909915 140.46689
0.90261208 -0.0068133743 -0.43040097 -128.34229 0.002843108 0.99994728 -0.0098670586 -12.229721 0.43044554 0.0076824496 0.90258386 141.27905
0.90591247 -0.0040296242 -0.4234458 -128.70819 0.0012465022 0.99997577 -0.0068492941 -12.247342 0.42346318 0.0056770345 0.90589554 142.08289
0.90866712 -0.0012066503 -0.41751957 -129.09113 -0.00065086179 0.99999052 -0.0043065181 -12.266541 0.41752085 0.0041849387 0.90865772 142.91329
0.9120115 0.00059730214 -0.41016417 -129.48741 -0.0017072975 0.9999958 -0.0023399784 -12.277346 0.41016109 0.0028343592 0.9120087 143.7623
0.91520583 0.0017532201 -0.40298287 -129.87764 -0.0017503204 0.9999984 0.00037548442 -12.293811 0.40298292 0.00036170331 0.91520744 144.61105
0.91845995 0.0020487677 -0.39550868 -130.24798 -0.001094331 0.99999592 0.0026387793 -12.31027 0.39551251 -0.001990796 0.91845844 145.5034
0.92177638 0.0016586343 -0.38771837 -130.63058 -0.00035839401 0.99999407 0.0034258506 -12.32104 0.38772179 -0.0030189126 0.92177151 146.37962
0.92529674 0.00073024324 -0.37924319 -130.99733 0.00048953653 0.99999501 0.0031199136 -12.318193 0.37924361 -0.0030724997 0.92529177 147.29
0.92907755 -0.001719587 -0.36988099 -131.3633 0.0029654357 0.99999168 0.0027996755 -12.341847 0.36987313 -0.0036979743 0.92907492 148.2105
0.93276393 -0.0032396204 -0.36047322 -131.72929 0.0040924092 0.99999034 0.0016025108 -12.350966 0.36046458 -0.0029699686 0.93276818 149.14131
0.9371274 -0.0040125884 -0.34896436 -132.08563 0.0041612971 0.99999129 -0.00032349491 -12.367564 0.34896265 -0.0011489887 0.93713594 150.0827
0.94202539 -0.0024179456 -0.33553287 -132.44518 0.0021067582 0.99999695 -0.0012914342 -12.37994 0.335535 0.00050967695 0.94202761 151.03864
0.94721792 0.00084764581 -0.32058929 -132.77505 -0.0010144615 0.99999942 -0.00035332066 -12.393567 0.32058883 0.00065989692 0.94721823 152.03044
0.95365556 0.0047925868 -0.30086227 -133.1014 -0.004179471 0.99998767 0.0026814666 -12.396639 0.30087143 -0.0012997507 0.95366383 153.03805
0.95969413 0.0076431086 -0.28094261 -133.41548 -0.0066820499 0.99996809 0.0043786201 -12.410816 0.28096714 -0.0023248637 0.95971458 154.04648
0.96556954 0.0091279539 -0.25998488 -133.70801 -0.0080542125 0.99995407 0.0051950436 -12.425792 0.26002038 -0.0029222027 0.96559871 155.09261
0.97103039 0.010540291 -0.23872345 -133.96092 -0.0093491619 0.99993756 0.0061213652 -12.430199 0.23877308 -0.0037121677 0.9710683 156.13518
0.9762268 0.011240766 -0.21645987 -134.20979 -0.0095591392 0.99991546 0.0088142348 -12.440761 0.21654067 -0.0065355225 0.97625172 157.20941
0.98108613 0.013376316 -0.19310899 -134.43715 -0.011186845 0.99986024 0.012424015 -12.43627 0.19324821 -0.010028749 0.98109865 158.30372
0.98501966 0.015150399 -0.17177524 -134.64348 -0.012501244 0.99978582 0.016493556 -12.448141 0.17198834 -0.014099073 0.98499809 159.40007
0.9887612 0.017055434 -0.14852746 -134.81202 -0.014289368 0.9997044 0.019670575 -12.435835 0.14881906 -0.017327138 0.98871263 160.53317
0.99173566 0.018303507 -0.12698566 -134.97405 -0.015917809 0.9996777 0.019776646 -12.429373 0.12730673 -0.017591872 0.99170738 161.65704
0.99439444 0.018441676 -0.10411342 -135.12006 -0.016687778 0.99970421 0.01769214 -12.430322 0.1044089 -0.015855544 0.99440806 162.82856
0.99639286 0.01815469 -0.082895627 -135.21886 -0.016840451 0.99972161 0.016525985 -12.418761 0.08317258 -0.015070374 0.9964212 163.98507
0.99789999 0.016977163 -0.062509132 -135.30215 -0.015844589 0.99970201 0.018569923 -12.41833 0.062805775 -0.017540495 0.99787162 165.16699
0.99894916 0.017241009 -0.04246554 -135.36119 -0.016395766 0.99966206 0.020172734 -12.412467 0.042798991 -0.019455281 0.99889426 166.35363
0.99961069 0.017517472 -0.021716367 -135.39607 -0.01705946 0.99963182 0.021099519 -12.405918 0.022077984 -0.020720836 0.9995415 167.5798
0.99981988 0.018942719 -0.0011789151 -135.41368 -0.018913 0.99958977 0.021507911 -12.3956 0.00158585 -0.021481741 0.99976798 168.78063
0.9996345 0.019126339 0.019106425 -135.40414 -0.019548586 0.99956323 0.022162926 -12.383117 -0.018674186 -0.02252833 0.99957178 169.99323
0.99896931 0.021259845 0.040103981 -135.36316 -0.022136265 0.99952294 0.021537647 -12.37357 -0.039626965 -0.022403201 0.99896336 171.23126
0.99797538 0.022460721 0.059503351 -135.31626 -0.023720588 0.99950736 0.02055187 -12.362926 -0.059012433 -0.021921715 0.99801652 172.45844
0.99655101 0.022683499 0.079821963 -135.21805 -0.024227242 0.99953668 0.018424641 -12.36178 -0.079367051 -0.020294961 0.99663884 173.7449
0.99484007 0.024389964 0.098480238 -135.09731 -0.026035847 0.99954142 0.015462211 -12.353314 -0.098057962 -0.017946444 0.99501888 175.04086
0.99275304 0.025216723 0.1174969 -134.95493 -0.026988194 0.99954446 0.013509922 -12.352614 -0.11710271 -0.016583045 0.99298135 176.31962
0.99033301 0.024931961 0.13645118 -134.79394 -0.02668325 0.99958319 0.0110203 -12.360681 -0.13611956 -0.014554728 0.9905855 177.59796
0.98742318 0.026277072 0.15590054 -134.61102 -0.027450507 0.9996087 0.0053782682 -12.356593 -0.15569822 -0.0095901755 0.98775812 178.90373
0.98451953 0.027820531 0.1730529 -134.39688 -0.028100543 0.99960476 -0.00083213214 -12.385049 -0.17300767 -0.0040436302 0.98491218 180.1886
0.98144448 0.030549135 0.18929731 -134.15073 -0.029882184 0.99953308 -0.0063771018 -12.396072 -0.18940376 0.00060215446 0.98189911 181.49491
0.97775263 0.032479231 0.20723149 -133.88871 -0.031017003 0.99946576 -0.010302127 -12.429561 -0.20745541 0.0036452324 0.97823769 182.84079
0.97368922 0.034754624 0.22521416 -133.60011 -0.032630712 0.999381 -0.013147222 -12.461537 -0.2255317 0.0054524103 0.97422057 184.157
0.96966553 0.034178375 0.24203426 -133.30681 -0.031932831 0.99940291 -0.013195665 -12.497469 -0.24234077 0.0050665429 0.97017797 185.45709
0.96517884 0.032885407 0.25951561 -132.9441 -0.030357798 0.99944462 -0.013742682 -12.529722 -0.25982344 0.0053858237 0.96564112 186.80711
0.96051092 0.032903257 0.27628995 -132.57809 -0.028928483 0.99941118 -0.018450764 -12.596056 -0.27673438 0.0097295115 0.9608972 188.15807
0.95541776 0.034090732 0.29328265 -132.18481 -0.028579819 0.99932557 -0.023056512 -12.63849 -0.29387089 0.013646637 0.95574771 189.48437
0.9499952 0.036543647 0.31011881 -131.75191 -0.030769839 0.99925041 -0.02349118 -12.678663 -0.31074483 0.012774203 0.95040753 190.84115
0.9447965 0.037951908 0.32545232 -131.33517 -0.032005286 0.99920884 -0.023608381 -12.731479 -0.32609085 0.011888921 0.94526368 192.16053
0.93808149 0.042228482 0.34383114 -130.85057 -0.03498397 0.99901632 -0.02724922 -12.775885 -0.34464365 0.013533411 0.93863604 193.51632
0.93135389 0.043190712 0.36154459 -130.35984 -0.034544191 0.99894229 -0.030348025 -12.844801 -0.36247296 0.015775486 0.93186077 194.83408
0.92481315 0.043859968 0.37788481 -129.82982 -0.0337326 0.99887327 -0.033381069 -12.901242 -0.37892316 0.018124215 0.92525065 196.19684
0.9173793 0.044231457 0.39554871 -129.28507 -0.031675081 0.9987671 -0.038222504 -12.984296 -0.39675171 0.022535497 0.9176493 197.50849
0.90892921 0.047588917 0.41422575 -128.6975 -0.032175143 0.99850826 -0.044113627 -13.067766 -0.41570718 0.026768393 0.90910451 198.85039
0.89900871 0.051008511 0.43494996 -128.08613 -0.033477169 0.99829196 -0.047879351 -13.150826 -0.43664934 0.028483061 0.89918079 200.17286
0.88671313 0.054015861 0.45915368 -127.42814 -0.035244978 0.99815895 -0.049360887 -13.234315 -0.46097466 0.027586086 0.88698443 201.48984
0.87397426 0.058112493 0.48248514 -126.75877 -0.037763647 0.99794367 -0.051791317 -13.32733 -0.48450276 0.02704388 0.87437162 202.78516
0.85922279 0.062830982 0.50772871 -126.02506 -0.040370006 0.99766207 -0.055142164 -13.437669 -0.51000636 0.026882394 0.85975047 204.09451
0.84406476 0.066330688 0.53212301 -125.26467 -0.041524761 0.99742548 -0.058464549 -13.543208 -0.53463109 0.027251585 0.84464606 205.37319
0.82945757 0.067787022 0.55444119 -124.48242 -0.041005875 0.99732019 -0.060588452 -13.644299 -0.55706255 0.027520205 0.83001444 206.61368
0.8130314 0.068797708 0.57814081 -123.63854 -0.039819259 0.99723949 -0.062672421 -13.757521 -0.58085661 0.027933508 0.81352648 207.85738
0.79676901 0.071344414 0.60005757 -122.74862 -0.038352293 0.99697433 -0.067611232 -13.887724 -0.60306573 0.030856951 0.79709447 209.0683
0.78019795 0.073849197 0.62115813 -121.84013 -0.036395127 0.99668362 -0.072781599 -14.01604 -0.62447304 0.034176927 0.78029827 210.25886
0.76324685 0.075472091 0.64168386 -120.89878 -0.034317825 0.99648776 -0.076383476 -14.147428 -0.64519498 0.036278254 0.76315618 211.43311
0.74763215 0.07714732 0.65961687 -119.94458 -0.032886362 0.99631201 -0.079251915 -14.286783 -0.66329834 0.037558882 0.74741199 212.5718
0.73178121 0.077848972 0.67707884 -118.9264 -0.031032535 0.99623051 -0.081004594 -14.431598 -0.68083279 0.038266168 0.73143862 213.69115
0.71573231 0.078116663 0.69399208 -117.894 -0.028909881 0.99618683 -0.082316581 -14.575962 -0.69777612 0.03885341 0.71526145 214.81337
0.70118839 0.078748869 0.70861373 -116.82679 -0.025913453 0.99603975 -0.085048862 -14.724302 -0.712505 0.041272648 0.70045217 215.89259
0.68566407 0.079976464 0.72351124 -115.74615 -0.023018323 0.9958311 -0.088264299 -14.875155 -0.72755411 0.043865644 0.68464652 216.96636
0.67093684 0.082449731 0.73691638 -114.63054 -0.020626032 0.99548965 -0.092600857 -15.049382 -0.74122761 0.046929667 0.66961129 218.01644
0.65587448 0.085140599 0.75005313 -113.48996 -0.019867453 0.99522178 -0.095597524 -15.207578 -0.75460851 0.047798332 0.65443209 219.01909
0.63977259 0.085510496 0.76379247 -112.31667 -0.018203776 0.99519849 -0.096169628 -15.383792 -0.76834869 0.047622786 0.63825732 220.01985
0.62384001 0.086905273 0.77670526 -111.15641 -0.01916446 0.99520069 -0.09595999 -15.549545 -0.7813171 0.044978546 0.6225115 221.00522
0.60628738 0.087780652 0.79038606 -109.97309 -0.020903562 0.99530496 -0.094504389 -15.724008 -0.79497089 0.040774936 0.60527576 221.92055
0.58628796 0.088606467 0.80524237 -108.78216 -0.022543506 0.99539991 -0.093117161 -15.89088 -0.80978903 0.036440485 0.58558848 222.89874
0.56924439 0.090111106 0.81721525 -107.54584 -0.024760683 0.99540368 -0.09251179 -16.063437 -0.82179547 0.032427011 0.56885916 223.75502
0.55051678 0.093104902 0.82961599 -106.316 -0.026095516 0.99519505 -0.094370791 -16.235714 -0.83441618 0.030303448 0.55030119 224.61254
0.53330167 0.096970519 0.84034873 -105.10271 -0.028650657 0.99490857 -0.096623405 -16.412931 -0.84543985 0.027452881 0.53336467 225.42573
0.5137082 0.096871902 0.85247854 -103.87351 -0.028863954 0.99499423 -0.09567318 -16.586711 -0.85747934 0.024542197 0.5139328 226.20521
0.49169961 0.09589502 0.86546841 -102.61387 -0.029120291 0.99517242 -0.093722245 -16.757531 -0.87027787 0.0208805 0.49211838 226.97067
0.47039125 0.093706493 0.87746857 -101.34761 -0.028471375 0.99543997 -0.091042009 -16.917243 -0.88199859 0.017842629 0.4709142 227.64856
0.44856352 0.092466254 0.88895483 -100.09491 -0.02895497 0.99561513 -0.08895014 -17.085415 -0.89328184 0.014160129 0.44927398 228.32744
0.42756894 0.091246504 0.89936578 -98.840213 -0.027576137 0.99574622 -0.087914908 -17.241993 -0.90356208 0.012788651 0.42826638 228.94903
