1 0 0 0 0 1 0 0 0 0 1 0
0.99987101 0.00065152849 0.016047888 -0.009517938 -0.00063593236 0.99999932 -0.00097693542 7.9222392e-05 -0.016048515 0.00096660407 0.99987075 0.11390719
0.99931871 0.0031563454 0.036771755 0.032812975 -0.0031268172 0.99999474 -0.0008604996 0.0056264483 -0.036774281 0.00074493483 0.99932332 0.27952421
0.99794641 0.005299457 0.063834794 0.066707279 -0.0053563376 0.9999854 0.00071995174 0.0010216881 -0.063830052 -0.0010603939 0.99796022 0.41830463
0.99520774 0.0047845943 0.097666089 0.10596228 -0.0050851468 0.99998307 0.0028286567 0.0053486826 -0.09765091 -0.0033117475 0.99521522 0.58862437
0.99100643 0.0014147063 0.13380677 0.18250771 -0.0021365397 0.99998393 0.0052511609 0.00045316129 -0.1337972 -0.0054898177 0.99099353 0.78339821
0.98476117 -0.0017020399 0.17390384 0.24840197 0.00076509015 0.99998483 0.0054546412 -0.0067452522 -0.1739105 -0.0052384667 0.98474753 0.97571548
0.97604298 -0.0020246664 0.21756838 0.3416365 0.0005426173 0.99997624 0.0068714052 -0.0056858912 -0.21757714 -0.0065887304 0.97602089 1.1770654
0.96416566 -0.0018230456 0.26529466 0.42640055 -0.00086557713 0.99994945 0.010017213 0.0026916631 -0.26529953 -0.0098878858 0.96411534 1.4052136
0.95013029 -0.0057948423 0.31179935 0.56407069 0.00062697171 0.99986082 0.016672039 0.013165498 -0.31185259 -0.01564512 0.95000168 1.6349231
0.93282993 -0.015469387 0.35998474 0.71172237 0.0070468776 0.99967013 0.024697565 0.00052970124 -0.36024808 -0.020501859 0.93263123 1.849562
0.91161352 -0.021271839 0.41049761 0.86628079 0.0099194181 0.99950769 0.029765561 -0.0034819202 -0.41092872 -0.023062791 0.91137572 2.0485406
0.88753819 -0.023071469 0.46015611 1.0382937 0.0083702972 0.99938803 0.033963238 -0.0051578251 -0.46065813 -0.026292027 0.88718816 2.3076056
0.85909675 -0.025102463 0.51119724 1.2149219 0.0064363139 0.99924741 0.038251684 0.019350008 -0.51177277 -0.029571671 0.85861177 2.5239413
0.82694401 -0.030438474 0.56145978 1.4442938 0.0077109662 0.9990537 0.042804728 0.0202247 -0.56223143 -0.031067716 0.82639618 2.7691944
0.79130445 -0.036083227 0.61035665 1.686117 0.0097712532 0.9988759 0.04638375 0.025143803 -0.61134428 -0.030739719 0.79076752 2.9562022
0.75288586 -0.040717545 0.65689035 1.9519365 0.011187998 0.998732 0.049083732 0.035240886 -0.65805604 -0.02960516 0.75238675 3.1701534
0.71303126 -0.043929289 0.69975467 2.2461429 0.012165995 0.99866019 0.050297196 0.048684551 -0.70102671 -0.027350261 0.71261038 3.4057655
0.67130376 -0.045741099 0.73976953 2.5359891 0.011515074 0.99861707 0.051296691 0.059904191 -0.74109291 -0.025917161 0.67090211 3.5885575
0.62959404 -0.046302258 0.77554329 2.8806058 0.0071291073 0.9985248 0.053827439 0.086545356 -0.77689161 -0.028360503 0.62899535 3.8169121
0.58780579 -0.047002903 0.80763545 3.225606 0.0044202146 0.99848247 0.05489277 0.10026121 -0.80899003 -0.028696366 0.58712154 4.033843
0.54685215 -0.047923858 0.83585643 3.5886286 0.0017749474 0.99842451 0.056083459 0.11963987 -0.83722735 -0.029185759 0.54607565 4.2232553
0.50850074 -0.050750824 0.85956459 4.0264387 0.0011006829 0.99829903 0.058290907 0.13484702 -0.86106089 -0.028694861 0.50769165 4.4272886
0.47129913 -0.050612153 0.88052001 4.4285265 -0.0017424024 0.99829674 0.058314563 0.15683497 -0.88197175 -0.029017822 0.47040819 4.6296779
0.43420046 -0.049687299 0.89944487 4.8836639 -0.0029231994 0.99839466 0.056564654 0.18006321 -0.90081157 -0.027189655 0.43335817 4.8284146
0.40148543 -0.04849836 0.91458039 5.397705 -0.0017607833 0.99855426 0.053724279 0.20216586 -0.91586376 -0.023179892 0.40081958 5.0099379
0.37091524 -0.046894833 0.92748191 5.8952217 0.00018955825 0.99872802 0.050421332 0.22339553 -0.92866674 -0.018526228 0.37045233 5.1743824
0.34538515 -0.044988508 0.93738202 6.4549711 0.0010925829 0.99886888 0.047536925 0.24743829 -0.93846043 -0.01539438 0.34504363 5.3461398
0.32411543 -0.044508811 0.94496988 7.0293577 0.0022846776 0.99892652 0.046266588 0.2678566 -0.94601482 -0.012836763 0.32386919 5.5166937
0.30989652 -0.044896824 0.94970961 7.6042617 0.0035480415 0.9989321 0.046066031 0.2991419 -0.95076371 -0.010906093 0.30972487 5.7321061
0.29762628 -0.046323695 0.95355788 8.2439283 0.0043102594 0.99887711 0.047179969 0.31498864 -0.95467277 -0.0099319162 0.29749174 5.9183274
0.28709519 -0.048383286 0.95667932 8.8892819 0.0038033397 0.99877328 0.049370788 0.34621451 -0.95789455 -0.010535539 0.28692702 6.1134311
0.27693658 -0.050038146 0.95958441 9.531174 0.0019736289 0.9986707 0.051506735 0.37771452 -0.96088621 -0.012370235 0.2766672 6.3153675
0.2656414 -0.051789295 0.96267982 10.231051 0.0012272916 0.99857343 0.053381606 0.40853561 -0.96407117 -0.012998875 0.265326 6.4824969
0.25646068 -0.053750239 0.96505894 10.958075 0.00032180448 0.99845725 0.055524883 0.43431356 -0.96655465 -0.013929389 0.25608232 6.6793843
0.24592678 -0.055174231 0.96771677 11.673456 1.7962041e-05 0.99837886 0.056917861 0.46633572 -0.96928845 -0.013980244 0.24552909 6.8585907
0.23479484 -0.056666316 0.97039179 12.432579 -0.00052910547 0.99829174 0.058423563 0.49063292 -0.97204485 -0.01423099 0.23436376 7.0332843
0.22456668 -0.05961443 0.97263346 13.196944 -0.0017642871 0.99810043 0.061582692 0.52833454 -0.97445717 -0.015545425 0.22403492 7.2171544
0.21385185 -0.062889223 0.9748396 13.98147 -0.0043491073 0.99785437 0.065328028 0.56716695 -0.97685646 -0.018210201 0.21311949 7.3801019
0.2008024 -0.066800667 0.97735152 14.757354 -0.0036889596 0.99761375 0.06894348 0.60827472 -0.97962486 -0.017449426 0.20007681 7.5369781
0.18753781 -0.069229006 0.97981469 15.576752 -0.0047515048 0.99743762 0.071383601 0.65093871 -0.98224593 -0.018042718 0.18672832 7.7133041
0.17394315 -0.069949641 0.98226816 16.367613 -0.0050282388 0.99739791 0.071917482 0.69082659 -0.9847429 -0.017448632 0.17313881 7.8573119
0.1599179 -0.068986604 0.98471673 17.170421 -0.0065818941 0.99745829 0.070948142 0.72404898 -0.98710842 -0.017827178 0.15905737 7.9923111
0.14365248 -0.068101935 0.98728213 17.959186 -0.0080567515 0.99751585 0.069980129 0.76752478 -0.98959544 -0.018007105 0.14274695 8.1424462
0.12105125 -0.066482086 0.99041741 18.79761 -0.011179383 0.9976001 0.068330597 0.80293579 -0.99258335 -0.019343759 0.12001751 8.2045622
0.096336321 -0.065275419 0.9932061 19.615429 -0.014530657 0.99764872 0.066976802 0.84506835 -0.99524281 -0.020884235 0.095161311 8.3084911
0.067114726 -0.064524552 0.99565662 20.443609 -0.018244593 0.99766046 0.065884234 0.88407801 -0.99757848 -0.022587152 0.065780483 8.3659748
0.034180156 -0.064249673 0.99734829 21.309123 -0.022237985 0.99763547 0.065030291 0.91838679 -0.99916829 -0.024401762 0.032670552 8.3713269
0.001015225 -0.06369727 0.99796871 22.119709 -0.022135221 0.99772332 0.063704125 0.95634369 -0.99975451 -0.022154931 -0.00039704097 8.3770509
-0.034082325 -0.06288734 0.99743847 22.974182 -0.023609203 0.99779048 0.062102811 0.98494901 -0.99914017 -0.021432119 -0.035491741 8.3330934
-0.067783969 -0.060905048 0.99583926 23.801561 -0.026744549 0.99788723 0.059209874 1.0167349 -0.99734154 -0.022619791 -0.069269636 8.2396393
-0.098520061 -0.057471414 0.99347408 24.640932 -0.028285083 0.99808931 0.054933446 1.0541882 -0.99473305 -0.02268845 -0.099957405 8.1489993
-0.13233922 -0.053194886 0.98977601 25.489515 -0.025752176 0.99840635 0.050215492 1.0795893 -0.99086994 -0.018843407 -0.13349821 8.0389148
-0.16434163 -0.047575154 0.98525548 26.32956 -0.020917621 0.99877969 0.044739118 1.1012136 -0.98618171 -0.0132567 -0.16513624 7.9005642
-0.19542445 -0.041234732 0.97985147 27.138514 -0.015098583 0.99912379 0.039034457 1.1171029 -0.98060257 -0.0071660809 -0.1958758 7.6925764
-0.22267506 -0.035373599 0.97425071 27.967163 -0.0091118136 0.99937336 0.034203167 1.1249214 -0.97485018 -0.0012609979 -0.22285784 7.5052954
-0.2498121 -0.029034293 0.9678589 28.794465 -0.0012827439 0.9995594 0.029654173 1.1407768 -0.96829352 0.0061664573 -0.24973928 7.2707659
-0.27965764 -0.018763531 0.95991638 29.588683 0.0059568663 0.99975586 0.021277722 1.1408017 -0.96008135 0.011668572 -0.27947759 7.0141818
-0.30414345 -0.0035119397 0.95261973 30.3501 0.0096183172 0.99993091 0.006757204 1.1288803 -0.95257773 0.011217759 -0.30408866 6.7633247
-0.32870195 0.013559691 0.94433632 31.124629 0.010111117 0.99989015 -0.010837936 1.1069074 -0.94437962 0.0059858452 -0.32880295 6.4852929
-0.35272134 0.027850039 0.93531383 31.890946 0.0085787027 0.99961122 -0.026529404 1.0732939 -0.93568912 -0.0013337069 -0.35282313 6.1828461
-0.37807661 0.038907746 0.92495632 32.676152 0.012468321 0.99923985 -0.036936001 1.0445912 -0.92569038 -0.002431985 -0.37827433 5.8519612
-0.40222078 0.043751515 0.91449668 33.414455 0.017435023 0.99904242 -0.040127964 0.99618578 -0.91537672 -0.00019602933 -0.40259843 5.5148122
-0.42466484 0.042374551 0.90435839 34.155723 0.019429108 0.99910057 -0.037690343 0.94877738 -0.90514217 0.0015651141 -0.42510618 5.1729346
-0.44471995 0.039517262 0.89479746 34.900672 0.023749392 0.99919523 -0.032324221 0.91120794 -0.89535479 0.0068756705 -0.44530056 4.8048237
-0.46413334 0.03846307 0.88492981 35.631035 0.030984307 0.99915034 -0.027176775 0.86997501 -0.8852233 0.014805291 -0.46493073 4.4003255
-0.4778102 0.039284028 0.87758425 36.332088 0.034812727 0.99906161 -0.025767654 0.8256814 -0.87777307 0.018239055 -0.47872941 3.9961216
-0.4884181 0.042572517 0.87157058 37.030625 0.037224052 0.99891647 -0.027932892 0.77561241 -0.87181546 0.018800459 -0.48947361 3.5937564
-0.49820628 0.045497834 0.86586395 37.723221 0.03950065 0.99877646 -0.029753743 0.73906145 -0.86615834 0.019378688 -0.4993939 3.18712
-0.5080897 0.044422766 0.86015779 38.400028 0.032410123 0.99894786 -0.032446113 0.68132228 -0.8606942 0.011392285 -0.50899486 2.7849874
-0.51942298 0.043412493 0.85341377 39.118151 0.030917874 0.99900952 -0.032000936 0.65446371 -0.85395779 0.0097637191 -0.52025072 2.3641805
-0.5283313 0.044700241 0.84786076 39.765391 0.033164122 0.99893752 -0.031999481 0.61415753 -0.84839038 0.011212231 -0.52925241 1.9504528
-0.53522139 0.048096443 0.84334141 40.457224 0.037222338 0.9987508 -0.03333664 0.56883139 -0.84389135 0.013548657 -0.53634306 1.5048792
-0.53923762 0.050981861 0.84060905 41.1585 0.037811378 0.998625 -0.036309914 0.52998756 -0.84130443 0.012204916 -0.54042386 1.0580818
-0.53918257 0.05272663 0.84053673 41.835529 0.036767822 0.99856043 -0.039053804 0.483233 -0.84138597 0.0098475758 -0.54034502 0.60129192
-0.53582465 0.053781491 0.84261464 42.578829 0.039604167 0.99847174 -0.038544796 0.44330887 -0.84339997 0.0127178 -0.53713574 0.16285819
-0.53002401 0.052468823 0.84635779 43.335025 0.038019002 0.99855062 -0.038094754 0.39649866 -0.84712996 0.011986545 -0.53125062 -0.30543127
-0.5232871 0.051258862 0.85061335 44.078744 0.035756118 0.99863089 -0.038181821 0.35294703 -0.85140599 0.010434578 -0.52440348 -0.74566032
-0.51586059 0.050721608 0.85516963 44.866564 0.034002598 0.99867134 -0.038721692 0.30863008 -0.85599751 0.0091029954 -0.51689986 -1.2297365
-0.5097302 0.049027059 0.85893621 45.660167 0.030807089 0.99877484 -0.038726611 0.25801045 -0.85978259 0.0067212015 -0.51061608 -1.6908046
-0.50556248 0.046920149 0.86151321 46.470815 0.02699228 0.99889157 -0.038562214 0.21226737 -0.8623677 0.0037585983 -0.50626858 -2.1294103
-0.50405722 0.043691644 0.86256437 47.314397 0.021647531 0.99904496 -0.037954642 0.16145337 -0.86339896 -0.00045892128 -0.50452164 -2.6158828
-0.50442039 0.041731365 0.86244913 48.142196 0.019393205 0.99912699 -0.037002303 0.11513859 -0.86324043 -0.0019390627 -0.50478933 -3.089649
-0.5051891 0.040185408 0.86207253 49.001831 0.017342996 0.9991863 -0.03641366 0.062177703 -0.86283443 -0.0034448633 -0.50547497 -3.5767834
-0.5061111 0.039747969 0.86155185 49.857969 0.017786779 0.99920604 -0.03565 0.016012475 -0.8622849 -0.0027186272 -0.50641625 -4.0995019
-0.50603461 0.039054576 0.86162848 50.739493 0.017531659 0.99923369 -0.034995385 -0.033625371 -0.86233501 -0.002603099 -0.50633153 -4.5952067
-0.50564124 0.03841789 0.86188801 51.626245 0.017653668 0.99925962 -0.034184282 -0.089315174 -0.86256324 -0.002069497 -0.50594509 -5.1198108
-0.50542902 0.037892978 0.86203571 52.509238 0.017261888 0.99927937 -0.033804876 -0.14124222 -0.86269554 -0.0022056006 -0.5057189 -5.6554387
-0.50610828 0.036647075 0.86169097 53.413855 0.015714337 0.99932283 -0.033270746 -0.19067762 -0.86232681 -0.0032976965 -0.50634145 -6.1405689
-0.50600344 0.035791791 0.86178849 54.298195 0.015439271 0.99935443 -0.032439931 -0.24214328 -0.8623933 -0.0031093299 -0.50622938 -6.6623678
-0.50623963 0.035238177 0.86167258 55.184404 0.01432298 0.99937058 -0.032454481 -0.29838748 -0.86227394 -0.0040880249 -0.50642571 -7.1666954
-0.50475655 0.03405135 0.86258986 56.072261 0.013927732 0.99941291 -0.031302529 -0.35294328 -0.86314941 -0.0037862349 -0.50493447 -7.6857935
-0.50266151 0.031630853 0.86390441 56.97781 0.01405922 0.99949733 -0.028415092 -0.41232612 -0.86436902 -0.0021373505 -0.50285355 -8.2004545
-0.49959959 0.030606715 0.86571555 57.881027 0.014956114 0.99953143 -0.026706583 -0.45750145 -0.86612738 -0.00039485688 -0.49982325 -8.7063974
-0.49761854 0.030101524 0.86687348 58.762409 0.014741523 0.99954681 -0.026246306 -0.51127926 -0.86727074 -0.00028161251 -0.49783677 -9.217765
-0.49554615 0.030543099 0.86804439 59.657495 0.01544532 0.99953339 -0.026352313 -0.55997708 -0.86844431 0.00034843739 -0.49578667 -9.7190751
-0.49421885 0.031013527 0.86878411 60.536551 0.015386639 0.99951896 -0.026927564 -0.61144414 -0.86920138 5.9558258e-05 -0.49445831 -10.212437
-0.49503272 0.032079516 0.86828189 61.418403 0.014582008 0.99948419 -0.028613284 -0.65977289 -0.868752 -0.0015032177 -0.49524517 -10.716677
-0.49758945 0.034451503 0.8667282 62.290951 0.013540698 0.9993977 -0.031951243 -0.71379169 -0.86730701 -0.0041624958 -0.49775625 -11.221775
-0.50192428 0.034660478 0.86421676 63.162212 0.012090624 0.99938026 -0.03305932 -0.76960343 -0.86482709 -0.0061443545 -0.50203228 -11.719578
-0.50800257 0.033182817 0.86071612 64.041391 0.011863178 0.99943243 -0.03152893 -0.81884322 -0.86127389 -0.0058059485 -0.5081079 -12.225012
-0.51312084 0.030983231 0.85775695 64.904108 0.015146648 0.99951951 -0.027042955 -0.87852673 -0.85818276 -0.00088416059 -0.51334359 -12.732195
-0.51874524 0.029086434 0.8544339 65.760168 0.012609826 0.99957268 -0.026371515 -0.9207701 -0.85483591 -0.0029058344 -0.51889034 -13.238602
-0.52391124 0.031297209 0.85119765 66.601835 0.013693857 0.99950506 -0.028321686 -0.9787882 -0.85166281 -0.0031818704 -0.52408052 -13.749906
-0.5288787 0.034024699 0.84801508 67.440396 0.014374601 0.99941184 -0.031134194 -1.0251697 -0.84857572 -0.0042763328 -0.52905673 -14.265391
-0.53319251 0.034123221 0.84530545 68.271737 0.012600349 0.9993957 -0.032395612 -1.0800563 -0.84590014 -0.0066219536 -0.53330026 -14.797999
-0.53703256 0.034602424 0.84285149 69.101907 0.01176754 0.99936842 -0.033530244 -1.1355037 -0.84347947 -0.0080885439 -0.53710057 -15.311785
-0.54015141 0.033704223 0.84089263 69.915046 0.01153378 0.99940034 -0.032648666 -1.1903411 -0.84148885 -0.0079365515 -0.54021624 -15.843737
-0.54302978 0.02732102 0.83926882 70.743532 0.013516623 0.99962547 -0.023795544 -1.2384309 -0.83960468 -0.0015776082 -0.54319569 -16.370905
-0.5449159 0.019123263 0.83827257 71.574197 0.014133836 0.99980734 -0.01362066 -1.2808246 -0.83837161 0.0044258941 -0.5450812 -16.896966
-0.546559 0.015734103 0.83727274 72.386416 0.014016534 0.9998553 -0.0096395862 -1.3141462 -0.83730332 0.0064670603 -0.54670045 -17.42743
-0.5478421 0.022082175 0.83629023 73.185074 0.014652762 0.99975151 -0.016799535 -1.3487935 -0.83645346 0.0030504701 -0.54802953 -17.938145
-0.54880326 0.027063791 0.8355133 73.980847 0.015012741 0.99963369 -0.022518894 -1.3934261 -0.83581676 0.00018490309 -0.54900853 -18.470875
-0.54894377 0.032453104 0.835229 74.777163 0.021543612 0.99946336 -0.024675217 -1.4266262 -0.83558164 0.0044485436 -0.54934834 -18.998086
-0.54861059 0.033122086 0.83542162 75.570913 0.024570363 0.99942211 -0.023489197 -1.4692929 -0.83571692 0.0076401912 -0.54910738 -19.525395
-0.54874029 0.030370696 0.83544099 76.370988 0.024139671 0.99949882 -0.020479082 -1.519347 -0.83564432 0.0089295739 -0.54919841 -20.045057
-0.54774221 0.025135516 0.83626946 77.171181 0.022681781 0.99962734 -0.015189337 -1.5429981 -0.83633968 0.010648241 -0.54810821 -20.560254
-0.54810878 0.01946511 0.8361805 77.967124 0.021066264 0.99973329 -0.0094636428 -1.5743645 -0.83614176 0.012428095 -0.54837265 -21.068244
-0.54735927 0.01297 0.83679719 78.77474 0.011919681 0.9998993 -0.0077012037 -1.6162914 -0.83681289 0.0057590309 -0.54745875 -21.58158
-0.54571536 0.0075758107 0.83793633 79.568591 0.0032337001 0.99997073 -0.0069347845 -1.6384727 -0.8379644 -0.0010747829 -0.54572389 -22.076298
-0.54406709 0.0081642453 0.83900196 80.365028 0.0063402877 0.99996411 -0.0056190684 -1.6644936 -0.83901779 0.0022623645 -0.54409933 -22.587885
-0.54247017 0.011049059 0.84000236 81.157069 0.011136688 0.99992022 -0.0059605254 -1.699077 -0.84000128 0.0061214382 -0.54254995 -23.093095
-0.53484977 0.014827089 0.84481703 81.934652 0.012843311 0.99987317 -0.0094173826 -1.7196758 -0.84484959 0.0058133639 -0.53497237 -23.589385
-0.52766167 0.016678507 0.84929084 82.720989 0.01759885 0.99980727 -0.0087002631 -1.7492841 -0.84927234 0.010355747 -0.5278535 -24.072493
-0.52029059 0.019311498 0.85377087 83.519334 0.024999286 0.99966025 -0.0073767371 -1.7832132 -0.85362333 0.017505616 -0.5205966 -24.56718
-0.51030218 0.019242017 0.85977984 84.315666 0.023807993 0.99968257 -0.0082423866 -1.8098835 -0.85966559 0.016263526 -0.51059831 -25.031897
-0.49966398 0.016138567 0.86606893 85.135158 0.019481833 0.9997829 -0.0073905111 -1.834958 -0.86600025 0.013179839 -0.49986991 -25.493814
-0.4873352 0.013915636 0.87310405 85.942894 0.021967575 0.99975194 -0.0036726556 -1.8565702 -0.87293865 0.017390166 -0.48752001 -25.939769
-0.47634196 0.012154961 0.87917605 86.76692 0.020529232 0.99978561 -0.0026995959 -1.8866329 -0.87902045 0.01676288 -0.47648937 -26.374662
-0.46551028 0.011429405 0.88496863 87.586645 0.020545474 0.9997867 -0.0021049749 -1.905056 -0.884804 0.017202214 -0.46564582 -26.798989
-0.45304568 0.013293223 0.89138815 88.405359 0.02461372 0.99969416 -0.0023985259 -1.9226257 -0.89114748 0.020853737 -0.45323432 -27.209572
-0.44102544 0.016358392 0.89734547 89.234095 0.023543855 0.99970067 -0.0066530187 -1.955381 -0.89718578 0.018192822 -0.44127856 -27.602917
-0.43035656 0.026599021 0.90226695 90.056606 0.026915532 0.99949942 -0.016627485 -1.9782985 -0.90225764 0.017129249 -0.43085706 -27.992301
-0.417359 0.031590135 0.90819241 90.877779 0.027485038 0.9993772 -0.022131138 -2.008317 -0.90832599 0.015725075 -0.41796732 -28.366187
-0.40610701 0.027137329 0.91342246 91.727457 0.022899668 0.99954728 -0.019514877 -2.0462032 -0.9135386 0.012991944 -0.4065446 -28.732208
-0.39384868 0.023644888 0.91887108 92.568015 0.024300293 0.99958752 -0.015306278 -2.087163 -0.91885406 0.01630048 -0.3942608 -29.080964
-0.38338812 0.02443418 0.92326402 93.420042 0.021802643 0.99961085 -0.017401085 -2.1177057 -0.92332999 0.013458227 -0.38377166 -29.415004
-0.37711278 0.028844568 0.92571803 94.260171 0.017192024 0.99956071 -0.024141869 -2.1583586 -0.92600781 0.0068107604 -0.37744302 -29.753605
-0.37178101 0.033789943 0.92770526 95.097237 0.010046825 0.99942527 -0.032375911 -2.1952399 -0.92826613 -0.0027162558 -0.37190681 -30.07293
-0.36806406 0.035907873 0.92910677 95.954133 0.0069467799 0.99933232 -0.035869975 -2.2424158 -0.92977452 -0.0067481478 -0.36806776 -30.399076
-0.3651867 0.035237961 0.9302671 96.779118 0.0054618359 0.99934725 -0.035710569 -2.2945892 -0.93091832 -0.0079600581 -0.36514079 -30.711967
-0.35978361 0.035468111 0.93236135 97.639491 0.0051443789 0.99933744 -0.036030823 -2.3449205 -0.93302163 -0.0081668786 -0.35972769 -31.038539
-0.3551484 0.031584146 0.93427618 98.464112 0.0035064706 0.99946704 -0.032455065 -2.3898274 -0.9348034 -0.0082503518 -0.35506988 -31.349574
-0.34932077 0.028037747 0.93658359 99.325282 0.0038505147 0.99958673 -0.028487681 -2.4389357 -0.93699533 -0.0063450088 -0.34928436 -31.664187
-0.34353144 0.023675357 0.93884267 100.17811 -0.00058353946 0.99967661 -0.025422964 -2.4862611 -0.93914103 -0.0092814385 -0.34340654 -31.969194
-0.33802372 0.023190817 0.94085178 101.01129 -0.0036716627 0.99965626 -0.025959405 -2.5295279 -0.94113047 -0.012229384 -0.33782238 -32.249896
-0.33148878 0.022405062 0.94319305 101.87402 -0.016184176 0.99943584 -0.029429069 -2.5697415 -0.94332038 -0.025020208 -0.33093916 -32.530103
-0.32485976 0.026511736 0.94539049 102.7132 -0.01252489 0.99939876 -0.032330161 -2.6141964 -0.9456793 -0.02234368 -0.32433239 -32.805031
-0.31789784 0.030177593 0.94764455 103.57524 -0.011558943 0.9992957 -0.035699989 -2.6648985 -0.94805455 -0.022302718 -0.31732512 -33.084144
-0.31138529 0.028341964 0.94986097 104.42226 -0.013147189 0.99933099 -0.034127987 -2.70834 -0.95019284 -0.023114955 -0.31080435 -33.353764
-0.30473999 0.023483706 0.95214598 105.27963 -0.012903134 0.99950245 -0.028781427 -2.7527876 -0.95234821 -0.021056518 -0.30428536 -33.624056
-0.29737508 0.021192887 0.95452546 106.13901 -0.012537323 0.99958074 -0.026099133 -2.794206 -0.95467846 -0.019728425 -0.2969847 -33.879573
-0.29097146 0.023469648 0.95644378 106.989 -0.016163558 0.9994358 -0.029441917 -2.841891 -0.95659523 -0.024026291 -0.29042794 -34.128051
-0.2842767 0.026784093 0.95836804 107.86752 -0.01568028 0.99934611 -0.032580506 -2.8852448 -0.95861409 -0.024289357 -0.28367083 -34.381629
-0.27792483 0.027430465 0.96021106 108.70601 -0.017751017 0.99927487 -0.033684283 -2.9285301 -0.96043884 -0.026406421 -0.27723638 -34.612762
-0.27094434 0.02630559 0.96223547 109.57837 -0.018503631 0.99929949 -0.03252906 -2.9785735 -0.96241719 -0.026618414 -0.2702678 -34.846804
-0.26303471 0.026413607 0.96442469 110.42364 -0.014963941 0.99939322 -0.031452548 -3.0202405 -0.96467036 -0.022704705 -0.26247986 -35.076995
-0.25502942 0.027488638 0.96654244 111.28236 -0.011218473 0.99944443 -0.031384452 -3.0709527 -0.96686825 -0.018847088 -0.25457936 -35.303926
-0.2482545 0.028360271 0.96827957 112.17414 -0.0085765919 0.99946781 -0.031472681 -3.1114758 -0.96865692 -0.016117773 -0.24787915 -35.527287
-0.24170208 0.027156165 0.96997039 113.01628 -0.015840715 0.99936469 -0.031926381 -3.1566225 -0.97022124 -0.023081697 -0.24111836 -35.721135
-0.23586926 0.024970747 0.97146388 113.88406 -0.02024579 0.99932657 -0.030602568 -3.2004788 -0.97157392 -0.026886259 -0.23520487 -35.912673
-0.23098606 0.025566801 0.97262104 114.7663 -0.016757943 0.99940186 -0.030250587 -3.2428082 -0.97281277 -0.023286592 -0.23041946 -36.125034
-0.22668926 0.025212738 0.9736407 115.61339 -0.016294927 0.99942679 -0.029674364 -3.2913843 -0.97383086 -0.022592264 -0.22614848 -36.312545
-0.22157335 0.027080987 0.97476756 116.50897 -0.014644347 0.99940917 -0.031094369 -3.3341784 -0.97503378 -0.021164518 -0.22104586 -36.517018
-0.21632404 0.026147871 0.97597137 117.35545 -0.0091691489 0.9995428 -0.028811729 -3.3742655 -0.97627861 -0.015181496 -0.21598539 -36.698812
-0.21097058 0.025447969 0.97716106 118.22909 -0.00011223754 0.99966042 -0.026058145 -3.4147838 -0.97749245 -0.0056071755 -0.21089609 -36.89247
-0.20564487 0.024333529 0.97832407 119.11744 0.0016199231 0.99969791 -0.024524642 -3.4605297 -0.97862539 -0.0034585563 -0.20562217 -37.086423
-0.20154405 0.025659396 0.97914325 119.97051 5.5688977e-05 0.9996571 -0.026185517 -3.4999975 -0.97947949 -0.0052230068 -0.20147637 -37.248737
-0.19831785 0.027524559 0.97975117 120.83307 -0.0028076467 0.99958556 -0.028650088 -3.539075 -0.98013378 -0.0084326183 -0.19815838 -37.414229
-0.19656421 0.02660052 0.98013001 121.72522 -0.0060811676 0.99957962 -0.02834795 -3.5827557 -0.98047214 -0.011532527 -0.19631982 -37.584999
-0.19560739 0.02557837 0.98034862 122.57236 -0.0063012381 0.99960638 -0.027338101 -3.6267188 -0.98066208 -0.011524944 -0.19536923 -37.744433
-0.19430709 0.021652236 0.98070171 123.4629 -0.0045425498 0.99972578 -0.022972272 -3.6615771 -0.98093027 -0.008918561 -0.19415545 -37.92058
-0.19363588 0.016022096 0.98094259 124.3196 -0.0046052265 0.99984078 -0.017239827 -3.7025025 -0.9810627 -0.0078557111 -0.19353127 -38.079253
-0.19313276 0.013809304 0.98107541 125.18871 -0.0038799106 0.99988239 -0.014837816 -3.7346179 -0.981165 -0.0066721525 -0.19305647 -38.238086
-0.19150844 0.018645371 0.98131381 126.05751 -0.0050340509 0.99978773 -0.019978802 -3.773276 -0.9814781 -0.0087660922 -0.19137393 -38.407404
-0.19151797 0.02224043 0.98123705 126.89436 -0.005684223 0.99970133 -0.023768382 -3.810648 -0.98147269 -0.010129642 -0.19133435 -38.56374
-0.19163461 0.021564591 0.98122936 127.74923 -0.0074513402 0.99969781 -0.023425723 -3.8415124 -0.98143809 -0.011800653 -0.19141602 -38.724334
-0.19098542 0.020601799 0.98137661 128.60913 -0.0095245648 0.99969376 -0.022839897 -3.8852713 -0.9815467 -0.013709272 -0.19073071 -38.881464
-0.19021082 0.021135014 0.9815157 129.44516 -0.003922061 0.99974391 -0.022287589 -3.9236733 -0.98173548 -0.0080889042 -0.19007921 -39.042144
-0.18954063 0.023672405 0.98158743 130.29878 -0.0062031571 0.9996605 -0.025306067 -3.963386 -0.98185332 -0.010885468 -0.18932944 -39.20159
-0.18987894 0.024816264 0.98149379 131.12084 -0.016017237 0.99946917 -0.028369436 -3.9972388 -0.98167689 -0.021107577 -0.18938066 -39.338671
-0.18943564 0.026120353 0.98154561 131.95911 -0.020759854 0.99931611 -0.030599846 -4.036305 -0.9816737 -0.026173445 -0.18876384 -39.485743
-0.18950328 0.029266544 0.98144378 132.79283 -0.021124651 0.9992028 -0.033874993 -4.0895088 -0.98165286 -0.027152079 -0.18873396 -39.641189
-0.18871248 0.030614501 0.98155503 133.62126 -0.01655263 0.9992728 -0.0343495 -4.1305995 -0.98189291 -0.022729496 -0.1880685 -39.795101
-0.1872292 0.031913878 0.98179766 134.44687 -0.016704175 0.99922416 -0.035665827 -4.1784973 -0.98217426 -0.023077804 -0.18655085 -39.942209
-0.18523162 0.03116187 0.98220064 135.26509 -0.011639571 0.99935741 -0.033901281 -4.2157399 -0.982626 -0.017711983 -0.18474988 -40.100637
-0.18214226 0.02823726 0.98286661 136.07997 -0.0044629327 0.99955353 -0.029543724 -4.2676855 -0.9832621 -0.0097676275 -0.18193492 -40.256233
-0.17963305 0.023856696 0.98344433 136.89007 0.0021543166 0.99971304 -0.023857845 -4.3018936 -0.98373137 -0.0021670061 -0.1796329 -40.409957
-0.17592498 0.023629616 0.98411989 137.71809 0.0052532021 0.99972016 -0.023065109 -4.3378052 -0.9843896 0.0011120527 -0.17599988 -40.554752
-0.17123213 0.027453984 0.98484809 138.50826 0.0020316437 0.99961939 -0.027512518 -4.3909116 -0.98522866 -0.0027101657 -0.17122273 -40.682475
-0.16429905 0.031347676 0.9859123 139.34414 0.0062366445 0.99950794 -0.03074064 -4.4264255 -0.9863909 0.0010981275 -0.16441371 -40.820576
-0.15670085 0.031358101 0.98714813 140.13549 -0.00011119014 0.99949526 -0.031767973 -4.4693215 -0.98764615 -0.0050878287 -0.15661827 -40.930674
-0.14693263 0.028018964 0.98874954 140.90285 0.0081778187 0.99959897 -0.02711115 -4.4977173 -0.98911274 0.0041023029 -0.14710284 -41.045485
-0.13480862 0.026482797 0.99051765 141.73327 0.016112199 0.9995692 -0.024531944 -4.5409285 -0.99074069 0.012652301 -0.13517724 -41.160843
-0.12117734 0.028571865 0.99221954 142.52768 0.014673202 0.999528 -0.026990315 -4.5856494 -0.99252246 0.011288424 -0.12153939 -41.253007
-0.10708938 0.029732548 0.99380469 143.31293 0.012997816 0.99950921 -0.028502609 -4.6224005 -0.99416448 0.0098649645 -0.10742328 -41.3278
-0.093014513 0.02986255 0.99521678 144.10263 0.016090811 0.99946467 -0.028486138 -4.6582715 -0.99553477 0.013364222 -0.093445234 -41.401209
-0.079363912 0.031610422 0.99634435 144.8619 0.020716392 0.99933354 -0.030055091 -4.694082 -0.99663047 0.018255372 -0.079965875 -41.461
-0.065805699 0.037327816 0.99713397 145.66179 0.016630597 0.99920227 -0.036307708 -4.7489413 -0.9976939 0.01419368 -0.066373989 -41.497397
-0.052940841 0.046647063 0.99750751 146.42041 0.0097632867 0.99888481 -0.0461933 -4.7934042 -0.99854996 0.0072934406 -0.053337231 -41.518945
-0.039576413 0.054959753 0.99770389 147.16773 0.0014153183 0.99848828 -0.054946819 -4.840835 -0.99921559 -0.00076252857 -0.039594372 -41.532297
-0.026197073 0.056172146 0.99807731 147.92875 0.0028308373 0.99842018 -0.056117139 -4.8887045 -0.99965283 0.0013552905 -0.026314702 -41.538462
-0.014494767 0.052204075 0.9985312 148.69271 0.0035161319 0.99863264 -0.052158336 -4.9410746 -0.99988881 0.0027549453 -0.014658506 -41.533244
-0.0038200697 0.049357071 0.99877385 149.45173 -0.00013695014 0.99878114 -0.049357954 -4.9989911 -0.99999274 -0.00032533221 -0.0038086557 -41.520537
0.0053835842 0.05518891 0.99846137 150.20855 -0.005290447 0.99846348 -0.055160499 -5.0659825 -0.99997156 -0.0049853451 0.0056672847 -41.507945
0.011819787 0.063990964 0.99788044 150.96719 -0.010365463 0.99790441 -0.063869722 -5.1150115 -0.99987646 -0.0095885653 0.012458312 -41.481025
0.015063248 0.067353591 0.99761541 151.71669 -0.015623507 0.9976227 -0.067118178 -5.1691594 -0.99976452 -0.014575233 0.016079736 -41.463303
0.015358052 0.063107446 0.99788852 152.47103 -0.018475916 0.99785378 -0.062820893 -5.2256038 -0.99971139 -0.017472097 0.016491057 -41.441183
0.013775092 0.057693506 0.99823926 153.23358 -0.011355386 0.99827867 -0.057539085 -5.2988836 -0.99984068 -0.010542785 0.014406511 -41.42362
0.010841674 0.05524403 0.99841398 153.99036 -0.012789529 0.99839869 -0.055104302 -5.3509119 -0.99985948 -0.012171821 0.011530857 -41.413248
0.0077249485 0.055147449 0.9984483 154.73089 -0.012787481 0.99840193 -0.055045951 -5.4055373 -0.99988844 -0.012342411 0.008417799 -41.402401
0.0044246891 0.055324732 0.99845857 155.4866 -0.011922237 0.99840034 -0.05526867 -5.4640862 -0.99991918 -0.011659313 0.0050772041 -41.400179
-0.00058465679 0.053550367 0.99856494 156.23184 -0.010711202 0.99850753 -0.053553558 -5.5198106 -0.9999425 -0.010727141 -1.0196942e-05 -41.394021
-0.0057595906 0.053949726 0.998527 156.98057 -0.015257467 0.99842263 -0.054032092 -5.5753579 -0.99986705 -0.015546195 -0.004927371 -41.394686
-0.011687775 0.052065679 0.99857522 157.72155 -0.015007016 0.99852187 -0.052238544 -5.6223556 -0.99981912 -0.015596186 -0.01088915 -41.394491
-0.017354277 0.049398039 0.99862835 158.46564 -0.012974788 0.99868358 -0.049626247 -5.6789637 -0.99976526 -0.013818218 -0.016690504 -41.40801
-0.022600506 0.049272449 0.9985296 159.19812 -0.013782611 0.99867448 -0.049591549 -5.7275242 -0.99964961 -0.014883138 -0.021891447 -41.421621
-0.028114461 0.050555247 0.99832543 159.92086 -0.013780135 0.99860575 -0.050957511 -5.7779142 -0.99950976 -0.015189702 -0.027378606 -41.439095
-0.032171024 0.052807202 0.99808634 160.63843 -0.016734096 0.99843485 -0.053365024 -5.8323196 -0.99934232 -0.018418879 -0.031236992 -41.454571
-0.034640232 0.05487636 0.99789206 161.35564 -0.014669367 0.99835586 -0.055411087 -5.8849605 -0.99929222 -0.016557898 -0.033778278 -41.474467
-0.036401056 0.056431951 0.99774261 162.05874 -0.013540769 0.99828482 -0.05695663 -5.9418941 -0.99924556 -0.015583483 -0.035574491 -41.500559
-0.03516803 0.054870487 0.99787392 162.7796 -0.010361786 0.99841792 -0.055265579 -5.9929862 -0.99932774 -0.012283337 -0.034543837 -41.527821
-0.031654231 0.051268259 0.99818309 163.48525 -0.0048951778 0.99866367 -0.051448175 -6.0383338 -0.99948693 -0.0065148354 -0.031360964 -41.550579
-0.024317243 0.050713229 0.99841713 164.20201 -0.0042572937 0.99869819 -0.050831193 -6.0966693 -0.99969527 -0.0054866286 -0.024069687 -41.560921
-0.013735995 0.051690488 0.99856864 164.89827 -0.0025273338 0.99865792 -0.051729873 -6.1509693 -0.9999025 -0.0032342767 -0.013586922 -41.566149
0.00023320055 0.05196504 0.99864884 165.56652 -0.00019108702 0.99864889 -0.051964997 -6.1971209 -1 -0.00017870973 0.00024281378 -41.562012
0.015746991 0.049860863 0.99863199 166.26142 -0.0010834691 0.99875613 -0.049849975 -6.2455156 -0.99987546 -0.00029699898 0.015781425 -41.538875
0.031697305 0.045022067 0.99848295 166.96696 -0.005291128 0.99897853 -0.044876442 -6.2889598 -0.99948355 -0.0038606381 0.031903143 -41.495583
0.048182426 0.038591357 0.99809272 167.63295 -0.0072488476 0.99924054 -0.038285802 -6.3287856 -0.99881229 -0.0053903184 0.048425575 -41.451282
0.065415092 0.031242676 0.99736888 168.30414 -0.0072685639 0.99949813 -0.030832646 -6.3658259 -0.99783171 -0.0052325183 0.06560935 -41.395951
0.082994702 0.023600426 0.99627045 169.00079 -0.0081216291 0.99970236 -0.023005147 -6.4048228 -0.99651694 -0.0061820331 0.083161672 -41.326038
0.10042861 0.017234368 0.99479495 169.65659 -0.010116963 0.99981596 -0.016300005 -6.4378564 -0.99489287 -0.0084273164 0.10058448 -41.246026
0.11850451 0.014674725 0.99284503 170.32632 -0.010288307 0.99985526 -0.013550341 -6.4681529 -0.99290025 -0.0086089169 0.11863834 -41.151363
0.13663854 0.013809166 0.99052468 170.96001 -0.0094190822 0.99987575 -0.01264021 -6.4885919 -0.99057623 -0.0076026927 0.13675163 -41.051311
0.15424323 0.013388017 0.98794216 171.59652 -0.010028512 0.9998779 -0.011984053 -6.5091839 -0.98798205 -0.0080591297 0.15435866 -40.934849
0.17020229 0.01293093 0.98532426 172.24089 -0.015838056 0.99982063 -0.01038535 -6.5255961 -0.9852819 -0.01383801 0.17037656 -40.805211
0.18465452 0.0093472119 0.982759 172.86646 -0.01884093 0.99980467 -0.0059692385 -6.5465732 -0.98262292 -0.017413847 0.18479456 -40.666974
0.19686322 0.0051570428 0.98041736 173.49244 -0.015193061 0.99988214 -0.0022087325 -6.5660699 -0.98031328 -0.014460721 0.19691837 -40.536644
0.20766984 0.0035760374 0.9781924 174.12679 -0.01152338 0.99993287 -0.0012091061 -6.5846779 -0.97813114 -0.011020988 0.2076971 -40.398884
0.21754888 0.0071115464 0.97602348 174.71425 -0.015735443 0.99986905 -0.0037779692 -6.6037433 -0.97592262 -0.014536268 0.2176323 -40.250327
0.22621363 0.014195849 0.97397423 175.32369 -0.01946806 0.99975997 -0.010050061 -6.6227687 -0.97388319 -0.016687928 0.22643569 -40.098706
0.23531784 0.024111138 0.97161931 175.90202 -0.01984227 0.99960306 -0.019999938 -6.6424293 -0.97171595 -0.01457279 0.23570285 -39.947098
0.24394543 0.030943742 0.96929512 176.49074 -0.01560529 0.99948666 -0.027980144 -6.6589665 -0.96966344 -0.0083005029 0.24430309 -39.794469
0.25033329 0.029499042 0.96771017 177.10001 -0.015764924 0.99952739 -0.026390767 -6.6786584 -0.9680314 -0.008649389 0.25068003 -39.632933
0.25588409 0.022024623 0.9664565 177.70049 -0.017433874 0.99968298 -0.018165938 -6.6977783 -0.96655029 -0.012200706 0.25618694 -39.459436
0.26046978 0.0111326 0.96541778 178.3036 -0.021329865 0.99975582 -0.0057737665 -6.721375 -0.9652464 -0.019088338 0.26064363 -39.28205
0.26266404 0.0020689263 0.96488509 178.91507 -0.020705086 0.99977953 0.0034926559 -6.7456188 -0.96466522 -0.020895424 0.26264896 -39.111928
0.26372105 0.00095511531 0.96459847 179.52027 -0.017351509 0.9998424 0.003753887 -6.7661082 -0.96444295 -0.017727218 0.26369606 -38.942313
0.26464522 0.0041818961 0.96433674 180.13773 -0.015453077 0.99988059 -9.5209e-05 -6.7699237 -0.96422206 -0.014876773 0.26467824 -38.778895
0.26638297 0.0037786964 0.96385982 180.73731 -0.01204342 0.9999273 -0.00059164152 -6.7815412 -0.96379207 -0.011450565 0.26640911 -38.614566
0.26815095 0.0019039171 0.96337499 181.34745 -0.013698442 0.99990448 0.0018367875 -6.7821415 -0.96327955 -0.013689272 0.26815142 -38.437541
0.27023563 -0.0023664963 0.96279127 181.96144 -0.014002635 0.99988155 0.0063879132 -6.7981987 -0.96269243 -0.015207856 0.27017049 -38.263401
0.27387876 -0.0077931467 0.96173261 182.57898 -0.012024801 0.99986126 0.011526492 -6.8082229 -0.96168909 -0.014721504 0.27374705 -38.076694
0.27796682 -0.010527395 0.96053295 183.19742 -0.011671303 0.99982912 0.014335615 -6.8156589 -0.96051981 -0.015195496 0.27779645 -37.895181
0.28396022 -0.012474504 0.95875487 183.79744 -0.009770389 0.99982581 0.015902639 -6.8121731 -0.95878632 -0.013883124 0.28378887 -37.711165
0.29214815 -0.015554289 0.95624654 184.43331 -0.0081433331 0.99979103 0.018750498 -6.8140493 -0.95633844 -0.013264957 0.29196044 -37.512161
0.30158477 -0.017525574 0.95327824 185.04617 -0.0062941205 0.99977267 0.020371597 -6.8184324 -0.95341863 -0.012143811 0.3014059 -37.309518
0.31277767 -0.016001276 0.94969154 185.66495 -0.0071495382 0.9997901 0.019200059 -6.8221953 -0.9497995 -0.012795205 0.31259761 -37.096965
0.32403882 -0.012293009 0.94596387 186.28658 -0.007657733 0.99984873 0.015616402 -6.8235362 -0.94601283 -0.012304259 0.32389566 -36.874292
0.3358157 -0.0083060012 0.94189105 186.886 -0.0096138409 0.99987881 0.012245019 -6.8235792 -0.94187869 -0.01316726 0.33569515 -36.641319
0.34764003 -0.0078403458 0.93759526 187.51833 -0.0089486841 0.99989175 0.011679259 -6.8209923 -0.93758541 -0.012450421 0.34753223 -36.401606
0.35901494 -0.01092831 0.93326779 188.13687 -0.0078254754 0.99986105 0.014718449 -6.8270329 -0.93329905 -0.012587407 0.35887953 -36.144546
0.36991388 -0.012880329 0.92897672 188.76165 -0.0077076456 0.99982694 0.016931818 -6.8273505 -0.92903411 -0.013423537 0.36975058 -35.88811
0.38120106 -0.013403792 0.92439495 189.40243 -0.010089598 0.99977502 0.018657547 -6.8339779 -0.92443714 -0.01643905 0.38098006 -35.610392
0.39111704 -0.01455333 0.92022584 190.00649 -0.012595446 0.99969668 0.02116351 -6.8247135 -0.9202548 -0.019868064 0.3908151 -35.328088
0.39785174 -0.013613053 0.91734869 190.65822 -0.016469437 0.99962282 0.021976717 -6.8242892 -0.91730193 -0.023851691 0.39747747 -35.042716
0.40279979 -0.016026396 0.91514776 191.296 -0.016688717 0.99955188 0.024850005 -6.8166581 -0.91513599 -0.025282219 0.40235183 -34.74649
0.40433066 -0.021162044 0.91436799 191.93814 -0.011742245 0.99952979 0.028325404 -6.8125488 -0.91453754 -0.022189562 0.40389204 -34.460712
0.40506647 -0.019330276 0.91408283 192.59772 -0.0093624159 0.99963636 0.025288351 -6.80778 -0.91423934 -0.018801486 0.40473819 -34.174428
0.40406409 -0.019294234 0.91452713 193.25297 -0.0068372991 0.99968589 0.024111783 -6.8031507 -0.91470516 -0.015995601 0.40380525 -33.87584
0.40258197 -0.018072585 0.91520548 193.92688 -0.0045503421 0.99975322 0.021743763 -6.8008974 -0.91537267 -0.012918144 0.40240038 -33.590193
0.40279587 -0.01952451 0.91508153 194.60446 -0.00046937074 0.99976792 0.021538014 -6.786527 -0.91528975 -0.0091049352 0.40269323 -33.293649
0.40157141 -0.025831755 0.9154633 195.28582 0.0032748983 0.99963625 0.026770328 -6.7847862 -0.9158219 -0.0077521484 0.40150993 -32.998162
0.40083365 -0.028842129 0.9156967 195.97341 0.0033414888 0.9995437 0.030020406 -6.7816328 -0.9161448 -0.0089733981 0.40074712 -32.702841
0.39939416 -0.031239899 0.91624686 196.66308 0.0046370388 0.99947531 0.032056318 -6.7704877 -0.91676762 -0.0085544335 0.39932946 -32.40012
0.39743634 -0.031513119 0.91708844 197.35121 0.0031708956 0.99945134 0.032969121 -6.7617633 -0.91762431 -0.010195134 0.39731821 -32.097411
0.39620437 -0.031690359 0.91761525 198.02947 0.0020957448 0.99943279 0.033611082 -6.7515839 -0.91815999 -0.01139377 0.39604606 -31.790332
0.39417674 -0.030855816 0.91851649 198.71607 0.001578994 0.99945749 0.032897258 -6.7454867 -0.91903334 -0.011517001 0.39401161 -31.485133
0.39322904 -0.027659474 0.91902438 199.41514 0.0023201929 0.99957407 0.029090986 -6.7442892 -0.91943766 -0.009307106 0.39312572 -31.186556
0.39234489 -0.021294291 0.91957162 200.09781 0.00083135874 0.99973979 0.022796018 -6.7440762 -0.91981785 -0.0081794064 0.3922605 -30.897309
0.39076446 -0.018147612 0.92031176 200.78537 -0.0014584361 0.99979218 0.020334137 -6.7317509 -0.92048959 -0.0092880734 0.39065678 -30.606421
0.38994709 -0.020891636 0.9206002 201.4829 -0.0018642385 0.99972264 0.023476853 -6.7236831 -0.92083542 -0.010870948 0.38979999 -30.297537
0.38871344 -0.023816233 0.9210508 202.17259 -0.0037883613 0.99961609 0.02744656 -6.7214181 -0.92135096 -0.014158119 0.38847398 -29.997862
0.3857713 -0.023468218 0.92229587 202.8608 -0.0077202253 0.99955931 0.02866338 -6.7233247 -0.92256218 -0.018177841 0.38542011 -29.705284
0.3817093 -0.023174417 0.92399182 203.54277 -0.01097786 0.99950144 0.029603308 -6.7199071 -0.92421728 -0.021443311 0.38126458 -29.416969
0.37466025 -0.024449764 0.9268397 204.2366 -0.010402122 0.99947847 0.030570846 -6.7076678 -0.92710386 -0.02109478 0.37421053 -29.138568
0.36582174 -0.024789834 0.93035469 204.92938 -0.010318107 0.99947573 0.030688753 -6.6991592 -0.93062778 -0.020826112 0.36537417 -28.856903
