1 0 0 0 0 1 0 0 0 0 1 0
0.99987214 0.00066896043 0.015976993 -0.0012217906 -0.00066378691 0.99999973 -0.00032911476 -0.004961626 -0.01597721 0.00031846738 0.99987231 0.1103966
0.999305 0.002808117 0.03717037 0.021890655 -0.0027950978 0.99999601 -0.00040222339 0.0032156534 -0.037171354 0.00029804906 0.99930886 0.28188079
0.99790198 0.0050400466 0.064546356 0.074984632 -0.0051024899 0.99998666 0.0008026025 0.00030483648 -0.064541456 -0.0011302657 0.99791439 0.4180955
0.9952702 0.0044414581 0.097043804 0.079461454 -0.0047933947 0.99998275 0.0033937366 0.0028960754 -0.097027065 -0.0038428541 0.99527432 0.58697675
0.9907554 0.0013416764 0.13565374 0.17056365 -0.0021060309 0.99998271 0.0054912471 0.00016788945 -0.13564403 -0.0057261736 0.99074109 0.78418013
0.98472722 -0.0018646374 0.17409428 0.23723943 0.00086714834 0.99998277 0.0058054791 -0.0077525519 -0.17410212 -0.0055658478 0.98471187 0.97882237
0.97591495 -0.002192077 0.21814032 0.33815457 0.00076772294 0.99997783 0.0066140738 -0.0068231213 -0.21815 -0.0062873022 0.975895 1.1994461
0.96396713 -0.0020689779 0.26601333 0.42923359 -0.00075716648 0.99994437 0.010521076 0.001828033 -0.26602032 -0.010343387 0.96391193 1.4005399
0.95004115 -0.0059104584 0.3120687 0.57301634 0.00057541924 0.99985216 0.017185039 0.011262548 -0.31212416 -0.016146923 0.9499041 1.623442
0.93270626 -0.015532512 0.36030232 0.69936723 0.0068904914 0.99965723 0.025257633 -0.0068252446 -0.36057117 -0.021075292 0.93249358 1.8457134
0.91135316 -0.021397896 0.41106877 0.8683776 0.009823747 0.99949414 0.030248391 -0.0047206697 -0.41150811 -0.023528731 0.91110235 2.094475
0.88681957 -0.023250265 0.46153057 1.0337298 0.0085941287 0.99939057 0.033832331 -0.0057573386 -0.46203595 -0.02603672 0.88647893 2.3132994
0.85860628 -0.025247194 0.51201349 1.2164724 0.0065385865 0.9992446 0.038307684 0.020658142 -0.51259392 -0.029543374 0.85812277 2.546328
0.82647777 -0.030665586 0.56213352 1.4568183 0.007781043 0.9990422 0.043059797 0.023520955 -0.56291561 -0.03121398 0.82592477 2.7648804
0.79037472 -0.036143877 0.61155653 1.6817279 0.0095267556 0.99886251 0.046721858 0.023693897 -0.61254965 -0.031101626 0.78982001 2.9709307
0.75168166 -0.040718808 0.6582679 1.952187 0.010666303 0.99871231 0.049597908 0.032670277 -0.65943988 -0.030260553 0.75114804 3.1796887
0.7127729 -0.04419048 0.7000014 2.224951 0.012205946 0.99864366 0.050614862 0.042710485 -0.70128871 -0.027532722 0.71234552 3.4078656
0.67066561 -0.045796657 0.74034469 2.520653 0.011036959 0.99859786 0.051773634 0.061378705 -0.74167774 -0.026551641 0.6702307 3.5950575
0.62891423 -0.046402141 0.77608871 2.8362012 0.0068026737 0.99850759 0.054187866 0.084569249 -0.77744496 -0.028800042 0.62829129 3.8371859
0.58646686 -0.047012427 0.80860769 3.2401062 0.0037997242 0.99846285 0.055294736 0.097791408 -0.80996435 -0.029356044 0.585744 4.0083776
0.5470746 -0.048184538 0.83569586 3.5880753 0.0017511487 0.9984056 0.056419692 0.11790516 -0.83708206 -0.029402352 0.54628672 4.2301565
0.508088 -0.050714036 0.8598108 4.0270979 0.0011657178 0.99830462 0.058193929 0.13418822 -0.86130441 -0.02856534 0.50728571 4.4454324
0.47005299 -0.050598898 0.88118663 4.4260025 -0.0021675054 0.99828628 0.05847913 0.15455011 -0.88263557 -0.029398266 0.46913777 4.6279466
0.43443775 -0.049839886 0.89932184 4.8987537 -0.0032944419 0.99837327 0.056920712 0.18059592 -0.90069588 -0.027691269 0.43356684 4.8339618
0.39941823 -0.048621946 0.91547851 5.4006378 -0.0021549175 0.99854004 0.053973602 0.19867023 -0.91676633 -0.023530821 0.39873032 4.9949199
0.36911028 -0.046889674 0.92820196 5.9043557 -0.00014305727 0.99872359 0.05050908 0.22466965 -0.92938563 -0.018776206 0.36863244 5.1662729
0.34540206 -0.045074819 0.93737165 6.450099 0.00080434033 0.9988597 0.047735174 0.24619424 -0.9384545 -0.015733861 0.34504445 5.3490302
0.32443971 -0.044616831 0.9448535 6.9980762 0.0021731856 0.99891948 0.046423655 0.27045091 -0.94590392 -0.013008335 0.3241861 5.5575375
0.30903543 -0.044945415 0.94998786 7.6111714 0.0031184646 0.9989252 0.046246266 0.29826221 -0.95104546 -0.01132923 0.30884343 5.708509
0.2975262 -0.046632719 0.95357405 8.1913554 0.0041481834 0.9988601 0.047553065 0.32058636 -0.95470468 -0.010192682 0.29738049 5.9293808
0.28657149 -0.048417691 0.95683459 8.8334208 0.0029424621 0.99876194 0.049658031 0.34847337 -0.95805438 -0.011415126 0.28635917 6.1150283
0.27628971 -0.050336293 0.95975527 9.473554 0.0015139084 0.99864904 0.051940338 0.3743064 -0.96107324 -0.012897599 0.27599266 6.2801263
0.26566773 -0.051977644 0.9626624 10.173166 0.00055447764 0.9985536 0.053762519 0.40514799 -0.96406453 -0.013749191 0.26531229 6.47131
0.25690516 -0.053993815 0.96492711 10.901932 -0.00014110475 0.998436 0.055906419 0.43449892 -0.96643665 -0.014498802 0.25649574 6.6899471
0.24595373 -0.055553517 0.96768822 11.633207 -0.00058070716 0.99834757 0.057461219 0.46388192 -0.96928144 -0.014694744 0.24551504 6.8563367
0.2347539 -0.056640935 0.97040318 12.395101 -0.0012959494 0.99828178 0.058581673 0.49587864 -0.97205402 -0.015009869 0.23427713 7.0390144
0.22473066 -0.059776524 0.97258564 13.140394 -0.0023765284 0.99807999 0.061892576 0.52981582 -0.97441806 -0.016220536 0.22415711 7.1970386
0.2148243 -0.06320321 0.97460546 13.905883 -0.0043576995 0.99783188 0.065669976 0.56980818 -0.97664303 -0.018354544 0.21408311 7.4183747
0.20137289 -0.066908502 0.97722675 14.731079 -0.0042331572 0.99759553 0.069175414 0.61412514 -0.97950555 -0.018066807 0.20060546 7.58063
0.18920124 -0.069313596 0.97948886 15.513502 -0.0049789886 0.99742497 0.071544603 0.65092052 -0.98192575 -0.018413191 0.18836893 7.7402101
0.17473044 -0.070046143 0.98212154 16.313756 -0.0057555192 0.9973766 0.072158123 0.68607028 -0.98459953 -0.01826084 0.1738689 7.8577343
0.15990215 -0.069311432 0.98469647 17.09647 -0.0073768667 0.99742013 0.071404941 0.72932629 -0.98710535 -0.018681777 0.15897832 7.9928147
0.14443655 -0.068329562 0.987152 17.927909 -0.0082859152 0.99749445 0.070257819 0.76780146 -0.98947941 -0.018327254 0.14350848 8.1292975
0.12315843 -0.066892809 0.99012993 18.72626 -0.0112951 0.99756652 0.068800175 0.81014535 -0.99232278 -0.019656938 0.12210316 8.2280092
0.097854532 -0.065439872 0.99304684 19.556533 -0.015590525 0.99761252 0.067277026 0.84612361 -0.99507865 -0.022065483 0.096600663 8.2769603
0.071391896 -0.065145618 0.99531862 20.336452 -0.019738653 0.9975772 0.066709254 0.88472083 -0.99725306 -0.024408748 0.069933039 8.3475148
0.035229358 -0.064899045 0.99726973 21.19963 -0.022316445 0.9975893 0.065708187 0.92254822 -0.9991301 -0.024570372 0.033696113 8.3574414
0.001383557 -0.064281942 0.99793078 22.053766 -0.023733673 0.99764856 0.064296668 0.9586487 -0.9997174 -0.02377352 -0.0001453444 8.3396555
-0.032462671 -0.063400564 0.99746 22.886564 -0.02473488 0.99773134 0.062612805 0.99528428 -0.99916688 -0.022639474 -0.033957231 8.3287442
-0.067212883 -0.060953012 0.99587503 23.796792 -0.028049553 0.99785311 0.059180981 1.0214901 -0.99734434 -0.023956124 -0.06877829 8.257814
-0.096036775 -0.057736724 0.99370183 24.564224 -0.029497498 0.99804293 0.055138154 1.0555073 -0.99494066 -0.024016427 -0.097551915 8.2133335
-0.12965983 -0.053590422 0.99010924 25.391358 -0.026628708 0.99836646 0.050550186 1.0876643 -0.99120095 -0.019811001 -0.13087507 8.0616449
-0.16115306 -0.048050623 0.98575897 26.259765 -0.021796501 0.99874375 0.045120245 1.0998514 -0.98668875 -0.01421483 -0.16199795 7.9305239
-0.19435998 -0.041936332 0.9800334 27.078039 -0.016180498 0.99908687 0.039542732 1.1176235 -0.98079685 -0.0081719028 -0.19486106 7.7032125
-0.2212087 -0.036415648 0.97454632 27.856397 -0.0098766547 0.999335 0.035100055 1.1303373 -0.97517652 -0.001860819 -0.22142126 7.5382615
-0.24736615 -0.029508197 0.9684726 28.696307 -0.0014754372 0.99954646 0.030078127 1.1472154 -0.96892099 0.0060113908 -0.2472975 7.3097976
-0.27610687 -0.019048826 0.96093811 29.522765 0.0048683034 0.99976304 0.021217271 1.1458156 -0.96111465 0.010536374 -0.27594871 7.0575449
-0.29942595 -0.004342278 0.95410962 30.287308 0.0091929123 0.9999301 0.0074358035 1.1337396 -0.9540753 0.01099752 -0.2993651 6.7998713
-0.32491498 0.012740381 0.94565737 31.061856 0.0093992645 0.99990338 -0.010241751 1.109057 -0.94569656 0.0055607864 -0.32500334 6.5282442
-0.35042063 0.027380999 0.93619207 31.859389 0.0083268994 0.99962415 -0.026119415 1.0851733 -0.93655545 -0.0013572038 -0.35051692 6.2274315
-0.37501011 0.038487398 0.92622139 32.630652 0.012808606 0.99925753 -0.036336307 1.0475924 -0.92693227 -0.0017628773 -0.37522465 5.9045483
-0.39926317 0.043263653 0.915815 33.373629 0.016603025 0.99906341 -0.039958021 1.0021569 -0.91668606 -0.00074846561 -0.39960753 5.5691242
-0.42124028 0.042489129 0.90595321 34.120435 0.01871996 0.99909653 -0.038153338 0.95223996 -0.9067559 0.00088768573 -0.4216551 5.2084876
-0.44184902 0.039040622 0.89623948 34.863951 0.023117338 0.99921634 -0.032129419 0.91431672 -0.89679156 0.0065223194 -0.44240528 4.8071152
-0.46036497 0.038063682 0.88691329 35.611877 0.030302414 0.99917191 -0.027152588 0.88021543 -0.88721245 0.014375515 -0.46113717 4.4476727
-0.47380772 0.038590323 0.87978234 36.280187 0.034092311 0.99909426 -0.025463309 0.83418382 -0.8799682 0.017929102 -0.4746942 4.0523986
-0.48493631 0.041921784 0.87354409 36.992265 0.036786365 0.99894419 -0.027518333 0.78347844 -0.87377549 0.018789874 -0.48596647 3.6385536
-0.49558446 0.044740435 0.86740663 37.684501 0.038402874 0.9988245 -0.029577794 0.74401979 -0.86771039 0.018652614 -0.49672006 3.2448446
-0.50544684 0.043751045 0.8617478 38.380863 0.032139855 0.99897524 -0.031866889 0.68948036 -0.862259 0.011589432 -0.50633503 2.8471926
-0.51607557 0.042501732 0.8554879 39.053796 0.030512552 0.99904647 -0.031227118 0.66597221 -0.85599945 0.009987567 -0.51688031 2.4206698
-0.52530779 0.043900669 0.84977903 39.72841 0.032285907 0.99897742 -0.031650273 0.61878208 -0.8502996 0.010809752 -0.526188 2.0161945
-0.5324599 0.047458613 0.8451237 40.426962 0.036453245 0.99878635 -0.033120741 0.57526969 -0.84566996 0.013172036 -0.5335437 1.5851892
-0.53726904 0.050575946 0.8418931 41.108866 0.036944153 0.99865357 -0.036416618 0.53888072 -0.84260143 0.011537507 -0.53841413 1.1428124
-0.53561193 0.051947071 0.84286494 41.840877 0.03640609 0.99859864 -0.038410351 0.49648153 -0.84367915 0.010112375 -0.53675254 0.67553293
-0.53240714 0.052858775 0.84483639 42.537887 0.039174036 0.99851767 -0.03778706 0.45465401 -0.84558151 0.012977552 -0.53368863 0.22251464
-0.52663344 0.052119546 0.8484932 43.316103 0.037488169 0.99857162 -0.038070518 0.41346692 -0.84926552 0.01175925 -0.52783507 -0.23974335
-0.51987547 0.050457526 0.85275053 44.057265 0.035104208 0.99867267 -0.037690666 0.36566339 -0.8535205 0.01034068 -0.5209567 -0.67364312
-0.51245425 0.049939823 0.8572611 44.843669 0.033417671 0.99871104 -0.038203558 0.32291615 -0.85806408 0.0090700946 -0.51346259 -1.1359931
-0.50594133 0.048387375 0.86120959 45.652197 0.030533232 0.99880427 -0.038180591 0.27191508 -0.86202735 0.0069783737 -0.50681379 -1.6113244
-0.50244189 0.046120038 0.86338 46.460298 0.026192495 0.99892991 -0.038118183 0.21992658 -0.86421419 0.0034619056 -0.50311223 -2.0414763
-0.50113851 0.043065558 0.86429479 47.304292 0.021005737 0.99907201 -0.037601532 0.17030406 -0.86511214 -0.00068842593 -0.50157809 -2.5206177
-0.50174867 0.040993869 0.8640415 48.111938 0.01875892 0.99915717 -0.03651104 0.12920728 -0.86481006 -0.0021108801 -0.50209478 -2.9791728
-0.50246205 0.039376763 0.86370208 48.982664 0.016981085 0.99921912 -0.035676263 0.076846668 -0.86443252 -0.0032593696 -0.50273835 -3.4735099
-0.50237662 0.039187805 0.86376038 49.872949 0.017218846 0.99922774 -0.035319049 0.026059505 -0.86447748 -0.0028705068 -0.50266342 -3.9910976
-0.50330398 0.038247124 0.86326253 50.72369 0.016942921 0.9992647 -0.034394589 -0.017618711 -0.86394335 -0.0026847442 -0.50358192 -4.4801923
-0.50301479 0.037885755 0.863447 51.618223 0.01746957 0.99928036 -0.033668584 -0.067909451 -0.86410127 -0.0018517465 -0.50331465 -4.9999182
-0.5035899 0.037044999 0.8631482 52.505598 0.016894938 0.99931149 -0.033031838 -0.11955576 -0.86377766 -0.0020516638 -0.50386905 -5.501175
-0.50355614 0.035849922 0.86321836 53.421434 0.015300611 0.99935207 -0.032578056 -0.17460256 -0.86382705 -0.0031971107 -0.5037784 -6.0090532
-0.50357849 0.03510542 0.86323592 54.311596 0.014764264 0.99937789 -0.032029034 -0.23152356 -0.86382335 -0.0033840885 -0.50378351 -6.5453567
-0.50300082 0.034016661 0.86361622 55.200236 0.013116503 0.99941054 -0.031725894 -0.28281262 -0.86418643 -0.0046305251 -0.5031505 -7.0392827
-0.50222439 0.03298237 0.86410807 56.099376 0.013250038 0.99944855 -0.03044722 -0.3377411 -0.86463586 -0.0038418713 -0.50238446 -7.5369737
-0.50006875 0.031036839 0.86542931 56.987725 0.013702806 0.99951602 -0.027927725 -0.38508778 -0.86587732 -0.0021069719 -0.50025202 -8.0582007
-0.49705956 0.02966764 0.86720906 57.890188 0.014049155 0.99955949 -0.026142835 -0.43842055 -0.86760272 -0.00081099103 -0.49725741 -8.5639225
-0.49573181 0.02917233 0.86798553 58.764393 0.014079985 0.9995743 -0.025553437 -0.48785671 -0.86836155 -0.00044642704 -0.49593153 -9.0560973
-0.49292402 0.029493016 0.86957231 59.655555 0.014762706 0.99956495 -0.025533577 -0.53762914 -0.86994714 0.00025112797 -0.49314498 -9.580202
-0.49234797 0.030270264 0.8698719 60.547809 0.014853933 0.99954175 -0.026375249 -0.58628577 -0.87027174 -6.4780299e-05 -0.49257198 -10.047405
-0.49284303 0.031415134 0.86955091 61.453026 0.014225998 0.99950537 -0.028047133 -0.63401337 -0.87000198 -0.0014526034 -0.49304616 -10.556954
-0.4954393 0.032806521 0.86802279 62.308351 0.012394719 0.99945181 -0.030699315 -0.6934306 -0.86855416 -0.0044507476 -0.49557433 -11.049664
-0.4999016 0.03394963 0.86541652 63.185965 0.011701718 0.99940497 -0.032446481 -0.74254494 -0.86600319 -0.0060931872 -0.50000141 -11.546539
-0.50592428 0.032245717 0.86197492 64.038839 0.011234171 0.99946258 -0.030795264 -0.79667945 -0.86250477 -0.0058964974 -0.50601465 -12.051035
-0.51138195 0.030324543 0.8588183 64.909561 0.015107175 0.99953999 -0.026297828 -0.84591169 -0.85922078 -0.00047391553 -0.51160483 -12.558617
-0.51575469 0.02847796 0.85626283 65.791913 0.012177699 0.99959011 -0.025909779 -0.90037678 -0.85664979 -0.0029357782 -0.51589009 -13.075429
-0.52027599 0.030198452 0.85346405 66.623791 0.012969326 0.99953874 -0.027460901 -0.95110444 -0.85389973 -0.0032183934 -0.52042766 -13.603815
-0.52565654 0.032869047 0.85006162 67.466558 0.013705851 0.99945081 -0.030170077 -0.99627489 -0.85058651 -0.00420828 -0.52581835 -14.11471
-0.53059581 0.032981134 0.84698304 68.298626 0.012173671 0.99943617 -0.031291344 -1.0469742 -0.84753758 -0.0062921625 -0.53069815 -14.619303
-0.53436708 0.033602304 0.84458431 69.132817 0.011219208 0.99940343 -0.032663502 -1.1011601 -0.8451781 -0.0079787329 -0.53442528 -15.135718
-0.53787351 0.032694717 0.84239129 69.948274 0.011072915 0.99943547 -0.031719737 -1.1618025 -0.84295287 -0.0077334782 -0.53793189 -15.64625
-0.54015803 0.025790094 0.8411683 70.767013 0.012461216 0.99966585 -0.022647606 -1.2112513 -0.84147138 -0.0017513055 -0.54029891 -16.178424
-0.54287979 0.018509067 0.83960639 71.605039 0.014055927 0.99981732 -0.012952505 -1.2381422 -0.83969281 0.0047697934 -0.54304078 -16.717469
-0.54413773 0.015320557 0.83885598 72.420836 0.014078278 0.99985922 -0.0091289537 -1.2782105 -0.83887782 0.0068422402 -0.54427682 -17.243119
-0.54607201 0.020475096 0.83748795 73.223091 0.013838445 0.99978534 -0.015419818 -1.3156575 -0.83762397 0.0031692011 -0.54623813 -17.749557
-0.54570829 0.026234577 0.83756442 74.01335 0.014643467 0.99965574 -0.021770843 -1.3534657 -0.8378473 0.00038431787 -0.54590459 -18.272467
-0.54727212 0.030791605 0.8363881 74.817059 0.020605357 0.99951581 -0.023314485 -1.3892784 -0.83670109 0.0044747089 -0.54764161 -18.793243
-0.5461832 0.031793618 0.83706214 75.608568 0.023908417 0.99946403 -0.022361782 -1.4323305 -0.83732452 0.0077992018 -0.5466506 -19.328968
-0.54630633 0.029173206 0.83707721 76.409159 0.023733823 0.99953112 -0.019345394 -1.4790123 -0.83724916 0.0092985322 -0.54674258 -19.844649
-0.54562809 0.023922836 0.83768587 77.214118 0.021745673 0.99966005 -0.014384453 -1.5051651 -0.83774529 0.010367482 -0.54596283 -20.36587
-0.54476671 0.018241802 0.83838917 78.013003 0.020351652 0.99975651 -0.0085288034 -1.5321325 -0.83834068 0.012416398 -0.54500531 -20.885104
-0.54487532 0.011553282 0.83843744 78.809589 0.011107475 0.99991679 -0.0065599774 -1.5719949 -0.83844354 0.0057385538 -0.54495831 -21.379688
-0.54306994 0.0060805596 0.83966541 79.616858 0.0027388101 0.99998129 -0.0054701303 -1.5917875 -0.83968303 -0.00067097843 -0.54307643 -21.876563
-0.54148859 0.0063616865 0.84068399 80.405517 0.0052254893 0.99997752 -0.0042013403 -1.6191071 -0.84069189 0.0021180081 -0.54150966 -22.376145
-0.53860614 0.0097963288 0.84250068 81.201046 0.010657227 0.99993162 -0.0048137769 -1.6503041 -0.8424903 0.0063859918 -0.53867372 -22.880645
-0.53258075 0.012794374 0.84628245 81.987545 0.01143579 0.99990324 -0.0079201143 -1.6780779 -0.84630197 0.0054598088 -0.53267553 -23.373514
-0.52489216 0.014933598 0.85103769 82.765079 0.016554415 0.99983607 -0.0073344183 -1.700576 -0.85100778 0.010238654 -0.52505333 -23.859928
-0.51717888 0.017737108 0.85569348 83.591303 0.024504357 0.99968225 -0.0059113875 -1.7355356 -0.8555265 0.017910975 -0.51744918 -24.364498
-0.50703395 0.017546912 0.86174742 84.385467 0.023157647 0.99970917 -0.0067306209 -1.7575662 -0.86161497 0.016543391 -0.50729283 -24.830801
-0.49690023 0.014551695 0.86768562 85.198806 0.018968799 0.99980264 -0.005904468 -1.7827888 -0.86760037 0.013525024 -0.4970782 -25.278171
-0.48520989 0.011426792 0.87432301 86.007978 0.020296894 0.99979237 -0.0018027258 -1.8039381 -0.87416215 0.016871342 -0.48534108 -25.718202
-0.47318762 0.010278931 0.88090167 86.840945 0.019801087 0.99980341 -0.0010299455 -1.8292707 -0.88073916 0.016955454 -0.47329813 -26.155005
-0.46266595 0.0096248 0.88648041 87.657398 0.019936464 0.99980115 -0.00045005236 -1.8475863 -0.88630854 0.017465062 -0.46276583 -26.574141
-0.44965042 0.011129751 0.89313524 88.490704 0.022925845 0.99973675 -0.00091610377 -1.86636 -0.89291039 0.020063955 -0.44978721 -26.986633
-0.4372795 0.014092387 0.8992152 89.318716 0.02255102 0.99973464 -0.0047013758 -1.901707 -0.89904291 0.018222406 -0.43748126 -27.378175
-0.42624009 0.023997844 0.90429167 90.159083 0.024651823 0.99958495 -0.014907013 -1.9221812 -0.90427415 0.015938473 -0.42665477 -27.769717
-0.4131281 0.029127445 0.91020695 90.994986 0.025140859 0.99947221 -0.020572987 -1.9494807 -0.91032586 0.014384107 -0.41364235 -28.137579
-0.40177765 0.024929913 0.91539781 91.849442 0.021450903 0.99961129 -0.017808353 -1.9846571 -0.91548602 0.012481112 -0.40215624 -28.495582
-0.39014082 0.02186706 0.92049547 92.665202 0.024251055 0.99961517 -0.013468092 -2.0170872 -0.92043582 0.017068535 -0.39052098 -28.842096
-0.38028937 0.022068642 0.92460418 93.520249 0.02041508 0.999672 -0.01546366 -2.0578418 -0.92464225 0.012995204 -0.38061517 -29.18205
-0.37337847 0.026639576 0.92729649 94.37144 0.016048322 0.9996235 -0.022255501 -2.0934297 -0.92754032 0.0065718286 -0.37366541 -29.50894
-0.36775693 0.031058772 0.9294031 95.197193 0.0072931823 0.99950768 -0.030515673 -2.1332135 -0.92989339 -0.0044440432 -0.36780239 -29.815584
-0.36454482 0.033784018 0.93057275 96.039477 0.0059839367 0.999406 -0.033938814 -2.1746609 -0.93116665 -0.0068037298 -0.36453045 -30.137063
-0.36097568 0.033916046 0.93195825 96.887973 0.0058241479 0.99940096 -0.034114567 -2.2208398 -0.93255708 -0.0068866655 -0.36095697 -30.458297
-0.35570269 0.032828698 0.93402237 97.751128 0.0028679449 0.99941653 -0.034034951 -2.273011 -0.9345948 -0.0094275984 -0.3555893 -30.772435
-0.35064447 0.028986091 0.93605993 98.596335 0.0011005574 0.99953296 -0.030539334 -2.3183855 -0.93650805 -0.0096782602 -0.3505126 -31.086764
-0.34505016 0.025333302 0.93824226 99.440588 0.0018110818 0.99965179 -0.026325359 -2.3634646 -0.93858254 -0.0073843353 -0.34497589 -31.396818
-0.33938473 0.022009734 0.94039008 100.29517 -0.001227463 0.999715 -0.023841215 -2.4067733 -0.94064689 -0.0092456379 -0.339261 -31.694026
-0.33362638 0.021237843 0.94246608 101.14133 -0.004360868 0.99970073 -0.024071302 -2.4463181 -0.94269533 -0.012140791 -0.33343393 -31.975392
-0.32753514 0.020244068 0.94462206 101.9822 -0.017482027 0.99946944 -0.027481153 -2.4847828 -0.94467729 -0.025514951 -0.32700746 -32.24497
-0.32040347 0.024375466 0.94696746 102.84495 -0.013088116 0.99945954 -0.030154962 -2.5329694 -0.94719079 -0.022055774 -0.31991128 -32.532236
-0.31339918 0.028064015 0.94920666 103.70326 -0.01244275 0.99935605 -0.033654936 -2.5790176 -0.94954 -0.02235817 -0.31284818 -32.806217
-0.30699261 0.026542795 0.95134165 104.54354 -0.013254479 0.99939482 -0.032160641 -2.6184578 -0.95161964 -0.022482617 -0.30645501 -33.067881
-0.29989075 0.021519486 0.95373076 105.41174 -0.013666815 0.99954603 -0.026850624 -2.6592675 -0.95387569 -0.021086715 -0.29946051 -33.333739
-0.29282308 0.018829575 0.95598118 106.25808 -0.013731598 0.99962016 -0.023895187 -2.700662 -0.95606808 -0.020124211 -0.29245329 -33.579344
-0.28682458 0.021567556 0.95774027 107.10842 -0.016610227 0.99948429 -0.027482037 -2.7462189 -0.95783915 -0.023790806 -0.28631842 -33.828413
-0.28007207 0.024407962 0.95966859 107.99067 -0.017020831 0.99939332 -0.03038571 -2.7922843 -0.95982811 -0.024844545 -0.27948671 -34.076315
-0.27338801 0.025310549 0.96157074 108.83928 -0.018347702 0.99933467 -0.03152108 -2.8309208 -0.96172888 -0.026260099 -0.27274172 -34.306531
-0.2663812 0.024162548 0.96356481 109.71244 -0.018984392 0.99936029 -0.030308469 -2.8793209 -0.96368082 -0.026366298 -0.26575208 -34.538455
-0.25877572 0.024134441 0.96563584 110.56228 -0.016373718 0.99943458 -0.029367089 -2.9227586 -0.96579869 -0.023410538 -0.25823424 -34.762101
-0.25079998 0.025487098 0.96770331 111.42854 -0.011273568 0.99950865 -0.02924655 -2.9672768 -0.96797332 -0.018244503 -0.25038942 -34.981442
-0.24366145 0.026055853 0.96951024 112.31308 -0.0095691824 0.99952581 -0.029267495 -3.0090011 -0.96981318 -0.01640878 -0.24329658 -35.205881
-0.23716789 0.025103829 0.97114423 113.15935 -0.016164434 0.99942569 -0.029782491 -3.048787 -0.97133423 -0.022761447 -0.2366259 -35.393553
-0.23116378 0.022997812 0.97264296 114.02835 -0.021054954 0.9993682 -0.028633758 -3.0944599 -0.97268704 -0.027098041 -0.23053352 -35.584031
-0.22642456 0.023386913 0.97374786 114.92236 -0.017108283 0.99946199 -0.02798267 -3.1319381 -0.97387849 -0.022995117 -0.22590263 -35.788539
-0.22191324 0.023452984 0.97478428 115.76809 -0.015612914 0.99949706 -0.027601902 -3.1773865 -0.97494145 -0.02134445 -0.22143546 -35.979113
-0.21728247 0.024923077 0.97579049 116.65159 -0.015467078 0.99946056 -0.028971748 -3.2180575 -0.97598626 -0.021387681 -0.21677977 -36.167615
-0.21166931 0.023807595 0.97705129 117.51245 -0.010072861 0.99959702 -0.026539154 -3.2597797 -0.97728948 -0.015459226 -0.2113442 -36.352329
-0.20637781 0.022943649 0.97820331 118.37529 -0.0016774233 0.99971528 -0.023802105 -3.2968153 -0.97847098 -0.0065530867 -0.20628057 -36.542726
-0.20131422 0.022087437 0.97927762 119.26366 0.0020284222 0.99975299 -0.022132263 -3.3402995 -0.97952466 -0.0024691498 -0.20130929 -36.729598
-0.19738579 0.023344259 0.98004786 120.12664 -0.00078541005 0.99971235 -0.023970841 -3.3781051 -0.98032562 -0.005501242 -0.19731068 -36.888365
-0.19379929 0.025531556 0.98070887 120.99095 -0.0027995072 0.99964283 -0.026577691 -3.4139921 -0.98103725 -0.0078962385 -0.1936586 -37.050368
-0.19179484 0.024608537 0.98112643 121.88591 -0.0055024889 0.99964292 -0.026148615 -3.4568661 -0.98141966 -0.010413806 -0.19159094 -37.217176
-0.19067595 0.023544014 0.98137061 122.73297 -0.0059768158 0.99966597 -0.025144204 -3.4999895 -0.98163488 -0.010659866 -0.19047154 -37.374017
-0.19002381 0.019076067 0.9815941 123.62678 -0.0063682307 0.99976624 -0.020662025 -3.5339637 -0.98175887 -0.010177294 -0.18985791 -37.541563
-0.18920344 0.013540643 0.9818445 124.47651 -0.0059777231 0.99987051 -0.014941158 -3.5755022 -0.98191975 -0.0086961125 -0.189098 -37.697048
-0.18829766 0.011498643 0.98204465 125.33872 -0.0034121193 0.99991776 -0.012362157 -3.6060518 -0.98210612 -0.0056786179 -0.18824294 -37.85838
-0.18738296 0.016250447 0.98215247 126.21529 -0.0052211934 0.99983255 -0.017539117 -3.6390006 -0.9822731 -0.0084145389 -0.18726673 -38.015384
-0.18709357 0.019982319 0.9821388 127.05097 -0.0063807133 0.99974728 -0.021556075 -3.6762796 -0.98232142 -0.010299748 -0.18691878 -38.166035
-0.18703738 0.019369143 0.98216179 127.89981 -0.0080465821 0.99974185 -0.021248182 -3.7039433 -0.98231988 -0.011877249 -0.18683324 -38.326014
-0.18647104 0.018657931 0.98228323 128.76494 -0.0081925074 0.99975536 -0.020545021 -3.7422411 -0.98242634 -0.011878413 -0.18627256 -38.484053
-0.18565907 0.01859258 0.98243826 129.60266 -0.0044307222 0.99979497 -0.019758362 -3.7818925 -0.98260427 -0.0080212295 -0.18553863 -38.639644
-0.18489239 0.021441929 0.98252479 130.45658 -0.0060942378 0.99971772 -0.022963953 -3.8189695 -0.98273992 -0.010233599 -0.18470953 -38.793344
-0.18520269 0.02270417 0.98243799 131.28495 -0.016448716 0.99952139 -0.026199769 -3.8476773 -0.98256271 -0.02101211 -0.1847406 -38.928032
-0.18466586 0.024221723 0.9825028 132.12322 -0.019641294 0.99940564 -0.028330099 -3.883756 -0.98260512 -0.024529228 -0.18408035 -39.072528
-0.18455277 0.027462496 0.9824388 132.95576 -0.020410459 0.99928686 -0.031767594 -3.9331242 -0.98261069 -0.025914824 -0.18386064 -39.226117
-0.18379246 0.028514319 0.98255136 133.77993 -0.016399477 0.99935109 -0.032069483 -3.9786157 -0.9828283 -0.022007458 -0.18320558 -39.377091
-0.18256618 0.029371403 0.98275471 134.60152 -0.018549507 0.99927288 -0.033311015 -4.0276092 -0.98301861 -0.02431108 -0.18188861 -39.517417
-0.18032635 0.028377482 0.98319736 135.43216 -0.014241261 0.99940364 -0.031457195 -4.0642812 -0.98350377 -0.019674531 -0.17981468 -39.668292
-0.17738304 0.025797018 0.98380368 136.25648 -0.0042030858 0.99962741 -0.026969772 -4.1106903 -0.98413296 -0.0089189907 -0.17720852 -39.818327
-0.17485546 0.021380238 0.98436191 137.05887 0.0028426165 0.999771 -0.021209977 -4.1427701 -0.98459005 -0.00091051603 -0.17487619 -39.973416
-0.17090747 0.021147267 0.98506007 137.8848 0.0058832759 0.99977372 -0.020442393 -4.1767291 -0.98526956 0.0023016236 -0.17099321 -40.114623
-0.16650483 0.025122782 0.9857205 138.69261 0.0013741103 0.99968031 -0.02524646 -4.2273751 -0.98603972 -0.0028491679 -0.16648612 -40.236825
-0.15981464 0.02880532 0.98672663 139.49923 0.0041447402 0.99958493 -0.028509388 -4.2634488 -0.98713838 -0.00046649107 -0.1598677 -40.366393
-0.15205018 0.029068735 0.98794517 140.28644 -0.0011426709 0.99956157 -0.029586391 -4.3031204 -0.98837216 -0.0056275115 -0.1519503 -40.477212
-0.14169309 0.025910711 0.98957143 141.08375 0.0092551377 0.99964836 -0.024849353 -4.3261033 -0.98986741 0.0056376393 -0.14188308 -40.593979
-0.12993264 0.024341442 0.99122395 141.87401 0.018307942 0.99958708 -0.022146953 -4.3655415 -0.99135383 0.01526966 -0.13032464 -40.698875
-0.1161818 0.026343969 0.99287849 142.66595 0.016846803 0.99955665 -0.024549828 -4.4057072 -0.99308512 0.013874586 -0.11657411 -40.789384
-0.10209488 0.027666604 0.99438982 143.44922 0.015927393 0.9995305 -0.026174351 -4.4410213 -0.99464719 0.013165772 -0.1024876 -40.862812
-0.088327246 0.027532387 0.99571089 144.2414 0.017292574 0.99950967 -0.026103441 -4.4761725 -0.99594144 0.014912761 -0.088760044 -40.929798
-0.074739716 0.028936873 0.9967831 145.01098 0.02058881 0.99941059 -0.027469381 -4.5145549 -0.99699055 0.018469525 -0.075291441 -40.983445
-0.060881856 0.035309756 0.99752019 145.80564 0.020925665 0.9991996 -0.034092041 -4.5604742 -0.99792565 0.018798187 -0.061572008 -41.012551
-0.047834198 0.043955392 0.99788763 146.57466 0.010220884 0.99900051 -0.043514468 -4.6095354 -0.99880304 0.0081178147 -0.048235653 -41.041508
-0.034484968 0.05268052 0.99801576 147.34407 0.0036908546 0.99860967 -0.052584335 -4.6534503 -0.99939844 0.0018701628 -0.03463146 -41.043302
-0.021284257 0.05373792 0.99832817 148.11244 0.0020410948 0.99855467 -0.053706594 -4.701564 -0.99977142 0.00089457826 -0.02136318 -41.04625
-0.0092535752 0.049779687 0.99871731 148.8714 0.0020834911 0.99875891 -0.049762455 -4.7556959 -0.99995506 0.0016203389 -0.0093458077 -41.04338
0.0017323797 0.046799552 0.99890276 149.64693 0.0018487235 0.99890244 -0.046802742 -4.8089283 -0.99999683 0.001927776 0.0016439574 -41.033047
0.010511039 0.052686467 0.99855574 150.37842 -0.0047383758 0.99860236 -0.052639047 -4.876842 -0.99993357 -0.0041782406 0.010745995 -41.006021
0.017565736 0.061707959 0.99793962 151.15553 -0.010525981 0.99804976 -0.06152949 -4.9255227 -0.99979034 -0.009423482 0.018181014 -40.985675
0.020640726 0.065209955 0.99765803 151.9021 -0.015143611 0.99777657 -0.064904392 -4.9740121 -0.9996723 -0.013768471 0.021582345 -40.956817
0.020383457 0.060566669 0.99795597 152.64934 -0.020164779 0.99798525 -0.060156575 -5.0348264 -0.99958891 -0.018897362 0.021563702 -40.929738
0.019371085 0.055226892 0.99828586 153.41016 -0.010979508 0.9984248 -0.055021527 -5.1042214 -0.99975212 -0.0098948603 0.019946934 -40.914298
0.016181389 0.05290777 0.99846825 154.17113 -0.010635466 0.99855165 -0.052739827 -5.1508689 -0.99981255 -0.0097657704 0.01672065 -40.895133
0.01311102 0.052814924 0.9985182 154.91343 -0.012137796 0.99853891 -0.052656643 -5.2041213 -0.99984042 -0.011429428 0.013732919 -40.88284
0.009573167 0.053290558 0.99853312 155.65073 -0.012948371 0.9985018 -0.053164746 -5.2606707 -0.99987038 -0.012420421 0.010248849 -40.87536
0.0050717994 0.051308719 0.99866992 156.40133 -0.0090981591 0.99864384 -0.051261171 -5.313398 -0.99994579 -0.0088260707 0.0055317346 -40.869733
-0.00017438097 0.051811421 0.99865683 157.13534 -0.011861595 0.99858652 -0.051809843 -5.3624199 -0.99992968 -0.011854697 0.00044043007 -40.861862
-0.006135203 0.049835373 0.99873856 157.87571 -0.01247431 0.99867587 -0.049908872 -5.4129703 -0.99990341 -0.012764774 -0.0055054189 -40.860149
-0.011983856 0.046847149 0.99883014 158.61954 -0.0093538392 0.99885295 -0.046960443 -5.4639775 -0.99988448 -0.0099056631 -0.01153191 -40.872207
-0.017572337 0.047136295 0.99873385 159.3474 -0.011431419 0.99881336 -0.047341178 -5.5146167 -0.99978029 -0.01224884 -0.017012651 -40.881406
-0.023007881 0.048252399 0.99857011 160.06663 -0.010333315 0.99876972 -0.048500131 -5.5575044 -0.99968192 -0.011434424 -0.022480969 -40.890805
-0.027003821 0.050620222 0.99835279 160.78345 -0.013216491 0.99861167 -0.05099083 -5.6137141 -0.999548 -0.014571667 -0.02629731 -40.903768
-0.029339463 0.052731777 0.99817757 161.51311 -0.012985336 0.99850314 -0.053130652 -5.6667099 -0.9994852 -0.014520496 -0.028610808 -40.919287
-0.031366781 0.05441226 0.99802572 162.21665 -0.01214296 0.99842266 -0.054815538 -5.7216478 -0.99943422 -0.013838373 -0.030656581 -40.943329
-0.030240663 0.052521867 0.99816175 162.93788 -0.0063472164 0.99858829 -0.052736607 -5.7714244 -0.99952254 -0.0079303379 -0.029864605 -40.967205
-0.026547794 0.048711826 0.99845996 163.64781 -0.0012295129 0.99880969 -0.048761578 -5.8141849 -0.99964683 -0.0025221309 -0.026456304 -40.986995
-0.019266719 0.048207148 0.99865148 164.3659 -0.00048672141 0.99883636 -0.048225461 -5.8700643 -0.9998143 -0.0014152106 -0.019220837 -40.995685
-0.0083067995 0.049635365 0.99873282 165.06452 -0.0006442445 0.99876685 -0.049642413 -5.9232052 -0.99996533 -0.0010557969 -0.0082645801 -40.990695
0.0059067908 0.049814694 0.99874097 165.74324 0.0027761727 0.99875377 -0.04983175 -5.9694678 -0.99997874 0.0030670241 0.0057611338 -40.982634
0.02124011 0.047681475 0.9986367 166.43353 0.00075420733 0.99886103 -0.047708226 -6.0174633 -0.99977416 0.001766508 0.021179955 -40.955935
0.036893581 0.042460106 0.99841671 167.1368 -0.0020258574 0.99909806 -0.042414221 -6.0623261 -0.99931719 -0.00045783655 0.036946322 -40.909948
0.053801859 0.036162012 0.99789658 167.80474 -0.0041543548 0.9993435 -0.035990462 -6.0983635 -0.99854303 -0.0022092619 0.053916766 -40.863727
0.070485429 0.028761388 0.99709804 168.48447 -0.0038619198 0.99958462 -0.028560111 -6.1383916 -0.99750538 -0.0018376402 0.070567223 -40.802282
0.088713247 0.021078449 0.99583411 169.17779 -0.0047053444 0.99977378 -0.020742664 -6.1691584 -0.99604614 -0.0028455925 0.088792358 -40.729676
0.10616871 0.01499183 0.99423507 169.82338 -0.0071883075 0.99987178 -0.014309225 -6.2050847 -0.99432219 -0.0056276746 0.10626286 -40.641832
0.12390436 0.012502303 0.99221536 170.48818 -0.006331913 0.99991023 -0.011808554 -6.2289759 -0.992274 -0.0048194892 0.1239724 -40.548479
0.14176076 0.011715189 0.98983158 171.12337 -0.0065980977 0.99991894 -0.010889617 -6.2500394 -0.989879 -0.0049872843 0.14182656 -40.445093
0.15943456 0.011031437 0.98714682 171.76516 -0.0073143487 0.99992332 -0.0099928703 -6.2678938 -0.98718144 -0.0056271264 0.15950302 -40.322873
0.17554933 0.010805864 0.98441129 172.40914 -0.013341464 0.99987405 -0.0085964245 -6.2844727 -0.98438027 -0.01162439 0.17567139 -40.188211
0.19020491 0.00707811 0.98171885 173.02931 -0.016172646 0.99986091 -0.0040755134 -6.3060122 -0.98161124 -0.015101808 0.19029293 -40.046024
0.20246652 0.0031220959 0.97928417 173.65516 -0.012455447 0.99992224 -0.00061273493 -6.3227292 -0.97921001 -0.012073363 0.20248966 -39.916256
0.21320984 0.0012775696 0.97700555 174.28218 -0.0087067744 0.99996192 0.00059247314 -6.3425696 -0.97696767 -0.0086328874 0.21321285 -39.776734
0.22282926 0.0047776185 0.97484574 174.87355 -0.012422434 0.99992071 -0.0020610006 -6.3583558 -0.97477838 -0.011650705 0.22287094 -39.62531
0.23197524 0.011744729 0.97265074 175.4851 -0.01613267 0.99983603 -0.0082253802 -6.3787586 -0.97258794 -0.013783369 0.23212668 -39.464507
0.24108462 0.021901265 0.97025691 176.06073 -0.016527182 0.99969301 -0.018459123 -6.3960947 -0.97036341 -0.011585401 0.24137257 -39.309958
0.24911456 0.02861289 0.96805122 176.64606 -0.011407333 0.99958082 -0.026609298 -6.4070078 -0.96840688 -0.0044141179 0.24933653 -39.163635
0.25571622 0.027226236 0.96636839 177.25446 -0.011729468 0.99961716 -0.025059177 -6.4269806 -0.96668077 -0.0049269479 0.25593767 -38.987958
0.26153216 0.019879569 0.96498997 177.85593 -0.014248361 0.99975845 -0.016734228 -6.4476253 -0.96508963 -0.0093729861 0.26175224 -38.816097
0.26583867 0.0090326827 0.96397517 178.46424 -0.018240907 0.99982421 -0.0043382405 -6.4713999 -0.96384498 -0.016430509 0.2659567 -38.633641
0.26788383 -0.00048710416 0.96345106 179.08555 -0.016630912 0.99984854 0.005129667 -6.4970104 -0.96330771 -0.017397224 0.26783516 -38.460271
0.26894686 -0.0014436513 0.96315389 179.67599 -0.013214084 0.99989923 0.005188571 -6.513464 -0.96306441 -0.014122645 0.26890068 -38.291037
0.27002 0.0023567505 0.96285179 180.28858 -0.013293857 0.99991081 0.0012806409 -6.5167511 -0.96276298 -0.013145813 0.27002724 -38.121732
0.27157092 0.0016949596 0.9624169 180.88342 -0.009585926 0.99995361 0.00094385092 -6.5270348 -0.96237073 -0.009481979 0.27157457 -37.954269
0.27349415 -0.00019699996 0.96187361 181.50057 -0.010863336 0.99993557 0.0032936203 -6.5242003 -0.96181236 -0.011349942 0.27347438 -37.770237
0.27614417 -0.0043643236 0.96110627 182.10769 -0.010999119 0.99990985 0.0077007853 -6.5424526 -0.96105333 -0.012697849 0.27607127 -37.588064
0.27904953 -0.010192893 0.96022257 182.72373 -0.0086772171 0.99987607 0.0131355 -6.5527071 -0.96023755 -0.011997514 0.2789265 -37.408122
0.2833772 -0.01322012 0.95891736 183.34827 -0.0077831941 0.99984034 0.016084378 -6.5611003 -0.95897699 -0.012021385 0.28322907 -37.220056
0.28975032 -0.014577946 0.9569912 183.94692 -0.0070830525 0.99982395 0.017374973 -6.5547741 -0.9570761 -0.011812822 0.28959606 -37.028808
0.29742691 -0.017940828 0.95457597 184.58802 -0.0050073111 0.99978037 0.020350603 -6.5555946 -0.9547315 -0.010832675 0.29727175 -36.829167
0.30713371 -0.020099766 0.95145405 185.18724 -0.0024944609 0.9997565 0.021925394 -6.5610349 -0.95166314 -0.0091073919 0.30700878 -36.625904
0.3180118 -0.018123209 0.94791348 185.81822 -0.004081597 0.99978185 0.020484202 -6.5632583 -0.94807801 -0.010383218 0.31786845 -36.403688
0.32949236 -0.01475852 0.94404285 186.43715 -0.0040347128 0.99984668 0.017039125 -6.5637542 -0.94414966 -0.0094232027 0.32938229 -36.17746
0.34105404 -0.010847682 0.93998106 187.04116 -0.0061269051 0.99988653 0.01376204 -6.5624503 -0.94002376 -0.010452773 0.34094888 -35.93518
0.35286701 -0.010181065 0.93561805 187.65517 -0.0054996087 0.99990096 0.012954739 -6.5594828 -0.93565736 -0.0097168327 0.35277607 -35.693531
0.36405582 -0.013157344 0.93128415 188.28068 -0.0051636933 0.99985633 0.016144724 -6.5650532 -0.93136286 -0.010686446 0.36393557 -35.440667
0.37503098 -0.015066481 0.9268898 188.89732 -0.0047367339 0.99982372 0.018168553 -6.5640489 -0.92700022 -0.0112042 0.3748935 -35.172897
0.38648828 -0.015060904 0.9221713 189.5296 -0.0077875032 0.99977773 0.019592168 -6.5673994 -0.92226148 -0.014753555 0.38628509 -34.899917
0.39608056 -0.017030959 0.91805777 190.15544 -0.0092900758 0.99970247 0.022553602 -6.5607411 -0.9181688 -0.017461869 0.3958045 -34.61762
0.40300855 -0.015633781 0.91506264 190.78154 -0.013714233 0.99963866 0.023118729 -6.5590703 -0.91509349 -0.021866427 0.40264852 -34.322227
0.40777707 -0.018086182 0.91290234 191.42671 -0.014050366 0.99956114 0.026079089 -6.5507983 -0.91297345 -0.023461066 0.40734399 -34.028551
0.40922853 -0.023288279 0.91213464 192.07142 -0.0080133139 0.99954394 0.029115148 -6.5427621 -0.91239677 -0.01922397 0.40885528 -33.742892
0.40993603 -0.021226143 0.91186722 192.71484 -0.0070217178 0.99962612 0.026425626 -6.5412222 -0.91208729 -0.01723569 0.40963372 -33.447649
0.4088939 -0.021310134 0.91233304 193.38865 -0.0042870747 0.99967143 0.025271573 -6.5359536 -0.9125719 -0.014244631 0.40866819 -33.152764
0.40754185 -0.020182172 0.91296344 194.0476 -0.0015310945 0.99973924 0.022783929 -6.5326315 -0.91318529 -0.010683238 0.40740468 -32.859309
0.40761776 -0.021361632 0.91290272 194.725 0.0013072477 0.99973897 0.022809876 -6.5215202 -0.91315175 -0.0081043202 0.40753928 -32.565893
0.40656232 -0.027795517 0.9132001 195.40773 0.0055416778 0.99959374 0.027957934 -6.5125729 -0.91360628 -0.0063059809 0.40655118 -32.260375
0.40665743 -0.030865176 0.91305915 196.07896 0.0062056857 0.9994994 0.031023331 -6.50742 -0.91355968 -0.0069497094 0.4066454 -31.952127
0.40463109 -0.033417373 0.91386919 196.77066 0.0073197415 0.99941844 0.033304705 -6.4957487 -0.91445075 -0.0067868325 0.40464038 -31.645954
0.4026971 -0.03355858 0.91471788 197.46019 0.0067071058 0.99940905 0.033712926 -6.4873827 -0.91530876 -0.0074409873 0.40268421 -31.337513
0.40125203 -0.034009425 0.91533606 198.14054 0.0059285823 0.99938596 0.034533421 -6.4714487 -0.91594854 -0.0084299595 0.40120727 -31.032235
0.39945585 -0.032802064 0.91616537 198.82466 0.0043378569 0.99941611 0.033891402 -6.4666811 -0.91674221 -0.009563924 0.3993649 -30.72989
0.39824231 -0.029986955 0.91678993 199.51263 0.0058479442 0.99952819 0.030152936 -6.4636065 -0.91726165 -0.0066468379 0.39822978 -30.426102
0.39788445 -0.023746786 0.91712812 200.20278 0.0045892667 0.99970397 0.02389389 -6.4620564 -0.9174241 -0.005298061 0.39787565 -30.132039
0.39621007 -0.020640978 0.91792781 200.8766 0.0026987762 0.99976914 0.021316415 -6.4503824 -0.91815596 -0.0059684959 0.3961743 -29.82878
0.39504432 -0.023235528 0.91836813 201.57889 0.0017743086 0.99969752 0.024529999 -6.4433789 -0.91866039 -0.0080609674 0.39496605 -29.523131
0.39378097 -0.026407097 0.91882487 202.25328 0.00037505862 0.99959179 0.028567606 -6.4418048 -0.91920426 -0.010904766 0.39363013 -29.218997
0.3911186 -0.025696439 0.91998145 202.93985 -0.0039619075 0.99955387 0.029603369 -6.4421108 -0.9203318 -0.015223309 0.39084231 -28.923699
0.38647103 -0.026069514 0.921933 203.64208 -0.0061478228 0.99950542 0.030840176 -6.4351754 -0.9222811 -0.017586715 0.38611962 -28.626145
0.37994514 -0.027020618 0.92461424 204.32044 -0.0060413848 0.99947946 0.031690997 -6.4243457 -0.92498933 -0.01762679 0.37958412 -28.34668
0.37103779 -0.027350746 0.92821486 205.02136 -0.0057096402 0.99948007 0.031732973 -6.4132506 -0.92860025 -0.017073905 0.37068871 -28.068254
