1.000000000000000000e+00 -3.306050084167601550e-19 -2.270457535318767223e-19 -8.673617379884035472e-19 7.546676715296109287e-19 1.000000000000000000e+00 6.237773588823049983e-19 1.387778780781445676e-17 -3.447385680526250622e-20 4.770700176052009879e-20 1.000000000000000222e+00 5.551115123125782702e-17
9.999280782420258973e-01 -2.340391603455519755e-03 1.176534177644690711e-02 1.434186195762082901e-02 2.328158687059572740e-03 9.999967086340879607e-01 1.053362565852646602e-03 -1.265820772253573034e-02 -1.176776924120786529e-02 -1.025894461870589585e-03 9.999302546277927251e-01 2.998360611025437938e-01
9.998211167867003812e-01 -5.749887493048394180e-03 1.802009196800803681e-02 2.895827763015365250e-02 5.733857336304118424e-03 9.999831418976405928e-01 9.409634368680089549e-04 -1.415230898196437326e-02 -1.802520112562403312e-02 -8.374818636463727877e-04 9.998372193773352734e-01 5.856982572709616974e-01
9.997432117781078764e-01 -8.216175327280427626e-03 2.111831461561103351e-02 3.947987558621315896e-02 8.216259080926349018e-03 9.999662311625882039e-01 8.281086316821981738e-05 -1.999388103945319572e-02 -2.111828382721312944e-02 9.071769242125434537e-05 9.997770034399195982e-01 8.855248557154735689e-01
9.997836020859689476e-01 -9.446609354459222299e-03 1.853151891107365432e-02 4.057318732535596800e-02 9.476622540555175792e-03 9.999539320845928225e-01 -1.532380198682431255e-03 -2.953847890796819364e-02 -1.851619507763995268e-02 1.707676778027141613e-03 9.998270538993544454e-01 1.198979694428677467e+00
9.998598873333750525e-01 -1.136020740990679144e-02 1.229508690133925865e-02 4.067862140426583423e-02 1.139148138281053171e-02 9.999320278171968113e-01 -2.476543536874283632e-03 -3.374684840351421800e-02 -1.226611791944826405e-02 2.616255143267444839e-03 9.999213269034141760e-01 1.514767808325254261e+00
9.999156351515550156e-01 -1.298687251593494234e-02 2.906270145149748960e-04 3.554148606765063223e-02 1.298791919544606439e-02 9.999078733196259394e-01 -3.949206217518742845e-03 -4.180994128845520741e-02 -2.393295016937285378e-04 3.952646801946007628e-03 9.999921343625289838e-01 1.836924882835724748e+00
9.998075443905176662e-01 -1.180607546385551397e-02 -1.566450326801308024e-02 1.548477575239463021e-02 1.173193740302403212e-02 9.999195482824030368e-01 -4.817093012548190507e-03 -4.890032154522599983e-02 1.572010953984345413e-02 4.632352211172375764e-03 9.998656883939740503e-01 2.168487826287872622e+00
9.993426745391902344e-01 -7.791224944063949651e-03 -3.539440999059113857e-02 -2.455021814552792864e-02 7.626394993654192662e-03 9.999594725431931730e-01 -4.787301565091391965e-03 -5.283361140868543526e-02 3.543028241115451366e-02 4.514148546310936538e-03 9.993615763863974433e-01 2.513905872135687503e+00
9.985795274276797473e-01 -2.947490641191190947e-03 -5.319540763244675480e-02 -6.645946989757098300e-02 2.654725918699180672e-03 9.999809413158682325e-01 -5.573550271113760814e-03 -5.743085536405309610e-02 5.321082315444576605e-02 5.424412351273023673e-03 9.985683159129770115e-01 2.865512012243737860e+00
9.972668439842833354e-01 -2.814355638750418599e-03 -7.383274045755743031e-02 -1.148198228071629495e-01 2.390189956381989691e-03 9.999801538875259244e-01 -5.833124316394825565e-03 -6.141570095998699630e-02 7.384769347008447726e-02 5.640747223360602358e-03 9.972537583919237614e-01 3.234478430285444350e+00
9.953535247990737966e-01 -3.430290981812202187e-03 -9.623702498685732243e-02 -1.637566313360379888e-01 2.976143603693772160e-03 9.999837408801802718e-01 -4.862267822621725057e-03 -6.907758063859648079e-02 9.625214766871667549e-02 4.553313207361260780e-03 9.953475416213137805e-01 3.612899484107738424e+00
9.933689656148747549e-01 -5.058839297241018995e-03 -1.148452154074385279e-01 -2.230890208748206593e-01 4.604391443040679009e-03 9.999804975885467906e-01 -4.222043993864886199e-03 -7.459048597538815717e-02 1.148643411497646538e-01 3.665296765925063569e-03 9.933728273124784458e-01 3.996780524975983351e+00
9.911320523497547663e-01 -4.205585074914572341e-03 -1.328407905441066350e-01 -2.912083327443901193e-01 3.766511545651523695e-03 9.999865918458793468e-01 -3.556536674606032393e-03 -7.973735874361381759e-02 1.328539752292379195e-01 3.024640835412471720e-03 9.911346092642966399e-01 4.391560655712943628e+00
9.887515450688997287e-01 -3.423917876772441821e-03 -1.495397219999962390e-01 -3.740764726738647350e-01 2.971444497240635554e-03 9.999903188726571024e-01 -3.249264791576464070e-03 -8.513932920140644678e-02 1.495493994091432743e-01 2.768354096506505258e-03 9.887521374469933066e-01 4.807160044461042503e+00
9.869005507456072301e-01 -2.213949312224921043e-03 -1.613295100760287482e-01 -4.605324808924906588e-01 1.756478294705874623e-03 9.999939980442413834e-01 -2.977721609316457980e-03 -9.079429458404900122e-02 1.613351538844261801e-01 2.655347839648376177e-03 9.868985405999526339e-01 5.228649212116342149e+00
9.846424995058035146e-01 -3.415002053448315967e-03 -1.745726918221340296e-01 -5.485829257584520224e-01 2.778844574569711186e-03 9.999885965088748385e-01 -3.889448441128116885e-03 -1.020744919068169720e-01 1.745839883083363242e-01 3.344625201714147931e-03 9.846407426503303029e-01 5.668588662256711430e+00
9.829337932574452319e-01 -6.247437877174169020e-03 -1.838178938437103893e-01 -6.366611101719712451e-01 5.309134290705958513e-03 9.999702486017056913e-01 -5.597085575913872922e-03 -1.142859542634617614e-01 1.838473956717561197e-01 4.525485625333806536e-03 9.829377283129685505e-01 6.119710321371493400e+00
9.815718567198108424e-01 -5.104205873068705553e-03 -1.909875307629075869e-01 -7.354407147904158393e-01 3.773279348260132147e-03 9.999660093481044232e-01 -7.329808326279901691e-03 -1.206293409840697439e-01 1.910184682317666860e-01 6.474073923177974497e-03 9.815577393054675248e-01 6.580036094928191304e+00
9.800395195732519715e-01 -5.262075846206986166e-03 -1.987514465288136301e-01 -8.453684567927749471e-01 3.586950637208877884e-03 9.999549671282442764e-01 -8.787077413393308209e-03 -1.208186058932994855e-01 1.987887757169926328e-01 7.898428210703755531e-03 9.800142537236138374e-01 7.061043178819089938e+00
9.782138362964184486e-01 -5.788875970885499350e-03 -2.075228143939024383e-01 -9.528386217491847665e-01 3.444085505859781956e-03 9.999260757902176389e-01 -1.165992259797435544e-02 -1.349292125333470260e-01 2.075749871704683780e-01 1.069115412884917050e-02 9.781614790380894764e-01 7.541482014723423610e+00
9.766033687724263723e-01 -9.346887138849688595e-03 -2.148874758381340289e-01 -1.067861074277866695e+00 6.596752540147705207e-03 9.998867823307290292e-01 -1.351412363374603423e-02 -1.418191252694786519e-01 2.149895193360920331e-01 1.178081208996586103e-02 9.765545614403324803e-01 8.045827775857782527e+00
9.750888069255356783e-01 -1.488925938662153704e-02 -2.213219104452274766e-01 -1.181465946692978664e+00 1.192520951846808529e-02 9.998205002080526871e-01 -1.472305285496175627e-02 -1.571171138527285294e-01 2.215014197372814908e-01 1.171774195249496164e-02 9.750912769919307665e-01 8.561920077683389252e+00
9.729318956909931426e-01 -1.611870718508051636e-02 -2.305618187213871462e-01 -1.311305364436527121e+00 1.256008850764233319e-02 9.997782911621381219e-01 -1.689982495105864235e-02 -1.840462830315271470e-01 2.307830967969576874e-01 1.354685698319511335e-02 9.729187542059813953e-01 9.087102978472978876e+00
9.708887866391253674e-01 -1.241427292879063345e-02 -2.392202503361094135e-01 -1.463351806283316181e+00 7.609502460947716387e-03 9.997504799939674891e-01 -2.100261996039603715e-02 -1.861383917931716536e-01 2.394213110991492144e-01 1.857091954537497258e-02 9.707409957417852953e-01 9.623136795108305108e+00
9.692092957614026894e-01 -1.004602296117214529e-02 -2.460333441604802829e-01 -1.618650744152962728e+00 4.127017151489759290e-03 9.996897639021181670e-01 -2.456757470267045135e-02 -1.997918580914571085e-01 2.462038020064978017e-01 2.279601545873321394e-02 9.689501043455737150e-01 1.016793844630477395e+01
9.666504040158411248e-01 -1.261055898898441087e-02 -2.558569537914479608e-01 -1.773336841818780041e+00 6.046658234340302265e-03 9.996323013820535008e-01 -2.643372269736519314e-02 -2.203031498166129754e-01 2.560962507345838635e-01 2.400593797961870710e-02 9.663711985632873480e-01 1.072931616831004931e+01
9.643562577124694668e-01 -1.429296938614824444e-02 -2.642713140769741842e-01 -1.935263351681545396e+00 7.134626724229867732e-03 9.995814517238709174e-01 -2.803072471660184029e-02 -2.490368732854091882e-01 2.645614115513764131e-01 2.514678527522412957e-02 9.640546940708923929e-01 1.130156583741954179e+01
9.621047271959294322e-01 -1.447361306664214121e-02 -2.723431831980207551e-01 -2.113644978050605694e+00 6.239127485783937943e-03 9.994972478290005125e-01 -3.108309567207693039e-02 -2.706277231798028260e-01 2.726562004403054740e-01 2.820638871988938312e-02 9.617114042627901149e-01 1.188348581476385135e+01
9.597633386199841965e-01 -1.342888815280253098e-02 -2.804248765070644356e-01 -2.298931184456685983e+00 3.956422957640182668e-03 9.994033123724387346e-01 -3.429819203994678017e-02 -2.947122047921335586e-01 2.807183520422641410e-01 3.180770044050007517e-02 9.592438290300077108e-01 1.247257743476343350e+01
9.580320133860059650e-01 -1.475208829313942940e-02 -2.862702688603525059e-01 -2.487350178132434309e+00 3.501839119700871691e-03 9.992025876053587385e-01 -3.976843762750497530e-02 -3.243100554519281475e-01 2.866287815881525258e-01 3.709640708810096887e-02 9.573198161419668173e-01 1.306656514818965675e+01
9.559398931784311992e-01 -1.593669750557087303e-02 -2.932153121851642785e-01 -2.688808908285748700e+00 2.361724299374915858e-03 9.989104582304227931e-01 -4.661479885139153262e-02 -3.628395071836398866e-01 2.936385870960958600e-01 4.386987049111479992e-02 9.549360517703150419e-01 1.368216411320999981e+01
9.546576195212710392e-01 -1.589937427970473938e-02 -2.972059810744034913e-01 -2.889785866895314026e+00 -3.858375724670096542e-04 9.985059041616913822e-01 -5.464942222199722921e-02 -3.969900421131678514e-01 2.976304604615384042e-01 5.228737184551957712e-02 9.532251763254299126e-01 1.431289480363459532e+01
9.538227885787430305e-01 -1.739267145295109868e-02 -2.997922939360206929e-01 -3.103437701595592735e+00 -1.858235166311391490e-03 9.979613382764676022e-01 -6.381656280461689423e-02 -4.432574260725820059e-01 3.002904317930296663e-01 6.142842692931800574e-02 9.518459509836871835e-01 1.494343856450282360e+01
9.523321999507994295e-01 -1.562523528360540426e-02 -3.046667067736825718e-01 -3.328458376248250694e+00 -6.782897763647197965e-03 9.973559005360769225e-01 -7.235806557513027593e-02 -4.837111649889694887e-01 3.049917544604375808e-01 7.097565878494212221e-02 9.497081998289808036e-01 1.558562596261075583e+01
9.513743032152505164e-01 -1.569162673762635601e-02 -3.076378860641177937e-01 -3.550234802636977438e+00 -9.199460119950132742e-03 9.968087410611835564e-01 -7.931120542470500301e-02 -5.432834758672691056e-01 3.079003989282695364e-01 7.828574924173863081e-02 9.481941019676152216e-01 1.624493886820953747e+01
9.493309892420792595e-01 -1.359192724537987632e-02 -3.138812622863502155e-01 -3.785556368447894560e+00 -1.401853411573895578e-02 9.962385463965560684e-01 -8.551202601569464490e-02 -6.045304031061443650e-01 3.138623228835339396e-01 8.558188663242424776e-02 9.455696140271975247e-01 1.691325830179350120e+01
9.480248165442813901e-01 -1.285363178963741873e-02 -3.178810981669779601e-01 -4.031164750798978957e+00 -1.727482610335059898e-02 9.956310186915784399e-01 -9.174220311920935900e-02 -6.727221821647245692e-01 3.176718216349390667e-01 9.246445853717641383e-02 9.436610473744613259e-01 1.759245333585363369e+01
9.466565637136107325e-01 -1.061117178795156248e-02 -3.220541089748360508e-01 -4.283722790686232074e+00 -2.180211195444909864e-02 9.950585127310955791e-01 -9.685212470760422299e-02 -7.433699160964772901e-01 3.214906648425011060e-01 9.870629816528780909e-02 9.417473526019247698e-01 1.828316530338528878e+01
9.449384392623972895e-01 -7.653332010594706206e-03 -3.271743218542598752e-01 -4.543907882285769695e+00 -2.643198098217908534e-02 9.946749333135413984e-01 -9.959896898012375599e-02 -8.163716365555512278e-01 3.261938485258640830e-01 1.027644319203393913e-01 9.397046859148147080e-01 1.898011393538554259e+01
9.432858005729873874e-01 -6.433600656311429071e-03 -3.319304851040930093e-01 -4.808808344796028145e+00 -2.890200739958866810e-02 9.944246588033356371e-01 -1.014039157098760580e-01 -8.943513184873481681e-01 3.307332070677049818e-01 1.052429211010878912e-01 9.378405855646255729e-01 1.969258769040788337e+01
9.407482569707548148e-01 -6.215732411429284593e-03 -3.390373125825766887e-01 -5.083464276618724575e+00 -2.970188896465782158e-02 9.944789689493053197e-01 -1.006296678924617632e-01 -9.803914573263351473e-01 3.377917963264343015e-01 1.047345006152722718e-01 9.353698385750266464e-01 2.042191155070228703e+01
9.386344176853370636e-01 -6.017345226450561760e-03 -3.447653528498730857e-01 -5.360565954962968505e+00 -2.977055811307825761e-02 9.947030240567269477e-01 -9.840647540806758686e-02 -1.063930563030602627e+00 3.435309218997576464e-01 1.026352042775982715e-01 9.334834300879230051e-01 2.114753084088243895e+01
9.363489282498266286e-01 -5.649967296090338542e-03 -3.509413943752622278e-01 -5.647124187340470947e+00 -3.021344856784938249e-02 9.948639477299544565e-01 -9.660886771659324412e-02 -1.150179664925674583e+00 3.496849807666533305e-01 1.010634790450825327e-01 9.313692115370038049e-01 2.188431154899323872e+01
9.339384245525410577e-01 -4.963344467480699726e-03 -3.574033788009364776e-01 -5.942578767789104432e+00 -3.031128463121541758e-02 9.952019148110281543e-01 -9.302516921978325193e-02 -1.228441997815144848e+00 3.561510575288388547e-01 9.771021773093635510e-02 9.293068547358572795e-01 2.260526433682034053e+01
9.289607637536222429e-01 -2.675285426083997414e-03 -3.701333888172256836e-01 -6.266955190941089882e+00 -3.212331272424197304e-02 9.956189596082950510e-01 -8.780248046268579465e-02 -1.304557780632612518e+00 3.687469014897655217e-01 9.345458755678309748e-02 9.248051805458591401e-01 2.337525375329827071e+01
9.261245272979113929e-01 -5.526998002730791702e-04 -3.771476577173697442e-01 -6.584309503557546961e+00 -3.293828074201481104e-02 9.960607418040983152e-01 -8.233553024428527656e-02 -1.386125306324642814e+00 3.757071945577962202e-01 8.867883512328803008e-02 9.224582641278185058e-01 2.412792657812139296e+01
9.229018197690347369e-01 3.336600345902186997e-03 -3.850713512940613370e-01 -6.917310941665008706e+00 -3.626869892224387354e-02 9.962694027139410435e-01 -7.828789531489037390e-02 -1.462623417784517210e+00 3.833731122025996196e-01 8.621861973539257651e-02 9.195802724015155194e-01 2.488756084577654093e+01
9.195035903670419897e-01 4.491973958962453516e-03 -3.930429029578222377e-01 -7.258306330465414291e+00 -3.715880976307339018e-02 9.964501133459769955e-01 -7.553631773246653747e-02 -1.534848993584856824e+00 3.913083758443476889e-01 8.406060536372868264e-02 9.164064447168520644e-01 2.564799026837519946e+01
9.153672235360663656e-01 5.232480042027148545e-03 -4.026379282335177390e-01 -7.611018449506182115e+00 -3.886787512383294008e-02 9.963938285335051104e-01 -7.542329464710113840e-02 -1.608119742005110986e+00 4.007919980514029756e-01 8.468489929815514738e-02 9.122694068575832871e-01 2.642525607806532761e+01
9.118014099276595674e-01 6.356435279656802613e-03 -4.105421970447701296e-01 -7.973950462574722842e+00 -4.004738532843657439e-02 9.964900161474955498e-01 -7.350967034626831875e-02 -1.677434327601823538e+00 4.086335287097669355e-01 8.347087710325314103e-02 9.088558288686928721e-01 2.719029296036951848e+01
9.078273021670317799e-01 5.932673745775609957e-03 -4.193375512332607746e-01 -8.354549201204049425e+00 -3.979589588752838886e-02 9.966059088621661566e-01 -7.207093936502927123e-02 -1.746314895826483360e+00 4.174869623346079139e-01 8.211553984180651466e-02 9.049822486036757097e-01 2.798053361270986628e+01
9.044459382865608355e-01 6.882395810766850711e-03 -4.266018257166890315e-01 -8.739944471726950326e+00 -4.001472676318777733e-02 9.968301201613771756e-01 -6.875619225173951188e-02 -1.820119046261348350e+00 4.247768985683275100e-01 7.925073943451949043e-02 9.018542702073051309e-01 2.876841753185855666e+01
9.011949038679959445e-01 6.614280057068296428e-03 -4.333252373401321189e-01 -9.133016308538739025e+00 -3.884690371132076825e-02 9.970918367542404015e-01 -6.555479308941779271e-02 -1.885431329429724245e+00 4.316315253252284156e-01 7.590978606895174008e-02 8.988309098866444913e-01 2.956976820674618267e+01
8.969584803757544300e-01 7.047953464508804715e-03 -4.419790897410710850e-01 -9.544047083646228558e+00 -3.713819371207981168e-02 9.975398599328417770e-01 -5.944393660557208137e-02 -1.952440908156605204e+00 4.404721959832404998e-01 6.973825252117936413e-02 8.950140555501685524e-01 3.037329161671718225e+01
8.940810981293852988e-01 7.693225858752680661e-03 -4.478516811601173098e-01 -9.962167811328626499e+00 -3.614456811486526505e-02 9.978308098148298555e-01 -5.500738533813347847e-02 -2.015872110004651940e+00 4.464571960220319879e-01 6.536588400680694300e-02 8.924197713999624249e-01 3.118699746323865796e+01
8.897753550084744889e-01 8.302523776081465606e-03 -4.563124191368488902e-01 -1.039480933678217056e+01 -3.621868282883573126e-02 9.979657332442918305e-01 -5.246018370075944404e-02 -2.075009696850798946e+00 4.549487055228205179e-01 6.320406360962455006e-02 8.882659083788562171e-01 3.200829802908044286e+01
8.866292244516043031e-01 7.143972750143430181e-03 -4.623583274303894042e-01 -1.083704123877144454e+01 -3.512082498882178327e-02 9.980333890650030515e-01 -5.191491727603935596e-02 -2.135036947983677713e+00 4.610778795203114289e-01 6.227145001011608061e-02 8.851364997570134729e-01 3.283927668365533492e+01
8.837143773052290596e-01 7.813468909599437934e-03 -4.679916220486118328e-01 -1.128990481958362757e+01 -3.486012193649450086e-02 9.981821568790656407e-01 -4.917009471331076909e-02 -2.183396831954466322e+00 4.667571131977736321e-01 5.976485817720032095e-02 8.823801491462414104e-01 3.367360886029707956e+01
8.802586722481430259e-01 5.968634331534150399e-03 -4.744403111123555727e-01 -1.175760471005921204e+01 -3.284491283200517003e-02 9.982887733225679350e-01 -4.837809586331909273e-02 -2.241162695784130410e+00 4.733396070617577611e-01 5.817037901361225838e-02 8.789484941608871615e-01 3.452088714638588129e+01
8.784140311275818735e-01 5.364836797890658489e-03 -4.778678744563330527e-01 -1.223200857453402257e+01 -3.220031378697098962e-02 9.983288537386795225e-01 -4.798095765424144343e-02 -2.298295581622562533e+00 4.768116035164846611e-01 5.753822619215863410e-02 8.771190192780259354e-01 3.537167655811071398e+01
8.770375200748823374e-01 4.551499219878635781e-03 -4.804112126782325576e-01 -1.271504850704883793e+01 -3.163418921166336745e-02 9.983318956497402308e-01 -4.829404006089624973e-02 -2.353368796052046186e+00 4.793898542939670215e-01 5.755556068431871147e-02 8.757187266703970741e-01 3.623668944029629557e+01
8.746694311184125548e-01 4.147988736626631243e-03 -4.846825535897140713e-01 -1.321193959351429115e+01 -3.163189236385576669e-02 9.983202536419223394e-01 -4.853146539806649923e-02 -2.406513280370148333e+00 4.836670589045818369e-01 5.778077422883764330e-02 8.733313377501937813e-01 3.710614452160238130e+01
8.754036195595471526e-01 4.633529788610375733e-03 -4.832714142173116789e-01 -1.371608528599678856e+01 -3.145637692489649390e-02 9.983805874047330109e-01 -4.739812159037255085e-02 -2.464967079741858580e+00 4.822691535032236354e-01 5.669640233315022954e-02 8.741315974218591967e-01 3.799345461518359457e+01
8.749142700750550672e-01 5.808288595353724645e-03 -4.842187417940377325e-01 -1.422281210441010302e+01 -3.158109510253708646e-02 9.984839354506551690e-01 -4.508577621464130575e-02 -2.520662718201726271e+00 4.832230555188546384e-01 5.473679507258138316e-02 8.737710506846171343e-01 3.889474055835976429e+01
8.744600635372857811e-01 3.847766842104817162e-03 -4.850318408814107141e-01 -1.473926387246854652e+01 -2.937509658401742454e-02 9.985534144311215554e-01 -4.504261845131061343e-02 -2.577689509160295156e+00 4.841568057541988379e-01 5.363901764699668950e-02 8.733082001932140903e-01 3.980348043598260688e+01
8.742437659442222619e-01 1.696629102991048261e-03 -4.856308736930733949e-01 -1.526080410142932919e+01 -2.724555440803984319e-02 9.985893585137024520e-01 -4.555976368753524020e-02 -2.635173198739841460e+00 4.848685396425930216e-01 5.305735634896634884e-02 8.730567776569436722e-01 4.072220436550242795e+01
8.726606024136144280e-01 7.063946423774348279e-04 -4.883402188270754563e-01 -1.579118658873566972e+01 -2.633404909095480445e-02 9.986119060290722382e-01 -4.561627295866476500e-02 -2.693998955348710034e+00 4.876302440363686208e-01 5.266582081312155134e-02 8.714678246376053039e-01 4.165439673862431391e+01
8.716967868098390859e-01 -3.873010124270154686e-04 -4.900521833665998916e-01 -1.632427683072148028e+01 -2.436402559149049643e-02 9.987286554931347204e-01 -4.412749926991672150e-02 -2.750794619420517062e+00 4.894462662549495247e-01 5.040500948060575720e-02 8.705790247075245736e-01 4.258473220488109234e+01
8.691101078396776813e-01 6.892799811067359180e-05 -4.945214637948436853e-01 -1.686453530852947580e+01 -2.291709393956817276e-02 9.989316301563868628e-01 -4.011732363294568532e-02 -2.806594880669062153e+00 4.939903048009836040e-01 4.619984460645042840e-02 8.681830325498952616e-01 4.351808601748845007e+01
8.662503549749652754e-01 2.311821429330058412e-04 -4.996512619224295348e-01 -1.740578355580077385e+01 -2.090588663364275832e-02 9.991408044644304320e-01 -3.578284046815781438e-02 -2.864580369492608192e+00 4.992137872552625533e-01 4.144111444358597462e-02 8.655108567234768291e-01 4.444873041096596467e+01
8.630946633193627981e-01 2.303479813710728139e-05 -5.050794639983740009e-01 -1.794768852840904927e+01 -1.947768385712736819e-02 9.992575667928627059e-01 -3.323875502882595034e-02 -2.915645863384371594e+00 5.047038349634956900e-01 3.852295287470173385e-02 8.624541382387573840e-01 4.536758941306194970e+01
8.578162861937714823e-01 -3.197697461212260870e-03 -5.141022350267838714e-01 -1.850473359819702068e+01 -1.744684130520552170e-02 9.992231367316696256e-01 -3.533530666977469092e-02 -2.973271088494642278e+00 5.138161292128696767e-01 3.927537490742836340e-02 8.570940185227707842e-01 4.628358846791658721e+01
8.529525603529456435e-01 -6.679072880179636081e-03 -5.217614021179103334e-01 -1.907573510111774340e+01 -1.603684421360108275e-02 9.991108252115730171e-01 -3.899510112787053784e-02 -3.031635393043005333e+00 5.215575947020957281e-01 4.163414198347799994e-02 8.520869335349078311e-01 4.719331877547745080e+01
8.457224032240291400e-01 -6.979871768513844915e-03 -5.337072920966290379e-01 -1.966197160707082858e+01 -1.588111384054270714e-02 9.991423301835380411e-01 -3.823200249409262202e-02 -3.086819633789182671e+00 5.335165429011160532e-01 4.080668011505438064e-02 8.448862956070204433e-01 4.810233193045912259e+01
8.410970731239076903e-01 -4.167790934689116246e-03 -5.409629726538291994e-01 -2.025927322863923763e+01 -1.652847172892913177e-02 9.993051995135314725e-01 -3.339864173427791599e-02 -3.132590795541877693e+00 5.407266329917604919e-01 3.702871046172170888e-02 8.404438224477049912e-01 4.901059046507730699e+01
8.359745599377633729e-01 -3.862397701626023934e-05 -5.488213006250927117e-01 -2.086659426342513157e+01 -1.823122556834959329e-02 9.994459866174874030e-01 -2.784039168000989120e-02 -3.184066224682665425e+00 5.485183889857471184e-01 3.327869429287944048e-02 8.355106734993760220e-01 4.990569328759982426e+01
8.311715206998778749e-01 8.196156445156982905e-04 -5.561277989776614028e-01 -2.147305640274369765e+01 -2.035400156967672944e-02 9.993735798856020480e-01 -2.895448525200867290e-02 -3.231658307964913934e+00 5.557557972462242590e-01 3.538298685745211447e-02 8.306674629292296608e-01 5.079616740870765312e+01
8.280069121856313830e-01 -1.638991216806809771e-04 -5.607046632322042479e-01 -2.208819661882445118e+01 -2.255141001847418489e-02 9.991810687137963054e-01 -3.359094223167563564e-02 -3.276239469536288418e+00 5.602506711805014250e-01 4.046330679875346364e-02 8.273253781703969745e-01 5.167319728710872084e+01
8.252512136990646230e-01 -3.261063907309968285e-03 -5.647787767532495007e-01 -2.269321541095993666e+01 -2.382454923388484594e-02 9.988920723618852637e-01 -4.058424160404577180e-02 -3.339527002934455258e+00 5.642853077596147182e-01 4.694920241090051044e-02 8.242593452218565098e-01 5.255227611460660597e+01
8.214761678871631556e-01 -3.362373783046133675e-03 -5.703795109235231253e-01 -2.331714795890707848e+01 -2.454888100670434350e-02 9.988470685738348731e-01 -4.125001831339396990e-02 -3.394279681267080129e+00 5.698609087379863380e-01 4.788233142961690475e-02 8.204465432211616172e-01 5.342680602519931199e+01
8.190037354856717355e-01 -2.080500480674411616e-03 -5.737530404523309979e-01 -2.394650811788156375e+01 -2.396582257261724302e-02 9.989967655255508339e-01 -3.783696869389988060e-02 -3.453363275438748214e+00 5.732561832923430689e-01 4.474021368012094657e-02 8.181323353306357848e-01 5.430562879761465922e+01
8.159396176591896532e-01 -3.482937004521385188e-04 -5.780800494111960619e-01 -2.458364103909884335e+01 -2.208892946103785393e-02 9.992509302055824216e-01 -3.177735131955782000e-02 -3.502298532890166349e+00 5.776583334255362967e-01 3.869645232450445727e-02 8.153206764050952016e-01 5.517875217159397749e+01
8.126752685539111454e-01 1.299782794113552671e-03 -5.827599374349794470e-01 -2.522505864372741868e+01 -2.200423610692036139e-02 9.993527855347306144e-01 -2.845583977847622806e-02 -3.552760782974770937e+00 5.823458004995396564e-01 3.594727398893162590e-02 8.121780120429504812e-01 5.605443798572153469e+01
8.099599278077017628e-01 2.707046069370809722e-03 -5.865860938941224179e-01 -2.586468729273308398e+01 -2.406649661192847983e-02 9.993005329180673080e-01 -2.862922926037208063e-02 -3.598303096182412730e+00 5.860983686507826862e-01 3.730288465783003493e-02 8.094585210170900380e-01 5.692791866036320414e+01
8.061649260117009774e-01 2.559768301195869920e-03 -5.918234060126617013e-01 -2.651980991150620071e+01 -2.536407827535691259e-02 9.992208402339144424e-01 -3.022198867031391720e-02 -3.634319480490169951e+00 5.912850502832450728e-01 3.936960640139587631e-02 8.056017778141382202e-01 5.778378127357084537e+01
8.020491340045827755e-01 -1.526058007909924835e-04 -5.972119652921070720e-01 -2.717339655793438524e+01 -2.433634165302781330e-02 9.991611040558958656e-01 -3.293287747964213780e-02 -3.691498111750416644e+00 5.967159921703829584e-01 4.094954487767692858e-02 8.013725742487866066e-01 5.864472462676714315e+01
7.986743636321008699e-01 -1.667201414685859102e-03 -6.017795917756739721e-01 -2.783377437104530117e+01 -2.284667821775782440e-02 9.991912087536423126e-01 -3.310312709022424776e-02 -3.739299203645513714e+00 6.013480911198347822e-01 4.018700087796088505e-02 7.979903193188163657e-01 5.951851268872280798e+01
7.941729115173186138e-01 -2.367974880379346368e-03 -6.077319071912509196e-01 -2.851152011753404736e+01 -2.153944508803461860e-02 9.992543570187557567e-01 -3.204352966720457052e-02 -3.787711863786705546e+00 6.073547513798241981e-01 3.853880714807456087e-02 7.935298285174537947e-01 6.038256651637667716e+01
7.889764048099436877e-01 -1.753329079991175878e-03 -6.143986495503429568e-01 -2.918905239773495808e+01 -2.175799109728485115e-02 9.992888958229044771e-01 -3.079401599457122843e-02 -3.838353092134101363e+00 6.140156291593735771e-01 3.766971498976330601e-02 7.883773914562329788e-01 6.124033174920470657e+01
7.837193774623234521e-01 -3.377461953614439589e-03 -6.212152837250952686e-01 -2.988758331301336213e+01 -2.114396206101433820e-02 9.992606447920282520e-01 -3.211469584145942163e-02 -3.893597077786139504e+00 6.208646797730414946e-01 3.829852788584169748e-02 7.830683614584171837e-01 6.209882504965894867e+01
7.782331783501162947e-01 -4.161404145713398436e-03 -6.280587126195155134e-01 -3.058437042391460281e+01 -2.075577280694406584e-02 9.992611900397947444e-01 -3.234197660925302448e-02 -3.937798441484035461e+00 6.277293117871937111e-01 3.820516556753920934e-02 7.775719787322816767e-01 6.294653277224885812e+01
7.728387160148731949e-01 -5.412462417780856613e-03 -6.345239792161521120e-01 -3.128740338691982359e+01 -2.014190011558147572e-02 9.992506191924289682e-01 -3.305501863766063808e-02 -3.995556080027784951e+00 6.342272175283917290e-01 3.833035902304430392e-02 7.721506030518228147e-01 6.379686684506913963e+01
7.670502874802630489e-01 -7.061254004093984148e-03 -6.415340907934986570e-01 -3.200816439861843321e+01 -1.940347660803046562e-02 9.992266959943582050e-01 -3.420767694266218378e-02 -4.046694721165838615e+00 6.412795498303522912e-01 3.868914476276996001e-02 7.663201411019476827e-01 6.464196832349685451e+01
7.630366760609361698e-01 -9.027912435674575325e-03 -6.463522238222901839e-01 -3.273078200924073400e+01 -1.830182881072145093e-02 9.991997583905875002e-01 -3.557250907473234747e-02 -4.099460987822521219e+00 6.461564058650645093e-01 3.896883503507925228e-02 7.622608957372277727e-01 6.548640955871604774e+01
7.549110398713397840e-01 -8.934794957772126608e-03 -6.558131294458513505e-01 -3.346812780914111585e+01 -1.818431137942463915e-02 9.992375782665718909e-01 -3.454942061886667748e-02 -4.152284786714591114e+00 6.556219350051549766e-01 3.800703423305654138e-02 7.541731439470495957e-01 6.632720856099643925e+01
7.492594171096265132e-01 -9.409044896925877408e-03 -6.621316705426217863e-01 -3.421246332138615287e+01 -1.653672735102851635e-02 9.993216006448732980e-01 -3.291459136680831982e-02 -4.201461755256836739e+00 6.619921607564642763e-01 3.561301131426176242e-02 7.485954506178451595e-01 6.715774680396411611e+01
7.437072277710972124e-01 -1.079578296967067565e-02 -6.684953471962156168e-01 -3.496838910408973078e+01 -1.448184572625643186e-02 9.993747202820870701e-01 -3.225723296147584712e-02 -4.255383153789749962e+00 6.684258693741876867e-01 3.366770622192313822e-02 7.430857212430806991e-01 6.798731437589306381e+01
7.368481173547033469e-01 -1.168169888991318559e-02 -6.758914048334073721e-01 -3.574889559463034061e+01 -1.463915384879786383e-02 9.993405479008301562e-01 -3.323129605564798666e-02 -4.307686165839996306e+00 6.758341098587057338e-01 3.437821262661717309e-02 7.361910787973537929e-01 6.881170504806596000e+01
7.302539264190839319e-01 -1.370191316893416313e-02 -6.830843213524830926e-01 -3.652884671572581254e+01 -1.337226082477246947e-02 9.993205826107963707e-01 -3.433856544514356929e-02 -4.364562911281022473e+00 6.830911493606774965e-01 3.420376025757310839e-02 7.295744343943447729e-01 6.963853602621971106e+01
7.252119132001086932e-01 -1.403157007319835725e-02 -6.884416365243797298e-01 -3.732166156005166613e+01 -1.394328329234315218e-02 9.992879246809570626e-01 -3.505732174544737290e-02 -4.415057290711570381e+00 6.884436605056069025e-01 3.501794870644188429e-02 7.244998650493849057e-01 7.045839225909095660e+01
7.190375962260860954e-01 -1.380205843707939771e-02 -6.947664599508086569e-01 -3.813062255963215108e+01 -1.356564074558733179e-02 9.993334888746591149e-01 -3.389552819068551021e-02 -4.464750705899747096e+00 6.947712557946570389e-01 3.379908599440862443e-02 7.183711610502254707e-01 7.127235228142413348e+01
7.151889977840130141e-01 -1.291998301974683558e-02 -6.987780921538133683e-01 -3.893389051929428035e+01 -1.466218597368449013e-02 9.993316845751725186e-01 -3.349100562535918535e-02 -4.517549611207713589e+00 6.987435738161197341e-01 3.420322271086942423e-02 7.145215973611210858e-01 7.208643952001287403e+01
7.100088471400597401e-01 -1.313639310951747463e-02 -7.040742387725053009e-01 -3.976138460233344318e+01 -1.545521957109741509e-02 9.992944096629025053e-01 -3.422619685268459694e-02 -4.573963762461632498e+00 7.040270203917464720e-01 3.518414000112981416e-02 7.093049914308329207e-01 7.290103034284540229e+01
7.040289366538758919e-01 -1.487478763183172278e-02 -7.099516841753629182e-01 -4.059087973933859672e+01 -1.566195928942294355e-02 9.992122294318879216e-01 -3.646642167378329885e-02 -4.629619781110560162e+00 7.099351483371274529e-01 3.678868074821345369e-02 7.032413516335050963e-01 7.371124155336075034e+01
7.002457335004725891e-01 -1.735924702965733341e-02 -7.136729898150211415e-01 -4.141726555319359449e+01 -1.513380083235080741e-02 9.991186948526145084e-01 -3.914900945168082319e-02 -4.687959555577116966e+00 7.137237228003181500e-01 3.821178201162656052e-02 6.993659092666948407e-01 7.451531213460064862e+01
6.962673788780461281e-01 -1.690507174703683238e-02 -7.176317416332798071e-01 -4.227060485143275059e+01 -1.631867316673853499e-02 9.990913916599092337e-01 -3.936779077102628421e-02 -4.744752733560694935e+00 7.176455385401957487e-01 3.911658016513416131e-02 6.953589742893154790e-01 7.531608189177724455e+01
6.903575766752961806e-01 -1.728539709816468567e-02 -7.232176435785040436e-01 -4.312505927065994626e+01 -1.508173347504588278e-02 9.991534131615683600e-01 -3.827012456537780966e-02 -4.801485154490904073e+00 7.232669063009113941e-01 3.732650311754256989e-02 6.895123832901193239e-01 7.612141531715040799e+01
6.859352111468716151e-01 -1.725577155395817408e-02 -7.274403018032135071e-01 -4.399272217648462657e+01 -1.352724945177944185e-02 9.992436242168762917e-01 -3.645824387305546255e-02 -4.861765070389520993e+00 7.275190552876074079e-01 3.485249800238686413e-02 6.851831484123448446e-01 7.692617220040105508e+01
6.803080821672951028e-01 -1.794807376030100807e-02 -7.326124507222150362e-01 -4.486711320173839113e+01 -1.313561023084910094e-02 9.992410115610060872e-01 -3.667494555675657880e-02 -4.924598833221669913e+00 7.327145149750010633e-01 3.457782155665427293e-02 6.795560164401561742e-01 7.772477808636097052e+01
6.767814318120201067e-01 -1.932123541893803267e-02 -7.359240218814301349e-01 -4.574123213978573688e+01 -1.216031426228632480e-02 9.992257128216555095e-01 -3.741149029905289913e-02 -4.980047698112723964e+00 7.360774142102639583e-01 3.426455328071802142e-02 6.760224769674294532e-01 7.852631734702490007e+01
6.712732919945906263e-01 -1.948096365662389806e-02 -7.408278127278841163e-01 -4.663304798589759770e+01 -1.129427102432525171e-02 9.992697809215492777e-01 -3.651111705182365219e-02 -5.041804832238867107e+00 7.409978080574758375e-01 3.288056705301181659e-02 6.705630438555583162e-01 7.931437015861661166e+01
6.673028481534859502e-01 -2.052478438058470342e-02 -7.443578203648886227e-01 -4.752596596599533285e+01 -9.641974947815771385e-03 9.992984309412661359e-01 -3.619637210308954828e-02 -5.091231298866553345e+00 7.445784947054359115e-01 3.133033162376468173e-02 6.666367265433709166e-01 8.011251649982477829e+01
6.648808033722428679e-01 -2.334536197701651827e-02 -7.466202164109843054e-01 -4.842319229127753744e+01 -6.542966461700811150e-03 9.992912171832853963e-01 -3.708077152655912118e-02 -5.154034138368712270e+00 7.469563996594443811e-01 2.954154021379126402e-02 6.642567247142473486e-01 8.090422725988622688e+01
6.597795031949917899e-01 -2.838135631556748528e-02 -7.509642227745648713e-01 -4.933303144301555676e+01 -3.205246368887921214e-03 9.991712029313434273e-01 -4.058227514527821406e-02 -5.221028986376794023e+00 7.514934594989801653e-01 2.918315218160615759e-02 6.591416996697159192e-01 8.169314337218578714e+01
6.552428626620685481e-01 -3.270488707253579180e-02 -7.547278286966936367e-01 -5.023671255092919097e+01 1.259431640687711743e-03 9.991083121910908638e-01 -4.219563561670178903e-02 -5.279781919709671811e+00 7.554350993171835560e-01 2.669391809152414988e-02 6.546999215862023824e-01 8.248853319907308901e+01
6.500377515321468236e-01 -3.689975706121401827e-02 -7.588758709373716327e-01 -5.116543482257783637e+01 7.313964630280694879e-03 9.990780966184001910e-01 -4.230154722714316723e-02 -5.340492018303581112e+00 7.597369437279610782e-01 2.194665755706440638e-02 6.497082833382531453e-01 8.328131579303104104e+01
6.406772722066211845e-01 -4.055784508199649502e-02 -7.667604717712702689e-01 -5.210152047081859905e+01 1.214060529913338696e-02 9.990146736863557697e-01 -4.269355886123132882e-02 -5.410502260043680067e+00 7.677360009704201627e-01 1.805242298851270771e-02 6.405378014024031286e-01 8.404902976043379681e+01
6.327223258402654427e-01 -4.176714217600566159e-02 -7.732559649726863382e-01 -5.304429175880159875e+01 1.555076905847199709e-02 9.990285270751815272e-01 -4.123588281740424299e-02 -5.478811060538421707e+00 7.742268906532565609e-01 1.407037628077966937e-02 6.327569772275279947e-01 8.482841833760296879e+01
6.228852209330528744e-01 -4.025098741335825930e-02 -7.812977202839774815e-01 -5.402045995227339859e+01 1.679718685584415810e-02 9.991335411442940906e-01 -3.808335322619716551e-02 -5.532902863133366544e+00 7.821535531246296413e-01 1.060024865621664140e-02 6.230215354308930031e-01 8.559452997187808876e+01
6.135231277578272469e-01 -4.033439054922569045e-02 -7.886831017908814134e-01 -5.499466680096737292e+01 1.688270781565576889e-02 9.991364894605316849e-01 -3.796979027001355644e-02 -5.603084154329589062e+00 7.895334921661762984e-01 9.982300036506356472e-03 6.136744777828619934e-01 8.634696748164904534e+01
6.051426559247488068e-01 -4.110404558663621755e-02 -7.950754544048336259e-01 -5.597358348337901646e+01 1.523194095528829228e-02 9.990812846445015216e-01 -4.006087489168563137e-02 -5.659991349697744312e+00 7.959915881257162429e-01 1.213371961602476706e-02 6.052128932892396618e-01 8.708972699776141724e+01
5.943791823376585182e-01 -4.372826889785805249e-02 -8.029008583367226448e-01 -5.697541325001695611e+01 1.677601566387313531e-02 9.989776213247951731e-01 -4.199008249607115439e-02 -5.728765299656319421e+00 8.039155868189225007e-01 1.149238003020359826e-02 5.945050561359781494e-01 8.781677085130063176e+01
5.853571056024298169e-01 -4.401982955730327635e-02 -8.094664740812386183e-01 -5.798807424432978053e+01 1.589966434665447334e-02 9.989568784149863712e-01 -4.281761211603548473e-02 -5.792426983022678222e+00 8.105059114141599519e-01 1.220684104635578159e-02 5.854454683255710945e-01 8.854153811042891675e+01
5.751909979998062195e-01 -4.614757098249003958e-02 -8.166376965317293513e-01 -5.900697861987583792e+01 2.067085883511637912e-02 9.989088825802916460e-01 -4.187839622770195280e-02 -5.862097166016044802e+00 8.176791357350667866e-01 7.208723255441929108e-03 5.755169569214283465e-01 8.925895294279783343e+01
5.648030031581617871e-01 -4.598809427180083204e-02 -8.240538840544062715e-01 -6.004208308496653501e+01 2.240725074529100608e-02 9.989331295685400791e-01 -4.038678859411615890e-02 -5.925870965568257986e+00 8.250316491920904882e-01 4.360331035159018334e-03 5.652299007320079616e-01 8.996152052538397470e+01
5.543010126562556428e-01 -4.619533463649239113e-02 -8.309121887964616704e-01 -6.108926508008065070e+01 2.272044348643787251e-02 9.989262273404854175e-01 -4.037427475984190633e-02 -5.996441426661582419e+00 8.318850298156463818e-01 3.497280599987725048e-03 5.547555147105956985e-01 9.065214213760135920e+01
5.448428808990448680e-01 -4.683554697662195565e-02 -8.372690589541990080e-01 -6.214522646186012622e+01 2.156156600664635437e-02 9.988911409481283643e-01 -4.184764810100480292e-02 -6.054949731679345248e+00 8.383009994729541114e-01 4.742990886809243974e-03 5.452489774776254627e-01 9.133646843771515478e+01
5.341354062763236099e-01 -4.685701922241825718e-02 -8.441112446485932175e-01 -6.322159352663157250e+01 2.062457361205385573e-02 9.988879526636873507e-01 -4.239804310080624861e-02 -6.120408742886477960e+00 8.451592700966683580e-01 5.238026137558613599e-03 5.345076903115455469e-01 9.199827146109500120e+01
5.244739520915058240e-01 -4.782408430345067712e-02 -8.500959117722894920e-01 -6.429392242429067039e+01 1.966226403033793924e-02 9.988349406277453602e-01 -4.407023748292263066e-02 -6.198455557474524369e+00 8.512133641880337276e-01 6.394754483416069217e-03 5.248036189155755871e-01 9.265599893723859282e+01
