1.0 0.0 0.0 0.0 0.0 1.0 0.0 0.0 0.0 0.0 1.0 0.0
0.9999301 0.011774009 0.0011168175 0.30004883 -0.011771455 0.9999282 -0.002266541 -0.011230469 -0.0011434249 0.002253237 0.9999968 0.010986328
0.99983656 0.018054716 0.0009731571 0.5859375 -0.018048953 0.99982125 -0.005635825 -0.024536133 -0.0010747251 0.0056173364 0.99998367 0.010498047
0.9997759 0.021171188 6.5725544e-05 0.8857422 -0.021169966 0.9997432 -0.008080747 -0.03479004 -0.00023678185 0.008077544 0.99996734 0.014038086
0.9998259 0.018590411 -0.0015747541 1.1990967 -0.018604303 0.9997834 -0.009324493 -0.037475586 0.001401056 0.009352166 0.9999553 0.020996094
0.99992037 0.012360385 -0.0025378359 1.5147705 -0.012388254 0.9998597 -0.011275988 -0.040405273 0.0023981049 0.01130653 0.9999332 0.022827148
0.999992 0.00035533053 -0.0039745797 1.836792 -0.0004068659 0.9999157 -0.012977287 -0.040039062 0.0039696353 0.0129788 0.9999079 0.028320312
0.9998668 -0.015605924 -0.0047797495 2.168335 0.015548131 0.99980825 -0.011899617 -0.025878906 0.004964577 0.011823725 0.99991775 0.033081055
0.9993633 -0.03534262 -0.0048094867 2.513916 0.03530335 0.9993441 -0.00801701 0.0072021484 0.0050897542 0.007842028 0.9999563 0.03503418
0.9985693 -0.05314717 -0.0058488613 2.8657227 0.05312856 0.998582 -0.0032933874 0.04284668 0.00601561 0.0029779389 0.99997747 0.037353516
0.9972551 -0.07378298 -0.0062226076 3.2351074 0.073763505 0.99727046 -0.0033041656 0.083618164 0.0064493725 0.002836132 0.9999752 0.03918457
0.9953497 -0.09619129 -0.005304349 3.6142578 0.096170284 0.9953575 -0.0040827454 0.12426758 0.0056723743 0.0035536638 0.9999776 0.045043945
0.9933767 -0.11479917 -0.0045563993 3.9989014 0.114771925 0.9933731 -0.005849454 0.17651367 0.0051977094 0.005287759 0.9999725 0.048706055
0.9911384 -0.13279855 -0.004044527 4.3945312 0.13277732 0.9911362 -0.005132109 0.23791504 0.0046901572 0.004549672 0.99997866 0.052001953
0.9887557 -0.14950043 -0.0039058004 4.811035 0.14948279 0.98875594 -0.0044783675 0.31445312 0.0045313844 0.0038442062 0.99998236 0.055419922
0.98690116 -0.16129445 -0.003873467 5.2332764 0.1612819 0.9869051 -0.0033599923 0.39624023 0.00436463 0.0026912203 0.9999868 0.05908203
0.9846449 -0.1745305 -0.0046569877 5.6740723 0.17450912 0.98464864 -0.0046636863 0.47888184 0.0053993836 0.0037796276 0.9999783 0.067871094
0.9829453 -0.18376759 -0.005906629 6.1258545 0.1837216 0.9829425 -0.007567349 0.56274414 0.007196853 0.0063531655 0.9999539 0.07727051
0.981564 -0.19093262 -0.007901922 6.58667 0.19088432 0.98158383 -0.00647791 0.6583252 0.008993378 0.004849688 0.9999478 0.08081055
0.98002076 -0.19869232 -0.009379165 7.0682373 0.19863503 0.9800544 -0.0066956766 0.7647705 0.010522688 0.004698795 0.9999336 0.07824707
0.97816855 -0.20745657 -0.012231709 7.5493164 0.20737937 0.97823423 -0.007288547 0.86828613 0.013477586 0.004593124 0.9998986 0.08911133
0.97656655 -0.21484156 -0.013377348 8.054321 0.21470553 0.97662723 -0.01090477 0.97961426 0.015406823 0.0077777486 0.9998509 0.09301758
0.9751114 -0.22131918 -0.01336773 8.571167 0.22109371 0.97511464 -0.016500417 1.0895996 0.01668613 0.0131344665 0.9997745 0.10546875
0.97294116 -0.23058161 -0.015259976 9.09729 0.23030756 0.97296274 -0.017803296 1.2150879 0.018952135 0.013808477 0.99972504 0.12927246
0.97075754 -0.23921096 -0.020332823 9.633911 0.23895678 0.97092974 -0.014161928 1.3635254 0.023129478 0.008890174 0.999693 0.12768555
0.9689625 -0.2459816 -0.024596926 10.179321 0.24575637 0.96925926 -0.011843039 1.515625 0.026754066 0.0054321084 0.9996274 0.13781738
0.9663878 -0.25585142 -0.025874808 10.741821 0.2555477 0.96670586 -0.014489003 1.6656494 0.028718997 0.0073922933 0.99956024 0.15527344
0.96407425 -0.26429996 -0.02707218 11.315186 0.26393777 0.96441674 -0.016241793 1.8233643 0.030400295 0.008514138 0.9995014 0.18103027
0.96173096 -0.27237546 -0.030182596 11.898071 0.27198356 0.96217406 -0.016486447 1.9978027 0.033530526 0.007648073 0.99940836 0.19921875
0.959261 -0.28042293 -0.033831477 12.488159 0.2800459 0.95984274 -0.015505474 2.1791992 0.0368218 0.0053936653 0.99930674 0.21984863
0.9573381 -0.28629318 -0.03915891 13.082886 0.2858387 0.95812595 -0.016868906 2.3642578 0.04234918 0.0049550375 0.9990904 0.24523926
0.95495474 -0.2932551 -0.045977287 13.699341 0.2927211 0.9560528 -0.01810026 2.5618896 0.049262606 0.003833323 0.9987789 0.27905273
0.9532414 -0.29719615 -0.05441823 14.330566 0.29664797 0.9547924 -0.018080082 2.7601318 0.057332475 0.0010898542 0.9983549 0.3079834
0.9518622 -0.29979104 -0.06357782 14.961548 0.29915175 0.9539816 -0.019575275 2.9713135 0.06652273 -0.00038444856 0.9977863 0.34875488
0.9497183 -0.30444616 -0.07314958 15.60437 0.3039699 0.95251614 -0.017828722 3.1933594 0.07510412 -0.0053013805 0.99716187 0.38391113
0.948202 -0.30731055 -0.0804768 16.264404 0.3068856 0.95157814 -0.017903961 3.4124756 0.08208274 -0.007715125 0.996597 0.43859863
0.945571 -0.31324378 -0.08780368 16.933838 0.31309345 0.9495563 -0.015842974 3.644165 0.088338144 -0.01251872 0.99601185 0.49523926
0.9436586 -0.3170178 -0.09470702 17.614014 0.31704888 0.9482701 -0.01512334 3.8867188 0.09460277 -0.015767327 0.9953882 0.5588379
0.94173825 -0.32081467 -0.10096672 18.305786 0.32119614 0.9469196 -0.012902712 4.1362305 0.09974657 -0.02028558 0.99480456 0.62524414
0.9396879 -0.3255145 -0.105046526 19.004028 0.32631376 0.9452143 -0.009981303 4.3930664 0.10253691 -0.024900679 0.9944159 0.6948242
0.9378199 -0.3300494 -0.107548855 19.717896 0.33106342 0.9435714 -0.008799072 4.654541 0.104386054 -0.027355831 0.99415976 0.7696533
0.9353476 -0.33711714 -0.10708055 20.449097 0.33817726 0.9410386 -0.0086490605 4.9248047 0.103683956 -0.02812935 0.99421084 0.85339355
0.9334605 -0.3428738 -0.10501349 21.176514 0.34392363 0.9389239 -0.008510539 5.197998 0.10152052 -0.028175525 0.9944365 0.93518066
0.9313449 -0.3490435 -0.10347596 21.915161 0.35011575 0.93663913 -0.008205822 5.4804688 0.099786654 -0.028594881 0.99459803 1.0195312
0.9292812 -0.3555376 -0.10015804 22.638062 0.35660988 0.93422407 -0.0075895023 5.7718506 0.096270524 -0.028666323 0.99494195 1.0966797
0.9247737 -0.3681799 -0.09596791 23.410889 0.36939493 0.9292427 -0.005435423 6.090088 0.09117918 -0.03043048 0.99536854 1.1721191
0.9224225 -0.37518457 -0.09122637 24.165771 0.3764655 0.926396 -0.003393729 6.4031982 0.08578558 -0.03121667 0.995825 1.2531738
0.91953486 -0.38289228 -0.08880085 24.927612 0.3844458 0.92316854 0.00041180896 6.7318115 0.081815965 -0.034517553 0.9960481 1.3287354
0.9163574 -0.39085084 -0.08668294 25.690308 0.39244595 0.91976833 0.0014826183 7.0682373 0.07914884 -0.03537996 0.9962344 1.3996582
0.91221595 -0.40034023 -0.08735581 26.46997 0.402046 0.9156398 0.0021292495 7.4157715 0.07913642 -0.037060138 0.9961747 1.4707031
0.9087981 -0.40819922 -0.086180165 27.237305 0.40997207 0.91207457 0.0031701762 7.77417 0.07730714 -0.038214758 0.9962746 1.5385742
0.90492404 -0.41706184 -0.084871076 28.03003 0.41877538 0.9081022 0.002653978 8.14978 0.07596558 -0.03793614 0.9963892 1.605835
0.90179324 -0.4243765 -0.08204158 28.820312 0.42607144 0.90471524 0.0035221758 8.530762 0.072730824 -0.038130656 0.99662185 1.6787109
0.8987707 -0.43125063 -0.07873508 29.624023 0.43281788 0.9014574 0.003175953 8.919556 0.06960711 -0.036940813 0.99688953 1.743042
0.8949541 -0.44013038 -0.072606415 30.43042 0.44152218 0.8972044 0.0035042174 9.325684 0.06359697 -0.035201333 0.9973539 1.8101807
0.8923593 -0.44614446 -0.068262435 31.24646 0.44743362 0.8943142 0.0040776753 9.739868 0.059228435 -0.03418631 0.99765813 1.873169
0.8882031 -0.4546539 -0.06614012 32.070435 0.45591784 0.8900045 0.004592299 10.167725 0.05677715 -0.03423646 0.9977994 1.9312744
0.88507617 -0.4607833 -0.06523828 32.903687 0.46196008 0.88685924 0.0033670054 10.605835 0.056303266 -0.03312374 0.9978637 1.989624
0.8823183 -0.46648115 -0.06275741 33.740234 0.46761903 0.8839372 0.003970581 11.054932 0.05362325 -0.03284587 0.9980212 2.0371094
0.87889177 -0.47306326 -0.06119641 34.589966 0.47406152 0.8804806 0.0020523807 11.518311 0.05290975 -0.03081522 0.9981236 2.0933838
0.8770638 -0.4765361 -0.060581215 35.442627 0.47748804 0.8786358 0.0014100426 11.989502 0.052553497 -0.030162558 0.99816227 2.1489258
0.8756654 -0.47911042 -0.060611706 36.309326 0.4800234 0.87726146 0.0005691955 12.4696045 0.05289714 -0.029591393 0.99816126 2.2021484
0.8732782 -0.48338565 -0.060856704 37.180786 0.4842899 0.87489676 0.0001194817 12.963013 0.05318433 -0.02958076 0.99814606 2.25354
0.8740781 -0.4819955 -0.059764996 38.069214 0.48289102 0.8756256 0.0006175246 13.465576 0.05203522 -0.029406823 0.9982121 2.310669
0.8737153 -0.48296618 -0.05780794 38.972046 0.48386425 0.87512785 0.0017776194 13.969971 0.04973343 -0.029525917 0.9983261 2.3653564
0.87325907 -0.4838944 -0.05671784 39.882324 0.4846649 0.87467194 -0.00019434285 14.483887 0.049704224 -0.027318012 0.9983907 2.4206543
0.87301457 -0.4845969 -0.056143995 40.80249 0.4852458 0.87445605 -0.0023523658 15.00293 0.050231837 -0.025186837 0.9984193 2.4761963
0.8714285 -0.48735577 -0.055766076 41.736572 0.48794803 0.8728737 -0.0033737647 15.530151 0.050322227 -0.024270456 0.9984381 2.5332031
0.87054455 -0.4891773 -0.05351541 42.6687 0.48966455 0.8719031 -0.0044914456 16.060425 0.048857376 -0.022294655 0.9985568 2.588745
0.8681498 -0.493746 -0.049329218 43.604492 0.49416828 0.86930144 -0.004094577 16.597046 0.04490287 -0.020833425 0.9987735 2.644165
0.86548036 -0.49899495 -0.044593647 44.53772 0.49933317 0.86642456 -0.0039992398 17.1344 0.040632237 -0.01880518 0.9989971 2.7019043
0.8624261 -0.50449926 -0.04169955 45.459106 0.5047798 0.8632594 -0.0042743916 17.672363 0.03815514 -0.017363105 0.9991209 2.7521973
0.85707474 -0.51359195 -0.042496733 46.378174 0.5137642 0.8579911 -0.0075942073 18.223999 0.040362336 -0.015319216 0.9990676 2.8076172
0.8520761 -0.52130485 -0.044892475 47.29077 0.52137095 0.8531445 -0.011158818 18.79004 0.044117786 -0.013903928 0.9989297 2.8634033
0.84487617 -0.5332692 -0.044115014 48.203613 0.53331995 0.84591603 -0.011597028 19.370117 0.043498043 -0.0137277255 0.9989588 2.9176025
0.84042716 -0.5405141 -0.04036015 49.11499 0.5406318 0.8412735 -0.008877803 19.963135 0.0387521 -0.014358103 0.99914545 2.9638672
0.83548266 -0.5483473 -0.03663246 50.013428 0.54856056 0.83613163 -0.004849257 20.56604 0.033287324 -0.016042618 0.99931693 3.0162354
0.83063334 -0.55558133 -0.03876251 50.90674 0.55586314 0.83133894 -0.004072544 21.16809 0.034487274 -0.018158566 0.9992403 3.0625
0.8272886 -0.5600492 -0.043860357 51.78589 0.5603963 0.8282 -0.0051000137 21.779663 0.039176725 -0.020359155 0.99902475 3.1047363
0.824226 -0.56403923 -0.050366357 52.666992 0.56439435 0.82547957 -0.0082310205 22.380981 0.046218045 -0.021638662 0.99869704 3.164795
0.8204117 -0.56961185 -0.051320143 53.54419 0.56998867 0.82171136 -0.008396889 23.000977 0.046951976 -0.02235807 0.99864674 3.218628
0.8180958 -0.57302886 -0.04818708 54.425537 0.57339734 0.8192241 -0.007163992 23.627197 0.043583333 -0.021767922 0.9988129 3.2781982
0.8152841 -0.57746786 -0.042155787 55.301514 0.5777834 0.8161313 -0.005498045 24.260986 0.037582207 -0.01987823 0.99909586 3.3286133
0.81213784 -0.58217704 -0.03942033 56.17993 0.58250004 0.8128532 -0.003912689 24.898926 0.034319784 -0.019784229 0.999215 3.3796387
0.8094109 -0.585932 -0.040786266 57.055664 0.58633363 0.8101432 -0.0025492008 25.5354 0.034537554 -0.021843905 0.9991649 3.4245605
0.80555135 -0.5911103 -0.04287052 57.914062 0.59155685 0.80635995 -0.0027564275 26.18689 0.03619451 -0.023140645 0.99907625 3.4597168
0.80132955 -0.59652156 -0.044472143 58.777832 0.5969057 0.8022581 -0.0055332202 26.836426 0.03897744 -0.022115257 0.9989952 3.515625
0.79795337 -0.60115004 -0.04372758 59.654297 0.6014617 0.79888386 -0.007106166 27.493164 0.039209228 -0.020623283 0.99901867 3.5629883
0.7934968 -0.60716146 -0.042099748 60.521484 0.60741735 0.7943779 -0.007885324 28.16687 0.03822928 -0.019311938 0.9990824 3.6115723
0.7883421 -0.61383075 -0.041249555 61.38257 0.6140974 0.78917855 -0.0073576793 28.84021 0.037066747 -0.019527148 0.999122 3.6624756
0.7830377 -0.62067056 -0.04190228 62.244385 0.62089235 0.78393006 -0.009066787 29.534302 0.03847752 -0.018913193 0.9990806 3.7172852
0.7775436 -0.6275333 -0.04183002 63.09546 0.6277282 0.77844745 -0.0099393735 30.226807 0.03879619 -0.018525075 0.9990753 3.7614746
0.7721262 -0.6340261 -0.041974775 63.94922 0.63417906 0.77305853 -0.011275351 30.925537 0.039597385 -0.017913701 0.9990552 3.8190918
0.76630104 -0.6410706 -0.042355757 64.79785 0.6411686 0.7672779 -0.013015186 31.641846 0.040845335 -0.017178038 0.9990182 3.8701172
0.7622489 -0.6459379 -0.042652212 65.64526 0.6459626 0.76327163 -0.0150444945 32.360718 0.04227695 -0.016079327 0.9989768 3.9227295
0.75416106 -0.6554104 -0.041713815 66.49048 0.65543133 0.75514483 -0.01508023 33.092896 0.04138296 -0.015964305 0.99901587 3.9763184
0.74858844 -0.6617893 -0.0393353 67.32471 0.66175914 0.74948424 -0.015646085 33.83313 0.03983876 -0.014318648 0.9991038 4.0266113
0.7430872 -0.66822535 -0.037408333 68.15796 0.66811836 0.7439272 -0.017122757 34.58484 0.03927241 -0.012265997 0.9991533 4.081421
0.7361945 -0.6756288 -0.038135666 68.98633 0.67550015 0.73707694 -0.01811014 35.36084 0.040350106 -0.012431964 0.9991083 4.1342773
0.7295863 -0.6828789 -0.03798064 69.81714 0.68267035 0.7304894 -0.020230068 36.13623 0.041560203 -0.011172936 0.99907327 4.1916504
0.7245113 -0.6882285 -0.038805857 70.64038 0.6880193 0.7254549 -0.020633208 36.925293 0.042353675 -0.0117508685 0.99903345 4.24292
0.71838325 -0.6945635 -0.037597526 71.45825 0.6943542 0.71927613 -0.020497074 37.730225 0.041283574 -0.011380179 0.99908286 4.2941895
0.7145287 -0.6985397 -0.03800708 72.27539 0.6983744 0.7154294 -0.01967127 38.530273 0.040934347 -0.012481202 0.9990842 4.3482666
0.7093107 -0.7038203 -0.03899737 73.093506 0.70366275 0.7102577 -0.019961536 39.354004 0.04174425 -0.013282695 0.9990398 4.4057617
0.70325136 -0.7097167 -0.040613927 73.90747 0.70951045 0.7042939 -0.021782331 40.179443 0.04406999 -0.013502625 0.99893725 4.462036
0.6993841 -0.7134902 -0.042047612 74.7146 0.71319383 0.70052683 -0.024317725 41.00244 0.046807762 -0.012984421 0.9988194 4.520874
0.69537294 -0.71741235 -0.042957354 75.518555 0.71715343 0.69655454 -0.023919338 41.85254 0.047082055 -0.014176055 0.99879026 4.5792236
0.689531 -0.7230402 -0.041174978 76.32788 0.72274494 0.6906383 -0.024387285 42.703125 0.046069946 -0.012948769 0.99885404 4.6379395
0.68520623 -0.7273024 -0.038706545 77.13623 0.7269817 0.68620354 -0.024426024 43.567383 0.04432363 -0.011399793 0.9989522 4.7005615
0.6795825 -0.7324975 -0.038438544 77.93872 0.73214704 0.68057925 -0.025197584 44.43799 0.044619095 -0.011020131 0.9989434 4.7651367
0.6760558 -0.7358566 -0.038132105 78.74341 0.7354434 0.67705613 -0.02662095 45.30896 0.045406777 -0.0100526195 0.9989177 4.8221436
0.6705997 -0.7407826 -0.036752388 79.5354 0.74035275 0.6715427 -0.026859753 46.197144 0.044583168 -0.009197755 0.9989637 4.8862305
0.66668147 -0.74436516 -0.03520731 80.336914 0.743878 0.66756773 -0.027961481 47.086914 0.044325452 -0.0075538754 0.9989888 4.937744
0.6643187 -0.7467374 -0.033427536 81.13159 0.7461146 0.66514385 -0.0308193 47.9812 0.045248915 -0.004460487 0.9989662 5.0023193
0.6592285 -0.7512557 -0.03308266 81.92432 0.75039726 0.66005695 -0.035923794 48.887207 0.048823427 -0.001139733 0.99880695 5.0703125
0.6548132 -0.7551886 -0.03060484 82.72339 0.75411916 0.65551984 -0.040312055 49.787354 0.050503314 0.0033115828 0.9987181 5.130615
0.64985293 -0.7594898 -0.025867905 83.52026 0.75823814 0.65030044 -0.044584062 50.712402 0.0506856 0.009352136 0.99867076 5.1936035
0.6407104 -0.76748925 -0.021985913 84.29346 0.7660945 0.6409314 -0.048375107 51.643555 0.0512087 0.014155082 0.9985879 5.265991
0.6329463 -0.77399045 -0.018007925 85.07788 0.7725927 0.6329593 -0.049698044 52.58203 0.049860056 0.017545778 0.9986022 5.3372803
0.6232136 -0.78193724 -0.014535097 85.84961 0.7806685 0.6231004 -0.048320703 53.55371 0.04683854 0.01876919 0.9987263 5.3952637
0.6138702 -0.7893217 -0.013916166 86.60742 0.78805333 0.6137389 -0.048528496 54.523438 0.04684518 0.018827377 0.998725 5.468384
0.60540843 -0.79577315 -0.01606654 87.35498 0.7944233 0.60537857 -0.049402446 55.49829 0.049039043 0.017147744 0.99864984 5.527588
0.5947175 -0.8036925 -0.015425201 88.08789 0.80221504 0.5946247 -0.05216414 56.49536 0.051102545 0.018653939 0.99851966 5.598999
0.58565897 -0.8102828 -0.016134711 88.81787 0.8087714 0.58561265 -0.052569315 57.503906 0.052039847 0.017746393 0.99848783 5.6657715
0.5757572 -0.8174659 -0.011134363 89.54126 0.8159349 0.575426 -0.054834194 58.51831 0.05123102 0.022484295 0.99843365 5.739258
0.5654795 -0.8248304 -0.008278113 90.249756 0.82336295 0.5650233 -0.054811966 59.549072 0.04986918 0.024187189 0.9984632 5.807251
0.5550111 -0.83168894 -0.007402838 90.94629 0.83021903 0.55452114 -0.05514972 60.59204 0.049980264 0.024460355 0.9984505 5.881714
0.5455063 -0.83810246 -0.008640039 91.63599 0.8365592 0.5450782 -0.055904545 61.644043 0.051563963 0.023264611 0.9983985 5.9437256
0.5347658 -0.84496295 -0.009120774 92.30371 0.84339595 0.5343792 -0.056055564 62.71631 0.052237283 0.02228495 0.9983861 6.0133057
0.5250653 -0.8510141 -0.010265527 92.96704 0.84936017 0.524734 -0.057136457 63.784668 0.0540183 0.021281585 0.9983132 6.095093
0.5157814 -0.8565959 -0.010335082 93.61548 0.8549429 0.5154746 -0.05702927 64.873535 0.054181825 0.020572152 0.9983188 6.1693115
0.50647086 -0.86231023 -0.009443026 94.25366 0.86077154 0.5061712 -0.055164415 65.973145 0.05234876 0.019810503 0.99843234 6.241577
0.49909332 -0.8663392 -0.0061872206 94.89111 0.8649482 0.49867365 -0.053524442 67.07593 0.049477663 0.02136517 0.99854696 6.3151855
0.4908228 -0.8711488 -0.00520982 95.51636 0.8697365 0.49035135 -0.054295186 68.19629 0.049869448 0.022118943 0.99851084 6.387085
0.48392203 -0.87505984 -0.0037396154 96.137695 0.8734998 0.4833061 -0.05777674 69.31738 0.05236691 0.024695974 0.99832267 6.4663086
0.47696444 -0.8787694 -0.0027080232 96.74365 0.87705266 0.47622088 -0.06109338 70.43506 0.054977227 0.026771722 0.99812907 6.5421143
0.47244698 -0.88147414 -0.0020307186 97.35864 0.87961143 0.47159573 -0.063943535 71.57666 0.057307664 0.028428003 0.997952 6.6170654
0.46640468 -0.884726 -0.0015154285 97.954346 0.8826753 0.46543968 -0.06726563 72.70166 0.060202762 0.030022755 0.9977337 6.7021484
0.46294105 -0.88647276 0.0009868611 98.54736 0.8844252 0.46179613 -0.06844906 73.83887 0.06021279 0.032552965 0.997654 6.79187
0.456293 -0.88969105 0.005307129 99.13843 0.8878974 0.45497674 -0.066458665 74.98071 0.05672153 0.035038646 0.9977751 6.873047
0.45393112 -0.8908737 0.011185023 99.72339 0.8894072 0.45237562 -0.06437967 76.11621 0.05230846 0.039168157 0.9978623 6.960449
0.45069274 -0.89254904 0.013375094 100.29712 0.8911935 0.4490506 -0.063839145 77.238525 0.05098007 0.040708404 0.9978706 7.04126
0.4476539 -0.89408547 0.015541324 100.85693 0.8928285 0.4459214 -0.063525505 78.37378 0.04985605 0.04229993 0.99785954 7.1221924
0.44516027 -0.8952847 0.018283643 101.42285 0.89418757 0.44333708 -0.06258611 79.502686 0.047921613 0.044200946 0.9978722 7.1933594
0.44216213 -0.8967407 0.020611227 101.97998 0.8958072 0.44029394 -0.061222926 80.62695 0.04582279 0.04554787 0.9979116 7.2650146
0.44218317 -0.8967354 0.022706125 102.53345 0.8958749 0.44019392 -0.06174739 81.752686 0.04538586 0.047649615 0.9978326 7.3408203
0.4386113 -0.89841735 0.025178095 103.076416 0.8976497 0.4364941 -0.06217497 82.85742 0.044857543 0.049868543 0.99774796 7.4088135
0.43608084 -0.89938325 0.028680738 103.61182 0.8988487 0.43388173 -0.060796298 83.95874 0.042259526 0.052296862 0.99773675 7.4765625
0.43659306 -0.8992408 0.032259718 104.149414 0.89891285 0.43426418 -0.060482766 85.0603 0.040363774 0.055393826 0.9976481 7.545044
0.43353343 -0.9005839 0.033740938 104.66406 0.90030724 0.43110833 -0.061114382 86.14404 0.04050752 0.056891583 0.9975591 7.6134033
0.43248987 -0.90104735 0.034398504 105.180176 0.90072674 0.4299313 -0.062991485 87.21509 0.041960675 0.05822503 0.9974213 7.675659
0.4329818 -0.9008021 0.034033217 105.69287 0.900465 0.4304439 -0.06290621 88.28198 0.04200163 0.057878274 0.99743974 7.7435303
0.43192977 -0.90132326 0.032946777 106.19043 0.9008525 0.4293496 -0.064471275 89.32837 0.04393621 0.05751412 0.9973772 7.812622
0.43553597 -0.8995752 0.03059456 106.6814 0.8990336 0.43312234 -0.0633114 90.37573 0.043681707 0.055079132 0.99752635 7.8760986
0.43912256 -0.8977984 0.028255962 107.170166 0.89713186 0.43679968 -0.063481465 91.39819 0.044655155 0.05322583 0.99758327 7.9438477
0.44421732 -0.89549774 0.026135672 107.67334 0.8947249 0.44197676 -0.0636771 92.42285 0.045448676 0.051676854 0.9976298 8.013062
0.4516048 -0.89174247 0.024006262 108.17822 0.8908572 0.4494292 -0.064147905 93.43701 0.046432216 0.050364237 0.9976511 8.076538
0.45817313 -0.88857216 0.02341746 108.67578 0.8877675 0.45612434 -0.062045276 94.43286 0.044442102 0.04919648 0.9977987 8.134888
0.46372932 -0.88577074 0.022678189 109.188965 0.8849657 0.46173155 -0.061544932 95.434326 0.04404608 0.048603997 0.99784595 8.195557
0.47471768 -0.87997234 0.02197744 109.71509 0.8792268 0.47281876 -0.05993299 96.42969 0.04234545 0.047757074 0.99796 8.262207
0.48165816 -0.8760983 0.021153823 110.2439 0.8753509 0.4798127 -0.059414282 97.40723 0.041907165 0.047128767 0.99800885 8.324341
0.49439755 -0.8691193 0.019352641 110.78223 0.8682376 0.49253345 -0.061188858 98.37915 0.04365097 0.0470394 0.99793786 8.379761
0.5021358 -0.86461776 0.015733177 111.33081 0.8635575 0.50039506 -0.061840206 99.33252 0.045598734 0.04463292 0.99796176 8.438477
0.51528865 -0.8569032 0.011454077 111.8855 0.8556466 0.5136968 -0.06260018 100.281494 0.04777145 0.04204276 0.99797195 8.502319
0.52691704 -0.8499497 0.00902105 112.45532 0.8487163 0.5255108 -0.060466528 101.22095 0.046645906 0.03951182 0.9981295 8.560547
0.5386971 -0.8423248 0.0085804425 113.03247 0.84124154 0.53742164 -0.057193633 102.14453 0.043568194 0.038037084 0.9983266 8.623657
0.5528368 -0.8332393 0.0087006325 113.631836 0.8322399 0.5515913 -0.055813458 103.07349 0.041709166 0.038090155 0.998403 8.679077
0.5631347 -0.8263474 0.007915689 114.229004 0.8254042 0.56197345 -0.054111715 103.966064 0.0402596 0.037013166 0.998504 8.739014
0.5746278 -0.8183858 0.007208499 114.84595 0.81739736 0.5734497 -0.054971665 104.84766 0.040850606 0.037480265 0.9984621 8.793701
0.5872855 -0.809263 0.005569521 115.47119 0.80819523 0.5861262 -0.05584888 105.72217 0.04193574 0.037303835 0.9984239 8.8479
0.5980447 -0.801533 0.0060663847 116.09497 0.80041623 0.59677345 -0.05782945 106.565674 0.042730294 0.039438687 0.99830776 8.903442
0.6082487 -0.79374754 0.005912197 116.726074 0.7926992 0.6070248 -0.056433536 107.406006 0.04121081 0.039012134 0.9983884 8.966919
0.6198215 -0.7847334 0.0063914014 117.36987 0.783795 0.618635 -0.05460207 108.23755 0.038903728 0.038854387 0.99848706 9.017578
0.6280859 -0.77800876 0.007874593 118.00928 0.77720624 0.6269026 -0.052876204 109.038574 0.03620584 0.039334416 0.99857014 9.067017
0.63831794 -0.7696827 0.008039852 118.66748 0.7689526 0.6371751 -0.051439013 109.835205 0.034472607 0.039018046 0.99864364 9.1154785
0.6479607 -0.7616813 0.005406147 119.30737 0.76092046 0.64695966 -0.04983459 110.61426 0.034462746 0.036403246 0.9987426 9.164917
0.65685606 -0.75394386 0.0020693294 119.96045 0.75312185 0.6560069 -0.04855806 111.3811 0.035257358 0.03345061 0.99881804 9.213013
0.66707706 -0.74496955 0.002007097 120.62573 0.7441904 0.66625094 -0.047599908 112.12915 0.034126572 0.033247348 0.9988645 9.260742
0.6753795 -0.73735964 0.0011185085 121.2832 0.7366511 0.67466253 -0.04487934 112.8584 0.03233877 0.031136444 0.9989921 9.310181
0.68301183 -0.7304602 0.0013564627 121.951904 0.72983235 0.68234515 -0.0427601 113.59619 0.030310323 0.030192826 0.9990843 9.355835
0.69209003 -0.72181493 0.0034505364 122.63379 0.72126424 0.6913583 -0.042654928 114.282715 0.028396096 0.032006428 0.99908423 9.39917
0.7002437 -0.7138406 0.0015360718 123.291504 0.7132681 0.6995929 -0.041592717 114.97705 0.0286223 0.03021538 0.9991333 9.432983
0.7071897 -0.70690197 0.0013110316 123.9729 0.70636046 0.7065727 -0.040489234 115.663574 0.027703118 0.029562289 0.9991791 9.475098
0.7133383 -0.7007305 0.0024532236 124.64722 0.7002951 0.7127622 -0.037913002 116.328125 0.024824258 0.028760796 0.999278 9.508423
0.7210673 -0.6928288 0.0035823232 125.31665 0.69249773 0.7205413 -0.035072118 116.98706 0.021720141 0.027772412 0.9993785 9.540527
0.7290251 -0.6845558 0.003701609 125.993164 0.684265 0.7285337 -0.033584632 117.635254 0.020294923 0.027015632 0.999429 9.575684
0.735626 -0.677333 0.0034732742 126.65234 0.67706156 0.7351645 -0.032532886 118.25366 0.019486506 0.026282707 0.9994645 9.614258
0.74354196 -0.66873395 0.0018041452 127.322266 0.66848636 0.7431875 -0.02934801 118.86792 0.018286051 0.023028199 0.99956757 9.635132
0.7525612 -0.6585525 0.0039021105 128.0039 0.65839344 0.7522185 -0.027213305 119.46362 0.014984979 0.023048218 0.999622 9.66626
0.7612437 -0.64856714 0.0044836565 128.66626 0.6484758 0.7609747 -0.023416057 120.034424 0.011771703 0.020733176 0.99971575 9.69043
0.77191144 -0.63568556 0.0044960086 129.34546 0.63563067 0.7717009 -0.020384932 120.60303 0.00948625 0.018594004 0.99978226 9.713379
0.7810398 -0.62439424 0.0035988975 130.00171 0.62433124 0.7808469 -0.01982569 121.14502 0.009570938 0.01773147 0.9997969 9.731567
0.7920316 -0.6106215 0.0015941332 130.67578 0.61052656 0.79185677 -0.01988132 121.67627 0.010876855 0.016720537 0.9998011 9.750488
0.8013649 -0.5980949 0.0020714484 131.37378 0.59801334 0.80118793 -0.01964122 122.19653 0.010087871 0.016980022 0.99980503 9.771973
0.8106394 -0.58554703 0.0026703004 132.05566 0.5854996 0.8104956 -0.017201025 122.697266 0.007906348 0.015506908 0.99984854 9.783569
0.82202965 -0.5694866 0.0045495634 132.77026 0.5694836 0.8219042 -0.015192673 123.1936 0.00491017 0.015081134 0.9998743 9.799072
0.8299427 -0.55761355 0.0064399135 133.45801 0.55764604 0.82983375 -0.013646424 123.6814 0.0022688282 0.014918258 0.9998861 9.815063
0.8384991 -0.5446714 0.0093047805 134.1731 0.5447493 0.83841413 -0.012014237 124.14087 -0.001256074 0.015144406 0.9998844 9.825195
0.8472424 -0.53118443 0.01084004 134.90332 0.53128535 0.847174 -0.011251814 124.59302 -0.0032085588 0.0152910305 0.99987787 9.834839
0.8538913 -0.5203272 0.0132648945 135.61963 0.5204678 0.85383356 -0.011323385 125.04004 -0.0054348665 0.01657227 0.9998478 9.838013
0.8604123 -0.5095876 0.013086795 136.34766 0.5097254 0.860357 -0.011223556 125.47656 -0.0055402783 0.01632578 0.9998513 9.845459
0.86703897 -0.49796733 0.011890718 137.09326 0.49807113 0.8670208 -0.008343655 125.90674 -0.0061538517 0.013158132 0.99989444 9.853882
0.87325114 -0.4871352 0.011911536 137.83008 0.48722836 0.8732549 -0.006676702 126.32764 -0.0071476083 0.011634568 0.99990666 9.853882
0.8794927 -0.4757619 0.012340454 138.59204 0.47585285 0.87951106 -0.005785363 126.74658 -0.008101745 0.01096021 0.9999071 9.850586
0.88581693 -0.46396503 0.012373377 139.34546 0.46405953 0.8858321 -0.0062041376 127.150635 -0.008081564 0.0112358555 0.9999041 9.863525
0.89060575 -0.45463443 0.012353908 140.1206 0.45473298 0.8906156 -0.006753424 127.541504 -0.007931876 0.0116321165 0.9999008 9.862061
0.8955747 -0.44479603 0.01203198 140.90771 0.44489515 0.89557636 -0.0073116934 127.92505 -0.0075232717 0.0119005805 0.9999009 9.854126
0.897844 -0.4402082 0.012282132 141.67017 0.44030464 0.89785653 -0.0066017285 128.32397 -0.008122727 0.011335141 0.99990284 9.857544
0.90081024 -0.43395635 0.015547067 142.4873 0.43406922 0.9008779 -0.0046488065 128.71777 -0.011987761 0.010935328 0.9998684 9.856689
0.90388703 -0.42745027 0.01795708 143.30127 0.42753878 0.90402275 -0.0012217318 129.10156 -0.01571106 0.008782017 0.999838 9.848755
0.906966 -0.42080286 0.02002224 144.12354 0.4208533 0.90716165 0.0018339902 129.4978 -0.018934537 0.006762454 0.9997979 9.837524
0.91046757 -0.41295084 0.0213641 144.96509 0.4129499 0.91070646 0.00466364 129.88062 -0.021382608 0.004576496 0.9997609 9.828857
0.9131289 -0.40707964 0.02327504 145.81128 0.40704498 0.91341835 0.0064188596 130.2732 -0.023872677 0.0036100484 0.99970853 9.808105
0.91612554 -0.40008605 0.025905643 146.66113 0.40001744 0.91648674 0.008004872 130.65356 -0.026944295 0.0030294107 0.9996323 9.789917
0.9195718 -0.39190516 0.027962454 147.54517 0.39183122 0.9199909 0.008304553 131.02979 -0.02898023 0.003322796 0.99957436 9.772217
0.92282546 -0.38404408 0.029190637 148.45679 0.38398847 0.923278 0.0077106864 131.41162 -0.029912913 0.004093832 0.99954414 9.753418
0.92659575 -0.37484223 0.029558837 149.3479 0.37480336 0.92705595 0.007053768 131.78442 -0.030047292 0.004543961 0.9995382 9.723511
0.9303097 -0.36556444 0.030491428 150.28125 0.36560237 0.93078357 0.004520567 132.14331 -0.030032815 0.006941585 0.99952465 9.707642
0.93397367 -0.35611725 0.029651746 151.2229 0.3561946 0.9344107 0.0028116 132.51147 -0.028707784 0.007937034 0.9995562 9.679565
0.9379325 -0.3457206 0.028180733 152.198 0.34577677 0.93833035 0.003007547 132.85767 -0.027482087 0.0069220862 0.99959826 9.659668
0.9428011 -0.33231106 0.026456237 153.1648 0.33229825 0.94316363 0.005005352 133.21826 -0.026616238 0.0040721195 0.99963737 9.631836
0.94854337 -0.31545082 0.02706299 154.13916 0.31535017 0.94892895 0.008020949 133.56665 -0.028211664 0.0009270764 0.9996015 9.610596
0.9545136 -0.29674238 0.029183708 155.1709 0.2964954 0.95495397 0.0125503065 133.88843 -0.031594183 -0.0033272938 0.99949527 9.580933
0.9605504 -0.2764271 0.030260073 156.17407 0.2760802 0.96100694 0.015178534 134.19702 -0.03327683 -0.0062240493 0.9994267 9.554321
0.966408 -0.25509688 0.031140547 157.22632 0.2546677 0.9668711 0.017115505 134.49512 -0.03447583 -0.008611092 0.9993686 9.53064
0.9712986 -0.23564519 0.03229993 158.28076 0.23513606 0.9717768 0.018805368 134.76587 -0.035819504 -0.010671731 0.99930155 9.489014
0.97646916 -0.21270399 0.03547949 159.36694 0.2121009 0.9770398 0.020017486 135.01123 -0.038922627 -0.01201936 0.99916965 9.466064
0.9808169 -0.19097528 0.038803164 160.46191 0.19023399 0.98148125 0.022010734 135.22559 -0.04228933 -0.014205216 0.99900454 9.420166
0.98481566 -0.16804297 0.043612532 161.58911 0.16710085 0.9856383 0.024437724 135.4314 -0.047092997 -0.01677863 0.9987493 9.381348
0.98819417 -0.14577676 0.047212236 162.72339 0.14466248 0.98913777 0.02622215 135.61987 -0.050522104 -0.019082433 0.9985399 9.328491
0.9912032 -0.12353623 0.04748369 163.85938 0.12230144 0.99209535 0.02809574 135.77368 -0.0505789 -0.022040665 0.9984766 9.279541
0.9936214 -0.10284402 0.04625975 165.01074 0.101648286 0.99444026 0.027503097 135.9104 -0.048831265 -0.02262573 0.99855083 9.232544
0.9958111 -0.07917081 0.045740765 166.19043 0.07793246 0.996558 0.028253932 136.00781 -0.047820378 -0.024571106 0.9985539 9.176147
0.9970745 -0.0601467 0.04715563 167.40234 0.058970366 0.99792176 0.025954256 136.08423 -0.048618827 -0.023096988 0.99855024 9.129883
0.99795115 -0.039477065 0.050347243 168.57324 0.03812983 0.9988956 0.02744444 136.14624 -0.051375322 -0.025468273 0.99835485 9.080566
0.9985473 -0.017173786 0.051067706 169.80615 0.015808597 0.99951017 0.027015401 136.17651 -0.051506527 -0.026168969 0.9983296 9.026245
0.99858713 0.00025849947 0.053145077 171.02368 -0.0018199914 0.99956787 0.029335413 136.19751 -0.053114533 -0.02939066 0.99815625 8.96814
0.99829715 0.022463635 0.05383797 172.27246 -0.024081627 0.99927187 0.029599397 136.18481 -0.053133946 -0.030845433 0.9981112 8.911377
0.9976077 0.043163866 0.05400414 173.5127 -0.044883303 0.99850994 0.031042337 136.14868 -0.052583817 -0.033391617 0.99805814 8.851318
0.99668145 0.061962232 0.052791215 174.78394 -0.06376473 0.9974134 0.033179782 136.08203 -0.0505991 -0.036435798 0.9980545 8.788696
0.99522936 0.0829021 0.051441304 176.05933 -0.08466796 0.9958582 0.033136874 135.98999 -0.048480432 -0.037334338 0.9981254 8.732666
0.9935837 0.101425305 0.050100368 177.33008 -0.10322648 0.9940532 0.03476598 135.87378 -0.046277147 -0.0397135 0.9981386 8.6796875
0.9913173 0.12209961 0.048782982 178.6499 -0.12394373 0.9916078 0.036743738 135.73315 -0.043886703 -0.042471744 0.99813306 8.626099
0.98878366 0.14174668 0.047026422 179.95386 -0.14350457 0.98897964 0.036370307 135.57031 -0.04135276 -0.042711973 0.9982312 8.578735
0.98631835 0.15939374 0.042069733 181.27295 -0.16096835 0.98626024 0.03715105 135.38452 -0.035571475 -0.043413814 0.99842423 8.529053
0.98288804 0.18041034 0.037266135 182.62817 -0.18186352 0.9825049 0.040193032 135.14966 -0.029364886 -0.046281382 0.9984972 8.496948
0.98019266 0.19537315 0.032575134 183.92651 -0.1966597 0.9795532 0.042540975 134.91064 -0.023598336 -0.04810413 0.9985633 8.460327
0.976308 0.2143107 0.029901767 185.26074 -0.21549352 0.97549266 0.04446226 134.64697 -0.019639822 -0.049852263 0.9985634 8.442139
0.9722585 0.23224437 0.027900074 186.62427 -0.23334862 0.97127306 0.04668018 134.33154 -0.01625688 -0.05189529 0.99852 8.419312
0.96789354 0.24987008 0.028115481 187.969 -0.2509612 0.96691406 0.04626411 134.00171 -0.015631413 -0.05183398 0.9985338 8.41272
0.96348494 0.26641902 0.027520379 189.30151 -0.26744455 0.9625398 0.04504362 133.64307 -0.014489091 -0.050755594 0.99860543 8.3984375
0.9582528 0.2849496 0.023873579 190.6521 -0.28577682 0.95722246 0.045504052 133.2583 -0.009886033 -0.05042478 0.9986787 8.394165
0.95392317 0.29920477 0.02197463 191.99634 -0.29993433 0.9527694 0.04737719 132.85645 -0.0067572957 -0.051785324 0.99863493 8.385498
0.9481728 0.31701177 0.021970622 193.34033 -0.3177239 0.9469641 0.048186425 132.42676 -0.0055338023 -0.05266863 0.9985972 8.387085
0.9423303 0.3338581 0.022471162 194.70044 -0.33458954 0.9409367 0.05138587 131.97168 -0.0039856234 -0.055942528 0.99842614 8.38855
0.93558156 0.3524958 0.021531248 196.05713 -0.353152 0.9339801 0.054722875 131.48584 -0.000822586 -0.058801115 0.9982693 8.38562
0.92869145 0.37043208 0.018991899 197.3999 -0.37090835 0.92706573 0.054997742 130.96997 0.0027613966 -0.05811874 0.998306 8.404541
0.9219681 0.38696817 0.017052403 198.76172 -0.38729385 0.92024714 0.05664403 130.4126 0.006224814 -0.058826648 0.99824846 8.407227
0.91402745 0.40550354 0.013068246 200.10132 -0.40555495 0.91229165 0.057444405 129.83862 0.011366888 -0.057805736 0.9982634 8.43396
0.9049877 0.42530093 0.009243766 201.4231 -0.42505044 0.9031458 0.060237978 129.25122 0.017274007 -0.058443017 0.99814117 8.475586
0.8953221 0.44531167 0.007826237 202.76855 -0.44486508 0.89330286 0.063787304 128.6228 0.021422561 -0.060591035 0.997932 8.505127
0.8834953 0.46846366 0.0081776725 204.1101 -0.4679179 0.88130176 0.06670017 127.92871 0.024032967 -0.062753 0.99773955 8.543579
0.8700458 0.4930048 0.009196653 205.44751 -0.49236733 0.8676065 0.07038838 127.203125 0.026703825 -0.06577444 0.9974789 8.5998535
0.8551939 0.51825523 0.009293921 206.77954 -0.5174348 0.8525058 0.074342094 126.45459 0.030603044 -0.06838834 0.9971895 8.650024
0.8396822 0.5430079 0.009691821 208.01123 -0.5420282 0.83678263 0.07756406 125.68506 0.034012403 -0.070380054 0.99693936 8.707153
0.8252609 0.56447965 0.009550632 209.30786 -0.56336427 0.82229453 0.078980334 124.89673 0.036741786 -0.07056537 0.9968308 8.765381
0.80885947 0.5878837 0.009308252 210.5708 -0.5866006 0.80581796 0.08065648 123.96094 0.039915293 -0.07069864 0.996699 8.835083
0.793097 0.6092299 0.006631789 211.81836 -0.607609 0.79008883 0.08232804 123.065186 0.04490582 -0.06932605 0.996583 8.917847
0.77637666 0.63013816 0.004463684 212.98071 -0.62816423 0.7733437 0.084877096 122.20801 0.050043363 -0.068701364 0.9963813 8.994507
0.76036614 0.6493854 0.002507813 214.16626 -0.6471141 0.75737274 0.08656624 121.19458 0.05432925 -0.06744458 0.9962423 9.08374
0.7446922 0.66738725 0.001000667 215.34058 -0.664876 0.74175847 0.087786116 120.2124 0.057852924 -0.06603709 0.996138 9.18042
0.7298303 0.68369436 0.0010177036 216.48413 -0.6810973 0.7269261 0.08816775 119.18799 0.05954494 -0.0650394 0.9961038 9.27832
0.7119439 0.7022518 0.00057108596 217.60083 -0.69953674 0.70912105 0.08840094 118.134766 0.061682135 -0.06332394 0.99608326 9.380249
0.6978372 0.7162587 -0.0009387871 218.68823 -0.7133522 0.69512117 0.08911227 117.06128 0.064476825 -0.061524767 0.9960218 9.488281
0.6835478 0.72981936 -0.0031252238 219.75586 -0.72664684 0.68096495 0.0903063 115.96045 0.06803896 -0.05944915 0.99590904 9.600098
0.6698936 0.7425555 -0.0056229467 220.80591 -0.73903054 0.66741467 0.09255778 114.84204 0.07247557 -0.057844006 0.9956907 9.721924
0.6556092 0.7551429 -0.006558343 221.8357 -0.75137836 0.6531605 0.09443374 113.69946 0.075591445 -0.056984503 0.99550927 9.838013
0.6384275 0.7695521 -0.0057096486 222.84106 -0.7657274 0.63595915 0.09513227 112.54346 0.07685833 -0.05637218 0.9954481 9.96936
0.6217406 0.78305674 -0.0030975626 223.84326 -0.77923137 0.619084 0.09636712 111.3418 0.07738379 -0.057515476 0.9953429 10.103638
0.6056107 0.79575723 0.00096973777 224.79565 -0.7920676 0.602685 0.09691221 110.15039 0.07654425 -0.059453625 0.9952912 10.237427
0.5869776 0.8095508 0.006587126 225.73145 -0.8060641 0.5836527 0.09783238 108.91821 0.0753533 -0.062747195 0.9951821 10.368408
0.56963015 0.82180715 0.009818825 226.64478 -0.8183651 0.5660622 0.09897473 107.6936 0.075776435 -0.06441726 0.9950423 10.508545
0.5523103 0.83344066 0.011779679 227.4856 -0.82981044 0.54846257 0.10203216 106.46997 0.078600496 -0.06612544 0.99471 10.642822
0.53444904 0.8450004 0.014819639 228.3169 -0.8411979 0.53018886 0.10566632 105.22388 0.08145651 -0.06894938 0.99428976 10.781616
0.514369 0.85754824 0.01748175 229.11182 -0.85384893 0.5100017 0.10541903 103.97778 0.08144775 -0.069150396 0.9942766 10.92688
0.4934725 0.8693519 0.021668298 229.87085 -0.8660099 0.48900202 0.103269495 102.71484 0.07918948 -0.06973708 0.9944184 11.063721
0.47384545 0.88015175 0.024791336 230.57837 -0.87711686 0.4693718 0.10086061 101.45215 0.077126496 -0.06955205 0.99459404 11.199463
0.45158228 0.8915883 0.02878259 231.27441 -0.8888462 0.44699156 0.09920096 100.161865 0.07558629 -0.07040437 0.9946527 11.336914
0.4295574 0.902322 0.030492684 231.92749 -0.89963585 0.42494935 0.098538816 98.871826 0.07597479 -0.06977431 0.9946663 11.463379
0.4092574 0.9117264 0.032600604 232.51855 -0.909216 0.40466914 0.09680012 97.62134 0.07507456 -0.06926872 0.99476993 11.596558
0.3869385 0.9215399 0.032255176 233.09473 -0.9189184 0.38245812 0.09649839 96.3291 0.07660948 -0.066989 0.99480903 11.720825
0.36368775 0.9309863 0.03210782 233.6289 -0.9282131 0.3592611 0.096872725 95.04199 0.07867747 -0.06503729 0.99477655 11.85022
0.34495568 0.9380095 0.030986637 234.11523 -0.93513244 0.3407195 0.09621946 93.77002 0.079693936 -0.06218938 0.99487936 11.980103
0.32268715 0.9459453 0.031237883 234.59106 -0.943228 0.31868652 0.0931414 92.47095 0.07813795 -0.059508022 0.99516386 12.11145
0.3017576 0.9528768 0.030648578 235.02051 -0.9500347 0.29785734 0.093210034 91.187744 0.07970317 -0.05726838 0.9951743 12.237427
0.2810423 0.95907086 0.032549646 235.42505 -0.95588046 0.27679065 0.09769285 89.923584 0.084696665 -0.058593683 0.99468446 12.365601
0.26114765 0.9646174 0.034489006 235.802 -0.9607622 0.25633684 0.105375186 88.66797 0.09280477 -0.060663845 0.9938352 12.501953
0.24339007 0.9691443 0.037066087 236.14453 -0.96454525 0.23788883 0.11365388 87.42627 0.101330265 -0.06342478 0.9928298 12.643433
0.22311348 0.9739319 0.040619932 236.46289 -0.9690226 0.21708648 0.117635116 86.170166 0.105730265 -0.06557335 0.99222666 12.803223
0.20276013 0.97822237 0.044003196 236.7644 -0.9733618 0.19644037 0.118098564 84.91333 0.106878385 -0.06678644 0.99202734 12.951904
0.18587025 0.9813654 0.049418535 237.02466 -0.97671235 0.17901729 0.11855543 83.683105 0.10750232 -0.070314534 0.99171656 13.102661
0.16381489 0.9850565 0.053963274 237.2666 -0.980544 0.15655816 0.11875942 82.437256 0.10853818 -0.0723542 0.9914546 13.27356
0.14649114 0.98760134 0.056057755 237.46313 -0.9833654 0.13925056 0.11647895 81.20947 0.107225776 -0.07222327 0.9916113 13.411011
0.12767595 0.990082 0.058602706 237.64331 -0.98599535 0.12031793 0.115485385 79.990234 0.10724262 -0.07251949 0.9915832 13.550171
