1.000000000000000000e+00 4.398956837314658088e-19 2.733407509747682871e-20 -8.673617379884035472e-19 -5.583667658079949532e-19 1.000000000000000000e+00 -6.100159232558060012e-19 0.000000000000000000e+00 4.145284534913582806e-20 -2.210423569125054137e-19 1.000000000000000222e+00 0.000000000000000000e+00
9.999424334664267500e-01 -1.077791760663185253e-03 1.067558584651520995e-02 7.462959732241601640e-02 1.072833305077161917e-03 9.999993139768537098e-01 4.701834167985527511e-04 -6.038277545120374068e-03 -1.067608546694670708e-02 -4.587032194969604048e-04 9.999429037587748148e-01 2.918996296910177923e-01
9.998541084871482854e-01 -2.464972513279525389e-03 1.690223876249317622e-02 9.258425939047762454e-02 2.451141469537585892e-03 9.999966440134449019e-01 8.389652416899576540e-04 -1.006523084153645997e-02 -1.690425035676552945e-02 -7.974130553657332284e-04 9.998567949629868501e-01 5.398339532927700635e-01
9.997887208011659865e-01 -6.164029185634315768e-03 1.960914416696193582e-02 8.053463894062078132e-02 6.186361124908745270e-03 9.999802828015850187e-01 -1.078393789268354422e-03 -1.212815719660631508e-02 -1.960211061863978768e-02 1.199475227766666182e-03 9.998071406513400206e-01 9.290680712626269155e-01
9.998252087456589443e-01 -6.823697882293781533e-03 1.740658310455251920e-02 9.230683024314940976e-02 6.855116198210283764e-03 9.999749792254389869e-01 -1.745936141858560504e-03 -1.912194373099548872e-02 -1.739423413977559188e-02 1.864955155324622693e-03 9.998469695615798125e-01 1.193503770283085297e+00
9.998904670671892037e-01 -1.044451541282952721e-02 1.048646733804788587e-02 8.630424730402831701e-02 1.048290198365329530e-02 9.999385281139386850e-01 -3.612304169572357233e-03 -1.898757158688908764e-02 -1.044809413176232826e-02 3.721837163768934153e-03 9.999384907301924752e-01 1.548767560174791225e+00
9.999357617335782322e-01 -1.124994133401169619e-02 -1.382477515369486898e-03 5.873918695572081378e-02 1.124316954998945232e-02 9.999252140650065623e-01 -4.812213260873536395e-03 -3.310048429553173743e-02 1.436511264021994930e-03 4.796360754177149931e-03 9.999874656015177443e-01 1.856684903423219346e+00
9.997930102921659401e-01 -1.097463805851271908e-02 -1.713166309979961138e-02 1.976623635718583946e-02 1.088648491997329208e-02 9.999270608032078123e-01 -5.230439860410778137e-03 -4.029045044155245281e-02 1.718781600852599400e-02 5.042853659361902670e-03 9.998395614477795235e-01 2.185530193949975164e+00
9.993347581090575860e-01 -6.408669363900062511e-03 -3.590223016558545532e-02 9.791590395664236807e-03 6.215597434673842715e-03 9.999656303612204367e-01 -5.486750810772380096e-03 -4.333503528681766082e-02 3.593615960875418125e-02 5.259947004230520508e-03 9.993402450925698011e-01 2.531103103585846448e+00
9.984258576283076003e-01 -3.538854044831130259e-03 -5.597573764487139697e-02 -5.673924714235204642e-02 3.193898380002615882e-03 9.999753626139287199e-01 -6.250853812163086574e-03 -5.537229235884127965e-02 5.599648037260105543e-02 6.062233267090259836e-03 9.984125618425159221e-01 2.858332308914063091e+00
9.971355741632695890e-01 -2.935346650316715111e-03 -7.557797482531485034e-02 -1.049006985975218798e-01 2.455448225196525322e-03 9.999762363731692361e-01 -6.441852173265968061e-03 -5.937054994403345720e-02 7.559508919112074843e-02 6.237822151064127858e-03 9.971190863021198725e-01 3.202068345231371183e+00
9.953087952047462439e-01 -3.345198885084760439e-03 -9.669132092112135701e-02 -1.434376709978648357e-01 2.761346641731714669e-03 9.999771435534063890e-01 -6.171493447397028397e-03 -6.718248523287279061e-02 9.670975744347388992e-02 5.875543420795091044e-03 9.952952833706600888e-01 3.612350872670007096e+00
9.932591486871461539e-01 -4.087054814834630879e-03 -1.158428208632877321e-01 -2.035173987952472452e-01 3.474712262995573696e-03 9.999789070404789815e-01 -5.487425930080893147e-03 -7.723776261465967186e-02 1.158628068077696832e-01 5.047915480333172583e-03 9.932523994131964296e-01 3.997455195622768187e+00
9.910960198104364904e-01 -4.239387789690767482e-03 -1.330815788255801657e-01 -2.939227898916929593e-01 3.607729463136403851e-03 9.999810560012800664e-01 -4.987175644699265269e-03 -8.496283048791573866e-02 1.331002026007208627e-01 4.462647520404869513e-03 9.910925392388445498e-01 4.409275592185259995e+00
9.887823267134789873e-01 -3.403691186212902224e-03 -1.493248963769412962e-01 -3.746827969125348101e-01 2.792495810671105205e-03 9.999868449810009885e-01 -4.302537356612731040e-03 -8.647242138963287528e-02 1.493375790960794758e-01 3.837283651345618427e-03 9.887788242654121929e-01 4.821236133994306172e+00
9.866764511015654326e-01 -2.769042796574907803e-03 -1.626711792694989223e-01 -4.604214773439654906e-01 2.103741962430727246e-03 9.999887048958853164e-01 -4.261965188254933715e-03 -9.123082801531698371e-02 1.626811462590496138e-01 3.862962389088768315e-03 9.866711320674399488e-01 5.228435920780785118e+00
9.845111304283122866e-01 -3.525809760327817607e-03 -1.752866280129326271e-01 -5.444947526439000152e-01 2.655704655030725024e-03 9.999829627092948758e-01 -5.198222763167508094e-03 -1.036492659444537695e-01 1.753019725795572636e-01 4.652198539471153263e-03 9.845037207805020785e-01 5.686809621925235092e+00
9.827564328461599885e-01 -6.527042253558324771e-03 -1.847895846196470626e-01 -6.291528773013590481e-01 5.341147798942761857e-03 9.999618294998831036e-01 -6.914598668656487916e-03 -1.143230200272832842e-01 1.848276661819232003e-01 5.808377727780192866e-03 9.827537826971781687e-01 6.118958318427035969e+00
9.811837727553518462e-01 -5.592254938198017167e-03 -1.929951550301192420e-01 -7.328438362145658358e-01 4.001208730910401669e-03 9.999547318684048891e-01 -8.632759494365468966e-03 -1.215692467474816241e-01 1.930346984276185562e-01 7.698109528693452587e-03 9.811617324478232316e-01 6.552556660457315552e+00
9.796232163783534785e-01 -5.664805027036094037e-03 -2.007641973864315865e-01 -8.435541437661622233e-01 3.616300720245995901e-03 9.999376093190291970e-01 -1.056881417205244450e-02 -1.217886679078895446e-01 2.008115453115722759e-01 9.627431929726995574e-03 9.795825829371284099e-01 7.036312255927716031e+00
9.780089287936647446e-01 -6.116966671824415266e-03 -2.084733001855569312e-01 -9.470609498846891405e-01 3.490825450033622265e-03 9.999098884422312761e-01 -1.296260498054046910e-02 -1.348802804770103392e-01 2.085338097543785185e-01 1.194979943294406828e-02 9.779421524386933129e-01 7.496504635611450418e+00
9.762609284241821062e-01 -9.979312341751971072e-03 -2.163677699359956019e-01 -1.066930700472624505e+00 6.902998962063010453e-03 9.998641282596354429e-01 -1.496908859914429166e-02 -1.446752219926324967e-01 2.164877566181465929e-01 1.312014977195069022e-02 9.761971696364968309e-01 8.015659255945738693e+00
9.743742063666953612e-01 -1.527639818445096151e-02 -2.244137617697211373e-01 -1.171868895071846994e+00 1.196756931868140326e-02 9.997988084165116973e-01 -1.609720327519419819e-02 -1.601140252528835406e-01 2.246145227749254680e-01 1.299901234099694845e-02 9.743609921436408028e-01 8.536109404920990684e+00
9.724703726396960457e-01 -1.670043963213155291e-02 -2.324273401049668231e-01 -1.325164975537372003e+00 1.273169999685886886e-02 9.997465907293353604e-01 -1.856497019739657486e-02 -1.834883838744675866e-01 2.326784880424393742e-01 1.509468825867078465e-02 9.724365649420652069e-01 9.034316034342872115e+00
9.703422075568612915e-01 -1.259689926017114325e-02 -2.414069531835767446e-01 -1.459704792978454346e+00 7.456730806684672141e-03 9.997258668720921948e-01 -2.219432943539207531e-02 -1.853506731260598506e-01 2.416203594384850606e-01 1.973598792461728549e-02 9.701701366338891797e-01 9.562432001832428696e+00
9.682619591475467580e-01 -9.765110496403776180e-03 -2.497467110521772726e-01 -1.616516524615033701e+00 3.545808427242825439e-03 9.996725961031951435e-01 -2.534024143020147807e-02 -2.082327448247259238e-01 2.499123975688398169e-01 2.365043781608138981e-02 9.679795719657643405e-01 1.011993939209843951e+01
9.659154914677837711e-01 -1.260985962608153835e-02 -2.585502916168242460e-01 -1.777743031865873347e+00 5.694135242571572546e-03 9.996061486367265880e-01 -2.747952728561735974e-02 -2.300250275820308610e-01 2.587949786718573009e-01 2.507068077931927375e-02 9.656068669384858527e-01 1.067681530731700867e+01
9.635539132829076259e-01 -1.421186482683973323e-02 -2.671364398975712984e-01 -1.927032880907636470e+00 6.671664842707434109e-03 9.995538754183848074e-01 -2.911252325713457878e-02 -2.637456608918406498e-01 2.674310116170922069e-01 2.626924092347920903e-02 9.632188653649130794e-01 1.123711355410464208e+01
9.614624067662492779e-01 -1.393060171858174004e-02 -2.745832789104302729e-01 -2.104285712914701012e+00 5.336483944102312325e-03 9.994729498838114123e-01 -3.202099900220078260e-02 -2.815062009716363667e-01 2.748846362778395447e-01 2.932167753747137035e-02 9.610300087048078144e-01 1.179647857068403738e+01
9.590268686635377016e-01 -1.343698582241621871e-02 -2.829963088931944926e-01 -2.282809795757012150e+00 3.536390811808455027e-03 9.993646005719503123e-01 -3.546673163650037458e-02 -3.016250389201421966e-01 2.832930640451781223e-01 3.301276309157345767e-02 9.584650223633184307e-01 1.240192820000873297e+01
9.569419970989676560e-01 -1.518464608282136044e-02 -2.898817670898265475e-01 -2.495915133900555638e+00 3.525728027792511456e-03 9.991652101432699773e-01 -4.069953400154192880e-02 -3.396343144423515925e-01 2.902577897411042218e-01 3.792504917264259007e-02 9.561966889576674067e-01 1.299625352573475112e+01
9.549659635825034076e-01 -1.637978298837702504e-02 -2.962629055701639924e-01 -2.685388383604245366e+00 2.363304756426719104e-03 9.988633319593595017e-01 -4.760734021524141990e-02 -3.741961599999069632e-01 2.967059559906891075e-01 4.476323014147445822e-02 9.539191951174778028e-01 1.360703051913286821e+01
9.537626684707057878e-01 -1.608766147209288871e-02 -3.001299009489025726e-01 -2.898554848233159120e+00 -6.906166439831977304e-04 9.984465454207338553e-01 -5.571372335937110898e-02 -4.094656159274028262e-01 3.005599714543460976e-01 5.334494439496887536e-02 9.522699314893593447e-01 1.423171990585558611e+01
9.525075356394681059e-01 -1.617541335046320666e-02 -3.040851008689905988e-01 -3.101128347824725573e+00 -3.575441950890240628e-03 9.979253066223100488e-01 -6.428295730730808344e-02 -4.534336040154188230e-01 3.044940261426241634e-01 6.231724018205066218e-02 9.504735407256026392e-01 1.484902274318995019e+01
9.511733627100296129e-01 -1.502083199141145478e-02 -3.082914313492137182e-01 -3.333707727861121128e+00 -7.910381761062209097e-03 9.973007696079867479e-01 -7.299726557875151067e-02 -5.002249685910680199e-01 3.085557666836086232e-01 7.187175787556410178e-02 9.484871065637833221e-01 1.546768456793249946e+01
9.498206742461473562e-01 -1.508308369208588400e-02 -3.124310888463394109e-01 -3.561033548713884223e+00 -1.053540562073460030e-02 9.967273629869045637e-01 -8.014717138408283814e-02 -5.510246044293564127e-01 3.126174871306715009e-01 7.941702906899972270e-02 9.465533499691862751e-01 1.612564345097281304e+01
9.481011740908004137e-01 -1.311380036322855325e-02 -3.176982684526210021e-01 -3.774327188968154889e+00 -1.521471760744335690e-02 9.961336720346608553e-01 -8.652294370845212135e-02 -6.180928172943194188e-01 3.176045927780032918e-01 8.686619447382833148e-02 9.442359816659881000e-01 1.678608469535793901e+01
9.465484702151797380e-01 -1.221809118678038666e-02 -3.223301251403599688e-01 -4.044247005272166184e+00 -1.867843858830890713e-02 9.955294067066776664e-01 -9.258680410531018590e-02 -6.859668802117134812e-01 3.220203577439242904e-01 9.365852181263656373e-02 9.420886225393656499e-01 1.746949485543908764e+01
9.450151742562639123e-01 -1.028977755742515113e-02 -3.268645570200915951e-01 -4.288193529304598961e+00 -2.307941707672257065e-02 9.949142038097161800e-01 -9.804625208159760408e-02 -7.633272305172192906e-01 3.262110701751573250e-01 1.001990400672147230e-01 9.399715380530933029e-01 1.814615129228617718e+01
9.431003021962952593e-01 -7.230573564938132421e-03 -3.324297466550454883e-01 -4.539353592077348232e+00 -2.790268695361972431e-02 9.945162628834266494e-01 -1.007910854713924831e-01 -8.419020117319657714e-01 3.313355723066570002e-01 1.043317869851229235e-01 9.377268360782911039e-01 1.884175039434456167e+01
9.414793534126276731e-01 -6.594532554904777681e-03 -3.370061376840516876e-01 -4.813088215843250417e+00 -2.972755340961579298e-02 9.942882080594366290e-01 -1.025047895137821963e-01 -9.225645227820438166e-01 3.357572056223947499e-01 1.065245115896600175e-01 9.359057803612468307e-01 1.952431383222167227e+01
9.392498351381473043e-01 -5.885780064196731443e-03 -3.431837733687357894e-01 -5.092079069411310499e+00 -3.089832705124076484e-02 9.943435141637692043e-01 -1.016182524020926153e-01 -1.008317830485323530e+00 3.418406677133098981e-01 1.060487319528071459e-01 9.337551214507692210e-01 2.023973115888703234e+01
9.370447536216205409e-01 -6.249525309693364401e-03 -3.491533625548901565e-01 -5.369803488585220386e+00 -3.071860773276529830e-02 9.944887786673018981e-01 -1.002418886540177856e-01 -1.095364797192539763e+00 3.478555712342928929e-01 1.046566416902871971e-01 9.316885163371083634e-01 2.096736778973831150e+01
9.345064367988147325e-01 -5.548324708101081554e-03 -3.559029825994158847e-01 -5.644651067010317824e+00 -3.159100505580511586e-02 9.946399027516059643e-01 -9.845543284134673778e-02 -1.178022612444554529e+00 3.545415767487309910e-01 1.032505692824073062e-01 9.293221147420318573e-01 2.170367519358779163e+01
9.314080417780266075e-01 -5.602326881234675864e-03 -3.639336077973229777e-01 -5.947595415208584591e+00 -3.116503604669402724e-02 9.949819978010092658e-01 -9.507662481587701719e-02 -1.260761915196093819e+00 3.626400446640612452e-01 9.989713753795929907e-02 9.265596379466751742e-01 2.239834889438788679e+01
9.278253871213466564e-01 -2.883267104491896160e-03 -3.730036660591007913e-01 -6.252637803722358889e+00 -3.288547780776951424e-02 9.954441816688618383e-01 -8.949539960016808515e-02 -1.340500572076223973e+00 3.715623746002555405e-01 9.530250810371872217e-02 9.235035661015765784e-01 2.318873268816127009e+01
9.243960636481515225e-01 1.599689090881084455e-04 -3.814339902357452017e-01 -6.583172133761443945e+00 -3.496775331652968860e-02 9.958244847109695153e-01 -8.432586737741877558e-02 -1.425760129252947817e+00 3.798278237465844143e-01 9.128839003988964418e-02 9.205418280206607573e-01 2.393674127483908265e+01
9.208729582354417964e-01 3.962021783813063532e-03 -3.898426529151585163e-01 -6.899401287673384786e+00 -3.827604235143550193e-02 9.960362535349365221e-01 -8.029150808362828240e-02 -1.497082717049013745e+00 3.879793054027800281e-01 8.885991292674118303e-02 9.173745023444058733e-01 2.469070887873635201e+01
9.169967183638151331e-01 4.165309969446932305e-03 -3.988729941065886075e-01 -7.232359093676352657e+00 -3.852578157185825025e-02 9.961956357735926026e-01 -7.816661350897896599e-02 -1.571336842215942387e+00 3.970299545700135546e-01 8.704542235763232383e-02 9.136686012162589243e-01 2.542204002704992050e+01
9.130877139405507714e-01 5.283439169133192712e-03 -4.077289645234634663e-01 -7.603459298530950150e+00 -4.039600234640072784e-02 9.961692652044740193e-01 -7.755616100288610648e-02 -1.652501803745506370e+00 4.057573066714047494e-01 8.728619839189520613e-02 9.098033474383075969e-01 2.618992217954730606e+01
9.092955089410228453e-01 4.873052784604398925e-03 -4.161224906667635448e-01 -7.962831087682124220e+00 -4.036948656833901083e-02 9.962483762293823375e-01 -7.654722378194893373e-02 -1.721869224546798360e+00 4.141883440624723467e-01 8.640269852153197039e-02 9.060808974999541299e-01 2.693225321095446390e+01
9.054695096593315951e-01 5.249243971901807956e-03 -4.243788506140184769e-01 -8.372428984450603906e+00 -4.089129680724806759e-02 9.963505641208151298e-01 -7.492299566188195814e-02 -1.792066203061222662e+00 4.224368253560457087e-01 8.519389008169016286e-02 9.023797057142838307e-01 2.772268492116080552e+01
9.014489230489295402e-01 5.992519686903418664e-03 -4.328439961926610069e-01 -8.742818869792902348e+00 -4.136497229309910040e-02 9.965210776440314167e-01 -7.235109494549872566e-02 -1.864997906195006383e+00 4.309046075546143495e-01 8.312539690116761693e-02 8.985607332387050006e-01 2.850846641545322413e+01
8.976396003999627116e-01 6.201267548545252514e-03 -4.406866099014181692e-01 -9.125736018611659617e+00 -4.031639971556980062e-02 9.968640326698351428e-01 -6.809323274972230167e-02 -1.939255053616243840e+00 4.388823742555748031e-01 7.889008007482987972e-02 8.950746453221983812e-01 2.928152622802427629e+01
8.939274756100072938e-01 7.558923755493882242e-03 -4.481478851549792197e-01 -9.549134852834516352e+00 -3.985023737590809301e-02 9.972384375044688332e-01 -6.266942964261668081e-02 -1.993894474793884042e+00 4.464365909783533648e-01 7.388072491302875855e-02 8.917600645393629621e-01 3.009037171034018243e+01
8.899393781513778023e-01 7.817408322671064863e-03 -4.560118278724373253e-01 -9.948092003195576183e+00 -3.852780130849491752e-02 9.975677132007800818e-01 -5.808843407429943595e-02 -2.068369254230730370e+00 4.544485831145209653e-01 6.926431821861016302e-02 8.880759785302746456e-01 3.087893124543951728e+01
8.863468106082866838e-01 6.671150199425726623e-03 -4.629738899562917398e-01 -1.040894310262145339e+01 -3.691201080547505675e-02 9.977318947542503924e-01 -5.629004985983970116e-02 -2.133812821646334790e+00 4.615483049950607208e-01 6.698180358676054935e-02 8.845827289620186162e-01 3.172871665478755077e+01
8.832376489745283887e-01 6.672515441099200091e-03 -4.688781596244799288e-01 -1.085612803000987370e+01 -3.686269564302335072e-02 9.977924164973579479e-01 -5.523979829622983895e-02 -2.199343026940981716e+00 4.674744915555198443e-01 6.607398265117758740e-02 8.815337956623114923e-01 3.252871004648359587e+01
8.800925140941484592e-01 7.058154959413211714e-03 -4.747497704933692497e-01 -1.129978292040110155e+01 -3.678989290969717635e-02 9.978971095591877560e-01 -5.336536873134218456e-02 -2.249980238992218773e+00 4.733747708290882428e-01 6.443245490948612542e-02 8.785014453776545107e-01 3.332842924131028184e+01
8.771537590293680964e-01 5.509996907485798824e-03 -4.801780069539903772e-01 -1.177902841834961656e+01 -3.469043365430670572e-02 9.980486743298547792e-01 -5.191741079638712703e-02 -2.310159043311851512e+00 4.789549667406476363e-01 6.219713546911857099e-02 8.756332912263095070e-01 3.418539945329742125e+01
8.745221270131978697e-01 4.076264942559414649e-03 -4.849684822276199569e-01 -1.226839102276472637e+01 -3.331867211493880904e-02 9.981070699673095792e-01 -5.169277540472785176e-02 -2.371523283576264962e+00 4.838397656908304256e-01 6.136498187020271444e-02 8.730025342181469972e-01 3.503302306241726427e+01
8.723781288906008458e-01 3.833154933246912116e-03 -4.888166347564161796e-01 -1.274114521375396336e+01 -3.354920274537150082e-02 9.980809014442556526e-01 -5.204772067021841420e-02 -2.430462545520881257e+00 4.876790488637008925e-01 6.180470168356738681e-02 8.708325492490578412e-01 3.586582095665760050e+01
8.707873612466984214e-01 4.202420281361754321e-03 -4.916418476532426474e-01 -1.321944001420903270e+01 -3.445072607192812414e-02 9.980271508116055346e-01 -5.248765357200457088e-02 -2.486999317906133378e+00 4.904513456826601892e-01 6.264300410354844972e-02 8.692142062152106163e-01 3.673583320086816428e+01
8.703736926143782471e-01 4.074229597450347400e-03 -4.923748887303330268e-01 -1.374071272882437533e+01 -3.389973509217603098e-02 9.980888950062259957e-01 -5.166590448889019777e-02 -2.552716026686292938e+00 4.912234183082264116e-01 6.166002248919467271e-02 8.688484330867384253e-01 3.759991820864446055e+01
8.701823995656617905e-01 3.616289813078401444e-03 -4.927164591557224305e-01 -1.423320610151048093e+01 -3.260762280793710888e-02 9.982036368898764556e-01 -5.026173786439516039e-02 -2.608801176074817985e+00 4.916496089272098247e-01 5.980319221841678967e-02 8.687371552977811717e-01 3.847905086070114322e+01
8.699006917123365268e-01 2.957993268596333016e-03 -4.932180369928572672e-01 -1.475588160432784335e+01 -3.154897699843783876e-02 9.982679344129564702e-01 -4.965675411840320824e-02 -2.670069138075185311e+00 4.922168751236661866e-01 5.875696935627051920e-02 8.684872890021817504e-01 3.938336847091852633e+01
8.694273844033009180e-01 1.570594291587906191e-03 -4.940582472251157098e-01 -1.527016488193182475e+01 -3.028261608589813761e-02 9.982841609456507559e-01 -5.011683570416181066e-02 -2.735248701605127231e+00 4.931318180535099183e-01 5.853432569994523882e-02 8.679831493279003274e-01 4.027314009794640270e+01
8.679616060052633975e-01 2.340998823920281886e-04 -4.966312422932455672e-01 -1.579498523051354653e+01 -2.914526361681905528e-02 9.983003959535819982e-01 -5.046655424762758885e-02 -2.796460556592494040e+00 4.957753601361410967e-01 5.827748004191389553e-02 8.664932385357195788e-01 4.119522988037399358e+01
8.666407660838681970e-01 -1.402500380955230353e-03 -4.989306671661845605e-01 -1.632818744178075576e+01 -2.651816643374056356e-02 9.984531258770943385e-01 -4.886862306325276406e-02 -2.858382645287477875e+00 4.982274310620640745e-01 5.558226746467250651e-02 8.652629908595935726e-01 4.210095349576744894e+01
8.646427809436708634e-01 -1.330331449643196292e-03 -5.023853964856774823e-01 -1.687394988325345935e+01 -2.477940879113577771e-02 9.986664317376804378e-01 -4.529171075718156636e-02 -2.921734346411752448e+00 5.017756928897106894e-01 5.160996387823298115e-02 8.634567566408147821e-01 4.303726787385122776e+01
8.617016333023873598e-01 -8.853615557982520224e-04 -5.074145309588106167e-01 -1.742091282258428109e+01 -2.303332959849251418e-02 9.988994148583459909e-01 -4.085859474717201678e-02 -2.985020998318821839e+00 5.068922614246930136e-01 4.689536393988296553e-02 8.607328651666661390e-01 4.394297468185977351e+01
8.580705804371607792e-01 -2.114891169917987486e-03 -5.135274102146379915e-01 -1.796940596472986229e+01 -2.078308448182696055e-02 9.990292282182094974e-01 -3.884153192799393028e-02 -3.045371878302887581e+00 5.131110467494849336e-01 4.400145934281100152e-02 8.571936364811677533e-01 4.483778863498444878e+01
8.528116016046238812e-01 -4.302093777527638517e-03 -5.222009755034887624e-01 -1.854282029954422129e+01 -1.983094431213568848e-02 9.989780116559558998e-01 -4.061607945091744859e-02 -3.105523565092499272e+00 5.218420353672098555e-01 4.499360218158664215e-02 8.518547242300543720e-01 4.572836965606428805e+01
8.470153003026944516e-01 -7.992366465476536536e-03 -5.315084172605757384e-01 -1.910783811122128384e+01 -1.807821959627296804e-02 9.988754310475340681e-01 -4.382979870558657842e-02 -3.172357510264599334e+00 5.312610123627393710e-01 4.673323595699833272e-02 8.459182861743447246e-01 4.662645087087636142e+01
8.406614922403095047e-01 -8.241502359987433468e-03 -5.414982247414431571e-01 -1.968771719271118670e+01 -1.829732376270979885e-02 9.988811103975584471e-01 -4.360888972918544604e-02 -3.231864515665770377e+00 5.412517601016074709e-01 4.656828259946561160e-02 8.395700881512581093e-01 4.754578372015032528e+01
8.348149881216812007e-01 -4.610127279487054482e-03 -5.505112863942006607e-01 -2.029891774240989122e+01 -1.990569680520945170e-02 9.990583064759908094e-01 -3.855208854998819906e-02 -3.275766454310303555e+00 5.501706129995431738e-01 4.314217200781292338e-02 8.339370812220068263e-01 4.844122353512101853e+01
8.296227639428351841e-01 -1.471431158587705075e-03 -5.583223964631264247e-01 -2.088204588866798161e+01 -2.090528105837121536e-02 9.992134325341546219e-01 -3.369696584302856596e-02 -3.340133448314070108e+00 5.579328306173207963e-01 3.962765642536090344e-02 8.289394497619245739e-01 4.928602740888707245e+01
8.257145778650316625e-01 -1.043624463819487966e-03 -5.640871746344013893e-01 -2.150823023881065765e+01 -2.256169799660009967e-02 9.991369978654949247e-01 -3.487447953654017330e-02 -3.391302978441594451e+00 5.636367717766638252e-01 4.152313050582055048e-02 8.249784392656568377e-01 5.018473796624000016e+01
8.223238486762685095e-01 -2.635972446435949721e-03 -5.690136494741584450e-01 -2.212854106417006150e+01 -2.401245653627434931e-02 9.989377205445735264e-01 -3.932979085570573879e-02 -3.444662900727532673e+00 5.685128800074853439e-01 4.600524042798580238e-02 8.213870155620432989e-01 5.105881098001649576e+01
8.191999809296131030e-01 -5.283972697239847083e-03 -5.734836218500755090e-01 -2.272822039938277072e+01 -2.576286502441572923e-02 9.986090646029177620e-01 -4.600229258961308770e-02 -3.516432071945338578e+00 5.729290279069230163e-01 5.245965833033400250e-02 8.179243971980469929e-01 5.189945049848206082e+01
8.158413784127643842e-01 -5.543993682122560357e-03 -5.782491703054547516e-01 -2.335802482751731191e+01 -2.681039032570790154e-02 9.985161384494888326e-01 -4.739962313117112441e-02 -3.573284911310642631e+00 5.776539217543258387e-01 5.417365981967032368e-02 8.144821469263668900e-01 5.275118847687564028e+01
8.130890256047084153e-01 -4.861799899061248174e-03 -5.821190538175219364e-01 -2.399234507288657525e+01 -2.555794850439371130e-02 9.987028042925654159e-01 -4.403975490352510236e-02 -3.632862417180554804e+00 5.815780539751979061e-01 5.068601015408262522e-02 8.119100331865919395e-01 5.361671357223800527e+01
8.095734525909105139e-01 -2.595155783906015218e-03 -5.870128477266896017e-01 -2.464014953488700854e+01 -2.473331927280049414e-02 9.989514149429274958e-01 -3.852704955946648774e-02 -3.689617500154088514e+00 5.864973086313690631e-01 4.570925260935407991e-02 8.086603599644681672e-01 5.449198958913097357e+01
8.065127306508179661e-01 -1.027767779129414374e-03 -5.912158254573062210e-01 -2.530345898604175403e+01 -2.475634612366047968e-02 9.990627001097821536e-01 -3.550837399565597713e-02 -3.746541854291563389e+00 5.906981834763869177e-01 4.327429915326290455e-02 8.057313434036323940e-01 5.537674965409804173e+01
8.038169940809791747e-01 -5.356916503132104317e-04 -5.948764125958801996e-01 -2.593090763894687001e+01 -2.591498628800220985e-02 9.990187161363156543e-01 -3.591682538039065592e-02 -3.807039459421279748e+00 5.943119205609681543e-01 4.428676856782191168e-02 8.030143398201053939e-01 5.621617655045227480e+01
8.000034752403524241e-01 -1.735776418646007039e-03 -5.999928497729238863e-01 -2.656932954110904532e+01 -2.575252334344684674e-02 9.989749430273748843e-01 -3.722728561588447421e-02 -3.852748433462541033e+00 5.994424514973661910e-01 4.523328761949590993e-02 7.991387263106958239e-01 5.706060225831294730e+01
7.960126933542155392e-01 -3.788421260589737005e-03 -6.052680669491852239e-01 -2.724422383370554357e+01 -2.548568082506676852e-02 9.988838165027700278e-01 -3.976935062802160192e-02 -3.922840171497022244e+00 6.047431501990341296e-01 4.708257657153256531e-02 7.950276474676967187e-01 5.793329374337751148e+01
7.916586431440613136e-01 -4.692035357081642682e-03 -6.109456362095831983e-01 -2.788960270360241722e+01 -2.505911327451385701e-02 9.988796724075285072e-01 -4.014275699780165546e-02 -3.969949991168914227e+00 6.104495387139714513e-01 4.708911633246268963e-02 7.906541487252474187e-01 5.875739758869983831e+01
7.871975463381997162e-01 -4.826120699468577392e-03 -6.166820285510256072e-01 -2.858747336868783506e+01 -2.461451821383099300e-02 9.989266726477746827e-01 -3.923809643474439335e-02 -4.034377650547465777e+00 6.162095052752911695e-01 4.606746413934438567e-02 7.862338339009459220e-01 5.961865193107200867e+01
7.824417628387971835e-01 -4.893019688829240363e-03 -6.227045356603958526e-01 -2.924654571720143181e+01 -2.458550911505585218e-02 9.989467643931391194e-01 -3.874164033796234641e-02 -4.090578547609132087e+00 6.222382554083748518e-01 4.562258526866831698e-02 7.814973707989762985e-01 6.045233372625366997e+01
7.768932507925329078e-01 -5.772578308373113067e-03 -6.296058661332217810e-01 -2.994829460362872098e+01 -2.436106628773074961e-02 9.989336445497618566e-01 -3.921877460039868007e-02 -4.149674625177269149e+00 6.291608867821477658e-01 4.580667139780938285e-02 7.759241811523682752e-01 6.129794951096526745e+01
7.716434549653734543e-01 -6.956412205150187995e-03 -6.360172788954344680e-01 -3.064991080683255831e+01 -2.427595485389137664e-02 9.988895333558065470e-01 -4.037794215521615243e-02 -4.205723507220208823e+00 6.355918994905477293e-01 4.659730140689504613e-02 7.706176979824916895e-01 6.212765144832511055e+01
7.663936557638245661e-01 -8.387882626693122026e-03 -6.423164329248352011e-01 -3.134878550777431272e+01 -2.335073800117746026e-02 9.988901157458082158e-01 -4.090574216755907960e-02 -4.265828607151225249e+00 6.419466596629577193e-01 4.634846388309140502e-02 7.653471851557395178e-01 6.291559254440874582e+01
7.607531862042268278e-01 -9.762154529787705343e-03 -6.489678590231166000e-01 -3.208914872842881749e+01 -2.302210158455970240e-02 9.988517864267393298e-01 -4.201299360396408555e-02 -4.325945852587559592e+00 6.486328538390290221e-01 4.690212258468458295e-02 7.596549346584073881e-01 6.378027602331217594e+01
7.546131330932515091e-01 -1.195533371711989673e-02 -6.560610346796545977e-01 -3.278973556844717052e+01 -2.157869547526913151e-02 9.988410629928112794e-01 -4.302198063756453028e-02 -4.386358076813769991e+00 6.558150547124613761e-01 4.662189273724638011e-02 7.534806044133094405e-01 6.457099842236272025e+01
7.481774318662630652e-01 -1.259164644733313035e-02 -6.633792072286727182e-01 -3.352956290588589638e+01 -2.129050224257372434e-02 9.988494313164061333e-01 -4.297124747469335121e-02 -4.452869860329319529e+00 6.631570340797491303e-01 4.627379392593097135e-02 7.470485207884942636e-01 6.541569166683177627e+01
7.419472035113529040e-01 -1.283987290694797549e-02 -6.703353462268109020e-01 -3.430223477100356888e+01 -2.043554097067047312e-02 9.989189801130974322e-01 -4.175236364764523672e-02 -4.512953234945605629e+00 6.701468069887452916e-01 4.467671470699723785e-02 7.408827550125981487e-01 6.625878571210199652e+01
7.358212841463233067e-01 -1.359960673215827517e-02 -6.770392011343422389e-01 -3.503027040654897206e+01 -1.914688449794378980e-02 9.989807688263965257e-01 -4.087566955724039608e-02 -4.580711502858060946e+00 6.769050463836914222e-01 4.304037885526670187e-02 7.348109229978400103e-01 6.704189427740378449e+01
7.292732173744164159e-01 -1.478932403525893245e-02 -6.840627467769826442e-01 -3.581124247736224930e+01 -1.846559336762353815e-02 9.989768147512501084e-01 -4.128371933363030044e-02 -4.636703261526589515e+00 6.839733939686040154e-01 4.273873514237285648e-02 7.282539430839944927e-01 6.785502899419438450e+01
7.229104671503219226e-01 -1.637606576620241269e-02 -6.907476181711647012e-01 -3.661071119551589703e+01 -1.825386491261540498e-02 9.989174963126994378e-01 -4.278588559132685820e-02 -4.701452455610095171e+00 6.907005577202645075e-01 4.353917805282042641e-02 7.218289883726431988e-01 6.864957459365356840e+01
7.170969702038693105e-01 -1.554110805651904778e-02 -6.968001149487453860e-01 -3.739592922767447902e+01 -2.005562475224876781e-02 9.988772648042032465e-01 -4.291831551575248788e-02 -4.759749915557548228e+00 6.966848031330276081e-01 4.475135546271129250e-02 7.159801745344126500e-01 6.944462069340528387e+01
7.113917488124436028e-01 -1.561824524143789507e-02 -7.026221181428257134e-01 -3.821111701146953266e+01 -1.954540312856743386e-02 9.989266641725500495e-01 -4.199400974720100127e-02 -4.826823030378658785e+00 7.025238535141522522e-01 4.360722437196987850e-02 7.103229226392979712e-01 7.026978304467986902e+01
7.068056274088142521e-01 -1.483841857410113027e-02 -7.072521594522387378e-01 -3.898666984085014064e+01 -2.103322173203229020e-02 9.988971517175858628e-01 -4.197718321191361984e-02 -4.887099968666627881e+00 7.070950548371073285e-01 4.454550060360950442e-02 7.057140292725790909e-01 7.103948863091258659e+01
7.017887151645432198e-01 -1.535884815591455690e-02 -7.122195557422876799e-01 -3.982471856807872257e+01 -2.115349438505472954e-02 9.988774225284906549e-01 -4.238424795290426927e-02 -4.956412699753821371e+00 7.120710196277337811e-01 4.481071908257230896e-02 7.006760106457989856e-01 7.184786642293614989e+01
6.965354020387856115e-01 -1.810420207294270029e-02 -7.172939857419607934e-01 -4.065960270659007136e+01 -2.028074971227173534e-02 9.987854794956715354e-01 -4.490275239581220657e-02 -5.020528638038025626e+00 7.172357583651417512e-01 4.582361628979508134e-02 6.953222797177411874e-01 7.263773369196553631e+01
6.916622944685546504e-01 -2.002114972816450983e-02 -7.219434979744527858e-01 -4.149548818633608960e+01 -2.071530559808037672e-02 9.986544403731022479e-01 -4.754140163512800971e-02 -5.086587178601067905e+00 7.219239259237647532e-01 4.783787494050478067e-02 6.903168783783975027e-01 7.341511021614961408e+01
6.866042619955743387e-01 -2.025625110889649888e-02 -7.267491051759107368e-01 -4.234082112446777302e+01 -2.190770962040358011e-02 9.985814189029658117e-01 -4.853042463602999512e-02 -5.154098952487494500e+00 7.267012096347765793e-01 4.924260458203588015e-02 6.851864911113202394e-01 7.420627017913714951e+01
6.817934390364793762e-01 -2.046861275530093352e-02 -7.312583212783745346e-01 -4.319637463221174301e+01 -2.055897259294451815e-02 9.986775380221524223e-01 -4.712222117236388591e-02 -5.226894247923862480e+00 7.312557990647488015e-01 4.716154081838376533e-02 6.804709805049348192e-01 7.498137172168316056e+01
6.765157430916743930e-01 -2.033056805298622677e-02 -7.361474765888756933e-01 -4.405222458352683645e+01 -2.019344793714255432e-02 9.987308505113624557e-01 -4.614014444420638100e-02 -5.294242065285025944e+00 7.361512634427425095e-01 4.607988963828898998e-02 6.752466002388300970e-01 7.576746065431242982e+01
6.713490311088641249e-01 -2.133589569759605092e-02 -7.408341567462867205e-01 -4.494407561513945382e+01 -1.915334836379498432e-02 9.987522326213847945e-01 -4.612078826317859287e-02 -5.374957767789141805e+00 7.408938091642528478e-01 4.515260097746404133e-02 6.701026908760183698e-01 7.656168868060672139e+01
6.666067641520261322e-01 -2.142106855246218161e-02 -7.451017041436975852e-01 -4.579993469103122550e+01 -1.968470848602380321e-02 9.987325096926169543e-01 -4.632371278004813325e-02 -5.433549457289084117e+00 7.451496112398448002e-01 4.554680989761031307e-02 6.653401800864217064e-01 7.732229920931625600e+01
6.621971426668484817e-01 -2.225523839269119564e-02 -7.489990909323709367e-01 -4.671536502754945275e+01 -1.869396891159677554e-02 9.987570957442728492e-01 -4.620388788283275039e-02 -5.509519839177803746e+00 7.490964482406555769e-01 4.459784802477752969e-02 6.609580573277927806e-01 7.810405938163317785e+01
6.585792373206936778e-01 -2.319486327020204089e-02 -7.521538247040407965e-01 -4.759966552762808334e+01 -1.727574917245713534e-02 9.987953916256347986e-01 -4.592727058796786110e-02 -5.575052888866268930e+00 7.523130636532233684e-01 4.324076740428957344e-02 6.573851996632629202e-01 7.887304830396858790e+01
6.545274664151160549e-01 -2.593367506731677694e-02 -7.555932964548999209e-01 -4.850511771454656440e+01 -1.441676599052769091e-02 9.988016644946192679e-01 -4.676956147068017655e-02 -5.644094712928976243e+00 7.559007618379749438e-01 4.150517405038069846e-02 6.533692442401461964e-01 7.964517331236702091e+01
6.500941163779604404e-01 -3.032865767921617134e-02 -7.592481819035535873e-01 -4.941068350557094391e+01 -1.154774860544230224e-02 9.986933958712204129e-01 -4.978102606688838971e-02 -5.725363022403473501e+00 7.597659499079810752e-01 4.112995902025268213e-02 6.488944740639908115e-01 8.041875261791602725e+01
6.453639025092462456e-01 -3.466991150033296026e-02 -7.630880813029140564e-01 -5.031547496561864108e+01 -7.530115353582320960e-03 9.986322009826353874e-01 -5.173997027957062678e-02 -5.797000793845104916e+00 7.638381635537520031e-01 3.913725012709150936e-02 6.442201070272195462e-01 8.118029786074031051e+01
6.387857677979184023e-01 -3.820764129503342876e-02 -7.684353636571965573e-01 -5.124569975873634320e+01 -2.329696665014558202e-03 9.986655477846697604e-01 -5.159162889744201702e-02 -5.873749982758302401e+00 7.693811311232781058e-01 3.474621925346280810e-02 6.378443275711441762e-01 8.194731453858678094e+01
6.303114650741342695e-01 -4.192209587114786862e-02 -7.752096386204717637e-01 -5.218561256372747437e+01 2.553596310806696777e-03 9.986475161382429855e-01 -5.192896723482360449e-02 -5.956839388239225208e+00 7.763381646511867684e-01 3.075185057688807969e-02 6.295660321798133285e-01 8.272884023017756761e+01
6.214256165877377613e-01 -4.300446015290174812e-02 -7.822920223316764954e-01 -5.312617430567604515e+01 5.138748355619290366e-03 9.986946802608852591e-01 -5.081858775331358352e-02 -6.037043965675010782e+00 7.834563205853430912e-01 2.755996998371451276e-02 6.208354476540468569e-01 8.345307531779023691e+01
6.127058182583469126e-01 -4.246055982886276503e-02 -7.891696076860064135e-01 -5.407486610301409513e+01 7.060908875789580035e-03 9.988099449881367997e-01 -4.825802870256936522e-02 -6.098795709430452128e+00 7.902795290159783104e-01 2.399571983615321480e-02 6.122764758736997104e-01 8.419840065302526000e+01
6.036571229858740395e-01 -4.166449342871892531e-02 -7.961545931733532422e-01 -5.505903232046269835e+01 5.969637393870646028e-03 9.988417052592181156e-01 -4.774527455342973681e-02 -6.187544025431654937e+00 7.972217079549808183e-01 2.406902039685787989e-02 6.032066331442802465e-01 8.492447875452501194e+01
5.942456324209345331e-01 -4.274185154870586284e-02 -8.031470915471482508e-01 -5.605024211960439118e+01 4.517470278952677790e-03 9.987485497615349317e-01 -4.980890272508278066e-02 -6.255856999214905123e+00 8.042709315559286587e-01 2.597052935154288769e-02 5.936950497472427424e-01 8.565763817162758187e+01
5.841366438938271344e-01 -4.516659199410629627e-02 -8.103976482051277186e-01 -5.705266557635648184e+01 6.007648230744532837e-03 9.986637250459996507e-01 -5.132906014445937082e-02 -6.342858796516358311e+00 8.116331068724295106e-01 2.511460048481908500e-02 5.836274228542202014e-01 8.635887984518380733e+01
5.743880283046191026e-01 -4.606003168778310258e-02 -8.172862743373389138e-01 -5.806272277033699680e+01 4.734653123834834873e-03 9.985859363561633284e-01 -5.295007788399112847e-02 -6.411613704918266876e+00 8.185694759443784552e-01 2.654432338612849884e-02 5.737938864894991386e-01 8.707344708938516931e+01
5.642353001234289289e-01 -4.702751796567045811e-02 -8.242735748853400324e-01 -5.906961671102104106e+01 7.599418881703775240e-03 9.986299570836295603e-01 -5.177313608355253727e-02 -6.492019532521692504e+00 8.255790610743294344e-01 2.294823033358379255e-02 5.638196565058928300e-01 8.777066278810976030e+01
5.542365314956277933e-01 -4.709365101367699730e-02 -8.310258976755177107e-01 -6.011405363979443450e+01 9.099401599850070674e-03 9.986812978725093659e-01 -5.052589574239352982e-02 -6.572915675178937711e+00 8.323094853506962654e-01 2.044145832179660241e-02 5.539341838062260548e-01 8.844363168858781421e+01
5.433812127174579842e-01 -4.758370567390494965e-02 -8.381364064627532251e-01 -6.116506692077822294e+01 9.890692505077397848e-03 9.986858688718480703e-01 -5.028627533031863883e-02 -6.660143151200353273e+00 8.394278071640146610e-01 1.903486727801378953e-02 5.431377755230477611e-01 8.914618666162338911e+01
5.331170972265344421e-01 -4.867520012915978883e-02 -8.446400846349688685e-01 -6.219606925844735201e+01 9.325949666704504148e-03 9.986210532811412577e-01 -5.166254519088627623e-02 -6.735983218805717598e+00 8.459900703188254489e-01 1.966511469289234856e-02 5.328359008005327802e-01 8.977240039253504733e+01
5.227770656213572842e-01 -4.913616134430962012e-02 -8.510521512586584070e-01 -6.328756356377278536e+01 8.052911446272041293e-03 9.985775506407946756e-01 -5.270698192899272994e-02 -6.817683008085095864e+00 8.524314061807095610e-01 2.070055322650127261e-02 5.224291320638436709e-01 9.042696059232953587e+01
5.129560046574623833e-01 -4.977804674239341004e-02 -8.569704020753324825e-01 -6.438035385628990070e+01 6.475372269996540822e-03 9.985132390034076044e-01 -5.412375690232251735e-02 -6.903770835265434336e+00 8.583904816500250723e-01 2.221390321589272743e-02 5.125156942567024032e-01 9.105891130186286375e+01
