1 0 0 0 0 1 0 0 0 0 1 0
0.99994093 -0.002203844 0.01064297 0.01158018 0.002192301 0.999997 0.0010961241 -0.0066597039 -0.010645355 -0.0010727268 0.99994276 0.29155074
0.99984762 -0.0040130227 0.016989075 0.021865808 0.0039910883 0.99999116 0.0013248153 -0.010838746 -0.016994243 -0.0012568086 0.9998548 0.58612715
0.99978205 -0.0070760672 0.019641508 0.027546846 0.0070806044 0.99997492 -0.00016144239 -0.016468906 -0.019639875 0.00030048098 0.99980707 0.8892066
0.99981174 -0.0081513199 0.017607813 0.031304289 0.0081763496 0.99996566 -0.0013499581 -0.020410191 -0.017596206 0.0014936716 0.99984406 1.1949553
0.99987943 -0.011188789 0.010767359 0.032125189 0.011225719 0.99993129 -0.0033754406 -0.023339464 -0.010728853 0.0034959051 0.99993633 1.510704
0.99992664 -0.012070634 -0.0010092322 0.018402093 0.012065986 0.99991711 -0.0044919317 -0.032260404 0.0010633691 0.0044794248 0.9999894 1.8372388
0.99979376 -0.011463397 -0.016763843 -0.0036739761 0.011385028 0.99992384 -0.0047629309 -0.03949864 0.016817167 0.0045710919 0.99984813 2.1676431
0.99932396 -0.0074074825 -0.036010403 -0.04401438 0.007221321 0.9999599 -0.0052969913 -0.043399817 0.0360482 0.0050333677 0.99933738 2.5059111
0.99844675 -0.0039840714 -0.055571652 -0.084008069 0.0036395217 0.99997353 -0.0062999306 -0.050966161 0.055595285 0.0060878911 0.99843483 2.8571812
0.99714833 -0.0031585205 -0.07540041 -0.12872125 0.0026764121 0.99997533 -0.0064941662 -0.054234688 0.075419069 0.0062738445 0.99713219 3.2113393
0.99536258 -0.0041881366 -0.096103045 -0.17993637 0.0036273985 0.99997537 -0.0060087265 -0.059805557 0.096125852 0.0056322574 0.99535325 3.5961726
0.99323857 -0.0053591084 -0.11596732 -0.24184164 0.0047987297 0.99997543 -0.005110867 -0.070432957 0.11599187 0.0045198145 0.99323988 3.9868008
0.99110521 -0.0045925136 -0.13300141 -0.31205223 0.0040237454 0.99998158 -0.0045448707 -0.077429353 0.13301984 0.0039692812 0.99110543 4.3806143
0.98877461 -0.0034270594 -0.14937547 -0.39112742 0.0028776294 0.99998828 -0.0038941638 -0.085658602 0.14938708 0.003420603 0.98877288 4.7918693
0.98667961 -0.002963675 -0.16264857 -0.47320985 0.0023341633 0.99998903 -0.0040613411 -0.093029308 0.16265884 0.0036275941 0.9866757 5.2007954
0.98461465 -0.0038861801 -0.17469658 -0.56799116 0.0030702304 0.99998308 -0.0049406849 -0.09956637 0.17471284 0.0043283119 0.98460992 5.6503162
0.98280225 -0.0071543776 -0.18452247 -0.65580261 0.0059610235 0.99995758 -0.0070211895 -0.1125869 0.18456489 0.0058004981 0.98280321 6.0945417
0.98134019 -0.0064989097 -0.1921697 -0.75146418 0.0049297428 0.9999505 -0.0086425359 -0.12129688 0.19221637 0.0075339207 0.98132365 6.5473727
0.97979242 -0.0064961048 -0.1999115 -0.86245983 0.0044438975 0.99993274 -0.010712595 -0.12458091 0.19996766 0.0096077337 0.97975539 7.0271326
0.97820122 -0.0071531121 -0.20753602 -0.96794415 0.0045143464 0.99990288 -0.013185559 -0.13595444 0.2076102 0.011961241 0.97813851 7.4970314
0.97625307 -0.010824418 -0.21636261 -1.0882228 0.0077621655 0.99985739 -0.014998143 -0.14687212 0.21649412 0.012962541 0.97619787 7.9969694
0.97442395 -0.016373357 -0.22412024 -1.202761 0.013092055 0.99978436 -0.016119092 -0.16265567 0.22433586 0.012772635 0.97442819 8.5052508
0.97259687 -0.017171098 -0.23186307 -1.333943 0.013257279 0.9997423 -0.018427627 -0.18808996 0.23211976 0.014848779 0.97257387 9.0275576
0.97062492 -0.013697803 -0.24020746 -1.4840144 0.0084890246 0.99970615 -0.022705869 -0.19397312 0.24044792 0.019999756 0.97045598 9.5755608
0.9684377 -0.010901375 -0.2490172 -1.6374535 0.0045624606 0.99965104 -0.026018734 -0.20809221 0.24921397 0.024061393 0.9681495 10.096273
0.96606669 -0.01339404 -0.25794522 -1.797778 0.0064067931 0.99958992 -0.027909638 -0.23226738 0.25821329 0.025309971 0.96575634 10.660808
0.96372816 -0.015207951 -0.26645213 -1.9629898 0.0076214748 0.99953622 -0.029483227 -0.2615162 0.26677695 0.026383058 0.96339711 11.22595
0.96160895 -0.015039801 -0.27401098 -2.1380398 0.0064449528 0.99945937 -0.032240116 -0.28470174 0.27434775 0.029236397 0.96118601 11.797132
0.95923193 -0.014333133 -0.28225636 -2.3249193 0.0043929146 0.99934866 -0.035818406 -0.30865257 0.28258593 0.033118231 0.95867011 12.39605
0.95713405 -0.015447009 -0.28923312 -2.5110748 0.0038133647 0.99916239 -0.040742808 -0.33964928 0.28962023 0.037893378 0.95639125 12.97101
0.95531071 -0.01655017 -0.29513985 -2.7099388 0.0024909161 0.99884671 -0.0479484 -0.38002747 0.29559305 0.045070452 0.95425018 13.596957
0.9539671 -0.016852896 -0.29943737 -2.9203894 -5.560794e-05 0.99840997 -0.05636954 -0.4135178 0.29991128 0.053791339 0.95244933 14.218435
0.95268474 -0.017176474 -0.30347446 -3.1235241 -0.0026423358 0.99789638 -0.064775315 -0.46094042 0.3039487 0.062512337 0.95063526 14.822581
0.95116605 -0.016436548 -0.30824174 -3.3508214 -0.0066087051 0.99726809 -0.07357089 -0.50552358 0.30860893 0.072015213 0.94845893 15.465812
0.94985775 -0.015075055 -0.31231874 -3.5761487 -0.010800518 0.99665927 -0.08095463 -0.56559391 0.31249578 0.080268588 0.94652171 16.096475
0.94832451 -0.014119784 -0.31698776 -3.8188492 -0.014355194 0.99607732 -0.087314975 -0.62804205 0.31697721 0.087353353 0.94440185 16.779717
0.9467594 -0.012702713 -0.32169128 -4.0583724 -0.018337246 0.99547139 -0.093276218 -0.69888459 0.32141935 0.09420907 0.94223896 17.448815
0.94515179 -0.010655089 -0.32645759 -4.3047768 -0.022855896 0.99486042 -0.09864257 -0.77328649 0.3258308 0.10069368 0.94005057 18.112633
0.94338903 -0.0076647999 -0.33159971 -4.5796579 -0.027704728 0.99441857 -0.10180453 -0.85041684 0.33052925 0.10522816 0.93791122 18.817702
0.9416782 -0.0077782727 -0.33642481 -4.8324884 -0.028639311 0.99425331 -0.10315109 -0.92759657 0.33529385 0.10677011 0.9360439 19.496046
0.93938964 -0.0062450688 -0.34279453 -5.1159323 -0.030681633 0.99429125 -0.10219364 -1.0149844 0.34147584 0.10651715 0.93383529 20.223935
0.93711055 -0.0070637408 -0.34896119 -5.3966169 -0.030029408 0.99445627 -0.10077182 -1.0993548 0.3477385 0.10491344 0.93170334 20.952471
0.93458727 -0.0065956528 -0.35567276 -5.6750171 -0.03059262 0.9946338 -0.098831663 -1.183152 0.35441604 0.10324778 0.92937031 21.648905
0.93191012 -0.0061328323 -0.36263743 -5.9518861 -0.030669787 0.99494322 -0.095641816 -1.2671075 0.36139024 0.10025159 0.92700956 22.358062
0.92813927 -0.0032558304 -0.37221886 -6.3107621 -0.032852303 0.99534311 -0.090624583 -1.3542496 0.37078056 0.096340483 0.92371007 23.193909
0.9247929 -0.0021699395 -0.38046467 -6.620435 -0.032593691 0.99585581 -0.084905015 -1.4335374 0.37907222 0.090920305 0.92088966 23.906446
0.92149074 0.0011785323 -0.38839852 -6.9477394 -0.035371432 0.99609459 -0.080897618 -1.505339 0.38678636 0.088284619 0.91793363 24.661452
0.91752907 0.0016625792 -0.39766521 -7.2838238 -0.03598629 0.99623551 -0.078865697 -1.5794912 0.39603712 0.086672067 0.91413487 25.394319
0.9137028 0.0037180088 -0.40636604 -7.6478002 -0.038845248 0.99617841 -0.078228015 -1.661605 0.40452225 0.087262547 0.91035543 26.167679
0.91018666 0.0034971194 -0.41418354 -7.998975 -0.038950703 0.99625572 -0.077184096 -1.7291534 0.41236284 0.086384675 0.90691488 26.905875
0.90620672 0.0035023276 -0.4228204 -8.3931398 -0.039072007 0.99638096 -0.075487512 -1.8016992 0.42102585 0.084927734 0.90306397 27.70983
0.90220408 0.0044930749 -0.43128598 -8.7799468 -0.039934366 0.99652061 -0.073156803 -1.8777128 0.4294567 0.083225499 0.89924439 28.490863
0.89845632 0.0042917505 -0.43904191 -9.1696511 -0.038445442 0.99688043 -0.06893006 -1.9509236 0.4373765 0.078809809 0.89581853 29.273873
0.89470668 0.004835327 -0.44662798 -9.5823481 -0.037071849 0.99729514 -0.063467093 -2.0145079 0.44511307 0.073341759 0.89246588 30.089947
0.89136084 0.0049164724 -0.45326776 -9.9905572 -0.03564547 0.99760496 -0.059276831 -2.0784203 0.45189077 0.068993989 0.88940125 30.866932
0.88774754 0.0043713611 -0.46030988 -10.424638 -0.034562331 0.99776539 -0.057181108 -2.1436014 0.45903135 0.066671771 0.88591485 31.674511
0.88421317 0.0054030024 -0.46705231 -10.873283 -0.035788242 0.9977773 -0.056210919 -2.2117801 0.46571052 0.066417417 0.88244119 32.502081
0.88133516 0.0050811506 -0.47246428 -11.318598 -0.034854082 0.99791702 -0.054284653 -2.2637362 0.47120435 0.064310283 0.87967645 33.318308
0.87786273 0.0032568132 -0.47890125 -11.802035 -0.032540099 0.99807157 -0.052861013 -2.3232156 0.47780561 0.061988208 0.8762758 34.161552
0.87536023 0.0015611335 -0.48346872 -12.275654 -0.030874137 0.99813421 -0.05267718 -2.3825151 0.48248447 0.061038189 0.8737752 34.996805
0.87327807 0.0021225907 -0.48721749 -12.758312 -0.032065158 0.99807294 -0.053124728 -2.4490305 0.48616587 0.062015366 0.87166327 35.850645
0.87190357 0.0015830773 -0.48967503 -13.249939 -0.031943693 0.99804865 -0.05365156 -2.5086946 0.48863461 0.062421016 0.87025275 36.700908
0.8715777 0.0023057728 -0.49025195 -13.761752 -0.032300637 0.99808626 -0.052730342 -2.5680744 0.48919219 0.061794041 0.8699842 37.570604
0.87165218 0.0013858951 -0.49012298 -14.276327 -0.030369278 0.99822722 -0.051187169 -2.6286716 0.4891832 0.059502089 0.87014902 38.469168
0.87138407 0.0012707574 -0.4905998 -14.797778 -0.029881848 0.99827747 -0.050489208 -2.6947367 0.48969061 0.058655521 0.86992106 39.372793
0.87081213 -0.0010360138 -0.49161483 -15.299962 -0.027685917 0.99830742 -0.051144696 -2.7574316 0.49083576 0.05814823 0.86930953 40.257531
0.86981708 -0.003315763 -0.49336319 -15.82874 -0.025594038 0.99832776 -0.051832703 -2.8204874 0.49271008 0.057712127 0.86827767 41.185248
0.86842453 -0.0036691087 -0.49580779 -16.34383 -0.024306905 0.99845523 -0.049963216 -2.8843811 0.49522524 0.055440836 0.86699383 42.090647
0.86577721 -0.0031129233 -0.50041993 -16.89756 -0.023257874 0.99864979 -0.046450701 -2.9486565 0.4998889 0.051854663 0.86453583 43.007659
0.8635379 -0.0040993014 -0.50426726 -17.435625 -0.019778177 0.99892226 -0.041989812 -3.0116727 0.50389596 0.046233282 0.86252616 43.920292
0.86029247 -0.0057792228 -0.50976803 -17.976042 -0.016885786 0.99906406 -0.039823069 -3.0714859 0.5095211 0.042867321 0.8593897 44.825135
0.85416266 -0.0075196199 -0.51995151 -18.534779 -0.016675907 0.99898506 -0.041842217 -3.1350746 0.51973847 0.044410724 0.85317034 45.722367
0.84917408 -0.010518832 -0.52800824 -19.098522 -0.015979921 0.99883204 -0.045598303 -3.1965026 0.52787124 0.047158428 0.84801419 46.615892
0.84283718 -0.010225644 -0.53807147 -19.694887 -0.016619622 0.99884804 -0.045015392 -3.2586831 0.53791199 0.046883191 0.84169632 47.516471
0.83691932 -0.0080192657 -0.5472675 -20.278577 -0.01671808 0.99905155 -0.040205827 -3.3135294 0.54707092 0.042798296 0.83599147 48.405329
0.83218964 -0.0053664576 -0.55446513 -20.87791 -0.016811595 0.99924927 -0.03490366 -3.3722023 0.55423624 0.038367908 0.83147467 49.289604
0.82764692 -0.0032604927 -0.56123962 -21.493959 -0.020678325 0.99912704 -0.036298216 -3.4309556 0.56086808 0.041647602 0.826857 50.167349
0.82454035 -0.0053678213 -0.56577766 -22.103245 -0.021477869 0.99893735 -0.040778361 -3.4842301 0.56539538 0.045775103 0.82354887 51.039758
0.82200837 -0.0071863299 -0.56943003 -22.713178 -0.024374868 0.99856002 -0.047788709 -3.553826 0.56895354 0.053162501 0.82064953 51.882351
0.81909035 -0.0085849914 -0.57360027 -23.328868 -0.024276574 0.99847356 -0.049610494 -3.6144049 0.57315066 0.054560527 0.81763164 52.758873
0.81561954 -0.0065767843 -0.5785512 -23.962872 -0.02447605 0.99864808 -0.045857715 -3.6831382 0.57807069 0.051563096 0.81435591 53.622039
0.8122322 -0.0058453164 -0.58330494 -24.611975 -0.021564141 0.99896544 -0.04003799 -3.7404735 0.58293556 0.045098615 0.81126585 54.492302
0.80948203 -0.0035778091 -0.58713373 -25.235984 -0.022240199 0.99907696 -0.036750651 -3.7995811 0.58672332 0.042806963 0.80865527 55.349209
0.80693416 -0.002969362 -0.59063391 -25.868768 -0.023850504 0.99900793 -0.037607391 -3.8517987 0.59015968 0.044433605 0.8060628 56.191536
0.80318568 -0.0036591203 -0.5957175 -26.535033 -0.024477421 0.99893397 -0.039137899 -3.9121108 0.59522571 0.046016629 0.8022399 57.076798
0.79924566 -0.005770459 -0.60097674 -27.194653 -0.024112028 0.99884096 -0.041657523 -3.9747602 0.60052062 0.047785363 0.79818016 57.921674
0.79617319 -0.0071515428 -0.60502651 -27.851963 -0.023072945 0.99884404 -0.042168953 -4.0320965 0.60462875 0.047533533 0.79508784 58.775771
0.791374 -0.0076128039 -0.61128488 -28.514256 -0.022206327 0.99890459 -0.041188608 -4.0911498 0.61092889 0.046169986 0.79033807 59.613725
0.78709114 -0.0080797664 -0.61678378 -29.173479 -0.021435033 0.99895203 -0.040439815 -4.1476276 0.6164642 0.045050601 0.7860931 60.441392
0.78128644 -0.0090234731 -0.6241074 -29.872145 -0.021383311 0.99892161 -0.041211227 -4.2111889 0.62380629 0.045543256 0.78025096 61.295101
0.77616746 -0.010683443 -0.63043627 -30.557138 -0.020639453 0.99889015 -0.042337755 -4.2736698 0.63018895 0.045873048 0.77508553 62.131514
0.77072974 -0.010712074 -0.63707212 -31.259073 -0.02164158 0.99884164 -0.04297704 -4.333214 0.63679458 0.04691093 0.76960513 62.955494
0.76539314 -0.011927004 -0.64345244 -31.9774 -0.021326943 0.99880904 -0.043882487 -4.3986513 0.64320956 0.047310229 0.76422722 63.805628
0.76026138 -0.01470582 -0.6494508 -32.687353 -0.019246066 0.99879499 -0.045146051 -4.4605189 0.64933217 0.046822172 0.75906222 64.627061
0.75300641 -0.014859389 -0.65784535 -33.425026 -0.019779327 0.99878208 -0.045200974 -4.5265239 0.65771586 0.047048362 0.75179541 65.456907
0.74847511 -0.014948701 -0.66299435 -34.165177 -0.018865424 0.99886133 -0.043819344 -4.591884 0.66289452 0.045305358 0.74734083 66.278331
0.74124551 -0.014798515 -0.67107083 -34.90502 -0.018655319 0.99891656 -0.042634326 -4.6533498 0.67097475 0.044121544 0.74016634 67.088994
0.73497838 -0.017483561 -0.67786508 -35.68214 -0.016416196 0.99891578 -0.043563466 -4.7197657 0.67789183 0.043146172 0.73389449 67.93169
0.72847988 -0.018873681 -0.68480713 -36.459013 -0.016555447 0.99884348 -0.045139952 -4.7870839 0.68486716 0.044220835 0.72732492 68.725579
0.72354762 -0.015609922 -0.69009791 -37.22495 -0.021328366 0.99876135 -0.044954017 -4.8524989 0.68994491 0.047245033 0.72231846 69.514642
0.71845432 -0.01811913 -0.69533808 -38.011485 -0.017329814 0.99888408 -0.043934872 -4.9086167 0.69535826 0.043615279 0.71733858 70.308056
0.71412801 -0.01702264 -0.6998081 -38.832365 -0.019366052 0.99884121 -0.044058869 -4.9779218 0.69974723 0.045016193 0.71297083 71.107366
0.7086538 -0.017558826 -0.70533781 -39.647881 -0.019806845 0.9988012 -0.044764325 -5.0473062 0.70527833 0.045692926 0.70745649 71.933869
0.70367093 -0.019992136 -0.71024468 -40.479291 -0.019394379 0.99869118 -0.047326268 -5.1167287 0.71026131 0.047076873 0.70236222 72.732756
0.69926669 -0.021474419 -0.71453824 -41.288765 -0.020549754 0.99853177 -0.050119986 -5.1879728 0.7145655 0.049730822 0.69779871 73.52187
0.69434539 -0.021599972 -0.71931765 -42.140203 -0.021672707 0.99846843 -0.050902731 -5.2606692 0.71931552 0.050933638 0.69281382 74.321184
0.68869217 -0.021785799 -0.72472645 -42.991884 -0.020559601 0.99855978 -0.049554777 -5.3335057 0.72476234 0.049028074 0.68725239 75.117864
0.68436937 -0.021526728 -0.72881761 -43.839917 -0.020015105 0.99863277 -0.048290573 -5.4070163 0.72886075 0.04763595 0.68300283 75.885417
0.67984352 -0.022856601 -0.7330009 -44.716539 -0.018649066 0.99865213 -0.048436829 -5.4819268 0.73312007 0.046599247 0.67850093 76.680264
0.67653157 -0.021728909 -0.73609296 -45.571451 -0.021113714 0.99858134 -0.048882653 -5.5530045 0.73611092 0.048612314 0.67511303 77.464744
0.67172287 -0.023337888 -0.74043479 -46.451554 -0.018924563 0.99863685 -0.048644574 -5.6287932 0.7405608 0.046688078 0.67036556 78.275404
0.66732637 -0.025719678 -0.74432115 -47.335691 -0.015516855 0.99870645 -0.048421591 -5.6954375 0.74460378 0.043862528 0.66606406 79.036483
0.66446042 -0.027535671 -0.74681597 -48.225947 -0.014152336 0.99867813 -0.049413697 -5.7709432 0.74718947 0.043402637 0.66319239 79.810221
0.65933983 -0.032601046 -0.75113788 -49.13589 -0.010393896 0.99856874 -0.052463729 -5.8512847 0.75177324 0.042398676 0.65805729 80.598009
0.65432941 -0.036255009 -0.75534002 -50.045594 -0.0073111869 0.99850009 -0.05425974 -5.9269128 0.75617433 0.041026176 0.65308291 81.383554
0.64890699 -0.040959047 -0.75976445 -50.947682 -0.00058120051 0.99852303 -0.054326964 -6.0042946 0.76086755 0.035694723 0.64792477 82.155672
0.63998787 -0.044183926 -0.76711359 -51.881126 0.0037351281 0.99851247 -0.054395808 -6.0913442 0.76837597 0.03194739 0.6392009 82.930545
0.63158935 -0.045372204 -0.77397429 -52.802638 0.0064928857 0.99856066 -0.053239573 -6.1713526 0.77527594 0.028600221 0.63097488 83.672146
0.62309765 -0.044571639 -0.780873 -53.770092 0.0078716678 0.99868175 -0.050722799 -6.2461531 0.78210447 0.025458484 0.6226271 84.434178
0.61380985 -0.044293897 -0.78821029 -54.736107 0.007610823 0.99871038 -0.050196219 -6.3309429 0.78941725 0.024812004 0.61335538 85.185733
0.60745224 -0.044166588 -0.79312738 -55.684218 0.0040897195 0.99861375 -0.052477135 -6.4072462 0.79434571 0.028633685 0.60679079 85.907372
0.59607078 -0.047389718 -0.80153215 -56.698904 0.0065680071 0.99851113 -0.054151494 -6.4900048 0.80290506 0.027013655 0.59549457 86.643404
0.58490047 -0.048544933 -0.80965102 -57.695772 0.0059116546 0.99843599 -0.055593431 -6.5631619 0.81108357 0.027730247 0.58427266 87.343413
0.57637044 -0.050092416 -0.81565177 -58.692967 0.0097926457 0.99847119 -0.054400229 -6.6493762 0.8171299 0.023367295 0.57597982 88.049692
0.56565285 -0.049783009 -0.82313938 -59.737198 0.010851253 0.99853904 -0.052934213 -6.7346087 0.82457211 0.021010295 0.56536667 88.769404
0.55619886 -0.050610181 -0.82950671 -60.762628 0.011529295 0.99851778 -0.053191354 -6.818514 0.83096929 0.020021343 0.55595795 89.449154
0.54602158 -0.051208998 -0.83620453 -61.808307 0.0098370537 0.99845319 -0.054721712 -6.9035012 0.83771339 0.021653447 0.54568074 90.093799
0.53556803 -0.051913861 -0.84289488 -62.869802 0.0090032897 0.99840299 -0.055770987 -6.987541 0.84444413 0.022280331 0.53518012 90.776665
0.52673471 -0.052641332 -0.84839812 -63.911518 0.007567396 0.99833142 -0.057246101 -7.0698096 0.84999608 0.023733344 0.52625417 91.409014
0.51665067 -0.051715503 -0.85463298 -65.000888 0.0051413087 0.99834356 -0.057303637 -7.1663363 0.85618089 0.025212031 0.51606076 92.03382
0.50707142 -0.050265105 -0.86043706 -66.099515 0.005135881 0.9984565 -0.05530127 -7.2471951 0.86188877 0.023622591 0.50654692 92.684841
0.50062417 -0.048540948 -0.8643027 -67.17825 0.0059221164 0.99859532 -0.052652859 -7.3345747 0.86564452 0.021240792 0.50020841 93.289673
0.4917019 -0.049175978 -0.86937386 -68.315741 0.0070402911 0.99859592 -0.052503541 -7.4207313 0.87073517 0.019695445 0.49135772 93.927887
0.48444502 -0.05207332 -0.87327048 -69.409606 0.0082658516 0.99845475 -0.054952623 -7.5081158 0.87478269 0.0194032 0.48412687 94.538183
0.47828063 -0.055021508 -0.87648172 -70.520435 0.009860813 0.99830897 -0.057288393 -7.5955859 0.87815173 0.018757106 0.4780144 95.135354
0.47265189 -0.058693796 -0.87929242 -71.662957 0.012134605 0.99811843 -0.060102776 -7.6906209 0.88116571 0.017737823 0.47247479 95.742819
0.46652935 -0.061339936 -0.88237617 -72.765937 0.012811457 0.9979564 -0.062601034 -7.7854973 0.88441297 0.017900694 0.4663618 96.315271
0.46184827 -0.062595856 -0.88474735 -73.906399 0.015447084 0.99792294 -0.062539471 -7.8853156 0.88682446 0.015216979 0.46185591 96.91267
0.45758953 -0.060817166 -0.88708118 -75.046449 0.017564441 0.9980817 -0.059366827 -7.9859336 0.88899009 0.011584553 0.45777996 97.496799
0.45381832 -0.058181086 -0.8891928 -76.150952 0.020611041 0.99828461 -0.05479983 -8.0814455 0.89085587 0.006541977 0.45423902 98.077013
0.44991573 -0.057908896 -0.89119152 -77.268825 0.022303394 0.99831285 -0.053609742 -8.168363 0.89279251 0.0042432692 0.45044822 98.645734
0.44608128 -0.056712367 -0.89319378 -78.378688 0.021759992 0.99838257 -0.05252378 -8.2610352 0.89472793 0.003993985 0.44659384 99.192928
0.44534856 -0.057033615 -0.8935389 -79.508459 0.025461531 0.99837226 -0.051034737 -8.3492249 0.89499522 -2.262244e-05 0.44607581 99.742902
0.44217282 -0.057085369 -0.89511138 -80.62398 0.028433693 0.99836313 -0.049624351 -8.4317826 0.89647911 -0.0035087834 0.4430722 100.28735
0.43986423 -0.057372478 -0.89622976 -81.726448 0.029858643 0.99833984 -0.049254649 -8.5194085 0.89756782 -0.0050948471 0.44084705 100.817
0.43707429 -0.057546913 -0.8975825 -82.838242 0.031922501 0.99831484 -0.048460653 -8.6016794 0.89885877 -0.0074721733 0.4381748 101.33605
0.43510847 -0.057500485 -0.89854006 -83.919228 0.035976061 0.99827203 -0.046461632 -8.6831813 0.89965905 -0.012110083 0.43642526 101.88359
0.4344651 -0.056598561 -0.89890857 -85.011129 0.037949848 0.9982877 -0.044513719 -8.7644631 0.89988886 -0.014773787 0.43586907 102.41164
0.43134045 -0.057346586 -0.90036477 -86.078819 0.039580832 0.99821975 -0.044617118 -8.843635 0.90132061 -0.01639202 0.43284239 102.91585
0.4317099 -0.058773487 -0.90009564 -87.129627 0.041127893 0.99811971 -0.045448124 -8.9196878 0.90107443 -0.017398633 0.4333154 103.40713
0.43058955 -0.060514293 -0.90051685 -88.20828 0.042645382 0.99799946 -0.046673838 -9.0052817 0.90153984 -0.01830562 0.43230879 103.9158
0.43136315 -0.060500677 -0.90014745 -89.252312 0.040527014 0.99804116 -0.047659199 -9.0837987 0.9012677 -0.015921867 0.43297009 104.4088
0.43306996 -0.061133113 -0.89928476 -90.272616 0.039837424 0.9980206 -0.048660577 -9.1622281 0.90047957 -0.014751755 0.43464813 104.86782
0.43697976 -0.060715805 -0.89741975 -91.288028 0.037587969 0.99808026 -0.049223416 -9.2460476 0.89868565 -0.01222255 0.43842306 105.39283
0.44306116 -0.061317219 -0.89439194 -92.306314 0.036065369 0.99806967 -0.050559146 -9.3241698 0.89576569 -0.0098557825 0.44441733 105.87071
0.44879051 -0.06084222 -0.89156336 -93.311881 0.034234052 0.9981178 -0.050881168 -9.4001089 0.89298106 -0.0076868422 0.45002867 106.36549
0.45563398 -0.0602041 -0.88812897 -94.30344 0.034553723 0.99815454 -0.04993548 -9.4790371 0.88949636 -0.0079358619 0.45687341 106.86863
0.46276949 -0.059484878 -0.88448057 -95.287593 0.033962001 0.99820328 -0.049363915 -9.555393 0.88582789 -0.0071946175 0.46395825 107.38288
0.47209603 -0.058045776 -0.87963399 -96.275572 0.031567817 0.99830302 -0.048934253 -9.6262747 0.88098177 -0.0046664586 0.47312727 107.88776
0.48139677 -0.058499976 -0.87454836 -97.224906 0.032415915 0.9982759 -0.048932915 -9.7015524 0.87590321 -0.004793139 0.48246312 108.43663
0.49208555 -0.058614887 -0.86857127 -98.188019 0.030653708 0.99827863 -0.050001357 -9.7752375 0.87000703 -0.0020199857 0.49303525 108.97316
0.5019752 -0.059531188 -0.86283073 -99.129189 0.028313497 0.99822469 -0.052400577 -9.849896 0.86441848 0.0018740347 0.50276958 109.49643
0.5131846 -0.05970265 -0.85619921 -100.06442 0.025855828 0.99820033 -0.054107025 -9.9280563 0.85788875 0.005629152 0.51380471 110.03832
0.52557073 -0.057854002 -0.84878045 -101.00042 0.023212689 0.99828882 -0.053671233 -10.003599 0.85043321 0.0085055515 0.52601433 110.61223
0.53834643 -0.055030574 -0.84092491 -101.92255 0.021028036 0.99843212 -0.051876123 -10.077126 0.84246128 0.010244326 0.53865955 111.20258
0.5499937 -0.053764721 -0.8334364 -102.83008 0.021727303 0.99850908 -0.050075426 -10.153088 0.83488617 0.0094328429 0.55034186 111.78414
0.56192682 -0.052822246 -0.82549864 -103.71503 0.021716976 0.9985571 -0.049112956 -10.227884 0.82690186 0.0096705523 0.56226316 112.37364
0.573301 -0.052925278 -0.81763367 -104.59107 0.0211845 0.99853546 -0.049781061 -10.30047 0.81907096 0.011218371 0.57358257 112.98545
0.58472237 -0.054174344 -0.80942253 -105.44273 0.021610433 0.99845382 -0.05121488 -10.37493 0.81094561 0.012454515 0.58498902 113.601
0.59576544 -0.055564653 -0.80123408 -106.27133 0.023626149 0.99838474 -0.051669369 -10.441475 0.80281094 0.011852748 0.5961159 114.20725
0.60661198 -0.054618149 -0.7931196 -107.10793 0.022999588 0.99842532 -0.051165445 -10.522793 0.79466532 0.012796148 0.60691296 114.8291
0.61721641 -0.053149854 -0.78499614 -107.94504 0.0227729 0.99850452 -0.049700323 -10.594709 0.78646382 0.012799216 0.61750375 115.47416
0.62629047 -0.051441904 -0.77789069 -108.70827 0.024032536 0.9986203 -0.046689827 -10.658685 0.77921931 0.010546707 0.62666266 116.10652
0.63639662 -0.050594341 -0.76970092 -109.49168 0.024171722 0.99866459 -0.045659261 -10.731299 0.77098321 0.010452403 0.63676973 116.73652
0.64627949 -0.049496308 -0.76149385 -110.26883 0.021891373 0.99868608 -0.046334359 -10.799704 0.76278676 0.0132748 0.64651388 117.39313
0.65579956 -0.048774742 -0.75335776 -111.0427 0.019500382 0.9986722 -0.047682043 -10.867646 0.75468319 0.016579098 0.65587991 118.04638
0.66475683 -0.047774111 -0.74553065 -111.76182 0.018711868 0.99870483 -0.047313138 -10.929868 0.74682546 0.017501461 0.6647898 118.68937
0.67327534 -0.046429216 -0.73793265 -112.47465 0.019090113 0.99878537 -0.045424091 -10.996442 0.7391454 0.016495703 0.6733439 119.3477
0.68233774 -0.044971272 -0.72965249 -113.20697 0.019376393 0.99886794 -0.04344413 -11.057963 0.73078028 0.015505536 0.68243667 120.01
0.69018969 -0.044001125 -0.72228945 -113.89844 0.019154518 0.99891074 -0.042549349 -11.122493 0.72337497 0.015532015 0.69028071 120.67157
0.69752863 -0.042048649 -0.71532208 -114.59988 0.016619779 0.99895758 -0.042515178 -11.17615 0.71636418 0.017767058 0.69750035 121.33193
0.70515085 -0.040778428 -0.70788372 -115.2761 0.015821736 0.99900122 -0.041787921 -11.242656 0.70888081 0.018266838 0.70509174 122.00463
0.71242732 -0.038732733 -0.70067613 -115.93075 0.015848947 0.99910901 -0.039115076 -11.297778 0.70156693 0.01676167 0.71240643 122.66409
0.71976486 -0.036878458 -0.69323769 -116.58231 0.015889015 0.99920155 -0.036657929 -11.351687 0.69403612 0.015370225 0.71977612 123.32955
0.72685762 -0.035777394 -0.68585562 -117.21553 0.015671951 0.9992462 -0.035516438 -11.40911 0.68660937 0.015066698 0.72687042 123.99237
0.73409866 -0.033730963 -0.6782045 -117.83367 0.013569527 0.99929474 -0.035012747 -11.464125 0.67890726 0.016499896 0.73403864 124.66678
0.74192977 -0.031550246 -0.66973484 -118.43892 0.012032611 0.99935792 -0.033748634 -11.512313 0.67036965 0.016980457 0.74183302 125.32969
0.75080082 -0.028773777 -0.65990163 -119.03062 0.011095772 0.99945918 -0.030955373 -11.558546 0.6604355 0.015919202 0.75071404 125.98285
0.76020495 -0.025148742 -0.64919638 -119.60798 0.0089947901 0.99956216 -0.028188462 -11.600248 0.64962109 0.015589623 0.76009831 126.64873
0.77008397 -0.022655087 -0.63754011 -120.15819 0.0072531596 0.99961556 -0.026760412 -11.645341 0.63790133 0.015983584 0.76995224 127.31587
0.77952001 -0.022313798 -0.62597973 -120.69429 0.0062744592 0.99959331 -0.027818245 -11.683747 0.62634593 0.017757194 0.77934299 127.98086
0.78906347 -0.022778681 -0.61388919 -121.20813 0.0060801888 0.99955294 -0.029273757 -11.733179 0.61428162 0.01936629 0.78884921 128.65209
0.79882046 -0.021890224 -0.60117108 -121.7191 0.0056733692 0.99956741 -0.028858259 -11.774616 0.60154279 0.019641902 0.79859909 129.31377
0.80885507 -0.020972481 -0.5876339 -122.23762 0.0059799728 0.99960544 -0.027444426 -11.811265 0.58797768 0.018684528 0.80866134 130.0106
0.8188561 -0.018877208 -0.57368834 -122.7229 0.0055520346 0.9996728 -0.024969506 -11.846979 0.57397203 0.017261295 0.81869297 130.70645
0.82792533 -0.017386202 -0.56056877 -123.19109 0.0057076674 0.99972881 -0.022577006 -11.882622 0.56080933 0.015492535 0.82780004 131.4056
0.83690277 -0.016211423 -0.54711143 -123.65665 0.0062868726 0.99978006 -0.020007545 -11.913391 0.5473155 0.01330475 0.83682062 132.10487
0.84494427 -0.015512362 -0.53462934 -124.10248 0.0071146116 0.99981686 -0.017765713 -11.946121 0.53480706 0.011207357 0.84489989 132.82971
0.85191424 -0.015819117 -0.52344231 -124.55308 0.0084424661 0.99982862 -0.016475835 -11.976324 0.52361328 0.009616854 0.85190179 133.5436
0.85785626 -0.015894277 -0.51364383 -124.96173 0.0088049457 0.99982946 -0.016233407 -12.006162 0.5138143 0.0094033234 0.85784991 134.25414
0.86502648 -0.014653074 -0.50151217 -125.38944 0.0079065608 0.99984743 -0.015575803 -12.032638 0.50166393 0.0095082451 0.86501036 134.98463
0.87094191 -0.013043298 -0.49121282 -125.80397 0.0064601011 0.99986519 -0.01509563 -12.060931 0.49134354 0.0099741321 0.87090876 135.71807
0.8773965 -0.012120664 -0.47961281 -126.22906 0.0058991048 0.9998778 -0.014476946 -12.083044 0.47972971 0.0098727353 0.87736079 136.46174
0.88291926 -0.012637453 -0.46935473 -126.62252 0.0065362857 0.99987167 -0.014626078 -12.110822 0.46947937 0.0098458089 0.88288855 137.2193
0.88775869 -0.01365454 -0.46010656 -127.01952 0.0073129913 0.99985216 -0.015562374 -12.141912 0.46025107 0.010450877 0.8877273 137.97765
0.89226348 -0.014264346 -0.45128969 -127.41735 0.0078708552 0.99984035 -0.016041121 -12.167067 0.4514465 0.01076087 0.89223331 138.74362
0.89565825 -0.013600302 -0.44453494 -127.804 0.0075800774 0.99985395 -0.015317484 -12.191354 0.44467838 0.010349622 0.89563053 139.53033
0.89851611 -0.011921431 -0.43877861 -128.18947 0.0072584752 0.99989797 -0.012303148 -12.219404 0.43888055 0.0078697124 0.89851096 140.32664
0.90200107 -0.0083024049 -0.43165393 -128.57423 0.0052042398 0.99995153 -0.0083580218 -12.238286 0.43170243 0.0052925138 0.90200056 141.14224
0.90505654 -0.0054017253 -0.42525694 -128.97953 0.0034462403 0.99997966 -0.0053675158 -12.25658 0.42527732 0.0033923674 0.90505674 141.95176
0.90829795 -0.002745057 -0.41831482 -129.36453 0.0015690079 0.99999379 -0.0031553114 -12.275977 0.41832092 0.0022096233 0.90829662 142.77793
0.91115052 -0.00082525943 -0.41207285 -129.75131 0.00049855257 0.99999947 -0.00090033276 -12.285371 0.41207341 0.00061489837 0.91115045 143.61304
0.91443084 0.00032865502 -0.40474204 -130.14258 0.00048893347 0.99999804 0.0019166531 -12.299052 0.40474192 -0.001950539 0.91442889 144.47365
0.91797979 0.00050592801 -0.39662682 -130.5201 0.0011651183 0.99999143 0.0039721937 -12.311482 0.39662546 -0.0041085111 0.91797134 145.35623
0.92119412 0.00011970835 -0.38910328 -130.89477 0.0018890827 0.99998679 0.0047800122 -12.322563 0.38909875 -0.0051383678 0.92118173 146.24144
0.92458949 -0.00048455233 -0.38096459 -131.27259 0.002504931 0.99998531 0.0048075003 -12.319848 0.38095669 -0.0053992547 0.92457712 147.13588
0.92853366 -0.0029718957 -0.37123631 -131.64782 0.0050347503 0.9999768 0.0045876652 -12.34419 0.3712141 -0.0061288841 0.92852708 148.05331
0.93223682 -0.0047425902 -0.36181764 -132.01296 0.0062952242 0.99997534 0.0031125241 -12.345513 0.36179399 -0.0051793332 0.93224369 148.9885
0.93646213 -0.0055370978 -0.35072498 -132.36391 0.0064425727 0.99997825 0.0014149195 -12.364101 0.35070955 -0.00358459 0.93647743 149.92295
0.94135052 -0.0039861991 -0.33740673 -132.72354 0.0042732037 0.99999086 0.00010793943 -12.376378 0.33740325 -0.0015434168 0.94135895 150.8906
0.94705383 -0.00053253529 -0.32107437 -133.06971 0.001044565 0.99999844 0.0014224886 -12.385605 0.32107314 -0.0016825566 0.94705291 151.87306
0.95306167 0.0030724102 -0.30276063 -133.38616 -0.0018674621 0.99998914 0.0042692815 -12.38861 0.30277049 -0.0035034949 0.95305706 152.88354
0.95920029 0.0062114933 -0.28265919 -133.69714 -0.0047021995 0.99997084 0.006017711 -12.400447 0.28268835 -0.0044430705 0.95920153 153.89254
0.96531662 0.0080486104 -0.26095793 -133.99537 -0.0064373348 0.99995458 0.0070286378 -12.414696 0.26100267 -0.0051049876 0.96532458 154.93483
0.97081711 0.0093830165 -0.23963741 -134.2654 -0.0075924008 0.99993594 0.0083942788 -12.410548 0.23970085 -0.0063298865 0.97082616 155.98159
0.97594223 0.010010145 -0.21779936 -134.50799 -0.0078789674 0.99991223 0.010651316 -12.428269 0.21788689 -0.0086790355 0.97593544 157.05409
0.98066618 0.012033779 -0.19531778 -134.74036 -0.0094351263 0.99985424 0.014229714 -12.422049 0.19546056 -0.012111752 0.98063677 158.15526
0.98482231 0.013884556 -0.17300935 -134.94529 -0.010836228 0.99976918 0.018551551 -12.429031 0.17322701 -0.016395213 0.98474545 159.25123
0.98847516 0.015424412 -0.15059527 -135.1216 -0.012286466 0.99968804 0.021745266 -12.416965 0.15088371 -0.019644373 0.98835632 160.38146
0.99158046 0.016861355 -0.1283896 -135.28112 -0.014180934 0.99966258 0.021762893 -12.408642 0.12871324 -0.019758976 0.99148499 161.50947
0.99418332 0.016905716 -0.10636596 -135.41425 -0.01486787 0.99969097 0.019922769 -12.404018 0.10666991 -0.01822545 0.99412744 162.65982
0.99622197 0.016862471 -0.085190589 -135.53369 -0.015324543 0.99970817 0.018674657 -12.391356 0.085480635 -0.017298597 0.99618965 163.81605
0.99777124 0.015531952 -0.064894551 -135.60922 -0.014222612 0.99968684 0.02058996 -12.38708 0.065194036 -0.019621101 0.99767968 164.99541
0.99888476 0.015828541 -0.044482506 -135.6766 -0.014843648 0.99963923 0.022384938 -12.377953 0.044820783 -0.021699691 0.99875934 166.18664
0.9995745 0.016376992 -0.024137222 -135.70227 -0.015815584 0.99960413 0.023269235 -12.372478 0.024508749 -0.02287759 0.99943781 167.39596
0.99983685 0.017709309 -0.003557599 -135.73643 -0.017619251 0.99955848 0.02392484 -12.363063 0.003979721 -0.023858255 0.99970743 168.61019
0.99968294 0.017887949 0.017721213 -135.71663 -0.018317344 0.99953513 0.024372037 -12.347873 -0.017277011 -0.024688916 0.99954588 169.84526
0.99910589 0.02012501 0.037180787 -135.68846 -0.021020235 0.99949464 0.023845627 -12.335617 -0.036682107 -0.024605855 0.99902401 171.06852
0.99814443 0.021169299 0.057092458 -135.63901 -0.022484261 0.99949423 0.022488893 -12.321485 -0.056587513 -0.023730846 0.99811557 172.33577
0.99682766 0.021285897 0.076691047 -135.54939 -0.022918516 0.99952772 0.020471293 -12.312855 -0.076219084 -0.022163997 0.99684473 173.60308
0.99515681 0.023232376 0.095515351 -135.43396 -0.025050177 0.99952635 0.017876502 -12.30603 -0.095054805 -0.020182599 0.99526743 174.87745
0.99320627 0.023694792 0.11392919 -135.31151 -0.025682578 0.99954192 0.016011332 -12.29924 -0.11349763 -0.018828551 0.99335984 176.15634
0.99072228 0.023679504 0.13382314 -135.14344 -0.025687792 0.99958153 0.013300174 -12.305204 -0.13345221 -0.0166144 0.99091598 177.45378
0.98813094 0.024877809 0.15158608 -134.9697 -0.026387164 0.99962016 0.0079533198 -12.301943 -0.15133065 -0.011858848 0.98841206 178.75005
0.98502277 0.026493103 0.17037678 -134.7593 -0.027128068 0.99963099 0.0013994673 -12.323003 -0.17027685 -0.0060005 0.98537799 180.0469
0.98197072 0.029024969 0.18679149 -134.5204 -0.028772729 0.99957773 -0.0040619434 -12.331535 -0.18683052 -0.0013857913 0.98239118 181.35505
0.97848804 0.030945464 0.20396942 -134.26774 -0.029972723 0.99951983 -0.0078573315 -12.364666 -0.20411465 0.0015747861 0.97894573 182.66487
0.97453562 0.03310756 0.22177516 -133.98454 -0.031474261 0.99944517 -0.01089574 -12.387986 -0.22201286 0.0036380778 0.97503695 183.98488
0.97051607 0.032650396 0.23881481 -133.67328 -0.031001679 0.99946251 -0.01065772 -12.420291 -0.23903445 0.0029398283 0.97100664 185.32537
0.96608482 0.031514567 0.25629465 -133.32344 -0.029527631 0.99949668 -0.011598021 -12.450503 -0.25653118 0.0036368984 0.96652912 186.66728
0.96119019 0.031271652 0.27410855 -132.95398 -0.027923641 0.99948026 -0.016108475 -12.503942 -0.27446985 0.0078291999 0.96156384 188.02054
0.95658472 0.032636054 0.28962139 -132.56429 -0.027937392 0.99940263 -0.020344067 -12.552014 -0.29011235 0.011369557 0.95692506 189.35475
0.95133755 0.035032194 0.30615292 -132.16315 -0.030060959 0.99932872 -0.020939081 -12.589115 -0.30668098 0.010716884 0.95175203 190.69651
0.94558208 0.036579035 0.32332105 -131.73016 -0.031482177 0.99928406 -0.020981825 -12.641565 -0.3238571 0.0096611874 0.94605669 192.03318
0.93930538 0.040861603 0.34064016 -131.26852 -0.034549677 0.99910072 -0.024577728 -12.681554 -0.34133814 0.011316985 0.93987244 193.37548
0.93264455 0.04188376 0.3583572 -130.76452 -0.034136998 0.9990271 -0.027919986 -12.747899 -0.35917798 0.013806184 0.93316696 194.72767
0.92629061 0.042548018 0.37440001 -130.249 -0.033455039 0.99896689 -0.030755808 -12.801242 -0.37532184 0.01596325 0.92675709 196.06834
0.91879824 0.042658493 0.39241565 -129.68951 -0.031210081 0.99888183 -0.035510886 -12.875828 -0.39349173 0.020380016 0.91910224 197.40053
0.91048053 0.046013091 0.41098417 -129.12058 -0.031652522 0.99862939 -0.041682923 -12.955713 -0.41233886 0.024942805 0.91068904 198.72743
0.90049788 0.049834273 0.43199548 -128.50637 -0.033502385 0.99840972 -0.045338895 -13.041244 -0.43356795 0.026354701 0.90073541 200.0397
0.88853302 0.052527649 0.4557959 -127.86478 -0.035029436 0.99829175 -0.046760206 -13.119622 -0.45747353 0.025581715 0.8888552 201.3727
0.87551126 0.057014125 0.47982226 -127.18033 -0.037935326 0.99805968 -0.049373898 -13.216234 -0.4817063 0.025025191 0.87597534 202.68043
0.8613741 0.061221755 0.50426832 -126.47527 -0.040314932 0.9978185 -0.05227765 -13.311609 -0.50636883 0.024701072 0.86196316 203.95992
0.84626735 0.064951258 0.52878435 -125.71215 -0.041759826 0.99757383 -0.055700777 -13.416735 -0.53111931 0.025055807 0.84692651 205.24836
0.83170629 0.066472796 0.55122227 -124.92848 -0.041262882 0.99746193 -0.058026477 -13.518971 -0.55368046 0.025515967 0.83233822 206.50141
0.81532207 0.067480827 0.57506193 -124.07734 -0.040136722 0.99738314 -0.060132454 -13.628846 -0.57761491 0.025946217 0.81589695 207.7338
0.79953103 0.069786103 0.59655679 -123.21232 -0.038608632 0.99714444 -0.0649025 -13.746981 -0.59938263 0.028859322 0.79994227 208.97387
0.78316502 0.072200405 0.61760798 -122.3036 -0.036730765 0.99687327 -0.069960891 -13.872028 -0.62072815 0.03210571 0.78336825 210.16255
0.76667317 0.074098086 0.63774735 -121.35816 -0.035007668 0.99666472 -0.073714943 -14.001788 -0.64108248 0.034189223 0.76671011 211.32881
0.75046251 0.075752134 0.65655738 -120.38102 -0.033342057 0.99648415 -0.076861275 -14.1427 -0.66007149 0.035790533 0.75034972 212.49624
0.73481272 0.076319125 0.67396263 -119.36206 -0.031281666 0.99640535 -0.078726351 -14.279599 -0.67754835 0.036766451 0.73455871 213.63872
0.71873154 0.076718424 0.69104212 -118.33632 -0.02940036 0.99635832 -0.080035749 -14.422287 -0.69466584 0.037207332 0.7183697 214.76587
0.70429121 0.077358921 0.70568367 -117.28806 -0.02680429 0.99623398 -0.082458418 -14.56676 -0.70940501 0.039159391 0.70371238 215.83065
0.68882944 0.078742703 0.72063413 -116.18593 -0.023722916 0.99599922 -0.086155547 -14.721631 -0.72453521 0.042250936 0.68794159 216.90571
0.67418511 0.080995112 0.73410775 -115.09405 -0.021640025 0.99570807 -0.089984206 -14.878192 -0.73824535 0.044779903 0.67304429 217.9472
0.65926145 0.083452686 0.74726832 -113.95845 -0.020435201 0.99544333 -0.093139608 -15.035313 -0.75163608 0.046132776 0.65796278 218.97231
0.64331089 0.083848842 0.76099962 -112.79453 -0.01893738 0.99542323 -0.09366951 -15.208865 -0.76537084 0.045847279 0.64195448 219.98049
0.6271991 0.085345248 0.77416886 -111.62696 -0.019876661 0.99540847 -0.093631715 -15.374451 -0.77860533 0.043337836 0.62601567 220.9513
0.60986553 0.086350936 0.78778646 -110.45403 -0.021892049 0.99550247 -0.092171378 -15.544697 -0.79220252 0.038965888 0.60901304 221.90607
0.59048082 0.087058835 0.80234227 -109.23099 -0.02356598 0.99560074 -0.090685215 -15.704186 -0.80670757 0.034639899 0.58993476 222.85982
0.57339853 0.0885954 0.81447217 -108.02642 -0.025860118 0.99559768 -0.090091746 -15.876072 -0.81886839 0.03059613 0.57316533 223.73626
0.55488516 0.091963221 0.82682838 -106.80949 -0.027512489 0.99535628 -0.092243927 -16.051959 -0.83147193 0.028436682 0.55483857 224.59496
0.53692456 0.095512059 0.83820606 -105.58432 -0.029954414 0.99510233 -0.094202386 -16.217692 -0.84309834 0.025471604 0.53715589 225.4097
0.5172531 0.095743821 0.85046005 -104.34338 -0.030034737 0.99514125 -0.093764621 -16.391239 -0.85530533 0.022956699 0.51761554 226.19544
0.4966664 0.094674352 0.86276254 -103.11221 -0.030561264 0.99532426 -0.091627675 -16.558082 -0.86740335 0.019141274 0.49723748 226.94773
0.47481255 0.09261028 0.87520073 -101.84583 -0.030053409 0.99557426 -0.089043201 -16.721172 -0.87957371 0.015976065 0.4754944 227.65794
0.45314353 0.091387839 0.88674074 -100.59266 -0.030350732 0.99573616 -0.087111072 -16.881777 -0.89092078 0.01256059 0.45398509 228.33873
0.4314585 0.089989293 0.89763323 -99.334045 -0.02860785 0.99587675 -0.086087659 -17.037016 -0.90167911 0.011463896 0.43225389 228.96295
