1 0 0 0 0 1 0 0 0 0 1 0
0.99994213 -0.0023754586 0.010492155 0.013099329 0.0023641865 0.99999661 0.0010866287 -0.008002851 -0.010494702 -0.0010617604 0.99994437 0.29145922
0.99984678 -0.0040761156 0.017023435 0.01780568 0.004053225 0.99999083 0.0013789588 -0.014021668 -0.017028902 -0.0013097477 0.99985414 0.58379703
0.99978338 -0.0072108977 0.019524089 0.030247475 0.0072158338 0.99997395 -0.00018236101 -0.019500982 -0.019522267 0.00032320411 0.99980937 0.88689348
0.99981457 -0.0083403676 0.017356875 0.028197951 0.0083639998 0.99996419 -0.0012893686 -0.024912725 -0.017345501 0.0014343025 0.99984853 1.1891351
0.99987883 -0.01115485 0.010858328 0.032160902 0.011191796 0.99993177 -0.0033476584 -0.023259877 -0.010820245 0.0034687771 0.99993544 1.509852
0.9999263 -0.012069352 -0.001315307 0.027001834 0.012063444 0.99991751 -0.0044108305 -0.033350045 0.0013684345 0.0043946383 0.99998941 1.8289327
0.99979428 -0.011350333 -0.016809584 0.0017376869 0.011269625 0.99992455 -0.0048882988 -0.042103347 0.016863801 0.0046978555 0.99984676 2.1578854
0.99932483 -0.0077401185 -0.03591617 -0.043540323 0.007551959 0.99995706 -0.0053715739 -0.044089601 0.035956207 0.0050967098 0.99934037 2.5023396
0.99842202 -0.0037258216 -0.05603203 -0.082159602 0.0033856163 0.99997526 -0.0061653274 -0.050954812 0.056053619 0.0059658957 0.99840994 2.848155
0.99715094 -0.0029673035 -0.075373728 -0.12628817 0.0024915823 0.99997639 -0.0064047503 -0.055083166 0.075390959 0.006198703 0.99713479 3.2020921
0.99530715 -0.0041675462 -0.096676278 -0.17824313 0.0036095829 0.99997581 -0.0059456358 -0.064056104 0.096698726 0.0055687728 0.99529812 3.5871595
0.99333477 -0.0052465875 -0.11514561 -0.24323842 0.0046851895 0.99997579 -0.0051456516 -0.07293947 0.11516983 0.0045718756 0.9933353 3.9913766
0.99110751 -0.0045543536 -0.13298559 -0.31035909 0.0039882193 0.99998182 -0.0045231738 -0.078134137 0.13300379 0.0039525758 0.99110765 4.3709541
0.98874637 -0.0034817683 -0.14956103 -0.39086544 0.0029132941 0.99998768 -0.0040198751 -0.085953776 0.14957319 0.0035389216 0.98874432 4.7830093
0.9866662 -0.0027857984 -0.16273306 -0.4719963 0.0021609426 0.9999896 -0.0040166425 -0.09370001 0.16274257 0.0036114286 0.98666196 5.1919899
0.98460797 -0.0041854082 -0.17472727 -0.56755109 0.0033931665 0.99998257 -0.0048326549 -0.1003748 0.17474447 0.0041653917 0.98460501 5.6409673
0.98274995 -0.0071554424 -0.18480077 -0.65705432 0.0059983137 0.99995875 -0.0068198047 -0.11362409 0.18484196 0.0055936698 0.98275234 6.088354
0.9812642 -0.0065140252 -0.19255682 -0.75106288 0.0049430884 0.99995048 -0.0086375921 -0.12160671 0.19260356 0.0075239345 0.98124781 6.5325891
0.97974331 -0.006638186 -0.20014737 -0.86345529 0.0045577359 0.99993071 -0.010853578 -0.12354121 0.20020557 0.0097215013 0.97970568 7.0191662
0.97804384 -0.0070384688 -0.20828035 -0.96792386 0.0044037871 0.99990435 -0.01311069 -0.13543189 0.20835272 0.011905607 0.97798129 7.4766785
0.97624421 -0.010928297 -0.21639733 -1.0914005 0.007837351 0.99985472 -0.0151367 -0.14687938 0.21653132 0.013081134 0.97618803 7.9828542
0.97451743 -0.016173826 -0.22372791 -1.197947 0.012914297 0.99978819 -0.016024792 -0.16469891 0.22393972 0.01272715 0.97451989 8.5020929
0.97267343 -0.017219391 -0.2315381 -1.3304341 0.013280514 0.99973955 -0.018559812 -0.18842237 0.23179741 0.014977691 0.97264877 9.0191836
0.97047382 -0.013575613 -0.24082414 -1.4843359 0.0083793737 0.99970974 -0.022587896 -0.19031384 0.2410609 0.019903006 0.97030589 9.5527867
0.96851731 -0.010825051 -0.24871073 -1.6387035 0.0045368343 0.99965573 -0.025842558 -0.20908811 0.24890488 0.023900606 0.96823299 10.094853
0.96598087 -0.013021299 -0.2582855 -1.7988549 0.0061062053 0.99960158 -0.027557233 -0.23199595 0.25854145 0.025042615 0.96567551 10.649737
0.96372631 -0.015107535 -0.26646453 -1.9599083 0.0074793405 0.99953327 -0.029619126 -0.26290428 0.26678766 0.026551752 0.96338951 11.216894
0.96173262 -0.014912901 -0.27358356 -2.1371527 0.0063559287 0.99946326 -0.032137141 -0.28702838 0.27391599 0.02916846 0.96131121 11.802599
0.95917345 -0.014417741 -0.28245074 -2.3257673 0.004462504 0.99934695 -0.035857617 -0.30976196 0.28278329 0.033133237 0.9586114 12.384631
0.95683092 -0.015608773 -0.29022567 -2.5108651 0.0038717167 0.99915282 -0.040971467 -0.34030148 0.29061934 0.038079095 0.95608074 12.940463
0.95537844 -0.016449034 -0.29492619 -2.7067952 0.002412485 0.9988495 -0.047894265 -0.3783867 0.29537471 0.045045643 0.95431896 13.58836
0.95392388 -0.016657269 -0.29958598 -2.9125475 -0.00024389043 0.99841447 -0.056289386 -0.41343825 0.30004863 0.053768857 0.95240734 14.197718
0.95243012 -0.016916267 -0.30428719 -3.1287419 -0.0029855196 0.99789246 -0.064820717 -0.46044798 0.30474244 0.06264566 0.95037233 14.803878
0.95116291 -0.016177386 -0.30826514 -3.3527383 -0.0069486645 0.99725071 -0.073774869 -0.50612321 0.30861114 0.072313951 0.94843548 15.457835
0.94981467 -0.015391975 -0.31243428 -3.5765907 -0.010473132 0.99666402 -0.080939139 -0.56706911 0.31263784 0.080149348 0.9464849 16.089297
0.94833579 -0.014539912 -0.31693504 -3.81451 -0.01391305 0.99608248 -0.087327655 -0.63059076 0.3169632 0.087225475 0.94441837 16.769897
0.94665195 -0.013178393 -0.3219882 -4.0636014 -0.017953558 0.99545495 -0.09352599 -0.70094776 0.3217573 0.094317396 0.94211277 17.4447
0.94516406 -0.010812092 -0.32641691 -4.3048231 -0.022636263 0.99487967 -0.098498913 -0.77582897 0.32581055 0.10048649 0.94007976 18.102387
0.94328407 -0.0080905732 -0.33188807 -4.5782524 -0.027335304 0.99441563 -0.101933 -0.85072071 0.33085941 0.10522404 0.93779527 18.803508
0.94164665 -0.0073954956 -0.33652173 -4.8312985 -0.029050545 0.99424271 -0.10313825 -0.92815465 0.33534707 0.10689593 0.93601048 19.478903
0.93936305 -0.0066781788 -0.34285923 -5.1134589 -0.030346887 0.99426892 -0.10251043 -1.0174546 0.34157889 0.10669922 0.93377682 20.204719
0.93696879 -0.0072134954 -0.34933858 -5.4006607 -0.029980171 0.99444022 -0.10094468 -1.1032392 0.34812453 0.10505525 0.93154319 20.926712
0.93448169 -0.0069822748 -0.3559427 -5.6778646 -0.030296107 0.99462123 -0.099049296 -1.1879198 0.35471978 0.10334343 0.92924379 21.639246
0.9318773 -0.0067908926 -0.36271004 -5.9548019 -0.029988325 0.99496085 -0.095674521 -1.2677109 0.36153204 0.10003398 0.92697778 22.340492
0.92808952 -0.0030740847 -0.37234443 -6.298022 -0.032990567 0.99535455 -0.090448517 -1.3536787 0.3708928 0.096228176 0.92367672 23.155797
0.92490498 -0.0012468181 -0.38019627 -6.6055572 -0.033616357 0.99580993 -0.085044303 -1.4365573 0.37870929 0.091438714 0.92098765 23.886349
0.92107062 0.0014041531 -0.38939303 -6.9395916 -0.035727939 0.99608013 -0.080919022 -1.5097957 0.38775307 0.088444345 0.91751031 24.630709
0.91732206 0.0019101355 -0.3981414 -7.2853752 -0.036323766 0.99621969 -0.078910845 -1.5802531 0.39648561 0.086848655 0.91392368 25.357631
0.91365065 0.0030483773 -0.40648884 -7.6552135 -0.038142177 0.99620306 -0.078260009 -1.6623676 0.40470689 0.087006679 0.91029785 26.158494
0.90968223 0.0036712762 -0.41528875 -7.9959441 -0.039258522 0.99624334 -0.077187963 -1.7289473 0.4134453 0.086520142 0.90640899 26.894658
0.90583561 0.0038395514 -0.42361196 -8.3836478 -0.039511993 0.99636569 -0.075460028 -1.8029985 0.42178272 0.085092135 0.90269523 27.699152
0.90186324 0.0036176328 -0.43200647 -8.7759538 -0.039012058 0.99656154 -0.073096925 -1.8805364 0.43025663 0.082776892 0.89890335 28.480132
0.89806857 0.0046179354 -0.43983121 -9.17629 -0.038854021 0.99686891 -0.068867546 -1.9528546 0.43813607 0.078936991 0.89543607 29.245807
0.89485484 0.0055590346 -0.44632263 -9.5872985 -0.037841796 0.99726733 -0.063449769 -2.0148477 0.4447503 0.073667984 0.89261986 30.054706
0.89131248 0.0057384754 -0.45335319 -9.999912 -0.036533887 0.99757738 -0.059200055 -2.0864917 0.45191521 0.069328504 0.88936282 30.853887
0.8871543 0.0050911189 -0.46144481 -10.444156 -0.035494878 0.99772967 -0.057233 -2.148267 0.46010584 0.06715343 0.88532087 31.67138
0.88486031 0.0063050506 -0.46581376 -10.878907 -0.03661253 0.99775678 -0.056043998 -2.2152876 0.46441552 0.06664573 0.88310622 32.510199
0.88134917 0.0052020932 -0.47243684 -11.321315 -0.03495232 0.99791728 -0.054216638 -2.2658826 0.47117088 0.064296553 0.87969539 33.312281
0.87818567 0.0049189511 -0.47829458 -11.812606 -0.0344201 0.99800463 -0.052934114 -2.3325558 0.47707987 0.062948929 0.87660268 34.144849
0.87532836 0.0023920592 -0.48352302 -12.272618 -0.03171137 0.99811889 -0.052469684 -2.389128 0.482488 0.061261381 0.87375763 34.995173
0.873412 0.002859985 -0.48697358 -12.740832 -0.032809799 0.99805619 -0.052984485 -2.4509614 0.48587551 0.062254792 0.87180809 35.82766
0.87217007 0.0032873706 -0.48919172 -13.254361 -0.033837823 0.9979878 -0.053622286 -2.5124907 0.48803114 0.063320936 0.87052633 36.69151
0.87211408 0.0020582066 -0.48929825 -13.754404 -0.031909201 0.99810173 -0.05267577 -2.570415 0.48826105 0.061552398 0.87052425 37.555535
0.87136425 0.0038962374 -0.49062117 -14.271655 -0.033217961 0.99814249 -0.051069834 -2.6373682 0.4895109 0.060797864 0.86987512 38.459754
0.87128641 0.0013775027 -0.49077293 -14.783676 -0.029984699 0.99827734 -0.050430918 -2.6998487 0.48985806 0.058655453 0.86982678 39.370621
0.87072879 -0.00175122 -0.4917604 -15.295779 -0.026851335 0.99833255 -0.051099129 -2.7589022 0.49102994 0.057697906 0.86922987 40.247091
0.86948073 -0.001369794 -0.49396494 -15.825051 -0.027908666 0.99826259 -0.051893277 -2.8291463 0.49317785 0.058906108 0.86793185 41.167261
0.86817854 -0.003351723 -0.49624063 -16.356149 -0.024710454 0.99844474 -0.049974938 -2.888182 0.49563639 0.055649501 0.86674548 42.075618
0.86601554 -0.0013786274 -0.50001516 -16.877128 -0.025072003 0.99861856 -0.046177531 -2.9562278 0.49938812 0.052526842 0.86478463 43.012733
0.86395659 -0.0034539899 -0.50355443 -17.428307 -0.02048863 0.99890733 -0.0420044 -3.0192657 0.50314934 0.046607119 0.8629418 43.94461
0.86001306 -0.0036277475 -0.51025911 -17.965558 -0.019251947 0.99903208 -0.039550808 -3.0787842 0.50990874 0.043837693 0.85911079 44.828377
0.85472284 -0.0081662551 -0.51902039 -18.529395 -0.015839864 0.99900029 -0.041803336 -3.1383822 0.51884294 0.043951479 0.85373901 45.730592
0.84962018 -0.0099061043 -0.527302 -19.096248 -0.016606864 0.99882528 -0.045522288 -3.2003999 0.52713356 0.047433487 0.8484576 46.606989
0.84329041 -0.0085506469 -0.53739013 -19.692996 -0.018632913 0.99880725 -0.045131836 -3.2679713 0.53713511 0.048072389 0.84212525 47.528479
0.83751513 -0.0062071406 -0.54637885 -20.289571 -0.018637027 0.99902917 -0.039917184 -3.3213675 0.54609623 0.043614124 0.83658636 48.417898
0.83299073 -0.003958878 -0.55327276 -20.882537 -0.018244451 0.99923407 -0.034618193 -3.3812641 0.55298609 0.038930792 0.83228049 49.272264
0.82834355 -0.0021618881 -0.56021627 -21.498497 -0.021817566 0.99910944 -0.036115341 -3.4389014 0.55979549 0.042138466 0.82755869 50.169711
0.82543473 -0.0039448237 -0.56448375 -22.130856 -0.023062913 0.99890499 -0.040705214 -3.4908555 0.56402626 0.046618137 0.8244399 51.041277
0.82228175 -0.0056991778 -0.56905203 -22.711217 -0.026028766 0.99852671 -0.047612095 -3.5592649 0.56848505 0.053962279 0.82092195 51.881095
0.81977029 -0.0059733352 -0.5726613 -23.369112 -0.027210643 0.99841 -0.049366549 -3.622957 0.5720457 0.056051713 0.81830431 52.770164
0.81622931 -0.0044499413 -0.57771089 -23.966925 -0.026793518 0.99860278 -0.045547655 -3.6906432 0.57710644 0.052656239 0.81496964 53.633196
0.81242847 -0.0041772663 -0.58304588 -24.598891 -0.023345461 0.9989394 -0.039687017 -3.7474989 0.58259333 0.045854337 0.8114693 54.504562
0.81000163 -0.003253288 -0.58641858 -25.237999 -0.022440087 0.99908027 -0.036538408 -3.7998629 0.58599815 0.042755454 0.80918364 55.32924
0.8078084 -0.00048449558 -0.58944492 -25.879986 -0.026588576 0.99895184 -0.037259565 -3.8613219 0.58884519 0.045771092 0.80694881 56.17705
0.80512067 -0.0027540898 -0.59310462 -26.554676 -0.025284653 0.99892076 -0.038961613 -3.9178572 0.59257187 0.046365245 0.80418211 57.099817
0.80121938 -0.0042904895 -0.5983553 -27.196858 -0.025628427 0.99881062 -0.04147933 -3.9789422 0.59782165 0.048568948 0.80015647 57.935405
0.79638873 -0.0047810571 -0.60476616 -27.858795 -0.026013736 0.99877248 -0.042152215 -4.0383312 0.60422538 0.049301777 0.79528678 58.779251
0.79121657 -0.0057753262 -0.61150875 -28.51634 -0.024368671 0.99886343 -0.040963693 -4.0970943 0.61105035 0.047312809 0.79017656 59.61975
0.7881072 -0.0069882674 -0.61549832 -29.18458 -0.02256912 0.99893512 -0.040240095 -4.1526662 0.61512414 0.045604764 0.78711024 60.478583
0.78354583 -0.0093069194 -0.62126426 -29.864215 -0.0208142 0.99893345 -0.041215748 -4.2141957 0.62098529 0.045225547 0.78251642 61.320951
0.7770354 -0.0082745799 -0.62940249 -30.54997 -0.023395419 0.99884305 -0.042014569 -4.2785203 0.629022 0.047371943 0.77594282 62.148081
0.77197202 -0.010361528 -0.63557203 -31.249532 -0.021965952 0.99883513 -0.042963749 -4.338312 0.6352769 0.047127757 0.77084517 62.969867
0.76642647 -0.0096459512 -0.6422596 -31.977684 -0.024127624 0.99874927 -0.04379216 -4.4065256 0.64187878 0.049059669 0.76523514 63.818587
0.76136276 -0.012869432 -0.64819834 -32.689982 -0.021551634 0.99874801 -0.045143482 -4.4653727 0.64796783 0.048340299 0.76013219 64.636203
0.75663333 -0.014411881 -0.65368055 -33.413344 -0.020031664 0.99877679 -0.045206906 -4.5329491 0.65353253 0.047299361 0.75541911 65.483555
0.74965587 -0.014140005 -0.66167673 -34.165799 -0.019540593 0.99886299 -0.043484446 -4.5923838 0.66153932 0.045527926 0.7485272 66.276877
0.74251779 -0.014005699 -0.66967987 -34.889406 -0.019351067 0.99891554 -0.042347131 -4.6577119 0.66954679 0.044402519 0.74144154 67.110634
0.73616545 -0.017904537 -0.67656472 -35.658403 -0.015565556 0.9989377 -0.043372555 -4.7165605 0.67662263 0.042460483 0.73510473 67.917455
0.7302389 -0.017879023 -0.68295787 -36.429693 -0.017493876 0.9988404 -0.044853423 -4.7884422 0.6829679 0.044701295 0.72907934 68.709017
0.72602799 -0.016131793 -0.68747587 -37.160904 -0.020429897 0.99877752 -0.045012122 -4.8528167 0.68736163 0.046725122 0.72481087 69.546303
0.7217373 -0.016181977 -0.69197787 -38.000026 -0.019687914 0.99884224 -0.04389265 -4.9121888 0.69188706 0.045302564 0.72058311 70.346975
0.71644196 -0.015701676 -0.69746995 -38.772682 -0.020908151 0.99881437 -0.043962518 -4.9813557 0.69733335 0.0460794 0.71526423 71.167557
0.71191043 -0.016359309 -0.70207968 -39.604576 -0.021250839 0.99876899 -0.044820928 -5.0485619 0.70194871 0.046828268 0.71068641 71.966263
0.70677448 -0.019125234 -0.70718033 -40.423753 -0.020356682 0.99867075 -0.0473534 -5.1185768 0.70714602 0.047864021 0.70544567 72.797601
0.70262205 -0.019974247 -0.71128281 -41.245651 -0.022126658 0.99850922 -0.049897376 -5.1875228 0.71121917 0.050797308 0.70113263 73.543764
0.69648776 -0.022241117 -0.71722388 -42.075759 -0.020758163 0.99847672 -0.051120778 -5.2565094 0.71726839 0.050493246 0.69496513 74.349284
0.69060709 -0.0213073 -0.72291618 -42.915239 -0.020838602 0.99856468 -0.049339056 -5.3303242 0.72292991 0.049138464 0.68917183 75.16727
0.6875568 -0.021730417 -0.72580534 -43.799357 -0.019432773 0.99864344 -0.048307819 -5.4000967 0.72587055 0.04731878 0.68620181 75.920857
0.68082436 -0.02245249 -0.73210247 -44.64227 -0.019278434 0.99863446 -0.048554756 -5.4814257 0.73219299 0.04717105 0.67946182 76.730605
0.67713374 -0.023149891 -0.7354957 -45.480636 -0.018941427 0.99862551 -0.048870373 -5.5465618 0.73561618 0.047023117 0.67576454 77.496155
0.67159043 -0.024570086 -0.74051506 -46.385784 -0.017003584 0.99867568 -0.048556731 -5.6230002 0.74072749 0.045201646 0.67028326 78.304419
0.66841089 -0.025698477 -0.74334812 -47.25873 -0.015326825 0.99871486 -0.048308545 -5.6917691 0.74363433 0.043683124 0.66715801 79.074787
0.66515534 -0.026558362 -0.74623252 -48.157337 -0.015434005 0.99866478 -0.049299528 -5.7707757 0.74654552 0.044309201 0.66385731 79.855685
0.66096457 -0.031554782 -0.74975335 -49.044343 -0.011800003 0.99855495 -0.052428665 -5.851831 0.75032436 0.043500583 0.6596371 80.652988
0.65577301 -0.035972416 -0.75410059 -49.957983 -0.0076270407 0.99849753 -0.054263284 -5.9259144 0.75491963 0.041335953 0.65451337 81.42795
0.65097519 -0.039599654 -0.75806538 -50.860047 -0.0024318078 0.99852448 -0.054248976 -6.0071031 0.75909514 0.037158207 0.64991837 82.198282
0.64116382 -0.044368433 -0.76612032 -51.782117 0.0041527315 0.99851322 -0.054351627 -6.0865321 0.76739283 0.031666805 0.6403948 82.976573
0.63291033 -0.044316843 -0.77295568 -52.711175 0.0049519859 0.99857173 -0.053197595 -6.1695752 0.7742093 0.029841642 0.63222582 83.724579
0.62278698 -0.043247724 -0.78119522 -53.670369 0.0059685919 0.99870466 -0.050530957 -6.2463218 0.78236872 0.026807387 0.62223838 84.482461
0.61723064 -0.044130697 -0.78554361 -54.610888 0.007828497 0.99872076 -0.04995554 -6.3229444 0.78674335 0.024684465 0.61678654 85.247867
0.60713076 -0.045055682 -0.7933235 -55.572238 0.0056781039 0.99861165 -0.052369275 -6.3969232 0.79458169 0.027290425 0.60654368 85.940839
0.59700373 -0.04645085 -0.80089251 -56.59182 0.0051467694 0.99852352 -0.054076702 -6.4845407 0.80222198 0.028161984 0.59636134 86.68014
0.58684646 -0.047939106 -0.80827781 -57.590038 0.0050243945 0.99844216 -0.055569849 -6.5614681 0.80968268 0.028549863 0.58617311 87.387431
0.57772222 -0.048544222 -0.81478858 -58.554723 0.0075513052 0.99850504 -0.05413563 -6.649406 0.81619855 0.025122639 0.57722512 88.097654
0.56657008 -0.050126065 -0.82248749 -59.581315 0.011745126 0.9985379 -0.05276474 -6.7268379 0.82392988 0.020234704 0.56633043 88.813979
0.55794101 -0.051111913 -0.82830511 -60.659515 0.012591761 0.99850806 -0.053132833 -6.808904 0.82978512 0.019215166 0.55775218 89.471198
0.54701209 -0.051637474 -0.83553054 -61.683033 0.010736598 0.99844638 -0.054676876 -6.8947863 0.83705589 0.020938156 0.54671665 90.151153
0.53667909 -0.052350068 -0.84216089 -62.76377 0.010242198 0.99840418 -0.055535413 -6.9753652 0.84372431 0.021179117 0.53635884 90.812346
0.52939136 -0.053040464 -0.84671804 -63.796861 0.0084480039 0.99832382 -0.057255492 -7.0634852 0.84833571 0.023157486 0.52895209 91.460916
0.51694885 -0.052426794 -0.8544093 -64.873553 0.0067700871 0.99834194 -0.05716239 -7.1553527 0.85598955 0.023765607 0.51644666 92.093496
0.51085923 -0.049508832 -0.85823753 -65.972465 0.0038678532 0.99846253 -0.05529563 -7.2456038 0.85965572 0.024928746 0.51026529 92.762457
0.50240579 -0.048866544 -0.86324992 -67.096603 0.0064528591 0.99858573 -0.052772063 -7.3310849 0.86460792 0.02094256 0.50201058 93.376955
0.49466491 -0.049634205 -0.86766526 -68.193771 0.0076380426 0.99857756 -0.052768428 -7.4110306 0.86905026 0.019475425 0.49434039 94.005204
0.48716888 -0.05175567 -0.87177278 -69.310361 0.0075845781 0.99845545 -0.055038149 -7.5044368 0.87327489 0.020200844 0.48680896 94.601865
0.48118629 -0.055281499 -0.8748735 -70.385183 0.010435636 0.99830011 -0.057340909 -7.5894995 0.87655628 0.018461797 0.48094523 95.201848
0.47376996 -0.058182361 -0.87872451 -71.538707 0.011894456 0.99814689 -0.059676617 -7.6799755 0.88056834 0.017821038 0.47358407 95.807671
0.46947063 -0.061925986 -0.88077377 -72.674925 0.01336297 0.99792155 -0.063039744 -7.7841556 0.882847 0.017825555 0.46932238 96.411236
0.46471334 -0.062579179 -0.88324702 -73.782314 0.014965254 0.99791207 -0.062829495 -7.8847051 0.88533475 0.015979688 0.46467956 97.003087
0.45991744 -0.06054784 -0.88589494 -74.905054 0.017757588 0.99810016 -0.058997724 -7.9746728 0.88778414 0.011402724 0.46011885 97.568547
0.45461856 -0.058448994 -0.88876634 -75.990818 0.021104936 0.99827126 -0.054854975 -8.0654408 0.89043619 0.0061807325 0.45506621 98.150079
0.45055183 -0.057622883 -0.89088865 -77.12025 0.022204819 0.99832937 -0.053342463 -8.1631724 0.89247412 0.0042515223 0.45107863 98.734437
0.44730754 -0.057660847 -0.89251953 -78.241962 0.023344204 0.99833235 -0.052797332 -8.2548696 0.89407554 0.0027814868 0.44790764 99.297656
0.4458782 -0.057400303 -0.89325123 -79.354516 0.026342102 0.99835093 -0.051004997 -8.3360589 0.89470598 -0.00078809939 0.44665496 99.83611
0.44332131 -0.055924723 -0.89461644 -80.436212 0.026933342 0.99843224 -0.049067869 -8.417532 0.89595808 -0.0023421791 0.44413253 100.37664
0.44046939 -0.057037628 -0.89595388 -81.541666 0.029460269 0.99836059 -0.049073702 -8.5086605 0.89728417 -0.0047795793 0.44142763 100.90974
0.43892531 -0.056416026 -0.89675065 -82.640433 0.030355649 0.99838826 -0.047952277 -8.5900012 0.89801067 -0.0061739807 0.43993043 101.45645
0.43691584 -0.05689601 -0.89770113 -83.738736 0.035426526 0.99831166 -0.046030397 -8.6686644 0.89880453 -0.011691024 0.43819381 101.99271
0.43465419 -0.056902943 -0.89879793 -84.812573 0.038794382 0.99825857 -0.044439033 -8.7509015 0.89976152 -0.015552699 0.43610479 102.50179
0.43297228 -0.058173257 -0.8995281 -85.908184 0.041362844 0.9981464 -0.044641699 -8.8337673 0.90045777 -0.017878424 0.43457593 103.02402
0.43121251 -0.058263852 -0.90036716 -86.946063 0.040596964 0.99815504 -0.045148736 -8.9050977 0.90133663 -0.017083475 0.43278228 103.50221
0.43234854 -0.059495978 -0.89974157 -88.027792 0.040699092 0.99809152 -0.046442489 -8.9913927 0.90078765 -0.016539324 0.43394485 104.01989
0.43249332 -0.059796756 -0.89965205 -89.0617 0.039017355 0.99810493 -0.04758361 -9.0726122 0.90079256 -0.014522451 0.43400683 104.50969
0.43461213 -0.059062623 -0.89867894 -90.090315 0.036017027 0.99818888 -0.048184302 -9.147392 0.89989729 -0.011426262 0.43595226 105.00529
0.43828752 -0.060253983 -0.89681293 -91.104971 0.03633413 0.99812273 -0.049303566 -9.2350222 0.89810019 -0.010975781 0.43965401 105.49652
0.44308295 -0.061126632 -0.89439419 -92.114056 0.036020267 0.99808093 -0.050368575 -9.3120308 0.89575672 -0.0098988616 0.44443445 105.99196
0.45090345 -0.059827055 -0.8905654 -93.146071 0.032838432 0.99818756 -0.050430502 -9.3897118 0.89196849 -0.006505485 0.45205084 106.49613
0.45607917 -0.059551657 -0.88794444 -94.127283 0.033309373 0.99820174 -0.049837417 -9.4664773 0.88931566 -0.0068470654 0.45724265 106.98087
0.46423423 -0.058058984 -0.88380748 -95.119376 0.031474387 0.99830039 -0.049047807 -9.5396085 0.8851531 -0.0050476287 0.46527259 107.49646
0.47338036 -0.057532483 -0.87897724 -96.085575 0.030938459 0.99833501 -0.048682756 -9.6148914 0.88031467 -0.0041487418 0.47437215 108.02504
0.48259064 -0.058339729 -0.87390084 -97.028297 0.032494354 0.99828479 -0.04869911 -9.6884837 0.87524308 -0.0048951086 0.48365861 108.54695
0.49233593 -0.057882872 -0.86847847 -97.989344 0.029447186 0.99832284 -0.049843361 -9.7625881 0.86990704 -0.0010345699 0.49321469 109.08103
0.50251661 -0.059552031 -0.86251409 -98.958573 0.027853566 0.99822218 -0.052693956 -9.836729 0.8641188 0.002455495 0.50328196 109.62095
0.51392709 -0.058824551 -0.85581456 -99.872068 0.024370461 0.99824459 -0.053979743 -9.9145938 0.85748766 0.0068850559 0.51445852 110.14869
0.52608222 -0.057082527 -0.84851577 -100.81191 0.021966174 0.99832399 -0.053541542 -9.9889132 0.85015001 0.0095286074 0.52645439 110.73482
0.53848242 -0.055052961 -0.84083637 -101.73273 0.021254092 0.99843335 -0.05176008 -10.065851 0.84236869 0.010000679 0.53880891 111.30215
0.55115649 -0.052914339 -0.83272236 -102.63977 0.020402184 0.99854343 -0.049947584 -10.134772 0.83415246 0.01053958 0.55143327 111.89504
0.56264294 -0.052246866 -0.82504735 -103.51051 0.020568232 0.99857669 -0.049209215 -10.212711 0.82644414 0.010717452 0.56291675 112.48604
0.57331993 -0.0527415 -0.81763227 -104.38384 0.021121535 0.99854575 -0.049601032 -10.28371 0.81905933 0.011167611 0.57360017 113.1187
0.58517046 -0.053061221 -0.80917241 -105.25807 0.019972203 0.99849725 -0.051032809 -10.357513 0.81066436 0.013701936 0.58535084 113.72603
0.59475525 -0.055220205 -0.80200802 -106.09633 0.023051945 0.9983993 -0.0516473 -10.430756 0.80357629 0.012229658 0.59507616 114.33546
0.6058004 -0.054049836 -0.79377858 -106.91692 0.021613748 0.99843958 -0.051490276 -10.507069 0.79532306 0.0140363 0.60602332 114.97965
0.61660698 -0.05333123 -0.78546264 -107.74392 0.023517837 0.9985054 -0.049334312 -10.581596 0.78691982 0.011947498 0.61693963 115.60859
0.62712406 -0.051348406 -0.777225 -108.5649 0.023949695 0.9986241 -0.046651003 -10.648713 0.77855114 0.010641664 0.62749098 116.2427
0.63639774 -0.050581525 -0.76970083 -109.31497 0.024264737 0.9986666 -0.045565829 -10.719867 0.77097937 0.010321402 0.63677652 116.87721
0.64678401 -0.049586855 -0.76105948 -110.09445 0.021596828 0.99867478 -0.046714692 -10.786494 0.76236741 0.013777846 0.6469978 117.52508
0.65550163 -0.049108612 -0.75359532 -110.84279 0.020132285 0.99866514 -0.04756706 -10.853938 0.7549254 0.01600869 0.6556153 118.18986
0.66472268 -0.04706247 -0.74560635 -111.57424 0.017736315 0.9987267 -0.047227085 -10.919017 0.74687966 0.018168605 0.66471101 118.84369
0.67382029 -0.04570041 -0.7374806 -112.31058 0.018024877 0.99880511 -0.045425297 -10.984441 0.73867541 0.01731549 0.6738389 119.49478
0.6828765 -0.043999802 -0.72920755 -113.0085 0.017889327 0.99889239 -0.043519663 -11.042822 0.73031479 0.016673522 0.68290727 120.15079
0.69065671 -0.044371905 -0.72182019 -113.71824 0.019707169 0.99890003 -0.042548282 -11.109848 0.72291422 0.015161224 0.69077146 120.80954
0.69714386 -0.043282782 -0.7156235 -114.40939 0.01829742 0.99892496 -0.042592673 -11.168785 0.71669776 0.016599156 0.69718636 121.47193
0.70516514 -0.041286355 -0.70784004 -115.08709 0.016618068 0.99899142 -0.041713143 -11.233493 0.70884837 0.017651721 0.70514002 122.1373
0.71270195 -0.038367875 -0.70041688 -115.73876 0.015151757 0.99911208 -0.039312475 -11.281404 0.70130336 0.017405531 0.71265047 122.78881
0.71979568 -0.036668981 -0.6932168 -116.38977 0.015523457 0.99920442 -0.036736114 -11.338879 0.69401242 0.015681375 0.71979226 123.46159
0.72712359 -0.035541609 -0.68558591 -117.03556 0.015083016 0.99924496 -0.035805225 -11.392856 0.68634089 0.01569412 0.72711066 124.10896
0.7348415 -0.033817992 -0.67739521 -117.66063 0.013722066 0.99929301 -0.035002522 -11.448588 0.67810008 0.016426044 0.73478603 124.7873
0.74231774 -0.031315535 -0.66931582 -118.24542 0.011729936 0.99936153 -0.033748197 -11.495737 0.66994538 0.017200853 0.74221112 125.444
0.75081988 -0.028011853 -0.65991272 -118.82949 0.0099636387 0.99946696 -0.031088995 -11.543576 0.66043188 0.016767103 0.75069877 126.11714
0.76059379 -0.024728737 -0.64875692 -119.41895 0.0083418319 0.99956408 -0.028320642 -11.583596 0.6491745 0.016128683 0.76046852 126.762
0.7699881 -0.022454529 -0.63766299 -119.95161 0.0069443907 0.9996163 -0.026814815 -11.631986 0.63802049 0.016218907 0.76984858 127.42776
0.7799796 -0.022054582 -0.62541617 -120.51834 0.0058078907 0.99959088 -0.028006187 -11.673835 0.62577801 0.018211906 0.77978859 128.1045
0.78951183 -0.022493367 -0.61332299 -121.02494 0.0056602157 0.99955252 -0.029371955 -11.717391 0.61370927 0.019717965 0.78928586 128.76453
0.79934713 -0.021576145 -0.60048197 -121.54037 0.0051998139 0.99956606 -0.028993921 -11.762822 0.60084703 0.020053813 0.79911246 129.43829
0.80928367 -0.0204577 -0.58706166 -122.03671 0.0052201272 0.99960438 -0.027637715 -11.795317 0.58739486 0.019302215 0.80907029 130.12281
0.81898381 -0.018397091 -0.57352161 -122.52159 0.0049713132 0.99967589 -0.024968028 -11.831447 0.57379512 0.017597255 0.81880982 130.80504
0.8280348 -0.017136483 -0.56041474 -123.00282 0.0052472622 0.99972589 -0.022816799 -11.866849 0.56065218 0.01595246 0.82789775 131.50371
0.83706694 -0.015936144 -0.54686831 -123.46729 0.0058555261 0.99977939 -0.020171512 -11.902623 0.54706917 0.013682704 0.83697559 132.22506
0.84498007 -0.015282614 -0.53457937 -123.89937 0.0065837925 0.99981312 -0.018176131 -11.932824 0.53475729 0.011838908 0.84492278 132.92832
0.85214488 -0.01537649 -0.52307996 -124.35499 0.0079698915 0.99983362 -0.016407491 -11.964007 0.52324527 0.0098126691 0.85212565 133.66635
0.85828145 -0.015294931 -0.51295126 -124.77659 0.0082187641 0.99983724 -0.016060842 -11.995676 0.51311346 0.0095688972 0.85826746 134.36914
0.86508031 -0.014358626 -0.50142783 -125.20119 0.0075190699 0.99984912 -0.015659005 -12.019675 0.50157706 0.009776026 0.86505775 135.09743
0.87121338 -0.013013511 -0.49073198 -125.61341 0.0062220036 0.99986099 -0.015468749 -12.051283 0.49086511 0.010423244 0.87117324 135.84517
0.87747846 -0.011790894 -0.47947108 -126.02639 0.0053308369 0.99987578 -0.014832458 -12.07061 0.47958645 0.01045918 0.87743231 136.58172
0.88289479 -0.012485289 -0.46940482 -126.43032 0.0061176369 0.99986745 -0.015088053 -12.099041 0.46953102 0.010449515 0.88285415 137.33605
0.88814328 -0.013310098 -0.45937385 -126.81675 0.0068660018 0.99985324 -0.015695607 -12.129218 0.45951538 0.010785886 0.88810433 138.10213
0.89234392 -0.013953857 -0.45114033 -127.21551 0.0073786461 0.99983942 -0.016330454 -12.161903 0.4512958 0.011243576 0.89230359 138.86837
0.89555731 -0.013415256 -0.44474388 -127.59608 0.0071917248 0.99985123 -0.015677919 -12.180751 0.44488808 0.010841999 0.89552055 139.6457
0.89867917 -0.011649694 -0.43845185 -127.99837 0.0069667637 0.99990023 -0.012287887 -12.207408 0.43855129 0.0079882771 0.89867067 140.44734
0.90166004 -0.0078925017 -0.43237352 -128.38893 0.0046091754 0.99995204 -0.0086411726 -12.229322 0.43242102 0.0057985145 0.90165318 141.24329
0.9052265 -0.0049552716 -0.42490048 -128.78173 0.0030077832 0.99998167 -0.0052540679 -12.246757 0.42491876 0.0034781126 0.90522481 142.06966
0.90792178 -0.0025486538 -0.41913187 -129.14391 0.0012275992 0.99999339 -0.0034215318 -12.263417 0.41913786 0.002591957 0.90791891 142.88504
0.91126437 -0.0003831223 -0.41182166 -129.54867 -0.0001162648 0.99999929 -0.0011875774 -12.274404 0.41182186 0.001130077 0.91126368 143.73464
0.91444445 0.00073463929 -0.40471075 -129.93081 -8.896382e-05 0.99999869 0.0016142041 -12.291347 0.40471144 -0.0014400957 0.91444332 144.58394
0.9178447 0.00097993954 -0.39693846 -130.31945 0.00058700039 0.99999251 0.0038260521 -12.305151 0.39693926 -0.0037447251 0.91783725 145.47657
0.92102302 0.0005386041 -0.38950776 -130.68741 0.0013759767 0.99998831 0.0046363744 -12.313516 0.38950574 -0.0048061615 0.92101151 146.3429
0.92438121 -0.00019531783 -0.38146997 -131.06187 0.0020728669 0.99998768 0.0045109802 -12.308823 0.38146442 -0.0049606022 0.92437022 147.24498
0.92841177 -0.002868164 -0.37154184 -131.44585 0.004743742 0.9999802 0.0041342271 -12.335741 0.37152266 -0.0056007641 0.928407 148.16931
0.93218535 -0.0044690293 -0.3619537 -131.80298 0.0058366251 0.99997936 0.0026850919 -12.340043 0.36193426 -0.0046155918 0.9321922 149.09401
0.93647888 -0.0051835786 -0.35068565 -132.15048 0.0059279339 0.99998188 0.0010490872 -12.355908 0.35067389 -0.0030612898 0.93649264 150.05804
0.94150631 -0.0037092459 -0.33697492 -132.51459 0.0039053723 0.99999237 -9.5808921e-05 -12.364256 0.33697273 -0.0012258081 0.94151361 151.00892
0.94720793 -0.00023993441 -0.32061983 -132.84418 0.00068889427 0.99999893 0.0012868569 -12.377405 0.3206192 -0.0014397945 0.94720709 151.99743
0.95341964 0.0033202398 -0.30162886 -133.17902 -0.002231418 0.99998969 0.0039542896 -12.380766 0.3016389 -0.0030970375 0.95341722 152.98184
0.9591589 0.0065114273 -0.28279284 -133.49602 -0.0051186201 0.99997086 0.0056637491 -12.395557 0.28282151 -0.0039849266 0.95916428 153.99951
0.96529311 0.0079885158 -0.26104673 -133.78531 -0.006485908 0.99995707 0.0066170944 -12.40548 0.26108841 -0.0046943108 0.96530348 155.05675
0.97084624 0.0094269589 -0.23951764 -134.05308 -0.0077308808 0.99993796 0.0080197762 -12.40226 0.23957841 -0.0059342876 0.97085889 156.10578
0.97579699 0.010171109 -0.21844172 -134.28975 -0.0080639591 0.99991198 0.010535657 -12.424169 0.21852967 -0.0085191581 0.97579312 157.17484
0.98063794 0.012178837 -0.19545052 -134.52255 -0.0096708987 0.99985827 0.013780784 -12.415431 0.19559067 -0.011623778 0.98061673 158.26712
0.9848043 0.014145806 -0.17309068 -134.71688 -0.011202146 0.99977574 0.017971578 -12.42831 0.1733061 -0.0157595 0.98474191 159.36945
0.98846341 0.0158724 -0.15062587 -134.89556 -0.012787621 0.99968865 0.021426354 -12.412394 0.15091907 -0.019253021 0.98835862 160.48848
0.99176753 0.017605479 -0.12683538 -135.06693 -0.014997901 0.99965668 0.021484573 -12.408374 0.12717009 -0.019405438 0.99169108 161.63959
0.99423502 0.017210933 -0.10583248 -135.19703 -0.015236452 0.99969498 0.01943704 -12.401458 0.10613473 -0.017712474 0.99419399 162.76093
0.99634713 0.017287834 -0.083627341 -135.30739 -0.015802135 0.99970591 0.018395163 -12.38818 0.083920767 -0.017006478 0.9963273 163.92677
0.99777841 0.015867075 -0.064703032 -135.38321 -0.014593362 0.99969125 0.020110882 -12.387366 0.065002161 -0.019121969 0.99770189 165.10161
0.99891973 0.016388612 -0.04348326 -135.45729 -0.015439722 0.99963723 0.02206883 -12.381771 0.043829167 -0.021373621 0.99881038 166.29266
0.999596 0.016508678 -0.023136462 -135.49825 -0.01598013 0.99961126 0.022846492 -12.372336 0.023504635 -0.022467539 0.99947123 167.51747
0.99983809 0.017775878 -0.0027952288 -135.50456 -0.01770526 0.9995663 0.023531459 -12.354853 0.0032123091 -0.023478159 0.99971919 168.71583
0.99966466 0.018321114 0.01830026 -135.49729 -0.018754106 0.99954139 0.023775868 -12.348286 -0.017856269 -0.0241111 0.9995498 169.96629
0.99908745 0.02039275 0.037528744 -135.48786 -0.021279347 0.99950019 0.023378603 -12.33681 -0.037033236 -0.024155857 0.99902204 171.20763
0.99805214 0.021605568 0.058524596 -135.41546 -0.022947925 0.99948653 0.022362386 -12.318165 -0.058011398 -0.023661846 0.99803547 172.45958
0.99664027 0.021761346 0.07895952 -135.32571 -0.023397551 0.99952903 0.019856286 -12.315836 -0.078490239 -0.021637034 0.99668005 173.76225
0.99503566 0.023813248 0.096627964 -135.21373 -0.0256159 0.99951941 0.01745797 -12.309162 -0.096165802 -0.019846515 0.99516745 175.00007
0.99290589 0.024164337 0.11642157 -135.06567 -0.02614204 0.99953822 0.015490296 -12.301554 -0.1159935 -0.018423904 0.99307908 176.28812
0.99051584 0.024053212 0.13527676 -134.90729 -0.026013832 0.99958035 0.012744192 -12.307778 -0.13491347 -0.016142391 0.99072589 177.55793
0.98770618 0.025426768 0.15424003 -134.7065 -0.026890559 0.99961091 0.0074111444 -12.304608 -0.15399159 -0.011467634 0.98800561 178.86822
0.98489741 0.02690511 0.1710357 -134.50433 -0.027461646 0.99962246 0.00088841154 -12.324119 -0.17094724 -0.0055719159 0.98526443 180.16755
0.98148103 0.029640756 0.18925224 -134.28223 -0.02932105 0.99955996 -0.0044895662 -12.336564 -0.18930205 -0.0011426501 0.98191824 181.45829
0.9781934 0.031372379 0.20531306 -134.00503 -0.03033722 0.99950618 -0.00818857 -12.365413 -0.20546858 0.001781378 0.97866209 182.77674
0.97391708 0.033743554 0.22438114 -133.71526 -0.031999981 0.99942281 -0.011403595 -12.391339 -0.22463645 0.0039259644 0.97443474 184.12247
0.9700273 0.033305575 0.24070267 -133.4109 -0.03152139 0.99943965 -0.011259974 -12.428405 -0.24094283 0.0033351996 0.97053358 185.43076
0.96545253 0.031881002 0.25862138 -133.07495 -0.029791337 0.99948415 -0.011996056 -12.457053 -0.25887044 0.0038769458 0.96590428 186.75349
0.96080834 0.031535268 0.27541397 -132.70156 -0.028038096 0.99946856 -0.016626878 -12.510712 -0.27579196 0.0082531597 0.96118192 188.11291
0.9559084 0.033187961 0.29178362 -132.31533 -0.028343097 0.99938147 -0.020816903 -12.55823 -0.29229404 0.011629001 0.95625779 189.43919
0.95055985 0.035521871 0.30850309 -131.89329 -0.030397222 0.99930872 -0.021403151 -12.599826 -0.30905013 0.01096734 0.95098251 190.8012
0.94499192 0.037194788 0.32497202 -131.45576 -0.031929121 0.99925837 -0.021523217 -12.650066 -0.32553158 0.0099631957 0.94547868 192.11955
0.93859784 0.04127209 0.34253569 -130.98544 -0.034782462 0.99908041 -0.025070072 -12.695837 -0.34325542 0.011616482 0.93917026 193.47003
0.93170045 0.042451713 0.36073829 -130.48393 -0.034507833 0.99899978 -0.028436931 -12.759536 -0.36158469 0.014046406 0.93223346 194.80594
0.92503472 0.042969153 0.37744457 -129.95895 -0.033579715 0.99894187 -0.031425238 -12.811574 -0.37839553 0.016394956 0.9254988 196.15047
0.91791851 0.043254951 0.39440411 -129.39895 -0.031499156 0.99884673 -0.036235448 -12.885616 -0.39551665 0.020837793 0.9182224 197.48072
0.90934683 0.046566884 0.41342454 -128.82157 -0.031980009 0.99859987 -0.042137717 -12.970786 -0.41480794 0.02509648 0.90956284 198.83647
0.89950147 0.050155706 0.43402937 -128.20891 -0.033548742 0.99838511 -0.045843832 -13.051997 -0.43562783 0.026675455 0.89973153 200.14133
0.88757865 0.053202651 0.4575736 -127.5687 -0.035453757 0.99825151 -0.0472965 -13.135838 -0.45928987 0.025756661 0.88791296 201.48828
0.8745422 0.057249607 0.4815583 -126.8942 -0.037912792 0.99803943 -0.049798811 -13.228414 -0.48346517 0.025293943 0.87499809 202.78322
0.85967219 0.061921653 0.50707929 -126.16412 -0.04042812 0.99775976 -0.053301338 -13.327171 -0.50924386 0.025321416 0.86024969 204.08202
0.84481663 0.065289731 0.53105753 -125.40832 -0.041656582 0.99754042 -0.056372374 -13.432415 -0.53343193 0.025502278 0.84545848 205.36079
0.83008772 0.067056049 0.55358634 -124.60193 -0.041446792 0.99741672 -0.058668993 -13.537558 -0.55609043 0.025756033 0.83072263 206.61407
0.81373338 0.067907836 0.57725772 -123.75126 -0.040080963 0.99734334 -0.060825885 -13.640054 -0.57985475 0.026359008 0.81429338 207.83839
0.79785649 0.070164836 0.59875027 -122.89356 -0.038621798 0.9971126 -0.065382168 -13.764681 -0.60160902 0.029040777 0.79826265 209.05171
0.78159802 0.07278265 0.61952174 -121.98296 -0.03678104 0.99681894 -0.070704761 -13.892042 -0.62269713 0.032476049 0.78178873 210.23975
0.76445012 0.074319797 0.64038468 -121.03651 -0.034648491 0.9966336 -0.074303096 -14.01585 -0.64375114 0.034612649 0.76445175 211.39754
0.74913192 0.076299711 0.65801192 -120.06656 -0.033610003 0.9964429 -0.077278204 -14.160963 -0.66156767 0.035775788 0.74903161 212.56116
0.73335148 0.076802297 0.67549757 -119.05037 -0.031409692 0.99636504 -0.079184266 -14.298908 -0.67912375 0.03685273 0.73309811 213.70018
0.71675421 0.07716163 0.69304361 -118.02138 -0.029484962 0.99632372 -0.080434321 -14.441781 -0.69670229 0.037217275 0.71639433 214.82266
0.70312336 0.077812154 0.70679754 -116.96042 -0.026791435 0.99618774 -0.08301929 -14.583356 -0.71056302 0.039436684 0.70252757 215.90084
0.68727116 0.07925791 0.72206405 -115.85993 -0.023846773 0.99595562 -0.086624119 -14.742135 -0.72600945 0.042315363 0.68638162 216.98155
0.67253675 0.081470232 0.73556568 -114.7581 -0.021579082 0.9956583 -0.090547708 -14.906881 -0.73974909 0.04502383 0.67137485 218.02469
0.65768129 0.084102391 0.74858671 -113.62768 -0.020487246 0.99537746 -0.093829538 -15.063268 -0.75301769 0.046373453 0.65636416 219.04932
0.64156903 0.08433348 0.76241523 -112.47033 -0.01899592 0.99537985 -0.094117547 -15.23189 -0.76683008 0.045900127 0.64020688 220.04862
0.62454658 0.086028255 0.77623493 -111.31247 -0.019988861 0.99534981 -0.094229503 -15.402478 -0.78073175 0.043334663 0.62336192 221.00064
0.60770144 0.08689992 0.7893968 -110.11692 -0.021694778 0.99544086 -0.09288077 -15.575653 -0.79386922 0.039317991 0.60681612 221.97192
0.59045303 0.087415466 0.80232394 -108.90827 -0.02378571 0.99556994 -0.090965583 -15.726316 -0.80672146 0.034627061 0.58991652 222.89011
0.57285242 0.088988922 0.81481349 -107.70131 -0.025894238 0.9955576 -0.090523807 -15.900617 -0.81924945 0.030757808 0.57261187 223.77742
0.5538967 0.091977412 0.8274893 -106.48342 -0.027158452 0.99534632 -0.092456061 -16.072208 -0.83214237 0.02873778 0.553817 224.61515
0.53569256 0.095922573 0.83894713 -105.2564 -0.029735769 0.99505364 -0.094784132 -16.247516 -0.84388941 0.025828417 0.53589516 225.45378
0.51605779 0.095831446 0.85117603 -104.02789 -0.029773465 0.9951281 -0.093987298 -16.412036 -0.85603619 0.023160419 0.51639684 226.2321
0.49497464 0.094727005 0.86372845 -102.78428 -0.029821767 0.9953061 -0.092067531 -16.584958 -0.86839555 0.019813186 0.49547621 226.98276
0.47344838 0.092923725 0.87590624 -101.51972 -0.029813701 0.99554045 -0.089500536 -16.747687 -0.8803169 0.016259878 0.47410742 227.70057
0.45206356 0.091625916 0.88726724 -100.2651 -0.030077643 0.99571034 -0.087499979 -16.912245 -0.89147851 0.012868646 0.45288025 228.38257
0.43073414 0.09058054 0.8979216 -99.00218 -0.028702266 0.99582196 -0.086688018 -17.070411 -0.90202237 0.011567105 0.43153438 229.00938
