1.000000000000000000e+00 4.398956837314658088e-19 2.733407509747682871e-20 -8.673617379884035472e-19 -5.583667658079949532e-19 1.000000000000000000e+00 -6.100159232558060012e-19 0.000000000000000000e+00 4.145284534913582806e-20 -2.210423569125054137e-19 1.000000000000000222e+00 0.000000000000000000e+00
9.999439806492482763e-01 -1.076104352785549291e-03 1.052984224042892783e-02 6.795258803712883600e-02 1.071811926723373158e-03 9.999993402084447203e-01 4.132793329091696442e-04 -2.784389585521171440e-03 -1.053028020646284112e-02 -4.019701639594977006e-04 9.999444742614322923e-01 2.745886836288902733e-01
9.998519534054027824e-01 -2.795516640055241506e-03 1.697811479763778469e-02 1.000165036140870517e-01 2.780207940704465964e-03 9.999957072033326400e-01 9.252099397003762937e-04 -1.059385235519993973e-02 -1.698062864673603387e-02 -8.778702663204772773e-04 9.998554333381760584e-01 5.191734859128622759e-01
9.997904521199124650e-01 -6.430409772675166682e-03 1.943454945065260786e-02 7.670473134200923859e-02 6.452242596454118261e-03 9.999786212897301407e-01 -1.060904128147193478e-03 -1.214724569918550212e-02 -1.942731225356379016e-02 1.186078279153113951e-03 9.998105684258308257e-01 9.100238851228023007e-01
9.998307432307284026e-01 -7.072554899919373389e-03 1.698422472276188075e-02 8.211548189544257137e-02 7.101955666073684129e-03 9.999733840159539255e-01 -1.671368593791811626e-03 -1.819048161006533992e-02 -1.697195211953184471e-02 1.791706951495706125e-03 9.998543606987563281e-01 1.160192846720039306e+00
9.998910645100000938e-01 -1.072842040964961871e-02 1.013706762164138381e-02 8.408938763226653235e-02 1.076311691235406695e-02 9.999363823604944246e-01 -3.374392940676105082e-03 -1.672134858956478287e-02 -1.010022099617119244e-02 3.483131842377672378e-03 9.999429250289360027e-01 1.518511862553345582e+00
9.999350441980180415e-01 -1.125954878647957708e-02 -1.769170171019666124e-03 5.847006838568967468e-02 1.125096396755929234e-02 9.999252342183992948e-01 -4.789756153658737692e-03 -2.899698089761869324e-02 1.822968419088287408e-03 4.769540211408082944e-03 9.999869640520929748e-01 1.824411604562069966e+00
9.997907247389488106e-01 -1.079735138401954203e-02 -1.737595805771023280e-02 3.709848067872786870e-02 1.071207625827517475e-02 9.999301568868252943e-01 -4.993270710009187902e-03 -3.363442478214542786e-02 1.742865886360474292e-02 4.806093189840099367e-03 9.998365583170297777e-01 2.131374013783577492e+00
9.993232630753843271e-01 -6.299098406396810672e-03 -3.623999411304010265e-02 1.138607588957741765e-02 6.105079481072833714e-03 9.999664472689594463e-01 -5.461898082118854872e-03 -3.991819510436517282e-02 3.627318381963705318e-02 5.236953788614657004e-03 9.993281895969352568e-01 2.491136685748905677e+00
9.984240461362290375e-01 -3.844678435311562649e-03 -5.598787742764312070e-02 -4.306550338234159392e-02 3.503167011944104299e-03 9.999746646174491049e-01 -6.196607026796210026e-03 -5.180707046392631077e-02 5.601028387938887521e-02 5.990706580836872679e-03 9.984122193090950725e-01 2.839564335513900417e+00
9.971237699027285517e-01 -3.253511011245535482e-03 -7.572055177843534102e-02 -9.629395201705835683e-02 2.789184614670381542e-03 9.999766595577356254e-01 -6.237049364106412273e-03 -5.846741288806651948e-02 7.573907804219234818e-02 6.007911564699040460e-03 9.971095713408615335e-01 3.181271375139032465e+00
9.952934650192807320e-01 -3.563140883694328447e-03 -9.684122172715062260e-02 -1.400912669491227447e-01 2.991601671654874929e-03 9.999772455795045145e-01 -6.046373964082030206e-03 -6.565946529148557198e-02 9.686056391567821056e-02 5.728206098732857403e-03 9.952814773262533832e-01 3.575300441584343236e+00
9.932364864243143909e-01 -4.122791147645221352e-03 -1.160357024410821197e-01 -1.984351102752571483e-01 3.509574644843112615e-03 9.999787792023799859e-01 -5.488535796242397652e-03 -7.588933696233464421e-02 1.160558701629129386e-01 5.044177993275479610e-03 9.932298785589791512e-01 3.965952080237101107e+00
9.910463884526500289e-01 -4.305263323190097226e-03 -1.334485674566243951e-01 -2.960659521603833944e-01 3.706285675561135379e-03 9.999819141514558751e-01 -4.736539929201462849e-03 -8.268870339328493468e-02 1.334665482851454810e-01 4.199532195680103809e-03 9.910444212600255653e-01 4.351675524407903950e+00
9.887608293955949534e-01 -3.325280795699415981e-03 -1.494689404929463450e-01 -3.711494440597765121e-01 2.714307114557356661e-03 9.999871079424954567e-01 -4.291442816388178760e-03 -8.657284084229090182e-02 1.494812863681412862e-01 3.837505850330652415e-03 9.887571082764973207e-01 4.791081131451131903e+00
9.866491227577699474e-01 -2.625975866097102901e-03 -1.628392217248917639e-01 -4.542998944156704244e-01 1.949331437642789090e-03 9.999887906663111892e-01 -4.314932887510542110e-03 -9.237048547186924030e-02 1.628487301316112468e-01 3.939897022816151242e-03 9.866431822036414445e-01 5.184253825096997836e+00
9.844831317486369970e-01 -3.493668674512509335e-03 -1.754444550625828825e-01 -5.350201489087829110e-01 2.637773762953532757e-03 9.999834577204774755e-01 -5.111402054776773528e-03 -9.742188226164033571e-02 1.754594133907173559e-01 4.569306205831688908e-03 9.844760619064197860e-01 5.629422056334094648e+00
9.827652942088824783e-01 -6.328366481759099826e-03 -1.847493638451012110e-01 -6.263257617399501376e-01 5.109326136597308957e-03 9.999619282158502820e-01 -7.073676342896119580e-03 -1.127839038490793394e-01 1.847870981180180228e-01 6.007818749348906549e-03 9.827602125270911149e-01 6.088548084960292428e+00
9.812083080932934021e-01 -5.852144961737451058e-03 -1.928626652008153253e-01 -7.250113473843547984e-01 4.264467066069707948e-03 9.999535270911976692e-01 -8.646269244778612140e-03 -1.255266236553780057e-01 1.929043048662294202e-01 7.661334630979554743e-03 9.811876650376794018e-01 6.522595590559384426e+00
9.795504327587346571e-01 -5.787864248505021451e-03 -2.011155124365035796e-01 -8.305791172731630256e-01 3.732356346272751400e-03 9.999368715662421137e-01 -1.059822592560077069e-02 -1.186594251064827799e-01 2.011641608967247863e-01 9.630861941324030118e-03 9.795101979263177716e-01 6.993647667073013885e+00
9.780069108366877817e-01 -6.578093755066237100e-03 -2.084687266970474684e-01 -9.422062128116442947e-01 3.939880186294484818e-03 9.999068491675970893e-01 -1.306791206696082328e-02 -1.353568502230930171e-01 2.085352732124586828e-01 1.195916642981684382e-02 9.779417258702616245e-01 7.464633148520288586e+00
9.762458415614602147e-01 -9.973435434702996802e-03 -2.164361021837890031e-01 -1.056938773695033751e+00 6.892348799454494322e-03 9.998639525358828939e-01 -1.498572440444204817e-02 -1.462277086527505321e-01 2.165561194939079614e-01 1.313799795345415612e-02 9.761817664871704769e-01 7.990389908210216774e+00
9.743285160399182132e-01 -1.559639931382857288e-02 -2.245900576709291829e-01 -1.179905736089605695e+00 1.229732865224346036e-02 9.997950723923856309e-01 -1.608069983332260575e-02 -1.665286422925659759e-01 2.247948378652130097e-01 1.290602657853737525e-02 9.743206435887333816e-01 8.500665255374070028e+00
9.723456050201532141e-01 -1.645880554051102826e-02 -2.329659436203903589e-01 -1.307824765534216338e+00 1.248617364353773670e-02 9.997505774502227771e-01 -1.851697422032124937e-02 -1.789918654623828265e-01 2.332126079639882943e-01 1.509604521373653606e-02 9.723085879278174914e-01 9.002410624958269381e+00
9.702753870949343273e-01 -1.271293725702274044e-02 -2.416693052590524748e-01 -1.442503494124207863e+00 7.545246259740597330e-03 9.997229229662650818e-01 -2.229678319974126230e-02 -1.881417618942810843e-01 2.418858060212326910e-01 1.981056549881548765e-02 9.701024686461571234e-01 9.535622077806905850e+00
9.681936241214039729e-01 -9.432378234164722278e-03 -2.500242689117547767e-01 -1.605682389390080234e+00 3.209090949661288789e-03 9.996750891304406750e-01 -2.528671391854270256e-02 -2.016976516382429363e-01 2.501815514692104503e-01 2.368008456847974300e-02 9.679093171947796836e-01 1.006997174966828190e+01
9.658395073189252056e-01 -1.267759099640853628e-02 -2.588306846146426476e-01 -1.769702150464457668e+00 5.748223786615772740e-03 9.996049701403911802e-01 -2.751111742861785808e-02 -2.280052151935669791e-01 2.590772179233301054e-01 2.508350740835593728e-02 9.655308458621804091e-01 1.063673286275076180e+01
9.634687076560758401e-01 -1.364638722717259091e-02 -2.674730339765054032e-01 -1.923005533596311878e+00 6.104437872727659989e-03 9.995605287485449519e-01 -2.900836419582834141e-02 -2.606568064956560349e-01 2.677513512503225113e-01 2.631587865197552653e-02 9.631285947503849254e-01 1.117748114258266412e+01
9.613359033064621251e-01 -1.424906855207342879e-02 -2.750095332918988111e-01 -2.105618352906761359e+00 5.688144729983761819e-03 9.994748142470859520e-01 -3.190204824344954754e-02 -2.766313663606443929e-01 2.753196814159794004e-01 2.910429036476925441e-02 9.609120745304651212e-01 1.175947248911202792e+01
9.590287022094267089e-01 -1.361310401039345086e-02 -2.829816778377812203e-01 -2.284267861105922837e+00 3.762068058378574900e-03 9.993687649289484387e-01 -3.532589018330831165e-02 -2.969182092526010397e-01 2.832839497702726583e-01 3.281394633893133794e-02 9.584745434726519298e-01 1.235845214363875932e+01
9.567758329485946955e-01 -1.501233502603366646e-02 -2.904386913887253563e-01 -2.479101662143293527e+00 3.358683682130769298e-03 9.991705951740126324e-01 -4.058128842976181649e-02 -3.316525404424230938e-01 2.908070250342376650e-01 3.785170443998470829e-02 9.560327005399090750e-01 1.295402139469266700e+01
9.549221679991715117e-01 -1.625593355815098048e-02 -2.964108564049527939e-01 -2.684472441082676575e+00 2.245004145258635078e-03 9.988664379538531035e-01 -4.754786084279745417e-02 -3.687781448167498644e-01 2.968477962727599229e-01 4.473906291107596772e-02 9.538761995175712993e-01 1.356719207121701309e+01
9.536640533458093927e-01 -1.622275809116733442e-02 -3.004358393005035488e-01 -2.901059003359140576e+00 -5.418769887407886253e-04 9.984510916161825067e-01 -5.563383866021345131e-02 -4.021572169332616187e-01 3.008730311757292775e-01 5.321879157479585815e-02 9.521781247696872175e-01 1.418194096813432736e+01
9.522779563602143948e-01 -1.626292257745561715e-02 -3.047986371178939558e-01 -3.090651028198915018e+00 -3.534166549581046514e-03 9.979251723974147392e-01 -6.428732336046137641e-02 -4.436723456343892313e-01 3.052117374801701644e-01 6.229661036382207195e-02 9.502446683090511881e-01 1.479201603137698484e+01
9.510808445755456475e-01 -1.493226956177060548e-02 -3.085810304762691136e-01 -3.327787030622458175e+00 -8.059703109495826995e-03 9.972920515976787526e-01 -7.309996572049294594e-02 -4.899693663669592580e-01 3.088369626390155553e-01 7.201104901846790141e-02 9.483850174808303723e-01 1.543943579822320622e+01
9.497830285905163317e-01 -1.467815172819399334e-02 -3.125647906880285043e-01 -3.566955820259193111e+00 -1.099168758531677940e-02 9.967176726303429435e-01 -8.020638285429305958e-02 -5.471086125551266610e-01 3.127161375153986733e-01 7.961427620701974628e-02 9.465041925246352461e-01 1.608931129750232003e+01
9.480710754453235412e-01 -1.337709600065920164e-02 -3.177771027875972432e-01 -3.788932244625784929e+00 -1.494910564269742378e-02 9.961368128606439276e-01 -8.653308202548246064e-02 -6.142434719738288917e-01 3.177070371328972742e-01 8.678999613646495859e-02 9.442085242661282241e-01 1.675882527133282451e+01
9.465281659439247486e-01 -1.221908153040272491e-02 -3.223897065859809841e-01 -4.032141727689447563e+00 -1.865636007376882469e-02 9.955372348675961547e-01 -9.250704946828446074e-02 -6.809840405603337921e-01 3.220813137091146916e-01 9.357514689647067341e-02 9.420760698962449275e-01 1.740877126027688959e+01
9.448138693685038669e-01 -1.091349316680168165e-02 -3.274257864653565275e-01 -4.291639022345201226e+00 -2.245668086570865030e-02 9.949366537676682665e-01 -9.796301575048937949e-02 -7.598459805687729496e-01 3.268370406069017742e-01 9.990971298939071987e-02 9.397848692281745020e-01 1.808432693498377120e+01
9.429110851077248112e-01 -7.712227575561865847e-03 -3.329552594251032338e-01 -4.542122009704380403e+00 -2.744739061627659085e-02 9.945314953180487416e-01 -1.007657955711571407e-01 -8.306445735006484643e-01 3.319116264213325396e-01 1.041519393684738615e-01 9.375430913466352711e-01 1.880017597750505232e+01
9.412692960524294827e-01 -6.662524919134256950e-03 -3.375910553641222056e-01 -4.799704573576556221e+00 -2.974410605422460330e-02 9.942825369630838850e-01 -1.025549844536040450e-01 -9.142637893027565354e-01 3.363441718411049330e-01 1.065732028561500316e-01 9.356894532478803317e-01 1.947880272591575235e+01
9.390677520410004586e-01 -6.109722039472384285e-03 -3.436777937033124730e-01 -5.080692881659328641e+00 -3.078240988292843885e-02 9.943298748017126432e-01 -1.017867541157640859e-01 -1.003683359137214737e+00 3.423509921825321767e-01 1.061638897581285157e-01 9.335550488089776611e-01 2.019896793431408710e+01
9.367991138619181646e-01 -6.516080080019085591e-03 -3.498070302316167446e-01 -5.357041004495870062e+00 -3.052211464112908335e-02 9.944925332920200312e-01 -1.002646584838207400e-01 -1.085424396332807184e+00 3.485338181333498264e-01 1.046046941484395781e-01 9.314408398558278179e-01 2.092910080582024790e+01
9.342204489408637569e-01 -5.886602946776277497e-03 -3.566475823913922705e-01 -5.628460988450339819e+00 -3.132094722179604857e-02 9.946479232517918545e-01 -9.846068777681889206e-02 -1.168544804365920120e+00 3.553183821831079059e-01 1.031545286730960603e-01 9.290360558968668858e-01 2.164632107232387881e+01
9.314053216059022811e-01 -5.444714926324837820e-03 -3.639429614690201098e-01 -5.947621497705995353e+00 -3.139206943970702934e-02 9.949607897608450102e-01 -9.522376185264122550e-02 -1.255718930151736190e+00 3.626274487881290254e-01 1.001168418470633759e-01 9.265408539930222176e-01 2.236037889746194907e+01
9.278050829037469693e-01 -2.160312225205134225e-03 -3.730590547041189864e-01 -6.264378510826775326e+00 -3.373734975456550017e-02 9.953999963894509806e-01 -8.966960711378145488e-02 -1.335403852328871599e+00 3.715367023919162182e-01 9.578194161544072160e-02 9.234642934666864589e-01 2.313606125876761155e+01
9.244030606832147612e-01 -1.313779313192325480e-04 -3.814170435697294970e-01 -6.579156260768197484e+00 -3.468663406007254507e-02 9.958272224365979364e-01 -8.440959958323625278e-02 -1.418852028561859546e+00 3.798365711326392447e-01 9.125856611567340071e-02 9.205411757898573910e-01 2.387320846995681123e+01
9.209197442848552351e-01 3.273571457205458248e-03 -3.897385087167304363e-01 -6.908989556433405177e+00 -3.751125784200983609e-02 9.960671133263733212e-01 -8.026961646340978473e-02 -1.488743779899467601e+00 3.879429496331365801e-01 8.854145681955792602e-02 9.174206676063580979e-01 2.460872829463316336e+01
9.170934684083691391e-01 4.314441054712765157e-03 -3.986489088519777901e-01 -7.246516293932930175e+00 -3.868174544658922048e-02 9.961864906303080636e-01 -7.820612829419902601e-02 -1.564529174421866786e+00 3.967912485555802893e-01 8.714276550231195295e-02 9.137630145254518332e-01 2.535611332253214911e+01
9.130129868990408681e-01 4.790548763147212466e-03 -4.079023571695238881e-01 -7.605760324447993881e+00 -3.988854008770928439e-02 9.961875896361551685e-01 -7.758344331314906417e-02 -1.648669790151102488e+00 4.059756056695417725e-01 8.710532126974961098e-02 9.097232952759770619e-01 2.613632129342584065e+01
9.092610001781753493e-01 4.809676788477821804e-03 -4.161986268905424335e-01 -7.969664622122982323e+00 -4.034393852368254457e-02 9.962433691077058340e-01 -7.662581932589060396e-02 -1.710924854914293025e+00 4.142665839333081745e-01 8.646396135413024486e-02 9.060392840863698005e-01 2.688556307096390086e+01
9.053269457188232172e-01 4.999236046132269663e-03 -4.246859137332480438e-01 -8.353569912173337997e+00 -4.068446476513054577e-02 9.963531857424041682e-01 -7.500069096019304493e-02 -1.784238061437387390e+00 4.227622241651372570e-01 8.517826596540858941e-02 9.022287783263410743e-01 2.767819510880728373e+01
9.015277371748701141e-01 5.739541089807069681e-03 -4.326832478542801952e-01 -8.744797822635941742e+00 -4.115852170555327205e-02 9.965160339351890606e-01 -7.253806078051894257e-02 -1.858142292912999816e+00 4.307594662967282328e-01 8.320367701537161043e-02 8.986230767484688631e-01 2.845190438070555672e+01
8.976607731811870883e-01 6.079610603237994328e-03 -4.406451755090012301e-01 -9.136174874377905653e+00 -4.023883193802918479e-02 9.968585779997881646e-01 -6.821885322458388912e-02 -1.929393089816728413e+00 4.388461865164419162e-01 7.896843601890385367e-02 8.950854789109466969e-01 2.923661432335177679e+01
8.938363050294710899e-01 6.852673015423913980e-03 -4.483410494584564865e-01 -9.544079731955715573e+00 -3.916931511727202858e-02 9.972542107961271940e-01 -6.284746508593819225e-02 -1.988037931582731677e+00 4.466793339774519644e-01 7.373655808983826943e-02 8.916504340758933944e-01 3.003407482595783051e+01
8.900468374114250958e-01 7.386314372581312751e-03 -4.558092423316119080e-01 -9.953237874344404545e+00 -3.811884831041102012e-02 9.975729413268377144e-01 -5.826817486696617837e-02 -2.062452475094469051e+00 4.542725872955197253e-01 6.923632835134833907e-02 8.881681999379018588e-01 3.083269564036939414e+01
8.862734852925565621e-01 6.652852410924655312e-03 -4.631145047626537004e-01 -1.040195890523319378e+01 -3.693917964595507669e-02 9.977270194941835202e-01 -5.635859866236338223e-02 -2.124559248932773148e+00 4.616869170092773866e-01 6.705620174713919357e-02 8.845047544843908094e-01 3.164546673051438930e+01
8.831856337685868308e-01 6.440431233409097539e-03 -4.689793734804953429e-01 -1.084832643349326808e+01 -3.666728469875640828e-02 9.977935344685150421e-01 -5.534955167468293136e-02 -2.189641891363184545e+00 4.675881197066194539e-01 6.608012926227679884e-02 8.814730688802234759e-01 3.247351370993192887e+01
8.801045076030580283e-01 6.181437172103755422e-03 -4.747397613770794056e-01 -1.129268978806841872e+01 -3.582605822132542417e-02 9.979290921319710073e-01 -5.342303523053762437e-02 -2.240177846844354281e+00 4.734263960673603666e-01 6.402590860594460642e-02 8.785033494349885341e-01 3.329208220800641982e+01
8.769949752754482297e-01 5.752310218793896257e-03 -4.804651076518766106e-01 -1.176490985186088167e+01 -3.505632478090534021e-02 9.980295221373711723e-01 -5.203966850811258399e-02 -2.306002644338484231e+00 4.792190217116056861e-01 6.248186879607042082e-02 8.754685316080913493e-01 3.412134074279857288e+01
8.745526895846570392e-01 4.237192213085770251e-03 -4.849119865180331335e-01 -1.225580741200639245e+01 -3.357984465839643218e-02 9.980906382376496522e-01 -5.184083289158118724e-02 -2.363715003605696197e+00 4.837664628541765155e-01 6.162080914483602373e-02 8.730251370445227810e-01 3.496211684579786549e+01
8.725583415726653191e-01 3.909700519184949701e-03 -4.884942681929957953e-01 -1.272466193579568383e+01 -3.367325192823789753e-02 9.980708777653460873e-01 -5.215970783189631532e-02 -2.423554229076585909e+00 4.873479825783586517e-01 6.196157885026055273e-02 8.710067228786282367e-01 3.579772144283665369e+01
8.709023879505144450e-01 4.474473928406286390e-03 -4.914356569842189271e-01 -1.321993143695490858e+01 -3.478334411069695237e-02 9.980120784502268805e-01 -5.255483138800125242e-02 -2.483159894444981308e+00 4.902235746537637606e-01 6.286390385388526680e-02 8.693267401692496010e-01 3.666691682492323423e+01
8.704474581029175706e-01 3.849383678494582624e-03 -4.922462799497073771e-01 -1.372957108839166551e+01 -3.367340541165490114e-02 9.980927113532949146e-01 -5.174013308375778608e-02 -2.542134257640046524e+00 4.911082650266332950e-01 6.161267599455116928e-02 8.689168860842481079e-01 3.753565287284363450e+01
8.701721009220962921e-01 3.648225095424202126e-03 -4.927344116447777145e-01 -1.423234982136811055e+01 -3.269316246294021178e-02 9.981966105148080137e-01 -5.034564473301965382e-02 -2.602795392559990262e+00 4.916621557964552802e-01 5.991842172744396566e-02 8.687221144003213213e-01 3.841758489120209674e+01
8.700360397435756843e-01 3.109741003722954304e-03 -4.929783101142756752e-01 -1.475702951415307496e+01 -3.177043826282542616e-02 9.982551113028473866e-01 -4.977320631748251289e-02 -2.668229491294023425e+00 4.919633445118483661e-01 5.896662037441974952e-02 8.686167222064162807e-01 3.932458700088411518e+01
8.693716839428352605e-01 1.003602818532256438e-03 -4.941577309997379208e-01 -1.527664377291906916e+01 -2.965433897965796470e-02 9.983016881918854724e-01 -5.014339023589703404e-02 -2.727995654662056957e+00 4.932681815252054625e-01 5.824716456442601692e-02 8.679249816064495970e-01 4.022693871834120927e+01
8.683529837334971191e-01 1.631631103660351819e-04 -4.959466343822593326e-01 -1.580321588935701449e+01 -2.912112410589533240e-02 9.982913153684095375e-01 -5.065974576161674792e-02 -2.786836657262188321e+00 4.950909607026021120e-01 5.843306496970541997e-02 8.668739945129575464e-01 4.112840475810018859e+01
8.668390472202388564e-01 -9.849412532996020247e-04 -4.985870948944411962e-01 -1.633378656891468239e+01 -2.711167132521717996e-02 9.984254184826051315e-01 -4.910846212082783935e-02 -2.851629137555240501e+00 4.978504063847505878e-01 5.608666202857288258e-02 8.654474357629726722e-01 4.203877071809559851e+01
8.650415849681724056e-01 -8.117392065740173471e-04 -5.016995040746666801e-01 -1.689188091209168618e+01 -2.547164539178864429e-02 9.986379720529722226e-01 -4.553455939662641450e-02 -2.910489400663676118e+00 5.010531461401246389e-01 5.216839932293616117e-02 8.638426985146832049e-01 4.298316150715903916e+01
8.618324608642412565e-01 -3.015268123347878554e-04 -5.071929745320890026e-01 -1.741202080871700986e+01 -2.377304092004070210e-02 9.988767224812983292e-01 -4.098946027345437559e-02 -2.976375227106984767e+00 5.066356242127733056e-01 4.738356673634146199e-02 8.608572163293749524e-01 4.388171403517836211e+01
8.580257289711856750e-01 -1.996988526251197455e-03 -5.136028186029555354e-01 -1.797186703018624598e+01 -2.090522461619770747e-02 9.990279550147720400e-01 -3.880871964393840107e-02 -3.045485659523736288e+00 5.131810829687083464e-01 4.403586219557284465e-02 8.571499425826818452e-01 4.477038120576637681e+01
8.529515737329474989e-01 -4.324355526998171009e-03 -5.219721328569326690e-01 -1.854678534691161218e+01 -1.981146784694024984e-02 9.989770193968382506e-01 -4.064997531437779948e-02 -3.106094791554484758e+00 5.216139594223465625e-01 4.501349449328920921e-02 8.519933497108377329e-01 4.569684118631813874e+01
8.472023310091407744e-01 -7.489433860482539590e-03 -5.312175761450713685e-01 -1.909406889169217081e+01 -1.867914046938496872e-02 9.988624929554443810e-01 -4.387265558639222296e-02 -3.166705146978928465e+00 5.309419029092136144e-01 4.709170376786413204e-02 8.460987369385585266e-01 4.656318969871659164e+01
8.408806813294399385e-01 -8.169487076312258178e-03 -5.411588801353445222e-01 -1.969874696987561080e+01 -1.841460479689567900e-02 9.988752852918328928e-01 -4.369286890207549345e-02 -3.222536306177659071e+00 5.409071884310630018e-01 4.670571623290502988e-02 8.397844933336890971e-01 4.747040680257504164e+01
8.350054128042839752e-01 -5.071177992289559178e-03 -5.502183547113412843e-01 -2.030588290534587159e+01 -1.937239618154399171e-02 9.990666538971417765e-01 -3.860740047303255762e-02 -3.272374806202901887e+00 5.499006050330055295e-01 4.289643622948586393e-02 8.341278236510729638e-01 4.836077961357938904e+01
8.301053485952712974e-01 -1.168324963314416832e-03 -5.576053615401543873e-01 -2.089896738963002321e+01 -2.135351056052600671e-02 9.991976808336531235e-01 -3.388247694850687192e-02 -3.339735450444529352e+00 5.571975794230261680e-01 4.003285718594025433e-02 8.294143920995419306e-01 4.924080725093212152e+01
8.259580768993857181e-01 -9.707043154428020553e-04 -5.637307041334109758e-01 -2.151022307971256708e+01 -2.265353571761865789e-02 9.991336238949862780e-01 -3.491158783647625719e-02 -3.388033702875212771e+00 5.632761998623403432e-01 4.160600147232950546e-02 8.252204974562089568e-01 5.012731100531794937e+01
8.223226787314382724e-01 -2.774397022867542990e-03 -5.690146821529900034e-01 -2.213137658670186170e+01 -2.385111450364793897e-02 9.989412022463745044e-01 -3.933953273204737755e-02 -3.438074600186389329e+00 5.685213639664812302e-01 4.592142419121167385e-02 8.213858336551170813e-01 5.099313239912704887e+01
8.194169567526936593e-01 -5.059686129437277607e-03 -5.731755788772350257e-01 -2.274914849176149545e+01 -2.612016479100838853e-02 9.985926595150609320e-01 -4.615666148617426912e-02 -3.509513603664922154e+00 5.726024737620702965e-01 5.279299164127281008e-02 8.181315990540113381e-01 5.184995309337203651e+01
8.163269321192833106e-01 -5.603600931455234371e-03 -5.775629256824427182e-01 -2.337484163313792962e+01 -2.686979465468240097e-02 9.985018918052542825e-01 -4.766535684318892047e-02 -3.567433524078530649e+00 5.769647815044440797e-01 5.442951172308011648e-02 8.149534192462342119e-01 5.271516380685488201e+01
8.130348190536633712e-01 -4.323993452139621683e-03 -5.821990033992842095e-01 -2.398917602476895539e+01 -2.628951609687130500e-02 9.986798205938914874e-01 -4.413023146492806026e-02 -3.628494384144680396e+00 5.816212251163976887e-01 5.118514478031657711e-02 8.118477923407804164e-01 5.357107634479606162e+01
8.097399911707613418e-01 -2.491537159357497516e-03 -5.867835480956439254e-01 -2.463455382386350223e+01 -2.476814878253719501e-02 9.989546441248055020e-01 -3.842079949693511659e-02 -3.693786622930261831e+00 5.862658874214803362e-01 4.564439996662308929e-02 8.088318147653584811e-01 5.445145226584144638e+01
8.067576586213213163e-01 -9.941852152510156568e-04 -5.908816168558497228e-01 -2.528882333261868709e+01 -2.474763182882477527e-02 9.990642776221445587e-01 -3.547004293853425055e-02 -3.746914676943104094e+00 5.903639896755114025e-01 4.323864937284026960e-02 8.059781545180924045e-01 5.530397515233416783e+01
8.040136154610997288e-01 3.296247352184545991e-05 -5.946108797132346746e-01 -2.591652914892247850e+01 -2.666438717807710981e-02 9.989960249343705634e-01 -3.599934268590686270e-02 -3.804872116704429263e+00 5.940127288293276520e-01 4.479889626679818548e-02 8.032072855889931251e-01 5.614936985085774523e+01
8.002581489897485634e-01 -8.605289425748286793e-04 -5.996550237982729570e-01 -2.658008120079433922e+01 -2.695702823656385624e-02 9.989363957711268061e-01 -3.740850016501074543e-02 -3.855937857478126229e+00 5.990494296025699050e-01 4.610137439830394590e-02 7.993837945681691037e-01 5.700355791239014280e+01
7.964349879759510253e-01 -3.433731197534043572e-03 -6.047144056613003027e-01 -2.724605120871495956e+01 -2.604153508841610537e-02 9.988614854588439007e-01 -3.996963054638166812e-02 -3.919067003386768722e+00 6.041631848981385833e-01 4.758090353923292992e-02 7.954388163691876734e-01 5.787529037803113852e+01
7.922628751143976356e-01 -3.984851258337173893e-03 -6.101669038516108756e-01 -2.789280671622584151e+01 -2.604490684745264933e-02 9.988464729973859368e-01 -4.034087575447971308e-02 -3.971009239023309156e+00 6.096238227492825068e-01 4.785231828248211194e-02 7.912451942621525625e-01 5.870418186245598946e+01
7.875544451509984833e-01 -4.752717742556034075e-03 -6.162267442642229698e-01 -2.857773954112164816e+01 -2.483647158666366789e-02 9.989129941457184358e-01 -3.944591046291238273e-02 -4.030068289056254471e+00 6.157443880795301361e-01 4.637070003510391364e-02 7.865803289753763305e-01 5.956467885513237093e+01
7.828574613674352811e-01 -4.842464669075889627e-03 -6.221822388469979703e-01 -2.926467911857758608e+01 -2.459365347653049219e-02 9.989474156382164294e-01 -3.871967257710361848e-02 -4.087099941200522224e+00 6.217148489181454352e-01 4.561371883036924313e-02 7.819143448125754903e-01 6.040296961645041307e+01
7.773340023167375490e-01 -5.403754168135802352e-03 -6.290648939110817794e-01 -2.995739218485381627e+01 -2.488335402668520602e-02 9.989164320203077763e-01 -3.932913142509002202e-02 -4.144793681035454647e+00 6.285957951307663549e-01 4.622511546970761720e-02 7.763572454283225177e-01 6.122766123126297799e+01
7.719573277871172312e-01 -6.829713364511982507e-03 -6.356376573289972409e-01 -3.065058830461173045e+01 -2.430499960488135061e-02 9.988939800998656304e-01 -4.025026160319519763e-02 -4.207670665608911342e+00 6.352095381325945089e-01 4.652065726878281543e-02 7.709375323230953647e-01 6.206298955002343121e+01
7.665369643138946198e-01 -8.219157187406799653e-03 -6.421475842627357711e-01 -3.135021778634442313e+01 -2.364730666094881986e-02 9.988787358453568022e-01 -4.101311993058444350e-02 -4.266684375873449397e+00 6.417646715396998491e-01 4.662313316032377919e-02 7.654831138543691793e-01 6.288946325717433439e+01
7.607939778273986597e-01 -9.245231328537991539e-03 -6.489276084630497543e-01 -3.206453667297179777e+01 -2.356602000526610008e-02 9.988455681350758564e-01 -4.185897466706959419e-02 -4.324701435030741337e+00 6.485654728407740377e-01 4.713869671256112892e-02 7.596978206119769927e-01 6.373424576295767707e+01
7.548404029935775750e-01 -1.145204725714013029e-02 -6.558085151120071066e-01 -3.279502126796235473e+01 -2.222239833426547032e-02 9.988270280957343150e-01 -4.302014639883139369e-02 -4.390368915698774188e+00 6.555319502025809264e-01 4.704698255806395724e-02 7.537005053640472019e-01 6.455025442376363287e+01
7.486052709891336532e-01 -1.216173672847453702e-02 -6.629043913832473045e-01 -3.353193288532352767e+01 -2.182259610438660666e-02 9.988380590839199824e-01 -4.296866372504111464e-02 -4.450952597526979915e+00 6.626567206508514607e-01 4.663286279136820422e-02 7.474700361475353771e-01 6.536940389020031716e+01
7.426031571859565972e-01 -1.195753115424903062e-02 -6.696249397516934598e-01 -3.428829504247908488e+01 -2.148497789621510792e-02 9.989006526032155886e-01 -4.166391713693529120e-02 -4.510064399949129665e+00 6.693869984499535297e-01 4.532663326865963432e-02 7.415298719767476898e-01 6.618673760943745776e+01
7.362984449020357758e-01 -1.301713563232039135e-02 -6.765317033257269852e-01 -3.504355906714961577e+01 -1.993985765808175756e-02 9.989633407142628485e-01 -4.092243907713820350e-02 -4.573293278326255873e+00 6.763630750612423803e-01 4.362107393158642238e-02 7.352755953914646980e-01 6.699640647786736736e+01
7.299659765744365147e-01 -1.479521777065877057e-02 -6.833233244999011857e-01 -3.582193697101102714e+01 -1.862362433132696421e-02 9.989639111787660397e-01 -4.152426772864504373e-02 -4.629365162669991207e+00 6.832297132134694806e-01 4.303725933859178093e-02 7.289341273591886106e-01 6.779592412144432956e+01
7.231112968153714515e-01 -1.614768356640169239e-02 -6.905427545002206235e-01 -3.659332016445350888e+01 -1.857057918967224344e-02 9.989108390989870356e-01 -4.280501313538213198e-02 -4.700324457936461364e+00 6.904818560511182257e-01 4.377656726877528909e-02 7.220238413879713768e-01 6.859655967306210300e+01
7.173393534376852898e-01 -1.566122906076137383e-02 -6.965478941378756561e-01 -3.738437628665586487e+01 -1.971285176216703433e-02 9.988908609837814367e-01 -4.276039465959412950e-02 -4.762313452276301540e+00 6.964450180422646630e-01 4.440465904471312120e-02 7.162349978549442664e-01 6.939407637635112280e+01
7.118043295221460065e-01 -1.597784638743707589e-02 -7.021960521645159714e-01 -3.818943624886978938e+01 -1.907206315689159715e-02 9.989329168182174978e-01 -4.206285934057193282e-02 -4.820228793575970450e+00 7.021188365863757497e-01 4.333285263627636302e-02 7.107400455750302326e-01 7.020637388887193708e+01
7.068565138610097831e-01 -1.519231116095277195e-02 -7.071937875490802439e-01 -3.898826113694841666e+01 -2.041176010978220864e-02 9.989149094584838240e-01 -4.186124395880504168e-02 -4.883451203765909909e+00 7.070623995020841601e-01 4.402496270511642440e-02 7.057794097166580904e-01 7.100824932630884234e+01
7.024882660607377760e-01 -1.532278158604588950e-02 -7.115303499915676122e-01 -3.982306557244988454e+01 -2.138683395843851698e-02 9.988621871495031446e-01 -4.262551410754317899e-02 -4.953732567744959070e+00 7.113739153310421059e-01 4.516130474595048822e-02 7.013612610885789911e-01 7.179737627518875343e+01
6.971388136385467948e-01 -1.799808741742410512e-02 -7.167102160496698904e-01 -4.064479278665157835e+01 -2.045529810313123989e-02 9.987785283095929056e-01 -4.497813024785051600e-02 -5.020897623994668102e+00 7.166443074936613700e-01 4.601652128788373541e-02 6.959191230668444472e-01 7.258684506503091427e+01
6.919528552397246068e-01 -1.994656249241564400e-02 -7.216670777239989620e-01 -4.146985579402038269e+01 -2.068831453905097331e-02 9.986598691578609799e-01 -4.743900723571581324e-02 -5.084773115720471637e+00 7.216462069857279005e-01 4.775563182055461708e-02 6.906128881216969662e-01 7.337428611515524324e+01
6.870648835616320893e-01 -2.008143794014876152e-02 -7.263185057609493622e-01 -4.233310513342833303e+01 -2.217020424931599384e-02 9.985731747301017647e-01 -4.858082737025913589e-02 -5.146358894040340637e+00 7.262577615588259317e-01 4.948080995308207913e-02 6.856393534525571098e-01 7.417067902020784231e+01
6.822069185943634428e-01 -2.012759565693241631e-02 -7.308820631158287062e-01 -4.318440091167146733e+01 -2.107546505300312775e-02 9.986643331067971419e-01 -4.717387610286679495e-02 -5.220946840144765844e+00 7.308553574525705754e-01 4.758602384205779662e-02 6.808715199763978321e-01 7.494381384571680371e+01
6.771395737943074478e-01 -2.040992246003485791e-02 -7.355714938861575014e-01 -4.405700869202340897e+01 -2.014151108816352592e-02 9.987266690464469132e-01 -4.625321716767740593e-02 -5.292567704003665163e+00 7.355789052011452167e-01 4.613540495151473297e-02 6.758662653588242142e-01 7.572748129082422963e+01
6.721791028979470228e-01 -2.098757598491632001e-02 -7.400910519106883578e-01 -4.492719771684701868e+01 -1.983472679431122834e-02 9.987289384356557997e-01 -4.633671519790414500e-02 -5.365981936127227847e+00 7.401228587213800614e-01 4.582607525614110222e-02 6.709084400697922224e-01 7.650054684586990561e+01
6.672943467562161279e-01 -2.124953302079366987e-02 -7.444909011251317210e-01 -4.579729170919404879e+01 -1.996347297315381047e-02 9.987234636601911575e-01 -4.639938483254540946e-02 -5.432139949637132759e+00 7.445265095413481360e-01 4.582467095731802137e-02 6.660183078308850035e-01 7.728502622466348271e+01
6.630647328097014626e-01 -2.188982688055205600e-02 -7.482419296002542630e-01 -4.668696535824906135e+01 -1.932896626479299260e-02 9.987383900519393176e-01 -4.634672943810734524e-02 -5.498849176288656437e+00 7.483124749344260973e-01 4.519362456044469234e-02 6.618050970624329565e-01 7.805237844745109044e+01
6.591395265789580238e-01 -2.297513937760567101e-02 -7.516696195890407717e-01 -4.758661173964435420e+01 -1.768539411585568280e-02 9.987831881336909357e-01 -4.603661546024934159e-02 -5.568563797284888928e+00 7.518126897075391168e-01 4.363812614456903660e-02 6.579311544329331518e-01 7.882910248339798898e+01
6.547637904109295803e-01 -2.529353038505860463e-02 -7.554102233446109427e-01 -4.849189554589162299e+01 -1.523917580992974891e-02 9.987949708520647008e-01 -4.665162100195657108e-02 -5.646946162374219647e+00 7.556799292433478143e-01 4.205762113965907933e-02 6.535893294537530318e-01 7.959902649127195673e+01
6.510841056487932654e-01 -2.966696262040343507e-02 -7.584255718731479634e-01 -4.939615393626426965e+01 -1.245264787074580604e-02 9.986838083131488464e-01 -4.975522673046021971e-02 -5.720864485681858014e+00 7.589034379913990325e-01 4.183924361975915190e-02 6.498577229783408793e-01 8.036817837181799007e+01
6.459227196141014149e-01 -3.413489451197394137e-02 -7.626392584481844761e-01 -5.030332690556072350e+01 -8.061715095851681306e-03 9.986391183994510756e-01 -5.152591536805723599e-02 -5.790412931012039799e+00 7.633602415786023832e-01 3.942993952496263999e-02 6.447685105371248060e-01 8.114042745717634375e+01
6.395079262022453914e-01 -3.823790891418457627e-02 -7.678329660646915356e-01 -5.122952843108740950e+01 -2.436264859859520009e-03 9.986564790606664577e-01 -5.176196899911658655e-02 -5.867840846828032753e+00 7.687806491307662693e-01 3.497283359909251349e-02 6.385555773085226372e-01 8.189753714404551488e+01
6.309751279883225594e-01 -4.213968625916939686e-02 -7.746577461389102526e-01 -5.215561728656105345e+01 3.043826980421271856e-03 9.986504976809955636e-01 -5.184514036274385368e-02 -5.952071137230210418e+00 7.757970950675948663e-01 3.035506955720247702e-02 6.302518925838478392e-01 8.266844099937947021e+01
6.220715498139298694e-01 -4.255025800268940478e-02 -7.818033328255593606e-01 -5.309623730038987333e+01 4.429924538712362928e-03 9.986974923907209201e-01 -5.083005449199927417e-02 -6.034294578795323716e+00 7.829478734991711653e-01 2.815660061036865183e-02 6.214497924092097225e-01 8.341577808558714935e+01
6.132690984756239416e-01 -4.154507197798519569e-02 -7.887807099715724579e-01 -5.406870013553767507e+01 5.509470902988475478e-03 9.988165133438973164e-01 -4.832409730448366386e-02 -6.103139715058239823e+00 7.898548402806144786e-01 2.528991078955943744e-02 6.127721951468910744e-01 8.416317123153379498e+01
6.045493289951390237e-01 -4.166508608937921632e-02 -7.954772893089355756e-01 -5.506665689791694973e+01 6.056001716325526765e-03 9.988426611764272822e-01 -4.771439022986737055e-02 -6.189804183144939742e+00 7.965446905055700855e-01 2.402829032215733629e-02 6.041019855290801210e-01 8.489146330438664734e+01
5.950644264606854694e-01 -4.203903724456963670e-02 -8.025777444644583980e-01 -5.603646505452903170e+01 3.473248714445944206e-03 9.987561779905658188e-01 -4.973965671570611258e-02 -6.251077959067414369e+00 8.036705017734410150e-01 2.681074775155724288e-02 5.944702853818557564e-01 8.561071595677104540e+01
5.850652859329369404e-01 -4.431140703403578518e-02 -8.097747207761165633e-01 -5.703607006334274843e+01 4.553343908382609211e-03 9.986699233338941495e-01 -5.135806913720597500e-02 -6.345338166243176481e+00 8.109734206388485855e-01 2.636064017933599860e-02 5.844888704530846191e-01 8.632744041835144344e+01
5.750274860160833335e-01 -4.565165745557502042e-02 -8.168594152657020491e-01 -5.803403106669663458e+01 4.207594047166821928e-03 9.985937948115206630e-01 -5.284627795554579927e-02 -6.402005334062224939e+00 8.181232776375320093e-01 2.695104911246605853e-02 5.744109641634839170e-01 8.702830055772423634e+01
5.650676443404775151e-01 -4.687200450439728272e-02 -8.237120614234411109e-01 -5.904371432795321084e+01 7.608949574149019394e-03 9.986385271246287498e-01 -5.160616243198001135e-02 -6.490271243086505493e+00 8.250094983369592461e-01 2.289338862555100398e-02 5.646549679384765819e-01 8.772669667861552512e+01
5.548088657196326157e-01 -4.690430532176706468e-02 -8.306546190138349717e-01 -6.009695676796162900e+01 8.786763272455960089e-03 9.986842164777081088e-01 -5.052354421873550550e-02 -6.569563652858584568e+00 8.319314434837333794e-01 2.073214426216399286e-02 5.544909955433001691e-01 8.842364309634831443e+01
5.442162390762051993e-01 -4.712125421674524112e-02 -8.376205941591178261e-01 -6.114549353907884210e+01 9.114867747561601619e-03 9.986945454951113854e-01 -5.026056062947818065e-02 -6.656648740265886488e+00 8.388954737435027065e-01 1.971781182721835807e-02 5.439352947053511800e-01 8.910474400009670148e+01
5.339290537974438200e-01 -4.800443710045632084e-02 -8.441654616116409660e-01 -6.219371557706767106e+01 8.078759983227538910e-03 9.986310940782576751e-01 -5.167854050304240138e-02 -6.732561771894668645e+00 8.454906923803182650e-01 2.077286357320476742e-02 5.335859726581375639e-01 8.974828450166064897e+01
5.239929954642734700e-01 -4.871528812249458634e-02 -8.503282591337100182e-01 -6.327068458285810948e+01 7.425244025044925450e-03 9.985862976671443514e-01 -5.263337186967272791e-02 -6.811228247659940394e+00 8.516902126933495465e-01 2.126562285352515125e-02 5.236139494335362299e-01 9.037828935449121559e+01
5.139001059663913518e-01 -4.900776630840576742e-02 -8.564490099409359791e-01 -6.432617770043212602e+01 5.308599592874028300e-03 9.985293893780055052e-01 -5.395254668086493788e-02 -6.901459187206262946e+00 8.578336155612766856e-01 2.317967409575406867e-02 5.134045228157474439e-01 9.102470099564121142e+01
