1 0 0 0 0 1 0 0 0 0 1 0
0.99987623 0.00098597674 0.015701676 0.019792932 -0.00097402951 0.99999923 -0.00076852225 -0.0070333755 -0.015702423 0.00075313326 0.99987643 0.098956395
0.99933082 0.0030883364 0.036446938 0.035171528 -0.003066853 0.99999509 -0.00064534151 -0.0029372552 -0.036448756 0.0005331323 0.99933538 0.24125567
0.99798816 0.0050859452 0.063196189 0.061063364 -0.0051517684 0.99998634 0.00087865687 -0.0036496069 -0.063190862 -0.0012024613 0.99800074 0.39430402
0.99527738 0.0045200559 0.096966475 0.10941613 -0.0048208608 0.99998427 0.0028680905 8.2145969e-06 -0.096951993 -0.0033220075 0.99528352 0.5770889
0.99098148 0.0013120427 0.13399244 0.17975807 -0.0020200227 0.99998471 0.0051479197 -0.0028855175 -0.13398365 -0.0053721609 0.99096898 0.77720207
0.98466067 -0.0018668056 0.17447029 0.23993999 0.00088035913 0.99998319 0.0057311718 -0.0073834156 -0.17447807 -0.0054896629 0.98464576 0.94892993
0.97628859 -0.0022468586 0.21646141 0.33378344 0.00076642916 0.99997574 0.0069229344 -0.0072772376 -0.21647173 -0.0065928794 0.97626663 1.1822634
0.96422545 -0.0021493969 0.26507482 0.42741384 -0.00049252071 0.99995087 0.0098998168 0.00086565202 -0.2650831 -0.0096762101 0.96417702 1.3619405
0.95001427 -0.0060466712 0.3121479 0.5537377 0.00077881099 0.99985522 0.016998078 0.0095477439 -0.31220552 -0.015905312 0.94988144 1.6262029
0.93317942 -0.015686246 0.35906837 0.70014704 0.0070306952 0.99965268 0.025398779 -0.0019774175 -0.3593421 -0.021177118 0.93296559 1.8283839
0.91206028 -0.021368507 0.40949899 0.84797906 0.010036418 0.99950542 0.029802565 -0.0066284258 -0.40993333 -0.023071833 0.91182365 2.049338
0.88659015 -0.023194755 0.4619739 1.0442695 0.0085759501 0.99939455 0.033719132 -0.00073468876 -0.46247635 -0.025933186 0.88625229 2.3191345
0.85932876 -0.025205997 0.51080204 1.2225676 0.0065091176 0.99924285 0.038358188 0.013750894 -0.51138218 -0.029637423 0.85884219 2.5120829
0.82622023 -0.030598904 0.56251561 1.4660385 0.0078293604 0.99905104 0.042845195 0.018706939 -0.56329287 -0.03099543 0.82567576 2.7341053
0.7909668 -0.036306292 0.61078093 1.6876359 0.009957568 0.99886959 0.046480078 0.024829639 -0.61177806 -0.030682306 0.7904342 2.9438315
0.75272651 -0.040941239 0.65705904 1.9534228 0.011069204 0.99871037 0.049548601 0.032603916 -0.65824032 -0.030023425 0.75220896 3.1377765
0.71351407 -0.044185793 0.69924619 2.2165438 0.012432981 0.99865078 0.050418679 0.044807669 -0.70053061 -0.027280723 0.71310075 3.377192
0.67154999 -0.045671243 0.73955034 2.5291983 0.011111094 0.99860706 0.051579952 0.056032516 -0.74087597 -0.026421303 0.67112201 3.5856701
0.62899792 -0.046432154 0.77601908 2.8502107 0.0071347453 0.9985175 0.053962046 0.079669093 -0.77737427 -0.028405316 0.62839671 3.7887224
0.58735719 -0.047028725 0.80796025 3.179101 0.0040454426 0.99846841 0.055176695 0.097164471 -0.80931775 -0.029139872 0.58664786 4.0255176
0.54732219 -0.048241058 0.83553047 3.5587255 0.0021632405 0.99841558 0.05622851 0.11221489 -0.83691923 -0.028967658 0.54655936 4.2142765
0.50905787 -0.051039809 0.85921764 3.9830902 0.0012917115 0.99828449 0.058535452 0.1300179 -0.86073136 -0.028688071 0.50825051 4.4112428
0.47061365 -0.050598385 0.88088735 4.3968034 -0.0014172163 0.99830974 0.058100302 0.15307644 -0.88233829 -0.028591203 0.46974648 4.6298322
0.4346331 -0.049909367 0.89922359 4.8589235 -0.0027450962 0.99838522 0.05673993 0.17716248 -0.90060347 -0.027129506 0.43379425 4.8170677
0.40110607 -0.048739261 0.91473403 5.357355 -0.0018476541 0.99853843 0.05401475 0.19675309 -0.91602979 -0.023355756 0.40042977 5.0084636
0.37144008 -0.04707401 0.92726276 5.8554796 0.00018874502 0.99871767 0.050625928 0.21806647 -0.92845695 -0.018629482 0.37097266 5.1741761
0.34611223 -0.045205721 0.93710335 6.4165869 0.0011291715 0.99885783 0.047767696 0.24107455 -0.93819248 -0.015474833 0.34576796 5.3349738
0.3251793 -0.044607156 0.94459968 6.995049 0.0024540375 0.99892328 0.046327694 0.27154438 -0.94564923 -0.012746724 0.32493864 5.5220364
0.31021502 -0.045155419 0.94959336 7.5851134 0.0037485232 0.99892163 0.04627652 0.29655405 -0.95065907 -0.010796098 0.31004976 5.7169436
0.29680682 -0.04643713 0.95380775 8.2208609 0.0042711783 0.9988715 0.047301997 0.31096994 -0.95492803 -0.0099656717 0.29667021 5.9121934
0.28662552 -0.048282893 0.95682522 8.8640689 0.0032842013 0.99877289 0.049415827 0.34165513 -0.95803711 -0.01102143 0.28643237 6.099476
0.27725713 -0.050104089 0.9594884 9.4967802 0.0015834916 0.99866181 0.051692137 0.37070386 -0.96079449 -0.012812671 0.27696545 6.2992325
0.26520031 -0.051808356 0.9628004 10.225564 0.0010043962 0.99856968 0.053456445 0.40206851 -0.96419286 -0.013209632 0.26487302 6.4648434
0.25516952 -0.053753818 0.96540093 10.919492 0.00036015304 0.99845866 0.055499288 0.42868796 -0.9668963 -0.013814034 0.25479558 6.6673848
0.24524427 -0.055432124 0.96787522 11.641573 -0.00036400925 0.99835865 0.057270203 0.45904793 -0.96946129 -0.014397504 0.24482156 6.841518
0.23523469 -0.056889628 0.9702722 12.383582 -0.00028276741 0.99828148 0.05860044 0.48721153 -0.9719386 -0.014059217 0.23481434 7.0140607
0.22448005 -0.059662828 0.97265049 13.167684 -0.0021434191 0.99809132 0.061718064 0.52755719 -0.97447637 -0.015939271 0.22392371 7.2000623
0.21416782 -0.063222938 0.97474865 13.925854 -0.0036945824 0.99784359 0.065532651 0.56947559 -0.97678994 -0.017636273 0.2134724 7.3651011
0.20115771 -0.066933035 0.97726939 14.721912 -0.0036453307 0.99760473 0.06907614 0.60663883 -0.97955213 -0.017457668 0.20043189 7.5345175
0.18700748 -0.069281515 0.97991234 15.547733 -0.0048210796 0.99743322 0.071440331 0.63977612 -0.9823467 -0.018084111 0.18619346 7.708509
0.17322953 -0.070040622 0.98238778 16.342719 -0.0053238749 0.9973869 0.072048789 0.68144055 -0.98486713 -0.017711087 0.17240397 7.8306166
0.15899822 -0.069406001 0.98483617 17.122745 -0.0069259241 0.99742291 0.071411212 0.72137237 -0.98725462 -0.018175156 0.15810777 7.9468049
0.14147867 -0.068276848 0.98758391 17.961189 -0.0079187264 0.99750872 0.070097418 0.76113401 -0.98990967 -0.017737696 0.14058554 8.0801378
0.1217128 -0.066815328 0.9903139 18.761315 -0.010175338 0.9975953 0.068557176 0.79834814 -0.99251324 -0.018421064 0.12074025 8.1557126
0.096163676 -0.065244511 0.99322486 19.581591 -0.015073623 0.99763951 0.06699393 0.83945077 -0.99525143 -0.021413879 0.094953211 8.273537
0.067736029 -0.064843082 0.99559385 20.385328 -0.01858915 0.99763052 0.066240457 0.88362009 -0.99753013 -0.022994108 0.066370151 8.3123102
0.034826003 -0.064731361 0.9972948 21.226962 -0.021855722 0.99761219 0.065515174 0.91783773 -0.99915442 -0.02407823 0.033328093 8.3386066
-9.0081456e-05 -0.063828827 0.99796081 22.059054 -0.023462673 0.99768627 0.063809149 0.95390506 -0.99972475 -0.02340908 -0.0015874695 8.3213085
-0.036183481 -0.063034837 0.99735514 22.919169 -0.0239752 0.99777622 0.062191643 0.98597312 -0.99905757 -0.021661478 -0.037614292 8.284064
-0.066794589 -0.061285007 0.9958828 23.729148 -0.027491444 0.99784598 0.059561947 1.0143474 -0.99738798 -0.02339984 -0.068335527 8.2254534
-0.10126952 -0.058316546 0.99314832 24.593975 -0.029254496 0.99802335 0.055619775 1.0494969 -0.99442885 -0.023421465 -0.10277536 8.1288514
-0.13466854 -0.053234419 0.98945965 25.442643 -0.025411437 0.99841296 0.050257545 1.0789378 -0.99056485 -0.018375481 -0.13580758 8.0293035
-0.16549922 -0.047677434 0.98505674 26.289088 -0.021414895 0.99876897 0.044743202 1.0976901 -0.98597743 -0.013689921 -0.1663165 7.8563442
-0.19510933 -0.041602273 0.97989873 27.09177 -0.015887327 0.99910295 0.039254248 1.1085908 -0.98065285 -0.0079091005 -0.19559526 7.6988857
-0.22362305 -0.035769414 0.9740191 27.930826 -0.0095701748 0.99935878 0.03450278 1.1263622 -0.97462876 -0.0016059153 -0.22382198 7.4801694
-0.25188709 -0.029311696 0.96731259 28.740427 -0.00095134626 0.99954822 0.030040777 1.1433022 -0.9677562 0.0066466356 -0.25180118 7.2388263
-0.27863648 -0.019032529 0.960208 29.544872 0.0046707553 0.99976494 0.021171974 1.1409475 -0.96038533 0.010384182 -0.27848209 6.9992578
-0.30324998 -0.0038600541 0.95290318 30.318754 0.0094157688 0.99993084 0.0070470114 1.1256264 -0.95286456 0.011109323 -0.30319267 6.703136
-0.32809741 0.013271797 0.94455062 31.11738 0.0098504715 0.999895 -0.010627793 1.1015535 -0.94459258 0.0058173185 -0.32819369 6.4106341
-0.35363504 0.028234122 0.93495723 31.892405 0.0087592024 0.99960047 -0.026873186 1.0769697 -0.93534251 -0.0013138201 -0.35374107 6.141008
-0.37855703 0.038718953 0.92476773 32.646273 0.012932372 0.99924838 -0.036543457 1.0430068 -0.92548766 -0.0018743417 -0.37877323 5.8138376
-0.40230298 0.043848542 0.91445587 33.438914 0.016932258 0.99903788 -0.040455156 0.99253121 -0.91535003 -0.00079142641 -0.40265837 5.4841719
-0.42458426 0.042869871 0.90437288 34.143291 0.019309959 0.99907994 -0.038293632 0.94471996 -0.90518253 0.0012045309 -0.42502143 5.1212232
-0.44610967 0.039840673 0.89409106 34.889124 0.023173988 0.99918794 -0.032961048 0.90334936 -0.89467827 0.0060154143 -0.44667067 4.7428101
-0.46376731 0.038583156 0.88511647 35.618114 0.029907593 0.99916366 -0.027884153 0.86118251 -0.88545214 0.013539945 -0.46453337 4.3417466
-0.47676133 0.039520259 0.8781439 36.313147 0.0346051 0.99905826 -0.026174146 0.82074073 -0.8783514 0.017909438 -0.47767995 3.9636755
-0.48748221 0.042491264 0.87209834 37.029511 0.037033403 0.99892253 -0.02796973 0.77068364 -0.87234723 0.018662025 -0.48853056 3.5433292
-0.49850159 0.045446573 0.86569666 37.710538 0.038594627 0.99879819 -0.030209741 0.73243061 -0.86602926 0.018351637 -0.49965648 3.1553648
-0.50752427 0.044372124 0.86049414 38.397929 0.032244445 0.99895167 -0.032493851 0.68209994 -0.86103396 0.011254739 -0.50842297 2.7431133
-0.51988753 0.043540599 0.85312432 39.090598 0.030955953 0.99900447 -0.032121507 0.65398325 -0.85367368 0.0097097061 -0.52071781 2.3541603
-0.52809467 0.044840609 0.84800075 39.747471 0.03283432 0.99893635 -0.032374127 0.61016566 -0.84855052 0.010746925 -0.52900527 1.9194594
-0.53524895 0.048235181 0.843316 40.423885 0.037042738 0.99874816 -0.033614578 0.56755718 -0.84388178 0.013246567 -0.53636567 1.4881794
-0.53995763 0.051128633 0.84013782 41.140397 0.037708249 0.99862057 -0.036538346 0.52361296 -0.84084713 0.011950968 -0.54114077 1.0410805
-0.53897453 0.052418529 0.84068942 41.820415 0.036320359 0.99857977 -0.03897793 0.48163548 -0.84153868 0.0095260309 -0.54011292 0.58511085
-0.53603088 0.053627621 0.84249327 42.54064 0.039014026 0.99848762 -0.038734781 0.44038678 -0.84329643 0.012106017 -0.53731242 0.13138499
-0.53034838 0.052756102 0.84613671 43.307785 0.037477499 0.99854517 -0.038768226 0.38934401 -0.84695105 0.011150422 -0.53155399 -0.3304049
-0.52307462 0.051151965 0.85075047 44.022131 0.035256325 0.99864156 -0.038367053 0.34784085 -0.85155739 0.0099255044 -0.52416748 -0.77456525
-0.51629542 0.050463696 0.85492245 44.813831 0.033752963 0.99868584 -0.038565927 0.30367391 -0.85574519 0.008944755 -0.51732023 -1.2499114
-0.50895471 0.048881026 0.85940426 45.651976 0.030613064 0.99878265 -0.038678952 0.25500686 -0.8602488 0.0066231639 -0.50983153 -1.7207994
-0.50469401 0.046965509 0.8620198 46.455304 0.026825859 0.99889008 -0.038716662 0.20814827 -0.86288145 0.0035843552 -0.50539373 -2.153987
-0.50418266 0.043825578 0.86248426 47.289282 0.021321985 0.99903877 -0.038300149 0.15517932 -0.86333382 -0.00092039362 -0.50463248 -2.6463051
-0.50499728 0.041741692 0.86211096 48.115925 0.01921209 0.99912605 -0.037121855 0.10693806 -0.86290712 -0.0021834816 -0.50535789 -3.1224146
-0.50499671 0.040204412 0.86218435 48.985916 0.016975005 0.99918397 -0.036650261 0.052554416 -0.86295436 -0.0038726766 -0.50526709 -3.6024662
-0.50587142 0.039868922 0.86168702 49.852225 0.017553577 0.99920027 -0.035926251 0.0093480461 -0.86243031 -0.0030483738 -0.5061667 -4.112645
-0.50580035 0.03915617 0.86176141 50.712302 0.017302428 0.99922884 -0.035246877 -0.039322921 -0.86247707 -0.0029173174 -0.5060878 -4.6049652
-0.50541832 0.038464114 0.86201669 51.598945 0.017629881 0.99925775 -0.03425119 -0.086944668 -0.86269437 -0.002113927 -0.50572129 -5.1332924
-0.50578164 0.037984077 0.86182486 52.507285 0.017121429 0.99927537 -0.033993969 -0.1481453 -0.86249165 -0.0024378516 -0.50606548 -5.6543535
-0.50620363 0.036251183 0.86165171 53.392223 0.015206192 0.99933601 -0.033110457 -0.19765534 -0.86227995 -0.0036581918 -0.50641876 -6.1681192
-0.5058232 0.035965488 0.86188706 54.286158 0.015224588 0.99934707 -0.032766537 -0.25203176 -0.86250285 -0.0034521989 -0.5060405 -6.694026
-0.50497184 0.035300493 0.86241362 55.200934 0.013957982 0.99936665 -0.032733419 -0.29855095 -0.86302299 -0.0044919007 -0.50514474 -7.2157623
-0.50437607 0.033863052 0.8628198 56.068049 0.013164285 0.99941615 -0.031528634 -0.36888395 -0.86338378 -0.0045438822 -0.50452737 -7.7035068
-0.50291314 0.031601411 0.86375903 56.957621 0.013438288 0.99949649 -0.02874321 -0.42182007 -0.86423252 -0.002847895 -0.50308459 -8.2129253
-0.49984178 0.031074946 0.86555905 57.831572 0.015292098 0.99951702 -0.02705339 -0.45878211 -0.86598176 -0.00028619953 -0.50007557 -8.7296212
-0.49678305 0.02997821 0.86735681 58.742112 0.014268638 0.99955029 -0.026374739 -0.51887492 -0.86775749 -0.00072652172 -0.49698739 -9.248813
-0.49600897 0.030645777 0.8677764 59.619619 0.015099553 0.9995303 -0.026668008 -0.5694311 -0.86818614 -0.00012453532 -0.49623873 -9.7224007
-0.49427936 0.031063054 0.86874792 60.508299 0.015295085 0.99951742 -0.027036632 -0.61085246 -0.86916859 -7.6074606e-05 -0.49451594 -10.244719
-0.49494681 0.032399752 0.86831898 61.411488 0.014579885 0.99947357 -0.028982928 -0.66863518 -0.86880098 -0.001685016 -0.49515864 -10.726967
-0.49760011 0.034248237 0.86673014 62.280109 0.013016316 0.99940254 -0.032017871 -0.72834018 -0.86730893 -0.0046504618 -0.4977486 -11.223138
-0.50249062 0.034946252 0.86387607 63.14624 0.012203395 0.99936993 -0.033329017 -0.77397459 -0.86449657 -0.0062052968 -0.50260048 -11.711266
-0.50793492 0.033919182 0.86072733 64.028329 0.012022624 0.99940625 -0.032289355 -0.8286837 -0.86131158 -0.0060526896 -0.50804113 -12.223129
-0.51252218 0.031329524 0.85810221 64.891065 0.014889498 0.99950817 -0.027599179 -0.89254616 -0.85854492 -0.0013684795 -0.51273659 -12.740065
-0.51872807 0.02909548 0.85444402 65.733837 0.012242352 0.99957106 -0.026605074 -0.93674015 -0.85485167 -0.0033403939 -0.51886177 -13.236323
-0.52372758 0.031493885 0.85130341 66.585589 0.013420496 0.9994974 -0.028719927 -0.98889644 -0.85178012 -0.0036165026 -0.52388702 -13.75286
-0.52829443 0.034681702 0.84835259 67.416403 0.014206588 0.9993866 -0.032009291 -1.0385972 -0.84894242 -0.0048581339 -0.52846309 -14.275241
-0.5331574 0.034435003 0.84531494 68.253488 0.012626868 0.9993839 -0.032747177 -1.0927752 -0.84592187 -0.0067857184 -0.53326373 -14.796134
-0.53695099 0.035052438 0.84288487 69.078305 0.011749375 0.99935023 -0.03407443 -1.1453092 -0.84353165 -0.0083929277 -0.53701394 -15.313022
-0.53978009 0.034449432 0.84110085 69.902689 0.011871426 0.99937445 -0.03331339 -1.2011557 -0.84172239 -0.0079968373 -0.53985139 -15.84537
-0.54286717 0.027311718 0.83937432 70.722417 0.013385835 0.99962548 -0.023868681 -1.2502633 -0.83971192 -0.0017217969 -0.54302945 -16.364497
-0.54488228 0.019341044 0.83828943 71.546309 0.014045824 0.99980421 -0.01393783 -1.29006 -0.83839494 0.0041799904 -0.54504726 -16.899329
-0.54678397 0.016456917 0.83711194 72.379012 0.01389846 0.99984746 -0.010577976 -1.3270558 -0.83715839 0.0058506998 -0.54692929 -17.420677
-0.5468017 0.021998644 0.83697306 73.166597 0.014368389 0.99975411 -0.016890119 -1.3593278 -0.83713888 0.0027904091 -0.54698334 -17.953697
-0.54887838 0.027395514 0.83545314 73.958054 0.015001032 0.99962467 -0.022923474 -1.4044737 -0.83576764 -4.9539296e-05 -0.54908333 -18.46063
-0.54893136 0.032559446 0.83523301 74.757591 0.021532821 0.99946026 -0.024809641 -1.4394175 -0.83559006 0.0043661333 -0.54933618 -18.991453
-0.54848842 0.03316702 0.83550006 75.548544 0.024676904 0.99941984 -0.023474303 -1.4806366 -0.83579397 0.0077421719 -0.54898866 -19.529104
-0.54853054 0.030621841 0.83556956 76.351926 0.024382225 0.99948997 -0.020622851 -1.5277436 -0.83577498 0.0090607825 -0.5489974 -20.041417
-0.54807819 0.02545869 0.83603953 77.145299 0.022413731 0.99962477 -0.015746456 -1.5558567 -0.83612677 0.010108477 -0.54844316 -20.554693
-0.54768567 0.01970792 0.836452 77.94016 0.020720427 0.99973542 -0.0099879297 -1.5871524 -0.8364276 0.011861398 -0.54794912 -21.068029
-0.54722407 0.013072485 0.83688403 78.749425 0.011469186 0.99990126 -0.0081193795 -1.6307915 -0.8369076 0.0051552596 -0.54731997 -21.577303
-0.5452198 0.0080126433 0.8382548 79.546865 0.0035206125 0.99996739 -0.0072685217 -1.6492475 -0.83828577 -0.0010117709 -0.54523023 -22.073945
-0.54393903 0.0085049553 0.83908161 80.337754 0.0065879387 0.9999611 -0.0058649676 -1.6742491 -0.83909892 0.0023376342 -0.5439739 -22.584301
-0.54121142 0.011258366 0.84081115 81.134149 0.010973047 0.99991979 -0.0063257057 -1.7102112 -0.84081499 0.0058027169 -0.54129154 -23.098461
-0.53420608 0.014925805 0.84522247 81.920531 0.012649382 0.99987331 -0.0096619969 -1.7378375 -0.84525967 0.0055300451 -0.5343272 -23.591819
-0.52796091 0.01680457 0.84910236 82.699427 0.017414064 0.99980822 -0.008959345 -1.7602517 -0.84909015 0.01005614 -0.5281523 -24.070272
-0.51941094 0.019640135 0.85429882 83.501076 0.025080063 0.99965553 -0.0077332536 -1.7983089 -0.8541565 0.017409133 -0.5197246 -24.566026
-0.50992545 0.019575693 0.85999579 84.293926 0.023863846 0.99967818 -0.0086054033 -1.824109 -0.85988756 0.016134694 -0.5102285 -25.03539
-0.49909387 0.016911502 0.86638285 85.120461 0.020163128 0.99976549 -0.0078997895 -1.8457709 -0.86631335 0.013526253 -0.49931782 -25.496613
-0.48732655 0.01401476 0.8731073 85.92499 0.021689182 0.99975699 -0.0039418288 -1.8717367 -0.87295044 0.017016026 -0.48751209 -25.937811
-0.47664007 0.012712684 0.87900658 86.74146 0.021390016 0.99976712 -0.0028604836 -1.8966711 -0.87883831 0.017438545 -0.47680099 -26.374948
-0.46494065 0.011487379 0.88526729 87.574513 0.020425858 0.99978885 -0.0022458089 -1.9213308 -0.88510623 0.017038177 -0.46507712 -26.797754
-0.45255923 0.01334156 0.8916345 88.401301 0.024033368 0.99970735 -0.0027602484 -1.9407276 -0.89141046 0.020179805 -0.45274743 -27.210277
-0.44093079 0.016504197 0.89738931 89.215152 0.02352006 0.99970004 -0.0068292848 -1.9723355 -0.89723292 0.01809541 -0.44118671 -27.602137
-0.4297032 0.026382757 0.90258464 90.052169 0.026280365 0.99951503 -0.016704477 -1.9967772 -0.90258771 0.016542288 -0.43018816 -27.998692
-0.41612266 0.0309416 0.90878187 90.897066 0.02573967 0.99942122 -0.022241675 -2.0323419 -0.90894415 0.014136482 -0.41667825 -28.37098
-0.40570044 0.02727485 0.91359902 91.725339 0.023299783 0.99953845 -0.019493813 -2.0628225 -0.91370911 0.013378012 -0.40614869 -28.733829
-0.39256319 0.023930038 0.91941363 92.583631 0.024386405 0.99958082 -0.015604295 -2.1060608 -0.91940172 0.016295523 -0.3929822 -29.084432
-0.38385612 0.02519097 0.9230492 93.402424 0.022864975 0.9995806 -0.01777104 -2.1349461 -0.92310982 0.014283975 -0.38427113 -29.407468
-0.37670275 0.029395004 0.92586765 94.241242 0.017939817 0.99954044 -0.024434935 -2.1734793 -0.9261605 0.0074051897 -0.37705698 -29.742858
-0.37115688 0.034027138 0.92794647 95.086051 0.010556213 0.9994184 -0.032425723 -2.2155384 -0.92851021 -0.0022394287 -0.37130021 -30.06244
-0.36853736 0.035009512 0.92895343 95.933678 0.0046793023 0.9993478 -0.035806078 -2.2704791 -0.9296012 -0.0088490229 -0.36846082 -30.395554
-0.36543602 0.035629548 0.93015428 96.765399 0.005849528 0.99933534 -0.035981383 -2.3128158 -0.93081812 -0.0077079292 -0.36540155 -30.713209
-0.35967233 0.035334478 0.93240936 97.623877 0.0048081156 0.99933964 -0.036016152 -2.3637491 -0.93306633 -0.0084708806 -0.35960471 -31.032095
-0.35513227 0.031203377 0.9342951 98.450892 0.0021337048 0.99946721 -0.032568942 -2.4127379 -0.93481366 -0.009572772 -0.35500965 -31.33866
-0.34884815 0.027853852 0.93676521 99.318922 0.0033498159 0.99958891 -0.028474395 -2.4579793 -0.93717331 -0.0067952485 -0.34879805 -31.651408
-0.34342684 0.024875202 0.93884991 100.16912 0.0016385738 0.99966353 -0.025887098 -2.4998173 -0.93917804 -0.0073519488 -0.34335204 -31.959327
-0.33762738 0.023249324 0.94099264 101.00522 -0.0042791268 0.99964667 -0.026233849 -2.5504071 -0.94127016 -0.012883892 -0.3374086 -32.240345
-0.33119223 0.023108252 0.94328025 101.8528 -0.01519709 0.99943976 -0.029819835 -2.5834825 -0.94344095 -0.024211212 -0.33065551 -32.517332
-0.32447009 0.026756287 0.94551742 102.70241 -0.012546316 0.99939018 -0.032586256 -2.6338566 -0.94581279 -0.022436025 -0.32393653 -32.793088
-0.31758883 0.030404128 0.94774092 103.56514 -0.011283205 0.99929388 -0.03583899 -2.685203 -0.94816143 -0.022075617 -0.31702152 -33.077813
-0.31109146 0.028828709 0.94994259 104.4125 -0.012046756 0.9993399 -0.034272935 -2.724556 -0.95030366 -0.022105744 -0.31053882 -33.34406
-0.30438806 0.023943254 0.95224711 105.26704 -0.012650855 0.99949426 -0.029175108 -2.7697918 -0.95246414 -0.020927294 -0.30393122 -33.609207
-0.29735601 0.021189524 0.95453147 106.12138 -0.012825673 0.99957484 -0.026184892 -2.8139121 -0.95468057 -0.020028743 -0.29695781 -33.865411
-0.29062754 0.023786922 0.95654051 106.98336 -0.015944046 0.99943175 -0.029697834 -2.862346 -0.95670345 -0.023882134 -0.29008313 -34.117643
-0.28427866 0.02653055 0.95837451 107.84431 -0.016266455 0.9993397 -0.032489633 -2.909952 -0.95860374 -0.024825465 -0.28365939 -34.365178
-0.27767744 0.027735363 0.96027387 108.69162 -0.017082133 0.99928257 -0.033801592 -2.9483898 -0.96052252 -0.025789465 -0.27700444 -34.59763
-0.27064955 0.026846881 0.96230348 109.57242 -0.017631224 0.99930516 -0.032837985 -2.9973602 -0.96251651 -0.025854173 -0.26998816 -34.829585
-0.26353661 0.026745225 0.96427852 110.41334 -0.014594615 0.99939062 -0.03170779 -3.0417538 -0.96453902 -0.022429436 -0.26298568 -35.05289
-0.25542752 0.027787893 0.96642875 111.27534 -0.01090585 0.99944048 -0.031619503 -3.0928204 -0.96676674 -0.018616218 -0.25498155 -35.286857
-0.24854168 0.028466292 0.96820278 112.1538 -0.0088621067 0.9994594 -0.031660211 -3.1354073 -0.9685807 -0.016449198 -0.24815505 -35.509442
-0.24183622 0.027323745 0.96993225 113.00743 -0.015516411 0.99936673 -0.03202169 -3.1785992 -0.97019305 -0.022793872 -0.24125911 -35.703724
-0.23613307 0.025070592 0.97139722 113.86782 -0.020759936 0.9993088 -0.030837404 -3.223864 -0.97149899 -0.027447875 -0.23544939 -35.898048
-0.23141976 0.025668222 0.97251527 114.76198 -0.01690551 0.99939482 -0.030400505 -3.2669776 -0.97270714 -0.023476144 -0.23084578 -36.107773
-0.22726248 0.025499986 0.97349958 115.60965 -0.016148671 0.99942098 -0.029948863 -3.3161283 -0.97369968 -0.022526977 -0.2267191 -36.294399
-0.22218522 0.027182704 0.97462544 116.49398 -0.014634728 0.9994057 -0.031210111 -3.3577043 -0.97489468 -0.021197803 -0.22165537 -36.496883
-0.21646103 0.026193602 0.97593977 117.34735 -0.0093934925 0.99953787 -0.028910411 -3.3981211 -0.97624611 -0.01542546 -0.21611495 -36.680004
-0.21093513 0.025389766 0.97717023 118.21486 -0.0012066937 0.99965509 -0.026234469 -3.4406059 -0.97749936 -0.0067129154 -0.21083174 -36.873958
-0.20605077 0.024286871 0.97823982 119.11076 0.0013602076 0.99969809 -0.024533111 -3.4851634 -0.9785404 -0.0037244564 -0.2060216 -37.067361
-0.20202046 0.025884283 0.97903915 119.96097 -0.00093564227 0.99964513 -0.026622137 -3.5205496 -0.9793809 -0.0062942461 -0.20192455 -37.230693
-0.1984354 0.027584809 0.97972567 120.83414 -0.0029769688 0.99958229 -0.028746844 -3.5641218 -0.98010949 -0.0086210035 -0.19827039 -37.402512
-0.19653637 0.026793569 0.98013034 121.72009 -0.0061329987 0.99957341 -0.028554871 -3.6070712 -0.98047739 -0.011623208 -0.19628821 -37.570382
-0.19585566 0.025572515 0.9802992 122.57357 -0.0069430119 0.99959871 -0.027463125 -3.6541418 -0.9806082 -0.012185037 -0.19559952 -37.725154
-0.19450964 0.021448739 0.98066603 123.45539 -0.0049565808 0.99972665 -0.022848734 -3.688742 -0.98088812 -0.0093050488 -0.19435016 -37.901879
-0.19404324 0.01612447 0.98086041 124.3089 -0.0062541147 0.99982425 -0.017673467 -3.7293703 -0.98097308 -0.0095638296 -0.1939083 -38.058884
-0.19273994 0.014015542 0.98114973 125.17066 -0.0040315197 0.99987824 -0.015075038 -3.7648071 -0.98124163 -0.0068610856 -0.19265997 -38.225809
-0.19182382 0.018571158 0.98125361 126.03656 -0.0057391403 0.99978263 -0.020043772 -3.7981326 -0.98141264 -0.0094764245 -0.19167555 -38.388535
-0.19152399 0.022473172 0.98123057 126.88165 -0.0055210307 0.99969734 -0.023973753 -3.8383239 -0.98147244 -0.010008952 -0.19134195 -38.54498
-0.19163129 0.021762305 0.98122565 127.73708 -0.0074223237 0.99969342 -0.023621459 -3.8678398 -0.98143896 -0.011809584 -0.19141102 -38.703958
-0.19125503 0.020870684 0.98131842 128.60044 -0.0088004088 0.99969727 -0.022976728 -3.9109488 -0.98150097 -0.013030418 -0.19101346 -38.868605
-0.19046192 0.021368406 0.98146195 129.43317 -0.0038735973 0.99973893 -0.022518039 -3.9493778 -0.98168698 -0.0080906165 -0.19032942 -39.033685
-0.1899496 0.023736834 0.98150682 130.28753 -0.0064843148 0.99965556 -0.025430643 -3.9907064 -0.98177247 -0.011194939 -0.18973026 -39.1885
-0.18987308 0.025095933 0.98148781 131.1155 -0.015264718 0.99947698 -0.028508927 -4.0222476 -0.98169001 -0.020395212 -0.18939069 -39.327206
-0.18951637 0.026807817 0.98151149 131.95049 -0.017933767 0.99936595 -0.030758235 -4.0601145 -0.98171381 -0.023431387 -0.18891545 -39.472905
-0.18980396 0.029559802 0.98137689 132.78372 -0.019821428 0.9992276 -0.033931056 -4.1131237 -0.98162195 -0.02589254 -0.18907144 -39.626708
-0.1888946 0.030768325 0.98151519 133.61565 -0.017302937 0.99924956 -0.034654242 -4.1572762 -0.98184496 -0.023529094 -0.18822046 -39.782468
-0.18755936 0.032103466 0.98172846 134.43957 -0.017609786 0.99919522 -0.036038996 -4.206755 -0.98209545 -0.024047478 -0.18684308 -39.932133
-0.1852179 0.031295892 0.98219897 135.25599 -0.01223016 0.99934194 -0.034148417 -4.2453346 -0.98262141 -0.018337348 -0.18471326 -40.089421
-0.18215935 0.028410656 0.98285844 136.07647 -0.0046836598 0.99954607 -0.029761081 -4.2961743 -0.98325791 -0.010024633 -0.1819436 -40.243518
-0.17966034 0.023930807 0.98343754 136.88992 0.0026095375 0.99971214 -0.023850103 -4.3307538 -0.98372528 -0.0017185996 -0.17967107 -40.400381
-0.17570881 0.023981965 0.98414999 137.7111 0.0077379534 0.99970599 -0.022979512 -4.3656674 -0.98441181 0.0035776049 -0.17584272 -40.541319
-0.17119587 0.02798644 0.9848394 138.50941 0.0039124312 0.9996079 -0.027726016 -4.416799 -0.98522929 -0.00089346205 -0.17123824 -40.674154
-0.16482408 0.031393596 0.9858232 139.30947 0.0054175921 0.99950707 -0.030923568 -4.4540907 -0.98630814 0.00024384006 -0.16491292 -40.801396
-0.15701068 0.03148875 0.98709474 140.09532 0.00016877237 0.99949241 -0.031857394 -4.4963475 -0.98759693 -0.0048353562 -0.1569363 -40.916524
-0.14714308 0.02818268 0.98871359 140.88935 0.008529295 0.99959298 -0.027223436 -4.5250132 -0.98907848 0.0044272906 -0.14732357 -41.038654
-0.1350398 0.026939326 0.99047385 141.69634 0.01726164 0.99954259 -0.024832552 -4.5656274 -0.99068985 0.013743821 -0.13544305 -41.145825
-0.12138074 0.02909722 0.99217941 142.49095 0.017028809 0.99948419 -0.027228181 -4.6100438 -0.99245998 0.013590659 -0.12181362 -41.242165
-0.1071951 0.030043205 0.99378395 143.28686 0.014743976 0.99948148 -0.028625079 -4.6499866 -0.99412872 0.011583859 -0.10758248 -41.31461
-0.093231662 0.030133823 0.99518829 144.07992 0.017211772 0.99944131 -0.02865016 -4.684714 -0.9954957 0.014457853 -0.093698232 -41.388337
-0.079680645 0.031754237 0.9963145 144.8614 0.02101926 0.99932378 -0.030169123 -4.7261883 -0.99659885 0.0185379 -0.080294215 -41.443022
-0.065221939 0.037740212 0.9971568 145.67117 0.018569556 0.9991574 -0.036601333 -4.7762403 -0.99769803 0.01612955 -0.065867804 -41.489218
-0.053379237 0.046800891 0.99747694 146.38907 0.01042497 0.99887279 -0.046308497 -4.8208227 -0.99851994 0.0079267562 -0.053806966 -41.50356
-0.039578355 0.055589672 0.99766891 147.17268 0.0050134962 0.99844975 -0.055434288 -4.8662139 -0.99920393 0.0028078122 -0.039795699 -41.516638
-0.02644381 0.056546537 0.99804966 147.94797 0.0033255239 0.9983983 -0.056478176 -4.9199154 -0.99964481 0.0018255408 -0.026589503 -41.522227
-0.014477072 0.052420819 0.9985201 148.70165 0.0034626234 0.99862144 -0.052375934 -4.9721421 -0.99988925 0.0026992498 -0.014638629 -41.522922
-0.003847957 0.049497037 0.99876682 149.47144 0.0016628715 0.99877319 -0.049490945 -5.0301212 -0.99999126 0.0014703827 -0.0039255451 -41.507808
0.0054209828 0.055682864 0.99843375 150.22528 -0.0019383782 0.99844717 -0.055673086 -5.0953407 -0.99998347 -0.0016335385 0.0055204979 -41.493121
0.011884222 0.064253166 0.99786282 150.97258 -0.010533513 0.99788601 -0.064129207 -5.146852 -0.99987394 -0.0097488742 0.012535909 -41.472114
0.015023313 0.067605293 0.99759899 151.72153 -0.016030847 0.99759968 -0.067363921 -5.2038186 -0.99975867 -0.014980327 0.016071021 -41.449489
0.015327417 0.063517059 0.997863 152.48541 -0.016042927 0.99786743 -0.063270916 -5.2566013 -0.99975386 -0.015038863 0.016313728 -41.431501
0.01399758 0.058001595 0.99821831 153.23963 -0.01091223 0.99826557 -0.057851322 -5.330451 -0.99984253 -0.010083009 0.014606227 -41.414158
0.010835483 0.055305296 0.99841065 153.99364 -0.011508709 0.99841007 -0.055180362 -5.3833223 -0.99987511 -0.010892511 0.011454746 -41.399569
0.007601407 0.05529589 0.99844103 154.72193 -0.012259258 0.99840004 -0.055200284 -5.437684 -0.999896 -0.011820546 0.0082671301 -41.388134
0.0037626951 0.055547578 0.99844891 155.47169 -0.01213165 0.99838508 -0.055498307 -5.4952676 -0.99991937 -0.011904008 0.0044305008 -41.385558
-0.00080063845 0.053944574 0.99854357 156.20086 -0.0090261196 0.99850286 -0.053949611 -5.5510085 -0.99995899 -0.0090561671 -0.00031253114 -41.38019
-0.0058559393 0.054255465 0.99850987 156.95587 -0.010845051 0.99846487 -0.05431662 -5.6030693 -0.99992409 -0.011146965 -0.0052585479 -41.383652
-0.011649804 0.052308195 0.99856299 157.71652 -0.012035135 0.99855113 -0.052447981 -5.6532573 -0.99985975 -0.012628848 -0.01100339 -41.384952
-0.017664545 0.049561269 0.99861482 158.43689 -0.0088496232 0.99872383 -0.049723218 -5.7064179 -0.99980485 -0.0097157022 -0.017203405 -41.397402
-0.022787412 0.049440171 0.99851706 159.16406 -0.011577077 0.99869643 -0.049713254 -5.7609509 -0.99967334 -0.012692744 -0.022185336 -41.412433
-0.028236321 0.050674733 0.99831593 159.90137 -0.012107754 0.99862358 -0.051032802 -5.8067802 -0.99952799 -0.013528341 -0.027583901 -41.427322
-0.032554873 0.053061048 0.99806043 160.61044 -0.01406766 0.99846653 -0.053541497 -5.8632073 -0.99937098 -0.015783411 -0.031758508 -41.444693
-0.035005218 0.055133517 0.99786514 161.32671 -0.013559374 0.99835902 -0.055636467 -5.9173843 -0.99929518 -0.015477993 -0.0342002 -41.461555
-0.036797317 0.056733135 0.99771099 162.04109 -0.01209873 0.99828873 -0.057212207 -5.9730704 -0.99924955 -0.014176291 -0.036047949 -41.490739
-0.035834074 0.055138397 0.99783545 162.77947 -0.0084296973 0.99842456 -0.055473674 -6.0269843 -0.99932224 -0.010399298 -0.035312821 -41.520525
-0.03187713 0.051536675 0.99816218 163.46293 -0.0030102716 0.99866027 -0.051658526 -6.0708811 -0.9994873 -0.004651464 -0.031679285 -41.543492
-0.024373805 0.050921812 0.99840513 164.17705 -0.0031805638 0.99869287 -0.051014132 -6.1292545 -0.9996979 -0.004418899 -0.024179986 -41.552354
-0.013944209 0.051919841 0.99855386 164.86713 -0.0008998752 0.99864994 -0.051937401 -6.1817218 -0.99990241 -0.001622799 -0.013878663 -41.556457
3.3519192e-05 0.052210528 0.99863606 165.54693 0.0015715511 0.99863486 -0.052210516 -6.2315163 -0.99999881 0.0015711586 -4.8579615e-05 -41.55185
0.015534631 0.050176585 0.9986195 166.24297 -6.0959297e-05 0.9987401 -0.050181694 -6.2786082 -0.99987937 0.00071867983 0.015518116 -41.532207
0.031237329 0.045156396 0.99849138 166.94369 -0.0031247559 0.99897846 -0.045080666 -6.3210449 -0.99950715 -0.0017118414 0.03134652 -41.487415
0.047650789 0.03873325 0.99811275 167.60095 -0.0048925246 0.99924494 -0.038543612 -6.3613329 -0.99885212 -0.0030466569 0.047804312 -41.44524
0.065015354 0.03136336 0.99739123 168.27598 -0.0036409663 0.99950676 -0.031192544 -6.396649 -0.99787766 -0.0016034728 0.065097477 -41.388762
0.082740748 0.023646169 0.99629049 168.97021 -0.0051415254 0.99971529 -0.023300455 -6.4351664 -0.99655788 -0.0031945549 0.082838767 -41.314914
0.099750444 0.017461367 0.99485922 169.61648 -0.0078148653 0.99982892 -0.016765028 -6.4727506 -0.99498184 -0.006102371 0.099869835 -41.240078
0.1178729 0.014979717 0.99291566 170.29066 -0.0080843643 0.99986756 -0.014124871 -6.5026146 -0.99299582 -0.0063621517 0.11797839 -41.141825
0.13575124 0.014029679 0.99064357 170.9187 -0.0067463009 0.99988964 -0.013236154 -6.5222948 -0.99072003 -0.0048863545 0.13583091 -41.046776
0.15330192 0.013464946 0.98808761 171.55307 -0.0071059941 0.99989633 -0.01252337 -6.5427903 -0.98815389 -0.0051014874 0.15338171 -40.932296
0.16993257 0.013042646 0.98536934 172.20944 -0.013874084 0.99984497 -0.010841584 -6.5627298 -0.98535806 -0.011828759 0.17008718 -40.80428
0.18391349 0.0095054253 0.98289643 172.81978 -0.016497138 0.99984225 -0.0065824627 -6.5833488 -0.98280403 -0.015004374 0.18404128 -40.666904
0.19636316 0.0051400512 0.98051773 173.44858 -0.012029691 0.99992363 -0.0028326567 -6.6004222 -0.98045748 -0.011239095 0.19640999 -40.536664
0.20748414 0.0037033204 0.97823133 174.09186 -0.01037387 0.99994493 -0.0015852105 -6.6219787 -0.97818342 -0.0098191375 0.20751113 -40.39956
0.21704952 0.007214943 0.97613389 174.66998 -0.013015743 0.99990518 -0.004496512 -6.6380558 -0.97607386 -0.011729141 0.21712285 -40.249358
0.22599498 0.01413878 0.97402581 175.29077 -0.017222569 0.99979637 -0.010516853 -6.6612877 -0.97397625 -0.01439847 0.22619247 -40.092672
0.23488408 0.024276574 0.97172014 175.85608 -0.01812663 0.99962362 -0.020592122 -6.6818721 -0.9718544 -0.012777249 0.23523573 -39.944674
0.24356892 0.031163873 0.96938275 176.44453 -0.013227449 0.99949743 -0.02880845 -6.6950123 -0.96979343 -0.0058056173 0.24385873 -39.79595
0.24947657 0.029540452 0.96793012 177.05592 -0.013099577 0.99954611 -0.02712903 -6.7146625 -0.96829227 -0.0059114175 0.2497503 -39.629853
0.25539445 0.022112553 0.966584 177.64933 -0.015460921 0.999704 -0.018785096 -6.7361187 -0.96671336 -0.010146669 0.25566073 -39.459963
0.26003499 0.011404626 0.9655318 178.25795 -0.01958169 0.9997869 -0.0065355397 -6.7592334 -0.96540066 -0.017207274 0.26020289 -39.283913
0.26217647 0.0020014845 0.96501783 178.87533 -0.018510006 0.99982431 0.0029551323 -6.7869148 -0.96484245 -0.018637252 0.26216746 -39.106989
0.26298005 0.0012819451 0.96480038 179.47663 -0.015677002 0.99987277 0.0029446059 -6.8070986 -0.96467394 -0.01589955 0.26296668 -38.94886
0.26409625 0.0042448659 0.96448695 180.08178 -0.013289153 0.99991141 -0.00076193262 -6.8093451 -0.96440481 -0.01261599 0.26412926 -38.783182
0.26564534 0.0037575507 0.96406346 180.6831 -0.0097066439 0.99995214 -0.0012227885 -6.8231601 -0.964022 -0.0090329919 0.2656691 -38.620344
0.26792005 0.0018139506 0.9634394 181.2993 -0.010987586 0.99993895 0.0011728345 -6.8231091 -0.96337853 -0.010900099 0.26792362 -38.436671
0.27030774 -0.0023358199 0.9627711 181.90728 -0.011237345 0.99992128 0.0055809501 -6.8378578 -0.96270843 -0.012327564 0.27026022 -38.261357
0.27379141 -0.0076807188 0.96175838 182.52821 -0.010218728 0.99988844 0.010894277 -6.8501451 -0.96173485 -0.012810707 0.27368238 -38.079695
0.27779961 -0.010491782 0.96058171 183.15371 -0.0092187451 0.9998652 0.013586904 -6.8562712 -0.96059485 -0.012629794 0.27766544 -37.896208
0.28376158 -0.012446567 0.95881404 183.74783 -0.0077651756 0.99985314 0.015277412 -6.85601 -0.95886347 -0.011780501 0.28362326 -37.710582
0.29177936 -0.01528916 0.95636341 184.39037 -0.0067075567 0.99981494 0.018030235 -6.8596821 -0.95646218 -0.011675712 0.29162281 -37.514781
0.30114271 -0.017809826 0.95341271 184.99918 -0.0035440395 0.99979776 0.019795714 -6.8621211 -0.95357254 -0.0093402666 0.30101868 -37.316784
0.31235536 -0.015939116 0.94983156 185.62826 -0.0050053442 0.99981774 0.018423958 -6.866443 -0.94995218 -0.010509055 0.31221865 -37.096843
0.32388991 -0.011852054 0.9460205 186.23531 -0.0058196755 0.99987765 0.014519281 -6.8675656 -0.94607692 -0.01020818 0.32378131 -36.876597
0.33518571 -0.0083624924 0.94211493 186.85181 -0.0075256559 0.99990494 0.011552932 -6.8697267 -0.94212206 -0.01096241 0.33509091 -36.645972
0.3473952 -0.0076048326 0.93768794 187.47176 -0.0069128651 0.99991917 0.010670623 -6.8675572 -0.93769337 -0.010189033 0.34731455 -36.399656
0.35872093 -0.010717744 0.93338328 188.0875 -0.0060078167 0.99988686 0.013790328 -6.8743284 -0.93342556 -0.010554474 0.35861595 -36.147805
0.3694263 -0.012703942 0.92917315 188.72693 -0.0061315725 0.99985146 0.016108106 -6.8743088 -0.92923984 -0.01164805 0.36929352 -35.888322
0.38068955 -0.0127489 0.92461498 189.35036 -0.008992576 0.99980663 0.017488159 -6.8832498 -0.92465922 -0.014972229 0.38050129 -35.615891
0.39017151 -0.014561934 0.920627 189.96532 -0.010685163 0.99973599 0.020341719 -6.8728908 -0.92068023 -0.017773809 0.3899129 -35.338743
0.39749574 -0.013436529 0.9175056 190.59825 -0.015255643 0.99965782 0.021248899 -6.8754805 -0.91747723 -0.022443484 0.39715474 -35.041663
0.40190426 -0.015566847 0.91554932 191.24228 -0.01597767 0.99958404 0.024009482 -6.8693706 -0.91554232 -0.024277858 0.40148837 -34.753708
0.40337006 -0.020543002 0.91480627 191.89346 -0.01057364 0.99957656 0.027108901 -6.8600107 -0.91497588 -0.02060775 0.40298204 -34.470727
0.40427706 -0.018797289 0.91444335 192.54784 -0.0087273401 0.999664 0.024407456 -6.8621903 -0.91459497 -0.017848032 0.40397717 -34.180291
0.40343244 -0.018895368 0.91481428 193.2135 -0.0059884109 0.99971082 0.02328978 -6.8546809 -0.91498988 -0.014874136 0.40320262 -33.888007
0.40213997 -0.017901808 0.91540313 193.87589 -0.0030685471 0.99977687 0.020899861 -6.8539 -0.9155731 -0.011213627 0.40199531 -33.604181
0.40243879 -0.019164762 0.91524623 194.54823 4.8621051e-05 0.99978129 0.020913502 -6.8431538 -0.91544694 -0.0083719034 0.4023517 -33.304059
0.40114999 -0.025415454 0.91565969 195.23773 0.004044875 0.99965441 0.025974791 -6.838327 -0.91600349 -0.0067160578 0.40111416 -33.011315
0.40072804 -0.028639188 0.91574929 195.92197 0.0046049393 0.99956166 0.029245238 -6.8330626 -0.91618552 -0.0075024162 0.40068426 -32.703494
0.39896013 -0.030768269 0.91645189 196.6088 0.0054675045 0.99949895 0.031176254 -6.8244898 -0.91695201 -0.0074273766 0.39892845 -32.405079
0.39678106 -0.031137301 0.91738497 197.29693 0.0046428204 0.99947978 0.03191563 -6.8175385 -0.91790158 -0.008404263 0.39671921 -32.109715
0.39570634 -0.031517388 0.91783609 197.98513 0.0035119645 0.99945557 0.03280599 -6.8062608 -0.91837042 -0.0097581299 0.39560159 -31.797864
0.39352947 -0.030258103 0.91881387 198.67148 0.0022610404 0.99948703 0.0319464 -6.8042966 -0.91930926 -0.010494374 0.39339601 -31.503022
0.39298473 -0.027272291 0.91914044 199.35061 0.0033178225 0.99959564 0.028240962 -6.7981052 -0.91953905 -0.0080487211 0.3929163 -31.205002
0.39188127 -0.021083728 0.91977415 200.05274 0.0023619943 0.99975714 0.021910798 -6.8005926 -0.92001281 -0.0064139295 0.39183589 -30.91383
0.39091973 -0.018333927 0.92024212 200.72182 0.00044759855 0.99980527 0.019728918 -6.7902523 -0.9204247 -0.0073005236 0.39085181 -30.618997
0.3897248 -0.02036493 0.92070613 201.43483 -0.0012283085 0.99974308 0.022633064 -6.7842558 -0.92093059 -0.0099515767 0.38959966 -30.320659
0.38821958 -0.023382059 0.92127019 202.11693 -0.0021690404 0.99965213 0.026285436 -6.7812966 -0.92156439 -0.012202793 0.38803381 -30.026314
0.38526321 -0.023605247 0.92250473 202.7999 -0.0055831399 0.99959486 0.027909517 -6.7811416 -0.92278988 -0.015902983 0.38497533 -29.73068
0.38119722 -0.023071621 0.92420577 203.49718 -0.0092648383 0.99954301 0.028773687 -6.7803261 -0.92444736 -0.019531066 0.38080926 -29.439066
0.37434106 -0.024133696 0.92697695 204.18097 -0.0090612645 0.99951833 0.029681509 -6.7709826 -0.92724686 -0.01951059 0.37394207 -29.159198
0.36550376 -0.024329332 0.93049181 204.87959 -0.0091758516 0.9995156 0.029738418 -6.7647432 -0.93076467 -0.019407558 0.36510347 -28.882356
