1 0 0 0 0 1 0 0 0 0 1 0
0.99994113 -0.0023729944 0.010587949 0.013164329 0.0023614981 0.99999661 0.0010981801 -0.0068462098 -0.01059052 -0.0010731121 0.99994334 0.29365322
0.99984848 -0.0038508631 0.016976332 0.023557143 0.003827643 0.99999169 0.0014000866 -0.014075494 -0.016981584 -0.0013348952 0.99985491 0.58021254
0.99978357 -0.0070306547 0.01958025 0.028066684 0.0070385792 0.99997517 -0.00033580649 -0.016042091 -0.019577405 0.00047355099 0.99980823 0.88654288
0.99981104 -0.0080619555 0.017688743 0.022735326 0.0080877239 0.99996633 -0.0013856841 -0.021206602 -0.017676978 0.001528484 0.99984258 1.1894023
0.99987841 -0.011198371 0.010851623 0.021900033 0.011234507 0.99993153 -0.0032746969 -0.023654512 -0.010814209 0.0033962115 0.99993576 1.508937
0.99992645 -0.012077181 -0.001110429 0.015920779 0.012072115 0.99991717 -0.0044620303 -0.035326189 0.0011642258 0.004448297 0.99998943 1.8366102
0.99978869 -0.011405919 -0.017101982 -0.0038628386 0.011321916 0.9999234 -0.0050007446 -0.040389522 0.017157711 0.0048060608 0.99984124 2.1518865
0.99932707 -0.0078240058 -0.03583562 -0.047184892 0.0076354626 0.99995629 -0.0053951882 -0.04539547 0.035876269 0.0051179361 0.99934313 2.5073301
0.99846462 -0.0038496364 -0.05525927 -0.082151915 0.0035014572 0.99997341 -0.0063962678 -0.052289776 0.055282429 0.0061929591 0.99845155 2.8522631
0.99716212 -0.0030393456 -0.075222781 -0.13093612 0.0025552238 0.99997541 -0.0065312473 -0.057347459 0.075240789 0.0063205014 0.99714536 3.2139441
0.99530695 -0.0041891237 -0.096677477 -0.17727168 0.0036315897 0.99997575 -0.005942189 -0.061531209 0.096700033 0.0055632091 0.99529802 3.5849153
0.99332509 -0.0053304081 -0.11522522 -0.23926438 0.0047543573 0.99997479 -0.0052735987 -0.071602849 0.11525044 0.004690576 0.99332539 3.9866244
0.99113804 -0.0046529222 -0.13275442 -0.30931832 0.0040605737 0.99998056 -0.0047323693 -0.078961026 0.13277387 0.0041513721 0.99113766 4.3806774
0.98880016 -0.0036361451 -0.14920127 -0.38470199 0.0030430949 0.99998654 -0.0042029374 -0.086049563 0.14921455 0.0037018315 0.98879791 4.7877433
0.98675238 -0.0028973342 -0.16220774 -0.47376356 0.0022732789 0.99998928 -0.0040327295 -0.094472669 0.1622177 0.003610562 0.98674839 5.2073159
0.98450753 -0.0044456217 -0.17528592 -0.56309809 0.0036212114 0.99998083 -0.0050228041 -0.10197149 0.17530491 0.0043102411 0.98450476 5.6316007
0.98279653 -0.0071312374 -0.18455383 -0.65968263 0.0059426119 0.99995789 -0.0069928599 -0.11132074 0.18459594 0.0057758266 0.98279753 6.084952
0.98114845 -0.0067104599 -0.19313902 -0.75320797 0.0051085141 0.99994831 -0.0087910908 -0.12112678 0.19318804 0.0076387117 0.98113202 6.5198547
0.97969817 -0.006674576 -0.20036704 -0.86261999 0.0046290722 0.9999323 -0.010675562 -0.1262576 0.20042475 0.0095313155 0.97966274 7.0148552
0.9780179 -0.0069695761 -0.20840446 -0.96907709 0.0043087133 0.99990334 -0.013219026 -0.13664948 0.20847646 0.012030489 0.97795339 7.4719572
0.97627933 -0.010977643 -0.21623634 -1.0851613 0.0078891919 0.99985425 -0.015140786 -0.1475612 0.21637105 0.013075706 0.97622364 7.9887771
0.97448523 -0.016601182 -0.22383683 -1.2048656 0.013298204 0.99977943 -0.01625567 -0.1657769 0.22405734 0.012864283 0.97449106 8.5070975
0.97250286 -0.017371983 -0.23224213 -1.3337006 0.013427113 0.99973766 -0.018556155 -0.18906197 0.23250358 0.014927573 0.97248098 9.0201771
0.97043477 -0.013952362 -0.24095993 -1.4890283 0.0087040796 0.99970144 -0.022831413 -0.19372745 0.24120656 0.020059063 0.97026648 9.5490276
0.96823708 -0.010983554 -0.24979255 -1.640283 0.0046649263 0.99965434 -0.025873481 -0.20902364 0.24999041 0.0238864 0.96795363 10.073584
0.96609871 -0.013174246 -0.25783659 -1.8029014 0.006242333 0.9995972 -0.027685093 -0.23409829 0.25809748 0.025137031 0.96579181 10.668723
0.96377106 -0.015396048 -0.26628611 -1.9555294 0.0077774237 0.99953033 -0.029641658 -0.26418017 0.26661743 0.026496753 0.96343815 11.221151
0.96157718 -0.015241442 -0.27411131 -2.1388431 0.0066034845 0.99945291 -0.032407797 -0.28824202 0.27445532 0.029352509 0.96115177 11.790292
0.95914893 -0.014542902 -0.28252756 -2.3291137 0.004620711 0.99934994 -0.035754029 -0.30866386 0.28286389 0.032987961 0.95859263 12.389356
0.95689346 -0.015586873 -0.29002058 -2.5070804 0.0038449159 0.99915124 -0.041012497 -0.33968912 0.29041371 0.038129486 0.95614122 12.954544
0.95505063 -0.016418439 -0.29598769 -2.7185563 0.0023045449 0.99884612 -0.047970024 -0.3808007 0.29643377 0.045131685 0.95398645 13.586924
0.95370444 -0.016782166 -0.30027686 -2.9200053 -0.00015123174 0.99841497 -0.056280712 -0.41712445 0.30074546 0.053720577 0.95219025 14.197893
0.95258482 -0.016901283 -0.3038034 -3.1330334 -0.002992653 0.99788739 -0.064898328 -0.46366747 0.30425847 0.062730341 0.9505218 14.829397
0.95115377 -0.016076068 -0.30829866 -3.3511059 -0.0070715817 0.99724666 -0.073817921 -0.50762727 0.30863654 0.072392354 0.94842124 15.46345
0.94993583 -0.015302007 -0.31207011 -3.5797728 -0.010572971 0.99665365 -0.081053722 -0.56927371 0.31226613 0.080295344 0.94659523 16.103698
0.94838551 -0.014311032 -0.31679665 -3.8191499 -0.014119673 0.99608489 -0.087267006 -0.62746728 0.31680526 0.08723583 0.9444704 16.766297
0.9465217 -0.012826751 -0.32238507 -4.0660548 -0.01825309 0.99548024 -0.093198239 -0.70035224 0.32212342 0.094098681 0.94200953 17.425179
0.94498618 -0.010812055 -0.32693151 -4.3114455 -0.0226469 0.99489291 -0.098362628 -0.77339643 0.32632537 0.10035531 0.93991519 18.091154
0.94318077 -0.0083772883 -0.33217443 -4.5810137 -0.026993972 0.9944461 -0.10172654 -0.84921003 0.33118179 0.10491322 0.93771629 18.796075
0.94110498 -0.0078320695 -0.33802375 -4.84634 -0.028754115 0.99425607 -0.10309252 -0.92839426 0.33688962 0.10674046 0.93547414 19.465968
0.93919613 -0.0061031548 -0.34332693 -5.1280874 -0.030904461 0.99428202 -0.10221629 -1.0148553 0.34198766 0.10661148 0.93363721 20.208213
0.93681219 -0.0068255637 -0.34976609 -5.4059765 -0.030386079 0.99444337 -0.10079217 -1.0999083 0.34851056 0.10505136 0.93139928 20.910314
0.93441873 -0.0068912734 -0.35610973 -5.684492 -0.030359019 0.99463331 -0.098908625 -1.1843376 0.35488023 0.10323322 0.92919478 21.643116
0.93165234 -0.0064184114 -0.36329423 -5.9639223 -0.030357104 0.99497335 -0.09542792 -1.2667787 0.36208061 0.099934208 0.92677441 22.341902
0.92798305 -0.0023207763 -0.37261517 -6.3072461 -0.033971145 0.99528931 -0.090802765 -1.3543934 0.37107066 0.096921592 0.92353277 23.1609
0.92438842 -0.0017590491 -0.38144848 -6.6232001 -0.033138388 0.99583837 -0.084898669 -1.4344854 0.38001041 0.091119936 0.92048317 23.879832
0.92040142 0.00088576357 -0.39097369 -6.9465812 -0.03525679 0.99611127 -0.080742205 -1.5046902 0.38938181 0.088099719 0.91685346 24.619105
0.91699244 0.002100431 -0.39889903 -7.3129574 -0.036646311 0.99620102 -0.078997275 -1.5846965 0.39721772 0.087058083 0.91358578 25.365892
0.91317794 0.0036160827 -0.40754505 -7.66998 -0.038861346 0.99617708 -0.078236903 -1.6643043 0.40570416 0.087281964 0.90982746 26.143066
0.90905064 0.0037055909 -0.41666916 -8.0202383 -0.039358909 0.99625318 -0.077009615 -1.7272944 0.41482265 0.086405285 0.90579044 26.895851
0.90510273 0.0040976006 -0.4251732 -8.416992 -0.039988861 0.9963417 -0.075525489 -1.803665 0.42330835 0.085360519 0.90195545 27.685943
0.90127951 0.0040132982 -0.43321949 -8.8082671 -0.039618048 0.99653076 -0.073190512 -1.8786754 0.43142285 0.08312842 0.89831175 28.466642
0.89747901 0.0048517723 -0.44103045 -9.2011183 -0.039237166 0.99685307 -0.068879657 -1.9520764 0.43930841 0.079122833 0.89484508 29.236036
0.8937643 0.0055308086 -0.44850282 -9.6139348 -0.038038307 0.99725641 -0.063503824 -2.0138442 0.44692112 0.07381774 0.89152256 30.050534
0.89033745 0.0053388535 -0.45526992 -10.035261 -0.036239424 0.99758977 -0.059172212 -2.0817098 0.45385675 0.069181957 0.88838501 30.845078
0.88599073 0.004701622 -0.4636791 -10.459087 -0.035195025 0.99774602 -0.057133131 -2.1473768 0.46236539 0.066938623 0.8841592 31.658003
0.88298208 0.0040052785 -0.46938959 -10.906007 -0.034302622 0.9978406 -0.056013104 -2.2054898 0.46815168 0.065559862 0.88121276 32.471088
0.88057154 0.0050527283 -0.4738863 -11.354921 -0.034866091 0.99792404 -0.054147685 -2.2624543 0.47262897 0.064203473 0.87891967 33.278942
0.87729122 0.0038102803 -0.47994331 -11.843723 -0.033226773 0.99805155 -0.052811857 -2.3306723 0.47880697 0.062278347 0.87570846 34.142041
0.87358989 0.0006940656 -0.48666231 -12.286338 -0.030144904 0.9981559 -0.052688476 -2.3797306 0.48572833 0.060698509 0.87199983 34.964381
0.8726752 0.0010603579 -0.48829996 -12.791505 -0.030898756 0.9981135 -0.053053902 -2.4472287 0.48732256 0.061386687 0.87106166 35.809066
0.87110159 0.0024374315 -0.4910968 -13.303867 -0.032984229 0.99802007 -0.053553611 -2.5108091 0.48999397 0.062849085 0.86945726 36.677089
0.87028437 0.0021161804 -0.49254504 -13.787681 -0.032213875 0.99809431 -0.052630887 -2.5666335 0.49149507 0.061670624 0.86869405 37.523653
0.87015588 0.002937249 -0.49276779 -14.306707 -0.032271506 0.99817523 -0.051036918 -2.630541 0.49171873 0.060312434 0.86866283 38.413366
0.86986746 0.001444451 -0.49328339 -14.817081 -0.030245586 0.99827039 -0.050412596 -2.6930237 0.49235742 0.058771922 0.86840661 39.323564
0.8693073 -0.0013917491 -0.49427003 -15.334446 -0.027427752 0.99831939 -0.051050139 -2.7553699 0.49351044 0.057934975 0.86780816 40.220401
0.86885281 -0.0034989445 -0.49505811 -15.886835 -0.02552487 0.99832846 -0.051853406 -2.8198271 0.49441207 0.057689272 0.86731118 41.149865
0.86632886 -0.0032815083 -0.49946322 -16.382894 -0.024988842 0.99844139 -0.049903468 -2.8837787 0.49884855 0.055713823 0.86489659 42.026647
0.86514355 -0.0021643902 -0.50151962 -16.945848 -0.024356584 0.99862939 -0.046325931 -2.9509507 0.50093254 0.052293886 0.86390506 42.984165
0.8630483 -0.0031462901 -0.50511158 -17.48359 -0.020932822 0.99889879 -0.041988466 -3.0121623 0.50468749 0.046811486 0.86203204 43.873022
0.85881692 -0.0045356748 -0.51226254 -18.025719 -0.018456657 0.99903765 -0.039788578 -3.0748498 0.51195007 0.043625758 0.85790672 44.777129
0.85426734 -0.0065392574 -0.51979278 -18.606539 -0.017843871 0.99896273 -0.041893443 -3.1389363 0.51952761 0.045063316 0.85326455 45.699473
0.84954567 -0.0089926682 -0.52743839 -19.201985 -0.017593723 0.99881541 -0.045367735 -3.2061375 0.52722162 0.047821568 0.8483811 46.598551
0.84281056 -0.0089863605 -0.53813529 -19.774989 -0.018182026 0.9988145 -0.045155391 -3.2608222 0.53790316 0.04784183 0.84164801 47.492351
0.83686445 -0.0064184911 -0.54737251 -20.351539 -0.018484114 0.99902972 -0.039974532 -3.318141 0.54709803 0.043570961 0.83593382 48.366925
0.83176113 -0.0032476689 -0.55512417 -20.959731 -0.019135507 0.9992209 -0.034517158 -3.381709 0.55480382 0.039332614 0.83105096 49.254493
0.82720945 -0.0035042371 -0.56188274 -21.549114 -0.020396452 0.99913426 -0.03625906 -3.4321647 0.5615234 0.041454252 0.82642183 50.126681
0.82404316 -0.003337875 -0.56651717 -22.194638 -0.023936926 0.9988845 -0.040703463 -3.4909937 0.56602113 0.04710209 0.82304404 51.010189
0.82167308 -0.0072366147 -0.5699131 -22.805961 -0.024290491 0.99856629 -0.047700396 -3.5526532 0.56944125 0.053037601 0.82031927 51.855441
0.81876975 -0.0054024155 -0.57409657 -23.424911 -0.028035175 0.99838659 -0.049378541 -3.6220678 0.57343713 0.056524554 0.81729729 52.724529
0.81530155 -0.0053928693 -0.57901146 -24.042755 -0.025912775 0.99861501 -0.045788599 -3.6828538 0.57845652 0.05233531 0.81403262 53.573122
0.81261234 -0.004467354 -0.58278744 -24.676304 -0.023052782 0.99894166 -0.039801132 -3.7441984 0.58234851 0.045777763 0.81164933 54.47373
0.80956677 -0.0043828477 -0.58701142 -25.324232 -0.021406849 0.99908661 -0.036982444 -3.7970821 0.58663738 0.042505823 0.8087335 55.324508
0.80701062 -0.0022334748 -0.59053268 -25.980076 -0.024582968 0.99899897 -0.03737296 -3.8550916 0.59002506 0.044677422 0.80614787 56.165881
0.8036709 -0.0033593043 -0.59506451 -26.626034 -0.024722417 0.99893222 -0.039028377 -3.9115499 0.59456028 0.046077404 0.80272971 57.03796
0.79942332 -0.0054163802 -0.60074369 -27.278921 -0.024607972 0.99882492 -0.041751917 -3.976795 0.60026397 0.048160541 0.79835065 57.894493
0.79531214 -0.0066370577 -0.60616377 -27.928254 -0.02369247 0.99883573 -0.04202204 -4.0285498 0.60573698 0.047782157 0.79422894 58.716171
0.79043436 -0.0063554988 -0.61251376 -28.60529 -0.023678631 0.99888176 -0.040921193 -4.0971781 0.61208895 0.046849005 0.78939998 59.593913
0.7869927 -0.0063999538 -0.61692909 -29.292001 -0.023621142 0.99890049 -0.040495062 -4.1523713 0.61650999 0.046441888 0.78597622 60.420576
0.78089975 -0.0077488791 -0.62460828 -29.95565 -0.022902736 0.99889556 -0.041025809 -4.2169321 0.6242364 0.046342283 0.77985983 61.283495
0.77557867 -0.0087948243 -0.63118963 -30.652259 -0.022991218 0.99884595 -0.042168264 -4.2776285 0.63083212 0.047216625 0.77448141 62.116741
0.77093629 -0.011834155 -0.63680229 -31.335264 -0.020188988 0.99887088 -0.043004266 -4.3297365 0.63659224 0.046009944 0.76982689 62.929624
0.76479973 -0.0098508264 -0.64419275 -32.072346 -0.024146075 0.99874236 -0.043939252 -4.4015385 0.64381549 0.049159456 0.76360003 63.752312
0.7590492 -0.012498491 -0.65091325 -32.752199 -0.022299908 0.99872986 -0.045181661 -4.4679987 0.65065125 0.04881041 0.75780639 64.582091
0.75296351 -0.01460474 -0.65790016 -33.530654 -0.020159586 0.99877252 -0.045244317 -4.5308601 0.65775344 0.047330315 0.75174483 65.425854
0.74755768 -0.013755562 -0.66405441 -34.275401 -0.020508046 0.99883081 -0.043777173 -4.5909474 0.66388024 0.046344421 0.74640154 66.242773
0.74059876 -0.013385141 -0.67181417 -35.021687 -0.020587663 0.99888019 -0.042597121 -4.6622496 0.67163209 0.045378459 0.73949386 67.078842
0.7330312 -0.016178015 -0.68000256 -35.753862 -0.018016918 0.99890454 -0.043186976 -4.7231791 0.67995638 0.043908952 0.73193672 67.890557
0.72814309 -0.019252745 -0.68515467 -36.522765 -0.016138628 0.99884674 -0.045218652 -4.7841918 0.68523516 0.043983106 0.72699265 68.655555
0.72316663 -0.016055808 -0.69048693 -37.288381 -0.020804097 0.99876975 -0.045012992 -4.8490285 0.69036024 0.046916851 0.72194293 69.444127
0.71681344 -0.017774175 -0.6970384 -38.143238 -0.017928964 0.99887467 -0.043908476 -4.9163564 0.69703449 0.043971362 0.71568812 70.259869
0.71267145 -0.015887215 -0.70131802 -38.95064 -0.021262879 0.99879493 -0.044233165 -4.9829134 0.70117568 0.046435754 0.71147482 71.075227
0.70758648 -0.016724379 -0.70642878 -39.764089 -0.021009624 0.99877997 -0.044689713 -5.0533428 0.70631438 0.04646364 0.70637183 71.889285
0.70220556 -0.017990378 -0.7117469 -40.584442 -0.022412323 0.99862672 -0.04735353 -5.1212043 0.71162144 0.049203814 0.70083804 72.659459
0.69774208 -0.020297607 -0.71606142 -41.4009 -0.02224246 0.99850266 -0.049977156 -5.1898159 0.71600371 0.050798133 0.69624585 73.457626
0.69335093 -0.019941995 -0.72032406 -42.25121 -0.024393585 0.99839454 -0.051120453 -5.2615535 0.72018711 0.053015701 0.69175133 74.244897
0.6875251 -0.021368795 -0.7258461 -43.09576 -0.021002503 0.9985636 -0.049291231 -5.3310304 0.72585685 0.049133543 0.68608875 75.05151
0.68280271 -0.022021955 -0.7302708 -43.952791 -0.019423529 0.99864516 -0.048276003 -5.4048452 0.73034459 0.047147423 0.68144988 75.834769
0.67775528 -0.022710311 -0.73493671 -44.823243 -0.019030984 0.99864625 -0.048409495 -5.4763628 0.73504125 0.04679636 0.67640558 76.605146
0.6739215 -0.02338628 -0.7384327 -45.670789 -0.01876754 0.99863444 -0.048754873 -5.5496097 0.73856458 0.046715522 0.67256232 77.377565
0.66940073 -0.022934661 -0.74254739 -46.554467 -0.019573449 0.99863189 -0.048489516 -5.6275124 0.74264365 0.046993131 0.668036 78.164244
0.66535088 -0.023838585 -0.74615004 -47.444983 -0.018443546 0.99866005 -0.0483523 -5.6975649 0.74630295 0.045932898 0.66401967 78.943906
0.66177249 -0.027803169 -0.74918896 -48.306601 -0.013776492 0.99869238 -0.049231525 -5.7656324 0.74957816 0.042901264 0.66052412 79.693381
0.6567006 -0.032270003 -0.75346063 -49.201611 -0.010987352 0.99856866 -0.052344093 -5.8457264 0.75407138 0.042652935 0.65540608 80.515333
0.65325488 -0.036826507 -0.7562419 -50.145912 -0.0064665585 0.99850862 -0.054210028 -5.9192004 0.75711049 0.040303248 0.65204249 81.293097
0.64650178 -0.040097319 -0.76185799 -51.049471 -0.0020903199 0.99852101 -0.054326936 -6.0024389 0.76290964 0.036714988 0.6454618 82.043516
0.6384373 -0.043630614 -0.76843616 -51.994441 0.0029607637 0.99852382 -0.054234753 -6.087137 0.76966818 0.032350331 0.63762403 82.821803
0.62863183 -0.044126647 -0.77645014 -52.894116 0.004371025 0.99857371 -0.053211329 -6.1685118 0.77769079 0.030056452 0.62792809 83.565089
0.62091872 -0.043394074 -0.78267288 -53.831112 0.0064195991 0.99871456 -0.050279299 -6.2407219 0.7838487 0.026194912 0.62039915 84.313959
0.61233825 -0.043313813 -0.78940846 -54.829302 0.0061043868 0.99872737 -0.050063741 -6.3223713 0.79057236 0.025837089 0.61182338 85.055374
0.60218825 -0.043664005 -0.79715915 -55.786046 0.0032508084 0.99862907 -0.052243702 -6.3991387 0.79834754 0.028869132 0.60150464 85.770165
0.59227373 -0.047395983 -0.80434159 -56.77939 0.0063672114 0.99851256 -0.054149074 -6.4744716 0.8057117 0.026949662 0.59169455 86.450746
0.58391862 -0.047959785 -0.81039426 -57.790748 0.0048508807 0.99844171 -0.055593348 -6.5567358 0.81179774 0.028530865 0.58324135 87.188463
0.57347547 -0.049330503 -0.8177361 -58.785608 0.0087033518 0.99849589 -0.054131334 -6.6423023 0.81917653 0.023925947 0.57304225 87.904785
0.56304936 -0.048820106 -0.82497998 -59.812111 0.0091864263 0.99856166 -0.052822464 -6.7273443 0.82637225 0.022163036 0.56268799 88.601878
0.55243913 -0.048997332 -0.8321119 -60.847536 0.0093070036 0.99857123 -0.052620054 -6.8111137 0.83350132 0.021324908 0.55210584 89.263788
0.54206796 -0.049819811 -0.83885651 -61.884533 0.0076614423 0.99849256 -0.054349806 -6.8958587 0.84029976 0.023034437 0.54163252 89.928481
0.53157316 -0.05095856 -0.84547805 -62.934429 0.0076087519 0.99843559 -0.055393787 -6.9746387 0.84697824 0.023012818 0.5311293 90.568565
0.5223724 -0.05175459 -0.85114539 -64.0204 0.0061981853 0.99836052 -0.056902121 -7.0626487 0.85269498 0.024448541 0.52183677 91.245737
0.51388921 -0.051008759 -0.85633867 -65.082789 0.0041122383 0.99836565 -0.057000996 -7.1544427 0.85784674 0.025770728 0.5132591 91.871449
0.50504817 -0.049211731 -0.861687 -66.208455 0.0035415563 0.99848291 -0.054948509 -7.2381641 0.86308393 0.024699931 0.50445625 92.501517
0.49729181 -0.047332535 -0.86629119 -67.297024 0.0039064347 0.99862271 -0.052320405 -7.32949 0.86757458 0.022634399 0.4967918 93.130029
0.48935727 -0.048503713 -0.87073347 -68.411672 0.0055248938 0.9986045 -0.052521673 -7.4107349 0.87206594 0.020891153 0.48894235 93.760566
0.48237541 -0.050927756 -0.87448285 -69.496194 0.0062916077 0.99848418 -0.054678764 -7.4987741 0.87594203 0.020873788 0.48196463 94.344039
0.47532774 -0.054852888 -0.87809717 -70.623059 0.0093931331 0.99831408 -0.057277936 -7.5833372 0.8797587 0.018977708 0.47504162 94.921661
0.46918312 -0.057631056 -0.88121836 -71.768932 0.010667568 0.99816536 -0.059599622 -7.6724912 0.8830365 0.01856268 0.46893712 95.519061
0.4643032 -0.061261639 -0.88355502 -72.851997 0.012707108 0.99796302 -0.062516649 -7.7676976 0.88558519 0.017799251 0.46413589 96.131496
0.46027451 -0.061685012 -0.885631 -74.00271 0.014127966 0.99796578 -0.062166735 -7.8690538 0.88766426 0.016101599 0.4602097 96.664293
0.4547547 -0.060483047 -0.88856058 -75.153835 0.017693777 0.99810799 -0.058884319 -7.9654725 0.89044099 0.011055927 0.45496447 97.23424
0.45216476 -0.057980162 -0.8900479 -76.251504 0.020248413 0.99829504 -0.054745019 -8.061027 0.8917046 0.0067317096 0.45256784 97.857125
0.44856945 -0.056997696 -0.89192861 -77.36872 0.021221864 0.99836227 -0.053126303 -8.1501029 0.89349602 0.0049024488 0.44904442 98.428222
0.44510736 -0.05728528 -0.89364298 -78.457166 0.0226038 0.99835248 -0.052738941 -8.239002 0.89519192 0.003274763 0.4456689 98.957761
0.44423497 -0.056066335 -0.89415423 -79.570101 0.023812529 0.99842625 -0.05077395 -8.3334715 0.89559384 0.0012634896 0.44487094 99.564808
0.44079529 -0.056550883 -0.89582445 -80.688858 0.028214604 0.99839318 -0.04914261 -8.4127588 0.89716415 -0.0036135021 0.44168257 100.06455
0.43928476 -0.056777535 -0.89655181 -81.802338 0.029101076 0.99837635 -0.048967264 -8.5012066 0.89787644 -0.0045800501 0.44022381 100.59677
0.43634443 -0.056486961 -0.89800484 -82.891879 0.030516192 0.99838237 -0.047973033 -8.5819651 0.89926212 -0.0064709225 0.43736236 101.1469
0.43356483 -0.055864239 -0.89938905 -84.02036 0.033849466 0.99838176 -0.045695353 -8.6683333 0.90048644 -0.010631942 0.43475419 101.68066
0.43262148 -0.056210637 -0.89982162 -85.127234 0.037644886 0.99831035 -0.044263968 -8.7476464 0.90078942 -0.014724139 0.43400655 102.18812
0.43031132 -0.057454569 -0.90085019 -86.167807 0.039963544 0.99820642 -0.044574287 -8.8307431 0.90179551 -0.016820347 0.43183561 102.70191
0.42790415 -0.058484192 -0.90192991 -87.18448 0.041090258 0.99813128 -0.045227694 -8.8962788 0.90288964 -0.017707416 0.42950765 103.15416
0.42754591 -0.0592167 -0.902052 -88.241483 0.040642398 0.99810236 -0.046258794 -8.9789243 0.9030796 -0.0168838 0.42914129 103.64443
0.42838773 -0.060070786 -0.90159602 -89.309629 0.040178046 0.99806723 -0.047408042 -9.0617008 0.90270136 -0.015915343 0.42997329 104.17071
0.43117144 -0.059347628 -0.90031605 -90.303519 0.037190027 0.9981554 -0.047986348 -9.1310728 0.90150328 -0.012792437 0.43258324 104.64232
0.43566059 -0.060073941 -0.89810406 -91.330851 0.036003804 0.99813488 -0.04929992 -9.2193072 0.89939071 -0.010857131 0.43701093 105.15298
0.43951726 -0.059774573 -0.896243 -92.319608 0.033850403 0.99817677 -0.049972781 -9.2919871 0.89759612 -0.0083742876 0.44073931 105.62773
0.44695255 -0.058942953 -0.89261362 -93.340823 0.031436122 0.99824546 -0.050177456 -9.3705945 0.89400518 -0.0056333695 0.44802129 106.09594
0.45336264 -0.057741216 -0.88945388 -94.325037 0.030082673 0.99832221 -0.049475279 -9.4470913 0.8908184 -0.0043269081 0.454339 106.59954
0.46096044 -0.057844516 -0.88553341 -95.359173 0.031711047 0.99830973 -0.04870421 -9.5281006 0.88685396 -0.0056304782 0.4620156 107.11391
0.4691593 -0.056756662 -0.88128779 -96.283507 0.030310899 0.99837955 -0.048161397 -9.5985937 0.88259326 -0.0041172583 0.4701194 107.62114
0.47956916 -0.05797516 -0.87558679 -97.304494 0.031710361 0.99830835 -0.048732777 -9.6741047 0.87693098 -0.0043944374 0.48059631 108.14281
0.48885924 -0.057534686 -0.87046329 -98.278751 0.029014573 0.99834304 -0.049692287 -9.7476602 0.87188007 -0.00096358813 0.48971857 108.67633
0.49785067 -0.059214325 -0.86523887 -99.223747 0.028015045 0.99824376 -0.052197172 -9.8252004 0.8668102 0.0017466907 0.49863522 109.22078
0.5101723 -0.057811476 -0.85812702 -100.13291 0.022602727 0.99829498 -0.053816767 -9.8988482 0.8597752 0.0080598129 0.51060915 109.76685
0.52282355 -0.056335212 -0.85057734 -101.09252 0.020784981 0.99835968 -0.053347209 -9.9760845 0.85218753 0.010211943 0.52313688 110.33872
0.53508637 -0.05480269 -0.8430179 -101.99621 0.020953265 0.99844762 -0.051607219 -10.052664 0.84453751 0.0099503419 0.53540401 110.89984
0.54850342 -0.053221561 -0.83445276 -102.91746 0.021301086 0.99853775 -0.04968528 -10.125827 0.83587698 0.0094777951 0.54883504 111.48465
0.55892537 -0.051700703 -0.82760462 -103.77835 0.019713691 0.99860081 -0.049069183 -10.196577 0.82898363 0.011110869 0.55916255 112.08757
0.57025092 -0.051790454 -0.81983632 -104.67144 0.019720962 0.99858608 -0.049365135 -10.269699 0.82123385 0.011982552 0.57046599 112.70629
0.58123537 -0.053321384 -0.81198659 -105.54141 0.020653536 0.99849603 -0.050784861 -10.345294 0.81347337 0.012747563 0.58146249 113.29524
0.59276641 -0.055522671 -0.80345825 -106.38074 0.023276332 0.99838512 -0.051820466 -10.420887 0.80503804 0.01201587 0.59310153 113.91391
0.60302245 -0.0539867 -0.79589529 -107.18886 0.021948766 0.9984525 -0.051096618 -10.49338 0.79742224 0.013343488 0.60327421 114.53902
0.61387955 -0.052116826 -0.7876774 -108.03505 0.0209033 0.99854156 -0.049777623 -10.567398 0.78912293 0.014092408 0.61407366 115.17111
0.62354934 -0.050652606 -0.78014132 -108.82618 0.022664066 0.99865065 -0.046724989 -10.633545 0.78145545 0.011454161 0.62385595 115.79895
0.63400628 -0.049557058 -0.77173835 -109.61949 0.022519106 0.99870449 -0.045631531 -10.702635 0.77299999 0.011551819 0.6343009 116.4447
0.6439039 -0.048071777 -0.76359467 -110.37908 0.019663031 0.99873432 -0.046293974 -10.771243 0.7648537 0.014794285 0.64403416 117.07321
0.65319048 -0.047087789 -0.75572805 -111.14003 0.017007401 0.99872508 -0.047528584 -10.837209 0.75700264 0.018192248 0.65315856 117.72644
0.66274153 -0.046670948 -0.74739243 -111.87731 0.017003419 0.99873654 -0.047288557 -10.903101 0.74865519 0.018631863 0.66269775 118.36647
0.67170309 -0.045845936 -0.73940047 -112.60185 0.01820559 0.99880338 -0.045391268 -10.9676 0.74059676 0.017028233 0.67173397 119.0239
0.68096463 -0.044239006 -0.73097882 -113.32863 0.018305393 0.99889005 -0.043400133 -11.03131 0.73208752 0.0161731 0.68101861 119.67835
0.68863942 -0.043555577 -0.7237946 -114.03898 0.018589587 0.99892668 -0.042425443 -11.094217 0.72486566 0.01576079 0.68870997 120.33147
0.69629801 -0.042938557 -0.71646725 -114.6973 0.017937331 0.9989382 -0.04243493 -11.157675 0.71752866 0.016695847 0.69632889 121.00262
0.70377181 -0.040661868 -0.70926146 -115.39562 0.015591046 0.99900424 -0.041802413 -11.215536 0.71025503 0.018361231 0.70370498 121.6809
0.71088195 -0.038017065 -0.70228307 -116.04319 0.014516228 0.99911839 -0.039391844 -11.270539 0.70316156 0.01780845 0.7108071 122.34842
0.71817465 -0.035700783 -0.69494646 -116.71159 0.01401565 0.99922259 -0.03684794 -11.326217 0.69572177 0.016723129 0.7181167 123.00716
0.72549418 -0.034393393 -0.68736835 -117.34026 0.013499423 0.99926953 -0.035751598 -11.379031 0.68809592 0.0166585 0.72542852 123.64392
0.73272514 -0.032970798 -0.6797255 -117.96174 0.012368522 0.99930588 -0.035139457 -11.435563 0.68041232 0.017340364 0.73262434 124.33492
0.74093362 -0.030850466 -0.67086927 -118.58745 0.010811955 0.99936283 -0.034015373 -11.481421 0.67149125 0.017949725 0.74079507 124.98239
0.74941162 -0.028210672 -0.66150309 -119.15695 0.010059615 0.9994617 -0.031226905 -11.53156 0.66202799 0.016747339 0.749292 125.66009
0.75923036 -0.024125555 -0.65037465 -119.74254 0.0074508243 0.99956941 -0.028380988 -11.571427 0.65077937 0.01670188 0.75908319 126.31413
0.76892149 -0.022203832 -0.63895751 -120.29395 0.0063156334 0.99961179 -0.027136368 -11.62237 0.63931204 0.016830315 0.76876322 126.96908
0.77864509 -0.02136516 -0.62710073 -120.83095 0.0047440794 0.99959202 -0.028165314 -11.657491 0.6274467 0.018955768 0.77842877 127.63082
0.78860166 -0.022174139 -0.61450443 -121.35542 0.0050885525 0.9995507 -0.029538168 -11.70803 0.61488337 0.02016691 0.78836018 128.29991
0.79837066 -0.021080796 -0.60179719 -121.86666 0.0043295222 0.99956215 -0.029270663 -11.747428 0.60215079 0.020763344 0.79811236 128.97901
0.80787519 -0.020067333 -0.58901185 -122.3701 0.004399846 0.99959765 -0.028021054 -11.782425 0.58933721 0.020045953 0.80763843 129.67015
0.8178451 -0.018130688 -0.57515271 -122.85205 0.0043356563 0.99966929 -0.025347697 -11.81771 0.57542213 0.018236825 0.81765324 130.35904
0.82679922 -0.016771319 -0.56224704 -123.31274 0.0047382432 0.9997276 -0.022853255 -11.859077 0.56247722 0.01623099 0.82665347 131.06008
0.8358862 -0.015447261 -0.54868535 -123.78903 0.0050049388 0.99977687 -0.020522245 -11.889307 0.54887998 0.014408125 0.835777 131.76525
0.84399232 -0.014741005 -0.53615263 -124.24413 0.0058215057 0.99981514 -0.018324958 -11.921286 0.53632368 0.012344908 0.84392211 132.47045
0.85103608 -0.014875099 -0.52489647 -124.66419 0.0069840118 0.99983091 -0.017010856 -11.950278 0.5250608 0.010810969 0.85099607 133.18456
0.85720983 -0.014905603 -0.5147515 -125.13117 0.0074549528 0.99983545 -0.016537478 -11.984838 0.51491335 0.010338641 0.8571799 133.9013
0.86413296 -0.014155106 -0.50306445 -125.53499 0.0068684039 0.99984298 -0.016335223 -12.011354 0.50321672 0.010660554 0.8640945 134.64853
0.87081355 -0.012416546 -0.49145658 -125.95674 0.0055527477 0.99986565 -0.015422462 -12.039439 0.49158209 0.010701154 0.8707655 135.35954
0.87681986 -0.011427892 -0.48068317 -126.3698 0.004700022 0.99987346 -0.015197897 -12.058736 0.48079607 0.011066596 0.87676262 136.1132
0.8823809 -0.011729304 -0.47038957 -126.76393 0.0052766607 0.99987306 -0.015033902 -12.092918 0.47050624 0.010783542 0.88233079 136.85798
0.88723903 -0.012964717 -0.46112775 -127.16165 0.0062889051 0.99985204 -0.016010828 -12.11892 0.46126714 0.011305442 0.88718929 137.63222
0.8916943 -0.013386575 -0.45244011 -127.55897 0.0066762064 0.99984281 -0.016425016 -12.149825 0.45258891 0.011625509 0.89164351 138.38541
0.89496308 -0.013034111 -0.44594976 -127.95488 0.0066327194 0.99985139 -0.01591241 -12.175842 0.44609093 0.01128316 0.89491653 139.1561
0.8979369 -0.01122111 -0.43998112 -128.34582 0.0063408109 0.99990101 -0.012560429 -12.203846 0.44007855 0.0084886352 0.89791917 139.96069
0.90140213 -0.0074372317 -0.43291901 -128.74022 0.0040783429 0.99995395 -0.0086867576 -12.220055 0.43296371 0.0060646694 0.90139096 140.77211
0.90467186 -0.0045939909 -0.42608414 -129.13078 0.0022863825 0.99997982 -0.0059271682 -12.236066 0.42610281 0.0043879507 0.90466411 141.57476
0.9080139 -0.001881053 -0.4189358 -129.525 0.00043545158 0.99999362 -0.0035462355 -12.262018 0.41893984 0.0030376046 0.90800892 142.41923
0.91110483 -0.00011553137 -0.41217468 -129.90915 -0.0005308277 0.9999988 -0.0014536821 -12.26422 0.41217439 0.0015432503 0.91110368 143.24722
0.9140797 0.0011483649 -0.40553294 -130.2881 -0.00067806406 0.99999892 0.0013033688 -12.282545 0.40553403 -0.00091640596 0.91407949 144.10642
0.9174664 0.0011752349 -0.39781151 -130.68163 0.00011545621 0.99999481 0.0032205097 -12.294193 0.39781327 -0.0030006396 0.91746151 144.98641
0.92080924 0.00093642611 -0.39001212 -131.04893 0.00072614799 0.99999127 0.0041154146 -12.309492 0.3900126 -0.0040727187 0.92080052 145.86827
0.92409283 6.6582492e-05 -0.38216806 -131.43148 0.0016144848 0.99999038 0.0040780891 -12.306725 0.38216469 -0.0043855378 0.92408383 146.7622
0.92807216 -0.0021764804 -0.37239404 -131.8077 0.0039497184 0.9999842 0.0039989289 -12.329877 0.37237948 -0.0051821466 0.9280661 147.6964
0.93196443 -0.0040596535 -0.36252697 -132.17152 0.0053213412 0.99998276 0.0024817929 -12.333599 0.36251067 -0.0042420728 0.93196997 148.61476
0.93629103 -0.0047540643 -0.35119296 -132.52296 0.0053594349 0.99998536 0.00075171129 -12.352282 0.35118428 -0.0025860167 0.9363028 149.55802
0.94105707 -0.0032345225 -0.33823235 -132.8764 0.0032311546 0.99999462 -0.00057299203 -12.36525 0.33823241 -0.0005536631 0.94106245 150.52963
0.946601 0.00029400137 -0.32240728 -133.22045 -3.896823e-06 0.99999959 0.0009004525 -12.373711 0.32240744 -0.00085111315 0.94660062 151.51109
0.95266554 0.004013167 -0.30399385 -133.53408 -0.0030902451 0.99998904 0.0035170224 -12.379668 0.30400466 -0.0024111308 0.9526675 152.49138
0.95896156 0.0068768554 -0.28345269 -133.85759 -0.0056143885 0.99997037 0.0052660257 -12.387888 0.28348053 -0.0034585031 0.95897176 153.51884
0.96476486 0.0086438771 -0.26297154 -134.15481 -0.0072634456 0.99995427 0.0062210725 -12.40471 0.26301331 -0.0040917929 0.96478353 154.57268
0.97052193 0.01001406 -0.24080468 -134.42818 -0.0084818055 0.99993666 0.0073987261 -12.404637 0.24086354 -0.0051381678 0.97054539 155.60685
0.97561 0.010664631 -0.2192519 -134.67183 -0.0086742847 0.99991199 0.010038564 -12.418839 0.21933968 -0.0078918703 0.97561664 156.67471
0.98042397 0.012650904 -0.19649118 -134.90345 -0.010193742 0.99985675 0.013511565 -12.411924 0.19663398 -0.011244082 0.98041249 157.77726
0.9846191 0.014698266 -0.17409531 -135.10957 -0.011803646 0.99977454 0.017650434 -12.427873 0.17431551 -0.015323996 0.98457061 158.88786
0.98833992 0.016293207 -0.15138936 -135.28178 -0.013298971 0.99969583 0.02076994 -12.41421 0.15168173 -0.018514439 0.98825597 160.01328
0.99140631 0.017928973 -0.12958428 -135.43863 -0.015318294 0.99965969 0.021115364 -12.408759 0.12991877 -0.018948896 0.99134356 161.12141
0.99408284 0.017667034 -0.10717824 -135.57885 -0.015721829 0.99969649 0.018967209 -12.400654 0.10748081 -0.01716994 0.99405889 162.28024
0.99622426 0.017757735 -0.084981651 -135.6989 -0.016293965 0.99970723 0.017887323 -12.384853 0.085274417 -0.016435098 0.99622194 163.44158
0.99769681 0.016374208 -0.065825225 -135.77139 -0.015113042 0.99969344 0.019611863 -12.388145 0.06612618 -0.018571874 0.99763842 164.61285
0.9988271 0.016570617 -0.045495413 -135.84147 -0.015609963 0.99964933 0.021390126 -12.380704 0.045833911 -0.020654856 0.99873552 165.80655
0.99955292 0.017118352 -0.02451361 -135.89509 -0.016565255 0.99960754 0.022590932 -12.37341 0.024890711 -0.022174758 0.99944421 167.01676
0.99982001 0.018429118 -0.0045077783 -135.90868 -0.018319939 0.99956371 0.023168324 -12.359284 0.0049327838 -0.023081572 0.99972142 168.24168
0.99968116 0.018820225 0.016833625 -135.90739 -0.0192143 0.99953769 0.023562872 -12.351189 -0.016382385 -0.023878806 0.99958062 169.4714
0.9990925 0.020860087 0.037135415 -135.86692 -0.021717328 0.9995034 0.022832389 -12.339189 -0.036640691 -0.023618151 0.99904937 170.69662
0.99814306 0.022043253 0.056784906 -135.80912 -0.02331722 0.99948886 0.021870841 -12.323241 -0.056273781 -0.023154294 0.99814685 171.95219
0.99676551 0.022187943 0.077241283 -135.73632 -0.023773556 0.99952386 0.019669284 -12.316466 -0.076768091 -0.021441964 0.99681839 173.23961
0.99509501 0.023835139 0.096009357 -135.60903 -0.025570297 0.99953045 0.016883003 -12.312946 -0.095561875 -0.01925518 0.99523724 174.48209
0.99310697 0.024529327 0.11461616 -135.46874 -0.026418004 0.99953861 0.014988227 -12.307574 -0.11419564 -0.017912843 0.99329678 175.78017
0.9906439 0.024361566 0.13428021 -135.32111 -0.026240683 0.9995807 0.012241714 -12.311483 -0.13392569 -0.015650784 0.99086778 177.10261
0.98801873 0.025538956 0.15220628 -135.13473 -0.026890734 0.99961505 0.0068290337 -12.309755 -0.1519733 -0.010840152 0.98832515 178.38692
0.98507253 0.027251029 0.16996911 -134.91616 -0.027747729 0.99961481 0.00054710997 -12.331915 -0.16988874 -0.0052551997 0.98544924 179.69403
0.98169859 0.029760281 0.18810158 -134.68682 -0.029334808 0.99955691 -0.0050459755 -12.334984 -0.18816842 -0.00056429659 0.98213661 181.00015
0.97819296 0.031761508 0.20525528 -134.4154 -0.0306011 0.99949271 -0.008826167 -12.374545 -0.2054315 0.0023526575 0.97866867 182.29331
0.97385451 0.034011609 0.22461212 -134.1333 -0.032206369 0.99941279 -0.011697149 -12.403889 -0.22487808 0.0041573803 0.97437804 183.62682
0.97025187 0.033537669 0.2397635 -133.81945 -0.031645717 0.99943023 -0.011737591 -12.440388 -0.24002056 0.0038009317 0.97076037 184.95535
0.96566282 0.03232911 0.25777926 -133.45344 -0.030151503 0.99946846 -0.012397206 -12.462811 -0.25804305 0.0041990888 0.9661243 186.31786
0.96099538 0.032076837 0.27469794 -133.11829 -0.028481328 0.99944859 -0.017068663 -12.525634 -0.275094 0.0085791441 0.96137906 187.65355
0.95628549 0.033612189 0.29049661 -132.70946 -0.028570669 0.9993588 -0.021580018 -12.574146 -0.29103572 0.012336976 0.95663264 188.98251
0.95103495 0.035830548 0.30699948 -132.30193 -0.030547068 0.9992912 -0.02199946 -12.610459 -0.30757016 0.011544322 0.95145538 190.32437
0.94483027 0.037604085 0.32539466 -131.86423 -0.032112266 0.99923694 -0.022233775 -12.667596 -0.32598247 0.010557985 0.94531686 191.63246
0.93868825 0.041633868 0.34224404 -131.40139 -0.034921226 0.99905815 -0.025755049 -12.708311 -0.34299401 0.012224381 0.93925805 193.00917
0.93194231 0.042555169 0.36010078 -130.90277 -0.034371771 0.99898533 -0.02910153 -12.774932 -0.36097385 0.014743646 0.93245939 194.34469
0.92566448 0.043508554 0.37583543 -130.38525 -0.03387958 0.99890724 -0.032194644 -12.833367 -0.37682551 0.017068292 0.926127 195.68789
0.91815608 0.043534273 0.39381998 -129.8363 -0.031627434 0.99882655 -0.036677339 -12.902367 -0.39495461 0.021220007 0.91845554 197.00417
0.90961796 0.046669377 0.41281609 -129.25118 -0.031886869 0.99858195 -0.042629954 -12.987469 -0.41422024 0.02561356 0.90981622 198.34473
0.89960762 0.05048424 0.4337712 -128.65656 -0.033662998 0.99835655 -0.046378791 -13.077763 -0.43539976 0.027120676 0.89982861 199.65688
0.88736843 0.053506527 0.45794575 -127.97377 -0.035366812 0.99821615 -0.048101086 -13.157566 -0.4597026 0.026487305 0.88767785 201.00531
0.87452635 0.05762241 0.48154263 -127.31728 -0.037936259 0.99800192 -0.05052724 -13.248926 -0.48349202 0.025919477 0.87496495 202.30752
0.85997775 0.062022195 0.50654861 -126.6047 -0.040300598 0.99774111 -0.053745044 -13.342967 -0.5087378 0.025805331 0.86053469 203.59397
0.84530566 0.065564263 0.53024489 -125.8372 -0.041659454 0.99750872 -0.056928326 -13.45164 -0.53265641 0.026032124 0.84593114 204.87492
0.83039582 0.067448914 0.55307631 -125.03107 -0.041544879 0.99737791 -0.059256498 -13.559051 -0.55562292 0.026228861 0.8310206 206.10519
0.81431481 0.068133962 0.57641055 -124.19815 -0.040079309 0.99731651 -0.061265276 -13.665613 -0.57903805 0.026787086 0.81486037 207.36578
0.79793867 0.070735605 0.59857357 -123.34384 -0.038759365 0.99705615 -0.066156905 -13.795164 -0.60149116 0.029588822 0.79833133 208.59187
0.78182607 0.073137593 0.6191921 -122.41259 -0.036751725 0.99677532 -0.07133213 -13.92208 -0.62241252 0.033012942 0.78199286 209.78316
0.76457993 0.074872208 0.64016533 -121.47528 -0.034831633 0.9965783 -0.074956341 -14.051342 -0.64358707 0.035012112 0.76457169 210.93957
0.74866577 0.076599539 0.65850743 -120.49419 -0.033302822 0.99639375 -0.078041063 -14.192647 -0.66211065 0.036496518 0.74851688 212.09907
0.73254937 0.077299347 0.67631072 -119.46771 -0.03126783 0.99630391 -0.080005256 -14.335958 -0.67999543 0.037461032 0.73225878 213.22443
0.71684651 0.077575337 0.69290194 -118.41802 -0.029275082 0.99626355 -0.081252104 -14.475807 -0.69661617 0.037960527 0.71643908 214.33029
0.70239183 0.078194172 0.7074824 -117.37569 -0.02636165 0.99612339 -0.083924117 -14.621429 -0.7113022 0.040297212 0.70173026 215.40262
0.68687363 0.07963026 0.72240127 -116.28709 -0.023646992 0.99590188 -0.087294184 -14.774757 -0.7263921 0.042877458 0.68594175 216.47418
0.67220895 0.081939385 0.73581317 -115.19448 -0.021434297 0.99559394 -0.091286798 -14.942796 -0.74005118 0.045592166 0.67100346 217.51127
0.65764238 0.084629656 0.74856147 -114.0464 -0.020693469 0.99532422 -0.094347687 -15.103458 -0.75304603 0.046556705 0.65631867 218.54395
0.64158743 0.084781115 0.7623501 -112.89414 -0.018830899 0.9953143 -0.094841185 -15.270825 -0.76681876 0.046493176 0.64017765 219.5527
0.62492958 0.086136899 0.77591456 -111.7231 -0.019408808 0.99530143 -0.094859722 -15.435881 -0.78043986 0.044221071 0.62366512 220.52219
0.60734033 0.087128571 0.78964947 -110.53431 -0.021357295 0.99539918 -0.09340418 -15.61089 -0.79415467 0.03986335 0.6064069 221.47945
0.58890212 0.087924244 0.80340747 -109.35135 -0.023407403 0.9955033 -0.091789294 -15.772417 -0.80786536 0.035249229 0.58831208 222.4098
0.57117379 0.089301408 0.81595692 -108.14872 -0.025184767 0.99550289 -0.091322137 -15.941557 -0.82044274 0.031611127 0.57085419 223.29233
0.55316452 0.092604279 0.82790905 -106.91179 -0.026947793 0.99527149 -0.093319229 -16.116499 -0.83263611 0.029310566 0.55304436 224.14646
0.53490769 0.096106457 0.83942674 -105.68991 -0.029410077 0.99502553 -0.095180076 -16.286848 -0.84439853 0.02622495 0.5350733 224.95778
0.51557595 0.096217327 0.85142445 -104.45104 -0.02946364 0.99507834 -0.094609723 -16.461898 -0.8563372 0.023692435 0.51587337 225.72967
0.49407071 0.0950565 0.86420966 -103.20847 -0.02966196 0.99526945 -0.092514268 -16.623667 -0.86891563 0.020074439 0.49455304 226.49805
0.47301398 0.093238204 0.8761075 -101.93976 -0.029231009 0.99549803 -0.090162192 -16.792652 -0.88056992 0.017038472 0.47360993 227.19209
0.45117463 0.09178962 0.88770268 -100.69427 -0.029543212 0.99568757 -0.087940069 -16.952561 -0.89194659 0.013450741 0.45194073 227.86186
0.42922158 0.090556689 0.89864801 -99.429347 -0.027990317 0.99581682 -0.086979355 -17.111523 -0.90276544 0.012179975 0.42996078 228.51191
