1 0 0 0 0 1 0 0 0 0 1 0
0.99987293 0.0010003251 0.015909723 -0.024109779 -0.00099485733 0.99999944 -0.00035159131 -0.0090580394 -0.015910068 0.00033571875 0.99987337 0.098350904
0.99937422 0.0035373778 0.035194538 -0.035982384 -0.0035254447 0.99999371 -0.00040111879 -0.00333709 -0.035195739 0.00027679141 0.9993804 0.24581547
0.99799692 0.0052138044 0.063047287 0.051703398 -0.0053523864 0.99998362 0.0020293626 -0.010002138 -0.063035679 -0.002362751 0.99800848 0.40479607
0.99528599 0.0045455956 0.096876902 0.080640366 -0.0048952501 0.99998233 0.0033718897 -0.0016214723 -0.096859871 -0.0038302312 0.99529066 0.58697564
0.99107215 0.0010765954 0.13332232 0.14877394 -0.0018413887 0.99998255 0.005613256 -0.0057557426 -0.13331396 -0.0058086399 0.99105683 0.76300628
0.9849201 -0.0017137806 0.17300131 0.22445527 0.000710211 0.99998256 0.0058626701 -0.0073902644 -0.17300836 -0.0056513942 0.98490414 0.99323867
0.97632162 -0.0019839012 0.21631497 0.31195324 0.00037063254 0.99997182 0.0074982735 -0.013719157 -0.21632376 -0.0072405531 0.97629484 1.1989947
0.96480954 -0.002174755 0.26294069 0.38137771 -0.00047702733 0.99994968 0.010020838 0.0047643634 -0.26294928 -0.0097936297 0.96475995 1.3757615
0.95035279 -0.0061581811 0.31111354 0.53915495 0.00091626673 0.9998552 0.01699223 0.0091378512 -0.31117316 -0.01586355 0.95022083 1.6556314
0.93260823 -0.015470265 0.36055867 0.64612888 0.0067652385 0.99965466 0.025392833 -0.0086339915 -0.36082701 -0.0212423 0.93239082 1.8835498
0.91253746 -0.02116542 0.4084451 0.81997622 0.0096922348 0.99949871 0.030139382 -0.0043502518 -0.4088783 -0.02354457 0.91228515 2.0969227
0.88710523 -0.023176164 0.46098498 1.0157394 0.0085843259 0.99939427 0.033725449 -0.0009946598 -0.46148741 -0.025960777 0.88676684 2.3143501
0.8587729 -0.024781736 0.51175674 1.185273 0.00596898 0.9992457 0.038371835 0.011479129 -0.51232168 -0.029898026 0.85827305 2.5431033
0.82681878 -0.030356781 0.5616486 1.3981601 0.0075465268 0.99905136 0.042888691 0.019487192 -0.5624178 -0.031222679 0.82626351 2.7431078
0.79189785 -0.035957879 0.60959395 1.6415916 0.0097463955 0.99888191 0.046259523 0.029073471 -0.61057582 -0.030691473 0.7913629 2.9890208
0.75247962 -0.040384813 0.65737618 1.9005784 0.010578839 0.99873065 0.049246064 0.036111211 -0.65853059 -0.030102383 0.75195169 3.1927386
0.71153777 -0.043794337 0.70128169 2.1945742 0.012354302 0.99868122 0.049831658 0.052254172 -0.70253926 -0.026793261 0.71114046 3.3935229
0.67182551 -0.045772842 0.73929378 2.4427013 0.011300331 0.99860602 0.051558914 0.05868801 -0.74062328 -0.026284329 0.67140624 3.6207546
0.62988193 -0.046025081 0.77532599 2.8130656 0.0068159066 0.99853182 0.053737772 0.084108995 -0.77666103 -0.028563902 0.62927085 3.846854
0.58743992 -0.047027161 0.8079002 3.1608041 0.0040504744 0.9984685 0.055174795 0.10143893 -0.80925768 -0.029139498 0.58673074 4.065332
0.54628146 -0.04776933 0.83623836 3.5068751 0.0018821267 0.99843989 0.05580542 0.11883327 -0.8375996 -0.028911559 0.54551911 4.2097626
0.50803407 -0.050738339 0.85984123 3.9279011 0.0011638045 0.99830303 0.058221196 0.13603138 -0.86133622 -0.028577664 0.507231 4.4499557
0.4725212 -0.050402873 0.87987681 4.3482082 -0.0022931705 0.9982896 0.058417536 0.16147131 -0.88131636 -0.029621232 0.47159742 4.6082429
0.43493859 -0.049305598 0.89910918 4.8284721 -0.0033921664 0.99840296 0.056391638 0.17980828 -0.90045376 -0.027576827 0.43407673 4.8389987
0.40049801 -0.048266196 0.91502549 5.3438504 -0.0021014302 0.99856069 0.053592325 0.1967243 -0.91629526 -0.023386481 0.39982014 5.0325162
0.37173767 -0.046589582 0.92716797 5.7959949 -0.00036357641 0.9987325 0.050331425 0.22202148 -0.92833778 -0.019047183 0.37124956 5.1989369
0.34581511 -0.044890807 0.93722817 6.3776724 0.0013422695 0.99887753 0.047348386 0.24644543 -0.93830175 -0.015115774 0.3454872 5.3810411
0.32457661 -0.04411872 0.94482987 6.9511719 0.0019872552 0.99894118 0.045962761 0.27113966 -0.94585736 -0.013040819 0.32432062 5.5484668
0.31203349 -0.044627063 0.94902237 7.5370737 0.0033238256 0.99894135 0.045881609 0.29723129 -0.95006533 -0.011162213 0.31185149 5.7422846
0.29648263 -0.046020569 0.95392876 8.1833793 0.0038449395 0.99888775 0.04699452 0.31150016 -0.95503055 -0.01026526 0.29632981 5.9192586
0.28728681 -0.048035696 0.95663932 8.7640892 0.0031627153 0.99878384 0.049202107 0.33938757 -0.95783943 -0.011109538 0.28708934 6.1422579
0.27638679 -0.049734467 0.95975869 9.4757634 0.00092064251 0.9986733 0.05148589 0.37197259 -0.96104608 -0.013346425 0.2760659 6.2969883
0.26430153 -0.05108175 0.96308633 10.169115 -0.00038475558 0.9985907 0.053070477 0.40299661 -0.96444006 -0.014397161 0.2639094 6.4583808
0.2568983 -0.053208602 0.96497255 10.869841 -0.0002973873 0.99847885 0.055135311 0.42156013 -0.96643844 -0.014451137 0.25649169 6.6618982
0.24671947 -0.054913824 0.96752979 11.598797 -0.00043148267 0.99838689 0.056775199 0.46001119 -0.96908689 -0.014425019 0.24629779 6.8468985
0.23425642 -0.056182808 0.97055002 12.347803 -0.0011761528 0.9983116 0.058073741 0.48565037 -0.97217417 -0.014745661 0.23379482 7.0471287
0.22546484 -0.058918701 0.97246805 13.088443 -0.0026169534 0.99812943 0.061080176 0.52089028 -0.97424783 -0.016316335 0.2248889 7.1800299
0.21379154 -0.062278092 0.97489206 13.85329 -0.0047833724 0.99788706 0.064796041 0.55951434 -0.97686763 -0.018516117 0.21304192 7.3897509
0.20225875 -0.066652087 0.97706132 14.658522 -0.0046631812 0.99760446 0.069018788 0.59506248 -0.97932106 -0.018515867 0.20146341 7.5494866
0.19045545 -0.068837153 0.97927937 15.467339 -0.0043860528 0.99746889 0.070968783 0.64275991 -0.98168608 -0.017811562 0.18967146 7.7361472
0.17653366 -0.069536113 0.98183528 16.252083 -0.0056527783 0.9974134 0.071655763 0.67619322 -0.98427841 -0.01819975 0.17568396 7.9102334
0.16093623 -0.068685796 0.98457184 17.029087 -0.0071543946 0.99746807 0.070754908 0.71832944 -0.98693892 -0.018431043 0.16003735 8.0030257
0.14479257 -0.067483306 0.98715806 17.829839 -0.0081038053 0.99755719 0.069382837 0.75310025 -0.98942889 -0.018045855 0.14389199 8.1177915
0.12313785 -0.066239061 0.99017644 18.636913 -0.011411962 0.99760944 0.068155486 0.78514778 -0.992324 -0.019692376 0.12208756 8.1954079
0.099796204 -0.064444016 0.99291873 19.498121 -0.015741151 0.99767325 0.066334711 0.83425468 -0.99488342 -0.022249635 0.09854958 8.3211236
0.068885348 -0.063863746 0.9955783 20.363628 -0.020557155 0.99764612 0.065418767 0.86394466 -0.9974128 -0.024972651 0.067410342 8.3576262
0.035848492 -0.064245432 0.99728999 21.172236 -0.021403431 0.99765321 0.065038196 0.91861099 -0.99912805 -0.023676949 0.034389289 8.3967269
0.0017398399 -0.063316856 0.99799192 22.030582 -0.022825592 0.99773094 0.063340091 0.94696914 -0.99973799 -0.022889958 0.00029064587 8.4013193
-0.030874623 -0.06215681 0.99758869 22.864529 -0.025215775 0.99779533 0.061389275 0.97094249 -0.99920519 -0.023259601 -0.032373888 8.3844956
-0.065705443 -0.059871614 0.99604121 23.747628 -0.026989602 0.99793973 0.058205321 1.0052403 -0.99747403 -0.023058349 -0.067185984 8.2690218
-0.096778541 -0.056535709 0.99369892 24.575365 -0.030425556 0.9980869 0.053822147 1.0335329 -0.99484083 -0.025025012 -0.098313526 8.1759914
-0.13104445 -0.052512917 0.98998468 25.385921 -0.026960027 0.99841557 0.049391423 1.0626629 -0.99100988 -0.020217541 -0.13225257 8.0584109
-0.16140722 -0.047039506 0.98576615 26.256509 -0.022169546 0.99878416 0.044030716 1.0827852 -0.98663889 -0.014747112 -0.16225382 7.9362081
-0.19149025 -0.040671696 0.98065142 27.105644 -0.016794572 0.99913055 0.038158653 1.0965454 -0.98135086 -0.0091626102 -0.19200682 7.7529975
-0.21993955 -0.035286171 0.97487507 27.85517 -0.010315576 0.99937383 0.033845643 1.1129301 -0.975459 -0.0026124013 -0.22016583 7.5277898
-0.24831485 -0.028575681 0.96825776 28.66892 -0.0022966872 0.99957935 0.028911061 1.1227407 -0.96867669 0.0049552618 -0.24827603 7.3059022
-0.27632622 -0.018346569 0.96088873 29.481755 0.00580838 0.99976763 0.020759234 1.1258731 -0.96104639 0.011317529 -0.27615545 7.1146024
-0.30163289 -0.0033327811 0.95341828 30.246732 0.009708772 0.99993131 0.006566937 1.1153579 -0.95337475 0.011237326 -0.30157981 6.7942903
-0.32867313 0.014180648 0.94433723 31.06413 0.010340385 0.99988137 -0.011415793 1.0864462 -0.94438717 0.0060127471 -0.32878078 6.5648295
-0.35028777 0.028805398 0.93619905 31.788705 0.0082544354 0.99958311 -0.027667151 1.0573686 -0.9366058 -0.0019636692 -0.35037951 6.2468946
-0.37711423 0.039972692 0.92530372 32.537903 0.012357529 0.99919643 -0.038128421 1.0231962 -0.92608435 -0.0029443015 -0.37730516 5.9263179
-0.39890301 0.044526849 0.91591139 33.339646 0.015574603 0.9990053 -0.0417833 0.97232751 -0.91686089 -0.0024025269 -0.39919971 5.552531
-0.42292105 0.04330592 0.9051311 34.01504 0.018523244 0.99906184 -0.03914507 0.92368959 -0.90597723 0.0002106909 -0.42332644 5.2180999
-0.44336835 0.040048021 0.89544436 34.77521 0.022652809 0.99918292 -0.033471381 0.89104353 -0.89605325 0.0054441804 -0.44391328 4.8506774
-0.46144432 0.038973586 0.88631266 35.512842 0.029175187 0.99916088 -0.028746241 0.84338163 -0.88668936 0.012593549 -0.46219418 4.4294602
-0.47433507 0.039774248 0.87944538 36.186693 0.033679377 0.9990674 -0.027019125 0.80355872 -0.87969995 0.016803055 -0.47523228 4.0532887
-0.48555942 0.043419293 0.8731247 36.912277 0.036473462 0.99890234 -0.029390533 0.75567478 -0.8734425 0.017575032 -0.4866101 3.6523034
-0.49489242 0.045855729 0.86774344 37.597654 0.038098355 0.99879139 -0.031052634 0.71006553 -0.86811869 0.017691885 -0.49604132 3.2431628
-0.50561591 0.044873842 0.86159087 38.280233 0.03204873 0.9989341 -0.033219553 0.65646392 -0.86216326 0.010816559 -0.50651513 2.8766653
-0.51731364 0.043983009 0.85466487 38.982613 0.029787824 0.99899871 -0.03338071 0.6315178 -0.85527735 0.0081903108 -0.51810581 2.4585275
-0.52646952 0.045073231 0.84899835 39.613662 0.032035766 0.99893624 -0.033167826 0.58118089 -0.84959027 0.0097364637 -0.52735343 2.0467348
-0.53373028 0.048566407 0.84425898 40.355833 0.036615944 0.99874043 -0.034304871 0.54074928 -0.84486172 0.012603792 -0.53483631 1.6114595
-0.53845934 0.051508183 0.84107573 41.033459 0.036464538 0.99861936 -0.037811574 0.49432229 -0.84186219 0.010309444 -0.53959414 1.179606
-0.5376154 0.05294857 0.84152604 41.718427 0.035567181 0.99856217 -0.040106869 0.44935949 -0.84243974 0.00836864 -0.53872563 0.69409033
-0.53327153 0.054367537 0.84419523 42.476758 0.039078476 0.99845051 -0.039616258 0.41487623 -0.84504107 0.011863642 -0.53456983 0.23099848
-0.52877607 0.053134381 0.84709654 43.212533 0.037119222 0.99853136 -0.039462549 0.36940465 -0.84794935 0.010576714 -0.52997179 -0.19338115
-0.52046346 0.051364934 0.85233759 43.954627 0.034326961 0.99864078 -0.039220596 0.31555587 -0.85319371 0.0088452731 -0.52151924 -0.68230132
-0.51371254 0.051078541 0.85644051 44.745386 0.03336272 0.99866051 -0.039548892 0.27295832 -0.85731349 0.0082564248 -0.51472854 -1.1599975
-0.50688214 0.04916857 0.86061192 45.561689 0.029683281 0.99877544 -0.039579319 0.21699513 -0.86150418 0.0054837364 -0.50772092 -1.6189058
-0.50410887 0.047565353 0.86232924 46.395789 0.02583601 0.99886588 -0.03999313 0.16203994 -0.86325362 0.002118256 -0.50476606 -2.0345785
-0.50213048 0.044532735 0.86364446 47.205768 0.02090386 0.99900646 -0.039358817 0.12549907 -0.86453923 -0.0017097574 -0.5025625 -2.5060862
-0.50308216 0.042339054 0.86320083 48.054012 0.01833783 0.99909735 -0.038317155 0.075093051 -0.86404405 -0.0034474467 -0.50340446 -2.9598628
-0.50380266 0.040854552 0.86285208 48.891224 0.016379003 0.99915317 -0.037744787 0.018853926 -0.86366351 -0.0048832666 -0.50404519 -3.4615224
-0.50323534 0.040538119 0.863198 49.78735 0.017007338 0.99917021 -0.037008642 -0.028859799 -0.86398207 -0.0039433558 -0.5035072 -3.97728
-0.50400073 0.039180792 0.86281404 50.628063 0.01601827 0.99922275 -0.036018326 -0.092773302 -0.86355471 -0.0043324741 -0.50423661 -4.483096
-0.5035461 0.039068036 0.86308456 51.543296 0.016803148 0.99923098 -0.035427387 -0.1303557 -0.86380498 -0.0033367845 -0.50381533 -5.0038557
-0.50434709 0.038767905 0.86263028 52.4128 0.016400464 0.99924152 -0.035318691 -0.18927902 -0.86334529 -0.0036653417 -0.50460037 -5.5242706
-0.50414105 0.037190736 0.86282013 53.334315 0.01460798 0.99929662 -0.034538013 -0.24746627 -0.86349781 -0.0048079702 -0.50432973 -6.0448416
-0.50428498 0.036545308 0.86276361 54.19154 0.01445154 0.99932133 -0.033882758 -0.28980348 -0.8634164 -0.0046183026 -0.50447087 -6.5267005
-0.50371161 0.036334114 0.8631074 55.116086 0.013316869 0.99932297 -0.034296604 -0.34943352 -0.86376926 -0.005781709 -0.50385444 -7.0556292
-0.50270018 0.034710474 0.86376365 56.020844 0.012497303 0.99938094 -0.032886992 -0.40927468 -0.86437052 -0.0057375799 -0.50282277 -7.5612859
-0.50060237 0.032712668 0.865059 56.920408 0.013528082 0.99945935 -0.0299665 -0.45876935 -0.86557167 -0.0032987116 -0.50077427 -8.0660346
-0.49830516 0.031457341 0.8664308 57.815082 0.014185634 0.9995036 -0.02813029 -0.51012603 -0.86688569 -0.0017265974 -0.49850405 -8.560982
-0.49587503 0.031155675 0.86783478 58.703721 0.013958925 0.99951306 -0.027906948 -0.56811829 -0.86828173 -0.0017243175 -0.49606847 -9.0525917
-0.49422564 0.030766805 0.86878902 59.590182 0.01375555 0.99952518 -0.027571538 -0.62899043 -0.86922486 -0.0016758893 -0.49441419 -9.5528133
-0.49175948 0.032157564 0.87013702 60.493983 0.01466128 0.99948192 -0.0286519 -0.67123909 -0.87060767 -0.0013325199 -0.49197618 -10.067315
-0.49244444 0.033303519 0.86970644 61.376341 0.013792622 0.99944077 -0.030461765 -0.72416482 -0.87023463 -0.0030051934 -0.49262839 -10.58206
-0.49483837 0.035458196 0.86826127 62.230112 0.01241226 0.99935364 -0.033737786 -0.77600932 -0.86889642 -0.0059176652 -0.49495864 -11.080432
-0.50065577 0.035333557 0.86492501 63.107308 0.011341674 0.9993486 -0.034259924 -0.83488588 -0.8655722 -0.0073427303 -0.50073039 -11.549211
-0.50721314 0.033683982 0.8611621 63.98118 0.010473522 0.99940303 -0.032922448 -0.88563234 -0.86175704 -0.0076792975 -0.50726314 -12.062974
-0.51129003 0.032003686 0.85881209 64.831512 0.014590628 0.9994856 -0.028559425 -0.94225561 -0.8592844 -0.0020715408 -0.51149398 -12.579291
-0.51650223 0.030193497 0.85575331 65.69207 0.01217243 0.99953605 -0.027919728 -0.9899801 -0.85619935 -0.0040040038 -0.51663013 -13.080347
-0.52178013 0.032158383 0.85247362 66.51097 0.01273825 0.99947152 -0.029906873 -1.0480904 -0.85298493 -0.0047457897 -0.52191402 -13.617099
-0.52669587 0.034666695 0.84934658 67.354513 0.013048548 0.99938007 -0.032698767 -1.095189 -0.84995368 -0.0061395647 -0.52682171 -14.1248
-0.53237642 0.034716269 0.84579552 68.225023 0.011377373 0.99936189 -0.033858147 -1.1660351 -0.84643131 -0.0084023471 -0.53243169 -14.632133
-0.53592851 0.035316945 0.84352433 69.046803 0.010547852 0.99932678 -0.035138611 -1.2141559 -0.84419751 -0.0099344127 -0.53594023 -15.143415
-0.53890623 0.03435313 0.84166495 69.855354 0.010052007 0.9993592 -0.034353369 -1.2745321 -0.84230582 -0.010052822 -0.53890621 -15.652145
-0.54225767 0.027297239 0.83976867 70.673517 0.012041569 0.99962194 -0.02471786 -1.3203631 -0.84012599 -0.0032913159 -0.54238136 -16.175821
-0.54339147 0.019774245 0.83924646 71.501819 0.013055623 0.99980069 -0.015104012 -1.3569813 -0.83937794 0.0027494954 -0.54354133 -16.729675
-0.54539031 0.016500875 0.83801973 72.319834 0.012890389 0.99985308 -0.01129825 -1.4018179 -0.83808311 0.0046404454 -0.54552289 -17.250339
-0.54699945 0.022555583 0.83682901 73.116435 0.013738096 0.9997442 -0.01796673 -1.4345704 -0.83702027 0.0016686468 -0.54716939 -17.750686
-0.54761234 0.027602357 0.83627673 73.916205 0.01390053 0.99961792 -0.023891264 -1.4756502 -0.83661673 -0.0014584606 -0.5477868 -18.27677
-0.54787463 0.032272327 0.8359377 74.712424 0.019288646 0.99947729 -0.025944155 -1.5243937 -0.83633809 0.0019099632 -0.54821074 -18.806237
-0.54736282 0.034258154 0.83619391 75.516771 0.023577498 0.99939647 -0.025510867 -1.5645348 -0.83656327 0.0057516607 -0.54784019 -19.346589
-0.54660588 0.030396042 0.83683812 76.312124 0.023015168 0.99950879 -0.021271598 -1.6006351 -0.8370737 0.0076327897 -0.54703695 -19.867399
-0.54710145 0.025695446 0.83667179 77.097425 0.020972566 0.99963574 -0.016986308 -1.6337358 -0.83680357 0.0082539215 -0.54744107 -20.377093
-0.54568576 0.01976034 0.83775684 77.943112 0.019242144 0.99975381 -0.011047729 -1.6742866 -0.83776897 0.01009165 -0.54593166 -20.90469
-0.54507382 0.013472497 0.83827976 78.707102 0.010701595 0.99990122 -0.0091115239 -1.702622 -0.83831979 0.0040044785 -0.54516416 -21.390589
-0.54419184 0.0085010247 0.8389177 79.494412 0.0022486165 0.99995985 -0.0086742756 -1.7321519 -0.83895783 -0.0028340651 -0.54418911 -21.875897
-0.54282452 0.0082232805 0.83980585 80.280724 0.0044847595 0.99996619 -0.0068927407 -1.7596194 -0.8398342 2.4779367e-05 -0.54284304 -22.392929
-0.53965601 0.011722787 0.84180396 81.090195 0.010289589 0.99992021 -0.0073283242 -1.79751 -0.84182277 0.0047070431 -0.53973357 -22.902549
-0.53356661 0.015318701 0.84561927 81.846434 0.011691204 0.99987402 -0.010736196 -1.8158828 -0.84567727 0.0041578326 -0.53367849 -23.384331
-0.52561265 0.016794886 0.85055817 82.610983 0.015991082 0.99982351 -0.0098603553 -1.8460762 -0.85057374 0.0084186185 -0.52578846 -23.855811
-0.5178947 0.020294462 0.85520357 83.415041 0.024637166 0.9996577 -0.0088026487 -1.8783815 -0.85508955 0.016510949 -0.51821743 -24.35008
-0.50732152 0.019571305 0.86153455 84.256365 0.022593866 0.99970048 -0.0094054131 -1.9146863 -0.86146065 0.014693829 -0.50761176 -24.838445
-0.49810848 0.017063876 0.86694677 85.02513 0.018603187 0.99978653 -0.0089899723 -1.9347126 -0.86691518 0.011649993 -0.49831959 -25.259148
-0.4850026 0.014216031 0.87439712 85.865386 0.019778505 0.99979042 -0.0052841266 -1.9713107 -0.87428906 0.014731454 -0.48518212 -25.732476
-0.4744963 0.013187827 0.88015867 86.691244 0.020102916 0.99978933 -0.0041427632 -1.9890981 -0.88002795 0.015728031 -0.47466145 -26.154948
-0.46215941 0.012366847 0.88671059 87.507159 0.019979145 0.99979416 -0.0035307469 -2.0108453 -0.88657181 0.016083953 -0.46231136 -26.587677
-0.45116356 0.013661946 0.89233667 88.356833 0.022273782 0.99974373 -0.004044802 -2.0381557 -0.89216332 0.018050846 -0.45135224 -26.991516
-0.43880453 0.016161805 0.89843715 89.174155 0.021545849 0.99974002 -0.0074609412 -2.0709094 -0.89832423 0.016083698 -0.43903868 -27.383105
-0.42748901 0.025027587 0.903674 90.008368 0.02191254 0.99960988 -0.017318692 -2.1113842 -0.90375498 0.012398243 -0.42787065 -27.774921
-0.41398818 0.030880121 0.90975828 90.822335 0.023569206 0.99945299 -0.023199411 -2.1286631 -0.90997712 0.011838 -0.41448954 -28.135917
-0.40419595 0.028091469 0.91424091 91.67459 0.0225201 0.99953091 -0.020755752 -2.1542548 -0.91439518 0.012199407 -0.40463897 -28.501212
-0.39105483 0.023517562 0.92006683 92.533806 0.021920892 0.99962789 -0.01623419 -2.2055311 -0.92010633 0.013820229 -0.39142484 -28.879351
-0.38139065 0.025162714 0.92407139 93.345958 0.020737904 0.99961079 -0.018660546 -2.2259691 -0.92418136 0.012046347 -0.38176403 -29.174358
-0.37460612 0.028078824 0.92675874 94.212394 0.01287274 0.9996025 -0.02508253 -2.2892758 -0.92709472 0.0025338562 -0.37481867 -29.525191
-0.36899066 0.033667238 0.92882309 95.051079 0.0068370645 0.999415 -0.033509856 -2.3169938 -0.929408 -0.0060143996 -0.36900498 -29.839745
-0.36615287 0.036315758 0.92984577 95.886183 0.0052238052 0.99930267 -0.036971422 -2.3681597 -0.93054009 -0.0086798586 -0.36608725 -30.166248
-0.36227883 0.035720898 0.93138499 96.75036 0.0037250603 0.99931286 -0.036877169 -2.4151044 -0.93206236 -0.0098903515 -0.36216296 -30.477776
-0.35721313 0.035436376 0.9333504 97.597664 0.0018288759 0.99930466 -0.0372405 -2.4705418 -0.93402115 -0.011595813 -0.35702956 -30.773009
-0.35184535 0.031905311 0.93551421 98.43173 0.0010831684 0.99943215 -0.033677826 -2.5208876 -0.93605756 -0.010836066 -0.35168011 -31.091331
-0.34611854 0.028788776 0.93774895 99.290498 0.0025369437 0.99955416 -0.029749813 -2.5643795 -0.9381874 -0.0079179448 -0.34603726 -31.406568
-0.34043326 0.026159481 0.93990468 100.16341 0.0018109402 0.9996293 -0.027165817 -2.6022204 -0.94026698 -0.0075460358 -0.34035444 -31.723123
-0.33539765 0.0236033 0.94178088 101.02264 -0.0066240056 0.99960229 -0.027411458 -2.6676816 -0.9420534 -0.0154321 -0.33510791 -32.000461
-0.32836836 0.023622569 0.94425427 101.8409 -0.016427718 0.99939318 -0.030714794 -2.6910955 -0.94440692 -0.025597709 -0.32778104 -32.261588
-0.32164075 0.027048568 0.94647532 102.72539 -0.01518083 0.9993161 -0.033717563 -2.7506583 -0.94674012 -0.025213223 -0.32101016 -32.566856
-0.31497251 0.0311229 0.94859032 103.55624 -0.01217296 0.99924752 -0.036826885 -2.79476 -0.94902277 -0.023146608 -0.31435665 -32.823396
-0.30785885 0.029436795 0.95097651 104.42717 -0.01389111 0.99927566 -0.035428816 -2.8442953 -0.95133067 -0.024117193 -0.30722694 -33.097969
-0.30134558 0.024159326 0.95320884 105.26542 -0.014321096 0.99945153 -0.029858801 -2.8941906 -0.95340748 -0.022648813 -0.30083431 -33.36039
-0.29483357 0.021838761 0.95529899 106.12061 -0.014044202 0.99953177 -0.027184407 -2.9318291 -0.95544545 -0.021431287 -0.29438881 -33.609982
-0.28803657 0.024992374 0.95729318 106.96777 -0.016404761 0.99938391 -0.031027219 -2.9768761 -0.95747893 -0.02464114 -0.28744912 -33.856847
-0.28113803 0.027358967 0.95927724 107.83033 -0.017277218 0.99928724 -0.033563548 -3.0290308 -0.95951185 -0.026009631 -0.28046496 -34.102614
-0.27455595 0.028277828 0.9611552 108.67636 -0.019463509 0.99919927 -0.034956899 -3.068084 -0.96137416 -0.028305077 -0.27378572 -34.318285
-0.2674415 0.027829665 0.96317209 109.56352 -0.019158595 0.99923166 -0.034191278 -3.1113548 -0.96338366 -0.027597191 -0.26670284 -34.564704
-0.26004597 0.027161737 0.9652141 110.41008 -0.016972264 0.99932129 -0.032694165 -3.1632126 -0.9654471 -0.024883854 -0.25940848 -34.7845
-0.25156003 0.028484629 0.9674224 111.27656 -0.012410661 0.99938969 -0.032653026 -3.2111832 -0.96776216 -0.020220547 -0.25105299 -35.014128
-0.24504314 0.029327291 0.96906846 112.16674 -0.0092306947 0.9994265 -0.032580142 -3.2477144 -0.96946827 -0.016928715 -0.2446319 -35.228221
-0.2383795 0.027878025 0.97077183 113.0019 -0.018558797 0.99927462 -0.033253785 -3.3023371 -0.97099478 -0.025943378 -0.23768921 -35.425706
-0.23255209 0.025665995 0.97224519 113.86714 -0.02237139 0.99924609 -0.031729812 -3.3485639 -0.97232666 -0.02912931 -0.23180259 -35.605884
-0.22782463 0.026558317 0.97333988 114.74456 -0.017994991 0.99934238 -0.031479807 -3.3885656 -0.97353593 -0.024687118 -0.22719689 -35.807906
-0.22347302 0.026770532 0.97434238 115.6255 -0.016758427 0.99936948 -0.031301838 -3.4385584 -0.97456608 -0.023323561 -0.22288349 -36.005903
-0.21836172 0.028486186 0.975452 116.50731 -0.015586272 0.99934456 -0.032673015 -3.4781217 -0.97574346 -0.022338195 -0.21777461 -36.208587
-0.21247355 0.026874866 0.97679714 117.36322 -0.011129363 0.99949033 -0.029920094 -3.5304323 -0.97710348 -0.017228358 -0.21206616 -36.383549
-0.20687088 0.026418685 0.97801146 118.23412 -0.0022868383 0.99961957 -0.027486092 -3.5641381 -0.97836562 -0.0079226254 -0.20673177 -36.581344
-0.20327393 0.025346477 0.97879374 119.11346 -0.00026035674 0.99966344 -0.02594098 -3.6179035 -0.97912191 -0.0055279596 -0.20319892 -36.753641
-0.19816923 0.026944827 0.97979735 119.98089 -0.0012335066 0.99961443 -0.027739286 -3.6550324 -0.98016708 -0.0067056589 -0.19805959 -36.920017
-0.1953742 0.028711951 0.98030835 120.84997 -0.0045958257 0.99953358 -0.030190974 -3.6944953 -0.98071804 -0.010403863 -0.19515112 -37.066959
-0.19251843 0.028040223 0.98089261 121.74551 -0.0066000784 0.99953205 -0.029868445 -3.7458863 -0.9812712 -0.012224194 -0.19224328 -37.26055
-0.19279443 0.02681601 0.98087264 122.58414 -0.0089099424 0.99953745 -0.02907757 -3.7870497 -0.98119876 -0.014345512 -0.19246633 -37.403878
-0.19054558 0.022523249 0.98141989 123.47591 -0.0057136191 0.99969438 -0.024051957 -3.8295609 -0.98166176 -0.010190453 -0.19035866 -37.567399
-0.19039444 0.01659483 0.98156736 124.32932 -0.007880733 0.99979906 -0.018431687 -3.8736538 -0.98167608 -0.01124476 -0.1902254 -37.728849
-0.18919109 0.015027677 0.98182525 125.18996 -0.0048275234 0.99985657 -0.016233892 -3.8984728 -0.98192846 -0.0078110913 -0.18909141 -37.900021
-0.18807127 0.019638311 0.98195899 126.04531 -0.0066249414 0.99975197 -0.021263006 -3.9420039 -0.98213308 -0.010504381 -0.18789452 -38.052443
-0.18818242 0.023308465 0.98185743 126.9178 -0.0084996337 0.99964226 -0.025359697 -3.98165 -0.98209736 -0.013117677 -0.18791698 -38.219123
-0.1886747 0.022793801 0.98177504 127.7669 -0.0094593858 0.99964203 -0.025026494 -4.0091326 -0.98199412 -0.014008854 -0.18839154 -38.361556
-0.18750078 0.022317876 0.98201084 128.63193 -0.0095897158 0.99965261 -0.024549832 -4.0523214 -0.98221768 -0.014020317 -0.18722163 -38.520443
-0.18658702 0.022312672 0.98218499 129.45434 -0.0053960044 0.99970371 -0.023735736 -4.0948546 -0.98242366 -0.0097286541 -0.18641134 -38.677716
-0.18595902 0.024534618 0.98225109 130.3118 -0.0074715511 0.99962398 -0.026383064 -4.1396257 -0.98252913 -0.012245107 -0.18570579 -38.835068
-0.18675747 0.026017143 0.98206144 131.134 -0.018245122 0.999385 -0.029945737 -4.1705165 -0.98223665 -0.023510421 -0.18616793 -38.97862
-0.18607885 0.027312563 0.98215508 131.9798 -0.02243026 0.99923496 -0.032037164 -4.2145599 -0.98227879 -0.027991432 -0.18532386 -39.115031
-0.18601255 0.030544573 0.98207244 132.79967 -0.022889419 0.99911071 -0.035409941 -4.2646212 -0.98228076 -0.029065761 -0.18514799 -39.262257
-0.18530104 0.031816753 0.98216655 133.64535 -0.019214018 0.99916733 -0.035992506 -4.309441 -0.98249398 -0.025540815 -0.18453542 -39.43
-0.18362389 0.032750911 0.98245079 134.45712 -0.02067878 0.99909495 -0.037170702 -4.3568145 -0.98277909 -0.027141313 -0.18278045 -39.566985
-0.1819243 0.031620465 0.98280395 135.2928 -0.017241921 0.99922659 -0.035340448 -4.4046122 -0.9831614 -0.023374714 -0.1812384 -39.719062
-0.17844635 0.028885222 0.98352553 136.10668 -0.0088046869 0.99948211 -0.030951332 -4.459619 -0.98391029 -0.014182786 -0.17809961 -39.868111
-0.17677022 0.024689747 0.98394239 136.902 -2.1084241e-05 0.99968523 -0.025088564 -4.4908762 -0.98425219 -0.0044556559 -0.17671406 -40.028542
-0.17202026 0.02427307 0.98479428 137.73171 0.0039148559 0.99970533 -0.023956761 -4.5190552 -0.98508567 -0.0002657198 -0.1720646 -40.16246
-0.1674683 0.028323982 0.98547047 138.54224 -0.00025905242 0.99958592 -0.028773703 -4.5756479 -0.98587747 -0.0050739708 -0.16739161 -40.300349
-0.16187221 0.032340329 0.98628161 139.35231 0.00060646425 0.99946591 -0.032673107 -4.6135345 -0.98681158 -0.0046907227 -0.16180537 -40.430474
-0.15291004 0.032630294 0.98770122 140.12326 -0.0036366852 0.99942939 -0.033580761 -4.663916 -0.98823346 -0.0087267932 -0.15270412 -40.541426
-0.14362134 0.029063062 0.98920583 140.91888 0.0097630245 0.99956165 -0.027949837 -4.6813786 -0.9895846 0.0056434486 -0.14384213 -40.665848
-0.13118624 0.027398681 0.99097901 141.81685 0.012824155 0.99958127 -0.025938848 -4.7329545 -0.99127483 0.0093056495 -0.13148268 -40.762527
-0.11784318 0.028969556 0.99260952 142.55672 0.0087640996 0.99956579 -0.028132096 -4.7790343 -0.99299358 0.005384154 -0.11804591 -40.846385
-0.10397113 0.031134402 0.99409284 143.35022 0.013843925 0.99945838 -0.029854525 -4.8107955 -0.994484 0.010658139 -0.10434584 -40.925469
-0.089423254 0.030775264 0.9955181 144.10566 0.014477841 0.99945707 -0.029596547 -4.8477408 -0.99588853 0.011766334 -0.089820264 -40.996126
-0.076561308 0.032215102 0.99654426 144.87183 0.015475028 0.9993959 -0.031118388 -4.8939177 -0.99694482 0.013039087 -0.077013588 -41.048645
-0.061919262 0.038573224 0.99733546 145.70997 0.016039497 0.99916233 -0.037648072 -4.9404006 -0.99795232 0.013665619 -0.06248609 -41.083557
-0.04921089 0.047373693 0.99766424 146.4444 0.004791349 0.99887421 -0.047194808 -4.9883707 -0.99877696 0.00245766 -0.049382474 -41.100137
-0.035662037 0.055487994 0.99782224 147.21603 -0.0030028849 0.99844693 -0.055630054 -5.0405692 -0.99935944 -0.0049802256 -0.035440029 -41.126413
-0.022504586 0.057329262 0.99810161 148.02052 -0.00017130932 0.99835426 -0.057347635 -5.0929121 -0.99974677 -0.0014615681 -0.022457729 -41.117225
-0.010034484 0.053194477 0.99853371 148.76576 0.0015053015 0.9985837 -0.053182011 -5.1371569 -0.99994856 0.00096944116 -0.010100347 -41.120248
0.001424849 0.050722737 0.99871171 149.53922 0.0015437156 0.99871147 -0.050724925 -5.196531 -0.99999784 0.0016140031 0.00134471 -41.119819
0.010174928 0.056229353 0.99836599 150.28459 -0.005769441 0.9984044 -0.056172714 -5.2656116 -0.99993163 -0.0051884596 0.010483103 -41.086519
0.016174584 0.065273601 0.99773627 151.07003 -0.011777207 0.99781006 -0.065087503 -5.315779 -0.99979986 -0.010697783 0.016907902 -41.062026
0.019798594 0.068161165 0.99747781 151.78196 -0.018806285 0.99752229 -0.067790923 -5.3748353 -0.99962714 -0.017416687 0.021031395 -41.043315
0.019326899 0.064270184 0.99774532 152.55163 -0.02045167 0.99774837 -0.063874217 -5.4333297 -0.99960406 -0.019171067 0.020597813 -41.008427
0.017399071 0.058663612 0.99812613 153.27863 -0.01391549 0.99819481 -0.058425075 -5.5076383 -0.99975183 -0.012872871 0.018183994 -40.982188
0.014007131 0.056118444 0.99832582 154.02435 -0.014857303 0.99832527 -0.055909954 -5.5506439 -0.99979155 -0.01404929 0.01481744 -40.969808
0.011481562 0.056698255 0.9983253 154.76881 -0.015820239 0.99827648 -0.056513535 -5.6132618 -0.99980897 -0.015144881 0.012358752 -40.960768
0.0075168557 0.056922905 0.99835024 155.52509 -0.015025814 0.9982722 -0.05680532 -5.6684045 -0.99985889 -0.014574027 0.0083591795 -40.947482
0.0034066914 0.054818766 0.99849047 156.29045 -0.011976127 0.99842693 -0.054774415 -5.7271475 -0.99992252 -0.011771448 0.0040578474 -40.953344
-0.0017196463 0.055235084 0.99847185 157.03119 -0.011906875 0.99840146 -0.055251695 -5.7735815 -0.99992767 -0.011983692 -0.0010592217 -40.936612
-0.0082226302 0.053396102 0.99853951 157.7955 -0.012330255 0.99849198 -0.053495094 -5.829218 -0.99989021 -0.012752116 -0.0075518443 -40.933371
-0.013489498 0.050324307 0.99864178 158.50134 -0.011753621 0.99865572 -0.050483774 -5.8840166 -0.99983997 -0.012418657 -0.012879873 -40.951519
-0.019166415 0.051012847 0.99851402 159.19746 -0.018029363 0.99851749 -0.051359095 -5.9396639 -0.99965378 -0.018986941 -0.018218273 -40.953439
-0.024178146 0.052075313 0.99835039 159.95696 -0.012980524 0.99854183 -0.05239966 -5.9840449 -0.99962343 -0.014226037 -0.023466927 -40.96725
-0.029125546 0.053959583 0.99811822 160.66663 -0.016157201 0.99838601 -0.054445533 -6.041885 -0.99944521 -0.017712552 -0.028206704 -40.990645
-0.031072593 0.056372356 0.99792613 161.37975 -0.017569294 0.99822322 -0.056936195 -6.1000039 -0.99936275 -0.019302012 -0.030026963 -40.999876
-0.033324872 0.058024976 0.99775872 162.10256 -0.016134806 0.99815192 -0.058586739 -6.1504602 -0.99931437 -0.018051038 -0.032327065 -41.018211
-0.031714079 0.056189075 0.99791629 162.85153 -0.010995265 0.99833853 -0.056562281 -6.2164374 -0.99943654 -0.012766174 -0.031043574 -41.048254
-0.027661033 0.052461041 0.99823976 163.54262 -0.0025106496 0.99861512 -0.052550335 -6.262542 -0.99961425 -0.003959826 -0.027491016 -41.067591
-0.020619354 0.051995047 0.99843441 164.25894 -0.0036334439 0.99863628 -0.052080594 -6.3138235 -0.99978084 -0.0047016229 -0.020402315 -41.073622
-0.0098494222 0.053210448 0.9985347 164.97672 -0.0013886066 0.99858149 -0.053226637 -6.3681945 -0.99995057 -0.0019108227 -0.0097615639 -41.084164
0.0038142099 0.053674623 0.99855115 165.62265 0.0036346051 0.99855112 -0.053688502 -6.4155832 -0.99998616 0.0038341193 0.003613596 -41.07673
0.018654462 0.051871132 0.9984795 166.34408 -0.00073760087 0.99865376 -0.051866403 -6.4681765 -0.99982576 0.00023106134 0.018667607 -41.044162
0.035380203 0.046296658 0.99830094 167.02532 -0.004417999 0.99892387 -0.04616897 -6.513545 -0.9993642 -0.0027770243 0.035546666 -40.999231
0.051729682 0.040012772 0.99785918 167.68692 -0.0070069618 0.99918697 -0.039702768 -6.5610124 -0.99863658 -0.0049381489 0.05196799 -40.949036
0.069020568 0.032550771 0.99708401 168.37041 -0.0051787983 0.99946577 -0.032270036 -6.59429 -0.99760184 -0.0029364 0.069152267 -40.889089
0.086751239 0.024805287 0.9959211 169.05617 -0.0077818523 0.99967634 -0.024220967 -6.6349857 -0.99619965 -0.0056489113 0.086916191 -40.820898
0.10406731 0.018464829 0.99439879 169.69878 -0.0063500917 0.9998196 -0.017900927 -6.6610659 -0.99455003 -0.0044516214 0.10416579 -40.731297
0.12211287 0.016475206 0.99237943 170.38392 -0.0092287918 0.99983784 -0.01546342 -6.696868 -0.99247335 -0.0072701798 0.12224512 -40.641313
0.14069217 0.016100647 0.98992242 171.04305 -0.012384435 0.99981815 -0.014501465 -6.7289326 -0.98997597 -0.010219386 0.14086598 -40.530612
0.15821512 0.01555177 0.98728215 171.65552 -0.013881979 0.99981217 -0.013524512 -6.7474857 -0.98730712 -0.011565647 0.1584013 -40.419678
0.17446752 0.015096499 0.98454715 172.31252 -0.017606312 0.99977044 -0.012209982 -6.7568206 -0.98450555 -0.015203998 0.17469326 -40.283608
0.18832429 0.011415411 0.98204051 172.93241 -0.019842543 0.99977256 -0.0078163591 -6.7849063 -0.98190647 -0.01801417 0.18850797 -40.150103
0.20039292 0.0070663723 0.97969008 173.54393 -0.018083382 0.99983031 -0.0035127344 -6.8027874 -0.97954875 -0.017012182 0.2004867 -40.016681
0.21116722 0.0056077774 0.97743382 174.19279 -0.015584898 0.99987574 -0.0023695318 -6.823595 -0.97732574 -0.014732839 0.21122838 -39.878716
0.22112678 0.0089159812 0.97520427 174.79996 -0.018096629 0.99982355 -0.0050376709 -6.8492497 -0.9750772 -0.016533946 0.22124911 -39.717592
0.23041648 0.015990341 0.97296068 175.37986 -0.020880144 0.99971601 -0.011485223 -6.8643208 -0.9728681 -0.017669174 0.23068492 -39.563802
0.23887996 0.026604732 0.97068454 175.95827 -0.02404346 0.99948019 -0.02147701 -6.890531 -0.97075144 -0.018208187 0.23939545 -39.398851
0.246965 0.033182495 0.96845606 176.55108 -0.01870262 0.99939059 -0.029473077 -6.9097811 -0.96884394 -0.010833847 0.24743509 -39.255671
0.25373387 0.031924477 0.96674706 177.16001 -0.018235725 0.99943545 -0.028217756 -6.9227395 -0.9671022 -0.010469532 0.25417279 -39.090333
0.25983418 0.024235899 0.96534902 177.76438 -0.020446449 0.99959896 -0.019592388 -6.9441909 -0.9654368 -0.014647187 0.26022552 -38.921857
0.2641727 0.013193123 0.96438511 178.38671 -0.023232717 0.99970334 -0.0073121814 -6.9751988 -0.96419557 -0.020473608 0.26440084 -38.732021
0.26596775 0.0042945479 0.96397232 178.96264 -0.025602578 0.99966879 0.0026103807 -6.9998516 -0.96364192 -0.025374454 0.26598961 -38.562098
0.26687205 0.0031779992 0.96372669 179.59907 -0.02052538 0.99978648 0.0023869109 -7.0159285 -0.96351341 -0.020417856 0.2668803 -38.392472
0.26835028 0.0061870635 0.96330149 180.17756 -0.01803686 0.99983635 -0.0013971267 -7.022018 -0.96315257 -0.017000015 0.26841796 -38.230511
0.27000285 0.0064654252 0.96283778 180.7917 -0.016647501 0.99985933 -0.0020456642 -7.0335168 -0.96271564 -0.015476507 0.2700725 -38.059072
0.27192886 0.0047221124 0.96230573 181.3731 -0.01823061 0.99983378 0.00024534981 -7.0316368 -0.9621447 -0.017610137 0.27196974 -37.879657
0.27393238 0.00043827512 0.96174881 182.00859 -0.018724956 0.99981277 0.0048777589 -7.055451 -0.96156669 -0.01934488 0.2738893 -37.711941
0.27755918 -0.005637108 0.96069196 182.61408 -0.014453844 0.9998451 0.010042794 -7.0566637 -0.96059985 -0.016673161 0.27743471 -37.512834
0.28108405 -0.0079813003 0.95964992 183.22934 -0.015851013 0.9997904 0.012957948 -7.0723379 -0.95955228 -0.018853695 0.28089862 -37.325473
0.28767289 -0.0098837853 0.95767768 183.83642 -0.013308959 0.99980894 0.014316428 -7.0738106 -0.95763629 -0.016864141 0.28748638 -37.149256
0.2955655 -0.013128726 0.95523222 184.4605 -0.012495939 0.99976689 0.017607272 -7.0781941 -0.95524079 -0.017140625 0.29533255 -36.951764
0.3053322 -0.01518822 0.95212472 185.07218 -0.010466635 0.99975886 0.01930457 -7.0865508 -0.95218841 -0.015859848 0.3050996 -36.738178
0.31656246 -0.013851919 0.94847048 185.70415 -0.010373795 0.99978302 0.01806368 -7.0826481 -0.94851498 -0.015557521 0.31635007 -36.515137
0.32827429 -0.0094464792 0.94453517 186.32003 -0.012057001 0.99982662 0.014189884 -7.0918409 -0.94450553 -0.016046435 0.32810347 -36.291324
0.33931876 -0.0059622624 0.94065252 186.94626 -0.013224013 0.99985086 0.011107745 -7.0866766 -0.94057854 -0.016208267 0.3391893 -36.0574
0.35129597 -0.0049038805 0.93625158 187.5437 -0.013110382 0.99986247 0.010156277 -7.0873946 -0.93617271 -0.015842475 0.35118336 -35.806598
0.3619607 -0.0082328219 0.93215696 188.15882 -0.012103488 0.9998352 0.013530395 -7.0917477 -0.93211482 -0.016179821 0.3618014 -35.575297
0.37333001 -0.0097336482 0.9276475 188.77525 -0.012322005 0.99980472 0.015449749 -7.0956599 -0.92761681 -0.017198332 0.37313717 -35.299852
0.38469518 -0.010116325 0.92298819 189.41397 -0.015531328 0.99972744 0.017430769 -7.1017311 -0.92291303 -0.021040765 0.38443321 -35.021919
0.39367123 -0.011741346 0.91917628 190.0161 -0.017452056 0.99964275 0.020243694 -7.0980336 -0.91908567 -0.024010876 0.39332567 -34.753693
0.40186951 -0.010159496 0.91564055 190.66705 -0.022177464 0.99953715 0.020823936 -7.0913646 -0.91542838 -0.02867509 0.4014582 -34.431452
0.40520449 -0.01228863 0.91414345 191.31922 -0.022692617 0.99946639 0.023494368 -7.0951752 -0.91394444 -0.03026433 0.40470941 -34.156443
0.40724044 -0.017461476 0.91315401 191.95699 -0.016707499 0.99950749 0.026563804 -7.0874998 -0.9131682 -0.026074375 0.40674813 -33.869803
0.40862786 -0.015704807 0.91256592 192.59142 -0.015522009 0.99958777 0.024152839 -7.0873311 -0.91256913 -0.024034379 0.40821564 -33.578394
0.4064605 -0.016172578 0.91352517 193.25753 -0.012537576 0.99965046 0.023275717 -7.0775056 -0.91358237 -0.02091405 0.40611566 -33.280334
0.40578821 -0.014371395 0.9138541 193.92447 -0.0099795666 0.99974709 0.020153491 -7.0760685 -0.91391269 -0.017297916 0.40554216 -32.988148
0.40595598 -0.015629346 0.91375894 194.59959 -0.007486369 0.99976333 0.020426375 -7.0670597 -0.91386201 -0.015132945 0.4057429 -32.687529
0.40495517 -0.021990874 0.91407201 195.29178 -0.0036002637 0.99966463 0.025645073 -7.0640903 -0.91432949 -0.013676005 0.40474019 -32.402332
0.40415958 -0.025285758 0.91433888 195.9621 -0.0022917331 0.9995867 0.02865626 -7.0557926 -0.91468566 -0.013677122 0.40393459 -32.094163
0.40274364 -0.027670201 0.91489445 196.65721 -0.0013482204 0.99952394 0.030823245 -7.0459985 -0.91531187 -0.013647345 0.40251461 -31.777515
0.40103258 -0.027783982 0.91564231 197.35288 -0.0022066654 0.99950775 0.031295245 -7.044828 -0.91606117 -0.014570929 0.40077386 -31.473545
0.40007924 -0.028148588 0.91604814 198.02049 -0.0039416227 0.99946613 0.032433363 -7.0260711 -0.91647211 -0.016586631 0.3997547 -31.168436
0.39754899 -0.02685573 0.91718782 198.71586 -0.0049173168 0.99949489 0.031397101 -7.0308068 -0.91756781 -0.016991988 0.39721613 -30.86762
0.39690951 -0.023909976 0.91754623 199.41779 -0.0038078607 0.99960915 0.027695615 -7.0225194 -0.91784989 -0.014486541 0.39666333 -30.57132
0.39635016 -0.018151631 0.91791993 200.0747 -0.0047478929 0.99975064 0.021819913 -7.0273166 -0.91808718 -0.013006511 0.39616515 -30.260188
0.3949051 -0.014270038 0.91861105 200.74368 -0.0071868177 0.99980079 0.018620837 -7.0186164 -0.91869385 -0.013955353 0.39472387 -29.957385
0.39400455 -0.017258027 0.91894641 201.44555 -0.0078346238 0.99972431 0.022134203 -7.0109722 -0.91907514 -0.015920576 0.39376071 -29.672527
0.39172735 -0.020632457 0.91984994 202.14814 -0.0078946016 0.99963636 0.025784081 -7.0115794 -0.92004751 -0.017362178 0.39142202 -29.379719
0.38937379 -0.020098232 0.92086049 202.83296 -0.011827954 0.99957037 0.026817409 -7.0105814 -0.92100392 -0.021333891 0.38896878 -29.083084
0.38512057 -0.020783978 0.92263216 203.5382 -0.013574325 0.99951064 0.028181934 -7.000444 -0.92276647 -0.023377551 0.38464998 -28.788737
0.37767072 -0.021814998 0.92568292 204.22672 -0.013462571 0.99948739 0.029046916 -6.9937529 -0.92584214 -0.023432241 0.37718343 -28.510302
0.36960783 -0.02202078 0.92892684 204.9038 -0.012953659 0.99949988 0.028847848 -6.9824139 -0.92909759 -0.022695392 0.36913773 -28.22306
