1 0 0 0 0 1 0 0 0 0 1 0
0.99994165 -0.0021093814 0.010594989 0.010174912 0.0020984652 0.99999726 0.0010413412 -0.0066672255 -0.010597158 -0.0010190472 0.99994333 0.29168467
0.99984028 -0.0036187543 0.01750223 0.02378072 0.0035974513 0.99999275 0.0012485046 -0.011797758 -0.017506623 -0.0011853418 0.99984604 0.57516042
0.99979877 -0.0069129088 0.018831583 0.034405154 0.0069226001 0.99997594 -0.00044946273 -0.015795721 -0.018828024 0.00057973584 0.99982257 0.87207369
0.99981675 -0.0080015191 0.01739073 0.029827136 0.0080265576 0.99996685 -0.0013704095 -0.022516426 -0.01737919 0.0015097462 0.99984783 1.1885957
0.99988454 -0.010938406 0.010547457 0.030926441 0.010976595 0.99993338 -0.0035695714 -0.023497908 -0.010507709 0.0036849345 0.999938 1.5007255
0.99993063 -0.011696479 -0.0013887155 0.025175908 0.01169027 0.999922 -0.0043978603 -0.032676934 0.0014400467 0.0043813209 0.99998937 1.8212196
0.99980276 -0.011275785 -0.016349132 -0.0039443232 0.011195761 0.99992493 -0.0049780181 -0.039040157 0.016404037 0.0047939953 0.99985395 2.1642509
0.99931967 -0.007481265 -0.036114104 -0.039625702 0.0072897084 0.99995867 -0.0054329839 -0.045531329 0.03615326 0.0051660265 0.9993329 2.4987527
0.99845617 -0.0036371088 -0.055426123 -0.084485859 0.0032883172 0.99997422 -0.0063828144 -0.050775171 0.055447914 0.0061907018 0.99844239 2.8546691
0.99716164 -0.0031058465 -0.075226475 -0.12397212 0.0026163903 0.99997477 -0.0066041145 -0.05473725 0.075245095 0.0063885478 0.9971446 3.2045239
0.99530911 -0.004033706 -0.096661784 -0.18075466 0.0034637948 0.99997562 -0.0060630096 -0.060405525 0.096683892 0.0056997521 0.99529882 3.585032
0.99319856 -0.0053081284 -0.11631183 -0.23372416 0.0047315293 0.99997511 -0.0052329032 -0.069187542 0.11633672 0.0046469791 0.99319896 3.9583382
0.99103761 -0.0043401831 -0.13351264 -0.30973378 0.0037615741 0.99998241 -0.0045856757 -0.076888371 0.1335302 0.0040423594 0.9910365 4.3655893
0.98876203 -0.0035160386 -0.14945664 -0.38490581 0.002938588 0.99998734 -0.0040843287 -0.087354035 0.14946912 0.0035992376 0.98875984 4.7829234
0.98670524 -0.002814998 -0.16249564 -0.46637554 0.0021695899 0.99998904 -0.0041491671 -0.093120887 0.16250556 0.003741456 0.98670054 5.1868128
0.98442707 -0.0040374008 -0.17574711 -0.56104916 0.0031961517 0.99998204 -0.0050695018 -0.099503038 0.17576444 0.0044288403 0.98442229 5.6223593
0.98290164 -0.0070056659 -0.18399806 -0.65168811 0.0058281453 0.99995894 -0.0069396654 -0.11132731 0.18403913 0.0057486411 0.98290211 6.0848144
0.9813813 -0.0064313097 -0.19196194 -0.75338725 0.0048151725 0.99994894 -0.0088843726 -0.12124633 0.19200929 0.0077946272 0.98136216 6.5463832
0.97966368 -0.0060358421 -0.20055584 -0.86406844 0.0039968851 0.99993615 -0.010569893 -0.12352139 0.20060685 0.0095533414 0.97962525 7.0088669
0.97813601 -0.0066891592 -0.20785862 -0.96709466 0.0040500541 0.99990573 -0.013119615 -0.13452413 0.2079268 0.01199093 0.97807089 7.4762072
0.9763471 -0.010367636 -0.2159603 -1.0789518 0.0073155219 0.99986182 -0.014927351 -0.14556734 0.21608524 0.012994413 0.97628803 7.9862811
0.97446371 -0.01624224 -0.22395684 -1.2051178 0.012925113 0.9997841 -0.016269566 -0.1633421 0.22417276 0.012959434 0.97446325 8.5077952
0.97264747 -0.017286328 -0.23164212 -1.3289301 0.01335365 0.99973904 -0.018534728 -0.18676611 0.23190209 0.014934489 0.97262448 9.0207948
0.97061849 -0.013596999 -0.24023919 -1.4831179 0.008355019 0.99970456 -0.022824946 -0.19204521 0.24047858 0.020147112 0.97044534 9.5663152
0.96851895 -0.010447648 -0.2487205 -1.6432876 0.0041619754 0.99965886 -0.025784494 -0.20994856 0.24890506 0.023937602 0.96823203 10.094297
0.96620892 -0.012819433 -0.25744121 -1.797382 0.0058272104 0.99959359 -0.027905092 -0.23057005 0.25769434 0.025461985 0.96589095 10.660481
0.96362347 -0.015294869 -0.26682555 -1.9629825 0.0076330098 0.99952887 -0.029728473 -0.26345284 0.26715456 0.026610373 0.96328622 11.210839
0.96178742 -0.015197055 -0.27337522 -2.1314976 0.0065943144 0.99945452 -0.032360056 -0.28486139 0.2737179 0.029320773 0.961363 11.798813
0.95948527 -0.014420837 -0.28138948 -2.320805 0.0045227286 0.99934897 -0.035793651 -0.30666147 0.28172249 0.033070834 0.95892584 12.397404
0.95720871 -0.015361013 -0.2889905 -2.5069798 0.0037185806 0.99916072 -0.040792562 -0.33679355 0.2893746 0.037972362 0.95646247 12.95878
0.95533958 -0.016515956 -0.29504829 -2.7060868 0.0023606488 0.99883162 -0.048268159 -0.37954757 0.29550078 0.045415978 0.95426238 13.580648
0.9538635 -0.016809061 -0.2997697 -2.9200312 -0.00010572702 0.99841273 -0.056320666 -0.41698851 0.3002406 0.053753922 0.95234768 14.201502
0.95289411 -0.016639764 -0.30284636 -3.1221827 -0.0031154963 0.99790429 -0.064632209 -0.45807612 0.30328717 0.062531169 0.95084528 14.820858
0.95145095 -0.01623767 -0.3073718 -3.3407485 -0.0068509322 0.99724298 -0.073888455 -0.50786085 0.30772417 0.072407025 0.94871654 15.47202
0.95015266 -0.014679113 -0.3114393 -3.5705388 -0.011169138 0.99664742 -0.081050416 -0.56835391 0.31158495 0.080488778 0.94680324 16.111534
0.94861056 -0.014012233 -0.31613551 -3.8025117 -0.014464533 0.99605497 -0.087551573 -0.62963461 0.31611517 0.0876251 0.94466558 16.785944
0.94668499 -0.012786213 -0.32190688 -4.0573397 -0.018253792 0.99547795 -0.093222556 -0.69758963 0.3216432 0.094128417 0.94217063 17.42917
0.94535054 -0.010343133 -0.32589164 -4.3020782 -0.023081985 0.9948662 -0.098531517 -0.77245075 0.32523773 0.10066905 0.94025856 18.101717
0.94369679 -0.007629653 -0.33072366 -4.5571956 -0.027677525 0.99440786 -0.10191643 -0.84981914 0.32965182 0.10533183 0.93820834 18.819984
0.94183297 -0.0072680613 -0.3360027 -4.8218511 -0.029094118 0.99424967 -0.10305889 -0.92878647 0.33481964 0.10683996 0.93620566 19.486188
0.93968526 -0.0060697293 -0.34198649 -5.1002363 -0.030813768 0.99427473 -0.10231462 -1.0161593 0.34064958 0.10668144 0.93411827 20.219231
0.93748792 -0.0071170465 -0.34794502 -5.3865839 -0.029863327 0.99445805 -0.1008036 -1.1008254 0.34673418 0.10489295 0.93207987 20.953949
0.93503852 -0.0058975541 -0.35449707 -5.6545923 -0.031226523 0.99460619 -0.098911236 -1.18594 0.35316834 0.10355553 0.92981094 21.6829
0.93211624 -0.0058581607 -0.36211184 -5.9423499 -0.03091275 0.99493312 -0.095668653 -1.2700957 0.36083753 0.10036818 0.92721223 22.362045
0.92859732 -0.0023681191 -0.37108139 -6.2775422 -0.033572163 0.99534285 -0.090363219 -1.3572544 0.36956723 0.09636905 0.92419321 23.212384
0.92514954 -0.00051423147 -0.37960248 -6.597824 -0.034328429 0.99578834 -0.085012597 -1.435043 0.37804747 0.091680524 0.92123548 23.926572
0.92179457 0.0022461032 -0.38767217 -6.9300684 -0.036496837 0.99604485 -0.081010108 -1.5106309 0.38595694 0.088823488 0.91823071 24.661852
0.91826621 0.0026679388 -0.39595458 -7.2676441 -0.036892487 0.99620395 -0.078845685 -1.5828492 0.3942412 0.087009079 0.91487885 25.407098
0.91452334 0.0040521294 -0.40451282 -7.6232752 -0.039075367 0.99615881 -0.078362827 -1.6662879 0.40264151 0.087471123 0.91116883 26.180222
0.91107855 0.004071694 -0.41221267 -7.9953424 -0.039409589 0.99623154 -0.07726322 -1.7324434 0.41034471 0.086637995 0.90780565 26.938186
0.90678905 0.0052599143 -0.42155181 -8.3612283 -0.040844851 0.99631431 -0.075428767 -1.8063008 0.41960139 0.085616203 0.90366175 27.716194
0.90342494 0.0043944667 -0.42872374 -8.7523924 -0.03961283 0.99652591 -0.073259335 -1.8828441 0.42691242 0.083167272 0.90046044 28.520999
0.89941408 0.005020885 -0.43706875 -9.143738 -0.039056808 0.99685731 -0.068920816 -1.9503216 0.43534916 0.079058864 0.8967836 29.261293
0.89555324 0.0061930331 -0.44491125 -9.5578454 -0.03845238 0.99723958 -0.063518764 -2.014271 0.44328978 0.073992333 0.89331927 30.078449
0.89224273 0.0060565736 -0.45151546 -9.9788174 -0.036801238 0.99755912 -0.059342029 -2.0853763 0.450054 0.069563823 0.89028776 30.880407
0.88819553 0.0044339379 -0.45944425 -10.395369 -0.034549504 0.99776694 -0.057161833 -2.1485426 0.45816487 0.066644456 0.88636532 31.710976
0.88497897 0.0048959175 -0.46560523 -10.855497 -0.035014042 0.9978133 -0.056059243 -2.2094755 0.46431267 0.065913974 0.88321521 32.535081
0.88250695 0.0051893452 -0.47027071 -11.295925 -0.034707272 0.9979311 -0.05411946 -2.2657909 0.46901696 0.064082614 0.88086124 33.348733
0.8789019 0.0039007374 -0.47698659 -11.771246 -0.033100214 0.99805485 -0.052828925 -2.3287516 0.47585275 0.062219802 0.87732142 34.195239
0.87672741 0.0031025465 -0.48097754 -12.244331 -0.03239729 0.99808918 -0.052615705 -2.3913061 0.47989527 0.061712001 0.87515266 35.038122
0.87516543 0.00085440021 -0.48382303 -12.709659 -0.030387679 0.99812118 -0.053204265 -2.4465635 0.4828686 0.061264793 0.87354712 35.874961
0.8735384 0.0027087565 -0.48674768 -13.216452 -0.032993948 0.99801412 -0.053658398 -2.5114507 0.48563575 0.0629324 0.87189303 36.757262
0.87352692 0.0028264175 -0.48676761 -13.723442 -0.032636479 0.99807311 -0.052772346 -2.5718788 0.48568055 0.061984447 0.87193598 37.617026
0.8729662 0.0028371224 -0.48777243 -14.228288 -0.031811843 0.99818534 -0.051127712 -2.6340145 0.48674227 0.060149705 0.87147232 38.522718
0.87237408 0.00086327529 -0.48883811 -14.726707 -0.029277671 0.99829556 -0.050485579 -2.6954146 0.48796137 0.058354353 0.87091245 39.41474
0.87242778 -0.0012179294 -0.48874151 -15.242093 -0.027220634 0.99832363 -0.051077969 -2.761248 0.48798445 0.057865693 0.87093212 40.313719
0.87155169 -0.0032858759 -0.4902926 -15.775497 -0.025504993 0.99831984 -0.052028672 -2.8276719 0.48963984 0.057850588 0.87000354 41.267355
0.87016704 -0.003235844 -0.49274622 -16.297591 -0.024552959 0.99845156 -0.049916177 -2.8892178 0.49214479 0.055533791 0.86874019 42.157784
0.86794764 -0.0020064971 -0.49665164 -16.842497 -0.024166445 0.99863671 -0.046267781 -2.9530875 0.49606743 0.052160316 0.86671589 43.070646
0.86537249 -0.0024365281 -0.50112323 -17.364951 -0.021478431 0.99888894 -0.041947093 -3.0196707 0.5006687 0.047063201 0.86435868 43.976263
0.86195945 -0.0056354651 -0.50694589 -17.899698 -0.016895667 0.99906347 -0.03983377 -3.07625 0.50669564 0.042900284 0.86105698 44.902159
0.85662815 -0.0074874987 -0.51587995 -18.468287 -0.01657308 0.99897934 -0.042019122 -3.1365892 0.51566807 0.044544483 0.85562974 45.807339
0.85119801 -0.0085537722 -0.52477496 -19.03456 -0.017874038 0.99881475 -0.045272697 -3.202188 0.52454027 0.047915877 0.85003623 46.698033
0.84489772 -0.0097779464 -0.53483849 -19.614287 -0.017029074 0.99883452 -0.045161999 -3.2609586 0.53465679 0.047265075 0.8437465 47.587724
0.83953623 -0.005254376 -0.54327828 -20.210549 -0.019719143 0.9989997 -0.040134227 -3.3239163 0.54294576 0.044407121 0.83859283 48.487162
0.83489472 -0.0038420653 -0.55039623 -20.8048 -0.018274842 0.9992308 -0.034696237 -3.3829878 0.55010622 0.039026109 0.83418231 49.362043
0.83013751 -0.0023768535 -0.55755362 -21.386722 -0.021323326 0.99912401 -0.036007411 -3.4363525 0.55715084 0.041780001 0.82935963 50.239534
0.8273021 -0.0050261801 -0.56173476 -22.027308 -0.021672124 0.99892998 -0.040855927 -3.4911385 0.56133909 0.04597418 0.82630795 51.133228
0.82439964 -0.0065876898 -0.5659698 -22.629072 -0.024747143 0.99855654 -0.047669885 -3.5597384 0.56546692 0.053305172 0.82304662 51.978966
0.82143835 -0.0083345167 -0.5702364 -23.242224 -0.024322509 0.99847144 -0.049630674 -3.6172806 0.56977845 0.054638119 0.81998001 52.860162
0.81802458 -0.0066173948 -0.57514517 -23.882661 -0.024144813 0.99865737 -0.04583114 -3.6807666 0.57467629 0.051377773 0.8167665 53.715214
0.81524036 -0.0044347098 -0.57910574 -24.486384 -0.022869919 0.99894411 -0.039845067 -3.744936 0.57867102 0.045727409 0.81427814 54.599959
0.81194273 -0.0036296684 -0.5837258 -25.128837 -0.021991953 0.99908054 -0.036802445 -3.8037915 0.58332272 0.042718748 0.81111636 55.4498
0.80941098 -0.0012878405 -0.58724116 -25.77116 -0.025624855 0.99896764 -0.037510225 -3.8612769 0.58668328 0.045409158 0.80854237 56.32684
0.8048002 -0.0030424233 -0.593538 -26.410519 -0.024948281 0.99892972 -0.038948722 -3.9175001 0.59302129 0.046153693 0.80386293 57.175527
0.80192037 -0.0049435736 -0.59741045 -27.055909 -0.024901584 0.99882018 -0.041691315 -3.9786168 0.59691176 0.048309582 0.80085115 58.020834
0.7976909 -0.0053528744 -0.60304274 -27.73685 -0.025259378 0.99878652 -0.042278186 -4.0348149 0.60253733 0.04895741 0.79658771 58.854506
0.79343848 -0.0074756587 -0.60860452 -28.374299 -0.022142035 0.99890816 -0.041136463 -4.0924121 0.6082476 0.046114996 0.79240665 59.715782
0.78884487 -0.0056797808 -0.61456609 -29.056743 -0.024343356 0.99888383 -0.040478268 -4.1565742 0.61411009 0.046891675 0.78782612 60.583385
0.78369082 -0.0079517141 -0.62110018 -29.754626 -0.02262104 0.9988894 -0.041331146 -4.2217853 0.62073909 0.046440772 0.78264057 61.426243
0.7770648 -0.0098529272 -0.62934346 -30.424394 -0.021466231 0.99888095 -0.042143208 -4.274188 0.62905448 0.046257636 0.77598372 62.246189
0.7731904 -0.0093187381 -0.63410545 -31.096194 -0.023227714 0.99880499 -0.043000807 -4.3407217 0.63374846 0.047976631 0.77204998 63.051298
0.76868919 -0.013104067 -0.63948822 -31.846512 -0.019669186 0.998833 -0.044110687 -4.4001964 0.63932002 0.046485621 0.76753439 63.96055
0.76213809 -0.013381676 -0.64727616 -32.532242 -0.02102867 0.99874716 -0.045408222 -4.4659356 0.64707292 0.048218693 0.76090185 64.735975
0.75596863 -0.014511949 -0.65444694 -33.290357 -0.019902235 0.99878254 -0.04513696 -4.5304734 0.65430525 0.047147083 0.75475945 65.6007
0.7512373 -0.014030447 -0.65988304 -34.036874 -0.019758701 0.99884791 -0.04373162 -4.5987508 0.65973642 0.045891256 0.75009459 66.428501
0.7444065 -0.014755267 -0.66756364 -34.746363 -0.018584369 0.99891068 -0.042802688 -4.6616595 0.66746807 0.044268849 0.74332139 67.213224
0.73817931 -0.015760643 -0.6744204 -35.537642 -0.018318265 0.99889012 -0.04339328 -4.7261332 0.67435583 0.044386233 0.73707131 68.06078
0.73255499 -0.017381366 -0.68048588 -36.298595 -0.018220103 0.99881511 -0.045126575 -4.7954813 0.680464 0.045456221 0.7313703 68.845518
0.72575642 -0.018239455 -0.6877099 -37.044712 -0.017698018 0.99882263 -0.045167926 -4.8495111 0.6877241 0.044952015 0.72457913 69.623323
0.71944183 -0.016831259 -0.6943487 -37.867301 -0.019226756 0.9988406 -0.044133843 -4.9195443 0.69428656 0.045101807 0.7182841 70.445136
0.71602064 -0.015200005 -0.69791358 -38.689005 -0.021607309 0.99880132 -0.043921 -4.9877362 0.69774466 0.046528377 0.71483393 71.254886
0.7099771 -0.017915321 -0.70399681 -39.489721 -0.019160252 0.99881487 -0.044740867 -5.0492627 0.70396409 0.045253748 0.70879243 72.055011
0.70447943 -0.020170265 -0.7094377 -40.287785 -0.018987236 0.99870267 -0.047248988 -5.1141448 0.70947041 0.046756202 0.70318251 72.825248
0.70064034 -0.020815592 -0.71321089 -41.134262 -0.021213925 0.99852476 -0.049982712 -5.1892261 0.71319921 0.050149908 0.69916515 73.648048
0.69423626 -0.020998774 -0.71944077 -41.976225 -0.022724271 0.9984365 -0.051070158 -5.2634003 0.7193884 0.051803523 0.69267364 74.461783
0.69012985 -0.021192183 -0.72337517 -42.824179 -0.021332355 0.99854105 -0.049605461 -5.3399688 0.72337111 0.049665506 0.68867091 75.266921
0.68551511 -0.020706731 -0.72776385 -43.652327 -0.021286276 0.99859812 -0.048463201 -5.4083315 0.72774719 0.048713639 0.68411334 76.026443
0.67997241 -0.024080026 -0.73284216 -44.533901 -0.01686811 0.99868237 -0.048466296 -5.4805933 0.73304368 0.045317406 0.67867027 76.813696
0.67616288 -0.022210445 -0.73641728 -45.415025 -0.020385446 0.99859879 -0.048835361 -5.5562538 0.73647012 0.048032853 0.67476266 77.596528
0.67157695 -0.024369612 -0.74053392 -46.30549 -0.017456746 0.99866112 -0.048695313 -5.6317832 0.74072918 0.045629963 0.67025237 78.380784
0.66792935 -0.025711386 -0.74378038 -47.19768 -0.015843141 0.99868533 -0.048750522 -5.6969845 0.74405606 0.044345722 0.66664389 79.164024
0.66406566 -0.028398603 -0.74713471 -48.076207 -0.012881278 0.99869553 -0.049409525 -5.7732254 0.74756332 0.042435219 0.6628336 79.927231
0.65899854 -0.032539508 -0.75143999 -48.945014 -0.010370949 0.99857566 -0.052336315 -5.8532362 0.75207275 0.042282701 0.65772244 80.715323
0.65352726 -0.036929101 -0.75600153 -49.870132 -0.0065037162 0.99849822 -0.054396711 -5.9288519 0.75687507 0.040466553 0.65230563 81.524318
0.64786056 -0.041717715 -0.76061572 -50.773752 0.00065749532 0.99852952 -0.054206616 -6.0053953 0.7617587 0.034618228 0.64693533 82.275113
0.64014587 -0.045099213 -0.76692847 -51.714209 0.0050597578 0.9985013 -0.05449353 -6.0920667 0.76823676 0.031003336 0.63941468 83.074416
0.63202382 -0.04610107 -0.77357645 -52.64501 0.007246242 0.99853688 -0.053587232 -6.1708088 0.77491511 0.028262885 0.63143316 83.794157
0.62147666 -0.044013012 -0.78219535 -53.565356 0.0068478422 0.99868771 -0.05075392 -6.248644 0.78340278 0.026186027 0.6209625 84.540673
0.61288855 -0.045337647 -0.78886759 -54.549238 0.0094806361 0.99870264 -0.050031532 -6.3284383 0.79011252 0.023184787 0.61252324 85.307838
0.60418801 -0.045411302 -0.79554674 -55.500782 0.0060209094 0.99860647 -0.052429677 -6.4048529 0.79681908 0.026887467 0.60361947 86.006384
0.59517865 -0.047567068 -0.80218433 -56.505017 0.0067943297 0.99850875 -0.054167467 -6.492686 0.80356472 0.026789015 0.59461428 86.754109
0.58611186 -0.049766212 -0.80870029 -57.486833 0.007668667 0.9984079 -0.055882609 -6.5607208 0.81019388 0.026551807 0.58556035 87.441913
0.57551227 -0.050336013 -0.81624252 -58.508303 0.0099154724 0.99846007 -0.054581844 -6.6533329 0.81773306 0.023319091 0.57512513 88.145043
0.56570706 -0.050018198 -0.82308787 -59.551746 0.011091395 0.99852991 -0.05305653 -6.7354784 0.82453172 0.020885261 0.5654302 88.866652
0.55541505 -0.050718768 -0.8300251 -60.555156 0.011601028 0.99851375 -0.053251404 -6.8203023 0.83149239 0.019947486 0.55517795 89.537888
0.54430115 -0.05249234 -0.83724593 -61.616623 0.012100744 0.99842781 -0.054731066 -6.9003491 0.83880265 0.019658883 0.5440806 90.204517
0.53508596 -0.053566093 -0.84309764 -62.686025 0.011403931 0.99835482 -0.056192641 -6.9814391 0.84472068 0.020453265 0.53481651 90.847216
0.52602625 -0.05345492 -0.84878672 -63.730947 0.0089561323 0.9983156 -0.05732149 -7.0688151 0.85042121 0.022550762 0.52561896 91.491445
0.51605109 -0.053460553 -0.85488782 -64.825711 0.0079911808 0.99830744 -0.057605465 -7.1628207 0.85652056 0.0228958 0.51560486 92.153252
0.50857161 -0.050635025 -0.85952949 -65.906566 0.005576086 0.99844206 -0.055519094 -7.2532038 0.86100167 0.023442625 0.50806163 92.794224
0.50067385 -0.049102463 -0.8642422 -67.005167 0.0066370841 0.9985783 -0.052889849 -7.3393888 0.8656106 0.020744516 0.50028794 93.370431
0.49230928 -0.049711078 -0.86899961 -68.120194 0.0074586839 0.99857208 -0.05289774 -7.424507 0.87038842 0.019560454 0.49197708 94.020252
0.48531337 -0.05311075 -0.87272568 -69.213919 0.0097240119 0.99841952 -0.055352578 -7.5094865 0.87428625 0.018376951 0.48506279 94.623489
0.47848592 -0.0563096 -0.87628785 -70.323344 0.011763045 0.99826324 -0.057724585 -7.5970206 0.87801647 0.017312587 0.47831728 95.182815
0.47203253 -0.059014873 -0.87960358 -71.451287 0.012531316 0.99810522 -0.060240619 -7.6903875 0.8814921 0.017412941 0.47187767 95.837357
0.46774785 -0.063051834 -0.88161009 -72.602734 0.015169897 0.99787806 -0.063318643 -7.787885 0.8837318 0.016243225 0.46771181 96.405492
0.46337064 -0.063901158 -0.88385758 -73.71654 0.016820477 0.99785124 -0.063324381 -7.8894972 0.88600496 0.014475752 0.46344982 96.99804
0.45767487 -0.060569789 -0.88705409 -74.831262 0.017914802 0.99810258 -0.058909269 -7.9867063 0.88893917 0.011069893 0.45789156 97.593291
0.45304806 -0.059131858 -0.8895228 -75.935784 0.021722883 0.99823375 -0.055294711 -8.0845998 0.89122143 0.0057281614 0.45353238 98.149898
0.45165524 -0.057987912 -0.89030606 -77.057178 0.022420863 0.99830816 -0.053648186 -8.1721805 0.89191082 0.004269054 0.45219125 98.75233
0.44717492 -0.057861043 -0.89257303 -78.184882 0.023177586 0.99831996 -0.053104225 -8.2657627 0.89414622 0.0030591884 0.44776473 99.3068
0.44502014 -0.057937915 -0.89364434 -79.313167 0.026969596 0.99831937 -0.05129393 -8.3525265 0.8951144 -0.0012743957 0.44583479 99.841311
0.4420674 -0.056512605 -0.89519979 -80.4422 0.027756782 0.99839724 -0.049320455 -8.43781 0.89655231 -0.0030449007 0.44292748 100.3932
0.44137355 -0.057828191 -0.89545811 -81.528336 0.030670692 0.99831038 -0.049352674 -8.5269522 0.89679918 -0.0056813557 0.44240143 100.91781
0.4371152 -0.058256099 -0.89751683 -82.651527 0.032894762 0.99826797 -0.048775016 -8.6106807 0.89880382 -0.008203302 0.43827443 101.47051
0.43586107 -0.057396751 -0.89818187 -83.704009 0.035797261 0.9982803 -0.046422016 -8.6918007 0.89930181 -0.011918902 0.43716617 102.00886
0.43404464 -0.058146542 -0.89901288 -84.836873 0.040415373 0.998167 -0.045047057 -8.77403 0.8999844 -0.016781508 0.43559905 102.50644
0.43151268 -0.058338214 -0.90021852 -85.886117 0.040870641 0.99814637 -0.04509336 -8.8567973 0.9011806 -0.017334153 0.43309714 103.05032
0.43324309 -0.059443891 -0.89931462 -86.922989 0.041912935 0.99807188 -0.045780183 -8.9260297 0.90030206 -0.017858968 0.43489921 103.49825
0.43100941 -0.060067699 -0.90034587 -88.005176 0.0407933 0.99805882 -0.047058362 -9.0148373 0.90142491 -0.016445483 0.43262311 104.07428
0.42990646 -0.060823424 -0.90082233 -89.025583 0.040674354 0.99802004 -0.047974865 -9.0902516 0.90195682 -0.016015663 0.43152922 104.53186
0.43265723 -0.060184767 -0.89954736 -90.065776 0.037269389 0.99811037 -0.048853649 -9.1735224 0.90078787 -0.012388697 0.43408272 105.02317
0.43783719 -0.060508532 -0.89701574 -91.108335 0.036138826 0.99811074 -0.04968842 -9.2552107 0.89832769 -0.010661658 0.43919671 105.52582
0.4430266 -0.060782702 -0.89444554 -92.112245 0.034488361 0.99811596 -0.050745319 -9.3337596 0.89584488 -0.0083664359 0.44428822 106.00534
0.44878701 -0.061339223 -0.89153107 -93.102276 0.034883406 0.9980836 -0.051110337 -9.4146902 0.89295769 -0.0081619863 0.45006667 106.52006
0.45473455 -0.059192256 -0.88865781 -94.085961 0.032046562 0.99823033 -0.050092202 -9.4905049 0.89005032 -0.0056997733 0.45582673 107.00523
0.46251069 -0.059171893 -0.88463692 -95.091108 0.032749291 0.99822972 -0.049647765 -9.567343 0.8860087 -0.0060086105 0.46362976 107.51649
0.47228183 -0.058260101 -0.87952008 -96.063258 0.031700274 0.99829042 -0.049105233 -9.6421354 0.88087742 -0.004689519 0.47332129 108.00274
0.48078259 -0.058652301 -0.87487596 -97.070734 0.032149525 0.99826858 -0.049257061 -9.7162049 0.87625029 -0.0044449097 0.4818358 108.54904
0.49111994 -0.059053732 -0.86908791 -98.02332 0.030730553 0.99825295 -0.050464602 -9.7920625 0.87054977 -0.0019233807 0.49207668 109.0836
0.50113839 -0.059959905 -0.86328736 -98.963159 0.028644353 0.99819937 -0.052702214 -9.8633013 0.86489299 0.0016827942 0.50195353 109.61735
0.51284164 -0.059089098 -0.85644724 -99.915833 0.023895718 0.99822442 -0.054561985 -9.9409535 0.85815063 0.0075162358 0.51334302 110.16718
0.5248127 -0.057814586 -0.84925205 -100.81746 0.022327576 0.99828248 -0.054162358 -10.019055 0.85092489 0.0094633532 0.52520219 110.74198
0.53813735 -0.056016003 -0.84099366 -101.73643 0.022270492 0.99838574 -0.052248901 -10.097938 0.84256292 0.0093877418 0.53851616 111.30587
0.54978878 -0.05431915 -0.83353564 -102.66983 0.022148483 0.9984805 -0.050459299 -10.172533 0.83501006 0.0092804062 0.55015646 111.90567
0.56129598 -0.052229519 -0.8259654 -103.52103 0.019928229 0.99857025 -0.049601605 -10.2409 0.82737522 0.011381153 0.56153431 112.48715
0.57220042 -0.053459461 -0.81836955 -104.38981 0.021889587 0.99851321 -0.049922125 -10.317287 0.81982168 0.010651689 0.57251988 113.09676
0.58417367 -0.054392815 -0.80980399 -105.27176 0.021660889 0.99844128 -0.051437523 -10.393173 0.81133963 0.012507371 0.5844413 113.71158
0.59488493 -0.055554177 -0.80188877 -106.09307 0.022921701 0.99837554 -0.052162045 -10.463941 0.80348402 0.012649759 0.59519196 114.32838
0.60604805 -0.054887135 -0.79353205 -106.92606 0.022562874 0.99840124 -0.051825504 -10.544472 0.795108 0.013504382 0.60631754 114.95845
0.61616872 -0.053600331 -0.78578818 -107.78111 0.022929127 0.99847952 -0.050128806 -10.616817 0.78728039 0.012870365 0.61646086 115.58434
0.62573136 -0.051299369 -0.77834991 -108.56074 0.023384122 0.9986203 -0.047017944 -10.683292 0.77968808 0.011219572 0.62606763 116.24576
0.63538866 -0.050718221 -0.77052506 -109.33237 0.023397956 0.99864704 -0.046439509 -10.754653 0.77183796 0.011478425 0.6357157 116.87194
0.6456733 -0.048574631 -0.76206722 -110.08774 0.019512802 0.99869839 -0.047125123 -10.816376 0.76336446 0.015557366 0.64578071 117.49389
0.65517807 -0.048188439 -0.75393602 -110.85564 0.017958356 0.99867504 -0.04822514 -10.888112 0.75526104 0.018056602 0.65517537 118.17381
0.66440528 -0.048603255 -0.74579038 -111.58568 0.019191163 0.99866362 -0.047986129 -10.957348 0.74712607 0.017569653 0.66445014 118.82075
0.67278081 -0.046078106 -0.73840554 -112.30255 0.018140968 0.998786 -0.045797696 -11.018109 0.73961945 0.017416419 0.67279996 119.46408
0.68168856 -0.045409361 -0.73023192 -113.02186 0.019120056 0.99883691 -0.044263503 -11.084174 0.73139263 0.016211848 0.68176392 120.13674
0.69029823 -0.044904758 -0.72213009 -113.71437 0.019854914 0.99887199 -0.043133909 -11.148344 0.7232525 0.01543743 0.69041115 120.78726
0.69805968 -0.043529907 -0.71471518 -114.4215 0.018374415 0.99891071 -0.042892684 -11.208928 0.71580382 0.01680918 0.69809913 121.45545
0.70523446 -0.042067219 -0.70772499 -115.08312 0.017057181 0.99895591 -0.042380849 -11.270724 0.70876897 0.017816641 0.70521568 122.1286
0.7124816 -0.038808584 -0.70061675 -115.73519 0.015030783 0.99908438 -0.040055985 -11.320169 0.70152982 0.018008334 0.71241256 122.7772
0.72023456 -0.036814252 -0.69275309 -116.40207 0.015315919 0.99919138 -0.037175481 -11.381643 0.69356156 0.016164916 0.72021601 123.43361
0.72692494 -0.03541394 -0.68580314 -117.0173 0.01464394 0.9992417 -0.036077469 -11.432636 0.6865608 0.016182751 0.72689231 124.10642
0.73435751 -0.034431817 -0.67788897 -117.64847 0.013971365 0.99926773 -0.035620328 -11.491588 0.67861911 0.016687021 0.73430082 124.78236
0.74196479 -0.031838285 -0.66968241 -118.25251 0.011599802 0.99933188 -0.034658771 -11.535024 0.67033852 0.017947405 0.74183839 125.44708
0.75101671 -0.029141894 -0.65963976 -118.8293 0.010981506 0.99943865 -0.031650974 -11.590154 0.6601919 0.016526573 0.75091515 126.09453
0.75962601 -0.025228863 -0.6498706 -119.4065 0.0086385541 0.99955056 -0.028706413 -11.62743 0.65030281 0.016192195 0.75950254 126.77861
0.77086374 -0.023080273 -0.63658178 -119.97326 0.0073804677 0.99959991 -0.027304747 -11.675545 0.63695735 0.016349968 0.77072567 127.43372
0.78039891 -0.022458901 -0.62487848 -120.52512 0.0058117807 0.9995721 -0.028667628 -11.717413 0.62525499 0.018740529 0.7801955 128.12183
0.78970805 -0.023235453 -0.61304263 -121.01889 0.0062574343 0.99953559 -0.029823564 -11.766202 0.61345095 0.019715835 0.7894867 128.77771
0.79941287 -0.022500974 -0.60036051 -121.5495 0.0059385496 0.99954553 -0.029554567 -11.807583 0.60075272 0.020061031 0.79918318 129.45233
0.80938051 -0.021175329 -0.58690269 -122.02972 0.0057024587 0.99958601 -0.028200763 -11.839215 0.58725693 0.019478359 0.80916619 130.14154
0.81919276 -0.018988795 -0.57320381 -122.51709 0.0054033086 0.99966291 -0.025394184 -11.879903 0.57349285 0.017705534 0.81901923 130.8184
0.82885817 -0.017919151 -0.55917172 -122.99656 0.0057371726 0.99970662 -0.023532292 -11.914187 0.55942939 0.016296868 0.8287178 131.51929
0.8369967 -0.016418413 -0.54696155 -123.43349 0.0062834763 0.99977225 -0.020395263 -11.947008 0.54717188 0.013633948 0.83690924 132.23745
0.84532684 -0.015914818 -0.53401239 -123.89706 0.0070322321 0.99980107 -0.018664582 -11.978562 0.53420325 0.012022373 0.84527059 132.94793
0.85184471 -0.01612151 -0.52354623 -124.32484 0.0084370913 0.99981888 -0.017059618 -12.01196 0.52372648 0.010114938 0.85182644 133.66885
0.8589392 -0.015903036 -0.51183055 -124.77953 0.0087190318 0.99982694 -0.016433498 -12.044061 0.51200337 0.0096527085 0.85892922 134.37353
0.8656296 -0.015142223 -0.50045587 -125.20547 0.0082081059 0.99983743 -0.016054526 -12.068866 0.50061766 0.0097894781 0.86561316 135.10649
0.87170082 -0.013431671 -0.48985431 -125.60731 0.0065653309 0.99985468 -0.015732668 -12.099218 0.48999448 0.010498124 0.87166233 135.85214
0.87792222 -0.012181815 -0.47864826 -126.03157 0.0056673748 0.99987065 -0.015052234 -12.119314 0.47876975 0.010502012 0.8778777 136.6029
0.88366045 -0.012829554 -0.46795256 -126.41845 0.0064656324 0.99986352 -0.015203206 -12.149083 0.46808379 0.010408863 0.88362279 137.35481
0.88844295 -0.013842347 -0.45877827 -126.82509 0.0072974296 0.99984479 -0.01603574 -12.181489 0.45892907 0.010898938 0.88840607 138.11926
0.8926218 -0.014602238 -0.45056972 -127.20217 0.0079602026 0.99982998 -0.016632954 -12.208057 0.45073603 0.011260311 0.89258627 138.898
0.89598551 -0.013813716 -0.44386838 -127.60215 0.0075188102 0.9998447 -0.015939019 -12.234933 0.44401966 0.010943768 0.89595022 139.66454
0.89883341 -0.012217738 -0.43812009 -127.98359 0.0074391077 0.99989267 -0.012621901 -12.261095 0.43822731 0.0080857632 0.89882783 140.46103
0.90222862 -0.0084855115 -0.43117456 -128.40039 0.0053502784 0.9999497 -0.0084835959 -12.2808 0.4312249 0.0053472388 0.90222863 141.25364
0.90546332 -0.0056393072 -0.42438703 -128.75917 0.0034027146 0.99997604 -0.0060278446 -12.298687 0.42441089 0.004013924 0.90546082 142.05587
0.90847021 -0.0030619529 -0.41793838 -129.14896 0.0017378824 0.99999219 -0.0035486445 -12.318438 0.41794602 0.0024975097 0.90846844 142.91193
0.91137684 -0.00099979297 -0.41157168 -129.53939 0.00043614565 0.99999883 -0.0014634118 -12.329249 0.4115727 0.0011542141 0.91137621 143.76144
0.91473382 -1.555716e-05 -0.40405696 -129.93383 0.00043915288 0.99999945 0.00095568384 -12.345578 0.40405676 -0.0010516394 0.91473332 144.62321
0.91791031 0.00010973665 -0.3967879 -130.30812 0.0011948912 0.99999466 0.0030407651 -12.356798 0.39678615 -0.0032652683 0.91790528 145.47607
0.92115091 -0.00011883477 -0.38920557 -130.69138 0.0019590588 0.9999887 0.0043312719 -12.369374 0.38920069 -0.004752232 0.92114074 146.37512
0.92454926 -0.00097848454 -0.38106129 -131.05626 0.0026797641 0.99998867 0.0039340133 -12.363216 0.38105315 -0.0046583438 0.9245414 147.27314
0.92840334 -0.0035040826 -0.37155746 -131.41843 0.0051830688 0.99998037 0.0035202204 -12.387905 0.37153786 -0.0051939926 0.92840328 148.18088
0.93248972 -0.0050805584 -0.36116075 -131.79663 0.0063653045 0.99997694 0.0023677527 -12.390704 0.36114042 -0.0045068036 0.93250056 149.12291
0.93657283 -0.006145931 -0.35041909 -132.14825 0.0067487197 0.9999771 0.0004990504 -12.411415 0.35040803 -0.0028322776 0.93659287 150.04716
0.94149156 -0.0044000862 -0.33700781 -132.49757 0.0045234721 0.99998968 -0.00041907148 -12.422557 0.33700621 -0.0011298935 0.94150175 151.02303
0.94722071 -0.0009846835 -0.32058065 -132.85179 0.001346198 0.99999868 0.00090605669 -12.432984 0.32057936 -0.001289801 0.94722079 152.00418
0.9534941 0.0027184956 -0.3013994 -133.1661 -0.0017211686 0.99999213 0.0035744931 -12.437448 0.30140677 -0.0028894992 0.95349128 153.00532
0.95936888 0.0058193933 -0.28209482 -133.46624 -0.0045120688 0.99997586 0.0052837363 -12.451116 0.28211878 -0.0037962213 0.95937198 154.02851
0.96543004 0.0074510342 -0.26055576 -133.76268 -0.0059989992 0.99996173 0.0063676782 -12.466734 0.26059326 -0.0045844744 0.9654378 155.05884
0.97092513 0.0086976401 -0.23922528 -134.03983 -0.0071294832 0.99994706 0.007419724 -12.459951 0.23927717 -0.0054984442 0.97093574 156.11105
0.97598742 0.0097019474 -0.21761071 -134.28456 -0.0076833854 0.99991927 0.010120261 -12.482761 0.21769135 -0.0082052604 0.97598317 157.21292
0.98090215 0.011389496 -0.19416812 -134.50577 -0.0088880919 0.99986597 0.013749021 -12.469176 0.1942987 -0.011760661 0.98087191 158.28077
0.98483184 0.013136143 -0.17301353 -134.71141 -0.010234458 0.99979179 0.017652891 -12.48039 0.17320941 -0.01561443 0.98476124 159.38734
0.98865703 0.01535375 -0.14940394 -134.89986 -0.012324606 0.99969972 0.021179702 -12.470474 0.14968428 -0.019098117 0.98854938 160.5146
0.99167478 0.016774136 -0.12767051 -135.05244 -0.014173125 0.99967364 0.021254174 -12.465755 0.12798538 -0.019267739 0.99158888 161.62313
0.99423219 0.016687987 -0.10594275 -135.19457 -0.014718443 0.99970452 0.019345415 -12.459874 0.10623429 -0.017674523 0.99418403 162.79591
0.99632097 0.016748527 -0.084047709 -135.28709 -0.01527738 0.99971916 0.018116506 -12.446486 0.084327537 -0.016765826 0.99629703 163.95602
0.9977526 0.015286937 -0.065238489 -135.38003 -0.014014302 0.99970334 0.019920701 -12.449582 0.065523667 -0.01896166 0.99767084 165.12539
0.99888373 0.015696808 -0.044552334 -135.43149 -0.014732028 0.99965159 0.021901351 -12.438609 0.044880596 -0.021220557 0.99876695 166.31651
0.99959786 0.016001943 -0.023410521 -135.47364 -0.015467325 0.99961942 0.022842284 -12.429776 0.023767134 -0.022471001 0.99946495 167.53624
0.99984763 0.017249619 -0.002675731 -135.4859 -0.017182525 0.9995798 0.023344933 -12.412418 0.0030772982 -0.023295401 0.99972389 168.73752
0.99968902 0.017605112 0.01766142 -135.48419 -0.018024594 0.99955233 0.023880133 -12.40797 -0.017233102 -0.024191047 0.99955881 169.96099
0.99907176 0.020017904 0.038143154 -135.44413 -0.020923629 0.99950495 0.023495997 -12.392162 -0.037653933 -0.024272281 0.99899601 171.19342
0.99807242 0.021121699 0.058355065 -135.40036 -0.022453306 0.99950008 0.022258308 -12.38057 -0.057855764 -0.023525668 0.99804772 172.47248
0.99665501 0.020947945 0.078993565 -135.32251 -0.022585634 0.99954692 0.019895659 -12.375409 -0.078541008 -0.021613229 0.99667657 173.71665
0.99493121 0.022860768 0.097924855 -135.17961 -0.024692165 0.99954138 0.017530994 -12.361633 -0.09747918 -0.01986011 0.99503939 174.98898
0.99291033 0.023267147 0.11656636 -135.06003 -0.025253354 0.99955949 0.015591266 -12.358449 -0.11615226 -0.018424421 0.99306052 176.29119
0.99051922 0.023265838 0.13538974 -134.89126 -0.025205399 0.99960252 0.012629024 -12.36218 -0.13504211 -0.015921843 0.99071193 177.6005
0.98767204 0.024647791 0.15458466 -134.70899 -0.026127872 0.9996301 0.0075498634 -12.361964 -0.15434141 -0.011495757 0.9879507 178.86158
0.98486756 0.026112079 0.17133025 -134.51514 -0.026723123 0.99964208 0.0012607373 -12.384233 -0.17123602 -0.0058201386 0.98521285 180.14985
0.98174634 0.029084529 0.18795802 -134.27139 -0.02876514 0.99957639 -0.0044272595 -12.397352 -0.18800718 -0.0010601928 0.98216708 181.47125
0.97801789 0.030829368 0.20622939 -133.98959 -0.029801187 0.9995231 -0.0080908617 -12.425162 -0.20638049 0.0017671272 0.97847022 182.78906
0.9741969 0.032981287 0.22327701 -133.7259 -0.031308123 0.99944891 -0.011030408 -12.44826 -0.22351778 0.0037554058 0.97469262 184.13335
0.96993874 0.032336973 0.2411911 -133.40287 -0.030562578 0.99947127 -0.011095141 -12.480655 -0.24142238 0.0033901853 0.97041421 185.41818
0.96565255 0.031415149 0.25793067 -133.06062 -0.029419816 0.99949992 -0.011592728 -12.514923 -0.25816589 0.0036062744 0.96609387 186.76609
0.96051233 0.031031066 0.2765016 -132.6873 -0.027591566 0.99948602 -0.016322071 -12.569192 -0.27686599 0.0080484388 0.96087484 188.10631
0.95612807 0.032378013 0.29115422 -132.29604 -0.027579695 0.99940794 -0.020570279 -12.614607 -0.29164788 0.011637877 0.95645495 189.43538
0.95047954 0.034818918 0.30883051 -131.88878 -0.02976148 0.99933486 -0.021073315 -12.652718 -0.30935888 0.010838502 0.9508836 190.79211
0.94461219 0.03635224 0.32616915 -131.45047 -0.031076648 0.99928848 -0.021372333 -12.703395 -0.32671403 0.010052323 0.94506979 192.14059
0.93865383 0.04075222 0.34244449 -130.95568 -0.034333175 0.99910298 -0.024788544 -12.750748 -0.34314752 0.011510656 0.93921099 193.48942
0.93179259 0.041524314 0.36060823 -130.47739 -0.033647478 0.99903875 -0.028096779 -12.812458 -0.36142832 0.014046814 0.93229409 194.81278
0.92512581 0.042628299 0.37725993 -129.95037 -0.033322398 0.9989587 -0.03116287 -12.872766 -0.37819554 0.01625837 0.92558296 196.17276
0.9180147 0.042549676 0.39425692 -129.40377 -0.030875629 0.99887796 -0.035909717 -12.939623 -0.39534253 0.020792718 0.9182984 197.4819
0.90925134 0.046019882 0.41369572 -128.81975 -0.03147379 0.99862542 -0.041912542 -13.025649 -0.41505591 0.025088464 0.90944993 198.81379
0.89902595 0.049592431 0.43507805 -128.20366 -0.032913993 0.99840863 -0.045791736 -13.104541 -0.43665664 0.026847804 0.89922755 200.12776
0.88682996 0.052420347 0.45911296 -127.54385 -0.034522751 0.99828412 -0.047296839 -13.186773 -0.46080453 0.026094412 0.88711796 201.47328
0.87409792 0.056857612 0.48241063 -126.86998 -0.037410833 0.998056 -0.049846231 -13.283867 -0.484307 0.025523104 0.87452577 202.77046
0.85993651 0.061145667 0.50672516 -126.15912 -0.039859138 0.99781135 -0.052761372 -13.374355 -0.50884229 0.025173803 0.86049162 204.06657
0.84458711 0.064998814 0.53145812 -125.38764 -0.041444373 0.99756226 -0.056141737 -13.49089 -0.53381176 0.02539064 0.84522207 205.33331
0.8297817 0.066281695 0.55413811 -124.60158 -0.040691808 0.997465 -0.058375979 -13.588591 -0.55660268 0.025890438 0.83037532 206.58019
0.81314666 0.067333609 0.57815107 -123.76146 -0.039636664 0.99738625 -0.060411884 -13.695801 -0.58070773 0.026207743 0.81369018 207.81215
0.79768465 0.069723133 0.59903077 -122.88454 -0.038133096 0.99713803 -0.065281127 -13.814781 -0.60186801 0.029230856 0.79806045 209.02052
0.78137037 0.072208832 0.61987596 -121.9878 -0.036365582 0.99686393 -0.07028405 -13.945826 -0.62300716 0.032375726 0.78154585 210.23554
0.76425621 0.074018965 0.64065092 -121.01508 -0.034460489 0.99665955 -0.074041986 -14.071932 -0.64399142 0.034509905 0.76425398 211.38963
0.7485923 0.075793952 0.65868415 -120.07058 -0.033067224 0.99647622 -0.077082472 -14.207726 -0.66220553 0.03592249 0.74846072 212.55705
0.73274657 0.07638404 0.67620108 -119.05786 -0.031026849 0.99639703 -0.078932164 -14.349991 -0.67979397 0.036856885 0.73247646 213.67206
0.7164457 0.076635504 0.69342088 -118.00556 -0.028966331 0.99635883 -0.080187459 -14.489371 -0.69704128 0.037364103 0.71605685 214.8024
0.70147539 0.077380945 0.70848036 -116.9529 -0.026072311 0.99620906 -0.082992439 -14.639172 -0.71221665 0.039745435 0.70083364 215.88032
0.68624927 0.078500386 0.72311797 -115.85772 -0.023293063 0.99602101 -0.0860208 -14.783683 -0.72699341 0.042188079 0.6853472 216.94034
0.67213824 0.080981026 0.73598384 -114.74105 -0.021198076 0.99569819 -0.090198478 -14.951342 -0.7401222 0.045024407 0.67096347 217.96732
0.65708038 0.08363137 0.74916695 -113.63558 -0.020442903 0.99543816 -0.093193147 -15.106865 -0.75354331 0.045920242 0.65579255 218.99151
0.64069605 0.083965887 0.76318953 -112.45458 -0.018609768 0.99540847 -0.093891684 -15.279834 -0.76756908 0.045953252 0.63931686 219.99615
0.62460179 0.085121705 0.77629044 -111.28038 -0.019079062 0.99540847 -0.093797431 -15.442894 -0.78071034 0.043775151 0.62335796 220.96287
0.60693918 0.086003277 0.79008115 -110.10566 -0.020981908 0.99551504 -0.09224725 -15.608502 -0.7944713 0.039411061 0.60602159 221.91751
0.58822201 0.087096133 0.80399569 -108.86736 -0.023440785 0.99560209 -0.090702856 -15.776248 -0.80835973 0.034507128 0.58767667 222.84336
0.57108205 0.088624497 0.81609493 -107.67237 -0.025579681 0.99559355 -0.090217298 -15.944649 -0.82049438 0.030646032 0.57083259 223.72659
0.55273817 0.091690886 0.82829538 -106.45897 -0.027050387 0.99537899 -0.092135488 -16.116721 -0.83291588 0.028521091 0.55266423 224.57747
0.53489947 0.095094193 0.83954726 -105.22999 -0.029134382 0.9951312 -0.094154595 -16.2866 -0.84441329 0.025903553 0.53506565 225.40453
0.51504299 0.095425481 0.85183604 -104.00134 -0.029625693 0.99517184 -0.093569938 -16.457379 -0.85665226 0.022956309 0.51538333 226.17331
0.49372362 0.094347508 0.86448567 -102.7424 -0.029870365 0.99535052 -0.091570211 -16.628684 -0.86910575 0.019387875 0.49424626 226.94311
0.47327678 0.092389992 0.87605543 -101.47493 -0.029402635 0.99558756 -0.089111647 -16.792044 -0.88042299 0.016416137 0.47390499 227.61792
0.45080523 0.090876934 0.88798421 -100.22097 -0.02967442 0.99577988 -0.086843928 -16.946142 -0.89212899 0.012799282 0.4515995 228.30282
0.42918665 0.089951187 0.89872551 -98.960475 -0.028513891 0.99588197 -0.086058515 -17.107085 -0.90276567 0.011309006 0.4299841 228.94147
