1.0 0.0 0.0 0.0 0.0 1.0 0.0 0.0 0.0 0.0 1.0 0.0
0.9998702 0.016116126 -6.545751e-05 0.16931152 -0.016115991 0.9998687 0.0017133949 -0.0072021484 9.3056326e-05 -0.0017121176 0.9999985 -0.009277344
0.999292 0.03762292 -0.0002062525 0.26501465 -0.037621602 0.9992819 0.004519668 -0.02722168 0.00037620397 -0.0045087053 0.99998975 -0.004638672
0.9979799 0.063487604 0.0019595935 0.43640137 -0.06349783 0.9979649 0.00569247 -0.03967285 -0.0015940894 -0.005805417 0.9999819 -0.0034179688
0.9953172 0.09656991 0.0038525208 0.5970459 -0.0965911 0.99530596 0.0057569174 -0.083618164 -0.0032782967 -0.0061021345 0.999976 -0.00793457
0.9908674 0.13471861 0.0063364063 0.7943115 -0.13473795 0.9908812 0.0027289183 -0.15332031 -0.0059111277 -0.0035575873 0.9999762 -0.008178711
0.98459375 0.1746918 0.007990585 0.98339844 -0.17469642 0.98462534 -0.000120452954 -0.20385742 -0.007888783 -0.0012769239 0.99996805 -0.006225586
0.97575 0.21868156 0.009226758 1.1921387 -0.21868144 0.9757931 -0.0010347564 -0.2788086 -0.0092297625 -0.0010073849 0.9999569 -0.009277344
0.9639923 0.2656321 0.012569369 1.4194336 -0.26564884 0.9640696 -0.0003495894 -0.35913086 -0.012210442 -0.0030024399 0.9999209 -0.009765625
0.94964385 0.31283912 0.018892925 1.6585693 -0.3128295 0.9498284 -0.0035387313 -0.48535156 -0.0190516 -0.0025490301 0.9998152 -0.0234375
0.93263835 0.3599816 0.024538264 1.8798828 -0.35975152 0.9329542 -0.013372397 -0.59936523 -0.027706861 0.0036417749 0.9996093 -0.014892578
0.9111449 0.4111239 0.027848411 2.1243896 -0.41072467 0.911551 -0.019056961 -0.73913574 -0.033222232 0.005926286 0.99943054 -0.014160156
0.8859212 0.46273267 0.031724557 2.3770752 -0.46223548 0.8864761 -0.021974787 -0.9071045 -0.03829243 0.0048020333 0.99925494 -0.022583008
0.8579712 0.51248133 0.035446912 2.592163 -0.5119824 0.85870165 -0.022644062 -1.0810547 -0.042045407 0.0012856536 0.99911535 -0.04333496
0.82553923 0.5631392 0.037651934 2.8309326 -0.5624579 0.82639575 -0.02774074 -1.2927246 -0.046737872 0.0017231479 0.9989056 -0.05053711
0.7895285 0.612638 0.037801057 3.0699463 -0.6116927 0.7904234 -0.034235135 -1.5002441 -0.05085241 0.0039070714 0.99869835 -0.055908203
0.75206566 0.6578905 0.037914004 3.28125 -0.65678453 0.7530105 -0.03832971 -1.7678223 -0.053774264 0.0039192773 0.99854535 -0.07299805
0.71165335 0.7015398 0.035895042 3.5257568 -0.7002972 0.71254146 -0.04201162 -2.041626 -0.05505488 0.004766792 0.99847263 -0.08569336
0.67012364 0.7414287 0.035891455 3.751587 -0.7401543 0.67107844 -0.043524332 -2.3240967 -0.056361247 0.0026095007 0.9984076 -0.10473633
0.6276022 0.77760696 0.038914155 3.970581 -0.7764001 0.6287999 -0.043408312 -2.659668 -0.05822352 -0.0029602852 0.9982997 -0.13549805
0.58481765 0.8101487 0.039906196 4.20166 -0.8089102 0.5861484 -0.045162328 -2.991333 -0.059980482 -0.0058731046 0.9981821 -0.15527344
0.54539824 0.83727026 0.039584473 4.416504 -0.8360085 0.5467789 -0.046593264 -3.364502 -0.060647085 -0.007677542 0.9981296 -0.17810059
0.50628436 0.8613438 0.040761113 4.6500244 -0.85999465 0.50782084 -0.049241155 -3.7735596 -0.063122906 -0.010118039 0.9979552 -0.19799805
0.46943504 0.8820539 0.041565932 4.8461914 -0.8807746 0.47108024 -0.049356773 -4.198242 -0.063106656 -0.0134394765 0.9979159 -0.22424316
0.4322052 0.90068907 0.04004938 5.0496826 -0.8994248 0.43381536 -0.0498633 -4.675659 -0.062291123 -0.0144790355 0.99795276 -0.2557373
0.39843076 0.9163811 0.035933062 5.2475586 -0.9152015 0.39981693 -0.048438407 -5.1624756 -0.058753673 -0.013589927 0.9981799 -0.2854004
0.37028205 0.9285156 0.031453867 5.442993 -0.92740446 0.371428 -0.046909235 -5.671997 -0.055239446 -0.011793685 0.99840397 -0.31506348
0.34464505 0.93813115 0.029703617 5.637329 -0.9370931 0.34571162 -0.045736708 -6.22229 -0.05319163 -0.0120743215 0.99851185 -0.3503418
0.325291 0.9452955 0.027093012 5.8201904 -0.9443055 0.32623002 -0.044638965 -6.80249 -0.051031303 -0.011066408 0.99863565 -0.38293457
0.30952376 0.9505176 0.02544595 6.001953 -0.9494291 0.3104145 -0.046518333 -7.3900146 -0.052108552 -0.009756502 0.99859375 -0.4182129
0.29707736 0.95458347 0.024430234 6.2060547 -0.95347244 0.2979336 -0.046967708 -7.998535 -0.052123956 -0.009340147 0.99859744 -0.44665527
0.28718013 0.95761204 0.025557078 6.3983154 -0.9563843 0.28813463 -0.0495385 -8.654785 -0.054794125 -0.0102248145 0.9984449 -0.4835205
0.27610937 0.9608266 0.027700612 6.592285 -0.9595571 0.27721336 -0.05092482 -9.327148 -0.05660981 -0.01252856 0.99831766 -0.5233154
0.26440305 0.963992 0.027968414 6.7978516 -0.9626697 0.2655532 -0.052159414 -10.0321045 -0.057706214 -0.013124872 0.9982476 -0.56103516
0.25488654 0.966413 0.029609198 6.9797363 -0.9649721 0.25618374 -0.054751605 -10.751831 -0.060497772 -0.014616641 0.9980613 -0.5953369
0.24536975 0.9689406 0.030144125 7.179077 -0.9673845 0.2467472 -0.056951523 -11.501465 -0.06262597 -0.015183136 0.997922 -0.64172363
0.23233977 0.97219247 0.029606562 7.3691406 -0.9705783 0.23372054 -0.058025226 -12.264038 -0.063352816 -0.015248737 0.99787575 -0.6801758
0.22254887 0.97442836 0.03189023 7.5474854 -0.97264504 0.22415246 -0.06142024 -13.041626 -0.06699842 -0.017360974 0.9976017 -0.7281494
0.21156392 0.97680455 0.032671608 7.725342 -0.97487265 0.21328992 -0.06408916 -13.832642 -0.06954609 -0.018301923 0.9974093 -0.7788086
0.1986514 0.9794681 0.034419715 7.9022217 -0.97726166 0.20061707 -0.06868953 -14.633911 -0.07418085 -0.019981211 0.9970448 -0.8260498
0.18700384 0.9817925 0.034316603 8.057861 -0.9794692 0.18902509 -0.07050802 -15.437378 -0.07573399 -0.020420173 0.9969204 -0.8751221
0.1716052 0.98458403 0.034422737 8.202881 -0.9821872 0.17370313 -0.07192856 -16.253296 -0.07679939 -0.021481264 0.99681467 -0.923584
0.1567206 0.98694825 0.03532444 8.333862 -0.98467696 0.15889949 -0.07097282 -17.060913 -0.07567925 -0.02365774 0.9968525 -0.9746094
0.14057782 0.98946357 0.034837168 8.456665 -0.9872387 0.14275154 -0.07068741 -17.885864 -0.07490394 -0.024470653 0.9968894 -1.0235596
0.11923669 0.99225485 0.035150025 8.56189 -0.99021316 0.12143467 -0.06896538 -18.716553 -0.07268292 -0.0265836 0.9969999 -1.0732422
0.09555937 0.9946907 0.03825525 8.6484375 -0.99288887 0.09798801 -0.067650996 -19.552246 -0.07102424 -0.031512704 0.99697596 -1.126831
0.06312955 0.99714684 0.041167248 8.705688 -0.9955046 0.06583159 -0.06797893 -20.38855 -0.07047653 -0.03667849 0.9968381 -1.1778564
0.030451251 0.99865866 0.041684717 8.739258 -0.997123 0.03324187 -0.06799088 -21.249512 -0.06930443 -0.03949005 0.9968147 -1.2285156
-0.002668498 0.9991536 0.041069858 8.742676 -0.9977019 0.00012046468 -0.06775397 -22.097656 -0.06772001 -0.041162476 0.99685585 -1.2713623
-0.03893184 0.9984639 0.039955623 8.711426 -0.9971049 -0.036192883 -0.06717696 -22.962036 -0.06565215 -0.042416357 0.9969424 -1.3138428
-0.07027007 0.9966901 0.040993802 8.654907 -0.9955577 -0.06748783 -0.06572982 -23.819092 -0.06274396 -0.045408685 0.9969961 -1.3518066
-0.10113563 0.9939813 0.04173362 8.580811 -0.99312645 -0.09839749 -0.0631311 -24.677979 -0.058653597 -0.047845107 0.99713165 -1.4035645
-0.13338816 0.9902796 0.038371105 8.461548 -0.98960584 -0.13102855 -0.058555327 -25.54358 -0.052974302 -0.045791414 0.9975461 -1.4368896
-0.16526963 0.98574495 0.03237265 8.307617 -0.9851705 -0.1634413 -0.052753046 -26.387085 -0.046689454 -0.040591694 0.99808365 -1.4730225
-0.19743733 0.9800177 0.025624938 8.140625 -0.9794593 -0.19607459 -0.047818974 -27.247925 -0.04185176 -0.03453469 0.9985273 -1.4916992
-0.22435057 0.9742719 0.020747088 7.936157 -0.973795 -0.22333348 -0.04260967 -28.07434 -0.036875896 -0.029752977 0.99887675 -1.5177002
-0.25194722 0.9676204 0.013154124 7.713135 -0.9671712 -0.25133002 -0.036789507 -28.905518 -0.032286927 -0.021986853 0.9992367 -1.5360107
-0.27849638 0.96051025 0.0084430445 7.476074 -0.96026033 -0.27818766 -0.026895352 -29.734985 -0.02348422 -0.015592514 0.9996027 -1.541626
-0.30218282 0.9531843 0.00774868 7.213379 -0.9531718 -0.3020805 -0.0120913945 -30.537598 -0.009190284 -0.011041783 0.9998969 -1.5462646
-0.3284855 0.9445985 0.012684745 6.946289 -0.9446363 -0.32857394 0.0056114234 -31.331543 0.009460125 -0.0101358015 0.99990386 -1.5411377
-0.35417047 0.9352421 0.01948687 6.6658936 -0.9350786 -0.35453832 0.020627242 -32.125244 0.026189886 -0.010924915 0.9995975 -1.5300293
-0.37709844 0.9260394 0.020651862 6.345825 -0.92553675 -0.37759328 0.03137474 -32.902954 0.036842026 -0.0072867908 0.9992945 -1.5039062
-0.40123788 0.9157159 0.019931491 6.0255127 -0.91507894 -0.4017086 0.034428746 -33.6864 0.039552763 -0.004421074 0.99920803 -1.4580078
-0.42271948 0.90598226 0.017450491 5.6606445 -0.90533173 -0.4230777 0.034337923 -34.459717 0.038514543 -0.00126436 0.99925727 -1.4228516
-0.44288507 0.89701146 0.013054227 5.2891846 -0.89649236 -0.443074 0.030577347 -35.22473 0.033204377 0.0018132784 0.99944735 -1.3782959
-0.4622127 0.8869638 0.0048968587 4.897461 -0.8865621 -0.46215817 0.028057829 -35.98242 0.027140126 0.0086195925 0.9995944 -1.3364258
-0.47543642 0.88000447 0.00056778267 4.4848633 -0.8796343 -0.47525498 0.028698966 -36.73108 0.025535505 0.013151601 0.99958766 -1.2937012
-0.48452172 0.87444544 -0.00029204786 4.084717 -0.8740035 -0.4842658 0.031963512 -37.451294 0.027795663 0.015741529 0.9994892 -1.2592773
-0.4964089 0.86836743 -0.0002802573 3.6811523 -0.8678475 -0.4961007 0.03476478 -38.152344 0.030051649 0.017494578 0.99939543 -1.2209473
-0.50571024 0.8626884 0.0070039835 3.2774658 -0.86208373 -0.5056339 0.03418805 -38.864136 0.03306184 0.011260208 0.9993903 -1.184082
-0.5161084 0.8564972 0.008905232 2.8682861 -0.8559337 -0.51610553 0.032364476 -39.563232 0.03232541 0.009072347 0.9994363 -1.154419
-0.5241963 0.85125935 0.007000178 2.435791 -0.850685 -0.52411646 0.033317897 -40.269043 0.032034975 0.011518994 0.99942017 -1.1208496
-0.5319849 0.8468024 0.0052409936 1.986206 -0.8461518 -0.53180134 0.03639391 -40.97046 0.03359307 0.014923275 0.99932396 -1.0788574
-0.5348786 0.8450818 0.006468757 1.5441895 -0.8442766 -0.5346769 0.040228974 -41.687256 0.037442517 0.016040597 0.9991699 -1.0506592
-0.5348918 0.84526414 0.007871741 1.0795898 -0.8443891 -0.5347246 0.04147048 -42.418213 0.039253168 0.015508357 0.9991092 -1.0152588
-0.531117 0.84706706 0.0056927255 0.6221924 -0.8461745 -0.53084534 0.042800397 -43.168457 0.03929671 0.017926652 0.99906707 -0.97631836
-0.52439976 0.85127795 0.0060932874 0.15881348 -0.8504548 -0.52418447 0.040786523 -43.927856 0.03792247 0.016219215 0.9991491 -0.93518066
-0.51630783 0.855813 0.0077927187 -0.31152344 -0.8549906 -0.5161755 0.04005418 -44.703857 0.03829709 0.014039986 0.999167 -0.8984375
-0.5096377 0.8607783 0.0084642945 -0.77685547 -0.85998076 -0.5095511 0.039149474 -45.50232 0.03801066 0.012644694 0.99919784 -0.8618164
-0.5029459 0.86386025 0.0104205515 -1.2301025 -0.8630973 -0.5029554 0.037649278 -46.301025 0.03775496 0.009937989 0.9992371 -0.82128906
-0.49903372 0.8664372 0.014289418 -1.6938477 -0.8657135 -0.4992081 0.03583149 -47.131958 0.038191907 0.005504395 0.99925554 -0.7813721
-0.49613917 0.86807346 0.01805079 -2.1518555 -0.86745363 -0.4964671 0.03280928 -47.966187 0.037435472 0.00061179604 0.9992988 -0.7438965
-0.4960809 0.86800855 0.019574389 -2.6380615 -0.86749685 -0.4964622 0.029879915 -48.84375 0.03565324 -0.0021636495 0.9993618 -0.69958496
-0.49745673 0.86692846 0.02088637 -3.1263428 -0.8664542 -0.49788105 0.028916549 -49.717773 0.035477657 -0.0037121833 0.99936354 -0.6583252
-0.49745163 0.8668217 0.02054182 -3.6152344 -0.8663676 -0.49786112 0.028293205 -50.591064 0.034755316 -0.0036978908 0.9993885 -0.6131592
-0.49744612 0.86667943 0.02126452 -4.1188965 -0.86622936 -0.49788105 0.028265081 -51.489502 0.035099514 -0.004351488 0.9993741 -0.56689453
-0.49743658 0.86721057 0.020000983 -4.637329 -0.86680835 -0.49782178 0.026713759 -52.394897 0.033118673 -0.004037177 0.9994431 -0.5250244
-0.49743244 0.8667102 0.019285649 -5.149292 -0.86633056 -0.4977912 0.025929278 -53.30005 0.032082453 -0.0037916002 0.99947774 -0.48059082
-0.49601436 0.86762446 0.021994818 -5.662964 -0.86727005 -0.49646038 0.025593927 -54.230957 0.033125352 -0.00636224 0.99943054 -0.43798828
-0.4987928 0.8663087 0.021344747 -6.1601562 -0.8660266 -0.4992011 0.023166578 -55.146973 0.030732308 -0.0069188625 0.9995037 -0.39648438
-0.49739638 0.8672639 0.022622688 -6.6762695 -0.866961 -0.49785265 0.024153704 -56.06299 0.032210726 -0.007605051 0.9994524 -0.3388672
-0.49598595 0.8684712 0.02237161 -7.1949463 -0.8682209 -0.49642125 0.022438178 -56.9834 0.030588036 -0.008300013 0.99949795 -0.29638672
-0.49457592 0.8692778 0.020500725 -7.688965 -0.86909795 -0.49493307 0.019487087 -57.891357 0.0270711 -0.008179746 0.9996001 -0.24743652
-0.49076092 0.8714246 0.018547699 -8.209595 -0.8712647 -0.49105817 0.018199395 -58.81848 0.024956672 -0.0072319433 0.9996625 -0.20898438
-0.4869486 0.8733194 0.018624896 -8.721436 -0.8731693 -0.48724622 0.01786879 -59.73755 0.02468898 -0.0075639575 0.9996667 -0.16516113
-0.48555708 0.8737845 0.018094286 -9.220581 -0.8736175 -0.4858453 0.018405488 -60.657715 0.024877086 -0.0068641827 0.99966687 -0.12646484
-0.48415962 0.8752586 0.018003207 -9.716187 -0.87509733 -0.4844446 0.01818248 -61.556885 0.024630893 -0.0069591994 0.9996726 -0.08203125
-0.48416224 0.87473667 0.01953412 -10.19812 -0.874552 -0.48449612 0.019525342 -62.460938 0.026549945 -0.0076367375 0.99961853 -0.044433594
-0.48555744 0.87342215 0.022824343 -10.706177 -0.87321657 -0.48599812 0.021246457 -63.364624 0.029659215 -0.009608502 0.9995136 0.0063476562
-0.48936176 0.8715013 0.024985418 -11.1953125 -0.87130547 -0.48987088 0.021605656 -64.25818 0.031065062 -0.011196932 0.9994545 0.051879883
-0.49597332 0.86782694 0.02415723 -11.689331 -0.8676225 -0.4964541 0.021473844 -65.15662 0.030628735 -0.010311937 0.99947757 0.09082031
-0.5025844 0.86464655 0.018944543 -12.211548 -0.86450857 -0.5028828 0.017270846 -66.044556 0.024468733 -0.0077105537 0.99967116 0.14587402
-0.50779533 0.8615581 0.021592932 -12.702148 -0.8615066 -0.5081314 0.014620397 -66.9198 0.02356228 -0.011183649 0.99965984 0.18566895
-0.5116281 0.8588448 0.022172939 -13.208496 -0.85875106 -0.5119988 0.016525472 -67.794556 0.025531149 -0.010585467 0.99961776 0.23071289
-0.51827455 0.855201 0.0228479 -13.7248535 -0.8550374 -0.51869 0.019274049 -68.664795 0.02831546 -0.009556415 0.9995533 0.26989746
-0.52247375 0.85239965 0.025914999 -14.213745 -0.85226303 -0.52297974 0.019390792 -69.51819 0.030091407 -0.01196402 0.9994758 0.30932617
-0.5249114 0.8508695 0.026828757 -14.735962 -0.85073596 -0.5254469 0.019602636 -70.378784 0.030756677 -0.0125282165 0.999448 0.35705566
-0.5277133 0.8488718 0.02596013 -15.242676 -0.8487789 -0.5282005 0.017816702 -71.207886 0.028847396 -0.012635782 0.99950397 0.4000244
-0.52911186 0.8478652 0.020034704 -15.760864 -0.8478622 -0.5293761 0.011263466 -72.04907 0.020173503 -0.011026807 0.99973553 0.43981934
-0.53297305 0.84626657 0.014700802 -16.296265 -0.84634024 -0.53305495 0.0020434386 -72.881226 0.009559808 -0.011356918 0.99988985 0.48303223
-0.53579396 0.84442157 0.012872623 -16.822754 -0.8445001 -0.5358229 -0.0013533987 -73.71619 0.005755095 -0.011602759 0.9999162 0.5073242
-0.5357741 0.8444227 0.015699219 -17.344604 -0.8444842 -0.535891 0.004184438 -74.543945 0.011951657 -0.011024835 0.9998679 0.5324707
-0.5357666 0.84429204 0.018497014 -17.865479 -0.84428704 -0.5359921 0.010439801 -75.3573 0.018731153 -0.010023663 0.99977434 0.5612793
-0.5371897 0.84327686 0.013692452 -18.386719 -0.8431584 -0.5373514 0.014600393 -76.17578 0.0196808 -0.0037026089 0.9997995 0.5933838
-0.5357963 0.84382284 0.011183696 -18.915161 -0.8436919 -0.5359109 0.014937436 -76.99072 0.018601593 -0.0014285604 0.9998259 0.6265869
-0.5357848 0.8440176 0.009393406 -19.442993 -0.84393257 -0.5358652 0.0120631475 -77.81433 0.015219765 -0.0014651148 0.9998831 0.6571045
-0.5357676 0.8440262 0.009010833 -19.950684 -0.84401035 -0.53582776 0.006585869 -78.635254 0.010389315 -0.004075561 0.99993765 0.6810303
-0.5343688 0.84471977 0.0074981065 -20.470093 -0.8447431 -0.5343848 0.00015048054 -79.456665 0.0041385423 -0.0062538893 0.99997187 0.69885254
-0.5330299 0.84553605 0.013736484 -20.951538 -0.84564483 -0.53300047 -0.0060329484 -80.27026 0.0022291252 -0.01483279 0.9998874 0.72387695
-0.5331655 0.84635967 0.020366091 -21.454956 -0.84660435 -0.53303134 -0.01198097 -81.09265 0.0007041197 -0.023620527 0.9997209 0.7342529
-0.5317334 0.8473713 0.01681898 -21.961914 -0.8475369 -0.5315935 -0.012282659 -81.91174 -0.0014780667 -0.020770404 0.9997833 0.7519531
-0.52779615 0.8495466 0.012823375 -22.46399 -0.8496434 -0.5277358 -0.007976841 -82.71326 -7.5595453e-06 -0.015101489 0.999886 0.77453613
-0.5211208 0.85315394 0.013695306 -22.973267 -0.8532582 -0.5211094 -0.0046662325 -83.528564 0.0031559332 -0.014118879 0.99989533 0.7770996
-0.5130435 0.8580733 0.008638134 -23.466919 -0.8581136 -0.51304334 -0.0024031987 -84.34033 0.0023710462 -0.00864525 0.9999598 0.79797363
-0.5063935 0.8625763 0.0011278582 -23.947876 -0.8625768 -0.506394 0.00026564018 -85.15039 0.0008000287 -0.0008384157 0.99999934 0.8145752
-0.49595755 0.8685392 0.0035638362 -24.422241 -0.8685466 -0.49595508 -0.0016224314 -85.97424 0.0003569067 -0.0039005834 0.9999923 0.83496094
-0.4855641 0.8738302 0.007395039 -24.86316 -0.87386155 -0.48554292 -0.0045617474 -86.81128 -0.000391747 -0.00867859 0.9999623 0.8387451
-0.4737787 0.88083756 0.0038240175 -25.328735 -0.88083404 -0.47374544 -0.0072434167 -87.63916 -0.0045701847 -0.006797759 0.99996644 0.85510254
-0.46202 0.88728243 0.0034447133 -25.754639 -0.8872719 -0.46198347 -0.008031842 -88.47827 -0.005536687 -0.006761845 0.99996185 0.8640137
-0.44928402 0.8929197 0.0018749371 -26.180176 -0.892898 -0.44925585 -0.00824848 -89.31763 -0.006521529 -0.0053838994 0.99996424 0.8721924
-0.43757093 0.8995564 -5.008909e-05 -26.599731 -0.89952934 -0.4375582 -0.0077419444 -90.17212 -0.006987457 -0.0033396997 0.99997 0.883667
-0.4248982 0.90488607 0.0008917367 -26.990234 -0.9048825 -0.42489302 -0.003452161 -91.017334 -0.0027442754 -0.0022754618 0.9999936 0.885376
-0.41463917 0.9101398 0.0030940564 -27.37854 -0.91011846 -0.41465068 0.0062608346 -91.86133 0.0069811065 -0.00022110529 0.9999756 0.89294434
-0.4013711 0.9159549 0.004843026 -27.750732 -0.9159037 -0.40139997 0.009693462 -92.70972 0.01082024 -0.00054594054 0.9999413 0.913208
-0.39018905 0.9207796 0.0059312517 -28.098877 -0.920769 -0.39022008 0.0055113174 -93.562744 0.00738851 -0.003311919 0.9999673 0.92541504
-0.37699375 0.9263512 0.005682843 -28.45227 -0.9263582 -0.37701145 0.0023895316 -94.425415 0.004353174 -0.0043623047 0.999981 0.9482422
-0.36727524 0.92994404 0.009633813 -28.779541 -0.9299756 -0.3673132 0.0024594124 -95.28125 0.005829077 -0.008058868 0.9999506 0.9604492
-0.36152634 0.93225145 0.015507538 -29.09143 -0.93230057 -0.361663 0.0070676 -96.1438 0.012188677 -0.011896864 0.99985486 0.98291016
-0.35416222 0.9350481 0.024434531 -29.416138 -0.9351624 -0.35451034 0.011668667 -97.01672 0.019553095 -0.018709168 0.9996336 1.0042725
-0.35185334 0.9356537 0.028818825 -29.733154 -0.9358057 -0.35234538 0.014117038 -97.89172 0.023358297 -0.021997035 0.99948514 1.036499
-0.3481798 0.93699336 0.030728227 -30.04309 -0.93717134 -0.3487362 0.014943074 -98.77515 0.024727331 -0.023607962 0.9994158 1.0653076
-0.3431661 0.9388859 0.03369337 -30.357422 -0.9391911 -0.34374133 0.012920714 -99.65466 0.02370192 -0.027204556 0.9993489 1.1005859
-0.33653876 0.9409693 0.033945065 -30.669312 -0.9413388 -0.33705157 0.010545522 -100.54224 0.021371922 -0.02840367 0.99936795 1.1296387
-0.32993335 0.9435171 0.032171033 -30.974121 -0.9439187 -0.33029166 0.00638464 -101.41101 0.016652366 -0.028264314 0.9994619 1.1506348
-0.3249523 0.9453154 0.032116584 -31.275024 -0.9457584 -0.32522884 0.0036593871 -102.2959 0.013883469 -0.029176032 0.99947786 1.1864014
-0.3190889 0.9469535 0.03796259 -31.55188 -0.94759494 -0.31942806 0.0030718949 -103.16797 0.015031238 -0.034994937 0.99927455 1.2053223
-0.31192207 0.9490987 0.046372283 -31.8208 -0.9500717 -0.31239048 0.0030491417 -104.036255 0.017355021 -0.04309539 0.99892026 1.2294922
-0.30459914 0.9514097 0.04678668 -32.09436 -0.9523368 -0.30522206 0.0066193235 -104.90808 0.020577904 -0.042517647 0.99888325 1.2614746
-0.29793227 0.953632 0.043614723 -32.37146 -0.9543529 -0.2986331 0.01040752 -105.7699 0.022934724 -0.038523205 0.9989946 1.2988281
-0.29142976 0.9556585 0.04477773 -32.635742 -0.95648783 -0.2920449 0.0077429726 -106.64929 0.020450013 -0.040576324 0.9989675 1.3271484
-0.28339836 0.9578819 0.044271644 -32.884155 -0.9587913 -0.2837714 0.0022418844 -107.507324 0.014717883 -0.04180579 0.999017 1.3598633
-0.27626467 0.96004957 0.044228677 -33.137207 -0.961 -0.27649856 -0.0008598189 -108.39795 0.011400911 -0.04273758 0.9990212 1.387085
-0.26816767 0.9621087 0.04815847 -33.369873 -0.96318644 -0.2686106 0.002848071 -109.27246 0.015697652 -0.0456409 0.99883485 1.4111328
-0.26317132 0.96365494 0.04798319 -33.60022 -0.9646692 -0.26375625 0.0061821584 -110.14392 0.018611943 -0.04464954 0.9988291 1.4294434
-0.25510693 0.96564764 0.04710429 -33.828735 -0.96662295 -0.25568044 0.006463705 -111.009766 0.018308323 -0.043883715 0.9988686 1.4499512
-0.24868369 0.967345 0.04885806 -34.040283 -0.96841806 -0.24924423 0.0056319227 -111.896484 0.017638462 -0.04592031 0.9987894 1.4794922
-0.24148299 0.9694771 0.043800835 -34.26062 -0.97032773 -0.24196339 0.0059517017 -112.77319 0.016349617 -0.041062012 0.99902296 1.5020752
-0.2334343 0.97157085 0.039889194 -34.478638 -0.9722621 -0.23387109 0.0066018887 -113.659424 0.015736545 -0.037251025 0.9991822 1.5355225
-0.2263329 0.9732847 0.038628373 -34.688354 -0.97393334 -0.22674322 0.0065428563 -114.55481 0.015119369 -0.036137935 0.99923235 1.5671387
-0.21847512 0.97482055 0.044962816 -34.87854 -0.9757267 -0.21896635 0.0062522194 -115.448364 0.015932374 -0.04250268 0.99896926 1.5906982
-0.21134569 0.97615725 0.048952214 -35.067627 -0.97729397 -0.21174288 0.0030218926 -116.347534 0.013323583 -0.04722848 0.99879587 1.619751
-0.20643784 0.97743094 0.045742538 -35.261475 -0.9784161 -0.20680916 0.0034887772 -117.26135 0.012871236 -0.044032045 0.998947 1.6442871
-0.20270112 0.97820926 0.04470949 -35.44995 -0.97915024 -0.20305799 0.0035455253 -118.148315 0.01255003 -0.043066423 0.99899346 1.6660156
-0.19785239 0.9792961 0.044118773 -35.634155 -0.980207 -0.19821703 0.004015257 -119.048584 0.012657064 -0.04244402 0.99901867 1.6925049
-0.19054021 0.9809342 0.03698951 -35.83203 -0.98156685 -0.1908251 0.0042975303 -119.92981 0.011282515 -0.035498045 0.9993061 1.7056885
-0.18630826 0.9821189 0.028745007 -36.009277 -0.98250407 -0.18646945 0.00300905 -120.81909 0.008309714 -0.02766925 0.9995826 1.7210693
-0.18194592 0.9829558 0.025169041 -36.17639 -0.9832608 -0.18203415 0.0012414919 -121.722534 0.0057974514 -0.02452217 0.99968255 1.7474365
-0.17629324 0.98386467 0.027799524 -36.33545 -0.9842237 -0.17645088 0.0032885668 -122.61157 0.008155473 -0.026776722 0.99960804 1.753418
-0.17347144 0.9844341 0.030283445 -36.48633 -0.9848442 -0.17370644 0.005290551 -123.497925 0.010462528 -0.028902201 0.9995275 1.7667236
-0.1713289 0.98472923 0.031626474 -36.632202 -0.9851859 -0.171559 0.0046857796 -124.39099 0.010045573 -0.030355094 0.9994888 1.7841797
-0.16917944 0.98504734 0.031598426 -36.783936 -0.985513 -0.16937867 0.0037188716 -125.27319 0.009018094 -0.030522685 0.9994936 1.8045654
-0.1692213 0.9851459 0.02785833 -36.93213 -0.9855371 -0.16922154 -0.0023645493 -126.15918 0.0023935381 -0.027863787 0.99960893 1.826416
-0.16650186 0.98554456 0.028562497 -37.082153 -0.98595506 -0.16635446 -0.007483377 -127.04358 -0.0026151962 -0.029411357 0.99956393 1.8433838
-0.16736138 0.9854938 0.028090347 -37.222534 -0.98588717 -0.16718686 -0.008475922 -127.92139 -0.003647639 -0.029101865 0.99956954 1.8532715
-0.1657803 0.98576456 0.02792162 -37.367188 -0.98615974 -0.16572821 -0.0041834656 -128.79187 0.00049638306 -0.028232217 0.9996014 1.8572998
-0.16506232 0.9859278 0.028204693 -37.51123 -0.9863188 -0.1651349 0.00025251415 -129.65466 0.004894361 -0.027774945 0.9996023 1.8696289
-0.16575348 0.9857277 0.030940657 -37.651 -0.98619944 -0.16583526 7.657893e-05 -130.52393 0.005207068 -0.030505167 0.9995211 1.880127
-0.16365063 0.9858892 0.03250026 -37.786255 -0.986419 -0.16367435 -0.0019481466 -131.38855 0.00340578 -0.032389067 0.9994696 1.8968506
-0.16291116 0.98628557 0.027059598 -37.933105 -0.98665124 -0.16294073 -0.0011231862 -132.24231 0.0032985639 -0.026880901 0.99963325 1.9089355
-0.16287363 0.98624516 0.027118113 -38.068604 -0.98659855 -0.1629808 0.0017748103 -133.10645 0.0061716666 -0.026467666 0.99963063 1.9272461
-0.162979 0.98597693 0.03749206 -38.197998 -0.98664504 -0.16321445 0.003285517 -133.96216 0.009354877 -0.03644776 0.99929166 1.942627
-0.1615237 0.9858931 0.04328182 -38.32617 -0.9867632 -0.16191207 0.0056004496 -134.8247 0.012529062 -0.041808683 0.9990472 1.953125
-0.16147885 0.98589075 0.04255981 -38.452515 -0.98670447 -0.16193889 0.007563033 -135.6687 0.014358515 -0.040774204 0.9990652 1.9718018
-0.16293918 0.98589385 0.040733002 -38.595093 -0.9866194 -0.16341196 0.0085546095 -136.557 0.015067022 -0.038798466 0.999134 2.0065918
-0.16010138 0.9863076 0.041411772 -38.716797 -0.98701876 -0.1606841 0.011145156 -137.36023 0.017620804 -0.03909496 0.9990806 2.0219727
-0.15789089 0.9868166 0.033800617 -38.869507 -0.98728883 -0.15828371 0.009253456 -138.22327 0.01449385 -0.031902906 0.99938565 2.0445557
-0.15505491 0.98749506 0.027789546 -38.999268 -0.9878194 -0.15530893 0.0072221523 -139.06201 0.011442917 -0.026332924 0.99958783 2.0655518
-0.15441903 0.9878044 0.022286355 -39.140015 -0.9880464 -0.1544746 0.0007858188 -139.89807 0.004206878 -0.021898633 0.9997515 2.0917969
-0.15007493 0.98853457 0.016690128 -39.260376 -0.9886671 -0.15012203 0.0015953928 -140.72717 0.004086 -0.01626493 0.99985945 2.107788
-0.14512558 0.98918337 0.017955152 -39.379517 -0.98932195 -0.14522517 0.004360825 -141.55676 0.0069249542 -0.01713581 0.99982935 2.1409912
-0.1388695 0.99027044 0.015560418 -39.490112 -0.99034166 -0.13900447 0.007950129 -142.36792 0.010032375 -0.014310978 0.9998474 2.142334
-0.12968442 0.991423 0.011692127 -39.605957 -0.9914195 -0.12980843 0.010552692 -143.21997 0.011986227 -0.010226828 0.9998759 2.1362305
-0.11924935 0.9928169 0.009651136 -39.697754 -0.9928214 -0.11932851 0.008087525 -144.01599 0.009179627 -0.008617763 0.9999207 2.1645508
-0.1082115 0.9941274 0.0041720364 -39.788452 -0.99412614 -0.108228214 0.0040060123 -144.8208 0.004431867 -0.0037122997 0.99998325 2.1896973
-0.09432589 0.9955171 -0.0028751846 -39.8739 -0.9955075 -0.09430909 0.005520475 -145.67981 0.005222607 0.0033814795 0.9999806 2.2208252
-0.08050596 0.9967817 -0.0026594503 -39.93506 -0.9967656 -0.08048737 0.006492085 -146.4347 0.0062562777 0.003171755 0.9999754 2.239624
-0.0661336 0.9978203 -0.005785262 -39.98877 -0.99782646 -0.06610514 0.0049720183 -147.2616 0.004580198 0.0060989857 0.99997085 2.2545166
-0.053143363 0.9985259 -0.008351088 -40.0271 -0.99853325 -0.053077817 0.007874074 -148.0199 0.0074182423 0.0087622395 0.999934 2.2615967
-0.037528396 0.9992621 -0.0045908326 -40.05896 -0.9991886 -0.03746522 0.013140755 -148.84338 0.012955152 0.0050844364 0.9999031 2.2868652
-0.026082508 0.9996442 0.0045238263 -40.057373 -0.9993816 -0.02618074 0.023250233 -149.58606 0.023354698 -0.003911457 0.9997195 2.298462
-0.012691734 0.9998788 0.009325124 -40.055786 -0.9994297 -0.012977361 0.03126428 -150.38281 0.031373106 -0.008917192 0.99946773 2.3206787
