1.000000000000000000e+00 4.398956837314658088e-19 2.733407509747682871e-20 -8.673617379884035472e-19 -5.583667658079949532e-19 1.000000000000000000e+00 -6.100159232558060012e-19 0.000000000000000000e+00 4.145284534913582806e-20 -2.210423569125054137e-19 1.000000000000000222e+00 0.000000000000000000e+00
9.998993433010997522e-01 2.568192086381070440e-04 1.418581424810754985e-02 -8.531287037900760206e-02 -2.540034046080046396e-04 9.999999476821538336e-01 -2.002959624366654309e-04 -1.036427738536581378e-02 -1.418586519162255873e-02 1.966725709532346727e-04 9.998993562015102698e-01 -5.453299060284189093e-03
9.995871355078380649e-01 1.548045444353206420e-03 2.869080176059564391e-02 -6.884344163677127981e-02 -1.541336935887585666e-03 9.999987793894277166e-01 -2.559355974405975857e-04 -1.923000775300685861e-02 -2.869116343737745933e-02 2.116077656934818130e-04 9.995883014204945960e-01 -4.466640826872991799e-02
9.979818583718262914e-01 5.028943243310584482e-03 6.330023775899433491e-02 -1.683402774453054279e-03 -5.106618225049521821e-03 9.999863936423237787e-01 1.065359067315898179e-03 8.881281327041828932e-03 -6.329401993821147376e-02 -1.386459127125285384e-03 9.979939602782961217e-01 4.150998410004274608e-01
9.954700557066771260e-01 4.091878458323707293e-03 9.498749755011021145e-02 5.539034333549006789e-02 -4.400993382455206139e-03 9.999856795079147265e-01 3.045003103111362450e-03 1.264273081261265558e-02 -9.497367914153012625e-02 -3.449248703041652483e-03 9.954738082829429624e-01 5.220938855242961418e-01
9.909173704044222930e-01 1.604520752190673801e-03 1.344625985729308859e-01 1.586716294877522637e-01 -2.297387765881253943e-03 9.999848716008240546e-01 4.997857734423178169e-03 1.300273205674960797e-02 -1.344525475260297531e-01 -5.261376696906927032e-03 9.909060654295002157e-01 8.148250953512099493e-01
9.852572373475011469e-01 -2.597272275174186251e-03 1.710597268964544060e-01 1.676029544233247348e-01 1.596807144805241366e-03 9.999808090600642574e-01 5.985959740248443170e-03 -1.830087074900900446e-02 -1.710719942235185698e-01 -5.624560652491250069e-03 9.852424764389592360e-01 8.552368050559798762e-01
9.764989543835145280e-01 -2.691885849479721139e-03 2.155053255369233367e-01 2.787912918071532298e-01 1.265027557323681077e-03 9.999763599257583957e-01 6.758645629979075607e-03 -7.434306320628497611e-03 -2.155184282032703569e-01 -6.327190069552692496e-03 9.764792748842520131e-01 1.159250690871138634e+00
9.649316219312861209e-01 -2.685029208572008424e-03 2.624876278661159579e-01 3.778298657166458963e-01 -5.005210381568909913e-06 9.999474978225423305e-01 1.024702738712805240e-02 1.105501282766555016e-03 -2.625013647980071751e-01 -9.888994404872243280e-03 9.648809471144003114e-01 1.296871049941579646e+00
9.507076121858464290e-01 -6.302953803809992553e-03 3.100246888008877932e-01 5.270997436202602415e-01 1.131347917037676693e-03 9.998572495770795543e-01 1.685824759081285332e-02 2.338042096673768194e-02 -3.100866947558143516e-01 -1.567651837435909620e-02 9.505790286738047268e-01 1.590224680328351292e+00
9.336446630753628684e-01 -1.589886165619934510e-02 3.578475479690477190e-01 6.266270749893017022e-01 7.444545682655342306e-03 9.996599616000133581e-01 2.499079609340591063e-02 -2.770328523825610345e-03 -3.581231974522694483e-01 -2.066851082081130886e-02 9.334455473419642768e-01 1.792655470480833291e+00
9.126177302816752546e-01 -2.161992243125478164e-02 4.082419074539358483e-01 8.134039984445224913e-01 1.025251167186795424e-02 9.994969368070790727e-01 3.001265208902052783e-02 -9.718754084258443560e-03 -4.086854142405790813e-01 -2.320457331888845648e-02 9.123802838314317709e-01 2.006679912190932225e+00
8.880900894331559270e-01 -2.367913560253969568e-02 4.590591340426842804e-01 1.013668843591730706e+00 9.028570344411141618e-03 9.993782150794484620e-01 3.408325261334706202e-02 -7.347588579957028965e-03 -4.595807678886191794e-01 -2.612435096412148508e-02 8.877516765102524410e-01 2.250796593308879601e+00
8.595458397418898056e-01 -2.558415226549132226e-02 5.104178647720897244e-01 1.160078253987118169e+00 6.951611091005811295e-03 9.992390645239975777e-01 3.837925219114365905e-02 2.584741760940364314e-02 -5.110113791635738645e-01 -2.944049982856693573e-02 8.590696311857655143e-01 2.480080658185373377e+00
8.275973826868808780e-01 -3.088329900060162586e-02 5.604719344160913330e-01 1.417661382028309269e+00 8.053552546199712475e-03 9.990358315203292650e-01 4.315724261124305461e-02 2.214074277195741958e-02 -5.612643927597034121e-01 -3.120303058225359569e-02 8.270481588681382057e-01 2.728088032951513142e+00
7.921745365781870385e-01 -3.664021892802676178e-02 6.091937230909214573e-01 1.631484329893408081e+00 1.024644086630813189e-02 9.988539558516481565e-01 4.675238263188332549e-02 2.027023762068980162e-02 -6.102085882609115108e-01 -3.079397925646466111e-02 7.916421005746029360e-01 2.912524096531823314e+00
7.545288104737741808e-01 -4.116323395690246745e-02 6.549746984812947481e-01 1.885387438286861617e+00 1.139727811126336685e-02 9.987023488974376972e-01 4.963587720699250139e-02 3.164913184863617918e-02 -6.561679544006920883e-01 -2.998677020522539857e-02 7.540188432440771971e-01 3.112074910235683056e+00
7.139180812100041074e-01 -4.434506088552096076e-02 6.988236409784691627e-01 2.191343562973849135e+00 1.230767003377809810e-02 9.986331853131891201e-01 5.079648013936897272e-02 3.912575946915980429e-02 -7.001210636629857653e-01 -2.766363439368766525e-02 7.134880708944246752e-01 3.378309352545056043e+00
6.727554563954906142e-01 -4.634764087207696170e-02 7.384117979689637234e-01 2.470236375283219932e+00 1.150571026898999406e-02 9.985706668454724655e-01 5.219427067837859036e-02 5.252936183517559893e-02 -7.397754556010230909e-01 -2.661802767813141457e-02 6.723271262146891525e-01 3.565286732699755934e+00
6.301581332556109860e-01 -4.657685630798612253e-02 7.750685865630360105e-01 2.839153105962689772e+00 7.266191605182607122e-03 9.985092691630124140e-01 5.409659697611433199e-02 8.473087978884401295e-02 -7.764328307615673275e-01 -2.845761318046414676e-02 6.295571723757942273e-01 3.808549209637805966e+00
5.888128861240061740e-01 -4.738956264919758771e-02 8.068789276724953607e-01 3.200664785254946576e+00 4.347997800279948359e-03 9.984509955716180940e-01 5.546804764638264135e-02 1.035143009055337349e-01 -8.082576891273062225e-01 -2.915199286336881204e-02 5.881068609449078277e-01 4.024977024434560846e+00
5.484339779104784318e-01 -4.847138832895254990e-02 8.347878083693114348e-01 3.566311309529713647e+00 2.172623491758148354e-03 9.983977481518093722e-01 5.654393112874658150e-02 1.233704130688255407e-01 -8.361910453557664935e-01 -2.919693288574735576e-02 5.476605574684720867e-01 4.225731754798075279e+00
5.099561730530524084e-01 -5.120199836258453041e-02 8.586751683921404199e-01 3.990770486448813159e+00 1.200271107459807696e-03 9.982682969136104090e-01 5.881298054186162583e-02 1.311839105672204520e-01 -8.601995549541666675e-01 -2.896139887053097994e-02 5.091345354558654002e-01 4.424546969526745421e+00
4.726557960304253458e-01 -5.103195698823922988e-02 8.797682791849545936e-01 4.395270968529898958e+00 -1.718503279644594504e-03 9.982666040426853016e-01 5.882885311183348731e-02 1.601577610079487068e-01 -8.812454591404916826e-01 -2.931768243309929370e-02 4.717487965717189202e-01 4.623762862699742016e+00
4.361892979792557079e-01 -5.028761532030699005e-02 8.984486844983834430e-01 4.845100803581686932e+00 -3.056312208740473088e-03 9.983487095391052613e-01 5.736299399847474834e-02 1.831055806203752967e-01 -8.998497484879475206e-01 -2.776706309362025546e-02 4.353153268459944991e-01 4.808046360630576110e+00
4.029109447407781541e-01 -4.908174024048833628e-02 9.139221736363973836e-01 5.369701867197889555e+00 -1.707808082320009212e-03 9.985189684551175615e-01 5.437787225819615267e-02 2.014913607876894774e-01 -9.152376024948821742e-01 -2.347024283098848516e-02 4.022303974530146431e-01 4.992695970373598691e+00
3.727584428204689382e-01 -4.738459517250617758e-02 9.267177720779046224e-01 5.852937360560819258e+00 1.815075309009758732e-04 9.986990398003343650e-01 5.099210646727938417e-02 2.237691389539253894e-01 -9.279284055119368935e-01 -1.883953116364448649e-02 3.722820982882572016e-01 5.200049892309142052e+00
3.476092596800330337e-01 -4.549309969614117460e-02 9.365351919476587739e-01 6.396851249088522984e+00 1.100686070615112091e-03 9.988413818124306509e-01 4.811114669047153458e-02 2.479659948505855138e-01 -9.376388466546008438e-01 -1.569304801920960377e-02 3.472565855815137326e-01 5.355234118110233865e+00
3.268396680988692737e-01 -4.490035975555194819e-02 9.440125921159462363e-01 6.986087357232807271e+00 2.143372645640190342e-03 9.989034291057863335e-01 4.676906285874901648e-02 2.696276444036236897e-01 -9.450773794830674701e-01 -1.326261336017653218e-02 3.265775021145357337e-01 5.531509480340703000e+00
3.126005617438462059e-01 -4.555555622755504824e-02 9.487916341022084588e-01 7.550461561783949449e+00 3.436130926222283246e-03 9.988970002577156615e-01 4.682921998461450630e-02 3.024910441947625817e-01 -9.498784647747187115e-01 -1.137866731823941775e-02 3.124122969333996691e-01 5.716853057835805885e+00
2.996641416968984228e-01 -4.704408865438928361e-02 9.528841695613016194e-01 8.167855936075326895e+00 4.222344792857723322e-03 9.988391297187464435e-01 4.798504671796106902e-02 3.171014363298815253e-01 -9.540354239483836984e-01 -1.035599143334066906e-02 2.995149055304116570e-01 5.910781304576036455e+00
2.898549373030445686e-01 -4.893040432948794760e-02 9.558189762921455168e-01 8.810813208228115201e+00 3.204713431944752194e-03 9.987362746147726567e-01 5.015559331869353515e-02 3.488858357387054632e-01 -9.570652336092854151e-01 -1.147471955594340197e-02 2.896454468480862965e-01 6.092081401494824355e+00
2.795660797734783043e-01 -5.058040823506915196e-02 9.587932070147011654e-01 9.488425853445555447e+00 1.485083107068129642e-03 9.986329784909490082e-01 5.224910295663970361e-02 3.832152689917514565e-01 -9.601253136477903016e-01 -1.318318841197732572e-02 2.792590216985684770e-01 6.269296046755301610e+00
2.689591425242799372e-01 -5.240723277791421025e-02 9.617247246317263132e-01 1.018009993057948037e+01 7.204926751354137062e-04 9.985292250163838590e-01 5.421132389834888710e-02 4.116079370038720486e-01 -9.631513261005589799e-01 -1.388771469411227873e-02 2.686013218288013094e-01 6.458925789591445366e+00
2.583822874064924391e-01 -5.435806115632443869e-02 9.645121974330429504e-01 1.087791182200826512e+01 -2.820710665872383309e-04 9.984113685395242799e-01 5.634411740751937847e-02 4.395205143093799949e-01 -9.660427167055768427e-01 -1.483038204833256150e-02 2.579564789915574918e-01 6.652983943644736442e+00
2.483020821380849952e-01 -5.594442006805677714e-02 9.670658105965798113e-01 1.162524944433537932e+01 -5.849385406144591397e-04 9.983220557199228296e-01 5.790277081547194615e-02 4.692792763345485230e-01 -9.686824817440395918e-01 -1.494305174181152253e-02 2.478527196806859234e-01 6.843354707570825646e+00
2.378258301611103909e-01 -5.715998228610429110e-02 9.696244608034332302e-01 1.238524885507199969e+01 -1.356378130737686833e-03 9.982464092071093864e-01 5.917995185252461487e-02 5.046625356102403259e-01 -9.713068780803335578e-01 -1.538969771444458588e-02 2.373312490701302291e-01 7.041158960440066394e+00
2.274549062061027582e-01 -5.999289233952642686e-02 9.719388367965594577e-01 1.316677058083128316e+01 -2.547736279932971866e-03 9.980603620529228115e-01 6.220146858836893278e-02 5.373682475263346081e-01 -9.737852902011634448e-01 -1.662427216857539913e-02 2.268608786125355381e-01 7.223085835440893554e+00
2.167348706955910531e-01 -6.356794365486445608e-02 9.741586607091550221e-01 1.394004030836168795e+01 -4.427877702191165658e-03 9.978034440385074033e-01 6.609599774451263565e-02 5.820744438341524107e-01 -9.762204702428939340e-01 -1.863876207798038920e-02 2.159773279824816483e-01 7.381033895076194007e+00
2.035652236194769593e-01 -6.753879454647182534e-02 9.767290794928845665e-01 1.470763879150363529e+01 -4.181953305615310375e-03 9.975487390586522674e-01 6.985001372218983817e-02 6.209430527837631608e-01 -9.790524643121573112e-01 -1.830366819718442020e-02 2.027837866887212681e-01 7.520230411012189364e+00
1.908432651849222006e-01 -7.000881596562757991e-02 9.791208288474737564e-01 1.546585090111267746e+01 -5.487821062753112100e-03 9.973618324087045739e-01 7.238272598352379905e-02 6.611999513814036389e-01 -9.816051899311726281e-01 -1.918699481123028669e-02 1.899555914457777550e-01 7.670157544479624612e+00
1.776810134936004093e-01 -7.062848427559970110e-02 9.815503340191562565e-01 1.630294755401768825e+01 -6.046182942514801220e-03 9.973239987177752175e-01 7.285797966024312733e-02 6.982972653771176708e-01 -9.840695697604174841e-01 -1.888011168099594864e-02 1.767785047662812636e-01 7.853293368000814567e+00
1.637910467326860464e-01 -6.990612831522191595e-02 9.840150454595200102e-01 1.707830659430485909e+01 -7.467558154340840464e-03 9.973696084525618399e-01 7.209784782480452292e-02 7.387585973751424895e-01 -9.864667990669989672e-01 -1.915717066557952319e-02 1.628381826953103906e-01 7.987648812100260010e+00
1.465801135326176285e-01 -6.873962623585164189e-02 9.868075381949128477e-01 1.791209454404894785e+01 -8.784982821602544886e-03 9.974528333240328948e-01 7.078608144079530373e-02 7.736434649472707648e-01 -9.891598008101747386e-01 -1.904491824733025793e-02 1.456028717384559024e-01 8.079526466018617015e+00
1.261068382989861958e-01 -6.743353252659042840e-02 9.897220656489924551e-01 1.869952987394108845e+01 -1.138211050317930115e-02 9.975229137216513609e-01 6.941530179187781202e-02 8.151657516938468628e-01 -9.919513748710045986e-01 -2.001886928424784218e-02 1.250269234793775219e-01 8.169492349350939264e+00
1.015766798076337268e-01 -6.614469464769054396e-02 9.926263348113489871e-01 1.951491099074494073e+01 -1.557985719276177954e-02 9.975590491784391833e-01 6.806769736397295933e-02 8.574901891325785730e-01 -9.947057170064725895e-01 -2.237906638701391351e-02 1.002982098450544007e-01 8.241138345712077040e+00
7.139278862508101342e-02 -6.571609311737919290e-02 9.952810898298946052e-01 2.034827706252448110e+01 -1.980588679318471407e-02 9.975371440450659932e-01 6.728575689468623000e-02 9.036949140075700715e-01 -9.972516301843006303e-01 -2.451614157091698207e-02 6.991539158031255530e-02 8.312900515732415840e+00
3.817274556716581529e-02 -6.545889032144605602e-02 9.971248457416249655e-01 2.119752623222781196e+01 -2.298964467019651292e-02 9.975304905588652238e-01 6.636562840436018018e-02 9.419323009119259238e-01 -9.990066741896114211e-01 -2.545690330549262373e-02 3.657359959068302857e-02 8.326010702948325459e+00
3.241098622776599804e-03 -6.481987525565900687e-02 9.978917084503639012e-01 2.203016122679444067e+01 -2.439218515201212190e-02 9.975949228184636253e-01 6.487982171420174360e-02 9.750457142363030405e-01 -9.996972211134853570e-01 -2.455104036536956760e-02 1.652203738479253317e-03 8.354422695084075201e+00
-3.076825591030583201e-02 -6.370159673946211576e-02 9.974945632465874734e-01 2.292608377000251707e+01 -2.570244067727024684e-02 9.976874852604888932e-01 6.292111170969834355e-02 1.010214542628214751e+00 -9.991960349338926406e-01 -2.370207111074748574e-02 -3.233439176910254953e-02 8.311116823635272155e+00
-6.316282755924952641e-02 -6.175489683908935018e-02 9.960907451822371694e-01 2.370598194508918866e+01 -2.819925048085585029e-02 9.977956212651208912e-01 6.007246013639289117e-02 1.033645100094542801e+00 -9.976047697591932106e-01 -2.429466512951084997e-02 -6.476503596071737923e-02 8.237488456007159954e+00
-9.515870665158464303e-02 -5.861730737233711991e-02 9.937347807978814673e-01 2.455716565054589395e+01 -2.984902172778040874e-02 9.979839452476483297e-01 5.600965050108154542e-02 1.079295059174188998e+00 -9.950145091800258745e-01 -2.433220430866949932e-02 -9.671653215813273696e-02 8.194171715979926773e+00
-1.279220833333781504e-01 -5.429255568575124674e-02 9.902970472584700090e-01 2.540840864887178441e+01 -2.723712573037724224e-02 9.983162234917394295e-01 5.121383518795848133e-02 1.105108134280451182e+00 -9.914101555039571689e-01 -2.042146380751480930e-02 -1.291854656839211690e-01 8.011656772491747347e+00
-1.596773766159463870e-01 -4.900778229838610028e-02 9.859520047114286312e-01 2.621707750866453779e+01 -2.308721634181818555e-02 9.986791501612728439e-01 4.590136698663521003e-02 1.121944952762160552e+00 -9.868992514423615692e-01 -1.543347644425875978e-02 -1.605979214299274316e-01 7.882894222886881685e+00
-1.914954767968668481e-01 -4.297433720101691279e-02 9.805522279692376886e-01 2.704811662377056081e+01 -1.633401759949659054e-02 9.990421738270200969e-01 4.059476310800269605e-02 1.144846821087495137e+00 -9.813575794062899815e-01 -8.242642844331829824e-03 -1.920140023697610443e-01 7.709732493959287503e+00
-2.201179065469970053e-01 -3.720258764390976802e-02 9.747635907838791969e-01 2.786591168956620379e+01 -1.068367409575600967e-02 9.993044906347207101e-01 3.572665819805964649e-02 1.153605571071870228e+00 -9.754147745985503049e-01 -2.549978280367568625e-03 -2.203622741687173425e-01 7.530730047267235605e+00
-2.481117601348359625e-01 -3.053930010299380979e-02 9.682499104293329495e-01 2.868047182868095391e+01 -1.805761148074655530e-03 9.995158058580533300e-01 3.106272773741489135e-02 1.179144406551717816e+00 -9.687297402382808453e-01 5.958601087409602995e-03 -2.480467739130476912e-01 7.295127607735783393e+00
-2.735347825707658553e-01 -2.039236000233640017e-02 9.616459109185390153e-01 2.949407884394801371e+01 4.206253743320210146e-03 9.997403156024973203e-01 2.239662411254549762e-02 1.174900794666542403e+00 -9.618529231645480682e-01 1.017118355118262242e-02 -2.733779757642542108e-01 7.056326053049692959e+00
-2.985685809263532442e-01 -5.359367521163436489e-03 9.543731259262405731e-01 3.027983794085875147e+01 8.214155562842313449e-03 9.999327648466448393e-01 8.184950680339832946e-03 1.165440964288091186e+00 -9.543528411947396206e-01 1.028313954882223089e-02 -2.985044852839158769e-01 6.777561928768531807e+00
-3.242242753214615303e-01 1.143518915068099037e-02 9.459111162375272164e-01 3.107668154874946609e+01 8.766986704763387456e-03 9.999203154219680201e-01 -9.083101672559506026e-03 1.136752711129951132e+00 -9.459396250780139903e-01 5.347829178149292317e-03 -3.242986931280195662e-01 6.486239988224097530e+00
-3.488062875613682223e-01 2.595365890013743085e-02 9.368353994688786157e-01 3.187537432564570139e+01 7.759436094196922595e-03 9.996621905803163566e-01 -2.480515795336247359e-02 1.103181082691686798e+00 -9.371627284795833734e-01 -1.382879667076511920e-03 -3.488898445877162691e-01 6.190476871507367029e+00
-3.731532820485516933e-01 3.683187802736360289e-02 9.270383085387460254e-01 3.264396077749432123e+01 1.167439172482937111e-02 9.993189670234952082e-01 -3.500443828993760748e-02 1.069283559305753917e+00 -9.276962601414616705e-01 -2.239411720036441240e-03 -3.733291434359801708e-01 5.898112815448004476e+00
-3.971079860122727068e-01 4.168295854692324193e-02 9.168248269734494693e-01 3.340499737592406859e+01 1.558519745533296780e-02 9.991303159188325012e-01 -3.867445408675643931e-02 1.018940509161411878e+00 -9.176395605691676227e-01 -1.069037655308466891e-03 -3.974122659498284249e-01 5.575926844111517511e+00
-4.190877754492510210e-01 4.087651687984256155e-02 9.070251000211664305e-01 3.415367948864923164e+01 1.758954962489459040e-02 9.991640862263262424e-01 -3.690171410419160192e-02 9.712305632249108589e-01 -9.077753345033766630e-01 4.891066986150312788e-04 -4.194564550057146013e-01 5.171397652672981238e+00
-4.399781768537120996e-01 3.768850234517069631e-02 8.972172346776757790e-01 3.490207437881772989e+01 2.175725184298469422e-02 9.992730103071889580e-01 -3.130611480337301689e-02 9.442403166905612988e-01 -8.977448631247905153e-01 5.746975025649839544e-03 -4.404783167554108259e-01 4.820413308710068456e+00
-4.581851620825951321e-01 3.634132998269608283e-02 8.881135348406921093e-01 3.560409964624947321e+01 2.911194418450328836e-02 9.992413427504408530e-01 -2.586954957823885473e-02 9.161927168384077502e-01 -8.883799102993910068e-01 1.400166896781962315e-02 -4.588955246093406881e-01 4.421832124883322557e+00
-4.718045264181505161e-01 3.700677515445147808e-02 8.809262020383825664e-01 3.633153164225331011e+01 3.245808685950680311e-02 9.991705517826939831e-01 -2.459026219310346192e-02 8.653468224112722540e-01 -8.811055409436323593e-01 1.699138327432234835e-02 -4.726143593587284197e-01 4.005439341731828584e+00
-4.833662835576402195e-01 4.025893380690549056e-02 8.744919898712084638e-01 3.702517297847272459e+01 3.528114389208117374e-02 9.990262643928665698e-01 -2.649082636681182948e-02 8.052444866362756803e-01 -8.747069734668376784e-01 1.804830654080852304e-02 -4.843159950655150925e-01 3.635059617586481551e+00
-4.932037903410870228e-01 4.292599994434286720e-02 8.688540533745569006e-01 3.774870314642540592e+01 3.674515969557829581e-02 9.989183710861212484e-01 -2.849352708424930658e-02 7.648720993952646818e-01 -8.691374039129600160e-01 1.787306648064418760e-02 -4.942476508092689680e-01 3.229721781651274881e+00
-5.038199490797433677e-01 4.211572109694874250e-02 8.627813810366294911e-01 3.841993032784506568e+01 3.084451492045402893e-02 9.990508931350534638e-01 -3.075595507409871129e-02 7.083397610215634854e-01 -8.632578334857606839e-01 1.111661049066634162e-02 -5.046408103114727872e-01 2.869733922561978012e+00
-5.149811408888426145e-01 4.106012580796524619e-02 8.562175408753207595e-01 3.912700776071268649e+01 2.920197610328015281e-02 9.991127020219415789e-01 -3.034885829298473656e-02 6.961054780283558729e-01 -8.567039635620378180e-01 9.374155508814086685e-03 -5.157232371833362361e-01 2.427615368276181851e+00
-5.234160318022429426e-01 4.218941965724674198e-02 8.510321365108773906e-01 3.976971296308676074e+01 3.132307581176705519e-02 9.990510719165691667e-01 -3.026252750054909263e-02 6.544453126102720564e-01 -8.515013414402122782e-01 1.081705309143977251e-02 -5.242408512204758120e-01 2.016273551757721272e+00
-5.307738485861609457e-01 4.526061235646991476e-02 8.463040739672892387e-01 4.046599907412788610e+01 3.509542297040684627e-02 9.988902369187474539e-01 -3.141028201176719603e-02 6.036178016561354331e-01 -8.467865402197281011e-01 1.302964420139346262e-02 -5.317732568925284120e-01 1.569537296867264287e+00
-5.354748090849630326e-01 4.866251719046930241e-02 8.431480743815358281e-01 4.116831926098551975e+01 3.602974248158410941e-02 9.987459871012326351e-01 -3.476076587612225016e-02 5.717298021587357004e-01 -8.437823168055619272e-01 1.176489453883778138e-02 -5.365566159196505369e-01 1.168386702842340252e+00
-5.342733525557379348e-01 5.010302627283154397e-02 8.438256090954812105e-01 4.191281933918171632e+01 3.507696098278222097e-02 9.986961403929948133e-01 -3.708943125533265689e-02 5.219822629241798184e-01 -8.445836863470534972e-01 9.782944182914251469e-03 -5.353341982003744226e-01 6.761147663832665078e-01
-5.313706085720462102e-01 5.073031302017733807e-02 8.456191215282391482e-01 4.261150872502111042e+01 3.747617977210465634e-02 9.986357845335430694e-01 -3.636077191831774136e-02 4.860385325931999567e-01 -8.463101228471032744e-01 1.236952973693730695e-02 -5.325468840931596448e-01 2.219954924080449477e-01
-5.259608650836160582e-01 4.984071600398340407e-02 8.490471473004468361e-01 4.339794831128327246e+01 3.595047560006146142e-02 9.986920886449714985e-01 -3.635485276813620742e-02 4.388992370400815468e-01 -8.497486355085867027e-01 1.140241995695851981e-02 -5.270647535382909643e-01 -1.957649933650291718e-01
-5.188945439167950147e-01 4.858409945032451938e-02 8.534565157984674855e-01 4.412757032207226615e+01 3.387271796191435730e-02 9.987681012094437039e-01 -3.626181083294351126e-02 3.990472639973973168e-01 -8.541669059689255272e-01 1.009283706737923100e-02 -5.199009950577105910e-01 -6.520204584664436309e-01
-5.116419105358059882e-01 4.783003627942514213e-02 8.578664404625139239e-01 4.488590653022762922e+01 3.216336489684774175e-02 9.988157139807416485e-01 -3.650599137657330878e-02 3.564227115637995658e-01 -8.585965789946833349e-01 8.913877185205682993e-03 -5.125743562941631470e-01 -1.118145356551510483e+00
-5.052379896294876271e-01 4.630400269926333162e-02 8.617369086428663394e-01 4.569873698344895985e+01 2.905089433394299897e-02 9.989061076214141854e-01 -3.664196558671949794e-02 2.985295949538285254e-01 -8.624909458170783028e-01 6.521315831305486005e-03 -5.060304875481163034e-01 -1.568349655015997213e+00
-5.001733325449787548e-01 4.429441291743864417e-02 8.647916678920508637e-01 4.652067650711975944e+01 2.510675452288232273e-02 9.990127972241076293e-01 -3.664808061232171371e-02 2.592564649560529788e-01 -8.655612633602516315e-01 3.381720466584294590e-03 -5.007916502136887660e-01 -2.061500175640282873e+00
-4.986632951497347865e-01 4.106110471281931851e-02 8.658226667051795999e-01 4.732302830333363630e+01 1.995421124903596494e-02 9.991564441509867001e-01 -3.589191449375349341e-02 2.224673657676582428e-01 -8.665660735919648028e-01 -6.211710301786852947e-04 -4.990619879880823784e-01 -2.522081319165864866e+00
-4.998134655263629655e-01 3.893840454998374195e-02 8.652573529163244404e-01 4.821913278244004886e+01 1.760789853254697904e-02 9.992392857568084263e-01 -3.479671931058345158e-02 1.718714541079411351e-01 -8.659540830477477913e-01 -2.156504281076550116e-03 -5.001188749995312266e-01 -2.995748604527868064e+00
-5.008266542851961267e-01 3.765733746911286567e-02 8.647280345595873552e-01 4.907006354410248861e+01 1.608261315378085865e-02 9.992855152631737736e-01 -3.420246346959969486e-02 1.232860498163996787e-01 -8.653981882663323022e-01 -3.222417982242672604e-03 -5.010744508938916875e-01 -3.458878885636555101e+00
-5.011650140127069664e-01 3.720159723207108055e-02 8.645517083200019437e-01 4.996327932515554693e+01 1.613874914362642410e-02 9.993035477604020889e-01 -3.364461588031815442e-02 7.238820749275041988e-02 -8.652012377721719494e-01 -2.908720341285357669e-03 -5.014163649795335687e-01 -3.957777383658410919e+00
-5.010863903319582313e-01 3.634522225252753008e-02 8.646337031986208732e-01 5.077990661126260363e+01 1.584871770610751796e-02 9.993355279978436423e-01 -3.282256232145904645e-02 3.141953480372261520e-02 -8.652521366109247047e-01 -2.743602886207952441e-03 -5.013294588401643326e-01 -4.455712831373481286e+00
-5.006605748188243110e-01 3.579636630237553047e-02 8.649032289436933141e-01 5.168784510784714570e+01 1.623873760796551782e-02 9.993571891176412647e-01 -3.196110023924027266e-02 -1.235620673902589062e-02 -8.654913659701020112e-01 -1.956725311007031631e-03 -5.009200337708125117e-01 -5.002693801209562530e+00
-5.014686837634320105e-01 3.521185691433223464e-02 8.644589468594821025e-01 5.257116164685352544e+01 1.565298088075133334e-02 9.993771571902261286e-01 -3.162723266007436140e-02 -7.450259428292195507e-02 -8.650341933854661658e-01 -2.328706453573509746e-03 -5.017075193399185284e-01 -5.491355307478539949e+00
-5.021115151272235178e-01 3.372239218364257718e-02 8.641451342910196898e-01 5.346569146130004668e+01 1.416838266511318695e-02 9.994260963962596778e-01 -3.076905502894664718e-02 -1.216188743751007439e-01 -8.646868193927540469e-01 -3.205956993889168705e-03 -5.023011444928461300e-01 -5.968965969096927893e+00
-5.024179117029654584e-01 3.310344503552142131e-02 8.639909666239820041e-01 5.441028843179511654e+01 1.373636387430679333e-02 9.994462897633830112e-01 -3.030554667377834827e-02 -1.708863651876986189e-01 -8.645157989445914071e-01 -3.357954267385675033e-03 -5.025944399451963696e-01 -6.504252840892033483e+00
-5.013098473973808256e-01 3.212949287316877595e-02 8.646711045544341889e-01 5.529005434947631414e+01 1.239886256273050637e-02 9.994744935287412924e-01 -2.995004120977645679e-02 -2.187148492249822995e-01 -8.651790089043972509e-01 -4.293311504690881276e-03 -5.014447762121196916e-01 -7.010789208233434877e+00
-4.997763535672225532e-01 3.086479848861966441e-02 8.656043825347821130e-01 5.619156750990852345e+01 1.194144407213238064e-02 9.995154463025422986e-01 -2.874499074870882215e-02 -2.760219818668261382e-01 -8.660721740687731263e-01 -4.029499436707770395e-03 -4.999027565706396503e-01 -7.523301086129716708e+00
-4.974634176015297338e-01 2.863157558275493050e-02 8.670123225311440196e-01 5.709746301374192257e+01 1.246065290516730310e-02 9.995879078346855406e-01 -2.586013567069248009e-02 -3.304196389552281898e-01 -8.673954649905986081e-01 -2.060930933792731821e-03 -4.976151861703820845e-01 -8.041528576163814890e+00
-4.950689192556020912e-01 2.751803761953154626e-02 8.684178194538123563e-01 5.794877621309259297e+01 1.293697601621963261e-02 9.996209904493469356e-01 -2.430041319184992818e-02 -3.769227376447842892e-01 -8.687573955311442830e-01 -7.956778595725140296e-04 -4.952372848218941082e-01 -8.535710184533909839e+00
-4.922152102858853850e-01 2.663292430510585951e-02 8.700660092261688350e-01 5.886154465147168935e+01 1.238933682804808922e-02 9.996449345161053657e-01 -2.359044736792057992e-02 -4.367221613358549526e-01 -8.703853764853378694e-01 -8.320352250565773902e-04 -4.923704071484426570e-01 -9.070226295814382667e+00
-4.902216124064157077e-01 2.721803705113969366e-02 8.711727357198906230e-01 5.976265957198165779e+01 1.346623397650896503e-02 9.996295113957295309e-01 -2.365376217802152986e-02 -4.739732288539597049e-01 -8.714938002129928307e-01 1.358314040176928034e-04 -4.904065165668736181e-01 -9.555557304574728406e+00
-4.892214389194630142e-01 2.740449761511052490e-02 8.717289506888191708e-01 6.065755928617651449e+01 1.311391271161136372e-02 9.996243678888748763e-01 -2.406550212638245215e-02 -5.286614571901439019e-01 -8.720610193964593027e-01 -3.415812699252695085e-04 -4.893970530540759367e-01 -1.005225754836050811e+01
-4.900571384996860735e-01 2.870442165620632965e-02 8.712175637893401214e-01 6.153371213653603178e+01 1.272223250832494809e-02 9.995867435077784302e-01 -2.577764496915630962e-02 -5.655302701673132759e-01 -8.715974749544416200e-01 -1.548685590189138612e-03 -4.902198047582289608e-01 -1.052953558908146192e+01
-4.932941507575596685e-01 3.062089148542828168e-02 8.693234312729993807e-01 6.240490414047780376e+01 1.141764403182193854e-02 9.995220530279190774e-01 -2.872808544880335949e-02 -6.159790069005148805e-01 -8.697876354136222510e-01 -4.245770126248623808e-03 -4.934080019744636614e-01 -1.101857160990379647e+01
-4.968960952521309649e-01 3.102995414980249181e-02 8.672550944534397344e-01 6.329099080398908228e+01 1.013622617629911064e-02 9.994998815141283854e-01 -2.995402730620304668e-02 -6.691948826420272001e-01 -8.677508512610223601e-01 -6.093344533068649656e-03 -4.969621161835788281e-01 -1.151701759169938555e+01
-5.029179185455547874e-01 2.977518630416189221e-02 8.638211573996228410e-01 6.418843919390836561e+01 1.025479095593178139e-02 9.995416738823394986e-01 -2.848300221100773938e-02 -7.059192187928849949e-01 -8.642733472582664334e-01 -5.466305906847289398e-03 -5.029927576554656943e-01 -1.201727812384189420e+01
-5.084172205914206932e-01 2.786225408878043389e-02 8.606599858119307056e-01 6.501264757980629838e+01 1.329025561120886385e-02 9.996112488923244443e-01 -2.450959342266754298e-02 -7.691839167131424571e-01 -8.610083107147292747e-01 -1.022707233643120562e-03 -5.085898705238327544e-01 -1.250913398958736700e+01
-5.132351505215330123e-01 2.536560719419268112e-02 8.578730983624281992e-01 6.589206226800594379e+01 1.037453725196168554e-02 9.996734815600109014e-01 -2.335164284878891300e-02 -8.122400527321711472e-01 -8.581853304320086195e-01 -3.084846608957260081e-03 -5.133307274246482477e-01 -1.305779798247935730e+01
-5.182909754407657443e-01 2.741864181844802517e-02 8.547646866828061407e-01 6.669265416954766579e+01 1.138743675577571189e-02 9.996185688505635492e-01 -2.516034722227825440e-02 -8.678894586983495474e-01 -8.551285301566805552e-01 -3.306801192324436596e-03 -5.184055123707919099e-01 -1.353831508494367242e+01
-5.236318739574905567e-01 2.975875289920352010e-02 8.514247259974796478e-01 6.751662173878409590e+01 1.196738225788677654e-02 9.995480737262878446e-01 -2.757589616561571463e-02 -8.970225497058511577e-01 -8.518605838184631907e-01 -4.250292136945632050e-03 -5.237513665257683693e-01 -1.406975336542866373e+01
-5.287750896122450639e-01 3.045325509464668137e-02 8.482154742688523541e-01 6.837651138200683931e+01 1.133233217331639474e-02 9.995203499597123953e-01 -2.882096878975229717e-02 -9.421724049326816175e-01 -8.486863346856701185e-01 -5.627549972613983195e-03 -5.288665702156138959e-01 -1.456427928189635601e+01
-5.322439984805127366e-01 3.060536696424174044e-02 8.460376023472788720e-01 6.920145459533583221e+01 9.824184819240451214e-03 9.995023227102721730e-01 -2.997652864583469703e-02 -1.002017508571891868e+00 -8.465340059554361529e-01 -7.643196844866981601e-03 -5.322797867021747953e-01 -1.508253982261738635e+01
-5.359385281974605730e-01 2.939757564046885027e-02 8.437450228566202304e-01 7.004868729437498587e+01 9.321265278623147577e-03 9.995387032109470660e-01 -2.890492654326157901e-02 -1.063384757185160678e+00 -8.442055553605612994e-01 -7.626491751777017374e-03 -5.359653252637937015e-01 -1.559299722873373639e+01
-5.374859383160880411e-01 2.312472941656006434e-02 8.429555742010720332e-01 7.089694231982062433e+01 1.097093562119069374e-02 9.997310857395600436e-01 -2.043024127182478319e-02 -1.115244592050682382e+00 -8.432013498248542849e-01 -1.732955154184280359e-03 -5.375951017860713943e-01 -1.615794533889729578e+01
-5.394046565861566611e-01 1.581737320780331191e-02 8.418981020637407164e-01 7.174117946198919071e+01 1.249430286198900154e-02 9.998638318034217543e-01 -1.078008471829765280e-02 -1.131800231951371138e+00 -8.419539895221653802e-01 4.704102943773217499e-03 -5.395288350621224582e-01 -1.669923072178824341e+01
-5.417920585272487655e-01 1.369508812333730847e-02 8.404009739519644473e-01 7.252556954404832368e+01 1.365790794170795852e-02 9.998786815896809621e-01 -7.488900473286011668e-03 -1.148220672302208367e+00 -8.404015935506962132e-01 7.420693331202169764e-03 -5.419133766105646011e-01 -1.719497581880573023e+01
-5.426422504815813230e-01 1.735929695688341948e-02 8.397845140048063595e-01 7.333474752916943373e+01 1.207554587883875874e-02 9.998443233758438353e-01 -1.286507616141380553e-02 -1.206166315813828493e+00 -8.398771224082459685e-01 3.159723502595416372e-03 -5.427673979357833245e-01 -1.768142745957640116e+01
-5.447365479644089570e-01 2.211190196407438607e-02 8.383156591093993137e-01 7.410662181031239015e+01 1.227006922390368703e-02 9.997554669977027908e-01 -1.839705379705522045e-02 -1.256459221913228896e+00 -8.385174716322996158e-01 2.646445158794421605e-04 -5.448746576479909232e-01 -1.820941308230587552e+01
-5.448537712195752336e-01 2.775426015921518552e-02 8.380716295431097640e-01 7.492598437994658411e+01 1.908959593263823834e-02 9.996036148935004695e-01 -2.069300332206941775e-02 -1.277157432570086959e+00 -8.383137639465668700e-01 4.723788834792378918e-03 -5.451676180910339786e-01 -1.877053344009227231e+01
-5.443109578227641743e-01 2.878045060444639827e-02 8.383896791246939761e-01 7.572753924210668686e+01 2.256499457953297511e-02 9.995519951034176342e-01 -1.966291094323601232e-02 -1.315220131277370141e+00 -8.385799984057941137e-01 8.215521669548522463e-03 -5.447165357406930086e-01 -1.924840052295414949e+01
-5.442775629091364253e-01 2.560361048368493125e-02 8.385143867845747945e-01 7.651017944535675497e+01 2.212931173297968263e-02 9.996245205235075870e-01 -1.615894470296851126e-02 -1.356705101177874129e+00 -8.386132836950680458e-01 9.760796225752028585e-03 -5.446397893129478751e-01 -1.978376972509356335e+01
-5.432165838025634352e-01 2.079228493100315073e-02 8.393351006270346470e-01 7.736559084995968760e+01 2.014912714244172440e-02 9.997282303388670410e-01 -1.172510579096409759e-02 -1.382152624574891853e+00 -8.393508010927223095e-01 1.054259876641582862e-02 -5.434879015893439025e-01 -2.031908866604210573e+01
-5.422747915475970570e-01 1.497680771649889837e-02 8.400676953877578290e-01 7.813223933606013816e+01 1.859685495157662599e-02 9.998101231214778783e-01 -5.820194059463020334e-03 -1.410168902647307876e+00 -8.399953684374585894e-01 1.246647360378923437e-02 -5.424503488051920508e-01 -2.078706274305231005e+01
-5.423654151797386858e-01 8.522122856684957379e-03 8.400994685066959233e-01 7.896253907641165881e+01 9.531089033322989734e-03 9.999466160889484145e-01 -3.990400711948885112e-03 -1.450293606881413400e+00 -8.400886419470101618e-01 5.842808479587725985e-03 -5.424176878851295625e-01 -2.132753952822836396e+01
-5.405916082420386681e-01 3.391532698285438640e-03 8.412783116862525556e-01 7.974732469915623767e+01 1.722415130999857156e-03 9.999942400309187462e-01 -2.924583469214574009e-03 -1.455627440599231548e+00 -8.412833993360997464e-01 -1.319738507491815974e-04 -5.405943372600247043e-01 -2.179216421775359791e+01
-5.390794057026352393e-01 3.883001879022322019e-03 8.422459876582014671e-01 8.053264938592089095e+01 4.986689584954365206e-03 9.999865602963736722e-01 -1.418500918083378691e-03 -1.481172248389055257e+00 -8.422401907494544426e-01 3.435335632764342523e-03 -5.390915251434865718e-01 -2.228778323588200294e+01
-5.355547196177119496e-01 6.936842239226364767e-03 8.444720300502859267e-01 8.134477503071148874e+01 9.464919176785048863e-03 9.999527612116303477e-01 -2.211477745348786050e-03 -1.515520068880454430e+00 -8.444474935138753802e-01 6.808493168207476257e-03 -5.355950784996056369e-01 -2.283942887347117789e+01
-5.300403816137347901e-01 9.936509989918743818e-03 8.479141740502548208e-01 8.214250149572596627e+01 1.032964868118212837e-02 9.999328088848417062e-01 -5.260803771646552739e-03 -1.545232409490124192e+00 -8.479094904665359644e-01 5.970218084405469819e-03 -5.301074094586259999e-01 -2.330823487440464703e+01
-5.224776686401433334e-01 1.161560474380885812e-02 8.525738386177486028e-01 8.291473439543840129e+01 1.504999805888085178e-02 9.998770634666875878e-01 -4.399487050772821380e-03 -1.563703621828160806e+00 -8.525201436178440062e-01 1.053260191636119780e-02 -5.225882530744708765e-01 -2.377532547447692579e+01
-5.144733004576881319e-01 1.431682799034913849e-02 8.573868661310415362e-01 8.367673891498763794e+01 2.300316960988477155e-02 9.997312128321508284e-01 -2.890716042268846181e-03 -1.585911944806228213e+00 -8.571978122847800918e-01 1.823542038993642214e-02 -5.146643502649735913e-01 -2.426648775026038152e+01
-5.047841192564315183e-01 1.435900217986057700e-02 8.631261776245793271e-01 8.448910041752458255e+01 2.190547448636002981e-02 9.997527448869103495e-01 -3.820895515577076192e-03 -1.606115141184411454e+00 -8.629676444667035984e-01 1.697846218759098760e-02 -5.049738507719979674e-01 -2.474099781079866744e+01
-4.935745053049248598e-01 1.116715958229168998e-02 8.696318120731769685e-01 8.531321038514604993e+01 1.754322204530908702e-02 9.998419514602334690e-01 -2.882261432000236476e-03 -1.638569267042529587e+00 -8.695265697753256084e-01 1.383353429736095853e-02 -4.936924057581653091e-01 -2.518544958300026693e+01
-4.822237991360727172e-01 8.425128658063415002e-03 8.760075404234612950e-01 8.612871552622449656e+01 1.935482588388362860e-02 9.998121383600663270e-01 1.038590347880891020e-03 -1.656582056732684105e+00 -8.758342371321772291e-01 1.745580752197267715e-02 -4.822962759123544663e-01 -2.564267717228576160e+01
-4.707195331780594794e-01 6.953491307878940236e-03 8.822554935997557468e-01 8.697752921262232917e+01 1.889021251211121105e-02 9.998191465633434749e-01 2.198636872186880351e-03 -1.673428553919130701e+00 -8.820806617469206801e-01 1.770093621484031612e-02 -4.707657561017427605e-01 -2.608138346359084636e+01
-4.581491086930947754e-01 6.253226722870131558e-03 8.888533496091464148e-01 8.784630082851431609e+01 1.850930022905853192e-02 9.998255464721710339e-01 2.506470561057523149e-03 -1.696418317727968361e+00 -8.886826278797158585e-01 1.760039189404648610e-02 -4.581849270653037265e-01 -2.651006633929007705e+01
-4.465299458391611687e-01 7.936338605465411561e-03 8.947334841060204935e-01 8.863471079419566934e+01 2.223645933817740977e-02 9.997502531947990434e-01 2.229590875254287060e-03 -1.705557553131129334e+00 -8.944923479938129418e-01 2.089128499682454954e-02 -4.465949037407172528e-01 -2.690186203999097359e+01
