7.776133574673165239e-01 -6.283791317628255602e-01 2.138067008784932249e-02 -6.595605830413659021e+01 6.274117287666786114e-01 7.777299069766400175e-01 3.860977078558750636e-02 2.571361856913946298e+01 -4.088996080233043423e-02 -1.660899030961668355e-02 9.990256015470672102e-01 -8.911329885366318093e-01 -4.809208017785018303e-24 -1.416202385148814181e-23 -3.430527606006730092e-24 9.999999999999997780e-01
7.496054318786159465e-01 -6.613023384983086617e-01 2.776533080555745880e-02 -6.556338879891350757e+01 6.605499550324038793e-01 7.500979652817018062e-01 3.204371056761867731e-02 2.609218140380957607e+01 -4.201729887515117529e-02 -5.679751483962319249e-03 9.991007391741423271e-01 -9.014963697133716591e-01 -4.809208017785018303e-24 -1.416202385148814181e-23 -3.430527606006730092e-24 9.999999999999997780e-01
7.210428894743343697e-01 -6.927972272090474615e-01 1.136457258141681213e-02 -6.520540817164575742e+01 6.924512153350210752e-01 7.210728006810834811e-01 2.377667973021878670e-02 2.648830813918234028e+01 -2.466710196915884029e-02 -9.274593759017421210e-03 9.996526976860761193e-01 -9.128202487791087227e-01 1.912751075819268167e-18 2.145463644838329228e-18 2.793848403590108890e-20 9.999999999999998890e-01
6.909814925710411337e-01 -7.227325911764945765e-01 -1.421895128364212765e-02 -6.486990058034147921e+01 7.228683707744145703e-01 6.909099778952256798e-01 1.023332686693870404e-02 2.690207265443781637e+01 2.428056474175746462e-03 -1.734946962101129725e-02 9.998465384475898610e-01 -9.143830076661777495e-01 4.113969118337979214e-18 7.484464759274699671e-18 1.522121326717406738e-19 1.000000000000000000e+00
6.562686247350355551e-01 -7.539880980359722207e-01 -2.852087320688707558e-02 -6.453265186073697635e+01 7.540404866346018808e-01 6.567341296345954316e-01 -1.110078776250456901e-02 2.732122981575176368e+01 2.710049269369542088e-02 -1.422079439378975269e-02 9.995315564315954138e-01 -9.318376514831543389e-01 7.700049445588236206e-18 1.350250261649541313e-17 2.014258826176172520e-19 1.000000000000000000e+00
6.189638434769182407e-01 -7.849273300373531548e-01 -2.780012641545254876e-02 -6.419501886127635260e+01 7.842150192080704629e-01 6.195868652956045830e-01 -3.345026160823278555e-02 2.776838905520769529e+01 4.348061771377288720e-02 -1.096774180539770212e-03 9.990536687133597660e-01 -9.428990466488065270e-01 1.237487359244666047e-17 2.088352452515330704e-17 1.228921156430336752e-19 1.000000000000000000e+00
5.860041651204259683e-01 -8.100010841632389047e-01 -2.230161688965273323e-02 -6.386805910782218376e+01 8.090164360030653867e-01 5.864018062042092305e-01 -4.031535634653322236e-02 2.825408933404082035e+01 4.573319077448576714e-02 5.582592124211251464e-03 9.989380911381631201e-01 -9.743821566352601771e-01 2.108539842342866953e-17 2.793205369739517269e-17 -2.819499668501587853e-19 9.999999999999998890e-01
5.572250912198770667e-01 -8.302087700074540777e-01 -1.592469521572863547e-02 -6.356195369302441378e+01 8.298550283186062471e-01 5.574525223797933693e-01 -2.423462949462760682e-02 2.876136898021051280e+01 2.899706346045828609e-02 2.889552316114793180e-04 9.995794549787133665e-01 -9.400786115023224143e-01 2.957020071573375200e-17 3.575338038226605424e-17 -7.540769530455490400e-19 9.999999999999996669e-01
5.286194601506839508e-01 -8.488217452861430701e-01 -7.944248195435890669e-03 -6.328429448400662949e+01 8.487814673574749502e-01 5.286745010321913796e-01 -8.561111427121542716e-03 2.927941681700183807e+01 1.146677899395619378e-02 -2.217360539477713621e-03 9.999317958199640533e-01 -8.809803669560423156e-01 3.724798528374757350e-17 4.384980549463522382e-17 -1.077084721716738433e-18 9.999999999999994449e-01
4.987898448040991028e-01 -8.666998851343443722e-01 -6.324541756048801186e-03 -6.301188863436816945e+01 8.666844660318404614e-01 4.988231855374726798e-01 -5.784972719561661328e-03 2.979573187114417365e+01 8.168663257366258132e-03 -2.595896449749380414e-03 9.999632664564261919e-01 -8.739180736004524830e-01 4.589441443458654558e-17 5.246027262977357232e-17 -1.257998124110040021e-18 9.999999999999992228e-01
4.712654652156258450e-01 -8.819812219802923847e-01 -4.240916087100297417e-03 -6.274972326632515518e+01 8.818616720809006049e-01 4.712731647992505768e-01 -1.488608258718445224e-02 3.031713290655481075e+01 1.512787525676018499e-02 3.275395283964829471e-03 9.998802024122412924e-01 -8.678014176143675762e-01 5.478231303518829305e-17 6.140873326345723217e-17 -1.406631477357114281e-18 9.999999999999990008e-01
4.457807841717711383e-01 -8.951263990239100021e-01 -5.312460230230090820e-03 -6.250303549111055190e+01 8.948755601469086107e-01 4.457850023717703225e-01 -2.175921671787287709e-02 3.085538184676340023e+01 2.184546440258318400e-02 4.945849867174217408e-03 9.997491256580932628e-01 -8.642243005946571577e-01 6.273584876697994042e-17 7.234501837195434048e-17 -1.675399112561097189e-18 9.999999999999988898e-01
4.227044137340741914e-01 -9.062492637175072474e-01 -5.766335163666103276e-03 -6.226221538650590759e+01 9.060107591041689501e-01 4.227275332270882258e-01 -2.111722139033381587e-02 3.141017476827041222e+01 2.157505497624640986e-02 3.701980988614477289e-03 9.997603774602825677e-01 -8.602693618190416780e-01 7.005036843514471483e-17 8.429546565790051598e-17 -2.006432460658505840e-18 9.999999999999987788e-01
4.031110976280959934e-01 -9.151371952566050849e-01 -5.035556270984555167e-03 -6.203002497341771004e+01 9.150295859820913869e-01 4.031411391797280475e-01 -1.407404271471716407e-02 3.198476210182264268e+01 1.490971986735578278e-02 1.065719836969022212e-03 9.998882760062249853e-01 -8.525742295106791824e-01 7.716672405012755763e-17 9.597318946604718468e-17 -2.293779905572621852e-18 9.999999999999983347e-01
3.858703737908759646e-01 -9.225503242819705907e-01 -2.225712859705717122e-03 -6.180354196863892469e+01 9.225357476172733051e-01 3.858767892187660586e-01 -5.186319550341953431e-03 3.257156699448707116e+01 5.643491715023547795e-03 -5.205261351718418829e-05 9.999840740190731880e-01 -8.483929324422632146e-01 8.394817673291955291e-17 1.074693485700246438e-16 -2.487487291228311945e-18 9.999999999999977796e-01
3.696620105745270779e-01 -9.291652294696612913e-01 1.405091671375409499e-03 -6.157808159234352274e+01 9.291645751322820113e-01 3.696638118231603265e-01 1.363285605831770489e-03 3.315806739759239008e+01 -1.786129125977500582e-03 8.016065078200310980e-04 9.999980835830373227e-01 -8.448297768392887264e-01 9.083376452060121735e-17 1.216513717227890558e-16 -2.604789860218338929e-18 9.999999999999971134e-01
3.555177581654541674e-01 -9.346678771728960111e-01 1.755850260925548951e-03 -6.136422620351876844e+01 9.346624542110684164e-01 3.555217487029389556e-01 3.222248807271893903e-03 3.375682608703688459e+01 -3.635975407641072431e-03 4.955606418950994976e-04 9.999932670285739400e-01 -8.463844000751342689e-01 9.822676917163301259e-17 1.338723410536596368e-16 -2.683023007258972705e-18 9.999999999999963363e-01
3.426200934050744884e-01 -9.394739856321450144e-01 3.192421793016551380e-04 -6.116071287709721105e+01 9.394716161019801559e-01 3.426199615771147733e-01 2.155102703159963735e-03 3.435625273726842721e+01 -2.134041669191157498e-03 -4.384625233334527765e-04 9.999976268055661421e-01 -8.506741947036491336e-01 1.034451493973860190e-16 1.485960724135920772e-16 -2.752056236235953728e-18 9.999999999999955591e-01
3.303378194448822747e-01 -9.438530154279545226e-01 -4.290723945692578693e-03 -6.096287819616892278e+01 9.438626932690488136e-01 3.303325695171832610e-01 1.899939763714177630e-03 3.497269149308541358e+01 -3.758980090444417345e-04 -4.677476218072657878e-03 9.999889898978435721e-01 -8.552959550798364674e-01 1.087745573376144946e-16 1.648072302135261242e-16 -2.813320161218983726e-18 9.999999999999950040e-01
3.199000388503887016e-01 -9.474221714584872833e-01 -7.429278055504102279e-03 -6.076604034414628330e+01 9.474512847661957782e-01 3.198915872242875102e-01 2.331398302605807316e-03 3.559953715667456464e+01 1.677451067152573320e-04 -7.784693446146980986e-03 9.999696847452528292e-01 -8.614084779173517559e-01 1.147345370536124704e-16 1.817846915154281875e-16 -2.811049974627181998e-18 9.999999999999944489e-01
3.118715705982746389e-01 -9.500778535184856155e-01 -9.391256907098896600e-03 -6.057262524476850274e+01 9.501241474088755190e-01 3.118612632149269648e-01 2.580119489986690620e-03 3.622857330156877254e+01 4.774548553546381245e-04 -9.727525879623109481e-03 9.999525725138733723e-01 -8.641979020934977829e-01 1.197517272229442432e-16 1.990962141304393756e-16 -2.737701466190011823e-18 9.999999999999941158e-01
3.057819944926360445e-01 -9.520366300113198843e-01 -1.111876615539868912e-02 -6.037374944663904586e+01 9.520997003294011662e-01 3.057836000693269218e-01 1.597047695622333266e-03 3.687117415853781921e+01 1.879488437217557420e-03 -1.107452235424948028e-02 9.999369092486937172e-01 -8.623274555128412899e-01 1.249293830595943377e-16 2.159821594950827902e-16 -2.635072576283773485e-18 9.999999999999936717e-01
3.012363363770744762e-01 -9.534629170879701521e-01 -1.285050132254300474e-02 -6.017550450279271246e+01 9.535468158780464609e-01 3.012401695459764883e-01 1.682314116646193430e-03 3.751935629302447239e+01 2.267063072035958079e-03 -1.276032875967550093e-02 9.999160136906314333e-01 -8.635810408076891598e-01 1.299518921843983478e-16 2.351238663398766058e-16 -2.534099773667067059e-18 9.999999999999934497e-01
2.978449123317559732e-01 -9.545281482094811754e-01 -1.282273269982283151e-02 -5.997392774872248111e+01 9.546104536615643843e-01 2.978548416065487370e-01 1.172643013630650117e-03 3.817553244485998221e+01 2.699992252954819000e-03 -1.258998043534378941e-02 9.999170977808417016e-01 -8.674749901823249898e-01 1.353267099247563739e-16 2.536856893561814505e-16 -2.414347563693603094e-18 9.999999999999931166e-01
2.956375497191170987e-01 -9.552270818962589338e-01 -1.181783432179231950e-02 -5.977244644616355629e+01 9.552909452817518465e-01 2.956664711288961578e-01 -7.400762937089540696e-04 3.883147271933432165e+01 4.201078288727607378e-03 -1.107067577836400550e-02 9.999298930820154085e-01 -8.705141075984749177e-01 1.406826263074834518e-16 2.697619366094919173e-16 -2.317787932404430520e-18 9.999999999999927836e-01
2.948088011647564399e-01 -9.554923692068469920e-01 -1.105002910887623035e-02 -5.956683651048224704e+01 9.555421317295446082e-01 2.948476184792414023e-01 -2.028883169623142343e-03 3.950159800742281391e+01 5.196657153462210313e-03 -9.960635755421977378e-03 9.999368882533355984e-01 -8.676871160582858566e-01 1.455542026390418633e-16 2.838349669883148522e-16 -2.227473024596016633e-18 9.999999999999923395e-01
2.944924684527261416e-01 -9.555936753486092838e-01 -1.071977883991723744e-02 -5.936201926655313343e+01 9.556423315572070143e-01 2.945253614096439709e-01 -1.595500693684671683e-03 4.018052578536097741e+01 4.681897108953680248e-03 -9.774411506647507145e-03 9.999412686348860824e-01 -8.662244262408731466e-01 1.499306668621337831e-16 2.998644862840681772e-16 -2.153387697907748703e-18 9.999999999999918954e-01
2.934168951399903080e-01 -9.559070016085277066e-01 -1.217907723187776695e-02 -5.915320235274879934e+01 9.559792091775256573e-01 2.934341552435386080e-01 3.849115024829048281e-04 4.087008617208197592e+01 3.205817638954451109e-03 -1.175588415859717996e-02 9.999257582045277815e-01 -8.672343324534002029e-01 1.550690759211786326e-16 3.175493200989900401e-16 -2.079120379568046835e-18 9.999999999999914513e-01
2.928844383700257015e-01 -9.560884557794903094e-01 -1.065694542915790813e-02 -5.894511508369378561e+01 9.561476394910867205e-01 2.928588349882266240e-01 3.923552599956305412e-03 4.156526370589735819e+01 -6.302827235503631999e-04 -1.133876071592056570e-02 9.999355155454268118e-01 -8.690653151577127922e-01 1.599774304885586744e-16 3.344543195069238742e-16 -1.972157787316876004e-18 9.999999999999910072e-01
2.923906198103655707e-01 -9.562769621986947355e-01 -6.488221247747009285e-03 -5.872743275987070177e+01 9.562952031769147432e-01 2.923636872002220999e-01 4.791532902781380290e-03 4.226714749821982053e+01 -2.685112241189920382e-03 -7.605654131649422153e-03 9.999674715696819094e-01 -8.749909761033096700e-01 1.649173690435934013e-16 3.529828831254256321e-16 -1.849925493059071688e-18 9.999999999999903411e-01
2.918236734751293304e-01 -9.564698918573896202e-01 -2.071127665259921233e-03 -5.850707907770849658e+01 9.564714921776152901e-01 2.918202843827106263e-01 1.790607261615754283e-03 4.297130860100361360e+01 -1.108264869613124863e-03 -2.503516157309719839e-03 9.999962520708798319e-01 -8.814578809201789600e-01 1.694396278758326290e-16 3.729216658907619133e-16 -1.774098115014463087e-18 9.999999999999896749e-01
2.914910250891302734e-01 -9.565735403617664501e-01 2.101719620426850893e-04 -5.828439316767859424e+01 9.565691098660574765e-01 2.914889904886946437e-01 -3.115521462989532999e-03 4.367974073065297347e+01 2.918962582874251241e-03 1.109190551591978172e-03 9.999951246649827485e-01 -8.811191291808754267e-01 1.737706138033134135e-16 3.938375147634803803e-16 -1.803556741053604841e-18 9.999999999999887867e-01
2.912829048249957475e-01 -9.566306013674279463e-01 -3.487389297710577138e-03 -5.806829002335857837e+01 9.566152570023003232e-01 2.912989162603616400e-01 -5.673751493398081387e-03 4.440460480965789714e+01 6.443557026133365367e-03 -1.683422993036113365e-03 9.999778230840163928e-01 -8.812299209401042166e-01 1.780455096184422032e-16 4.148874990541773000e-16 -1.923042962429630308e-18 9.999999999999875655e-01
2.909281818903176609e-01 -9.566962180943771044e-01 -9.650868661280880695e-03 -5.785016601753068954e+01 9.566953803586888405e-01 2.910009480625460609e-01 -7.238606709269745226e-03 4.514479418610937245e+01 9.733559593083591921e-03 -7.127026775340527739e-03 9.999272290056702150e-01 -8.831174570086733899e-01 1.823462810550274795e-16 4.318433605954995787e-16 -2.009999140407228412e-18 9.999999999999861222e-01
2.903153975656487806e-01 -9.568927840766757731e-01 -8.553929991172758499e-03 -5.762387170391403401e+01 9.568794240408999840e-01 2.903809680625774048e-01 -7.788532226653081640e-03 4.588055932338531306e+01 9.936688757801594857e-03 -5.923948773397354900e-03 9.999330822847212197e-01 -8.824547036075723883e-01 1.876973589375255298e-16 4.477400376424692137e-16 -2.029681333027478905e-18 9.999999999999844569e-01
2.897483616979247834e-01 -9.570955364872654192e-01 -3.744453167998844454e-03 -5.739050982395120570e+01 9.570655591118435446e-01 2.897693921360356972e-01 -7.695124631680329806e-03 4.662587094776714025e+01 8.449997356059470860e-03 -1.354037409699576774e-03 9.999633813932057302e-01 -8.841730348189014155e-01 1.925372114182753493e-16 4.629284770997735778e-16 -2.056855850097215814e-18 9.999999999999831246e-01
2.900985000670989189e-01 -9.569885901738560685e-01 -3.962137791556665824e-03 -5.716051776873218415e+01 9.569840610360977884e-01 2.901135101151527951e-01 -3.957040759823548907e-03 4.738844539954714463e+01 4.936312560264054759e-03 -2.643771125010564455e-03 9.999843215233424898e-01 -8.805970747754783279e-01 1.978115721734151021e-16 4.799536610063503210e-16 -2.142439174395677886e-18 9.999999999999816813e-01
2.912951529833953113e-01 -9.566166643783272638e-01 -5.629501049528912518e-03 -5.693123326296058195e+01 9.566332191425850340e-01 2.912892837798137791e-01 1.853965477174092293e-03 4.815869533332077879e+01 -1.337209419008419497e-04 -5.925418868468105595e-03 9.999824356106922219e-01 -8.782895820901970296e-01 2.021467630735851348e-16 4.955239143629535998e-16 -2.178050824357241757e-18 9.999999999999800160e-01
2.910632526122916008e-01 -9.566725201844555881e-01 -7.737706551571759198e-03 -5.669544975353501570e+01 9.566917683886081436e-01 2.910094872306874803e-01 7.371474700708841900e-03 4.894538950975062619e+01 -4.800341263498287929e-03 -9.548165567024265166e-03 9.999428929983974479e-01 -8.849662510141151905e-01 2.071189885588067019e-16 5.095055835610091184e-16 -2.150434581826517395e-18 9.999999999999786837e-01
2.907759687818370353e-01 -9.567848139980029698e-01 -3.486499934445854137e-03 -5.644922763297476109e+01 9.567605778174437248e-01 2.907356045814620815e-01 9.055659177388852496e-03 4.973121059090333063e+01 -7.650667515362893738e-03 -5.968913762095656717e-03 9.999529185691755639e-01 -9.001299930099062596e-01 2.128139775339452267e-16 5.219923219324717748e-16 -2.039675864920237385e-18 9.999999999999773515e-01
2.902188201991086625e-01 -9.569568250137172605e-01 2.582917324453475483e-03 -5.620387806556781385e+01 9.569258690512822962e-01 2.902302172596922802e-01 7.700787615268257086e-03 5.051308530974530697e+01 -8.118961922662088285e-03 2.367469090919907863e-04 9.999670126599868869e-01 -9.106757071841005136e-01 2.184899532819170657e-16 5.325536295174246783e-16 -1.947461044144451732e-18 9.999999999999760192e-01
2.893420122027321462e-01 -9.572247898349983686e-01 1.379021326683202864e-03 -5.596745884809983806e+01 9.572064753167400797e-01 2.893450259086391974e-01 5.934609817752105158e-03 5.130207698424784724e+01 -6.079768597058718589e-03 -3.971238027963737427e-04 9.999814391809613845e-01 -9.125160646504602013e-01 2.238122398799436268e-16 5.462315121541401344e-16 -1.921115575634679228e-18 9.999999999999749090e-01
2.900331452169089275e-01 -9.569948814419909633e-01 -6.447601834816293204e-03 -5.573921675921098995e+01 9.570114907275624194e-01 2.900029972248456822e-01 5.221897746325161044e-03 5.210967593457708347e+01 -3.127505557648751870e-03 -7.684952470913730856e-03 9.999655795148343351e-01 -9.223402613214162216e-01 2.307615157225852000e-16 5.620370137474290066e-16 -1.885880234760269007e-18 9.999999999999739098e-01
2.892725432615981251e-01 -9.572074914025433534e-01 -8.672607325401706160e-03 -5.549425068195220945e+01 9.572456812259663161e-01 2.892740595477537036e-01 1.106456984452492201e-03 5.290970120886726136e+01 1.449651413438370496e-03 -8.621883533101795671e-03 9.999617800871440920e-01 -9.319608219505379765e-01 2.383335573506038157e-16 5.783414047207134500e-16 -1.759490664961633397e-18 9.999999999999729106e-01
2.884681150392236493e-01 -9.574582972011332904e-01 -7.730182819804012374e-03 -5.524658999185995611e+01 9.574722450955380770e-01 2.885019860934752156e-01 -3.674764195513184704e-03 5.370913421759460249e+01 5.748606565619169412e-03 -6.341383198773103795e-03 9.999633695199066086e-01 -9.338007950931219714e-01 2.450713276499768194e-16 5.955121404488375942e-16 -1.639543059834549251e-18 9.999999999999720224e-01
2.886451699373856483e-01 -9.573854936565802110e-01 -9.847964650994819533e-03 -5.500335279578058589e+01 9.574094207426380176e-01 2.886986912928990456e-01 -4.501857292133025837e-03 5.452372425064886841e+01 7.153107372629064452e-03 -8.129094768870737814e-03 9.999413737180173900e-01 -9.294407473132133557e-01 2.524664621277241481e-16 6.141254724413187167e-16 -1.559655274346504875e-18 9.999999999999710232e-01
2.888925497529606368e-01 -9.572377393498221476e-01 -1.539496871313439375e-02 -5.476681924213247754e+01 9.573461942072628572e-01 2.889415810416495201e-01 -1.013499920652752122e-03 5.535197087238983471e+01 5.418406972923743049e-03 -1.444552213119659929e-02 9.998809767948134697e-01 -9.284754752800531419e-01 2.596282909518809367e-16 6.357524864083852960e-16 -1.464983361087128817e-18 9.999999999999702460e-01
2.889703718572128044e-01 -9.572573930608423431e-01 -1.242608623287169006e-02 -5.451870504712715615e+01 9.573380388113758022e-01 2.889452106970007983e-01 3.813746206107110782e-03 5.617874857938839739e+01 -6.027864637089914101e-05 -1.299802468361552048e-02 9.999155202919504104e-01 -9.290123818851020454e-01 2.665521055212339544e-16 6.584764701903615510e-16 -1.202026473622294388e-18 9.999999999999696909e-01
2.880536446626062452e-01 -9.575950483322590578e-01 -6.068047966989855400e-03 -5.426279480547566436e+01 9.575990099448358217e-01 2.880074924929439950e-01 7.471306490183334502e-03 5.700644497677221523e+01 -5.406842820286103177e-03 -7.962893790365245875e-03 9.999536781136956209e-01 -9.369170953954841785e-01 2.739694395983120221e-16 6.833709558544266107e-16 -9.052418007957796689e-19 9.999999999999689138e-01
2.875927034453534814e-01 -9.577094084997821444e-01 -9.117334917183757270e-03 -5.401435867385209377e+01 9.577218096374471301e-01 2.874937785150153413e-01 1.078251640428768039e-02 5.784617488640007110e+01 -7.705340342375798478e-03 -1.183284353859816000e-02 9.999003008019865524e-01 -9.467688981158360884e-01 2.825587177773517939e-16 7.073535455911058013e-16 -7.139383188903310701e-19 9.999999999999681366e-01
2.881136659746739159e-01 -9.575421453740773359e-01 -1.017621300114505273e-02 -5.376592614932047809e+01 9.575688757535955054e-01 2.880088675448033153e-01 1.061792840592750559e-02 5.867577232197539416e+01 -7.236274362900454483e-03 -1.280359512101303908e-02 9.998918462939988538e-01 -9.622019273510689086e-01 2.910293948421718870e-16 7.317255622042935868e-16 -4.145577003302013608e-19 9.999999999999671374e-01
2.863315703351519415e-01 -9.581120799905066265e-01 -5.956005848799127665e-03 -5.351323228441781765e+01 9.581274504198944442e-01 2.863091798165908197e-01 4.340772362629689851e-03 5.950523982130867751e+01 -2.453687287586568243e-03 -6.949512865643497558e-03 9.999728414759677664e-01 -9.589705337581188038e-01 3.000382522015644625e-16 7.541836100285616960e-16 -1.223371546905275595e-19 9.999999999999662492e-01
2.858607459614194157e-01 -9.582571758232932835e-01 -5.178696896460536873e-03 -5.326201366090987221e+01 9.582685854532505543e-01 2.858683505924543011e-01 -7.773435904272030066e-04 6.034465356726675367e+01 2.225320613601810670e-03 -4.740370530822395415e-03 9.999862883236396716e-01 -9.622617067560775839e-01 3.080481821748034101e-16 7.747298904234503662e-16 9.114871045150595882e-21 9.999999999999652500e-01
2.858498624937375054e-01 -9.582435574045914395e-01 -7.690305904337232414e-03 -5.301393345507467103e+01 9.582671147147105994e-01 2.858698066805001603e-01 -1.609498331666535387e-03 6.119440891275920791e+01 3.740717669144525987e-03 -6.909292373419632059e-03 9.999691338786945716e-01 -9.697670893281720161e-01 3.153714481301925492e-16 7.934810895850208337e-16 7.438801150725555477e-20 9.999999999999641398e-01
2.851125532840125265e-01 -9.584739038594775051e-01 -6.213499838326791598e-03 -5.275787227553763614e+01 9.584938208191482456e-01 2.851109177771999903e-01 1.166197168735824902e-03 6.203786598529094221e+01 6.537670885102381778e-04 -6.288098653095587805e-03 9.999800160022238593e-01 -9.732087388512207227e-01 3.223587866723164861e-16 8.103479606413777542e-16 1.639854770917210212e-19 9.999999999999630296e-01
2.843796876351726288e-01 -9.587091044298161613e-01 -2.246406885984114036e-03 -5.250001922396207021e+01 9.587056935536849567e-01 2.843687952345411718e-01 4.216805033147580720e-03 6.288849458479739241e+01 -3.403881357125884514e-03 -3.352816769763914719e-03 9.999885860405093307e-01 -9.730572524622211894e-01 3.290799055128239616e-16 8.251588985108526580e-16 2.515014397995735381e-19 9.999999999999618083e-01
2.836934727234434739e-01 -9.589150122231900886e-01 -1.134332703308862261e-04 -5.225370925976100267e+01 9.588954517511806275e-01 2.836869261233447848e-01 6.421881163081911634e-03 6.374180871781704383e+01 -6.125858718228152817e-03 -1.930616415557378672e-03 9.999793730748145482e-01 -9.685632798821458556e-01 3.367668887192626419e-16 8.408952709219838263e-16 3.347239707824389617e-19 9.999999999999604761e-01
2.834754766963940575e-01 -9.589628473826327104e-01 -5.649022175585954701e-03 -5.201403459424049913e+01 9.589740013517732420e-01 2.834490149404501058e-01 5.051797773627022051e-03 6.459484417365305831e+01 -3.243276606368446571e-03 -6.849326181486862196e-03 9.999712835314769066e-01 -9.674483975802400382e-01 3.434548327495770101e-16 8.572507817613279378e-16 4.218281996079019495e-19 9.999999999999594769e-01
2.835293850890903133e-01 -9.589545939371204586e-01 -4.144219816709017457e-03 -5.176024198744209315e+01 9.589630284625145773e-01 2.835310852793240244e-01 1.836366564123512201e-04 6.544473326647710110e+01 9.989159269694967806e-04 -4.026219974305141058e-03 9.999913958227646393e-01 -9.758558574754804260e-01 3.491631371092426957e-16 8.770104577916009965e-16 5.861602315193694022e-19 9.999999999999582556e-01
2.829684064018152534e-01 -9.591249783602117107e-01 -2.856022397434915434e-03 -5.150674326361692579e+01 9.591194228380882647e-01 2.829777245337841141e-01 -3.679694621445162971e-03 6.629902829472371195e+01 4.337477743393382615e-03 -1.698029230351423904e-03 9.999891514328675957e-01 -9.889435850664046734e-01 3.544047644678379636e-16 8.996604922433490540e-16 6.564806569316788488e-19 9.999999999999570344e-01
2.835371957981149271e-01 -9.589479032866439212e-01 -5.057408534556490434e-03 -5.125752728385588597e+01 9.589593434104195513e-01 2.835431792218021663e-01 -4.931559026406273942e-04 6.715658903107997446e+01 1.906904513325704707e-03 -4.710021125917347729e-03 9.999870896246786378e-01 -9.931216651356856717e-01 3.605950181543306786e-16 9.197897926791887103e-16 6.514858784172668836e-19 9.999999999999555911e-01
2.839052182624549614e-01 -9.588410008272980622e-01 -4.664994731802509648e-03 -5.100970896842193980e+01 9.588436774869879553e-01 2.838785996546312473e-01 5.634075030629005949e-03 6.801766332396447012e+01 -4.077889969261200287e-03 -6.072544005363954105e-03 9.999732471534236167e-01 -9.860645545739431528e-01 3.683314268189386641e-16 9.401396238548417808e-16 7.246636039377187288e-19 9.999999999999542588e-01
2.832201219309508078e-01 -9.590484695454264408e-01 -3.520737989014373348e-03 -5.075654768461997435e+01 9.590216346193328745e-01 2.831777901154397536e-01 9.372487263088981682e-03 6.887588178411326112e+01 -7.991674762212321731e-03 -6.030940886726828508e-03 9.999498791871382908e-01 -9.805971615754498494e-01 3.759899214396317943e-16 9.597496677601514627e-16 8.867938659884165159e-19 9.999999999999530376e-01
2.832213789213942623e-01 -9.590469435949604549e-01 -3.822368771202545000e-03 -5.050887032444685332e+01 9.590138959505279947e-01 2.831704189121198034e-01 1.033737041152447099e-02 6.972429728858908504e+01 -8.831641731821104901e-03 -6.593469069391297635e-03 9.999392622903672256e-01 -9.875070770135505605e-01 3.842430399021346584e-16 9.760749785418408999e-16 1.060048988971851561e-18 9.999999999999514833e-01
2.835987551185094602e-01 -9.589320663604050665e-01 -4.586741870740718326e-03 -5.025457108381026927e+01 9.588891327257921260e-01 2.835288554006559769e-01 1.195906750860214335e-02 7.058799357588208068e+01 -1.016745964515599655e-02 -7.789753592276996499e-03 9.999179678869575261e-01 -1.005373340059896536e+00 3.921662458204361043e-16 9.932609068174508478e-16 1.253762470195572587e-18 9.999999999999499289e-01
2.836287318036346261e-01 -9.589070597055796563e-01 -7.210640904546756005e-03 -5.001047053430021805e+01 9.588853210180706688e-01 2.835303677110277421e-01 1.222586282545094077e-02 7.144676726369546316e+01 -9.679030507236958958e-03 -1.038178368687770435e-02 9.998992623938471880e-01 -1.019260223423191336e+00 4.000007132934227019e-16 1.009820260891913613e-15 1.486495868563275035e-18 9.999999999999483746e-01
2.837896970227169469e-01 -9.588376807896875631e-01 -9.680380240436480335e-03 -4.976428990671067965e+01 9.588695194288129331e-01 2.837100349573154490e-01 8.823875281565663267e-03 7.229460845012906134e+01 -5.714243094158043268e-03 -1.178634644174430222e-02 9.999142110517535986e-01 -1.029784714156324554e+00 4.084130213806253695e-16 1.023660207036825363e-15 1.735301212353025862e-18 9.999999999999463762e-01
2.837421357336590844e-01 -9.588523019237327194e-01 -9.626188490367223322e-03 -4.951283126362784515e+01 9.588984550834811493e-01 2.837485326582134815e-01 7.232239869039084734e-04 7.313105528283071521e+01 2.037951874565710302e-03 -9.435746390399551292e-03 9.999534056355036116e-01 -1.023346267550536259e+00 4.162660193634776357e-16 1.040099628088489395e-15 1.994394529057360130e-18 9.999999999999444888e-01
2.834386324699978976e-01 -9.589463629013038615e-01 -9.187747378383154251e-03 -4.926082987469756347e+01 9.589506797491331724e-01 2.835010631976528361e-01 -6.382865703587242874e-03 7.397407869948322912e+01 8.725562001487816022e-03 -7.001445867584589478e-03 9.999374202035568038e-01 -1.021299402287695335e+00 4.250052266256629579e-16 1.058065295802746349e-15 2.170594340627470760e-18 9.999999999999428235e-01
2.835754870562239849e-01 -9.589015765797030966e-01 -9.628581088361851462e-03 -4.900776005744342712e+01 9.589149180917081461e-01 2.836366269428209907e-01 -5.695938710039114526e-03 7.483100554665661264e+01 8.192862871288220800e-03 -7.617761451729158223e-03 9.999374213960864344e-01 -1.020128918619414238e+00 4.345716452916826794e-16 1.073833943218150389e-15 2.224051438485142916e-18 9.999999999999410472e-01
2.838180374198189804e-01 -9.588433852142510538e-01 -8.166043474525947615e-03 -4.875636125027912016e+01 9.588758012819039722e-01 2.838259284820677797e-01 2.000934738848041562e-04 7.568859338466695874e+01 2.125876567304689404e-03 -7.887011616982800982e-03 9.999666372916584667e-01 -1.013556409779110989e+00 4.434247080972467940e-16 1.090395980466826054e-15 2.303828690210237738e-18 9.999999999999392708e-01
2.835597524779110423e-01 -9.589259577462103668e-01 -7.407721321042857153e-03 -4.850534273013409603e+01 9.589408939421179001e-01 2.835059932171744013e-01 7.530852246441067412e-03 7.654718370741768751e+01 -5.121396312484694652e-03 -9.239013504609440083e-03 9.999442044079662750e-01 -1.010642357064692298e+00 4.520964110409800080e-16 1.107510410504162434e-15 2.446578335508415245e-18 9.999999999999372724e-01
2.833855695708064615e-01 -9.589783661757915745e-01 -7.287809398635240396e-03 -4.825578514820556109e+01 9.589632977117261703e-01 2.832929894781584523e-01 1.159636816005950484e-02 7.739985421511104846e+01 -9.056080880440253028e-03 -1.027498512998703886e-02 9.999062016406681241e-01 -1.016698146053697904e+00 4.604765304658013352e-16 1.122103842905014332e-15 2.677766566927590036e-18 9.999999999999349409e-01
2.832667355092741146e-01 -9.590145129234575183e-01 -7.149864061247383600e-03 -4.800515586937949308e+01 9.589966499649974496e-01 2.831738854566357433e-01 1.174631650481970310e-02 7.825286918465562280e+01 -9.240233214824295979e-03 -1.018403641300605171e-02 9.999054472760269263e-01 -1.026096768208084375e+00 4.694006173859370066e-16 1.136457159661132817e-15 2.958893186393395186e-18 9.999999999999328315e-01
2.839809531612405569e-01 -9.587744584966479966e-01 -1.031290337800438300e-02 -4.775847414316611150e+01 9.588108275116523638e-01 2.838909936507219012e-01 9.364868955602772410e-03 7.910254072093223954e+01 -6.051056774415004315e-03 -1.254756783413942846e-02 9.999029669188669311e-01 -1.035858463874753221e+00 4.777714675103492665e-16 1.153343562617465009e-15 3.303051052939709450e-18 9.999999999999307221e-01
2.841762367283334756e-01 -9.586872588148315222e-01 -1.275171615970616470e-02 -4.751053435412607939e+01 9.587649304286305352e-01 2.840976904454309837e-01 7.636128854726332953e-03 7.995136571512571777e+01 -3.697926329527035684e-03 -1.439590461779976550e-02 9.998895355342429792e-01 -1.044088097215086552e+00 4.874593362533041024e-16 1.169643150986058022e-15 3.665832667354800038e-18 9.999999999999282796e-01
2.834523189005453969e-01 -9.589032311590793833e-01 -1.262442800969827694e-02 -4.725668911537292871e+01 9.589817812401142394e-01 2.833858613253615322e-01 6.811523365070329752e-03 8.080690580224366215e+01 -2.954007358634178591e-03 -1.403733855293676051e-02 9.998971081899669100e-01 -1.046518807299747555e+00 4.981072906728801266e-16 1.184840906383709927e-15 4.002182573812085030e-18 9.999999999999256151e-01
2.825815830762944958e-01 -9.591627054314100231e-01 -1.243195139886846441e-02 -4.700504198722885718e+01 9.592334907575026381e-01 2.824964519728286327e-01 8.177091908100111647e-03 8.166306977197754691e+01 -4.331179435877055041e-03 -1.423583971359964305e-02 9.998892847471271272e-01 -1.050650675216430630e+00 5.092621314311052340e-16 1.201043404976894329e-15 4.322993073736395344e-18 9.999999999999227285e-01
2.824356827761991262e-01 -9.591903382397003464e-01 -1.356392724621469960e-02 -4.675743788999831452e+01 9.592528330078478049e-01 2.822796156579285842e-01 1.233778548066201408e-02 8.251868692483132861e+01 -8.005464458473771430e-03 -1.649586650380517258e-02 9.998318853321627175e-01 -1.055985560663735612e+00 5.211181067748316463e-16 1.216712845204410313e-15 4.653888581776673102e-18 9.999999999999199529e-01
2.821224356858272886e-01 -9.592871926223076606e-01 -1.322926126036583737e-02 -4.650614331005142787e+01 9.593313520274238115e-01 2.819452002802416146e-01 1.379351500918599670e-02 8.337291461174373808e+01 -9.502015573964940620e-03 -1.658270514227554865e-02 9.998173461137620510e-01 -1.059606931077870406e+00 5.324938953833371845e-16 1.232354520738235729e-15 5.074097988550204771e-18 9.999999999999170663e-01
2.811882727614267163e-01 -9.595776393618755673e-01 -1.199622015975878274e-02 -4.625137239243235143e+01 9.596119257687765192e-01 2.810392555425821337e-01 1.272355164851012715e-02 8.422551895363987740e+01 -8.837826872175517587e-03 -1.508942944087149005e-02 9.998470892767009621e-01 -1.067263456142447664e+00 5.446697964217663474e-16 1.245876546612446159e-15 5.502491484794461174e-18 9.999999999999138467e-01
2.806039493915636340e-01 -9.597248204094815938e-01 -1.377289642121073444e-02 -4.601163230569617468e+01 9.597953467895489199e-01 2.804566070020626523e-01 1.170401085793558449e-02 8.507713439622469309e+01 -7.369929919842540568e-03 -1.650335356733440006e-02 9.998366483850087416e-01 -1.079783934118855093e+00 5.562285522089446733e-16 1.260198577718554413e-15 5.919721813421063303e-18 9.999999999999106270e-01
2.798576095016343523e-01 -9.599289599001210593e-01 -1.470069212946948332e-02 -4.576357495166966061e+01 9.600174960753500297e-01 2.797094707624545595e-01 1.135866167939553542e-02 8.593531896830377548e+01 -6.791585476407593219e-03 -1.729172955342450288e-02 9.998274203358910039e-01 -1.100738582989423398e+00 5.670395668122255250e-16 1.278834505489390070e-15 6.370169830955267230e-18 9.999999999999075184e-01
2.784737496554871017e-01 -9.603880505292545777e-01 -1.035196374667859791e-02 -4.550903105204643140e+01 9.604287805935770583e-01 2.783928488942335466e-01 8.601109941944060089e-03 8.677985986236014071e+01 -5.378490530466988571e-03 -1.233750725468606667e-02 9.999094247751156850e-01 -1.101792130520816704e+00 5.770276677511678460e-16 1.296792981778507985e-15 6.784017000360475205e-18 9.999999999999044098e-01
2.770809407076404995e-01 -9.607411071589727625e-01 -1.423647819865910338e-02 -4.527185517767837553e+01 9.608460415681618905e-01 2.770346687084885851e-01 5.164952712346715900e-03 8.762540069274528776e+01 -1.018184365966272797e-03 -1.511017367928233629e-02 9.998853163996962445e-01 -1.096594117120890832e+00 5.870758563717169216e-16 1.310877975754745120e-15 7.099542612990308433e-18 9.999999999999011902e-01
2.763686405658383194e-01 -9.607954212530892546e-01 -2.219308475336398412e-02 -4.503880642678279145e+01 9.610433064884551513e-01 2.763890541032584247e-01 2.203139985059610062e-03 8.847901200197132709e+01 4.017158892566079914e-03 -2.193739435518003017e-02 9.997512756496347297e-01 -1.108917508297049492e+00 5.966404426342545484e-16 1.322863666462151019e-15 7.378385549438556303e-18 9.999999999998978595e-01
2.750180245848778959e-01 -9.611665075812804160e-01 -2.289172028084212468e-02 -4.480463782593835020e+01 9.614249915535461044e-01 2.750648849537266627e-01 1.137840853986786006e-03 8.932881434939191934e+01 5.203053885607854430e-03 -2.232159872159117028e-02 9.997373027253226851e-01 -1.109310739257890921e+00 6.064156197314250086e-16 1.333272854877139595e-15 7.644605912546522884e-18 9.999999999998945288e-01
2.737502853573574590e-01 -9.615510327094530796e-01 -2.191786399560292919e-02 -4.456468247582598252e+01 9.617974652746058561e-01 2.737382663272633354e-01 3.605182331329720782e-03 9.018248726789433078e+01 2.533191297931567613e-03 -2.206746572715212115e-02 9.997532745122420517e-01 -1.099543280789053279e+00 6.183450322151794890e-16 1.342051768158161506e-15 7.845818017356439784e-18 9.999999999998910871e-01
2.732633508254253552e-01 -9.617609839827973017e-01 -1.851893042493848313e-02 -4.432611539030730086e+01 9.619375500335451967e-01 2.731759148343879118e-01 7.146285049770590043e-03 9.103642892494883654e+01 -1.814092380727755100e-03 -1.976687236084170504e-02 9.998029705024985558e-01 -1.087160312052859013e+00 6.308367907270234770e-16 1.354102363889940397e-15 8.067659750198985381e-18 9.999999999998877565e-01
2.722442397720834517e-01 -9.620325249104245691e-01 -1.940347714657829348e-02 -4.409353833244698251e+01 9.622194341699202846e-01 2.721004229178376477e-01 9.752966410798043218e-03 9.189255866191500388e+01 -4.102976563912557641e-03 -2.132559172692066393e-02 9.997641645510818575e-01 -1.091009821384400613e+00 6.418388777863157814e-16 1.367771391301035833e-15 8.401609815785304421e-18 9.999999999998839817e-01
2.713001992621429936e-01 -9.623355110416407232e-01 -1.750902820066831470e-02 -4.386348858651854954e+01 9.624811034188615055e-01 2.711544741221925126e-01 1.026531661894236093e-02 9.274239930929273612e+01 -5.131027380377865300e-03 -1.963709122655958594e-02 9.997940073864645116e-01 -1.100263145983546798e+00 6.534814370725822026e-16 1.380645211618489487e-15 8.764127032810193520e-18 9.999999999998799849e-01
2.699006670871204605e-01 -9.627849179545021618e-01 -1.410076825061616114e-02 -4.362785084151499859e+01 9.628666144758358802e-01 2.697676933158008605e-01 1.064304331823777428e-02 9.359665080081755661e+01 -6.443029863012805607e-03 -1.644972347838846716e-02 9.998439348035108587e-01 -1.112912427937852167e+00 6.659792273417591050e-16 1.389376202405866807e-15 9.022791009044087687e-18 9.999999999998754330e-01
2.689550704550462967e-01 -9.630488567943410461e-01 -1.414459273442192008e-02 -4.340177489526872989e+01 9.631165840968871628e-01 2.687887558943697908e-01 1.261150833414798229e-02 9.444746716219410132e+01 -8.343591199962694868e-03 -1.701482095035298028e-02 9.998204240530436104e-01 -1.117391699968766083e+00 6.793374183514362929e-16 1.401394409390837540e-15 9.352908156681905631e-18 9.999999999998714362e-01
2.686315635582681716e-01 -9.630556248934729613e-01 -1.899858998118247183e-02 -4.318324405514920983e+01 9.632071289028155681e-01 2.683990807261170120e-01 1.392696292572276687e-02 9.529812024780621016e+01 -8.313235897286540624e-03 -2.204079913531130711e-02 9.997225081401734936e-01 -1.115778451586594944e+00 6.927654867440618476e-16 1.411340184998657496e-15 9.660124930263973419e-18 9.999999999998677724e-01
2.683301754246185111e-01 -9.630389218036696786e-01 -2.355742022827252841e-02 -4.296582863620812276e+01 9.632991669030183113e-01 2.680562743190818553e-01 1.416152683472732439e-02 9.615063805551118037e+01 -7.323387235079013326e-03 -2.649280826010179737e-02 9.996221781801257755e-01 -1.119575784973703358e+00 7.072414132554854552e-16 1.419890935453479959e-15 1.002419782172854148e-17 9.999999999998638867e-01
2.687974453688830589e-01 -9.628422997226464553e-01 -2.612736549984726389e-02 -4.273846528911764864e+01 9.631829997101531982e-01 2.685498911159658331e-01 1.262794722522981271e-02 9.699893082976083747e+01 -5.142220587015173747e-03 -2.855979423104061318e-02 9.995788591804998235e-01 -1.129319970209825330e+00 7.228304026744338896e-16 1.427765480158742432e-15 1.039267272692312607e-17 9.999999999998598899e-01
2.702732438439993667e-01 -9.623890306294382579e-01 -2.756315268922686357e-02 -4.250534354133791481e+01 9.627714891688824439e-01 2.700151064656106659e-01 1.276330380700373829e-02 9.784453330389678172e+01 -4.840795970572155799e-03 -2.998659708286062139e-02 9.995385788899943114e-01 -1.142952876724215416e+00 7.397457580859725017e-16 1.433438803567343296e-15 1.073354751479956045e-17 9.999999999998558931e-01
2.714468354233968150e-01 -9.620802355140738449e-01 -2.679992484703396308e-02 -4.226603757983900778e+01 9.624221381378097462e-01 2.711081974195652111e-01 1.561964514117467062e-02 9.869606452191787582e+01 -7.761672559839251188e-03 -3.003274421720226670e-02 9.995187795702087374e-01 -1.154508991087580316e+00 7.574405194566974359e-16 1.437948031807222141e-15 1.102840998052773924e-17 9.999999999998514522e-01
