1.000000000000000000e+00 -3.306050084167601550e-19 -2.270457535318767223e-19 -8.673617379884035472e-19 7.546676715296109287e-19 1.000000000000000000e+00 6.237773588823049983e-19 1.387778780781445676e-17 -3.447385680526250622e-20 4.770700176052009879e-20 1.000000000000000222e+00 5.551115123125782702e-17
9.999318166408490693e-01 -2.489796961297364043e-03 1.140494480823132928e-02 1.383137753982777510e-02 2.475290598690424275e-03 9.999961248931577007e-01 1.285786510451674986e-03 4.990813179225200846e-04 -1.140810286911252830e-02 -1.257465197576773447e-03 9.999341333179833091e-01 2.977088388282166376e-01
9.998258657966474505e-01 -4.754357796320773065e-03 1.803887744920293704e-02 2.884331914487803933e-02 4.728150226067586066e-03 9.999876914804299854e-01 1.495156566163151389e-03 -8.101165478779356888e-03 -1.804576260548474906e-02 -1.409579037081995457e-03 9.998360866209331510e-01 5.842286157179042982e-01
9.997575407660136415e-01 -7.405324375675972556e-03 2.072999178358632399e-02 4.166618648458768337e-02 7.400549746950685522e-03 9.999725387242471841e-01 3.069911017820231873e-04 -1.166590856033952739e-02 -2.073169806852928967e-02 -1.534325036942302907e-04 9.997849771198467073e-01 8.895975736881722717e-01
9.997814845816288543e-01 -8.755728940257985135e-03 1.898660391292977812e-02 4.396304551587346121e-02 8.772873897396992263e-03 9.999611886241369652e-01 -8.201572950532704052e-04 -1.343202021856552963e-02 -1.897869314042258115e-02 9.864461808891543306e-04 9.998194710737144941e-01 1.194758264607203024e+00
9.998640269103190592e-01 -1.122291626779151064e-02 1.208579774514140399e-02 4.331900190302291620e-02 1.124908188604962708e-02 9.999345391977830788e-01 -2.100138014296102154e-03 -1.679271701891850432e-02 -1.206144461813583868e-02 2.235781419068296177e-03 9.999248087354953851e-01 1.514123689708379183e+00
9.999192486799617363e-01 -1.269411766112250872e-02 -6.026685447182464177e-04 3.500283604641214741e-02 1.269173569382506424e-02 9.999122071939396950e-01 -3.807827173787299395e-03 -2.858351992382239526e-02 6.509453409194107532e-04 3.799874068494419731e-03 9.999925912147218376e-01 1.837857539835614507e+00
9.997917124055625271e-01 -1.153449462292496265e-02 -1.684402081269792059e-02 1.423130176230155870e-02 1.146199277160551283e-02 9.999246634135653400e-01 -4.397326360191244898e-03 -3.631295222824269808e-02 1.689344375819959790e-02 4.203460438755144205e-03 9.998485698786570008e-01 2.170122252583327693e+00
9.993209941845538902e-01 -7.644599173145211028e-03 -3.602983622432361088e-02 -1.513648933749714952e-02 7.495697685830159107e-03 9.999628037906787004e-01 -4.265805935500687450e-03 -4.113725472845169984e-02 3.606110011390815245e-02 3.992749203440809636e-03 9.993411228697994808e-01 2.513468056801512418e+00
9.984926379449767797e-01 -4.508090469719245458e-03 -5.469942080894856645e-02 -6.369405555029074295e-02 4.205042653731560186e-03 9.999751757266535090e-01 -5.653961354475909445e-03 -4.590334973504518745e-02 5.472355806625189140e-02 5.415373086311224896e-03 9.984868062128609001e-01 2.868990538409632141e+00
9.971372119469659179e-01 -3.872634060353609495e-03 -7.551702301497853487e-02 -1.077877416746074180e-01 3.385871719940148662e-03 9.999726800769778157e-01 -6.573718625965988341e-03 -4.937155832663578381e-02 7.554042953192145748e-02 6.299173365718860503e-03 9.971231201754583440e-01 3.231533275866902866e+00
9.952061124603269748e-01 -5.145336284221773207e-03 -9.767204267859279365e-02 -1.621716076249866134e-01 4.663797634625216869e-03 9.999758490756806006e-01 -5.159316534881828661e-03 -5.490137962414283479e-02 9.769623367379651202e-02 4.679095751042942550e-03 9.952060742382236036e-01 3.612476629113845483e+00
9.930941618982165320e-01 -5.313431764285078338e-03 -1.171932112233850243e-01 -2.229707666997186866e-01 4.814113725680328401e-03 9.999780993677671592e-01 -4.542675483030195194e-03 -6.509381914145739856e-02 1.172147907769750946e-01 3.947149399516059615e-03 9.930979710300065211e-01 4.001911675312280536e+00
9.909274788521938993e-01 -4.268578385337435006e-03 -1.343474047048875963e-01 -2.938385458018915042e-01 3.822542565171174571e-03 9.999862838314864666e-01 -3.577976761228078041e-03 -6.890325530734857373e-02 1.343608417697074453e-01 3.032065135658873044e-03 9.909301856805776687e-01 4.397792186417905924e+00
9.888494569069520290e-01 -4.073604673842308975e-03 -1.488530188636197349e-01 -3.777384703477699723e-01 3.692296546292430422e-03 9.999891358656171070e-01 -2.838009110988333819e-03 -7.561571622627304146e-02 1.488629703313756880e-01 2.256790471882010735e-03 9.888537728737935018e-01 4.814531231074647089e+00
9.866381002849441417e-01 -3.392216738990904909e-03 -1.629349874485709060e-01 -4.654877022474379622e-01 2.921771826915774660e-03 9.999908105709924833e-01 -3.127737767742689093e-03 -8.109237206500564954e-02 1.629441187939846547e-01 2.609795412328699219e-03 9.866390020087488777e-01 5.236922979954051094e+00
9.845620266286555511e-01 -4.537652285470812445e-03 -1.749688032915294456e-01 -5.504155770722042318e-01 3.887817625502453661e-03 9.999842180553178972e-01 -4.056021094649917176e-03 -8.921692667508897279e-02 1.749844588367513443e-01 3.313302576681774123e-03 9.845641249983387855e-01 5.675479443885376618e+00
9.828827852525862108e-01 -7.032790510768056023e-03 -1.840841475624974410e-01 -6.394190068717644504e-01 6.090327149322624992e-03 9.999652797707136997e-01 -5.683820886088543703e-03 -1.043020583345032476e-01 1.841177513317590608e-01 4.465405824101332730e-03 9.828915427876744326e-01 6.123047780926111905e+00
9.813250560986110926e-01 -6.874782631524358270e-03 -1.922678367585995141e-01 -7.389851919952906689e-01 5.529740576077614433e-03 9.999563656712828763e-01 -7.534038111176359631e-03 -1.108255896711863031e-01 1.923112295398524685e-01 6.330592156185192720e-03 9.813202399122351594e-01 6.587335202631824593e+00
9.797714935242604062e-01 -6.872198200924923769e-03 -2.000303821804353122e-01 -8.529409100226078566e-01 5.050034872950845410e-03 9.999410030329057841e-01 -9.617667455941622881e-03 -1.132518113945812921e-01 2.000847122189261529e-01 8.412914641440030067e-03 9.797484175778132798e-01 7.065796942744936082e+00
9.785964800391167007e-01 -7.297099533019957632e-03 -2.056118621701995552e-01 -9.634650281632699542e-01 4.944052981548678269e-03 9.999163283886320919e-01 -1.195618809857031985e-02 -1.232827782268701433e-01 2.056818776965121387e-01 1.068392285362046619e-02 9.785506876850751379e-01 7.552400216097059804e+00
9.762445771398037264e-01 -1.075714366785322437e-02 -2.163807080277009298e-01 -1.076736756513401172e+00 7.936862853770583134e-03 9.998717828534394725e-01 -1.389862785384011340e-02 -1.364363316272695081e-01 2.165024910902219046e-01 1.185061638304967489e-02 9.762050501858953178e-01 8.054044690475128832e+00
9.746938653684383835e-01 -1.656508685211374038e-02 -2.229385114482883568e-01 -1.190889846520168049e+00 1.348497142255732084e-02 9.997915084691457732e-01 -1.533148042034554286e-02 -1.521578952503060966e-01 2.231460014739855002e-01 1.193780087527633593e-02 9.747140046528641744e-01 8.568060965828147246e+00
9.728862440813811352e-01 -1.716152620848039601e-02 -2.306392845336544262e-01 -1.320616544692668981e+00 1.357855777729784566e-02 9.997612902105367239e-01 -1.711255245989661347e-02 -1.737158047818918027e-01 2.308779449527338934e-01 1.351678488347029909e-02 9.728871718238051303e-01 9.095197789059838556e+00
9.708044957774143446e-01 -1.325220795935609652e-02 -2.395106962967608055e-01 -1.478584861158373398e+00 8.252372587014777938e-03 9.997267816082092695e-01 -2.186620270556428186e-02 -1.771891765738953239e-01 2.397350564922832439e-01 1.925096115039172384e-02 9.706488921967435513e-01 9.629415020777329914e+00
9.690310941793949251e-01 -1.124972208600463069e-02 -2.467025634674222256e-01 -1.634173925565053809e+00 5.274628547621547023e-03 9.996766814849950000e-01 -2.486963785990569525e-02 -1.928362009841039781e-01 2.469026302926685124e-01 2.279819404157950452e-02 9.687773827790612247e-01 1.017229634291226503e+01
9.663833083521892187e-01 -1.381829192376181348e-02 -2.567936265169146193e-01 -1.784687880634901802e+00 7.093483833773547853e-03 9.996073502222920792e-01 -2.709812173180233680e-02 -2.141327824655162027e-01 2.570675213853764740e-01 2.436496113548683798e-02 9.661022464700744772e-01 1.073648071338490695e+01
9.641458564421511168e-01 -1.539426186312810481e-02 -2.649140389794235606e-01 -1.944080150774758042e+00 8.024127239359210226e-03 9.995505832084878861e-01 -2.888042713652089546e-02 -2.465549803992922451e-01 2.652396416428909331e-01 2.571892744932068736e-02 9.638363524407307370e-01 1.130007534445934958e+01
9.621552604509087114e-01 -1.573661769540504740e-02 -2.720542785662125040e-01 -2.123997076991627875e+00 7.479930119430198455e-03 9.994801078466827304e-01 -3.137041513127528103e-02 -2.666524555034952559e-01 2.724063307964523784e-01 2.814862943923069141e-02 9.617729611892557040e-01 1.189046622575046186e+01
9.596828403814601227e-01 -1.442182786328184869e-02 -2.806195422446267074e-01 -2.315641399200922379e+00 4.872712864874707839e-03 9.993863534503470980e-01 -3.468696614919773713e-02 -2.887905758249812993e-01 2.809475436662894898e-01 3.192069728709878706e-02 9.591642007909958467e-01 1.248282278238631271e+01
9.577766634121019917e-01 -1.540069916361451463e-02 -2.870616464875943574e-01 -2.503984946014373492e+00 4.106092128555237190e-03 9.991951523166073823e-01 -3.990430858756131849e-02 -3.170987385942107273e-01 2.874450205994619756e-01 3.704092342557638307e-02 9.570692265991718184e-01 1.307870529301880325e+01
9.560064257338022342e-01 -1.641995332963747112e-02 -2.928956823573122259e-01 -2.700053080497220925e+00 2.792278584538146220e-03 9.988962534258027937e-01 -4.688047200169048745e-02 -3.560651200304988939e-01 2.933422313027011508e-01 4.400033025635394918e-02 9.549973304725059009e-01 1.369222618352794285e+01
9.543532967787151655e-01 -1.685274459791973392e-02 -2.981159511120772820e-01 -2.906470664816706684e+00 4.434246352375055436e-04 9.984856900866732055e-01 -5.500101202477057638e-02 -3.902827162098292391e-01 2.985914724916275409e-01 5.235766714762455504e-02 9.529158177458180168e-01 1.431635527382802131e+01
9.535996981670730177e-01 -1.745531729940320853e-02 -3.005409083699588924e-01 -3.121347493605975743e+00 -1.784344266635410573e-03 9.979726561509260074e-01 -6.363916057912748225e-02 -4.350655119324186026e-01 3.010421059060336968e-01 6.122358307997178423e-02 9.516355438219548102e-01 1.495375297543890092e+01
9.522101094082692230e-01 -1.679945880642707418e-02 -3.049451029047969830e-01 -3.339877742452137976e+00 -5.813721459225284528e-03 9.973085412092504987e-01 -7.309577181178930627e-02 -4.810519520681632022e-01 3.053520085701856290e-01 7.137663665344097519e-02 9.495498837567176720e-01 1.560342484663106788e+01
9.511439726375485737e-01 -1.587135666399903250e-02 -3.083066780195322654e-01 -3.567550375193104362e+00 -9.248385865322422683e-03 9.967651507251337195e-01 -7.984487498164587194e-02 -5.374745948017853880e-01 3.085761905925948900e-01 7.879671054437234479e-02 9.479203158005261587e-01 1.626467109133874089e+01
9.492488581285193350e-01 -1.467318009250949060e-02 -3.140920676642037779e-01 -3.804834980689864032e+00 -1.322092144456902055e-02 9.961668125193215984e-01 -8.647475043326251221e-02 -5.979299712187673421e-01 3.141568034751554550e-01 8.623949978527289950e-02 9.454162170741746696e-01 1.692352020660801770e+01
9.477087140601839765e-01 -1.284043563494418824e-02 -3.189012124604738152e-01 -4.046622825978243299e+00 -1.747565307611453206e-02 9.956029928924428063e-01 -9.203016022350284098e-02 -6.688353891843124011e-01 3.186810778613313744e-01 9.278956143820227265e-02 9.433172784523418120e-01 1.759883482641869179e+01
9.463353192541166248e-01 -1.096594994228614929e-02 -3.229092919603205325e-01 -4.300631717062800341e+00 -2.183223647525390707e-02 9.949719351137797929e-01 -9.773963027826268468e-02 -7.412666317264883231e-01 3.223568084691985081e-01 9.954720049781444480e-02 9.413378161849297321e-01 1.829028144110376886e+01
9.444914827493690046e-01 -8.186637613098434949e-03 -3.283563857829096544e-01 -4.559974633529488841e+00 -2.639981048446973441e-02 9.945655320917355935e-01 -1.007062721228032115e-01 -8.156960789900737918e-01 3.273960296543085846e-01 1.037864975374897941e-01 9.391425624904388147e-01 1.898755325278259676e+01
9.431283928935654259e-01 -7.371110482543559092e-03 -3.324011698445894503e-01 -4.827233996546241634e+00 -2.809698030000131949e-02 9.944092811455679248e-01 -1.017789670024924209e-01 -8.935354682084241107e-01 3.312944273272664386e-01 1.053249303698250844e-01 9.376484116618555298e-01 1.970214825421838611e+01
9.407155439297881783e-01 -7.077792578096393956e-03 -3.391957103647052496e-01 -5.103952441293675868e+00 -2.872598372339915315e-02 9.945280971833334593e-01 -1.004434428772690985e-01 -9.771448069659274260e-01 3.380507017902540379e-01 1.042312374782159851e-01 9.353648674737622404e-01 2.042796059733804626e+01
9.385082613310915534e-01 -6.834634079433124162e-03 -3.452018780091187233e-01 -5.382262708126541284e+00 -2.945055557952350883e-02 9.945752782374556178e-01 -9.976009976724833916e-02 -1.063054641671856704e+00 3.440116321460220949e-01 1.037901948792207818e-01 9.332157320150102908e-01 2.115640854683304539e+01
9.361752569357781883e-01 -5.809895455011050355e-03 -3.515111446948330776e-01 -5.673675310886823198e+00 -3.016674587070157856e-02 9.948472547833318025e-01 -9.678946352172237977e-02 -1.146169318888385469e+00 3.502629529026867750e-01 1.012130712813568284e-01 9.311760199085454826e-01 2.189144051896973764e+01
9.340345122268053357e-01 -6.133079302318896094e-03 -3.571328637256451777e-01 -5.965225461764536163e+00 -2.946261140642940368e-02 9.951223178994941243e-01 -9.414915111799056213e-02 -1.231845600644461580e+00 3.559681036023349399e-01 9.846168484851079705e-02 9.292979337630136172e-01 2.262942439470490186e+01
9.292435138523393867e-01 -3.374109009275666309e-03 -3.694816656135692656e-01 -6.284669543844658257e+00 -3.149689389412855395e-02 9.955947071821942274e-01 -8.829845856181985086e-02 -1.307518312816760231e+00 3.681523412922156901e-01 9.368524990815228770e-02 9.250435471920901431e-01 2.339568230945854665e+01
9.263180075735600871e-01 -1.033444078894102088e-03 -3.767529000138036266e-01 -6.606728004375023389e+00 -3.248674288237245189e-02 9.960522391588515490e-01 -8.261653131707148712e-02 -1.389553456741259962e+00 3.753510238613203542e-01 8.876908383585110918e-02 9.226275765059613887e-01 2.414318373107101934e+01
9.230068929641821462e-01 2.882599689301218546e-03 -3.847683743258344946e-01 -6.933269556182279914e+00 -3.574695682290011250e-02 9.962895950436355674e-01 -7.828197491841812350e-02 -1.465225534904289528e+00 3.831149645833794581e-01 8.600991849876113426e-02 9.196853192240854735e-01 2.489546745461537824e+01
9.194291655252352369e-01 2.778726923810694201e-03 -3.932670800365763442e-01 -7.275383756820223979e+00 -3.593006889607408549e-02 9.963861448362337780e-01 -7.694827841470622265e-02 -1.536479561441769448e+00 3.916329836420919253e-01 8.487232368704185348e-02 9.162061048721434897e-01 2.565954253892130055e+01
9.158919407532227774e-01 4.030367726914793960e-03 -4.014803562416709437e-01 -7.628462353846365396e+00 -3.760701855635722318e-02 9.964132773569458479e-01 -7.580950331358238259e-02 -1.611697154400704823e+00 3.997354590097053628e-01 8.452799701027506607e-02 9.127583681248779834e-01 2.643438086559460842e+01
9.119216173431695660e-01 5.521106558466117552e-03 -4.103297856802409216e-01 -7.992060733897318414e+00 -3.920594566041826073e-02 9.965079193544588154e-01 -7.370752486958341565e-02 -1.679438709279813313e+00 4.084905044652967776e-01 8.329786203448383275e-02 9.089532161977272873e-01 2.721126241836934767e+01
9.084550903320184334e-01 5.911904994508459903e-03 -4.180315625083654285e-01 -8.370410828486841481e+00 -3.971666909283289720e-02 9.965966287103737997e-01 -7.222621372945069174e-02 -1.751325607499765846e+00 4.161822449739080443e-01 8.221278292310384150e-02 9.055980931791349775e-01 2.799373959710700177e+01
9.039552943081053948e-01 4.280626210768430535e-03 -4.275165086179162910e-01 -8.753570638838100493e+00 -3.802216520654522203e-02 9.967937920020107923e-01 -7.039733401191858309e-02 -1.823871219576494784e+00 4.258440032805328457e-01 7.989574396075170559e-02 9.012199650509683524e-01 2.879018606467357344e+01
9.011479394107687613e-01 3.730915177763787643e-03 -4.334377798933490289e-01 -9.143617593157015833e+00 -3.565351803024569693e-02 9.972130226111016738e-01 -6.551585514725659365e-02 -1.892417181777646285e+00 4.319848648108930989e-01 7.449560952269840275e-02 8.987696822995715484e-01 2.959240859923702516e+01
8.971345439200739680e-01 6.543617635459669096e-03 -4.417001220820734320e-01 -9.554549139651518530e+00 -3.666597938812638652e-02 9.975430725384039077e-01 -5.970484800217002591e-02 -1.952892448678792636e+00 4.402241277483457393e-01 6.976161218876431036e-02 8.951704131550173305e-01 3.040530552256819519e+01
8.942207331235476619e-01 6.226691680477655470e-03 -4.476292324408017165e-01 -9.971798618863948249e+00 -3.471929233571374035e-02 9.978556701404417417e-01 -5.548169229423997872e-02 -2.018230760948737323e+00 4.463238800125393646e-01 6.515404528763575620e-02 8.925196822844116973e-01 3.121945394600608026e+01
8.895781445156289990e-01 6.403250871546041154e-03 -4.566912675334720562e-01 -1.040604772196103944e+01 -3.461810798571986897e-02 9.979710600685025579e-01 -5.341026508366164549e-02 -2.080945900713278895e+00 4.554224536548176494e-01 6.332145553201921906e-02 8.879950215854546247e-01 3.204234204524793483e+01
8.869922139973427377e-01 6.473391686016657758e-03 -4.616829230013655416e-01 -1.085123537552916062e+01 -3.430815421951676630e-02 9.980621801383857683e-01 -5.191434131549634706e-02 -2.139621212670393735e+00 4.604523262083269897e-01 6.188696689483799696e-02 8.854953800341937020e-01 3.286848435965297455e+01
8.841564124404219793e-01 5.743583140081135081e-03 -4.672170103902058003e-01 -1.129736125257025137e+01 -3.316322256037333022e-02 9.981735150728193728e-01 -5.048828688017754918e-02 -2.191897652857868639e+00 4.660736287417908130e-01 6.013308371688158571e-02 8.827321066168553054e-01 3.370359172033813877e+01
8.809826276572412240e-01 5.485571070359352742e-03 -4.730257718811318179e-01 -1.176094989020922732e+01 -3.229431510105209430e-02 9.982978484468715275e-01 -4.855603221928552621e-02 -2.248976455388749240e+00 4.719539177531270613e-01 5.805778440369897819e-02 8.796605782400649387e-01 3.455486702114794895e+01
8.784441776708276084e-01 3.534219803236992880e-03 -4.778302258527355462e-01 -1.223715514696626450e+01 -3.028591901909090042e-02 9.983739071000661269e-01 -4.830686086033546961e-02 -2.307391262965584833e+00 4.768826974411224384e-01 5.690782833092656451e-02 8.771228551323659861e-01 3.541013935628858178e+01
8.773093216225038571e-01 2.560296754430014653e-03 -4.798671990634014173e-01 -1.272431945526395047e+01 -2.961707544363761935e-02 9.983685465334847242e-01 -4.881702741042586585e-02 -2.364905654843240335e+00 4.789591442731409021e-01 5.704269554292117766e-02 8.759539878086722853e-01 3.627032948138474211e+01
8.752353873996102651e-01 3.363391306351289686e-03 -4.836596199400505225e-01 -1.322049888848358457e+01 -3.054675890494190985e-02 9.983640941865700169e-01 -4.833083127036848919e-02 -2.420044319453229953e+00 4.827058869322556900e-01 5.707496316250459945e-02 8.739063620531939414e-01 3.714462858937236689e+01
8.756680006548868134e-01 3.095171104223402771e-03 -4.827672314585680913e-01 -1.371850736640765867e+01 -3.005275673665722125e-02 9.983905001787793942e-01 -4.809840351805761555e-02 -2.476883835905813402e+00 4.818413115491936849e-01 5.662934295912601390e-02 8.743516048715952449e-01 3.802969646088386213e+01
8.746968718932529585e-01 3.792138800282902032e-03 -4.847751980146019490e-01 -1.422575873739517149e+01 -2.986207211003182385e-02 9.984912369113827513e-01 -4.608040478620960279e-02 -2.533781179924032845e+00 4.838694930842251107e-01 5.477665798426790272e-02 8.734903627606113163e-01 3.893191940867721001e+01
8.747187798963522720e-01 3.060709397039430846e-03 -4.845640419755403161e-01 -1.474509484824744199e+01 -2.835061923018962482e-02 9.985908174267392745e-01 -4.485830319102435126e-02 -2.591893108609874652e+00 4.837436523854757309e-01 5.297764868906514740e-02 8.735729009412216417e-01 3.984687283323945906e+01
8.740792766125731195e-01 -7.138250711671281432e-05 -4.856320913213920676e-01 -1.526183248010910454e+01 -2.558553655635015592e-02 9.986053496705931121e-01 -4.617482188070060750e-02 -2.646023866550345716e+00 4.849580550007561164e-01 5.278740377730500172e-02 8.728583171944647168e-01 4.076599428951539039e+01
8.731078284792110900e-01 -1.180636237690745657e-03 -4.876231433606453280e-01 -1.579394495119062647e+01 -2.455981296927039342e-02 9.986209305870813457e-01 -4.640133855836241911e-02 -2.705878230629758185e+00 4.870055669228394168e-01 5.248714348061912088e-02 8.718747684796367414e-01 4.170009122150583636e+01
8.719599745421834358e-01 -1.969401944173313282e-03 -4.896241412112254388e-01 -1.632212061675044623e+01 -2.255042669072207517e-02 9.987691227876560607e-01 -4.418357145094643779e-02 -2.764893668450664865e+00 4.891086088111670227e-01 4.956523320813085304e-02 8.708422098524726263e-01 4.262788336399233202e+01
8.696216750986642818e-01 -1.671922901015892920e-03 -4.936928415927775426e-01 -1.686530175778522889e+01 -2.126020181201664083e-02 9.989400782231443454e-01 -4.084195253165681661e-02 -2.819808254828171989e+00 4.932379679893095226e-01 4.601278711475981914e-02 8.686641964424435258e-01 4.356306646225108636e+01
8.668881710106380867e-01 -1.007227396308967710e-03 -4.986158999457230845e-01 -1.740288627909033181e+01 -1.964664989278074037e-02 9.991521472481972310e-01 -3.617830384686438611e-02 -2.875399532379516732e+00 4.982296646298975396e-01 4.115512391041487028e-02 8.661332437910304050e-01 4.449450351958208216e+01
8.632384332946076988e-01 -3.431876958906429024e-03 -5.047854443647372680e-01 -1.794674919448419459e+01 -1.601219827834305526e-02 9.992877010167415808e-01 -3.417669500533981192e-02 -2.937462425349946393e+00 5.045430718731039876e-01 3.758633120996476146e-02 8.625684224971227332e-01 4.540941376881016822e+01
8.575623281066879766e-01 -5.929537155491036195e-03 -5.143617587170464800e-01 -1.850125523027765340e+01 -1.479493313114979558e-02 9.992357249512259232e-01 -3.618974539964585346e-02 -2.995842683169004594e+00 5.141833070226325964e-01 3.864319124917024034e-02 8.568189737479638968e-01 4.632896976977133363e+01
8.529570941238062698e-01 -8.230480016820867703e-03 -5.220519663003495570e-01 -1.906765336009830847e+01 -1.402057592639630902e-02 9.991538165769958679e-01 -3.867119110678896715e-02 -3.053224457286670912e+00 5.219287552381829398e-01 4.030091047941111032e-02 8.521198746690711312e-01 4.723632229277183114e+01
8.465362943876949542e-01 -8.082120181868943445e-03 -5.322696945810770908e-01 -1.965544404545284962e+01 -1.464815202123334083e-02 9.991525975850662489e-01 -3.846778009020850042e-02 -3.104211945122973937e+00 5.321296868546842029e-01 4.036001404606307658e-02 8.457004303081225860e-01 4.814909547635904374e+01
8.408252330702414845e-01 -4.339996054533378292e-03 -5.412599600509104825e-01 -2.024437249005968198e+01 -1.604436830135791067e-02 9.993286766548741262e-01 -3.294368973916601134e-02 -3.153579099759664661e+00 5.410395818185695926e-01 3.638612695797864560e-02 8.401912083206913850e-01 4.905210028168464476e+01
8.372359949020165004e-01 -1.684576021482544388e-03 -5.468420986504871628e-01 -2.084972329110022926e+01 -1.664584640701569779e-02 9.994534328579198768e-01 -2.857035772108934210e-02 -3.209483530128551365e+00 5.465912292329129230e-01 3.302652828712382416e-02 8.367504325839968393e-01 4.994745160249811988e+01
8.320295619838814494e-01 -6.709678058899095623e-04 -5.547907696795280064e-01 -2.146225031837846231e+01 -1.903206760711400117e-02 9.993760816883655584e-01 -2.974460930847650647e-02 -3.255272994557893984e+00 5.544647995324039069e-01 3.530343057663218320e-02 8.314976651961615284e-01 5.084610655001021229e+01
8.287490916260454865e-01 -3.773768137699717775e-03 -5.595400509448900106e-01 -2.207168213380050759e+01 -1.871817450631476157e-02 9.992309200873598085e-01 -3.446256240110270180e-02 -3.306289849290364735e+00 5.592399477061916757e-01 3.903315845921932759e-02 8.280409276367232119e-01 5.172736437238375373e+01
8.267051606689528320e-01 -5.434735120478449699e-03 -5.626620396806681912e-01 -2.268334242445178717e+01 -2.153071675133835100e-02 9.989153416867735391e-01 -4.127851131956856989e-02 -3.367650575193033458e+00 5.622763205259675434e-01 4.623732302309480763e-02 8.256914912432119502e-01 5.260843852481474414e+01
8.220736850295201625e-01 -5.621779707998882103e-03 -5.694030025218153046e-01 -2.330786533518834958e+01 -2.224660370311098978e-02 9.988706654910669558e-01 -4.197261539927820556e-02 -3.416321736308474577e+00 5.689963731776482847e-01 4.716631840611445331e-02 8.210202638707401190e-01 5.348492332050853548e+01
8.200338485342071326e-01 -3.035316613654676695e-03 -5.722902405873125931e-01 -2.393138119837104227e+01 -2.307283012555201920e-02 9.989977000995123868e-01 -3.836300995953292881e-02 -3.478585946777885241e+00 5.718328076897979395e-01 4.466794170121229923e-02 8.191420315359586590e-01 5.436685540956269591e+01
8.157925331879535280e-01 -1.519765092630239811e-03 -5.783009804868169956e-01 -2.457072791880862894e+01 -2.135046546011050775e-02 9.992357837149457023e-01 -3.273908104429104626e-02 -3.531365249900437320e+00 5.779085939809442962e-01 3.905952890983620251e-02 8.151367831947571307e-01 5.524691747614357951e+01
8.135715417329049126e-01 3.079062804065773413e-04 -5.814341690141422436e-01 -2.521438861693770761e+01 -2.159366521005497835e-02 9.993260710766730393e-01 -2.967599767717597412e-02 -3.577875014172278156e+00 5.810331986182550867e-01 3.669916141830222023e-02 8.130300142770617855e-01 5.612445623805029982e+01
8.108656605828821196e-01 1.125702517969372598e-03 -5.852059873222271724e-01 -2.585307757170562937e+01 -2.336978016559890931e-02 9.992629489151614308e-01 -3.046453486226307836e-02 -3.625094842048639521e+00 5.847404455756984865e-01 3.837855997426928290e-02 8.102942902250097612e-01 5.699794727909135617e+01
8.067897327725629397e-01 5.960782244033879015e-04 -5.908366343628649320e-01 -2.650811345814028641e+01 -2.357643168488679150e-02 9.992355141305427901e-01 -3.117921690559486217e-02 -3.674039043319795805e+00 5.903664157315223759e-01 3.908289438184500697e-02 8.061870533974925257e-01 5.786037916587531527e+01
8.032887002719315550e-01 -2.053813106419462471e-03 -5.957287259158992043e-01 -2.716165844030179599e+01 -2.261615995726275891e-02 9.991676444076168506e-01 -3.394517865685887231e-02 -3.729964511186786513e+00 5.953027369455513584e-01 4.073636178042694400e-02 8.025735959256152796e-01 5.873252578652464706e+01
8.000680000207244236e-01 -2.615956767404392213e-03 -6.000119723346832856e-01 -2.781795862068642222e+01 -2.201654532178123208e-02 9.991888777057685855e-01 -3.372038456767982584e-02 -3.779073073642840619e+00 5.996136891636648647e-01 4.018574527423333237e-02 7.993614508448271261e-01 5.959686094687368296e+01
7.948035792427591284e-01 -3.996824007429886083e-03 -6.068321190908808616e-01 -2.849264223185631195e+01 -2.028854848389587823e-02 9.992444326939207144e-01 -3.316278293752981249e-02 -3.828552899221330463e+00 6.065062731258761275e-01 3.866996774303044920e-02 7.941219204287380817e-01 6.046359877332481858e+01
7.908836278217242777e-01 -3.752214244159681866e-03 -6.119552119345507135e-01 -2.916516980218561272e+01 -2.000204964027059787e-02 9.992883184858131207e-01 -3.197948344482608174e-02 -3.879864574101335339e+00 6.116397033012898055e-01 3.753389777906811220e-02 7.902457463537483351e-01 6.132249997239313188e+01
7.846836529384466630e-01 -4.772041053404337679e-03 -6.198936016245840674e-01 -2.985696628655989215e+01 -2.019199689858234420e-02 9.992429080077736003e-01 -3.326418182548160352e-02 -3.936144659860588479e+00 6.195832787858950308e-01 3.861766474086014006e-02 7.839931105892716801e-01 6.218218797955540111e+01
7.793650682303552291e-01 -5.652877567492461605e-03 -6.266252662766724768e-01 -3.055441795130690963e+01 -2.001978059736792340e-02 9.992239627346468644e-01 -3.391563782493940693e-02 -3.990155186005605259e+00 6.263310203910007479e-01 3.897488467329755790e-02 7.786471040409490563e-01 6.303406497720673940e+01
7.748109814914303506e-01 -7.077676798811738737e-03 -6.322082991240350891e-01 -3.125733980042074478e+01 -1.872814367952476897e-02 9.992413889872709953e-01 -3.414092238649541616e-02 -4.039670618257793500e+00 6.319706507255719030e-01 3.828941315427641240e-02 7.740906587342504253e-01 6.388223489194421489e+01
7.683790806003694129e-01 -9.007357137092563554e-03 -6.398874892798063208e-01 -3.197668623551085432e+01 -1.800343071763109773e-02 9.992008814679378403e-01 -3.568638547974772174e-02 -4.096221647361266704e+00 6.396977988200144294e-01 3.894101543237022539e-02 7.676029908125523438e-01 6.472979605205703990e+01
7.635327383542223068e-01 -1.031294534866652492e-02 -6.456741005362317543e-01 -3.269241373094724423e+01 -1.754712429158807735e-02 9.991717462822949924e-01 -3.671504284262886580e-02 -4.152966559611239283e+00 6.455181333697517232e-01 3.936398830157542689e-02 7.627195189645573636e-01 6.557420799513374732e+01
7.562662501906796120e-01 -1.162345859598484625e-02 -6.540883496040316158e-01 -3.343474303604108400e+01 -1.656853329905136341e-02 9.991812421787978904e-01 -3.691391132994866625e-02 -4.203730313049192979e+00 6.539817087063665157e-01 3.875954755347007369e-02 7.554543759738758801e-01 6.641799504234052165e+01
7.504561516870950078e-01 -1.104790548681522898e-02 -6.607658792030465245e-01 -3.418819970039483280e+01 -1.567400846706488993e-02 9.992813758332849128e-01 -3.450102626819644830e-02 -4.257359741302012779e+00 6.606725183693828996e-01 3.624813530787950044e-02 7.497437332561401879e-01 6.725185245569954873e+01
7.450937846282255084e-01 -1.164979738471379374e-02 -6.668504559587389302e-01 -3.493851047322733194e+01 -1.471366290464824235e-02 9.993170239438462499e-01 -3.390282293061979563e-02 -4.313946633357669036e+00 6.667900311668825131e-01 3.507368897100165972e-02 7.444134993464771588e-01 6.808641099397547691e+01
7.375442443640561896e-01 -1.349193709228837558e-02 -6.752389067101013387e-01 -3.570772407762608225e+01 -1.355998404782115391e-02 9.993029591402948775e-01 -3.478080719808582244e-02 -4.368036794908691789e+00 6.752376938396160710e-01 3.480741582636016906e-02 7.368471209890573581e-01 6.891418269352466552e+01
7.322073322778436255e-01 -1.488291384235774541e-02 -6.810310988929582088e-01 -3.648654861535781890e+01 -1.302308965936931420e-02 9.992725326845728340e-01 -3.583633677855104643e-02 -4.425867702657500402e+00 6.810694665671743753e-01 3.510290328398778942e-02 7.314809743091291727e-01 6.973925653919883416e+01
7.275464414509650313e-01 -1.467729872289355933e-02 -6.859548428917698892e-01 -3.728127570865735407e+01 -1.430067593465738848e-02 9.992295413486865785e-01 -3.654353440819231580e-02 -4.478442888736869243e+00 6.859630936393991130e-01 3.639000172687793105e-02 7.267759056662299599e-01 7.056266935172676824e+01
7.204943261380747366e-01 -1.406207804344498762e-02 -6.932851496780154665e-01 -3.808411101869982218e+01 -1.406760857729250080e-02 9.992922624780806728e-01 -3.488521024007580629e-02 -4.531574499559639868e+00 6.932850486498406406e-01 3.488777792198679423e-02 7.197866397430673358e-01 7.137826767989724885e+01
7.171959041498068288e-01 -1.380867083881633615e-02 -6.967324936611821729e-01 -3.888739971458294065e+01 -1.512607511619827594e-02 9.992596595306070251e-01 -3.536548908854556666e-02 -4.589330598136057482e+00 6.967049417008401857e-01 3.590460990352576515e-02 7.164561303694215733e-01 7.219595813127274653e+01
7.113074319613633678e-01 -1.376639452328935406e-02 -7.027600224472391188e-01 -3.971327653263975321e+01 -1.542002183053521429e-02 9.992619412804335521e-01 -3.518175697054026080e-02 -4.644683254682846041e+00 7.027258621227419066e-01 3.586060124105632657e-02 7.105702246509647546e-01 7.300537909726656949e+01
7.058854935878320358e-01 -1.533506555968666522e-02 -7.081477127775080982e-01 -4.053769162920275448e+01 -1.641951120655420898e-02 9.991428264967979755e-01 -3.800066970468635175e-02 -4.711736213850348243e+00 7.081234368213062957e-01 3.845372049483963134e-02 7.050285093678849702e-01 7.382333978434118649e+01
7.021127297916229804e-01 -1.812348813924684679e-02 -7.119193760162059181e-01 -4.136903406257172122e+01 -1.550766667374049376e-02 9.990498544004412507e-01 -4.073955943626278442e-02 -4.772310879524299665e+00 7.119810772286224720e-01 3.964661209854986046e-02 7.011643572981094419e-01 7.463665161874938292e+01
6.958729823354001809e-01 -1.792968444730403191e-02 -7.179080496259299116e-01 -4.222407660418952702e+01 -1.683465230748052571e-02 9.990064824338228400e-01 -4.126127926841056948e-02 -4.831044432194439686e+00 7.179345341587806129e-01 4.079848488277374591e-02 6.948795989514804372e-01 7.543887199620685635e+01
6.920644975434923074e-01 -1.818896791399057800e-02 -7.215371010802061891e-01 -4.307656449016213429e+01 -1.595838130873239100e-02 9.990526864454220002e-01 -4.049623888099993657e-02 -4.883492345776323518e+00 7.215900424032328786e-01 3.954215397830544709e-02 6.911187006775287855e-01 7.622396613625106454e+01
6.874641762834653447e-01 -1.852142671535682988e-02 -7.259987643311728300e-01 -4.393632684981285763e+01 -1.399545349457930084e-02 9.991512759382678022e-01 -3.874087488314083977e-02 -4.946988901741630862e+00 7.261003178724501073e-01 3.678966081215844647e-02 6.866213827811662451e-01 7.704158156251273226e+01
6.806776898204563997e-01 -1.947026872411598830e-02 -7.321746482482482943e-01 -4.481098623443139672e+01 -1.364565914311416557e-02 9.991364456681227635e-01 -3.924223777711354638e-02 -5.012874669352472168e+00 7.323065444725656015e-01 3.670129705886410881e-02 6.798241382273938482e-01 7.784370249063026392e+01
6.781397864591385272e-01 -1.972441217022415788e-02 -7.346986958506449561e-01 -4.568942520986273337e+01 -1.329330529488096171e-02 9.991471086013008485e-01 -3.909273657845209471e-02 -5.073320987906348556e+00 7.348431504095803701e-01 3.628025780812329376e-02 6.772991101504374223e-01 7.863917595105500880e+01
6.730323991280039442e-01 -2.049971890683174522e-02 -7.392363244385244947e-01 -4.657626615832151629e+01 -1.162514238493529695e-02 9.991992392861075434e-01 -3.828718092717809524e-02 -5.132844454144752433e+00 7.394291188093514711e-01 3.436556952115488867e-02 6.722549557860229008e-01 7.943028042859252480e+01
6.682784655399401919e-01 -2.139850771349353573e-02 -7.435258189714205601e-01 -4.747438059293482127e+01 -1.040852348099489434e-02 9.992195357315498683e-01 -3.810578947390928783e-02 -5.191054776043830365e+00 7.437606187212673081e-01 3.321255853536314584e-02 6.675339253604377632e-01 8.022617508385523877e+01
6.668460315738113930e-01 -2.451261153229271350e-02 -7.448974106683257101e-01 -4.837767544968065891e+01 -7.108803050542793385e-03 9.992041699108032970e-01 -3.924611493284434205e-02 -5.253897951080518602e+00 7.452668916245553943e-01 3.146391785871427427e-02 6.661410273819625694e-01 8.101917938903505956e+01
6.609746184993228191e-01 -2.914355080716505078e-02 -7.498177906609051480e-01 -4.927900865740301128e+01 -3.967118915350329768e-03 9.990959181200657069e-01 -4.232300503887235360e-02 -5.318190819850335593e+00 7.503736974532357884e-01 3.094581576608087733e-02 6.602613348901639201e-01 8.181640893397533887e+01
6.564538321677736432e-01 -3.325384546687846360e-02 -7.535749084596350400e-01 -5.019026434298733363e+01 -1.314339193348824453e-04 9.990230535279859270e-01 -4.419904149577605357e-02 -5.381923519671437006e+00 7.543080422167786070e-01 2.911735089032303769e-02 6.558078948065600988e-01 8.260325240875093300e+01
6.500509839068888684e-01 -3.703908955664816233e-02 -7.588853014940963870e-01 -5.112103715298168538e+01 5.257730032844067265e-03 9.990068652551179484e-01 -4.424765220479444372e-02 -5.440982813840386179e+00 7.597703748185025141e-01 2.477472464375502642e-02 6.495999257632255608e-01 8.339054438017610948e+01
6.415316449437985513e-01 -4.040966568197024156e-02 -7.660028192980192774e-01 -5.205112977925166007e+01 9.938216895755856359e-03 9.989654945102862671e-01 -4.438211327613025836e-02 -5.526060502259573681e+00 7.670039861032574846e-01 2.085683162324119405e-02 6.412696924207628157e-01 8.417285060118328488e+01
6.337507069211055777e-01 -4.273146418851665740e-02 -7.724775417467342198e-01 -5.299205003237058520e+01 1.414288656020547263e-02 9.989461482531222236e-01 -4.365577358290512189e-02 -5.597692182096451141e+00 7.735296016842851952e-01 1.673856744750559788e-02 6.336872695816319068e-01 8.495423239730057219e+01
6.243539988563732157e-01 -4.125669330706251137e-02 -7.800298638011416985e-01 -5.395976853372123117e+01 1.504847574786956008e-02 9.990541949649907050e-01 -4.080241168786352679e-02 -5.655201983671528154e+00 7.809752492105052069e-01 1.374092211157434615e-02 6.243842885547351562e-01 8.571343449795081426e+01
6.143938898764750300e-01 -4.070716677518719517e-02 -7.880461452809159884e-01 -5.494611980043080735e+01 1.502368004725256403e-02 9.990904060754456362e-01 -3.989783980323324125e-02 -5.726970699954448740e+00 7.889541114596831939e-01 1.266785584317885530e-02 6.144471439246360633e-01 8.646512183447438815e+01
6.066671012296168675e-01 -4.134386008453612427e-02 -7.939011790024604887e-01 -5.592588733730912764e+01 1.352037607698766512e-02 9.990389415930422956e-01 -4.169721936504500875e-02 -5.791241251036633564e+00 7.948621106224786903e-01 1.456672523021722461e-02 6.066428951656223090e-01 8.721169162671141351e+01
5.957082110021719723e-01 -4.411472073034505836e-02 -8.020696854122865149e-01 -5.692392617564267709e+01 1.516660898465247223e-02 9.989301193957412783e-01 -4.368434330626344564e-02 -5.858959401146527135e+00 8.031391230012594473e-01 1.385376564979726513e-02 5.957403951308042345e-01 8.793746041159280935e+01
5.853449929025527076e-01 -4.498003173373644331e-02 -8.096012362906093163e-01 -5.793649670177899935e+01 1.462444545902134331e-02 9.988828948341877956e-01 -4.492563846561859614e-02 -5.924873453836804416e+00 8.107183932743166066e-01 1.444915619342260205e-02 5.853495320211027364e-01 8.866713739604985278e+01
5.767874806188014736e-01 -4.639670635916366692e-02 -8.155111927374306680e-01 -5.895614491545253344e+01 1.827458803683075159e-02 9.988692110092267651e-01 -4.389162870187458820e-02 -5.994875931126039781e+00 8.166251028876082563e-01 1.041930952257390242e-02 5.769824589914787083e-01 8.938586655327669916e+01
5.654994223880224213e-01 -4.642238554638350445e-02 -8.234350064856841289e-01 -5.999123980210404739e+01 2.025336517319119983e-02 9.988958901933466805e-01 -4.239626309148231825e-02 -6.063796353719537180e+00 8.244932787497536442e-01 7.310903797966448667e-03 5.658142525812899226e-01 9.009126411432210091e+01
5.531704681227864739e-01 -4.688238535714592953e-02 -8.317022076974085465e-01 -6.104500506176140107e+01 2.060490466762164574e-02 9.988796950378850958e-01 -4.260503297985988175e-02 -6.132550042977308991e+00 8.327676646310098185e-01 6.431250004919474884e-03 5.535168152939183850e-01 9.077957434234433265e+01
5.457931724925891848e-01 -4.740254109767950974e-02 -8.366075336033751420e-01 -6.210331267839323033e+01 1.941549348801212965e-02 9.988460678423476402e-01 -4.393444143501494537e-02 -6.211374915686317166e+00 8.377244614999062033e-01 7.741547620076294663e-03 5.460835589662107470e-01 9.146469772630612738e+01
5.341323460169237203e-01 -4.783408417122796130e-02 -8.439976001295532715e-01 -6.317577499341505387e+01 1.889500729122222528e-02 9.988238032998569826e-01 -4.465703571772912384e-02 -6.280224736028662491e+00 8.451411284032532834e-01 7.902556201014593676e-03 5.344082453479839234e-01 9.212688543832516075e+01
5.252038498791977705e-01 -4.825481680603810331e-02 -8.496151987191605803e-01 -6.425422896549488883e+01 1.737456604472962379e-02 9.987911876352760787e-01 -4.598194901243624760e-02 -6.351503101300520981e+00 8.508068050923920378e-01 9.392479687196380114e-03 5.254070206100687201e-01 9.278319266794719056e+01
