1 0 0 0 0 1 0 0 0 0 1 0
0.99994433 -0.002387662 0.010278034 0.011700968 0.0023759479 0.99999651 0.0011517946 -0.0099449043 -0.010280749 -0.0011273104 0.99994652 0.29113038
0.99983633 -0.0043763712 0.017554554 0.015650965 0.0043528379 0.99998958 0.0013785829 -0.015828677 -0.017560406 -0.0013019452 0.99984496 0.59294619
0.99979191 -0.0070128161 0.019156347 0.029651554 0.0070132926 0.99997541 4.2329979e-05 -0.019375555 -0.019156175 9.2027921e-05 0.9998165 0.88743903
0.99981601 -0.0083462431 0.017271066 0.03174888 0.008370021 0.99996412 -0.0013048892 -0.023599767 -0.017259557 0.0014492084 0.99984999 1.1914768
0.99988301 -0.011072526 0.010552783 0.031328965 0.011103022 0.99993434 -0.0028355928 -0.026331444 -0.010520694 0.0029524289 0.9999403 1.5099839
0.99992085 -0.012526486 -0.0011730001 0.019306504 0.012521234 0.999912 -0.0043828449 -0.03469314 0.0012277986 0.0043678107 0.99998971 1.8326131
0.9997793 -0.011691081 -0.017454712 0.0027459078 0.011609428 0.99992122 -0.0047720232 -0.041606508 0.017509128 0.0045683309 0.99983627 2.1509623
0.99931809 -0.0077382026 -0.036103653 -0.041088021 0.0075589116 0.99995843 -0.0050998801 -0.048487818 0.036141619 0.0048234982 0.99933504 2.5092645
0.99840843 -0.0043060152 -0.056232272 -0.07884984 0.0039634995 0.99997292 -0.0062012007 -0.052157777 0.056257457 0.0059684546 0.99839846 2.845626
0.99716912 -0.0033249666 -0.075117822 -0.12776487 0.0028416127 0.99997457 -0.0065405752 -0.058199965 0.075137666 0.0063086039 0.99715321 3.2190634
0.99530167 -0.0043235119 -0.096725861 -0.17896478 0.0037693928 0.99997543 -0.0059107559 -0.061735214 0.096749048 0.0055183875 0.99529351 3.5919044
0.99320334 -0.0058684076 -0.11624407 -0.23535008 0.0053258627 0.99997343 -0.0049773497 -0.074140914 0.1162702 0.0043244204 0.99320821 3.9816939
0.9910624 -0.0047833008 -0.13331328 -0.31183955 0.0042275999 0.99998116 -0.0044511366 -0.079875226 0.13333207 0.0038477589 0.99106395 4.3758383
0.9887582 -0.0034845802 -0.1494827 -0.38850829 0.0029488138 0.99998841 -0.0038056319 -0.086695112 0.14949424 0.003322053 0.98875702 4.7934968
0.98664674 -0.0032471502 -0.16284243 -0.47493868 0.0026315653 0.99998855 -0.0039958131 -0.093677369 0.16285356 0.0035139254 0.986644 5.2079321
0.9845371 -0.0046902214 -0.17511338 -0.5626658 0.0038905089 0.99998038 -0.0049098436 -0.10244702 0.17513299 0.004152643 0.98453603 5.6468425
0.98277268 -0.0073426152 -0.18467254 -0.65769814 0.0062099445 0.9999582 -0.0067110402 -0.11687767 0.18471412 0.0054486207 0.98277719 6.091661
0.98130362 -0.0067496308 -0.19234773 -0.74635929 0.0051632149 0.99994841 -0.0087477057 -0.12247865 0.19239687 0.0075910226 0.98128784 6.5379044
0.97968838 -0.0064654388 -0.20042171 -0.86066835 0.0043922326 0.99993217 -0.010787161 -0.12405509 0.20047788 0.0096877575 0.97965033 7.013748
0.97810984 -0.0073781134 -0.20795841 -0.96910444 0.0047493982 0.99990243 -0.013137053 -0.13809467 0.20803506 0.011861803 0.97804944 7.490138
0.9761825 -0.011003772 -0.21667174 -1.0937592 0.0079324569 0.99985543 -0.015039601 -0.14770402 0.21680593 0.012962656 0.97612866 7.9825846
0.97432902 -0.016520158 -0.2245218 -1.2054247 0.013226728 0.99978185 -0.016164892 -0.16649857 0.22473989 0.012780234 0.97433498 8.4962332
0.97257733 -0.017446944 -0.23192444 -1.3334134 0.013615116 0.99974325 -0.018112416 -0.18885265 0.23218092 0.014458047 0.97256516 9.0207114
0.97034564 -0.013988154 -0.24131653 -1.4895522 0.0087311934 0.999701 -0.022840113 -0.19278189 0.24156388 0.020055823 0.97017764 9.5500869
0.96841117 -0.011295814 -0.24910278 -1.6374667 0.0049778397 0.99965011 -0.025978298 -0.21162415 0.24930909 0.02391768 0.96812857 10.093134
0.96588483 -0.013538984 -0.25861782 -1.7983329 0.0065706175 0.99959219 -0.027790055 -0.23267048 0.25888863 0.025142714 0.96557989 10.634031
0.96354692 -0.0154131 -0.26709506 -1.9614588 0.0078090258 0.99953403 -0.029508427 -0.26261939 0.26742544 0.026347002 0.96321829 11.209942
0.96152418 -0.015533172 -0.27428083 -2.1389878 0.0069389932 0.99945491 -0.032276027 -0.2876064 0.27463269 0.029130948 0.96110784 11.791817
0.95919726 -0.014904211 -0.2823446 -2.3225954 0.0049160126 0.99933785 -0.036051392 -0.31221291 0.28269499 0.033192388 0.95863539 12.390596
0.95707834 -0.015689664 -0.28940434 -2.5134577 0.0040559252 0.99916094 -0.040754955 -0.33914347 0.28980097 0.037831883 0.95633893 12.957855
0.95509108 -0.016606279 -0.29584668 -2.716081 0.0024634867 0.99883885 -0.04811324 -0.37908801 0.29630217 0.045223712 0.95402298 13.585792
0.95364886 -0.017188558 -0.30043035 -2.9244195 0.00028341283 0.9984182 -0.056222989 -0.41735281 0.30092155 0.053531845 0.95214525 14.195425
0.95253926 -0.017192845 -0.30392985 -3.1302456 -0.0026883829 0.9978898 -0.064874688 -0.46265046 0.3044039 0.062612768 0.95048299 14.806929
0.95117305 -0.016350517 -0.30822472 -3.3557888 -0.0067888287 0.99724615 -0.07385144 -0.50818648 0.30858345 0.072337986 0.94844266 15.459611
0.94997656 -0.015573426 -0.31193269 -3.5793462 -0.010204919 0.99667499 -0.080838197 -0.56612628 0.31215447 0.079977641 0.94665895 16.100869
0.94833215 -0.014782073 -0.31693471 -3.8123817 -0.013678343 0.99608059 -0.087386284 -0.63000606 0.31698429 0.087206365 0.94441306 16.772844
0.94665648 -0.012924778 -0.32198516 -4.0638827 -0.018132134 0.99547583 -0.093268909 -0.70151683 0.32173395 0.094131897 0.9421393 17.438868
0.94529335 -0.011451918 -0.32602043 -4.3012518 -0.021910778 0.99489806 -0.098477269 -0.77314797 0.32548488 0.10023327 0.9402196 18.117347
0.94354654 -0.0084315911 -0.33113265 -4.5748408 -0.026933134 0.99441304 -0.10206528 -0.85374536 0.33014322 0.10522178 0.93804789 18.831685
0.94186154 -0.0076844569 -0.33591335 -4.82816 -0.02875935 0.99422586 -0.10338204 -0.93038596 0.3347682 0.10703222 0.9362021 19.502804
0.93950437 -0.0067265739 -0.34247086 -5.1126911 -0.030202519 0.99428634 -0.102384 -1.0161837 0.34120282 0.1065337 0.9339332 20.212335
0.93715315 -0.0071324766 -0.34884536 -5.3961553 -0.030037594 0.9944302 -0.10102635 -1.1046475 0.34762296 0.10515564 0.93171915 20.940877
0.9346471 -0.0073554611 -0.3555006 -5.6770136 -0.029898653 0.99461966 -0.099185691 -1.1887173 0.35431748 0.10333261 0.92939847 21.657012
0.9318816 -0.0072558278 -0.36268999 -5.9620607 -0.029502688 0.99497214 -0.095708062 -1.2715368 0.36156091 0.099888913 0.92698216 22.362647
0.92819927 -0.0034981594 -0.37206702 -6.2896316 -0.032556329 0.99535718 -0.090576896 -1.3546591 0.37065647 0.096186546 0.92377592 23.19624
0.92466781 -0.0018216213 -0.38077041 -6.6161304 -0.032993665 0.99584422 -0.084886397 -1.434012 0.37934268 0.091054732 0.920765 23.900024
0.92139948 0.0013068816 -0.38861456 -6.9438486 -0.035681304 0.99605484 -0.081250187 -1.51388 0.38697527 0.088730156 0.91781105 24.657539
0.91769656 0.0015117649 -0.39727914 -7.2841562 -0.035990171 0.99619732 -0.079344808 -1.5837905 0.3956485 0.087112603 0.91426127 25.403667
0.91390514 0.0032833073 -0.40591452 -7.6395936 -0.038535612 0.99615292 -0.078704293 -1.6670712 0.40409455 0.087570424 0.9105158 26.181266
0.91015297 0.0051405666 -0.41424042 -7.9812631 -0.041014551 0.99612857 -0.077753994 -1.7429955 0.41223705 0.087757915 0.90684022 26.929404
0.90584975 0.0041063562 -0.42357921 -8.3812098 -0.039959928 0.99632217 -0.075797947 -1.8091776 0.42171014 0.085587747 0.90268229 27.70033
0.90225456 0.0045714631 -0.43117953 -8.7585294 -0.040067489 0.99650643 -0.073277086 -1.8824992 0.42933823 0.083390867 0.89928564 28.475412
0.89818175 0.0044334713 -0.43960195 -9.139932 -0.038844912 0.99683836 -0.069313464 -1.9575901 0.43790482 0.079332389 0.89551424 29.256504
0.89464531 0.0059812575 -0.44673703 -9.5690297 -0.038528059 0.99721835 -0.063805601 -2.0205955 0.44511277 0.074295294 0.89238716 30.081693
0.89122634 0.0052570827 -0.45352833 -9.9801122 -0.036225209 0.99756347 -0.059622701 -2.0906811 0.45210989 0.069566482 0.88924528 30.871457
0.88765953 0.0049128914 -0.4604741 -10.438475 -0.03539093 0.99771348 -0.05757856 -2.1561867 0.45913838 0.067406765 0.88580376 31.702483
0.88412271 0.0061547475 -0.46721423 -10.86811 -0.03668958 0.99774037 -0.056285203 -2.2222962 0.46581212 0.066904921 0.88235073 32.505948
0.88114257 0.004363024 -0.47283054 -11.313027 -0.034129162 0.99793618 -0.054392923 -2.2704746 0.47161743 0.064065231 0.87947295 33.325904
0.87802138 0.0029312992 -0.47861241 -11.786039 -0.032378356 0.99805423 -0.053285896 -2.336653 0.47752498 0.06228284 0.87640787 34.163284
0.87613978 0.0019860037 -0.48205302 -12.272333 -0.031442152 0.99809755 -0.053034607 -2.3961107 0.48103065 0.061622514 0.87453542 35.017836
0.87356972 0.0023317075 -0.48669343 -12.750444 -0.03243141 0.99804482 -0.053429829 -2.458707 0.48561731 0.062458835 0.87193735 35.830879
0.87145531 0.0019844907 -0.49047088 -13.24279 -0.032633429 0.99801057 -0.053944141 -2.5184213 0.48938811 0.063015655 0.86978637 36.715533
0.87206468 0.0025311815 -0.48938407 -13.747107 -0.032754914 0.99804621 -0.053205993 -2.5806947 0.48829329 0.062428801 0.87044376 37.569358
0.87136694 0.0014076137 -0.49062985 -14.249745 -0.030641027 0.99819998 -0.05155515 -2.6404582 0.48967418 0.059956856 0.86984159 38.458841
0.8707747 0.00024329597 -0.49168216 -14.758858 -0.029176309 0.99826329 -0.051177605 -2.7041646 0.49081584 0.058909635 0.86926951 39.368184
0.87101273 4.3717029e-05 -0.49126042 -15.273523 -0.029255222 0.99822986 -0.051781148 -2.7716 0.4903886 0.059473972 0.86947219 40.252367
0.86967372 -0.0025625582 -0.49362033 -15.806946 -0.026761639 0.99827111 -0.052331759 -2.8360138 0.49290105 0.058721645 0.86810157 41.172061
0.86829624 -0.0031494497 -0.49603599 -16.344518 -0.025452805 0.9983797 -0.050893322 -2.8975422 0.49539259 0.056815988 0.86680917 42.085903
0.86518622 -0.0038334747 -0.50143603 -16.862622 -0.022811805 0.99863464 -0.046994426 -2.9633902 0.50093158 0.052097591 0.86391748 43.008597
0.86425758 -0.0021953209 -0.50304473 -17.37918 -0.022316251 0.99883869 -0.0426995 -3.0302596 0.50255432 0.04812944 0.86320492 43.921995
0.85949199 -0.0034619371 -0.51113747 -17.957594 -0.020224488 0.99896369 -0.040774028 -3.0910862 0.51074898 0.045382444 0.85853127 44.82176
0.85512826 -0.0074941557 -0.5183623 -18.514372 -0.017098393 0.9989438 -0.042648855 -3.1535223 0.51813447 0.045333404 0.85409694 45.732943
0.8484716 -0.0095192394 -0.52915528 -19.066053 -0.017628157 0.99877512 -0.04623325 -3.2164849 0.52894728 0.048555632 0.84726451 46.595227
0.84289815 -0.0099425234 -0.53798125 -19.671302 -0.017389186 0.99880366 -0.045704084 -3.2754873 0.5377921 0.047878944 0.84171687 47.50555
0.83712258 -0.0068641365 -0.54697225 -20.259679 -0.018557623 0.99898932 -0.040938463 -3.3386991 0.54670049 0.044421017 0.83614913 48.420384
0.83240505 -0.004068398 -0.55415274 -20.872115 -0.019210728 0.99916018 -0.036192344 -3.3977689 0.55383464 0.040772367 0.83162782 49.281444
0.82862454 -0.0032317603 -0.55979541 -21.473587 -0.02145361 0.99906541 -0.037523935 -3.4513037 0.55939355 0.043102886 0.82778078 50.181224
0.82477497 -0.0055470245 -0.56543387 -22.086048 -0.022056182 0.99887532 -0.041971613 -3.5063305 0.5650308 0.047088448 0.82372501 51.026204
0.82211592 -0.0067065622 -0.5692806 -22.698686 -0.025470866 0.99849611 -0.048546322 -3.5784925 0.56875009 0.054410775 0.82070873 51.871604
0.81910293 -0.0078757166 -0.57359248 -23.322312 -0.02568317 0.9983996 -0.050384675 -3.6392379 0.57307136 0.056001909 0.81758977 52.751669
0.81584345 -0.0058161216 -0.57824355 -23.93918 -0.025913594 0.9985772 -0.046605414 -3.706297 0.57769194 0.053007091 0.81453195 53.57596
0.81268449 -0.0041885023 -0.5826889 -24.581487 -0.024407879 0.99885184 -0.04122199 -3.7681563 0.58219259 0.047722673 0.81164917 54.490998
0.81011491 -0.0023212538 -0.58626651 -25.236695 -0.024972175 0.99894797 -0.038462271 -3.8294059 0.58573907 0.04579921 0.80920467 55.356344
0.80651325 -0.0014249663 -0.59121427 -25.863694 -0.026762766 0.99888401 -0.038916348 -3.8854779 0.59060999 0.04720908 0.80557506 56.199965
0.80393725 -0.0037798465 -0.59470209 -26.543179 -0.02520411 0.99886483 -0.040420367 -3.9443678 0.59417984 0.047484376 0.80292938 57.087378
0.79944651 -0.0043112083 -0.60072179 -27.176827 -0.026717278 0.99872965 -0.042723212 -4.0093341 0.6001429 0.050204575 0.79831575 57.912292
0.7954064 -0.0066383407 -0.60604007 -27.828586 -0.024873377 0.99874003 -0.043585267 -4.0615036 0.60556586 0.049742263 0.79423909 58.72989
0.79085765 -0.0064222432 -0.61196642 -28.507596 -0.024787136 0.99878832 -0.042514679 -4.1298186 0.611498 0.048791954 0.78974019 59.633217
0.78644526 -0.0074124371 -0.61761547 -29.166452 -0.023261111 0.99886321 -0.041607766 -4.1853786 0.61722184 0.047088653 0.78537882 60.461396
0.78046122 -0.0089235558 -0.62514048 -29.85955 -0.022523784 0.99884773 -0.042378014 -4.2518161 0.62479836 0.047154926 0.77936093 61.283568
0.77459387 -0.0098542961 -0.63238216 -30.558984 -0.022883786 0.99878722 -0.043593868 -4.312389 0.63204485 0.048238842 0.77342896 62.114961
0.77039843 -0.011196425 -0.6374644 -31.255658 -0.022201775 0.99876826 -0.044374 -4.3754763 0.63717609 0.048338502 0.76920092 62.932578
0.76505583 -0.012514046 -0.64384233 -31.99696 -0.021796846 0.99873504 -0.045312366 -4.4382984 0.64359499 0.048700223 0.7638153 63.788944
0.76030744 -0.014197614 -0.64940819 -32.669365 -0.021135205 0.99869103 -0.046578227 -4.5066708 0.64921949 0.049139148 0.75901215 64.623176
0.75275516 -0.013835908 -0.65815515 -33.421583 -0.022374252 0.99866375 -0.046584385 -4.5734997 0.65792028 0.049792366 0.75143973 65.421156
0.74685018 -0.015237025 -0.66481772 -34.1653 -0.019992973 0.99877104 -0.045350856 -4.6352346 0.66469175 0.047161978 0.74562769 66.242566
0.74091039 -0.016430227 -0.67140286 -34.893305 -0.017969143 0.99885786 -0.044272949 -4.6973085 0.6713635 0.044866822 0.73976893 67.050958
0.73340642 -0.015663517 -0.67960991 -35.693772 -0.020214712 0.99878987 -0.044834779 -4.7723648 0.67948982 0.046620234 0.73220228 67.880547
0.72659486 -0.019842458 -0.68677955 -36.458828 -0.016440718 0.99879454 -0.046251056 -4.8388568 0.68686946 0.044896929 0.72539276 68.677763
0.72336824 -0.016030461 -0.6902763 -37.240448 -0.022204512 0.99867327 -0.046461438 -4.9064267 0.69010534 0.048935978 0.72205258 69.476174
0.71771026 -0.019254339 -0.69607558 -38.042005 -0.017381031 0.99881086 -0.04554963 -4.9670123 0.69612494 0.044789948 0.71652214 70.275287
0.7135935 -0.017614543 -0.70033849 -38.830633 -0.020370141 0.99873946 -0.045875442 -5.0375081 0.70026381 0.047002411 0.71233518 71.078427
0.70925798 -0.018632199 -0.70470271 -39.634003 -0.020006265 0.998716 -0.046541437 -5.1056772 0.7046651 0.047108355 0.70797453 71.898168
0.7036783 -0.020044227 -0.7102359 -40.440495 -0.02108888 0.99857239 -0.049075804 -5.175351 0.71020571 0.049511659 0.70225102 72.694407
0.69915968 -0.022453653 -0.71461286 -41.295531 -0.020850903 0.99844125 -0.051771756 -5.2480638 0.71466148 0.051097048 0.69760168 73.472242
0.6946237 -0.023279973 -0.71899647 -42.150238 -0.021123483 0.99838518 -0.05273357 -5.321248 0.71906311 0.051817698 0.69301025 74.261539
0.6884927 -0.022504105 -0.72489401 -42.96609 -0.021229713 0.99846476 -0.051160662 -5.3926539 0.72493251 0.050613034 0.68695794 75.074095
0.684595 -0.022229195 -0.72858459 -43.806781 -0.021002731 0.99851835 -0.050199556 -5.4675842 0.72862103 0.049668632 0.6831138 75.821538
0.67999142 -0.02296043 -0.73286045 -44.692821 -0.020872483 0.99849835 -0.05064956 -5.5497837 0.73292295 0.049737884 0.67849108 76.628815
0.67592631 -0.023856564 -0.73658295 -45.546665 -0.020031153 0.99851193 -0.050721574 -5.6220896 0.73669696 0.049038653 0.67444261 77.406755
0.67090218 -0.024634932 -0.74113652 -46.452768 -0.019299082 0.99852944 -0.050660706 -5.698347 0.74129472 0.048291633 0.66944014 78.207052
0.6667567 -0.025714699 -0.74483166 -47.324191 -0.017792373 0.99857051 -0.050402158 -5.7718408 0.74506307 0.0468583 0.66534605 78.975043
0.66272885 -0.030218452 -0.74824947 -48.234638 -0.012303822 0.99861124 -0.051227009 -5.8445257 0.7487584 0.043155945 0.66143667 79.750245
0.65912468 -0.033188768 -0.75130095 -49.10446 -0.011684765 0.99845315 -0.054357905 -5.9287156 0.75194293 0.044607412 0.65771731 80.543209
0.65373535 -0.038264796 -0.75575515 -50.025193 -0.0065194412 0.99839884 -0.056189515 -6.0023484 0.75669521 0.041660174 0.65243914 81.312383
0.64860657 -0.040790356 -0.76003001 -50.937678 -0.0033734301 0.99839903 -0.05646235 -6.0932352 0.7611164 0.039185759 0.64743057 82.095877
0.6398199 -0.044314198 -0.76724618 -51.839978 0.0013673745 0.99840026 -0.056524795 -6.180196 0.7685237 0.035116576 0.63885695 82.865145
0.63226755 -0.045419002 -0.77341761 -52.796239 0.0039179262 0.99845481 -0.055431428 -6.2631969 0.77474024 0.032017301 0.63146853 83.617064
0.62352909 -0.045597224 -0.7804693 -53.743654 0.0068834126 0.99857924 -0.052840558 -6.3388153 0.78176988 0.027575333 0.62295706 84.395613
0.61336018 -0.043617936 -0.78859794 -54.718756 0.0038016055 0.99862534 -0.052277872 -6.4276716 0.78979421 0.029067227 0.61268284 85.092738
0.60576402 -0.044511273 -0.79439829 -55.653454 0.0015325566 0.99849735 -0.054778592 -6.5039072 0.79564292 0.03196544 0.60492198 85.805906
0.59347815 -0.048374598 -0.803395 -56.664657 0.0047586257 0.99838558 -0.056600253 -6.5829701 0.80483606 0.029767958 0.59275023 86.522513
0.58561389 -0.048786477 -0.80912063 -57.692342 0.0033177192 0.99832306 -0.057793313 -6.6716173 0.81058338 0.031160132 0.58479371 87.279613
0.57514729 -0.050679171 -0.81647851 -58.654222 0.0077509418 0.99837198 -0.056509424 -6.7525698 0.81801319 0.026172765 0.57460375 87.975058
0.56489027 -0.050172179 -0.82363929 -59.67266 0.0083572041 0.99844648 -0.055088839 -6.8407152 0.82512375 0.024235827 0.564432 88.661206
0.55522984 -0.051682325 -0.83008958 -60.713854 0.0098596798 0.99840628 -0.055566979 -6.9247894 0.83163855 0.022668027 0.55485453 89.324607
0.54599702 -0.05217901 -0.8361606 -61.756305 0.0082543439 0.9983452 -0.056909901 -7.0106718 0.83774649 0.024170679 0.5455242 89.969347
0.53469806 -0.052694827 -0.84339859 -62.833322 0.0067651231 0.99828882 -0.058083282 -7.0983789 0.84501614 0.025351323 0.53413958 90.659956
0.52580486 -0.053030236 -0.84895052 -63.873747 0.00459394 0.9982172 -0.059508977 -7.1939212 0.85059285 0.027390082 0.52511107 91.3115
0.51685257 -0.053790934 -0.85438275 -64.960072 0.0056064089 0.99821525 -0.059454902 -7.2755843 0.8560561 0.0259394 0.51623169 91.940067
0.50905601 -0.051577043 -0.85918666 -66.033872 0.0039472134 0.99833244 -0.057591306 -7.3639559 0.86072438 0.025925807 0.50841072 92.563642
0.50238491 -0.050283288 -0.8631807 -67.148916 0.0049532831 0.99845856 -0.055280805 -7.4590678 0.86462994 0.023496664 0.50185959 93.216932
0.4924433 -0.050058212 -0.86890374 -68.24305 0.0044375943 0.99847605 -0.055008006 -7.5464246 0.87033325 0.023232482 0.49191499 93.802925
0.48714043 -0.053278149 -0.87169695 -69.359814 0.0062940131 0.99832565 -0.057500343 -7.6385351 0.87330101 0.02252427 0.48666012 94.446515
0.47950925 -0.05660432 -0.87570929 -70.451508 0.0083701893 0.9981671 -0.059936541 -7.725762 0.87749694 0.021410273 0.47910415 95.034757
0.47231684 -0.059930368 -0.87938904 -71.612198 0.0097636241 0.99798036 -0.062768358 -7.8267964 0.8813748 0.021060528 0.47194807 95.631581
0.46939597 -0.062726146 -0.88075694 -72.698069 0.010649648 0.99780319 -0.06538631 -7.923268 0.88292359 0.021312319 0.46903281 96.240123
0.46394036 -0.063817976 -0.88356468 -73.815587 0.013343223 0.997792 -0.065062136 -8.0252161 0.88576598 0.01839535 0.46376752 96.800709
0.45706833 -0.061914432 -0.88727396 -74.936162 0.015533585 0.99797772 -0.06163746 -8.1292608 0.88929597 0.014389985 0.45710576 97.400457
0.45450172 -0.059254784 -0.88877274 -76.11525 0.018168038 0.99819403 -0.057259144 -8.2292028 0.8905606 0.0098771219 0.45475744 97.954195
0.44974934 -0.059440905 -0.89117464 -77.205401 0.020916844 0.9982103 -0.056024021 -8.3176076 0.89290989 0.0065562051 0.45018774 98.493449
0.4477797 -0.059676616 -0.8921502 -78.323952 0.022208973 0.99820477 -0.055623768 -8.4158213 0.8938681 0.0050934544 0.44830119 99.056894
0.44554994 -0.058440547 -0.89334757 -79.443673 0.023380515 0.99828634 -0.053644532 -8.509261 0.89495177 0.0030143915 0.44615279 99.61739
0.44212665 -0.058266379 -0.89505809 -80.546365 0.026209588 0.99830097 -0.052040673 -8.5907626 0.89656966 -0.00045053592 0.44290261 100.16044
0.44048193 -0.058821011 -0.8958324 -81.654027 0.02813885 0.99826559 -0.051710941 -8.6816824 0.89732042 -0.0024299589 0.44137311 100.7287
0.43563002 -0.059365735 -0.89816598 -82.750723 0.030805278 0.99822151 -0.051037838 -8.7682392 0.89959857 -0.0054346389 0.43668403 101.237
0.43437461 -0.057308198 -0.89890734 -83.845035 0.03129104 0.99833165 -0.048526198 -8.849448 0.90018867 -0.0070491977 0.43544316 101.76441
0.43319498 -0.058234798 -0.8994169 -84.880111 0.035879939 0.99823366 -0.047351709 -8.9323888 0.90058582 -0.011758502 0.43451927 102.31662
0.43010604 -0.058026763 -0.90091155 -85.975403 0.036312182 0.99823656 -0.046959492 -9.0207576 0.90204783 -0.012516504 0.43145465 102.79251
0.42976636 -0.05987889 -0.90095245 -87.01273 0.038431287 0.99810755 -0.048003752 -9.0974448 0.90212193 -0.013994366 0.43125427 103.29306
0.43081338 -0.060834905 -0.90038818 -88.060601 0.037888146 0.99806484 -0.049305912 -9.1798097 0.90164538 -0.012872393 0.4322846 103.75979
0.43171972 -0.060889002 -0.8999503 -89.106507 0.035906146 0.99808829 -0.050304122 -9.262011 0.9012929 -0.010596466 0.43308069 104.27573
0.43364292 -0.062022447 -0.8989477 -90.117713 0.036208613 0.99802198 -0.051391374 -9.3466852 0.90035705 -0.010264144 0.43503092 104.75538
0.43746473 -0.062801861 -0.89703983 -91.167087 0.0358231 0.9979835 -0.052398876 -9.4329232 0.89852177 -0.009212088 0.43883235 105.22955
0.44376944 -0.062930642 -0.8939286 -92.145695 0.033794644 0.99799688 -0.053480283 -9.5103184 0.89550359 -0.0064770848 0.44500724 105.72248
0.4505341 -0.062146255 -0.89059351 -93.174998 0.03120379 0.99806083 -0.053860006 -9.5948499 0.89221377 -0.0035241238 0.45159964 106.25033
0.4563819 -0.06039391 -0.88773198 -94.159422 0.02944135 0.99817251 -0.052771606 -9.674326 0.88929682 -0.0020520231 0.45732595 106.75174
0.46267811 -0.059908692 -0.88449977 -95.151009 0.029391031 0.99820219 -0.052235628 -9.7530464 0.88603905 -0.0018280796 0.46360708 107.2346
0.47225086 -0.058931246 -0.879492 -96.128098 0.02794981 0.99826204 -0.051881659 -9.8297921 0.881021 -8.0476737e-05 0.47307722 107.75601
0.48182641 -0.059175072 -0.87426629 -97.103087 0.028480373 0.99824762 -0.05187067 -9.9081308 0.87580377 9.3228185e-05 0.4826674 108.28102
0.4919634 -0.060368297 -0.86852036 -98.069947 0.028534938 0.99817519 -0.053216936 -9.9868981 0.87014817 0.0013976093 0.49278827 108.83425
0.50302211 -0.061108742 -0.86211044 -99.012308 0.02552547 0.99811253 -0.055855403 -10.061948 0.86389656 0.0060907279 0.5036325 109.36975
0.51269693 -0.060681731 -0.85642252 -99.948668 0.022001884 0.99810022 -0.057548874 -10.147411 0.85828774 0.010662222 0.51305803 109.92356
0.52567267 -0.058435217 -0.8486775 -100.84847 0.018949924 0.99819475 -0.05699252 -10.224406 0.85047587 0.013877037 0.52583105 110.48246
0.53764501 -0.056785702 -0.8412569 -101.76991 0.018817528 0.99828916 -0.055359309 -10.298963 0.84296133 0.01393328 0.53779375 111.03908
0.55122599 -0.054191021 -0.83259425 -102.67146 0.01771633 0.99842377 -0.053255115 -10.37847 0.8341679 0.014605089 0.5513172 111.66802
0.5625913 -0.054354754 -0.82494638 -103.56011 0.018966725 0.99842232 -0.052850084 -10.45762 0.8265176 0.014086466 0.56273465 112.23824
0.5744673 -0.053978107 -0.81674576 -104.43685 0.017909444 0.99841325 -0.053387565 -10.532431 0.81833162 0.016041947 0.57452248 112.83744
0.58561547 -0.054940869 -0.8087249 -105.28868 0.018378729 0.99834384 -0.054514223 -10.610309 0.81038065 0.017061036 0.58565534 113.46232
0.59627045 -0.058371374 -0.80065865 -106.12283 0.02259553 0.9981782 -0.055943925 -10.687146 0.8024656 0.015266403 0.5965031 114.05198
0.60678125 -0.057916108 -0.79275607 -106.9551 0.023152567 0.9982066 -0.055204495 -10.773331 0.79453164 0.015142715 0.60703396 114.70375
0.61742015 -0.054921269 -0.78471394 -107.79092 0.020597587 0.99834644 -0.053666803 -10.844672 0.78636388 0.016971751 0.61753045 115.32445
0.62710155 -0.053268066 -0.77711396 -108.56192 0.022210061 0.99847612 -0.050518882 -10.913856 0.77862084 0.014420721 0.62732901 115.98485
0.63738812 -0.053009112 -0.76871735 -109.34451 0.0233145 0.99850083 -0.049523088 -10.992075 0.77019015 0.013643167 0.63766845 116.61877
0.64684552 -0.051585958 -0.76087431 -110.1119 0.020226707 0.9985191 -0.050502441 -11.062289 0.76235281 0.017277296 0.64693102 117.25991
0.65760154 -0.050717824 -0.75165674 -110.87441 0.018036688 0.99850525 -0.051594109 -11.133845 0.75315001 0.020370967 0.65753337 117.90887
0.66702783 -0.049106226 -0.74341267 -111.61504 0.016247341 0.99854694 -0.051381211 -11.198921 0.74485565 0.022194218 0.66685645 118.55255
0.67572506 -0.047845856 -0.73559933 -112.35118 0.016884153 0.99863414 -0.049444662 -11.272676 0.73696039 0.020991025 0.67560995 119.22324
0.6847888 -0.046458043 -0.72725918 -113.03652 0.01715123 0.99871686 -0.047649396 -11.333794 0.72853976 0.020156383 0.68470693 119.87571
0.69310533 -0.045821355 -0.71937846 -113.7317 0.017500715 0.99875308 -0.04675478 -11.400964 0.72062388 0.01981635 0.69304299 120.52984
0.69938519 -0.045568305 -0.71329085 -114.40441 0.017605708 0.99876113 -0.046542978 -11.467194 0.71452812 0.019993479 0.69932101 121.18073
0.70664297 -0.043793072 -0.70621373 -115.09066 0.015774205 0.99880981 -0.046153477 -11.531374 0.70739446 0.02147407 0.70649273 121.83971
0.71364851 -0.041238023 -0.69928906 -115.73421 0.015188524 0.99894194 -0.043408549 -11.586542 0.70033931 0.020357277 0.71351978 122.4969
0.72127843 -0.040240763 -0.69147528 -116.3795 0.016457763 0.99902476 -0.040971659 -11.650219 0.69244972 0.018171837 0.72123728 123.17574
0.72928108 -0.037442643 -0.68318893 -117.0447 0.013970329 0.99910825 -0.039843967 -11.706866 0.68407161 0.019513077 0.72915383 123.83263
0.73596788 -0.036538655 -0.6760297 -117.63268 0.013315848 0.99913063 -0.039505443 -11.764662 0.67688551 0.020072828 0.7358146 124.51094
0.7438389 -0.033721087 -0.66750771 -118.25836 0.011007578 0.99920904 -0.038211619 -11.816827 0.66826833 0.021075646 0.74362174 125.16116
0.75302887 -0.031464963 -0.65723469 -118.84084 0.010922399 0.9993161 -0.035327657 -11.868231 0.65789685 0.019424166 0.75285754 125.82261
0.76200518 -0.027885365 -0.64697023 -119.39389 0.0090730388 0.9994341 -0.032390799 -11.911402 0.64750739 0.018811971 0.76182697 126.48859
0.77200574 -0.025515647 -0.63510318 -119.95412 0.0075606713 0.99949188 -0.030964734 -11.963672 0.63557061 0.019103146 0.77180639 127.12439
0.78081706 -0.024980855 -0.62426008 -120.49108 0.006146092 0.99945907 -0.032307639 -12.003696 0.62472953 0.021389596 0.78054823 127.81091
0.79117467 -0.02536463 -0.61106403 -121.01116 0.0061255703 0.99941814 -0.033553727 -12.055474 0.61155961 0.022803743 0.79086969 128.48912
0.80099173 -0.024749204 -0.5981636 -121.5031 0.0059740863 0.99942582 -0.033351745 -12.101151 0.59864563 0.023140991 0.80067967 129.17302
0.81050809 -0.023697252 -0.58524786 -122.01325 0.0061776308 0.99947152 -0.031914187 -12.142396 0.58569489 0.022251261 0.81022614 129.83869
0.82041033 -0.021485839 -0.57137135 -122.48119 0.0056848173 0.99955084 -0.029424481 -12.180426 0.57174697 0.020892006 0.82016398 130.54311
0.82958277 -0.020123917 -0.55802099 -122.95919 0.0059704008 0.99961291 -0.027173147 -12.221904 0.55835187 0.019210765 0.8293818 131.24062
0.83839689 -0.018774506 -0.54473678 -123.4339 0.0064262514 0.99967761 -0.024563615 -12.259102 0.54502238 0.017093443 0.83824725 131.94782
0.84680381 -0.018165032 -0.53159507 -123.86941 0.0075245688 0.99972578 -0.022175183 -12.292258 0.53185216 0.014778006 0.84670828 132.66367
0.85337915 -0.018554439 -0.52096039 -124.29267 0.008910431 0.99973955 -0.021010487 -12.325379 0.52121459 0.013287929 0.85332222 133.37665
0.85979525 -0.018563205 -0.5103014 -124.74019 0.0093759406 0.99974444 -0.020570338 -12.358864 0.51055289 0.012901723 0.85974957 134.10394
0.86642854 -0.017349829 -0.49899954 -125.16972 0.0084975171 0.99976374 -0.02000651 -12.391696 0.49922879 0.013093954 0.86637127 134.82651
0.87286163 -0.015872867 -0.48770955 -125.59285 0.0071762776 0.99978028 -0.019695088 -12.421231 0.48791505 0.013691147 0.87278375 135.56431
0.87908221 -0.014499485 -0.4764496 -125.98496 0.0062759001 0.99980268 -0.018846887 -12.450089 0.4766289 0.013577813 0.87899975 136.33115
0.88431134 -0.015346055 -0.4666454 -126.38902 0.007160486 0.99978791 -0.019309527 -12.483886 0.46684279 0.013734226 0.88423368 137.07055
0.88944135 -0.016253776 -0.4567602 -126.76974 0.008103644 0.99977118 -0.019796693 -12.512662 0.4569775 0.013906576 0.88936955 137.83102
0.89371529 -0.017120524 -0.44830777 -127.17026 0.008835407 0.99974946 -0.020565997 -12.544635 0.44854759 0.014419165 0.89364264 138.60231
0.89681586 -0.016387575 -0.44210037 -127.55467 0.0083766684 0.99976356 -0.020066419 -12.574072 0.44232472 0.014292555 0.89674109 139.38842
0.89990312 -0.014765213 -0.43583981 -127.94256 0.0083301392 0.99982631 -0.016672021 -12.604931 0.43601032 0.011372597 0.89986982 140.17723
0.90299048 -0.011058847 -0.4295182 -128.32768 0.0062064713 0.99990013 -0.012696454 -12.630035 0.42961575 0.0087989846 0.90296894 140.96977
0.90638949 -0.0079641217 -0.42236791 -128.72917 0.0042101256 0.99994292 -0.0098200021 -12.652246 0.42242204 0.0071225246 0.90637128 141.79679
0.9101482 -0.0054977209 -0.41424631 -129.10736 0.0026220165 0.99996836 -0.0075103229 -12.672768 0.41427453 0.005749346 0.91013382 142.63216
0.91238568 -0.0038098275 -0.40931388 -129.49362 0.0015455263 0.99998162 -0.0058625952 -12.686952 0.40932872 0.0047163423 0.9123748 143.47249
0.91556226 -0.0023910892 -0.40216913 -129.88103 0.0014447556 0.99999543 -0.0026563816 -12.704026 0.40217367 0.0018510464 0.91556153 144.33455
0.91920586 -0.0025303708 -0.39376919 -130.25863 0.0023503171 0.9999968 -0.00093947842 -12.722604 0.39377034 -6.1908703e-05 0.91920886 145.20678
0.92224601 -0.0026375674 -0.38659452 -130.63896 0.0029973547 0.99999545 0.00032784405 -12.741677 0.38659193 -0.0014611141 0.92224973 146.1021
0.92576012 -0.0035659038 -0.37809454 -131.00931 0.0037802274 0.99999284 -0.00017533917 -12.739099 0.37809249 -0.0012669617 0.92576697 146.98673
0.92927453 -0.0059870378 -0.3693413 -131.35843 0.0064241134 0.99997936 -4.6433248e-05 -12.766117 0.36933399 -0.0023295415 0.92929381 147.9044
0.93326641 -0.0075981465 -0.35910453 -131.72961 0.0075559422 0.9999703 -0.0015210454 -12.774564 0.35910545 -0.0012938328 0.9332961 148.84588
0.93767692 -0.0087125086 -0.347399 -132.08562 0.0079916761 0.99996191 -0.0035076872 -12.797657 0.34741636 0.00051277678 0.93771084 149.77775
0.94235281 -0.0066747466 -0.33455436 -132.43479 0.0056286608 0.99997577 -0.004096198 -12.807286 0.33457363 0.0019769704 0.94236755 150.75831
0.94764105 -0.003534432 -0.31931792 -132.77516 0.0026294781 0.99999121 -0.0032650839 -12.82831 0.31932668 0.0022544879 0.94764202 151.72321
0.95395545 0.00028745385 -0.29994819 -133.09617 -0.00033629165 0.99999994 -0.00011119739 -12.83665 0.29994816 0.00020694719 0.95395548 152.73081
0.95979076 0.002959163 -0.28070079 -133.40637 -0.0026976838 0.99999549 0.0013179078 -12.852145 0.28070345 -0.00050767398 0.95979442 153.74896
0.96611976 0.0051914249 -0.25804195 -133.69329 -0.0046795785 0.99998568 0.0025977074 -12.87089 0.25805177 -0.0013021692 0.96613022 154.80338
0.97126723 0.0062145438 -0.23791036 -133.9535 -0.0054664189 0.99997782 0.0038041752 -12.87067 0.23792875 -0.0023943533 0.97127966 155.83898
0.97635611 0.0066328869 -0.21606652 -134.19642 -0.0054356056 0.99996641 0.0061350439 -12.890063 0.21609997 -0.0048155355 0.97635937 156.91366
0.98110392 0.0087328557 -0.19328432 -134.42024 -0.0069659144 0.99992753 0.0098194064 -12.890104 0.19335608 -0.0082874565 0.98109365 158.0021
0.98512193 0.010376321 -0.17154332 -134.61211 -0.0080898705 0.99986895 0.014022423 -12.898572 0.17166636 -0.012426033 0.98507678 159.0957
0.98888728 0.012519773 -0.1481391 -134.81061 -0.010025048 0.99979529 0.01757516 -12.895021 0.14832882 -0.015894751 0.98881036 160.25285
0.99188717 0.014091073 -0.12633798 -134.94864 -0.011961392 0.99977356 0.017599873 -12.894951 0.12655738 -0.015945911 0.99183111 161.36987
0.99440892 0.013882099 -0.10468133 -135.07771 -0.012291533 0.99979924 0.01582424 -12.892838 0.10488 -0.014449071 0.99437991 162.51404
0.99647114 0.01397837 -0.08276395 -135.18763 -0.012804255 0.99980996 0.014700168 -12.885175 0.082953713 -0.013588562 0.99646075 163.6753
0.99795695 0.012191665 -0.062715992 -135.27915 -0.011192314 0.99980513 0.016261292 -12.887181 0.062902028 -0.015526132 0.99789893 164.84748
0.99897758 0.012839134 -0.043346905 -135.32779 -0.012039116 0.99975327 0.018667077 -12.883567 0.043575883 -0.018126133 0.99888567 166.02551
0.99967478 0.013058386 -0.021904479 -135.37089 -0.01263499 0.99973279 0.019357525 -12.88041 0.022151406 -0.019074467 0.99957265 167.26614
0.99989213 0.014465581 -0.0025458808 -135.38491 -0.014411664 0.99969498 0.020056166 -12.870533 0.0028352286 -0.020017312 0.99979561 168.46157
0.99971079 0.014807251 0.018949596 -135.37573 -0.015197694 0.99967169 0.020628836 -12.861523 -0.01863792 -0.02091086 0.9996076 169.70343
0.9991011 0.016844948 0.038900358 -135.34331 -0.017635627 0.99964297 0.020072824 -12.853815 -0.038548346 -0.020740814 0.99904146 170.93531
0.99808349 0.018039178 0.059193972 -135.29528 -0.019203523 0.99963198 0.019160375 -12.84576 -0.058826555 -0.020260387 0.9980626 172.16858
0.99663447 0.018109785 0.079948478 -135.19059 -0.019512984 0.99966836 0.016804979 -12.841821 -0.079617636 -0.018308455 0.99665733 173.45553
0.99506472 0.019932657 0.097205401 -135.07601 -0.021409262 0.99967036 0.014171167 -12.842138 -0.096890897 -0.016182324 0.99516345 174.71193
0.99301496 0.020481635 0.11619719 -134.95923 -0.022079948 0.99967825 0.012484569 -12.838151 -0.11590411 -0.014962992 0.9931477 176.00424
0.99043742 0.020548826 0.13642385 -134.77286 -0.022108847 0.99970626 0.0099296258 -12.849669 -0.13617975 -0.012850847 0.99060079 177.28858
0.98771086 0.021766453 0.15476909 -134.59162 -0.0227557 0.99973037 0.0046227951 -12.850698 -0.15462675 -0.008087864 0.98793985 178.60815
0.98487813 0.02323321 0.17168365 -134.3818 -0.023255089 0.99972779 -0.0018840385 -12.87832 -0.1716807 -0.0021369701 0.98515033 179.87973
0.98179036 0.025825011 0.18820402 -134.13937 -0.024896923 0.99966341 -0.0072940055 -12.884199 -0.18832906 0.0024754835 0.98210287 181.18835
0.97816225 0.027752898 0.20598151 -133.87505 -0.026038777 0.9996001 -0.011028428 -12.926361 -0.20620522 0.005424086 0.97849373 182.49132
0.9738771 0.030043713 0.22507948 -133.58772 -0.027590957 0.99952076 -0.014035555 -12.956641 -0.22539331 0.0074587477 0.97423931 183.83286
0.96988857 0.029520716 0.24175337 -133.28723 -0.027024872 0.99954178 -0.013634042 -12.991033 -0.2420451 0.0066901479 0.97024194 185.13409
0.9654632 0.02842698 0.25898401 -132.94054 -0.025565791 0.99956928 -0.014409797 -13.029543 -0.25928211 0.0072909983 0.96577411 186.50618
0.96072284 0.027958003 0.27609776 -132.57601 -0.023688011 0.99954282 -0.018789033 -13.080939 -0.27649686 0.011510847 0.96094588 187.83401
0.95595183 0.029311015 0.29205644 -132.17783 -0.023484762 0.99944946 -0.023435808 -13.132124 -0.2925826 0.015544628 0.9561139 189.1754
0.95052027 0.031804872 0.30903018 -131.76576 -0.025751995 0.99938864 -0.023646997 -13.175493 -0.30959336 0.014518807 0.9507582 190.5145
0.94466145 0.03351166 0.32633068 -131.31496 -0.027239742 0.99934624 -0.023771651 -13.235414 -0.32691399 0.013566999 0.94495671 191.85436
0.93856849 0.037570812 0.34304172 -130.85672 -0.030049343 0.9991778 -0.027216969 -13.273414 -0.34378226 0.015236812 0.93892577 193.19749
0.93153517 0.03863129 0.36159348 -130.34175 -0.029512428 0.99909256 -0.030709547 -13.342263 -0.36245174 0.017935522 0.93182996 194.52562
0.92496849 0.039324269 0.37800382 -129.83635 -0.028830047 0.99902671 -0.033383555 -13.402535 -0.37894873 0.019980869 0.92520194 195.87227
0.9179907 0.039555328 0.39462442 -129.27632 -0.02672702 0.998922 -0.037953893 -13.480615 -0.39570033 0.024294186 0.91805831 197.19097
0.90904275 0.043002955 0.41447799 -128.67889 -0.027213766 0.998664 -0.043927609 -13.565374 -0.41581329 0.028652568 0.90899854 198.53363
0.8994727 0.046363627 0.43451038 -128.06218 -0.028392857 0.99845509 -0.047762728 -13.642162 -0.43605359 0.030624279 0.89939949 199.84533
0.88719032 0.049500963 0.45874064 -127.41863 -0.030369598 0.99833731 -0.048992926 -13.738409 -0.46040313 0.029534282 0.88721852 201.1824
0.87501006 0.053656831 0.48112194 -126.76416 -0.033025934 0.99813947 -0.051253072 -13.831449 -0.48297692 0.028957453 0.87515415 202.45063
0.86037212 0.058105861 0.50634327 -126.02546 -0.035293926 0.9978875 -0.054542452 -13.931748 -0.50844289 0.029055965 0.86060537 203.788
0.84476566 0.061836545 0.53155169 -125.27657 -0.036804123 0.99766287 -0.057569505 -14.041526 -0.53386933 0.029069448 0.84506717 205.05788
0.82981971 0.063044189 0.55445888 -124.47446 -0.035932443 0.9975724 -0.0596504 -14.137195 -0.55687354 0.029576017 0.83007057 206.28424
0.81428091 0.064327674 0.57689559 -123.64142 -0.035124844 0.99747975 -0.061647313 -14.254604 -0.57940735 0.029934864 0.81448822 207.529
0.79843756 0.066505657 0.5983932 -122.7766 -0.03332984 0.99723883 -0.066361428 -14.372323 -0.6011544 0.033041109 0.79844956 208.72399
0.78217403 0.069242406 0.61920049 -121.8591 -0.031866041 0.99695068 -0.071231329 -14.506488 -0.62224463 0.035983829 0.78199541 209.93778
0.7654983 0.070618258 0.63955092 -120.91877 -0.029554178 0.99676895 -0.07468743 -14.628246 -0.64275885 0.038271699 0.765112 211.08028
0.74965777 0.072608255 0.65783071 -119.93531 -0.028039644 0.99655573 -0.07804141 -14.769699 -0.66123146 0.040059012 0.74911165 212.21629
0.73318276 0.073138922 0.67608705 -118.91792 -0.025999904 0.99648742 -0.07960415 -14.911615 -0.67953446 0.040786194 0.732509 213.39174
0.71774331 0.073415564 0.69242664 -117.87517 -0.023887579 0.99643693 -0.080887745 -15.052316 -0.69589795 0.041516243 0.71693966 214.48651
0.70336178 0.074371356 0.70693073 -116.83246 -0.021472907 0.99628081 -0.083447401 -15.20241 -0.71050768 0.043513856 0.70234281 215.57978
0.6880163 0.075894019 0.72171575 -115.72518 -0.018653966 0.99603731 -0.086958115 -15.354243 -0.72545547 0.046365741 0.68670563 216.63205
0.67305881 0.078318397 0.7354305 -114.61831 -0.016570145 0.99572461 -0.090873132 -15.52102 -0.73940335 0.048976774 0.67147897 217.66753
0.65877074 0.080490796 0.7480256 -113.50792 -0.015277886 0.99548666 -0.093663758 -15.673014 -0.75218864 0.050274695 0.65702721 218.70842
0.64178711 0.081067013 0.76258599 -112.33721 -0.013809921 0.99545749 -0.094200176 -15.844123 -0.76675853 0.049925208 0.63999132 219.7059
0.62563056 0.082630905 0.77573093 -111.17672 -0.014616775 0.99544163 -0.094246004 -16.013638 -0.77998256 0.047624498 0.6239865 220.68006
0.60837461 0.083965174 0.78919588 -109.98306 -0.016861364 0.99553082 -0.09291976 -16.187816 -0.79347091 0.043223106 0.60707144 221.61181
0.59001164 0.084452808 0.80296571 -108.79884 -0.018972577 0.99569005 -0.090781933 -16.342804 -0.80717183 0.03832807 0.58907101 222.54227
0.57289518 0.086210903 0.81508204 -107.58252 -0.020946647 0.99566808 -0.090588686 -16.513015 -0.81936097 0.034824587 0.57221928 223.429
0.55401556 0.089217297 0.82771189 -106.36815 -0.022609797 0.99548675 -0.092167888 -16.687286 -0.83219927 0.032348047 0.55353233 224.28625
0.53648269 0.093072333 0.83876326 -105.15325 -0.025245029 0.99522493 -0.094286896 -16.854351 -0.84353368 0.029408686 0.53627056 225.10106
0.51705202 0.093323896 0.85085122 -103.90665 -0.02567055 0.9952821 -0.09356582 -17.028467 -0.85556899 0.026536578 0.51700829 225.87177
0.49552653 0.09221363 0.86368399 -102.64692 -0.025649203 0.99546843 -0.091568093 -17.197908 -0.86821405 0.023221615 0.49564622 226.63643
0.47449978 0.089894616 0.87565338 -101.39325 -0.025067545 0.99574825 -0.088639937 -17.354673 -0.87989865 0.020109151 0.47473576 227.34583
0.45271072 0.088899266 0.88721466 -100.14317 -0.025624974 0.99590359 -0.086714522 -17.519885 -0.8912892 0.016521742 0.45313427 228.01367
0.43042193 0.087433932 0.8983831 -98.88034 -0.024027742 0.9960546 -0.085427811 -17.670571 -0.90230798 0.015183887 0.43082458 228.64245
