1 0 0 0 0 1 0 0 0 0 1 0
0.99994081 -0.0025991492 0.010565539 0.012750814 0.0025878613 0.99999607 0.0010819117 -0.0059760582 -0.010568311 -0.0010545055 0.9999436 0.28227429
0.99983362 -0.0044229657 0.017696333 0.023066978 0.0044058827 0.99998979 0.001004228 -0.0081603413 -0.017700595 -0.00092609293 0.9998429 0.5885182
0.99978561 -0.0072246896 0.019404653 0.02953605 0.0072283725 0.99997387 -0.00011963849 -0.01665465 -0.019403283 0.00025987692 0.9998117 0.88735775
0.99981246 -0.0083704403 0.01746358 0.02905615 0.0084005077 0.99996336 -0.0016490421 -0.01897156 -0.017449139 0.0017954358 0.99984614 1.1920479
0.99988238 -0.011050233 0.010635384 0.027559852 0.01108528 0.9999333 -0.0032419175 -0.021546599 -0.010598852 0.0033594325 0.99993819 1.5079891
0.99992213 -0.012461856 -0.00066392648 0.013557196 0.012458646 0.99991163 -0.0046392774 -0.031175368 0.00072168187 0.0046306446 0.99998902 1.8318041
0.99979007 -0.011459682 -0.016984893 -0.0040932181 0.011377284 0.99992307 -0.0049400278 -0.036860405 0.017040199 0.0047457489 0.99984354 2.1596947
0.99930255 -0.007711374 -0.036536947 -0.04352613 0.007525072 0.99995799 -0.0052337951 -0.042596483 0.036575775 0.0049552017 0.9993186 2.4967047
0.99843508 -0.0042168345 -0.05576388 -0.082576059 0.003864346 0.99997188 -0.0064274139 -0.049467085 0.05578942 0.0062018647 0.9984233 2.8475335
0.9972415 -0.0035113353 -0.074142108 -0.13428713 0.003007053 0.99997159 -0.0069121001 -0.053817903 0.074164279 0.006670084 0.99722373 3.225542
0.99536629 -0.0044312602 -0.09605371 -0.18125298 0.0038642471 0.999974 -0.0060883008 -0.058947767 0.0960782 0.0056889142 0.99535753 3.6004592
0.99326412 -0.0056447028 -0.11573473 -0.24121961 0.0050603447 0.99997293 -0.0053423156 -0.067606267 0.11576176 0.0047206728 0.99326579 3.9851528
0.9910993 -0.0046998417 -0.13304167 -0.31348982 0.0041211047 0.99998081 -0.0046250758 -0.075215664 0.13306086 0.0040356307 0.99109965 4.3824403
0.98879527 -0.0036215929 -0.14923404 -0.39227741 0.0030698238 0.99998758 -0.0039275276 -0.083346814 0.14924643 0.0034253984 0.9887941 4.785371
0.9867188 -0.002975116 -0.16241047 -0.47367816 0.0023339113 0.99998871 -0.0041387018 -0.089806069 0.16242097 0.0037046831 0.9867146 5.2094438
0.9845107 -0.0041503076 -0.17527537 -0.56241164 0.0033497615 0.99998257 -0.0048629731 -0.097165806 0.17529251 0.0042005183 0.98450744 5.6362205
0.9827994 -0.0072560126 -0.18453368 -0.65249352 0.0060597253 0.99995682 -0.0070458966 -0.11231542 0.18457686 0.0058064795 0.98280093 6.0891784
0.98134329 -0.0068673055 -0.19214103 -0.7478435 0.0052624141 0.99994689 -0.0088617524 -0.12114304 0.1921917 0.0076852956 0.98132731 6.5386157
0.9797098 -0.0065586068 -0.20031399 -0.86404664 0.0045016757 0.99993238 -0.010722305 -0.12294175 0.20037078 0.0096029989 0.97967308 7.0156493
0.9779302 -0.007200565 -0.20880776 -0.96634188 0.0045160125 0.99990095 -0.013330477 -0.13292103 0.20888308 0.012093298 0.97786585 7.4606757
0.97617193 -0.011027147 -0.21671814 -1.0826195 0.0079484985 0.99985481 -0.015072318 -0.14429192 0.2168529 0.01299059 0.97611786 7.9717789
0.97448557 -0.016661828 -0.22383085 -1.1987318 0.01335126 0.99977807 -0.016295883 -0.16178045 0.22405271 0.012891679 0.97449176 8.5088869
0.97251667 -0.017766776 -0.23215438 -1.3331124 0.013841571 0.99973257 -0.018525891 -0.18855147 0.23242146 0.014803356 0.97250251 9.0184272
0.97048739 -0.013777814 -0.24075795 -1.4786572 0.0084821153 0.99969906 -0.023018481 -0.1912179 0.24100266 0.020297009 0.97031219 9.5595033
0.96847523 -0.011051929 -0.24886458 -1.6388717 0.0047406335 0.99965212 -0.02594543 -0.20752166 0.24906477 0.023947731 0.96819071 10.096744
0.96606251 -0.013266277 -0.2579675 -1.7990181 0.0063029944 0.9995936 -0.027801175 -0.23044753 0.2582315 0.025231706 0.96575352 10.658351
0.96354244 -0.015555774 -0.26710293 -1.9628215 0.0078763754 0.9995249 -0.029798108 -0.25882993 0.26743959 0.026607939 0.96320719 11.206472
0.96157288 -0.015565489 -0.27410819 -2.1406964 0.0068910012 0.99944535 -0.032580772 -0.28378293 0.27446331 0.029439907 0.96114681 11.788745
0.95918265 -0.01481815 -0.28239876 -2.3202076 0.0048221191 0.99933802 -0.036059108 -0.30822746 0.28274617 0.033225511 0.95861915 12.379023
0.95712917 -0.015829039 -0.2892286 -2.5105172 0.0041065296 0.99914692 -0.041092257 -0.33805131 0.28963234 0.038142873 0.95637766 12.965548
0.95526747 -0.017118251 -0.29524737 -2.7158957 0.0029102551 0.99881919 -0.048494811 -0.38159416 0.29572891 0.045466271 0.95418931 13.591864
0.95400964 -0.017266482 -0.29927824 -2.9245389 0.00031225756 0.99839655 -0.05660585 -0.41731031 0.29977578 0.053909076 0.95248533 14.219667
0.95262363 -0.017365126 -0.3036555 -3.1244623 -0.0025487377 0.99787801 -0.065061439 -0.4602919 0.30414097 0.062753004 0.95055791 14.812215
0.95122122 -0.016695429 -0.30805752 -3.3515554 -0.0064616972 0.99723741 -0.073998547 -0.50638138 0.30844195 0.072379564 0.94848551 15.462644
0.9499994 -0.015952035 -0.31184398 -3.5756003 -0.0098977581 0.99665396 -0.081135195 -0.56798588 0.31209484 0.080164944 0.94666277 16.097873
0.94828533 -0.015050837 -0.31706214 -3.8107075 -0.013509794 0.99605635 -0.087688236 -0.62961217 0.31713157 0.087436913 0.94434229 16.759263
0.94676466 -0.012954493 -0.32166576 -4.0577804 -0.018175825 0.99544519 -0.093586942 -0.70070322 0.32141303 0.094451351 0.94221686 17.452735
0.94518449 -0.011172914 -0.32634558 -4.3013905 -0.022411824 0.99483796 -0.098970378 -0.77675581 0.32576678 0.10085927 0.94005501 18.111782
0.94337652 -0.0088428929 -0.33160598 -4.5790036 -0.026634607 0.99439803 -0.10228952 -0.85432924 0.3306529 0.10532973 0.93785624 18.813586
0.94179779 -0.0082146923 -0.33607949 -4.8213773 -0.028318492 0.99420975 -0.10365827 -0.93051232 0.33498506 0.10714239 0.93611192 19.503724
0.93973478 -0.0069598929 -0.34183343 -5.1070061 -0.030069934 0.99423622 -0.10290842 -1.017795 0.34057943 0.10698553 0.93410907 20.228087
0.93732213 -0.0073612638 -0.34838633 -5.393273 -0.029832545 0.99441108 -0.101275 -1.1041402 0.34718477 0.10532055 0.9318639 20.940218
0.93486465 -0.0070007029 -0.35493529 -5.6669928 -0.030272838 0.99459165 -0.099352884 -1.1897414 0.35371125 0.1036264 0.92959665 21.668908
0.93188496 -0.0067999227 -0.36269018 -5.9494454 -0.030093277 0.99492881 -0.095974225 -1.270856 0.36150355 0.10035148 0.92695457 22.360628
0.9280999 -0.0037163287 -0.3723127 -6.2929074 -0.032488781 0.99532783 -0.090923026 -1.3601896 0.37091112 0.096481639 0.92364292 23.196189
0.92496677 -0.0011630611 -0.3800462 -6.6019842 -0.033879001 0.99576175 -0.08550297 -1.4414085 0.37853495 0.091962993 0.92100712 23.881523
0.92136423 0.0015292347 -0.38869732 -6.9288777 -0.036042932 0.99602001 -0.081517199 -1.5159522 0.38702568 0.089116823 0.91775232 24.64642
0.91804893 0.0015758372 -0.39646395 -7.2769848 -0.036172039 0.99615436 -0.07980025 -1.592978 0.39481357 0.087601445 0.91457545 25.401076
0.91388507 0.0034816102 -0.40595806 -7.6357773 -0.038835256 0.99612722 -0.078882117 -1.6695673 0.40411127 0.087854675 0.910481 26.165721
0.9100073 0.0032537724 -0.41457944 -7.9813111 -0.03899435 0.9962081 -0.077774493 -1.7378249 0.41275437 0.086941614 0.90668352 26.89538
0.90588524 0.0045938529 -0.4234983 -8.3711675 -0.040642475 0.99626929 -0.07612947 -1.8163377 0.42156866 0.086176584 0.90269235 27.692411
0.90198229 0.0046797543 -0.43174765 -8.7608533 -0.040383847 0.99647232 -0.073566736 -1.88927 0.42988035 0.083791525 0.89898937 28.494196
0.89850808 0.0052809421 -0.4389252 -9.1600297 -0.039833344 0.99678298 -0.069548582 -1.9604563 0.43714592 0.079973823 0.89582791 29.258133
0.89466385 0.0046031042 -0.44671622 -9.5657037 -0.037086872 0.99726054 -0.063999887 -2.0218946 0.4451979 0.073825694 0.89238367 30.073775
0.891073 0.0054462247 -0.45382731 -9.9799824 -0.03655373 0.99754082 -0.059800738 -2.0918612 0.45238562 0.069875905 0.88908078 30.848384
0.8877269 0.0049906154 -0.46034339 -10.430107 -0.0356107 0.99768963 -0.0578557 -2.1601751 0.45899113 0.067753212 0.88585364 31.675792
0.88419115 0.0047485406 -0.46710111 -10.867874 -0.03521542 0.99778039 -0.056517013 -2.2236824 0.46579599 0.066421005 0.88239581 32.491126
0.88096748 0.0054988554 -0.47314484 -11.308214 -0.035595896 0.99786923 -0.054680266 -2.2778523 0.47183603 0.065013552 0.87928608 33.305948
0.87794846 0.0021922298 -0.47875012 -11.791139 -0.031645395 0.99806832 -0.053462187 -2.3374428 0.47770817 0.062087282 0.87632191 34.157843
0.8754238 0.0022411095 -0.48335094 -12.25154 -0.032033107 0.99805985 -0.053389325 -2.4034101 0.48229355 0.062221518 0.87379713 35.001986
0.87382374 0.0013304916 -0.48624098 -12.739582 -0.031493633 0.99805139 -0.053866261 -2.4633123 0.48522185 0.062383113 0.8721629 35.832984
0.87261287 0.0010808095 -0.48841129 -13.230371 -0.031495536 0.99804072 -0.05406246 -2.5212587 0.48739597 0.062558375 0.87093722 36.712946
0.87213422 0.0019148871 -0.48926293 -13.736254 -0.03220757 0.99804802 -0.053505326 -2.5869613 0.48820548 0.062421797 0.87049351 37.58905
0.87210746 0.0020215345 -0.4893102 -14.252181 -0.031369864 0.99816532 -0.051787321 -2.6513762 0.48830783 0.060513704 0.87057084 38.499252
0.87162972 0.0011501435 -0.49016354 -14.745471 -0.030199823 0.99822347 -0.05136033 -2.7110413 0.48923371 0.059570043 0.87011597 39.380567
0.87115187 -0.002510441 -0.49100723 -15.27472 -0.026442564 0.99829596 -0.052018889 -2.7750758 0.49030117 0.058299843 0.86960101 40.287045
0.8702171 -0.0026519897 -0.49266129 -15.803386 -0.026791781 0.99825106 -0.052697494 -2.8458553 0.49193945 0.059057534 0.86862409 41.187307
0.86953229 -0.0041599618 -0.49385856 -16.336761 -0.024143957 0.99841085 -0.050920043 -2.9060899 0.49328561 0.056200322 0.86805003 42.123096
0.8666921 -0.0031180698 -0.49883371 -16.866649 -0.023528669 0.99861201 -0.04712162 -2.9737403 0.4982883 0.052576829 0.86541578 43.036884
0.86375919 -0.0037087233 -0.50389115 -17.38408 -0.020776236 0.99886049 -0.042965947 -3.0351104 0.50347635 0.047581194 0.86269787 43.928339
0.86001521 -0.0048766244 -0.51024507 -17.956524 -0.018682653 0.99898294 -0.0410372 -3.0962703 0.50992628 0.044825348 0.85904942 44.831186
0.85410606 -0.0084977377 -0.52002942 -18.513267 -0.016388757 0.99893026 -0.043240598 -3.1580881 0.51984061 0.045454694 0.85305312 45.741741
0.849327 -0.010718604 -0.52775821 -19.081465 -0.016206545 0.99879302 -0.046366539 -3.2287565 0.52761825 0.047933491 0.84812817 46.635524
0.84282048 -0.010069417 -0.53810057 -19.645328 -0.017404992 0.99879203 -0.045951514 -3.2877261 0.53791331 0.048094514 0.84162712 47.521748
0.83743128 -0.0078689214 -0.54648596 -20.241939 -0.017510355 0.99899675 -0.041217426 -3.3444681 0.54626208 0.044085926 0.83645335 48.44403
0.83245849 -0.0049317484 -0.55406545 -20.844711 -0.018287193 0.99917108 -0.036369329 -3.4082447 0.55378558 0.040408258 0.83167826 49.30527
0.82839119 -0.0040214385 -0.56013555 -21.456115 -0.020699956 0.99907143 -0.037786148 -3.4605721 0.55976742 0.042896494 0.82753873 50.198265
0.82586679 -0.0058989769 -0.56383438 -22.08572 -0.02175604 0.99886732 -0.042317186 -3.520944 0.56344542 0.047215162 0.82480302 51.061156
0.82218761 -0.0073492096 -0.56916912 -22.669482 -0.024975176 0.99848793 -0.048970287 -3.5893895 0.56866844 0.054477863 0.82076086 51.900449
0.81821094 -0.010243226 -0.57482685 -23.306813 -0.023116225 0.99844659 -0.05069572 -3.6475129 0.57445324 0.05476762 0.81670313 52.784542
0.81605481 -0.0066931111 -0.57793575 -23.931988 -0.025177164 0.99857212 -0.047115095 -3.7200256 0.57742592 0.052999283 0.81472107 53.628912
0.81252856 -0.0065761593 -0.58288426 -24.565499 -0.021660702 0.99890516 -0.041464316 -3.7775103 0.58251882 0.046316624 0.81149654 54.502347
0.81087433 -0.005328288 -0.58519603 -25.208793 -0.021251577 0.99903092 -0.038543462 -3.8397716 0.58483435 0.043690243 0.80997529 55.390328
0.80769486 -0.0038596652 -0.58958807 -25.851525 -0.023804174 0.99894978 -0.03914957 -3.8951587 0.58912003 0.045655564 0.80675473 56.226177
0.80397672 -0.0041743143 -0.5946461 -26.502588 -0.02494579 0.99885836 -0.040739158 -3.9561457 0.59413734 0.047587252 0.80295473 57.122139
0.80007085 -0.0062762745 -0.59987266 -27.156317 -0.024606679 0.99876041 -0.043268482 -4.0194294 0.59940068 0.049378726 0.79892465 57.958056
0.79654138 -0.0083119313 -0.60452684 -27.813762 -0.022840434 0.99877797 -0.043827869 -4.0750828 0.60415244 0.048718367 0.79537814 58.802111
0.79188831 -0.0080895535 -0.61061234 -28.486199 -0.023014216 0.99880656 -0.043079028 -4.1410751 0.61023216 0.048166543 0.79075706 59.658968
0.78699824 -0.0077973647 -0.61690595 -29.150282 -0.023132656 0.99884407 -0.042135612 -4.202714 0.61652144 0.047431326 0.78590815 60.479687
0.78178261 -0.0093508326 -0.62348094 -29.829058 -0.022213983 0.9988352 -0.042834421 -4.2649873 0.6231553 0.047337201 0.78066427 61.302718
0.7762953 -0.010386956 -0.63028381 -30.527046 -0.022278179 0.99878755 -0.043898965 -4.3283237 0.62997565 0.048120136 0.77512268 62.14919
0.77020652 -0.010787465 -0.63770331 -31.215113 -0.022993189 0.99873736 -0.044665514 -4.3939621 0.63738 0.049064504 0.76898598 62.986764
0.76598665 -0.012822848 -0.64272856 -31.940701 -0.021672988 0.99871759 -0.045754342 -4.455724 0.64249107 0.048977064 0.76472643 63.812043
0.75994952 -0.015488539 -0.64979751 -32.613066 -0.019814494 0.99869936 -0.04697834 -4.5180902 0.64968004 0.048576576 0.7586542 64.637855
0.75459232 -0.015431751 -0.65601239 -33.401407 -0.020592843 0.99867412 -0.047179734 -4.5898835 0.65587072 0.049110626 0.75327404 65.476135
0.74781527 -0.016150206 -0.66371037 -34.130683 -0.018721291 0.99879356 -0.045397494 -4.6512274 0.66364288 0.046374455 0.74661073 66.294739
0.74219101 -0.015739408 -0.67000354 -34.882141 -0.019169278 0.9988166 -0.044698341 -4.7222344 0.66991423 0.046018191 0.74101099 67.094837
0.73551513 -0.019164969 -0.67723715 -35.658475 -0.01565016 0.9988525 -0.045263178 -4.7830992 0.67732755 0.043890623 0.73437119 67.910084
0.72831422 -0.020373875 -0.68494033 -36.423743 -0.016240029 0.99876394 -0.046977136 -4.8558691 0.68505087 0.045337567 0.72708311 68.760026
0.72262382 -0.019522373 -0.69096574 -37.191883 -0.017819012 0.99874282 -0.046853656 -4.9181582 0.69101182 0.046169895 0.72136748 69.536783
0.71694632 -0.019838432 -0.69684602 -37.992741 -0.017109751 0.99879316 -0.046037807 -4.9835392 0.69691841 0.044929498 0.71574165 70.308183
0.71255789 -0.018418021 -0.7013715 -38.79687 -0.019454305 0.99875236 -0.045991831 -5.0517137 0.70134358 0.046416537 0.71131057 71.080107
0.70723422 -0.018287622 -0.70674272 -39.612551 -0.020931132 0.99868554 -0.046787598 -5.1227543 0.70666943 0.047882716 0.70592181 71.921287
0.70264135 -0.020503225 -0.71124869 -40.440947 -0.02086045 0.99856152 -0.049393616 -5.1966357 0.71123837 0.049542965 0.70120291 72.713771
0.69801767 -0.022670984 -0.71572153 -41.259813 -0.020676804 0.99844383 -0.051791759 -5.2695392 0.71578198 0.050950397 0.69646268 73.495197
0.69215991 -0.023384085 -0.72136523 -42.093838 -0.02138441 0.99837176 -0.052882283 -5.3408001 0.72142734 0.052028967 0.69053285 74.294573
0.68728898 -0.023651369 -0.72599892 -42.950887 -0.019835767 0.99848595 -0.051306498 -5.411946 0.72611325 0.049663136 0.68577924 75.090111
0.68316496 -0.023856698 -0.72987427 -43.779221 -0.018800511 0.99856039 -0.050236327 -5.484172 0.73002207 0.048041708 0.68173296 75.830535
0.67816269 -0.024471195 -0.73450424 -44.686044 -0.018930354 0.99853217 -0.050745976 -5.5670206 0.73466798 0.048318453 0.67670402 76.649278
0.67426441 -0.025723219 -0.73804185 -45.542591 -0.017705608 0.99854281 -0.050978133 -5.6386423 0.73827777 0.047440221 0.67282643 77.421309
0.66959262 -0.025518425 -0.74229003 -46.433517 -0.018343324 0.99853658 -0.0508745 -5.7216628 0.74250205 0.047681257 0.66814464 78.20157
0.66517263 -0.027639812 -0.74617783 -47.319052 -0.01525609 0.99860298 -0.050589993 -5.7889075 0.74653377 0.045034836 0.6638217 78.990051
0.66228835 -0.02992133 -0.74865133 -48.205327 -0.013401013 0.99856938 -0.051764895 -5.8658618 0.74912923 0.044315973 0.66093989 79.753167
0.65780416 -0.034964978 -0.75237696 -49.100422 -0.0093285248 0.99846706 -0.054557386 -5.9469143 0.75313128 0.042906643 0.65646961 80.531902
0.65374474 -0.03835643 -0.75574238 -50.022818 -0.0066903705 0.99838252 -0.056458635 -6.023413 0.7566856 0.041965733 0.65243071 81.315666
0.64680582 -0.041864128 -0.76150481 -50.884791 -0.0020169977 0.99839487 -0.056600477 -6.1087632 0.76265209 0.038145471 0.64568317 82.0634
0.63875604 -0.046023325 -0.76803159 -51.874094 0.0035114636 0.99837337 -0.056905854 -6.1996095 0.76940135 0.033652043 0.63787863 82.867409
0.63187108 -0.046585728 -0.77367219 -52.780317 0.0055422945 0.99843812 -0.05559325 -6.2840401 0.77505372 0.030839848 0.63114237 83.633924
0.62192235 -0.045995778 -0.78172689 -53.704504 0.0073757812 0.99857328 -0.052886746 -6.3586903 0.78304421 0.027125603 0.6213743 84.371666
0.61363695 -0.045914381 -0.78825219 -54.697222 0.0071610773 0.99859043 -0.052591494 -6.4439779 0.78955587 0.026627349 0.61310078 85.123487
0.60660272 -0.045924489 -0.79367753 -55.656656 0.0040358073 0.99849516 -0.05469129 -6.5242459 0.79499491 0.029972756 0.60587522 85.842276
0.59572191 -0.050870963 -0.80157813 -56.621571 0.0090371064 0.99835361 -0.056642771 -6.5961146 0.80313996 0.026499393 0.59520085 86.565554
0.58538728 -0.050440597 -0.80918318 -57.66838 0.0056555454 0.99829257 -0.058137378 -6.6893297 0.81073411 0.029456509 0.58467304 87.293111
0.57482509 -0.051036549 -0.81668313 -58.642116 0.0078792383 0.998352 -0.056843658 -6.7817378 0.81823841 0.02624032 0.57427991 88.004378
0.56654273 -0.051597694 -0.82241532 -59.639749 0.010656197 0.99841298 -0.055298844 -6.8599253 0.82396349 0.022565338 0.56619346 88.68485
0.55570433 -0.052443671 -0.82972423 -60.694134 0.011403849 0.99839539 -0.055467045 -6.9476203 0.83130182 0.021361227 0.5554107 89.384034
0.54680747 -0.053599983 -0.83554088 -61.747637 0.010319377 0.99830437 -0.057287902 -7.034545 0.83719481 0.022703191 0.54643341 90.033516
0.53653048 -0.053740198 -0.84216802 -62.814805 0.0085651528 0.99826561 -0.058244347 -7.124925 0.84383751 0.02403657 0.53606023 90.695688
0.52642944 -0.054307225 -0.84848259 -63.81194 0.0068985004 0.99819792 -0.059609691 -7.2082917 0.85019087 0.025527039 0.52585541 91.326123
0.51805375 -0.05432849 -0.85362091 -64.918029 0.0058471117 0.99818242 -0.059980519 -7.3048635 0.85532811 0.026081916 0.51742982 91.967421
0.5091924 -0.052467459 -0.85905192 -66.061631 0.0048773624 0.99829995 -0.058081175 -7.3983187 0.86063894 0.025384585 0.50858265 92.603007
0.50102247 -0.052484814 -0.86384128 -67.137947 0.0075946037 0.99838757 -0.056254684 -7.4812494 0.86540099 0.021624329 0.50061321 93.227215
0.49142622 -0.050544176 -0.86945126 -68.246774 0.0053993275 0.99847215 -0.054992825 -7.5760967 0.87090251 0.022330464 0.4909483 93.876801
0.48527435 -0.054462228 -0.87266409 -69.334073 0.0085413963 0.99830587 -0.057553693 -7.6611553 0.87432026 0.020475561 0.48491742 94.455912
0.47993485 -0.058165208 -0.8753738 -70.458449 0.011132477 0.99812317 -0.060217907 -7.7514198 0.87723353 0.019155594 0.47968162 95.054414
0.47317209 -0.061045611 -0.8788524 -71.564079 0.012074087 0.99795198 -0.062817678 -7.8460392 0.88088731 0.019112231 0.47294009 95.661016
0.4669047 -0.064238099 -0.88197131 -72.679208 0.013444702 0.99775845 -0.065553959 -7.950662 0.88420546 0.01874961 0.46672178 96.245135
0.46333432 -0.065363132 -0.88376971 -73.845284 0.015889913 0.99772861 -0.06546086 -8.0528603 0.88604113 0.016287239 0.46332052 96.84233
0.45972054 -0.062677477 -0.88584903 -74.973512 0.017373589 0.99795014 -0.06159289 -8.1556684 0.88789372 0.012925139 0.45986711 97.428208
0.45368557 -0.0603169 -0.88911822 -76.067217 0.020127538 0.99814588 -0.057442858 -8.2537794 0.89093454 0.0081652351 0.45405842 97.961909
0.4498492 -0.061542286 -0.89098158 -77.181183 0.023850744 0.99809502 -0.056898832 -8.344472 0.89278604 0.0043453201 0.45046007 98.524287
0.44589286 -0.060893317 -0.89301259 -78.293652 0.02434453 0.99813919 -0.055906215 -8.4381882 0.89475526 0.0031882092 0.44654556 99.052289
0.44443793 -0.060149988 -0.89378792 -79.465766 0.026800432 0.99818935 -0.053849407 -8.5373616 0.8954087 -2.118426e-05 0.44524525 99.642758
0.44099778 -0.058768403 -0.89558203 -80.525059 0.026608879 0.99827138 -0.052404311 -8.6199837 0.8971137 -0.00072024968 0.44179923 100.18695
0.43957481 -0.060716903 -0.89615142 -81.633902 0.030596115 0.99814581 -0.052619502 -8.7113486 0.89768476 -0.0042885446 0.44061746 100.68108
0.43573681 -0.060746716 -0.89802183 -82.734297 0.033318516 0.9981247 -0.051351418 -8.7961232 0.89945727 -0.0075450528 0.43694366 101.23662
0.43404834 -0.059827445 -0.8989008 -83.815194 0.036095714 0.99814616 -0.049003461 -8.8773572 0.90016621 -0.011176596 0.4354032 101.77508
0.43356322 -0.060327007 -0.89910151 -84.908375 0.03978268 0.99806518 -0.047783236 -8.9670004 0.9002446 -0.015051615 0.43512432 102.2873
0.42857997 -0.059800468 -0.90152262 -85.942537 0.039011079 0.99810147 -0.04766111 -9.0460022 0.90266129 -0.014742773 0.43009919 102.78717
0.42832683 -0.061562196 -0.90152435 -86.981616 0.041508033 0.9979639 -0.048426696 -9.1314644 0.90267008 -0.01667805 0.43001004 103.30057
0.42811681 -0.063185461 -0.9015118 -87.993125 0.04210984 0.99786404 -0.049941187 -9.2123741 0.90274184 -0.016581856 0.4298631 103.77344
0.42825918 -0.063657444 -0.90141097 -89.105994 0.041005371 0.99785715 -0.050986854 -9.2955255 0.90272515 -0.015127104 0.42995178 104.25853
0.43157967 -0.062751404 -0.89988954 -90.12856 0.037409515 0.99796438 -0.051649095 -9.3736963 0.90129883 -0.011373732 0.43304864 104.73902
0.43523183 -0.063255169 -0.89809352 -91.129424 0.036467097 0.99794877 -0.052615653 -9.4628093 0.89957961 -0.0098508573 0.43664581 105.24199
0.43946798 -0.062798834 -0.89606034 -92.122595 0.033404258 0.99800572 -0.053560561 -9.5369427 0.89763696 -0.0063940797 0.44068931 105.69933
0.44560464 -0.063100592 -0.89300322 -93.1296 0.033404561 0.99799012 -0.053850355 -9.6241971 0.89460645 -0.0058344134 0.44681687 106.21526
0.45305379 -0.061898539 -0.88933164 -94.133439 0.032173472 0.998072 -0.053076809 -9.7053324 0.89090246 -0.0045662375 0.4541718 106.71167
0.46083978 -0.060838275 -0.88539558 -95.129847 0.031195942 0.99814151 -0.052348214 -9.7824971 0.88693493 -0.0034966097 0.46188123 107.22522
0.4703558 -0.060000758 -0.8804347 -96.109052 0.029881237 0.99819667 -0.052062628 -9.8595903 0.88197086 -0.0018205196 0.47130049 107.7329
0.48080055 -0.060808055 -0.87471889 -97.094269 0.031300557 0.99814685 -0.052183673 -9.9439981 0.87627117 -0.0022892505 0.48181288 108.25882
0.48936501 -0.060992443 -0.86994353 -98.080136 0.029236059 0.99813794 -0.053534242 -10.019928 0.8715889 0.00076406347 0.49023696 108.79747
0.50079535 -0.063650568 -0.86322219 -99.004249 0.030198292 0.99797022 -0.056066918 -10.100973 0.86503881 0.0020102157 0.50170099 109.31799
0.51114635 -0.062481442 -0.85721958 -99.941754 0.025374053 0.99801644 -0.05761377 -10.179839 0.8591191 0.0076979329 0.51171787 109.86992
0.52285347 -0.060091119 -0.85030186 -100.88634 0.022099707 0.99813245 -0.056949173 -10.257617 0.85213609 0.01098465 0.52320501 110.45096
0.53660227 -0.058604821 -0.84179773 -101.83922 0.022215789 0.99822076 -0.055333371 -10.345664 0.84354284 0.010990812 0.53694948 111.01897
0.54922045 -0.056744325 -0.83374871 -102.69356 0.02213574 0.99832975 -0.053363977 -10.415601 0.83538432 0.010852943 0.5495592 111.59666
0.56071307 -0.056166649 -0.82610296 -103.59817 0.022087085 0.99835623 -0.052886636 -10.498648 0.82771557 0.011408022 0.56103195 112.17977
0.57024033 -0.055105017 -0.81962757 -104.4197 0.019419189 0.99837301 -0.053611859 -10.562488 0.82124839 0.014655141 0.57038265 112.81401
0.58332507 -0.056080778 -0.81030041 -105.30562 0.020115807 0.99830504 -0.054611436 -10.639779 0.8119897 0.015556372 0.58346446 113.41782
0.59236228 -0.0587226 -0.80352879 -106.12733 0.023463482 0.99817459 -0.055650185 -10.723382 0.80533002 0.014111487 0.59265882 114.03565
0.60378613 -0.057975907 -0.79503525 -106.95321 0.023011592 0.99820372 -0.055315393 -10.806123 0.79681417 0.01510364 0.60403568 114.65255
0.61524995 -0.056741491 -0.78628738 -107.79664 0.023762501 0.99828793 -0.053446703 -10.879295 0.78797392 0.014198926 0.61554492 115.28709
0.62566414 -0.055169777 -0.77813921 -108.54366 0.025331496 0.99840686 -0.050418839 -10.952462 0.77968119 0.011833829 0.6260649 115.90627
0.63532401 -0.053168958 -0.77041314 -109.33722 0.023905016 0.99850299 -0.049196893 -11.028092 0.77187564 0.012839229 0.63564393 116.5712
0.64531673 -0.052668979 -0.76209727 -110.10438 0.021839936 0.9984846 -0.050512566 -11.096872 0.7636029 0.015952448 0.64548911 117.21644
0.65457954 -0.051685542 -0.75422423 -110.85129 0.019237233 0.99847591 -0.051727946 -11.160525 0.75574838 0.019350867 0.65457619 117.83016
0.66417734 -0.050715452 -0.74585277 -111.59983 0.018870665 0.99851568 -0.051091458 -11.231822 0.74733687 0.019859051 0.66414852 118.48594
0.6733692 -0.050082479 -0.73760804 -112.32736 0.020503653 0.99858416 -0.049084392 -11.304298 0.73902204 0.017928257 0.67344269 119.16391
0.68146542 -0.048575538 -0.73023644 -113.02748 0.020589347 0.9986724 -0.047217751 -11.370088 0.73156066 0.017142173 0.68156085 119.78381
0.69023483 -0.048345702 -0.72196851 -113.74566 0.021420152 0.99869337 -0.046397589 -11.436704 0.72326835 0.016560556 0.69036852 120.47438
0.69872103 -0.046981676 -0.71384984 -114.433 0.01979027 0.99872874 -0.046359992 -11.497207 0.71512048 0.01826542 0.69876256 121.13052
0.70539774 -0.044296183 -0.7074262 -115.11489 0.016903695 0.9988128 -0.045686414 -11.563607 0.70861014 0.020268977 0.70530906 121.82001
0.71234292 -0.042711851 -0.70053067 -115.77126 0.01761554 0.99892009 -0.042992296 -11.620346 0.7016105 0.018285032 0.71232605 122.44108
0.72009673 -0.040148478 -0.69271116 -116.40903 0.016670319 0.99903749 -0.040573321 -11.678498 0.69367344 0.017669 0.72007292 123.13092
0.72705376 -0.037895903 -0.68553387 -117.0542 0.014853404 0.99911007 -0.039477197 -11.735948 0.68641988 0.018519533 0.72696961 123.77803
0.73448091 -0.037495764 -0.67759267 -117.6572 0.015101062 0.99912823 -0.0389196 -11.794933 0.67846134 0.018353334 0.73440684 124.44836
0.74223487 -0.034960068 -0.66922728 -118.28012 0.013067962 0.99920349 -0.03770427 -11.845673 0.67001243 0.019239987 0.74210053 125.11854
0.75097702 -0.032234293 -0.65954107 -118.86006 0.011982403 0.99930858 -0.035196438 -11.897511 0.66021964 0.018528829 0.75084403 125.76868
0.76075861 -0.028169549 -0.6484233 -119.43478 0.0095166083 0.99943442 -0.032253276 -11.940151 0.64896518 0.018366167 0.76059642 126.41459
0.77142151 -0.026196251 -0.63578501 -119.97048 0.008402862 0.99948449 -0.030986258 -11.988293 0.63626904 0.018561052 0.77124395 127.07534
0.78049311 -0.025375796 -0.62464913 -120.50646 0.0070245238 0.99946876 -0.031825423 -12.033509 0.62512494 0.02045166 0.78025673 127.76709
0.78954848 -0.026593477 -0.6131117 -121.03378 0.0078491075 0.99941653 -0.03324143 -12.081748 0.61363803 0.021433341 0.78929653 128.43607
0.80033355 -0.025442215 -0.59901492 -121.54423 0.0072737654 0.99943772 -0.032731189 -12.129904 0.59951091 0.021838775 0.8000686 129.10511
0.80985471 -0.024268452 -0.58612828 -122.03501 0.0070627407 0.99947487 -0.031624329 -12.167469 0.58658801 0.02147144 0.80960084 129.8061
0.8196688 -0.022195903 -0.57240752 -122.51068 0.0068117334 0.99955606 -0.029005008 -12.207248 0.57279725 0.019875412 0.81945611 130.49904
0.82898723 -0.020891414 -0.55887717 -122.98294 0.0074158003 0.99962482 -0.026367103 -12.248181 0.55921838 0.017713471 0.82883114 131.19264
0.83800709 -0.019673745 -0.54530453 -123.45709 0.0078498555 0.99968105 -0.024003533 -12.283212 0.54560289 0.015834569 0.83789425 131.89045
0.84604762 -0.019128762 -0.53276402 -123.90719 0.008818988 0.99972149 -0.0218899 -12.316886 0.53303441 0.013821458 0.84598068 132.60534
0.85258351 -0.019222039 -0.52223735 -124.33811 0.010094437 0.99974261 -0.020317851 -12.35041 0.52249353 0.012050972 0.8525581 133.33323
0.85880047 -0.019508847 -0.51193861 -124.77812 0.010608211 0.99973761 -0.020302029 -12.386578 0.5122004 0.012004639 0.85878208 134.05511
0.86581353 -0.01828812 -0.50003245 -125.22009 0.0096545971 0.9997564 -0.019847881 -12.41466 0.50027366 0.012356952 0.86577918 134.8049
0.87174988 -0.016607281 -0.48966961 -125.62133 0.0084226145 0.99978565 -0.018913381 -12.445447 0.48987879 0.012363439 0.87170289 135.51899
0.87814833 -0.015521695 -0.47813655 -126.00588 0.0076130871 0.99980035 -0.018474173 -12.470177 0.47832788 0.012582969 0.87809118 136.26347
0.88369601 -0.016309474 -0.46777702 -126.42411 0.0084763312 0.99978648 -0.018845499 -12.503592 0.46798454 0.01268866 0.88364557 137.02268
0.88865665 -0.017229466 -0.45824936 -126.81339 0.0093065077 0.99976572 -0.019542067 -12.534096 0.45847874 0.013101487 0.88860881 137.78097
0.8929862 -0.017897173 -0.44972805 -127.20485 0.0099135089 0.9997488 -0.020101151 -12.567786 0.44997487 0.013491667 0.89293931 138.56759
0.89590836 -0.01733004 -0.44390073 -127.60576 0.0097351683 0.99976473 -0.019383038 -12.595908 0.44413224 0.013043977 0.8958663 139.3187
0.89901323 -0.015427958 -0.4376496 -127.98365 0.0093186328 0.9998269 -0.016103553 -12.625892 0.43782233 0.010399011 0.89900138 140.12511
0.90246884 -0.011999634 -0.43058795 -128.36804 0.0075460036 0.99989893 -0.012049543 -12.647234 0.43068906 0.0076251188 0.90246818 140.9227
0.90598246 -0.0088483429 -0.42322273 -128.75395 0.0053681442 0.99994127 -0.0094143788 -12.666984 0.42328121 0.0062573412 0.90597675 141.74941
0.90902128 -0.0064689412 -0.41669947 -129.15153 0.0038121766 0.99996676 -0.0072075368 -12.6907 0.41673228 0.0049632722 0.90901573 142.58959
0.91194978 -0.004469598 -0.41027748 -129.52769 0.0025452604 0.99998305 -0.0052363897 -12.706741 0.41029396 0.0037310612 0.9119457 143.42437
0.915085 -0.0034383474 -0.40324633 -129.92492 0.0026823086 0.99999343 -0.0024396617 -12.725288 0.40325211 0.0011508664 0.91508821 144.27706
0.91853554 -0.0032453073 -0.39532507 -130.29902 0.0035800589 0.99999359 0.00010908618 -12.739519 0.39532221 -0.0015154869 0.91854127 145.14695
0.92159667 -0.0036511915 -0.38813173 -130.68692 0.0042013498 0.99999101 0.00056885562 -12.755162 0.3881262 -0.0021549329 0.92160372 146.03645
0.92520574 -0.0043064011 -0.37944142 -131.05984 0.0049202932 0.99998769 0.00064815009 -12.753404 0.37943398 -0.0024666355 0.92521553 146.95741
0.92893669 -0.0066053094 -0.37017966 -131.41083 0.007341962 0.99997288 0.00058103451 -12.784986 0.37016581 -0.0032575896 0.92896 147.86268
0.93307245 -0.0084149316 -0.35959001 -131.76433 0.0085953048 0.99996246 -0.0010972891 -12.790103 0.35958578 -0.0020669358 0.93310975 148.79895
0.93704217 -0.0091924273 -0.34909521 -132.1396 0.0088605631 0.9999575 -0.0025474884 -12.814053 0.34910382 -0.00070607639 0.93708379 149.74517
0.94222444 -0.0075439424 -0.33489726 -132.48959 0.006662757 0.99997066 -0.003779992 -12.825696 0.33491598 0.0013302616 0.94224706 150.6952
0.94753121 -0.0042114157 -0.31963551 -132.82868 0.0036317753 0.9999905 -0.0024094805 -12.843766 0.31964264 0.0011222134 0.94753751 151.68558
0.95377387 -0.00063701782 -0.30052452 -133.1459 0.00071935072 0.99999973 0.00016331504 -12.849151 0.30052436 -0.00037194839 0.95377407 152.68799
0.95979528 0.002473602 -0.28069004 -133.45985 -0.001893188 0.99999547 0.0023389428 -12.86458 0.28069457 -0.0017135075 0.95979562 153.68975
0.96581263 0.0043432228 -0.25920475 -133.74116 -0.0036444258 0.99998831 0.0031764067 -12.882954 0.25921554 -0.0021231615 0.96581717 154.73847
0.97128656 0.0055440461 -0.237848 -134.00293 -0.0046477589 0.99997983 0.0043289359 -12.88356 0.23786722 -0.0030991774 0.97129274 155.78316
0.97629964 0.0061454761 -0.21633595 -134.2465 -0.0047745815 0.99996508 0.0068589596 -12.906434 0.21637057 -0.0056634864 0.97629489 156.85789
0.98097661 0.0079610365 -0.19396267 -134.47166 -0.0060155266 0.99992554 0.010617266 -12.898271 0.19403277 -0.0092485021 0.98095145 157.95126
0.98513332 0.010020728 -0.17149907 -134.67451 -0.0075580256 0.99985883 0.015006793 -12.912872 0.17162525 -0.013487498 0.98506998 159.03361
0.98887052 0.011683714 -0.14831919 -134.86186 -0.0090476779 0.99978912 0.018435028 -12.904256 0.14850331 -0.016887912 0.9887677 160.18077
0.99191567 0.013533143 -0.12617507 -135.00209 -0.011276861 0.99976379 0.018579358 -12.904323 0.12639671 -0.017006298 0.99183399 161.29502
0.99446774 0.013107264 -0.10422144 -135.13074 -0.011449839 0.99979855 0.016485365 -12.898252 0.10441653 -0.015200846 0.99441748 162.44087
0.99651524 0.013371573 -0.082332111 -135.25009 -0.012126687 0.99980474 0.015601865 -12.891945 0.082524664 -0.014549081 0.99648282 163.60808
0.99793081 0.011784079 -0.063207855 -135.32411 -0.010714791 0.99979415 0.017229407 -12.892636 0.063397881 -0.016516497 0.99785165 164.78567
0.99901705 0.01202728 -0.042664744 -135.38998 -0.011204888 0.99974779 0.019462749 -12.887492 0.042888071 -0.018965565 0.99889986 165.97146
0.99968432 0.012624546 -0.021722829 -135.43143 -0.012184155 0.99971994 0.020287505 -12.884756 0.021972867 -0.020016426 0.99955817 167.19444
0.9999031 0.013749779 -0.0021757565 -135.44672 -0.013701108 0.99968571 0.020994267 -12.873147 0.0024637394 -0.020962423 0.99977723 168.3901
0.99970222 0.014239918 0.01981664 -135.43857 -0.014662822 0.99966428 0.021361699 -12.868175 -0.0195058 -0.021645906 0.9995754 169.64014
0.99910143 0.015962199 0.03926244 -135.40293 -0.016793211 0.99963995 0.020927603 -12.852663 -0.038914257 -0.021568141 0.99900976 170.87237
0.99808821 0.017565934 0.059256808 -135.3574 -0.018775449 0.99962533 0.019916705 -12.845197 -0.058884756 -0.020991202 0.99804406 172.10718
0.99666253 0.017593079 0.079713706 -135.24339 -0.019076251 0.99965809 0.017882992 -12.842219 -0.079371841 -0.019343947 0.99665737 173.38016
0.99497253 0.019247301 0.098281267 -135.14016 -0.020851418 0.99966519 0.015320613 -12.834031 -0.097953489 -0.017292893 0.99504074 174.6374
0.99293751 0.019993476 0.11694172 -134.99993 -0.02170887 0.99967435 0.013413388 -12.838653 -0.11663547 -0.015857329 0.99304819 175.93822
0.99047525 0.019951191 0.13623777 -134.82788 -0.021613323 0.9997088 0.010731819 -12.844298 -0.135984 -0.013574152 0.99061804 177.23697
0.98778779 0.021038277 0.15437831 -134.64151 -0.022156878 0.99973922 0.0055286422 -12.842234 -0.15422175 -0.0088816668 0.98799634 178.53156
0.98472049 0.022668861 0.17266057 -134.44563 -0.022877035 0.99973798 -0.00078441678 -12.872064 -0.17263313 -0.0031775306 0.98498107 179.82099
0.98162893 0.025361613 0.18910693 -134.20072 -0.024608622 0.99967713 -0.0063291772 -12.880444 -0.1892064 0.0015592428 0.9819361 181.11827
0.97789554 0.027184149 0.20731942 -133.94194 -0.025691493 0.999621 -0.009889334 -12.915617 -0.20750969 0.0043443904 0.97822332 182.42448
0.97355489 0.02962026 0.22652484 -133.63832 -0.02744679 0.99954209 -0.012739186 -12.942268 -0.22679847 0.0061849176 0.97392207 183.75958
0.96961207 0.028972269 0.24292598 -133.31785 -0.026684322 0.99956318 -0.012704174 -12.975931 -0.24318795 0.0058358053 0.96996163 185.0838
0.9654114 0.027615067 0.25926477 -132.9948 -0.025062158 0.99959943 -0.013147614 -13.011478 -0.25952401 0.0061951216 0.96571679 186.40496
0.960374 0.027475842 0.27735691 -132.60905 -0.023433027 0.99956549 -0.017881059 -13.068137 -0.27772772 0.010673192 0.96060054 187.7557
0.9557695 0.028854352 0.29269793 -132.2306 -0.023402693 0.99948158 -0.0221109 -13.113245 -0.29318421 0.014283004 0.95594928 189.08728
0.9502781 0.031244536 0.30983107 -131.81168 -0.025473504 0.99941874 -0.022655775 -13.156005 -0.31035888 0.013636804 0.95052165 190.42568
0.94451348 0.032772454 0.32683366 -131.35634 -0.026818917 0.99938238 -0.022706921 -13.206996 -0.32737599 0.012681669 0.94480905 191.77645
0.93809123 0.037008807 0.34440555 -130.8911 -0.029765045 0.99921091 -0.026298293 -13.253575 -0.34510708 0.014418952 0.93845256 193.1163
0.93159188 0.037856216 0.36152935 -130.3992 -0.029192077 0.99914139 -0.029399029 -13.315522 -0.36233191 0.016834105 0.9318971 194.43656
0.92497414 0.038827685 0.37804132 -129.88071 -0.028785782 0.99906748 -0.032180012 -13.378326 -0.37893829 0.018883464 0.92522927 195.81295
0.91745336 0.039184163 0.39590899 -129.30527 -0.026781199 0.99896339 -0.036809077 -13.456303 -0.39694096 0.023167694 0.91755171 197.11941
0.90910359 0.04241494 0.41440514 -128.72523 -0.027124966 0.99871902 -0.042714732 -13.536676 -0.41568608 0.027591392 0.90908955 198.45793
0.89974546 0.045974557 0.43398668 -128.12903 -0.028674866 0.99851458 -0.04632904 -13.616752 -0.43547202 0.029239834 0.89972727 199.75435
0.88733965 0.048791191 0.45852781 -127.48697 -0.03020506 0.99840082 -0.047785584 -13.702755 -0.4601261 0.028552184 0.88739437 201.09992
0.87435604 0.053107714 0.48237027 -126.79614 -0.03299372 0.99819938 -0.050093948 -13.794609 -0.48416212 0.027884757 0.87453388 202.3996
0.85991262 0.057518613 0.50719017 -126.08307 -0.035356123 0.99795615 -0.053230286 -13.895231 -0.50921532 0.027841118 0.86018873 203.69345
0.84503579 0.060986216 0.53122045 -125.31892 -0.036742809 0.997749 -0.056097142 -13.997836 -0.53344588 0.027885562 0.84537442 204.96301
0.83004367 0.06269011 0.55416373 -124.51978 -0.036325261 0.99762932 -0.058448323 -14.101983 -0.55651416 0.028384519 0.83035314 206.21389
0.81368464 0.063575158 0.57781959 -123.68847 -0.034998574 0.99755612 -0.06047214 -14.205556 -0.58025204 0.028982391 0.81392114 207.43644
0.79797704 0.06619693 0.59904139 -122.80139 -0.033823449 0.99730204 -0.065150755 -14.336378 -0.60173803 0.031727162 0.79806313 208.66147
0.78178185 0.068598018 0.61976723 -121.92073 -0.031923138 0.99702998 -0.070086559 -14.457779 -0.62273436 0.035007486 0.78164981 209.8376
0.76465955 0.070082407 0.64061236 -120.9586 -0.029560535 0.99683719 -0.073768487 -14.580674 -0.64375616 0.037470935 0.76431275 211.02167
0.74859905 0.072050786 0.65909643 -119.97329 -0.028499979 0.9966559 -0.07658179 -14.723867 -0.66241018 0.038544823 0.74814911 212.17293
0.73248969 0.072737055 0.67688119 -118.97126 -0.026716974 0.99658121 -0.078179858 -14.858994 -0.6802537 0.039181724 0.73192877 213.30013
0.71649101 0.073388646 0.69372523 -117.93436 -0.024610886 0.99649104 -0.079999468 -15.004694 -0.69716209 0.040245709 0.71578303 214.40976
0.70190472 0.073791356 0.70843811 -116.86259 -0.021582285 0.99636572 -0.082398826 -15.147538 -0.71194383 0.042546414 0.70094638 215.4819
0.68610015 0.075031155 0.72362758 -115.78701 -0.018812809 0.9961646 -0.08545267 -15.298876 -0.72726385 0.045015623 0.68488023 216.56429
0.67197247 0.077729232 0.73648566 -114.66565 -0.016965257 0.99583139 -0.0896216 -15.461438 -0.74038181 0.04772858 0.67048997 217.60858
0.65707254 0.080013327 0.74956887 -113.53139 -0.015610909 0.99558197 -0.092589656 -15.619053 -0.75366573 0.04913667 0.65541865 218.63078
0.6407845 0.080795222 0.76345747 -112.37682 -0.014424223 0.9955383 -0.093249357 -15.787841 -0.76758531 0.048740464 0.63909092 219.63071
0.62445281 0.081532107 0.77679544 -111.21256 -0.014529388 0.99557732 -0.092815424 -15.944861 -0.78092743 0.046672491 0.62287566 220.58713
0.60817277 0.082880722 0.78946603 -110.00919 -0.016938487 0.99566292 -0.091479217 -16.1175 -0.79362398 0.042262811 0.60693895 221.54615
0.58851918 0.083795943 0.80412894 -108.83299 -0.019190066 0.99578188 -0.089722873 -16.278659 -0.80825551 0.037372346 0.58764478 222.42387
0.57167917 0.085457999 0.81601459 -107.64193 -0.02130574 0.99577176 -0.089356997 -16.439544 -0.82020062 0.033697741 0.57108271 223.30182
0.55264987 0.088346498 0.82871766 -106.41213 -0.022583432 0.99558788 -0.091075614 -16.611995 -0.83310754 0.031617638 0.55220667 224.18785
0.53453172 0.092115885 0.84011335 -105.16807 -0.025097073 0.99533413 -0.093167072 -16.785766 -0.84477573 0.02871637 0.53434951 224.99446
0.51523122 0.092298244 0.85206676 -103.93163 -0.025269958 0.99538799 -0.092542855 -16.956249 -0.85667863 0.026149278 0.51518734 225.76418
0.49428899 0.091226265 0.8644976 -102.68911 -0.02565442 0.99557596 -0.090390046 -17.116122 -0.86891905 0.022500622 0.49444259 226.52156
0.47308599 0.089040666 0.87650519 -101.44306 -0.025374073 0.99584408 -0.087468394 -17.274877 -0.88065082 0.019139566 0.47337921 227.22621
0.45170381 0.08776287 0.8878408 -100.18524 -0.025915043 0.99602066 -0.085271714 -17.432712 -0.89179154 0.015509127 0.4521807 227.90608
0.42932871 0.086558107 0.89899081 -98.916282 -0.02430593 0.99614354 -0.084304604 -17.585104 -0.90282122 0.01434358 0.4297769 228.5287
