1 0 0 0 0 1 0 0 0 0 1 0
0.99993114 -0.0021203567 0.011541818 0.010462073 0.0021088329 0.99999727 0.0010105285 -0.0064851282 -0.01154393 -0.00098611916 0.99993288 0.28235453
0.99981693 -0.0038455958 0.018743588 0.017212499 0.0038162282 0.99999143 0.0016023391 -0.010760671 -0.018749591 -0.0015305159 0.99982304 0.58077016
0.99975598 -0.0071403618 0.02090431 0.024387882 0.0071501518 0.99997436 -0.00039359742 -0.013639505 -0.020900965 0.0005429704 0.9997814 0.89834484
0.99978095 -0.0083319151 0.019199745 0.034914951 0.0083557981 0.99996441 -0.0011640085 -0.021143738 -0.019189365 0.0013241828 0.99981499 1.1883829
0.99986985 -0.011239187 0.011574222 0.035967269 0.011280753 0.99993013 -0.0035322085 -0.020267952 -0.011533715 0.0036623148 0.99992678 1.5108966
0.9999307 -0.011772205 0.000117442 0.021349291 0.011772624 0.99991997 -0.004631623 -0.031841208 -6.2908192e-05 0.0046326847 0.99998927 1.8271898
0.99980603 -0.011414772 -0.016049924 0.0025915412 0.011338213 0.99992394 -0.0048530102 -0.038706848 0.016104101 0.0046700915 0.99985941 2.1567559
0.99938939 -0.0081824093 -0.03396895 -0.040419709 0.0080017647 0.99995313 -0.0054504928 -0.041263426 0.034011959 0.0051753533 0.99940803 2.5132287
0.99849911 -0.0038284619 -0.054633921 -0.080269272 0.0034910742 0.99997425 -0.0062695307 -0.046068517 0.054656522 0.0060693898 0.99848677 2.8476494
0.9972458 -0.0032806059 -0.074094911 -0.11630021 0.0028098112 0.9999752 -0.00645729 -0.053887354 0.074114264 0.0062313127 0.99723029 3.1976311
0.99543795 -0.0040758006 -0.095324001 -0.17545637 0.00352868 0.99997632 -0.0059074562 -0.060039953 0.09534583 0.0055441383 0.99542877 3.5955954
0.9932833 -0.0051663508 -0.11559237 -0.2262706 0.0046069078 0.99997635 -0.0051064304 -0.067634434 0.11561603 0.0045396086 0.99328361 3.9597298
0.99126544 -0.0044908587 -0.13180541 -0.30955054 0.0039114907 0.99998152 -0.0046542125 -0.076763739 0.13182389 0.0040980043 0.99126468 4.3833569
0.98896777 -0.0036911779 -0.14808485 -0.38408816 0.0030968605 0.9999862 -0.004243729 -0.084928124 0.14809848 0.0037383131 0.98896555 4.7974019
0.98703176 -0.0024933617 -0.16050569 -0.46881171 0.0018712522 0.99999014 -0.0040269721 -0.091543892 0.16051416 0.0036744027 0.9870267 5.2211833
0.98468399 -0.0041902246 -0.17429824 -0.5564709 0.0033584639 0.99998152 -0.0050667284 -0.098382672 0.17431626 0.004403752 0.98467987 5.6253842
0.98308782 -0.007359164 -0.1829868 -0.64240729 0.0061508699 0.99995538 -0.007169865 -0.11348144 0.18303142 0.005923079 0.98308922 6.0835255
0.98158271 -0.0066422566 -0.19092211 -0.73788684 0.0050649212 0.9999489 -0.0087484812 -0.12061991 0.19097048 0.0076203526 0.9815662 6.5343727
0.98004644 -0.006582977 -0.19865962 -0.84932828 0.0045686715 0.99993342 -0.010596158 -0.12599188 0.19871617 0.0094771163 0.98001126 7.0189905
0.978307 -0.0066695121 -0.20705296 -0.95117071 0.0040125344 0.99990417 -0.013249667 -0.13481511 0.2071215 0.012131435 0.97824001 7.467871
0.97634991 -0.010919175 -0.21592042 -1.0792559 0.0078805604 0.9998575 -0.014928812 -0.14454627 0.21605268 0.012874171 0.97629683 7.9698389
0.97468855 -0.016403333 -0.22296446 -1.1967854 0.013095264 0.99978127 -0.016307272 -0.16165202 0.22318321 0.012974733 0.97469016 8.5142799
0.97270053 -0.017916128 -0.23137131 -1.314756 0.013963873 0.99972747 -0.018708369 -0.18912178 0.23164345 0.014966801 0.97268562 8.9928819
0.97069986 -0.013764395 -0.23990066 -1.4725658 0.0086547148 0.99971298 -0.022339725 -0.19169699 0.24013931 0.019608896 0.97054037 9.5502614
0.96873037 -0.010627284 -0.24788812 -1.6217403 0.0043556457 0.99965673 -0.025835002 -0.20999172 0.24807761 0.023947439 0.96844413 10.088345
0.96611312 -0.012947736 -0.25779408 -1.7938934 0.0060258048 0.99960026 -0.027622633 -0.23257458 0.2580487 0.025133172 0.96580495 10.665093
0.96401765 -0.015496171 -0.26538619 -1.9428857 0.0079073335 0.99952936 -0.029640084 -0.26393692 0.26572062 0.026475067 0.96368648 11.220844
0.96180759 -0.015252901 -0.27330113 -2.1246078 0.0066389516 0.99945243 -0.032415363 -0.28398187 0.27364593 0.02936291 0.9613822 11.788524
0.95947323 -0.014378802 -0.28143272 -2.3056516 0.0044721003 0.99934855 -0.035811665 -0.30684423 0.28176433 0.033101739 0.95891248 12.367305
0.95727494 -0.015282111 -0.28877524 -2.503588 0.0035739609 0.9991516 -0.041028042 -0.33897513 0.28915727 0.038243046 0.95651741 12.958443
0.9553918 -0.016181902 -0.2948977 -2.705976 0.0020547111 0.99883789 -0.048152436 -0.3785218 0.29533422 0.045398514 0.95431477 13.584502
0.95418901 -0.01657669 -0.29874493 -2.9100639 -0.00032921638 0.99840533 -0.056450798 -0.41641517 0.29920432 0.053963084 0.95266194 14.210581
0.953195 -0.017201315 -0.30186654 -3.1103195 -0.0025584438 0.9978858 -0.064941426 -0.46341927 0.30234543 0.062674152 0.95113574 14.825095
0.95158104 -0.016078505 -0.30697719 -3.3350337 -0.0069423242 0.99725237 -0.07375307 -0.50811426 0.3073196 0.072313159 0.94885483 15.461165
0.95025999 -0.014732332 -0.31110916 -3.5722904 -0.011037849 0.99666026 -0.080910362 -0.56790243 0.31126216 0.080319857 0.94692376 16.101005
0.94862649 -0.014577141 -0.31606214 -3.7950915 -0.013839582 0.99607032 -0.087477895 -0.63036069 0.31609532 0.087358018 0.94469695 16.76404
0.94723265 -0.012879102 -0.32028805 -4.0484836 -0.018044041 0.99546582 -0.093392833 -0.70302741 0.32003865 0.094244033 0.94270533 17.444812
0.94534094 -0.011248549 -0.32588951 -4.2902539 -0.022160627 0.99487806 -0.098623246 -0.77461308 0.32532972 0.10045451 0.94024969 18.101941
0.94405333 -0.0078427351 -0.32969954 -4.5556248 -0.027355348 0.99440994 -0.10198315 -0.85131796 0.32865636 0.10529658 0.93856147 18.807229
0.94225065 -0.0076386754 -0.33482137 -4.8068854 -0.028597426 0.99425342 -0.10316164 -0.93117248 0.33368534 0.10677915 0.93661749 19.485689
0.94024888 -0.007044719 -0.34041505 -5.0777345 -0.029612668 0.99430565 -0.1023688 -1.0197538 0.33919779 0.10633275 0.93468616 20.228644
0.93773176 -0.0077760086 -0.3472732 -5.3765237 -0.029118288 0.99447087 -0.10089507 -1.1071691 0.34613767 0.10472452 0.93232049 20.953982
0.93557898 -0.005983019 -0.3530668 -5.6365143 -0.031075282 0.99458224 -0.099199309 -1.1882358 0.35174751 0.10378044 0.93032431 21.659781
0.932399 -0.0063993502 -0.36137395 -5.9308636 -0.030312226 0.99493618 -0.095828798 -1.2735776 0.3601573 0.10030473 0.92748353 22.373282
0.92875084 -0.0037716713 -0.37068537 -6.2718865 -0.032126747 0.99536711 -0.090621159 -1.3576795 0.36930985 0.096073394 0.92432686 23.207912
0.92560239 -0.0010071877 -0.37849597 -6.5828002 -0.033754904 0.99579222 -0.085196592 -1.4407556 0.37698918 0.091634265 0.92167366 23.918175
0.92201633 0.00010307446 -0.38715096 -6.9238561 -0.034050834 0.99614624 -0.080828277 -1.5057989 0.38565068 0.087707806 0.91846661 24.694634
0.91844999 0.002100159 -0.39553154 -7.2497076 -0.036372128 0.99619745 -0.079168922 -1.5893533 0.39386127 0.08709902 0.91503392 25.421798
0.91452225 0.0038230209 -0.40451752 -7.6121554 -0.038917068 0.99614883 -0.078568228 -1.6669481 0.40265932 0.08759503 0.91114905 26.181543
0.91238109 0.003670215 -0.40932538 -7.9522086 -0.038764952 0.99624048 -0.077473792 -1.7343822 0.4075022 0.086553103 0.90909325 26.922948
0.90811473 0.0038018117 -0.41870416 -8.3442898 -0.038973134 0.99638536 -0.075480512 -1.8084271 0.41690377 0.084863179 0.90498039 27.719229
0.90407039 0.0046944876 -0.42735778 -8.7271861 -0.039866009 0.99650624 -0.073389536 -1.8896199 0.4255202 0.083386356 0.90109893 28.527094
0.90003133 0.0052067315 -0.43579407 -9.1145733 -0.039368937 0.99681194 -0.069397783 -1.9574202 0.43404343 0.07961693 0.89736696 29.29021
0.89719446 0.0058226975 -0.4415973 -9.5324603 -0.037780012 0.99725957 -0.063608346 -2.020234 0.4400168 0.073752608 0.89495574 30.114038
0.89338457 0.0040968264 -0.44927409 -9.9453891 -0.034481299 0.99763444 -0.059469093 -2.0837336 0.44796771 0.068620325 0.89141248 30.897146
0.88963728 0.0050042209 -0.4566404 -10.391952 -0.035033009 0.99774111 -0.057318082 -2.1537973 0.4553221 0.066989791 0.887803 31.716433
0.88612906 0.0049847012 -0.46341171 -10.816865 -0.035079246 0.9977949 -0.056345204 -2.2125303 0.46210902 0.066185257 0.88434992 32.544763
0.88343105 0.0047863265 -0.46853671 -11.245842 -0.034320088 0.99792288 -0.054516634 -2.2714421 0.46730261 0.064241909 0.88176032 33.340962
0.88035067 0.0034817486 -0.4743106 -11.726462 -0.032545113 0.99805981 -0.053079389 -2.3343916 0.47320558 0.062164969 0.87875595 34.203332
0.87845612 0.0020640446 -0.47781855 -12.184956 -0.031127385 0.99811375 -0.052915251 -2.3941516 0.47680809 0.061356969 0.87686338 35.057092
0.87686002 0.0017433283 -0.4807426 -12.662957 -0.031283709 0.99808084 -0.053441174 -2.4563546 0.47972686 0.061899841 0.87523173 35.892391
0.87544482 0.0027916944 -0.48330999 -13.155249 -0.032928947 0.99800426 -0.05388126 -2.5203604 0.48219505 0.06308496 0.87378959 36.779406
0.87531286 0.0027073517 -0.48354943 -13.664464 -0.032411676 0.99806397 -0.05308298 -2.5785867 0.48246959 0.062136863 0.87370597 37.651817
0.87484798 0.0031550871 -0.48438728 -14.171862 -0.0320926 0.99815924 -0.05146061 -2.6431913 0.48333332 0.060565459 0.87333885 38.56501
0.87490124 0.00079110802 -0.4843007 -14.675268 -0.029056798 0.99828295 -0.050861122 -2.7032185 0.48342894 0.058570687 0.87342198 39.451307
0.87450818 -0.0012812449 -0.48500906 -15.184253 -0.027089946 0.99830641 -0.051482445 -2.7697243 0.48425366 0.058160689 0.87299241 40.351847
0.87262162 -0.0011429947 -0.48839552 -15.699933 -0.027991203 0.99823652 -0.052348363 -2.8419805 0.48759411 0.059351092 0.87105077 41.27446
0.87274056 -0.00028738258 -0.4881842 -16.228441 -0.027893415 0.99833682 -0.050453532 -2.9086704 0.4873868 0.057649969 0.87128101 42.18753
0.86969986 -0.0025032342 -0.49357458 -16.748127 -0.023594109 0.99863315 -0.046638554 -2.9624793 0.49301672 0.052206997 0.86845205 43.120026
0.86731292 -0.0028487873 -0.49775513 -17.29165 -0.020987572 0.99888506 -0.042286661 -3.0291027 0.49732067 0.047122439 0.86628613 44.025276
0.8630795 -0.0050698118 -0.50504262 -17.84455 -0.017625443 0.99903823 -0.040149272 -3.0875455 0.50476048 0.043553614 0.86216006 44.917508
0.85758744 -0.0076062259 -0.51428194 -18.382712 -0.016339949 0.99898304 -0.042022523 -3.1542512 0.51407861 0.044441329 0.85659102 45.838884
0.85221158 -0.0087378099 -0.52312432 -18.939258 -0.017803595 0.99879716 -0.045686516 -3.2159198 0.52289433 0.048248072 0.85103094 46.707709
0.84634746 -0.0091501916 -0.53255255 -19.538999 -0.017920347 0.99879717 -0.045640612 -3.2762028 0.53232965 0.048171343 0.84516548 47.644532
0.84054145 -0.0051814979 -0.54172244 -20.122113 -0.019735275 0.99899767 -0.040176699 -3.3413165 0.54138768 0.044461222 0.83959669 48.544502
0.83610895 -0.0028835102 -0.54855581 -20.743861 -0.019452171 0.99920144 -0.034901355 -3.4009078 0.54821844 0.039851937 0.83538518 49.429877
0.83178033 -0.003347708 -0.55509481 -21.33636 -0.020334333 0.99912691 -0.036495536 -3.4491995 0.55473239 0.041643752 0.83098604 50.30798
0.82959781 -0.0047776738 -0.55834096 -21.934435 -0.022014918 0.99890597 -0.041257896 -3.5077536 0.55792728 0.046519291 0.82858502 51.18395
0.82565535 -0.0052099945 -0.56415075 -22.508816 -0.026477469 0.99849769 -0.047971981 -3.5766622 0.5635532 0.054545608 0.82427701 52.00902
0.82241003 -0.0055444353 -0.56886815 -23.130661 -0.027640393 0.99838214 -0.04969025 -3.6327739 0.56822335 0.0565895 0.82092624 52.896817
0.82007912 -0.0062341792 -0.57221617 -23.792403 -0.024586776 0.99863343 -0.046116767 -3.6949457 0.57172174 0.051888349 0.81880515 53.746364
0.81731312 -0.004770487 -0.576174 -24.400865 -0.022473912 0.99894087 -0.040150469 -3.760146 0.57575534 0.04576439 0.81634027 54.663818
0.81282418 -0.002107235 -0.58250527 -25.003884 -0.023931222 0.9990284 -0.037007497 -3.8216673 0.58201734 0.044020652 0.81198401 55.47121
0.8111113 -0.0011473216 -0.58489068 -25.640704 -0.025737743 0.99895941 -0.037651993 -3.8745919 0.5843253 0.045593724 0.81023773 56.355655
0.80749636 -0.0025633087 -0.58986696 -26.32273 -0.025615922 0.99889482 -0.039407595 -3.9312306 0.58931612 0.046931476 0.80653827 57.231277
0.80317069 -0.0030010193 -0.59574139 -26.969225 -0.027341268 0.99874796 -0.041892281 -3.9994657 0.59512127 0.049934978 0.80208304 58.063629
0.79955112 -0.0041417838 -0.60058373 -27.611164 -0.026830488 0.99873159 -0.042606674 -4.0542919 0.59999847 0.05018017 0.79842584 58.922897
0.79512536 -0.0040379162 -0.60643164 -28.278158 -0.026541064 0.99878801 -0.041449839 -4.1187076 0.60586407 0.04905316 0.7940545 59.793964
0.78976036 -0.0047041666 -0.61339744 -28.939146 -0.025626544 0.99884457 -0.040654813 -4.1738897 0.61288 0.047826817 0.78872729 60.6299
0.7852743 -0.0027534118 -0.61914188 -29.626709 -0.029234906 0.99870984 -0.041520819 -4.2475958 0.61845746 0.050705787 0.78418067 61.444581
0.7810911 -0.0073099673 -0.62437427 -30.318686 -0.024801685 0.99877918 -0.042720238 -4.3022881 0.62392436 0.048853932 0.77995623 62.32921
0.77536353 -0.0093343936 -0.63144615 -30.990154 -0.023092797 0.99880294 -0.043120907 -4.3552331 0.63109283 0.048016236 0.77421981 63.119899
0.76910411 -0.011590062 -0.63901839 -31.724081 -0.021667315 0.998788 -0.044193462 -4.418477 0.63875616 0.047835186 0.76792083 63.975894
0.76386163 -0.012809446 -0.64525289 -32.422049 -0.021475593 0.99874483 -0.045250085 -4.4862674 0.64502267 0.048421993 0.76262777 64.832979
0.75832588 -0.011483553 -0.65177446 -33.159754 -0.023930229 0.9986805 -0.045437974 -4.5519833 0.65143629 0.050053905 0.75705046 65.624596
0.7519461 -0.012281196 -0.65911016 -33.924194 -0.022086081 0.99879583 -0.043807469 -4.6213375 0.65885454 0.047498017 0.75076938 66.453871
0.74407803 -0.015279658 -0.66791795 -34.60908 -0.01803252 0.99891489 -0.042940422 -4.6802511 0.66784935 0.043995269 0.74299509 67.291007
0.73803987 -0.015629869 -0.67457603 -35.402335 -0.018711678 0.99887313 -0.043615869 -4.7435294 0.67449763 0.044812701 0.73691574 68.087665
0.733641 -0.015883767 -0.67935157 -36.225818 -0.020304816 0.99876799 -0.045279417 -4.8103605 0.67923386 0.047012946 0.73241463 68.851499
0.72810988 -0.017105723 -0.68524693 -36.92199 -0.019284159 0.9987817 -0.04542285 -4.8729516 0.68518915 0.046287237 0.72689295 69.74994
0.72130231 -0.01695268 -0.69241284 -37.77256 -0.018937702 0.99884394 -0.044183019 -4.9397809 0.69236145 0.044982022 0.7201474 70.553473
0.71802408 -0.015773112 -0.69583949 -38.525637 -0.02083458 0.9988081 -0.044139548 -5.0021146 0.6957064 0.046190783 0.71683964 71.378262
0.71239119 -0.016983343 -0.70157702 -39.377212 -0.020342005 0.99878734 -0.044833584 -5.0727986 0.70148773 0.046210534 0.71118183 72.180723
0.70859146 -0.018674996 -0.70537177 -40.152684 -0.021064493 0.99864434 -0.047600143 -5.1448396 0.70530452 0.048587354 0.70723747 73.027416
0.70356863 -0.018910606 -0.71037563 -40.952363 -0.023637407 0.99846993 -0.049990747 -5.2117945 0.71023412 0.051963359 0.70204512 73.761385
0.69905601 -0.021609732 -0.71474028 -41.837903 -0.021371967 0.9984653 -0.051090963 -5.2809219 0.71474749 0.050990851 0.69752133 74.57518
0.69341175 -0.018589834 -0.72030168 -42.654921 -0.024711639 0.9984655 -0.049557912 -5.3642743 0.72011771 0.052163874 0.69188833 75.410568
0.69003696 -0.018896854 -0.72352737 -43.491728 -0.023336899 0.99855844 -0.048336713 -5.4361549 0.72339783 0.050239004 0.68860123 76.186157
0.68347838 -0.02121028 -0.72966252 -44.338775 -0.021103392 0.99858584 -0.048795155 -5.50925 0.72966568 0.048748788 0.68206422 76.997847
0.68131014 -0.020058122 -0.73171997 -45.207804 -0.023265297 0.99852609 -0.049034386 -5.5796079 0.73162508 0.050431307 0.67983929 77.738157
0.67585486 -0.021236937 -0.73672869 -46.089645 -0.022003502 0.99855786 -0.048969835 -5.6565808 0.73670625 0.049307112 0.67441289 78.553427
0.67169111 -0.024356901 -0.74043079 -46.963715 -0.01734635 0.99866828 -0.048587731 -5.7211191 0.74062825 0.045479719 0.6703741 79.330404
0.66551968 -0.024777075 -0.74596891 -47.839155 -0.017977263 0.99862678 -0.049207509 -5.803002 0.74616381 0.046159045 0.66416035 80.05542
0.66297109 -0.032124258 -0.74795542 -48.723647 -0.010708826 0.9985698 -0.052380068 -5.8692618 0.74856843 0.042736196 0.6616789 80.860852
0.65847085 -0.034316076 -0.75182345 -49.627442 -0.010210573 0.99846068 -0.054516277 -5.9485819 0.752537 0.043573928 0.65710686 81.650942
0.65041403 -0.0395373 -0.75855016 -50.581004 -0.0025008423 0.99852752 -0.054189778 -6.0295771 0.75957579 0.037142807 0.64935744 82.433606
0.64209198 -0.043609785 -0.7653862 -51.472562 0.0031282017 0.99852145 -0.054268959 -6.1109826 0.76662126 0.032451381 0.64127903 83.200776
0.63595869 -0.043090742 -0.7705191 -52.401146 0.0032177219 0.99857928 -0.053189057 -6.1961605 0.77171642 0.031346727 0.63519383 83.993706
0.62539264 -0.042905178 -0.77912974 -53.336042 0.0054433889 0.99870278 -0.050627338 -6.2732936 0.78029127 0.027420858 0.62481491 84.719647
0.6218915 -0.041870002 -0.78198326 -54.310025 0.004165582 0.99873237 -0.050162693 -6.3566111 0.78309237 0.027938337 0.62127758 85.510101
0.60759449 -0.04310662 -0.79307673 -55.267918 0.0026534689 0.9986307 -0.052246346 -6.4261722 0.794243 0.029640187 0.60687689 86.167965
0.59804739 -0.046220002 -0.80012685 -56.258521 0.0049624508 0.99853013 -0.053971797 -6.5138424 0.80144541 0.028307102 0.59739771 86.919515
0.5880685 -0.046068353 -0.80749805 -57.285057 0.002022001 0.99845719 -0.055490168 -6.593917 0.80880864 0.030999258 0.58725437 87.62438
0.57985348 -0.048298154 -0.81328788 -58.29298 0.0073818243 0.99851176 -0.054034862 -6.674934 0.81468737 0.025328755 0.57934705 88.34375
0.56917759 -0.049419043 -0.82072807 -59.287138 0.010322907 0.99854291 -0.052966955 -6.7509889 0.82214984 0.021675304 0.5688584 89.048999
0.56021059 -0.049740379 -0.82685545 -60.331075 0.010306031 0.99853679 -0.053085518 -6.8387289 0.82828614 0.021217472 0.55990351 89.728265
0.54952813 -0.049888639 -0.83398435 -61.355674 0.008020072 0.99848459 -0.054444406 -6.9240171 0.83543675 0.023230118 0.54909549 90.395415
0.53988309 -0.050709099 -0.84021115 -62.399538 0.0072070728 0.99842562 -0.055626835 -7.0037851 0.84170919 0.023976525 0.53939858 91.02514
0.53169715 -0.050676446 -0.84541704 -63.475259 0.0046050117 0.9983665 -0.056948454 -7.094948 0.84692207 0.026386175 0.53106199 91.696868
0.52051748 -0.051550327 -0.85229341 -64.545946 0.005434407 0.99835563 -0.057065858 -7.1817132 0.85383375 0.025072067 0.5199417 92.370208
0.51069823 -0.049542794 -0.85833138 -65.666136 0.0041167527 0.99846782 -0.055182028 -7.2645347 0.85975021 0.024647826 0.51011971 92.99283
0.50235303 -0.04976783 -0.86322913 -66.704301 0.0082530833 0.9985727 -0.052767954 -7.343735 0.86462326 0.01938384 0.50204676 93.599911
0.49589347 -0.048045202 -0.8670532 -67.846601 0.0051493605 0.99861342 -0.052390151 -7.4398943 0.86836813 0.021515164 0.49545328 94.269256
0.48685426 -0.05178261 -0.87194692 -68.965062 0.0078262022 0.99845975 -0.054926086 -7.5236133 0.87344819 0.019916966 0.48650965 94.820804
0.48162202 -0.055466632 -0.87462198 -70.032814 0.010622408 0.99829129 -0.057460103 -7.6087988 0.8763147 0.018383459 0.48138826 95.463012
0.4741013 -0.057146166 -0.8786138 -71.160065 0.0099114126 0.99817466 -0.059574345 -7.7046064 0.88041455 0.01953597 0.4738023 96.06595
0.47110632 -0.060315795 -0.8800118 -72.292922 0.010602113 0.99797452 -0.062725186 -7.8092616 0.88201275 0.020220247 0.47079158 96.691613
0.46617693 -0.060896565 -0.88259312 -73.402194 0.012295462 0.99797777 -0.062363455 -7.9020267 0.8846061 0.018220514 0.46598297 97.209853
0.46205433 -0.058785643 -0.88490111 -74.570157 0.015114844 0.99817775 -0.058418552 -7.9990743 0.88672285 0.013617403 0.46210088 97.760988
0.45524911 -0.058175647 -0.88846146 -75.681473 0.021320855 0.99828927 -0.054442231 -8.0972896 0.89010883 0.0058420193 0.45571066 98.387406
0.45236708 -0.056774148 -0.89002284 -76.790566 0.020490964 0.99836985 -0.053270724 -8.1867792 0.89159644 0.0058604958 0.45279301 98.944552
0.44728962 -0.055207106 -0.89268365 -77.927502 0.019252812 0.99845618 -0.052101652 -8.2706774 0.89418197 0.0061178575 0.44766198 99.477758
0.44926172 -0.057867804 -0.89152406 -78.936052 0.027090382 0.99832357 -0.051148503 -8.3525363 0.89298941 -0.0011726632 0.45007623 100.0254
0.44387983 -0.056712071 -0.89428987 -80.108848 0.028530197 0.99838373 -0.04915233 -8.4408235 0.89563206 -0.0036965388 0.4447804 100.56912
0.44297352 -0.056033776 -0.89478188 -81.222212 0.027595819 0.99842422 -0.048862481 -8.5311236 0.89610992 -0.0030474539 0.44382179 101.1437
0.44146851 -0.057822113 -0.89541169 -82.308324 0.032394812 0.99829799 -0.048494353 -8.6201741 0.89669181 -0.0075979642 0.44259027 101.68562
0.43874717 -0.055909349 -0.89686955 -83.374382 0.033320025 0.99838845 -0.045937765 -8.6945974 0.89799263 -0.0097286521 0.43990301 102.21772
0.43581125 -0.054571036 -0.89838215 -84.479565 0.034363804 0.99844128 -0.043978883 -8.7730996 0.89938187 -0.011705338 0.43700721 102.71969
0.43416276 -0.057093571 -0.89902333 -85.575091 0.039343438 0.99823907 -0.044394374 -8.8575725 0.89997492 -0.016096286 0.43564449 103.26003
0.4314192 -0.058177566 -0.90027372 -86.598293 0.039232196 0.99818433 -0.045704336 -8.9398853 0.90129816 -0.015601988 0.43291832 103.73315
0.43006253 -0.059704448 -0.90082269 -87.639163 0.040730028 0.99807799 -0.046705348 -9.014035 0.9018799 -0.016604315 0.43166772 104.2248
0.43092166 -0.059401783 -0.90043205 -88.72605 0.03856044 0.99813175 -0.047393112 -9.0905337 0.90156513 -0.014298338 0.43240715 104.71467
0.43411079 -0.059907598 -0.8988653 -89.748823 0.037400594 0.99812464 -0.048460263 -9.1756707 0.90008282 -0.012580974 0.43553726 105.21148
0.43647653 -0.059947319 -0.89771626 -90.764029 0.03546836 0.99814866 -0.049408963 -9.2557166 0.89901629 -0.010274671 0.4377947 105.71899
0.44292695 -0.060496549 -0.89451429 -91.788676 0.034367875 0.99813322 -0.050486793 -9.3360052 0.89589879 -0.0083805951 0.44417924 106.21644
0.44969641 -0.060367077 -0.89113909 -92.757785 0.033760824 0.99814926 -0.050579346 -9.4111688 0.89254323 -0.0073402402 0.45090218 106.69676
0.45580486 -0.057745021 -0.88820458 -93.77343 0.030021139 0.99832293 -0.049498054 -9.4839849 0.88957334 -0.0041034602 0.45677402 107.18048
0.46255859 -0.058182207 -0.88467752 -94.764974 0.031580441 0.9982924 -0.049142258 -9.5635716 0.88602612 -0.0052073329 0.46360615 107.71348
0.47327301 -0.057222361 -0.87905529 -95.720615 0.030266533 0.99835511 -0.048693074 -9.6403104 0.88039574 -0.0035608389 0.47422645 108.23896
0.48218215 -0.058041555 -0.87414615 -96.749183 0.0316091 0.99830584 -0.048849817 -9.7185377 0.8755006 -0.0040764638 0.4831999 108.77481
0.49314386 -0.058818259 -0.86795708 -97.639907 0.030952194 0.99826633 -0.050062849 -9.7851498 0.86939701 -0.0021769904 0.49410946 109.28968
0.50302384 -0.059440124 -0.86222609 -98.647896 0.02767145 0.99822839 -0.052672288 -9.8707187 0.86382948 0.0026363696 0.50377747 109.8703
0.5152166 -0.056961433 -0.85516501 -99.605557 0.020778935 0.99832588 -0.053978379 -9.9373601 0.85680812 0.010041138 0.51553766 110.39602
0.52576324 -0.057325771 -0.84869707 -100.48685 0.022618982 0.99831595 -0.053419535 -10.017376 0.85033021 0.0088893632 0.52617448 110.95883
0.53828896 -0.054784121 -0.84097779 -101.40917 0.020604316 0.99844212 -0.051853568 -10.092427 0.84250847 0.01058443 0.53857916 111.54395
0.55149364 -0.053374276 -0.83246975 -102.31765 0.020795496 0.99852044 -0.050244134 -10.165553 0.83391988 0.010397699 0.55178762 112.12221
0.56177924 -0.05266541 -0.8256091 -103.17238 0.021059758 0.99855861 -0.049367872 -10.240722 0.82701912 0.010346717 0.56207862 112.71013
0.57279519 -0.052199906 -0.81803471 -104.04875 0.01996795 0.99856268 -0.049737905 -10.310464 0.81945531 0.012155156 0.57301423 113.33141
0.58447817 -0.052824453 -0.80968808 -104.9121 0.019184758 0.99849931 -0.05129396 -10.391114 0.81118263 0.01444653 0.58461448 113.99175
0.59649434 -0.057075762 -0.80058529 -105.75191 0.025586493 0.99831359 -0.052108516 -10.469209 0.80220938 0.010598265 0.59694878 114.54314
0.60577868 -0.056007888 -0.79365941 -106.55281 0.024768637 0.9983633 -0.051548445 -10.542216 0.79524761 0.011569087 0.60617444 115.1567
0.61713811 -0.053907386 -0.78500605 -107.40847 0.024061714 0.99847678 -0.049650411 -10.616587 0.7864869 0.01175257 0.61749518 115.78648
0.62698609 -0.051801582 -0.77730624 -108.18691 0.024255169 0.99860109 -0.046984653 -10.679433 0.7786528 0.01060503 0.62736545 116.47027
0.63556553 -0.050604231 -0.77038667 -108.9573 0.023829273 0.99865996 -0.045939729 -10.747562 0.77167913 0.010839953 0.6359197 117.10605
0.64588274 -0.048758494 -0.76187798 -109.7262 0.020201863 0.99870052 -0.046788463 -10.811006 0.76316933 0.014828505 0.64602844 117.73101
0.65648888 -0.048164766 -0.75279643 -110.44614 0.01852488 0.99868789 -0.047742244 -10.877787 0.75410824 0.017396788 0.65651974 118.36925
0.66538812 -0.04749306 -0.74498524 -111.21527 0.018064683 0.99870629 -0.04753328 -10.947318 0.74627901 0.018170157 0.66538525 119.00816
0.67353268 -0.046693913 -0.73768107 -111.92818 0.01935306 0.99877455 -0.045550543 -11.013518 0.73890408 0.016403393 0.67361097 119.671
0.68280537 -0.045508001 -0.7291816 -112.66269 0.019841672 0.99884511 -0.043757885 -11.076048 0.73033087 0.015409937 0.68291976 120.305
0.69042875 -0.044098899 -0.72205497 -113.35859 0.019241749 0.99890654 -0.042608421 -11.139841 0.72314448 0.015524478 0.69052234 120.98277
0.69813497 -0.043034708 -0.71467162 -114.08785 0.017791231 0.99892644 -0.042771851 -11.201352 0.71574512 0.017145636 0.69815113 121.66957
0.7060773 -0.04107786 -0.7069423 -114.73295 0.015952117 0.99898542 -0.042114832 -11.260958 0.7079551 0.018459101 0.70601621 122.31655
0.71341677 -0.038811957 -0.69966428 -115.39092 0.015526043 0.99909534 -0.039590854 -11.31665 0.70056798 0.017381761 0.71337397 122.95393
0.71963486 -0.036619782 -0.69338634 -116.04401 0.015058193 0.99919653 -0.037142293 -11.370654 0.69418943 0.016287743 0.71960808 123.65611
0.72637555 -0.036000137 -0.68635451 -116.65487 0.015445622 0.99923009 -0.036064596 -11.425844 0.68712447 0.015595269 0.72637235 124.2941
0.73446456 -0.034441168 -0.67777251 -117.29767 0.014337352 0.99927596 -0.035241847 -11.484097 0.6784956 0.016166425 0.73442658 124.97945
0.74221905 -0.031783254 -0.66940321 -117.88028 0.011881391 0.99934181 -0.034274919 -11.529894 0.67005205 0.017486057 0.74210817 125.59745
0.75096451 -0.028704151 -0.65971838 -118.48407 0.010818948 0.99945552 -0.03117069 -11.578863 0.66025396 0.016270623 0.75086617 126.31274
0.76048735 -0.025394177 -0.64885598 -119.04823 0.0089674982 0.99955045 -0.028608957 -11.615879 0.64929085 0.015938135 0.7603732 126.96258
0.76947375 -0.02250423 -0.63828182 -119.61248 0.0067264918 0.99960916 -0.027134684 -11.669628 0.63864305 0.01658603 0.76932438 127.58349
0.77909807 -0.022224411 -0.62650797 -120.14791 0.0057765104 0.99958348 -0.028275276 -11.70689 0.62687548 0.018410183 0.77890194 128.32129
0.7882611 -0.023220193 -0.61490262 -120.65761 0.0061537609 0.99953526 -0.02985616 -11.755863 0.61531017 0.019750486 0.78803766 128.977
0.79777469 -0.022227211 -0.60254582 -121.17827 0.0058122166 0.99955736 -0.029177089 -11.798878 0.60292769 0.019774616 0.79755075 129.6447
0.80836356 -0.021067875 -0.58830645 -121.67687 0.0055420038 0.99958747 -0.028181282 -11.830479 0.58865752 0.019520325 0.80814684 130.32674
0.81809324 -0.018897961 -0.57477498 -122.15255 0.0051369938 0.99966019 -0.025556087 -11.867389 0.57506268 0.017954647 0.81791233 131.03019
0.82765718 -0.017456358 -0.56096242 -122.64632 0.0055391921 0.99972156 -0.022937268 -11.908191 0.56120668 0.015876916 0.82752342 131.72272
0.8366374 -0.016292862 -0.54751473 -123.11023 0.0061168637 0.9997731 -0.020404142 -11.939656 0.54772299 0.013721795 0.83654723 132.41713
0.84384078 -0.01569429 -0.53636405 -123.55511 0.0069953427 0.99980899 -0.018249428 -11.970584 0.53654806 0.011647561 0.84378939 133.15873
0.85119566 -0.015573288 -0.52461739 -123.95054 0.0078291052 0.99982523 -0.016977071 -11.995964 0.52479013 0.010343524 0.85116882 133.85697
0.85829043 -0.015696131 -0.51292412 -124.42501 0.0084176752 0.99982826 -0.016510484 -12.030805 0.51309522 0.0098531612 0.85827515 134.59392
0.86469532 -0.014919876 -0.50207507 -124.8666 0.0079240161 0.99983956 -0.016064576 -12.057945 0.50223424 0.0099125128 0.86467481 135.31092
0.87082522 -0.013548475 -0.491406 -125.29034 0.0066947781 0.99985429 -0.01570294 -12.088537 0.49154719 0.010384662 0.87078903 136.04186
0.87731605 -0.012350586 -0.4797541 -125.69137 0.0058753842 0.99987029 -0.014996047 -12.111561 0.47987712 0.010337533 0.87727482 136.80399
0.88242555 -0.012750138 -0.47027924 -126.08956 0.0064036808 0.9998656 -0.015092423 -12.139178 0.4704085 0.010306421 0.8823886 137.53682
0.8877159 -0.01395735 -0.46018002 -126.47207 0.0073835285 0.99984341 -0.01608216 -12.166115 0.46033246 0.010878637 0.88767995 138.29792
0.8918305 -0.014416637 -0.45213992 -126.87569 0.0077637834 0.99983263 -0.016566212 -12.195428 0.45230311 0.011263937 0.89179316 139.08565
0.89519041 -0.013933875 -0.445466 -127.27951 0.0077132388 0.99984583 -0.01577429 -12.223541 0.44561715 0.010685007 0.89515987 139.85378
0.89784029 -0.01212977 -0.44015413 -127.62994 0.0072030458 0.99989134 -0.012862012 -12.249583 0.44026235 0.0083775823 0.8978301 140.64243
0.90119502 -0.0084347965 -0.43333171 -128.02517 0.0051013505 0.99994778 -0.0088547519 -12.267337 0.4333838 0.0057692812 0.901191 141.42488
0.90400118 -0.0055675381 -0.42749368 -128.43944 0.0032724999 0.99997602 -0.0061031571 -12.28517 0.42751745 0.004118288 0.90399773 142.26846
0.90747551 -0.0029583669 -0.42009456 -128.84366 0.0016494262 0.99999259 -0.0034790529 -12.310212 0.42010177 0.00246424 0.90747366 143.09926
0.91110972 -0.0010339972 -0.41216258 -129.23096 0.00040255424 0.99999861 -0.0016188388 -12.310176 0.41216372 0.0013090216 0.91110887 143.91735
0.91402488 7.2347125e-05 -0.4056581 -129.60898 0.00051076677 0.99999899 0.0013291993 -12.326583 0.40565782 -0.0014221182 0.91402392 144.78552
0.91669918 0.00015159942 -0.399578 -129.96203 0.001165589 0.99999466 0.0030534537 -12.342742 0.39957636 -0.0032648427 0.91669411 145.64778
0.9201804 -7.9018917e-06 -0.39149461 -130.3556 0.0017267027 0.99999036 0.0040383084 -12.356075 0.39149083 -0.0043919674 0.92017153 146.53729
0.9232964 -0.00098614408 -0.38408693 -130.74414 0.0028510349 0.99998675 0.0042860582 -12.347877 0.38407765 -0.0050523477 0.92328698 147.42855
0.92783179 -0.0033329494 -0.37298398 -131.11714 0.0049799948 0.99998164 0.0034524508 -12.377478 0.37296565 -0.0050607523 0.92783135 148.37921
0.93110529 -0.0050893357 -0.364715 -131.47559 0.0062815651 0.9999781 0.00208265 -12.37985 0.36469645 -0.0042301478 0.93111687 149.30045
0.93566976 -0.0059360579 -0.35282696 -131.83118 0.0066034182 0.99997796 0.00068784748 -12.39991 0.35281513 -0.0029734624 0.93568833 150.22573
0.94031529 -0.0043447651 -0.34027676 -132.18487 0.0044663507 0.99998994 -0.0004259586 -12.410497 0.34027521 -0.0011192603 0.94032523 151.1811
0.94593586 -0.00064068317 -0.32435309 -132.53498 0.0010198158 0.99999898 0.00099890414 -12.421664 0.32435215 -0.0012756799 0.94593555 152.14195
0.95236124 0.002893503 -0.3049585 -132.84492 -0.0018464217 0.99999137 0.0037218756 -12.428696 0.30496666 -0.0029814884 0.95235836 153.14566
0.95831638 0.0058389344 -0.28564945 -133.15605 -0.0045650692 0.99997645 0.0051252207 -12.44134 0.28567267 -0.0036075737 0.95832047 154.19775
0.96463349 0.0074884622 -0.26348842 -133.47361 -0.0060237464 0.99996159 0.0063663798 -12.452473 0.263526 -0.004554036 0.96464155 155.21496
0.97025497 0.0089156109 -0.24192107 -133.7354 -0.0073226945 0.99994519 0.007482779 -12.448397 0.24197455 -0.0054886897 0.97026708 156.26111
0.97531593 0.0094412503 -0.22061209 -133.97762 -0.0073803821 0.99992111 0.010164002 -12.46306 0.22069066 -0.0082849115 0.97530867 157.34114
0.98010385 0.011794476 -0.19813465 -134.22244 -0.0092622239 0.99986322 0.013702409 -12.461313 0.19826918 -0.011594616 0.98007903 158.44545
0.98424827 0.013433844 -0.17628066 -134.4282 -0.010425342 0.99978396 0.017981653 -12.467175 0.17648415 -0.015860626 0.98417569 159.52403
0.98799038 0.015196295 -0.15376633 -134.60284 -0.01209738 0.99970483 0.021069086 -12.454437 0.15404112 -0.018955885 0.98788259 160.6635
0.99114053 0.016558308 -0.13178116 -134.77074 -0.013902972 0.99968187 0.021044301 -12.449266 0.1320877 -0.01902571 0.99105543 161.76919
0.99391836 0.016485187 -0.10887847 -134.91848 -0.014464787 0.9997087 0.019320333 -12.442287 0.10916527 -0.01762793 0.9938673 162.93743
0.99596568 0.016339491 -0.088234814 -135.03516 -0.01479439 0.99972605 0.018136948 -12.434523 0.088506999 -0.016758398 0.99593457 164.07424
0.99757755 0.015097195 -0.067905163 -135.11752 -0.01376762 0.99970507 0.020005464 -12.429975 0.068187168 -0.01902211 0.99749119 165.24244
0.9987324 0.015601565 -0.047855888 -135.17369 -0.014572833 0.99965678 0.021770588 -12.421835 0.048179122 -0.021045596 0.99861697 166.45806
0.99954556 0.016032434 -0.025527052 -135.21853 -0.015450766 0.99962012 0.022822838 -12.414786 0.025883263 -0.022418055 0.99941357 167.66366
0.99983202 0.016867333 -0.0071705392 -135.23366 -0.016696679 0.99959076 0.023227937 -12.402409 0.0075593987 -0.023104312 0.99970448 168.84774
0.99974134 0.017373168 0.01467706 -135.23403 -0.017718409 0.99956139 0.023729331 -12.391485 -0.01425837 -0.023983248 0.99961068 170.10698
0.99922507 0.01946066 0.034213116 -135.2236 -0.020261794 0.99952486 0.023227271 -12.379491 -0.033744845 -0.023902491 0.99914461 171.2933
0.99821346 0.021034401 0.055923513 -135.16746 -0.022324815 0.9994964 0.022550835 -12.361928 -0.055421011 -0.02375903 0.99818035 172.57794
0.99707693 0.021015261 0.073457126 -135.0915 -0.02253307 0.99954812 0.019895109 -12.363352 -0.073005838 -0.02149217 0.99709991 173.85938
0.99545583 0.022875268 0.09243595 -134.95454 -0.024555246 0.99955259 0.017078073 -12.352479 -0.092003935 -0.019270255 0.99557216 175.13841
0.99327935 0.023450806 0.11334105 -134.81932 -0.025366958 0.99955814 0.015493327 -12.350422 -0.11292765 -0.01826432 0.99343533 176.42123
0.99089505 0.023238689 0.13261582 -134.68501 -0.025156148 0.99960157 0.012801418 -12.356583 -0.13226551 -0.016020965 0.99108484 177.68285
0.98870111 0.024628368 0.14786331 -134.50723 -0.026018737 0.9996335 0.0074759008 -12.352457 -0.14762501 -0.011238648 0.98897955 178.95743
0.98526874 0.026011518 0.16902342 -134.27205 -0.026568202 0.99964647 0.0010323715 -12.374803 -0.16893683 -0.0055078117 0.98561149 180.28678
0.98202522 0.028642229 0.1865639 -134.03866 -0.028315759 0.99958928 -0.0044149892 -12.380509 -0.18661375 -0.00094706762 0.98243291 181.58021
0.9785758 0.03073819 0.20357936 -133.78013 -0.029681861 0.99952543 -0.0082407824 -12.415935 -0.20373607 0.0020216161 0.97902376 182.91929
0.97436488 0.033060209 0.22253113 -133.52234 -0.031349459 0.99944554 -0.011216717 -12.440911 -0.22277859 0.0039529451 0.97486106 184.26309
0.97067767 0.03239815 0.23819156 -133.21973 -0.030611606 0.99946864 -0.011196595 -12.475219 -0.23842777 0.0035768585 0.97115365 185.57017
0.96638081 0.030931301 0.25524768 -132.85796 -0.0288882 0.99951358 -0.011750372 -12.503008 -0.255487 0.0039816881 0.9668043 186.92577
0.96209968 0.030632648 0.27097203 -132.53926 -0.027189903 0.99949491 -0.016451071 -12.558529 -0.27133912 0.0084598673 0.96244663 188.24494
0.95727587 0.032331859 0.28736311 -132.12868 -0.02758377 0.99940809 -0.020557426 -12.605997 -0.2878577 0.01175257 0.95760108 189.58898
0.95192399 0.034341955 0.30440326 -131.72219 -0.029273689 0.9993466 -0.021199481 -12.635909 -0.30493242 0.011269288 0.95230732 190.9203
0.94615309 0.036271378 0.32168106 -131.27379 -0.031036896 0.99928939 -0.021387486 -12.695053 -0.32222826 0.010251854 0.9466065 192.28133
0.93972972 0.040267793 0.33953874 -130.81822 -0.033847434 0.99911895 -0.024812712 -12.733163 -0.34023877 0.011824728 0.94026473 193.60522
0.93382832 0.041062167 0.35535695 -130.35932 -0.033139914 0.99904842 -0.028354884 -12.799676 -0.35618314 0.014702096 0.9343005 194.9612
0.92607694 0.04214691 0.3749735 -129.78531 -0.032746218 0.99897001 -0.031410177 -12.853202 -0.37591116 0.016809278 0.92650324 196.28349
0.91851728 0.042325815 0.39310879 -129.24181 -0.030541942 0.99887825 -0.036186005 -12.930498 -0.39419946 0.021231165 0.91877964 197.63031
0.91106814 0.045712543 0.40971355 -128.69469 -0.031455908 0.99864433 -0.041473116 -13.018551 -0.41105399 0.024896924 0.91127097 198.9303
0.90119143 0.049715421 0.43056052 -128.07159 -0.033136821 0.99839519 -0.045923901 -13.106474 -0.43215272 0.02711882 0.9013926 200.31706
0.8888153 0.052204056 0.45528241 -127.43257 -0.034445012 0.99829033 -0.047222454 -13.180016 -0.45696927 0.026289832 0.88909389 201.64336
0.87595404 0.056404078 0.47908567 -126.75178 -0.036982108 0.9980699 -0.049887919 -13.269718 -0.48097491 0.025981927 0.8763493 202.9046
0.86152062 0.060873009 0.50406019 -126.05255 -0.039485163 0.99781279 -0.053014675 -13.369252 -0.50618491 0.025770338 0.86203988 204.23873
0.84702505 0.064652098 0.52760654 -125.2669 -0.041156002 0.99757268 -0.056168757 -13.481607 -0.52995734 0.025862169 0.84762987 205.51919
0.83168897 0.06597232 0.55130853 -124.48563 -0.040422009 0.99747554 -0.058383348 -13.580621 -0.5537685 0.026271788 0.83225613 206.74952
0.81577417 0.067158398 0.5744582 -123.63413 -0.039373688 0.99737994 -0.06068745 -13.685162 -0.5770288 0.026888718 0.81628107 208.00177
0.80039719 0.069315441 0.59544914 -122.77825 -0.037715553 0.99714745 -0.065379712 -13.80828 -0.59828246 0.029872045 0.80072828 209.18469
0.78378877 0.072071282 0.61683131 -121.87078 -0.036167446 0.9968547 -0.070516782 -13.936781 -0.61997348 0.03296105 0.78393016 210.38858
0.76650725 0.073727062 0.63798975 -120.92929 -0.034119516 0.99666079 -0.074183036 -14.066789 -0.64132872 0.035093935 0.76646326 211.58381
0.75073964 0.075252585 0.65629796 -119.99127 -0.032597728 0.9965002 -0.076972371 -14.195217 -0.65979347 0.036392388 0.75056526 212.69703
0.73528107 0.076071627 0.67347964 -118.97742 -0.03098056 0.99641489 -0.078724701 -14.33753 -0.67705391 0.037020007 0.73500174 213.81027
0.71940613 0.076419815 0.69037293 -117.94548 -0.028794644 0.99635599 -0.080284575 -14.4802 -0.6939926 0.037878174 0.71898509 214.95082
0.70425132 0.07706708 0.70575542 -116.87589 -0.025893409 0.99621753 -0.082946736 -14.632752 -0.70947844 0.040140936 0.70358304 216.03944
0.68941687 0.078293247 0.72012117 -115.80533 -0.023108163 0.99601277 -0.086165938 -14.779895 -0.72399616 0.042763574 0.68847722 217.11147
0.67468553 0.080366661 0.73371697 -114.70167 -0.020916581 0.99573718 -0.089832946 -14.933168 -0.73780891 0.045262139 0.67349046 218.1258
0.65945308 0.083132644 0.74713489 -113.5596 -0.019757989 0.99543992 -0.09332195 -15.093459 -0.75148606 0.046779565 0.65808846 219.17785
0.64353692 0.083453988 0.7608519 -112.42459 -0.018297945 0.99543163 -0.093707245 -15.263815 -0.76519636 0.046382047 0.64212404 220.17199
0.62705307 0.084881199 0.77433816 -111.24786 -0.018999625 0.99541639 -0.093729545 -15.435069 -0.77874483 0.044061266 0.62579161 221.16581
0.60957837 0.085864267 0.78806185 -110.04891 -0.020921015 0.99551286 -0.092284613 -15.604681 -0.79244973 0.039767651 0.60863947 222.09632
0.59179484 0.086630036 0.80142002 -108.87312 -0.023166619 0.99562553 -0.090515819 -15.755529 -0.80575569 0.035000604 0.59121298 223.03569
0.57444876 0.087960165 0.8138007 -107.68319 -0.025044045 0.99563267 -0.089935402 -15.923498 -0.81815736 0.03128242 0.57414283 223.92482
0.55549024 0.091300712 0.82649544 -106.4705 -0.026695455 0.99539953 -0.092016987 -16.097952 -0.83109446 0.029050867 0.55537204 224.76925
0.53798787 0.095013277 0.83758073 -105.23113 -0.029116239 0.99512899 -0.094183499 -16.274552 -0.84244962 0.02628238 0.53813375 225.60841
0.51800526 0.094939223 0.85009237 -104.0301 -0.029198177 0.99520479 -0.093353573 -16.438514 -0.85487898 0.023536496 0.51829337 226.38611
0.49696131 0.093937914 0.86267321 -102.7587 -0.029650083 0.99538118 -0.091308141 -16.608277 -0.86726604 0.019798283 0.4974512 227.13987
0.47515051 0.092083738 0.87507286 -101.50272 -0.029180245 0.99561093 -0.088923528 -16.77285 -0.87942059 0.01671722 0.47575206 227.84759
0.45444648 0.090609347 0.88615364 -100.23827 -0.029303568 0.99579534 -0.086792468 -16.930328 -0.89029195 0.013475069 0.45519087 228.52797
0.43146023 0.089574852 0.89767386 -98.960622 -0.028052018 0.99590926 -0.085894329 -17.090042 -0.90169575 0.011878424 0.43220799 229.16161
