7.776185099146762925e-01 -6.283734413750029502e-01 2.136050590728328161e-02 -6.595711136068591429e+01 6.274081381613189068e-01 7.777349449652249946e-01 3.856661184089539562e-02 2.571277971237517690e+01 -4.084704649086771944e-02 -1.658835599070231787e-02 9.990276999355416354e-01 -8.896472702580600078e-01 -4.809208017785018303e-24 -1.416202385148814181e-23 -3.430527606006730092e-24 9.999999999999997780e-01
7.495100927193745211e-01 -6.614124276157845594e-01 2.771680910910470294e-02 -6.555967459244665463e+01 6.606623881174581436e-01 7.500009675660042063e-01 3.199621191632193162e-02 2.609005349619332392e+01 -4.195032584775427315e-02 -5.670030463054354791e-03 9.991036086992258758e-01 -8.984967188100152491e-01 -4.809208017785018303e-24 -1.416202385148814181e-23 -3.430527606006730092e-24 9.999999999999997780e-01
7.211188763194069651e-01 -6.927175000102785418e-01 1.140313094495837114e-02 -6.520639412207461305e+01 6.923700200027147478e-01 7.211492857069731199e-01 2.382148454153015099e-02 2.648917752561019867e+01 -2.472491895392194688e-02 -9.282936164393868622e-03 9.996511919059029028e-01 -9.080051313132638802e-01 2.599243532739935600e-19 -2.435482149718962170e-18 1.784674368319314521e-20 9.999999999999998890e-01
6.909802136426975716e-01 -7.227325284220229573e-01 -1.428414208148629481e-02 -6.486964911158892733e+01 7.228693963587434768e-01 6.909091691438511429e-01 1.021546870675774966e-02 2.690030228859109940e+01 2.485993210001504177e-03 -1.738425591340213988e-02 9.998457918519746412e-01 -9.121898005977518986e-01 -1.939992737269058179e-18 -4.935201927843295445e-18 1.863408650941500049e-21 9.999999999999997780e-01
6.562600085416676610e-01 -7.539941057027003124e-01 -2.856028281510001113e-02 -6.453128252186724012e+01 7.540455179452887347e-01 6.567273904981383303e-01 -1.115757303930988743e-02 2.732240753584589044e+01 2.716906431063661684e-02 -1.421348426989406562e-02 9.995297988601447026e-01 -9.304799202155747961e-01 -2.061167168421097015e-18 -4.163714011726912458e-18 1.898484883318927300e-20 9.999999999999997780e-01
6.189308913622574293e-01 -7.849541150613338347e-01 -2.777749027186303052e-02 -6.419433349859204441e+01 7.842418668836473872e-01 6.195529574690508134e-01 -3.344887319784294738e-02 2.776722377315493162e+01 4.346545690981220428e-02 -1.081729924744077777e-03 9.990543448261464121e-01 -9.419182583376984885e-01 -4.136456892050508521e-18 -7.017727139644701269e-18 2.114662948701445222e-20 9.999999999999996669e-01
5.860841940703725994e-01 -8.099475914177737268e-01 -2.214083596958677999e-02 -6.386700451116147548e+01 8.089912761798039309e-01 5.864777446326857602e-01 -3.971108303146534541e-02 2.825858991257804931e+01 4.514900359765220555e-02 5.362294947434384507e-03 9.989658719230836148e-01 -9.613273596466881399e-01 -6.524027406086198374e-18 -1.009095978503044286e-17 8.197790243754680712e-20 9.999999999999995559e-01
5.572903784408291816e-01 -8.301663941327526164e-01 -1.584904255480122995e-02 -6.356514289339819612e+01 8.298227495926465691e-01 5.575156794722485598e-01 -2.388454314192554537e-02 2.876261658281626410e+01 2.866423478456521165e-02 1.587300152143056114e-04 9.995890837984422461e-01 -9.324285559390537159e-01 -9.948406536906359086e-18 -1.175110154756821769e-17 1.915506240392545289e-19 9.999999999999994449e-01
5.285792857262616717e-01 -8.488467433578510413e-01 -7.946382314516413012e-03 -6.328363479023686011e+01 8.488063151399727335e-01 5.286343834321871604e-01 -8.574848790277788887e-03 2.927834593969251031e+01 1.147946338576432031e-02 -2.212452042301776400e-03 9.999316611530746357e-01 -8.805805038261009798e-01 -1.351606183345173226e-17 -1.197108392071858954e-17 2.730314518003387310e-19 9.999999999999993339e-01
4.987507157263877389e-01 -8.667225783298372344e-01 -6.300458371966727485e-03 -6.301079342755426893e+01 8.667071440169726859e-01 4.987838461747994279e-01 -5.779386214941215939e-03 2.979644305874927213e+01 8.151691380811797866e-03 -2.578179270403122524e-03 9.999634507917248838e-01 -8.730552604532835215e-01 -2.000119548640540229e-17 -9.214303956403007277e-18 3.619232845290244532e-19 9.999999999999992228e-01
4.712666945427942400e-01 -8.819802704036558971e-01 -4.301770961245386139e-03 -6.274875916441534685e+01 8.818595172277021721e-01 4.712751010573756338e-01 -1.495229073721811124e-02 3.031780218222343848e+01 1.521494297205265404e-02 3.252958968464519322e-03 9.998789545581610039e-01 -8.670227135918060490e-01 -2.698486622338027268e-17 -8.182610829145017589e-18 4.254186862602972792e-19 9.999999999999990008e-01
4.457757958187557046e-01 -8.951286419632570324e-01 -5.352961719399054914e-03 -6.250245529588776350e+01 8.948767403348272254e-01 4.457807065204565378e-01 -2.179865367041306998e-02 3.085480506035895942e+01 2.189884631387535238e-02 4.927071253113942881e-03 9.997480505102293025e-01 -8.631556631694448090e-01 -3.468475465164783514e-17 -4.961703256734001632e-18 5.386359556551476759e-19 9.999999999999988898e-01
4.227021248624038274e-01 -9.062499310349385606e-01 -5.828905212461104809e-03 -6.226203668708453876e+01 9.060083104238234597e-01 4.227261062823146065e-01 -2.125042376911133804e-02 3.140872155016296219e+01 2.172222547957329553e-02 3.701562718268713425e-03 9.997571921990230370e-01 -8.583303656979437424e-01 -4.426439912070735929e-17 -1.842380481280051268e-18 7.483502329085422488e-19 9.999999999999988898e-01
4.031113308877551926e-01 -9.151367132157258721e-01 -5.104021416326071960e-03 -6.202955032799377477e+01 9.150286836655093792e-01 4.031423705902519306e-01 -1.409741480701966025e-02 3.198555208185173626e+01 1.495870914465644366e-02 1.012501646954575268e-03 9.998875996136555866e-01 -8.516109579152917330e-01 -5.445339501964925671e-17 3.175721265452798679e-18 9.661953201274121080e-19 9.999999999999988898e-01
3.858950762770584908e-01 -9.225398344812508755e-01 -2.289956424577104053e-03 -6.180338023265755254e+01 9.225246963546761547e-01 3.859018637943190111e-01 -5.285464576220161997e-03 3.257121474137656492e+01 5.759750067555499502e-03 -7.290659944645948060e-05 9.999834098442860197e-01 -8.470061906211385772e-01 -6.373904595319857908e-17 9.109447436679829339e-18 1.138799232463070144e-18 9.999999999999988898e-01
3.696036932484018100e-01 -9.291884788315770694e-01 1.371402128789547684e-03 -6.157834272080599902e+01 9.291878681968865905e-01 3.696054035220547318e-01 1.323360504865149024e-03 3.315859517020150804e+01 -1.736528971662838934e-03 7.851712903954309901e-04 9.999981839849477749e-01 -8.430515802231184352e-01 -7.316913634681513280e-17 1.604378035529495664e-17 1.235019794029969789e-18 9.999999999999990008e-01
3.554302096344604256e-01 -9.347012419239117964e-01 1.718844117161118668e-03 -6.136364555915278629e+01 9.346958667153220102e-01 3.554340580060775245e-01 3.204240101066170750e-03 3.375510445510833080e+01 -3.605942941530472078e-03 4.677127609997053736e-04 9.999933891882952786e-01 -8.445590104207068016e-01 -8.229085021420575867e-17 2.171257114770174588e-17 1.255456123872792517e-18 9.999999999999988898e-01
3.425226476049099134e-01 -9.395095153947706779e-01 3.261294324707266368e-04 -6.115883394081065205e+01 9.395070673188826715e-01 3.425225153692082469e-01 2.190187896252622588e-03 3.435671348142491865e+01 -2.169409042576640311e-03 -4.437880503069378422e-04 9.999975483552894229e-01 -8.488528817665084159e-01 -9.198926074185994583e-17 2.561326397396073512e-17 1.257930534074694077e-18 9.999999999999988898e-01
3.303254949659901185e-01 -9.438570100989150946e-01 -4.360259466304477680e-03 -6.096170176454732115e+01 9.438669918835107531e-01 3.303199268951723666e-01 1.961511849836832834e-03 3.497130389090063574e+01 -4.111061217058166527e-04 -4.763442358968218542e-03 9.999885702390133302e-01 -8.530355867185096530e-01 -1.009582250600264643e-16 2.896991539668469257e-17 1.281046991083671333e-18 9.999999999999987788e-01
3.199104498957028864e-01 -9.474184255787863052e-01 -7.458613902642993558e-03 -6.076560982939429323e+01 9.474477678817158077e-01 3.199019984775894332e-01 2.332060460914454555e-03 3.559824039313080135e+01 1.765884430953174739e-04 -7.812697604782188263e-03 9.999694648201382652e-01 -8.599652664948463920e-01 -1.094516902644093752e-16 3.173557962357493991e-17 1.334468382780661583e-18 9.999999999999988898e-01
3.118029876175983928e-01 -9.500999735001334212e-01 -9.430655745766543599e-03 -6.057120109393955687e+01 9.501466811913183985e-01 3.117920432305741341e-01 2.646884814130635259e-03 3.622892733120766451e+01 4.255982322146212977e-04 -9.785812851219551078e-03 9.999520272158065604e-01 -8.624851054165314501e-01 -1.181543516825882339e-16 3.455639065327898468e-17 1.405799961931571313e-18 9.999999999999990008e-01
3.057304670738946739e-01 -9.520530769784878444e-01 -1.112744888035661905e-02 -6.037343302513366439e+01 9.521164143452138795e-01 3.057310541790452807e-01 1.689983719866442000e-03 3.686937349349144455e+01 1.793052475973947813e-03 -1.111130624079254177e-02 9.999366599122447852e-01 -8.613807288463873890e-01 -1.262507115609741956e-16 3.855496350161165541e-17 1.507929634120833345e-18 9.999999999999988898e-01
3.011752259017284050e-01 -9.534825636340956700e-01 -1.282513737987110020e-02 -6.017430557654000722e+01 9.535662881440685190e-01 3.011781442436142764e-01 1.749155540627381471e-03 3.751821468639743529e+01 2.194861766668445083e-03 -1.275642096134245104e-02 9.999162246438927371e-01 -8.621054274480366431e-01 -1.346115456168341556e-16 4.474977514812819970e-17 1.611363020396967168e-18 9.999999999999990008e-01
2.978317739647640683e-01 -9.545313137479752852e-01 -1.289207088048207814e-02 -5.997362526621915890e+01 9.546146823328549580e-01 2.978410054589893941e-01 1.242474027051608488e-03 3.817504248708993941e+01 2.653806988153827734e-03 -1.267700839176086856e-02 9.999161218655876482e-01 -8.670574925610552430e-01 -1.414024568197573443e-16 4.914718082160786228e-17 1.723903884992803232e-18 9.999999999999992228e-01
2.956459367510501091e-01 -9.552239687983676841e-01 -1.185957485387012685e-02 -5.977256859755574681e+01 9.552886529146569217e-01 2.956740799186551305e-01 -6.542757382288139686e-04 3.883123030653209184e+01 4.131548750505818594e-03 -1.113588332276644818e-02 9.999294587157407932e-01 -8.703085261064064104e-01 -1.480954114227227157e-16 5.637085997897642289e-17 1.862952864119909559e-18 9.999999999999993339e-01
2.946891356745924839e-01 -9.555287879273748342e-01 -1.109273444343826867e-02 -5.956646389871484359e+01 9.555793345613998735e-01 2.947274860987180722e-01 -1.960687916039579714e-03 3.950053357250214958e+01 5.142827484394514072e-03 -1.002219437061577928e-02 9.999365514598775873e-01 -8.676813022396380193e-01 -1.552801091369708715e-16 6.260425697636799211e-17 1.996583612878118673e-18 9.999999999999996669e-01
2.944005816481153892e-01 -9.556212569911208821e-01 -1.078474441020275953e-02 -5.936147521703784236e+01 9.556709389612219052e-01 2.944329599541146703e-01 -1.512784721716297059e-03 4.017898122290875307e+01 4.621033456370457135e-03 -9.861302114967326199e-03 9.999406986268736253e-01 -8.665828133936446243e-01 -1.621425022353333215e-16 7.068484599364579386e-17 2.090213736881032534e-18 9.999999999999996669e-01
2.934985638568659572e-01 -9.558803041595139716e-01 -1.230597959966841723e-02 -5.915326289142429772e+01 9.559545565907346942e-01 2.935141811823308022e-01 5.578335368424734535e-04 4.086945898145259548e+01 3.078757434978486498e-03 -1.192768061354361822e-02 9.999241229652601204e-01 -8.678906226838929427e-01 -1.698728368795241117e-16 7.802842143128054032e-17 2.187886865723912671e-18 9.999999999999997780e-01
2.929423089614637821e-01 -9.560704074030296207e-01 -1.068549056287307689e-02 -5.894568138667847279e+01 9.561298831671322107e-01 2.929161002512633005e-01 3.975516113969888334e-03 4.156566855752482326e+01 -6.709210857689433755e-04 -1.138131371319633066e-02 9.999350056694007449e-01 -8.689337450982680400e-01 -1.775535612273993526e-16 8.662035181293171020e-17 2.309253145750988881e-18 1.000000000000000000e+00
2.924314022953491965e-01 -9.562643054960796585e-01 -6.515595576539209496e-03 -5.872748075825612091e+01 9.562823984667156996e-01 2.924033979068976219e-01 4.922121007973447211e-03 4.226562334103766005e+01 -2.801666341286710663e-03 -7.670132113993825308e-03 9.999666593137347403e-01 -8.750468646536703199e-01 -1.840461749005154953e-16 9.292638631543196739e-17 2.396293998421615239e-18 1.000000000000000222e+00
2.918013023753839308e-01 -9.564767324606593402e-01 -2.064023607874862758e-03 -5.850754160552353511e+01 9.564782122249705365e-01 2.917976975489759428e-01 1.879692530203337913e-03 4.296878283877410354e+01 -1.195604832851277161e-03 -2.522690338821126713e-03 9.999961032736788269e-01 -8.810825589436532823e-01 -1.904642533321192675e-16 1.001833161416377789e-16 2.443984610373316892e-18 1.000000000000000444e+00
2.914666257908971048e-01 -9.565809899200869992e-01 1.255930829002703498e-04 -5.828425373231475959e+01 9.565768772935281383e-01 2.914649822821572811e-01 -2.973538395406099752e-03 4.367968281032106859e+01 2.807824316164516006e-03 9.868266418272839211e-04 9.999955711380881240e-01 -8.806118287303420500e-01 -1.970829945884527624e-16 1.062248820653057411e-16 2.471237842819942581e-18 1.000000000000000444e+00
2.912276762574640410e-01 -9.566474025127851277e-01 -3.491109747474957416e-03 -5.806864813409596593e+01 9.566326157237785566e-01 2.912435664478968400e-01 -5.587802443992405561e-03 4.440335093637592934e+01 6.362319947519477770e-03 -1.712386728347716110e-03 9.999782940727155456e-01 -8.813269804964082299e-01 -2.043293479003929624e-16 1.130032028853649887e-16 2.512618261250207650e-18 1.000000000000000444e+00
2.908483152825980800e-01 -9.567199816386056099e-01 -9.702279667843280095e-03 -5.785033642028091805e+01 9.567207496539932299e-01 2.909206672218780931e-01 -7.111438999139043510e-03 4.514414772501714879e+01 9.626249463226597622e-03 -7.214022225028797301e-03 9.999276439846066511e-01 -8.826897776891219349e-01 -2.117624293757420173e-16 1.192322336134675132e-16 2.598042512605099029e-18 1.000000000000000666e+00
2.902853247493986655e-01 -9.569017270537456543e-01 -8.574088683317644330e-03 -5.762442299152840519e+01 9.568890652934181063e-01 2.903507498917698437e-01 -7.730378977322026682e-03 4.588029809599144926e+01 9.886706073023499020e-03 -5.960436134046134815e-03 9.999333609016717306e-01 -8.825721913341471048e-01 -2.191763995770914726e-16 1.284692982124716564e-16 2.755018404058214585e-18 1.000000000000000888e+00
2.897024185613251146e-01 -9.571089307972615590e-01 -3.873405207010976840e-03 -5.739024486692528626e+01 9.570799416605777488e-01 2.897244003088875197e-01 -7.599811615856012607e-03 4.662567010464992734e+01 8.396067570671825880e-03 -1.505474623820712019e-03 9.999636191359658755e-01 -8.843349464171822438e-01 -2.268103784683212516e-16 1.408260498839926386e-16 2.899647442711299700e-18 1.000000000000001110e+00
2.900134022797922762e-01 -9.570144061301908422e-01 -3.956381861667654896e-03 -5.716044084757788113e+01 9.570102138794640556e-01 2.900281947003570115e-01 -3.885461258146577675e-03 4.738727413318689941e+01 4.865904687396891033e-03 -2.659462012712630018e-03 9.999846249984881696e-01 -8.809106145130136678e-01 -2.352468793183643687e-16 1.521269971879723474e-16 2.989394151688999484e-18 1.000000000000001332e+00
2.912792414996175361e-01 -9.566211196286025231e-01 -5.695344764458710497e-03 -5.693080565690181771e+01 9.566380455425985696e-01 2.912726342359869824e-01 1.975440613728161356e-03 4.815818750879285659e+01 -2.308501392327266127e-04 -6.023788327747997551e-03 9.999818301761208561e-01 -8.788410133163111482e-01 -2.436652151761318310e-16 1.630442834686232997e-16 3.061755518947463184e-18 1.000000000000001332e+00
2.910531714437174511e-01 -9.566751104650607074e-01 -7.796435677937975720e-03 -5.669491187353081330e+01 9.566945510958498877e-01 2.909983874459106112e-01 7.448114347976862205e-03 4.894597129029367721e+01 -4.856675406495194677e-03 -9.626604833297323915e-03 9.999418689020700413e-01 -8.856110296513874935e-01 -2.522125459693625803e-16 1.734239347724235855e-16 3.119647357128270419e-18 1.000000000000001110e+00
2.907780681322030825e-01 -9.567840444964784696e-01 -3.522398377496284167e-03 -5.644927833045162657e+01 9.567592603724122124e-01 2.907368322197276811e-01 9.154893905489649292e-03 4.973005711513420835e+01 -7.735165471734546834e-03 -6.032129630174080243e-03 9.999518891562890754e-01 -9.008951653894540224e-01 -2.612332891985492258e-16 1.798933671088959377e-16 3.158580493700365366e-18 1.000000000000000888e+00
2.902005035737518224e-01 -9.569624284969839856e-01 2.564794487526543022e-03 -5.620362256899397124e+01 9.569310854059098759e-01 2.902117641550875926e-01 7.747885505375193445e-03 5.051264406307769406e+01 -8.158768861853430907e-03 2.058912975106909804e-04 9.999666954951108577e-01 -9.114995054842838229e-01 -2.691061192222496159e-16 1.827612450226914689e-16 3.201107396391604257e-18 1.000000000000000444e+00
2.893560658577296052e-01 -9.572204962005269602e-01 1.410249986131160592e-03 -5.596684939289179539e+01 9.572019122291328674e-01 2.893592535603271010e-01 5.976755294062066626e-03 5.130189230009260370e+01 -6.129141551564036908e-03 -3.795164150276779586e-04 9.999811446177909735e-01 -9.139865009104312099e-01 -2.761963743427084654e-16 1.827950351838501859e-16 3.237917231550918849e-18 9.999999999999997780e-01
2.900524510971464465e-01 -9.569880997402917533e-01 -6.584266707404188256e-03 -5.573874699040025860e+01 9.570055723389381264e-01 2.900213855014660003e-01 5.284928000682186447e-03 5.211040917579635590e+01 -3.148035051636937330e-03 -7.834086249211153971e-03 9.999643578487816820e-01 -9.235891934720078522e-01 -2.832641634246622074e-16 1.826216990204491158e-16 3.282330418564681189e-18 9.999999999999990008e-01
2.892583657239715667e-01 -9.572108803856949066e-01 -8.770879660192376984e-03 -5.549419411173300887e+01 9.572500005009315638e-01 2.892595547918053178e-01 1.160388965764379103e-03 5.290862837888949599e+01 1.426323802138323603e-03 -8.731576774943565489e-03 9.999608618178038588e-01 -9.330608585079726014e-01 -2.903028957062593540e-16 1.815435588613630382e-16 3.336755493778999369e-18 9.999999999999981126e-01
2.884824868265578046e-01 -9.574535200163001303e-01 -7.785358234329948710e-03 -5.524606999910386662e+01 9.574681880935682621e-01 2.885162632487820455e-01 -3.610350359237444063e-03 5.370912919803142671e+01 5.702945125773900038e-03 -6.412709992324531517e-03 9.999631761057077295e-01 -9.353171409558191929e-01 -2.958983001850367882e-16 1.800333437017611834e-16 3.437598908872521003e-18 9.999999999999971134e-01
2.886070997522120485e-01 -9.573969729608537982e-01 -9.847747868907323274e-03 -5.500286062720335423e+01 9.574211424131213732e-01 2.886603427769543484e-01 -4.467948990475744189e-03 5.452425860242960454e+01 7.120255114252872601e-03 -8.138960214852792446e-03 9.999415279373558008e-01 -9.310993892567854813e-01 -3.021520882203552460e-16 1.785551925256716679e-16 3.584775455495186374e-18 9.999999999999960032e-01
2.889241922224298209e-01 -9.572278149489203969e-01 -1.541821769250121578e-02 -5.476724371185601825e+01 9.573367875168589114e-01 2.889728630479886928e-01 -9.796370168025062171e-04 5.535296677814402244e+01 5.393182310744547119e-03 -1.447738616121340034e-02 9.998806523152973247e-01 -9.303030884722046645e-01 -3.073385527694376065e-16 1.779692758026482642e-16 3.726357276427058473e-18 9.999999999999950040e-01
2.889890665073890919e-01 -9.572512134166560882e-01 -1.246731132243350179e-02 -5.451869825534306813e+01 9.573323927339189021e-01 2.889632489174664420e-01 3.864013114231640116e-03 5.617972124424612446e+01 -9.623645725110913270e-05 -1.305201852210717377e-02 9.999148141471866369e-01 -9.304201588507152731e-01 -3.116134171019400230e-16 1.758906019415624557e-16 3.834662473873330407e-18 9.999999999999938938e-01
2.880186226565722429e-01 -9.576051451885241317e-01 -6.136685714783458347e-03 -5.426287214633822487e+01 9.576094172381504066e-01 2.879717482510082971e-01 7.515066599938502456e-03 5.700499479224954058e+01 -5.429274328772448061e-03 -8.041027162382490337e-03 9.999529313234669647e-01 -9.373795714041934790e-01 -3.159036076832136917e-16 1.734730700228366861e-16 3.854954980002069745e-18 9.999999999999925615e-01
2.876656972233423981e-01 -9.576869840717278093e-01 -9.169906253305411606e-03 -5.401456150322730565e+01 9.576995969443587997e-01 2.875657223739075397e-01 1.083685047039454653e-02 5.784720310251708497e+01 -7.741359927985330680e-03 -1.189940566906778040e-02 9.998992326685444132e-01 -9.478296244442864227e-01 -3.189108366817469128e-16 1.667845128211461585e-16 3.859369534742257709e-18 9.999999999999911182e-01
2.881252882612514443e-01 -9.575377219713947508e-01 -1.026300473998597446e-02 -5.376790568081095500e+01 9.575653594340691743e-01 2.880194900357138099e-01 1.064686674100033537e-02 5.867645967167862864e+01 -7.238831133854909186e-03 -1.289512937153638149e-02 9.998906515025831609e-01 -9.628063990248755255e-01 -3.209078902952697074e-16 1.596942896784376934e-16 3.812642087139166740e-18 9.999999999999895639e-01
2.863668760751749698e-01 -9.581014042855583446e-01 -5.975901026549055098e-03 -5.351316054788282628e+01 9.581169529605797486e-01 2.863445486096909409e-01 4.324804154721557416e-03 5.950530001161668281e+01 -2.432434251904472787e-03 -6.964092738163029685e-03 9.999727919678090826e-01 -9.601083548347014718e-01 -3.219587217648078095e-16 1.513297898135408912e-16 3.769463618715153731e-18 9.999999999999878986e-01
2.859165836816838224e-01 -9.582405570384765481e-01 -5.171268942899296533e-03 -5.326157626775038523e+01 9.582519294824953793e-01 2.859241757702964959e-01 -7.780443952741278616e-04 6.034551852938933791e+01 2.224144504924196152e-03 -4.732922646943414288e-03 9.999863262187071999e-01 -9.633263778748311079e-01 -3.231075742349701205e-16 1.414573414305915067e-16 3.810143542704943309e-18 9.999999999999864553e-01
2.858233560409553231e-01 -9.582508496324422254e-01 -7.766486997746414531e-03 -5.301385423743246150e+01 9.582748907211877665e-01 2.858436704652839722e-01 -1.621686825012148012e-03 6.119495055753447588e+01 3.773983927973549417e-03 -6.978913508267257058e-03 9.999685254104246912e-01 -9.704259393003689116e-01 -3.250443649504702393e-16 1.321556948136509854e-16 3.877963168264957888e-18 9.999999999999851230e-01
2.851548792456748971e-01 -9.584612739055494712e-01 -6.219426487778715977e-03 -5.275862717473017227e+01 9.584812204054486973e-01 2.851533228615300564e-01 1.154379070135443325e-03 6.203812694165110742e+01 6.670624951628817845e-04 -6.290380314562549549e-03 9.999799928713898334e-01 -9.739477018915271289e-01 -3.272152826353998703e-16 1.220202689319204801e-16 3.929656540654582718e-18 9.999999999999837907e-01
2.843696804698097047e-01 -9.587119654210271014e-01 -2.291765291894180129e-03 -5.250034891059319619e+01 9.587086751233433457e-01 2.843586016096303903e-01 4.226338106020899148e-03 6.288825462609169392e+01 -3.400157738524236563e-03 -3.398977683437569633e-03 9.999884428722138896e-01 -9.733259492139758606e-01 -3.287760065920782105e-16 1.096607014349009725e-16 4.001971791053964988e-18 9.999999999999825695e-01
2.837051894476118052e-01 -9.589115428946316522e-01 -1.355877440567785936e-04 -5.225417147760443015e+01 9.588916718464955968e-01 2.836983941926387587e-01 6.479413235569666044e-03 6.374133828671669733e+01 -6.174718117497991418e-03 -1.968257118072152916e-03 9.999789991894910690e-01 -9.699275099058328742e-01 -3.307010168519036258e-16 9.903056742657391190e-17 4.097792239664164343e-18 9.999999999999814593e-01
2.834512205768495718e-01 -9.589703908657372100e-01 -5.585248106839021259e-03 -5.201472949514541710e+01 9.589809658991517161e-01 2.834246691412614649e-01 5.095484787742580318e-03 6.459682159887933039e+01 -3.303421941786255280e-03 -6.800468006784650583e-03 9.999714201107381406e-01 -9.689674686329539099e-01 -3.327547077028451035e-16 9.123587086447961631e-17 4.205744003061108473e-18 9.999999999999804601e-01
2.834821650289665596e-01 -9.589682605912466240e-01 -4.211566121375454747e-03 -5.176034939772947752e+01 9.589770305439275777e-01 2.834836753079021388e-01 2.464203702484923084e-04 6.544555626369651691e+01 9.576009290714525496e-04 -4.108650953065893716e-03 9.999911009542657991e-01 -9.771961059531004690e-01 -3.355739338947518144e-16 8.187883246312104796e-17 4.271191143475563001e-18 9.999999999999793499e-01
2.829525067316508991e-01 -9.591296936378083116e-01 -2.847756419631009093e-03 -5.150757090031083152e+01 9.591244334977926389e-01 2.829616668506198529e-01 -3.607791648477806559e-03 6.629803935415984029e+01 4.266146001810273460e-03 -1.710519071999811250e-03 9.999894370055659731e-01 -9.905262687260119048e-01 -3.387370109822288608e-16 7.087732906638547787e-17 4.366780302705407690e-18 9.999999999999780176e-01
2.835592308140574835e-01 -9.589414013310562090e-01 -5.054842576900963995e-03 -5.125881814615832610e+01 9.589528724853041419e-01 2.835651021113655967e-01 -4.703367667926168874e-04 6.715518495383554409e+01 1.884402349735117251e-03 -4.713987477248926354e-03 9.999871135918488863e-01 -9.937731722239977472e-01 -3.426031019092603960e-16 5.728708698421300686e-17 4.503031508637369658e-18 9.999999999999763522e-01
2.838485625138948421e-01 -9.588573497295591608e-01 -4.751465932572009922e-03 -5.100939735684224985e+01 9.588604774676635634e-01 2.838214769266780291e-01 5.652785646022652488e-03 6.801767592073974811e+01 -4.071646984571014073e-03 -6.160527972584049598e-03 9.999727344212122615e-01 -9.866204376067180259e-01 -3.468743235319039357e-16 4.378013547430545428e-17 4.589100150560878900e-18 9.999999999999746869e-01
2.832078028366756262e-01 -9.590518299910557598e-01 -3.595525460445981279e-03 -5.075722422876027906e+01 9.590251124696738128e-01 2.831646177888411109e-01 9.414503966851957284e-03 6.887554751862009539e+01 -8.010871665095594188e-03 -6.114460192324647041e-03 9.999492183664240308e-01 -9.816657452970460884e-01 -3.501391486504029199e-16 3.193275916346332873e-17 4.645293827730346715e-18 9.999999999999731326e-01
2.832612916107367651e-01 -9.590350798377450525e-01 -3.841395024410267263e-03 -5.050974716889934513e+01 9.590017460830705387e-01 2.832098526737628630e-01 1.038413973505109694e-02 6.972445869755259196e+01 -8.870833360911288545e-03 -6.625329369404376126e-03 9.999387047845118559e-01 -9.879548051614495119e-01 -3.538264784481878974e-16 2.108645631400996537e-17 4.681161614344502765e-18 9.999999999999718003e-01
2.836199777300673630e-01 -9.589255102053166890e-01 -4.644793857007101061e-03 -5.025574153269751321e+01 9.588824014895358516e-01 2.835490008755687241e-01 1.202099064276413234e-02 7.058781894350370578e+01 -1.021020792784364632e-02 -7.863204186407847865e-03 9.999169573889061802e-01 -1.006401760213943675e+00 -3.575686069302778154e-16 1.141378045353966833e-17 4.719655294073017339e-18 9.999999999999706901e-01
2.836921993333935132e-01 -9.588883484602728213e-01 -7.202168049694617456e-03 -5.001111489619374595e+01 9.588664839514686733e-01 2.835938682520425802e-01 1.223044742817485341e-02 7.144593539223612311e+01 -9.685142838303772636e-03 -1.037560008435159387e-02 9.998992673919627761e-01 -1.019855028951105025e+00 -3.625127086502497742e-16 3.143422936029385738e-18 4.711255897295306412e-18 9.999999999999696909e-01
2.838157696760684190e-01 -9.588294326457368344e-01 -9.732829780571350745e-03 -4.976447255635326883e+01 9.588615344063073920e-01 2.837350677021937551e-01 8.886461157954704884e-03 7.229517132025081594e+01 -5.759055393571198105e-03 -1.185455391073811891e-02 9.999131476445554112e-01 -1.029995129892145478e+00 -3.678437070411328748e-16 -3.512598768594099735e-18 4.682751244600484138e-18 9.999999999999686917e-01
2.837922022620761875e-01 -9.588366216404664577e-01 -9.711793677753342846e-03 -4.951377477831688623e+01 9.588830058805107859e-01 2.838012876762214254e-01 4.584176797020320972e-04 7.313092790398978593e+01 2.316671892100620554e-03 -9.442569277075549619e-03 9.999527343413200375e-01 -1.025169241750272686e+00 -3.744037485894772042e-16 -7.170424687887911737e-18 4.681252618194083379e-18 9.999999999999675815e-01
2.834373489734033358e-01 -9.589464061703641962e-01 -9.222759889134674385e-03 -4.926115186582179462e+01 9.589502438836223774e-01 2.835006656133583491e-01 -6.465473858370203268e-03 7.397457619575047261e+01 8.814701488048368519e-03 -7.011611074673013491e-03 9.999365671619891982e-01 -1.023993981826454291e+00 -3.806662140533874459e-16 -1.431206493788380084e-17 4.737202339135911806e-18 9.999999999999661382e-01
2.835457398641935689e-01 -9.589106658236019598e-01 -9.599394496690463741e-03 -4.900830957365698026e+01 9.589232362502184692e-01 2.836071487193200236e-01 -5.763000485060646924e-03 7.483158502588389638e+01 8.248659534923593467e-03 -7.571008200414970808e-03 9.999373177607656649e-01 -1.020939560845649074e+00 -3.869352400062707553e-16 -2.250860679232480648e-17 4.851699893514335126e-18 9.999999999999645839e-01
2.838137245448062451e-01 -9.588451978368045525e-01 -8.102860322327409479e-03 -4.875710259171594174e+01 9.588770791007545924e-01 2.838216236837414752e-01 1.819467292121357120e-04 7.568931791126863118e+01 2.125308225612799508e-03 -7.821286017101190466e-03 9.999671547355304391e-01 -1.014936573573386625e+00 -3.931403734112534600e-16 -3.215302459539262539e-17 4.966296410703543689e-18 9.999999999999630296e-01
2.835314642856165968e-01 -9.589350083018226556e-01 -7.318375047511427312e-03 -4.850655663500677406e+01 9.589493208313972783e-01 2.834785193328852593e-01 7.491939249447595803e-03 7.654679232004740186e+01 -5.109680703959566979e-03 -9.142151287115356934e-03 9.999451546124082935e-01 -1.011652821245589751e+00 -3.997173434039552677e-16 -4.294224809674442295e-17 5.041079160499428361e-18 9.999999999999612532e-01
2.834161121376405079e-01 -9.589697664433196600e-01 -7.231488679870032125e-03 -4.825650401716224991e+01 9.589541112474083695e-01 2.833240280136081202e-01 1.159774425121190208e-02 7.740038092713039930e+01 -9.073031594523222818e-03 -1.022165338522549628e-02 9.999065945875352801e-01 -1.017157454644609160e+00 -4.076583554901338764e-16 -5.053212159053052533e-17 5.054957176824888166e-18 9.999999999999596989e-01
2.832562568625432431e-01 -9.590179438288238822e-01 -7.104671889141427055e-03 -4.800558979782992708e+01 9.590001163258047301e-01 2.831643692973843662e-01 1.169259797416373134e-02 7.825281317784357782e+01 -9.201621332630680050e-03 -1.012538270328291849e-02 9.999063990143507441e-01 -1.026149737715647436e+00 -4.155623996385348157e-16 -5.951497937601508699e-17 4.994937416858560029e-18 9.999999999999578115e-01
2.839413360895177152e-01 -9.587868444767319032e-01 -1.025204946080564110e-02 -4.775917386263816411e+01 9.588226391456159403e-01 2.838521381987710313e-01 9.333289971869747695e-03 7.910233453290696559e+01 -6.038569480331123542e-03 -1.248000394536411158e-02 9.999038879712576211e-01 -1.036477343456573497e+00 -4.238436566094459829e-16 -6.796137392980829363e-17 4.950601647479066664e-18 9.999999999999557021e-01
2.842071510126684686e-01 -9.586781899905275628e-01 -1.274454196286582859e-02 -4.751087561418690797e+01 9.587558182562280207e-01 2.841288573821376118e-01 7.620588063179175621e-03 7.995040239879298838e+01 -3.684599425289606257e-03 -1.438472938036498665e-02 9.998897455657859146e-01 -1.044574080560242368e+00 -4.312816283175555055e-16 -7.862765679683866118e-17 4.921145685906883740e-18 9.999999999999534817e-01
2.835194405671266349e-01 -9.588834199308160500e-01 -1.262195715327555333e-02 -4.725644029240933008e+01 9.589618256581646794e-01 2.834524557354552998e-01 6.849983049306237505e-03 8.080750239841067639e+01 -2.990610421488566588e-03 -1.404607843709678762e-02 9.998968766476524772e-01 -1.048144239772299313e+00 -4.376467699360115592e-16 -9.345430662208730725e-17 4.834145583881055782e-18 9.999999999999510392e-01
2.825484829678217569e-01 -9.591731392954194746e-01 -1.237916099110384846e-02 -4.700576314272084488e+01 9.592429684327444805e-01 2.824629190583345384e-01 8.223555755053667607e-03 8.166282534927533732e+01 -4.391159840690637278e-03 -1.419817633898369513e-02 9.998895586532483559e-01 -1.052102600631608098e+00 -4.439597152404217514e-16 -1.086599027131189751e-16 4.743050423058898531e-18 9.999999999999485967e-01
2.824119301838994844e-01 -9.591977333298448150e-01 -1.353551124936689526e-02 -4.675785509738584267e+01 9.592603674022414095e-01 2.822573508969913325e-01 1.226113354479426223e-02 8.251831309801853820e+01 -7.940353955923441787e-03 -1.644676988465177195e-02 9.998332133607606975e-01 -1.056742678282907022e+00 -4.515020746258368250e-16 -1.201370855234177875e-16 4.701303385568541593e-18 9.999999999999462652e-01
2.821245258836528325e-01 -9.592857023581567999e-01 -1.329259742220006459e-02 -4.650713382398149065e+01 9.593309427253278177e-01 2.819467388244692452e-01 1.379053283427443370e-02 8.337266855754525352e+01 -9.481256482109087433e-03 -1.664264755383885672e-02 9.998165472014399757e-01 -1.060343252757333543e+00 -4.595802004587561714e-16 -1.322739221186964014e-16 4.585178901288636537e-18 9.999999999999438227e-01
2.812046484376655719e-01 -9.595733211185689671e-01 -1.195772112961648349e-02 -4.625276253058024878e+01 9.596069732141557784e-01 2.810558760632325126e-01 1.272994457830212665e-02 8.422501470364099418e+01 -8.854527408837090108e-03 -1.505443216948067209e-02 9.998474690753147431e-01 -1.067945245432039059e+00 -4.657538877724966319e-16 -1.439464085960257482e-16 4.415484393395797817e-18 9.999999999999414912e-01
2.805795539536805605e-01 -9.597300542624311870e-01 -1.390456215305622446e-02 -4.601298169700127261e+01 9.598022535473534900e-01 2.804301013417229704e-01 1.177252508010649505e-02 8.507779947067810156e+01 -7.399188360227302967e-03 -1.664875992495529894e-02 9.998340216278223114e-01 -1.081100288881197136e+00 -4.717082791425897852e-16 -1.570553998952735104e-16 4.210919850471761244e-18 9.999999999999390488e-01
2.798280470201262027e-01 -9.599424615814253769e-01 -1.437826672368315399e-02 -4.576479566679981303e+01 9.600254969862512811e-01 2.796821839666115972e-01 1.135434312651367045e-02 8.593587807958353153e+01 -6.878171051556148871e-03 -1.698076631947105855e-02 9.998321580835876077e-01 -1.098763899432477542e+00 -4.786939830413860363e-16 -1.667823407367566356e-16 4.038770674254005424e-18 9.999999999999367173e-01
2.784423830726631133e-01 -9.604032962602550016e-01 -9.764621924712410181e-03 -4.551060632492289670e+01 9.604372458632430831e-01 2.783653351687676580e-01 8.546164921896037131e-03 8.677853169980041059e+01 -5.489632706488033372e-03 -1.175792111522723331e-02 9.999158040673686854e-01 -1.098611033853691410e+00 -4.851140635149618180e-16 -1.748324183055212596e-16 3.930359495420379747e-18 9.999999999999344968e-01
2.770486327717463504e-01 -9.607511380572882898e-01 -1.418822754991392286e-02 -4.527254967540594066e+01 9.608553399158742403e-01 2.770023636126032196e-01 5.167814629310111575e-03 8.762538340543061111e+01 -1.034811219563912905e-03 -1.506457018272037811e-02 9.998859874459924413e-01 -1.097079118096385031e+00 -4.920015234972353871e-16 -1.836277998652517497e-16 3.883244527919829798e-18 9.999999999999322764e-01
2.764321696081952773e-01 -9.607784908273351299e-01 -2.213475026577746765e-02 -4.504041951583502623e+01 9.610249458476337603e-01 2.764531843365512498e-01 2.165716646600346438e-03 8.847981471317449120e+01 4.038448224202528976e-03 -2.187072092687258884e-02 9.997526506601412954e-01 -1.109199280149600009e+00 -5.000006316409391753e-16 -1.941168371660148944e-16 3.814571022302553801e-18 9.999999999999297229e-01
2.750329456115263582e-01 -9.611605033263646014e-01 -2.296444368427946053e-02 -4.480609989593823883e+01 9.614207761634151472e-01 2.750794869587648850e-01 1.169194464859826766e-03 8.932797319338281739e+01 5.193263846648335687e-03 -2.240006026874026904e-02 9.997355987012147560e-01 -1.109594536356085959e+00 -5.093574076238168772e-16 -2.004876247491894538e-16 3.803274456582286525e-18 9.999999999999270583e-01
2.737392238458435934e-01 -9.615656750139053299e-01 -2.140770803696860972e-02 -4.456461869244498786e+01 9.618012119593692955e-01 2.737237348009859406e-01 3.707516681529145729e-03 9.018287273194725628e+01 2.294777016923069297e-03 -2.160485227400186017e-02 9.997639543194990486e-01 -1.097126326801454832e+00 -5.176526847764642817e-16 -2.035119830881579184e-16 3.843859982726058049e-18 9.999999999999247269e-01
2.733198361828139134e-01 -9.617445335364308567e-01 -1.853966995009080285e-02 -4.432648179823689105e+01 9.619213314668241255e-01 2.732304141746080273e-01 7.245194194695960682e-03 9.103616441981122875e+01 -1.902424212019393360e-03 -1.981395929372913381e-02 9.998018742726605401e-01 -1.087862187426403171e+00 -5.265568812613397675e-16 -2.053881582609033365e-16 3.810834431411667268e-18 9.999999999999220623e-01
2.722536274876502516e-01 -9.620281480385681760e-01 -1.948857874144094629e-02 -4.409449956646556501e+01 9.622164423635636288e-01 2.721072077581583870e-01 9.858272217719912800e-03 9.189228593675329648e+01 -4.180952619949078984e-03 -2.143618127532196868e-02 9.997614764369662232e-01 -1.091590833581460140e+00 -5.348571265454426110e-16 -2.080455078004152363e-16 3.675979661106913644e-18 9.999999999999195088e-01
2.713077787898436344e-01 -9.623318714745012770e-01 -1.759142724640455624e-02 -4.386455000401126370e+01 9.624790103260317808e-01 2.711613387158004485e-01 1.028022701741277897e-02 9.274356709552847633e+01 -5.122875142776981902e-03 -1.972048504386623644e-02 9.997924077626354489e-01 -1.101845219789628683e+00 -5.427959938914502507e-16 -2.090139032611470440e-16 3.497268588901797366e-18 9.999999999999171774e-01
2.698530699352329476e-01 -9.627972928326563595e-01 -1.416663547556151759e-02 -4.362722300869625514e+01 9.628799812724070373e-01 2.697194443382517348e-01 1.065659469836585660e-02 9.359798879367836832e+01 -6.439123477773996303e-03 -1.651648449578499434e-02 9.998428593677313181e-01 -1.113592982876773441e+00 -5.498316999083332704e-16 -2.062812461513990860e-16 3.406999796588487425e-18 9.999999999999151790e-01
2.689869999039484760e-01 -9.630395655210606254e-01 -1.417000789474537337e-02 -4.340211179856915180e+01 9.631074271281682142e-01 2.688198553121157186e-01 1.264789312031435950e-02 9.444782384178341772e+01 -8.371242023290724477e-03 -1.704935867140686817e-02 9.998196045666356557e-01 -1.118867217541613446e+00 -5.568658114361957066e-16 -2.034377182784904660e-16 3.309257385653186727e-18 9.999999999999132916e-01
2.686324404796887610e-01 -9.630532267894904574e-01 -1.910744075831469907e-02 -4.318311628996756468e+01 9.632066473968801112e-01 2.683977510093299990e-01 1.398576645891991439e-02 9.529843003025247583e+01 -8.340643390295301302e-03 -2.216144452896391323e-02 9.997196127135490329e-01 -1.117375936654606994e+00 -5.649469983908466061e-16 -1.999819631018346942e-16 3.185405416685336055e-18 9.999999999999114042e-01
2.683154651649303224e-01 -9.630414020652054985e-01 -2.362348538349046817e-02 -4.296503300025729288e+01 9.633032649227413202e-01 2.680406011162893010e-01 1.417941967256072452e-02 9.615182761980992154e+01 -7.323314979265672063e-03 -2.656113818395792331e-02 9.996203654367942226e-01 -1.121181305398033512e+00 -5.737626447369822331e-16 -1.986159514935989166e-16 3.029611832057859179e-18 9.999999999999092948e-01
2.687208836373122245e-01 -9.628617677543549469e-01 -2.619738334629445609e-02 -4.273820930106312943e+01 9.632046769532368602e-01 2.684742103385490686e-01 1.258366712633997124e-02 9.699956189515584981e+01 -5.083010167252275183e-03 -2.861493631265038876e-02 9.995775849964649851e-01 -1.130274218874256720e+00 -5.808454555157007493e-16 -1.970678411381983033e-16 2.906193155400011146e-18 9.999999999999075184e-01
2.702489507714052608e-01 -9.623941629426351341e-01 -2.762208791798978838e-02 -4.250480203348361385e+01 9.627785985105485889e-01 2.699918558095814602e-01 1.271880679952952682e-02 9.784561249264251614e+01 -4.782766645133837771e-03 -3.003119928622927093e-02 9.995375191620129440e-01 -1.144029634902606452e+00 -5.857589324841037344e-16 -1.975780893249072060e-16 2.742046080783528267e-18 9.999999999999056310e-01
2.713874173183848937e-01 -9.621000519601428103e-01 -2.669006818265277567e-02 -4.226543536734438788e+01 9.624391079086578316e-01 2.710514204724043252e-01 1.555927465273747486e-02 9.869690397924202330e+01 -7.735198058432182257e-03 -2.991015677506225767e-02 9.995226606898864885e-01 -1.155684594542578880e+00 -5.918107080266672231e-16 -1.978588774722060435e-16 2.596513834081015609e-18 9.999999999999037437e-01
