1.000000000000000000e+00 4.398956837314658088e-19 2.733407509747682871e-20 -8.673617379884035472e-19 -5.583667658079949532e-19 1.000000000000000000e+00 -6.100159232558060012e-19 0.000000000000000000e+00 4.145284534913582806e-20 -2.210423569125054137e-19 1.000000000000000222e+00 0.000000000000000000e+00
9.999489353593420393e-01 -1.942460228966936793e-03 9.917335215077406618e-03 4.308704202289372065e-02 1.934588430607550374e-03 9.999978060546933500e-01 8.032743502189829176e-04 -8.133121323891878696e-03 -9.918873956278965662e-03 -7.840473659931843911e-04 9.999504993733934199e-01 2.839558907898564466e-01
9.998604365632334234e-01 -3.674930224780441086e-03 1.629730985192498482e-02 6.487611784745339616e-02 3.660437454705600755e-03 9.999928782747318223e-01 9.190161024072665162e-04 -2.359318339458543745e-03 -1.630057138807180020e-02 -8.592325481901207139e-04 9.998667676614345634e-01 5.254275480090138117e-01
9.997801614107832968e-01 -7.364609966221954268e-03 1.963138822338209369e-02 4.907904730039017172e-02 7.377931435668289538e-03 9.999725989208202437e-01 -6.062360750259840293e-04 -1.694225915046215780e-02 -1.962638594964772817e-02 7.509418674908171143e-04 9.998071019150921446e-01 9.283362979098348511e-01
9.998210747839083590e-01 -8.505418539113854953e-03 1.689604413416239542e-02 6.346880502638005406e-02 8.530687177831682011e-03 9.999625990628869809e-01 -1.424021327150299179e-03 -2.040572493041262203e-02 -1.688330060174355468e-02 1.567901436892445198e-03 9.998562375796067325e-01 1.190977567060471864e+00
9.998671213075212005e-01 -1.189638027588207393e-02 1.114521865777565526e-02 5.581576605165687599e-02 1.193643591268623086e-02 9.999225118677699253e-01 -3.534365203639591550e-03 -2.372759698633333802e-02 -1.110230907742934363e-02 3.666929802380061460e-03 9.999316438361901538e-01 1.559066915139934117e+00
9.999179697757912821e-01 -1.268167481849390155e-02 -1.796903679253179830e-03 3.408085488765113386e-02 1.267374361279968720e-02 9.999101854839899106e-01 -4.358573933011955157e-03 -3.748306475762339107e-02 1.852016337949151902e-03 4.335442948715684253e-03 9.999888869241638778e-01 1.844914634971626333e+00
9.997781788939625880e-01 -1.180526873036519264e-02 -1.744215091622019695e-02 2.478149600526625973e-02 1.171631834417296431e-02 9.999178760956985990e-01 -5.193161746060584796e-03 -3.486127452696581586e-02 1.750202546836348433e-02 4.987652038381147623e-03 9.998343875165248695e-01 2.147915070103885604e+00
9.993349736582898268e-01 -7.772299567701749200e-03 -3.562585752886627405e-02 -8.504021542939591352e-03 7.577652913498884868e-03 9.999556342989550650e-01 -5.595408597419622085e-03 -4.794451497116176963e-02 3.566776676801237944e-02 5.321727141640677540e-03 9.993495332989785762e-01 2.526324895068569276e+00
9.984293851676085962e-01 -4.073498047738181513e-03 -5.587637535153818641e-02 -5.815594394305510090e-02 3.734039567104276060e-03 9.999739428681543307e-01 -6.178230114613656072e-03 -5.565594922261098143e-02 5.590008734454502554e-02 5.959881904407379923e-03 9.984185796415738778e-01 2.869354484248376469e+00
9.970984982652142392e-01 -3.540583643549857426e-03 -7.603978448485972097e-02 -1.112210334369153758e-01 3.053359997698388596e-03 9.999740647948037742e-01 -6.522785130713302723e-03 -5.337547286579000239e-02 7.606090815528603055e-02 6.271682412218347775e-03 9.970834490929773031e-01 3.191125153506042089e+00
9.952586091904909171e-01 -4.395420001079206745e-03 -9.716470976543561955e-02 -1.616192626694257506e-01 3.790175706655475683e-03 9.999722552089056471e-01 -6.412750936088206996e-03 -6.472177036108314740e-02 9.719020236225432707e-02 6.014074224172073595e-03 9.952476554975611123e-01 3.590451275597021041e+00
9.931722398688807019e-01 -5.987082591120290211e-03 -1.165034609311615815e-01 -2.330346035753927403e-01 5.381259272303176751e-03 9.999703190714737122e-01 -5.513892985544192535e-03 -8.210995915489749386e-02 1.165330171468079573e-01 4.849310059125838679e-03 9.931749798008577823e-01 3.974786352157862357e+00
9.909898256370749392e-01 -4.722018986772113375e-03 -1.338539036872971599e-01 -2.998290389993319982e-01 4.125980281710808772e-03 9.999803017584238951e-01 -4.729944514725064469e-03 -7.977817362888457720e-02 1.338736042031891393e-01 4.135048241077414651e-03 9.909897880243703217e-01 4.386125770782374644e+00
9.887843017139845703e-01 -3.660734930090174272e-03 -1.493057370529644323e-01 -3.968867602356362378e-01 3.087227209703611360e-03 9.999869407684708333e-01 -4.072752843226541339e-03 -8.700473407305864271e-02 1.493186990858347274e-01 3.566133240518046428e-03 9.887826906802141824e-01 4.815483078196023392e+00
9.865773188349811207e-01 -3.177861918264396953e-03 -1.632638798751747944e-01 -4.652978733142915102e-01 2.538401216449629079e-03 9.999882695650398334e-01 -4.125196678191822390e-03 -9.224284322845993644e-02 1.632750768482555681e-01 3.655396133330372777e-03 9.865738127709279270e-01 5.201291161801007590e+00
9.843913251238570750e-01 -4.469735738641658976e-03 -1.759367491798293215e-01 -5.405602104003505159e-01 3.612065991808700079e-03 9.999799832046689652e-01 -5.194820834410974510e-03 -9.984911478108837724e-02 1.759564500091737593e-01 4.478241299680831358e-03 9.843877659906929978e-01 5.633691956381515986e+00
9.827633506041932865e-01 -7.579666495982624423e-03 -1.847125998202871489e-01 -6.522962015616181608e-01 6.406306087665781385e-03 9.999553389317396013e-01 -6.948336035045049597e-03 -1.217813875437668836e-01 1.847570196226113737e-01 5.645244438297731225e-03 9.827680172648205481e-01 6.093925599995665188e+00
9.811608432957392711e-01 -6.558787189317658722e-03 -1.930812807952906607e-01 -7.598020807505959651e-01 5.001479593277183104e-03 9.999509240010847622e-01 -8.551887702176136016e-03 -1.220159946549618513e-01 1.931278984877073390e-01 7.425085160032840817e-03 9.811454957570366897e-01 6.533160798190384533e+00
9.795123317852750811e-01 -5.808411177703582187e-03 -2.013004055426773353e-01 -8.528762346189122656e-01 3.716033826943262661e-03 9.999350901453263329e-01 -1.077063521967956509e-02 -1.156049291263369777e-01 2.013499029182569122e-01 9.801930812485015396e-03 9.794703363151400222e-01 7.037520201340573323e+00
9.780613500849242303e-01 -7.744440625883874246e-03 -2.081730484149085236e-01 -9.551230498406469982e-01 5.062166340581652178e-03 9.998972076725274327e-01 -1.341449039426300532e-02 -1.319305090882372244e-01 2.082555411423814007e-01 1.206638791296670184e-02 9.780000168187138465e-01 7.517161222364284967e+00
9.762659879036812427e-01 -1.146945758662540511e-02 -2.162710598251058325e-01 -1.085704133649635361e+00 8.323182044015482381e-03 9.998459518018310010e-01 -1.545306740398284459e-02 -1.542270499833223729e-01 2.164149856949476036e-01 1.328624064593003119e-02 9.762110585715357836e-01 8.011477061520956511e+00
9.743213235778842574e-01 -1.610919245845314138e-02 -2.245850644751984926e-01 -1.192109002595274747e+00 1.280757953942298320e-02 9.997875474356956449e-01 -1.615010455711322554e-02 -1.606085171649527799e-01 2.247975198266796426e-01 1.285900009555833792e-02 9.743206465904413749e-01 8.549194717598989968e+00
9.723472664404401167e-01 -1.768658656550746097e-02 -2.328690122643073124e-01 -1.321542013074102240e+00 1.369317605416455093e-02 9.997303502243306550e-01 -1.875429941187435612e-02 -1.935118298537684134e-01 2.331379227516807151e-01 1.504697532253363584e-02 9.723272590854590280e-01 9.031375770459508345e+00
9.703437997032687834e-01 -1.304016678938262411e-02 -2.413770144632056136e-01 -1.485314427723397390e+00 7.826713322443902207e-03 9.997151917017257361e-01 -2.254502218212056999e-02 -1.793616397983718025e-01 2.416022633015290355e-01 1.998723376618508768e-02 9.701694997187189085e-01 9.567808513191842223e+00
9.680894488815168231e-01 -1.100079895554152178e-02 -2.503633359321437712e-01 -1.634310386386009561e+00 4.717085790160446823e-03 9.996589666236895821e-01 -2.568461681882510533e-02 -2.078838977096865714e-01 2.505605093010811468e-01 2.368402120348723702e-02 9.678111901271553297e-01 1.009797308303993191e+01
9.657754711791313174e-01 -1.372832519889584206e-02 -2.590159664292631114e-01 -1.794007178926943835e+00 6.759876892200035806e-03 9.995913407175119891e-01 -2.777508979868166875e-02 -2.365244822358816279e-01 2.592914270823624134e-01 2.507358439495590077e-02 9.654736002146825369e-01 1.066664554711726609e+01
9.635319835435196545e-01 -1.501333734365922247e-02 -2.671716953891898894e-01 -1.923974137212259850e+00 7.311255319282654146e-03 9.995291504501286894e-01 -2.979971360285117027e-02 -2.663731751409109116e-01 2.674932954771332416e-01 2.675961669051885733e-02 9.631880716547577270e-01 1.123095953631078281e+01
9.610804145892275496e-01 -1.536965113076327154e-02 -2.758409122155268678e-01 -2.131757868526831246e+00 6.864369123757213184e-03 9.994715359511128216e-01 -3.177308994795940977e-02 -2.819985140637542020e-01 2.761834862740860097e-01 2.864302064167279296e-02 9.606780214819380381e-01 1.180509876410925152e+01
9.591855532642121762e-01 -1.512670358407190718e-02 -2.823725473750189341e-01 -2.318378562043292401e+00 5.318030957267172280e-03 9.993565619439321868e-01 -3.547084200251154201e-02 -3.106508085416254117e-01 2.827274199103915198e-01 3.252145331471392037e-02 9.586488214439821132e-01 1.238455796040386758e+01
9.569214479372345483e-01 -1.642863748677158078e-02 -2.898817699155840644e-01 -2.519009595146569414e+00 4.828578302629458856e-03 9.991602945693125459e-01 -4.068649127248528258e-02 -3.453119683724457656e-01 2.903067832267609560e-01 3.753405940782848088e-02 9.561972431623181334e-01 1.299822804899975104e+01
9.547551147013888517e-01 -1.695953378143622708e-02 -2.969091498548701025e-01 -2.682739766210990418e+00 2.780559343619179707e-03 9.988380475245427492e-01 -4.811261051604703159e-02 -3.802279858673988655e-01 2.973801280834901806e-01 4.511018761710312852e-02 9.536928920299954093e-01 1.359369967764631326e+01
9.534640384548852543e-01 -1.725969003517571765e-02 -3.010123394949357212e-01 -2.878811267074303792e+00 3.217130687397950529e-04 9.984178431036776491e-01 -5.622905881337003642e-02 -4.124821556559943314e-01 3.015065920422381751e-01 5.351554612113416931e-02 9.519610618304051863e-01 1.423240358495505298e+01
9.525391216310440390e-01 -1.690449943303662730e-02 -3.039464717371923030e-01 -3.141781393154642998e+00 -2.881157013037525996e-03 9.979116199773414575e-01 -6.452981969130511253e-02 -4.554487236474855094e-01 3.044025655093319238e-01 6.234289558458888658e-02 9.505011538553371775e-01 1.484558885013752949e+01
9.508827507194510531e-01 -1.576940680620158783e-02 -3.091493460291258599e-01 -3.344382303744428686e+00 -7.245469472056166767e-03 9.972941434389477333e-01 -7.315664436817582994e-02 -5.000660035537816128e-01 3.094664744177467175e-01 7.180332376900917801e-02 9.481955420531257284e-01 1.547391138280014466e+01
9.495814066891862248e-01 -1.549543169479288517e-02 -3.131374164414956751e-01 -3.553944165674466582e+00 -1.023979510647338338e-02 9.967122047462746437e-01 -8.037367407539056097e-02 -5.529805092843506076e-01 3.133533148553723779e-01 7.952780993099541063e-02 9.463007078246711279e-01 1.613098135117557419e+01
9.478589409653204179e-01 -1.532400954499127214e-02 -3.183215365150555698e-01 -3.794711317611952683e+00 -1.316060034327439475e-02 9.961090745060157126e-01 -8.714074971633628541e-02 -6.221029100067091422e-01 3.184183222427270921e-01 8.678644178304600887e-02 9.439692197107245608e-01 1.679511320125553553e+01
9.462420176050528875e-01 -1.225780727375534902e-02 -3.232271462307488852e-01 -4.038184073676598373e+00 -1.883407620366758795e-02 9.954983305263960247e-01 -9.288892007609791945e-02 -6.949985032366629012e-01 3.229107044327610976e-01 9.398308442843114618e-02 9.417514847574969261e-01 1.746217595751931029e+01
9.449464326907823786e-01 -1.123161830844832988e-02 -3.270322427944728494e-01 -4.306499791246316988e+00 -2.218554286405912540e-02 9.949121113807485317e-01 -9.827355847554415658e-02 -7.704626333428996610e-01 3.264721158211583707e-01 1.001186369815151717e-01 9.398894713786600796e-01 1.812359901657114492e+01
9.430940665142122370e-01 -9.088955071203812935e-03 -3.324018204862715375e-01 -4.566373343466300305e+00 -2.620873968105032550e-02 9.944849185577048223e-01 -1.015521969709370365e-01 -8.475437609013974916e-01 3.314916063668712498e-01 1.044851078533522992e-01 9.376546163166796788e-01 1.883573983616536296e+01
9.413472570544043627e-01 -8.059068476736756803e-03 -3.373431348760314030e-01 -4.830419825929671340e+00 -2.839558897205351345e-02 9.942769724190977376e-01 -1.029902550293309432e-01 -9.206370697543519999e-01 3.362425220451402685e-01 1.065286517554685092e-01 9.357310591940239952e-01 1.951268688429545506e+01
9.391277602372852806e-01 -6.782347468078895290e-03 -3.435011604483934056e-01 -5.118538028712890764e+00 -3.015844128657553525e-02 9.943183828486825693e-01 -1.020853659499086907e-01 -1.019694308960571449e+00 3.422419026075074755e-01 1.062306613276290806e-01 9.335874512791160207e-01 2.023785750079877843e+01
9.364023256607825196e-01 -7.201795182655758992e-03 -3.508544086397357153e-01 -5.360498702006920801e+00 -3.008604228681555776e-02 9.944608231359836070e-01 -1.007099861088719267e-01 -1.099249199000793098e+00 3.496362626595049261e-01 1.048608864364489052e-01 9.309987545188830316e-01 2.094609393563253974e+01
9.336760414689787568e-01 -6.854078275049678773e-03 -3.580531643757542404e-01 -5.619160096286099026e+00 -3.062258631497352668e-02 9.946268153656645516e-01 -9.889264564155228476e-02 -1.189117774441225572e+00 3.568071026243257449e-01 1.032982084754749535e-01 9.284493385865867365e-01 2.168166535381457294e+01
9.313722495992384776e-01 -7.516550146766617403e-03 -3.639907023430065669e-01 -5.975655587711584893e+00 -2.933516076971600869e-02 9.949866077866407199e-01 -9.560909302359578421e-02 -1.264934259626588231e+00 3.628845309168681754e-01 9.972538241672328219e-02 9.264824164981907417e-01 2.238372262934712609e+01
9.277162539332800550e-01 -4.190405459546566944e-03 -3.732626284509705794e-01 -6.295323494776382311e+00 -3.183441496472946830e-02 9.954059673592128288e-01 -9.029690019268586665e-02 -1.355830880325533006e+00 3.719262347207617503e-01 9.565249993900257208e-02 9.233208965787194078e-01 2.317902644279217128e+01
9.240208094041209019e-01 -1.762184105322439761e-03 -3.823381166859019520e-01 -6.611923645248800163e+00 -3.315767181334077635e-02 9.958525971436300583e-01 -8.472410275693083304e-02 -1.425396873791283658e+00 3.809017124607713689e-01 9.096427629310709084e-02 9.201300934550354915e-01 2.391685973817252631e+01
9.202967101338828115e-01 1.465920376010328239e-03 -3.912183702692579312e-01 -6.927576953875037802e+00 -3.591368419571172588e-02 9.960871305821566990e-01 -8.075045271601066776e-02 -1.503199227877533017e+00 3.895692167958529351e-01 8.836446943678569199e-02 9.167483564133322993e-01 2.462783976783618911e+01
9.164587908661279148e-01 1.692683934347252945e-03 -4.001255005313525404e-01 -7.250346311827351897e+00 -3.632288654890479529e-02 9.962141901421689427e-01 -7.898060086547052661e-02 -1.578830263802507572e+00 3.984770190858231143e-01 8.691617956987222893e-02 9.130507358511626981e-01 2.537574845469079321e+01
9.123713497614226453e-01 3.985535913785247242e-03 -4.093441488597171496e-01 -7.610576010060953855e+00 -3.934206657018446407e-02 9.961776668579738203e-01 -7.798883190075982241e-02 -1.654413706924976912e+00 4.074686788306924878e-01 8.725922101350774840e-02 9.090407622887685113e-01 2.613990615971914266e+01
9.085207462478195328e-01 3.410975761043302714e-03 -4.178258193556848576e-01 -7.955380702397764736e+00 -3.908394136351417414e-02 9.962762580221404818e-01 -7.685091593083048789e-02 -1.723941707518211963e+00 4.160078143182973087e-01 8.615093172923042608e-02 9.052709643522206528e-01 2.691536271743743924e+01
9.051105204713996155e-01 4.235440717251056329e-03 -4.251552693979943620e-01 -8.377223232278334208e+00 -4.007500068643116142e-02 9.963485269659054788e-01 -7.538970213231618867e-02 -1.802077116742959895e+00 4.232835250262122484e-01 8.527411064717806133e-02 9.019752696814983262e-01 2.768510170076850940e+01
9.011558112786747232e-01 5.258031660918718007e-03 -4.334634391634004102e-01 -8.747534447795382917e+00 -4.098747369192667911e-02 9.964802605142376590e-01 -7.312398693627418511e-02 -1.877316363327207860e+00 4.315532799309702017e-01 8.366267745689180690e-02 8.981994916121385231e-01 2.848458419054399826e+01
8.975051162836574781e-01 5.441553257524787100e-03 -4.409704659172529184e-01 -9.150418993004066692e+00 -3.989319773803932240e-02 9.968260617244039112e-01 -6.889365357166912784e-02 -1.950310849617898912e+00 4.391959719171634746e-01 7.942412888403049820e-02 8.948735720050468023e-01 2.927813196999440848e+01
8.935099716684782312e-01 6.906225423873564064e-03 -4.489902343195385503e-01 -9.570111790783355943e+00 -3.963436608887235119e-02 9.971922301538606037e-01 -6.353560585348216883e-02 -2.004807269739201647e+00 4.472907895320094029e-01 7.456514098118637024e-02 8.912749257943352044e-01 3.005624285693407671e+01
8.903421034565832670e-01 5.960732606248336958e-03 -4.552531211446584347e-01 -9.991596202190612175e+00 -3.694821553450059609e-02 9.975622058410295034e-01 -5.919860563375482082e-02 -2.078271480048099917e+00 4.537904484739885280e-01 6.952780173090930549e-02 8.883918717351084737e-01 3.084992714313857576e+01
8.859692196169152156e-01 5.944790200828499807e-03 -4.637059381239117539e-01 -1.042981170651497891e+01 -3.650177629202728397e-02 9.977095083818194876e-01 -5.695048090505456378e-02 -2.149517915780044142e+00 4.623052728358389984e-01 6.738246374226804225e-02 8.841569105845442644e-01 3.167330376953812987e+01
8.833561796143101219e-01 4.866830077075774523e-03 -4.686770417993532667e-01 -1.087342823242545542e+01 -3.535330633848667026e-02 9.977893479393734610e-01 -5.627220388959966457e-02 -2.210881553434598690e+00 4.673671007028655233e-01 6.627768226446746624e-02 8.815754456345366030e-01 3.251117598482837678e+01
8.800372210972241538e-01 4.770196932278198201e-03 -4.748807536694227283e-01 -1.131964121569338033e+01 -3.470097007862247424e-02 9.979224519242313463e-01 -5.428280281965736087e-02 -2.264320567235828641e+00 4.736352345506191774e-01 6.424970993228165672e-02 8.783744325764708538e-01 3.333428721747737455e+01
8.767889236484441851e-01 4.236079546589111011e-03 -4.808567711857801852e-01 -1.182532587004744862e+01 -3.366700068020884312e-02 9.980482032854018914e-01 -5.259578921810041663e-02 -2.330563692883488525e+00 4.796954448162384366e-01 6.230441079831319090e-02 8.752202266632068683e-01 3.417278337542499855e+01
8.745631088733051284e-01 4.080416940657289812e-03 -4.848945391757661372e-01 -1.229618630585454397e+01 -3.376267018573964052e-02 9.980502143338593202e-01 -5.249620776654487231e-02 -2.384358627408218023e+00 4.837349006517487338e-01 6.228258120457128011e-02 8.729956646989196489e-01 3.498353682113980057e+01
8.724229541911470154e-01 2.940585118661186246e-03 -4.887428129602059967e-01 -1.274953999242157643e+01 -3.297404629783905194e-02 9.980576508118503831e-01 -5.285487663672271824e-02 -2.452330154611397361e+00 4.876380878717964662e-01 6.222763589316253341e-02 8.708253678376500773e-01 3.583796520908946093e+01
8.704983671063971640e-01 2.839152262867360426e-03 -4.921631104414939673e-01 -1.324530398718483148e+01 -3.328186801776581577e-02 9.980339483850287907e-01 -5.310889935232535747e-02 -2.507686488205658648e+00 4.910447165514353896e-01 6.261131798265009984e-02 8.688814153549935249e-01 3.669411531606688470e+01
8.706539232676944184e-01 2.803387452513618223e-03 -4.918880788576339147e-01 -1.376881336513219267e+01 -3.296048618682032028e-02 9.980687885041310548e-01 -5.265263357079905115e-02 -2.562353747711957119e+00 4.907905416487648442e-01 6.205509234527966517e-02 8.690649080934768067e-01 3.756001412060955857e+01
8.704324559167667674e-01 3.204395536548607266e-03 -4.922774286246140441e-01 -1.428008202834748808e+01 -3.259996968309634285e-02 9.981590161166257191e-01 -5.114509340730245823e-02 -2.635575024575312231e+00 4.912072731480271459e-01 6.056657862495982980e-02 8.689344676699989334e-01 3.844789123011880605e+01
8.697627089270617562e-01 1.019903992074078876e-03 -4.934691329101075219e-01 -1.479335383779123880e+01 -2.990369242099469652e-02 9.982690071044042490e-01 -5.064344662516147982e-02 -2.681250858419805372e+00 4.925632983635591100e-01 5.880433059357884767e-02 8.682876554331564467e-01 3.934500873885352235e+01
8.688694248300898870e-01 2.681441110531047542e-04 -4.950412567114420570e-01 -1.530029037159296124e+01 -2.934852730896933201e-02 9.982688523015118554e-01 -5.097021208078102161e-02 -2.752473518512527750e+00 4.941706083149849937e-01 5.881519079267141098e-02 8.673731538427951193e-01 4.025304903490301456e+01
8.681024204558641655e-01 -1.736068910104099838e-03 -4.963820794454183449e-01 -1.585336196276685072e+01 -2.761344850898978659e-02 9.982765005336958763e-01 -5.178345285015800020e-02 -2.820240190541624337e+00 4.956164733622537844e-01 5.866016184598005917e-02 8.665583082329617604e-01 4.118037826171185856e+01
8.663088819924470441e-01 -1.485731447265805890e-03 -4.995064650806922968e-01 -1.636367630775792392e+01 -2.711287255587701422e-02 9.983815241522799866e-01 -4.999224358476247326e-02 -2.889143372742769778e+00 4.987723095593244449e-01 5.685177985289658481e-02 8.648665002325912621e-01 4.208198527771515529e+01
8.644286538991816649e-01 -1.901957493884203626e-03 -5.027519069001608054e-01 -1.692861908197020782e+01 -2.475966391588710347e-02 9.986183876921292946e-01 -4.634948595492364987e-02 -2.950604023666541398e+00 5.021454620724720153e-01 5.251379203447410771e-02 8.631872574985308688e-01 4.299220910468842760e+01
8.614614810769843922e-01 -1.268924784844691674e-03 -5.078213281980841209e-01 -1.745405886786379668e+01 -2.329068124155265693e-02 9.988458588533469795e-01 -4.200588601929260840e-02 -3.015333826216488156e+00 5.072885417540049513e-01 4.801395745422878253e-02 8.604376795160179059e-01 4.391306957372628261e+01
8.582953832661194271e-01 -2.240569996271093815e-03 -5.131510593728724201e-01 -1.800579134307824347e+01 -2.123826562745738042e-02 9.989785431356528189e-01 -3.988491526359917022e-02 -3.084221566486553101e+00 5.127162714782687036e-01 4.513147709555907078e-02 8.573710864458709002e-01 4.480062760064731009e+01
8.535437444468162438e-01 -6.565910206069735383e-03 -5.209798075013101215e-01 -1.856799363039609929e+01 -1.794709143013121372e-02 9.989566859976922730e-01 -4.199334993993246445e-02 -3.146315040601851187e+00 5.207119955098534758e-01 4.519323334166607670e-02 8.525353920381093520e-01 4.569848525176745113e+01
8.473266040222429130e-01 -8.238748849133819413e-03 -5.310082331102363717e-01 -1.916693979674158754e+01 -1.851594634857280097e-02 9.988134550139716739e-01 -4.504266691559345032e-02 -3.205024079964193362e+00 5.307492723166188364e-01 4.799796992052694777e-02 8.461686653927618096e-01 4.660288793259634588e+01
8.412739239751508835e-01 -8.935821642771613754e-03 -5.405352257213574818e-01 -1.976383638925826247e+01 -1.843921135803168812e-02 9.988073149600338319e-01 -4.520998889130316278e-02 -3.262332509254377566e+00 5.402945351492490778e-01 4.800102799523277980e-02 8.401057803966771598e-01 4.752014962728916458e+01
8.350265004530159629e-01 -6.363677100978967251e-03 -5.501729194330741146e-01 -2.032315994641699319e+01 -1.866938369760764993e-02 9.990296114697035934e-01 -3.989097079786869948e-02 -3.322727752713376947e+00 5.498929006781860807e-01 4.358140699153173481e-02 8.340973951485817217e-01 4.839380388248626730e+01
8.293258353009819173e-01 -1.994775064490425000e-03 -5.587617325129312640e-01 -2.092081140903978209e+01 -2.085895675219359008e-02 9.991860850968572461e-01 -3.452638572806331074e-02 -3.378234947212259698e+00 5.583758300131042018e-01 4.028881037011914495e-02 8.286092264937912066e-01 4.927597478091271910e+01
8.250329143072494542e-01 -2.077984349190355618e-03 -5.650808491800011213e-01 -2.153073984323052770e+01 -2.207575974358334803e-02 9.991113422921179543e-01 -3.590524441600079220e-02 -3.436741556134960351e+00 5.646533059988533276e-01 4.209759738597084605e-02 8.242538701504820153e-01 5.015147011431582769e+01
8.222238041096909811e-01 -5.193397043699660848e-03 -5.691406138414104587e-01 -2.215922444302884031e+01 -2.181105462466690140e-02 9.989363705838809615e-01 -4.062518258003479377e-02 -3.498092593845656850e+00 5.687462516481432973e-01 4.581654909842377416e-02 8.212359900082669695e-01 5.098403509242580611e+01
8.196709010705021115e-01 -5.811034512978649653e-03 -5.728052369554104128e-01 -2.275915894198223199e+01 -2.578217503369218885e-02 9.985609779325939073e-01 -4.702396033018809568e-02 -3.559501310552338538e+00 5.722542252910804983e-01 5.331233679869886583e-02 8.183415562403529853e-01 5.184117456387415501e+01
8.157927989787423506e-01 -6.365925601343115636e-03 -5.783092405286545112e-01 -2.340090987466377115e+01 -2.683359122710106404e-02 9.984459249067173525e-01 -4.884356113788255321e-02 -3.625482064378650726e+00 5.777214489661798291e-01 5.536433921411181014e-02 8.143541758639403216e-01 5.274423474346806273e+01
8.129719012321304783e-01 -5.176342315249602907e-03 -5.822799041344350890e-01 -2.402449458503071966e+01 -2.630584730730392909e-02 9.986131156016168076e-01 -4.560534828572150590e-02 -3.686882648642837879e+00 5.817084281341311502e-01 5.239323291708177649e-02 8.117082359224118138e-01 5.359610775036436792e+01
8.094602595768886077e-01 -4.591347024126924380e-03 -5.871567091224956236e-01 -2.467745030224434899e+01 -2.316829123951587646e-02 9.989409678698658590e-01 -3.975139034764120505e-02 -3.744448739397859161e+00 5.867174138433768338e-01 4.578058829069495128e-02 8.084966423041255457e-01 5.446712845219828125e+01
8.070301722118765619e-01 -2.207105220113541981e-03 -5.905060737387118897e-01 -2.530871498517014828e+01 -2.424918228516518073e-02 9.990256395395242794e-01 -3.687477114860024385e-02 -3.816326491534149934e+00 5.900121046407662551e-01 4.407834221396520619e-02 8.061903142452363502e-01 5.532744495898521109e+01
8.038875833817450411e-01 -2.403533485592248501e-03 -5.947764029599061919e-01 -2.597183755238477332e+01 -2.466186455525665525e-02 9.989971540734353672e-01 -3.736948804414684522e-02 -3.868267212484582718e+00 5.942697629279943827e-01 4.470916240985840090e-02 8.030221332023076419e-01 5.618301201603460981e+01
7.998005193791338785e-01 -3.054019263708078642e-03 -6.002581071991851536e-01 -2.662654106205819460e+01 -2.534310219538108908e-02 9.989236146003850347e-01 -3.885021766421814515e-02 -3.905012350320538950e+00 5.997306577878752654e-01 4.628482671388081671e-02 7.988622282887731796e-01 5.704370188077657389e+01
7.966974785886288268e-01 -4.222660811012665487e-03 -6.043635410505973082e-01 -2.728091144212304897e+01 -2.626242331990782247e-02 9.987891824830761323e-01 -4.159872744050935323e-02 -3.980389349913535657e+00 6.038074348106592382e-01 4.901365233468569366e-02 7.956219268588886617e-01 5.790260196685735394e+01
7.920002861622065238e-01 -5.428702260278426943e-03 -6.104965755722177034e-01 -2.792216434025903737e+01 -2.571129775050935706e-02 9.987767431501467508e-01 -4.223679151245959829e-02 -4.029731956355194988e+00 6.099790829326645625e-01 4.914821010766171755e-02 7.908918882541975393e-01 5.873782039319289083e+01
7.872269585538310688e-01 -6.964554194873726935e-03 -6.166240373635765160e-01 -2.862987053149706540e+01 -2.337912492664183731e-02 9.988802638461664607e-01 -4.112949134599187817e-02 -4.090288165630517447e+00 6.162200403304112228e-01 4.679437466865818407e-02 7.861826477408715430e-01 5.957870455506132856e+01
7.830836634981954703e-01 -6.531932974181448026e-03 -6.218820647373073385e-01 -2.926816117272365503e+01 -2.363156510551443421e-02 9.989101783682795554e-01 -4.024928230467735013e-02 -4.143878449208900250e+00 6.214672405397480004e-01 4.621460181825285535e-02 7.820758830468400591e-01 6.040303774922023905e+01
7.774123909483759975e-01 -6.540700489473187662e-03 -6.289572212074788782e-01 -2.996332439541076909e+01 -2.478442857093639262e-02 9.988508150864768842e-01 -4.102171799032255928e-02 -4.215489463390674096e+00 6.285027546637454998e-01 4.747913706971377407e-02 7.763568937066361864e-01 6.127988289555992196e+01
7.720743306762682945e-01 -8.707199859256097366e-03 -6.354725839175682234e-01 -3.069529776365371276e+01 -2.327043540409322320e-02 9.988483090997052338e-01 -4.195881654889807577e-02 -4.276731226954017195e+00 6.351060706767681641e-01 4.718304879419597114e-02 7.709825202461552118e-01 6.212089424947116356e+01
7.667295660656194833e-01 -8.996626934808675535e-03 -6.419071781884396755e-01 -3.139069068583690125e+01 -2.420027543158969133e-02 9.987860340708115681e-01 -4.290460181818931545e-02 -4.334376388714527017e+00 6.415139325003572646e-01 4.843055713036611282e-02 7.655810625372763134e-01 6.292825466250641142e+01
7.614035426839098619e-01 -1.102433064297432194e-02 -6.481844655401011179e-01 -3.211766802334501847e+01 -2.265641435795397521e-02 9.987920770558786909e-01 -4.360130431498266540e-02 -4.400956322776628404e+00 6.478821950179000089e-01 4.788372327621438079e-02 7.602340549723035634e-01 6.373829749700773561e+01
7.551628391224308734e-01 -1.325169778236023194e-02 -6.554032886681165904e-01 -3.281879556674567056e+01 -2.145280012818403734e-02 9.987605659031059124e-01 -4.491224108423835792e-02 -4.463949004225007400e+00 6.551861342274886146e-01 4.797629111347347097e-02 7.539425794374835510e-01 6.455681464827370064e+01
7.490703888842221714e-01 -1.352725195095351961e-02 -6.623522912120874961e-01 -3.355611329758527006e+01 -2.152087027051013610e-02 9.987669957434903711e-01 -4.473634308054556113e-02 -4.532219730899534227e+00 6.621407792195269648e-01 4.776506750340865637e-02 7.478556645922050938e-01 6.538670645545025195e+01
7.428335764484157444e-01 -1.364552348817995274e-02 -6.693370368875454224e-01 -3.430929237024593448e+01 -2.110074373835576708e-02 9.988183262020866593e-01 -4.378024545443304910e-02 -4.582770212638182628e+00 6.691435147567140751e-01 4.664494544488193700e-02 7.416678597109119808e-01 6.623485038458207441e+01
7.365956497831943617e-01 -1.403287316800399566e-02 -6.761877835263764291e-01 -3.505796355455724722e+01 -1.996087796069892159e-02 9.988981476010255767e-01 -4.247415807228207413e-02 -4.662321498726630153e+00 6.760387705293364746e-01 4.478358171339556076e-02 7.355039225709422146e-01 6.701012149300355247e+01
7.300049725318632499e-01 -1.460903869349158488e-02 -6.832856703448917379e-01 -3.581876727113998982e+01 -1.995746719320215523e-02 9.988894898597223682e-01 -4.267887749891669663e-02 -4.726258275911709994e+00 6.831503838364151315e-01 4.479244396404378353e-02 7.289027361471990263e-01 6.778974226747588716e+01
7.230271453160891371e-01 -1.696035638381376831e-02 -6.906113845758987679e-01 -3.658340161708048299e+01 -1.899359076938532745e-02 9.988325985001049734e-01 -4.441490418361294934e-02 -4.790019674329393240e+00 6.905584683257005585e-01 4.523037121849804443e-02 7.218609452340766230e-01 6.859787020111083677e+01
7.175427870329262880e-01 -1.677395731705222381e-02 -6.963124112449029512e-01 -3.741328432939066317e+01 -1.997631858151886416e-02 9.988031128891207144e-01 -4.464625864965286739e-02 -4.850630937446879898e+00 6.962279103413684389e-01 4.594535924094973744e-02 7.163488883726194523e-01 6.944080637850001381e+01
7.122780446870760063e-01 -1.658569589992798035e-02 -7.017014269174406405e-01 -3.820760927436521825e+01 -2.012007893125080868e-02 9.988274939351219350e-01 -4.403203170693385099e-02 -4.908062774463429534e+00 7.016089917296730594e-01 4.548133735433375346e-02 7.111091898250757604e-01 7.023169830587519868e+01
7.078806711904087612e-01 -1.586063502872378864e-02 -7.061539395144449394e-01 -3.899607345039570561e+01 -2.159141733008648756e-02 9.987947557119760678e-01 -4.407773470097856722e-02 -4.971241330653953128e+00 7.060019645536395050e-01 4.644864064757049660e-02 7.066850494468439603e-01 7.102184309433542353e+01
7.022947519348470280e-01 -1.714040281044743042e-02 -7.116798989306291068e-01 -3.981452030171746514e+01 -2.099668878498315433e-02 9.987764315498879331e-01 -4.477475712085580983e-02 -5.043631199424825517e+00 7.115765795074109334e-01 4.638799810882877211e-02 7.010755555199830180e-01 7.180718437799789911e+01
6.976215586084446585e-01 -1.890129923734162193e-02 -7.162170706474991766e-01 -4.067306641803811829e+01 -2.117918323279003798e-02 9.986710576430782860e-01 -4.698468747808053070e-02 -5.119981676717428876e+00 7.161533434357714167e-01 4.794642330602121028e-02 6.962941466859684514e-01 7.261231047719927290e+01
6.926910130145703670e-01 -2.152830773225272026e-02 -7.209130896130997446e-01 -4.154034640400487177e+01 -2.084459561659518859e-02 9.985392972870629213e-01 -4.984751386158767228e-02 -5.181505138947249733e+00 7.209331949592351352e-01 4.955606653660753896e-02 6.912304495055727749e-01 7.341130272179442784e+01
6.880391714035349882e-01 -2.224137899579087599e-02 -7.253326201717946731e-01 -4.238151628861247389e+01 -2.135609484658142557e-02 9.984766633909165634e-01 -5.087504209567592778e-02 -5.247277568914563872e+00 7.253592380398971029e-01 5.049429388172629179e-02 6.865160681538321485e-01 7.419246151440371762e+01
6.824772574899865552e-01 -2.160954297968294829e-02 -7.305873053504063908e-01 -4.320205583808236582e+01 -2.125963356363063522e-02 9.985530252768000103e-01 -4.939517915419737448e-02 -5.318745533091408184e+00 7.305975838348138796e-01 4.924310462555784446e-02 6.810303201996016353e-01 7.497778799015497952e+01
6.769092351310516120e-01 -2.082828551935256289e-02 -7.357717444037578103e-01 -4.402723927216255362e+01 -2.158388423342078380e-02 9.986080515873999586e-01 -4.812582757905926878e-02 -5.400399769958244889e+00 7.357499792611341682e-01 4.845762910325833450e-02 6.755174581153682301e-01 7.576934676028967885e+01
6.716682810677188087e-01 -2.327070575520317694e-02 -7.404864511181362685e-01 -4.492474600729299539e+01 -1.921995106541767376e-02 9.986228143792016398e-01 -4.881667861087168880e-02 -5.475767318999504418e+00 7.406026751661394236e-01 4.702072776290031064e-02 6.702960083730712393e-01 7.650047901938546602e+01
6.665196390341974197e-01 -2.375255906284294560e-02 -7.451089695005982394e-01 -4.581362796845470342e+01 -1.878640771666414966e-02 9.986397077844482162e-01 -4.863954099947617737e-02 -5.542011013370302663e+00 7.452507299981055988e-01 4.641712999297880476e-02 6.651667533352872974e-01 7.730075767153773825e+01
6.633492235464037989e-01 -2.457781038093464002e-02 -7.479062297485029598e-01 -4.672103571865150684e+01 -1.795987738375316028e-02 9.986496676822356200e-01 -4.874714420316656610e-02 -5.613821143272242686e+00 7.480944187706672910e-01 4.576868421926215402e-02 6.620120682315492333e-01 7.805894672867084694e+01
6.591613358742717255e-01 -2.526533166187991397e-02 -7.515769992820136025e-01 -4.760668895288009850e+01 -1.700686349922023860e-02 9.986789833703322294e-01 -4.848767670075911085e-02 -5.688293981619620077e+00 7.518092237742549644e-01 4.474316895267401589e-02 6.578608897868997163e-01 7.885042443485090757e+01
6.552215085803246852e-01 -2.780524446371444511e-02 -7.549249184749821096e-01 -4.851532843854960930e+01 -1.427524965195470577e-02 9.986882368872207483e-01 -4.917339491637635202e-02 -5.762009087098508786e+00 7.553019271165898330e-01 4.299620743096201070e-02 6.539650874190189311e-01 7.961584313748318209e+01
6.510713090458430941e-01 -3.220969857751172089e-02 -7.583328261584834085e-01 -4.943585950979433363e+01 -1.153382622545412635e-02 9.985639829119992150e-01 -5.231579964603947502e-02 -5.842473791022482210e+00 7.589289364982179098e-01 4.280779494785626887e-02 6.497648595097100799e-01 8.035113790545568691e+01
6.460399054586345446e-01 -3.642966791176089486e-02 -7.624338063863705939e-01 -5.034192641202062646e+01 -7.688172974700955425e-03 9.984992235716244613e-01 -5.422354214559869240e-02 -5.908680889195013997e+00 7.632649225112562164e-01 4.089229475905573757e-02 6.447902674696718295e-01 8.116098421283568598e+01
6.391542735990085600e-01 -4.085775110027976831e-02 -7.679924790266118295e-01 -5.126499899835245344e+01 -9.271786522330504113e-04 9.985461773785719863e-01 -5.389500875597878771e-02 -5.999885330079172796e+00 7.690779963240261807e-01 3.515929108183150215e-02 6.381871752927479324e-01 8.191929972855166397e+01
6.320364393228276034e-01 -4.373445839990285772e-02 -7.737035772783810161e-01 -5.219403980501344620e+01 2.488788506104697672e-03 9.985156248008160151e-01 -5.440912552039266215e-02 -6.088876516829292207e+00 7.749346779009651520e-01 3.246296504102891972e-02 6.312071070029329212e-01 8.268494818447447869e+01
6.226684333064260723e-01 -4.483895518728441693e-02 -7.812000249868621404e-01 -5.313260553997604063e+01 5.219895514516979806e-03 9.985726304933185693e-01 -5.315500254782259265e-02 -6.164390096566497945e+00 7.824683921914091789e-01 2.902015926633241122e-02 6.220137111222872051e-01 8.342724367860864731e+01
6.138808536346765932e-01 -4.321894652272806336e-02 -7.882146971428745097e-01 -5.408958004320078317e+01 4.554961512096808267e-03 9.986774474794533063e-01 -5.121140692881367973e-02 -6.241151763603487446e+00 7.893855585082697468e-01 2.784741418900372675e-02 6.132658257017792325e-01 8.419055066234770379e+01
6.050879117936865947e-01 -4.288823186293673484e-02 -7.950026458922448969e-01 -5.507661526119120055e+01 4.452991143154990360e-03 9.987147045932035505e-01 -5.048870842066775083e-02 -6.336499487343099979e+00 7.961462178365619202e-01 2.700996698968675253e-02 6.045011771056466587e-01 8.494048718802706333e+01
5.956823326257026929e-01 -4.516554299216923168e-02 -8.019492630727729221e-01 -5.608051158377853085e+01 4.839155899674640708e-03 9.986014891982173403e-01 -5.264644639252021030e-02 -6.397172691043306436e+00 8.032055475858962401e-01 2.747980006748579687e-02 5.950678286715501697e-01 8.566413914603636215e+01
5.854358506810760643e-01 -4.681940435022704378e-02 -8.093656751621154388e-01 -5.707657259586523679e+01 4.502136323538903466e-03 9.985034054310268914e-01 -5.450394560779169006e-02 -6.487026561772232469e+00 8.107062391676109758e-01 2.826468874328148459e-02 5.847704790362551197e-01 8.636060887295228383e+01
5.753323549592840314e-01 -4.842360532121731814e-02 -8.164850418753965000e-01 -5.806092409051940706e+01 5.273056323515356789e-03 9.984447891372106865e-01 -5.549953058525380900e-02 -6.551400696869317031e+00 8.179027369699998218e-01 2.762530359335957711e-02 5.746929333682173624e-01 8.704608124630144061e+01
5.660733098245552819e-01 -4.827578219815745197e-02 -8.229401220017998897e-01 -5.908766990780218009e+01 6.080810722308056977e-03 9.985011516543802479e-01 -5.439185470889926211e-02 -6.641319600247435062e+00 8.243324831423106680e-01 2.578563365861478995e-02 5.655184088228341066e-01 8.776224886179326745e+01
5.559214027385441792e-01 -4.849140053224962332e-02 -8.298192366431835776e-01 -6.009597276128539534e+01 7.047158192585735968e-03 9.985360384954776736e-01 -5.362944488667194254e-02 -6.720458027722302496e+00 8.312049944878248109e-01 2.396588832948173819e-02 5.554492829340436089e-01 8.845494031597289109e+01
5.447914490943804866e-01 -4.996007363578506416e-02 -8.370819883883334755e-01 -6.115497119711353236e+01 9.135533643123345746e-03 9.985180356452872941e-01 -5.364955250569237305e-02 -6.821725272191367928e+00 8.385218128129601212e-01 2.158062629123138482e-02 5.444405006881867237e-01 8.910535170155380058e+01
5.352332949368502346e-01 -5.025293883478443996e-02 -8.432081292333299949e-01 -6.220457583172785121e+01 8.295669942388422813e-03 9.984933707414815895e-01 -5.424177739046139035e-02 -6.897918166083246483e+00 8.446635505217843232e-01 2.203702840815851410e-02 5.348437797658809334e-01 8.977135156474668065e+01
5.251974305756985650e-01 -5.114168380310710194e-02 -8.494422723138269626e-01 -6.331004606453273453e+01 7.189769180828349190e-03 9.984235618348150654e-01 -5.566595334671007450e-02 -6.993008978055369695e+00 8.509500443944452153e-01 2.312832130884661871e-02 5.247371873895789740e-01 9.042580817652941505e+01
5.152069728031418716e-01 -5.179473859671790414e-02 -8.554993085652408125e-01 -6.437973891282756256e+01 6.125206377949147032e-03 9.983693022025310615e-01 -5.675577712689086618e-02 -7.068299460550195867e+00 8.570439131848790471e-01 2.400086181635443724e-02 5.146840805845069866e-01 9.104600079598327511e+01
