1.000000000000000000e+00 -3.306050084167601550e-19 -2.270457535318767223e-19 -8.673617379884035472e-19 7.546676715296109287e-19 1.000000000000000000e+00 6.237773588823049983e-19 1.387778780781445676e-17 -3.447385680526250622e-20 4.770700176052009879e-20 1.000000000000000222e+00 5.551115123125782702e-17
9.971255602438766630e-01 3.404554652865063834e-03 7.570167920539926099e-02 -1.223442500007891343e-01 -3.440566391088877799e-03 9.999939961978862035e-01 3.450829105395276475e-04 -1.169529596198259913e-02 -7.570005410453542471e-02 -6.045686010107425732e-04 9.971312775464270528e-01 9.911657733009177074e-02
9.992926857055747236e-01 4.634835302053675818e-03 3.731333478710537055e-02 2.753643391979553740e-02 -4.634580518469320551e-03 9.999892748376688623e-01 -9.331339386949313809e-05 8.041742830853654267e-03 -3.731336766421831236e-02 -7.969551156731997401e-05 9.993034424223024015e-01 2.572370734953178251e-01
9.979691620912504169e-01 5.707846490758733057e-03 6.342495061524212885e-02 5.918520356042099306e-02 -5.813245224075048317e-03 9.999819800474576414e-01 1.476970144041520657e-03 2.925121044147410698e-03 -6.341538137481407544e-02 -1.842811169066665370e-03 9.979844171340582770e-01 4.191495784694885818e-01
9.952682553151678269e-01 4.867585734949921895e-03 9.703273028886615081e-02 1.037811320934425019e-01 -5.271929746848391142e-03 9.999784645915863468e-01 3.909056071012496393e-03 -3.269348134331967470e-03 -9.701161157998479390e-02 -4.402124478361635340e-03 9.952724460859831979e-01 5.910116246746610624e-01
9.908751150484438330e-01 1.849948313009385252e-03 1.347374434426011625e-01 1.861664921946903639e-01 -2.559413393474512920e-03 9.999837598940003458e-01 5.090610694034735685e-03 6.051373656682304536e-03 -1.347258667015286959e-01 -5.388984950082510370e-03 9.908637779696959358e-01 7.843028401163927299e-01
9.848497331077270545e-01 -1.963072900703768681e-03 1.733968031995498094e-01 2.457678120948882661e-01 8.068358400337423235e-04 9.999769757424471495e-01 6.737451872944330740e-03 -8.748271216902747671e-03 -1.734060517269867818e-01 -6.495428666296614376e-03 9.848286857039643127e-01 9.844058135711588609e-01
9.762067617787735241e-01 -1.310453851132524538e-03 2.168221852820229056e-01 3.559684429931416205e-01 -2.189312500030517162e-04 9.999752550160820874e-01 7.027615640853661014e-03 4.752653271984610961e-03 -2.168260687348635973e-01 -6.907750893399088911e-03 9.761823087285209644e-01 1.185284649261871825e+00
9.639130161801252594e-01 -1.748972281346344989e-03 2.662090452820401465e-01 4.398794933117132766e-01 -1.123792729096578010e-03 9.999427723911485932e-01 1.063798511371689612e-02 -3.402204876077313811e-03 -2.662124553611808775e-01 -1.055330190467350035e-02 9.638558770590671676e-01 1.409493663787203310e+00
9.500915525868821598e-01 -4.994099680675483099e-03 3.119549945232445998e-01 5.757705898311988868e-01 -2.994834435190735374e-04 9.998568003707630769e-01 1.691530372432895751e-02 1.388826681168443822e-02 -3.119948697534264959e-01 -1.616442262229217039e-02 9.499539907923549853e-01 1.640143941836033736e+00
9.327078320982687965e-01 -1.445447007029358917e-02 3.603380245472528332e-01 7.092950162390955215e-01 5.891891721922931820e-03 9.996738203992580063e-01 2.485126282982903778e-02 2.325049582515767432e-03 -3.605797581525692075e-01 -2.105505038289397918e-02 9.324887765414748841e-01 1.855165102884488881e+00
9.117623799967394804e-01 -2.071230244664929582e-02 4.101548983259774572e-01 8.714253350415351873e-01 8.795660226535117338e-03 9.994832644020230639e-01 3.092362620093461537e-02 1.679071135611373555e-03 -4.105833209877315926e-01 -2.458741015979116346e-02 9.114733931340442963e-01 2.078497698900293678e+00
8.868282014855763951e-01 -2.274190932659498482e-02 4.615067971700964056e-01 1.050986643319935965e+00 7.549583296917229853e-03 9.993679772778547576e-01 3.473262676984457953e-02 8.999659039080981637e-03 -4.620051295331517038e-01 -2.731692334903136274e-02 8.864394003457609639e-01 2.325652717965639660e+00
8.584165940370269698e-01 -2.414767160551540767e-02 5.124406783853159286e-01 1.238537027824248460e+00 5.147173829423272798e-03 9.992465528136014186e-01 3.846873020174658431e-02 3.009022573483370600e-02 -5.129834456424731126e-01 -3.038632045586620381e-02 8.578940111426885951e-01 2.541930785737454457e+00
8.263497824479528742e-01 -2.935645230429685323e-02 5.622524967383598637e-01 1.464789969190081642e+00 6.265474786864475530e-03 9.990578656761690546e-01 4.294549876872953004e-02 3.449268340954891876e-02 -5.629832305379930402e-01 -3.196600442999428249e-02 8.257550954442988145e-01 2.780279804154817125e+00
7.903806170000652331e-01 -3.491590556362929310e-02 6.115265119896923229e-01 1.698709640407334076e+00 8.317729030085567118e-03 9.988940944763121665e-01 4.627158680416186554e-02 4.062639016561296612e-02 -6.124659777060140753e-01 -3.148380223140299222e-02 7.897969294919454653e-01 2.983721052412790620e+00
7.527827266135146411e-01 -3.909852126085684026e-02 6.570993831065277124e-01 1.967046626314970847e+00 9.445236734057279454e-03 9.987733370280311718e-01 4.860107669017314780e-02 5.386895397119517009e-02 -6.581937851183257138e-01 -3.037839468046300839e-02 7.522285928831125013e-01 3.199620180204519659e+00
7.136015284706657136e-01 -4.224288558519075087e-02 6.993780098240660603e-01 2.245764126934158611e+00 9.880144040931845145e-03 9.986879451997944246e-01 5.023580165768463252e-02 6.490894049906451024e-02 -7.005831310134802425e-01 -2.893699273730224522e-02 7.130825308385123629e-01 3.441042979811308467e+00
6.709747579714367971e-01 -4.516758205412337718e-02 7.400245513573987521e-01 2.546625635222646178e+00 1.005712802174022272e-02 9.986056998857119060e-01 5.183145236083989277e-02 7.790680239127473206e-02 -7.413331046835730520e-01 -2.734141452165141442e-02 6.704931276531054252e-01 3.631583981602262146e+00
6.288653697447935675e-01 -4.560516967445230052e-02 7.761980824898360165e-01 2.890061784557211855e+00 5.883802675332855218e-03 9.985287609931603470e-01 5.389809732440252465e-02 1.064464395278030689e-01 -7.775146724150566735e-01 -2.932345510490289020e-02 6.282086462662883619e-01 3.858057040268512150e+00
5.866848790463105034e-01 -4.548030175239103912e-02 8.085635920170343161e-01 3.234727308652391997e+00 2.960411509734676809e-03 9.985354312293515111e-01 5.402932732573792474e-02 1.167687543680570178e-01 -8.098365082468339526e-01 -2.930612252989062833e-02 5.859604148219944575e-01 4.063479333438490215e+00
5.468467427941567927e-01 -4.804901799286701719e-02 8.358058991386051462e-01 3.614327460020719585e+00 6.838659892197907972e-04 9.983769416984272782e-01 5.694953442429158408e-02 1.400152905823869309e-01 -8.371859187718379003e-01 -3.056679759693180232e-02 5.459922836394351942e-01 4.274500255488821843e+00
5.081076883550533774e-01 -5.003599229038479396e-02 8.597560240335938575e-01 4.024419546980117168e+00 -2.102047366985478906e-04 9.983040974565314807e-01 5.820767171387720290e-02 1.529614597173896695e-01 -8.612103017445055242e-01 -2.975937378120675075e-02 5.072351148422544753e-01 4.483403031970128794e+00
4.699025728376460820e-01 -4.903920133049913949e-02 8.814865209334544760e-01 4.457909467391110603e+00 -3.299796158590748846e-03 9.983509250581954486e-01 5.730586005155972884e-02 1.752404266300522928e-01 -8.828439680387062394e-01 -2.982863649661037994e-02 4.689660622504904786e-01 4.674580816681657147e+00
4.344342436776443273e-01 -4.826758651972990616e-02 8.993001936818015851e-01 4.925758560993927837e+00 -4.714357763022211135e-03 9.984273510000297724e-01 5.586431671213943490e-02 1.994123739469993439e-01 -9.005825083541947329e-01 -2.850512198642910291e-02 4.335237460129389153e-01 4.862142340687738873e+00
4.004556195634573768e-01 -4.821528499882894031e-02 9.150368636438103165e-01 5.423845676375798064e+00 -2.861612812888061907e-03 9.985438945625899620e-01 5.387253595252881194e-02 2.209382936981675316e-01 -9.163018211803739543e-01 -2.419429604754857674e-02 3.997346143491420367e-01 5.055775487393538548e+00
3.704496189492866298e-01 -4.632168717210423392e-02 9.277184808980886155e-01 5.942864643247143697e+00 -1.114320842690765716e-03 9.987331944965978092e-01 5.029695732319162255e-02 2.449765251814062517e-01 -9.288727632933405642e-01 -1.967476894144057700e-02 3.699280438024219464e-01 5.226170584664775909e+00
3.453258660049204898e-01 -4.466031939800658296e-02 9.373227253365037370e-01 6.490868576086803898e+00 -2.068208932419931232e-04 9.988632606520525536e-01 4.766602835897052609e-02 2.711395915661324318e-01 -9.383858728108408487e-01 -1.665420763322384909e-02 3.449241624608401779e-01 5.419382653067238209e+00
3.241849683599578591e-01 -4.395903596926224038e-02 9.449033138525746445e-01 7.075381393493667126e+00 7.996996181384922846e-04 9.989320216316517342e-01 4.618704811002484478e-02 2.953876331871889138e-01 -9.459248007112766032e-01 -1.421223306453235115e-02 3.238738754773693995e-01 5.601729187787853448e+00
3.095299496473022383e-01 -4.434401938960336187e-02 9.497944619684480783e-01 7.668982068335111535e+00 2.004882596350905655e-03 9.989400809423459870e-01 4.598930041610944236e-02 3.225594564015424881e-01 -9.508269415865402419e-01 -1.233164480889552619e-02 3.092909853023807498e-01 5.783678542918484489e+00
2.969413565182087433e-01 -4.586382432721458624e-02 9.536919024908815379e-01 8.291749067987105093e+00 2.973742138509509990e-03 9.988856369678197344e-01 4.710932875463581804e-02 3.416623384017722920e-01 -9.547889397829064650e-01 -1.116485034471739399e-02 2.967465002330726409e-01 5.979566631533871579e+00
2.860495094359852275e-01 -4.731381387334394201e-02 9.570062313682768940e-01 8.946759842251196915e+00 1.729898793037421651e-03 9.988040324771205736e-01 4.885129505193884503e-02 3.703437315014685427e-01 -9.581735838300975416e-01 -1.231104243653859120e-02 2.857892870282395803e-01 6.175816897539287531e+00
2.756206737622985403e-01 -4.920888152025531398e-02 9.599376903421772411e-01 9.618275058210937090e+00 -3.911350312999712156e-04 9.986827880532325175e-01 5.131196148093888909e-02 4.059836979865106277e-01 -9.611982249932019551e-01 -1.451951371552205779e-02 2.752385480149440178e-01 6.368539058861625080e+00
2.663114016309310883e-01 -5.032822504712658462e-02 9.626875731936352931e-01 1.031441323138544774e+01 -8.557140190533257980e-04 9.986229065051535070e-01 5.243594717257139826e-02 4.387298648896122422e-01 -9.640022040907693102e-01 -1.477240940268018457e-02 2.659018270129175354e-01 6.571728961122174972e+00
2.557102540406454017e-01 -5.317033199178600872e-02 9.651779049380040387e-01 1.103828909644899703e+01 -1.262854571955367286e-03 9.984671359157464288e-01 5.534017045836998883e-02 4.681742746789894216e-01 -9.666402322454197282e-01 -1.537766385298071012e-02 2.552511409750810034e-01 6.756048633276434678e+00
2.450558027135023575e-01 -5.524335718273432755e-02 9.679075261744894965e-01 1.177941816198836023e+01 -2.160207827393648312e-03 9.983419070664790729e-01 5.751323524444502261e-02 5.023167695277140909e-01 -9.694798964975596123e-01 -1.618668121204490037e-02 2.445297866532768205e-01 6.947594933809408069e+00
2.350065178808051491e-01 -5.603461180037030281e-02 9.704091347980914328e-01 1.254621219943318700e+01 -2.734939708923933479e-03 9.982948207066419943e-01 5.830257469376316781e-02 5.348847592706043041e-01 -9.720219402760450489e-01 -1.635015655527075062e-02 2.344525485890666949e-01 7.129679694068810747e+00
2.241725934632116946e-01 -5.959030865420247153e-02 9.727089338872826341e-01 1.332607610313226054e+01 -3.765825463927803280e-03 9.980686240412153243e-01 6.200352166707921719e-02 5.733018341666079598e-01 -9.745249829801021502e-01 -1.756574801673341582e-02 2.235149347677975462e-01 7.312311089170983713e+00
2.127190731893144615e-01 -6.289319212898572542e-02 9.750586153885871799e-01 1.411396206077724536e+01 -6.436766099874249511e-03 9.978152000226078178e-01 6.573737674579188672e-02 6.168326929998455554e-01 -9.770627678679942862e-01 -2.026367655495321662e-02 2.118486179662089908e-01 7.486947544794348097e+00
2.005860686328540532e-01 -6.611108930935673256e-02 9.775228396478861104e-01 1.490758403409335919e+01 -6.396165961554945573e-03 9.976103798582803828e-01 6.878730108180934610e-02 6.531952989012412836e-01 -9.797360967725924352e-01 -2.003365437159015938e-02 1.996844633359531052e-01 7.654273017715826022e+00
1.871455744543621125e-01 -6.880930721855330057e-02 9.799810472489830504e-01 1.572499742821852209e+01 -7.714100787148040969e-03 9.974098880400343869e-01 7.149725456776412358e-02 6.978338916412786253e-01 -9.823640545242181554e-01 -2.092349588166069613e-02 1.861301447005041521e-01 7.814680915815982232e+00
1.730838981936630439e-01 -6.873529725344879049e-02 9.824787651336923666e-01 1.653356346457867687e+01 -7.891526437349097312e-03 9.974324160254625093e-01 7.117500743529134311e-02 7.320837339104560026e-01 -9.848495027704818883e-01 -2.005798129371939506e-02 1.720976808561003879e-01 7.948368914218278292e+00
1.595087299227154476e-01 -6.837850186387295359e-02 9.848916893944436035e-01 1.735187514066009484e+01 -8.989851670957175328e-03 9.974556240254548456e-01 7.071469714077840973e-02 7.795127864878179658e-01 -9.872228905139750488e-01 -2.011135903255866289e-02 1.584890562004504511e-01 8.081869231968394018e+00
1.439926294299677112e-01 -6.688053428019170854e-02 9.873542172552987051e-01 1.817546926578784294e+01 -1.022086490967555675e-02 9.975595973859279209e-01 6.907249096716566727e-02 8.153949706075817039e-01 -9.895645993236370508e-01 -2.003350455152577356e-02 1.429579684393839922e-01 8.196973961964566513e+00
1.226807016867368927e-01 -6.586144239012273194e-02 9.902397991977456293e-01 1.900128356906306593e+01 -1.316393960334288904e-02 9.976002397787229192e-01 6.798426946058669373e-02 8.566479304146943363e-01 -9.923395455906253160e-01 -2.139603961556853229e-02 1.215187930673733568e-01 8.296363137151478995e+00
9.730314426730006516e-02 -6.462420144266212141e-02 9.931777967412376285e-01 1.983472296065172458e+01 -1.787142854435310596e-02 9.976156613136428764e-01 6.663714317147924338e-02 8.990793382621082852e-01 -9.951169727173322377e-01 -2.422503045781700115e-02 9.591580607333871633e-02 8.376453734117882632e+00
6.704330852789920636e-02 -6.463884471093848949e-02 9.956530825903392445e-01 2.067536458709295388e+01 -2.184754670184275993e-02 9.975654085327895215e-01 6.622186600434770698e-02 9.391225527070619084e-01 -9.975086821538927673e-01 -2.620838211085207287e-02 6.546727409302850742e-02 8.428862579494106555e+00
3.310715853596434000e-02 -6.408154710927764508e-02 9.973887605046320992e-01 2.153241927752434748e+01 -2.452707257725842555e-02 9.975903643947166000e-01 6.491548040834270450e-02 9.770877111298904572e-01 -9.991427094000843168e-01 -2.665091024063160133e-02 3.145497826498829669e-02 8.453605176122623632e+00
-6.493375655430564438e-04 -6.397540440994337052e-02 9.979504905306699758e-01 2.238153000941571946e+01 -2.541426595831516172e-02 9.976300578296384280e-01 6.395441131293190529e-02 1.012797875093331079e+00 -9.996763204609913078e-01 -2.533254219684695149e-02 -2.273614175341470266e-03 8.440827016270999295e+00
-3.555177528929877317e-02 -6.320409306488630752e-02 9.973559320153515539e-01 2.324948798132688310e+01 -2.717308804018668880e-02 9.976896027409734025e-01 6.225459671125937317e-02 1.045821235905915803e+00 -9.989886581789819697e-01 -2.485499624282376183e-02 -3.718647527262402414e-02 8.403202696964271468e+00
-6.827215915590421902e-02 -6.130608795367510633e-02 9.957688217603014591e-01 2.409915563685377293e+01 -2.914077271620280768e-02 9.978073855011309057e-01 5.941888760692538157e-02 1.074747252171792677e+00 -9.972271813176446509e-01 -2.498267013780237911e-02 -6.990951430814015821e-02 8.341309933900332041e+00
-1.019140481265121689e-01 -5.772502982349456135e-02 9.931239679630343709e-01 2.496130964888595472e+01 -3.141050798535328231e-02 9.980037804185429851e-01 5.478251102869576700e-02 1.114523876731643659e+00 -9.943046277811130595e-01 -2.559888851605201729e-02 -1.035236042169079135e-01 8.248790902328751784e+00
-1.338906299268774747e-01 -5.379479057420396421e-02 9.895722073847297295e-01 2.582756691218481748e+01 -2.855043505391790387e-02 9.983202502454867622e-01 5.043260870945242419e-02 1.144115033528053660e+00 -9.906226080493143460e-01 -2.151332304831790956e-02 -1.352014664938030741e-01 8.123516283201427157e+00
-1.647434749370625118e-01 -4.792531220420952198e-02 9.851718881722958399e-01 2.666828016353076336e+01 -2.450625194031320550e-02 9.987089167639531251e-01 4.450019471691715051e-02 1.164430516097775481e+00 -9.860335469819409004e-01 -1.679505641904524560e-02 -1.657048525849090237e-01 7.968916967786600303e+00
-1.959477637238604408e-01 -4.135430201975948128e-02 9.798350746642100484e-01 2.752413226425938575e+01 -1.713725293731100524e-02 9.991022353942236034e-01 3.875115254449149754e-02 1.181096853015423553e+00 -9.805577571582811958e-01 -9.209229355456706803e-03 -1.964805902588106779e-01 7.786491055675167416e+00
-2.222420042933538065e-01 -3.579521862126089360e-02 9.742214127671525725e-01 2.835262241639751934e+01 -1.213459983879347157e-02 9.993500283426144382e-01 3.393791688258494810e-02 1.192110755153170221e+00 -9.748033433505818302e-01 -4.272798132007734132e-03 -2.225319251303458368e-01 7.576795824224897835e+00
-2.510089198182822723e-01 -3.035595816113325837e-02 9.675924215132803985e-01 2.918532595325448398e+01 -3.308075749647712126e-03 9.995290302377263236e-01 3.051511540450681237e-02 1.205543264758891508e+00 -9.680632376102213943e-01 4.455733297827812675e-03 -2.509910209686078697e-01 7.344016920915633406e+00
-2.790611723649302767e-01 -1.909784767849149328e-02 9.600644383174125052e-01 3.000734397968259159e+01 3.186142915867857996e-03 9.997781623928395645e-01 2.081506893211114081e-02 1.204600948599104271e+00 -9.602492400096003244e-01 8.872415235001516326e-03 -2.789383004050303150e-01 7.096837605638111945e+00
-3.014642464836168045e-01 -4.267787091757744948e-03 9.534757548535076621e-01 3.081332840024418829e+01 7.151115057092705986e-03 9.999517623167221148e-01 6.734675768156852226e-03 1.194476394626454718e+00 -9.534587255492615876e-01 8.847110285469745108e-03 -3.014191941282409193e-01 6.835813259685122212e+00
-3.262122954225234461e-01 1.296225135185621012e-02 9.451521690575784840e-01 3.160277966715709042e+01 8.271184438447055573e-03 9.999068252066134477e-01 -1.085851833892997019e-02 1.178631325963254151e+00 -9.452049888813741640e-01 4.274000855469650868e-03 -3.262892153385942851e-01 6.556148582586459383e+00
-3.520277283894943099e-01 2.779383475497138739e-02 9.353848910395232696e-01 3.239668895321384667e+01 8.246321614374418560e-03 9.996121333042110590e-01 -2.659444014322558808e-02 1.159644549595077345e+00 -9.357615847726059588e-01 -1.663280084646187465e-03 -3.521203064611950206e-01 6.262625751850218414e+00
-3.742703828247791464e-01 3.864539840084110084e-02 9.264323447476128237e-01 3.317922368487256080e+01 1.167901548695057454e-02 9.992482768292023643e-01 -3.695677791906917115e-02 1.119400061914442635e+00 -9.271646527377117586e-01 -3.023888222107769426e-03 -3.744403495155163020e-01 5.945777978211402193e+00
-4.006740426302685121e-01 4.353862995049209705e-02 9.150281574647073368e-01 3.396675931394618431e+01 1.540323086299935466e-02 9.990487895222431858e-01 -4.079328888775839851e-02 1.067170343156282231e+00 -9.159344590619630244e-01 -2.263852800634338566e-03 -4.009633885354987881e-01 5.603810125467101777e+00
-4.236880680497631668e-01 4.234389412366763861e-02 9.047306378154924555e-01 3.473770138114276307e+01 1.780083808607727663e-02 9.991033979834070822e-01 -3.839300032543897095e-02 1.021085773682895326e+00 -9.055454925214474482e-01 -1.780227943346244276e-04 -4.240621197228435224e-01 5.242688563963624482e+00
-4.426787613877807837e-01 3.900966262964573189e-02 8.962292066734826035e-01 3.550233517261140292e+01 2.186570900842834883e-02 9.992259925412290134e-01 -3.270479554641641390e-02 9.795983811425728049e-01 -8.968109238236715575e-01 5.133789860981217458e-03 -4.431892103709774156e-01 4.862257825773366626e+00
-4.631031435116955697e-01 3.739252530071952157e-02 8.857466741442120428e-01 3.624459142077210316e+01 2.966090253201461233e-02 9.992038789302543078e-01 -2.668907298857549695e-02 9.353707184340858127e-01 -8.860394895777408131e-01 1.391112039794816478e-02 -4.638435742781170101e-01 4.459792915254384482e+00
-4.747780889509986002e-01 3.821192108961624090e-02 8.788461590883214214e-01 3.698888093719565262e+01 3.369420746555430723e-02 9.991137465330719447e-01 -2.522151956489713034e-02 8.874812154019050547e-01 -8.790309851242946726e-01 1.763149992584692183e-02 -4.756447722766687369e-01 4.047187685375648769e+00
-4.851513771666953745e-01 4.164026714340054308e-02 8.730319377533930503e-01 3.771354283436648558e+01 3.580371932691152337e-02 9.989739285110798006e-01 -2.771180397561081796e-02 8.481725627762592978e-01 -8.732900169124039325e-01 1.781225111698500618e-02 -4.861444490895168169e-01 3.636731311284093326e+00
-4.955426821873885612e-01 4.440601689853063833e-02 8.672909113063564934e-01 3.841100543230658104e+01 3.796340452132113824e-02 9.988453305890963030e-01 -2.943120283305876439e-02 8.026677110595068498e-01 -8.675963832684674415e-01 1.833594755316526187e-02 -4.966563430790605360e-01 3.238776999733799844e+00
-5.051382591603957861e-01 4.367460291760022484e-02 8.619543201580768255e-01 3.911866098212501441e+01 3.146704062416504077e-02 9.989863957918464488e-01 -3.220602734541631179e-02 7.604646026550387905e-01 -8.624872173338212766e-01 1.085851055143399052e-02 -5.060003912129019676e-01 2.825772934655767621e+00
-5.170258438035794102e-01 4.158727427102219126e-02 8.550133544349056702e-01 3.980447856312976285e+01 2.969401358249963360e-02 9.990891657773187662e-01 -3.065593871520427491e-02 7.269448638489992565e-01 -8.555094641194826988e-01 9.536771723466468467e-03 -5.177896904010159673e-01 2.417303118408820506e+00
-5.236245963052132968e-01 4.346282702600862830e-02 8.506031337464102782e-01 4.051635392098840072e+01 3.202230717973472002e-02 9.989960239702726508e-01 -3.133168939842023021e-02 6.844013044455581340e-01 -8.511109562046245136e-01 1.083082731997571380e-02 -5.244905425408529220e-01 1.977501086824928311e+00
-5.302058394958997223e-01 4.677488845882062096e-02 8.460293867620795050e-01 4.122066781472588559e+01 3.586177374630827863e-02 9.988206221270634622e-01 -3.273279725154024794e-02 6.353540296591286829e-01 -8.465631879812499649e-01 1.297320133472890970e-02 -5.312577145693350156e-01 1.534022936603749443e+00
-5.354726844490923510e-01 5.015392888544240729e-02 8.434373914634449854e-01 4.193168528794669925e+01 3.717111931648931639e-02 9.986676059245046533e-01 -3.580938526423812357e-02 6.066931852089509913e-01 -8.441092283691807863e-01 1.218832487391658878e-02 -5.366234926996249488e-01 1.089592276885566813e+00
-5.341190652867244815e-01 5.142709950762747867e-02 8.440387620513304379e-01 4.265908039296348875e+01 3.639411205607819000e-02 9.986219074690120268e-01 -3.781024721652054971e-02 5.649753460051942788e-01 -8.448198306254023349e-01 1.053122383297723508e-02 -5.352547476235717250e-01 6.260327974471178170e-01
-5.316055949096732958e-01 5.243937755933821693e-02 8.451529148099171662e-01 4.340848204703794977e+01 3.888326484270725192e-02 9.985397370616854174e-01 -3.751895278156697905e-02 5.223144039383750270e-01 -8.458867765728772525e-01 1.290741844468648765e-02 -5.328682041561014771e-01 1.567891256068834616e-01
-5.260273935912052057e-01 5.071961922884789253e-02 8.489084506585854450e-01 4.415914457431109952e+01 3.686033913087619768e-02 9.986422654307310909e-01 -3.678457833339327659e-02 4.784420630558746113e-01 -8.496214645011210820e-01 1.194151890335724830e-02 -5.271829837360407778e-01 -2.922088736626846650e-01
-5.183869293160617842e-01 5.003078353431036213e-02 8.536769242627914034e-01 4.494557393875216178e+01 3.529918698072439381e-02 9.986878265109416786e-01 -3.712788173886016896e-02 4.365264339030598406e-01 -8.544142673378152253e-01 1.089423858018607853e-02 -5.194726525087529634e-01 -7.653637485230023740e-01
-5.118175350251104039e-01 4.849232623778770845e-02 8.576754733217589743e-01 4.573735596468208087e+01 3.252956086575109484e-02 9.987832480276368496e-01 -3.708178306202235264e-02 3.909246110069237723e-01 -8.584304182562544350e-01 8.916542449622410008e-03 -5.127720803998350174e-01 -1.222576812999550455e+00
-5.038518848766936342e-01 4.728404679507958175e-02 8.624320456866106932e-01 4.653966925921987041e+01 3.006439959981756227e-02 9.988555273158349346e-01 -3.719795715642124079e-02 3.472990667142471510e-01 -8.632043706177073839e-01 7.175731590927425345e-03 -5.046966093771600992e-01 -1.666344962552048337e+00
-5.011471300426163511e-01 4.519177169999090415e-02 8.648581975235530850e-01 4.737410192197397407e+01 2.630012370321579279e-02 9.989702197054708410e-01 -3.699077317099170453e-02 3.006513307035392213e-01 -8.656382697218034661e-01 4.242985540291199266e-03 -5.018197003043338711e-01 -2.141182204412389822e+00
-4.988557302607517507e-01 4.197034399543645572e-02 8.651212028575918644e-01 4.821665967108047113e+01 2.107408568943485924e-02 9.991183400220944311e-01 -3.630169401703269710e-02 2.589090932042107385e-01 -8.658829188590446702e-01 9.773545465676165996e-05 -4.993002331667992233e-01 -2.606648246548817216e+00
-4.988878849523965542e-01 3.937968847373723991e-02 8.656843254125453635e-01 4.908726774710119400e+01 1.870963490708892063e-02 9.992235455858955451e-01 -3.468445445703050717e-02 2.078750527535436765e-01 -8.663779802045258327e-01 -1.102800002254067943e-03 -4.992372960419004801e-01 -3.093360689771807337e+00
-4.989601111068080463e-01 3.846404687254428856e-02 8.653536318598321619e-01 4.995301591945240460e+01 1.638486959996188902e-02 9.992543915104551422e-01 -3.495503584425128929e-02 1.638661004471508309e-01 -8.660533571860670188e-01 -3.275856749598080823e-03 -4.992180291352602550e-01 -3.588537245877480686e+00
-4.999139333257383022e-01 3.734896758860393323e-02 8.653228734743649841e-01 5.084171644014882929e+01 1.741699242900053221e-02 9.993013725707743378e-01 -3.306216424232014117e-02 1.138541990644263702e-01 -8.659535099456572294e-01 -1.464074297924490521e-03 -5.002152881563215470e-01 -4.070091037371517118e+00
-4.989182964767367445e-01 3.687542092053201076e-02 8.659094591639352467e-01 5.174127894959434570e+01 1.644475715734272994e-02 9.993173145348005493e-01 -3.308900614609099761e-02 6.690013021148008554e-02 -8.665385635388824781e-01 -2.265215903458068451e-03 -4.991840965836070731e-01 -4.590548195845677526e+00
-4.988766251741688640e-01 3.567431140265694273e-02 8.658210088245447134e-01 5.264224876455461555e+01 1.681828191598509770e-02 9.993626838678120183e-01 -3.148910361067586844e-02 1.994612523443023422e-02 -8.663927761738148270e-01 -1.154384081083578272e-03 -4.991585142428833222e-01 -5.103507269689148806e+00
-4.999078799694136044e-01 3.558475340929662112e-02 8.654875384382626491e-01 5.355696918342538737e+01 1.653827518969569477e-02 9.993657675385958505e-01 -3.152210535539596431e-02 -3.076725363415587500e-02 -8.660608263798876827e-01 -1.461254050549886481e-03 -5.001794017941884052e-01 -5.609956062939616572e+00
-4.989308602194147957e-01 3.376535302554022067e-02 8.659585365370011667e-01 5.447980730864213683e+01 1.429242307100419759e-02 9.994252569930283103e-01 -3.073985586846092813e-02 -7.962341430194133651e-02 -8.664988257433039465e-01 -2.963514556048642452e-03 -4.991267085945974014e-01 -6.126154787357693365e+00
-4.989208719087218080e-01 3.270113081447572484e-02 8.660787382691342851e-01 5.539835773102305438e+01 1.394166194281692972e-02 9.994609801424872986e-01 -2.972993798280223338e-02 -1.341868235147245236e-01 -8.665843104365933414e-01 -2.757372989647545892e-03 -4.991078384221352970e-01 -6.629189100778274835e+00
-4.989572923097423951e-01 3.200347097650924760e-02 8.660133875549379523e-01 5.632167428641204765e+01 1.258479980806117421e-02 9.994798414806602693e-01 -2.969453242774139010e-02 -1.849438215562216326e-01 -8.665135739790974512e-01 -3.923796867964607533e-03 -4.991003823465769429e-01 -7.136319861596152947e+00
-4.975538846278140803e-01 3.084629766034249071e-02 8.672498078465465943e-01 5.723921235407946995e+01 1.201025156931170845e-02 9.995167616956561751e-01 -2.868445877631468216e-02 -2.349469960455753403e-01 -8.677152259453633221e-01 -3.835811328925222731e-03 -4.976839490263840760e-01 -7.662800738199011974e+00
-4.946929300197319690e-01 2.838583725906565144e-02 8.691130331602597847e-01 5.816519478685050615e+01 1.233377700895088754e-02 9.995955290759332978e-01 -2.563258590312344695e-02 -2.897752106431581431e-01 -8.694887298411624332e-01 -1.935658061673848360e-03 -4.948432721690707026e-01 -8.158177696585761751e+00
-4.908277398963891147e-01 2.703240646844537812e-02 8.703273694586575182e-01 5.909688672655700969e+01 1.310394732649915184e-02 9.996343619118810420e-01 -2.364105712723722774e-02 -3.361028321067456304e-01 -8.706485999939413967e-01 -2.176442353922318756e-04 -4.910025358071484214e-01 -8.670619271202516742e+00
-4.908292119225250438e-01 2.689091835859028917e-02 8.711282782352252063e-01 6.000235704474832943e+01 1.298174812507034773e-02 9.996382554803654452e-01 -2.356135308938480874e-02 -3.845187802508066577e-01 -8.714467847510507514e-01 -2.491925535285449082e-04 -4.910007254197177873e-01 -9.174273478648114377e+00
-4.879993850032925962e-01 2.631120434323102122e-02 8.725310355276831853e-01 6.091422246597338130e+01 1.374939848345845678e-02 9.996533550229557141e-01 -2.244371696317233947e-02 -4.348128526708447406e-01 -8.728191925700575782e-01 1.039666490304404353e-03 -4.881920321153051523e-01 -9.679584578655344274e+00
-4.856038298492913463e-01 2.561900261114545899e-02 8.738441894263027088e-01 6.181221911790247248e+01 1.286443735633046974e-02 9.996716768203272041e-01 -2.215762498117256757e-02 -4.819629453958479415e-01 -8.741249831470454534e-01 4.788259508386838816e-04 -4.857739691309937990e-01 -1.015098454623717927e+01
-4.870409645122796283e-01 2.838033801898379518e-02 8.727202474152966349e-01 6.271816717243302008e+01 1.304888999816260740e-02 9.995966562213309814e-01 -2.522584096933876141e-02 -5.262491437309521070e-01 -8.730842302951077327e-01 -8.956714614721327612e-04 -4.872147769827940844e-01 -1.066530708148115281e+01
-4.895635461791145171e-01 2.963148252101136318e-02 8.718378357489413588e-01 6.358366843099626919e+01 1.071011185397057613e-02 9.995515771007160710e-01 -2.796561665859453524e-02 -5.783936557235277443e-01 -8.722755094921793573e-01 -4.345380587482701625e-03 -4.896613867393964092e-01 -1.114533268143371814e+01
-4.910327288805153567e-01 3.005698887370344269e-02 8.703426557015343512e-01 6.451452851651511367e+01 9.145493853567646450e-03 9.995270638959106169e-01 -2.934932265707514143e-02 -6.338058997458475563e-01 -8.708136671540899210e-01 -6.471529743018179272e-03 -4.910751458006888392e-01 -1.167755089240734989e+01
-4.989969308705570206e-01 2.897147585066001119e-02 8.661451389618289864e-01 6.539052463728091880e+01 9.777169180954637176e-03 9.995655844871833562e-01 -2.780680444490993622e-02 -6.741077425382209221e-01 -8.665743453823059328e-01 -5.396457062621051910e-03 -4.990634873244358394e-01 -1.215728069671602896e+01
-5.026619991446199531e-01 2.651515911996217209e-02 8.635567554549218316e-01 6.628560451074478976e+01 1.284197546920515416e-02 9.996480814826322892e-01 -2.320446658310913388e-02 -7.294759505372839792e-01 -8.638683345647799605e-01 -5.886557993514830028e-04 -5.028254897820125802e-01 -1.267886015828188384e+01
-5.079625769411280078e-01 2.414831273455551180e-02 8.606594916346825830e-01 6.715351540361970706e+01 9.420677920769029295e-03 9.997027860103377961e-01 -2.248684519219433173e-02 -7.751598620878690227e-01 -8.609467580026984868e-01 -3.320928320143015731e-03 -5.080390395783955793e-01 -1.317228006533654394e+01
-5.131966759087358554e-01 2.509004537054670622e-02 8.582632652456136935e-01 6.803039099136189805e+01 9.882687686047591374e-03 9.996792453319848226e-01 -2.332156974396094179e-02 -8.248251474382678472e-01 -8.585729893631425247e-01 -3.486612236231218225e-03 -5.132799832492376257e-01 -1.368603833684611892e+01
-5.184783237478672868e-01 2.810613462604349272e-02 8.546824042248946096e-01 6.888693111509617495e+01 1.041062202371929694e-02 9.995930243628022849e-01 -2.654639266871212933e-02 -8.681969239153229934e-01 -8.550810897834354440e-01 -4.887166124921028462e-03 -5.185600669975338750e-01 -1.419622407888025073e+01
-5.241562357433539043e-01 2.870467803062545092e-02 8.511622270259548984e-01 6.975352242432256844e+01 9.081992524171144526e-03 9.995633277351451129e-01 -2.813180887279780745e-02 -9.142257052472739787e-01 -8.515977253291701077e-01 -7.001218868446786731e-03 -5.241881293224185390e-01 -1.469644814302937519e+01
-5.266433126060442449e-01 2.824531954673553669e-02 8.495277651988478729e-01 7.060322148584072011e+01 7.690265515085597386e-03 9.995651878615828823e-01 -2.846398068570242176e-02 -9.650469601796366481e-01 -8.499623092890230547e-01 -8.459256985524282041e-03 -5.266316802672877939e-01 -1.521712038621133267e+01
-5.293991035827445568e-01 2.681727282103363308e-02 8.473675015483278505e-01 7.143726442922151421e+01 8.135644483209249558e-03 9.996143414898245316e-01 -2.654260781588814455e-02 -1.016381476295389996e+00 -8.477528626093526753e-01 -7.179330885413841463e-03 -5.294129617725890080e-01 -1.572858321575775342e+01
-5.330770806616359492e-01 2.045070753739343383e-02 8.455467933566923611e-01 7.227784378221078043e+01 9.434196965285314082e-03 9.997893345526072117e-01 -1.822861421354161904e-02 -1.059305380717725509e+00 -8.457413743174496679e-01 -1.743672529148650391e-03 -5.331578429565229094e-01 -1.625404911029346167e+01
-5.357847517254753500e-01 1.142626733393693923e-02 8.440138951901615672e-01 7.310860573152399411e+01 9.612591627138190528e-03 9.999260837981880368e-01 -7.430976990889995651e-03 -1.097267163038040838e+00 -8.440367472066245824e-01 4.129587703481712654e-03 -5.358548988528030188e-01 -1.678437476149649399e+01
-5.382335854211115489e-01 7.889155401150227745e-03 8.433865903755245474e-01 7.394944253828215608e+01 8.839962070435759475e-03 9.999539716567353853e-01 -3.713145890872689581e-03 -1.125972185243781842e+00 -8.433773083481775901e-01 5.456755699673027614e-03 -5.382786185430578074e-01 -1.731338999739520190e+01
-5.382440758966294814e-01 1.429726317412032162e-02 8.433087204724234454e-01 7.477192682773863908e+01 1.001323092536811343e-02 9.998939984211381304e-01 -1.056537686634202548e-02 -1.154814614346688195e+00 -8.433705752202469430e-01 2.762504316138799428e-03 -5.383302251444427311e-01 -1.783252535828464858e+01
-5.396817289310021915e-01 1.998007787646025740e-02 8.419878468194027521e-01 7.558434486557362675e+01 1.111589690541094078e-02 9.998002363634196366e-01 -1.660800863917601469e-02 -1.194115547006984857e+00 -8.421516979686535231e-01 4.033280675700926942e-04 -5.397961488241714845e-01 -1.836158968025713278e+01
-5.395763892178737642e-01 2.394817764922840125e-02 8.417310828796632505e-01 7.639714540607783988e+01 1.652714329663370132e-02 9.997040496549258748e-01 -1.783908646931349137e-02 -1.227199823099838660e+00 -8.419095837574893659e-01 4.280573067931351706e-03 -5.398125139908241943e-01 -1.888224045990572009e+01
-5.381001280272957876e-01 2.393383350425793907e-02 8.427120099757092753e-01 7.721994219538984794e+01 1.920990845719852680e-02 9.996852892921382905e-01 -1.612915786243027463e-02 -1.264556048949788902e+00 -8.428330845726151876e-01 7.508463121334686165e-03 -5.383906932434496806e-01 -1.941505331545626944e+01
-5.380824253835707616e-01 2.106435189871806724e-02 8.428188803535974216e-01 7.804309023001164292e+01 1.905197752420760213e-02 9.997361524324070992e-01 -1.282367717457601024e-02 -1.298529282831620613e+00 -8.428667627068656687e-01 9.157657228307275465e-03 -5.383417186679466671e-01 -1.993852823039190625e+01
-5.356640910893253338e-01 1.556347816251174229e-02 8.436554333228922786e-01 7.886450047840368427e+01 1.640272392443732630e-02 9.998332086390776530e-01 -8.015706382124640136e-03 -1.326428595093893437e+00 -8.436398080042046832e-01 9.540279675431645109e-03 -5.358299938238613169e-01 -2.045367570622805431e+01
-5.356843439002071383e-01 9.605451743565479247e-03 8.437273948713797100e-01 7.968306623330832394e+01 1.502586147380506436e-02 9.998854011188065272e-01 -1.835056578285681117e-03 -1.351286617161483905e+00 -8.436485188259789103e-01 1.169776413284934376e-02 -5.357673409214496196e-01 -2.096888491627579043e+01
-5.358468340628128601e-01 2.357233171439031185e-03 8.440168680708483029e-01 8.049594547799341626e+01 4.828512773163324244e-03 9.999883296698021118e-01 2.743134822451010445e-04 -1.376600084588306405e+00 -8.440063667545270043e-01 4.227022701645971776e-03 -5.358521417594857006e-01 -2.145384935564479889e+01
-5.345777705703607108e-01 -2.987820576683056749e-03 8.452730206586213102e-01 8.131759983503474132e+01 -3.145350368294220524e-03 9.999938357398000521e-01 1.546681993919774662e-03 -1.389710022349557983e+00 -8.452726273129389511e-01 -1.827408625167712504e-03 -5.345840367804622906e-01 -2.195281480679058106e+01
-5.317056268149098486e-01 -2.397190138769706227e-03 8.473644101059327749e-01 8.213041573217165592e+01 4.319942414664841752e-04 9.999951433384788313e-01 3.097749998861754495e-03 -1.409614034573396735e+00 -8.473678964875680508e-01 2.005248078961700733e-03 -5.317020636350799911e-01 -2.245998212474368927e+01
-5.291946207806494940e-01 4.088551163580222449e-04 8.487159465590412566e-01 8.293358959890335314e+01 4.635073004394002494e-03 9.999864250128114307e-01 2.408964373562611817e-03 -1.433392533661218993e+00 -8.487036222635566673e-01 5.211308470056504570e-03 -5.291893953462060152e-01 -2.296247023916170704e+01
-5.235634044262911235e-01 3.894277454045963829e-03 8.518821717582546471e-01 8.374766428942047014e+01 5.887199670032934595e-03 9.999822560082424205e-01 -9.551854732768035950e-04 -1.446901607481656971e+00 -8.518708673559350908e-01 4.509213512796580135e-03 -5.235772120632135040e-01 -2.346852182846181023e+01
-5.157909681961427850e-01 6.973067769121580120e-03 8.567675995288941415e-01 8.455913023892703961e+01 1.192399406700448382e-02 9.999284296861012944e-01 -9.598041285906485200e-04 -1.468888401025902901e+00 -8.567131975357188400e-01 9.721017945849856970e-03 -5.158372381394337181e-01 -2.395458372236115352e+01
-5.076660793290691531e-01 9.020580443225538134e-03 8.614552021178885077e-01 8.536994730179223723e+01 1.902787585638488627e-02 9.998187446244798382e-01 7.447256497181383491e-04 -1.489896600329588816e+00 -8.612925827734546624e-01 1.677044634240561216e-02 -5.077456576011661893e-01 -2.442720650349496125e+01
-4.972440418558078390e-01 8.566465880067507255e-03 8.669902716019298738e-01 8.619304363206714470e+01 1.715792803596098010e-02 9.998527683918752018e-01 -2.912101907293018372e-05 -1.515554433341194773e+00 -8.668629815777209036e-01 1.486546054234833512e-02 -4.973178308356127064e-01 -2.489519600129725418e+01
-4.879053786555768712e-01 5.098185960858240932e-03 8.733880419727062527e-01 8.702321185940074599e+01 1.277650147846733607e-02 9.999175104129330860e-01 1.296297433771964602e-03 -1.528174440421925961e+00 -8.733094780424186521e-01 1.178720278878164426e-02 -4.879303353496566298e-01 -2.533728448279991596e+01
-4.751083608940402936e-01 1.570855040811031328e-03 8.797300473390110565e-01 8.786128444894997358e+01 1.425658464113781047e-02 9.998808149432814041e-01 5.917774951305045800e-03 -1.545513641542277217e+00 -8.796160221130679968e-01 1.535700787321104578e-02 -4.750741310378426840e-01 -2.579044472221429629e+01
-4.633540237743125623e-01 4.926430275748539325e-04 8.857941285054857783e-01 8.870174007872614652e+01 1.415338211781527571e-02 9.998762772406050159e-01 6.852810677981447003e-03 -1.560493330341239604e+00 -8.856812987187149266e-01 1.571935883134497475e-02 -4.633035799986564007e-01 -2.621805053224052884e+01
-4.516165996493323731e-01 5.193350556830308187e-05 8.920187301244635325e-01 8.953491056311975171e+01 1.471595454023389218e-02 9.998643453598514697e-01 7.392077031175768066e-03 -1.564060477321141729e+00 -8.918974486525433898e-01 1.647086345936566235e-02 -4.515559882699521355e-01 -2.662799656245674385e+01
-4.402833307699008936e-01 5.574490622951766214e-04 8.980231679175978421e-01 9.038874595179447624e+01 1.803839709845092218e-02 9.998034449988961736e-01 8.221762303339999467e-03 -1.579950881001744856e+00 -8.978423387728690086e-01 1.981553642636825138e-02 -4.402069933870154661e-01 -2.704805838328585210e+01
