1.0 0.0 0.0 0.0 0.0 1.0 0.0 0.0 0.0 0.0 1.0 0.0
0.9971331 0.07566863 0.001238762 0.10083008 -0.07567291 0.99712604 0.003870933 0.14758301 -0.0009422818 -0.0039535733 0.9999917 0.012329102
0.9993046 0.037280567 0.00039294068 0.25756836 -0.037282042 0.99929273 0.004870828 -0.015136719 -0.00021106188 -0.004882093 0.9999881 -0.009887695
0.99798685 0.063359275 0.0023765913 0.42016602 -0.063372746 0.99797016 0.0060992003 -0.038330078 -0.0019851793 -0.0062375735 0.99997854 -0.005493164
0.9952758 0.09693653 0.0052223457 0.5932617 -0.096964754 0.99527186 0.00545034 -0.072143555 -0.004669277 -0.0059311967 0.9999715 0.00012207031
0.99086607 0.13465826 0.006535994 0.78808594 -0.13467775 0.99088144 0.002639915 -0.14245605 -0.006120887 -0.0034963952 0.99997514 -0.010620117
0.98482776 0.17334907 0.007986032 0.9904785 -0.17334686 0.98486 -0.0009729638 -0.1899414 -0.008033805 -0.00042632554 0.99996763 0.0030517578
0.9761825 0.21675634 0.008805133 1.1942139 -0.2167638 0.9762206 -0.00010920927 -0.28588867 -0.008619463 -0.0018024994 0.9999612 -0.012451172
0.9638568 0.26610434 0.012927028 1.4229736 -0.2661224 0.9639385 -0.00033302326 -0.35388184 -0.012549392 -0.0031193616 0.9999164 -0.005126953
0.94995123 0.31184402 0.018990178 1.6585693 -0.31183705 0.9501373 -0.0034024701 -0.47509766 -0.019103903 -0.0026906165 0.9998138 -0.022827148
0.93246734 0.36042655 0.024366722 1.8798828 -0.3602158 0.9327806 -0.0126965605 -0.59375 -0.027306022 0.0030620173 0.99962246 -0.010986328
0.9114367 0.41041702 0.028425183 2.1104736 -0.41002274 0.91186315 -0.018804953 -0.7402344 -0.033639155 0.0054858783 0.9994192 -0.010986328
0.8863968 0.461805 0.031726357 2.3660889 -0.4613555 0.8869568 -0.020706423 -0.9033203 -0.037702378 0.003713943 0.99928194 -0.020019531
0.85784835 0.5127391 0.03538763 2.591919 -0.51226693 0.8585776 -0.022015296 -1.0743408 -0.041668754 0.0007605478 0.9991312 -0.04272461
0.8256923 0.56272936 0.03756743 2.8409424 -0.5620754 0.8265454 -0.027160594 -1.2849121 -0.046337448 0.0013065133 0.99892503 -0.048950195
0.7897113 0.6122249 0.037705597 3.0561523 -0.6113579 0.7906064 -0.032687917 -1.5032959 -0.049824502 0.0027559195 0.99875396 -0.057128906
0.7521225 0.6579645 0.037203554 3.2841797 -0.65693873 0.7530352 -0.036874734 -1.7572021 -0.05227614 0.0032896176 0.99862695 -0.07312012
0.71295834 0.700364 0.03635098 3.538208 -0.6992244 0.7138781 -0.040057085 -2.022583 -0.0539973 0.003138043 0.9985356 -0.087402344
0.6703502 0.74112356 0.035353772 3.7424316 -0.73987716 0.671276 -0.043057837 -2.3105469 -0.055644374 0.0027113333 0.9984474 -0.103515625
0.6280669 0.77725834 0.037899602 3.982544 -0.7760368 0.6292064 -0.04360277 -2.642334 -0.05773643 -0.0020306967 0.99832946 -0.13562012
0.58581936 0.80955756 0.038416468 4.201538 -0.80840075 0.5870513 -0.04360759 -2.9766846 -0.057859816 -0.005502764 0.9983101 -0.15002441
0.5458423 0.83687884 0.040150505 4.425293 -0.83563656 0.5472545 -0.046321273 -3.3477783 -0.060745556 -0.008270351 0.9981192 -0.17675781
0.50707346 0.8609007 0.039783616 4.6463623 -0.8595901 0.508541 -0.04846271 -3.7504883 -0.061947454 -0.009629019 0.99803245 -0.19396973
0.4688121 0.8825107 0.04027705 4.8494873 -0.8813221 0.4703554 -0.047633022 -4.177002 -0.06097804 -0.013168229 0.99805206 -0.22131348
0.4333719 0.9002479 0.039327964 5.0478516 -0.8991433 0.43489468 -0.047029644 -4.63916 -0.05945237 -0.014986545 0.99811876 -0.25097656
0.39956915 0.9160109 0.03536389 5.251465 -0.9148969 0.40090293 -0.047142096 -5.132324 -0.05736408 -0.013514183 0.99826205 -0.27844238
0.36975756 0.9286269 0.03114379 5.43042 -0.9275963 0.37086976 -0.045401346 -5.647217 -0.053692944 -0.012098448 0.99848354 -0.30895996
0.34475207 0.9381681 0.028365975 5.630615 -0.93721193 0.34572712 -0.04387567 -6.1921387 -0.050974753 -0.011461029 0.9986341 -0.3416748
0.32369637 0.9457315 0.026123056 5.8186035 -0.94480073 0.3245739 -0.04329166 -6.774292 -0.04941804 -0.010677069 0.9987206 -0.37231445
0.30910322 0.95065546 0.024375986 6.0040283 -0.9496966 0.3099132 -0.043759637 -7.366455 -0.049162827 -0.0096222535 0.9987446 -0.40551758
0.29654455 0.9546322 0.023319405 6.202759 -0.9535954 0.2973297 -0.04535298 -7.9882812 -0.050231434 -0.008778017 0.99869925 -0.430542
0.28558403 0.957999 0.024560563 6.401367 -0.95690536 0.2864601 -0.04687048 -8.642456 -0.051931903 -0.01012743 0.9985987 -0.46520996
0.27503222 0.9609917 0.026857289 6.5963135 -0.95982945 0.2760641 -0.048833355 -9.313232 -0.054352522 -0.012346195 0.9984457 -0.50671387
0.26569033 0.96379006 0.02719081 6.8011475 -0.9625778 0.26676807 -0.050009735 -10.008667 -0.05543937 -0.012901264 0.99837774 -0.5460205
0.25502542 0.96642005 0.027880099 6.987549 -0.9650635 0.25619346 -0.052920774 -10.732056 -0.058296338 -0.013404111 0.99820966 -0.58154297
0.24429584 0.96924686 0.028776787 7.1811523 -0.96778935 0.24556339 -0.05506222 -11.472534 -0.06042435 -0.014400469 0.9980683 -0.6221924
0.23421502 0.9717833 0.029024258 7.36499 -0.97029006 0.23552567 -0.055918023 -12.238647 -0.06116988 -0.015070675 0.9980132 -0.66186523
0.22326207 0.97426945 0.03032283 7.5496826 -0.97258335 0.22472896 -0.059546236 -13.018066 -0.064821795 -0.01619613 0.9977651 -0.70654297
0.2115898 0.97676796 0.033108838 7.7266846 -0.97492445 0.2133239 -0.06292868 -13.80542 -0.06850556 -0.018966371 0.9974692 -0.75634766
0.19940524 0.9794428 0.03297202 7.8963623 -0.9773854 0.20121683 -0.06622611 -14.598511 -0.07149767 -0.019033441 0.99725884 -0.79919434
0.18583995 0.9820545 0.033964533 8.05957 -0.9798396 0.1878092 -0.06901643 -15.415283 -0.07414329 -0.020469785 0.99703646 -0.85058594
0.17180453 0.9845448 0.033210304 8.196167 -0.9823401 0.17374928 -0.06903804 -16.223022 -0.07375038 -0.020777334 0.9970602 -0.892334
0.15819973 0.98690987 0.033371724 8.332397 -0.9847549 0.16018105 -0.068775125 -17.040405 -0.0732232 -0.022001283 0.99707264 -0.9473877
0.14267921 0.98924327 0.033416715 8.450928 -0.9872216 0.14466405 -0.06738678 -17.863037 -0.07150182 -0.023376195 0.99716693 -0.99121094
0.1212566 0.9919871 0.0349424 8.555786 -0.99011004 0.12336923 -0.06652321 -18.687744 -0.07030317 -0.026510876 0.9971739 -1.0401611
0.095681414 0.99471015 0.037961576 8.642822 -0.9930516 0.09802161 -0.06547622 -19.52002 -0.06882256 -0.03144277 0.9971316 -1.090332
0.0652495 0.99705875 0.0401608 8.703735 -0.9955314 0.06779605 -0.06572135 -20.359741 -0.0682377 -0.035677917 0.99703044 -1.1376953
0.031249758 0.9986701 0.040837895 8.738037 -0.9972755 0.0338794 -0.06542684 -21.216064 -0.066729754 -0.038643606 0.99702334 -1.1832275
-0.0024797935 0.9992067 0.03974289 8.734619 -0.997846 0.00013142865 -0.065586686 -22.06482 -0.06555601 -0.0398081 0.9970555 -1.2260742
-0.03738345 0.9985097 0.039487775 8.706787 -0.99726194 -0.034760606 -0.06509972 -22.93274 -0.063628085 -0.041846946 0.9970954 -1.2664795
-0.070086226 0.9967328 0.039817408 8.654053 -0.9956871 -0.06747794 -0.06347652 -23.782593 -0.060570527 -0.04407267 0.9971899 -1.3028564
-0.10366535 0.9937888 0.04063552 8.570923 -0.9930583 -0.10112762 -0.06018608 -24.64502 -0.05569813 -0.046604276 0.9973591 -1.3505859
-0.13534032 0.99015605 0.03673524 8.454102 -0.9895185 -0.13315654 -0.056531787 -25.51184 -0.051106915 -0.04398891 0.997725 -1.3878174
-0.16583477 0.985629 0.03219146 8.307617 -0.9851304 -0.16408682 -0.050934307 -26.353271 -0.044931293 -0.040178206 0.9981822 -1.4158936
-0.1966212 0.9802598 0.024776474 8.133179 -0.97980005 -0.19540107 -0.04463934 -27.210083 -0.03892336 -0.03303996 0.99869615 -1.4401855
-0.22267236 0.9745759 0.019974915 7.930176 -0.97419125 -0.22177838 -0.039321985 -28.039673 -0.033885054 -0.028223453 0.99902683 -1.4581299
-0.25116467 0.96796143 0.011388802 7.70459 -0.967557 -0.25065815 -0.03414385 -28.87378 -0.030206487 -0.019594055 0.9993519 -1.4779053
-0.27907684 0.96022356 0.007113129 7.4648438 -0.9600363 -0.2788509 -0.023155317 -29.697144 -0.020250982 -0.013296092 0.99970645 -1.4852295
-0.3014655 0.9534575 0.0072577484 7.209839 -0.9534663 -0.30140328 -0.0085505955 -30.503906 -0.005963642 -0.009495607 0.9999371 -1.4846191
-0.32619047 0.9451731 0.011956272 6.937378 -0.9451743 -0.32629728 0.008417681 -31.294556 0.011858914 -0.008553676 0.99989307 -1.479248
-0.35187924 0.9356805 0.018009452 6.6514893 -0.93543947 -0.35223055 0.022969283 -32.090332 0.02783826 -0.008751873 0.9995739 -1.4700928
-0.37412155 0.92709404 0.019462934 6.3409424 -0.9265016 -0.37458727 0.033583574 -32.874878 0.038421076 -0.00545926 0.99924636 -1.4376221
-0.4006231 0.91589344 0.01879226 6.006592 -0.91509837 -0.40105888 0.03819281 -33.66577 0.04252693 -0.0018808506 0.99909335 -1.3908691
-0.4237501 0.90553635 0.016771007 5.6518555 -0.9047909 -0.424081 0.036749184 -34.440063 0.04036428 0.00040244916 0.9991843 -1.3479004
-0.4429481 0.89687073 0.011508292 5.276245 -0.89626646 -0.44307607 0.033215284 -35.20752 0.034877326 0.0043798974 0.9993822 -1.3082275
-0.46369794 0.8862205 0.002776282 4.8789062 -0.8857472 -0.46354857 0.031381108 -35.953125 0.029094959 0.012090464 0.9995037 -1.2653809
-0.4755324 0.8792681 -0.00092254765 4.468872 -0.8788303 -0.47526172 0.03206881 -36.69934 0.027766675 0.01607797 0.999485 -1.2203369
-0.48601648 0.8735422 -0.0010759924 4.060791 -0.87301457 -0.48567903 0.035377096 -37.425293 0.030374834 0.018137382 0.9993736 -1.1850586
-0.49652004 0.8678667 -0.0015730187 3.6652832 -0.8672701 -0.4961094 0.038023658 -38.124146 0.032211803 0.02024784 0.99927574 -1.1431885
-0.5057969 0.8626545 0.005922364 3.2548828 -0.86196184 -0.5056464 0.03716639 -38.833252 0.035078432 0.013702193 0.99929106 -1.1049805
-0.5175873 0.85565424 0.0072609866 2.8493652 -0.8550231 -0.51750207 0.034935366 -39.52112 0.033657964 0.0118810125 0.999363 -1.0738525
-0.5242918 0.8512813 0.005978017 2.4106445 -0.85060656 -0.5241343 0.03673201 -40.233887 0.034416478 0.014183821 0.999307 -1.0344238
-0.5310634 0.8467758 0.0038482065 1.9682617 -0.8460229 -0.53077275 0.03996625 -40.939087 0.035904426 0.017997993 0.9991932 -0.98864746
-0.5364036 0.844324 0.0046532643 1.5245361 -0.84343404 -0.5360772 0.04328568 -41.650146 0.03903801 0.01927622 0.9990522 -0.9638672
-0.535011 0.8450162 0.0063090324 1.0595703 -0.8440432 -0.5347278 0.044571064 -42.37671 0.04102326 0.018502332 0.9989869 -0.9256592
-0.5326419 0.8461187 0.0039276346 0.58825684 -0.845148 -0.53224266 0.045615487 -43.125122 0.040711798 0.021005586 0.9989505 -0.88586426
-0.5269555 0.8498324 0.004884079 0.13635254 -0.8489085 -0.52663463 0.043962657 -43.874146 0.03990717 0.019004207 0.999022 -0.84484863
-0.51923645 0.8546067 0.0059188176 -0.3404541 -0.85368365 -0.51897657 0.043364167 -44.658447 0.040159393 0.017472757 0.99904126 -0.8062744
-0.51252365 0.8585889 0.007882889 -0.8009033 -0.85769147 -0.5123729 0.041900493 -45.448486 0.040032983 0.014729755 0.9990902 -0.7640381
-0.5044365 0.8633328 0.009607757 -1.2484131 -0.8624563 -0.5043782 0.040783726 -46.24878 0.04005426 0.012297381 0.9991217 -0.723999
-0.5015421 0.8657184 0.0125378985 -1.7252197 -0.8648944 -0.50162643 0.038723152 -47.08203 0.03980243 0.0085391775 0.9991719 -0.6809082
-0.49900046 0.86589557 0.016663203 -2.192505 -0.865173 -0.49926707 0.03551379 -47.924194 0.03908586 0.00333094 0.9992299 -0.6427002
-0.4989404 0.8663655 0.017863039 -2.68042 -0.86574 -0.4992592 0.032923806 -48.79431 0.037459906 0.0009655338 0.999298 -0.5949707
-0.49890533 0.86600816 0.020031556 -3.1767578 -0.8654176 -0.4993053 0.032001514 -49.659668 0.037728745 -0.0013580685 0.9992869 -0.5548096
-0.4999267 0.86592966 0.01822394 -3.6594238 -0.8653788 -0.5002583 0.03088138 -50.547974 0.03584497 -0.0003300514 0.99935716 -0.5081787
-0.4988902 0.8665019 0.019022219 -4.1815186 -0.86596864 -0.4992511 0.030418184 -51.446777 0.035858642 -0.0012980811 0.9993562 -0.4650879
-0.4988823 0.8663676 0.017908283 -4.695923 -0.86587507 -0.4992027 0.029218474 -52.34729 0.03426038 -0.0009207651 0.99941254 -0.4215088
-0.49990094 0.8660313 0.01821891 -5.203369 -0.86554253 -0.5002309 0.0291179 -53.261597 0.034302164 -0.0012069613 0.99941033 -0.37487793
-0.49884373 0.86644256 0.019714681 -5.7211914 -0.86601907 -0.49922115 0.027306493 -54.183838 0.033505414 -0.0034464584 0.99943256 -0.32983398
-0.49883282 0.86652744 0.0195074 -6.225586 -0.86613804 -0.49919972 0.026243279 -55.10193 0.032494016 -0.003796068 0.9994648 -0.27905273
-0.49881807 0.86643845 0.020671874 -6.734009 -0.866077 -0.49921957 0.025542792 -56.02478 0.032456607 -0.0051526274 0.9994598 -0.23242188
-0.4974089 0.8676371 0.020582493 -7.262329 -0.86731267 -0.49780226 0.02440488 -56.941406 0.03142659 -0.005722017 0.9994901 -0.18603516
-0.49460062 0.86942816 0.01867444 -7.760132 -0.869167 -0.4949242 0.021982362 -57.866455 0.0283426 -0.0053820433 0.99958414 -0.13439941
-0.4907842 0.8706071 0.016938867 -8.275391 -0.8703737 -0.4910545 0.020670677 -58.79724 0.026318239 -0.0045850566 0.9996428 -0.091552734
-0.4907827 0.8714042 0.016976587 -8.7803955 -0.8711749 -0.49105385 0.020534296 -59.701904 0.02623187 -0.004712307 0.9996449 -0.04711914
-0.48798978 0.87279207 0.015679782 -9.288086 -0.8725721 -0.4882257 0.019988606 -60.612793 0.02508637 -0.003928968 0.9996774 -0.00048828125
-0.48557007 0.87408763 0.016234221 -9.761597 -0.8738873 -0.48581758 0.019323146 -61.509888 0.024772469 -0.004802584 0.99968153 0.04260254
-0.48698184 0.8730369 0.017614095 -10.276733 -0.8727703 -0.48727843 0.022063654 -62.415405 0.02785878 -0.0046280166 0.9996012 0.08190918
-0.4893881 0.872185 0.021074679 -10.756958 -0.87190217 -0.48979214 0.023283089 -63.28064 0.03061659 -0.006986143 0.9995069 0.12927246
-0.490779 0.87069577 0.023198549 -11.289917 -0.8704156 -0.49125206 0.02368357 -64.211426 0.03201826 -0.008555195 0.99945027 0.18017578
-0.49878407 0.8664691 0.022139529 -11.768433 -0.8662133 -0.49921206 0.022508333 -65.08838 0.030562842 -0.007957732 0.9995013 0.21704102
-0.5026071 0.86382186 0.017331015 -12.290405 -0.86360395 -0.5028817 0.020013522 -65.98401 0.026012383 -0.004897611 0.9996494 0.2701416
-0.5078075 0.8608559 0.020069154 -12.783203 -0.8607168 -0.50813526 0.01758024 -66.85254 0.025345694 -0.008341198 0.9996439 0.31225586
-0.5130417 0.8584836 0.020251265 -13.296509 -0.8583216 -0.51338035 0.01846412 -67.729614 0.026234364 -0.007907355 0.9996246 0.35791016
-0.51829135 0.8549837 0.021662751 -13.806152 -0.85474765 -0.5186903 0.02141251 -68.58655 0.029522514 -0.0074046105 0.9995363 0.39660645
-0.52389514 0.85147446 0.023785854 -14.305664 -0.85123694 -0.52436197 0.021939062 -69.453735 0.03116991 -0.008758813 0.9994761 0.4383545
-0.526327 0.84981817 0.025245521 -14.82666 -0.8496084 -0.52683395 0.021446586 -70.30347 0.031528395 -0.010160351 0.99945116 0.4855957
-0.529129 0.847622 0.0239637 -15.338501 -0.84744215 -0.5295816 0.01998426 -71.13782 0.029643714 -0.00971978 0.9995129 0.5341797
-0.5329633 0.8456629 0.018526258 -15.86438 -0.8455959 -0.5332184 0.013584726 -71.97888 0.021372732 -0.008424185 0.9997361 0.5765381
-0.5357687 0.8440069 0.0126417875 -16.395508 -0.84403473 -0.5358546 0.0045382674 -72.81018 0.010606736 -0.008237885 0.9999097 0.61486816
-0.5382251 0.8433531 0.011318846 -16.92517 -0.8434006 -0.53826857 0.0009797101 -73.65076 0.0069085644 -0.009019242 0.99993545 0.6414795
-0.5382146 0.8433322 0.01402446 -17.445435 -0.84333634 -0.5383401 0.007382568 -74.472046 0.013763246 -0.00785828 0.9998744 0.6647949
-0.53962576 0.84210134 0.016392894 -17.975098 -0.8420274 -0.53983235 0.013041488 -75.28381 0.01982719 -0.0067697866 0.9997805 0.6989746
-0.53965914 0.8419257 0.012521081 -18.497314 -0.8417547 -0.5398026 0.017015912 -76.0957 0.021070149 -0.0013585058 0.9997769 0.7285156
-0.53826946 0.8428927 0.009291722 -19.032104 -0.8427217 -0.5383479 0.017025528 -76.91748 0.019348236 0.0013329955 0.9998118 0.76330566
-0.5382528 0.84293866 0.0076377383 -19.557007 -0.8428206 -0.53830576 0.01415954 -77.74011 0.016041785 0.0011806618 0.99987054 0.795166
-0.535775 0.84369767 0.0072355648 -20.07434 -0.84365404 -0.5358219 0.0086838715 -78.56091 0.011206603 -0.0014456622 0.99993604 0.82141113
-0.5357666 0.84371483 0.005067367 -20.591064 -0.84371495 -0.5357831 0.002729912 -79.37915 0.0050229984 -0.0028116105 0.99998343 0.8450928
-0.5358167 0.8439464 0.012527728 -21.076782 -0.8440345 -0.53580517 -0.0045308718 -80.19177 0.0028930376 -0.013007855 0.99991125 0.8676758
-0.5345178 0.8451123 0.01857342 -21.577148 -0.84531486 -0.5344289 -0.009867624 -81.01257 0.0015871224 -0.020976095 0.99977875 0.8778076
-0.5316708 0.84726167 0.014740605 -22.086914 -0.8473897 -0.5315906 -0.009233769 -81.82385 7.5004064e-06 -0.017386967 0.99984884 0.89501953
-0.5291745 0.84865046 0.011534605 -22.591797 -0.8487284 -0.5291362 -0.0063933693 -82.62561 0.000677099 -0.013174219 0.9999131 0.9154053
-0.52353615 0.85182023 0.012232147 -23.101074 -0.85189867 -0.5235434 -0.00284353 -83.4375 0.0039815768 -0.01190362 0.9999212 0.92456055
-0.5158302 0.8567438 0.0070152516 -23.59143 -0.8567635 -0.5158449 0.0003386878 -84.24634 0.003907941 -0.005836207 0.9999753 0.9432373
-0.5077958 0.86142623 -4.5673456e-05 -24.068604 -0.8614234 -0.50779414 0.0024948835 -85.05469 0.0021262453 0.0013062495 0.99999696 0.9614258
-0.49735102 0.8669694 0.0018356817 -24.54126 -0.8669668 -0.4973541 0.0021570441 -85.875244 0.0027845239 -0.0005172692 0.999996 0.98327637
-0.48795256 0.87336284 0.004898573 -24.98767 -0.8733756 -0.4879529 -0.0012001407 -86.70276 0.0013388197 -0.0048626484 0.99998724 0.9925537
-0.47515008 0.87970805 0.0012899773 -25.446777 -0.8797023 -0.47514027 -0.0045766192 -87.53821 -0.0034142158 -0.003311854 0.9999887 1.0076904
-0.46338844 0.88577586 0.0008982058 -25.87976 -0.88576496 -0.4633772 -0.005520145 -88.37598 -0.004474556 -0.0033579445 0.9999843 1.019043
-0.45164973 0.892002 0.000119828386 -26.295166 -0.89198714 -0.45164153 -0.00582458 -89.2063 -0.005139062 -0.002740149 0.999983 1.0187988
-0.44032833 0.8979956 -0.0032495237 -26.720703 -0.89798075 -0.44033977 -0.0051826704 -90.05737 -0.0060846405 0.000636502 0.9999812 1.0308838
-0.4272594 0.9040056 -0.0016245514 -27.11853 -0.90400493 -0.42726156 -0.0013771986 -90.90442 -0.0019380196 0.00087927876 0.99999774 1.0401611
-0.41604075 0.9090123 -9.25638e-05 -27.50586 -0.9089806 -0.41602537 0.008381016 -91.74805 0.007578139 0.0035762643 0.9999649 1.0491943
-0.4027795 0.91545635 0.0025882672 -27.87976 -0.91537094 -0.40277818 0.012806436 -92.588745 0.012767343 0.0027813672 0.99991465 1.0689697
-0.39324543 0.91963124 0.0028023939 -28.229614 -0.91956997 -0.39325207 0.010730179 -93.44678 0.010967258 0.0016391508 0.99993855 1.0809326
-0.3790666 0.9251006 0.001335103 -28.582886 -0.9250764 -0.37906662 0.0068298685 -94.309326 0.0068269405 0.0013568103 0.9999758 1.1044922
-0.37028396 0.929023 0.0052688704 -28.91455 -0.92899543 -0.3703153 0.0074646175 -95.16492 0.008885838 -0.002133846 0.9999583 1.1242676
-0.3628973 0.9316131 0.011800446 -29.226562 -0.931563 -0.3630268 0.011758968 -96.03235 0.015244368 -0.006721004 0.9998612 1.1467285
-0.35621062 0.9339899 0.019643182 -29.551514 -0.93390954 -0.35654345 0.017274404 -96.89758 0.023148134 -0.0121888565 0.99965763 1.1671143
-0.3525257 0.9352463 0.025104223 -29.873169 -0.9352517 -0.35298795 0.017133998 -97.77832 0.02490576 -0.01743305 0.9995377 1.2056885
-0.3497907 0.93653107 0.025989963 -30.185913 -0.9365476 -0.35027924 0.017380673 -98.654785 0.025373897 -0.018260572 0.99951124 1.243042
-0.34449732 0.93814003 0.029141307 -30.499023 -0.9382289 -0.3450615 0.017111782 -99.53491 0.026115974 -0.02143566 0.9994287 1.2779541
-0.337856 0.94059867 0.028163813 -30.810303 -0.94075614 -0.33831897 0.013568195 -100.42175 0.022311 -0.021915482 0.9995109 1.3098145
-0.3335197 0.9424864 0.025950007 -31.120972 -0.94265676 -0.33387503 0.010723939 -101.289185 0.018760784 -0.020883905 0.9996059 1.3347168
-0.32692078 0.944707 0.02650219 -31.420532 -0.944961 -0.32719418 0.006619963 -102.179565 0.014926734 -0.022884145 0.9996268 1.3723145
-0.3219571 0.94627064 0.031630017 -31.704712 -0.9466721 -0.32228136 0.0056168083 -103.0564 0.015500537 -0.02814006 0.999484 1.3922119
-0.3147401 0.94839025 0.040714614 -31.972778 -0.94906425 -0.31526387 0.0069913063 -103.91846 0.019463426 -0.03643749 0.9991464 1.4135742
-0.30879393 0.95035 0.040810987 -32.24597 -0.9509801 -0.30940464 0.009464726 -104.78174 0.021604855 -0.035891224 0.9991224 1.449585
-0.3014764 0.9529157 0.037798632 -32.52307 -0.9533759 -0.3021245 0.012675548 -105.642334 0.023485376 -0.03222472 0.9992051 1.4882812
-0.2949495 0.9548539 0.039776824 -32.7948 -0.95542943 -0.29557315 0.010703663 -106.52734 0.021969529 -0.03484998 0.9991513 1.5213623
-0.28780204 0.95693845 0.040588398 -33.04895 -0.95764506 -0.28825593 0.0056861723 -107.392944 0.017133439 -0.037215408 0.9991602 1.5527344
-0.28038025 0.95902735 0.038722765 -33.30078 -0.95970917 -0.28070426 0.0030883807 -108.276855 0.013842188 -0.036309782 0.9992449 1.5847168
-0.2731986 0.9609639 0.04282124 -33.539917 -0.9617661 -0.27367437 0.0055662766 -109.14746 0.017060094 -0.03967475 0.99906737 1.611084
-0.26731223 0.96245456 0.043563265 -33.7782 -0.9632163 -0.26795152 0.009432287 -110.02014 0.020780817 -0.039441057 0.99900556 1.6340332
-0.2601558 0.9645272 0.04394203 -34.001343 -0.9653115 -0.26079068 0.009282023 -110.884766 0.020422721 -0.039989002 0.9989909 1.6551514
-0.25370488 0.96619415 0.045543607 -34.224487 -0.9670575 -0.25434747 0.008830218 -111.77283 0.020099098 -0.041808486 0.9989237 1.690918
-0.24495457 0.96877366 0.03987409 -34.445435 -0.9694284 -0.24546589 0.008402308 -112.65088 0.01793005 -0.03660591 0.99916923 1.71521
-0.23690283 0.9707666 0.036274984 -34.664185 -0.9712759 -0.23739219 0.009764687 -113.531006 0.018107679 -0.032927558 0.9992937 1.7449951
-0.22912326 0.9727788 0.034534037 -34.880737 -0.97323126 -0.22958551 0.010019577 -114.42236 0.01767465 -0.031313956 0.9993533 1.7764893
-0.22257401 0.9740308 0.0407775 -35.069336 -0.9747227 -0.22310485 0.008896132 -115.31262 0.017784614 -0.037774324 0.9991279 1.7988281
-0.21559 0.97550476 0.045248076 -35.26367 -0.9764016 -0.21614254 0.007638599 -116.21533 0.017230218 -0.042531103 0.99894655 1.8292236
-0.21047533 0.97666526 0.040993087 -35.45764 -0.9773923 -0.21095371 0.007650783 -117.12573 0.0161396 -0.0384512 0.99912965 1.8592529
-0.20627868 0.977839 0.039679892 -35.652588 -0.9785182 -0.20673178 0.0076475665 -118.01245 0.015657103 -0.03724858 0.9991836 1.8831787
-0.2012061 0.97883224 0.038566448 -35.835938 -0.9794531 -0.20168468 0.008908601 -118.91467 0.016497279 -0.0359831 0.9992162 1.9117432
-0.19481196 0.9804267 0.033050977 -36.042725 -0.9808843 -0.19516122 0.0076731797 -119.803955 0.013961634 -0.030927615 0.9994243 1.9353027
-0.18756579 0.9817943 0.0252694 -36.23706 -0.982064 -0.18776655 0.005793257 -120.70349 0.010441587 -0.023730217 0.9996638 1.9620361
-0.18472157 0.9825688 0.02280333 -36.394165 -0.98279214 -0.18487693 0.0048839548 -121.60254 0.009013919 -0.021514598 0.9997281 1.9831543
-0.17905724 0.9834881 0.023971455 -36.553223 -0.98372376 -0.17925479 0.006336716 -122.495605 0.010538864 -0.022447217 0.9996925 1.9980469
-0.17556773 0.98414123 0.026140612 -36.704956 -0.9843964 -0.17585208 0.008987937 -123.384766 0.013434336 -0.024147632 0.99961805 2.010376
-0.17558157 0.98420453 0.026886381 -36.85669 -0.984492 -0.17584908 0.007926801 -124.26489 0.012516189 -0.025082065 0.9996072 2.03479
-0.17344199 0.9844514 0.028107688 -37.005737 -0.984792 -0.17367724 0.006138912 -125.14392 0.010924383 -0.026616452 0.99958605 2.0489502
-0.1728071 0.9847061 0.024922386 -37.15869 -0.9850045 -0.17289652 0.0014743381 -126.03833 0.00574485 -0.02429337 0.99968857 2.0708008
-0.17070796 0.9849555 0.025251927 -37.308228 -0.98527867 -0.17068066 -0.0032475586 -126.903076 0.001117643 -0.025436876 0.99967575 2.0871582
-0.17008436 0.98515713 0.024226913 -37.456787 -0.9854527 -0.16998085 -0.006283886 -127.79028 -0.002071967 -0.02493906 0.9996868 2.1032715
-0.17002441 0.9851506 0.025149617 -37.601074 -0.98546696 -0.17004488 -0.0013358644 -128.65332 0.002960755 -0.025009425 0.99968284 2.1081543
-0.1678114 0.98544854 0.025458999 -37.745605 -0.98574865 -0.16794716 0.0032767882 -129.51965 0.0075051794 -0.024546124 0.99967057 2.126587
-0.16785586 0.98539233 0.027819479 -37.893555 -0.98576564 -0.16796122 0.0014809938 -130.38757 0.0061274096 -0.02717252 0.99961203 2.1376953
-0.16852961 0.9852999 0.028765917 -38.028076 -0.98570275 -0.16862485 0.0009048227 -131.24414 0.0057326453 -0.028199252 0.9995859 2.151123
-0.16716944 0.9856752 0.024191018 -38.179565 -0.98595923 -0.16724159 0.00097189564 -132.10022 0.005008963 -0.023685401 0.9997069 2.1694336
-0.16716065 0.9856144 0.025895474 -38.317627 -0.985926 -0.16729747 0.0031970325 -132.96448 0.007476532 -0.024991993 0.9996597 2.1936035
-0.16507399 0.98570156 0.035502687 -38.44983 -0.98627466 -0.1653714 0.0055898908 -133.81848 0.011374441 -0.0340806 0.99935424 2.2004395
-0.16510916 0.98544455 0.040506534 -38.577393 -0.9861763 -0.16553915 0.0074722148 -134.67236 0.014074661 -0.0387124 0.99915123 2.2181396
-0.1657386 0.9853492 0.040667277 -38.705444 -0.9860596 -0.16624165 0.009300034 -135.51807 0.015913337 -0.038561903 0.99912965 2.2427979
-0.16568744 0.98550373 0.037742708 -38.851685 -0.9860844 -0.16619098 0.010602819 -136.39099 0.016712883 -0.03545682 0.99923146 2.2780762
-0.16354358 0.98570585 0.03951676 -38.976807 -0.9863442 -0.16409361 0.01108071 -137.20728 0.017407432 -0.037171215 0.9991574 2.2976074
-0.16217983 0.9863045 0.031833425 -39.12744 -0.9867147 -0.16254544 0.009243774 -138.0719 0.014288216 -0.029916 0.9994505 2.3239746
-0.16000497 0.9867989 0.025229791 -39.262085 -0.9870739 -0.16019571 0.005719308 -138.90894 0.009679969 -0.023987468 0.99966544 2.3533936
-0.15718804 0.9874658 0.01882661 -39.397583 -0.9876355 -0.15724301 0.0014709616 -139.73804 0.0044057705 -0.018365167 0.9998218 2.3740234
-0.15370011 0.98805565 0.014239393 -39.528564 -0.9881502 -0.15374148 0.001852762 -140.56885 0.004015917 -0.013782663 0.999897 2.3883057
-0.14939284 0.98870426 0.014840851 -39.644897 -0.9887893 -0.1494819 0.005078145 -141.38647 0.007238091 -0.01391992 0.999877 2.4140625
-0.14164901 0.9898628 0.012639601 -39.766113 -0.9898823 -0.1417707 0.009316774 -142.21582 0.011014985 -0.011189064 0.99987674 2.4151611
-0.13329779 0.9910608 0.009765503 -39.882324 -0.9910189 -0.13341187 0.012153104 -143.06128 0.013344337 -0.008053946 0.99987847 2.4195557
-0.122016564 0.9924088 0.008148774 -39.983032 -0.9923952 -0.122086644 0.008736414 -143.86682 0.009666382 -0.0070207715 0.9999286 2.44104
-0.11097038 0.9938268 0.0022561895 -40.07141 -0.99381196 -0.110981435 0.005666979 -144.65405 0.0058809454 -0.0016123862 0.9999814 2.468628
-0.095615275 0.99539995 -0.0021011112 -40.16382 -0.9953764 -0.09559737 0.007401898 -145.54272 0.0071702343 0.0028007384 0.9999704 2.5010986
-0.083235405 0.9965238 -0.0017456934 -40.218994 -0.99649245 -0.083218336 0.008270731 -146.25244 0.008094659 0.0024278406 0.9999643 2.5164795
-0.069490805 0.99756813 -0.0053480454 -40.279053 -0.9975586 -0.06945084 0.0073092394 -147.11304 0.0069234725 0.005843086 0.99995893 2.5350342
-0.055234093 0.99840885 -0.009304631 -40.31909 -0.99840456 -0.055138104 0.010279741 -147.86218 0.009747734 0.009857245 0.99990386 2.548462
-0.04229534 0.99908024 -0.006208582 -40.34326 -0.9989806 -0.042193655 0.015689287 -148.67163 0.015415184 0.006867866 0.9998576 2.574463
-0.028797753 0.9995794 0.001472042 -40.356445 -0.9992671 -0.02882564 0.024989367 -149.44409 0.025028318 -0.0007524146 0.99968654 2.5947266
-0.013975142 0.9998561 0.009172803 -40.351685 -0.99931705 -0.0142792445 0.03395199 -150.22058 0.03408904 -0.008685775 0.999381 2.6219482
