1.000000000000000000e+00 4.398956837314658088e-19 2.733407509747682871e-20 -8.673617379884035472e-19 -5.583667658079949532e-19 1.000000000000000000e+00 -6.100159232558060012e-19 0.000000000000000000e+00 4.145284534913582806e-20 -2.210423569125054137e-19 1.000000000000000222e+00 0.000000000000000000e+00
9.998945141904072020e-01 2.571898068678360612e-04 1.452220236724713169e-02 -9.490581109991368114e-02 -2.529452182803893943e-04 9.999999247566397909e-01 -2.941189575445540697e-04 -7.995426789940085488e-03 -1.452227717069298762e-02 2.904146264566800028e-04 9.998945039894610032e-01 2.114741212513499002e-02
9.995864251871313666e-01 1.495312568222358649e-03 2.871833291076217667e-02 -9.999922281773974964e-02 -1.483607432205386566e-03 9.999988074827202977e-01 -4.288880707943712239e-04 -1.429293402593656559e-02 -2.871894048315509415e-02 3.861039904575451357e-04 9.995874515794713755e-01 -4.716956025171115119e-02
9.986598056329045736e-01 1.998116343835170707e-03 5.171653668601988718e-02 -1.497884966055872402e-01 -2.028838868219713827e-03 9.999977952594560904e-01 5.415650868564314806e-04 -2.306941378195971615e-02 -5.171534144948464196e-02 -6.457637634844165747e-04 9.986616576307439930e-01 -6.529143657349378849e-02
9.963909332947933351e-01 1.965477164969675269e-03 8.486014929166540988e-02 -5.273515231335244857e-02 -2.217839747230374026e-03 9.999933942563523637e-01 2.879693380856775380e-03 -2.281547811055455177e-02 -8.485393022233543581e-02 -3.057506538001216259e-03 9.963887103865546324e-01 1.011655617134656349e-01
9.922681244264136557e-01 -5.455805781147044821e-04 1.241115284587281375e-01 4.008698895287177155e-02 -5.049785762972059224e-05 9.999884807323891067e-01 4.799567831173122759e-03 -2.112284217209685344e-02 -1.241127194804122202e-01 -4.768725463987674371e-03 9.922566665004134423e-01 4.255963736488102001e-01
9.861490878214151934e-01 -3.495559014246657752e-03 1.658244777350127153e-01 1.168003072131132691e-01 2.585656720558593240e-03 9.999803965926677973e-01 5.702701420013559647e-03 -2.531230022801227164e-02 -1.658411640060380721e-01 -5.194948518567927762e-03 9.861387940230824656e-01 6.776959437672375186e-01
9.778132935062074926e-01 -3.780998124870478365e-03 2.094441850008245398e-01 2.356849581592921072e-01 2.427026888086363226e-03 9.999744669780029627e-01 6.721229522457648764e-03 -1.962561497579806691e-02 -2.094642538350634242e-01 -6.063780764153563728e-03 9.777975032691983426e-01 9.162392448943628143e-01
9.666659216505953944e-01 -3.857818328506899905e-03 2.560119379576127896e-01 3.103534862975855235e-01 1.340392658958112614e-03 9.999490304129727836e-01 1.000699346471318509e-02 -1.328977101357470270e-02 -2.560374987221863963e-01 -9.330262880915853041e-03 9.666218217216435704e-01 1.051323627340369216e+00
9.528765820591251767e-01 -7.590086329953707814e-03 3.032632664527571964e-01 4.862161072898175118e-01 2.611160752813580961e-03 9.998551250719528438e-01 1.681994934651777004e-02 6.572862120831413080e-03 -3.033470013145946331e-01 -1.523546655365871222e-02 9.527583526458404117e-01 1.338579442464342684e+00
9.363997704667890165e-01 -1.728906260630043434e-02 3.505089963844109091e-01 5.465303175076158260e-01 9.068603345314339356e-03 9.996442916250948274e-01 2.508088172060361082e-02 -2.051024902192441490e-02 -3.508179483879687588e-01 -2.030710467233878130e-02 9.362234723895046518e-01 1.522018034599996517e+00
9.156651957043968615e-01 -2.290335482503466982e-02 4.012887781605690152e-01 7.507691178554374289e-01 1.181170879631838339e-02 9.994773235810184842e-01 3.009257629001122272e-02 -2.331910386977721628e-02 -4.017682618657684723e-01 -2.281481838001214388e-02 9.154571262982753588e-01 1.762451757064917413e+00
8.912999219616587476e-01 -2.499405511099498170e-02 4.527247987205579860e-01 9.386552212654903915e-01 1.058846983788846140e-02 9.993545823289943231e-01 3.432641910141213948e-02 -2.017069630032487793e-02 -4.532905663700629861e-01 -2.580147157897745916e-02 8.909893094106989819e-01 2.017048966599673143e+00
8.633822792801162382e-01 -2.682899790964490827e-02 5.038365220501154207e-01 1.097625655889672425e+00 8.452091750169910683e-03 9.992142009953691728e-01 3.872392849028558764e-02 1.071268976319927901e-02 -5.044795407165636458e-01 -2.917508089936954666e-02 8.629305947954978295e-01 2.232858228475742557e+00
8.317384007830134207e-01 -3.212266011703512197e-02 5.542376410379326046e-01 1.339317299798720828e+00 9.552437253043954274e-03 9.990049097449980042e-01 4.356536703598688776e-02 6.753310482580293650e-03 -5.550855696225425184e-01 -3.094066814932038695e-02 8.312175949297840871e-01 2.463995684507910955e+00
7.964666277489641510e-01 -3.783256557217731103e-02 6.034978063606308840e-01 1.558765230413970526e+00 1.167742762852858572e-02 9.988170400905956869e-01 4.720336914396230932e-02 5.877323968731987258e-03 -6.045697276475889836e-01 -3.054860595621653602e-02 7.959662258655698652e-01 2.664048315353630070e+00
7.592396621847841143e-01 -4.242221034495467086e-02 6.494270435356982452e-01 1.819484082640093092e+00 1.277108020210963348e-02 9.986522993018281946e-01 5.030392185944933259e-02 1.828482129222350205e-02 -6.506858250479100603e-01 -2.989884739845204836e-02 7.587582109082131598e-01 2.866229950351957267e+00
7.201162222949919478e-01 -4.578826050920956070e-02 6.923409954915674680e-01 2.129174500570610196e+00 1.390202018195886222e-02 9.985720352495363050e-01 5.158123877977598831e-02 2.647862885770194130e-02 -6.937141841382911123e-01 -2.751954786885350834e-02 7.197244700701224129e-01 3.120120670316036904e+00
6.785043589994893543e-01 -4.758344936936920178e-02 7.330536416985371506e-01 2.423801186186169687e+00 1.278463227248796859e-02 9.985136512969141620e-01 5.298151841055135508e-02 3.847948431969148292e-02 -7.344851244595986817e-01 -2.657636944040879523e-02 6.781042008058401072e-01 3.322683536564331241e+00
6.360952058080151517e-01 -4.784223941696087723e-02 7.701259635537914816e-01 2.788395850726127279e+00 8.443591493919606894e-03 9.984477814405294804e-01 5.505209755657865939e-02 7.246364154062336083e-02 -7.715643887044478788e-01 -2.851574576672851261e-02 6.355118062760612974e-01 3.569578953393319765e+00
5.945483250181913260e-01 -4.869676729759649103e-02 8.025838919590969622e-01 3.093958218524878845e+00 5.547137466554489214e-03 9.983890016670453615e-01 5.646796052170072883e-02 8.766208660163719857e-02 -8.040407516752400285e-01 -2.912088761519154509e-02 5.938606352010223910e-01 3.764424434497888772e+00
5.541666841427925760e-01 -4.957427360783484699e-02 8.309281956424865445e-01 3.475225394690916403e+00 3.246968815934840775e-03 9.983461436692143698e-01 5.739716514192624852e-02 1.108352667536119385e-01 -8.323993969409327898e-01 -2.910959816211619589e-02 5.534111370255923035e-01 4.016872901461174372e+00
5.162626960427069145e-01 -5.245512627451837800e-02 8.548223654109613490e-01 3.891073212874229359e+00 2.372506281756792297e-03 9.982063098051142669e-01 5.982085112740770372e-02 1.215620399364454041e-01 -8.564270040180655963e-01 -2.885520183606181052e-02 5.154611296312090474e-01 4.231602068907679204e+00
4.787815364337850155e-01 -5.231729724864661590e-02 8.763738517911755510e-01 4.278178433159864902e+00 -8.105555424379585041e-04 9.981960879310676216e-01 6.003259943170183993e-02 1.467869831792753543e-01 -8.779337089469255728e-01 -2.945284924175921304e-02 4.778754493442145534e-01 4.384430759850358683e+00
4.430021560578630280e-01 -5.161542943402206568e-02 8.950334764068355042e-01 4.738638344257974033e+00 -1.992704506267410462e-03 9.982821395009681131e-01 5.855594796309025046e-02 1.701376016525684709e-01 -8.965183396507374614e-01 -2.772394776991382592e-02 4.421382846053055760e-01 4.557689540293702102e+00
4.100433072046492100e-01 -5.041799249797874333e-02 9.106714547196208542e-01 5.292837183408635404e+00 -6.586232251618947707e-04 9.984543250340229825e-01 5.557451751844406929e-02 1.888576208551978330e-01 -9.120658240283924245e-01 -2.338774760383028825e-02 4.093763057973912045e-01 4.752477036751549200e+00
3.797657786142021874e-01 -4.873039814144585619e-02 9.237982936934941991e-01 5.765723417450253407e+00 1.032876082024410547e-03 9.986333267636918753e-01 5.225334253405815310e-02 2.106653737972172535e-01 -9.250821054761203532e-01 -1.888986136878408745e-02 3.792970940605130403e-01 4.954148520083313301e+00
3.541272466604292180e-01 -4.675922062361544118e-02 9.340275444762193846e-01 6.313805603741929673e+00 1.875893894019236468e-03 9.987827591792268755e-01 4.928976518946445728e-02 2.370496519661040857e-01 -9.351953752046774371e-01 -1.570271144590389134e-02 3.537839025508732194e-01 5.154192111737466497e+00
3.339412163908872522e-01 -4.629227631677990812e-02 9.414564643485888729e-01 6.891583854581488922e+00 3.019229918300176795e-03 9.988407066367811504e-01 4.804297013531019789e-02 2.632423722678345346e-01 -9.425890748747813852e-01 -1.320105350880174458e-02 3.336938462642301539e-01 5.312328830499507326e+00
3.192150443827992956e-01 -4.683757922132899404e-02 9.465241579290400997e-01 7.484497902476960007e+00 4.105076137041985436e-03 9.988368916984138313e-01 4.804177446428028325e-02 2.913667987106126622e-01 -9.476734246386866456e-01 -1.145010255799755461e-02 3.190360332197204607e-01 5.534208832281618307e+00
3.071384929711653000e-01 -4.836155604555304743e-02 9.504352112686675902e-01 8.105603556768079088e+00 4.932102618537647157e-03 9.987754168036165892e-01 4.922744266491014403e-02 3.099990116433942178e-01 -9.516520564748125466e-01 -1.043199766731038071e-02 3.070008991616526295e-01 5.738735475464059377e+00
2.962993501019703935e-01 -5.024905175490049919e-02 9.537723588937787600e-01 8.707409641133049050e+00 3.856158263735282900e-03 9.986698521432815223e-01 5.141649950874189329e-02 3.441951577294294906e-01 -9.550873475059650231e-01 -1.155677733881985483e-02 2.960989951189816338e-01 5.880978252676199780e+00
2.866074091078270603e-01 -5.202287215387670083e-02 9.566346211447316339e-01 9.376765863384148858e+00 2.327007116315476642e-03 9.985594735532492550e-01 5.360562258927572404e-02 3.794373789046204259e-01 -9.580452987000608323e-01 -1.313767215566821571e-02 2.863155998115227696e-01 6.101304457484089561e+00
2.764585845807647213e-01 -5.381979594062707289e-02 9.595176210067737355e-01 1.006073118757046458e+01 1.647364855449801827e-03 9.984557041409038991e-01 5.552920866197750410e-02 4.082649282752509601e-01 -9.610244292242317021e-01 -1.377084994614984070e-02 2.761203102325350822e-01 6.268224354942919518e+00
2.652440446702822863e-01 -5.557416038789517870e-02 9.625783572223398643e-01 1.079427018930803328e+01 5.592464731505465258e-04 9.983462075793674284e-01 5.748510252094900935e-02 4.358785188282421341e-01 -9.641811554196443312e-01 -1.470926167643213552e-02 2.648364643875127378e-01 6.497671712559077051e+00
2.557680069454293936e-01 -5.736400988742449553e-02 9.650347564861265770e-01 1.148136113561097282e+01 8.563779826623083393e-05 9.982393074020582402e-01 5.931507210381426615e-02 4.622871241211836679e-01 -9.667381940415916697e-01 -1.508825344778947676e-02 2.553225892877578063e-01 6.667196122647512269e+00
2.451761721645159542e-01 -5.855353190773674582e-02 9.677086920313245910e-01 1.228330688183563701e+01 -4.394734181958913398e-04 9.981676236573076011e-01 6.050786642954878586e-02 5.010044736699494905e-01 -9.694784515777744582e-01 -1.526036844661306929e-02 2.447011830738180793e-01 6.907885212889267379e+00
2.347304775814767486e-01 -6.132974786517599031e-02 9.701238317626202923e-01 1.308346302358934921e+01 -1.691132251488234890e-03 9.979804066986833755e-01 6.349998322708311216e-02 5.374918453514533345e-01 -9.720590309476958568e-01 -1.654598821839838724e-02 2.341526994114734028e-01 7.048441776145687676e+00
2.235270673001714947e-01 -6.485183460683725809e-02 9.725378520482150790e-01 1.381725118897903037e+01 -3.709404371855989924e-03 9.977202440189180122e-01 6.738364003798183455e-02 5.841252997191486163e-01 -9.746906726024556766e-01 -1.866960274458201452e-02 2.227769170945614052e-01 7.254847491237642387e+00
2.123215803096946408e-01 -6.895217880010873213e-02 9.747641393766655060e-01 1.458865438793566760e+01 -3.381184571217970680e-03 9.974496589631267618e-01 7.129337535532181969e-02 6.209008529961477230e-01 -9.771940088593772389e-01 -1.843297872386650757e-02 2.115469464661866583e-01 7.374193837192985157e+00
1.982490997740453398e-01 -7.129993562944163255e-02 9.775549075849018221e-01 1.539177736510005623e+01 -4.722551615763754401e-03 9.972696001192279391e-01 7.369560453174123227e-02 6.663330615598821449e-01 -9.801403005954371084e-01 -1.922663989965732803e-02 1.973710814646368328e-01 7.519844036729282699e+00
1.848898167486683342e-01 -7.201456385435209273e-02 9.801171572185279901e-01 1.617319634606096201e+01 -5.250627037842668134e-03 9.972249391270939789e-01 7.426204711540020098e-02 6.998132461410611072e-01 -9.827452383784742729e-01 -1.887652505658312871e-02 1.839986132679012343e-01 7.717563187555015247e+00
1.704805152163323123e-01 -7.102066331978931779e-02 9.827982716815538700e-01 1.702276512361846628e+01 -6.831538489581422124e-03 9.972899979487619415e-01 7.325291817270801475e-02 7.440987580314212257e-01 -9.853373742327268259e-01 -1.920221857952454300e-02 1.695333309031836766e-01 7.882323479873699412e+00
1.539886273366599390e-01 -7.001915445805297067e-02 9.855885571820931501e-01 1.779050827671989055e+01 -8.161770259199774974e-03 9.973617895778423836e-01 7.213075729632721644e-02 7.840287176149002280e-01 -9.880389189065162947e-01 -1.915146280247766175e-02 1.530108913065254816e-01 8.005567344526035356e+00
1.340484847169305660e-01 -6.889449692677844517e-02 9.885770254743218022e-01 1.858145839083402961e+01 -1.056133180713658172e-02 9.974244458328204166e-01 7.094316798502738053e-02 8.258460505416029829e-01 -9.909185028065758960e-01 -1.995051327955871603e-02 1.329756165614521535e-01 8.071439743705052905e+00
1.075817217953046606e-01 -6.734805802387425211e-02 9.919124937818176724e-01 1.943201005579340901e+01 -1.522345304280407936e-02 9.974743627788169587e-01 6.937681202064455155e-02 8.674737721636628374e-01 -9.940796934228812720e-01 -2.256400930807649086e-02 1.062847380107853901e-01 8.143827760146468364e+00
7.866683794645339123e-02 -6.704461660353759622e-02 9.946439216921884041e-01 2.025661308058608512e+01 -1.888086707893996824e-02 9.974567867228292251e-01 6.872751601070854754e-02 9.072622894947449668e-01 -9.967221572643292227e-01 -2.418631519701084157e-02 7.720090951681059244e-02 8.203802249849706740e+00
4.514453341126289931e-02 -6.666424529143087641e-02 9.967536467687320156e-01 2.109004515148921755e+01 -2.235484037722685474e-02 9.974536491030457919e-01 6.772354826465357136e-02 9.551818986364870590e-01 -9.987303187327225551e-01 -2.533961581795249329e-02 4.353930963443025659e-02 8.255514534810760807e+00
1.073417641422000357e-02 -6.601635197027215518e-02 9.977607937209174160e-01 2.193676941944568526e+01 -2.402850148622674709e-02 9.975131308268228025e-01 6.625847068072152068e-02 9.852304687072801492e-01 -9.996536529720140285e-01 -2.468592597966618937e-02 9.121206517454556392e-03 8.237127036952818671e+00
-2.348728338541867730e-02 -6.485661101959623587e-02 9.976181384865741020e-01 2.281707056665189981e+01 -2.555893209825471288e-02 9.976062111678208888e-01 6.425409269558467196e-02 1.021199331411923428e+00 -9.993973713103558865e-01 -2.398889932040865550e-02 -2.508872689883786394e-02 8.210137062332483637e+00
-5.624850427514491158e-02 -6.302307850666455380e-02 9.964257022210312176e-01 2.363636829980000442e+01 -2.786871311387402114e-02 9.977159968083906261e-01 6.153149234054745148e-02 1.053542663994272433e+00 -9.980277840717149962e-01 -2.430804676919881557e-02 -5.787640599767912564e-02 8.166110879217374219e+00
-8.876603705171051684e-02 -5.995223668938662320e-02 9.942466005551072739e-01 2.444851110089450330e+01 -2.956633938442686932e-02 9.979056879955489068e-01 5.753320309475597888e-02 1.096779275937523446e+00 -9.956135993943286966e-01 -2.428923713167619597e-02 -9.035270284010346598e-02 8.097606281170687481e+00
-1.210889753908355460e-01 -5.552089567001874254e-02 9.910877221420442140e-01 2.528727282122034481e+01 -2.682613821387095504e-02 9.982529191387217171e-01 5.264473151644281923e-02 1.117271661868409094e+00 -9.922791115631863779e-01 -2.021235872798754149e-02 -1.223668357653682204e-01 7.972716301631845859e+00
-1.529281257069849964e-01 -5.005058479272996019e-02 9.869690523147031103e-01 2.614457711353869840e+01 -2.232351375084246081e-02 9.986367690442373712e-01 4.718330488794406086e-02 1.140727817758327989e+00 -9.879851546484569313e-01 -1.481696189548975875e-02 -1.538369556500561175e-01 7.872699711835638325e+00
-1.841089375312718879e-01 -4.391783391981933515e-02 9.819241854720063278e-01 2.701411022209833845e+01 -1.672442622991031358e-02 9.989966240072998271e-01 4.154562307770326424e-02 1.161289035818454440e+00 -9.827635571025670203e-01 -8.773197095351762884e-03 -1.846587089910849688e-01 7.700581549190712138e+00
-2.123188594665212370e-01 -3.843114713951966549e-02 9.764444336598195884e-01 2.781317127419468704e+01 -1.077863778055968003e-02 9.992576779535495834e-01 3.698532166199668819e-02 1.170208549481985383e+00 -9.771410026863273091e-01 -2.672058516972509231e-03 -2.125754872783004457e-01 7.507707651597825382e+00
-2.404396879318110025e-01 -3.185256874564094953e-02 9.701413060434708191e-01 2.858871299539637789e+01 -2.313272534927577392e-03 9.994774004222869435e-01 3.224243792222075689e-02 1.201561964029639995e+00 -9.706613318892739484e-01 5.508161575440433284e-03 -2.403877192847930222e-01 7.272261369449180002e+00
-2.678999673137068549e-01 -2.163352465073715286e-02 9.632038110845915213e-01 2.944657028744938643e+01 3.967328837777191371e-03 9.997146231295291896e-01 2.355700714734933199e-02 1.198521088875727170e+00 -9.634385727808759681e-01 1.013226883422986037e-02 -2.677376889045980923e-01 7.033438960305628207e+00
-2.923201819468893570e-01 -6.722591899636744424e-03 9.562968690500476265e-01 3.019053105411426685e+01 7.858854700464289189e-03 9.999246390255533967e-01 9.431577581517086237e-03 1.194152094591056201e+00 -9.562882227998573681e-01 1.027243973892540477e-02 -2.922453218831806421e-01 6.764260476712801839e+00
-3.164841029065842415e-01 9.855981996005361290e-03 9.485466020332508075e-01 3.094670149282030991e+01 8.530191971049054869e-03 9.999351611391826822e-01 -7.543827163657189708e-03 1.161014687663163958e+00 -9.485594676054970309e-01 5.703784298111640345e-03 -3.165476571898138691e-01 6.481501638381388375e+00
-3.400673078787496140e-01 2.446620686207066908e-02 9.400827703391251289e-01 3.177905978709760859e+01 7.355000792072358649e-03 9.997001283080920730e-01 -2.335717043274640817e-02 1.127040647581642796e+00 -9.403723437725638457e-01 -1.028699563869183656e-03 -3.401452816133266333e-01 6.153585485800870281e+00
-3.652838134069748555e-01 3.540887398472523234e-02 9.302225173864601127e-01 3.252887391352078339e+01 1.164166764055886254e-02 9.993719334544246546e-01 -3.346954098698399355e-02 1.096996977091518888e+00 -9.308234106172205147e-01 -1.396539218396721741e-03 -3.654666105166911039e-01 5.864040609687442895e+00
-3.903321945530082160e-01 4.012340724692253779e-02 9.197993666780474031e-01 3.334219297111330604e+01 1.528988664156928287e-02 9.991946448760697930e-01 -3.709826121876540206e-02 1.044244291090759003e+00 -9.205471261255466775e-01 -4.170167001809979047e-04 -3.906313221646207090e-01 5.574086811586107082e+00
-4.124788037661401563e-01 3.949956767008430680e-02 9.101104360121948789e-01 3.408995934546378237e+01 1.748742061160144315e-02 9.992187462246896468e-01 -3.544132162743476172e-02 1.002543060623408033e+00 -9.107993414500800133e-01 1.296691024232980629e-03 -4.128472999796957699e-01 5.212458035345843399e+00
-4.331717098394465837e-01 3.626173754422721413e-02 9.005816684818310769e-01 3.481521418749490238e+01 2.174789791918556314e-02 9.993199522550858527e-01 -2.977686890555806751e-02 9.784623733153119396e-01 -9.010490065600413878e-01 6.687261996998456783e-03 -4.336657502303384315e-01 4.841878273838740476e+00
-4.511427981438251300e-01 3.481056376001190333e-02 8.917726089152739899e-01 3.554679980685825313e+01 2.863017215810348751e-02 9.992891991721363221e-01 -2.452365414184183232e-02 9.469373029253956853e-01 -8.919924338883430392e-01 1.446793445537107418e-02 -4.518187591593557650e-01 4.442233096593786179e+00
-4.655144029785341919e-01 3.559077750851730865e-02 8.843243879203772639e-01 3.626875889028884359e+01 3.236413357645945288e-02 9.992073646418203614e-01 -2.317768864541441126e-02 8.990052246939158609e-01 -8.844483684299399018e-01 1.783084583478546786e-02 -4.662972857266189375e-01 4.058505628595042936e+00
-4.770481225837049366e-01 3.873305148531742265e-02 8.780232488608424868e-01 3.698556126142281641e+01 3.491401958842880321e-02 9.990749821249449436e-01 -2.510361073292591630e-02 8.409102505174509412e-01 -8.781834163278362526e-01 1.867969165202262860e-02 -4.779591722990519376e-01 3.669213565087991569e+00
-4.869867347788087719e-01 4.148306352368250072e-02 8.724236710627158997e-01 3.767838567708574971e+01 3.669982616410676080e-02 9.989611440855846736e-01 -2.701398355341614807e-02 8.044303870940771040e-01 -8.726379864918850648e-01 1.886234653348246165e-02 -4.880032481793307730e-01 3.297112685970045920e+00
-4.979727880358311154e-01 4.067569795406227040e-02 8.662381753248187266e-01 3.836093032278537862e+01 3.068957948298890043e-02 9.991002450906379950e-01 -2.927199888826334181e-02 7.504298681951399042e-01 -8.666494472735861709e-01 1.200782747631135884e-02 -4.987730558615379173e-01 2.930520415965734760e+00
-5.088798169604517030e-01 3.942510017907622372e-02 8.599342881667505489e-01 3.903980174572002682e+01 2.874963587845611249e-02 9.991717924935382689e-01 -2.879561551583310897e-02 7.359200376756593887e-01 -8.603573690644603644e-01 1.006929113086970327e-02 -5.095918173627637104e-01 2.484143983347797846e+00
-5.179110433262718027e-01 4.083803726569913695e-02 8.544591228772465685e-01 3.972961079455652111e+01 3.117287183463752359e-02 9.990973799667710598e-01 -2.885614930179540918e-02 6.973244100524492728e-01 -8.548663142659315151e-01 1.169102736353918801e-02 -5.187166065492589961e-01 2.087233968932926675e+00
-5.247935941296072437e-01 4.371712966872675493e-02 8.501061598491791438e-01 4.044751689832232699e+01 3.482445421421957732e-02 9.989468684485433014e-01 -2.987325472099806867e-02 6.478209043719597160e-01 -8.505168739169466363e-01 1.392719137216518258e-02 -5.257633438168469731e-01 1.643698334755749668e+00
-5.290022850724575010e-01 4.716424299150347166e-02 8.473087415638230757e-01 4.112411541202017418e+01 3.549307112618696469e-02 9.988103670179176996e-01 -3.343789137016252994e-02 6.135885964723348796e-01 -8.478778426619465458e-01 1.238486951339657152e-02 -5.300469715327384979e-01 1.187367194972654971e+00
-5.286648558642080831e-01 4.862277283677529649e-02 8.474368903296570776e-01 4.186041943049524150e+01 3.462562227697657535e-02 9.987623643599522483e-01 -3.570442213293949923e-02 5.663097095800072589e-01 -8.481241349300916443e-01 1.046735749509570927e-02 -5.296941563586450297e-01 7.659575243469000094e-01
-5.249364102335505322e-01 4.934101339353927362e-02 8.497100779088548883e-01 4.256780808534590932e+01 3.713593780171084435e-02 9.986953465558326970e-01 -3.505034704726883721e-02 5.283177217688967975e-01 -8.503309351047507736e-01 1.315557827972467508e-02 -5.260838761411755771e-01 2.953213846225964945e-01
-5.195500181992311894e-01 4.819235141486774565e-02 8.530798688574509070e-01 4.332498330779854001e+01 3.561445922434965106e-02 9.987618819554677785e-01 -3.473202248484086319e-02 4.829497248941981846e-01 -8.536974879014477269e-01 1.233695631972017356e-02 -5.206230996844115611e-01 -1.222226937669005642e-01
-5.132809364543856612e-01 4.707038804793965692e-02 8.569288450783212330e-01 4.408415197089137649e+01 3.363926296317678449e-02 9.988309234166116157e-01 -3.471579403687385934e-02 4.465421900096129271e-01 -8.575611303845495081e-01 1.100750050807708727e-02 -5.142642861008339672e-01 -5.289109703660594963e-01
-5.052127807762987199e-01 4.635648084419115994e-02 8.617488667656415524e-01 4.486258786090996153e+01 3.174082478951884001e-02 9.988787606828019028e-01 -3.512465576293073016e-02 3.996749925914269697e-01 -8.624109104254596980e-01 9.607195792800954023e-03 -5.061177104945940863e-01 -1.014222712624049505e+00
-4.987294578624671959e-01 4.492606550468643267e-02 8.655926079489841829e-01 4.567401814525756976e+01 2.879464901323625439e-02 9.989633461945099935e-01 -3.525763883388083331e-02 3.535168946679307922e-01 -8.662792900735984958e-01 7.340413228300974972e-03 -4.995060795803262788e-01 -1.466625175407062276e+00
-4.946340375102992182e-01 4.296439389387595592e-02 8.680387181229242133e-01 4.651436533089509595e+01 2.479871600081141186e-02 9.990683694192040720e-01 -3.531878911633180157e-02 3.075534589580394274e-01 -8.687474921191098431e-01 4.056371355983372576e-03 -4.952386843405938710e-01 -1.901992307330948817e+00
-4.925801225837703745e-01 3.978919023714223152e-02 8.693570207366522196e-01 4.733792256235408757e+01 1.971732597583640903e-02 9.992080897204068668e-01 -3.456038853501258723e-02 2.717547227452897785e-01 -8.700437129124253266e-01 1.176362812633199634e-04 -4.929745809803556811e-01 -2.415656690705693777e+00
-4.925649510051111624e-01 3.746905276857162570e-02 8.694687029737062645e-01 4.818099082450510195e+01 1.712183208275412302e-02 9.992965909028680427e-01 -3.336414606638472835e-02 2.211641921531482813e-01 -8.701072487907078878e-01 -1.547110917469446531e-03 -4.928600163922333133e-01 -2.889157627118877691e+00
-4.935689454945580978e-01 3.601741023813351955e-02 8.689605448708532798e-01 4.903315771025716430e+01 1.563941475402967976e-02 9.993481101031506109e-01 -3.253864638972284173e-02 1.831804859114145589e-01 -8.695660510992018200e-01 -2.470030106610386546e-03 -4.938104853265352645e-01 -3.351954768049537847e+00
-4.946252243091897594e-01 3.580967230358871045e-02 8.683683211648713929e-01 4.993284373550044819e+01 1.582806629008699437e-02 9.993562499259559528e-01 -3.219562114232052408e-02 1.325826052703590607e-01 -8.689622386790376574e-01 -2.180174061658413185e-03 -4.948736083744822434e-01 -3.833483088157521479e+00
-4.945781975764814153e-01 3.486772879125227959e-02 8.684334368994225395e-01 5.080161223188024167e+01 1.556521078117956494e-02 9.993900456812438993e-01 -3.126117043027423076e-02 9.242971247305600824e-02 -8.689937532295770595e-01 -1.943742911884730308e-03 -4.948192522400163829e-01 -4.327174435843226696e+00
-4.944643784917403528e-01 3.424963576342560795e-02 8.685228420739024013e-01 5.168273130761143364e+01 1.587326986475682059e-02 9.994125489322384093e-01 -3.037427053427826582e-02 4.708522552444521780e-02 -8.690529501502720633e-01 -1.232696420024021779e-03 -4.947175597989659779e-01 -4.841848421161801141e+00
-4.946569704678284163e-01 3.368662468082526257e-02 8.684351900049049888e-01 5.257116785779328438e+01 1.537442903771046518e-02 9.994313289680863965e-01 -3.001075773321291301e-02 -9.663505979797995527e-03 -8.689523122444005043e-01 -1.493334375343544030e-03 -4.948935872215650122e-01 -5.361200142780787381e+00
-4.950787943728781060e-01 3.225158854664378349e-02 8.682492780055257597e-01 5.348089421077918360e+01 1.364445489217381430e-02 9.994761843910485721e-01 -2.934596496586694414e-02 -5.892439957921039029e-02 -8.687409445072120651e-01 -2.681775932338146748e-03 -4.952595209402769760e-01 -5.839375783018798671e+00
-4.951019725728691978e-01 3.169474906785461205e-02 8.682565669168367251e-01 5.440939340808761671e+01 1.331020673970199561e-02 9.994938132217093818e-01 -2.889560005880220314e-02 -1.106992403990953583e-01 -8.687329207537379805e-01 -2.749593265496019529e-03 -4.952732233854745258e-01 -6.388325054248227275e+00
-4.949849768702800912e-01 3.062663091519395725e-02 8.683616000874319063e-01 5.525534854265773532e+01 1.181430046360568663e-02 9.995234529592501582e-01 -2.851822691377926475e-02 -1.608239072277853898e-01 -8.688212171854933219e-01 -3.857008130641675740e-03 -4.951109266865079128e-01 -6.806838338177738201e+00
-4.930069107629286296e-01 2.937593011378038937e-02 8.695293134741811647e-01 5.618689885486366364e+01 1.157919010862353514e-02 9.995628433586414285e-01 -2.720375914035063139e-02 -2.092228086597941461e-01 -8.699483437461339452e-01 -3.343195118578922917e-03 -4.931315402209360821e-01 -7.381942212995098451e+00
-4.906255985758448124e-01 2.711239243718664357e-02 8.709485785497225185e-01 5.711851693612135250e+01 1.205092998970287189e-02 9.996313528858997710e-01 -2.432968129760509218e-02 -2.564536257025690769e-01 -8.712871568206842499e-01 -1.441023174388120741e-03 -4.907714616336524838e-01 -7.900219303092189449e+00
-4.883783819676970617e-01 2.565078155577874344e-02 8.722548822869520269e-01 5.795419586412342028e+01 1.257271132087026469e-02 9.996709634717391157e-01 -2.235825796584558003e-02 -3.036131374949559425e-01 -8.725414004665876799e-01 4.731993054756056878e-05 -4.885401887395317000e-01 -8.380810872680916290e+00
-4.862329744590829783e-01 2.500651209483223045e-02 8.734713247196382868e-01 5.886531004616541196e+01 1.211744232400827417e-02 9.996872869561357344e-01 -2.187454841621924370e-02 -3.602934380431377370e-01 -8.737452001301007076e-01 -5.188739566287290761e-05 -4.863839392627438141e-01 -8.850359922992081962e+00
-4.836354462721116354e-01 2.545787404406818499e-02 8.748992158661972329e-01 5.975563301719802922e+01 1.284478220514453407e-02 9.996757135760893087e-01 -2.198816121470126977e-02 -3.993582832516581194e-01 -8.751752849197758088e-01 6.036366709756685323e-04 -4.838056119414507750e-01 -9.356849639266464180e+00
-4.828627459960387891e-01 2.597614955825281596e-02 8.753106844638421924e-01 6.066861530445663675e+01 1.271274971684561647e-02 9.996625450376199762e-01 -2.265352116086992787e-02 -4.501349581919079634e-01 -8.756037729433984174e-01 1.890651714897834536e-04 -4.830300310859967916e-01 -9.840894989385716940e+00
-4.832769726414646305e-01 2.725474475701384833e-02 8.750431605150430503e-01 6.155388595096412985e+01 1.231826136446983674e-02 9.996280400482578932e-01 -2.433191245951932605e-02 -4.862408282913037727e-01 -8.753808547218688840e-01 -9.800416977706399510e-04 -4.834329452628919888e-01 -1.034330698400506598e+01
-4.862663088524181165e-01 2.886763824191796238e-02 8.733336833929102871e-01 6.244140753537776334e+01 1.081181177635245731e-02 9.995764065746411964e-01 -2.702058705791620524e-02 -5.371911914567804036e-01 -8.737437806430661258e-01 -3.696880818371695975e-03 -4.863724423412719711e-01 -1.084340121109987543e+01
-4.905976858406740360e-01 2.955266551010602566e-02 8.708849159854707978e-01 6.335255183008369073e+01 9.731421554255692205e-03 9.995482244796426441e-01 -2.843670788008805309e-02 -5.902591853203543737e-01 -8.713318670965592982e-01 -5.476033944303162516e-03 -4.906636364877046130e-01 -1.130261713800077317e+01
-4.961254876453589091e-01 2.839134959627729465e-02 8.677865049350811377e-01 6.424699138822597888e+01 9.994550495993228742e-03 9.995857548522929514e-01 -2.698939861654515646e-02 -6.262577982013030065e-01 -8.681933090650116869e-01 -4.716991609200668449e-03 -4.962037300678923124e-01 -1.180869464229215460e+01
-5.015093362624190032e-01 2.615536452221117400e-02 8.647567686957471356e-01 6.510811669107806665e+01 1.270518982836680091e-02 9.996577741109125004e-01 -2.286728642506575052e-02 -6.924077093290644802e-01 -8.650589437305674645e-01 -4.812577999580434549e-04 -5.016700168721544006e-01 -1.232242805498812643e+01
-5.069315448259447132e-01 2.389350634098082529e-02 8.616550909498040811e-01 6.598298165122132275e+01 1.009947279222649964e-02 9.997117738471649195e-01 -2.178003357968726419e-02 -7.285635392500907637e-01 -8.619271557093450831e-01 -2.338723003837734835e-03 -5.070267469264826410e-01 -1.283369477898550315e+01
-5.115896290989651041e-01 2.603767845997362676e-02 8.588353027937208894e-01 6.683321593190429155e+01 1.120895231545988510e-02 9.996579297475448600e-01 -2.363012612313101363e-02 -7.794602327285491405e-01 -8.591568092836886494e-01 -2.462282590020559853e-03 -5.117064858101574298e-01 -1.331751869415935197e+01
-5.167928886720765114e-01 2.824112781940244996e-02 8.556445147578590760e-01 6.759703741885853390e+01 1.134940518080838727e-02 9.995939298719576094e-01 -2.613745098576748804e-02 -8.157403404610152897e-01 -8.560352289919006541e-01 -3.796591611869582546e-03 -5.169035557241872247e-01 -1.381458441265805348e+01
-5.222484293371082442e-01 2.886385028430772312e-02 8.523047829354288840e-01 6.843801703266126424e+01 1.066287106530601318e-02 9.995699383809020233e-01 -2.731742018426023405e-02 -8.536325209316173446e-01 -8.527267400459003222e-01 -5.178462894750947808e-03 -5.223316030455567027e-01 -1.431678711700680573e+01
-5.261560608547632967e-01 2.924584672937181884e-02 8.498849727795981801e-01 6.930490005846463930e+01 9.340481584843391902e-03 9.995469135832469876e-01 -2.861333485490402673e-02 -9.108872287660361167e-01 -8.503367373641744775e-01 -7.116743756345102895e-03 -5.261908381793723999e-01 -1.481270163156882980e+01
-5.291452970198985417e-01 2.792158480672643495e-02 8.480717108099513624e-01 7.013697100460895228e+01 8.811986048466328991e-03 9.995853846642417384e-01 -2.741181588974870784e-02 -9.749538863051867565e-01 -8.484854832989359164e-01 -7.031636515416181052e-03 -5.291719510740529042e-01 -1.534232166136105846e+01
-5.321774453786310977e-01 2.208833882227435527e-02 8.463446454589533818e-01 7.096360323102453549e+01 1.136113978269879046e-02 9.997559131626102547e-01 -1.894831337211265801e-02 -1.004779484653107957e+00 -8.465566152934849153e-01 -4.684242585647090313e-04 -5.322984977645943694e-01 -1.586519907264989193e+01
-5.339551085285426657e-01 1.418287863502861769e-02 8.453938579331201630e-01 7.179841802922400973e+01 1.189120839774569782e-02 9.998863804535362831e-01 -9.264195945683987091e-03 -1.040633111257284416e+00 -8.454292122752288252e-01 5.106090771832632290e-03 -5.340630935455258355e-01 -1.639451338139850733e+01
-5.354424643090412994e-01 1.186703321236919247e-02 8.444883231653383948e-01 7.264864243062612559e+01 1.286994774362689060e-02 9.998998263289978761e-01 -5.890817486807530499e-03 -1.060308606076763249e+00 -8.444736488244927175e-01 7.714327762763554565e-03 -5.355415563564256409e-01 -1.690996648684286896e+01
-5.363260943442970108e-01 1.581267303065103658e-02 8.438627062160566350e-01 7.339851267812046842e+01 1.165683138847480385e-02 9.998678960885148959e-01 -1.132734011417115341e-02 -1.112284711349387223e+00 -8.439303587922548644e-01 3.761618164583040332e-03 -5.364395704193870573e-01 -1.738760833123829030e+01
-5.372282692661897174e-01 2.051211321386207931e-02 8.431874210278944570e-01 7.424880183958377700e+01 1.128931113579303459e-02 9.997895542708704619e-01 -1.712888220866573552e-02 -1.159675031034687054e+00 -8.433613400092903056e-01 3.168863288896586728e-04 -5.373467806855179996e-01 -1.793591110750038808e+01
-5.384867066302848615e-01 2.616258472514039826e-02 8.422277441640498852e-01 7.504740344287304765e+01 1.838604397613888275e-02 9.996447223547559879e-01 -1.929721285741346076e-02 -1.182490944663243893e+00 -8.424333990303275455e-01 5.093944713150871245e-03 -5.387764219598886184e-01 -1.845165049311001226e+01
-5.388233261612037639e-01 2.732153098618879741e-02 8.419756197381562668e-01 7.583560760849915994e+01 2.214636618170271257e-02 9.995879094036712598e-01 -1.826334586465428247e-02 -1.216151022614372135e+00 -8.421276466603292432e-01 8.805984627979327600e-03 -5.392063559506097281e-01 -1.895058049263438349e+01
-5.381359102491782842e-01 2.427695190432708344e-02 8.425083731301704626e-01 7.660616281711081399e+01 2.144030476386479811e-02 9.996559324721333573e-01 -1.511059130546518747e-02 -1.258313491752366620e+00 -8.425853470518493982e-01 9.932085495107196779e-03 -5.384712615902659261e-01 -1.945531220822461904e+01
-5.369218836411279172e-01 1.917959905721417987e-02 8.434139084145398924e-01 7.742992141542319473e+01 1.972272000142308301e-02 9.997536683312078232e-01 -1.017924071916207970e-02 -1.277868015908073307e+00 -8.434013972265506087e-01 1.116896029123020349e-02 -5.371678978261017479e-01 -1.997430964114939655e+01
-5.365309422358787161e-01 1.357922228070397412e-02 8.437713788652789759e-01 7.821197553757366450e+01 1.800319463254207095e-02 9.998271489656657129e-01 -4.642967175972930252e-03 -1.308626553643598589e+00 -8.436885946113811263e-01 1.269948585483964693e-02 -5.366826728759072074e-01 -2.046818847752919268e+01
-5.359175984497465128e-01 6.649482115445940096e-03 8.442440992319520943e-01 7.901962778995658709e+01 9.004513341317719327e-03 9.999571257674599867e-01 -2.159942301851267270e-03 -1.333972090705115354e+00 -8.442222800345033917e-01 6.444457160927638192e-03 -5.359544979308850099e-01 -2.095581667229803458e+01
-5.349701300645067770e-01 1.870294743267549064e-03 8.448688945296025654e-01 7.981355740815746458e+01 7.167745699317122762e-04 9.999981945904016234e-01 -1.759843507541427156e-03 -1.363533696079486823e+00 -8.448706752497274763e-01 -3.358822327944301295e-04 -5.349705059906034732e-01 -2.145730567542922174e+01
-5.327385263805911597e-01 2.238585781701269220e-03 8.462769276138341068e-01 8.066054661871766029e+01 3.992552436099344911e-03 9.999920210350986549e-01 -1.318482164588925061e-04 -1.372008852542473845e+00 -8.462704850092177544e-01 3.308565357516816789e-03 -5.327432145384813911e-01 -2.192650336354681784e+01
-5.298120281985084778e-01 5.779142438943753873e-03 8.480953974690587094e-01 8.142541091341830395e+01 9.873217090409105653e-03 9.999510498973543937e-01 -6.460465233689075123e-04 -1.389935235433980676e+00 -8.480576313976371239e-01 8.031147769093978372e-03 -5.298431537651014933e-01 -2.241055818906630748e+01
-5.246867481235902853e-01 7.989181815583442509e-03 8.512578787587935514e-01 8.226709467646867324e+01 9.393414586379595158e-03 9.999494189861412030e-01 -3.594887427009725491e-03 -1.433837277561875290e+00 -8.512435562253977128e-01 6.110029379719033454e-03 -5.247352558293376656e-01 -2.295204994766521267e+01
-5.167649634384717805e-01 1.037997219097293658e-02 8.560643757548412891e-01 8.305206354953210734e+01 1.528932400580914133e-02 9.998789223888585598e-01 -2.894323413189457770e-03 -1.441442300276292610e+00 -8.559907833523722198e-01 1.159296172878417942e-02 -5.168610987328133843e-01 -2.341784495107589592e+01
-5.081678416949091392e-01 1.274282186359955264e-02 8.611637775191853805e-01 8.383773517408816645e+01 2.246861015540047371e-02 9.997463707028000357e-01 -1.534857339135159556e-03 -1.472801383775688588e+00 -8.609649344916372460e-01 1.856918917267412483e-02 -5.083252701503946369e-01 -2.389891897348572058e+01
-4.987768591746437052e-01 1.269020804600495995e-02 8.666375192478983358e-01 8.463396412727365714e+01 2.157836303370380682e-02 9.997646939479943873e-01 -2.220573816696099195e-03 -1.491872449599945805e+00 -8.664617887552662490e-01 1.759304928724909206e-02 -4.989333290962431611e-01 -2.434585798741951024e+01
-4.881168073812144903e-01 9.965398376384645984e-03 8.727214099628498589e-01 8.544532246386316388e+01 1.761260341036706076e-02 9.998436594178915504e-01 -1.566171494577825408e-03 -1.518595201985494247e+00 -8.726005908332002958e-01 1.460642254283834630e-02 -4.882160127520139281e-01 -2.480212965187466168e+01
-4.757561392906807241e-01 6.702230551948154709e-03 8.795516824237856746e-01 8.629473784639941414e+01 1.897037561984352139e-02 9.998165540060266476e-01 2.642565350602201282e-03 -1.546269751095852296e+00 -8.793726363498173271e-01 1.794264361075114181e-02 -4.757960088005126487e-01 -2.526156010882100844e+01
-4.649541320568004732e-01 5.670613470349325155e-03 8.853166016067423039e-01 8.710743463567214917e+01 1.867697834764751527e-02 9.998197725665957103e-01 3.404824845408394637e-03 -1.557519328356438804e+00 -8.851377511631479678e-01 1.811812751543830091e-02 -4.649762457365985147e-01 -2.566874822613404206e+01
-4.528837076515637716e-01 4.844136847731364895e-03 8.915564297086118195e-01 8.794428733723742653e+01 1.841006429279272438e-02 9.998228383214554649e-01 3.919371300583130054e-03 -1.578207301840357513e+00 -8.913795095531263923e-01 1.818863173920588425e-02 -4.528926561379236215e-01 -2.605914538875072495e+01
-4.410441708279695394e-01 6.545824924810268730e-03 8.974615184265892776e-01 8.875667033801428829e+01 2.218269581393202128e-02 9.997474178768912534e-01 3.609489868136684949e-03 -1.577957612735995774e+00 -8.972112241548279021e-01 2.150006150870161642e-02 -4.410779762600802734e-01 -2.646953028836499655e+01
