1.000000000000000000e+00 -3.306050084167601550e-19 -2.270457535318767223e-19 -8.673617379884035472e-19 7.546676715296109287e-19 1.000000000000000000e+00 6.237773588823049983e-19 1.387778780781445676e-17 -3.447385680526250622e-20 4.770700176052009879e-20 1.000000000000000222e+00 5.551115123125782702e-17
9.999304763967615806e-01 -2.479360049091523712e-03 1.152688806756317803e-02 1.346491115937694175e-02 2.468879077972581729e-03 9.999965085698251377e-01 9.231699983705408041e-04 -4.154434363045467205e-03 -1.152913876089795356e-02 -8.946460216193256052e-04 9.999331229321257730e-01 3.006341629818927719e-01
9.997926797502245666e-01 -5.135554101943910418e-03 1.970304240020231273e-02 2.911669020895091275e-02 5.103553756471651201e-03 9.999855557901877745e-01 1.673944973091750750e-03 -9.141167020614682226e-03 -1.971135181413239540e-02 -1.573061245496183225e-03 9.998044127368708178e-01 5.849229006326809310e-01
9.997741034147928918e-01 -6.811684305137839616e-03 2.013440694205980569e-02 3.969041384967425534e-02 6.789831913706132101e-03 9.999762997309600276e-01 1.153614261516248615e-03 -1.121574749711454211e-02 -2.014178903213149560e-02 -1.016666351367761980e-03 9.997966611585992203e-01 8.844116092658869110e-01
9.997958712570373940e-01 -7.975526298214980631e-03 1.856787119159599569e-02 4.338213309546751217e-02 7.979136520486995038e-03 9.999681505888858846e-01 -1.204222405376694470e-04 -1.524980567847551705e-02 -1.856632218807142271e-02 2.685415054665125749e-04 9.998276863373656287e-01 1.191155984289446135e+00
9.998771135303358149e-01 -1.078540244723133305e-02 1.137958440641572040e-02 4.467816062727998638e-02 1.080749140480540861e-02 9.999398410358740774e-01 -1.881653805529473044e-03 -2.108898205443440754e-02 -1.135860505871264317e-02 2.004376486835406611e-03 9.999335403907605446e-01 1.507983929599181039e+00
9.999371875639129215e-01 -1.119136593790776707e-02 5.794598092250970297e-04 3.586592067346656282e-02 1.119312226498394083e-02 9.999324677740244471e-01 -3.118243850126339693e-03 -3.076354895159655323e-02 -5.445109349855665115e-04 3.124536597000214262e-03 9.999949825137780524e-01 1.831684491210077370e+00
9.998158762774046471e-01 -1.013356170682057009e-02 -1.628989403040095874e-02 1.697474390888045748e-02 1.008220665217195340e-02 9.999439755562555820e-01 -3.229870484260495989e-03 -3.577991439936981100e-02 1.632172114720965156e-02 3.064981893236620996e-03 9.998620162998851368e-01 2.162965756992504485e+00
9.993642285560869754e-01 -5.717765973285473570e-03 -3.519221197444536570e-02 -2.128578844131009604e-02 5.598028604667031408e-03 9.999781810331321852e-01 -3.499569813054520962e-03 -3.922089595664816908e-02 3.521146044289814175e-02 3.300347279242638477e-03 9.993744216180566742e-01 2.509028284974265777e+00
9.985379103762889175e-01 -2.136049701959402171e-03 -5.400924341501415343e-02 -6.869210503567818593e-02 1.892389646870595464e-03 9.999878005306251927e-01 -4.562274379862988997e-03 -5.095576620716070482e-02 5.401833311969862078e-02 4.453403563416041995e-03 9.985298196411821481e-01 2.862293917423648804e+00
9.971558994401930054e-01 -1.880121283019815705e-03 -7.533743385267496762e-02 -1.139375021898331314e-01 1.526743709611569052e-03 9.999875872922430187e-01 -4.748498289442579581e-03 -5.124003682228957246e-02 7.534543608826707595e-02 4.619947417727618237e-03 9.971463882980817761e-01 3.224919208967750528e+00
9.954599335674614302e-01 -3.199356823853249498e-03 -9.512150327403888495e-02 -1.680004779161132777e-01 2.804761892166097309e-03 9.999869185543703853e-01 -4.281906592084437288e-03 -5.476039645971503278e-02 9.513396389398984243e-02 3.995624441904454573e-03 9.954558697600348616e-01 3.605525874418141541e+00
9.932385093037467971e-01 -4.503693089565596712e-03 -1.159876166431060146e-01 -2.244348318471917625e-01 4.169476146277718322e-03 9.999864198149377437e-01 -3.123806234452920858e-03 -6.392197724948806004e-02 1.160001117166266915e-01 2.619121507559568456e-03 9.932438032383408277e-01 3.990383218164259560e+00
9.912161389476933371e-01 -3.767988144940660061e-03 -1.322142912949718085e-01 -2.973311321607398638e-01 3.495243428722708250e-03 9.999912411647658983e-01 -2.294895970905226363e-03 -6.703472272733393411e-02 1.322217862573411840e-01 1.812769313301283887e-03 9.912206341659528519e-01 4.387903034928321233e+00
9.889767424589528400e-01 -2.042548616595158111e-03 -1.480999082675590328e-01 -3.782952312838663289e-01 1.861621869986985383e-03 9.999973669780171104e-01 -1.360068266693982954e-03 -7.505750165572971921e-02 1.481023165141569786e-01 1.069471093927734737e-03 9.889778940420342890e-01 4.804470627722826848e+00
9.866654221880772901e-01 -1.640237420971698808e-03 -1.627489416808038103e-01 -4.638169691551642937e-01 1.392552377454216563e-03 9.999976989454291143e-01 -1.636297830616594267e-03 -8.067872998902875237e-02 1.627512594337008900e-01 1.387720942309521484e-03 9.866654692595602238e-01 5.228176284725906342e+00
9.847400358302278445e-01 -3.464337484136791913e-03 -1.740099618141669191e-01 -5.519375040651387510e-01 3.118010043943693355e-03 9.999926036123002460e-01 -2.263495613197958039e-03 -8.671685597056114081e-02 1.740165318615724543e-01 1.686668213439188090e-03 9.847435239447708266e-01 5.666512816683530573e+00
9.829513958533652174e-01 -5.491422943885414416e-03 -1.837925287580731981e-01 -6.404002850462865437e-01 4.819353912207883193e-03 9.999799332991451406e-01 -4.103195109229499163e-03 -1.022459966868038139e-01 1.838113976088555646e-01 3.147217982983436298e-03 9.829581247354294282e-01 6.113946146124290770e+00
9.815032234593150662e-01 -5.017502444249639752e-03 -1.914062887526334911e-01 -7.377894568917474638e-01 3.919396461383419655e-03 9.999736106921969236e-01 -6.116226426329363086e-03 -1.082133418560536076e-01 1.914319453904170520e-01 5.253180596660770793e-03 9.814969989325945665e-01 6.575607297945610163e+00
9.799796140161192159e-01 -5.247559488284009310e-03 -1.990286469421945204e-01 -8.484080207782778160e-01 3.764287762050303777e-03 9.999622468452505908e-01 -7.833554388308948749e-03 -1.088409307268455445e-01 1.990622422300349914e-01 6.927537174313314755e-03 9.799623926214487968e-01 7.055288577051979537e+00
9.783060278092777784e-01 -5.457275937629349309e-03 -2.070829201839184952e-01 -9.609578293459382081e-01 3.359692579451374530e-03 9.999394597487641922e-01 -1.047747301762835814e-02 -1.178715336707804595e-01 2.071275928044312709e-01 9.554289979278296138e-03 9.782651754744899897e-01 7.542500271820006041e+00
9.767049926892372724e-01 -9.789451182913182226e-03 -2.144132934832497783e-01 -1.071650746258932640e+00 7.230879111077707748e-03 9.998928811132702377e-01 -1.271928717673028938e-02 -1.286693895337118199e-01 2.145148728765407797e-01 1.087274348028447087e-02 9.766713098332044929e-01 8.040991159203404237e+00
9.749036545496059247e-01 -1.542149817972868729e-02 -2.220615446363221612e-01 -1.187040486937346095e+00 1.269941310616772880e-02 9.998256825560847272e-01 -1.367853957863719890e-02 -1.461084889852216628e-01 2.222337859598870757e-01 1.051493634616689800e-02 9.749297720099103781e-01 8.562939284847654875e+00
9.730329901743006715e-01 -1.598930354424771966e-02 -2.300947232465287706e-01 -1.316142107632432889e+00 1.273013941762427687e-02 9.997964327340465029e-01 -1.563866075966318867e-02 -1.690307222318168656e-01 2.302980655821858791e-01 1.228658986435781503e-02 9.730387711948940144e-01 9.083227220160054571e+00
9.709833071506867030e-01 -1.188530196859242417e-02 -2.388300611312173805e-01 -1.468671165567084325e+00 7.252365788485002317e-03 9.997682184849662201e-01 -2.027038331254684897e-02 -1.720028021484693581e-01 2.390156373020355385e-01 1.794961584679132319e-02 9.708446843672465798e-01 9.615024842750669265e+00
9.691669690786067770e-01 -9.783835326377542455e-03 -2.461838075237087198e-01 -1.623088712366359987e+00 4.076840519031690868e-03 9.997112482008149170e-01 -2.367505935462145550e-02 -1.861416094390567766e-01 2.463444161297872192e-01 2.194081192024070412e-02 9.689270777111181898e-01 1.016648214916420834e+01
9.666869877248506215e-01 -1.222476142637621971e-02 -2.556715554625584308e-01 -1.781530008413523047e+00 6.069374139002025811e-03 9.996727462865718783e-01 -2.484740109033320085e-02 -2.029638637546719582e-01 2.558915807779684193e-01 2.246865031879633975e-02 9.664449100963964367e-01 1.072687909275068385e+01
9.644197304545278904e-01 -1.444674547307542301e-02 -2.639275093346574175e-01 -1.945172237997599529e+00 7.575363081697325876e-03 9.996058094125955806e-01 -2.702965158468867771e-02 -2.338473230180438955e-01 2.642139604850958223e-01 2.406818878028997924e-02 9.641492538531223344e-01 1.130159427551681084e+01
9.623411324253265953e-01 -1.438894442516469238e-02 -2.714462303732806392e-01 -2.124701608914401074e+00 6.573978830974479617e-03 9.995378262549363679e-01 -2.967753742744419845e-02 -2.552011647119104554e-01 2.717477916409268279e-01 2.677559638639146963e-02 9.619911875943040203e-01 1.188842866146119981e+01
9.599778773202554127e-01 -1.284924379766405091e-02 -2.797214884713782324e-01 -2.311209722515955356e+00 3.831381233378567362e-03 9.994560362319500069e-01 -3.275651489245844095e-02 -2.770012846135967433e-01 2.799901043144190638e-01 3.037449745488201430e-02 9.595050212508041687e-01 1.247239999018193402e+01
9.579637747535845183e-01 -1.463991088294140652e-02 -2.865505232463810836e-01 -2.503669095902135489e+00 3.863276408308527303e-03 9.992647850601348303e-01 -3.814612084260787794e-02 -3.068265447470970297e-01 2.868983691277646741e-01 3.543569540383093019e-02 9.573160821578690083e-01 1.307287074876060018e+01
9.560900333064301648e-01 -1.544949779919365003e-02 -2.925916071700493393e-01 -2.704787905813291093e+00 1.986097658345338784e-03 9.989281102652710631e-01 -4.625480313847414593e-02 -3.448023535886375335e-01 2.929922508863873620e-01 4.364360572059661908e-02 9.550959659444427929e-01 1.368777711261703445e+01
9.545876093911082050e-01 -1.563585359570474412e-02 -2.975281362501308591e-01 -2.911211122645346094e+00 -4.042038866725405715e-04 9.985529151901566536e-01 -5.377671522821202837e-02 -3.778575261427516985e-01 2.979384672852571914e-01 5.145512524456195835e-02 9.532000744787941793e-01 1.431461831066836865e+01
9.539117162946042505e-01 -1.591450794559823995e-02 -2.997172558052845770e-01 -3.124867952991883246e+00 -2.987699539506623748e-03 9.980395448376981893e-01 -6.251874830831445629e-02 -4.202482715685683656e-01 3.001246251317537528e-01 6.053340277440263234e-02 9.519941252774573037e-01 1.495268333432107433e+01
9.522194615364016901e-01 -1.578747284705523876e-02 -3.049672352694917099e-01 -3.343597209641261614e+00 -6.381654970587308934e-03 9.974163924996829467e-01 -7.153469061084542779e-02 -4.663139355802131125e-01 3.053090650098224668e-01 7.006169105026474608e-02 9.496587011511409271e-01 1.560027568094449890e+01
9.516101703871553408e-01 -1.449880385506131103e-02 -3.070156014564016655e-01 -3.571271150582929543e+00 -9.974216696155927334e-03 9.969029307620190794e-01 -7.801574358428599310e-02 -5.204374091567283145e-01 3.071957422525221637e-01 7.730341534720164276e-02 9.485183252805742260e-01 1.626058061370278907e+01
9.495279020612122922e-01 -1.307965790752695957e-02 -3.133971461328596830e-01 -3.805337867324913415e+00 -1.417829235804292203e-02 9.963196338338413671e-01 -8.453503145043257672e-02 -5.817702602727332639e-01 3.133490678015306563e-01 8.471309136333213252e-02 9.458477847111784742e-01 1.692437983767907284e+01
9.478697310080869132e-01 -1.199794921631445847e-02 -3.184621367331465502e-01 -4.051741609311655168e+00 -1.783906472624488537e-02 9.957259485229591478e-01 -9.062066535967948366e-02 -6.476874924345455975e-01 3.181885625876412771e-01 9.157659363555904763e-02 9.436043779755155514e-01 1.759945172790141399e+01
9.468963409714464818e-01 -9.928648499499065361e-03 -3.214330509611584841e-01 -4.302703099854890745e+00 -2.207493616494373215e-02 9.951573795704634628e-01 -9.576751714478426436e-02 -7.206614686509305034e-01 3.208277996856105929e-01 9.777528407682806177e-02 9.420917181292023379e-01 1.828820081941596953e+01
9.448900150684456101e-01 -6.291569435075342401e-03 -3.272548365261226944e-01 -4.563204351452760932e+00 -2.757240543821440695e-02 9.947339825402484736e-01 -9.870584965739874483e-02 -7.945924286241786705e-01 3.261523123862961615e-01 1.022906825919385337e-01 9.397405525049841168e-01 1.898580957159179405e+01
9.432429257303520664e-01 -5.549581307940377670e-03 -3.321179282146973777e-01 -4.830606606649133994e+00 -2.924228813731035229e-02 9.945889042810585057e-01 -9.969329167047027984e-02 -8.714015476345892131e-01 3.308740240483431516e-01 1.037466758061486444e-01 9.379765877856782730e-01 1.969641274884323678e+01
9.412551483175761735e-01 -6.021764688218706613e-03 -3.376409905508007125e-01 -5.099272779765258612e+00 -2.935927572876804656e-02 9.945960844890060493e-01 -9.958966993378071120e-02 -9.588413277368266208e-01 3.364173907139533237e-01 1.036481967007548272e-01 9.359915091596655579e-01 2.041213000691321611e+01
9.388791364087403224e-01 -4.630743634247759012e-03 -3.442328179562751944e-01 -5.383276013227306755e+00 -3.087058511883688378e-02 9.947483798436869140e-01 -9.759087501875393644e-02 -1.039397498229619465e+00 3.428772460085614537e-01 1.022517533519416294e-01 9.338054952794027086e-01 2.114320499136573517e+01
9.366104063321495365e-01 -5.357252853418629016e-03 -3.503833303520763054e-01 -5.670395386057288434e+00 -3.018420069024668057e-02 9.949320581238524364e-01 -9.591995637238243111e-02 -1.124733047623749815e+00 3.491214326187642714e-01 1.004156583852037488e-01 9.317021286874614949e-01 2.188485852127835329e+01
9.342930650492830003e-01 -4.618052081152480663e-03 -3.565256205494195529e-01 -5.968616439902016069e+00 -3.029868745274671635e-02 9.952699728142225810e-01 -9.229539742810843883e-02 -1.207118653744780223e+00 3.552661812894634119e-01 9.702949076342284873e-02 9.297337012379044419e-01 2.262607070355559813e+01
9.295579067185407718e-01 -2.357950252808263623e-03 -3.687411242123268540e-01 -6.275563584754022983e+00 -3.201226703829357367e-02 9.956865818411508862e-01 -8.708511865596633983e-02 -1.281314524808090827e+00 3.673561719982073037e-01 9.275288268597552122e-02 9.254726983681041963e-01 2.337933498783800701e+01
9.268210471366581382e-01 2.821713496304822325e-04 -3.755365059416170270e-01 -6.599891783818588209e+00 -3.321035758777035607e-02 9.961426386850530390e-01 -8.122482314729682906e-02 -1.361527615388343992e+00 3.740652726100307524e-01 8.775111210272061590e-02 9.232553173788201617e-01 2.414032903100222072e+01
9.237581524908454744e-01 4.162070778055373954e-03 -3.829676473627260935e-01 -6.932221040202033002e+00 -3.633259545958425485e-02 9.963836303879312073e-01 -7.678702371330226040e-02 -1.435930296700070663e+00 3.812636930734762952e-01 8.484104522427458883e-02 9.205682610283891787e-01 2.489805231522695550e+01
9.200305322185206025e-01 5.265184940406272829e-03 -3.919026025587248330e-01 -7.277239732649571025e+00 -3.760734477217671928e-02 9.964805447165324681e-01 -7.490540399921234715e-02 -1.511628661535950435e+00 3.901294871728356872e-01 8.364768272718536846e-02 9.169902620236876079e-01 2.566303331497767104e+01
9.158675359067145472e-01 5.817550455424543021e-03 -4.015136194066685205e-01 -7.626908366523092120e+00 -3.878120380883794127e-02 9.965013726669132987e-01 -7.402280032838005897e-02 -1.583908146043399912e+00 3.996786372896634076e-01 8.336061632543396993e-02 9.128886311755177729e-01 2.643744710807756348e+01
9.125904367493857805e-01 5.575265463744213425e-03 -4.087867180339042616e-01 -7.987430801190682494e+00 -3.884451644772669854e-02 9.965666753271398282e-01 -7.311628954025685412e-02 -1.653412862189252541e+00 4.069754167520834298e-01 8.260595561731044756e-02 9.096737952682927286e-01 2.721528226687728491e+01
9.082438494412613528e-01 6.477697752812759321e-03 -4.183124003412596048e-01 -8.362295039223894833e+00 -3.978364264542993273e-02 9.966876316500860034e-01 -7.092894926064383099e-02 -1.721064006590350637e+00 4.164669882660594902e-01 8.106605540170581936e-02 9.054930255729289890e-01 2.799688202485181066e+01
9.048941689097691476e-01 6.064752837028983962e-03 -4.255699887320533170e-01 -8.744957528868958718e+00 -3.891310563100972703e-02 9.968901085638230963e-01 -6.853561566260768512e-02 -1.790844114997242276e+00 4.238312086557389780e-01 7.857575565538041373e-02 9.023155803335672909e-01 2.879152458818372651e+01
9.018533087237377011e-01 6.751241231451347510e-03 -4.320294063459806932e-01 -9.142166467269325025e+00 -3.828775034132516492e-02 9.971926295524217165e-01 -6.433667092156790390e-02 -1.858719534525999917e+00 4.303820150189883731e-01 7.456302145824651728e-02 8.995801865826967836e-01 2.959313808724412809e+01
8.979159550292625802e-01 9.057189796088936304e-03 -4.401562524311764535e-01 -9.555884942499027090e+00 -3.877611438150019990e-02 9.975290985639909680e-01 -5.858071340449629016e-02 -1.917840154081469795e+00 4.385384455560270567e-01 6.966203418705482764e-02 8.960481834253318789e-01 3.040531607659879754e+01
8.942863769776806526e-01 9.048226052828163210e-03 -4.473987698733312146e-01 -9.972943741129769890e+00 -3.700882829678685260e-02 9.978662090575843857e-01 -5.381351871267429920e-02 -1.983238531210495204e+00 4.459576542801855226e-01 6.468202580999560247e-02 8.927127336935865021e-01 3.121823776649052462e+01
8.904095026256245715e-01 8.369522544724455546e-03 -4.550792982530336706e-01 -1.040236986270511110e+01 -3.586073212862757320e-02 9.980128626744602105e-01 -5.179846142013738719e-02 -2.042705648821371067e+00 4.537414477620937414e-01 6.244029090118164566e-02 8.889402793723093499e-01 3.204149220239764162e+01
8.872064555636924865e-01 7.974796577870986447e-03 -4.612468697637296389e-01 -1.084055708318309286e+01 -3.517469842173995276e-02 9.981098119352650455e-01 -5.038588389212333291e-02 -2.102470729913408665e+00 4.599732325878078121e-01 6.092656877303672530e-02 8.858097643766531526e-01 3.287170320790348654e+01
8.848217265938771448e-01 8.602375571448569666e-03 -4.658351309542224095e-01 -1.129099871031279356e+01 -3.511080406338902560e-02 9.982178264715503291e-01 -4.826227187331283419e-02 -2.150471362853586310e+00 4.645900120334425232e-01 5.905902734673636190e-02 8.835466910408653618e-01 3.370978961517086958e+01
8.810852982958561341e-01 6.931911617812970723e-03 -4.728425821155216036e-01 -1.175568722105815844e+01 -3.320793916717190708e-02 9.983314729713981261e-01 -4.724334519527619708e-02 -2.206481282015232637e+00 4.717260651200396726e-01 5.733122737350978410e-02 8.798454329029731236e-01 3.455747582310983290e+01
8.789000932350496953e-01 5.862927041281559316e-03 -4.769335581189336759e-01 -1.222620483053080598e+01 -3.185318666378326308e-02 9.984139562601291873e-01 -4.643066469598443324e-02 -2.263288225547876564e+00 4.759050247972859693e-01 5.600084904401747554e-02 8.776927406659543740e-01 3.541275707785855076e+01
8.777069165456760080e-01 4.844780954236159627e-03 -4.791706690919464440e-01 -1.271355026542587119e+01 -3.126326022885082129e-02 9.983974978501695130e-01 -4.716444630898033313e-02 -2.317990706515241417e+00 4.781742625836780669e-01 5.637677447376077122e-02 8.764518500046369898e-01 3.627955221593517621e+01
8.761263377696423271e-01 5.041958516521812331e-03 -4.819114779473698262e-01 -1.320826005398907732e+01 -3.185291342569124273e-02 9.983656058405079303e-01 -4.745333529245425452e-02 -2.366300373382951072e+00 4.808845503650957531e-01 5.693002842494155474e-02 8.748548490877565698e-01 3.715139759105547057e+01
8.758948005746558518e-01 5.023463506648405234e-03 -4.825004200876865101e-01 -1.370506375913245201e+01 -3.115151790391679915e-02 9.984483696428160249e-01 -4.616488708941614283e-02 -2.425491504508125118e+00 4.815200200091573901e-01 5.546556339961747351e-02 8.746921286068387591e-01 3.803776734182270758e+01
8.761357760650094750e-01 6.243825301024893103e-03 -4.819476730893728633e-01 -1.421065327821907687e+01 -3.125501391914183025e-02 9.985479090375171118e-01 -4.387074423541253293e-02 -2.479589332165270221e+00 4.809738598976381341e-01 5.350187416417205577e-02 8.750587632273991723e-01 3.893588220512446441e+01
8.751234002061564210e-01 4.927752905383091936e-03 -4.839363886629937106e-01 -1.472527009313350277e+01 -2.988165294415695214e-02 9.985899264152358068e-01 -4.386793977365287950e-02 -2.537651955218935829e+00 4.830379218681813414e-01 5.284913866630999713e-02 8.740368364569162107e-01 3.984788892961097417e+01
8.754535173317724572e-01 3.239318141830193568e-03 -4.831991686820189535e-01 -1.524740899253200332e+01 -2.813356032212755917e-02 9.986233153642017912e-01 -4.426489312642938045e-02 -2.592419087805050371e+00 4.823904262121424535e-01 5.234859395738249155e-02 8.743395911016335065e-01 4.076925421491755230e+01
8.738250295609715224e-01 1.368650042110804979e-03 -4.861883176645508953e-01 -1.577143271611660857e+01 -2.655094590640788912e-02 9.986383654415712519e-01 -4.491143604155886648e-02 -2.642427549367032391e+00 4.854650466399348940e-01 5.215329234971161076e-02 8.726715546816006253e-01 4.171554499316898301e+01
8.733498231631787734e-01 1.176127781797537417e-03 -4.871060283558837356e-01 -1.629981552612519380e+01 -2.538885042196772912e-02 9.987475355010441147e-01 -4.311212608788465156e-02 -2.701485633609214787e+00 4.864451986253565674e-01 5.001982252411594360e-02 8.722859764493028356e-01 4.264714535408891294e+01
8.704699143183338705e-01 1.505405193056994677e-03 -4.921595478710410476e-01 -1.684265527793336403e+01 -2.391154130976737985e-02 9.989439643690779524e-01 -3.923256311154971893e-02 -2.764625512429019771e+00 4.915806800691656653e-01 4.592105462276688255e-02 8.695867397703826995e-01 4.357889194252222609e+01
8.676260312291440568e-01 2.135299805152019500e-03 -4.970417781128825818e-01 -1.738165855010113958e+01 -2.205538914379537307e-02 9.991716555119687371e-01 -3.418946145930448072e-02 -2.816155669375092430e+00 4.965570262478257169e-01 4.062955593596487280e-02 8.669544447209847071e-01 4.450808876121543989e+01
8.648728954674720359e-01 8.081135369843236039e-04 -5.019322481121535340e-01 -1.792397495380033945e+01 -1.979356029287123939e-02 9.992758001243307042e-01 -3.250051424740174610e-02 -2.869239532572617435e+00 5.015425339066273969e-01 3.804755280688062319e-02 8.642626212798404373e-01 4.543184053939378941e+01
8.595005805267669219e-01 -2.002871748865506750e-03 -5.111545668019185085e-01 -1.848142303556154786e+01 -1.816908581026447506e-02 9.992405620800171029e-01 -3.446516030063220826e-02 -2.926107153415022033e+00 5.108355186353810140e-01 3.890922131124137373e-02 8.588115192889680394e-01 4.635087387209544119e+01
8.538774767486287942e-01 -4.807679994545730091e-03 -5.204186556705986400e-01 -1.904766398290711749e+01 -1.726781220574880385e-02 9.991451637664111596e-01 -3.757025047576617593e-02 -2.984442215120947761e+00 5.201542531053392482e-01 4.107119955471999484e-02 8.530645315163627451e-01 4.725889403470512207e+01
8.474801727620134839e-01 -4.612582755265375901e-03 -5.307784931385848282e-01 -1.962804839873163942e+01 -1.743377123731185141e-02 9.991809341746903383e-01 -3.651344318091087615e-02 -3.035066564824167035e+00 5.305118829647313961e-01 4.020201894099528078e-02 8.467056590392484372e-01 4.816992537844399891e+01
8.415065086910319403e-01 -1.732904636024455713e-03 -5.402792283922981387e-01 -2.022390500140272707e+01 -1.810798684104091005e-02 9.993424370468154683e-01 -3.141123412040406487e-02 -3.079938306979927987e+00 5.399783603434693546e-01 3.621787092038791095e-02 8.409218558063423776e-01 4.908189139416597158e+01
8.373641642587055234e-01 1.125024632462599729e-03 -5.466979849101045730e-01 -2.083157586611493528e+01 -1.917241316734916504e-02 9.994431200667780457e-01 -2.730735750798204964e-02 -3.133588135305364730e+00 5.463626969685709822e-01 3.334764511621714222e-02 8.369193935691090491e-01 4.997515324385142321e+01
8.324321114889395856e-01 2.481626121460609596e-03 -5.540358652410183327e-01 -2.143560028559839736e+01 -2.178609021757619765e-02 9.993634194523906000e-01 -2.824699178670694519e-02 -3.184211910035979365e+00 5.536129340784379238e-01 3.558571879931601151e-02 8.319561904408113717e-01 5.086802309933989363e+01
8.297254979748984738e-01 4.940017396169186972e-04 -5.580470974971104559e-01 -2.204858336376507566e+01 -2.231731193581447045e-02 9.992293717334185255e-01 -3.228747316479504970e-02 -3.231688038253043516e+00 5.576011505678813984e-01 3.924478084351563228e-02 8.290970383078881678e-01 5.175095073207016583e+01
8.272657182459143277e-01 -2.045781002975971454e-03 -5.617574000913788668e-01 -2.266171438290351148e+01 -2.418241725387450941e-02 9.989369385688987579e-01 -3.923912122750271292e-02 -3.290541588395039074e+00 5.612405240895149694e-01 4.604512784042291001e-02 8.263367156293398574e-01 5.263602565004129019e+01
8.242340133046525130e-01 -2.629241420848550930e-03 -5.663516231308003412e-01 -2.327885812220632999e+01 -2.475318847941141917e-02 9.988660293109962174e-01 -4.065824244284199640e-02 -3.344123298614517292e+00 5.658165806882389237e-01 4.752588683668986652e-02 8.232341286795176183e-01 5.350914042190796494e+01
8.217844331337732511e-01 -8.449377524884577528e-04 -5.697371323673871002e-01 -2.390086596301835442e+01 -2.399403508258723255e-02 9.990605137508865585e-01 -3.608177886339326151e-02 -3.401584260615806432e+00 5.692323778459871253e-01 4.332190538585111578e-02 8.209921731714928672e-01 5.439623205098901337e+01
8.178542405497070122e-01 7.643881331512324042e-04 -5.755931272466058291e-01 -2.454060073739069026e+01 -2.266765190895840901e-02 9.992656955035494892e-01 -3.088333481663085855e-02 -3.448908523004387661e+00 5.751473847435174536e-01 3.829653903839413953e-02 8.172710737543305015e-01 5.527915211589034783e+01
8.147555087396909368e-01 2.602957745336451773e-03 -5.798042164148747846e-01 -2.517780348805891677e+01 -2.276384056246142165e-02 9.993624763207558104e-01 -2.750377328286190970e-02 -3.497314720385576337e+00 5.793632405473013725e-01 3.560433256309792488e-02 8.142953941319055478e-01 5.615564878585040987e+01
8.116062862932659216e-01 3.181215542912057583e-03 -5.840328957989783243e-01 -2.581533242632162484e+01 -2.433969023118393374e-02 9.993009004377140236e-01 -2.838080199047081364e-02 -3.545322051100444405e+00 5.835344420390127240e-01 3.725427846366029944e-02 8.111163957275163705e-01 5.703143085048626659e+01
8.087521791565998042e-01 1.954415682055268746e-03 -5.882148108401201725e-01 -2.646512812092876743e+01 -2.407931837347165524e-02 9.992659697987394951e-01 -2.978084601569903553e-02 -3.587507493176806950e+00 5.877249638839577850e-01 3.824579573296994772e-02 8.082056631479324071e-01 5.790287588775452576e+01
8.043565047688638892e-01 -2.079050093528966403e-04 -5.940936255940144628e-01 -2.711604588006579419e+01 -2.322101548251929645e-02 9.992247182675761952e-01 -3.178272683384105596e-02 -3.644282634880526839e+00 5.936394515698505403e-01 3.936501313041933237e-02 8.037282972081586374e-01 5.877225624693326012e+01
8.020722034800741307e-01 -1.772714588858128161e-03 -5.973172471048189269e-01 -2.777790417629435638e+01 -2.186934871496428248e-02 9.992376640151897638e-01 -3.232753467481386256e-02 -3.692236382895013325e+00 5.969192600589562359e-01 3.898893289669725509e-02 8.014221352398741560e-01 5.963397039883751916e+01
7.962063538015620168e-01 -1.821509942335615157e-03 -6.048886413907306192e-01 -2.844150265955392598e+01 -2.128283380554028825e-02 9.992921659776049514e-01 -3.102301167870665996e-02 -3.739744405623742107e+00 6.045169404105814603e-01 3.758013614631273286e-02 7.956040207138449505e-01 6.050251145540514131e+01
7.921407350716349605e-01 -1.676247494237771652e-03 -6.103740456872531750e-01 -2.911548981335469577e+01 -2.134917139869626362e-02 9.993081633998226465e-01 -3.045668967298309840e-02 -3.788483999125585644e+00 6.100029562086394241e-01 3.715388362681449480e-02 7.915567682613307010e-01 6.136704020537731452e+01
7.870807799798615889e-01 -2.666997825687870451e-03 -6.169173027931702524e-01 -2.980909673244279645e+01 -2.087399910576341958e-02 9.993027215234207006e-01 -3.094629703662820502e-02 -3.840910151545905205e+00 6.165698466366098529e-01 3.722962015135557190e-02 7.864763222004838017e-01 6.222339595343828478e+01
7.817957463936208162e-01 -3.607743225098699290e-03 -6.236212483480606528e-01 -3.050967957658716401e+01 -2.038156387080248058e-02 9.993009760980848810e-01 -3.132355658804987508e-02 -3.889805626511146031e+00 6.232983788065609154e-01 3.719591246055135858e-02 7.811757069745419724e-01 6.307675092852154819e+01
7.769392927449674247e-01 -6.361677886138399247e-03 -6.293970087001903302e-01 -3.120480450327065469e+01 -1.848335163871469775e-02 9.992873785224870575e-01 -3.291065514801150282e-02 -3.935952110048663855e+00 6.291576224036590226e-01 3.720655700337394817e-02 7.762680334559037831e-01 6.392782498473312103e+01
7.713673523371690210e-01 -6.621439529691770277e-03 -6.362955249264449220e-01 -3.192688217067682999e+01 -1.840375453254420798e-02 9.992954684323783754e-01 -3.271326625509592828e-02 -3.984109815124424081e+00 6.360636101282247656e-01 3.695013198223645601e-02 7.707020874488366147e-01 6.477981876030810326e+01
7.657190115779620720e-01 -8.436488735409582856e-03 -6.431720135139349370e-01 -3.264374012176438811e+01 -1.786171458917363425e-02 9.992492807453688952e-01 -3.436973513081766768e-02 -4.040441127199478899e+00 6.429792207186104669e-01 3.780515039880888439e-02 7.649935916984282880e-01 6.562277405603894920e+01
7.591665462227218386e-01 -1.007539686597325353e-02 -6.508235443899875738e-01 -3.338069379420988270e+01 -1.633167391161081949e-02 9.992705379554027711e-01 -3.452360185752791771e-02 -4.088565962920887920e+00 6.506966506530386107e-01 3.683744232006708197e-02 7.584481368263615852e-01 6.647045998171384440e+01
7.532204766446838340e-01 -9.235482619280570987e-03 -6.577334199305014950e-01 -3.412737673277818118e+01 -1.612916707447929407e-02 9.993415154095854902e-01 -3.251548595164773653e-02 -4.140147817315902756e+00 6.576007161308843330e-01 3.509846815201738551e-02 7.525753918835667022e-01 6.731606684422739306e+01
7.475359099292870901e-01 -1.060451972507572838e-02 -6.641165316587098744e-01 -3.488100109958866568e+01 -1.385267252878060254e-02 9.994062549937402506e-01 -3.154989026104471767e-02 -4.194380866907486904e+00 6.640565163550404826e-01 3.279003701521519126e-02 7.469451403366775821e-01 6.815045213406006042e+01
7.402040123900218704e-01 -1.225433480002882831e-02 -6.723041136323778533e-01 -3.564316245980481312e+01 -1.269162576109196874e-02 9.994011789317848171e-01 -3.219803354881357882e-02 -4.246983244491818965e+00 6.722960543886660201e-01 3.236627562637710981e-02 7.396053642316298138e-01 6.897806491049462352e+01
7.347072630256081816e-01 -1.427132766412547542e-02 -6.781545988741376485e-01 -3.642228181765384676e+01 -1.177948312171783578e-02 9.993596565903678508e-01 -3.378658975379400520e-02 -4.303392910929809467e+00 6.782024738116956275e-01 3.281162546941601005e-02 7.340686161010345767e-01 6.980163818658934360e+01
7.297176597087972061e-01 -1.329666833855597946e-02 -6.835735919867511612e-01 -3.721012953909352916e+01 -1.302606127702712543e-02 9.993591692014125449e-01 -3.333383894501080330e-02 -4.351250215905904106e+00 6.835787654656103607e-01 3.322906895339499539e-02 7.290767169462665231e-01 7.062664375365443448e+01
7.234148714807098202e-01 -1.272797485842054772e-02 -6.903564543154137034e-01 -3.801362793217866454e+01 -1.358828139574830458e-02 9.993739829792951390e-01 -3.265588361068871848e-02 -4.402189091196147430e+00 6.903401968969258284e-01 3.300004323754316543e-02 7.227889458138905265e-01 7.144917387465643799e+01
7.190483361447780331e-01 -1.251001767787308407e-02 -6.948896319968738133e-01 -3.881603034148512421e+01 -1.405816076177114279e-02 9.993716732282122983e-01 -3.254573611594647337e-02 -4.454288391861529917e+00 6.948600864904904695e-01 3.317036750772975329e-02 7.184207632557941814e-01 7.227089321727572724e+01
7.142771079322052241e-01 -1.248926048089019775e-02 -6.998069242470561502e-01 -3.963445706849957162e+01 -1.444932315995071936e-02 9.993645410586432520e-01 -3.259384824788225110e-02 -4.508012150687522812e+00 6.997691932962843975e-01 3.339438152088888140e-02 7.136428897550319839e-01 7.309097696129182964e+01
7.088939189719126732e-01 -1.386795571930512366e-02 -7.051533161022842666e-01 -4.046583929310814653e+01 -1.551390264150333612e-02 9.992581895785780377e-01 -3.524584322368943395e-02 -4.565283368926063901e+00 7.051193551518182279e-01 3.592126093064365588e-02 7.081529566045386970e-01 7.390509355815088099e+01
7.045709478376699364e-01 -1.683901224732311727e-02 -7.093806662057634549e-01 -4.129059683047856311e+01 -1.464481563372529993e-02 9.991604404335497902e-01 -3.826339241795438662e-02 -4.621478283019418321e+00 7.094293081896062558e-01 3.735180851185731371e-02 7.037328775521447533e-01 7.471657183368365907e+01
6.987349866178348412e-01 -1.701456336987165752e-02 -7.150581154273407680e-01 -4.213920146546652035e+01 -1.524037332426995787e-02 9.991362034430041339e-01 -3.865972526956095584e-02 -4.677446674145604888e+00 7.150981212291824818e-01 3.791403926875351604e-02 6.978721799953135907e-01 7.552477816155554535e+01
6.934228771630065458e-01 -1.666608679086897804e-02 -7.202635294284852607e-01 -4.299665744519507626e+01 -1.456238081005763359e-02 9.992040633146919149e-01 -3.714443083554402197e-02 -4.734648771417066193e+00 7.203092869634114548e-01 3.624862041693997783e-02 6.926284558884211462e-01 7.633372832262408281e+01
6.899843640114743382e-01 -1.703521949013746609e-02 -7.235871866273136943e-01 -4.386144079982563682e+01 -1.316138428343595172e-02 9.992623930660557985e-01 -3.607817881722204245e-02 -4.804859703418997263e+00 7.236683115000204225e-01 3.441530611437790266e-02 6.892514395243376502e-01 7.714098539942624200e+01
6.845786537515483605e-01 -1.811718175434668537e-02 -7.286352803746738438e-01 -4.472756891582494632e+01 -1.231980112291213535e-02 9.992606268806436542e-01 -3.641602468318356350e-02 -4.857704249561966670e+00 7.287564426895690728e-01 3.390625584208513399e-02 6.838493752210798027e-01 7.794558857420683751e+01
6.803088503885559302e-01 -1.804656407101407761e-02 -7.326844819228577332e-01 -4.560048978790251795e+01 -1.259781391432857056e-02 9.992611723838494830e-01 -3.630301690315034663e-02 -4.913243291193118090e+00 7.327985534459988681e-01 3.392614074561384890e-02 6.795789564146063055e-01 7.874568878378229897e+01
6.756036561047590316e-01 -1.950133561599292492e-02 -7.370667178912758688e-01 -4.648528605205467557e+01 -1.089622483816497962e-02 9.992769394648010062e-01 -3.642830892223234557e-02 -4.978911630267152333e+00 7.372442311626052902e-01 3.264356843652282264e-02 6.749025865746052233e-01 7.953009171082621265e+01
6.728504481909839408e-01 -2.023008954981693475e-02 -7.395057451600417497e-01 -4.737613335822523908e+01 -8.778352834097766233e-03 9.993373925208821618e-01 -3.532417703980312434e-02 -5.030092048166885377e+00 7.397305708103445454e-01 3.025801124779791199e-02 6.722269894959588266e-01 8.033712438777655507e+01
6.694413924274550398e-01 -2.355214034617372776e-02 -7.425734857938732780e-01 -4.826818281239779651e+01 -5.784079978924202246e-03 9.993018143143250764e-01 -3.690557192821064536e-02 -5.092007657677605437e+00 7.429245363242152900e-01 2.899524603809129630e-02 6.688377721286119515e-01 8.113685901483542295e+01
6.637849002892152184e-01 -2.823975944786883199e-02 -7.474015550596261326e-01 -4.917250916178127085e+01 -2.680011044708808209e-03 9.991908499619454043e-01 -4.014136549716030428e-02 -5.153374557049460236e+00 7.479300604463943181e-01 2.865298855334522457e-02 6.631720444723502306e-01 8.193027980173052072e+01
6.594835505776442952e-01 -3.244038007993788747e-02 -7.510317764624839798e-01 -5.008394045599151667e+01 1.846903786811289949e-03 9.991353082035914213e-01 -4.152952100068602048e-02 -5.213979748406465831e+00 7.517299625029368881e-01 2.599658567227986980e-02 6.589733448358605639e-01 8.271277112596294501e+01
6.540977902791426102e-01 -3.670439470240094426e-02 -7.554625496814494356e-01 -5.100769440174254754e+01 7.943362917162296449e-03 9.991004622178794037e-01 -4.166885477208187583e-02 -5.279334745672905171e+00 7.563117883925041252e-01 2.126141236749121144e-02 6.538007156273679676e-01 8.351719389604690491e+01
6.451865138619398143e-01 -4.061498640091538298e-02 -7.629166408624137308e-01 -5.193635514708431344e+01 1.340710102822846930e-02 9.990341890491371002e-01 -4.185676590474842612e-02 -5.347527094792258850e+00 7.638794888288321649e-01 1.677874676840646756e-02 6.451080510371349774e-01 8.430775268850860016e+01
6.374777581224085887e-01 -4.187493965200900226e-02 -7.694399927148936058e-01 -5.287818583959422369e+01 1.693428761291281698e-02 9.990423261670381416e-01 -4.033940902045748261e-02 -5.418161885581565862e+00 7.703927317357697202e-01 1.268657714442513601e-02 6.375763450585455461e-01 8.509013281446505061e+01
6.268489606847094109e-01 -4.074365026554236519e-02 -7.780874279875049648e-01 -5.384165773680538081e+01 1.823953442332403030e-02 9.991255639509026842e-01 -3.761430772690504964e-02 -5.472175319252838399e+00 7.789400637333286914e-01 9.384132645067056952e-03 6.270438545758139082e-01 8.586212262862599687e+01
6.169196104938662328e-01 -4.037853939264866160e-02 -7.860242281043985368e-01 -5.481698029520163118e+01 1.801756237230446589e-02 9.991459182694396590e-01 -3.717795950323536658e-02 -5.540291276017586419e+00 7.868545262458965794e-01 8.773948961718840145e-03 6.171201201548464077e-01 8.661486985197613819e+01
6.089874115379710906e-01 -4.155800006901403526e-02 -7.921150259103046931e-01 -5.579975591523457723e+01 1.699680078966442701e-02 9.990809146927409623e-01 -3.934153500814825677e-02 -5.598346058095525990e+00 7.930225464983383654e-01 1.049176566790323804e-02 6.091340391676951516e-01 8.736677379007684863e+01
5.991666240613677807e-01 -4.380198449350028445e-02 -7.993819401069395258e-01 -5.678991481808198927e+01 1.803640377775977272e-02 9.989871127748387591e-01 -4.122288003144358726e-02 -5.667394539972641532e+00 8.003781849323772235e-01 1.027658100949213442e-02 5.993502471382503582e-01 8.810564909525750465e+01
5.892597490805685512e-01 -4.542134231908358938e-02 -8.065921271508166290e-01 -5.779850102156476765e+01 1.797296856612268928e-02 9.989085709541105640e-01 -4.310457451397580603e-02 -5.731334642445093941e+00 8.076698644807592808e-01 1.090342870558875382e-02 5.894326001656691183e-01 8.883208850023211767e+01
5.807725555528244765e-01 -4.586577023448789453e-02 -8.127015404304551716e-01 -5.881473713733584674e+01 2.129301807899235469e-02 9.989258205331644769e-01 -4.115445180601657454e-02 -5.800977049723458734e+00 8.137162744327638420e-01 6.594253876408552942e-03 5.811253863308508683e-01 8.955717229951750369e+01
5.688336381669392150e-01 -4.671004451727907986e-02 -8.210713806545338889e-01 -5.984780764263591379e+01 2.344796994152664044e-02 9.989012532375629583e-01 -4.057890310871227479e-02 -5.865935658549817688e+00 8.220645608069614418e-01 3.831907430711886144e-03 5.693036375147179085e-01 9.025972550426725149e+01
5.588431389862069665e-01 -4.678171105355334591e-02 -8.280164439784295505e-01 -6.089598646718873454e+01 2.378529167383172660e-02 9.989006573978734815e-01 -4.038584323829163408e-02 -5.935145311245751287e+00 8.289961764077851125e-01 2.868658934464818951e-03 5.593419584872880712e-01 9.095833066375068654e+01
5.485054753190570231e-01 -4.737504830884952528e-02 -8.347835642003041956e-01 -6.194803354936237838e+01 2.272579978784296240e-02 9.988691033956320631e-01 -4.176710508331395871e-02 -6.004438291104669645e+00 8.358181791674024197e-01 3.935918968314265631e-03 5.489622628685630890e-01 9.164863940299839840e+01
5.373393415181864086e-01 -4.820930393689377980e-02 -8.420336806120464201e-01 -6.302116605997074572e+01 2.203018795018890641e-02 9.988265669989794260e-01 -4.311369322441422486e-02 -6.066819002289772556e+00 8.431250047166893857e-01 4.611757744957619212e-03 5.377706730944676883e-01 9.231717159642904846e+01
5.291026045390282428e-01 -4.949378177884133923e-02 -8.472621051561507466e-01 -6.409663450691758158e+01 2.105177305781468292e-02 9.987553689877259888e-01 -4.520774451245316433e-02 -6.139020051268490263e+00 8.484459899937245586e-01 6.075571523032122917e-03 5.294867015373329044e-01 9.297859884790230467e+01
5.191824060893399650e-01 -4.918032928373605728e-02 -8.533134205816360618e-01 -6.518323912189276825e+01 2.026626573844842599e-02 9.987706259614492765e-01 -4.523873645528248694e-02 -6.211806140379918517e+00 8.544894244080906143e-01 6.194065596686869520e-03 5.195409121173018008e-01 9.362469834467272278e+01
