1.0 0.0 0.0 0.0 0.0 1.0 0.0 0.0 0.0 0.0 1.0 0.0
0.99993294 0.01153736 0.0009833814 0.30078125 -0.011534965 0.99993056 -0.0024067871 -0.010375977 -0.0010110824 0.0023952797 0.9999966 0.0024414062
0.9998038 0.019730775 0.0017236246 0.5852051 -0.019721923 0.99979293 -0.0050122114 -0.024047852 -0.0018221432 0.004977233 0.99998593 0.0057373047
0.9997958 0.020176597 0.0011676804 0.88464355 -0.020168357 0.9997743 -0.0066845515 -0.03515625 -0.0013022667 0.0066596386 0.999977 0.0056152344
0.9998267 0.018619258 -0.00013252263 1.1912842 -0.018619724 0.99979585 -0.007855894 -0.040039062 -1.3764864e-05 0.0078569995 0.9999691 0.0072021484
0.9999327 0.011444217 -0.0019322771 1.5079346 -0.011464274 0.999877 -0.01070819 -0.044555664 0.0018095227 0.010729617 0.9999408 0.010375977
0.9999949 0.0006422119 -0.0031406574 1.831543 -0.0006773048 0.99993724 -0.011181513 -0.040039062 0.0031332762 0.011183584 0.9999325 0.017578125
0.999863 -0.016230801 -0.003214073 2.1628418 0.016197136 0.99981636 -0.010234239 -0.02734375 0.0033796495 0.010180747 0.9999425 0.020507812
0.9993757 -0.03514673 -0.0035901777 2.5090332 0.035125002 0.99936527 -0.0059445268 0.004272461 0.0037968194 0.005814697 0.99997586 0.021850586
0.99853057 -0.053967405 -0.0048826244 2.8625488 0.053955745 0.99854 -0.0024894392 0.044921875 0.005009843 0.0022223368 0.999985 0.03125
0.9971473 -0.07529447 -0.005211465 3.225586 0.075282894 0.99715894 -0.0023825625 0.08239746 0.0053760903 0.0019834668 0.9999836 0.029418945
0.9954579 -0.09507876 -0.0047379364 3.6068115 0.09506099 0.99546343 -0.0038447962 0.12902832 0.005082064 0.0033769428 0.9999814 0.03100586
0.99324733 -0.11594613 -0.0035175194 3.9925537 0.11592669 0.99324167 -0.005304777 0.1776123 0.004108805 0.0048611467 0.99997973 0.03845215
0.9912241 -0.1321779 -0.0028273333 4.390869 0.13216384 0.9912189 -0.0046920865 0.24438477 0.0034225085 0.0042772824 0.999985 0.039794922
0.98898023 -0.14807428 -0.0021942249 4.8083496 0.14806722 0.9889789 -0.0030891248 0.31933594 0.0026272598 0.002730268 0.99999285 0.046020508
0.98666763 -0.16272305 -0.0026147012 5.23291 0.16271575 0.9866683 -0.0027997887 0.39916992 0.0030355726 0.0023370327 0.99999267 0.049438477
0.9847479 -0.17397422 -0.0029952337 5.671997 0.17395917 0.98474383 -0.0047117174 0.48254395 0.003768941 0.004118864 0.99998444 0.053100586
0.982965 -0.18374586 -0.004526804 6.120117 0.18371315 0.98295796 -0.006813707 0.5666504 0.005701874 0.0058659785 0.9999665 0.0657959
0.9815033 -0.19135496 -0.0066837883 6.5822754 0.19131336 0.9815133 -0.0063968194 0.66064453 0.0077839275 0.005000108 0.9999572 0.068847656
0.979969 -0.19897245 -0.008410091 7.0625 0.19891995 0.9799929 -0.0066853133 0.76782227 0.009572142 0.0048791193 0.9999423 0.06665039
0.97827196 -0.20701891 -0.011091254 7.550293 0.20695114 0.9783244 -0.0069555994 0.876709 0.012290912 0.004508646 0.9999143 0.072509766
0.97668403 -0.21437015 -0.012467 8.049438 0.21423486 0.9767273 -0.011345175 0.9836426 0.014608628 0.008411024 0.99985784 0.080200195
0.97495097 -0.22205621 -0.012170738 8.572266 0.22183819 0.97492754 -0.017041212 1.0949707 0.015650092 0.0139138 0.9997806 0.09484863
0.9730612 -0.23010567 -0.013996257 9.093384 0.22985144 0.9730614 -0.017672561 1.2202148 0.017686915 0.013978371 0.9997456 0.114746094
0.97086054 -0.23881264 -0.019707862 9.625732 0.23857592 0.97102284 -0.013630993 1.3691406 0.022392936 0.008532378 0.9997128 0.1138916
0.96893924 -0.24612945 -0.02374211 10.177856 0.24591567 0.9692152 -0.01158395 1.5201416 0.025863003 0.005383973 0.99965084 0.12451172
0.96646124 -0.25565904 -0.024335422 10.73938 0.2553775 0.9667391 -0.014104929 1.6740723 0.027131084 0.007416569 0.9996043 0.1385498
0.9641693 -0.2639584 -0.025991544 11.315186 0.26360098 0.9644779 -0.01639504 1.8334961 0.02939684 0.008954773 0.9995276 0.16625977
0.9620109 -0.2714765 -0.028745916 11.902954 0.27109843 0.96240705 -0.016397074 2.0092773 0.032116868 0.007981191 0.9994522 0.18432617
0.95952153 -0.27970713 -0.032392737 12.487915 0.27935863 0.96005356 -0.0149226785 2.1918945 0.035272963 0.0052680383 0.99936384 0.20275879
0.95733464 -0.2865739 -0.037499774 13.089233 0.28613257 0.9580539 -0.016762711 2.3806152 0.040730275 0.0053201495 0.9991561 0.22839355
0.9551138 -0.29261306 -0.045745857 13.704834 0.29210347 0.956202 -0.017608397 2.578247 0.04889601 0.0034552368 0.9987983 0.26123047
0.9532161 -0.29751104 -0.053587534 14.332275 0.29697874 0.9547204 -0.017821161 2.7816162 0.05646284 0.001074146 0.99840415 0.28930664
0.95200795 -0.29963988 -0.062679246 14.970703 0.29909664 0.9540675 -0.01809828 2.993042 0.0652219 -0.0015125088 0.9978699 0.32629395
0.94966936 -0.30476832 -0.07223777 15.619019 0.30427584 0.9524015 -0.017996006 3.208496 0.074284635 -0.004897965 0.9972237 0.3668213
0.94852436 -0.30661902 -0.07948813 16.279907 0.30628136 0.9518105 -0.01670786 3.43396 0.080779456 -0.0084909275 0.9966966 0.41625977
0.9458485 -0.31273872 -0.08693111 16.944824 0.3126204 0.9497503 -0.015328288 3.6643066 0.08735574 -0.012679081 0.9960965 0.4729004
0.94360054 -0.3175455 -0.093820795 17.620972 0.31764427 0.94811255 -0.014275136 3.9073486 0.09348594 -0.016328163 0.995487 0.53430176
0.9420817 -0.32016128 -0.100030735 18.310669 0.32058808 0.947156 -0.012216808 4.1556396 0.09865494 -0.02055958 0.99490774 0.60302734
0.9397213 -0.32548434 -0.10456982 19.009644 0.32641014 0.94516385 -0.008621875 4.4125977 0.10164259 -0.02604059 0.9944794 0.6734619
0.9379546 -0.33020478 -0.10605198 19.72168 0.33127 0.94352406 -0.00792078 4.6765137 0.1026766 -0.027693726 0.99432975 0.7474365
0.93596953 -0.3357495 -0.10598611 20.439087 0.33679044 0.9415412 -0.008444957 4.941284 0.10263012 -0.027790613 0.994332 0.83239746
0.93377995 -0.34223053 -0.10462405 21.171997 0.34340656 0.93916607 -0.007119667 5.2211914 0.100696914 -0.029276686 0.994487 0.9111328
0.9316776 -0.3484851 -0.10282479 21.915527 0.34956503 0.936898 -0.007909166 5.5041504 0.09909163 -0.028566472 0.994669 0.99450684
0.9297077 -0.35465828 -0.0994719 22.658691 0.35574016 0.9345758 -0.0072375108 5.79834 0.09553143 -0.028655823 0.99501324 1.0756836
0.9254411 -0.36679426 -0.095258325 23.414673 0.36801046 0.92983633 -0.005106139 6.099365 0.090446964 -0.030322883 0.99543977 1.1491699
0.9232184 -0.3735521 -0.09028855 24.177856 0.37486863 0.9270879 -0.0025452543 6.4195557 0.08465685 -0.031492416 0.9959127 1.2290039
0.92052203 -0.38079467 -0.087410465 24.937744 0.38235942 0.9240187 0.0012542573 6.7476807 0.08029247 -0.03458641 0.9961693 1.3026123
0.91693985 -0.38967833 -0.0862627 25.705078 0.39131573 0.92029256 0.0022664007 7.0877686 0.07850439 -0.03583099 0.9962689 1.376709
0.91283464 -0.39923722 -0.08602483 26.481934 0.4009366 0.9161347 0.00272225 7.432251 0.07772379 -0.036974967 0.9962882 1.4470215
0.9096189 -0.40654036 -0.085308135 27.261963 0.40821475 0.91286033 0.00240453 7.78833 0.07689701 -0.037016198 0.99635166 1.5146484
0.9054342 -0.41605043 -0.08381518 28.046143 0.41776285 0.90851426 0.0032063406 8.158081 0.07481265 -0.03792572 0.99647605 1.5809326
0.9022573 -0.42342913 -0.08136308 28.84314 0.4250361 0.9051613 0.002713118 8.536255 0.07250133 -0.037031647 0.9966812 1.6494141
0.8995207 -0.43000853 -0.07738223 29.647095 0.43153265 0.9021103 0.003323261 8.929321 0.06837543 -0.036383055 0.99699515 1.7166748
0.8959833 -0.43820807 -0.07251772 30.461914 0.43971935 0.8981586 0.005532811 9.338501 0.06270942 -0.036842417 0.99735135 1.7757568
0.89264905 -0.4456562 -0.067573756 31.277466 0.44699898 0.89451545 0.0054356195 9.751099 0.058027778 -0.03505026 0.9977008 1.8408203
0.88887805 -0.45345056 -0.06537058 32.10327 0.4546905 0.89063525 0.004670575 10.175903 0.05610212 -0.03388041 0.99784935 1.8990479
0.8857482 -0.45969003 -0.06388687 32.93579 0.4608662 0.8874302 0.0042064893 10.609985 0.054761417 -0.033177957 0.99794763 1.9573975
0.8834835 -0.46432152 -0.062040024 33.77588 0.46547502 0.8850401 0.0047807195 11.057007 0.05269035 -0.033100322 0.9980626 2.0042725
0.8797868 -0.471459 -0.06034805 34.6261 0.47247916 0.8813023 0.0030306908 11.517212 0.051756024 -0.03118033 0.9981731 2.058838
0.8776374 -0.47563982 -0.059038814 35.4834 0.47656932 0.8791151 0.0019144956 11.984253 0.050993238 -0.02981526 0.9982543 2.1141357
0.8763988 -0.47790205 -0.059426937 36.351807 0.47879383 0.8779255 0.0008731433 12.46875 0.05175397 -0.02922143 0.99823195 2.16687
0.8748002 -0.48061162 -0.059991505 37.22534 0.4815334 0.87634814 0.0010411215 12.960571 0.05207399 -0.029806498 0.99819845 2.213379
0.87463856 -0.48125443 -0.05853062 38.11316 0.4821324 0.8761112 0.0010135251 13.455078 0.050793212 -0.02910117 0.99828553 2.2712402
0.87500304 -0.480725 -0.05656206 39.012573 0.48160583 0.8763432 0.0022348445 13.958862 0.04849285 -0.029202892 0.9983962 2.3243408
0.87398523 -0.4827853 -0.05592147 39.92627 0.48358586 0.87533057 0.00089624146 14.470581 0.04851541 -0.027824637 0.99843436 2.3806152
0.8742936 -0.48213047 -0.055420555 40.848877 0.48283458 0.87566036 -0.00078587345 14.990723 0.04890779 -0.026079085 0.99846244 2.4334717
0.87263095 -0.48519623 -0.055242535 41.796997 0.4858062 0.87403446 -0.0026894053 15.511475 0.049592096 -0.024490949 0.99846953 2.4813232
0.87224746 -0.48618615 -0.053114135 42.730225 0.48673686 0.8735516 -0.0028965832 16.037354 0.047805578 -0.023323933 0.9985843 2.5391846
0.86954963 -0.49134523 -0.04903741 43.66455 0.49182293 0.8706575 -0.002632553 16.576294 0.043988355 -0.021831036 0.9987935 2.6019287
0.8669189 -0.49635237 -0.043766372 44.596313 0.49674895 0.867794 -0.0020690216 17.111572 0.03900674 -0.019958178 0.99903923 2.6534424
0.86423284 -0.50134397 -0.041208863 45.52246 0.50164384 0.8650337 -0.0034556887 17.650024 0.037379444 -0.017683966 0.9991448 2.7054443
0.85878897 -0.5106191 -0.04211541 46.44458 0.5108315 0.8596714 -0.00636762 18.202026 0.039456207 -0.016045783 0.9990923 2.7601318
0.8530482 -0.51991415 -0.04432092 47.355713 0.52005184 0.8540641 -0.009272727 18.762817 0.042673904 -0.015134233 0.99897486 2.81604
0.8466884 -0.5302797 -0.04349336 48.270264 0.5304205 0.847667 -0.009198203 19.337646 0.041741703 -0.015282899 0.9990114 2.8657227
0.8408977 -0.53978276 -0.03954168 49.18579 0.53997976 0.8416759 -0.0064371666 19.928467 0.03675364 -0.01593586 0.99919724 2.9111328
0.8368875 -0.54619724 -0.036691062 50.08203 0.54644924 0.8375193 -0.0036605792 20.532104 0.0327264 -0.0169856 0.9993199 2.96521
0.8319162 -0.55344623 -0.03895335 50.977783 0.5537878 0.8325975 -0.0023864675 21.131714 0.033752006 -0.019593028 0.999238 3.0145264
0.82905966 -0.5574081 -0.04263047 51.862793 0.5577536 0.8299113 -0.00441378 21.74121 0.037841205 -0.020126427 0.99908096 3.0598145
0.8263005 -0.5610042 -0.049448714 52.749756 0.56139183 0.827487 -0.0069820816 22.35083 0.044834886 -0.021997977 0.9987519 3.1154785
0.82319766 -0.56557184 -0.05094773 53.625244 0.5659706 0.82446474 -0.0076163234 22.964355 0.046309512 -0.02256548 0.99867177 3.1678467
0.82095337 -0.5690169 -0.046752237 54.514893 0.56940377 0.8219949 -0.005883283 23.583252 0.04177777 -0.021797173 0.99888885 3.2260742
0.81723124 -0.574964 -0.04174616 55.40088 0.57531106 0.81804144 -0.0043547763 24.219116 0.036654655 -0.020456316 0.9991183 3.2745361
0.81425124 -0.5792023 -0.03906464 56.28003 0.57956064 0.8149289 -0.0025744196 24.853027 0.033328973 -0.020544775 0.99923325 3.3234863
0.81106746 -0.5833703 -0.040726885 57.158203 0.5837857 0.8117878 -0.0020453548 25.487183 0.03425736 -0.02212002 0.99916834 3.3706055
0.8081595 -0.587551 -0.041735753 58.031982 0.58794814 0.80894166 -0.0033200048 26.133545 0.03571007 -0.021857709 0.9991227 3.4118652
0.80368793 -0.59345067 -0.042877812 58.904297 0.59379643 0.80455685 -0.0055532297 26.780273 0.037789416 -0.020999739 0.99906474 3.4675293
0.8013877 -0.5967246 -0.042515997 59.76831 0.59700525 0.8022745 -0.00715803 27.438965 0.038377583 -0.01964629 0.99906975 3.5150146
0.7955705 -0.6043298 -0.041130427 60.64038 0.604586 0.7964048 -0.0073062107 28.098022 0.03717321 -0.019055817 0.99912727 3.562622
0.7915225 -0.60981965 -0.040721755 61.507812 0.61007637 0.7923388 -0.007230172 28.768188 0.0366773 -0.019118419 0.9991444 3.6113281
0.7864449 -0.6163827 -0.040819306 62.36743 0.6166087 0.78728336 -0.00830381 29.45752 0.037253283 -0.018642245 0.99913156 3.6635742
0.7811471 -0.6231082 -0.040807173 63.22412 0.6233029 0.78200233 -0.009330535 30.153809 0.0377197 -0.018149398 0.999123 3.7124023
0.7762497 -0.6289549 -0.040838357 64.07837 0.6290475 0.77715325 -0.0121606765 30.844849 0.039388288 -0.016255055 0.99909174 3.7580566
0.77068436 -0.63586235 -0.0406019 64.93384 0.63594526 0.77158314 -0.012510533 31.562622 0.03928271 -0.016175244 0.9990974 3.8065186
0.7649812 -0.64276737 -0.041479252 65.78027 0.6427961 0.7659455 -0.014413504 32.275024 0.04103207 -0.015636452 0.9990352 3.8625488
0.7584432 -0.6504826 -0.04053417 66.631836 0.650435 0.75939447 -0.016156627 33.007324 0.04129281 -0.014109572 0.9990476 3.9110107
0.75256896 -0.6573994 -0.03881074 67.4812 0.6573656 0.7534404 -0.015413275 33.749756 0.03937935 -0.013907118 0.99912804 3.963745
0.7469475 -0.66385907 -0.03651994 68.319336 0.66374683 0.74774903 -0.016874218 34.499146 0.038506195 -0.011633315 0.99919075 4.018921
0.7396149 -0.6720944 -0.03611805 69.15112 0.6719177 0.74042165 -0.018636754 35.25647 0.039269805 -0.010478998 0.999174 4.0720215
0.7340857 -0.6779912 -0.036579072 69.97827 0.67774177 0.7349343 -0.020734584 36.031494 0.040942572 -0.009575335 0.9991156 4.128784
0.7290884 -0.6833722 -0.03700566 70.80664 0.6831702 0.7299471 -0.019834492 36.815674 0.04056359 -0.010826396 0.99911803 4.1777344
0.72279805 -0.6901391 -0.03678919 71.63306 0.6899615 0.7236446 -0.01936109 37.61499 0.039980125 -0.011394409 0.99913514 4.2299805
0.71842825 -0.69466066 -0.036967214 72.45801 0.6944965 0.71928036 -0.01920734 38.41394 0.039933927 -0.011869915 0.99913216 4.283203
0.71364945 -0.6995705 -0.037199803 73.281494 0.69941306 0.7145124 -0.019256381 39.22876 0.040051833 -0.012267683 0.9991227 4.338135
0.7081605 -0.704907 -0.039737403 74.09912 0.70472884 0.70914924 -0.020707326 40.056274 0.042779624 -0.01334481 0.9989953 4.395874
0.7037507 -0.7091996 -0.04118013 74.91382 0.7089124 0.70484364 -0.023736857 40.87744 0.045860518 -0.012487214 0.9988699 4.4523926
0.6978892 -0.7148677 -0.04175051 75.72583 0.71458495 0.69901425 -0.02399491 41.722168 0.04633927 -0.013093504 0.9988399 4.5097656
0.6926467 -0.720088 -0.040092006 76.538574 0.7198041 0.69369423 -0.023726648 42.575928 0.044901635 -0.01242231 0.9989145 4.569092
0.6892747 -0.7234528 -0.03826418 77.34912 0.72313344 0.6902477 -0.0241489 43.4375 0.043886997 -0.011025773 0.99897575 4.6413574
0.6838783 -0.7285396 -0.03776312 78.15747 0.7281712 0.6848444 -0.025307951 44.299927 0.04430195 -0.010195307 0.998966 4.695801
0.6796072 -0.73258334 -0.037787747 78.96094 0.73222136 0.6805765 -0.02529792 45.169556 0.044248722 -0.010481281 0.99896526 4.753174
0.67494005 -0.73702836 -0.036513276 79.74902 0.7365926 0.67586976 -0.026821395 46.05078 0.044442732 -0.008789101 0.99897337 4.820801
0.6722728 -0.7395203 -0.034131385 80.55908 0.7390353 0.67310566 -0.027593048 46.938843 0.04337985 -0.006675786 0.9990364 4.8742676
0.6689019 -0.74270505 -0.03287878 81.36206 0.74206835 0.6696997 -0.030964242 47.827637 0.0450129 -0.0036908067 0.99897933 4.937622
0.66325927 -0.7476932 -0.03254953 82.159424 0.7468394 0.6640567 -0.03572804 48.728027 0.04832883 -0.0006047338 0.9988318 5.0
0.65908664 -0.7514853 -0.029904699 82.94556 0.7504305 0.6597534 -0.03999102 49.635986 0.049781043 0.0039101373 0.9987522 5.062378
0.65394557 -0.7560661 -0.02518109 83.75415 0.7548315 0.65435356 -0.044335395 50.55591 0.050000243 0.009992954 0.99869984 5.129883
0.64528334 -0.76363486 -0.020710781 84.55005 0.76225734 0.6454306 -0.048373606 51.479736 0.050313823 0.015434202 0.9986148 5.2003174
0.6377687 -0.7701585 -0.016624596 85.3374 0.76878357 0.63770413 -0.049745556 52.417236 0.048904285 0.0189442 0.9986236 5.273926
0.6272406 -0.77872425 -0.0133201415 86.115234 0.777459 0.62705624 -0.04876285 53.375977 0.046320163 0.020223504 0.99872154 5.331543
0.61731845 -0.7866452 -0.012708597 86.873535 0.78540075 0.61712635 -0.048530433 54.34668 0.046011783 0.019973535 0.99874085 5.40271
0.6093354 -0.79280597 -0.014426943 87.63013 0.7914659 0.6092125 -0.04980933 55.32544 0.04827369 0.01892558 0.9986544 5.4630127
0.59956545 -0.8001568 -0.014212392 88.37451 0.7987021 0.59940225 -0.05217889 56.311035 0.05027801 0.019931212 0.9985363 5.534546
0.5896562 -0.8074439 -0.014837225 89.106445 0.8058858 0.5895097 -0.053922735 57.315186 0.052281212 0.019832587 0.998435 5.6011963
0.58136475 -0.8135039 -0.010523685 89.836914 0.81200683 0.58099985 -0.05448329 58.327393 0.05044034 0.023126839 0.99845916 5.6749268
0.5695577 -0.82186085 -0.0077537433 90.5459 0.8203745 0.56905115 -0.055482823 59.355713 0.05001253 0.025241023 0.99842966 5.7437744
0.5596015 -0.82879823 -0.0067819296 91.250244 0.8273197 0.55905914 -0.0556817 60.39966 0.049940545 0.025543213 0.9984251 5.8168945
0.54922414 -0.8356186 -0.007838185 91.94629 0.83407104 0.54873556 -0.05639976 61.44751 0.051441304 0.02444254 0.99837714 5.8896484
0.53803724 -0.84292465 -0.008502189 92.62085 0.841304 0.5375826 -0.057369158 62.516357 0.05291712 0.023702376 0.99831676 5.9558105
0.5297575 -0.84824026 -0.009958031 93.28735 0.84650666 0.52936476 -0.05875034 63.588135 0.055104516 0.022689017 0.9982224 6.031616
0.5198116 -0.854288 -0.0100600775 93.93921 0.852559 0.519449 -0.058555864 64.6709 0.05524735 0.02186267 0.9982334 6.1088867
0.5100832 -0.8600124 -0.009425081 94.59033 0.8584337 0.50975937 -0.05595821 65.762695 0.052942798 0.020462455 0.99838847 6.186035
0.50343066 -0.8639963 -0.006722581 95.23462 0.8625354 0.50300515 -0.054732233 66.8728 0.05067421 0.021757275 0.9984785 6.2625732
0.49467316 -0.8690033 -0.0064700795 95.8645 0.8675412 0.49424863 -0.054790594 67.98657 0.05080655 0.021496573 0.9984776 6.3363037
0.48730308 -0.8732375 -0.0059672575 96.483154 0.87161773 0.4867954 -0.057928905 69.10376 0.05349096 0.023021959 0.99830264 6.415283
0.48112616 -0.8766191 -0.004533302 97.10693 0.87488556 0.48048916 -0.06057657 70.22363 0.05527359 0.025166797 0.9981533 6.4923096
0.47364104 -0.8806265 -0.0044058114 97.72876 0.8786958 0.47292212 -0.06399566 71.34985 0.05846019 0.026443267 0.9979399 6.5688477
0.46986747 -0.882799 -0.003303342 98.3125 0.88073844 0.46901983 -0.06663716 72.48413 0.06037236 0.028403016 0.997772 6.6593018
0.46490917 -0.8854046 -0.0013630413 98.91821 0.88332826 0.46392268 -0.06775412 73.62158 0.06062122 0.030302841 0.9977014 6.74646
0.46081287 -0.8874762 0.0031086302 99.518555 0.8856908 0.4596577 -0.06510226 74.75122 0.056352317 0.032754 0.9978736 6.83667
0.4574309 -0.8890835 0.009017503 100.105225 0.88753676 0.4559818 -0.06444039 75.88379 0.05319082 0.037477605 0.9978807 6.925537
0.45292446 -0.89144 0.0110820085 100.66968 0.890044 0.45143315 -0.06291656 77.02637 0.051084924 0.038359262 0.99795735 7.0057373
0.45118114 -0.8924309 0.012917883 101.249756 0.89110565 0.4496015 -0.06285747 78.15796 0.050290156 0.039856568 0.9979382 7.0802
0.45075855 -0.89243174 0.015960826 101.81958 0.8912794 0.44906926 -0.061882935 79.28467 0.04807411 0.04212147 0.99795514 7.1571045
0.4472361 -0.89421386 0.018830389 102.37158 0.89319116 0.44542646 -0.06163267 80.40552 0.046724346 0.0443909 0.99792147 7.228882
0.44622266 -0.8947896 0.020498767 102.928955 0.8938016 0.4442988 -0.062450506 81.5188 0.04676885 0.046187058 0.9978374 7.3062744
0.4416407 -0.8969933 0.023094643 103.47778 0.8961318 0.43961677 -0.062145103 82.62964 0.045577776 0.04813691 0.99780023 7.375366
0.43912613 -0.8978534 0.027101114 104.02197 0.8972385 0.43698683 -0.06095422 83.737305 0.042873252 0.051098056 0.997774 7.4505615
0.4391472 -0.89788157 0.030535914 104.556885 0.89742607 0.43683523 -0.0614278 84.83594 0.041826688 0.054367423 0.99764353 7.517456
0.4365895 -0.89886683 0.031770665 105.079834 0.898491 0.43425158 -0.060992654 85.91162 0.04104746 0.055177875 0.997632 7.5821533
0.43402073 -0.9001518 0.033189986 105.596924 0.8997903 0.43154535 -0.062435772 86.98389 0.04186809 0.05698272 0.9974983 7.6505127
0.4365842 -0.8991189 0.03248328 106.11377 0.89866364 0.43405756 -0.06381187 88.051025 0.043278307 0.05704077 0.9974327 7.720459
0.43608335 -0.89930147 0.031440042 106.60962 0.8987523 0.43355948 -0.06458722 89.09619 0.04445023 0.05642555 0.997417 7.781616
0.43863627 -0.8981114 0.028983615 107.110596 0.89747053 0.43626475 -0.06375234 90.140625 0.04463767 0.053980477 0.99754345 7.847534
0.44167036 -0.8966521 0.027142743 107.60498 0.8959107 0.43936932 -0.06399043 91.16333 0.04544207 0.0525868 0.99758244 7.915161
0.44778067 -0.8937989 0.025038937 108.1084 0.89295685 0.44556284 -0.064141 92.18213 0.04615584 0.051078256 0.99762774 7.982666
0.45338523 -0.8910159 0.023902174 108.61499 0.89015204 0.45123714 -0.06364419 93.201416 0.04594446 0.050125867 0.99768484 8.047241
0.4584326 -0.888489 0.023115452 109.12158 0.8876377 0.4563596 -0.06280005 94.19507 0.045236148 0.049312092 0.997759 8.113525
0.46871477 -0.8830846 0.021297937 109.63965 0.88221097 0.46676046 -0.061832003 95.18994 0.044660166 0.047761265 0.99785924 8.168457
0.47844493 -0.87785566 0.021163484 110.16968 0.8770477 0.47654024 -0.06070901 96.18945 0.0432124 0.0476193 0.997931 8.232056
0.48608452 -0.873622 0.019323638 110.69531 0.8727904 0.4843025 -0.05964103 97.156494 0.04274216 0.04587449 0.99803346 8.29895
0.4958452 -0.8682563 0.018551903 111.24365 0.8673782 0.49405596 -0.06032157 98.124756 0.043198492 0.045985743 0.99800694 8.357544
0.50719595 -0.86172265 0.014652418 111.789795 0.86062187 0.5054952 -0.06190123 99.07861 0.04594432 0.04400208 0.99797416 8.415039
0.5186293 -0.854867 0.011049738 112.34473 0.8536215 0.51707035 -0.062163763 100.0166 0.047434524 0.041669518 0.9980046 8.478149
0.53115827 -0.847223 0.008519325 112.92236 0.8459769 0.52976876 -0.06046703 100.9624 0.0467209 0.03932573 0.9981337 8.539429
0.5419347 -0.8403957 0.0072988663 113.50244 0.8392643 0.54070777 -0.057290766 101.885254 0.04419869 0.03717328 0.998331 8.602051
0.5558156 -0.83119094 0.008001806 114.10791 0.830168 0.554594 -0.055858236 102.80957 0.04199511 0.03769119 0.9984067 8.658936
0.5658331 -0.82448196 0.0070231175 114.71118 0.8234813 0.5646793 -0.05480777 103.70068 0.041216005 0.03680361 0.9984728 8.716919
0.5775306 -0.8164329 0.006248018 115.325195 0.8154226 0.57639664 -0.054746527 104.58447 0.041085802 0.036719598 0.9984812 8.772705
0.58905303 -0.80806464 0.0050151343 115.95361 0.80699277 0.58792657 -0.05552002 105.45288 0.041918408 0.036759112 0.99844503 8.825928
0.59892094 -0.8008182 0.0059501072 116.58569 0.7997087 0.59766304 -0.057575405 106.302246 0.042561457 0.039238617 0.99832267 8.881958
0.60993594 -0.7924844 0.00478705 117.22168 0.7913681 0.6087323 -0.057080247 107.13501 0.04231371 0.038599387 0.9983583 8.944946
0.62128794 -0.78354716 0.005287997 117.86401 0.78257835 0.6201532 -0.054351956 107.95361 0.03930856 0.037905283 0.99850786 8.99939
0.63038945 -0.7761418 0.0071085296 118.5022 0.7753496 0.6292714 -0.051845197 108.75952 0.035773218 0.038191386 0.9986297 9.049438
0.64140785 -0.7672026 0.0065563605 119.16919 0.7664533 0.6403496 -0.050488304 109.555664 0.034534026 0.03741352 0.99870324 9.105225
0.64958143 -0.7603175 0.0040200977 119.80347 0.75952554 0.64864373 -0.049364507 110.32422 0.034926586 0.035118625 0.99877256 9.143921
0.65906006 -0.75202763 0.0010108254 120.46338 0.75119704 0.6582678 -0.04789242 111.08667 0.035351884 0.03232362 0.99885213 9.192993
0.66923547 -0.74303645 0.00034192044 121.131836 0.74221754 0.6684761 -0.047257192 111.84155 0.034879386 0.031885017 0.9988832 9.244507
0.6771328 -0.73582596 0.0006386659 121.788574 0.73509187 0.6764183 -0.045251615 112.57788 0.03286285 0.031110914 0.9989756 9.291748
0.6861032 -0.7274327 0.0015607188 122.461914 0.7267882 0.68540204 -0.043614782 113.29004 0.030652521 0.031060616 0.99904764 9.335571
0.69437087 -0.71953917 0.0023021216 123.1438 0.7189518 0.6936672 -0.042737845 113.997314 0.02916369 0.031333223 0.99908334 9.382935
0.7025018 -0.7116645 0.0012140613 123.80298 0.71106887 0.70184183 -0.0421354 114.6814 0.029136201 0.030465795 0.9991112 9.419434
0.71034926 -0.7037177 0.0012179052 124.494385 0.70315796 0.7097131 -0.041134637 115.36719 0.02809175 0.030075243 0.99915266 9.459351
0.7164633 -0.6975973 0.0017669182 125.158936 0.6971549 0.71591395 -0.037511602 116.028564 0.024902074 0.02810791 0.9992947 9.497192
0.7235988 -0.6902353 0.0026627155 125.836426 0.6898854 0.7230978 -0.034847986 116.687256 0.02212745 0.027048541 0.999389 9.536987
0.7313495 -0.68184465 0.0030272712 126.51782 0.681549 0.73088586 -0.0330259 117.33252 0.020307135 0.026219554 0.9994501 9.567749
0.73985994 -0.6727499 0.0029264176 127.17871 0.67247504 0.7394178 -0.032138217 117.944824 0.019452846 0.025748493 0.9994795 9.607056
0.74510986 -0.6668854 0.0016684881 127.84668 0.6666425 0.7447662 -0.028957818 118.56152 0.018071566 0.02268726 0.9995792 9.626465
0.75478226 -0.65597403 0.0027845812 128.52832 0.6558102 0.75448346 -0.025947273 119.15869 0.014922477 0.021408344 0.9996593 9.658691
0.76409984 -0.64496917 0.0040091192 129.18896 0.64487976 0.76385397 -0.022518221 119.730225 0.0114623895 0.019792506 0.9997384 9.681763
0.77437466 -0.6325439 0.004343325 129.87402 0.632482 0.7741554 -0.020898461 120.298096 0.009860515 0.018932115 0.9997723 9.705688
0.78361565 -0.6212617 0.0030515317 130.53467 0.6211876 0.78342366 -0.020051498 120.83374 0.01006555 0.017607082 0.99979436 9.725342
0.79344165 -0.60849035 0.0012942965 131.21313 0.6083869 0.7932637 -0.02025444 121.36255 0.011296032 0.016859278 0.99979424 9.74585
0.8039651 -0.5947064 0.0011260584 131.90967 0.5946038 0.8037882 -0.020192053 121.87744 0.011101291 0.016902365 0.99979556 9.762695
0.81303483 -0.58214015 0.0024820224 132.59155 0.58208334 0.8128785 -0.01806533 122.37573 0.008498662 0.016134154 0.99983376 9.780518
0.8230451 -0.56792986 0.0035361554 133.30396 0.56791097 0.82292205 -0.015375102 122.87402 0.0058239074 0.014662038 0.99987555 9.795776
0.83193153 -0.5547856 0.0058746133 133.99268 0.554809 0.8318168 -0.014128371 123.348145 0.0029533661 0.0150137665 0.99988294 9.818481
0.84044063 -0.54180664 0.0085172895 134.70874 0.5418735 0.8403448 -0.012691896 123.80835 -0.00027999515 0.015282891 0.9998832 9.821533
0.8497968 -0.5271272 0.010630662 135.44873 0.52722776 0.8497147 -0.012098553 124.27051 -0.0026555096 0.015884403 0.99987024 9.834351
0.8558663 -0.5170485 0.012918537 136.15869 0.5171856 0.85580117 -0.011685848 124.714355 -0.005014546 0.016682163 0.9998483 9.841675
0.8627271 -0.5054778 0.01312108 136.88696 0.5056237 0.86265016 -0.01254997 125.15088 -0.0049758735 0.017463872 0.99983513 9.850586
0.86941177 -0.49388242 0.012894425 137.65161 0.49400735 0.86938524 -0.0094289305 125.58667 -0.0065523097 0.014568504 0.9998724 9.851196
0.8756977 -0.4826173 0.012371274 138.3794 0.4827303 0.8756796 -0.008696508 125.9895 -0.006636219 0.0135891875 0.9998857 9.855347
0.8819358 -0.47115752 0.012640933 139.15088 0.47126117 0.8819438 -0.0069207693 126.420166 -0.007887603 0.01206139 0.99989617 9.855957
0.88726944 -0.46101114 0.012771429 139.90039 0.46112287 0.8872692 -0.007762879 126.81177 -0.007751905 0.012776954 0.9998883 9.859497
0.89197785 -0.45184594 0.01213776 140.67065 0.45195574 0.8919634 -0.00860244 127.20264 -0.006938659 0.013159865 0.9998893 9.860962
0.8966386 -0.44258985 0.011710769 141.46216 0.44269904 0.89661235 -0.009358027 127.592285 -0.006357935 0.013575086 0.9998876 9.863159
0.8996587 -0.43635473 0.012345983 142.22925 0.43646422 0.8996531 -0.008178953 127.98755 -0.007538579 0.012748891 0.99989027 9.861694
0.90281945 -0.42969778 0.01516245 143.0415 0.42982224 0.90286714 -0.0060605877 128.36768 -0.011084534 0.011989202 0.99986655 9.861206
0.9056978 -0.42355305 0.018236049 143.8706 0.42366838 0.90582305 -0.0028156051 128.75366 -0.015326 0.010277778 0.9998296 9.857178
0.9084851 -0.41734093 0.020269163 144.68677 0.4174154 0.90867656 0.0006070109 129.13965 -0.018671993 0.007909071 0.9997944 9.8479
0.9116108 -0.41055363 0.021157037 145.5232 0.41058618 0.9118366 0.0029778713 129.52612 -0.020514723 0.0059696943 0.9997717 9.838623
0.9148041 -0.40317002 0.023200897 146.3711 0.4031608 0.915087 0.005286509 129.91455 -0.023361832 0.004519563 0.99971676 9.822144
0.9172277 -0.3975118 0.025902934 147.24731 0.39748132 0.91758317 0.00653724 130.29053 -0.026366966 0.004300629 0.99964297 9.807861
0.92068434 -0.38931152 0.028488804 148.12231 0.38928148 0.9211125 0.0068200724 130.66943 -0.028896011 0.0048105465 0.9995708 9.787842
0.9236699 -0.38207215 0.029888213 149.0227 0.3820548 0.9241377 0.0065131234 131.03613 -0.030108772 0.005403486 0.99953187 9.768921
0.9271075 -0.3736042 0.02975663 149.92358 0.37359446 0.927569 0.006092499 131.40894 -0.029878132 0.005470237 0.99953854 9.740967
0.9313107 -0.3629674 0.030570379 150.86914 0.36304572 0.9317766 0.0031426637 131.77222 -0.029625619 0.00817195 0.9995276 9.727295
0.9350553 -0.353263 0.030416789 151.80957 0.35336536 0.9355088 0.002119468 132.13354 -0.029203715 0.008763287 0.9995352 9.698486
0.93929815 -0.34189183 0.028532272 152.78125 0.34201223 0.9396874 0.00069808634 132.48682 -0.027050516 0.009102563 0.9995927 9.672485
0.94423145 -0.32823774 0.026810821 153.76343 0.32827535 0.94459385 0.00311046 132.8335 -0.026346222 0.005862152 0.9996358 9.648193
0.9495252 -0.31249258 0.026878932 154.74292 0.31242985 0.9499032 0.006611881 133.18237 -0.027598567 0.002120303 0.99961686 9.631226
0.9552202 -0.2945135 0.028977066 155.75708 0.29431313 0.95565736 0.01104964 133.50488 -0.030945856 -0.0020296583 0.9995192 9.601318
0.9610006 -0.27485085 0.030136017 156.79443 0.27453908 0.9614586 0.014118657 133.81201 -0.03285514 -0.005291294 0.99944586 9.570435
0.96709776 -0.25251102 0.031136049 157.83179 0.2521011 0.96756476 0.01651508 134.11621 -0.03429674 -0.0081228 0.9993786 9.556152
0.97231334 -0.23148644 0.03211272 158.89062 0.23100878 0.9727919 0.017914757 134.37354 -0.0353859 -0.01000228 0.9993237 9.510498
0.9772147 -0.20919964 0.03577798 159.9668 0.20864487 0.9778106 0.018635824 134.60522 -0.038882703 -0.010744554 0.99918574 9.488281
0.98141146 -0.18794063 0.038835302 161.08203 0.18723297 0.98208684 0.021152625 134.83081 -0.04211529 -0.013488306 0.9990217 9.442871
0.98523337 -0.16554916 0.04373478 162.21313 0.16465746 0.9860782 0.023286505 135.03442 -0.04698015 -0.01574135 0.99877155 9.405884
0.9884985 -0.14362498 0.047399774 163.32837 0.14254758 0.98946416 0.025396304 135.22021 -0.050547227 -0.018348185 0.99855304 9.357178
0.9916543 -0.11988298 0.047473885 164.49072 0.11871487 0.9925713 0.026706293 135.37622 -0.050322965 -0.020847622 0.99851483 9.312378
0.9939484 -0.09956334 0.04641332 165.62622 0.09836092 0.99477017 0.027514273 135.50708 -0.0489104 -0.02278328 0.9985436 9.259888
0.99607766 -0.076002024 0.04534897 166.82593 0.07482642 0.9968305 0.027082063 135.59766 -0.047262896 -0.023583563 0.99860406 9.204346
0.9972095 -0.057569604 0.047519866 168.00684 0.05638723 0.99807423 0.025860319 135.67358 -0.04891679 -0.023108229 0.9985353 9.159546
0.9980352 -0.03764405 0.05008475 169.19165 0.036399838 0.99901104 0.02552501 135.7351 -0.05099632 -0.023651564 0.9984188 9.112061
0.9985687 -0.015059476 0.051321242 170.41602 0.013718094 0.99955755 0.0263928 135.76978 -0.05169601 -0.025650952 0.99833363 9.057861
0.9986175 0.0050540264 0.052320577 171.63672 -0.006535296 0.9995816 0.028182399 135.77686 -0.052156292 -0.02848533 0.9982327 9.001221
0.99825156 0.025336023 0.053410377 172.88086 -0.026872959 0.9992394 0.028257592 135.76562 -0.05265385 -0.02964314 0.9981731 8.94397
0.9975775 0.044297542 0.053628903 174.13159 -0.045967184 0.99848324 0.030306268 135.72144 -0.05220505 -0.032698408 0.9981005 8.883423
0.9964847 0.06433714 0.05366398 175.3938 -0.06607893 0.9973218 0.03133639 135.65381 -0.051503543 -0.034771767 0.9980675 8.824463
0.99486566 0.0868822 0.051908206 176.66455 -0.08859179 0.9955671 0.031603996 135.56714 -0.048933323 -0.03604017 0.9981521 8.768188
0.993411 0.10337318 0.049489282 177.9226 -0.10511377 0.99388045 0.033965956 135.45361 -0.045676056 -0.038944032 0.9981971 8.713013
0.9912176 0.122937754 0.048697412 179.2312 -0.12468665 0.99158984 0.034651965 135.30249 -0.044027187 -0.04042061 0.99821186 8.657837
0.98874044 0.14230932 0.04627832 180.54883 -0.1439463 0.988995 0.03420166 135.13184 -0.04090291 -0.04047735 0.99834335 8.614258
0.98593754 0.16176246 0.041921135 181.86304 -0.16330309 0.9859047 0.03635795 134.93262 -0.035448637 -0.042693533 0.998459 8.566528
0.9825531 0.18231608 0.03679921 183.19409 -0.18369201 0.9822394 0.03829023 134.71509 -0.029163625 -0.044380188 0.9985886 8.535156
0.97956634 0.19849053 0.032374088 184.50122 -0.19973266 0.978984 0.041156422 134.45947 -0.023524545 -0.0467817 0.9986281 8.497559
0.9763219 0.21438138 0.029174406 185.82886 -0.215501 0.9755625 0.043049626 134.18604 -0.019235823 -0.048317537 0.99864703 8.476685
0.97187704 0.23390228 0.027538523 187.19678 -0.23497008 0.9709348 0.045697737 133.88232 -0.016051311 -0.050881032 0.9985759 8.455566
0.9679172 0.24965492 0.028260421 188.5249 -0.25072917 0.96701634 0.044756312 133.5481 -0.01615198 -0.050404355 0.9985979 8.442139
0.9631771 0.26742062 0.027906168 189.84863 -0.2684448 0.9623032 0.043727383 133.1875 -0.015160217 -0.049607113 0.9986536 8.4296875
0.958203 0.28498966 0.024505138 191.22144 -0.28583348 0.9572507 0.04407919 132.802 -0.010894721 -0.049241975 0.9987276 8.425049
0.95318955 0.30168095 0.02116398 192.57666 -0.30235824 0.9520926 0.046122137 132.39331 -0.0062345504 -0.05036053 0.998711 8.417358
0.94793797 0.31771916 0.021838427 193.90259 -0.3184208 0.94675314 0.04770064 131.97339 -0.005521593 -0.05216969 0.998623 8.412964
0.94132 0.33670878 0.023067601 195.26733 -0.33746004 0.94003785 0.04937677 131.50464 -0.005059655 -0.05426392 0.998514 8.417236
0.935442 0.35285252 0.02196327 196.60815 -0.35353112 0.93392766 0.053233005 131.0232 -0.0017320672 -0.05755925 0.9983406 8.41394
0.9284059 0.37106338 0.019903079 197.9502 -0.37159303 0.9268205 0.054256484 130.50952 0.0016846145 -0.057767373 0.99832857 8.423462
0.92138445 0.38819462 0.017438143 199.31396 -0.38855004 0.9197631 0.05489025 129.95386 0.005272009 -0.057350926 0.9983402 8.433472
0.91412836 0.405204 0.01316818 200.66528 -0.40527573 0.91246575 0.056147765 129.3689 0.010734027 -0.056663323 0.9983359 8.454956
0.9049895 0.42536777 0.009384375 201.98682 -0.42515045 0.90323097 0.05875214 128.79297 0.01651486 -0.057158384 0.99822813 8.484131
0.89549583 0.4449869 0.008521105 203.31714 -0.44461435 0.8935538 0.062281184 128.17212 0.020097535 -0.05956091 0.9980226 8.521851
0.882385 0.4703955 0.009458758 204.65259 -0.4699591 0.88025486 0.065199874 127.48804 0.022359129 -0.061974604 0.9978255 8.557739
0.86930865 0.4943464 0.010341505 205.97852 -0.4938025 0.86689717 0.069475695 126.77515 0.025381321 -0.06549686 0.997528 8.60437
0.8550777 0.51839936 0.010859935 207.27368 -0.51770186 0.8523819 0.07378054 126.04492 0.028989648 -0.06870902 0.9972153 8.650879
0.84010834 0.5422058 0.010860139 208.5476 -0.5413093 0.8371668 0.07761799 125.268555 0.032994878 -0.0710837 0.99692476 8.705444
0.8247002 0.5654897 0.010899294 209.82251 -0.56446844 0.82169044 0.07890124 124.44971 0.0356681 -0.07121526 0.9968215 8.769775
0.8078226 0.5891677 0.010526797 211.07544 -0.58797914 0.8047577 0.080311425 123.583984 0.03887038 -0.07106837 0.9967126 8.834595
0.7912333 0.61145824 0.008127363 212.30151 -0.6099289 0.78816146 0.08237969 122.67554 0.04395984 -0.07013142 0.9965684 8.90686
0.7746006 0.63233143 0.0053292485 213.4917 -0.63042617 0.77155316 0.084560744 121.758545 0.04935551 -0.068872936 0.9964058 8.989136
0.7578456 0.6523481 0.003169517 214.6831 -0.6501316 0.7548533 0.086147696 120.76782 0.053819045 -0.067338854 0.99627614 9.075073
0.7412238 0.67130893 0.0022205927 215.8252 -0.6688778 0.73824954 0.08753613 119.78418 0.0571234 -0.06636775 0.9961583 9.169312
0.72407454 0.6898051 0.0015813598 216.98218 -0.68722004 0.7211601 0.08817894 118.74365 0.059668962 -0.06492977 0.9961041 9.269287
0.70786786 0.70626557 0.0010259142 218.08911 -0.7035483 0.70501685 0.08866129 117.66919 0.06189929 -0.06347697 0.9960613 9.374634
0.69403964 0.72000706 -0.0008729801 219.17139 -0.71710414 0.69134873 0.08890076 116.57739 0.06459423 -0.061080903 0.9960416 9.485474
0.67788506 0.73513174 -0.0034449103 220.23193 -0.7319082 0.6753361 0.0904901 115.499756 0.068861455 -0.058820967 0.9958903 9.590942
0.66391027 0.7478358 -0.005789011 221.2627 -0.7442737 0.66146684 0.09267219 114.36597 0.07311841 -0.05720924 0.9956804 9.714844
0.6484738 0.7612915 -0.0066993777 222.30005 -0.7574577 0.64604336 0.09493457 113.18945 0.0765945 -0.05648814 0.9954608 9.834839
0.63300574 0.7741113 -0.0060008913 223.29346 -0.77026844 0.6306007 0.09491349 112.0354 0.07726072 -0.055448014 0.9954667 9.968262
0.6157931 0.78791595 -0.0029257154 224.26611 -0.78406197 0.61313856 0.09656323 110.83496 0.07789908 -0.057167515 0.9953202 10.099365
0.5976035 0.8017544 0.0018077493 225.21582 -0.79808414 0.5946491 0.0969528 109.62036 0.07665438 -0.059389066 0.9952883 10.236816
0.5794313 0.8150048 0.007220837 226.13599 -0.81149256 0.5760655 0.09824324 108.398926 0.07590931 -0.0627691 0.99513537 10.366333
0.5612974 0.8274825 0.011927088 227.00903 -0.824105 0.55757326 0.09944972 107.17163 0.07563732 -0.0656571 0.9949723 10.503418
0.54264885 0.839842 0.013715666 227.86816 -0.83626306 0.5386599 0.10246712 105.92798 0.078685686 -0.06709186 0.9946408 10.640747
0.5260129 0.850257 0.01675782 228.67114 -0.84654117 0.5216302 0.10573362 104.68384 0.08116005 -0.069811344 0.99425405 10.78125
0.50771433 0.86135316 0.020126456 229.44336 -0.85778385 0.5031415 0.1056635 103.42529 0.080873966 -0.07091322 0.99419904 10.922485
0.48591703 0.8736521 0.024060957 230.18774 -0.87035817 0.4812132 0.10429175 102.14111 0.07952348 -0.07163002 0.9942575 11.06311
0.4661502 0.88435566 0.027472012 230.89355 -0.88139606 0.461428 0.101792395 100.891846 0.077329636 -0.071664646 0.99442697 11.196899
0.44448733 0.8953635 0.031903394 231.56812 -0.8927071 0.4395877 0.10047139 99.59497 0.07593258 -0.07311919 0.99442667 11.335083
0.42079273 0.9064981 0.03381087 232.21313 -0.90400803 0.41596526 0.09844959 98.303955 0.07517691 -0.071997896 0.9945681 11.466431
0.40030867 0.9157081 0.03567519 232.79297 -0.9132465 0.39540046 0.09836925 97.041016 0.07597792 -0.07194052 0.99450916 11.594116
0.3789272 0.924809 0.035579015 233.35059 -0.9222731 0.37412703 0.09778918 95.751465 0.077112384 -0.06985377 0.9945712 11.720947
0.35494187 0.9341644 0.034989513 233.88452 -0.93149674 0.35028175 0.09738635 94.45581 0.07873114 -0.06713985 0.9946304 11.852417
0.33615267 0.9412158 0.03368865 234.35254 -0.9384236 0.33169144 0.09676812 93.1897 0.07990313 -0.06415176 0.99473697 11.980591
0.31487027 0.9486416 0.033824116 234.81738 -0.94594276 0.31060567 0.09445606 91.896484 0.07909953 -0.061726008 0.9949531 12.111816
0.29441747 0.9551037 0.034630276 235.23438 -0.95243996 0.29020435 0.09349849 90.6084 0.07926543 -0.06051443 0.99501544 12.239014
0.27414685 0.96099687 0.036307953 235.62695 -0.9579885 0.26959643 0.0978025 89.34619 0.084172815 -0.061576687 0.9945451 12.37085
0.25246894 0.96688014 0.03768888 235.99243 -0.9630846 0.24732922 0.10634844 88.0813 0.09354445 -0.0631431 0.9936107 12.504028
0.2351902 0.97111005 0.040876284 236.32397 -0.96658325 0.22925936 0.11487939 86.82959 0.10217546 -0.06652413 0.992539 12.642212
0.21425174 0.97575665 0.043755464 236.6211 -0.9710022 0.20793067 0.117673516 85.58301 0.105712704 -0.067737736 0.99209046 12.792969
0.19437712 0.97975045 0.0481109 236.91504 -0.97507685 0.18763103 0.11844592 84.32251 0.10703665 -0.069953404 0.9917931 12.945068
0.17612511 0.9829012 0.053106 237.16772 -0.9784229 0.1689102 0.118728615 83.08472 0.10770673 -0.072877556 0.9915081 13.098511
0.15396018 0.98635715 0.057649024 237.39844 -0.9821391 0.14641386 0.11786105 81.83569 0.10781786 -0.07475542 0.9913549 13.251953
0.13965093 0.9884839 0.059040103 237.59058 -0.984358 0.13208382 0.11694974 80.61133 0.1077955 -0.07442255 0.9913811 13.401733
0.12017727 0.990799 0.061780866 237.75488 -0.98686004 0.11248526 0.11575443 79.386475 0.107707635 -0.074882284 0.9913581 13.547974
