1.000000000000000000e+00 4.398956837314658088e-19 2.733407509747682871e-20 -8.673617379884035472e-19 -5.583667658079949532e-19 1.000000000000000000e+00 -6.100159232558060012e-19 0.000000000000000000e+00 4.145284534913582806e-20 -2.210423569125054137e-19 1.000000000000000222e+00 0.000000000000000000e+00
9.999419059402304688e-01 -1.311913362895161675e-03 1.069876831253484088e-02 6.135453182066147315e-02 1.305154611976032560e-03 9.999989443213581630e-01 6.386901201637174355e-04 -7.275323029887537096e-03 -1.069959510872381739e-02 -6.246894641707424192e-04 9.999425625578017840e-01 2.879631316556588994e-01
9.998495163234483174e-01 -2.762378110262906673e-03 1.712641232043107115e-02 7.085788017929359195e-02 2.751465047385570975e-03 9.999959964219510278e-01 6.607382174814131022e-04 -1.001634420738548026e-02 -1.712816925800431447e-02 -6.135160501148504602e-04 9.998531139107729171e-01 5.775560388184086680e-01
9.997980201348959373e-01 -4.650957900643099864e-03 1.955217517896478199e-02 8.272000928607554926e-02 4.656970681517973859e-03 9.999891219259486874e-01 -2.620027730480108618e-04 -1.375818429249782426e-02 -1.955074426343651056e-02 3.530037849496490162e-04 9.998088036050603034e-01 8.931639561237193492e-01
9.998207268241120493e-01 -6.128571021066388409e-03 1.791521311056911217e-02 6.806661515783918315e-02 6.154179134849455460e-03 9.999801180445710980e-01 -1.374621373891214346e-03 -1.719680786703033093e-02 -1.790643276714550328e-02 1.484628406403873868e-03 9.998385647314360636e-01 1.190959248629326783e+00
9.998929326652327143e-01 -9.732790764357370644e-03 1.092684861221842642e-02 6.942356895610375667e-02 9.773051443072848857e-03 9.999456275378173498e-01 -3.637226522747009222e-03 -1.917740030426445808e-02 -1.089085431882807521e-02 3.743625799513523519e-03 9.999336850732936099e-01 1.528245900518374167e+00
9.999495704713536881e-01 -1.000077766025326935e-02 -9.170478361739425226e-04 4.671545569975469464e-02 9.996676340590806772e-03 9.999404702134151446e-01 -4.372925166652407748e-03 -2.611101298833737316e-02 9.607259105063384579e-04 4.363537257922362952e-03 9.999900182246510560e-01 1.844216759956894824e+00
9.997996797861011808e-01 -9.798519557283304898e-03 -1.745248697549360226e-02 2.549111644176151048e-02 9.716290710969015254e-03 9.999413222648156907e-01 -4.790167599568012115e-03 -3.378265872290725502e-02 1.749839975374850934e-02 4.619634628245257099e-03 9.998362190933598459e-01 2.152139626917052961e+00
9.993148056837637405e-01 -6.341661716312074933e-03 -3.646508473941608569e-02 5.202362778905376267e-03 6.162965691426967180e-03 9.999684544201609127e-01 -5.010789171941797474e-03 -4.258199696882260243e-02 3.649571178518300901e-02 4.782622756206693013e-03 9.993223652125597933e-01 2.498922173111886025e+00
9.984411992221408072e-01 -2.737700917939604999e-03 -5.574653856994971762e-02 -6.060542123220202804e-02 2.412672229784888853e-03 9.999797023456875600e-01 -5.896940378371028774e-03 -4.929100411652802272e-02 5.576155206549509441e-02 5.753250100977382389e-03 9.984275384598749747e-01 2.860393087786818889e+00
9.971147857407040016e-01 -2.174185890269211135e-03 -7.587737983739262226e-02 -1.019568274133926117e-01 1.705764555329329418e-03 9.999790907554805264e-01 -6.237661174802073237e-03 -5.278436443619788365e-02 7.588935644216868170e-02 6.090235228345832093e-03 9.970976455783286951e-01 3.208960501590022218e+00
9.953397489517686880e-01 -2.700172229848593532e-03 -9.639239044553701841e-02 -1.492308994670853428e-01 2.159261944197432906e-03 9.999813356279800836e-01 -5.715416036011414409e-03 -5.945338281111182954e-02 9.640602561417351002e-02 5.480644305597573950e-03 9.953270020737415846e-01 3.596800927953236915e+00
9.932025635107384343e-01 -4.124512887975714109e-03 -1.163256456673743972e-01 -2.175050299419063193e-01 3.591618238271892648e-03 9.999820764961059316e-01 -4.790298445658259553e-03 -7.429185919942089822e-02 1.163433203627223383e-01 4.339939321503297198e-03 9.931995756788430940e-01 3.975393057239452244e+00
9.910156700060118729e-01 -3.375160888257936701e-03 -1.337032146281952882e-01 -2.889812792704672950e-01 2.822513583797540710e-03 9.999866736894130748e-01 -4.322713987196968866e-03 -7.599743053993369968e-02 1.337160250247726168e-01 3.906498074279570777e-03 9.910119900477531996e-01 4.386797688223768255e+00
9.887022983130516751e-01 -2.769950139558142576e-03 -1.498669146097895144e-01 -3.640344605821766999e-01 2.223507469596759482e-03 9.999902560895621573e-01 -3.813625184409184712e-03 -8.403881362183547588e-02 1.498760204637490101e-01 3.437309676703097141e-03 9.886988237009335379e-01 4.793622448428067173e+00
9.865794211281329051e-01 -1.889806356659732732e-03 -1.632711663276577019e-01 -4.507962463051854995e-01 1.284918974670611058e-03 9.999919151631447845e-01 -3.810326740770030550e-03 -8.768330725915010615e-02 1.632770499105854201e-01 3.549399614877239359e-03 9.865738732710249703e-01 5.222395757627187329e+00
9.845259509757493532e-01 -2.782441777650902087e-03 -1.752167489257876742e-01 -5.473330131910196794e-01 2.025312427768400595e-03 9.999878250083684694e-01 -4.499771287093292348e-03 -9.459670336243421185e-02 1.752271390454354372e-01 4.075272825355588137e-03 9.845195999396079145e-01 5.658438643936781531e+00
9.827797701193299318e-01 -5.417488080857788164e-03 -1.847013086875531895e-01 -6.367561307817897198e-01 4.308154483954408469e-03 9.999701953827366818e-01 -6.406882569919712146e-03 -1.105844943431857075e-01 1.847305161396499140e-01 5.500832693283045326e-03 9.827738183781373760e-01 6.094901114669196041e+00
9.810962066619819399e-01 -5.294930142680957103e-03 -1.934481741525075904e-01 -7.330151444100246882e-01 3.782261975791862980e-03 9.999593248173751503e-01 -8.187991164285516113e-03 -1.194017377381508260e-01 1.934836637977002394e-01 7.301535291871726063e-03 9.810763274775996523e-01 6.533076774799649655e+00
9.796619030621342983e-01 -5.000282878987921502e-03 -2.005930006151417366e-01 -8.457173899187911958e-01 3.014166457832946015e-03 9.999433804998582032e-01 -1.020541967405583575e-02 -1.199505770906070662e-01 2.006326765905189768e-01 9.393240071650103135e-03 9.796215070594654906e-01 7.029370547759906884e+00
9.780452610595622431e-01 -5.292048524514371757e-03 -2.083253717454517373e-01 -9.589205657349800793e-01 2.741731941056039373e-03 9.999177521460008711e-01 -1.252884054433048636e-02 -1.331948188631985330e-01 2.083745442602285280e-01 1.168260071570627681e-02 9.779793286042361977e-01 7.501960661639073713e+00
9.763025677515981826e-01 -9.135484204842489464e-03 -2.162171085725728692e-01 -1.071926755514732044e+00 6.162865228401367274e-03 9.998770545075090777e-01 -1.441856273934356315e-02 -1.426528552997924082e-01 2.163222499402490950e-01 1.274436285138341556e-02 9.762388368103844805e-01 8.004953555321078440e+00
9.744768532767378311e-01 -1.481789383129762834e-02 -2.239984180729817365e-01 -1.187997869676729490e+00 1.161013924056457196e-02 9.998104235130412798e-01 -1.563079274671002120e-02 -1.622832011917032524e-01 2.241875725385327756e-01 1.263119282827568010e-02 9.744641535006228761e-01 8.534183082241579399e+00
9.725124319298595887e-01 -1.563709188556805171e-02 -2.323253104437059124e-01 -1.322354766193330144e+00 1.188545556357167680e-02 9.997755288476194435e-01 -1.753932277022194480e-02 -1.864177275335168193e-01 2.325474281298508805e-01 1.429591721817947275e-02 9.724799852273683376e-01 9.048984844379171832e+00
9.703234802630884559e-01 -1.202100967141049061e-02 -2.415115683717404260e-01 -1.467671498609471437e+00 6.974389334771250760e-03 9.997393310778084352e-01 -2.174000407112688937e-02 -1.817317138153664580e-01 2.417099547785540870e-01 1.941044067086419161e-02 9.701543866239191738e-01 9.560297722977519896e+00
9.683698676684854290e-01 -9.367037683026942230e-03 -2.493432505538631938e-01 -1.610846818572421402e+00 3.293981921594765858e-03 9.996879394635206362e-01 -2.476233768718284420e-02 -1.956382846122071140e-01 2.494973944143185629e-01 2.315776950159674497e-02 9.680985328460744999e-01 1.009731445165082242e+01
9.659845178290288326e-01 -1.172929475838541645e-02 -2.583337637095290407e-01 -1.772611752254603656e+00 4.961693092482294919e-03 9.996276021543782919e-01 -2.683353503744052848e-02 -2.216081017150388632e-01 2.585523036686596110e-01 2.463900655287323480e-02 9.656829847939820688e-01 1.066468264253567355e+01
9.636275963564366887e-01 -1.364338056114444003e-02 -2.669001913349189348e-01 -1.934345480341982393e+00 6.229648366172273015e-03 9.995714031642378705e-01 -2.860422074711314530e-02 -2.524517453345599405e-01 2.671760616293467061e-01 2.590112214755389136e-02 9.632995824504719806e-01 1.122416298801767987e+01
9.614343232564812602e-01 -1.382179395670070018e-02 -2.746870918355711066e-01 -2.106530388258726294e+00 5.447273637649747979e-03 9.994974747386392577e-01 -3.122699454850923900e-02 -2.773186743514123864e-01 2.749806724526497881e-01 2.852640863863003390e-02 9.610264696954111674e-01 1.179064139518850318e+01
9.590596357874932032e-01 -1.293120792550539119e-02 -2.829088141410707191e-01 -2.293845724200289649e+00 3.282259795809854257e-03 9.993974543351046291e-01 -3.455365435517152722e-02 -2.897864787199537773e-01 2.831851740240956539e-01 3.221043498186629273e-02 9.585242025359149709e-01 1.237043072714354608e+01
9.567656102266106632e-01 -1.423893901880895693e-02 -2.905113042109784272e-01 -2.473040197118231198e+00 2.769618410159159407e-03 9.992017220742284156e-01 -3.985282682981045738e-02 -3.247300923476038603e-01 2.908468624218325527e-01 3.732520881305947946e-02 9.560412821875554634e-01 1.297151272873214722e+01
9.550680449688563334e-01 -1.478399822693616736e-02 -2.960176700552893392e-01 -2.704143559272876196e+00 1.081043730743872812e-03 9.989222961362255182e-01 -4.640126737805037871e-02 -3.599180367844340145e-01 2.963846520137393692e-01 4.399635981766287368e-02 9.540547470016662590e-01 1.359028363908955761e+01
9.535898546356643690e-01 -1.547923011855290194e-02 -3.007104597895441933e-01 -2.903967663188480319e+00 -1.107052145097048605e-03 9.984907799669192618e-01 -5.490843962970697045e-02 -3.950606314009438846e-01 3.011065670756929435e-01 5.269303334576513204e-02 9.521335418200409517e-01 1.420387350940080573e+01
9.523030807287468091e-01 -1.550489643116286474e-02 -3.047596407496103721e-01 -3.105560797882245705e+00 -4.093268799002990239e-03 9.979694318210521331e-01 -6.356302608892348827e-02 -4.406572482785041101e-01 3.051263488814796587e-01 6.177872899497820203e-02 9.503058991025532531e-01 1.482599459351172122e+01
9.510401178322750448e-01 -1.462481726997520715e-02 -3.087212447400887183e-01 -3.338448785139519703e+00 -8.064080389774613139e-03 9.973655688687189658e-01 -7.208947652908667680e-02 -4.859587474399926776e-01 3.089622405846096376e-01 7.104953757085757937e-02 9.484167328552538523e-01 1.547670664579276867e+01
9.497881436031959668e-01 -1.392104157264054641e-02 -3.125838843983626547e-01 -3.574774492278685933e+00 -1.148855363532891825e-02 9.967845745195569318e-01 -7.930022142222259429e-02 -5.429683364708464133e-01 3.126827412284294283e-01 7.890954726437328370e-02 9.465742383948476668e-01 1.612824142903728131e+01
9.482181703797788463e-01 -1.246191806668484232e-02 -3.173751720169807888e-01 -3.807860598986371414e+00 -1.567198048117059150e-02 9.961771777524631721e-01 -8.593846365771609652e-02 -6.080956408664618396e-01 3.172328666499876770e-01 8.646231079116102614e-02 9.443979983532825306e-01 1.678714551156269508e+01
9.463338552670925719e-01 -1.130730446823156182e-02 -3.229928436101578981e-01 -4.043308267676915868e+00 -1.938977585383279759e-02 9.956012130898657109e-01 -9.166384821498223257e-02 -6.779771698316883199e-01 3.226085434528828677e-01 9.300736227979490567e-02 9.419518886266534663e-01 1.745272366846375789e+01
9.445568274574490664e-01 -9.076583046261776574e-03 -3.282225054099587314e-01 -4.280667201051325144e+00 -2.401484832601308642e-02 9.950309936670074240e-01 -9.662612839449513658e-02 -7.484260032872762647e-01 3.274686063531340730e-01 9.915108359088972700e-02 9.396453462745603114e-01 1.812035884968442900e+01
9.426273366164608092e-01 -6.770070782511729453e-03 -3.337781719122307478e-01 -4.530640514325286361e+00 -2.826949782016236964e-02 9.945847987982250338e-01 -1.000095669623017741e-01 -8.252481076952907779e-01 3.326477734589486923e-01 1.037074937012775477e-01 9.373314338756558728e-01 1.881742910269785796e+01
9.409984367653624338e-01 -5.772961375056883185e-03 -3.383616593262201988e-01 -4.804908537880185904e+00 -3.041301054717315128e-02 9.943659306152601296e-01 -1.015452845551953059e-01 -9.035773112146846531e-01 3.370415289968644035e-01 1.058445514123700637e-01 9.355212135989182665e-01 1.950094780239887626e+01
9.388932834229266611e-01 -5.172394626678862746e-03 -3.441695021072583294e-01 -5.092507482782488992e+00 -3.142385194740411614e-02 9.944236004192056333e-01 -1.006689845796869265e-01 -9.933674768161330215e-01 3.427709809853936584e-01 1.053325656108854980e-01 9.334951032085329059e-01 2.022007462172036085e+01
9.365607645478464249e-01 -5.449940032058552333e-03 -3.504628794671141856e-01 -5.367852381816693885e+00 -3.136277562167261862e-02 9.945652994451827933e-01 -9.927860517298718601e-02 -1.079949787165584763e+00 3.490992870477216958e-01 1.039719356595704275e-01 9.312999124645715554e-01 2.094740699039482834e+01
9.341671338869587116e-01 -4.970990224486929697e-03 -3.568011386714655675e-01 -5.650917635129127703e+00 -3.193954977386947308e-02 9.947246600775732084e-01 -9.748187420396738079e-02 -1.159068045412802617e+00 3.554034788760448427e-01 1.024604313822705115e-01 9.290803140006806959e-01 2.167226076183231598e+01
9.312755507328394078e-01 -5.202061054020974337e-03 -3.642784435048524450e-01 -5.946779685784752800e+00 -3.135573118736028481e-02 9.950432384916502171e-01 -9.437039610779568433e-02 -1.249503650181371217e+00 3.629637288861586875e-01 9.930706014779326629e-02 9.264963259915226512e-01 2.237760224459691472e+01
9.274401225199128129e-01 -2.010994523087593095e-03 -3.739662713881838907e-01 -6.269477831665773770e+00 -3.354404572696638442e-02 9.955073853027242015e-01 -8.854288692831478735e-02 -1.322575918543424711e+00 3.724642506368294192e-01 9.466256814327084212e-02 9.232060350072254229e-01 2.317792140496365150e+01
9.240024524280462392e-01 9.604871743755918683e-04 -3.823853322786303077e-01 -6.589430140520292412e+00 -3.546663336823319135e-02 9.959014866593441928e-01 -8.320064194926610202e-02 -1.401081134516736659e+00 3.807382142459271868e-01 9.043951807624310557e-02 9.202494818139950183e-01 2.390429172329768193e+01
9.206214707178513867e-01 4.476256011238289451e-03 -3.904306182074187004e-01 -6.915452565391861484e+00 -3.852518251869671562e-02 9.960964515619529225e-01 -7.942083822038162322e-02 -1.474197024851107818e+00 3.885510520127526957e-01 8.815794017131257931e-02 9.172002293229591929e-01 2.463811381738307560e+01
9.168552687457620642e-01 4.694909280668967816e-03 -3.991921476169748573e-01 -7.264154426926559438e+00 -3.895460030833856196e-02 9.962112847758930467e-01 -7.775355457540605864e-02 -1.549179940166254932e+00 3.973146831576861993e-01 8.683912716872242699e-02 9.135644540872218666e-01 2.537938925228794318e+01
9.127265145077464448e-01 5.629889098564295515e-03 -4.085322638917658900e-01 -7.617360588013320388e+00 -4.037509585501174864e-02 9.962536735672694599e-01 -7.647528746407111777e-02 -1.627773928283234417e+00 4.065712282391333310e-01 8.629555230966989843e-02 9.095344509077957218e-01 2.613868934871508642e+01
9.089242192249614716e-01 5.115694960917772927e-03 -4.169299579317419235e-01 -7.976613073460669945e+00 -4.024330929887889874e-02 9.963328509939700650e-01 -7.550712643157382609e-02 -1.696782192937652090e+00 4.150147493252195896e-01 8.540889759767100742e-02 9.057969317396814546e-01 2.690274632666347543e+01
9.049845376881817671e-01 5.730076970783550515e-03 -4.254058639461291147e-01 -8.359467268620496938e+00 -4.106716247903052092e-02 9.964165717982929049e-01 -7.394257008380776541e-02 -1.763650018735392733e+00 4.234577632057184848e-01 8.438709472667191291e-02 9.019769091550656759e-01 2.769672552071194360e+01
9.010585767231804599e-01 6.842712589010035984e-03 -4.336434189309620324e-01 -8.750613345107044694e+00 -4.187033329669905685e-02 9.965774530297039080e-01 -7.127591014049326767e-02 -1.837193581527428954e+00 4.316715407854633257e-01 8.238056499168022739e-02 8.982611686695236575e-01 2.848410904666731369e+01
8.973836582779460835e-01 6.964887861007450567e-03 -4.411961652769121334e-01 -9.143572516992920285e+00 -4.064894764669457067e-02 9.969285518391668433e-01 -6.694121038769546006e-02 -1.906571529732282055e+00 4.393748236324244161e-01 7.800610840777787158e-02 8.949105068562331899e-01 2.925315631132719574e+01
8.935496416846425705e-01 8.278079212221772093e-03 -4.488880786834399950e-01 -9.553360623073318791e+00 -4.034235703856960120e-02 9.972658381622975243e-01 -6.191399140713064325e-02 -1.966317583645831757e+00 4.471482247727554538e-01 7.343242824421378212e-02 8.914404901963369765e-01 3.005547801644180339e+01
8.897884996878064889e-01 8.208841226966563306e-03 -4.562992839798015732e-01 -9.977083223944788415e+00 -3.872336289067486448e-02 9.975905245894014506e-01 -5.756428132362422651e-02 -2.036939275259225912e+00 4.547273138339165688e-01 6.888947849304391524e-02 8.879624507412885448e-01 3.086453693204864379e+01
8.861890427369766288e-01 7.060067016657751299e-03 -4.632700418575655399e-01 -1.041763859054088570e+01 -3.696261154430345586e-02 9.977742783470954224e-01 -5.550004398491303198e-02 -2.102481304305691356e+00 4.618471055947016013e-01 6.630720163720120464e-02 8.844775917473556293e-01 3.166325283997015205e+01
8.828350851961046519e-01 7.282694342331769849e-03 -4.696266286075367336e-01 -1.085854233650807465e+01 -3.700339557278942149e-02 9.978503435519099352e-01 -5.408734284608632953e-02 -2.161298734110016273e+00 4.682231991533670201e-01 6.512798401195088460e-02 8.812067781281621714e-01 3.248815525542280369e+01
8.795018050551711708e-01 7.048680489752573441e-03 -4.758433423813078766e-01 -1.129605275303826950e+01 -3.626850557798688007e-02 9.979751073493288160e-01 -5.225208780939332581e-02 -2.215597879709440665e+00 4.745115105753086038e-01 6.321393261328986379e-02 8.779765540766627518e-01 3.329153392025881431e+01
8.767813503930730334e-01 6.171186814079324297e-03 -4.808496391294958539e-01 -1.178094143785152426e+01 -3.504373078546345333e-02 9.980790561148424889e-01 -5.108947779627497771e-02 -2.280015275871829505e+00 4.796106794864779532e-01 6.164506676642928645e-02 8.753133646912772958e-01 3.414611260477755650e+01
8.741705184006267615e-01 4.952969010951462601e-03 -4.855938304493377933e-01 -1.227294070600290787e+01 -3.387468012841733656e-02 9.981341555160513357e-01 -5.080072538570721413e-02 -2.340998110344564065e+00 4.844361817878556353e-01 6.085783224518422074e-02 8.727072330711252990e-01 3.498025035931772919e+01
8.720681686517343101e-01 4.914351184349818359e-03 -4.893597384577978993e-01 -1.274612473934111101e+01 -3.432939203668218531e-02 9.981005929408394151e-01 -5.115368291409910784e-02 -2.397713369691851337e+00 4.881788663451893107e-01 6.140892100985374802e-02 8.705804635790738155e-01 3.582314987348189561e+01
8.708077729578996840e-01 4.596334497118798046e-03 -4.916021678883086277e-01 -1.324673708507520153e+01 -3.429871555878993838e-02 9.980877681104640686e-01 -5.142378166925648530e-02 -2.451905382750561024e+00 4.904257580742275580e-01 6.164155184005770671e-02 8.693002356119549079e-01 3.667997634602052415e+01
8.701915116788602189e-01 4.973296900376436049e-03 -4.926885370162206734e-01 -1.374758395089057750e+01 -3.449272265639423407e-02 9.981106697983390674e-01 -5.084626811491306519e-02 -2.510373350180003627e+00 4.915048205446504448e-01 6.124016009563496704e-02 8.687189758045437138e-01 3.756145629738725233e+01
8.699089777874229323e-01 4.415332778745377322e-03 -4.931925287150439874e-01 -1.425062479986014097e+01 -3.302171375001842352e-02 9.982375911071155183e-01 -4.930799308256952201e-02 -2.570599591035143128e+00 4.921056190799827923e-01 5.917952846521962185e-02 8.685216450045101233e-01 3.843934651827289173e+01
8.697244286252693302e-01 3.535367032921763603e-03 -4.935249888373048899e-01 -1.478454211854679201e+01 -3.176722491894360539e-02 9.983017415245123427e-01 -4.883110020754592023e-02 -2.626007584204755663e+00 4.925142284500316769e-01 5.814752014057995161e-02 8.683597212238118868e-01 3.934373985139530561e+01
8.688682095303039699e-01 2.246736749908803503e-03 -4.950383639586921625e-01 -1.527842557774906318e+01 -3.056176240743559147e-02 9.983257081191204696e-01 -4.910966545715687859e-02 -2.697294587168605151e+00 4.940991972526515008e-01 5.779907204450898672e-02 8.674821354595468881e-01 4.022810693996734699e+01
8.680313693585109958e-01 1.296140333024753432e-04 -4.965093353964933343e-01 -1.582638125923515915e+01 -2.853434616052691677e-02 9.983602278284100517e-01 -4.962506049071204600e-02 -2.756997247001351958e+00 4.956887496269765658e-01 5.724367854164068292e-02 8.666116948120876629e-01 4.116075792830536528e+01
8.663364996626934378e-01 -6.648048133491294342e-04 -4.994603312183236721e-01 -1.634311109913099713e+01 -2.685849739171879483e-02 9.984901842956993567e-01 -4.791631276777323645e-02 -2.817241015317225816e+00 4.987381017429706187e-01 5.492640474114321436e-02 8.650106362420092454e-01 4.205726807602039230e+01
8.642236205867215304e-01 -1.753751545579179173e-04 -5.031078392059747939e-01 -1.689894525397201264e+01 -2.558098787601034360e-02 9.986911309295797290e-01 -4.429038391508639122e-02 -2.878958969601423501e+00 5.024571129982655648e-01 5.114679149890045268e-02 8.630879794461188137e-01 4.299272505837235059e+01
8.616876444183363404e-01 -2.434888443767245839e-04 -5.074390003712749841e-01 -1.746088629713844398e+01 -2.338583679840625790e-02 9.989183056096733182e-01 -4.019106116701572085e-02 -2.939418076604767727e+00 5.068999012569639362e-01 4.649902644457364065e-02 8.607498682398719847e-01 4.390814220642887022e+01
8.575471289487123228e-01 -1.100544635541649214e-03 -5.144042235768919724e-01 -1.798181717637535471e+01 -2.185482370220496670e-02 9.990168451558339990e-01 -3.857084152220834755e-02 -2.991293570899190790e+00 5.139409423602770977e-01 4.431852797399904453e-02 8.566799758391273611e-01 4.478720187222072724e+01
8.522174837117791890e-01 -3.755318254721455411e-03 -5.231742087304781519e-01 -1.854688276324164775e+01 -2.006803108045000436e-02 9.990037172986916403e-01 -3.986034354116872042e-02 -3.057247072821151601e+00 5.228026766006667048e-01 4.446875789699678699e-02 8.512930730571082183e-01 4.569039335397368973e+01
8.463105408046281974e-01 -6.979845904169139012e-03 -5.326441070155991664e-01 -1.911303271323605557e+01 -1.862989022243242976e-02 9.989146272450476483e-01 -4.269068630022497535e-02 -3.121586518067539728e+00 5.323639731982067191e-01 4.605267900315233170e-02 8.452619453769002478e-01 4.657978275693866976e+01
8.401957234148796916e-01 -7.398738611352336132e-03 -5.422327906922305152e-01 -1.968938662376050175e+01 -1.842803337999742927e-02 9.989398579105689402e-01 -4.218492495886119742e-02 -3.186222642627782431e+00 5.419700714611235259e-01 4.543587744776149406e-02 8.391686531150779338e-01 4.748814421032742672e+01
8.343646914210377519e-01 -4.218451480095659206e-03 -5.511966622508299718e-01 -2.030840075270566558e+01 -2.005747956019180919e-02 9.990761232076582621e-01 -3.800786216275028884e-02 -3.232233948798076906e+00 5.508477682645551710e-01 4.276803387552492730e-02 8.335092305072444585e-01 4.837456132613687743e+01
8.295099196072235337e-01 -2.253542878069576935e-04 -5.584919305036182280e-01 -2.089908120013173942e+01 -2.240531363730326880e-02 9.991814591121428446e-01 -3.368105892877073376e-02 -3.283372764944159972e+00 5.580423818161995841e-01 4.045195922467074989e-02 8.288258834638148054e-01 4.923342746035310569e+01
8.253610577156742512e-01 -8.359353399899681976e-05 -5.646052702948006763e-01 -2.151912146549323523e+01 -2.340690935917424595e-02 9.991352070147050402e-01 -3.436502208877553061e-02 -3.344663160186899908e+00 5.641198860374818658e-01 4.157921524373282135e-02 8.246453353808929077e-01 5.013818030011736937e+01
8.222208168325484401e-01 -2.031210064505988098e-03 -5.691649991780763918e-01 -2.214385502927673599e+01 -2.450529406095955376e-02 9.989400269998055526e-01 -3.896553690593284464e-02 -3.392921194837225318e+00 5.686408566372176399e-01 4.598583117381157409e-02 8.212995103565462474e-01 5.099092522332965416e+01
8.194406400723317496e-01 -4.480362319034028248e-03 -5.731465409561438129e-01 -2.275746267414862345e+01 -2.606596451333314038e-02 9.986435467076821837e-01 -4.507363041989700253e-02 -3.472052994689616590e+00 5.725710505014146579e-01 5.187478192829936274e-02 8.182123229472928472e-01 5.186417262109561221e+01
8.156960974653664209e-01 -5.280012938433454803e-03 -5.784565598157364041e-01 -2.338589817152494632e+01 -2.667727389811475405e-02 9.985511333391068334e-01 -4.673282798124251541e-02 -3.527241634459662656e+00 5.778652132802372110e-01 5.355142947278508647e-02 8.143734070343396914e-01 5.272726405530013238e+01
8.126923609998745190e-01 -3.755244651859879906e-03 -5.826808886272402122e-01 -2.399797132172985670e+01 -2.610402316992493921e-02 9.987406431829569664e-01 -4.284515931025365681e-02 -3.588770026906522137e+00 5.821079895626695144e-01 5.003024903821980118e-02 8.115708651495699977e-01 5.356203852619602657e+01
8.093725874509778428e-01 -1.923563170028493117e-03 -5.872923530496655387e-01 -2.464838512783118674e+01 -2.516804378993237751e-02 9.989623772298087401e-01 -3.795706125224864586e-02 -3.638445409646654749e+00 5.867559880507056125e-01 4.550240443351748210e-02 8.084843525181466539e-01 5.443645384683946276e+01
8.065450414083010777e-01 -5.692782105105137448e-04 -5.911723652048550548e-01 -2.531880207915080661e+01 -2.524371256451641773e-02 9.990542647220599370e-01 -3.540241751135986270e-02 -3.695870328544660133e+00 5.906334366519639945e-01 4.347702943481607935e-02 8.057678934353794675e-01 5.531075603608940128e+01
8.032810694544408880e-01 -1.319201185210478182e-04 -5.956001168898865661e-01 -2.593324430285191085e+01 -2.610466844489470889e-02 9.990312170048688545e-01 -3.542843188963860218e-02 -3.750356484511681021e+00 5.950277936065213602e-01 4.400693210923816573e-02 8.024994215107248419e-01 5.614738398536514552e+01
7.996322676451080858e-01 -3.897271792421269231e-04 -6.004898648071778089e-01 -2.659899930991179673e+01 -2.710666601927342462e-02 9.989569921675826025e-01 -3.674447590600301433e-02 -3.798292754831298801e+00 5.998778798369860388e-01 4.565934669138261431e-02 7.987876815565779776e-01 5.699854466388924124e+01
7.957599940578865549e-01 -2.824730183654724364e-03 -6.056055198996962430e-01 -2.724773994202863747e+01 -2.623561733921098149e-02 9.988895540379474358e-01 -3.913248351919598050e-02 -3.863280184703048903e+00 6.050435768322157681e-01 4.702849942718163867e-02 7.948022378865247095e-01 5.785621379310895662e+01
7.917247536380973560e-01 -3.827865206224015035e-03 -6.108659875859028254e-01 -2.790412788516851350e+01 -2.557804130114567018e-02 9.988956866520186662e-01 -3.941029103175919257e-02 -3.919230076612198133e+00 6.103422679251143679e-01 4.682685830811145894e-02 7.907525329787810087e-01 5.870465586514789180e+01
7.870083917121089012e-01 -4.640688841106929349e-03 -6.169248318198671255e-01 -2.858164875842746611e+01 -2.462184896386546487e-02 9.989387687300388396e-01 -3.892429739579676001e-02 -3.976554196282099163e+00 6.164507780778328838e-01 4.582357859956193852e-02 7.860589323144615559e-01 5.956629768075425346e+01
7.823545015589378204e-01 -4.353608774036355974e-03 -6.228181697621928414e-01 -2.926615352618690835e+01 -2.494905787993850765e-02 9.989539111828350526e-01 -3.832268114963904154e-02 -4.031568346919182311e+00 6.223334993308317076e-01 4.552064854380774572e-02 7.814274716919654695e-01 6.038322534852943591e+01
7.768495677429518853e-01 -5.533490505044357313e-03 -6.296619108978758206e-01 -2.996919040650647403e+01 -2.446804728625971356e-02 9.989409085805823763e-01 -3.896634280845387432e-02 -4.092003266023686692e+00 6.292106721080745757e-01 4.567758384247130182e-02 7.758914201992485049e-01 6.123431842818945370e+01
7.711773100613341647e-01 -6.340680115154291065e-03 -6.365888347465165076e-01 -3.066972097583922263e+01 -2.447016411911997341e-02 9.989162041304296968e-01 -3.959328527679302490e-02 -4.147804678340370366e+00 6.361499617223985714e-01 4.611087636261542583e-02 7.701863546795703064e-01 6.206049677349597715e+01
7.663508480668915768e-01 -7.866516654473808962e-03 -6.423741026506725182e-01 -3.136263176574298228e+01 -2.386510719918200074e-02 9.988862253452246431e-01 -4.070338459358138067e-02 -4.208668756773103148e+00 6.419788475785750403e-01 4.652339998792074521e-02 7.653095715450323189e-01 6.287036983697493042e+01
7.601066424831285362e-01 -9.323386641420801368e-03 -6.497314510801022180e-01 -3.206733503793520867e+01 -2.336985578571872113e-02 9.988579493215029581e-01 -4.167309635238168608e-02 -4.267840231643022619e+00 6.493779704227381488e-01 4.686012752310311780e-02 7.590206768779560464e-01 6.370260853053334671e+01
7.547634723813637647e-01 -1.137432755537184058e-02 -6.558984047096316772e-01 -3.280065055454591771e+01 -2.214004690313518126e-02 9.988383691936263409e-01 -4.279872180497262119e-02 -4.328330008854705646e+00 6.556233109032451045e-01 4.682453318449762703e-02 7.536348886462030938e-01 6.451557659868659300e+01
7.482868759361405164e-01 -1.193719007312541748e-02 -6.632678542597811866e-01 -3.355174224474360045e+01 -2.188548158048717399e-02 9.988495872692715327e-01 -4.266764284427580073e-02 -4.392310555614753476e+00 6.630141656729321431e-01 4.644357342310110465e-02 7.471647869562266786e-01 6.534496439663851675e+01
7.419295625420189166e-01 -1.244914809070329226e-02 -6.703622412342363779e-01 -3.430821900771024957e+01 -2.066742159946092366e-02 9.989278501726565063e-01 -4.142472534220420499e-02 -4.452379760223493577e+00 6.701592265730204057e-01 4.458888724115209201e-02 7.408768120296861381e-01 6.617727586326859068e+01
7.356892071039243808e-01 -1.286401670551788265e-02 -6.771970902175812324e-01 -3.504312008682352086e+01 -1.995307140723449196e-02 9.989740789181762448e-01 -4.065297806574364597e-02 -4.514982603350856216e+00 6.770253117147944089e-01 4.342011890697652227e-02 7.346777723347939215e-01 6.697725774131565402e+01
7.288966048524161412e-01 -1.374933184710229114e-02 -6.844857095004865943e-01 -3.581842245885345477e+01 -1.957171170123380918e-02 9.989712126663633507e-01 -4.090799920081879953e-02 -4.575195932885192107e+00 6.843439887353082174e-01 4.321425850090698795e-02 7.278776282510851514e-01 6.780269093191037655e+01
7.226449192549387890e-01 -1.566012273463848400e-02 -6.910420191839355963e-01 -3.660089258977001236e+01 -1.874480748979183778e-02 9.989316600262668766e-01 -4.223944626098426885e-02 -4.646620861984184891e+00 6.909652382050572861e-01 4.347757065006296190e-02 7.215793437763088347e-01 6.858692354083457587e+01
7.165836700084956545e-01 -1.506062626705549461e-02 -6.973385205966166067e-01 -3.737017521747041116e+01 -2.041054800932873975e-02 9.988859574972208666e-01 -4.254707368851268906e-02 -4.698107048364921212e+00 6.972024534491235714e-01 4.472159937156742343e-02 7.154779706778243709e-01 6.937489339028047652e+01
7.113852711647703497e-01 -1.476523985719448671e-02 -7.026471194182267732e-01 -3.818161977480575331e+01 -2.038013594523509567e-02 9.989254383032886153e-01 -4.162473789106869299e-02 -4.759117849264425715e+00 7.025066930966524792e-01 4.393126906157932693e-02 7.103199271828400940e-01 7.017947082653876123e+01
7.065292441256578737e-01 -1.444148090579502365e-02 -7.075364735966129803e-01 -3.901158819096814057e+01 -2.124845657518615108e-02 9.989080902075389012e-01 -4.160685578268858570e-02 -4.817836413191397327e+00 7.073647844097628035e-01 4.443051819605054603e-02 7.054509197298440837e-01 7.097377255836840959e+01
7.015957019145256934e-01 -1.482049273157861648e-02 -7.124210935784438536e-01 -3.982673741128917300e+01 -2.159391520035641027e-02 9.988823133090638517e-01 -4.204553510446315534e-02 -4.889303323511163590e+00 7.122479778391566096e-01 4.488292719097515537e-02 7.004915062639845980e-01 7.177592460010411912e+01
6.966987056756728247e-01 -1.725185900718441065e-02 -7.171563827234097577e-01 -4.066879746344036306e+01 -2.118023268837724432e-02 9.987802579493653132e-01 -4.460262446395107938e-02 -4.957395377461396357e+00 7.170511274849139527e-01 4.626412959959251558e-02 6.954835155771212918e-01 7.256567932893040052e+01
6.914063778219022849e-01 -1.945426034113185987e-02 -7.222040866322558816e-01 -4.148684570552315876e+01 -2.099416425785630494e-02 9.986742192872606338e-01 -4.700051948045858713e-02 -5.020312831697697931e+00 7.221609751825976975e-01 4.765852996815860693e-02 6.900812996486002104e-01 7.334520433318236599e+01
6.863696892232824531e-01 -1.983084369473371578e-02 -7.269823777239357021e-01 -4.234845613281471088e+01 -2.169055713665870785e-02 9.986252338918464311e-01 -4.771961860716982667e-02 -5.089236437541776681e+00 7.269292798261625110e-01 4.852195241491403382e-02 6.849959503993783283e-01 7.414318022069684844e+01
6.813926603560028772e-01 -1.958578173368969236e-02 -7.316559503047070923e-01 -4.320414109840697137e+01 -2.154529497071599672e-02 9.986719572568771852e-01 -4.679874024001098171e-02 -5.156262464121170730e+00 7.316008824615115591e-01 4.765206118817162662e-02 6.800657613509983879e-01 7.493050098929244029e+01
6.768305980792567178e-01 -1.944398533031358595e-02 -7.358819626003736403e-01 -4.405966438745472402e+01 -2.123625852676294321e-02 9.987193216316281319e-01 -4.592099691856658950e-02 -5.226494250330382840e+00 7.358324343741591278e-01 4.670811520786864735e-02 6.755508792975922772e-01 7.569300278219742495e+01
6.711995073449497085e-01 -2.037125318848412303e-02 -7.409967767787797310e-01 -4.493528868509678631e+01 -2.020091069689905136e-02 9.987484004326323550e-01 -4.575539173252324288e-02 -5.300058683905517043e+00 7.410014529883700574e-01 4.567980588676940484e-02 6.699479174964542150e-01 7.646461246836550174e+01
6.665826332336647342e-01 -2.145025284969497015e-02 -7.451224526428222861e-01 -4.580625514569123879e+01 -1.947985338356409551e-02 9.987432764384123196e-01 -4.617795049235233484e-02 -5.364524118148208842e+00 7.451765812722856985e-01 4.529629574379185480e-02 6.653270763889660433e-01 7.724534925474328872e+01
6.618497881560287954e-01 -2.173419056640975636e-02 -7.493213412676400509e-01 -4.671353421433021680e+01 -1.897721886084312304e-02 9.987734946123441038e-01 -4.573151707260235399e-02 -5.433581150175052166e+00 7.493962450441488121e-01 4.448742974323313670e-02 6.606255723767214816e-01 7.804115175491529044e+01
6.580120914756203421e-01 -2.285460442192497124e-02 -7.526604440544318875e-01 -4.761036938207278268e+01 -1.755072759021444884e-02 9.988022838716804630e-01 -4.567241749965886277e-02 -5.504669449359214539e+00 7.528028085283919868e-01 4.326274113635050073e-02 6.568228658923376262e-01 7.879524418397662089e+01
6.543572996165156752e-01 -2.578833519446393011e-02 -7.557456421603122587e-01 -4.851869078704201144e+01 -1.441368237177440004e-02 9.988113848495182578e-01 -4.656246637157638452e-02 -5.573193948020621846e+00 7.560481329807152706e-01 4.136156713342939439e-02 6.532078167962228621e-01 7.957188825434751323e+01
6.496213192644612056e-01 -2.977477799327376759e-02 -7.596746629254069738e-01 -4.942118972759404016e+01 -1.188611146308759560e-02 9.987128997084442350e-01 -4.930785254087566988e-02 -5.654096562094433231e+00 7.601650289301110641e-01 4.106100966872427982e-02 6.484312862026603286e-01 8.035566792213707288e+01
6.446834716822774647e-01 -3.334739530026687576e-02 -7.637219139196268491e-01 -5.032076568043602549e+01 -8.846713886921719200e-03 9.986557166908098804e-01 -5.107342928123618370e-02 -5.724758735233564266e+00 7.643984343304930373e-01 3.968262467960781414e-02 6.435218206499040416e-01 8.112937551762125565e+01
6.384756231576205199e-01 -3.786891767797891106e-02 -7.687098365530935506e-01 -5.125125525885835032e+01 -2.555908119490503828e-03 9.986789506741078348e-01 -5.132076388448147952e-02 -5.800640141378821113e+00 7.696378080175674263e-01 3.473180808654747348e-02 6.375353769629713563e-01 8.189653072947841395e+01
6.302263117092352651e-01 -4.102271995047789693e-02 -7.753269770941725314e-01 -5.219493962350096439e+01 1.549776055304000416e-03 9.986676640729321708e-01 -5.157998558280330048e-02 -5.881050911031140416e+00 7.764099458251010333e-01 3.130548052474128179e-02 6.294502156618898558e-01 8.264953506539846728e+01
6.217038466854560852e-01 -4.206455634423427598e-02 -7.821220421830217262e-01 -5.311902812120702322e+01 4.362171342002597006e-03 9.987273109995706832e-01 -5.024668848680801519e-02 -5.963824252648472601e+00 7.832402622579287543e-01 2.782680875742798640e-02 6.210961049313525884e-01 8.338805007500793920e+01
6.125540351331352218e-01 -4.201336932989250400e-02 -7.893113577034055472e-01 -5.407430713800737720e+01 6.381720682539659788e-03 9.988167243337484624e-01 -4.821228898532251006e-02 -6.024118276769798719e+00 7.904029591475634220e-01 2.449546710855339191e-02 6.120973335386346026e-01 8.412992998403048261e+01
6.039204570997178667e-01 -4.098031103445836515e-02 -7.959903793284639484e-01 -5.507356170366993808e+01 4.948768538836492009e-03 9.988508983342250236e-01 -4.766961890676080227e-02 -6.112770085423441913e+00 7.970292350450051133e-01 2.484948545482470669e-02 6.034292942813307414e-01 8.486098071027259948e+01
5.946707926310169645e-01 -4.183464871008671371e-02 -8.028801272616571394e-01 -5.604916904608613493e+01 3.510882212634910439e-03 9.987708621110454876e-01 -4.944126500546169867e-02 -6.180458051447044632e+00 8.039616487261262989e-01 2.658245826420623306e-02 5.940867378726070180e-01 8.556543479922578399e+01
5.839764826688783605e-01 -4.457751765766821556e-02 -8.105456807566480126e-01 -5.703745261979538839e+01 4.893451206399551147e-03 9.986662619672047603e-01 -5.139797000914191061e-02 -6.258600828344975220e+00 8.117558331020562346e-01 2.604883956624958960e-02 5.834157500621895975e-01 8.627332079950167554e+01
5.738726784462317987e-01 -4.587564559339826070e-02 -8.176585851460068666e-01 -5.805263525585082363e+01 5.052395349135734536e-03 9.986090861334876445e-01 -5.248205759198936587e-02 -6.331952775174284120e+00 8.189289549117295675e-01 2.598688408600555513e-02 5.733062540194707735e-01 8.697196411902540092e+01
5.639178445873056500e-01 -4.696357490930633261e-02 -8.244944358740340373e-01 -5.906038719919848745e+01 8.115850290643863985e-03 9.986486358269019981e-01 -5.133259302479312863e-02 -6.414198130784269480e+00 8.257910199887772418e-01 2.225589132784632981e-02 5.635369367096364490e-01 8.766116223120359052e+01
5.537018540577042236e-01 -4.673972270418562391e-02 -8.314022146599784335e-01 -6.009915547688753179e+01 8.890396195286847519e-03 9.986984134953956760e-01 -5.022389578902670959e-02 -6.498317726546460449e+00 8.326675381191770420e-01 2.041756862732604580e-02 5.533966990107745954e-01 8.835649328708854000e+01
5.434347554800190716e-01 -4.741265154364786988e-02 -8.381113853354477117e-01 -6.114218661165958224e+01 9.622806470223670139e-03 9.986899472121818500e-01 -5.025724726448496660e-02 -6.580538688614889331e+00 8.393962590477787034e-01 1.924655069816575900e-02 5.431790712041926206e-01 8.903955970874636705e+01
5.334479060804239170e-01 -4.801405627411705485e-02 -8.444690455773368187e-01 -6.218824271230170808e+01 8.336403282936812043e-03 9.986375009336372344e-01 -5.151355239464896346e-02 -6.656170135237760022e+00 8.457918465212693748e-01 2.043996162379170881e-02 5.331213495220266108e-01 8.968452362468050865e+01
5.232688017866187202e-01 -4.866200969233536872e-02 -8.507771487002862010e-01 -6.326853956711479299e+01 7.430253872069907117e-03 9.985908320202510069e-01 -5.254656510500290562e-02 -6.738073576121174746e+00 8.521352969804482091e-01 2.117448744749779801e-02 5.228930004202156923e-01 9.033326344395044316e+01
5.133907194628134496e-01 -4.936763297137546080e-02 -8.567337933546073092e-01 -6.432381989450767890e+01 5.815219278574572208e-03 9.985211275136450793e-01 -5.405313226089506623e-02 -6.824693249355098246e+00 8.581352833516447953e-01 2.276828108995104100e-02 5.129185648600490532e-01 9.094584211596648515e+01
