1.000000000000000000e+00 4.398956837314658088e-19 2.733407509747682871e-20 -8.673617379884035472e-19 -5.583667658079949532e-19 1.000000000000000000e+00 -6.100159232558060012e-19 0.000000000000000000e+00 4.145284534913582806e-20 -2.210423569125054137e-19 1.000000000000000222e+00 0.000000000000000000e+00
9.999410937133782484e-01 -2.202801141377476457e-03 1.062811307026234955e-02 4.063994106472042234e-02 2.188842183514630880e-03 9.999967268579086355e-01 1.324854355271093669e-03 -8.879691406499412576e-03 -1.063099685626324280e-02 -1.301513051374641756e-03 9.999426423335049385e-01 2.790831228931938690e-01
9.998818028326363905e-01 -4.597414205518669979e-03 1.467120213212518703e-02 1.960120449520157127e-02 4.575094846771560891e-03 9.999883259349185982e-01 1.554507120178992086e-03 -1.397597125632030202e-02 -1.467817782496098032e-02 -1.487201237419505558e-03 9.998911637331492352e-01 5.693381185296804148e-01
9.998082635750396019e-01 -6.005647258701093776e-03 1.863781958983381018e-02 3.396580774738702790e-02 6.020257160255230305e-03 9.999816131774825756e-01 -7.278736020839343332e-04 -7.242866828645180832e-03 -1.863310587021170875e-02 8.399385382317804682e-04 9.998260357925224939e-01 8.672234089060090190e-01
9.998365863433810174e-01 -7.262893143530342425e-03 1.655448651977356467e-02 4.177915155591460650e-02 7.285590033379366753e-03 9.999726001614773763e-01 -1.311141241870760876e-03 -1.182379845174839905e-02 -1.654451053778711531e-02 1.431536219057945140e-03 9.998621054207372794e-01 1.119159906082661582e+00
9.998802439001593934e-01 -1.125843871021880473e-02 1.061816597861471936e-02 4.279864566515197838e-02 1.128964554281728511e-02 9.999321119247557288e-01 -2.883648009995175635e-03 -2.202109705023547193e-02 -1.058497994220868564e-02 3.003178051068850548e-03 9.999394677218232941e-01 1.462987719321522606e+00
9.999297957337870413e-01 -1.169669398051932478e-02 -1.894985888214943074e-03 3.418238265738370724e-02 1.168863249379716203e-02 9.999228195111745654e-01 -4.210804125597532657e-03 -2.334426218722122914e-02 1.944092150604954635e-03 4.188358760456568040e-03 9.999893390225037537e-01 1.755507298889951162e+00
9.997898468811595718e-01 -9.644199418204400798e-03 -1.809009333627073501e-02 8.776331007214813879e-03 9.562085214514922868e-03 9.999436085202028091e-01 -4.620204509445220535e-03 -3.083118192833005089e-02 1.813363169367942368e-02 4.446254575908394936e-03 9.998256859333506386e-01 2.084565805600599120e+00
9.992530102636620892e-01 -7.610927992802832970e-03 -3.788792933928306766e-02 -4.294204548444279651e-02 7.425547390783495197e-03 9.999597733796946608e-01 -5.031188314729227729e-03 -3.789793177433843641e-02 3.792469790098126209e-02 4.746091467796380650e-03 9.992693290509306880e-01 2.465992662944568981e+00
9.983938313573839096e-01 -3.326580663183412688e-03 -5.655697339808166829e-02 -5.816357892465930102e-02 2.997880569461949894e-03 9.999781265265735852e-01 -5.895691301038312113e-03 -4.556249158595884752e-02 5.657534976792010645e-02 5.716670777624817054e-03 9.983819657861913166e-01 2.844901196262509480e+00
9.969944711710514440e-01 -2.672358967395321947e-03 -7.742662813612519179e-02 -1.099591282517327767e-01 2.175814656119141963e-03 9.999765287887243392e-01 -6.496745278014683274e-03 -5.122423072815797396e-02 7.744217381016435531e-02 6.308753119036482337e-03 9.969768851683790123e-01 3.165459732135720738e+00
9.950880278047948835e-01 -3.682104691076353974e-03 -9.892552109296624818e-02 -1.716888234162088078e-01 3.156383974540598412e-03 9.999800563771765738e-01 -5.470290960836042722e-03 -5.131647019575141799e-02 9.894369205247448285e-02 5.131174072999650226e-03 9.950798044185494851e-01 3.517715714345057698e+00
9.930485354871362302e-01 -5.013897035396542266e-03 -1.175987525818483759e-01 -2.158045463547099974e-01 4.468630164958974776e-03 9.999780109975512365e-01 -4.899883519326119277e-03 -6.786822139413434263e-02 1.176207362470886725e-01 4.340316755088702814e-03 9.930491047561803564e-01 3.918738657136031645e+00
9.909807923276348074e-01 -4.311226807297076878e-03 -1.339346186456370214e-01 -3.198774549564020186e-01 3.794544692946737272e-03 9.999843432688544365e-01 -4.112741362475952518e-03 -7.631422037910536027e-02 1.339502549445711621e-01 3.567426710467272097e-03 9.909816361378868121e-01 4.345233263134095303e+00
9.886332269904720693e-01 -3.420279289041020312e-03 -1.503084947239414215e-01 -3.640376995924856640e-01 2.907128662568715313e-03 9.999891727798203567e-01 -3.633582445391018989e-03 -7.905182791440744372e-02 1.503192977677084985e-01 3.155314098798424945e-03 9.886324662431721366e-01 4.715374869971391547e+00
9.864422645457318062e-01 -2.928529772386864131e-03 -1.640825455158743118e-01 -4.523689098808885700e-01 2.286818129122589281e-03 9.999889815419032990e-01 -4.099665124996030620e-03 -8.742640321562426819e-02 1.640927464086920640e-01 3.668855895398757255e-03 9.864380927175601110e-01 5.158089265426496262e+00
9.844547612313361284e-01 -3.221613337268952257e-03 -1.756087797502903780e-01 -5.393503803574886124e-01 2.439108300115326415e-03 9.999861132770194727e-01 -4.671616435644152660e-03 -9.898948723874845257e-02 1.756213942988913146e-01 4.170666090191228574e-03 9.844489484902954057e-01 5.604568827612916415e+00
9.828673909540374121e-01 -6.393034213212772654e-03 -1.842032032350329196e-01 -6.398590773297093692e-01 5.184230653152291542e-03 9.999617578638486659e-01 -7.043192030369157045e-03 -1.137618937300887284e-01 1.842411894638166514e-01 5.967571772924770701e-03 9.828629472267219613e-01 6.082658884036486135e+00
9.808957107463577296e-01 -6.786947884512530699e-03 -1.944158971566262162e-01 -7.465769498611970478e-01 5.176606619540201522e-03 9.999479694179045364e-01 -8.789834619068103913e-03 -1.209645284146979582e-01 1.944654410944409439e-01 7.615496352685937990e-03 9.808798078022237243e-01 6.478697327433696529e+00
9.792872686848987929e-01 -6.397403324710353514e-03 -2.023746961601473326e-01 -8.589546676668994296e-01 4.285411692560049494e-03 9.999317097409357036e-01 -1.087249256380961281e-02 -1.227597631884583540e-01 2.024304351562335735e-01 9.780034566664689080e-03 9.792478086926910130e-01 6.971037410484160368e+00
9.778952830100834381e-01 -6.598328495070046248e-03 -2.089910919052069271e-01 -9.597171151458318006e-01 3.982167596578478456e-03 9.999083924418756819e-01 -1.293634644745688539e-02 -1.360184423182720093e-01 2.090573086142430148e-01 1.181815453833952485e-02 9.778319763519570662e-01 7.464559869968796058e+00
9.761945710716893876e-01 -1.083632846573258368e-02 -2.166257886406273148e-01 -1.077548459607726716e+00 7.806002609156932615e-03 9.998594172512688116e-01 -1.483954326139745768e-02 -1.436980452516115336e-01 2.167561446989353380e-01 1.279530002477169762e-02 9.761419236652589815e-01 7.970691472131705702e+00
9.738723645320694899e-01 -1.571300891345732420e-02 -2.265517993277269271e-01 -1.204096966197883756e+00 1.255471010894268664e-02 9.998029752996657749e-01 -1.537497365396548604e-02 -1.526693841888768777e-01 2.267487540416604497e-01 1.212896969722495125e-02 9.738777602085210150e-01 8.438277472596766415e+00
9.722514994124319410e-01 -1.695640020168462034e-02 -2.333227403161553526e-01 -1.319459868038224126e+00 1.307421081585388375e-02 9.997493289131846872e-01 -1.817537693789544537e-02 -1.840497663675589868e-01 2.335724460485560372e-01 1.462052671829362251e-02 9.722294759477093651e-01 9.010193825796415368e+00
9.701624464123597136e-01 -1.404085583372108835e-02 -2.420489219503489109e-01 -1.476862712155462720e+00 8.744631120103868796e-03 9.996985692315223382e-01 -2.294127475036933372e-02 -1.895901732297489151e-01 2.422980802667444034e-01 2.014013467406538388e-02 9.699927920410157389e-01 9.534748459219796857e+00
9.678591194753557447e-01 -1.036534068995893960e-02 -2.512792931045049194e-01 -1.629601660572122412e+00 4.086742050209805910e-03 9.996665831235265198e-01 -2.549551171024124277e-02 -2.021171456647890552e-01 2.514597863447731729e-01 2.364914985631764999e-02 9.675787797323618378e-01 1.006247693408564459e+01
9.657510412060704708e-01 -1.179989320882559624e-02 -2.592020205054749726e-01 -1.807641109893659115e+00 4.879805062454900706e-03 9.996146943783634775e-01 -2.732490210903635100e-02 -2.262623900397301435e-01 2.594245839056235070e-01 2.512419733355639173e-02 9.654365134380428204e-01 1.061850595182111512e+01
9.636525387470957771e-01 -1.528998641806285537e-02 -2.667208265460304095e-01 -1.959599048381270414e+00 7.693688119678538523e-03 9.995351072693561267e-01 -2.950214370671210354e-02 -2.604739121490678433e-01 2.670479219493202550e-01 2.637774883688078637e-02 9.633221804427248847e-01 1.117857196281835641e+01
9.614853782203756083e-01 -1.461036092856447290e-02 -2.744674901885715834e-01 -2.144458534482327483e+00 6.016906913991228005e-03 9.994657339506104465e-01 -3.212543347445553227e-02 -2.876298863268353379e-01 2.747902204362027700e-01 2.923668924405884578e-02 9.610595987866981105e-01 1.175761624041316011e+01
9.590944696599810193e-01 -1.421678398932987170e-02 -2.827289860953625111e-01 -2.320835432596176862e+00 4.344139482528826257e-03 9.993596864473739405e-01 -3.551542684160898661e-02 -3.053619185149877291e-01 2.830528709162665746e-01 3.283443537420686897e-02 9.585421085555221321e-01 1.234113693308797188e+01
9.565448890907438662e-01 -1.520108661571431367e-02 -2.911885991670797869e-01 -2.506343109772518396e+00 3.609390900877170252e-03 9.991809408688880900e-01 -4.030409021998671015e-02 -3.287532787941752632e-01 2.915627694660117841e-01 3.750165811924658504e-02 9.558162893297204032e-01 1.292599376780469100e+01
9.550133823865677440e-01 -1.792911206789197034e-02 -2.960202434238439206e-01 -2.709123236855916161e+00 3.769507357141026888e-03 9.988240743726185533e-01 -4.833486577560257291e-02 -3.787231415740138218e-01 2.965387519511764602e-01 4.504459332304352331e-02 9.539579420018124978e-01 1.354113541831188172e+01
9.534023019514481501e-01 -1.679673817520720494e-02 -3.012339925575014399e-01 -2.925645509750371964e+00 -6.748226751493383165e-05 9.984371424540415818e-01 -5.588620578924524684e-02 -4.116421140216631747e-01 3.017019178789521749e-01 5.330236542709990144e-02 9.519111368993914413e-01 1.415202391346736022e+01
9.525599427118452978e-01 -1.741122690661990255e-02 -3.038526003516309193e-01 -3.134108804814967009e+00 -2.369229418068075424e-03 9.979078390962454748e-01 -6.460906594328498509e-02 -4.550583114479529456e-01 3.043418201383997768e-01 6.226390498098380299e-02 9.505257832639218973e-01 1.476768561652183465e+01
9.507926196631960591e-01 -1.688171593826315320e-02 -3.093677423666158499e-01 -3.395942678468520270e+00 -5.997114476296284101e-03 9.973246128095135665e-01 -7.285362915321080823e-02 -5.020470077888935512e-01 3.097699634393195067e-01 7.112400706489660496e-02 9.481476401042790991e-01 1.541459301776881041e+01
9.496097920952241145e-01 -1.395033687662347414e-02 -3.131239830557196457e-01 -3.597397056260629888e+00 -1.183591071711997782e-02 9.967004805069648032e-01 -8.029983410047164538e-02 -5.536130233716700655e-01 3.132110394524079133e-01 7.995961673245591261e-02 9.463114215566008625e-01 1.608570199955566338e+01
9.480164478441474030e-01 -1.302450379477259473e-02 -3.179546740727669518e-01 -3.799200612089354667e+00 -1.557879402377108924e-02 9.960644459893921443e-01 -8.725205208775824173e-02 -6.270216691874348491e-01 3.178397663813982144e-01 8.766973138990993841e-02 9.440825722768482198e-01 1.672125623809042239e+01
9.461842454888204079e-01 -1.259727282251733166e-02 -3.233831784210105531e-01 -4.061126817841066661e+00 -1.862860769680812351e-02 9.954653208349448779e-01 -9.328327808025564660e-02 -6.957100675428180558e-01 3.230918598651829621e-01 9.428734703578166287e-02 9.416589342852236255e-01 1.738996068074798984e+01
9.448596099151891359e-01 -1.063486096297121264e-02 -3.273029407307169181e-01 -4.328225899573653557e+00 -2.266671577459127701e-02 9.949515891090358055e-01 -9.776275009963492080e-02 -7.617584493786460076e-01 3.266902798131344765e-01 9.979095728125875198e-02 9.398485134377247974e-01 1.806571165124231015e+01
9.427966184740721456e-01 -8.839220183061486172e-03 -3.332512596081710909e-01 -4.566322667306056182e+00 -2.662637950857535060e-02 9.944581549091808803e-01 -1.017055260724201438e-01 -8.440719144225284909e-01 3.323034359401314530e-01 1.047609012388282940e-01 9.373364296767806580e-01 1.873495055390120712e+01
9.410241037596488445e-01 -7.984450952651290026e-03 -3.382452989638922713e-01 -4.832082770506898051e+00 -2.837330343017376716e-02 9.943376938711455670e-01 -1.024085259504224493e-01 -9.207512866700140464e-01 3.371477321198514954e-01 1.059660285249388878e-01 9.354691924122288116e-01 1.945692657406330994e+01
9.387162817132290726e-01 -7.398821824771204328e-03 -3.446113715236642228e-01 -5.098643039165212443e+00 -2.978021405995838478e-02 9.942903911688096841e-01 -1.024683213053659281e-01 -1.022314394734489706e+00 3.434019260859362266e-01 1.064512826529061540e-01 9.331362409045490525e-01 2.018466091701766274e+01
9.370335231157789213e-01 -6.666091456859496271e-03 -3.491757970164302560e-01 -5.387264296110695128e+00 -3.052791696599663554e-02 9.944272853636295650e-01 -1.009079798908129461e-01 -1.092613812145760921e+00 3.479026076839437098e-01 1.052137703018267839e-01 9.316082012680235724e-01 2.088746199037921869e+01
9.340796754419874448e-01 -6.987484651683918170e-03 -3.569962637347745549e-01 -5.679243418548460376e+00 -3.025199684145980436e-02 9.946649458923485509e-01 -9.862282747229948743e-02 -1.177662743319338068e+00 3.557808009030447582e-01 1.029214291479825932e-01 9.288849249483029924e-01 2.158925270570305344e+01
9.309231567303041244e-01 -5.369493238258487948e-03 -3.651756317552738440e-01 -5.960113185787935919e+00 -3.176037765358656617e-02 9.949135831169048094e-01 -9.559414494486999370e-02 -1.259747439805050107e+00 3.638314945713730375e-01 1.005889197503213178e-01 9.260175568272200897e-01 2.225535202440200067e+01
9.273081624547645507e-01 -4.671228780022239867e-03 -3.742696201418316271e-01 -6.276152952936951301e+00 -3.147952458019988992e-02 9.954061934430137315e-01 -9.041874585132267383e-02 -1.347510662908377288e+00 3.729726709177217936e-01 9.562787131844140143e-02 9.229012405816314768e-01 2.311533405881265324e+01
9.239682558718342875e-01 -1.006631872315633591e-03 -3.824678363025467709e-01 -6.614364935415738778e+00 -3.392991420282214649e-02 9.958380627018259545e-01 -8.458908809258428030e-02 -1.423642967009261850e+00 3.809611857271056889e-01 9.113473355557041855e-02 9.200886035098814197e-01 2.381543214353733617e+01
9.200073629252607521e-01 1.576909189340906054e-03 -3.918978978669473423e-01 -6.925708617744542828e+00 -3.646763122660951623e-02 9.959975532416580624e-01 -8.160260931764232173e-02 -1.499516338404695670e+00 3.902006741587447092e-01 8.936658989162511724e-02 9.163825891118241307e-01 2.458248002472661042e+01
9.164413774430583137e-01 3.064770803535072329e-03 -4.001572260969789574e-01 -7.237703829705498748e+00 -3.786800634261914406e-02 9.961474960496238262e-01 -7.909601920729419922e-02 -1.581455393155645428e+00 3.983732144426541666e-01 8.764002161196014773e-02 9.130268407195403224e-01 2.532841393236059702e+01
9.128619971019230617e-01 2.974432097289075611e-03 -4.082574231862086678e-01 -7.617420004415715873e+00 -3.825128017123519825e-02 9.961979598988800477e-01 -7.827173375668468325e-02 -1.660603877170651277e+00 4.064724050855725856e-01 8.706766070120415535e-02 9.095050355723207636e-01 2.609827007176300739e+01
9.089483914196340164e-01 3.844835716641393803e-03 -4.168909154998374778e-01 -7.985647221289541520e+00 -3.985431015630779700e-02 9.961793251307998753e-01 -7.770705370441917392e-02 -1.739454236440112433e+00 4.149993470987011213e-01 8.724660173898317328e-02 9.056288289850417117e-01 2.684157067621141479e+01
9.050823977359289119e-01 4.476641949470512583e-03 -4.252126636250336267e-01 -8.384471550105455862e+00 -4.038569230172666530e-02 9.963296590215520165e-01 -7.547321688366155634e-02 -1.795317192926668248e+00 4.233141288365139254e-01 8.548198829862997672e-02 9.019412295858187933e-01 2.761755796104188931e+01
9.020303485990532888e-01 4.749041574802539620e-03 -4.316464908114599486e-01 -8.762946528039838867e+00 -4.045842184136137082e-02 9.964679872081924072e-01 -7.358441838532502055e-02 -1.874508651061075781e+00 4.297724617797479829e-01 8.383911475898447874e-02 8.990365051848575595e-01 2.841059789750366349e+01
8.977612828786626364e-01 4.826687820052371139e-03 -4.404558753457344378e-01 -9.156824214777863347e+00 -3.912839004244474811e-02 9.968607979252093187e-01 -6.882963541888900694e-02 -1.945443819396313501e+00 4.387409837027403392e-01 7.902691140843649820e-02 8.951318899221877290e-01 2.913865185763072674e+01
8.938911453876837721e-01 6.178543715440757735e-03 -4.482414993544364679e-01 -9.586066651179073972e+00 -3.901029338393507268e-02 9.971839403634391585e-01 -6.404987240374912516e-02 -2.011121552560000580e+00 4.465834972817576132e-01 7.473964648207911954e-02 8.916149220303989376e-01 2.998477605449648919e+01
8.902890648539169005e-01 6.713537063253523403e-03 -4.553463574593414886e-01 -9.999826265840184192e+00 -3.810540657962440542e-02 9.974830016425552115e-01 -5.979665114853595365e-02 -2.080523401685230311e+00 4.537988121785772044e-01 7.058746295361716105e-02 8.883040314240459034e-01 3.078703431398310997e+01
8.865928001070251252e-01 4.870113179502944326e-03 -4.625251177052597806e-01 -1.041755682251713822e+01 -3.590020661085838866e-02 9.976527615756620726e-01 -5.831074126120473766e-02 -2.152378565816249090e+00 4.611554889837928273e-01 6.830263086895704827e-02 8.846865941244724807e-01 3.159927401690727322e+01
8.828667241408041377e-01 5.431478811755800599e-03 -4.695922082336913550e-01 -1.087862915007140252e+01 -3.643950250827725917e-02 9.977107298495710985e-01 -5.696895876787897578e-02 -2.208469787224349723e+00 4.682077671555266440e-01 6.740770464969295106e-02 8.810435247335932640e-01 3.241603296335654960e+01
8.797596399010414459e-01 4.534774777407895967e-03 -4.753971048621097317e-01 -1.132811385114082725e+01 -3.470171556656953538e-02 9.978996797458488111e-01 -5.469936160856712221e-02 -2.265757390658869053e+00 4.741505775538893963e-01 6.461938595028672572e-02 8.780692280292241580e-01 3.321282757839030353e+01
8.763445464704981980e-01 5.202193426779732136e-03 -4.816566914692967383e-01 -1.180049865951325394e+01 -3.507813518542443609e-02 9.979758949909479648e-01 -5.304373206702731047e-02 -2.327565624988349846e+00 4.804058322478944598e-01 6.338020400503895091e-02 8.747532169918764700e-01 3.404391334878248898e+01
8.747628837654634060e-01 4.255615426830236005e-03 -4.845325399359712848e-01 -1.224676254202400294e+01 -3.442398446490468888e-02 9.979805831516511683e-01 -5.338300297519240484e-02 -2.379318236520594709e+00 4.833268975356241337e-01 6.337701039957184534e-02 8.731428687663134180e-01 3.491044177689058614e+01
8.719693412240644426e-01 3.636689851353120621e-03 -4.895469719010818177e-01 -1.270492111857336859e+01 -3.404610989167050628e-02 9.980018102433345639e-01 -5.322827455636418986e-02 -2.443152588001702874e+00 4.883751978236288149e-01 6.308059364065622676e-02 8.703507968350323587e-01 3.571448146829277448e+01
8.706541918813981429e-01 3.308427300768514764e-03 -4.918844657765842898e-01 -1.322610578701646489e+01 -3.414145026439286551e-02 9.979722444632477263e-01 -5.371927693747906296e-02 -2.506355995660572322e+00 4.907093264382900166e-01 6.356456281602124170e-02 8.690016732069413274e-01 3.659347274712610698e+01
8.706703158270391318e-01 2.558829255864985327e-03 -4.918603955760696422e-01 -1.376115167386677385e+01 -3.301027161713152719e-02 9.980359171213190050e-01 -5.324124492332280717e-02 -2.575024890029192992e+00 4.907581141741956809e-01 6.259201692106367010e-02 8.690447154932602336e-01 3.746078750042654804e+01
8.699736623861271667e-01 1.825827079085508894e-03 -4.930948065988584039e-01 -1.428398634410367407e+01 -3.159687481336463655e-02 9.981444511622998839e-01 -5.205086138339109353e-02 -2.641234624708685530e+00 4.920848176910695981e-01 6.086313349973429543e-02 8.684170748775659199e-01 3.839041590538965920e+01
8.710299866047866990e-01 8.201210412594157418e-04 -4.912291573761112806e-01 -1.481354354087285152e+01 -3.016425014124566803e-02 9.982008026656313815e-01 -5.181964514173660608e-02 -2.712622860610637510e+00 4.903028492340870681e-01 5.995402410377935476e-02 8.694875707883858995e-01 3.928895896192616277e+01
8.710233478894877646e-01 -8.648777361526211816e-04 -4.912408519656360495e-01 -1.531037207697614200e+01 -2.814561101948835631e-02 9.982678912500939639e-01 -5.166277118217901115e-02 -2.769562289168673530e+00 4.904346598015861258e-01 5.882575395369663701e-02 8.694902988925500287e-01 4.016382182184601390e+01
8.691005980397360497e-01 -3.594385281550663714e-03 -4.946223064591159790e-01 -1.583193266188592752e+01 -2.617995440836191554e-02 9.982377096467756061e-01 -5.325490650956594268e-02 -2.844378336403122098e+00 4.939420654859446591e-01 5.923306063213578526e-02 8.674748902793137928e-01 4.107418629815485644e+01
8.672461045613506503e-01 -1.280435438654563534e-03 -4.978780470273256875e-01 -1.636030759083287833e+01 -2.749732753912340413e-02 9.983472394434806940e-01 -5.046470568500113080e-02 -2.891321726548993443e+00 4.971197991773036451e-01 5.745563523975443648e-02 8.657775465415664673e-01 4.200101243360013115e+01
8.658353210520592924e-01 -2.127622080136418355e-03 -5.003245597643818376e-01 -1.690411983630255577e+01 -2.551059396237062918e-02 9.985025227734342090e-01 -4.839340506283402316e-02 -2.961450430112308574e+00 4.996783066050637379e-01 5.466429615861050084e-02 8.644844761651409026e-01 4.291551443957709466e+01
8.635985582447847086e-01 -1.398741750554545601e-03 -5.041781120876849265e-01 -1.742763995385758946e+01 -2.343290890763374129e-02 9.988041503397750986e-01 -4.290883458503829545e-02 -3.028549460470186805e+00 5.036352179140232144e-01 4.887036745586852138e-02 8.625330483122870540e-01 4.383965959767562026e+01
8.595188423452284621e-01 -2.965088796147823287e-03 -5.110954536741627585e-01 -1.797475040505318233e+01 -2.110030931378919020e-02 9.989247917690924350e-01 -4.127998755810548259e-02 -3.084423631688652634e+00 5.106683272606644675e-01 4.626519924893929964e-02 8.585321170287939507e-01 4.473067890681954850e+01
8.547925300477857702e-01 -5.622424175340019412e-03 -5.189394123046769947e-01 -1.853538570434657728e+01 -1.958856131281553475e-02 9.988792101797006051e-01 -4.308841803750509958e-02 -3.143894978918472916e+00 5.186000605904851346e-01 4.699693433693038352e-02 8.537243527999810455e-01 4.562147482954427602e+01
8.490084366981838215e-01 -8.700751237433671306e-03 -5.283076432275726209e-01 -1.907253439061406652e+01 -1.906026946072542430e-02 9.987093347632778340e-01 -4.707834761050607580e-02 -3.221002912786241179e+00 5.280354010030894329e-01 5.003960033854274597e-02 8.477468130916466782e-01 4.650921457563767092e+01
8.422890628463365337e-01 -8.860947471567136996e-03 -5.389532563818097977e-01 -1.967980351019482654e+01 -1.882281020065475208e-02 9.987715548310732716e-01 -4.583757307790025520e-02 -3.274872780909195313e+00 5.386973554645627660e-01 4.875310129530065206e-02 8.410875697305039145e-01 4.743318100965555573e+01
8.365409377942085722e-01 -6.838769291972966388e-03 -5.478617387604849398e-01 -2.028741103413888069e+01 -1.885555572667762733e-02 9.989704803385756060e-01 -4.126072542039224689e-02 -3.338441560019927312e+00 5.475798863477829848e-01 4.484652341048390306e-02 8.355507544157771971e-01 4.832276651107377319e+01
8.307787440980528570e-01 -1.727460455001523544e-03 -5.566001151851147632e-01 -2.088103892418607899e+01 -2.159920664816895181e-02 9.991419180784042453e-01 -3.533980548227950991e-02 -3.390365341038328317e+00 5.561835643943567886e-01 4.138168000824769127e-02 8.300285568748168030e-01 4.916884526384265541e+01
8.276641806540496749e-01 -8.394196552533386702e-04 -5.612230335010172100e-01 -2.151388292136072522e+01 -2.431988677402046814e-02 9.990058932075686071e-01 -3.735998514335917703e-02 -3.446365783086860812e+00 5.606964882412155404e-01 4.457040203220575397e-02 8.268209802583692536e-01 5.007891140481788739e+01
8.234716884799940795e-01 -3.848766586751393125e-03 -5.673443037905314679e-01 -2.214531188107972426e+01 -2.431078455457051299e-02 9.988192025504636362e-01 -4.206169771357676918e-02 -3.510002986956149762e+00 5.668362805069542265e-01 4.842920231615378823e-02 8.224057694620198200e-01 5.092136330515862852e+01
8.213404284311550674e-01 -8.596293966947020360e-03 -5.703735601122589260e-01 -2.270415405714421198e+01 -2.351273912450296127e-02 9.985265143018775547e-01 -4.890757991201137578e-02 -3.582705090879439780e+00 5.699535565786373326e-01 5.358081735082735608e-02 8.199280734289827732e-01 5.178273138820041055e+01
8.190488162469760081e-01 -9.833252281665084277e-03 -5.736395535608113105e-01 -2.336804023523827212e+01 -2.375514268835751328e-02 9.984144296382974071e-01 -5.103253788369423172e-02 -3.655728170663147925e+00 5.732318333765712426e-01 5.542502919519985000e-02 8.175165672021762475e-01 5.266789593577199469e+01
8.148333849075781732e-01 -6.643677333387408568e-03 -5.796571485967060289e-01 -2.397251550064344272e+01 -2.495336183235427954e-02 9.986055094306771629e-01 -4.652275046302706274e-02 -3.715165832361837062e+00 5.791579142883570563e-01 5.237268477226519892e-02 8.135313261556104125e-01 5.352744612041035310e+01
8.103761194359982989e-01 -3.556694412494495593e-03 -5.858992134889059455e-01 -2.459000179856974100e+01 -2.556868669254924731e-02 9.988142716950435540e-01 -4.142816633774835944e-02 -3.769410586914851535e+00 5.853518536223176749e-01 4.855307002232549241e-02 8.093242943413503365e-01 5.438085056677912377e+01
8.084537622157050851e-01 -1.531556370875368934e-03 -5.885576964328613769e-01 -2.524931468940339130e+01 -2.616038436394867162e-02 9.989148020753552126e-01 -3.853378432582639512e-02 -3.834137677449666270e+00 5.879780216393585279e-01 4.654967837468416969e-02 8.075363645845884397e-01 5.526968943045455518e+01
8.054411476564085071e-01 -7.061904227484468036e-04 -5.926753345681835539e-01 -2.591245754588333128e+01 -2.779814681174395258e-02 9.988537365618287422e-01 -3.896762815106483147e-02 -3.901728998418274141e+00 5.920235012702246280e-01 4.786140701453144713e-02 8.044982699548991478e-01 5.611438082832608387e+01
8.012693739595965203e-01 -2.835903923592313601e-03 -5.982970342028001154e-01 -2.654022930711903783e+01 -2.664638488028754637e-02 9.988273861357030992e-01 -4.042057555430839111e-02 -3.946675269076748371e+00 5.977101019753990885e-01 4.833022222963986175e-02 8.002542286256577597e-01 5.695625108429160122e+01
7.982425396187217137e-01 -4.269810827771198559e-03 -6.023210188157951395e-01 -2.719683785270264309e+01 -2.662898394699212551e-02 9.987470195451738642e-01 -4.237084153692947247e-02 -4.017169152532697574e+00 6.017472481991473776e-01 4.986140482091754034e-02 7.971286574301070793e-01 5.781687928654103104e+01
7.941759654907688537e-01 -6.676019805902559147e-03 -6.076511824508432635e-01 -2.786006070238480703e+01 -2.511439850867347445e-02 9.987247707972882749e-01 -4.379610973716600159e-02 -4.079112219417183383e+00 6.071686820772462800e-01 5.004261161007673292e-02 7.929955457287342080e-01 5.867198851008628679e+01
7.894860029064281193e-01 -5.901912033188143683e-03 -6.137401823688887204e-01 -2.851603321746708275e+01 -2.538741048251039883e-02 9.987839721816390570e-01 -4.226175988042601278e-02 -4.132516999520981393e+00 6.132432929925806242e-01 4.894634173193740390e-02 7.883761325531948305e-01 5.951021663363419378e+01
7.845484718596934526e-01 -6.669166090310311990e-03 -6.200316203187452579e-01 -2.917815925243062836e+01 -2.419330875388792795e-02 9.988515028829096920e-01 -4.135648732596415578e-02 -4.200558131261259653e+00 6.195953397542408592e-01 4.744678525075478326e-02 7.834860718682471470e-01 6.032713757488551920e+01
7.799568213638590208e-01 -6.537003487645876368e-03 -6.257991825939362984e-01 -2.987822387816747849e+01 -2.498629283345871893e-02 9.988229136981574552e-01 -4.157489972963007013e-02 -4.270755014838194086e+00 6.253343489926833643e-01 4.806302816375772335e-02 7.788754102590548234e-01 6.119863134426699247e+01
7.739055439401306691e-01 -9.170699825740327715e-03 -6.332346324257959180e-01 -3.056731212820439936e+01 -2.313541500762319320e-02 9.988183215827930450e-01 -4.274006415120746444e-02 -4.326942993691035078e+00 6.328783199373422264e-01 4.772691849665103986e-02 7.727788693949994014e-01 6.203389353445278687e+01
7.683277904071780240e-01 -1.023065949793901946e-02 -6.399747903819679173e-01 -3.131592933311581461e+01 -2.401825741933901956e-02 9.987071739896055123e-01 -4.480071398748008971e-02 -4.385808800661270546e+00 6.396057662022864854e-01 4.979271274134330211e-02 7.670887545303397559e-01 6.280914008785542535e+01
7.625111994808213556e-01 -1.024685339876263424e-02 -6.468938589409140016e-01 -3.201254601074848694e+01 -2.502491363766541632e-02 9.986591906163682086e-01 -4.531638487857305581e-02 -4.445322171026820257e+00 6.464908590804973043e-01 5.074271384300826221e-02 7.612323915861098911e-01 6.368469928071446162e+01
7.556728802169329073e-01 -1.386706077611045938e-02 -6.548024088433693768e-01 -3.270757972544638648e+01 -2.141289645900400912e-02 9.987182691443277083e-01 -4.586182265870833441e-02 -4.516489827576667615e+00 6.545991083598434734e-01 4.867775167933992286e-02 7.544073779424191883e-01 6.447032260172680651e+01
7.505591383648629877e-01 -1.396275865205201354e-02 -6.606557446582768112e-01 -3.346308800065589395e+01 -2.240817672563240326e-02 9.986639418740712593e-01 -4.656398665478664323e-02 -4.578098509924185322e+00 6.604232432755779980e-01 4.975311626582217678e-02 7.492434686830650170e-01 6.531450841172654975e+01
7.435388234536625118e-01 -1.407645157580451022e-02 -6.685445857285546856e-01 -3.417670354076327044e+01 -2.176454975814597070e-02 9.987392631087291806e-01 -4.523481772941354007e-02 -4.653106170646120532e+00 6.683384841516526453e-01 4.818441491664066101e-02 7.422950499269611591e-01 6.614366927023394283e+01
7.380022110004378355e-01 -1.471095012840078695e-02 -6.746379146929173398e-01 -3.493547618241652941e+01 -1.962238366056100539e-02 9.988717155586506191e-01 -4.324647903455471759e-02 -4.712040873995330337e+00 6.745129396610334283e-01 4.515400096835869848e-02 7.368808716186541208e-01 6.694775693389959770e+01
7.317756807901820704e-01 -1.637576474083354133e-02 -6.813487936530641109e-01 -3.573587606121227367e+01 -2.009320900459389200e-02 9.987583733258262875e-01 -4.558480772835588057e-02 -4.783511238012933653e+00 6.812493106528220155e-01 4.704833726681603018e-02 7.305380478688507928e-01 6.775485746095809247e+01
7.266879534940092755e-01 -1.814701816183904651e-02 -6.867279629745701719e-01 -3.649127982967375772e+01 -1.864740008746442607e-02 9.987616086891459855e-01 -4.612508544473799960e-02 -4.842098118464093659e+00 6.867145696402938704e-01 4.632423485528685408e-02 7.254496356932724765e-01 6.855494174813767927e+01
7.200230428600415955e-01 -1.666988142743549769e-02 -6.937499000261837523e-01 -3.727510242155360487e+01 -2.194929884111206098e-02 9.986641730122812755e-01 -4.677710826587828247e-02 -4.906957451845558538e+00 6.936029509964930506e-01 4.890791955537100721e-02 7.186953254025701954e-01 6.933830690564636257e+01
7.136900049932877188e-01 -1.726076105531220567e-02 -7.002489798108602059e-01 -3.805555303548118928e+01 -2.034414259859514129e-02 9.987638178921489640e-01 -4.535363231662120631e-02 -4.981819505548203963e+00 7.001661948385649037e-01 4.661439899714953095e-02 7.124565997679133122e-01 7.013892176477071416e+01
7.098955100019233022e-01 -1.677814888710637067e-02 -7.041071291573565150e-01 -3.888205676519370257e+01 -2.225617226107818106e-02 9.986825466376377802e-01 -4.623671565234072772e-02 -5.045769970442334440e+00 7.039552794926456913e-01 4.849396623228367786e-02 7.085868393821908029e-01 7.095986922791428242e+01
7.041801064131860688e-01 -1.850249810434411585e-02 -7.097802659199877739e-01 -3.972656624625665955e+01 -2.122539698534830002e-02 9.986650665788471271e-01 -4.709105383917685378e-02 -5.112394403835440748e+00 7.097040708964015288e-01 4.822595105080099837e-02 7.028473509737959146e-01 7.179530750958691954e+01
6.983811102130518256e-01 -1.900740310765218488e-02 -7.154736431051955670e-01 -4.052425664996944477e+01 -2.297588689499465570e-02 9.985367217256396755e-01 -4.895430546319182868e-02 -5.187526203698130445e+00 7.153572126212196514e-01 5.062740354793504594e-02 6.969224733574596042e-01 7.254295054914895502e+01
6.945159788284774871e-01 -2.159610064254838258e-02 -7.191530810288708775e-01 -4.135278942658517565e+01 -2.205581426502580336e-02 9.984405665504191285e-01 -5.128329315165247593e-02 -5.264396413353215287e+00 7.191391412199154010e-01 5.147857317911750524e-02 6.929566087942827801e-01 7.335704468512818721e+01
6.905002949309426707e-01 -2.191649620343736476e-02 -7.230000001128209508e-01 -4.220517691151298578e+01 -2.418421532474192628e-02 9.982825320528496693e-01 -5.335831672343512022e-02 -5.335515170041563060e+00 7.229277105961415817e-01 5.432912099546409468e-02 6.887843505474758876e-01 7.414907668078039649e+01
6.861636179575996142e-01 -2.185608538390039837e-02 -7.271188287264311878e-01 -4.306527599111737459e+01 -2.293591324838684456e-02 9.984016022411019708e-01 -5.165447280250216183e-02 -5.411968905066586899e+00 7.270855807258378434e-01 5.212055417346061342e-02 6.845655673002498665e-01 7.493205701676318142e+01
6.811058083537286922e-01 -2.236093581384348411e-02 -7.318434644261400113e-01 -4.390748542354627659e+01 -2.104406238161542556e-02 9.985227665705800337e-01 -5.009423230410867123e-02 -5.486218606637363493e+00 7.318825273319956581e-01 4.952043193352714118e-02 6.796290921737473401e-01 7.568603189231532724e+01
6.747828451349063839e-01 -2.115836610528985806e-02 -7.377129694892953227e-01 -4.476842443596506627e+01 -2.338111083327411299e-02 9.984743042160999504e-01 -5.002386943422923449e-02 -5.559544915070319782e+00 7.376458799870622141e-01 5.100379747959726817e-02 6.732586267153654047e-01 7.650963799470825677e+01
6.705964682094868179e-01 -2.329380807732379238e-02 -7.414565160100999863e-01 -4.567182592485334425e+01 -2.133218681322165619e-02 9.984879925903058506e-01 -5.066227877259160683e-02 -5.632127116803859579e+00 7.415155584523182020e-01 4.979083395230181341e-02 6.690856145458369264e-01 7.725097867114479300e+01
6.673397033113768195e-01 -2.464208672311171341e-02 -7.443456708256992460e-01 -4.655459440772637691e+01 -1.981502759458797849e-02 9.985111623081099896e-01 -5.082148616175923006e-02 -5.714306918258182932e+00 7.444898212471986465e-01 4.866442531508879260e-02 6.658578602142983804e-01 7.805048870862717081e+01
6.616707140783933960e-01 -2.516124017859264900e-02 -7.493722491030202493e-01 -4.745923081012577427e+01 -1.996541970750834866e-02 9.984911581065225583e-01 -5.115456213534359808e-02 -5.787593050716433929e+00 7.495286900135913477e-01 4.880900693532298079e-02 6.601700039067078807e-01 7.882167092581953227e+01
6.588698659971410354e-01 -2.826661425316271195e-02 -7.517256731967002503e-01 -4.833793274438620813e+01 -1.621140926197272084e-02 9.985281766980733664e-01 -5.175587473211036571e-02 -5.861223353611392461e+00 7.520822421573235550e-01 4.628691857552427041e-02 6.574418853688986930e-01 7.959048917467526962e+01
6.544244867672235344e-01 -3.260962420031799508e-02 -7.554238498878513841e-01 -4.925659023853501139e+01 -1.305049967794545164e-02 9.984336434758542822e-01 -5.440536779037131315e-02 -5.942016961583705736e+00 7.560147384560813588e-01 4.546286338085712281e-02 6.529738538634342060e-01 8.034926839778752594e+01
6.489708251084489454e-01 -3.561746828945466098e-02 -7.599791138211188235e-01 -5.016033929671117875e+01 -1.098021691095203700e-02 9.983610684999835172e-01 -5.616593046586719484e-02 -6.027266368915854322e+00 7.607340614878592699e-01 4.479478552472616198e-02 6.475161199100906151e-01 8.114418032549025384e+01
6.434682685811813352e-01 -3.925471258648104145e-02 -7.644655937889199837e-01 -5.105208367509309397e+01 -5.470738905408020422e-03 9.984228910996745254e-01 -5.587308419823675681e-02 -6.097472950094226185e+00 7.654532433736672692e-01 4.013474814079653896e-02 6.422386978284828629e-01 8.189800829223553080e+01
6.356200859472366238e-01 -4.343536119863571771e-02 -7.707791284096217055e-01 -5.198997167594688307e+01 -4.152614710777725957e-04 9.983965864180636141e-01 -5.660462675359877183e-02 -6.191149919354829834e+00 7.720019064278009768e-01 3.629911228497959691e-02 6.345828881099723207e-01 8.265343704877506070e+01
6.282320516554283918e-01 -4.574375297994791312e-02 -7.766801061149373187e-01 -5.293884692299180728e+01 2.960364526468340762e-03 9.984034158277733662e-01 -5.640793811405669933e-02 -6.274668636910876174e+00 7.780203951782249661e-01 3.313801811235616429e-02 6.273644455711050449e-01 8.342058666126094124e+01
6.166861339468542313e-01 -4.506415243754201966e-02 -7.859182037685439326e-01 -5.390538316343810266e+01 5.313672775880521476e-03 9.985756817826483278e-01 -5.308834720743110108e-02 -6.354481498091961278e+00 7.871912011286104072e-01 2.856273503960765278e-02 6.160472339078231219e-01 8.417706657368535161e+01
6.090650571263352964e-01 -4.392073884355077867e-02 -7.919032222298095780e-01 -5.489184033669304341e+01 4.608712441023623055e-03 9.986446414560443685e-01 -5.184245208588759285e-02 -6.450002263325037788e+00 7.931068819374332834e-01 2.792577140362272753e-02 6.084419747573776016e-01 8.495258921328917268e+01
5.986840068773422452e-01 -4.452314327286029799e-02 -7.997469211576994086e-01 -5.586441767446287798e+01 1.750750783708551967e-03 9.985242851614326565e-01 -5.427878771239182110e-02 -6.511894874454376314e+00 8.009833988408494587e-01 3.109568418522145813e-02 5.978784700477228764e-01 8.565282862387137186e+01
5.895972651908961693e-01 -4.781845982941457934e-02 -8.062806260109705025e-01 -5.683881371846594988e+01 2.325978301761591656e-03 9.983423205486484653e-01 -5.750826726414256379e-02 -6.597862669212781306e+00 8.076940419083901146e-01 3.203132548732810087e-02 5.887311277436284573e-01 8.633751416841184323e+01
5.812634052615934799e-01 -4.873506734263787638e-02 -8.122547228874315017e-01 -5.789320595937453362e+01 2.130848683597394693e-03 9.982926024879575921e-01 -5.837241881728485321e-02 -6.686722157931393795e+00 8.137126790156139489e-01 3.219895864932480894e-02 5.803748057558382190e-01 8.706220996225536624e+01
5.694197351000047647e-01 -5.023879975553936089e-02 -8.205103387455706665e-01 -5.887292490103394016e+01 6.502979298113401897e-03 9.983748344454093093e-01 -5.661626247463160538e-02 -6.775888088218061434e+00 8.220212208878235893e-01 2.690265500106677268e-02 5.688210367796983080e-01 8.775023040586653167e+01
5.582915106456980414e-01 -5.053295630300996821e-02 -8.281044601786763382e-01 -5.987227453844279523e+01 7.430666372257480751e-03 9.984078435985630495e-01 -5.591567765198042494e-02 -6.863193873229945119e+00 8.296115871986680101e-01 2.506387972474537901e-02 5.577781179376860576e-01 8.843896938251324968e+01
5.489086143896442227e-01 -4.955324985651008568e-02 -8.344122457158655859e-01 -6.091312797124935940e+01 5.395862685929532325e-03 9.984305029000895004e-01 -5.574419716478241915e-02 -6.949976690726987094e+00 8.358649586951754085e-01 2.609609567326356613e-02 5.483144876072794105e-01 8.912372350603521909e+01
5.386151457782611951e-01 -5.098308863683323477e-02 -8.410079883979280080e-01 -6.194270961063319447e+01 5.691129166569895530e-03 9.983649459445091967e-01 -5.687746240416878540e-02 -7.036871871763513475e+00 8.425326981476348731e-01 2.584877715448723884e-02 5.380246334159387578e-01 8.973256971382902236e+01
5.291893416837418762e-01 -5.152469048489598247e-02 -8.469379161951750001e-01 -6.301977642610854957e+01 3.488205991136795331e-03 9.982782554183099455e-01 -5.855217461459247957e-02 -7.121924762040393375e+00 8.484966027667347754e-01 2.803089238322769433e-02 5.284579427173838884e-01 9.043183990054014032e+01
5.206902456587195749e-01 -5.172530918789623039e-02 -8.521772980353309324e-01 -6.411130780300179310e+01 1.336316661643097018e-03 9.982111168717229255e-01 -5.977273951091770926e-02 -7.229418914939017782e+00 8.537446306310900734e-01 2.998430326990810316e-02 5.198279142440616063e-01 9.111919749634478194e+01
