1.000000000000000000e+00 4.398956837314658088e-19 2.733407509747682871e-20 -8.673617379884035472e-19 -5.583667658079949532e-19 1.000000000000000000e+00 -6.100159232558060012e-19 0.000000000000000000e+00 4.145284534913582806e-20 -2.210423569125054137e-19 1.000000000000000222e+00 0.000000000000000000e+00
9.998899109561996124e-01 3.462862427489957749e-04 1.483394991960093091e-02 -5.936609028340277677e-02 -3.418400695095412910e-04 9.999998958911533453e-01 -3.022643644307161865e-04 -7.971472506145674264e-03 -1.483405330240781736e-02 2.971602661887991735e-04 9.998899252124332504e-01 4.575052028910259194e-02
9.992937497580562933e-01 3.861226512130709956e-03 3.737770251467499583e-02 4.376159472728564925e-02 -3.844485121559805107e-03 9.999924748657724738e-01 -5.197627547931689407e-04 6.923236788884457038e-03 -3.737942881214375429e-02 3.756976864254414758e-04 9.993010743137488161e-01 2.830049743524211681e-01
9.979696199689688241e-01 5.096841893986422609e-03 6.348747775106081126e-02 2.677463699012889997e-02 -5.153443528954006203e-03 9.999864560652668155e-01 7.278155059015588551e-04 1.754939605701055783e-03 -6.348290941900371076e-02 -1.053516849531657695e-03 9.979823697314827990e-01 4.203638685813035902e-01
9.953415553477958921e-01 4.601177167470569228e-03 9.630169952701383984e-02 7.437363569044763700e-02 -4.864055583479675107e-03 9.999850574615211096e-01 2.495160426252069404e-03 5.068045718382235831e-03 -9.628878152498762666e-02 -2.951953619574578490e-03 9.953490626651440021e-01 5.840213361048087748e-01
9.909208391995554255e-01 1.643413905054029803e-03 1.344365631137695860e-01 1.704397784033907515e-01 -2.280796054612134992e-03 9.999868774057029119e-01 4.587263763767184324e-03 4.087531899866825302e-03 -1.344272625075908500e-01 -4.852237561585027309e-03 9.909115838515640817e-01 7.913694466916015857e-01
9.847176687486005608e-01 -1.631903549448173243e-03 1.741506516319276943e-01 2.143917693788998935e-01 6.893773272046810167e-04 9.999847882208160454e-01 5.472484187024046973e-03 -1.012198381933154812e-02 -1.741569360676138156e-01 -5.268796244691024457e-03 9.847038141947396239e-01 9.725844511077953447e-01
9.760068547602345213e-01 -1.866953469724065822e-03 2.177317924116229098e-01 3.164464345635318865e-01 4.927075027900952543e-04 9.999796169260608547e-01 6.365765398451335953e-03 -5.001751218589089998e-03 -2.177392427206454040e-01 -6.105752427787740008e-03 9.759878802978785295e-01 1.213003699095026366e+00
9.642744170581618590e-01 -1.990576145394323728e-03 2.648978772302337248e-01 4.190006572887154945e-01 -6.209586202382099806e-04 9.999520352280852897e-01 9.774541002570621973e-03 8.233280446830554267e-03 -2.649046330101498814e-01 -9.589830285495428222e-03 9.642269294203061891e-01 1.394413195409206274e+00
9.497605828174943143e-01 -5.685672169075593058e-03 3.129257215220673238e-01 5.611340639588375812e-01 5.504253923174944659e-04 9.998637748184537877e-01 1.649632779453378759e-02 2.081505829046450401e-02 -3.129768912755371280e-01 -1.549531948100844013e-02 9.496343306118996130e-01 1.648510936819334916e+00
9.328657355238491045e-01 -1.533200813971100085e-02 3.598978289270485242e-01 6.794589065782048465e-01 6.955939760003483283e-03 9.996742282100885557e-01 2.455712384779620838e-02 -3.349770860081313639e-04 -3.601571006064717140e-01 -2.040507161934381614e-02 9.326684822076067860e-01 1.849457093348524817e+00
9.118787287145788678e-01 -2.107548869543048389e-02 4.099182913012623386e-01 8.469357676935972412e-01 9.809270823592040195e-03 9.995146430289779671e-01 2.956782956790214578e-02 -5.184248860122947500e-03 -4.103424981417881368e-01 -2.294127510944957149e-02 9.116428766228051872e-01 2.072439292058160021e+00
8.869561906895532255e-01 -2.302337474729959990e-02 4.612793480514165156e-01 1.031772018567360227e+00 8.499779624127134364e-03 9.994012791806478058e-01 3.353858801892273950e-02 -3.478181151389481141e-03 -4.617753499537010087e-01 -2.582648524885294145e-02 8.866208445220165046e-01 2.321076024849867636e+00
8.585282451957331196e-01 -2.512055367210077467e-02 5.121505697523164313e-01 1.195552953295008880e+00 6.777323469200149247e-03 9.992679186345961861e-01 3.765228600667396702e-02 2.699901647515477038e-02 -5.127214889860666203e-01 -2.885454071508247037e-02 8.580699820711011894e-01 2.540458413940070770e+00
8.263128689529477544e-01 -3.036800950457634735e-02 5.623920534824101702e-01 1.439226441674032353e+00 7.774193525810224777e-03 9.990651575265158124e-01 4.252496787257840222e-02 2.363486247525360684e-02 -5.631577138547195771e-01 -3.076678326593215371e-02 8.257764825869572389e-01 2.777984704118998671e+00
7.906302080008424937e-01 -3.612625525867181608e-02 6.112272589914725662e-01 1.649997239874713584e+00 9.956858944269071643e-03 9.988844723355665423e-01 4.615920103969287785e-02 2.382931863061844846e-02 -6.122129877257057595e-01 -3.040895478420146958e-02 7.901079413082979785e-01 2.966324530190027176e+00
7.532440589931206354e-01 -4.063222811689015668e-02 6.564848839926361590e-01 1.917659674906371681e+00 1.119274248247099403e-02 9.987373849628139455e-01 4.897303688896718910e-02 3.527273841781980446e-02 -6.576458912717905170e-01 -2.954078244591328353e-02 7.527477868689147478e-01 3.161912972187772120e+00
7.126441878685719766e-01 -4.374671092211839668e-02 7.001603238128583095e-01 2.237100106613384654e+00 1.201165416878691161e-02 9.986683602977349805e-01 5.017196677931789334e-02 4.483092789425042329e-02 -7.014228331736155342e-01 -2.734467638835093653e-02 7.122206719610757464e-01 3.427844699834956099e+00
6.713204735379428856e-01 -4.564322255403713974e-02 7.397604404889748242e-01 2.509976182892700081e+00 1.107755427577046883e-02 9.986083843742421529e-01 5.156144290836916361e-02 5.123097985656711179e-02 -7.410844215210495856e-01 -2.641951532956949081e-02 6.708918677206748837e-01 3.604201194879881776e+00
6.285812198060579670e-01 -4.610396828013068465e-02 7.763762390158666093e-01 2.852869424023310341e+00 7.012459875641245677e-03 9.985368372887148958e-01 5.361911911085061322e-02 8.236739783852035923e-02 -7.777123418592608584e-01 -2.825966353992521995e-02 6.279848043493132526e-01 3.832405959877857704e+00
5.869077174800876318e-01 -4.697889004819499198e-02 8.082897404068840608e-01 3.193430269132296662e+00 4.241430394781425459e-03 9.984799198172613632e-01 5.495325234467610120e-02 1.007443321186209800e-01 -8.096427319825355573e-01 -2.882418266841193719e-02 5.862148272546026107e-01 4.037151566541541392e+00
5.468347539556649428e-01 -4.801136596698401399e-02 8.358628172057019912e-01 3.577270309754740030e+00 2.137934318158801143e-03 9.984312542914087762e-01 5.595051069172158470e-02 1.209869476152653361e-01 -8.372378359134492465e-01 -2.880866335444975598e-02 5.460795532632073401e-01 4.241359569093148707e+00
5.080024657789972142e-01 -5.059472180332814234e-02 8.598683950089387462e-01 4.005500212542989047e+00 1.165033910301356210e-03 9.983128509821320717e-01 5.805251256147724720e-02 1.316021061322291685e-01 -8.613548345021979635e-01 -2.848904306499712089e-02 5.072043332849216490e-01 4.457314381098575140e+00
4.707035155513037417e-01 -5.046275294153129004e-02 8.808471480305609669e-01 4.412740187342636844e+00 -1.642747680715254304e-03 9.983111632721414219e-01 5.806998042029188484e-02 1.552637163728114444e-01 -8.822899273415386601e-01 -2.878075289847214710e-02 4.698256753671090080e-01 4.638840504003982623e+00
4.344173171104480091e-01 -4.973862018567125343e-02 8.993373398397790375e-01 4.866696199220883479e+00 -3.059555028992475782e-03 9.983868834881667320e-01 5.669453206300580778e-02 1.818141302975668505e-01 -9.007065272953030943e-01 -2.738065791844203345e-02 4.335643720626183861e-01 4.830413888535992406e+00
4.010341920641425362e-01 -4.843379459002871562e-02 9.147817938661070292e-01 5.382012403538257495e+00 -1.930097138890508445e-03 9.985544236406340701e-01 5.371533969362511651e-02 1.947490858292209581e-01 -9.160610605005982121e-01 -2.330730484822676057e-02 4.003609833110178817e-01 5.011342097885332691e+00
3.716830819272826103e-01 -4.689554838200155756e-02 9.271744602682161496e-01 5.870644368125272017e+00 2.463628125305512753e-04 9.987282791508712565e-01 5.041590716540696182e-02 2.188106619419208920e-01 -9.283596508476482656e-01 -1.851031765788185846e-02 3.712219568263173675e-01 5.196313545978424209e+00
3.452252627276420904e-01 -4.489579106199494130e-02 9.374453963718467620e-01 6.418760634257782982e+00 9.692834723242052834e-04 9.988716877839208808e-01 4.748064659240331525e-02 2.435636348462489054e-01 -9.385193627043101339e-01 -1.548286753904576027e-02 3.448792562840836684e-01 5.386846214169978886e+00
3.246884683787504278e-01 -4.437905624924801118e-02 9.447792773251991738e-01 6.997566753299127917e+00 2.100055071294549235e-03 9.989299582317957560e-01 4.620095543039397928e-02 2.701983267450721038e-01 -9.458186952012233029e-01 -1.301682808613071132e-02 3.244342352968206944e-01 5.557643503705671506e+00
3.102258801917469611e-01 -4.489855932045998255e-02 9.496020258237898304e-01 7.585311832432392265e+00 3.441702450638769832e-03 9.989306001660687162e-01 4.610651473302641162e-02 3.008862613743015224e-01 -9.506566541119620961e-01 -1.103518561405218180e-02 3.100486508403846875e-01 5.744293939096350776e+00
2.985486834019349112e-01 -4.649345821561063491e-02 9.532612583468638157e-01 8.197879935159390286e+00 4.245066141506530048e-03 9.988675221426489559e-01 4.738831695726002796e-02 3.151810259040455087e-01 -9.543849743292741605e-01 -1.010106164786715201e-02 2.984079501005157398e-01 5.933863082040122805e+00
2.874869029717921909e-01 -4.839524173258256262e-02 9.565611144912107289e-01 8.832071544566769461e+00 3.091698071065145884e-03 9.987643156928801558e-01 4.960124054005959904e-02 3.431777450007781893e-01 -9.577795875326361452e-01 -1.130230798275837570e-02 2.872812820550614266e-01 6.113401902705154711e+00
2.774389828167633798e-01 -4.994295831841105010e-02 9.594442642375408115e-01 9.497117286101399714e+00 1.531885035326603379e-03 9.986696616452903630e-01 5.154182961024782184e-02 3.739827754734211251e-01 -9.607420468048362139e-01 -1.282995358698891565e-02 2.771464006258197443e-01 6.281215867862835367e+00
2.669575176533361405e-01 -5.174287775799641526e-02 9.623182128122450552e-01 1.019527305236210424e+01 7.457312788108339235e-04 9.985683671383750459e-01 5.348513809098522087e-02 4.056892090471626022e-01 -9.637080180716898203e-01 -1.356062802428405906e-02 2.666139174355078301e-01 6.478065021710889937e+00
2.567052537121222167e-01 -5.376679153002560801e-02 9.649930202245806665e-01 1.088881731966603361e+01 -6.886252343812246889e-05 9.984503766860255425e-01 5.564926336847942495e-02 4.315815202258581618e-01 -9.664897436066457459e-01 -1.435190924820849319e-02 2.563037534003899665e-01 6.667474866769051545e+00
2.465344611213608761e-01 -5.526923601300510330e-02 9.675567451923069440e-01 1.164100440530506653e+01 -4.103689886784819504e-04 9.983664502600211321e-01 5.713372516492006004e-02 4.622961050901204239e-01 -9.691339472306365055e-01 -1.448248654687542269e-02 2.461090526837075021e-01 6.855154641970706564e+00
2.353642875840213367e-01 -5.671307757806676175e-02 9.702511339815527158e-01 1.238859893216110031e+01 -1.237777568804365605e-03 9.982777487451971465e-01 5.865154921373794822e-02 4.896498390587733507e-01 -9.719064444242668799e-01 -1.500543430466834936e-02 2.348887316131811065e-01 7.030823736166701643e+00
2.257948759883059708e-01 -5.948753105722172363e-02 9.723568745948524272e-01 1.316948307659025552e+01 -2.272747192554561146e-03 9.980989363161382188e-01 6.159016074858204154e-02 5.230514181544558827e-01 -9.741722257065874579e-01 -1.611666318892207225e-02 2.252304240717880046e-01 7.219853319039723161e+00
2.144971117341514522e-01 -6.318898547606964511e-02 9.746784726371406915e-01 1.393305407601347845e+01 -4.069921278325833516e-03 9.978386113582744521e-01 6.558613708206932624e-02 5.716459450922535268e-01 -9.767161520165608124e-01 -1.803490076441516959e-02 2.137763245552550817e-01 7.395366282010095382e+00
2.016657497525810305e-01 -6.651417386314918689e-02 9.771933144456118603e-01 1.473594053469701315e+01 -4.816215572246524031e-03 9.976120876498073553e-01 6.889794331529366933e-02 6.056261579888450042e-01 -9.794425691848297477e-01 -1.860072818742513484e-02 2.008638416535627191e-01 7.550105748312508247e+00
1.888156277289748664e-01 -6.925417336776858168e-02 9.795675075466395709e-01 1.551853757033581971e+01 -5.618876497613981350e-03 9.974176558690078798e-01 7.159921742307663595e-02 6.517153469860279547e-01 -9.819964887458187963e-01 -1.902311916108496287e-02 1.879389087860014462e-01 7.702996542615143660e+00
1.752231292954163355e-01 -6.992831789349099325e-02 9.820421930125666776e-01 1.632757694575470353e+01 -5.963608367091160871e-03 9.973806926738276735e-01 7.208459755402665814e-02 6.868504958516438164e-01 -9.845106943856345438e-01 -1.848740291981747219e-02 1.743471395961734838e-01 7.855974717491597481e+00
1.607666759220079122e-01 -6.925828977695888677e-02 9.845594693283296062e-01 1.712699334226420333e+01 -7.445500921313246909e-03 9.974214897675740543e-01 7.137882191170472068e-02 7.267617988699438536e-01 -9.869643648673711578e-01 -1.880587348885563725e-02 1.598364733679574767e-01 7.999962052386460520e+00
1.442988459799094680e-01 -6.806961443331302486e-02 9.871901306031840573e-01 1.791391903472942460e+01 -8.887056777518231171e-03 9.975018097449981358e-01 7.007966704837578775e-02 7.604218735957899433e-01 -9.894942548718200781e-01 -1.888562894300530037e-02 1.433334201022206378e-01 8.103597187044908168e+00
1.231806099954385197e-01 -6.673262519179806729e-02 9.901380091912931336e-01 1.874080828153702427e+01 -1.128113371460549678e-02 9.975778807507341694e-01 6.863751031361862986e-02 8.018243220828161766e-01 -9.923201552753615484e-01 -1.962468878986996929e-02 1.221294308182278021e-01 8.195798487552682587e+00
9.774834442968574622e-02 -6.555128882471940310e-02 9.930499850191637501e-01 1.954997002699597530e+01 -1.566170730680702811e-02 9.976035427126768163e-01 6.739348978116903310e-02 8.439976320812471178e-01 -9.950879304713475815e-01 -2.214045939980726144e-02 9.648744821165332330e-02 8.263753959750914646e+00
6.877973614044494144e-02 -6.506453044227071547e-02 9.955078792750704508e-01 2.037570639919739435e+01 -1.932744118026626101e-02 9.975967915141830122e-01 6.653639275076139725e-02 8.824911566869872992e-01 -9.974446426952121580e-01 -2.381697467078016869e-02 6.735691182001758703e-02 8.327195624425597131e+00
3.479971904578574304e-02 -6.488895738175660954e-02 9.972855085558650634e-01 2.122874089320783497e+01 -2.243647450397064785e-02 9.975877042708587439e-01 6.569152829259568283e-02 9.234637845447403182e-01 -9.991424330432492340e-01 -2.466161676935775537e-02 3.325989100199329418e-02 8.331095977889548365e+00
6.920303442422282014e-04 -6.391999182601729168e-02 9.979547777710605638e-01 2.206217800089991599e+01 -2.424819137965199961e-02 9.976605232487033570e-01 6.391795962276862475e-02 9.592192794108225229e-01 -9.997057385172699595e-01 -2.424283075513861477e-02 -8.595342328164769403e-04 8.312102848848628156e+00
-3.345485358054003933e-02 -6.321505089731251081e-02 9.974390271167679067e-01 2.291366076904717630e+01 -2.548520550250531203e-02 9.977271294635061682e-01 6.237851740980842469e-02 9.868951767904683425e-01 -9.991152557748084195e-01 -2.333307355276236297e-02 -3.498986498535851947e-02 8.285491565982711748e+00
-6.654999668052517803e-02 -6.141069536939049167e-02 9.958914635364336521e-01 2.374541628774840518e+01 -2.765370822959099112e-02 9.978342875811395674e-01 5.968255153962571946e-02 1.019557434892912617e+00 -9.973998132695681695e-01 -2.356821749263834573e-02 -6.810410336898331529e-02 8.217927874444226788e+00
-9.873891452815757031e-02 -5.839235519637041988e-02 9.933986824842536700e-01 2.457523249164126611e+01 -3.006453586309672590e-02 9.979962385009225612e-01 5.567433557467575678e-02 1.059301353826435532e+00 -9.946591212334009446e-01 -2.436884600129921377e-02 -1.002966057371830200e-01 8.147649698699053644e+00
-1.311813322896329403e-01 -5.392992686670802088e-02 9.898903999294258460e-01 2.541666649063397898e+01 -2.669140527091180132e-02 9.983493776084193527e-01 5.085360490944990791e-02 1.084458760593819626e+00 -9.909990130082204640e-01 -1.975052130232588660e-02 -1.324042683628737227e-01 8.023519224727117205e+00
-1.620977237493018974e-01 -4.843952456551285646e-02 9.855850665203592653e-01 2.623787266907712024e+01 -2.282927793401486397e-02 9.987111793528946624e-01 4.532994949392784440e-02 1.104499365410201328e+00 -9.865106024095701143e-01 -1.515231285083863330e-02 -1.629946496037186221e-01 7.864882618178242524e+00
-1.933411802883311659e-01 -4.221969569673375555e-02 9.802227646694253727e-01 2.710039117639205841e+01 -1.604845444745309213e-02 9.990761354864525767e-01 3.986630932477831790e-02 1.121279848044090643e+00 -9.810003320705699137e-01 -8.023260099489410574e-03 -1.938401214680567086e-01 7.686685603817803525e+00
-2.226413327267278974e-01 -3.668235071102744077e-02 9.742100519659694369e-01 2.789124500010247232e+01 -1.117181741493526032e-02 9.993222462604000045e-01 3.507475769205222610e-02 1.125387392321557822e+00 -9.748364189005773728e-01 -3.074604998686782890e-03 -2.229002466198789223e-01 7.478188294191313368e+00
-2.496424173255298584e-01 -3.016880203744555858e-02 9.678680128410764860e-01 2.869522018524122586e+01 -2.061674252340471754e-03 9.995288516770138854e-01 3.062391472699286035e-02 1.153960260384016223e+00 -9.683359070430210824e-01 5.649600639148424572e-03 -2.495869983185160235e-01 7.259620176308018813e+00
-2.767461340359497757e-01 -2.038246000448652728e-02 9.607268687070548152e-01 2.952239147318684331e+01 3.728820753915452080e-03 9.997447187515617895e-01 2.228437138949582175e-02 1.141323597995185235e+00 -9.609358401082194190e-01 9.749493045640291594e-03 -2.765994847454414374e-01 7.000537133543372370e+00
-3.018120057807844869e-01 -5.563244499161173508e-03 9.533512192963130571e-01 3.027110687889735274e+01 7.685513011020383110e-03 9.999362830790584633e-01 8.268171247313048020e-03 1.132173605268116168e+00 -9.533364890654265622e-01 9.822427661461611073e-03 -3.017500202000281684e-01 6.742940917291464054e+00
-3.262356258886313642e-01 1.168809845711509671e-02 9.452162127557762750e-01 3.108048896708654141e+01 8.793977236207549744e-03 9.999178114575217879e-01 -9.329323650384196628e-03 1.105430527267594831e+00 -9.452475852371686749e-01 5.268653172397620363e-03 -3.263115992587194980e-01 6.460955909786224360e+00
-3.523899903402598066e-01 2.662819876633274602e-02 9.354743278836653575e-01 3.187195893909798272e+01 7.623848430754890000e-03 9.996436327413120715e-01 -2.558289350952248908e-02 1.081441418909327323e+00 -9.358221980364428427e-01 -1.883240137938328295e-03 -3.524674207532088599e-01 6.168182819347537205e+00
-3.763536780059462128e-01 3.741025176688988346e-02 9.257204582346224564e-01 3.263373352911570180e+01 1.191966571925913432e-02 9.992972507687147843e-01 -3.553767225935026974e-02 1.052975349183471687e+00 -9.263993981978766445e-01 -2.340454296824684682e-03 -3.765351147475226035e-01 5.851682110295413075e+00
-4.002952837274880715e-01 4.186622324699915132e-02 9.154293474433695676e-01 3.340440804215847947e+01 1.546343643225994713e-02 9.991222039563155688e-01 -3.893203901598894789e-02 9.979042708405422291e-01 -9.162557404829617669e-01 -1.428627129084682201e-03 -4.005913030830219324e-01 5.514916406710574925e+00
-4.227907423208628335e-01 4.158782796602212423e-02 9.052725700340402692e-01 3.413860387973157628e+01 1.797899488344338256e-02 9.991347638199582493e-01 -3.750305897942001615e-02 9.576913286089479005e-01 -9.060489819056066763e-01 4.199457221647533633e-04 -4.231726370960372519e-01 5.150391707165570487e+00
-4.430026602277322145e-01 3.770552494124731341e-02 8.957270354203078488e-01 3.487733109910141849e+01 2.183591488706303207e-02 9.992725879304469316e-01 -3.126480116616785904e-02 9.102112881509105691e-01 -8.962543440257735305e-01 5.708630226412905913e-03 -4.435037506413504471e-01 4.771386584661384767e+00
-4.614987014984637814e-01 3.660385737457656774e-02 8.863854082596736017e-01 3.559290637594568807e+01 2.913351144184141844e-02 9.992348359916061185e-01 -2.609561271713772140e-02 8.764313930847490441e-01 -8.866623934963753229e-01 1.378042912473464651e-02 -4.622119794489286115e-01 4.374828017037192041e+00
-4.755542118794658379e-01 3.733435421569866047e-02 8.788938067887969163e-01 3.629707426289870398e+01 3.288996337035392931e-02 9.991550378407498822e-01 -2.464671607708862275e-02 8.336431623774320787e-01 -8.790713592424009848e-01 1.718593657258860388e-02 -4.763803133471158358e-01 3.993072721608962095e+00
-4.857187603684741117e-01 4.048183032503035322e-02 8.731772405749818056e-01 3.699364034461930828e+01 3.519629458273436373e-02 9.990226801022408232e-01 -2.673771552896853435e-02 7.794935524693442641e-01 -8.734062738831558370e-01 1.774559443949235218e-02 -4.866688694156562911e-01 3.569510937699226893e+00
-4.963987145574066395e-01 4.325181534529803917e-02 8.670164837253213630e-01 3.768704606267147739e+01 3.707901005918175924e-02 9.989029349771351152e-01 -2.860198326570278712e-02 7.413902242603558346e-01 -8.673024129962121354e-01 1.795012628914182881e-02 -4.974578686091801760e-01 3.184018827376051242e+00
-5.065520230861267903e-01 4.234801594625517418e-02 8.611687871821002149e-01 3.839302531565247278e+01 3.064079051784122931e-02 9.990463622183921588e-01 -3.110479130180968804e-02 6.849574679197556470e-01 -8.616647852151898546e-01 1.063069847065342514e-02 -5.073665338380892731e-01 2.782430214460719586e+00
-5.182044531017825362e-01 4.129350025798107782e-02 8.542593156547266808e-01 3.907849664480985297e+01 2.920839739287684270e-02 9.991055598508274960e-01 -3.057694795782403899e-02 6.674777926206281187e-01 -8.547578758393165055e-01 9.106435979476601786e-03 -5.189470684028815173e-01 2.373330956954172954e+00
-5.268023024158473566e-01 4.277558403473593479e-02 8.489108142161032600e-01 3.975505674320006477e+01 3.165195024717809558e-02 9.990274278298429955e-01 -3.069775945066846243e-02 6.301903461212825519e-01 -8.493983164867274782e-01 1.069803351304699814e-02 -5.276438810118209144e-01 1.958069106140316151e+00
-5.343252023454825306e-01 4.554422210512405061e-02 8.440511175411874456e-01 4.042979842133006940e+01 3.509188130274229489e-02 9.988817205566380419e-01 -3.168387832095599654e-02 5.794514280984787158e-01 -8.445502647507611149e-01 1.268984796274487577e-02 -5.353259110820819400e-01 1.501876925215405167e+00
-5.376382660794187807e-01 4.904788174952305624e-02 8.417478169022765133e-01 4.113425284399463777e+01 3.611607006709189466e-02 9.987300496236560798e-01 -3.512716042819945261e-02 5.427873595857042321e-01 -8.424017663500246167e-01 1.151491852172598432e-02 -5.387269100824090273e-01 1.059509899345046025e+00
-5.376360951835124080e-01 5.024443029591220411e-02 8.416786283961930071e-01 4.183093877687002049e+01 3.510114795014850769e-02 9.986913292351685678e-01 -3.719594415366283408e-02 4.969583585686211391e-01 -8.424460517979097673e-01 9.546004884043770775e-03 -5.386961449125350354e-01 6.224721381555020638e-01
-5.336898295969914052e-01 5.140716207985850800e-02 8.441163761719895353e-01 4.256643109613276721e+01 3.789296285967671402e-02 9.986018388469971585e-01 -3.685770953345839790e-02 4.608753831608123908e-01 -8.448309303305162610e-01 1.231548679138753759e-02 -5.348916160839712886e-01 1.348864512328013798e-01
-5.282030839915335951e-01 5.007753418712332372e-02 8.476400943689588185e-01 4.331190628407163956e+01 3.612177073359387758e-02 9.986809159794064472e-01 -3.649172063672088961e-02 4.139668538302982981e-01 -8.483494159495656994e-01 1.134322278770302089e-02 -5.293152301484884692e-01 -3.023859865390026158e-01
-5.210906499008515214e-01 4.888490016535084609e-02 8.521002217727872141e-01 4.405818598388677287e+01 3.404488404441141647e-02 9.987543481912776189e-01 -3.647873050980370013e-02 3.722211207032006253e-01 -8.528220754623769828e-01 1.000092886222745878e-02 -5.221058343499409560e-01 -7.574032001505373035e-01
-5.140939429980188047e-01 4.823955592277085619e-02 8.563762897924892536e-01 4.486609959785592139e+01 3.207311661121308582e-02 9.988001285325610601e-01 -3.700835549959566317e-02 3.225957567675815651e-01 -8.571340297979974654e-01 8.440886198964797638e-03 -5.150242904545331291e-01 -1.224076813512234185e+00
-5.071814487404769922e-01 4.655687094595764575e-02 8.605808633722576984e-01 4.566229873086572155e+01 2.903195074552562469e-02 9.988960615978851321e-01 -3.692971577266474653e-02 2.758166456900920660e-01 -8.613501820378455243e-01 6.254275471097078126e-03 -5.079731896601319407e-01 -1.708257405452107358e+00
-5.029711773434411004e-01 4.445356702522013093e-02 8.631592330779407352e-01 4.646215013109258507e+01 2.529675177276048334e-02 9.990057625041687261e-01 -3.670913763184860401e-02 2.359645980234612028e-01 -8.639329148735159780e-01 3.371487642794111176e-03 -5.035956366069429535e-01 -2.153115892120267993e+00
-5.014743961950596240e-01 4.176664863339508982e-02 8.641637365110592661e-01 4.730958470985670772e+01 2.058293253862803970e-02 9.991272962789565781e-01 -3.634540793896138405e-02 1.959541718658601162e-01 -8.649276184593092109e-01 -4.392666848921147069e-04 -5.018964389525305547e-01 -2.625454596657407880e+00
-5.021336345403254464e-01 3.913553142187835981e-02 8.639040512282830653e-01 4.814291471485690721e+01 1.763353640501038808e-02 9.992311497927872654e-01 -3.501667663820662996e-02 1.399152661550317756e-01 -8.646102496351834032e-01 -2.349366663203867993e-03 -5.024376680265242312e-01 -3.081729193264687083e+00
-5.032342111301033594e-01 3.770955286543898471e-02 8.633268818194997918e-01 4.897741130049805491e+01 1.612357626718318587e-02 9.992832412170585821e-01 -3.424958509279799057e-02 1.032470462396138516e-01 -8.639996361895695420e-01 -3.315645212618378510e-03 -5.034815276571167342e-01 -3.577304299861773895e+00
-5.035049178834557493e-01 3.733863432871499521e-02 8.631851542738948613e-01 4.985844491250163912e+01 1.621881261970459578e-02 9.992981626450755384e-01 -3.376584397554915212e-02 4.761221647955161951e-02 -8.638401241424220611e-01 -3.001429321301037328e-03 -5.037571288532112224e-01 -4.085281951632787845e+00
-5.038219489220194802e-01 3.674933896234162944e-02 8.630254436457203138e-01 5.073708700085961709e+01 1.600960037992200241e-02 9.993202673625438681e-01 -3.320686529481284982e-02 3.241151296595481957e-03 -8.636591623832899911e-01 -2.913654215268316524e-03 -5.040678281464562316e-01 -4.580156521779557899e+00
-5.039316317186347538e-01 3.629804745407404221e-02 8.629805031489637956e-01 5.161490136181372890e+01 1.635865029387874661e-02 9.993384736821845360e-01 -3.248091050809716329e-02 -4.702281545984629552e-02 -8.635886274146837849e-01 -2.250961059563314458e-03 -5.041920559620092224e-01 -5.098247182138889499e+00
-5.044480165113509607e-01 3.568946329888150054e-02 8.627041482256749827e-01 5.249164902642451125e+01 1.612217157756681840e-02 9.993605260628605214e-01 -3.191574062920237570e-02 -9.875400700629266559e-02 -8.632915420055359279e-01 -2.191166845721444299e-03 -5.047008280179946516e-01 -5.609802076955611838e+00
-5.042554763164373011e-01 3.412348504825825357e-02 8.628800547504734686e-01 5.338773992722901340e+01 1.415087987782780339e-02 9.994113226938088346e-01 -3.125317011961545322e-02 -1.475194065098612006e-01 -8.634385788732854561e-01 -3.549069280786903459e-03 -5.044415111139807228e-01 -6.129653298441950504e+00
-5.047653160622779245e-01 3.356508757765760964e-02 8.626038181676106698e-01 5.429226225351539625e+01 1.382742937835237766e-02 9.994299847120140523e-01 -3.079785428357300486e-02 -2.011362011776487435e-01 -8.631458684206284593e-01 -3.618094374205508244e-03 -5.049417122079237208e-01 -6.627686991455071563e+00
-5.041354112281805078e-01 3.280440899132573002e-02 8.630013582873501399e-01 5.517053618711452856e+01 1.263333505853129167e-02 9.994515263441394737e-01 -3.061119580942989193e-02 -2.487125610772678019e-01 -8.635322219109647923e-01 -4.529601579843036720e-03 -5.042733365413428759e-01 -7.130620172611547680e+00
-5.023937956523145676e-01 3.159078061505481844e-02 8.640616199952123599e-01 5.608704895712156713e+01 1.198238239247552926e-02 9.994907346147536842e-01 -2.957522456632454000e-02 -3.058963863001858963e-01 -8.645559027167115662e-01 -4.504891691336623816e-03 -5.025164779122126557e-01 -7.680260869199748264e+00
-5.003801804266810871e-01 2.909402661281540459e-02 8.653168200684626665e-01 5.696891903033067450e+01 1.253663929792304087e-02 9.995739375577152863e-01 -2.635860404614173355e-02 -3.609937674713974420e-01 -8.657150339847504705e-01 -2.341157279903745975e-03 -5.005317297602708271e-01 -8.185535010012431556e+00
-4.978974775194228153e-01 2.785817035324423749e-02 8.667883309225608013e-01 5.785208634056397869e+01 1.319810784553409472e-02 9.996115805117830044e-01 -2.454583533321976277e-02 -4.063727530657652021e-01 -8.671354705172320543e-01 -7.813426921118155326e-04 -4.980717607926900548e-01 -8.678581806001510301e+00
-4.957419302859276677e-01 2.718890447427465412e-02 8.680441742173838904e-01 5.874084022093694557e+01 1.288595293488252642e-02 9.996300766247605551e-01 -2.395124424701679591e-02 -4.639326712478735182e-01 -8.683742875124218497e-01 -6.880587460148146657e-04 -4.959088999229023242e-01 -9.187028768878628071e+00
-4.937608395289041496e-01 2.743512263867689885e-02 8.691648484173036815e-01 5.963191344300468444e+01 1.358600539585504488e-02 9.996235854139008392e-01 -2.383501452375624483e-02 -5.058364782855646613e-01 -8.694916136910978421e-01 3.968248178070959628e-05 -4.939477156943689051e-01 -9.702545205407025364e+00
-4.921782460134100923e-01 2.800532351145286827e-02 8.700438278109160484e-01 6.051612463866995739e+01 1.374598587471885687e-02 9.996077728079182378e-01 -2.439976208128682988e-02 -5.458427393840212805e-01 -8.703859112633330897e-01 -4.942099466738052892e-05 -4.923701623279760353e-01 -1.019996386490054618e+01
-4.934701798622293523e-01 2.901480063202906134e-02 8.692786142883357492e-01 6.139662775507807169e+01 1.256142864242345766e-02 9.995769291708962445e-01 -2.623305465476255538e-02 -6.040316303457599068e-01 -8.696720097702516084e-01 -2.025847992289256730e-03 -4.936258755953549793e-01 -1.069486170379793144e+01
-4.957068377692434580e-01 3.095923693424386045e-02 8.679379257783547130e-01 6.229725898170708831e+01 1.167655329337848567e-02 9.995116851261615087e-01 -2.898360531160645848e-02 -6.480914698737627599e-01 -8.684114241150855396e-01 -4.232846990299410361e-03 -4.958262751490575826e-01 -1.119253346043977260e+01
-4.996275116255165516e-01 3.149795595415243177e-02 8.656674966926407588e-01 6.317391464293016412e+01 1.036125905072119921e-02 9.994845075821238156e-01 -3.038689509269926897e-02 -7.014921513713381351e-01 -8.661783917359197060e-01 -6.212722716232161636e-03 -4.996963171312728824e-01 -1.167960576676436979e+01
-5.051451651078334715e-01 3.024020147942507383e-02 8.625044225425009259e-01 6.402900569734721614e+01 1.069134352428865141e-02 9.995285126620920835e-01 -2.878276443139409987e-02 -7.378685738887671430e-01 -8.629681741601553657e-01 -5.318142331677720540e-03 -5.052303051549428270e-01 -1.217523610687588409e+01
-5.108815431170610211e-01 2.797116806056232363e-02 8.591959318316771954e-01 6.490450960803768510e+01 1.330290641005863091e-02 9.996080637783373302e-01 -2.463232604412184112e-02 -8.046188579085860049e-01 -8.595481916366440878e-01 -1.154396746947187287e-03 -5.110534091755042363e-01 -1.270046463493063982e+01
-5.161119052130788143e-01 2.574747842190556330e-02 8.561340755717354867e-01 6.575873786269409038e+01 1.083379869327776024e-02 9.996643575890531430e-01 -2.353297584994413355e-02 -8.423823568292992947e-01 -8.564526502800972052e-01 -2.870463864597373044e-03 -5.162176203716376532e-01 -1.319692072272810712e+01
-5.211771435039547207e-01 2.810178653119621561e-02 8.529857334540270619e-01 6.661439164414693437e+01 1.212210217369774808e-02 9.996006745952431549e-01 -2.552539843651181056e-02 -8.942897521852736231e-01 -8.533624386507218107e-01 -2.963273127690447400e-03 -5.213096781582494676e-01 -1.371955018624620948e+01
-5.262163892287095024e-01 3.049679587442656256e-02 8.498036502822061689e-01 6.745259806881497866e+01 1.244404721223186551e-02 9.995258482581799164e-01 -2.816423847947278208e-02 -9.419704469426884996e-01 -8.502596481501119019e-01 -4.245486246005725911e-03 -5.263463875750751253e-01 -1.425611353585001595e+01
-5.314310134775976913e-01 3.063098137042582700e-02 8.465475815753827904e-01 6.828177104655358676e+01 1.117305363562211794e-02 9.995125504228568047e-01 -2.915174776688166450e-02 -9.845015792565535717e-01 -8.470278936169887141e-01 -6.033620458525601991e-03 -5.315142104441306081e-01 -1.477105427750269229e+01
-5.349554269588719935e-01 3.127995811445286045e-02 8.443010377987016923e-01 6.910499073047839147e+01 1.042243915821822187e-02 9.994826987100686733e-01 -3.042544527666433615e-02 -1.034864318240156678e+00 -8.448160010565608502e-01 -7.476580018290565274e-03 -5.350047084751915483e-01 -1.527360414241514164e+01
-5.380463227810757809e-01 3.023757371674551039e-02 8.423727386209797219e-01 6.993431480686500379e+01 1.016422414598329958e-02 9.995164531993788737e-01 -2.938619252486613168e-02 -1.087307831212560805e+00 -8.428539937272134797e-01 -7.249066644971666543e-03 -5.380934948656013184e-01 -1.578338114661000802e+01
-5.408778117294740229e-01 2.381772681987276777e-02 8.407638763675868709e-01 7.076699630735542712e+01 1.161857616459290206e-02 9.997151822499068530e-01 -2.084617582669072086e-02 -1.137698562567119875e+00 -8.410209349727124639e-01 -1.506753920378840631e-03 -5.410004893840796303e-01 -1.635028020580554653e+01
-5.428796497527976772e-01 1.583645845335831040e-02 8.396611695388418450e-01 7.158134015387821592e+01 1.252443351456281571e-02 9.998636675421451736e-01 -1.076033797898256691e-02 -1.168898996739905494e+00 -8.397171166559042055e-01 4.674712950508089909e-03 -5.430039814876258530e-01 -1.684659692598555836e+01
-5.447480520573187990e-01 1.323550260804262808e-02 8.384953001925202765e-01 7.239725794685357130e+01 1.294126687071523590e-02 9.998890568090696984e-01 -7.375477176682357187e-03 -1.204078112404407097e+00 -8.384999075193352303e-01 6.833415616489479927e-03 -5.448589013205796805e-01 -1.736470903185212933e+01
-5.458595372629829745e-01 1.790561629886750286e-02 8.376853476718078007e-01 7.318487354089050712e+01 1.263123157887588964e-02 9.998338733398769440e-01 -1.314068833244399354e-02 -1.235264700598222021e+00 -8.377814924339810343e-01 3.408028520745448077e-03 -5.459950266053584800e-01 -1.788633258972997453e+01
-5.472624994738258808e-01 2.323445647319195145e-02 8.366384547427432317e-01 7.396190146654893738e+01 1.299037862555208790e-02 9.997299909466635937e-01 -1.926642786241756014e-02 -1.281370107604365094e+00 -8.368602142543591915e-01 3.244577556272502787e-04 -5.474165592082641529e-01 -1.839618071218439255e+01
-5.478639282029995616e-01 2.841032115699133540e-02 8.360848982585140643e-01 7.478487558538485303e+01 1.988271916294957753e-02 9.995830642983541958e-01 -2.093740702246944807e-02 -1.310350620552453549e+00 -8.363311575564384981e-01 5.152792134802314065e-03 -5.482003797856068728e-01 -1.892906344884811531e+01
-5.474617162805186510e-01 2.866645452155024837e-02 8.363395786733655024e-01 7.558798171454549220e+01 2.217554867431787910e-02 9.995590922011980961e-01 -1.974502980100732025e-02 -1.366612011727924569e+00 -8.365368645191629815e-01 7.736642120039657206e-03 -5.478560316753231518e-01 -1.945261503265078673e+01
-5.470128994473049122e-01 2.633079438723976914e-02 8.367099642988347075e-01 7.636467510607486986e+01 2.205015691392770219e-02 9.996116124023460836e-01 -1.704156371943168699e-02 -1.403295519048901596e+00 -8.368337289322871353e-01 9.127631825387618261e-03 -5.473810457471357527e-01 -1.997773521114584483e+01
-5.461439718769459661e-01 2.149843055428810740e-02 8.374154086806455677e-01 7.717481992628721343e+01 2.039570366335312010e-02 9.997155400136936709e-01 -1.236342564566702412e-02 -1.429596813576800463e+00 -8.374430062604762970e-01 1.032746714777477842e-02 -5.464270925673797574e-01 -2.049597942546878215e+01
-5.456099999662414879e-01 1.514394570449710369e-02 8.379023666619137556e-01 7.795794058193368414e+01 1.847647544491505534e-02 9.998110570073629466e-01 -6.039048792758273075e-03 -1.454135404346020843e+00 -8.378355204247474042e-01 1.218651813043421239e-02 -5.457867186995143394e-01 -2.101387065498116868e+01
-5.459664632311826971e-01 8.501056822561128476e-03 8.377638929146342672e-01 7.878285093846267273e+01 9.884639677534648797e-03 9.999442819430788276e-01 -3.704981901611867183e-03 -1.485823575362891891e+00 -8.377487251103681309e-01 6.258199340470403486e-03 -5.460200741017795512e-01 -2.152502770651241804e+01
-5.439928781553975412e-01 3.503054536101110356e-03 8.390825134015177378e-01 7.955645884865261053e+01 1.514153134179130333e-03 9.999937554454156885e-01 -3.193181524518119707e-03 -1.510525208716985590e+00 -8.390884741221394938e-01 -4.665676584388235722e-04 -5.439947865017898954e-01 -2.200565199806890604e+01
-5.428940741286143457e-01 4.071790585942668995e-03 8.397913026157874938e-01 8.032207140450834970e+01 4.942552982342162705e-03 9.999864187402461857e-01 -1.653328895790806899e-03 -1.527381706089700586e+00 -8.397866437443316512e-01 3.253131513550997552e-03 -5.429068271637044196e-01 -2.248803394120857746e+01
-5.394193130784974421e-01 6.629679833470200276e-03 8.420111870483149019e-01 8.114984461206613275e+01 9.350519683768153054e-03 9.999545099611146792e-01 -1.883022521815656261e-03 -1.555272727100386110e+00 -8.419853823474032772e-01 6.857504462590689222e-03 -5.394567670080812061e-01 -2.301830802030764289e+01
-5.336848830802285448e-01 1.004811168647840557e-02 8.456237153812584673e-01 8.194965402295314050e+01 1.035909385885021988e-02 9.999320635907144039e-01 -5.343908693751515081e-03 -1.587471571601490217e+00 -8.456199775800851137e-01 5.907933141492347114e-03 -5.337527169663306426e-01 -2.351047017774508419e+01
-5.258200417637824975e-01 1.176835995079985112e-02 8.505144185953736891e-01 8.271316036204169109e+01 1.546250710019678697e-02 9.998713073256427775e-01 -4.275468986953453142e-03 -1.607595334049021440e+00 -8.504552936123620510e-01 1.090295899442042006e-02 -5.259343421216007286e-01 -2.398782294823952199e+01
-5.173815202517416667e-01 1.364342337829776292e-02 8.556460753203783964e-01 8.354494579141383781e+01 2.151764318239371421e-02 9.997641741087078815e-01 -2.930386495133634282e-03 -1.647622932424261055e+00 -8.554842871517743808e-01 1.689536021624929094e-02 -5.175530838131804368e-01 -2.449325897351662107e+01
-5.085448745145767502e-01 1.419606098809926033e-02 8.609184450447255887e-01 8.431616315299292808e+01 2.123543832656847596e-02 9.997667319312136813e-01 -3.941807657083986477e-03 -1.661031728772640159e+00 -8.607735933207443235e-01 1.627739555838536925e-02 -5.087277080224072989e-01 -2.495410883150414705e+01
-4.959762657593168034e-01 1.177499583384856822e-02 8.682562292469748755e-01 8.516696032895325175e+01 1.780251235806091029e-02 9.998357755373045164e-01 -3.390055990348409074e-03 -1.679902924817112009e+00 -8.681535732723730803e-01 1.377575601930528491e-02 -4.961044400534306287e-01 -2.544400864613074731e+01
-4.855424308101426445e-01 8.876977905977884165e-03 8.741680235082726069e-01 8.596391410126359744e+01 1.871574406120015549e-02 9.998248157314456597e-01 2.423633432259664710e-04 -1.712905040047191019e+00 -8.740127467152256635e-01 1.647838379144709459e-02 -4.856235118902609282e-01 -2.587691810293951988e+01
-4.741468426621947008e-01 7.990541291048666381e-03 8.804095120118800022e-01 8.674616288833603051e+01 1.916260848207041942e-02 9.998156041785967174e-01 1.245810755097971102e-03 -1.725842554630659498e+00 -8.802372287298780851e-01 1.746164114304732395e-02 -4.742125328179339627e-01 -2.629338191881389619e+01
-4.624762457448006181e-01 6.036489551914088134e-03 8.866111147130540937e-01 8.755496465413656892e+01 1.759210818320494640e-02 9.998424403213923561e-01 2.369014839055504345e-03 -1.737039580571663189e+00 -8.864571353799903797e-01 1.669297285856659319e-02 -4.625095739598616973e-01 -2.668704006492108505e+01
-4.499336061108212270e-01 8.558975044217740497e-03 8.930209850113121073e-01 8.844582850516275130e+01 2.173447828822585096e-02 9.997628416459453105e-01 1.368532399270804348e-03 -1.762923803165679093e+00 -8.927974998647251192e-01 2.002509508376098049e-02 -4.500129267104986952e-01 -2.711877549800336240e+01
