7.776591578657117143e-01 -6.283225802075161903e-01 2.137684235243624345e-02 -6.595722097692163288e+01 6.273574876031267067e-01 7.777763960732367865e-01 3.855464251709643519e-02 2.571343035811218769e+01 -4.085115586962406037e-02 -1.657144872054629181e-02 9.990278125014427912e-01 -8.924300809354973607e-01 -4.809208017785018303e-24 -1.416202385148814181e-23 -3.430527606006730092e-24 9.999999999999997780e-01
7.496305172599638800e-01 -6.612745882923481977e-01 2.774899045629833014e-02 -6.556416348715433173e+01 6.605236686653028766e-01 7.501225236759699877e-01 3.201066395631906036e-02 2.609575588562012882e+01 -4.198298137921848555e-02 -5.667305601457704040e-03 9.991022524855659448e-01 -9.039050127036575288e-01 -4.809208017785018303e-24 -1.416202385148814181e-23 -3.430527606006730092e-24 9.999999999999997780e-01
7.210316406292252012e-01 -6.928082630890208815e-01 1.140542884339163301e-02 -6.520476497248596104e+01 6.924634136873902834e-01 7.210631415415549306e-01 2.371427027407063334e-02 2.648781239765635220e+01 -2.465347675144707873e-02 -9.200897010574386400e-03 9.996537148324241562e-01 -9.145754191739541294e-01 2.028800309222990798e-18 -1.192713768032049550e-18 4.156146349112412397e-20 9.999999999999998890e-01
6.909516701889741874e-01 -7.227604342602070853e-01 -1.425286396004162015e-02 -6.487099605704995042e+01 7.228968249385365752e-01 6.908800540766405485e-01 1.024360155622153039e-02 2.690132111577623064e+01 2.443349514297371225e-03 -1.738118370701654744e-02 9.998459503824036476e-01 -9.168490372452106074e-01 4.583159204837225397e-18 -4.555128211934206128e-19 1.353749875317876310e-19 9.999999999999998890e-01
6.563138309899965162e-01 -7.539483432616386205e-01 -2.853157801917709235e-02 -6.453250616346726076e+01 7.540002159750776034e-01 6.567799649998028455e-01 -1.112438242759800598e-02 2.732170734409249846e+01 2.712617851392069498e-02 -1.421172994011445090e-02 9.995309885998224786e-01 -9.330789085672426264e-01 7.762798576756147567e-18 -1.433649426602659912e-18 1.607253469663884140e-19 9.999999999999997780e-01
6.190039938771060291e-01 -7.848850138516151320e-01 -2.809929884077204398e-02 -6.419490354944075250e+01 7.841712013287734928e-01 6.196400706656514101e-01 -3.349193682150689022e-02 2.777012387590142239e+01 4.369877081541712754e-02 -1.303018273271554011e-03 9.990439027253010806e-01 -9.461382173845800381e-01 1.191483862034524050e-17 -1.849612260893975308e-18 7.078736598881993968e-20 9.999999999999996669e-01
5.859544693090149581e-01 -8.100395611783219874e-01 -2.220966507683139191e-02 -6.386551948823180425e+01 8.090499481183801578e-01 5.863472833055635158e-01 -4.043568732978541219e-02 2.825384591376216292e+01 4.577708320148982102e-02 5.724743332333248613e-03 9.989352761652501300e-01 -9.773436295665300921e-01 1.599151012783736383e-17 -3.445320227721536709e-18 -7.670738829884507914e-20 9.999999999999994449e-01
5.572226881882554883e-01 -8.302105325244449885e-01 -1.591689208785277213e-02 -6.356254931146403919e+01 8.298571754542427570e-01 5.574498979624152861e-01 -2.422146999667851991e-02 2.876005397409051056e+01 2.898178937471988098e-02 2.880055133857301183e-04 9.995798982259844756e-01 -9.416172588622495621e-01 1.899917523343589924e-17 -3.136176506610802906e-18 -2.361354043415104487e-19 9.999999999999993339e-01
5.285871267231224691e-01 -8.488418373495700830e-01 -7.948875870594096157e-03 -6.328389043594215480e+01 8.488009882852897148e-01 5.286423343482110626e-01 -8.611888340605246966e-03 2.928048129436401581e+01 1.151224341776412897e-02 -2.194880381095399777e-03 9.999313230175428391e-01 -8.820586306906964547e-01 2.044059822647888121e-17 -1.459276207009621014e-18 -2.902902606556723857e-19 9.999999999999994449e-01
4.987861961543627598e-01 -8.667026178461769703e-01 -6.237206462346329972e-03 -6.301202259791404003e+01 8.666870026917405934e-01 4.988188169890001578e-01 -5.781624590347379453e-03 2.979547504151424064e+01 8.122185116722011045e-03 -2.521911237007303484e-03 9.999638343823535891e-01 -8.754056230613347367e-01 2.184540069970307159e-17 1.804682027728766311e-18 -3.550005904462160426e-19 9.999999999999996669e-01
4.712998514858853238e-01 -8.819624357760393885e-01 -4.325721834438064038e-03 -6.274930458761244267e+01 8.818419247573181519e-01 4.713086859032502574e-01 -1.493125354630277235e-02 3.031771049681432117e+01 1.520755502025899868e-02 3.222494710426408900e-03 9.998791655986087878e-01 -8.687305978428652153e-01 2.280796518673804187e-17 7.871774886899859396e-18 -4.027724197828536756e-19 1.000000000000000000e+00
4.458118063586530289e-01 -8.951110177006791346e-01 -5.300877484243356197e-03 -6.250272983377109881e+01 8.948618991164652980e-01 4.458161396284962552e-01 -2.168296927138028615e-02 3.085712697785199765e+01 2.177188142794682021e-02 4.922970405561120748e-03 9.997508437313281648e-01 -8.655569375277908373e-01 2.384850676951102315e-17 1.400719887006697856e-17 -4.872688105758504915e-19 1.000000000000000444e+00
4.226824205742664708e-01 -9.062595452665458406e-01 -5.762634013040633663e-03 -6.226260828209480991e+01 9.060196250905065973e-01 4.227052198779963632e-01 -2.118339063413814810e-02 3.140958096720255099e+01 2.163354544085658790e-02 3.732787321180718303e-03 9.997589989645043751e-01 -8.610587797290808476e-01 2.493506161726015091e-17 1.905532579680969799e-17 -5.832337619031722686e-19 1.000000000000000888e+00
4.031689365194277563e-01 -9.151115359808833505e-01 -5.068070690165184591e-03 -6.203172840970892565e+01 9.150049245420847077e-01 4.031995272845170786e-01 -1.400461571349235178e-02 3.198751656456993331e+01 1.485922910291564980e-02 1.008916384145656367e-03 9.998890865482220613e-01 -8.540634351427809356e-01 2.528005693696187182e-17 2.586100922940981849e-17 -6.374895760340509718e-19 1.000000000000001332e+00
3.859583565328143506e-01 -9.225134914728451152e-01 -2.237202067417821093e-03 -6.180272832761006896e+01 9.224985094930370222e-01 3.859648388847551348e-01 -5.257673230457535901e-03 3.257529455017515119e+01 5.713755824357152034e-03 -3.457265341120977604e-05 9.999836757663392861e-01 -8.498612973528982817e-01 2.542567683448031652e-17 3.119427778651974263e-17 -6.971715428312060113e-19 1.000000000000001554e+00
3.696578598595815501e-01 -9.291669770836205045e-01 1.339903482785966080e-03 -6.157851578961918904e+01 9.291661899628355092e-01 3.696595793490536908e-01 1.409547954808273388e-03 3.316009388621965570e+01 -1.805013570037370448e-03 7.239425336770232431e-04 9.999981089148493041e-01 -8.466588206416953977e-01 2.502425297681431182e-17 3.567567663763530033e-17 -7.486578413275797919e-19 1.000000000000001554e+00
3.554716776782818610e-01 -9.346853674616787400e-01 1.774886373324140523e-03 -6.136430498106108899e+01 9.346797970909882514e-01 3.554757594760660222e-01 3.265169960736818283e-03 3.375762969021865700e+01 -3.682835666115885295e-03 4.982749914330795614e-04 9.999930941979304766e-01 -8.472352924046904210e-01 2.503329758188857946e-17 3.955954962883900578e-17 -8.106493757013394393e-19 1.000000000000001332e+00
3.425779325108523898e-01 -9.394893570940283656e-01 3.287303833237398341e-04 -6.116116829729767801e+01 9.394869735450357418e-01 3.425778190629999997e-01 2.159728047339356909e-03 3.435605321576235127e+01 -2.141657252470242131e-03 -4.310372562992507029e-04 9.999976137527355480e-01 -8.516944122941264572e-01 2.619856569475435552e-17 4.438221629526236239e-17 -8.668237855515451521e-19 1.000000000000001110e+00
3.303915248537530047e-01 -9.438337123621365343e-01 -4.400421973904606113e-03 -6.096287978591985990e+01 9.438439190252748690e-01 3.303863790737754380e-01 1.870037845026099399e-03 3.497420987127993186e+01 -3.111652791723061150e-04 -4.771156176364413012e-03 9.999885695571648636e-01 -8.566506557550788159e-01 2.736064481041146265e-17 5.071531265073677527e-17 -9.160759826784744391e-19 1.000000000000001110e+00
3.199454951881286480e-01 -9.474061952694883271e-01 -7.508746489731818637e-03 -6.076659390488543266e+01 9.474359042515214657e-01 3.199379050289108406e-01 2.223569388856396628e-03 3.559971775850201681e+01 2.957092067053219780e-04 -7.825477029494074671e-03 9.999693367625862583e-01 -8.629230415988929925e-01 2.928147191342592450e-17 5.726195277306196995e-17 -9.365137060619344110e-19 1.000000000000001332e+00
3.118243534920214222e-01 -9.500926271213051555e-01 -9.464272769400984900e-03 -6.057286201890204325e+01 9.501396148419770649e-01 3.118144298233727629e-01 2.544339183219911527e-03 3.622955553109392923e+01 5.337389184122485596e-04 -9.785767404746587711e-03 9.999519757864145930e-01 -8.657176955919455574e-01 3.041583987994003568e-17 6.684881342641693150e-17 -9.112354019408863181e-19 1.000000000000001332e+00
3.057392772384058821e-01 -9.520500177893800320e-01 -1.114710639650902564e-02 -6.037466522457133067e+01 9.521132708851162141e-01 3.057416931935676430e-01 1.528544271857023391e-03 3.686969657581506254e+01 1.952884582666020033e-03 -1.108064395298540353e-02 9.999367007823480868e-01 -8.637937014220014031e-01 3.158694966788876358e-17 7.719472467000846670e-17 -8.429118147580895640e-19 1.000000000000001332e+00
3.012173211311969245e-01 -9.534687529624686908e-01 -1.286322567551473339e-02 -6.017665670238262976e+01 9.535527888534087726e-01 3.012213242128787827e-01 1.671140132603813559e-03 3.751987739205678452e+01 2.281297973370341198e-03 -1.276914107051158043e-02 9.999158688189606625e-01 -8.646505818880160232e-01 3.262475242398218462e-17 9.016221423647119615e-17 -7.537136588523444765e-19 1.000000000000001554e+00
2.978556950293686501e-01 -9.545254387347315017e-01 -1.277386969094517627e-02 -5.997412703467433204e+01 9.546071297239302478e-01 2.978654948361554311e-01 1.172546915581457010e-03 3.817638033322521807e+01 2.685669157435607857e-03 -1.254327685763144407e-02 9.999177233087499506e-01 -8.681454197162664643e-01 3.378159543790641360e-17 1.041520907730985716e-16 -6.377067800049073764e-19 1.000000000000001554e+00
2.956393602246736307e-01 -9.552263974423075288e-01 -1.182786182619386534e-02 -5.977280628321010880e+01 9.552903636737433146e-01 2.956683454168980152e-01 -7.420178832262665182e-04 3.883105341481465445e+01 4.205919405404550879e-03 -1.107967273315073505e-02 9.999297730811854690e-01 -8.713431877474989706e-01 3.392036814323995532e-17 1.167051552608061291e-16 -5.147989224703850346e-19 1.000000000000001554e+00
2.948521635359814264e-01 -9.554792963113170057e-01 -1.102342862394590020e-02 -5.956742512883423046e+01 9.555286316124792512e-01 2.948911518606121551e-01 -2.059787154689304324e-03 3.950017653352340119e+01 5.218795545484502217e-03 -9.925868969728340180e-03 9.999371186721516258e-01 -8.681948029704917857e-01 3.353947566444191812e-17 1.318335687081354356e-16 -3.992393083766400645e-19 1.000000000000001776e+00
2.944917577400379960e-01 -9.555943022511701468e-01 -1.068335754019472499e-02 -5.936137382772858473e+01 9.556425198302516133e-01 2.945246535894109341e-01 -1.613294933581510418e-03 4.017998692687604745e+01 4.688167625081290577e-03 -9.734368659210594285e-03 9.999416298720864571e-01 -8.673161442146747335e-01 3.119400542777190650e-17 1.521209714630848816e-16 -2.462991727201913091e-19 1.000000000000002220e+00
2.934841567702718423e-01 -9.558858790608519840e-01 -1.221621614732589477e-02 -5.915314573027255562e+01 9.559584785178976141e-01 2.935017028113189874e-01 3.712096714313037880e-04 4.086819494381399664e+01 3.230646158061990791e-03 -1.178713955884286117e-02 9.999253103439996737e-01 -8.683060108220581608e-01 2.977207823214552537e-17 1.707393667814281842e-16 -1.029262499103603974e-19 1.000000000000002665e+00
2.928739335916070718e-01 -9.560920335130161929e-01 -1.062461649105016399e-02 -5.894588930332786703e+01 9.561508640444416063e-01 2.928485869085566962e-01 3.902605891760955840e-03 4.156601884689421667e+01 -6.198464772010276770e-04 -1.130170777683046912e-02 9.999359415441556598e-01 -8.698985560903571557e-01 2.803375857005245585e-17 1.860410991540802785e-16 7.545157292533354353e-20 1.000000000000002887e+00
2.923563417853254354e-01 -9.562876890309986999e-01 -6.451761442785159534e-03 -5.872789463059044124e+01 9.563056682987024493e-01 2.923295513831339898e-01 4.785620954943805433e-03 4.226771939785484022e+01 -2.690389875377608136e-03 -7.568962673799174701e-03 9.999677357827545521e-01 -8.757124602802806024e-01 2.471661891109277044e-17 2.004530149406068672e-16 2.375769196104876867e-19 1.000000000000003109e+00
2.918195759130435274e-01 -9.564712254115245171e-01 -2.032258293381020760e-03 -5.850665024458705687e+01 9.564728438030637436e-01 2.918164931766172865e-01 1.683263911881643276e-03 4.297291250058012935e+01 -1.016947008081365254e-03 -2.435009230121769428e-03 9.999965182684198428e-01 -8.824729539132907252e-01 1.999403156962905982e-17 2.152872443408909086e-16 3.127893690930614648e-19 1.000000000000003109e+00
2.914656933510010872e-01 -9.565812519536815994e-01 2.408530930508244439e-04 -5.828449273538090836e+01 9.565766639387172088e-01 2.914634945312857828e-01 -3.180780328918892796e-03 4.368142036723271815e+01 2.972474945060833533e-03 1.157482792221276252e-03 9.999949123002670470e-01 -8.828911037097533221e-01 1.555877386040304282e-17 2.325585963938871273e-16 3.391153772089121232e-19 1.000000000000003331e+00
2.912457295832348025e-01 -9.566421933869343475e-01 -3.411573160797197815e-03 -5.806853220822637951e+01 9.566268091820625541e-01 2.912612326979486244e-01 -5.660590201722997747e-03 4.440469120789612134e+01 6.408818430696809100e-03 -1.614979623925898687e-03 9.999781592051252277e-01 -8.825223205580525754e-01 1.096749465269657755e-17 2.525711911494371582e-16 3.274971148546653445e-19 1.000000000000003553e+00
2.909203990896576109e-01 -9.566985088337160992e-01 -9.658394738650105324e-03 -5.785030954074343157e+01 9.566976652698029326e-01 2.909932825484086716e-01 -7.244775981655669252e-03 4.514479623398690933e+01 9.741594367634958188e-03 -7.132510576815649823e-03 9.999271116597371334e-01 -8.837841848236968056e-01 6.229720304757131716e-18 2.740900311106132843e-16 3.934083634118786334e-19 1.000000000000003997e+00
2.902908839193516499e-01 -9.568996843642201267e-01 -8.613755107305448230e-03 -5.762407917571059102e+01 9.568863500853802551e-01 2.903572488086333392e-01 -7.821833837064954068e-03 4.588239814364396807e+01 9.985776564707967914e-03 -5.971777626720193265e-03 9.999323087782069353e-01 -8.832930424736407105e-01 1.682050195986809097e-18 2.940499560253790788e-16 5.763323852013217302e-19 1.000000000000004441e+00
2.897776907689088022e-01 -9.570865490537159292e-01 -3.771942889250946666e-03 -5.739017317304374188e+01 9.570563092655199888e-01 2.897990012534312765e-01 -7.730444203916738907e-03 4.662629744691324873e+01 8.491809447871758246e-03 -1.369851470311344395e-03 9.999630056554047464e-01 -8.850105518663647919e-01 -2.970474929313257293e-18 3.146091613355515230e-16 7.532938513806057381e-19 1.000000000000005107e+00
2.900537882651984534e-01 -9.570024476057352736e-01 -3.887825833587544178e-03 -5.716102416030887667e+01 9.569975026365303838e-01 2.900685482840757445e-01 -4.002154898159224899e-03 4.738869633711231444e+01 4.957808028769033343e-03 -2.559799423987144627e-03 9.999844336621454000e-01 -8.811738839206942897e-01 -7.640042769519287382e-18 3.369717353999249320e-16 8.104590034220231661e-19 1.000000000000005551e+00
2.912540360200039924e-01 -9.566287247948589423e-01 -5.706960617780432350e-03 -5.693109953372281495e+01 9.566457395618934711e-01 2.912480750183030209e-01 1.867558895699242922e-03 4.815875758666214068e+01 -1.244191907343827040e-04 -6.003473626717688652e-03 9.999819712496937907e-01 -8.784812809474275008e-01 -1.270954026097168783e-17 3.605113707136416518e-16 8.782841082299923833e-19 1.000000000000005995e+00
2.909889320739377783e-01 -9.566949669439931414e-01 -7.757682293931786148e-03 -5.669579114653628693e+01 9.567148970987091605e-01 2.909360661241022217e-01 7.267124442157282815e-03 4.894569915176332131e+01 -4.695431809126076814e-03 -9.536542998227974521e-03 9.999435020379484618e-01 -8.847942070272658555e-01 -1.727400224354290229e-17 3.832950033527324077e-16 9.941731523295626890e-19 1.000000000000006217e+00
2.907564047793532724e-01 -9.567907666338121286e-01 -3.484532126290236769e-03 -5.644946749866772961e+01 9.567666336583401376e-01 2.907161464686226493e-01 9.040514395900233965e-03 4.973083969034929908e+01 -7.636870947611357902e-03 -5.962471535445881647e-03 9.999530624661684408e-01 -9.005056966381886907e-01 -2.344768502112913557e-17 4.067771900588210074e-16 1.193290430751812440e-18 1.000000000000006439e+00
2.901444975946935179e-01 -9.569793077105174239e-01 2.602907891878221674e-03 -5.620443222005441442e+01 9.569487816076479580e-01 2.901560455933356319e-01 7.648436787821384295e-03 5.051283527245814753e+01 -8.074645203222867440e-03 2.716976865894139555e-04 9.999673626100811230e-01 -9.114985348280960631e-01 -2.914954536089014997e-17 4.301724211860597713e-16 1.276522117448039737e-18 1.000000000000006439e+00
2.893502231841493244e-01 -9.572223210446344499e-01 1.369831113026817463e-03 -5.596719202003642124e+01 9.572045864111811131e-01 2.893532183357453991e-01 5.839074598469788137e-03 5.130362923526593733e+01 -5.985657581025840418e-03 -3.783289142511578394e-04 9.999820142236106602e-01 -9.133817157194649150e-01 -3.534266400193802610e-17 4.536911607269932763e-16 1.209914093832575995e-18 1.000000000000006439e+00
2.899732865188398012e-01 -9.570122353263876835e-01 -6.563119770812165035e-03 -5.573957086686547768e+01 9.570302365935814404e-01 2.899440660742758080e-01 5.056163957913278016e-03 5.211116060220373924e+01 -2.935873139053210221e-03 -7.747256547099063209e-03 9.999656797435904076e-01 -9.225524121841357506e-01 -4.125051487778317719e-17 4.772744693424809317e-16 1.174219621683606925e-18 1.000000000000005995e+00
2.892580550439131093e-01 -9.572115167175985206e-01 -8.711478375119119724e-03 -5.549382500712486177e+01 9.572500202485859644e-01 2.892597581982530031e-01 1.091339172103006957e-03 5.290975997049345381e+01 1.475237704157947348e-03 -8.654741497285857108e-03 9.999614588190333109e-01 -9.322792592402197043e-01 -4.770364371289486803e-17 5.010339404400891883e-16 1.331790785411379592e-18 1.000000000000005329e+00
2.885442569124473389e-01 -9.574355076248400875e-01 -7.711066209162635923e-03 -5.524705773928659625e+01 9.574495288332772747e-01 2.885778015091206017e-01 -3.640358926893503579e-03 5.370899515765519538e+01 5.710651431041605802e-03 -6.332552047302019912e-03 9.999636429615632593e-01 -9.346667814260936069e-01 -5.459412130507229708e-17 5.247037589232844801e-16 1.541398173849133891e-18 1.000000000000004885e+00
2.885838297152918952e-01 -9.574044369504342011e-01 -9.803944846434433161e-03 -5.500243193159642630e+01 9.574281998682740991e-01 2.886368199841816695e-01 -4.475292888195749226e-03 5.452394426483992618e+01 7.114444731589539966e-03 -8.095076105148320267e-03 9.999419255232646631e-01 -9.298741403440541342e-01 -6.085550250652607427e-17 5.473408124335770116e-16 1.756748090158413393e-18 1.000000000000004441e+00
2.889066727169081750e-01 -9.572341000972551806e-01 -1.535617370047637556e-02 -5.476699236283808148e+01 9.573418547747544194e-01 2.889558668798314356e-01 -1.039274833054656044e-03 5.535233916774476626e+01 5.432085793154248568e-03 -1.440085437859268264e-02 9.998815469030644110e-01 -9.292049791751856302e-01 -6.752325139865230017e-17 5.721580749769098086e-16 2.035943108160283346e-18 1.000000000000004219e+00
2.889398422818889034e-01 -9.572673263996257509e-01 -1.237066489348123167e-02 -5.451855973435205271e+01 9.573472521136258129e-01 2.889146367779064084e-01 3.817266823311538451e-03 5.618013205622601447e+01 -8.007865170015961837e-05 -1.294598251646004831e-02 9.999161940504102120e-01 -9.296588380925459028e-01 -7.428892636344504278e-17 6.000067046030999819e-16 2.495171435363149912e-18 1.000000000000004219e+00
2.880421881483266611e-01 -9.575982989606030005e-01 -6.098825670759265398e-03 -5.426256859810847999e+01 9.576026359548753808e-01 2.879960630444353686e-01 7.447098978797095543e-03 5.700549150805843368e+01 -5.374891531909317503e-03 -7.985330223750390297e-03 9.999536714480345978e-01 -9.369670767757165564e-01 -8.157532502668117640e-17 6.268520152979314172e-16 2.896748342160557368e-18 1.000000000000003997e+00
2.876803317647302904e-01 -9.576834334972579299e-01 -9.081184984229617035e-03 -5.401383294923053313e+01 9.576954330887664790e-01 2.875817120459278065e-01 1.078036816033872518e-02 5.784519453662905875e+01 -7.712597268981977172e-03 -1.179830927533515733e-02 9.999006529359693030e-01 -9.472790175414776970e-01 -8.867189979091993321e-17 6.534088001910322534e-16 3.175508707448159585e-18 1.000000000000003997e+00
2.881952211568980515e-01 -9.575174630564412537e-01 -1.018932992715276993e-02 -5.376661899966849489e+01 9.575444027551838211e-01 2.880903874655094676e-01 1.061345383041814756e-02 5.867656318329780163e+01 -7.227119379236238497e-03 -1.281548251345879241e-02 9.998917602188721609e-01 -9.629796183325605163e-01 -9.507643732651964764e-17 6.808452679348323323e-16 3.533322214469023654e-18 1.000000000000003997e+00
2.863471317577385711e-01 -9.581074293511131490e-01 -5.956001712631435463e-03 -5.351255789010995301e+01 9.581227796904436822e-01 2.863246837309579296e-01 4.349083195652738050e-03 5.950660686909874642e+01 -2.461538613946027357e-03 -6.951928415590465267e-03 9.999728053897900537e-01 -9.595638460549210658e-01 -1.028700283632459434e-16 7.094051472608702373e-16 3.962905113143075391e-18 1.000000000000003775e+00
2.859106247076296792e-01 -9.582428248570484808e-01 -5.079693825503099613e-03 -5.326114063002732024e+01 9.582535948510230162e-01 2.859183731333734269e-01 -8.554880910686444391e-04 6.034541591079292999e+01 2.272143119624812999e-03 -4.623041734475534688e-03 9.999867323374531658e-01 -9.626768717652393059e-01 -1.110173602862358592e-16 7.394293873113795895e-16 4.273978260743227009e-18 1.000000000000003775e+00
2.857989242677604347e-01 -9.582585570919526230e-01 -7.714444084012705635e-03 -5.301331289895784238e+01 9.582820924887616165e-01 2.858193065438178193e-01 -1.659886197641986718e-03 6.119452840276942140e+01 3.795537211156733461e-03 -6.918219929514244845e-03 9.999688655805535342e-01 -9.696009546357999831e-01 -1.195206243070242044e-16 7.716610589101391648e-16 4.556997108410691730e-18 1.000000000000003775e+00
2.851243274164470543e-01 -9.584707874904541125e-01 -6.153652804124047637e-03 -5.275676807473724494e+01 9.584902932931322894e-01 2.851229966011444850e-01 1.111067975214627673e-03 6.203818721443087014e+01 6.896217304001527569e-04 -6.215008990188241461e-03 9.999804488515240397e-01 -9.736375563974410952e-01 -1.286109329007258960e-16 8.043184356208395553e-16 4.919584900506179432e-18 1.000000000000003775e+00
2.843536216245117210e-01 -9.587169690255780141e-01 -2.188874486888788343e-03 -5.249949507448533836e+01 9.587134128684714485e-01 2.843429703426271771e-01 4.203237185195103469e-03 6.288830942829135751e+01 -3.407323740970942885e-03 -3.293709045815598410e-03 9.999887707498628098e-01 -9.733885928752844530e-01 -1.362565754591117169e-16 8.342210245807061187e-16 5.224303030215495895e-18 1.000000000000003775e+00
2.836632333622410851e-01 -9.589239630824933913e-01 -5.536001336557628340e-05 -5.225361982804739824e+01 9.589040590020476706e-01 2.836569725278697551e-01 6.459687742885984046e-03 6.374153827201505607e+01 -6.178646116886662987e-03 -1.885460853173061757e-03 9.999791344671699056e-01 -9.690445085531886882e-01 -1.442337166595200061e-16 8.637054871409546042e-16 5.408713615724295424e-18 1.000000000000003775e+00
2.834815324398194947e-01 -9.589621284885687658e-01 -5.464145892513934399e-03 -5.201340024905882586e+01 9.589721289310262353e-01 2.834558707267130218e-01 5.022477881504261096e-03 6.459650469333368505e+01 -3.267521847787853602e-03 -6.663743345820366017e-03 9.999724585336202676e-01 -9.685067588599104438e-01 -1.515514253368556437e-16 8.928480395425757116e-16 5.531697322338590264e-18 1.000000000000003775e+00
2.834771699507493969e-01 -9.589700908183643735e-01 -4.130258178718773654e-03 -5.176035366465512766e+01 9.589784867425246162e-01 2.834787848164178614e-01 2.013058321161707387e-04 6.544460833555147872e+01 9.777942973801525498e-04 -4.017894345659250507e-03 9.999914501852094073e-01 -9.765071616731135773e-01 -1.583616560308537958e-16 9.207397420499281267e-16 5.810982346701846085e-18 1.000000000000003553e+00
2.829624186633746818e-01 -9.591269738164371894e-01 -2.778078830734599831e-03 -5.150585613027605092e+01 9.591209962911605436e-01 2.829715082265106263e-01 -3.746999530206471165e-03 6.629828516386626802e+01 4.379965477009114920e-03 -1.604253686104693171e-03 9.999891210771804095e-01 -9.895460342316563240e-01 -1.652344977741207372e-16 9.499533091341454615e-16 6.029909430854294548e-18 1.000000000000003331e+00
2.835517884575600167e-01 -9.589436023099839890e-01 -5.054784997127808807e-03 -5.125730668393345724e+01 9.589550166056564073e-01 2.835578000383123243e-01 -5.001642655749078672e-04 6.715538459275215644e+01 1.912953036035185041e-03 -4.705488958825310673e-03 9.999870994090490628e-01 -9.934188194401852856e-01 -1.730425003173421426e-16 9.819276019354656962e-16 6.192017972129827272e-18 1.000000000000003109e+00
2.839009762721138030e-01 -9.588414019068257632e-01 -4.837526350795900987e-03 -5.100964323690415370e+01 9.588450366489544852e-01 2.838734979970105043e-01 5.659755173342085298e-03 6.801702150700421612e+01 -4.053562057996481019e-03 -6.245248150285249641e-03 9.999722823710509578e-01 -9.857678730407146706e-01 -1.811881511532194916e-16 1.012767326108391555e-15 6.428429497766662997e-18 1.000000000000002887e+00
2.831798038396368122e-01 -9.590599724072046417e-01 -3.628777169063371073e-03 -5.075682837330548836e+01 9.590335830357356039e-01 2.831364498511531602e-01 9.398796483648731367e-03 6.887539009283882763e+01 -7.986570411311344486e-03 -6.141668515046691361e-03 9.999492460125686266e-01 -9.808851251299115503e-01 -1.903996024326714812e-16 1.045122667357029634e-15 6.685664073373892240e-18 1.000000000000002442e+00
2.832304349235014729e-01 -9.590440915636907482e-01 -3.866674272615409479e-03 -5.050839907852645894e+01 9.590112464301542294e-01 2.831790151014810242e-01 1.034768701956389515e-02 6.972386279775835760e+01 -8.828927085216906750e-03 -6.638964008716898534e-03 9.999389852404024781e-01 -9.873747842440488975e-01 -2.004282264474547035e-16 1.077893293451727399e-15 6.904482838779908569e-18 1.000000000000001998e+00
2.835770988360179490e-01 -9.589381358573740854e-01 -4.656244650738508573e-03 -5.025421503439916648e+01 9.588954367229215459e-01 2.835062561257131186e-01 1.198933565959823394e-02 7.058847761621467498e+01 -1.017695669903805056e-02 -7.864752771171993478e-03 9.999172841872411288e-01 -1.006114686788403878e+00 -2.102707155192968861e-16 1.111191195132228469e-15 7.132316861477620833e-18 1.000000000000001332e+00
2.836393537546268440e-01 -9.589041565786121657e-01 -7.178822886696779003e-03 -5.001042009230426544e+01 9.588822202508786585e-01 2.835414377174120815e-01 1.221232098778506428e-02 7.144632412952209677e+01 -9.674951594237556074e-03 -1.034754046119619984e-02 9.998996568247484618e-01 -1.019687912378558714e+00 -2.213330443404668826e-16 1.144040144291981878e-15 7.382369264765859994e-18 1.000000000000000666e+00
2.838087756879160151e-01 -9.588317474374742355e-01 -9.708704787489221694e-03 -4.976442099176502154e+01 9.588637250597517037e-01 2.837285459574721003e-01 8.858271468903618218e-03 7.229350000379929497e+01 -5.738955219311283121e-03 -1.182338001833102212e-02 9.999136323093770207e-01 -1.029890127008984857e+00 -2.313917180743818874e-16 1.175079128670421995e-15 7.680155000352012792e-18 1.000000000000000000e+00
2.837496359404089175e-01 -9.588496860433128877e-01 -9.665592504077650041e-03 -4.951255623388055227e+01 9.588957093162332468e-01 2.837583088720433966e-01 4.907148027548384646e-04 7.313152642069361775e+01 2.272170448652402561e-03 -9.407535326784207189e-03 9.999531666636837235e-01 -1.024667408286579651e+00 -2.409944110506671178e-16 1.203603024542004044e-15 8.020157936070307394e-18 9.999999999999991118e-01
2.834191073706107677e-01 -9.589518116389290636e-01 -9.221308572884888075e-03 -4.926085238328427351e+01 9.589556506331473607e-01 2.834824029899720155e-01 -6.464310776122737280e-03 7.397361274509297857e+01 8.813041242719860460e-03 -7.010716772257490764e-03 9.999365880667611117e-01 -1.021991852837282888e+00 -2.502765772466490582e-16 1.229821462523125918e-15 8.398560422337712542e-18 9.999999999999981126e-01
2.835526764254868715e-01 -9.589079897409419351e-01 -9.661620105756382054e-03 -4.900734572244445530e+01 9.589214171761742955e-01 2.836142430477872067e-01 -5.716364342064676751e-03 7.483195011318616707e+01 8.221640512792291813e-03 -7.643844035406461082e-03 9.999369861525492231e-01 -1.020134287415716656e+00 -2.596661677869912328e-16 1.255761945294962352e-15 8.780044857800819799e-18 9.999999999999967804e-01
2.838504177183238664e-01 -9.588327562660948766e-01 -8.287694036408603526e-03 -4.875712936165388101e+01 9.588662761717076100e-01 2.838580532095794084e-01 2.646671375712633602e-04 7.568868076228730501e+01 2.098757173769632070e-03 -8.021916196289927484e-03 9.999656214485919126e-01 -1.013580819167299252e+00 -2.689698727379106707e-16 1.281226682222212809e-15 9.156678116790273003e-18 9.999999999999951150e-01
2.835452376940000296e-01 -9.589298609543915886e-01 -7.457878464663679312e-03 -4.850603340736131486e+01 9.589451974171873117e-01 2.834911062444727681e-01 7.543277193698596367e-03 7.654643888545545849e+01 -5.119231534299050444e-03 -9.290557061481720391e-03 9.999437379263846903e-01 -1.011230768598650798e+00 -2.786703365079465595e-16 1.307915789696996682e-15 9.487475786323227173e-18 9.999999999999933387e-01
2.834222062489747396e-01 -9.589675323721459366e-01 -7.288680346582706616e-03 -4.825607069967609419e+01 9.589519985204125740e-01 2.833290765133737454e-01 1.164898861750014725e-02 7.739994448854157838e+01 -9.105906797545233397e-03 -1.029107663946527036e-02 9.999055836443760947e-01 -1.017215043539074326e+00 -2.876221858361035451e-16 1.335159512919448856e-15 9.785121431904102951e-18 9.999999999999915623e-01
2.832410581102255964e-01 -9.590218146636910745e-01 -7.187628254074458246e-03 -4.800477210070975076e+01 9.590044767924600366e-01 2.831480174146969730e-01 1.173088769754955345e-02 7.825344019946764718e+01 -9.215014517252827914e-03 -1.021563671719554790e-02 9.999053576584708836e-01 -1.026743714988328948e+00 -2.978962352585275730e-16 1.365450376442399095e-15 1.006001515559078883e-17 9.999999999999898970e-01
2.839595203289130287e-01 -9.587796868273157358e-01 -1.041647454991336680e-02 -4.775848851787765170e+01 9.588172925515422440e-01 2.838687961047942632e-01 9.375825412815234211e-03 7.910311848002656632e+01 -6.032438862895070711e-03 -1.264985081278214955e-02 9.999017906554549251e-01 -1.036722778052651783e+00 -3.071083070753841633e-16 1.396470848312552405e-15 1.035087911163199673e-17 9.999999999999882316e-01
2.842023929910108548e-01 -9.586788184361356713e-01 -1.280323788115536078e-02 -4.751053127655867314e+01 9.587573750378766135e-01 2.841242095271123147e-01 7.597984673584817598e-03 7.994967627206757754e+01 -3.646317126986433569e-03 -1.443456416905498051e-02 9.998891677225353325e-01 -1.044207550504395510e+00 -3.171028598863569378e-16 1.426909526220340244e-15 1.075821049501449360e-17 9.999999999999865663e-01
2.835125476895228314e-01 -9.588835553728001226e-01 -1.276567814023380973e-02 -4.725631781424895905e+01 9.589641058417254227e-01 2.834456985155568431e-01 6.810264329186538172e-03 8.080609813334555724e+01 -2.911873915504523038e-03 -1.417262251361021616e-02 9.998953234022012193e-01 -1.046923263148518135e+00 -3.273919119967770318e-16 1.456776749435952789e-15 1.120659776458863360e-17 9.999999999999850120e-01
2.825256472104367700e-01 -9.591780157313718469e-01 -1.252169342064556393e-02 -4.700417977060099872e+01 9.592501094051215649e-01 2.824402301482422661e-01 8.169700122631512809e-03 8.166293257513237336e+01 -4.299566781161523812e-03 -1.431958559834404371e-02 9.998882253502092698e-01 -1.051295296728763429e+00 -3.387907533679757077e-16 1.489273159170854199e-15 1.168400397814740350e-17 9.999999999999829026e-01
2.824961645730847404e-01 -9.591689429572615166e-01 -1.381505946125656525e-02 -4.675492910830033111e+01 9.592362329304825463e-01 2.823393959443888379e-01 1.226029898153708532e-02 8.251912646818072972e+01 -7.859162471221514332e-03 -1.671539303412048622e-02 9.998294000484132527e-01 -1.055539546848523136e+00 -3.505590050894200485e-16 1.518334371590861831e-15 1.216907800129119368e-17 9.999999999999805711e-01
2.821126593074588240e-01 -9.592890956254394030e-01 -1.329956663865895262e-02 -4.650571427726114848e+01 9.593341880227486129e-01 2.819343463462805066e-01 1.381810555215129063e-02 8.337196150911793779e+01 -9.505953351407914198e-03 -1.665699146625129051e-02 9.998160738287706906e-01 -1.060716316946396010e+00 -3.621144892482353393e-16 1.548719202222405956e-15 1.272285557943787376e-17 9.999999999999780176e-01
2.812152116939085622e-01 -9.595694569891161096e-01 -1.201923149551855155e-02 -4.625158978316780178e+01 9.596044029383286045e-01 2.810665197450393782e-01 1.268863033610902018e-02 8.422532214620053992e+01 -8.797418555087064412e-03 -1.510194332909940360e-02 9.998472567020696422e-01 -1.066461483338930094e+00 -3.728539908075476451e-16 1.579075859874834565e-15 1.329006104840157353e-17 9.999999999999755751e-01
2.806034925517629230e-01 -9.597229123461367140e-01 -1.391443444005629505e-02 -4.601090865264453100e+01 9.597952386596334540e-01 2.804538760948910858e-01 1.177808259735994671e-02 8.507747782394385183e+01 -7.401338659796721960e-03 -1.665997903657977230e-02 9.998338188342832389e-01 -1.081734558659002587e+00 -3.836062254438571486e-16 1.607800047090455373e-15 1.380378439604125476e-17 9.999999999999729106e-01
2.799699514563064873e-01 -9.598878694525652122e-01 -1.523497159685780269e-02 -4.576109294348446355e+01 9.599844631926198746e-01 2.798146947055538680e-01 1.155712142519389925e-02 8.593861536385313116e+01 -6.830571735598674546e-03 -1.786098275454005985e-02 9.998171475749997317e-01 -1.106538395387350437e+00 -3.929432669366336874e-16 1.635904356035999216e-15 1.442895303106703019e-17 9.999999999999701350e-01
2.784647148293069585e-01 -9.603907254457858533e-01 -1.034683878982506529e-02 -4.550890983150515723e+01 9.604311486798458031e-01 2.783832865228413889e-01 8.646064438484304601e-03 8.677942762492915563e+01 -5.423213110879838809e-03 -1.234505013236447159e-02 9.999090901161886702e-01 -1.101573197024949824e+00 -4.026348261359152965e-16 1.665654977777922648e-15 1.510730284702784939e-17 9.999999999999673594e-01
2.770777418298770445e-01 -9.607422958899924925e-01 -1.421850451627970809e-02 -4.527171650045482210e+01 9.608469659691585285e-01 2.770315956380722811e-01 5.157810204587834173e-03 8.762574593038071669e+01 -1.016351423976407341e-03 -1.509092132934923558e-02 9.998856090190588741e-01 -1.097316450299147705e+00 -4.124002410438346160e-16 1.694040291293597343e-15 1.557603083128669381e-17 9.999999999999644729e-01
2.763759687029536116e-01 -9.607869708337628545e-01 -2.246598762103920247e-02 -4.503774744001001551e+01 9.610411357575751046e-01 2.763960929980963654e-01 2.266088523618567645e-03 8.848010900389988365e+01 4.032282875559587386e-03 -2.221703067010924113e-02 9.997450396192091304e-01 -1.112087703640875835e+00 -4.238529698017930101e-16 1.723387682416307783e-15 1.621714076344780229e-17 9.999999999999613642e-01
2.750081937080749439e-01 -9.611672792818224398e-01 -2.297726336205363484e-02 -4.480477525047346887e+01 9.614276332019640048e-01 2.750556861790832697e-01 1.129431822082762943e-03 8.932920271530207401e+01 5.234454029010808876e-03 -2.240157893693291852e-02 9.997353498563253948e-01 -1.109876460671355813e+00 -4.352367135327596365e-16 1.751911981736083608e-15 1.713720543638408840e-17 9.999999999999583666e-01
2.736982672730706723e-01 -9.615784074360863576e-01 -2.135942051207964654e-02 -4.456376967845340431e+01 9.618126723177663484e-01 2.736847773432886655e-01 3.609157730931036173e-03 9.018187435295006082e+01 2.375260103946378980e-03 -2.153158153914122921e-02 9.997653470370236883e-01 -1.097172739475519299e+00 -4.458121420184455296e-16 1.778122114631042855e-15 1.799950553839765052e-17 9.999999999999552580e-01
2.732953468503286909e-01 -9.617525281361862799e-01 -1.848588688246717918e-02 -4.432556549288580072e+01 9.619283864505440151e-01 2.732073551124670208e-01 7.177774941885010571e-03 9.103622653548481480e+01 -1.852762934670961490e-03 -1.974375183330287498e-02 9.998033564322791333e-01 -1.087930178893780742e+00 -4.573720669643005312e-16 1.804756594511783833e-15 1.879790589850709814e-17 9.999999999999521494e-01
2.722320521594941423e-01 -9.620351072280416416e-01 -1.944639395839444992e-02 -4.409351307086206617e+01 9.622228446619759401e-01 2.720876073727622746e-01 9.774002495965460058e-03 9.189207892263721078e+01 -4.111810735072597874e-03 -2.137256127034022415e-02 9.997631252638907728e-01 -1.091492149887194785e+00 -4.706202530364437538e-16 1.829412454119722572e-15 1.944629906993050088e-17 9.999999999999484857e-01
2.713504674800049643e-01 -9.623209602814536412e-01 -1.752978042056600391e-02 -4.386374413034629072e+01 9.624670124356061729e-01 2.712048138455253610e-01 1.025665249004290534e-02 9.274224493244526002e+01 -5.116030837764785205e-03 -1.965498283797494777e-02 9.997937326660452095e-01 -1.100886865414302695e+00 -4.853700674366874279e-16 1.853685999764463373e-15 2.005879761995257800e-17 9.999999999999444888e-01
2.698801899370626978e-01 -9.627909549642283960e-01 -1.408048716626471471e-02 -4.362744728576468844e+01 9.628723865182776676e-01 2.697475270139835790e-01 1.063197772958110292e-02 9.359749490933441507e+01 -6.438195399154455004e-03 -1.642707245017447845e-02 9.998443383501834925e-01 -1.113282271599254081e+00 -4.996036383004775808e-16 1.880949049740187575e-15 2.063220163168493178e-17 9.999999999999403810e-01
2.689729821355547612e-01 -9.630440018245947087e-01 -1.413454742885164941e-02 -4.340179417625903113e+01 9.631116421760755886e-01 2.688069174829724184e-01 1.260181805169370561e-02 9.444746453682881793e+01 -8.336641162385999282e-03 -1.700269576729774093e-02 9.998206882991428346e-01 -1.118009990219693606e+00 -5.122030173536138128e-16 1.907714857017202832e-15 2.111790229255029902e-17 9.999999999999358291e-01
2.686556841247703109e-01 -9.630495228880893155e-01 -1.896680923939332228e-02 -4.318373954169651086e+01 9.632005614995858833e-01 2.684240758560544893e-01 1.389941825061436799e-02 9.529886885355548998e+01 -8.294679872638837173e-03 -2.200299902828131357e-02 9.997234949323592357e-01 -1.116340310605330899e+00 -5.267041811714241250e-16 1.937304785666034543e-15 2.159988453262080128e-17 9.999999999999310552e-01
2.683714454369644509e-01 -9.630261474128137822e-01 -2.360946152631551373e-02 -4.296502080108150778e+01 9.632874076480131276e-01 2.680958093656519714e-01 1.421292606549632784e-02 9.615113892502937176e+01 -7.357821735719386087e-03 -2.655704050172288250e-02 9.996202209135708339e-01 -1.119855136104945581e+00 -5.397292013451515563e-16 1.964547280618996709e-15 2.219801798138999985e-17 9.999999999999259481e-01
2.687349535512797427e-01 -9.628613856666988768e-01 -2.606677448508893866e-02 -4.273881603754175984e+01 9.632006150667450362e-01 2.684892146170304028e-01 1.257444906817641560e-02 9.699843687403686943e+01 -5.108803644665934653e-03 -2.848672720309982156e-02 9.995811155172847906e-01 -1.129334851215219038e+00 -5.520730318076117168e-16 1.986994175203293406e-15 2.284095434798963618e-17 9.999999999999206191e-01
2.702852353907309046e-01 -9.623896814741510486e-01 -2.742248205622637922e-02 -4.250535004463092292e+01 9.627683384515158815e-01 2.700302891205045852e-01 1.267948866461726491e-02 9.784580244417108474e+01 -4.797708299138681194e-03 -2.982857606382625579e-02 9.995435148332896258e-01 -1.143127330115236706e+00 -5.654165644082779521e-16 2.005308178466002946e-15 2.344277874778460485e-17 9.999999999999148459e-01
2.713790748374568795e-01 -9.621016745661118419e-01 -2.671639080637520230e-02 -4.226643168732957179e+01 9.624411255942411092e-01 2.710413652420874953e-01 1.560955132556752882e-02 9.869634278639861691e+01 -7.776728431039036174e-03 -2.994905883685008291e-02 9.995211735475663106e-01 -1.155471908598956432e+00 -5.786244664907972349e-16 2.024631170182941687e-15 2.407152042409143430e-17 9.999999999999091838e-01
