1.000000000000000000e+00 4.398956837314658088e-19 2.733407509747682871e-20 -8.673617379884035472e-19 -5.583667658079949532e-19 1.000000000000000000e+00 -6.100159232558060012e-19 0.000000000000000000e+00 4.145284534913582806e-20 -2.210423569125054137e-19 1.000000000000000222e+00 0.000000000000000000e+00
9.998979366750960773e-01 2.277543807527588997e-04 1.428511032264503065e-02 -9.362402409423539740e-02 -2.236621201290642897e-04 9.999999334964095876e-01 -2.880675385684201991e-04 -7.841530764112189522e-03 -1.428517522891140784e-02 2.848431150624965960e-04 9.998979210982003041e-01 1.639024610166511797e-02
9.995493618541857472e-01 1.620355460911863986e-03 2.997411697712937598e-02 -9.847461463191756192e-02 -1.609704806716878841e-03 9.999986324325194076e-01 -3.794556699665273562e-04 -1.416772124672513455e-02 -2.997469135805265819e-02 3.310352222773707488e-04 9.995506031547896075e-01 2.658554644998889493e-02
9.979519860376164786e-01 5.144217368222074767e-03 6.376025878574195782e-02 1.182403223244990476e-05 -5.227616187790916531e-03 9.999856846948801392e-01 1.141246660397855165e-03 8.692041454272242396e-03 -6.375347632035591183e-02 -1.472223490212016097e-03 9.979645919551709543e-01 4.223964216059549748e-01
9.954324785382667740e-01 4.074019550529646948e-03 9.538125079883970348e-02 2.074387790594384162e-02 -4.378825597831536263e-03 9.999859530459004331e-01 2.986570741835225650e-03 1.602182747215706582e-02 -9.536774528380152771e-02 -3.390587323732163500e-03 9.954363350317628756e-01 5.435249986468522199e-01
9.908937023782750098e-01 1.684323375171531802e-03 1.346359294993914879e-01 1.582042782322152508e-01 -2.347283126584504952e-03 9.999858900056969313e-01 4.765506751544969569e-03 1.684379202470134840e-02 -1.346260054594071165e-01 -5.038139196261222190e-03 9.908836742695881217e-01 8.168410240569969893e-01
9.851328893224212679e-01 -2.555071734308458128e-03 1.717750322809422081e-01 1.457312850817676919e-01 1.560846773173974779e-03 9.999812421565549281e-01 5.922760163971747642e-03 -1.577298843282376462e-02 -1.717869461980344459e-01 -5.566591217109303699e-03 9.851183981893604225e-01 8.983519151479013587e-01
9.764373097626116715e-01 -2.739970501599547914e-03 2.157838551881786915e-01 2.599239522486113119e-01 1.328854736294062368e-03 9.999767768828481396e-01 6.684297706644463932e-03 -2.416982650344595696e-03 -2.157971625235791946e-01 -6.240052125630364890e-03 9.764182745656808660e-01 1.158750573143822127e+00
9.647435542039867196e-01 -2.605423371453870641e-03 2.631788090878914854e-01 3.459159604814127653e-01 -8.416824422491788838e-05 9.999478950536745403e-01 1.020784455608090245e-02 7.072592760314411198e-03 -2.631916964750016796e-01 -9.870103377733616817e-03 9.646930666314900149e-01 1.334777476927598627e+00
9.503475524353135473e-01 -6.180420399268487033e-03 3.111291222852275995e-01 5.193709500824646996e-01 9.879381225190672113e-04 9.998576418446037950e-01 1.684399047927362392e-02 2.905184138080360579e-02 -3.111889388333214934e-01 -1.570026865110117978e-02 9.502183681501552570e-01 1.623974814804331146e+00
9.335104570564823900e-01 -1.590962203896032282e-02 3.581970250677367629e-01 6.330123181961346823e-01 7.464307234260110328e-03 9.996608888598967901e-01 2.494777299263094619e-02 5.405902362209141776e-03 -3.584724722924097495e-01 -2.061531416303503950e-02 9.333126470695587429e-01 1.816551019233089814e+00
9.123225693325865970e-01 -2.159865368764585236e-02 4.089022197403703873e-01 7.875112211576809074e-01 1.019667057891055287e-02 9.994965611665898031e-01 3.004416903606141331e-02 -5.443938962934768977e-03 -4.093452831515979606e-01 -2.324053206525801551e-02 9.120835045102658745e-01 2.047871184585271287e+00
8.876532162044724616e-01 -2.354992677864434225e-02 4.599099538582749891e-01 1.003933969563622686e+00 8.982277053512219278e-03 9.993869729385904677e-01 3.383780410142846889e-02 -2.294102796814634360e-03 -4.604249023672237762e-01 -2.590519679846614229e-02 8.873205920887837772e-01 2.281660181689662004e+00
8.593708062340857934e-01 -2.552784681203171951e-02 5.107153243910423912e-01 1.155873162609418969e+00 6.956965219806017856e-03 9.992443517798554886e-01 3.824037182624166753e-02 2.946475069923908813e-02 -5.113056064448736615e-01 -2.930963018160585853e-02 8.588990198458178460e-01 2.502806790930190761e+00
8.271238544121851666e-01 -3.084776720141153838e-02 5.611724689997201754e-01 1.401040338494775161e+00 8.121070133894932666e-03 9.990443081736511965e-01 4.294785775498120156e-02 2.920699134515199191e-02 -5.619610162769296258e-01 -3.096587639193596614e-02 8.265838950052347700e-01 2.749441874929086538e+00
7.916545921328324020e-01 -3.667891053610264351e-02 6.098669187309005979e-01 1.599075219101740775e+00 1.036295079657408719e-02 9.988588510054599023e-01 4.662193659062825041e-02 2.781661225753179895e-02 -6.108810220993416973e-01 -3.058844899314110133e-02 7.911312971871345967e-01 2.926686401823940464e+00
7.538620533022071246e-01 -4.110553905241220302e-02 6.557456309791362958e-01 1.873896676735583355e+00 1.137993304040725399e-02 9.987082222297625211e-01 4.952155008205417347e-02 3.693899110440310163e-02 -6.569341747072197091e-01 -2.987007566751518142e-02 7.533560084285920722e-01 3.125188180183266606e+00
7.138967162787465126e-01 -4.429233443817420790e-02 6.988488104659782429e-01 2.192518345632168408e+00 1.238039296804662771e-02 9.986399383980895106e-01 5.064582165635469341e-02 4.293137989465359294e-02 -7.001415668004581372e-01 -2.750386241877104607e-02 7.134741282989492950e-01 3.379475089581695624e+00
6.724024531560200968e-01 -4.625607798362525724e-02 7.387389982496502805e-01 2.475741488755132558e+00 1.151236169169787826e-02 9.985782611090934235e-01 5.204730457411371053e-02 5.699828780878113399e-02 -7.400962212541025709e-01 -2.649210422405674434e-02 6.719789881081188465e-01 3.574310598210149958e+00
6.298038905849873137e-01 -4.658628876302067789e-02 7.753558972652419001e-01 2.823310371415755693e+00 7.230039247750400661e-03 9.985081918960885261e-01 5.412131925778310149e-02 8.656428235557993289e-02 -7.767205398836243280e-01 -2.847996333547670941e-02 6.292011636522074625e-01 3.819942310801027308e+00
5.879284030426099594e-01 -4.739674520692306603e-02 8.075232076273033410e-01 3.155187147409755699e+00 4.280034943894587759e-03 9.984502432204696021e-01 5.548687292039894414e-02 1.059980976993943336e-01 -8.089016542189144676e-01 -2.916608048235369913e-02 5.872201156137687450e-01 4.011180120277336947e+00
5.478591789065260231e-01 -4.847367823891492178e-02 8.351650203461622457e-01 3.533222288173801573e+00 2.144008057057662613e-03 9.983979528785975610e-01 5.654140847434366984e-02 1.280575016691502532e-01 -8.365678311293930358e-01 -2.918612850107669271e-02 5.470854094779432630e-01 4.214562241770541284e+00
5.092161376474632073e-01 -5.111745955532321500e-02 8.591192689950816197e-01 3.970478408440072826e+00 1.296746532070738259e-03 9.982790081053178888e-01 5.862883572536362053e-02 1.366050184435774195e-01 -8.606377037112494799e-01 -2.874068873055431531e-02 5.084060659920087710e-01 4.435804853832952865e+00
4.720709207165198484e-01 -5.097893764903035918e-02 8.800853259400799322e-01 4.358207064197416436e+00 -1.694405157162345594e-03 9.982722434553699120e-01 5.873377986063250955e-02 1.638243483134977918e-01 -8.815589536976550233e-01 -2.921773001261493766e-02 4.711689168911848968e-01 4.629785287604190280e+00
4.360130914596844764e-01 -5.029080036896125400e-02 8.985340316728646082e-01 4.818082238380949178e+00 -3.049737590840859158e-03 9.983490559921553986e-01 5.735731394841916964e-02 1.873791776308423862e-01 -8.999351630804675040e-01 -2.774883211332723060e-02 4.351398832608046052e-01 4.797029667874420866e+00
4.026457062172942858e-01 -4.906843010326903537e-02 9.140397751242417268e-01 5.343446264544454039e+00 -1.681640511198302743e-03 9.985208344428474492e-01 5.434441308166966522e-02 2.029247298321006643e-01 -9.153543698340771417e-01 -2.341863017002548605e-02 4.019676098207192183e-01 4.991339046005193403e+00
3.724222317125933102e-01 -4.735528977065788653e-02 9.268544348983841497e-01 5.841139362797035162e+00 1.497844527238701665e-04 9.987003831884667671e-01 5.096589201591258250e-02 2.282753239495927122e-01 -9.280633999300016423e-01 -1.884200207680384112e-02 3.719453173103539623e-01 5.182111810201944557e+00
3.465563949769656094e-01 -4.544886849688083846e-02 9.369274522238190128e-01 6.371284934816079826e+00 1.159709548482207872e-03 9.988455349398933647e-01 4.802345646719979877e-02 2.514663768316175441e-01 -9.380284302017238840e-01 -1.555627140952476652e-02 3.462090139045680415e-01 5.352151236149033764e+00
3.263768434445816213e-01 -4.492811422245237413e-02 9.441713857305901181e-01 6.949739120669907955e+00 2.194889663963574440e-03 9.989030960342643040e-01 4.677378708968822629e-02 2.734851916982774522e-01 -9.452371947966731192e-01 -1.319352811508951208e-02 3.261174503238794542e-01 5.518828743372239387e+00
3.112181401086919763e-01 -4.541239243733652398e-02 9.492528476183774711e-01 7.552350340249491367e+00 3.235693081467829434e-03 9.989024660850213122e-01 4.672679642317794507e-02 3.045167338347306574e-01 -9.503330024848503088e-01 -1.147073492633829406e-02 3.110235068813246850e-01 5.715200050819297495e+00
2.989764662918967808e-01 -4.699972624294219969e-02 9.531023465637911141e-01 8.167181275320812617e+00 4.241830879713274702e-03 9.988419471233278557e-01 4.792464396400598209e-02 3.219062201054969652e-01 -9.542510653091020867e-01 -1.028544084044613269e-02 2.988295992920489974e-01 5.917513013249815046e+00
2.888246659593838306e-01 -4.891948672132050840e-02 9.561313616484133915e-01 8.781721511411912928e+00 2.992055774327078994e-03 9.987349331932039442e-01 5.019542591569354367e-02 3.548123570471287680e-01 -9.573773426373856088e-01 -1.163687787324141180e-02 2.886056519571589818e-01 6.092492555448082214e+00
2.784154348581917571e-01 -5.051730228577088616e-02 9.591312904208804113e-01 9.462827768487800384e+00 1.442434135436287002e-03 9.986366887130856407e-01 5.217933787810454666e-02 3.859438318660427525e-01 -9.604596719098534852e-01 -1.314404845314858829e-02 2.781087344936848949e-01 6.276744081654475949e+00
2.679581243846932970e-01 -5.224394778188424376e-02 9.620129925569043117e-01 1.016484720546334941e+01 7.669112435817297679e-04 9.985398840726520397e-01 5.401399562892802292e-02 4.173959757572437979e-01 -9.634302631004522111e-01 -1.373570950004090671e-02 2.676069395855653066e-01 6.458921438822010863e+00
2.574477183110574496e-01 -5.427606600318752444e-02 9.647666895374765739e-01 1.085348313086777772e+01 -2.744305234876764791e-04 9.984171051693935262e-01 5.624241062270967512e-02 4.459666718871796443e-01 -9.662921988409508556e-01 -1.474424084013127925e-02 2.570253092909683956e-01 6.674026327329322328e+00
2.475717464258548051e-01 -5.594866286470434602e-02 9.672527909723085404e-01 1.158151094260264280e+01 -5.582107067422566876e-04 9.983228857598874795e-01 5.788872193170206681e-02 4.732180401589320407e-01 -9.688694108923069370e-01 -1.487154197296645074e-02 2.471253078300498784e-01 6.842455509515014356e+00
2.365960040612910265e-01 -5.710478226026415027e-02 9.699285328045874621e-01 1.237911484456685329e+01 -1.216444155271098615e-03 9.982531532976464117e-01 5.906913028482208006e-02 5.076413870893878855e-01 -9.716073629784977017e-01 -1.515538320356514534e-02 2.361132409777553232e-01 7.042477978540226502e+00
2.268444577325248179e-01 -6.010035309654565561e-02 9.720748548903898056e-01 1.310649159139414621e+01 -2.325988897219808185e-03 9.980579026939561116e-01 6.224959920545997116e-02 5.383008264248736463e-01 -9.739282306747772955e-01 -1.638201102161801828e-02 2.262641096101443705e-01 7.221065963931932785e+00
2.153214192924713388e-01 -6.357578092554097560e-02 9.744715441364202313e-01 1.389593037666006126e+01 -4.268040192329462974e-03 9.978077595404687417e-01 6.604134150233759160e-02 5.881188302232321918e-01 -9.765339149426484067e-01 -1.837919823926583221e-02 2.145780376160367764e-01 7.375048186574123754e+00
2.024095392648410374e-01 -6.752152156336242717e-02 9.769704224251651858e-01 1.466882378219866467e+01 -4.215481573507698018e-03 9.975508901763150416e-01 6.981726986643493893e-02 6.260144650001335798e-01 -9.792918997993946828e-01 -1.825008137049329363e-02 2.016291789795379985e-01 7.545993248479204496e+00
1.901456504387268598e-01 -6.992471257842840238e-02 9.792625540919073224e-01 1.545924035551074560e+01 -5.250591268556488445e-03 9.973736412256296591e-01 7.223746275943895845e-02 6.632619203848548750e-01 -9.817418600938733197e-01 -1.887734588961004559e-02 1.892791122886427202e-01 7.693313464158190840e+00
1.766879245056683090e-01 -7.059528836454474765e-02 9.817319726622436571e-01 1.627206580611539977e+01 -5.951806410787723739e-03 9.973296701538965081e-01 7.278808266373797131e-02 7.021013452444849756e-01 -9.842489371860491110e-01 -1.870385302840423675e-02 1.757959386067752816e-01 7.840854210157618631e+00
1.622087136960667364e-01 -6.973909309889335384e-02 9.842889695306812348e-01 1.706928896785407446e+01 -7.476346837406134919e-03 9.973838981298002171e-01 7.189898427841567852e-02 7.354453320897198498e-01 -9.867281563439459502e-01 -1.902152660522712924e-02 1.612629641542941139e-01 7.973504230180391339e+00
1.458338805655227666e-01 -6.872916012671882735e-02 9.869188239967657816e-01 1.786866115205301142e+01 -8.692886389514592818e-03 9.974563762405574963e-01 7.074751711699286960e-02 7.767413545517870554e-01 -9.892709083731574538e-01 -1.889655729462624487e-02 1.448654778832138001e-01 8.087769620978509266e+00
1.245935398446895576e-01 -6.712254506518074149e-02 9.899348448109552834e-01 1.870495973048077332e+01 -1.138986009102706601e-02 9.975466419918642691e-01 6.907219484342851101e-02 8.125654430476355605e-01 -9.921424989054500321e-01 -1.988116776768195440e-02 1.235233495063545323e-01 8.199127865115412916e+00
1.000805555482952303e-01 -6.597122836632583753e-02 9.927898380286873659e-01 1.951125897578842228e+01 -1.560401264588263080e-02 9.975726825330681891e-01 6.786204996793508692e-02 8.601163218855648607e-01 -9.948569819174686302e-01 -2.228317599217822381e-02 9.880821099988583434e-02 8.271304292246211887e+00
6.965272515786352647e-02 -6.541007736273819761e-02 9.954245338474408955e-01 2.034931712806810822e+01 -1.986816420534933195e-02 9.975591287313023692e-01 6.694057602630626436e-02 8.978362492968782194e-01 -9.973734362091457584e-01 -2.443985079448775244e-02 6.818313227489058992e-02 8.340085504271776529e+00
3.652052355291244418e-02 -6.532273126889406867e-02 9.971956553032386150e-01 2.118268059869737741e+01 -2.291159130232881674e-02 9.975443092103847276e-01 6.618466692707737631e-02 9.401790826447574689e-01 -9.990702316078267087e-01 -2.526443715079514096e-02 3.493419132595795840e-02 8.345267483507765149e+00
2.079917592804110624e-03 -6.458579117910145939e-02 9.979099820428707357e-01 2.203167508774118133e+01 -2.439499448830772729e-02 9.976118899864231393e-01 6.461734440030933446e-02 9.763895359635310633e-01 -9.997002428248423778e-01 -2.447840641293921871e-02 4.993791076957242907e-04 8.361365225518470723e+00
-3.237984711048245284e-02 -6.355149716473974808e-02 9.974531244192680335e-01 2.287012175445117990e+01 -2.570150566553831145e-02 9.976993645736406124e-01 6.273285054173383113e-02 1.004796727516598764e+00 -9.991451322805040558e-01 -2.360476615836018879e-02 -3.393872344437303540e-02 8.309292154947240050e+00
-6.470538050785072659e-02 -6.152430915990797500e-02 9.960060019011569565e-01 2.373278936234564540e+01 -2.820671887843697115e-02 9.978115728059768763e-01 5.980339618554614267e-02 1.036339965188736167e+00 -9.975056951703148433e-01 -2.422445893556909868e-02 -6.629917777710737925e-02 8.241086893952401127e+00
-9.739906343701536240e-02 -5.844459664363694379e-02 9.935278729413128396e-01 2.454279728654456250e+01 -2.998076341439550804e-02 9.979935195757378974e-01 5.576816950508113602e-02 1.078531615397857024e+00 -9.947937440920554542e-01 -2.435495577184013105e-02 -9.895584913537260052e-02 8.169722498189395665e+00
-1.290151824265355629e-01 -5.410868710938530196e-02 9.901652970599961190e-01 2.538225806199622170e+01 -2.710361025092293541e-02 9.983296121114337840e-01 5.102332713819578841e-02 1.106755310902919343e+00 -9.912721593322892932e-01 -2.025426954901581728e-02 -1.302662191787306023e-01 8.045287181759006145e+00
-1.606761289680063431e-01 -4.869064136203222343e-02 9.858054503555423453e-01 2.621720206782830687e+01 -2.280550830776802845e-02 9.986989532198016217e-01 4.561041158225551118e-02 1.116442290272934512e+00 -9.867436886155738218e-01 -1.515328908428671684e-02 -1.615774980124748961e-01 7.886070419727269964e+00
-1.918212281129390295e-01 -4.269552353921533816e-02 9.805007352284037525e-01 2.706203063731376801e+01 -1.655507861307862344e-02 9.990518979163909297e-01 4.026455824050945154e-02 1.142750122307496952e+00 -9.812902538176996314e-01 -8.508668755714734327e-03 -1.923461911278354641e-01 7.703447197610992170e+00
-2.211524376763375765e-01 -3.697533653760173150e-02 9.745380480166173642e-01 2.786966636295796107e+01 -1.100807344115360166e-02 9.993119844897307980e-01 3.541722710951870912e-02 1.152875041840671022e+00 -9.751771314996021678e-01 -2.895179262700956803e-03 -2.214073099541538914e-01 7.500829825076642088e+00
-2.481133846641779273e-01 -3.040655339062597190e-02 9.682536719660591595e-01 2.867923303071641428e+01 -1.874990412083498174e-03 9.995204756733468976e-01 3.090797807711692310e-02 1.176289470406590931e+00 -9.687291926406084164e-01 5.853217805147867617e-03 -2.480514216139443340e-01 7.281349378254798665e+00
-2.751538243494624503e-01 -2.006932517211182376e-02 9.611907088372922958e-01 2.951377326431849824e+01 3.876968828777483441e-03 9.997507991713225906e-01 2.198428195336352489e-02 1.173998581498487237e+00 -9.613924056742896296e-01 9.775566799289819517e-03 -2.750074489889638429e-01 7.047585630253793809e+00
-2.999234166024127846e-01 -5.166762739713220455e-03 9.539492819723659478e-01 3.026973946467004950e+01 8.377266047320707648e-03 9.999325100264608857e-01 8.049645248630154029e-03 1.167121299308945259e+00 -9.539265070935619706e-01 1.040576515476624928e-02 -2.998598927727442742e-01 6.771855497811432478e+00
-3.243830085963131382e-01 1.165102153268739692e-02 9.458540593100751570e-01 3.104663620806620727e+01 8.942222210697774870e-03 9.999172316824030959e-01 -9.250212520875209996e-03 1.131798186643340642e+00 -9.458835633682100008e-01 5.457426466048721780e-03 -3.244603473137852578e-01 6.472958321388003533e+00
-3.496686251828896030e-01 2.614871375021914426e-02 9.365084525471499832e-01 3.185216075403430835e+01 8.093829783307750561e-03 9.996574328574143742e-01 -2.488989427823822334e-02 1.102507024565262839e+00 -9.368384904627582443e-01 -1.123274127584364792e-03 -3.497604847571194053e-01 6.195736223380127861e+00
-3.742902438634838069e-01 3.706081528993460800e-02 9.265707172005264169e-01 3.260872019622247109e+01 1.169571717644547586e-02 9.993102365927337694e-01 -3.524572620335606615e-02 1.065667774379438049e+00 -9.272378540258945367e-01 -2.355221448661525257e-03 -3.744655262686348851e-01 5.894623297073833257e+00
-3.977178359196238411e-01 4.173830089800300430e-02 9.165579207994883904e-01 3.339443723221280180e+01 1.611600062779287856e-02 9.991284299199582053e-01 -3.850525958041891433e-02 1.019808629887750451e+00 -9.173662363317640622e-01 -5.429795233503261495e-04 -3.980438527286894179e-01 5.528513919165585655e+00
-4.206146162587995341e-01 4.101133939221443536e-02 9.063119771267144076e-01 3.411711940781426478e+01 1.782737445709838345e-02 9.991584887639828327e-01 -3.693912579856108852e-02 9.659239154020714535e-01 -9.070642441443023118e-01 6.200277340631042385e-04 -4.209917901147237629e-01 5.191758067698394541e+00
-4.410007049611844310e-01 3.789909701045346413e-02 8.967062072962935781e-01 3.486862645111584413e+01 2.212399488222533198e-02 9.992634859407042436e-01 -3.135306166443888737e-02 9.402985915926502791e-01 -8.972340388322812554e-01 6.012002254759560467e-03 -4.415143824336608125e-01 4.821791045409863585e+00
-4.591648216967236240e-01 3.659452508321227315e-02 8.875970330335856140e-01 3.560602819151247189e+01 2.920173811688711596e-02 9.992329722747413934e-01 -2.609071790944990019e-02 9.086195554929165086e-01 -8.878710143151045120e-01 1.393943735256750888e-02 -4.598812545368607396e-01 4.398347073961951459e+00
-4.730861179795778360e-01 3.724115268778071391e-02 8.802287245571548402e-01 3.628815410845903955e+01 3.272643363023994972e-02 9.991594909440365546e-01 -2.468384380414367918e-02 8.587279507951995905e-01 -8.804081543960485812e-01 1.712916419238567564e-02 -4.739072561655395810e-01 4.030172691071701507e+00
-4.840921902388058973e-01 4.050876485646381919e-02 8.740788165331941917e-01 3.699201984276998445e+01 3.538693521589290208e-02 9.990169389775387376e-01 -2.670056917864861365e-02 8.071448029156950144e-01 -8.743011659485492304e-01 1.800543454204762972e-02 -4.850497803452777923e-01 3.618687965768466075e+00
-4.941656784593608798e-01 4.325365103652798610e-02 8.682910746198452268e-01 3.768864244153784426e+01 3.702662839327487687e-02 9.989024327569043793e-01 -2.868725434466672802e-02 7.635339138141483684e-01 -8.685789103203358508e-01 1.797363554644023850e-02 -4.952248364860495355e-01 3.240724777174307736e+00
-5.046088409363460592e-01 4.233645506352050336e-02 8.623094159017361537e-01 3.839177443361946729e+01 3.096955831155275701e-02 9.990417541522561562e-01 -3.092668532634451281e-02 7.024637755509868242e-01 -8.627924526548281792e-01 1.109946393070298382e-02 -5.054364441392733553e-01 2.853310644586235956e+00
-5.160226257750309964e-01 4.130502767779801326e-02 8.555784774643194757e-01 3.906935283746747700e+01 2.934378243723978139e-02 9.991028461993570753e-01 -3.053596400894472915e-02 6.915418384036532418e-01 -8.560721956489750761e-01 9.348661380707582944e-03 -5.167717210668661965e-01 2.431628706227435543e+00
-5.244168679612789541e-01 4.267290471716617822e-02 8.503916501658811411e-01 3.976129873584059737e+01 3.143747128681017439e-02 9.990327475062076301e-01 -3.074499561910377238e-02 6.491563099610346832e-01 -8.508810997301688994e-01 1.061096979177947493e-02 -5.252511538536206448e-01 1.990419317128119481e+00
-5.318592907548640447e-01 4.572500422631580602e-02 8.455973662646931732e-01 4.043717953471351478e+01 3.545559431133919054e-02 9.988679740486965386e-01 -3.171231925299237975e-02 6.053289420452820924e-01 -8.460901886926933679e-01 1.311466657534980998e-02 -5.328784206275485325e-01 1.557870720863043346e+00
-5.357119661769602637e-01 4.890663970784709519e-02 8.429832839203676986e-01 4.112690059080593130e+01 3.627955719643854299e-02 9.987325380733577118e-01 -3.488711884337052788e-02 5.744799704618085423e-01 -8.436210610701010415e-01 1.189361425187781748e-02 -5.368072840779156696e-01 1.107248538508759816e+00
-5.351421068181214657e-01 5.037525809991683784e-02 8.432587064216268136e-01 4.184505907274065351e+01 3.541500959155535061e-02 9.986806491766641036e-01 -3.718518513742880699e-02 5.259605202570550864e-01 -8.440193802721870364e-01 9.964657857839072375e-03 -5.362201080773515427e-01 6.757389539976671466e-01
-5.321943142919481895e-01 5.130541862820873350e-02 8.450662417100456292e-01 4.257067387369045974e+01 3.801976256144521532e-02 9.986034393540255127e-01 -3.668335453515544908e-02 4.910042399130630231e-01 -8.457681249676569646e-01 1.260654616930458397e-02 -5.334016936833557709e-01 2.239832685610185781e-01
-5.263547127553509508e-01 5.019199003070291820e-02 8.487823439580113316e-01 4.332991919450776663e+01 3.635238824753662251e-02 9.986717925095398574e-01 -3.651239038457207431e-02 4.437698417048170918e-01 -8.494876291417113867e-01 1.163679757058910108e-02 -5.274802043892424797e-01 -2.268796227420453171e-01
-5.193715974373044331e-01 4.895541196155288322e-02 8.531450628169140460e-01 4.407166602943329536e+01 3.432908878230044730e-02 9.987470635088443460e-01 -3.641176644545045249e-02 3.986269038296076928e-01 -8.538586940532466585e-01 1.037645631218367913e-02 -5.204014536974965743e-01 -6.724816054227920059e-01
-5.120227580753642371e-01 4.827584190347619653e-02 8.576142052040055530e-01 4.485665547718535606e+01 3.226048720772443229e-02 9.987957905748330312e-01 -3.696254370956926494e-02 3.510919941548650836e-01 -8.583658708792989422e-01 8.741389520182381995e-03 -5.129635788340364266e-01 -1.155197993562948167e+00
-5.054158742902292722e-01 4.669594462817835967e-02 8.616114375532289982e-01 4.567597511180606062e+01 2.942831703325346840e-02 9.988865490123434165e-01 -3.687324646911666753e-02 3.003022629112170883e-01 -8.623739214581112034e-01 6.719451426912078154e-03 -5.062273027635848521e-01 -1.614372198397281633e+00
-5.010192868229411678e-01 4.429728153362076648e-02 8.643016901259590323e-01 4.647401089939634744e+01 2.511560272712024325e-02 9.990127806735183968e-01 -3.664246857655002049e-02 2.529073645772137446e-01 -8.650716115197070177e-01 3.348875369885653645e-03 -5.016372250434196767e-01 -2.074136905780058715e+00
-4.997072037145552370e-01 4.158959049223921040e-02 8.651953553775364458e-01 4.731187227281700558e+01 2.050036971940740610e-02 9.991347186524071056e-01 -3.618768830397348091e-02 2.176249187305123733e-01 -8.659517641036235114e-01 -3.464229399532644583e-04 -5.001274195927823962e-01 -2.529835720165560353e+00
-5.000759767449726167e-01 3.882121948084853863e-02 8.651109274832309293e-01 4.814538985091975576e+01 1.759715488390009921e-02 9.992439376386416106e-01 -3.466833133824693408e-02 1.638695641880718867e-01 -8.658027315601833918e-01 -2.113307761244508868e-03 -5.003810323519023440e-01 -3.021501326293437373e+00
-5.010169701950971666e-01 3.774751087086294921e-02 8.646138487578872711e-01 4.900939864930268186e+01 1.609601108766379324e-02 9.992819653126076007e-01 -3.429974046554389727e-02 1.190078881746300665e-01 -8.652877708272085355e-01 -3.267917048436855178e-03 -5.012648082029428354e-01 -3.496508873808022777e+00
-5.013444053324884742e-01 3.723337455131517371e-02 8.644463254189771462e-01 4.989201604828311076e+01 1.634920967606442316e-02 9.993029712780289175e-01 -3.356001945388489838e-02 7.492066786955248192e-02 -8.650933492508199318e-01 -2.692112860631859159e-03 -5.016036913474964942e-01 -4.006179686394474082e+00
-5.011270452007678955e-01 3.646665199998831014e-02 8.646050279315804499e-01 5.075400399970848753e+01 1.590533594587854177e-02 9.993310855823834826e-01 -3.293025426638866715e-02 2.359165431370991578e-02 -8.652275522627491666e-01 -2.750406680927982780e-03 -5.013718496638275290e-01 -4.522281960047803473e+00
-5.015867483159021090e-01 3.576565487820928396e-02 8.643677101303335331e-01 5.164329675701191036e+01 1.621178243321562754e-02 9.993581838173167808e-01 -3.194367725323933593e-02 -2.658854669554616690e-02 -8.649554464556067357e-01 -2.009583029123611624e-03 -5.018446480566676193e-01 -5.016686333890715943e+00
-5.022598735850410945e-01 3.556203232080420995e-02 8.639851548061523445e-01 5.252694081745343624e+01 1.595739140097627781e-02 9.993650185471804059e-01 -3.185783001220112570e-02 -7.681522696994132204e-02 -8.645694844042953742e-01 -2.213959482117347933e-03 -5.025084263663935902e-01 -5.511591143006492111e+00
-5.020149053808604656e-01 3.360190747917331938e-02 8.642059552353358320e-01 5.342873260637443167e+01 1.400270080230264259e-02 9.994297706837937945e-01 -3.072552382071671098e-02 -1.282492935097228892e-01 -8.647456108416687881e-01 -3.323452606959777320e-03 -5.021991604383170271e-01 -6.028816436188597194e+00
-5.024813700340888811e-01 3.320783445889039648e-02 8.639500558374016981e-01 5.433534400030956846e+01 1.390798870303499961e-02 9.994432715589749439e-01 -3.032679935158785756e-02 -1.772974416195481351e-01 -8.644761725662389873e-01 -3.222843165413256852e-03 -5.026634797672717703e-01 -6.534727581892549431e+00
-5.018481159148635573e-01 3.211039360339839471e-02 8.643595187452485229e-01 5.521225283891570967e+01 1.230356526096770299e-02 9.994745820658771374e-01 -2.998636460306747936e-02 -2.284864296309666309e-01 -8.648682576925410537e-01 -4.413895936298253483e-03 -5.019795094546720682e-01 -7.055485948667540086e+00
-5.003815200895611603e-01 3.114020392003405760e-02 8.652448257558017497e-01 5.611884637617799143e+01 1.187178420535806370e-02 9.995058092553303908e-01 -2.910666558824517164e-02 -2.851215471634843679e-01 -8.657236322576840060e-01 -4.292436818105649365e-03 -5.005039271725822969e-01 -7.567113923161129740e+00
-4.986775943481021045e-01 2.880327149163527251e-02 8.663088449622369236e-01 5.701242981922748498e+01 1.243156735870676495e-02 9.995826008291287534e-01 -2.607834791011747963e-02 -3.369919430908118185e-01 -8.666984051070755202e-01 -2.235110122012461554e-03 -4.988275177627215506e-01 -8.067629357495173181e+00
-4.957441160208820308e-01 2.752351725736566085e-02 8.680323806124886632e-01 5.791278739505730044e+01 1.316911090089668661e-02 9.996210031110120964e-01 -2.417487608509171632e-02 -3.857356230730791813e-01 -8.683687916937729012e-01 -5.533369524778505811e-04 -4.959186920160139067e-01 -8.588022940847476860e+00
-4.927615160367767588e-01 2.675530162315528648e-02 8.697529697918870983e-01 5.879363614474748090e+01 1.252340459773126913e-02 9.996417206218901619e-01 -2.365575420301543538e-02 -4.403987028477619470e-01 -8.700742871409318235e-01 -7.643760270395560203e-04 -4.929200384386372980e-01 -9.108961574916033754e+00
-4.911100522892680731e-01 2.727629516848147431e-02 8.706703776686849361e-01 5.969080785534897160e+01 1.319195969253625714e-02 9.996279039735010974e-01 -2.387521253031789359e-02 -4.910346500802846847e-01 -8.709976471047136126e-01 -2.395074051024816933e-04 -4.912871412020541340e-01 -9.601132923191434188e+00
-4.901013182088284070e-01 2.768362685043686267e-02 8.712257462712810208e-01 6.057114165039244114e+01 1.323128228580218273e-02 9.996166581545063989e-01 -2.432015389065992489e-02 -5.358010780132497208e-01 -8.715650541405608465e-01 -3.919047571601249019e-04 -4.902797329727917597e-01 -1.008797515998472960e+01
-4.903626025156433976e-01 2.888481129264496017e-02 8.710397074806647266e-01 6.148350025450889689e+01 1.265308586910253615e-02 9.995812324575219510e-01 -2.602420245413408079e-02 -5.731833856364776381e-01 -8.714266635857388366e-01 -1.739954502871669589e-03 -4.905227377972846137e-01 -1.060686699748493389e+01
-4.932841514975268571e-01 3.047053989185295741e-02 8.693343881424162589e-01 6.233881082273475016e+01 1.174698117645492715e-02 9.995285117379065776e-01 -2.836833857915620552e-02 -6.139827870314000791e-01 -8.697889208305863429e-01 -3.781596226173701211e-03 -4.934095118924706758e-01 -1.108258496739148669e+01
-4.978072440905987883e-01 3.130019832765454368e-02 8.667226959747483805e-01 6.324301128171588005e+01 1.041301499610018666e-02 9.994922242069969043e-01 -3.011416357167292362e-02 -6.719184387967844785e-01 -8.672251894721147991e-01 -5.965851461939477435e-03 -4.978804002770604309e-01 -1.155912450618385279e+01
-5.036101444314360354e-01 3.008451733799332936e-02 8.634070481175798450e-01 6.413372767149076026e+01 1.066692290442700780e-02 9.995338514359349835e-01 -2.860588346231014364e-02 -7.111119012926923055e-01 -8.638651813107666166e-01 -5.196315796076971666e-03 -5.036962977280827758e-01 -1.205462101553563592e+01
-5.088135881058549748e-01 2.796769447546468279e-02 8.604222958559402112e-01 6.498465665101443278e+01 1.353790936269394160e-02 9.996084988902929069e-01 -2.448619880676544680e-02 -7.783668080558948654e-01 -8.607702770015021043e-01 -8.105906909522006499e-04 -5.089930123453897393e-01 -1.257771268076174209e+01
-5.141626897033736432e-01 2.580063252540883492e-02 8.573045214786891854e-01 6.583552368292903623e+01 1.088653479054959086e-02 9.996632471461128766e-01 -2.355579856136189726e-02 -8.195328853166774508e-01 -8.576235910829915765e-01 -2.778436338109546884e-03 -5.142704246401759161e-01 -1.308038008156991694e+01
-5.192880222233718923e-01 2.751444545905745373e-02 8.541562456753574173e-01 6.666675702574542584e+01 1.149724655625872921e-02 9.996160544427099559e-01 -2.521025586690767151e-02 -8.754738451329948656e-01 -8.545219571814763881e-01 -3.270938053700120449e-03 -5.194049854596370919e-01 -1.358377605037993519e+01
-5.236327759572450002e-01 3.001486749511826299e-02 8.514151810433953083e-01 6.748968882508206946e+01 1.202368288250803795e-02 9.995400224220684082e-01 -2.784195761128310451e-02 -9.127484331904802684e-01 -8.518592365637819297e-01 -4.341814526399524060e-03 -5.237528070681766179e-01 -1.413372679468619708e+01
-5.290138355731986985e-01 3.043301668651144168e-02 8.480673205595811170e-01 6.835934022207005967e+01 1.084516231682580191e-02 9.995175897649121177e-01 -2.910275216629247194e-02 -9.673491011238400938e-01 -8.485439034320392260e-01 -6.198329934565520276e-03 -5.290886860838502903e-01 -1.463425263123662923e+01
-5.332183945185080542e-01 3.091158053858568400e-02 8.454126832172267347e-01 6.916600019638573826e+01 1.008954571753791461e-02 9.994935047800351802e-01 -3.018169891588845175e-02 -1.003374018861847183e+00 -8.459174643900656543e-01 -7.563606269545160993e-03 -5.332602069454732696e-01 -1.513900235159276164e+01
-5.362203779782801494e-01 2.968730153120178669e-02 8.435557820496474291e-01 6.997428595493637715e+01 9.220721693193337232e-03 9.995276894494643516e-01 -2.931512061711140718e-02 -1.079394553506100696e+00 -8.440276631849652489e-01 -7.941171110145039264e-03 -5.362408549687689430e-01 -1.565614988699211452e+01
-5.390220131595420128e-01 2.348162117916102742e-02 8.419642925321040305e-01 7.081993425099884121e+01 1.144749578849771181e-02 9.997232316629197646e-01 -2.055273445599487686e-02 -1.114952326276886785e+00 -8.422138895800770353e-01 -1.439992698144197149e-03 -5.391416358774158146e-01 -1.620086283612048561e+01
-5.410018536742142725e-01 1.575316302964345494e-02 8.408738426808892719e-01 7.164210691244024076e+01 1.268937924916505727e-02 9.998636432152995246e-01 -1.056762079835810858e-02 -1.137469621878218096e+00 -8.409256718445247136e-01 4.953065624290800030e-03 -5.411279834434895575e-01 -1.671396786326745243e+01
-5.430612795190250530e-01 1.380297545490763791e-02 8.395796041592372694e-01 7.245448406758495707e+01 1.364221378054556767e-02 9.998779494817193747e-01 -7.614205184517493924e-03 -1.164304955032438027e+00 -8.395822462633968364e-01 7.318745432436236757e-03 -5.431833029309534044e-01 -1.723405888329915214e+01
-5.436611674287656903e-01 1.772016072275223175e-02 8.391177021811160319e-01 7.326699988752277193e+01 1.225164937968394735e-02 9.998381267613499768e-01 -1.317639333557694969e-02 -1.222183051184501323e+00 -8.392153738213340430e-01 3.117083447176734103e-03 -5.437902656111420763e-01 -1.772593811980776124e+01
-5.449145172542873006e-01 2.243395752036051946e-02 8.381914301899227038e-01 7.405996814821901353e+01 1.250759174972989989e-02 9.997482713995983206e-01 -1.862670020888244557e-02 -1.259701990809688699e+00 -8.383983185514496395e-01 3.337977901400456665e-04 -5.450579426467218047e-01 -1.825870707309424645e+01
-5.457567931721909460e-01 2.807818182385287548e-02 8.374730596520880699e-01 7.485886924248944752e+01 1.920560278022344011e-02 9.995950333421175227e-01 -2.099795482633533966e-02 -1.289203968488854102e+00 -8.377235098871874674e-01 4.624399394124061903e-03 -5.460750394534718000e-01 -1.880241216554543016e+01
-5.455366514046238180e-01 2.926794357568631225e-02 8.375757498172105020e-01 7.565155969819096526e+01 2.283989038907301150e-02 9.995380370641528955e-01 -2.005123015745665857e-02 -1.329302078422033295e+00 -8.377756936491830286e-01 8.191458354209342832e-03 -5.459531114940241459e-01 -1.931441441808877357e+01
-5.453632781123284312e-01 2.577112400205527551e-02 8.378035159123478071e-01 7.642606840220405218e+01 2.204992427627673265e-02 9.996224235842990913e-01 -1.639545883761071507e-02 -1.366704042949572262e+00 -8.379097249816097603e-01 9.532023913796488709e-03 -5.457256143126073544e-01 -1.984266565538487725e+01
-5.445848200834293440e-01 2.090933272683742974e-02 8.384450851069669142e-01 7.723614981435268589e+01 2.001397284183205338e-02 9.997284969489835804e-01 -1.193202607722964985e-02 -1.398419306890301472e+00 -8.384669499371842916e-01 1.028261790631280863e-02 -5.448554436403499901e-01 -2.036501415350189248e+01
-5.435229044216198790e-01 1.561952226918137884e-02 8.392489916991284771e-01 7.804429841995187189e+01 1.925407875770139554e-02 9.997957819226004350e-01 -6.137985755706863722e-03 -1.414037135458338534e+00 -8.391734888289699157e-01 1.282283138397067278e-02 -5.437126479114776645e-01 -2.085876001285911485e+01
-5.430765446200384039e-01 8.384396583367688047e-03 8.396413256483701293e-01 7.889259048634036731e+01 9.642043086728344439e-03 9.999464876165840010e-01 -3.748718700209842207e-03 -1.455736387221918449e+00 -8.396278397267932236e-01 6.060017629850989948e-03 -5.431283271929960854e-01 -2.139458546862415034e+01
-5.414236238596538131e-01 3.362945070432344849e-03 8.407432052960961411e-01 7.966759362673724354e+01 1.091862978351336878e-03 9.999939694503879872e-01 -3.296800975348721397e-03 -1.486899984751390402e+00 -8.407492366696561747e-01 -8.669886213151233338e-04 -5.414240318337588675e-01 -2.185564965232728696e+01
-5.397897967692522059e-01 4.546924386185864468e-03 8.417875550745890223e-01 8.046519939697620316e+01 5.055131297021634752e-03 9.999848902005026297e-01 -2.159863307818300510e-03 -1.505621605175611721e+00 -8.417846711463221610e-01 3.089475405181400965e-03 -5.398046271360881221e-01 -2.235223433202438414e+01
-5.363974296901573569e-01 7.083810720912398634e-03 8.439357819674244698e-01 8.127658259430747023e+01 9.730730802073202929e-03 9.999502162313024245e-01 -2.208601408691563805e-03 -1.524456723797309676e+00 -8.439094275957220725e-01 7.027424791806643686e-03 -5.364396576458517751e-01 -2.286989270660720663e+01
-5.314451839808663758e-01 1.025664506151075135e-02 8.470305806806008864e-01 8.205504126573796952e+01 1.064621030001445742e-02 9.999285926958938475e-01 -5.428415742079460184e-03 -1.552368236501942667e+00 -8.470257885146329491e-01 6.132761283684402820e-03 -5.315164305039873360e-01 -2.335899207575059577e+01
-5.237728221402984108e-01 1.255358345890786494e-02 8.517654754388794824e-01 8.283658749922005882e+01 1.619323888875707704e-02 9.998574620063489515e-01 -4.778562270224029872e-03 -1.571085310341400643e+00 -8.517040693332357248e-01 1.128996181822403133e-02 -5.239014489867367397e-01 -2.383233363639806512e+01
-5.152716178136212966e-01 1.454141723338061090e-02 8.569035498444370624e-01 8.363254386105272431e+01 2.297371883266222450e-02 9.997311046620521724e-01 -3.150646988735890906e-03 -1.609462155777295234e+00 -8.567189621956773360e-01 1.806282335767665781e-02 -5.154671353142081802e-01 -2.433156927570075112e+01
-5.057383360908677128e-01 1.506830621025887981e-02 8.625553130498949672e-01 8.438772428511713031e+01 2.262887891630240705e-02 9.997351250130294131e-01 -4.196857998382454852e-03 -1.624868463526188522e+00 -8.623900982100984880e-01 1.739614886234233312e-02 -5.059453587458266899e-01 -2.478011477687597974e+01
-4.942768067696398093e-01 1.198197545980560913e-02 8.692219836587932180e-01 8.526374200316085705e+01 1.814972035658900945e-02 9.998292877260904765e-01 -3.461650725109608352e-03 -1.653144535412790717e+00 -8.691150892713179754e-01 1.406512334685317694e-02 -4.944098983783410950e-01 -2.525492339621143500e+01
-4.830216899609763859e-01 8.932337179565531110e-03 8.755628170027303092e-01 8.606338873370889075e+01 1.992477443448039537e-02 9.998011681822241981e-01 7.921056792813729918e-04 -1.667882016525586986e+00 -8.753816670728522542e-01 1.782799697936768984e-02 -4.831036259150234824e-01 -2.570297566433033509e+01
-4.720310115239563231e-01 7.359971503566279695e-03 8.815512128875018227e-01 8.686431268590985155e+01 1.894332070506154000e-02 9.998189462262289107e-01 1.795921837445203697e-03 -1.703359561090955543e+00 -8.813784020553593335e-01 1.754723927166165418e-02 -4.720849720680467820e-01 -2.613082899063146769e+01
-4.595686017940974755e-01 6.428129684258969238e-03 8.881190039444690765e-01 8.772867439023855241e+01 1.831125372733051135e-02 9.998298285828409737e-01 2.238711979260546783e-03 -1.730423126913112730e+00 -8.879534961329701437e-01 1.729141528494521768e-02 -4.596081047161352240e-01 -2.654672305420796263e+01
-4.472663899763817952e-01 8.760688107868232558e-03 8.943578771022416829e-01 8.855627405826771792e+01 2.287410291739187806e-02 9.997369978538367397e-01 1.646359480144254451e-03 -1.728990333726060147e+00 -8.941082513178734148e-01 2.119399655525464055e-02 -4.473491520951392575e-01 -2.696030636128637781e+01
