7.775685053993274254e-01 -6.284362946897428248e-01 2.133173522440865930e-02 -6.595643297073571887e+01 6.274632598444922493e-01 7.776804899492585355e-01 3.876742314888533686e-02 2.571026320244545715e+01 -4.095213005914089682e-02 -1.675944715401497809e-02 9.990205423186814260e-01 -8.842084765345810116e-01 -4.809208017785018303e-24 -1.416202385148814181e-23 -3.430527606006730092e-24 9.999999999999997780e-01
7.496169135754491286e-01 -6.612861984653934933e-01 2.783965877676902040e-02 -6.555559058780164605e+01 6.605274602330909461e-01 7.501117589434674882e-01 3.218420999124135817e-02 2.609070042017624047e+01 -4.216582928914817952e-02 -5.736969053923377665e-03 9.990941547353955343e-01 -8.919334291436846751e-01 -4.809208017785018303e-24 -1.416202385148814181e-23 -3.430527606006730092e-24 9.999999999999997780e-01
7.211528748124252930e-01 -6.926829433828767257e-01 1.135214060030218484e-02 -6.520443852079509384e+01 6.923344520346965680e-01 7.211814463970538380e-01 2.388153886313232679e-02 2.648580857688968138e+01 -2.472928781005592075e-02 -9.362762364161492795e-03 9.996503393713835894e-01 -9.032476719754262140e-01 1.377060766582998567e-18 -3.220249789479209115e-19 2.163505665588071866e-20 9.999999999999996669e-01
6.909685332240277367e-01 -7.227463756850310839e-01 -1.414788070301553624e-02 -6.486675495936644609e+01 7.228809061315631945e-01 6.908969647428211402e-01 1.022641968476207912e-02 2.689763162052329193e+01 2.383620071860786775e-03 -1.729336703215045637e-02 9.998476172957799779e-01 -9.078844388013816991e-01 3.579051382891019679e-18 5.327539604911967386e-19 7.940799399303029958e-20 9.999999999999994449e-01
6.562135955550993938e-01 -7.540422306738995273e-01 -2.835544690137058871e-02 -6.452672654943263808e+01 7.540886219133229318e-01 6.566765381384134237e-01 -1.123719535368281584e-02 2.731781841030100821e+01 2.709367655956860382e-02 -1.400851951059561666e-02 9.995347388018146484e-01 -9.259232451081874649e-01 5.028226928336446305e-18 1.879982773537978108e-18 1.096105055511927691e-19 9.999999999999994449e-01
6.188165161309123752e-01 -7.850446240087252114e-01 -2.776792535638977766e-02 -6.419292456031850236e+01 7.843330865708719735e-01 6.194382545417731478e-01 -3.343438530097474215e-02 2.776879507062864150e+01 4.344799965257446772e-02 -1.089552771518941324e-03 9.990550956783883496e-01 -9.374694074693301626e-01 5.307407923030892238e-18 4.174637528444600444e-18 1.843703487655613293e-19 9.999999999999994449e-01
5.862277300159731697e-01 -8.098380189308646004e-01 -2.234796756869661394e-02 -6.387454476711634754e+01 8.088748345039077359e-01 5.866298150335609307e-01 -3.983669439059302209e-02 2.825938301883402204e+01 4.537125374723226939e-02 5.276666355309165939e-03 9.989562583644918670e-01 -9.620601614856684192e-01 4.141268156966857956e-18 4.564154456963564485e-18 2.678085774727271138e-19 9.999999999999993339e-01
5.572783249775581371e-01 -8.301752690079271524e-01 -1.580794856468113047e-02 -6.356486544607643907e+01 8.298329961085839646e-01 5.575024620630273375e-01 -2.383701665719137330e-02 2.876144806260967002e+01 2.860187196070538770e-02 1.658953954218035870e-04 9.995908690054488011e-01 -9.304198176761264705e-01 3.217622199095637060e-18 5.437969683245011329e-18 3.052291346300575436e-19 9.999999999999992228e-01
5.286992534435110969e-01 -8.487725092823135142e-01 -7.894738430168862439e-03 -6.328567501012580720e+01 8.487322185762766757e-01 5.287537042150277644e-01 -8.552276274609100365e-03 2.927521180521710420e+01 1.143330918243583121e-02 -2.178936781288559263e-03 9.999322635437108975e-01 -8.750452614067358859e-01 2.903287589822425670e-18 8.807091590905933539e-18 3.389522191845285646e-19 9.999999999999991118e-01
4.986642976266687510e-01 -8.667725765686975503e-01 -6.262489997156116782e-03 -6.300751367709719375e+01 8.667577030452183751e-01 4.986969129599828632e-01 -5.698527525259763742e-03 2.978854547694885824e+01 8.062411814741243452e-03 -2.586409219389374306e-03 9.999641533590524212e-01 -8.671085449775377541e-01 1.752148148989824333e-18 1.596117160164002095e-17 3.889007690643172629e-19 9.999999999999993339e-01
4.712963301827534091e-01 -8.819640829492894074e-01 -4.373276082107488069e-03 -6.274973615669847504e+01 8.818473127191638339e-01 4.713066922505753098e-01 -1.467374832151702689e-02 3.031993116212255046e+01 1.500287326637153064e-02 3.059121973170152251e-03 9.998827709119271212e-01 -8.625307898235133885e-01 1.792487985072185929e-18 2.341106655384551181e-17 4.192135597952627704e-19 9.999999999999996669e-01
4.456948593560557947e-01 -8.951683680344277860e-01 -5.448413913080325799e-03 -6.249956489527862402e+01 8.949202719781343962e-01 4.457028225077243611e-01 -2.160325927304469762e-02 3.085367606886228486e+01 2.176692780692560808e-02 4.752565542387965532e-03 9.997517761797778402e-01 -8.587432813295018397e-01 3.385597267562479002e-18 3.131073449946441605e-17 3.665527749523925041e-19 9.999999999999996669e-01
4.227165460565502908e-01 -9.062439618119768614e-01 -5.709936020343512990e-03 -6.226108542758503717e+01 9.060012343200306573e-01 4.227376686530004424e-01 -2.132198190577783148e-02 3.141251197098045722e+01 2.173672239737248213e-02 3.839945463969968338e-03 9.997563551777308710e-01 -8.540267852421857819e-01 4.968712289972569089e-18 4.169742422184354882e-17 2.703843153773417201e-19 9.999999999999995559e-01
4.031490046292353080e-01 -9.151208846888506665e-01 -4.964521402577047604e-03 -6.202972692743670535e+01 9.150132975096003651e-01 4.031779794747733514e-01 -1.407772166316096848e-02 3.198626813666194835e+01 1.488440281094498448e-02 1.132816376820542682e-03 9.998885794327418974e-01 -8.488772869626621809e-01 6.926630977947984341e-18 5.391709735367621361e-17 1.887964327679253334e-19 9.999999999999995559e-01
3.857654421749284190e-01 -9.225941860088513469e-01 -2.234181338348394889e-03 -6.180165825486067632e+01 9.225792906768791601e-01 3.857719098648501044e-01 -5.242706681291648720e-03 3.256834807394869813e+01 5.698775104988199232e-03 -3.875437327638433903e-05 9.999837610983545177e-01 -8.421114745020943371e-01 1.001692608728960758e-17 6.365773344693485963e-17 1.307847365145846905e-19 9.999999999999993339e-01
3.696913841869067796e-01 -9.291536352880129801e-01 1.342568078582354095e-03 -6.157721195975726403e+01 9.291529390166235469e-01 3.696930717471538230e-01 1.359639251007067288e-03 3.316220868078920603e+01 -1.759651869754386231e-03 7.448041593436009831e-04 9.999981744443695586e-01 -8.398264481557475847e-01 1.336793565049503467e-17 7.188557951473051581e-17 1.050231109395810379e-19 9.999999999999992228e-01
3.555494460962714820e-01 -9.346555770314105560e-01 1.882473033798996330e-03 -6.135998078979163495e+01 9.346503792618727768e-01 3.555538733788701222e-01 3.179885356870250281e-03 3.376131910940338798e+01 -3.641418161817885479e-03 6.288476577040672932e-04 9.999931722888939500e-01 -8.397998630686617227e-01 1.746514393771219744e-17 8.041632661273126436e-17 9.340206967468408228e-20 9.999999999999990008e-01
3.424332676684892496e-01 -9.395420569715414727e-01 4.247064551890846764e-04 -6.115621841684242099e+01 9.395400130591335941e-01 3.424334175315519313e-01 1.979499548419182478e-03 3.435969612662884742e+01 -2.005256760394278324e-03 -2.788177902605649917e-04 9.999979506008888075e-01 -8.455484537037540882e-01 2.188503246087292800e-17 9.094752611785501851e-17 9.158381214088964787e-20 9.999999999999988898e-01
3.303278431780704572e-01 -9.438558857618677411e-01 -4.425260897547934717e-03 -6.096250216070505701e+01 9.438661834521789862e-01 3.303223026061060108e-01 1.950419536619491358e-03 3.497225976709638218e+01 -3.791525900326253020e-04 -4.821131992974604652e-03 9.999883063964466468e-01 -8.511034496212386280e-01 2.650133148726965097e-17 1.030478418377415568e-16 9.128017331686801186e-20 9.999999999999987788e-01
3.199502249977845825e-01 -9.474071535574122294e-01 -7.179060670863909692e-03 -6.076467905897942501e+01 9.474343296681033699e-01 3.199427186668813428e-01 2.201758011391091036e-03 3.560158391635916075e+01 2.109268981162580462e-04 -7.506141505484074765e-03 9.999718062773357286e-01 -8.565148757408438396e-01 3.144641866094610465e-17 1.153049018954229679e-16 1.397773938067572711e-19 9.999999999999984457e-01
3.116346935438922827e-01 -9.501550152984431508e-01 -9.447998890033549452e-03 -6.057033816568046802e+01 9.502019278353774911e-01 3.116228033617665094e-01 2.743130114170291584e-03 3.622921391728542773e+01 3.378130646758962163e-04 -9.832361271979445441e-03 9.999516041060010352e-01 -8.617880056583850923e-01 3.627356587992694750e-17 1.300157935024187497e-16 2.398200015197236123e-19 9.999999999999983347e-01
3.056858688473246821e-01 -9.520679820429892581e-01 -1.107732619601457281e-02 -6.037308432669860281e+01 9.521305906916334161e-01 3.056874122499753654e-01 1.595073993820793692e-03 3.687250747688372599e+01 1.867580301002304656e-03 -1.103465271397514359e-02 9.999373723305453598e-01 -8.559721043668819807e-01 4.196747563692331139e-17 1.425421175276870784e-16 3.672349399808081250e-19 9.999999999999981126e-01
3.011474783504547448e-01 -9.534928944702536491e-01 -1.270812645145676448e-02 -6.017390837937310266e+01 9.535750276764984878e-01 3.011507484140302782e-01 1.700976589703399921e-03 3.752278101240774788e+01 2.205192699854031848e-03 -1.263039684339011155e-02 9.999178017220966552e-01 -8.599379880181465818e-01 4.766072981999537533e-17 1.555810539719993509e-16 4.861326288614555634e-19 9.999999999999977796e-01
2.977609954057453545e-01 -9.545563290679299762e-01 -1.267297326370962415e-02 -5.997211007632044044e+01 9.546365579831473935e-01 2.977714524530647444e-01 1.097390540748567839e-03 3.817680361308546821e+01 2.726128569503279142e-03 -1.242484367564621398e-02 9.999190924683225568e-01 -8.667074107118811765e-01 5.475657844090629631e-17 1.668305346351888521e-16 6.104058035908651261e-19 9.999999999999975575e-01
2.956252152712414705e-01 -9.552307855076473952e-01 -1.182702474334152223e-02 -5.977220345123762968e+01 9.552945356274686883e-01 2.956547386362342600e-01 -7.910260110425794064e-04 3.883191944847852284e+01 4.252328307222771192e-03 -1.106444487524969357e-02 9.999297454139398633e-01 -8.681266737754762541e-01 6.151605978044188467e-17 1.798977706521423190e-16 7.563509154215975364e-19 9.999999999999976685e-01
2.949727399483960122e-01 -9.554433540317976981e-01 -1.091237480149079807e-02 -5.956940516099383842e+01 9.554920971383501493e-01 2.950101825203467754e-01 -1.960743576849803202e-03 3.949999410396792143e+01 5.092641101380889108e-03 -9.848321978641263671e-03 9.999385358914988364e-01 -8.654073573313025847e-01 6.664709712515714931e-17 1.948664958615547228e-16 8.719564370844415627e-19 9.999999999999975575e-01
2.945384814919042027e-01 -9.555799749828234324e-01 -1.067681283305072122e-02 -5.936150362238190326e+01 9.556282926877736061e-01 2.945710042283334884e-01 -1.577872764515416163e-03 4.018250861698352594e+01 4.652863095032809017e-03 -9.738320170952628752e-03 9.999417562964775241e-01 -8.630345967350168124e-01 7.177269166258981056e-17 2.086213683215880336e-16 9.230133383030953361e-19 9.999999999999974465e-01
2.936387790488801386e-01 -9.558381317768502861e-01 -1.223655507180166843e-02 -5.915169724726113287e+01 9.559116617925936810e-01 2.936537820821948364e-01 5.925518014531635722e-04 4.087229183507937336e+01 3.026927069611458528e-03 -1.187106188081022383e-02 9.999249549853005403e-01 -8.646507445013872362e-01 7.674212241508614003e-17 2.247403394784984201e-16 9.888921332106534124e-19 9.999999999999973355e-01
2.930225800929969204e-01 -9.560446493180710936e-01 -1.078870084537925794e-02 -5.894298387105382631e+01 9.561052770225608732e-01 2.929957860490094990e-01 4.021020644284586769e-03 4.156440235121092996e+01 -6.832313871238169080e-04 -1.149338365428658956e-02 9.999337154667136129e-01 -8.661115289939463890e-01 8.275118850357592287e-17 2.397299409838979519e-16 1.080591807312962892e-18 9.999999999999970024e-01
2.922475796010013394e-01 -9.563206176848587647e-01 -6.498338880663672400e-03 -5.873006510191149232e+01 9.563383279424891859e-01 2.922189607039054615e-01 5.008144683838119775e-03 4.226558883281622769e+01 -2.890454183490924478e-03 -7.678228701687421325e-03 9.999663444729720574e-01 -8.714224163924622069e-01 8.867721351230111200e-17 2.543762708339494680e-16 1.166759921434036882e-18 9.999999999999965583e-01
2.919682978736742873e-01 -9.564259615025975103e-01 -1.973119505332388522e-03 -5.850961231694091680e+01 9.564271683207142827e-01 2.919647083008698463e-01 1.918542333001582549e-03 4.296652665813588357e+01 -1.258862434704197683e-03 -2.447298640615272729e-03 9.999962129902076891e-01 -8.767841361376050857e-01 9.479178913291612192e-17 2.686624756149774327e-16 1.202743873458902558e-18 9.999999999999960032e-01
2.913519694002849603e-01 -9.566159083462848489e-01 1.839167987171334536e-04 -5.828270956721014784e+01 9.566122219946027183e-01 2.913503008803315364e-01 -2.838821473599807427e-03 4.368492547066177423e+01 2.662077567960526806e-03 1.003033284584967100e-03 9.999959536254517944e-01 -8.771059335873296892e-01 9.983821646333035981e-17 2.843067716622875701e-16 1.121680558476495769e-18 9.999999999999954481e-01
2.914659706202493150e-01 -9.565745141502727256e-01 -3.575870323003430516e-03 -5.806982789310535509e+01 9.565600980918362861e-01 2.914823336642191620e-01 -5.552287822267429861e-03 4.439879083178905717e+01 6.353480052640650411e-03 -1.802231907663360330e-03 9.999781923879129675e-01 -8.796877178641053785e-01 1.045545279152280715e-16 3.019056089479425175e-16 9.676739061191792242e-19 9.999999999999946709e-01
2.909772414040761590e-01 -9.566798286881073032e-01 -9.795425777852376226e-03 -5.784266032994146656e+01 9.566819637925843001e-01 2.910499587327272653e-01 -7.038584765494503362e-03 4.514931481267763758e+01 9.584630336076521012e-03 -7.323039190896386309e-03 9.999272513329944267e-01 -8.773721133705395525e-01 1.088266380177930133e-16 3.227829688320670725e-16 8.564922305175663151e-19 9.999999999999937828e-01
2.902621070707956941e-01 -9.569098579533915627e-01 -8.451801609373981936e-03 -5.762770659000054962e+01 9.568953653676296467e-01 2.903269790967925035e-01 -7.842508931074947814e-03 4.587658189540780285e+01 9.958360136411463157e-03 -5.811106621970107272e-03 9.999335288424183732e-01 -8.786387601176749440e-01 1.120766240840807498e-16 3.445180328007573957e-16 8.516168408544904473e-19 9.999999999999926725e-01
2.897497247111570084e-01 -9.570949847564639290e-01 -3.779839128353324178e-03 -5.739131590363815150e+01 9.570656121006783090e-01 2.897709620773910588e-01 -7.629133040121428497e-03 4.662314642029555500e+01 8.397092591464636047e-03 -1.407014850868613899e-03 9.999637539157366639e-01 -8.813223741080190576e-01 1.163842160399497947e-16 3.642396663257800386e-16 8.035497790870385511e-19 9.999999999999915623e-01
2.900391766499250679e-01 -9.570061124576648703e-01 -4.071452677459988859e-03 -5.715583390260373875e+01 9.570024318784657869e-01 2.900544172208651683e-01 -3.844532378348795333e-03 4.738776343800893187e+01 4.860183819228819889e-03 -2.781325107996552963e-03 9.999843212990497943e-01 -8.784339676412651343e-01 1.192625360929386331e-16 3.869400553398180778e-16 6.698999362591880731e-19 9.999999999999904521e-01
2.911634469435565586e-01 -9.566571574532992672e-01 -5.561497759106864489e-03 -5.692837823687908383e+01 9.566732789569184492e-01 2.911567471371592775e-01 1.996478440331106961e-03 4.815873507897661199e+01 -2.906777928861691918e-04 -5.901837841561665028e-03 9.999825417558795282e-01 -8.748311591139297239e-01 1.223326249425560152e-16 4.066808929274081622e-16 5.759148289518748733e-19 9.999999999999891198e-01
2.909593139134463158e-01 -9.567057977930816248e-01 -7.529549530039645819e-03 -5.669599921567009204e+01 9.567221040465564430e-01 2.909047179887762069e-01 7.567078725151376098e-03 4.894486702429728808e+01 -5.049086606083794636e-03 -9.405398503111979738e-03 9.999430209784363477e-01 -8.805558866409816110e-01 1.259063804035782264e-16 4.228192094390984786e-16 5.305900323540572478e-19 9.999999999999876765e-01
2.907881399040203041e-01 -9.567810709902768718e-01 -3.498554825267594787e-03 -5.645045690665049420e+01 9.567561167307944148e-01 2.907470672847637938e-01 9.158382135903564078e-03 4.973125809859571689e+01 -7.745372113339421549e-03 -6.010412634633190317e-03 9.999519409205769316e-01 -8.981223778554727755e-01 1.287331275122683424e-16 4.395026841322814547e-16 5.722823082272851261e-19 9.999999999999862332e-01
2.901431805391858632e-01 -9.569795632764473980e-01 2.655232161944031527e-03 -5.620570208979899007e+01 9.569483504193623258e-01 2.901551781873514257e-01 7.734804493400024468e-03 5.051143779350615404e+01 -8.172479187193005742e-03 2.967192607781862931e-04 9.999665607117367294e-01 -9.080546440385974805e-01 1.321341852424896056e-16 4.548963450944933323e-16 5.833602457379851765e-19 9.999999999999849010e-01
2.893480400712585277e-01 -9.572227606247092346e-01 1.515997672211145519e-03 -5.596367588579811780e+01 9.572043736810770254e-01 2.893518879846024294e-01 5.939017206766269465e-03 5.130717164170862077e+01 -6.123619234686010493e-03 -2.673233864075885723e-04 9.999812147364186554e-01 -9.098128180479675420e-01 1.360841792552525873e-16 4.693843090310652834e-16 5.067286943882521738e-19 9.999999999999833467e-01
2.899201058702671752e-01 -9.570266136407765689e-01 -6.811240375521623869e-03 -5.573489808156153202e+01 9.570462042377463341e-01 2.898891772079821294e-01 5.179564809460418182e-03 5.211230440420548859e+01 -2.982476501498645960e-03 -8.020331725476465695e-03 9.999633888863040942e-01 -9.197115887127097489e-01 1.418887004010528034e-16 4.842164321908952660e-16 4.393843026840187718e-19 9.999999999999817923e-01
2.893538614885651783e-01 -9.571813268323104973e-01 -8.845925910202065770e-03 -5.549351500180785024e+01 9.572207661854958971e-01 2.893570747189459502e-01 9.423869458831483090e-04 5.290690604569979172e+01 1.657596057312363518e-03 -8.740187279203743415e-03 9.999604299679509811e-01 -9.286837411190094205e-01 1.476957374817887932e-16 5.023557046548887629e-16 4.996187366013266755e-19 9.999999999999805711e-01
2.882042022819931715e-01 -9.575361323761912846e-01 -7.930509508398622329e-03 -5.524807479609285110e+01 9.575516091082372228e-01 2.882389670072398324e-01 -3.635078077437497307e-03 5.371027735415191273e+01 5.766600471701828837e-03 -6.546227363287011533e-03 9.999619458891253476e-01 -9.297176485196747553e-01 1.551563987329602084e-16 5.178944000665108517e-16 5.323644307422816837e-19 9.999999999999791278e-01
2.883828281822234385e-01 -9.574655824614620725e-01 -9.746938564272868144e-03 -5.500274029732675274e+01 9.574882223580643004e-01 2.884361662864188824e-01 -4.569685261281618283e-03 5.452404665998782463e+01 7.186685952871375502e-03 -8.014760119800614854e-03 9.999420559038900702e-01 -9.275655991233289210e-01 1.635198519319058566e-16 5.349154733933026866e-16 4.999797532309293889e-19 9.999999999999774625e-01
2.888683666602396838e-01 -9.572473259640501553e-01 -1.525200569577617703e-02 -5.476887936901143661e+01 9.573541848262132614e-01 2.889153930715077645e-01 -9.276000579432022069e-04 5.535162623165627593e+01 5.294481895759326276e-03 -1.433361716620608697e-02 9.998832511250763666e-01 -9.267438973029367144e-01 1.716633984474148646e-16 5.505586913202001951e-16 5.003755124507453290e-19 9.999999999999756861e-01
2.892738744499551706e-01 -9.571667021584866486e-01 -1.235029715368147867e-02 -5.452238977996276503e+01 9.572463750736021071e-01 2.892490624619517559e-01 3.789099249139297500e-03 5.618084432444685916e+01 -5.448775961497686503e-05 -1.291836460193103442e-02 9.999165529618774251e-01 -9.274757542492988449e-01 1.796755108226148461e-16 5.675514111396836842e-16 6.297347322403114546e-19 9.999999999999736877e-01
2.879787001325406215e-01 -9.576179006229798008e-01 -6.018693914644363159e-03 -5.426457707130282415e+01 9.576216023439310110e-01 2.879330131226922607e-01 7.446252622137767077e-03 5.700993580336226074e+01 -5.397684129606250894e-03 -7.907993461554706227e-03 9.999541632722570572e-01 -9.341931673259040725e-01 1.879328701770957035e-16 5.842826512485178449e-16 7.478405719650685274e-19 9.999999999999713562e-01
2.876009404704630290e-01 -9.577067714090238271e-01 -9.134497131302238282e-03 -5.401674132800206252e+01 9.577195648521816818e-01 2.875021734392433914e-01 1.075803731338695335e-02 5.784505172850367671e+01 -7.676857403570393722e-03 -1.184230826669479229e-02 9.999004078383988414e-01 -9.437730443664861246e-01 1.974630227853133939e-16 5.991272456055075802e-16 8.232551658485151066e-19 9.999999999999690248e-01
2.881315879199836671e-01 -9.575374737624458010e-01 -1.010813451526282845e-02 -5.376847957316206106e+01 9.575636696480103183e-01 2.880278695008252066e-01 1.057189485490457083e-02 5.867552050179991596e+01 -7.211561043181472300e-03 -1.272527923161194049e-02 9.998930246060707683e-01 -9.595503520153623178e-01 2.072809615016770120e-16 6.154095823016732208e-16 9.830234839426595977e-19 9.999999999999665823e-01
2.864147020507645247e-01 -9.580884787381590550e-01 -5.751987344657299300e-03 -5.351425899528937435e+01 9.581023515439994753e-01 2.863925479126841478e-01 4.380920645738816538e-03 5.950759329309058643e+01 -2.549983285744538298e-03 -6.765752682438868314e-03 9.999738607463521944e-01 -9.581796338669575919e-01 2.180930323481564845e-16 6.300087809391150235e-16 1.108704236426337499e-18 9.999999999999639178e-01
2.858873622412247406e-01 -9.582481544710543808e-01 -5.374994290083017628e-03 -5.326151599946425819e+01 9.582604882153893389e-01 2.858954626829669499e-01 -7.881257864559875533e-04 6.034712299566729143e+01 2.291906559848887106e-03 -4.925329450379775133e-03 9.999852440382370755e-01 -9.611055716175810337e-01 2.287394913635492681e-16 6.451553909446611876e-16 1.076251504459550675e-18 9.999999999999613642e-01
2.859075348071405398e-01 -9.582266443801502609e-01 -7.653727229923390149e-03 -5.301485027272185135e+01 9.582494291751292304e-01 2.859282812688576647e-01 -1.746269145997142490e-03 6.119470052070865052e+01 3.861738696110406273e-03 -6.834908242508885151e-03 9.999691850270437943e-01 -9.685088835097871440e-01 2.396986088804932072e-16 6.605002671367891471e-16 9.570265582502670835e-19 9.999999999999585887e-01
2.851745715172459006e-01 -9.584568635403865056e-01 -5.992035742007111726e-03 -5.276198886443629732e+01 9.584754207209466026e-01 2.851727034051732557e-01 1.181992444308454593e-03 6.203638121601593980e+01 5.758762605533463818e-04 -6.080293167652053334e-03 9.999813490268820715e-01 -9.704139691766501263e-01 2.497621737107175302e-16 6.762300906569390344e-16 8.429784981155058236e-19 9.999999999999557021e-01
2.843517992239272263e-01 -9.587173590170600113e-01 -2.253840616767293931e-03 -5.250200308578335751e+01 9.587139081836930643e-01 2.843408179526236701e-01 4.235740894487230804e-03 6.289051201329419882e+01 -3.420019439330919571e-03 -3.365228890532360150e-03 9.999884892845757323e-01 -9.719699123372627092e-01 2.595924378429684199e-16 6.919155956787482629e-16 7.480889214133994486e-19 9.999999999999525935e-01
2.837105068355899040e-01 -9.589099187350940134e-01 -3.406796272307320160e-04 -5.225592325282524087e+01 9.588895525911026452e-01 2.837021263941032490e-01 6.627926586523536466e-03 6.374119711595542270e+01 -6.258933009794354074e-03 -2.207086546478312285e-03 9.999779770208238050e-01 -9.652761432802740016e-01 2.705509896161139529e-16 7.043573545699177222e-16 6.562242184557735581e-19 9.999999999999493738e-01
2.834478612634788730e-01 -9.589725259697317039e-01 -5.385571506843775738e-03 -5.201588912611489945e+01 9.589814974874085740e-01 2.834214594426859302e-01 5.173374519318780368e-03 6.459782107398264372e+01 -3.434737494170361088e-03 -6.631045371489625861e-03 9.999721155190960387e-01 -9.666259429433665673e-01 2.823639481845752154e-16 7.140930515338442590e-16 5.760568107108881720e-19 9.999999999999460432e-01
2.834763707899542462e-01 -9.589712471424852724e-01 -3.910800149455562376e-03 -5.176082515629562408e+01 9.589787537060704414e-01 2.834779031887549317e-01 1.683561223633793698e-04 6.544630567174914404e+01 9.471767455352157966e-04 -3.798099235901389661e-03 9.999923386199116582e-01 -9.751740059732185717e-01 2.944238401364581539e-16 7.211444351123222654e-16 4.899454120984715772e-19 9.999999999999426015e-01
2.830760549422126626e-01 -9.590938788961428374e-01 -2.622705163226719816e-03 -5.150861652526972279e+01 9.590884023306188721e-01 2.830842093667815251e-01 -3.573082954969575200e-03 6.629624166026728460e+01 4.169368408436736374e-03 -1.503951877924439426e-03 9.999901771997268263e-01 -9.854257563284123389e-01 3.067307206669408007e-16 7.258156784226918657e-16 3.066506203086927346e-19 9.999999999999390488e-01
2.835569849479974147e-01 -9.589427727799734180e-01 -4.918823063345586707e-03 -5.125746939505763322e+01 9.589534329801510104e-01 2.835630342260788694e-01 -5.647971268486092194e-04 6.715713008553689178e+01 1.936404515545487670e-03 -4.556770092436338883e-03 9.999877430168830905e-01 -9.918034553254732044e-01 3.179108302340069803e-16 7.336413869197713789e-16 8.981483165497560937e-20 9.999999999999356071e-01
2.840026033208548628e-01 -9.588128789382734940e-01 -4.514918509834017595e-03 -5.101252162802398971e+01 9.588150306855212079e-01 2.839771414867542920e-01 5.542566575193912971e-03 6.801851537868569153e+01 -4.032150562194982378e-03 -5.903075065999290917e-03 9.999744474069008904e-01 -9.839988979427800597e-01 3.291042291941448525e-16 7.431048265758430440e-16 -7.053012710735816222e-20 9.999999999999320544e-01
2.831563421078815423e-01 -9.590673708714395618e-01 -3.502007125378127275e-03 -5.075670576691758384e+01 9.590404349222138025e-01 2.831141727888201176e-01 9.370664331410469283e-03 6.887781826801722218e+01 -7.995630553235948471e-03 -6.011929471842445381e-03 9.999499620462091176e-01 -9.798390458085074473e-01 3.396024862248360099e-16 7.511114186031958771e-16 -1.607925102111757423e-19 9.999999999999285016e-01
2.832813759429809175e-01 -9.590297963936001979e-01 -3.675822789730915242e-03 -5.051007770883919079e+01 9.589950910761381175e-01 2.832311997596691500e-01 1.041646649587070483e-02 6.972572871803872374e+01 -8.948594043829251679e-03 -6.475886972448387582e-03 9.999389909152947009e-01 -9.861009726434661893e-01 3.506384594086974216e-16 7.591425668786359359e-16 -2.134996924099116274e-19 9.999999999999250599e-01
2.835830204458801851e-01 -9.589375070809620372e-01 -4.419052865089806784e-03 -5.025387315575990499e+01 9.588928959724529744e-01 2.835145443012626054e-01 1.199655045811252353e-02 7.058895538208832932e+01 -1.025107643057688971e-02 -7.639416413121134959e-03 9.999182740349462639e-01 -1.004691476168718900e+00 3.608724605007426095e-16 7.663477099462519844e-16 -2.626540013032665636e-19 9.999999999999215072e-01
2.836786230510420226e-01 -9.588936699582750744e-01 -7.026274823894371885e-03 -5.001075046237993860e+01 9.588708697867106556e-01 2.835829216309728729e-01 1.214008374746342739e-02 7.144526841863671507e+01 -9.648517915456754357e-03 -1.018117249297032477e-02 9.999016200751218442e-01 -1.017614290955472178e+00 3.710039128668402390e-16 7.739678634053387051e-16 -3.273350616060084609e-19 9.999999999999179545e-01
2.838486210865283077e-01 -9.588214413428260974e-01 -9.560540185054075546e-03 -4.976564837579643097e+01 9.588520048702591225e-01 2.837699034470931303e-01 8.801968733339663592e-03 7.229037421395064200e+01 -5.726522782334651437e-03 -1.166556981190505077e-02 9.999155571436727508e-01 -1.028546019050875504e+00 3.808859020400134911e-16 7.829034638591168466e-16 -3.757533405180389499e-19 9.999999999999144018e-01
2.836820559370127892e-01 -9.588724237425245711e-01 -9.389681867684721364e-03 -4.951535543278927065e+01 9.589165375532792135e-01 2.836871865039918283e-01 8.088386389883082126e-04 7.313418399693625815e+01 1.888159365030568854e-03 -9.233374233334767228e-03 9.999555888411439941e-01 -1.021945683531608084e+00 3.902375522988805074e-16 7.897319279907260760e-16 -4.651693264838555947e-19 9.999999999999105160e-01
2.834930809518146910e-01 -9.589329773671616541e-01 -8.900447757897278489e-03 -4.926128204744617989e+01 9.589354398298118864e-01 2.835529223262079346e-01 -6.368867900209823629e-03 7.397436974778256058e+01 8.631065429770217942e-03 -6.729424802214221610e-03 9.999401079822445304e-01 -1.018927054585571090e+00 3.996272129617011149e-16 7.979928475655996574e-16 -6.562748002388589749e-19 9.999999999999068523e-01
2.835625465824093139e-01 -9.589046535898987367e-01 -9.702963435419141927e-03 -4.900854756558968006e+01 9.589183619820851323e-01 2.836244864047485770e-01 -5.720643747775699083e-03 7.482945823598909385e+01 8.237549932247461779e-03 -7.682189494672975183e-03 9.999365613556947530e-01 -1.016187322746571198e+00 4.091756392191525123e-16 8.060006631795167580e-16 -9.384935967468622140e-19 9.999999999999032996e-01
2.838211076202324934e-01 -9.588415896253857928e-01 -8.269514736891227236e-03 -4.875752049151162026e+01 9.588750141458149967e-01 2.838285114132633735e-01 2.887134233184469314e-04 7.568664086911070399e+01 2.070293620124075747e-03 -8.011374023925727644e-03 9.999657652993676482e-01 -1.010484250379175775e+00 4.191899539573388974e-16 8.143460584118132879e-16 -1.223923683170659115e-18 9.999999999998996358e-01
2.835411091842942599e-01 -9.589313128284052690e-01 -7.428100687886101360e-03 -4.850619835458166307e+01 9.589467619540894550e-01 2.834878373457766498e-01 7.466847689772743678e-03 7.654487792059219942e+01 -5.054417858242050629e-03 -9.240311378205069009e-03 9.999445332146815746e-01 -1.009335461036042991e+00 4.291167556275433386e-16 8.223987939065499716e-16 -1.451996579157725830e-18 9.999999999998959721e-01
2.834343672120443469e-01 -9.589644421667090635e-01 -7.222059477804011057e-03 -4.825553179086755762e+01 9.589479378681556865e-01 2.833415220214584029e-01 1.168051182997168792e-02 7.739958881080960396e+01 -9.154886186672277562e-03 -1.023623752266192982e-02 9.999056993039260322e-01 -1.011908041211490250e+00 4.392601286378387102e-16 8.267509999569864631e-16 -1.623527201510053915e-18 9.999999999998920863e-01
2.832019669492735758e-01 -9.590351793742506459e-01 -6.940507097033568953e-03 -4.800355968145677110e+01 9.590157551503460942e-01 2.831116572094423134e-01 1.168635636818253325e-02 7.825382887539086596e+01 -9.242688409668593091e-03 -9.965654764747512717e-03 9.999076249515559400e-01 -1.023655059057855476e+00 4.485154042222612230e-16 8.297656905846356228e-16 -1.767939718686617319e-18 9.999999999998879785e-01
2.837832513495793241e-01 -9.588391538253276947e-01 -9.723340223170798269e-03 -4.775969973169365090e+01 9.588699210541808959e-01 2.837001328694508939e-01 9.094454740587417860e-03 7.910465181419631620e+01 -5.961606374712940734e-03 -1.190427240773101955e-02 9.999113698463828470e-01 -1.034412674714560110e+00 4.568852736954921549e-16 8.366875841592254746e-16 -1.908248311553874965e-18 9.999999999998838707e-01
2.841873506250423009e-01 -9.586847692155260336e-01 -1.269106059394520952e-02 -4.750904145364963682e+01 9.587615717985057406e-01 2.841090361462054736e-01 7.635707049838578835e-03 7.995283534694441130e+01 -3.714591057847855572e-03 -1.433767255950515150e-02 9.998903104636273076e-01 -1.038951599985779017e+00 4.658055769069823711e-16 8.464719605046611117e-16 -2.025335931080441392e-18 9.999999999998798739e-01
2.834240885680121558e-01 -9.589116626006374267e-01 -1.261781866971638071e-02 -4.725699825066560322e+01 9.589901968722300829e-01 2.833580242744722089e-01 6.784716784153087613e-03 8.080532440895147772e+01 -2.930583882857583106e-03 -1.402331658093201872e-02 9.998973738691293578e-01 -1.041212339079907512e+00 4.746867567001944586e-16 8.576820637362282524e-16 -2.152454821186861672e-18 9.999999999998758771e-01
2.825192189914618734e-01 -9.591846228975647870e-01 -1.215524978857203744e-02 -4.701001070346380573e+01 9.592514083308734119e-01 2.824350029533976292e-01 8.197848593174692292e-03 8.165929178010007661e+01 -4.430182301475631308e-03 -1.397599026027756750e-02 9.998925168142975828e-01 -1.050436944447579402e+00 4.827641847358567448e-16 8.710853193876349634e-16 -2.292878866966611914e-18 9.999999999998721023e-01
2.823340067274681675e-01 -9.592223178812702145e-01 -1.341840243145620351e-02 -4.675559294125924481e+01 9.592833578926099891e-01 2.821810485036036487e-01 1.221863884748009693e-02 8.251642064514267361e+01 -7.933972209275471157e-03 -1.632178740458971669e-02 9.998353121095079343e-01 -1.052140348467500708e+00 4.886153789313646280e-16 8.872652017146071197e-16 -2.439348817498486882e-18 9.999999999998682165e-01
2.821231143364324456e-01 -9.592898107929178630e-01 -1.302333544521564954e-02 -4.651056138860666067e+01 9.593330804161527281e-01 2.819521831604669404e-01 1.352801648040521942e-02 8.336875296479328767e+01 -9.305330509074248579e-03 -1.631028265022164622e-02 9.998236772072398582e-01 -1.057182282733566181e+00 4.950285204628058095e-16 9.014931583485621006e-16 -2.551411020698216961e-18 9.999999999998639977e-01
2.812056216010443421e-01 -9.595751228057917137e-01 -1.178906579597279597e-02 -4.625230213672555379e+01 9.596062391710745709e-01 2.810583295563371942e-01 1.273110877070682961e-02 8.422515436607459094e+01 -8.903040122451804858e-03 -1.489292044737469158e-02 9.998494570670882764e-01 -1.064328980727822227e+00 5.021798467413147354e-16 9.148062144608228996e-16 -2.717617604164456466e-18 9.999999999998594458e-01
2.805242071478262766e-01 -9.597490919105363671e-01 -1.370583018676496158e-02 -4.601189361110491660e+01 9.598188514636535329e-01 2.803781349444629534e-01 1.165649259566874443e-02 8.507812598729348963e+01 -7.344493077917896642e-03 -1.642504253176560458e-02 9.998381250980017398e-01 -1.077499873276070108e+00 5.080802627001793875e-16 9.289970402660045375e-16 -2.884722822036356022e-18 9.999999999998550049e-01
2.796892335373969973e-01 -9.599996265465359224e-01 -1.321550884008889336e-02 -4.576525284727912890e+01 9.600659742404348274e-01 2.795570078123658653e-01 1.100929100028622508e-02 8.593885000374102390e+01 -6.874427140757686551e-03 -1.576694053132811010e-02 9.998520619761712691e-01 -1.091650810579330999e+00 5.141509696322222045e-16 9.441684875411899708e-16 -2.992912604059238797e-18 9.999999999998506750e-01
2.782402448851937216e-01 -9.604694506531415987e-01 -8.988909189093440347e-03 -4.551146976909178221e+01 9.604959103340489079e-01 2.781701997307134411e-01 8.303385628693838241e-03 8.677712833485057331e+01 -5.474701568855964290e-03 -1.094414656521684737e-02 9.999251238462445457e-01 -1.092032669865975247e+00 5.195216645200751741e-16 9.615837684253926611e-16 -3.088562674036146827e-18 9.999999999998463451e-01
2.769471874255428623e-01 -9.607820248312998190e-01 -1.407679431834868607e-02 -4.527404018956833198e+01 9.608845437888865471e-01 2.769009529612193043e-01 5.172596672767610509e-03 8.762474558119926371e+01 -1.071860143504442704e-03 -1.495871018683195275e-02 9.998875377289283550e-01 -1.094067879322021097e+00 5.263025502503583471e-16 9.758356251262302635e-16 -3.348404695398015446e-18 9.999999999998419042e-01
2.764675996340009156e-01 -9.607747750347330751e-01 -2.185172784257394252e-02 -4.504214539398627437e+01 9.610142997908663887e-01 2.764916243770167981e-01 1.974144464632058681e-03 8.848001500473228020e+01 4.145111522744928008e-03 -2.154560991334703371e-02 9.997592733974361989e-01 -1.103482694879531989e+00 5.332673606183083568e-16 9.900417000545259674e-16 -3.582828156818291939e-18 9.999999999998377964e-01
2.750497633029024835e-01 -9.611496409375241967e-01 -2.321627517115655223e-02 -4.480125371348662355e+01 9.614151498755222347e-01 2.750994875587637889e-01 1.086984020956998764e-03 8.932655351883461492e+01 5.342031101160287301e-03 -2.261945337093554040e-02 9.997298750328318384e-01 -1.104609900010653956e+00 5.413840957009493443e-16 1.004624762599460839e-15 -3.801997078870809609e-18 9.999999999998334665e-01
2.738146862660056913e-01 -9.615402629218589015e-01 -2.158333536206635123e-02 -4.456606973059186316e+01 9.617795253436136615e-01 2.738004146853842968e-01 3.671177937035705399e-03 9.018113132070629945e+01 2.379540773618542791e-03 -2.176363247494505701e-02 9.997603123186338259e-01 -1.094964760796854897e+00 5.500858341576112253e-16 1.015543915706695733e-15 -4.154470524117515005e-18 9.999999999998289146e-01
2.734040485058510384e-01 -9.617215636352715036e-01 -1.848946455907625117e-02 -4.432964536525356891e+01 9.618975959341137250e-01 2.733170801529041238e-01 7.126614369844461346e-03 9.103754938933253982e+01 -1.800332248311272343e-03 -1.973341673036865460e-02 9.998036562586647413e-01 -1.086883851079054608e+00 5.612731478119433820e-16 1.027518629347110149e-15 -4.496351949180006370e-18 9.999999999998244737e-01
2.721685227683832142e-01 -9.620535200170621248e-01 -1.942472231466204485e-02 -4.409603315117577438e+01 9.622408003108356978e-01 2.720242349031361528e-01 9.770252915383607559e-03 9.188921250885222491e+01 -4.115510982844769287e-03 -2.135041564895923116e-02 9.997635832141628098e-01 -1.090002219237610648e+00 5.753417420102319390e-16 1.036724493677293246e-15 -4.873123445588554009e-18 9.999999999998199218e-01
2.713524883202497739e-01 -9.623205886817344235e-01 -1.751889499360203065e-02 -4.386257011244134674e+01 9.624659387106777597e-01 2.712050313576067628e-01 1.035122155063534881e-02 9.274219381897941616e+01 -5.209981150086195889e-03 -1.967016944013984248e-02 9.997929488303417545e-01 -1.098596125142569990e+00 5.902376689036958686e-16 1.043450505540025119e-15 -5.250792653118225664e-18 9.999999999998154809e-01
2.699290594793143372e-01 -9.627749106742070628e-01 -1.423988149656332629e-02 -4.362675191994352275e+01 9.628585648187097945e-01 2.697943061126108488e-01 1.069656692391663007e-02 9.359733875543142290e+01 -6.456547317196820006e-03 -1.659830611042939150e-02 9.998413920373903085e-01 -1.108553664427498253e+00 6.068720826558483054e-16 1.046913625934300058e-15 -5.647556609223879374e-18 9.999999999998110400e-01
2.690006598124924375e-01 -9.630317737725735405e-01 -1.443771883113932966e-02 -4.339783024030322167e+01 9.631034267691013229e-01 2.688296026388340421e-01 1.274496332445738261e-02 9.444729525797281156e+01 -8.392518420624547199e-03 -1.733342002459434608e-02 9.998145418951834840e-01 -1.117033316187358238e+00 6.224676963135259394e-16 1.051569154255297163e-15 -6.080167686803207494e-18 9.999999999998070432e-01
2.687623103137561920e-01 -9.630152817533075282e-01 -1.919342763980423291e-02 -4.317763803031601810e+01 9.631681874118905862e-01 2.685204511717534936e-01 1.427620606762730268e-02 9.529687416507152875e+01 -8.594376759204262750e-03 -2.232340503533417411e-02 9.997138602000169572e-01 -1.114662617935537670e+00 6.377900177286513855e-16 1.052688888910539659e-15 -6.557591977264926757e-18 9.999999999998032685e-01
2.684147754816723630e-01 -9.630137613074062353e-01 -2.362210481394653658e-02 -4.296199591970277964e+01 9.632750997265466797e-01 2.681380840703254109e-01 1.424956551529133093e-02 9.614977433731709766e+01 -7.388541757350475074e-03 -2.657937929893694831e-02 9.996194005955749695e-01 -1.118637487527496921e+00 6.528022413747764646e-16 1.055049638505739596e-15 -6.981486934962699681e-18 9.999999999997991607e-01
2.687177171761650496e-01 -9.628600763259458351e-01 -2.629185983114109768e-02 -4.274185135071500241e+01 9.632051515062450830e-01 2.684675165649155204e-01 1.268970688237215649e-02 9.700337018522220944e+01 -5.159901822570547858e-03 -2.873440389713530566e-02 9.995737638844546247e-01 -1.128109816731030834e+00 6.693668934358987954e-16 1.058094135951302006e-15 -7.322383616789156036e-18 9.999999999997951639e-01
2.701834448165296720e-01 -9.624102655310424748e-01 -2.770174990318316835e-02 -4.249718996456027043e+01 9.627971734226782319e-01 2.699265347886672384e-01 1.269916004075660743e-02 9.784149560275334068e+01 -4.744364627892782085e-03 -3.010226931176990944e-02 9.995355643431811377e-01 -1.142150383941323843e+00 6.848082667893613541e-16 1.058674791990460570e-15 -7.756374014125520725e-18 9.999999999997908340e-01
2.714524612413444227e-01 -9.620722944669006793e-01 -2.702705136281007003e-02 -4.226981080730899265e+01 9.624210018204681916e-01 2.711118871893930526e-01 1.562561611406359380e-02 9.869445824191954841e+01 -7.705617447173739552e-03 -3.025301380145954677e-02 9.995125705142349215e-01 -1.152749416875806787e+00 6.999854694873675051e-16 1.059724195853224880e-15 -8.225686226339480943e-18 9.999999999997867262e-01
