1 0 0 0 0 1 0 0 0 0 1 0
1 -1.7347235e-18 -6.7762636e-21 -0.00092886969 0 1 8.6736174e-19 -0.0032407329 -1.9651164e-19 -8.6736174e-19 1 0.49998865
1 -1.7347235e-18 -6.7762636e-21 -0.0018577394 0 1 8.6736174e-19 -0.0064814658 -1.9651164e-19 -8.6736174e-19 1 0.99997731
1 -1.7347235e-18 -6.7762636e-21 -0.0027866091 0 1 8.6736174e-19 -0.0097221987 -1.9651164e-19 -8.6736174e-19 1 1.499966
0.99811825 0.0033105464 0.06122901 0.13769121 -0.0035077305 0.999989 0.0031132236 -0.0015104417 -0.061218035 -0.0033221402 0.99811889 1.2945964
0.99064695 0.00075442188 0.13644797 0.13879653 -0.001617747 0.99997937 0.0062163603 -0.021529754 -0.13644047 -0.0063789567 0.99062773 0.79772997
0.97751012 -0.0020252918 0.21087876 0.1024097 3.2425037e-05 0.99995532 0.0094533252 -0.043028112 -0.2108885 -0.0092338834 0.97746651 0.30225844
0.95878303 -0.0050126706 0.28409499 0.028746722 0.0014333325 0.99991698 0.012805575 -0.066079194 -0.28413562 -0.011870565 0.95871062 -0.18898553
0.93457295 -0.0081906009 0.35567724 -0.081762855 0.0025769499 0.99986458 0.016253905 -0.090747785 -0.35576224 -0.014273897 0.93446749 -0.67319345
0.90501858 -0.011540877 0.42521544 -0.22847841 0.0034567259 0.99979841 0.019778561 -0.1170894 -0.42535802 -0.016430112 0.90487603 -1.1475972
0.87028921 -0.015044307 0.49231121 -0.4105519 0.0040676207 0.99971886 0.023359353 -0.14514999 -0.49252427 -0.018326857 0.87010573 -1.6094847
0.83058382 -0.018680821 0.5565802 -0.62693275 0.0044061345 0.99962638 0.026975766 -0.17496562 -0.55687623 -0.019953267 0.8303558 -2.0562157
0.78612984 -0.022429586 0.61765423 -0.87637382 0.0044703282 0.9995215 0.030607083 -0.20656233 -0.61804524 -0.021300024 0.78585395 -2.4852367
0.74774615 -0.028327831 0.66338013 -0.76117556 0.0023282952 0.99919522 0.040043495 -0.15333125 -0.66398066 -0.028397825 0.74721033 -2.3103801
0.71455354 -0.032325881 0.69883348 -0.068509135 0.0049497847 0.99914047 0.041156027 -0.1034037 -0.69956328 -0.02594911 0.71409937 -1.7543631
0.66904137 -0.037708788 0.74226791 0.22291355 0.0038171879 0.99887323 0.04730427 -0.12337965 -0.74321539 -0.028815138 0.66843146 -1.6084277
0.62476716 -0.04238593 0.77965979 0.49479145 0.0070306518 0.99879041 0.048664996 -0.11178254 -0.7807795 -0.024922775 0.62430945 -1.4650207
0.57660035 -0.045373856 0.81576541 0.79565173 0.0078854314 0.99871927 0.04997638 -0.091067817 -0.81698832 -0.022383735 0.57621967 -1.2627007
0.52792315 -0.047409511 0.84796782 1.0068297 0.0075878272 0.99866416 0.051110889 -0.076188304 -0.84925829 -0.020548388 0.52757766 -1.2436652
0.4843821 -0.047980058 0.87353983 1.4912002 0.0037405291 0.99859943 0.052774941 -0.049005083 -0.87484859 -0.022295735 0.48388315 -0.94918729
0.43960319 -0.048638111 0.89687419 1.9898296 -0.00018598536 0.9985278 0.054242018 -0.020899851 -0.89819211 -0.024011769 0.43894695 -0.67965106
0.39044545 -0.049458965 0.91929652 2.5298161 -0.0026672288 0.9984909 0.054852523 -0.0031872771 -0.92062224 -0.023868892 0.38972431 -0.64249209
0.34014692 -0.050270918 0.9390276 3.0710287 -0.0051778683 0.99845481 0.055327953 0.014325684 -0.94035809 -0.023681793 0.33936103 -0.6345989
0.30894189 -0.051628689 0.94967853 3.3203892 -0.0065330582 0.99838677 0.056401964 0.022342863 -0.95105852 -0.023629234 0.3081062 -0.31693357
0.27243963 -0.051181781 0.96081059 3.7911029 -0.0071899603 0.99844802 0.055225429 0.0492141 -0.96214606 -0.021953785 0.27164881 -0.21820914
0.2357115 -0.048419267 0.97061608 4.4448019 -0.0055200471 0.99867524 0.051159528 0.065436028 -0.97180744 -0.017416735 0.23513196 -0.20779914
0.20538284 -0.046730124 0.9775654 4.9268802 -0.0035885605 0.99881674 0.048499935 0.086621821 -0.97867517 -0.013469106 0.20497212 -0.089001459
0.17409938 -0.043611014 0.98376186 5.4610804 -0.0029040411 0.99899175 0.044800105 0.1049207 -0.98472385 -0.010656555 0.1737972 -0.018118525
0.14495614 -0.04275147 0.98851401 6.0085121 -0.0012477285 0.99905741 0.04339042 0.13949041 -0.98943734 -0.0075231041 0.14476616 -0.029285899
0.13804272 -0.042817042 0.98950029 6.675888 0.00027030845 0.9990667 0.043193284 0.15638941 -0.99042628 -0.0056950473 0.13792546 0.13954159
0.13112254 -0.042869847 0.99043878 7.3444264 0.001789686 0.99907318 0.043006642 0.17304652 -0.99136459 -0.0038665651 0.13107774 0.30372993
0.11938247 -0.046217162 0.99177201 7.9621796 0.00079093311 0.99892007 0.046455059 0.19582017 -0.99284807 -0.0047614937 0.1192901 0.35167303
0.10762905 -0.049574303 0.99295433 8.5803778 -0.00024859074 0.99875465 0.049890836 0.22069591 -0.99419113 -0.0056165415 0.10748268 0.39227207
0.093791535 -0.050155024 0.99432768 9.2709946 -0.0010828921 0.99872454 0.050478952 0.24947255 -0.99559131 -0.0058112471 0.093617594 0.47894425
0.086060344 -0.052544016 0.99490334 10.079249 -0.0030024987 0.99859008 0.052998443 0.27356599 -0.99628544 -0.0075482596 0.085781241 0.57617519
0.077781167 -0.053311229 0.99554403 10.824186 -0.0071100279 0.99851423 0.054025783 0.28367888 -0.99694514 -0.011280534 0.077286556 0.54915612
0.063564986 -0.055430761 0.99643707 11.579239 -0.0035491793 0.99843742 0.055768448 0.33672615 -0.99797143 -0.0070814537 0.063268925 0.64169957
0.052304429 -0.058670844 0.99690616 12.326675 -0.0048833435 0.99824569 0.059005892 0.3700113 -0.99861929 -0.0079545039 0.051926159 0.66227659
0.038706917 -0.061802667 0.99733752 13.226103 -0.0068711591 0.99804546 0.062113208 0.41211311 -0.99922702 -0.0092570748 0.038206606 0.69945177
0.025108482 -0.064951327 0.99757246 14.125822 -0.0089011336 0.99783302 0.065192329 0.45699769 -0.99964515 -0.010516405 0.024475931 0.72427328
0.011511835 -0.068116195 0.99761093 15.025656 -0.010972862 0.99760841 0.068242642 0.50463938 -0.99987357 -0.011732245 0.010736872 0.73673247
-0.0020803141 -0.07129664 0.99745294 15.925427 -0.013085932 0.99737168 0.071263538 0.55501193 -0.99991225 -0.01290435 -0.0030078308 0.73682315
-0.017436499 -0.067513666 0.99756593 16.67268 -0.011016876 0.99767006 0.067328148 0.56036718 -0.99978732 -0.0098160922 -0.018139664 0.71394534
-0.03488301 -0.066647025 0.99716662 17.375493 -0.011070853 0.99773845 0.066297962 0.60639613 -0.99933012 -0.0087268117 -0.035541961 0.66905894
-0.05450303 -0.06565928 0.99635244 18.231107 -0.014240368 0.9977853 0.064974719 0.63083261 -0.9984121 -0.010647106 -0.055317335 0.61805375
-0.078452503 -0.065132533 0.99478785 18.95052 -0.018851911 0.99778195 0.063841839 0.66651792 -0.99673963 -0.0137451 -0.079506365 0.55994745
-0.10235848 -0.064680269 0.99264249 19.668359 -0.023434589 0.99776369 0.062597456 0.70130059 -0.99447154 -0.016854788 -0.10364533 0.48443359
-0.14227725 -0.064387073 0.98773043 20.682538 -0.025573814 0.99778808 0.06135893 0.74111183 -0.98949646 -0.016530054 -0.14360916 0.3025682
-0.18196569 -0.064081036 0.98121457 21.688622 -0.027661414 0.99781292 0.060035246 0.7794864 -0.98291577 -0.016217427 -0.18334029 0.079988916
-0.21048044 -0.062332027 0.97560885 22.316654 -0.027661773 0.99794539 0.057791293 0.80083431 -0.97720668 -0.014823133 -0.2117722 -0.072284228
-0.2388174 -0.060542995 0.96917528 22.940048 -0.02759677 0.99807456 0.055548089 0.82073169 -0.97067232 -0.013480257 -0.24002836 -0.2427326
-0.26695253 -0.058715458 0.96191931 23.558273 -0.02746646 0.99820033 0.053307537 0.83918137 -0.96331823 -0.012189936 -0.26808481 -0.43121319
-0.29486198 -0.056850965 0.95384711 24.170806 -0.027270953 0.99832259 0.051071535 0.85618738 -0.95515066 -0.010953265 -0.29591776 -0.63756771
-0.33264085 -0.046396379 0.94191155 25.521385 -0.02415774 0.99888051 0.040671109 0.89930223 -0.94274416 -0.009225581 -0.3333893 -0.94428917
-0.36986412 -0.035876264 0.92839289 26.859181 -0.020632835 0.99932492 0.030397368 0.92770356 -0.92885677 -0.0079124805 -0.37035466 -1.3041398
-0.40646929 -0.025308286 0.91331382 28.181948 -0.016702157 0.99965507 0.020267561 0.94152597 -0.91351181 -0.0070161685 -0.40675179 -1.7165656
-0.44239489 -0.014710188 0.89669967 29.487464 -0.012372305 0.99987042 0.010298698 0.94092854 -0.89673505 -0.00653815 -0.44251957 -2.1809242
-0.47758061 -0.0040997674 0.87857833 30.773533 -0.0076505511 0.99997061 0.00050751694 0.92609457 -0.87855466 -0.0064792275 -0.47759794 -2.696486
-0.51196737 0.0065051615 0.85898023 32.037996 -0.0025448224 0.99995545 -0.0090895413 0.89723126 -0.85900117 -0.0068395 -0.511928 -3.2624354
-0.54549741 0.017086792 0.83793828 33.278729 0.0029363078 0.99982499 -0.018476363 0.85456936 -0.8381074 -0.0076183626 -0.54545212 -3.8778723
-0.57811445 0.027627355 0.8154878 34.493645 0.0087836363 0.99957943 -0.027637185 0.79836279 -0.81590844 -0.0088145075 -0.57811398 -4.5418135
-0.60976372 0.038109154 0.7916665 35.680704 0.014987345 0.99921919 -0.036556628 0.72888824 -0.79244157 -0.010425926 -0.60985877 -5.2531942
-0.64039208 0.048514587 0.76651437 36.837912 0.021537017 0.99874488 -0.045219713 0.64644463 -0.76774618 -0.012449913 -0.64063317 -6.0108702
-0.66994809 0.058826184 0.74007364 37.963323 0.028421654 0.99815729 -0.053611896 0.55135271 -0.74186375 -0.01488307 -0.6703855 -6.8136194
-0.69838213 0.06902663 0.71238872 39.055046 0.035629698 0.99745741 -0.061719084 0.44395442 -0.71483772 -0.01772131 -0.69906582 -7.660144
-0.72564645 0.079098798 0.68350608 40.111248 0.043149044 0.99664641 -0.069527665 0.32461239 -0.68671349 -0.020959869 -0.72662597 -8.5490727
-0.75169529 0.089025775 0.65347423 41.130153 0.050967068 0.99572566 -0.077024527 0.1937093 -0.65753828 -0.024593309 -0.75301967 -9.4789631
-0.77648489 0.098790893 0.62234359 42.110049 0.059070641 0.99469669 -0.084197084 0.051647236 -0.62736107 -0.028615528 -0.77820259 -10.448304
-0.79997364 0.10837776 0.59016643 43.049289 0.067446158 0.99356125 -0.09103329 -0.10115297 -0.59623253 -0.033019774 -0.80213247 -11.455518
-0.82212209 0.11777027 0.55699678 43.946294 0.076079554 0.99232123 -0.097521667 -0.26425245 -0.56420493 -0.03779865 -0.82476911 -12.498964
-0.84289305 0.12695265 0.52289034 44.799557 0.084956334 0.99097872 -0.10365132 -0.43719507 -0.53133205 -0.042944133 -0.84607451 -13.576939
-0.86225165 0.1359095 0.48790437 45.607644 0.094061593 0.98953597 -0.10941196 -0.61950814 -0.49766909 -0.048447583 -0.86601289 -14.687685
-0.88016539 0.14462576 0.45209762 46.369197 0.10338004 0.98799541 -0.11479391 -0.81070326 -0.46327256 -0.054299759 -0.88455078 -15.829386
-0.89660418 0.15308681 0.4155302 47.082935 0.11289603 0.98635961 -0.11978814 -1.0102771 -0.42820023 -0.060490835 -0.90165705 -17.000175
-0.91154043 0.16127843 0.37826354 47.747658 0.12259359 0.98463134 -0.12438625 -1.2177122 -0.39251098 -0.067010415 -0.91730297 -18.198137
-0.92494905 0.16918687 0.34036018 48.362249 0.13245643 0.98281348 -0.12858054 -1.4324781 -0.35626475 -0.073847552 -0.93146228 -19.42131
-0.93680752 0.17679886 0.30188379 48.925675 0.14246799 0.9809091 -0.13236395 -1.6540318 -0.31952238 -0.080990766 -0.9441112 -20.667691
-0.94709594 0.18410161 0.26289896 49.436988 0.15261147 0.97892138 -0.13573013 -1.881819 -0.28234557 -0.088428064 -0.95522849 -21.935236
-0.95579704 0.19108286 0.22347115 49.895327 0.16286982 0.97685367 -0.13867344 -2.1152749 -0.24479676 -0.096146956 -0.96479548 -23.221868
-0.96289619 0.19773089 0.18366658 50.299923 0.17322582 0.97470945 -0.14118892 -2.3538253 -0.20693898 -0.10413448 -0.97279611 -24.525477
-0.96838149 0.20403453 0.14355206 50.650094 0.18366209 0.9724923 -0.14327236 -2.5968873 -0.1688358 -0.11237723 -0.97921695 -25.843923
-0.97224372 0.2099832 0.10319497 50.94525 0.19416111 0.97020595 -0.14492026 -2.8438705 -0.1305512 -0.12086136 -0.98404721 -27.175043
-0.9744764 0.21556691 0.062663054 51.184895 0.20470523 0.96785424 -0.14612984 -3.094178 -0.092149469 -0.12957263 -0.98727879 -28.516652
-0.97507577 0.22077629 0.02202438 51.368625 0.21527677 0.96544113 -0.14689909 -3.347207 -0.053695083 -0.13849641 -0.98890626 -29.866548
-0.97404083 0.22560259 -0.018652817 51.49613 0.22585796 0.96297065 -0.1472267 -3.6023505 -0.01525261 -0.14761771 -0.98892688 -31.222514
-0.97137332 0.2300377 -0.059300238 51.567195 0.23643105 0.96044697 -0.14711213 -3.8589978 0.0231134 -0.15692122 -0.98734062 -32.582323
-0.96707772 0.23407419 -0.099849632 51.581698 0.24697827 0.95787431 -0.14655557 -4.1165356 0.061338527 -0.16639132 -0.98415015 -33.943743
-0.96116124 0.23770526 -0.14023291 51.539614 0.25748192 0.955257 -0.14555795 -4.3743492 0.099358588 -0.17601211 -0.97936082 -35.304537
-0.95363382 0.24092483 -0.18038227 51.441012 0.26792436 0.95259944 -0.14412096 -4.6318234 0.13710974 -0.18576743 -0.97298067 -36.66247
-0.94450809 0.24372748 -0.22023029 51.286056 0.27828806 0.94990607 -0.14224699 -4.8883437 0.1745286 -0.1956409 -0.96502042 -38.015314
-0.93379937 0.24610852 -0.25971007 51.075005 0.28855562 0.94718144 -0.13993921 -5.143297 0.21155234 -0.20561595 -0.95549343 -39.360845
-0.92152566 0.24806394 -0.29875531 50.808212 0.29870979 0.9444301 -0.13720148 -5.3960728 0.24811879 -0.21567582 -0.9444157 -40.696856
-0.90770755 0.24959046 -0.33730045 50.486123 0.30873353 0.94165669 -0.13403839 -5.6460646 0.28416655 -0.22580363 -0.93180583 -42.021153
-0.89236825 0.25068552 -0.37528078 50.109278 0.31861 0.93886585 -0.13045527 -5.8926702 0.31963509 -0.23598236 -0.91768499 -43.331562
-0.87553351 0.25134728 -0.41263252 49.678308 0.32832263 0.93606228 -0.12645813 -6.1352932 0.35446486 -0.24619493 -0.9020769 -44.625934
-0.85723161 0.25157462 -0.44929296 49.193935 0.3378551 0.93325068 -0.12205368 -6.3733441 0.38859738 -0.25642419 -0.88500775 -45.902145
-0.83749327 0.25136717 -0.48520053 48.656972 0.3471914 0.93043578 -0.11724932 -6.6062407 0.42197533 -0.26665297 -0.86650622 -47.158102
-0.81635163 0.25072528 -0.52029494 48.068318 0.35631587 0.92762229 -0.1120531 -6.8334098 0.45454268 -0.27686408 -0.84660336 -48.391747
-0.7938422 0.24965002 -0.55451727 47.42896 0.36521317 0.92481495 -0.10647376 -7.0542876 0.48624472 -0.28704039 -0.8253326 -49.601058
-0.77000277 0.24814319 -0.58781006 46.73997 0.37386838 0.92201846 -0.10052067 -7.2683209 0.51702825 -0.2971648 -0.80272966 -50.784055
-0.74487336 0.24620734 -0.6201174 46.002504 0.38226695 0.91923752 -0.094203823 -7.4749681 0.54684156 -0.30722031 -0.77883247 -51.938802
-0.71849618 0.2438457 -0.65138504 45.217799 0.39039479 0.91647681 -0.08753382 -7.6736999 0.57563459 -0.31719005 -0.75368118 -53.063409
-0.71726601 0.24610242 -0.65189188 44.580342 0.37817728 0.92326531 -0.067550865 -7.8191688 0.58524478 -0.29498265 -0.75529717 -53.848211
-0.71606392 0.24838506 -0.65234751 43.942216 0.36572721 0.9295075 -0.04753336 -7.9439189 0.59455538 -0.27261817 -0.75642796 -54.63603
-0.70809957 0.25092898 -0.66002243 43.339817 0.38197396 0.92227737 -0.059163837 -7.9297213 0.59387788 -0.29400528 -0.74891254 -55.247287
-0.70556029 0.2481978 -0.66376388 42.629283 0.38195073 0.92215511 -0.061184975 -8.0073066 0.59690733 -0.29669479 -0.74543536 -56.005933
-0.70321886 0.24687374 -0.66673574 41.942769 0.38094137 0.92264007 -0.060158068 -8.0784424 0.60030572 -0.29629152 -0.74286231 -56.841415
-0.69937168 0.24704433 -0.67070733 41.338094 0.37982615 0.92336419 -0.055952489 -8.1654863 0.60548443 -0.29388377 -0.73960866 -57.519266
-0.69708131 0.25454033 -0.67028861 40.680829 0.38210099 0.92293 -0.046894031 -8.2250851 0.6066931 -0.2888069 -0.74061737 -58.221603
-0.69477711 0.26060918 -0.67034885 40.042411 0.3832025 0.92286634 -0.038387272 -8.3071112 0.60863836 -0.28354996 -0.7410525 -58.949255
-0.69410335 0.26354795 -0.66989773 39.351812 0.38377387 0.92277845 -0.034605797 -8.3562344 0.60904695 -0.28110925 -0.74164643 -59.674204
-0.69282415 0.25951327 -0.67279084 38.718996 0.38478636 0.92211406 -0.040560049 -8.4040733 0.60986408 -0.28698173 -0.73872006 -60.354451
-0.69279457 0.2552565 -0.67444775 38.091033 0.38339719 0.92250172 -0.044689769 -8.4736778 0.61077191 -0.2895422 -0.73696881 -61.02759
-0.69054513 0.25826131 -0.67560971 37.42266 0.39000826 0.9196061 -0.047097619 -8.5272088 0.60913137 -0.29601641 -0.73575356 -61.755846
-0.68950075 0.26130019 -0.67550787 36.737108 0.39273229 0.91852342 -0.04556401 -8.5904871 0.60856397 -0.29671018 -0.73594361 -62.4522
-0.68940985 0.2630949 -0.67490377 36.074671 0.39283558 0.91859407 -0.043187322 -8.6675331 0.60860029 -0.29489999 -0.73664084 -63.218242
-0.69310659 0.26548706 -0.67016404 35.453806 0.3904719 0.91976831 -0.039470999 -8.6995709 0.60591666 -0.28903784 -0.74116271 -63.83758
-0.69033794 0.26805828 -0.67199573 34.821154 0.38959748 0.92039064 -0.033088868 -8.7639293 0.60962888 -0.28465035 -0.7398154 -64.546072
-0.69490837 0.26313785 -0.66922401 34.154355 0.38109256 0.92396845 -0.032415629 -8.8280094 0.60981215 -0.27756219 -0.74235329 -65.28984
-0.6968429 0.25769736 -0.66932952 33.542499 0.373367 0.92713997 -0.031758056 -8.8816308 0.61237823 -0.27203594 -0.74228659 -65.990962
-0.69875601 0.26098976 -0.6660513 32.95366 0.37613803 0.92601951 -0.031749935 -8.9194594 0.60849015 -0.27271269 -0.74522987 -66.641749
-0.70033268 0.26431622 -0.66307694 32.292897 0.38102453 0.92393465 -0.034133282 -8.9859175 0.60361783 -0.27655324 -0.74777259 -67.386776
-0.707643 0.26474275 -0.65509741 31.774606 0.38462288 0.92207934 -0.042836146 -9.0299466 0.59271128 -0.28227816 -0.75432911 -67.988476
-0.70733957 0.26759292 -0.65426656 31.051658 0.38679046 0.92123864 -0.041382586 -9.0908666 0.591662 -0.28233561 -0.75513093 -68.777108
-0.70906255 0.27454483 -0.64950396 30.419835 0.39481849 0.91774806 -0.043091344 -9.1492541 0.58425055 -0.28699064 -0.75913616 -69.496942
-0.71892356 0.27256002 -0.63942155 29.831884 0.39151986 0.91888993 -0.048512865 -9.2215162 0.57433541 -0.28522328 -0.76732428 -70.19486
-0.72945775 0.26953363 -0.62868353 29.221123 0.38630656 0.92082056 -0.053448485 -9.293797 0.5644986 -0.28185299 -0.7758223 -70.943469
-0.73711243 0.27499946 -0.6172848 28.717053 0.38896963 0.91962003 -0.05478722 -9.3559726 0.55260106 -0.28048939 -0.78482979 -71.603433
-0.74537979 0.27500539 -0.60727338 28.149999 0.38724435 0.9201106 -0.058637052 -9.4443246 0.54263322 -0.27887007 -0.79232613 -72.358973
-0.75098154 0.27481611 -0.60041885 27.639444 0.38572565 0.92058874 -0.061091028 -9.5173505 0.53595008 -0.27747519 -0.79734877 -73.049487
-0.75912044 0.2774473 -0.58886256 27.038158 0.38839901 0.91900088 -0.067702209 -9.6011961 0.52238146 -0.28010777 -0.80539262 -73.837512
-0.76804717 0.27449384 -0.57858158 26.491619 0.38618911 0.91923838 -0.076542632 -9.7013079 0.51084396 -0.28223026 -0.81202497 -74.595609
-0.77490774 0.27159744 -0.57074757 26.005376 0.3878335 0.91732055 -0.090045495 -9.7929996 0.4991024 -0.29113198 -0.81617338 -75.311215
-0.78121212 0.26889951 -0.56338321 25.516716 0.38749416 0.91644287 -0.099903715 -9.8980891 0.48944451 -0.2963537 -0.82013327 -76.031079
-0.79057334 0.26898648 -0.55012728 24.990074 0.38381312 0.91766253 -0.10287362 -10.003848 0.47715962 -0.29247522 -0.82872007 -76.82738
-0.79694391 0.27112109 -0.53979045 24.523093 0.38253766 0.91810909 -0.10363709 -10.125792 0.46748835 -0.28908313 -0.83539548 -77.53651
-0.80394555 0.26881517 -0.53048084 24.029428 0.37926381 0.9188257 -0.10917104 -10.243081 0.45807264 -0.28895976 -0.8406377 -78.330502
-0.80892293 0.26236854 -0.52612395 23.563891 0.37538261 0.91923114 -0.11875195 -10.373769 0.45247278 -0.29355896 -0.84207573 -79.100326
-0.81357333 0.25006618 -0.52494316 23.058779 0.36579588 0.92188353 -0.12776595 -10.501479 0.45198655 -0.29596902 -0.84149303 -79.863826
-0.81528306 0.24659899 -0.52392981 22.640168 0.36334622 0.92235966 -0.13127147 -10.637793 0.45088035 -0.29739132 -0.84158501 -80.577219
-0.81806853 0.24691111 -0.51942155 22.129477 0.36336701 0.9219546 -0.13403037 -10.779749 0.44578954 -0.29838669 -0.8439414 -81.391979
-0.82126698 0.24462684 -0.51543983 21.651039 0.35979324 0.92319586 -0.13512305 -10.921552 0.44279723 -0.29642387 -0.84620536 -82.150977
-0.82467361 0.24462451 -0.5099728 21.194626 0.35727945 0.92427773 -0.13439525 -11.068041 0.43848017 -0.29303502 -0.84962676 -82.934904
-0.82667821 0.24394242 -0.50704557 20.715075 0.35363633 0.92616741 -0.13097819 -11.231237 0.43765798 -0.28758655 -0.85190932 -83.784238
-0.83076887 0.2448942 -0.49984986 20.290888 0.3521301 0.92670592 -0.13122701 -11.349868 0.43107713 -0.28503151 -0.85611306 -84.476358
-0.83178753 0.24621948 -0.4974992 19.793315 0.35389348 0.92570263 -0.13354422 -11.499524 0.42765516 -0.28714215 -0.85712337 -85.298168
-0.83990761 0.23095071 -0.49113842 19.454432 0.33730059 0.93107864 -0.13899961 -11.615591 0.42518647 -0.28240811 -0.85991985 -85.927084
-0.84393454 0.23217005 -0.48360266 18.968887 0.33894257 0.92952916 -0.14523596 -11.797315 0.41580337 -0.28648317 -0.86315408 -86.833081
-0.84750151 0.23196585 -0.4774233 18.55532 0.33936218 0.92840188 -0.15133826 -11.951072 0.40813542 -0.29027882 -0.86554243 -87.583968
-0.85148282 0.23041969 -0.47104538 18.12382 0.33579319 0.92954269 -0.15229357 -12.107456 0.40276539 -0.28784919 -0.86886299 -88.395954
-0.85401943 0.23333704 -0.46497808 17.780046 0.33542945 0.93015893 -0.14930321 -12.238152 0.39766558 -0.28347519 -0.87264192 -89.048239
-0.85817743 0.23455551 -0.45663463 17.392097 0.3341381 0.93051234 -0.14999511 -12.398022 0.38972201 -0.28130145 -0.87691862 -89.852965
-0.86133847 0.23097204 -0.45249081 16.898988 0.33127499 0.93062128 -0.15556645 -12.565069 0.38516611 -0.28389426 -0.87809517 -90.711803
-0.86677607 0.22933687 -0.44283613 16.486838 0.32888073 0.93039103 -0.16189501 -12.735074 0.3748823 -0.285967 -0.88186516 -91.535938
-0.86792412 0.22836465 -0.44108649 16.174321 0.32813501 0.93027963 -0.16403425 -12.893314 0.37287418 -0.28710521 -0.88234656 -92.275205
-0.8717077 0.22792723 -0.43379125 15.748594 0.32567819 0.93091475 -0.16532226 -13.067728 0.36614126 -0.28538904 -0.88571648 -93.088521
-0.87503248 0.23126477 -0.42524669 15.416464 0.32717791 0.9300055 -0.1674646 -13.217014 0.35675313 -0.28566829 -0.88944974 -93.803367
-0.87678993 0.23542335 -0.41930329 14.967149 0.3304016 0.92848067 -0.1695831 -13.38721 0.34939121 -0.28722724 -0.89186675 -94.650472
-0.87872138 0.23731015 -0.41416495 14.632338 0.33166598 0.92754461 -0.17221694 -13.580164 0.34328767 -0.28869513 -0.89376099 -95.483067
-0.88309423 0.23050648 -0.40867018 14.263952 0.32352686 0.92997742 -0.17456341 -13.745931 0.33981607 -0.28637173 -0.89583273 -96.248488
-0.887932 0.22574327 -0.40077016 13.848565 0.31670457 0.93190896 -0.17675948 -13.915194 0.33357907 -0.28387615 -0.89896571 -97.060383
-0.88842427 0.23026711 -0.39708861 13.536002 0.32058284 0.93039752 -0.17772761 -14.097708 0.32852546 -0.28519732 -0.90040742 -97.870991
-0.89012891 0.23049461 -0.39311924 13.184052 0.3197634 0.93054465 -0.17843213 -14.277942 0.32468739 -0.28453275 -0.90200844 -98.6426
-0.89157113 0.23105972 -0.38950265 12.837134 0.32025673 0.9297803 -0.18150546 -14.451798 0.32021332 -0.28656588 -0.9029637 -99.459544
-0.89272435 0.23725458 -0.38308419 12.510265 0.32431666 0.92852659 -0.1807127 -14.632647 0.31282896 -0.28556722 -0.9058639 -100.24739
-0.89144367 0.24666737 -0.38010969 12.167954 0.33285179 0.92565559 -0.17992062 -14.797498 0.30747014 -0.28690929 -0.90727349 -101.02992
-0.89324149 0.24828203 -0.37480081 11.821978 0.33283172 0.92563943 -0.18004083 -14.983036 0.30222953 -0.28556555 -0.90945568 -101.85681
-0.89613579 0.24573704 -0.36953206 11.503062 0.32969121 0.92604327 -0.18370514 -15.164321 0.29705954 -0.28645623 -0.91087786 -102.63952
-0.89750626 0.24405944 -0.36731115 11.178347 0.3283726 0.92581016 -0.18720841 -15.342896 0.29437044 -0.28863565 -0.91106285 -103.44935
-0.89849211 0.24249147 -0.36593689 10.847789 0.32625456 0.92659176 -0.18704461 -15.533334 0.29371741 -0.28744669 -0.91164933 -104.28596
-0.89934695 0.24130875 -0.36461642 10.535026 0.32451948 0.92725548 -0.18677364 -15.720438 0.29302248 -0.28629944 -0.91223378 -105.07137
-0.89967538 0.24405591 -0.3619681 10.221924 0.32531508 0.92771641 -0.18306385 -15.905332 0.29112596 -0.28245172 -0.91403868 -105.89038
-0.89976439 0.24611328 -0.36035022 9.8890018 0.32532152 0.92869587 -0.17801657 -16.083541 0.29084354 -0.27740266 -0.91567342 -106.70128
-0.89941767 0.24903291 -0.35920808 9.5836579 0.32722676 0.92847876 -0.17564124 -16.250259 0.28977665 -0.27551734 -0.91658044 -107.46614
-0.90107158 0.24189477 -0.35994015 9.2589318 0.32154037 0.9295872 -0.1802205 -16.445247 0.29100138 -0.27812686 -0.91540355 -108.30789
-0.90053264 0.24368719 -0.36007985 8.9751717 0.32488896 0.92751816 -0.18481678 -16.609075 0.28894315 -0.28341951 -0.91443165 -109.05462
-0.90123279 0.2402869 -0.36061287 8.6680698 0.32130334 0.92892409 -0.18402228 -16.789069 0.29076386 -0.28171305 -0.91438184 -109.85018
-0.9017715 0.24055258 -0.3590858 8.3322279 0.32109991 0.92899003 -0.18404452 -16.969602 0.28931476 -0.28126852 -0.91497814 -110.66736
-0.90025488 0.24374083 -0.3607375 8.0133778 0.32441018 0.9281502 -0.18246988 -17.136391 0.29034325 -0.28129632 -0.91464375 -111.41788
-0.90129362 0.24204252 -0.35928431 7.7080843 0.32342515 0.92772296 -0.18634992 -17.320595 0.28821172 -0.28415758 -0.91443342 -112.22703
-0.9040745 0.23088634 -0.35963979 7.4467845 0.31295141 0.93073744 -0.18918044 -17.48638 0.29105106 -0.283583 -0.91371219 -112.95554
-0.90523865 0.22668177 -0.35938606 7.1442688 0.30947053 0.93130504 -0.19209091 -17.680537 0.29115456 -0.28510752 -0.91320465 -113.75652
-0.90609213 0.22205344 -0.36012403 6.8367491 0.30590874 0.93185651 -0.19509817 -17.871513 0.29226173 -0.28694201 -0.91227593 -114.54161
-0.90492447 0.22632555 -0.36040039 6.528374 0.31042226 0.93034233 -0.19519525 -18.038221 0.29111809 -0.28851326 -0.91214602 -115.27014
-0.90487817 0.22961921 -0.35842781 6.2394795 0.31385468 0.92872846 -0.19737958 -18.226787 0.28755998 -0.29109873 -0.91245317 -116.06263
-0.90523155 0.23139903 -0.35638507 5.9069272 0.31467803 0.92867678 -0.1963089 -18.412928 0.28554087 -0.28985156 -0.91348371 -116.87144
-0.90385427 0.2418358 -0.35293469 5.629712 0.32315298 0.92651494 -0.19272319 -18.577527 0.28039192 -0.28824558 -0.91558444 -117.53689
-0.90334239 0.24858387 -0.34954052 5.3283308 0.32753469 0.92595542 -0.18795638 -18.756055 0.27693604 -0.28427562 -0.91787462 -118.3191
-0.90325584 0.25499948 -0.34511467 5.0125731 0.33290376 0.9238987 -0.18864327 -18.946394 0.27074708 -0.28528311 -0.91940719 -119.16582
-0.9067006 0.2474309 -0.34157277 4.7400899 0.32596405 0.92501005 -0.19520206 -19.131375 0.26765925 -0.28833028 -0.91936075 -119.88489
-0.90768689 0.2492519 -0.33760625 4.4907565 0.32780011 0.9234296 -0.19956167 -19.291685 0.2620145 -0.29180688 -0.91988975 -120.57293
-0.90908771 0.24652364 -0.3358357 4.4272343 0.32483802 0.92418339 -0.20091126 -19.304638 0.26084442 -0.29173817 -0.92024401 -120.66342
-0.91146031 0.25906226 -0.3195729 3.9969499 0.33270498 0.92109201 -0.20222985 -19.604446 0.24196595 -0.29064798 -0.92573011 -121.94538
-0.91391005 0.26325245 -0.30897662 3.7451077 0.33383431 0.92047446 -0.20317832 -19.795555 0.23091792 -0.28883372 -0.92911356 -122.68558
-0.91744493 0.2643403 -0.29735332 3.5037593 0.3329823 0.91919954 -0.21022609 -19.987231 0.21775583 -0.29188425 -0.93133559 -123.44711
-0.92301938 0.26038767 -0.28325514 3.2238334 0.3260289 0.92024763 -0.21644737 -20.212605 0.20430466 -0.29213448 -0.9343003 -124.33089
-0.92607981 0.26215425 -0.27138778 3.0517126 0.32482663 0.91986157 -0.21986895 -20.363261 0.19199962 -0.29177018 -0.93701991 -124.91195
-0.92798551 0.26867133 -0.25818326 2.8452118 0.32840531 0.91709155 -0.2260377 -20.57836 0.17604785 -0.29454847 -0.93928077 -125.73357
-0.93353255 0.25968116 -0.24714909 2.6512363 0.31785913 0.91838222 -0.23566856 -20.788615 0.16577866 -0.29856287 -0.93988172 -126.45252
-0.93672153 0.25712633 -0.23756855 2.5249148 0.31457973 0.91600065 -0.24896266 -20.960613 0.15359811 -0.30794294 -0.93892426 -127.09112
-0.94332523 0.24191787 -0.22718547 2.3406208 0.29825137 0.91820721 -0.26065616 -21.205059 0.14554596 -0.31364192 -0.93832037 -127.88174
-0.94627981 0.24163687 -0.21486305 2.2150594 0.29474851 0.91783516 -0.26589836 -21.421006 0.13295802 -0.31494482 -0.93975099 -128.56005
-0.94856822 0.2436654 -0.20210269 2.0373576 0.29258662 0.91855646 -0.26579523 -21.62699 0.12087764 -0.31125746 -0.9426067 -129.27366
-0.94938512 0.24917346 -0.19126025 1.8991682 0.2945998 0.91758804 -0.26691411 -21.847118 0.10899021 -0.30974952 -0.94455088 -129.99782
-0.9533198 0.2403806 -0.18275263 1.736945 0.28430652 0.91844366 -0.275011 -22.121825 0.10174069 -0.3141312 -0.9439123 -130.84012
-0.95393543 0.2335005 -0.18837386 1.8671036 0.28026776 0.91760749 -0.2818625 -22.078053 0.10703824 -0.32167375 -0.94078096 -130.57871
-0.95674944 0.2257452 -0.1834928 1.6973335 0.27158213 0.91918143 -0.28521684 -22.271727 0.10427685 -0.32271443 -0.94073468 -131.25901
-0.95912326 0.22285467 -0.17440858 1.3565573 0.2657393 0.92115619 -0.28434822 -22.800743 0.097289227 -0.31907221 -0.94272357 -133.00501
-0.95717691 0.22982732 -0.17604477 1.2536392 0.2723639 0.92101034 -0.27849213 -22.979573 0.09813396 -0.31451448 -0.94416649 -133.50751
-0.9556616 0.23474596 -0.1777786 1.1133057 0.27740823 0.92021161 -0.27614358 -23.210998 0.098770354 -0.31321707 -0.94453136 -134.27782
-0.9541855 0.23662367 -0.18313728 1.0159695 0.28079461 0.91956508 -0.27487171 -23.424777 0.10336551 -0.31370257 -0.94387831 -134.93072
-0.95615032 0.22766223 -0.18424566 0.87426775 0.27243405 0.92227606 -0.27420168 -23.649213 0.10750001 -0.31237282 -0.9438575 -135.63264
-0.95454733 0.23272057 -0.1862271 0.69150711 0.27768449 0.92138833 -0.27190967 -23.88434 0.10830852 -0.31126303 -0.94413166 -136.39752
-0.95457084 0.22712482 -0.19289586 0.5518766 0.27419271 0.92294895 -0.27015475 -24.07791 0.11667419 -0.3107725 -0.94329613 -137.05473
-0.95265403 0.22969102 -0.19922935 0.42438503 0.27826343 0.92271303 -0.2667773 -24.279248 0.12255517 -0.30958472 -0.9429409 -137.72773
-0.9503555 0.2354365 -0.20345534 0.27280271 0.28465685 0.92188852 -0.26285365 -24.478644 0.12567781 -0.30771937 -0.94314044 -138.37638
-0.94958609 0.23271957 -0.21006632 0.12355785 0.28379078 0.9228183 -0.26051715 -24.687464 0.13322562 -0.30699835 -0.94233908 -139.0627
-0.94831028 0.2342727 -0.21406519 -0.070595981 0.28657295 0.92195277 -0.26053604 -24.921228 0.13632152 -0.30841431 -0.94143351 -139.86369
-0.94922423 0.22629799 -0.2185465 -0.20152846 0.28047826 0.9233899 -0.26207448 -25.115859 0.14249672 -0.310065 -0.93997574 -140.48466
-0.94699887 0.23393942 -0.22014879 -0.37797189 0.28848606 0.92080599 -0.26247309 -25.334485 0.14131153 -0.31207158 -0.93949049 -141.23273
-0.94612413 0.23323848 -0.22460841 -0.52144788 0.28938023 0.92028311 -0.26332127 -25.511319 0.14528669 -0.31413184 -0.93819666 -141.80696
-0.94693155 0.23297123 -0.22146116 -0.69240697 0.28815548 0.9205581 -0.26370288 -25.729523 0.14243269 -0.31352383 -0.93883744 -142.52311
-0.9463843 0.23580608 -0.22079908 -0.88731609 0.29007706 0.92112228 -0.25959402 -25.966756 0.14216912 -0.30972446 -0.9401376 -143.3147
-0.94702346 0.24026836 -0.2131142 -0.99779416 0.29219338 0.91999485 -0.26121352 -26.124332 0.13330264 -0.3096459 -0.94146154 -143.83038
-0.9487363 0.24360585 -0.20138423 -1.1498208 0.29230801 0.9186255 -0.26586318 -26.336651 0.12023088 -0.31110028 -0.9427413 -144.51484
-0.95056627 0.24641051 -0.18895934 -1.2620622 0.2915123 0.91777507 -0.26964701 -26.509556 0.10697832 -0.31140132 -0.94423771 -145.06954
-0.95412798 0.24359107 -0.1740781 -1.3853833 0.28436787 0.91921719 -0.27235028 -26.733184 0.093673496 -0.30935925 -0.94632031 -145.76132
-0.95717251 0.24322794 -0.15703806 -1.4745919 0.27869263 0.92100277 -0.27218433 -26.932824 0.078429663 -0.30429272 -0.94934437 -146.41007
-0.95971245 0.24418561 -0.13901578 -1.5541233 0.27404439 0.92270401 -0.27114014 -27.14047 0.062061907 -0.29831307 -0.95244823 -147.09319
-0.96146716 0.24416122 -0.1263574 -1.6441982 0.2700273 0.9250243 -0.26723641 -27.330605 0.051634902 -0.29105899 -0.95531068 -147.69716
-0.96334376 0.24697508 -0.10474779 -1.703253 0.26643643 0.92638626 -0.26612052 -27.531416 0.031311782 -0.28427417 -0.95823158 -148.35742
-0.96528619 0.24602 -0.087731011 -1.7707517 0.26068163 0.92845996 -0.26458871 -27.731993 0.016360617 -0.2782737 -0.96036247 -149.02307
-0.96748639 0.24405534 -0.06638579 -1.7816455 0.25289905 0.92985827 -0.2672184 -27.944049 -0.0034867013 -0.27531907 -0.96134658 -149.63203
-0.96831515 0.24490337 -0.048868236 -1.8026874 0.24885672 0.92990534 -0.27082539 -28.136523 -0.020883221 -0.27440552 -0.96138728 -150.26031
-0.96865498 0.24644204 -0.031206654 -1.8169947 0.24537591 0.92966884 -0.27478447 -28.33699 -0.038706593 -0.27382871 -0.96099929 -150.91463
-0.97099249 0.23867218 -0.014462931 -1.7977383 0.23321161 0.93195389 -0.27762256 -28.500897 -0.052782002 -0.27294235 -0.96058135 -151.40542
-0.97109555 0.23869032 -0.00059366584 -1.7832752 0.22949929 0.93301308 -0.2771582 -28.725669 -0.065601087 -0.26928335 -0.96082411 -152.1417
-0.97133752 0.23733001 0.013337356 -1.795708 0.22452327 0.93445416 -0.27637786 -28.913772 -0.078055914 -0.26546164 -0.9609565 -152.69575
-0.96956382 0.2438233 0.02227552 -1.7624523 0.2281554 0.93275989 -0.27911306 -29.042767 -0.088831986 -0.26553565 -0.95999984 -153.12093
-0.97020733 0.23985169 0.034189242 -1.7244467 0.22076787 0.93335684 -0.28303103 -29.322938 -0.09979624 -0.2670509 -0.95850119 -153.96091
-0.97097607 0.23528816 0.042952915 -1.6959281 0.21307989 0.93254045 -0.29148802 -29.526947 -0.10863902 -0.2738755 -0.95560964 -154.55824
-0.97012677 0.23794852 0.047270995 -1.665981 0.21311545 0.92899217 -0.30258115 -29.686353 -0.11591313 -0.2834679 -0.95195068 -155.04627
-0.96836236 0.24365519 0.053911861 -1.6504381 0.2154153 0.9252322 -0.31231655 -29.895455 -0.12597855 -0.29082216 -0.94844709 -155.70791
-0.96855503 0.24137426 0.060329184 -1.5834088 0.21142025 0.92630639 -0.31186206 -30.08893 -0.13115879 -0.28930076 -0.94821013 -156.25831
-0.96859008 0.2391424 0.068148104 -1.5258268 0.2079576 0.92927835 -0.30527918 -30.286716 -0.13633376 -0.28151847 -0.94982128 -156.81076
-0.96904911 0.23478217 0.076296495 -1.4800125 0.20294977 0.9336127 -0.29526041 -30.426006 -0.14055327 -0.27063749 -0.95236555 -157.19408
-0.96850542 0.23569828 0.080271788 -1.4428589 0.20406748 0.9360998 -0.28648496 -30.709949 -0.14266643 -0.26108138 -0.95471609 -158.05509
-0.96800385 0.23814455 0.079093104 -1.4080071 0.20670088 0.93543479 -0.28676908 -30.912909 -0.14227895 -0.26124496 -0.95472916 -158.67611
-0.96684454 0.24177247 0.082205227 -1.3236972 0.20875302 0.93370547 -0.29088875 -31.087137 -0.14708438 -0.26408362 -0.95321877 -159.20726
-0.96634755 0.2431564 0.083948625 -1.2925201 0.20951311 0.93331483 -0.29159509 -31.29778 -0.14925372 -0.26419387 -0.95285095 -159.84931
-0.9665933 0.24207909 0.084232447 -1.2487596 0.20869028 0.93408383 -0.28971671 -31.420389 -0.14881454 -0.26245974 -0.95339872 -160.27612
-0.96638413 0.24131846 0.08869676 -1.1853395 0.20732381 0.93545798 -0.28624325 -31.660069 -0.15204788 -0.25823199 -0.95404281 -160.98099
-0.96552485 0.24270117 0.094116397 -1.1097618 0.20794338 0.93660733 -0.282004 -31.875117 -0.15659282 -0.25271099 -0.95478576 -161.65524
-0.96500529 0.2431235 0.098263688 -1.0582774 0.20762731 0.93727995 -0.27999499 -32.061584 -0.16017396 -0.24979443 -0.95495919 -162.23321
-0.96397544 0.24362671 0.10675851 -0.96487508 0.20580996 0.93742012 -0.28086612 -32.257813 -0.16850407 -0.24877608 -0.95379077 -162.83887
-0.96241943 0.24619614 0.11461365 -0.904616 0.20661137 0.93770754 -0.27931401 -32.463972 -0.17624013 -0.24513675 -0.95333488 -163.48016
-0.96098961 0.24779669 0.12286483 -0.83115117 0.20607126 0.93776567 -0.27951778 -32.64742 -0.18448201 -0.24329478 -0.95224684 -164.05987
-0.95983684 0.24590536 0.13506956 -0.7166683 0.20041274 0.93786376 -0.28327778 -32.857867 -0.19633638 -0.24483079 -0.94947876 -164.67858
-0.95797933 0.24655606 0.14658002 -0.59634541 0.19673912 0.93666841 -0.28973438 -33.061056 -0.20873266 -0.24872153 -0.9458162 -165.28801
-0.95738885 0.24363187 0.1550809 -0.53271052 0.19057184 0.93641899 -0.29462153 -33.259396 -0.21699991 -0.25251332 -0.94294648 -165.92599
-0.95537535 0.24461158 0.16559927 -0.40628426 0.18804452 0.93596437 -0.29767424 -33.473151 -0.2278096 -0.2532506 -0.94019515 -166.58228
-0.9526311 0.2453442 0.17972259 -0.27486926 0.18516735 0.93668676 -0.29720527 -33.674426 -0.24126138 -0.24984823 -0.93774667 -167.15235
-0.9500262 0.24557984 0.19271936 -0.14077272 0.18183261 0.93714184 -0.29782894 -33.895788 -0.25374618 -0.24790263 -0.93496372 -167.7961
-0.94892774 0.24038959 0.2043257 0.019162608 0.17348632 0.93852008 -0.29846702 -34.119271 -0.26351216 -0.24777593 -0.93229204 -168.40377
-0.94733034 0.23886281 0.21333021 0.17971684 0.1698599 0.93945702 -0.29760396 -34.339084 -0.2715011 -0.24569301 -0.93054936 -169.07472
-0.94640947 0.23440789 0.22217572 0.35875315 0.16292998 0.94048614 -0.2982275 -34.563983 -0.27886009 -0.24604625 -0.92827706 -169.68829
-0.9453292 0.23392959 0.22722155 0.51905401 0.16157348 0.94118366 -0.29676141 -34.783486 -0.28327851 -0.24382426 -0.92752522 -170.34823
-0.94367136 0.23803103 0.22983817 0.64442793 0.16603685 0.9414831 -0.29332802 -34.99119 -0.28620995 -0.23864366 -0.92797256 -171.00372
-0.94367185 0.23898174 0.22884744 0.79730287 0.16639329 0.9405599 -0.29607489 -35.22837 -0.28600125 -0.24131887 -0.92734487 -171.68347
-0.943156 0.24231767 0.22746184 0.98222661 0.16951518 0.93942624 -0.29789755 -35.466157 -0.28586948 -0.24240563 -0.92710202 -172.35565
-0.942611 0.24561043 0.22618581 1.1425713 0.17260484 0.93832464 -0.29959044 -35.679818 -0.28581828 -0.24335649 -0.92686868 -172.98865
-0.94159501 0.24902417 0.22668434 1.3057563 0.17585621 0.93770263 -0.29964709 -35.917719 -0.28718189 -0.24228236 -0.92672856 -173.69638
-0.94091809 0.25009507 0.2283103 1.4699105 0.17803464 0.93885367 -0.29471589 -36.153183 -0.28805697 -0.23665637 -0.92790999 -174.38456
-0.94132006 0.24946747 0.2273379 1.6230668 0.17868621 0.9397711 -0.29137867 -36.381006 -0.28633511 -0.23365844 -0.92920178 -175.07018
-0.94162115 0.25121127 0.22414838 1.7990259 0.18207763 0.93998203 -0.28858538 -36.614993 -0.28319137 -0.2309257 -0.93084691 -175.77304
-0.94174722 0.25072931 0.22415838 1.9887165 0.18164103 0.94011392 -0.28843085 -36.843292 -0.2830525 -0.2309126 -0.9308924 -176.44029
-0.9429554 0.24740811 0.2227652 2.1586759 0.17917888 0.9410999 -0.28675061 -37.080711 -0.28058875 -0.23047823 -0.93174554 -177.16059
-0.94320505 0.24791988 0.22113335 2.3207188 0.17982968 0.94070814 -0.28762732 -37.303366 -0.2793305 -0.23152521 -0.93186402 -177.82566
-0.94314128 0.24976725 0.21931905 2.4818501 0.18124147 0.93953159 -0.29057172 -37.550419 -0.27863249 -0.23430048 -0.93137921 -178.54581
-0.9438674 0.24905445 0.21699356 2.6303884 0.17936225 0.93804958 -0.29646614 -37.785068 -0.27738695 -0.24090428 -0.93006538 -179.22878
-0.94486256 0.24797447 0.21387705 2.8117019 0.17862313 0.93768594 -0.29805848 -38.017527 -0.27446042 -0.24342092 -0.93027831 -179.92575
-0.94541547 0.24618582 0.21349972 2.9299652 0.17782659 0.93878466 -0.29506113 -38.243515 -0.27307015 -0.24098943 -0.93131992 -180.64596
-0.94575742 0.24603014 0.21216046 3.1468776 0.17922597 0.93981505 -0.29090501 -38.483612 -0.27096302 -0.23710091 -0.93293205 -181.30823
-0.94766649 0.24023255 0.2102773 3.266414 0.17427339 0.94109965 -0.28975891 -38.728236 -0.26750144 -0.23794908 -0.93371474 -182.0462
-0.94924386 0.23768213 0.2060177 3.4484267 0.17335557 0.94185124 -0.28786125 -38.9645 -0.26245752 -0.23753621 -0.93525002 -182.72549
-0.95119836 0.23690381 0.19773277 3.5217881 0.1754555 0.94233765 -0.28498266 -39.163809 -0.25384453 -0.23638175 -0.93791611 -183.38153
-0.95195661 0.23865395 0.19189295 3.7096962 0.17898542 0.94206061 -0.28370058 -39.393786 -0.24848107 -0.23572461 -0.9395164 -184.08732
-0.95305852 0.24254382 0.18125107 3.8454204 0.18541134 0.94074529 -0.28393827 -39.626623 -0.23937858 -0.23700378 -0.94155568 -184.78132
-0.95579015 0.24149077 0.16777183 3.9496077 0.1876756 0.940224 -0.28417723 -39.860415 -0.2263693 -0.24012713 -0.94397877 -185.49422
-0.95805501 0.2390915 0.15800584 4.0772498 0.18840641 0.94091584 -0.28139014 -40.073592 -0.21594821 -0.23981793 -0.9464955 -186.19187
-0.9594229 0.24137575 0.14575813 4.1834929 0.19550743 0.94194532 -0.27297595 -40.299809 -0.20318598 -0.23340259 -0.95091466 -186.91668
-0.95895668 0.24655001 0.14005417 4.2583862 0.2038581 0.9427794 -0.26383495 -40.508678 -0.19708871 -0.22445512 -0.95434582 -187.59453
-0.95933329 0.2483254 0.13421672 4.3493176 0.20825099 0.94361154 -0.25734953 -40.714684 -0.19055489 -0.21893321 -0.95695198 -188.3029
