1 0 0 0 0 1 0 0 0 0 1 0
0.99993833 -0.0023501257 0.010854442 0.0087174589 0.0023383539 0.99999666 0.0010970895 -0.0091757573 -0.010856985 -0.0010716403 0.99994049 0.30379124
0.99983813 -0.0038995323 0.017564586 0.01739696 0.0038760033 0.99999155 0.0013734302 -0.013367519 -0.017569795 -0.0013051275 0.99984479 0.59420146
0.99979 -0.0073324151 0.019136254 0.028680196 0.0073381259 0.99997305 -0.00022819894 -0.016363955 -0.019134067 0.00036857529 0.99981686 0.88652768
0.99981696 -0.0079422626 0.017405764 0.029596248 0.00796599 0.99996743 -0.0012942507 -0.02204926 -0.017394919 0.001432668 0.99984767 1.190684
0.99988179 -0.011206531 0.010526674 0.02799772 0.011238883 0.99993228 -0.0030190911 -0.023531698 -0.010492128 0.0031370424 0.99994004 1.5104502
0.99992717 -0.012019726 -0.0010840042 0.017139707 0.012014714 0.99991762 -0.004517634 -0.031753654 0.0011382157 0.0045042811 0.99998921 1.835126
0.99978729 -0.011586325 -0.017062353 -0.0024863369 0.01150631 0.99992237 -0.0047803086 -0.038487432 0.017116417 0.0045829671 0.999843 2.1551146
0.99933184 -0.007586883 -0.035753509 -0.043014178 0.0074097387 0.99995962 -0.0050845158 -0.045454731 0.035790644 0.0048161945 0.9993477 2.5086087
0.99841793 -0.0036596024 -0.056109256 -0.083909013 0.0033146734 0.99997504 -0.0062392909 -0.048234737 0.056130694 0.0060434361 0.99840514 2.8488033
0.9971138 -0.0032175055 -0.075853322 -0.12700187 0.0027345909 0.99997533 -0.0064694332 -0.05493322 0.075872273 0.0062433334 0.997098 3.1998499
0.99530976 -0.0043164763 -0.096642936 -0.18101688 0.0037626636 0.99997544 -0.0059120182 -0.061944836 0.09666609 0.0055206546 0.99530156 3.5950619
0.99327079 -0.0056013848 -0.11567952 -0.24516348 0.0050386998 0.99997401 -0.005156022 -0.071618131 0.11570541 0.0045384517 0.99327321 3.9918927
0.99109052 -0.004082293 -0.13312746 -0.31596154 0.0035323971 0.99998423 -0.0043665191 -0.076772308 0.1331432 0.0038573566 0.99108931 4.3840595
0.98881866 -0.0035852151 -0.14907983 -0.39077863 0.0030386856 0.9999878 -0.0038936361 -0.083493144 0.14909199 0.0033970933 0.9888175 4.7991628
0.98680147 -0.0028294458 -0.16191004 -0.47367584 0.0022393965 0.99999017 -0.0038266829 -0.092899334 0.16191929 0.0034135954 0.9867981 5.2085048
0.98464747 -0.0041714835 -0.17450486 -0.56759827 0.0033913661 0.99998288 -0.0047684187 -0.099487294 0.17452178 0.0041034015 0.98464476 5.6539879
0.98290934 -0.0072473508 -0.18394756 -0.65377214 0.0060815428 0.99995769 -0.006901094 -0.11271242 0.1839898 0.0056644647 0.98291183 6.0994261
0.98144696 -0.0064718437 -0.19162455 -0.75177276 0.0049018565 0.99995044 -0.0086659619 -0.12203206 0.19167115 0.007565866 0.98143004 6.5529726
0.97981661 -0.0065239213 -0.199792 -0.86683098 0.0044704263 0.99993246 -0.010727572 -0.12559225 0.19984851 0.0096178978 0.9797796 7.0277104
0.97823487 -0.007226125 -0.20737483 -0.96410022 0.0045445135 0.99989983 -0.013404712 -0.13570654 0.20745094 0.012170539 0.97816971 7.4948752
0.97637286 -0.010918293 -0.21581665 -1.0863671 0.0078487097 0.99985556 -0.015075063 -0.1491388 0.21595009 0.013025 0.97631753 7.996706
0.97438283 -0.016414342 -0.22429592 -1.2054384 0.013108775 0.99978253 -0.016218789 -0.16247191 0.22451339 0.012863065 0.97438611 8.5061459
0.97279061 -0.017343083 -0.23103601 -1.3276826 0.013482805 0.99974205 -0.018277083 -0.18764531 0.23129342 0.014664761 0.97277351 9.0337006
0.97070318 -0.014013735 -0.23987278 -1.4864675 0.008781689 0.99969995 -0.022866775 -0.19381651 0.24012128 0.020090363 0.97053498 9.5791418
0.96841756 -0.010975533 -0.24909229 -1.6403479 0.0046915411 0.99965593 -0.025807248 -0.20937228 0.24928985 0.023823565 0.96813584 10.087934
0.96605393 -0.013246797 -0.25800061 -1.7958012 0.0062447398 0.99959009 -0.027940291 -0.23278935 0.25826499 0.025380682 0.96574066 10.656335
0.96369864 -0.015222024 -0.26655811 -1.9659338 0.0075889539 0.99953176 -0.02964244 -0.26074017 0.26688453 0.026543482 0.96336291 11.222544
0.96157906 -0.014991945 -0.2741185 -2.139249 0.0063787994 0.99945833 -0.032285689 -0.28379372 0.27445407 0.029296696 0.96115383 11.784288
0.95927975 -0.014624008 -0.28207888 -2.3257988 0.0046636551 0.99934272 -0.035949681 -0.30819259 0.28241923 0.033170283 0.95871743 12.394628
0.95702811 -0.01544702 -0.28958346 -2.511553 0.0037180868 0.99915185 -0.041009265 -0.33750639 0.28997135 0.038170324 0.95627384 12.95294
0.95500254 -0.016299983 -0.29614939 -2.7166351 0.0021686264 0.9988458 -0.047982964 -0.37983822 0.29658972 0.045181615 0.95393562 13.577249
0.95375382 -0.016819047 -0.3001179 -2.9211859 -0.00010827544 0.99841408 -0.056296678 -0.4151016 0.30058882 0.053725668 0.95223942 14.189745
0.95270093 -0.016875381 -0.30344051 -3.1249732 -0.0029525032 0.99789609 -0.064766331 -0.4604508 0.30389508 0.062598854 0.95064671 14.81507
0.95118002 -0.016343394 -0.3082036 -3.3503337 -0.0067899655 0.9972472 -0.073837171 -0.50772918 0.30856195 0.072325135 0.94845063 15.465513
0.94986751 -0.01513258 -0.31228627 -3.5827422 -0.010742393 0.99665864 -0.080970145 -0.56625207 0.31246813 0.080265613 0.94653109 16.099044
0.94817959 -0.014298904 -0.31741298 -3.819473 -0.014218351 0.99607667 -0.087344737 -0.62719873 0.31741662 0.087331587 0.94425626 16.760706
0.94678282 -0.012600267 -0.32162637 -4.0612266 -0.018481601 0.99545677 -0.093403663 -0.70025636 0.32134209 0.094377155 0.94224849 17.446956
0.94517094 -0.010704722 -0.3264005 -4.3044019 -0.022764636 0.99487183 -0.098548554 -0.7734004 0.32578163 0.10057562 0.94008025 18.113341
0.94337929 -0.0078889118 -0.33162218 -4.5807924 -0.027523128 0.9944085 -0.10195201 -0.85174854 0.33057223 0.1053067 0.93788726 18.813158
0.94162358 -0.0074211275 -0.33658572 -4.8326504 -0.02909735 0.99422217 -0.10332286 -0.92796984 0.33540778 0.10708499 0.93596711 19.49976
0.9395655 -0.0064880231 -0.34230771 -5.1163536 -0.030463016 0.99427056 -0.10246 -1.0198918 0.34101127 0.1066956 0.93398467 20.24494
0.93730248 -0.0067690585 -0.34845118 -5.3968254 -0.030422352 0.99440585 -0.10115086 -1.1050451 0.34718662 0.10540965 0.93185314 20.956877
0.93467344 -0.0065844152 -0.35544647 -5.6752933 -0.030721037 0.99459243 -0.099207466 -1.1877789 0.35417762 0.10364627 0.92941685 21.671556
0.93201327 -0.0064052502 -0.36236754 -5.956452 -0.030425112 0.99493164 -0.095840238 -1.2726929 0.36114484 0.10034945 0.9270946 22.369719
0.92815383 -0.0030243258 -0.3721845 -6.3027948 -0.033064226 0.99534346 -0.09054361 -1.3549799 0.37072528 0.096344393 0.92373185 23.191891
0.92522097 -0.0016311738 -0.37942521 -6.6129126 -0.033171687 0.99581413 -0.085169574 -1.4370408 0.37797594 0.091386851 0.921294 23.913921
0.92164116 0.0012070902 -0.38804137 -6.9430673 -0.035494529 0.99606521 -0.081204938 -1.5123135 0.38641652 0.08861516 0.91805754 24.662449
0.91806445 0.0011124162 -0.39642959 -7.2917476 -0.035391531 0.99623305 -0.079165328 -1.585624 0.39484822 0.086709124 0.91464552 25.412782
0.91388392 0.003631434 -0.40595934 -7.6376644 -0.038880198 0.99614657 -0.078615126 -1.6667056 0.40410955 0.087628881 0.91050352 26.180715
0.91087901 0.004394644 -0.41265009 -8.0038434 -0.039833309 0.99621043 -0.077318128 -1.7347711 0.41074657 0.08686468 0.90760222 26.937548
0.90683318 0.0037099254 -0.42147336 -8.3849157 -0.039335543 0.99634204 -0.075863438 -1.809174 0.41965022 0.085374368 0.90366195 27.724193
0.90343515 0.0045547547 -0.42870055 -8.7665569 -0.039886855 0.99649952 -0.073469402 -1.8871801 0.4268653 0.083474359 0.90045437 28.504787
0.89938411 0.0048030489 -0.43713286 -9.1461256 -0.038938463 0.99684527 -0.069161434 -1.9562011 0.43542168 0.079223978 0.89673382 29.275458
0.89539911 0.0052256702 -0.44523377 -9.5607998 -0.037594548 0.99724788 -0.063900889 -2.0215252 0.44367455 0.073955162 0.89313132 30.089545
0.89235639 0.0053822766 -0.45129933 -9.9722394 -0.036153876 0.997568 -0.059590058 -2.0876764 0.44988108 0.06949179 0.89038077 30.886053
0.88831325 0.0055055623 -0.45920501 -10.425104 -0.03593503 0.9976955 -0.057553131 -2.155658 0.45782995 0.067626755 0.88646398 31.716984
0.8850303 0.0056939414 -0.46549858 -10.859234 -0.036050845 0.99776072 -0.05633722 -2.2184944 0.46413546 0.066641765 0.88325374 32.515827
0.88175903 0.0050897195 -0.47167266 -11.304879 -0.034918051 0.99790257 -0.054508694 -2.2733559 0.47040596 0.064533424 0.88008732 33.340209
0.87936751 0.0033001455 -0.47613219 -11.770212 -0.03250939 0.99805862 -0.05312382 -2.3355478 0.47503256 0.062194129 0.87776761 34.188785
0.87677541 0.0022087184 -0.48089497 -12.26627 -0.03169696 0.99808035 -0.053206283 -2.3977052 0.47985435 0.06189287 0.87516233 35.037133
0.87452524 0.0015975423 -0.48497735 -12.738523 -0.031439462 0.9980779 -0.053404822 -2.4566383 0.48395989 0.061951293 0.87289454 35.868067
0.8729318 0.0023611354 -0.48783653 -13.232286 -0.032900261 0.99799655 -0.054041211 -2.5189408 0.48673162 0.063224242 0.87126061 36.744795
0.87312373 0.0028212742 -0.48749049 -13.735512 -0.032915304 0.99804247 -0.0531772 -2.5818007 0.48638622 0.062476173 0.87150742 37.616229
0.87263304 0.0026277323 -0.48836938 -14.246027 -0.031922954 0.99815385 -0.051670194 -2.6438438 0.48733205 0.060679313 0.87110592 38.511258
0.87234071 0.0017947947 -0.48889513 -14.756435 -0.030734102 0.9982167 -0.051174599 -2.7076305 0.48793148 0.059667439 0.87084022 39.393608
0.87146625 -0.0013133021 -0.49045369 -15.24972 -0.027552806 0.9982861 -0.051630542 -2.7669082 0.48968095 0.058507652 0.86993646 40.296808
0.87058521 -0.0031853195 -0.49200735 -15.783885 -0.025989167 0.99828533 -0.052449705 -2.8374161 0.49133082 0.058448799 0.86900966 41.224528
0.86981076 -0.0042831913 -0.49336688 -16.318178 -0.023804709 0.99843344 -0.050635891 -2.8995247 0.49281092 0.055788098 0.86834619 42.131288
0.8665645 -0.002143817 -0.49906046 -16.844195 -0.024438821 0.99860879 -0.046725096 -2.9674331 0.49846637 0.05268676 0.86530654 43.045111
0.86456669 -0.0038467224 -0.50250335 -17.386272 -0.020401718 0.99887756 -0.042748072 -3.029226 0.5021038 0.047210491 0.86351779 43.986312
0.86131453 -0.0057541136 -0.50803951 -17.936085 -0.0173861 0.99901643 -0.04079083 -3.0875781 0.50777458 0.043966561 0.86036733 44.872505
0.8560455 -0.0076672216 -0.51684358 -18.494467 -0.017008962 0.99893068 -0.0429907 -3.15619 0.51662057 0.045592969 0.8549997 45.792371
0.85078149 -0.0099095084 -0.52542614 -19.060027 -0.016868955 0.998792 -0.04615174 -3.2185412 0.52524881 0.048128437 0.84958658 46.661344
0.84503512 -0.0096889473 -0.534623 -19.635684 -0.017590903 0.99879089 -0.045905547 -3.2816703 0.5344214 0.048196301 0.84384294 47.592235
0.83823108 -0.0074061843 -0.54526487 -20.220844 -0.017777056 0.99900518 -0.040897732 -3.3359675 0.54502537 0.043974955 0.83726553 48.457415
0.83417177 -0.0047679744 -0.55148409 -20.818171 -0.018078236 0.99918884 -0.035983739 -3.396374 0.55120836 0.039986479 0.83340893 49.329951
0.82938276 -0.0049132387 -0.55865917 -21.433182 -0.019343567 0.99910923 -0.03750423 -3.4499443 0.55834585 0.041911823 0.82854894 50.22264
0.82694107 -0.0059477817 -0.56225712 -22.054436 -0.021370405 0.99888915 -0.041997225 -3.5079977 0.56188238 0.046744893 0.82589535 51.096182
0.82406649 -0.0070720998 -0.56644892 -22.651079 -0.024968279 0.99849694 -0.048789907 -3.5792042 0.56594261 0.054349382 0.82265128 51.957419
0.82086144 -0.0081795921 -0.5710688 -23.280942 -0.025244532 0.99840055 -0.050587198 -3.6417246 0.57056923 0.055941445 0.81934202 52.817347
0.81747596 -0.0064262291 -0.57592684 -23.884197 -0.025095182 0.99859075 -0.046762674 -3.709505 0.57541578 0.052680351 0.81616266 53.672039
0.81383423 -0.005488184 -0.58107116 -24.529047 -0.02271373 0.99889078 -0.041246765 -3.7707573 0.58065304 0.046766324 0.81280685 54.573432
0.81158831 -0.0038622064 -0.58421698 -25.18721 -0.022692923 0.99901511 -0.038129176 -3.8314941 0.5837889 0.044202784 0.81070134 55.443437
0.809192 -0.0031829166 -0.58753565 -25.805452 -0.024179763 0.99895775 -0.038713683 -3.8842345 0.58704657 0.045533276 0.80827166 56.270813
0.80512726 -0.0034090944 -0.59309228 -26.46676 -0.025513473 0.99885876 -0.040376171 -3.9475241 0.59255311 0.0476398 0.80412144 57.160054
0.80099503 -0.004583938 -0.59865343 -27.101104 -0.026425422 0.99872535 -0.04300439 -4.0133995 0.59808753 0.050265973 0.7998529 58.015334
0.79785005 -0.0066166897 -0.60281962 -27.76161 -0.024586614 0.99875069 -0.043503649 -4.0676075 0.60235441 0.049530682 0.7966906 58.856085
0.79258851 -0.0077530962 -0.60970756 -28.426586 -0.022947379 0.99883156 -0.042531643 -4.1268575 0.60932496 0.047701283 0.7914845 59.705267
0.78861807 -0.007733025 -0.6148347 -29.087336 -0.022804856 0.99886513 -0.041813789 -4.1862368 0.61446035 0.046996327 0.78754674 60.532892
0.78385411 -0.0066355333 -0.62090955 -29.784419 -0.025250585 0.99877517 -0.04255077 -4.2576518 0.62043144 0.049031926 0.78272648 61.3572
0.7779547 -0.010569746 -0.62823144 -30.48506 -0.021580451 0.99881909 -0.043528347 -4.3147588 0.62794969 0.0474206 0.7768079 62.212282
0.77293302 -0.012288635 -0.63436858 -31.147076 -0.020636202 0.99879659 -0.044491875 -4.3737862 0.63415197 0.047480198 0.77174928 63.033165
0.76671536 -0.014019888 -0.64183406 -31.902014 -0.019663515 0.9987796 -0.045306251 -4.4410437 0.64168601 0.047357713 0.76550398 63.894309
0.76111867 -0.013737569 -0.64846712 -32.604453 -0.021644206 0.99868093 -0.046560967 -4.5100213 0.64825144 0.049473978 0.75981737 64.70304
0.75655722 -0.013273914 -0.65379273 -33.330109 -0.022861192 0.99864592 -0.046730007 -4.5800222 0.65352779 0.050300406 0.75522933 65.538371
0.75083436 -0.014321445 -0.66033523 -34.076807 -0.020770599 0.99875845 -0.04527843 -4.6433921 0.6601639 0.04771216 0.7496047 66.36537
0.74392025 -0.01698438 -0.66805251 -34.803623 -0.017204416 0.99885887 -0.044552951 -4.7043532 0.66804694 0.044637296 0.74277913 67.174656
0.73766613 -0.017722506 -0.674933 -35.593451 -0.017471656 0.9988196 -0.045322771 -4.772565 0.6749396 0.045225271 0.73648575 68.014443
0.73072421 -0.017899147 -0.68243807 -36.360954 -0.018859606 0.99874538 -0.046389352 -4.8445665 0.68241226 0.046768336 0.72946986 68.819022
0.7255963 -0.015816838 -0.6879388 -37.105343 -0.022285395 0.99867124 -0.046466372 -4.9105474 0.6877597 0.049046816 0.72427967 69.616882
0.72097022 -0.019386963 -0.69269477 -37.911451 -0.017223876 0.99879841 -0.045881057 -4.9710703 0.69275199 0.045009765 0.71976999 70.4381
0.71510326 -0.018736651 -0.69876765 -38.713748 -0.018638942 0.99877417 -0.045855657 -5.0380229 0.69877032 0.04581582 0.71387743 71.219823
0.71038511 -0.018586371 -0.7035677 -39.511799 -0.019859822 0.99872383 -0.046435862 -5.105944 0.70353296 0.046960075 0.70910942 72.020217
0.70572079 -0.018769976 -0.70824135 -40.352237 -0.022756111 0.99853271 -0.049138467 -5.1878473 0.70812454 0.050794857 0.70425816 72.83369
0.70136248 -0.021410109 -0.71248315 -41.166934 -0.022076534 0.99841684 -0.051734367 -5.2541466 0.71246287 0.052013702 0.69977945 73.625056
0.69684086 -0.022681792 -0.71686701 -42.01146 -0.021627019 0.99838083 -0.052611788 -5.3277552 0.71689966 0.052165741 0.69522202 74.428021
0.6911556 -0.022567149 -0.72235352 -42.845493 -0.020970091 0.99846528 -0.051257603 -5.4014214 0.72240171 0.050574799 0.68962164 75.245557
0.68599873 -0.021930236 -0.72727214 -43.688123 -0.021229536 0.99851684 -0.050134113 -5.4763949 0.72729299 0.049831588 0.68451571 75.997737
0.6815712 -0.022930219 -0.73139241 -44.559695 -0.020284075 0.99853279 -0.050207815 -5.5516358 0.73147065 0.04905582 0.68010607 76.790723
0.67799477 -0.024390471 -0.73466193 -45.426416 -0.018935367 0.99853817 -0.050625863 -5.6240662 0.73482283 0.048235163 0.67654181 77.546477
0.67370898 -0.02607189 -0.73853668 -46.299723 -0.016830679 0.99857691 -0.050605159 -5.6986083 0.73880511 0.046523225 0.67231142 78.361278
0.66939281 -0.026890092 -0.74242181 -47.169379 -0.015712899 0.99860871 -0.050336319 -5.7696394 0.7427425 0.045360369 0.66803897 79.117962
0.66485778 -0.028800121 -0.74641452 -48.069356 -0.014113018 0.99859375 -0.051101323 -5.8509262 0.74683666 0.044509274 0.66351637 79.889715
0.65975559 -0.033173036 -0.75074767 -48.962557 -0.011566588 0.99845858 -0.05428325 -5.9355238 0.75139126 0.044497267 0.65835494 80.702963
0.65573771 -0.038281754 -0.75401758 -49.859025 -0.0062248649 0.99840559 -0.056102928 -6.0072934 0.75496315 0.041482464 0.6544539 81.4719
0.64990447 -0.042047279 -0.75885186 -50.797951 -0.00077543508 0.99843124 -0.055986256 -6.091171 0.76001554 0.036974159 0.64885232 82.249317
0.64229128 -0.047089002 -0.76501274 -51.703941 0.0060748517 0.99839237 -0.056353932 -6.17266 0.7664366 0.0315483 0.64154477 83.024377
0.63281894 -0.046977746 -0.77287336 -52.619245 0.0064439851 0.99844276 -0.055412331 -6.2562862 0.77427302 0.030085588 0.63213621 83.760069
0.6249566 -0.045197422 -0.77934997 -53.582439 0.0064938674 0.99858904 -0.052704517 -6.3378974 0.78063251 0.027877041 0.62436832 84.543379
0.61452938 -0.044650229 -0.78762932 -54.596348 0.0056623295 0.99862095 -0.052193316 -6.4257528 0.78887365 0.027614509 0.61393473 85.310761
0.60698161 -0.045990898 -0.79338396 -55.530179 0.0044377633 0.99850466 -0.05448621 -6.5020436 0.79470352 0.029551277 0.60627806 86.009751
0.5973545 -0.048773141 -0.8004928 -56.517569 0.0065224861 0.99841144 -0.055964807 -6.5874941 0.80195082 0.028209626 0.59672369 86.718392
0.58669164 -0.04998135 -0.8082665 -57.528652 0.0056632867 0.99832234 -0.057623191 -6.6683997 0.80979066 0.029229599 0.58599043 87.445073
0.5776984 -0.050526327 -0.81468496 -58.518245 0.007368814 0.99836448 -0.056692758 -6.7593699 0.81621707 0.026748054 0.57712588 88.169163
0.56652435 -0.049796054 -0.82253903 -59.541984 0.008481711 0.998472 -0.054605154 -6.8386015 0.82400138 0.023958611 0.56608106 88.830998
0.55601118 -0.05179221 -0.82955957 -60.569713 0.010614046 0.99841776 -0.055220549 -6.9259834 0.83110707 0.021898259 0.55568117 89.53396
0.54711666 -0.052303374 -0.83542065 -61.625276 0.0087758137 0.99834947 -0.056756619 -7.01361 0.8370104 0.023720996 0.54667264 90.210211
0.53773117 -0.052749699 -0.84146456 -62.676291 0.007065836 0.99828778 -0.058065262 -7.0989699 0.84308678 0.02527785 0.53718318 90.842567
0.5277224 -0.053529761 -0.84772848 -63.734308 0.0060251378 0.99822309 -0.059282004 -7.1895213 0.84939557 0.026176761 0.52710721 91.499754
0.51715266 -0.053093253 -0.8542448 -64.802425 0.0047204527 0.99823588 -0.059184903 -7.2832699 0.8558802 0.026575207 0.51649096 92.160864
0.51018294 -0.05139267 -0.85852903 -65.894797 0.0039200532 0.99834169 -0.057432537 -7.3706481 0.86005701 0.025935621 0.50953837 92.772825
0.50175462 -0.050213959 -0.86355127 -66.977152 0.0051950235 0.99847059 -0.055040778 -7.454508 0.86499444 0.023130796 0.5012481 93.391202
0.49493426 -0.050761897 -0.86744639 -68.12095 0.0058908116 0.99846524 -0.05506787 -7.543447 0.86891049 0.022145012 0.49447368 94.041999
0.48654737 -0.053563976 -0.8720106 -69.200712 0.0071820438 0.99833025 -0.057315969 -7.6373653 0.87362471 0.021624116 0.48611966 94.62387
0.48124606 -0.056801056 -0.87474328 -70.299783 0.0093562303 0.99817439 -0.059668603 -7.7259544 0.87653566 0.02053098 0.48089894 95.235897
0.47611842 -0.061213225 -0.87724804 -71.435417 0.012991738 0.99795508 -0.062584857 -7.8132478 0.87928524 0.018400826 0.47594007 95.798062
0.4693152 -0.064372647 -0.88068118 -72.573161 0.013979827 0.99775593 -0.065480274 -7.9187556 0.88292008 0.018419117 0.46916194 96.408766
0.46299 -0.064668085 -0.88400126 -73.71011 0.014939519 0.99776262 -0.065165687 -8.0231006 0.88623763 0.016964508 0.46292022 97.001712
0.46083137 -0.062302408 -0.88529813 -74.822025 0.017009576 0.99796968 -0.061377479 -8.1244523 0.88732473 0.013226121 0.46095548 97.585719
0.45634496 -0.060341958 -0.88775451 -75.956338 0.020808407 0.99814878 -0.057149178 -8.2263027 0.88955964 0.0076069813 0.45675578 98.175807
0.4508705 -0.059980856 -0.89057174 -77.063197 0.022030916 0.99818347 -0.056074998 -8.317131 0.89231749 0.005662451 0.45137292 98.696132
0.44990779 -0.061430702 -0.8909597 -78.196674 0.025904712 0.99810935 -0.055737457 -8.4082814 0.89269927 0.0019966614 0.45064852 99.269644
0.44887111 -0.059667277 -0.8916022 -79.320891 0.02652124 0.99821826 -0.053450236 -8.5056026 0.8932029 0.00034587006 0.44965379 99.821871
0.44591236 -0.059360859 -0.89310603 -80.447239 0.028504852 0.99823412 -0.052116287 -8.58962 0.89462266 -0.0022185593 0.44681701 100.35953
0.44375072 -0.05942289 -0.89417792 -81.557143 0.029297117 0.99822773 -0.051798372 -8.6799232 0.89567128 -0.0032112703 0.4447052 100.90679
0.44138554 -0.059617645 -0.89533484 -82.632498 0.030733507 0.99820942 -0.051316634 -8.7657135 0.89679113 -0.0048663596 0.44242747 101.46663
0.43911728 -0.059254552 -0.89647356 -83.723587 0.035043474 0.99819301 -0.048812689 -8.8492338 0.89774608 -0.0099810532 0.44040029 101.99763
0.43832574 -0.05981982 -0.89682332 -84.760768 0.039242633 0.99810504 -0.047395521 -8.93501 0.89795914 -0.014419032 0.43984263 102.53127
0.43443229 -0.060313737 -0.8986828 -85.875441 0.040112928 0.99806108 -0.047592369 -9.0235928 0.89981087 -0.015373138 0.43600932 103.06708
0.43485348 -0.06050206 -0.89846641 -86.904421 0.039827677 0.99805625 -0.04793196 -9.0963186 0.89962007 -0.014940451 0.43641789 103.57373
0.43512661 -0.062187099 -0.89821909 -87.971121 0.04097936 0.99794596 -0.04923983 -9.1839639 0.89943627 -0.015382885 0.43678123 104.07642
0.43564114 -0.063842703 -0.89785346 -88.990643 0.042030768 0.99783628 -0.050558623 -9.2656467 0.89913863 -0.015712056 0.43738189 104.58489
0.43722408 -0.062667745 -0.89716653 -90.005048 0.03804329 0.99796517 -0.051168633 -9.3447697 0.89854765 -0.011759009 0.43871849 105.03359
0.44058443 -0.062893257 -0.89550529 -91.062665 0.036496948 0.99797298 -0.052133455 -9.4312841 0.89696901 -0.0097140225 0.44198678 105.5397
0.44780267 -0.062759692 -0.89192708 -92.025852 0.034445401 0.99800397 -0.052929977 -9.5105053 0.89346872 -0.0070206011 0.44907063 106.02663
0.45317193 -0.062890758 -0.88920182 -93.010836 0.034052354 0.99800143 -0.053231443 -9.5902801 0.89077253 -0.0061564198 0.45440781 106.55941
0.4598156 -0.062385359 -0.88582031 -94.009895 0.033812601 0.99803584 -0.052736726 -9.6743205 0.88737049 -0.0057027203 0.46102186 107.03654
0.46871289 -0.061625038 -0.88119834 -95.034684 0.033079404 0.9980884 -0.05220447 -9.7528963 0.88273102 -0.0046806083 0.46985542 107.55403
0.47664808 -0.059466022 -0.87708058 -95.969961 0.029741696 0.99822916 -0.051516812 -9.8267104 0.87859098 -0.0015304755 0.47757263 108.07999
0.48559298 -0.059725655 -0.87214233 -96.960055 0.030205754 0.99821396 -0.051541221 -9.9046442 0.87366305 -0.0013156622 0.48652975 108.61988
0.49544189 -0.060967108 -0.86649886 -97.932998 0.030357981 0.99813977 -0.052871483 -9.9873149 0.86811047 -0.00011040938 0.49637109 109.1677
0.50645132 -0.062540752 -0.85999747 -98.884401 0.028509852 0.99803542 -0.055789738 -10.067703 0.86179714 0.0037363856 0.50723938 109.72227
0.51612138 -0.061637317 -0.85429474 -99.790798 0.024344047 0.99806001 -0.057302539 -10.143118 0.85616946 0.0087780736 0.51662061 110.25749
0.53014204 -0.060535405 -0.84574513 -100.72901 0.023445779 0.99811338 -0.056744761 -10.226789 0.84758467 0.01025363 0.53056117 110.82
0.54200287 -0.057997899 -0.83837287 -101.62666 0.021990374 0.99825288 -0.054841618 -10.302317 0.8400889 0.011288182 0.54233133 111.41166
0.55397553 -0.055910643 -0.83065339 -102.60309 0.021006937 0.99836347 -0.053189231 -10.381264 0.83226791 0.012016049 0.55424345 112.01919
0.56583617 -0.055866841 -0.82262279 -103.41454 0.022432084 0.99837562 -0.05237298 -10.456789 0.82421252 0.011181383 0.56617025 112.61461
0.57656865 -0.055390022 -0.81516899 -104.28876 0.02144662 0.99838165 -0.052669978 -10.53421 0.81676722 0.012885238 0.57682349 113.21237
0.58881356 -0.056311306 -0.80630489 -105.11764 0.021219574 0.99830328 -0.054224388 -10.609024 0.80799033 0.014818608 0.58900941 113.82081
0.59716345 -0.058689918 -0.79996953 -105.94635 0.024602133 0.99819052 -0.054867371 -10.683987 0.80174223 0.013083831 0.59752679 114.41838
0.60808188 -0.057674095 -0.79177653 -106.77587 0.023392769 0.99822622 -0.054746603 -10.763052 0.79352962 0.014768571 0.60835243 115.04802
0.62019829 -0.056530255 -0.7824055 -107.61328 0.024145942 0.99830312 -0.052989222 -10.840108 0.78407341 0.013971907 0.62051086 115.69652
0.62777166 -0.054613344 -0.77647928 -108.3846 0.025027546 0.99843608 -0.049990194 -10.910464 0.77799513 0.011949056 0.62815671 116.33515
0.63902668 -0.053344152 -0.76733256 -109.17398 0.024544295 0.99849842 -0.048974323 -10.984739 0.7687929 0.012462262 0.63937642 116.99793
0.64799159 -0.052012656 -0.75986942 -109.93923 0.021739059 0.9985221 -0.049809953 -11.052917 0.76133722 0.015757585 0.64816463 117.61991
0.65821584 -0.050139849 -0.75115768 -110.67272 0.01784053 0.9985383 -0.051019435 -11.117477 0.75261788 0.020180749 0.65814825 118.26952
0.66760506 -0.049457993 -0.74287102 -111.43167 0.017455459 0.99855661 -0.050793816 -11.188367 0.74431098 0.020943053 0.66750475 118.92793
0.67629991 -0.04903739 -0.73499233 -112.15505 0.019552313 0.9986252 -0.048635537 -11.26148 0.73636688 0.018521409 0.67632893 119.57643
0.68485507 -0.047661681 -0.72711887 -112.83382 0.019841179 0.99870833 -0.046776101 -11.321895 0.72840916 0.017607954 0.68491612 120.23126
0.69327894 -0.047436281 -0.71910643 -113.54114 0.020481082 0.99872518 -0.046136017 -11.39175 0.72037829 0.017257051 0.69336669 120.89107
0.70009175 -0.046223397 -0.71255519 -114.22376 0.019341376 0.99876398 -0.045786667 -11.454763 0.71379094 0.01827307 0.70012045 121.54192
0.70915116 -0.044080561 -0.70367712 -114.89807 0.017296541 0.99883097 -0.045138838 -11.517168 0.70484431 0.019839079 0.70908459 122.21461
0.71504203 -0.042025404 -0.69781711 -115.54195 0.017287919 0.99894917 -0.042446156 -11.57495 0.6988677 0.01828698 0.71501718 122.87233
0.72257488 -0.03967729 -0.69015304 -116.18671 0.016246244 0.99905043 -0.040426521 -11.633979 0.69110176 0.017998794 0.72253335 123.56609
0.7304212 -0.038771467 -0.68189559 -116.83406 0.016676416 0.99910222 -0.038944161 -11.69362 0.68279338 0.017074066 0.73041202 124.23108
0.736801 -0.037299784 -0.67507998 -117.44188 0.015218955 0.99913906 -0.038594434 -11.750335 0.67593839 0.018162406 0.73673432 124.8783
0.74397637 -0.034886437 -0.66729459 -118.03758 0.013119373 0.9992063 -0.037611941 -11.796673 0.66807716 0.019227909 0.74384356 125.55604
0.7542139 -0.031948239 -0.6558511 -118.63502 0.012186893 0.99932468 -0.034665094 -11.85352 0.65651573 0.018152108 0.75409392 126.22566
0.76349054 -0.02808897 -0.64520785 -119.20605 0.010154859 0.99945234 -0.031494421 -11.89788 0.64573919 0.017493697 0.76335765 126.89305
0.77322844 -0.025677774 -0.63360745 -119.75779 0.0083981651 0.99950685 -0.030257553 -11.947091 0.63407199 0.01807486 0.77306277 127.56936
0.78280428 -0.0247637 -0.62177502 -120.28689 0.0069374676 0.99949304 -0.031073082 -11.987543 0.62222934 0.020010598 0.78257923 128.24331
0.79196049 -0.025713977 -0.61003061 -120.80567 0.0070318263 0.99943065 -0.032999014 -12.034618 0.61053188 0.021844286 0.7916904 128.91514
0.80159042 -0.025152735 -0.59734421 -121.29453 0.0070638824 0.99944335 -0.032604976 -12.077318 0.59783185 0.021916268 0.8013219 129.60152
0.81143078 -0.023740634 -0.58396613 -121.80824 0.0068873471 0.99949368 -0.03106346 -12.117005 0.58440798 0.02118387 0.81118345 130.26677
0.82161693 -0.021604727 -0.56963043 -122.30203 0.0066965705 0.99957838 -0.028252708 -12.160132 0.5700007 0.019398333 0.8214152 130.97921
0.83079504 -0.020246971 -0.55621007 -122.75945 0.006940618 0.99963729 -0.026021457 -12.198444 0.55653523 0.017758056 0.83063423 131.67618
0.83965466 -0.019196691 -0.54278128 -123.22366 0.0077756857 0.99969763 -0.02332799 -12.234356 0.54306502 0.015366959 0.83955004 132.37357
0.84779883 -0.018601983 -0.52999159 -123.66927 0.00855871 0.99973439 -0.021398411 -12.264624 0.53024892 0.013605504 0.84773286 133.09862
0.85432164 -0.018653821 -0.5194098 -124.08886 0.0097587044 0.99975527 -0.019853656 -12.300609 0.51965308 0.011892641 0.8542946 133.81861
0.86108484 -0.018593989 -0.50812119 -124.53244 0.010141664 0.9997604 -0.019398326 -12.336936 0.50836018 0.01155041 0.86106709 134.52001
0.8677568 -0.017632167 -0.49667618 -124.96532 0.0094976756 0.99977629 -0.018898733 -12.36688 0.49689834 0.011682235 0.86773014 135.26594
0.87383096 -0.016141526 -0.4859618 -125.38433 0.0081428296 0.99979446 -0.018566793 -12.393924 0.48616166 0.012267134 0.8737828 136.00009
0.88002438 -0.015181864 -0.47468577 -125.7853 0.007452909 0.99980732 -0.018159798 -12.418531 0.47487005 0.012443275 0.87996797 136.75526
0.88543096 -0.015691927 -0.46450594 -126.17 0.0081526964 0.99980049 -0.018234745 -12.45059 0.46469945 0.012358632 0.88538224 137.51735
0.89042668 -0.016869879 -0.45481393 -126.5534 0.0092830823 0.99977811 -0.018909341 -12.480532 0.45503204 0.012615307 0.89038571 138.27132
0.89482295 -0.017377787 -0.44608281 -126.94838 0.0097099025 0.9997633 -0.019469548 -12.511542 0.4463156 0.013090378 0.89477989 139.05302
0.89803978 -0.016612422 -0.43960045 -127.32597 0.0093121689 0.99978068 -0.018758127 -12.541576 0.4398157 0.01275191 0.89799753 139.8279
0.90084956 -0.014993636 -0.43387239 -127.72196 0.0091365125 0.99983685 -0.015581926 -12.570301 0.43403527 0.01007289 0.90083957 140.62452
0.9042125 -0.011136027 -0.42693762 -128.10588 0.0068288029 0.99990919 -0.011618388 -12.59698 0.42702827 0.0075900183 0.90420643 141.43535
0.90727369 -0.0086203608 -0.42045228 -128.48309 0.005117834 0.99994218 -0.0094578784 -12.614075 0.42050954 0.006429079 0.90726535 142.25257
0.91049872 -0.0056326408 -0.4134735 -128.87439 0.0033035531 0.9999744 -0.0063477246 -12.635507 0.4134987 0.0044136633 0.91049402 143.08712
0.9132027 -0.0038516193 -0.40748739 -129.26274 0.0022838839 0.999988 -0.0043336907 -12.646556 0.40749923 0.0030268839 0.91320054 143.93398
0.91626946 -0.0029370943 -0.40055167 -129.65015 0.002412802 0.99999545 -0.0018132601 -12.664996 0.4005552 0.00069498263 0.91627237 144.77813
0.91979428 -0.0026138404 -0.39239219 -130.00897 0.0029695112 0.99999555 0.00029947181 -12.682225 0.3923897 -0.0014406658 0.91979795 145.67225
0.92309308 -0.0028321523 -0.38456616 -130.40073 0.0036419299 0.99999242 0.00137742 -12.697361 0.38455937 -0.0026720502 0.9230964 146.5596
0.92640082 -0.0037712466 -0.37651998 -130.76712 0.0044676701 0.99998954 0.00097643072 -12.695766 0.37651239 -0.0025867336 0.92640798 147.44343
0.93036624 -0.0060940295 -0.36658083 -131.11493 0.0069501472 0.99997533 0.0010156086 -12.726221 0.36656563 -0.0034926791 0.93038565 148.39303
0.93393916 -0.0078810108 -0.3573451 -131.4759 0.0081795596 0.99996632 -0.00067591482 -12.731449 0.35733842 -0.0022916625 0.93397217 149.31507
0.93830739 -0.0086157577 -0.34569495 -131.82632 0.0084061474 0.99996245 -0.002105569 -12.753003 0.34570014 -0.00093029196 0.93834459 150.2633
0.94276042 -0.0072190976 -0.33339266 -132.18622 0.006424002 0.99997329 -0.0034872103 -12.764909 0.33340895 0.0011458885 0.94278161 151.21383
0.94854528 -0.0038137565 -0.31661853 -132.52713 0.0033414362 0.99999235 -0.0020347009 -12.780156 0.31662389 0.00087204506 0.94855077 152.19245
0.954825 7.0306237e-05 -0.29716864 -132.84705 0.00018713856 0.99999963 0.0008378768 -12.787404 0.29716862 -0.00085563769 0.95482464 153.2217
0.96058046 0.0030403325 -0.27798548 -133.15713 -0.0024447712 0.99999391 0.0024890317 -12.802928 0.27799138 -0.0017113046 0.96058205 154.22767
0.96656921 0.0045127308 -0.25636613 -133.44685 -0.0037015558 0.9999865 0.0036465821 -12.819655 0.25637915 -0.0025757207 0.96657286 155.25741
0.97203976 0.0061471408 -0.23473582 -133.69424 -0.0051701028 0.99997522 0.0047774696 -12.822433 0.23475939 -0.0034302824 0.97204746 156.31307
0.97698592 0.0065665461 -0.21320271 -133.94315 -0.0050841575 0.99995895 0.0075004975 -12.840923 0.21324323 -0.0062439245 0.97697919 157.37119
0.98177907 0.0086062708 -0.18983093 -134.16182 -0.0066359087 0.99991734 0.011012765 -12.835613 0.18991004 -0.0095524021 0.98175503 158.48124
0.98566185 0.010548058 -0.16840263 -134.34753 -0.0081124392 0.9998524 0.015144534 -12.851394 0.16853753 -0.013561234 0.98560195 159.57681
0.98938166 0.012537407 -0.14479894 -134.53905 -0.0099109479 0.99977328 0.018845819 -12.840123 0.1450024 -0.017210614 0.98928161 160.71674
0.99231471 0.014131196 -0.12293014 -134.68427 -0.011884077 0.99974897 0.018993754 -12.838945 0.1231677 -0.017386871 0.99223355 161.85296
0.9948083 0.013808814 -0.10082541 -134.81038 -0.0121528 0.99978128 0.017020386 -12.834197 0.1010384 -0.015706711 0.99475853 163.00225
0.99672922 0.013718169 -0.079640856 -134.91655 -0.012487402 0.9997951 0.015931519 -12.824857 0.079843096 -0.014884903 0.9966963 164.14905
0.99816415 0.012362877 -0.059291533 -134.99064 -0.011334806 0.99978008 0.017644364 -12.822786 0.059496633 -0.016939914 0.99808476 165.33509
0.99913108 0.012742858 -0.039682637 -135.05489 -0.011966849 0.99973369 0.019731907 -12.821997 0.039923513 -0.019239886 0.99901749 166.52863
0.99974317 0.0132339 -0.018397466 -135.08772 -0.012855245 0.99970618 0.02055007 -12.81943 0.01866402 -0.020308288 0.99961954 167.75565
0.99989905 0.014200771 0.00046811007 -135.08991 -0.014207489 0.99967633 0.021103944 -12.805466 -0.00016826629 -0.021108465 0.99977718 168.93523
0.99965437 0.014522168 0.021914541 -135.086 -0.014998168 0.9996517 0.021714945 -12.798588 -0.021591562 -0.022036118 0.99952399 170.17005
0.99898468 0.016810029 0.041797592 -135.04293 -0.017713625 0.99961528 0.021342766 -12.787689 -0.041422743 -0.022061484 0.99889812 171.41046
0.99788118 0.018053577 0.062507819 -134.98664 -0.019346653 0.9996099 0.020143487 -12.774964 -0.062119778 -0.021310124 0.99784118 172.65418
0.99636256 0.018208794 0.0832472 -134.9026 -0.019790902 0.99963812 0.018219326 -12.775609 -0.08288533 -0.019800592 0.99636236 173.93089
0.99468925 0.019823235 0.10099668 -134.7919 -0.021512993 0.99964577 0.015669109 -12.767985 -0.1006503 -0.017758636 0.99476336 175.18486
0.99246561 0.02039188 0.12081465 -134.64496 -0.022226903 0.99965687 0.013860514 -12.765031 -0.12049056 -0.016441419 0.99257831 176.47114
0.98993164 0.020301182 0.14008288 -134.47137 -0.022102448 0.99969168 0.011314644 -12.768093 -0.13981 -0.014296899 0.99007513 177.75274
0.98743969 0.021486601 0.15652854 -134.28765 -0.02266271 0.99972673 0.0057326831 -12.772342 -0.15636261 -0.0092080399 0.9876568 179.04343
0.98405658 0.023194879 0.17633672 -134.05194 -0.023468154 0.99972444 -0.00053589271 -12.793501 -0.17630058 -0.0036109486 0.98432976 180.33608
0.98081724 0.025820093 0.19321194 -133.82509 -0.025148283 0.99966615 -0.0059292636 -12.806929 -0.19330054 0.00095657567 0.98113913 181.65387
0.97720051 0.027876918 0.21048051 -133.55524 -0.026422749 0.99960362 -0.0097184586 -12.844487 -0.21066802 0.0039354092 0.97754974 182.96557
0.97302538 0.030124612 0.22872277 -133.25331 -0.02790716 0.99952697 -0.012923895 -12.866294 -0.22900392 0.0061922758 0.97340581 184.29758
0.96895613 0.029555768 0.24545969 -132.93817 -0.027285617 0.9995477 -0.012644991 -12.906357 -0.24572243 0.0055549223 0.96932432 185.61875
0.96450464 0.028493173 0.26252415 -132.59596 -0.026013751 0.99957814 -0.012916038 -12.937526 -0.26278144 0.0056283408 0.96483897 186.95612
0.95933994 0.028148466 0.2808461 -132.19414 -0.024150653 0.99955187 -0.017686438 -12.993304 -0.28121811 0.010184691 0.95958984 188.29383
0.95484398 0.029486825 0.29564082 -131.82266 -0.024089401 0.99947027 -0.021883267 -13.037398 -0.2961295 0.013773296 0.95504849 189.61587
0.9491904 0.031784298 0.31309319 -131.39716 -0.026026388 0.9994068 -0.022553819 -13.076326 -0.31362434 0.013259184 0.94945457 190.96625
0.94341221 0.033580481 0.32991779 -130.94125 -0.027705962 0.99936301 -0.02249333 -13.13963 -0.330463 0.012079793 0.94374164 192.31729
0.93705777 0.037573551 0.34714689 -130.46964 -0.030430125 0.99919847 -0.02600816 -13.17903 -0.34784589 0.013807426 0.93745005 193.64852
0.93034155 0.038670115 0.36464945 -129.9622 -0.030011778 0.99911755 -0.029383807 -13.245074 -0.36546397 0.016393199 0.93068113 194.98933
0.92356527 0.039435317 0.38140796 -129.42874 -0.029419781 0.99905296 -0.032057233 -13.298064 -0.38231097 0.018386009 0.92385079 196.32219
0.91627482 0.03966496 0.39858139 -128.87751 -0.027300427 0.99895511 -0.036652042 -13.376605 -0.39961876 0.022701902 0.91640029 197.63539
0.90747036 0.043187087 0.41789042 -128.28616 -0.027831214 0.99869706 -0.042773931 -13.462707 -0.41919325 0.027185678 0.90748993 198.97112
0.89748505 0.046819208 0.43855277 -127.65719 -0.029289088 0.99848148 -0.046657088 -13.542587 -0.4400713 0.029029229 0.89749349 200.29272
0.88561018 0.049377164 0.46179702 -127.02056 -0.030738946 0.99838376 -0.0478016 -13.625866 -0.46341099 0.028138431 0.88569662 201.61454
0.87244405 0.053850417 0.48573809 -126.34777 -0.033745757 0.99817647 -0.050049475 -13.720957 -0.48754756 0.027273769 0.87267035 202.90942
0.8583908 0.058080342 0.50969784 -125.61786 -0.035834437 0.99793187 -0.05336549 -13.815654 -0.51174325 0.027543712 0.85869681 204.20591
0.84310322 0.061919911 0.53417494 -124.84612 -0.037530789 0.99770177 -0.056414624 -13.9234 -0.53644052 0.027515345 0.84348948 205.48599
0.82795219 0.063430057 0.55719994 -124.04207 -0.036920079 0.99759254 -0.058702973 -14.030597 -0.55958208 0.02803139 0.82830077 206.72149
0.81121717 0.064485874 0.58117833 -123.19461 -0.035764763 0.99751145 -0.060760025 -14.136568 -0.58365025 0.028503871 0.81150474 207.96108
0.79566613 0.066690406 0.60205296 -122.30851 -0.03422588 0.9972826 -0.06523813 -14.256892 -0.60476775 0.031301979 0.79578652 209.16249
0.77872636 0.068981529 0.62355976 -121.40516 -0.032030755 0.99701196 -0.07029353 -14.377458 -0.62654555 0.034766336 0.77860902 210.33817
0.7623497 0.070960674 0.64326315 -120.45331 -0.030612308 0.99681182 -0.073682372 -14.50896 -0.64644091 0.036479966 0.76209146 211.5018
0.74673272 0.072739339 0.66113479 -119.47361 -0.029154183 0.9966262 -0.076721949 -14.64886 -0.66448501 0.038015946 0.74633404 212.64796
0.73012965 0.073442937 0.67935027 -118.47191 -0.027170839 0.99654126 -0.07853192 -14.787026 -0.68276825 0.038879967 0.72959982 213.78283
0.71342595 0.073568907 0.69685794 -117.4347 -0.024895664 0.99650668 -0.079715952 -14.925414 -0.70028827 0.039522688 0.71276527 214.88945
0.69876928 0.074544026 0.71145249 -116.35708 -0.022390635 0.99634753 -0.082403068 -15.07518 -0.71499665 0.04165086 0.69788613 215.97733
0.68370364 0.075896491 0.72580233 -115.2736 -0.019325629 0.99611133 -0.085957773 -15.220768 -0.72950387 0.044743057 0.68251168 217.01514
0.66875879 0.078161952 0.73935941 -114.14325 -0.017174703 0.99581723 -0.089738878 -15.386704 -0.74328107 0.047315387 0.66730394 218.05823
0.65469094 0.080564096 0.75159108 -113.01655 -0.016176904 0.99556962 -0.092625226 -15.537595 -0.75572358 0.048482481 0.65309369 219.05347
0.63755421 0.081408327 0.7660922 -111.85012 -0.014854744 0.99551545 -0.093425493 -15.711132 -0.7702623 0.048183714 0.63590437 220.07412
0.6212352 0.082538982 0.7792651 -110.69648 -0.015482897 0.99553608 -0.093103122 -15.872545 -0.78347123 0.045773657 0.61973999 221.02643
0.60451471 0.083861769 0.79216735 -109.50599 -0.017921077 0.99562315 -0.09172451 -16.044342 -0.7963924 0.041252325 0.60337173 221.97405
0.58589098 0.084581293 0.80596384 -108.28551 -0.020271039 0.99575684 -0.089763061 -16.205889 -0.81013635 0.036253644 0.5851195 222.87794
0.56824665 0.085460192 0.81840836 -107.09471 -0.021335223 0.99578799 -0.089168886 -16.363322 -0.82258168 0.033208997 0.5676765 223.73944
0.54963396 0.089295545 0.8306195 -105.85978 -0.023764766 0.99553985 -0.091299746 -16.545301 -0.83506754 0.030441964 0.5493046 224.60666
0.53197856 0.0924989 0.84169038 -104.62208 -0.025153353 0.99530313 -0.093482593 -16.708849 -0.84638418 0.028559402 0.53180658 225.41745
0.51254958 0.093094937 0.85359604 -103.37652 -0.026320026 0.99534151 -0.092749886 -16.884986 -0.85825419 0.025072246 0.51261213 226.19849
0.49105906 0.091833076 0.86627226 -102.13201 -0.0262051 0.99553512 -0.090681422 -17.045492 -0.87073208 0.021829184 0.49127303 226.92238
0.46930613 0.089799571 0.87845759 -100.87727 -0.025834532 0.99578615 -0.087991572 -17.207252 -0.88265758 0.018600444 0.46964847 227.64859
0.44735841 0.088299584 0.88998515 -99.616691 -0.025962516 0.99597704 -0.085765259 -17.364806 -0.89397789 0.015261558 0.44785119 228.29863
0.42512647 0.087297054 0.90091434 -98.345864 -0.024672945 0.99608597 -0.084876269 -17.521285 -0.90479766 0.013854939 0.42561639 228.93904
0.40565573 0.086935804 0.90988215 -97.085173 -0.02462807 0.99614466 -0.084197846 -17.670671 -0.91369413 0.011746698 0.40623284 229.52952
