1.000000000000000000e+00 4.398956837314658088e-19 2.733407509747682871e-20 -8.673617379884035472e-19 -5.583667658079949532e-19 1.000000000000000000e+00 -6.100159232558060012e-19 0.000000000000000000e+00 4.145284534913582806e-20 -2.210423569125054137e-19 1.000000000000000222e+00 0.000000000000000000e+00
9.998883026481524272e-01 3.230214214750042534e-04 1.494248644214712582e-02 -6.864913102520414645e-02 -3.208661559645447194e-04 9.999999377718740146e-01 -1.466348642266141877e-04 -8.090879907288531236e-03 -1.494253313740007486e-02 1.418239622291264700e-04 9.998883440526049604e-01 2.830472157274482869e-02
9.995163963466545676e-01 1.725810433859645623e-03 3.104826945587734616e-02 -6.391462509441053763e-02 -1.714111367097847279e-03 9.999984495394473871e-01 -4.034156698274632565e-04 -9.930219256682387696e-03 -3.104891807384497007e-02 3.500004157158405457e-04 9.995178048235117130e-01 5.407974875189336394e-02
9.979468867479750482e-01 4.994425364267163561e-03 6.385191426026973205e-02 -2.638254203438199913e-03 -5.085081458485314794e-03 9.999862804170168706e-01 1.257351832854343302e-03 6.787104249045064486e-03 -6.384475959327941263e-02 -1.579462491175917874e-03 9.979585923033020833e-01 4.129106221190288473e-01
9.953841365662166041e-01 4.041222168239860975e-03 9.588581314715881321e-02 3.683311162259281235e-02 -4.354919395671122233e-03 9.999858277106814519e-01 3.062525478058355892e-03 1.576584781650468281e-02 -9.587207953708616615e-02 -3.465964211637521941e-03 9.953876287570976311e-01 5.383747559581286701e-01
9.909692041606730228e-01 1.405868292619962120e-03 1.340822874662205011e-01 1.568674910035674497e-01 -2.106726169758573689e-03 9.999848504082804457e-01 5.085337883198304959e-03 7.107026006579683641e-03 -1.340731091757914883e-01 -5.321887823807283646e-03 9.909571529741573181e-01 7.651044475561177283e-01
9.850204032550623490e-01 -2.517906994306982546e-03 1.724194450866445016e-01 1.640046121950086144e-01 1.504566615786412029e-03 9.999808222258815826e-01 6.007616449108612623e-03 -1.626330699040091921e-02 -1.724312680651987340e-01 -5.658208125432689049e-03 9.850053008741639360e-01 9.038093780588560833e-01
9.762650114883240082e-01 -2.695263031466461640e-03 2.165626061689028270e-01 2.762599795497489574e-01 1.270556359340306585e-03 9.999766288927044444e-01 6.717689391903227530e-03 -2.310314131035356988e-03 -2.165756545449276926e-01 -6.283089967871343350e-03 9.762456192748178996e-01 1.162337218489015056e+00
9.646673936478086242e-01 -2.624860455367237101e-03 2.634576415672570948e-01 3.615619085698862367e-01 -1.070787142987997086e-04 9.999463833070166840e-01 1.035466283363630294e-02 3.840283258164753355e-03 -2.634706999375274750e-01 -1.001701615608759088e-02 9.646153899378123731e-01 1.334065127341619750e+00
9.502035898433627281e-01 -6.218420570649553329e-03 3.115677580243652045e-01 5.302046180630705097e-01 1.032803824629523410e-03 9.998582380869822650e-01 1.680586319847372431e-02 2.518675639449437231e-02 -3.116281008896911175e-01 -1.564720301536278585e-02 9.500753091390986560e-01 1.622143977315117835e+00
9.333452033593925279e-01 -1.587143069643275062e-02 3.586290943625780603e-01 6.425229060694055416e-01 7.387618092021481023e-03 9.996597976323693402e-01 2.501423739715294761e-02 1.000927127768308500e-03 -3.589041058254539562e-01 -2.069750354449919824e-02 9.331449286809485599e-01 1.810108839937481395e+00
9.122940783498111328e-01 -2.166443277125353756e-02 4.089623022030323685e-01 8.089815587841721056e-01 1.022614605991662047e-02 9.994935160979119271e-01 3.013531454421031208e-02 -9.359700259226902408e-03 -4.094080409427791056e-01 -2.331016058359066875e-02 9.120535591699883149e-01 2.039535293829400242e+00
8.877344662889519178e-01 -2.363700915935787808e-02 4.597486336146688335e-01 1.003644951528583684e+00 8.946332101449809907e-03 9.993781669782003663e-01 3.410634069925592288e-02 -7.779339016822969799e-03 -4.602689265646660588e-01 -2.616430998445109721e-02 8.873939075774028851e-01 2.265597192050190500e+00
8.592206104018367263e-01 -2.558405456700509062e-02 5.109651602081858313e-01 1.165686063442853859e+00 6.957633270708161143e-03 9.992408233657624761e-01 3.833233915275268550e-02 2.833960817622041550e-02 -5.115579528842090218e-01 -2.938082741009466481e-02 8.587463139491828823e-01 2.498599343374196202e+00
8.269232631502092534e-01 -3.084894504311778973e-02 5.614679462688800804e-01 1.414810887792982586e+00 8.059826989221072213e-03 9.990416869695687430e-01 4.302030736713794573e-02 2.616446826170011619e-02 -5.622570250237446388e-01 -3.104915816815510474e-02 8.263794481905869516e-01 2.746387414956132034e+00
7.913829332763039348e-01 -3.663881507095594764e-02 6.102217993707188537e-01 1.625993790461107480e+00 1.024231115316510260e-02 9.988569094349295518e-01 4.669014338258042213e-02 2.764967944922692988e-02 -6.112349426726574331e-01 -3.069970075260375353e-02 7.908535762066593033e-01 2.931186591592019663e+00
7.538473327086068210e-01 -4.121639796616043128e-02 6.557555953285603145e-01 1.873708893846294021e+00 1.139313734238070475e-02 9.987004895361892842e-01 4.967422439606004880e-02 3.463376143498716336e-02 -6.569508380185676844e-01 -2.997566761763373680e-02 7.533372833810911828e-01 3.124037240669255144e+00
7.138231928405353033e-01 -4.441096558373050507e-02 6.989163811147804939e-01 2.204884690488819743e+00 1.231288347656867704e-02 9.986288703096534158e-01 5.087997866972245042e-02 3.990477279207430006e-02 -7.002177171927407295e-01 -2.771363241079603454e-02 7.133912747373605256e-01 3.377996767723120186e+00
6.722490077673641817e-01 -4.627666411223376602e-02 7.388773465240552341e-01 2.488797395326053596e+00 1.145808821732412219e-02 9.985752522287223432e-01 5.211696264715838522e-02 5.286778862493630299e-02 -7.402364446379605667e-01 -2.656945410157314155e-02 6.718214635613302121e-01 3.562171277551688497e+00
6.294707367620930860e-01 -4.665085180640075879e-02 7.756225112123390497e-01 2.826375573204738423e+00 7.160815374867624851e-03 9.985019931868818199e-01 5.424474420882925696e-02 8.519699839604762126e-02 -7.769912003562517988e-01 -2.859138897144867728e-02 6.288618423651844980e-01 3.801499493801817842e+00
5.877149524379120527e-01 -4.750929883900731343e-02 8.076719573054518264e-01 3.164516933709935032e+00 4.310064022283530659e-03 9.984441152021371613e-01 5.559471304703805794e-02 1.037930962820031860e-01 -8.090565926032190491e-01 -2.919272573233636439e-02 5.870053026713282218e-01 4.002236486380035707e+00
5.472082293564478617e-01 -4.846779759620547384e-02 8.355920146290641837e-01 3.541012554849728655e+00 2.124215059915993218e-03 9.983991964243957851e-01 5.652019324583379412e-02 1.281690101589458841e-01 -8.369938196964572530e-01 -2.915333713945560817e-02 5.464352113264829836e-01 4.219930137255075486e+00
5.085181228171963275e-01 -5.114297780956869599e-02 8.595310945189945651e-01 3.977021245770175906e+00 1.168485491294122929e-03 9.982745696711764483e-01 5.870705360878638451e-02 1.354589598258726935e-01 -8.610505019226964984e-01 -2.884925046495266307e-02 5.077004688539953348e-01 4.441882953400101641e+00
4.715274297651541047e-01 -5.103777128733154311e-02 8.803732254429488258e-01 4.376691685901945128e+00 -1.774214514961632884e-03 9.982668707217459136e-01 5.882267370042896376e-02 1.588753632975855312e-01 -8.818496182398388727e-01 -2.929847445904568484e-02 4.706196585884324102e-01 4.620166880161360901e+00
4.355467186443359728e-01 -5.038698953784579576e-02 8.987548017987948556e-01 4.819587102526146083e+00 -2.987227218518529945e-03 9.983457558968392709e-01 5.741801215038231515e-02 1.832895039686146532e-01 -9.001611783067519079e-01 -2.769301091685981084e-02 4.346756994126136364e-01 4.800183959174185944e+00
4.015373464608148479e-01 -4.901631277792695834e-02 9.145300140177418102e-01 5.345160714675738056e+00 -1.674805530014755522e-03 9.985257840715201505e-01 5.425360389255620003e-02 2.046910130169478648e-01 -9.158411267585158111e-01 -2.331650733742218762e-02 4.008632996400546267e-01 4.999761855687903989e+00
3.718144959996358412e-01 -4.737473566025145189e-02 9.270974062152259609e-01 5.846467027594838939e+00 1.130242832468617773e-04 9.986992460006901551e-01 5.098826559468571523e-02 2.245423679067008460e-01 -9.283070522170998595e-01 -1.885339096924833549e-02 3.713362100070881078e-01 5.169779813960630577e+00
3.462591435347094904e-01 -4.550194371868430260e-02 9.370347719856962909e-01 6.385527541319685696e+00 1.088994489209640709e-03 9.988418903150677597e-01 4.810085456123035924e-02 2.519220709152343307e-01 -9.381382815476549952e-01 -1.563493417581959116e-02 3.459076875231037462e-01 5.353848130627314461e+00
3.258913518196738246e-01 -4.492825215875912576e-02 9.443390619782038309e-01 6.968610811704390784e+00 2.212063048834378171e-03 9.989036635329507918e-01 4.676085674673222115e-02 2.709988718310210043e-01 -9.454046485477546335e-01 -1.315002041661828165e-02 3.256334480522540265e-01 5.530997335661101744e+00
3.111198780545560982e-01 -4.551229503875934418e-02 9.492802733175235153e-01 7.552703019560722986e+00 3.234328290125581835e-03 9.988975850056703853e-01 4.683111951117983202e-02 3.049864985261265815e-01 -9.503651806832318361e-01 -1.149980727026671951e-02 3.109240952116555379e-01 5.699291373120246362e+00
2.991187387024990540e-01 -4.705173946112164302e-02 9.530551393603388100e-01 8.171188571259328626e+00 4.281955053776444718e-03 9.988396855297848598e-01 4.796819188766071607e-02 3.231053397278338957e-01 -9.542062990704955894e-01 -1.026724488958972482e-02 2.989731390021952984e-01 5.904468452627565256e+00
2.885412482529069456e-01 -4.894364143418935414e-02 9.562156935503239863e-01 8.793351211109314391e+00 3.127081991052573645e-03 9.987354757014140771e-01 5.017639778349662627e-02 3.517976316853036467e-01 -9.574623677602827065e-01 -1.148779468501410182e-02 2.883294302758583894e-01 6.089322036241783920e+00
2.782898929300774982e-01 -5.060028152969094778e-02 9.591633497286955468e-01 9.473461118111362822e+00 1.582964666993205965e-03 9.986341793350423934e-01 5.222327113328721626e-02 3.847895760999562875e-01 -9.604958334452147195e-01 -1.301488595922620575e-02 2.779898959602487007e-01 6.257297617501647480e+00
2.682734624450057170e-01 -5.245820935469222568e-02 9.619134420386580286e-01 1.016786533109818613e+01 8.696060927832577293e-04 9.985290412574266972e-01 5.421252171621201987e-02 4.143617943887421551e-01 -9.633424155329873839e-01 -1.370729423971447751e-02 2.679244598838281255e-01 6.446549645959800401e+00
2.583647787781559457e-01 -5.447786908056614918e-02 9.645101280559871260e-01 1.087463441325188107e+01 -4.402534883695439843e-05 9.984080094450579201e-01 5.640429679300957427e-02 4.423324034320449405e-01 -9.660474396520459806e-01 -1.461534568225414388e-02 2.579510647353596697e-01 6.643858781795564994e+00
2.472639443086489253e-01 -5.605545034170476143e-02 9.673253395199845617e-01 1.159807233725615383e+01 -5.526202212269390891e-04 9.983168580119735624e-01 5.799263382429065139e-02 4.730124782375814685e-01 -9.689480135943384642e-01 -1.487405004513595204e-02 2.468167852546086782e-01 6.827875303552546349e+00
2.367672763990808227e-01 -5.720793186594502755e-02 9.698806593613558125e-01 1.238110625615132854e+01 -1.048851643349379146e-03 9.982493080350693937e-01 5.913728836386148574e-02 5.034462024686678916e-01 -9.715658358566511277e-01 -1.501903474173426137e-02 2.362927658420032051e-01 7.026620740162093703e+00
2.262762968438029598e-01 -6.010595017926268629e-02 9.722069204603127623e-01 1.312283333600160162e+01 -2.341736101611887385e-03 9.980578911360658001e-01 6.224919411957949983e-02 5.342130896485596248e-01 -9.740603525942436169e-01 -1.636216829644684609e-02 2.256960900102546741e-01 7.200543174004271130e+00
2.154229601863494881e-01 -6.358909912667216890e-02 9.744482328763128809e-01 1.390870030773382737e+01 -4.217268234492114673e-03 9.978076820216047471e-01 6.604577428490845947e-02 5.850626162588937751e-01 -9.765117406764755037e-01 -1.833728492090576714e-02 2.146825109089860184e-01 7.371476741465079030e+00
2.022742399971929894e-01 -6.744116708940031679e-02 9.770039941408295014e-01 1.471024941054897894e+01 -4.203635970885205402e-03 9.975570292723410226e-01 6.973021398312551078e-02 6.217721957468144156e-01 -9.793199059357293734e-01 -1.821159430191326284e-02 2.014965904696521537e-01 7.549584072499444964e+00
1.898748236248008203e-01 -6.995158377247831516e-02 9.793131832746843068e-01 1.547837822148159503e+01 -5.221019250956256130e-03 9.973726104793485536e-01 7.225383567516041605e-02 6.595821892373482376e-01 -9.817944333020425240e-01 -1.883219641815212300e-02 1.890107285700615980e-01 7.695746567861646348e+00
1.760417666592152264e-01 -7.055325972754954156e-02 9.818510668533418917e-01 1.631083434516506614e+01 -5.842183084227355917e-03 9.973357639971383026e-01 7.271342857866171239e-02 6.961765866434136418e-01 -9.843653703320562887e-01 -1.853675324439090985e-02 1.751605634149862589e-01 7.830512261053129031e+00
1.619652758889084110e-01 -6.983934167656817571e-02 9.843219489597017091e-01 1.708903288318295566e+01 -7.364198570052330611e-03 9.973790687171730784e-01 7.197750909035359468e-02 7.377252311099840032e-01 -9.867689876914484959e-01 -1.890659853035402127e-02 1.610264638760595668e-01 7.963582718494500945e+00
1.450258737141585930e-01 -6.878663161846283736e-02 9.870338791503292519e-01 1.789065170348853329e+01 -8.823360200723176505e-03 9.974508664962631332e-01 7.080901916930976148e-02 7.776306459957241790e-01 -9.893885290517578923e-01 -1.897809443884930850e-02 1.440492527945102241e-01 8.070336380241043273e+00
1.245501107083047954e-01 -6.741709060665102005e-02 9.899202942736698985e-01 1.869718411566286065e+01 -1.105591372970451090e-02 9.975327535646152377e-01 6.932656272309228873e-02 8.150891844484507986e-01 -9.921517292796654397e-01 -1.957910355763568463e-02 1.234974559716277565e-01 8.168694347744589024e+00
1.002222136560001475e-01 -6.601453769074548672e-02 9.927726687254168070e-01 1.953579458486381171e+01 -1.556647661612430185e-02 9.975703446306889433e-01 6.790502405385287488e-02 8.599952730576589932e-01 -9.948433092576962622e-01 -2.225956350510079756e-02 9.895109307306880486e-02 8.261792190312085893e+00
6.870897525754166013e-02 -6.542025080955687910e-02 9.954894526951618694e-01 2.035168594608722614e+01 -1.994572341047667549e-02 9.975580990585306562e-01 6.693285518573907633e-02 8.977721963941591721e-01 -9.974373474880995349e-01 -2.445464433045235059e-02 6.723633912837066740e-02 8.299563685415057179e+00
3.614435059591314392e-02 -6.537028071382057492e-02 9.972062450341371287e-01 2.119999169066547040e+01 -2.279294715438518956e-02 9.975447740939104024e-01 6.621861692848626801e-02 9.429272772934886859e-01 -9.990866252840701067e-01 -2.512269731061295489e-02 3.456562530411452783e-02 8.329019926352099645e+00
1.604037235637000578e-03 -6.460304372591266220e-02 9.979097436869682758e-01 2.203686162173888619e+01 -2.470485445144190648e-02 9.976039012992372612e-01 6.462295470999397662e-02 9.698035039603303264e-01 -9.996935103058905980e-01 -2.475687175135375326e-02 4.183618526161806722e-06 8.320473164067092142e+00
-3.255125871852614788e-02 -6.357731892765448867e-02 9.974458996749220319e-01 2.289372846017873897e+01 -2.579865872046925926e-02 9.976956961141081326e-01 6.275131205806859513e-02 1.001833851998237712e+00 -9.991370586740433435e-01 -2.369013130420672200e-02 -3.411646167274569319e-02 8.283415741384908770e+00
-6.530835629726783331e-02 -6.160297760042440091e-02 9.959617836325109774e-01 2.373568019267221629e+01 -2.795975101897070492e-02 9.978136826263978021e-01 5.988411389171770238e-02 1.038532378694442482e+00 -9.974733520612718563e-01 -2.393590959000376980e-02 -6.688797680985267280e-02 8.241353292002777664e+00
-9.806851040567265976e-02 -5.849875679601674455e-02 9.934588292767826401e-01 2.455968052785937061e+01 -2.979568535802167017e-02 9.979959040317638586e-01 5.582466022651026011e-02 1.075059210834823809e+00 -9.947335328698531098e-01 -2.412614456577870728e-02 -9.961498363827724079e-02 8.142541742943405936e+00
-1.296483877389423278e-01 -5.419797344939313033e-02 9.900777030374076082e-01 2.538259624198935072e+01 -2.707303636515096326e-02 9.983262969278293708e-01 5.110435973207877458e-02 1.105243009058683334e+00 -9.911903768234839873e-01 -2.017881092447068245e-02 -1.308986999238344051e-01 8.011560473843895025e+00
-1.614258301843209675e-01 -4.870349796699453143e-02 9.856823289302073521e-01 2.623261588193694038e+01 -2.272319994647579999e-02 9.987001480049200186e-01 4.562532821970622515e-02 1.117087451964781986e+00 -9.866232179410303615e-01 -1.503274922764161019e-02 -1.623227011977600442e-01 7.875102208835443207e+00
-1.921966525641480572e-01 -4.268293362803755875e-02 9.804277622499708578e-01 2.708389363289917995e+01 -1.658649710207438580e-02 9.990522758625202115e-01 4.024224417722669506e-02 1.142097310292121692e+00 -9.812162612157887542e-01 -8.527436629977139249e-03 -1.927224648845292654e-01 7.694519559522302821e+00
-2.209929399874559497e-01 -3.705230295226177861e-02 9.745713060392054983e-01 2.788110094430297181e+01 -1.107219958160996984e-02 9.993089752725720087e-01 3.548208474700999260e-02 1.149645319219534390e+00 -9.752125630058512407e-01 -2.949356752220566417e-03 -2.212504802595730569e-01 7.492769563078083728e+00
-2.491953679987660430e-01 -3.037385106081329916e-02 9.679767978427649133e-01 2.870600511893147555e+01 -1.983438682468655935e-03 9.995219623615553273e-01 3.085308276777411207e-02 1.176007687735162399e+00 -9.684512122151622826e-01 5.768523791403319841e-03 -2.491364892616826088e-01 7.270581392539526178e+00
-2.751520656329142778e-01 -2.014637613212277509e-02 9.611896004060853649e-01 2.952525407090642418e+01 4.227292753266977988e-03 9.997453975319949837e-01 2.216461352809823843e-02 1.171135699046663259e+00 -9.613914324578176629e-01 1.016187015969787465e-02 -2.749968479567695412e-01 7.029829546596467083e+00
-3.004052901855742141e-01 -5.365277505055944009e-03 9.537965502503408244e-01 3.030392022250541828e+01 8.135930712395758255e-03 9.999333853261009875e-01 8.187278239098080834e-03 1.165227423607971824e+00 -9.537769569470626596e-01 1.021952545877193377e-02 -3.003416285987063339e-01 6.764577617069607030e+00
-3.247058511159693905e-01 1.143978189240329839e-02 9.457458568381528208e-01 3.106827951719364833e+01 8.887058900807019018e-03 9.999196112671148162e-01 -9.043847231782685750e-03 1.126074276088856463e+00 -9.457733055470489703e-01 5.468310078820738662e-03 -3.247814157691778503e-01 6.470361555230716988e+00
-3.500451699659387628e-01 2.619301819122958272e-02 9.363665356825225938e-01 3.186367779496292840e+01 7.554379623345514050e-03 9.996554136190226592e-01 -2.513931893248821242e-02 1.103383924581567532e+00 -9.367023673814184326e-01 -1.726227916979781269e-03 -3.501224224881708813e-01 6.184007730203728848e+00
-3.749569953569139580e-01 3.737840370499206227e-02 9.262883413023045298e-01 3.261913619345381221e+01 1.153260891132129248e-02 9.992975707655583628e-01 -3.565619116987336218e-02 1.067830928670860935e+00 -9.269704768468116640e-01 -2.687016176238671197e-03 -3.751246864181035923e-01 5.873923135253332539e+00
-3.982245904345317333e-01 4.167708401634700327e-02 9.163406469202813875e-01 3.339897514399937961e+01 1.533395445395503015e-02 9.991301639305462112e-01 -3.877867109611628921e-02 1.016081249037213530e+00 -9.171597785848440987e-01 -1.391493717075392711e-03 -3.985172761214276771e-01 5.541285239236744431e+00
-4.207278281852960822e-01 4.115867456835513305e-02 9.062527480524525947e-01 3.412479342955385420e+01 1.740680177491074967e-02 9.991526192979232057e-01 -3.729673667348767929e-02 9.702445014439372573e-01 -9.070199069132226510e-01 8.318788478215532578e-05 -4.210877537095100709e-01 5.168623976468816217e+00
-4.411907155961063975e-01 3.785896994781567937e-02 8.966144301778445902e-01 3.487338443125440079e+01 2.196470566814845427e-02 9.992659864314612506e-01 -3.138534731292012131e-02 9.425312589140180108e-01 -8.971445354785021475e-01 5.846949225285177389e-03 -4.416984380197470639e-01 4.802288679705907448e+00
-4.594814458904944443e-01 3.657556802607760810e-02 8.874339493790899258e-01 3.560158833787250643e+01 2.900583150009613392e-02 9.992367271295764519e-01 -2.616533672066358174e-02 9.095034867574552928e-01 -8.877136225552106907e-01 1.371827392982747501e-02 -4.601916421821773961e-01 4.394002389441539869e+00
-4.730567668260313163e-01 3.736884820365000276e-02 8.802390871563097186e-01 3.630599140069307396e+01 3.273990872737989055e-02 9.991556222244282193e-01 -2.482218564970376656e-02 8.614380004983320793e-01 -8.804234245789401836e-01 1.707664558305576133e-02 -4.738807821256252883e-01 4.004950216851994149e+00
-4.842817962396678277e-01 4.044720687061758441e-02 8.739766309705639946e-01 3.699605962424023176e+01 3.529038215596030231e-02 9.990209216943742865e-01 -2.667933445256354119e-02 8.065916668718640103e-01 -8.742000591215660643e-01 1.792265439249025177e-02 -4.852350450589336672e-01 3.600670637995760703e+00
-4.941117223348458487e-01 4.322335514822921165e-02 8.683232887466320049e-01 3.769810123511995670e+01 3.699723967096316124e-02 9.989040044112242889e-01 -2.867044066046358156e-02 7.647389672882900502e-01 -8.686108579448451605e-01 1.795916510637200411e-02 -4.951693241210943786e-01 3.221741529598172171e+00
-5.048955671797671352e-01 4.240626525288696685e-02 8.621381336222757596e-01 3.839460741589646631e+01 3.072194252839834799e-02 9.990425089739052300e-01 -3.114847440189842664e-02 7.041299238648577319e-01 -8.626335495075102555e-01 1.075983256832805171e-02 -5.057149382644717805e-01 2.824504942733786717e+00
-5.161909962714311684e-01 4.137772695032541914e-02 8.554733928107445262e-01 3.908886507539812527e+01 2.926473419204978291e-02 9.991011677718448780e-01 -3.066646114244647725e-02 6.898985822088764541e-01 -8.559733890377084764e-01 9.205451326774740858e-03 -5.169379365546521443e-01 2.406269126065689434e+00
-5.246872960231736549e-01 4.259884217253658706e-02 8.502285380491727551e-01 3.976587772331622972e+01 3.116905123094882921e-02 9.990388524966613559e-01 -3.081982144963569398e-02 6.463284331924414872e-01 -8.507242464593504083e-01 1.033004909269609646e-02 -5.255107608312692413e-01 1.966462214833983868e+00
-5.320165637161138328e-01 4.564394334225480021e-02 8.455028050681306917e-01 4.044447444665962621e+01 3.513064219148609446e-02 9.988760816293984490e-01 -3.181841398966430562e-02 6.042325592952394464e-01 -8.460048614758337582e-01 1.277513427236207783e-02 -5.330221227608316070e-01 1.540016859260848969e+00
-5.358486097689000305e-01 4.889894057568153901e-02 8.428968786889748932e-01 4.114143560729680615e+01 3.591562977399802986e-02 9.987379738989513589e-01 -3.510736345180322238e-02 5.672403425724792392e-01 -8.435498483203505149e-01 1.146094134740632993e-02 -5.369285922722494275e-01 1.095044907711282045e+00
-5.355609667628186132e-01 5.026206704596650893e-02 8.429995033082149369e-01 4.183693575958923816e+01 3.507622997723825603e-02 9.986897907864230595e-01 -3.726070058335437946e-02 5.173800755253294970e-01 -8.437678120385549985e-01 9.613868617341505413e-03 -5.366222748618586502e-01 6.745825622350849482e-01
-5.320227109860329318e-01 5.092153264160931975e-02 8.451975032665383081e-01 4.257627522612588677e+01 3.736882885710251373e-02 9.986294868624973065e-01 -3.664312397053385434e-02 4.802632193859258658e-01 -8.459050876727329804e-01 1.208906771539957660e-02 -5.331964461021307944e-01 1.805532665514166801e-01
-5.266380499021452444e-01 5.003670759698151949e-02 8.486157429665671659e-01 4.333301205686909441e+01 3.581854024936961811e-02 9.986857918313852833e-01 -3.665680436511298962e-02 4.313084567849896356e-01 -8.493346857400236871e-01 1.109131019244781816e-02 -5.277381808973021782e-01 -2.444002413779810257e-01
-5.193664681393527216e-01 4.874455581231691009e-02 8.531602585941528982e-01 4.407571685799712213e+01 3.392107542078135612e-02 9.987609353356979858e-01 -3.641365993754152458e-02 3.927802506702395835e-01 -8.538781203351416549e-01 1.002808053180840805e-02 -5.203764084583969440e-01 -7.081279072542399078e-01
-5.121244207643895763e-01 4.794447086968803978e-02 8.575720914519238125e-01 4.486368400618759011e+01 3.178974474867990452e-02 9.988147927890368427e-01 -3.685677383707348931e-02 3.419019442044018975e-01 -8.583227842116387674e-01 8.386744934927081729e-03 -5.130415909086165627e-01 -1.174704534754014595e+00
-5.058795333791114013e-01 4.657879970694040611e-02 8.613456331144951905e-01 4.567868297664811195e+01 2.885964478919959483e-02 9.988959537630028862e-01 -3.706743052363637575e-02 2.934344022454667411e-01 -8.621212390622313704e-01 6.106475535040714955e-03 -5.066652678128278353e-01 -1.623262038436468657e+00
-5.011929822052032524e-01 4.432188399454072697e-02 8.641997174639581836e-01 4.648390443675070571e+01 2.481344859689755405e-02 9.990128665289431664e-01 -3.684542348064911294e-02 2.472515779513200229e-01 -8.649797105600269820e-01 2.977108546321586939e-03 -5.017980178455523355e-01 -2.096999225353276319e+00
-5.000040695279422964e-01 4.144425400113149749e-02 8.650308033352790416e-01 4.731825009098280788e+01 2.014862073969089437e-02 9.991405846658431011e-01 -3.622326761161435982e-02 2.135600571161677674e-01 -8.657886438906086113e-01 -6.826027093968921756e-04 -5.004094041381849101e-01 -2.542096767003805713e+00
-5.002347138463739684e-01 3.891365142114265596e-02 8.650149971238618729e-01 4.815940535556332236e+01 1.735510297874238994e-02 9.992395648819683007e-01 -3.491550287099566552e-02 1.622560102902791401e-01 -8.657159140362464811e-01 -2.453521325319673718e-03 -5.005296694490410925e-01 -3.037339695565349107e+00
-5.013512721997166466e-01 3.773054662795607278e-02 8.644207853729346525e-01 4.901159795860012025e+01 1.589110751366587526e-02 9.992817847105383011e-01 -3.440039848558252428e-02 1.196563280968757081e-01 -8.650979059617747158e-01 -3.510079007936827995e-03 -5.015907754412708419e-01 -3.517403347942851699e+00
-5.019901072231939265e-01 3.708960212565950987e-02 8.640777049222941875e-01 4.988868355060993309e+01 1.596416129764587424e-02 9.993071898646742612e-01 -3.361972348648955417e-02 6.747918547690949509e-02 -8.647260202665985052e-01 -3.082491839033293934e-03 -5.022344289969616904e-01 -4.022129484314516112e+00
-5.014886634657368392e-01 3.653468363199355307e-02 8.643924593479972440e-01 5.077115449230731770e+01 1.573002470460531377e-02 9.993278575365446281e-01 -3.311192297781393595e-02 2.073167638638180599e-02 -8.650212130749146411e-01 -3.008338353928245810e-03 -5.017262843336548483e-01 -4.530425731725053140e+00
-5.020679394053796374e-01 3.592306994758943939e-02 8.640817691318082305e-01 5.164848507807410982e+01 1.617350434275104804e-02 9.993522112008408342e-01 -3.214927206037414970e-02 -1.979557603747193750e-02 -8.646769421574752590e-01 -2.165887618293066939e-03 -5.023237085626141019e-01 -5.034808450582654693e+00
-5.024890391248995059e-01 3.527750328065092783e-02 8.638635597169783686e-01 5.253386288324948339e+01 1.560196890872271938e-02 9.993745051970664983e-01 -3.173605044955047499e-02 -8.127011792802997514e-02 -8.644428011377714993e-01 -2.469044185539513107e-03 -5.027251345683610984e-01 -5.543933897779318443e+00
-5.025845697343505059e-01 3.386043203283922026e-02 8.638646930465151419e-01 5.343156737230562214e+01 1.408598912931977379e-02 9.994207843359704802e-01 -3.097871398501990045e-02 -1.248019428409468251e-01 -8.644132966867968948e-01 -3.401034060825078309e-03 -5.027704237729951897e-01 -6.047522383608957774e+00
-5.026885514802137411e-01 3.318996224171930076e-02 8.638302108069497720e-01 5.433794267405922085e+01 1.353788015215838525e-02 9.994424009054266866e-01 -3.052233685533362745e-02 -1.803053423145400402e-01 -8.643615900329593149e-01 -3.648798534920101675e-03 -5.028575757464096574e-01 -6.563508098663158208e+00
-5.020638264963723785e-01 3.220904962366085561e-02 8.642305697671580633e-01 5.520548996164658462e+01 1.227110260508608094e-02 9.994709452141561368e-01 -3.012058581074166658e-02 -2.314938160880262163e-01 -8.647435148588001885e-01 -4.517393678435770860e-03 -5.021934489955962588e-01 -7.069359746305254433e+00
-5.007602112117940374e-01 3.088428808279636631e-02 8.650348883525947885e-01 5.613252248582115556e+01 1.152020460255681437e-02 9.995125420742434486e-01 -2.901660041880973345e-02 -2.918532665890269384e-01 -8.655093922675909379e-01 -4.564979157180104261e-03 -5.008719062133210054e-01 -7.603132385262765247e+00
-4.989111601808551844e-01 2.874410016168334886e-02 8.661763200237614369e-01 5.701675860095524229e+01 1.237411297156525841e-02 9.995842132101200317e-01 -2.604384776524886619e-02 -3.387013411149197850e-01 -8.665647973221385358e-01 -2.275401748506738174e-03 -4.990594034729330941e-01 -8.094341054935062729e+00
-4.961860802944818016e-01 2.739544588164322114e-02 8.677838726534159441e-01 5.790472245810785523e+01 1.283111462312877191e-02 9.996242839694775562e-01 -2.422092840720214274e-02 -3.838644153151964944e-01 -8.681213905042080015e-01 -8.834522560863954273e-04 -4.963511705575671118e-01 -8.615251787453326315e+00
-4.930411864906251163e-01 2.684870425364521002e-02 8.695915833436442810e-01 5.881047540602814649e+01 1.258667308217873392e-02 9.996392246855770880e-01 -2.372753902414488636e-02 -4.402224501285955660e-01 -8.699149249052614552e-01 -7.533880822395479801e-04 -4.932012464884713010e-01 -9.116843544138287569e+00
-4.915502636989725893e-01 2.739564201205006017e-02 8.704181772866017575e-01 5.968933777649484540e+01 1.316430629074183747e-02 9.996246068213674452e-01 -2.402803474008302284e-02 -4.840848804367750002e-01 -8.707497067536500435e-01 -3.525343857432456100e-04 -4.917263849305484880e-01 -9.623622096756720978e+00
-4.907662850096419227e-01 2.765339883823433875e-02 8.708523005153286922e-01 6.056493121706864713e+01 1.283661314499332483e-02 9.996172111157629603e-01 -2.450821455955307440e-02 -5.382420483361820551e-01 -8.711966984495829180e-01 -8.490103878003393443e-04 -4.909334023396750291e-01 -1.010339782217321414e+01
-4.913749752036756235e-01 2.861089988901548489e-02 8.704780505242671884e-01 6.146745304898733053e+01 1.242517430859093469e-02 9.995888534882639842e-01 -2.584064632584887403e-02 -5.772054376894240058e-01 -8.708594957312629781e-01 -1.881604512791479463e-03 -4.915284447401072065e-01 -1.060461162482051556e+01
-4.940693012535091744e-01 3.056714536120875084e-02 8.688850105296838100e-01 6.233997249699293519e+01 1.122558636751922259e-02 9.995227407298979960e-01 -2.877980112416472780e-02 -6.281106473718134353e-01 -8.693500585156671567e-01 -4.465471603480302559e-03 -4.941766374527271077e-01 -1.109105165175918195e+01
-4.987085727000718505e-01 3.108766001779945248e-02 8.662120429356938711e-01 6.322837182893322705e+01 9.999681319863885226e-03 9.994964510073471864e-01 -3.011396315851483721e-02 -6.795777409153636039e-01 -8.667120503826620803e-01 -6.356246321036898746e-03 -4.987683164130853886e-01 -1.157436110961088538e+01
-5.039146840422644713e-01 3.019207017521650244e-02 8.632255884803078372e-01 6.410712612037239921e+01 1.038501409398388982e-02 9.995284448879016015e-01 -2.889704694065854326e-02 -7.184089799658675002e-01 -8.636910066587708545e-01 -5.597035491533343746e-03 -5.039906067862384154e-01 -1.208394685262841151e+01
-5.091773286305552038e-01 2.786526271525104764e-02 8.602104171247337838e-01 6.495459329981765961e+01 1.322636181798005767e-02 9.996110564304091506e-01 -2.455196919322517532e-02 -7.780403815313181592e-01 -8.605600057844533524e-01 -1.123850944850244291e-03 -5.093478446403253423e-01 -1.259617357850046382e+01
-5.148133621284621819e-01 2.569840725477773313e-02 8.569170209063858845e-01 6.582618131286851337e+01 1.034297049176048817e-02 9.996640552231990107e-01 -2.376551361352689795e-02 -8.258077637335018428e-01 -8.572398947954105175e-01 -3.371735601498645866e-03 -5.149062123420836690e-01 -1.310659613284284752e+01
-5.197871414585465422e-01 2.765716874835104713e-02 8.538479931227789255e-01 6.666380878451420244e+01 1.138340835169342376e-02 9.996113109243318640e-01 -2.544887159438210394e-02 -8.786589221192184773e-01 -8.542199702580911547e-01 -3.508294944834858264e-03 -5.198999399223248608e-01 -1.360915155840166868e+01
-5.241451024470646924e-01 2.995133261300211500e-02 8.511021184927910488e-01 6.748768868711904645e+01 1.166883556368938750e-02 9.995401247105132336e-01 -2.798887900632977474e-02 -9.222100864533933073e-01 -8.515490366232104646e-01 -4.738862301928383272e-03 -5.242535594394747145e-01 -1.414035392938774471e+01
-5.297082474981323896e-01 3.037055750161039500e-02 8.476360001293568036e-01 6.833964770417092893e+01 1.042981750319129687e-02 9.995164074084244010e-01 -2.929454228426870213e-02 -9.747665115640291589e-01 -8.481157958980873879e-01 -6.676871001257743063e-03 -5.297688450792030768e-01 -1.465743776917417840e+01
-5.334446591032354634e-01 3.065247763665330388e-02 8.452793670151156347e-01 6.916282782194795686e+01 9.401667909547687871e-03 9.994962810308802847e-01 -3.031159558350451227e-02 -1.014639651138984799e+00 -8.457827239055696333e-01 -8.222522026706549636e-03 -5.334641385145111325e-01 -1.516674752203688392e+01
-5.367295154207570862e-01 2.906026331174577787e-02 8.432537669299090544e-01 6.997249287218700431e+01 8.288070906189911116e-03 9.995400784076157175e-01 -2.917086767230050656e-02 -1.088797048942108381e+00 -8.437136640101594587e-01 -8.667917815730072709e-03 -5.367235166368801158e-01 -1.566975543197762377e+01
-5.392951310282885213e-01 2.332990998948762315e-02 8.417935994391056997e-01 7.081763250245194286e+01 1.106270506774003660e-02 9.997261865796849278e-01 -2.061961212204435276e-02 -1.123365877565822180e+00 -8.420441733264313333e-01 -1.807541194571807416e-03 -5.394055578816525642e-01 -1.622059164471731663e+01
-5.412027041765706814e-01 1.585238530398643680e-02 8.407427204592285985e-01 7.163517033737555550e+01 1.232200605124062973e-02 9.998644436123713675e-01 -1.092073926270718982e-02 -1.147051347027140844e+00 -8.408018867410312902e-01 4.449304238305547450e-03 -5.413246750629671089e-01 -1.673999768797869336e+01
-5.432147852047198855e-01 1.356951566859603171e-02 8.394840990432587136e-01 7.243906759012701002e+01 1.325315284669286234e-02 9.998833937776276937e-01 -7.586353879639658529e-03 -1.170472688661898575e+00 -8.394891676624144372e-01 7.004792477716155832e-03 -5.433312830263117288e-01 -1.724888701935926605e+01
-5.440204387140472608e-01 1.754902195003811907e-02 8.388884200393226243e-01 7.325110165053273192e+01 1.212650078031297582e-02 9.998412840426591508e-01 -1.305199917515348189e-02 -1.223115329255357819e+00 -8.389843394092459938e-01 3.072227717460000989e-03 -5.441469033974830616e-01 -1.776617459689133582e+01
-5.454250670065677875e-01 2.226032520790309846e-02 8.378639277471857660e-01 7.405773611159541758e+01 1.185488007126221308e-02 9.997521486446382388e-01 -1.884417890284440997e-02 -1.276137217737136620e+00 -8.380757540974694830e-01 -3.453102420877551555e-04 -5.455537773288497982e-01 -1.827998468822494260e+01
-5.457371901958549820e-01 2.809864672663717547e-02 8.374851476414916229e-01 7.487022094303995345e+01 1.892835386543765749e-02 9.995959886948319051e-01 -2.120322552842048014e-02 -1.300036148791015034e+00 -8.377425906251496635e-01 4.280827465983153175e-03 -5.460485685086827745e-01 -1.882025308755847348e+01
-5.457750892936829024e-01 2.920378574231404997e-02 8.374226400318065533e-01 7.565273049275697304e+01 2.239628144899055706e-02 9.995438425037873609e-01 -2.026113157064838091e-02 -1.338585522199993827e+00 -8.376323596709241981e-01 7.697133233622021134e-03 -5.461801872793915491e-01 -1.934041448908413585e+01
-5.454418451792436562e-01 2.602377140301342928e-02 8.377445577692774759e-01 7.642722367070048506e+01 2.193692508248353337e-02 9.996187054227753110e-01 -1.676946780842918788e-02 -1.373277802374214041e+00 -8.378615496230837900e-01 9.230771142322567388e-03 -5.458047538643731045e-01 -1.985838779478498139e+01
-5.446362944052671740e-01 2.137808031134220965e-02 8.383998280657212199e-01 7.725285846655062016e+01 2.026684426871138561e-02 9.997186244111057052e-01 -1.232586693278207163e-02 -1.405010638013989510e+00 -8.384274407184381106e-01 1.027860527643563275e-02 -5.449163144513857748e-01 -2.037967245419819662e+01
-5.437691011493013260e-01 1.574499406204596733e-02 8.390871510020387891e-01 7.804637157209882048e+01 1.863328461717174075e-02 9.998040332943538555e-01 -6.685482920923947747e-03 -1.435514820293231297e+00 -8.390279952831677379e-01 1.199959170252499520e-02 -5.439559226458187124e-01 -2.088943631064493545e+01
-5.435444678223579906e-01 8.393250952362093370e-03 8.393384013648608200e-01 7.887248474314745295e+01 9.714115960489679708e-03 9.999459397749723699e-01 -3.708566036729686946e-03 -1.452519680119125800e+00 -8.393241680049458031e-01 6.137660997621785172e-03 -5.435966178788542713e-01 -2.140979767268112610e+01
-5.417240720291590650e-01 3.331524347414208283e-03 8.405497711970963959e-01 7.965525923282808662e+01 8.279362831026081245e-04 9.999937751846319500e-01 -3.429885214120676189e-03 -1.488600621090279130e+00 -8.405559802290527571e-01 -1.162128804557221963e-03 -5.417234593673362353e-01 -2.187528942041190660e+01
-5.402857404840178956e-01 4.344039912807009726e-03 8.414704005796294073e-01 8.042946952565628749e+01 4.900664387331925970e-03 9.999859599586508052e-01 -2.015779164014881199e-03 -1.501722431459737717e+00 -8.414673574977901138e-01 3.034668252286929543e-03 -5.402994447137784428e-01 -2.238286166560255808e+01
-5.368850956433897093e-01 7.227200495411532574e-03 8.436244121025392451e-01 8.126079706852215168e+01 9.815068486550535681e-03 9.999491395512167813e-01 -2.320069915615933891e-03 -1.529965991233161349e+00 -8.435982872091155604e-01 7.034621424973173422e-03 -5.369287260799699979e-01 -2.290991876462944532e+01
-5.317333925511383841e-01 9.843444582305937648e-03 8.468545877551785228e-01 8.203760606725059290e+01 1.012138781026926566e-02 9.999349026270427654e-01 -5.267637034125611552e-03 -1.560437706361964993e+00 -8.468513261069401388e-01 5.770366181510018684e-03 -5.317984086145662870e-01 -2.337359713817740925e+01
-5.240668330860139834e-01 1.219347713856781291e-02 8.515898428230057604e-01 8.282183105475614582e+01 1.568367893992311107e-02 9.998661216729095580e-01 -4.664860056061661230e-03 -1.577746423995530334e+00 -8.515327290166745389e-01 1.091136428690660937e-02 -5.241879116731994470e-01 -2.385046984924023761e+01
-5.155011439710963650e-01 1.454706716052559662e-02 8.567653938394511615e-01 8.363176418595169537e+01 2.296742167925916109e-02 9.997312344095760084e-01 -3.155384220560007551e-03 -1.609422222902814559e+00 -8.565810412147425446e-01 1.805108901281089751e-02 -5.156967048326961400e-01 -2.437007600437716093e+01
-5.061290387778506483e-01 1.494750271552285070e-02 8.623282175537383409e-01 8.439810471802913128e+01 2.255604275282844032e-02 9.997372120547539653e-01 -4.090443900476478135e-03 -1.621866940390709333e+00 -8.621627649567531471e-01 1.738042080799507422e-02 -5.063331918911240237e-01 -2.481954696025790597e+01
-4.951563032791605479e-01 1.225780740882764265e-02 8.687174269099893209e-01 8.524489651118000211e+01 1.885726052852109910e-02 9.998165426341828477e-01 -3.359281009873603657e-03 -1.644209422705223300e+00 -8.685992467703119724e-01 1.471826276601256693e-02 -4.952966130976622083e-01 -2.528094100965608959e+01
-4.835202398522285838e-01 8.630825990634449427e-03 8.752906218174781872e-01 8.606149059848112870e+01 1.930094130709411604e-02 9.998133967044786630e-01 8.033692035469767578e-04 -1.676574072865701703e+00 -8.751203711297513843e-01 1.728237930688233254e-02 -4.835965976786761877e-01 -2.574667099657993674e+01
-4.723331047719223075e-01 7.598640878703467882e-03 8.813873636276371437e-01 8.684967516141581712e+01 1.924179615344397479e-02 9.998134277721493213e-01 1.692008973429240696e-03 -1.698277160549734210e+00 -8.812100795275753518e-01 1.775866896296819999e-02 -4.723911932704000782e-01 -2.614090305818332638e+01
-4.600022970346854811e-01 6.752850632617437079e-03 8.878920382070412121e-01 8.771246316389809294e+01 1.872997990641842719e-02 9.998223740558089823e-01 2.099561354446204380e-03 -1.711937338429279531e+00 -8.877201629063320443e-01 1.759600421242372634e-02 -4.600470706973744939e-01 -2.656751764221617051e+01
-4.480966318016539884e-01 9.103245470047111737e-03 8.939387703281271857e-01 8.853642835639898578e+01 2.359256520216356998e-02 9.997203023260240462e-01 1.645583454244396162e-03 -1.726408950038617718e+00 -8.936737730749232389e-01 2.182769030232193166e-02 -4.481860703856145878e-01 -2.698515763169280035e+01
