1 0 0 0 0 1 0 0 0 0 1 0
0.99994374 -0.0024559301 0.010318688 0.0039849123 0.0024465024 0.99999658 0.00092619127 -0.0068708411 -0.010320929 -0.00090089448 0.99994633 0.28650253
0.99984272 -0.0040949594 0.01725566 0.012559806 0.0040753402 0.99999101 0.0011719961 -0.01253709 -0.017260305 -0.0011014891 0.99985042 0.58792978
0.99978629 -0.0073784095 0.019311268 0.028661951 0.0073800577 0.99997277 -1.4056648e-05 -0.019144992 -0.01931064 0.00015657194 0.99981352 0.88134504
0.99980608 -0.0089259561 0.017553613 0.035246396 0.0089552643 0.99995863 -0.0015917117 -0.020472624 -0.017538681 0.0017486003 0.99984466 1.1887164
0.99987834 -0.011245213 0.010809883 0.034238436 0.011275276 0.99993272 -0.0027240353 -0.02489021 -0.010778524 0.0028455884 0.99993786 1.5038761
0.99991889 -0.012655947 -0.0014275948 0.018290149 0.012649523 0.99991021 -0.0044232915 -0.034131116 0.0014834477 0.0044048744 0.9999892 1.8324425
0.99978824 -0.011574375 -0.01701484 -0.0038466565 0.011491462 0.99992166 -0.0049627304 -0.038045718 0.017070949 0.0047661542 0.99984292 2.1518579
0.99932926 -0.0078409355 -0.035770664 -0.038845742 0.0076520894 0.99995607 -0.0054132241 -0.042951409 0.03581154 0.005135873 0.99934536 2.4910621
0.99842276 -0.0035959109 -0.056027304 -0.085787085 0.0032550778 0.99997565 -0.0061734141 -0.048595674 0.056048143 0.005981304 0.99841015 2.8478733
0.99711949 -0.0035469298 -0.075763745 -0.13532302 0.0030537732 0.9999734 -0.0066239979 -0.056909698 0.075785231 0.0063735522 0.99710379 3.1974407
0.99533084 -0.0048728949 -0.096399034 -0.1889483 0.0042977295 0.99997171 -0.0061732421 -0.061668341 0.096426397 0.0057301213 0.99532362 3.5956151
0.9931343 -0.0055510167 -0.11684798 -0.2497478 0.0049399974 0.99997257 -0.005518143 -0.071500872 0.11687541 0.0049030284 0.99313448 3.9690323
0.99103296 -0.0049669571 -0.13352526 -0.31444969 0.0043648457 0.99997895 -0.0048016893 -0.075045217 0.13354631 0.0041758152 0.99103378 4.3647165
0.98862083 -0.0039813485 -0.15037623 -0.39207582 0.0034256358 0.99998631 -0.0039543441 -0.08736954 0.15038993 0.0033942127 0.98862093 4.7733374
0.98658066 -0.0035325012 -0.16323642 -0.47725903 0.0028663929 0.99998658 -0.0043159868 -0.092299473 0.16324949 0.0037901694 0.98657754 5.1948641
0.98449712 -0.0048283792 -0.17533427 -0.56996021 0.003967857 0.9999783 -0.0052581332 -0.098800963 0.17535587 0.0044809157 0.98449492 5.6376904
0.98271741 -0.0075553188 -0.18495785 -0.65187569 0.0063751172 0.99995535 -0.006974796 -0.11600388 0.1850023 0.0056751255 0.9827217 6.0752587
0.98115513 -0.0068092415 -0.19310161 -0.7515275 0.0052940541 0.99995103 -0.0083615047 -0.11809455 0.19314911 0.0071816429 0.98114313 6.5255362
0.97964354 -0.0062514693 -0.20064755 -0.86501601 0.0042279774 0.99993581 -0.010511753 -0.1222482 0.20070041 0.0094494378 0.97960709 7.0110067
0.97808998 -0.0074723439 -0.20804843 -0.97082225 0.0048627804 0.999903 -0.013051685 -0.13469634 0.20812579 0.011754029 0.97803144 7.4851653
0.97616961 -0.010374816 -0.2167608 -1.0915462 0.0072802724 0.99985994 -0.015069989 -0.14433411 0.21688681 0.013132788 0.97610842 7.9860622
0.97427308 -0.017025453 -0.22472672 -1.2057831 0.013731635 0.99977428 -0.016211905 -0.16419418 0.22495203 0.012708957 0.97428696 8.4917355
0.97240965 -0.01747044 -0.2326247 -1.3392409 0.013582001 0.99974016 -0.018306879 -0.18765053 0.2328841 0.014642277 0.97239426 9.0121464
0.97037815 -0.013786934 -0.24119736 -1.4933204 0.008558112 0.9997054 -0.022712803 -0.19294243 0.24143946 0.019975814 0.97021027 9.5499243
0.96818276 -0.011125199 -0.24999672 -1.6493534 0.004717348 0.99964516 -0.026216332 -0.2081116 0.2501997 0.024202879 0.9678917 10.078666
0.96594606 -0.013823479 -0.25837398 -1.8007426 0.0067492428 0.99957819 -0.028246823 -0.23385156 0.25865548 0.025541079 0.96563192 10.648157
0.96352461 -0.015405189 -0.26717599 -1.9670935 0.00785228 0.99953938 -0.029314868 -0.25885849 0.26750455 0.026147656 0.96320176 11.200593
0.96140755 -0.015575163 -0.27468695 -2.1422353 0.0069865515 0.99945646 -0.032217671 -0.28332743 0.27503947 0.029055198 0.96099381 11.77535
0.95893085 -0.014622375 -0.28326278 -2.3347161 0.0046453909 0.99934598 -0.035861412 -0.30708722 0.28360193 0.033072748 0.95837161 12.35763
0.95686885 -0.015335431 -0.29011517 -2.5206987 0.0036765704 0.99916508 -0.040689466 -0.33684192 0.29049696 0.037867854 0.95612632 12.955436
0.95508389 -0.016528245 -0.29587425 -2.7197819 0.0024374099 0.99884772 -0.047930053 -0.37704052 0.29632554 0.045056056 0.95402365 13.573036
0.95372446 -0.016940199 -0.30020438 -2.9307983 7.8630458e-05 0.9984257 -0.056090245 -0.41610296 0.30068198 0.053471034 0.95222435 14.188133
0.95255537 -0.017092428 -0.30388503 -3.1320367 -0.0028086113 0.99788578 -0.064931293 -0.45841359 0.30435241 0.062704148 0.95049346 14.800951
0.95111806 -0.016455256 -0.3083888 -3.3609042 -0.0066954763 0.99724602 -0.073861716 -0.50995097 0.30875495 0.072316023 0.94838852 15.46078
0.94981725 -0.015435999 -0.31242424 -3.5881976 -0.010442474 0.9966603 -0.080988875 -0.56793311 0.31263101 0.080187114 0.94648396 16.08939
0.94806567 -0.014798827 -0.31773017 -3.823558 -0.013727337 0.99608267 -0.087354849 -0.62967126 0.3177783 0.087179725 0.94414864 16.764205
0.94668119 -0.013194822 -0.32190155 -4.0642108 -0.017935287 0.99545304 -0.09354979 -0.69908733 0.32167228 0.094335225 0.94214002 17.426468
0.94498692 -0.011603277 -0.32690225 -4.3116671 -0.021746133 0.99493135 -0.098176971 -0.77107241 0.3263845 0.099884815 0.93994478 18.089288
0.94320801 -0.0086056916 -0.33209122 -4.587076 -0.026880005 0.99440952 -0.10211356 -0.85537765 0.33111345 0.10524094 0.9377037 18.795579
0.94139579 -0.0075361655 -0.33721975 -4.8459039 -0.029025241 0.99423216 -0.10324702 -0.92967935 0.33605284 0.1069842 0.93574723 19.483596
0.9391226 -0.0072452145 -0.3435058 -5.130367 -0.029731227 0.99431379 -0.10225528 -1.0159855 0.34229344 0.10624309 0.93356715 20.183343
0.93694285 -0.0070864972 -0.34941075 -5.4134102 -0.03012994 0.99443398 -0.10096164 -1.1038683 0.34818142 0.10512301 0.93151429 20.925032
0.93460292 -0.0070795911 -0.35562235 -5.6874082 -0.030004146 0.99466929 -0.098654688 -1.1846048 0.35442509 0.10287311 0.92940841 21.642827
0.93160414 -0.0062047122 -0.36342155 -5.9759648 -0.030699712 0.99493833 -0.095683049 -1.2713387 0.36217575 0.10029566 0.92669818 22.356808
0.9281502 -0.0034259559 -0.37219008 -6.3132259 -0.032635063 0.99535742 -0.090545906 -1.3584676 0.3707724 0.096186649 0.92372938 23.174882
0.9245339 -0.0011486116 -0.38109807 -6.6197793 -0.033722602 0.99582619 -0.084811511 -1.4387556 0.37960489 0.091262737 0.92063633 23.894208
0.92133175 0.00097067791 -0.38877608 -6.9630759 -0.035248878 0.99608682 -0.081046725 -1.5096465 0.38717609 0.088374843 0.91776063 24.639194
0.91740074 0.0011313797 -0.39796305 -7.2912703 -0.035505869 0.99624073 -0.07901734 -1.5844411 0.39637763 0.086620591 0.91399215 25.379912
0.91346524 0.0030817856 -0.40690509 -7.6565051 -0.038457232 0.9961493 -0.078788454 -1.6666406 0.40509544 0.087618959 0.91006627 26.151315
0.91042905 0.0049812519 -0.41363526 -8.0165269 -0.040585058 0.99617894 -0.077332854 -1.7378605 0.41166955 0.087193489 0.90715241 26.912223
0.90571329 0.0040712235 -0.42387127 -8.4043621 -0.039837546 0.99634563 -0.075553708 -1.8088457 0.42201472 0.08531599 0.90256566 27.706068
0.90254801 0.0042759539 -0.43056799 -8.7898545 -0.039674668 0.99652276 -0.07326881 -1.8834152 0.42875754 0.083211262 0.89957927 28.484105
0.89891896 0.0045056656 -0.43809175 -9.1769723 -0.038553956 0.99688136 -0.068856045 -1.9533748 0.43641529 0.078786176 0.89628927 29.265206
0.89523767 0.0057740226 -0.44555152 -9.5896066 -0.037979883 0.99726598 -0.063388366 -2.0158186 0.44396741 0.073669649 0.89300937 30.071839
0.89198447 0.0053218218 -0.4520347 -10.002058 -0.036000226 0.99759124 -0.059293319 -2.0826709 0.45063034 0.069162072 0.89002748 30.85228
0.88760981 0.0049043733 -0.46057004 -10.44047 -0.03505576 0.99776226 -0.056934739 -2.1458648 0.45926021 0.066681467 0.88579549 31.66901
0.88448846 0.0052594077 -0.4665324 -10.884385 -0.035637636 0.99777675 -0.056316262 -2.2160202 0.46519903 0.066437197 0.88270945 32.49839
0.88194724 0.0049720391 -0.4713219 -11.322033 -0.034569962 0.99793363 -0.054160681 -2.2663823 0.47007872 0.064060444 0.8802967 33.308986
0.87898329 0.0039016819 -0.4768366 -11.804765 -0.033174119 0.99804409 -0.052985538 -2.3318756 0.47569725 0.062392038 0.87739351 34.168946
0.8755617 0.00061478463 -0.4831059 -12.283956 -0.030138901 0.99812082 -0.053352352 -2.3901345 0.4821653 0.061273558 0.87393489 35.001753
0.87385501 0.0013939257 -0.4861846 -12.761125 -0.031261163 0.99808769 -0.053326374 -2.4471102 0.48518057 0.061798216 0.8722275 35.835075
0.87274557 0.0018770831 -0.48817171 -13.233968 -0.032208921 0.9980351 -0.053745015 -2.5128105 0.48711166 0.062629209 0.87109117 36.712527
0.8721922 0.0015606201 -0.48916082 -13.742621 -0.031491349 0.99809965 -0.052965918 -2.5721143 0.48814863 0.061600796 0.87058387 37.550914
0.87226946 0.0015960254 -0.48902292 -14.271824 -0.030567162 0.9982172 -0.051264713 -2.6354132 0.48806931 0.059664687 0.87076317 38.49009
0.87185106 0.00061798733 -0.48977069 -14.783055 -0.029245547 0.9982805 -0.050800986 -2.6992421 0.48889718 0.058614506 0.87036998 39.36431
0.87105728 -0.0012864705 -0.49117973 -15.274833 -0.027442209 0.99830718 -0.051280671 -2.7638832 0.49041427 0.05814746 0.86954744 40.266186
0.86938095 -0.0024566527 -0.49413632 -15.795325 -0.026763558 0.99828575 -0.052050752 -2.8233893 0.49341716 0.05847678 0.86782487 41.183585
0.86877451 -0.0021300263 -0.49520329 -16.329356 -0.026037914 0.99841101 -0.049974862 -2.8920792 0.4945229 0.056310947 0.86733857 42.090045
0.86688259 -0.0026779704 -0.49850515 -16.890906 -0.023686928 0.99863483 -0.046555383 -2.957626 0.49794932 0.052166107 0.86563572 43.036616
0.86429517 -0.0033540862 -0.50297375 -17.430058 -0.020575343 0.998905 -0.042017265 -3.0198312 0.50256397 0.046664176 0.86327975 43.957763
0.86046036 -0.0037515109 -0.50950355 -17.963646 -0.019260221 0.99901872 -0.039882912 -3.0838001 0.50915324 0.044130816 0.85954376 44.836551
0.85476906 -0.0087911772 -0.51893405 -18.551021 -0.015156868 0.99900726 -0.041889852 -3.1408339 0.51878719 0.043671565 0.85378725 45.774542
0.84972299 -0.0093342417 -0.52714674 -19.094805 -0.017468768 0.99879585 -0.045844188 -3.2083472 0.52693994 0.048163466 0.84853674 46.631277
0.84274206 -0.0088667544 -0.53824453 -19.680288 -0.018262944 0.99881784 -0.045048711 -3.2639292 0.53800772 0.047794374 0.84158387 47.527329
0.83763494 -0.0070938279 -0.54618437 -20.284121 -0.017865413 0.99902491 -0.040373919 -3.3273768 0.54593824 0.043576415 0.83669144 48.443863
0.83364683 -0.0041350883 -0.55228239 -20.881065 -0.018411176 0.99920814 -0.035272229 -3.3861886 0.55199096 0.03957275 0.83291056 49.315835
0.82926979 -0.0020426366 -0.55884471 -21.509865 -0.022007777 0.99909825 -0.036309152 -3.4426972 0.55841498 0.042409013 0.82847704 50.212684
0.82523032 -0.0048726574 -0.56477531 -22.110248 -0.022371959 0.998896 -0.041307215 -3.4938083 0.56435312 0.046723097 0.82421025 51.063142
0.82324613 -0.0063273412 -0.56764932 -22.720067 -0.0255886 0.99850793 -0.048240372 -3.5627572 0.56710763 0.054239052 0.82185588 51.913216
0.81994433 -0.0070308503 -0.57240006 -23.346574 -0.026307159 0.99840531 -0.049947658 -3.6251465 0.57183848 0.056012519 0.81845182 52.807437
0.81565605 -0.0060550711 -0.57850541 -23.946595 -0.025434343 0.99860313 -0.046312941 -3.6912574 0.57797779 0.052489337 0.81436268 53.628725
0.81369748 -0.0028829903 -0.58128141 -24.602875 -0.025098574 0.99888088 -0.040088 -3.7584168 0.58074651 0.04720884 0.8127145 54.514108
0.81084724 -0.0059485715 -0.58522759 -25.234914 -0.019500302 0.99911854 -0.03717373 -3.8081595 0.58493292 0.041554332 0.81001651 55.395611
0.80860474 -0.0022458765 -0.58834794 -25.890071 -0.024810683 0.99897302 -0.037912267 -3.8680015 0.58782891 0.045253354 0.8077186 56.230985
0.80500218 -0.0024015532 -0.59326696 -26.544881 -0.026134933 0.9988775 -0.039505881 -3.9291495 0.59269594 0.047307313 0.8040358 57.14099
0.80050069 -0.0034135294 -0.59932209 -27.178069 -0.026924222 0.9987694 -0.041650702 -3.9916091 0.59872679 0.049477697 0.79942368 57.979125
0.79552419 -0.0051108331 -0.60590024 -27.828248 -0.025863591 0.99876663 -0.042382621 -4.0447502 0.60536961 0.049387157 0.79441084 58.787009
0.79281676 -0.0069241297 -0.60942072 -28.507273 -0.023292473 0.99886068 -0.041650868 -4.1112293 0.60901484 0.047216422 0.79175221 59.703651
0.78795824 -0.0072311376 -0.6156862 -29.173851 -0.022760149 0.9989056 -0.040860538 -4.1656105 0.61530791 0.046209507 0.78693131 60.520156
0.78317704 -0.0071760919 -0.62175735 -29.872025 -0.024113959 0.99883066 -0.041902518 -4.2343271 0.62133105 0.047810121 0.7820882 61.382982
0.77792446 -0.0088686412 -0.62829519 -30.555461 -0.022852889 0.99883956 -0.042394356 -4.2979941 0.62794212 0.047337968 0.77681906 62.20741
0.77279818 -0.011348007 -0.63455036 -31.260338 -0.021181683 0.99882192 -0.043658951 -4.3522628 0.6342983 0.047180403 0.7716474 63.030026
0.76635005 -0.0094751683 -0.64235332 -31.968329 -0.024716748 0.99871603 -0.044219717 -4.4219626 0.6419476 0.049764668 0.76513188 63.874904
0.76219203 -0.01389467 -0.64720184 -32.662488 -0.020483697 0.99875134 -0.04556512 -4.4818926 0.64702687 0.047986457 0.76095569 64.718
0.7556168 -0.013050719 -0.65488388 -33.395499 -0.022415318 0.99870069 -0.045765597 -4.5488343 0.65463031 0.049260684 0.75434248 65.53546
0.74974951 -0.013872553 -0.66157629 -34.13322 -0.020159866 0.99883728 -0.043791277 -4.6083297 0.66141461 0.046169778 0.74859809 66.365617
0.74301842 -0.014383064 -0.66911637 -34.873046 -0.019621737 0.99887113 -0.043260244 -4.6790834 0.6689833 0.045272384 0.74189743 67.171716
0.73619413 -0.015624901 -0.67658999 -35.662791 -0.019267459 0.99884432 -0.044031737 -4.7439093 0.67649612 0.045452077 0.73504228 67.974659
0.73090475 -0.017226274 -0.68226201 -36.445895 -0.018999748 0.99878034 -0.045572328 -4.8127625 0.68221499 0.046271838 0.72968601 68.806088
0.72537376 -0.015242758 -0.6881864 -37.188941 -0.022096907 0.99872393 -0.045411858 -4.8702647 0.68800048 0.048147362 0.72411132 69.592719
0.72098767 -0.016970186 -0.69274003 -37.985957 -0.019645558 0.99879765 -0.044914374 -4.9336671 0.69266938 0.045991975 0.7197874 70.397782
0.71630749 -0.016602998 -0.69758718 -38.793609 -0.01999816 0.99881777 -0.044307294 -5.0008101 0.69749816 0.045688107 0.71512862 71.205979
0.71176125 -0.017705223 -0.70219827 -39.612792 -0.020279731 0.99874758 -0.045738328 -5.0744192 0.70212869 0.046795162 0.71051077 72.013593
0.70535474 -0.019043295 -0.70859862 -40.415475 -0.021008433 0.99863835 -0.047750249 -5.138428 0.70854314 0.048567411 0.70399422 72.799993
0.70177388 -0.020406981 -0.71210739 -41.27631 -0.022256413 0.99847367 -0.050546873 -5.2127471 0.71205205 0.051321432 0.70024855 73.600962
0.69617472 -0.021859149 -0.71753947 -42.116285 -0.021640931 0.99844297 -0.051413173 -5.2799613 0.71754614 0.051320774 0.6946177 74.421143
0.69012357 -0.021412441 -0.72337468 -42.971209 -0.021294483 0.99852854 -0.04987285 -5.3582589 0.72337822 0.049822319 0.68865211 75.169487
0.68710874 -0.021675242 -0.72623118 -43.790119 -0.019934939 0.99861616 -0.048665931 -5.4286299 0.72628109 0.047916161 0.68572579 75.976834
0.68118545 -0.023244259 -0.73174178 -44.659158 -0.018605286 0.99862343 -0.049041767 -5.5079859 0.73187449 0.047020804 0.67981528 76.775354
0.67878226 -0.021955295 -0.73401129 -45.506791 -0.021339515 0.99854109 -0.049601617 -5.5776451 0.73402951 0.049332143 0.67732346 77.568684
0.67371683 -0.024499612 -0.73858334 -46.441338 -0.017784504 0.9986233 -0.049347988 -5.6512903 0.7387756 0.046381909 0.67235361 78.377638
0.67002475 -0.024386008 -0.74193807 -47.296786 -0.017941038 0.99863639 -0.049025241 -5.7238852 0.74212195 0.046159264 0.66867359 79.170589
0.66547854 -0.028331521 -0.74587907 -48.165307 -0.013523935 0.99865769 -0.049999229 -5.8002976 0.74629449 0.043360634 0.66420211 79.927138
0.66123864 -0.031663893 -0.74950705 -49.081915 -0.012259234 0.9985193 -0.052999217 -5.8815113 0.75007548 0.044233513 0.65987137 80.719393
0.65755674 -0.035693248 -0.75255902 -49.97385 -0.0086876376 0.9984515 -0.054946642 -5.9584314 0.75335497 0.042668495 0.65622842 81.521362
0.6508101 -0.040475315 -0.75816087 -50.86751 -0.001691366 0.99849823 -0.054757887 -6.0367763 0.75923869 0.036919314 0.64976428 82.293053
0.6421909 -0.04474988 -0.76523738 -51.819724 0.0036723972 0.99846266 -0.055306634 -6.1236911 0.76653598 0.032707162 0.64136798 83.053428
0.63465304 -0.044910664 -0.77149109 -52.734575 0.0050459732 0.99852947 -0.053976228 -6.2059964 0.77278076 0.030363254 0.63394639 83.838754
0.62549121 -0.043672834 -0.77900794 -53.691488 0.0056722145 0.99866036 -0.051432604 -6.280291 0.78021063 0.027751942 0.624901 84.598989
0.61784563 -0.04274238 -0.78513681 -54.616614 0.0045811605 0.99870019 -0.050763603 -6.365407 0.7862861 0.027767232 0.61723836 85.327996
0.6097528 -0.043722203 -0.79138476 -55.576287 0.002590242 0.99858192 -0.053173622 -6.4425674 0.79258745 0.030372887 0.60900138 86.060813
0.59705364 -0.04720204 -0.80081138 -56.588867 0.0055775962 0.99848752 -0.054695181 -6.5231224 0.80218196 0.028189354 0.59641388 86.776634
0.58856808 -0.048810099 -0.80697282 -57.592209 0.0057198807 0.99840219 -0.056216975 -6.6027095 0.80842746 0.028471729 0.58790685 87.49596
0.578803 -0.048536713 -0.81402164 -58.571722 0.0066249137 0.99847404 -0.054824252 -6.6871548 0.81544053 0.026339618 0.57824132 88.202139
0.56770433 -0.049705936 -0.82173053 -59.616762 0.010107612 0.99852114 -0.053416894 -6.7678321 0.82317051 0.022019268 0.56736718 88.903111
0.55755984 -0.049899097 -0.82863566 -60.657305 0.0095335488 0.99851085 -0.053713916 -6.8539565 0.83008204 0.022048884 0.55720527 89.577354
0.54959918 -0.050357284 -0.83390937 -61.70481 0.0083683314 0.99846344 -0.05477895 -6.9385166 0.8353866 0.023128035 0.54917609 90.261191
0.53922156 -0.05163904 -0.84057924 -62.757471 0.0075752831 0.99837536 -0.056473426 -7.0236143 0.84212991 0.024084063 0.5387367 90.914302
0.52898351 -0.051640965 -0.84705938 -63.800312 0.0044620287 0.99830225 -0.058074974 -7.1192628 0.84862041 0.0269411 0.52831586 91.590569
0.51735377 -0.052045777 -0.85418748 -64.907019 0.0046612096 0.99830548 -0.058003765 -7.2049679 0.85575897 0.026026919 0.5167197 92.188779
0.51140396 -0.049751836 -0.85789899 -65.976137 0.0033720202 0.99843115 -0.055891566 -7.2930149 0.85933386 0.025690315 0.51076941 92.869907
0.50312248 -0.0479805 -0.86288214 -67.02212 0.0040298597 0.99857702 -0.053176105 -7.3785931 0.86420576 0.0232768 0.5025999 93.452691
0.49239056 -0.04865237 -0.86901348 -68.157768 0.0051267548 0.99858127 -0.053001456 -7.4549353 0.8703593 0.021642197 0.49194142 94.061901
0.48997696 -0.052006598 -0.87018264 -69.314479 0.0071709359 0.99842552 -0.055633288 -7.5476151 0.87170593 0.021019005 0.48957843 94.709852
0.48038298 -0.054431277 -0.87536813 -70.397509 0.0081083229 0.99830532 -0.057625964 -7.6404839 0.87702139 0.020584764 0.48001023 95.334276
0.47591731 -0.05703143 -0.87763891 -71.486711 0.0093787483 0.99816764 -0.059777909 -7.7257569 0.87944006 0.020218187 0.47558014 95.896475
0.46947932 -0.061213789 -0.88081892 -72.606278 0.011373381 0.99793033 -0.063290567 -7.8265005 0.88287025 0.019695723 0.46920386 96.482062
0.4658208 -0.061514436 -0.88273829 -73.770607 0.012704351 0.99794285 -0.062838488 -7.9298592 0.88478791 0.018056857 0.46564403 97.114713
0.46064899 -0.060505941 -0.88551763 -74.873146 0.016378375 0.99808335 -0.059677288 -8.0278751 0.88743131 0.012986942 0.46075708 97.66357
0.45764495 -0.05874036 -0.88719254 -75.992146 0.02075343 0.9982492 -0.055387994 -8.1214527 0.88889283 0.0069357463 0.45806277 98.247586
0.45490523 -0.05708164 -0.88870853 -77.113666 0.019977928 0.9983466 -0.053897533 -8.2143919 0.89031578 0.0067637134 0.45529346 98.815385
0.45169224 -0.057548402 -0.89031581 -78.209799 0.022227316 0.99833361 -0.053253686 -8.2988529 0.89189693 0.0042649456 0.45221869 99.369403
0.44851255 -0.056056748 -0.89201685 -79.343343 0.02330161 0.99842537 -0.051027528 -8.3889038 0.89347277 0.0021010569 0.44911252 99.939481
0.44605532 -0.056155095 -0.89324195 -80.428249 0.026192378 0.9984213 -0.049687762 -8.480704 0.89462209 -0.0012326409 0.44682197 100.484
0.4423377 -0.056263546 -0.89508196 -81.528068 0.0271992 0.99841274 -0.049317283 -8.5659699 0.89643607 -0.0025306205 0.44316592 101.02335
0.44170089 -0.057109768 -0.8953428 -82.630636 0.029901129 0.99835457 -0.04892924 -8.6463736 0.89666399 -0.0051596723 0.44268175 101.54788
0.43961374 -0.056552285 -0.89640478 -83.746823 0.033966251 0.99834873 -0.046326027 -8.7282052 0.89754449 -0.010081953 0.44080869 102.0929
0.43843914 -0.056866369 -0.89696001 -84.815335 0.03714821 0.99829008 -0.045132339 -8.8103606 0.89799287 -0.013532676 0.43980193 102.629
0.43363245 -0.056895614 -0.89929179 -85.911974 0.037560739 0.99827851 -0.045046685 -8.8941987 0.9003067 -0.01424436 0.435023 103.14372
0.43360546 -0.057164018 -0.89928778 -86.952325 0.037397406 0.99826755 -0.045424019 -8.9710596 0.9003265 -0.013934928 0.43499205 103.643
0.4329951 -0.059777817 -0.89941191 -87.992781 0.040536826 0.99808047 -0.0468204 -9.048815 0.90048436 -0.016186301 0.43458715 104.15871
0.43442765 -0.059219624 -0.8987578 -89.002775 0.037525852 0.99815987 -0.047630614 -9.1279664 0.89992472 -0.013034597 0.43585052 104.63583
0.43688408 -0.059552222 -0.89754429 -90.050399 0.035868457 0.99816582 -0.048769331 -9.2050759 0.89880244 -0.010886985 0.43821881 105.11221
0.43984085 -0.059630807 -0.89609381 -91.061082 0.034836974 0.99817508 -0.049324368 -9.2870663 0.89739984 -0.0095223258 0.44111554 105.5821
0.44573791 -0.060621918 -0.89310841 -92.056438 0.033883946 0.99813186 -0.050839639 -9.3665871 0.89452203 -0.0076008835 0.44695933 106.11181
0.44962388 -0.059974161 -0.89120222 -93.08532 0.031535265 0.99818713 -0.051263818 -9.4490493 0.89266117 -0.0050548618 0.45070008 106.60672
0.45830697 -0.058979337 -0.88683487 -94.11517 0.031179513 0.99824856 -0.050275708 -9.5294278 0.88824694 -0.0046093728 0.45934323 107.10196
0.4669344 -0.057021233 -0.88245157 -95.071014 0.028140792 0.99837158 -0.049621392 -9.5982984 0.88384412 -0.0016629523 0.46777866 107.63866
0.47418784 -0.056484061 -0.87860991 -96.055537 0.028055323 0.99840253 -0.049043763 -9.6723263 0.87997662 -0.0013937294 0.47501502 108.13412
0.48341528 -0.056219698 -0.87358396 -97.019942 0.027594368 0.99841833 -0.048983543 -9.7441038 0.87495616 -0.00042660473 0.48420203 108.66884
0.49336299 -0.0581037 -0.86788067 -98.019762 0.027879285 0.99831009 -0.050987313 -9.8299273 0.86937666 0.00095936004 0.49414914 109.23048
0.5037686 -0.059463528 -0.86178955 -98.95082 0.027067668 0.99822469 -0.053054856 -9.9022737 0.8634145 0.0034007367 0.50448379 109.73778
0.51590723 -0.058629838 -0.85463572 -99.89827 0.023041931 0.99824393 -0.054572235 -9.9825809 0.85633455 0.008461753 0.51635221 110.33107
0.52661631 -0.057187671 -0.84817732 -100.81178 0.020610575 0.99830033 -0.0545129 -10.058879 0.84985324 0.01122596 0.52689991 110.87636
0.541154 -0.055293622 -0.83910363 -101.7608 0.02020651 0.9984028 -0.052759245 -10.136468 0.84068074 0.01159552 0.54140697 111.43876
0.55223165 -0.052367497 -0.83204434 -102.64079 0.018947787 0.99855582 -0.050271722 -10.206638 0.8334754 0.011996236 0.55242638 112.04052
0.56417045 -0.052699594 -0.82397475 -103.54263 0.019876683 0.99853861 -0.050254869 -10.286832 0.82541909 0.011974427 0.56439348 112.65054
0.57519587 -0.051712781 -0.81637947 -104.38963 0.017603786 0.99855118 -0.050849188 -10.355928 0.81782631 0.014876873 0.57527286 113.25661
0.58561481 -0.053464578 -0.80882432 -105.23717 0.019357613 0.99846027 -0.051984283 -10.430956 0.81035834 0.014785858 0.58574807 113.87271
0.59617131 -0.054721825 -0.80099016 -106.05665 0.020433408 0.99838549 -0.052998984 -10.505123 0.80259722 0.015229515 0.59632694 114.50813
0.60679995 -0.053811523 -0.79303095 -106.89559 0.01951405 0.99841356 -0.052816387 -10.583336 0.79461505 0.016573735 0.60688737 115.14228
0.61672334 -0.051971359 -0.78546244 -107.73089 0.019747438 0.99852558 -0.050563876 -10.655968 0.78693228 0.015673052 0.61684033 115.78614
0.62733721 -0.050570878 -0.77710395 -108.52108 0.02113042 0.99862723 -0.047928668 -10.727228 0.77846103 0.013646904 0.62754461 116.40501
0.63670628 -0.048715907 -0.769566 -109.2921 0.019615738 0.99870266 -0.046991737 -10.794846 0.77085692 0.014824329 0.63683585 117.05089
0.64833476 -0.048223204 -0.75982663 -110.0661 0.018347473 0.99869186 -0.047727752 -10.866142 0.76113432 0.017002662 0.64837142 117.64517
0.65710665 -0.047183466 -0.75231943 -110.8315 0.015132888 0.99866364 -0.049415832 -10.932205 0.75364574 0.021086706 0.65694254 118.33253
0.66557253 -0.045865147 -0.74492251 -111.55533 0.013991414 0.9987013 -0.048989366 -10.998768 0.74620205 0.022183457 0.66534987 118.96821
0.6730421 -0.043870483 -0.73830188 -112.26231 0.013642611 0.99880581 -0.046913116 -11.059134 0.73947837 0.021502137 0.67283687 119.64627
0.68278554 -0.043544375 -0.72932005 -112.98676 0.015459896 0.99885996 -0.045163902 -11.132564 0.73045529 0.019562047 0.68268033 120.29174
0.69253576 -0.04260573 -0.72012424 -113.68577 0.015339356 0.99889839 -0.044347547 -11.195248 0.72122047 0.01966602 0.69242641 120.92744
0.69968586 -0.041643965 -0.71323589 -114.37188 0.01445046 0.99892047 -0.044148404 -11.252246 0.7143045 0.020583427 0.69953231 121.57871
0.70692543 -0.04070621 -0.70611571 -115.04093 0.013620546 0.99894084 -0.04395085 -11.313266 0.70715695 0.021452292 0.70673113 122.25055
0.71428229 -0.037864806 -0.69883262 -115.68082 0.012517427 0.9990668 -0.041338218 -11.372825 0.69974579 0.020779571 0.71408969 122.92476
0.7213665 -0.034473587 -0.69169495 -116.33892 0.010608709 0.99919319 -0.038735293 -11.42877 0.69247228 0.020604352 0.72115022 123.59287
0.7286138 -0.034467554 -0.68405693 -116.94852 0.012024446 0.99922277 -0.037540134 -11.48489 0.68481924 0.019126854 0.72846195 124.27633
0.73613937 -0.033000056 -0.67602498 -117.56628 0.010525661 0.99924806 -0.037316504 -11.545279 0.67674816 0.020354538 0.73593319 124.93992
0.74456713 -0.030059992 -0.66687041 -118.17793 0.0082907527 0.99932497 -0.035789081 -11.593806 0.66749613 0.021118516 0.74431375 125.58723
0.75329805 -0.02710044 -0.65712067 -118.77776 0.0071289241 0.99942843 -0.033045294 -11.644358 0.65764068 0.020208392 0.75306068 126.24006
0.76271095 -0.023946384 -0.64629602 -119.35268 0.005411496 0.9995156 -0.03064753 -11.687444 0.64671691 0.019877778 0.76247108 126.92468
0.77261453 -0.021291309 -0.63451826 -119.88907 0.0034843912 0.99956466 -0.029297736 -11.73093 0.63486587 0.020424947 0.77235237 127.58347
0.78192106 -0.020610962 -0.62303661 -120.44295 0.0023053281 0.99954203 -0.030173088 -11.772881 0.62337323 0.022156669 0.78161048 128.24913
0.7917369 -0.021365146 -0.61048848 -120.94181 0.0023471848 0.9994872 -0.031934815 -11.825337 0.61085776 0.023851042 0.79138104 128.92183
0.80090266 -0.019727718 -0.59846947 -121.44182 0.0012542263 0.99951022 -0.031269002 -11.86623 0.59879327 0.024292811 0.80053514 129.6022
0.81053796 -0.019586043 -0.5853585 -121.95489 0.0024591268 0.99954568 -0.030039589 -11.903168 0.58568097 0.022908757 0.81021788 130.26257
0.8207282 -0.017217972 -0.57105931 -122.42217 0.001808338 0.99961905 -0.0275405 -11.94164 0.57131601 0.021570596 0.82044668 130.96496
0.83034649 -0.016194694 -0.55701204 -122.89584 0.0024150858 0.99967281 -0.025464507 -11.985531 0.55724222 0.019799133 0.83011392 131.65251
0.83824361 -0.014799516 -0.54509504 -123.36016 0.0028575182 0.99973713 -0.022748931 -12.020207 0.54528847 0.017511527 0.83806554 132.3824
0.84684254 -0.014252 -0.53165267 -123.80474 0.0036992688 0.99977455 -0.020908555 -12.050603 0.53183085 0.015739527 0.84670434 133.06769
0.85365131 -0.014398381 -0.52064585 -124.23023 0.0049375722 0.99979662 -0.019553575 -12.084473 0.52082154 0.014121209 0.85354879 133.81918
0.86012567 -0.014103434 -0.50988714 -124.69852 0.0053086838 0.99981106 -0.0186995 -12.122356 0.51005457 0.01337709 0.86003803 134.52228
0.8665581 -0.012916477 -0.49890902 -125.10915 0.0041922321 0.99981816 -0.018603222 -12.145287 0.49905862 0.014029231 0.86645467 135.24715
0.87283174 -0.011793969 -0.4878787 -125.51646 0.0034300992 0.9998315 -0.01803334 -12.178856 0.48800922 0.014066599 0.87272513 135.97955
0.87912078 -0.010877952 -0.47647487 -125.92485 0.0026720643 0.99983628 -0.017896231 -12.200309 0.47659157 0.014459777 0.87900592 136.7316
0.88413946 -0.011324004 -0.46708582 -126.32019 0.0032593879 0.99983141 -0.018070215 -12.229653 0.46721174 0.014454176 0.88402731 137.46995
0.88923035 -0.012428762 -0.45729082 -126.71429 0.0044312883 0.99981798 -0.018557258 -12.262947 0.45743826 0.01447529 0.88912357 138.22939
0.89353274 -0.012987656 -0.44881014 -127.08406 0.0047540889 0.99979919 -0.019467283 -12.295974 0.44897289 0.015260971 0.89341506 139.02041
0.8970264 -0.012318346 -0.44180526 -127.49529 0.0042949809 0.99980728 -0.019156089 -12.327499 0.44195612 0.015285972 0.89690643 139.80207
0.90018599 -0.010413872 -0.43538111 -127.88848 0.0040075303 0.99986981 -0.01562997 -12.350346 0.43548724 0.012325077 0.90011054 140.60121
0.9029888 -0.0064043189 -0.42961634 -128.25867 0.0016907045 0.99993413 -0.011352477 -12.370274 0.42966079 0.0095248055 0.90294014 141.41641
0.90625172 -0.0039333327 -0.42272017 -128.65758 0.0001424315 0.9999595 -0.0089990847 -12.394525 0.42273848 0.0080952271 0.90621557 142.21382
0.90948609 -0.0014779966 -0.41573171 -129.03243 -0.0015807622 0.99997416 -0.0070132722 -12.416831 0.41573136 0.0070356463 0.90946025 143.06701
0.91225733 0.00047007363 -0.4096173 -129.43197 -0.0025867863 0.99998601 -0.0046134468 -12.42956 0.40960944 0.0052682429 0.91224578 143.90251
0.91558372 0.0016069915 -0.40212418 -129.80604 -0.0026710901 0.99999426 -0.0020854857 -12.446989 0.40211855 0.0029835464 0.91558276 144.76873
0.9186183 0.0016011306 -0.39514282 -130.19339 -0.0017313431 0.9999985 2.70403e-05 -12.46563 0.3951423 0.00065928776 0.91861969 145.65228
0.92206678 0.0014965069 -0.3870279 -130.55886 -0.0012763341 0.99999884 0.00082588315 -12.484973 0.38702872 -0.00026754281 0.92206763 146.52435
0.92579907 0.00064991278 -0.37801541 -130.94193 -9.3467939e-05 0.99999889 0.001490361 -12.476975 0.37801599 -0.0013444428 0.9257981 147.41902
0.92959481 -0.0014923837 -0.36858005 -131.30615 0.0018769689 0.999998 0.00068489757 -12.508095 0.36857832 -0.0013284908 0.92959575 148.34083
0.93342461 -0.0032277623 -0.35875907 -131.6629 0.0031867173 0.99999467 -0.00070572434 -12.513872 0.35875946 -0.00048452356 0.93342992 149.2938
0.93752832 -0.0040058723 -0.34788589 -132.01521 0.0033635041 0.99999134 -0.002450394 -12.534722 0.34789273 0.0011271979 0.93753367 150.22839
0.94227629 -0.002715844 -0.33482533 -132.36921 0.0015119507 0.99999142 -0.0038561765 -12.553166 0.33483296 0.0031273441 0.94227232 151.18323
0.94804524 0.00085866682 -0.31813438 -132.70112 -0.0016640786 0.99999606 -0.00225992 -12.560108 0.31813122 0.0026719068 0.94804293 152.17985
0.95383457 0.004865163 -0.30029308 -133.02373 -0.0048814934 0.99998784 0.00069587672 -12.576431 0.30029284 0.0008021272 0.95384672 153.16548
0.9600927 0.007498439 -0.27958144 -133.33238 -0.0071801015 0.99997188 0.0021627528 -12.589424 0.27958982 -6.9020337e-05 0.96011954 154.18612
0.96614133 0.0089745545 -0.2578573 -133.62235 -0.0085712086 0.99995965 0.0026882853 -12.607447 0.25787105 -0.00038711504 0.96617927 155.20505
0.97151677 0.01054292 -0.23673614 -133.89611 -0.0097923759 0.99994261 0.004346012 -12.606259 0.23676839 -0.0019040145 0.97156426 156.27603
0.97670121 0.011501407 -0.21429528 -134.14497 -0.010281415 0.99992398 0.0068067867 -12.628582 0.2143573 -0.0044449382 0.9767452 157.37136
0.98127807 0.013133959 -0.19214797 -134.35219 -0.011445941 0.99988556 0.009892407 -12.6324 0.19225592 -0.0075078881 0.9813161 158.44883
0.98534235 0.015154666 -0.16991406 -134.56725 -0.013030977 0.99982251 0.013606898 -12.641012 0.17009012 -0.011193307 0.98536494 159.55967
0.98904569 0.016635581 -0.14666931 -134.75164 -0.014296073 0.99975344 0.016990675 -12.635242 0.14691581 -0.014707759 0.98903965 160.69527
0.99195831 0.018232789 -0.12524485 -134.90316 -0.016185666 0.99971858 0.01734325 -12.632312 0.12552583 -0.01517661 0.99197426 161.81392
0.9945454 0.018192577 -0.10270575 -135.02495 -0.016685025 0.99974036 0.015518507 -12.632397 0.10296142 -0.013720212 0.99459072 162.95183
0.99656085 0.018081154 -0.080867454 -135.15301 -0.016981213 0.99975399 0.014268954 -12.627093 0.081105565 -0.012846654 0.99662272 164.1065
0.99801373 0.01694224 -0.060675888 -135.20552 -0.016003699 0.99974517 0.015920861 -12.624597 0.060930166 -0.0149182 0.99803054 165.29539
0.99903305 0.017194382 -0.040463857 -135.29203 -0.01647549 0.99970164 0.018033211 -12.623752 0.040761857 -0.017349113 0.99901826 166.48063
0.9996319 0.017352756 -0.020855517 -135.31148 -0.016968662 0.99968569 0.018454901 -12.621001 0.021169207 -0.018094218 0.99961216 167.70028
0.99982457 0.018724096 -0.00048785267 -135.32894 -0.018711438 0.99964409 0.019015258 -12.616795 0.00084372263 -0.019002794 0.99981907 168.89286
0.99959754 0.019250937 0.02083626 -135.30336 -0.019661515 0.99961293 0.019682737 -12.61367 -0.020449286 -0.020084489 0.99958914 170.1459
0.99895266 0.021506739 0.040386126 -135.27423 -0.022291773 0.99956924 0.019089477 -12.599292 -0.03995818 -0.019969762 0.99900178 171.37759
0.9978165 0.022333287 0.062156679 -135.22135 -0.023475651 0.99956754 0.017709466 -12.59825 -0.061734293 -0.019129966 0.99790928 172.6341
0.99637108 0.022363075 0.082125336 -135.11729 -0.023729998 0.99959502 0.015706043 -12.594766 -0.081740849 -0.017597881 0.99649824 173.88116
0.99465858 0.024512032 0.10026697 -135.00709 -0.025932374 0.99958064 0.012886636 -12.5908 -0.099909052 -0.015417964 0.99487711 175.18048
0.99259442 0.024793551 0.11891842 -134.88092 -0.026286437 0.99959391 0.011001544 -12.587503 -0.11859737 -0.014046013 0.99284308 176.4576
0.98996534 0.02487538 0.13910371 -134.71768 -0.026266112 0.99962159 0.0081706793 -12.596812 -0.13884784 -0.011742403 0.99024411 177.77478
0.98728997 0.025712712 0.1568355 -134.51406 -0.026481479 0.99964534 0.0028137998 -12.605521 -0.15670754 -0.0069312723 0.98762073 179.03548
0.98438273 0.02766738 0.17385386 -134.31138 -0.027448919 0.9996165 -0.0036612928 -12.635525 -0.1738885 -0.001167987 0.98476466 180.33791
0.98079718 0.03022273 0.19267454 -134.05876 -0.029072282 0.99953861 -0.0087960497 -12.650928 -0.1928515 0.0030256522 0.98122329 181.60797
0.97738143 0.031988407 0.20905088 -133.80484 -0.02999856 0.99946947 -0.01268305 -12.686675 -0.2093457 0.0061249522 0.97782251 182.94569
0.97312751 0.034476702 0.22767125 -133.49196 -0.031694346 0.99937166 -0.015866738 -12.720497 -0.22807525 0.0082244684 0.97360877 184.29108
0.96917428 0.033545102 0.24408182 -133.1851 -0.030642715 0.99940741 -0.015679551 -12.75731 -0.24446317 0.0077168886 0.96962787 185.60791
0.96480039 0.032394226 0.26098048 -132.81717 -0.029003003 0.99943753 -0.016836117 -12.796974 -0.26137911 0.0086742749 0.96519725 186.93782
0.95985996 0.032321987 0.27861108 -132.45897 -0.027554935 0.99939947 -0.021010287 -12.852689 -0.27912288 0.012489824 0.96017417 188.27465
0.95527466 0.033790698 0.2937831 -132.06681 -0.027559895 0.99929933 -0.025323969 -12.905697 -0.294433 0.016094715 0.95553659 189.58479
0.9498511 0.036024512 0.31062052 -131.6499 -0.029423685 0.99923112 -0.025911667 -12.953853 -0.31131517 0.015472626 0.95018076 190.97103
0.94399555 0.037763906 0.32779 -131.20352 -0.030942158 0.99918286 -0.026003814 -13.015615 -0.32850418 0.014404955 0.94439267 192.27566
0.93770009 0.042173828 0.34487665 -130.74805 -0.034209635 0.99898951 -0.029149075 -13.061048 -0.34575751 0.015534986 0.9381953 193.62674
0.9305528 0.04298039 0.3636264 -130.22444 -0.033165011 0.99889842 -0.033196851 -13.132254 -0.36465268 0.01883175 0.93095316 194.96097
0.92382771 0.043593198 0.38031826 -129.70238 -0.032336668 0.99883064 -0.035940197 -13.194507 -0.38144031 0.020904325 0.92415708 196.30684
0.91618447 0.043849439 0.39835063 -129.15257 -0.030195146 0.9987236 -0.040489824 -13.275047 -0.39961766 0.025067894 0.91633909 197.63332
0.90781986 0.047319027 0.41668212 -128.56343 -0.030788366 0.99845265 -0.046307528 -13.360586 -0.41822863 0.029209933 0.90787202 198.95143
0.89813869 0.050821125 0.43676548 -127.92752 -0.032172578 0.99823118 -0.049994324 -13.446615 -0.43853373 0.030849966 0.89818509 200.25859
0.88602568 0.05385135 0.46049812 -127.28663 -0.03377421 0.9980896 -0.051734537 -13.542058 -0.46240439 0.030285169 0.88615179 201.58881
0.87320652 0.057999921 0.48388672 -126.60139 -0.036381982 0.99788037 -0.053954778 -13.640525 -0.48599048 0.029508907 0.8734658 202.87461
0.85805799 0.06257866 0.50972579 -125.86826 -0.03852701 0.99759498 -0.057618724 -13.744211 -0.51210564 0.029801996 0.85840531 204.18999
0.84323156 0.065837122 0.5335035 -125.11526 -0.039454956 0.99737472 -0.060720535 -13.852363 -0.53610062 0.030152115 0.84361544 205.47371
0.82816604 0.067617946 0.55638908 -124.31093 -0.039323483 0.99725961 -0.062665276 -13.96658 -0.5591017 0.030018098 0.82855551 206.70245
0.81166159 0.06886671 0.58005414 -123.43266 -0.038111488 0.99715345 -0.065057801 -14.086637 -0.58288335 0.030698193 0.81197577 207.9682
0.79558472 0.070900362 0.60167936 -122.57466 -0.03631473 0.99692375 -0.069456948 -14.21457 -0.60475302 0.033409064 0.79571204 209.17932
0.77945001 0.073444831 0.62214428 -121.65602 -0.03436318 0.99662126 -0.07460054 -14.347007 -0.62552129 0.036768537 0.77934025 210.3622
0.76273111 0.075171184 0.64233209 -120.70796 -0.032244879 0.99640673 -0.078319148 -14.478081 -0.64591142 0.039024531 0.7624143 211.53226
0.74721437 0.07661588 0.66015199 -119.73122 -0.030554266 0.99624258 -0.081038028 -14.622479 -0.66388038 0.040382321 0.74674772 212.66676
0.73043305 0.077740519 0.67854545 -118.71332 -0.028974639 0.99613356 -0.082936089 -14.768292 -0.68236945 0.040918653 0.72986138 213.81611
0.71435705 0.077896393 0.69543232 -117.67322 -0.026518055 0.99608469 -0.084333216 -14.917028 -0.6992788 0.041802516 0.71362578 214.89893
0.7002076 0.078658954 0.70959287 -116.61269 -0.024107189 0.99595027 -0.086613566 -15.070357 -0.7135322 0.043541189 0.69926819 215.9755
0.6848164 0.080365129 0.7242706 -115.5206 -0.021390761 0.99568883 -0.090256207 -15.228972 -0.72840166 0.046316233 0.68358312 217.04431
0.66961907 0.082117443 0.73815106 -114.40098 -0.018511811 0.99540544 -0.09394322 -15.392134 -0.74247402 0.04924166 0.6680626 218.06966
0.65579686 0.084756117 0.75016454 -113.26645 -0.017493047 0.99511706 -0.097139187 -15.556144 -0.75473473 0.050580912 0.65407729 219.10488
0.63905278 0.085151462 0.76443491 -112.10203 -0.016236725 0.99512511 -0.097274774 -15.731143 -0.76899153 0.049751797 0.63732004 220.10132
0.62356507 0.086909744 0.77692551 -110.91698 -0.016971239 0.99507206 -0.0976912 -15.917498 -0.78158725 0.047731433 0.62196715 221.08591
0.60537221 0.087784304 0.79108682 -109.73977 -0.018736994 0.99519577 -0.096095283 -16.085786 -0.79572198 0.043350827 0.60410868 222.01728
0.58816904 0.088998296 0.80382612 -108.54017 -0.021243986 0.99528375 -0.094651692 -16.252769 -0.80845898 0.038594725 0.58728577 222.94433
0.56988 0.08986849 0.81679887 -107.32243 -0.022661125 0.99534235 -0.093702127 -16.429524 -0.82141544 0.034889389 0.56926221 223.82368
0.55075932 0.093193784 0.82944502 -106.10782 -0.024334369 0.99511754 -0.095649966 -16.604045 -0.83430934 0.03249609 0.55033807 224.68442
0.53315339 0.096820905 0.84046006 -104.86908 -0.026971357 0.99487005 -0.097499394 -16.778364 -0.84558859 0.029313785 0.53302973 225.49741
0.51328133 0.097068238 0.8527133 -103.62633 -0.026910659 0.99491494 -0.097057124 -16.957865 -0.85779843 0.026870534 0.51328343 226.27287
0.49234119 0.095873331 0.865106 -102.39351 -0.026850889 0.99511507 -0.095000146 -17.129233 -0.86998807 0.02354362 0.49251042 227.01591
0.47157492 0.093911236 0.8768111 -101.12098 -0.026471964 0.99537258 -0.092372409 -17.299796 -0.88142861 0.0203496 0.47187875 227.71135
0.44966252 0.092647155 0.88838058 -99.857397 -0.026760396 0.9955569 -0.090279288 -17.466319 -0.89279761 0.016821797 0.45014389 228.39143
0.42769133 0.091238038 0.89930844 -98.605151 -0.02535527 0.99571241 -0.088960152 -17.623537 -0.9035692 0.015245279 0.42817093 229.01812
