1.000000000000000000e+00 4.398956837314658088e-19 2.733407509747682871e-20 -8.673617379884035472e-19 -5.583667658079949532e-19 1.000000000000000000e+00 -6.100159232558060012e-19 0.000000000000000000e+00 4.145284534913582806e-20 -2.210423569125054137e-19 1.000000000000000222e+00 0.000000000000000000e+00
9.998947341401368538e-01 4.093421954000428108e-04 1.450355452139375119e-02 -7.562976937794962939e-02 -4.075728229818620005e-04 9.999999091361222447e-01 -1.249516826470980461e-04 -9.846959727582829669e-03 -1.450360460282223291e-02 1.190272890780816193e-04 9.998948101021852830e-01 5.620638109920250702e-03
9.992641213971762415e-01 4.576630752306338687e-03 3.808241272484298723e-02 8.592206902031809812e-02 -4.549044370553752964e-03 9.999893241787819465e-01 -8.110071106269015019e-04 1.492011704886683776e-02 -3.808571850440791579e-02 6.371717605805484819e-04 9.992742726747928517e-01 2.992100013877272424e-01
9.979445960508755986e-01 5.473795658367966097e-03 6.384842035956099504e-02 4.258571648044882918e-02 -5.523979177243607853e-03 9.999845569832850334e-01 6.094746310217336038e-04 8.420232628081017467e-03 -6.384409931288564932e-02 -9.609192124153285650e-04 9.979594218195420030e-01 4.134950366751250495e-01
9.952688949899566317e-01 5.031147831334619770e-03 9.702841944500599503e-02 9.916749555410170336e-02 -5.343124432649897122e-03 9.999813571212814445e-01 2.955747041268445147e-03 5.666517134585796756e-03 -9.701174143273796902e-02 -3.460197955311674310e-03 9.952772222259873569e-01 5.748042529345553930e-01
9.908377738646112487e-01 1.904745629155076784e-03 1.350439843001810247e-01 1.997056709462215751e-01 -2.598738100717953251e-03 9.999843078855028544e-01 4.962917147265982244e-03 1.100433822214189061e-02 -1.350324144132538373e-01 -5.268389649202523395e-03 9.908271752712975999e-01 8.092997006843256624e-01
9.846773134480546474e-01 -1.482595551228003527e-03 1.743800160812603306e-01 2.491359522979771923e-01 4.859458501292355050e-04 9.999833048093031973e-01 5.757947280525305481e-03 -5.117365545028659812e-03 -1.743856444949249962e-01 -5.584980701332036522e-03 9.846615942899965557e-01 9.712056170366666352e-01
9.759729402516149621e-01 -1.698434874809753685e-03 2.178851410613657225e-01 3.482690240934973591e-01 2.634007467187597477e-04 9.999780854875659486e-01 6.615070853021296632e-03 -7.529380471816976561e-04 -2.178916052486093713e-01 -6.398738895028828130e-03 9.759519993448850794e-01 1.195525754951969333e+00
9.641953518523983524e-01 -1.587708095687963587e-03 2.651882384147791205e-01 4.259675866157505153e-01 -1.059982441756078661e-03 9.999510164934031220e-01 9.840785031089789928e-03 1.049925437847183674e-02 -2.651908774418786363e-01 -9.769533901578222185e-03 9.641464388699758636e-01 1.387869577172155644e+00
9.497757540857821867e-01 -5.508702470791252206e-03 3.128828373048394562e-01 5.743204483042739783e-01 3.955419227469010915e-04 9.998653799622392313e-01 1.640321593191035321e-02 2.646304454306633996e-02 -3.129310828457205207e-01 -1.545561834546188042e-02 9.496500737246091894e-01 1.658828495469403030e+00
9.328882804519882388e-01 -1.533072089535559256e-02 3.598394412057594471e-01 7.003279121718246625e-01 6.924208771993623814e-03 9.996724268739320962e-01 2.463928282077794407e-02 6.266312511708005406e-03 -3.600993116586457266e-01 -2.049409460430618238e-02 9.326888439330395242e-01 1.832083020738208390e+00
9.116509882763705885e-01 -2.097116480752357279e-02 4.104298764267140243e-01 8.521804222506024207e-01 9.608147492195448502e-03 9.995118172940868906e-01 2.972895154970584333e-02 -3.414549422770946085e-04 -4.108529694931719045e-01 -2.315895708151517740e-02 9.114074295035231588e-01 2.091533913895053498e+00
8.866878686647323704e-01 -2.283174109076385738e-02 4.618044305540963124e-01 1.052792188096993486e+00 8.222991980988169844e-03 9.994007889943028466e-01 3.362209584062023776e-02 3.082359543924106937e-03 -4.622953712239002422e-01 -2.601489015516674635e-02 8.863443001165329793e-01 2.315730564824546089e+00
8.582372959365446308e-01 -2.490912765841696297e-02 5.126482959372634651e-01 1.209715666503285991e+00 6.349015469490458183e-03 9.992604514324615606e-01 3.792413708041706549e-02 3.002798788667584984e-02 -5.132138336550392532e-01 -2.929309665931360482e-02 8.577607354973284526e-01 2.546590978580629105e+00
8.260806108429312733e-01 -3.011875944916813860e-02 5.627465503495505672e-01 1.463602247128893419e+00 7.459114263170540243e-03 9.990677055014507424e-01 4.252154042395521472e-02 2.806092942370003174e-02 -5.635026106119992440e-01 -3.092862899061872561e-02 8.255351189192168260e-01 2.781634244056466532e+00
7.904480059086730348e-01 -3.591190926578847337e-02 6.114754933594844788e-01 1.674035143666644743e+00 9.696283326698199728e-03 9.988883684077173308e-01 4.613035338724231355e-02 3.134350225550433522e-02 -6.124523975240607765e-01 -3.053460588263202588e-02 7.899175301289816931e-01 2.971147872017132485e+00
7.526579343946241396e-01 -4.033141123152474139e-02 6.571753223654057674e-01 1.950133595548455112e+00 1.079783315734532054e-02 9.987439842681429258e-01 4.892709511866718403e-02 4.102951344414827728e-02 -6.583232099860450992e-01 -2.972929647178462059e-02 7.521480751223988959e-01 3.189967861579226405e+00
7.124096310063983140e-01 -4.367271788259086823e-02 7.004036005170177770e-01 2.253294938547964588e+00 1.189612757904699204e-02 9.986698089219807617e-01 5.017065718808455532e-02 5.356404036468383895e-02 -7.016630309768787654e-01 -2.740996832802284483e-02 7.119815253187002924e-01 3.433398198735639895e+00
6.710767468480343112e-01 -4.543249944671661628e-02 7.399945128826723728e-01 2.540277281807882925e+00 1.102250077594866227e-02 9.986216796378244442e-01 5.131515741379617801e-02 6.046335571745980325e-02 -7.413059520489487797e-01 -2.627981829803860067e-02 6.706525668317503408e-01 3.611050948715358366e+00
6.281722961757368884e-01 -4.591291650697553600e-02 7.767184565195464074e-01 2.878247144646161271e+00 6.752280277607521433e-03 9.985415740873568868e-01 5.356427429708775917e-02 8.896066740242287996e-02 -7.780449756945049256e-01 -2.840297193287732308e-02 6.275661692189599128e-01 3.836335266775393826e+00
5.865155616802850691e-01 -4.672714561501335739e-02 8.085889308886670124e-01 3.220500545796137537e+00 3.917014658618149514e-03 9.984863840277985458e-01 5.485980187038801831e-02 1.048339475328795567e-01 -8.099284937154201947e-01 -2.900887225360166549e-02 5.858108321448985967e-01 4.051011214264650384e+00
5.464366000222821151e-01 -4.773600608694598263e-02 8.361389265267956672e-01 3.590770731420731998e+00 1.740551402188709323e-03 9.984368554439265742e-01 5.586426522013768214e-02 1.217802785586092618e-01 -8.374986718949423148e-01 -2.907093577978797985e-02 5.456655264318457377e-01 4.254465991677990111e+00
5.079805305679233607e-01 -5.034245214517160671e-02 8.598961599647815257e-01 4.035712231341366696e+00 9.548030214619271242e-04 9.983229416780371457e-01 5.788257445785982558e-02 1.378175628148057275e-01 -8.613680295769029494e-01 -2.858218881076239268e-02 5.071766835176734212e-01 4.477506325236082496e+00
4.704148309036788600e-01 -5.022638053339172071e-02 8.810148606801713189e-01 4.444334261882531223e+00 -1.941578311737565459e-03 9.983175713374179416e-01 5.795047017100005138e-02 1.619793007715630284e-01 -8.824432736467506810e-01 -2.897131933099163573e-02 4.695258718286819399e-01 4.650184053745885393e+00
4.347368876172470475e-01 -4.962201175254529750e-02 8.991893466189038175e-01 4.904953346968567551e+00 -2.907267611455063936e-03 9.983982261129030755e-01 5.650247652661667674e-02 1.891620008839850764e-01 -9.005528307269288213e-01 -2.717789417416398290e-02 4.338962717004427039e-01 4.841197656675646499e+00
4.009331483739428381e-01 -4.830643516788102332e-02 9.148328180090641304e-01 5.396534056687857017e+00 -1.955913218957133336e-03 9.985613871155434307e-01 5.358479757553349931e-02 2.027931661233220439e-01 -9.161052341214442896e-01 -2.327325446823599181e-02 4.002618763082810838e-01 5.030601598701936794e+00
3.707024847415228419e-01 -4.666777373519154226e-02 9.275784453670659069e-01 5.875204925427131464e+00 -1.702382188485501138e-04 9.987333478635114226e-01 5.031571176831318298e-02 2.230790944736632531e-01 -9.287516644638125207e-01 -1.881006789110211200e-02 3.702249877124028643e-01 5.183861054848557970e+00
3.451590522982035947e-01 -4.467501546263465823e-02 9.374803234564480503e-01 6.443617013050494613e+00 9.747682146506739601e-04 9.988829867966184661e-01 4.724223198604185492e-02 2.472892531529609084e-01 -9.385437092384004698e-01 -1.539225717249494488e-02 3.448170515539286662e-01 5.374190120906580326e+00
3.248810118182489104e-01 -4.407923442797982705e-02 9.447271215800684407e-01 7.029605007763941593e+00 2.013417415472831037e-03 9.989432536725714185e-01 4.591646828513711726e-02 2.701695543303254121e-01 -9.457527637971127055e-01 -1.301525777881493498e-02 3.246264435792238778e-01 5.551388473377230071e+00
3.094851774474890460e-01 -4.452621006081087379e-02 9.498612142660018964e-01 7.617004119629722680e+00 3.002410641081223325e-03 9.989438794618797912e-01 4.584878604446018108e-02 2.998487494852422053e-01 -9.508995354617720830e-01 -1.133764538802927400e-02 3.092920084336414632e-01 5.743786312006338157e+00
2.979589852829266916e-01 -4.625760637804371411e-02 9.534572154098157615e-01 8.236337508346341707e+00 4.213765460536467861e-03 9.988791936227573443e-01 4.714446617039403514e-02 3.202081362712095869e-01 -9.545693811600288736e-01 -1.002947132217840188e-02 2.978199483224096000e-01 5.917198177951173754e+00
2.874072533626281789e-01 -4.806588307751367278e-02 9.566016548994884516e-01 8.862601242701106941e+00 3.032324269998236746e-03 9.987806866269071104e-01 4.927418180563943734e-02 3.470026746039779342e-01 -9.578036813440486963e-01 -1.126102994826314908e-02 2.872025638610707365e-01 6.121293139930312321e+00
2.767074802222431740e-01 -4.970747009345133360e-02 9.596677144970074957e-01 9.535253903364651507e+00 1.438137177414383671e-03 9.986815547374298108e-01 5.131358447008178142e-02 3.785109477422332613e-01 -9.609531302376349560e-01 -1.281871795951586637e-02 2.764141413747539522e-01 6.306063214898451896e+00
2.668744069131629981e-01 -5.160340274899428287e-02 9.623487538823072285e-01 1.021979596276205804e+01 8.180492605081990517e-04 9.985771847061293283e-01 5.331919861561149748e-02 4.072704736856982422e-01 -9.637309781122916919e-01 -1.344227993977415922e-02 2.665369067055573526e-01 6.483653520993482466e+00
2.568495361123202536e-01 -5.352285761587217972e-02 9.649681879469349521e-01 1.092983602384968655e+01 -2.584068977082657750e-04 9.984614664689417385e-01 5.544937477659352826e-02 4.350546676551830250e-01 -9.664513777453577204e-01 -1.449149974826115413e-02 2.564405324642015649e-01 6.671829724305630371e+00
2.464119537628959855e-01 -5.504730220345983166e-02 9.676006033990909305e-01 1.167458203141202944e+01 -3.658385724810146906e-04 9.983802976442832655e-01 5.689154064357704321e-02 4.668977345999258399e-01 -9.691651210210431300e-01 -1.437274042362126671e-02 2.459926999620576371e-01 6.874412106253243948e+00
2.352669426341530423e-01 -5.645558936802545086e-02 9.702897588669741058e-01 1.244323547497305071e+01 -1.299995046736526945e-03 9.982924104083749084e-01 5.840011380648501421e-02 4.935882161592630157e-01 -9.719299318334493343e-01 -1.500098722379941338e-02 2.347918099091191035e-01 7.037773959184688621e+00
2.257073588376675433e-01 -5.935097814016481593e-02 9.723855374824430520e-01 1.319935758647724455e+01 -2.289406235999633804e-03 9.981073920429935908e-01 6.145235979748363969e-02 5.296841939350889206e-01 -9.741924673937278900e-01 -1.609643446112110285e-02 2.251443034362864692e-01 7.213764822464739268e+00
2.138628837295204199e-01 -6.281343712133576063e-02 9.748421015342431106e-01 1.398345287212539390e+01 -4.113376165045263232e-03 9.978637886513065380e-01 6.519922844315215182e-02 5.784540635625384786e-01 -9.768550373084177174e-01 -1.795358641144409115e-02 2.131476507535057241e-01 7.398531922880009937e+00
2.016718016076623765e-01 -6.657736515502743480e-02 9.771877622190452417e-01 1.476662040979371326e+01 -4.162782566760602279e-03 9.976198184519179391e-01 6.882854802114193871e-02 6.138472517102160353e-01 -9.794443182564490646e-01 -1.794859659065287452e-02 2.009146376469873596e-01 7.562772063548117707e+00
1.886980728794563911e-01 -6.905420465326009283e-02 9.796042761006404920e-01 1.555666026071925678e+01 -5.479762676960648997e-03 9.974350949844552616e-01 7.136668299966628104e-02 6.541457665973644531e-01 -9.820198707002472105e-01 -1.883475363104155156e-02 1.878356782247014856e-01 7.697802893126218571e+00
1.755037397227692253e-01 -6.969839010210768238e-02 9.820084293439754752e-01 1.636297665589975026e+01 -5.990615486588981263e-03 9.973966506029866563e-01 7.186121234877670960e-02 6.848871226102694054e-01 -9.844605461330561136e-01 -1.849474553662856444e-02 1.746293045414101519e-01 7.856412444610223922e+00
1.612048908344539955e-01 -6.891320916542247044e-02 9.845120294897259372e-01 1.715264966300088645e+01 -7.502066822925641636e-03 9.974447666056464046e-01 7.104686141304124292e-02 7.258166790474782637e-01 -9.868924557679018550e-01 -1.883897569499296681e-02 1.602759818391624180e-01 7.990526187286993931e+00
1.448422281138863899e-01 -6.801707439329815474e-02 9.871141726618969381e-01 1.795128272724953078e+01 -8.569159084800954257e-03 9.975108283131213227e-01 6.999083416068119234e-02 7.617861909047280999e-01 -9.894176649015840042e-01 -1.859636586568404887e-02 1.438988404311480895e-01 8.098996135248242467e+00
1.242471661288041818e-01 -6.649727670616517594e-02 9.900205740763827755e-01 1.878588885411253173e+01 -1.113037107742851327e-02 9.975956862429695704e-01 6.840293555264657932e-02 8.015330340513771024e-01 -9.921888800868506886e-01 -1.951816638375579796e-02 1.232082962100801288e-01 8.220644373830092277e+00
9.869676989742193207e-02 -6.516889950124123143e-02 9.929813418214588072e-01 1.959429909426825134e+01 -1.534330054692392524e-02 9.976350380806621176e-01 6.699935742673630845e-02 8.477668032889917882e-01 -9.949992703628189883e-01 -2.184823046800004817e-02 9.746344839718784625e-02 8.308835731804400382e+00
6.954889807169603588e-02 -6.475990341413642715e-02 9.954743033415357489e-01 2.043543890919231742e+01 -1.900781280299508949e-02 9.976234735321092284e-01 6.622769882925302887e-02 8.846715848105073388e-01 -9.973974489421226775e-01 -2.352785183365304136e-02 6.815266776353605394e-02 8.332756355055996877e+00
3.482096234521604022e-02 -6.458020913637896321e-02 9.973048079600083105e-01 2.127607857465804386e+01 -2.216836369502362541e-02 9.976145386461361397e-01 6.537427569633887103e-02 9.279950408493234937e-01 -9.991476775601939586e-01 -2.438501004288699467e-02 3.330625932924352606e-02 8.352953557847994759e+00
8.447333393380649898e-04 -6.380968470145363669e-02 9.979617193565555322e-01 2.210837780892091686e+01 -2.398319630934047861e-02 9.976737390246672721e-01 6.381157223661250433e-02 9.598154629174522334e-01 -9.997120135499926175e-01 -2.398821473269414223e-02 -6.875933189173068574e-04 8.320834259719767090e+00
-3.360835910083401906e-02 -6.284023453913578638e-02 9.974575508886380781e-01 2.294475727546191024e+01 -2.518915303140113401e-02 9.977575933897313565e-01 6.201041367222476230e-02 9.895687705044372562e-01 -9.991176117041183913e-01 -2.304104177552251248e-02 -3.511588917150063049e-02 8.304675083240079303e+00
-6.637864847536116553e-02 -6.087061916271084561e-02 9.959360549037322707e-01 2.378286401696287911e+01 -2.764828555121985262e-02 9.978663939239951208e-01 5.914585525290054491e-02 1.019266016703319844e+00 -9.974113817680662075e-01 -2.360990164140331152e-02 -6.791999223886185932e-02 8.249210198411706330e+00
-9.820548731268273490e-02 -5.768710626608077735e-02 9.934927592990062672e-01 2.461756773849424107e+01 -2.920143648044233251e-02 9.980556417439483408e-01 5.506552560107147443e-02 1.057172647223091344e+00 -9.947376414831589075e-01 -2.360367806923197032e-02 -9.969908841975770597e-02 8.171507303193436655e+00
-1.303268622767818352e-01 -5.321157345589967030e-02 9.900421305387470117e-01 2.547348171374768455e+01 -2.650776884961718663e-02 9.983888185733575948e-01 5.017075998477522197e-02 1.077833119646971927e+00 -9.911166752731958018e-01 -1.970520932869041647e-02 -1.315274035298936717e-01 8.063330133368262764e+00
-1.606783968907440074e-01 -4.783459725143563573e-02 9.858469896514436837e-01 2.628923146381953302e+01 -2.261541268297327309e-02 9.987411119055136233e-01 4.477426175395970986e-02 1.095713566147239471e+00 -9.867476944658919447e-01 -1.510107898279134872e-02 -1.615579213059722408e-01 7.917913251875663860e+00
-1.929138022513959272e-01 -4.177810642768750582e-02 9.803258834682829770e-01 2.715164919515352437e+01 -1.639705224000418890e-02 9.990909002936587679e-01 3.935110719322789524e-02 1.112791020058540026e+00 -9.810787012213949554e-01 -8.483082027443744622e-03 -1.934234635361633259e-01 7.702179976346905654e+00
-2.217647049218849642e-01 -3.597104766097401762e-02 9.744364949132163778e-01 2.796834800397796528e+01 -1.057971039051160654e-02 9.993492865753518251e-01 3.448294000183745739e-02 1.125872079619854471e+00 -9.750428203644022629e-01 -2.662155864343992030e-03 -2.220009642828869867e-01 7.534727570445654443e+00
-2.500721444066191790e-01 -2.950527211714370004e-02 9.677775286384580067e-01 2.874307410114833417e+01 -1.153450155489639268e-03 9.995439441317257590e-01 3.017570694634757675e-02 1.155260145201041366e+00 -9.682265272328891559e-01 6.429821711288767096e-03 -2.499921317552414868e-01 7.284967619184797627e+00
-2.763257264242642286e-01 -1.926438338618030946e-02 9.608709383057825182e-01 2.960647665031966014e+01 4.592144944456903570e-03 9.997612025470740127e-01 2.136469212418973251e-02 1.143173772978690828e+00 -9.610530790426351500e-01 1.031607382444824604e-02 -2.761712770521505544e-01 7.027381636145141997e+00
-3.011604265908175981e-01 -4.420151965381939087e-03 9.535632352199164830e-01 3.036070073488571097e+01 9.159153143241895514e-03 9.999297187220026473e-01 7.527782672292210840e-03 1.138094190082917567e+00 -9.535295080399188716e-01 1.100090306734979699e-02 -3.010987771418106584e-01 6.746707071435172232e+00
-3.258418247492250175e-01 1.253235526386708119e-02 9.453412237986021927e-01 3.114602818173082710e+01 1.005424972256926952e-02 9.999015277334294405e-01 -9.790142089300670966e-03 1.106192445996659446e+00 -9.453708438182225615e-01 6.314660037601739148e-03 -3.259357431248842696e-01 6.469768069251166764e+00
-3.518766645895330392e-01 2.751858670939133153e-02 9.356417715605472862e-01 3.193466384599151553e+01 8.475115117423244818e-03 9.996204543942917020e-01 -2.621296557220437889e-02 1.077491204129318980e+00 -9.360080128085206397e-01 -1.294058194883609958e-03 -3.519763358547614018e-01 6.207263786230669211e+00
-3.766794491767838648e-01 3.801650009740194930e-02 9.255632463386062048e-01 3.268535604808988637e+01 1.269910059608124996e-02 9.992755618349515867e-01 -3.587595763732284032e-02 1.044268622904379828e+00 -9.262566273810410866e-01 -1.759914229298525706e-03 -3.768893448706963079e-01 5.895197817274708818e+00
-4.000127027211548003e-01 4.285487267216887136e-02 9.155071176848883496e-01 3.345971851403746911e+01 1.650153549463840782e-02 9.990810514100590956e-01 -3.955694634843526930e-02 9.978496698200298720e-01 -9.163610374736235187e-01 -7.160068637442549818e-04 -4.003522841048745007e-01 5.546720361257765575e+00
-4.219066443311200176e-01 4.223310012516169609e-02 9.056550855568796798e-01 3.419747235602498137e+01 1.836813904366149663e-02 9.991076113947308102e-01 -3.803409370143813473e-02 9.416997751847799858e-01 -9.064532026597367231e-01 5.883626573467093347e-04 -4.223058843810039709e-01 5.152756877544380387e+00
-4.426343527290473312e-01 3.891552119738526938e-02 8.958573533510745257e-01 3.493101815471105454e+01 2.301808498341005593e-02 9.992217373599290298e-01 -3.203259760172479098e-02 9.110402232012714263e-01 -8.964067217982351066e-01 6.442193599810146568e-03 -4.431856289856810349e-01 4.795752666801986308e+00
-4.607927286265161571e-01 3.759903984087176881e-02 8.867109784331053124e-01 3.567510871978899445e+01 2.988891426830370818e-02 9.991929054739727700e-01 -2.683636346887091281e-02 8.764675702851175698e-01 -8.870043557243593169e-01 1.413682834382138861e-02 -4.615446210657011550e-01 4.392822306667774512e+00
-4.751529663627935274e-01 3.854764793283826235e-02 8.790584300509439730e-01 3.638060962541458565e+01 3.416912290350113818e-02 9.990947146132416190e-01 -2.534210363039316252e-02 8.341785722369984279e-01 -8.792395250263665973e-01 1.799528092894581155e-02 -4.760399578848703017e-01 4.029712452676569967e+00
-4.855585315279511982e-01 4.172989504056199422e-02 8.732076010537924704e-01 3.708057160848743194e+01 3.657603617471293089e-02 9.989551521543339474e-01 -2.740068434849468257e-02 7.826640074547267512e-01 -8.734386747925362293e-01 1.863383785545402738e-02 -4.865775121241545098e-01 3.595903160811827259e+00
-4.954834802732182020e-01 4.410540735096637327e-02 8.674968704274216291e-01 3.775350765907023742e+01 3.779416081126478477e-02 9.988589041269698710e-01 -2.919744840462519184e-02 7.285004146652154233e-01 -8.677947537237417075e-01 1.831946397123724452e-02 -4.965850142002204426e-01 3.189306798160393086e+00
-5.058874764455220108e-01 4.339972883026575745e-02 8.615070001267797206e-01 3.844634664358216725e+01 3.165284932913341870e-02 9.989948630230314208e-01 -3.173894655735552683e-02 6.754683280105059362e-01 -8.620185441924095304e-01 1.121281672064250098e-02 -5.067527165290366398e-01 2.787822569791688743e+00
-5.171260368270172991e-01 4.238165446392336277e-02 8.548593124863057557e-01 3.915563299186592872e+01 3.022259187607777633e-02 9.990546298668956382e-01 -3.124806281401209737e-02 6.596862797884771590e-01 -8.553755134422069695e-01 9.676878241415070095e-03 -5.179180459677873438e-01 2.370651981732969649e+00
-5.261888456298339234e-01 4.373258890060924969e-02 8.492424543714014451e-01 3.981851273946210767e+01 3.246535479113023953e-02 9.989817571199043345e-01 -3.132809640880203361e-02 6.192931233625210696e-01 -8.497477927708185774e-01 1.108646371769399751e-02 -5.270728527961805465e-01 1.959644592149976550e+00
-5.332213864498891454e-01 4.703311079572160963e-02 8.446672874898025762e-01 4.050760250938139251e+01 3.625038394327977781e-02 9.988065566128681017e-01 -3.273182045277207158e-02 5.709532652892657101e-01 -8.451987188827816411e-01 1.316620782427081401e-02 -5.342899864281069888e-01 1.518019896818196601e+00
-5.370665456867628196e-01 5.015982667638362036e-02 8.420472103156150245e-01 4.121248047808911252e+01 3.716926240192624381e-02 9.986681382071648239e-01 -3.578261587350466122e-02 5.365200204885621771e-01 -8.427205842183811413e-01 1.208062882943726837e-02 -5.382156522221114292e-01 1.092555759220563916e+00
-5.368938657209345600e-01 5.151077956812991770e-02 8.420757707280630555e-01 4.192251584604467496e+01 3.649808581241883315e-02 9.986179625341794486e-01 -3.781606235920386555e-02 4.898934913771550992e-01 -8.428599399168325013e-01 1.043094283543430541e-02 -5.380319043244286004e-01 6.440631400809129214e-01
-5.337916982367018059e-01 5.217884430120533351e-02 8.440046078987291089e-01 4.262748107638930861e+01 3.851468399156620509e-02 9.985588189425929073e-01 -3.737518110833169122e-02 4.462769258741755007e-01 -8.447384528362501532e-01 1.255601038662230821e-02 -5.350320606429058712e-01 1.885977510127717360e-01
-5.275812495193508145e-01 5.119109147878274368e-02 8.479607799008499480e-01 4.336906356335347112e+01 3.686639958301424214e-02 9.986220091316754255e-01 -3.734904812188769713e-02 4.034698706096955800e-01 -8.487042509313700300e-01 1.155660448226531606e-02 -5.287414798052140208e-01 -2.837156525292041653e-01
-5.211391972329701971e-01 4.979162375578151389e-02 8.520180268850281458e-01 4.412938592178367259e+01 3.495144100812062893e-02 9.987043853328079202e-01 -3.698577330799970864e-02 3.582741029543829447e-01 -8.527557363137325819e-01 1.050452260435857411e-02 -5.222042918477818318e-01 -7.148090474476325173e-01
-5.143241810595158281e-01 4.902036401140134891e-02 8.561936856789774675e-01 4.490971996760706020e+01 3.308842816458951175e-02 9.987559336257253451e-01 -3.730604388111641995e-02 3.117568870046210083e-01 -8.569572945994432533e-01 9.142703797633695492e-03 -5.153063356413460916e-01 -1.168095391613104272e+00
-5.071233212288723813e-01 4.761207033426576030e-02 8.605573858879868032e-01 4.572808400055280487e+01 2.980116035814861855e-02 9.988445811982735734e-01 -3.770137129559923694e-02 2.599572388194850148e-01 -8.613581369640197494e-01 6.526365009975813695e-03 -5.079562775654352658e-01 -1.673772600650806686e+00
-5.028070679235638885e-01 4.536460765563085640e-02 8.632074439694660262e-01 4.655420057843164017e+01 2.592174502644974815e-02 9.989641142087897219e-01 -3.740002151092629290e-02 2.126824819719907445e-01 -8.640099119068386235e-01 3.570849069776699247e-03 -5.034621482361258948e-01 -2.109640836567804989e+00
-5.016317640513054954e-01 4.256918867891467534e-02 8.640332308145814988e-01 4.737625234092998738e+01 2.091632616774496620e-02 9.990933817104176162e-01 -3.707993906467835915e-02 1.707369799747591455e-01 -8.648283603790086760e-01 -5.280734450725800251e-04 -5.020673677722446993e-01 -2.584863374161376459e+00
-5.016235124114029054e-01 4.028076991608336294e-02 8.641477291813236539e-01 4.822072514641293850e+01 1.852966668124396768e-02 9.991864871528375325e-01 -3.581920305074072497e-02 1.277123600646732915e-01 -8.648875739503837368e-01 -1.955384149095064535e-03 -5.019618256974250903e-01 -3.061842128181145650e+00
-5.029494886938714604e-01 3.873462473963948383e-02 8.634474084545331607e-01 4.906049645147735561e+01 1.669555533798527253e-02 9.992442847500973002e-01 -3.510153547709164712e-02 7.939107878954530795e-02 -8.641545478431597038e-01 -3.238564430617390470e-03 -5.032160993825531836e-01 -3.531466310869140202e+00
-5.035374438250538320e-01 3.856628110409036220e-02 8.631122007801169671e-01 4.994917544269037535e+01 1.695271879368743032e-02 9.992519214131302396e-01 -3.475921236211077653e-02 2.483516653882694714e-02 -8.638070735320598770e-01 -2.870465611056887377e-03 -5.038145627800220128e-01 -4.039280154269071055e+00
-5.033987258344569948e-01 3.755796537424682668e-02 8.632375736545218059e-01 5.082353594673407571e+01 1.661154039784881742e-02 9.992908829352010747e-01 -3.379035329120417402e-02 -2.474652362375140413e-02 -8.638945490331896293e-01 -2.670314058061788037e-03 -5.036656540826188744e-01 -4.550944636054572889e+00
-5.034792769484991437e-01 3.705456799759745956e-02 8.632123511502193258e-01 5.168619354417293010e+01 1.709594731508502427e-02 9.993115866999707775e-01 -3.292538898049260365e-02 -6.434187900220869616e-02 -8.638381553057636886e-01 -1.819817245497479382e-03 -5.037661592761435436e-01 -5.059034298394985640e+00
-5.036261952409645248e-01 3.671248139445505015e-02 8.631412605612648337e-01 5.259969528321838084e+01 1.665621608876485457e-02 9.993235882962638872e-01 -3.278622131299396836e-02 -1.236890446336081500e-01 -8.637611002030008978e-01 -2.135331633215743156e-03 -5.038970288272188736e-01 -5.586966904212032681e+00
-5.035655184858257583e-01 3.505157272691672432e-02 8.632457021870333369e-01 5.349640349750299606e+01 1.465240571211287070e-02 9.993794406224294491e-01 -3.203186912032519873e-02 -1.757937326578805914e-01 -8.638327893140109737e-01 -3.481517623173924301e-03 -5.037666172612162985e-01 -6.123368420338599627e+00
-5.039507275474954806e-01 3.451690879995671091e-02 8.630424286904080367e-01 5.436657705475418823e+01 1.455101160738307697e-02 9.993986556068022997e-01 -3.147372243951395560e-02 -2.240055001688525671e-01 -8.636098335207441634e-01 -3.303064021840631821e-03 -5.041499367589624692e-01 -6.594043448736188751e+00
-5.028347776164385774e-01 3.342449646050883044e-02 8.637360568739815836e-01 5.528380248753711612e+01 1.298950119368646322e-02 9.994314474498016132e-01 -3.111357712575516660e-02 -2.796428763212661650e-01 -8.642849481443216630e-01 -4.425487199487748886e-03 -5.029830583740997341e-01 -7.140525486928309462e+00
-5.016555762457325374e-01 3.226217257752159173e-02 8.644656277199949113e-01 5.619220255737494796e+01 1.268124869453441696e-02 9.994712031656658446e-01 -2.994160899986231250e-02 -3.359608532653037272e-01 -8.649744973614378329e-01 -4.057870605245217539e-03 -5.017994282160120889e-01 -7.636251110468350589e+00
-5.003002766832566062e-01 3.026384386498960632e-02 8.653228988921803921e-01 5.706110410974584113e+01 1.338309904705121782e-02 9.995398680917912948e-01 -2.722029996246287317e-02 -3.798048143570741386e-01 -8.657485421107079526e-01 -2.037620620200061416e-03 -5.004750978003733586e-01 -8.140761117610788133e+00
-4.975103329320769152e-01 2.884380175004153460e-02 8.669783677350078044e-01 5.794897394312419436e+01 1.368811425751049679e-02 9.995836346089816971e-01 -2.540064812360187316e-02 -4.367274647562424117e-01 -8.673500542227902121e-01 -7.697850156075402607e-04 -4.976980053220891320e-01 -8.658247687149959404e+00
-4.952004292448068390e-01 2.816929957898410899e-02 8.683219516931617310e-01 5.885008969634464648e+01 1.352258510576096612e-02 9.996030427251610950e-01 -2.471632339658358726e-02 -4.932719826780189720e-01 -8.686735215350360750e-01 -4.975755277024063953e-04 -4.953847788050142475e-01 -9.175871576692252063e+00
-4.930022652903870983e-01 2.851178264960689199e-02 8.695607115023300526e-01 5.976625200778841673e+01 1.395790380058823353e-02 9.995934493404459165e-01 -2.486187708096012847e-02 -5.424074257339067673e-01 -8.699160625182194018e-01 -1.197160195448330680e-04 -4.931998008376481391e-01 -9.696624205489760229e+00
-4.912667017840654515e-01 2.910532308028404916e-02 8.705227706262907983e-01 6.064790057708293602e+01 1.402588918745834891e-02 9.995762992046771656e-01 -2.550483239155410323e-02 -5.880159158967837030e-01 -8.708962709007557201e-01 -3.198180333045695309e-04 -4.914667809534735698e-01 -1.016888773284940761e+01
-4.927576996338693949e-01 3.019895254048075156e-02 8.696423742176669913e-01 6.152639276773111732e+01 1.349960184166271171e-02 9.995426358070168549e-01 -2.706067125992307060e-02 -6.372169052535305855e-01 -8.700618499243677473e-01 -1.594527397829234062e-03 -4.929400049657778893e-01 -1.066228590539712329e+01
-4.956919271457516096e-01 3.191487972410247259e-02 8.679118274242653142e-01 6.240946882293943077e+01 1.194329257126856142e-02 9.994805895694102160e-01 -2.993173588634379448e-02 -6.947302188413372326e-01 -8.684163077502604633e-01 -4.471194066014981192e-03 -4.958156295561897409e-01 -1.114872321815756528e+01
-4.999290532695145894e-01 3.262242999032331781e-02 8.654517347591331733e-01 6.327365398763930671e+01 1.101073029742697523e-02 9.994489788727560775e-01 -3.131297536538744236e-02 -7.405190021538760048e-01 -8.659963729032015278e-01 -6.125009612781887568e-03 -5.000127797956901432e-01 -1.163614880877129920e+01
-5.059120686729623451e-01 3.137816392900959900e-02 8.620141391744062798e-01 6.413437936721246047e+01 1.115248820696666462e-02 9.994925539229069233e-01 -2.983716872405672849e-02 -7.807545349672504464e-01 -8.625129639806411452e-01 -5.481380347134737728e-03 -5.060052913949673048e-01 -1.215532661565738159e+01
-5.107646144148446643e-01 2.890224968119700991e-02 8.592346334038819533e-01 6.500891675114368695e+01 1.353006039929479168e-02 9.995812054993700180e-01 -2.558028642057633834e-02 -8.513649445266420202e-01 -8.596141333712171706e-01 -1.440007722362378123e-03 -5.109417593964963311e-01 -1.265412492747680062e+01
-5.164668792255417973e-01 2.672276366867388023e-02 8.558900883145621474e-01 6.586901615538711496e+01 1.109642027752113895e-02 9.996378763620010766e-01 -2.451500722452995204e-02 -8.847119734342590025e-01 -8.562352738480719649e-01 -3.163872240238090570e-03 -5.165763825813837196e-01 -1.316515633699084908e+01
-5.214908422660277099e-01 2.908457526489544726e-02 8.527610308371148529e-01 6.673106312070918023e+01 1.218274787965301260e-02 9.995708113740680023e-01 -2.664157803855431508e-02 -9.475736962118411766e-01 -8.531699092518088001e-01 -3.504365433536945663e-03 -5.216213555758859588e-01 -1.367521590315629076e+01
-5.260395371952264476e-01 3.162773949558794762e-02 8.498718010881245455e-01 6.756762330561353735e+01 1.304084592010160658e-02 9.994907360193517887e-01 -2.912395790824228239e-02 -9.879611367596257132e-01 -8.503601316641840047e-01 -4.237305243362291494e-03 -5.261840978805291114e-01 -1.421027205930382031e+01
-5.305855525182906485e-01 3.185142846384143162e-02 8.470327295489064046e-01 6.837927212922899400e+01 1.154689030068035971e-02 9.994726138221745604e-01 -3.035067579159626480e-02 -1.035920006495745671e+00 -8.475527432422794716e-01 -6.323035210300772743e-03 -5.306735151745053392e-01 -1.471960985711877257e+01
-5.350268671378967111e-01 3.224844902553967996e-02 8.442193293327671100e-01 6.919665846641045448e+01 1.019165568975337506e-02 9.994448656507590734e-01 -3.171893216365902907e-02 -1.095653563712135403e+00 -8.447735751701745954e-01 -8.366487329760655123e-03 -5.350585216235552721e-01 -1.522298179927854633e+01
-5.378287514236671507e-01 3.096744279236645150e-02 8.424851563798602117e-01 7.003437072079661618e+01 1.000200809764550600e-02 9.994891862142254446e-01 -3.035335985758165142e-02 -1.150577457828226180e+00 -8.429947838706615126e-01 -7.898365430075823118e-03 -5.378637588824424220e-01 -1.576282397086082732e+01
-5.410675557858120044e-01 2.493196397841122153e-02 8.406094719843468788e-01 7.085312623301014412e+01 1.200858304058143901e-02 9.996875903734662172e-01 -2.192066525980702202e-02 -1.194355249693902943e+00 -8.408933972869730988e-01 -1.766031217890521319e-03 -5.411979198153602511e-01 -1.628041018002417673e+01
-5.426464616962998200e-01 1.697236788132543833e-02 8.397897019477295055e-01 7.166543709940539486e+01 1.272059253779768070e-02 9.998472313611992401e-01 -1.198751198531641804e-02 -1.224917596719120372e+00 -8.398648794262872919e-01 4.177642618397626149e-03 -5.427794620922801183e-01 -1.679715246798359729e+01
-5.445369693589204863e-01 1.458199417387859471e-02 8.386100653101110636e-01 7.251151417373415597e+01 1.350782338669751642e-02 9.998716521337975838e-01 -8.614983693577060037e-03 -1.253146742165160310e+00 -8.386280696652600453e-01 6.636620530129521203e-03 -5.446640513820327767e-01 -1.734915190506125882e+01
-5.458371460635497163e-01 1.946531973688563760e-02 8.376651470165337177e-01 7.333178052457137142e+01 1.338225599389271207e-02 9.998051257502973410e-01 -1.451295026819003284e-02 -1.294593281732047574e+00 -8.377844213747089874e-01 3.288143033524907992e-03 -5.459912675292563078e-01 -1.784506596795324640e+01
-5.468919386467958610e-01 2.410812909555716879e-02 8.368560167682805861e-01 7.409221733686038647e+01 1.304085219501859016e-02 9.997093413152234875e-01 -2.027730353084214454e-02 -1.345229016163137503e+00 -8.371016396432461315e-01 -1.761772966159263912e-04 -5.470473714809054311e-01 -1.837210527374050173e+01
-5.471060903971858291e-01 2.923943145392967485e-02 8.365524303688470775e-01 7.490673163498276210e+01 1.967366864014963301e-02 9.995628260877406079e-01 -2.207041984279651051e-02 -1.373527203951116604e+00 -8.368320524901002866e-01 4.383195158358091717e-03 -5.474421579506205671e-01 -1.891399332568381908e+01
-5.468540860308951368e-01 3.006290999391575403e-02 8.366880047473019832e-01 7.568617601183619570e+01 2.298353714082662994e-02 9.995175323317387894e-01 -2.089161418985316029e-02 -1.419663839047336396e+00 -8.369124070497747647e-01 7.805386236604803553e-03 -5.472811998016667845e-01 -1.941579216590079682e+01
-5.466973977401397011e-01 2.753186298342891539e-02 8.368774934674954036e-01 7.648068482969962645e+01 2.290192456442519467e-02 9.995770350970856200e-01 -1.792352420439885172e-02 -1.453915222536297458e+00 -8.370170061717090437e-01 9.367362188110342144e-03 -5.470966977557354394e-01 -1.994324018993613024e+01
-5.465062208347972739e-01 2.277096870858866251e-02 8.371454000415742280e-01 7.730140203303547253e+01 2.117555535095341432e-02 9.996863923326568813e-01 -1.336835089824224380e-02 -1.484090094116076397e+00 -8.371872896288861110e-01 1.042113284428173442e-02 -5.468170213801055723e-01 -2.046446748261808324e+01
-5.457320060098512782e-01 1.677102928720724737e-02 8.377919177274835150e-01 7.807313771014332815e+01 1.957078238387196384e-02 9.997820747867837143e-01 -7.265492389734750679e-03 -1.515992512913321821e+00 -8.377312060456679754e-01 1.243123260851756659e-02 -5.459413005891506909e-01 -2.095721774905546653e+01
-5.449700348383633708e-01 9.816496475376697284e-03 8.383980467058207431e-01 7.893555086970795287e+01 1.007940200773356498e-02 9.999359078986543858e-01 -5.156135471711960350e-03 -1.549199750231853079e+00 -8.383949417198657272e-01 5.640612610809032403e-03 -5.450340521564329688e-01 -2.149546717124701445e+01
-5.438337320819194298e-01 4.763600829636710672e-03 8.391794606199125539e-01 7.967553124323818281e+01 2.350149886631090323e-03 9.999886129333391827e-01 -4.153407705064098704e-03 -1.570208329010243320e+00 -8.391897045338306826e-01 -2.865647659631959218e-04 -5.438387357657767929e-01 -2.194400887884181017e+01
-5.420240447106535742e-01 5.424686285298594389e-03 8.403454616235875863e-01 8.048881550380950500e+01 5.203239186923724023e-03 9.999816608045362099e-01 -3.099088204306235401e-03 -1.589263916333077953e+00 -8.403468764976776972e-01 2.692739073759521477e-03 -5.420423315467091108e-01 -2.247751736499097674e+01
-5.381547969827680244e-01 7.891572921696416582e-03 8.428090677199823189e-01 8.128946938373596254e+01 9.659193367393247714e-03 9.999482436954234554e-01 -3.195292998976964702e-03 -1.637825719994517204e+00 -8.427906775226864378e-01 6.421294496823818330e-03 -5.382031714925588073e-01 -2.299624029704023798e+01
-5.336287251693524469e-01 1.166302231928093187e-02 8.456384242554161323e-01 8.207662331048662452e+01 1.119211943079631046e-02 9.999147305225065674e-01 -6.728159328716454279e-03 -1.655660187746741618e+00 -8.456448024278325759e-01 5.874148143794844998e-03 -5.337137580543571680e-01 -2.347291279969446975e+01
-5.255847871028491713e-01 1.355089868132259429e-02 8.506332885349242590e-01 8.284371086953282770e+01 1.643951756903522937e-02 9.998482109354459579e-01 -5.770383335585517297e-03 -1.673097517775726573e+00 -8.505823803199741295e-01 1.095117623337486454e-02 -5.257277805128801607e-01 -2.394705568508119242e+01
-5.175050249822682469e-01 1.646016120401508354e-02 8.555218284339781709e-01 8.365012913101772085e+01 2.452456673449298838e-02 9.996895488854971035e-01 -4.399026677713644209e-03 -1.701934840594319764e+00 -8.553286542419523686e-01 1.870478487488475353e-02 -5.177480444961081174e-01 -2.448026770338812241e+01
-5.071750038222304635e-01 1.609925389333177401e-02 8.616927039622628293e-01 8.444994857589621517e+01 2.284053313868995502e-02 9.997254163750044498e-01 -5.234678827793499099e-03 -1.731635073153100057e+00 -8.615403866104820452e-01 1.702662360660375795e-02 -5.074034586255363743e-01 -2.493109868039507049e+01
-4.960466654860375968e-01 1.296209756389251830e-02 8.681990993077879359e-01 8.529434752813352816e+01 1.865199357491558949e-02 9.998169170943966844e-01 -4.270292317197949515e-03 -1.755054024906214316e+00 -8.680955138818504668e-01 1.407538083829468038e-02 -4.961976180027476424e-01 -2.536344819023319275e+01
-4.855823238213962112e-01 1.064454298722307228e-02 8.741261274422373884e-01 8.607639498741616535e+01 2.082065188179737028e-02 9.997830414089715623e-01 -6.087128655988953722e-04 -1.769796835853770123e+00 -8.739429728862133651e-01 1.790429671441586337e-02 -4.856986001179173229e-01 -2.583521710040566433e+01
-4.740699450936254888e-01 9.616998350731386508e-03 8.804346577114631200e-01 8.690660818824564160e+01 2.048374005767349126e-02 9.997901802540571925e-01 1.087488013620448743e-04 -1.803581039608961545e+00 -8.802488945542987775e-01 1.808615033360879559e-02 -4.741674691906871408e-01 -2.625144478474823018e+01
-4.617222979216227818e-01 8.374171481815309570e-03 8.869849934815703385e-01 8.775971520880277410e+01 1.944087441421337575e-02 9.998107766601318502e-01 6.806197531755777156e-04 -1.822908309343123090e+00 -8.868114709614793867e-01 1.755802231179531825e-02 -4.617977317496597123e-01 -2.671706278725842765e+01
-4.491880691763033839e-01 1.016098514824529363e-02 8.933794370328588252e-01 8.858391266475435089e+01 2.311572393643039278e-02 9.997327642009012916e-01 2.518961133086148664e-04 -1.831652063858312030e+00 -8.931381500339076185e-01 2.076426232823036858e-02 -4.493029098278550348e-01 -2.709412558349439237e+01
