1.000000000000000000e+00 -3.306050084167601550e-19 -2.270457535318767223e-19 -8.673617379884035472e-19 7.546676715296109287e-19 1.000000000000000000e+00 6.237773588823049983e-19 1.387778780781445676e-17 -3.447385680526250622e-20 4.770700176052009879e-20 1.000000000000000222e+00 5.551115123125782702e-17
9.999477303803530059e-01 -1.643267599563808662e-03 1.009597716185853776e-02 1.006447169748913087e-02 1.628759565007071751e-03 9.999976305868206738e-01 1.445449630196612902e-03 -1.020062826819340129e-02 -1.009832915779935655e-02 -1.428930286878244815e-03 9.999480063233233684e-01 3.028803272949799341e-01
9.998203955440038149e-01 -4.866470993612728030e-03 1.831044298327734118e-02 3.147464820591300977e-02 4.842053302177245708e-03 9.999873577511564360e-01 1.377615545237540233e-03 -8.567086437952092792e-03 -1.831691244064821006e-02 -1.288679680551641340e-03 9.998312809760803166e-01 5.904622784914190792e-01
9.997412476991598407e-01 -7.864392415906661105e-03 2.134256379509624421e-02 4.059257888859502117e-02 7.856846991052173282e-03 9.999690124788478407e-01 4.372344758469280993e-04 -1.454097682786996415e-02 -2.134534536316285910e-02 -2.694011730261294531e-04 9.997721330867629375e-01 8.896826706778759863e-01
9.997958962790164383e-01 -8.799508556404104370e-03 1.819189723864210462e-02 4.159658804349000011e-02 8.831475679016881006e-03 9.999595564471085440e-01 -1.678132435082856609e-03 -2.927521256672140082e-02 -1.817639045207302198e-02 1.838449852927489083e-03 9.998332156202803800e-01 1.205588983341140619e+00
9.998772224443299717e-01 -1.153332690740075349e-02 1.060992676897765455e-02 4.619129699322106763e-02 1.156433218792074329e-02 9.999290410915798732e-01 -2.867123148741683100e-03 -1.967108253435369269e-02 -1.057611822698543459e-02 2.989435807083963819e-03 9.999396418634131090e-01 1.519185336256285268e+00
9.999163968251356671e-01 -1.293084244993344262e-02 -7.341394800744508408e-05 3.547579453371394603e-02 1.293044244488283749e-02 9.999082732444632970e-01 -4.030916434936951745e-03 -3.465707621782941616e-02 1.255403577727479450e-04 4.029630196598010632e-03 9.999918668337827166e-01 1.840274797907673232e+00
9.997974247028115213e-01 -1.214690783187646547e-02 -1.605086999933881889e-02 1.122948531731958639e-02 1.207427513302670487e-02 9.999164424843008936e-01 -4.613842909780532103e-03 -4.162670111309026144e-02 1.610559150132918199e-02 4.419131829355541462e-03 9.998605556491915181e-01 2.173272238368066489e+00
9.993176084944507265e-01 -7.925828254983119034e-03 -3.607886505667824012e-02 -2.705735461533928174e-02 7.757386245936540026e-03 9.999583768395788885e-01 -4.805673170428985050e-03 -4.552518153552213842e-02 3.611546212082476781e-02 4.522534058947747654e-03 9.993374914192055813e-01 2.518339544560403098e+00
9.984823681488650404e-01 -2.891976902274307881e-03 -5.499530008356962735e-02 -6.833392024729020853e-02 2.606698054731956555e-03 9.999827538140598771e-01 -5.258381440687147704e-03 -4.866179579973055336e-02 5.500956437906517893e-02 5.107031724881431513e-03 9.984726894117396112e-01 2.867594417305045607e+00
9.971213539469875320e-01 -2.511590254923689106e-03 -7.577251567079920647e-02 -1.134401965807095708e-01 2.051897234969069818e-03 9.999790191408975959e-01 -6.143611361585358220e-03 -5.542019053988403443e-02 7.578636026111527924e-02 5.970425398943274807e-03 9.971055786027889223e-01 3.232430431129234893e+00
9.953662834601099130e-01 -4.523691861574970045e-03 -9.602687830057472784e-02 -1.684364433451553122e-01 4.056480251968096022e-03 9.999789756025257992e-01 -5.059578826394108865e-03 -5.786887881571076142e-02 9.604774396632856370e-02 4.646674969640956880e-03 9.953636881190663921e-01 3.612730974135571316e+00
9.933271764227521450e-01 -4.986526705510111075e-03 -1.152210809221407284e-01 -2.264667359843511862e-01 4.538888174328893806e-03 9.999811236465775410e-01 -4.146865974532544519e-03 -6.977782687938931250e-02 1.152395944052735516e-01 3.596125388949440727e-03 9.933310207810428505e-01 3.996666189918288925e+00
9.911499141823686410e-01 -3.889406746119872249e-03 -1.327085524294522312e-01 -2.986659664604690012e-01 3.469562269789762832e-03 9.999881924705723568e-01 -3.395516348257954058e-03 -7.271140404511791666e-02 1.327202037177874216e-01 2.905141416029754023e-03 9.911517440588817340e-01 4.398546356206665564e+00
9.887378704364535587e-01 -2.211212891565048078e-03 -1.496655628463338661e-01 -3.819415521526611235e-01 1.806302461353000155e-03 9.999943218001604572e-01 -2.840703941918741333e-03 -8.106986983822082882e-02 1.496710033434974219e-01 2.538387346889543154e-03 9.887362983639722547e-01 4.812032213776056722e+00
9.867620321350839552e-01 -2.291138652165176752e-03 -1.621421751215001428e-01 -4.693468767583224288e-01 1.886869441396074425e-03 9.999947188901939787e-01 -2.647400925492572610e-03 -8.833246336825860412e-02 1.621473988651691289e-01 2.306486995105401245e-03 9.867611437195953350e-01 5.234318423667177811e+00
9.846866042244821760e-01 -3.208175220935799779e-03 -1.742683592108371371e-01 -5.568488357282153078e-01 2.652284677029786378e-03 9.999906106766812686e-01 -3.423890299267134257e-03 -9.566277643712749190e-02 1.742777228140050538e-01 2.909410381341144720e-03 9.846858784749964455e-01 5.674210680652433503e+00
9.827076462908010956e-01 -6.268500815106512435e-03 -1.850619468465402040e-01 -6.452050685524824969e-01 5.360584388110278993e-03 9.999710138695343531e-01 -5.406869563417479249e-03 -1.067356933306114752e-01 1.850904908047233399e-01 4.321221860236488035e-03 9.827127373158612844e-01 6.123565901470530370e+00
9.813592009320315501e-01 -5.306978693851559931e-03 -1.920738331373687269e-01 -7.464306075810305252e-01 3.972416052302438737e-03 9.999652145671916736e-01 -7.332252066550531619e-03 -1.169546271788111380e-01 1.921060797626982786e-01 6.432496535875028600e-03 9.813462087569109205e-01 6.591202425665975362e+00
9.800512809897519162e-01 -5.264435489396995620e-03 -1.986940753208894517e-01 -8.577717204412549368e-01 3.510463512806877816e-03 9.999516754690925824e-01 -9.179304590913319253e-03 -1.151746756764276125e-01 1.987328483641256915e-01 8.298308766727885075e-03 9.800224732668028071e-01 7.070611055598503114e+00
9.782534496951922343e-01 -5.586496340730689146e-03 -2.072919978666572516e-01 -9.693012490167414175e-01 3.289548739993828144e-03 9.999293713247481286e-01 -1.141923692935403571e-02 -1.251817933786771309e-01 2.073411671749311458e-01 1.048894638882891250e-02 9.782026722585631662e-01 7.558357810466210580e+00
9.763671623879828232e-01 -9.170546866156306307e-03 -2.158827889197283689e-01 -1.079029164457924406e+00 6.429860209857852366e-03 9.998895872053431555e-01 -1.339332963915013802e-02 -1.360585437135345410e-01 2.159818197611879098e-01 1.168845193430077464e-02 9.763182783493317141e-01 8.061755331458146046e+00
9.748689931107528128e-01 -1.501309642535850544e-02 -2.222752884850471566e-01 -1.198020509468033179e+00 1.214718530954013269e-02 9.998246059109806572e-01 -1.425547172523971944e-02 -1.525271284219326673e-01 2.224503043773594924e-01 1.119767247646745109e-02 9.748803350564834158e-01 8.576097140385746442e+00
9.729515279088873925e-01 -1.577863192513611137e-02 -2.304616401856197372e-01 -1.326588286222632362e+00 1.225794041602952522e-02 9.997854179165773791e-01 -1.669982360127902216e-02 -1.744669235467788959e-01 2.306757104934648861e-01 1.342304003469953211e-02 9.729361026707820104e-01 9.107396469091648683e+00
9.708387387291204096e-01 -1.164789819147524219e-02 -2.394891438228274327e-01 -1.480204060622167805e+00 6.901136777873794446e-03 9.997629342873672886e-01 -2.065860389790651758e-02 -1.793906609406152874e-01 2.396729084171028978e-01 1.840450975579353138e-02 9.706888843680032686e-01 9.637280624732559531e+00
9.688964773582606771e-01 -9.453577345829838191e-03 -2.473230133725191904e-01 -1.633806089686613561e+00 3.679623507801802699e-03 9.997098434518647547e-01 -2.379866364817953203e-02 -1.950151440113784274e-01 2.474763915659267122e-01 2.214784823994941920e-02 9.686500154020331044e-01 1.018549921273019621e+01
9.666007412433805790e-01 -1.139935056895217784e-02 -2.560725792278965018e-01 -1.785253448485836447e+00 5.018735269100810074e-03 9.996606086647069622e-01 -2.555966225120805818e-02 -2.132904649688208143e-01 2.562771174359528836e-01 2.342114651860573507e-02 9.663297903621460572e-01 1.074258767217480148e+01
9.643691021858983303e-01 -1.327347982912924565e-02 -2.642013267799170340e-01 -1.951024086142524316e+00 6.318525222706854877e-03 9.996112376502348518e-01 -2.715331270927296564e-02 -2.437199587812873547e-01 2.644591037702218039e-01 2.451613930668808741e-02 9.640779864082213990e-01 1.131800983315397424e+01
9.623830756638570572e-01 -1.365375709685399258e-02 -2.714212445850485711e-01 -2.125478530836723223e+00 5.691030018127083735e-03 9.995302802650860574e-01 -3.011356526660300889e-02 -2.650915720874690296e-01 2.717049476180435352e-01 2.743620233021156624e-02 9.620088848051573382e-01 1.190428765044994819e+01
9.601128826753354550e-01 -1.307788470581761758e-02 -2.792508497453313754e-01 -2.314960723115483177e+00 3.824443272509951523e-03 9.994264415123057521e-01 -3.363904248985841172e-02 -2.857121164760549892e-01 2.795305953101042129e-01 3.122956391766769368e-02 9.596119819647027649e-01 1.249465179307542684e+01
9.578618439172260635e-01 -1.421573728422136258e-02 -2.869148719307736406e-01 -2.506939448990575414e+00 3.279930187234859906e-03 9.992507672313084566e-01 -3.856765217450908168e-02 -3.174762873418049969e-01 2.872480335772470417e-01 3.600253974578813271e-02 9.571907512210028335e-01 1.309660240957232347e+01
9.560943392798748608e-01 -1.504724272567529823e-02 -2.927050602340650620e-01 -2.711500460104801391e+00 1.529427309476452147e-03 9.989235397804937522e-01 -4.636291672856136803e-02 -3.530110595547020780e-01 2.930875096743825181e-01 4.388044036196467323e-02 9.550880050147964040e-01 1.371348429924278811e+01
9.547672900661043904e-01 -1.594049934296385210e-02 -2.969451714540142784e-01 -2.912012776548118076e+00 -3.304177318225112866e-04 9.985045415040192385e-01 -5.466206514881306877e-02 -3.868744043326246551e-01 2.973723758434263509e-01 5.228838536000559450e-02 9.533341273684755590e-01 1.434249586295496925e+01
9.535785970493921848e-01 -1.584475222678744660e-02 -3.007296195639849179e-01 -3.125828054334185424e+00 -3.151142924735564170e-03 9.980350964316287987e-01 -6.258371899345681333e-02 -4.316607947227401598e-01 3.011306218584608452e-01 6.062468551000620154e-02 9.516550013966038613e-01 1.497777572287558279e+01
9.522202186009706137e-01 -1.555687801442692288e-02 -3.050453300304551418e-01 -3.345669335313131487e+00 -6.782387742533545032e-03 9.973784380715630116e-01 -7.203595455325843833e-02 -4.743280841716217555e-01 3.053668260350759778e-01 7.066109543614354505e-02 9.496183528718391553e-01 1.562613129598610406e+01
9.511531244886015646e-01 -1.412600251889714262e-02 -3.084749668633292585e-01 -3.573462323194889656e+00 -1.078356155863211679e-02 9.968227418544178819e-01 -7.891442894734761182e-02 -5.336873292555180948e-01 3.086097937520634882e-01 7.838563237302226261e-02 9.479788617835066544e-01 1.628139609419167044e+01
9.495654119261567327e-01 -1.304245027786992556e-02 -3.132024061263682380e-01 -3.810301343365837035e+00 -1.440922839259696497e-02 9.962642214384344053e-01 -8.514919821756714025e-02 -5.951547715472887967e-01 3.131422450540136126e-01 8.537019301992734843e-02 9.458301032687097543e-01 1.694788652642746030e+01
9.479470334233750517e-01 -1.202951372355134420e-02 -3.182216789300463256e-01 -4.054141992497691582e+00 -1.794346952396903838e-02 9.956804072688966167e-01 -9.109569692155843057e-02 -6.633363644267955550e-01 3.179432292754785783e-01 9.206273941975089137e-02 9.436364533888443873e-01 1.761867950483586398e+01
9.468135469484745270e-01 -9.751409970285300835e-03 -3.216850189787726633e-01 -4.308561648163378166e+00 -2.250487931295821337e-02 9.950863838668903005e-01 -9.640888839385497455e-02 -7.370981119534980586e-01 3.210445477628207089e-01 9.852029401892650751e-02 9.419419413999065016e-01 1.831091831283950455e+01
9.447352542231260975e-01 -7.764665779437862798e-03 -3.277316480321780245e-01 -4.570724985504436511e+00 -2.650366610136177872e-02 9.946380594810790843e-01 -9.997918449094578275e-02 -8.109883770590756713e-01 3.267504116552796822e-01 1.031414492339132599e-01 9.394639141171453600e-01 1.900995802952753166e+01
9.431616616084314009e-01 -6.164311629714252540e-03 -3.323368122671963576e-01 -4.831383009116360761e+00 -2.902322893058931902e-02 9.944800426489553979e-01 -1.008331912392640972e-01 -8.881558487292078308e-01 3.311239283085731233e-01 1.047468370721599679e-01 9.377767799535814408e-01 1.971730986293328414e+01
9.408269001417731703e-01 -5.239948082719444490e-03 -3.388719501723006511e-01 -5.111668770766127246e+00 -3.030582454240821066e-02 9.945735203843798500e-01 -9.952627097659884348e-02 -9.771052233637923523e-01 3.375557730659617950e-01 1.039021975995966102e-01 9.355624972785654414e-01 2.044067920659909987e+01
9.384657343315001565e-01 -6.490926221915183439e-03 -3.453758338209068635e-01 -5.392152221462694683e+00 -2.949564299915171176e-02 9.946643413851419258e-01 -9.886145968317573696e-02 -1.056628670985209073e+00 3.441754253235407846e-01 1.029619194309212837e-01 9.332668878797022449e-01 2.116615284277227005e+01
9.360850098766441141e-01 -5.340105852159361677e-03 -3.516594922979261462e-01 -5.678479453094442242e+00 -3.049643576413656187e-02 9.948881956694834994e-01 -9.625010916446995191e-02 -1.145216814060287858e+00 3.503753438148206611e-01 1.008247443214777550e-01 9.311372304165496105e-01 2.191019496474321926e+01
9.338496570337950775e-01 -5.078523482502110900e-03 -3.576003519036517475e-01 -5.971176555944500919e+00 -3.030802025499395105e-02 9.951792802325943876e-01 -9.327823274527687059e-02 -1.229058786228525824e+00 3.563506357550141335e-01 9.794469018156345963e-02 9.291937261361683520e-01 2.264705935290475480e+01
9.291927066835636850e-01 -2.779711952895781626e-03 -3.696235802940389670e-01 -6.292977424613310333e+00 -3.189540025734866752e-02 9.956380122543884159e-01 -8.765884076830211813e-02 -1.304638202686500215e+00 3.682548468612626968e-01 9.324017129131813297e-02 9.250511684979613181e-01 2.340908257626882261e+01
9.264998636695562784e-01 -5.197738463004106767e-04 -3.762861337236420578e-01 -6.614217866118703881e+00 -3.285398630421262900e-02 9.960686485368949183e-01 -8.228342921026660095e-02 -1.384733485133057940e+00 3.748498771984828948e-01 8.859800662469745347e-02 9.228402254530032600e-01 2.416071250503588175e+01
9.226256220404913666e-01 2.952961851145436724e-03 -3.855886701048651943e-01 -6.944014826906523830e+00 -3.566798808639114193e-02 9.963389972427457719e-01 -7.771351514762160628e-02 -1.457748320754340021e+00 3.839474598454037380e-01 8.545754732591887004e-02 9.193529537872894286e-01 2.491463519529660076e+01
9.196539877986333877e-01 4.240939522243334509e-03 -3.926445124003170584e-01 -7.284245568318126196e+00 -3.694037621637490804e-02 9.964425665706044821e-01 -7.574600729002819999e-02 -1.534306155746782752e+00 3.909262783273492192e-01 8.416685134987161865e-02 9.165388483102058226e-01 2.567997917415975451e+01
9.153835215388884672e-01 4.534289409559016416e-03 -4.025666484318062843e-01 -7.634791998361878385e+00 -3.803128616857608113e-02 9.964386583459429181e-01 -7.526139690043995301e-02 -1.609638082265884673e+00 4.007917197297278245e-01 8.420363658470661483e-02 9.122960170794328638e-01 2.645349625526122495e+01
9.118778434023391277e-01 4.958899513768411614e-03 -4.104067102132414879e-01 -7.997749618862662224e+00 -3.883247428842470650e-02 9.964842226302973449e-01 -7.424197390436859667e-02 -1.676154737604254930e+00 4.085952794303784330e-01 8.364021890650499835e-02 9.088645226934074506e-01 2.723019174392964104e+01
9.078750154363325331e-01 6.293886313263153537e-03 -4.191864662420252685e-01 -8.378101830325300980e+00 -4.001690928471879349e-02 9.966229242067715655e-01 -7.169876855072290778e-02 -1.746367245357062892e+00 4.173195281777261623e-01 8.186776635754504372e-02 9.050608095558100308e-01 2.801821641082555558e+01
9.042409665282701292e-01 6.431486811996071223e-03 -4.270014694856820170e-01 -8.763497351151482206e+00 -3.966568597762582665e-02 9.968287069452128613e-01 -6.900727439900740390e-02 -1.818362032597538036e+00 4.252040691601431943e-01 7.933487482525186651e-02 9.016280446699803663e-01 2.881482851521520416e+01
9.007850966586435915e-01 5.533617238533323525e-03 -4.342345461428835929e-01 -9.157186080317776700e+00 -3.767008763931645882e-02 9.971453716712288529e-01 -6.542524458755395733e-02 -1.888991139216932291e+00 4.326329163948294809e-01 7.529036953854098546e-02 8.984220969586717009e-01 2.961017374299343530e+01
8.968391520750128576e-01 7.534964026224947459e-03 -4.423649503563950036e-01 -9.567397131276965894e+00 -3.757152829262429272e-02 9.975394600931679623e-01 -5.919704588000353901e-02 -1.948481161439897358e+00 4.408306529794119855e-01 6.970874445624809790e-02 8.949153922721272414e-01 3.042499914385359716e+01
8.942215088292164715e-01 6.293400085476824612e-03 -4.475944338204874140e-01 -9.982060377163151088e+00 -3.467370723010161637e-02 9.978705986630987956e-01 -5.525172683895824416e-02 -2.017800411102978586e+00 4.462936858394800366e-01 6.492779881850049839e-02 8.925355685178166798e-01 3.123431861230174533e+01
8.895884847311202881e-01 5.923377470400310353e-03 -4.567910642159794254e-01 -1.041493136185185442e+01 -3.405193002292173504e-02 9.979934736926427963e-01 -5.339801597383799642e-02 -2.080721459781488925e+00 4.555586700967817482e-01 6.305513617240034174e-02 8.880051234854167141e-01 3.205757068983981384e+01
8.865197593433032930e-01 7.049272049044448714e-03 -4.626246788534739696e-01 -1.085974984906730256e+01 -3.475599393092816680e-02 9.980736067867858052e-01 -5.138819749941379855e-02 -2.127186009428269298e+00 4.613712570529663881e-01 6.163504790882280010e-02 8.850569143455275789e-01 3.288914041264244759e+01
8.844423934703817824e-01 6.500079119554949894e-03 -4.665870090226588718e-01 -1.130780683934556663e+01 -3.358682450677182713e-02 9.981964969125119991e-01 -4.975514539212512466e-02 -2.183279524017220030e+00 4.654222871594664857e-01 5.967559476739166952e-02 8.830655030039473719e-01 3.372457526073360867e+01
8.806301966255001279e-01 5.444110799571289655e-03 -4.736900231848584220e-01 -1.177484990100028384e+01 -3.202171957180816042e-02 9.983315581534764060e-01 -4.805894199162884239e-02 -2.243958012895592269e+00 4.726378684694945709e-01 5.749577496166823759e-02 8.793351521691132877e-01 3.457694369242790344e+01
8.781964661391917781e-01 3.914467526990723228e-03 -4.782870499854631197e-01 -1.224763381084523139e+01 -3.076631594046572160e-02 9.983579379661396969e-01 -4.832276703862599387e-02 -2.299406660150343118e+00 4.773126152703475733e-01 5.715189114549525801e-02 8.768748299225314069e-01 3.543269258019191170e+01
8.771152230600163247e-01 3.728796878150059547e-03 -4.801753239921582317e-01 -1.273053512552367295e+01 -3.057768436170080553e-02 9.983747697946777633e-01 -4.809499859970545188e-02 -2.356335359324476020e+00 4.792154359763716731e-01 5.687051612773433990e-02 8.758036663555114343e-01 3.629179523066375168e+01
8.755823090126642061e-01 4.508429762584228832e-03 -4.831150129911376268e-01 -1.323117790805825678e+01 -3.164042174828729515e-02 9.983443475968137859e-01 -4.803085323620567837e-02 -2.410471128279918940e+00 4.820984535691023587e-01 5.734154675783207505e-02 8.742755480948068980e-01 3.716482964510917242e+01
8.749791133349070771e-01 4.602284206121958800e-03 -4.841177987144045236e-01 -1.372638012713954581e+01 -3.137595914522558344e-02 9.983918770866164749e-01 -4.721746595457271267e-02 -2.467500372363911953e+00 4.831220605147018565e-01 5.650406556734034053e-02 8.737164882161719826e-01 3.804808134507126027e+01
8.746915335601704866e-01 4.107955190223801061e-03 -4.845855123085392457e-01 -1.423648128587986150e+01 -3.022394259023451074e-02 9.984803226302157997e-01 -4.608560953424941514e-02 -2.522354523213050204e+00 4.836596852631585564e-01 5.495922886664460910e-02 8.734863497956372180e-01 3.895212653085818033e+01
8.745262411793269797e-01 3.788803586579956358e-03 -4.849275778459021802e-01 -1.475928891133818688e+01 -2.908084789008120660e-02 9.985798547498326849e-01 -4.464060727959839187e-02 -2.582810880947229659e+00 4.840698845418717200e-01 5.314129228291489260e-02 8.733944557714328205e-01 3.986736726319306001e+01
8.749178490303096689e-01 1.335752789066765216e-03 -4.842915840886602985e-01 -1.526335584011239099e+01 -2.697420370468323059e-02 9.985780926894443077e-01 -4.596779501423560454e-02 -2.641686860899422395e+00 4.835414849367810630e-01 5.328058812199215621e-02 8.737099117424655947e-01 4.078708441271942320e+01
8.729199885472338494e-01 -4.382410072147941587e-04 -4.878761558307905810e-01 -1.580260885002631177e+01 -2.507347702192441741e-02 9.986377071225351898e-01 -4.576273751877339702e-02 -2.699783999252260536e+00 4.872316789876927623e-01 5.217934771132000382e-02 8.717198540738837487e-01 4.170724237822802394e+01
8.724429422044391869e-01 -7.891949188416734354e-04 -4.886685223664818389e-01 -1.633373316522020602e+01 -2.378058517878539613e-02 9.987455452437792314e-01 -4.405604206940552658e-02 -2.754454002891430608e+00 4.880903068550193069e-01 5.005658187435524376e-02 8.713296991209956710e-01 4.263862075801136342e+01
8.697377181208978403e-01 -5.222039771641920651e-04 -4.934323190118840019e-01 -1.687208627307270703e+01 -2.226054796992508328e-02 9.989400505253922535e-01 -4.029064205631571055e-02 -2.816364981834861503e+00 4.929300012001190390e-01 4.603160063921131473e-02 8.688044810904962389e-01 4.357667156916722462e+01
8.666327809022043027e-01 -3.037890269700231128e-04 -4.988665660372262889e-01 -1.741190091845384558e+01 -2.022615518513351182e-02 9.991564206919266722e-01 -3.575343781133262511e-02 -2.870854989592353856e+00 4.984564968099954307e-01 4.107949779562156123e-02 8.658956619732216531e-01 4.448515401599626529e+01
8.642456251765390229e-01 -1.534548897503958467e-03 -5.030219390901075061e-01 -1.796276247953817418e+01 -1.823632697857032262e-02 9.992424898167010516e-01 -3.437870657989251788e-02 -2.923419932606949434e+00 5.026934831104979962e-01 3.888755860573903100e-02 8.635631430939184616e-01 4.541746159697933649e+01
8.580740796638930412e-01 -3.346352381019019641e-03 -5.135471546736639636e-01 -1.851667444443766186e+01 -1.758221909838382155e-02 9.992010509090812898e-01 -3.588079571826392061e-02 -2.978405114161173373e+00 5.132570691179599853e-01 3.981505394961092070e-02 8.573296048014765747e-01 4.634651712838451942e+01
8.532119013495367277e-01 -5.496361901091644832e-03 -5.215373265920041357e-01 -1.907975856954274363e+01 -1.753315799037542463e-02 9.990769191363845225e-01 -3.921582054597698430e-02 -3.038525983581506829e+00 5.212714672467223531e-01 4.260443542396898792e-02 8.523279645635176704e-01 4.725054741290289684e+01
8.462584972000118944e-01 -5.641927111771018362e-03 -5.327893935136619463e-01 -1.966871069407063999e+01 -1.756529134912489590e-02 9.991047837828772593e-01 -3.847839328165096606e-02 -3.083291486433656026e+00 5.325293913724410411e-01 4.192175536106867301e-02 8.454019210625518532e-01 4.815532701397126658e+01
8.410908456404923017e-01 -3.125517555963922868e-03 -5.408083129859575511e-01 -2.025533403941542687e+01 -1.783842020074547299e-02 9.992789464481801609e-01 -3.352068131113229016e-02 -3.131934995035605240e+00 5.405228763815074222e-01 3.784417483117437364e-02 8.404287384899411517e-01 4.906656541077566658e+01
8.362418682715420104e-01 3.711294896414633784e-04 -5.482149222818220036e-01 -2.086197068394122311e+01 -1.949309259080516527e-02 9.993877872687038089e-01 -2.905393401590383382e-02 -3.187451836884382939e+00 5.478684630516464926e-01 3.498626853830964778e-02 8.357370956537547579e-01 4.996301020664034098e+01
8.315796188784326803e-01 1.579643037094762958e-03 -5.553331183609513388e-01 -2.147296519203566589e+01 -2.182907641952819625e-02 9.993160896498425316e-01 -2.984886428627738994e-02 -3.236858926387185864e+00 5.549059748964297878e-01 3.694910323658503332e-02 8.310455813734585195e-01 5.083543580567682341e+01
8.287215026255765338e-01 -4.606139251308994753e-04 -5.596715908989339239e-01 -2.207729379308187490e+01 -2.267754160840992905e-02 9.991507132224448640e-01 -3.440828531430985271e-02 -3.285365982737692647e+00 5.592122045013927512e-01 4.120731121441911088e-02 8.280070432614761167e-01 5.172617244103286538e+01
8.261014608044371377e-01 -1.781111593960703690e-03 -5.634127947289797600e-01 -2.268912123859248453e+01 -2.548859159109456013e-02 9.988533341061176518e-01 -4.051880982779319101e-02 -3.343937493673247552e+00 5.628385568876074219e-01 4.784014657815668925e-02 8.251088986128523040e-01 5.260874982672506661e+01
8.224918131179391745e-01 -3.693678466933130334e-03 -5.687225361676928603e-01 -2.331371625501575551e+01 -2.454619673394311738e-02 9.988166686148438611e-01 -4.198371332209723666e-02 -3.400427332056855878e+00 5.682045600061539359e-01 4.849215431333572107e-02 8.214278339944509622e-01 5.348622111047898642e+01
8.197268464796501064e-01 -1.709908136453723538e-03 -5.726602044267532499e-01 -2.394151063949974301e+01 -2.473008862459605273e-02 9.989572089352461992e-01 -3.836502977636883915e-02 -3.459951766589604905e+00 5.721285740339419057e-01 4.561172591910608864e-02 8.188298801510525138e-01 5.436545902724611068e+01
8.159226254556579683e-01 2.658869948102504611e-04 -5.782464058865305345e-01 -2.457697084093762641e+01 -2.366706910154264820e-02 9.991770149430985182e-01 -3.293842750045579415e-02 -3.506616781587116094e+00 5.777620291063074731e-01 4.055578735937655221e-02 8.152573866550767434e-01 5.524746005415914851e+01
8.125014142403141904e-01 2.479238183963904801e-03 -5.830247163614499240e-01 -2.521793676732626110e+01 -2.438842209516692977e-02 9.992600170967800288e-01 -2.973344684352678680e-02 -3.565231025648072816e+00 5.825196857119094851e-01 3.837320861719557136e-02 8.119605854742768525e-01 5.611160969873655802e+01
8.106948670303482096e-01 2.532954464325051086e-03 -5.855672875719605264e-01 -2.585991540138248368e+01 -2.507726360751211941e-02 9.992230847565757301e-01 -3.040273657117424297e-02 -3.609598595752404382e+00 5.850353525644484964e-01 3.933155361743059797e-02 8.101286042090175554e-01 5.699023830814904557e+01
8.061697665930118717e-01 1.599412009921985251e-03 -5.918130284145438624e-01 -2.651103933470706053e+01 -2.481148718636703304e-02 9.992080918371812892e-01 -3.109924081047329633e-02 -3.657384310426927687e+00 5.912946854273642971e-01 3.975006747854144956e-02 8.055711214243908014e-01 5.785837653800108882e+01
8.026536706245808173e-01 2.008116278181115840e-04 -5.964743181536481531e-01 -2.716270028024274907e+01 -2.513673127128144419e-02 9.991227204881839574e-01 -3.348099117106692613e-02 -3.714011204815188982e+00 5.959443578552550136e-01 4.186607290779087442e-02 8.019548238873880353e-01 5.872347239433139521e+01
7.988099430990163174e-01 -7.154352039076022256e-04 -6.016539142004884155e-01 -2.782443754207515596e+01 -2.450790865606271990e-02 9.991302176327689910e-01 -3.372356268395061002e-02 -3.760443809136419624e+00 6.011546295073335600e-01 4.168538967631236353e-02 7.980979423718524979e-01 5.959007399358039692e+01
7.949434057675179854e-01 -2.021216481676500927e-03 -6.067202747383748651e-01 -2.849889519514907477e+01 -2.247345854176226523e-02 9.992099618460059673e-01 -3.277881776174858264e-02 -3.811825247638766623e+00 6.063072462960235054e-01 3.969278008557578646e-02 7.942700037014787107e-01 6.045136659175059179e+01
7.894454864409488071e-01 -2.140192781352042058e-03 -6.139189419550307170e-01 -2.917532584370065152e+01 -2.241794495724544825e-02 9.992261664238072383e-01 -3.230388786605173368e-02 -3.862764513473706973e+00 6.135131409795339108e-01 3.925968925642869811e-02 7.887866095787866572e-01 6.131345274059730599e+01
7.848270324237947015e-01 -2.993144034152453101e-03 -6.197801429792968442e-01 -2.986907343224505595e+01 -2.237550451656708864e-02 9.991994025197914464e-01 -3.315397199282725527e-02 -3.916786009867279095e+00 6.193831609425084483e-01 3.988583935119910384e-02 7.841317743802971307e-01 6.217144232707050833e+01
7.793561482330563228e-01 -4.022233905354338432e-03 -6.266207759170830949e-01 -3.056703652983789610e+01 -2.181448136659826578e-02 9.991989753515744255e-01 -3.354867505483274254e-02 -3.967176440021959571e+00 6.262539843419463459e-01 3.981341584674873840e-02 7.786439969369149949e-01 6.302521623363023906e+01
7.744708194942608870e-01 -5.760163027856386037e-03 -6.325607561866595230e-01 -3.126889078357582008e+01 -2.094507909756361183e-02 9.991767146053940341e-01 -3.474809807277374346e-02 -4.018132148870741105e+00 6.322401029094794067e-01 4.016252274145813012e-02 7.737126477088168697e-01 6.387357770288410563e+01
7.682016064079436601e-01 -6.276022186752962945e-03 -6.401460707825086249e-01 -3.199160208327412391e+01 -2.100604585302507862e-02 9.991664228986332219e-01 -3.500401938497370302e-02 -4.069461860108289919e+00 6.398319154540148546e-01 4.034221673803638220e-02 7.674294007318754884e-01 6.472070813049060689e+01
7.626898660564556121e-01 -8.979321363165499587e-03 -6.467660220832512907e-01 -3.270771561384906789e+01 -1.959785658741417316e-02 9.991235524647888999e-01 -3.697779725558725250e-02 -4.126763021157751510e+00 6.465315667940071398e-01 4.087279553776719532e-02 7.618455127340962862e-01 6.556489665300986758e+01
7.571128107483666714e-01 -9.605353908427434473e-03 -6.531848726751636747e-01 -3.344993576634577437e+01 -1.892988098403109581e-02 9.991493939308639938e-01 -3.662863769330719499e-02 -4.178543921218759394e+00 6.529810720452016159e-01 4.009969594477356264e-02 7.562870764410698499e-01 6.640678134141091959e+01
7.501099189406903456e-01 -9.365986933951136670e-03 -6.612274082254147034e-01 -3.419936242050661690e+01 -1.779451460091299037e-02 9.992517522696251486e-01 -3.433533958218439736e-02 -4.231774329069819096e+00 6.610542590958360387e-01 3.752127402691547708e-02 7.493819224824642689e-01 6.724245003097384199e+01
7.452630385078174990e-01 -1.092342857552237693e-02 -6.667259115535245639e-01 -3.495543913974805861e+01 -1.589142477531767586e-02 9.992908199828064442e-01 -3.413898527669338712e-02 -4.293548023463229946e+00 6.666260871868432414e-01 3.603669896147979751e-02 7.445609028619155634e-01 6.807369150295150462e+01
7.377168708971870714e-01 -1.258528269213022438e-02 -6.749955173067352376e-01 -3.572716955230057323e+01 -1.512409997928947959e-02 9.992672484574594005e-01 -3.516034173335214064e-02 -4.346978317727641539e+00 6.749433875708628072e-01 3.614582269730195335e-02 7.369858766208483569e-01 6.890807901179668704e+01
7.311395591401381733e-01 -1.342456010294167286e-02 -6.819487908481314253e-01 -3.650673293035885081e+01 -1.492230174897745190e-02 9.992525677164120212e-01 -3.565475906020303815e-02 -4.408127517146725793e+00 6.819175833530718434e-01 3.624606958267907048e-02 7.303927256481804742e-01 6.972782782197545259e+01
7.264686891133765867e-01 -1.318644091231313195e-02 -6.871154020163484644e-01 -3.730177545578379750e+01 -1.614700185216791720e-02 9.992123064639267804e-01 -3.625635245378624333e-02 -4.460282997359362511e+00 6.870522752406746925e-01 3.743398290958990099e-02 7.256834024253214777e-01 7.054879367643439991e+01
7.203071887640986048e-01 -1.329893006741282753e-02 -6.934934844756536210e-01 -3.810799426119235989e+01 -1.546783163839236981e-02 9.992597128542727303e-01 -3.522188596893620349e-02 -4.512016724791864775e+00 6.934482538492249271e-01 3.609946181719690672e-02 7.195679941831731874e-01 7.136640438792052521e+01
7.155503325827391459e-01 -1.210597320963985486e-02 -6.984814871524257507e-01 -3.891011307374225936e+01 -1.702843877125682567e-02 9.992504663982273438e-01 -3.475932055324361392e-02 -4.565313301520975919e+00 6.983785583108971240e-01 3.676810647096868945e-02 7.148077844693510041e-01 7.218240815337576066e+01
7.105630193859522326e-01 -1.316887173536653716e-02 -7.034128013974755289e-01 -3.973379430823886338e+01 -1.671217801077093043e-02 9.992270335056850916e-01 -3.559715146508123790e-02 -4.624981693357890222e+00 7.033375988173347082e-01 3.705299149821678767e-02 7.097935657492626671e-01 7.300041805585250643e+01
7.053291314451852756e-01 -1.483334734200383864e-02 -7.087253772302060106e-01 -4.056358714561878998e+01 -1.717001473447317406e-02 9.991302461424309556e-01 -3.800653103996919080e-02 -4.681903694240340030e+00 7.086726102173602770e-01 3.897918321992364238e-02 7.044609701029662663e-01 7.380942066983227789e+01
7.011803068211709400e-01 -1.668374744874138310e-02 -7.126619387579190557e-01 -4.139500963250696941e+01 -1.754947333975484178e-02 9.990194251173074580e-01 -4.065059515817226465e-02 -4.739975522005792641e+00 7.126413639717567028e-01 4.101143962707975293e-02 7.001998337582381327e-01 7.461706256463646980e+01
6.968233415300111311e-01 -1.678716599139155538e-02 -7.170558925987917664e-01 -4.224322817666696750e+01 -1.832439421778754574e-02 9.989830785748238240e-01 -4.119686126441556712e-02 -4.802831309485703137e+00 7.170179185505161090e-01 4.185179552692960131e-02 6.958070633241203451e-01 7.542572899287132770e+01
6.913086932078746916e-01 -1.662916113469530346e-02 -7.223087262162541933e-01 -4.309548080850333207e+01 -1.722036005099130199e-02 9.990720291721157942e-01 -3.948035805936091908e-02 -4.862547650995083792e+00 7.222948115032288285e-01 3.973515552319763222e-02 6.903807817932886559e-01 7.623140445503680951e+01
6.870810915243569239e-01 -1.749321558286727474e-02 -7.264025698826437338e-01 -4.395465527463694144e+01 -1.606851560648707780e-02 9.990997706461245409e-01 -3.924786201514698231e-02 -4.928059318612593387e+00 7.264355394722465942e-01 3.863393626334937075e-02 6.861814534842736180e-01 7.703482540465090267e+01
6.810831550652506339e-01 -1.738837889546249876e-02 -7.321133367523048330e-01 -4.483406904230247392e+01 -1.594473398173065423e-02 9.991287100331912585e-01 -3.856481410054533876e-02 -4.992272188411766898e+00 7.321462194382081234e-01 3.793642821552435651e-02 6.802125342774737460e-01 7.783497760225432671e+01
6.773597989794686303e-01 -1.905235526869780704e-02 -7.353699454028453930e-01 -4.571394751047558458e+01 -1.450309317778720325e-02 9.991244827187120148e-01 -3.923242226741589789e-02 -5.049730203436742393e+00 7.354734028182424721e-01 3.724157072195737744e-02 6.764904907551276825e-01 7.863737843404491912e+01
6.726399110902290257e-01 -1.991114626832813164e-02 -7.396941943296637678e-01 -4.660161526521846298e+01 -1.342904215453964711e-02 9.991448508966845887e-01 -3.910049189744687487e-02 -5.113766590020047964e+00 7.398401001475014560e-01 3.623504922316455462e-02 6.717973317287544432e-01 7.943132191835614719e+01
6.686751081356038240e-01 -2.121959980066293050e-02 -7.432525051518074077e-01 -4.750143303609041823e+01 -1.196425430927514424e-02 9.991563140985572078e-01 -3.928768990416479923e-02 -5.169006841118235940e+00 7.434591533010063147e-01 3.516194965332269246e-02 6.678569899553230549e-01 8.022358991326304078e+01
6.658637759495372732e-01 -2.393056605658443192e-02 -7.456963773067099011e-01 -4.839640654438206013e+01 -8.391675401030583223e-03 9.991820143542251564e-01 -3.955658190013445347e-02 -5.232727748334666806e+00 7.460329831115102284e-01 3.260034756293500591e-02 6.651182845940037947e-01 8.101683109664499227e+01
6.614104268375410323e-01 -2.750242439361040916e-02 -7.496316622260742468e-01 -4.930235095308252369e+01 -6.360772525105917730e-03 9.990858161601254839e-01 -4.227298334213155234e-02 -5.299900116994321841e+00 7.501093360169091007e-01 3.272453616261112447e-02 6.606309332871236339e-01 8.181209766485042678e+01
6.560685958837180198e-01 -3.264758995573854156e-02 -7.540189772931858991e-01 -5.021290590364402107e+01 -1.691918464757199460e-03 9.989977505625424747e-01 -4.473322581851962160e-02 -5.360104338338240737e+00 7.547237616014000894e-01 3.062360287307215254e-02 6.553557760322248349e-01 8.260722102406649014e+01
6.504848935582419056e-01 -3.621006118084053871e-02 -7.585708696818197483e-01 -5.113178160440266851e+01 4.429635142695541490e-03 9.990266864272695502e-01 -4.388813260585384957e-02 -5.428774750865631660e+00 7.594219029532888188e-01 2.518260187008672726e-02 6.500124292422415628e-01 8.340346411030198226e+01
6.415451706570867163e-01 -4.008561455115704913e-02 -7.660435092624491293e-01 -5.206704905808547323e+01 9.484335497607106549e-03 9.989719769370086766e-01 -4.433458550309090501e-02 -5.500719001554455367e+00 7.670327301778505635e-01 2.118335389229021939e-02 6.412656583255521570e-01 8.418375035010370766e+01
6.338207586344215549e-01 -4.106713366473479371e-02 -7.723898542169532755e-01 -5.300681398950614209e+01 1.217581489507695187e-02 9.989955172109576953e-01 -4.312914576436897851e-02 -5.568276006532427935e+00 7.733850793423292513e-01 1.793354787295039707e-02 6.336841375724372449e-01 8.496204872400412000e+01
6.243922096089571383e-01 -4.041986444039800258e-02 -7.799690383248449876e-01 -5.397881585503292001e+01 1.381318767955309022e-02 9.990753477880471856e-01 -4.072506818506365506e-02 -5.633002872288114027e+00 7.808935418803756301e-01 1.465347754623325983e-02 6.243735623692311387e-01 8.572459226991618664e+01
6.148468093473679064e-01 -4.040415445872672789e-02 -7.876935050065176913e-01 -5.495874247082178954e+01 1.376762585776015319e-02 9.990844492883500516e-01 -4.050300479955176725e-02 -5.704756396734017798e+00 7.886089473208393041e-01 1.405937796864183999e-02 6.148401298950135763e-01 8.646840491751225954e+01
6.058358063507398583e-01 -4.070917390443817840e-02 -7.944311416054509190e-01 -5.594074004682358492e+01 1.207523826449925612e-02 9.990459484431459813e-01 -4.196090359718770979e-02 -5.768067993087369061e+00 7.953812315587340809e-01 1.583347042017071299e-02 6.057486620762315699e-01 8.721844794793859990e+01
5.948552945946333770e-01 -4.376000787510075235e-02 -8.025234055561109026e-01 -5.693539729371160263e+01 1.407286463383605746e-02 9.989310745789006241e-01 -4.403703631271138619e-02 -5.840019225453097818e+00 8.035920753273302353e-01 1.490587840629429076e-02 5.948351518225598600e-01 8.794832649629613286e+01
5.858258161332063896e-01 -4.460037116962643766e-02 -8.093300596432890792e-01 -5.794551388061479003e+01 1.284076949152180430e-02 9.988700169562669817e-01 -4.576247468217991415e-02 -5.905975935685072287e+00 8.104566142795748274e-01 1.642015173265648498e-02 5.857366152976727358e-01 8.867557425598022292e+01
5.765932691904046559e-01 -4.618780363756615215e-02 -8.157333166337054076e-01 -5.896806129699596255e+01 1.727380661022422104e-02 9.988669408203543210e-01 -4.433548987930435725e-02 -5.979021572479407354e+00 8.168571264404954624e-01 1.147123387545990331e-02 5.767376874234758644e-01 8.939815213165960017e+01
5.659933468592449612e-01 -4.568860306458971676e-02 -8.230579686336392253e-01 -6.000363963894727704e+01 1.930067824274988089e-02 9.989239726336686109e-01 -4.216332277423094632e-02 -6.046615346390295187e+00 8.240990593479766702e-01 7.973436417045324034e-03 5.662660663560855623e-01 9.010473313755149150e+01
5.546064012442335489e-01 -4.579408968280635622e-02 -8.308309107659195281e-01 -6.104864948528997814e+01 1.853694260474478619e-02 9.989171701555531468e-01 -4.267365307607200869e-02 -6.114422477105264875e+00 8.318852023142300212e-01 8.270644487457040617e-03 5.548542428931211301e-01 9.079002784725101094e+01
5.469818341393668515e-01 -4.704744483202141087e-02 -8.359011687459645401e-01 -6.210749330604014773e+01 1.801119295708209639e-02 9.988498579887804540e-01 -4.443250432491830521e-02 -6.185220532249785741e+00 8.370304935907945110e-01 9.247536228277369874e-03 5.472000719023095705e-01 9.147705921441124133e+01
5.351475669115864919e-01 -4.666351570024068751e-02 -8.434341905033584386e-01 -6.317996989518353956e+01 1.689080150168252234e-02 9.988649799459008438e-01 -4.453804340361839503e-02 -6.255614420127432851e+00 8.445550998322308711e-01 9.590773816062634488e-03 5.353278609908711516e-01 9.214553146098323566e+01
5.268774473511320666e-01 -4.827979663226245749e-02 -8.483883979573236811e-01 -6.425540740222217551e+01 1.617874329683769222e-02 9.987744299495879829e-01 -4.678309692078642251e-02 -6.334280046561267419e+00 8.496065716952173608e-01 1.092590643310053719e-02 5.270126410556034147e-01 9.279835078769852430e+01
