1.0 0.0 0.0 0.0 0.0 1.0 0.0 0.0 0.0 0.0 1.0 0.0
0.9999479 0.010096879 0.0015075465 0.3031006 -0.010094495 0.99994785 -0.0015808499 -0.007446289 -0.0015234295 0.0015655541 0.9999976 0.008666992
0.9998307 0.018337 0.0014283482 0.59069824 -0.01833003 0.9998206 -0.0047514234 -0.026855469 -0.0015152455 0.0047244346 0.9999877 0.005004883
0.99977106 0.021393012 0.00042834453 0.8898926 -0.021389063 0.9997413 -0.007728225 -0.0357666 -0.000593599 0.0077172895 0.99997 0.008666992
0.99983215 0.018247496 -0.0017070944 1.2056885 -0.018261656 0.9997957 -0.008679311 -0.03857422 0.0015483691 0.00870902 0.99996084 0.020629883
0.9999388 0.010674598 -0.0029250628 1.519043 -0.010707449 0.99987704 -0.011459168 -0.04638672 0.0028024132 0.011489769 0.9999301 0.008544922
0.9999918 -9.272413e-06 -0.004054393 1.8400879 -4.3135493e-05 0.9999165 -0.012923472 -0.040039062 0.0040541743 0.012923541 0.99990827 0.021118164
0.9998617 -0.015990885 -0.004570243 2.1730957 0.015933888 0.9997981 -0.0122433975 -0.021728516 0.0047650756 0.012168875 0.9999146 0.025878906
0.9993393 -0.036026847 -0.0048234835 2.5183105 0.035986744 0.9993191 -0.008156223 0.009521484 0.0051140212 0.0079772305 0.9999551 0.027709961
0.9984737 -0.054948688 -0.0055452427 2.8677979 0.054931242 0.9984848 -0.0032509277 0.044189453 0.0057154894 0.0029413588 0.9999793 0.028686523
0.9971068 -0.07572109 -0.0065663857 3.2330322 0.075702645 0.99712527 -0.0030145282 0.08166504 0.006775809 0.0025086745 0.9999739 0.033081055
0.9953665 -0.09597913 -0.0053981766 3.6140137 0.09595145 0.9953704 -0.0051744385 0.12902832 0.0058697965 0.004632432 0.99997205 0.033813477
0.99333483 -0.11517539 -0.0044898456 3.9987793 0.11514884 0.99333125 -0.00578005 0.17980957 0.0051257177 0.005224487 0.99997324 0.043945312
0.99115527 -0.13266768 -0.003923482 4.4014893 0.13264844 0.9911539 -0.004815175 0.2454834 0.0045274436 0.004252289 0.9999807 0.045043945
0.9887387 -0.14963144 -0.0036744925 4.815918 0.14961979 0.9887419 -0.0032670877 0.3223877 0.0041218856 0.002680483 0.9999879 0.051513672
0.9867639 -0.16210862 -0.0035304003 5.2390137 0.16209666 0.98676616 -0.0034442188 0.40478516 0.004041997 0.002826363 0.99998784 0.056762695
0.98468983 -0.17422858 -0.0042192223 5.6796875 0.1742099 0.9846921 -0.004455368 0.4873047 0.0049308883 0.0036522825 0.99998116 0.061645508
0.98272043 -0.18501194 -0.0057109552 6.1297607 0.18496697 0.98271614 -0.0075986823 0.57092285 0.0070182174 0.0064111967 0.9999548 0.06982422
0.98135275 -0.19201922 -0.007868106 6.5979004 0.19196922 0.9813712 -0.0066894996 0.6689453 0.009006292 0.005054162 0.99994665 0.07714844
0.9800289 -0.19863367 -0.009778664 7.077759 0.1985745 0.9800668 -0.0066967956 0.7772217 0.010914223 0.004621344 0.9999297 0.072509766
0.9782095 -0.2072254 -0.012027502 7.566162 0.20715182 0.97827345 -0.0070847645 0.8848877 0.01323453 0.00443781 0.99990255 0.07946777
0.9763301 -0.21583565 -0.013291111 8.0703125 0.21570289 0.97639096 -0.010736983 0.9904785 0.015295297 0.0076155895 0.99985397 0.08728027
0.97490084 -0.22227079 -0.012854146 8.585449 0.22204997 0.97489405 -0.016633203 1.105835 0.016228039 0.01336165 0.99977905 0.10107422
0.972958 -0.23047718 -0.015134745 9.117554 0.23021121 0.97298205 -0.017462716 1.2304688 0.018750727 0.013506105 0.999733 0.11975098
0.9707043 -0.23946849 -0.020166632 9.648071 0.2392334 0.9708792 -0.013398139 1.3803711 0.022786789 0.008183578 0.99970704 0.12109375
0.96866167 -0.24726228 -0.02395587 10.1970215 0.24705596 0.96894526 -0.011262866 1.5303955 0.025996845 0.0049917055 0.9996494 0.13330078
0.9663446 -0.25604367 -0.025288833 10.755127 0.2557782 0.96665466 -0.013280962 1.6776123 0.02784532 0.0063665346 0.9995919 0.14855957
0.964096 -0.26420805 -0.026438829 11.331665 0.26388144 0.9644279 -0.015223207 1.8392334 0.029520938 0.007698859 0.9995344 0.17602539
0.9620272 -0.27143404 -0.029404989 11.918823 0.27107477 0.96245015 -0.015660118 2.0100098 0.032550924 0.0070975707 0.9994449 0.19396973
0.95962864 -0.27924076 -0.033245385 12.510132 0.2788795 0.9601905 -0.0151453335 2.1956787 0.03615076 0.0052578244 0.9993322 0.21105957
0.9572084 -0.28692272 -0.03806793 13.113037 0.2864963 0.9579532 -0.016340561 2.383667 0.041154392 0.004737594 0.99914175 0.23876953
0.95510507 -0.29270935 -0.0459827 13.730591 0.2922187 0.9562067 -0.017206378 2.5848389 0.049004234 0.0029990613 0.99879414 0.2692871
0.9533504 -0.2969377 -0.054417953 14.360107 0.2963868 0.95490193 -0.01811862 2.7824707 0.057342403 0.0011444702 0.9983536 0.29785156
0.9516687 -0.30064616 -0.062776335 14.995972 0.30010888 0.9537352 -0.01803756 2.9935303 0.06529689 -0.0016721906 0.99786484 0.3375244
0.9496284 -0.3048238 -0.07283719 15.644897 0.30435148 0.9524036 -0.017764492 3.2104492 0.0747858 -0.005298929 0.997185 0.37451172
0.9479838 -0.3080294 -0.08057806 16.300903 0.30773598 0.9513569 -0.016345533 3.4355469 0.08169136 -0.009295776 0.99661404 0.42907715
0.9458306 -0.312528 -0.08758671 16.968384 0.31242108 0.94978935 -0.015287841 3.6691895 0.08796765 -0.012911736 0.9960398 0.4859619
0.94363254 -0.31729686 -0.094305515 17.640259 0.3173999 0.9481909 -0.014303242 3.909668 0.09395832 -0.016434042 0.9954404 0.5496826
0.9419313 -0.3203747 -0.10077664 18.333496 0.32083616 0.9470752 -0.012039908 4.161255 0.099298045 -0.020989385 0.9948354 0.6191406
0.93944716 -0.3260684 -0.1054269 19.033936 0.32686734 0.94501257 -0.010096873 4.4196777 0.10292278 -0.024970789 0.9943775 0.68933105
0.93775564 -0.330445 -0.107054666 19.742676 0.33147594 0.94344604 -0.008534803 4.677002 0.103819184 -0.027474916 0.9942168 0.7636719
0.93553865 -0.33689195 -0.10624522 20.467896 0.3380269 0.9411141 -0.0076739388 4.953125 0.10257757 -0.028732918 0.99431014 0.85058594
0.9332447 -0.3435138 -0.1053451 21.19519 0.34452742 0.9387569 -0.008988487 5.22937 0.10198204 -0.027898312 0.9943954 0.92785645
0.93111223 -0.34973764 -0.103240564 21.941162 0.35083863 0.93637496 -0.007903393 5.5115967 0.099434845 -0.02887505 0.99462324 1.0147705
0.92916816 -0.3557352 -0.10039374 22.679932 0.3568041 0.9341362 -0.0077060442 5.800293 0.09652575 -0.02866276 0.9949183 1.097168
0.9250201 -0.36768812 -0.095751196 23.444702 0.3688856 0.92947364 -0.005535231 6.116211 0.09103038 -0.030203786 0.99538815 1.1722412
0.92280465 -0.3743274 -0.091141 24.198486 0.37560466 0.9267704 -0.0033524176 6.4333496 0.08572428 -0.031134885 0.9958337 1.251831
0.91930866 -0.38346893 -0.08804319 24.954834 0.3849651 0.9228907 2.0625303e-05 6.758301 0.08124878 -0.033914853 0.9961182 1.3240967
0.91649044 -0.39046645 -0.08678747 25.72229 0.3920443 0.919919 0.0012356483 7.0942383 0.07935479 -0.03516312 0.99622595 1.3990479
0.9122445 -0.4003384 -0.08687571 26.498291 0.40197146 0.91565514 0.0014304218 7.439453 0.07897557 -0.03622349 0.99621856 1.47229
0.90881026 -0.4081516 -0.08635184 27.277222 0.40982175 0.91215265 0.0017745688 7.7978516 0.0780404 -0.03700078 0.9962637 1.5369873
0.9050018 -0.4168979 -0.0846217 28.067749 0.4186296 0.90814877 0.003015933 8.17334 0.07559142 -0.03815731 0.99640816 1.605957
0.90156806 -0.42480066 -0.08212852 28.866821 0.42646614 0.90451115 0.0030672196 8.554077 0.07298719 -0.037780944 0.9966185 1.6767578
0.8983649 -0.43224934 -0.07812272 29.664673 0.43372113 0.90104705 0.0020845605 8.943237 0.06948999 -0.035761002 0.9969406 1.746582
0.89485407 -0.4404919 -0.072578266 30.482178 0.44191313 0.8970846 0.0039876886 9.348877 0.06335306 -0.03563285 0.99735534 1.8061523
0.89247936 -0.4459749 -0.06782609 31.293823 0.44716537 0.89445424 0.002679577 9.759644 0.059472837 -0.032716155 0.9976941 1.8748779
0.8879491 -0.45525083 -0.06599859 32.119873 0.45637357 0.8898196 0.0022081714 10.187378 0.05772453 -0.032069203 0.99781835 1.9365234
0.88499725 -0.46107948 -0.06460365 32.953613 0.46222997 0.88674766 0.003268182 10.628418 0.055780154 -0.032757252 0.9979054 1.9818115
0.8830079 -0.46513873 -0.06266415 33.791016 0.46620136 0.8846656 0.0026719437 11.07312 0.054194894 -0.031576555 0.9980309 2.036621
0.8792806 -0.47236165 -0.060519353 34.645996 0.4733104 0.8808498 0.0015341258 11.535645 0.052583825 -0.029993353 0.9981665 2.0960693
0.8768242 -0.47703084 -0.060199805 35.503784 0.47789505 0.87841856 -4.5674155e-05 12.004761 0.052903 -0.028727926 0.99818647 2.1496582
0.8757534 -0.47893468 -0.059927046 36.364502 0.47978377 0.8773374 -0.00025294023 12.484985 0.052697834 -0.028535381 0.99820286 2.204956
0.874222 -0.48182073 -0.060410153 37.239258 0.4827288 0.87580675 0.0004963889 12.982666 0.052665155 -0.029591396 0.9981735 2.2574463
0.87366307 -0.48284942 -0.059576824 38.124023 0.48373857 0.87520075 0.00057692546 13.475464 0.051864296 -0.029324055 0.99822366 2.3129883
0.8734355 -0.4833921 -0.05803518 39.02954 0.484212 0.87490803 7.365947e-05 13.983276 0.050740406 -0.028169524 0.9983147 2.366455
0.8733459 -0.48380962 -0.056219917 39.94629 0.48456344 0.87473625 -0.00025324343 14.503784 0.04930154 -0.027023276 0.9984184 2.4256592
0.87366885 -0.4832663 -0.056361504 40.867188 0.48390102 0.87513083 -0.0026986052 15.005737 0.050625242 -0.024919318 0.9984062 2.4821777
0.8716845 -0.48695293 -0.055279963 41.78943 0.4874754 0.8731323 -0.004514363 15.541504 0.05046574 -0.023010861 0.99846077 2.5386963
0.87129694 -0.4878204 -0.053161558 42.722412 0.48827896 0.8726478 -0.0048791347 16.07019 0.048771076 -0.02171401 0.9985734 2.592163
0.8687734 -0.4926828 -0.049157493 43.662964 0.493074 0.86992854 -0.0046739494 16.604736 0.045064613 -0.02017909 0.9987803 2.6535645
0.86586726 -0.49823618 -0.04422931 44.574097 0.4985453 0.86680585 -0.004526823 17.140625 0.040595345 -0.018127356 0.99901175 2.7080078
0.86354 -0.5024779 -0.042058103 45.508667 0.50270325 0.8644129 -0.0058084773 17.687866 0.039273392 -0.016127475 0.99909836 2.7593994
0.85731035 -0.5130294 -0.043033846 46.44104 0.51320386 0.85825115 -0.0077359867 18.235962 0.040901408 -0.015456956 0.9990432 2.8122559
0.8523124 -0.5210206 -0.045860063 47.3479 0.52115285 0.85340625 -0.009970538 18.794067 0.044332225 -0.015400131 0.99889815 2.869873
0.84538627 -0.532284 -0.045223255 48.256348 0.5324089 0.84645474 -0.0102464985 19.377197 0.043730427 -0.015414126 0.9989242 2.9136963
0.84040767 -0.5403123 -0.04117212 49.1709 0.54048294 0.8412693 -0.007832894 19.959229 0.03887047 -0.015669428 0.99912155 2.9627686
0.83570594 -0.54769176 -0.03833587 50.070557 0.5479472 0.8364057 -0.0044297613 20.561523 0.034491796 -0.017308274 0.9992551 3.0187988
0.8310072 -0.55472845 -0.04032319 50.9458 0.55506635 0.83175266 -0.0033007152 21.168213 0.035369728 -0.019637018 0.99918145 3.0671387
0.82797074 -0.5590055 -0.04460115 51.838623 0.5593549 0.8289179 -0.005382615 21.76892 0.039980855 -0.020487504 0.9989906 3.1131592
0.8250695 -0.56259614 -0.051248677 52.723145 0.56303865 0.8263311 -0.006733475 22.37732 0.046132885 -0.023304803 0.9986631 3.1688232
0.8213937 -0.56795055 -0.051923785 53.60327 0.56832385 0.8227296 -0.008707864 22.997925 0.04766573 -0.022359034 0.998613 3.224121
0.81879115 -0.5718992 -0.0490536 54.485107 0.5723028 0.8199503 -0.0067785587 23.622437 0.044096414 -0.022534313 0.9987725 3.2841797
0.81521636 -0.57756674 -0.044014875 55.370117 0.5779445 0.81612194 -0.0048810197 24.25415 0.038741644 -0.021457335 0.9990187 3.3320312
0.81191313 -0.5823468 -0.04184466 56.23706 0.5827623 0.8126889 -0.0027311067 24.891602 0.03559597 -0.022170244 0.99912 3.3912354
0.8100794 -0.58485913 -0.042811517 57.117676 0.5852997 0.8108875 -0.0027063135 25.530762 0.036296077 -0.02285823 0.99907964 3.4348145
0.8055239 -0.5911132 -0.043252707 57.98877 0.59153324 0.8063681 -0.003715794 26.177734 0.037072722 -0.02258944 0.999057 3.4819336
0.80190945 -0.5957477 -0.04538582 58.856445 0.5961661 0.8028661 -0.005168142 26.825684 0.03951412 -0.022916462 0.99895567 3.5373535
0.7980554 -0.60095525 -0.045223735 59.72583 0.6013373 0.799025 -0.0061492417 27.483643 0.039824538 -0.022285301 0.9989577 3.583374
0.7942343 -0.6061107 -0.04324972 60.590088 0.6064022 0.795153 -0.0075232964 28.154297 0.038949613 -0.02024751 0.9990361 3.6348877
0.7887508 -0.61331964 -0.042839237 61.455566 0.61360323 0.789656 -0.007734127 28.826294 0.038568404 -0.020188805 0.99905145 3.685791
0.7840976 -0.6191842 -0.043484226 62.31665 0.6194516 0.7850444 -0.0086607905 29.515991 0.039495673 -0.020146804 0.9990162 3.739502
0.77861303 -0.62605184 -0.043433465 63.17383 0.62628174 0.7795777 -0.009778319 30.209595 0.039981976 -0.019585984 0.9990084 3.789795
0.7736873 -0.63202935 -0.04380216 64.02539 0.6322003 0.77469975 -0.011593114 30.907349 0.041262493 -0.018719085 0.99897313 3.840454
0.7674048 -0.63962 -0.044003285 64.87622 0.6397795 0.7684356 -0.012208143 31.625488 0.041619994 -0.018781671 0.99895704 3.8919678
0.76183033 -0.64630604 -0.044556886 65.72388 0.6463655 0.7629348 -0.014997175 32.33716 0.043685336 -0.01737763 0.9988938 3.9488525
0.7562748 -0.6527574 -0.043800697 66.569336 0.65278244 0.75735784 -0.015711324 33.075195 0.043425255 -0.01671231 0.9989166 4.0012207
0.74937177 -0.6608441 -0.04124146 67.40918 0.66084397 0.7503444 -0.01558616 33.819946 0.041244317 -0.015577663 0.99902743 4.055786
0.74455917 -0.6664155 -0.039773148 68.2439 0.6663333 0.7454952 -0.017221255 34.57202 0.04112714 -0.01367743 0.9990604 4.118286
0.7369903 -0.67472684 -0.03990338 69.08252 0.67458314 0.7379568 -0.01899693 35.338867 0.042265292 -0.012918574 0.9990229 4.172119
0.7303999 -0.68169886 -0.040018708 69.90625 0.6815263 0.7313851 -0.019933846 36.114014 0.04285863 -0.012725272 0.99899983 4.234009
0.725687 -0.68683183 -0.04121726 70.73047 0.6866892 0.7267224 -0.019764263 36.905396 0.043529827 -0.013955032 0.99895495 4.2869873
0.7195738 -0.6932342 -0.03989453 71.552 0.6930741 0.7205568 -0.01997058 37.70752 0.042587936 -0.013282511 0.9990043 4.34021
0.71480656 -0.69816923 -0.040569875 72.37134 0.6980731 0.7158031 -0.018846998 38.506104 0.04219355 -0.014848529 0.99899894 4.3947754
0.7097961 -0.70312387 -0.040864315 73.19287 0.7029903 0.71082217 -0.019981194 39.32605 0.043103915 -0.014541579 0.9989654 4.4554443
0.70446676 -0.70844615 -0.0428026 74.00537 0.70827234 0.70560575 -0.021717686 40.151978 0.045588966 -0.015010502 0.99884784 4.5129395
0.7002097 -0.7124008 -0.044843324 74.81616 0.7121754 0.7014752 -0.02362212 40.97998 0.04829071 -0.015401477 0.9987147 4.571533
0.6958152 -0.71677554 -0.045690876 75.628174 0.71656394 0.69712555 -0.0237872 41.824707 0.04889914 -0.016183775 0.9986727 4.635742
0.6903917 -0.72206247 -0.04358072 76.437744 0.72183084 0.69160116 -0.023712354 42.673218 0.047262777 -0.015087551 0.9987686 4.697632
0.6861981 -0.72620463 -0.042487063 77.24463 0.72592044 0.6873716 -0.024639202 43.52893 0.047092706 -0.013942697 0.9987926 4.7648926
0.68022954 -0.7319202 -0.041796487 78.04883 0.7316367 0.6813722 -0.024621217 44.40442 0.04649477 -0.013829174 0.9988226 4.8311768
0.67651635 -0.7352436 -0.04110742 78.85449 0.73487675 0.67765105 -0.026337411 45.281128 0.04721521 -0.012397099 0.9988074 4.890259
0.671829 -0.7396115 -0.04010712 79.6521 0.73919594 0.6729298 -0.027264213 46.165283 0.047150563 -0.011332658 0.9988233 4.956299
0.66789687 -0.74322975 -0.03903999 80.447754 0.7427438 0.66896415 -0.028629651 47.06189 0.04739462 -0.009876752 0.9988274 5.01355
0.6651764 -0.74580115 -0.036486253 81.24414 0.74516743 0.66614634 -0.0313839 47.953857 0.047707472 -0.006310819 0.99884135 5.0792236
0.66070575 -0.74986327 -0.036621436 82.04297 0.7490573 0.661706 -0.0350158 48.8562 0.050487407 -0.0042934325 0.99871546 5.147583
0.65545994 -0.75446445 -0.034533616 82.84204 0.7533907 0.6563688 -0.040235214 49.76294 0.053024724 0.00035862625 0.9985934 5.2091064
0.65014637 -0.75916713 -0.029102305 83.64258 0.7579252 0.6507652 -0.043882325 50.67798 0.05226212 0.006466951 0.99861246 5.2802734
0.64142853 -0.76677775 -0.025115265 84.42822 0.7653678 0.64181685 -0.04788503 51.6084 0.05283406 0.01149866 0.9985374 5.354492
0.6338606 -0.7731391 -0.0218692 85.211426 0.7717164 0.6340792 -0.048976082 52.543945 0.05173391 0.014171106 0.9985606 5.4249268
0.62455624 -0.78066367 -0.01858759 85.97949 0.779318 0.6246328 -0.048460703 53.511475 0.049454838 0.015784916 0.9986521 5.493286
0.61502564 -0.78838426 -0.017993776 86.72876 0.7870434 0.6150882 -0.04857307 54.486816 0.049356725 0.015712868 0.9986575 5.568115
0.6059324 -0.7951532 -0.019764304 87.48389 0.7937667 0.60609394 -0.048990585 55.4646 0.050924353 0.013989576 0.99860406 5.633911
0.5950386 -0.8033588 -0.018838558 88.21973 0.8018213 0.5951229 -0.05218278 56.454346 0.053138986 0.015949262 0.99846005 5.708374
0.5859417 -0.8102191 -0.020351112 88.95215 0.80860794 0.5861108 -0.05313649 57.460205 0.054975405 0.014686419 0.99838 5.7770996
0.576966 -0.81663126 -0.015398465 89.68042 0.815011 0.57685596 -0.05484889 58.478516 0.05366633 0.019089183 0.99837595 5.854126
0.5665036 -0.8238886 -0.011889886 90.39307 0.82235515 0.56623626 -0.05448957 59.509766 0.051625185 0.021081084 0.99844354 5.9261475
0.5550936 -0.83167744 -0.012176104 91.08447 0.83012235 0.5548571 -0.054736443 60.550293 0.05227057 0.020275325 0.99842715 5.9976807
0.54744464 -0.83681834 -0.013147607 91.77637 0.83516973 0.54724747 -0.056081507 61.60547 0.054118283 0.019718979 0.99833965 6.0718994
0.5355714 -0.8443476 -0.013473712 92.45117 0.84270346 0.5354199 -0.055841144 62.673584 0.054359466 0.018551817 0.99834913 6.1464844
0.5272622 -0.849393 -0.014799244 93.10913 0.84762853 0.5271692 -0.057552677 63.74536 0.056696195 0.017802687 0.9982331 6.22876
0.51561344 -0.85650986 -0.015187155 93.76099 0.8547599 0.51557314 -0.057168875 64.84033 0.05680055 0.016499735 0.99824965 6.3083496
0.5073011 -0.86148554 -0.014155094 94.40918 0.8598987 0.50726163 -0.054511648 65.93506 0.054161288 0.015488171 0.99841285 6.3843994
0.5003719 -0.8657654 -0.012188202 95.043945 0.864304 0.5002698 -0.052719608 67.04077 0.051731933 0.015841257 0.99853504 6.4594727
0.49140015 -0.8708106 -0.01016747 95.67163 0.86928445 0.49117568 -0.05459151 68.163574 0.05253692 0.017998109 0.9984574 6.5354004
0.48424622 -0.8749883 -0.008988182 96.292725 0.8733363 0.48392063 -0.05731036 69.282715 0.054483384 0.01990566 0.9983162 6.6174316
0.4778041 -0.8784241 -0.007879805 96.903076 0.8765783 0.47734883 -0.061128713 70.39722 0.05745284 0.022294877 0.9980989 6.6968994
0.4707837 -0.88211596 -0.008154456 97.51758 0.8801413 0.47031313 -0.06315824 71.54053 0.05956051 0.022562865 0.99797016 6.7733154
0.46646988 -0.88440853 -0.007801968 98.11035 0.8822106 0.4659 -0.066888586 72.66748 0.06281071 0.024322579 0.9977295 6.8623047
0.462044 -0.88677275 -0.0042631878 98.7124 0.8846174 0.4612464 -0.06761922 73.79468 0.061935976 0.027465146 0.99770176 6.9572754
0.45792407 -0.8889736 -0.00039150164 99.298096 0.88705623 0.45696536 -0.0654561 74.9353 0.05835545 0.029631576 0.9978562 7.0423584
0.45558056 -0.89018995 0.005396737 99.8855 0.88853496 0.4543453 -0.06400436 76.07666 0.054529045 0.033954225 0.99793464 7.128784
0.4495566 -0.89315903 0.0072227274 100.45947 0.8916413 0.44828707 -0.06245143 77.21094 0.052556463 0.034519657 0.9980213 7.2142334
0.44781876 -0.89394933 0.00899067 101.02319 0.8925221 0.4464813 -0.061866626 78.34131 0.051301032 0.035739087 0.998044 7.2946777
0.44504184 -0.89540714 0.010444585 101.58472 0.89407253 0.44366765 -0.0609795 79.47266 0.049966853 0.036471017 0.9980843 7.3707275
0.44358566 -0.8961999 0.013841629 102.14087 0.8949962 0.44204915 -0.06088023 80.59009 0.048452392 0.03938412 0.998048 7.4492188
0.4410661 -0.89750504 0.016241968 102.69556 0.8963787 0.43940362 -0.061227463 81.71069 0.047805127 0.041575328 0.99799174 7.5268555
0.4400648 -0.8978842 0.018444529 103.236084 0.8968527 0.43830225 -0.06115694 82.823975 0.046822492 0.04346165 0.9979579 7.596924
0.43756714 -0.89910686 0.022995614 103.78027 0.89833623 0.43566197 -0.059795793 83.92627 0.043744296 0.04681148 0.9979449 7.6707764
0.4355156 -0.8998031 0.025826689 104.31177 0.8991548 0.43347993 -0.060000196 85.02905 0.042799905 0.04933528 0.9978637 7.7401123
0.43245983 -0.90134597 0.027375503 104.82886 0.9007586 0.43034753 -0.060247682 86.10889 0.042523604 0.05071092 0.99780756 7.8098145
0.4329531 -0.9009072 0.028343104 105.34888 0.90030503 0.430721 -0.061759777 87.18042 0.04344056 0.05224729 0.9976882 7.876587
0.43294746 -0.9008943 0.027922211 105.8645 0.90024924 0.43070862 -0.062246013 88.253174 0.044056717 0.05208437 0.99767023 7.946289
0.43293324 -0.9010766 0.026782617 106.35132 0.9003373 0.43070447 -0.06303927 89.301025 0.045261398 0.051401187 0.9976519 8.016235
0.4365288 -0.8995135 0.024573514 106.84497 0.89870214 0.43443203 -0.062357258 90.34204 0.045396768 0.04929225 0.9977518 8.085815
0.43906537 -0.8980177 0.021992367 107.338135 0.89708567 0.4370824 -0.062401526 91.37598 0.046431858 0.047122844 0.99780893 8.153809
0.44517258 -0.89536387 0.019665614 107.83154 0.8942877 0.44324398 -0.06344736 92.39795 0.048081264 0.045824535 0.9977914 8.221069
0.45154405 -0.8920032 0.018287912 108.33423 0.89092404 0.44971576 -0.06250178 93.416504 0.04753888 0.04452499 0.99787694 8.290527
0.45686376 -0.88933724 0.017466713 108.83911 0.88825846 0.4550926 -0.06193602 94.41455 0.047151357 0.043807883 0.99792624 8.355347
0.46440464 -0.8853482 0.016380927 109.35156 0.88430834 0.46274203 -0.06042101 95.411865 0.04591272 0.042544845 0.998039 8.415894
0.47491208 -0.87975836 0.015869979 109.88208 0.87877625 0.47331512 -0.0591123 96.39868 0.04450284 0.04203606 0.9981254 8.481689
0.48258653 -0.87566537 0.015178496 110.39502 0.874695 0.4810372 -0.058487818 97.391846 0.043931577 0.041505046 0.9981719 8.544067
0.49188414 -0.87040174 0.013311584 110.93994 0.8693072 0.49034914 -0.05991885 98.35962 0.045633785 0.04105392 0.9981147 8.604858
0.50274986 -0.86450344 0.008528132 111.48462 0.8632317 0.50141764 -0.060064208 99.3103 0.047639146 0.037557703 0.99815816 8.668091
0.5144865 -0.8575758 0.005152774 112.036865 0.85622394 0.51331735 -0.05953512 100.2561 0.048410695 0.035043586 0.9982127 8.730469
0.5268142 -0.8499379 0.0031789327 112.61255 0.8485653 0.5257428 -0.058903594 101.20215 0.048396412 0.03373134 0.99825853 8.792358
0.5385862 -0.8425663 0.0018799994 113.184814 0.841337 0.53767693 -0.055241674 102.12842 0.045539457 0.031334266 0.99847084 8.857544
0.5515791 -0.8341033 0.0016581882 113.78613 0.8329516 0.55071074 -0.053664673 103.055664 0.043851014 0.030982364 0.99855757 8.916382
0.5621104 -0.8271428 0.001520928 114.39526 0.82601696 0.56124747 -0.05323719 103.94995 0.043167394 0.031185616 0.9985813 8.978027
0.57385606 -0.8190126 0.00079687405 115.0022 0.8178786 0.57300955 -0.053169087 104.8374 0.043092225 0.03116139 0.9985848 9.036865
0.58586246 -0.8104239 -0.0009309724 115.625244 0.8092394 0.58506674 -0.05340345 105.70972 0.043822896 0.030542647 0.9985729 9.094849
0.59663105 -0.8024313 0.00012710207 116.24951 0.8011947 0.5957031 -0.05558923 106.55493 0.04453198 0.033266295 0.9984539 9.154297
0.6061955 -0.79535824 -0.0006575162 116.881836 0.7941563 0.6053242 -0.054467186 107.39429 0.043717016 0.032497942 0.9985155 9.219116
0.6184217 -0.78586066 -0.00051019934 117.529785 0.7847186 0.6175579 -0.05348699 108.22925 0.04235241 0.032672547 0.99856806 9.275269
0.6269525 -0.77912104 0.0015356832 118.16821 0.77817225 0.62608904 -0.05061291 109.03735 0.038471486 0.032927006 0.99871707 9.328125
0.63781375 -0.77028424 0.0014026172 118.823975 0.76938844 0.63698196 -0.049411923 109.8313 0.037163496 0.03259445 0.99877745 9.385498
0.646838 -0.76275647 -0.0016522331 119.461914 0.76184 0.64616406 -0.047659922 110.605225 0.03741394 0.029567637 0.9988622 9.437012
0.65532917 -0.75547546 -0.0046135522 120.121826 0.75450397 0.6547739 -0.04706428 111.37305 0.03857393 0.027356308 0.998881 9.485718
0.6677729 -0.7444744 -0.0035727334 120.78906 0.74352777 0.6671513 -0.047447927 112.12549 0.037699282 0.029029936 0.9988675 9.528809
0.67353 -0.7391757 -0.0033532712 121.44458 0.7383231 0.6729584 -0.045173537 112.858154 0.03564453 0.027943524 0.9989735 9.587402
0.68352306 -0.7299818 -0.0023835101 122.11279 0.72921836 0.6829504 -0.043606676 113.579834 0.03346364 0.028066613 0.9990456 9.630493
0.6922228 -0.72181845 -0.0009496135 122.79346 0.721129 0.6916177 -0.042811546 114.286865 0.03155382 0.028951062 0.9990826 9.670654
0.6990401 -0.71505374 -0.0031742156 123.45117 0.7143706 0.698554 -0.040821306 114.975586 0.031401984 0.026263624 0.9991616 9.717651
0.7075009 -0.7067171 -0.0030026764 124.134766 0.7060652 0.7070189 -0.040137563 115.65991 0.03049361 0.026275385 0.9991894 9.7664795
0.7127306 -0.7015483 -0.0023765415 124.79834 0.70101225 0.7123106 -0.036814377 116.32568 0.027518645 0.024572842 0.99931914 9.800293
0.7204654 -0.6934797 -0.0013320362 125.47119 0.69304484 0.7200792 -0.03407754 116.987305 0.024589777 0.023626046 0.9994183 9.840942
0.7286172 -0.6848602 -0.0013446833 126.15283 0.68446386 0.7282594 -0.03264712 117.632324 0.023340244 0.022868525 0.999466 9.875244
0.7355777 -0.6774403 -0.0017163547 126.80664 0.67706513 0.73525006 -0.03150961 118.25098 0.022607578 0.022015173 0.99950194 9.91626
0.7429732 -0.66934067 -0.002957283 127.473145 0.6689978 0.7427205 -0.029037124 118.8667 0.021629736 0.01959975 0.9995742 9.944092
0.75321156 -0.65767497 -0.0014758103 128.15112 0.6574312 0.7529897 -0.025628395 119.46411 0.017968401 0.018333219 0.9996705 9.977661
0.76121855 -0.6485879 -0.0005187569 128.81738 0.64842254 0.7610419 -0.021984128 120.03516 0.01465519 0.016397007 0.9997581 10.006714
0.77155817 -0.63613856 -0.000757908 129.49658 0.6360055 0.77142 -0.019569494 120.61035 0.0130334925 0.014617504 0.9998084 10.032227
0.7816537 -0.6238196 -0.0025542665 130.15698 0.62367517 0.7815492 -0.018705342 121.15259 0.013663242 0.013027365 0.99982184 10.054077
0.7904173 -0.6125004 -0.003926375 130.83228 0.61233586 0.79032636 -0.018990781 121.68457 0.014735967 0.012608276 0.99981207 10.079346
0.80025023 -0.59953886 -0.0041368194 131.52661 0.59938085 0.80016655 -0.018444464 122.20386 0.014371647 0.01227847 0.9998213 10.099976
0.8107628 -0.58541036 -0.003248496 132.20654 0.5852912 0.81068885 -0.016430695 122.70654 0.012251213 0.011421363 0.99985975 10.116211
0.82026494 -0.5720162 -0.0009494523 132.92017 0.57195336 0.8201971 -0.01356319 123.203125 0.0085369665 0.0105812205 0.99990755 10.133179
0.8299411 -0.5578444 0.00094710616 133.60938 0.55780905 0.829867 -0.0127760125 123.68286 0.0063401978 0.011131586 0.9999179 10.159668
0.8378217 -0.5460288 0.0035389434 134.32227 0.5460315 0.8377542 -0.011075154 124.14966 0.0030823855 0.011211502 0.99993235 10.172607
0.8467256 -0.5319317 0.0056241797 135.0542 0.5319609 0.84666306 -0.010327567 124.60913 0.0007325425 0.011736715 0.9999308 10.177246
0.8536639 -0.5209368 0.007726837 135.7649 0.520993 0.8535994 -0.010548761 125.05542 -0.0011030473 0.013030089 0.9999145 10.19104
0.8599325 -0.5105529 0.007489143 136.48755 0.5106066 0.8598702 -0.010419036 125.48706 -0.0011217985 0.01278205 0.9999176 10.20459
0.8668194 -0.49843946 0.0071083657 137.23975 0.4984858 0.8667832 -0.00818561 125.92383 -0.0020786896 0.010639415 0.99994123 10.209473
0.87254715 -0.48854712 0.0072112107 137.97388 0.48859107 0.8725263 -0.006740533 126.34985 -0.0029995749 0.00940385 0.99995124 10.2146
0.87862843 -0.4774803 0.0079185525 138.73438 0.47752613 0.8786222 -0.005468785 126.76245 -0.0043461854 0.008586391 0.9999536 10.214233
0.8850936 -0.46531877 0.007933894 139.4895 0.46536654 0.8850846 -0.005861149 127.16406 -0.0042943177 0.008879964 0.9999513 10.219971
0.89013094 -0.4557314 0.0074015465 140.25659 0.45577875 0.89011 -0.006981697 127.5603 -0.0034054075 0.009587685 0.99994814 10.229126
0.8945481 -0.44696558 0.0073929355 141.05469 0.44701457 0.89452356 -0.0074024824 127.954834 -0.0033062773 0.009926647 0.9999453 10.230713
0.89787924 -0.44024682 0.007737012 141.8164 0.44029224 0.8978726 -0.0056385985 128.35156 -0.004464475 0.008468998 0.99995416 10.232178
0.90020996 -0.4353672 0.010803074 142.62183 0.43542683 0.90023774 -0.0038368215 128.74048 -0.008054959 0.008157478 0.9999343 10.237915
0.9037839 -0.42776123 0.013981479 143.44507 0.42780772 0.9038699 -0.0003661234 129.125 -0.0124812145 0.006312009 0.9999022 10.231934
0.9066177 -0.4216445 0.015570166 144.2644 0.42165 0.90674347 0.003088486 129.51709 -0.015420921 0.0037647379 0.99987406 10.225708
0.90977836 -0.41474023 0.016701866 145.0874 0.41470802 0.9099298 0.0055110855 129.90454 -0.017483644 0.0019136993 0.9998453 10.218994
0.91267157 -0.40827617 0.018188762 145.94824 0.4082024 0.91285276 0.007768844 130.2959 -0.019775266 0.0003368361 0.99980426 10.204346
0.9163436 -0.39980832 0.020849023 146.82642 0.39971384 0.9165806 0.008699112 130.67896 -0.022589335 0.00036236737 0.99974483 10.194702
0.919351 -0.39274463 0.023170773 147.70361 0.3926412 0.9196427 0.009046612 131.05469 -0.024861261 0.0007828418 0.9996905 10.179199
0.9225738 -0.38507733 0.024156721 148.6128 0.3849797 0.9228892 0.008755415 131.4331 -0.025665175 0.0012210484 0.9996699 10.163086
0.92597806 -0.37679154 0.024671787 149.50244 0.37671658 0.92630464 0.007797513 131.81104 -0.025790628 0.0020758032 0.999665 10.136353
0.93017703 -0.3662188 0.025290117 150.44263 0.36620304 0.93051136 0.005418284 132.16821 -0.025516853 0.004223417 0.9996654 10.126343
0.93406695 -0.35629916 0.02421837 151.38306 0.35630336 0.9343696 0.0042865514 132.53174 -0.024155745 0.0046248473 0.99969757 10.098267
0.9380663 -0.34569275 0.022815643 152.34229 0.34570763 0.938332 0.0034157187 132.88574 -0.022589743 0.00468394 0.99973375 10.087402
0.94312257 -0.3318308 0.021578629 153.30566 0.33179113 0.9433674 0.0054994468 133.2395 -0.022180734 0.0019722602 0.9997519 10.06665
0.94840026 -0.31636554 0.021709248 154.29175 0.31624246 0.9486472 0.008976199 133.5874 -0.023433967 -0.0016495021 0.99972415 10.045044
0.9543812 -0.29767507 0.023331625 155.30493 0.2974537 0.95465326 0.01252165 133.90454 -0.026001431 -0.0050094603 0.9996493 10.020752
0.9603678 -0.27762657 0.02469555 156.33301 0.27729827 0.9606482 0.015921285 134.22046 -0.028143542 -0.008441545 0.9995681 10.002808
0.966383 -0.25581053 0.025612818 157.3811 0.25541162 0.9666629 0.017849725 134.50781 -0.02932541 -0.010707781 0.99951255 9.981689
0.97155 -0.23532504 0.026974507 158.4331 0.23485294 0.97184205 0.019549543 134.78296 -0.030814674 -0.012658547 0.99944484 9.949585
0.9766921 -0.21257865 0.02972188 159.5227 0.21203266 0.9770477 0.020495007 135.03271 -0.033396043 -0.013716942 0.9993483 9.932373
0.9811392 -0.1904265 0.033355877 160.62012 0.18975738 0.9815842 0.022214236 135.24951 -0.036972273 -0.01546518 0.9991962 9.889282
0.98497576 -0.1685635 0.03760407 161.73975 0.16769622 0.98551965 0.02516099 135.4624 -0.041300625 -0.018478597 0.9989761 9.864136
0.9883789 -0.1462469 0.04144669 162.8562 0.14522673 0.9890381 0.026662024 135.64209 -0.044891715 -0.020334056 0.99878526 9.819214
0.9913183 -0.12471615 0.041722216 164.00537 0.12361006 0.99193496 0.028128065 135.80688 -0.044893663 -0.022728734 0.9987334 9.775513
0.99401575 -0.101567954 0.04022705 165.15698 0.1004522 0.99452376 0.028857544 135.94067 -0.042937737 -0.024644876 0.998774 9.733643
0.9960096 -0.07994362 0.03964754 166.33252 0.07884943 0.99647963 0.028434345 136.0459 -0.041781895 -0.025194295 0.99880904 9.685425
0.9972791 -0.060440607 0.042196605 167.52686 0.05936037 0.997887 0.0264006 136.11792 -0.043703258 -0.023823626 0.9987604 9.644531
0.99820435 -0.040398814 0.044224788 168.73047 0.03925737 0.9988805 0.026386715 136.18213 -0.045241315 -0.024602998 0.9986732 9.60083
0.99876434 -0.019296134 0.045802493 169.94531 0.018064277 0.99946773 0.027162371 136.2229 -0.04630234 -0.026301296 0.99858135 9.553467
0.99885327 0.00082105683 0.04787031 171.16602 -0.002226341 0.9995679 0.029312843 136.23462 -0.04782557 -0.029385792 0.9984234 9.508545
0.9986021 0.0221348 0.0479936 172.41748 -0.02354088 0.99930423 0.028931916 136.22632 -0.047319803 -0.03002149 0.9984283 9.455688
0.9980366 0.04022718 0.048004493 173.65405 -0.041775227 0.998624 0.03169189 136.19336 -0.04666342 -0.033635244 0.99834436 9.401367
0.9971035 0.059300076 0.04762334 174.9253 -0.060912587 0.9975918 0.033152893 136.12598 -0.045542113 -0.03595755 0.9983153 9.350952
0.9956868 0.080568485 0.046007354 176.19922 -0.082149155 0.99605566 0.033545636 136.03833 -0.043122694 -0.037180968 0.99837697 9.302734
0.99414414 0.098713554 0.04393053 177.45117 -0.100268446 0.9943528 0.034725044 135.92358 -0.040254626 -0.03892715 0.99843127 9.253296
0.9920219 0.11855659 0.04288745 178.781 -0.1201333 0.9920959 0.036270045 135.78003 -0.038248487 -0.04113165 0.99842167 9.214233
0.98931235 0.13992989 0.040870283 180.07959 -0.1414195 0.98928475 0.036150917 135.61523 -0.03537312 -0.04154688 0.9985102 9.173096
0.9867505 0.15801339 0.036984242 181.45312 -0.15942015 0.9864541 0.038811617 135.41309 -0.030353263 -0.044191238 0.99856246 9.123291
0.98366475 0.17735423 0.030747594 182.73804 -0.17850362 0.9831302 0.03986049 135.20142 -0.02316134 -0.044699386 0.99873245 9.104492
0.9807855 0.19327505 0.026566686 184.05176 -0.19428156 0.9800137 0.042766284 134.95605 -0.017770039 -0.047106665 0.9987316 9.073853
0.9769195 0.21227288 0.023512788 185.41455 -0.21315299 0.97596544 0.045181047 134.68237 -0.013355104 -0.049151033 0.9987021 9.063599
0.9730596 0.22945291 0.022596562 186.74805 -0.23030025 0.9719478 0.047780104 134.38379 -0.010999405 -0.051695872 0.9986022 9.047363
0.9688917 0.24642155 0.023203352 188.06543 -0.2472704 0.9678211 0.046812426 134.06982 -0.010920146 -0.05109162 0.99863386 9.036743
0.9641765 0.26431337 0.021951005 189.42651 -0.26506644 0.9631457 0.04548968 133.70435 -0.009115706 -0.04967909 0.9987234 9.041138
0.9594109 0.2813564 0.01871176 190.76831 -0.28193423 0.9583164 0.046089634 133.32568 -0.004964153 -0.049496133 0.99876225 9.040649
0.95495003 0.296374 0.015840387 192.1084 -0.29679537 0.9537558 0.047752205 132.93604 -0.00095630926 -0.050301183 0.9987335 9.039673
0.94878566 0.31554073 0.016091753 193.4917 -0.31595078 0.9475218 0.048957773 132.49707 0.00019915169 -0.0515342 0.9986713 9.043213
0.94333565 0.33135056 0.017007269 194.83643 -0.33178523 0.9419536 0.0510405 132.0476 0.0008991533 -0.0537904 0.99855113 9.054443
0.9372406 0.34841862 0.0155961765 196.17505 -0.34873635 0.9356217 0.055259172 131.5752 0.0046572173 -0.057228032 0.99835014 9.066772
0.9299141 0.36751178 0.01383809 197.53687 -0.3676894 0.9282477 0.056190662 131.05347 0.007806642 -0.057341024 0.9983241 9.085693
0.92284906 0.38497105 0.011520142 198.91382 -0.38497823 0.92116344 0.05688761 130.48828 0.011285976 -0.056935754 0.9983146 9.102905
0.915025 0.40331137 0.0069131157 200.26245 -0.4030284 0.91340804 0.056850776 129.92041 0.016617086 -0.054807372 0.99835855 9.140015
0.9069096 0.42127696 0.0037883683 201.58765 -0.42070514 0.9051307 0.06099222 129.33545 0.022263845 -0.056907978 0.9981316 9.177856
0.89721906 0.4415482 0.002494499 202.93506 -0.44079116 0.8953195 0.06388076 128.70337 0.025969552 -0.05841755 0.99795526 9.220581
0.88379335 0.46786463 0.002832083 204.27759 -0.4669935 0.88174355 0.06663604 128.01758 0.028682841 -0.060216915 0.997773 9.262207
0.8713479 0.49067473 0.003824071 205.61328 -0.4896738 0.8690153 0.07109554 127.298096 0.031562634 -0.06382326 0.99746186 9.318359
0.8561782 0.5167538 0.004387245 206.91138 -0.5155898 0.8536136 0.074861586 126.581055 0.034939483 -0.06635498 0.9971834 9.3758545
0.842495 0.53860295 0.0045414623 208.18042 -0.53725606 0.8397289 0.07824646 125.80713 0.0383394 -0.06836072 0.9969232 9.443481
0.8257594 0.5641375 0.004823818 209.47754 -0.562666 0.8229236 0.079716235 124.99634 0.04099593 -0.06853585 0.9968051 9.511475
0.80907696 0.5877357 0.0045746854 210.729 -0.58611345 0.8062138 0.0809118 124.10864 0.043875128 -0.06813976 0.9967089 9.584839
0.7933042 0.6087082 0.0017523463 211.979 -0.60673934 0.7905 0.082705885 123.194824 0.04896173 -0.066680126 0.9965735 9.671631
0.77625096 0.6303392 -0.00035927072 213.16284 -0.62801236 0.7734352 0.08540894 122.286865 0.054111935 -0.06607247 0.99634707 9.760376
0.7598888 0.6501322 -0.0023158835 214.32568 -0.647525 0.7571515 0.08681593 121.31787 0.058200415 -0.064460054 0.9962197 9.851685
0.7454264 0.6665064 -0.0031681512 215.5061 -0.6636854 0.74269027 0.08849571 120.326416 0.06135688 -0.063869916 0.9960702 9.954346
0.7282299 0.685507 -0.0038091447 216.65796 -0.68255514 0.7255866 0.088846214 119.281006 0.06365679 -0.062101174 0.99603754 10.062134
0.71195817 0.70227265 -0.004413387 217.75537 -0.6991915 0.7093955 0.089324005 118.24609 0.06585923 -0.060508758 0.9959924 10.170776
0.6972657 0.71681637 -0.0060782908 218.84058 -0.7135512 0.69485056 0.089839354 117.18213 0.06861249 -0.05831131 0.9959388 10.282715
0.68197733 0.73134845 -0.008503071 219.92041 -0.7278238 0.6797462 0.090865225 116.082275 0.0722195 -0.0557882 0.9958287 10.401855
0.66751194 0.7444843 -0.010348723 220.9563 -0.74066997 0.66538113 0.09279145 114.954346 0.075982 -0.054275393 0.99563086 10.528076
0.6519455 0.7580186 -0.011171669 221.99023 -0.75394243 0.6498406 0.09505173 113.803955 0.07930484 -0.053554796 0.99541247 10.651245
0.6365045 0.77121764 -0.010990059 222.99268 -0.76700187 0.6343995 0.09634563 112.64502 0.08126296 -0.052889064 0.99528784 10.793457
0.6200286 0.7845856 -0.008191637 223.9856 -0.78042704 0.61775416 0.096903555 111.42163 0.0810838 -0.053688787 0.99526006 10.927612
0.60238415 0.79823786 -0.0036448603 224.9519 -0.79422987 0.5998058 0.0974533 110.2229 0.07996143 -0.055804923 0.9952343 11.07019
0.58454853 0.81132025 0.0010435032 225.87549 -0.80742574 0.5816142 0.09864916 109.01001 0.07942063 -0.058528304 0.9951239 11.207153
0.56786746 0.8230718 0.005061818 226.76953 -0.8192656 0.5646293 0.09973683 107.77954 0.07921776 -0.06078296 0.99500257 11.348877
0.54732126 0.83695775 0.00806666 227.63037 -0.8330165 0.54375434 0.10263189 106.53711 0.08152358 -0.06288033 0.9946842 11.498413
0.5316878 0.8467604 0.010414258 228.44165 -0.84258723 0.52775794 0.10643317 105.29785 0.08462426 -0.065384455 0.99426764 11.642822
0.5108397 0.8595395 0.0130722225 229.23755 -0.8554477 0.5067912 0.10633308 104.01367 0.0847812 -0.065495186 0.99424374 11.793213
0.49059752 0.87133914 0.017141137 229.98242 -0.8675279 0.48638478 0.1050568 102.766846 0.08318381 -0.06640919 0.994319 11.933716
0.4694641 0.8825553 0.021152968 230.68555 -0.87906724 0.46513668 0.10315487 101.506836 0.081204176 -0.06703778 0.9944417 12.076294
0.44683465 0.894287 0.024129506 231.37402 -0.89105225 0.44248933 0.10110408 100.210205 0.079745516 -0.06668481 0.99458283 12.221802
0.42319468 0.90551835 0.026034249 232.03076 -0.90241903 0.41888642 0.099558294 98.916016 0.07924121 -0.06562516 0.99469274 12.35437
0.40386775 0.91441476 0.028567616 232.6167 -0.9114916 0.39950544 0.098260514 97.65527 0.07845235 -0.06571918 0.9947489 12.491577
0.38305613 0.9232645 0.028191622 233.17603 -0.92028576 0.37884596 0.097436145 96.35913 0.079277754 -0.06326268 0.99484265 12.619873
0.35861388 0.9329133 0.027129307 233.70752 -0.92980635 0.35460344 0.0968772 95.066895 0.080771 -0.059970178 0.9949269 12.756836
0.34039858 0.939969 0.026490012 234.19409 -0.93672675 0.3364857 0.09714847 93.793945 0.08239102 -0.057900537 0.99491847 12.890625
0.31638747 0.9481433 0.026666516 234.65381 -0.9450924 0.31273144 0.09375629 92.49658 0.08057037 -0.05489018 0.99523836 13.021484
0.29759762 0.95437884 0.026060665 235.07129 -0.9511896 0.29403263 0.094139814 91.221924 0.08218736 -0.052785266 0.99521667 13.153198
0.27745464 0.9604124 0.028135808 235.47461 -0.9568875 0.27354974 0.09848983 89.95166 0.08689654 -0.05425016 0.9947396 13.287109
0.25572574 0.9663843 0.030083723 235.84497 -0.96208376 0.25125352 0.10704111 88.68457 0.09590953 -0.05629181 0.99379563 13.423584
0.23846014 0.97056633 0.032548502 236.18579 -0.9655438 0.23337692 0.11483297 87.43506 0.10383569 -0.058819275 0.9928541 13.569946
0.21880986 0.97508335 0.037021272 236.49292 -0.96978015 0.21310535 0.11891805 86.18872 0.10807712 -0.06189154 0.99221134 13.723022
0.1983671 0.9792448 0.04211413 236.78223 -0.9740855 0.1921897 0.11941073 84.91919 0.10882094 -0.06467149 0.9919515 13.870972
0.1790297 0.9826929 0.046726122 237.0393 -0.97776663 0.1724745 0.11896253 83.69214 0.108845994 -0.0670218 0.9918001 14.025879
0.15874359 0.98599774 0.050576985 237.27588 -0.98122877 0.15189011 0.11864122 82.45166 0.10928655 -0.068493396 0.9916505 14.188599
0.14135498 0.98857737 0.052182823 237.47119 -0.9840185 0.13455035 0.116567396 81.21387 0.108223476 -0.06780258 0.99180955 14.337036
