1.000000000000000000e+00 -3.306050084167601550e-19 -2.270457535318767223e-19 -8.673617379884035472e-19 7.546676715296109287e-19 1.000000000000000000e+00 6.237773588823049983e-19 1.387778780781445676e-17 -3.447385680526250622e-20 4.770700176052009879e-20 1.000000000000000222e+00 5.551115123125782702e-17
9.999321800100470226e-01 -3.062061360626025606e-03 1.123453320291968420e-02 1.370256479367306518e-02 3.048098801456313595e-03 9.999945315002336521e-01 1.259871176367682909e-03 -2.102729574218795139e-03 -1.123833025044418052e-02 -1.225537165674172799e-03 9.999360785974469312e-01 3.027007598247670184e-01
9.997915578169929152e-01 -5.633255477840888592e-03 1.962678844991989219e-02 3.171999647572880388e-02 5.602422981832244978e-03 9.999829817460630377e-01 1.626004503328039742e-03 -1.173836220042974443e-02 -1.963561312355553701e-02 -1.515728033856827538e-03 9.998060821563046208e-01 5.846720882144000875e-01
9.997577564812768491e-01 -7.635384703526608766e-03 2.063857611297247735e-02 3.592860627825465031e-02 7.627496395840834172e-03 9.999708088421139784e-01 4.608251691108917331e-04 -2.025387471098795411e-02 -2.064149384609789695e-02 -3.032381670644497301e-04 9.997867893099406933e-01 8.924507986218552791e-01
9.997777846010771352e-01 -8.645950011171393140e-03 1.922298249511708579e-02 4.206480190108007056e-02 8.670697990525780968e-03 9.999617231750304036e-01 -1.203808185256040114e-03 -1.650447816348983576e-02 -1.921183935983784147e-02 1.370206650382982177e-03 9.998144110623937708e-01 1.199399625708232442e+00
9.998563216264683140e-01 -1.155786525176066837e-02 1.240233830533877049e-02 4.749048951597192175e-02 1.159087604346709967e-02 9.999294270175829169e-01 -2.594145667252266418e-03 -2.407985794743439101e-02 -1.237148801746164838e-02 2.737514642816134876e-03 9.999197448061140081e-01 1.515705707512364553e+00
9.999178229964498232e-01 -1.281670158831130918e-02 -2.304350551133967822e-04 3.933876340202335786e-02 1.281566929211020930e-02 9.999097219043002749e-01 -4.033818901488228463e-03 -3.539858792778456664e-02 2.821312562626936008e-04 4.030534565415476271e-03 9.999918530255808014e-01 1.836615877392237195e+00
9.997807661524015233e-01 -1.239534642947646634e-02 -1.687448147548153282e-02 1.625825976523486219e-02 1.232582117965028319e-02 9.999150811347367052e-01 -4.219698698911178956e-03 -3.392474810508637473e-02 1.692535612451121288e-02 4.010745460268934533e-03 9.998487732267782313e-01 2.166587187809503767e+00
9.993453052462720754e-01 -8.390799660305734570e-03 -3.519169879312556565e-02 -1.882054094611323655e-02 8.234590669076781791e-03 9.999555958526171739e-01 -4.580954247272697039e-03 -4.276165383356825278e-02 3.522858083721359251e-02 4.288170451913920350e-03 9.993700345319092015e-01 2.508351208176557545e+00
9.984616460937277838e-01 -4.502199054754056455e-03 -5.525750888459986937e-02 -6.243732950621901090e-02 4.199653622906198217e-03 9.999755459159135329e-01 -5.589227687380086441e-03 -5.024113837188765030e-02 5.528132299981095010e-02 5.348600114191699728e-03 9.984561543000207706e-01 2.861750181741304466e+00
9.972408866090765045e-01 -3.187899028019440615e-03 -7.416962425522942437e-02 -1.095925492478946606e-01 2.782869382254492697e-03 9.999806705919835892e-01 -5.564161389049380145e-03 -4.920752811302556151e-02 7.418594175899025089e-02 5.342370668564766847e-03 9.972304424632467690e-01 3.223064002474274048e+00
9.954713860609297749e-01 -4.502275886194410416e-03 -9.497159835231058778e-02 -1.651216547990996264e-01 4.036655889882559238e-03 9.999788492849490673e-01 -5.094576326573045481e-03 -5.554311599629628560e-02 9.499253171621231673e-02 4.688243139700407416e-03 9.954685201854325260e-01 3.606314766328973853e+00
9.933383613216214547e-01 -5.503541031925364077e-03 -1.150790943797877636e-01 -2.228385936580279947e-01 5.068459452365151399e-03 9.999788462340134521e-01 -4.072136645600496312e-03 -6.155563268935485000e-02 1.150990827261162835e-01 3.461637513000112056e-03 9.933452398969107033e-01 3.989762071171161661e+00
9.912652645571474741e-01 -6.300534550774661985e-03 -1.317118481429044308e-01 -2.941780602096675801e-01 5.861867769268224414e-03 9.999758874921365059e-01 -3.717257609302390946e-03 -6.741653326855130690e-02 1.317321108990186507e-01 2.912498862291475546e-03 9.912783553588584429e-01 4.390082334537980913e+00
9.889168267678454249e-01 -3.361315651960207745e-03 -1.483907131811427194e-01 -3.743244422375738845e-01 3.054659976997708797e-03 9.999926913511706372e-01 -2.294509490630359822e-03 -7.321079316651242508e-02 1.483973653756054389e-01 1.815775666348715296e-03 9.889198786056850876e-01 4.806116067435445949e+00
9.868780106547752062e-01 -3.026363567394290636e-03 -1.614346460963785312e-01 -4.620113992288217286e-01 2.568627359290532198e-03 9.999920594874625035e-01 -3.043693896045235065e-03 -8.114667477069063828e-02 1.614425808272209328e-01 2.589123402584734678e-03 9.868779581361133424e-01 5.226989048480368716e+00
9.847443406094134044e-01 -4.471254353216423151e-03 -1.739367340718561417e-01 -5.512874260049390740e-01 3.869424311612103089e-03 9.999852869720882165e-01 -3.798687798281454205e-03 -9.138103132022294683e-02 1.739511856058535422e-01 3.067597497416549822e-03 9.847471914568898255e-01 5.666345279255597944e+00
9.829311064388500663e-01 -6.675120718332660380e-03 -1.838136845193599211e-01 -6.417156466895141964e-01 5.839830343375321080e-03 9.999699980601370886e-01 -5.084117691113912603e-03 -1.022061074953213439e-01 1.838421316437876263e-01 3.923606058480970556e-03 9.829406060684875435e-01 6.115950664555033001e+00
9.816734085887932615e-01 -5.728827710687805184e-03 -1.904931219382514918e-01 -7.330237724514345743e-01 4.418588123773103948e-03 9.999635697420253821e-01 -7.300260970911981277e-03 -1.091333588255615078e-01 1.905280383212849815e-01 6.324755210317138318e-03 9.816629517648542969e-01 6.575986145339165923e+00
9.801783633858622835e-01 -6.339222371246155605e-03 -1.979993210189523178e-01 -8.452146939835631922e-01 4.587369854922133082e-03 9.999461639550319969e-01 -9.304288368734073625e-03 -1.097120536687707093e-01 1.980476620963490253e-01 8.211627875573734164e-03 9.801546989622067496e-01 7.054346474993089977e+00
9.785486286860259897e-01 -6.909155198770826345e-03 -2.058688653913664512e-01 -9.513924546218082146e-01 4.512522065782348032e-03 9.999165010410001608e-01 -1.210800183194560287e-02 -1.203076657653299464e-01 2.059353484598362150e-01 1.091900610570127259e-02 9.784981113732854618e-01 7.541090480567691934e+00
9.765908046330853409e-01 -1.059428978061795201e-02 -2.148541256715103542e-01 -1.067223980568292152e+00 7.871788773306853670e-03 9.998774949603367324e-01 -1.352419402427933875e-02 -1.292280517238748594e-01 2.149711204696650169e-01 1.151627635363535775e-02 9.765546572547226800e-01 8.042595266410275556e+00
9.749380175984337926e-01 -1.666534089635223967e-02 -2.218841553509610653e-01 -1.184776709415358953e+00 1.373136579521854438e-02 9.997967701164769405e-01 -1.476032047857663704e-02 -1.498899958080903705e-01 2.220850517381095790e-01 1.134446069943608956e-02 9.749686672564031875e-01 8.560919265531921951e+00
9.731291240515755891e-01 -1.702343379075406393e-02 -2.296162363766983960e-01 -1.309486907248587073e+00 1.348096867364249711e-02 9.997648816555030349e-01 -1.698307799892665587e-02 -1.716208785875669718e-01 2.298513567813214586e-01 1.343187582372054600e-02 9.731296969143816700e-01 9.085535123096727617e+00
9.708416826865683413e-01 -1.381648537454667480e-02 -2.393204272256443110e-01 -1.466414547226213561e+00 8.825784243307212631e-03 9.997209126706351201e-01 -2.191473749984035671e-02 -1.717402585563514439e-01 2.395564840195180678e-01 1.916314672779337314e-02 9.706926164729360318e-01 9.619104090253530970e+00
9.693515260257553612e-01 -1.099341497450897522e-02 -2.454039389720660547e-01 -1.620256920873465400e+00 5.080491764518546040e-03 9.996816720345277352e-01 -2.471420614992945672e-02 -1.901585105553763866e-01 2.455975128597078783e-01 2.270998740554624334e-02 9.690989091975604763e-01 1.016486451825918458e+01
9.667008910514662823e-01 -1.364852971749892264e-02 -2.556248183676705921e-01 -1.773737118378904576e+00 6.980389367867756260e-03 9.996114225522576557e-01 -2.698651815587781513e-02 -2.104511128900119488e-01 2.558939112191597753e-01 2.430360292916875983e-02 9.664206857210748680e-01 1.072624395757893900e+01
9.644394404236493745e-01 -1.538224984793779351e-02 -2.638904113026799281e-01 -1.937465601142295490e+00 8.227193560052914467e-03 9.995683920758263730e-01 -2.819981837261736554e-02 -2.413542779262174698e-01 2.642103223676360302e-01 2.502642252902661027e-02 9.641495566644954218e-01 1.129760455213002501e+01
9.624683884613085549e-01 -1.484969437595605457e-02 -2.709993859018748896e-01 -2.108260765515208579e+00 6.631679574536830137e-03 9.994905256648823899e-01 -3.122241556693109918e-02 -2.615399956552686422e-01 2.713249970693342172e-01 2.825286367420957317e-02 9.620766350376276366e-01 1.188098764686466069e+01
9.600307474623841486e-01 -1.422486123997471902e-02 -2.794786811526061565e-01 -2.301869166476675499e+00 4.722620899746805129e-03 9.993888123242756771e-01 -3.462656700636866647e-02 -2.828209950468200673e-01 2.798004363849126430e-01 3.192279899455577330e-02 9.595109707614362105e-01 1.247127766520894809e+01
9.579827390405013521e-01 -1.593059160025350057e-02 -2.864087184528995023e-01 -2.487769918402964464e+00 4.738170184431366762e-03 9.991991149894088320e-01 -3.972389472191070053e-02 -3.130946779446133199e-01 2.868121550674163633e-01 3.669849716245423416e-02 9.572909643447239381e-01 1.307245872894182348e+01
9.563659597523254119e-01 -1.651778450931317560e-02 -2.917572161315332147e-01 -2.689007868323298300e+00 2.844100813324907003e-03 9.988796673094201273e-01 -4.723164764974908253e-02 -3.512278818069478614e-01 2.922107759975846597e-01 4.434054243254782063e-02 9.553414453106914284e-01 1.368679724739621584e+01
9.549764874981379048e-01 -1.694661325472655508e-02 -2.961556942332201348e-01 -2.896987443716577459e+00 7.000418192380438191e-04 9.984931774811783844e-01 -5.487165001720114427e-02 -3.856479233124980310e-01 2.966391451504716836e-01 5.219447143554946378e-02 9.535493541475761337e-01 1.431317367006549901e+01
9.540476095573254822e-01 -1.708100854697738175e-02 -2.991187982825300185e-01 -3.110291671980020212e+00 -2.199439255806841936e-03 9.979480491080910953e-01 -6.401288671992265422e-02 -4.303462583714708911e-01 2.995979601107526813e-01 6.173066378865618709e-02 9.520523669426463886e-01 1.494628290996059050e+01
9.525050650824139487e-01 -1.756247688110489785e-02 -3.039463328520207730e-01 -3.332101114133050768e+00 -4.991067694887016924e-03 9.973011398018637452e-01 -7.325367444065229716e-02 -4.764729855280028237e-01 3.044123417619463701e-01 7.129171204679192464e-02 9.498468126366271802e-01 1.559586661630599025e+01
9.514469924900519349e-01 -1.601751699770986859e-02 -3.074686336429429123e-01 -3.557327816261814935e+00 -9.140530803212186875e-03 9.967345501473995339e-01 -8.022265812612126845e-02 -5.317621326811013960e-01 3.077497528722751285e-01 7.913753244865087688e-02 9.481938154672547858e-01 1.625544020863952355e+01
9.497099949833945898e-01 -1.572846825233822562e-02 -3.127317743509328563e-01 -3.790881836429492058e+00 -1.212834983902997925e-02 9.961406107190170500e-01 -8.692573008470690088e-02 -5.956088125622057694e-01 3.128919676577012199e-01 8.634752257735374414e-02 9.458540132284054547e-01 1.692151220586649529e+01
9.483359998068436880e-01 -1.311693445935827908e-02 -3.169736418150002621e-01 -4.034594539230703880e+00 -1.732586880781549279e-02 9.955129775562620020e-01 -9.302524678584199458e-02 -6.648209003393880101e-01 3.167713995775348623e-01 9.371180268752586640e-02 9.438535472989124653e-01 1.759143126125764311e+01
9.471345192775144639e-01 -1.144277870149910253e-02 -3.207254764677286984e-01 -4.288754786708090627e+00 -2.104780240278452189e-02 9.949949682448079313e-01 -9.767448256337087076e-02 -7.346757149702587419e-01 3.202386797957001430e-01 9.925832535536989465e-02 9.421532802503521653e-01 1.828106408415162321e+01
9.449022592410044608e-01 -9.209312501220562330e-03 -3.271297940109473279e-01 -4.536883495164875768e+00 -2.545674634713056966e-02 9.945098739900739560e-01 -1.014804315042348443e-01 -8.121653255054078757e-01 3.262680746652115160e-01 1.042179889321551423e-01 9.394802288866891393e-01 1.897762706090628271e+01
9.436606441453651017e-01 -7.429435695494960960e-03 -3.308831937083880903e-01 -4.813234900945762895e+00 -2.806079839223980799e-02 9.943505297038637281e-01 -1.023825373858899546e-01 -8.894647323281688056e-01 3.297749071848453672e-01 1.058978223330047652e-01 9.381209567736351618e-01 1.968505925676148749e+01
9.411332541090199344e-01 -7.561644548756111042e-03 -3.380286445894541969e-01 -5.081481147790396058e+00 -2.864310144737624783e-02 9.943704162426062476e-01 -1.020132521645909229e-01 -9.789712306089389804e-01 3.368977963646662688e-01 1.056872929005448353e-01 9.356185110639319014e-01 2.041157741191051045e+01
9.389803688125843983e-01 -7.403773593167860961e-03 -3.438886735888571078e-01 -5.360559424794604233e+00 -2.898124497803102398e-02 9.945104295912715608e-01 -1.005274365284502119e-01 -1.059581018102483174e+00 3.427448352144294996e-01 1.043602125463827662e-01 9.336114669541154543e-01 2.113820721899337585e+01
9.368815647154824511e-01 -7.263084383408409568e-03 -3.495309229366480031e-01 -5.648553827732770927e+00 -2.881556184045995506e-02 9.947793033863241430e-01 -9.790485688188491076e-02 -1.146758730891288769e+00 3.484168115700400636e-01 1.017995718862090837e-01 9.317812548344424073e-01 2.187609572980578321e+01
9.342160094683810145e-01 -6.592625922479116926e-03 -3.566112883563823388e-01 -5.945147798750819668e+00 -2.897877228973214439e-02 9.951216689673310078e-01 -9.431061286639980112e-02 -1.231089094258753125e+00 3.554933301602197226e-01 9.844193902507547556e-02 9.294675607648803517e-01 2.261194107965684807e+01
9.296190140014650716e-01 -4.369202275348294494e-03 -3.684749440102680906e-01 -6.263358596480212981e+00 -3.064337482422174394e-02 9.955503805617004209e-01 -8.911342998337230814e-02 -1.305290960077796658e+00 3.672248383198994937e-01 9.413319742218341502e-02 9.253486532464355596e-01 2.337975429081433631e+01
9.266970105121958845e-01 -1.567924601866786932e-03 -3.758058740211132065e-01 -6.581630532266657951e+00 -3.206877485522938859e-02 9.960139831276051403e-01 -8.321793392547650881e-02 -1.388513056961673486e+00 3.744387969495161506e-01 8.916682683897395045e-02 9.229527922946476615e-01 2.412811219368213855e+01
9.230322132543803404e-01 9.297991253167182989e-04 -3.846945844766116451e-01 -6.912098353931194872e+00 -3.422515343205589922e-02 9.962306818608626102e-01 -7.968764406085780683e-02 -1.460111849801659645e+00 3.831700843518354160e-01 8.672150942838172116e-02 9.195848612705607161e-01 2.489336478293842347e+01
9.197285028167460075e-01 2.198499980946056181e-03 -3.925504379488749529e-01 -7.256130831212352916e+00 -3.556067435987051578e-02 9.963396704820072225e-01 -7.776335712809642753e-02 -1.536270340883625574e+00 3.909428572007601077e-01 8.548141362213255989e-02 9.164399734640947814e-01 2.565567215892705377e+01
9.156917905912824729e-01 3.656541185450259013e-03 -4.019073896045716743e-01 -7.601650386962348627e+00 -3.764761774586328213e-02 9.963418393710821164e-01 -7.671147961147545269e-02 -1.613266631034045551e+00 4.001569059786289628e-01 8.537234943182825386e-02 9.124796265874707268e-01 2.642621478320506867e+01
9.122015058729014969e-01 3.997451137853764817e-03 -4.097841278837086598e-01 -7.964647764391702189e+00 -3.796756610693759193e-02 9.964750561682194085e-01 -7.480793625253370771e-02 -1.682282770598985566e+00 4.080409809533692700e-01 8.379500011510064572e-02 9.091376688777634829e-01 2.720223758893988375e+01
9.086813206828381340e-01 4.904635224700693019e-03 -4.175733525450925909e-01 -8.338950696287339426e+00 -3.885478850694400188e-02 9.965847028804337704e-01 -7.288232697378967118e-02 -1.751288441077766489e+00 4.157902142788738042e-01 8.244907769150670862e-02 9.057684174309911240e-01 2.799118627654458535e+01
9.050219354322668330e-01 4.158586904789793141e-03 -4.254141753503516421e-01 -8.722233768360389661e+00 -3.790669593302560536e-02 9.967622563299666227e-01 -7.091147518910610736e-02 -1.826189837045823161e+00 4.237421228436554776e-01 8.029999967412237982e-02 9.022493856799358447e-01 2.878216946681370558e+01
9.011802007136595627e-01 4.363121747997614555e-03 -4.334561780936104780e-01 -9.114709079262535596e+00 -3.691530651288486148e-02 9.970888851178248968e-01 -6.672041417206156511e-02 -1.888584489133791733e+00 4.319034940067883466e-01 7.612654024705518829e-02 8.987177324821142843e-01 2.957904159254513488e+01
8.979889262162291663e-01 7.408666689486186410e-03 -4.399519612432211124e-01 -9.523383636510605044e+00 -3.802918840651754034e-02 9.974238281546606855e-01 -6.082564474725916243e-02 -1.955316018006574952e+00 4.383679435325977258e-01 7.135201166472317225e-02 8.959572798469448429e-01 3.039912770608062687e+01
8.942864537209838094e-01 5.356181950486070716e-03 -4.474567201946909600e-01 -9.939373512557033052e+00 -3.417822176146524671e-02 9.978251475354448230e-01 -5.635609408351727190e-02 -2.026155428194382324e+00 4.461815969714418295e-01 6.569227790824001822e-02 8.925246578225511929e-01 3.120803032473308036e+01
8.902118588910201691e-01 5.744132814927436180e-03 -4.555231938510945766e-01 -1.037690426228443030e+01 -3.435498974446217491e-02 9.979194762072151059e-01 -5.455940307510022402e-02 -2.085391911241415652e+00 4.542620480663606686e-01 6.421974647413339343e-02 8.885571214371043025e-01 3.203053209707068305e+01
8.878047235705838203e-01 6.085063051766493800e-03 -4.602411266717914562e-01 -1.081563318038306853e+01 -3.416570366877644954e-02 9.980247834127874418e-01 -5.273273379624007773e-02 -2.142112138485073203e+00 4.590113366177338561e-01 6.254099939892411586e-02 8.862590803007173168e-01 3.286565756014763906e+01
8.847387898714880183e-01 6.070864777196362423e-03 -4.659815939484238667e-01 -1.126422506805313439e+01 -3.335987444486979148e-02 9.981755691067744074e-01 -5.032919743393660106e-02 -2.195727121060371267e+00 4.648259586509695396e-01 6.007383722814015753e-02 8.833270722580049972e-01 3.369710168383242888e+01
8.812212582487132240e-01 5.380681152264428502e-03 -4.726202439598418126e-01 -1.172555201457974405e+01 -3.224617336267777967e-02 9.982900692446494695e-01 -4.874403469811933870e-02 -2.252199374048416747e+00 4.715495170300974537e-01 5.819745625681981699e-02 8.798880865691376396e-01 3.454669539312901350e+01
8.787990733121712195e-01 3.403911482248870093e-03 -4.771274680646795385e-01 -1.219750746587292944e+01 -3.063723459954492689e-02 9.983139131894871454e-01 -4.930989797489953447e-02 -2.311275928682362757e+00 4.761550141501929567e-01 5.795500702378948710e-02 8.774216752682089115e-01 3.539962035108042215e+01
8.777810688407563511e-01 2.941988645351482738e-03 -4.790666997641281344e-01 -1.268033382815425725e+01 -3.037220114081852843e-02 9.983111499143366707e-01 -4.952813193777520773e-02 -2.368628256989496084e+00 4.781122251821756652e-01 5.802396873592115950e-02 8.763879305140113152e-01 3.626315453118323262e+01
8.765618084194342075e-01 3.300692336720123174e-03 -4.812647493262184328e-01 -1.317904846454583812e+01 -3.109201487304997374e-02 9.982759690542419850e-01 -4.978289596867138678e-02 -2.422168033284549882e+00 4.802708905106669035e-01 5.860091190167071584e-02 8.751531030156733948e-01 3.713898453926269383e+01
8.761380383525259052e-01 4.168256597173530635e-03 -4.819282342619281567e-01 -1.367555178012664641e+01 -3.111546066064551502e-02 9.983663467713451700e-01 -4.792602923488127609e-02 -2.478860515476652537e+00 4.809410708354336927e-01 5.698901760814076289e-02 8.748365067142028773e-01 3.802616222501576004e+01
8.753524506639781544e-01 4.418156792127109905e-03 -4.834985318826285350e-01 -1.418378951934910148e+01 -3.079735559909638209e-02 9.984369372616764826e-01 -4.662538292585198529e-02 -2.536353235858129107e+00 4.825368104562554050e-01 5.570248411496692142e-02 8.741204559960069620e-01 3.892798050565667012e+01
8.751391903441009257e-01 2.890464369096825727e-03 -4.838868537400617398e-01 -1.470541227450737587e+01 -2.872798163250728232e-02 9.985283837463106993e-01 -4.599676971722700680e-02 -2.589849305741597885e+00 4.830416738191670167e-01 5.415761848029016640e-02 8.739345310502746322e-01 3.983752213735763803e+01
8.754673191023080170e-01 1.055089289450184464e-03 -4.832448749870159044e-01 -1.521700331057616928e+01 -2.690046693226052360e-02 9.985537167110093426e-01 -4.654177348910796402e-02 -2.648531631208300929e+00 4.824970291018632618e-01 5.374319238853237507e-02 8.742294486532357078e-01 4.075827587046266132e+01
8.743242241128542647e-01 -5.644201093985873503e-04 -4.852105832320858791e-01 -1.574880149513329108e+01 -2.544425784142672828e-02 9.985707436939984527e-01 -4.699037887595924196e-02 -2.711622746077162471e+00 4.845435232854240493e-01 5.343376598626032453e-02 8.730603802079788256e-01 4.169045919226047658e+01
8.731690124010649257e-01 -2.220944101498386442e-04 -4.873498195899317320e-01 -1.627286787733635975e+01 -2.488261096934247033e-02 9.986756062838398895e-01 -4.503248264979765186e-02 -2.765036851916451877e+00 4.867146128329723487e-01 5.144767612931747114e-02 8.720071026018689775e-01 4.261933448966737359e+01
8.702286136283651219e-01 -5.266440664368714610e-04 -4.926066391810663414e-01 -1.681616724206810787e+01 -2.281547595236291248e-02 9.988832526171897985e-01 -4.136428392089857436e-02 -2.824963207233733176e+00 4.920782281641413736e-01 4.723770342328955513e-02 8.692448432347308351e-01 4.355388126365423318e+01
8.678806269683870811e-01 -1.460559204264260183e-04 -4.969315627994662088e-01 -1.735522246542967650e+01 -2.107404954630296562e-02 9.990888753397262345e-01 -3.711416433117604996e-02 -2.889565815809203020e+00 4.964845171230752863e-01 4.267904721922251982e-02 8.670867320516280063e-01 4.448161714008984546e+01
8.647497114780717808e-01 -1.272158818260579532e-03 -5.023067921909549760e-01 -1.790159720011069666e+01 -1.873598388704690587e-02 9.992188165845424797e-01 -3.479481750803177509e-02 -2.942179487327170939e+00 5.019587597249556277e-01 3.949871691238508731e-02 8.640505306417620712e-01 4.540801442003748889e+01
8.591101906223639340e-01 -4.381409012842432150e-03 -5.117941450973310102e-01 -1.845475805237940392e+01 -1.713457366304484489e-02 9.991564984206191546e-01 -3.732515342634360606e-02 -2.998901798507036975e+00 5.115261229513612395e-01 4.083530786240638366e-02 8.583104236317303792e-01 4.632614322635388504e+01
8.543953756290787460e-01 -6.803754910543032865e-03 -5.195900581405559215e-01 -1.901733505296101967e+01 -1.680039854920082135e-02 9.990296609707781661e-01 -4.070903436395281044e-02 -3.060558736197859453e+00 5.193628950067757932e-01 4.351195579082250270e-02 8.534520757887542608e-01 4.723826007206282185e+01
8.472020076181097092e-01 -7.130160382110641709e-03 -5.311993842588885739e-01 -1.960110921345344082e+01 -1.646801593291641677e-02 9.990769545125971485e-01 -3.968231741250662081e-02 -3.110931683707394590e+00 5.309917142031677084e-01 4.237210673767831393e-02 8.463026318596192921e-01 4.815047469562824745e+01
8.417766761397026398e-01 -3.887157037043703633e-03 -5.397998610619741955e-01 -2.019897576982826948e+01 -1.731129510904298729e-02 9.992652666060718447e-01 -3.418933172447637808e-02 -3.160470748290289400e+00 5.395362972069093210e-01 3.812638664712650338e-02 8.410908378061362489e-01 4.905256271168017435e+01
8.370809625257359388e-01 -6.157492426329690171e-04 -5.470062785143487982e-01 -2.080190450500931121e+01 -1.887268065210716272e-02 9.993715638684881331e-01 -2.999980284545478507e-02 -3.215652799944622942e+00 5.466810281106682101e-01 3.543741955794577070e-02 8.365433389507772599e-01 4.995395957179489699e+01
8.329994907437212603e-01 2.183595322088987785e-04 -5.533664670059980084e-01 -2.140453533016690457e+01 -2.085162717520819969e-02 9.993018386274544751e-01 -3.099778856890408191e-02 -3.266291647068768622e+00 5.529734967834512016e-01 3.735748932324274574e-02 8.324223649533181169e-01 5.084561998691804519e+01
8.295839067221777441e-01 -2.295400246037932607e-03 -5.583809830561130561e-01 -2.202448200751039309e+01 -2.142301171834765441e-02 9.991244051122804004e-01 -3.594266101765103416e-02 -3.313883833033967719e+00 5.579748285597431190e-01 4.177865192584389459e-02 8.288082868670191283e-01 5.172614791770235598e+01
8.272574376769944449e-01 -3.705061186097733522e-03 -5.619580488516211503e-01 -2.263067523263466185e+01 -2.429871043558378199e-02 9.988065083114074927e-01 -4.236215907379279472e-02 -3.375796632928876662e+00 5.614444998899835726e-01 4.869681664707294078e-02 8.261800258362443916e-01 5.261151063650694226e+01
8.234941752389542957e-01 -2.889781898638508345e-03 -5.672912043559705797e-01 -2.325198086120721896e+01 -2.614858989186986254e-02 9.987309310401288887e-01 -4.303752380578314968e-02 -3.427038367011042030e+00 5.666958062010104547e-01 5.027358360138913657e-02 8.223733777602236783e-01 5.348587154729278126e+01
8.203133184987190241e-01 -2.564278277897695437e-03 -5.719566513700470312e-01 -2.387362671981270523e+01 -2.437672357558040223e-02 9.989243746675027236e-01 -3.944659278733187585e-02 -3.497911622966419998e+00 5.714427057679581923e-01 4.630195919206438193e-02 8.193686167245256557e-01 5.435677915818293826e+01
8.178498021956674968e-01 -9.993151625241093738e-04 -5.753947858478551947e-01 -2.451256143939492560e+01 -2.245968685542886617e-02 9.991810203208806307e-01 -3.365585390835069274e-02 -3.544952119652242217e+00 5.749573308137374550e-01 4.044858878198730190e-02 8.171575911034471007e-01 5.524672378549698237e+01
8.138400814924054982e-01 2.102731812642454241e-03 -5.809589827233845316e-01 -2.515622822047027896e+01 -2.440022959997516575e-02 9.992349845841854705e-01 -3.055436342288736853e-02 -3.592454908221334620e+00 5.804501455781533314e-01 3.904669186917947288e-02 8.132690782677389763e-01 5.612569716645874252e+01
8.115898709425977131e-01 2.241235399992668603e-03 -5.840628839713931653e-01 -2.579352226120104774e+01 -2.537621933152220399e-02 9.991840940275782401e-01 -3.142574710229809748e-02 -3.643745329585532655e+00 5.835160132413930167e-01 4.032881086998894860e-02 8.109845556330043115e-01 5.698194834001572673e+01
8.079802951730126193e-01 1.517408150682924943e-03 -5.892108397262810771e-01 -2.644196748071738412e+01 -2.542004197485731726e-02 9.991553505877541763e-01 -3.227877003040722365e-02 -3.693478167467085793e+00 5.886643672810586425e-01 4.105540925207264852e-02 8.073365646464906176e-01 5.785699156778198926e+01
8.041818726016770613e-01 -6.538270346350865195e-04 -5.944893941191279341e-01 -2.709351927442410002e+01 -2.505645471705974028e-02 9.990730825285142336e-01 -3.499736164513627540e-02 -3.748175137003851631e+00 5.939613376020664859e-01 4.303787481003703425e-02 8.034203120893524952e-01 5.872712151728102015e+01
8.006697555850434966e-01 -2.548976639322969671e-03 -5.990961012011212228e-01 -2.775797216737752038e+01 -2.336166730140320363e-02 9.990975829644582751e-01 -3.547483041362073375e-02 -3.798674271014816917e+00 5.986460243885958210e-01 4.239829677367976807e-02 7.998876936083963995e-01 5.959205505023204807e+01
7.954087306709948235e-01 -2.808860097648560074e-03 -6.060564138220033703e-01 -2.843298773628990261e+01 -2.267636637615772291e-02 9.991511619485562434e-01 -3.439246041035561030e-02 -3.847747959363427395e+00 6.056387442527869647e-01 4.109736375191138519e-02 7.946698699346179673e-01 6.046052624016396493e+01
7.918072189452579623e-01 -2.291793830362448808e-03 -6.106224945970939455e-01 -2.910498375518814029e+01 -2.273801916992715735e-02 9.991890267062721875e-01 -3.323440448048135820e-02 -3.904321864731556957e+00 6.102035789558164502e-01 4.020358242504213503e-02 7.911128480145467323e-01 6.131951565509269386e+01
7.864242223575211854e-01 -4.095857572568529538e-03 -6.177454530581091285e-01 -2.979386905579344713e+01 -2.195852849116424615e-02 9.991604335324717479e-01 -3.458012870343130096e-02 -3.958834028488182888e+00 6.173687704965883372e-01 4.075569132975757208e-02 7.856738890318822888e-01 6.218359973404232477e+01
7.806435451356922295e-01 -4.340532394657885609e-03 -6.248000357776282154e-01 -3.049222656964947475e+01 -2.237057599825264739e-02 9.991409336322408796e-01 -3.488373105041250172e-02 -4.010902865613941159e+00 6.244144676930365456e-01 4.121602193357178784e-02 7.798757771410332884e-01 6.303680988366054549e+01
7.761024443615990309e-01 -6.131451041790880220e-03 -6.306833801249115412e-01 -3.119407902625442475e+01 -2.119452037199783673e-02 9.991341106616438150e-01 -3.579348829835690693e-02 -4.063116170492365065e+00 6.303572420120323594e-01 4.113941686422184496e-02 7.753003159331782745e-01 6.388744726754049452e+01
7.701856839210053929e-01 -7.152693486544012443e-03 -6.378864724966433197e-01 -3.191341700385817148e+01 -2.105203599542698756e-02 9.991070468757814460e-01 -3.661771928036295504e-02 -4.115781635994215648e+00 6.375793385055674722e-01 4.162551308926230181e-02 7.693472914810454144e-01 6.473788127173739326e+01
7.645302396191357985e-01 -9.142571191383909099e-03 -6.446553062190346628e-01 -3.263291805877087626e+01 -1.973635720864554133e-02 9.990984746658442273e-01 -3.757559941378555562e-02 -4.170004756076780339e+00 6.444181378914169978e-01 4.144410412644734115e-02 7.636604378604059384e-01 6.557833307649354992e+01
7.577906238495089042e-01 -9.903847866704559161e-03 -6.524537770541869453e-01 -3.337025384229041691e+01 -1.892591771611085855e-02 9.991303348438721477e-01 -3.714508457857914475e-02 -4.223022828200500456e+00 6.522541902696806781e-01 4.049912307209398848e-02 7.569441545649810976e-01 6.642007097210814948e+01
7.518212655745635242e-01 -1.095026898316171261e-02 -6.593554491127056050e-01 -3.411329785591079400e+01 -1.755922029105962123e-02 9.991749155501450375e-01 -3.661189350454669561e-02 -4.277766818767647194e+00 6.592127260619747853e-01 3.909943331047704973e-02 7.510085614976670376e-01 6.725907973817007246e+01
7.471659169586338800e-01 -1.149900126813770303e-02 -6.645976818994531188e-01 -3.486956311987019319e+01 -1.603321024107846188e-02 9.992475304203870534e-01 -3.530737695160061224e-02 -4.336378305677725642e+00 6.645035440809375915e-01 3.703602096200972471e-02 7.464193921099626650e-01 6.809330202992043723e+01
7.387742227948979057e-01 -1.273556627071583368e-02 -6.739813258058752199e-01 -3.563540189332344710e+01 -1.526816031112033199e-02 9.992486096744602753e-01 -3.562586912577557496e-02 -4.389820413518702225e+00 6.739288051051688377e-01 3.660669845594972938e-02 7.380247430044272194e-01 6.892031131675949496e+01
7.338074707659970608e-01 -1.393321021003212853e-02 -6.792578008369212217e-01 -3.641761364077887464e+01 -1.510659136895010392e-02 9.992078034010418719e-01 -3.681523030634634153e-02 -4.450878545104113293e+00 6.792327612549411420e-01 3.727485871140493595e-02 7.330158003568869596e-01 6.975087324935680044e+01
7.280794662866187927e-01 -1.486847579982906488e-02 -6.854290322799783119e-01 -3.720782321923010727e+01 -1.447913093996462328e-02 9.992081853194781926e-01 -3.705669762599996669e-02 -4.501601464061304902e+00 6.854373052847388958e-01 3.690474727952642447e-02 7.272876486105782634e-01 7.057140781777101779e+01
7.223026847772878734e-01 -1.381988039539089851e-02 -6.914134033388564804e-01 -3.800137237677915181e+01 -1.538294671135390784e-02 9.992319505716067418e-01 -3.604330524831004384e-02 -4.568588686442939917e+00 6.913803559608813210e-01 3.667289024439748801e-02 7.215353591007213074e-01 7.138914292027362762e+01
7.179295548880718636e-01 -1.364112372239921836e-02 -6.959502992997491644e-01 -3.880129369022557029e+01 -1.544574485905580129e-02 9.992496998175018907e-01 -3.552809455104300601e-02 -4.629740527255577831e+00 6.959125431806211237e-01 3.626263696798749658e-02 7.171802361658559111e-01 7.221321058889434141e+01
7.124027235981347239e-01 -1.443855036228743928e-02 -7.016156853074764221e-01 -3.962829672129439018e+01 -1.546486166825663741e-02 9.992225349283123670e-01 -3.626641072858671766e-02 -4.681953804572590805e+00 7.015939019045988045e-01 3.668669515418953447e-02 7.116256550935482483e-01 7.301962117955940812e+01
7.071941283782154919e-01 -1.611978857204416152e-02 -7.068130215873760225e-01 -4.045552564493594616e+01 -1.586530358432497109e-02 9.991264798986660978e-01 -3.866695385839981347e-02 -4.742106384948931108e+00 7.068190579458552003e-01 3.855984630074989206e-02 7.063207381777391047e-01 7.383471600851265748e+01
7.032369617665178430e-01 -1.819848691017278766e-02 -7.108613246868872304e-01 -4.127689849635294905e+01 -1.641308274771570083e-02 9.989903317254096304e-01 -4.182783121505832119e-02 -4.802907994105011902e+00 7.109050413827378012e-01 4.108173710289157732e-02 7.022282490724648385e-01 7.464733585352101386e+01
6.981449384526489110e-01 -1.877676073053786629e-02 -7.156883864903552661e-01 -4.212469032735457120e+01 -1.659805152525457850e-02 9.989628734599987903e-01 -4.239757711603669293e-02 -4.866012444129871994e+00 7.157427746673288294e-01 4.147446703557817332e-02 6.971092024000966614e-01 7.545499618062849834e+01
6.924416259304471133e-01 -1.858119860763180267e-02 -7.213647834746813592e-01 -4.298674371515765813e+01 -1.627819048865944418e-02 9.990114452352861774e-01 -4.136496477403763666e-02 -4.917098494817921051e+00 7.214210210658662525e-01 4.037628523029831995e-02 6.914546770566181166e-01 7.624215646276708469e+01
6.884202552977435330e-01 -1.864662098401281137e-02 -7.250784739193028017e-01 -4.384683621401821796e+01 -1.435793387230113044e-02 9.991232940205185820e-01 -3.932012834872413570e-02 -4.979990188018701858e+00 7.251760365441369816e-01 3.748357935068987595e-02 6.875490762997191752e-01 7.705776047366693149e+01
6.828166023232846715e-01 -1.906270515716203262e-02 -7.303539198597729376e-01 -4.471579157445867736e+01 -1.450718561671735136e-02 9.991086618918031403e-01 -3.964532608581992912e-02 -5.047566883200216736e+00 7.304586244593951339e-01 3.766895185634312054e-02 6.819315282348634710e-01 7.785955727363126755e+01
6.796936431977261828e-01 -2.055152350967545324e-02 -7.332545375942908228e-01 -4.559874908021181028e+01 -1.344834803301820855e-02 9.990901533959536396e-01 -4.046744031699464617e-02 -5.109582846276500057e+00 7.334194984047284205e-01 3.736277501668761741e-02 6.787988917379242926e-01 7.866409974170231578e+01
6.749911479822232607e-01 -2.132881045664753242e-02 -7.375865667777431467e-01 -4.648116581910854705e+01 -1.219067495193559836e-02 9.991232215186434118e-01 -4.005264070616605665e-02 -5.172739245976003986e+00 7.377942005123326874e-01 3.602887852722624212e-02 6.741393574583619541e-01 7.946243993371224690e+01
6.702427159618856711e-01 -2.286823570484813190e-02 -7.418117811797355632e-01 -4.737784217488793104e+01 -1.045705093964805453e-02 9.991349028591125503e-01 -4.025481573020549264e-02 -5.231566392175072799e+00 7.420906916691166755e-01 3.473790116449916587e-02 6.694237651511699694e-01 8.025686077695110043e+01
6.672424541934288689e-01 -2.464098251999730441e-02 -7.442952609321296098e-01 -4.827571964893108714e+01 -7.985979562914524710e-03 9.991585074740753081e-01 -4.022816961293661925e-02 -5.296814219924937284e+00 7.446603185120864721e-01 3.278517482907470498e-02 6.664843036828378420e-01 8.105885282867963326e+01
6.627789889150232927e-01 -2.913674390545294146e-02 -7.482179284011586384e-01 -4.918363913379823060e+01 -5.492815301663846531e-03 9.990266039011244104e-01 -4.377521385070266835e-02 -5.359951151672173175e+00 7.487649969189662524e-01 3.312734813331590783e-02 6.619738709518578901e-01 8.185024588473331164e+01
6.574656009704997750e-01 -3.318497105259235469e-02 -7.527255992712980071e-01 -5.009611809378300507e+01 -1.271656693142794161e-03 9.989794228372386176e-01 -4.515219873568315084e-02 -5.423494501365499154e+00 7.534556625178645550e-01 3.064550792374402116e-02 6.567522909314890134e-01 8.263507777172084445e+01
6.516662893365045006e-01 -3.789904763440506141e-02 -7.574999176262569023e-01 -5.101707766012060574e+01 4.740474251890907167e-03 9.989348940835333091e-01 -4.591088914379325148e-02 -5.491165863781136025e+00 7.584327220290711935e-01 2.632982150405590444e-02 6.511519799176699319e-01 8.342204779249736646e+01
6.437784926175854627e-01 -4.143255414011471488e-02 -7.641124520474144033e-01 -5.195423675399483443e+01 8.928188152013022058e-03 9.988715673848099774e-01 -4.664726320198882975e-02 -5.564777699662937671e+00 7.651832555918541834e-01 2.320316676954406812e-02 6.434223729924473112e-01 8.420223112575357050e+01
6.356492458261200351e-01 -4.240908697430569030e-02 -7.709236829996042317e-01 -5.289201027433178837e+01 1.266695644455747422e-02 9.989287345302563237e-01 -4.450610707518468795e-02 -5.636474161113359749e+00 7.719854686018904344e-01 1.852814127804994909e-02 6.355050894449544296e-01 8.498761440566025271e+01
6.245479226734956812e-01 -4.189954916711753630e-02 -7.797981741463455574e-01 -5.385491121758453659e+01 1.441536987763045001e-02 9.990081979296366876e-01 -4.212168968294442012e-02 -5.697380878029038698e+00 7.807898287741412702e-01 1.506356957014872572e-02 6.245324776482106266e-01 8.575012633589052768e+01
6.152492240435489812e-01 -4.128395529843194994e-02 -7.873054265065700941e-01 -5.483157303824131645e+01 1.384335015630978188e-02 9.990393595768257695e-01 -4.158140268134311729e-02 -5.770452657329679269e+00 7.882657753556543412e-01 1.467992086277926204e-02 6.152301875511952955e-01 8.650257221590551637e+01
6.081846839321886078e-01 -4.159055900761767649e-02 -7.925861155800929536e-01 -5.581185875849993039e+01 1.207978140575311291e-02 9.989961435728501593e-01 -4.315522459319941218e-02 -5.833236398264800115e+00 7.935841822095514031e-01 1.668397544613069855e-02 6.080759826832546899e-01 8.725840520966319502e+01
5.979006971901562606e-01 -4.419521102857121991e-02 -8.003247567014061259e-01 -5.681099277828633376e+01 1.387101148130079342e-02 9.988999151811267518e-01 -4.479276303987110575e-02 -5.905214308334215900e+00 8.014237948313697180e-01 1.568152576332456152e-02 5.978558193036744850e-01 8.798337126701730426e+01
5.879927495158736583e-01 -4.566497621009983632e-02 -8.075363861629268891e-01 -5.781692161808613406e+01 1.319856085825504149e-02 9.988143131194401336e-01 -4.685903526156712240e-02 -5.973765386776507924e+00 8.087183900393041247e-01 1.690067373727840647e-02 5.878976678753979890e-01 8.871103680069252562e+01
5.781527781077280270e-01 -4.653869460879529046e-02 -8.147122124498216156e-01 -5.884118914669608102e+01 1.678388818391986920e-02 9.988392608906560000e-01 -4.515148402978830938e-02 -6.051260275159651592e+00 8.158679404443550665e-01 1.243361018954052162e-02 5.782625038292223962e-01 8.943902423604767193e+01
5.673370264857942047e-01 -4.650289438271593134e-02 -8.220964001192105908e-01 -5.987488875489625428e+01 1.894086873745847235e-02 9.988770930108664681e-01 -4.344610845290094309e-02 -6.121111047407322481e+00 8.231925494915387498e-01 9.085124977848944156e-03 5.675806650492378758e-01 9.014700123714521851e+01
5.568163876098909393e-01 -4.792787996249711635e-02 -8.292104862207840821e-01 -6.092441199248813177e+01 1.984997068935213591e-02 9.988165350288167321e-01 -4.440264391950774631e-02 -6.189745524309206992e+00 8.303571392247179883e-01 8.263834222247029224e-03 5.571089053260751545e-01 9.083055866864039274e+01
5.467097813287223884e-01 -4.835248768286636717e-02 -8.358878634062167912e-01 -6.197302243236489971e+01 1.838470160002709380e-02 9.987836096794328045e-01 -4.574658153758019014e-02 -6.263768617203010258e+00 8.370833758839696381e-01 9.638670603620046531e-03 5.469337435056998986e-01 9.151360902350121762e+01
5.360457698346724476e-01 -4.795158839871452305e-02 -8.426791990805243548e-01 -6.304624515060556433e+01 1.695474813107554837e-02 9.987954452760070545e-01 -4.604331351311533038e-02 -6.336677321631255744e+00 8.438719951523114826e-01 1.038878392621737749e-02 5.362133031121294469e-01 9.218491601875501829e+01
5.275546591339531632e-01 -4.909053706749145346e-02 -8.482855602941042905e-01 -6.412183104260265054e+01 1.607541425075451058e-02 9.987269139817485097e-01 -4.779671766644299352e-02 -6.409122205319109256e+00 8.495531309713941770e-01 1.157383912932487963e-02 5.276723725210477056e-01 9.284501566158083108e+01
