1.0 0.0 0.0 0.0 0.0 1.0 0.0 0.0 0.0 0.0 1.0 0.0
0.99993587 0.0112476675 0.0013108357 0.30285645 -0.011243706 0.9999323 -0.0029919553 -0.0107421875 -0.0013444043 0.0029770262 0.99999464 0.00048828125
0.9998054 0.019658737 0.0016647578 0.58496094 -0.019649297 0.9997918 -0.005510278 -0.026733398 -0.0017727168 0.0054765036 0.99998343 0.008300781
0.9997858 0.02068744 0.00045684277 0.8927002 -0.020683432 0.9997578 -0.0075037293 -0.03137207 -0.00061201834 0.007492669 0.99997175 0.014404297
0.9998133 0.019278081 -0.0012301168 1.1994629 -0.019287875 0.9997776 -0.008520106 -0.03857422 0.0010656043 0.008542253 0.999963 0.008056641
0.99991876 0.012468016 -0.002658606 1.515625 -0.012497732 0.9998561 -0.011472729 -0.04711914 0.002515193 0.011505011 0.9999306 0.013061523
0.9999918 -0.00016659067 -0.004056343 1.8364258 0.00011459796 0.9999179 -0.012810349 -0.043945312 0.004058143 0.0128097795 0.9999097 0.021850586
0.99985003 -0.016812265 -0.0041688527 2.1663818 0.016759 0.9997814 -0.01249805 -0.026977539 0.0043780976 0.012426338 0.99991316 0.018310547
0.9993719 -0.035138804 -0.004583055 2.5083008 0.035098404 0.9993467 -0.008615624 0.0015869141 0.0048827995 0.008449338 0.9999524 0.025024414
0.99845773 -0.05520815 -0.0057918425 2.8619385 0.055180307 0.9984642 -0.004862467 0.038085938 0.0060513676 0.004535322 0.9999714 0.030151367
0.99723196 -0.074121065 -0.005927485 3.2236328 0.0741001 0.99724436 -0.003680651 0.07836914 0.0061839945 0.0032312816 0.9999757 0.02709961
0.9954713 -0.094923764 -0.005431888 3.607544 0.09489609 0.9954755 -0.005145259 0.12609863 0.00589558 0.0046065506 0.999972 0.03149414
0.99334943 -0.11503253 -0.004355273 3.9918213 0.1150041 0.99334234 -0.0062962715 0.17626953 0.005050695 0.005753385 0.9999707 0.0357666
0.9912839 -0.13166405 -0.003928151 4.3929443 0.13163352 0.9912694 -0.007218729 0.24121094 0.0048445533 0.0066385837 0.9999662 0.03967285
0.98892343 -0.14835557 -0.0029449295 4.8099365 0.14834192 0.98892003 -0.004408787 0.31518555 0.003566496 0.0039230287 0.99998593 0.043823242
0.98688143 -0.16139713 -0.0038094614 5.2315674 0.16138121 0.98688257 -0.0041733515 0.39770508 0.0044330284 0.0035037657 0.999984 0.049438477
0.98475254 -0.17389289 -0.0043774988 5.671753 0.17386706 0.9847502 -0.005715453 0.48181152 0.005304757 0.004867104 0.9999741 0.057250977
0.9829488 -0.18376373 -0.0053055184 6.1220703 0.18371873 0.982939 -0.007996134 0.5678711 0.006684808 0.0068847467 0.9999539 0.06542969
0.98166996 -0.19043922 -0.007750489 6.5825195 0.19038612 0.9816852 -0.0070987483 0.6561279 0.008960314 0.0054927007 0.99994475 0.06933594
0.9801625 -0.19794223 -0.0096893115 7.0614014 0.19787179 0.98019385 -0.0077661374 0.7648926 0.011034652 0.0056946315 0.9999229 0.0670166
0.97850657 -0.20580824 -0.01245063 7.548706 0.20571464 0.97856945 -0.00839487 0.86743164 0.013912006 0.0056528645 0.9998872 0.07434082
0.9765684 -0.21481703 -0.013114996 8.051025 0.21466397 0.9766145 -0.012152433 0.9790039 0.0154188555 0.009052604 0.9998401 0.080444336
0.97499144 -0.22189412 -0.013001743 8.57019 0.22164403 0.97496367 -0.018281799 1.0926514 0.01673181 0.014943292 0.99974835 0.0982666
0.97315335 -0.22964488 -0.015140591 9.095581 0.22935547 0.97315985 -0.018700382 1.213623 0.019027973 0.014724848 0.9997105 0.11682129
0.9707112 -0.23933347 -0.02092855 9.629761 0.23904051 0.9708842 -0.015563769 1.3665771 0.024044666 0.010105498 0.99965984 0.11303711
0.96911275 -0.24536985 -0.024508756 10.176147 0.24511966 0.9694015 -0.012785267 1.517456 0.02689632 0.006382582 0.9996179 0.12817383
0.9664389 -0.25564063 -0.02617318 10.738647 0.2553044 0.96675724 -0.015524298 1.6661377 0.029271118 0.00832426 0.9995369 0.14526367
0.96417093 -0.26394278 -0.026951673 11.311157 0.26354843 0.96449995 -0.017328013 1.8256836 0.030567577 0.009604881 0.9994865 0.17333984
0.96209675 -0.2710414 -0.030221444 11.895386 0.2706363 0.9625376 -0.016850738 1.9929199 0.033657316 0.008034715 0.9994012 0.19006348
0.95952946 -0.27949914 -0.033942454 12.486694 0.27909195 0.9601104 -0.0162928 2.182495 0.037142094 0.0061555696 0.99929065 0.20788574
0.95731145 -0.28647175 -0.038764466 13.088745 0.2859698 0.9580763 -0.018049372 2.364624 0.042308137 0.0061922586 0.99908507 0.23400879
0.955361 -0.29182038 -0.046440333 13.703735 0.2912544 0.95647967 -0.018667316 2.562622 0.049865726 0.004308981 0.9987464 0.2672119
0.9535675 -0.29619858 -0.054321434 14.330688 0.29558915 0.955111 -0.019117977 2.7677002 0.057546005 0.0021715555 0.9983405 0.29663086
0.952068 -0.29909834 -0.06387533 14.964233 0.29847878 0.9542066 -0.01925678 2.9785156 0.06671159 -0.0007285848 0.99777347 0.33581543
0.9498604 -0.30385253 -0.073465735 15.614502 0.30322984 0.9526904 -0.019758789 3.1971436 0.07599585 -0.0035131364 0.9971022 0.37634277
0.9482021 -0.30715254 -0.08132842 16.27478 0.30670705 0.951653 -0.018225962 3.4196777 0.08299241 -0.0076576644 0.9965203 0.4267578
0.94585925 -0.31225485 -0.088567846 16.941895 0.31191897 0.9499376 -0.017966703 3.6497803 0.08974344 -0.010633603 0.9959078 0.48583984
0.9438513 -0.31610748 -0.095949575 17.612793 0.31612968 0.9485838 -0.015374961 3.890503 0.09587634 -0.015823111 0.99526745 0.5505371
0.94214576 -0.31955326 -0.10151321 18.303467 0.31985572 0.9473983 -0.013720284 4.1417236 0.10055651 -0.019536551 0.9947387 0.616333
0.939466 -0.32557034 -0.1065031 19.001465 0.32624435 0.945183 -0.011533162 4.3859863 0.10442005 -0.023927383 0.9942434 0.6899414
0.9381022 -0.32908022 -0.10820013 19.710205 0.33000204 0.9439476 -0.009783238 4.6593018 0.10535541 -0.026519028 0.99408233 0.76452637
0.93559885 -0.33620837 -0.108030885 20.438599 0.33714905 0.9414261 -0.009982619 4.9230957 0.10505894 -0.027074937 0.99409723 0.8515625
0.9335909 -0.34206834 -0.106736735 21.166992 0.34302136 0.9392748 -0.009883655 5.198242 0.10363366 -0.027390871 0.9942366 0.9301758
0.9317603 -0.34776014 -0.10420798 21.906738 0.3486847 0.9371737 -0.009803379 5.4823 0.101070516 -0.02720264 0.9945081 1.0157471
0.9294452 -0.35486513 -0.10088898 22.644653 0.35579714 0.9345043 -0.009209324 5.774536 0.097550355 -0.027337562 0.99485576 1.098877
0.925321 -0.3666426 -0.0966413 23.415161 0.36771527 0.92990285 -0.007111392 6.086914 0.0924754 -0.028956978 0.9952942 1.1723633
0.92291945 -0.3739065 -0.091709495 24.165771 0.37511027 0.92696977 -0.0043943115 6.400879 0.08665519 -0.030352028 0.99577457 1.255249
0.91954494 -0.3826717 -0.089306764 24.93335 0.38404238 0.9233022 -0.0019901283 6.7265625 0.08321599 -0.032476537 0.99600065 1.3256836
0.9163959 -0.39046317 -0.088105895 25.697876 0.39192107 0.91999906 -0.0008021854 7.06604 0.08137372 -0.03378558 0.9961132 1.4002686
0.91242987 -0.3996915 -0.088042706 26.470825 0.40129513 0.9159674 0.0005624448 7.406494 0.08041914 -0.03584333 0.996116 1.4753418
0.9090859 -0.40759036 -0.08650574 27.249146 0.4091885 0.9124772 0.00082017295 7.7648926 0.07860104 -0.036137827 0.9962511 1.5428467
0.90571314 -0.41535622 -0.08519805 28.040405 0.41699824 0.908957 0.0016450947 8.134644 0.07675918 -0.03700048 0.9963643 1.6103516
0.9021952 -0.42331928 -0.08309046 28.833862 0.42484918 0.90529644 0.00081335753 8.513184 0.0748772 -0.036028102 0.9965419 1.6838379
0.8986634 -0.43150812 -0.07895742 29.6333 0.432925 0.90144557 0.0009243763 8.901001 0.07077789 -0.035009686 0.99687785 1.7456055
0.8958959 -0.43801883 -0.07420941 30.45581 0.43948662 0.8982389 0.00389031 9.305664 0.06495382 -0.036099263 0.99723524 1.8122559
0.8924706 -0.4458533 -0.068591595 31.267456 0.44701284 0.8945228 0.0017456277 9.716919 0.060576692 -0.032222524 0.9976429 1.8826904
0.8885011 -0.4539467 -0.06715713 32.09253 0.45509544 0.8904468 0.0020449567 10.14978 0.058871042 -0.032377172 0.99774057 1.9406738
0.88620216 -0.45870835 -0.06550045 32.929688 0.4598297 0.8880356 0.0023319123 10.584961 0.057098374 -0.032173984 0.99785084 1.9960938
0.88327056 -0.46453768 -0.0630602 33.763428 0.46558866 0.88496363 0.0022499799 11.029663 0.054762613 -0.031351965 0.99800724 2.048706
0.87983346 -0.47126907 -0.061216228 34.61548 0.47223487 0.8814431 0.0014840448 11.486694 0.05325601 -0.030221019 0.9981229 2.1038818
0.8773722 -0.47586587 -0.06099835 35.47046 0.47672442 0.8790242 -0.00054197083 11.954956 0.053877138 -0.028602945 0.99813825 2.1610107
0.87633944 -0.47782072 -0.061077237 36.33557 0.47865877 0.8780079 -0.0010244776 12.435059 0.054118123 -0.02833379 0.9981328 2.2165527
0.87510264 -0.47997934 -0.061663125 37.213013 0.48085696 0.87679154 -0.00068848464 12.93103 0.054397047 -0.029049598 0.9980967 2.2683105
0.87478447 -0.48066282 -0.060052425 38.101685 0.48154074 0.876361 0.00016755937 13.425293 0.052548233 -0.029069455 0.9981954 2.3238525
0.8740683 -0.48226693 -0.058773205 39.005127 0.48312286 0.87557095 0.00039795623 13.930908 0.051265977 -0.028745528 0.9982706 2.380005
0.87388813 -0.48277083 -0.057233427 39.916138 0.4835062 0.8753536 -0.0011375268 14.450195 0.050646037 -0.0266742 0.9983604 2.4320068
0.8741891 -0.4822176 -0.05681973 40.838135 0.48284802 0.87568194 -0.0029669795 14.959717 0.051187366 -0.02484878 0.99837947 2.4886475
0.8730248 -0.48425704 -0.056522068 41.772095 0.48479947 0.8745404 -0.004609057 15.488525 0.05166206 -0.023389462 0.99839014 2.5498047
0.8719717 -0.4864406 -0.054545358 42.70276 0.4869563 0.87337804 -0.004294495 16.009766 0.04973002 -0.02282032 0.99850196 2.6020508
0.8692129 -0.49182487 -0.05035995 43.639893 0.49223983 0.87042385 -0.004666359 16.549072 0.046127323 -0.020737082 0.99871993 2.661499
0.8670568 -0.49625677 -0.045820825 44.57007 0.49660066 0.8680591 -0.0043429583 17.084473 0.04193073 -0.018979918 0.99894035 2.72583
0.8640261 -0.50174147 -0.042666167 45.499023 0.50198656 0.8649188 -0.0055360687 17.626831 0.039679512 -0.016628401 0.9990741 2.777588
0.85829383 -0.5112873 -0.04404869 46.420288 0.51143277 0.859292 -0.008749002 18.174438 0.042325716 -0.015014462 0.9989913 2.8319092
0.85344017 -0.5190999 -0.04676219 47.335205 0.51918536 0.85459435 -0.011253618 18.732056 0.045803387 -0.014672556 0.9988426 2.8909912
0.8462917 -0.53073555 -0.045669965 48.25122 0.53079975 0.84740144 -0.01171567 19.309814 0.04491742 -0.014321193 0.99888843 2.9404297
0.8410722 -0.53932 -0.041452162 49.15674 0.5394643 0.84195703 -0.008581788 19.902954 0.03952752 -0.015144284 0.99910355 2.9907227
0.8365153 -0.5464966 -0.038784597 50.06128 0.54672474 0.8372477 -0.0054010097 20.501587 0.03542365 -0.016690394 0.9992328 3.0462646
0.83238864 -0.5527863 -0.040727526 50.955566 0.55308187 0.8331756 -0.004636852 21.100098 0.036495477 -0.01866264 0.99915946 3.095581
0.8287781 -0.5577553 -0.045171253 51.83838 0.55804026 0.82978505 -0.00720069 21.716187 0.04150162 -0.01923663 0.99895346 3.140747
0.82614684 -0.5611873 -0.05210489 52.725586 0.5615569 0.827493 -0.008636577 22.31897 0.047959283 -0.022117626 0.9986041 3.199585
0.82233465 -0.5664378 -0.05369825 53.60254 0.5668895 0.82373816 -0.007882627 22.936523 0.04869839 -0.023964355 0.9985257 3.249878
0.81933236 -0.5712054 -0.049743574 54.47632 0.5715852 0.8205408 -0.0076220282 23.554443 0.045169167 -0.022182371 0.99873316 3.321289
0.81712174 -0.5747551 -0.043899707 55.368896 0.5750792 0.81804955 -0.006112378 24.190308 0.03942594 -0.02025396 0.9990171 3.369629
0.8132225 -0.5802719 -0.042510804 56.250732 0.58068776 0.8140306 -0.0030819522 24.830322 0.036391534 -0.022185978 0.999091 3.4176025
0.8109355 -0.5833337 -0.043802865 57.10913 0.58378536 0.8117872 -0.0029788637 25.4646 0.037300568 -0.023161368 0.99903584 3.4681396
0.80728847 -0.5884763 -0.044548787 57.986816 0.58892137 0.808184 -0.003763466 26.109253 0.038218345 -0.02320218 0.9989997 3.5170898
0.8033771 -0.59375465 -0.04655303 58.85962 0.5941637 0.80440044 -0.0059949476 26.756836 0.04100473 -0.022839086 0.99889773 3.5704346
0.7998517 -0.5984334 -0.04593162 59.727295 0.59875387 0.8008903 -0.007949503 27.417603 0.04154533 -0.021143263 0.998913 3.6204834
0.7946355 -0.6054321 -0.044653326 60.59912 0.60572046 0.7956263 -0.008299716 28.088257 0.040554456 -0.02045345 0.998968 3.6696777
0.7910769 -0.61000454 -0.043772064 61.460938 0.6102987 0.79202133 -0.007843262 28.756714 0.039456427 -0.020512708 0.99901086 3.7264404
0.7856432 -0.61716 -0.044350125 62.32837 0.61739856 0.786647 -0.009735429 29.44104 0.040895846 -0.019732296 0.9989683 3.7803955
0.77984434 -0.6242046 -0.04483019 63.18506 0.6244485 0.780872 -0.010071319 30.13501 0.04129292 -0.020145584 0.9989439 3.8323975
0.77527535 -0.6301402 -0.044775132 64.03882 0.6303124 0.77633625 -0.011936887 30.832764 0.04228168 -0.018969143 0.99892527 3.8843994
0.7693247 -0.6373573 -0.04528286 64.89282 0.6375016 0.770427 -0.013051236 31.547607 0.043202486 -0.01882873 0.9988883 3.9370117
0.76364535 -0.6441889 -0.045123395 65.73682 0.6442492 0.7647775 -0.015130639 32.262695 0.04425393 -0.017515896 0.9988663 3.991211
0.7569326 -0.65202725 -0.0441992 66.58252 0.65204537 0.758038 -0.015998695 32.99536 0.043931402 -0.016708381 0.9988945 4.0448
0.7510028 -0.6589882 -0.042818736 67.42529 0.6589438 0.75206655 -0.01714082 33.73401 0.043495007 -0.015344018 0.9989354 4.1002197
0.74641865 -0.6642858 -0.040768754 68.26294 0.66419226 0.74740374 -0.01776544 34.48645 0.04226573 -0.013819416 0.99901044 4.159912
0.7380291 -0.67370945 -0.04036321 69.09448 0.6735644 0.7390165 -0.019131098 35.24707 0.04271551 -0.013061389 0.999002 4.2139893
0.7330237 -0.6790069 -0.041044094 69.92847 0.67882305 0.73405844 -0.02040124 36.02539 0.04397973 -0.012907223 0.99894893 4.2755127
0.7272997 -0.6852103 -0.040688556 70.752686 0.68498564 0.72833335 -0.02142324 36.811523 0.0443091 -0.01228608 0.99894226 4.3271484
0.72154266 -0.6911611 -0.04046519 71.57422 0.6909843 0.7225557 -0.02046064 37.601074 0.04337977 -0.013196226 0.99897164 4.395508
0.71718705 -0.695697 -0.04006277 72.40161 0.695526 0.7181819 -0.02034742 38.39746 0.042929344 -0.013264056 0.99899054 4.4578857
0.7116347 -0.701375 -0.04049823 73.21167 0.70117974 0.71266204 -0.021224972 39.22058 0.043748986 -0.013291932 0.9989542 4.5112305
0.70633334 -0.7065875 -0.042382795 74.03027 0.7063465 0.7074706 -0.02297738 40.043945 0.046224203 -0.013703959 0.9988374 4.5718994
0.70224506 -0.71065646 -0.044915773 74.84595 0.71035576 0.7035349 -0.025108147 40.861816 0.04944206 -0.014261677 0.9986756 4.6329346
0.69712734 -0.7154922 -0.045315534 75.65723 0.715174 0.6984494 -0.025757683 41.705933 0.050083272 -0.014457063 0.9986403 4.6973877
0.6914735 -0.7211773 -0.04422577 76.44824 0.7208593 0.6927423 -0.025647298 42.56421 0.049133964 -0.014144828 0.998692 4.7506104
0.6875735 -0.72494334 -0.04133742 77.267334 0.72458833 0.68870634 -0.025775515 43.42102 0.047148664 -0.01222983 0.9988128 4.815796
0.68195707 -0.7302254 -0.041529793 78.073 0.7298579 0.6831076 -0.026270393 44.286133 0.047552336 -0.012390399 0.9987921 4.88501
0.67883176 -0.73318183 -0.04123004 78.880615 0.73274195 0.67998844 -0.027803455 45.166016 0.048419803 -0.01133883 0.9987625 4.9486084
0.6741783 -0.7375592 -0.03990242 79.68262 0.7370717 0.6752825 -0.02864939 46.04492 0.04807257 -0.01009017 0.99879295 5.013794
0.66947246 -0.7418549 -0.038618274 80.48071 0.7412847 0.67053294 -0.030256823 46.93811 0.048342474 -0.008367373 0.998796 5.074585
0.66654545 -0.74442434 -0.036670346 81.28589 0.7437565 0.66752744 -0.032073542 47.833008 0.048359446 -0.005903942 0.9988124 5.1418457
0.6620556 -0.74851 -0.037025534 82.08081 0.74762106 0.66308075 -0.036628567 48.737305 0.051970597 -0.0034253956 0.9986431 5.2059326
0.6568589 -0.75319344 -0.034555472 82.86963 0.75209063 0.6577667 -0.040752735 49.645996 0.053424835 0.00078130513 0.9985717 5.27124
0.6512914 -0.7581666 -0.030252658 83.66089 0.75682724 0.65195775 -0.045551814 50.56299 0.05426866 0.006778001 0.99850404 5.3409424
0.6435869 -0.76491547 -0.027137287 84.446045 0.7634098 0.6440655 -0.049196742 51.495605 0.05511537 0.01094517 0.99842006 5.416748
0.6356864 -0.7717315 -0.022467237 85.23657 0.77023065 0.63591456 -0.05029204 52.428955 0.053087596 0.014665963 0.9984821 5.491577
0.6247214 -0.78055274 -0.019001056 86.00513 0.7791263 0.6247957 -0.04993658 53.386963 0.05084957 0.016385721 0.9985715 5.5560303
0.61541855 -0.7880356 -0.018616004 86.76294 0.786641 0.6154972 -0.049445502 54.35913 0.050429218 0.015788043 0.99860305 5.632202
0.60826176 -0.7933492 -0.020617368 87.52319 0.7919066 0.6084498 -0.049839024 55.335693 0.05208832 0.013999641 0.9985452 5.6973877
0.59805894 -0.8011855 -0.019617317 88.25391 0.7996141 0.59817326 -0.05257747 56.33008 0.05385681 0.015756767 0.99842423 5.7720947
0.5881065 -0.80847466 -0.020833973 88.98706 0.80679876 0.58828336 -0.05417058 57.331543 0.056043703 0.015048873 0.99831486 5.8432617
0.5784897 -0.8156374 -0.016363576 89.72095 0.8139813 0.5784222 -0.05517854 58.35132 0.054463092 0.018604174 0.99834263 5.9248047
0.5678191 -0.8229754 -0.013004599 90.43506 0.8213782 0.5675894 -0.055284265 59.380615 0.052890643 0.020724306 0.99838626 5.9989014
0.5573592 -0.83014095 -0.012176223 91.12451 0.8284743 0.5570737 -0.056840945 60.42578 0.053973444 0.021593956 0.9983089 6.071167
0.54718417 -0.83686566 -0.013540301 91.81323 0.83513737 0.54698306 -0.057387255 61.470215 0.055434093 0.020088833 0.9982599 6.1486816
0.53646123 -0.8436576 -0.014274802 92.49048 0.8419281 0.536328 -0.057114903 62.539307 0.05585244 0.018616447 0.99826527 6.225708
0.5279242 -0.84933496 -0.015452834 93.15576 0.84751236 0.52785385 -0.058355615 63.611084 0.05770412 0.017703045 0.9981759 6.30188
0.5172695 -0.85554326 -0.015254822 93.812256 0.8537548 0.5172187 -0.057814 64.704346 0.057366073 0.016885294 0.9982108 6.388672
0.5079763 -0.86144495 -0.014452155 94.45557 0.8597684 0.50792825 -0.056057923 65.79297 0.0556232 0.016050568 0.9983226 6.465088
0.5003651 -0.86577094 -0.011106282 95.09277 0.8642102 0.50016844 -0.054955605 66.89844 0.05313089 0.017894147 0.998427 6.541992
0.49283624 -0.87019736 -0.010583108 95.72217 0.8686486 0.49262705 -0.054874923 68.021484 0.05295339 0.017843394 0.998437 6.619629
0.48373088 -0.8751827 -0.00994609 96.33911 0.8734779 0.48344606 -0.057920348 69.134766 0.055509437 0.019337326 0.99827147 6.699463
0.47851777 -0.87790704 -0.0083073005 96.960205 0.87602305 0.47807357 -0.06164066 70.25098 0.05809477 0.022227006 0.9980642 6.776123
0.47323614 -0.88078666 -0.008457202 97.56738 0.8787336 0.47275156 -0.06436504 71.38989 0.060695708 0.023020666 0.9978905 6.8603516
0.46893832 -0.8833048 -0.007681765 98.17822 0.8810123 0.468317 -0.06844588 72.51538 0.064052165 0.025320513 0.9976248 6.9504395
0.4637725 -0.88605094 -0.0043499814 98.76758 0.8838009 0.46293396 -0.069126695 73.64429 0.06325314 0.028217886 0.9975987 7.043701
0.45865247 -0.88875425 -0.00036905106 99.35205 0.8867636 0.45765376 -0.06670057 74.7793 0.0594336 0.030250244 0.9977728 7.1292725
0.45603582 -0.8900148 0.0052376813 99.94653 0.8882642 0.45475313 -0.06563092 75.923584 0.056028146 0.03456872 0.9978298 7.2215576
0.4505585 -0.89268744 0.007469504 100.520996 0.8910676 0.44920012 -0.06455077 77.05835 0.054281604 0.03574331 0.99788594 7.3066406
0.44854754 -0.89363253 0.009307041 101.086426 0.8920785 0.44709635 -0.064516306 78.19458 0.053486384 0.037239008 0.99787384 7.38855
0.4478628 -0.89408517 0.012075973 101.65503 0.892697 0.44631195 -0.06333505 79.32324 0.051240467 0.039137255 0.9979187 7.467407
0.44408095 -0.89590716 0.014952281 102.2063 0.8946905 0.44244313 -0.062065005 80.4458 0.048984602 0.040915783 0.99795973 7.54126
0.44258887 -0.8965952 0.016882783 102.761475 0.8954455 0.44084778 -0.062317535 81.5542 0.048428584 0.04269984 0.99791366 7.6223145
0.44109356 -0.89729637 0.019174838 103.29956 0.8962111 0.4392133 -0.06300148 82.65747 0.04810964 0.044976544 0.9978291 7.694336
0.43908364 -0.8982365 0.02351601 103.84473 0.89738 0.43703285 -0.062348943 83.764404 0.045715656 0.048470505 0.99777764 7.7661133
0.43655518 -0.8992043 0.026953876 104.37891 0.89854217 0.4343834 -0.061724197 84.86865 0.043794964 0.051178377 0.9977296 7.838623
0.4350266 -0.90010196 0.02812349 104.899414 0.8994366 0.43273348 -0.06308395 85.94458 0.04459859 0.05274648 0.99761236 7.911377
0.4339948 -0.9004401 0.029372202 105.41455 0.899828 0.43163478 -0.063320585 87.013916 0.04432373 0.053918235 0.997562 7.978882
0.4339752 -0.90058744 0.027868222 105.93164 0.8998332 0.4316117 -0.06463734 88.0813 0.046183646 0.053107064 0.997519 8.054077
0.43396592 -0.9005088 0.027510539 106.42285 0.89968944 0.43156457 -0.06565897 89.12305 0.047256634 0.0532534 0.9974627 8.123901
0.43756464 -0.89897555 0.025620447 106.91333 0.89812666 0.43531623 -0.064386345 90.16846 0.046710975 0.05118796 0.99759674 8.196411
0.4400887 -0.8978022 0.02254017 107.411865 0.89678174 0.43795902 -0.06487199 91.20654 0.04837028 0.048761163 0.99763846 8.265259
0.4451713 -0.8951675 0.020665763 107.90527 0.8940523 0.4431115 -0.06520078 92.22095 0.049215667 0.047497485 0.9976578 8.331299
0.4520266 -0.8918092 0.019408772 108.41431 0.8906769 0.4500472 -0.06464842 93.24072 0.048907537 0.04648848 0.99771965 8.400879
0.45809844 -0.88874394 0.018162142 108.91943 0.8876434 0.45624277 -0.06308627 94.250244 0.047778733 0.045002997 0.99784255 8.467529
0.46540272 -0.8850062 0.016873345 109.43994 0.8838796 0.46361312 -0.062773 95.24536 0.04772599 0.04413385 0.9978854 8.533569
0.47490117 -0.87972856 0.016859686 109.96265 0.8786569 0.47313362 -0.06201714 96.237305 0.046589993 0.044284992 0.997933 8.598389
0.48403364 -0.8750646 0.0154951885 110.4895 0.87398183 0.48234913 -0.061324414 97.20972 0.046177555 0.0432124 0.9979975 8.6640625
0.49430603 -0.86922264 0.013357669 111.03711 0.8680488 0.4926896 -0.061753277 98.17749 0.047087397 0.04212106 0.99800247 8.730591
0.50442904 -0.8634436 0.009573984 111.578125 0.86206186 0.50292057 -0.06319979 99.12988 0.049759902 0.040132184 0.9979545 8.794189
0.51516384 -0.85723203 0.0058312975 112.132324 0.85570985 0.5138176 -0.06345111 100.07471 0.05138353 0.037672143 0.9979679 8.859131
0.5284349 -0.8490089 0.0030634273 112.703125 0.8475201 0.52728754 -0.061204787 101.021484 0.05034537 0.03493681 0.9981205 8.921631
0.53925955 -0.8420813 0.0024852827 113.28027 0.8407403 0.538229 -0.058083937 101.94385 0.047576074 0.033419013 0.99830884 8.988892
0.5529603 -0.83317786 0.002926643 113.88013 0.83193684 0.5519377 -0.05661354 102.86597 0.04555264 0.033742893 0.9983921 9.050293
0.564595 -0.82527804 0.0017421525 114.488525 0.8240692 0.5636517 -0.055321425 103.76538 0.044681586 0.032664 0.99846673 9.112793
0.5753942 -0.8178982 0.0006531412 115.09619 0.81665164 0.5744731 -0.055649344 104.64673 0.045135763 0.0325512 0.9984502 9.172485
0.5864796 -0.80987746 -0.0014420886 115.72656 0.8085651 0.5856286 -0.05588984 105.52246 0.046115614 0.031612433 0.9984358 9.227295
0.5970447 -0.80215687 9.18248e-05 116.34985 0.8008212 0.59604347 -0.057758465 106.35596 0.046281554 0.034565177 0.99833065 9.292358
0.6085388 -0.79354167 -0.00055546354 116.98657 0.79221153 0.6075583 -0.05746129 107.198 0.04593984 0.03453303 0.99834734 9.362915
0.61968553 -0.78491646 -0.00020351214 117.631836 0.7836934 0.61873454 -0.05564734 108.028076 0.043796748 0.034322567 0.9984507 9.417236
0.6285976 -0.77771604 0.0013310586 118.26514 0.7766602 0.6276534 -0.05319901 108.836426 0.040531382 0.03447549 0.99858344 9.471802
0.63944924 -0.76889604 0.0010697973 118.92383 0.7679017 0.6385502 -0.051746808 109.63086 0.039103456 0.03391276 0.9986596 9.530884
0.64864814 -0.7611549 -0.0020110656 119.56128 0.7601381 0.64791375 -0.05003818 110.40552 0.039379757 0.03093209 0.9987457 9.585693
0.6573215 -0.7535841 -0.004382558 120.21216 0.752519 0.6566814 -0.0496554 111.17041 0.040288515 0.029342458 0.99875736 9.6241455
0.6677281 -0.74443364 -0.0050835786 120.886475 0.7433942 0.66712886 -0.04869899 111.921875 0.039645113 0.028733665 0.9988003 9.687012
0.675856 -0.73703784 -0.005095997 121.53882 0.73612505 0.6753338 -0.045564767 112.65161 0.03702508 0.02704688 0.9989484 9.738403
0.6846478 -0.72878635 -0.0040554274 122.20557 0.72794026 0.68410176 -0.044691674 113.38672 0.035344888 0.027648458 0.99899286 9.787476
0.6927441 -0.72113353 -0.0032546548 122.90039 0.7203443 0.6921847 -0.043853916 114.0791 0.03387837 0.028028017 0.9990325 9.836304
0.7005065 -0.713534 -0.004959018 123.55664 0.7127408 0.70002526 -0.04277229 114.757324 0.034001045 0.026428165 0.9990723 9.880249
0.70819247 -0.7060209 -0.005148881 124.23877 0.70524263 0.7077208 -0.04234672 115.45361 0.0335366 0.026358975 0.9990899 9.930786
0.71434593 -0.69967926 -0.0043677273 124.903564 0.69904345 0.71393806 -0.03860832 116.11987 0.03014036 0.024523389 0.9992446 9.968018
0.72114635 -0.6926501 -0.0038860245 125.57764 0.6920997 0.7207765 -0.03620574 116.77734 0.027882438 0.023421794 0.9993369 10.011108
0.7296632 -0.6836939 -0.003158444 126.26074 0.6832187 0.7293145 -0.034177702 117.41504 0.025676485 0.022775687 0.99941057 10.050659
0.73731816 -0.6755653 -0.003524111 126.92261 0.67511 0.73699445 -0.033230297 118.03174 0.02504712 0.022123352 0.9994413 10.091797
0.7443326 -0.6677249 -0.0049723294 127.58765 0.667322 0.7441069 -0.029968867 118.64502 0.023714205 0.01898389 0.99953824 10.120728
0.75352556 -0.65734863 -0.0036981166 128.26758 0.6570421 0.753325 -0.026808547 119.23706 0.020409476 0.017772881 0.99963367 10.157349
0.76338255 -0.6458064 -0.0022840872 128.92578 0.6455814 0.76320136 -0.0239236 119.81079 0.017195288 0.016788077 0.9997111 10.18457
0.7731783 -0.63425 -0.0033804984 129.61255 0.6340507 0.77304983 -0.021501485 120.381836 0.01624877 0.014484325 0.9997631 10.216431
0.78227246 -0.62282544 -0.0046390975 130.27173 0.62262213 0.7821719 -0.020781357 120.923096 0.016572166 0.013367855 0.99977326 10.239746
0.79210943 -0.61029506 -0.006735539 130.9458 0.6100516 0.7920316 -0.021573186 121.44824 0.01850353 0.012979563 0.9997445 10.269409
0.8019143 -0.59728545 -0.006038934 131.63965 0.59706926 0.8018326 -0.020627556 121.971436 0.017166454 0.012934766 0.9997689 10.29248
0.81088245 -0.5850586 -0.0055081043 132.31787 0.58487827 0.8108107 -0.018912137 122.48682 0.015532242 0.012112875 0.9998059 10.311768
0.82112247 -0.5709038 -0.0034392143 133.02563 0.5707904 0.821055 -0.015858687 122.97388 0.011877354 0.011059039 0.99986815 10.332642
0.83021444 -0.55742455 -0.0014695348 133.72437 0.5573517 0.8301434 -0.01418814 123.44946 0.009128594 0.010960932 0.99989825 10.351074
0.83906543 -0.543875 0.00095595745 134.43774 0.54384303 0.8389942 -0.012464322 123.916504 0.00597745 0.010978747 0.999922 10.371826
0.84780836 -0.5303843 0.0028361764 135.17285 0.53037864 0.8477369 -0.011631416 124.370605 0.0037654024 0.011365075 0.99992836 10.387207
0.8539377 -0.5203411 0.0045987763 135.87329 0.520357 0.85386044 -0.011686023 124.816895 0.0021530367 0.012372801 0.99992114 10.396484
0.861488 -0.50768673 0.0047489777 136.60986 0.50770473 0.86140543 -0.012101129 125.2522 0.0020529246 0.012837181 0.9999156 10.408691
0.86783516 -0.49680793 0.0045405854 137.37183 0.49682772 0.8677793 -0.0099007655 125.68286 0.0009779823 0.010848475 0.99994075 10.421509
0.8744608 -0.4850918 0.0047137365 138.10498 0.4851147 0.8744215 -0.008296708 126.103516 -9.597745e-05 0.009540979 0.9999545 10.424683
0.8806791 -0.4736637 0.0047481325 138.86035 0.4736865 0.8806531 -0.0068392474 126.51489 -0.0009412365 0.00827173 0.99996537 10.428711
0.8857513 -0.46404392 0.0049022976 139.61694 0.46406913 0.8857196 -0.0075426158 126.92554 -0.0008416688 0.00895663 0.9999596 10.443726
0.89037305 -0.45518923 0.0040888363 140.38745 0.45520756 0.89033365 -0.008384444 127.3103 0.0001764223 0.009326621 0.99995655 10.449463
0.8959568 -0.44413158 0.0043253037 141.19409 0.44415262 0.8959183 -0.0083039375 127.69092 -0.00018574636 0.009360578 0.99995613 10.453613
0.8985012 -0.43893105 0.004362471 141.95947 0.43895248 0.89846617 -0.007959591 128.08447 -0.00042680808 0.009066389 0.9999588 10.461792
0.9021381 -0.4314735 0.0073977113 142.75024 0.43151775 0.902127 -0.0060578347 128.4773 -0.0040607974 0.008656489 0.99995434 10.472168
0.9046276 -0.42603642 0.010546114 143.5664 0.42607698 0.9046683 -0.0018449551 128.86084 -0.008754801 0.0061637536 0.9999427 10.466919
0.90798 -0.4187621 0.012515648 144.3916 0.41878682 0.90805453 0.00070092827 129.25586 -0.011658097 0.004605498 0.99992144 10.464844
0.91122687 -0.41165295 0.013526057 145.23169 0.41164416 0.9113243 0.0035575014 129.63403 -0.013791321 0.002326894 0.99990225 10.465332
0.9134947 -0.40667695 0.015141761 146.07544 0.40663943 0.91361976 0.0056172768 130.02686 -0.01611763 0.0010259384 0.9998696 10.450562
0.916714 -0.39909562 0.017674185 146.95923 0.3990388 0.916884 0.006784114 130.40234 -0.018913707 0.00083340704 0.9998208 10.438843
0.92040855 -0.39036882 0.01997606 147.83862 0.3903138 0.92062396 0.0067422083 130.77759 -0.021023238 0.0015926552 0.9997778 10.430054
0.9230234 -0.38418123 0.021799821 148.72217 0.3841353 0.92327756 0.00642013 131.16235 -0.02259401 0.0024467171 0.99974173 10.419556
0.9262896 -0.37617186 0.021772884 149.61987 0.37613326 0.92654175 0.0059974766 131.53345 -0.02242992 0.0026348776 0.99974483 10.391235
0.9303403 -0.3660815 0.022565614 150.56323 0.36609071 0.9306024 0.0038675042 131.8899 -0.022415325 0.004662243 0.9997378 10.385742
0.93422794 -0.35596743 0.021442523 151.49805 0.35600853 0.9344563 0.001998582 132.26025 -0.020748172 0.005768776 0.999768 10.369263
0.93889844 -0.34365764 0.020151569 152.44995 0.34369308 0.9391001 0.0017851554 132.6084 -0.019537678 0.0052493736 0.99979526 10.356812
0.94310296 -0.3319927 0.018788474 153.42798 0.33197972 0.9432866 0.0038953205 132.96826 -0.01901579 0.0025643036 0.9998158 10.336792
0.94889295 -0.31504792 0.018938072 154.41772 0.31495726 0.94908094 0.007669125 133.31616 -0.020390209 -0.0013128289 0.99979126 10.320557
0.9547067 -0.29678565 0.020567592 155.43262 0.29660887 0.9549172 0.011239367 133.61963 -0.02297677 -0.004627877 0.99972516 10.303833
0.9606481 -0.27692455 0.02187089 156.45288 0.27665478 0.9608641 0.014579923 133.93848 -0.025052886 -0.007955743 0.9996545 10.282471
0.9665147 -0.2554646 0.023156006 157.48853 0.25512725 0.96673906 0.016558869 134.23218 -0.026618468 -0.010095737 0.9995948 10.270142
0.9718987 -0.23422147 0.023863595 158.55566 0.23382175 0.9721138 0.01839255 134.50977 -0.027505262 -0.012297641 0.9995462 10.240112
0.97686213 -0.2121359 0.027205242 159.62476 0.2116529 0.9771496 0.019582389 134.75366 -0.030737096 -0.013370749 0.99943805 10.223389
0.9812337 -0.19021432 0.031363808 160.7268 0.18960746 0.9816205 0.021331746 134.97021 -0.03484539 -0.014983069 0.99928045 10.18689
0.98524743 -0.1674146 0.035531502 161.8711 0.16667134 0.9857464 0.022966016 135.18408 -0.038868856 -0.016705759 0.99910486 10.16333
0.98855263 -0.1457865 0.038900204 162.96973 0.14488153 0.9891302 0.025166618 135.3623 -0.042146124 -0.019244116 0.99892646 10.118652
0.9913972 -0.124807365 0.039416783 164.10742 0.123827346 0.99195117 0.02641572 135.51978 -0.04239611 -0.021308847 0.9988743 10.084595
0.99414605 -0.10116533 0.037915513 165.27759 0.1001613 0.99458957 0.027507722 135.65454 -0.040494118 -0.023549046 0.9989022 10.041748
0.99619365 -0.07858009 0.03771846 166.45093 0.07755706 0.996598 0.027863424 135.74951 -0.039779793 -0.02483194 0.9988999 9.996826
0.99739933 -0.06007942 0.039816245 167.63916 0.059073 0.9979155 0.025988165 135.82959 -0.041294456 -0.02356844 0.9988688 9.9609375
0.99830014 -0.040302012 0.04209857 168.84082 0.039207492 0.9988793 0.02650512 135.90015 -0.043119833 -0.024809191 0.9987616 9.918823
0.9988822 -0.018340584 0.043575767 170.07422 0.017169716 0.99948525 0.02709746 135.9248 -0.044050314 -0.026319101 0.9986828 9.874512
0.99899006 0.002963065 0.044843845 171.29199 -0.0042499253 0.99958086 0.028636295 135.93091 -0.044740215 -0.02879792 0.99858385 9.825439
0.9986271 0.024000337 0.04656519 172.51611 -0.025369901 0.999256 0.029048055 135.91602 -0.04583338 -0.030189492 0.99849284 9.780518
0.99800605 0.043172818 0.04603952 173.76587 -0.044624362 0.9985232 0.03098347 135.87793 -0.044633858 -0.032976326 0.9984592 9.729858
0.9969498 0.06357928 0.04525851 175.03687 -0.0650868 0.9973453 0.032651413 135.81494 -0.043062523 -0.035497848 0.9984415 9.675171
0.9955542 0.083364606 0.043853816 176.29517 -0.08483301 0.99585706 0.03276483 135.72461 -0.040941257 -0.036339026 0.99850076 9.632202
0.99391234 0.1014697 0.04288992 177.56934 -0.10299033 0.9940696 0.034862794 135.61084 -0.039097097 -0.03906818 0.9984713 9.585449
0.9916943 0.12181303 0.041348986 178.87671 -0.12334723 0.9916834 0.036828384 135.47095 -0.036520824 -0.041622803 0.9984659 9.540527
0.98893666 0.14285289 0.039821576 180.18481 -0.14430025 0.9888658 0.03620008 135.29785 -0.034205884 -0.041547623 0.99855095 9.512817
0.98630893 0.16113988 0.03486409 181.53564 -0.16242704 0.98598516 0.03792306 135.10742 -0.028264504 -0.0430679 0.9986728 9.4678955
0.9832224 0.18007341 0.029268097 182.8601 -0.18116389 0.9826337 0.040251926 134.88623 -0.021512479 -0.04487845 0.9987607 9.446045
0.9802915 0.19594482 0.025029354 184.15991 -0.19686411 0.97952724 0.041992847 134.64062 -0.016289158 -0.04609329 0.99880457 9.417847
0.976501 0.21432082 0.022711556 185.50317 -0.21515629 0.975548 0.04492079 134.3628 -0.012530829 -0.048751753 0.9987326 9.4104
0.9724752 0.23206492 0.02091192 186.82935 -0.23281598 0.97138083 0.04706539 134.06177 -0.009390503 -0.05063882 0.99867266 9.396484
0.96816486 0.24934077 0.021905534 188.17944 -0.25011733 0.96709347 0.046529382 133.73535 -0.009582275 -0.050525695 0.9986767 9.387085
0.96340007 0.26724672 0.021334657 189.53247 -0.26796773 0.9623525 0.04567675 133.37231 -0.0083256485 -0.04972146 0.99872833 9.387085
0.9583094 0.28522256 0.017139474 190.8789 -0.28571743 0.95721877 0.0458218 132.99048 -0.0033353122 -0.048807193 0.99880236 9.394653
0.9538509 0.2998674 0.015125613 192.20093 -0.30024862 0.9526579 0.047687013 132.59204 -0.00010621641 -0.050028436 0.99874747 9.3914795
0.94820243 0.31721243 0.015646927 193.54565 -0.31759706 0.94692516 0.049220365 132.16577 0.00079610804 -0.05164214 0.99866605 9.4001465
0.94205743 0.3349883 0.016989883 194.93384 -0.33541584 0.94062394 0.051967017 131.69824 0.0014294377 -0.054655652 0.9985042 9.411743
0.93576336 0.35232502 0.015566403 196.28638 -0.3526301 0.9340954 0.05609887 131.20996 0.005219599 -0.05798415 0.99830437 9.420654
0.9287235 0.3704817 0.013107125 197.61401 -0.3706038 0.92700917 0.05712709 130.70288 0.009014884 -0.057913817 0.99828136 9.444214
0.921597 0.3879869 0.011305718 198.9939 -0.3879614 0.9198438 0.058106206 130.14551 0.012143808 -0.057935998 0.99824655 9.460083
0.91431576 0.40495148 0.0066916407 200.33252 -0.40462437 0.91261023 0.058525205 129.55615 0.017592914 -0.056216743 0.9982635 9.498291
0.9050514 0.42534244 0.0034086918 201.66016 -0.4247258 0.9032446 0.061656706 128.98584 0.023147408 -0.057249516 0.998091 9.537231
0.89593023 0.44417 0.0017445087 202.98535 -0.44334066 0.89400303 0.06472413 128.36328 0.027187949 -0.05876262 0.9979021 9.582275
0.88330823 0.46886757 0.0020255856 204.3396 -0.46792367 0.8812384 0.06740644 127.66382 0.029803593 -0.0604917 0.9977252 9.6345215
0.86921126 0.494403 0.0023508016 205.6958 -0.4932916 0.86691844 0.07129201 126.920166 0.033216007 -0.0631257 0.997452 9.69519
0.85444456 0.5195466 0.0030018664 207.02588 -0.51824534 0.85186356 0.075910434 126.17871 0.03688665 -0.06642383 0.99710953 9.75415
0.84000045 0.5426448 0.0037967144 208.2478 -0.5412092 0.8372256 0.0788708 125.417725 0.03962715 -0.06830382 0.99687576 9.828247
0.82515186 0.5649041 0.0035456554 209.52515 -0.5632985 0.8222993 0.0807742 124.58862 0.0427107 -0.068651095 0.9967267 9.897339
0.8076935 0.58956933 0.003514976 210.81738 -0.5878475 0.8048495 0.081402235 123.69678 0.04516335 -0.06781421 0.9966754 9.966919
0.7909036 0.6118768 0.00044674776 212.0542 -0.60976285 0.7881091 0.08363935 122.77466 0.050832205 -0.066428185 0.996496 10.062378
0.77474093 0.63221717 -0.0015861052 213.2229 -0.62977415 0.77196234 0.0859261 121.884766 0.055556074 -0.06557491 0.9963001 10.150635
0.75832236 0.6517324 -0.0034780307 214.38745 -0.6490067 0.75561905 0.08748939 120.934326 0.05964511 -0.0640881 0.9961611 10.240845
0.7434384 0.6687403 -0.004959128 215.5647 -0.66574895 0.7407737 0.08930818 119.92212 0.063388065 -0.06310581 0.9959939 10.349121
0.72582567 0.68786806 -0.005485148 216.71875 -0.68479216 0.7232903 0.08904576 118.86914 0.06520602 -0.06087737 0.9960138 10.45813
0.7100405 0.70414525 -0.0059717624 217.80762 -0.70094985 0.70757806 0.08951771 117.83618 0.067267925 -0.059368473 0.9959659 10.567505
0.6958662 0.71805024 -0.007880675 218.88818 -0.7146649 0.69357216 0.089997604 116.77612 0.07010086 -0.05699904 0.99591064 10.684937
0.68110317 0.73202294 -0.010406645 219.96387 -0.72833 0.6789701 0.09167512 115.653564 0.07417759 -0.05486509 0.9957354 10.805176
0.66700554 0.74492216 -0.012438943 221.00806 -0.740936 0.66499805 0.093534164 114.53931 0.07796238 -0.053168934 0.99553704 10.93335
0.649582 0.76003957 -0.013502688 222.0415 -0.75577974 0.6476405 0.09570734 113.39819 0.081497885 -0.051974293 0.9953188 11.057617
0.6343435 0.7730529 -0.01311694 223.03638 -0.7687687 0.63245344 0.0957473 112.21289 0.082314014 -0.05064437 0.9953175 11.200073
0.6182098 0.78593796 -0.010321362 224.0166 -0.78161 0.616087 0.09751967 111.03711 0.0830043 -0.05221293 0.99517965 11.341553
0.60074997 0.7994024 -0.0058110696 224.98193 -0.79519004 0.5982998 0.09841349 109.828125 0.08216443 -0.05449567 0.995127 11.484863
0.5824598 0.8128518 -0.001089883 225.91577 -0.8088205 0.5797043 0.09869564 108.57251 0.08085562 -0.05659958 0.995117 11.622559
0.56621146 0.8242611 0.0033356163 226.80322 -0.8203197 0.5630983 0.10005774 107.36328 0.08058679 -0.059401423 0.9949773 11.763428
0.5458121 0.83786887 0.0052647474 227.66309 -0.8337292 0.542468 0.10289858 106.1311 0.08336108 -0.060560632 0.9946784 11.913574
0.52900934 0.84859127 0.00844831 228.46484 -0.8442614 0.52524924 0.106605954 104.89331 0.08602415 -0.063522406 0.9942652 12.057251
0.5090728 0.86071527 0.010924139 229.24878 -0.85646653 0.5052093 0.10647032 103.63208 0.086100996 -0.063555904 0.9942572 12.207886
0.48637557 0.8734972 0.015299383 230.00513 -0.86960334 0.48238024 0.10436932 102.356445 0.08379694 -0.06406686 0.99442095 12.355957
0.46839058 0.88334906 0.01832535 230.69434 -0.8797723 0.46438098 0.10189619 101.10156 0.08149042 -0.06384537 0.99462676 12.49707
0.4463058 0.8945725 0.022231879 231.375 -0.89127076 0.44216344 0.10033415 99.805176 0.07995668 -0.0645937 0.99470294 12.640869
0.4241916 0.905314 0.023831278 232.02075 -0.902102 0.42007214 0.09924691 98.522705 0.07984743 -0.06360392 0.9947765 12.775391
0.40427554 0.9142597 0.024902508 232.61133 -0.91110307 0.40020406 0.09827163 97.239746 0.079878695 -0.06241161 0.9948483 12.91333
0.3851458 0.922514 0.025119513 233.17334 -0.9193418 0.38116252 0.09760664 95.96216 0.080474235 -0.060697865 0.994908 13.047119
0.36016345 0.93262935 0.024712598 233.7168 -0.9293338 0.3563077 0.09750804 94.6626 0.082123674 -0.058072716 0.99492794 13.183228
0.3403273 0.9400176 0.024216859 234.19507 -0.93662304 0.33658916 0.09740459 93.40454 0.08340484 -0.055832088 0.9949507 13.315918
0.31795752 0.94784313 0.02374488 234.66602 -0.9445333 0.314467 0.09503604 92.09448 0.08261288 -0.05262814 0.9951898 13.454224
0.2975265 0.954406 0.023755077 235.08691 -0.95108074 0.29414332 0.094342954 90.821045 0.083048314 -0.050642725 0.9952562 13.583496
0.27735248 0.9604762 0.024804775 235.48608 -0.9567729 0.27373713 0.09853031 89.56177 0.08785112 -0.05107129 0.99482465 13.716553
0.25794876 0.9657085 0.027576838 235.85693 -0.9612937 0.2537174 0.10695562 88.293945 0.09626065 -0.054115023 0.9938849 13.858154
0.24012125 0.9702075 0.029609151 236.19019 -0.9650202 0.23533233 0.11490017 87.04443 0.10448193 -0.056196153 0.9929401 14.0061035
0.21927306 0.97503984 0.03384018 236.50415 -0.9695977 0.21393858 0.11850217 85.79785 0.10828347 -0.058800366 0.9923794 14.159302
0.19821885 0.9794162 0.037992552 236.79956 -0.9739778 0.19248046 0.1196001 84.54492 0.109826006 -0.060683586 0.992094 14.309937
0.18003212 0.98273647 0.042437408 237.05713 -0.9774921 0.17392172 0.11935697 83.296875 0.10987366 -0.06295682 0.9919476 14.469238
0.15739892 0.9863457 0.047720067 237.29712 -0.9814445 0.15090872 0.1180052 82.04907 0.10918479 -0.06541553 0.991867 14.627686
0.14125305 0.98874706 0.048946537 237.49023 -0.9839399 0.13477921 0.1169238 80.82373 0.10899279 -0.06469579 0.99193645 14.778198
0.12179309 0.99121076 0.051714767 237.66821 -0.9864967 0.11513824 0.11651116 79.59253 0.109501734 -0.06519453 0.9918446 14.925781
