1.000000000000000000e+00 1.197625024583967464e-11 1.704637999700937970e-10 5.377642775528101993e-17 1.197625118745284895e-11 1.000000000000000000e+00 3.562502984702330384e-10 0.000000000000000000e+00 1.704638000085943499e-10 3.562502988544170222e-10 1.000000000000000000e+00 1.665334536937734811e-16
9.999268000000001155e-01 -3.092410999999998470e-03 1.169425000000000152e-02 2.138868999999999493e-02 3.079219000000000660e-03 9.999946000000000668e-01 1.146026000000000293e-03 -8.456432999999985434e-03 -1.169772999999999993e-02 -1.109933000000000881e-03 9.999310000000001253e-01 2.880713999999998665e-01
9.998142999999999336e-01 -5.167712999999998259e-03 1.856600000000000264e-02 3.879026999999998782e-02 5.141246000000000357e-03 9.999857000000000884e-01 1.473071999999999533e-03 -1.513782999999999102e-02 -1.857335000000000236e-02 -1.377345000000001173e-03 9.998266000000003428e-01 5.807338000000000777e-01
9.997542000000002593e-01 -8.010200999999998045e-03 2.067128999999999842e-02 5.418065999999999854e-02 8.008308000000000440e-03 9.999679000000000206e-01 1.744435999999994016e-04 -2.008115999999998680e-02 -2.067201999999999928e-02 -8.857983000001769342e-06 9.997863000000001277e-01 8.792349000000003745e-01
9.997748000000000745e-01 -9.463066999999993414e-03 1.899365000000000428e-02 6.515083999999998765e-02 9.496345999999997525e-03 9.999535000000001617e-01 -1.662554999999998938e-03 -2.474145999999999290e-02 -1.897703000000000237e-02 1.842551000000002166e-03 9.998181999999998792e-01 1.185209999999999875e+00
9.998511000000002147e-01 -1.185842999999999620e-02 1.253962000000000306e-02 7.053236000000001615e-02 1.189536999999999713e-02 9.999251000000001222e-01 -2.875295999999999408e-03 -2.883153999999997497e-02 -1.250458999999999946e-02 3.024030999999997773e-03 9.999173000000001199e-01 1.500857000000000108e+00
9.999012000000002676e-01 -1.405064000000000139e-02 5.041622000000004497e-04 6.976838000000000484e-02 1.405302999999999761e-02 9.998881999999998937e-01 -5.094792000000003367e-03 -3.440223000000000586e-02 -4.325203999999995257e-04 5.101372999999999325e-03 9.999869000000001229e-01 1.824326000000000114e+00
9.997888000000000330e-01 -1.342619999999999925e-02 -1.555879000000000116e-02 5.785896000000001482e-02 1.334533000000000073e-02 9.998968999999999774e-01 -5.289822999999999921e-03 -4.333149999999999502e-02 1.562821000000000002e-02 5.081068999999998823e-03 9.998650000000001148e-01 2.161982999999999766e+00
9.993601999999999208e-01 -8.848874999999995633e-03 -3.465391000000000998e-02 3.493816000000000282e-02 8.679166000000000311e-03 9.999496000000001050e-01 -5.044683000000000327e-03 -5.403997999999997359e-02 3.469681000000000848e-02 4.740688000000000714e-03 9.993866000000000138e-01 2.516769000000000478e+00
9.985195999999998406e-01 -5.196825999999997274e-03 -5.414520000000000444e-02 3.415142999999993753e-03 4.866004000000000163e-03 9.999687000000000436e-01 -6.239968000000001985e-03 -6.304965999999997961e-02 5.417593000000000408e-02 5.967259999999998538e-03 9.985136000000001122e-01 2.875512000000000512e+00
9.972366000000000286e-01 -4.507957999999998543e-03 -7.415362999999998428e-02 -3.086300000000000154e-02 4.012605999999998424e-03 9.999685999999998742e-01 -6.827705000000003355e-03 -7.085384000000001514e-02 7.418209000000003384e-02 6.511287999999998757e-03 9.972235000000001515e-01 3.247151000000000565e+00
9.954564999999998554e-01 -5.949697999999998058e-03 -9.503163000000001970e-02 -7.130280999999999425e-02 5.379005999999999545e-03 9.999658999999999631e-01 -6.260341000000000863e-03 -7.742982000000001030e-02 9.506564000000002068e-02 5.720721999999998399e-03 9.954546000000000783e-01 3.630710999999999800e+00
9.933377999999999375e-01 -7.329141999999997693e-03 -1.150053000000000325e-01 -1.231302999999999981e-01 6.752021000000001279e-03 9.999626000000001458e-01 -5.406982000000001148e-03 -8.517901999999999418e-02 1.150405999999999929e-01 4.594442000000001532e-03 9.933501999999999610e-01 4.021895999999999916e+00
9.910849999999997717e-01 -6.260086999999998382e-03 -1.330839000000000050e-01 -1.931244000000000294e-01 5.657285000000000612e-03 9.999719000000001357e-01 -4.907149999999998145e-03 -9.480389999999999651e-02 1.331109000000000042e-01 4.110510000000000379e-03 9.910926000000001013e-01 4.418357000000000312e+00
9.888528000000000873e-01 -4.731324000000000293e-03 -1.488211000000000395e-01 -2.714242000000000044e-01 4.211142000000000184e-03 9.999837999999999782e-01 -3.810278000000001143e-03 -1.043553999999999732e-01 1.488367000000000440e-01 3.141097999999998853e-03 9.888568000000000913e-01 4.828312999999998745e+00
9.866848999999999759e-01 -3.759229000000000216e-03 -1.626002999999999754e-01 -3.555622999999999978e-01 3.153903000000000435e-03 9.999871000000000176e-01 -3.980763000000003479e-03 -1.137548999999999921e-01 1.626132000000000410e-01 3.414933000000001072e-03 9.866840000000000055e-01 5.248721999999999888e+00
9.845820000000000682e-01 -4.884308999999999873e-03 -1.748552999999999635e-01 -4.410341999999999318e-01 4.143075999999998142e-03 9.999808000000000030e-01 -4.603916000000001299e-03 -1.230564000000000241e-01 1.748744000000000409e-01 3.808494999999998982e-03 9.845834000000002195e-01 5.683091000000001003e+00
9.827221000000000428e-01 -8.432073000000001733e-03 -1.848951000000000067e-01 -5.276695999999999609e-01 7.289575000000002129e-03 9.999498999999999471e-01 -6.858084000000000402e-03 -1.316203000000000234e-01 1.849437000000000164e-01 5.391784000000000160e-03 9.827343000000000606e-01 6.127820000000000711e+00
9.812037000000000120e-01 -8.176022999999994073e-03 -1.928017000000000480e-01 -6.223878999999999939e-01 6.568661000000000812e-03 9.999381000000001629e-01 -8.974631000000000275e-03 -1.398922999999999695e-01 1.928631000000000650e-01 7.539492999999998675e-03 9.811967000000000327e-01 6.586939000000001876e+00
9.797396000000002658e-01 -7.236125999999998108e-03 -2.001446000000000336e-01 -7.270140000000000491e-01 5.215484999999999739e-03 9.999300000000000965e-01 -1.062133000000000001e-02 -1.495504000000000278e-01 2.002075000000000105e-01 9.362288000000001595e-03 9.797088000000000463e-01 7.057527999999999579e+00
9.780320000000001235e-01 -7.866008999999998461e-03 -2.083063000000000553e-01 -8.348052999999999724e-01 5.207469999999998767e-03 9.998979000000001172e-01 -1.330798000000000224e-02 -1.604264999999999719e-01 2.083897000000000388e-01 1.193087999999999788e-02 9.779731000000001506e-01 7.548378000000000476e+00
9.763062999999999603e-01 -1.149732999999999832e-02 -2.160875999999999908e-01 -9.419590999999998271e-01 8.487619000000001801e-03 9.998537000000000674e-01 -1.485108000000000435e-02 -1.729815999999999576e-01 2.162267000000000494e-01 1.266513000000000361e-02 9.762610000000002675e-01 8.041586999999999819e+00
9.744447000000000525e-01 -1.794208999999999735e-02 -2.239098999999999950e-01 -1.052873999999999866e+00 1.460499000000000346e-02 9.997563000000000422e-01 -1.655112000000000597e-02 -1.870513999999999233e-01 2.241524000000000016e-01 1.285794999999999820e-02 9.744692999999999827e-01 8.554975000000000662e+00
9.723895000000000177e-01 -1.882262000000000171e-02 -2.326034999999999908e-01 -1.178088999999999720e+00 1.511868000000000239e-02 9.997291000000000372e-01 -1.769655000000000533e-02 -2.016066999999999998e-01 2.328736000000000417e-01 1.369128000000000012e-02 9.724106000000000138e-01 9.075979999999999492e+00
9.703809999999998270e-01 -1.477646999999999468e-02 -2.411273000000000166e-01 -1.317953999999999848e+00 9.627660000000003160e-03 9.997000999999999804e-01 -2.251735000000000195e-02 -2.194402999999999770e-01 2.413877000000000383e-01 1.952891000000000002e-02 9.702323000000000475e-01 9.607606000000000535e+00
9.682174999999998422e-01 -1.175727000000000022e-02 -2.498331000000000579e-01 -1.461511999999999478e+00 5.410027999999999886e-03 9.996452999999999589e-01 -2.607749000000000178e-02 -2.434393999999999170e-01 2.500511000000000261e-01 2.389708000000000110e-02 9.679377000000002340e-01 1.014897999999999989e+01
9.659985000000000932e-01 -1.382598999999999113e-02 -2.581776000000000071e-01 -1.600917000000000145e+00 6.935714000000003411e-03 9.995955000000000812e-01 -2.757988999999999927e-02 -2.736564000000000219e-01 2.584544999999999759e-01 2.485148000000000565e-02 9.657037000000000537e-01 1.069971000000000139e+01
9.636099999999999666e-01 -1.701692999999998568e-02 -2.667699000000001153e-01 -1.746027999999999913e+00 9.362843000000000901e-03 9.995079000000002267e-01 -2.993753000000000386e-02 -3.017085000000000461e-01 2.671481000000000550e-01 2.635037000000001184e-02 9.632952000000002402e-01 1.126149000000000200e+01
9.613945000000001517e-01 -1.660120999999999819e-02 -2.746727000000000474e-01 -1.902902000000000093e+00 7.991665000000003696e-03 9.994419000000001052e-01 -3.243426000000000642e-02 -3.279271000000001379e-01 2.750579000000000218e-01 2.898703000000000043e-02 9.609906000000001391e-01 1.182925999999999966e+01
9.591270999999998992e-01 -1.549078999999999907e-02 -2.825514000000000081e-01 -2.073218000000000227e+00 5.603768999999998897e-03 9.993443999999999106e-01 -3.576662000000000591e-02 -3.566835999999999895e-01 2.829203000000000690e-01 3.272138000000000130e-02 9.585851000000001898e-01 1.241105999999999909e+01
9.567949000000000037e-01 -1.642720000000000291e-02 -2.902991999999999795e-01 -2.247332999999999803e+00 4.781739000000001863e-03 9.991567000000001197e-01 -4.077934000000000420e-02 -3.862945999999999880e-01 2.907243000000000466e-01 3.762933000000000944e-02 9.560667000000002691e-01 1.300126000000000204e+01
9.549986000000001418e-01 -1.796301999999999621e-02 -2.960658000000000456e-01 -2.430940000000000545e+00 3.863449000000000570e-03 9.988331000000000293e-01 -4.813954000000000150e-02 -4.149225999999999748e-01 2.965850999999999904e-01 4.482935000000000392e-02 9.539537000000002376e-01 1.360353000000000101e+01
9.537103000000000108e-01 -1.848288999999999141e-02 -3.001582999999999890e-01 -2.620929999999999982e+00 1.619282000000002051e-03 9.984106000000001480e-01 -5.633424000000000070e-02 -4.420317000000000829e-01 3.007224999999999482e-01 5.324050000000000310e-02 9.522245000000002513e-01 1.421692000000000000e+01
9.524709999999998455e-01 -1.858297999999999547e-02 -3.040618000000000487e-01 -2.819368999999999570e+00 -1.216389999999999919e-03 9.978976999999999986e-01 -6.479764000000003132e-02 -4.781373999999999902e-01 3.046268000000000309e-01 6.208772000000000596e-02 9.504460000000001241e-01 1.484154999999999980e+01
9.511735000000001161e-01 -1.798415999999999904e-02 -3.081323000000000256e-01 -3.024731000000000058e+00 -5.045061999999999464e-03 9.972618000000000871e-01 -7.377885000000000693e-02 -5.190175000000000205e-01 3.086154000000000397e-01 7.173103000000001506e-02 9.484784000000002768e-01 1.547709000000000223e+01
9.498371000000001008e-01 -1.765623999999999319e-02 -3.122463999999999795e-01 -3.237328000000000205e+00 -8.048061000000002185e-03 9.966945000000001498e-01 -8.084073999999999427e-02 -5.701376000000000221e-01 3.126416000000000195e-01 7.929849999999999399e-02 9.465553000000000994e-01 1.612455999999999889e+01
9.481933000000001277e-01 -1.538123999999999568e-02 -3.173213999999999757e-01 -3.471584000000000003e+00 -1.300716999999999846e-02 9.961101999999998347e-01 -8.715050000000001962e-02 -6.308148000000000089e-01 3.174275999999999764e-01 8.676296000000001396e-02 9.443050000000000610e-01 1.679489000000000232e+01
9.465822999999998766e-01 -1.443547000000000059e-02 -3.221390000000000087e-01 -3.703616999999999493e+00 -1.649625000000000050e-02 9.955215999999998955e-01 -9.308366999999999336e-02 -6.968511000000000566e-01 3.220401000000000513e-01 9.342543000000000375e-02 9.421050000000001923e-01 1.744154000000000693e+01
9.449062000000001404e-01 -1.222398000000000061e-02 -3.271128000000000924e-01 -3.951023000000000174e+00 -2.114985999999999949e-02 9.949346000000001133e-01 -9.827402000000000359e-02 -7.690047000000000965e-01 3.266571999999999809e-01 9.977809999999999457e-02 9.398614000000001800e-01 1.811394000000000304e+01
9.431819000000002395e-01 -9.610001999999997699e-03 -3.321378999999999859e-01 -4.206227000000000160e+00 -2.563136999999999707e-02 9.944990999999999692e-01 -1.015608000000000344e-01 -8.443716999999999473e-01 3.312868999999999398e-01 1.043034000000000044e-01 9.377472000000002250e-01 1.880104000000000042e+01
9.414125000000000965e-01 -8.075799999999995829e-03 -3.371604999999999741e-01 -4.466633999999999105e+00 -2.826313999999999910e-02 9.943075000000000108e-01 -1.027318000000000120e-01 -9.233993999999999813e-01 3.360709000000000612e-01 1.062421999999999950e-01 9.358253000000001931e-01 1.949749000000000265e+01
9.391912000000000038e-01 -7.945913000000002363e-03 -3.433026000000000688e-01 -4.730673999999999602e+00 -2.886858000000000132e-02 9.943662000000000889e-01 -1.019923999999999831e-01 -1.007318000000000158e+00 3.421789000000000081e-01 1.057010000000000033e-01 9.336706999999999645e-01 2.020757000000000048e+01
9.368681000000000925e-01 -7.519301999999997675e-03 -3.496021000000000267e-01 -5.002324999999999910e+00 -2.946952000000000946e-02 9.945142999999999622e-01 -1.003630000000000078e-01 -1.091050000000000075e+00 3.484389000000001069e-01 1.043295000000000194e-01 9.315071999999999797e-01 2.092424999999999713e+01
9.342878000000001126e-01 -7.529036999999997974e-03 -3.564403000000000432e-01 -5.285312000000000232e+00 -2.950745999999999231e-02 9.947138000000000924e-01 -9.835504000000001856e-02 -1.174887000000000015e+00 3.552966000000000180e-01 1.024095000000000144e-01 9.291268000000001415e-01 2.165512999999999622e+01
9.310994000000002435e-01 -6.948835999999996432e-03 -3.646993000000001151e-01 -5.575589000000000794e+00 -3.003738000000000241e-02 9.949622000000001298e-01 -9.564487000000002070e-02 -1.260053000000000312e+00 3.635265999999999775e-01 1.000095000000000289e-01 9.262000000000002453e-01 2.238962000000000430e+01
9.277391999999999861e-01 -5.077232999999996971e-03 -3.731946999999999903e-01 -5.895725999999999800e+00 -3.070040999999999742e-02 9.954809000000001129e-01 -8.986262999999999890e-02 -1.353118999999999961e+00 3.719645000000000312e-01 9.482629000000000752e-02 9.233907000000003418e-01 2.314116999999999891e+01
9.242863999999999525e-01 -1.524340000000000981e-03 -3.816965999999999970e-01 -6.215009000000002004e+00 -3.317487999999999687e-02 9.958870999999998030e-01 -8.431084000000001188e-02 -1.438960000000000017e+00 3.802553000000000738e-01 9.059008999999999812e-02 9.204343000000002606e-01 2.387854000000000809e+01
9.206242999999999510e-01 2.247455000000001066e-03 -3.904432000000001013e-01 -6.553188999999999709e+00 -3.648772000000000820e-02 9.961025999999998382e-01 -8.030049000000000214e-02 -1.526494999999999935e+00 3.887411000000000616e-01 8.817295000000002769e-02 9.171183000000001639e-01 2.462980999999999909e+01
9.168007999999999713e-01 3.486620000000003640e-03 -3.993296000000000623e-01 -6.893667999999999019e+00 -3.796477000000000879e-02 9.961938000000002402e-01 -7.846345000000001790e-02 -1.606967000000000478e+00 3.975361000000001144e-01 8.709580000000001487e-02 9.134436999999998585e-01 2.538492000000000104e+01
9.127707000000001569e-01 3.235865000000004432e-03 -4.084594000000000280e-01 -7.246161999999999992e+00 -3.828632000000000563e-02 9.962440999999999658e-01 -7.766478999999999744e-02 -1.685829999999999940e+00 4.066740000000000355e-01 8.652854000000000101e-02 9.094664000000001192e-01 2.614716000000000662e+01
9.088635999999999937e-01 3.268540000000001635e-03 -4.170807000000000264e-01 -7.606333999999999484e+00 -3.875321000000001709e-02 9.963054000000000077e-01 -7.663964999999998973e-02 -1.761965999999999921e+00 4.152893000000000279e-01 8.581819000000001640e-02 9.056324000000002261e-01 2.691437000000000168e+01
9.048829999999999929e-01 4.608140000000001020e-03 -4.256354000000000526e-01 -7.982190000000001007e+00 -4.021676999999999891e-02 9.963939000000000545e-01 -7.471170000000001976e-02 -1.839859999999999829e+00 4.237562000000000828e-01 8.472301999999999611e-02 9.018052000000001955e-01 2.768873000000000673e+01
9.011219000000001422e-01 3.561205000000001748e-03 -4.335513000000000838e-01 -8.362268999999999508e+00 -3.882330000000000503e-02 9.966120000000002754e-01 -7.250673000000001922e-02 -1.915761000000000047e+00 4.318242000000001024e-01 8.216928000000001120e-02 8.982072000000003165e-01 2.846912000000000020e+01
8.972017000000001019e-01 4.003364000000001442e-03 -4.416029000000000204e-01 -8.757075000000000387e+00 -3.820143000000000844e-02 9.969141999999999726e-01 -6.857602000000000142e-02 -1.990234000000000059e+00 4.399657000000000706e-01 7.839635999999999827e-02 8.945860000000002143e-01 2.926142000000000820e+01
8.934530999999998890e-01 6.286261000000002187e-03 -4.491125000000000811e-01 -9.164411000000001195e+00 -3.863652000000000059e-02 9.972714000000000301e-01 -6.290361999999999343e-02 -2.060214000000000212e+00 4.474916999999999923e-01 7.355356999999998480e-02 8.912582000000002225e-01 3.005970999999999904e+01
8.896268999999999982e-01 6.524173000000000298e-03 -4.566414000000000861e-01 -9.580702999999997971e+00 -3.732650999999999331e-02 9.975912999999998476e-01 -5.846647000000000649e-02 -2.130016000000000354e+00 4.551601000000000119e-01 6.905817000000001593e-02 8.877276000000000611e-01 3.086420999999999992e+01
8.858289999999999775e-01 5.849285000000003544e-03 -4.639748999999999679e-01 -1.000712000000000046e+01 -3.614492000000000399e-02 9.977521000000001417e-01 -5.642995000000001343e-02 -2.196451999999999849e+00 4.626019000000000658e-01 6.675760999999999501e-02 8.840492000000003125e-01 3.167496000000000222e+01
8.825641999999999099e-01 4.764472000000000498e-03 -4.701677000000000772e-01 -1.044425999999999810e+01 -3.498797000000000018e-02 9.978418000000000010e-01 -5.556515000000000065e-02 -2.258264000000000049e+00 4.688882999999999801e-01 6.549001999999999601e-02 8.808262000000001146e-01 3.249206000000000927e+01
8.793579000000000256e-01 5.398335000000001500e-03 -4.761309000000000791e-01 -1.089503999999999984e+01 -3.522843999999999975e-02 9.979329000000000116e-01 -5.374831000000000747e-02 -2.319479999999999986e+00 4.748566000000000731e-01 6.403733999999999815e-02 8.777303000000000743e-01 3.331700000000000017e+01
8.764052000000001064e-01 4.444602000000001489e-03 -4.815539000000000347e-01 -1.135407000000000011e+01 -3.365615000000000273e-02 9.980776000000000092e-01 -5.204062000000000965e-02 -2.381079999999999419e+00 4.803969000000000711e-01 6.181591000000001557e-02 8.748701000000000949e-01 3.415205999999999875e+01
8.737376999999997285e-01 3.155669000000004606e-03 -4.863872000000000750e-01 -1.182494000000000156e+01 -3.246566999999999509e-02 9.981273000000001616e-01 -5.184495000000000076e-02 -2.443854999999999666e+00 4.853126999999999858e-01 6.108977000000000851e-02 8.722039000000002540e-01 3.499697000000000457e+01
8.716007000000000060e-01 2.167155000000003939e-03 -4.902117999999999753e-01 -1.230225000000000257e+01 -3.196712000000000165e-02 9.981130000000002500e-01 -5.242529000000000633e-02 -2.505326999999999416e+00 4.891731999999999747e-01 6.136457000000001411e-02 8.700253000000002235e-01 3.584443999999999875e+01
8.701920999999999129e-01 2.319482000000000748e-03 -4.927072000000001228e-01 -1.279251000000000182e+01 -3.265580999999999345e-02 9.980615999999998822e-01 -5.297636999999999485e-02 -2.570878999999999692e+00 4.916293000000000468e-01 6.218935999999999215e-02 8.685811000000001059e-01 3.672203999999999979e+01
8.697487000000001522e-01 2.525150000000001178e-03 -4.934884000000000492e-01 -1.328826000000000107e+01 -3.229971000000000231e-02 9.981339999999999657e-01 -5.181923000000000779e-02 -2.638090999999999742e+00 4.924367000000000605e-01 6.100922999999999069e-02 8.682073000000001262e-01 3.761619999999999919e+01
8.696349000000000995e-01 2.975155000000001462e-03 -4.936864999999999726e-01 -1.378452000000000055e+01 -3.195058000000001314e-02 9.982246999999999648e-01 -5.026564000000001420e-02 -2.707337999999999578e+00 4.926605000000000567e-01 5.948630999999999364e-02 8.681861000000000717e-01 3.851664000000000243e+01
8.694144000000001427e-01 1.873861000000003572e-03 -4.940800000000000747e-01 -1.428954000000000235e+01 -3.037505999999998846e-02 9.983040000000000802e-01 -4.966368000000000171e-02 -2.775142000000000220e+00 4.931490000000000040e-01 5.818602000000000496e-02 8.679967999999999018e-01 3.942708000000000368e+01
8.687731000000000758e-01 1.966427000000067291e-05 -4.952103999999999950e-01 -1.480796999999999741e+01 -2.858148000000000286e-02 9.983350000000000835e-01 -5.010231999999999880e-02 -2.841759000000000146e+00 4.943849000000001825e-01 5.768138999999999905e-02 8.673272000000001869e-01 4.034308999999999656e+01
8.676926999999999834e-01 -2.580070999999999320e-03 -4.970943000000000445e-01 -1.533464999999999812e+01 -2.612420000000000367e-02 9.983680000000000332e-01 -5.078240000000000531e-02 -2.909136999999999418e+00 4.964140000000000774e-01 5.704970000000000180e-02 8.662092000000002345e-01 4.126523000000000962e+01
8.661087000000000646e-01 -3.152816999999999165e-03 -4.998457000000000039e-01 -1.586740000000000173e+01 -2.470117000000000146e-02 9.984884000000001647e-01 -4.909905999999999993e-02 -2.976584999999999592e+00 4.992450000000000498e-01 5.487189000000001343e-02 8.647217000000001486e-01 4.219039999999999679e+01
8.640266999999999253e-01 -2.135529999999997899e-03 -5.034414999999998752e-01 -1.640548000000000428e+01 -2.364756999999999970e-02 9.987150999999999668e-01 -4.482132000000001171e-02 -3.043619000000000074e+00 5.028904000000001817e-01 5.063198000000001392e-02 8.628660000000000219e-01 4.311456000000000444e+01
8.612122000000002053e-01 -2.515559000000000111e-03 -5.082394000000000078e-01 -1.694521999999999551e+01 -2.112709000000000462e-02 9.989462000000001174e-01 -4.074421000000000986e-02 -3.108900000000000219e+00 5.078064000000001021e-01 4.582703000000000471e-02 8.602515000000000578e-01 4.403506999999999749e+01
8.573170000000002178e-01 -2.322739999999996752e-03 -5.147836000000001189e-01 -1.749249000000000009e+01 -2.029804000000000330e-02 9.990595999999999366e-01 -3.831204000000000554e-02 -3.173068999999999473e+00 5.143885000000000263e-01 4.329464999999999703e-02 8.564637000000001610e-01 4.494973000000000241e+01
8.520813000000001525e-01 -5.804947999999994675e-03 -5.233772000000002089e-01 -1.804672999999999661e+01 -1.816237999999999880e-02 9.990084000000001296e-01 -4.064948999999999646e-02 -3.235637000000000096e+00 5.230941999999999537e-01 4.414243999999999807e-02 8.511310000000001930e-01 4.585694999999999766e+01
8.459794000000000480e-01 -9.821907999999997252e-03 -5.331251000000001294e-01 -1.861936000000000035e+01 -1.617194000000000270e-02 9.988976999999999995e-01 -4.406510000000000982e-02 -3.298544999999999394e+00 5.329703000000001190e-01 4.589983000000001645e-02 8.448881000000003638e-01 4.676608999999999838e+01
8.398030999999999135e-01 -1.033533999999999668e-02 -5.427928000000000752e-01 -1.921228999999999942e+01 -1.601771000000000097e-02 9.989118000000001274e-01 -4.380276000000001696e-02 -3.356506999999999685e+00 5.426547999999998817e-01 4.547997999999999624e-02 8.387236000000002356e-01 4.766232000000000113e+01
8.339495000000001212e-01 -6.907957999999997031e-03 -5.517976000000001102e-01 -1.982281999999999655e+01 -1.727628000000000150e-02 9.991047000000000677e-01 -3.861801000000000123e-02 -3.410242000000000218e+00 5.515704000000002383e-01 4.173846999999999974e-02 8.330835000000001989e-01 4.855068000000001405e+01
8.287115999999998817e-01 -1.605835999999995472e-03 -5.596736000000003264e-01 -2.043384000000000000e+01 -2.050625000000000017e-02 9.992372999999999950e-01 -3.323077000000000669e-02 -3.465272999999999826e+00 5.593000999999999667e-01 3.901552999999999966e-02 8.280465999999999660e-01 4.943336000000000752e+01
8.244740999999999875e-01 -1.420808999999997923e-03 -5.658978999999998427e-01 -2.105695999999999302e+01 -2.183703999999999854e-02 9.991721000000000075e-01 -3.432370000000001253e-02 -3.517140000000000377e+00 5.654782000000000419e-01 4.065653000000000322e-02 8.237605999999999540e-01 5.029681999999999675e+01
8.208828000000001346e-01 -4.306568999999996206e-03 -5.710805000000002130e-01 -2.167506999999999451e+01 -2.223179000000000474e-02 9.989725999999999884e-01 -3.948978000000001598e-02 -3.574726999999999766e+00 5.706639000000000017e-01 4.511262000000000605e-02 8.199437000000001641e-01 5.115815000000000623e+01
8.179645000000000943e-01 -6.412379999999999643e-03 -5.752328999999999359e-01 -2.229860000000000042e+01 -2.497150000000000064e-02 9.985994999999999733e-01 -4.664059000000000954e-02 -3.635034000000000542e+00 5.747265000000002511e-01 5.251477000000000922e-02 8.166589000000000764e-01 5.201179000000000485e+01
8.145802999999999239e-01 -6.933136999999998072e-03 -5.800093000000000609e-01 -2.292529000000000039e+01 -2.492187000000000222e-02 9.985868999999999440e-01 -4.693753000000000508e-02 -3.696616000000000124e+00 5.795151000000000607e-01 5.268930000000000835e-02 8.132565000000002708e-01 5.287389000000000294e+01
8.111072999999999755e-01 -6.174054999999997739e-03 -5.848649000000000209e-01 -2.356009999999999494e+01 -2.436094000000000107e-02 9.987200000000000522e-01 -4.432731000000000865e-02 -3.761560999999999488e+00 5.843899000000001287e-01 5.020204999999998419e-02 8.099186000000001551e-01 5.373417000000000598e+01
8.078623999999999805e-01 -2.799689999999996608e-03 -5.893644999999999579e-01 -2.420130999999999943e+01 -2.439165999999999904e-02 9.989731000000000583e-01 -3.817997999999999531e-02 -3.822516999999999499e+00 5.888661999999998953e-01 4.521974000000000826e-02 8.069646000000000319e-01 5.459689000000000902e+01
8.047634000000002397e-01 -1.072405999999999707e-03 -5.935948000000000890e-01 -2.484570999999999330e+01 -2.455639000000000433e-02 9.990820999999998620e-01 -3.509719000000000727e-02 -3.875700999999999841e+00 5.930876000000001591e-01 4.282147000000000037e-02 8.039984000000000020e-01 5.545674999999999955e+01
8.016398000000001245e-01 -7.168065999999985319e-04 -5.978070000000000883e-01 -2.549477999999999511e+01 -2.557654000000000177e-02 9.990425000000000555e-01 -3.549523000000000955e-02 -3.921434000000000086e+00 5.972600000000001241e-01 4.374422000000000033e-02 8.008539000000000074e-01 5.631342000000000070e+01
7.980945999999999874e-01 -1.906615999999995313e-03 -6.025291000000001507e-01 -2.614831999999999823e+01 -2.569411000000000264e-02 9.989776000000001321e-01 -3.719487999999999267e-02 -3.971574999999999189e+00 6.019841000000001330e-01 4.516647000000000717e-02 7.972297000000001521e-01 5.717031999999999670e+01
7.940433999999999548e-01 -4.490123999999998984e-03 -6.078445000000000098e-01 -2.680898999999999788e+01 -2.469163999999999734e-02 9.989091000000001053e-01 -3.963425000000000975e-02 -4.019298000000000037e+00 6.073594000000001047e-01 4.647998000000000407e-02 7.930663000000000018e-01 5.801514999999999844e+01
7.896376000000001616e-01 -5.883987999999997116e-03 -6.135453000000000712e-01 -2.748252999999999702e+01 -2.381542000000000381e-02 9.989065999999998668e-01 -4.023028000000001408e-02 -4.070617999999999626e+00 6.131111999999999673e-01 4.637916999999999734e-02 7.886340000000000572e-01 5.886465000000000458e+01
7.851233000000000795e-01 -5.698290000000001687e-03 -6.193132000000000081e-01 -2.815970000000000084e+01 -2.355687000000000059e-02 9.989592999999998835e-01 -3.905521000000000686e-02 -4.126090999999999731e+00 6.188913000000000331e-01 4.525223000000001133e-02 7.841721000000000386e-01 5.969577999999999918e+01
7.801528999999999270e-01 -5.230774999999998273e-03 -6.255670000000000952e-01 -2.884497999999999962e+01 -2.393247000000000083e-02 9.989834999999999132e-01 -3.819965000000000860e-02 -4.187293999999999627e+00 6.251309999999999922e-01 4.477292000000001465e-02 7.792346999999999468e-01 6.053112000000000847e+01
7.747574999999997658e-01 -6.527503999999997343e-03 -6.322248000000000312e-01 -2.954119000000000028e+01 -2.367155999999999774e-02 9.989460999999999480e-01 -3.932200000000001666e-02 -4.248256999999999728e+00 6.318152000000002433e-01 4.543076000000000059e-02 7.737865000000001547e-01 6.136091000000000406e+01
7.692225000000001423e-01 -8.108736999999996073e-03 -6.389295000000001501e-01 -3.024500000000000455e+01 -2.299429000000000056e-02 9.989205000000001000e-01 -4.036080000000000917e-02 -4.308386999999999745e+00 6.385672000000000015e-01 4.573816000000000687e-02 7.682057000000001024e-01 6.219212000000000984e+01
7.635463000000000111e-01 -9.127523000000001968e-03 -6.456885000000001096e-01 -3.095782000000000522e+01 -2.273018000000000607e-02 9.989005999999999164e-01 -4.099969000000000530e-02 -4.369133999999998963e+00 6.453529000000000071e-01 4.598177999999999988e-02 7.624994000000002714e-01 6.301776999999999873e+01
7.578107000000000593e-01 -1.050982000000000131e-02 -6.523898000000001307e-01 -3.167830000000000368e+01 -2.224841999999999792e-02 9.988725999999998884e-01 -4.193515000000001131e-02 -4.431688000000000294e+00 6.520951000000000386e-01 4.629354000000000802e-02 7.567224999999999646e-01 6.384049000000000973e+01
7.515981000000002688e-01 -1.253177000000000110e-02 -6.595023000000000968e-01 -3.241736000000000217e+01 -2.142438000000000328e-02 9.988281999999999439e-01 -4.339578000000000185e-02 -4.495388999999999413e+00 6.592732999999999510e-01 4.674560999999999994e-02 7.504489000000000853e-01 6.466955999999998994e+01
7.453404999999997393e-01 -1.321772000000000051e-02 -6.665529000000000037e-01 -3.316065000000000396e+01 -2.063561000000000215e-02 9.988669999999999494e-01 -4.288227000000000705e-02 -4.558236999999999206e+00 6.663644999999998042e-01 4.571662000000001336e-02 7.442233000000000320e-01 6.548993000000001530e+01
7.390352000000001143e-01 -1.353693000000000431e-02 -6.735308000000000961e-01 -3.390236000000000871e+01 -1.966364999999999780e-02 9.989386000000000099e-01 -4.165317000000000325e-02 -4.621787999999998675e+00 6.733798000000001949e-01 4.402723000000000747e-02 7.379846000000001016e-01 6.629394000000002052e+01
7.325427000000001021e-01 -1.349799000000000138e-02 -6.805872000000001698e-01 -3.467370000000000374e+01 -1.927295999999999870e-02 9.989913000000000265e-01 -4.055710000000000565e-02 -4.690830000000000055e+00 6.804482000000000586e-01 4.282673000000000729e-02 7.315437000000001300e-01 6.709446000000001220e+01
7.260756999999999906e-01 -1.543597999999999672e-02 -6.874415000000001497e-01 -3.545262000000001024e+01 -1.787202999999999709e-02 9.989866000000000579e-01 -4.130792000000000491e-02 -4.759468000000000032e+00 6.873825000000000074e-01 4.227865000000000095e-02 7.250640000000001528e-01 6.789101000000000852e+01
7.194908999999999333e-01 -1.708223999999999507e-02 -6.942917000000000671e-01 -3.625058000000000646e+01 -1.775566000000000297e-02 9.989181999999999784e-01 -4.297733000000000803e-02 -4.834984999999999644e+00 6.942749000000001391e-01 4.324939999999999340e-02 7.184093000000002505e-01 6.868199000000001320e+01
7.133849000000000995e-01 -1.644259999999999472e-02 -7.005795000000000217e-01 -3.705458000000000851e+01 -1.919797000000000517e-02 9.988909000000001370e-01 -4.299285000000000606e-02 -4.906233000000000288e+00 7.005093999999999488e-01 4.412015000000000381e-02 7.122780000000000777e-01 6.947298000000002105e+01
7.078765000000001306e-01 -1.558863000000000262e-02 -7.061641000000000723e-01 -3.787518000000001450e+01 -1.972175000000000664e-02 9.989303999999999961e-01 -4.182105000000000544e-02 -4.981378000000000306e+00 7.060608000000001550e-01 4.353093000000000934e-02 7.068120000000001069e-01 7.026198999999999728e+01
7.028425999999999840e-01 -1.503626999999999742e-02 -7.111864999999999437e-01 -3.869255000000000422e+01 -2.087974000000000774e-02 9.989097000000000115e-01 -4.175424000000000496e-02 -5.057858000000001297e+00 7.110389000000002513e-01 4.419603999999999894e-02 7.017623000000001721e-01 7.105256000000001393e+01
6.978988000000002634e-01 -1.609744000000000452e-02 -7.160153999999999685e-01 -3.951886000000000365e+01 -2.079239000000000087e-02 9.988706000000000529e-01 -4.272288999999999948e-02 -5.137328000000000117e+00 7.158944999999999892e-01 4.470392000000000809e-02 6.967759000000001146e-01 7.183896000000001436e+01
6.926487999999998424e-01 -1.780251000000000056e-02 -7.210552999999998436e-01 -4.035157000000000949e+01 -2.147029999999999772e-02 9.987433999999999479e-01 -4.528296000000000404e-02 -5.214172999999997948e+00 7.209554000000000240e-01 4.684645999999999255e-02 6.913962000000002384e-01 7.262312000000002854e+01
6.875323999999999325e-01 -2.030697000000000058e-02 -7.258697000000001731e-01 -4.119284000000000390e+01 -2.112817999999999641e-02 9.986262000000001304e-01 -4.794990999999999837e-02 -5.292358999999999369e+00 7.258462000000002190e-01 4.830341999999999969e-02 6.861589000000002381e-01 7.340570000000002437e+01
6.824175000000000102e-01 -2.114368000000000497e-02 -7.306567999999999952e-01 -4.204713000000000278e+01 -2.154098000000000124e-02 9.985657000000000005e-01 -4.901521999999999823e-02 -5.369496999999999964e+00 7.306451999999998836e-01 4.918790000000000662e-02 6.809833000000000691e-01 7.418461999999999534e+01
6.774179000000000173e-01 -2.029179000000000399e-02 -7.353185000000003191e-01 -4.291450999999999993e+01 -2.142542999999999878e-02 9.986509999999999554e-01 -4.729704000000001241e-02 -5.443967000000000667e+00 7.352864000000001177e-01 4.779436999999999575e-02 6.760693000000000952e-01 7.495793000000001882e+01
6.722415000000001584e-01 -2.004617999999999678e-02 -7.400605000000000100e-01 -4.378384000000000498e+01 -2.098919999999999605e-02 9.987154000000000309e-01 -4.611819000000001029e-02 -5.527046000000001236e+00 7.400342999999999227e-01 4.653583000000001413e-02 6.709572000000001424e-01 7.573564000000001784e+01
6.671160999999999897e-01 -2.124206000000000011e-02 -7.446507999999999461e-01 -4.465831000000000017e+01 -1.993250999999999704e-02 9.987265000000000725e-01 -4.634697000000001510e-02 -5.602315999999999185e+00 7.446871000000001573e-01 4.576156000000000668e-02 6.658432000000000794e-01 7.650974000000000785e+01
6.622093000000001117e-01 -2.216481000000000354e-02 -7.489911000000001318e-01 -4.553830000000000666e+01 -1.912889000000000256e-02 9.987366000000000854e-01 -4.646803000000000738e-02 -5.677123999999999171e+00 7.490748000000000406e-01 4.509892000000000761e-02 6.609486000000001082e-01 7.727779000000001020e+01
6.576917000000002123e-01 -2.323860000000000162e-02 -7.529287000000002283e-01 -4.643228999999999473e+01 -1.800770000000000495e-02 9.987532999999999550e-01 -4.655572999999999656e-02 -5.751800000000001134e+00 7.530719999999999636e-01 4.417783000000000820e-02 6.564533000000002394e-01 7.805127000000001658e+01
6.537986999999999549e-01 -2.382554999999999742e-02 -7.562933000000001682e-01 -4.733404000000000167e+01 -1.710334000000000160e-02 9.987833999999999879e-01 -4.625018000000000185e-02 -5.824835000000000207e+00 7.564752000000002363e-01 4.317344000000000043e-02 6.525957999999999481e-01 7.882482000000003097e+01
6.498156000000000487e-01 -2.593029999999999294e-02 -7.596494000000000302e-01 -4.823900000000000432e+01 -1.455254000000000096e-02 9.988103000000000398e-01 -4.654242000000000101e-02 -5.898424000000000333e+00 7.599526000000002002e-01 4.129881000000000524e-02 6.486652000000002749e-01 7.959620000000002449e+01
6.455087999999998827e-01 -3.066921000000000230e-02 -7.631367999999999485e-01 -4.915220000000000766e+01 -1.116925000000000036e-02 9.987074999999999703e-01 -4.958405999999999925e-02 -5.978523999999999283e+00 7.636711000000001581e-01 4.053061000000000857e-02 6.443320000000001269e-01 8.036127000000001885e+01
6.404573999999998435e-01 -3.548946999999999519e-02 -7.671733000000000580e-01 -5.007598000000000127e+01 -6.858730000000001249e-03 9.986275000000001123e-01 -5.192241000000002299e-02 -6.064360000000000639e+00 7.679631000000000096e-01 3.851592000000000210e-02 6.393350000000000977e-01 8.112920000000001153e+01
6.339647999999999950e-01 -3.935732000000000119e-02 -7.723598000000000408e-01 -5.100162000000000262e+01 -1.638042000000002312e-03 9.986336000000000102e-01 -5.223215000000001190e-02 -6.153398999999999397e+00 7.733602000000002752e-01 3.437849999999999934e-02 6.330341000000001550e-01 8.189059000000000310e+01
6.255042000000001767e-01 -4.266599999999998866e-02 -7.790533000000001707e-01 -5.194082000000000932e+01 2.937216999999998912e-03 9.986253999999999964e-01 -5.233290000000001552e-02 -6.240476999999999386e+00 7.802152999999999450e-01 3.044620000000000659e-02 6.247696999999998724e-01 8.264668000000003190e+01
6.162967000000002527e-01 -4.426734000000000918e-02 -7.862689000000001593e-01 -5.289569999999999794e+01 6.310455999999997276e-03 9.986643999999997856e-01 -5.127903000000000322e-02 -6.326821999999999058e+00 7.874888000000000998e-01 2.664138000000000270e-02 6.157530000000001058e-01 8.339659000000001754e+01
6.073442999999999481e-01 -4.248918000000000833e-02 -7.933016000000000512e-01 -5.386648000000000280e+01 6.689869000000000197e-03 9.988068000000001057e-01 -4.837433000000000705e-02 -6.412012999999999963e+00 7.944106000000000778e-01 2.407278999999999669e-02 6.069039999999999990e-01 8.413486000000003173e+01
5.981988000000000305e-01 -4.203975999999998853e-02 -8.002442000000001832e-01 -5.484866999999999848e+01 6.320426999999998255e-03 9.988394000000000439e-01 -4.774805000000000715e-02 -6.495942999999998690e+00 8.013228000000001128e-01 2.350495000000000362e-02 5.977703000000001987e-01 8.486187999999999931e+01
5.885635000000001282e-01 -4.399805000000000382e-02 -8.072529000000000510e-01 -5.584158000000000044e+01 5.492000000000001221e-03 9.987125000000000030e-01 -5.042908000000000807e-02 -6.577871999999999275e+00 8.084324000000002730e-01 2.524728000000000042e-02 5.880473999999999979e-01 8.557728000000001600e+01
5.784770000000000190e-01 -4.577276999999999735e-02 -8.144134000000001761e-01 -5.684458000000000055e+01 6.190303000000002033e-03 9.986419000000000823e-01 -5.173006999999999606e-02 -6.660712000000000188e+00 8.156752000000001557e-01 2.488318999999999948e-02 5.779746999999998414e-01 8.628486999999999796e+01
5.684992999999999297e-01 -4.744551999999998410e-02 -8.213145000000000584e-01 -5.785918000000001626e+01 6.431293000000001120e-03 9.985614000000000434e-01 -5.323306000000000565e-02 -6.747722000000000442e+00 8.226586000000002397e-01 2.498084999999999889e-02 5.679866000000001192e-01 8.698373000000000843e+01
5.581987000000002697e-01 -4.826769000000000892e-02 -8.283021999999998775e-01 -5.888091999999999615e+01 8.995735999999995500e-03 9.985998000000000374e-01 -5.212917000000001633e-02 -6.837333999999999357e+00 8.296586000000001349e-01 2.164724999999999983e-02 5.578513000000001609e-01 8.767629000000002293e+01
5.476275000000000448e-01 -4.823125999999999802e-02 -8.353310000000001567e-01 -5.991653000000000162e+01 1.046800000000000161e-02 9.986540000000000417e-01 -5.079877000000000004e-02 -6.928351000000000148e+00 8.366567999999998673e-01 1.907456000000000429e-02 5.473952999999999181e-01 8.835909000000000901e+01
5.371293999999999791e-01 -4.842118999999999590e-02 -8.421089000000001601e-01 -6.096415000000000362e+01 1.073060999999999807e-02 9.986624000000000612e-01 -5.057862000000000469e-02 -7.015079000000000065e+00 8.434315999999999480e-01 1.813092000000000523e-02 5.369306000000002577e-01 8.902720999999999663e+01
5.267133000000000509e-01 -4.963825999999999655e-02 -8.485924999999999718e-01 -6.202188000000001011e+01 1.031529999999999600e-02 9.985933000000001281e-01 -5.200993000000001670e-02 -7.102979999999998739e+00 8.499805000000002497e-01 1.864083000000000406e-02 5.264844000000000745e-01 8.968383000000000038e+01
5.164916999999999980e-01 -5.044851999999998976e-02 -8.548048000000001423e-01 -6.309538000000000579e+01 8.987047999999995748e-03 9.985273999999999539e-01 -5.350052000000002361e-02 -7.192800000000000971e+00 8.562450000000002559e-01 1.995040999999999481e-02 5.161845000000001571e-01 9.032891000000000759e+01
5.064669999999998895e-01 -5.110641999999999269e-02 -8.607434999999998837e-01 -6.417132999999998333e+01 7.655844000000002793e-03 9.984691000000002203e-01 -5.477909999999999030e-02 -7.283911999999999942e+00 8.622254000000001417e-01 2.115408999999999692e-02 5.060828999999998912e-01 9.095949000000000240e+01
