1.000000000000000000e+00 4.398956837314658088e-19 2.733407509747682871e-20 -8.673617379884035472e-19 -5.583667658079949532e-19 1.000000000000000000e+00 -6.100159232558060012e-19 0.000000000000000000e+00 4.145284534913582806e-20 -2.210423569125054137e-19 1.000000000000000222e+00 0.000000000000000000e+00
9.999328549115900078e-01 -1.824599964236774292e-03 1.144362357309965973e-02 5.195668146322860587e-02 1.818469619367782180e-03 9.999981974773065607e-01 5.460832598802572296e-04 -9.064625483447483201e-03 -1.144459952668879822e-02 -5.252367042188229012e-04 9.999343704735714766e-01 2.912285917135309377e-01
9.998390975458621988e-01 -3.774322470510453609e-03 1.753663407679675185e-02 6.445298651280662039e-02 3.768042565778112387e-03 9.999928244062887828e-01 3.911319688204326983e-04 -1.136722905059393829e-02 -1.753798480218098782e-02 -3.249902351594642115e-04 9.998461448898954274e-01 5.628817645635069145e-01
9.997970450472348780e-01 -5.182210364970974044e-03 1.946826753238000904e-02 7.195392318868480686e-02 5.194688600654298258e-03 9.999863332008386285e-01 -5.904342530716947092e-04 -1.496573806669422579e-02 -1.946494204608917311e-02 6.914460369624574748e-04 9.998103009634554672e-01 8.826816045763028473e-01
9.998216071938553773e-01 -6.724321080898715795e-03 1.765041998886194771e-02 6.087731465493052829e-02 6.754926576357172564e-03 9.999757824851659427e-01 -1.674932329996962335e-03 -1.784311637677868378e-02 -1.763873006312556904e-02 1.793860862727477985e-03 9.998428162692860610e-01 1.174443586689485342e+00
9.998877596844613080e-01 -9.605489047786075485e-03 1.149794086973582319e-02 6.403920941401282374e-02 9.648159433319354258e-03 9.999467520602904891e-01 -3.661426924908523645e-03 -2.481454796056263568e-02 -1.146215903276055770e-02 3.771949983879935991e-03 9.999271929941817572e-01 1.515938219466648862e+00
9.999463628594240650e-01 -1.035020008757064208e-02 -3.804998029554123554e-04 3.424744886444012343e-02 1.034834312731432171e-02 9.999358944644969327e-01 -4.595512858650481827e-03 -2.616911723624998354e-02 4.280398926861988997e-04 4.591328875023753531e-03 9.999893681839022719e-01 1.819079967350399896e+00
9.998008719893065610e-01 -9.632248179522762480e-03 -1.747673172065149216e-02 2.647948507918431241e-02 9.548744659004885019e-03 9.999426227891994312e-01 -4.855161038089202998e-03 -3.505434115431219078e-02 1.752249537069441518e-02 4.687313424497548467e-03 9.998354821058448305e-01 2.125602870903685382e+00
9.993169754079197498e-01 -6.351274642964092193e-03 -3.640389964429749381e-02 -1.659445777201234637e-03 6.173450073163135737e-03 9.999684682631759802e-01 -4.995095920636338609e-03 -4.431372301318900475e-02 3.643447761927860046e-02 4.766946504988684753e-03 9.993246745350728988e-01 2.483639364355205270e+00
9.984549154770303581e-01 -2.880855952270891789e-03 -5.549308337829996635e-02 -4.442966598104874237e-02 2.543242405283883956e-03 9.999778326484355384e-01 -6.153545813316479117e-03 -4.862666196401950469e-02 5.550958167854178754e-02 6.002905708067436501e-03 9.984401091675803031e-01 2.834955701924571247e+00
9.971386163796986946e-01 -2.439814450773105260e-03 -7.555545532651977703e-02 -1.068346450464885689e-01 1.968017634078483152e-03 9.999781033710408717e-01 -6.318202464527502595e-03 -5.554393652140759974e-02 7.556921746140242424e-02 6.151429183682687908e-03 9.971215841080577347e-01 3.208261779271476044e+00
9.953044437651304976e-01 -3.128149142378738781e-03 -9.674336469584018938e-02 -1.515774411439033686e-01 2.577698893642171342e-03 9.999797747384294722e-01 -5.814256501873894291e-03 -6.129961237319497824e-02 9.675959756799697165e-02 5.537580033420154944e-03 9.952923770336693510e-01 3.587880733532629485e+00
9.931442463517616837e-01 -4.053204348726783049e-03 -1.168249848314446421e-01 -1.980225062412980797e-01 3.487889400497159401e-03 9.999812011017842339e-01 -5.043021416804542231e-03 -6.990570031480340674e-02 1.168432310660200979e-01 4.600975015765718795e-03 9.931397136257017477e-01 3.964558717080788330e+00
9.910003009744280389e-01 -4.077498732115316001e-03 -1.337975223378322365e-01 -2.930698053429259820e-01 3.486802220977291804e-03 9.999831149432703015e-01 -4.648874383072575285e-03 -7.763779277613032381e-02 1.338142212519956020e-01 4.140510332821260159e-03 9.909977854967398914e-01 4.378882466191321043e+00
9.886729769208408847e-01 -3.007191026088918990e-03 -1.500556593925680970e-01 -3.665056918013685494e-01 2.429241864383879963e-03 9.999889098631470352e-01 -4.034715717039993703e-03 -8.616115787647844748e-02 1.500661310109483448e-01 3.624492806978560355e-03 9.886693178064824838e-01 4.768740831199699493e+00
9.865772815574653798e-01 -2.112488308515579009e-03 -1.632813652065948917e-01 -4.582673763680467638e-01 1.486319184494801215e-03 9.999910665502619311e-01 -3.956977748172648378e-03 -8.801537522697060190e-02 1.632882684340426771e-01 3.661176009862225980e-03 9.865716080793059950e-01 5.199328108145277128e+00
9.844612089671255228e-01 -3.010518891973048162e-03 -1.755763766677883586e-01 -5.482988325158418830e-01 2.227379388205816702e-03 9.999866741222206423e-01 -4.657290599199597619e-03 -9.655949405436423105e-02 1.755880608564275580e-01 4.193846611185523404e-03 9.844547959707417029e-01 5.636922157302888259e+00
9.826992719725469172e-01 -5.847944384482040708e-03 -1.851160219225368164e-01 -6.325255296794501936e-01 4.713241440334451152e-03 9.999673152930789177e-01 -6.569147058683320363e-03 -1.125298895324002013e-01 1.851483906674217250e-01 5.582999412182678561e-03 9.826947157673657784e-01 6.074847044995117962e+00
9.811042107060972128e-01 -5.624204190714898570e-03 -1.933982811651338563e-01 -7.335555093283065986e-01 4.092675100438636186e-03 9.999570323166540042e-01 -8.317663411191953196e-03 -1.191140769428919582e-01 1.934367548693827488e-01 7.368978160850353856e-03 9.810850732414577724e-01 6.522706999082117818e+00
9.796255948914063261e-01 -5.282457191588515837e-03 -2.007630158040222268e-01 -8.424962330404383026e-01 3.300983106069450487e-03 9.999424974170912916e-01 -1.020320365999279055e-02 -1.246883579346454995e-01 2.008053728672243576e-01 9.332604037557642312e-03 9.795867014712690279e-01 7.014531565135942337e+00
9.780475270441159052e-01 -5.845198598437095251e-03 -2.082999459167294287e-01 -9.535102757867088830e-01 3.265195767382220518e-03 9.999136684592742075e-01 -1.272769107470835687e-02 -1.370330476535465691e-01 2.083563625405780162e-01 1.176814660063725537e-02 9.779821767019026835e-01 7.474080001750252222e+00
9.762676024420317011e-01 -9.643027515244574632e-03 -2.163529046524558797e-01 -1.072887117874161689e+00 6.616299454240404804e-03 9.998699156407649946e-01 -1.470973715416472316e-02 -1.443818175081096333e-01 2.164666106603946871e-01 1.292918414687998195e-02 9.762044067552073656e-01 7.971972293139256038e+00
9.743934404336890287e-01 -1.504679028995248476e-02 -2.243457514371360040e-01 -1.185845282082042651e+00 1.178333612080522709e-02 9.998044961698172584e-01 -1.587836290586124716e-02 -1.666301925449195365e-01 2.245408132575028026e-01 1.282823118722578766e-02 9.743802444836688892e-01 8.497910288452828809e+00
9.723844219608729356e-01 -1.592202659801722139e-02 -2.328411986010315848e-01 -1.331768383091415764e+00 1.210554315549968764e-02 9.997680883615941427e-01 -1.781081969021595587e-02 -1.898431110932036758e-01 2.330707883854503393e-01 1.450029436276367191e-02 9.723516598002599487e-01 9.036969616340345013e+00
9.702563031903854718e-01 -1.278867141378098489e-02 -2.417419175123156627e-01 -1.471475005384906165e+00 7.596344648713656243e-03 9.997202588725582206e-01 -2.239865027275276047e-02 -1.869693025804875508e-01 2.419607455060085732e-01 1.989607665971726211e-02 9.700820300890617975e-01 9.543052590762023613e+00
9.683487120061702313e-01 -9.609620585082424490e-03 -2.494161697802812772e-01 -1.617317481601615370e+00 3.437984130931050555e-03 9.996773193051005091e-01 -2.516818478100562792e-02 -2.032074825806457763e-01 2.495775490036808431e-01 2.351409047778411920e-02 9.680692826391953387e-01 1.007384015513768638e+01
9.659559070233452172e-01 -1.197006341714808471e-02 -2.584296844039583596e-01 -1.788798013323551261e+00 5.116024553937938320e-03 9.996175151058586117e-01 -2.717811207266257120e-02 -2.273539321575479555e-01 2.586561671344079771e-01 2.493072528924595091e-02 9.656476829764436554e-01 1.064862672967720947e+01
9.636118351043746477e-01 -1.404014776319233333e-02 -2.669365166574635961e-01 -1.939851718410777304e+00 6.536154593858703281e-03 9.995586418340802748e-01 -2.897930648415121893e-02 -2.552201454885332232e-01 2.672255803943850982e-01 2.618006436866806425e-02 9.632783060977316847e-01 1.121001028587087589e+01
9.615233255158951442e-01 -1.425164268535310773e-02 -2.743533916662407313e-01 -2.119945652095077016e+00 5.867610009676018333e-03 9.994910657570770240e-01 -3.135571098355485753e-02 -2.819974993212178149e-01 2.746606389492940448e-01 2.853944881390987204e-02 9.611175968306322481e-01 1.178259274099125875e+01
9.590431514523193313e-01 -1.369236201996015291e-02 -2.829288799850597225e-01 -2.316619622761625141e+00 3.926871145696500184e-03 9.993777030846563436e-01 -3.505404754075843593e-02 -2.983466997325078252e-01 2.832327917990821176e-01 3.250731902017427871e-02 9.585001103892415442e-01 1.236397043325532152e+01
9.567836776221239070e-01 -1.459383858008816287e-02 -2.904341789180850952e-01 -2.469582786542009245e+00 3.081236285639942472e-03 9.991926375087872847e-01 -4.005719809306478030e-02 -3.330994384175960388e-01 2.907842865388862719e-01 3.743117706580900012e-02 9.560561738335344728e-01 1.293832156257499477e+01
9.551107326128018826e-01 -1.534287669632571939e-02 -2.958514537642406017e-01 -2.697866455607091041e+00 1.605531681614390683e-03 9.989113876584386764e-01 -4.662040176879161946e-02 -3.653043031768338222e-01 2.962446823844232524e-01 4.405264735229115491e-02 9.540956211625430949e-01 1.355741026118353432e+01
9.536201709303629981e-01 -1.600812635396028569e-02 -3.005866057287965298e-01 -2.900434961083014240e+00 -5.898257098008224866e-04 9.984836029622815579e-01 -5.504676835153521353e-02 -4.023412028648116201e-01 3.010119978756192194e-01 5.267100257432663635e-02 9.521646625346432691e-01 1.418057813966126091e+01
9.521683465366873600e-01 -1.609649106443911820e-02 -3.051497023329736158e-01 -3.091743464188952739e+00 -3.553630518939371839e-03 9.979608228606435816e-01 -6.373043016079182888e-02 -4.474235629744693354e-01 3.055532895672131710e-01 6.176648790662894739e-02 9.501695060453155817e-01 1.479019702167075856e+01
9.509193704955581916e-01 -1.508247114605732429e-02 -3.090709754044239088e-01 -3.317740385393892044e+00 -7.722555401497512191e-03 9.973436184996734566e-01 -7.242975050734658249e-02 -4.878617300869275142e-01 3.093423898928493454e-01 7.126167087263619859e-02 9.482768910715532185e-01 1.543974765047882869e+01
9.496512940577351847e-01 -1.458698573846235226e-02 -3.129690678823041083e-01 -3.556925527445656154e+00 -1.077663177875713869e-02 9.968037287872613117e-01 -7.915927276288899084e-02 -5.468710776073022473e-01 3.131234343886687976e-01 7.854645866638020058e-02 9.464587528133489025e-01 1.609590245631955696e+01
9.482297366014355022e-01 -1.340003300089936955e-02 -3.173023851087630742e-01 -3.824246490257652731e+00 -1.475671782985172285e-02 9.961712805996222331e-01 -8.616854976136724409e-02 -6.133378584249414844e-01 3.172421901304017799e-01 8.638992352265575936e-02 9.444014909343774189e-01 1.676617919738464124e+01
9.461430802386876504e-01 -1.176842899803226886e-02 -3.235348104481831633e-01 -4.033886758944748685e+00 -1.903500506573349918e-02 9.955881439511201636e-01 -9.187990089372247149e-02 -6.814264459987561251e-01 3.231887090324609968e-01 9.309001976990143035e-02 9.417448214960708608e-01 1.741364648474438681e+01
9.447144881989020249e-01 -9.708781492597028800e-03 -3.277503212351876027e-01 -4.296736367011967594e+00 -2.352844364558353760e-02 9.949776689449999489e-01 -9.729260313505350144e-02 -7.515878595807171658e-01 3.270488488079237865e-01 9.962518736493398974e-02 9.397413872075426333e-01 1.809484297016011212e+01
9.426920174284532106e-01 -7.871092338828980170e-03 -3.335712874731994182e-01 -4.553424181059065212e+00 -2.725973796398584517e-02 9.945629693625578360e-01 -1.005057542985225705e-01 -8.312952557803322540e-01 3.325487458914631045e-01 1.038390388298875699e-01 9.373520085795896684e-01 1.878897119777929348e+01
9.408859230677730778e-01 -6.598703396695286029e-03 -3.386593191745043141e-01 -4.799684247625568112e+00 -2.968892418734626545e-02 9.943557725445033579e-01 -1.018585557526478502e-01 -9.098248231624580518e-01 3.374199890824197690e-01 1.058917127758574050e-01 9.353794409562731227e-01 1.947416576709624181e+01
9.389181027267260449e-01 -5.960342588837045513e-03 -3.440890410841054292e-01 -5.092051881834355420e+00 -3.070616498310214243e-02 9.944110941416286487e-01 -1.010134014671125735e-01 -9.981495644630432595e-01 3.427680401358233486e-01 1.054089667821189874e-01 9.334875590395331768e-01 2.020209289731854341e+01
9.365155250628121042e-01 -5.382700173915893650e-03 -3.505847904211184529e-01 -5.363376925023670694e+00 -3.158860129032139974e-02 9.945208239962268770e-01 -9.965184848578403920e-02 -1.086052200032911363e+00 3.492002766150623105e-01 1.043999870180665618e-01 9.312141601709503780e-01 2.091751555388207251e+01
9.342047604068410838e-01 -6.026556601292854670e-03 -3.566863378201789447e-01 -5.646949661868368331e+00 -3.096957022595271669e-02 9.947123319554711518e-01 -9.791967308542860737e-02 -1.166178354727564814e+00 3.553904233738341967e-01 1.025234479462309584e-01 9.290783563591995531e-01 2.163338610652486693e+01
9.315733804919141825e-01 -5.675626781955499071e-03 -3.635090387666757850e-01 -5.962868902751579547e+00 -3.096482690718515771e-02 9.950060853896502966e-01 -9.488977573065937587e-02 -1.257598859908193090e+00 3.622322707926250440e-01 9.965278420803543036e-02 9.267454382646777011e-01 2.234848946789140456e+01
9.276653109329577873e-01 -2.532259112143803604e-03 -3.734041452084793655e-01 -6.284518429386514171e+00 -3.318987378145494410e-02 9.954600633683303723e-01 -8.920591088534998714e-02 -1.333041906160323586e+00 3.719348128774040418e-01 9.514646604715790157e-02 9.233697243495508911e-01 2.315812609564784097e+01
9.241240054850079488e-01 -2.349731625857349971e-04 -3.820926121382052232e-01 -6.597020414402043897e+00 -3.434239379022456518e-02 9.959013578174823467e-01 -8.367248960170742267e-02 -1.412495717362987069e+00 3.805462185291325627e-01 9.044573167730139696e-02 9.203282828305348051e-01 2.387981971834122419e+01
9.206788954277373982e-01 3.306070685123876831e-03 -3.903068514166311287e-01 -6.933530333054159556e+00 -3.750612343047873137e-02 9.960862361356632722e-01 -8.003437342158431500e-02 -1.485949994487017367e+00 3.885146899087694727e-01 8.832485592130925878e-02 9.171995740604741432e-01 2.461689082626186220e+01
9.169837177143110862e-01 3.931505568042598271e-03 -3.989052537074740945e-01 -7.272816972830635329e+00 -3.824022628496580312e-02 9.962129340916043851e-01 -7.808633100081091571e-02 -1.559088830584414165e+00 3.970875831641770826e-01 8.685812170864373738e-02 9.136613821425131343e-01 2.534946119860558156e+01
9.129751239355389236e-01 5.352565432441108197e-03 -4.079801094468569200e-01 -7.620315451805433682e+00 -4.028025985326790653e-02 9.962117658509683782e-01 -7.706891915429361917e-02 -1.635409978736992676e+00 4.060220757749588572e-01 8.679555126734160575e-02 9.097321636746384943e-01 2.610976889988559435e+01
9.088781689388738538e-01 4.772009410451961281e-03 -4.170344091331926739e-01 -7.968938209183623833e+00 -4.017785107691637658e-02 9.962855895805946549e-01 -7.616274897235084107e-02 -1.703412796320414868e+00 4.151219299256224127e-01 8.597820662374160150e-02 9.056939520488641593e-01 2.687005468916691342e+01
9.049439211098884162e-01 5.115925712409470291e-03 -4.255000860945212793e-01 -8.361120815480111546e+00 -4.063831134439915838e-02 9.963964712734604268e-01 -7.444863828261368000e-02 -1.776124907012267995e+00 4.235859178578904594e-01 8.466344801709058121e-02 9.018908328556193288e-01 2.766582412915681033e+01
9.010258580003499551e-01 6.298396131315890829e-03 -4.337196440152499277e-01 -8.748857900760707906e+00 -4.171471408003017689e-02 9.965182907479729346e-01 -7.218849559653953141e-02 -1.846115541419887096e+00 4.317548939689755949e-01 8.313619249414885837e-02 8.981514843193626474e-01 2.845288680146387250e+01
8.975669304063644827e-01 6.241125589720215514e-03 -4.408340389099182355e-01 -9.143306088367225470e+00 -4.021807881417560626e-02 9.968898179218341760e-01 -6.777312980400683473e-02 -1.919588448911702772e+00 4.390399916911764122e-01 7.856041852521165880e-02 8.950263405087206525e-01 2.921357688879910697e+01
8.930629713118896085e-01 7.004404428041630451e-03 -4.498771649131795280e-01 -9.547821805077596480e+00 -3.935058221744655582e-02 9.972633367262470072e-01 -6.258888852318318652e-02 -1.986231778032517603e+00 4.482076123972599246e-01 7.359874738929160498e-02 8.908945866857397311e-01 3.002432761001908190e+01
8.896847686617044282e-01 7.843589688316341194e-03 -4.565079258027635589e-01 -9.957073304063580821e+00 -3.865254280730139741e-02 9.975569740741979663e-01 -5.818990013912151565e-02 -2.046507052308439878e+00 4.549362552115731040e-01 6.941586021078326174e-02 8.878144210188048113e-01 3.081531591008997495e+01
8.860719264916040450e-01 6.632597141503906307e-03 -4.635003186962098343e-01 -1.041239208017235995e+01 -3.672320651401971003e-02 9.977593404148895617e-01 -5.592588651789478366e-02 -2.120574302568795311e+00 4.620908463237441977e-01 6.657557612206849162e-02 8.843301118079768264e-01 3.164236778387930116e+01
8.827044006433932832e-01 7.244545336860661565e-03 -4.698728053748904010e-01 -1.085412195809071179e+01 -3.729111814412992137e-02 9.978078297693919740e-01 -5.467090108532213916e-02 -2.175001782036571907e+00 4.684467064224142607e-01 6.578032745144610227e-02 8.810395201760979900e-01 3.246093144009570608e+01
8.798679556178814476e-01 6.496554048488919347e-03 -4.751738323554615673e-01 -1.130926611311382679e+01 -3.603273617331574641e-02 9.979401069360740451e-01 -5.307716041113332006e-02 -2.227473836472937396e+00 4.738502145734065918e-01 6.382270611485470202e-02 8.782896109910525162e-01 3.326067610301901567e+01
8.765647492771371230e-01 6.025016473599527876e-03 -4.812462310390132059e-01 -1.177287865398224298e+01 -3.511372281288629993e-02 9.980574315282553233e-01 -5.146250970672118508e-02 -2.293349009528420357e+00 4.800013230637616979e-01 6.200856881419252592e-02 8.750735236531435035e-01 3.410600444848866886e+01
8.737892516675189736e-01 4.675411024556761115e-03 -4.862823043291303327e-01 -1.225152594658944238e+01 -3.386217140094276851e-02 9.981116281962087999e-01 -5.124969334976966356e-02 -2.353208359628558011e+00 4.851244174942675458e-01 6.124800606273674008e-02 8.722975329219311291e-01 3.494261355925691959e+01
8.722409284806936780e-01 4.251044139459270350e-03 -4.890579582829751581e-01 -1.272733742786515521e+01 -3.382570811250901199e-02 9.980920826709072102e-01 -5.165284155676962835e-02 -2.417562002601996607e+00 4.879053060064697522e-01 6.159645435022702981e-02 8.707205601503921200e-01 3.578652314632496712e+01
8.706235038770087087e-01 4.242829155138513192e-03 -4.919316091689429626e-01 -1.322971022083540049e+01 -3.423688013126392066e-02 9.980608425129631200e-01 -5.198452406751817578e-02 -2.471951466867595038e+00 4.907571232868558897e-01 6.210115215421780493e-02 8.690804897022651465e-01 3.665577512676448890e+01
8.701850373280282103e-01 4.531932410988271862e-03 -4.927042293167779308e-01 -1.374285842268556124e+01 -3.436048084965807187e-02 9.980814550611936120e-01 -5.150501413149220081e-02 -2.526345203086152402e+00 4.915255453173343891e-01 6.174844700374708395e-02 8.686712682848146683e-01 3.752898113982370631e+01
8.701009004297384219e-01 4.534286822362444853e-03 -4.928527756838846363e-01 -1.425828567781808687e+01 -3.345133188612316177e-02 9.981952293303975043e-01 -4.987276408941076350e-02 -2.586002974280988909e+00 4.917371604873587154e-01 5.988091881733351857e-02 8.686822464581884784e-01 3.841783935871592348e+01
8.696389471708313446e-01 3.386839990930784906e-03 -4.936766411837498203e-01 -1.476500240119654350e+01 -3.184229664774379520e-02 9.982790998085859790e-01 -4.924334561009438560e-02 -2.646399692129905112e+00 4.926603020971182523e-01 5.854372938170132601e-02 8.682502307850856749e-01 3.930035127878385026e+01
8.689516007222772842e-01 1.318236459872268711e-03 -4.948953152012424694e-01 -1.528199443480379571e+01 -2.995873586001901803e-02 9.983026312655931545e-01 -4.994327388313893334e-02 -2.712019344437328616e+00 4.939894668172098435e-01 5.822472590344480309e-02 8.675161628243621692e-01 4.019241933947665757e+01
8.679463684264792089e-01 -5.918470540115726127e-04 -4.966575745690767762e-01 -1.581183590494705449e+01 -2.813622671069353209e-02 9.983347329959832983e-01 -5.035984201716447312e-02 -2.774420818227867347e+00 4.958603209504101605e-01 5.768371219464288324e-02 8.664843543205178467e-01 4.113113609984646502e+01
8.665507291844729565e-01 -6.915031703235865026e-04 -4.990885198579102511e-01 -1.633476833550805907e+01 -2.717158857896422031e-02 9.984505906725938962e-01 -4.856050665125795363e-02 -2.839623060241463826e+00 4.983488157679128450e-01 5.564117043907693821e-02 8.651892988517424499e-01 4.201801650887777129e+01
8.642583322384710387e-01 -6.886721693354568800e-04 -5.030477670120890865e-01 -1.689997492691903958e+01 -2.549344708094245654e-02 9.986541514375312234e-01 -4.516602724688800058e-02 -2.899344291832835818e+00 5.024018541315173891e-01 5.185953703627590311e-02 8.630776154726855776e-01 4.296152403352454741e+01
8.614535857104201888e-01 -7.758508447483574398e-04 -5.078357142260320201e-01 -1.743382713381997817e+01 -2.320483209121762536e-02 9.988942026373344163e-01 -4.088896852416541716e-02 -2.961331655076626657e+00 5.073058833106838250e-01 4.700819100745030205e-02 8.604829898222324802e-01 4.388261787702695926e+01
8.577612709243831457e-01 -2.344829207404064506e-03 -5.140428957656306697e-01 -1.798905575100836174e+01 -2.077559879702200671e-02 9.990144249686132571e-01 -3.922439593440717187e-02 -3.022912956747803470e+00 5.136282512813356016e-01 4.432471662357524711e-02 8.568671683147941476e-01 4.475655882762579552e+01
8.522425122536978481e-01 -4.662875880049681052e-03 -5.231261344438883354e-01 -1.855135899462956672e+01 -1.953377619023141318e-02 9.989793294172352178e-01 -4.072752163444782331e-02 -3.082312073775268058e+00 5.227821113732962210e-01 4.492835413313724102e-02 8.512815705435836655e-01 4.567278856321658509e+01
8.463861229203616388e-01 -7.099565666811622801e-03 -5.325224141404645284e-01 -1.910905842202474858e+01 -1.893141918250987668e-02 9.988781127753285638e-01 -4.340641907598090377e-02 -3.147391370832254065e+00 5.322331599392781110e-01 4.681999575676241976e-02 8.453021690263873289e-01 4.655446397588841734e+01
8.402778631295138023e-01 -8.075565937444444814e-03 -5.420958330889716903e-01 -1.969998762058974151e+01 -1.839157643656989805e-02 9.988889845770354547e-01 -4.338832143006515762e-02 -3.209538037826650925e+00 5.418439508446368791e-01 4.642824291408089582e-02 8.391957798274284341e-01 4.746622199329162584e+01
8.344217712636753381e-01 -5.142183811774754879e-03 -5.511024039953192899e-01 -2.030564809682286054e+01 -1.937635466630020439e-02 9.990645566897983221e-01 -3.865964925316553447e-02 -3.258880761990104791e+00 5.507856834552465886e-01 4.293680854956182652e-02 8.335415809876653981e-01 4.834276056907632579e+01
8.296510333252000713e-01 -8.537554354654862485e-04 -5.582816743886239719e-01 -2.089965112482722276e+01 -2.216060392203476545e-02 9.991603419520995732e-01 -3.446039387965201678e-02 -3.309960397515812947e+00 5.578423390545687033e-01 4.096196033294665501e-02 8.289354911978147333e-01 4.920973842767705264e+01
8.253596835921702679e-01 -9.471325487705961827e-04 -5.646064908127013116e-01 -2.151990603781379718e+01 -2.294246723907831381e-02 9.991164164860851793e-01 -3.521405328589312378e-02 -3.375235599178493917e+00 5.641409759278450675e-01 4.201772567971893274e-02 8.246086806096472044e-01 5.009742871177951429e+01
8.221050616833995850e-01 -2.520079119655761150e-03 -5.693302297345228524e-01 -2.214683283373600986e+01 -2.445241143521958635e-02 9.989111899324005783e-01 -3.973052036033532936e-02 -3.419789613643844817e+00 5.688104711059297491e-01 4.658415883385403494e-02 8.211483241941908151e-01 5.096407125222749102e+01
8.193042753996494509e-01 -4.784793889433369696e-03 -5.733389954594179105e-01 -2.274189787525337891e+01 -2.625449125937643832e-02 9.986031893656047709e-01 -4.585162945492797515e-02 -3.496335411632390588e+00 5.727575499147905536e-01 5.261915966744176720e-02 8.180342409399845582e-01 5.182236830403563488e+01
8.156197072625210875e-01 -5.739888217962936176e-03 -5.785598848498137992e-01 -2.336976585076464019e+01 -2.660512967408834237e-02 9.985210093839781420e-01 -4.741266644905525740e-02 -3.554441390016731095e+00 5.779763535686821552e-01 5.406336587590242909e-02 8.142607037002647097e-01 5.268914641831775469e+01
8.129259419753404048e-01 -4.365561155204975181e-03 -5.823507089446470220e-01 -2.399571730684617421e+01 -2.602286036313557552e-02 9.987007707235312504e-01 -4.381302707534856511e-02 -3.621660532311900660e+00 5.817853803265339296e-01 5.077117743832746527e-02 8.117561612110186786e-01 5.354242153005757388e+01
8.089320147801291050e-01 -2.884426147852420241e-03 -5.878951172626160071e-01 -2.465512058798664796e+01 -2.479225394217334649e-02 9.989310247503289109e-01 -3.901476620609243412e-02 -3.668802791178922718e+00 5.873792172691243429e-01 4.613553837447705031e-02 8.079957758683831148e-01 5.440521421072507025e+01
8.057515199232527792e-01 -1.271244895803487094e-03 -5.922523662560909008e-01 -2.529235932081762783e+01 -2.495818240437727015e-02 9.990364874256812966e-01 -3.609966719103979704e-02 -3.726250785860591108e+00 5.917276253736193370e-01 4.386890417136013465e-02 8.049434410629535686e-01 5.526911138579706062e+01
8.029167743672270818e-01 -9.725428716756217250e-04 -5.960903461530787650e-01 -2.593005712431913778e+01 -2.569222420565325793e-02 9.990129212833984695e-01 -3.623662199890983343e-02 -3.783724882914915710e+00 5.955372099949456377e-01 4.440987834806642276e-02 8.020992463467497835e-01 5.611745156092430875e+01
7.997582858092501246e-01 -1.431442160240366983e-03 -6.003204380499367332e-01 -2.657815610692482267e+01 -2.659051399722347359e-02 9.989312429349749278e-01 -3.780630244904157472e-02 -3.839824360282650950e+00 5.997329692138946289e-01 4.619873254197724710e-02 7.988654765419556103e-01 5.697365179604467045e+01
7.955663693305694562e-01 -3.570670856962441728e-03 -6.058559195650417006e-01 -2.723555873324367127e+01 -2.620483572175508202e-02 9.988440575699170099e-01 -4.029708787372135448e-02 -3.897882988544948635e+00 6.052994830712780105e-01 4.793536264206287034e-02 7.945531724062151469e-01 5.780146491751322202e+01
7.918249928583330766e-01 -4.737128321799210715e-03 -6.107296727431117400e-01 -2.789888504091305421e+01 -2.533203009220190774e-02 9.988546663705808459e-01 -4.059117845039607320e-02 -3.948924857400137434e+00 6.102224796499972070e-01 4.761213193293156731e-02 7.907980888362062810e-01 5.865211659185489168e+01
7.869849943702043049e-01 -4.938874795974454966e-03 -6.169523635466714895e-01 -2.857239096472952866e+01 -2.502284574376327508e-02 9.988896865147758319e-01 -3.991555350719311335e-02 -4.010035127008207745e+00 6.164645015662161276e-01 4.685084536250604809e-02 7.859876104730286750e-01 5.951775855578819829e+01
7.820687548316873627e-01 -5.301865316007996903e-03 -6.231695961280983020e-01 -2.925925313826872198e+01 -2.430291437154104631e-02 9.989436763274717190e-01 -3.899871694912635661e-02 -4.077183189806059538e+00 6.227181040133192846e-01 4.564451520807147333e-02 7.811137871795195142e-01 6.034292083212171320e+01
7.765986422639611364e-01 -6.585215498177589624e-03 -6.299612497768349861e-01 -2.994762276448019378e+01 -2.398906420217492702e-02 9.989110681645746448e-01 -4.001503143911704780e-02 -4.130629614525741289e+00 6.295387833765068164e-01 4.618779982169341630e-02 7.755950069969643756e-01 6.117551722220275678e+01
7.710440725328433498e-01 -7.014820204479138219e-03 -6.367431372292114977e-01 -3.065503504402850865e+01 -2.430697946626805134e-02 9.988863403749355108e-01 -4.043822209463771716e-02 -4.189628270028109114e+00 6.363176999344613005e-01 4.665695368082706240e-02 7.700148836741599334e-01 6.202463904668459094e+01
7.663384653941526237e-01 -8.398505069927716948e-03 -6.423821399632286822e-01 -3.134754025482020978e+01 -2.396680514470121703e-02 9.988447500172517035e-01 -4.165042205437415046e-02 -4.250313845972747195e+00 6.419898403568428114e-01 4.731416796843569694e-02 7.652518684531658399e-01 6.283100913561514744e+01
7.602895714953172845e-01 -9.786712331019556746e-03 -6.495105693911916722e-01 -3.207842967606826790e+01 -2.351494293336710284e-02 9.988164829847941961e-01 -4.257558946598274940e-02 -4.304338809211615491e+00 6.491585488199630438e-01 4.764298051444018633e-02 7.591596227713632850e-01 6.368139397281347414e+01
7.548066250727375470e-01 -1.217461593857126559e-02 -6.558343764583711710e-01 -3.281753079113235572e+01 -2.203353996675550333e-02 9.987929379094413473e-01 -4.389977603929320210e-02 -4.366377111092780261e+00 6.555772178620178359e-01 4.758619460406614959e-02 7.536272776342245461e-01 6.449133637647130968e+01
7.481490186621923000e-01 -1.320401034899798196e-02 -6.633993455553539587e-01 -3.354606708793193093e+01 -2.112310673954964288e-02 9.988212932991475945e-01 -4.370169847366403570e-02 -4.437377805364072003e+00 6.631944414172215030e-01 4.670843786549572219e-02 7.469882616026174427e-01 6.529561897114635372e+01
7.420395370974330884e-01 -1.285697044173647434e-02 -6.702328067420374458e-01 -3.428120880088115996e+01 -2.097134397760269664e-02 9.988814632622523559e-01 -4.237953655740282072e-02 -4.495944604491932672e+00 6.700280107301023191e-01 4.550297425915740546e-02 7.409399115964976357e-01 6.612280509445056964e+01
7.361855561959619321e-01 -1.359978727899521268e-02 -6.766430846631096285e-01 -3.502724492016306357e+01 -1.970525614594909394e-02 9.989434655899248616e-01 -4.151692990850484183e-02 -4.561299800989494280e+00 6.764928210460466884e-01 4.389758925375240178e-02 7.351397644728902003e-01 6.693647117240300304e+01
7.287773668137597083e-01 -1.472574943571353968e-02 -6.845923554378834375e-01 -3.580227919245992751e+01 -1.926990977672999455e-02 9.989317270669257898e-01 -4.200089604609512361e-02 -4.627402001602619386e+00 6.844795304340327569e-01 4.380133515555433010e-02 7.277150707677958463e-01 6.775621384212163889e+01
7.223952347318983724e-01 -1.666698422241498154e-02 -6.912794858200783654e-01 -3.660092010107393179e+01 -1.846241707227221085e-02 9.988881703765607467e-01 -4.337697854232116373e-02 -4.693131478927528022e+00 6.912338761517788921e-01 4.409801258340470542e-02 7.212843424575640094e-01 6.853890038313767263e+01
7.169176425155143750e-01 -1.595813210534868451e-02 -6.969751952355528468e-01 -3.736262651116061306e+01 -2.017963403718565571e-02 9.988440727887222259e-01 -4.362683415609219795e-02 -4.751188444770926722e+00 6.968657574458820836e-01 4.534155127939470259e-02 7.157669096078023152e-01 6.933006429048830910e+01
7.119530272999333720e-01 -1.583457745278622417e-02 -7.020485338321689195e-01 -3.817857970170707205e+01 -2.015116182388446142e-02 9.988733410219087228e-01 -4.296486130204723447e-02 -4.818286087867376999e+00 7.019379070822006073e-01 4.473605648810911883e-02 7.108318148736590958e-01 7.017038436696638826e+01
7.071465034298290986e-01 -1.536048600967269799e-02 -7.069001830654971785e-01 -3.900480829544857642e+01 -2.094686432900620329e-02 9.988700823565793696e-01 -4.265896721114144363e-02 -4.871877728782194161e+00 7.067567187383765326e-01 4.497348153312698271e-02 7.060257330860221225e-01 7.093587635785628720e+01
7.014422258211906458e-01 -1.539409889718672438e-02 -7.125600438394702474e-01 -3.979094877947588316e+01 -2.192961253426464752e-02 9.988272044989885412e-01 -4.316604782174233296e-02 -4.941623121468222024e+00 7.123888713243794468e-01 4.590465413777356646e-02 7.002819919015498273e-01 7.173638372836860810e+01
6.965197142627487237e-01 -1.805268463994671654e-02 -7.173105175778432541e-01 -4.064758769944154437e+01 -2.119150334712162700e-02 9.987298372823459891e-01 -4.571249656759789753e-02 -5.008449163524888448e+00 7.172246621581132020e-01 4.704054309501608244e-02 6.952524583601037422e-01 7.253619351218978295e+01
6.919224961224241799e-01 -2.017390227977876316e-02 -7.216898664429949317e-01 -4.147745207267751510e+01 -2.094255724228845025e-02 9.986280470247141938e-01 -4.799409364024845304e-02 -5.080982056055845852e+00 7.216679824863412307e-01 4.832222423283733664e-02 6.905507188952217934e-01 7.331720118019779875e+01
6.864309841985021254e-01 -2.051639417876794519e-02 -7.269054764355030729e-01 -4.233917833688558119e+01 -2.186483471966828990e-02 9.985676929237635724e-01 -4.883125726135585654e-02 -5.142207082002456353e+00 7.268661784366677869e-01 4.941295590966135465e-02 6.849992176851482650e-01 7.409639935389597554e+01
6.816121431723587420e-01 -2.057864656950078239e-02 -7.314242241281301293e-01 -4.318451562649722320e+01 -2.141705514089525114e-02 9.986150753700173688e-01 -4.805456301382021039e-02 -5.218130087430409958e+00 7.314001671895870027e-01 4.841952644083984819e-02 6.802274287358465177e-01 7.487849144812709312e+01
6.764297244639475570e-01 -2.059810427922501713e-02 -7.362190814537025174e-01 -4.402679895234232532e+01 -2.047749979191156380e-02 9.986964129599901208e-01 -4.675624851770746049e-02 -5.287177596060887552e+00 7.362224585845301705e-01 4.670324218563350754e-02 6.751261427896033673e-01 7.564436522532018614e+01
6.713012482681034454e-01 -2.119464225848617309e-02 -7.408815094398804035e-01 -4.490574632848387893e+01 -2.030637630530309976e-02 9.986899170957355132e-01 -4.696914523889007126e-02 -5.362063140136871020e+00 7.409064002533825022e-01 4.657506434928981170e-02 6.699914026283685375e-01 7.641933821766563995e+01
6.674263645234432829e-01 -2.214655782205752696e-02 -7.443464029902685519e-01 -4.580562885556365416e+01 -1.962195234736534288e-02 9.986875946273138238e-01 -4.730821655541584542e-02 -5.429173197545955176e+00 7.444172457690542144e-01 4.618028042328588267e-02 6.661158729100211673e-01 7.720642701608370828e+01
6.625591262041261587e-01 -2.292293713455772694e-02 -7.486587559466384434e-01 -4.668998150132382818e+01 -1.868632851306043299e-02 9.987145965538344328e-01 -4.711661899074969656e-02 -5.502527772569308695e+00 7.487764916171675278e-01 4.520722914029140505e-02 6.612791259279392486e-01 7.800024313109678076e+01
6.580362861199431368e-01 -2.402834015867033601e-02 -7.526027335431610954e-01 -4.758956330017952041e+01 -1.727808186467217136e-02 9.987457297124638922e-01 -4.699399209764116431e-02 -5.565945079333494583e+00 7.527879669148208608e-01 4.392728343168201405e-02 6.567957681772469414e-01 7.874073918760129231e+01
6.545305746529844759e-01 -2.608349339558673971e-02 -7.555854469607592439e-01 -4.846072146448209850e+01 -1.544431739418201943e-02 9.987348394813858610e-01 -4.785596605279014010e-02 -5.641820662029483735e+00 7.558777739049918898e-01 4.299269417282011729e-02 6.532996477126672419e-01 7.950134246686567963e+01
6.498964754583929082e-01 -3.067786804518711496e-02 -7.594033374596430574e-01 -4.940967602041266105e+01 -1.183340819913130705e-02 9.986554692695975843e-01 -5.047003228998259150e-02 -5.723830897417991004e+00 7.599306224438430180e-01 4.178662552077166970e-02 6.486596469973892054e-01 8.029702242551822167e+01
6.451696412803735736e-01 -3.451179325731660447e-02 -7.632594967268475639e-01 -5.028914268821778677e+01 -8.527335516131780146e-03 9.985918313247367228e-01 -5.236066236483117448e-02 -5.791173172364637800e+00 7.639917721562412556e-01 4.029007929454983539e-02 6.439668410235288576e-01 8.106592374826648495e+01
6.386886948155068300e-01 -3.826769185381666272e-02 -7.685130603877224909e-01 -5.119656821881051911e+01 -3.384865871029808966e-03 9.986131645354410225e-01 -5.253846487875490218e-02 -5.864978600130806186e+00 7.694577982936241511e-01 3.615703687579316372e-02 6.376734087491532366e-01 8.182234683594427338e+01
6.302021268931234932e-01 -4.183793477020911894e-02 -7.753030732605493691e-01 -5.215635007234670439e+01 1.363356192189953868e-03 9.986052409077591507e-01 -5.277986428868720881e-02 -5.956341276542870489e+00 7.764299261827524168e-01 3.220496813193648306e-02 6.293801878347291545e-01 8.258939190557283894e+01
6.222642134127548408e-01 -4.290385281075538570e-02 -7.816306652669691157e-01 -5.309125652585445465e+01 4.159962048543033863e-03 9.986640689630665868e-01 -5.150506826012982153e-02 -6.036840376361637617e+00 7.827962399968427798e-01 2.879820649437197025e-02 6.216113908263202203e-01 8.333157091721297149e+01
6.128244090293131219e-01 -4.261729803748053741e-02 -7.890690705968078644e-01 -5.404337700417558921e+01 5.854951693049085734e-03 9.987621343250325801e-01 -4.939553174312012046e-02 -6.096869538087793750e+00 7.901974268358783471e-01 2.565082583355550450e-02 6.123153380508713495e-01 8.407250178658372874e+01
6.039717170716319972e-01 -4.182783292705975070e-02 -7.959073977242550058e-01 -5.503678538861751690e+01 4.546982962693202693e-03 9.987864945198263733e-01 -4.903940548568168356e-02 -6.181986757481024775e+00 7.969927855708051068e-01 2.599943613053804295e-02 6.034289856373351579e-01 8.480646515771317695e+01
5.947369466386329684e-01 -4.262735059274946198e-02 -8.027894253662755109e-01 -5.601001127891169062e+01 3.306385240185131125e-03 9.987144742924819463e-01 -5.058128741139489293e-02 -6.258141754686056046e+00 8.039135790883870092e-01 2.742822890587112705e-02 5.941133405672792689e-01 8.551849952920780140e+01
5.833082697699067953e-01 -4.487463364570291879e-02 -8.110103067437695046e-01 -5.700989670667402720e+01 3.840114804290934141e-03 9.986139022254726383e-01 -5.249312125174202676e-02 -6.342599430714780162e+00 8.122417907859679209e-01 2.750529862336489884e-02 5.826720723516587430e-01 8.624593635637729960e+01
5.741467289655542983e-01 -4.626202894154966827e-02 -8.174443993881178594e-01 -5.802750777395370108e+01 3.967938360761308694e-03 9.985479202327862680e-01 -5.372435612643511327e-02 -6.413150480806907083e+00 8.187428167838138870e-01 2.760209391900748932e-02 5.734965881365815532e-01 8.693126589068003796e+01
5.642133934500014325e-01 -4.769234546269130598e-02 -8.242503712115138992e-01 -5.904778657704643052e+01 7.360325385908343503e-03 9.985810937415942057e-01 -5.274111113606323731e-02 -6.493811909193564880e+00 8.255961987673605673e-01 2.369048988992553464e-02 5.637638598663732292e-01 8.762145162277450083e+01
5.541272156331141785e-01 -4.697076066076856515e-02 -8.311057477558974060e-01 -6.008787311295107259e+01 7.750963180001843762e-03 9.986546414407091454e-01 -5.127211396978687691e-02 -6.583961004425467500e+00 8.323959171114075906e-01 2.196940321569966839e-02 5.537457856373599885e-01 8.831849622231329988e+01
5.436614357422060451e-01 -4.791666315380434943e-02 -8.379356919852947172e-01 -6.112370008218636741e+01 8.151961276378925925e-03 9.986233566862744437e-01 -5.181637751793195107e-02 -6.665741094101660380e+00 8.392650358376306796e-01 2.133974638435794102e-02 5.433036238142273655e-01 8.900303273217937772e+01
5.338449343766146216e-01 -4.895376093032612064e-02 -8.441641442158731579e-01 -6.216167290163149062e+01 7.713549070478617833e-03 9.985631555930022385e-01 -5.302947693345620717e-02 -6.742262757335280021e+00 8.455472186436746584e-01 2.179801558493551367e-02 5.334554906841234567e-01 8.963539463002308594e+01
5.232043544881467279e-01 -4.963313078321497651e-02 -8.507606847021943475e-01 -6.327503426462965308e+01 6.930189110905258729e-03 9.985173592668825648e-01 -5.399125571044804256e-02 -6.829792897333845758e+00 8.521790820478970518e-01 2.235252716075260271e-02 5.227725985706125345e-01 9.029582763169246107e+01
5.138304543516913903e-01 -5.018819115501296779e-02 -8.564224403586013779e-01 -6.431626627035571175e+01 5.048590735660512911e-03 9.984469174811522185e-01 -5.548211133167395975e-02 -6.911818525536459035e+00 8.578769072787646444e-01 2.418467159055891560e-02 5.132858140875978803e-01 9.090887275025195891e+01
