1.000000000000000000e+00 -3.306050084167601550e-19 -2.270457535318767223e-19 -8.673617379884035472e-19 7.546676715296109287e-19 1.000000000000000000e+00 6.237773588823049983e-19 1.387778780781445676e-17 -3.447385680526250622e-20 4.770700176052009879e-20 1.000000000000000222e+00 5.551115123125782702e-17
9.999274790424231840e-01 -2.918930274332226342e-03 1.168809837139677191e-02 1.334556204053254785e-02 2.906115142984362545e-03 9.999951804537023925e-01 1.113727279980391638e-03 -7.831438366443385646e-03 -1.169129221124252070e-02 -1.079697552200184355e-03 9.999311303102406123e-01 2.943688957992859345e-01
9.998338104414327132e-01 -5.397214422036024188e-03 1.741595275773941826e-02 2.834296002921098123e-02 5.372901191442018727e-03 9.999845220020734393e-01 1.442708437634504168e-03 -9.778451484388925308e-03 -1.742347224774239145e-02 -1.348892909815529745e-03 9.998473451039490145e-01 5.773924807680159699e-01
9.997538027196475330e-01 -7.525452971236037958e-03 2.087591813467287727e-02 3.768269103316241458e-02 7.514942077546861443e-03 9.999716092916844934e-01 5.817793222930668423e-04 -1.330412983267791061e-02 -2.087970816747397595e-02 -4.247948793997020239e-04 9.997819555995998142e-01 8.790589685783314344e-01
9.997846560109934222e-01 -9.180002227596352829e-03 1.860885014128851531e-02 4.132042953301801047e-02 9.198943497971652852e-03 9.999572685590762955e-01 -9.320906904248331924e-04 -1.941488150599035567e-02 -1.859950173623890410e-02 1.103049388690293536e-03 9.998262993831775747e-01 1.192530434498112246e+00
9.998518965944748205e-01 -1.174074319014702279e-02 1.257955226255161665e-02 3.915189081649232683e-02 1.177154026830659964e-02 9.999278668566128347e-01 -2.377085284180805759e-03 -2.072082545868379755e-02 -1.255073259018045853e-02 2.524847009632646879e-03 9.999180409999015584e-01 1.508858304340041867e+00
9.999186837907946268e-01 -1.274914292819651074e-02 2.382056813864973966e-04 3.367853207868597154e-02 1.274990771932531415e-02 9.999124701853835395e-01 -3.536737501293338738e-03 -3.173289959263161930e-02 -1.930992462954208959e-04 3.539486618102643829e-03 9.999937275774719581e-01 1.831218852345360304e+00
9.997883456995086959e-01 -1.151457392241247296e-02 -1.704825610401449615e-02 1.788151255436863651e-02 1.144529455188608019e-02 9.999259037135951322e-01 -4.155384730743797751e-03 -3.262920035110092321e-02 1.709482931631407451e-02 3.959378698847379648e-03 9.998459875177437839e-01 2.155852150553289270e+00
9.993158773081631807e-01 -9.256628843619016042e-03 -3.581575945129204103e-02 -2.258665937315956773e-02 9.096278390456399160e-03 9.999478778581478711e-01 -4.637132908968479017e-03 -3.736805607817961228e-02 3.585682191247087369e-02 4.308334888972303357e-03 9.993479930522256582e-01 2.506912021031977744e+00
9.984342791645128834e-01 -3.148247299158156865e-03 -5.584401715650090525e-02 -6.969210959944974193e-02 2.879739820936605237e-03 9.999839275047982534e-01 -4.887054830306149407e-03 -4.576775972399819981e-02 5.585850897496923845e-02 4.718572084311755364e-03 9.984272771105962008e-01 2.856095921397542980e+00
9.972087096223199998e-01 -3.304898852747014618e-03 -7.458618115896595291e-02 -1.127592219061104017e-01 2.908777163396752703e-03 9.999810865647055236e-01 -5.418450798006881931e-03 -4.581578013443109165e-02 7.460268143190668111e-02 5.186355736576121409e-03 9.971994993909776284e-01 3.219642223391649516e+00
9.954395227898150678e-01 -3.874530720458677253e-03 -9.533159569214963436e-02 -1.671241130883407977e-01 3.433530776430835599e-03 9.999826340404135427e-01 -4.791394656893982820e-03 -5.391808083848805000e-02 9.534850151694211629e-02 4.442408013675088960e-03 9.954355635448327577e-01 3.599213495930645657e+00
9.931639879202320831e-01 -5.078143600408248533e-03 -1.166107482262037781e-01 -2.256400948748759627e-01 4.684352631021645660e-03 9.999823908204872325e-01 -3.651339167372579745e-03 -6.163895301543899363e-02 1.166272361786548362e-01 3.080156570969251606e-03 9.931702425628391451e-01 3.989188898671561567e+00
9.911292021302786637e-01 -4.736639191208483028e-03 -1.327998026744710014e-01 -2.984270336085266817e-01 4.277368119746095994e-03 9.999838684457881266e-01 -3.743240645926643444e-03 -6.599535582467101757e-02 1.328154035103693009e-01 3.141720805849818488e-03 9.911335071636492300e-01 4.380536138556898607e+00
9.887342212825785959e-01 -3.374468272665622545e-03 -1.496071437810296278e-01 -3.749704923847713145e-01 3.050027777852660181e-03 9.999924657188067334e-01 -2.397536625855051836e-03 -7.381482727201341132e-02 1.496141184862717632e-01 1.914316977008434333e-03 9.887370352276187990e-01 4.800082334350000757e+00
9.867803758724043028e-01 -2.772011930186248346e-03 -1.619976243617836098e-01 -4.601910205299675760e-01 2.388340315635492216e-03 9.999938777031194270e-01 -2.562235771494301984e-03 -7.766941606456231884e-02 1.620037349360325118e-01 2.141477210209742112e-03 9.867809536769790446e-01 5.221214250898261078e+00
9.844897290715438620e-01 -4.072493432487636796e-03 -1.753723283411866563e-01 -5.553501012487103150e-01 3.496796365486509045e-03 9.999874428093853407e-01 -3.591188778208776865e-03 -8.683576714980754951e-02 1.753847591914875770e-01 2.922208929226842531e-03 9.844915771653967029e-01 5.657977438195895381e+00
9.825447085976560802e-01 -6.778008149900898414e-03 -1.859126388009467445e-01 -6.447040356126025884e-01 5.867364052101500978e-03 9.999679480036848256e-01 -5.449087561505132349e-03 -9.848739501515825501e-02 1.859436228005466041e-01 4.263302289589349960e-03 9.825530014911580956e-01 6.110017337555884609e+00
9.814473419851088565e-01 -6.228154076702734944e-03 -1.916662755076304903e-01 -7.407431481619225488e-01 4.878129411057989008e-03 9.999598469181812943e-01 -7.517346408247531538e-03 -1.066530534330084046e-01 1.917054137387573520e-01 6.442913812382831777e-03 9.814383153806152116e-01 6.568115732959586950e+00
9.798034963963115906e-01 -5.891586367975018383e-03 -1.998688337058195374e-01 -8.554218179888509743e-01 4.221081313871083429e-03 9.999525363127778066e-01 -8.781114250676956209e-03 -1.075785668279712753e-01 1.999110933729617012e-01 7.760067388991559283e-03 9.797818310222952132e-01 7.046257812984562108e+00
9.783584917993249919e-01 -6.995583383907938088e-03 -2.067904903652898474e-01 -9.666532330471107048e-01 4.681990333376701702e-03 9.999208898790172828e-01 -1.167380019250608726e-02 -1.144630865955834215e-01 2.068558251027272366e-01 1.045280403212369910e-02 9.783138337872037127e-01 7.527946477046707940e+00
9.763523789475195835e-01 -1.062426532023880328e-02 -2.158745408334962756e-01 -1.077035368766489976e+00 7.880735994836638239e-03 9.998768893917140410e-01 -1.356196962174009528e-02 -1.247048300497741319e-01 2.159920785426659162e-01 1.153957301488331248e-02 9.763160168856812593e-01 8.032523972914145105e+00
9.746220896962750624e-01 -1.591567800655563011e-02 -2.232696107200653202e-01 -1.193609914159341923e+00 1.292024049169068246e-02 9.998059028142889382e-01 -1.487139845768060790e-02 -1.374578965523825802e-01 2.234629997691409131e-01 1.160848149002475897e-02 9.746387060406144220e-01 8.549303271718518005e+00
9.730906122339835207e-01 -1.761125429493071506e-02 -2.297455319491195080e-01 -1.317264134926663832e+00 1.408501481306366661e-02 9.997565627496337592e-01 -1.698608553278722552e-02 -1.596247318776358171e-01 2.299887273263822030e-01 1.329191531197184035e-02 9.731019026225841140e-01 9.071419207305730481e+00
9.706733860255754021e-01 -1.313758988733231686e-02 -2.400131374599777101e-01 -1.473318870558392835e+00 8.206844230728281564e-03 9.997344380425743360e-01 -2.153105761090793116e-02 -1.611964936744375854e-01 2.402322659962979612e-01 1.892936537822921886e-02 9.705236153315698333e-01 9.602242671919567485e+00
9.688068346067699732e-01 -1.092893356390542067e-02 -2.476276527145570838e-01 -1.627555803940591961e+00 5.164242348338612607e-03 9.997004619484035626e-01 -2.392023046470524716e-02 -1.751773920572055609e-01 2.478149632112873202e-01 2.189551240686730613e-02 9.685732059548974870e-01 1.014397054377379348e+01
9.662019485862064494e-01 -1.316321398230898936e-02 -2.574981158255910119e-01 -1.786174321863569947e+00 6.710375214753463470e-03 9.996412447741710450e-01 -2.592462171247291933e-02 -1.986736192416477809e-01 2.577471353302217549e-01 2.332039647786570552e-02 9.659437610425464227e-01 1.071130257346101011e+01
9.641431498151203927e-01 -1.559944198346750570e-02 -2.649718006997162645e-01 -1.948553070521192865e+00 8.360125557673646346e-03 9.995606768974848455e-01 -2.843270602026887889e-02 -2.254993854498068551e-01 2.652989986686998813e-01 2.519799192883474120e-02 9.638501846323048738e-01 1.128234659747823798e+01
9.625574215511651932e-01 -1.568783625785540384e-02 -2.707254791839048269e-01 -2.126508364302594600e+00 7.576302710956925313e-03 9.994908103820436818e-01 -3.099545831832363138e-02 -2.462999824456080233e-01 2.710739662625599733e-01 2.778428201429038527e-02 9.621862775348701824e-01 1.186261994997336444e+01
9.600304181868641873e-01 -1.422388283152171799e-02 -2.796036247490732984e-01 -2.309808901905990641e+00 4.643949100261165336e-03 9.993798902525004024e-01 -3.490471532904143581e-02 -2.681796755711154945e-01 2.799267570226862123e-01 3.221156423730948959e-02 9.595010890177585461e-01 1.244903761643363715e+01
9.578840110586408496e-01 -1.533451772975713556e-02 -2.867429595575010648e-01 -2.505956541407098559e+00 4.164094286895430284e-03 9.992099040090841600e-01 -3.953311294531468983e-02 -2.951326465733137283e-01 2.871224281680733736e-01 3.667509382396358375e-02 9.571910890712216347e-01 1.304540727445271919e+01
9.557929581554657217e-01 -1.610772604451303491e-02 -2.935244859663063699e-01 -2.705020276355918796e+00 2.475296893648573637e-03 9.989037953122329450e-01 -4.675688187950915314e-02 -3.341980305181699307e-01 2.939555274620121450e-01 4.396407866386844998e-02 9.547850103720232351e-01 1.366433339951258752e+01
9.544943028138906937e-01 -1.744914143071201254e-02 -2.976345314590627122e-01 -2.908915196344301624e+00 1.221968248215088166e-03 9.985072945304173109e-01 -5.460466141472895829e-02 -3.666064805975383090e-01 2.981428805578288932e-01 5.175671890104380918e-02 9.530909271841957464e-01 1.428538668874447914e+01
9.536731999441430130e-01 -1.752981136436844792e-02 -3.004150358265821885e-01 -3.121663149492868161e+00 -1.722955681257477703e-03 9.979662635125485792e-01 -6.372025592160643348e-02 -4.108165915643263721e-01 3.009214140313934416e-01 6.128517519069364566e-02 9.517035584129682757e-01 1.491926756958253897e+01
9.523544664346224042e-01 -1.767237356842573173e-02 -3.045048754716602746e-01 -3.344010252015294338e+00 -4.689207539417895691e-03 9.973534603392608666e-01 -7.254128325749817363e-02 -4.522497293144144281e-01 3.049813449277963273e-01 7.051169870927469219e-02 9.497512564422118109e-01 1.556454107298307044e+01
9.510652571010452805e-01 -1.636025607103899424e-02 -3.085346479911283968e-01 -3.567874764658675701e+00 -8.701940187648131431e-03 9.967828767350925823e-01 -7.966639579258805171e-02 -5.128339852531539345e-01 3.088455806146332416e-01 7.845275662371259395e-02 9.478633477350598691e-01 1.622120692695492394e+01
9.494813138286863907e-01 -1.517275392645011517e-02 -3.135131365011948334e-01 -3.802708615407335735e+00 -1.250354642102334893e-02 9.962083303822154567e-01 -8.608922742576365084e-02 -5.719883711272458759e-01 3.136313328087280139e-01 8.565806560119609836e-02 9.456915003127189800e-01 1.689492864833735553e+01
9.481817530128316962e-01 -1.391630994861034476e-02 -3.174188202467505548e-01 -4.051185765383139348e+00 -1.616779459964871532e-02 9.956327109592473246e-01 -9.194594658781111984e-02 -6.416040252510785136e-01 3.173124347267956002e-01 9.231272323498081189e-02 9.438158794651161365e-01 1.757190453456798451e+01
9.467340050131564100e-01 -1.032400840209678379e-02 -3.218639791847066056e-01 -4.296635267573653216e+00 -2.218547517673064712e-02 9.950197029409048044e-01 -9.718064986005194028e-02 -7.118129507966238778e-01 3.212645729185065746e-01 9.914441396392875694e-02 9.417901410373330506e-01 1.825348388702758839e+01
9.444083941544011429e-01 -8.042477139665967292e-03 -3.287282977590745281e-01 -4.562231196294582070e+00 -2.662984322653579039e-02 9.945447601033574614e-01 -1.008398948627455133e-01 -7.844280919640731486e-01 3.277463084769340895e-01 1.039863831290766816e-01 9.390423367700737600e-01 1.896161147112011136e+01
9.427958861786287503e-01 -7.600162246871744118e-03 -3.332598123650902799e-01 -4.829176962068944867e+00 -2.830928554436444936e-02 9.943035941624712715e-01 -1.027724334910929266e-01 -8.622699795481678642e-01 3.321424623721758174e-01 1.063289918032705589e-01 9.372104170816908386e-01 1.966834519081109534e+01
9.404918916254711991e-01 -6.034382289209217799e-03 -3.397182396735021204e-01 -5.103521214394303840e+00 -3.010531466975541193e-02 9.944312404461422839e-01 -1.009843345459638386e-01 -9.489371047907712020e-01 3.384364265112603798e-01 1.052005595871394472e-01 9.350728195809134835e-01 2.039613794905420363e+01
9.381631505042855590e-01 -6.790272068765038777e-03 -3.460985158244516136e-01 -5.384076750105423415e+00 -2.971157987086348040e-02 9.945394451891697019e-01 -1.000447305436753254e-01 -1.031550077019820044e+00 3.448888734460968108e-01 1.041390263596340543e-01 9.328382663899801308e-01 2.112282211807827537e+01
9.362598933918374611e-01 -5.938148421733879453e-03 -3.512249770944928517e-01 -5.666074128972431012e+00 -3.030921728547936178e-02 9.947635179525213811e-01 -9.758954528641633486e-02 -1.115038614822088769e+00 3.499653502812896111e-01 1.020145636856641530e-01 9.311773256551530986e-01 2.185863404625795425e+01
9.335917992270198473e-01 -6.273650091667703349e-03 -3.582220573220505910e-01 -5.963921173073331694e+00 -2.941587633766682211e-02 9.951304116871293459e-01 -9.405120465315001954e-02 -1.198255777260311072e+00 3.570678641375055196e-01 9.834226813570463854e-02 9.288610734639028976e-01 2.259189709244497024e+01
9.285924936139962060e-01 -3.103634224469783553e-03 -3.710525354140022936e-01 -6.279133946245599063e+00 -3.211697673147390075e-02 9.955408057765861018e-01 -8.868926579325282777e-02 -1.275430656120165374e+00 3.696730984350610760e-01 9.427438149691361180e-02 9.243522300321779239e-01 2.336972044378475033e+01
9.263616755387980017e-01 -1.183563728796057464e-03 -3.766378260418230539e-01 -6.604554288291612174e+00 -3.265465121718309771e-02 9.959769827968649736e-01 -8.344364529745829095e-02 -1.355650982527541792e+00 3.752209975647481377e-01 8.959932740560301589e-02 9.225965204210513360e-01 2.412124191338726575e+01
9.226250451060835633e-01 2.311197800649251836e-03 -3.856719223587800616e-01 -6.936469214182499066e+00 -3.572281213309946857e-02 9.961959258358643599e-01 -7.948297689018000989e-02 -1.428189095120097729e+00 3.840213597887985331e-01 8.710918032067140049e-02 9.191978040443193887e-01 2.488525080435763215e+01
9.193696124102244127e-01 3.082470927103004958e-03 -3.933684613185876033e-01 -7.282191942194431888e+00 -3.651339609212822523e-02 9.963212466067176143e-01 -7.752594936537995918e-02 -1.503719842840158583e+00 3.916822997431137487e-01 8.563893306628357627e-02 9.161002438692581462e-01 2.564926639035756040e+01
9.157910397877704334e-01 3.668029166123830571e-03 -4.016592069839252099e-01 -7.638769144112275811e+00 -3.768980496575762701e-02 9.963308858939056156e-01 -7.686760468563143267e-02 -1.580394561434911083e+00 3.999037667363071757e-01 8.553511102728007798e-02 9.125691911281691437e-01 2.642139472576317871e+01
9.121533275204655178e-01 3.426003346260869317e-03 -4.098358892833742217e-01 -8.000802290257858829e+00 -3.787879967127165404e-02 9.963899508303091235e-01 -7.598832135670896548e-02 -1.649378116138422889e+00 4.080963200146659475e-01 8.483716358589357687e-02 9.089901550865728819e-01 2.719399082075204177e+01
9.078037580272416696e-01 3.805412904518036196e-03 -4.194197258980712495e-01 -8.374291333820591987e+00 -3.848993465021036120e-02 9.964949122458600650e-01 -7.428132952581310844e-02 -1.720989819410289501e+00 4.176676198715248978e-01 8.357245008137902109e-02 9.047681021878360985e-01 2.797630783059414838e+01
9.041390393958705918e-01 5.438919434504627982e-03 -4.271127532480674671e-01 -8.761603714520035169e+00 -3.953238519492748709e-02 9.966941358066426782e-01 -7.097424981368233299e-02 -1.790250409710749668e+00 4.253142451422921022e-01 8.106038260464379364e-02 9.013652944363114150e-01 2.877977901875789613e+01
9.005181647430309244e-01 4.487276301345432226e-03 -4.347611555007894757e-01 -9.158593392676710465e+00 -3.755018293669676321e-02 9.970137668371523709e-01 -6.748158059611654436e-02 -1.858098339863609949e+00 4.331604442810058075e-01 7.709230776018632936e-02 8.979972551454334928e-01 2.957850811273078762e+01
8.971760215006332473e-01 6.564860806151492402e-03 -4.417192777449411856e-01 -9.568405244228214812e+00 -3.739939659222168283e-02 9.974275077433035763e-01 -6.116158413977373226e-02 -1.918507993417185142e+00 4.401817822144415415e-01 7.139045235869057038e-02 8.951137277789209534e-01 3.038973676531208667e+01
8.937095473989248307e-01 5.583319595624254561e-03 -4.485945089708898159e-01 -9.987761778945346336e+00 -3.509685432302911412e-02 9.977282755114930124e-01 -5.751753086693454919e-02 -1.988640608697279877e+00 4.472542545976861961e-01 6.715175645962526141e-02 8.918753918684825255e-01 3.120014747159954638e+01
8.892286512777370922e-01 5.923599573688488086e-03 -4.574809880843913601e-01 -1.041975819950743620e+01 -3.498410297213591647e-02 9.978685359101912011e-01 -5.507834872099109935e-02 -2.053202543286921866e+00 4.561799890243493638e-01 6.497740017657062384e-02 8.875403927299797546e-01 3.202318636032222088e+01
8.859313977293371556e-01 6.438710298300604970e-03 -4.637977749205148270e-01 -1.086791905405862835e+01 -3.521739004169433668e-02 9.979508446584008929e-01 -5.343700864190298327e-02 -2.109782696081012876e+00 4.625035790636171096e-01 6.367608822476970853e-02 8.843427122173648236e-01 3.285620026280933104e+01
8.838470015661972212e-01 6.033384938423162237e-03 -4.678021228838913359e-01 -1.132364963729513363e+01 -3.413294883447228617e-02 9.980831038925012111e-01 -5.163443925248111660e-02 -2.163670435632918831e+00 4.665943794644149545e-01 6.160085998084446901e-02 8.823584988007928676e-01 3.368979779278985376e+01
8.807409545034016185e-01 4.864367986776767586e-03 -4.736236191679978891e-01 -1.178722525494279516e+01 -3.254744926468645938e-02 9.982048513521879496e-01 -5.029155912038626997e-02 -2.226060225667324310e+00 4.725292174388410760e-01 5.970634060783655550e-02 8.793179609100052474e-01 3.453947700650275010e+01
8.784148673051483946e-01 4.275472577456214569e-03 -4.778519123347398923e-01 -1.226154328992026699e+01 -3.217169921634480123e-02 9.982205685782654658e-01 -5.020684196518744591e-02 -2.283225724733109363e+00 4.767869787876377607e-01 5.947693680401484190e-02 8.769893013793123027e-01 3.539697023928643915e+01
8.770426437983618317e-01 3.280637156975200076e-03 -4.804733613964846106e-01 -1.274291494936066904e+01 -3.130122811914810843e-02 9.982420271527993050e-01 -5.032536257370553989e-02 -2.339910286762510339e+00 4.794636587615743184e-01 5.917537729849005335e-02 8.756034978606372920e-01 3.625524330190869904e+01
8.753366007565261953e-01 2.931962687155850646e-03 -4.835869709696082874e-01 -1.324056747746799445e+01 -3.176460664375304471e-02 9.981699699540186321e-01 -5.146187358764029579e-02 -2.398652257148807365e+00 4.825511135272583241e-01 6.040778298209543984e-02 8.738280883890344741e-01 3.713274723300575175e+01
8.757082727218405971e-01 3.385930447803868308e-03 -4.827680151804036313e-01 -1.374307729458108973e+01 -3.144867771463026596e-02 9.982520943979442674e-01 -5.004536697140895413e-02 -2.456407305293674792e+00 4.817550527083237499e-01 5.900721710760142152e-02 8.742838588590664539e-01 3.801895267767400100e+01
8.751829358991077834e-01 2.737925806090106117e-03 -4.838960980891597874e-01 -1.425294020821236529e+01 -2.991959987798211221e-02 9.983759946664702012e-01 -4.846990286606742138e-02 -2.514850115991494217e+00 4.829777428690784635e-01 5.689477479510997304e-02 8.738436182244003758e-01 3.891566363348908908e+01
8.744568030006880655e-01 2.511582237274791012e-03 -4.852335569592547970e-01 -1.477092568335863199e+01 -2.950683671798949581e-02 9.984102940092628442e-01 -4.800675031475542393e-02 -2.572516641125309977e+00 4.843418782576332515e-01 5.629151926351879526e-02 8.731407626969279745e-01 3.983180041169291741e+01
8.747688539238868133e-01 1.732433130124669089e-03 -4.844202572688063313e-01 -1.528937511558131668e+01 -2.902521655354149688e-02 9.983850963817979540e-01 -4.883052238431570546e-02 -2.634453875887972085e+00 4.835533486506452538e-01 5.677839046678481716e-02 8.734063848536174346e-01 4.075782504913363624e+01
8.727716677017747227e-01 -5.378571942104394890e-04 -4.881770029102746600e-01 -1.582461892185915886e+01 -2.688010711554350562e-02 9.984289167986392100e-01 -4.917284264367529495e-02 -2.696846777647612825e+00 4.874366191721518637e-01 5.604038928236810407e-02 8.713860282010024161e-01 4.168591618612011018e+01
8.728566298557213221e-01 -1.100289084486028588e-03 -4.880843106070813509e-01 -1.635758323537033476e+01 -2.500204254231536485e-02 9.985830108731340582e-01 -4.697454908313810490e-02 -2.755885606564310475e+00 4.874447325466618741e-01 5.320186290684592034e-02 8.715924570876121269e-01 4.262350752523691000e+01
8.698527203283261677e-01 -1.576827516960498977e-03 -4.932438705847759230e-01 -1.689240532796615923e+01 -2.283122867574541304e-02 9.987945950691485830e-01 -4.343977934436581145e-02 -2.815445020408252397e+00 4.927181244395946735e-01 4.904513299428092665e-02 8.687680579278733717e-01 4.354072101536876005e+01
8.666137565401783593e-01 -8.269434780473554044e-04 -4.990271900032723362e-01 -1.743312066711098041e+01 -2.166634138616610125e-02 9.989930395990284095e-01 -3.928579363113411660e-02 -2.874410567261912242e+00 4.985572634543223303e-01 4.485776453476489345e-02 8.657231813731531833e-01 4.447970422847458849e+01
8.635951264167018859e-01 -2.664774112071268894e-03 -5.041612959857124654e-01 -1.797802401963052077e+01 -1.914824955658818093e-02 9.990911518343673636e-01 -3.808360613890857810e-02 -2.931166129965407929e+00 5.038048276857975960e-01 4.254203998799819392e-02 8.627591711011955988e-01 4.540177160591198913e+01
8.578029612758039102e-01 -4.767766895839395391e-03 -5.139502298049219986e-01 -1.853894856838531879e+01 -1.781365648835998849e-02 9.990803272963714177e-01 -3.899698976961548519e-02 -2.992664261445651341e+00 5.136635686168929960e-01 4.260736937993592904e-02 8.569291222592763102e-01 4.632119452148653238e+01
8.526715124154475856e-01 -8.016206524433111200e-03 -5.222222913001208777e-01 -1.910015263788856643e+01 -1.678121722945156297e-02 9.989460198507681410e-01 -4.272229612933427928e-02 -3.054418318721418668e+00 5.220141244116245360e-01 4.519674188202421616e-02 8.516383595337114754e-01 4.722901556495632036e+01
8.467874117157633274e-01 -7.112823980994911928e-03 -5.319276849888023850e-01 -1.968650662909670501e+01 -1.776440328919765693e-02 9.989746657516233030e-01 -4.164765539119695548e-02 -3.107542488733768149e+00 5.316785715658410849e-01 4.471644303372403900e-02 8.457927669120388625e-01 4.813838465376656472e+01
8.410772216624764486e-01 -4.263530695582949497e-03 -5.409620932249683545e-01 -2.028773282472041828e+01 -1.850742025274616440e-02 9.991565131025496038e-01 -3.665791899925718855e-02 -3.157024255748119845e+00 5.406623410579374234e-01 4.084129417559777264e-02 8.402890051222118295e-01 4.904723608295206105e+01
8.362339519728024806e-01 -1.893408087173946517e-03 -5.482624909994654461e-01 -2.088490293771782902e+01 -1.919270883173578371e-02 9.992802790210550956e-01 -3.272131501444328072e-02 -3.213882923737752417e+00 5.479298334154699690e-01 3.788765629359416853e-02 8.355959222043849444e-01 4.994295064910475190e+01
8.318638393090441729e-01 -1.287546207026422354e-03 -5.550418334565123679e-01 -2.149378558871376654e+01 -2.074193378015340775e-02 9.992264837562665480e-01 -3.341093743449696091e-02 -3.264926091720476542e+00 5.546555784772956299e-01 3.930751982058058175e-02 8.311937531485263930e-01 5.082665520873043619e+01
8.281422585962661120e-01 -2.178385730713963426e-03 -5.606447054732767166e-01 -2.210082726433030587e+01 -2.270206219331099423e-02 9.990415319228757030e-01 -3.743221485384802538e-02 -3.319235274482394082e+00 5.601892717673796485e-01 4.372373710801377711e-02 8.272989913679128504e-01 5.171903337052960836e+01
8.269593737260118038e-01 -4.658547100026076693e-03 -5.623301124584451083e-01 -2.271178909094690113e+01 -2.489265299507086027e-02 9.986817401594995092e-01 -4.488314050164712854e-02 -3.377619250112263938e+00 5.617982170164267375e-01 5.111134993081353078e-02 8.257533129371512626e-01 5.259771817978082709e+01
8.227640809525157417e-01 -5.342824972066203930e-03 -5.683774701916446404e-01 -2.334083742467251810e+01 -2.548404231206534767e-02 9.986033220976417990e-01 -4.627651737824562544e-02 -3.437341097382863087e+00 5.678307813467532439e-01 5.256114576662599541e-02 8.214790620606216009e-01 5.347258259147504589e+01
8.197153891462117814e-01 -3.996952524667613839e-03 -5.728579692328502615e-01 -2.395838623364591413e+01 -2.491671644491409363e-02 9.987800298463785920e-01 -4.262986192239828775e-02 -3.499860836885016369e+00 5.723296715260933754e-01 4.921651668254319739e-02 8.186158871979005713e-01 5.435121226760220026e+01
8.172421619233694035e-01 -1.716836467696334365e-03 -5.761211467189275570e-01 -2.459859357052694406e+01 -2.372253304744322694e-02 9.990476170875391970e-01 -3.662435843998990137e-02 -3.553370166796518959e+00 5.756352970299835059e-01 4.360273274274892308e-02 8.164231812323166082e-01 5.523454269987485787e+01
8.135390081010998031e-01 3.618045425976591529e-04 -5.814563904166467623e-01 -2.523728569513927056e+01 -2.424874675108491806e-02 9.991508761227477775e-01 -3.330019925016330928e-02 -3.606400710245822427e+00 5.809505436563422442e-01 4.119570451370630632e-02 8.128571076012564012e-01 5.610693008565642259e+01
8.112749615948542381e-01 1.592124501509936977e-03 -5.845921684276752517e-01 -2.587418599934465036e+01 -2.637433299968498443e-02 9.990778755981989390e-01 -3.387966356329858569e-02 -3.659410703414958110e+00 5.839990454343683135e-01 4.290857419795873068e-02 8.105688938021251566e-01 5.697833748391418140e+01
8.073767544482929326e-01 -7.342479971257951732e-04 -5.900400181203450112e-01 -2.652794406331203447e+01 -2.475333143449097092e-02 9.990766164880879874e-01 -3.511481472750961619e-02 -3.704833523513212601e+00 5.895212901260902250e-01 4.295295113983677027e-02 8.066130043192040189e-01 5.785446957208882424e+01
8.029500310871592328e-01 -2.111838052155029424e-03 -5.960247650402931141e-01 -2.717835700277526811e+01 -2.530654490809018664e-02 9.989710247987099168e-01 -3.763588680097256639e-02 -3.764070801480018158e+00 5.954908607628279782e-01 4.530706547869777640e-02 8.020705718073072310e-01 5.871682496970140619e+01
7.997331694530532831e-01 -3.612071567118331581e-03 -6.002136871002586860e-01 -2.783901483172936153e+01 -2.389620972916697492e-02 9.989978577327605080e-01 -3.783937358462905604e-02 -3.818434132965741412e+00 5.997488122396114063e-01 4.460860198632406182e-02 7.988455314041216226e-01 5.958476572782804936e+01
7.941547594242251984e-01 -4.728549005057851133e-03 -6.075963789135737647e-01 -2.851477424431803698e+01 -2.208630548538576682e-02 9.990844887711933797e-01 -3.664366067504094826e-02 -3.873090569114046477e+00 6.072133227609193273e-01 4.252361890766897384e-02 7.933233853189860518e-01 6.045572812961542297e+01
7.908533062444791373e-01 -4.558112600204753534e-03 -6.120914380858173409e-01 -2.919150959567193837e+01 -2.243440885647883867e-02 9.990842396179772100e-01 -3.642997585327444748e-02 -3.928091032794571724e+00 6.116971020478447763e-01 4.253995130569204058e-02 7.900269130799572048e-01 6.131121223145312626e+01
7.844970166685070190e-01 -6.278493729658911858e-03 -6.200377809584287636e-01 -2.988044526234987686e+01 -2.158931986842300282e-02 9.990660797360761958e-01 -3.742838981025151113e-02 -3.986357728946475998e+00 6.196936843630430625e-01 4.274997505331787351e-02 7.836289216274913150e-01 6.216931483180512430e+01
7.793399288390258084e-01 -7.177372142930990399e-03 -6.265534082621708745e-01 -3.057867140618050072e+01 -2.159770493494665017e-02 9.990325213657977876e-01 -3.830478539862205295e-02 -4.039341448406877255e+00 6.262222050425786390e-01 4.338404135631317854e-02 7.784310146847032152e-01 6.302151028811713473e+01
7.744547668371650762e-01 -8.863951856012138031e-03 -6.325020986283927948e-01 -3.127812054170123801e+01 -2.047377957259098949e-02 9.990269192422757127e-01 -3.907430424497523869e-02 -4.095164327405090177e+00 6.322328812352100424e-01 4.321387061269386237e-02 7.735196757674830392e-01 6.386810340629850202e+01
7.695102619278205713e-01 -9.392965798897629989e-03 -6.387124642782161521e-01 -3.200124722870661742e+01 -2.079379873226752662e-02 9.989931827178192281e-01 -3.973703236912207865e-02 -4.149087837085847497e+00 6.384429565141908069e-01 4.385229325057568572e-02 7.685402460358179422e-01 6.471885270674766844e+01
7.633420926052438826e-01 -1.185231190696840568e-02 -6.459452625506346690e-01 -3.272013718654095271e+01 -1.928158649426976387e-02 9.989682584568162493e-01 -4.112847762776880578e-02 -4.208388182689468238e+00 6.457664465549055599e-01 4.384787323831412786e-02 7.623259175536628574e-01 6.556570511217078945e+01
7.565819291378841349e-01 -1.313740462634924513e-02 -6.539199473166353860e-01 -3.345859354281361675e+01 -1.814712129879421029e-02 9.989912297673226860e-01 -4.106395984844214697e-02 -4.267377215350292019e+00 6.538001723870527915e-01 4.293017979818163771e-02 7.555804198530334803e-01 6.640715223616292917e+01
7.514587118661497644e-01 -1.278650998906628346e-02 -6.597783988807934819e-01 -3.420673010328577135e+01 -1.785868084828918026e-02 9.990517196877208850e-01 -3.970716362954224143e-02 -4.313027385921359702e+00 6.596604739107478910e-01 4.162073707163349567e-02 7.505176293592155101e-01 6.724820978599450427e+01
7.443638366865660272e-01 -1.429469480531459467e-02 -6.676627810861295309e-01 -3.496418731696802240e+01 -1.571021728922388991e-02 9.991192594756681533e-01 -3.891398067566795294e-02 -4.373289059420473635e+00 6.676311886889840785e-01 3.945328428549806782e-02 7.434835733972450234e-01 6.806574114997795277e+01
7.368085044942492834e-01 -1.511149815386538323e-02 -6.758197371776252238e-01 -3.573405893787132470e+01 -1.545905718520992726e-02 9.991122740614351017e-01 -3.919839421556353676e-02 -4.436349479628898251e+00 6.758120036596365621e-01 3.933401049520213882e-02 7.359209143688152377e-01 6.889590415506349075e+01
7.318152120779839453e-01 -1.743223125460453826e-02 -6.811956652260469092e-01 -3.650195145750355863e+01 -1.424393737681834034e-02 9.990632591992866240e-01 -4.085486728932540001e-02 -4.509145401010033360e+00 6.812698261559229085e-01 3.959835937320481392e-02 7.308813940066957171e-01 6.972564626264556864e+01
7.260730436494010620e-01 -1.652671579209149741e-02 -6.873238379671053888e-01 -3.729873192690816808e+01 -1.617595047923969104e-02 9.990239839565840940e-01 -4.109685702650531930e-02 -4.561750962683857935e+00 6.873322680251252592e-01 4.095699290913274587e-02 7.250969139871853431e-01 7.054138067153299119e+01
7.204610051064898046e-01 -1.629362463919828419e-02 -6.932127494979085647e-01 -3.810676844797961849e+01 -1.581775247891858624e-02 9.990778556988729742e-01 -3.991749830164364327e-02 -4.619786355048901783e+00 6.932237542237121852e-01 3.972757200463936794e-02 7.195388145371972577e-01 7.136182354437072206e+01
7.158792040116530586e-01 -1.638538808874087996e-02 -6.979381467321581489e-01 -3.891828112551237240e+01 -1.646893974892927812e-02 9.990502654775867963e-01 -4.033897273334148548e-02 -4.688162211248381617e+00 6.979362314308886761e-01 4.037193967093372776e-02 7.149295130737791659e-01 7.217312282694963699e+01
7.110791888179686104e-01 -1.661689537068786540e-02 -7.028978119755584508e-01 -3.974264556900237011e+01 -1.688035440576066137e-02 9.990290989058253635e-01 -4.070473276008673702e-02 -4.748512137941578892e+00 7.028914634434777486e-01 4.081495313533461261e-02 7.101082726399756684e-01 7.298924881385320873e+01
7.056682164315039030e-01 -1.814472672546841442e-02 -7.081995633617351737e-01 -4.057566991469858664e+01 -1.731680911443100185e-02 9.989317730167456277e-01 -4.284770382102057185e-02 -4.807464031035043384e+00 7.082204492848378496e-01 4.250255178234114278e-02 7.046000828402637639e-01 7.382769717152071109e+01
7.018999238769294546e-01 -1.951854486167125396e-02 -7.119803231390339215e-01 -4.140116544082309247e+01 -1.830535484289269252e-02 9.988000237021726901e-01 -4.543400949169477260e-02 -4.870268553237275810e+00 7.120128626738475575e-01 4.492026581678971314e-02 7.007004397080379698e-01 7.462618976224099754e+01
6.962098597135482070e-01 -2.089865715977697394e-02 -7.176601287780659533e-01 -4.225094695487583607e+01 -1.897322013720293202e-02 9.986912196049032575e-01 -4.749255342767464555e-02 -4.941417889720827183e+00 7.177140865722702046e-01 4.667349338352688726e-02 6.949020322347410072e-01 7.543123375985385337e+01
6.920313703681472139e-01 -2.044393123873032569e-02 -7.216762717525508908e-01 -4.311425501523045511e+01 -1.754714924953462360e-02 9.988271526441812043e-01 -4.512147148888830117e-02 -5.003387893387085228e+00 7.217526724571208252e-01 4.388357871092529033e-02 6.908609470117805795e-01 7.623825571775107335e+01
6.876166490579984636e-01 -2.058687424090117207e-02 -7.257920713850146699e-01 -4.397520454914833010e+01 -1.658956430994889056e-02 9.988916078158325274e-01 -4.405508363358991153e-02 -5.066548440063456837e+00 7.258943768017772635e-01 4.233730470284879227e-02 6.865128689196263734e-01 7.704453413039978216e+01
6.810265249800538934e-01 -2.211222042490937345e-02 -7.318243561909780759e-01 -4.484698495909065485e+01 -1.595859183123985933e-02 9.988584343920737796e-01 -4.502184815433499937e-02 -5.140880348401509536e+00 7.319845813655205813e-01 4.233981657659880576e-02 6.798960078634378457e-01 7.784154594818819817e+01
6.773018764548981441e-01 -2.345300557666038857e-02 -7.353534076488019711e-01 -4.572624089134263414e+01 -1.496633220661516307e-02 9.988457312645818709e-01 -4.563773708566684628e-02 -5.204172996751341707e+00 7.355751031421869923e-01 4.191640119317194962e-02 6.761690102462185603e-01 7.864148820988101818e+01
6.712039985496963679e-01 -2.412565143799044742e-02 -7.408815390847517390e-01 -4.661653023281257191e+01 -1.368775559211781595e-02 9.988964092232907044e-01 -4.492462241310222343e-02 -5.271537389974397136e+00 7.411478995099006761e-01 4.029465055208576035e-02 6.701329777899098783e-01 7.943540511289505446e+01
6.672211555607878708e-01 -2.587997830959800488e-02 -7.444465769702588442e-01 -4.751610027657381607e+01 -1.178936820916738279e-02 9.989040460364364549e-01 -4.529614684200256036e-02 -5.337215783163874683e+00 7.448030196799061420e-01 3.900071268272759656e-02 6.661848193263903983e-01 8.022758772249235903e+01
6.655957607615863303e-01 -2.783052412327138500e-02 -7.457827023813482503e-01 -4.841485598847724248e+01 -9.351645199091299446e-03 9.989150490166968099e-01 -4.561580427062350562e-02 -5.409690010104461599e+00 7.462429365027029027e-01 3.734293008761511989e-02 6.646131044635078533e-01 8.101730881886390989e+01
6.601080731626488562e-01 -3.273349476697366006e-02 -7.504723166810217672e-01 -4.930984939481943030e+01 -6.043488915444572215e-03 9.987863577937777793e-01 -4.887462071138449354e-02 -5.482157995473450285e+00 7.511613992714208932e-01 3.679937042617005549e-02 6.591090447096197291e-01 8.181559671860848937e+01
6.541478106413834981e-01 -3.746600286453254103e-02 -7.554561563367510058e-01 -5.023113721811976262e+01 -1.614178789024869280e-03 9.987009426469573015e-01 -5.092156088625353350e-02 -5.549954263139126098e+00 7.563831360764647904e-01 3.452619374096090044e-02 6.532376677245379515e-01 8.261068563846714596e+01
6.485385214651721020e-01 -4.105364914071372995e-02 -7.601420350852893248e-01 -5.116056848153170478e+01 4.017540457761351394e-03 9.987150272792844063e-01 -5.051507219544914412e-02 -5.622050892701856206e+00 7.612396657971340908e-01 2.970386445275485440e-02 6.478703263966876236e-01 8.339813684151948792e+01
6.391610870827914015e-01 -4.470432824160622959e-02 -7.677469598470275658e-01 -5.210293903576958741e+01 8.457831118129300468e-03 9.986570475553545601e-01 -5.111485614686974571e-02 -5.695156198920735768e+00 7.690014158477482820e-01 2.617150272985757989e-02 6.386813751732556277e-01 8.416950079768542992e+01
6.318351814343489137e-01 -4.541951667694923978e-02 -7.738384638079509603e-01 -5.304126580270872893e+01 1.118729979609494121e-02 9.987123075536736838e-01 -4.947992682470471471e-02 -5.777280497935429970e+00 7.750892714702452002e-01 2.261253354084047026e-02 6.315291869038538453e-01 8.495612669577950271e+01
6.208911307917921452e-01 -4.490499689245416176e-02 -7.826562594891995905e-01 -5.401762995567649028e+01 1.332537048964766227e-02 9.988179356737280079e-01 -4.675524464810358605e-02 -5.847885447483613497e+00 7.838304754904155125e-01 1.860161126789804803e-02 6.207559189051161663e-01 8.570539225172778686e+01
6.123641366099009664e-01 -4.504104274126274204e-02 -7.892086923008354571e-01 -5.500993264037364838e+01 1.344701644813101754e-02 9.988244984901351042e-01 -4.656005281110307814e-02 -5.925827331957578714e+00 7.903786076234563529e-01 1.789369113327470354e-02 6.122502238858645862e-01 8.645825972322947450e+01
6.033159399545112711e-01 -4.566619041980066879e-02 -7.961174639719074131e-01 -5.598863070003307740e+01 1.186414252761013033e-02 9.987625786707411413e-01 -4.828804709102314796e-02 -5.994964787748977564e+00 7.973378475822261446e-01 1.968399679041716796e-02 6.031111862697671189e-01 8.720361928344838987e+01
5.936151490526182517e-01 -4.891572531147345831e-02 -8.033318991159118516e-01 -5.699378276733627757e+01 1.354058349890322963e-02 9.986166900082623643e-01 -5.079815741710497906e-02 -6.073041914927913787e+00 8.047060587943601906e-01 1.927387626823265018e-02 5.934564181565268326e-01 8.792778976344538933e+01
5.836845411972300113e-01 -4.951409197334342288e-02 -8.103592986500047779e-01 -5.800257683843148016e+01 1.276190216650833174e-02 9.985756427724491457e-01 -5.181060528733730935e-02 -6.148308610608966163e+00 8.117694664673448246e-01 1.991122920494029641e-02 5.834841802919483733e-01 8.865755272999280123e+01
5.728376770052268085e-01 -5.169373275433061105e-02 -8.181030058663744109e-01 -5.902565783643582620e+01 1.673335906421928934e-02 9.985386369342628132e-01 -5.137908891930768884e-02 -6.228693591502898919e+00 8.195641745849332471e-01 1.573913564810104984e-02 5.728657343240602939e-01 8.936764474779745626e+01
5.636001910101183787e-01 -5.089073830505837920e-02 -8.245001349491155596e-01 -6.005940929096800573e+01 1.701012986991616571e-02 9.986033684726214332e-01 -5.001345256722967980e-02 -6.295189337759476089e+00 8.258946628005161550e-01 1.415366050064579585e-02 5.636794237249631578e-01 9.006796658355868601e+01
5.525598773004211095e-01 -5.239104382980101088e-02 -8.318586534074660088e-01 -6.111891071151332966e+01 1.849722975244762549e-02 9.985478124684755707e-01 -5.059675079157478772e-02 -6.376148599920950844e+00 8.333015043978863057e-01 1.257553312303546882e-02 5.527259856156250262e-01 9.076366113449149964e+01
5.435303624374636655e-01 -5.348110171024830078e-02 -8.376994036882732253e-01 -6.218348199604117355e+01 1.763383855760800728e-02 9.984752873117723748e-01 -5.229877316659328063e-02 -6.461250392969429157e+00 8.392198178061306413e-01 1.364697407031928433e-02 5.436449730954600046e-01 9.144401992873683582e+01
5.325725366141476069e-01 -5.380798645291919730e-02 -8.447676000011430375e-01 -6.325537101063960677e+01 1.670938416495901246e-02 9.984508500105372386e-01 -5.305945013549381861e-02 -6.535218735172820814e+00 8.463150626854694103e-01 1.413581762891818333e-02 5.326469505754802825e-01 9.210227365021026458e+01
5.226948361307327540e-01 -5.382008937838041185e-02 -8.507094365882806875e-01 -6.433668833444001223e+01 1.499628316263995099e-02 9.984311514577040025e-01 -5.394430583705076693e-02 -6.618642674659328762e+00 8.522783935320792370e-01 1.543264642866393893e-02 5.226821746239351807e-01 9.275596415565041752e+01
