1.0 0.0 0.0 0.0 0.0 1.0 0.0 0.0 0.0 0.0 1.0 0.0
0.99991655 0.012606119 0.0028184517 0.28881836 -0.012595831 0.999914 -0.0036382147 -0.0073242188 -0.002864079 0.0036023955 0.9999894 0.007446289
0.99983793 0.017900627 0.0019073831 0.5797119 -0.017890494 0.9998264 -0.0052035167 -0.02355957 -0.0020002406 0.0051685586 0.9999846 0.0063476562
0.9997831 0.020807667 0.00085963495 0.8824463 -0.020800473 0.99975425 -0.007667016 -0.032836914 -0.0010189228 0.007647472 0.99997026 0.008056641
0.99982864 0.018485308 -0.0009283002 1.1939697 -0.01849259 0.9997922 -0.008568959 -0.037231445 0.000769709 0.008584665 0.99996287 0.009033203
0.9999281 0.0118512055 -0.0017940775 1.5130615 -0.011869506 0.9998738 -0.010559479 -0.040283203 0.001668717 0.010580026 0.99994266 0.009155273
0.999994 0.00013874442 -0.0034701726 1.8382568 -0.00018054043 0.9999274 -0.012048813 -0.038330078 0.00346825 0.012049366 0.99992144 0.01550293
0.9998752 -0.015421329 -0.0034367964 2.1655273 0.015385499 0.9998294 -0.0102159865 -0.021972656 0.0035938048 0.010161839 0.9999419 0.024047852
0.9993958 -0.03456332 -0.0037700702 2.5151367 0.03453913 0.99938387 -0.0063034697 0.008666992 0.003985534 0.00616948 0.999973 0.028564453
0.99847746 -0.054921832 -0.0051781805 2.86792 0.054907996 0.9984878 -0.002776781 0.045532227 0.0053228736 0.002488234 0.9999827 0.029907227
0.9971358 -0.075454555 -0.005227965 3.2336426 0.07544542 0.99714833 -0.0019245384 0.07873535 0.005358254 0.0015246344 0.9999845 0.03125
0.9954269 -0.09542184 -0.0045112097 3.6174316 0.09540359 0.9954304 -0.004102002 0.1295166 0.004881966 0.0036529037 0.9999814 0.03161621
0.9932964 -0.11552615 -0.0036824113 4.005127 0.115509786 0.9932955 -0.004383529 0.17956543 0.0041642506 0.0039286185 0.9999836 0.043945312
0.9911185 -0.13294293 -0.002964872 4.3988037 0.13293202 0.9911178 -0.003612612 0.2446289 0.0034188833 0.0031864282 0.9999891 0.03894043
0.9889434 -0.14827545 -0.0024245966 4.817383 0.1482681 0.98894304 -0.0029714955 0.3182373 0.0028383508 0.0025791521 0.99999267 0.04663086
0.98694515 -0.16100925 -0.0025970172 5.239624 0.16100055 0.98694456 -0.0032709297 0.40039062 0.0030899048 0.0028100898 0.9999913 0.0513916
0.9849383 -0.17286368 -0.0032717257 5.680786 0.17284894 0.9849367 -0.0043537407 0.48461914 0.0039750333 0.0037225839 0.99998516 0.051757812
0.9831322 -0.18285723 -0.004759231 6.1274414 0.18282162 0.98312485 -0.0070766285 0.5665283 0.005972593 0.0060870294 0.99996364 0.06384277
0.98164344 -0.19057731 -0.0067276214 6.593628 0.19053482 0.98165333 -0.006482176 0.6608887 0.007839637 0.0050812922 0.99995637 0.06713867
0.9800136 -0.19870873 -0.008895581 7.074463 0.19865635 0.9800434 -0.0064396653 0.76745605 0.009997934 0.004544258 0.99993974 0.06628418
0.978849 -0.2042279 -0.011359488 7.5600586 0.20415571 0.9789035 -0.0072017275 0.8737793 0.01259074 0.004729823 0.9999095 0.07470703
0.97708416 -0.2125273 -0.012012105 8.062256 0.21240708 0.9771273 -0.010541654 0.9830322 0.0139774 0.0077489945 0.99987245 0.08203125
0.9750622 -0.22160476 -0.012091325 8.58252 0.22139962 0.97504777 -0.016277988 1.0924072 0.015397267 0.0131948255 0.9997944 0.095214844
0.9731638 -0.22970971 -0.0139185395 9.109131 0.22947952 0.97318 -0.016361339 1.2200928 0.017303482 0.012728633 0.99976933 0.11437988
0.97121465 -0.23742267 -0.019622441 9.639893 0.2371964 0.9713786 -0.013183199 1.3693848 0.022190869 0.008150285 0.9997207 0.11401367
0.96931326 -0.2447025 -0.023391139 10.189087 0.24451528 0.9695847 -0.010597919 1.5219727 0.025273344 0.0045530517 0.99967027 0.122558594
0.966608 -0.25499222 -0.024809409 10.75 0.2547214 0.9669023 -0.013577198 1.6738281 0.027451348 0.006802699 0.99960005 0.1373291
0.9643072 -0.26353526 -0.025837384 11.319702 0.26320797 0.9646195 -0.015402038 1.8321533 0.028981987 0.008052461 0.9995476 0.16381836
0.9623066 -0.27035448 -0.028966751 11.90979 0.26999032 0.96271336 -0.01589289 2.0041504 0.032184727 0.007471196 0.9994541 0.18005371
0.95978326 -0.2787633 -0.03280328 12.506348 0.2784139 0.96032983 -0.01487268 2.185913 0.03564778 0.005139743 0.99935126 0.19763184
0.9575146 -0.28598788 -0.037518322 13.104736 0.2855765 0.958238 -0.016016224 2.3719482 0.04053049 0.004624216 0.9991678 0.22155762
0.9552373 -0.2924459 -0.044667244 13.723022 0.29194796 0.9562743 -0.017435111 2.5670166 0.047813684 0.003613792 0.99884975 0.2545166
0.95387244 -0.2955285 -0.05291853 14.350464 0.2949778 0.95533794 -0.018110866 2.7663574 0.05590619 0.0016662241 0.9984346 0.28356934
0.9522512 -0.29880872 -0.062484555 14.988281 0.29831967 0.9542955 -0.017232008 2.979004 0.0647801 -0.0022299513 0.99789816 0.32336426
0.9502707 -0.3030912 -0.07179004 15.640137 0.30261606 0.9529656 -0.017671239 3.1916504 0.07376688 -0.004927751 0.99726355 0.36193848
0.94887525 -0.30539146 -0.07985273 16.29663 0.30507544 0.9521898 -0.016426614 3.4146729 0.08105169 -0.008776921 0.9966704 0.41357422
0.94656503 -0.3105704 -0.08707104 16.96045 0.31042603 0.95048255 -0.01553688 3.6480713 0.08758439 -0.012323158 0.9960798 0.46862793
0.9443448 -0.31532282 -0.09397379 17.644165 0.3155012 0.9488555 -0.013344316 3.8796387 0.09337339 -0.017038709 0.9954857 0.5338135
0.94237477 -0.31930295 -0.09959629 18.331787 0.3197765 0.9473917 -0.0116075445 4.1341553 0.0980646 -0.020916823 0.99496084 0.5982666
0.9403787 -0.32370886 -0.10442847 19.029541 0.32461327 0.94581014 -0.008685581 4.3895264 0.1015825 -0.025732208 0.99449384 0.670166
0.9382437 -0.3290531 -0.10705462 19.751099 0.3300639 0.94393945 -0.008647326 4.6502686 0.103897095 -0.027215658 0.9942154 0.7425537
0.9360175 -0.33549586 -0.10607134 20.475342 0.33662558 0.9415741 -0.007604625 4.9189453 0.10242848 -0.028597223 0.99432987 0.8267822
0.9343295 -0.34062785 -0.10492246 21.204712 0.34172148 0.93976945 -0.007919848 5.1953125 0.10130304 -0.028446317 0.99445134 0.90808105
0.9319646 -0.34758234 -0.10301852 21.94336 0.34869212 0.9371979 -0.0076217838 5.472046 0.099197015 -0.028820269 0.99465036 0.98876953
0.930124 -0.3534762 -0.09964195 22.682007 0.35451484 0.9350213 -0.0076744407 5.760254 0.09588109 -0.028185692 0.99499387 1.0725098
0.9256699 -0.36618116 -0.09488457 23.451172 0.36743885 0.93001235 -0.0044943504 6.0705566 0.08988979 -0.030705895 0.9954791 1.144043
0.9237545 -0.37218827 -0.09048984 24.205322 0.37350363 0.92764664 -0.002578514 6.389038 0.08490006 -0.031421285 0.99589163 1.2249756
0.92010987 -0.3816298 -0.08822739 24.964966 0.38316512 0.923695 0.00049893 6.7145996 0.081302196 -0.03426159 0.99610007 1.2991943
0.91737694 -0.38853946 -0.0867385 25.729126 0.39013967 0.92078966 0.0016478992 7.0512695 0.07923141 -0.03534036 0.99623084 1.3673096
0.9128934 -0.39895263 -0.08648421 26.505005 0.4006433 0.91623914 0.0024149965 7.3951416 0.07827857 -0.036846884 0.9962515 1.4404297
0.9099367 -0.40590456 -0.085332684 27.286255 0.40764853 0.9131475 0.0033175375 7.7523193 0.07657114 -0.037804794 0.9963462 1.5061035
0.9060639 -0.41472688 -0.08393319 28.074585 0.41649932 0.9091229 0.0040254397 8.120483 0.07463998 -0.038599778 0.99646467 1.5748291
0.90221626 -0.42330405 -0.08225392 28.865479 0.4250645 0.90512294 0.0043459926 8.504761 0.0726089 -0.03889011 0.9966018 1.6430664
0.8996148 -0.42971444 -0.0776964 29.667969 0.4312852 0.9022064 0.0038522817 8.893433 0.06844182 -0.0369747 0.9969697 1.7105713
0.89590853 -0.43824446 -0.0726129 30.484985 0.4397042 0.89812064 0.0046475376 9.297974 0.06317343 -0.03608942 0.99734974 1.7677002
0.8933318 -0.44425717 -0.068186596 31.293335 0.4456055 0.89524454 0.0052098427 9.708496 0.0587329 -0.035029136 0.99765986 1.8380127
0.8891893 -0.452779 -0.065849185 32.12097 0.45402962 0.8909769 0.0045951568 10.132202 0.056588124 -0.03398701 0.9978184 1.8961182
0.8859063 -0.45941156 -0.06416639 32.953247 0.4606037 0.8875997 0.0043339613 10.571045 0.05496121 -0.03339878 0.99792916 1.9511719
0.88356507 -0.46401057 -0.062588446 33.791504 0.46517155 0.8851584 0.004575096 11.02063 0.053276382 -0.033165175 0.9980285 2.0010986
0.8801413 -0.47097194 -0.06011024 34.645264 0.4719317 0.8816768 0.0020273183 11.483643 0.05204305 -0.030149454 0.99818945 2.0596924
0.8780163 -0.47489363 -0.0597483 35.49939 0.47584158 0.87953216 0.0018806648 11.946655 0.051656805 -0.030077338 0.9982121 2.1123047
0.87635493 -0.47795737 -0.059271507 36.364502 0.47886992 0.87785906 0.0013567877 12.427368 0.05137998 -0.029576326 0.99824065 2.168335
0.87513083 -0.48013213 -0.06053356 37.24341 0.48106724 0.87670946 0.000995683 12.919312 0.052589804 -0.029991468 0.9981653 2.2177734
0.87444496 -0.48146057 -0.058960214 38.132812 0.482394 0.8759149 0.0018439619 13.41394 0.050759427 -0.030058574 0.9982587 2.272705
0.8739413 -0.4827618 -0.05690901 39.034424 0.4836172 0.8753187 0.0014475824 13.921509 0.04911267 -0.028779563 0.99837863 2.3251953
0.87398857 -0.48278466 -0.055731982 39.951782 0.4835526 0.8753391 0.00034406062 14.431763 0.048619103 -0.02724199 0.99844646 2.3833008
0.87427217 -0.48222402 -0.055625778 40.876587 0.48289242 0.87566996 -0.0016107084 14.947754 0.049487587 -0.02545204 0.9984507 2.4372559
0.8723568 -0.48570934 -0.055529412 41.80493 0.4862742 0.8737994 -0.0037466376 15.479248 0.050342884 -0.023728352 0.9984507 2.4920654
0.8724721 -0.48579022 -0.05326454 42.74109 0.48629776 0.87380606 -0.0038549716 16.002197 0.04841332 -0.022539366 0.99857277 2.548462
0.8697978 -0.49097636 -0.04882732 43.681274 0.49141186 0.87091404 -0.003468213 16.53955 0.044228833 -0.020971883 0.99880195 2.604126
0.86663014 -0.49693128 -0.044404324 44.611694 0.49729958 0.86755013 -0.0031074518 17.08191 0.04006811 -0.019388197 0.99900913 2.6600342
0.8638305 -0.5021917 -0.041450806 45.54004 0.5024497 0.8646618 -0.0046955207 17.620728 0.03819743 -0.016767457 0.9991295 2.7141113
0.85813534 -0.51170945 -0.04209911 46.462646 0.51189244 0.8590288 -0.0071254484 18.17163 0.03981353 -0.0154367145 0.999088 2.7696533
0.85264575 -0.52055097 -0.044405483 47.371582 0.52067584 0.8536705 -0.0096187005 18.725952 0.042916678 -0.014920281 0.9989674 2.8237305
0.8462224 -0.53099495 -0.044572715 48.288086 0.5310969 0.84726655 -0.010501233 19.30481 0.043341555 -0.014788147 0.99895066 2.8736572
0.8408404 -0.5397232 -0.04119894 49.193604 0.53997153 0.8416699 -0.0058038863 19.898682 0.0378067 -0.017367601 0.9991339 2.9173584
0.8375607 -0.5450985 -0.037043653 50.093506 0.54533046 0.8382167 -0.004415685 20.492432 0.03345629 -0.01649889 0.9993041 2.9761963
0.8324539 -0.5525951 -0.0393593 50.992676 0.5529067 0.8331699 -0.0034657181 21.09314 0.03470867 -0.018882126 0.99921906 3.0205078
0.8284403 -0.558463 -0.04353801 51.8833 0.5587871 0.8293469 -0.0054641776 21.705444 0.03915965 -0.01979438 0.99903715 3.0650635
0.82567644 -0.5618483 -0.05052282 52.764893 0.5622613 0.82691 -0.006977858 22.317139 0.045698248 -0.022642672 0.9986989 3.1212158
0.8219844 -0.5670091 -0.052095387 53.645264 0.5674399 0.82330185 -0.0075468887 22.928223 0.047170967 -0.023360193 0.9986139 3.1756592
0.82043236 -0.5697127 -0.04827731 54.53125 0.570094 0.8215588 -0.0068115084 23.547974 0.043542758 -0.021933058 0.9988109 3.234497
0.8171982 -0.5748611 -0.04274544 55.416504 0.5752474 0.8180347 -0.0038666755 24.179321 0.03718689 -0.021422798 0.9990787 3.2832031
0.8138631 -0.57944584 -0.04142632 56.28662 0.57984716 0.8146267 -0.0027939347 24.817505 0.03536559 -0.021755433 0.9991376 3.3347168
0.812199 -0.5818964 -0.04267671 57.161133 0.582384 0.8129691 -0.001221797 25.453125 0.03540682 -0.023855496 0.9990885 3.3815918
0.807823 -0.58795977 -0.042630292 58.037354 0.5883778 0.8086366 -0.0032990007 26.099121 0.03641113 -0.022417642 0.9990853 3.4245605
0.80318177 -0.5941027 -0.04440017 58.910156 0.59451586 0.80408955 -0.004669865 26.745117 0.038475104 -0.022649353 0.9990027 3.481079
0.8002425 -0.59806734 -0.044588793 59.780518 0.5984295 0.8011891 -0.006196647 27.396973 0.039430324 -0.021719242 0.99898654 3.5291748
0.79519594 -0.60476875 -0.042935096 60.654785 0.6050882 0.7960843 -0.0066015627 28.068848 0.03816988 -0.020735344 0.9990559 3.5772705
0.7908478 -0.6105209 -0.04191765 61.52124 0.61080724 0.79170525 -0.007085305 28.73999 0.037515063 -0.020002369 0.9990959 3.6275635
0.7851119 -0.6180247 -0.042518873 62.383545 0.6183129 0.7859996 -0.007580472 29.4292 0.038100086 -0.020334287 0.9990667 3.685913
0.7799495 -0.62429684 -0.042516924 63.238525 0.6245171 0.78087324 -0.009528126 30.12024 0.039147545 -0.019123396 0.9990503 3.7332764
0.7758508 -0.62935674 -0.04320186 64.093506 0.62955695 0.77681917 -0.010511301 30.818115 0.040177297 -0.019046387 0.9990109 3.7873535
0.769425 -0.6372661 -0.043566808 64.948975 0.6374477 0.7704233 -0.011387333 31.529907 0.040820993 -0.019014433 0.9989852 3.8388672
0.7647178 -0.6429061 -0.04375502 65.79785 0.64296347 0.7657812 -0.014616962 32.242188 0.042904366 -0.016957484 0.998935 3.8913574
0.75752234 -0.65139914 -0.04319139 66.644775 0.6514857 0.75854915 -0.013966363 32.974487 0.041865576 -0.017550666 0.9989696 3.9423828
0.7504061 -0.65965384 -0.041517466 67.48291 0.659686 0.7513783 -0.01486682 33.717407 0.041002966 -0.016232394 0.9990271 4.0
0.7463305 -0.6645122 -0.039520994 68.32056 0.6644821 0.747236 -0.015790464 34.464233 0.040023994 -0.014470964 0.999094 4.053711
0.7393214 -0.67221564 -0.03954816 69.15869 0.67213637 0.74024975 -0.01726016 35.228516 0.040873066 -0.0138228275 0.99906844 4.1087646
0.73252714 -0.6795084 -0.040465478 69.99121 0.6793412 0.7335293 -0.01985678 36.004883 0.04318269 -0.0129391765 0.998984 4.1678467
0.728066 -0.6844457 -0.040795542 70.81592 0.68435407 0.729063 -0.018356882 36.790405 0.042305157 -0.014544289 0.998999 4.223999
0.7214168 -0.69148284 -0.039714206 71.6416 0.69135 0.7223814 -0.019196639 37.588135 0.04196334 -0.013607185 0.9990264 4.2773438
0.7183084 -0.69441026 -0.040113334 72.457275 0.69430244 0.71928537 -0.018842213 38.395874 0.041937776 -0.014326541 0.9990172 4.3309326
0.7123886 -0.7005275 -0.04090356 73.278564 0.7004136 0.71340823 -0.019454071 39.208862 0.04281123 -0.014787234 0.9989741 4.388794
0.70709294 -0.70581883 -0.042752344 74.09155 0.7056802 0.708216 -0.020845452 40.03882 0.044984527 -0.015428475 0.9988683 4.442627
0.7028641 -0.7099413 -0.044675246 74.90967 0.70975995 0.7041046 -0.022566412 40.85901 0.047470897 -0.015850998 0.9987464 4.5012207
0.69789505 -0.7147243 -0.045886673 75.72339 0.71452826 0.6992089 -0.023453634 41.70642 0.04884507 -0.016415535 0.9986715 4.569336
0.69289 -0.7198732 -0.043445244 76.53516 0.7196574 0.69408566 -0.023244778 42.556396 0.04688432 -0.01516045 0.99878484 4.630127
0.68873286 -0.72381395 -0.042036276 77.34863 0.7235523 0.6898739 -0.02392599 43.40747 0.04632172 -0.013937298 0.9988294 4.695801
0.6823883 -0.72995895 -0.041598033 78.15576 0.7297033 0.68351066 -0.023883834 44.2782 0.04586494 -0.014049535 0.99884886 4.758789
0.6806163 -0.731557 -0.041487463 78.961914 0.731228 0.681756 -0.025494652 45.14734 0.046932694 -0.012980914 0.9988136 4.822632
0.6748314 -0.73691326 -0.039478637 79.76514 0.7365442 0.675887 -0.026021482 46.02832 0.04585328 -0.011516729 0.9988816 4.8841553
0.67033 -0.7410986 -0.03822577 80.56592 0.7406433 0.67134863 -0.027732452 46.921387 0.046216533 -0.009720185 0.9988842 4.9434814
0.6673961 -0.7437964 -0.036053322 81.369385 0.7431962 0.66833895 -0.03055292 47.812622 0.046821848 -0.0064101564 0.99888235 5.008545
0.663316 -0.74750376 -0.03638238 82.16992 0.74668986 0.66430205 -0.03509233 48.713623 0.05039503 -0.0038903952 0.9987214 5.0755615
0.65812296 -0.7521615 -0.03404216 82.971436 0.7511386 0.65900326 -0.039213456 49.621094 0.051927544 0.0002316963 0.99865043 5.1394043
0.65338767 -0.75639284 -0.029148713 83.77173 0.75513834 0.65400255 -0.04408048 50.53784 0.05240366 0.006788714 0.9986028 5.206421
0.6435279 -0.7649699 -0.024226476 84.55884 0.7636092 0.643875 -0.04710994 51.461426 0.051647265 0.011818088 0.9985956 5.281128
0.63617516 -0.7713249 -0.0215596 85.34717 0.7699516 0.6363872 -0.048086993 52.40088 0.050797783 0.013988656 0.99861044 5.355835
0.6268883 -0.77886194 -0.018527707 86.12085 0.77755636 0.6269715 -0.047662854 53.3667 0.048733305 0.015469847 0.9986917 5.408325
0.61718446 -0.7865903 -0.017218392 86.87598 0.785283 0.6172122 -0.04813603 54.33716 0.048495486 0.016192477 0.9986924 5.4885254
0.6094041 -0.7926065 -0.019156866 87.63281 0.79123735 0.6095307 -0.048791457 55.313477 0.050355937 0.014576243 0.998625 5.553955
0.5979221 -0.8013049 -0.018428378 88.3728 0.7998444 0.5980015 -0.05081749 56.30591 0.051747687 0.015639804 0.99853736 5.6240234
0.5890961 -0.807713 -0.019356392 89.10669 0.80619675 0.5892281 -0.051649496 57.309082 0.053119764 0.014820373 0.998478 5.694092
0.5790027 -0.81512535 -0.015183754 89.83618 0.81356096 0.57889473 -0.053877354 58.322266 0.052717537 0.01884575 0.9984319 5.7683105
0.56901824 -0.8221626 -0.011684849 90.545654 0.82068837 0.56875724 -0.053436957 59.34961 0.050584916 0.020817174 0.99850285 5.842041
0.5585604 -0.8293334 -0.011433333 91.24658 0.8277977 0.55827945 -0.054686986 60.396484 0.05173136 0.021089053 0.9984388 5.9139404
0.54890007 -0.83582085 -0.012137298 91.93848 0.83427525 0.54867595 -0.054532867 61.435547 0.052249346 0.019818492 0.9984381 5.9873047
0.5381628 -0.8428318 -0.012987705 92.61401 0.84118944 0.5379766 -0.05597339 62.50879 0.05417044 0.019197172 0.99834716 6.064575
0.52964926 -0.8482787 -0.0144640375 93.28125 0.8465841 0.5295532 -0.056412835 63.583008 0.0555036 0.017633304 0.99830264 6.1397705
0.51734483 -0.8556816 -0.014330743 93.93628 0.8540275 0.51727724 -0.05570145 64.67163 0.05507952 0.016583716 0.99834466 6.2160645
0.5089933 -0.8606935 -0.013752851 94.58276 0.8590937 0.50892437 -0.054864906 65.76587 0.05421917 0.01610425 0.9983988 6.293701
0.50236785 -0.864474 -0.010575306 95.224365 0.8630179 0.50217205 -0.05314311 66.868164 0.051257163 0.017566994 0.99853086 6.368042
0.49217728 -0.87040925 -0.00954094 95.85449 0.8689814 0.4919496 -0.05291264 67.98901 0.05074442 0.01775802 0.9985541 6.442627
0.4859895 -0.87396044 -0.009077992 96.48047 0.8723696 0.48568854 -0.056169026 69.10571 0.053478375 0.019382715 0.9983809 6.5233154
0.47931427 -0.8776504 -0.0077583883 97.096436 0.8759035 0.47888628 -0.059445653 70.2168 0.055878602 0.021691909 0.99820155 6.5977783
0.4733163 -0.8808326 -0.0070206593 97.707275 0.8789056 0.47278082 -0.062834255 71.35596 0.058665305 0.023584869 0.99799997 6.67749
0.46830058 -0.88343614 -0.0064194105 98.30054 0.88135964 0.46767566 -0.06551611 72.4812 0.06088185 0.025030604 0.9978315 6.765625
0.463824 -0.8858427 -0.0047067655 98.90259 0.883778 0.4630938 -0.06597787 73.61743 0.060628917 0.026440594 0.99781 6.8529053
0.45869082 -0.8886656 -0.00063675863 99.49512 0.886816 0.45778182 -0.064167604 74.759766 0.05730938 0.028874727 0.9979392 6.944336
0.45710972 -0.8895433 0.00571785 100.083984 0.8879631 0.4558934 -0.06285989 75.895996 0.053300757 0.0338113 0.998006 7.0264893
0.4521053 -0.8919459 0.007170083 100.663574 0.89047927 0.45086765 -0.061511353 77.02368 0.05162626 0.034194417 0.9980809 7.109741
0.4496185 -0.8931758 0.00905771 101.23242 0.8918084 0.4483139 -0.060786396 78.160645 0.0502255 0.03541221 0.9981102 7.190674
0.44761136 -0.8941535 0.011107166 101.795166 0.89288664 0.44623044 -0.060170792 79.28833 0.04884607 0.036839217 0.9981261 7.27063
0.4446247 -0.8956344 0.013656054 102.35669 0.8944726 0.4431336 -0.05991455 80.40991 0.047617536 0.038863774 0.9981098 7.3398438
0.4426005 -0.89644533 0.016085181 102.913086 0.89538085 0.4410019 -0.059832577 81.52539 0.046539985 0.04089069 0.9980795 7.4171143
0.4395783 -0.89805925 0.017872715 103.45508 0.8970653 0.4379003 -0.059812736 82.63574 0.045890532 0.042343814 0.9980497 7.4866943
0.438613 -0.898514 0.022999352 103.992676 0.8978054 0.43677083 -0.05842143 83.73584 0.042452 0.046268374 0.99802625 7.5531006
0.43760094 -0.89899486 0.026134916 104.529785 0.8984157 0.43560797 -0.05884601 84.84009 0.041509055 0.049214818 0.99792457 7.6221924
0.43504235 -0.89992 0.02759735 105.04761 0.89940697 0.43298784 -0.058898244 85.91626 0.04105915 0.050453804 0.9978825 7.6904297
0.43400586 -0.90024835 0.028878458 105.562256 0.89975226 0.43184125 -0.060017776 86.99219 0.041576415 0.052045997 0.99777925 7.75708
0.43503404 -0.89994586 0.02845704 106.07886 0.89934087 0.43277708 -0.062116966 88.05664 0.043584593 0.052625783 0.9976633 7.8237305
0.4339889 -0.90065545 0.027561773 106.56323 0.90002084 0.43179676 -0.061637156 89.10303 0.043604944 0.051541742 0.99771786 7.892212
0.43860692 -0.8984654 0.024766887 107.06079 0.8976747 0.43650422 -0.062216856 90.14429 0.04510857 0.0495108 0.9977536 7.9630127
0.44060877 -0.89742017 0.02266697 107.55322 0.89658237 0.4386547 -0.061115213 91.170654 0.044891827 0.047243323 0.9978739 8.030518
0.44367808 -0.89587843 0.020467509 108.05127 0.894918 0.4417918 -0.06171526 92.19287 0.04626264 0.045703657 0.9978833 8.097412
0.45307082 -0.89130926 0.019049926 108.5603 0.89030224 0.45123875 -0.061759107 93.21045 0.04644738 0.044942413 0.99790937 8.163818
0.45838743 -0.88862693 0.017769612 109.065674 0.88765436 0.45668563 -0.060003437 94.20581 0.045205723 0.04327624 0.99803984 8.2282715
0.4654324 -0.88479793 0.016366601 109.58032 0.88384223 0.4638457 -0.058604106 95.20288 0.044261817 0.04175336 0.99814767 8.28894
0.47640204 -0.8790805 0.01561226 110.1062 0.87817246 0.4748941 -0.057224315 96.198 0.042881742 0.040971138 0.99823976 8.348877
0.48432344 -0.87468684 0.0148752965 110.63379 0.8737769 0.48285237 -0.056874163 97.178955 0.042573035 0.040542826 0.9982703 8.410034
0.494594 -0.8689257 0.012926443 111.18286 0.8679162 0.49316025 -0.05776869 98.150635 0.043825116 0.039796267 0.99824655 8.470947
0.5042145 -0.8636363 0.009098087 111.72217 0.86244893 0.50290227 -0.058763158 99.101074 0.04616945 0.037472602 0.9982304 8.532227
0.5152153 -0.8569798 0.0055658445 112.27417 0.855676 0.5140492 -0.058859494 100.04834 0.047583133 0.03509124 0.9982509 8.591919
0.53012216 -0.84798455 0.0026164455 112.85498 0.8466637 0.52911925 -0.057500955 100.993164 0.0473757 0.03268957 0.9983416 8.653198
0.5399775 -0.8416675 0.0020189183 113.43213 0.8404445 0.53906024 -0.055231657 101.9126 0.045402996 0.03152071 0.9984713 8.717773
0.5531977 -0.8331284 0.0017980877 114.03052 0.8320069 0.55233794 -0.053110715 102.83203 0.043255314 0.030879563 0.9985869 8.778687
0.5632497 -0.82623065 0.0009407364 114.632324 0.8251561 0.5624584 -0.051639117 103.7251 0.042137325 0.029864952 0.9986656 8.833862
0.5751864 -0.8180275 0.0002737241 115.24927 0.8169025 0.5743778 -0.0526214 104.60962 0.042886864 0.03049344 0.99861467 8.894287
0.5876261 -0.8092354 -0.0013228012 115.876465 0.80808556 0.58687663 -0.052348584 105.48242 0.0431408 0.029688392 0.9986276 8.9522705
0.5977181 -0.8017197 -0.00050303095 116.50073 0.8005121 0.59685254 -0.0544785 106.329834 0.043981154 0.03215124 0.99851435 9.007935
0.6081364 -0.7937885 -0.0011335933 117.13672 0.79261124 0.6073108 -0.053586897 107.166504 0.043237004 0.031691916 0.99856216 9.071289
0.6197126 -0.7847727 -0.00073331635 117.778564 0.78368896 0.618905 -0.0519697 107.98682 0.041242182 0.031635404 0.99864846 9.129028
0.6288549 -0.7775417 0.0013497724 118.41846 0.7766568 0.62805426 -0.048829485 108.79785 0.03711115 0.031759825 0.9988068 9.1796875
0.6396855 -0.7686452 0.00088231557 119.07861 0.76781577 0.6389411 -0.04718349 109.5957 0.035707906 0.030855691 0.9988856 9.235107
0.6486898 -0.7611732 -0.0019800817 119.715576 0.76032615 0.6480864 -0.045548 110.36426 0.03594914 0.028039377 0.9989602 9.286865
0.65634125 -0.7543961 -0.005035334 120.37085 0.7534681 0.6558387 -0.045651257 111.1272 0.03774535 0.026168007 0.99894476 9.331787
0.66855454 -0.7436577 -0.005677919 121.04492 0.74277264 0.66809696 -0.044276997 111.8811 0.036710236 0.025384506 0.9990036 9.381592
0.6754983 -0.7373287 -0.004892454 121.70264 0.73654747 0.67506135 -0.042023752 112.60742 0.034286026 0.02478437 0.9991048 9.429321
0.68430114 -0.72916657 -0.0036137393 122.36719 0.7284694 0.68384796 -0.040613055 113.33594 0.03208704 0.025158605 0.99916834 9.472412
0.692592 -0.721298 -0.0029436592 123.04712 0.72063905 0.69212276 -0.040103704 114.04248 0.030970113 0.025653888 0.999191 9.520874
0.69979405 -0.71434796 -0.0042421194 123.7063 0.713701 0.6993903 -0.03882347 114.72998 0.030697748 0.0241483 0.9992374 9.5616455
0.70842934 -0.70568454 -0.0039945757 124.3938 0.70508003 0.70803636 -0.037764918 115.407715 0.029474013 0.023936411 0.99927896 9.607666
0.7143841 -0.69980633 -0.00362012 125.05957 0.6992998 0.7140463 -0.034706846 116.07373 0.026868368 0.022264421 0.99939114 9.644775
0.7219208 -0.69187284 -0.0024777278 125.731445 0.69146436 0.7216088 -0.03196978 116.738525 0.023906227 0.021369325 0.99948597 9.680298
0.73005396 -0.68341976 -0.002251774 126.41431 0.68305296 0.7297624 -0.030526796 117.38037 0.022508092 0.020751711 0.9995314 9.715942
0.7369926 -0.67597353 -0.0027522775 127.073975 0.6756175 0.7367252 -0.02971161 117.99634 0.022110712 0.020040764 0.99955475 9.757568
0.74401236 -0.6681344 -0.00419035 127.736084 0.66782624 0.7438346 -0.026337901 118.610596 0.020713218 0.016796898 0.9996444 9.780273
0.75372535 -0.6571782 -0.002252709 128.42358 0.65697247 0.7535673 -0.02266504 119.211426 0.016592557 0.015602223 0.99974054 9.812134
0.76222795 -0.647247 -0.0016513914 129.08423 0.64709836 0.7621032 -0.0196305 119.785645 0.013964281 0.013894795 0.999806 9.837891
0.77221453 -0.6354178 -0.0018907383 129.76855 0.63529307 0.7721158 -0.017734386 120.35571 0.012727735 0.012494832 0.99984103 9.865723
0.781334 -0.62411165 -0.0030358846 130.42651 0.623994 0.78126544 -0.016221171 120.89624 0.012496104 0.010781114 0.99986386 9.889893
0.7911999 -0.6115282 -0.005201794 131.10303 0.61138475 0.7911551 -0.016541261 121.41968 0.014228931 0.009904597 0.99984974 9.907471
0.8014799 -0.5980336 -0.0053311437 131.8003 0.5978992 0.8014411 -0.015853936 121.9436 0.013753708 0.0095196 0.99986017 9.929077
0.8106121 -0.5855273 -0.0039196657 132.47827 0.5854352 0.8105752 -0.013521619 122.44141 0.011097524 0.008666343 0.9999009 9.946533
0.8211404 -0.57080805 -0.0020748766 133.1875 0.57075393 0.82110345 -0.011255629 122.94214 0.00812688 0.008058537 0.9999345 9.964844
0.83050954 -0.55709803 -7.547182e-05 133.88037 0.5570681 0.83046615 -0.010263791 123.420166 0.00578054 0.008482211 0.9999473 9.985718
0.83795875 -0.5456391 0.0021242949 134.59473 0.5456371 0.8379243 -0.008031868 123.885254 0.0026028862 0.007889029 0.9999654 9.996094
0.84713 -0.5313821 0.004390477 135.32568 0.5314002 0.8470991 -0.0072300006 124.3457 0.00012298068 0.008457494 0.9999642 10.005127
0.8536679 -0.5207513 0.0057815956 136.03857 0.5207821 0.8536379 -0.0072645443 124.79224 -0.0011511338 0.009212469 0.9999569 10.021362
0.8604479 -0.50940347 0.006823932 136.76465 0.5094442 0.860422 -0.0070478944 125.22754 -0.002279899 0.009541578 0.9999518 10.030884
0.86681867 -0.4987373 0.0068796296 137.51904 0.49877793 0.8667966 -0.0067093894 125.654785 -0.0026177028 0.009245885 0.9999538 10.041626
0.87279546 -0.48804516 0.006263253 138.24878 0.48807487 0.8727892 -0.004622125 126.082275 -0.0032110056 0.0070904735 0.99996966 10.046509
0.87905467 -0.4766271 0.006291913 139.01953 0.47665304 0.87905633 -0.0034959568 126.50073 -0.0038644234 0.0060725706 0.999974 10.047241
0.88474447 -0.46607438 0.0071116006 139.7649 0.46610782 0.88474625 -0.0040278956 126.90112 -0.0044150585 0.0068782605 0.9999666 10.0546875
0.8901304 -0.45568416 0.0069540734 140.53809 0.4557196 0.8901267 -0.004774729 127.29053 -0.0040137386 0.007419152 0.99996436 10.059814
0.8949405 -0.44614744 0.006744022 141.3169 0.44618353 0.8949318 -0.005371264 127.696045 -0.0036388286 0.00781643 0.99996275 10.0616455
0.8974413 -0.44112903 0.0067473333 142.09155 0.4411605 0.8974414 -0.0041805264 128.08276 -0.0042114053 0.0067285467 0.9999684 10.064819
0.9005418 -0.43471596 0.009991378 142.896 0.43475986 0.900572 -0.002641003 128.46753 -0.007849902 0.006721545 0.99994653 10.068726
0.9039627 -0.42743832 0.012223825 143.71143 0.42746115 0.90403414 0.00081227627 128.86133 -0.011397441 0.0044919476 0.99992484 10.065552
0.90673596 -0.42154592 0.014511688 144.53247 0.42153367 0.90684867 0.004038606 129.25903 -0.0148620745 0.0024534496 0.9998865 10.058228
0.90989614 -0.4145356 0.015542693 145.36694 0.41447648 0.91002876 0.0070003807 129.646 -0.017046696 7.060729e-05 0.99985474 10.052246
0.9130354 -0.40754125 0.01754658 146.21558 0.40744564 0.91320336 0.008881498 130.0354 -0.019642754 -0.0009608376 0.9998066 10.039185
0.91630787 -0.40000367 0.019855684 147.09766 0.3998751 0.91652167 0.010241149 130.41553 -0.022294726 -0.0014450168 0.9997504 10.026245
0.91976726 -0.39176506 0.021939363 147.97632 0.3916399 0.92002845 0.009922152 130.79541 -0.024072684 -0.0005346155 0.99971014 10.013184
0.9225421 -0.38518545 0.023306126 148.86987 0.38506114 0.92283636 0.009785712 131.1753 -0.02527806 -5.4897202e-05 0.9996806 9.99646
0.92566323 -0.3775988 0.02383174 149.76514 0.377481 0.92596984 0.009436062 131.55225 -0.025630414 0.00025959758 0.99967164 9.968262
0.93037254 -0.36574182 0.02449045 150.70898 0.36568853 0.93069124 0.0067809746 131.91064 -0.025273344 0.0026492618 0.99967706 9.957153
0.9334999 -0.3577213 0.023628807 151.64575 0.35769433 0.93379307 0.0055050296 132.27222 -0.024034653 0.0033149184 0.9997057 9.931763
0.93806386 -0.34565428 0.022560392 152.59546 0.34562153 0.93833137 0.005460287 132.62793 -0.023057245 0.002676886 0.9997306 9.9198
0.9428041 -0.33262956 0.020830601 153.56836 0.3325568 0.94303435 0.006965428 132.98706 -0.021960724 0.0003631548 0.99975866 9.895752
0.9483252 -0.31652862 0.021291723 154.5503 0.3163674 0.9485584 0.010646135 133.33081 -0.02356639 -0.0033578947 0.9997167 9.877319
0.9542077 -0.29825702 0.022645103 155.57007 0.29799682 0.9544523 0.014186619 133.65625 -0.025845012 -0.0067880563 0.99964297 9.851318
0.9598914 -0.2792657 0.02423851 156.594 0.27888328 0.9601396 0.018008215 133.96948 -0.028302373 -0.010525889 0.999544 9.827026
0.9665822 -0.25524223 0.024955858 157.64526 0.25478962 0.966818 0.019942652 134.2649 -0.029215913 -0.012921017 0.99948967 9.814087
0.9714588 -0.23575924 0.025934907 158.72095 0.23525508 0.97169864 0.02106924 134.52734 -0.030168539 -0.014366748 0.9994416 9.777832
0.9765243 -0.21342972 0.029052699 159.7854 0.21283902 0.9768343 0.022141606 134.7854 -0.03310473 -0.015439473 0.99933285 9.760864
0.98091924 -0.19158693 0.032755643 160.89038 0.1908546 0.98131007 0.02421641 135.00732 -0.03678375 -0.01750046 0.99916977 9.719238
0.98486567 -0.16927977 0.03710157 162.01318 0.16835818 0.9853601 0.026715849 135.2063 -0.041081857 -0.020063937 0.9989542 9.693359
0.98829234 -0.14693263 0.040996455 163.12036 0.14582962 0.9888886 0.028724562 135.39624 -0.04476205 -0.022407852 0.99874616 9.645996
0.9913489 -0.124507025 0.04146099 164.28564 0.12335013 0.99192417 0.029399758 135.55347 -0.044787012 -0.02403111 0.9987079 9.606323
0.9938821 -0.102897055 0.040139273 165.4248 0.10173176 0.9943575 0.030078199 135.69458 -0.043007076 -0.025810886 0.99874145 9.56311
0.99591035 -0.08164185 0.038710415 166.59814 0.08048872 0.9962907 0.030461345 135.7976 -0.041053694 -0.027220996 0.99878573 9.5164795
0.99727744 -0.060917653 0.04154038 167.80103 0.059729587 0.997785 0.029262977 135.87549 -0.043231446 -0.026701739 0.998708 9.478027
0.99816495 -0.04147904 0.044107813 169.00073 0.040197093 0.9987543 0.029556561 135.93799 -0.045279093 -0.027729023 0.99858904 9.432373
0.99872994 -0.019527426 0.04644217 170.21216 0.0181603 0.9993945 0.029677132 135.97412 -0.046993606 -0.028796025 0.9984799 9.387939
0.9989182 -0.0001751954 0.046492003 171.45557 -0.001250172 0.9995302 0.030621627 135.99023 -0.046475507 -0.030646643 0.9984488 9.337036
0.9986017 0.021668836 0.04821474 172.68701 -0.023197286 0.99923855 0.031372044 135.97607 -0.047498245 -0.03244679 0.9983442 9.286499
0.9980796 0.04019528 0.047141623 173.93921 -0.041794017 0.99856687 0.033439077 135.94653 -0.045730334 -0.035344783 0.99832875 9.234009
0.9971047 0.059543144 0.04728074 175.2168 -0.061205957 0.99752676 0.034542218 135.88379 -0.045107022 -0.037336607 0.9982845 9.18335
0.9956339 0.081381366 0.045709312 176.4856 -0.08301335 0.9959328 0.035023514 135.79736 -0.042673834 -0.038665585 0.9983409 9.134399
0.99405694 0.09956611 0.04401397 177.75122 -0.10120665 0.99418616 0.03675189 135.6814 -0.040098306 -0.040988237 0.99835443 9.088135
0.9919488 0.119138114 0.04297883 179.0774 -0.12077932 0.9919599 0.037856027 135.53687 -0.038125433 -0.042742435 0.99835885 9.046631
0.98946714 0.138917 0.040543817 180.39062 -0.14046086 0.98934597 0.03809778 135.37354 -0.034817412 -0.04339225 0.9984515 9.005737
0.9867057 0.15849437 0.03600341 181.71753 -0.15986133 0.9863745 0.03891951 135.18115 -0.0293448 -0.044157192 0.9985935 8.960083
0.98377466 0.17666855 0.0313017 183.05566 -0.17789681 0.9831489 0.042123854 134.9607 -0.023331013 -0.04700841 0.9986215 8.937012
0.98077124 0.19336055 0.026256045 184.35474 -0.19437316 0.9799361 0.04397463 134.72217 -0.017224904 -0.048232976 0.99868757 8.911499
0.97720426 0.211004 0.023697903 185.69678 -0.21191114 0.9761925 0.046412434 134.45264 -0.013341053 -0.05037537 0.9986411 8.902832
0.97309947 0.22934158 0.021950204 187.03735 -0.23016092 0.97195387 0.048293367 134.15112 -0.010256779 -0.052044652 0.99859166 8.886963
0.96865463 0.24735871 0.022990977 188.3872 -0.24820848 0.967519 0.048022017 133.82886 -0.01036606 -0.0522227 0.99858165 8.883179
0.96414804 0.26447976 0.021871496 189.73657 -0.26524183 0.9630415 0.04698228 133.46948 -0.008638706 -0.05109815 0.9986564 8.88855
0.95920676 0.28206155 0.018548764 191.08447 -0.28263676 0.958042 0.047462024 133.08667 -0.0043825535 -0.0507695 0.99870086 8.883789
0.95444167 0.2979843 0.015383061 192.43091 -0.29838112 0.95317256 0.049196195 132.69458 1.9418076e-07 -0.051544998 0.99867016 8.888916
0.94875324 0.31556886 0.015511854 193.76172 -0.31594732 0.9474057 0.050575294 132.26123 0.0012638541 -0.052886527 0.9986003 8.893555
0.9431308 0.33193758 0.017254155 195.14722 -0.3323833 0.9416534 0.052789886 131.80005 0.0012763198 -0.055524178 0.99845666 8.904663
0.93671995 0.34980005 0.01589628 196.49756 -0.3501302 0.93506575 0.0558336 131.32007 0.004663433 -0.057865545 0.99831325 8.914429
0.93041784 0.36630487 0.013292939 197.82227 -0.36644092 0.92867076 0.057665594 130.8169 0.008775117 -0.058523666 0.99824744 8.934937
0.92308766 0.3843161 0.0126318885 199.20435 -0.3843764 0.9213285 0.05794187 130.26465 0.010635526 -0.058340587 0.9982397 8.952148
0.9155306 0.4021826 0.0078422185 200.56104 -0.4019311 0.91382325 0.058190428 129.68042 0.01623914 -0.05642666 0.9982742 8.987061
0.9065986 0.42194444 0.004545686 201.88037 -0.4214011 0.9047682 0.06160806 129.104 0.021880448 -0.057769094 0.99809045 9.025269
0.89788246 0.44030526 0.0026303027 203.20215 -0.4395442 0.89594585 0.06441508 128.48828 0.026003582 -0.058990218 0.99791914 9.068237
0.88514614 0.46520483 0.0031827409 204.54492 -0.46434933 0.88306016 0.06702624 127.809814 0.028382597 -0.0608053 0.99774534 9.114136
0.8708569 0.49158305 0.004396733 205.90039 -0.4905938 0.86846185 0.07179784 127.088135 0.031476595 -0.06468014 0.99740875 9.169922
0.85761344 0.514231 0.004736317 207.21045 -0.51304406 0.85493034 0.07641172 126.352295 0.035240147 -0.06796396 0.99706614 9.227661
0.8414055 0.5404141 0.0053724693 208.46655 -0.5390837 0.8385466 0.07917297 125.58765 0.038276214 -0.06951478 0.9968467 9.291382
0.8277687 0.5611146 0.0048284014 209.74072 -0.559619 0.82486784 0.08057714 124.78613 0.04122718 -0.06940326 0.99673647 9.363647
0.80906993 0.5876091 0.0044722483 211.00708 -0.58594507 0.80615836 0.081705764 123.90552 0.04441081 -0.06872172 0.9966465 9.440552
0.794095 0.6077152 0.0025839345 212.23169 -0.6057393 0.7911566 0.08405689 123.0061 0.049031973 -0.06831576 0.99645925 9.521973
0.7765812 0.629965 3.1492673e-06 213.43457 -0.62762624 0.77369714 0.086088225 122.09033 0.054240245 -0.06685761 0.99628687 9.61145
0.7614096 0.6482361 -0.0018427279 214.60718 -0.6456041 0.75857013 0.08789069 121.12891 0.058371276 -0.06572124 0.9961284 9.703247
0.7454274 0.66645104 -0.002791408 215.77612 -0.6635999 0.7426126 0.089398436 120.12842 0.061654087 -0.0647944 0.99599355 9.807373
0.72858274 0.68501043 -0.0036728028 216.91748 -0.6820112 0.72587377 0.08973911 119.103516 0.06413167 -0.06287703 0.9959586 9.91272
0.71121025 0.7030986 -0.0042047817 218.03735 -0.69996977 0.70858485 0.09018524 118.04614 0.066378616 -0.06119384 0.99591565 10.026489
0.6967025 0.7174126 -0.005788548 219.12012 -0.7141251 0.6942368 0.0903964 116.97803 0.0688561 -0.058862623 0.99589074 10.138916
0.6808072 0.73237985 -0.008089281 220.18091 -0.72880983 0.67850196 0.091749415 115.886475 0.0726773 -0.056571644 0.9957506 10.254272
0.6671046 0.7448116 -0.010174499 221.22949 -0.74094504 0.6649216 0.09358507 114.77588 0.07646816 -0.05488464 0.9955597 10.381348
0.65313286 0.7572129 -0.011235029 222.25488 -0.7530119 0.65094167 0.09656739 113.62207 0.08044055 -0.054610413 0.99526185 10.505737
0.63548195 0.77197236 -0.010466831 223.25708 -0.7677417 0.6333128 0.096824504 112.45337 0.08138559 -0.053488173 0.99524564 10.644409
0.6204537 0.78428966 -0.007816901 224.23462 -0.7800858 0.6181022 0.09771399 111.26807 0.08146316 -0.054523487 0.9951831 10.780029
0.6017298 0.79871416 -0.003105401 225.20264 -0.79461765 0.59902894 0.09887187 110.05591 0.08084288 -0.05701324 0.9950932 10.927246
0.5836903 0.811922 0.002195632 226.12671 -0.80805135 0.58064 0.099119104 108.833496 0.07921674 -0.059622176 0.9950719 11.060181
0.56563634 0.8246153 0.006145594 227.02686 -0.82081604 0.5622807 0.1003688 107.61328 0.0793186 -0.061825164 0.994931 11.2022705
0.54731226 0.83700633 0.008277262 227.88037 -0.83301026 0.5436764 0.10347652 106.37329 0.08209572 -0.06352171 0.9945974 11.348145
0.53171337 0.84691614 0.011197817 228.68994 -0.8427837 0.52771294 0.10651153 105.134766 0.08428245 -0.06605222 0.99424833 11.490601
0.5115624 0.859233 0.0135093685 229.48022 -0.85514116 0.50745004 0.10670463 103.87793 0.08481556 -0.06612215 0.99419856 11.639526
0.48914072 0.871867 0.017549371 230.25049 -0.86803013 0.48486128 0.10562612 102.59131 0.08359512 -0.066923216 0.9942523 11.787598
0.46874565 0.8829036 0.021783734 230.94067 -0.87948626 0.46439725 0.102738306 101.346436 0.08061206 -0.06731836 0.99446934 11.928589
0.44637662 0.89439183 0.025307704 231.61841 -0.89122474 0.4419328 0.10121816 100.062256 0.07934735 -0.06773782 0.99454284 12.070679
0.42425403 0.90522635 0.026825793 232.27222 -0.90212244 0.41982463 0.1003268 98.759766 0.07956492 -0.066759266 0.9945911 12.20813
0.40384656 0.91421765 0.028886937 232.86133 -0.91117567 0.39934292 0.10002839 97.48657 0.07992709 -0.066721566 0.9945652 12.345581
0.38253832 0.9235011 0.028617552 233.4226 -0.9204688 0.3782312 0.09841636 96.20093 0.08007893 -0.063990995 0.9947323 12.47522
0.3596977 0.9328285 0.027765054 233.95459 -0.92957914 0.35549322 0.09911218 94.9082 0.08259282 -0.061436664 0.994686 12.614136
0.33815402 0.9406843 0.027503219 234.43579 -0.93740827 0.33410916 0.0981353 93.62866 0.08310185 -0.058961116 0.9947948 12.746826
0.31635982 0.9482662 0.026710635 234.90039 -0.9450995 0.31262186 0.095177986 92.33252 0.0819133 -0.055351436 0.9951009 12.885132
0.29705897 0.95459795 0.026810564 235.31885 -0.95137143 0.29338324 0.095068164 91.06128 0.082885586 -0.05375084 0.9951089 13.01416
0.2774051 0.9604493 0.027978277 235.7146 -0.95674086 0.27340576 0.10046122 89.79419 0.088847525 -0.05463157 0.99454576 13.148071
0.25623974 0.96607906 0.03055011 236.0874 -0.9615971 0.25159687 0.10923816 88.518555 0.097847 -0.05737426 0.99354655 13.289673
0.23841621 0.97056884 0.032759923 236.42383 -0.9653671 0.23320076 0.11664276 87.26807 0.10557558 -0.05944723 0.9926338 13.43689
0.21873721 0.9751897 0.036093764 236.72803 -0.9696817 0.21304837 0.12027483 86.02759 0.10961639 -0.061292566 0.99208146 13.593262
0.19588904 0.97979784 0.040317282 237.01831 -0.9743976 0.18985562 0.12042632 84.77246 0.11033452 -0.06285168 0.99190265 13.74939
0.1807816 0.9825294 0.04522041 237.27612 -0.97737443 0.17430006 0.12021931 83.53223 0.11022049 -0.06594184 0.9917184 13.907593
0.15741915 0.9862195 0.050068013 237.51611 -0.9812585 0.1505403 0.11995163 82.2832 0.1107408 -0.06801262 0.99151886 14.067261
0.14128481 0.98858714 0.05182537 237.71362 -0.9837417 0.13435537 0.1189683 81.05493 0.11065362 -0.067794956 0.99154437 14.216187
0.123712 0.9908407 0.053988203 237.88696 -0.9861167 0.11669011 0.118093744 79.83325 0.11068207 -0.06785727 0.9915369 14.364014
