1.000000000000000000e+00 4.398956837314658088e-19 2.733407509747682871e-20 -8.673617379884035472e-19 -5.583667658079949532e-19 1.000000000000000000e+00 -6.100159232558060012e-19 0.000000000000000000e+00 4.145284534913582806e-20 -2.210423569125054137e-19 1.000000000000000222e+00 0.000000000000000000e+00
9.998984620533030165e-01 3.199556621147229348e-04 1.424651633592166275e-02 -8.255642119086857578e-02 -3.146739438889280239e-04 9.999998809342230954e-01 -3.729778935427943112e-04 -1.012743119258219249e-02 -1.424663422309126008e-02 3.684570310051309030e-04 9.998984436612418092e-01 2.190443465273900214e-02
9.995384430273799303e-01 1.859066773597130079e-03 3.032234826486169058e-02 -8.551833446409892736e-02 -1.847205570103700126e-03 9.999982060606332768e-01 -4.191785186028784997e-04 -2.029057138068697530e-02 -3.032307367483397242e-02 3.629734633562429103e-04 9.995400839518537861e-01 4.954408224825851415e-02
9.979557695234294590e-01 5.100111453288817126e-03 6.370455986327776265e-02 -4.489933787980657925e-03 -5.181940309498553852e-03 9.999859471863947746e-01 1.119345304009107490e-03 6.747345766539944445e-03 -6.369795695128907531e-02 -1.447170288612818767e-03 9.979681738209519315e-01 4.100042174796702521e-01
9.953928343080215013e-01 4.337435226999460623e-03 9.578252466238725005e-02 2.827257536571047350e-02 -4.619384623735021782e-03 9.999856256344816785e-01 2.722098120017338134e-03 8.511266873278883205e-03 -9.576934258089374319e-02 -3.152013227519429462e-03 9.953985623153014384e-01 5.454445499878540771e-01
9.909335039931137512e-01 1.595421555801421675e-03 1.343437574487237052e-01 1.404078030637403440e-01 -2.281388497872860639e-03 9.999851350399256988e-01 4.952269043962346379e-03 6.979032121134029487e-03 -1.343338617987528405e-01 -5.213859543250027803e-03 9.909224133949458002e-01 7.793613763252218440e-01
9.850906922839092195e-01 -2.317224747040256584e-03 1.720202260635202707e-01 1.625313145553099470e-01 1.321048971328670722e-03 9.999816910217343979e-01 5.905289742719590888e-03 -1.972795108608935144e-02 -1.720307634058672874e-01 -5.589998707115424910e-03 9.850757172068383971e-01 9.084982810423770649e-01
9.763839452560466592e-01 -2.504284817869623005e-03 2.160280525684658004e-01 2.747951116275598737e-01 1.106195420270908491e-03 9.999776576156952368e-01 6.592465191879482399e-03 -7.901472671831666350e-03 -2.160397391320586780e-01 -6.197807783440902919e-03 9.763649004370803519e-01 1.160322936331593890e+00
9.646816426743993755e-01 -2.457204891413932845e-03 2.634070796145920879e-01 3.642424501022035743e-01 -1.958435277782310732e-04 9.999495253547702189e-01 1.004531659039555741e-02 3.220850936242414253e-03 -2.634184721888682135e-01 -9.742118921692277320e-03 9.646324691152248221e-01 1.339646886937344128e+00
9.503200758014201943e-01 -6.138872506188350862e-03 3.112138597850850341e-01 5.174910522429533311e-01 9.865219006328263159e-04 9.998598852254634295e-01 1.671037652437977472e-02 2.201956618082315242e-02 -3.112728423715406256e-01 -1.557318684245230164e-02 9.501929776167541419e-01 1.609178503131133642e+00
9.334201529386079166e-01 -1.576587237819077753e-02 3.584386330013437649e-01 6.340830669931791785e-01 7.376701835294820556e-03 9.996662002177614248e-01 2.476029863360934211e-02 -2.228858281928924878e-03 -3.587093601634499529e-01 -2.046766665364894294e-02 9.332248771357428696e-01 1.800862238567692675e+00
9.124621647986089767e-01 -2.149004903864854682e-02 4.085963451507529376e-01 8.034622949928998947e-01 1.014297120430155200e-02 9.995009023537413384e-01 2.991765861809667776e-02 -1.144824912703515385e-02 -4.090353546875301616e-01 -2.315435039540642698e-02 9.122247294599228340e-01 2.024220654353620308e+00
8.873911680805594004e-01 -2.349248098751116967e-02 4.604183044681134929e-01 9.961723357459988382e-01 8.912588970117317141e-03 9.993883602997826188e-01 3.381524836707792969e-02 -6.770971277452894621e-03 -4.609311063900563554e-01 -2.590383342864386110e-02 8.870577825988301690e-01 2.280083523000725698e+00
8.591872686989874275e-01 -2.543633032004823449e-02 5.110285965952707787e-01 1.162507128368960307e+00 6.829646999718951700e-03 9.992446871616663673e-01 3.825455616873394554e-02 2.483652183884303699e-02 -5.116156744934756695e-01 -2.937768247238992103e-02 8.587120339705304195e-01 2.493037654924187496e+00
8.272702978727114465e-01 -3.076773961930771503e-02 5.609609573779908986e-01 1.398463093813101521e+00 8.069453928162830317e-03 9.990469684511117388e-01 4.289567230050790603e-02 2.270730793141216564e-02 -5.617461564615229275e-01 -3.095966672549196885e-02 8.267301612561784863e-01 2.731091738572308802e+00
7.915350437184630605e-01 -3.642493573263991952e-02 6.100372881260218705e-01 1.614124730845743372e+00 1.010402411802564099e-02 9.988657222762624688e-01 4.653146796821115705e-02 2.157521961456169979e-02 -6.110402527007812168e-01 -3.066745572943623682e-02 7.910052607307032080e-01 2.934288695615710818e+00
7.538303745507073383e-01 -4.094579721221678487e-02 6.557920412693774015e-01 1.882680260394924199e+00 1.127333880591858441e-02 9.987155344530300738e-01 4.939830991579774455e-02 3.162785147316330564e-02 -6.569723635138032813e-01 -2.984498021041702420e-02 7.533237003375741203e-01 3.129453009398736718e+00
7.140554258357437734e-01 -4.426319175849537796e-02 6.986884935269954688e-01 2.202626881567173900e+00 1.242097032500517027e-02 9.986431901928447541e-01 5.057171267312092489e-02 3.824467114225107989e-02 -6.999789836361175466e-01 -2.743261632694081811e-02 7.136363792485777013e-01 3.365548808818512150e+00
6.724769251536948378e-01 -4.619487832231356644e-02 7.386750365687168030e-01 2.477616655503374954e+00 1.153178306948815512e-02 9.985830759204307183e-01 5.195053810521646498e-02 5.094050733859600832e-02 -7.400282516971384839e-01 -2.641729733582183492e-02 6.720567846912036680e-01 3.554672579648776143e+00
6.297768478329177633e-01 -4.648011216114958377e-02 7.753842347036591365e-01 2.831188725262422157e+00 7.233384063010286046e-03 9.985157849064546509e-01 5.398060204489080888e-02 8.310831585660211074e-02 -7.767424355794090296e-01 -2.838708090467218295e-02 6.291783309511984612e-01 3.807366699650713393e+00
5.877541979187554944e-01 -4.722832570833160326e-02 8.076598773572931655e-01 3.171920059664441016e+00 4.276987659372077227e-03 9.984621125593083901e-01 5.527311383531009065e-02 1.024478351664318138e-01 -8.090282579801162388e-01 -2.903265280215956701e-02 5.870522919595082545e-01 4.025861141177771607e+00
5.475650154680282711e-01 -4.831832138328893272e-02 8.353669147458681055e-01 3.547421557076032794e+00 2.098661103076681234e-03 9.984075665576669367e-01 5.637310189483992623e-02 1.199034731311543617e-01 -8.367605166507529058e-01 -2.911478577219708472e-02 5.467944572421151728e-01 4.204681535440181861e+00
5.093839009784367766e-01 -5.100457932609556155e-02 8.590265200709864546e-01 3.985333279397895279e+00 1.235871163362299314e-03 9.982842901508266475e-01 5.854014532408993721e-02 1.319482411684211320e-01 -8.605385101697231587e-01 -2.875776086507683682e-02 5.085729798931050150e-01 4.426530799125711901e+00
4.721128359940361952e-01 -5.091277493248667213e-02 8.800666717038896358e-01 4.371698869387133257e+00 -1.788807899361943106e-03 9.982734324384840985e-01 5.871076743627665073e-02 1.562355319504306062e-01 -8.815363204625972227e-01 -2.929237649442224117e-02 4.712066268844121719e-01 4.614479908647560968e+00
4.359803403103968966e-01 -5.029993839845386255e-02 8.985494119188464079e-01 4.820168923284617435e+00 -2.862204516636272095e-03 9.983542982035428226e-01 5.727567552424153025e-02 1.823127519563467192e-01 -8.999516460460509348e-01 -2.754290001767536675e-02 4.351188767163707283e-01 4.791753459429050288e+00
4.025674887782458300e-01 -4.904660850071870803e-02 9.140753980112001909e-01 5.338462272269026698e+00 -1.568049988026863194e-03 9.985251469299306626e-01 5.426851879426065894e-02 1.991247485035693987e-01 -9.153889737283604777e-01 -2.328005651742620294e-02 4.018968520712465908e-01 4.978146198474298956e+00
3.720678882532748033e-01 -4.717258639990183633e-02 9.270060513565417937e-01 5.837573185608891713e+00 6.271112021651529384e-05 9.987090393522868315e-01 5.079616864338203780e-02 2.180704073037265656e-01 -9.282055257328551967e-01 -1.884148882582671602e-02 3.715905202016957509e-01 5.161327328784178547e+00
3.464967071310140478e-01 -4.535077675720804863e-02 9.369542807798177941e-01 6.376629138917932593e+00 1.154843986230597854e-03 9.988505272787328026e-01 4.791962496871660787e-02 2.453510381393302908e-01 -9.380504858352540776e-01 -1.552195541630610465e-02 3.461507903801143704e-01 5.350843690334936120e+00
3.267297393123970717e-01 -4.482891697283386545e-02 9.440540401232466738e-01 6.965369656273444399e+00 2.326266315716022780e-03 9.989095837705564973e-01 4.662865966843089682e-02 2.645529928590815150e-01 -9.451149569417056640e-01 -1.303884784735532577e-02 3.264777505813378777e-01 5.510979325209853563e+00
3.114111255511335941e-01 -4.532504845352072764e-02 9.491937292771397416e-01 7.547538036938332695e+00 3.301175510189536828e-03 9.989074339100539879e-01 4.661588445920881313e-02 2.980354579782359403e-01 -9.502695560606474467e-01 -1.138324907570662653e-02 3.112205129276786608e-01 5.691806030234231706e+00
2.993586331596058692e-01 -4.696318427186225303e-02 9.529841828535035031e-01 8.161847989998220143e+00 4.297612655373744123e-03 9.988441769739954124e-01 4.787317215284519339e-02 3.161125106565497167e-01 -9.541309949079089803e-01 -1.023568960077959368e-02 2.992144558004702914e-01 5.893658576801676929e+00
2.885253874881801295e-01 -4.873552218793266583e-02 9.562311092112940614e-01 8.798577780499131862e+00 3.167593329524465238e-03 9.987468651819788601e-01 4.994662754074433164e-02 3.476526986565404709e-01 -9.574670142567290876e-01 -1.138191789165860987e-02 2.883181992569857077e-01 6.072679655449388925e+00
2.781284186498215183e-01 -5.037931070112261489e-02 9.592218159795943278e-01 9.461660760271279003e+00 1.542135174421218604e-03 9.986457508489569035e-01 5.200275081115172948e-02 3.772251653375072733e-01 -9.605426700098160797e-01 -1.298419226544431961e-02 2.778294538409615266e-01 6.284822257884976615e+00
2.675874315386433389e-01 -5.217425935843209711e-02 9.621199496376700022e-01 1.015133847234934628e+01 7.821567511146986472e-04 9.985443064312897743e-01 5.393195977363849508e-02 4.080519791768650317e-01 -9.635332745425928547e-01 -1.367898510032914024e-02 2.672387133396997849e-01 6.463376752849496754e+00
2.574336089195964350e-01 -5.415741022016699879e-02 9.647771225324475175e-01 1.087519977859594178e+01 -1.023959950827392284e-04 9.984266306825365644e-01 5.607363568095574680e-02 4.378697025848895530e-01 -9.662959914179556353e-01 -1.453402683558026494e-02 2.570230239276610207e-01 6.660095984707758099e+00
2.472103729364367453e-01 -5.573349883934285848e-02 9.673576343649847864e-01 1.158705106864462486e+01 -4.971428849370778313e-04 9.983369978366732900e-01 5.764539493870867587e-02 4.658834933628958619e-01 -9.689617128424523607e-01 -1.473145366664714399e-02 2.467715526870817022e-01 6.836966303386901700e+00
2.363748614942146886e-01 -5.702487137700999048e-02 9.699871509143807025e-01 1.235592628051590225e+01 -1.159041473303279142e-03 9.982591175314797782e-01 5.896940601569243545e-02 4.951411170792691108e-01 -9.716612568926369375e-01 -1.506313963501118916e-02 2.358972650953728711e-01 7.001730174791918948e+00
2.263511118707496050e-01 -5.989317848584733289e-02 9.722026359135672591e-01 1.313914154055183658e+01 -2.202818127486613330e-03 9.980737277656458462e-01 6.199985074055271161e-02 5.322039532386367844e-01 -9.740432939474790164e-01 -1.617531986505925043e-02 2.257831628711322036e-01 7.200462200327478968e+00
2.154768066771986235e-01 -6.332949124557284148e-02 9.744532339634150997e-01 1.390406935755980733e+01 -4.304004011440164083e-03 9.978235460479125685e-01 6.580004905720221453e-02 5.752220108674274135e-01 -9.764994818939344290e-01 -1.837243421649394776e-02 2.147352595843614320e-01 7.367626209738491916e+00
2.021514191381920400e-01 -6.730786951982574429e-02 9.770386062954717898e-01 1.470799598039966405e+01 -4.123290292046228288e-03 9.975681837261367590e-01 6.957526315262101135e-02 6.174178446076908910e-01 -9.793456075880900835e-01 -1.809335111264387744e-02 2.013822927779339578e-01 7.540650083876615284e+00
1.901090232568106442e-01 -6.976625909338866893e-02 9.792809668447667315e-01 1.547097751951477385e+01 -5.237506321505647038e-03 9.973856195880619335e-01 7.207284032811453467e-02 6.540377100487780870e-01 -9.817490233018233425e-01 -1.883068666320658266e-02 1.892466033598803055e-01 7.685309344643551199e+00
1.761061755675460139e-01 -7.045168409936831966e-02 9.818468101911644874e-01 1.629375156056952179e+01 -5.792550352037463025e-03 9.973441241620882858e-01 7.260264669050539577e-02 6.926756789611894227e-01 -9.843541427290023460e-01 -1.847317065382361387e-02 1.752303631324395594e-01 7.820954490357687305e+00
1.621647804075998234e-01 -6.966558669414434080e-02 9.843014139329644419e-01 1.707708797447286031e+01 -7.445191772880704190e-03 9.973899260874647954e-01 7.181855198811350205e-02 7.319430435496028231e-01 -9.867356131192910329e-01 -1.897475162592987194e-02 1.612228433174141551e-01 7.964910086986256132e+00
1.452593119210386363e-01 -6.854959309914150645e-02 9.870160428857247537e-01 1.787327609011149221e+01 -8.856226926389100876e-03 9.974668924087005673e-01 7.057879106833740701e-02 7.715506120593139672e-01 -9.893539895785408156e-01 -1.899346380386781122e-02 1.442842623248302980e-01 8.094540749775198663e+00
1.248532529429409454e-01 -6.727019393160557637e-02 9.898920998965857754e-01 1.868923851206247377e+01 -1.120009122024435630e-02 9.975397558732371772e-01 6.920255321218474198e-02 8.084676263295464960e-01 -9.921120100088351990e-01 -1.972704482174405388e-02 1.237926497699431971e-01 8.166762290884946651e+00
9.998200540866139518e-02 -6.591106312372113640e-02 9.928037638001897536e-01 1.952350590479528947e+01 -1.535317375876980861e-02 9.975825273595601006e-01 6.777448734441229861e-02 8.509290558023436812e-01 -9.948707935856355711e-01 -2.201891699525224469e-02 9.872835625509515656e-02 8.261078737623721580e+00
6.967363053120810557e-02 -6.526657614202030500e-02 9.954324900137986321e-01 2.035328581982890128e+01 -1.964961510174692561e-02 9.975740637402749078e-01 6.678233270578282088e-02 8.898137690361219709e-01 -9.973763056948166117e-01 -2.421283201961786646e-02 6.822214225468690996e-02 8.333516330969318986e+00
3.648490846430747780e-02 -6.521797021879501000e-02 9.972038159931502221e-01 2.119515883360693209e+01 -2.261412721555882202e-02 9.975587926354581025e-01 6.606857404076801887e-02 9.342665767234441532e-01 -9.990783102671225713e-01 -2.496139898890997050e-02 3.492099236969700704e-02 8.336147608573444501e+00
2.647494939455509282e-03 -6.452300203229618947e-02 9.979126994483702440e-01 2.203755179480076620e+01 -2.418617717128902778e-02 9.976201528988910550e-01 6.456825349326164587e-02 9.674671178933702542e-01 -9.997039746457374587e-01 -2.430663662299034286e-02 1.080628154253862432e-03 8.327560517050727640e+00
-3.199765708427276811e-02 -6.349295430265668172e-02 9.974691861905571333e-01 2.287285712441033780e+01 -2.553118745353972693e-02 9.977064907085144707e-01 6.268904901350629000e-02 9.963116593879646210e-01 -9.991618115508152931e-01 -2.346066921656500895e-02 -3.354532207158728019e-02 8.282458865218394806e+00
-6.509441291479192704e-02 -6.152692908630697649e-02 9.959804903270823573e-01 2.371161847642239806e+01 -2.799068464334063255e-02 9.978172004940996098e-01 5.981100217832226174e-02 1.032193197664091011e+00 -9.974864691477697276e-01 -2.398481288534997508e-02 -6.667450712246145161e-02 8.234872209045866143e+00
-9.701729833968085470e-02 -5.845330574090663867e-02 9.935647123447254314e-01 2.454515871293918394e+01 -2.961061149865813757e-02 9.980015061490722372e-01 5.582298299071536407e-02 1.072485882984066441e+00 -9.948421344763205276e-01 -2.400426284473256705e-02 -9.855424938037511684e-02 8.162987088693567372e+00
-1.295033692712661277e-01 -5.403793275636128296e-02 9.901054297353251155e-01 2.538677557036416843e+01 -2.686753395375388390e-02 9.983385605448493738e-01 5.097307296475708793e-02 1.097504000629767607e+00 -9.912149261468478079e-01 -2.000050567013884201e-02 -1.307400746408154402e-01 8.042442226246942383e+00
-1.612104710780909167e-01 -4.857663241662277254e-02 9.857238344115657469e-01 2.622554358406182473e+01 -2.240258872427152922e-02 9.987107025094019708e-01 4.555279055151061768e-02 1.111682437707555593e+00 -9.866657613809772798e-01 -1.473917790062925261e-02 -1.620908665184739583e-01 7.894009053571482859e+00
-1.920246720022120712e-01 -4.255392023816639141e-02 9.804670684343586018e-01 2.707421626794020497e+01 -1.643789767075181513e-02 9.990587861293498406e-01 4.014146716707681778e-02 1.133120266646816976e+00 -9.812524330065165445e-01 -8.408664288160939276e-03 -1.925434340760867336e-01 7.684493089456592152e+00
-2.206878733737885900e-01 -3.684974262755177921e-02 9.746481120103563933e-01 2.788657233453821505e+01 -1.069043916781727520e-02 9.993173948289650887e-01 3.536182834480528642e-02 1.138730593778286337e+00 -9.752859033283696188e-01 -2.615488622859225148e-03 -2.209311719872914803e-01 7.512602542245852000e+00
-2.480908011475310981e-01 -3.036803990056308189e-02 9.682606673581067858e-01 2.868381571784163242e+01 -1.905496812377917119e-03 9.995218921213328001e-01 3.086026960862015001e-02 1.167531908930416140e+00 -9.687349169823503692e-01 5.811132497928119846e-03 -2.480300545415247693e-01 7.264158629632945008e+00
-2.750375949071929838e-01 -1.993096125842311675e-02 9.612268524090187283e-01 2.951847516374195735e+01 4.246264246091745534e-03 9.997501677866035275e-01 2.194473134922681617e-02 1.162480625240669863e+00 -9.614241032230331774e-01 1.011725047757527918e-02 -2.748842508766459192e-01 7.034410424028122222e+00
-3.006287080448023508e-01 -4.967137343689975726e-03 9.537283110465553104e-01 3.027765798439233436e+01 8.597403631127447168e-03 9.999316942435942934e-01 7.917795178227904698e-03 1.155909519560578858e+00 -9.537025112110882885e-01 1.057990489944857573e-02 -3.005654702284426549e-01 6.775912610751566589e+00
-3.248906534553727132e-01 1.174462017198282630e-02 9.456786511715464805e-01 3.105592961509050198e+01 9.204558836710249534e-03 9.999147982147005287e-01 -9.255938233029753492e-03 1.124072604471700876e+00 -9.457068015202189093e-01 5.697388022971624014e-03 -3.249710775686614483e-01 6.457205213750571104e+00
-3.499976712403496948e-01 2.638060980983763723e-02 9.363790247098578989e-01 3.185438164285172746e+01 7.900014943952286470e-03 9.996509538751835455e-01 -2.521031862941071344e-02 1.092380829673365916e+00 -9.367172650359545383e-01 -1.426143546045740250e-03 -3.500839144389265578e-01 6.177625742356496197e+00
-3.746810670420429590e-01 3.723165550439110766e-02 9.264058972655306867e-01 3.261956650431213234e+01 1.185516582101380292e-02 9.993040867413381934e-01 -3.536661193821154237e-02 1.058892716101802023e+00 -9.270779726798162867e-01 -2.268503413668257473e-03 -3.748617102744131735e-01 5.876433173053327685e+00
-3.988806774464630500e-01 4.208653000374646541e-02 9.160365244455067613e-01 3.339020831568019076e+01 1.542641682635647465e-02 9.991128443858822150e-01 -3.918609209580425912e-02 1.009259914463100261e+00 -9.168730800136013492e-01 -1.499412755280094857e-03 -3.991760538596516583e-01 5.536880040847306006e+00
-4.212607952074110540e-01 4.139412486140085778e-02 9.059944007057355586e-01 3.412003279279991119e+01 1.804064661500204975e-02 9.991426858856564674e-01 -3.726161931971580521e-02 9.618043341014523850e-01 -9.067601067405961501e-01 6.478663983056034319e-04 -4.216464204372293856e-01 5.185469308122625520e+00
-4.414989670358168694e-01 3.811934525605055468e-02 8.964516513260513131e-01 3.486113308235562158e+01 2.218901159242028451e-02 9.992554410893371708e-01 -3.156281320435724153e-02 9.338282007112650440e-01 -8.969873595696640223e-01 5.956427666393896043e-03 -4.420160769028478875e-01 4.805835097300160896e+00
-4.598145953664092289e-01 3.698050162076289837e-02 8.872445920929000751e-01 3.559206009086438627e+01 2.946672421860657698e-02 9.992176921630078201e-01 -2.637642475558307428e-02 8.999392482707372354e-01 -8.875259224914141543e-01 1.401592771105829652e-02 -4.605445742980135426e-01 4.392983064301920315e+00
-4.735112822800684462e-01 3.761355889629514754e-02 8.799842451781779706e-01 3.629616723799924216e+01 3.287257826807037792e-02 9.991463689934195758e-01 -2.501853056493526586e-02 8.511954918336613884e-01 -8.801741145671612143e-01 1.708079558569662246e-02 -4.743435342666253440e-01 4.006328676823084578e+00
-4.851410494351081626e-01 4.053072348934115554e-02 8.734960840299914597e-01 3.698490079030520405e+01 3.563470873865508953e-02 9.990117949350638682e-01 -2.656315222151315464e-02 7.959376231728177986e-01 -8.737095296952547274e-01 1.823990409753574460e-02 -4.861059323508650221e-01 3.605786510889396279e+00
-4.950616186680203978e-01 4.348576231788352231e-02 8.677689603645409866e-01 3.769897449870769890e+01 3.724774552882366419e-02 9.988907733253102883e-01 -2.880674153608660595e-02 7.548502611118387273e-01 -8.680591060457387709e-01 1.806132641598262936e-02 -4.961322309476584591e-01 3.239843609115647727e+00
-5.054876266710803812e-01 4.262453029412495431e-02 8.617803636925717159e-01 3.838164511890987285e+01 3.107100601147417748e-02 9.990304810273179514e-01 -3.118798663619115966e-02 6.968630144068450605e-01 -8.622742394985815073e-01 1.101124254294704764e-02 -5.063219350785498341e-01 2.828623013212740567e+00
-5.165475443607292494e-01 4.151575718063021947e-02 8.552514618832069981e-01 3.907550660733355130e+01 2.964743654564599637e-02 9.990921708796266509e-01 -3.059188686878199295e-02 6.843970936443526387e-01 -8.557450998712156087e-01 9.553850417290699407e-03 -5.173094444401520331e-01 2.408768284456471065e+00
-5.249164722463913746e-01 4.276966759893338632e-02 8.500784902454330272e-01 3.975641708320157619e+01 3.157226345634992631e-02 9.990277860634400042e-01 -3.076808085596298425e-02 6.391790941466340970e-01 -8.505679874155803732e-01 1.068823060750636808e-02 -5.257564775483817288e-01 1.976509004151089544e+00
-5.324094144820464836e-01 4.580135026180215396e-02 8.452469690584821782e-01 4.041960645176664713e+01 3.535694145832268126e-02 9.988669405973532589e-01 -3.185469530520156772e-02 5.925327949734868760e-01 -8.457482567427977438e-01 1.292560895724927973e-02 -5.334255598408659260e-01 1.540873471121048555e+00
-5.365372930823695263e-01 4.906096034951844959e-02 8.424492521204971496e-01 4.112874486566879284e+01 3.629204477933840184e-02 9.987264399361061029e-01 -3.504833228848576454e-02 5.582502125214461319e-01 -8.430958618438336716e-01 1.176946966459134665e-02 -5.376345043714573224e-01 1.104985201795130711e+00
-5.359261986119083776e-01 5.039408917076348970e-02 8.427594748837792249e-01 4.183506906207383480e+01 3.546258940938668697e-02 9.986796651691229876e-01 -3.716626249725514530e-02 5.102287444592394916e-01 -8.435197247531885933e-01 9.968060450165950465e-03 -5.370057026669980971e-01 6.629284849005192548e-01
-5.328303299703175400e-01 5.128161350694643295e-02 8.446668115975535240e-01 4.257085209072745613e+01 3.794464260936665501e-02 9.986059983257723482e-01 -3.669147230619593247e-02 4.727762217735719252e-01 -8.453709571957709334e-01 1.250025201635558345e-02 -5.340334272870416177e-01 1.973144804411422482e-01
-5.272380508402629840e-01 5.030988953803162966e-02 8.482269387931872240e-01 4.332769966883913071e+01 3.633412187130802967e-02 9.986674771902447345e-01 -3.664834958603178927e-02 4.227083559869365126e-01 -8.489404461757549258e-01 1.149717758286241537e-02 -5.283634609658796055e-01 -2.530838659896343934e-01
-5.199406283331605705e-01 4.886814634633693255e-02 8.528033970879134174e-01 4.407181591246011010e+01 3.399172228632582615e-02 9.987551114935280250e-01 -3.650739680947618498e-02 3.835034901006584285e-01 -8.535258155357261511e-01 1.000657840998157161e-02 -5.209544738831397570e-01 -7.074415618368492531e-01
-5.125735161782525307e-01 4.808133600010902620e-02 8.572960762283147185e-01 4.484925196565830419e+01 3.208224441544208633e-02 9.988062038193332715e-01 -3.683607943250088307e-02 3.345067140597706157e-01 -8.580437822211425258e-01 8.622784495515010625e-03 -5.135041662549064689e-01 -1.180014115215507475e+00
-5.063649695517625782e-01 4.676686813684086813e-02 8.610501519792034264e-01 4.566934301710648469e+01 2.938179585074806796e-02 9.988841811432127571e-01 -3.697435166197823864e-02 2.895852561201658903e-01 -8.618185655374807075e-01 6.576684312644462578e-03 -5.071740537567837048e-01 -1.636739108076049387e+00
-5.015950242639700685e-01 4.445442794540075543e-02 8.639596182426204640e-01 4.646639558365288991e+01 2.519571839640507432e-02 9.990058903629739362e-01 -3.677508323784650646e-02 2.416425992502157227e-01 -8.647355779217864580e-01 3.321885435459080802e-03 -5.022164462824662001e-01 -2.093294462245182785e+00
-5.001656703830256179e-01 4.179859128428600745e-02 8.649203237254100562e-01 4.731816357715595700e+01 2.053309348112201255e-02 9.991259548990355510e-01 -3.641041443144036466e-02 2.044037384061925811e-01 -8.656862633720432409e-01 -4.517485569963621450e-04 -5.005867586302982231e-01 -2.550880196850570769e+00
-5.007970610141149193e-01 3.913566605642302548e-02 8.646795301062103478e-01 4.813923757237218837e+01 1.767251094750785928e-02 9.992313914330768210e-01 -3.499012284379757198e-02 1.522913369874917267e-01 -8.653843067549504831e-01 -2.241891312352931910e-03 -5.011037708077529240e-01 -3.040017434470602353e+00
-5.017277307136476239e-01 3.797400919773749606e-02 8.641916716417056277e-01 4.899917821658277006e+01 1.616505732261792200e-02 9.992731042488190996e-01 -3.452468702881695412e-02 1.053857855161399737e-01 -8.648745501407638647e-01 -3.352284066059329094e-03 -5.019768802107305028e-01 -3.517179399026925335e+00
-5.023418822663960892e-01 3.750444100425818356e-02 8.638553332080859404e-01 4.988232042662378518e+01 1.636499420663236823e-02 9.992923214097648721e-01 -3.386802775207465449e-02 5.838551100957661832e-02 -8.645142176972584469e-01 -2.876340381180004027e-03 -5.026001468479244227e-01 -4.018906962005010186e+00
-5.023857912536950909e-01 3.704823074043796932e-02 8.638494844771895664e-01 5.074786963320454447e+01 1.645220757959079891e-02 9.993103212790848122e-01 -3.328973743771346944e-02 1.727716283487690935e-02 -8.644870467081997578e-01 -2.512059138353095987e-03 -5.026488328631588676e-01 -4.520054043391049881e+00
-5.024070628219363677e-01 3.626490283178368523e-02 8.638703528507952756e-01 5.165074178505383173e+01 1.649890523940620787e-02 9.993402043487291664e-01 -3.235648414575203330e-02 -3.522222835241650696e-02 -8.644737946671323670e-01 -2.003210158094801199e-03 -5.026739092388006203e-01 -5.043711898756689571e+00
-5.027274344751256896e-01 3.565032274296398712e-02 8.637095389100196696e-01 5.253344373415283286e+01 1.594500442503461388e-02 9.993616793903666862e-01 -3.196858722471424691e-02 -9.223719479224888607e-02 -8.642979207244052553e-01 -2.299632507832256086e-03 -5.029749789629980317e-01 -5.561356125670124051e+00
-5.028281265900678143e-01 3.401595093277792747e-02 8.637168382526779764e-01 5.341060174960276186e+01 1.426213034699263735e-02 9.994158484799104958e-01 -3.105726030200595122e-02 -1.377627322927701403e-01 -8.642687539515451212e-01 -3.298020981092893589e-03 -5.030195399178757354e-01 -6.058487011311840753e+00
-5.028804597981706426e-01 3.331715371546400961e-02 8.637136081540683907e-01 5.432102262013071936e+01 1.387232470319545857e-02 9.994392354008155843e-01 -3.047578254859552305e-02 -1.925501665819358554e-01 -8.642446494304454330e-01 -3.343959014279277060e-03 -5.030606498293553885e-01 -6.560366287897890558e+00
-5.026301765090986917e-01 3.242685625783778280e-02 8.638931595627452609e-01 5.520947581390870340e+01 1.259670638489370983e-02 9.994649021661651256e-01 -3.018662454900044451e-02 -2.412278780144828660e-01 -8.644097645015400566e-01 -4.290499050711645522e-03 -5.027696929939396986e-01 -7.077389876455242756e+00
-5.011309511038727349e-01 3.131392707304537365e-02 8.648047145304956773e-01 5.611750877022084438e+01 1.212565072188954464e-02 9.995010701868218828e-01 -2.916469212173918371e-02 -2.976999829189587166e-01 -8.652865136954023262e-01 -4.129009092020386427e-03 -5.012606248918900498e-01 -7.597199146874320519e+00
-4.989682197877700620e-01 2.901150261176407494e-02 8.661345361872704318e-01 5.699844749944323041e+01 1.260261031307983656e-02 9.995767269234707708e-01 -2.622100652090999032e-02 -3.507383512237816081e-01 -8.665286505572584730e-01 -2.167891987382430073e-03 -4.991226418554164934e-01 -8.116454107950740848e+00
-4.965941318688036343e-01 2.756762518212153151e-02 8.675449732507376499e-01 5.787466756376628751e+01 1.327565488961368785e-02 9.996198240623002107e-01 -2.416535340209927801e-02 -3.945663525936346505e-01 -8.678813499575875889e-01 -4.831440912845908018e-04 -4.967713182281230933e-01 -8.598518301597261271e+00
-4.942698313111331121e-01 2.704678971018160960e-02 8.688876747662069855e-01 5.878302547050729032e+01 1.291637823125526413e-02 9.996340305702631213e-01 -2.376914125660299984e-02 -4.506552285324115226e-01 -8.692125824531390377e-01 -5.254866539533329219e-04 -4.944382914515160210e-01 -9.098678779327796562e+00
-4.919617022580892729e-01 2.755704532126786524e-02 8.701806014075966766e-01 5.968007175479162640e+01 1.368761749672930787e-02 9.996202221560697154e-01 -2.391778751117421345e-02 -4.951204437621773979e-01 -8.705092447210118767e-01 1.440647112517230537e-04 -4.921520576239574174e-01 -9.626062765293196932e+00
-4.906916233823502282e-01 2.792396131286783295e-02 8.708857384344018682e-01 6.056437894813723943e+01 1.341702403405232655e-02 9.996099946641929801e-01 -2.449167224472638751e-02 -5.430699738859320336e-01 -8.712300079414631027e-01 -3.331625893825246299e-04 -4.908749087168178815e-01 -1.012403334256142706e+01
-4.916738982522642631e-01 2.915041177250347199e-02 8.702913406267261953e-01 6.146154958519928613e+01 1.300569223994241068e-02 9.995738651709150657e-01 -2.613312099037672434e-02 -5.885082704736419590e-01 -8.706822854859262995e-01 -1.530231207587303636e-03 -4.918435013888543539e-01 -1.061242083044302298e+01
-4.942782050099956415e-01 3.097742465520012672e-02 8.687516570099989011e-01 6.234752461895201492e+01 1.176364025110816607e-02 9.995117236811245087e-01 -2.894703731481264308e-02 -6.393489263653566734e-01 -8.692241858619144113e-01 -4.088206781611030717e-03 -4.944012691700311879e-01 -1.109168409929416121e+01
-4.990085395289641790e-01 3.156656188849584627e-02 8.660219489539873194e-01 6.321215208837702448e+01 1.063177209463902172e-02 9.994841483603408294e-01 -3.030515760174922607e-02 -6.897354085208098340e-01 -8.665318547420008954e-01 -5.915183561923764537e-03 -4.990867348665263270e-01 -1.158269047921925576e+01
-5.041784880840251004e-01 3.008266257254700246e-02 8.630753571225243670e-01 6.410167650282606644e+01 1.056190129826765564e-02 9.995331574829787735e-01 -2.866903054680997043e-02 -7.367789099564843180e-01 -8.635348925686858745e-01 -5.338590854026005125e-03 -5.042608474572881638e-01 -1.209363427650224310e+01
-5.098802562516572268e-01 2.786943190781467419e-02 8.597938157774944745e-01 6.495016685460036854e+01 1.338125290395939838e-02 9.996111016885327327e-01 -2.446604642449945119e-02 -7.971317008950253857e-01 -8.601413131202985118e-01 -9.696346000197797726e-04 -5.100548938077167360e-01 -1.259446868234649664e+01
-5.147594715903189844e-01 2.595992429954127947e-02 8.569415122506006677e-01 6.581492834022591865e+01 1.078770650216983804e-02 9.996584573018102438e-01 -2.380323746503371432e-02 -8.396541069357389420e-01 -8.572667752166451827e-01 -3.008507509311246064e-03 -5.148637085014482473e-01 -1.311675832493155447e+01
-5.202172726422112925e-01 2.814351733928600191e-02 8.535701016631137561e-01 6.665468110623032771e+01 1.181267252636532608e-02 9.995983883596770703e-01 -2.575893504586683480e-02 -8.948905507787138225e-01 -8.539522597914418478e-01 -3.317297946710652447e-03 -5.203407986853816336e-01 -1.361627114477721179e+01
-5.250833799675349578e-01 3.006317147906292092e-02 8.505196274434267956e-01 6.747892352897949308e+01 1.192279933376170532e-02 9.995376635568442580e-01 -2.796973301085675309e-02 -9.370215657172926704e-01 -8.509672748328136471e-01 -4.545866213817479316e-03 -5.251990531433190501e-01 -1.414971257196574328e+01
-5.300408452667750847e-01 3.059032755662647110e-02 8.474201562158201195e-01 6.832542367849768539e+01 1.082711383597621292e-02 9.995117747402112451e-01 -2.930845851297699325e-02 -9.844310520612579163e-01 -8.479029943103866263e-01 -6.359564759916348439e-03 -5.301132720889109029e-01 -1.466341367717824795e+01
-5.337503384419647334e-01 3.127710561921437371e-02 8.450634922276591965e-01 6.916686204592463127e+01 1.026869585660989022e-02 9.994818176892312778e-01 -3.050655623504687497e-02 -1.027318826774465288e+00 -8.455797666890060293e-01 -7.605183882121595990e-03 -5.337949347325844363e-01 -1.516824573171331281e+01
-5.371818203438367689e-01 3.044254888633978612e-02 8.429169177258544199e-01 6.997437406644837665e+01 9.929125994963074187e-03 9.995074524513473113e-01 -2.977020207071608138e-02 -1.092070946359367412e+00 -8.434080364916696215e-01 -7.622582210362411660e-03 -5.372195018449226200e-01 -1.569557407465905818e+01
-5.395548839984491973e-01 2.371276841051411094e-02 8.416164321592604081e-01 7.082093690625760019e+01 1.151142243469603123e-02 9.997176454601527373e-01 -2.078741179138852285e-02 -1.135247638702051587e+00 -8.418717395948885907e-01 -1.527746368960562588e-03 -5.396755071058062514e-01 -1.623898757078162447e+01
-5.415562656491323956e-01 1.611762455935529526e-02 8.405099764157880626e-01 7.163686559070261239e+01 1.260509417453016534e-02 9.998594768472457428e-01 -1.105161248773499534e-02 -1.164320982436029883e+00 -8.405700056022572531e-01 4.609638390058877662e-03 -5.416833298127415874e-01 -1.674839993729441900e+01
-5.437817424852181558e-01 1.388233470157571731e-02 8.391118426649548656e-01 7.245138669743792548e+01 1.346307120165662723e-02 9.998788095775429374e-01 -7.817406802293522250e-03 -1.187343610886189893e+00 -8.391186887384353144e-01 7.046060385104162792e-03 -5.439027413865815674e-01 -1.727271474858438793e+01
-5.443615998326658545e-01 1.784552319571170234e-02 8.386608212633671622e-01 7.325598610114656140e+01 1.220054586337570267e-02 9.998363695440337651e-01 -1.335592741893538993e-02 -1.240917762428968230e+00 -8.387619488479738372e-01 2.961666749844943033e-03 -5.444902519995927781e-01 -1.777745176974359964e+01
-5.458959566997323432e-01 2.281809846768007022e-02 8.375421936045571725e-01 7.404102305207993595e+01 1.236759980952982334e-02 9.997396272929528482e-01 -1.917602862385837589e-02 -1.290333983789184513e+00 -8.377616954901658808e-01 -1.097288964930192011e-04 -5.460360265802973734e-01 -1.829448234996602096e+01
-5.463800047119323766e-01 2.800543100522758996e-02 8.370690374919231846e-01 7.483162938880096249e+01 1.866509613016535674e-02 9.995997357889905288e-01 -2.125987688340938431e-02 -1.323021941318399231e+00 -8.373293952295515208e-01 4.008003375228265559e-03 -5.466840335906452131e-01 -1.883395756345900551e+01
-5.461225346365524702e-01 2.961139343584354849e-02 8.371817782183940126e-01 7.564174230117878039e+01 2.301832218120705362e-02 9.995281501435459015e-01 -2.033799095613646538e-02 -1.346208606096670923e+00 -8.373890048731583713e-01 8.163485716572589299e-03 -5.465464525701110299e-01 -1.935040487467999171e+01
-5.458858436833438077e-01 2.614095735384531008e-02 8.374516602441204327e-01 7.641874243234273933e+01 2.234191995052373439e-02 9.996119095635201957e-01 -1.663937603573632101e-02 -1.388462488495174618e+00 -8.375616369922344040e-01 9.627079137687736404e-03 -5.462580309634978981e-01 -1.987523838316073821e+01
-5.451674576004637007e-01 2.145734162861293731e-02 8.380525120035100528e-01 7.724273811948938828e+01 2.051694790436852864e-02 9.997144568858014058e-01 -1.224987789840965673e-02 -1.416880081642689193e+00 -8.380760762133301345e-01 1.051604595968262494e-02 -5.454520291265038123e-01 -2.040001944004951895e+01
-5.442970466397579754e-01 1.599863986198100593e-02 8.387399810019458002e-01 7.802546900816950881e+01 1.916162050715560644e-02 9.997943778778684010e-01 -6.635829389815934079e-03 -1.442810684972303248e+00 -8.386736962829387521e-01 1.245975592298683050e-02 -5.444916881714226831e-01 -2.089185791816970905e+01
-5.440457154655216065e-01 8.927709719749269551e-03 8.390080706762996776e-01 7.888320092765752634e+01 1.002284387608039576e-02 9.999411957915573801e-01 -4.140959129435062974e-03 -1.471721748164587895e+00 -8.389957172837145816e-01 6.156376819908453493e-03 -5.441032055078464102e-01 -2.142857210572852011e+01
-5.422270755588756153e-01 3.951975336868232026e-03 8.402226892683163362e-01 7.963962236805694772e+01 1.829192578021873522e-03 9.999921212279860860e-01 -3.523000670733591588e-03 -1.497008448828501592e+00 -8.402300067050421095e-01 -3.733363103220329270e-04 -5.422300335795769977e-01 -2.189271571890963131e+01
-5.405654033562266036e-01 4.441862202835915145e-03 8.412902600555829391e-01 8.044718512948048783e+01 4.895939074570027430e-03 9.999857380376253602e-01 -2.133891621239704817e-03 -1.522216377898198747e+00 -8.412877546271473328e-01 2.965398836919781907e-03 -5.405794421014579187e-01 -2.241203444662675537e+01
-5.373383641105501374e-01 7.247570197338648081e-03 8.433356047480373707e-01 8.124624514416017007e+01 9.856768071273875817e-03 9.999487453641362489e-01 -2.313169002651176923e-03 -1.542865886775270923e+00 -8.433091593507888728e-01 7.069610016346146268e-03 -5.373822618321359990e-01 -2.292380675444426430e+01
-5.321805085948027036e-01 1.035169898384337601e-02 8.465676201967206049e-01 8.203941378783682126e+01 1.060885988720536820e-02 9.999282784137493163e-01 -5.557886513424789392e-03 -1.575803265002952980e+00 -8.465644512550010159e-01 6.023319388852644597e-03 -5.322521606787132820e-01 -2.341314826628533652e+01
-5.245003190162179640e-01 1.257497091828964873e-02 8.513173745972103523e-01 8.281042278431200998e+01 1.603908198605441537e-02 9.998594208645024128e-01 -4.887364387815631116e-03 -1.594737477468204379e+00 -8.512591703498411100e-01 1.109092602787509381e-02 -5.246282774014718875e-01 -2.388191792833588423e+01
-5.159531378061306128e-01 1.482106588579950278e-02 8.564885768540035915e-01 8.362858442827804595e+01 2.311327058585337102e-02 9.997271518369350574e-01 -3.376176078361312494e-03 -1.629021918381914569e+00 -8.563049388884814705e-01 1.805430469640273081e-02 -5.161549254513281282e-01 -2.439372887673587087e+01
-5.065364059065864399e-01 1.530994529435721237e-02 8.620826303751638608e-01 8.438337202166202644e+01 2.292166703099986561e-02 9.997280755291799714e-01 -4.286273638169930261e-03 -1.641502398348699154e+00 -8.619138465649875958e-01 1.758921847013984394e-02 -5.067495969435584779e-01 -2.483544833415385611e+01
-4.955947350819941977e-01 1.241178846013507933e-02 8.684651935513691967e-01 8.523331138969000165e+01 1.886470947766017217e-02 9.998158360014981483e-01 -3.523745943142513309e-03 -1.662116711812309910e+00 -8.683490045650434919e-01 1.463699471720760099e-02 -4.957376103787518029e-01 -2.531103358815143878e+01
-4.838457083646900969e-01 9.273639653454622198e-03 8.751041745164176433e-01 8.605469250894005029e+01 2.030185498821179477e-02 9.997936976488691618e-01 6.299137315643233998e-04 -1.679789234441431578e+00 -8.749178120385422419e-01 1.807102023145569850e-02 -4.839341631755336159e-01 -2.575848646001502473e+01
-4.728116508080359992e-01 7.870641958289638015e-03 8.811283571830795802e-01 8.684971622665459279e+01 1.955496918592079802e-02 9.998075624817461815e-01 1.562418339149143111e-03 -1.708913124160900354e+00 -8.809465130615473649e-01 1.796916859739405153e-02 -4.728745755072810697e-01 -2.618404766942180828e+01
-4.604340707704281388e-01 6.881750381847811897e-03 8.876672201745187119e-01 8.769761514456639873e+01 1.902377899585428953e-02 9.998167914267457324e-01 2.116454856094286425e-03 -1.728083956377185704e+00 -8.874900423969408481e-01 1.786127407756377128e-02 -4.604806334476900243e-01 -2.658652300791528234e+01
-4.485329644331781385e-01 8.992325776469235060e-03 8.937210434503796153e-01 8.853365446505948455e+01 2.310812992666351831e-02 9.997317879351694803e-01 1.538338238183805783e-03 -1.751113146182936786e+00 -8.934675189330294476e-01 2.134221856940850606e-02 -4.486204595699799236e-01 -2.700468110042573144e+01
