1.000000000000000000e+00 -3.306050084167601550e-19 -2.270457535318767223e-19 -8.673617379884035472e-19 7.546676715296109287e-19 1.000000000000000000e+00 6.237773588823049983e-19 1.387778780781445676e-17 -3.447385680526250622e-20 4.770700176052009879e-20 1.000000000000000222e+00 5.551115123125782702e-17
2.491405090566995995e-01 -6.898127972997842444e-03 9.684294176571424106e-01 -5.531008887613386271e+00 -1.246266060676808583e-02 9.998691144606052239e-01 1.032518109407449050e-02 -2.004106552116227680e-02 -9.683737330046369163e-01 -1.464676097772091116e-02 2.490219181878268739e-01 6.774600343601989927e+00
-2.223536921936315469e-01 -1.617804486005982798e-02 9.748522496743484700e-01 -9.209478873810830191e-01 -2.749487774225355119e-02 9.995687676593962845e-01 1.032737501407373498e-02 9.703793701672772110e-02 -9.745990277742435648e-01 -2.450521008667840353e-02 -2.227026492086312259e-01 1.303323473492353557e+01
-7.525369008367031043e-01 -3.514078455397243173e-02 6.578394831411263910e-01 4.713114108028843674e+00 -4.648544985787411016e-02 9.989184051492333571e-01 1.706053877601303712e-04 2.504941226902140383e-01 -6.571334459938829031e-01 -3.048326158483394624e-02 -7.533563802395016884e-01 1.536980010988259870e+01
-6.374561362525167363e-01 -2.912610705012878484e-02 7.694656493642531014e-01 9.908371396718795410e+00 -3.521255353052576281e-02 9.993423207579624767e-01 8.628258774077980295e-03 3.331175749258193930e-01 -7.692104564380028986e-01 -2.161858897648491831e-02 -6.380622795142961712e-01 1.329188410773628348e+01
-8.811493783874629893e-01 -3.584232581596500516e-02 4.725889271626721455e-01 1.476316554373002887e+01 -3.805138539295647299e-02 9.992641458691629008e-01 4.901014333782420518e-03 4.373757345719118672e-01 -4.724167637629039240e-01 -1.366877347283177932e-02 -8.818647841710005597e-01 1.233329009148657107e+01
-9.646428364775508912e-01 -3.256407828173228658e-02 2.608805339465424811e-01 1.837034501020206534e+01 -3.341203118866734045e-02 9.994412322225150191e-01 1.288009525654093936e-03 5.219346432305576045e-01 -2.607768204633140185e-01 -7.468461608138860473e-03 -9.651919127623287409e-01 9.271887534153277599e+00
-9.831984053274683832e-01 -3.949644154062902784e-02 -1.813054978428236541e-01 2.064642319808070425e+01 -3.912619356922255459e-02 9.992189859506540595e-01 -5.467783500416942624e-03 5.570066127406999579e-01 1.813798968325902039e-01 1.714349041267658772e-03 -9.839758718943955040e-01 6.208992305998033423e+00
-8.847926632786499157e-01 -3.472335905741355533e-02 -4.636670614196892193e-01 2.131864058396655537e+01 -3.624914998053637566e-02 9.993269875699148930e-01 -5.713363941692019450e-03 5.954824020860163269e-01 4.635535968747868107e-01 1.174187434220775976e-02 -8.854559718399405144e-01 2.465051948943481896e+00
-6.662595785331175691e-01 -2.741234711325967952e-02 -7.451939139055262507e-01 2.055910523703481374e+01 -3.188403423858873070e-02 9.994571930169721119e-01 -8.222957167743688220e-03 5.661648962966316923e-01 7.450149216219059678e-01 1.828961213626971102e-02 -6.667719691324448528e-01 -2.509976606765254026e-01
-6.514117427564486418e-01 -1.086626590569856818e-02 -7.588202984192400358e-01 1.842910732897978221e+01 -2.338473166077708471e-02 9.997104983918071452e-01 5.720113767029198597e-03 5.489680796169331689e-01 7.585384987636973886e-01 2.145667371869650411e-02 -6.514776024714484803e-01 -1.587728510201115828e+00
-3.578420692285971261e-01 4.224146488385562589e-04 -9.340732995816953821e-01 1.655289669707610400e+01 -1.922891983944501754e-02 9.997843879116908861e-01 7.820819299166531513e-03 4.849391308180066584e-01 9.338753440671392347e-01 2.076806628716992148e-02 -3.577567601255832730e-01 -1.764740034422255910e+00
-3.760339025042359618e-01 3.628510397073424643e-03 -9.269216309716827862e-01 1.541033171785926292e+01 -1.842558346894940247e-02 9.997653016371003121e-01 1.138282904605066037e-02 5.052701218720142551e-01 9.267456782348474364e-01 2.136199120267620252e-02 -3.758787458678649607e-01 -2.472753658003392641e+00
-2.009361271294606566e-01 6.921434497859716740e-03 -9.795751250125347420e-01 1.506384584090421619e+01 -2.005296190572451037e-02 9.997362233825025646e-01 1.117787646192749257e-02 5.045746704921471038e-01 9.793943570768087747e-01 2.189968688750076192e-02 -2.007441822086616368e-01 -2.004541458875541693e+00
-2.859985964858223761e-01 8.250044205193058505e-03 -9.581398212357932209e-01 1.527581713675090214e+01 -1.884815469957882433e-02 9.997209821225788717e-01 1.423587747170682559e-02 5.149430935615980642e-01 9.579899972268416386e-01 2.213015959434804988e-02 -2.857632713236308852e-01 -2.484740160430581657e+00
-1.048273633909384828e-01 1.416441931320960509e-02 -9.943546515922947471e-01 1.473648950159993021e+01 -1.320805275743022061e-02 9.997905474331704179e-01 1.563334577382757135e-02 5.010032586611402605e-01 9.943678704124970791e-01 1.477443973867752745e-02 -1.046183124616310994e-01 -1.840461090329812865e+00
-1.827719224719276392e-01 1.507501044059133231e-02 -9.829962947390545880e-01 1.474323688617447559e+01 -1.062766907087757916e-02 9.997936500258637338e-01 1.730789939326976903e-02 5.139022400844301952e-01 9.830546433443112520e-01 1.361162412431796490e-02 -1.825738996187172003e-01 -2.264875995400811082e+00
1.601328637688391107e-02 1.834166134480921459e-02 -9.997000487995638673e-01 1.397123628538771989e+01 -7.165663107413882543e-03 9.998081746956715143e-01 1.822807260137605107e-02 4.941699313020728734e-01 9.998425394369739871e-01 6.868717792274154146e-03 1.614157252908634405e-02 -1.675439793813452649e+00
-5.663065552330758673e-02 1.819478764439681068e-02 -9.982317560708813264e-01 1.397239580501447520e+01 -5.290841314811973485e-03 9.998143430160305600e-01 1.852460398115791593e-02 5.176525446727664459e-01 9.983836564706041194e-01 6.330660589974292617e-03 -5.652378590356765820e-02 -2.029322261530388527e+00
1.257024136442067563e-01 2.093214486434161539e-02 -9.918972144411484226e-01 1.319841363312550797e+01 -9.135774455989181461e-03 9.997592793715222026e-01 1.994285439171356381e-02 5.083846575577661842e-01 9.920762006224060903e-01 6.556817380803459452e-03 1.258634374469176087e-01 -1.445988189792555279e+00
4.842942442666227365e-02 2.100953655131131137e-02 -9.985875381390859618e-01 1.322579883795038214e+01 -9.399244120651522802e-03 9.997440766201891593e-01 2.057592935742096410e-02 5.280314363818677803e-01 9.987644097856976932e-01 8.388620889403090516e-03 4.861453279618912354e-02 -1.832411116104268212e+00
2.260599471103958424e-01 2.326947335914348811e-02 -9.737356486512297460e-01 1.238192913787728955e+01 -1.035644579575901482e-02 9.997155574202946093e-01 2.147971248000023550e-02 5.091545904416947543e-01 9.739586504284848401e-01 5.230056480040140739e-03 2.262364830362576240e-01 -1.111190130265971243e+00
2.735311524063355204e-01 2.332214441797589993e-02 -9.615639539641475109e-01 1.205816947487471325e+01 -1.006772800319354240e-02 9.997206207956901292e-01 2.138169940273791994e-02 5.347928875147669459e-01 9.617940976072106851e-01 3.831743635424474624e-03 2.736895369652871390e-01 -1.295900560374423360e+00
3.113896617145317514e-01 2.452685108350652690e-02 -9.500172081150021208e-01 1.155577784419932641e+01 -1.173996226130436492e-02 9.996898143639062484e-01 2.196075727050461265e-02 5.173783522240646970e-01 9.502614519101032498e-01 4.316657495873821825e-03 3.115810714164503059e-01 -8.038398705078508844e-01
3.500687355157424685e-01 2.316317187918140105e-02 -9.363367725754674353e-01 1.116677245598611101e+01 -1.198967291090937727e-02 9.997230411890593027e-01 2.024677468030225413e-02 5.397075040614962571e-01 9.365465907621267627e-01 4.139756553765273732e-03 3.502494875907763983e-01 -8.410258395535884501e-01
3.839314322312242234e-01 1.954836404528758828e-02 -9.232067678854702919e-01 1.065382402893609104e+01 -9.357542839433349163e-03 9.998067780532071680e-01 1.728239153732474137e-02 5.378401749959111910e-01 9.233664548703007791e-01 2.004407843732027971e-03 3.840402161243364199e-01 -4.277188628340965471e-01
4.127943432893097508e-01 1.475196511973955044e-02 -9.108092512787682171e-01 1.016499293294444861e+01 -6.026120532404779379e-03 9.998911421862706206e-01 1.346511677162912785e-02 5.474937250998885840e-01 9.109089186782631797e-01 -7.179128733484689225e-05 4.128383082217770284e-01 -2.658332705187462786e-01
4.358330205039100402e-01 1.159734995209180108e-02 -8.999113750506259057e-01 9.644498575811704555e+00 -3.998911351310365306e-03 9.999319795365979591e-01 1.094858148176061294e-02 5.438754717065900079e-01 8.999772573642245144e-01 -1.172777991542558193e-03 4.358497839617963554e-01 1.057263653119022428e-01
4.563832011951488021e-01 9.425514707978721943e-03 -8.896116536595384261e-01 9.131195330747994277e+00 -2.630433720024724902e-03 9.999537433539761322e-01 9.243722708463946586e-03 5.538700540120133908e-01 8.896577856626753933e-01 -1.877017514066493071e-03 4.563869245361871219e-01 3.297378152336039592e-01
4.694441910231290649e-01 8.596128437081200849e-03 -8.829911650798282219e-01 8.580699401090212675e+00 -6.821807315350313398e-04 9.999558314001170123e-01 9.373218751960211981e-03 5.593472893712907457e-01 8.830327008009637435e-01 -3.798883083843992807e-03 4.694293399691795154e-01 6.715603357660195893e-01
4.815522508810699542e-01 9.361642396468779562e-03 -8.763934324542279608e-01 7.996495744761468849e+00 5.006167497142913593e-04 9.999399006278242297e-01 1.095685884035920571e-02 5.550176224627793031e-01 8.764434167070362935e-01 -5.715081869582265897e-03 4.815186364549733367e-01 9.660595406539567165e-01
4.902883806113068066e-01 1.115729893015664394e-02 -8.713616594795142722e-01 7.424075207987265834e+00 1.710618942774972293e-05 9.999179318514418435e-01 1.281125331357125391e-02 5.640991397536414542e-01 8.714331311620020504e-01 -6.295159707359951687e-03 4.902480430155382596e-01 1.297249802524870210e+00
5.009792637996050013e-01 1.352596825384776852e-02 -8.652240565477548051e-01 6.811218430583092953e+00 -1.592373145262469597e-03 9.998906554962968540e-01 1.470782915034323825e-02 5.688244588680596570e-01 8.653282871092683459e-01 -5.989777162971965732e-03 5.009461150211149683e-01 1.656275433175524059e+00
5.101702247680102165e-01 1.502809755121998006e-02 -8.599329045031051111e-01 6.181869011653194690e+00 -1.708117366832837426e-03 9.998631108986362204e-01 1.645837703610978503e-02 5.718846733670173155e-01 8.600624191484192993e-01 -6.927479797937843679e-03 5.101260280799968516e-01 2.021502394265170199e+00
5.193521775366511939e-01 1.687151558758377690e-02 -8.544888292679102548e-01 5.545466891260758757e+00 -2.105437947117930458e-03 9.998274136095953724e-01 1.846304057047799818e-02 5.778800720488617149e-01 8.546527924503071194e-01 -7.791556228232259310e-03 5.192980680792175230e-01 2.426288365694940108e+00
5.285791648298565626e-01 1.834296717813790195e-02 -8.485710826051998668e-01 4.902649041120983320e+00 -2.260357462992035934e-03 9.997934308278821902e-01 2.020004691218895559e-02 5.873183528092815742e-01 8.487662241233961957e-01 -8.758319227435210075e-03 5.285115143161689399e-01 2.821811519315603700e+00
5.384918536907513653e-01 1.957422362822009571e-02 -8.423830058614426575e-01 4.243451684590265671e+00 -2.653761843879080037e-03 9.997646545744327540e-01 2.153531020225635598e-02 5.907147381313138101e-01 8.426062198285102500e-01 -9.360113589431026324e-03 5.384171186345350080e-01 3.245233057423202006e+00
5.452372015331172772e-01 2.273739696329479809e-02 -8.379224872795527634e-01 3.572836288052763987e+00 -3.369365690862999221e-03 9.996834010929851466e-01 2.493028857961298098e-02 6.002848047936479858e-01 8.382242561164314765e-01 -1.076591269719328302e-02 5.451413599784205033e-01 3.681473091825226973e+00
5.561856105905609304e-01 2.681290185327861453e-02 -8.306675723353581509e-01 2.895939388007751525e+00 -5.093858833479250614e-03 9.995706803396356976e-01 2.885753517324442241e-02 6.150258055081627706e-01 8.310845912520240519e-01 -1.182013102616282299e-02 5.560834803405555471e-01 4.128919180483674012e+00
5.675255590842191999e-01 3.000615464571274732e-02 -8.229056366660187916e-01 2.216418338028617541e+00 -5.301145351131084441e-03 9.994480291082155077e-01 3.279062211112178382e-02 6.270292225238167649e-01 8.234358041840665887e-01 -1.424484210638889831e-02 5.673714068293855828e-01 4.589050502439691925e+00
5.776036194780234112e-01 3.197432145982998658e-02 -8.157096500906896308e-01 1.539277151310289637e+00 -6.324558396783496773e-03 9.993778873144265606e-01 3.469350420665567869e-02 6.386167895778968040e-01 8.163115183186567814e-01 -1.488051855069343066e-02 5.774464388214114452e-01 5.061612752144823979e+00
5.894181871173603815e-01 3.153472282122593562e-02 -8.072328294852078034e-01 8.664946234518653423e-01 -5.308670287107789508e-03 9.993673797535838066e-01 3.516287371163406839e-02 6.495282625613078009e-01 8.078311758599673320e-01 -1.643815833537428869e-02 5.892127374961215747e-01 5.562138434453352431e+00
5.999399109584342416e-01 3.114913033664520187e-02 -7.994994265489036023e-01 2.187650058039320444e-01 -5.919179983646908824e-03 9.993872765428881699e-01 3.449073242350292334e-02 6.616351048803901236e-01 8.000840362921525228e-01 -1.596132890331538115e-02 5.997566175829063262e-01 6.050624791632525756e+00
6.138835814716653294e-01 3.003484814666874947e-02 -7.888289165467067265e-01 -4.323491676834324560e-01 -6.197230232313697545e-03 9.994283434685228285e-01 3.323444001808648768e-02 6.699480118999616707e-01 7.893762596327482672e-01 -1.551333485907572217e-02 6.137188887538123083e-01 6.555098130309815474e+00
6.308833904678083915e-01 2.995301331430689357e-02 -7.755044353496877152e-01 -1.090827988066454424e+00 -7.538178227248212848e-03 9.994438367377598276e-01 3.248297332830629019e-02 6.756178503997189999e-01 7.760464429651177110e-01 -1.464712678208469898e-02 6.307583426529829174e-01 7.070471625241535385e+00
6.507748571579197172e-01 3.061030071644436912e-02 -7.586042828824214324e-01 -1.720921948725346207e+00 -1.114699500168383171e-02 9.994643746450194710e-01 3.076226633067523364e-02 6.920892390467935362e-01 7.591398644733462486e-01 -1.156069128651321214e-02 6.507675621728910009e-01 7.624459740271689157e+00
6.720525319150898458e-01 3.208595624087403481e-02 -7.397977199368379608e-01 -2.358733949561607091e+00 -1.421893511502903863e-02 9.994356728339084395e-01 3.043116594100978012e-02 6.951436236913155486e-01 7.403567715653347481e-01 -9.930544745610316026e-03 6.721295325442453450e-01 8.183561151430538416e+00
6.978232282285156129e-01 3.263603875818364003e-02 -7.156323430953236420e-01 -2.955272890016193088e+00 -1.642465023957789122e-02 9.994277044361620232e-01 2.957079915221068681e-02 7.098593072143053462e-01 7.161879744393510050e-01 -8.879750237502988253e-03 6.979602275182755777e-01 8.809301916088761786e+00
7.219894314678407810e-01 3.137660378843965675e-02 -6.911373229124555539e-01 -3.566053370715897675e+00 -1.600996045565646064e-02 9.994613669682437251e-01 2.864292451393596686e-02 7.139433806545040229e-01 6.916640018850548355e-01 -9.613052442771562872e-03 7.221027684965939386e-01 9.414963421951215494e+00
7.459665112452987801e-01 3.009346395631291513e-02 -6.653322031046857710e-01 -4.135091747751915570e+00 -1.623251268661026619e-02 9.995033368811058194e-01 2.701111136633623649e-02 7.172011452458260106e-01 6.658146757988459008e-01 -9.347674075648314262e-03 7.460846505460807521e-01 1.006014073757908811e+01
7.673553292197146103e-01 2.877873145260557292e-02 -6.406331900514734556e-01 -4.684292901656742281e+00 -1.690852947347352628e-02 9.995531175445815375e-01 2.465102154466499579e-02 7.171769835954573402e-01 6.410564131367001428e-01 -8.087603766026985400e-03 7.674988112694564046e-01 1.071481066835784191e+01
7.872875873249804979e-01 2.769899202630296889e-02 -6.159713153729121649e-01 -5.191717079931239098e+00 -1.872524745276174171e-02 9.996036483524657346e-01 2.101900810397894226e-02 7.259909430761801730e-01 6.163095004258788423e-01 -5.012533766317620043e-03 7.874942285139906462e-01 1.139405849991633346e+01
8.073864785179372117e-01 2.155406601786467868e-02 -5.897764869073341965e-01 -5.712046022354947183e+00 -1.460143659657450743e-02 9.997563293971031273e-01 1.655411956733409198e-02 7.280059762547461677e-01 5.899897815073031904e-01 -4.755059771295677348e-03 8.075045209385670608e-01 1.210257199038699305e+01
8.255939240408155522e-01 1.322834257538502145e-02 -5.640702755679211089e-01 -6.171947584591486624e+00 -8.584721194094405497e-03 9.999039362722105251e-01 1.088360732713885594e-02 7.267811393601766312e-01 5.641601193949793425e-01 -4.142205515675166996e-03 8.256281667942129143e-01 1.281631563469881563e+01
8.433096353775897391e-01 3.909767248352943869e-03 -5.373852888882127976e-01 -6.637560854520739184e+00 -1.242133120389642565e-03 9.999850583054482600e-01 5.325863950454575411e-03 7.178046380459548459e-01 5.373981334917579122e-01 -3.823761281245601634e-03 8.433018191114568518e-01 1.355264901283324441e+01
8.582005315804879242e-01 -3.992926572813765979e-03 -5.132737379828643531e-01 -7.040769425303751383e+00 5.467135791741857542e-03 9.999841493522154678e-01 1.362283301874588634e-03 7.047304227340545069e-01 5.132601717275170339e-01 -3.975172339769951664e-03 8.582086706221675465e-01 1.430106352512892087e+01
8.728025513040189587e-01 -1.372795334419048968e-02 -4.878493570096510412e-01 -7.454123333258871220e+00 1.451474313588143987e-02 9.998923132310680861e-01 -2.167324001461585613e-03 6.868911478062671438e-01 4.878266455447959338e-01 -5.188764477375876032e-03 8.729076835873190721e-01 1.506709589257611626e+01
8.859571389882947567e-01 -2.353171821910463382e-02 -4.630554889406445773e-01 -7.842402970348151037e+00 2.137679345566887920e-02 9.997223870446071414e-01 -9.904923245284682695e-03 6.555935135099255628e-01 4.631600043248934040e-01 -1.125458449183438679e-03 8.862143924813499218e-01 1.583180234008575127e+01
8.969317673460489582e-01 -3.447230896928876048e-02 -4.408951624513637868e-01 -8.207356820040111245e+00 2.664987542027580716e-02 9.993582034348983401e-01 -2.393136194810674758e-02 6.247348068527834863e-01 4.414372972708458520e-01 9.713840963666352940e-03 8.972752428993202578e-01 1.660414436711347363e+01
9.077449769849603722e-01 -4.331365593663915464e-02 -4.173511414467689917e-01 -8.558307368606177690e+00 2.870430072883569175e-02 9.987370727079719623e-01 -4.122905365240171760e-02 5.853853574734781962e-01 4.186101990314896604e-01 2.544542908090060077e-02 9.078423888789980412e-01 1.736615403909861755e+01
9.191350773004034469e-01 -4.845254893709115274e-02 -3.909516328912938654e-01 -8.883350018721085206e+00 2.871789757910370514e-02 9.980083151855868584e-01 -5.616371508135317020e-02 5.366503812329961320e-01 3.928941009889638791e-01 4.039740200225598599e-02 9.186954618269067563e-01 1.813903270531436007e+01
9.286944470590926537e-01 -5.536155514430549790e-02 -3.666418731507711803e-01 -9.194448302906080173e+00 3.325374114335334641e-02 9.972429419002255546e-01 -6.635078893410108203e-02 4.796399824367595377e-01 3.693033147331684640e-01 4.942822592894838274e-02 9.279746069284383614e-01 1.892899163088195635e+01
9.382326420960503954e-01 -5.913424918953401332e-02 -3.408630947861698290e-01 -9.491220453858950634e+00 3.785817309380857393e-02 9.969161863852710193e-01 -6.870967064165786620e-02 4.045781999015397590e-01 3.438766561970071911e-01 5.155609710864670486e-02 9.375785656226827136e-01 1.973088633279066428e+01
9.454633188061825066e-01 -6.013837961870008991e-02 -3.200380506435655525e-01 -9.756465866300793266e+00 4.093398978373207625e-02 9.969529752620437391e-01 -6.637924536483373605e-02 3.371150950734846385e-01 3.230562590121556221e-01 4.965039242394284763e-02 9.450455470381888823e-01 2.054251398709231680e+01
9.526735996111203031e-01 -6.086121830674737915e-02 -2.977903448507042694e-01 -1.001061936007662823e+01 4.506262774219729761e-02 9.972021478913449810e-01 -5.963569878206586433e-02 2.670638185606539206e-01 3.005870392419711656e-01 4.338915981457958787e-02 9.527518994206001235e-01 2.134912649069839574e+01
9.578903063311932087e-01 -6.592544802124793157e-02 -2.793205749632252100e-01 -1.023884594769479328e+01 5.301001738158787890e-02 9.971578577602673299e-01 -5.352297020184903359e-02 2.047074476972018942e-01 2.820556982767639109e-01 3.645348098337942294e-02 9.586630261322337532e-01 2.216265758757787552e+01
9.619281194197419893e-01 -6.917641069667902765e-02 -2.643479294471680618e-01 -1.045617689335153599e+01 5.737864133218636975e-02 9.969912127442864813e-01 -5.209920648120784648e-02 1.396219582790599878e-01 2.671573289616476221e-01 3.494044392644338193e-02 9.630052589004250985e-01 2.298598266800210510e+01
9.646364721738101000e-01 -7.180873856874642192e-02 -2.535883727643665209e-01 -1.065297060118103722e+01 6.005047730247715237e-02 9.967439238857801476e-01 -5.380874659695997209e-02 7.705288407707192033e-02 2.566266920754083913e-01 3.667682140794813195e-02 9.658072255338855383e-01 2.379507809757333092e+01
9.674296098624176610e-01 -7.359774353295002458e-02 -2.421116844833309523e-01 -1.084490175855123795e+01 6.193516980809057187e-02 9.965381467198677345e-01 -5.543663381647176425e-02 1.439127091104416833e-02 2.453543339446003779e-01 3.862473624555519403e-02 9.686420399417626781e-01 2.457930126133877025e+01
9.706285879858567167e-01 -6.759389905464495418e-02 -2.308323351197064388e-01 -1.103547806620614047e+01 5.555756723898504917e-02 9.967529357594665518e-01 -5.823407530669213322e-02 -4.573648177401199583e-02 2.340220456809799787e-01 4.368838239146695390e-02 9.712360633442154167e-01 2.538090522072810273e+01
9.738722484166500992e-01 -6.499859014222562903e-02 -2.174894060748617242e-01 -1.122542457837933938e+01 5.408218222164137834e-02 9.969764824392906011e-01 -5.575584352731627336e-02 -1.014676816589143160e-01 2.204578863146939016e-01 4.252463910672407699e-02 9.744466626110092067e-01 2.615601906543440691e+01
9.755653190488812188e-01 -6.571387390237090620e-02 -2.094749013411566219e-01 -1.138532151873274323e+01 5.537519800027392719e-02 9.969571744598686447e-01 -5.479940316628879871e-02 -1.661917730711747199e-01 2.124418682913346568e-01 4.184227253329089735e-02 9.762408770051663742e-01 2.697491679712268819e+01
9.769271988876819801e-01 -6.863952743620876928e-02 -2.020987472224863857e-01 -1.155161161803289360e+01 5.860433100017273939e-02 9.967504858022061542e-01 -5.519622453561303516e-02 -2.369035051134404657e-01 2.052339472183708491e-01 4.206146029304361211e-02 9.777813058839950333e-01 2.778825946533464730e+01
9.779645933201560615e-01 -6.969877611231432846e-02 -1.966890402951609884e-01 -1.172255100913280934e+01 5.934006570585023677e-02 9.965451310761638259e-01 -5.804907545749336123e-02 -2.898758907944919416e-01 2.000588518401953675e-01 4.508450519121795508e-02 9.787271535219237428e-01 2.860429524082219999e+01
9.776744534900145833e-01 -6.938710549959588303e-02 -1.982446875439151934e-01 -1.189606287749629310e+01 5.848789674482667705e-02 9.964621161651963099e-01 -6.028040361169016703e-02 -3.477184856826059378e-01 2.017304414263225987e-01 4.732540511704241837e-02 9.782797907230545986e-01 2.945044784655404513e+01
9.769233941522207365e-01 -7.131298890160492343e-02 -2.012312952561835233e-01 -1.207943829382545609e+01 6.045355328053026583e-02 9.963890780363795496e-01 -5.958668570642543239e-02 -4.106523947290255383e-01 2.047554986151933487e-01 4.603585716971406172e-02 9.777101527808826908e-01 3.030442938925843066e+01
9.755387627794018801e-01 -7.091308263126175349e-02 -2.080010966288115548e-01 -1.227718535601717775e+01 5.975667818695432759e-02 9.964415662281299602e-01 -5.941259361321136329e-02 -4.698754361512743616e-01 2.114757569635945245e-01 4.552301994802301910e-02 9.763064427667603740e-01 3.115869585232329797e+01
9.739046690829460395e-01 -6.946950749331715080e-02 -2.160032590659268226e-01 -1.250349058773226218e+01 5.771418169443696261e-02 9.965118993615084131e-01 -6.023133557156524348e-02 -5.358903451402660112e-01 2.194368174689998174e-01 4.618566999830635983e-02 9.745191705959205253e-01 3.206434696845854404e+01
9.717730022083949093e-01 -6.754296684106567139e-02 -2.259220401718736726e-01 -1.271462561342507414e+01 5.524388250518685178e-02 9.966481499860333493e-01 -6.030093288615318708e-02 -6.010785302356120852e-01 2.292396233120897464e-01 4.610570736102650308e-02 9.722504109540706096e-01 3.295590828848450116e+01
9.703617678743633457e-01 -6.557539518062495409e-02 -2.325371155239213394e-01 -1.294030709743090846e+01 5.272734946382454796e-02 9.967404220932415404e-01 -6.102462593845821986e-02 -6.688468193854621990e-01 2.357830918349991811e-01 4.694740986239326341e-02 9.706588783765115469e-01 3.385429540999914622e+01
9.692115206215670131e-01 -6.152666552829871155e-02 -2.384052252643001912e-01 -1.317921573706667360e+01 4.833496566248012688e-02 9.969783871613447923e-01 -6.077891556150745445e-02 -7.376503779964584950e-01 2.414264968876502215e-01 4.737908596971990988e-02 9.692589771810776744e-01 3.479113102591102091e+01
9.690570896004457868e-01 -5.664941243659784437e-02 -2.402001123532463145e-01 -1.342395413585138364e+01 4.339024710061738233e-02 9.972470177409409331e-01 -6.012132770285656680e-02 -8.013928638999215925e-01 2.429452172230112394e-01 4.783552123840140169e-02 9.688475292591079979e-01 3.571218365315781540e+01
9.690308652881056695e-01 -5.337557260670881126e-02 -2.410426340078498653e-01 -1.367515383665171669e+01 4.039818886102879147e-02 9.974709090955630186e-01 -5.845000123115521445e-02 -8.785804353600440431e-01 2.435548327127229906e-01 4.689302883095749358e-02 9.687389711607652387e-01 3.667829573735699711e+01
9.693778038504706762e-01 -5.129935276262811983e-02 -2.400741230354223321e-01 -1.393053176824637873e+01 3.853062600528202319e-02 9.975973829340794019e-01 -5.756805009361408432e-02 -9.473499239647978909e-01 2.424508808544877658e-01 4.655009208715275848e-02 9.690260544225730577e-01 3.764791928926569398e+01
9.696442181794593385e-01 -5.121086164986783651e-02 -2.390024047511905836e-01 -1.418103077252973954e+01 3.884730068060372049e-02 9.976651029181323738e-01 -5.612458172832326259e-02 -1.019574140408780805e+00 2.413215935550686586e-01 4.512346433486551234e-02 9.693728435714452640e-01 3.860916780022859740e+01
9.696096540054051083e-01 -5.009291712604188596e-02 -2.394916347351717656e-01 -1.442850426980902867e+01 3.783163049515071014e-02 9.977390944736911349e-01 -5.550346659316213183e-02 -1.089494384655076420e+00 2.417332438597714905e-01 4.475112594086938511e-02 9.693144023082576055e-01 3.961921813572702433e+01
9.696456099693625541e-01 -5.026384410598449398e-02 -2.391799896540275638e-01 -1.469239477452060783e+01 3.836425820463775643e-02 9.977957429706542092e-01 -5.411956166940890683e-02 -1.158863966358965047e+00 2.413744925652515083e-01 4.329221350499128096e-02 9.694381627078716424e-01 4.062396782783185500e+01
9.697478550841089895e-01 -4.951597122785683647e-02 -2.389213891919117483e-01 -1.495191696863355624e+01 3.772533581939898489e-02 9.978460642728523844e-01 -5.363817518846713400e-02 -1.239163550658710422e+00 2.410640922197327396e-01 4.299447361038005733e-02 9.695281871951630936e-01 4.162372585853655238e+01
9.698089436064130098e-01 -4.727917775615299995e-02 -2.391734755426381254e-01 -1.521353472850105604e+01 3.564960932776088665e-02 9.979727187111971931e-01 -5.270345504249232538e-02 -1.307526294976553149e+00 2.411815105685704841e-01 4.257950676572939269e-02 9.695296889816761299e-01 4.265318414761932075e+01
9.696441863804423633e-01 -4.656892984645789185e-02 -2.399600750300316943e-01 -1.548479851250855788e+01 3.505246675080424951e-02 9.980305262033930536e-01 -5.201885346403376659e-02 -1.392894019980100317e+00 2.419098782893059907e-01 4.202652549131090376e-02 9.693665104653286235e-01 4.364961549850138312e+01
9.695527358822098041e-01 -4.513757282084683575e-02 -2.405912996831788553e-01 -1.574805091888465647e+01 3.367579657985984160e-02 9.981033949105253544e-01 -5.152589608339111504e-02 -1.459081027764701055e+00 2.424609689533497592e-01 4.184997884370094540e-02 9.692345309237263562e-01 4.468015980380722141e+01
9.691855352641698396e-01 -4.386404748216909955e-02 -2.423330600748094255e-01 -1.599233525874855566e+01 3.266570471222279837e-02 9.982134164138343202e-01 -5.000678278346679800e-02 -1.537850505569331450e+00 2.440945131344229302e-01 4.054695230179776455e-02 9.688869017079215773e-01 4.568499347671607325e+01
9.685935068677934412e-01 -4.407766082479631919e-02 -2.446741662810740514e-01 -1.625403376823208035e+01 3.354793527269630399e-02 9.983294091667632708e-01 -4.701307847888133024e-02 -1.605045301633878152e+00 2.463389708004945777e-01 3.732404788581000082e-02 9.684548009835709514e-01 4.667883647788013235e+01
9.677814589571333004e-01 -4.421486368411618739e-02 -2.478163223585982400e-01 -1.650087452286515344e+01 3.399869054657390227e-02 9.983920763986569025e-01 -4.532350770685287383e-02 -1.669654178319010640e+00 2.494234574440876984e-01 3.543153597494826806e-02 9.677295627505942965e-01 4.769531444339404658e+01
9.667882491134720535e-01 -4.387838677456559061e-02 -2.517998900161354525e-01 -1.677602041371624964e+01 3.369584871832676659e-02 9.984357367677478834e-01 -4.460657017482817094e-02 -1.748970386033198654e+00 2.533638606116305758e-01 3.463979113758817313e-02 9.667545974546568610e-01 4.870469038250794114e+01
9.663052143744788047e-01 -4.471161087052107075e-02 -2.533403415888019761e-01 -1.704025495801919021e+01 3.448087870382118142e-02 9.984061783090363296e-01 -4.465289470362079904e-02 -1.812608412898363719e+00 2.549341454877721569e-01 3.440322491418664613e-02 9.663082115225701818e-01 4.969193299679243125e+01
9.658368181193316415e-01 -4.472851242356565282e-02 -2.552465027719399426e-01 -1.730830862819168203e+01 3.430217946134583862e-02 9.983910108066619271e-01 -4.514861495669816177e-02 -1.882040702644399488e+00 2.568554625473699615e-01 3.485000795735385126e-02 9.658168817101457915e-01 5.070651325239375495e+01
9.664170249938123236e-01 -4.431877848189631069e-02 -2.530629568721422529e-01 -1.757335899927532452e+01 3.358634860601512201e-02 9.983503546433275533e-01 -4.655383881988715833e-02 -1.945978902511472430e+00 2.547092886335203810e-01 3.648736879019078005e-02 9.663115907951418393e-01 5.167196964783694568e+01
9.670439217548038036e-01 -4.336510353629488557e-02 -2.507822353283654104e-01 -1.782797506491506212e+01 3.194848170437650930e-02 9.982672898975677445e-01 -4.938405346366630394e-02 -2.019501553570358876e+00 2.524906098018129819e-01 3.973675947162438188e-02 9.667549309066802987e-01 5.267264413217838381e+01
9.683002804062370572e-01 -4.269678324351469656e-02 -2.460310656240951299e-01 -1.808002274695881795e+01 3.111993860420916511e-02 9.982267051598034957e-01 -5.072730720079678124e-02 -2.087843693119794342e+00 2.477613793746826221e-01 4.145838579303657428e-02 9.679124351340330223e-01 5.366540979742634931e+01
9.697789313207245687e-01 -4.134361310190885069e-02 -2.403574420105249465e-01 -1.833733841876689041e+01 3.050381273556939526e-02 9.983503277978195145e-01 -4.861265949827740102e-02 -2.158812207834007513e+00 2.419722084906540671e-01 3.980417499529858433e-02 9.694415511994495249e-01 5.464775762153874439e+01
9.713544495400825429e-01 -4.321488047866296756e-02 -2.336161496523306014e-01 -1.857628618964472622e+01 3.389894950932365036e-02 9.984669760302178343e-01 -4.373460650403573902e-02 -2.231221415525765028e+00 2.351490127750393289e-01 3.455597009090469185e-02 9.713318027126283116e-01 5.565463463310087633e+01
9.726787222730853832e-01 -3.941891618996290481e-02 -2.287206743074814697e-01 -1.882238954372008521e+01 3.037907821786412291e-02 9.986168272410023139e-01 -4.287705343549570725e-02 -2.300829233166270971e+00 2.300959649776967986e-01 3.475175324589690334e-02 9.725317219473994523e-01 5.661018828960763472e+01
9.740574496216809486e-01 -4.101782014348130667e-02 -2.225262553007678890e-01 -1.905062247468910641e+01 3.183236689026291977e-02 9.984928427991324185e-01 -4.469502460032515750e-02 -2.364078160404825990e+00 2.240246702255880018e-01 3.645010597944093461e-02 9.738953514810116951e-01 5.759308234218456590e+01
9.752317842497620903e-01 -4.232610652860450962e-02 -2.169345378518281742e-01 -1.927290788394695298e+01 3.283606627937865619e-02 9.983476274224521996e-01 -4.711146700546347404e-02 -2.427136099982416528e+00 2.185720933273527788e-01 3.881100307358853474e-02 9.750118206275907307e-01 5.856399619753931773e+01
9.768182658492587933e-01 -3.965380504631774161e-02 -2.102451806744721763e-01 -1.950110354018665504e+01 3.024838883919012122e-02 9.984013675855536452e-01 -4.772474741964446293e-02 -2.501878634146150304e+00 2.118023192308908509e-01 4.025376538770181201e-02 9.764564968599875883e-01 5.953607490580748163e+01
9.775902001778834505e-01 -3.919802400671151821e-02 -2.067859767348844691e-01 -1.971926536440134470e+01 2.972195829733362965e-02 9.983695980712403717e-01 -4.871259087420421602e-02 -2.569899210003733447e+00 2.083590138253136881e-01 4.147215927722347484e-02 9.771617446814795382e-01 6.051163360224700938e+01
9.781727616920077306e-01 -3.901500663085192416e-02 -2.040652618841167776e-01 -1.992485363569612034e+01 2.987271861853049368e-02 9.984149081831343864e-01 -4.766293742519043392e-02 -2.636300100444063155e+00 2.056030940723873324e-01 4.052195612407640674e-02 9.777889680604966438e-01 6.147825103099268773e+01
9.788688492175334765e-01 -3.911959316867199415e-02 -2.006272920718968344e-01 -2.011959727151275601e+01 3.193096771072127804e-02 9.987305846305758461e-01 -3.892271301472169376e-02 -2.689538534406183956e+00 2.018965696762686501e-01 3.168622459752176018e-02 9.788773141415455514e-01 6.242108951421931806e+01
9.794371689438257089e-01 -3.724857962775345033e-02 -1.981815297995927205e-01 -2.031757395521012910e+01 3.245554137709339565e-02 9.990972896624135124e-01 -2.736114659594201734e-02 -2.749220544773950614e+00 1.990229366070473682e-01 2.035752960810010073e-02 9.797640457463306918e-01 6.339512307375674283e+01
9.798161214105693961e-01 -3.581331435845640232e-02 -1.965631257314063851e-01 -2.051931483167409453e+01 3.168191732558749141e-02 9.992058811566238985e-01 -2.410819590084296166e-02 -2.801768095815370341e+00 1.972714830372715167e-01 1.738447267526232326e-02 9.801748629914311950e-01 6.436674435682120077e+01
9.798726909958966891e-01 -3.612583379268393541e-02 -1.962188557180341020e-01 -2.071048541529736298e+01 3.070104167551388971e-02 9.990595216904287756e-01 -3.059352661253102873e-02 -2.857734529203447504e+00 1.971402498126935410e-01 2.394806626434660760e-02 9.800610434057462905e-01 6.532890763408337875e+01
9.801743892428683713e-01 -3.877449824901758185e-02 -1.942502620172557037e-01 -2.089223729509815186e+01 3.232006420093774118e-02 9.988183363989494579e-01 -3.627451917946023646e-02 -2.904364813306396176e+00 1.954279951542527149e-01 2.927271549951566618e-02 9.802701818632177932e-01 6.625673123877433568e+01
9.802815023432357444e-01 -4.398469440821387022e-02 -1.925758613583762047e-01 -2.107477213968662610e+01 3.754822916097024649e-02 9.986108441922549872e-01 -3.691225577402511282e-02 -2.958282282711330424e+00 1.939339755543657839e-01 2.894568277996806965e-02 9.805732763664262164e-01 6.721585238471031687e+01
9.798990740866607707e-01 -4.557419620027860357e-02 -1.941416403233956200e-01 -2.125307640235937257e+01 3.925570804660463015e-02 9.985695634742903781e-01 -3.625161990616824342e-02 -3.021098371536429905e+00 1.955177771140327037e-01 2.789221897894312782e-02 9.802892397889028109e-01 6.817615265361999377e+01
9.799141357957186216e-01 -4.619575153772530196e-02 -1.939320339989302200e-01 -2.144287365221408947e+01 4.053131609301915267e-02 9.986302677867130440e-01 -3.306058994383360289e-02 -3.069796418930562432e+00 1.951945727093022664e-01 2.453063555664202963e-02 9.804453954402433391e-01 6.910108367489712577e+01
9.798386154936316039e-01 -4.483077099822743716e-02 -1.945876529114063946e-01 -2.165628788109077263e+01 4.010734405846475698e-02 9.987981350236667666e-01 -2.813023314664148122e-02 -3.098325017461722286e+00 1.956158505241761547e-01 1.974991747103503961e-02 9.804608137031304294e-01 7.006501387211157805e+01
9.795955968882786857e-01 -4.195715411003814177e-02 -1.964582846235888303e-01 -2.185010290551844037e+01 3.831162554124281638e-02 9.990158176506347409e-01 -2.231026653444847033e-02 -3.142931339819223790e+00 1.972017239553257029e-01 1.432049592235709948e-02 9.802405785450406528e-01 7.102509198654449563e+01
9.797935719504572427e-01 -3.304747291062849757e-02 -1.971333132908553720e-01 -2.204702514832986182e+01 2.960343869841061681e-02 9.993530901643666864e-01 -2.036988433123236575e-02 -3.194371259083323089e+00 1.976798546600056772e-01 1.411399427956590985e-02 9.801394315970294313e-01 7.191840452622830071e+01
9.796766874311784168e-01 -2.564028007262522668e-02 -1.987941213556105036e-01 -2.226355176049040452e+01 2.219607520128385678e-02 9.995627089229972562e-01 -1.951350459516052599e-02 -3.218541823065857788e+00 1.992079902932437641e-01 1.469867579267603551e-02 9.798178751263849628e-01 7.286605049366841058e+01
9.791176509087408109e-01 -2.630585149832381092e-02 -2.014495983827250813e-01 -2.246603312673197550e+01 2.332934385290236223e-02 9.995806566319835884e-01 -1.711720398403305393e-02 -3.270343040064617846e+00 2.018160165486567181e-01 1.205311642873940423e-02 9.793216643068102245e-01 7.384694366612359318e+01
9.784103050237946686e-01 -3.014860087123166776e-02 -2.043822223573882324e-01 -2.265769681517557288e+01 2.712976292286672919e-02 9.994774707589194618e-01 -1.755097014031578237e-02 -3.312229815743865213e+00 2.048048638208293803e-01 1.162290581930602862e-02 9.787176586350109231e-01 7.472160853690664339e+01
9.769931828509725857e-01 -3.213741429701801045e-02 -2.107156053653083394e-01 -2.284927870038288589e+01 2.841230636943754828e-02 9.993819561345625990e-01 -2.067342685191832577e-02 -3.342743808790201054e+00 2.112501554859363417e-01 1.420399787735057186e-02 9.773035881644286382e-01 7.565857923830174059e+01
9.747431388741317759e-01 -3.556845105329444617e-02 -2.203254277903237968e-01 -2.306589122464716723e+01 3.207423477941243051e-02 9.992963692495472339e-01 -1.940709978252238080e-02 -3.385266424078967162e+00 2.208610903896506550e-01 1.184155230905617300e-02 9.751992094323209681e-01 7.661461595663587332e+01
9.726779268375467247e-01 -4.037006278664876519e-02 -2.285859317166882565e-01 -2.327708764465591074e+01 3.717283913566479803e-02 9.991409655420022684e-01 -1.827200970782243833e-02 -3.435490891450745821e+00 2.291277974004552187e-01 9.270007628323457746e-03 9.733444171945786483e-01 7.750328967804539104e+01
9.701105907437185261e-01 -4.150958166742253763e-02 -2.390058451410289331e-01 -2.350230446540407669e+01 3.805431538185145846e-02 9.990934144540055684e-01 -1.905440726845856331e-02 -3.468092398968293910e+00 2.395803574528300450e-01 9.382970758937174416e-03 9.708119068582454769e-01 7.841425503167714339e+01
9.669098460555499708e-01 -3.940088281439591000e-02 -2.519721834692375539e-01 -2.376374859107572846e+01 3.591850863889917145e-02 9.991848449819062949e-01 -1.840475896432056807e-02 -3.491281914670434361e+00 2.524921480634181870e-01 8.739816664789498701e-03 9.675376231677136341e-01 7.934616141158936387e+01
9.634523643469127263e-01 -3.695890409996001325e-02 -2.652028416293835122e-01 -2.401523349647444050e+01 3.439924435431803568e-02 9.993057002284765344e-01 -1.428495753496125675e-02 -3.532863925266206628e+00 2.655469461935570097e-01 4.633911497188471056e-03 9.640553590581865118e-01 8.025029242572584565e+01
9.603251499761642496e-01 -3.615114629315736849e-02 -2.764897873723634047e-01 -2.428662410704168195e+01 3.379248558593608148e-02 9.993403190617459186e-01 -1.329176534523812681e-02 -3.569623501049217218e+00 2.767880010635213606e-01 3.418660358361247376e-03 9.609136067753837329e-01 8.114106847790372967e+01
9.562528237715870461e-01 -3.744763824265275737e-02 -2.901262456975319814e-01 -2.456153936556382433e+01 3.533555039640303569e-02 9.992967055600114890e-01 -1.251783503988285196e-02 -3.590642549878276135e+00 2.903911739136973980e-01 1.714864662733204008e-03 9.569044201198481092e-01 8.204407939329321664e+01
9.524754091119900234e-01 -3.831743045469501036e-02 -3.020976506093548952e-01 -2.484920060426835775e+01 3.623860650824203139e-02 9.992654585970165426e-01 -1.248283808242679586e-02 -3.630010896183144986e+00 3.023539264133645599e-01 9.407293412937767262e-04 9.531637958537684252e-01 8.295002803464075214e+01
