1.0 0.0 0.0 0.0 0.0 1.0 0.0 0.0 0.0 0.0 1.0 0.0
0.24908113 0.9680845 0.02729616 7.041992 -0.96837825 0.24934523 -0.0066912994 5.8372803 -0.013279848 -0.024762636 0.9996052 0.024780273
-0.2225604 0.97410864 0.040241323 13.449463 -0.9748849 -0.22192217 -0.019739386 1.2159424 -0.010307218 -0.04362655 0.998995 -0.17114258
-0.7530886 0.6564622 0.047061116 15.950439 -0.65812033 -0.7517644 -0.045027703 -4.531006 0.005799831 -0.06483811 0.99787813 -0.390625
-0.63791054 0.76868325 0.038367167 13.823853 -0.7696279 -0.63683134 -0.03735207 -9.68335 -0.004278845 -0.05335506 0.9985658 -0.49804688
-0.88173014 0.47193858 0.029595042 12.934814 -0.47285298 -0.88043207 -0.04793862 -14.636353 0.0034128437 -0.05623815 0.9984122 -0.6376953
-0.9650703 0.2603852 0.022238484 9.892456 -0.2611684 -0.963984 -0.046695422 -18.308105 0.009280467 -0.05090819 0.9986608 -0.73327637
-0.9838693 -0.18171151 0.009603032 6.828369 0.18089436 -0.98243666 -0.056623504 -20.726562 0.01970588 -0.05391587 0.9983507 -0.7702637
-0.8854165 -0.4637659 -0.00332457 3.0478516 0.4632748 -0.88409936 -0.05287159 -21.485107 0.02159317 -0.04842002 0.9985942 -0.7904053
-0.6667676 -0.74512017 -0.01354087 0.25842285 0.74482495 -0.6656746 -0.045615796 -20.813232 0.024961676 -0.040477894 0.99886787 -0.7384033
-0.65158427 -0.75856256 -0.016882304 -1.0795898 0.75867 -0.6510298 -0.029037531 -18.684326 0.011048678 -0.031750236 0.99943525 -0.6906738
-0.35788488 -0.93385375 -0.019487424 -1.3516846 0.9340187 -0.3576034 -0.016524293 -16.864502 0.0084643625 -0.024092186 0.99967384 -0.6094971
-0.37603304 -0.92671555 -0.019900423 -2.0516357 0.92691576 -0.37582636 -0.013417605 -15.718018 0.0049640504 -0.023475254 0.99971205 -0.61486816
-0.20090796 -0.9793586 -0.02199123 -1.6416016 0.97959524 -0.20075336 -0.009055132 -15.388794 0.00445486 -0.023351839 0.99971724 -0.6142578
-0.28594482 -0.95795023 -0.021495761 -2.09375 0.9581898 -0.2858307 -0.008272279 -15.593018 0.0017777346 -0.022965197 0.99973464 -0.62231445
-0.104769014 -0.9943394 -0.015595741 -1.5085449 0.9944616 -0.104763865 -0.0011487352 -15.065674 -0.00049112365 -0.015629152 0.99987775 -0.6074219
-0.18272468 -0.98302346 -0.013834764 -1.9068604 0.98311913 -0.1827314 -0.00079454854 -15.068115 -0.0017469535 -0.013746885 0.9999039 -0.6171875
0.016020104 -0.99983186 -0.00850906 -1.3818359 0.99986094 0.015986977 0.0039514946 -14.301636 -0.0038140453 -0.00857418 0.99995595 -0.59436035
-0.056640632 -0.998369 -0.007488467 -1.7115479 0.9983904 -0.056666147 0.0032281047 -14.30188 -0.003647931 -0.0072933426 0.9999667 -0.6156006
0.1257282 -0.99207556 -0.008841306 -1.1876221 0.9920948 0.12566404 0.007475349 -13.525757 -0.0063064992 -0.009707963 0.9999329 -0.60302734
0.04846657 -0.99875444 -0.010226105 -1.548584 0.99878633 0.04839752 0.0068906266 -13.554932 -0.0063855043 -0.010549054 0.99992394 -0.6203613
0.2260956 -0.9739724 -0.008015236 -0.88464355 0.97396696 0.22600615 0.010736165 -12.703125 -0.008642489 -0.010234889 0.99991024 -0.5986328
0.27355635 -0.96181536 -0.006826489 -1.0845947 0.96179795 0.27347156 0.011247354 -12.374512 -0.008949524 -0.009642977 0.9999134 -0.6203613
0.31143937 -0.95028836 -0.0074621113 -0.604126 0.95026624 0.3113314 0.012832812 -11.869019 -0.009870313 -0.011083808 0.9998898 -0.60180664
0.35011846 -0.93657523 -0.0074278116 -0.65356445 0.93656594 0.35002092 0.0118688615 -11.475098 -0.008517556 -0.011114232 0.9999019 -0.6212158
0.3839409 -0.923394 -0.005411662 -0.2503662 0.92339116 0.38388932 0.008607568 -10.958618 -0.0058729667 -0.008300798 0.9999482 -0.6187744
0.41277608 -0.91093063 -0.0034303088 -0.0970459 0.91093403 0.41276214 0.004119885 -10.466064 -0.0023360513 -0.004825176 0.9999856 -0.626709
0.4358101 -0.899994 -0.0023961216 0.26794434 0.89999723 0.4358084 0.0012193574 -9.942749 -5.2776188e-05 -0.0026881145 0.9999963 -0.6220703
0.456362 -0.8896708 -0.0017458424 0.48608398 0.8896713 0.4563637 -0.0007215189 -9.426392 0.0014384575 -0.0012242598 0.99999815 -0.6298828
0.46941552 -0.8830482 0.00014327164 0.82470703 0.8830475 0.46941486 -0.0014063823 -8.874268 0.0011746434 0.000786413 0.999999 -0.63305664
0.48150647 -0.87646633 0.0020354758 1.1164551 0.8764685 0.48150647 -0.0005041759 -8.28833 -0.00053829874 0.002026924 0.99999785 -0.6253662
0.49022722 -0.87146366 0.0026025218 1.4458008 0.871464 0.49023148 0.0013933394 -7.7145996 -0.0024906145 0.0015847592 0.99999565 -0.63134766
0.5009105 -0.8653666 0.002281202 1.8023682 0.86535794 0.5009156 0.0038884357 -7.1000977 -0.0045088306 2.5404268e-05 0.9999899 -0.6328125
0.51008475 -0.8601088 0.0032044172 2.1657715 0.8600914 0.5100948 0.0054971734 -6.4694824 -0.006361699 -4.712568e-05 0.9999798 -0.63256836
0.51924896 -0.8547085 0.0040557976 2.5687256 0.8546762 0.5192646 0.0074482923 -5.831787 -0.008470399 -0.000401713 0.9999641 -0.635376
0.528457 -0.8488305 0.00501275 2.9624023 0.8487828 0.5284804 0.009030709 -5.1875 -0.010315107 -0.00051711686 0.9999467 -0.64160156
0.5383574 -0.8426777 0.0056020357 3.383789 0.8426143 0.53838575 0.010380878 -4.5268555 -0.011765172 -0.00086800684 0.9999305 -0.6419678
0.5450683 -0.83831155 0.0070048864 3.8190918 0.83820224 0.54511106 0.013624981 -3.8552246 -0.015241137 -0.0015509867 0.9998826 -0.64782715
0.5559912 -0.83119136 0.008052512 4.26416 0.83100635 0.55604 0.017834214 -3.1762695 -0.019301182 -0.0032256632 0.9998086 -0.6586914
0.56726867 -0.82356316 0.010470761 4.721924 0.82329786 0.56735533 0.021165218 -2.494629 -0.02337074 -0.0033831946 0.999721 -0.6668701
0.57733494 -0.8164505 0.0111016845 5.192383 0.8161309 0.57742524 0.023260381 -1.8156738 -0.025398994 -0.004367644 0.99966776 -0.67541504
0.5891078 -0.8079758 0.012650418 5.6903076 0.8076561 0.5892344 0.022968069 -1.1408691 -0.02601111 -0.0033106443 0.9996561 -0.68395996
0.5996525 -0.8002287 0.01216702 6.1763916 0.79991573 0.59976345 0.022718124 -0.491333 -0.02547063 -0.003887972 0.9996678 -0.69421387
0.6136195 -0.789519 0.011712914 6.677368 0.78922915 0.6137174 0.021785928 0.16247559 -0.024391131 -0.004125684 0.99969393 -0.70092773
0.6306575 -0.7761908 0.0108435135 7.1882324 0.77589965 0.6307275 0.0219289 0.82458496 -0.023859803 -0.0054175598 0.99970055 -0.704834
0.650657 -0.7592829 0.007764852 7.73645 0.7589917 0.65064144 0.022861555 1.4595947 -0.022411395 -0.00897896 0.99970835 -0.7203369
0.6720096 -0.74050665 0.0061499993 8.289551 0.7401941 0.6719306 0.024633683 2.1029053 -0.022375945 -0.012001604 0.99967754 -0.7219238
0.69783795 -0.71634376 0.005127295 8.907715 0.7160279 0.69771296 0.025549985 2.706665 -0.021881709 -0.014157863 0.99966025 -0.736084
0.7219903 -0.691823 0.0058993953 9.506592 0.69151986 0.72188437 0.024642423 3.324585 -0.021306714 -0.013709416 0.9996789 -0.7393799
0.7459801 -0.6659731 0.0056845504 10.144897 0.6656959 0.74587196 0.02371994 3.901123 -0.020038432 -0.013909656 0.99970245 -0.7426758
0.76740056 -0.64120936 0.004482883 10.793457 0.6409718 0.76727533 0.02273966 4.4573975 -0.018017132 -0.014578516 0.99973136 -0.74316406
0.7873989 -0.6164499 0.0014757854 11.466797 0.61627597 0.7872295 0.021985795 4.971924 -0.014716538 -0.016402043 0.9997571 -0.75341797
0.8074358 -0.59010154 0.0012901658 12.169678 0.5900079 0.8073432 0.016172212 5.4993896 -0.010584255 -0.012296268 0.99986833 -0.75720215
0.8255917 -0.5642282 0.00075343857 12.878296 0.56420445 0.8255679 0.008160248 5.9660645 -0.0052268934 -0.006311819 0.99996644 -0.758667
0.8432987 -0.5374164 0.00051932083 13.609741 0.53741664 0.8432983 -0.00084218197 6.4385986 1.4711171e-05 0.0009892043 0.9999995 -0.7524414
0.8582316 -0.51323664 0.0007539587 14.354126 0.5132239 0.85819787 -0.008468507 6.8479004 0.0036992729 0.0076547004 0.9999639 -0.7421875
0.87296075 -0.4877549 0.0020586215 15.116333 0.4877098 0.8728045 -0.01792218 7.267578 0.006944284 0.016649298 0.9998373 -0.7270508
0.88629043 -0.46301192 -0.0019112872 15.877319 0.46279177 0.8859822 -0.027449805 7.661865 0.01440672 0.02344461 0.9996213 -0.70007324
0.8973706 -0.4411685 -0.012669535 16.646118 0.44044927 0.8970026 -0.038134545 8.03186 0.028189298 0.028642554 0.99919206 -0.6759033
0.907946 -0.41820166 -0.02830567 17.404419 0.41671112 0.907871 -0.046701275 8.388428 0.045227617 0.030609436 0.99850744 -0.6444092
0.91879714 -0.39236495 -0.043134663 18.173584 0.39016125 0.9193028 -0.051543258 8.720215 0.059873916 0.030526519 0.9977389 -0.60302734
0.928082 -0.36867228 -0.052052964 18.960815 0.36572707 0.92888194 -0.058194418 9.037109 0.069807835 0.03497378 0.99694806 -0.55200195
0.9376864 -0.34319958 -0.054047167 19.760498 0.33990657 0.93841344 -0.061716598 9.34021 0.07190306 0.039488316 0.99662757 -0.48046875
0.9451503 -0.3223757 -0.05202373 20.5708 0.31909478 0.945627 -0.0625315 9.610352 0.06936255 0.042491212 0.99668455 -0.4152832
0.9528537 -0.2999318 -0.04563124 21.376343 0.2968972 0.952809 -0.06306595 9.869873 0.06239941 0.046542455 0.996965 -0.34606934
0.95877004 -0.2814066 -0.038594224 22.189331 0.27844363 0.95800203 -0.06798102 10.101929 0.05611403 0.05442313 0.9969391 -0.28503418
0.96311253 -0.26649317 -0.03699632 23.012207 0.26346177 0.9620307 -0.071103886 10.3220215 0.054548472 0.058731526 0.99678135 -0.22302246
0.9659138 -0.2559318 -0.038672358 23.821045 0.25267193 0.96473897 -0.07363939 10.520264 0.056156386 0.06135567 0.9965349 -0.16467285
0.968746 -0.24463205 -0.04055236 24.60498 0.24117123 0.9675315 -0.07532623 10.713989 0.057675526 0.06318836 0.9963323 -0.1060791
0.97132534 -0.2332998 -0.045529082 25.406128 0.22991027 0.97073317 -0.06921608 10.90686 0.0603552 0.05675618 0.9965591 -0.05053711
0.9745277 -0.2197551 -0.044270724 26.18103 0.21660505 0.9739672 -0.06651234 11.099609 0.057747707 0.055221688 0.9968005 0.0025634766
0.9763201 -0.2117367 -0.043536842 27.000122 0.20859392 0.9756555 -0.06716319 11.260132 0.05671739 0.056478232 0.9967878 0.06359863
0.9778613 -0.20450667 -0.043714583 27.81372 0.20119572 0.97701514 -0.07002794 11.426636 0.05704932 0.05967246 0.99658257 0.13024902
0.97880554 -0.19930252 -0.046705235 28.629883 0.19575672 0.9780555 -0.071036465 11.597412 0.059852377 0.060379356 0.99637586 0.17834473
0.9783579 -0.20096126 -0.048956618 29.476685 0.19729665 0.9777699 -0.070732355 11.768433 0.062096953 0.059532262 0.99628854 0.23132324
0.9777921 -0.20398413 -0.047691755 30.331665 0.2002758 0.97701865 -0.072685376 11.948608 0.06143405 0.061513342 0.9962119 0.29040527
0.9763907 -0.21071272 -0.047222916 31.187134 0.20704919 0.9756364 -0.072341844 12.14209 0.061322622 0.06084883 0.9962596 0.34570312
0.9746046 -0.2186811 -0.047935035 32.094116 0.21505392 0.9740072 -0.070962615 12.363647 0.062214084 0.05884278 0.99632394 0.40734863
0.9723371 -0.22849993 -0.047914974 32.987183 0.22498426 0.97187984 -0.069118775 12.569458 0.062374637 0.056417722 0.9964546 0.4683838
0.970745 -0.23505238 -0.04879489 33.88684 0.2316062 0.970473 -0.06720464 12.790894 0.063157916 0.053930234 0.99654305 0.53186035
0.9693412 -0.24072015 -0.049254056 34.82495 0.23750266 0.9693252 -0.06320443 13.025879 0.06296216 0.049563788 0.9967825 0.5965576
0.9689231 -0.24226679 -0.049709447 35.74695 0.23933488 0.9691708 -0.05834154 13.268188 0.06231457 0.04462678 0.99705774 0.65649414
0.96881026 -0.24290325 -0.048763786 36.71411 0.2402122 0.9691419 -0.05507706 13.516968 0.06064688 0.04163977 0.9972886 0.72998047
0.9690941 -0.24181412 -0.04840923 37.68457 0.23926444 0.9694869 -0.052993517 13.770508 0.05975278 0.039768465 0.99742025 0.7947998
0.9694409 -0.24069445 -0.046975188 38.64673 0.23820482 0.9697499 -0.05289916 14.019043 0.058299515 0.040082067 0.99749136 0.86328125
0.969381 -0.24111563 -0.046603285 39.657715 0.23870632 0.9697144 -0.051785998 14.264038 0.0576814 0.039069347 0.9975678 0.928833
0.9695053 -0.24076533 -0.045142263 40.663452 0.23840454 0.96974736 -0.051957797 14.525635 0.056295574 0.039602023 0.99762684 0.9942627
0.96959424 -0.24046147 -0.04484093 41.664185 0.23815471 0.96984863 -0.051208418 14.782837 0.055810723 0.038962398 0.99767923 1.0703125
0.96959263 -0.2405956 -0.04442204 42.69458 0.23842894 0.9699082 -0.048974648 15.042114 0.054875158 0.036888648 0.99781054 1.1343994
0.9694287 -0.24133226 -0.04387222 43.69214 0.2392256 0.9697424 -0.04827235 15.310669 0.054197278 0.036295705 0.9978701 1.2156982
0.96929485 -0.24189362 -0.043696187 44.723633 0.23987012 0.9696504 -0.04684679 15.571411 0.053708278 0.03492221 0.9979454 1.2774658
0.96894604 -0.24354418 -0.04240107 45.729614 0.24163221 0.9692809 -0.045590874 15.812744 0.052204404 0.033921678 0.9980589 1.3521729
0.96851563 -0.24580903 -0.03919316 46.72473 0.24399553 0.96868336 -0.045831375 16.07129 0.04923482 0.034818266 0.9981787 1.4160156
0.96779186 -0.24890585 -0.037320685 47.74243 0.24715 0.96786875 -0.04599951 16.314697 0.04757653 0.03528509 0.9982425 1.4765625
0.9668175 -0.25285447 -0.036553487 48.753174 0.25114122 0.96687526 -0.045698676 16.58606 0.046897747 0.03500078 0.99828583 1.5517578
0.9663729 -0.25442156 -0.03632839 49.741455 0.2526757 0.9663927 -0.046545938 16.847412 0.046960577 0.03579225 0.998254 1.611084
0.9658819 -0.25634032 -0.036787584 50.75708 0.2545777 0.96592593 -0.046577998 17.112427 0.04747438 0.035621453 0.9982369 1.6759033
0.966375 -0.25418556 -0.038410343 51.723145 0.25238582 0.9665086 -0.046146072 17.375977 0.04885721 0.034894124 0.99819535 1.7352295
0.9668155 -0.25195113 -0.041643463 52.724365 0.25008905 0.9671411 -0.045165863 17.629028 0.05166258 0.033242393 0.9981096 1.8033447
0.96797043 -0.24721344 -0.0433335 53.71753 0.24533193 0.9683987 -0.044453133 17.880371 0.05295828 0.032391153 0.9980703 1.8668213
0.9694967 -0.2414419 -0.041639343 54.70044 0.23968437 0.9698711 -0.043055456 18.13733 0.050787855 0.031752285 0.998203 1.9342041
0.9713895 -0.23463973 -0.036351193 55.708008 0.23296998 0.9714341 -0.04488107 18.375977 0.04585038 0.03512385 0.99832964 2.003662
0.9725828 -0.22960795 -0.036506176 56.664062 0.22810662 0.9727558 -0.041043717 18.621704 0.044940338 0.03158228 0.99848866 2.069336
0.9739469 -0.22351378 -0.038168125 57.647217 0.22188763 0.9741358 -0.042587165 18.84961 0.046701342 0.033004925 0.9983629 2.1274414
0.97506344 -0.21803582 -0.040495593 58.61841 0.21626846 0.97531277 -0.043844145 19.071411 0.049066298 0.03397942 0.998215 2.1851807
0.97650284 -0.21127127 -0.041887946 59.59082 0.20959224 0.9768983 -0.041113578 19.299683 0.04961205 0.031359073 0.998275 2.255249
0.9772065 -0.20782161 -0.04308252 60.566895 0.2061284 0.9776708 -0.04062666 19.516724 0.050566286 0.030814964 0.9982442 2.3183594
0.97783315 -0.20507255 -0.04211358 61.53418 0.2034174 0.97825056 -0.04042348 19.720947 0.049491283 0.030954108 0.9982929 2.3804932
0.9789226 -0.20142461 -0.033253413 62.478027 0.20004849 0.9789304 -0.040519252 19.914673 0.04072247 0.033007465 0.9986237 2.432129
0.9798086 -0.19863941 -0.021901833 63.45337 0.19770737 0.97947866 -0.03865202 20.111328 0.029139306 0.033536334 0.9990112 2.4909668
0.9802179 -0.19691703 -0.018914098 64.42578 0.19612448 0.979852 -0.037209705 20.311523 0.025870124 0.032759536 0.999127 2.539917
0.98010314 -0.19673906 -0.025477245 65.38818 0.1957264 0.9799194 -0.037506077 20.50061 0.03235042 0.0317675 0.99897075 2.5889893
0.9803141 -0.19497336 -0.030795692 66.31616 0.19369523 0.9802298 -0.04012757 20.680786 0.03801531 0.03336929 0.99871904 2.6291504
0.98062307 -0.19344844 -0.030469397 67.27588 0.1919816 0.9803371 -0.045324817 20.861328 0.038645633 0.038589057 0.9985055 2.6781006
0.98034155 -0.19502974 -0.02943003 68.23706 0.19354208 0.97995377 -0.04692912 21.036743 0.03800227 0.040305257 0.99846256 2.7363281
0.980499 -0.19472556 -0.026067676 69.16284 0.19335383 0.97996336 -0.04755595 21.224487 0.03481137 0.04158427 0.9985274 2.7816162
0.98051393 -0.1951882 -0.02128701 70.127686 0.19405773 0.97987986 -0.04620616 21.435791 0.029886734 0.041170165 0.9987038 2.807251
0.9802917 -0.19682938 -0.015862446 71.08887 0.19599365 0.97962767 -0.043358624 21.627075 0.024081692 0.039391775 0.9989326 2.849121
0.9801797 -0.19736516 -0.015640788 71.98291 0.19674267 0.97982365 -0.034455135 21.822388 0.022134015 0.030689258 0.9992827 2.8969727
0.9798491 -0.19893627 -0.016220875 72.93115 0.19845876 0.9797065 -0.027060498 22.036987 0.021281168 0.02329085 0.99950165 2.9169922
0.9793546 -0.20155822 -0.013594262 73.913086 0.20112889 0.9791437 -0.027752843 22.236328 0.018911721 0.024440786 0.9995217 2.9648438
0.9787561 -0.2045259 -0.013191864 74.788574 0.20403267 0.9784368 -0.031620126 22.424805 0.019379154 0.02825487 0.9994125 3.0024414
0.9773454 -0.21094184 -0.015819868 75.72632 0.21032763 0.9770257 -0.033655714 22.612183 0.022563303 0.029562794 0.99930763 3.0273438
0.9752482 -0.22054785 -0.013528036 76.68384 0.21992444 0.97477394 -0.03717073 22.823242 0.021394055 0.0332719 0.99921656 3.065796
0.9734028 -0.22880217 -0.011020845 77.573975 0.22816193 0.9727065 -0.04204587 23.029297 0.020345688 0.03841076 0.999054 3.1123047
0.97087467 -0.23924774 -0.0112039605 78.48633 0.2385674 0.9701415 -0.043272924 23.249023 0.021229614 0.039338276 0.9989998 3.140503
0.9676006 -0.25217792 -0.010639172 79.41992 0.25155193 0.96694106 -0.041276015 23.504395 0.020702347 0.037260905 0.9990907 3.159912
0.9641187 -0.26527506 -0.006610714 80.32617 0.2648307 0.96347606 -0.038956348 23.749634 0.016709873 0.03580507 0.99921864 3.1989746
0.9609786 -0.27652937 -0.00546397 81.21875 0.27613014 0.96034735 -0.03824948 24.01538 0.015827088 0.035247568 0.9992531 3.2324219
0.9569757 -0.29013583 -0.0038464302 82.12378 0.28976333 0.95627326 -0.039669897 24.283813 0.015191442 0.0368478 0.999205 3.25
0.95324004 -0.30209857 -0.0031462032 83.03174 0.30172846 0.9524958 -0.040648825 24.56543 0.01527848 0.03779831 0.9991688 3.2857666
0.9490747 -0.31488392 -0.0071893865 83.90747 0.3143166 0.9483366 -0.042539332 24.867065 0.020214012 0.038111184 0.9990692 3.3155518
0.9448532 -0.32724327 -0.01451216 84.77466 0.32624763 0.9440988 -0.047801882 25.162231 0.029343802 0.040431287 0.9987509 3.3466797
0.9397703 -0.34133035 -0.019307079 85.641846 0.34010714 0.9391534 -0.048644133 25.471436 0.034728907 0.039149135 0.99863005 3.3790283
0.9358236 -0.35207742 -0.017847657 86.50635 0.3509409 0.93521297 -0.047534462 25.807373 0.0334253 0.03821951 0.9987099 3.413086
0.931196 -0.3642383 -0.013149379 87.37305 0.363329 0.9305219 -0.045705203 26.151123 0.028886192 0.03778029 0.9988682 3.4624023
0.92720777 -0.37418303 -0.01614804 88.217285 0.37325728 0.9267477 -0.042499095 26.501831 0.030866187 0.033377774 0.9989662 3.5063477
0.92383325 -0.38204527 -0.024053764 89.06445 0.38087103 0.92366093 -0.042343654 26.857666 0.03839519 0.029954221 0.9988133 3.541504
0.92153996 -0.38676167 -0.033342473 89.918945 0.38551888 0.9218716 -0.03820308 27.231934 0.04551882 0.022351466 0.9987137 3.583252
0.91988814 -0.39031735 -0.037368953 90.77075 0.389116 0.920466 -0.035618912 27.60205 0.04830377 0.018225152 0.9986668 3.6461182
0.9186148 -0.39321247 -0.038084038 91.623535 0.39198205 0.91922575 -0.035976958 27.968872 0.049159147 0.018113997 0.99862635 3.697998
0.916121 -0.39893216 -0.038712807 92.474365 0.39778233 0.91680014 -0.034208328 28.343506 0.049142618 0.015935142 0.99866456 3.7513428
0.9139525 -0.40416777 -0.03574416 93.325195 0.40323758 0.9145512 -0.030564012 28.726318 0.04504371 0.013521034 0.99889386 3.8116455
0.91154176 -0.40989354 -0.031078273 94.174805 0.40899613 0.9119317 -0.03146419 29.095703 0.041242603 0.015965328 0.99902153 3.8514404
0.9091025 -0.41549587 -0.029226266 95.02173 0.4147993 0.9094854 -0.027118893 29.49292 0.037852034 0.0125329355 0.99920505 3.9177246
0.90647036 -0.42102152 -0.032172203 95.836426 0.4204667 0.9070136 -0.022736661 29.883179 0.038754657 0.0070801578 0.9992235 3.9608154
0.902745 -0.42843217 -0.03781207 96.64722 0.42799544 0.9035357 -0.019388448 30.265747 0.04247204 0.0013147388 0.99909663 3.9932861
0.90019053 -0.4334731 -0.040456224 97.46411 0.4330157 0.9010987 -0.019914119 30.66919 0.0450921 0.00040675234 0.9989832 4.0546875
0.8968575 -0.44032636 -0.04155376 98.28247 0.43971235 0.8978152 -0.023411296 31.068115 0.047615267 0.0027255192 0.9988622 4.11084
0.8928416 -0.44865194 -0.038868908 99.10889 0.4479201 0.89366686 -0.02633113 31.46997 0.046549518 0.0060933856 0.998897 4.158203
0.8902152 -0.45402163 -0.036078453 99.87964 0.4536274 0.8909459 -0.01892041 31.873047 0.040737804 0.000473422 0.99916977 4.220825
0.8868668 -0.46071678 -0.033422798 100.696045 0.46038193 0.8874965 -0.017567094 32.311646 0.037757408 0.00018761307 0.99928683 4.269165
0.8834413 -0.4671191 -0.03605104 101.50781 0.46665543 0.8841752 -0.020867316 32.74475 0.041624784 0.0016088288 0.9991319 4.3153076
0.8806561 -0.47211698 -0.039027356 102.29053 0.4716336 0.8815207 -0.021362603 33.170288 0.04448901 0.0004026437 0.99900943 4.3619385
0.8770684 -0.47869068 -0.040574048 103.075195 0.47825235 0.8780053 -0.020526169 33.60852 0.045450076 -0.0014014032 0.9989655 4.41333
0.87350863 -0.4852986 -0.039291184 103.86426 0.4848445 0.8743919 -0.02100078 34.059082 0.04454464 -0.00070500985 0.9990068 4.4595947
0.8698275 -0.4919129 -0.03644255 104.640625 0.49137118 0.87058765 -0.023193926 34.488037 0.04313711 0.002265188 0.99906665 4.5108643
0.8658442 -0.4991244 -0.034386277 105.440186 0.49845427 0.86650753 -0.026496906 34.942383 0.04302167 0.005799819 0.99905705 4.5687256
0.86193943 -0.5058896 -0.033077203 106.24121 0.5051322 0.86253536 -0.028849289 35.404907 0.04312632 0.008157681 0.99903643 4.616455
0.858186 -0.5119243 -0.0367644 107.01245 0.51138663 0.8589723 -0.02349672 35.86377 0.04361068 0.0013583302 0.9990475 4.6591797
0.8547902 -0.51758146 -0.03799291 107.789795 0.51720774 0.8556302 -0.019848766 36.354736 0.042779572 -0.0026884575 0.99908054 4.706787
0.8523405 -0.5217666 -0.03554384 108.58057 0.5212862 0.8530814 -0.022395628 36.83899 0.042003818 0.00055710576 0.9991171 4.76355
0.8499305 -0.5257919 -0.034689546 109.3457 0.5252563 0.8506356 -0.023806231 37.303223 0.042026997 0.0020149476 0.9991146 4.8077393
0.8470744 -0.5302722 -0.03411792 110.132324 0.52967393 0.8477542 -0.025416179 37.791626 0.04240489 0.0034537786 0.9990945 4.859131
0.8440247 -0.53557163 -0.029379183 110.89673 0.5348585 0.8444909 -0.028975714 38.261475 0.040324826 0.008741035 0.99914813 4.8999023
0.84195536 -0.5390654 -0.022056261 111.67432 0.53818196 0.84204435 -0.03588829 38.745728 0.037922103 0.01834308 0.9991121 4.9400635
0.83919185 -0.54350317 -0.01878393 112.43237 0.54263794 0.8391398 -0.03714643 39.231323 0.035952203 0.0209798 0.99913317 4.9819336
0.83626133 -0.54785234 -0.022153502 113.157715 0.5469629 0.8363609 -0.036028087 39.720947 0.038266547 0.018007435 0.99910504 5.015869
0.8347651 -0.550052 -0.023702016 113.91943 0.54914314 0.83493054 -0.035851423 40.233276 0.039506834 0.01690964 0.9990762 5.0655518
0.8333585 -0.5521025 -0.024747495 114.664795 0.551241 0.8335929 -0.034241628 40.730835 0.03953695 0.014892788 0.9991072 5.1099854
0.833054 -0.5526305 -0.023803987 115.3916 0.5518355 0.833272 -0.032887284 41.219482 0.038012367 0.014260286 0.9991756 5.154297
0.83234924 -0.55388695 -0.018521953 116.15137 0.5532278 0.83240515 -0.031298745 41.729248 0.03275662 0.015806545 0.9993385 5.196045
0.83176225 -0.5548251 -0.013609278 116.88672 0.5543427 0.83172494 -0.027978763 42.220215 0.026843742 0.01572831 0.9995161 5.2385254
0.8321436 -0.55437386 -0.011825262 117.60596 0.5539183 0.83205813 -0.028053436 42.702515 0.02539413 0.016795047 0.9995365 5.274048
0.83111614 -0.55588436 -0.016203681 118.351074 0.55531305 0.8311266 -0.029668216 43.204956 0.029958282 0.015662214 0.99942863 5.3078613
0.8309761 -0.5560535 -0.018714048 119.0791 0.5553541 0.8310222 -0.03242219 43.68872 0.033576235 0.016548807 0.99929905 5.3481445
0.8310623 -0.5559811 -0.019223366 119.79785 0.55532646 0.8311498 -0.030844038 44.162354 0.033121448 0.014962064 0.9993394 5.3829346
0.83044195 -0.5566838 -0.019432858 120.52368 0.55611694 0.83057564 -0.028044788 44.661987 0.031755395 0.012477163 0.99941754 5.4260254
0.8300892 -0.55737317 -0.0164121 121.26001 0.55675286 0.83008295 -0.031160625 45.145386 0.030993199 0.016728256 0.99937963 5.4659424
0.8296669 -0.5578752 -0.018970309 121.968994 0.55716497 0.82972014 -0.032619916 45.624756 0.03393663 0.016489595 0.99928784 5.5064697
0.82934093 -0.5580374 -0.02623924 122.6792 0.55747044 0.8297262 -0.0261158 46.118774 0.03634601 0.0070286645 0.99931455 5.5479736
0.8295579 -0.557409 -0.031156642 123.3855 0.5569422 0.830141 -0.022864904 46.617188 0.03861515 0.0016119219 0.99925303 5.5823975
0.82950926 -0.5575562 -0.032904357 124.08032 0.55702764 0.8301591 -0.02434495 47.09253 0.040890284 0.0018707588 0.9991622 5.6291504
0.828488 -0.559078 -0.031609077 124.803955 0.5584489 0.8290777 -0.026910257 47.56653 0.041257456 0.0046410104 0.9991379 5.6799316
0.8282774 -0.559365 -0.033429697 125.485596 0.55872756 0.8289439 -0.02694625 48.05249 0.042781543 0.0036407998 0.9990777 5.717285
0.8274696 -0.56080675 -0.028742112 126.19287 0.5601022 0.8279291 -0.029244602 48.533936 0.040196754 0.008102825 0.99915904 5.763672
0.826032 -0.5631703 -0.020488461 126.913086 0.5623654 0.82611 -0.034590203 49.01172 0.036412865 0.01704776 0.9991913 5.814331
0.8252652 -0.5645295 -0.012949722 127.611084 0.5638559 0.82508385 -0.035028473 49.49341 0.030463964 0.0216054 0.9993023 5.86145
0.822731 -0.5682067 -0.011470275 128.29395 0.5675513 0.82249826 -0.035479944 49.969727 0.029602047 0.0226782 0.99930423 5.8953857
0.81986916 -0.5722281 -0.014204709 128.97461 0.57141596 0.81965923 -0.038411804 50.442627 0.03362619 0.023372967 0.9991611 5.9471436
0.8160716 -0.5775603 -0.016336882 129.66821 0.5766017 0.8158797 -0.04107091 50.944336 0.037058547 0.024090609 0.99902236 5.978882
0.81107455 -0.5846978 -0.017627688 130.34473 0.583699 0.8109341 -0.041300535 51.428955 0.038441394 0.023210246 0.9989913 6.0096436
0.8054697 -0.5924143 -0.0134189725 130.99243 0.5915493 0.80520743 -0.040327292 51.914307 0.03470346 0.024540365 0.99909604 6.045044
0.79824406 -0.60218376 -0.0056012124 131.63159 0.60137373 0.7975918 -0.045251302 52.387695 0.031721473 0.032750066 0.99895996 6.0928955
0.7898817 -0.6131823 -0.0059570693 132.29517 0.6122782 0.7891788 -0.04746998 52.897705 0.033809714 0.033844188 0.9988548 6.142334
0.78106606 -0.624507 -0.0056499215 132.93066 0.6235142 0.78027683 -0.05002083 53.39795 0.03564713 0.03554611 0.9987318 6.1713867
0.7730397 -0.6343025 -0.003519432 133.51416 0.6333279 0.7721371 -0.051401235 53.88452 0.03532391 0.037506763 0.9986718 6.220703
0.7650019 -0.6440688 -0.0030406134 134.06079 0.6430072 0.7639961 -0.05396883 54.347656 0.03708092 0.039327078 0.9985377 6.255615
0.7553159 -0.65535 -0.010215804 134.67603 0.65395904 0.75457346 -0.05518873 54.883545 0.04387409 0.035000212 0.99842334 6.3007812
0.7466253 -0.66485476 -0.022478692 135.25464 0.6630298 0.7464739 -0.056147214 55.42163 0.054121178 0.027019719 0.9981688 6.342407
0.73735064 -0.6744713 -0.03565401 135.76807 0.6724909 0.7380423 -0.05403094 55.922607 0.06275813 0.015854001 0.9979023 6.385254
