7.776637445025702533e-01 -6.283189900341509260e-01 2.131542278975011653e-02 -6.595799279103090385e+01 6.273524884283331327e-01 7.777774799295471553e-01 3.861407744879514353e-02 2.571138460188335628e+01 -4.084061396477207256e-02 -1.665648453029058840e-02 9.990268293564853463e-01 -8.848998157525502783e-01 -4.809208017785018303e-24 -1.416202385148814181e-23 -3.430527606006730092e-24 9.999999999999997780e-01
7.494830426023242342e-01 -6.614404555927957396e-01 2.777935486575432156e-02 -6.555523723328158781e+01 6.606804173936929869e-01 7.499752606068026406e-01 3.222568153282026615e-02 2.608979044125556968e+01 -4.214919837978989281e-02 -5.799326077517673317e-03 9.990944964781798276e-01 -8.936457167582870786e-01 -4.809208017785018303e-24 -1.416202385148814181e-23 -3.430527606006730092e-24 9.999999999999997780e-01
7.211198050193092790e-01 -6.927162866057440249e-01 1.141810317271815985e-02 -6.521264562466255654e+01 6.923557654623178070e-01 7.211456856751089495e-01 2.433914672428685866e-02 2.649069302065536391e+01 -2.509423917959929459e-02 -9.646051177879210597e-03 9.996385511056841144e-01 -9.038043783905612694e-01 2.888925900065537549e-18 -2.644522967185940518e-19 -1.097133724296029836e-20 9.999999999999996669e-01
6.910121556265764742e-01 -7.227055904680279586e-01 -1.410071922182035663e-02 -6.486839280627407334e+01 7.228394079480391365e-01 6.909397619865114137e-01 1.026818500775955427e-02 2.689824152782815858e+01 2.321872873895344976e-03 -1.728799619052669503e-02 9.998478554730590995e-01 -9.076539041014985987e-01 4.027894414053462962e-18 3.891788956788803030e-18 -4.963954150831592736e-20 9.999999999999996669e-01
6.562907051148395565e-01 -7.539723184895673613e-01 -2.842979654052284894e-02 -6.453633212646867889e+01 7.540212859771741050e-01 6.567548490575558784e-01 -1.117893253933382666e-02 2.732552600364471473e+01 2.710001242062809110e-02 -1.410004222888391716e-02 9.995332801542666790e-01 -9.270037794122726327e-01 4.113024669441976803e-18 6.458233041624668706e-18 -4.209369853852227049e-20 9.999999999999995559e-01
6.188865922209890735e-01 -7.849920080878360906e-01 -2.769355895008219007e-02 -6.419662892181675318e+01 7.842771048298199377e-01 6.195051124183352798e-01 -3.350878283832309928e-02 2.776623193328476091e+01 4.346042807946886438e-02 -9.812878155215721057e-04 9.990546673057365545e-01 -9.387341290134963989e-01 7.375768496426088438e-18 1.055879735706425579e-17 -1.972840035749400163e-19 9.999999999999994449e-01
5.860515242162507299e-01 -8.099683785025705296e-01 -2.224492728087177143e-02 -6.386826148650465740e+01 8.090028513481000161e-01 5.864487944637312156e-01 -3.990235560322474145e-02 2.825989926385273066e+01 4.536515705317743091e-02 5.388626722832170514e-03 9.989559375806260633e-01 -9.625044307474538430e-01 1.189191337196866185e-17 1.483886718031686236e-17 -5.141122675186301059e-19 9.999999999999993339e-01
5.571986134511796029e-01 -8.302273642665474185e-01 -1.588171247413563622e-02 -6.356552814756449266e+01 8.298786192162554975e-01 5.574248575079054913e-01 -2.406253519517803988e-02 2.876655178111763433e+01 2.883023648554015883e-02 2.277176280480825365e-04 9.995842963996965924e-01 -9.333269593688294785e-01 1.765267669489750210e-17 1.945110310135298136e-17 -9.427868719494975634e-19 9.999999999999992228e-01
5.285244556324287801e-01 -8.488816207166227645e-01 -7.867261783602783748e-03 -6.328351993972161438e+01 8.488404448495118215e-01 5.285787570599870255e-01 -8.625356375807219367e-03 2.927834032321714730e+01 1.148037395459587141e-02 -2.119338208981789463e-03 9.999318523876652431e-01 -8.756526879919435125e-01 2.411708758044418793e-17 2.223958902929353993e-17 -1.228054213647874152e-18 9.999999999999986677e-01
4.987380589308414436e-01 -8.667302322176995144e-01 -6.249250655594114183e-03 -6.301254498332379228e+01 8.667147861944908271e-01 4.987707357316234491e-01 -5.764769690342079825e-03 2.979357545934554352e+01 8.113443519653571606e-03 -2.541207900294519678e-03 9.999638564951598418e-01 -8.682354485072338868e-01 3.178266665031544384e-17 2.622095698261249218e-17 -1.404467924205174124e-18 9.999999999999981126e-01
4.712222429561332970e-01 -8.820045834995862144e-01 -4.184785432958870906e-03 -6.275123676619337942e+01 8.818852231349766368e-01 4.712291008726278152e-01 -1.488582234740830172e-02 3.031648089204093210e+01 1.510135621649251123e-02 3.324030159475166966e-03 9.998804427850040977e-01 -8.632143792170257068e-01 4.322085307056856988e-17 2.948277123181471058e-17 -1.593461169607335063e-18 9.999999999999971134e-01
4.458704336744228613e-01 -8.950809425314395495e-01 -5.446346667191580108e-03 -6.250033136712098525e+01 8.948283777029454322e-01 4.458773190634898187e-01 -2.180804443967780670e-02 3.085464106798269412e+01 2.194836742249174633e-02 4.850016679299097404e-03 9.997473413346567028e-01 -8.590974352795239799e-01 5.452373587355123285e-17 3.414163453927987077e-17 -1.887739552609995384e-18 9.999999999999961142e-01
4.226199370807817712e-01 -9.062889058951791865e-01 -5.727812249320521354e-03 -6.226246341050423183e+01 9.060466510894082948e-01 4.226415688169215534e-01 -2.129719130908539620e-02 3.140742052676096918e+01 2.172221976509246602e-02 3.810952544476906532e-03 9.997567813269384596e-01 -8.544707556231673218e-01 6.573686330076843486e-17 4.113608606635775150e-17 -2.279254825940856779e-18 9.999999999999947820e-01
4.031280056843340454e-01 -9.151299920363961116e-01 -4.990862495233163929e-03 -6.202599233138487733e+01 9.150211209266347900e-01 4.031572806326187974e-01 -1.416175593264253074e-02 3.199535996225921863e+01 1.497195014544950090e-02 1.142255831335199038e-03 9.998872616252693080e-01 -8.472864737244467648e-01 7.620645079689924552e-17 4.891920159421088697e-17 -2.633080609238409562e-18 9.999999999999933387e-01
3.858322478968477798e-01 -9.225664568825867606e-01 -2.146885647921825853e-03 -6.180281272703564355e+01 9.225517121645364638e-01 3.858382194884524830e-01 -5.216010379998099050e-03 3.257084623971009307e+01 5.640466751176396488e-03 3.189197965585478009e-05 9.999840919323440547e-01 -8.424642071717127756e-01 8.632890921803994016e-17 5.716438781892846428e-17 -2.890453892711737438e-18 9.999999999999917843e-01
3.697896844976368835e-01 -9.291144101333930205e-01 1.414963471433566215e-03 -6.157901388565303336e+01 9.291138301392862786e-01 3.697914725742787456e-01 1.325690490084487777e-03 3.315850454805110559e+01 -1.754959563455423758e-03 8.244354623804725501e-04 9.999981202097960598e-01 -8.397424253953368334e-01 9.613210225332229487e-17 6.446533998006617885e-17 -3.047279947614415172e-18 9.999999999999902300e-01
3.554125737791821726e-01 -9.347076822791289263e-01 1.857710431511699466e-03 -6.136368910456707226e+01 9.347027022451873668e-01 3.554168719159233047e-01 3.115376874564311591e-03 3.375873873194770880e+01 -3.572228328344588272e-03 6.291628470414379172e-04 9.999934216478182369e-01 -8.407457724506388619e-01 1.074654575288265092e-16 7.220156923603239750e-17 -3.138537085521201849e-18 9.999999999999888978e-01
3.425769800112116736e-01 -9.394896718456373641e-01 4.114143731865748245e-04 -6.115925935201973118e+01 9.394875238715274524e-01 3.425770869296734245e-01 2.032732287719830801e-03 3.435847046817966799e+01 -2.050672127428604039e-03 -3.098486175489361880e-04 9.999978493665330204e-01 -8.461667776292618459e-01 1.187673905843770472e-16 8.135193477645316589e-17 -3.205392158163415185e-18 9.999999999999877875e-01
3.304390881863822349e-01 -9.438177035910453316e-01 -4.260444424138366305e-03 -6.096266914332117892e+01 9.438272501481287380e-01 3.304339671206850682e-01 1.874900194282482337e-03 3.496846803773392054e+01 -3.617684430665026995e-04 -4.640663855883538254e-03 9.999891666226210507e-01 -8.516405528155842619e-01 1.296516589742463771e-16 9.156668570104575454e-17 -3.276475838777907216e-18 9.999999999999866773e-01
3.198577276166807426e-01 -9.474360035861116858e-01 -7.486868015762230752e-03 -6.076640696580068379e+01 9.474655741276827303e-01 3.198489150236506484e-01 2.378529194066371800e-03 3.559893700659592497e+01 1.411624177257505435e-04 -7.854340646057436301e-03 9.999691442270722819e-01 -8.580933883953921759e-01 1.404774841567700135e-16 1.038145700092481815e-16 -3.312452003647495447e-18 9.999999999999859002e-01
3.119115923083729536e-01 -9.500645410577532868e-01 -9.408847346637695674e-03 -6.056749261064664580e+01 9.501110296745987061e-01 3.119008066986613814e-01 2.630222696564626494e-03 3.622989041400342103e+01 4.357457584272580314e-04 -9.759846589977427128e-03 9.999522766213454483e-01 -8.609850452851530722e-01 1.517351585111931774e-16 1.130890279544013420e-16 -3.344237823268988296e-18 9.999999999999847899e-01
3.058540721904551840e-01 -9.520140430938484055e-01 -1.107015251201038872e-02 -6.037188563264462715e+01 9.520765991946306128e-01 3.058554539931485627e-01 1.609511934989875772e-03 3.687231151850662769e+01 1.853588557694198962e-03 -1.103190893575807172e-02 9.999374286397780809e-01 -8.577620626997685127e-01 1.631915550957282573e-16 1.225346613812900614e-16 -3.353588680022013510e-18 9.999999999999835687e-01
3.012577239115849514e-01 -9.534574776618781611e-01 -1.275233603241620120e-02 -6.017408167388142459e+01 9.535400627472825352e-01 3.012617061096987681e-01 1.653229512591978178e-03 3.751985449658962324e+01 2.265506468934739160e-03 -1.265791146059316516e-02 9.999173189608907553e-01 -8.597468626551557636e-01 1.758477196198107834e-16 1.332838307569942714e-16 -3.359987030839499837e-18 9.999999999999822364e-01
2.978379942207133313e-01 -9.545301156994355773e-01 -1.283695530221776702e-02 -5.997224657488395394e+01 9.546129505628480061e-01 2.978462875341616467e-01 1.305227892812876531e-03 3.817825971388268869e+01 2.577560148463269030e-03 -1.264307023489172170e-02 9.999167510141825366e-01 -8.652770239985297929e-01 1.886364722797689814e-16 1.429110089239919302e-16 -3.340107178598681809e-18 9.999999999999807931e-01
2.957457454650239681e-01 -9.551935941582371248e-01 -1.181743281917494587e-02 -5.977116491007441113e+01 9.552577122103952378e-01 2.957739756558666611e-01 -6.771907612830286270e-04 3.883884007201351096e+01 4.142137364170258781e-03 -1.108841755252964849e-02 9.999299423931058417e-01 -8.675016149016220313e-01 2.009718830709648482e-16 1.511054579876015899e-16 -3.305052599077821170e-18 9.999999999999793499e-01
2.946160978211969650e-01 -9.555522263890338097e-01 -1.101351658667661798e-02 -5.956657554445683900e+01 9.556018246041578790e-01 2.946543484591630513e-01 -1.991920519059288061e-03 3.949813573357445051e+01 5.148564640864116554e-03 -9.937684695043594307e-03 9.999373653909957582e-01 -8.648108520639675723e-01 2.127043124217009676e-16 1.586480641781920505e-16 -3.290868836651326615e-18 9.999999999999780176e-01
2.945038199692852632e-01 -9.555896001445047805e-01 -1.077107790339840339e-02 -5.936263599951553971e+01 9.556390501423068784e-01 2.945363400271860943e-01 -1.533051383431872092e-03 4.017934516005604451e+01 4.637441822304455390e-03 -9.841773167985174223e-03 9.999408150657228544e-01 -8.638906746072407827e-01 2.240786941582494449e-16 1.673746124547876736e-16 -3.277023657485646251e-18 9.999999999999766853e-01
2.933136834373531454e-01 -9.559368695238905644e-01 -1.232008901413222252e-02 -5.915338130950328122e+01 9.560115047329598159e-01 2.933285009359555273e-01 6.271817391238016437e-04 4.086871287838778244e+01 3.014287093587047443e-03 -1.196210782293424119e-02 9.999239081299136078e-01 -8.656883278689342376e-01 2.366953770778496896e-16 1.747660630176567599e-16 -3.267543196830019849e-18 9.999999999999752420e-01
2.930482741993697404e-01 -9.560397626491475842e-01 -1.052051436833776644e-02 -5.894340261381475443e+01 9.560973797627457804e-01 2.930222368602899419e-01 3.971034657835557750e-03 4.156384792421106766e+01 -7.137223786232617254e-04 -1.122234107459140449e-02 9.999367728317742898e-01 -8.660800937593589044e-01 2.494164469037494607e-16 1.830561933920027240e-16 -3.206591035244057404e-18 9.999999999999735767e-01
2.925069971621042098e-01 -9.562414708529819451e-01 -6.473486864053616500e-03 -5.872978941677012443e+01 9.562593515428704505e-01 2.924794060898772696e-01 4.883605243447814055e-03 4.226721762644511671e+01 -2.776544267737185000e-03 -7.618821055930201890e-03 9.999671216433567711e-01 -8.724216392909385220e-01 2.610452890487219841e-16 1.918164670346005871e-16 -3.090422054355819904e-18 9.999999999999718003e-01
2.917843817546017515e-01 -9.564819906041186481e-01 -2.018963624041753089e-03 -5.850758303810896166e+01 9.564832942685124184e-01 2.917807033583404430e-01 1.931044541497864593e-03 4.296565074341579304e+01 -1.257914700726291178e-03 -2.494553615816592646e-03 9.999960974188438767e-01 -8.779368939830243246e-01 2.730981902758431826e-16 2.023558816918437054e-16 -2.998954116730836286e-18 9.999999999999700240e-01
2.915367906452401847e-01 -9.565596058952983149e-01 1.416677653570717432e-04 -5.828259755220095428e+01 9.565555555423974621e-01 2.915351182541727759e-01 -2.957023090699228540e-03 4.368632028070123141e+01 2.787267713528610719e-03 9.975941097163693212e-04 9.999956179627693675e-01 -8.788721817671656389e-01 2.850740217834232391e-16 2.106590050792313524e-16 -2.960491103500919585e-18 9.999999999999682476e-01
2.912937974849210687e-01 -9.566271558156755894e-01 -3.522542104551141216e-03 -5.806882647728249225e+01 9.566124165417518865e-01 2.913098883342009615e-01 -5.588691879690788761e-03 4.440512910125564616e+01 6.372445764719672154e-03 -1.741756234399918649e-03 9.999781788720454312e-01 -8.795111003962829965e-01 2.974356871402113336e-16 2.191172417351622289e-16 -3.002130923808325028e-18 9.999999999999666933e-01
2.907751264721776807e-01 -9.567437032674589448e-01 -9.555735618642747370e-03 -5.784975885787962824e+01 9.567431118116396238e-01 2.908463050188243582e-01 -7.144568422352787739e-03 4.513936338622776390e+01 9.614771247059599596e-03 -7.064921444834078475e-03 9.999288189960838791e-01 -8.799759903348479684e-01 3.104662976638601364e-16 2.262985956663859659e-16 -3.070493049481805165e-18 9.999999999999648059e-01
2.903495873020968676e-01 -9.568816088803915321e-01 -8.643132535907127253e-03 -5.762248537711808893e+01 9.568688886966253415e-01 2.904159785150289830e-01 -7.777484664765239690e-03 4.587894345120344752e+01 9.952235831904111818e-03 -6.012155161831492581e-03 9.999324012113596227e-01 -8.801950651184897723e-01 3.237165744614191087e-16 2.307648297011036054e-16 -3.166707128330081226e-18 9.999999999999624745e-01
2.897341657014426697e-01 -9.570999041589424161e-01 -3.726484172905618602e-03 -5.739339526700330651e+01 9.570708192850134743e-01 2.897548970842049876e-01 -7.585940212317585606e-03 4.661901397430865757e+01 8.340269688160623085e-03 -1.368603201942202247e-03 9.999642827755726993e-01 -8.816418757770756454e-01 3.364256873546658513e-16 2.341387013300540794e-16 -3.267531888524084396e-18 9.999999999999600320e-01
2.900493911257467916e-01 -9.570042347717364617e-01 -3.774299485469538758e-03 -5.716403088977802582e+01 9.569999693362167825e-01 2.900630951771578370e-01 -3.802565817861817271e-03 4.738567694502348360e+01 4.733856581562222686e-03 -2.509072591677252544e-03 9.999856474753314739e-01 -8.765207432728919779e-01 3.483181975455902804e-16 2.370089661529017424e-16 -3.359529178338928282e-18 9.999999999999573674e-01
2.911198996490917956e-01 -9.566694285798191810e-01 -5.727866018423755437e-03 -5.692942436863886968e+01 9.566865335759262567e-01 2.911128933325463075e-01 2.039561253372929473e-03 4.816029455594934205e+01 -2.837302495842969102e-04 -6.073529153366701537e-03 9.999815156995822685e-01 -8.760941646953090967e-01 3.606217587045091619e-16 2.391570908783560472e-16 -3.392865648778335646e-18 9.999999999999548139e-01
2.909766532972679620e-01 -9.566983660004286794e-01 -7.798956859258980058e-03 -5.669303207413337020e+01 9.567182477049472888e-01 2.909226966529523395e-01 7.360644036096235764e-03 4.894785644416938908e+01 -4.773022561479796713e-03 -9.603179908055743327e-03 9.999424969423733600e-01 -8.825074456166379644e-01 3.728530971020273337e-16 2.407389942465947702e-16 -3.367137587181887163e-18 9.999999999999520384e-01
2.908311282894420757e-01 -9.567679878764415724e-01 -3.503168968022820837e-03 -5.644928698784083565e+01 9.567428393705319500e-01 2.907898451315673038e-01 9.187234711824648556e-03 4.973501770453471948e+01 -7.771366107711952242e-03 -6.023565662364243137e-03 9.999516600944271527e-01 -8.984247489713136359e-01 3.850753586777052714e-16 2.393594445150706944e-16 -3.279259157428527289e-18 9.999999999999491518e-01
2.902753352688348665e-01 -9.569396519455576344e-01 2.594661624525717008e-03 -5.620360966848158313e+01 9.569078667940674743e-01 2.902868495525958159e-01 7.802528086246973520e-03 5.051401630918199714e+01 -8.219744659799885916e-03 2.179706639937094639e-04 9.999661935718571204e-01 -9.084457718293484918e-01 3.976415131265567799e-16 2.380129405344286699e-16 -3.129423467282619662e-18 9.999999999999462652e-01
2.893430566130297255e-01 -9.572242062264144646e-01 1.553899645084739828e-03 -5.596550217075802891e+01 9.572053439686050158e-01 2.893471186610317991e-01 6.014515823168529660e-03 5.130561799528773292e+01 -6.206856519675721905e-03 -2.528573480606965788e-04 9.999807053115467026e-01 -9.115237299221256029e-01 4.099875720658361277e-16 2.402914081895422313e-16 -2.967531861188755239e-18 9.999999999999434896e-01
2.899703548075008852e-01 -9.570148307637162954e-01 -6.309281351860045357e-03 -5.573987839734412120e+01 9.570301311004666411e-01 2.899400439317747491e-01 5.300857548627946857e-03 5.210730088706477403e+01 -3.243685977480514990e-03 -7.575263903483213206e-03 9.999660463626481866e-01 -9.206803752110211958e-01 4.219299778860855260e-16 2.463388107954780112e-16 -2.834790297769652643e-18 9.999999999999407141e-01
2.891982258352049917e-01 -9.572312297368410494e-01 -8.529888061227088730e-03 -5.549439320165160439e+01 9.572681837125579518e-01 2.891996262251511074e-01 1.095738555844761675e-03 5.291117829390282168e+01 1.417965273752989658e-03 -8.482276097974885548e-03 9.999630194995992039e-01 -9.311247024836379893e-01 4.336663668115088433e-16 2.521655954640384224e-16 -2.692730633576784461e-18 9.999999999999380496e-01
2.883812591444470663e-01 -9.574837500325785733e-01 -7.817787275817682582e-03 -5.524501785288429545e+01 9.574982724267051548e-01 2.884156200694575345e-01 -3.672655703584373852e-03 5.371321172286909729e+01 5.771280120356660562e-03 -6.426392734594332801e-03 9.999626962053488333e-01 -9.318605077246561175e-01 4.450462607029538410e-16 2.598362775876924678e-16 -2.595328761149477111e-18 9.999999999999352740e-01
2.885230867861308113e-01 -9.574238515606086075e-01 -9.695197488061607638e-03 -5.500083082014378988e+01 9.574468592077955975e-01 2.885751724076598412e-01 -4.458885859736613604e-03 5.452443713774913192e+01 7.066836960125101770e-03 -7.996144872468576720e-03 9.999430591201871055e-01 -9.288359244266449766e-01 4.555479323067126644e-16 2.672386301352809480e-16 -2.531686439548138052e-18 9.999999999999324984e-01
2.890079845697224870e-01 -9.572023323524064820e-01 -1.542983454688846498e-02 -5.476961672957054361e+01 9.573114823258817019e-01 2.890566916364021299e-01 -9.771526667521248776e-04 5.535108711688548766e+01 5.395429738282847380e-03 -1.448875285929230802e-02 9.998804755462553651e-01 -9.281153401617751042e-01 4.644934012975741888e-16 2.780841809292902862e-16 -2.425506856821579272e-18 9.999999999999300559e-01
2.890656636074651065e-01 -9.572292083018631992e-01 -1.238082780154679471e-02 -5.452385651101543829e+01 9.573092674296870275e-01 2.890402324856655158e-01 3.835426698727003193e-03 5.617682238810479589e+01 -9.282511621604517605e-05 -1.296097135675949169e-02 9.999159987744342670e-01 -9.282506088605417816e-01 4.724963463176602580e-16 2.912615684687063881e-16 -2.202934704203485212e-18 9.999999999999276135e-01
2.877912789267256244e-01 -9.576746731385192835e-01 -5.949806958285052197e-03 -5.426235352689435132e+01 9.576778720184006000e-01 2.877460340795984783e-01 7.437292374452599865e-03 5.701071761744484689e+01 -5.410473187972263467e-03 -7.838386350928880711e-03 9.999546422110284771e-01 -9.343120430858948833e-01 4.796745326791796324e-16 3.057384852408877896e-16 -1.917678552861175513e-18 9.999999999999250599e-01
2.874445382667833448e-01 -9.577565233818369217e-01 -8.836251480525735350e-03 -5.401002663111746926e+01 9.577658471665172479e-01 2.873481252275645881e-01 1.075346128928842369e-02 5.785017772058994012e+01 -7.760117401800784021e-03 -1.155408360009345381e-02 9.999031371738790197e-01 -9.456946884680693666e-01 4.866354308201741370e-16 3.208501222470360276e-16 -1.659107796587625559e-18 9.999999999999222844e-01
2.880220594588940863e-01 -9.575705624794408344e-01 -1.009510465339769070e-02 -5.376495011983595873e+01 9.575960282421306369e-01 2.879174628615865372e-01 1.064806434694778002e-02 5.867602016745096449e+01 -7.289716046915692589e-03 -1.273390954324283425e-02 9.998923479994212826e-01 -9.615037571370241842e-01 4.937907771701389377e-16 3.348574143876578690e-16 -1.351749381700955143e-18 9.999999999999195088e-01
2.862281067235721843e-01 -9.581425510461883954e-01 -6.026839656360978570e-03 -5.351350625710939823e+01 9.581580982011482783e-01 2.862046516547983033e-01 4.467238835064230550e-03 5.950914228740644063e+01 -2.555342069154567866e-03 -7.053314537346598405e-03 9.999718600945962654e-01 -9.568592335164723961e-01 5.022742332354524601e-16 3.479128661822843217e-16 -1.010979825471989810e-18 9.999999999999165112e-01
2.860966025735874330e-01 -9.581875140331971297e-01 -5.042018131415189168e-03 -5.326263627071001139e+01 9.581980072023174033e-01 2.861044719050755969e-01 -9.000830648873258538e-04 6.034573526394621013e+01 2.304992289168916308e-03 -4.573741018903731102e-03 9.999868838658551029e-01 -9.603179471319933658e-01 5.108291536591446357e-16 3.608140416290240010e-16 -7.836303563042964280e-19 9.999999999999135136e-01
2.858253813164499668e-01 -9.582497311301632070e-01 -7.829698869300249359e-03 -5.301743206026365129e+01 9.582738178652829841e-01 2.858466615825007162e-01 -1.725124961883045841e-03 6.119413184355453694e+01 3.891193813851756209e-03 -7.009910928172732522e-03 9.999678593632849166e-01 -9.671022892744028931e-01 5.197370383454884783e-16 3.718677028017299635e-16 -6.326992525058422727e-19 9.999999999999104050e-01
2.850601288511250275e-01 -9.584887398786376966e-01 -6.329175724590873665e-03 -5.276021125247890353e+01 9.585093248655404130e-01 2.850591448273938622e-01 1.076148773528369474e-03 6.204307201738940591e+01 7.727129376278351258e-04 -6.373341058779359233e-03 9.999793915069334904e-01 -9.699339410014149454e-01 5.289200926948924324e-16 3.845404758762683659e-16 -4.606678515946910456e-19 9.999999999999071854e-01
2.842868163737384268e-01 -9.587370856960667487e-01 -2.050986887357339819e-03 -5.250284188239849925e+01 9.587333697980929825e-01 2.842769023286526031e-01 4.119276407527414433e-03 6.289480377182461979e+01 -3.366254859100757061e-03 -3.137405545588588425e-03 9.999894124513427629e-01 -9.688477667965244011e-01 5.383782448904479321e-16 3.956372602175749926e-16 -2.825289543342308279e-19 9.999999999999039657e-01
2.836481386811497418e-01 -9.589284296726928725e-01 -1.372230394168634878e-05 -5.225425476725246199e+01 9.589084693612051069e-01 2.836421420926074077e-01 6.456207599823948588e-03 6.374514413801973234e+01 -6.187148791682402747e-03 -1.844449702099158067e-03 9.999791583804353845e-01 -9.657586947522919241e-01 5.478600755659210021e-16 4.057238252626830545e-16 -9.634990096473352217e-20 9.999999999999007461e-01
2.833383658257355164e-01 -9.590033166901360540e-01 -5.657652220145492107e-03 -5.201220096400820836e+01 9.590144622947562869e-01 2.833117400323662549e-01 5.071397187995488158e-03 6.459565931918726278e+01 -3.260607428581192239e-03 -6.862691693454028331e-03 9.999711355344401698e-01 -9.657350502122424851e-01 5.575023680468494775e-16 4.166150698055812398e-16 9.358674123265549287e-20 9.999999999998976374e-01
2.834527053766016658e-01 -9.589780843426850554e-01 -3.949375298545424254e-03 -5.176062043103669197e+01 9.589857632283027566e-01 2.834541725824217262e-01 1.948618777407190323e-04 6.544858339793081825e+01 9.325986372100151991e-04 -3.842628811371602126e-03 9.999921822013025929e-01 -9.749211514615775398e-01 5.674306012135717078e-16 4.264225754565674629e-16 3.059544703214974282e-19 9.999999999998943068e-01
2.829223986370750787e-01 -9.591389243181646096e-01 -2.727674352456442314e-03 -5.151097824626359056e+01 9.591337347452846274e-01 2.829309460301795420e-01 -3.543818863577851384e-03 6.629416118546741643e+01 4.170758097762392903e-03 -1.613578755622332560e-03 9.999900005203131714e-01 -9.860854655014523740e-01 5.772398046921595784e-16 4.369854035408019926e-16 4.523129839851197351e-19 9.999999999998909761e-01
2.835684772439120427e-01 -9.589400187735406256e-01 -4.791566373381014182e-03 -5.125664459964937691e+01 9.589500317495018855e-01 2.835744556871703792e-01 -6.038952415909898527e-04 6.715210132362194884e+01 1.937865140497579703e-03 -4.423627071810919478e-03 9.999883380331778815e-01 -9.922147935855023526e-01 5.872781047144117390e-16 4.494516015194740412e-16 5.393345516261209272e-19 9.999999999998876454e-01
2.841240197394641620e-01 -9.587751238104887941e-01 -4.878869686271730503e-03 -5.101112522217588463e+01 9.587783831037114401e-01 2.840953925782642164e-01 5.815497308294492566e-03 6.801685644456146917e+01 -4.189689752951541307e-03 -6.330077261193619610e-03 9.999711878958196243e-01 -9.839281608865236839e-01 5.979012515877654735e-16 4.614958601109099590e-16 6.769557013428033832e-19 9.999999999998844258e-01
2.831557263436399463e-01 -9.590677036845965953e-01 -3.460402882580547717e-03 -5.075599457645115109e+01 9.590413556056218702e-01 2.831145167219881742e-01 9.265455170377389846e-03 6.887433631904427500e+01 -7.906508524113172592e-03 -5.942236160123670445e-03 9.999510872800305705e-01 -9.802466960413460662e-01 6.082870332729408162e-16 4.741993880499464975e-16 8.964326122124872684e-19 9.999999999998812061e-01
2.832583407144342313e-01 -9.590363960429453272e-01 -3.728737161366377489e-03 -5.051016743310265866e+01 9.590032917946957891e-01 2.832086156512148567e-01 1.027454855302762510e-02 6.972420049980070189e+01 -8.797655525698751602e-03 -6.486222786707194002e-03 9.999402633014414787e-01 -9.859802466370241047e-01 6.188032784546158840e-16 4.877155096153738902e-16 1.147139032312485195e-18 9.999999999998778755e-01
2.836343019811457533e-01 -9.589213893160338786e-01 -4.620806426886921517e-03 -5.025524264582958267e+01 9.588775835703020611e-01 2.835631788722651203e-01 1.207076279046670648e-02 7.058728222026778099e+01 -1.026462206581051605e-02 -7.854470079212270972e-03 9.999164689281644369e-01 -1.004167075498119566e+00 6.301607561596071211e-16 4.999529292911065495e-16 1.414343345630706060e-18 9.999999999998744338e-01
2.836931442887268839e-01 -9.588890721604818035e-01 -7.067331529717172517e-03 -5.001516600072289975e+01 9.588665846388564340e-01 2.835969325058748658e-01 1.215124423194124774e-02 7.144306945144592191e+01 -9.647421764365905414e-03 -1.022385272958854438e-02 9.999011951632106321e-01 -1.017837500754395608e+00 6.417473782692057496e-16 5.117118753618488643e-16 1.731226157649255003e-18 9.999999999998713252e-01
2.836582809283024198e-01 -9.588764648319717532e-01 -9.690451605190412640e-03 -4.976563319720082745e+01 9.589083136424916276e-01 2.835783555546003143e-01 8.840943862215571922e-03 7.229396258856573354e+01 -5.729370665633429574e-03 -1.180006154490528640e-02 9.999139627285286158e-01 -1.029003984080997913e+00 6.534391239241919105e-16 5.215208276937324951e-16 2.047583256160083346e-18 9.999999999998681055e-01
2.839138214769054147e-01 -9.588026107456724123e-01 -9.512917630311383890e-03 -4.951498281429703496e+01 9.588478566831353245e-01 2.839192550116105274e-01 8.027253111168334773e-04 7.312925216812007534e+01 1.931245362536604740e-03 -9.349345491301305419e-03 9.999544289768379501e-01 -1.021930961628507051e+00 6.656631198541062731e-16 5.305077009794742888e-16 2.347984753943770925e-18 9.999999999998649969e-01
2.833925507085359730e-01 -9.589613134774215286e-01 -9.047732133237064781e-03 -4.926192903043106242e+01 9.589648028126417367e-01 2.834536510830000244e-01 -6.366683151012876400e-03 7.397232576975615359e+01 8.670015544137019831e-03 -6.872186083331739692e-03 9.999388000718160141e-01 -1.019976655473956884e+00 6.775251237775104169e-16 5.381390991783610054e-16 2.552453175309261087e-18 9.999999999998618883e-01
2.835252079783641688e-01 -9.589176978299421839e-01 -9.502906373496374653e-03 -4.900927072306480170e+01 9.589302314349928968e-01 2.835851920603417176e-01 -5.678915763428302871e-03 7.483130153926886408e+01 8.140496359055525433e-03 -7.502508435123306924e-03 9.999387204655968420e-01 -1.018476400279510585e+00 6.878052012691823406e-16 5.471134953922373124e-16 2.647081589512031639e-18 9.999999999998587796e-01
2.839582717656708999e-01 -9.588023084858157130e-01 -8.113762279364260949e-03 -4.875673615548311801e+01 9.588343239929855155e-01 2.839660135659314855e-01 2.056027871821656031e-04 7.568663599382902873e+01 2.106900302470665794e-03 -7.838136382291145676e-03 9.999670617522045113e-01 -1.011367705102315773e+00 6.990947281849939791e-16 5.543985070254510277e-16 2.736452924283474274e-18 9.999999999998557820e-01
2.834873660419892083e-01 -9.589482673621636533e-01 -7.289294745651898715e-03 -4.850823737328170182e+01 9.589619538901944518e-01 2.834339349221479676e-01 7.561449977764086311e-03 7.654478979718517451e+01 -5.185005862395333440e-03 -9.133731869424671981e-03 9.999448438071556478e-01 -1.009377194292287117e+00 7.105012897410876395e-16 5.642561059164730933e-16 2.911193090993125475e-18 9.999999999998525624e-01
2.834958495214013885e-01 -9.589461231995265456e-01 -7.241277853781657309e-03 -4.825416585648142842e+01 9.589289992954583841e-01 2.834019086071701832e-01 1.176998335352105740e-02 7.740005223448555682e+01 -9.234587942505773778e-03 -1.028061275560432190e-02 9.999045111344765369e-01 -1.014040727336430692e+00 7.204093470842455767e-16 5.768100560337034993e-16 3.227322259831000766e-18 9.999999999998494538e-01
2.832922417583292329e-01 -9.590080171007006049e-01 -7.009200835358624440e-03 -4.800560311675317848e+01 9.589903789459017780e-01 2.832024878134093981e-01 1.156736727225234421e-02 7.825069369291539090e+01 -9.108174836722143092e-03 -9.998701571004818545e-03 9.999085293756703186e-01 -1.024436953797328353e+00 7.312385807237345065e-16 5.864964710247472856e-16 3.575763117031538394e-18 9.999999999998461231e-01
2.839773434087494719e-01 -9.587795226014047545e-01 -9.934559424998625626e-03 -4.776032189572381981e+01 9.588090680843652791e-01 2.838855440538575192e-01 9.704062889154431784e-03 7.909535238092936993e+01 -6.483778976898894181e-03 -1.228107966364329687e-02 9.999035631962988058e-01 -1.035005676943516528e+00 7.417051065878102274e-16 5.946639480997510892e-16 3.893621905467360208e-18 9.999999999998427924e-01
2.842065688192337847e-01 -9.586784101669940661e-01 -1.274096228426274506e-02 -4.751063829900264324e+01 9.587556743229136424e-01 2.841270808491568878e-01 7.704471550484304036e-03 7.995130469633839709e+01 -3.766058116202131330e-03 -1.440513131029788098e-02 9.998891483551475279e-01 -1.042093841286832800e+00 7.516111636069599809e-16 6.029312861275369202e-16 4.191927724992345042e-18 9.999999999998393507e-01
2.832841547354392753e-01 -9.589503617692757276e-01 -1.281761829117532107e-02 -4.725811880651768604e+01 9.590314865794771215e-01 2.832164192294809868e-01 6.860585114177445050e-03 8.080503599064704190e+01 -2.948800621757275992e-03 -1.423599457925279511e-02 9.998943149320432822e-01 -1.045739011225673920e+00 7.617077606117639148e-16 6.118604665243374846e-16 4.479926311381083141e-18 9.999999999998359090e-01
2.825232304826686969e-01 -9.591808897335639683e-01 -1.235495883559400640e-02 -4.700467593447331893e+01 9.592511307447230129e-01 2.824402556463420644e-01 8.047990775255720389e-03 8.166422178481411720e+01 -4.229941220397651601e-03 -1.412525258606637732e-02 9.998912865091100777e-01 -1.048668569937552864e+00 7.713341984080074845e-16 6.236656571897059295e-16 4.785575638141008218e-18 9.999999999998326894e-01
2.825063594495462183e-01 -9.591680012928802679e-01 -1.367121672188208355e-02 -4.675760896916195719e+01 9.592337897395860624e-01 2.823526072015071220e-01 1.214667972992422400e-02 8.251848938063423589e+01 -7.790602833901492767e-03 -1.654540729638072707e-02 9.998327640186019938e-01 -1.048999947424885448e+00 7.812810758408365347e-16 6.338941834329695895e-16 5.042141939644260452e-18 9.999999999998290257e-01
2.819408807646244797e-01 -9.593409775819942142e-01 -1.319956385534472830e-02 -4.650659726527798199e+01 9.593855855503387042e-01 2.817656216954163573e-01 1.369060513440261209e-02 8.337099718544311600e+01 -9.414775197563597653e-03 -1.652341256816122067e-02 9.998191530698357088e-01 -1.056322164169457789e+00 7.918845416736710928e-16 6.440195506192796173e-16 5.323965911006431893e-18 9.999999999998252509e-01
2.812639321585647112e-01 -9.595589529989608790e-01 -1.171393130114610666e-02 -4.625421367025354868e+01 9.595898365922942430e-01 2.811187709218251340e-01 1.263258264537247752e-02 8.422527112566979213e+01 -8.828701806873260477e-03 -1.479365929127388242e-02 9.998515898219024756e-01 -1.065025502662829471e+00 8.016833023713356423e-16 6.535770520903949208e-16 5.605805594471455447e-18 9.999999999998216982e-01
2.805521302064953315e-01 -9.597409927889607451e-01 -1.370142318713949738e-02 -4.601244219070111541e+01 9.598108877985372933e-01 2.804065482723926417e-01 1.162872948607398225e-02 8.508126425922459646e+01 -7.318599599562779917e-03 -1.641323998226319053e-02 9.998385087869927634e-01 -1.078466149092909054e+00 8.104726179500031945e-16 6.617500619491107640e-16 5.880861074508601029e-18 9.999999999998181455e-01
2.798403849475579741e-01 -9.599545355691789794e-01 -1.329092144539505138e-02 -4.576671839571912415e+01 9.600222993454516907e-01 2.797081230945284713e-01 1.097955529701902938e-02 8.593642576014148915e+01 -6.822295214267961802e-03 -1.583210394729702916e-02 9.998513893438503164e-01 -1.092511813368870266e+00 8.187384512376453049e-16 6.675174286702245846e-16 6.106563226128975939e-18 9.999999999998148148e-01
2.783630733436783244e-01 -9.604341344481391873e-01 -8.959508124144486066e-03 -4.551439905957847287e+01 9.604603218185439051e-01 2.782932725735574597e-01 8.296062477458177042e-03 8.677531465995376436e+01 -5.474450748399748920e-03 -1.091456950412680177e-02 9.999254485019193339e-01 -1.092272440156212721e+00 8.248810932065667439e-16 6.748471667729473603e-16 6.341884073949563301e-18 9.999999999998112621e-01
2.770661692258411524e-01 -9.607498054894297868e-01 -1.393374044751099182e-02 -4.527549976899726403e+01 9.608502933777703925e-01 2.770214007730142369e-01 5.085000464142996716e-03 8.762669346946921678e+01 -1.025468910115857109e-03 -1.479712019595123829e-02 9.998899907728082681e-01 -1.094087328860857244e+00 8.314865400484216231e-16 6.821028121392427325e-16 6.480329738906201155e-18 9.999999999998074873e-01
2.763415282073164447e-01 -9.608153507339359800e-01 -2.166152308576786353e-02 -4.504187826203619238e+01 9.610507791113287457e-01 2.763648310736077085e-01 1.969800821253931463e-03 8.847880211861902922e+01 4.093868301390507676e-03 -2.136216140752355414e-02 9.997634211665075155e-01 -1.105541041224072929e+00 8.370317810642494766e-16 6.871137893506828152e-16 6.559974910835057685e-18 9.999999999998033795e-01
2.751347458702556592e-01 -9.611364799098645051e-01 -2.274947475702123953e-02 -4.480586756959728945e+01 9.613914610434255437e-01 2.751823119362556413e-01 1.074164939075774889e-03 8.932635683312740582e+01 5.227833950529761110e-03 -2.216669087215755729e-02 9.997406201451448648e-01 -1.108156637341067619e+00 8.414263088429893672e-16 6.958243378621303874e-16 6.766581253340786817e-18 9.999999999997991607e-01
2.738990619538917426e-01 -9.615200799482712668e-01 -2.141120541664825669e-02 -4.456337356124634397e+01 9.617557014764277490e-01 2.738835596605446177e-01 3.710313378083021727e-03 9.018489708499917867e+01 2.296636340150068605e-03 -2.160860023875512195e-02 9.997638690498288350e-01 -1.093878727822521268e+00 8.460351550127074865e-16 7.060437864476758613e-16 7.001531303654814957e-18 9.999999999997949418e-01
2.732356485427199222e-01 -9.617690163221452870e-01 -1.851052696514948401e-02 -4.432694828886275218e+01 9.619451451851247503e-01 2.731454055657994706e-01 7.288694888213733541e-03 9.103365768887714182e+01 -1.953975517834287325e-03 -1.979764282375341689e-02 9.998020980766871846e-01 -1.085527037709493881e+00 8.519422033754838406e-16 7.175839177518203769e-16 7.260513892537618960e-18 9.999999999997905009e-01
2.723371226773623754e-01 -9.620060945906390160e-01 -1.941045034630336022e-02 -4.409510554332948828e+01 9.621925424925518167e-01 2.721901007168949782e-01 9.902537228105129721e-03 9.189018685013600418e+01 -4.242968730684573350e-03 -2.137341906554075799e-02 9.997625588978874545e-01 -1.089355249952808302e+00 8.611446224137630892e-16 7.245697347004058201e-16 7.401322572707266461e-18 9.999999999997858380e-01
2.714129166414228078e-01 -9.623012655014001604e-01 -1.764378346538840112e-02 -4.386182833714214979e+01 9.624491349626747017e-01 2.712649948362011454e-01 1.034239750842045648e-02 9.274250990475333367e+01 -5.166361380100203439e-03 -1.978830440655520925e-02 9.997908439864119368e-01 -1.097155263184202756e+00 8.711546673794197641e-16 7.284048341933059872e-16 7.549144726098716606e-18 9.999999999997808420e-01
2.698717512279668052e-01 -9.627920473291650127e-01 -1.416726823517152137e-02 -4.362575549581297452e+01 9.628749148488101595e-01 2.697385498287599437e-01 1.063076155692519766e-02 9.359998749739172297e+01 -6.413754295329326775e-03 -1.651024943383338703e-02 9.998431254050487160e-01 -1.110938030323734838e+00 8.837359065534372074e-16 7.285991697388278738e-16 7.669032236409379364e-18 9.999999999997756239e-01
2.689931243331579180e-01 -9.630360864340991034e-01 -1.428969165420403663e-02 -4.340019579583866260e+01 9.631052016183920816e-01 2.688233510103222867e-01 1.274270643471821403e-02 9.445151975180996828e+01 -8.430283340141987714e-03 -1.719017677801965710e-02 9.998166972727628998e-01 -1.115705431243645407e+00 8.959280877812313730e-16 7.280632657593892052e-16 7.806209091559195998e-18 9.999999999997702949e-01
2.686107479646602791e-01 -9.630625828161738511e-01 -1.894010711976192723e-02 -4.318485458866518201e+01 9.632118148423445270e-01 2.683761793463504408e-01 1.404372129006587963e-02 9.529788317511101070e+01 -8.441908912809296603e-03 -2.201562943206360895e-02 9.997219844711298098e-01 -1.113678526309697547e+00 9.078912351990262749e-16 7.281062645781812772e-16 7.919583904175900207e-18 9.999999999997650768e-01
2.682369005740981027e-01 -9.630641772420197588e-01 -2.358719321932335050e-02 -4.296662763539642782e+01 9.633253094253938498e-01 2.679632067039317556e-01 1.414454218110050045e-02 9.615139222988948120e+01 -7.301601945972744159e-03 -2.651622836117661919e-02 9.996217165722255382e-01 -1.119614105261213854e+00 9.193861918726765401e-16 7.289126754233876206e-16 8.065793297958578103e-18 9.999999999997599698e-01
2.687225006966043050e-01 -9.628594372578913596e-01 -2.626636067679950434e-02 -4.273749013137154407e+01 9.632040583776393383e-01 2.684739822214764482e-01 1.263577441563041789e-02 9.699613121420020434e+01 -5.114640193848588381e-03 -2.869538210190803601e-02 9.995751174884263124e-01 -1.127928915660746378e+00 9.300277293910173891e-16 7.302972763315708325e-16 8.219156831396752131e-18 9.999999999997548628e-01
2.702187794616715544e-01 -9.623945068084303056e-01 -2.790384367137698982e-02 -4.250381759307333596e+01 9.627864079434479416e-01 2.699538423572045431e-01 1.293273660236630984e-02 9.784100574018054886e+01 -4.913644848558684254e-03 -3.036010971596867294e-02 9.995269480272311879e-01 -1.141820689034585889e+00 9.402668619587899117e-16 7.292314247089761551e-16 8.306569641993305510e-18 9.999999999997495337e-01
2.714391106587133451e-01 -9.620771795094159584e-01 -2.698721683423841583e-02 -4.226317206942628246e+01 9.624236425262235883e-01 2.710948185307337499e-01 1.575854283974672740e-02 9.869524993758544440e+01 -7.844839798178493070e-03 -3.025062038094779304e-02 9.995115599408602725e-01 -1.152422918019555986e+00 9.477232250142032004e-16 7.328305589748305015e-16 8.515157640048651169e-18 9.999999999997442046e-01
