1.000000000000000000e+00 4.398956837314658088e-19 2.733407509747682871e-20 -8.673617379884035472e-19 -5.583667658079949532e-19 1.000000000000000000e+00 -6.100159232558060012e-19 0.000000000000000000e+00 4.145284534913582806e-20 -2.210423569125054137e-19 1.000000000000000222e+00 0.000000000000000000e+00
9.998991125035462391e-01 4.872735833489866102e-04 1.419603446792281481e-02 -4.807635499886914188e-02 -4.823349211084401256e-04 9.999998219667876054e-01 -3.513123743980186100e-04 -1.021519792566194518e-02 -1.419620337197213984e-02 3.444297041758158482e-04 9.998991694973519140e-01 1.829167995090369425e-02
9.992608262611848424e-01 4.494882699969122986e-03 3.817849066099747446e-02 6.502094507711345117e-02 -4.459847006720613939e-03 9.999895520286177231e-01 -1.002799533131698475e-03 6.753500218915492459e-03 -3.818259990185308289e-02 8.317881026482301654e-04 9.992704324480140565e-01 3.287108192697552611e-01
9.979629948703567788e-01 5.358681685500629038e-03 6.357000400265677698e-02 4.230716288435412697e-02 -5.395018642055412865e-03 9.999853667997735673e-01 3.999628798011136527e-04 8.640540569974902718e-03 -6.356693159682773320e-02 -7.421094615905327431e-04 9.979773015764759059e-01 4.320650597189487629e-01
9.953008582269692317e-01 5.074001797841159317e-03 9.669775634422923816e-02 1.045085735186000869e-01 -5.314977106157446791e-03 9.999833785888603277e-01 2.234630596039448303e-03 5.149770855999297181e-03 -9.668481224351048453e-02 -2.738076050024378181e-03 9.953112829903295600e-01 5.952789216143851148e-01
9.908335283545228744e-01 1.852031556051934608e-03 1.350758636329759677e-01 2.115852688773156021e-01 -2.505010984873552293e-03 9.999859842091078921e-01 4.664365851432371833e-03 9.281960244490045087e-03 -1.350653342194961526e-01 -4.959976517257829939e-03 9.908242802097066981e-01 8.030960152802359975e-01
9.846931665926812460e-01 -1.478990911338225493e-03 1.742905045300057465e-01 2.517177662568520491e-01 5.771974364723056689e-04 9.999861848045834556e-01 5.224656991767105338e-03 -4.675035019352874466e-03 -1.742958269060302934e-01 -5.044083887612636589e-03 9.846804162902437207e-01 9.776066934530578401e-01
9.758420475915250414e-01 -1.757596924402625568e-03 2.184701546701933450e-01 3.399411995996250435e-01 4.660277707777915157e-04 9.999821109678967979e-01 5.963267549538289400e-03 -2.033283279756339934e-03 -2.184767312488654356e-01 -5.717393903343749931e-03 9.758254095052129040e-01 1.227136493490471381e+00
9.643180175126747633e-01 -1.627301190742299611e-03 2.647415950302703935e-01 4.266581261125360625e-01 -8.311005950145101918e-04 9.999575747451140417e-01 9.173765884272606919e-03 9.136468154841370648e-03 -2.647452963565394279e-01 -9.066454461280390453e-03 9.642757532541448295e-01 1.394714379182159458e+00
9.496072472486339899e-01 -5.519391316264563377e-03 3.133936997125326140e-01 5.760459408184785968e-01 4.908427522115223597e-04 9.998699099721963801e-01 1.612210280666203158e-02 2.283456961584802436e-02 -3.134419199248842380e-01 -1.515583848010998262e-02 9.494864215318218337e-01 1.670780226295587978e+00
9.325837251522799409e-01 -1.516705287600156153e-02 3.606349322153489800e-01 6.916874515578755878e-01 6.849049163902093569e-03 9.996804761046820254e-01 2.433179397521560358e-02 2.550766737143550511e-04 -3.608887485722728772e-01 -2.022142851829375476e-02 9.323896217566008948e-01 1.875992398281032481e+00
9.116124137882136713e-01 -2.099686258458564533e-02 4.105142341381944893e-01 8.595623186914405078e-01 9.803769832797069525e-03 9.995210473704101428e-01 2.935237519492827490e-02 -8.307450033946672807e-04 -4.109339321481507157e-01 -2.273340234199716300e-02 9.113816424621565826e-01 2.105098948758413968e+00
8.864380146541116501e-01 -2.281713189649353657e-02 4.622845677487562588e-01 1.046288701830803802e+00 8.363903242389348833e-03 9.994107259774920315e-01 3.329032730387158218e-02 1.347948248838090612e-03 -4.627717532394242661e-01 -2.564330802689438263e-02 8.861064993996395911e-01 2.339955148448288558e+00
8.583341201856656832e-01 -2.500735338290464155e-02 5.124813816221999163e-01 1.211709452977573820e+00 6.612611462888638887e-03 9.992677631495429091e-01 3.768568517687860553e-02 2.488427048651442597e-02 -5.130485519723247956e-01 -2.895806893027697004e-02 8.578709795114372039e-01 2.558953903665858398e+00
8.261508151802821054e-01 -3.020542830210183952e-02 5.626388343261434777e-01 1.447584502315105270e+00 7.570397901044706272e-03 9.990669679004495762e-01 4.251920374594642810e-02 2.176490049113551095e-02 -5.633981947196886608e-01 -3.086787470806420450e-02 8.256086562787459115e-01 2.773867870627228616e+00
7.903970843769971832e-01 -3.591979915995113098e-02 6.115408500555277183e-01 1.667430100744698551e+00 9.841205374756026997e-03 9.988951621822717009e-01 4.595220995545488962e-02 2.558768923991759647e-02 -6.125158013268066082e-01 -3.030219333358671885e-02 7.898773170562645163e-01 2.982233336397606571e+00
7.529225035754899542e-01 -4.038565436637859413e-02 6.568688573856710233e-01 1.950356337695659636e+00 1.106995291683429868e-02 9.987512955579923579e-01 4.871658560381653819e-02 3.690098995834348999e-02 -6.580160848792053763e-01 -2.940830588187142228e-02 7.524293922781173372e-01 3.195909151842005969e+00
7.128850422661563435e-01 -4.372098428575062201e-02 6.999166981243190033e-01 2.237270289909893961e+00 1.195770909672204570e-02 9.986674242165261006e-01 5.020347545817889501e-02 4.509699679809821976e-02 -7.011789635580705227e-01 -2.741990599824400965e-02 7.124578707583358872e-01 3.402083269917789199e+00
6.707901354563817753e-01 -4.543953830343835237e-02 7.402538981923980632e-01 2.540926817606072863e+00 1.116881370496576945e-02 9.986270573013926732e-01 5.117868669997622383e-02 5.804825138897596465e-02 -7.415631207174838702e-01 -2.606239978764095591e-02 6.703766837434346204e-01 3.627226063944755996e+00
6.281794985251532015e-01 -4.582004906344518125e-02 7.767181155473679155e-01 2.879960036003674340e+00 7.013397620863531801e-03 9.985574043513875120e-01 5.323459795625523627e-02 8.180499387953750479e-02 -7.780368507093211594e-01 -2.799344953089666702e-02 6.275946426540036649e-01 3.859107429892840724e+00
5.866827991444376611e-01 -4.670419977919489096e-02 8.084689235218813774e-01 3.211437601363539507e+00 4.204156247651620257e-03 9.984977565551541590e-01 5.463108252962776967e-02 9.851526245248230784e-02 -8.098059213690232960e-01 -2.865218618079505564e-02 5.859978093810092048e-01 4.041245558434012786e+00
5.460781334140230037e-01 -4.766340407574973237e-02 8.363772239164557476e-01 3.603370481677398818e+00 2.050775539933625494e-03 9.984531991363737591e-01 5.556080822293524291e-02 1.199244477893919858e-01 -8.377317466363642939e-01 -2.862531989923610548e-02 5.453312050622673990e-01 4.255710222177718549e+00
5.070461030112203282e-01 -5.034123592759363192e-02 8.604475563422852025e-01 4.025554677092534561e+00 1.110693606283804898e-03 9.983302458322411699e-01 5.775367149809719491e-02 1.309905366400163640e-01 -8.619182265497815632e-01 -2.832807984408642829e-02 5.062553731560529569e-01 4.458257955339545830e+00
4.709455106681775249e-01 -5.023889652051800186e-02 8.807305867528406607e-01 4.437836174120974420e+00 -1.638683246182648422e-03 9.983255045603622868e-01 5.782301982391258033e-02 1.572043557682111237e-01 -8.821607873600002536e-01 -2.867472941274159040e-02 4.700745876915040644e-01 4.632676486986562203e+00
4.342160714808686595e-01 -4.961030626760139922e-02 8.994416086382600595e-01 4.878575021782489252e+00 -2.805066334181679014e-03 9.984030200110146636e-01 5.642287833545314713e-02 1.814519033656113722e-01 -9.008043902359516020e-01 -2.702271326903717477e-02 4.333834756486218964e-01 4.827992036287357180e+00
4.006303247533370970e-01 -4.835926119868180079e-02 9.149626827308209309e-01 5.381254700958919557e+00 -1.420732018362477408e-03 9.985721684305974843e-01 5.340042997441789285e-02 1.970898149819336476e-01 -9.162386913130420307e-01 -2.269374764548211590e-02 3.999895852994599932e-01 5.020674581523937086e+00
3.713967149562105163e-01 -4.655544084074662164e-02 9.273063445625319146e-01 5.896180734970072557e+00 3.387879773777047643e-04 9.987488336322827287e-01 5.000652464196689295e-02 2.202137297758730572e-01 -9.284742219111007389e-01 -1.825809794752497606e-02 3.709478070051680509e-01 5.205398211005774378e+00
3.453506700800942908e-01 -4.469821817992758461e-02 9.374086458035894021e-01 6.446154749886506607e+00 1.236183408195243739e-03 9.988859126970255353e-01 4.717420093072385162e-02 2.397405076680749758e-01 -9.384729096949422367e-01 -1.513283205787002532e-02 3.450211731685866590e-01 5.383618097157544469e+00
3.247897958710725397e-01 -4.415077590779024203e-02 9.447551441937260819e-01 7.013800628368824341e+00 2.452294188780084708e-03 9.989457761096791621e-01 4.584018556427930935e-02 2.658358976147223718e-01 -9.457830568750585920e-01 -1.257160610070241422e-02 3.245556640788331282e-01 5.555198110216112539e+00
3.103674199242077436e-01 -4.476440569215753285e-02 9.495621082649363665e-01 7.616094200564155869e+00 3.563064039006958155e-03 9.989384205779975323e-01 4.592751280546166631e-02 2.967274574027758405e-01 -9.506100069359593174e-01 -1.087105216868299723e-02 3.101974373738827229e-01 5.726198790229764413e+00
2.979144135883025069e-01 -4.628831408770198858e-02 9.534696528104522617e-01 8.244284316524023382e+00 4.690148035804298648e-03 9.988825823667600856e-01 4.702753573517622770e-02 3.159843454858745071e-01 -9.545810708717730186e-01 -9.538266009906188822e-03 2.977986164809825476e-01 5.932953341139334036e+00
2.868498170915507184e-01 -4.801925319964116257e-02 9.567712988526868578e-01 8.850605359138651096e+00 3.401018855710852013e-03 9.987876667968444977e-01 4.910834640685399211e-02 3.433414808671785834e-01 -9.579695359364950313e-01 -1.083272206104493596e-02 2.866653725814193310e-01 6.124716651033830672e+00
2.780436523689055472e-01 -4.970111202613920059e-02 9.592817684587054972e-01 9.529250781462314634e+00 1.756425568655993648e-03 9.986851552961121259e-01 5.123353903856752573e-02 3.703998156865941915e-01 -9.605668423896827068e-01 -1.256025240834073020e-02 2.777653631077895979e-01 6.290144624690912956e+00
2.664527694813167424e-01 -5.139842877313510056e-02 9.624765490597447792e-01 1.022010238332684118e+01 7.919557648374160597e-04 9.985884793612416210e-01 5.310764214865065086e-02 4.032833495839376337e-01 -9.638476595854146289e-01 -1.338843859768988794e-02 2.661173698343449745e-01 6.494137092091726515e+00
2.565546253453988568e-01 -5.322467635319355628e-02 9.650631286478328352e-01 1.092782109318567052e+01 -2.407649036104458006e-04 9.984790665619610595e-01 5.513162096949676683e-02 4.255459514066211035e-01 -9.665297112709657634e-01 -1.437662481604989537e-02 2.561516068540082847e-01 6.683334576040699915e+00
2.461789730024044331e-01 -5.484817935225612395e-02 9.676712120374360016e-01 1.169696953210142887e+01 -1.286774715800596445e-04 9.983956569198884079e-01 5.662239525557394293e-02 4.619495437398758453e-01 -9.692243874842312312e-01 -1.406375971263703652e-02 2.457769583930123070e-01 6.881065114454467668e+00
2.351937441692389108e-01 -5.626304184839934358e-02 9.703186882947513192e-01 1.243841633983074502e+01 -8.743838220781664523e-04 9.983104981099309994e-01 5.809806171256115537e-02 4.886455801095309637e-01 -9.719481235305269529e-01 -1.451273074071697707e-02 2.347471870442436603e-01 7.049907149963648756e+00
2.255495206753742321e-01 -5.940845864502702911e-02 9.724186509461161254e-01 1.318086805819694085e+01 -1.796250801504181488e-03 9.981119444195054591e-01 6.139478679679395007e-02 5.239220821193916189e-01 -9.742300569928999954e-01 -1.559427163401985207e-02 2.250169567939961368e-01 7.220200386578368601e+00
2.146155555061493581e-01 -6.271810776858766090e-02 9.746828130951121771e-01 1.397898840563949463e+01 -3.845101005631528738e-03 9.978741375378503697e-01 6.505705792346451466e-02 5.650377854482805384e-01 -9.766910439560297919e-01 -1.771000962322206301e-02 2.139181535322115801e-01 7.390792073493512859e+00
2.011941045018740271e-01 -6.641948676038129940e-02 9.772969701340580295e-01 1.474766634082115324e+01 -3.962191553196560065e-03 9.976351798759223177e-01 6.861740931727522419e-02 6.054195313619545882e-01 -9.795433886468525309e-01 -1.767765514650900677e-02 2.004551485403838484e-01 7.565534335175187586e+00
1.880071897802447489e-01 -6.879750144066305861e-02 9.797551653468640209e-01 1.554019291396307878e+01 -5.018108448236736213e-03 9.974634157033890336e-01 7.100389333450449203e-02 6.434893384891011703e-01 -9.821548412240249659e-01 -1.826575924729969408e-02 1.871850590036458761e-01 7.710069026987827812e+00
1.741635372599599496e-01 -6.957225231289172751e-02 9.822559480751617000e-01 1.633086982559640532e+01 -6.083445203639438470e-03 9.974059675418170956e-01 7.172396778628857550e-02 6.779325774023599038e-01 -9.846979592814473214e-01 -1.846719929513453151e-02 1.732885110350364799e-01 7.852311991167665539e+00
1.603387306470491769e-01 -6.899177471446121812e-02 9.846479624244840467e-01 1.713419257302280840e+01 -7.098301273660259821e-03 9.974478891503328892e-01 7.104451069629882931e-02 7.200516788849015137e-01 -9.870365356279585667e-01 -1.838051366934656539e-02 1.594398026556130277e-01 7.990295081838564073e+00
1.434426040854610562e-01 -6.800956761059605282e-02 9.873190474013605611e-01 1.791700500622889436e+01 -8.061210996641737098e-03 9.975225814624993914e-01 6.988359109778310985e-02 7.624083197421258618e-01 -9.896258148246646069e-01 -1.798327056394882772e-02 1.425389958658732914e-01 8.115803887113607118e+00
1.229842141169769643e-01 -6.650452322210215206e-02 9.901777692195777858e-01 1.874994040848144294e+01 -1.038815894265403272e-02 9.976111522594723890e-01 6.829403343751837274e-02 7.903001271741394440e-01 -9.923542645925562677e-01 -1.868521119407423950e-02 1.219995626144504547e-01 8.199463457935451061e+00
9.697558419990244538e-02 -6.514170765037763378e-02 9.931526957326130001e-01 1.957834325134755460e+01 -1.499529144932036651e-02 9.976469508442951106e-01 6.690069265973519474e-02 8.352027494744137526e-01 -9.951738011972700582e-01 -2.138034701534661380e-02 9.577057560484544818e-02 8.269247521803086087e+00
6.774755357241683817e-02 -6.460210818968635527e-02 9.956087683029257729e-01 2.042209691148466888e+01 -1.869446358744672465e-02 9.976440699096212894e-01 6.600626324117822574e-02 8.750385002900722409e-01 -9.975273446602064276e-01 -2.308413386729885053e-02 6.638024192308213112e-02 8.353197579530680983e+00
3.537313308069571505e-02 -6.429515345898510759e-02 9.973037939914444205e-01 2.127326663761264669e+01 -2.212146364793551173e-02 9.976334482711171070e-01 6.510102708042955766e-02 9.171728365465824373e-01 -9.991293207807043775e-01 -2.436464607228875159e-02 3.386711643909127989e-02 8.354704868958638286e+00
1.105027591242836119e-03 -6.359204065189832944e-02 9.979753574197405275e-01 2.212219988747850863e+01 -2.349528278873448672e-02 9.976988304276965813e-01 6.360043588780239787e-02 9.472866447240174681e-01 -9.997233456896781334e-01 -2.351799261674048652e-02 -3.916296363663765326e-04 8.356209701422566027e+00
-3.310567453530868093e-02 -6.273178723239200560e-02 9.974811877360777457e-01 2.294545218556470445e+01 -2.461363374524649233e-02 9.977767359599242214e-01 6.193346600170625271e-02 9.776716200795607659e-01 -9.991487379754915299e-01 -2.250128658410397581e-02 -3.457613050775736052e-02 8.315958934006255632e+00
-6.613891337368464629e-02 -6.089895763007090873e-02 9.959502717530841487e-01 2.377050992039715638e+01 -2.674043164116502586e-02 9.978854605535002475e-01 5.924151365250943796e-02 1.011462164506423234e+00 -9.974520593002128566e-01 -2.271396995123720758e-02 -6.762752583696969577e-02 8.244091822298917904e+00
-9.803268010524694709e-02 -5.777949129802355949e-02 9.935044573446681904e-01 2.460555673119140252e+01 -2.897488221457324500e-02 9.980556391350918766e-01 5.518511945990541706e-02 1.046130357835829194e+00 -9.947613114949753754e-01 -2.337672860704406719e-02 -9.951622454113406846e-02 8.166449955057288435e+00
-1.315496913013471658e-01 -5.335019246485907252e-02 9.898729304858437938e-01 2.545670758293549696e+01 -2.624474173214610268e-02 9.983881900631621509e-01 5.032132244088435846e-02 1.075006767569264277e+00 -9.909621128416928881e-01 -1.935920407985210895e-02 -1.327378216078247686e-01 8.034587342151970901e+00
-1.630404109114944877e-01 -4.785058019780207700e-02 9.854583346447500780e-01 2.629785205799985803e+01 -2.267514625131586067e-02 9.987411123785507883e-01 4.474402981619132053e-02 1.088154925156586739e+00 -9.863587982006983834e-01 -1.505032592536334479e-02 -1.639201816388104749e-01 7.876800320021702717e+00
-1.937226653607677929e-01 -4.180888808486325769e-02 9.801650518563550518e-01 2.711792407804661664e+01 -1.652381759937533723e-02 9.990888448773092012e-01 3.935026687351146635e-02 1.102416375335167675e+00 -9.809171773307598929e-01 -8.573028969065546456e-03 -1.942369977745143361e-01 7.698390173177911855e+00
-2.230196227792224095e-01 -3.599836610508515278e-02 9.741490382579118812e-01 2.791821533771936359e+01 -9.804911973862042579e-03 9.993501986850645835e-01 3.468492596779655657e-02 1.117635106696688974e+00 -9.747646524726869544e-01 -1.816025424973890037e-03 -2.232276665105292213e-01 7.491645776964973358e+00
-2.496343764082485650e-01 -2.940483153016006795e-02 9.678935981930568699e-01 2.876046331814213630e+01 -1.787919118024708506e-03 9.995511325308871209e-01 2.990546421971606098e-02 1.135413969958587899e+00 -9.683385241526261122e-01 5.734917543985531933e-03 -2.495748984749366073e-01 7.285503287576903908e+00
-2.778927834059591317e-01 -1.922280108702483989e-02 9.604197355813124393e-01 2.955081805701722075e+01 4.314471406700054121e-03 9.997646996049156520e-01 2.125866280004090267e-02 1.134658373204927573e+00 -9.606024161259529848e-01 1.005133359365896831e-02 -2.777444602462453838e-01 7.029070805063759586e+00
-3.011726246054764466e-01 -4.580743247410411570e-03 9.535586247475573707e-01 3.030118877290214741e+01 9.068294834853480799e-03 9.999294841742888407e-01 7.667639112615957757e-03 1.121135411994217845e+00 -9.535265237792250881e-01 1.095643487063976095e-02 -3.011098489782392251e-01 6.746065823974983111e+00
-3.259630308759531858e-01 1.255814560860186828e-02 9.452990953024785759e-01 3.111681003748165608e+01 1.068541190046630798e-02 9.998968365389129254e-01 -9.598866296461781508e-03 1.101862667846751354e+00 -9.453221353102397861e-01 6.972035720892236221e-03 -3.260635936892714026e-01 6.484477137267297131e+00
-3.527627044220789654e-01 2.736439744043097852e-02 9.353125940119423332e-01 3.192047808249523300e+01 9.105139925793306541e-03 9.996253510681781806e-01 -2.581189476889161546e-02 1.066276793124607325e+00 -9.356685232944198516e-01 -5.893207787116441602e-04 -3.528797002357169643e-01 6.212287438128440087e+00
-3.762068486011804769e-01 3.768284862068527197e-02 9.257690827976223780e-01 3.264056765385046077e+01 1.299516193894889766e-02 9.992889228642825028e-01 -3.539455296436469500e-02 1.034697510744964966e+00 -9.264445731901496117e-01 -1.285153115690985471e-03 -3.764290325371000279e-01 5.859494017114591280e+00
-3.999755863007525836e-01 4.289462528539864095e-02 9.155214724222980882e-01 3.342708851437225803e+01 1.670630782505551706e-02 9.990794726789649083e-01 -3.951084047181351727e-02 9.903770672500078476e-01 -9.163735284556323579e-01 -5.083870839076836540e-04 -4.003240099502358706e-01 5.500264718524684682e+00
-4.223898660120506965e-01 4.234419257838393374e-02 9.054246273014402435e-01 3.416921900370827814e+01 1.849252652245871043e-02 9.991028702249274973e-01 -3.809830879969231671e-02 9.361183164516302391e-01 -9.062256017240863937e-01 6.512503495995925753e-04 -4.227939798670107274e-01 5.142701779034986487e+00
-4.428175040522253636e-01 3.870968231486355410e-02 8.957757555111236503e-01 3.489990485839885537e+01 2.274894962533126688e-02 9.992310361721551404e-01 -3.193464575860365667e-02 8.947014701224391686e-01 -8.963231318729406594e-01 6.236738421328516697e-03 -4.433575992845975033e-01 4.758661346248723945e+00
-4.611415468726611233e-01 3.749779644544784518e-02 8.865339107110243866e-01 3.562904273300259206e+01 3.000324129694268566e-02 9.991942951396550754e-01 -2.665644428340042255e-02 8.591937362397249478e-01 -8.868191993178078381e-01 1.430649796941370691e-02 -4.618950595713582907e-01 4.379762517562520330e+00
-4.753096792629206147e-01 3.839996959188296533e-02 8.789801688233422894e-01 3.635695099726043367e+01 3.388775498921764440e-02 9.991047821570009368e-01 -2.532299898718652978e-02 8.155760718792828268e-01 -8.791657077198021808e-01 1.775039917972379144e-02 -4.761854635572247973e-01 3.991742808777191787e+00
-4.865353800451770461e-01 4.167768105484401936e-02 8.726661911060827892e-01 3.704365235841619608e+01 3.626930480801170836e-02 9.989639259059412968e-01 -2.748840134324894227e-02 7.637719638057280935e-01 -8.729077122247305143e-01 1.827691738926088064e-02 -4.875429150904017628e-01 3.579396872541252606e+00
-4.963348456787620155e-01 4.424250183869134212e-02 8.670030613515343765e-01 3.775253564698399344e+01 3.821562433651119056e-02 9.988459165632277426e-01 -2.909297096448228495e-02 7.194904121277461151e-01 -8.672896283312903076e-01 1.869320913783945395e-02 -4.974527899070007586e-01 3.195624984129479262e+00
-5.067112945039040639e-01 4.331109114258237247e-02 8.610271772565261106e-01 3.843304577837105285e+01 3.171263610731859389e-02 9.989977363984492431e-01 -3.158846826783513057e-02 6.664797475004036187e-01 -8.615323470101012848e-01 1.129920893252679519e-02 -5.075769463037448359e-01 2.797519438076390141e+00
-5.183179746351631589e-01 4.242871780059175729e-02 8.541348065970708614e-01 3.911698988431704294e+01 3.012868412853341935e-02 9.990544478355026792e-01 -3.134441897197243199e-02 6.489027889956255901e-01 -8.546570958935799656e-01 9.487583041376649456e-03 -5.191062005930597856e-01 2.387950551473193350e+00
-5.267814347253022556e-01 4.392374626739057458e-02 8.488651314886798138e-01 3.977713969262907057e+01 3.254791103351566128e-02 9.989738957779735751e-01 -3.149268146788152672e-02 6.072111645580594574e-01 -8.493773986577117796e-01 1.103902786926262876e-02 -5.276705294537045177e-01 1.937219239651545521e+00
-5.343443913733992856e-01 4.657574856540906694e-02 8.439826764257007952e-01 4.047676569002216951e+01 3.616710678881270014e-02 9.988261306673684725e-01 -3.222267868989062839e-02 5.589738985523439174e-01 -8.444927610569032961e-01 1.330640498559430666e-02 -5.354016521417833685e-01 1.508116518867053557e+00
-5.375334550787305155e-01 5.014116419245751716e-02 8.417503403274315676e-01 4.118372765901614940e+01 3.715986451962981219e-02 9.986693499231182880e-01 -3.575855043849083398e-02 5.235793607700853780e-01 -8.424232551157175841e-01 1.205791245691464550e-02 -5.386814262012186161e-01 1.035770584287899698e+00
-5.378879457794925045e-01 5.131416351347758975e-02 8.414531487452669989e-01 4.187132303463425131e+01 3.602949934198218518e-02 9.986330089474040328e-01 -3.786804133630352481e-02 4.775323680498189671e-01 -8.422460712744321842e-01 9.948373700407358786e-03 -5.390014825780896635e-01 6.391372102862046267e-01
-5.341198493388300550e-01 5.245942636896212818e-02 8.437795815181847736e-01 4.257871340301677776e+01 3.869393343897634119e-02 9.985439072406069316e-01 -3.758782730111894649e-02 4.332040816493695767e-01 -8.445228106689638414e-01 1.257274733087351652e-02 -5.353719840364399296e-01 1.595977716464619944e-01
-5.285977123734045824e-01 5.107005358066276507e-02 8.473348187463168868e-01 4.332999032901396674e+01 3.687641470338433314e-02 9.986278035306931367e-01 -3.718386733747366946e-02 3.877183720025669245e-01 -8.480711056889080890e-01 1.159136397306747071e-02 -5.297556541291214005e-01 -2.966766330670047025e-01
-5.213901527163072869e-01 5.019993023161548051e-02 8.518405147010832401e-01 4.408982580330081902e+01 3.481958483723596870e-02 9.986882504970149288e-01 -3.754164047529495035e-02 3.524554331456957179e-01 -8.526077158311858861e-01 1.008689241515976949e-02 -5.224541613739261958e-01 -7.454658033758249092e-01
-5.154368594887067667e-01 4.959030677888645600e-02 8.554914564628768314e-01 4.488251424065359885e+01 3.345973100956072671e-02 9.987274990304997324e-01 -3.773365899803485246e-02 3.059958149513820613e-01 -8.562740813127147632e-01 9.175196324438243678e-03 -5.164402451176394182e-01 -1.179133444318687163e+00
-5.082675076579670215e-01 4.811810573511722533e-02 8.598539266421234561e-01 4.567601204579323593e+01 3.032312324029048239e-02 9.988186804293955889e-01 -3.797040646045427015e-02 2.562851403992020827e-01 -8.606652433096132482e-01 6.774333713250621329e-03 -5.091261737671275434e-01 -1.679416417699634012e+00
-5.031749156536009515e-01 4.544205142276384196e-02 8.629889980362974722e-01 4.646890971417829519e+01 2.565018939855250729e-02 9.989618730323943652e-01 -3.764630078626901577e-02 2.044456992243917359e-01 -8.638038459782904077e-01 3.193157980471857636e-03 -5.038181546466486971e-01 -2.131343149038906759e+00
-5.023919870980269042e-01 4.311500523433402926e-02 8.635643427786692250e-01 4.731791794348639968e+01 2.117991038389029079e-02 9.990699481131174453e-01 -3.755862260101103245e-02 1.633803144875822788e-01 -8.643805383064823156e-01 -5.789347282292267279e-04 -5.028379096466966125e-01 -2.622599332439874420e+00
-5.025423613222244068e-01 4.081189492666437851e-02 8.635887625505108689e-01 4.816537836157633024e+01 1.871627220584868440e-02 9.991646554644704192e-01 -3.632757063275401238e-02 1.170859825797936349e-01 -8.643499803548543303e-01 -2.092979863205727837e-03 -5.028864130583731162e-01 -3.090284806859635580e+00
-5.033253485905833102e-01 3.945770017590862627e-02 8.631956150655273330e-01 4.904101624610117938e+01 1.723966365305978563e-02 9.992165906391595742e-01 -3.562301158080596886e-02 6.706193220152348311e-02 -8.639249966051183449e-01 -3.048761749503790287e-03 -5.036112774966234884e-01 -3.585344502627786589e+00
-5.035166130774654247e-01 3.890193927127422874e-02 8.631092897099715833e-01 4.989419298778592804e+01 1.728219800342545992e-02 9.992394276671331399e-01 -3.495556884636156353e-02 1.961670029539572951e-02 -8.638126870331739315e-01 -2.684283084967466638e-03 -5.038059645055702473e-01 -4.102817470088799823e+00
-5.038017387018492999e-01 3.801788323508370482e-02 8.629822913284409536e-01 5.075920686686760064e+01 1.685285880557362351e-02 9.992734705670576201e-01 -3.418350680856083179e-02 -3.465521153369689050e-02 -8.636549088141469710e-01 -2.677990551661192306e-03 -5.040764231442291798e-01 -4.587075189084765192e+00
-5.047561884127803600e-01 3.719413607664960597e-02 8.624603022901670135e-01 5.162932575666939528e+01 1.736354722257132249e-02 9.993066996888814169e-01 -3.293367807063129343e-02 -7.167886006027426871e-02 -8.630873129390621568e-01 -1.648106711362555326e-03 -5.050520641433627889e-01 -5.081348780211516036e+00
-5.050923557339214165e-01 3.680801849672621362e-02 8.622800406390629391e-01 5.253032789533629199e+01 1.702834872718624049e-02 9.993206891279567960e-01 -3.268326158129353926e-02 -1.323288499179481881e-01 -8.628973054672388621e-01 -1.824859438588448835e-03 -5.053760219947779353e-01 -5.595045111110375835e+00
-5.045066244613539697e-01 3.543496200178451738e-02 8.626803671474991830e-01 5.340136279163907318e+01 1.496023190034164070e-02 9.993662352437577834e-01 -3.230045335415276941e-02 -1.854369067405372551e-01 -8.632782110151672184e-01 -3.389893440927622698e-03 -5.047170024073230898e-01 -6.126868008526223264e+00
-5.050129853955470649e-01 3.471653370425094309e-02 8.624132613753674459e-01 5.430765478113456624e+01 1.474794825311318870e-02 9.993919578539062210e-01 -3.159450222061192110e-02 -2.369030532762805286e-01 -8.629857443044315346e-01 -3.236806834309786680e-03 -5.052179150731657131e-01 -6.649491480951936317e+00
-5.039066347887602992e-01 3.423957892624299171e-02 8.630792206734473337e-01 5.522641264558461671e+01 1.358759736423558948e-02 9.994045997908417300e-01 -3.171471406092851719e-02 -2.881246745185019886e-01 -8.636512565289465870e-01 -4.254080997654144554e-03 -5.040718435006878995e-01 -7.181970589089283763e+00
-5.030665113987552450e-01 3.284596251606561323e-02 8.636233058150809550e-01 5.611825326353287124e+01 1.301442812290583284e-02 9.994521421002715567e-01 -3.043091004967667448e-02 -3.461115530915433447e-01 -8.641497104530703188e-01 -4.069207421402353149e-03 -5.032183750706126224e-01 -7.667669361353052437e+00
-5.018614456665723145e-01 3.078785381383724803e-02 8.643998981256372227e-01 5.701022016486967914e+01 1.365818855628309764e-02 9.995237758138154627e-01 -2.767084102010567218e-02 -3.976945127886928333e-01 -8.648401907672444988e-01 -2.080790563104326953e-03 -5.020429546375367869e-01 -8.160918302903757748e+00
-4.993610744409086033e-01 2.922436171519962600e-02 8.659009414711584807e-01 5.787622951344260969e+01 1.361377180902913729e-02 9.995722297108324828e-01 -2.588479830253200345e-02 -4.570495977131770471e-01 -8.662870164808808005e-01 -1.137681937356167490e-03 -4.995453176202043211e-01 -8.673581156320366858e+00
-4.970167037185473924e-01 2.865893751797813499e-02 8.672675757289484144e-01 5.876750855705289212e+01 1.342693256776729578e-02 9.995887987365452698e-01 -2.533674994610064096e-02 -5.093906167667852092e-01 -8.676370935605660639e-01 -9.480437522140942657e-04 -4.971971326642606881e-01 -9.211433162166931865e+00
-4.941029012416171540e-01 2.897471332777618730e-02 8.689204654687894269e-01 5.967289090289784781e+01 1.391754182008540092e-02 9.995800364143667682e-01 -2.541756885073230901e-02 -5.574975866029774352e-01 -8.692920323353773293e-01 -4.656566583140199977e-04 -4.942986540231088521e-01 -9.724699323304946574e+00
-4.927906545392921056e-01 2.952315170220891002e-02 8.696469057208831011e-01 6.055389451357297759e+01 1.405358426877697381e-02 9.995639307241340754e-01 -2.597008161096201265e-02 -6.063222048138163789e-01 -8.700344131462637298e-01 -5.761565058768897260e-04 -4.929906709999231085e-01 -1.021487940495914870e+01
-4.939434583690812675e-01 3.068189088853830876e-02 8.689525118462015918e-01 6.144019503440314622e+01 1.333813538579917135e-02 9.995269998138849310e-01 -2.771048109490892308e-02 -6.538581570369284002e-01 -8.693917221540168327e-01 -2.097203697530076408e-03 -4.941190634591728914e-01 -1.070025041936066046e+01
-4.968929900940391442e-01 3.264253224276011250e-02 8.671976752004736388e-01 6.231727355276214553e+01 1.215010106285936177e-02 9.994560502628446752e-01 -3.065907065079245819e-02 -7.085949967897124946e-01 -8.677267679743144724e-01 -4.697736999809085448e-03 -4.970193165692823323e-01 -1.118244304862887262e+01
-5.010034170168714551e-01 3.321680030072577533e-02 8.648076125779994294e-01 6.321315172870675525e+01 1.102692300143876675e-02 9.994270616233456028e-01 -3.199930376529060844e-02 -7.654930757104474459e-01 -8.653750605680431418e-01 -6.495592698088854637e-03 -5.010826532492220764e-01 -1.167023627534391395e+01
-5.061552650860332569e-01 3.192644089537136076e-02 8.618512264534858858e-01 6.407659898615186478e+01 1.132702884535368229e-02 9.994744720340269506e-01 -3.037232535317336418e-02 -8.044833999229803467e-01 -8.623679947072295793e-01 -5.610897805642220577e-03 -5.062508992693166565e-01 -1.219036973489972020e+01
-5.111856456390092562e-01 2.980305529644764959e-02 8.589534330868303647e-01 6.494916102685539272e+01 1.396437933472756410e-02 9.995546861921211779e-01 -2.637091950537782600e-02 -8.683245511606282330e-01 -8.593568781119659272e-01 -1.485683023463343910e-03 -5.113741899912331856e-01 -1.270597489502474353e+01
-5.171629094873368970e-01 2.762445875347858959e-02 8.554410564454313359e-01 6.580906472705203214e+01 1.135207011726815755e-02 9.996124741342428122e-01 -2.541716031193359121e-02 -9.158334635003193558e-01 -8.558117010201079511e-01 -3.433784823398494408e-03 -5.172760914796838971e-01 -1.321821871263228232e+01
-5.216817122100456672e-01 2.982268289850226878e-02 8.526187808948931801e-01 6.667476943885537821e+01 1.233797672097408128e-02 9.995480529957687654e-01 -2.741284479218835529e-02 -9.742120963663631894e-01 -8.530509817344988921e-01 -3.781188243541914931e-03 -5.218138924905250109e-01 -1.372116952951937208e+01
-5.265517885336565840e-01 3.219630998974377933e-02 8.495331650428877834e-01 6.747534824071040305e+01 1.300304500280382788e-02 9.994707247649194937e-01 -2.981930806408521900e-02 -1.010321144283705674e+00 -8.500436145762158002e-01 -4.654891135878533662e-03 -5.266917489757182436e-01 -1.422696942925528418e+01
-5.319082783058853847e-01 3.261562424829519968e-02 8.461736178305939715e-01 6.831079631915127948e+01 1.179684184894197463e-02 9.994464116453998237e-01 -3.110795313052884883e-02 -1.064667971801366964e+00 -8.467198059338594263e-01 -6.564400583674333441e-03 -5.319985826296025344e-01 -1.475823096708968052e+01
-5.357166185110582290e-01 3.338248677361341926e-02 8.437376969680111527e-01 6.915663038784131800e+01 1.113362573722591169e-02 9.994106131928487402e-01 -3.247258216532986769e-02 -1.113868330908728055e+00 -8.443244392562285761e-01 -8.002241327767629225e-03 -5.357725435054924157e-01 -1.527792461369199017e+01
-5.383879467983666567e-01 3.225926096016546590e-02 8.420794178270176733e-01 6.995727184549575384e+01 1.080788189679689551e-02 9.994491578388459141e-01 -3.137786739344899239e-02 -1.174509739254202101e+00 -8.426278063749731428e-01 -7.792369858105432576e-03 -5.384400354861403892e-01 -1.579286134198107305e+01
-5.416153231873839236e-01 2.528689315313140465e-02 8.402460365127146780e-01 7.077997095383643966e+01 1.203135012781654696e-02 9.996782651042623868e-01 -2.232964108289195448e-02 -1.222635796152924170e+00 -8.405403618408456845e-01 -1.984780609095039821e-03 -5.417453032853168926e-01 -1.633062599465941744e+01
-5.437241966624087874e-01 1.738781712536572460e-02 8.390838152174994180e-01 7.161565389171843776e+01 1.245891650589766274e-02 9.998424175176076067e-01 -1.264577048758317931e-02 -1.264103453237341856e+00 -8.391714871838817924e-01 3.578264755233156232e-03 -5.438551497956343184e-01 -1.685393914734913778e+01
-5.460264749384202698e-01 1.485851061645473634e-02 8.376361385161009698e-01 7.244121533664115020e+01 1.356656752828836084e-02 9.998684253742369243e-01 -8.892702767625312865e-03 -1.281706308968611152e+00 -8.376580736817929029e-01 6.508197079507169365e-03 -5.461562118748932715e-01 -1.738659638268604368e+01
-5.463490256978975612e-01 1.967258270023233141e-02 8.373265305960138072e-01 7.321028081305358626e+01 1.300880244353536802e-02 9.998028399596432525e-01 -1.500174142351192764e-02 -1.326953105696416779e+00 -8.374565807639683390e-01 2.696429555251693335e-03 -5.464972254216481362e-01 -1.787598958161054696e+01
-5.483339561371962656e-01 2.481005124912905035e-02 8.358913333549555791e-01 7.400709047376936667e+01 1.308741956645824434e-02 9.996919892901243720e-01 -2.108663025208488973e-02 -1.378840323202133122e+00 -8.361570447253575677e-01 -6.228538827589536440e-04 -5.484897641324558704e-01 -1.841445114351711965e+01
-5.486938889507404493e-01 3.048778087346839388e-02 8.354672337883245481e-01 7.482530422342284737e+01 2.011280787233082901e-02 9.995269832742291749e-01 -2.326552452786386990e-02 -1.405937641375312630e+00 -8.357813724999701988e-01 4.037941777069577708e-03 -5.490475436194337533e-01 -1.896733065730546031e+01
-5.484009992244004428e-01 3.054997875136770263e-02 8.356572444076962869e-01 7.560920092895423750e+01 2.235418505523261920e-02 9.995108731058387486e-01 -2.187018326287568787e-02 -1.458334033450652711e+00 -8.359166500870744976e-01 6.686807305983787260e-03 -5.488156826020305079e-01 -1.945502929266966774e+01
-5.474751363153119721e-01 2.829018765090536222e-02 8.363436062182341146e-01 7.640622221362916378e+01 2.276198368899603336e-02 9.995620353073820796e-01 -1.891109814101630399e-02 -1.494530443286035792e+00 -8.365123302529686722e-01 8.683484487236235727e-03 -5.478793035028808323e-01 -2.000073947855111101e+01
-5.473549988349490913e-01 2.315593323099559078e-02 8.365801188532145938e-01 7.721697866304052127e+01 2.075841732972716000e-02 9.996852471923138861e-01 -1.408881193840831603e-02 -1.524171439497899128e+00 -8.366430569938672068e-01 9.654498604140812970e-03 -5.476633990152783849e-01 -2.051545927762703414e+01
-5.475503905994915099e-01 1.724884493146034217e-02 8.365949045703486853e-01 7.799592626276806584e+01 1.933227862710092462e-02 9.997814231701249721e-01 -7.960455712455401928e-03 -1.550719139005385605e+00 -8.365493674682121794e-01 1.181453619176231484e-02 -5.477641694240006354e-01 -2.101199135267297891e+01
-5.466493301771712110e-01 1.016708263272213773e-02 8.372999029460714837e-01 7.884764357110019262e+01 9.663263603280536698e-03 9.999362963612826727e-01 -5.833055762477048697e-03 -1.594928555239975010e+00 -8.373058835569356928e-01 4.902414627075886780e-03 -5.467127550022404803e-01 -2.154051787540344165e+01
-5.455083910780934575e-01 5.670635452921967551e-03 8.380861688141626464e-01 7.962493164605393758e+01 2.026958914155342281e-03 9.999831122310064435e-01 -5.446713457802897750e-03 -1.611912905704174337e+00 -8.381029162452718895e-01 -1.272460741948878418e-03 -5.455106739808501803e-01 -2.202216184309148872e+01
-5.436004405515458826e-01 5.722015918339216738e-03 8.393246134434472205e-01 8.038592662747269912e+01 4.603873057549875102e-03 9.999820464134008269e-01 -3.835517701315599871e-03 -1.629359990290047300e+00 -8.393315059837817005e-01 1.779155813512639343e-03 -5.436170255881351832e-01 -2.251818847371254151e+01
-5.397692529202112732e-01 9.432319024253161752e-03 8.417601630275123314e-01 8.117191444418639890e+01 1.026952930262746075e-02 9.999365962972120991e-01 -4.619538506422530069e-03 -1.663916299005923305e+00 -8.417503798567428364e-01 6.150996802278206263e-03 -5.398318962107401253e-01 -2.303619845834443325e+01
-5.351041438704063902e-01 1.262328656373817339e-02 8.446917750688771598e-01 8.196899974140417555e+01 1.209218474903839442e-02 9.999003673168407325e-01 -7.282478106883611552e-03 -1.676895354596165788e+00 -8.446995595994628570e-01 6.317285779743355562e-03 -5.352034743096821812e-01 -2.353571779871099423e+01
-5.273373088444189838e-01 1.431460628968379660e-02 8.495354269433256222e-01 8.277140073952544697e+01 1.692790544263157379e-02 9.998366156123049686e-01 -6.339406129866424593e-03 -1.712095669609665638e+00 -8.494873869379692133e-01 1.103785104733277962e-02 -5.274934676576155113e-01 -2.402240899275845010e+01
-5.192089108661341879e-01 1.719316650140865696e-02 8.544743932083581628e-01 8.357705006457035779e+01 2.356523996909106605e-02 9.997054976020461892e-01 -5.796334279580930664e-03 -1.752860334127204878e+00 -8.543224205969961460e-01 1.712638681069885913e-02 -5.194611648935161252e-01 -2.452041230613583878e+01
-5.093683228999728030e-01 1.708122744908494028e-02 8.603790617354120096e-01 8.436090855050288440e+01 2.278742419519591555e-02 9.997201230425664109e-01 -6.356795193290836615e-03 -1.766472142840755932e+00 -8.602468582339360958e-01 1.636787363497640979e-02 -5.096150008297253287e-01 -2.498045225637540767e+01
-4.982535690844199783e-01 1.492856381259240021e-02 8.669028234279106959e-01 8.520893726140040769e+01 1.928721380563552107e-02 9.997951818725091533e-01 -6.131692771942862281e-03 -1.801242117116795383e+00 -8.668168184013266275e-01 1.366500337076662422e-02 -4.984394493428566664e-01 -2.543085107317388349e+01
-4.872154859803690674e-01 1.171872560809843374e-02 8.732031424007552500e-01 8.600067123562583049e+01 2.036612657765513729e-02 9.997904789783284007e-01 -2.054020090690592774e-03 -1.812733175749582371e+00 -8.730442736142350890e-01 1.678301643969925747e-02 -4.873520703711385349e-01 -2.591038722490522517e+01
-4.751105211223143332e-01 1.003374952599503378e-02 8.798689121703080485e-01 8.680719127127355250e+01 1.904963305034475252e-02 9.998179172984676955e-01 -1.115211862608192191e-03 -1.851157906491563310e+00 -8.797199082636434353e-01 1.623133213131852312e-02 -4.752151521990048422e-01 -2.629926614787657968e+01
-4.632106182899420888e-01 8.634048163086788935e-03 8.862061623268179256e-01 8.763438864426179009e+01 1.846073008062367599e-02 9.998295819703674203e-01 -9.181765053740524065e-05 -1.852779832520601078e+00 -8.860559449319954650e-01 1.631748296548268806e-02 -4.632910709278237893e-01 -2.675199453972805941e+01
-4.513612251361277528e-01 1.127384629583096445e-02 8.922700995151764403e-01 8.846283440755723859e+01 2.219322721557679887e-02 9.997527123240038671e-01 -1.405286352593981087e-03 -1.887292810422064093e+00 -8.920653105597770027e-01 1.916806243274581101e-02 -4.514998133551946236e-01 -2.714578328678054220e+01
