7.776149167746347901e-01 -6.283782118946663608e-01 2.135097247528887354e-02 -6.595690772549210124e+01 6.274124427405209925e-01 7.777307141729078444e-01 3.858189894849180929e-02 2.571218398449862619e+01 -4.084933174424643099e-02 -1.660599434423221110e-02 9.990273134643959940e-01 -8.900615656335302273e-01 -4.809208017785018303e-24 -1.416202385148814181e-23 -3.430527606006730092e-24 9.999999999999997780e-01
7.495435978432767321e-01 -6.613747796639141141e-01 2.770912767784346892e-02 -6.556219769969352740e+01 6.606249242751882633e-01 7.500341348983786682e-01 3.199227896920921188e-02 2.608908843645617637e+01 -4.194167806084720534e-02 -5.674267507880008214e-03 9.991039477099917798e-01 -8.991149025002099782e-01 -4.809208017785018303e-24 -1.416202385148814181e-23 -3.430527606006730092e-24 9.999999999999997780e-01
7.211140791492912649e-01 -6.927221855110621274e-01 1.142184544854269075e-02 -6.520567025574285935e+01 6.923740576999571905e-01 7.211447758916383899e-01 2.384064655785509204e-02 2.648949067867186358e+01 -2.475174896381223885e-02 -9.283636409262194938e-03 9.996505214414950213e-01 -9.089394198987040818e-01 -4.240177023892518296e-19 2.578823650461910447e-18 -3.162931301185386347e-20 1.000000000000000000e+00
6.910114975530953219e-01 -7.227026282260100576e-01 -1.428360615006500113e-02 -6.486958781479523850e+01 7.228395666705653699e-01 6.909399182719186960e-01 1.024647226631755260e-02 2.690104308775072184e+01 2.463961229041769681e-03 -1.740518582539054074e-02 9.998454822628566330e-01 -9.135958399052830359e-01 -2.642340566507851093e-18 4.012850193984376547e-18 -5.770509340101599970e-20 1.000000000000000222e+00
6.562751087166115438e-01 -7.539784915110632202e-01 -2.862544353729328320e-02 -6.453123028646535886e+01 7.540320501997808122e-01 6.567436193639429876e-01 -1.111241181129662622e-02 2.732193473589899568e+01 2.717809688911142565e-02 -1.429170260874110775e-02 9.995284379576337974e-01 -9.312178954507206452e-01 -3.488177275391725767e-18 6.665879254993826011e-18 -2.171308346169710648e-20 1.000000000000000444e+00
6.189570001681850009e-01 -7.849307013611966921e-01 -2.785724328480694567e-02 -6.419474804420903524e+01 7.842161949919159714e-01 6.195825713005054247e-01 -3.350219176493217377e-02 2.776767874956391680e+01 4.355676130292988890e-02 -1.109685217893961349e-03 9.990503376424607618e-01 -9.432071756766808868e-01 -3.971723967862228167e-18 8.348665530717690528e-18 -1.715978362869969907e-20 1.000000000000000888e+00
5.860851964056181806e-01 -8.099456421883330925e-01 -2.218556409752034386e-02 -6.386732825466360453e+01 8.089872506518099859e-01 5.864805486886336405e-01 -3.975165773526692647e-02 2.825728510722130693e+01 4.520808375732209006e-02 5.350019627810056674e-03 9.989632658176033075e-01 -9.616949362907927235e-01 -5.095550691760409880e-18 8.103254987727733527e-18 3.137052363159060464e-21 1.000000000000001110e+00
5.573522094844254315e-01 -8.301252506451114455e-01 -1.582980809202922876e-02 -6.356642394514054217e+01 8.297829482389738054e-01 5.575769414296187776e-01 -2.383722294696503236e-02 2.876475998819237390e+01 2.861421665290428754e-02 1.504240488023288181e-04 9.995905181512804161e-01 -9.318336041711333673e-01 -6.978594430813446932e-18 8.927888953615272342e-18 2.182478121948292460e-21 1.000000000000001110e+00
5.286042705263853669e-01 -8.488314885052673509e-01 -7.913867778375324041e-03 -6.328292880646327490e+01 8.487901411550289321e-01 5.286591534346080090e-01 -8.648454649404129294e-03 2.928012859076306285e+01 1.152481927343363723e-02 -2.145602887560910544e-03 9.999312851036131766e-01 -8.813070918454182223e-01 -9.115402487162980100e-18 6.727524588323377788e-18 -4.786858830646149401e-20 1.000000000000000888e+00
4.987448853380339608e-01 -8.667251826318826957e-01 -6.402900975112163322e-03 -6.301079486677831909e+01 8.667096037066864822e-01 4.987789870537230885e-01 -5.829658330600988141e-03 2.979540508003371357e+01 8.246344143843743410e-03 -2.641943491057433327e-03 9.999625082686109945e-01 -8.742722560339901694e-01 -1.161310993938032885e-17 4.104031332996016973e-18 -1.427844759318193614e-19 1.000000000000000444e+00
4.712402859974187397e-01 -8.819943410447279586e-01 -4.309897697883308468e-03 -6.274830992582132438e+01 8.818728074523191074e-01 4.712486586012494261e-01 -1.500177465092246247e-02 3.031738201190637838e+01 1.526251385657819565e-02 3.268658994304589858e-03 9.998781783493219111e-01 -8.672883922501191112e-01 -1.458262061038050987e-17 1.065161242638276430e-18 -2.410638663330619191e-19 9.999999999999997780e-01
4.457849278357611800e-01 -8.951240775435488350e-01 -5.355736765162492224e-03 -6.250270481851039506e+01 8.948725011397847817e-01 4.457899729300696112e-01 -2.178317559082965787e-02 3.085484071430287045e+01 2.188617870427306961e-02 4.917909804304161289e-03 9.997483730143723601e-01 -8.640402162803383357e-01 -1.758376670111873402e-17 -2.682328077744278857e-18 -2.978166686874929575e-19 9.999999999999991118e-01
4.226672361630998687e-01 -9.062659628896014841e-01 -5.866172692158746343e-03 -6.226216405200045756e+01 9.060240607571804494e-01 4.226920122139919966e-01 -2.125709621612066266e-02 3.140819188997864586e+01 2.174416710978313225e-02 3.669784502867990024e-03 9.997568323739574048e-01 -8.593544780726668497e-01 -2.113937197382802488e-17 -6.925338860539033040e-18 -3.218088298752786270e-19 9.999999999999984457e-01
4.030831369487198335e-01 -9.151492406401118274e-01 -5.084492445915519271e-03 -6.203045183739229174e+01 9.150409627163984538e-01 4.031138693243049298e-01 -1.411541389471660836e-02 3.198462332762856519e+01 1.496733973049461583e-02 1.037166449376913458e-03 9.998874451792832962e-01 -8.519396415886034690e-01 -2.487550646371500277e-17 -1.011638209360566559e-17 -3.431547380522351030e-19 9.999999999999977796e-01
3.858819287966108180e-01 -9.225452927460554564e-01 -2.306482241308559829e-03 -6.180224955431231848e+01 9.225304421712424707e-01 3.858888068921659253e-01 -5.235645390825463714e-03 3.257269374148550867e+01 5.720165690011237529e-03 -1.074591400277552218e-04 9.999836339445860034e-01 -8.475362786154015948e-01 -2.764333413102356583e-17 -1.285170986066047121e-17 -4.085193353717298328e-19 9.999999999999970024e-01
3.695997146607892803e-01 -9.291900695138954891e-01 1.365884128681052077e-03 -6.157796688193089807e+01 9.291894095326705960e-01 3.696014353524965101e-01 1.349147022178349845e-03 3.315933314163226697e+01 -1.758446749806616199e-03 7.705207125867669527e-04 9.999981570797359387e-01 -8.440248998265935665e-01 -2.923257987242860077e-17 -1.662407499254622498e-17 -5.079349328770790332e-19 9.999999999999963363e-01
3.554601155553061553e-01 -9.346899013436167358e-01 1.701345260876412427e-03 -6.136348113769005153e+01 9.346846596177125210e-01 3.554638825837399541e-01 3.164688578847403740e-03 3.375706742615507494e+01 -3.562769247591033531e-03 4.653007481210143367e-04 9.999935450644228396e-01 -8.448038260000202415e-01 -3.045381535291022341e-17 -1.927327903468427881e-17 -6.195795231968739552e-19 9.999999999999957812e-01
3.425490571826722563e-01 -9.394999028282630116e-01 2.756972525083415337e-04 -6.115914679993927194e+01 9.394975581225216699e-01 3.425488340286866884e-01 2.152809186518460285e-03 3.435601760815097094e+01 -2.117003793931668352e-03 -4.784258616231074307e-04 9.999976446990470613e-01 -8.496068245786788653e-01 -3.127258880971637918e-17 -2.221848950118492203e-17 -7.307982729999267489e-19 9.999999999999951150e-01
3.303621679588857329e-01 -9.438440920201733864e-01 -4.378120618169624965e-03 -6.096280085810570881e+01 9.438541778486463363e-01 3.303568252658067306e-01 1.912840281072133086e-03 3.497170316282954872e+01 -3.590809702168325040e-04 -4.764237498798422864e-03 9.999885864858271134e-01 -8.534719182570592588e-01 -3.292516670198824737e-17 -2.346717066038733889e-17 -8.456743164224663849e-19 9.999999999999944489e-01
3.199187748379928586e-01 -9.474155208893022539e-01 -7.470494243120521377e-03 -6.076604207491256915e+01 9.474449545041274678e-01 3.199103956664142157e-01 2.323129186764507671e-03 3.559852897075459310e+01 1.889201205709523925e-04 -7.821094721516316101e-03 9.999693969250041947e-01 -8.604188341550055297e-01 -3.402901708981341866e-17 -2.401195456890304620e-17 -9.602237264253943821e-19 9.999999999999940048e-01
3.117992321312578197e-01 -9.501011278099327217e-01 -9.438526191996718037e-03 -6.057055546058532514e+01 9.501479154573504449e-01 3.117882229441292230e-01 2.653824670529874186e-03 3.622823474609761263e+01 4.214194961364519341e-04 -9.795456480796934512e-03 9.999519345638336887e-01 -8.626621208643405758e-01 -3.604130592553571786e-17 -2.629977995974858783e-17 -1.093926526046684650e-18 9.999999999999934497e-01
3.057605390806121259e-01 -9.520431044294379586e-01 -1.115437355994382609e-02 -6.037377025017097765e+01 9.521066657236578745e-01 3.057616384898035888e-01 1.648487973260621313e-03 3.687028300372291767e+01 1.841147928340722880e-03 -1.112419598976566865e-02 9.999364291983270370e-01 -8.617024659685201815e-01 -3.695010455690354814e-17 -2.945934690443814054e-17 -1.242135140263533408e-18 9.999999999999927836e-01
3.012070463237717655e-01 -9.534721595075277278e-01 -1.285131467912139017e-02 -6.017460155350669737e+01 9.535561722520686789e-01 3.012102903488377836e-01 1.728394613630087348e-03 3.751916973594541815e+01 2.222972081126150645e-03 -1.277505507028251289e-02 9.999159246472141271e-01 -8.625127683388579269e-01 -3.765190039823425585e-17 -3.205433507352781484e-17 -1.392039487696146248e-18 9.999999999999918954e-01
2.978351729298250317e-01 -9.545304121755393556e-01 -1.288029494519289490e-02 -5.997398030153419768e+01 9.546136505471991551e-01 2.978442823244209503e-01 1.249670192047028054e-03 3.817448912717186715e+01 2.643474000582615377e-03 -1.266790111550793185e-02 9.999162646574722979e-01 -8.672567741387278151e-01 -3.820808056055765964e-17 -3.507963407596351928e-17 -1.549242845758676020e-18 9.999999999999910072e-01
2.955259372890209346e-01 -9.552610515428380245e-01 -1.186354899404095525e-02 -5.977246112684198920e+01 9.553257744408815144e-01 2.955541130673853267e-01 -6.564585812550844919e-04 3.883027126598980061e+01 4.133410015392342471e-03 -1.113955359283168127e-02 9.999294101422427916e-01 -8.707424319505074894e-01 -3.866957830722580021e-17 -4.031706109890136675e-17 -1.737090980152026922e-18 9.999999999999903411e-01
2.947749736608824001e-01 -9.555025669939599675e-01 -1.107065360284776971e-02 -5.956677082969787307e+01 9.555529494047786399e-01 2.948130975970764123e-01 -1.948940489891127148e-03 3.950047427898571328e+01 5.125991322092351803e-03 -1.000409682046430465e-02 9.999368191339840228e-01 -8.685155465596182678e-01 -3.798198003160403963e-17 -4.523225755747289651e-17 -1.915716717034845193e-18 9.999999999999893419e-01
2.944147131179591925e-01 -9.556166228080401615e-01 -1.080957504429467739e-02 -5.936111459893928100e+01 9.556665208493190233e-01 2.944472680790045649e-01 -1.518962987420384827e-03 4.017973945736189023e+01 4.634396121099873880e-03 -9.883143922261082223e-03 9.999404211445910295e-01 -8.671127804748154366e-01 -3.674925193705469387e-17 -5.098770718232839789e-17 -2.079603788862025122e-18 9.999999999999884537e-01
2.935366845629553412e-01 -9.558687016144321591e-01 -1.229797096019713022e-02 -5.915267831459604508e+01 9.559429123906875159e-01 2.935520685565174981e-01 5.755833471865585364e-04 4.087013018903287076e+01 3.059912707671132766e-03 -1.192511300360802294e-02 9.999242114350919142e-01 -8.682657062059434550e-01 -3.548858454202656155e-17 -5.426019743082644588e-17 -2.242100519847244970e-18 9.999999999999875655e-01
2.928149706626204662e-01 -9.561099422077308230e-01 -1.063820320294044455e-02 -5.894618573255303318e+01 9.561688846131046748e-01 2.927889073858193636e-01 3.964821501559114870e-03 4.156539029397760743e+01 -6.760573643787527384e-04 -1.133287798250268326e-02 9.999355523347951413e-01 -8.702105855671889989e-01 -3.437449866758157078e-17 -5.896218380278157568e-17 -2.399401037552023578e-18 9.999999999999865663e-01
2.923550002203393894e-01 -9.562873231888369130e-01 -6.565771432380308401e-03 -5.872746977621230968e+01 9.563058721069741530e-01 2.923270546326608432e-01 4.896131483446898580e-03 4.226737786009773856e+01 -2.762755846063179137e-03 -7.710294296617060256e-03 9.999664587084972078e-01 -8.754348799232277711e-01 -3.432161593237043296e-17 -6.143729548457490698e-17 -2.529065770913252694e-18 9.999999999999856781e-01
2.918305614436055850e-01 -9.564677481957678529e-01 -2.090470959719540906e-03 -5.850694725730767942e+01 9.564693056943652794e-01 2.918269478899406244e-01 1.870761815813704433e-03 4.296921934575345858e+01 -1.179267581550509040e-03 -2.545416778450554016e-03 9.999960650829650133e-01 -8.817991200285557607e-01 -3.414893437030454440e-17 -6.437284083874429550e-17 -2.627462298678580401e-18 9.999999999999847899e-01
2.915560770621143938e-01 -9.565537354811262105e-01 7.117063169785483006e-05 -5.828397634126332605e+01 9.565495576748755946e-01 2.915545820895806273e-01 -2.978149519549016036e-03 4.368113182704131248e+01 2.828009923968186068e-03 9.363758270973862726e-04 9.999955627702550309e-01 -8.816562128813073551e-01 -3.267031050032723520e-17 -6.935632576797087297e-17 -2.697467373104736286e-18 9.999999999999840128e-01
2.912430618492330980e-01 -9.566426090108695046e-01 -3.521015416668220495e-03 -5.806827216390198032e+01 9.566279779427590002e-01 2.912591136173314221e-01 -5.571404848554756262e-03 4.440405707124126877e+01 6.355371099472825226e-03 -1.745668851454296308e-03 9.999782807133698048e-01 -8.820531253087050549e-01 -3.031173865158326753e-17 -7.447882309537619655e-17 -2.752273860161098651e-18 9.999999999999832356e-01
2.908796499326890550e-01 -9.567100429654372684e-01 -9.742840659215283930e-03 -5.785054763361925723e+01 9.567114397834465267e-01 2.909521378191072816e-01 -7.076332805135684099e-03 4.514385708235430883e+01 9.604698980272465686e-03 -7.262725905489644460e-03 9.999274986567459056e-01 -8.831815071403696926e-01 -2.591162155694092421e-17 -8.236130763926415572e-17 -2.846711714525460194e-18 9.999999999999823475e-01
2.903147358410936296e-01 -9.568928158801748296e-01 -8.572809949398333199e-03 -5.762461767848301974e+01 9.568803315785027186e-01 2.903800350308118339e-01 -7.711439146736733495e-03 4.587938023866964699e+01 9.868393573032215038e-03 -5.964408808095997272e-03 9.999335181080156731e-01 -8.833140159226258170e-01 -2.097636182598034308e-17 -8.973140875989154999e-17 -3.003238621276348258e-18 9.999999999999815703e-01
2.897616035285575098e-01 -9.570914548260410770e-01 -3.763006714489446503e-03 -5.738999207398421021e+01 9.570626393134825660e-01 2.897826018660123459e-01 -7.559635313359399506e-03 4.662564760417949117e+01 8.325716236585617783e-03 -1.410941087428906320e-03 9.999643452115737352e-01 -8.849032898899077404e-01 -1.587784658425296086e-17 -9.618613896547592260e-17 -3.155931849317422916e-18 9.999999999999805711e-01
2.900684359078603003e-01 -9.569974147442447121e-01 -4.031211083776736238e-03 -5.715999747943055098e+01 9.569936388302445751e-01 2.900834718037146875e-01 -3.841174917600827070e-03 4.738677736187494105e+01 4.845382172484213185e-03 -2.743639763554457916e-03 9.999844972360650841e-01 -8.813275803236181316e-01 -1.156814450915226864e-17 -1.008965529290785692e-16 -3.261519786382100788e-18 9.999999999999794609e-01
2.912886994469143787e-01 -9.566182779556717808e-01 -5.688923945043623462e-03 -5.693073082568986365e+01 9.566351636391645652e-01 2.912820520808643843e-01 1.982378527741039155e-03 4.815743987589286235e+01 -2.392980926153623583e-04 -6.019669152249615754e-03 9.999818529952111401e-01 -8.789570405866311553e-01 -8.638658856069757977e-18 -1.052080708274621399e-16 -3.345820423403820490e-18 9.999999999999781286e-01
2.910917148439544633e-01 -9.566625531443568864e-01 -7.897655381752003226e-03 -5.669483783823710610e+01 9.566831707595528922e-01 2.910368365654902312e-01 7.407465652891876209e-03 4.894563994659679196e+01 -4.787936365230823464e-03 -9.711805871723369274e-03 9.999413765276883304e-01 -8.860132962272959656e-01 -7.212872364191803415e-18 -1.059635870111859097e-16 -3.399006920234471153e-18 9.999999999999772404e-01
2.907692275481030819e-01 -9.567866145592046623e-01 -3.553943080281200470e-03 -5.644936609406498462e+01 9.567621182585835937e-01 2.907278244994900840e-01 9.142271443171900644e-03 4.972969318596807398e+01 -7.713972803364095229e-03 -6.058569315220680915e-03 9.999518930235885561e-01 -9.014042265508225293e-01 -7.285743223516197353e-18 -1.077403465806397709e-16 -3.449709648917647838e-18 9.999999999999764633e-01
2.902307716291262496e-01 -9.569533149894517976e-01 2.540104380449512665e-03 -5.620398479242552980e+01 9.569219628162315416e-01 2.902418299544191616e-01 7.748369160070003002e-03 5.051237629051557576e+01 -8.152072097143322690e-03 1.818665093096933879e-04 9.999667547699345738e-01 -9.121326290439665252e-01 -7.201192721994823042e-18 -1.083062050252230600e-16 -3.470894284092959664e-18 9.999999999999757971e-01
2.893637185203266071e-01 -9.572181931142170752e-01 1.403273047209006473e-03 -5.596681231930565303e+01 9.571998666359547991e-01 2.893668791845269150e-01 5.935026800195163967e-03 5.130109550237401805e+01 -6.087176372077424125e-03 -3.741686507732418536e-04 9.999814029679033878e-01 -9.145453560409636529e-01 -8.349798509322835228e-18 -1.110977618428762325e-16 -3.500531852074056212e-18 9.999999999999750200e-01
2.900139657448798092e-01 -9.569997627602954138e-01 -6.584356435486445058e-03 -5.573979959524966432e+01 9.570172961371126163e-01 2.899830521582333898e-01 5.265392236845662689e-03 5.210929095035169922e+01 -3.129627345837049379e-03 -7.828380276495038037e-03 9.999644603159383305e-01 -9.242268679786151964e-01 -9.293358947951233429e-18 -1.173192390225367899e-16 -3.524266916165004193e-18 9.999999999999741318e-01
2.892340898641234670e-01 -9.572180899960012201e-01 -8.784614099900858036e-03 -5.549358993308027266e+01 9.572573664823796902e-01 2.892350734334740436e-01 1.186006388824837427e-03 5.290948428620239952e+01 1.405551734039387976e-03 -8.752170037272223591e-03 9.999607112001891451e-01 -9.336195018694801728e-01 -9.652011389600195628e-18 -1.225212361274708369e-16 -3.583605272750421176e-18 9.999999999999733546e-01
2.884343709493689678e-01 -9.574680828579003045e-01 -7.777143657184720088e-03 -5.524616277151498167e+01 9.574828937710829768e-01 2.884678812544966831e-01 -3.576257862153067908e-03 5.370917247039844256e+01 5.667608912084710036e-03 -6.414966327323593821e-03 9.999633625369823697e-01 -9.358922640988840413e-01 -1.107670472211083434e-17 -1.266791920188246194e-16 -3.619703700991217566e-18 9.999999999999725775e-01
2.885699697061903657e-01 -9.574082579696493456e-01 -9.838706993055973404e-03 -5.500226786926322831e+01 9.574323362015132455e-01 2.886231699720446242e-01 -4.470721530368396320e-03 5.452451467811700070e+01 7.119984513022691378e-03 -8.129780244971848008e-03 9.999416045418525467e-01 -9.318718851298970485e-01 -1.102033629600296857e-17 -1.300942960573900947e-16 -3.639523845935052678e-18 9.999999999999720224e-01
2.889635457899129012e-01 -9.572150183198775419e-01 -1.547507374467340865e-02 -5.476718406673642647e+01 9.573246993037410890e-01 2.890128347470031223e-01 -1.000726987516237796e-03 5.535201418295164189e+01 5.430405832558630672e-03 -1.452549670063336268e-02 9.998797530894040220e-01 -9.302681198522583239e-01 -1.071652282758884344e-17 -1.316278760248005680e-16 -3.658505194423129484e-18 9.999999999999714673e-01
2.889396068464618605e-01 -9.572661580590323682e-01 -1.246620352466169292e-02 -5.451879173576799786e+01 9.573473205096801886e-01 2.889136482034103670e-01 3.874505740183292572e-03 5.618037658202953111e+01 -1.072768847235272348e-04 -1.305398470654688635e-02 9.999147873568963174e-01 -9.307841065554932625e-01 -1.081287946652375270e-17 -1.323318385003813965e-16 -3.658249759566674405e-18 9.999999999999712452e-01
2.880553781530826307e-01 -9.575941708996441593e-01 -6.123967350919764727e-03 -5.426338622538518308e+01 9.575982153107582828e-01 2.880083852382064324e-01 7.538439236891751084e-03 5.700631775009844660e+01 -5.455011522935402507e-03 -8.035788170919475060e-03 9.999528333665516078e-01 -9.382238154491960858e-01 -1.042609710017002638e-17 -1.349679637174731191e-16 -3.636544537630546144e-18 9.999999999999711342e-01
2.876414766797935618e-01 -9.576940637847388693e-01 -9.190271211906544252e-03 -5.401430845512378909e+01 9.577069081942791717e-01 2.875413308479344288e-01 1.083794496883843869e-02 5.784724617200822649e+01 -7.736852745153966968e-03 -1.191902872282310163e-02 9.998990338348888729e-01 -9.480411495336183991e-01 -1.127562975524379960e-17 -1.362018674370586209e-16 -3.629347323762891982e-18 9.999999999999709122e-01
2.881032643680533356e-01 -9.575442781093510547e-01 -1.026959203283890620e-02 -5.376709430979379079e+01 9.575720094958376505e-01 2.879974381251530491e-01 1.064529301822165694e-02 5.867810892815229806e+01 -7.235723222344515523e-03 -1.290081754828188015e-02 9.998906006239272060e-01 -9.632133111190595010e-01 -1.054505238169415749e-17 -1.383437500837363387e-16 -3.636721196475340861e-18 9.999999999999705791e-01
2.863580435840090699e-01 -9.581041814508994836e-01 -5.953852622254817047e-03 -5.351372911009239886e+01 9.581195150488716061e-01 2.863355952126505066e-01 4.349919162688151847e-03 5.950490464796004630e+01 -2.462875804340663739e-03 -6.950136728272244581e-03 9.999728145516135758e-01 -9.609560965411145794e-01 -8.484767954629040911e-18 -1.399886507831293420e-16 -3.656224476036540616e-18 9.999999999999703570e-01
2.859039590188795499e-01 -9.582438273793234540e-01 -5.262462043764850120e-03 -5.326169770497065059e+01 9.582556425077006779e-01 2.859117400028531875e-01 -7.749391480578228259e-04 6.034482563613700279e+01 2.247180334854782455e-03 -4.821225776480161582e-03 9.999858528812308744e-01 -9.635675086306858539e-01 -6.659851560732476013e-18 -1.392893200511799303e-16 -3.649011895523385659e-18 9.999999999999700240e-01
2.858261749524078077e-01 -9.582499581763535001e-01 -7.772732280040775370e-03 -5.301312546945137427e+01 9.582740398182643116e-01 2.858465185582569901e-01 -1.622479119886565974e-03 6.119463245554696584e+01 3.776549010709923972e-03 -6.984660561630968469e-03 9.999684756003355268e-01 -9.708576530396907378e-01 -5.357531220411746397e-18 -1.393522440691680456e-16 -3.656246402036916512e-18 9.999999999999695799e-01
2.851000991148214259e-01 -9.584774995288070087e-01 -6.230279426203998334e-03 -5.275795019805693187e+01 9.584975153058229447e-01 2.850985390614343418e-01 1.155931479053360147e-03 6.203824810069589546e+01 6.683092486870069286e-04 -6.301263528912960828e-03 9.999799235188374658e-01 -9.739345051323060609e-01 -2.986315702109537562e-18 -1.397195307126719708e-16 -3.659306202909034432e-18 9.999999999999690248e-01
2.843791627527080257e-01 -9.587091344076693611e-01 -2.299433706305944753e-03 -5.249994998539115443e+01 9.587058062606340636e-01 2.843679937032144722e-01 4.245138317987797415e-03 6.288798116718968600e+01 -3.415967532561709364e-03 -3.411709325972699103e-03 9.999883456347613553e-01 -9.742687026256158234e-01 -1.167817528902909064e-19 -1.412704218517600088e-16 -3.674759182008427697e-18 9.999999999999685807e-01
2.837316229305168469e-01 -9.589037215949697268e-01 -1.373336598887896969e-04 -5.225296352955901824e+01 9.588838543525595171e-01 2.837248164052317279e-01 6.479384058532913250e-03 6.374188120865799334e+01 -6.174140519930795303e-03 -1.970093183630690099e-03 9.999789991403549294e-01 -9.718481716525640968e-01 3.599833478453494386e-18 -1.446414969325324849e-16 -3.675763547370360329e-18 9.999999999999680256e-01
2.834492868871213433e-01 -9.589705389468181629e-01 -5.657490188540733635e-03 -5.201448035342789922e+01 9.589814349304578434e-01 2.834221383018672435e-01 5.147715910576471619e-03 6.459527109149016155e+01 -3.333049934451813925e-03 -6.884544463048141751e-03 9.999707464849815208e-01 -9.701998688929570624e-01 7.702178471675592735e-18 -1.510380537821661390e-16 -3.667440574394919439e-18 9.999999999999670264e-01
2.834918348024407786e-01 -9.589654988453978346e-01 -4.189465901986979754e-03 -5.175967804152373475e+01 9.589741354366507764e-01 2.834935036025373334e-01 2.024318697849903292e-04 6.544525212773312717e+01 9.935611877873926339e-04 -4.074977223472532606e-03 9.999912036597399245e-01 -9.783774370279512134e-01 1.200278919581578067e-17 -1.576352265320093972e-16 -3.703222918965060081e-18 9.999999999999658051e-01
2.829500522453158862e-01 -9.591303750286042096e-01 -2.862102699289567273e-03 -5.150690606900771229e+01 9.591250781056728236e-01 2.829592983523199212e-01 -3.622157467938427137e-03 6.629846045531031962e+01 4.283979822239614328e-03 -1.720224830193455446e-03 9.999893441149647622e-01 -9.908727913605909210e-01 1.553053838079582602e-17 -1.658195437292789253e-16 -3.746259665366166325e-18 9.999999999999648059e-01
2.835426956645437091e-01 -9.589459530237508522e-01 -5.118487535508884322e-03 -5.125755932725324016e+01 9.589577665174837673e-01 2.835485855817125866e-01 -4.490549847376722106e-04 6.715491101193833856e+01 1.881959361310296024e-03 -4.781087114109547169e-03 9.999867996303907214e-01 -9.946276817025916372e-01 1.914885377474998444e-17 -1.750679330774357602e-16 -3.787903533781561866e-18 9.999999999999639178e-01
2.838926682457528772e-01 -9.588439673031569077e-01 -4.816563364485281634e-03 -5.101012737790298956e+01 9.588474007777636476e-01 2.838651673245906060e-01 5.677041612996602989e-03 6.801717189225658444e+01 -4.076142537361765808e-03 -6.230019753958137944e-03 9.999722855739264782e-01 -9.870778209839282669e-01 2.255281260982536309e-17 -1.834377889679237447e-16 -3.851043775479622893e-18 9.999999999999630296e-01
2.832099567956477548e-01 -9.590512578789758269e-01 -3.578425988294671022e-03 -5.075683783409679961e+01 9.590245713508965819e-01 2.831670117164742928e-01 9.397607182387680141e-03 6.887680139398779033e+01 -7.999494795567520938e-03 -6.093294373625732750e-03 9.999494386451523997e-01 -9.822200214487328829e-01 2.547954444458627902e-17 -1.909978981386346780e-16 -3.916831219294169726e-18 9.999999999999620304e-01
2.832235553892158419e-01 -9.590459468111887098e-01 -3.910188961157605100e-03 -5.050965312223451775e+01 9.590130849306103267e-01 2.831715201406734828e-01 1.038234622101692414e-02 6.972383416386297483e+01 -8.849892909488772316e-03 -6.690447388283322569e-03 9.999384567608647911e-01 -9.884458482085710651e-01 2.872949495394085735e-17 -1.977272977209160629e-16 -3.974792283029868950e-18 9.999999999999610312e-01
2.836162487358815376e-01 -9.589266840555777938e-01 -4.630125176235667245e-03 -5.025499738186661602e+01 9.588833697497541886e-01 2.835453526555713477e-01 1.202980485037409737e-02 7.058875148574482239e+01 -1.022285039907025635e-02 -7.851598156023343114e-03 9.999169194168985308e-01 -1.006707676845498112e+00 3.198176314163458130e-17 -2.034901382797810710e-16 -4.028283063803198851e-18 9.999999999999602540e-01
2.836587003283287389e-01 -9.588983223824897317e-01 -7.193681955334143771e-03 -5.001143584695172706e+01 9.588765394059179936e-01 2.835606374442374844e-01 1.221257831494094309e-02 7.144600094616355079e+01 -9.670775817336772426e-03 -1.036205695137485359e-02 9.998995468900334638e-01 -1.020295595045847881e+00 3.696459473859549374e-17 -2.107734484457034795e-16 -4.080031946989368802e-18 9.999999999999595879e-01
2.838163074386312879e-01 -9.588292395635236165e-01 -9.736169160256132396e-03 -4.976450399213768350e+01 9.588613856507960387e-01 2.837355959035580688e-01 8.885647136458981257e-03 7.229501583483009597e+01 -5.757320528378940226e-03 -1.185752821138890724e-02 9.999131223686972270e-01 -1.030135244379913440e+00 4.292314727409600103e-17 -2.179784280727905042e-16 -4.158774224931514623e-18 9.999999999999589217e-01
2.837469357270621662e-01 -9.588499616308752138e-01 -9.717383698849293983e-03 -4.951349015128143805e+01 9.588963136740066284e-01 2.837563773277529400e-01 4.218390363268256327e-04 7.313231279355021286e+01 2.352889251690851256e-03 -9.437658941292418821e-03 9.999526961341448361e-01 -1.026370717209168060e+00 5.012997412047501403e-17 -2.257650838215393954e-16 -4.290389851827931247e-18 9.999999999999584777e-01
2.834231633585076460e-01 -9.589507194820072744e-01 -9.210215891858650195e-03 -4.926031853987630171e+01 9.589544739171297350e-01 2.834863664759676438e-01 -6.465058121363860023e-03 7.397497937841492899e+01 8.810642774614518835e-03 -6.999830511168568699e-03 9.999366854690261430e-01 -1.025018454621116515e+00 5.831942293981731530e-17 -2.332910981076408099e-16 -4.457860097879535619e-18 9.999999999999584777e-01
2.835892154880498839e-01 -9.588975796193156542e-01 -9.622300092282747713e-03 -4.900858803998782776e+01 9.589106311342625588e-01 2.836505278208830139e-01 -5.725344055996848917e-03 7.483177536975772171e+01 8.219389057807485049e-03 -7.603280025196160717e-03 9.999373139234497554e-01 -1.021276723843930201e+00 6.710699970013114733e-17 -2.417891118378567728e-16 -4.647457000851554854e-18 9.999999999999585887e-01
2.838145044976995157e-01 -9.588438306406308342e-01 -8.236229665272711345e-03 -4.875601886029890863e+01 9.588768528246485179e-01 2.838223583969085584e-01 2.235867741860386650e-04 7.568848991125186387e+01 2.123241328852804467e-03 -7.960987150086796388e-03 9.999660566888873836e-01 -1.015397676007931960e+00 7.566085201596928377e-17 -2.508111881909138253e-16 -4.851175841044054020e-18 9.999999999999586997e-01
2.835442020995037615e-01 -9.589311648651723807e-01 -7.328472286178804550e-03 -4.850673486207817575e+01 9.589455785285737610e-01 2.834912202163066275e-01 7.490359183454254645e-03 7.654718555156804882e+01 -5.105181306320098061e-03 -9.151454014292697073e-03 9.999450924992433487e-01 -1.012079025734962334e+00 8.329640468405063088e-17 -2.583892666531981268e-16 -5.002673304048494390e-18 9.999999999999585887e-01
2.834037544130885156e-01 -9.589728815474670709e-01 -7.302358597176280761e-03 -4.825676956370678283e+01 9.589575611923040199e-01 2.833105847282120227e-01 1.164080809023450638e-02 7.740000055780346599e+01 -9.094383793773965982e-03 -1.030170070845541630e-02 9.999055791153436124e-01 -1.018039800127015670e+00 9.126378468787028326e-17 -2.673241597096739074e-16 -5.130155498828115559e-18 9.999999999999586997e-01
2.832764705301363262e-01 -9.590119563280761206e-01 -7.106958825835049676e-03 -4.800629969851400602e+01 9.589939329679451063e-01 2.831843185524580142e-01 1.171658041312207202e-02 7.825235958553713544e+01 -9.223761411390873216e-03 -1.013456194192105010e-02 9.999061020314536918e-01 -1.026405682108604500e+00 9.950627016845009856e-17 -2.743139397198528078e-16 -5.205394944772529215e-18 9.999999999999589217e-01
2.839694126255687401e-01 -9.587790111657986669e-01 -1.020688204044975858e-02 -4.775883118418963136e+01 9.588143508512960711e-01 2.838807052179320722e-01 9.315890000480921140e-03 7.910263634784337228e+01 -6.034342931073634689e-03 -1.243193278933063702e-02 9.999045123173394556e-01 -1.036775395939862676e+00 1.068933487961425313e-16 -2.815197360764190319e-16 -5.260006750523268149e-18 9.999999999999593658e-01
2.841928247659578077e-01 -9.586820661970831825e-01 -1.277240398667575487e-02 -4.751120630178628090e+01 9.587601227321096431e-01 2.841145382070012215e-01 7.612899451319227011e-03 7.994989541922925014e+01 -3.669524515276321140e-03 -1.440920301355855596e-02 9.998894486184015662e-01 -1.044917143398875536e+00 1.144692644600654585e-16 -2.875730483728257812e-16 -5.341309520119355259e-18 9.999999999999599209e-01
2.834408203056307252e-01 -9.589060217411475850e-01 -1.267055061928712596e-02 -4.725645635375943243e+01 9.589851489142486862e-01 2.833738888989904003e-01 6.835440885699848451e-03 8.080689342343926285e+01 -2.964042223077083347e-03 -1.408831284423510757e-02 9.998963615770229962e-01 -1.048678349161552781e+00 1.217181177039083931e-16 -2.961587690718281216e-16 -5.477204110153101711e-18 9.999999999999604761e-01
2.825176005660551826e-01 -9.591821752611701113e-01 -1.238386174037149623e-02 -4.700535836860763794e+01 9.592523248643189948e-01 2.824328482946352192e-01 8.164768612861403319e-03 8.166417375677542623e+01 -4.333891174371234771e-03 -1.418593900291092828e-02 9.998899822090231426e-01 -1.052930530719444313e+00 1.285371892423013954e-16 -3.056442731638650492e-16 -5.612940940624899091e-18 9.999999999999606981e-01
2.824433981983105468e-01 -9.591893367250422520e-01 -1.347379408764952727e-02 -4.675792272201843502e+01 9.592503995917291970e-01 2.822881564536359744e-01 1.233156960970023010e-02 8.251910838695883399e+01 -8.024817581271223924e-03 -1.640771278825541718e-02 9.998331807176196184e-01 -1.057899920471915500e+00 1.355633895545517521e-16 -3.145485783162048586e-16 -5.693764599680702112e-18 9.999999999999610312e-01
2.821188897579174903e-01 -9.592872172331730063e-01 -1.330289046576005850e-02 -4.650671109165156736e+01 9.593323376094208266e-01 2.819404954445158817e-01 1.382110868451865045e-02 8.337226223024337912e+01 -9.507789360291318478e-03 -1.666108884475722349e-02 9.998159880998371829e-01 -1.061246424233617702e+00 1.419680773255484827e-16 -3.224688762452009618e-16 -5.741810952824326529e-18 9.999999999999611422e-01
2.811684637610123993e-01 -9.595840117917677770e-01 -1.195070290125231985e-02 -4.625283858488167965e+01 9.596171827773403162e-01 2.810191250884845893e-01 1.277160338046651883e-02 8.422556111157912540e+01 -8.897050335341862015e-03 -1.505907195253651173e-02 9.998470217224855183e-01 -1.069274936856767999e+00 1.487051036326295999e-16 -3.312537203317520807e-16 -5.775567877443259761e-18 9.999999999999614753e-01
2.805962343572506179e-01 -9.597150732236118253e-01 -1.458531768144618289e-02 -4.601272124269928554e+01 9.597967174537767043e-01 2.804368166587487554e-01 1.206039083890484732e-02 8.507662830153734035e+01 -7.484278816526607203e-03 -1.738304028792241399e-02 9.998208917006135010e-01 -1.086652621574087929e+00 1.552512745603141755e-16 -3.397093899461689832e-16 -5.734500797871701067e-18 9.999999999999618083e-01
2.798700915979571158e-01 -9.599271947240933800e-01 -1.457781389711973810e-02 -4.576421920557091738e+01 9.600137609160760421e-01 2.797231583452894910e-01 1.133726320730689581e-02 8.593536863418331961e+01 -6.805195121369757121e-03 -1.716786283758358483e-02 9.998294623609638165e-01 -1.100643196446399408e+00 1.622986640485154815e-16 -3.486107309993147710e-16 -5.752044513063493966e-18 9.999999999999623634e-01
2.784736562615085509e-01 -9.603939239378788129e-01 -9.794571531222278152e-03 -4.551068453395790669e+01 9.604282422842609357e-01 2.783964744988755013e-01 8.543676567282261144e-03 8.677744850325514392e+01 -5.478520879792316868e-03 -1.178617197124144818e-02 9.999155324122617206e-01 -1.098719390567377108e+00 1.695396347533692511e-16 -3.619423793369495269e-16 -5.822899868109732079e-18 9.999999999999623634e-01
2.770337509023795275e-01 -9.607559918560555356e-01 -1.415008740498584217e-02 -4.527264320180510282e+01 9.608596015135588697e-01 2.769872693773527406e-01 5.184475094654560252e-03 8.762487348163583079e+01 -1.061621440063607738e-03 -1.503252192724346958e-02 9.998864416744969175e-01 -1.097503248807856657e+00 1.760488114884744149e-16 -3.733386013666402078e-16 -5.774307923227703208e-18 9.999999999999624745e-01
2.764476580090756141e-01 -9.607693783163696599e-01 -2.233593675651975030e-02 -4.503918013847601287e+01 9.610205506209251736e-01 2.764678801670104602e-01 2.238865815099809302e-03 8.847986173351479522e+01 4.024135369308234900e-03 -2.208422345153956620e-02 9.997480149563353624e-01 -1.110714829640663925e+00 1.794580293699585340e-16 -3.886939232040656992e-16 -5.812059136266763543e-18 9.999999999999619194e-01
2.750484261792969232e-01 -9.611544848951761866e-01 -2.303083633068679636e-02 -4.480508832530039598e+01 9.614165836507845286e-01 2.750938555754304793e-01 1.234222760861719429e-03 8.932848192641404239e+01 5.149362821369187285e-03 -2.248169901157224052e-02 9.997339932562799847e-01 -1.111338877146609283e+00 1.830680132740342375e-16 -4.038582975678649444e-16 -5.984920773767728019e-18 9.999999999999613642e-01
2.737454072491958823e-01 -9.615609638132966985e-01 -2.153984401799206860e-02 -4.456484441875740288e+01 9.617991962869409939e-01 2.737317722699967870e-01 3.636326669706755384e-03 9.018275278064885470e+01 2.399589900196809605e-03 -2.171243238971367132e-02 9.997613776537346286e-01 -1.098365509418798291e+00 1.872798220743367846e-16 -4.165080561510775746e-16 -6.224375581270321884e-18 9.999999999999608091e-01
2.733155437368281482e-01 -9.617448467799691869e-01 -1.858664154471151644e-02 -4.432672546297249028e+01 9.619225850433100744e-01 2.732261244430841396e-01 7.240532117097627646e-03 9.103549015459840632e+01 -1.885188415893333108e-03 -1.985786025446324710e-02 9.998010359320556040e-01 -1.088408871368578001e+00 1.929202177244965483e-16 -4.277870961787340353e-16 -6.454404977311538356e-18 9.999999999999603650e-01
2.722348645007421353e-01 -9.620339507671212820e-01 -1.946422671352538228e-02 -4.409472077264015155e+01 9.622217376645163522e-01 2.720886313565179515e-01 9.854148991637140531e-03 9.189238108316560272e+01 -4.184031078980647057e-03 -2.141154496606488197e-02 9.997619914890529813e-01 -1.092515037062927741e+00 1.979046214831294526e-16 -4.403154032354319116e-16 -6.674270171207841967e-18 9.999999999999599209e-01
2.713372806974051477e-01 -9.623232547525606417e-01 -1.760776720816858640e-02 -4.386446036782008662e+01 9.624707153381956148e-01 2.711907414964394025e-01 1.028123742214394690e-02 9.274302563138120092e+01 -5.118810413685758939e-03 -1.973664330465477526e-02 9.997921097363569043e-01 -1.102507517733759101e+00 2.010004430423067251e-16 -4.531648359453492829e-16 -6.898404096008727646e-18 9.999999999999596989e-01
2.698452840274776499e-01 -9.628000859038742254e-01 -1.412505828291769905e-02 -4.362814084828733741e+01 9.628822024634492438e-01 2.697122202506896382e-01 1.063872297414982654e-02 9.359713118922302044e+01 -6.433262562767240282e-03 -1.647157645200044221e-02 9.998436379264746821e-01 -1.114470294970096420e+00 2.037559395210880645e-16 -4.651076587274795061e-16 -7.108713546347604379e-18 9.999999999999595879e-01
2.690473609062347671e-01 -9.630223348710343911e-01 -1.419507410326562198e-02 -4.340164606706074579e+01 9.630906475411766809e-01 2.688800370621654001e-01 1.264635473601930307e-02 9.444758833364417683e+01 -8.361950014506951134e-03 -1.707361147678955124e-02 9.998192684596340918e-01 -1.119540941383875277e+00 2.057693637426594077e-16 -4.752280997052991970e-16 -7.287141637650586603e-18 9.999999999999594769e-01
2.686552964137332022e-01 -9.630475753285748786e-01 -1.907090355646743826e-02 -4.318357708134900008e+01 9.632000572899456214e-01 2.684205582311069982e-01 1.400191256553542755e-02 9.529824006170009909e+01 -8.365485367607694914e-03 -2.213078336878315094e-02 9.997200843646744106e-01 -1.117618097151477308e+00 2.092430796366419518e-16 -4.883076403058000284e-16 -7.461183959525352831e-18 9.999999999999593658e-01
2.683503317110679798e-01 -9.630310627411232671e-01 -2.364892526338851705e-02 -4.296535978856093863e+01 9.632935814409675501e-01 2.680751805828405221e-01 1.418356478677634466e-02 9.615141527614565575e+01 -7.319523559498696159e-03 -2.658702222954491962e-02 9.996197050998401057e-01 -1.121377223816848678e+00 2.141680123165066888e-16 -5.018748362892414175e-16 -7.706267636623188457e-18 9.999999999999592548e-01
2.687414937218900457e-01 -9.628545945238257131e-01 -2.624955916448182616e-02 -4.273819883069854342e+01 9.631989132525287101e-01 2.684940509381346652e-01 1.260151260481366317e-02 9.700083218992081413e+01 -5.085573834087819128e-03 -2.867009618112766403e-02 9.995759913702439992e-01 -1.131269706194739877e+00 2.188790714632890694e-16 -5.154285229204799664e-16 -7.967619870022635127e-18 9.999999999999591438e-01
2.702543417731316233e-01 -9.623930917053360456e-01 -2.760666206646219395e-02 -4.250498543579996635e+01 9.627770513619612336e-01 2.699972349800840443e-01 1.272173234393089367e-02 9.784586256550956307e+01 -4.789584897354271995e-03 -3.001716410308491456e-02 9.995379081034309054e-01 -1.144745044902830022e+00 2.243664284105578239e-16 -5.302818584168897477e-16 -8.266889014118993455e-18 9.999999999999590328e-01
2.714231664183944237e-01 -9.620827288301960767e-01 -2.694972389252920514e-02 -4.226505223678275058e+01 9.624290721879243948e-01 2.710831157080639264e-01 1.562771209922164672e-02 9.869654141280540216e+01 -7.729536781538390820e-03 -3.017892086342038871e-02 9.995146257042593074e-01 -1.156204056018117710e+00 2.302254263327715076e-16 -5.445945661637280084e-16 -8.581009669631076195e-18 9.999999999999588107e-01
