1.000000000000000000e+00 4.398956837314658088e-19 2.733407509747682871e-20 -8.673617379884035472e-19 -5.583667658079949532e-19 1.000000000000000000e+00 -6.100159232558060012e-19 0.000000000000000000e+00 4.145284534913582806e-20 -2.210423569125054137e-19 1.000000000000000222e+00 0.000000000000000000e+00
9.999402884566954697e-01 -9.167980194361374053e-04 1.088939931591650402e-02 8.519635756414860317e-02 9.129743994607891983e-04 9.999995198347209069e-01 3.560987440678600106e-04 -4.909756611060217546e-03 -1.088972074596632027e-02 -3.461357305170941552e-04 9.999406453179907617e-01 2.975479951876261464e-01
9.998545524851956134e-01 -2.592380250334516602e-03 1.685685210133348183e-02 1.138871364863882352e-01 2.579894531989657732e-03 9.999963814392800465e-01 7.623960040290159819e-04 -1.003888850690254353e-02 -1.685876781510380756e-02 -7.187962040352250835e-04 9.998576224949015101e-01 5.467787125281362570e-01
9.997859811795689611e-01 -6.172170272641596192e-03 1.974578899510495006e-02 1.048368000433503311e-01 6.191273584354671164e-03 9.999804230209083933e-01 -9.064741358620970668e-04 -1.198394251354918671e-02 -1.973980786157254752e-02 1.028531747213638466e-03 9.998046219571581350e-01 9.185025057272999671e-01
9.998179106142845995e-01 -6.895346940036188761e-03 1.779325257957694792e-02 1.071559750555213797e-01 6.926251647369581141e-03 9.999746089809582461e-01 -1.675833935970100089e-03 -1.710240083644883058e-02 -1.778124564316003672e-02 1.798769367229034700e-03 9.998402831014361336e-01 1.186518995445470015e+00
9.998876731436264764e-01 -1.037597279519979730e-02 1.081574387113972378e-02 1.006402209335967995e-01 1.041491156185531293e-02 9.999394613669283505e-01 -3.550098669749641393e-03 -1.824553727457590979e-02 -1.077825356245641110e-02 3.662344965137804848e-03 9.999352061337786202e-01 1.544125643914719959e+00
9.999376583296838428e-01 -1.108982751562697690e-02 -1.301997497001055812e-03 7.392346021212754803e-02 1.108351676164571510e-02 9.999272552508414735e-01 -4.758134500153101895e-03 -2.999434035366545237e-02 1.354669694691149192e-03 4.743407209141427966e-03 9.999878324055736512e-01 1.854385696983317233e+00
9.997969167209684871e-01 -1.064106301741039179e-02 -1.711411939695807807e-02 4.303423462256780047e-02 1.055632290576633166e-02 9.999316079896163334e-01 -5.034220111758892779e-03 -3.940848136625382803e-02 1.716651867526785072e-02 4.852535611425475189e-03 9.998408691201607912e-01 2.162451622176972954e+00
9.993306144898923549e-01 -6.788261894746141188e-03 -3.594777299093204759e-02 1.995474844638192580e-02 6.605144903163794046e-03 9.999646118542485640e-01 -5.210286836736072527e-03 -4.264074285618511817e-02 3.598187027662318876e-02 4.969358913885251437e-03 9.993400875353423141e-01 2.510261171940441738e+00
9.984310768300113104e-01 -3.358818606748183340e-03 -5.589367612927226975e-02 -3.775223825253478521e-02 3.017394233647372349e-03 9.999762785967175605e-01 -6.191734111972119030e-03 -5.241221471808774068e-02 5.591314812745860896e-02 6.013366506868319042e-03 9.984175276009047417e-01 2.863089661215756365e+00
9.971422598365724532e-01 -2.758711840821957695e-03 -7.549637711553669472e-02 -7.869605295207363072e-02 2.280393486456479182e-03 9.999767842573297205e-01 -6.421117402070047886e-03 -5.336424531586356212e-02 7.551233972563423102e-02 6.230606059984777206e-03 9.971254014916743902e-01 3.213088120587480390e+00
9.953407264832010437e-01 -3.368241690138366710e-03 -9.636126224986522881e-02 -1.069491219259421227e-01 2.801093089046474346e-03 9.999779545797744529e-01 -6.020317910841216542e-03 -6.384199564843247299e-02 9.637941747491315936e-02 5.722350703569635891e-03 9.953282186712352209e-01 3.606420815936081770e+00
9.932561496011865776e-01 -4.120843125712052649e-03 -1.158673359693022376e-01 -2.050238407959765752e-01 3.515517071032907975e-03 9.999790878130375704e-01 -5.428173796812761284e-03 -7.105419642837848548e-02 1.158872835849173583e-01 4.984233349400101105e-03 9.932498654988701769e-01 3.980271154325645711e+00
9.910803254328440781e-01 -4.059442967971461577e-03 -1.332040126171205041e-01 -2.755416904741969653e-01 3.452630812497934753e-03 9.999825857755353375e-01 -4.786175992189108802e-03 -8.163700411792287892e-02 1.332211244841298159e-01 4.283580501502851773e-03 9.910770824815825497e-01 4.389191023363148147e+00
9.888298468131289098e-01 -3.225810504858869082e-03 -1.490138504046726320e-01 -3.575827300619711102e-01 2.637699871562071505e-03 9.999879342187653064e-01 -4.144146733432111512e-03 -8.891665928333990221e-02 1.490254232454284733e-01 3.704802065122784430e-03 9.888264247369147331e-01 4.829055093211472638e+00
9.866815458940195738e-01 -2.778772267897472534e-03 -1.626401080251226317e-01 -4.385874738175878917e-01 2.103154212647027465e-03 9.999884307497715064e-01 -4.326095911673983122e-03 -9.441298562101653469e-02 1.626502504492225998e-01 3.926421662426305900e-03 9.866759751424536429e-01 5.222451831126305066e+00
9.845188034083068862e-01 -3.475048732123866418e-03 -1.752445405821606017e-01 -5.193528630392507672e-01 2.613643969769823602e-03 9.999833436088717553e-01 -5.146004863974353027e-03 -9.966991216236818774e-02 1.752595072888366579e-01 4.608311598550739706e-03 9.845114876632865553e-01 5.666307956666361001e+00
9.827434375321432158e-01 -6.336368935770091831e-03 -1.848653174078400130e-01 -6.244088852027426251e-01 5.146228332330336948e-03 9.999628351031779605e-01 -6.916989086606799113e-03 -1.129473535641431076e-01 1.849022786988662459e-01 5.846266387149049067e-03 9.827395226333142109e-01 6.113111353176856611e+00
9.812343964252302486e-01 -5.852653234743707307e-03 -1.927298752749810884e-01 -7.124721604675103848e-01 4.274696834165469042e-03 9.999538633701536838e-01 -8.602214331028902594e-03 -1.242635682536874786e-01 1.927713324768023651e-01 7.616926697067601115e-03 9.812141441643158490e-01 6.569438750879743161e+00
9.795658464453206316e-01 -5.697411806080947098e-03 -2.010430078615116356e-01 -8.176873575236397462e-01 3.664006418767155968e-03 9.999383185878627511e-01 -1.048494497420921108e-02 -1.180182414198816671e-01 2.010903477675667350e-01 9.534071035057916504e-03 9.795263010743086030e-01 7.029420436591570898e+00
9.780042196156394363e-01 -6.128660689527529876e-03 -2.084950476717459256e-01 -9.212682846752097143e-01 3.492936284149304217e-03 9.999092981108622658e-01 -1.300749562028726339e-02 -1.365268566667684758e-01 2.085558589044735900e-01 1.199312561007182323e-02 9.779369200968318632e-01 7.522109894528841600e+00
9.762673075470144068e-01 -9.713278744347063690e-03 -2.163510927640393267e-01 -1.029776937511825752e+00 6.628892056615530784e-03 9.998658566728279018e-01 -1.497753114020601399e-02 -1.443560495472091809e-01 2.164675553800510799e-01 1.318790588991959958e-02 9.762007363794215076e-01 8.009204700211885353e+00
9.744535683615502819e-01 -1.547621985384468012e-02 -2.240551909148412457e-01 -1.164984371442330469e+00 1.219785472882403514e-02 9.997974457092578815e-01 -1.600874363084088883e-02 -1.674782403906986961e-01 2.242575662829457139e-01 1.286678461033772397e-02 9.744449656034213092e-01 8.547737602360346187e+00
9.724814805485840763e-01 -1.623234296017747255e-02 -2.324140266972941349e-01 -1.289978992648585177e+00 1.233493049356464491e-02 9.997580413354960616e-01 -1.821285956721248322e-02 -1.807191020476334731e-01 2.326534335084748939e-01 1.484485770735219888e-02 9.724464053735246694e-01 9.037415610488002571e+00
9.704036284293633408e-01 -1.249971065281770682e-02 -2.411649930018377186e-01 -1.437866620121919459e+00 7.403996763060165763e-03 9.997300208451604941e-01 -2.202421938598125156e-02 -1.871668865804771431e-01 2.413751840124568615e-01 1.958679754649919960e-02 9.702341878295551725e-01 9.569718951313982203e+00
9.682729056086454289e-01 -9.701120951011013571e-03 -2.497067622500684092e-01 -1.595015962802305509e+00 3.537790067914505041e-03 9.996782012464671130e-01 -2.511927520810643480e-02 -2.063583946223204735e-01 2.498700963571929279e-01 2.343890348353366501e-02 9.679956374695561916e-01 1.010481035883737277e+01
9.659297626553606797e-01 -1.230180467486865006e-02 -2.585118135223319347e-01 -1.744615060338266854e+00 5.419153504710623459e-03 9.996120533290950849e-01 -2.731987561055445116e-02 -2.254538832930776948e-01 2.587476129558151650e-01 2.498816576648872634e-02 9.656216991452170051e-01 1.067834527689624657e+01
9.635824600606021084e-01 -1.418687794647314343e-02 -2.670347797282808244e-01 -1.910282412517703809e+00 6.697806434423025923e-03 9.995588466819289586e-01 -2.893529669718161029e-02 -2.624170837703607706e-01 2.673274825768337526e-01 2.609299711442845948e-02 9.632523937929161617e-01 1.123008467538550725e+01
9.614754276056144411e-01 -1.385635148754179279e-02 -2.745414394596680241e-01 -2.084106409216654576e+00 5.338505651588732956e-03 9.994816266592965182e-01 -3.174867423102281649e-02 -2.813158417425197233e-01 2.748390500181326912e-01 2.905992913259657084e-02 9.610509969662763829e-01 1.179279492910123928e+01
9.589645170084212245e-01 -1.330404349222887722e-02 -2.832137987399543366e-01 -2.261165303482771005e+00 3.457872130044703160e-03 9.993729869227931939e-01 -3.523742497510941318e-02 -2.980575950891063974e-01 2.835050250974013863e-01 3.281212317327864697e-02 9.584092377876480828e-01 1.240468528724364283e+01
9.568709983113921069e-01 -1.468839023791954600e-02 -2.901415895018490954e-01 -2.457483135363247584e+00 3.059698999944305327e-03 9.991751605757338561e-01 -4.049242791158914195e-02 -3.352696600705454277e-01 2.904970428577571817e-01 3.785828408258264804e-02 9.561266758404195487e-01 1.300058305616496845e+01
9.549184093170284271e-01 -1.606338936144178359e-02 -2.964334616333368366e-01 -2.670015886284462070e+00 2.062286152475038652e-03 9.988698579087300633e-01 -4.748424920499035029e-02 -3.708388450246688506e-01 2.968612127828200165e-01 4.473225324785433388e-02 9.538723435412498342e-01 1.361132821682451421e+01
9.537447213122578482e-01 -1.621013182968679758e-02 -3.001803395598376389e-01 -2.874973702562964029e+00 -4.935627670647678390e-04 9.984593277715313464e-01 -5.548627907988726293e-02 -4.046464043355154638e-01 3.006173051007417496e-01 5.306790384254524151e-02 9.522673129999896791e-01 1.421759577116481132e+01
9.523890799274488117e-01 -1.659575943684718502e-02 -3.044332754770913141e-01 -3.084185980074928057e+00 -3.181960356547205993e-03 9.979220094109464423e-01 -6.435478415163801980e-02 -4.509466903639831048e-01 3.048686877314542576e-01 6.225948858768146077e-02 9.503572177481249827e-01 1.484738341701265796e+01
9.510326092700583933e-01 -1.528672833505476288e-02 -3.087123094457745465e-01 -3.310155501369496545e+00 -7.619507448581299032e-03 9.973132429142873567e-01 -7.285765982959623022e-02 -4.943259606290075769e-01 3.089966349951532298e-01 7.164224646277536634e-02 9.483609387464637663e-01 1.548038934413023426e+01
9.498022044490457283e-01 -1.476672185957893062e-02 -3.125023428147632454e-01 -3.552239876139323904e+00 -1.084484481551091853e-02 9.967310575641240566e-01 -8.005990387260239483e-02 -5.479241903058412744e-01 3.126630183144241681e-01 7.943011305486889773e-02 9.465372133324100323e-01 1.614123070656649261e+01
9.481202058955100487e-01 -1.278686689274627711e-02 -3.176547954271782825e-01 -3.773617826704127154e+00 -1.554352182160957663e-02 9.961313030061242912e-01 -8.649176887184016616e-02 -6.144851679240154185e-01 3.175318494241450296e-01 8.694206847520254133e-02 9.442534635882984251e-01 1.678282597281313571e+01
9.464150007492211358e-01 -1.213736360143432592e-02 -3.227248495988609411e-01 -4.018130158003567765e+00 -1.871360097272262157e-02 9.955534466778871439e-01 -9.232083149087154383e-02 -6.780942098973254950e-01 3.224103733375348613e-01 9.341316443836490679e-02 9.419795826376816672e-01 1.746676367541191865e+01
9.449640182984628822e-01 -1.048054697020747890e-02 -3.270063607755405166e-01 -4.280184936014524766e+00 -2.281709099907296492e-02 9.949421924912136284e-01 -9.782338136161680686e-02 -7.638596843935445690e-01 3.263776736445783144e-01 9.990091005543838554e-02 9.399454370352087196e-01 1.814084570338722457e+01
9.432246209176738949e-01 -6.772777789021065288e-03 -3.320864972222197786e-01 -4.546198278053024566e+00 -2.841181398112161902e-02 9.944826723095770982e-01 -1.009801133520374511e-01 -8.286798714036465174e-01 3.309381886908550618e-01 1.046821095880441782e-01 9.378281151396209436e-01 1.884953918888920654e+01
9.413265714646459337e-01 -6.408754397496418606e-03 -3.374362329603540211e-01 -4.794769547438195723e+00 -2.998562510078857726e-02 9.942775509442848270e-01 -1.025329896529515589e-01 -9.137263192389782906e-01 3.361623857708999630e-01 1.066352646686884176e-01 9.357477080588798568e-01 1.953368698225839495e+01
9.392492343259145615e-01 -6.410985604525422030e-03 -3.431760081944713603e-01 -5.079306963458717128e+00 -3.035517170481277088e-02 9.943563927111229717e-01 -1.016559285986901318e-01 -1.002392321354715454e+00 3.418909780828979228e-01 1.058974204225469617e-01 9.337538743913582628e-01 2.025117346425274434e+01
9.368347088753387064e-01 -6.131386931765366206e-03 -3.497186465901850339e-01 -5.337981220381077918e+00 -3.090612342425671025e-02 9.944843984325180131e-01 -1.002277047868050802e-01 -1.091316732261175648e+00 3.484042786429045746e-01 1.047052409413654350e-01 9.314780049539420625e-01 2.098017775205117630e+01
9.343089144389762346e-01 -6.008996626796352623e-03 -3.564137226621472143e-01 -5.616600433996598696e+00 -3.111845177422569234e-02 9.946658123401104223e-01 -9.834410873102600315e-02 -1.176289843900218957e+00 3.551035004449425436e-01 1.029748213392602113e-01 9.291381451637162892e-01 2.169797904689446355e+01
9.312561078567337391e-01 -5.472114709382210236e-03 -3.643241891148732425e-01 -5.908975088374178064e+00 -3.142081126441404609e-02 9.949564621077917614e-01 -9.525949367937158740e-02 -1.261635834803016998e+00 3.630079833246522281e-01 1.001583475012103042e-01 9.263873445960405517e-01 2.242294732689492776e+01
9.277250834712047478e-01 -2.379670438826881479e-03 -3.732566191940888678e-01 -6.241078060176755926e+00 -3.348997972266440359e-02 9.954159530416197832e-01 -8.958516455550548374e-02 -1.335710757966835249e+00 3.717587828339695144e-01 9.561076141721458477e-02 9.233926535129874935e-01 2.320742701118113516e+01
9.242949297080718107e-01 4.163427562340195169e-04 -3.816788002445960504e-01 -6.560274025412532239e+00 -3.524087421852385021e-02 9.958208528863116138e-01 -8.425502817460432670e-02 -1.421956250242539355e+00 3.800486359071407749e-01 9.132719043086087729e-02 9.204468380194603672e-01 2.390738741090430963e+01
9.206482641842300696e-01 4.215279560217264666e-03 -3.903703394502682222e-01 -6.895882557358035569e+00 -3.851381963940499892e-02 9.960444821630239920e-01 -8.007543502596121965e-02 -1.494340064375512256e+00 3.884886889030378376e-01 8.875596356823617361e-02 9.171689705994900965e-01 2.468862896304299070e+01
9.169633872967756227e-01 4.873011744547603268e-03 -3.989415957709264715e-01 -7.227570358731101763e+00 -3.932188179108625503e-02 9.961608882300388990e-01 -7.821300673600188602e-02 -1.569564893754503032e+00 3.970288882818492904e-01 8.740559829899816058e-02 9.136346788972291577e-01 2.541810639334098809e+01
9.130792598939553306e-01 4.961973027762933176e-03 -4.077519350847802482e-01 -7.592290143509993428e+00 -4.002700883755458405e-02 9.961877675678533217e-01 -7.750980817862175576e-02 -1.648610775622872504e+00 4.058128952955264990e-01 8.709368902601373474e-02 9.097970030184241441e-01 2.618468693555397309e+01
9.093174685895163423e-01 5.010494196390536531e-03 -4.160728694938701788e-01 -7.947684147381326447e+00 -4.050335220815874659e-02 9.962448809441432074e-01 -7.652199492345543308e-02 -1.715859780198635498e+00 4.141270604056326299e-01 8.643513310978780118e-02 9.061058156123423801e-01 2.692939203215614796e+01
9.053784897541611310e-01 5.453221182292828685e-03 -4.245704287857647308e-01 -8.346207437171166532e+00 -4.109646934943858576e-02 9.963484132243239921e-01 -7.483929269045123955e-02 -1.788941279430606546e+00 4.226119650386653270e-01 8.520623180178028833e-02 9.022965303491742306e-01 2.771834090745641888e+01
9.015146123242266940e-01 5.736236403259163501e-03 -4.327106372146232727e-01 -8.741268031380153403e+00 -4.113746623172702399e-02 9.965199705304187416e-01 -7.249591206944487609e-02 -1.862091754523518494e+00 4.307889451311826545e-01 8.315674366286514296e-02 8.986132897273431119e-01 2.850940207650499758e+01
8.979557680189919067e-01 6.589895511751708845e-03 -4.400363712697737961e-01 -9.129554261582452312e+00 -4.070511934682417149e-02 9.968453178061906783e-01 -6.813593538582704556e-02 -1.933326538700858688e+00 4.381991951780283556e-01 7.909478952610024538e-02 8.953912460312422050e-01 2.928860262117726521e+01
8.939243188393688477e-01 7.579509794158541779e-03 -4.481538342649989959e-01 -9.542357815373764041e+00 -3.991940210936503752e-02 9.972299367363062217e-01 -6.276061407627997468e-02 -1.992326694342792415e+00 4.464367327589645607e-01 7.399327257772556066e-02 8.917506620362395386e-01 3.008756567392256898e+01
8.900964220500601209e-01 7.837074894562916227e-03 -4.557048776706004167e-01 -9.933852982481161220e+00 -3.858571115283046526e-02 9.975583268763242861e-01 -5.821105944828913747e-02 -2.064971784637005037e+00 4.541359986796188464e-01 6.939715274302674097e-02 8.882254972724407116e-01 3.088711292804810782e+01
8.862389561021242201e-01 7.449998598056457866e-03 -4.631684422594558037e-01 -1.038685086866290064e+01 -3.784537013122858673e-02 9.976926049223295845e-01 -5.636660456388672968e-02 -2.128493672145812532e+00 4.616798064769636056e-01 6.748306211787011288e-02 8.844760012879433475e-01 3.170372216207700689e+01
8.833883251501666312e-01 6.647447577610944222e-03 -4.685945732028750643e-01 -1.085008137946121032e+01 -3.680917246870728243e-02 9.977945180902394462e-01 -5.523752851656315438e-02 -2.188505357779531035e+00 4.671939157967791023e-01 6.604476644688950238e-02 8.816847158684151253e-01 3.250053724955513701e+01
8.800071673569634934e-01 6.763421432952681014e-03 -4.749122413963025591e-01 -1.127529334515791604e+01 -3.650677753426478933e-02 9.979037757489856997e-01 -5.343509713605924111e-02 -2.236158530657300414e+00 4.735553228925991620e-01 6.436078417429669241e-02 8.784093863668760438e-01 3.333266129683767076e+01
8.772999158223535598e-01 5.282233576330753848e-03 -4.799134829519834389e-01 -1.175451037529043319e+01 -3.450136871459236199e-02 9.980465136184236696e-01 -5.208466446899992497e-02 -2.310868369568891190e+00 4.787008633615923991e-01 6.225154391910148188e-02 8.757683673335480146e-01 3.418192312097264818e+01
8.744623915353285648e-01 4.524082182387308831e-03 -4.850722150297965274e-01 -1.223584650308567845e+01 -3.380689630645161009e-02 9.980935687656428135e-01 -5.163643879377931983e-02 -2.359896528715485164e+00 4.839138590327907719e-01 6.155290996060050479e-02 8.729482349645176775e-01 3.501616697773615527e+01
8.722900980251884206e-01 3.793036671023342424e-03 -4.889740207979176856e-01 -1.271253455430761292e+01 -3.354390008865520967e-02 9.980784890339104987e-01 -5.209737569372635546e-02 -2.422192472536092822e+00 4.878368529833644884e-01 6.184612077810953956e-02 8.707412169532230406e-01 3.584557626869164437e+01
8.710108439651479406e-01 3.905474934273963240e-03 -4.912482592083687871e-01 -1.322817030283423456e+01 -3.404337708500448922e-02 9.980443551882209885e-01 -5.242626835967716808e-02 -2.481563519297549814e+00 4.900828110453093189e-01 6.238759811122165932e-02 8.694404123599855927e-01 3.670501577533488557e+01
8.705480389290344290e-01 3.857149464465848849e-03 -4.920683179344609304e-01 -1.371638356899387112e+01 -3.364708654527389514e-02 9.980955028634246329e-01 -5.170339245056732036e-02 -2.542245579264135191e+00 4.909317559583165624e-01 6.156695230603693308e-02 8.690198652017839809e-01 3.757314049336439865e+01
8.702103633257975979e-01 3.262575172084488349e-03 -4.926695386908337970e-01 -1.423263803980016284e+01 -3.219015120431385074e-02 9.982179005568702079e-01 -5.024755945096218146e-02 -2.606797307325925850e+00 4.916276245933201561e-01 5.958505401436133692e-02 8.687645853895785697e-01 3.848023085452361158e+01
8.700882274726631227e-01 2.919729517393832019e-03 -4.928873570907146284e-01 -1.474154633092826749e+01 -3.143743733067753260e-02 9.982751377232907952e-01 -4.958262794303182341e-02 -2.668601491775744350e+00 4.918924348779715183e-01 5.863637635539081794e-02 8.686792346054855729e-01 3.937147765980544278e+01
8.695736102439018955e-01 1.828537723363922018e-03 -4.937999473363320901e-01 -1.526620463784797899e+01 -3.052120643298115304e-02 9.982802119395287610e-01 -5.005071889024147180e-02 -2.726779047979837500e+00 4.928592049304476586e-01 5.859415454485800145e-02 8.681339377899771614e-01 4.026607263182393837e+01
8.680809239564319935e-01 4.434147207223936515e-04 -4.964225095354770634e-01 -1.577272053173160238e+01 -2.943366289580010703e-02 9.982862853040523898e-01 -5.057817822922856810e-02 -2.792909347102356499e+00 4.955493643988317376e-01 5.851748458167706918e-02 8.666063329242200686e-01 4.119478628003336951e+01
8.665841013269186544e-01 -1.296607790657120906e-03 -4.990293670901121414e-01 -1.629770629449918573e+01 -2.663704016165601915e-02 9.984508484277863083e-01 -4.885050061562774826e-02 -2.847934764910263983e+00 4.983196434743038528e-01 5.562573253349566149e-02 8.652070940993917825e-01 4.208634158710340500e+01
8.650182399825711022e-01 -7.403010411660383098e-04 -5.017398643565580407e-01 -1.687559422454469171e+01 -2.554764515462507393e-02 9.986367605688671878e-01 -4.551854910079470434e-02 -2.918547910048301830e+00 5.010895788430899112e-01 5.219264727500690787e-02 8.638201007547227084e-01 4.304094137880846205e+01
8.619411171253711368e-01 -4.992623496586836174e-04 -5.070081422244608893e-01 -1.740843607874328569e+01 -2.350248642556661965e-02 9.988851895899695243e-01 -4.093911567326279088e-02 -2.984543930070382434e+00 5.064633723511621222e-01 4.720305905791216672e-02 8.609684829909023396e-01 4.394514489540060254e+01
8.579257434462054244e-01 -1.819241827702315628e-03 -5.137704778446178233e-01 -1.795592118506946377e+01 -2.123259368455377230e-02 9.990138764606235622e-01 -3.899296914630290961e-02 -3.041646908148483597e+00 5.133347831674822670e-01 4.436175179618598308e-02 8.570410961654224558e-01 4.484255315267759556e+01
8.530416839551706598e-01 -4.423316912109717669e-03 -5.218240262471629531e-01 -1.852496572201629732e+01 -1.981185033851810828e-02 9.989686504346846352e-01 -4.085493934722491532e-02 -3.095971248246551344e+00 5.214665665932529670e-01 4.518926572109803474e-02 8.520742664160546598e-01 4.573789394114186280e+01
8.471083660075821031e-01 -7.576338511251948064e-03 -5.313661730147282158e-01 -1.907932884172504373e+01 -1.871482757627345242e-02 9.988528197679527043e-01 -4.407720159452015174e-02 -3.160561975635217902e+00 5.310905531942632374e-01 4.728259249333492675e-02 8.459947909031867441e-01 4.660819865841586562e+01
8.407685400620186211e-01 -8.180954577449436188e-03 -5.413329181957324820e-01 -1.967564081678615295e+01 -1.842268136829599071e-02 9.988744438274375081e-01 -4.370869832423331797e-02 -3.231347109548927676e+00 5.410812057867121494e-01 4.672170229543930881e-02 8.396714934730851176e-01 4.752575608391376960e+01
8.349799888167097617e-01 -4.164318293985828923e-03 -5.502645462380693075e-01 -2.028078583032115390e+01 -2.059401930308009734e-02 9.990343601848218347e-01 -3.881022514754824820e-02 -3.272718590034813690e+00 5.498948164920356430e-01 4.373791996018008832e-02 8.340879396070884910e-01 4.840718142523034118e+01
8.297345884790213733e-01 -7.778598330541129906e-04 -5.581575956413042938e-01 -2.086520760526911644e+01 -2.181000029855711606e-02 9.991901285778196362e-01 -3.381435910148548885e-02 -3.340603280456648783e+00 5.577318722043240751e-01 4.023036053349148683e-02 8.290456458003535589e-01 4.928840903492945813e+01
8.259079420933410631e-01 -5.101526805449913904e-04 -5.638047576725478960e-01 -2.151616625657615245e+01 -2.347409019532787494e-02 9.991013588378701016e-01 -3.529081895954352954e-02 -3.385791644602598183e+00 5.633161129273459578e-01 4.238177128280389699e-02 8.251537726336409806e-01 5.018678041138055335e+01
8.225162854917025257e-01 -2.274261415393830522e-03 -5.687370056374564387e-01 -2.211298518523327061e+01 -2.440597993112851236e-02 9.989297170876527687e-01 -3.929081964217490813e-02 -3.443305468238992972e+00 5.682176635264645226e-01 4.619792289079695247e-02 8.215804555770651607e-01 5.104508150761629537e+01
8.195648196748419601e-01 -4.825726318975695484e-03 -5.729661529092605621e-01 -2.274654918277814630e+01 -2.630677087155382926e-02 9.985931723059101595e-01 -4.603944044466896923e-02 -3.516142813249131915e+00 5.723822718552611377e-01 5.280519498579350907e-02 8.182848847066619413e-01 5.189372302742381748e+01
8.162777464599404453e-01 -6.117244427703441220e-03 -5.776272271316332807e-01 -2.337232253116171066e+01 -2.638372353278082769e-02 9.985056003517590595e-01 -4.785880529120550148e-02 -3.565799839164447871e+00 5.770567951542734386e-01 5.430603478582917559e-02 8.148965063970087241e-01 5.277951341437051269e+01
8.131652994911120480e-01 -4.392448474256659303e-03 -5.820162330862647115e-01 -2.397043568866648044e+01 -2.622520352114682610e-02 9.986794177781199711e-01 -4.417758768488741494e-02 -3.631712213893675489e+00 5.814416905902856092e-01 5.118717544107873746e-02 8.119762558048446710e-01 5.362558131271137540e+01
8.098565245522980627e-01 -2.097416059767895011e-03 -5.866242441828449783e-01 -2.462022408336463997e+01 -2.540574476387267092e-02 9.989299779474419827e-01 -3.864514638215636039e-02 -3.690293038284724325e+00 5.860776083574749107e-01 4.620064966369651083e-02 8.089366746090225213e-01 5.450587980773060792e+01
8.068829441648045497e-01 -1.213376828425741585e-03 -5.907101111569756924e-01 -2.528090718789944447e+01 -2.477050289951988893e-02 9.990488018083857336e-01 -3.588751647952029972e-02 -3.748788971530140124e+00 5.901917840240230584e-01 4.358921135265148017e-02 8.060853834340278024e-01 5.536390672507875621e+01
8.038284529165025116e-01 -5.207555319742084863e-06 -5.948611699011910892e-01 -2.590785750040010882e+01 -2.655016169527149583e-02 9.990031578251451494e-01 -3.588564645087744670e-02 -3.805559865349061432e+00 5.942683843203856453e-01 4.463956379668636981e-02 8.030270253783217127e-01 5.621343089353720046e+01
8.002420229297702026e-01 -1.374926984005786198e-03 -5.996755851411459393e-01 -2.656395262492714693e+01 -2.645551392020880840e-02 9.989428344744808452e-01 -3.759413898743594468e-02 -3.855300972701922735e+00 5.990933283095049022e-01 4.594913551388653955e-02 7.993596610840140171e-01 5.707400703541976839e+01
7.965059390938571404e-01 -3.527015118522960641e-03 -6.046204116230201597e-01 -2.722764131988638781e+01 -2.591663567450350897e-02 9.988647795369196558e-01 -3.996849064587931766e-02 -3.914318824966102284e+00 6.040750140422489478e-01 4.750486700702616361e-02 7.955103217264651860e-01 5.792678686111999298e+01
7.920816630989189200e-01 -4.970700039941340805e-03 -6.103948918526725942e-01 -2.787532299073978947e+01 -2.487407537295840618e-02 9.988734327707521343e-01 -4.041219772560908363e-02 -3.975908615482790509e+00 6.099081283969706169e-01 4.719276922597562957e-02 7.910656891345476671e-01 5.875981893116174604e+01
7.873572143903602161e-01 -4.978371404599876704e-03 -6.164769464545813982e-01 -2.856105209652040955e+01 -2.440603985840022680e-02 9.989317916180390222e-01 -3.923800400887996614e-02 -4.025791012054642515e+00 6.160137725906994488e-01 4.594008633974627775e-02 7.863946513398475391e-01 5.960913438023290922e+01
7.827377824279856400e-01 -4.787651987888850123e-03 -6.223332185928835969e-01 -2.924306291116038636e+01 -2.486996619049752083e-02 9.989310365646226764e-01 -3.896497165668613705e-02 -4.087569067561908298e+00 6.218545285831265090e-01 4.597676148595804257e-02 7.817819964806759225e-01 6.045120813094617063e+01
7.772447548446790311e-01 -5.437790219984821663e-03 -6.291748675605129959e-01 -2.993733912593106439e+01 -2.491801921557331573e-02 9.989121616361380518e-01 -3.941555150293338944e-02 -4.151809502555321885e+00 6.287047713422876383e-01 4.631332197598989758e-02 7.762637400952523414e-01 6.128659605172086344e+01
7.716647871001112158e-01 -7.257810449610590901e-03 -6.359880288601736931e-01 -3.064570813948131800e+01 -2.384138311319222714e-02 9.989020638653234307e-01 -4.032685582109044736e-02 -4.210016135425804329e+00 6.355824502566523870e-01 4.628164872946742558e-02 7.706445130907204621e-01 6.213307630843760876e+01
7.665106219307200597e-01 -7.679552119457786624e-03 -6.421857076609822634e-01 -3.132962514217000560e+01 -2.425429151762137359e-02 9.988690339205672508e-01 -4.089477303763211502e-02 -4.269222142789256935e+00 6.417734820154229469e-01 4.692203714425575989e-02 7.654574632142491231e-01 6.293800685301149400e+01
7.607500748006540414e-01 -9.150643746223362587e-03 -6.489804168346275937e-01 -3.205974015002047395e+01 -2.378751479402177460e-02 9.988357471379710750e-01 -4.196789751529651086e-02 -4.325762353204198440e+00 6.486088839893722202e-01 4.736471230726234383e-02 7.596466991769890154e-01 6.379123993113523738e+01
7.547669888538798277e-01 -1.136773004000902164e-02 -6.558944725483046856e-01 -3.280361300068592811e+01 -2.230140109596917899e-02 9.988272307777341652e-01 -4.297453437449317432e-02 -4.383389628986248177e+00 6.556137939084150101e-01 4.706312547588888812e-02 7.536283059635943138e-01 6.458705705742039527e+01
7.486116331716637928e-01 -1.260719522260873512e-02 -6.628888843672559039e-01 -3.351785507288152388e+01 -2.147467559063608034e-02 9.988335400072327896e-01 -4.324809477351623799e-02 -4.449696325529822971e+00 6.626608996055329825e-01 4.661135045496337531e-02 7.474676731452112310e-01 6.541889593194296992e+01
7.422630258828172289e-01 -1.239918972541388491e-02 -6.699939194086592664e-01 -3.427029971379399598e+01 -2.094963565080744383e-02 9.989107000480335063e-01 -4.169563684546068877e-02 -4.515058176401411494e+00 6.697810987290229168e-01 4.498525790045278944e-02 7.411947212288620968e-01 6.626347751724358659e+01
7.360772348266276799e-01 -1.295219961221215181e-02 -6.767736226238776354e-01 -3.502483230473723808e+01 -2.013299360704268876e-02 9.989556562491617164e-01 -4.101535628341135276e-02 -4.575730726704550833e+00 6.765980890739623499e-01 4.381594886977185910e-02 7.350477515556519403e-01 6.705636585097946067e+01
7.297781400621115022e-01 -1.481058156597163736e-02 -6.835235944626609772e-01 -3.578695226098109572e+01 -1.859449160192382100e-02 9.989655301046603819e-01 -4.149836835276953656e-02 -4.642142930503927900e+00 6.834311366418687195e-01 4.299437561069279629e-02 7.287478122623046728e-01 6.785290069281290926e+01
7.233937038119446772e-01 -1.604658008056485813e-02 -6.902492648451219459e-01 -3.656131784984759747e+01 -1.878819795667951639e-02 9.989021637160934164e-01 -4.291236385556053412e-02 -4.704632683985732200e+00 6.901800927472303560e-01 4.401107346244553797e-02 7.222980505933865869e-01 6.864536563448142203e+01
7.171394183200172634e-01 -1.534010873404928824e-02 -6.967608819847682655e-01 -3.737487276526893254e+01 -2.013838511869254361e-02 9.988841379893995676e-01 -4.271913332359447008e-02 -4.765479013530285357e+00 6.966387211543101365e-01 4.466721320636619919e-02 7.160302656385368891e-01 6.945623529633202509e+01
7.117863182283931112e-01 -1.684832505814483350e-02 -7.021939631636999746e-01 -3.819827062450227828e+01 -1.801492953384557436e-02 9.989455075153439445e-01 -4.222955550671905756e-02 -4.826519263321480402e+00 7.021650143007858169e-01 4.270839438504094726e-02 7.107322244935833089e-01 7.025740273148279869e+01
7.072504528302887561e-01 -1.538564126602343617e-02 -7.067956350164386059e-01 -3.897886618971867989e+01 -2.032157491371510208e-02 9.989075976267645096e-01 -4.207903315479827322e-02 -4.889304969079622865e+00 7.066709548885158343e-01 4.412361549235858244e-02 7.061651912789526087e-01 7.104816052784794067e+01
7.021554208405306197e-01 -1.553434642999110271e-02 -7.118542263730259778e-01 -3.979647065768217118e+01 -2.103312154691239222e-02 9.988731589747401607e-01 -4.254433115999375209e-02 -4.954601406652816564e+00 7.117129904843731980e-01 4.484524901291239013e-02 7.010374684999631789e-01 7.184297481767410432e+01
6.968762989957033582e-01 -1.826384501711331154e-02 -7.169587479620552761e-01 -4.064880882064161227e+01 -2.016175877162791272e-02 9.987817073274752877e-01 -4.504003356915781825e-02 -5.019472146126051193e+00 7.169078989333896867e-01 4.584248102866872454e-02 6.956590694667252883e-01 7.263601600176946249e+01
6.919223626191968179e-01 -1.945960839615038310e-02 -7.217096078392168934e-01 -4.147285887709124097e+01 -2.171524250520840554e-02 9.986234803565300355e-01 -4.774508098273625573e-02 -5.084134356079441197e+00 7.216452734128195878e-01 4.870798821563334519e-02 6.905473487832144430e-01 7.343788128579268459e+01
6.869254371845731066e-01 -1.993867965384296323e-02 -7.264543227093093192e-01 -4.233179539083230480e+01 -2.231766293514657676e-02 9.985732995215474972e-01 -4.851069406980394738e-02 -5.152475192294811102e+00 7.263851416964829388e-01 4.953599227416640577e-02 6.855004166125844289e-01 7.422472197840777142e+01
6.821231951954360717e-01 -1.994456455517578178e-02 -7.309652187267352552e-01 -4.318846186961406630e+01 -2.149957173469134106e-02 9.986487880974608267e-01 -4.731137792309422774e-02 -5.225219610934522585e+00 7.309211472622562100e-01 4.798762724579432037e-02 6.807727036351500782e-01 7.498755820658493576e+01
6.773182647840143566e-01 -2.014221814891508505e-02 -7.354143384466045319e-01 -4.404105287978324412e+01 -2.061391463715405922e-02 9.987130466450671040e-01 -4.633915209791002188e-02 -5.294242550278182691e+00 7.354012804941365555e-01 4.654612228166178645e-02 6.760313788282233949e-01 7.577683144103811230e+01
6.720758694051625071e-01 -2.105550313927812001e-02 -7.401828702322423847e-01 -4.492404518093729848e+01 -1.984431389239441415e-02 9.987244884419692603e-01 -4.642843335263605042e-02 -5.369502745507872099e+00 7.402163452217500605e-01 4.589185071144448458e-02 6.708007978821480810e-01 7.656736110802154371e+01
6.669344154798402258e-01 -2.161761639666445745e-02 -7.448027616937946682e-01 -4.578637511661953852e+01 -1.947926189523033549e-02 9.987315777338723333e-01 -4.643052900327815369e-02 -5.437991322040156561e+00 7.448617675042784603e-01 4.547432555553528044e-02 6.656673668421502210e-01 7.734429460369288734e+01
6.626093727756241503e-01 -2.256440049193768685e-02 -7.486251776154420057e-01 -4.668459896721519442e+01 -1.836430867132665679e-02 9.987560747313467546e-01 -4.635790528188001025e-02 -5.508070406858068147e+00 7.487399951014284127e-01 4.446516615012122142e-02 6.613707576597783744e-01 7.812078542438692352e+01
6.588618530491644476e-01 -2.318009191058142959e-02 -7.519067305663336143e-01 -4.758473853420278488e+01 -1.761062561814864466e-02 9.987759437861449818e-01 -4.622207271123002920e-02 -5.575508425566844117e+00 7.520577993329686795e-01 4.369550816799297466e-02 6.576471542299784367e-01 7.889949740540880896e+01
6.551622771066711870e-01 -2.586603461130405554e-02 -7.550452492174984931e-01 -4.848981850381640868e+01 -1.504192290701042781e-02 9.987690047875444899e-01 -4.726749042412280860e-02 -5.638912043301536947e+00 7.553384277108600164e-01 4.232520883399206596e-02 6.539667016327223026e-01 7.964741869630294957e+01
6.506981589228651996e-01 -3.007102463119705124e-02 -7.587408179443024814e-01 -4.939812500840042020e+01 -1.207995115232166419e-02 9.986791507135163171e-01 -4.994025152336398904e-02 -5.724371185167963283e+00 7.592404033154463994e-01 4.166158147871554251e-02 6.494754292714978172e-01 8.044066105792921917e+01
6.457493078254754604e-01 -3.455030722535527149e-02 -7.627673937537193805e-01 -5.029088743366563108e+01 -7.702005105164615346e-03 9.986301441159516346e-01 -5.175436582401769098e-02 -5.802650197607011506e+00 7.635106547728429671e-01 3.929518398478128172e-02 6.445986187559866742e-01 8.119538049022069970e+01
6.391057899882305326e-01 -3.778594553035682230e-02 -7.681900810630309939e-01 -5.123037580323774165e+01 -3.046354481399538103e-03 9.986602483400037755e-01 -5.165683015935090827e-02 -5.879817766396594259e+00 7.691128125808133209e-01 3.535435822107679815e-02 6.381344386309371064e-01 8.196461203125308259e+01
6.308195954143238637e-01 -4.169608278721047973e-02 -7.748084044899522516e-01 -5.215225545456225831e+01 2.055177910657385049e-03 9.986414091478955646e-01 -5.206834125427638182e-02 -5.960188035696726061e+00 7.759268161528718455e-01 3.125336048340063982e-02 6.300482636310472673e-01 8.272962158041504210e+01
6.217964614405513402e-01 -4.232583870493525358e-02 -7.820343168127860123e-01 -5.308546848363260295e+01 3.717758247372588819e-03 9.986868430595139401e-01 -5.109567254820607946e-02 -6.045716468299742630e+00 7.831700637505037976e-01 2.886369346444304929e-02 6.211373034281528760e-01 8.346143310078427646e+01
6.130354001328676139e-01 -4.230085581326495370e-02 -7.889221915701754018e-01 -5.407745238991599734e+01 6.482272671560184059e-03 9.988013127747187303e-01 -4.851718991235593609e-02 -6.105254204140910801e+00 7.900288529291978890e-01 2.462874573457035990e-02 6.125747692126636279e-01 8.422153757890856696e+01
6.042256613451558733e-01 -4.135513943306656087e-02 -7.957393360899580603e-01 -5.505113276374392939e+01 5.315899617980090509e-03 9.988392424945200521e-01 -4.787388477311602802e-02 -6.199476127877933784e+00 7.967955206369961019e-01 2.469655881582666010e-02 6.037441427542166172e-01 8.495283307581438237e+01
5.944524762314253863e-01 -4.280325588003009579e-02 -8.029907365458733848e-01 -5.601600378732931773e+01 4.204499830180935711e-03 9.987341153956438289e-01 -5.012473347139474039e-02 -6.259475438799621649e+00 8.041197586265920183e-01 2.642059708854006470e-02 5.938799353961944361e-01 8.567315262604593329e+01
5.845845171361895298e-01 -4.464614629844005506e-02 -8.101034822425992044e-01 -5.702945480310600601e+01 4.709484107942864609e-03 9.986547085367536436e-01 -5.163907294179456015e-02 -6.350487878944427678e+00 8.113191565724773291e-01 2.637223261232058552e-02 5.840083420224815303e-01 8.637759572509439465e+01
5.748410056813252345e-01 -4.600915140391889646e-02 -8.169706016632612977e-01 -5.802122849568858243e+01 4.396521296142858956e-03 9.985772260210881157e-01 -5.314314865941237309e-02 -6.412952823329153951e+00 8.182533224655037518e-01 2.695703193954259586e-02 5.742254182101337312e-01 8.706756954597359766e+01
5.645483033516408566e-01 -4.733428587775394963e-02 -8.240416653151549919e-01 -5.905846522391245657e+01 7.926302387989388534e-03 9.986191663762031823e-01 -5.193201563546628180e-02 -6.497059654684961494e+00 8.253619800211126067e-01 2.278652742176047810e-02 5.641439430855633708e-01 8.777913329912503571e+01
5.545184308558280817e-01 -4.708374747063071714e-02 -8.308383825919770649e-01 -6.009971833019366017e+01 8.654801337302035422e-03 9.986704070939811384e-01 -5.081842559047589775e-02 -6.580198575785730419e+00 8.321264420792467975e-01 2.098901197507051578e-02 5.541886487245690773e-01 8.848031077005393286e+01
5.440937942074046685e-01 -4.722963552778013802e-02 -8.376940323671517863e-01 -6.113091355898740176e+01 8.880471550704323314e-03 9.986826424727768270e-01 -5.053827083878587728e-02 -6.666493127763261306e+00 8.389774084490099204e-01 2.005844099984593898e-02 5.437964507565853367e-01 8.914329916945773391e+01
5.336545253154374446e-01 -4.865051173176093702e-02 -8.443020563537511070e-01 -6.220468515089318373e+01 8.620434401111820577e-03 9.986050255075704651e-01 -5.209310042423637155e-02 -6.742386121461516169e+00 8.456586471387614878e-01 2.052146777686929269e-02 5.333294805887763834e-01 8.977949569036277921e+01
5.237329085958392083e-01 -4.947352435632390577e-02 -8.504447058522489611e-01 -6.327595081420736278e+01 7.934583238667662283e-03 9.985521882352914602e-01 -5.320309887366624774e-02 -6.820729215252203659e+00 8.518455815405118203e-01 2.111628890159663804e-02 5.233671949137619350e-01 9.043230511168059138e+01
5.138389543500744283e-01 -4.917085188570034099e-02 -8.564763528645178425e-01 -6.433022188724200419e+01 5.205867630603953911e-03 9.985164082776725181e-01 -5.420222612643608301e-02 -6.912899745209148072e+00 8.578708761022845186e-01 2.339251218133216875e-02 5.133326052725507571e-01 9.108298389966658704e+01
