1.000000000000000000e+00 4.398956837314658088e-19 2.733407509747682871e-20 -8.673617379884035472e-19 -5.583667658079949532e-19 1.000000000000000000e+00 -6.100159232558060012e-19 0.000000000000000000e+00 4.145284534913582806e-20 -2.210423569125054137e-19 1.000000000000000222e+00 0.000000000000000000e+00
9.999390929907002734e-01 -1.310527918767330794e-03 1.095868793390405126e-02 7.378340696232624230e-02 1.303837685550183860e-03 9.999989592753263379e-01 6.176188329016632289e-04 -3.294554036617408643e-03 -1.095948612471750287e-02 -6.032928597514272337e-04 9.999397610298411676e-01 2.914597267809809766e-01
9.998519639854870356e-01 -2.830134069279025867e-03 1.697175534640328609e-02 1.051153184294321835e-01 2.815246993352375597e-03 9.999956312826561167e-01 9.009964650252051286e-04 -5.739797628065770874e-03 -1.697423143521260835e-02 -8.530833920219288392e-04 9.998555634176492513e-01 5.441680860355320171e-01
9.997919993576727116e-01 -6.066933214268252494e-03 1.947178403446161651e-02 8.820483928799358053e-02 6.086953120453464025e-03 9.999810047921209311e-01 -9.690437937271172879e-04 -7.797759258936998172e-03 -1.946553537729494437e-02 1.087366100866727931e-03 9.998099372113131711e-01 9.165539452889348571e-01
9.998231049570208695e-01 -7.019893809588202173e-03 1.744935290619440554e-02 8.064417284051941803e-02 7.051422500976068687e-03 9.999736141150097346e-01 -1.745996035591832309e-03 -1.768498522507053194e-02 -1.743663608569836349e-02 1.868729975508687030e-03 9.998462239518508543e-01 1.191528523383662108e+00
9.998872008209573892e-01 -1.050797412354493102e-02 1.073164227382162814e-02 9.046008789134507566e-02 1.054729073590663334e-02 9.999378463189720900e-01 -3.613604721371574749e-03 -1.694506437179477132e-02 -1.069300378529825998e-02 3.726386912381474993e-03 9.999358847931245631e-01 1.539233263826919051e+00
9.999362241855677125e-01 -1.120862540962380867e-02 -1.383580744633050022e-03 6.391455524146850975e-02 1.120186833629263461e-02 9.999257430241091926e-01 -4.798600261982439302e-03 -2.883231170359026874e-02 1.437263738613613452e-03 4.782795588499747473e-03 9.999875294925180125e-01 1.847720203162213082e+00
9.997945720160525962e-01 -1.100927819360761860e-02 -1.701791853694841275e-02 2.500663046500091122e-02 1.092376369771911118e-02 9.999272780560461982e-01 -5.109791347640415399e-03 -3.460321285434028726e-02 1.707293636753212662e-02 4.922841969967900119e-03 9.998421277875717550e-01 2.163078806701540735e+00
9.993291184606510891e-01 -6.516347564573101402e-03 -3.603956367196797794e-02 7.963500894242830919e-03 6.323985449644558415e-03 9.999651574661791997e-01 -5.448949542850438886e-03 -3.938082768151988933e-02 3.607381583179236628e-02 5.217380286136615898e-03 9.993355086387379904e-01 2.515013004868447144e+00
9.984346460272808255e-01 -3.851967117238654526e-03 -5.579802717403706952e-02 -5.263781967969165948e-02 3.510714475321489482e-03 9.999745389955920771e-01 -6.212587138354754186e-03 -5.171656440664408605e-02 5.582053814292201044e-02 6.006971305131735689e-03 9.984227481121610293e-01 2.869596593210303581e+00
9.971632990336085633e-01 -3.157993912070186301e-03 -7.520227348510771792e-02 -9.567858942998709593e-02 2.681711539563147017e-03 9.999757090328516007e-01 -6.433487662967743957e-03 -5.611905442796435994e-02 7.522076496098900611e-02 6.213566967715663039e-03 9.971475459056743373e-01 3.220559079571118755e+00
9.953216390002812552e-01 -3.428812174634405727e-03 -9.655608678186965166e-02 -1.361939181163374091e-01 2.846973930890966779e-03 9.999769556091323564e-01 -6.163033818597240393e-03 -6.356003812067433090e-02 9.657499525811168162e-02 5.859308226998830027e-03 9.953084642926094405e-01 3.601936897121600367e+00
9.932549534668059232e-01 -4.276652176256777980e-03 -1.158719434260427478e-01 -1.987613726481764209e-01 3.667996698257855372e-03 9.999783365546542901e-01 -5.465548076590699689e-03 -7.263417858297631369e-02 1.158928094910314788e-01 5.003664737047112260e-03 9.932491230501006019e-01 3.992651768529777545e+00
9.911001614439302054e-01 -4.152508426132670016e-03 -1.330534711130562375e-01 -2.898627778093900154e-01 3.537642784962433725e-03 9.999819458937496686e-01 -4.857258940229930953e-03 -7.978516125594146968e-02 1.330712410606971485e-01 4.343334388386031579e-03 9.910969582936745015e-01 4.390882609771741052e+00
9.888286408238140535e-01 -3.478095235098372685e-03 -1.490161781646703043e-01 -3.610311661120594873e-01 2.860089464005244938e-03 9.999863992244055755e-01 -4.361335800538173116e-03 -9.016651510671637448e-02 1.490293231474698887e-01 3.886414052135306416e-03 9.888251398593094210e-01 4.826899810910711963e+00
9.866888343850992449e-01 -3.026738322526780194e-03 -1.625914581926927727e-01 -4.622339458163722270e-01 2.346800007506762153e-03 9.999876811995356274e-01 -4.373782725865390901e-03 -9.303587964361453855e-02 1.626026963688077254e-01 3.933992833565876784e-03 9.866837829392056669e-01 5.218685603052370503e+00
9.845355969799348683e-01 -3.385876883941367921e-03 -1.751519150614388731e-01 -5.335548688154821972e-01 2.528625182105034234e-03 9.999837096483908949e-01 -5.117273563329177016e-03 -9.787989955142112342e-02 1.751663912624241981e-01 4.595244323630415934e-03 9.845281204073935699e-01 5.655355675732883114e+00
9.827945202757339960e-01 -6.634912898820975735e-03 -1.845830653488629014e-01 -6.310757339358572526e-01 5.426491966545795090e-03 9.999604164129954897e-01 -7.051154746331056433e-03 -1.143732216806521568e-01 1.846225458784211959e-01 5.928197615164334904e-03 9.827916223027480802e-01 6.111967489892835559e+00
9.812149960576870278e-01 -6.154150968899946110e-03 -1.928192340990353415e-01 -7.276973792244973982e-01 4.582689349678868360e-03 9.999525624854935790e-01 -8.594866478580931446e-03 -1.231048970375031026e-01 1.928629846725768981e-01 7.549781124616790177e-03 9.811966524882855811e-01 6.552095265297378290e+00
9.796299728922452932e-01 -5.976356157268042715e-03 -2.007221921332401626e-01 -8.370152738016917171e-01 3.931617018095232008e-03 9.999362585414061089e-01 -1.058400849522478718e-02 -1.174455241915818571e-01 2.007726550801645360e-01 9.579249077382809979e-03 9.795910268722515246e-01 7.028618015950703679e+00
9.780239258561695959e-01 -6.597059905432728528e-03 -2.083882871628527089e-01 -9.555939629116617651e-01 3.961112605138677155e-03 9.999068165435536226e-01 -1.306398907575049770e-02 -1.343459876881702986e-01 2.084550563392027211e-01 1.195144433607707619e-02 9.779589221934724685e-01 7.497840622632787166e+00
9.762868525808847675e-01 -9.856335477297315309e-03 -2.162564057756161950e-01 -1.044433417166849232e+00 6.795274854034753960e-03 9.998659906652795915e-01 -1.489378861647447892e-02 -1.395631914565032550e-01 2.163742273107580882e-01 1.307108822453546468e-02 9.762229978387237939e-01 8.008216174751613181e+00
9.744828970161464321e-01 -1.553277116340563355e-02 -2.239236818509598159e-01 -1.159496971248767938e+00 1.222274209541482880e-02 9.997946995589942487e-01 -1.616054729061501202e-02 -1.608906808822760381e-01 2.241287321732742810e-01 1.301121545458582690e-02 9.744726886151229284e-01 8.527134566289111817e+00
9.724958962754376435e-01 -1.676604452108003407e-02 -2.323157985455479024e-01 -1.305726767383568854e+00 1.277923228357028852e-02 9.997442959248067362e-01 -1.865566847184336671e-02 -1.870155190326555361e-01 2.325691802314933943e-01 1.517374341730497352e-02 9.724614826119208910e-01 9.051579214876147361e+00
9.703786373127519793e-01 -1.272632311100222770e-02 -2.412536831459167475e-01 -1.454231785085287942e+00 7.552179252171373203e-03 9.997214704932648743e-01 -2.235947248239646135e-02 -1.853601871407904722e-01 2.414710449112876245e-01 1.987516334942598592e-02 9.702044700374100605e-01 9.565665333625405609e+00
9.683133553338282296e-01 -9.294172590052765179e-03 -2.495653478263625547e-01 -1.602895904648912406e+00 3.044572024206910078e-03 9.996723174921611221e-01 -2.541629821167842515e-02 -2.022590299063526387e-01 2.497197973914225544e-01 2.385112132332679533e-02 9.680243531084221642e-01 1.010408282844800887e+01
9.658706170708123429e-01 -1.251441964318823589e-02 -2.587225133047370007e-01 -1.775854877825776779e+00 5.603484782896002089e-03 9.996079667084117881e-01 -2.743198570812867276e-02 -2.260608278083728329e-01 2.589643853081806113e-01 2.504600130004887987e-02 9.655620883515615427e-01 1.066929621324259969e+01
9.635709076108737170e-01 -1.396435910685916472e-02 -2.670881897550646533e-01 -1.915743081532466530e+00 6.417343046400007800e-03 9.995556520216598573e-01 -2.910869640359663169e-02 -2.556363786154851603e-01 2.673759985532846994e-01 2.633429648395471667e-02 9.632323612783399991e-01 1.121869592935566118e+01
9.615339338004558201e-01 -1.416852745983970124e-02 -2.743205156914371723e-01 -2.093318700669500654e+00 5.612894841081482455e-03 9.994737613150777022e-01 -3.194833080390144936e-02 -2.803170783234413266e-01 2.746288231547704961e-01 2.917967201697713869e-02 9.611074642813208779e-01 1.180448805392943257e+01
9.590489555374329678e-01 -1.386059934289143869e-02 -2.829010125889555027e-01 -2.280805920479582305e+00 3.982752549431330287e-03 9.993631041884998290e-01 -3.546158001725958908e-02 -2.967243733330003908e-01 2.832123577450552099e-01 3.288266660234391570e-02 9.584933450023007673e-01 1.239464913830376247e+01
9.567850427163517857e-01 -1.461888181490273581e-02 -2.904284223372303186e-01 -2.470185693177311403e+00 2.941593214246768489e-03 9.991710245449316741e-01 -4.060308765404801318e-02 -3.278840839188669753e-01 2.907812410428741168e-01 3.799410477407759446e-02 9.560348946035348572e-01 1.298856170365799834e+01
9.550459726942506222e-01 -1.626953159795942877e-02 -2.960109634683986135e-01 -2.688598514286652641e+00 2.230573180763115431e-03 9.988590639277679095e-01 -4.770319630285520252e-02 -3.693915594149925763e-01 2.964493476329220778e-01 4.489847155186862254e-02 9.539926170804607919e-01 1.359451608850825011e+01
9.537931576849593140e-01 -1.630414004866620123e-02 -3.000213083029298899e-01 -2.893199595573145544e+00 -4.648538422443125313e-04 9.984453992171372638e-01 -5.573660087493868126e-02 -4.013055275991972426e-01 3.004636374407586574e-01 5.330065483322835723e-02 9.523028114633435015e-01 1.420886340016919647e+01
9.524770103108588515e-01 -1.636014724729495384e-02 -3.041708211320233168e-01 -3.106041068051831999e+00 -3.438532623851913925e-03 9.979155740420040388e-01 -6.444131873212016748e-02 -4.469715744885509601e-01 3.045910742544727379e-01 6.242477620653830162e-02 9.504353880202237592e-01 1.484253051579525717e+01
9.512013422610098301e-01 -1.552062193339874378e-02 -3.081803282882720207e-01 -3.331136131570652470e+00 -7.407424110648493966e-03 9.972979031500910363e-01 -7.308914024391174880e-02 -4.968467007784875822e-01 3.084819893793999679e-01 7.180531108945663321e-02 9.485161366990778609e-01 1.547559456293338442e+01
9.497199889056296973e-01 -1.449906554166717834e-02 -3.127646362417337844e-01 -3.550165587926971789e+00 -1.124346322578016234e-02 9.967036128860414790e-01 -8.034608002358092915e-02 -5.497884650240075777e-01 3.128985913458636192e-01 7.982283637410961252e-02 9.464263248845617982e-01 1.613034449919769031e+01
9.481179908992911631e-01 -1.295595537026252193e-02 -3.176545551443412663e-01 -3.784579934892860376e+00 -1.537624668659987037e-02 9.961312136170914489e-01 -8.652269226647088529e-02 -6.168301566110285794e-01 3.175466070799877749e-01 8.691805647949549241e-02 9.442507113886314807e-01 1.677980924619658865e+01
9.466489948009596533e-01 -1.163322900849961088e-02 -3.220564335945143575e-01 -4.049134242518188209e+00 -1.926719045208481751e-02 9.955175584013494783e-01 -9.259355414019417030e-02 -6.823138894516255215e-01 3.216900019375096842e-01 9.385871817301823239e-02 9.421815567608503583e-01 1.745674223022363236e+01
9.448463479648180341e-01 -9.241825643542931137e-03 -3.273835138197257466e-01 -4.262993283796957300e+00 -2.428360194601926481e-02 9.948734942827738292e-01 -9.816841159423497776e-02 -7.602445681049001536e-01 3.266124412640378227e-01 1.007041167492435940e-01 9.397781633831707726e-01 1.814320341775126622e+01
9.428994880903790454e-01 -7.147073246037663648e-03 -3.330007092387360368e-01 -4.524377882489970304e+00 -2.814229929796301446e-02 9.944852821481727778e-01 -1.010298696942701774e-01 -8.341389329256158058e-01 3.318863778045891832e-01 1.046324187079842871e-01 9.374985288217437818e-01 1.883756754954022838e+01
9.414699026644930413e-01 -6.602011271564630669e-03 -3.370323922449505183e-01 -4.808667000456456897e+00 -2.977045518783537348e-02 9.942732253154362709e-01 -1.026375828323539824e-01 -9.181628884771925181e-01 3.357799038601637642e-01 1.066638035294937142e-01 9.358817722293170105e-01 1.952809353352929023e+01
9.391195426978539151e-01 -5.701212971598243473e-03 -3.435432697728966756e-01 -5.084494658388298838e+00 -3.113761586963726194e-02 9.943358720840671516e-01 -1.016199899662412476e-01 -1.003056596197947847e+00 3.421767597726433907e-01 1.061304375440570574e-01 9.336227277597779484e-01 2.023177449156453989e+01
9.368814229060055121e-01 -5.937274468222210333e-03 -3.495968329646818029e-01 -5.354323582352283672e+00 -3.113647928155671360e-02 9.944667360998262762e-01 -1.003316024338638257e-01 -1.091801204822941296e+00 3.482581236166802374e-01 1.048840296497125374e-01 9.315125453948325251e-01 2.095384183557562352e+01
9.344189402449341042e-01 -5.832737262603777430e-03 -3.561280958217413195e-01 -5.639115860777426548e+00 -3.135780090916678170e-02 9.946361500783661436e-01 -9.856783086183687481e-02 -1.173419702213825744e+00 3.547928044635472733e-01 1.032710426149447969e-01 9.292239559496263679e-01 2.167864168040825135e+01
9.315349219348328935e-01 -5.538542083236655880e-03 -3.636096959810569684e-01 -5.940828841271277305e+00 -3.123854579323216349e-02 9.949692554563029923e-01 -9.518578654258628979e-02 -1.259909665476460328e+00 3.623076651455345853e-01 1.000275229702009411e-01 9.266755921977124499e-01 2.239315276376414232e+01
9.279779142020437854e-01 -2.233958721432215480e-03 -3.726284976963969986e-01 -6.268994384099875639e+00 -3.359492625782986575e-02 9.954082940584925154e-01 -8.963096044063073586e-02 -1.336749111093314957e+00 3.711177354060883338e-01 9.569397916454376596e-02 9.236418633240250919e-01 2.318078258852823836e+01
9.244731576380802451e-01 -9.957950306535662765e-05 -3.812471217977964622e-01 -6.580897573149525392e+00 -3.466903009067232727e-02 9.958347610285949170e-01 -8.432785488653386785e-02 -1.418922756872269764e+00 3.796675402374289909e-01 9.117630671606771764e-02 9.206190542048880987e-01 2.391487629127536252e+01
9.210734979917716281e-01 3.806893060676158538e-03 -3.893701525892814819e-01 -6.913677385949945631e+00 -3.816569665489009944e-02 9.960200522509810028e-01 -8.054461593769683680e-02 -1.492842753943804723e+00 3.875138616083509402e-01 8.904809474178654316e-02 9.175529668501524183e-01 2.466300763418504260e+01
9.171903584964041789e-01 4.210042958329512745e-03 -3.984270554954501553e-01 -7.249001054325741045e+00 -3.861408540956685204e-02 9.961766732732069141e-01 -7.836445675074743544e-02 -1.569086328599504032e+00 3.965738277356640751e-01 8.726002097174218042e-02 9.138462075843597487e-01 2.540111733399093907e+01
9.132769727804680437e-01 4.656255194176504505e-03 -4.073125174529736436e-01 -7.613416203821393502e+00 -3.971416327326587198e-02 9.961886619393215403e-01 -7.765909547666320634e-02 -1.649167799046776794e+00 4.053985181182846453e-01 8.710033987839539693e-02 9.099810853264994615e-01 2.616064925563988552e+01
9.093150928820328271e-01 4.688785059797314671e-03 -4.160818112042439232e-01 -7.956896201973928662e+00 -4.016669894298593307e-02 9.962560100714498157e-01 -7.655454752135174012e-02 -1.714025282549364926e+00 4.141650643598411841e-01 8.632483875259402972e-02 9.060989599161266561e-01 2.693173312039784761e+01
9.053743764934214511e-01 5.255195712846294845e-03 -4.245816972473478446e-01 -8.338926186642641625e+00 -4.091046608373177795e-02 9.963511347027429466e-01 -7.490494108424280983e-02 -1.791695645990808439e+00 4.226388229338176594e-01 8.518684985352892314e-02 9.022857804340116417e-01 2.771709923837707024e+01
9.015733069357531049e-01 5.491652871426847861e-03 -4.325915049707260707e-01 -8.735859456023542080e+00 -4.089184802465290619e-02 9.965244739103366056e-01 -7.257292692751393659e-02 -1.861231392075452629e+00 4.306894839605849845e-01 8.311928017394151769e-02 8.986644298101449380e-01 2.848750048431856996e+01
8.977425174231790095e-01 6.379262084937495532e-03 -4.404743732624022967e-01 -9.131107614478358059e+00 -4.061857764255417252e-02 9.968342658492449493e-01 -6.834894031894299393e-02 -1.935175973291090035e+00 4.386439402085787198e-01 7.925119260379377695e-02 8.951596204312270988e-01 2.928258799587572625e+01
8.938316651144968539e-01 7.667910090462548046e-03 -4.483370981057627769e-01 -9.547265302439422285e+00 -4.004623279756107379e-02 9.972234392693591909e-01 -6.278305088094798814e-02 -1.995699242532748663e+00 4.466108557944662438e-01 7.407169098568723575e-02 8.916569587398756047e-01 3.008853383324873931e+01
8.903963851563959642e-01 7.464302068213473848e-03 -4.551247711643013893e-01 -9.975183096750711798e+00 -3.826270327219889744e-02 9.975541072196251191e-01 -5.849588681316660738e-02 -2.065036342217005938e+00 4.535749615873728158e-01 6.949883046116139829e-02 8.885041760660137289e-01 3.088416087221874307e+01
8.863819741219229886e-01 6.592704706709058907e-03 -4.629076883130680553e-01 -1.039438688464842997e+01 -3.685600524060732991e-02 9.977298597328854157e-01 -5.636277086638512290e-02 -2.131958023888134157e+00 4.614852477485448801e-01 6.701987249016257142e-02 8.846127441057221041e-01 3.170475453689615364e+01
8.833413020416231998e-01 6.675265043461079024e-03 -4.686828144369622473e-01 -1.085337833704215704e+01 -3.692602289053870807e-02 9.977820465379498849e-01 -5.538462336779655104e-02 -2.193746402252581884e+00 4.672735987502011357e-01 6.623011783699381261e-02 8.816285837767663391e-01 3.252482353775081236e+01
8.800734643374799049e-01 6.438769051318460335e-03 -4.747938869887383673e-01 -1.129579716414567869e+01 -3.612282063635310209e-02 9.979183445322017398e-01 -5.342396035850435071e-02 -2.246962905778861153e+00 4.734615532889068223e-01 6.416790445000007670e-02 8.784740417513793309e-01 3.333632542843567848e+01
8.771076011537753958e-01 5.243339511519883381e-03 -4.802653004283318205e-01 -1.177088678734028626e+01 -3.454292824851901839e-02 9.980395997367633720e-01 -5.218949633065399912e-02 -2.308756450630967461e+00 4.790501491910456044e-01 6.236557388410709363e-02 8.755692401436426797e-01 3.418317708869457761e+01
8.746312533405343759e-01 4.464770654348441600e-03 -4.847682248576305475e-01 -1.224934594328903259e+01 -3.384156479075835222e-02 9.980805231439434655e-01 -5.186538222809485010e-02 -2.372266849270895150e+00 4.836061647447306711e-01 6.176839968342555387e-02 8.731035143855233605e-01 3.501452884014489086e+01
8.726574271950843231e-01 4.425257731916834580e-03 -4.883128373504733721e-01 -1.273444183285976550e+01 -3.432938268338117660e-02 9.980409213536651780e-01 -5.230499832179295178e-02 -2.430288741892426163e+00 4.871247393719218555e-01 6.240782366066741083e-02 8.710997397028833467e-01 3.584405993785625810e+01
8.710731420120138013e-01 3.999402915815112973e-03 -4.911370290031752961e-01 -1.322360767200289189e+01 -3.424740957590204776e-02 9.980275170249168770e-01 -5.261359386447019004e-02 -2.487188455577739266e+00 4.899578550352177153e-01 6.265045964342325080e-02 8.694919349358048999e-01 3.670210222636887920e+01
8.704065908298140863e-01 3.905496999282575578e-03 -4.923180972995996885e-01 -1.372659261661883079e+01 -3.380020856856540828e-02 9.980832281396704309e-01 -5.184029000085865063e-02 -2.548799360533485103e+00 4.911719821701441835e-01 6.176258458212742497e-02 8.688702272612072175e-01 3.759737570816606222e+01
8.703743285427741894e-01 4.106805358368159631e-03 -4.923734939633184204e-01 -1.423853815372505416e+01 -3.322762843631631852e-02 9.981756513947305232e-01 -5.041124607795598872e-02 -2.606998228408697216e+00 4.912682123368372067e-01 6.023705807520798872e-02 8.689229224319617861e-01 3.846798843451984595e+01
8.701696897826265431e-01 2.678550455277075183e-03 -4.927448949921588994e-01 -1.476096163545169304e+01 -3.133532159601569445e-02 9.982620087625294625e-01 -4.991051530009523590e-02 -2.668862285663136102e+00 4.917548293047961927e-01 5.887093746277283213e-02 8.687412764064168513e-01 3.936921332371026949e+01
8.695808891710362643e-01 1.572716866295682152e-03 -4.937880101044959669e-01 -1.527026689464072007e+01 -3.035287250688209135e-02 9.982741679196065476e-01 -5.027314241250525201e-02 -2.731690537032639643e+00 4.928567579719923542e-01 5.870444849273343674e-02 8.681278757318429129e-01 4.027071944899599032e+01
8.682253643047848080e-01 2.419809992876499258e-04 -4.961699843350449446e-01 -1.579627664641942353e+01 -2.921978358796400999e-02 9.982892562358133270e-01 -5.064351075190041268e-02 -2.792837902876696976e+00 4.953089183790494454e-01 5.846796023011064519e-02 8.667471244940065933e-01 4.118983899085259992e+01
8.668085240402402247e-01 -1.676195194879267786e-03 -4.986383139222133054e-01 -1.632850995749864964e+01 -2.634810132287174200e-02 9.984433949734292657e-01 -4.915856624099172040e-02 -2.856161489885673088e+00 4.979445389353755469e-01 5.574923713280952042e-02 8.654150816625223452e-01 4.209924126401629252e+01
8.648991386237657730e-01 -6.263378234763790223e-04 -5.019452985511543286e-01 -1.688645996332060406e+01 -2.570628094120835580e-02 9.986316906061182275e-01 -4.554046203501534856e-02 -2.917982105247373337e+00 5.012870144256150740e-01 5.229105327970781647e-02 8.636995888856949799e-01 4.303030790572387332e+01
8.620520758112470983e-01 -5.197501442291444992e-04 -5.068194386454859535e-01 -1.743543718796711417e+01 -2.355248809768998794e-02 9.988780252743733046e-01 -4.108492388819137003e-02 -2.977688712413354200e+00 5.062721626590641621e-01 4.735420270040001378e-02 8.610726344629607842e-01 4.394223254150811186e+01
8.581878777674144532e-01 -2.213169134210123557e-03 -5.133309489573095741e-01 -1.798021608541986893e+01 -2.081939801659491232e-02 9.990178778687477390e-01 -3.911307201135351408e-02 -3.042583350699919809e+00 5.129133679526916012e-01 4.425360555158728421e-02 8.572989563226058873e-01 4.484105074617934861e+01
8.526032191563346352e-01 -4.943356423370211597e-03 -5.225354615384769641e-01 -1.851783909737424239e+01 -1.920964566663950490e-02 9.989828849290900425e-01 -4.079442566091687900e-02 -3.111303638872010779e+00 5.222056532293699593e-01 4.481917965426981953e-02 8.516410641718810126e-01 4.573852338404691409e+01
8.469473429124827479e-01 -7.917198128612452576e-03 -5.316178239981308451e-01 -1.910300943047043631e+01 -1.824898640716052581e-02 9.988670809979607323e-01 -4.394916407365414418e-02 -3.170635425308232058e+00 5.313635074574598605e-01 4.692411414064109193e-02 8.458433400697460414e-01 4.662563317212908487e+01
8.408396799526941523e-01 -8.127844255554479008e-03 -5.412232118682605009e-01 -1.969442022179795870e+01 -1.848707236110107982e-02 9.988726733023215454e-01 -4.372197062224877917e-02 -3.234066389141259545e+00 5.409684511807144602e-01 4.676880041799382631e-02 8.397415196384598879e-01 4.754070196288319750e+01
8.350359955150556956e-01 -5.020139653872175874e-03 -5.501724079893598462e-01 -2.029679289993313418e+01 -1.960709640133890402e-02 9.990516943646117198e-01 -3.887510504978049231e-02 -3.280156873346759205e+00 5.498458443286657893e-01 4.324939539643087721e-02 8.341456965763482945e-01 4.840943995538740552e+01
8.298180858456536413e-01 -1.053512871356138006e-03 -5.580329994484307665e-01 -2.089119611944149568e+01 -2.150757985893227489e-02 9.991948318644734428e-01 -3.386904228148520518e-02 -3.339280284511114250e+00 5.576193801459607968e-01 4.010708300632054302e-02 8.291272850280017037e-01 4.928158958796780809e+01
8.257602142991672389e-01 -9.223973090053920595e-04 -5.640205771980676408e-01 -2.150518240351102861e+01 -2.289807300099896623e-02 9.991194047571860803e-01 -3.515811903733508104e-02 -3.389844961011151181e+00 5.635563428315103485e-01 4.194716014444025559e-02 8.250119334454443232e-01 5.017074153820318827e+01
8.223365336464744102e-01 -2.733258984732897783e-03 -5.689948580317109039e-01 -2.214053772307278933e+01 -2.402548937659570658e-02 9.989298518920453063e-01 -3.952122092670402181e-02 -3.444328389283727532e+00 5.684939807906509435e-01 4.617012365826476950e-02 8.213908446658572116e-01 5.105068861546449455e+01
8.194477141712169788e-01 -5.024359114152006367e-03 -5.731319160670895752e-01 -2.274106062646724880e+01 -2.608857543947239177e-02 9.985981831956060040e-01 -4.605491065654710586e-02 -3.519625354882692125e+00 5.725598963875494496e-01 5.269178646998658871e-02 8.181679210174388484e-01 5.189328297669575818e+01
8.162088157205366068e-01 -5.777192846133963680e-03 -5.777281252884141072e-01 -2.336083377816254014e+01 -2.677376549898029257e-02 9.984975299928208203e-01 -4.781054408150342550e-02 -3.577307946798196969e+00 5.771363267799624053e-01 5.449134490256415941e-02 8.148278100489368958e-01 5.277189793170433063e+01
8.130168761142452238e-01 -4.670927745691016812e-03 -5.822213797685011905e-01 -2.398251836623491329e+01 -2.588168473828644095e-02 9.986894491532356533e-01 -4.415339841227724355e-02 -3.637436196188971849e+00 5.816645964007109981e-01 5.096632819921563529e-02 8.118304854866812414e-01 5.361071737256383329e+01
8.096035426501750898e-01 -2.796857457348096276e-03 -5.869704206239962918e-01 -2.463384042991770073e+01 -2.461129135617392411e-02 9.989475094428522661e-01 -3.870604296262303290e-02 -3.697146566253439293e+00 5.864609051927921479e-01 4.578264944408539511e-02 8.086826091077692347e-01 5.449790980218861591e+01
8.065580697565420953e-01 -1.205082733267340625e-03 -5.911536358404327895e-01 -2.529300779739198646e+01 -2.468963204253214402e-02 9.990567127002318859e-01 -3.572263884188205119e-02 -3.748137829387230724e+00 5.906390670423362632e-01 4.340774825407424375e-02 8.057675015450158629e-01 5.535999639541108763e+01
8.037154488842068734e-01 -6.999282888415381959e-04 -5.950134288605984922e-01 -2.592151551751528871e+01 -2.581852525219923214e-02 9.990164318995655712e-01 -3.604958527568118132e-02 -3.809004634731941064e+00 5.944534350057798511e-01 4.433597772896302747e-02 8.029068697173800118e-01 5.621711307781745148e+01
8.002244775913284203e-01 -1.579118560409105854e-03 -5.996984950367647560e-01 -2.657592668238683586e+01 -2.618365686369800160e-02 9.989509308880392124e-01 -3.756932048150118247e-02 -3.855716953897958099e+00 5.991287066085493329e-01 4.576618935988791687e-02 7.993436405437036596e-01 5.706831735992768273e+01
7.959992288418025197e-01 -3.598257963352794343e-03 -6.052869346081397595e-01 -2.723542425165245362e+01 -2.572434440701190650e-02 9.988777703853195522e-01 -3.976754937216849667e-02 -3.929010846519032540e+00 6.047507680100674410e-01 4.722554810257387908e-02 7.950133729472893540e-01 5.793469423756164360e+01
7.921382106080644414e-01 -5.176392144801304773e-03 -6.103197957932958717e-01 -2.788819464372405221e+01 -2.453536277302163435e-02 9.988856728245508743e-01 -4.031660507293265833e-02 -3.978073212598062014e+00 6.098484049297110410e-01 4.691074088999286351e-02 7.911285056617032296e-01 5.875564593066600594e+01
7.875954023907152379e-01 -5.560048329629779795e-03 -6.161676401332649711e-01 -2.856771396227059512e+01 -2.396198586750671392e-02 9.989265713463623131e-01 -3.964250667740066431e-02 -4.038015287456691915e+00 6.157266530014314787e-01 4.598685616245366814e-02 7.866167459747791524e-01 5.961328466556240357e+01
7.829607387852829392e-01 -5.392517161850697224e-03 -6.220477432661403183e-01 -2.926355356348620163e+01 -2.420722984659883295e-02 9.989409042258577953e-01 -3.912901650401115483e-02 -4.092540246162923445e+00 6.215999497404056662e-01 4.569453623817376631e-02 7.820009713374254101e-01 6.045258880988061634e+01
7.773857897092272262e-01 -6.031747858610334370e-03 -6.289951863460244708e-01 -2.994912726333177133e+01 -2.429393152070312423e-02 9.989200642050197754e-01 -3.960442228929059866e-02 -4.159980507558555196e+00 6.285548066562525182e-01 4.606868095076995656e-02 7.763997289729540618e-01 6.128585054495547979e+01
7.718898914512400955e-01 -7.372091750123969771e-03 -6.357134889721401949e-01 -3.065926008765455180e+01 -2.384153440297947721e-02 9.988937421485710733e-01 -4.053237196612356069e-02 -4.214270925133475565e+00 6.353090452528081800e-01 4.644291308316100125e-02 7.708602211025937789e-01 6.212996229862822162e+01
7.667651050861145068e-01 -8.429176551737685083e-03 -6.418724287506764048e-01 -3.134583083452653796e+01 -2.343706084338802870e-02 9.988795112602530946e-01 -4.111479302810192721e-02 -4.269274559528507318e+00 6.414997928324465137e-01 4.656899162802408121e-02 7.657083991880213603e-01 6.292892602693633108e+01
7.608186803307549484e-01 -9.746369607400629312e-03 -6.488913129076120390e-01 -3.207111385540540738e+01 -2.310583646580048264e-02 9.988464393276864639e-01 -4.209407327155336581e-02 -4.333003900110273143e+00 6.485530529877514549e-01 4.701913370040908258e-02 7.597158327016998447e-01 6.378401198419734186e+01
7.548467983772134682e-01 -1.169277346475673836e-02 -6.557969059855363048e-01 -3.279928907444563890e+01 -2.208670816978502982e-02 9.988209133446538379e-01 -4.323147494141352243e-02 -4.397319599724374584e+00 6.555291717518135775e-01 4.711753519032600007e-02 7.536985146264415514e-01 6.459460842311939643e+01
7.486917347619371776e-01 -1.287838308148899109e-02 -6.627931994671233396e-01 -3.354522398814486905e+01 -2.116800826066570634e-02 9.988370018258525551e-01 -4.331927106645878239e-02 -4.455869797934440157e+00 6.625802657804104046e-01 4.646279197426726043e-02 7.475483988431165239e-01 6.541777740163581711e+01
7.422683065434579897e-01 -1.275170719132390912e-02 -6.699814524362694979e-01 -3.427296483455341303e+01 -2.057491008298622387e-02 9.989138311987693086e-01 -4.180706818561538002e-02 -4.516367099370452998e+00 6.697868625301801604e-01 4.481686967308495112e-02 7.411997135694812222e-01 6.622935553978506107e+01
7.362726727135893157e-01 -1.332326239645692002e-02 -6.765537920107537184e-01 -3.501539815813129053e+01 -1.965632898488532329e-02 9.989631592402004046e-01 -4.106379482486093718e-02 -4.580815380844676987e+00 6.763994288451764536e-01 4.353271369056668783e-02 7.352473897084470522e-01 6.703041193936638820e+01
7.293920572940497671e-01 -1.441640314787742336e-02 -6.839439928036633587e-01 -3.580647516423798038e+01 -1.920324326464572032e-02 9.989524678398725710e-01 -4.153555678254892969e-02 -4.641195873387158777e+00 6.838263446044833271e-01 4.342964789072093629e-02 7.283511549114781713e-01 6.785092484458596118e+01
7.230477155249978027e-01 -1.675859265781957583e-02 -6.905947738760115362e-01 -3.658262824985808948e+01 -1.793310956159400310e-02 9.989134076424185382e-01 -4.301636482251162269e-02 -4.713062979736190705e+00 6.905652845224043990e-01 4.348739585933992374e-02 7.219615246855857205e-01 6.864615269284600174e+01
7.171402713103698368e-01 -1.578232789112107501e-02 -6.967501275926997195e-01 -3.738359647535254027e+01 -1.982681407659478770e-02 9.988769009088146467e-01 -4.303294444305627575e-02 -4.768713022529086132e+00 6.966467802151089517e-01 4.467499249767552250e-02 7.160219394117559588e-01 6.943900189993060224e+01
7.118746554020767281e-01 -1.579928892362283954e-02 -7.021287974753913641e-01 -3.818378393943903149e+01 -1.957078970636545387e-02 9.989124116443852675e-01 -4.231994903060704721e-02 -4.828505034596570766e+00 7.020338075853288506e-01 4.386771397000713280e-02 7.107912252320292001e-01 7.024797782080038644e+01
7.071491443819717393e-01 -1.510666890330887753e-02 -7.069030108973259896e-01 -3.899752498292631486e+01 -2.073327432911680618e-02 9.988987942225259209e-01 -4.208717467336241247e-02 -4.892012169896893248e+00 7.067603744239264740e-01 4.441832340446950217e-02 7.060572179315679486e-01 7.105218826890605044e+01
7.023146422972011971e-01 -1.603091483293038119e-02 -7.116861271157820523e-01 -3.982065107030548035e+01 -2.070697242116199821e-02 9.988633022419934893e-01 -4.293395815037127222e-02 -4.960442354778503038e+00 7.115654379934213125e-01 4.489001226427212499e-02 7.011843720966460802e-01 7.184661703470663952e+01
6.969458513269254363e-01 -1.799915538563151216e-02 -7.168978317312363346e-01 -4.064432938027845665e+01 -2.078830798563515575e-02 9.987577605095222522e-01 -4.528556179425072270e-02 -5.029949667065706898e+00 7.168223871631501654e-01 4.646467714611186156e-02 6.957059066790728385e-01 7.263965607817742409e+01
6.915291937266283551e-01 -2.028792694259954135e-02 -7.220635460504347680e-01 -4.148994345669584050e+01 -2.038926791991165291e-02 9.986590010864754285e-01 -4.758652471299149034e-02 -5.097517679370188404e+00 7.220607040117766884e-01 4.762981797902677422e-02 6.901881988551664682e-01 7.342445379286961327e+01
6.870399951207513123e-01 -2.049490684155955145e-02 -7.263304992096861756e-01 -4.234906344171820081e+01 -2.188356526506099117e-02 9.985650765725313516e-01 -4.887634862720708490e-02 -5.161453120242346593e+00 7.262899992987174036e-01 4.947470703585207796e-02 6.856056447142803156e-01 7.422565086905008513e+01
6.820445503642594831e-01 -2.036594431355880086e-02 -7.310269828785844748e-01 -4.319316354689989623e+01 -2.084784644638038031e-02 9.986644192859265301e-01 -4.727308942398909114e-02 -5.236488742425013498e+00 7.310134110558923481e-01 4.748269111552036459e-02 6.807090397534661941e-01 7.499703998919652292e+01
6.771496440319955123e-01 -2.069496613770074184e-02 -7.355542589881720605e-01 -4.404943471105856645e+01 -1.987895981087039673e-02 9.987251274311483851e-01 -4.639985803515709467e-02 -5.304482700333458922e+00 7.355767772221788459e-01 4.604170069585505898e-02 6.758749711488957201e-01 7.577500822726729268e+01
6.719361532993967101e-01 -2.121784796612833854e-02 -7.403050713376897463e-01 -4.493044213618181004e+01 -1.974409160687996129e-02 9.987210502790559996e-01 -4.654497402443884269e-02 -5.383156917498337357e+00 7.403458553293147393e-01 4.589190173313013182e-02 6.706578546396061435e-01 7.656348066293554666e+01
6.672915683037948797e-01 -2.230362463739047132e-02 -7.444625584438330224e-01 -4.580897470984751152e+01 -1.863101436752296475e-02 9.987388744247973626e-01 -4.662130462159885802e-02 -5.442685772235990704e+00 7.445635345975764041e-01 4.498009587493301265e-02 6.660344917256993957e-01 7.731959706967560919e+01
6.627050014548908630e-01 -2.274770212593102761e-02 -7.485349776173032543e-01 -4.670652170926585711e+01 -1.838845025534911401e-02 9.987428992057090227e-01 -4.663138654524699722e-02 -5.516539088162612181e+00 7.486547635119865651e-01 4.466725105791707201e-02 6.614536205238553679e-01 7.811310636158171405e+01
6.585469502338944237e-01 -2.363862958390899535e-02 -7.521682784177503578e-01 -4.759628449730755051e+01 -1.692127738859622657e-02 9.987886802735361780e-01 -4.620435643718796143e-02 -5.586470349655547452e+00 7.523493827957773439e-01 4.315538585428918550e-02 6.573492445609876444e-01 7.888740007378717678e+01
6.546783014472339346e-01 -2.632005688577081573e-02 -7.554492475775966831e-01 -4.848968824541310596e+01 -1.409769942291671900e-02 9.987946745078609689e-01 -4.701545558520114909e-02 -5.655227920524692031e+00 7.557761478525539811e-01 4.143009476221373721e-02 6.535181498023753255e-01 7.963205767935643564e+01
6.502896982581504171e-01 -3.081990107133097609e-02 -7.590608878029218021e-01 -4.940369102379798250e+01 -1.105178475939562824e-02 9.986871938409951355e-01 -5.001746616274820728e-02 -5.736855666401587506e+00 7.596059344659814583e-01 4.091482026152762352e-02 6.490953800809525776e-01 8.043165533915401966e+01
6.457280924713587611e-01 -3.441178916528313952e-02 -7.627916154621305900e-01 -5.031723760037053950e+01 -8.071113682626572874e-03 9.986205442664635168e-01 -5.188319279948739454e-02 -5.812602478461013966e+00 7.635247848685263738e-01 3.965901268175375111e-02 6.445595987515838621e-01 8.119881221382499348e+01
6.392828345802361589e-01 -3.865532801179412392e-02 -7.679994870782791416e-01 -5.124051484714770766e+01 -2.062513423102559258e-03 9.986459349984814216e-01 -5.198117485661905846e-02 -5.883681336230149661e+00 7.689689284977001549e-01 3.481468173172980185e-02 6.383374780050053987e-01 8.196034477279981445e+01
6.309903930414366702e-01 -4.227655178512557121e-02 -7.746378547489594091e-01 -5.216974730577759800e+01 2.631497820617756910e-03 9.986249472329041810e-01 -5.235732961207106156e-02 -5.970176228649290984e+00 7.757861875836995491e-01 3.099851379953755606e-02 6.302339996892142304e-01 8.272282431500843813e+01
6.219292006939671769e-01 -4.333767512296095997e-02 -7.818733298934473774e-01 -5.309621856716854893e+01 5.504530143361647740e-03 9.986846781409212115e-01 -5.097660022965943422e-02 -6.048886466111968119e+00 7.830541356845680534e-01 2.739999051968412119e-02 6.213497182511142913e-01 8.345985702358372293e+01
6.132855054292257746e-01 -4.258055666844723364e-02 -7.887127319882931697e-01 -5.406982849031200544e+01 7.055046561912757357e-03 9.988013306053079576e-01 -4.843684831384144351e-02 -6.115172603745255842e+00 7.898298077936576345e-01 2.414121151300252510e-02 6.128507877743191168e-01 8.421284873109080138e+01
6.043336608502188900e-01 -4.218860719217411986e-02 -7.956135595731458343e-01 -5.505111405633810051e+01 6.399544730123630024e-03 9.988218769155301491e-01 -4.810305602662534596e-02 -6.201288193704280971e+00 7.967056435808111958e-01 2.397873093868727393e-02 6.038916704029339000e-01 8.494228769083127872e+01
5.948248811358622934e-01 -4.288969368401077814e-02 -8.027102983985886508e-01 -5.603926261595702840e+01 4.276529878544140482e-03 9.987303176153662365e-01 -5.019426209682064516e-02 -6.266987892583197883e+00 8.038439416928626624e-01 2.642398098230758913e-02 5.942530626388382586e-01 8.565586872140697494e+01
5.846904362366542873e-01 -4.521401329041003364e-02 -8.099955399722353899e-01 -5.701852472321582610e+01 5.553996393081518136e-03 9.986453861910216112e-01 -5.173534323174693722e-02 -6.362057462756058435e+00 8.112374853479272785e-01 2.575044765704088620e-02 5.841495260946725221e-01 8.637059822361615602e+01
5.749165553076571733e-01 -4.648182282896155815e-02 -8.168906795830422896e-01 -5.803786480462054698e+01 4.963960043088870046e-03 9.985648356116703095e-01 -5.332568008243733504e-02 -6.421156851519534747e+00 8.181969961268719116e-01 2.660280317415697135e-02 5.743221905921324089e-01 8.706361578707567617e+01
5.648226862549237115e-01 -4.758751102382591247e-02 -8.238390313065735437e-01 -5.905656741526605913e+01 8.229337009039678491e-03 9.986110484356518491e-01 -5.204086783890478352e-02 -6.509067451135014615e+00 8.251712684346770299e-01 2.261421326144207739e-02 5.644297897168988332e-01 8.775796682686163308e+01
5.544337125606084715e-01 -4.770904628088580568e-02 -8.308592496334710198e-01 -6.009365286128401351e+01 9.790582580049259423e-03 9.986602891265646820e-01 -5.081113444242204430e-02 -6.586291311802211723e+00 8.321703036183939473e-01 2.003680930685824632e-02 5.541580322049561858e-01 8.844737763309436218e+01
5.438739546174147232e-01 -4.812006065835825602e-02 -8.377861114146208932e-01 -6.113475340450517592e+01 1.008336302557236511e-02 9.986572237291950760e-01 -5.081412453255792355e-02 -6.675378332923645353e+00 8.391063453711986586e-01 1.918877684241664106e-02 5.436288667873350189e-01 8.912522417759431903e+01
5.337372257789602115e-01 -4.916568525873626222e-02 -8.442199335823448170e-01 -6.218707539710895560e+01 9.350944853192731665e-03 9.985905678845036215e-01 -5.224401909400211430e-02 -6.752528442657413699e+00 8.455986905185881586e-01 1.999032325668849072e-02 5.334447061821350200e-01 8.976496997135755862e+01
5.235306815788953738e-01 -4.972138819051888370e-02 -8.505547577137241300e-01 -6.326103636198174485e+01 8.549926459487555003e-03 9.985520474155032966e-01 -5.311033166189976090e-02 -6.831809625012505549e+00 8.519639289048733799e-01 2.053270699098307464e-02 5.231977493756014841e-01 9.042176470789416953e+01
5.140270032577569648e-01 -5.031744503334572433e-02 -8.562969002345024450e-01 -6.432871018431960408e+01 6.907456836553595679e-03 9.984884381840625212e-01 -5.452637732354857769e-02 -6.918191205006176681e+00 8.577461973626125946e-01 2.211319595244578412e-02 5.135975864424106030e-01 9.105016870497117054e+01
