1.000000000000000000e+00 -3.306050084167601550e-19 -2.270457535318767223e-19 -8.673617379884035472e-19 7.546676715296109287e-19 1.000000000000000000e+00 6.237773588823049983e-19 1.387778780781445676e-17 -3.447385680526250622e-20 4.770700176052009879e-20 1.000000000000000222e+00 5.551115123125782702e-17
9.976788894765348248e-01 6.089005941624569748e-03 -6.782785769065945158e-02 -3.905571694316268605e+00 -6.061560261405972948e-03 9.999814303019232131e-01 6.106415032255164705e-04 -7.451532824068286820e-02 6.783031570493402995e-02 -1.981149511186066920e-04 9.976972532539214455e-01 3.881579342149440670e+00
9.864190405294277486e-01 1.323305409619386121e-02 -1.637195712969917172e-01 -7.987171539687706101e+00 -1.303354215835957064e-02 9.999123959787534766e-01 2.293081485569616832e-03 -7.792088217221067314e-02 1.637356163140389620e-01 -1.280233504012392781e-04 9.865051175422646645e-01 6.620574077979941130e+00
9.858568853975738788e-01 1.742833002909620344e-02 -1.666685547105499210e-01 -1.122557653463764815e+01 -1.637211751329493981e-02 9.998362760407787375e-01 7.707333075601923399e-03 -8.864633526651134743e-02 1.667756237073580727e-01 -4.869757020527581970e-03 9.859806848064596174e-01 7.817854293134516297e+00
9.797575534602209757e-01 1.538570164771200545e-02 -1.995772640570805667e-01 -1.398650488655688662e+01 -1.318698485498220885e-02 9.998368722309218803e-01 1.234070685514997850e-02 -6.904740895161212699e-02 1.997345956898602948e-01 -9.458696486964112207e-03 9.798005657067152541e-01 8.386194204753618209e+00
8.802901938234579671e-01 1.432964073272576661e-02 -4.741523326311594122e-01 -1.763284241430059041e+01 -6.730198217773966131e-03 9.998202977571470917e-01 1.772139620901388296e-02 2.333440348892421023e-03 4.743211315429424757e-01 -1.240827922322923146e-02 8.802283512882000949e-01 8.867547889268180938e+00
8.006932312575857358e-01 1.557260249377312618e-02 -5.988439222987770316e-01 -2.165328229466266308e+01 -1.629826223811400637e-03 9.997149379620954290e-01 2.381760373025211541e-02 -5.606350083703484644e-03 5.990442275500652558e-01 -1.809516155829695924e-02 8.004903946421658700e-01 8.444470100155019310e+00
8.485121886887666554e-01 1.811920469530221497e-02 -5.289901719275503789e-01 -2.649523618743859998e+01 -7.148911945419524766e-03 9.997148628887048138e-01 2.278100664409667131e-02 4.930573939146590257e-02 5.292520944916593306e-01 -1.555045287636036902e-02 8.483997904444708915e-01 7.926729146058121067e+00
7.638450140100730978e-01 2.127635701790386163e-02 -6.449111704606204087e-01 -3.142707435923704296e+01 -4.797654836238889921e-03 9.996160331979151437e-01 2.729342735551317650e-02 8.743734986372030116e-02 6.452441378591958765e-01 -1.775342387661629079e-02 7.636537613514298162e-01 7.565982859366287450e+00
8.800490289920822606e-01 2.689104547412283705e-02 -4.741360013870591361e-01 -3.581190525303377825e+01 -1.247685866079920047e-02 9.993601551808886096e-01 3.352334962809330743e-02 8.101927714997084196e-02 4.747342148647976656e-01 -2.358490613806829214e-02 8.798214891401702209e-01 5.908302298106126393e+00
8.509794657708544818e-01 2.318053608231838286e-02 -5.247268070848687405e-01 -3.990442378192981465e+01 -3.875481854924318903e-03 9.992755207496285541e-01 3.786642942074495977e-02 1.244128438830072458e-01 5.252244043375915439e-01 -3.018982193447506887e-02 8.504528663199409921e-01 5.205144339635752182e+00
7.864836752038311118e-01 2.527941875646980835e-02 -6.171916157113966905e-01 -4.390509384685105942e+01 -4.477879317233471302e-04 9.991849949704459943e-01 4.036780757944295750e-02 1.129637438171429697e-01 6.177091842842328262e-01 -3.147227156358971267e-02 7.858541021378875335e-01 3.852823976261191330e+00
9.298017814247447888e-01 2.283667455609765529e-02 -3.672794015428820780e-01 -4.678489816377060606e+01 -8.432129755069569382e-03 9.991330317496791569e-01 4.075721483576576903e-02 1.676112693786740993e-01 3.678921033686389230e-01 -3.479674896864022593e-02 9.291883104713588581e-01 2.213281252144901234e+00
8.712724489645262693e-01 2.634431110054065786e-02 -4.901419069313297516e-01 -4.902715179995141881e+01 -5.709792998801506772e-03 9.990349405587189979e-01 4.354365439354304645e-02 1.612253004587978211e-01 4.908160192413303369e-01 -3.514123317146778530e-02 8.705819809181916114e-01 1.592218914932025164e+00
9.980008123444906731e-01 1.793287386307648376e-02 -6.060699949620740323e-02 -5.022060698561571712e+01 -1.546379373411604398e-02 9.990410020452719086e-01 4.096833064845131767e-02 2.224578544830176363e-01 6.128337591718888144e-02 -3.994948104668563649e-02 9.973207783073813060e-01 1.069134790109946831e+00
9.433986319469755966e-01 1.547186239431252303e-02 -3.312939818844002904e-01 -5.078679018957951996e+01 6.378454954561525074e-04 9.988248968805414352e-01 4.845802279724153311e-02 2.029850223354993377e-01 3.316543628030325652e-01 -4.592650875192919729e-02 9.422800741540506841e-01 1.480277667870844249e+00
9.991018444313242153e-01 7.679220559621085206e-03 -4.166815990915717638e-02 -5.029674184855424812e+01 -5.728075296937027924e-03 9.988907774608666301e-01 4.673139231920511727e-02 2.559593328756536446e-01 4.198088653449618540e-02 -4.645066477427027551e-02 9.980375895564789213e-01 1.707910108783993408e+00
9.795761227622459266e-01 5.620833563079789819e-03 -2.010087445742800294e-01 -5.086899462030304875e+01 4.798851282289442501e-03 9.986710926212115647e-01 5.130798199930700076e-02 2.383254789028949605e-01 2.010300566521134591e-01 -5.122451387908423526e-02 9.782472947903405602e-01 2.141794765168419712e+00
9.995312449406991151e-01 2.602339915636240394e-03 3.050391439698758519e-02 -5.018899464848612268e+01 -4.085092775182500892e-03 9.988078169919889504e-01 4.864405334720605517e-02 2.540635485852514308e-01 -3.034093349054546584e-02 -4.874587025280349012e-02 9.983502576779078597e-01 2.087897459207649575e+00
9.965369027613987241e-01 2.497669733103028041e-03 -8.310839471520120592e-02 -5.083252908548721649e+01 1.925382268518922380e-03 9.985878154961854714e-01 5.309737875490283532e-02 2.887629645192481553e-01 8.312364110098913184e-02 -5.307351650958867101e-02 9.951246771128995361e-01 2.818574135046968632e+00
9.923911529460860415e-01 2.336368945207643183e-03 1.230879852440387445e-01 -5.019421219915039245e+01 -8.773833242460735496e-03 9.986202083236995763e-01 5.176830991238073887e-02 2.788207914938017340e-01 -1.227971532506200725e-01 -5.245446255981638800e-02 9.910423358394369053e-01 2.570069646432711963e+00
9.983975628991804685e-01 6.630388922480571394e-04 5.657437632308649766e-02 -5.071237107187710080e+01 -3.792040824121635512e-03 9.984677961211192443e-01 5.521838434306422516e-02 3.079338853105759166e-01 -5.645108036389718392e-02 -5.534447839403186520e-02 9.968702524184518410e-01 3.092999792954429505e+00
9.773960042943531379e-01 -1.524626879085924560e-03 2.114493738845119319e-01 -5.004184191903301837e+01 -1.014101452542738764e-02 9.984849436845695259e-01 5.408173236900969127e-02 3.102893447763815926e-01 -2.112114521576090864e-01 -5.500339067180151642e-02 9.758997288628133981e-01 3.152611968743330717e+00
9.851666547918145334e-01 -3.005415909315255468e-03 1.715836302141175440e-01 -5.048298228021202760e+01 -6.770901690653201473e-03 9.983873286525400959e-01 5.636658766310860547e-02 3.492692148795410456e-01 -1.714763227149039004e-01 -5.669214272628349954e-02 9.835573656614806648e-01 4.004439548032330265e+00
9.583401800125026515e-01 -1.643151748760229196e-03 2.856705890297269734e-01 -4.976951194012492863e+01 -1.417857517472417839e-02 9.984769933192163549e-01 5.331088839760794729e-02 3.483167615075743462e-01 -2.853229760447660301e-01 -5.514094531103659602e-02 9.568574196400828624e-01 3.952278000163226057e+00
9.674057681936094610e-01 -5.805621101183472584e-03 2.531350424039950364e-01 -5.014542447472143039e+01 -7.476436222796475212e-03 9.986466082058956806e-01 5.147892967682309029e-02 3.902584037062486466e-01 -2.530912078229276552e-01 -5.169396600146606430e-02 9.660529860158086901e-01 4.835379167855371030e+00
9.396306538166292466e-01 -5.659378958234179136e-03 3.421338624233434267e-01 -4.941182701527490906e+01 -1.104890057754016712e-02 9.988402155665712101e-01 4.685748160938606188e-02 3.829892809606355031e-01 -3.420023096554282716e-01 -4.780790361496149721e-02 9.384782025009551498e-01 4.873199319524042394e+00
9.503276521657660902e-01 -9.229687882192786144e-03 3.111482506121948099e-01 -4.977196003486160691e+01 -5.020336554064531477e-03 9.989757430110307590e-01 4.496816398037514761e-02 4.428163873700286524e-01 -3.112447181092241055e-01 -4.429604188167690637e-02 9.493079119673685229e-01 5.931308715544062693e+00
9.240912256106891265e-01 -8.778051082010752612e-03 3.821522772345948837e-01 -4.896300457535704709e+01 -7.966987266750148039e-03 9.990765546758962889e-01 4.221796921079450093e-02 4.243909093743450933e-01 -3.821700275432018956e-01 -4.205727057409624353e-02 9.231679288084160273e-01 5.896648324127772511e+00
9.441392096466849626e-01 -1.368001940308650327e-02 3.292234430415260649e-01 -4.926133504230505622e+01 -8.961370734518828976e-04 9.990278569522945684e-01 4.407534363593195587e-02 4.823888140904438737e-01 -3.295063053097159189e-01 -4.190804123888593885e-02 9.432091355074966321e-01 6.893956790143723090e+00
9.135217532201612700e-01 -1.299138830227328061e-02 4.065856997327152444e-01 -4.836114906637426003e+01 -5.093661931995508742e-03 9.990463483299314440e-01 4.336932208106917402e-02 4.630703766757470197e-01 -4.067613818352917021e-01 -4.168947085596712981e-02 9.125843552103138911e-01 6.988027380115404696e+00
9.402614429780753458e-01 -1.590074469427711981e-02 3.400935595826625191e-01 -4.862775138755574744e+01 -9.180642488796354446e-04 9.987866952809755228e-01 4.922993991309908973e-02 5.149054754256534583e-01 -3.404637848367040309e-01 -4.660138926118898017e-02 9.391058415192393705e-01 7.983794666552509689e+00
9.042840980313183730e-01 -1.427849418181361893e-02 4.266592052136664037e-01 -4.786753680217004359e+01 -7.215047817401196682e-03 9.987867383825711487e-01 4.871745687405144160e-02 5.157770994672348230e-01 -4.268371265179222718e-01 -4.713344804909500030e-02 9.030838319172570516e-01 8.310331003003563310e+00
9.292918494364890147e-01 -1.657726639851703904e-02 3.689093349118653387e-01 -4.820983560458364536e+01 -2.552990106109787397e-03 9.986800720822606170e-01 5.130126481911093800e-02 5.911006180286143552e-01 -3.692727236862605733e-01 -4.861621422256053732e-02 9.280228394713934126e-01 9.435800550505293316e+00
8.982514339356686417e-01 -1.498807947432812676e-02 4.392901677665392857e-01 -4.736695577323894213e+01 -8.871160072098441263e-03 9.985962973409395760e-01 5.222109790129302043e-02 5.788005586296649518e-01 -4.394562752619062818e-01 -5.080447812456901496e-02 8.968575533188817284e-01 9.481390881286408501e+00
9.202353485638880004e-01 -1.868949612154926707e-02 3.909126630192200080e-01 -4.764017356129412661e+01 -3.619766553439552823e-03 9.984099285032769222e-01 5.625705873570976956e-02 6.422450146580078734e-01 -3.913423208130175635e-01 -5.318627193027901379e-02 9.187043761768538541e-01 1.060392799629319427e+01
8.910653991958978892e-01 -1.784846649267362792e-02 4.534723049520692495e-01 -4.674671797573521559e+01 -8.781865927641756622e-03 9.983614848955150167e-01 5.654185779143867940e-02 6.280775990029962008e-01 -4.537385731693763247e-01 -5.436389359741349708e-02 8.894485860700253044e-01 1.084042342271130899e+01
9.126394408688204285e-01 -2.035377259854377965e-02 4.082413264708671385e-01 -4.700216121116155676e+01 -4.633926518696564016e-03 9.981802074764044574e-01 6.012343165087506713e-02 7.173899638711297433e-01 -4.087223661595176250e-01 -5.676124286292859311e-02 9.108842624824120549e-01 1.212670686236676865e+01
8.757784613413394093e-01 -2.210939994899520367e-02 4.822023707184910357e-01 -4.619548818039223192e+01 -1.022407087591697787e-02 9.978767888960253796e-01 6.432122598073063136e-02 7.203731739343570695e-01 -4.826006722272559446e-01 -6.126168602529632329e-02 8.736929391165784153e-01 1.237898731415482345e+01
9.011330794392983234e-01 -2.368107627948692201e-02 4.329211447453449879e-01 -4.637425555905624464e+01 -6.374141584310733313e-03 9.976754541835054502e-01 6.783771458547920019e-02 8.065277952113306670e-01 -4.335217489769644383e-01 -6.388790278464880068e-02 8.988872819403984638e-01 1.362014342305100278e+01
8.641259441591139234e-01 -2.275385416036638728e-02 5.028267743057271977e-01 -4.548001233189285841e+01 -1.354262745435544715e-02 9.975644371045916392e-01 6.842806778074077279e-02 8.117741651564533978e-01 -5.031588897799221805e-01 -6.594265483908935688e-02 8.617129533539096276e-01 1.383131171448589747e+01
8.859343981518433830e-01 -2.514195164460538215e-02 4.631548656723541435e-01 -4.572343660311455693e+01 -7.495455498766124582e-03 9.976232306519167148e-01 6.848924852309377920e-02 8.957059298020232374e-01 -4.637762030972243932e-01 -6.414802737789963849e-02 8.836403377718626828e-01 1.515550788898774748e+01
8.472177680395920341e-01 -2.446372918993991452e-02 5.308121829341964082e-01 -4.484830232350731194e+01 -1.407015382649054631e-02 9.975554926935740196e-01 6.845482137923152022e-02 9.088181078121347900e-01 -5.311895249359838145e-01 -6.546309801912301995e-02 8.448025306257817002e-01 1.548107451672856349e+01
8.685442056055413529e-01 -2.463287300849892336e-02 4.950087108756684451e-01 -4.496787607711707579e+01 -9.852757821249729861e-03 9.977086012486500177e-01 6.694423941368159159e-02 9.799883630492471909e-01 -4.955231238248292702e-01 -6.302328989975167217e-02 8.663112848282430445e-01 1.663904496725994164e+01
8.264659002208599725e-01 -2.236629608698587762e-02 5.626045623438229448e-01 -4.398770866036310423e+01 -1.795069157843595664e-02 9.976556159733771523e-01 6.604522554317171501e-02 9.856839085610998863e-01 -5.627633517983056111e-01 -6.467900047933611285e-02 8.241268582678908938e-01 1.674596216547512739e+01
8.438380983682969294e-01 -2.051053933326802900e-02 5.362896688365391684e-01 -4.415842704096267113e+01 -1.701909131405844600e-02 9.977435433795782682e-01 6.496206590488999566e-02 1.052710153257375936e+00 -5.364116768568958360e-01 -6.394648816663803248e-02 8.415849813676645752e-01 1.795001166738656195e+01
8.003617605188515505e-01 -1.712691750121202519e-02 5.992735048408706078e-01 -4.312406821001832213e+01 -2.627358121262866192e-02 9.976295399919736795e-01 6.358795737512568103e-02 1.061091081116460888e+00 -5.989430250401699407e-01 -6.662875308295457266e-02 7.980143776660547639e-01 1.807435765969788477e+01
8.077050937033009026e-01 -1.697182094747479858e-02 5.893804397666020378e-01 -4.319671857980914353e+01 -2.449131828833029517e-02 9.977570249862559582e-01 6.230214854943650488e-02 1.132598357568707303e+00 -5.891158954803221715e-01 -6.475677897144395401e-02 8.054777416543765778e-01 1.930677011310045899e+01
7.562153040607100252e-01 -1.678740673594606228e-02 6.541703566426839700e-01 -4.207630702856179283e+01 -3.070514292729393732e-02 9.976591477157654708e-01 6.112744322982449630e-02 1.138395906999107199e+00 -6.536651846796651677e-01 -6.631358767575969149e-02 7.539295843639666206e-01 1.946968308830881966e+01
7.625045652695630061e-01 -1.713306058646041352e-02 6.467768847234057761e-01 -4.210491829458856472e+01 -2.803076407093852210e-02 9.978358968693230580e-01 5.948257138573775915e-02 1.181565002835369027e+00 -6.463969020365692986e-01 -6.347968740049080016e-02 7.603740592691952127e-01 2.055839715555385894e+01
7.171123561758113718e-01 -1.439917499407386385e-02 6.968688936053045735e-01 -4.098307447466158493e+01 -3.426620384622423160e-02 9.978490572451998997e-01 5.589554802950558177e-02 1.201967182364401587e+00 -6.961749330815425463e-01 -6.396169956127928380e-02 7.150763830763341433e-01 2.071279400562758610e+01
6.908725549644832986e-01 -1.377919441576170786e-02 7.228583394863478118e-01 -4.025785153004250105e+01 -3.514493976379463869e-02 9.979962744573011024e-01 5.258921900493624541e-02 1.224758414609398383e+00 -7.221350803423440823e-01 -6.172745977772783887e-02 6.890038164331657722e-01 2.132635343385150506e+01
6.909272687902164867e-01 -1.187115956968536404e-02 7.227495871336614419e-01 -4.030535108354029461e+01 -3.182250449569300893e-02 9.983966689910991343e-01 4.681174735157384720e-02 1.266287551008668189e+00 -7.221466698969972731e-01 -5.534019840747523428e-02 6.894415260477249063e-01 2.246402789342959139e+01
6.415005721484914325e-01 -1.379965725135653964e-02 7.669570145398680872e-01 -3.913658300900827669e+01 -2.748658516762995940e-02 9.987827199097767394e-01 4.096113009098658470e-02 1.273907702405752129e+00 -7.665888339833851761e-01 -4.735446928237513342e-02 6.403402035204980303e-01 2.246571115110284111e+01
6.140833769254948615e-01 -1.490746736264066293e-02 7.891517163415645575e-01 -3.826264920064804187e+01 -2.128926011142949840e-02 9.991449311771479769e-01 3.545113636242649968e-02 1.287174592767359238e+00 -7.890054215816239003e-01 -3.857433473141549246e-02 6.132408510236393440e-01 2.299504982474683246e+01
6.293730350760026182e-01 -1.385657990674564292e-02 7.769459701301877352e-01 -3.824546782193821315e+01 -1.727826414921882631e-02 9.993442328107112749e-01 3.182957383914948590e-02 1.305895371376562863e+00 -7.768774255727517453e-01 -3.346258341400396713e-02 6.287209149440966538e-01 2.383921938131711471e+01
5.788215714599417305e-01 -1.591057082943112336e-02 8.153092112101973932e-01 -3.703299498411041668e+01 -9.094847844263790476e-03 9.996215819603471164e-01 2.595551344239958175e-02 1.308635991395156184e+00 -8.154136486018328522e-01 -2.243936191348245429e-02 5.784576696960139763e-01 2.387805118486078371e+01
5.408258632955638134e-01 -1.363059195514814033e-02 8.410255699662211315e-01 -3.611458895365299782e+01 -1.325762512692055337e-03 9.998536342396365795e-01 1.705797486152461559e-02 1.303938585781751369e+00 -8.411350190740078947e-01 -1.034205565481565413e-02 5.407285859036730091e-01 2.446104625695392087e+01
5.448785285776447385e-01 -3.507137690432565735e-03 8.384987014935106897e-01 -3.589311980039394001e+01 6.794297650061047449e-04 9.999927537907307151e-01 3.739464774185964537e-03 1.297232500113344456e+00 -8.385056905615467793e-01 -1.465892006316544182e-03 5.448768617814050419e-01 2.493408423030090404e+01
5.085593881530745541e-01 1.003501965920562157e-02 8.609435227251558409e-01 -3.484654111139776234e+01 3.256716185541383250e-03 9.999024734911350354e-01 -1.357770585291851254e-02 1.272233406125628852e+00 -8.609957510190247021e-01 9.707896737433810777e-03 5.084772419591536696e-01 2.529969611607627655e+01
4.809874812995829085e-01 2.518132421631068263e-02 8.763245990892618575e-01 -3.398439152585231682e+01 2.415113208382914205e-03 9.995455488642295272e-01 -3.005468801703988987e-02 1.243353146521910979e+00 -8.766829499418944405e-01 1.657743100499463676e-02 4.807081555013184015e-01 2.570172247717381708e+01
4.747887348045109479e-01 3.358483697466411316e-02 8.793041938267954771e-01 -3.357727202810443146e+01 4.803735210109544296e-03 9.991578284258674225e-01 -4.074682502481340174e-02 1.211135210244467242e+00 -8.799320024278840524e-01 2.357232409842960341e-02 4.742276451722555186e-01 2.610993461988739739e+01
4.407777739058453270e-01 3.508696257835265675e-02 8.968448202086726218e-01 -3.261025030488887211e+01 9.557381778240718606e-03 9.989958136472549821e-01 -4.377275032751198197e-02 1.153941613102354768e+00 -8.974794652467681377e-01 2.787556712838422726e-02 4.399996716098028005e-01 2.645587687830509083e+01
4.180846879799062776e-01 3.345317967014030391e-02 9.078755543683414420e-01 -3.169863179239619555e+01 1.293867838357490828e-02 9.990010088422723866e-01 -4.276621523342920977e-02 1.106636756037635561e+00 -9.083996076322959912e-01 2.961969230430792910e-02 4.172342821302292837e-01 2.681619073473156689e+01
4.066151697996110981e-01 2.676936260621422953e-02 9.133444891750157613e-01 -3.115735750651539959e+01 1.696262455867484156e-02 9.991771391667826352e-01 -3.684195298223207071e-02 1.064839949366780170e+00 -9.135792732063110488e-01 3.047054084255157794e-02 4.058265555698918892e-01 2.719363931397559497e+01
3.843444409211264623e-01 2.002942188980339974e-02 9.231225940944962627e-01 -3.027801179545130950e+01 2.409314956786262618e-02 9.992063984053972669e-01 -3.171880860849608796e-02 1.019293614611337162e+00 -9.230256563394405589e-01 3.442327037178428972e-02 3.835569752238761065e-01 2.748086581824432528e+01
3.681646589705110939e-01 1.773402084374514978e-02 9.296140835113786416e-01 -2.936200575462036610e+01 2.761550335358897018e-02 9.991684377310455778e-01 -3.000724241726421965e-02 9.653905519291089421e-01 -9.293733232128776889e-01 3.671414803727512249e-02 3.673687751703917370e-01 2.777895055747128694e+01
3.517969971653449046e-01 1.919751275917928879e-02 9.358509440720494954e-01 -2.874262690016320576e+01 3.083155313541630083e-02 9.990096004537464269e-01 -3.208458848273195579e-02 9.187486679190235428e-01 -9.355397603705374321e-01 4.014731100258834423e-02 3.508567176770818752e-01 2.814499872793516388e+01
3.463016126431154307e-01 2.040688358306605790e-02 9.377943463553519710e-01 -2.793113675371284899e+01 3.200221498767800293e-02 9.989245654152872911e-01 -3.355928806683580040e-02 8.717288573992538758e-01 -9.374706687655653958e-01 4.163464667849559736e-02 3.452760482942889841e-01 2.836356057884169957e+01
3.363134315945170427e-01 2.630343631927019657e-02 9.415050463360439270e-01 -2.709669570466724409e+01 2.691305503717354025e-02 9.989331903293102721e-01 -3.752948474963837405e-02 8.289374332175403204e-01 -9.414884798986125070e-01 3.794868384062725225e-02 3.352467126079568538e-01 2.863464344534557426e+01
3.211489993276940846e-01 2.583401367279831301e-02 9.467261955450135824e-01 -2.642681903901050333e+01 2.432774399079238453e-02 9.990728474877155207e-01 -3.551284740063896661e-02 7.807680865711722484e-01 -9.467659361411994157e-01 3.443960641448413212e-02 3.202228491341448935e-01 2.895009917710585512e+01
3.121814714104174660e-01 2.504570612174407754e-02 9.497274306860081783e-01 -2.559969041627581277e+01 2.758218367700233584e-02 9.989919963577635897e-01 -3.540893690532376931e-02 7.430599560122997937e-01 -9.496570652805221835e-01 3.725094854693278279e-02 3.111759732833022096e-01 2.916963462023448983e+01
3.060019154991107659e-01 2.501633779675901947e-02 9.517092932826014540e-01 -2.476868245662696921e+01 3.074448487359380741e-02 9.988736713330799155e-01 -3.615093038952843507e-02 6.959469847200479009e-01 -9.515422317839948851e-01 4.030934927869518625e-02 3.048880652540673641e-01 2.941691917502312492e+01
2.997122584193265271e-01 2.811603086039669158e-02 9.535745339973806800e-01 -2.404685739872883232e+01 3.205492984697577707e-02 9.987043938209946292e-01 -3.951342001358454370e-02 6.561764359399706592e-01 -9.534498142923619746e-01 4.241744392621023263e-02 2.984227459053546694e-01 2.969761696741568002e+01
3.008736786611144742e-01 3.074551636660235662e-02 9.530135042807940104e-01 -2.319966530172799679e+01 3.140574618313200783e-02 9.986186898972332360e-01 -4.212658766796818777e-02 6.178216365097579654e-01 -9.529918045666254667e-01 4.261450930748826582e-02 2.994925881829854086e-01 2.994529921648616266e+01
3.060546112634159877e-01 2.899399283181346501e-02 9.515868737566699487e-01 -2.232347865268557996e+01 3.366978389902353791e-02 9.985811172850681539e-01 -4.125644288444695051e-02 5.725501144734906900e-01 -9.514332612495229879e-01 4.466030679338336279e-02 3.046440828338097262e-01 3.020169042979415508e+01
3.110946271282386544e-01 2.865907637681575776e-02 9.499532750751725763e-01 -2.156078402822811313e+01 3.152471951195106453e-02 9.986839382153982481e-01 -4.044833844991634064e-02 5.220234153886538220e-01 -9.498622114824107898e-01 4.253629661642024939e-02 3.097818253671939526e-01 3.050037404392912066e+01
3.200814280400969269e-01 2.871054393540368316e-02 9.469346867556407421e-01 -2.070542254883229560e+01 2.932673786111376565e-02 9.987614445920718342e-01 -4.019016120159367433e-02 4.791032681217155531e-01 -9.469152392866738710e-01 4.064687609343942826e-02 3.188430521362793368e-01 3.080110361019587373e+01
3.284875887099808489e-01 2.839838799462642352e-02 9.440383284822536636e-01 -1.977487180654485144e+01 2.791080843393308267e-02 9.988195127508993076e-01 -3.976047245539930663e-02 4.321448797228206740e-01 -9.440527681540192839e-01 3.941787240773451939e-02 3.273072278771937405e-01 3.109447053460283072e+01
3.346347303345771351e-01 2.855696036746124475e-02 9.419310917393807214e-01 -1.895594906612468833e+01 2.476230180672873982e-02 9.989291114374224678e-01 -3.908623960074775194e-02 3.829583326764677831e-01 -9.420387379563438524e-01 3.640108714887489716e-02 3.335692213059272548e-01 3.142934735380648803e+01
3.401433780089362924e-01 2.958908218753917782e-02 9.399172908079114208e-01 -1.807123531314717013e+01 2.107607905478647847e-02 9.990138090235041179e-01 -3.908764800626132047e-02 3.370228353349252748e-01 -9.401474091796326871e-01 3.309285974268615788e-02 3.391844102862089927e-01 3.176693846926834297e+01
3.422333818394976968e-01 3.031737708540963722e-02 9.390764164646812073e-01 -1.711900443570520736e+01 1.597702394180831875e-02 9.991471799381329566e-01 -3.806926630206591833e-02 2.941838442119554808e-01 -9.394296679930044247e-01 2.803173329775152794e-02 3.414569840941041878e-01 3.210281122363661410e+01
3.405320520082176783e-01 3.025852379148367272e-02 9.396338271242000717e-01 -1.621218721079071656e+01 1.318273917955785010e-02 9.992301400974021863e-01 -3.695398452272360273e-02 2.391204560164824633e-01 -9.400284834488581431e-01 2.497253278277048252e-02 3.398710080629898656e-01 3.246532597793041219e+01
3.404975541343393530e-01 3.005814747074127963e-02 9.396917156810044025e-01 -1.530106942315786966e+01 1.136637037707292040e-02 9.992841692413602095e-01 -3.608594303663904823e-02 1.923909642538996767e-01 -9.401038285331375643e-01 2.296378084985609830e-02 3.399123331352259525e-01 3.282437618037562288e+01
3.393912396458914071e-01 3.006622988412387815e-02 9.401522935925745728e-01 -1.433217548775345129e+01 1.230217626839606032e-02 9.992617136996710947e-01 -3.639796259770486375e-02 1.443931259458522964e-01 -9.405524843701089655e-01 2.392164827390411488e-02 3.387707622458684398e-01 3.317248403322680161e+01
3.405055878871508512e-01 2.912033356599043332e-02 9.399647342539518835e-01 -1.335922010387474756e+01 1.162008660947891868e-02 9.993134899093893964e-01 -3.517751501764523198e-02 9.061966868635920602e-02 -9.403442802433654713e-01 2.289358955763320241e-02 3.399335104755546455e-01 3.352497053341504341e+01
3.405095390511911901e-01 2.768298931484446113e-02 9.397141100329513552e-01 -1.239548410610212059e+01 1.161326753203486932e-02 9.993663951120225208e-01 -3.365302702283500674e-02 3.927200368847627576e-02 -9.400500858712808050e-01 2.238039675675737930e-02 3.399722897614232409e-01 3.388822650402484271e+01
3.393827542031443434e-01 2.784654214505986186e-02 9.403426018663776365e-01 -1.142002050653474399e+01 1.151843201396040781e-02 9.993637691217707175e-01 -3.375674347532301584e-02 -1.365132069147770993e-02 -9.406843507668311011e-01 2.228965895163747754e-02 3.388459926205196759e-01 3.426370780166699603e+01
3.393519137126593810e-01 2.712196716534505045e-02 9.400835399888348709e-01 -1.042386669975558355e+01 9.777193915281635200e-03 9.994285879428158603e-01 -3.235691585750723881e-02 -6.037114782833717663e-02 -9.404237935981414331e-01 2.017620822731589630e-02 3.388927487813077621e-01 3.463731551805963704e+01
3.404547009679074199e-01 2.718345586726891860e-02 9.398894703659506078e-01 -9.477869378362465014e+00 8.663203507358253896e-03 9.994488215373756868e-01 -3.205616602495946904e-02 -1.156106985799881942e-01 -9.402429280738413553e-01 1.905463599988695134e-02 3.400316347937588635e-01 3.501304531806828635e+01
3.415663206838856492e-01 2.716017256973606367e-02 9.395666100397523923e-01 -8.470602733929462502e+00 8.036054249279592568e-03 9.994614173331825002e-01 -3.182105725227563076e-02 -1.671859560825098567e-01 -9.399250143815994774e-01 1.841972231544701522e-02 3.411640809354924975e-01 3.538467457036293240e+01
3.443115120115352035e-01 2.626862050740386839e-02 9.384547756168362120e-01 -7.474304521826293346e+00 6.627175332067214777e-03 9.995155897356786667e-01 -3.040756726323358070e-02 -2.241982722912265191e-01 -9.387990133356599598e-01 1.669006431587739467e-02 3.439705936511169293e-01 3.574659685771283790e+01
3.448623840164171672e-01 2.299471234863190161e-02 9.382997765956173630e-01 -6.534165809086267984e+00 7.455801903106665587e-03 9.996011086420515390e-01 -2.723545870447409423e-02 -2.765535121974968535e-01 -9.385519031421796221e-01 1.639104254029550081e-02 3.445533859464202098e-01 3.613563157430007777e+01
3.465225488560899625e-01 2.061972638904145672e-02 9.377748635772429342e-01 -5.558929238516636673e+00 8.113388915188880432e-03 9.996550069911681602e-01 -2.497322407120499549e-02 -3.209029935339950401e-01 -9.379665666877373686e-01 1.626156222608425919e-02 3.462357444285447117e-01 3.649855484801489780e+01
3.509045344646229969e-01 2.020189445379264037e-02 9.361923367287748876e-01 -4.572704661345825983e+00 7.116485100772945195e-03 9.996807571851863417e-01 -2.423629737910211468e-02 -3.698174250007112973e-01 -9.363832753082029781e-01 1.516653568738537787e-02 3.506487807970139481e-01 3.686988717618147859e+01
3.520426131632862221e-01 1.935301522507908503e-02 9.356645747314380479e-01 -3.590971661944474924e+00 8.454371840271672142e-03 9.996795983208738301e-01 -2.385218524099716464e-02 -4.183350545375325025e-01 -9.358265502787875834e-01 1.630956701648010251e-02 3.517662278373582252e-01 3.726236768737160787e+01
3.547841408770670557e-01 1.997902938677613774e-02 9.347173548434243306e-01 -2.622499561815713864e+00 8.090165938520259628e-03 9.996685468060576563e-01 -2.443334279152623717e-02 -4.628040102648684484e-01 -9.348959463808249604e-01 1.623174801898554648e-02 3.545049546336936919e-01 3.763638437934444880e+01
3.547638745238204105e-01 2.262780454906674135e-02 9.346119522108029543e-01 -1.664350410408558023e+00 7.158813016744356751e-03 9.996119028203455104e-01 -2.692194890749450426e-02 -5.157697363926698753e-01 -9.348583588856639315e-01 1.624921271474856141e-02 3.544642650085106927e-01 3.797266061801367698e+01
3.514705151862509425e-01 2.471133131981794948e-02 9.357695935690426570e-01 -7.007503724827324199e-01 6.273520587227997443e-03 9.995668608518620823e-01 -2.875149915784138907e-02 -5.669176443792575126e-01 -9.360748679548817064e-01 1.597694740711342806e-02 3.511633645376774360e-01 3.833762633048648638e+01
3.459087121620174066e-01 2.680330551224568980e-02 9.377845681532291922e-01 3.126645140979877335e-01 4.396976035250311707e-03 9.995345660179434377e-01 -3.018842401108011789e-02 -6.257154503511134225e-01 -9.381571519862603736e-01 1.456672048921427501e-02 3.456299010650344949e-01 3.874769984083850716e+01
3.415039058976510056e-01 2.482722085171046658e-02 9.396442859163921524e-01 1.237722957985585071e+00 4.461727322176501156e-03 9.995968651090260115e-01 -2.804087045277010512e-02 -6.587757918343195573e-01 -9.399619188216011834e-01 1.376374355136829146e-02 3.412556163701083167e-01 3.906249654204803079e+01
3.365355943319685572e-01 1.909874540422701328e-02 9.415827942477168477e-01 2.197767080093300240e+00 6.875471658235706579e-03 9.997178717761109334e-01 -2.273613102616468470e-02 -7.190923317334436682e-01 -9.417513513222244281e-01 1.411970074195272561e-02 3.363094310972735701e-01 3.940941857272185445e+01
3.292469217163072059e-01 2.074689775336290357e-02 9.441321265881310598e-01 3.158061232008692265e+00 4.365182544608107312e-03 9.997144507572256478e-01 -2.349375092363180373e-02 -7.623947534617554478e-01 -9.443498312027724939e-01 1.185622401982053264e-02 3.290623723480158302e-01 3.977051375511994280e+01
3.253221685943545882e-01 2.132234591924170655e-02 9.453818365033925808e-01 4.103617729437905481e+00 5.115004978313587511e-03 9.996913955392627837e-01 -2.431072936774368240e-02 -8.080556714240738625e-01 -9.456085883656382141e-01 1.273805413509726536e-02 3.251127142668038816e-01 4.009933564568315489e+01
3.197018997929315653e-01 2.509676258623879525e-02 9.472187969472783964e-01 5.034516641830276917e+00 5.907531808504256320e-03 9.995770293261329043e-01 -2.847542522592181116e-02 -8.478805958547296351e-01 -9.475327515097144992e-01 1.469826664675477103e-02 3.194183672619324010e-01 4.042717956563481607e+01
3.134783229706657459e-01 2.584305966435745602e-02 9.493376606390500072e-01 5.971524422957869227e+00 4.047731890313124165e-03 9.995841708489793254e-01 -2.855371877133516118e-02 -9.000587917572568930e-01 -9.496809042462052153e-01 1.279032700086727738e-02 3.132434141450614606e-01 4.075328004033622165e+01
3.094654684947521495e-01 2.640319366722634897e-02 9.506020296431426653e-01 6.935225699694742119e+00 2.781294454803033469e-03 9.995849341664049259e-01 -2.867214522277483982e-02 -9.514974334071299999e-01 -9.509648112051120039e-01 1.151081064722686044e-02 3.092636251250979740e-01 4.108156173316653792e+01
3.055507095631498360e-01 2.545577468840459420e-02 9.518376588362216228e-01 7.844781948062569121e+00 2.634588670662983256e-03 9.996162072369039198e-01 -2.758105975801025678e-02 -1.000253600583266067e+00 -9.521742717024672675e-01 1.094219285803214696e-02 3.053663504595442446e-01 4.139030616060065881e+01
3.016118109085281218e-01 1.611858827422118709e-02 9.532952599729682674e-01 8.772052987019566928e+00 4.448030110872480854e-03 9.998223802547991923e-01 -1.831589831071508967e-02 -1.040707465385363184e+00 -9.534211856776573235e-01 9.760960902467584119e-03 3.014866688887816726e-01 4.168650769538341194e+01
3.009829137472204152e-01 6.739438819463504371e-03 9.535842505678407965e-01 9.732706943068695438e+00 4.029064161776872884e-03 9.999571008087301260e-01 -8.337973008551010853e-03 -1.072779365513886862e+00 -9.535996162619102545e-01 6.348842320416196554e-03 3.009428306073949622e-01 4.198243761748215519e+01
2.975782002062163367e-01 2.623869844944360166e-03 9.545695325066528847e-01 1.065865691652923530e+01 4.520706455566934207e-03 9.999811217092301474e-01 -4.156253425659632919e-03 -1.106501131677872118e+00 -9.545625209101707975e-01 5.552129533586294338e-03 2.975607206470383126e-01 4.229548874226624378e+01
2.975932838361952659e-01 7.989412951726497514e-03 9.546372532832777535e-01 1.159294427216573631e+01 4.463494903616993872e-03 9.999423478338762550e-01 -9.758483922836704710e-03 -1.135432063803145653e+00 -9.546601806006065338e-01 7.167278382650859800e-03 2.975404822692139239e-01 4.257988086419753415e+01
2.970704914529967433e-01 1.375577111983244082e-02 9.547686948636049387e-01 1.251555769666801865e+01 5.296739706118607990e-03 9.998571401098292899e-01 -1.605624103572032488e-02 -1.164987552927125636e+00 -9.548531665610131558e-01 9.824710206756724976e-03 2.969551973880560358e-01 4.286401388507992039e+01
2.948408357634293986e-01 1.321375088365770237e-02 9.554182284994325869e-01 1.343284402398748512e+01 1.169911561452439096e-02 9.997795719613543630e-01 -1.743482177401495595e-02 -1.195646347637934870e+00 -9.554378630611725098e-01 1.632155403186812126e-02 2.946212459560177965e-01 4.314879196214103985e+01
2.954902119873966115e-01 1.108453960193198605e-02 9.553060004241195058e-01 1.437041420421492965e+01 1.461392667964732557e-02 9.997631541767116881e-01 -1.612417900851701238e-02 -1.240919597544192454e+00 -9.552587586046807910e-01 1.872012392281820550e-02 2.952581942759552880e-01 4.342700082235179337e+01
2.977162529509182476e-01 8.276659493030715659e-03 9.546117636207056556e-01 1.529795931473470993e+01 1.435104459986351333e-02 9.998105349188851632e-01 -1.314423548396235000e-02 -1.269204697472060550e+00 -9.545399128978174774e-01 1.761483241556449988e-02 2.975410410238583103e-01 4.372366009409942933e+01
2.971165248521610014e-01 2.977350549215900324e-03 9.548960006059792338e-01 1.622173000194394277e+01 1.168761814531163977e-02 9.999088076997215691e-01 -6.756169112531854731e-03 -1.296560843648744132e+00 -9.548293030530932146e-01 1.316703387259913170e-02 2.970545791569493832e-01 4.401742676365596196e+01
2.999178005762107024e-01 -1.628266198707644047e-03 9.540127437930788767e-01 1.713812533992928167e+01 8.838462837246714721e-03 9.999603100093344965e-01 -1.073075513985053244e-03 -1.321038671755683236e+00 -9.539732820932509405e-01 8.754717997454192560e-03 2.999202707430378423e-01 4.431086335600080162e+01
2.998373644485586298e-01 -1.104391147906874388e-03 9.539781267899410944e-01 1.803721820908208073e+01 8.336804275682413922e-04 9.999991157999404967e-01 8.956642102349281079e-04 -1.345587090701827027e+00 -9.539784811471805348e-01 5.302008084373178347e-04 2.998380128259180433e-01 4.461033029543373374e+01
3.014316658387212744e-01 4.356661905936517814e-04 9.534701866053286734e-01 1.894277558929437433e+01 -6.861252279221879101e-03 9.999749753770144078e-01 1.711100183521890080e-03 -1.346293755302816031e+00 -9.534457633474640037e-01 -7.054522803160688700e-03 3.014271066480339600e-01 4.491203905593577872e+01
3.031471969304629366e-01 -2.504080458829477558e-03 9.528119519943091253e-01 1.985468200040459408e+01 -5.218931802048326629e-03 9.999771501429928211e-01 4.296118342809210518e-03 -1.374391198361280653e+00 -9.528011145722511399e-01 -6.276946949580156955e-03 3.031271609240570597e-01 4.521728164609751843e+01
3.065932469832121643e-01 -3.006627169655358769e-03 9.517844072063261773e-01 2.075405011046043313e+01 -3.082714530777638817e-04 9.999945212501075709e-01 3.259783308726871363e-03 -1.395543770509622084e+00 -9.517892026708282271e-01 -1.296442500137864580e-03 3.065906637544428825e-01 4.550782734373109406e+01
3.145986449840498800e-01 -7.967672323092717373e-04 9.493011032011466899e-01 2.165817378608788246e+01 1.999617143225519526e-03 9.999980031648098011e-01 1.733181132731885954e-04 -1.399985864229374544e+00 -9.492993892082542962e-01 1.843904476727389278e-03 3.145996082502951485e-01 4.580098407645956371e+01
3.224777451978197984e-01 -3.506656066649437627e-03 9.464821330342193528e-01 2.255826854182629049e+01 6.507971447213290253e-03 9.999776750264384173e-01 1.488226116349177083e-03 -1.415976680167057689e+00 -9.464664235523417846e-01 5.679259754725544083e-03 3.224933603123936177e-01 4.611200867289306871e+01
3.297743133830686735e-01 -6.502473994009361734e-03 9.440578508803620927e-01 2.344161467466411608e+01 1.342820976065134397e-02 9.999074271100775180e-01 2.195348218981327607e-03 -1.449578248462351837e+00 -9.439848143755934506e-01 1.195445422328477239e-02 3.298311071688259655e-01 4.641873022341581390e+01
3.420254768866271555e-01 -6.838248227447631805e-03 9.398090456655870950e-01 2.432893943657121127e+01 1.197019585758547951e-02 9.999241153550106898e-01 2.916549368728874308e-03 -1.467007722832341488e+00 -9.397577582703118271e-01 1.025195027786895453e-02 3.420813578277897560e-01 4.674530583602231815e+01
3.519331209298928731e-01 -6.497273605217441725e-03 9.358609969706931375e-01 2.520604371680185096e+01 8.661188074557442038e-03 9.999556560337726774e-01 3.685943513133656778e-03 -1.476458425576080868e+00 -9.358435436048470057e-01 6.807852894084969776e-03 3.519738007131076318e-01 4.709712072112255044e+01
3.650572386223582266e-01 -1.108322834220308931e-02 9.308680479598581137e-01 2.608717322610593925e+01 9.975038406330750604e-03 9.999182247539144530e-01 7.997759159825323233e-03 -1.490107770007554455e+00 -9.308805082485857030e-01 6.365870125379614712e-03 3.651380131385438266e-01 4.744864048831527015e+01
3.774873036384328584e-01 -1.297566203767247690e-02 9.258326285752531692e-01 2.694930359720193991e+01 1.003784327389962289e-02 9.999004057466704953e-01 9.919561500945174581e-03 -1.505406640429058918e+00 -9.258691648631212079e-01 5.549160203256491529e-03 3.775799205244121937e-01 4.780363489054634840e+01
3.882225125358736983e-01 -1.336610855129087561e-02 9.212594463479459872e-01 2.780624754023181211e+01 9.776876487830975584e-03 9.998982774596437695e-01 1.038509470218276602e-02 -1.508753515438041148e+00 -9.213045813222534575e-01 4.976563390538263874e-03 3.883136315437893948e-01 4.818561149234478336e+01
4.025870666095831552e-01 -1.434694724739823263e-02 9.154003377851241963e-01 2.868868856348859708e+01 1.286890514487524888e-02 9.998669862274951470e-01 1.000910709171085912e-02 -1.518793461320278038e+00 -9.154223290789118561e-01 7.750797578517859727e-03 4.027182415412023930e-01 4.856772979767330867e+01
