1.000000000000000000e+00 4.398956837314658088e-19 2.733407509747682871e-20 -8.673617379884035472e-19 -5.583667658079949532e-19 1.000000000000000000e+00 -6.100159232558060012e-19 0.000000000000000000e+00 4.145284534913582806e-20 -2.210423569125054137e-19 1.000000000000000222e+00 0.000000000000000000e+00
9.998898656753575365e-01 3.607706604096415273e-04 1.483665665160253770e-02 -8.673277184493004277e-02 -3.567963022230089248e-04 9.999998997578412041e-01 -2.705206536905196881e-04 -6.869971520187742597e-03 -1.483675301743889521e-02 2.651972117735033581e-04 9.998898941449849698e-01 8.064264240131513439e-03
9.992739337905134356e-01 4.552654786185237300e-03 3.782695600908662220e-02 5.870046301569413483e-02 -4.525921439408145744e-03 9.999894440724467204e-01 -7.923304302353738554e-04 1.896756900262989293e-02 -3.783016457347412875e-02 6.205533522769465793e-04 9.992839904318944200e-01 3.405667410859625210e-01
9.979829552565804285e-01 5.296781693994096103e-03 6.326108701494266573e-02 1.915720941184950038e-02 -5.336880785317582240e-03 9.999856506860115291e-01 4.649038193671160574e-04 1.553119221751968898e-02 -6.325771786281383924e-02 -8.015829196590580109e-04 9.979969030895456950e-01 4.172714927748999991e-01
9.953536238335441988e-01 4.886146919744936527e-03 9.616282574214855827e-02 8.878702506637671521e-02 -5.160479439790666492e-03 9.999832934091424930e-01 2.604297159042338102e-03 9.516862445154761208e-03 -9.614849587310356216e-02 -3.088442842276239476e-03 9.953622095940797276e-01 5.792864629094680584e-01
9.908739072608243603e-01 1.755720137567068307e-03 1.347806263013203720e-01 1.743824473173821998e-01 -2.453108328753861658e-03 9.999844492396896545e-01 5.008347193273238358e-03 1.543063761270206669e-02 -1.347697394329777365e-01 -5.293271953480041016e-03 9.908628052017074417e-01 7.984591846966899720e-01
9.847298229861246588e-01 -1.534581074156129727e-03 1.740827978333318871e-01 2.270436091443265858e-01 6.014844927842896141e-04 9.999851703166076078e-01 5.412703645736843816e-03 -1.454035553968599515e-03 -1.740885254825698392e-01 -5.225342483853153731e-03 9.847161425379938882e-01 9.653748883329715813e-01
9.761773197319338902e-01 -1.841097843977347517e-03 2.169664727219966505e-01 3.270327626239436514e-01 4.703594114862772900e-04 9.999796057222353207e-01 6.369214947664059850e-03 5.863432536447735210e-03 -2.169737779465818195e-01 -6.115430805639630353e-03 9.761582769748501365e-01 1.211997255966047460e+00
9.642381052357161808e-01 -1.703125617294819422e-03 2.650320262162988993e-01 4.154985887926671007e-01 -8.700016720284980834e-04 9.999536263537903702e-01 9.591049876609025748e-03 1.808632014158970125e-02 -2.650360750580528779e-01 -9.478633903128034360e-03 9.641919079066486598e-01 1.383003172819698534e+00
9.499040574829272776e-01 -5.541205139440105731e-03 3.124925204848078564e-01 5.616644692720044185e-01 5.122219586194706829e-04 9.998690784972438239e-01 1.617292450353000066e-02 3.143373029084341880e-02 -3.125412313843938805e-01 -1.520266091775997717e-02 9.497825325076332259e-01 1.687718372770573128e+00
9.328284503741999245e-01 -1.524967136171317614e-02 3.599979554789378700e-01 6.783895987238111047e-01 6.917617945377914010e-03 9.996778085865550834e-01 2.442182545910585520e-02 1.359689841931076282e-02 -3.602543982595376448e-01 -2.029104511661391705e-02 9.326333919565271691e-01 1.856573104286824982e+00
9.121888236904253100e-01 -2.113992212634341339e-02 4.092244509865172741e-01 8.458250473368155165e-01 9.938930635387300400e-03 9.995159873183750987e-01 2.947895387293966718e-02 5.828823088103604610e-03 -4.096495710228951759e-01 -2.282311863100438751e-02 9.119574203819075242e-01 2.067001709135781962e+00
8.869542941624758425e-01 -2.295421723929956873e-02 4.612864412742834208e-01 1.026789314557379429e+00 8.568456768991249486e-03 9.994101139860511740e-01 3.325666217433050076e-02 5.461475429779177881e-03 -4.617777234736886727e-01 -2.554462617438938224e-02 8.866277738054791913e-01 2.315968899309849505e+00
8.588381352280969327e-01 -2.513338123725606874e-02 5.116301073506497321e-01 1.204656892440441940e+00 6.710449915682750385e-03 9.992619040413980303e-01 3.782349746785917260e-02 3.310693019787073338e-02 -5.122031164591948071e-01 -2.905099358298896678e-02 8.583728858555518260e-01 2.531292639790052146e+00
8.263431165968057046e-01 -3.033556237296673730e-02 5.623493598538609195e-01 1.431193393347898635e+00 7.835632724658998099e-03 9.990708308683436956e-01 4.238015725435610725e-02 3.285052403734005366e-02 -5.631124778127090114e-01 -3.061418790149085870e-02 8.258130016233989901e-01 2.797439823905967682e+00
7.907502177685764577e-01 -3.579548884054143537e-02 6.110914582423929708e-01 1.688828975050087555e+00 9.797785589737316100e-03 9.989010362472899862e-01 4.583364633090570434e-02 3.451523812848437955e-02 -6.120605392250669796e-01 -3.025562239839478529e-02 7.902319276157148131e-01 2.978974291236974103e+00
7.534274206911326655e-01 -4.051147252635508428e-02 6.562819025616413171e-01 1.943295269088147537e+00 1.122678035004064795e-02 9.987472885132472333e-01 4.876282435780873031e-02 4.766776911608685413e-02 -6.574352358584532041e-01 -2.937131582110567504e-02 7.529384059963076803e-01 3.195428180768677962e+00
7.130483498767400397e-01 -4.357478814571009995e-02 6.997594449857843513e-01 2.255607012520816745e+00 1.205837896955005983e-02 9.986813431114766049e-01 4.990160682836623784e-02 6.028007957229886138e-02 -7.010111664308754653e-01 -2.714429337018668328e-02 7.126335240918642011e-01 3.429571886818864712e+00
6.712080319992246302e-01 -4.564148550241944186e-02 7.398625709190734812e-01 2.538968688836592769e+00 1.137917940312383087e-02 9.986194485060272408e-01 5.128071067690482404e-02 7.252649367066132946e-02 -7.411816931628977256e-01 -2.600099545148428989e-02 6.708007563678600738e-01 3.627620413145035361e+00
6.290202809747427182e-01 -4.579460187645390673e-02 7.760388720051372147e-01 2.895580571880528975e+00 6.887067205496752616e-03 9.985525008984380557e-01 5.334295835062786290e-02 9.210125582895899166e-02 -7.773583894091969926e-01 -2.820917025308445486e-02 6.284251641018082646e-01 3.842675894577646911e+00
5.867691037526319153e-01 -4.658640987362519525e-02 8.084130841887585683e-01 3.215329890182597072e+00 3.997510409663930508e-03 9.984981756092344840e-01 5.463893455849071212e-02 1.110530790046070776e-01 -8.097444354955574131e-01 -2.882879838118094368e-02 5.860741081318859846e-01 4.074587226391477301e+00
5.468616549351204004e-01 -4.772262962158948379e-02 8.358617526639129380e-01 3.590512929883742377e+00 2.039129699260400219e-03 9.984470758241364985e-01 5.567116564744366281e-02 1.283175927190989274e-01 -8.372205116294382243e-01 -2.873999466220993754e-02 5.461097317158402076e-01 4.257482988306849236e+00
5.082970681711800331e-01 -5.031805237538648085e-02 8.597105163633642633e-01 4.031576179780469893e+00 1.034584039233908724e-03 9.983265214172208912e-01 5.781942775717116567e-02 1.418263790601358154e-01 -8.611811851063995160e-01 -2.850000221188182803e-02 5.074985009685435422e-01 4.485753090751923189e+00
4.707079801202362357e-01 -5.024959471741750894e-02 8.808569480124983642e-01 4.443229975005888122e+00 -1.814315920412411373e-03 9.983195834172730043e-01 5.791992389096127514e-02 1.674277312825884212e-01 -8.822872093424642959e-01 -2.886152252586433181e-02 4.698258247562756007e-01 4.667538710741561125e+00
4.349396323392965003e-01 -4.955757704720778478e-02 8.990948500349369432e-01 4.896260319628553681e+00 -2.932986946194992856e-03 9.984011125241061269e-01 5.645012012661838885e-02 1.901264324622097268e-01 -9.004548452841132367e-01 -2.718942727451257105e-02 4.340988598270679177e-01 4.839489190268364993e+00
4.003679028153439567e-01 -4.819779652872664688e-02 9.150860619889382708e-01 5.395146019236538137e+00 -1.722493687624286575e-03 9.985744545528407734e-01 5.334877407872633953e-02 2.097034331298238130e-01 -9.163528744236035806e-01 -2.293536602717805017e-02 3.997141384961069854e-01 5.053454865977041521e+00
3.711664310664103406e-01 -4.663744665394468913e-02 9.273944223651545693e-01 5.874647551682509850e+00 3.592002273096083951e-05 9.987386377127718262e-01 5.021087746297248772e-02 2.263736712585657229e-01 -9.285663651956806985e-01 -1.860327937292257511e-02 3.706999296502062613e-01 5.236905197415553381e+00
3.454396333860264012e-01 -4.469601335954675320e-02 9.373759711757122526e-01 6.442901253971728082e+00 1.358139726493841392e-03 9.988879101384923187e-01 4.712853066788333378e-02 2.516757950615621242e-01 -9.384399985332995131e-01 -1.500697398029900848e-02 3.451161755927746322e-01 5.408483065811968693e+00
3.243971132397718282e-01 -4.416580284252629579e-02 9.448893478983866334e-01 7.010827387672969202e+00 2.230715875960852766e-03 9.989423313040197705e-01 4.592649129415674047e-02 2.800528006182840812e-01 -9.459183647402921169e-01 -1.279064066802245055e-02 3.241525286041614939e-01 5.575179730862298122e+00
3.102041743023374321e-01 -4.463129516489718063e-02 9.496217155031100310e-01 7.615839331848214933e+00 3.603062263509560284e-03 9.989453928489965273e-01 4.577248095623483171e-02 3.078173765028096032e-01 -9.506631392095945543e-01 -1.077726760870291456e-02 3.100378387688991766e-01 5.776244268347784150e+00
2.990900453534514614e-01 -4.629087391182516720e-02 9.531014030269032711e-01 8.244003421157499290e+00 4.373052082258782787e-03 9.988786292210866113e-01 4.714191832028890444e-02 3.195375427818821779e-01 -9.542148800737243475e-01 -9.931715515614929907e-03 2.989570855856677478e-01 5.928950197001678468e+00
2.886804666662302621e-01 -4.799151665208346851e-02 9.562219340022257708e-01 8.902958133967656451e+00 3.310292507342296481e-03 9.987869837781431226e-01 4.912843332089998627e-02 3.488141690808529427e-01 -9.574197858776285486e-01 -1.101704386115968937e-02 2.884891571978921987e-01 6.152346210130042792e+00
2.772330277663591636e-01 -4.983184643672420450e-02 9.595095725651126006e-01 9.541870625933690064e+00 1.574929789288965869e-03 9.986763427266333037e-01 5.141091359276547118e-02 3.832829280919970993e-01 -9.608014281162879922e-01 -1.274164214382807539e-02 2.769445465705577814e-01 6.338517615257214466e+00
2.673304086510006616e-01 -5.141915265002081070e-02 9.622320446208022515e-01 1.023221932862943362e+01 9.914922410039226155e-04 9.985894234359176114e-01 5.308653601669152677e-02 4.103413015900215788e-01 -9.636044240211566470e-01 -1.323759887794664913e-02 2.670042989873419037e-01 6.513054208048514759e+00
2.575268613145365038e-01 -5.344540745888624877e-02 9.647919404555230782e-01 1.091752342856587887e+01 -2.834307276508761736e-04 9.984649546844749368e-01 5.538640532318051674e-02 4.392343357789910141e-01 -9.662711068248178714e-01 -1.453693792813832292e-02 2.571163964931963974e-01 6.706878119908680880e+00
2.470334862576622215e-01 -5.487667366196614244e-02 9.674518031904608684e-01 1.167724894369090904e+01 -4.037595038679952413e-04 9.983892119649369068e-01 5.673463113044675127e-02 4.661678278828173538e-01 -9.690068680045362814e-01 -1.440597069798208590e-02 2.466134093430145113e-01 6.882492098111332446e+00
2.362093914766531244e-01 -5.629946123547382997e-02 9.700698315487431556e-01 1.243167545813473218e+01 -1.039201100973264052e-03 9.983049172442217678e-01 5.819116965293970323e-02 4.971009735576390476e-01 -9.717016312172160886e-01 -1.475339752678169088e-02 2.357504891925753243e-01 7.060595963622356308e+00
2.247960570188538010e-01 -5.910393614205364937e-02 9.726116601281218355e-01 1.319516297398373972e+01 -2.352663537211574767e-03 9.981228748360940761e-01 6.119797104582266195e-02 5.345745486025035298e-01 -9.744030041364004635e-01 -1.604528970029733478e-02 2.242350336490478158e-01 7.231479416620853584e+00
2.141993672976285068e-01 -6.272953272035983185e-02 9.747736253205706580e-01 1.397610177403012699e+01 -4.374099236050046913e-03 9.978641546972084608e-01 6.517665211870811437e-02 5.796881181059976296e-01 -9.767801774803034354e-01 -1.822455335341174876e-02 2.134674840224737580e-01 7.385292698796940059e+00
2.016793385829244722e-01 -6.639939317734673552e-02 9.771983159622783521e-01 1.476311990606209612e+01 -3.790415874690053998e-03 9.976390655884714853e-01 6.857060236281117827e-02 6.228764753562204826e-01 -9.794442781616098381e-01 -1.753326086479032805e-02 2.009515042136105212e-01 7.559708084231606229e+00
1.883515777671774527e-01 -6.894996154695429147e-02 9.796782990327542739e-01 1.554998124458881570e+01 -5.033579440017650619e-03 9.974515995943011859e-01 7.116859906093567223e-02 6.550437050651700677e-01 -9.820887756155728399e-01 -1.833600559067884508e-02 1.875245160531184563e-01 7.748165135324175168e+00
1.754425558170833177e-01 -6.958294904976561335e-02 9.820275486723188951e-01 1.636239450645659943e+01 -5.543710547654230429e-03 9.974134568796764189e-01 7.166354203066015172e-02 6.871168652479349159e-01 -9.844740696967619886e-01 -1.801691057171535965e-02 1.746030169814023481e-01 7.890712271241378417e+00
1.613415351017944699e-01 -6.896992353461227354e-02 9.844856739110502408e-01 1.718051154494276034e+01 -6.853548275354991517e-03 9.974526608335997357e-01 7.100153676592206586e-02 7.282159343378535876e-01 -9.868748426288731501e-01 -1.820271614665923757e-02 1.604578534149726510e-01 7.997134218897469005e+00
1.439537482506483834e-01 -6.797200573552139580e-02 9.872472375849141724e-01 1.794149744177790851e+01 -8.280755548501288546e-03 9.975205605085126770e-01 6.988676846013118504e-02 7.755417038205816294e-01 -9.895497787414054836e-01 -1.823561442773674601e-02 1.430339626999219405e-01 8.123658548650775302e+00
1.236650069279211506e-01 -6.642419720655355631e-02 9.900983664658784544e-01 1.875897571304710709e+01 -1.075534739727797805e-02 9.976088087325615250e-01 6.827142304183607402e-02 8.032309670948564184e-01 -9.922657435309535368e-01 -1.909163701095542565e-02 1.226548835440077895e-01 8.209701027035546161e+00
9.899986150404788132e-02 -6.549892438031060249e-02 9.929294543849269683e-01 1.957582258859282121e+01 -1.459633696393619097e-02 9.976284237037696956e-01 6.726421884747849078e-02 8.558310208224481075e-01 -9.949803976216694545e-01 -2.115228038084842818e-02 9.780903002164355320e-02 8.343499485185112974e+00
6.917194069876556051e-02 -6.469980061913252478e-02 9.955044758034770069e-01 2.045148397025023002e+01 -1.874247881675948288e-02 9.976342766295480669e-01 6.614052890070526436e-02 8.888690097939488943e-01 -9.974286838842306713e-01 -2.323328944005431662e-02 6.779566298959509296e-02 8.367225181820284519e+00
3.686192996650402426e-02 -6.472302511094384092e-02 9.972221973844979104e-01 2.129302410220418551e+01 -2.162145017472381567e-02 9.976151584012166174e-01 6.554775822964334364e-02 9.325461835314008407e-01 -9.990864468870364057e-01 -2.397760607649539882e-02 3.537461304763343806e-02 8.370804361782093750e+00
1.995229001382183270e-03 -6.379004145058085606e-02 9.979613381348738654e-01 2.208931986789805535e+01 -2.335569619550500325e-02 9.976881335272570483e-01 6.381927348966137670e-02 9.620274047781358639e-01 -9.997252361693754752e-01 -2.343541503435098844e-02 5.007540764422704384e-04 8.347413269060830032e+00
-3.334579352688357701e-02 -6.277422676350929986e-02 9.974705194698526567e-01 2.295841716505265495e+01 -2.451936463228636745e-02 9.977765528437041453e-01 6.197379569684753620e-02 9.937115746327143118e-01 -9.991430708672838223e-01 -2.239077711007898125e-02 -3.481083646565466538e-02 8.332330400149343674e+00
-6.459880770317405485e-02 -6.066979907369554614e-02 9.960653353219175443e-01 2.378462543409932906e+01 -2.711133182136143613e-02 9.978884268892441733e-01 5.902256497948757397e-02 1.020581605056049890e+00 -9.975429749562378934e-01 -2.319186963205221302e-02 -6.610724304321793920e-02 8.288898853161379421e+00
-9.664355521346590372e-02 -5.753484517830361605e-02 9.936547426395796467e-01 2.462250431523682082e+01 -2.864150752631030444e-02 9.980751987105989098e-01 5.500510688481525384e-02 1.058058371483736382e+00 -9.949068822277128410e-01 -2.314387984207518303e-02 -9.810542166301686184e-02 8.223904785976003495e+00
-1.302851654282360383e-01 -5.316341260909732830e-02 9.900502058235147729e-01 2.549287840297226637e+01 -2.665889503989164397e-02 9.983881984120633879e-01 5.010298001435790211e-02 1.081203546657338199e+00 -9.911181038754748318e-01 -1.986596859101176504e-02 -1.314924508121309288e-01 8.057863186929719035e+00
-1.623329159788617360e-01 -4.792662300742877440e-02 9.855714312672891886e-01 2.631062949518551619e+01 -2.222010868775137205e-02 9.987440108716980625e-01 4.490732160262538020e-02 1.105963760676298646e+00 -9.864858376075154034e-01 -1.460956692338487815e-02 -1.631939637518992625e-01 7.874518801264035694e+00
-1.922098491991554303e-01 -4.174454836270845987e-02 9.804655779897359924e-01 2.712544010174637066e+01 -1.596290008606384217e-02 9.990956733371809673e-01 3.940839184625426900e-02 1.111817602398725624e+00 -9.812240193292665058e-01 -8.076392016985820682e-03 -1.927023941347168479e-01 7.744060827527274427e+00
-2.206106817678522014e-01 -3.590891018296213377e-02 9.747007030313339371e-01 2.792914246503310594e+01 -1.050368295368118987e-02 9.993515795465072182e-01 3.443970243743163517e-02 1.129714196810460924e+00 -9.753053962271621691e-01 -2.640179893051114706e-03 -2.208448104625971575e-01 7.536913704794593549e+00
-2.495747368784868581e-01 -2.964215450347661499e-02 9.679017392345232729e-01 2.871923680714228411e+01 -1.280920621985283218e-03 9.995406102466098952e-01 3.028081402021460741e-02 1.156069387933386095e+00 -9.683547004338113329e-01 6.317521999968111340e-03 -2.494980554056572541e-01 7.291155417613285117e+00
-2.756266128973439700e-01 -1.959331965868491357e-02 9.610650632051404019e-01 2.956439392332258009e+01 4.869630940201345390e-03 9.997509588614756915e-01 2.177858885369175074e-02 1.150161438442849127e+00 -9.612524499739876216e-01 1.068279198225171277e-02 -2.754625596448097569e-01 7.028273659684398211e+00
-3.013926297513348507e-01 -4.714741128848711806e-03 9.534884570882639077e-01 3.033658564676330371e+01 9.207463623815706488e-03 9.999267596955763171e-01 7.854797251030788338e-03 1.143514453584425050e+00 -9.534556731573602395e-01 1.114658940885619037e-02 -3.013271461952413133e-01 6.738920823776260782e+00
-3.263840653763049326e-01 1.252218687857008586e-02 9.451542841288471664e-01 3.113453974633709720e+01 9.447653013319002452e-03 9.999055155646868753e-01 -9.985077874196312750e-03 1.118555977026740367e+00 -9.451900331413616296e-01 5.670520468221881480e-03 -3.264715337677345230e-01 6.481473926738694047e+00
-3.518521723677414115e-01 2.713430313084103443e-02 9.356622054882605122e-01 3.190054603172830738e+01 8.491932397027000465e-03 9.996311574252232379e-01 -2.579604955711023787e-02 1.082617678782344717e+00 -9.360170674647119160e-01 -1.130814900920009336e-03 -3.519528182911594860e-01 6.199385768789871243e+00
-3.762837202739989229e-01 3.777859144951787457e-02 9.257339383237714880e-01 3.264587919532711169e+01 1.271849755410721719e-02 9.992848118635853094e-01 -3.561045593246443125e-02 1.045698120994441371e+00 -9.264171932977477431e-01 -1.625689048158983135e-03 -3.764950948483377635e-01 5.878985893766378368e+00
-4.002486063932299554e-01 4.231263206795569248e-02 9.154292322357795442e-01 3.342920860963193519e+01 1.628719069503526892e-02 9.991041575788335294e-01 -3.905905392214490540e-02 9.936754175882657192e-01 -9.162618591363393961e-01 -7.235604674790348028e-04 -4.005792019100580803e-01 5.514957120073510133e+00
-4.223147636561139784e-01 4.202877044421503283e-02 9.054743553134477763e-01 3.418241413356935965e+01 1.885243254312305231e-02 9.991156817213114882e-01 -3.758244653722727507e-02 9.573347478454501402e-01 -9.062531874995194414e-01 1.198773145689260118e-03 -4.227336488271006276e-01 5.139791650256359645e+00
-4.423999860719660115e-01 3.890616991674739067e-02 8.959735195984607214e-01 3.491562924251181244e+01 2.328529457636488442e-02 9.992200427309958499e-01 -3.189202437637565085e-02 9.155486339919826078e-01 -8.965155105856712492e-01 6.753977212537910432e-03 -4.429608758770270382e-01 4.788725107184863106e+00
-4.607442074145461364e-01 3.714511782993614591e-02 8.867553221604038693e-01 3.563885042372518797e+01 2.993931153318429850e-02 9.992056707154644002e-01 -2.629952822711911775e-02 8.781797440512715269e-01 -8.870278608841979384e-01 1.443148963643789244e-02 -4.614903253023046048e-01 4.388308350515554679e+00
-4.750452781427825233e-01 3.812836252311430085e-02 8.791349144081438416e-01 3.635203918604762663e+01 3.389095610945641601e-02 9.991123408767837999e-01 -2.501865996989816390e-02 8.342749768969288660e-01 -8.793084780567717029e-01 1.790972762092882600e-02 -4.759158077676955978e-01 4.008720052004970391e+00
-4.850093067829415738e-01 4.157409383738091407e-02 8.735202077023073164e-01 3.703987209931500502e+01 3.656599117743974947e-02 9.989598734174437444e-01 -2.724150384600611263e-02 7.840002761290842948e-01 -8.737441920940394180e-01 1.872875041968060858e-02 -4.860250348903089601e-01 3.579968180779759201e+00
-4.961895116164118380e-01 4.390154244918437199e-02 8.671035748550218747e-01 3.776336424259793745e+01 3.773908775818433231e-02 9.988674053261349384e-01 -2.897702142849422138e-02 7.355321713585772914e-01 -8.673936489333625710e-01 1.834560489392869295e-02 -4.972843354043863240e-01 3.209016977663352588e+00
-5.073948155242343772e-01 4.335992908039330851e-02 8.606221030795067062e-01 3.842468906739334500e+01 3.170967554908081520e-02 9.989963100231549209e-01 -3.163651343440638392e-02 6.788933407817920873e-01 -8.611300771977221657e-01 1.123784578930856967e-02 -5.082604789299925985e-01 2.847089708088378579e+00
-5.183424408249239779e-01 4.216851698523530617e-02 8.541328450420636598e-01 3.915306493663995724e+01 3.037176734911003345e-02 9.990611764688263063e-01 -3.089209233067103169e-02 6.656863146178987334e-01 -8.546336535530004719e-01 9.928842526098732510e-03 -5.191365423357028330e-01 2.391454882506779178e+00
-5.267742142980731401e-01 4.350001174754392769e-02 8.488914318347742238e-01 3.978818986603728547e+01 3.218625624959262771e-02 9.989942100035295036e-01 -3.121879615183815321e-02 6.153065749462456324e-01 -8.493956580383944521e-01 1.087738135484262077e-02 -5.276444937847752925e-01 1.982210479828915073e+00
-5.331338948996192650e-01 4.677243928092404690e-02 8.447369863246848576e-01 4.049178927534119765e+01 3.668538854089163637e-02 9.988095621493997545e-01 -3.215028406185880400e-02 5.818679952720334780e-01 -8.452351412963949873e-01 1.384909943193318380e-02 -5.342150984311661022e-01 1.501242026321488954e+00
-5.370942161549978611e-01 5.003480856306480318e-02 8.420369991951697219e-01 4.120804911106024804e+01 3.710138333805093613e-02 9.986744328597219056e-01 -3.567722583490406246e-02 5.446165624905145997e-01 -8.427059403823039530e-01 1.207870686486476643e-02 -5.382386235115342865e-01 1.069379827104069092e+00
-5.371563789581088599e-01 5.139705223448821220e-02 8.419152894908622509e-01 4.191101355734478062e+01 3.615980803145922573e-02 9.986273373274394682e-01 -3.789339470250259467e-02 4.966417655700653966e-01 -8.427072471841058343e-01 1.008881755995397027e-02 -5.382775531774669497e-01 6.407130446957166603e-01
-5.348422041451473818e-01 5.225847256283604192e-02 8.433343677230433766e-01 4.261942137429011268e+01 3.863937874212760443e-02 9.985541273757353453e-01 -3.737182153744027929e-02 4.523011806374929722e-01 -8.440680225815175852e-01 1.259788965821673039e-02 -5.360881265477739355e-01 1.826799872583617090e-01
-5.280361264903861152e-01 5.111900249823127240e-02 8.476819472265297861e-01 4.335900413356245764e+01 3.693399060221288360e-02 9.986245282125405520e-01 -3.721467353704638326e-02 4.059145434191174240e-01 -8.484183763108974485e-01 1.165758602640648567e-02 -5.291978576495559583e-01 -2.913635048388304449e-01
-5.213396308827620285e-01 4.954126530946635631e-02 8.519099947362588354e-01 4.411800422333536176e+01 3.473712788454894063e-02 9.987179627509277235e-01 -3.682068391619151143e-02 3.579452954483991478e-01 -8.526419724310425607e-01 1.039682568126536720e-02 -5.223921765269827766e-01 -7.163862245670997719e-01
-5.143539102044668576e-01 4.907058451774038571e-02 8.561729495259481348e-01 4.492394096628426325e+01 3.302288097396786914e-02 9.987544514665420703e-01 -3.740367560870964947e-02 3.188940752087484620e-01 -8.569419796329587058e-01 9.034571600721899229e-03 -5.153337107255288041e-01 -1.198455953431440069e+00
-5.074787115161522033e-01 4.738375533179056687e-02 8.603604614789431837e-01 4.573056563459492452e+01 3.001710039839410732e-02 9.988529707183916306e-01 -3.730571693497262975e-02 2.641294803844926875e-01 -8.611413027150085497e-01 6.893670174096339087e-03 -5.083189427286937123e-01 -1.651847604236268641e+00
-5.031912145400582181e-01 4.542869678795533050e-02 8.629801977046229755e-01 4.653475552132924520e+01 2.633532140354909526e-02 9.989596056151658354e-01 -3.723113141480050015e-02 2.195876669285202754e-01 -8.637737346903852087e-01 3.992483598242880377e-03 -5.038640777735790000e-01 -2.097936148048166416e+00
-5.020826444838646374e-01 4.218531751397635449e-02 8.637901386234597689e-01 4.735346703701468840e+01 2.099475917291967336e-02 9.991097753153708183e-01 -3.659066705615488663e-02 1.793737310623090275e-01 -8.645647751952733051e-01 -2.364720165165834248e-04 -5.025213499192432431e-01 -2.591518758123867894e+00
-5.018770788248236858e-01 3.983742246949725785e-02 8.640210437269574273e-01 4.820097358334599846e+01 1.825532514322457389e-02 9.992041191870681960e-01 -3.546648090029490274e-02 1.284932249256114101e-01 -8.647462941088573940e-01 -2.026827835150224293e-03 -5.022048908047508364e-01 -3.072320177183410994e+00
-5.029796508681385614e-01 3.851691861388638338e-02 8.634395776724809179e-01 4.903580926871402568e+01 1.647050922052180691e-02 9.992522542890268644e-01 -3.498077459638797293e-02 7.352739919251108369e-02 -8.641413110376297002e-01 -3.373327368602023219e-03 -5.032379444710111116e-01 -3.541758972591938726e+00
-5.050334478450856368e-01 3.830478940566040685e-02 8.622493526808330255e-01 4.995184213711029741e+01 1.689824974226470516e-02 9.992620378537701020e-01 -3.449389549689543810e-02 3.059436845592570370e-02 -8.629343416381428655e-01 -2.850065167069992106e-03 -5.053080373903583444e-01 -4.004116041329148779e+00
-5.038593376670763568e-01 3.765805354326306337e-02 8.629644403801522978e-01 5.083216538848483168e+01 1.682485298679865099e-02 9.992875496708871763e-01 -3.378338884319907753e-02 -2.011595922246240536e-02 -8.636218526961643160e-01 -2.502825176663385064e-03 -5.041339553463703993e-01 -4.541762603940744825e+00
-5.034286638172612571e-01 3.727438212271564494e-02 8.632324063590145480e-01 5.171031629586835265e+01 1.727650972014869307e-02 9.993035591850399912e-01 -3.307444298210741873e-02 -5.936834953726818215e-02 -8.638640604591523164e-01 -1.736978662493998595e-03 -5.037220279893850350e-01 -5.083493203013444983e+00
-5.042289851931490707e-01 3.664934915606240379e-02 8.627919460761276360e-01 5.257567319031826969e+01 1.678659182379739837e-02 9.993262372785677305e-01 -3.263865483060255507e-02 -1.149452961282440427e-01 -8.634068294297945201e-01 -1.974018662462804358e-03 -5.045044733800215786e-01 -5.582388301040049683e+00
-5.043672210566103598e-01 3.509999691081806816e-02 8.627755693440105622e-01 5.348228457392400514e+01 1.526110025243399178e-02 9.993797708973908289e-01 -3.173597817257705483e-02 -1.589425517522369824e-01 -8.633543985075314842e-01 -2.839681753006617713e-03 -5.045900636144611262e-01 -6.073037104775489858e+00
-5.045805065111861332e-01 3.428177092530271253e-02 8.626837538460656596e-01 5.436593738383964336e+01 1.461559767734550534e-02 9.994073457352661283e-01 -3.116635311706168407e-02 -2.250805587701537047e-01 -8.632409333610290281e-01 -3.117294668676432855e-03 -5.047825145084143816e-01 -6.598444964848647842e+00
-5.032214726289505613e-01 3.381713259529615240e-02 8.634955341654104721e-01 5.528787741124112642e+01 1.352109039706078132e-02 9.994198084832833784e-01 -3.126062218175307966e-02 -2.685418410471152040e-01 -8.640517009430170869e-01 -4.055614258142443106e-03 -5.033867535221449030e-01 -7.140683923969366909e+00
-5.030971924281723018e-01 3.171086331408664444e-02 8.636478579891303520e-01 5.617778804640920498e+01 1.240578766202313048e-02 9.994886215067019242e-01 -2.947188299252454999e-02 -3.382804118382787273e-01 -8.641408008594633205e-01 -4.112988750563528577e-03 -5.032333187966081534e-01 -7.602972139015063746e+00
-5.013835680196850886e-01 3.035778424165280417e-02 8.646923783149043086e-01 5.705430694104134659e+01 1.329100864215746608e-02 9.995365910600189085e-01 -2.738525509464067448e-02 -3.756966867308134672e-01 -8.651230427782059529e-01 -2.237882120995282869e-03 -5.015547091818468584e-01 -8.164718915879642935e+00
-4.981367071284543147e-01 2.837717249625003324e-02 8.666340308896827160e-01 5.794317707106634430e+01 1.344473856259638042e-02 9.995969642606628014e-01 -2.500296025456739957e-02 -4.348626490643792697e-01 -8.669942747282679552e-01 -8.032233824458267883e-04 -4.983174651175702463e-01 -8.653901933581671813e+00
-4.961151587107021643e-01 2.794502353665983055e-02 8.678068974875331465e-01 5.884081991111077770e+01 1.327089210673869889e-02 9.996092240728766676e-01 -2.460249066963004008e-02 -4.933906613203531411e-01 -8.681553116535500880e-01 -6.890959225194606989e-04 -4.962921454632874263e-01 -9.163419621982603402e+00
-4.933574120118727757e-01 2.830494614145806845e-02 8.693660220885989220e-01 5.975060093996582111e+01 1.424844389068515189e-02 9.995992835578404456e-01 -2.445923408033262234e-02 -5.338572386578759321e-01 -8.697099851904914747e-01 3.199695053855587863e-04 -4.935630182456365311e-01 -9.664941534548544766e+00
-4.926378534774921159e-01 2.924714332501003947e-02 8.697427989027396444e-01 6.062011811592161337e+01 1.424838660791763814e-02 9.995721926286889047e-01 -2.554241916315040661e-02 -5.815742159774178743e-01 -8.701177743808383713e-01 -1.907299611411448050e-04 -4.928438252019634036e-01 -1.015763879501202283e+01
-4.936470907959623067e-01 3.027406376454211748e-02 8.691352122336393204e-01 6.148899447969665033e+01 1.395049643187020426e-02 9.995409731242385076e-01 -2.689287395231336128e-02 -6.281774037214195028e-01 -8.695504274471917983e-01 -1.150720382794003351e-03 -4.938428329561906915e-01 -1.063156925949799891e+01
-4.960055947027544598e-01 3.208942180911300568e-02 8.677261695979372469e-01 6.237867745916807394e+01 1.247427820896833232e-02 9.994771086633795765e-01 -2.983121882896465696e-02 -6.729824155819077447e-01 -8.682297246938109891e-01 -3.972192885563991319e-03 -4.961465312711966225e-01 -1.115099673514102108e+01
-5.002001022482667203e-01 3.273180486964677449e-02 8.652909759754005004e-01 6.323742030557038873e+01 1.153108011607068342e-02 9.994484884643687339e-01 -3.114085860299486974e-02 -7.271780808729793044e-01 -8.658330695132399057e-01 -5.598920205179160406e-03 -5.003016704042378970e-01 -1.163527389378918997e+01
-5.061591782872696399e-01 3.181588942166229533e-02 8.618530164463751309e-01 6.412032913350684282e+01 1.148273345140252144e-02 9.994793439315181605e-01 -3.015274223083669325e-02 -7.760969028453902352e-01 -8.623636386814483856e-01 -5.365657883867686745e-03 -5.062609780304848650e-01 -1.215416364064182453e+01
-5.113491234921032635e-01 2.917426683871788412e-02 8.588777111348545601e-01 6.499172328241667174e+01 1.435363688617652053e-02 9.995741198371559388e-01 -2.540771603150846630e-02 -8.315555687330086210e-01 -8.592531985185489773e-01 -6.641935999752467731e-04 -5.115501080857262073e-01 -1.264523249978843999e+01
-5.175002978224857442e-01 2.713401855590263229e-02 8.552526957099398919e-01 6.583771683776561190e+01 1.227541028031401554e-02 9.996296617196528400e-01 -2.428690368261371413e-02 -8.681202363276078193e-01 -8.555949790039821812e-01 -2.069901242566677107e-03 -5.176417300660407506e-01 -1.313905031480491559e+01
-5.217137978903892970e-01 2.896255859921796974e-02 8.526287997094226245e-01 6.668573134106142675e+01 1.228193025790877066e-02 9.995749781970938441e-01 -2.643893206253743189e-02 -9.378858327384099747e-01 -8.530321677648281531e-01 -3.321627306131523516e-03 -5.218477754762705922e-01 -1.367468394549687005e+01
-5.267497269924130698e-01 3.177459390463766020e-02 8.494263282894113365e-01 6.754077319239678445e+01 1.307918633531210406e-02 9.994857590130323821e-01 -2.927716499065517036e-02 -9.855306939997822147e-01 -8.499198031952753807e-01 -4.311932555091155424e-03 -5.268944377231431497e-01 -1.420925106867137444e+01
-5.311400902581238093e-01 3.153130876677952971e-02 8.466970934524459258e-01 6.836165832642218732e+01 1.172421434667514535e-02 9.994851351497133773e-01 -2.986649275921745075e-02 -1.033937765397745068e+00 -8.472029031477443795e-01 -5.936432581266505581e-03 -5.312363059095679407e-01 -1.469866363256507213e+01
-5.352245145722387409e-01 3.173535955126321334e-02 8.441134834848201818e-01 6.920691715131334831e+01 9.814785834305684784e-03 9.994601979787227641e-01 -3.135255356612558914e-02 -1.090019468054770346e+00 -8.446528284967308453e-01 -8.495861360168253246e-03 -5.352470762429715201e-01 -1.525195874089996728e+01
-5.388898757218328894e-01 3.110384082059577601e-02 8.418017819186721651e-01 7.002182790036616211e+01 1.040726542033870716e-02 9.994876416699758348e-01 -3.026785348509951692e-02 -1.150741630853827191e+00 -8.423119388367683591e-01 -7.550184377241858993e-03 -5.389374781169372630e-01 -1.573636828418338318e+01
-5.413680682662053156e-01 2.487821379892963050e-02 8.404175606726199677e-01 7.081585987038168639e+01 1.190978042389797750e-02 9.996887623620044350e-01 -2.192112032554678971e-02 -1.191541726265802570e+00 -8.407013639680646078e-01 -1.858205047420196385e-03 -5.414958693935381095e-01 -1.628960045256354405e+01
-5.428609039294891581e-01 1.678785980148425269e-02 8.396548064009938805e-01 7.166121239762959760e+01 1.190891543476212122e-02 9.998535391383630566e-01 -1.229137851373922168e-02 -1.232482612831141910e+00 -8.397381903157289385e-01 3.326870191383980279e-03 -5.429813224372799230e-01 -1.685153135553505521e+01
-5.447236563176093282e-01 1.476630707182245011e-02 8.384855882000318283e-01 7.249926934571436732e+01 1.355526845657736672e-02 9.998693796151759683e-01 -8.802180549028693762e-03 -1.244867510162899205e+00 -8.385060551141233498e-01 6.571142261154109057e-03 -5.448526667395799938e-01 -1.737717616867605486e+01
-5.457847752429418886e-01 1.913862136613988033e-02 8.377067980536840874e-01 7.329619341826034429e+01 1.281957307121032834e-02 9.998128327599745679e-01 -1.448992661204084355e-02 -1.288358730751413495e+00 -8.378273385116703498e-01 2.830663121057034812e-03 -5.459279723462895362e-01 -1.785033122531779526e+01
-5.476890494160605583e-01 2.399368204668092530e-02 8.363378477820113677e-01 7.405449220663618348e+01 1.312688655145128301e-02 9.997121099597841010e-01 -2.008437269334873224e-02 -1.335523342895688970e+00 -8.365789869818914815e-01 -2.147802220702095454e-05 -5.478463387125198647e-01 -1.840571455153612135e+01
-5.480507408210626430e-01 2.952234971826623103e-02 8.359239221530844199e-01 7.482581677862377489e+01 2.009035961507877124e-02 9.995532303651046835e-01 -2.212955225188526984e-02 -1.360421410822825417e+00 -8.362037875895156347e-01 4.665895659922801933e-03 -5.483990041911014357e-01 -1.890622489887919144e+01
-5.478497884824368169e-01 3.042518357604216336e-02 8.360232680595084398e-01 7.564085526774923096e+01 2.341466002909112221e-02 9.995046029477571148e-01 -2.103098530222285989e-02 -1.406744918127355914e+00 -8.362489906703858278e-01 8.053380737852295496e-03 -5.482907818191461446e-01 -1.940009296413393614e+01
-5.473507778631577780e-01 2.721574793960995428e-02 8.364606483845139495e-01 7.646643655367378756e+01 2.239125525751809592e-02 9.995895385079698325e-01 -1.787137813192391650e-02 -1.460521167351204408e+00 -8.366037109132377081e-01 8.947492168830518608e-03 -5.477355073829096588e-01 -1.996406324798847010e+01
-5.470000719380967436e-01 2.271742626692619185e-02 8.368242510170957882e-01 7.723157774391526686e+01 2.090297774927619978e-02 9.996906928907516310e-01 -1.347531203622757794e-02 -1.480950615493760614e+00 -8.368715542324086654e-01 1.012112305999749752e-02 -5.473057439605273355e-01 -2.045459435655797620e+01
-5.458130070564067848e-01 1.728614612530456757e-02 8.377286778537779144e-01 7.804686258640023766e+01 1.992763250384874466e-02 9.997721865349915582e-01 -7.646205663589465164e-03 -1.512239309628387041e+00 -8.376700199231691402e-01 1.252055176500639112e-02 -5.460331366499120431e-01 -2.094353749251477836e+01
-5.455824926909081940e-01 1.041871062370554324e-02 8.379923516028104924e-01 7.885348216024281953e+01 1.062971907590026278e-02 9.999283137802399413e-01 -5.511474849888300942e-03 -1.538993269716361523e+00 -8.379897160746170304e-01 5.900660083154979710e-03 -5.456541310894884589e-01 -2.148993229629500590e+01
-5.440043735244803891e-01 5.184339605547624678e-03 8.390663569598784122e-01 7.967731458168476877e+01 2.034136008942423815e-03 9.999861222617281165e-01 -4.859791323760674110e-03 -1.571508051898827363e+00 -8.390799219527341757e-01 -9.369717174145472411e-04 -5.440073708047569179e-01 -2.200514758703798890e+01
-5.419191393447786442e-01 5.556080958619659046e-03 8.404122580683671684e-01 8.047169254628720125e+01 5.344332317203209261e-03 9.999807107362080894e-01 -3.164847308214767223e-03 -1.587314380584998741e+00 -8.404136458362018169e-01 2.776352022569367542e-03 -5.419383808473808850e-01 -2.250568171361472380e+01
-5.386481107367653287e-01 8.563000000111691337e-03 8.424873143911404405e-01 8.127053968161455089e+01 1.064790991992615142e-02 9.999376792772511902e-01 -3.355526446498153289e-03 -1.619276223980487650e+00 -8.424635579384930351e-01 7.163282052569937969e-03 -5.387057210340311375e-01 -2.297865109933995242e+01
-5.334311881368454245e-01 1.191232202629145635e-02 8.457595705023218668e-01 8.206712271721568186e+01 1.171889361404635649e-02 9.999089366785378630e-01 -6.692224083004532156e-03 -1.638354418916941224e+00 -8.457622874040201522e-01 6.341526379688646083e-03 -5.335222125446715813e-01 -2.349156757570066745e+01
-5.263604833162305319e-01 1.489003499390828371e-02 8.501311165512960288e-01 8.282092085206994625e+01 1.817735580414669982e-02 9.998151985028319588e-01 -6.257199738127615200e-03 -1.647115340612744783e+00 -8.500671956995312639e-01 1.215959415576731845e-02 -5.265338737706095618e-01 -2.399236511234466462e+01
-5.187366732271752046e-01 1.714767146772679801e-02 8.547620768086149345e-01 8.361594789897046098e+01 2.466409520123215987e-02 9.996828527838116374e-01 -5.086867198667429854e-03 -1.694916272452155148e+00 -8.545782341345722344e-01 1.844318977696267348e-02 -5.189950903395685877e-01 -2.446651118391514146e+01
-5.091884871722488493e-01 1.657694132303149520e-02 8.604953667056154387e-01 8.438362816179953541e+01 2.280185673655031608e-02 9.997233740288532511e-01 -5.766343078220244681e-03 -1.732998043552106848e+00 -8.603529345801295136e-01 1.668473766208857997e-02 -5.094256186643152384e-01 -2.492763813324551236e+01
-4.976554205095768957e-01 1.310948366047908799e-02 8.672757406119854240e-01 8.520023836799660444e+01 1.853186811338695950e-02 9.998182372284577513e-01 -4.479100216823010683e-03 -1.749112371804004695e+00 -8.671768358868428006e-01 1.384319221899082790e-02 -4.978079097230698191e-01 -2.540604686842078763e+01
-4.859308813322528176e-01 1.073942399689328114e-02 8.739312498851921074e-01 8.600767538226975262e+01 2.046900801021757019e-02 9.997900785642122035e-01 -9.046995828905373977e-04 -1.771781357957360248e+00 -8.737575240779550390e-01 1.744888540621322703e-02 -4.860487006088316519e-01 -2.582488115932267192e+01
-4.739838075468497114e-01 9.266347322211121798e-03 8.804847931605072064e-01 8.684311957004172200e+01 1.958137601274016065e-02 9.998082662796933251e-01 1.895060101510143247e-05 -1.795108581395197689e+00 -8.803158141891448407e-01 1.725008720800602982e-02 -4.740743779373970401e-01 -2.626323380950219288e+01
-4.626808358076530125e-01 8.536884013859203507e-03 8.864838135069482705e-01 8.767220009719260077e+01 1.951655767474825762e-02 9.998093781064042451e-01 5.580267868834094380e-04 -1.815456799916672637e+00 -8.863100818344487042e-01 1.755930190351319767e-02 -4.627592505463692385e-01 -2.667269189983426614e+01
-4.496665497247846477e-01 1.044160613970321339e-02 8.931354614781233936e-01 8.851991891299941528e+01 2.242068857279599925e-02 9.997485447770181333e-01 -3.998785213924583920e-04 -1.826907666430575450e+00 -8.929150687523613739e-01 1.984490119382256029e-02 -4.497875879779127950e-01 -2.710672461343310502e+01
