7.776381746643260540e-01 -6.283510143137079895e-01 2.130427458680558134e-02 -6.595590860782461107e+01 6.273780374141524341e-01 7.777487674589100841e-01 3.877696334827248487e-02 2.571201879887182074e+01 -4.093491755338666410e-02 -1.678861301837382414e-02 9.990207580415015887e-01 -8.861595046900609951e-01 -4.809208017785018303e-24 -1.416202385148814181e-23 -3.430527606006730092e-24 9.999999999999997780e-01
7.495310038543704367e-01 -6.613920688238144052e-01 2.763703236628906393e-02 -6.555789638362170990e+01 6.606352829714555730e-01 7.500175196240949083e-01 3.216742374120513254e-02 2.609214425344922361e+01 -4.200353740206280717e-02 -5.852482710359731971e-03 9.991003209347089076e-01 -8.943735726142966191e-01 -4.809208017785018303e-24 -1.416202385148814181e-23 -3.430527606006730092e-24 9.999999999999997780e-01
7.210907472974400489e-01 -6.927436887440727720e-01 1.158947226043206130e-02 -6.520523691646944542e+01 6.923877309486161646e-01 7.211232836798878720e-01 2.409231758390985995e-02 2.648812318261746768e+01 -2.504723924603095842e-02 -9.348338889416269240e-03 9.996425583007961801e-01 -9.016224646353059313e-01 2.112122567274792842e-18 2.793615692921888047e-19 -2.821925621230545470e-20 9.999999999999997780e-01
6.910614529559720998e-01 -7.226575228370472059e-01 -1.414824813900375337e-02 -6.487325981137863096e+01 7.227923454437970019e-01 6.909878566449993986e-01 1.034443507426449291e-02 2.690343971214818097e+01 2.300783830935437899e-03 -1.737488578874115189e-02 9.998463980720196931e-01 -9.066585814155734280e-01 4.329362660754839537e-18 -1.481040032359501482e-18 -7.675889401209901369e-20 9.999999999999993339e-01
6.562716097241138025e-01 -7.539919528974746710e-01 -2.834976606555045589e-02 -6.453019325523166572e+01 7.540390084226770151e-01 6.567339986113833739e-01 -1.120842740309398004e-02 2.731798400497509505e+01 2.706931929449515536e-02 -1.402105679877789675e-02 9.995352229507363795e-01 -9.265125635134783266e-01 5.563373011231941856e-18 -2.247249584873918015e-18 -1.809357720271186438e-19 9.999999999999987788e-01
6.188802758459539533e-01 -7.849943250713585785e-01 -2.776893542426207839e-02 -6.419009588987408677e+01 7.842826223453163159e-01 6.195020032465475834e-01 -3.343704922191569756e-02 2.776671221101095455e+01 4.345080500969055598e-02 -1.085163248343718953e-03 9.990549784495021957e-01 -9.386410208455057136e-01 6.325866128683190174e-18 -1.093601884117629643e-18 -3.195839854923311580e-19 9.999999999999982236e-01
5.861984598916866185e-01 -8.098633076427014243e-01 -2.219884129038799184e-02 -6.386520334516026054e+01 8.089015767085391273e-01 5.865938972682701591e-01 -3.982259265871328918e-02 2.826606160559103031e+01 4.527256143686286816e-02 5.387264764534677869e-03 9.989601456310978067e-01 -9.629813470903300088e-01 6.469922037933646000e-18 3.118595711422808802e-18 -4.904313568149765755e-19 9.999999999999978906e-01
5.573804296264456282e-01 -8.301081683881585960e-01 -1.573167011770709722e-02 -6.356826638540132990e+01 8.297638533212691181e-01 5.576023266045893045e-01 -2.390801302049296723e-02 2.876378684298883925e+01 2.861825275725207729e-02 2.722873528298294437e-04 9.995903768387939259e-01 -9.292097618683290428e-01 4.541630988829292061e-18 5.429550556061558365e-18 -6.304545473716809182e-19 9.999999999999974465e-01
5.287817243234306241e-01 -8.487214133013920581e-01 -7.864516846084019033e-03 -6.328550335249432379e+01 8.486824667553413137e-01 5.288355538388475052e-01 -8.427788442350234860e-03 2.928906928651780461e+01 1.131188063977156023e-02 -2.218017051993881935e-03 9.999335586711504131e-01 -8.741843594180794819e-01 4.484708804775863958e-20 9.509452792841499340e-18 -7.382727465167879155e-19 9.999999999999971134e-01
4.987603873674028021e-01 -8.667174944350747312e-01 -6.233845787217284426e-03 -6.300981219748857143e+01 8.667024111971068923e-01 4.987928123223018817e-01 -5.714962881024805708e-03 2.979329365466940516e+01 8.062655780822115467e-03 -2.552492074481136058e-03 9.999642385435451031e-01 -8.685216286143849773e-01 -6.166263978583782981e-18 1.529802088834653833e-17 -9.036018445214346734e-19 9.999999999999968914e-01
4.712508050100276402e-01 -8.819892740147335930e-01 -4.195152006419119312e-03 -6.274707614875304529e+01 8.818683967532487955e-01 4.712574889895324026e-01 -1.498365373125301256e-02 3.031625182072518498e+01 1.519241867699177434e-02 3.361486908808351392e-03 9.998789380822595829e-01 -8.634130575874687796e-01 -1.149981838291197244e-17 1.962315133145894959e-17 -1.091892170361607414e-18 9.999999999999967804e-01
4.457684011286319747e-01 -8.951315757476329127e-01 -5.476737603138219675e-03 -6.250255050118279598e+01 8.948827681258847422e-01 4.457768352858033079e-01 -2.162971183193284144e-02 3.085013751114416891e+01 2.180284079150431389e-02 4.740803953599383516e-03 9.997510494674642922e-01 -8.585127536792354075e-01 -1.699976687678915892e-17 2.304556558966943157e-17 -1.249066496013144118e-18 9.999999999999964473e-01
4.227763996408840930e-01 -9.062157523299417816e-01 -5.755530884085477590e-03 -6.226301934449534059e+01 9.059737147627422438e-01 4.227986486757753792e-01 -2.128217180977007641e-02 3.141247237073699949e+01 2.171967001801022520e-02 3.783240278788106530e-03 9.997569419750503839e-01 -8.552608125379616011e-01 -2.212521218123388145e-17 2.644964061461309334e-17 -1.383483390515528159e-18 9.999999999999961142e-01
4.030410661922627646e-01 -9.151681014817485416e-01 -5.024439559024991564e-03 -6.202679695251431724e+01 9.150585339134541529e-01 4.030708051016977933e-01 -1.420582932582459441e-02 3.198507916680635077e+01 1.502592675233096510e-02 1.127876301009138500e-03 9.998864682654153846e-01 -8.459055525947341003e-01 -2.557803068759405252e-17 2.762045044226543566e-17 -1.521745299243202202e-18 9.999999999999954481e-01
3.858632133760683813e-01 -9.225534747634407395e-01 -2.160269654554688914e-03 -6.179952753239994223e+01 9.225389960054313221e-01 3.858692605012642440e-01 -5.168621625205527086e-03 3.257092161862161106e+01 5.601911494158427936e-03 1.447950814772509328e-06 9.999843091696573039e-01 -8.435628838214463965e-01 -2.922031928163275404e-17 2.877019240662159117e-17 -1.672017384547487656e-18 9.999999999999945599e-01
3.697178615600054674e-01 -9.291430871906984912e-01 1.351432283486007956e-03 -6.158013973158130483e+01 9.291421369883129389e-01 3.697196682111761334e-01 1.502068778818129195e-03 3.315427626151624452e+01 -1.895287917782819201e-03 7.003310230543597454e-04 9.999979587080005672e-01 -8.434995302059752342e-01 -3.292355547972934888e-17 2.691236966215283702e-17 -1.850453588385880054e-18 9.999999999999936717e-01
3.556344829050784861e-01 -9.346233192917190458e-01 1.834558515472496090e-03 -6.136427996821728215e+01 9.346180061856216303e-01 3.556387493353675988e-01 3.203511323072158468e-03 3.375816435790898140e+01 -3.646516482182028066e-03 5.753323291023801269e-04 9.999931859319124428e-01 -8.407713140044550393e-01 -3.730199385715326508e-17 2.509226465019760925e-17 -2.048931434814864135e-18 9.999999999999925615e-01
3.425000479924186214e-01 -9.395177445800820815e-01 3.531916252919299289e-04 -6.116005316987740770e+01 9.395152116211902271e-01 3.424999605026078364e-01 2.223553037683194747e-03 3.435511242135765286e+01 -2.210035652629024558e-03 -4.297381175391138427e-04 9.999974655305701177e-01 -8.450014030145730493e-01 -4.256962664551194417e-17 2.294757785638486261e-17 -2.260914720804638235e-18 9.999999999999911182e-01
3.305000792813949095e-01 -9.437961561754737438e-01 -4.302694895976291560e-03 -6.096161922647186060e+01 9.438058734612726486e-01 3.304946167684121860e-01 1.944609758919540413e-03 3.497089664864071779e+01 -4.132977150106741733e-04 -4.703602394026285861e-03 9.999888525926257099e-01 -8.513962839732837073e-01 -4.809163197692017372e-17 2.167239998895390309e-17 -2.469123381147500368e-18 9.999999999999895639e-01
3.198904349533331914e-01 -9.474265169987642343e-01 -7.287284331746390550e-03 -6.076306428038598284e+01 9.474545325565220111e-01 3.198820695619559729e-01 2.317393120070546878e-03 3.559804272215203724e+01 1.355119012621988747e-04 -7.645682463276107579e-03 9.999707621606709340e-01 -8.580461537348551548e-01 -5.334386253667481747e-17 2.004045210780416525e-17 -2.673411728810589424e-18 9.999999999999878986e-01
3.119070713317735888e-01 -9.500673523284377531e-01 -9.273882296064316078e-03 -6.057125134486632589e+01 9.501125214172364553e-01 3.118964861629235363e-01 2.603567823801593989e-03 3.622577955635107116e+01 4.189265122665771597e-04 -9.623302906573504012e-03 9.999536071947249249e-01 -8.614282013883965972e-01 -5.758274858559352485e-17 1.605009379803945840e-17 -2.902571876448547304e-18 9.999999999999861222e-01
3.058719386723131040e-01 -9.520089279590560061e-01 -1.101627065128905382e-02 -6.037420870425648189e+01 9.520709327920646725e-01 3.058729706227302225e-01 1.632413821454444707e-03 3.686625338937108154e+01 1.815506897147947879e-03 -1.098758065514390467e-02 9.999379865801923950e-01 -8.572938707217477861e-01 -6.052057492289228823e-17 1.046347923860901603e-17 -3.167892200998011914e-18 9.999999999999841238e-01
3.013117644586291721e-01 -9.534386299121890840e-01 -1.288408281437506027e-02 -6.017470937435722078e+01 9.535231444609194584e-01 3.013146109570491449e-01 1.765842906940863228e-03 3.751810948767445097e+01 2.198539558920847327e-03 -1.281734040070250415e-02 9.999154375290218999e-01 -8.596393783962774648e-01 -6.463216238030229624e-17 7.028323276348325177e-18 -3.405639161003597242e-18 9.999999999999821254e-01
2.977272718601955415e-01 -9.545629963823589748e-01 -1.295984290759419344e-02 -5.997321643620797715e+01 9.546473247409184015e-01 2.977362073901191342e-01 1.279130159091386183e-03 3.817262693185840305e+01 2.637604158256656901e-03 -1.275291129341542609e-02 9.999151995533622772e-01 -8.658383442920712936e-01 -6.727194465374015666e-17 4.820356852857747752e-18 -3.625694702699754287e-18 9.999999999999801270e-01
2.958080134837402508e-01 -9.551708942913093026e-01 -1.209056894918754399e-02 -5.976922210609046004e+01 9.552379590476164362e-01 2.958377008248294082e-01 -7.045319232396307901e-04 3.883566478499643893e+01 4.249794506772726528e-03 -1.134096421809474738e-02 9.999266581991136382e-01 -8.666411444606115788e-01 -6.927032011739514277e-17 1.573514534163094061e-18 -3.831989478976774281e-18 9.999999999999782396e-01
2.949390072421183562e-01 -9.554557632617617369e-01 -1.073622172315954679e-02 -5.957365866769079332e+01 9.555023956047048461e-01 2.949763020477924047e-01 -2.037945996933034597e-03 3.950529650375951718e+01 5.114098229852388940e-03 -9.657415807071551006e-03 9.999402883768692130e-01 -8.641960406225535074e-01 -7.275790455672633008e-17 -2.004785598912648933e-18 -4.032026009336774537e-18 9.999999999999764633e-01
2.943799016380644340e-01 -9.556296939837679583e-01 -1.060007018953375291e-02 -5.936156281800616341e+01 9.556772961998880600e-01 2.944120106403272930e-01 -1.572742444538862121e-03 4.018336885087911270e+01 4.623747358423159308e-03 -9.667262652135164697e-03 9.999425808481057221e-01 -8.619999152390261932e-01 -7.697661901872326141e-17 -6.932002701857004924e-18 -4.222218168112456769e-18 9.999999999999746869e-01
2.934785199495693053e-01 -9.558898825582453629e-01 -1.203705740461447245e-02 -5.915476423914172699e+01 9.559611861475565409e-01 2.934924348444442610e-01 6.334575286240515723e-04 4.087004812853475499e+01 2.927269643404732408e-03 -1.169286585219084761e-02 9.999273513513801115e-01 -8.649757594822704565e-01 -8.179261569285535356e-17 -1.215839111331225594e-17 -4.419917605062012028e-18 9.999999999999729106e-01
2.928096654078112260e-01 -9.561129156459389211e-01 -1.051629111203832706e-02 -5.894575795216563563e+01 9.561704211617674254e-01 2.927827576349657512e-01 4.047533445897353623e-03 4.156385322390295300e+01 -7.909102922524887313e-04 -1.124052341567556047e-02 9.999365105316629920e-01 -8.656106487299939367e-01 -8.706710372626263954e-17 -1.675487805174481807e-17 -4.652276707771059010e-18 9.999999999999712452e-01
2.924462024039116703e-01 -9.562590106641687404e-01 -6.627459775765124489e-03 -5.872690511121075474e+01 9.562779015817211015e-01 2.924177005923304096e-01 4.946041523790259409e-03 4.226682863321678951e+01 -2.791710225841817234e-03 -7.784144387748533588e-03 9.999658061404655962e-01 -8.722910655731888063e-01 -9.230430938377118828e-17 -2.340547530031717943e-17 -4.938604186270283169e-18 9.999999999999695799e-01
2.918079717887888114e-01 -9.564751668834993170e-01 -1.833776337980926084e-03 -5.850786212936937147e+01 9.564762046529613482e-01 2.918048631880950095e-01 1.786547632260002474e-03 4.296894046763542718e+01 -1.173683591284502932e-03 -2.275292273006359646e-03 9.999967227505720535e-01 -8.757848113149837577e-01 -9.749511334479784779e-17 -2.967295621469817341e-17 -5.198903210082201915e-18 9.999999999999680256e-01
2.915019242494920060e-01 -9.565702247876652908e-01 1.822319348117093073e-04 -5.828365361658669030e+01 9.565662122818209268e-01 2.915001379336438769e-01 -2.958226744688290631e-03 4.368119524201580361e+01 2.776630988010653743e-03 1.036645700084495251e-03 9.999956078333704923e-01 -8.777982174955056838e-01 -1.027906792633303573e-16 -3.782303446689849877e-17 -5.427775049346220555e-18 9.999999999999663602e-01
2.913348877440156692e-01 -9.566146916545580359e-01 -3.509258296771096321e-03 -5.806940027555106099e+01 9.566006738069183779e-01 2.913506872186182317e-01 -5.470642501751123675e-03 4.440175759783480203e+01 6.255721806361782579e-03 -1.763169832116512825e-03 9.999788783653412727e-01 -8.795929914529301286e-01 -1.097713887751149433e-16 -4.342276485664088693e-17 -5.609005592743951860e-18 9.999999999999648059e-01
2.908389206708797414e-01 -9.567238744835946385e-01 -9.599490405811195864e-03 -5.784982900230348690e+01 9.567240515848441929e-01 2.909101770898873118e-01 -7.096335998369513419e-03 4.514494010890179254e+01 9.581823524929649824e-03 -7.120172651711902459e-03 9.999287433609088671e-01 -8.781529773220758672e-01 -1.179401649244349837e-16 -5.197390402569050804e-17 -5.783727048443546249e-18 9.999999999999631406e-01
2.901525292766417574e-01 -9.569449030901849840e-01 -8.243919215757889579e-03 -5.762548029584124976e+01 9.569316899612656524e-01 2.902139177983519280e-01 -7.590959359379401659e-03 4.588053746068467120e+01 9.656629962146143914e-03 -5.686331489277271674e-03 9.999372055944035775e-01 -8.796589399523826458e-01 -1.263661559748758326e-16 -5.949923461677732091e-17 -5.963204506827302337e-18 9.999999999999618083e-01
2.897897119352430551e-01 -9.570828193706660825e-01 -3.794696553823585262e-03 -5.738974832884787247e+01 9.570538349072204021e-01 2.898110101809763250e-01 -7.585213724731670881e-03 4.662271703456583793e+01 8.359422578794344083e-03 -1.433611988886806642e-03 9.999640317585363203e-01 -8.816239571144645071e-01 -1.349554029499581177e-16 -6.682254462806726081e-17 -6.093047864342910738e-18 9.999999999999604761e-01
2.899956510202156279e-01 -9.570194092245992712e-01 -4.046326322421783979e-03 -5.715826794315501758e+01 9.570159197898210346e-01 2.900106207610310682e-01 -3.790661502413150436e-03 4.738446085421858811e+01 4.801214240182228969e-03 -2.773123357030674724e-03 9.999846289461826743e-01 -8.777452684996328580e-01 -1.438635181692752051e-16 -7.671542567347894399e-17 -6.213511752657967586e-18 9.999999999999591438e-01
2.912129681997937536e-01 -9.566416533089663332e-01 -5.635095961687971999e-03 -5.692900735174766425e+01 9.566582224180956162e-01 2.912064951286412740e-01 1.955166162032717907e-03 4.815916111576910197e+01 -2.294168450190127711e-04 -5.960230627231199660e-03 9.999822113511545041e-01 -8.752828460057889837e-01 -1.532597130966460237e-16 -8.450083534743871353e-17 -6.358395828171478218e-18 9.999999999999575895e-01
2.910469579643905069e-01 -9.566774474250973048e-01 -7.741437063946627825e-03 -5.669235054901635351e+01 9.566966758885875333e-01 2.909930660824237014e-01 7.382806759869090830e-03 4.894526205681159325e+01 -4.810260218737523984e-03 -9.554950554375442676e-03 9.999427805212106612e-01 -8.808644606760168694e-01 -1.618865974604220349e-16 -9.093081168358170049e-17 -6.568287006888603948e-18 9.999999999999560352e-01
2.907433951219901003e-01 -9.567945577995461415e-01 -3.528789884186609403e-03 -5.644751834922468703e+01 9.567703324054313008e-01 2.907025189995882664e-01 9.087159956179658923e-03 4.973178332290513026e+01 -7.668717083568426726e-03 -6.018273208156544284e-03 9.999524844540552682e-01 -8.980377671893350344e-01 -1.716906758548388766e-16 -9.579440355663839171e-17 -6.838639287103312760e-18 9.999999999999545919e-01
2.901528501447603325e-01 -9.569771485131569611e-01 2.461864422347784589e-03 -5.620232040103782367e+01 9.569461012681832468e-01 2.901632696886183305e-01 7.709487091045116869e-03 5.051385099403822920e+01 -8.092145603200727455e-03 1.189419081975916470e-04 9.999672509799043540e-01 -9.097913594917957925e-01 -1.827930422567074601e-16 -1.007859808684515382e-16 -7.071555926427551827e-18 9.999999999999533706e-01
2.894397863336277688e-01 -9.571950844521112112e-01 1.476613623076009508e-03 -5.596908924211061986e+01 9.571761586828628765e-01 2.894433630861696916e-01 6.028334302114583994e-03 5.130450589142766660e+01 -6.197687974454837469e-03 -3.314604367550277072e-04 9.999807392133573947e-01 -9.109757305151497953e-01 -1.941151812491423274e-16 -1.045617175015119293e-16 -7.299681120275387933e-18 9.999999999999521494e-01
2.899333388463443684e-01 -9.570236222445067664e-01 -6.666745183764497505e-03 -5.573665330008491736e+01 9.570418191448440970e-01 2.899022124914517051e-01 5.259619801759147888e-03 5.211294887996567127e+01 -3.100876215413066097e-03 -7.905293068629510797e-03 9.999639448040779088e-01 -9.202237967786984774e-01 -2.067093866278698684e-16 -1.091597599451684002e-16 -7.515486908451245173e-18 9.999999999999508171e-01
2.891262073467911753e-01 -9.572524282056954492e-01 -8.592142892748021871e-03 -5.549366030433551344e+01 9.572899389148448179e-01 2.891275339075397022e-01 1.114445569263433416e-03 5.290902716695394759e+01 1.417419358286653224e-03 -8.547387365679816329e-03 9.999624658413514000e-01 -9.303791334508201283e-01 -2.190929327856300574e-16 -1.147995915152024998e-16 -7.732179174639164853e-18 9.999999999999493738e-01
2.883456673616930921e-01 -9.574937873709548075e-01 -7.900839176422227300e-03 -5.524797061711660007e+01 9.575094115654597671e-01 2.883798688886559658e-01 -3.574630512012182734e-03 5.371095307968840871e+01 5.701129473211438876e-03 -6.534398650129406329e-03 9.999623986715387991e-01 -9.311235959793887629e-01 -2.303675604118803810e-16 -1.211386734990650957e-16 -7.911125391555873859e-18 9.999999999999480416e-01
2.886600871252369971e-01 -9.573812244443159480e-01 -9.825740800467745381e-03 -5.500200950060273186e+01 9.574049184581489014e-01 2.887135086853914179e-01 -4.509103534434337479e-03 5.452129126515948343e+01 7.153755164885380879e-03 -8.105614350753848410e-03 9.999415596938451278e-01 -9.290215280044212820e-01 -2.409331259870794459e-16 -1.280895219794759880e-16 -8.035142236192160324e-18 9.999999999999464873e-01
2.889152269440057874e-01 -9.572323256029782179e-01 -1.530576559764799949e-02 -5.476710607338667813e+01 9.573393320217479241e-01 2.889642095763933494e-01 -1.043526718490055344e-03 5.535164456145603395e+01 5.421715965460862860e-03 -1.435132065463699119e-02 9.998823153708509270e-01 -9.273763223048002713e-01 -2.527476311499990095e-16 -1.354857888452194088e-16 -8.146042635144118591e-18 9.999999999999449329e-01
2.888921935581738043e-01 -9.572802756253578904e-01 -1.248096148964076765e-02 -5.451799774609902016e+01 9.573616309845943695e-01 2.888664218683119067e-01 3.859771429023257146e-03 5.618026955488547003e+01 -8.955237043204838368e-05 -1.306385148274003677e-02 9.999146602409230145e-01 -9.270565779904395010e-01 -2.636405076534966415e-16 -1.434997015630622795e-16 -8.294065576315354922e-18 9.999999999999434896e-01
2.880906933102715395e-01 -9.575847991466560627e-01 -5.924936386468613626e-03 -5.426275401901260409e+01 9.575875993368652139e-01 2.880452700772985208e-01 7.477431532462515580e-03 5.700926871036827492e+01 -5.453624870509593894e-03 -7.827824044907189666e-03 9.999544905376439585e-01 -9.337246688657131477e-01 -2.765843506883709767e-16 -1.486594943523516565e-16 -8.476291382631130214e-18 9.999999999999419353e-01
2.876180972105202849e-01 -9.577028564227254570e-01 -9.003830111020690030e-03 -5.401274089838713621e+01 9.577140892229907276e-01 2.875203009441754110e-01 1.076103381251263154e-02 5.784946655673428495e+01 -7.717088877129141440e-03 -1.171816302346577812e-02 9.999015607521162252e-01 -9.450901214970671704e-01 -2.890844575749594780e-16 -1.552875183981410750e-16 -8.687515873678016984e-18 9.999999999999404920e-01
2.881251137169861809e-01 -9.575396886291160925e-01 -1.008283420186473212e-02 -5.376756591821784070e+01 9.575655871248017759e-01 2.880216216377917693e-01 1.056843524062567492e-02 5.867695285295746999e+01 -7.215621932074848914e-03 -1.270000665790466804e-02 9.998933166247874205e-01 -9.609188124910739148e-01 -3.015111738857031348e-16 -1.626408638906471777e-16 -8.968873370629708076e-18 9.999999999999389377e-01
2.861788873746047290e-01 -9.581571208763577374e-01 -6.047820671272971862e-03 -5.351286660695686237e+01 9.581730286550853570e-01 2.861559791954397802e-01 4.382091806798596965e-03 5.950492722564567316e+01 -2.468112422826175718e-03 -7.048920806997266073e-03 9.999721101792865552e-01 -9.562683709933551546e-01 -3.144732851148856202e-16 -1.667479320233829125e-16 -9.245862786382394689e-18 9.999999999999372724e-01
2.859035711712389349e-01 -9.582446200980065942e-01 -5.137708114038295679e-03 -5.326322842269583191e+01 9.582556731332085853e-01 2.859114248660620250e-01 -8.497288043812912910e-04 6.034363028392245809e+01 2.283177502777009212e-03 -4.680297447477639941e-03 9.999864408661646165e-01 -9.598033060814969986e-01 -3.265770440848667836e-16 -1.739018283380934106e-16 -9.451496100162793649e-18 9.999999999999354960e-01
2.858779356069324207e-01 -9.582359119550831750e-01 -7.598879695758252450e-03 -5.301647808875300427e+01 9.582585258670472950e-01 2.858981111152084087e-01 -1.693417795270735996e-03 6.118984973824575491e+01 3.795199096986856015e-03 -6.797580472063950545e-03 9.999696942224898244e-01 -9.661276010910903045e-01 -3.383446723681830569e-16 -1.829779605077775766e-16 -9.568705381821732503e-18 9.999999999999338307e-01
2.851982033499273483e-01 -9.584479774168498389e-01 -6.281671069168705442e-03 -5.275904722895710819e+01 9.584683361710394367e-01 2.851965123206580133e-01 1.182335659019159626e-03 6.203741487061829218e+01 6.583034594629736920e-04 -6.357982823746427710e-03 9.999795711367517326e-01 -9.698914835309648819e-01 -3.503023515589347561e-16 -1.895558280933988775e-16 -9.697540211769042803e-18 9.999999999999321654e-01
2.843670189050511721e-01 -9.587132390301228435e-01 -2.079391093658003974e-03 -5.250382880792318474e+01 9.587095697361055491e-01 2.843569678852453930e-01 4.132276791096892686e-03 6.289133058299236723e+01 -3.370379120516465033e-03 -3.168615373086358308e-03 9.999893001532910164e-01 -9.692536084256725415e-01 -3.620683728752799486e-16 -1.967597195120783554e-16 -9.869149751684252804e-18 9.999999999999303890e-01
2.837052242668419155e-01 -9.589115356934898582e-01 1.115237517516383251e-04 -5.225714383614604941e+01 9.588914038458413724e-01 2.837000179304937642e-01 6.447903282816446098e-03 6.374205854819469153e+01 -6.214608129295691279e-03 -1.722364680020694585e-03 9.999792058365859493e-01 -9.671173103818773154e-01 -3.736587646929891575e-16 -2.050404757702512210e-16 -1.006623118522529696e-17 9.999999999999285016e-01
2.834596410533520294e-01 -9.589694756986527624e-01 -5.308160891246128249e-03 -5.201472249805271275e+01 9.589774624227114241e-01 2.834326196309431278e-01 5.308172415397449835e-03 6.459660814478279178e+01 -3.585869371278757513e-03 -6.595059309134396371e-03 9.999718229697350802e-01 -9.622715574590590126e-01 -3.856265639893215095e-16 -2.140631520805375323e-16 -1.028598761274836679e-17 9.999999999999262812e-01
2.835146062420378366e-01 -9.589595654982417949e-01 -4.002472577635644152e-03 -5.176164033107585283e+01 9.589674907182667019e-01 2.835159511385496045e-01 2.391557334780053661e-04 6.544443380604846539e+01 9.054241414970560934e-04 -3.906045228048926447e-03 9.999919614765149234e-01 -9.749961634287960255e-01 -3.964262637704125617e-16 -2.264567300934122569e-16 -1.053736752055096861e-17 9.999999999999240607e-01
2.830459735578994551e-01 -9.591020054241407022e-01 -2.884448636994536505e-03 -5.150788217916128531e+01 9.590968644383873754e-01 2.830552667162997693e-01 -3.594524803710879516e-03 6.629745374279411863e+01 4.263974326065582757e-03 -1.749049870827783931e-03 9.999893796172717453e-01 -9.871363469780720656e-01 -4.061726971800822016e-16 -2.407888556065107993e-16 -1.071914221830557489e-17 9.999999999999217293e-01
2.835378253330920195e-01 -9.589483262149667286e-01 -4.940572313015514395e-03 -5.126067827373423569e+01 9.589591869491531639e-01 2.835436748435273269e-01 -5.120761568710813184e-04 6.715528505415056770e+01 1.891922602993939160e-03 -4.592614248425994257e-03 9.999876641854446024e-01 -9.926768203509059862e-01 -4.168264695091092682e-16 -2.541340175121092281e-16 -1.083861831049645264e-17 9.999999999999192868e-01
2.839438316624571246e-01 -9.588299473461352473e-01 -4.586123955356731334e-03 -5.101138832675860613e+01 9.588320355915992410e-01 2.839173700644399001e-01 5.661669268238372736e-03 6.801645635133766632e+01 -4.126497794157501717e-03 -6.004918633216705347e-03 9.999734561317054071e-01 -9.846534458239112331e-01 -4.279635862577603220e-16 -2.675411990397369115e-16 -1.101652136446136532e-17 9.999999999999168443e-01
2.832173248496356321e-01 -9.590492496690435908e-01 -3.533215836090787890e-03 -5.075733984051963432e+01 9.590217575807223893e-01 2.831743412315580466e-01 9.463664976856652963e-03 6.887611035071502386e+01 -8.075604728355948586e-03 -6.068704739055680655e-03 9.999489764137359238e-01 -9.780045202985568897e-01 -4.382278660860908885e-16 -2.799695325357066814e-16 -1.126953645827654728e-17 9.999999999999142908e-01
2.833581969422473978e-01 -9.590073118639188543e-01 -3.620499559870746231e-03 -5.050988456677666960e+01 9.589727464246095012e-01 2.833088671460405883e-01 1.036134215270648022e-02 6.972490416703405458e+01 -8.910883256356147766e-03 -6.407931636648003804e-03 9.999397654716705164e-01 -9.871352393408997505e-01 -4.480325248201466595e-16 -2.903378167493373165e-16 -1.156267253977936468e-17 9.999999999999117373e-01
2.837102053675277791e-01 -9.588991547497197621e-01 -4.574974368522432069e-03 -5.025602059842036340e+01 9.588567965184904285e-01 2.836409253003797648e-01 1.189408529385369007e-02 7.058672812041785960e+01 -1.010757837168099402e-02 -7.761218648530575012e-03 9.999187968752011324e-01 -1.005572335816745211e+00 -4.569863772662258217e-16 -3.009695863879798711e-16 -1.186213130073876613e-17 9.999999999999094058e-01
2.836217685730768046e-01 -9.589101131003702205e-01 -7.077244181190836536e-03 -5.001130538404559189e+01 9.588877686937612443e-01 2.835255147087098471e-01 1.214617464858695588e-02 7.144700300074777033e+01 -9.640510406819013944e-03 -1.023120241662937857e-02 9.999011866459592834e-01 -1.017420676627186493e+00 -4.663024414029141373e-16 -3.078895475677843448e-16 -1.217045633495726598e-17 9.999999999999071854e-01
2.838625539991905811e-01 -9.588191204559326497e-01 -9.377882759621650882e-03 -4.976485666002204056e+01 9.588461293333430113e-01 2.837820707612841442e-01 9.046357102932119088e-03 7.229171750313693678e+01 -6.012545171878283523e-03 -1.155986861702850907e-02 9.999151057654325214e-01 -1.026138288708040580e+00 -4.753696395183214694e-16 -3.107850933633426507e-16 -1.247247719629445859e-17 9.999999999999051870e-01
2.838431342081835784e-01 -9.588231805802790442e-01 -9.549007523226857655e-03 -4.951566537209793495e+01 9.588681896895109302e-01 2.838512265793423084e-01 5.253293158946352633e-04 7.312527745226306308e+01 2.206799572569824626e-03 -9.305350676638514743e-03 9.999542691964492525e-01 -1.022540164078539648e+00 -4.855100737396121427e-16 -3.121271221588612242e-16 -1.275813812282964412e-17 9.999999999999034106e-01
2.834543454266506557e-01 -9.589430407814066859e-01 -9.048679215586339156e-03 -4.926067256694913965e+01 9.589466205354534312e-01 2.835153845551900975e-01 -6.356546553048684350e-03 7.397521621757267951e+01 8.661005847978270333e-03 -6.875409611722078235e-03 9.999388559907737006e-01 -1.020367726734715541e+00 -4.944012690564254017e-16 -3.159786469240816989e-16 -1.295579724763233899e-17 9.999999999999014122e-01
2.836260444610506637e-01 -9.588884556458507902e-01 -9.444391583562765716e-03 -4.900852700121723871e+01 9.589003402117718400e-01 2.836857418026393907e-01 -5.704159846782945291e-03 7.483036853971225355e+01 8.148892258501738706e-03 -7.438382008249385009e-03 9.999391311613994304e-01 -1.018456183094681888e+00 -5.028761164838853347e-16 -3.209980918481920295e-16 -1.311603900598224308e-17 9.999999999998995248e-01
2.838462934725607401e-01 -9.588361348413065866e-01 -8.034189714272775215e-03 -4.875619819572821712e+01 9.588675838909279658e-01 2.838536648285386876e-01 2.313579555084106353e-04 7.568832531192879287e+01 2.058699826503691214e-03 -7.769394177977025258e-03 9.999676986127491451e-01 -1.011028292641978243e+00 -5.120655712500916705e-16 -3.249725889591940402e-16 -1.325943497566095745e-17 9.999999999998978595e-01
2.835322271927100957e-01 -9.589384174148353202e-01 -6.825521882451732539e-03 -4.850785367900802214e+01 9.589494992962058761e-01 2.834837817777876023e-01 7.266585748471988265e-03 7.654617161361257160e+01 -5.033283481801808026e-03 -8.605642032958023616e-03 9.999503032562818694e-01 -1.008533993896787218e+00 -5.215032743462000648e-16 -3.290160014218924954e-16 -1.345824255437418830e-17 9.999999999998961941e-01
2.833509817435235223e-01 -9.589903934567445276e-01 -7.046020334803984077e-03 -4.825628098505826102e+01 9.589721254184684351e-01 2.832597885330410681e-01 1.167710882540222775e-02 7.740005516245705053e+01 -9.202380956871930237e-03 -1.006565734580712815e-02 9.999069950383636662e-01 -1.015389189218668831e+00 -5.298749250763305464e-16 -3.325464265824907239e-16 -1.371256764881911225e-17 9.999999999998948619e-01
2.832685468703257659e-01 -9.590151283594329223e-01 -6.993849556330885772e-03 -4.800681061392783988e+01 9.589961154782137287e-01 2.831776043494845241e-01 1.170020907929916580e-02 7.825296883781373936e+01 -9.240175949472267947e-03 -1.002137578072687107e-02 9.999070912717863413e-01 -1.025376883327377309e+00 -5.386818161826735589e-16 -3.365753007738414339e-16 -1.400728371279055972e-17 9.999999999998934186e-01
2.839574944290314540e-01 -9.587800870810159193e-01 -1.043484424471208608e-02 -4.775992793742175024e+01 9.588181342193707879e-01 2.838670997668878426e-01 9.341047154032621619e-03 7.909804202605955936e+01 -5.993901031503842333e-03 -1.265757823478162909e-02 9.999019246222933255e-01 -1.032554879808275539e+00 -5.466671590650509150e-16 -3.390536768247343608e-16 -1.427129947840860734e-17 9.999999999998919753e-01
2.841825759952466002e-01 -9.586831514093607787e-01 -1.291815406437669782e-02 -4.751024972085880904e+01 9.587629499033958336e-01 2.841022999733220922e-01 7.712913996558858933e-03 7.995070375245276750e+01 -3.724163415669357394e-03 -1.457732326603477548e-02 9.998868097204575145e-01 -1.041051680382802935e+00 -5.542745499640757684e-16 -3.419292220932352718e-16 -1.451033884400366499e-17 9.999999999998904210e-01
2.834245341864518042e-01 -9.589135657793418366e-01 -1.246221430774295189e-02 -4.725863812037952272e+01 9.589900250163621021e-01 2.833593775398207670e-01 6.752412848184259110e-03 8.080560489405826274e+01 -2.943694992854824135e-03 -1.386493867686705919e-02 9.998995440217840480e-01 -1.045758184879227670e+00 -5.611808122620393499e-16 -3.410723188893426302e-16 -1.468273215511582084e-17 9.999999999998889777e-01
2.824929553355355338e-01 -9.591884412936642068e-01 -1.246050859076379760e-02 -4.700397641884539013e+01 9.592594270887230268e-01 2.824070419995491910e-01 8.222783615541386093e-03 8.166302299073845461e+01 -4.368263626357225468e-03 -1.427573877664312270e-02 9.998885545674378594e-01 -1.049884847053059955e+00 -5.676115408895144157e-16 -3.413641092636351639e-16 -1.484939934223990145e-17 9.999999999998877565e-01
2.824542395161558916e-01 -9.591838242695114314e-01 -1.363795582127083107e-02 -4.675716738990690402e+01 9.592501322194610935e-01 2.823030412855970783e-01 1.200736098218630789e-02 8.251919165256677502e+01 -7.667230021014109428e-03 -1.647374093957091126e-02 9.998349010926459446e-01 -1.048180499255241260e+00 -5.721235354040548223e-16 -3.422804722664524792e-16 -1.499023341753954104e-17 9.999999999998864242e-01
2.820861385405962762e-01 -9.592960717475856880e-01 -1.335878635310526474e-02 -4.650912094799680574e+01 9.593437973238159167e-01 2.819101893116902624e-01 1.364271594936818273e-02 8.337167247594059916e+01 -9.321425828418650888e-03 -1.666408988898316831e-02 9.998176929462535556e-01 -1.053000452931753816e+00 -5.761565472671697833e-16 -3.449267895679342776e-16 -1.516430259749778891e-17 9.999999999998850919e-01
2.813044867040382369e-01 -9.595417029141678489e-01 -1.214521011270714400e-02 -4.625599666982533620e+01 9.595781502682986241e-01 2.811539588228851860e-01 1.273675648647174495e-02 8.422130509149762645e+01 -8.806775104708758350e-03 -1.523718500026611383e-02 9.998451224590673148e-01 -1.061735281729824232e+00 -5.789216827787164309e-16 -3.472426999341551658e-16 -1.538501252054602427e-17 9.999999999998837596e-01
2.806594035919519614e-01 -9.597093161483434276e-01 -1.372325301879932270e-02 -4.601049713039519418e+01 9.597802421400052353e-01 2.805151524733346391e-01 1.153845875494967192e-02 8.507922350384623655e+01 -7.223985948119841793e-03 -1.640968405785967268e-02 9.998392552284590673e-01 -1.076687121600101937e+00 -5.815425345810844056e-16 -3.516212783612479149e-16 -1.560551813425550981e-17 9.999999999998825384e-01
2.796466239249992825e-01 -9.600109861064296535e-01 -1.329181260189205536e-02 -4.576449053079555540e+01 9.600790097065970974e-01 2.795149757490145159e-01 1.093953622104520615e-02 8.593285726791654611e+01 -6.786814278034183738e-03 -1.582039465154364694e-02 9.998518161531104731e-01 -1.091126277699327796e+00 -5.837251196660107015e-16 -3.577671687468801641e-16 -1.580131754562223199e-17 9.999999999998814282e-01
2.784995818486494801e-01 -9.603932045771631509e-01 -9.103598852784541839e-03 -4.550977647536404902e+01 9.604212097593610720e-01 2.784294583781329879e-01 8.254486751326828992e-03 8.677962592958796506e+01 -5.392842885373424003e-03 -1.104216053196645057e-02 9.999244911172247008e-01 -1.091446077764595790e+00 -5.859607498178155548e-16 -3.658923891737910462e-16 -1.597212588530890384e-17 9.999999999998802069e-01
2.770821687576215941e-01 -9.607433711337637350e-01 -1.405868340369805652e-02 -4.527316009344806957e+01 9.608457078292657050e-01 2.770371494902940102e-01 5.093480958258306962e-03 8.762553734216892565e+01 -9.987504908946910707e-04 -1.491953835660558662e-02 9.998881986863911164e-01 -1.094743747752649599e+00 -5.866284869579722966e-16 -3.748909624513569512e-16 -1.607200346704574196e-17 9.999999999998787636e-01
2.762386313912416069e-01 -9.608531299502067746e-01 -2.129509783797449776e-02 -4.504014496932936851e+01 9.610800264957828354e-01 2.762643833558142692e-01 1.781336520181278811e-03 8.847997947308486744e+01 4.171474301800606743e-03 -2.095836715672581493e-02 9.997716467513462213e-01 -1.104300520974303090e+00 -5.860715647107394873e-16 -3.822511453589753852e-16 -1.617996716489638169e-17 9.999999999998775424e-01
2.751277407449954082e-01 -9.611328831547085727e-01 -2.298493400508371670e-02 -4.480416249983306898e+01 9.613933920575465919e-01 2.751753528785032543e-01 1.127331440225847175e-03 8.932643358006176015e+01 5.241372008324510570e-03 -2.240772382157929857e-02 9.997351759002102156e-01 -1.105081141968564440e+00 -5.858515661756928113e-16 -3.886228918993397747e-16 -1.636863065507817698e-17 9.999999999998763212e-01
2.737017275215768985e-01 -9.615750514432486185e-01 -2.146589838713630974e-02 -4.456598560882100912e+01 9.618119030233008848e-01 2.736858343511630598e-01 3.731926862123320643e-03 9.018074010316824740e+01 2.286384545753062346e-03 -2.166759140697619226e-02 9.997626157883378051e-01 -1.094971677420376377e+00 -5.860762677306112892e-16 -3.946706438676455820e-16 -1.653341059516830330e-17 9.999999999998752109e-01
2.732527558811096435e-01 -9.617664045840010889e-01 -1.839332533538241485e-02 -4.432658311104854931e+01 9.619401624445828025e-01 2.731621713737225066e-01 7.317923638787739334e-03 9.103983145330747107e+01 -2.013772419700634534e-03 -1.969292116263192047e-02 9.998040475894895973e-01 -1.084488089949263712e+00 -5.867161747304305450e-16 -3.969827711823431845e-16 -1.657237573380129638e-17 9.999999999998744338e-01
2.723660031038265816e-01 -9.619974362335201867e-01 -1.943432616103331345e-02 -4.409467368402628296e+01 9.621844984557114122e-01 2.722193879206209477e-01 9.879057219901744499e-03 9.188976171703892248e+01 -4.213227345743961183e-03 -2.139012669948920850e-02 9.997623273532102450e-01 -1.088061427101120415e+00 -5.873719102816889847e-16 -4.008887815340176491e-16 -1.665049563919005166e-17 9.999999999998734346e-01
2.712823460340803572e-01 -9.623402431794271239e-01 -1.752555527115495088e-02 -4.386512168811147205e+01 9.624859348957377492e-01 2.711356829765151910e-01 1.030856656555472449e-02 9.274064970089700921e+01 -5.168545057540564411e-03 -1.966463257186789118e-02 9.997932728156301296e-01 -1.098983705700687263e+00 -5.878723756291077877e-16 -4.050440907866673037e-16 -1.672354818438634819e-17 9.999999999998723244e-01
2.698887979034509943e-01 -9.627828825817081881e-01 -1.446228798792451205e-02 -4.362693848712007849e+01 9.628699163694486307e-01 2.697517458015708525e-01 1.074801319290101358e-02 9.359536089597038711e+01 -6.446775690860430570e-03 -1.682607038591637030e-02 9.998376480399905342e-01 -1.110987048009155931e+00 -5.885018481447168490e-16 -4.066392885329555881e-16 -1.674735861863408309e-17 9.999999999998714362e-01
2.689711539298741960e-01 -9.630421396019765989e-01 -1.429530357987133377e-02 -4.340255407053915349e+01 9.631111119301228873e-01 2.688008520008273727e-01 1.277059279165911748e-02 9.444916196325209512e+01 -8.456029224186154339e-03 -1.720288680571960618e-02 9.998162612474764677e-01 -1.114481367895372443e+00 -5.872242328929120254e-16 -4.081279817249177396e-16 -1.671480337483085821e-17 9.999999999998708811e-01
2.686700571074970845e-01 -9.630466379607292016e-01 -1.890961465380148337e-02 -4.318330332915407155e+01 9.631948338339904048e-01 2.684347696867709909e-01 1.408852364943331652e-02 9.529790284409277490e+01 -8.491907279959453117e-03 -2.199880759777772185e-02 9.997219313262014628e-01 -1.113897286932397535e+00 -5.879871263560662339e-16 -4.142872198786055781e-16 -1.678747971998937046e-17 9.999999999998701039e-01
2.683635637298470988e-01 -9.630256294081868118e-01 -2.371992337991566183e-02 -4.296816158377257722e+01 9.632886632875241606e-01 2.680829173646636643e-01 1.437012870106753673e-02 9.615220535873736196e+01 -7.479895977669381510e-03 -2.670555223538854245e-02 9.996153583431606204e-01 -1.118274541885801554e+00 -5.872660474069020844e-16 -4.207546314973060576e-16 -1.684350884169729305e-17 9.999999999998694378e-01
2.686293971903472855e-01 -9.628838110131588968e-01 -2.632514869655811635e-02 -4.273829224684634198e+01 9.632299402122684873e-01 2.683796617751402214e-01 1.266646849092576028e-02 9.699991468077716661e+01 -5.131202949259030394e-03 -2.875975720030484947e-02 9.995731824742125626e-01 -1.129279032075804157e+00 -5.824358207492335792e-16 -4.310908932673900903e-16 -1.698622313769161512e-17 9.999999999998689937e-01
2.702184569907323253e-01 -9.623964266260642830e-01 -2.784068100644693580e-02 -4.251256622852136502e+01 9.627869410784982707e-01 2.699571206622975450e-01 1.282416049227988637e-02 9.784983373199436585e+01 -4.826136150472304723e-03 -3.026996896415701591e-02 9.995301082950482918e-01 -1.142646368216720054e+00 -5.777634275060436793e-16 -4.413174205404088293e-16 -1.707304930878874906e-17 9.999999999998681055e-01
