1.000000000000000000e+00 -3.306050084167601550e-19 -2.270457535318767223e-19 -8.673617379884035472e-19 7.546676715296109287e-19 1.000000000000000000e+00 6.237773588823049983e-19 1.387778780781445676e-17 -3.447385680526250622e-20 4.770700176052009879e-20 1.000000000000000222e+00 5.551115123125782702e-17
9.999301052923526001e-01 -2.892333429987872535e-03 1.146483994097775329e-02 1.193322325718300554e-02 2.879970402392557569e-03 9.999952422850105771e-01 1.095205452537204027e-03 -4.850501923615399558e-03 -1.146795225222737268e-02 -1.062120433101096384e-03 9.999336874377432460e-01 3.059859250262943475e-01
9.998358426399133192e-01 -5.512843560088997660e-03 1.726121037800812733e-02 2.677132256292168166e-02 5.489204970840171408e-03 9.999839128678150724e-01 1.416664806085604286e-03 -1.278507647483716203e-02 -1.726874267664547241e-02 -1.321717065479951787e-03 9.998500347602160554e-01 5.898253260360563077e-01
9.997718337283875156e-01 -8.090158024868046929e-03 1.977640442535887402e-02 4.189152852115497760e-02 8.083476629740148078e-03 9.999672656323981279e-01 4.179329963093220265e-04 -1.311147798465356340e-02 -1.977913936881933038e-02 -2.580692777425734456e-04 9.998044482695247481e-01 8.920338933478052512e-01
9.997953773862970905e-01 -9.607499951218031672e-03 1.779677490632690720e-02 4.067122025013215902e-02 9.625478730545897893e-03 9.999532797751303770e-01 -9.244065016141551731e-04 -1.530571228918406468e-02 -1.778706424241021516e-02 1.095557407993726085e-03 9.998410840685839629e-01 1.200011130225020706e+00
9.998750225943950909e-01 -1.169804814606263156e-02 1.064234301058861881e-02 4.129862594702091161e-02 1.172025979908139677e-02 9.999292775007715406e-01 -2.027378189690222984e-03 -2.068611236106876472e-02 -1.061787275920987247e-02 2.151797375426354065e-03 9.999413668855771098e-01 1.518008104652527113e+00
9.999142739464070839e-01 -1.304505162278451862e-02 -1.111267691582513897e-03 3.258001901445369691e-02 1.304039645060975708e-02 9.999065477108868283e-01 -4.099914254729137598e-03 -3.137680894510790075e-02 1.164627975615372887e-03 4.085069204201745123e-03 9.999910064791504016e-01 1.842375479998867194e+00
9.997614211619810787e-01 -1.221593832246720135e-02 -1.810957566908928673e-02 9.882917770332230040e-03 1.214219960981531045e-02 9.999175196029675972e-01 -4.175651364521935915e-03 -3.182704941898038820e-02 1.815911040000365434e-02 3.954763548555782424e-03 9.998272943577320993e-01 2.172687866975287818e+00
9.993307287686313822e-01 -8.068838750736676002e-03 -3.568260416947546809e-02 -2.539930097376100551e-02 7.915498169911616005e-03 9.999588051465894134e-01 -4.437107673694522074e-03 -3.626621603961494023e-02 3.571693588127383689e-02 4.151716155490901144e-03 9.993534471371783301e-01 2.519598553419794662e+00
9.984214762318669445e-01 -3.352680478805017579e-03 -5.606880172067192636e-02 -6.904089967962265262e-02 3.056703929688293821e-03 9.999809450254517618e-01 -5.364880158918298482e-03 -4.174900241962346825e-02 5.608572319602285472e-02 5.185014999403049843e-03 9.984126641537534042e-01 2.869826994603433157e+00
9.972195778142320943e-01 -3.443467496449570224e-03 -7.443409019072055877e-02 -1.172485342997365565e-01 3.049927081630009629e-03 9.999807716983257766e-01 -5.400737736257621782e-03 -4.427779405648332722e-02 7.445126349244698960e-02 5.158672019788428272e-03 9.972109401793673999e-01 3.233805277934266531e+00
9.954155703450749959e-01 -4.000372439941329329e-03 -9.556021411182161196e-02 -1.719734702500801959e-01 3.538731891880142044e-03 9.999812120165142426e-01 -5.001092308568008335e-03 -4.945179583250913780e-02 9.557843094473295054e-02 4.640005238145233565e-03 9.954110489257952388e-01 3.620970467373957558e+00
9.931439593656194997e-01 -4.827302487554825834e-03 -1.167741190267579110e-01 -2.279724660001514192e-01 4.440608025140078789e-03 9.999837632271184606e-01 -3.569690868699681996e-03 -5.534407275157210426e-02 1.167894718717789326e-01 3.026564562528870957e-03 9.931493212266897519e-01 4.004230110668768106e+00
9.911506034722401548e-01 -3.869233557096351389e-03 -1.327019623926015413e-01 -3.047981922029674440e-01 3.556581047642243948e-03 9.999903393793422302e-01 -2.593317878045730673e-03 -6.140307342455418593e-02 1.327107314940524085e-01 2.098595124185589737e-03 9.911547491154284462e-01 4.397937926041755929e+00
9.888123569805912227e-01 -1.961571051904054033e-03 -1.491612075940973448e-01 -3.872671756265716470e-01 1.649494909484483865e-03 9.999961645448521841e-01 -2.216091912437336952e-03 -6.776532157085582431e-02 1.491650025967641569e-01 1.945273557934860172e-03 9.888118417100303370e-01 4.813551027344620259e+00
9.867840104324037132e-01 -1.777189887409779540e-03 -1.620672391659504219e-01 -4.700340873656864704e-01 1.466427846307926481e-03 9.999968660656540775e-01 -2.036612986445994044e-03 -7.494608426123813838e-02 1.620703763552077403e-01 1.772133631287630632e-03 9.867835098697403939e-01 5.235224890907915096e+00
9.845392477595713565e-01 -2.696619175977525446e-03 -1.751089990682971609e-01 -5.630761179786779591e-01 2.235679140522195841e-03 9.999935206196869375e-01 -2.830414667501088104e-03 -8.088052403333864659e-02 1.751155013705040508e-01 2.395248887865881072e-03 9.845388582839501579e-01 5.672502258666620278e+00
9.827588012610865009e-01 -5.529901949362502067e-03 -1.848418399207164831e-01 -6.497449818647349495e-01 4.806392841659352065e-03 9.999789276030356389e-01 -4.360852789684419549e-03 -9.523039158438288687e-02 1.848620997109391428e-01 3.397111705193825177e-03 9.827647120652910351e-01 6.121746915930613930e+00
9.814605366599015168e-01 -4.240831720118347359e-03 -1.916242736564260085e-01 -7.497258615525450587e-01 3.170113363324752673e-03 9.999776295781273028e-01 -5.893316598784068341e-03 -1.004246717181092180e-01 1.916449888222568065e-01 5.176807006809279986e-03 9.814520415294581968e-01 6.586235933134629406e+00
9.800826999228450243e-01 -4.145654924485006262e-03 -1.985222317873494291e-01 -8.592100891239442539e-01 2.603934935171426865e-03 9.999644346119539451e-01 -8.027553493920027913e-03 -9.973018411841078068e-02 1.985484384799781898e-01 7.351017764608384908e-03 9.800585826473605655e-01 7.065154140155210705e+00
9.783824007531111144e-01 -5.425654960113786458e-03 -2.067250216048184541e-01 -9.704640671535422758e-01 3.322406984559370200e-03 9.999391403670266909e-01 -1.051873523488718563e-02 -1.130107655902868324e-01 2.067695322928996549e-01 9.604595252687196313e-03 9.783408753379922995e-01 7.555725136116240748e+00
9.766090562403635378e-01 -8.847255499170635432e-03 -2.147957899331524867e-01 -1.090209184074556470e+00 6.370885561008946506e-03 9.999051106968557256e-01 -1.221574388586884122e-02 -1.179611849534925039e-01 2.148835041350480868e-01 1.056136098501576567e-02 9.765725668808351578e-01 8.056962639968569206e+00
9.748506009298441022e-01 -1.442225773664298875e-02 -2.223866665742714466e-01 -1.202505508335861117e+00 1.161633420751647001e-02 9.998356530566164801e-01 -1.391642868832135456e-02 -1.347797194991252057e-01 2.225508415131872142e-01 1.098372898439496127e-02 9.748578181647238328e-01 8.572884395005555547e+00
9.730291986946228988e-01 -1.534511326212137546e-02 -2.301877444592984601e-01 -1.333535301301282949e+00 1.214516453342699871e-02 9.998090338095312335e-01 -1.530819449853087696e-02 -1.591297050134884428e-01 2.303787712987493408e-01 1.209968786376713554e-02 9.730296039712186262e-01 9.100698411320536252e+00
9.709557849220006309e-01 -1.175818233222019997e-02 -2.390002125180822334e-01 -1.485589100841572030e+00 7.215029155050230875e-03 9.997764341973357505e-01 -1.987841235081412583e-02 -1.557363498416295400e-01 2.391805088738546969e-01 1.757707379032935613e-02 9.708234597251157449e-01 9.632642973031146028e+00
9.691444962775260796e-01 -8.902358119341383103e-03 -2.463163079514277265e-01 -1.643692301384516163e+00 3.323365573606304815e-03 9.997287457488086559e-01 -2.305763111148094457e-02 -1.681235879036067637e-01 2.464547308546786719e-01 2.152764854402763536e-02 9.689110721292442108e-01 1.017458098917297882e+01
9.665367287582132816e-01 -1.155804491644753240e-02 -2.563290860650729308e-01 -1.801060358078353074e+00 5.393099176332392421e-03 9.996793127007055357e-01 -2.474494282785948823e-02 -1.947729161044315926e-01 2.565328326855580432e-01 2.253523359909702026e-02 9.662889104949691221e-01 1.073503076176033844e+01
9.643017220759243502e-01 -1.348943081845776180e-02 -2.645276032168990543e-01 -1.961682219103771274e+00 6.687749587189092265e-03 9.996237126651119631e-01 -2.660840843583220372e-02 -2.185177066151922642e-01 2.647869536413964831e-01 2.389011163999615189e-02 9.640290602121194263e-01 1.131345293480952563e+01
9.620539705019647281e-01 -1.319445434280029812e-02 -2.726156723519654879e-01 -2.136481815006913365e+00 5.522622227952270375e-03 9.995671237459871072e-01 -2.889666469056988499e-02 -2.381761750624160345e-01 2.728789802944769916e-01 2.629532190214117424e-02 9.617104048517798320e-01 1.189596094239364099e+01
9.598417061092062719e-01 -1.266861824758114437e-02 -2.802862774223306985e-01 -2.327508401596203758e+00 3.653546150495160742e-03 9.994596010501337613e-01 -3.267224922114051605e-02 -2.599607948911523136e-01 2.805486234760742881e-01 3.033676618702941391e-02 9.593694663468248507e-01 1.248549675853110763e+01
9.579062284078185829e-01 -1.345594787221464535e-02 -2.867738631223072376e-01 -2.517824496093267861e+00 2.821090829327182938e-03 9.992939779072039785e-01 -3.745687439721288869e-02 -2.886452438118859432e-01 2.870756006562272811e-01 3.507027680481313026e-02 9.572677840833845320e-01 1.308903235163345080e+01
9.558811076680018282e-01 -1.478452621193666883e-02 -2.933791500981984823e-01 -2.716104013646615911e+00 1.625140154147049687e-03 9.989835661861576899e-01 -4.504166141842240456e-02 -3.258203280466951957e-01 2.937468993592213806e-01 4.257790208674998300e-02 9.549334118353852707e-01 1.369849043692370039e+01
9.546665007041874595e-01 -1.517453362710784875e-02 -2.972412250039079828e-01 -2.919870010000874316e+00 -5.634288004052494985e-04 9.986059462940729547e-01 -5.279049654325140145e-02 -3.587574913499942952e-01 2.976277968804934004e-01 5.056506133548654969e-02 9.533270746387028094e-01 1.433044667896533930e+01
9.533947818565321475e-01 -1.570842633210098663e-02 -3.013603688470343767e-01 -3.134677903680622713e+00 -3.034783927948400076e-03 9.980941672276155696e-01 -6.164926054850277531e-02 -4.011707717982035959e-01 3.017539061494677877e-01 5.969274425485312369e-02 9.515300023318682410e-01 1.496649528051320921e+01
9.521870819227369331e-01 -1.518799269736248458e-02 -3.051140091698484325e-01 -3.352252899302910816e+00 -6.687159282859633964e-03 9.974882759048681047e-01 -7.053740965265101193e-02 -4.445432994333920473e-01 3.054184872947465768e-01 6.920678727284076959e-02 9.496938223748793151e-01 1.561890317129873296e+01
9.511555063190544335e-01 -1.432911691565144467e-02 -3.084253488771359075e-01 -3.578436033213420409e+00 -1.008343186304815758e-02 9.969471756407071172e-01 -7.741602071236385052e-02 -5.000267237548994270e-01 3.085933013735853714e-01 7.674417379758985414e-02 9.481072136510481085e-01 1.627749563863348214e+01
9.494905721143755972e-01 -1.243415055049575980e-02 -3.136148550542320890e-01 -3.816068941531146841e+00 -1.475617087683805083e-02 9.963400616263001774e-01 -8.421642469098548911e-02 -5.574159043805120284e-01 3.135143430303776735e-01 8.458984559212726073e-02 9.458319639155743364e-01 1.694440150065170059e+01
9.478703605908113117e-01 -1.095308270812599995e-02 -3.184617428800255445e-01 -4.062519599014554395e+00 -1.864691925313314777e-02 9.957900278627143109e-01 -8.973161082009098455e-02 -6.264376192701553991e-01 3.181041459592011122e-01 9.099122219552631396e-02 9.436754484338344406e-01 1.761981188099667861e+01
9.464983758336376063e-01 -9.820518094055161532e-03 -3.224797575143399930e-01 -4.310477782814015058e+00 -2.217968333455890353e-02 9.951935899436682442e-01 -9.539058025751494252e-02 -6.997071712907333429e-01 3.218659391282306936e-01 9.744233147394192052e-02 9.417314222269975721e-01 1.830478414088591776e+01
9.446498130597550391e-01 -6.604758582809630053e-03 -3.279988090389848177e-01 -4.574467636357208100e+00 -2.727097430269750933e-02 9.947565988347595312e-01 -9.855205654072175803e-02 -7.754126751458514377e-01 3.269300441022732207e-01 1.020412555355972861e-01 9.395164678013782078e-01 1.900559953255491052e+01
9.431178624713416614e-01 -5.757314416517413797e-03 -3.323613055671281735e-01 -4.842293788262842291e+00 -2.937032656955970364e-02 9.944979824260092860e-01 -1.005471388919750714e-01 -8.513392198004364753e-01 3.311115086378965677e-01 1.045898456392399395e-01 9.377595451554446848e-01 1.971567913601934663e+01
9.406998440224232372e-01 -5.113321978691100916e-03 -3.391298402405208967e-01 -5.116052023218252920e+00 -3.041666797540075809e-02 9.945878559629287574e-01 -9.932308826434305127e-02 -9.359757688345768933e-01 3.378017032751139404e-01 1.037505050271298190e-01 9.354531309129332506e-01 2.043930391732233076e+01
9.385392712210547383e-01 -4.811146780036371952e-03 -3.450876286424381378e-01 -5.394801685430931748e+00 -3.076522595219739753e-02 9.947573647481942061e-01 -9.751652537735666648e-02 -1.017719679879488526e+00 3.437474335635260503e-01 1.021405961472839768e-01 9.334706512850848847e-01 2.116896606849889650e+01
9.362545122579893908e-01 -4.619106525770371244e-03 -3.512342702046561960e-01 -5.681474910713840920e+00 -3.097343545660049755e-02 9.949346736192655749e-01 -9.562078769660649347e-02 -1.102592370644753794e+00 3.498961213067955933e-01 1.004073930922879387e-01 9.313691789909092078e-01 2.190611386495802293e+01
9.338504968285733510e-01 -4.793657468402280283e-03 -3.576297057838531690e-01 -5.977866525118989749e+00 -3.030386053355707543e-02 9.952542813787423892e-01 -9.248115829286136791e-02 -1.182088215075643989e+00 3.563760635898817752e-01 9.720070725490598251e-02 9.292733341088161847e-01 2.264524646618229298e+01
9.288977848069477350e-01 -1.051392680704516360e-03 -3.703381220315488109e-01 -6.297981669721069764e+00 -3.340128804824159248e-02 9.956826599131296529e-01 -8.661062020753580726e-02 -1.259935068259233848e+00 3.688305241750556296e-01 9.282138529212337341e-02 9.248520832988742502e-01 2.340841201499246083e+01
9.262507684119766216e-01 7.835257416215566772e-04 -3.769023236775188579e-01 -6.614472934880140542e+00 -3.388041267763999831e-02 9.961224802182313542e-01 -8.118493413155976335e-02 -1.341756235118885199e+00 3.753771108538764834e-01 8.796805621312439594e-02 9.226859077876391479e-01 2.415979452883765788e+01
9.226045476794262346e-01 4.246642453371707489e-03 -3.857531637088681964e-01 -6.948877273900938789e+00 -3.681779605730062244e-02 9.963439108880985939e-01 -7.709031415384688668e-02 -1.413583819047382395e+00 3.840159416034165107e-01 8.532294157909224575e-02 9.193875919428819987e-01 2.491857524206047358e+01
9.192472294282550971e-01 5.141997109612010154e-03 -3.937082031667891724e-01 -7.289168589628596706e+00 -3.775870557107511433e-02 9.964563184963801667e-01 -7.516870691734943433e-02 -1.487217690767346889e+00 3.919265671165768072e-01 8.396479534225249897e-02 9.161840548814563778e-01 2.568234332283213917e+01
9.150056638010353183e-01 6.133946011287136520e-03 -4.034126191872533518e-01 -7.639345485794235557e+00 -3.935845025207834053e-02 9.964722934758025730e-01 -7.412162024757522338e-02 -1.562478845005102368e+00 4.015357015883851410e-01 8.369421580113622916e-02 9.120189208702876860e-01 2.645464154808545487e+01
9.118216542943669012e-01 5.346875496977433230e-03 -4.105301882910754041e-01 -8.003947898090032709e+00 -3.908883362077390095e-02 9.965038348222614584e-01 -7.383177062937990032e-02 -1.627209560364964558e+00 4.086998069519414134e-01 8.337074767856023083e-02 9.088430446854044442e-01 2.722253541063604132e+01
9.078633100879129891e-01 6.908513502518465015e-03 -4.192421470007448581e-01 -8.380463277305164382e+00 -4.054012082638119852e-02 9.966255838881986628e-01 -7.137392721895846615e-02 -1.696488069898285156e+00 4.173347735943092052e-01 8.179147032368017101e-02 9.050799284077690743e-01 2.800767093908753225e+01
9.038519008869669857e-01 7.132073684374265650e-03 -4.277902163798871782e-01 -8.764659701652998791e+00 -4.040165750360209806e-02 9.968158152371880965e-01 -6.876014088470071284e-02 -1.772526343142786454e+00 4.259377660750032213e-01 7.943427184689373644e-02 9.012622941946014654e-01 2.880036320900317293e+01
9.008494644511849669e-01 7.677113789298831321e-03 -4.340736878142704702e-01 -9.160463382246485153e+00 -3.977042878088263289e-02 9.970985847605119412e-01 -6.490342381932406868e-02 -1.838106802562480269e+00 4.323159104128702079e-01 7.573230139254688575e-02 8.985412491319617612e-01 2.960507344938516638e+01
8.969140237943776794e-01 8.819623931219782234e-03 -4.420554424377799996e-01 -9.572594685456532915e+00 -3.927086051893829977e-02 9.974391089271513744e-01 -5.977376248582712270e-02 -1.891857114053734135e+00 4.403959057184432813e-01 7.097693966916512887e-02 8.949639387163069726e-01 3.042155833268249054e+01
8.943675564959282509e-01 7.424437052043980113e-03 -4.473151757946893237e-01 -9.983046131431590808e+00 -3.578407057476768599e-02 9.978452610548257384e-01 -5.499106029227401882e-02 -1.966162008812398554e+00 4.459428590545043147e-01 6.519055608672015556e-02 8.927064443816192796e-01 3.122935409175765642e+01
8.898880309482384288e-01 8.358082526255819489e-03 -4.561098347043253121e-01 -1.041881338080813535e+01 -3.630348367053727598e-02 9.979584935973823123e-01 -5.252072213747256690e-02 -2.023118345778213811e+00 4.547394888847793304e-01 6.329395415168144468e-02 8.883748103886142111e-01 3.205233391203135085e+01
8.864985176659130328e-01 7.971341770624119916e-03 -4.626619315943759081e-01 -1.086392956182284841e+01 -3.586038905838251356e-02 9.980281549418824616e-01 -5.151868059224237739e-02 -2.078336572372765811e+00 4.613390042566214433e-01 6.226253579144557654e-02 8.850362870632251244e-01 3.288350692296942412e+01
8.842882521566692855e-01 8.294063155876395949e-03 -4.668529694100502225e-01 -1.131344936305279525e+01 -3.554143086456789530e-02 9.981374442736897779e-01 -4.958284642793501368e-02 -2.133083393964806618e+00 4.655722874503137043e-01 6.043609524179607839e-02 8.829356126211548306e-01 3.371611364077968886e+01
8.804649499971013427e-01 7.795486712603889867e-03 -4.740294255473291862e-01 -1.178201230198535931e+01 -3.460310159890343101e-02 9.982548188864500682e-01 -4.785922663172075681e-02 -2.188347328103828815e+00 4.728291870506476924e-01 5.854179575546957642e-02 8.791979929191222620e-01 3.456450458980574325e+01
8.783353605857298074e-01 6.535839611937066009e-03 -4.780430335148662113e-01 -1.225886674764410245e+01 -3.332547418451796417e-02 9.983113283926569048e-01 -4.758295675938616076e-02 -2.245171234754303136e+00 4.769252940010225150e-01 5.771817304819983757e-02 8.770694222047800137e-01 3.542116276262069618e+01
8.765375194529863023e-01 5.451143238601233697e-03 -4.814134883592031677e-01 -1.274112136632063752e+01 -3.261418124586673573e-02 9.983104621253402478e-01 -4.809590311592140677e-02 -2.302033281709157109e+00 4.803381511981832941e-01 5.785591198799069912e-02 8.752342728314637110e-01 3.628676651836752853e+01
8.753745698321472313e-01 5.661879531649489060e-03 -4.833789536590536451e-01 -1.324134238823774723e+01 -3.320923910918348321e-02 9.982736720944529463e-01 -4.845181706079564748e-02 -2.355546904899359362e+00 4.822699660193607296e-01 5.846998096687455737e-02 8.740513168082938433e-01 3.715541063993654092e+01
8.755432909937463926e-01 6.910415631208425419e-03 -4.831164706101084283e-01 -1.374422132125011053e+01 -3.391444689958695441e-02 9.983103055781351598e-01 -4.717877579824569789e-02 -2.412750555436233402e+00 4.819739101131628733e-01 5.769100713733613800e-02 8.742982422075682436e-01 3.804233026135565865e+01
8.747114999235203747e-01 6.610917283531150823e-03 -4.846187633962036889e-01 -1.424806422627908198e+01 -3.277588612912163413e-02 9.984247392220952921e-01 -4.554533191037560963e-02 -2.468079741719287235e+00 4.835543202951523289e-01 5.572279987848011845e-02 8.735501598373863752e-01 3.894325469540305562e+01
8.742570312687872880e-01 5.177550921992784584e-03 -4.853927613724374202e-01 -1.476510570709000447e+01 -3.072283128525538087e-02 9.985288915623597994e-01 -4.468736737122811636e-02 -2.527190390709877388e+00 4.844472897710294101e-01 5.398306178068086603e-02 8.731299073041987047e-01 3.985865904806319548e+01
8.742486974558408841e-01 5.279329010312524412e-03 -4.853577057669560824e-01 -1.528525984178433106e+01 -3.124565595981988395e-02 9.984797383187453690e-01 -4.541970482015809246e-02 -2.580747809449250418e+00 4.843801217021008187e-01 5.487530674089204086e-02 8.730844571392323283e-01 4.077807239441020215e+01
8.727647936307217913e-01 1.513889261215653308e-03 -4.881995306824952752e-01 -1.581604817340979530e+01 -2.770838330369913491e-02 9.985364536557198578e-01 -4.643894760885922818e-02 -2.645582041292771081e+00 4.874145381355702855e-01 5.405840874738883362e-02 8.715296252492642504e-01 4.170495986243584952e+01
8.721741411620995699e-01 1.190124066631173538e-03 -4.890662204881091601e-01 -1.634879947602679806e+01 -2.595281590406663813e-02 9.987014777732345916e-01 -4.384360763653819687e-02 -2.702485942839650601e+00 4.883788921062948152e-01 5.093459855041945761e-02 8.710723896019585410e-01 4.263414822604422483e+01
8.695868423396342362e-01 1.815689515631224021e-03 -4.937081349688607346e-01 -1.689226235317637048e+01 -2.503093242667711951e-02 9.988697690746647373e-01 -4.040486327858163612e-02 -2.755439779490584495e+00 4.930768745994257851e-01 4.749211778413686691e-02 8.686492349907305455e-01 4.357293473064100908e+01
8.663484737882651832e-01 2.947405692653176732e-03 -4.994216268468780751e-01 -1.743398514172622171e+01 -2.371016358689195802e-02 9.990978224287119236e-01 -3.523565272782803320e-02 -2.810830976258624325e+00 4.988671795579023294e-01 4.236962883225424414e-02 8.656367988567231775e-01 4.450418831034380673e+01
8.634508787528721863e-01 2.318137419741185881e-03 -5.043651697700854974e-01 -1.797943136905506378e+01 -2.224517832931015640e-02 9.991917269346862751e-01 -3.348220629232746132e-02 -2.863121724940777213e+00 5.038798254286186440e-01 4.013057040996999975e-02 8.628044529901149895e-01 4.542510992167864003e+01
8.574084158066894723e-01 -9.003487493701884401e-04 -5.146034969615808086e-01 -1.853702496937050626e+01 -2.004030926895889603e-02 9.991815228294732565e-01 -3.514739608818764210e-02 -2.923149964149726276e+00 5.142138427396728551e-01 4.045329786692993673e-02 8.566887126013253972e-01 4.633886096391455567e+01
8.529376872878002835e-01 -3.428650691281320915e-03 -5.221686763577294554e-01 -1.910875636014220191e+01 -1.974521060147930648e-02 9.990508142592519070e-01 -3.882240550243121202e-02 -2.979546353188009533e+00 5.218062701980382689e-01 4.342186529986877264e-02 8.520603704469665862e-01 4.724572125756078123e+01
8.467871922530160189e-01 -2.452824259301614185e-03 -5.319048875513100461e-01 -1.969035187807492804e+01 -2.057674725521198983e-02 9.990897923952313242e-01 -3.736280877622150109e-02 -3.031377940258831227e+00 5.315124647475660824e-01 4.258323753022977970e-02 8.459659885840220550e-01 4.815804937330776880e+01
8.414887856789521337e-01 -7.675802216366001520e-04 -5.402669216644989669e-01 -2.029359706323003820e+01 -2.018322992126845433e-02 9.992562291346419601e-01 -3.286410325569177893e-02 -3.076719984311688805e+00 5.398903260172508434e-01 3.856097290508515157e-02 8.408473900287829483e-01 4.906557472962238364e+01
8.362225560998263196e-01 2.802006096897732574e-03 -5.483665731166941226e-01 -2.089715992051102234e+01 -2.185619187209074041e-02 9.993626266534196834e-01 -2.821872774432812939e-02 -3.131826701684718550e+00 5.479380349039857379e-01 3.558268055837345012e-02 8.357509316533400234e-01 4.996017822834345878e+01
8.319952776502899106e-01 2.770929115982724393e-03 -5.547743179874136121e-01 -2.149640908938162198e+01 -2.300812441654865106e-02 9.992995845641343688e-01 -2.951731817954804729e-02 -3.177571749292315673e+00 5.543041462523190521e-01 3.731960758012294044e-02 8.314762435518726624e-01 5.084985982108047153e+01
8.285657241524954086e-01 1.037000391327645580e-03 -5.598049193520612254e-01 -2.210887699251296468e+01 -2.396166659280405536e-02 9.991476937546607262e-01 -3.361470746585608349e-02 -3.225719061195472026e+00 5.592929896293284964e-01 4.126854073593168998e-02 8.278844476743566494e-01 5.173744908880721738e+01
8.260982786585946425e-01 -1.369496685988392170e-03 -5.635306817973131377e-01 -2.272759030336150943e+01 -2.585563246267380891e-02 9.988516806111485957e-01 -4.033603755912926886e-02 -3.282098431262080229e+00 5.629387562599941219e-01 4.789356870199977523e-02 8.251142706954670558e-01 5.261738597376645288e+01
8.224678626266895831e-01 -1.150577500207979487e-03 -5.687693307484621430e-01 -2.334566606881533701e+01 -2.720959306255095814e-02 9.987734424206667905e-01 -4.137465092745806067e-02 -3.339370230477692658e+00 5.681189572727162185e-01 4.951184450473302551e-02 8.214277766405710945e-01 5.349566376963714021e+01
8.208792588402142876e-01 5.334669820238707684e-04 -5.711909895244293711e-01 -2.397625321297803325e+01 -2.667039697632622719e-02 9.989443454959913149e-01 -3.739628082380018481e-02 -3.395968068503124826e+00 5.705684493127051171e-01 4.592661696299269597e-02 8.200267140956487566e-01 5.438038180078551420e+01
8.163461366272785069e-01 2.683620202842558131e-03 -5.775633696871912415e-01 -2.460891359288714142e+01 -2.557210490735537314e-02 9.991764339856952226e-01 -3.150251188570717814e-02 -3.443088719218231120e+00 5.770033744232203610e-01 4.048574477980957514e-02 8.157424735993676901e-01 5.525870435036927830e+01
8.142783799408288559e-01 4.248319718846270236e-03 -5.804843212407423403e-01 -2.524929668828980667e+01 -2.555694902693698631e-02 9.992660190668277709e-01 -2.854979135269601620e-02 -3.498923304899471898e+00 5.799373080624805610e-01 3.808076127172785319e-02 8.137890632306552519e-01 5.613403861525417682e+01
8.112746198961573452e-01 5.155877465422639347e-03 -5.847178143332744105e-01 -2.589686969427474494e+01 -2.686524147683013244e-02 9.992336497208118562e-01 -2.845949663557544376e-02 -3.538705719499149804e+00 5.841233264806250380e-01 3.879318940483502537e-02 8.107913548260852199e-01 5.700911256436479846e+01
8.067573865337641648e-01 3.390985575436229055e-03 -5.908776172778593683e-01 -2.654789001345860200e+01 -2.655425762721401808e-02 9.991811922028093207e-01 -3.051651949075655235e-02 -3.584409754747334365e+00 5.902903316037440007e-01 4.031117617698803252e-02 8.061868775965872480e-01 5.788099422912107173e+01
8.032585194327279687e-01 1.724809758375050149e-03 -5.957478288457469517e-01 -2.720073277267618295e+01 -2.606330152376431369e-02 9.991397090272858827e-01 -3.225183752049273767e-02 -3.639715691954194643e+00 5.951800066822447999e-01 4.142915677144146797e-02 8.026124002402427182e-01 5.874750193591150094e+01
8.003502070623930154e-01 7.815949716555498951e-04 -5.995835155074064060e-01 -2.786628661291370079e+01 -2.527556706044539400e-02 9.991540770172445685e-01 -3.244190397158454309e-02 -3.685605256543158958e+00 5.990513749917532049e-01 4.111576782749312708e-02 7.996926863831617105e-01 5.961415172646249516e+01
7.952437730153151252e-01 2.052148862463518358e-04 -6.063436081406750056e-01 -2.853925856090216584e+01 -2.420720065173758914e-02 9.992132495605549058e-01 -3.141006070171586950e-02 -3.733243175833028893e+00 6.058603381115479358e-01 3.965339820644762925e-02 7.946231323199126617e-01 6.046362942626737436e+01
7.914930529195519648e-01 -6.551813385454372494e-04 -6.112456094560632103e-01 -2.921117884312057100e+01 -2.322921582350247552e-02 9.992446076818570777e-01 -3.115870516828840933e-02 -3.783077245407893141e+00 6.108045516332757385e-01 3.885860198659955161e-02 7.908800523731396304e-01 6.132871558789795330e+01
7.854583553004230723e-01 -5.816892995840395762e-04 -6.188272571523051324e-01 -2.989933543063436261e+01 -2.396660830347234830e-02 9.992208632986825378e-01 -3.135537127478889297e-02 -3.835149670861730087e+00 6.183632940072882889e-01 3.946557354881489316e-02 7.848326718122715651e-01 6.219359370789260311e+01
7.799957632771679084e-01 -1.616569462358922191e-03 -6.258762790796034148e-01 -3.059857957734876877e+01 -2.354143001288990997e-02 9.992129103735880591e-01 -3.191841955927405411e-02 -3.885435571747023253e+00 6.254353139492931923e-01 3.962893342857821966e-02 7.793440683536388969e-01 6.304274562389204561e+01
7.751247521067745616e-01 -3.000469225464859422e-03 -6.316995717868018057e-01 -3.129692913803951271e+01 -2.247615532313881545e-02 9.992248785816564283e-01 -3.232431952367245676e-02 -3.933820030023843728e+00 6.313069647444303767e-01 3.925402317767338195e-02 7.744565001976472240e-01 6.388938033654049065e+01
7.701901716222036010e-01 -4.153914751774628530e-03 -6.378323349634446027e-01 -3.201686994736573411e+01 -2.230442352299010986e-02 9.991917121118448764e-01 -3.344216303816900659e-02 -3.983773285772436612e+00 6.374557744372367774e-01 3.998336917814947211e-02 7.694751590554109733e-01 6.474090047440184037e+01
7.642038135650737196e-01 -6.063295558996167726e-03 -6.447815100078969630e-01 -3.273228053699399709e+01 -2.102257238328207600e-02 9.991902793780540470e-01 -3.429574889137081140e-02 -4.036228549271477561e+00 6.444671545196136719e-01 3.976682555214837433e-02 7.634577399235411566e-01 6.559126904603770924e+01
7.581411945728036006e-01 -6.500549268350255643e-03 -6.520456918506153388e-01 -3.347353534976489442e+01 -2.042511621305189567e-02 9.992228351150803656e-01 -3.370576494754937147e-02 -4.087054176443317033e+00 6.517578851226585313e-01 3.887479553406420624e-02 7.574193527278878513e-01 6.642835791872795426e+01
7.518391301301714513e-01 -7.239654786049387787e-03 -6.592520397511210106e-01 -3.421894417363414220e+01 -1.891814466403724318e-02 9.992911470862783085e-01 -3.255632591011217020e-02 -4.136584045537298415e+00 6.590204041373859400e-01 3.695163091513952586e-02 7.511692699789853656e-01 6.726993850195641755e+01
7.468369816722365551e-01 -7.591339336200281923e-03 -6.649185391450730398e-01 -3.497307915680302415e+01 -1.791876586344662986e-02 9.993421433664804177e-01 -3.153859688657153354e-02 -4.188808922617623054e+00 6.647201569303611279e-01 3.547567415300460769e-02 7.462095406374004147e-01 6.809875711236860241e+01
7.391471322378271314e-01 -9.456781921800634996e-03 -6.736229835629428120e-01 -3.574470053430319183e+01 -1.670389906342034311e-02 9.993365924563061276e-01 -3.235473781207341692e-02 -4.240774257446709328e+00 6.734823671068274065e-01 3.515968373642029687e-02 7.384987496329542545e-01 6.892502291814098214e+01
7.327598994500688079e-01 -1.101315453352018359e-02 -6.804750629690793362e-01 -3.652091274631382589e+01 -1.607034815635917727e-02 9.993101297450140974e-01 -3.348599779760010747e-02 -4.291346873682065244e+00 6.803743927538949965e-01 3.547276438972778861e-02 7.320773001353618747e-01 6.975248901440394889e+01
7.279272834028278627e-01 -1.062136159948695591e-02 -6.855939632070324752e-01 -3.730945745470062747e+01 -1.725280011092842486e-02 9.992797679408356171e-01 -3.380394202084641836e-02 -4.341909928834277288e+00 6.854593664868385838e-01 3.643014327974793132e-02 7.272196544935862761e-01 7.057926940873687727e+01
7.225162283075713399e-01 -9.311896731779741032e-03 -6.912093145876322398e-01 -3.811274641897608007e+01 -1.749905611932454572e-02 9.993426617979689341e-01 -3.175489641118756784e-02 -4.393078264572270797e+00 6.910504666494980963e-01 3.504352848252818842e-02 7.218783187376910382e-01 7.139616065913594412e+01
7.177691627092325222e-01 -9.237275445296519796e-03 -6.962171337601401611e-01 -3.892104004514116156e+01 -1.850888768526296260e-02 9.993055359077307465e-01 -3.234106574428455977e-02 -4.443175091085734607e+00 6.960321258621926521e-01 3.610224367508074739e-02 7.170997794370835843e-01 7.221830252327831090e+01
7.129850387133276346e-01 -9.806271241907978109e-03 -7.010180698642674013e-01 -3.974483851896063413e+01 -1.849324079405885793e-02 9.992914515010584697e-01 -3.278937130194429367e-02 -4.497686982468080963e+00 7.008428209317112412e-01 3.634397856729562615e-02 7.122984809846497622e-01 7.303323798046902482e+01
7.074009724665825116e-01 -1.162814099217689134e-02 -7.066004766567459683e-01 -4.056886814446587408e+01 -1.883577256289744803e-02 9.991994133301718151e-01 -3.529739470998947276e-02 -4.552289657460184991e+00 7.064451719036914934e-01 3.828290446330825936e-02 7.066154898288562469e-01 7.384874386323635065e+01
7.038308430504044422e-01 -1.335642656312176213e-02 -7.102599269117239045e-01 -4.139491832100769386e+01 -1.890632561288804400e-02 9.991168690655445328e-01 -3.752666205039656422e-02 -4.608533774429832697e+00 7.101339038695378969e-01 3.984033048817545858e-02 7.029566405489989789e-01 7.465364169816737672e+01
6.976061222302771814e-01 -1.345283031408073607e-02 -7.163054373122583751e-01 -4.224142270361791418e+01 -1.976086822881544663e-02 9.990821265769100901e-01 -3.801425860530444067e-02 -4.661865363364219306e+00 7.161590562103943292e-01 4.067920543164141312e-02 6.966998437106657338e-01 7.546151501145375562e+01
6.926668072992695491e-01 -1.362639058293412322e-02 -7.211578795919267870e-01 -4.309318023213273108e+01 -1.856031704229989601e-02 9.991536619387985096e-01 -3.671265736693288262e-02 -4.718818250333153053e+00 7.210475697085988456e-01 3.881987167506653624e-02 6.918275090677488137e-01 7.627107423108799367e+01
6.884590436273174685e-01 -1.362646727150115984e-02 -7.250469257020851765e-01 -4.395401220792393815e+01 -1.745672026156853962e-02 9.992225224585306043e-01 -3.535424647191778846e-02 -4.778215161856008919e+00 7.249649597581762084e-01 3.699773829380409440e-02 6.876857177352581063e-01 7.707693574837954031e+01
6.842110475654273882e-01 -1.405590521810273254e-02 -7.290669282499430137e-01 -4.482943574431217115e+01 -1.750617231183342407e-02 9.992095380962028317e-01 -3.568667636836046764e-02 -4.837681438835137016e+00 7.289920933564587591e-01 3.718362461845529238e-02 6.834241876309116170e-01 7.787921926027745201e+01
6.791453332064628645e-01 -1.629144662814810754e-02 -7.337649374803536517e-01 -4.570310815569202134e+01 -1.541699773917370835e-02 9.992164061542682107e-01 -3.644871388312160426e-02 -4.893008167944294051e+00 7.337837602541308346e-01 3.606942682037181380e-02 6.783618672257253346e-01 7.867873372631316897e+01
6.738664996198800994e-01 -1.579642875498192198e-02 -7.387789976428946748e-01 -4.659625662896817744e+01 -1.513098375666802053e-02 9.992665938738625186e-01 -3.516662508544039778e-02 -4.953094713832742357e+00 7.387930954799759586e-01 3.487142601490131333e-02 6.731333550040299318e-01 7.947494207911140052e+01
6.703084267581072009e-01 -1.732349318885375439e-02 -7.418402856824984903e-01 -4.748344925865443855e+01 -1.351770083183651862e-02 9.992764599413458404e-01 -3.555122505932165750e-02 -5.004388366746677974e+00 7.419197476307053396e-01 3.385372614529939816e-02 6.695892051164956671e-01 8.027325279487513399e+01
6.676995063677407805e-01 -2.059850056657136497e-02 -7.441473242051835912e-01 -4.837898608002112866e+01 -9.951193367454428534e-03 9.992807542752725203e-01 -3.658687211548164453e-02 -5.061691268713772729e+00 7.443657239119492175e-01 3.183542558648853188e-02 6.670143067512435131e-01 8.107322210192873513e+01
6.616442076648553217e-01 -2.523105517348943685e-02 -7.494351903339461218e-01 -4.928348131060469939e+01 -6.906116943938493680e-03 9.991862492352399094e-01 -3.973297962596735594e-02 -5.124867739018871049e+00 7.498276963314447485e-01 3.146907583509817030e-02 6.609315684561977156e-01 8.186795694011993874e+01
6.573609771593916795e-01 -2.885769019406432892e-02 -7.529643445928745349e-01 -5.020655357722348100e+01 -2.883394066706759101e-03 9.991628449184688510e-01 -4.080832553863648904e-02 -5.183726879636241236e+00 7.535115448207233557e-01 2.899961688755185729e-02 6.567273752602440506e-01 8.265655211870988239e+01
6.523841714726875685e-01 -3.343975689244042121e-02 -7.572623952983216222e-01 -5.112608839793085025e+01 3.225562652335958215e-03 9.991393598973368206e-01 -4.134900186580127424e-02 -5.246003582829056988e+00 7.579938370885084264e-01 2.452713723093209383e-02 6.519308081342177763e-01 8.345016132375697282e+01
6.436708456758359898e-01 -3.740896108729562658e-02 -7.644054043489312278e-01 -5.204681830233710826e+01 8.832685460927452298e-03 9.991011412032304584e-01 -4.145778589495197064e-02 -5.313573456212885127e+00 7.652692354491034132e-01 1.993394801561379492e-02 6.434226952422107404e-01 8.423371040110586705e+01
6.343275329231072845e-01 -3.802432043451241944e-02 -7.722542199129440732e-01 -5.299344697197713572e+01 1.145071461175709536e-02 9.991418336273252265e-01 -3.979608122387533892e-02 -5.384721106948465952e+00 7.731058185867907273e-01 1.639032990639730306e-02 6.342191462516917344e-01 8.501312546704097883e+01
6.247160719977523646e-01 -3.657763498137853175e-02 -7.800078847796763082e-01 -5.395877349669857637e+01 1.245588132499069259e-02 9.992421803005862024e-01 -3.687331547141155241e-02 -5.439781451255337963e+00 7.807655941771840524e-01 1.332240624111356159e-02 6.246979013805555869e-01 8.577153839868103091e+01
6.170692960903797486e-01 -3.715753255329433402e-02 -7.859967471822215668e-01 -5.493740962231822067e+01 1.301564841953788652e-02 9.992298695252335161e-01 -3.701581422298402813e-02 -5.506751638602735532e+00 7.867669321891649359e-01 1.261073811868571384e-02 6.170776950029782659e-01 8.653065517129527962e+01
6.082853676430161061e-01 -3.796672121111552278e-02 -7.927021394471523985e-01 -5.591474519555343647e+01 1.189399734625799267e-02 9.991789971366671352e-01 -3.872180345381274341e-02 -5.564791827991551365e+00 7.935217430857203214e-01 1.412019550833452930e-02 6.082376921050826057e-01 8.727787633514633114e+01
5.969598603225499955e-01 -3.964980143168578969e-02 -8.012120443786733270e-01 -5.691406483208439226e+01 1.251900412879550055e-02 9.991168510770804811e-01 -4.010848829810720328e-02 -5.634046353256168871e+00 8.020948385173718442e-01 1.391464694488302699e-02 5.969287908243383622e-01 8.800914983174462236e+01
5.879248111402561872e-01 -4.106131624739500080e-02 -8.077846208346907142e-01 -5.792434077537109260e+01 1.225048495620731544e-02 9.990482807902478779e-01 -4.185784478254556823e-02 -5.692598695972698408e+00 8.087348652325424547e-01 1.471022438905405724e-02 5.878683120306779086e-01 8.874250780365439084e+01
5.782985012490191590e-01 -4.211931494883184440e-02 -8.148723329630056522e-01 -5.894506916830527388e+01 1.606908490739073977e-02 9.990606600064126930e-01 -4.024875127862314467e-02 -5.758874872957116864e+00 8.158022809931385622e-01 1.018431585245017229e-02 5.784322406076665146e-01 8.946306796366933156e+01
5.663358380247520696e-01 -4.289077779091284015e-02 -8.230749875055154430e-01 -5.998348235725090660e+01 1.816505685349947830e-02 9.990519733423353088e-01 -3.956519119920867689e-02 -5.827782963584851927e+00 8.239916396860637038e-01 7.458674864690074090e-03 5.665780046538784198e-01 9.016582051937439246e+01
5.569979245198445339e-01 -4.299078487201876686e-02 -8.293932393962346605e-01 -6.102435064378278895e+01 1.849348703981320424e-02 9.990538064787068961e-01 -3.935742367406490361e-02 -5.894245020744901531e+00 8.303007995638460592e-01 6.582601753673348113e-03 5.572657586254722295e-01 9.086589770355469398e+01
5.475844529200913913e-01 -4.316535964015699722e-02 -8.356934067813771572e-01 -6.208103532873263930e+01 1.709346207090785622e-02 9.990369244031431784e-01 -4.039189607743385452e-02 -5.959636048031876854e+00 8.366332200447462730e-01 7.823288354806997441e-03 5.477952410239336212e-01 9.154335216737061387e+01
5.368715874238505492e-01 -4.411387256414617264e-02 -8.426289281029202272e-01 -6.316096638259220697e+01 1.651922063758097525e-02 9.989902102111555271e-01 -4.177671539740393514e-02 -6.028002809824799968e+00 8.436212283140790413e-01 8.512723431464750898e-03 5.370581075506936086e-01 9.221930847353715421e+01
5.276733376107062279e-01 -4.553036729024227680e-02 -8.483258948520639997e-01 -6.423606320007102966e+01 1.587438238238614296e-02 9.989165614065644849e-01 -4.373530577516428902e-02 -6.094633447516050850e+00 8.493987149557691296e-01 9.608489171112575070e-03 5.278245521050133338e-01 9.287505934011369391e+01
5.168052500078242906e-01 -4.469843589995755456e-02 -8.549085035488559470e-01 -6.532576346437983261e+01 1.412962015767555736e-02 9.989458231440392355e-01 -4.367949001689661048e-02 -6.170176400107438397e+00 8.559591305546293549e-01 1.050505128685452760e-02 5.168912913500898210e-01 9.352062092448616681e+01
