1.0 0.0 0.0 0.0 0.0 1.0 0.0 0.0 0.0 0.0 1.0 0.0
0.9999335 0.011477499 0.0011496 0.30615234 -0.011474221 0.9999302 -0.0028204573 -0.008911133 -0.001181882 0.002807085 0.99999535 0.0031738281
0.99984944 0.01729282 0.0014516341 0.5900879 -0.017284743 0.999836 -0.0054044914 -0.022583008 -0.0015448204 0.0053785895 0.9999843 0.009277344
0.9998034 0.019828452 0.00040377345 0.8922119 -0.019824611 0.9997719 -0.007963855 -0.037597656 -0.00056149956 0.00795429 0.99996823 0.0072021484
0.99983996 0.017857362 -0.000968913 1.2000732 -0.017865758 0.99979526 -0.009491178 -0.037719727 0.0007991917 0.009506975 0.9999545 0.006958008
0.9999405 0.010710621 -0.0020874243 1.5179443 -0.010734189 0.9998749 -0.011625251 -0.041503906 0.0019627071 0.011646964 0.99993026 0.009887695
0.999991 -0.0010471469 -0.0041184095 1.8421631 0.0009933638 0.9999144 -0.013044304 -0.037475586 0.0041317185 0.0130400965 0.9999064 0.017822266
0.99982864 -0.018047594 -0.0041223285 2.1724854 0.017995551 0.9997621 -0.01232693 -0.020996094 0.0043438193 0.012250625 0.9999155 0.016235352
0.99935526 -0.0356303 -0.0044498276 2.5195312 0.035592534 0.9993321 -0.00829725 0.008056641 0.004742463 0.008133542 0.99995565 0.018554688
0.99841386 -0.056021243 -0.0056323446 2.869995 0.056000832 0.998424 -0.0037189072 0.044555664 0.0058318162 0.0033976582 0.99997723 0.021728516
0.9972126 -0.07438612 -0.0057462635 3.234375 0.0743642 0.99722296 -0.003938441 0.0859375 0.006023315 0.0035001845 0.99997574 0.022216797
0.99541354 -0.095513254 -0.0053870734 3.6221924 0.09548869 0.9954196 -0.004647743 0.1328125 0.0058063297 0.004112138 0.99997467 0.025390625
0.9931531 -0.116730414 -0.003931298 4.0063477 0.11670746 0.99314755 -0.0056334543 0.1809082 0.004562088 0.005135826 0.9999764 0.029663086
0.9911583 -0.13266413 -0.0031168505 4.400879 0.13264842 0.9911537 -0.0047964766 0.25170898 0.0037253762 0.004340716 0.99998367 0.034057617
0.98881406 -0.14913125 -0.0030773454 4.817383 0.1491221 0.9888156 -0.0030147072 0.32800293 0.0034924792 0.002522137 0.9999907 0.03845215
0.98678577 -0.16203862 -0.00299464 5.239868 0.16202998 0.9867874 -0.002930639 0.40563965 0.0034297442 0.002406716 0.99999124 0.0435791
0.9845423 -0.17507316 -0.0037099204 5.6779785 0.17505857 0.984544 -0.0039514476 0.4934082 0.0043444294 0.0032409988 0.99998534 0.04711914
0.98277164 -0.18479459 -0.004783975 6.1279297 0.18476008 0.9827658 -0.0068600606 0.5756836 0.0059691924 0.0058578104 0.999965 0.05871582
0.9814574 -0.19157347 -0.0066074054 6.5928955 0.19153817 0.9814704 -0.0056221066 0.6726074 0.0075617526 0.0042522512 0.9999624 0.061157227
0.98006374 -0.19846278 -0.008828033 7.0722656 0.19841918 0.98009646 -0.0055785608 0.77893066 0.009759359 0.0037159063 0.9999455 0.057495117
0.9783476 -0.2066607 -0.01113911 7.5634766 0.20659314 0.9784008 -0.0069209486 0.88635254 0.012328731 0.0044695814 0.999914 0.06762695
0.9765841 -0.21474685 -0.012156163 8.06543 0.2146275 0.9766307 -0.010406945 1.0021973 0.0141073605 0.007553488 0.99987197 0.06970215
0.97487754 -0.22237648 -0.0126397265 8.582153 0.22216791 0.97487515 -0.016043745 1.1104736 0.015889172 0.012831844 0.9997914 0.083496094
0.97305113 -0.23019166 -0.013808698 9.11084 0.2299513 0.9730571 -0.01702948 1.2376709 0.017356303 0.013394403 0.9997596 0.10498047
0.9708392 -0.23898076 -0.019336235 9.643311 0.23875003 0.9709946 -0.0135059655 1.3861084 0.022002477 0.008496544 0.9997219 0.09777832
0.96892196 -0.24624799 -0.023328025 10.185913 0.24605884 0.9691917 -0.010704461 1.5408936 0.025245534 0.004632036 0.9996707 0.10681152
0.9663042 -0.25630412 -0.024404902 10.747559 0.25604016 0.9665889 -0.013443637 1.6934814 0.027033763 0.006743385 0.99961185 0.13049316
0.9640476 -0.26453856 -0.02581545 11.327026 0.26421064 0.9643593 -0.015443079 1.8499756 0.028979748 0.008070564 0.9995476 0.15112305
0.9617283 -0.27261835 -0.02827058 11.910522 0.27228183 0.9621187 -0.015213656 2.020874 0.03134557 0.0069360677 0.99948454 0.16760254
0.9593857 -0.2802671 -0.032358274 12.500977 0.27992523 0.95991737 -0.014746916 2.20813 0.03519383 0.005092856 0.9993677 0.18579102
0.95728433 -0.28676084 -0.037133135 13.105347 0.28636912 0.9579951 -0.015581626 2.3948975 0.04004149 0.0042796917 0.99918854 0.21044922
0.9549504 -0.29337868 -0.04468363 13.715576 0.29290494 0.95599055 -0.01695268 2.5894775 0.047690034 0.0030992765 0.99885714 0.24267578
0.9533425 -0.29720867 -0.052694626 14.348022 0.29670268 0.9547968 -0.017359462 2.7905273 0.055473596 0.0009149271 0.99846023 0.2705078
0.9515437 -0.30127627 -0.061847992 14.984619 0.30074787 0.9535493 -0.017909028 3.0024414 0.064368956 -0.00155203 0.99792594 0.30749512
0.94970363 -0.30488673 -0.07138243 15.637573 0.3044344 0.9523667 -0.017399944 3.2172852 0.07328828 -0.0052017663 0.99729884 0.3453369
0.948113 -0.3080218 -0.0789369 16.296875 0.30769685 0.95135534 -0.016552376 3.440796 0.08019386 -0.0085939905 0.99674153 0.3959961
0.94583154 -0.31290877 -0.08680779 16.964722 0.3128448 0.94971234 -0.014684916 3.675171 0.0870381 -0.013255764 0.9961187 0.4486084
0.9436698 -0.31747118 -0.0932329 17.641235 0.31765768 0.9481111 -0.013231921 3.918335 0.09259543 -0.017135438 0.9955549 0.51330566
0.94172114 -0.3212028 -0.09970339 18.32727 0.32163838 0.94675803 -0.012119581 4.163208 0.09828883 -0.020660393 0.9949442 0.5821533
0.93949777 -0.32626212 -0.10432564 19.029419 0.32715324 0.9449238 -0.008942452 4.423706 0.10149693 -0.025735948 0.9945013 0.6542969
0.93773764 -0.33043614 -0.10689661 19.740845 0.33150533 0.9434017 -0.008128773 4.6882324 0.10353295 -0.027822062 0.99423605 0.7270508
0.935429 -0.33713984 -0.10609448 20.466309 0.3382872 0.94098693 -0.007550411 4.9577637 0.10237707 -0.02884293 0.9943249 0.8095703
0.93344533 -0.3431009 -0.104518004 21.197754 0.34426072 0.93882686 -0.0073086144 5.232544 0.10063186 -0.029168352 0.9944951 0.8894043
0.9313429 -0.349265 -0.10281925 21.936768 0.35042307 0.9365424 -0.007179466 5.5151367 0.09880008 -0.029353011 0.9946731 0.9724121
0.92924744 -0.35576674 -0.09964949 22.677856 0.35684156 0.9341347 -0.007423375 5.807373 0.095728934 -0.028657572 0.99499595 1.0505371
0.9248172 -0.3682771 -0.095332325 23.443848 0.36961958 0.9291767 -0.0038151424 6.12146 0.089986846 -0.031706743 0.99543864 1.1279297
0.9226475 -0.37486652 -0.09051158 24.197388 0.37623793 0.9265189 -0.0020567933 6.433838 0.08463031 -0.03215831 0.99589276 1.2092285
0.9193403 -0.38354605 -0.08790697 24.958496 0.3851429 0.9228683 0.0013127155 6.76355 0.080624685 -0.035063278 0.9961274 1.2801514
0.91613334 -0.39147374 -0.08658944 25.724487 0.39311832 0.9195115 0.0021260048 7.099243 0.07878701 -0.035977285 0.99624276 1.3521729
0.9119635 -0.40109527 -0.086367354 26.499268 0.40283674 0.9152749 0.0030202486 7.444214 0.0778423 -0.03754705 0.99625844 1.4255371
0.9087879 -0.40826002 -0.08608224 27.269287 0.40995097 0.91209537 0.002160609 7.8044434 0.07763102 -0.03725632 0.99628526 1.4882812
0.9050194 -0.4169172 -0.08454451 28.056885 0.4186918 0.90813625 0.003629909 8.176147 0.075266 -0.038679942 0.9964132 1.5562744
0.9012002 -0.42553836 -0.082230255 28.852173 0.42726132 0.9041223 0.003759818 8.55542 0.07274739 -0.03851473 0.99660754 1.6311035
0.8984781 -0.43194252 -0.07855925 29.65918 0.4335783 0.90111077 0.004230712 8.947144 0.06896207 -0.03786154 0.99690044 1.6959229
0.89489836 -0.44005796 -0.07384156 30.478271 0.44160742 0.89716256 0.0052780807 9.354736 0.06392324 -0.037334632 0.99725616 1.7493896
0.89264697 -0.4456292 -0.06808522 31.288452 0.44689554 0.8946 0.003814237 9.76123 0.059206676 -0.033826932 0.9976723 1.8233643
0.8883118 -0.4544445 -0.06622898 32.114136 0.45571515 0.8901174 0.004650302 10.192139 0.05683515 -0.034321763 0.9977921 1.8792725
0.8849735 -0.46104935 -0.06522934 32.94763 0.46227217 0.88672775 0.004191335 10.633057 0.055908788 -0.033861894 0.9978617 1.9329834
0.88287216 -0.46529534 -0.063422106 33.782227 0.4664803 0.88451254 0.0044647707 11.079224 0.0540217 -0.03353063 0.9979766 1.9865723
0.87913567 -0.47256136 -0.061562203 34.63318 0.47366664 0.8806861 0.003884427 11.543335 0.05238262 -0.03257383 0.998096 2.0406494
0.8770106 -0.4766557 -0.060759723 35.49182 0.47767395 0.87855667 0.0025796918 12.016724 0.052155122 -0.031286743 0.99814886 2.0958252
0.87517786 -0.48006266 -0.06091504 36.359253 0.48103303 0.87676203 0.0014590062 12.495728 0.052708328 -0.030568723 0.99814236 2.1507568
0.87399334 -0.48199332 -0.061536845 37.229492 0.48299688 0.8756022 0.0016490829 12.993286 0.0530864 -0.031160964 0.99810404 2.2025146
0.8742371 -0.48170826 -0.060754575 38.117676 0.48275262 0.87576646 0.0028988477 13.494263 0.0518087 -0.031864706 0.99814826 2.2584229
0.8734911 -0.48329723 -0.05879408 39.020264 0.4842658 0.8749281 0.0025783095 13.995483 0.050195083 -0.030720547 0.9982672 2.3125
0.8730764 -0.4841909 -0.057060786 39.937256 0.48503724 0.8744689 0.0011322375 14.51001 0.04935048 -0.028664647 0.9983705 2.3701172
0.87302995 -0.4841199 -0.057952315 40.85791 0.48499703 0.8744639 0.0012362447 15.028076 0.05008153 -0.029188909 0.99831903 2.4216309
0.8714867 -0.4871377 -0.057156317 41.786743 0.48780608 0.8729823 -0.0025613378 15.55542 0.051140364 -0.025646234 0.9983618 2.484375
0.8710328 -0.48811603 -0.054036878 42.71765 0.48869118 0.8723804 -0.0029026626 16.085693 0.048559345 -0.023885781 0.99853486 2.5404053
0.86860967 -0.4928359 -0.05061434 43.658813 0.4933641 0.8697809 -0.0023358767 16.625488 0.045176633 -0.022949364 0.9987153 2.5927734
0.86559695 -0.49865913 -0.045515474 44.592773 0.49912557 0.86652315 -0.0012788014 17.163208 0.040077116 -0.02160956 0.998963 2.6481934
0.86276776 -0.5036803 -0.043299 45.516113 0.50407857 0.86361915 -0.0019683691 17.704834 0.038385168 -0.020132974 0.99906015 2.699463
0.8566608 -0.513997 -0.043671273 46.433228 0.51428187 0.85758543 -0.005300974 18.256592 0.040176183 -0.0179127 0.99903244 2.7574463
0.85203713 -0.5215632 -0.04667643 47.342773 0.52180076 0.853133 -0.0079075005 18.823486 0.04394152 -0.01760999 0.9988787 2.8112793
0.84593904 -0.5312814 -0.04587444 48.258545 0.5315541 0.8469817 -0.007046235 19.39978 0.04259865 -0.01842576 0.9989222 2.8623047
0.8408176 -0.53968924 -0.041882347 49.169434 0.5399622 0.84166694 -0.0054668565 19.998291 0.038202517 -0.018013751 0.9991079 2.908081
0.83571064 -0.54777193 -0.038928624 50.067383 0.54812133 0.83638567 -0.0019988478 20.59729 0.033653382 -0.01966935 0.9992398 2.963745
0.83143336 -0.5541313 -0.040689554 50.959717 0.554518 0.8321681 -0.0021017045 21.192383 0.035028696 -0.020815883 0.99916965 3.0080566
0.8278427 -0.5590942 -0.044659503 51.84961 0.5595043 0.8287603 -0.003887074 21.801025 0.03918688 -0.02177089 0.9989948 3.053955
0.82507336 -0.5626983 -0.051302195 52.731445 0.56316066 0.8263275 -0.0063225618 22.41626 0.04595037 -0.023670875 0.99866337 3.1072998
0.82138336 -0.5678741 -0.05293838 53.612305 0.56839204 0.82270634 -0.006163154 23.030518 0.047052037 -0.025021717 0.9985794 3.1634521
0.8199798 -0.5703492 -0.04935964 54.499268 0.57085603 0.8211 -0.0045158323 23.658325 0.043104593 -0.024473595 0.99877053 3.2207031
0.8156927 -0.57682115 -0.043937426 55.38086 0.5772887 0.81654114 -0.0024557349 24.286987 0.037293773 -0.023361268 0.9990312 3.269165
0.81373584 -0.5797745 -0.04153998 56.258545 0.58024305 0.8144608 -0.00093196984 24.924438 0.034378044 -0.02333911 0.9991368 3.3254395
0.81073314 -0.5839632 -0.042265218 57.135986 0.5844828 0.8114604 -7.448904e-05 25.568726 0.03433871 -0.024644013 0.9991061 3.364746
0.8061323 -0.5901157 -0.04380659 58.010742 0.5906142 0.80695516 -0.0019122718 26.215576 0.036475226 -0.024332713 0.999038 3.4093018
0.80256194 -0.594993 -0.0449441 58.879883 0.59545934 0.803466 -0.0036356281 26.864624 0.038273398 -0.023841029 0.99898267 3.463623
0.79964554 -0.5988617 -0.04464461 59.749023 0.59928703 0.8005592 -0.0046277596 27.526855 0.038514752 -0.023052068 0.9989922 3.5091553
0.7945789 -0.60567546 -0.043204907 60.601807 0.60605097 0.79544926 -0.0052922573 28.195557 0.03757255 -0.021979276 0.999052 3.5570068
0.79083943 -0.61061966 -0.042427056 61.469727 0.6109489 0.7916979 -0.0062163123 28.86377 0.037386887 -0.02099923 0.99908036 3.6066895
0.7847897 -0.6181782 -0.043055713 62.338135 0.6185288 0.7856689 -0.0062392103 29.547363 0.037682284 -0.021736355 0.9990533 3.6585693
0.77930385 -0.625246 -0.043242406 63.190674 0.62556595 0.7802116 -0.0073633087 30.242188 0.03833831 -0.021310253 0.99903727 3.7087402
0.77442145 -0.63111365 -0.04288558 64.04053 0.63137645 0.7753436 -0.00882487 30.936523 0.038824715 -0.020246953 0.9990411 3.75708
0.7694428 -0.6372553 -0.04363449 64.89526 0.63749224 0.7704173 -0.0100560635 31.652344 0.040024213 -0.020076828 0.998997 3.8068848
0.76343244 -0.64426 -0.04343894 65.74927 0.6444215 0.7644365 -0.012058934 32.36328 0.040974952 -0.018799238 0.9989829 3.859253
0.7573962 -0.651554 -0.042567093 66.59009 0.65168685 0.758373 -0.0125939865 33.100098 0.0404839 -0.018202513 0.99901414 3.9107666
0.7511513 -0.65882224 -0.040662847 67.43555 0.6588968 0.7520653 -0.013434654 33.841064 0.039436202 -0.016697668 0.9990829 3.9611816
0.7461947 -0.6645274 -0.03920098 68.26782 0.66456854 0.74705833 -0.013866502 34.59131 0.038498428 -0.01570018 0.9991356 4.0144043
0.7384915 -0.6732842 -0.038909063 69.09839 0.6732535 0.73937434 -0.015850674 35.35791 0.03943668 -0.014491833 0.99911666 4.0668945
0.7320755 -0.68016946 -0.03923907 69.92969 0.6800857 0.73299503 -0.017501952 36.12976 0.04066558 -0.013866838 0.9990768 4.11792
0.727214 -0.68525434 -0.04020538 70.759766 0.68520415 0.728169 -0.017180216 36.914673 0.04105387 -0.015055544 0.9990437 4.1693115
0.72186863 -0.6908583 -0.03882636 71.58032 0.69084376 0.7227497 -0.015953928 37.714233 0.03908477 -0.015305925 0.99911886 4.22229
0.71708727 -0.6958379 -0.039894316 72.40576 0.6958469 0.7180104 -0.015947687 38.51892 0.03974012 -0.01632242 0.9990768 4.2733154
0.7122875 -0.7006465 -0.040144816 73.22412 0.7006401 0.7132311 -0.016585696 39.33911 0.040258083 -0.016314786 0.9990564 4.3289795
0.70660836 -0.7062353 -0.042095974 74.04321 0.7061901 0.70766485 -0.018484155 40.15918 0.042846452 -0.016669707 0.9989427 4.384033
0.70295393 -0.70991176 -0.04366311 74.851074 0.7098202 0.7041095 -0.020261155 40.981934 0.04512804 -0.01674842 0.9988409 4.440918
0.69669515 -0.71593565 -0.044510353 75.66284 0.7158606 0.6978928 -0.020444978 41.824463 0.045703046 -0.017614594 0.99880016 4.4956055
0.6918266 -0.72083145 -0.042658687 76.476074 0.7207217 0.6929456 -0.02069382 42.672607 0.0444748 -0.016420348 0.9988758 4.5545654
0.68768793 -0.7247565 -0.04084083 77.2854 0.7246211 0.6887293 -0.020756967 43.53015 0.04317707 -0.015323341 0.99895006 4.616089
0.6834275 -0.7287824 -0.041032407 78.091064 0.72863525 0.68448544 -0.021246165 44.40222 0.04356927 -0.015381367 0.9989318 4.677246
0.6783774 -0.7335695 -0.039928097 78.89429 0.7333121 0.6794214 -0.023554908 45.272217 0.04440565 -0.013303331 0.9989248 4.734131
0.6731486 -0.7385867 -0.038735323 79.694336 0.738339 0.67413664 -0.023137586 46.161743 0.04319875 -0.013025435 0.99898124 4.796631
0.66961354 -0.74171114 -0.03772261 80.49585 0.7413869 0.67057824 -0.024715006 47.0459 0.04363388 -0.011421296 0.9989823 4.8497314
0.6670583 -0.7441503 -0.035713382 81.29883 0.74366397 0.66796744 -0.028029539 47.938477 0.04471111 -0.007861837 0.99896884 4.9086914
0.6609982 -0.7495954 -0.035360806 82.09766 0.7488959 0.6619257 -0.032744646 48.838867 0.047943767 -0.004834977 0.9988381 4.9729004
0.6568169 -0.7532732 -0.032900672 82.88989 0.75239223 0.65763986 -0.036432795 49.758545 0.049081724 -0.0008246014 0.99879444 5.0336914
0.6520527 -0.7577522 -0.028441906 83.6875 0.7566553 0.6526515 -0.041090637 50.674316 0.049698822 0.0052725505 0.99875015 5.0980225
0.6435752 -0.7650286 -0.02385984 84.47632 0.76377034 0.64392585 -0.045184284 51.590332 0.04993002 0.010856796 0.99869365 5.1678467
0.6343843 -0.77287704 -0.020320617 85.26123 0.7716273 0.634567 -0.04593267 52.532227 0.048396233 0.013453061 0.9987372 5.2420654
0.6248646 -0.78055525 -0.017249383 86.02515 0.77941275 0.6249363 -0.044620316 53.493164 0.04560029 0.0144349355 0.9988553 5.3009033
0.6172502 -0.7865588 -0.016537838 86.78906 0.7853959 0.6172902 -0.04530176 54.467773 0.045841288 0.014971901 0.99883646 5.3707275
0.6084117 -0.79330873 -0.018046238 87.54126 0.79208165 0.6085225 -0.046221767 55.440918 0.04765604 0.013820709 0.99876785 5.4311523
0.5971135 -0.8018796 -0.017839994 88.278564 0.8005684 0.59720635 -0.04805088 56.435303 0.049185097 0.014408158 0.99868566 5.503174
0.5880594 -0.808515 -0.018633407 89.01709 0.807117 0.58818555 -0.04957552 57.441406 0.051044982 0.014107399 0.99859643 5.564453
0.5786427 -0.81559455 -0.014105214 89.74341 0.81420946 0.57853764 -0.05076547 58.457764 0.04956116 0.017897079 0.99861103 5.6347656
0.56680226 -0.82379264 -0.011370244 90.45264 0.8224113 0.5665651 -0.05169137 59.491455 0.04902421 0.019951127 0.99859846 5.7076416
0.55749476 -0.8301069 -0.010484833 91.1582 0.8287297 0.55722594 -0.05190913 60.52832 0.048928265 0.02024565 0.9985968 5.777954
0.5480232 -0.8364385 -0.011715583 91.841064 0.8350197 0.5478258 -0.052197795 61.581055 0.0500721 0.018809214 0.9985676 5.847046
0.53729093 -0.8434248 -0.012393795 92.52295 0.84193707 0.537126 -0.0532757 62.65674 0.051580857 0.018191963 0.99850297 5.9191895
0.5280632 -0.84919775 -0.013479376 93.18408 0.8476084 0.5279451 -0.05480034 63.728027 0.053643312 0.017507661 0.9984062 5.989502
0.51712424 -0.85576236 -0.014356187 93.83569 0.8541961 0.517085 -0.054097157 64.81372 0.053708393 0.015717832 0.9984331 6.06958
0.5088125 -0.8608612 -0.01328033 94.48389 0.8594267 0.5087652 -0.05187699 65.90405 0.051416963 0.014978163 0.99856466 6.140381
0.5021715 -0.86474687 -0.010305048 95.12866 0.8634405 0.502012 -0.050235033 67.01172 0.048610676 0.0163226 0.99868417 6.213135
0.49195057 -0.87065583 -0.009508427 95.75073 0.8693159 0.4917525 -0.051159397 68.13037 0.049202453 0.016901638 0.9986458 6.2852783
0.48557293 -0.8741689 -0.00901722 96.375244 0.872734 0.48532435 -0.053174242 69.25415 0.050873253 0.017946154 0.9985439 6.3598633
0.47863835 -0.87789845 -0.0077183433 96.99243 0.8763274 0.47827667 -0.05621677 70.36792 0.053057566 0.020131875 0.9983881 6.436157
0.47262624 -0.88126373 -0.0071642045 97.59619 0.87949806 0.47216648 -0.059942193 71.5 0.05621714 0.02202548 0.99817556 6.512207
0.46881828 -0.88332325 -0.0067698867 98.19824 0.8813885 0.46827418 -0.06299487 72.63843 0.058822155 0.02356306 0.9979903 6.5959473
0.4621182 -0.886713 -0.0047196276 98.79126 0.88481814 0.46146688 -0.06308945 73.76953 0.05812776 0.024972692 0.9979965 6.685669
0.458021 -0.88876504 0.00025094266 99.38379 0.88712364 0.4571576 -0.060867608 74.91284 0.054002177 0.028102843 0.9981454 6.768799
0.45667014 -0.8895668 0.0062414026 99.96753 0.88812226 0.45550263 -0.060586628 76.04761 0.05107208 0.033216305 0.9981427 6.8463135
0.4521519 -0.8917745 0.0074960906 100.545166 0.89046913 0.4509974 -0.058531497 77.18213 0.048829347 0.033151884 0.99825734 6.922119
0.44759646 -0.89418757 0.009122217 101.11133 0.8929444 0.44637972 -0.058255427 78.31348 0.048013426 0.03422749 0.99826044 7.005005
0.4486907 -0.89348215 0.012231817 101.67676 0.8923933 0.4473593 -0.057345375 79.4436 0.04576252 0.036651213 0.99828005 7.0759277
0.44364154 -0.8960973 0.014741172 102.23486 0.8951213 0.44222444 -0.056751348 80.55859 0.04433815 0.03837324 0.9982794 7.1436768
0.4441545 -0.8957222 0.016874885 102.78296 0.8947999 0.44261524 -0.057454117 81.68555 0.043994527 0.040614434 0.99820554 7.2163086
0.4401083 -0.89770216 0.019273713 103.32666 0.8968871 0.43848208 -0.05711552 82.7876 0.042832922 0.0424232 0.9981811 7.2855225
0.440148 -0.8977844 0.022556594 103.87134 0.8971486 0.43842158 -0.056276225 83.89746 0.040630735 0.045010213 0.99816036 7.3502197
0.43761125 -0.89884543 0.026164696 104.40796 0.89835936 0.43572664 -0.05660745 84.99536 0.039476708 0.048281167 0.99805385 7.415283
0.43554273 -0.89983386 0.027344704 104.92871 0.8994083 0.43362412 -0.05637862 86.07495 0.038868908 0.049125772 0.998035 7.4797363
0.43351927 -0.9006953 0.028454982 105.44458 0.9002693 0.43148974 -0.05771937 87.139404 0.039726213 0.050642055 0.99792635 7.543335
0.43504548 -0.89995 0.02800214 105.95752 0.8994619 0.43298003 -0.058792133 88.208496 0.040784307 0.050776817 0.9978778 7.610962
0.4339933 -0.9005696 0.026084315 106.453125 0.8999983 0.43202594 -0.05841783 89.25464 0.041338243 0.04882894 0.9979515 7.673462
0.43654495 -0.8991497 0.02387547 106.95068 0.8984684 0.43465686 -0.058668565 90.30371 0.04237622 0.04707956 0.9979927 7.7385254
0.44164866 -0.89694977 0.021471528 107.44165 0.8961795 0.43987298 -0.0583664 91.32495 0.042901006 0.045006167 0.99806434 7.803589
0.4452133 -0.89523894 0.01958877 107.94385 0.8943952 0.4435184 -0.058297344 92.34546 0.04350274 0.043459184 0.9981067 7.865967
0.45308253 -0.8914405 0.017746497 108.45239 0.89053714 0.45146468 -0.058203734 93.367676 0.043862015 0.042164125 0.998147 7.928833
0.45941713 -0.88804054 0.016458089 108.95459 0.8871738 0.45792335 -0.056382455 94.374756 0.04254502 0.040502913 0.998273 7.9906006
0.46619233 -0.8844362 0.015340662 109.46948 0.8835882 0.4647887 -0.055152066 95.36597 0.04165612 0.0392694 0.99836 8.0448
0.47741976 -0.87856793 0.015147681 110.000244 0.8777672 0.47604874 -0.054246612 96.35742 0.04045583 0.03919687 0.9984123 8.105957
0.4860565 -0.8738089 0.01369213 110.52246 0.872981 0.48475143 -0.053853527 97.33008 0.04043163 0.038132444 0.99845445 8.16748
0.49532852 -0.8685003 0.011957256 111.06885 0.867569 0.49403906 -0.05510412 98.29712 0.041951995 0.037672915 0.99840933 8.223633
0.5054458 -0.8626929 0.00800336 111.6189 0.8615691 0.5042624 -0.056554943 99.25049 0.04475533 0.03549545 0.9983681 8.284058
0.51594305 -0.8566848 0.0047360654 112.173096 0.855488 0.5149129 -0.05597449 100.198975 0.04551032 0.032928467 0.99842095 8.341431
0.52944285 -0.8482249 0.0016842866 112.74756 0.8470337 0.528592 -0.05405455 101.14087 0.044974465 0.030045114 0.99853617 8.3967285
0.5418731 -0.8405396 0.0011311928 113.33008 0.8394465 0.54109865 -0.05173476 102.06543 0.04286813 0.028984003 0.9986603 8.461792
0.55367595 -0.8326601 0.0007755952 113.931885 0.83165157 0.5529587 -0.0497334 102.98682 0.040985484 0.028190508 0.99876255 8.518066
0.56531644 -0.8248551 0.00038825814 114.53247 0.82389563 0.56463623 -0.048476186 103.8833 0.039774965 0.027719289 0.9988238 8.574463
0.5765705 -0.8170551 -0.0005419636 115.141846 0.81610155 0.5759293 -0.04793065 104.76343 0.039467562 0.027198404 0.998851 8.627686
0.5883106 -0.808653 -0.0017809798 115.77002 0.80763185 0.5876759 -0.049006592 105.63599 0.040661123 0.027395068 0.9987975 8.6813965
0.59906906 -0.80067414 -0.00061819004 116.39624 0.79961836 0.598318 -0.050890803 106.47461 0.041118395 0.029999295 0.9987041 8.735718
0.6103177 -0.7922464 -0.00093134516 117.036865 0.7912041 0.6095744 -0.050578862 107.31201 0.040631548 0.030129863 0.9987196 8.793213
0.6203743 -0.7843751 -0.00093457615 117.684326 0.78342414 0.6196801 -0.048505835 108.14307 0.038620573 0.029357413 0.9988224 8.847168
0.6301387 -0.77647585 0.0011658027 118.32251 0.77569574 0.629437 -0.0457833 108.94629 0.03481678 0.029752225 0.99895054 8.896851
0.64011854 -0.76837116 0.00059148436 118.979004 0.7676353 0.6394715 -0.04426006 109.74341 0.033623446 0.028782515 0.9990198 8.949951
0.6495195 -0.76031697 -0.0026381458 119.61963 0.75954777 0.6490111 -0.042847455 110.51538 0.034295578 0.025825031 0.99907786 8.996216
0.6581778 -0.7527354 -0.0056579676 120.27905 0.7519284 0.65778756 -0.041960698 111.278076 0.035306837 0.023367073 0.9991034 9.045654
0.6695641 -0.7428759 -0.006279689 120.94653 0.74210817 0.6692151 -0.04057275 112.02832 0.034341004 0.022507662 0.99915665 9.090454
0.6766774 -0.73623633 -0.005578475 121.6062 0.7355336 0.67632854 -0.039206665 112.75635 0.03263875 0.022427486 0.99921554 9.136963
0.6858596 -0.72764766 -0.004346686 122.27832 0.72701716 0.68549186 -0.037950095 113.47534 0.030598901 0.022872007 0.9992701 9.178711
0.6948782 -0.7190809 -0.003844734 122.95532 0.7184761 0.6944953 -0.03763863 114.18652 0.029730013 0.023391455 0.99928415 9.222412
0.70169604 -0.7124581 -0.0044774767 123.619385 0.71187514 0.7013518 -0.03651815 114.86963 0.029153652 0.022436868 0.99932307 9.262573
0.70916784 -0.70494044 -0.005474952 124.302246 0.7043771 0.7088748 -0.035207886 115.55078 0.028700456 0.021112103 0.99936503 9.303345
0.71623117 -0.69784623 -0.0045021125 124.968994 0.6973957 0.7159746 -0.03187602 116.2146 0.025469393 0.019691948 0.9994816 9.341919
0.722457 -0.6913567 -0.003965918 125.64746 0.69098234 0.7222341 -0.029245613 116.876465 0.02308381 0.018385544 0.9995643 9.377563
0.73130506 -0.6821008 -0.0034908042 126.32764 0.6817815 0.73110217 -0.027275397 117.52661 0.021156553 0.017570466 0.99962175 9.410034
0.73752195 -0.67522085 -0.004121184 126.98584 0.67492557 0.73735625 -0.025691263 118.14136 0.020387975 0.01616548 0.99966156 9.448608
0.744895 -0.6671677 -0.0049111154 127.65698 0.66691065 0.74477875 -0.023232693 118.75098 0.019161444 0.014032142 0.999718 9.47229
0.75474924 -0.6559705 -0.0033663106 128.33691 0.6557821 0.75463855 -0.020626798 119.34668 0.01607372 0.013357001 0.99978155 9.503784
0.7634043 -0.6459562 -0.0024968202 129.00146 0.64583915 0.76332945 -0.016473284 119.92505 0.012546888 0.010961594 0.99986124 9.53064
0.77369714 -0.63362026 -0.002730308 129.69067 0.6335369 0.77365315 -0.013452962 120.48682 0.010635322 0.008678139 0.9999058 9.557495
0.7834218 -0.62149715 -0.0045464267 130.34692 0.6214038 0.7833998 -0.013083003 121.0271 0.011692334 0.0074255066 0.99990416 9.578735
0.7919855 -0.6103859 -0.006941993 131.021 0.6102769 0.7919923 -0.013053977 121.55542 0.013465237 0.0061002644 0.99989074 9.600464
0.80255115 -0.59660184 -0.0068333 131.71826 0.59650934 0.80256194 -0.01181723 122.07446 0.012534616 0.0054089297 0.9999069 9.622437
0.81240207 -0.58320975 -0.0059436155 132.40283 0.5831351 0.8124072 -0.010686351 122.57739 0.011059587 0.005215275 0.9999252 9.640381
0.8215718 -0.57013685 -0.003821964 133.11426 0.5700974 0.82156885 -0.008037686 123.06787 0.007721467 0.0044252547 0.9999605 9.659058
0.83079046 -0.5565932 -0.0021582495 133.80298 0.55657 0.8307817 -0.006700966 123.54932 0.005522055 0.0043656155 0.99997514 9.676636
0.8387915 -0.5443243 0.00059684715 134.52051 0.54432076 0.8387807 -0.0047230013 124.01489 0.0020714742 0.0042863134 0.9999886 9.687622
0.8476715 -0.53042346 0.0022862146 135.24976 0.5304283 0.84766126 -0.00415578 124.467285 0.00026655337 0.0047355453 0.9999887 9.69751
0.85446143 -0.5195587 0.0042443024 135.9646 0.51957405 0.85445267 -0.004116238 124.90869 -0.0014877426 0.0057219127 0.9999825 9.710693
0.8607097 -0.50914395 0.0050087897 136.69385 0.5091633 0.86070365 -0.003945366 125.34473 -0.0023030066 0.0059460173 0.9999796 9.716675
0.86808074 -0.49644977 0.0042913286 137.44922 0.49645934 0.8680845 -0.0015047309 125.77783 -0.0029786285 0.003436556 0.9999897 9.725098
0.8737843 -0.48625308 0.0037052315 138.177 0.48625612 0.87379026 8.805841e-05 126.19824 -0.0032804995 0.0017248993 0.9999931 9.733032
0.8803757 -0.4741689 0.0042730607 138.94214 0.47416764 0.8803856 0.0013703955 126.617676 -0.004411879 0.00081995036 0.99998987 9.733643
0.885745 -0.4642303 0.0046196654 139.69409 0.4642327 0.88575554 0.0005958169 127.01294 -0.004368498 0.001616834 0.99998915 9.739868
0.8907674 -0.45444235 0.003964982 140.46826 0.45444742 0.8907734 -0.0004271809 127.40723 -0.0033378582 0.0021824155 0.999992 9.748291
0.8956207 -0.4448243 0.0031542233 141.25977 0.44482768 0.89562446 -0.00043343863 127.80176 -0.0026320256 0.0017911049 0.99999505 9.748535
0.89800227 -0.43996525 0.003739302 142.02686 0.43996724 0.89800906 0.0003046715 128.19482 -0.0034918617 0.0013716291 0.999993 9.751343
0.90115356 -0.43348077 0.007160303 142.84204 0.43347862 0.9011809 0.001930943 128.57788 -0.007289557 0.0013631869 0.9999726 9.755005
0.90429366 -0.4268734 0.010169965 143.64355 0.42683375 0.9043502 0.0059005693 128.96484 -0.011715695 -0.0009956084 0.9999309 9.752563
0.9071813 -0.42062935 0.011724003 144.46753 0.42054948 0.9072521 0.008719969 129.36938 -0.014303941 -0.0029802073 0.9998933 9.74707
0.91100556 -0.4122845 0.012903097 145.30908 0.41215587 0.91108215 0.01153042 129.74707 -0.016507305 -0.005187277 0.99985033 9.743286
0.91378516 -0.4059164 0.014260548 146.15332 0.40573913 0.91387105 0.013803185 130.13354 -0.018635131 -0.006826652 0.9998031 9.729004
0.91633904 -0.4000191 0.017352208 147.02417 0.39979923 0.91647923 0.014833419 130.51465 -0.021837557 -0.0066544386 0.9997394 9.716675
0.91989756 -0.39166242 0.019411579 147.92212 0.3914224 0.92008096 0.015072774 130.88867 -0.023764048 -0.0062672393 0.99969804 9.703857
0.92330307 -0.38346872 0.020355672 148.8003 0.3832176 0.92350614 0.015215981 131.271 -0.024634639 -0.006246392 0.99967694 9.690186
0.9267001 -0.3752191 0.020698717 149.71265 0.3750001 0.9269178 0.013751416 131.64111 -0.024346456 -0.0049804943 0.9996912 9.663574
0.9303272 -0.3660715 0.021611063 150.63843 0.36588937 0.9305722 0.011995932 132.00635 -0.024503104 -0.0032530206 0.9996945 9.654053
0.9338604 -0.35700253 0.020501044 151.57935 0.35685635 0.934082 0.010520964 132.37256 -0.022905812 -0.0025083204 0.99973446 9.630493
0.93847036 -0.3449477 0.01881848 152.53589 0.3448223 0.9386554 0.009646693 132.72754 -0.020990737 -0.0025661811 0.99977636 9.612915
0.94306237 -0.33213365 0.017481228 153.50171 0.3319738 0.943211 0.011448231 133.07764 -0.020290665 -0.004991414 0.9997816 9.594849
0.9486227 -0.31595114 0.01759501 154.4956 0.31571466 0.9487464 0.014968885 133.42163 -0.021422422 -0.008644376 0.99973303 9.582031
0.9548947 -0.29629973 0.019167405 155.50171 0.29595062 0.95500433 0.019096106 133.74219 -0.023962243 -0.012562063 0.999634 9.557861
0.9605839 -0.2771584 0.020600071 156.52734 0.27670658 0.96067595 0.022311753 134.05566 -0.02597491 -0.015730893 0.99953884 9.535278
0.96641034 -0.2561921 0.021385318 157.56494 0.25569665 0.9664944 0.02340781 134.34912 -0.02666367 -0.017156873 0.9994974 9.520508
0.9719683 -0.23406827 0.02253289 158.62549 0.23349003 0.9720313 0.0256025 134.62134 -0.027894082 -0.019625263 0.9994184 9.491577
0.97663563 -0.21332191 0.025710972 159.70605 0.21265231 0.9767611 0.026474223 134.86938 -0.030762907 -0.02038738 0.9993187 9.472168
0.98106074 -0.19143233 0.029478492 160.81323 0.19060087 0.9812415 0.028845165 135.09302 -0.034447543 -0.022679616 0.9991491 9.436279
0.9852582 -0.16768737 0.033762455 161.93823 0.16668457 0.98553026 0.030629724 135.29395 -0.038410906 -0.02455216 0.99896103 9.40686
0.9887544 -0.14479072 0.03730014 163.06543 0.1436055 0.98908937 0.032720305 135.47412 -0.041631833 -0.026994742 0.9987683 9.368408
0.9916177 -0.12361169 0.037616767 164.1997 0.12235714 0.99190253 0.034022428 135.63623 -0.041517556 -0.029136099 0.99871355 9.328247
0.9942574 -0.100991875 0.03537489 165.36084 0.099798 0.99442554 0.03402031 135.76758 -0.03861391 -0.030293366 0.9987943 9.290649
0.9961785 -0.07971853 0.03565292 166.53467 0.07846631 0.99629265 0.03524112 135.8689 -0.03833072 -0.032308355 0.9987425 9.244385
0.9974741 -0.0604955 0.037201844 167.72534 0.05928845 0.99770314 0.032731075 135.95068 -0.03909729 -0.030442262 0.9987714 9.2126465
0.9984361 -0.038765524 0.040285032 168.92334 0.03744105 0.99875 0.03313187 136.01758 -0.041518625 -0.031571988 0.9986389 9.17334
0.9989785 -0.017393809 0.041707784 170.14575 0.015957985 0.99927694 0.03451348 136.06299 -0.042277824 -0.033812888 0.9985335 9.130127
0.9990697 0.0012131612 0.04311665 171.36377 -0.0027675296 0.9993475 0.036013633 136.0752 -0.043044824 -0.03609944 0.998421 9.083984
0.998775 0.023000685 0.04380982 172.61304 -0.024578659 0.99905574 0.035831124 136.05493 -0.042944282 -0.036864117 0.9983973 9.035522
0.9980655 0.04315505 0.044754576 173.85498 -0.044891916 0.9982477 0.038557246 136.01367 -0.043012284 -0.04049179 0.9982536 8.989746
0.9971414 0.061467264 0.043947816 175.10278 -0.06321315 0.99721813 0.03950041 135.95264 -0.041397292 -0.04216518 0.9982525 8.940796
0.9957484 0.08165343 0.04266541 176.3794 -0.083375104 0.9957048 0.040277254 135.86646 -0.039193876 -0.043661814 0.9982778 8.901367
0.99413097 0.10031207 0.040541634 177.65552 -0.10199792 0.9939025 0.041910134 135.75049 -0.03609071 -0.04579831 0.9982987 8.858643
0.9921033 0.1189575 0.039683 178.93945 -0.12063875 0.99176 0.04305871 135.61377 -0.034233507 -0.04750772 0.99828404 8.815674
0.98939145 0.14020693 0.03804863 180.27124 -0.1418145 0.9889395 0.043467514 135.4436 -0.03153401 -0.048402566 0.9983301 8.7803955
0.9867325 0.15893377 0.03310989 181.60425 -0.1603285 0.98604155 0.04487929 135.25171 -0.025514137 -0.049592696 0.9984436 8.745605
0.9836548 0.17800738 0.027398745 182.91626 -0.17913792 0.98272616 0.046612997 135.03809 -0.01862916 -0.050758373 0.998537 8.7265625
0.9804637 0.19533047 0.02304513 184.23975 -0.19625832 0.97931314 0.04920865 134.79175 -0.012953347 -0.05277081 0.998522 8.707397
0.9769002 0.21266504 0.020649614 185.57227 -0.21346761 0.9755843 0.051511932 134.51807 -0.009188766 -0.0547313 0.9984588 8.700928
0.9727847 0.23099077 0.018830463 186.92505 -0.23168147 0.97132754 0.053563293 134.21802 -0.0059228484 -0.05646759 0.99838746 8.697388
0.9685524 0.24804854 0.01909298 188.27954 -0.24872549 0.9671144 0.05301573 133.89233 -0.0053104274 -0.056097314 0.9984106 8.69397
0.9639104 0.2656442 0.018287972 189.6211 -0.26624653 0.96250933 0.052080933 133.53589 -0.0037679505 -0.055069923 0.99847496 8.698242
0.9588273 0.28355974 0.015102597 190.96802 -0.2839613 0.9573793 0.052679066 133.15308 0.00048011425 -0.054799255 0.9984973 8.70813
0.95409673 0.299342 0.011861805 192.30835 -0.2995359 0.95256037 0.05435462 132.76587 0.0049659656 -0.055412423 0.9984515 8.717285
0.9483429 0.31698832 0.012363697 193.65405 -0.3171749 0.94674003 0.05541893 132.3291 0.0058654035 -0.056476105 0.9983862 8.733765
0.9424139 0.33426097 0.013589151 195.02686 -0.33447367 0.94066614 0.057743605 131.85767 0.00651192 -0.058962062 0.99823916 8.753418
0.93582094 0.3522895 0.011787568 196.37329 -0.35232902 0.9338796 0.06115814 131.37231 0.010538343 -0.061385438 0.9980582 8.7664795
0.929458 0.36886725 0.009422996 197.70972 -0.36870965 0.92746216 0.06254456 130.87354 0.014326907 -0.061608255 0.99799776 8.798584
0.92216235 0.38677716 0.007301451 199.10376 -0.3864435 0.9201771 0.0630093 130.30664 0.017644566 -0.060927197 0.997987 8.824585
0.91428155 0.4050492 0.0033517736 200.43726 -0.40441656 0.91232455 0.06401112 129.72266 0.022871722 -0.059877373 0.9979434 8.868286
0.90509886 0.4251719 -5.552452e-05 201.77148 -0.42418927 0.90301627 0.067813866 129.14185 0.02888878 -0.06135295 0.9976973 8.913818
0.89596623 0.44405255 -0.0017935308 203.1023 -0.44282043 0.8937678 0.070917934 128.51147 0.03310281 -0.06274286 0.99747986 8.96167
0.88359225 0.46829128 -0.00089904666 204.44019 -0.46697712 0.8812539 0.07320008 127.819824 0.03506346 -0.06425804 0.9973176 9.022949
0.8693856 0.49400783 -0.00028889207 205.78955 -0.49249592 0.86677074 0.07769175 127.106445 0.038626954 -0.06740593 0.99697953 9.088989
0.8543642 0.51970977 0.00038705592 207.0857 -0.51800084 0.8514928 0.0816759 126.36719 0.042117693 -0.0699842 0.99665856 9.152954
0.83976036 0.54293394 0.0005549292 208.34448 -0.54099876 0.83668 0.085214 125.6145 0.04580413 -0.0718594 0.9963624 9.232788
0.82358545 0.56719786 0.00011435826 209.64307 -0.56506133 0.8204667 0.08684891 124.769775 0.04917591 -0.07158378 0.99621975 9.313721
0.8083005 0.58877206 -0.00035390267 210.8728 -0.58642817 0.8051357 0.08866451 123.916504 0.05248544 -0.07146045 0.9960618 9.3914795
0.7913704 0.611255 -0.0030885844 212.09497 -0.60852206 0.78828865 0.09059779 123.0249 0.057833098 -0.06982012 0.99588126 9.489868
0.7742199 0.6327559 -0.0054363236 213.31738 -0.6296723 0.77124023 0.092340276 122.07349 0.06263909 -0.06806892 0.99571204 9.594727
0.75624067 0.6543998 -0.007212133 214.47021 -0.6510069 0.75335485 0.09399797 121.10498 0.06693544 -0.06639095 0.9955458 9.70105
0.73985314 0.6728297 -0.009299404 215.64087 -0.6691311 0.7371055 0.095440775 120.109375 0.07105004 -0.06438964 0.9953925 9.814941
0.72358 0.69014984 -0.009253303 216.78027 -0.6863322 0.720867 0.09621859 119.06592 0.07308544 -0.06327247 0.99531645 9.937012
0.70754546 0.7066193 -0.009662242 217.88013 -0.702667 0.7049102 0.09687984 117.994385 0.075269 -0.06177107 0.9952496 10.061279
0.6934881 0.7204235 -0.011462314 218.97168 -0.71627516 0.69104356 0.09735826 116.91455 0.07804376 -0.05931173 0.9951849 10.189087
0.6760946 0.7366252 -0.014063168 220.02954 -0.7321219 0.67385477 0.09917546 115.8064 0.08253884 -0.056755066 0.9949704 10.32312
0.6626576 0.7486787 -0.016412675 221.06274 -0.7438456 0.66059643 0.1010567 114.677734 0.08650074 -0.05475185 0.9947457 10.467773
0.64778924 0.7616748 -0.017218225 222.09985 -0.75656784 0.645779 0.10319674 113.516846 0.08971752 -0.05382073 0.9945116 10.603516
0.6303903 0.77605766 -0.016870545 223.08765 -0.77083737 0.6284155 0.10415733 112.348145 0.09142492 -0.052649125 0.9944186 10.762207
0.61487335 0.78851986 -0.013836518 224.05908 -0.7833547 0.61268634 0.10486906 111.15283 0.091155134 -0.05364388 0.9943911 10.915039
0.59695363 0.8022848 -0.0088289045 225.01831 -0.7972852 0.59439397 0.10547595 109.93555 0.08985941 -0.055928815 0.9943833 11.071045
0.5774772 0.8163115 -0.00407839 225.94092 -0.8114571 0.57457364 0.106131576 108.7041 0.08899026 -0.05797986 0.9943437 11.220459
0.5616163 0.8273505 0.0001557623 226.82544 -0.8226245 0.5583872 0.1068155 107.48193 0.08831559 -0.060113605 0.9942762 11.376343
0.54157746 0.84064376 0.0024544632 227.6726 -0.8356567 0.5380444 0.1103545 106.23071 0.091449514 -0.06179862 0.99388826 11.540894
0.5240019 0.8516824 0.005583672 228.47266 -0.8464995 0.5200659 0.11376457 104.99194 0.09399366 -0.06434731 0.99349207 11.695557
0.5046799 0.86343175 0.007961586 229.23218 -0.85829747 0.5006282 0.11389415 103.73584 0.094344184 -0.064301744 0.9934596 11.855225
0.48192444 0.876148 0.012669937 229.99512 -0.8714094 0.4777009 0.11176589 102.44873 0.091880225 -0.06489955 0.99365246 12.016235
0.46239588 0.8866148 0.016487693 230.69165 -0.8821743 0.4580296 0.11018271 101.191895 0.09014581 -0.06548603 0.9937725 12.170288
0.44041747 0.89751804 0.019967029 231.35571 -0.8933553 0.43596518 0.10840139 99.90161 0.08860086 -0.06555369 0.99390477 12.322144
0.41720954 0.9085682 0.021866772 231.99438 -0.90452725 0.41277236 0.1071695 98.603516 0.08836358 -0.06449827 0.9939984 12.472534
0.39670685 0.91762716 0.024070323 232.5752 -0.9137017 0.39222017 0.10633187 97.33301 0.08814094 -0.06417319 0.99403834 12.6188965
0.37575874 0.92649144 0.02355097 233.12549 -0.9224846 0.37144715 0.10574119 96.0459 0.08921211 -0.06143392 0.994114 12.763184
0.35280046 0.9355013 0.022366041 233.65283 -0.9313747 0.34873077 0.105162166 94.744385 0.090562075 -0.05792716 0.9942043 12.911743
0.3317403 0.9430142 0.022213358 234.11694 -0.9388495 0.32781276 0.104503356 93.47095 0.09128911 -0.05552828 0.9942754 13.056519
0.3092292 0.95071816 0.022136759 234.57202 -0.9466207 0.3055069 0.10272299 92.16919 0.090883024 -0.052703824 0.99446434 13.203003
0.28981766 0.956747 0.021538483 234.9729 -0.95260984 0.28626907 0.10203409 90.89697 0.09144386 -0.050093893 0.9945495 13.346558
0.27011943 0.96249145 0.023391655 235.36157 -0.9580485 0.26631075 0.1054888 89.62451 0.095278285 -0.05091251 0.994148 13.492676
0.2476803 0.9684512 0.025627386 235.72778 -0.9631006 0.24327703 0.1146813 88.35791 0.10484491 -0.05308114 0.9930705 13.64209
0.23030367 0.9726523 0.028172608 236.0503 -0.9665292 0.22531381 0.122254655 87.10474 0.11255152 -0.055400632 0.99210125 13.797485
0.21175277 0.97693473 0.03115403 236.34863 -0.9705041 0.20635691 0.12545554 85.85327 0.116151534 -0.056764543 0.9916056 13.966919
0.19006711 0.98117507 0.03565824 236.63013 -0.97479177 0.18423903 0.12624261 84.60205 0.117317714 -0.05876659 0.9913563 14.122314
0.17125092 0.984391 0.04076192 236.88062 -0.97820574 0.1649447 0.12617892 83.35278 0.11752697 -0.061509427 0.9911668 14.288086
0.15093319 0.9874767 0.045624267 237.10474 -0.9815013 0.1442033 0.1258234 82.10791 0.11770169 -0.06377982 0.9910003 14.459351
0.13534789 0.9896811 0.047483053 237.28955 -0.98385227 0.12857084 0.12467323 80.88208 0.11727037 -0.06356808 0.9910611 14.618652
0.11396598 0.9922044 0.049913906 237.45117 -0.9866091 0.1071512 0.12275453 79.65674 0.11643002 -0.063214675 0.99118245 14.774414
