1.000000000000000000e+00 -3.306050084167601550e-19 -2.270457535318767223e-19 -8.673617379884035472e-19 7.546676715296109287e-19 1.000000000000000000e+00 6.237773588823049983e-19 1.387778780781445676e-17 -3.447385680526250622e-20 4.770700176052009879e-20 1.000000000000000222e+00 5.551115123125782702e-17
9.981049133589706690e-01 3.904289937212681617e-03 6.141163757123060951e-02 4.408072974216636908e-03 -3.876312029721090853e-03 9.999922913575417516e-01 -5.747671165634904216e-04 4.786238559542077553e-04 -6.141341313595252704e-02 3.356029022652041766e-04 9.981123571082864965e-01 8.232824200681848614e-02
9.993069162669722116e-01 5.171787837799960222e-03 3.686461091270037960e-02 3.062945450336115871e-02 -5.173433932605917690e-03 9.999866022048251590e-01 -5.080082677967842652e-05 -7.190191109898158572e-04 -3.686438219522026466e-02 -1.399781406454427414e-04 9.993202563046617026e-01 2.693968166068442804e-01
9.979281987542136800e-01 5.415332919997963360e-03 6.409750703639296998e-02 6.743440394546894312e-02 -5.515108014340585479e-03 9.999838676513920221e-01 1.379801928894510733e-03 -1.246282640660599517e-02 -6.408900776042175673e-02 -1.730488695317829650e-03 9.979419537131081208e-01 4.241828942469334507e-01
9.952374575259097522e-01 5.180088324699307599e-03 9.734235761272917731e-02 1.139057123869014476e-01 -5.515882873357373997e-03 9.999797127497132010e-01 3.181811751840935964e-03 -3.157881804801906944e-03 -9.732391460328737587e-02 -3.703599263400146439e-03 9.952459077463806647e-01 5.991302233931843357e-01
9.910218976352744846e-01 1.951471596850953187e-03 1.336851519293440482e-01 1.928713551079316024e-01 -2.731218815042708772e-03 9.999803004503787784e-01 5.649386926122251101e-03 -1.096696061510654685e-02 -1.336715102291530233e-01 -5.963814391363808122e-03 9.910076896096595700e-01 7.930046201689491259e-01
9.845608385246444882e-01 -9.381401817624412118e-04 1.750498986533821077e-01 2.651475780905852564e-01 -2.793806895197720338e-04 9.999759517933104469e-01 6.929009848856941198e-03 -2.682546317321621299e-05 -1.750521945183506345e-01 -6.870897078000382137e-03 9.845369225078204334e-01 9.805796638054156134e-01
9.761780669076579597e-01 -9.567721148252591578e-04 2.169374585233048991e-01 3.529942336624957711e-01 -7.671412013687423656e-04 9.999688220503973879e-01 7.858667036107404996e-03 -8.854270543313308428e-03 -2.169382203450281321e-01 -7.837832985257154814e-03 9.761468646659072768e-01 1.183521461444350109e+00
9.638790632869215225e-01 -1.339504115576609956e-03 2.662627469911902911e-01 4.514623946026182777e-01 -1.595644466009553657e-03 9.999403558113024726e-01 1.080664752305877420e-02 2.703633076676092983e-03 -2.662613762856422261e-01 -1.084114016654415431e-02 9.638194692608460512e-01 1.403173004925184930e+00
9.498602999175624895e-01 -5.092566769487898506e-03 3.127104674007240015e-01 5.862349133615808450e-01 -1.534751269827917982e-04 9.998596347019229613e-01 1.675665770221823267e-02 1.055306371946558575e-02 -3.127518885210543997e-01 -1.596490846620701384e-02 9.497261951794040424e-01 1.644227068778663536e+00
9.331537849143616281e-01 -1.434993406066020771e-02 3.592198334375329427e-01 7.233155102858176422e-01 5.396742894982688166e-03 9.996495350047582829e-01 2.591187835775818696e-02 1.541507190672003480e-03 -3.594658406429138142e-01 -2.224128177403646156e-02 9.329041967511074729e-01 1.861589317672943444e+00
9.115566525217350113e-01 -2.078683371712572794e-02 4.107163270906717401e-01 8.795462258978509196e-01 9.031092838112028676e-03 9.994925347491880885e-01 3.054905446890290865e-02 5.620539640412147708e-04 -4.111430017033679274e-01 -2.413814149944780788e-02 9.112818240243957257e-01 2.071269999796878647e+00
8.866013434851740538e-01 -2.229299526364999715e-02 4.620843388847238886e-01 1.063416050343911623e+00 6.912904600164620356e-03 9.993649283474758116e-01 3.494528923336888415e-02 8.369095265861103972e-03 -4.625702394294410325e-01 -2.778758105408963772e-02 8.861923509090495754e-01 2.323964163684309359e+00
8.589315618968580424e-01 -2.441303618283989160e-02 5.113704730148869171e-01 1.252656893076396383e+00 5.151316537821020759e-03 9.992243635077312502e-01 3.903011632916201373e-02 2.601531485403839328e-02 -5.119268999092418948e-01 -3.088741730323241522e-02 8.583910869245123809e-01 2.541087820027579713e+00
8.263507591627949900e-01 -2.929330823129539657e-02 5.625329158199061652e-01 1.479251450434095894e+00 6.265176456714707624e-03 9.990626026319493480e-01 4.283170467682999999e-02 2.980764819628968498e-02 -5.632605396655635532e-01 -3.187008650267379728e-02 8.257596933772225478e-01 2.782603001023569167e+00
7.905198310079416535e-01 -3.599817144494132232e-02 6.113682155849411437e-01 1.708065939030251057e+00 9.220465603876333224e-03 9.988574093504609674e-01 4.688967016071787092e-02 3.933675933989751183e-02 -6.123578595116485612e-01 -3.142829745144105902e-02 7.899486144198873960e-01 2.995869459669777246e+00
7.529404592343793556e-01 -3.991800587617859442e-02 6.568347482013429106e-01 1.974057472545249103e+00 9.855098290117233692e-03 9.987307573434629493e-01 4.939506644238440825e-02 5.214434241776985668e-02 -6.579726872640109248e-01 -3.071998169446876065e-02 7.523780845696188546e-01 3.215027723144820548e+00
7.130346308857135051e-01 -4.287274332922340336e-02 6.998297493671128411e-01 2.267638949352220656e+00 1.075985806881687989e-02 9.986802755251504848e-01 5.021943968733731667e-02 6.809276692254029317e-02 -7.010592741762031732e-01 -2.827859266130456489e-02 7.125549486115667630e-01 3.430963904572859047e+00
6.711842376656980136e-01 -4.494001069328515396e-02 7.399068104358164089e-01 2.569094098459161479e+00 9.863833026913862434e-03 9.986136572435491132e-01 5.170277642734720513e-02 7.956659880891461811e-02 -7.412048750296652555e-01 -2.740077035942500849e-02 6.706972146488585640e-01 3.623522327677279442e+00
6.284526539168436843e-01 -4.535092348273027374e-02 7.765303260966887056e-01 2.905618968128390378e+00 5.308788538083053857e-03 9.985258363410030036e-01 5.401364899759580895e-02 1.075976301958677800e-01 -7.778352203694116618e-01 -2.982367441985187342e-02 6.277668143266567080e-01 3.836178117984359481e+00
5.868875434201762387e-01 -4.604399919696476606e-02 8.083123489180706889e-01 3.247115369911888205e+00 2.923378116636701513e-03 9.984958493629213505e-01 5.475115559930494175e-02 1.231721106158098489e-01 -8.096171495418661435e-01 -2.977367621214618496e-02 5.861391649523456371e-01 4.057343257350869870e+00
5.468618553812173433e-01 -4.719541724117810172e-02 8.358963861731775191e-01 3.627983719830589315e+00 1.252845995387175072e-03 9.984549686378699773e-01 5.555967941102191859e-02 1.390246786934182244e-01 -8.372266444338443137e-01 -2.934149714204538351e-02 5.460759314893357530e-01 4.264995861039664327e+00
5.081051254228153846e-01 -5.022212887104818974e-02 8.597675419119439333e-01 4.051913290828776049e+00 -4.929397601292239599e-04 9.982815699992501068e-01 5.859031243482648588e-02 1.550169343893023632e-01 -8.612326385437307774e-01 -3.019540095771647628e-02 5.072069186793445317e-01 4.471584034069054248e+00
4.709007932440227862e-01 -4.936945733636820266e-02 8.806981922063995549e-01 4.478483495692590743e+00 -3.054169040301353208e-03 9.983354049970395439e-01 5.759378501974923154e-02 1.726194560545613599e-01 -8.820758667442907264e-01 -2.980460959734285500e-02 4.699665276462365315e-01 4.672744226517744792e+00
4.338778943668628041e-01 -4.870309083079201601e-02 8.995960166354809440e-01 4.958068065606160424e+00 -4.413748064331183933e-03 9.984114804158714662e-01 5.617425642572475286e-02 2.020546556289467555e-01 -9.009016706554460185e-01 -2.836137140866128170e-02 4.329730144003104964e-01 4.863508654149524268e+00
3.999553646526944894e-01 -4.792925253490089299e-02 9.153666061405726362e-01 5.458019314297512636e+00 -2.646963172375137174e-03 9.985670317319771394e-01 5.344939787076105620e-02 2.187055841229208486e-01 -9.166169812736377764e-01 -2.379684583836672029e-02 3.992556139836756501e-01 5.053983809195710108e+00
3.699206809182654654e-01 -4.688811955037854029e-02 9.278503527443958676e-01 5.969049817482892095e+00 -8.890943478632606532e-04 9.987072552396100145e-01 5.082598719686096805e-02 2.414133093699526444e-01 -9.290340006457890043e-01 -1.962446881424436546e-02 3.694010371831129014e-01 5.242990056434566171e+00
3.453191224834582518e-01 -4.489439121286206008e-02 9.372483188238487362e-01 6.520233895726420315e+00 3.226948909248425240e-04 9.988609460202019230e-01 4.771721826879865569e-02 2.692243585784920845e-01 -9.383224098314896233e-01 -1.618251713862671470e-02 3.449400453459799953e-01 5.417755940706029172e+00
3.247052075395953086e-01 -4.443417309953348604e-02 9.447725321640993990e-01 7.099081632270832110e+00 1.250956879685236880e-03 9.989154920741282195e-01 4.653235203385561181e-02 2.951007766469064264e-01 -9.458156190068540692e-01 -1.392819045918483947e-02 3.244082105463413357e-01 5.615764835362263341e+00
3.100624121883110429e-01 -4.453662125231941382e-02 9.496251887005984216e-01 7.695264273063461502e+00 2.029755336622342254e-03 9.989308381243807711e-01 4.617911140474403875e-02 3.236593293523623571e-01 -9.506667189996893530e-01 -1.238629038978271597e-02 3.098213670827094091e-01 5.798312745348432884e+00
2.992470310325762162e-01 -4.641671383930325717e-02 9.531382177183514992e-01 8.344030937154551353e+00 3.018094514907139307e-03 9.988566972511805364e-01 4.770999281320676549e-02 3.460928709362987576e-01 -9.542637377797135168e-01 -1.138963021746006339e-02 2.990456140147512154e-01 5.996803297805367805e+00
2.877462430412839334e-01 -4.799870265986397322e-02 9.565136204455261248e-01 8.980990218612184606e+00 1.836727720122545166e-03 9.987691976352870427e-01 4.957417078788897702e-02 3.752203683425970326e-01 -9.577153905817700208e-01 -1.251703162954558197e-02 2.874801495333899615e-01 6.190379083727336251e+00
2.767795092147691816e-01 -4.985319078377096341e-02 9.596483081439861618e-01 9.647694546208565924e+00 2.456997651778239822e-04 9.986566984055836871e-01 5.180813834778239674e-02 4.109578780241254226e-01 -9.609428334987507592e-01 -1.409251934833409721e-02 2.764202803690729571e-01 6.381625905683895539e+00
2.662787368233048291e-01 -5.170070613394704001e-02 9.626158371856126106e-01 1.034859236848011044e+01 -6.829711413537923768e-04 9.985500351618548098e-01 5.381635383608306122e-02 4.421252234921012603e-01 -9.640033684973298156e-01 -1.497463985344238933e-02 2.658574872845549941e-01 6.584233540695838549e+00
2.556907974662112060e-01 -5.397502178857960936e-02 9.652751685439060481e-01 1.107218239397928095e+01 -1.220387799453805534e-03 9.984216113546682259e-01 5.614654015339582555e-02 4.685913865546045831e-01 -9.667820464943989167e-01 -1.553636288559995249e-02 2.552211719114663158e-01 6.765978215366488691e+00
2.456943286489073619e-01 -5.562045980378590992e-02 9.677484105877185439e-01 1.180644133117567662e+01 -2.475127212096252163e-03 9.983126711093420758e-01 5.801874003906011545e-02 5.047630054330259908e-01 -9.693431526067707305e-01 -1.664007312082800907e-02 2.451428389277400255e-01 6.957720131131636343e+00
2.337712687877929463e-01 -5.696953954685535920e-02 9.705607752039819847e-01 1.257289368727722056e+01 -2.648299713003596494e-03 9.982412359737687924e-01 5.923124773097162427e-02 5.350001179296668408e-01 -9.722272669556267788e-01 -1.642922587303186077e-02 2.332088853665740535e-01 7.144442966784890992e+00
2.248283248857481376e-01 -5.975571745738537249e-02 9.725938511056709812e-01 1.335422244602388453e+01 -4.182426462965334844e-03 9.980491652085036192e-01 6.229073221136226940e-02 5.755278665127402382e-01 -9.744192539795843988e-01 -1.806595847498200513e-02 2.241401050776767878e-01 7.325001359240315146e+00
2.139233689568937613e-01 -6.372426637033648533e-02 9.748549670158382918e-01 1.414059830984021282e+01 -6.288865726094310798e-03 9.977593810275696695e-01 6.659287068661071118e-02 6.231632342526551849e-01 -9.769155686618696821e-01 -2.036279020426268876e-02 2.130433189890779677e-01 7.500368666041679511e+00
2.017987323811278044e-01 -6.699839997332755759e-02 9.771922744403043204e-01 1.494235586043251729e+01 -6.308503199719689598e-03 9.975482118358368622e-01 6.970731415480577176e-02 6.602052522916044275e-01 -9.794659246403897290e-01 -2.024123183006181284e-02 2.008810793120881233e-01 7.668927608687424957e+00
1.889646491100908654e-01 -6.893973226457546233e-02 9.794534894037294492e-01 1.575008002612635671e+01 -7.746439854982192612e-03 9.973974757995015539e-01 7.168824505824240856e-02 6.989701901321325739e-01 -9.818451297591727078e-01 -2.115183987816908126e-02 1.879381165607445503e-01 7.825456452688110964e+00
1.736093828794043059e-01 -7.064060520655870978e-02 9.822089705106521462e-01 1.656399334559202430e+01 -8.078794433333898531e-03 9.972885589309224974e-01 7.315027741067624267e-02 7.395501975442811959e-01 -9.847124646002990422e-01 -2.064104097116466197e-02 1.725678036387395531e-01 7.969703600000716648e+00
1.600805349748967987e-01 -6.904568612271533290e-02 9.846361910109361348e-01 1.738297827616944247e+01 -9.679585679403227352e-03 9.973932671274211570e-01 7.149687899750556408e-02 7.827867434584596662e-01 -9.870060228344232911e-01 -2.097482075791318873e-02 1.589945857398604445e-01 8.104514813274278140e+00
1.439607387143329309e-01 -6.813061053883402718e-02 9.872669370083487772e-01 1.820318205025592206e+01 -1.044466085718859238e-02 9.974666372433514949e-01 7.037846192240439225e-02 8.221338683328240915e-01 -9.895605551425219470e-01 -2.044572873284603368e-02 1.428848871734574311e-01 8.224600456572069618e+00
1.227037391245046349e-01 -6.505596197658035373e-02 9.903341787235125926e-01 1.903832100851080966e+01 -1.344394024948807227e-02 9.976489447855177994e-01 6.718989946620379516e-02 8.590344079575236158e-01 -9.923771820007820654e-01 -2.155608493808109510e-02 1.215404063976902455e-01 8.331357149352646374e+00
9.728106312026110758e-02 -6.520153085299541795e-02 9.931034215346787875e-01 1.986978292744142749e+01 -1.676489344363264050e-02 9.976036820040080633e-01 6.712533653315318205e-02 9.023073686036243712e-01 -9.950986830941698225e-01 -2.320266591531472064e-02 9.595392709643785212e-02 8.406900792213738427e+00
6.777738706654481970e-02 -6.446089798627452350e-02 9.956316877044468772e-01 2.071793975835291590e+01 -2.133605583586557428e-02 9.975882073669956052e-01 6.602399463542571456e-02 9.422720856722306415e-01 -9.974892726793624931e-01 -2.567828406773695407e-02 6.623918135285943032e-02 8.464660472768697375e+00
3.309830757850523719e-02 -6.466586227746305704e-02 9.973426934900658791e-01 2.157764632161700291e+01 -2.525215322731133236e-02 9.975325934547203399e-01 6.552040228101228825e-02 9.829638356314691627e-01 -9.991167154859363908e-01 -2.738591856947184683e-02 3.138317955082383509e-02 8.481236865479429454e+00
-2.323148602894556657e-05 -6.389407470824964852e-02 9.979561485480258343e-01 2.242990597487107962e+01 -2.603139995999784878e-02 9.976186918474267973e-01 6.389750916279313131e-02 1.019242221345194155e+00 -9.996602910469719605e-01 -2.601130548859033678e-02 -1.686555133263528206e-03 8.456730490096457942e+00
-3.632620804216634552e-02 -6.253326718183777055e-02 9.973823216303451256e-01 2.329713249093049754e+01 -2.612343587189157323e-02 9.977592630286863384e-01 6.160360097340800839e-02 1.049921692661560435e+00 -9.989978080346537670e-01 -2.384913427543269154e-02 -3.787905174784190337e-02 8.432703160913717966e+00
-6.762284390054928984e-02 -6.059026850917733492e-02 9.958778732441495585e-01 2.414832622386197869e+01 -2.903581183852937259e-02 9.978520669184461900e-01 5.870686330098037059e-02 1.081026897992842351e+00 -9.972939955333607331e-01 -2.498153345048071891e-02 -6.923789406320013384e-02 8.368035200912679272e+00
-9.981452613682875730e-02 -5.787057245875913691e-02 9.933035120537931917e-01 2.500385669468522920e+01 -3.075312069189469269e-02 9.980093495055728514e-01 5.506390608803167497e-02 1.121665349115455790e+00 -9.945134172172002129e-01 -2.503813115497998884e-02 -1.013952306949654908e-01 8.277743318736188627e+00
-1.332352394521668926e-01 -5.338689803546046997e-02 9.896362501804515377e-01 2.586628703911156535e+01 -2.839524843785711655e-02 9.983437361910386665e-01 5.004762593406787696e-02 1.147846145253417216e+00 -9.906686569999271219e-01 -2.144157553009902115e-02 -1.345304020180311533e-01 8.158633125414931797e+00
-1.647399417662431254e-01 -4.774072982302771800e-02 9.851388676964232261e-01 2.670548546631817288e+01 -2.395205115035855745e-02 9.987265471485531343e-01 4.441035585980148553e-02 1.168042801631941074e+00 -9.860051474512003811e-01 -1.626869971286604502e-02 -1.656732958320245586e-01 8.001774550224736160e+00
-1.937591971826186643e-01 -4.097462703835812875e-02 9.801380615029670063e-01 2.755623741122074222e+01 -1.752700120911395223e-02 9.991125020418254454e-01 3.828780641615724123e-02 1.186679274760801261e+00 -9.808373034243964561e-01 -9.753409577524862345e-03 -1.943055899105526341e-01 7.822674007883620995e+00
-2.222545292265455941e-01 -3.660436471096796540e-02 9.741403035525556531e-01 2.838623075661150708e+01 -1.236668793211360105e-02 9.993203394868541700e-01 3.471411134547566779e-02 1.200178985165377021e+00 -9.747493847247035159e-01 -4.319144538273839151e-03 -2.225561854214795632e-01 7.610345839933752465e+00
-2.503354052345141412e-01 -3.013432157957238872e-02 9.676604874090252162e-01 2.922013617722111434e+01 -3.226202761591918065e-03 9.995359228418032593e-01 3.028756064619528288e-02 1.210928637896260485e+00 -9.681240743599756060e-01 4.455926697226663367e-03 -2.503165400749022274e-01 7.381452122605460353e+00
-2.790703503552059983e-01 -1.968647225903457851e-02 9.599768583087552321e-01 3.004300304377620279e+01 2.809131474506454829e-03 9.997686578183205830e-01 2.131546039873852619e-02 1.208630571329181169e+00 -9.601745620972125250e-01 8.653897062854227704e-03 -2.789504036392619346e-01 7.134141612758247319e+00
-3.014702245590198948e-01 -5.087418072592181199e-03 9.533968896811634286e-01 3.084618535088824487e+01 7.195755448240418600e-03 9.999450704611073659e-01 7.610080559617965652e-03 1.198249338586318657e+00 -9.533832990600727975e-01 9.153532608594517478e-03 -3.014170444170257701e-01 6.860579349857231612e+00
-3.268828414068405408e-01 1.172585361071611619e-02 9.449779239847098111e-01 3.163616909062533367e+01 8.525932710810139870e-03 9.999188282048854237e-01 -9.460260048725896431e-03 1.182177733378842577e+00 -9.450123008711920347e-01 4.969970344851284451e-03 -3.269561902453867464e-01 6.585723823281484535e+00
-3.513388832659634087e-01 2.755932954106072794e-02 9.357533984781942760e-01 3.243461289712382722e+01 8.268252583934453115e-03 9.996189307095769694e-01 -2.633507096941765588e-02 1.162421933585983336e+00 -9.361227406888723568e-01 -1.515219622385603065e-03 -3.514327934057564495e-01 6.290540721998558737e+00
-3.763074706644412015e-01 3.778611773719656869e-02 9.256250736976835425e-01 3.321807766779792104e+01 1.180806824938630470e-02 9.992822412378138397e-01 -3.600200001004433964e-02 1.125265837503633515e+00 -9.263209662079593398e-01 -2.608256024597441474e-03 -3.764835171973655581e-01 5.964038106797448613e+00
-3.992597146575473377e-01 4.221038221340384089e-02 9.157372798893027577e-01 3.400107522628701417e+01 1.541684210604288979e-02 9.991073223872471987e-01 -3.931698850281582780e-02 1.074005819476523405e+00 -9.165799618337531207e-01 -1.594680642320043086e-03 -3.995540369727875185e-01 5.638733955864209335e+00
-4.213073545935993036e-01 4.261787850929098925e-02 9.056635053490568188e-01 3.476233932346988809e+01 1.834825278488791053e-02 9.990912170872153775e-01 -3.846357604076287157e-02 1.027525093525562871e+00 -9.064803000511688635e-01 3.999771677433118446e-04 -4.217063285332738332e-01 5.271188861069779463e+00
-4.426549012048936471e-01 3.795749581576435272e-02 8.957173203731226829e-01 3.553586289342496229e+01 2.204675715097790742e-02 9.992623673640299575e-01 -3.142585322876989551e-02 9.831884937561385929e-01 -8.962500179376805542e-01 5.820381791007203653e-03 -4.431651644089530939e-01 4.897925414571496994e+00
-4.617143684298954942e-01 3.628502532831440197e-02 8.864249627136445708e-01 3.627826909749544626e+01 2.908366270348804877e-02 9.992450664053557086e-01 -2.575404731781526582e-02 9.388240841662960356e-01 -8.866904541577407262e-01 1.389152024568652763e-02 -4.624212161639368324e-01 4.499043237182859478e+00
-4.747940729056643883e-01 3.677769993898962614e-02 8.795429908735106217e-01 3.701303235958427962e+01 3.256594184714028256e-02 9.991764142423663619e-01 -2.422271004769257358e-02 8.931160692177502192e-01 -8.797095084679295018e-01 1.714950796624765614e-02 -4.756007377619491661e-01 4.084475071175067917e+00
-4.851382556637673926e-01 4.097398343989032410e-02 8.730716086514915819e-01 3.773264747310641809e+01 3.613369617379043330e-02 9.989877182613355888e-01 -2.677883761093391435e-02 8.538241748296179212e-01 -8.732857009973059581e-01 1.853980940009565884e-02 -4.861276999404026689e-01 3.674703122133531785e+00
-4.955515114981220992e-01 4.342913932221694612e-02 8.679709631474459286e-01 3.843434639407654174e+01 3.725894772063338689e-02 9.988927557245849131e-01 -2.874835122930403594e-02 8.092098186574449015e-01 -8.682579503817876576e-01 1.811346411500979608e-02 -4.966210291442942903e-01 3.271690964862513873e+00
-5.051383498546937467e-01 4.321076684118019956e-02 8.621103672168096699e-01 3.914517956411006594e+01 3.121174847259131080e-02 9.990071865194609657e-01 -3.179343707181211259e-02 7.703975113311181122e-01 -8.626281742708264977e-01 1.086066648714033127e-02 -5.059856264825773886e-01 2.863732726690117136e+00
-5.156170998187223908e-01 4.070526782097518004e-02 8.553162087183149298e-01 3.983773353545387863e+01 2.948838415986696979e-02 9.991220426137756849e-01 -2.975387860560373479e-02 7.365056023473068869e-01 -8.557768796385624155e-01 9.869875022194322944e-03 -5.163647450411470441e-01 2.454912061623752084e+00
-5.246454275918225330e-01 4.251976113349668213e-02 8.502763125310049963e-01 4.053767393629156146e+01 3.206604690611571107e-02 9.990303766114535522e-01 -3.015584456154063453e-02 6.960815948407034215e-01 -8.507342595616071979e-01 1.144243033051133181e-02 -5.255002234489524193e-01 2.017485674282362584e+00
-5.302017668206280288e-01 4.490595435139056041e-02 8.464384246750258356e-01 4.124292215634253012e+01 3.509558596848363909e-02 9.989028340208028212e-01 -3.100840272605551520e-02 6.485832494046051000e-01 -8.469024509425527869e-01 1.325995476366194706e-02 -5.311958815960793334e-01 1.569831691752825664e+00
-5.368728837756725492e-01 4.895591087401013342e-02 8.425195037611887816e-01 4.194569591264928476e+01 3.669825033551499249e-02 9.987249428780440308e-01 -3.469304382579829760e-02 6.161151393716403080e-01 -8.431434685507975813e-01 1.230117248114941976e-02 -5.379848334553987144e-01 1.125613689360894565e+00
-5.341188710813624674e-01 4.994213920279104435e-02 8.437981028270873374e-01 4.268458172000689643e+01 3.559674117830481654e-02 9.986969489281134482e-01 -3.655476324485962963e-02 5.796247816194670666e-01 -8.445246170175849665e-01 1.050442393041665576e-02 -5.352005816042278985e-01 6.590279471333162498e-01
-5.315848582318009052e-01 5.052810042572134647e-02 8.455639574943571990e-01 4.343430233708554056e+01 3.849461756825246078e-02 9.986286864690643306e-01 -3.549925821853787411e-02 5.390370006158421434e-01 -8.461980941682081259e-01 1.368537713379578379e-02 -5.328007452370804309e-01 1.921762606265663420e-01
-5.235573973116617319e-01 4.933202277527901775e-02 8.501365551729888059e-01 4.418555408751598890e+01 3.704892809977234497e-02 9.986960513602484157e-01 -3.511169744618537064e-02 4.970222148737424850e-01 -8.507606941588106153e-01 1.310330598894928616e-02 -5.247023003651150042e-01 -2.593962894962088539e-01
-5.169784337571470267e-01 4.781263351076675550e-02 8.542186638381492614e-01 4.496812318377185846e+01 3.432182771321631160e-02 9.987934408638909911e-01 -3.512001221008258928e-02 4.542085585537971593e-01 -8.548678841370894732e-01 1.114029316018073749e-02 -5.179955033225640548e-01 -7.236858551489008251e-01
-5.103953304995496598e-01 4.726677918338779982e-02 8.586911863557914470e-01 4.576713641159143009e+01 3.245713426748605968e-02 9.988355616152762018e-01 -3.570284836920830512e-02 4.110984690375260042e-01 -8.593788176036706306e-01 9.656031148064380884e-03 -5.113350308250468323e-01 -1.191956612086271905e+00
-5.038344317480478729e-01 4.584390242649584446e-02 8.622830478831259304e-01 4.656841771695731325e+01 2.974572990541079348e-02 9.989191201867740899e-01 -3.571291031867295657e-02 3.653418910144206055e-01 -8.629885308889269080e-01 7.648115614776689226e-03 -5.046533796923886594e-01 -1.640247926694661462e+00
-4.987340330653546316e-01 4.444983656671652739e-02 8.658390560381813428e-01 4.740525238290192078e+01 2.561685418043259041e-02 9.990040045350712106e-01 -3.654219495058622091e-02 3.216812284103403585e-01 -8.666006838462380069e-01 3.969804298266775382e-03 -4.993760508096976580e-01 -2.104308509385893089e+00
-4.974455377811559664e-01 4.077213706482309130e-02 8.668611620982642485e-01 4.824691675607720498e+01 2.061212073934997474e-02 9.991686047309793484e-01 -3.519443584862945451e-02 2.789486727310611092e-01 -8.675748908758034172e-01 3.864075798486837866e-04 -4.978723386764316583e-01 -2.569963921088279424e+00
-4.975082863424981072e-01 3.814414701431412952e-02 8.666596332408944559e-01 4.911177017281547563e+01 1.747097148753286658e-02 9.992706756208641350e-01 -3.395556195269153893e-02 2.281725817298499437e-01 -8.673229610642850806e-01 -1.753097772349722491e-03 -4.978118828296203557e-01 -3.053332163564538515e+00
-4.989255207408223036e-01 3.713043437981263656e-02 8.659696441525479571e-01 4.998775374671969018e+01 1.641970759214460979e-02 9.993072999056215044e-01 -3.341448693501659212e-02 1.854024635346569749e-01 -8.666103233478119616e-01 -2.435194344879307738e-03 -4.991895372576795054e-01 -3.540537568540887747e+00
-4.989063947138282495e-01 3.625680814159010917e-02 8.655686806434297331e-01 5.086781440130096854e+01 1.638755330900697194e-02 9.993404223788026064e-01 -3.240631101348602494e-02 1.357720456860222469e-01 -8.661729706956446950e-01 -1.989339484311218424e-03 -4.991713628700523708e-01 -4.022472618703468505e+00
-4.989227004943500021e-01 3.558751817331081563e-02 8.659903365486364413e-01 5.176594681472010251e+01 1.557205574313357509e-02 9.993633371960828349e-01 -3.211458298737648875e-02 8.900946119455196981e-02 -8.665816511222199647e-01 -2.520906089675888518e-03 -4.991591666413844885e-01 -4.535682938493009075e+00
-4.988892599642739123e-01 3.598559165033472090e-02 8.661376865997884034e-01 5.266713238150265397e+01 1.665686991729876248e-02 9.993512484192778045e-01 -3.194027828212786524e-02 4.485048460311709395e-02 -8.667250890651022610e-01 -1.495519883776548747e-03 -4.991650509893361676e-01 -5.044976738176131015e+00
-4.999174221842906940e-01 3.475541104255438357e-02 8.653379676247535679e-01 5.357390737390178970e+01 1.581680208010535424e-02 9.993940973227345426e-01 -3.099202860603308962e-02 -7.307911660323740399e-03 -8.658914400929639266e-01 -1.826956368690682174e-03 -5.001641849136054807e-01 -5.550833110672962256e+00
-4.989239810747274073e-01 3.269533769326054412e-02 8.661255629019988245e-01 5.450816351141820348e+01 1.384266851420261867e-02 9.994612940494771447e-01 -2.976497786805421333e-02 -5.594558399024647521e-02 -8.666320352167745655e-01 -2.851969142608796071e-03 -4.991078147791014885e-01 -6.053913726527206940e+00
-4.999527447700313765e-01 3.289869731684524901e-02 8.655309606994348037e-01 5.541562462700296265e+01 1.380716620646669709e-02 9.994541327171393430e-01 -3.001187464157414539e-02 -1.064057133892875734e-01 -8.660458450017941567e-01 -3.051535992148152014e-03 -5.001341806583660121e-01 -6.563784568830937971e+00
-4.975680609552343703e-01 3.178565201918491512e-02 8.663597850067120687e-01 5.634128044891794929e+01 1.219987221016436210e-02 9.994857439184976489e-01 -2.964975189490042656e-02 -1.603283058005300077e-01 -8.668569288605476597e-01 -4.199969121926142371e-03 -4.976998198803774809e-01 -7.075984555877131044e+00
-4.961610798139687306e-01 3.042805867980354767e-02 8.678675436376110941e-01 5.726176725568565473e+01 1.160789254616655976e-02 9.995288883155718507e-01 -2.841896532635061062e-02 -2.160551635185591901e-01 -8.683235679864920176e-01 -4.021093895480213308e-03 -4.962803692029733593e-01 -7.596753829989346229e+00
-4.922934011786881392e-01 2.736968379523369369e-02 8.694688845484637163e-01 5.817546153909702866e+01 1.129112716286632782e-02 9.996219464023244905e-01 -2.506268605750363795e-02 -2.645964843983737991e-01 -8.698264955667373011e-01 -2.540467814580965860e-03 -4.924161485542485894e-01 -8.089603590780672704e+00
-4.908395905754879274e-01 2.669894818532620590e-02 8.712152342898785706e-01 5.910335939845877107e+01 1.256284236887767781e-02 9.996433550594692186e-01 -2.357618554516154388e-02 -3.125392453673278004e-01 -8.715338628496027695e-01 -6.118629390945507299e-04 -4.909998868918945547e-01 -8.619338799906648418e+00
-4.880403692719093578e-01 2.501892264893567155e-02 8.725192128885344012e-01 6.002676421850971877e+01 1.181802272372585103e-02 9.996870817072838200e-01 -2.203985010752587681e-02 -3.545256669152771489e-01 -8.727978028619252093e-01 -4.555577934110876864e-04 -4.881833738218642194e-01 -9.119406103529408725e+00
-4.856102400293423882e-01 2.561237807251412479e-02 8.732614404051763923e-01 6.094778129933602173e+01 1.267450495463377791e-02 9.996717715366517654e-01 -2.226498713313270275e-02 -4.021028062377115520e-01 -8.735455064405986958e-01 2.368991326177603298e-04 -4.857752532594761252e-01 -9.616553011293596853e+00
-4.842115336309394391e-01 2.466690928902872879e-02 8.747072752572417897e-01 6.184425578408694690e+01 1.225294599581661092e-02 9.996958849277840509e-01 -2.140949431055919755e-02 -4.453355423008898972e-01 -8.749691968840279666e-01 3.571633219354262566e-04 -4.843665842012788714e-01 -1.009591003228184469e+01
-4.842713589833063104e-01 2.789975033767624554e-02 8.741925722907271101e-01 6.274205253774832869e+01 1.207865366431205151e-02 9.996094585103895147e-01 -2.519824468844462928e-02 -4.973682222691243604e-01 -8.745543066480808703e-01 -1.648704544039285378e-03 -4.844192331311327759e-01 -1.059071700308916775e+01
-4.857508128619386634e-01 2.855231713282567127e-02 8.732693330436327450e-01 6.366176421894615345e+01 1.013915053522544338e-02 9.995830928401407967e-01 -2.702938476979366289e-02 -5.424137096536696401e-01 -8.736773211464560207e-01 -4.290507437871851452e-03 -4.858376174549324245e-01 -1.107434522448932412e+01
-4.896237445271278688e-01 2.940175354017133744e-02 8.711932161902239402e-01 6.455949781655026243e+01 9.028874352409222565e-03 9.995485367586807168e-01 -2.865222019330468384e-02 -5.956018971363634673e-01 -8.716427654224024879e-01 -6.183618248624983549e-03 -4.896679450883795748e-01 -1.160153750819547724e+01
-4.976300053739103890e-01 2.909901679143536701e-02 8.671189331304680614e-01 6.544438019880045943e+01 9.018169493345795998e-03 9.995568492325658250e-01 -2.838170792632443637e-02 -6.374755261644828863e-01 -8.675602329685954128e-01 -6.287364062276799316e-03 -4.976719960936866194e-01 -1.208562343651413862e+01
-4.998653981832230642e-01 2.435151937000536865e-02 8.658263729402501108e-01 6.634583861699722718e+01 1.164620644790364222e-02 9.997034286007050463e-01 -2.138892503468951128e-02 -6.926721189119232625e-01 -8.660904197095417034e-01 -6.096394826573234326e-04 -5.000007510977186875e-01 -1.261129779352237534e+01
-5.065852220896136515e-01 2.403425741281970882e-02 8.622928872011851320e-01 6.722084617450741462e+01 8.659803050503046828e-03 9.997031969402275786e-01 -2.278236041104222606e-02 -7.411460771544504667e-01 -8.625842134257343252e-01 -4.056409256274057067e-03 -5.066431032151770264e-01 -1.309413608266158668e+01
-5.107787603859652581e-01 2.580888395421819179e-02 8.591173881409940316e-01 6.809435412983233959e+01 9.903330930011859309e-03 9.996596319408901365e-01 -2.414427281846800652e-02 -7.879926797535474758e-01 -8.594479194198637595e-01 -3.820393156062513659e-03 -5.108603227344292730e-01 -1.359444398970280332e+01
-5.160772348663237308e-01 2.813208525318699332e-02 8.555572625501847162e-01 6.895746140788108391e+01 9.548242495619805800e-03 9.995869504610602752e-01 -2.710344838418510954e-02 -8.311450962955987398e-01 -8.559667049847551334e-01 -5.840469735123725824e-03 -5.161324105639137905e-01 -1.411466941311419987e+01
-5.199735204812994116e-01 2.816997312137510534e-02 8.533864463923295229e-01 6.980796731414895362e+01 8.107992914835999987e-03 9.995737123260209911e-01 -2.804032039496905104e-02 -8.795195907532203927e-01 -8.538128623212913881e-01 -7.682100052071759964e-03 -5.199801929128367028e-01 -1.461274556310407036e+01
-5.242272678699630983e-01 2.818015398321564030e-02 8.511154444700035349e-01 7.066470450300481332e+01 7.037420567883511877e-03 9.995615069824813625e-01 -2.877526679333061721e-02 -9.302159399440257381e-01 -8.515530390759696866e-01 -9.081588766825857834e-03 -5.241955638996582678e-01 -1.514521792957424751e+01
-5.280383768509464559e-01 2.751527677676162895e-02 8.491284577676482259e-01 7.150129927922183981e+01 7.455678574199786114e-03 9.995869760622495548e-01 -2.776319549322540242e-02 -9.770055728086970426e-01 -8.495414179056276494e-01 -8.315089760897401844e-03 -5.280254306474604364e-01 -1.563628119897102664e+01
-5.292544114908277475e-01 1.909673333609149606e-02 8.475824671793074083e-01 7.233915938565417036e+01 7.961409484718628971e-03 9.998142378355189264e-01 -1.755768704006646294e-02 -1.020178980631459842e+00 -8.477605216395757148e-01 -2.555650647240944023e-03 -5.293079523746594406e-01 -1.617226549353826570e+01
-5.316047440563771431e-01 1.065274145499435325e-02 8.468930216455908822e-01 7.317513165671687148e+01 7.947148718684736088e-03 9.999396103089552845e-01 -7.586411962192941144e-03 -1.058689305901368671e+00 -8.469228866988394167e-01 2.693565190369722352e-03 -5.316574699551233074e-01 -1.670447085520005004e+01
-5.329902076142589706e-01 7.549758692042543226e-03 8.456569062142634818e-01 7.400598094780417568e+01 8.118037650915482795e-03 9.999597880636843517e-01 -3.809673982099101228e-03 -1.091164665287236213e+00 -8.456518632726705009e-01 4.830055867825711231e-03 -5.330301831143730018e-01 -1.721944339908836241e+01
-5.344122195769039907e-01 1.314326716100754425e-02 8.445959922405885667e-01 7.483405962589284854e+01 8.775524073787508914e-03 9.999114591168956068e-01 -1.000127839448816149e-02 -1.118977819578607980e+00 -8.446527655833999670e-01 2.058927044583424518e-03 -5.344802909849989403e-01 -1.773964073534946095e+01
-5.358623292692636930e-01 1.836824004696165427e-02 8.444121413611195281e-01 7.564879538137348902e+01 9.198923431763901884e-03 9.998310945442537845e-01 -1.592310789585598199e-02 -1.153920649335486326e+00 -8.445618142085362656e-01 -7.456189244320698224e-04 -5.359409566087608434e-01 -1.825967630351548010e+01
-5.371569200413275347e-01 2.321570313055651424e-02 8.432617618690206873e-01 7.647037715540724889e+01 1.514591590311977626e-02 9.997254314448482670e-01 -1.788683310172394306e-02 -1.188663986637607861e+00 -8.434454717786955547e-01 3.172674308517860892e-03 -5.373610157141287536e-01 -1.878065906391789497e+01
-5.356683479767830880e-01 2.338564930142900122e-02 8.443162447781273894e-01 7.728658081326504714e+01 1.834339777970706367e-02 9.997028499168603144e-01 -1.606115182905468522e-02 -1.231166333237904142e+00 -8.444409653640948532e-01 6.888608929246506189e-03 -5.359380883277115037e-01 -1.931482482771653864e+01
-5.356634962435293801e-01 1.952482002713919196e-02 8.444302213062720996e-01 7.811036935931234382e+01 1.730005294400543611e-02 9.997765805806864137e-01 -1.215218214873314134e-02 -1.265970441073165365e+00 -8.444789416728157860e-01 8.104374537827521360e-03 -5.358816065997303868e-01 -1.983101002733803853e+01
-5.342664553335465527e-01 1.475349860971940721e-02 8.449977194726100427e-01 7.893243889976125161e+01 1.594648570852107150e-02 9.998457339467677896e-01 -7.373419085505506301e-03 -1.295297537569702007e+00 -8.449761862639143528e-01 9.532517008900065481e-03 -5.344194246779794266e-01 -2.033508513247484473e+01
-5.342950530051372438e-01 9.948126195554218495e-03 8.456456498028356306e-01 7.975250305597012357e+01 1.400874096544072432e-02 9.998976155005281363e-01 -2.917590581865631052e-03 -1.320859913704118593e+00 -8.455882062983797187e-01 1.028997138283209781e-02 -5.343796468459767190e-01 -2.085138272451291286e+01
-5.330569302069075865e-01 2.153472024935416604e-03 8.463373070753820171e-01 8.056572916662607042e+01 3.803506610322303014e-03 9.999928044885836309e-01 -1.466421708013900362e-04 -1.344525034492264570e+00 -8.463315432387780168e-01 3.140148112591067270e-03 -5.330611479862049640e-01 -2.133047583470657571e+01
-5.317776601952783899e-01 -2.595736313689407746e-03 8.474945983241931602e-01 8.139290596788903542e+01 -3.445666515284657398e-03 9.999936624856492484e-01 9.091241563525981643e-04 -1.354954404014502289e+00 -8.474915589677359806e-01 -2.442285633029513126e-03 -5.317833426643637784e-01 -2.182729960005718084e+01
-5.292877983984393131e-01 -2.799894254648627526e-03 8.483268926594076387e-01 8.221011644114453532e+01 -1.080609870310060951e-03 9.999960039077129270e-01 2.626728224395536056e-03 -1.376534572895703912e+00 -8.483308068659280998e-01 4.811970330570291676e-04 -5.292887232781334772e-01 -2.233807717113768732e+01
-5.264052625677458908e-01 3.777516690456493489e-04 8.507307385191538174e-01 8.302265400669767814e+01 3.592271180117492715e-03 9.999919173251217153e-01 1.784522928580129864e-03 -1.403573877822416716e+00 -8.507234274569898114e-01 3.998020069414525909e-03 -5.264023304928493463e-01 -2.282687673488670654e+01
-5.211273613488981438e-01 3.608030072455419620e-03 8.538233251395953571e-01 8.383936477449705649e+01 5.761209392202733606e-03 9.999832182936023717e-01 -7.078152630269439602e-04 -1.418010988595886257e+00 -8.538115872928945249e-01 4.556314160109852136e-03 -5.211394515530110016e-01 -2.333588483434738947e+01
-5.130159868916471799e-01 5.281839038750095992e-03 8.589271338800237299e-01 8.465608802918373499e+01 1.024084474226077436e-02 9.999475935552207817e-01 -3.542511376038251649e-05 -1.434945401878816806e+00 -8.588823460895458339e-01 8.775340222421058531e-03 -5.130431498421319514e-01 -2.382063978069284005e+01
-5.048920859273672290e-01 7.845681577947056715e-03 8.630152686253567129e-01 8.546292585658481755e+01 1.709630922342800577e-02 9.998534292460637962e-01 9.145844285232718500e-04 -1.459848970224320919e+00 -8.628815946643639823e-01 1.521681972141496891e-02 -5.049521546666578820e-01 -2.429150419887849921e+01
-4.944722166412949260e-01 6.528716256769700500e-03 8.691402519277616756e-01 8.628726634930043815e+01 1.593112698188666604e-02 9.998718614850108377e-01 1.552641560418896623e-03 -1.484169997466255886e+00 -8.690188810175589751e-01 1.461460099747719128e-02 -4.945129160801354784e-01 -2.476207495893196509e+01
-4.840876773510631725e-01 5.533772431125863478e-03 8.746681321886071725e-01 8.711794090904922427e+01 1.343557935072457396e-02 9.999091206575942969e-01 1.114126133881787172e-03 -1.495834539289644383e+00 -8.745825623203494770e-01 1.229278866363177868e-02 -4.841180307737249500e-01 -2.519692005507326371e+01
-4.723293341172330462e-01 1.321470750666907910e-03 8.814392987243250266e-01 8.795841443045362951e+01 1.321556298384150147e-02 9.998971401949849902e-01 5.580971761118962669e-03 -1.512323716714335742e+00 -8.813412396190472009e-01 1.428278718208201258e-02 -4.722982369191978114e-01 -2.564284374571528247e+01
-4.605614243748233916e-01 1.427832031495974638e-03 8.875083198362363479e-01 8.880382602593216745e+01 1.396116581852968087e-02 9.998866925330200939e-01 5.633126820334351248e-03 -1.530772028402479723e+00 -8.873997653867919944e-01 1.498530449696473463e-02 -4.605292688696377423e-01 -2.607592993388970015e+01
-4.492318848558761180e-01 6.151700617587997416e-04 8.932223248430283258e-01 8.964203658891027260e+01 1.367854070684241218e-02 9.998873095690755664e-01 6.193223468515298910e-03 -1.535358071547607173e+00 -8.931178428300560190e-01 1.500393108467913857e-02 -4.491895438423804121e-01 -2.648545011087046319e+01
-4.375191500931509547e-01 1.561270266177970959e-04 8.997100549475725018e-01 9.049520779412931404e+01 1.625083262213257093e-02 9.998382217205935563e-01 7.723336701921193828e-03 -1.552875546271357265e+00 -8.995634013280947583e-01 1.799180953910136868e-02 -4.374509767063305965e-01 -2.690029677108831052e+01
