1.0 0.0 0.0 0.0 0.0 1.0 0.0 0.0 0.0 0.0 1.0 0.0
0.998114 0.06138753 0.0001781254 0.08325195 -0.061387733 0.9981048 0.004287677 0.016235352 8.544617e-05 -0.004290526 0.99999076 -0.0010986328
0.9993215 0.036827616 0.0004504484 0.2697754 -0.036829516 0.999307 0.005404885 -0.018432617 -0.00025106003 -0.005417808 0.9999853 -0.0012207031
0.9979443 0.064035706 0.0022694569 0.42529297 -0.06404795 0.99792916 0.005810915 -0.04650879 -0.001892603 -0.005944336 0.99998057 0.009765625
0.99524945 0.09725284 0.0045271055 0.60131836 -0.09727819 0.9952405 0.005765879 -0.08215332 -0.0039448086 -0.0061787805 0.9999731 -0.00036621094
0.99101007 0.13359824 0.007101538 0.796875 -0.13362035 0.9910288 0.0027347628 -0.1496582 -0.006672441 -0.0036591098 0.99997103 0.0064697266
0.9845372 0.17498504 0.008378467 0.98669434 -0.17499168 0.98457164 5.9658487e-05 -0.20861816 -0.008238754 -0.001525135 0.9999649 -0.0057373047
0.9761477 0.21685746 0.009736899 1.192627 -0.21687007 0.9761935 0.00024332223 -0.28295898 -0.00945223 -0.0023500414 0.99995255 0.0014648438
0.9638212 0.26614788 0.013216202 1.416626 -0.26617208 0.96390504 7.600535e-05 -0.36535645 -0.012719121 -0.00359145 0.9999127 -0.011230469
0.9497232 0.31260353 0.018798087 1.6627197 -0.3125944 0.9499057 -0.0034975577 -0.48535156 -0.018949583 -0.0025517028 0.99981725 -0.01965332
0.93288356 0.35930002 0.025541257 1.8862305 -0.3590884 0.9332297 -0.0125976605 -0.6081543 -0.028361367 0.0025798874 0.9995943 -0.010009766
0.91124463 0.41098177 0.027981615 2.1032715 -0.41058767 0.91165614 -0.018876754 -0.74816895 -0.03326738 0.005715237 0.99943024 -0.010009766
0.88615143 0.46236217 0.03220392 2.364502 -0.46192837 0.8867315 -0.020256426 -0.91552734 -0.03791927 0.0030722348 0.9992757 -0.01940918
0.85834503 0.5116787 0.03587635 2.5909424 -0.51119393 0.8590946 -0.022284184 -1.0888672 -0.042224873 0.00077691954 0.99910736 -0.03857422
0.825697 0.5630074 0.037473865 2.8432617 -0.5623563 0.8265459 -0.02709549 -1.2993164 -0.046225913 0.0013041729 0.99893016 -0.044433594
0.7898587 0.6121231 0.037646066 3.0682373 -0.6112017 0.7907469 -0.03376969 -1.5128174 -0.050440863 0.0036618765 0.9987202 -0.055786133
0.75226915 0.6577434 0.037540622 3.2995605 -0.656673 0.7531961 -0.037694935 -1.7644043 -0.053068478 0.0037039928 0.99858403 -0.07128906
0.71242666 0.700851 0.03569871 3.5281982 -0.69968045 0.71330917 -0.04068733 -2.0443115 -0.05397958 0.0040100683 0.998534 -0.09069824
0.6705555 0.7409936 0.035411227 3.734253 -0.73975897 0.6714852 -0.042829514 -2.3330078 -0.05551638 0.002520265 0.99845445 -0.10534668
0.62762755 0.77757114 0.038405657 3.9608154 -0.7763664 0.62879634 -0.043350562 -2.6577148 -0.05785288 -0.0026108194 0.9983214 -0.13671875
0.5859965 0.8093343 0.038879786 4.1953125 -0.8081473 0.5872587 -0.044171795 -2.9891357 -0.0585811 -0.0055350587 0.99826735 -0.15625
0.5459269 0.83693296 0.038927145 4.4156494 -0.8357328 0.54725826 -0.045465417 -3.3613281 -0.05935542 -0.0077048186 0.99820757 -0.17626953
0.5070456 0.86091775 0.040219482 4.6345215 -0.8595997 0.5085422 -0.048649386 -3.777954 -0.062330674 -0.009910988 0.9980058 -0.19604492
0.46981055 0.8817445 0.040239666 4.84729 -0.8805336 0.4713542 -0.047960185 -4.197876 -0.06126574 -0.012908943 0.998038 -0.21875
0.4328183 0.9005701 0.03918948 5.0493164 -0.89943945 0.4343394 -0.04746732 -4.6713867 -0.05976066 -0.014691802 0.9981047 -0.25378418
0.39909032 0.9163306 0.034972787 5.249756 -0.91522825 0.4003987 -0.04685744 -5.166382 -0.056939945 -0.013306612 0.998289 -0.27661133
0.36922687 0.92879 0.031097021 5.4473877 -0.9277276 0.37034354 -0.045970876 -5.673462 -0.054219358 -0.011877348 0.99845856 -0.305542
0.3447646 0.93811184 0.027893286 5.6289062 -0.9371387 0.34571797 -0.044109423 -6.2215576 -0.051024467 -0.010931101 0.99863756 -0.33996582
0.32422665 0.94562757 0.02583374 5.8323975 -0.94467026 0.32509425 -0.043762814 -6.7980957 -0.04976501 -0.010220183 0.998708 -0.37219238
0.30963272 0.950495 0.024425492 6.0184326 -0.949527 0.31044695 -0.043949068 -7.3928223 -0.049354725 -0.009591625 0.99873495 -0.40686035
0.29884118 0.9541057 0.02352385 6.219116 -0.95304036 0.29963925 -0.045891054 -8.0407715 -0.05084264 -0.008710336 0.9986689 -0.43530273
0.28727153 0.95754 0.024750426 6.415283 -0.9564113 0.2881613 -0.04754498 -8.67688 -0.052661788 -0.010002339 0.99856275 -0.47021484
0.27620798 0.9607439 0.026419299 6.6088867 -0.95954025 0.27722284 -0.04946924 -9.342773 -0.054852992 -0.011697305 0.99842566 -0.5118408
0.26563847 0.9637908 0.027390366 6.8135986 -0.96250385 0.2667449 -0.051382687 -10.042969 -0.05681904 -0.01272563 0.9983029 -0.5493164
0.25499132 0.9665609 0.028038368 6.9974365 -0.9651595 0.25618005 -0.053724885 -10.765991 -0.0591035 -0.013360842 0.9981622 -0.58203125
0.24490856 0.9691045 0.029224185 7.19104 -0.96762854 0.2462074 -0.05543577 -11.499634 -0.06093332 -0.014708138 0.9980339 -0.62475586
0.23296599 0.9719885 0.029110994 7.380127 -0.9704403 0.23429722 -0.056861598 -12.265381 -0.062091883 -0.014993147 0.9979582 -0.6619873
0.2238886 0.9741571 0.030817656 7.562134 -0.97246695 0.22538932 -0.05970783 -13.046265 -0.06511304 -0.016606018 0.9977397 -0.7089844
0.21277964 0.97662103 0.033197153 7.739624 -0.9747192 0.21453351 -0.06375109 -13.832153 -0.06936723 -0.018805781 0.9974129 -0.7626953
0.20059729 0.97917163 0.03316764 7.9105225 -0.9770531 0.20243573 -0.06710565 -14.633423 -0.072423 -0.018932043 0.997195 -0.8062744
0.1876481 0.98153365 0.034176648 8.069702 -0.9793113 0.18962945 -0.069135934 -15.440552 -0.07434189 -0.020483647 0.9970227 -0.8519287
0.17226583 0.98440206 0.03378477 8.217285 -0.98206663 0.17429131 -0.07094069 -16.253662 -0.075727776 -0.02095459 0.9969086 -0.89953613
0.15870582 0.98668176 0.03422845 8.354858 -0.9844973 0.16076367 -0.06944036 -17.071655 -0.0740083 -0.022682946 0.9969989 -0.95080566
0.14260048 0.98923457 0.033826467 8.478516 -0.98713183 0.14464386 -0.068637624 -17.89087 -0.07280762 -0.023596995 0.9970679 -0.9979248
0.1212843 0.9920216 0.03510436 8.590698 -0.9902056 0.12338816 -0.06571762 -18.724731 -0.06950993 -0.02679278 0.99722064 -1.043335
0.09570985 0.99470717 0.03693782 8.673096 -0.99297714 0.09799515 -0.06605231 -19.555176 -0.06930838 -0.030335428 0.9971337 -1.0938721
0.06601924 0.9970469 0.03962608 8.739136 -0.99551046 0.068524525 -0.065536894 -20.402344 -0.068043545 -0.035161015 0.997061 -1.1414795
0.031178825 0.9986336 0.041571632 8.765625 -0.9972282 0.033881053 -0.06601232 -21.261353 -0.067335576 -0.039366893 0.9969542 -1.1894531
-0.0018880381 0.99918133 0.040417712 8.750244 -0.9978515 0.0007618572 -0.06550138 -22.11316 -0.06550421 -0.040420014 0.9970351 -1.2330322
-0.038078304 0.99853355 0.038488276 8.736328 -0.9972894 -0.03554881 -0.0644338 -22.980347 -0.062970385 -0.04080551 0.9971811 -1.2713623
-0.06941009 0.99680024 0.03981405 8.68042 -0.9957973 -0.06683519 -0.06275515 -23.831665 -0.059863266 -0.043964613 0.9972366 -1.3099365
-0.101542465 0.9940064 0.040062502 8.598999 -0.9932365 -0.09903242 -0.060312632 -24.6875 -0.05599347 -0.04593095 0.9973745 -1.3581543
-0.13466728 0.9902037 0.03666042 8.488892 -0.989583 -0.13250569 -0.056118287 -25.550537 -0.05072636 -0.043829672 0.99775106 -1.3922119
-0.16580603 0.9856084 0.03166519 8.340332 -0.985097 -0.16408925 -0.05074915 -26.390503 -0.044840224 -0.039624184 0.9982086 -1.420044
-0.1944398 0.9805325 0.0253095 8.168579 -0.98010415 -0.19321251 -0.04424113 -27.242065 -0.038477246 -0.03341478 0.9987 -1.4464111
-0.22270131 0.9745201 0.020019306 7.963623 -0.9741091 -0.22178258 -0.040131558 -28.073364 -0.034661047 -0.028453577 0.9989935 -1.4664307
-0.25048876 0.9680228 0.011385178 7.741699 -0.96762544 -0.24998711 -0.033916418 -28.90857 -0.02998366 -0.019507641 0.99935985 -1.4838867
-0.27909076 0.9601447 0.007329954 7.502075 -0.9599485 -0.27885234 -0.023744851 -29.73291 -0.020751353 -0.013671631 0.999691 -1.489624
-0.30147102 0.9533848 0.006949201 7.234497 -0.9533857 -0.30140305 -0.009370156 -30.536865 -0.0068383496 -0.009448858 0.9999319 -1.4885254
-0.32687104 0.94498765 0.01126098 6.967041 -0.94499683 -0.32695988 0.0071759336 -31.328125 0.010467004 -0.0083006285 0.9999107 -1.4827881
-0.3511944 0.936043 0.017859476 6.679077 -0.93580735 -0.35154003 0.02274293 -32.128174 0.027571566 -0.008726317 0.9995817 -1.4732666
-0.3761736 0.9262545 0.019052453 6.359741 -0.9256923 -0.3766183 0.032703154 -32.914062 0.037486546 -0.005339667 0.99928313 -1.4436035
-0.39922786 0.9165445 0.018117178 6.0408936 -0.9158041 -0.39963397 0.03688132 -33.69995 0.041036263 -0.0018577911 0.9991554 -1.3977051
-0.4213977 0.9064795 0.016185766 5.6794434 -0.9057223 -0.42170706 0.03704947 -34.464355 0.040413048 0.00096284755 0.9991823 -1.3547363
-0.4429369 0.8963166 0.010815425 5.3117676 -0.8957511 -0.44304514 0.032160953 -35.241333 0.033602994 0.0045668064 0.99942434 -1.3118896
-0.46228164 0.8868676 0.0027901223 4.9176025 -0.8864251 -0.46214628 0.030288905 -35.986694 0.02814446 0.011521667 0.9995374 -1.269043
-0.4754918 0.8799353 -0.00043768995 4.5061035 -0.87952846 -0.47525704 0.03063775 -36.72339 0.02676026 0.014946694 0.99953043 -1.2260742
-0.48601058 0.8735459 -0.0018047299 4.098633 -0.87305105 -0.48566315 0.034712367 -37.444458 0.02944221 0.018469043 0.9993955 -1.1907959
-0.49648777 0.8685218 -0.00134697 3.69812 -0.86795104 -0.49610466 0.03705043 -38.14734 0.031522237 0.019540012 0.99931264 -1.1499023
-0.50578487 0.8627938 0.0059205247 3.2927246 -0.8621176 -0.5056407 0.036703438 -38.85974 0.034664158 0.013446617 0.99930876 -1.1152344
-0.5161705 0.85592306 0.0069194287 2.8863525 -0.8553243 -0.5160846 0.034067046 -39.55432 0.0327441 0.0116864145 0.9993953 -1.0836182
-0.52531314 0.85090977 0.0053684944 2.4508057 -0.85027647 -0.52514774 0.035779454 -40.25537 0.03325018 0.014223656 0.9993456 -1.0461426
-0.53101474 0.84711236 0.0035608995 2.0039062 -0.84643024 -0.53074735 0.03809998 -40.961304 0.034175493 0.017232265 0.9992673 -1.001709
-0.53777295 0.843356 0.0045396406 1.5609131 -0.8425151 -0.5374638 0.04207026 -41.66455 0.037937403 0.018800005 0.99910396 -0.9732666
-0.5349649 0.84471554 0.006330841 1.0924072 -0.84380215 -0.53470916 0.04308401 -42.402344 0.039768387 0.017708708 0.9990516 -0.9403076
-0.5325928 0.8464337 0.003148896 0.6234131 -0.84555525 -0.53220326 0.043707818 -43.15088 0.0386883 0.020618137 0.9990391 -0.90234375
-0.52449346 0.8509823 0.003713328 0.16809082 -0.8501319 -0.524155 0.042604595 -43.900146 0.038209125 0.0192079 0.99908483 -0.86328125
-0.51777416 0.8550559 0.0056634583 -0.29943848 -0.8542236 -0.5175423 0.041160617 -44.68091 0.038136505 0.016506791 0.999136 -0.82373047
-0.51110053 0.8595428 0.007139897 -0.7709961 -0.8587039 -0.51094025 0.040693935 -45.477905 0.038636833 0.014664749 0.999146 -0.7841797
-0.5044061 0.8631187 0.009131175 -1.2225342 -0.86230475 -0.5043465 0.039343167 -46.277588 0.038570013 0.011982517 0.9991839 -0.74194336
-0.49909973 0.86667424 0.012801794 -1.689331 -0.8658763 -0.49920198 0.038006324 -47.112793 0.03932905 0.00786976 0.99919564 -0.7022705
-0.49758178 0.86758685 0.016377045 -2.1564941 -0.86691165 -0.49784353 0.034338407 -47.953857 0.03795484 0.0028710607 0.99927604 -0.6628418
-0.49751565 0.8672972 0.018509634 -2.6409912 -0.8667174 -0.49785972 0.03170429 -48.81848 0.03671189 -0.0002669869 0.9993259 -0.6154785
-0.4988924 0.86657214 0.019193191 -3.1290283 -0.8660298 -0.4992602 0.030673299 -49.694214 0.036183544 -0.0013241665 0.9993448 -0.576416
-0.49888372 0.8661382 0.018742364 -3.6123047 -0.8656264 -0.49923372 0.029797792 -50.573975 0.035178684 -0.0013517421 0.9993801 -0.5303955
-0.49887002 0.8665373 0.019275976 -4.126831 -0.86605006 -0.49923804 0.029130057 -51.471436 0.03488208 -0.0021695346 0.9993895 -0.48742676
-0.49888366 0.86669606 0.018252587 -4.6375732 -0.86619335 -0.49921656 0.029531188 -52.37195 0.03470864 -0.0010851435 0.99939716 -0.44714355
-0.49988684 0.86585426 0.01858175 -5.144409 -0.8653941 -0.5002279 0.028286716 -53.278564 0.033772018 -0.001926548 0.99942726 -0.39868164
-0.49883196 0.86657375 0.019602358 -5.64917 -0.8661852 -0.49920198 0.0262376 -54.21216 0.03252849 -0.0038954476 0.99946344 -0.35388184
-0.49985537 0.8659857 0.019804161 -6.160034 -0.86559135 -0.50023204 0.026428517 -55.119263 0.032786697 -0.0039358214 0.9994546 -0.30749512
-0.49741608 0.8667771 0.020941328 -6.6743164 -0.8664244 -0.49782556 0.0253379 -56.04419 0.032399263 -0.0055284994 0.9994595 -0.25756836
-0.49600592 0.86824137 0.020762855 -7.1968994 -0.8679309 -0.49640292 0.024001475 -56.963745 0.031146348 -0.006116651 0.9994963 -0.20544434
-0.49217343 0.8697544 0.019264447 -7.692505 -0.8695247 -0.4925082 0.020986658 -57.876587 0.027752304 -0.0064065573 0.99959403 -0.15991211
-0.49077943 0.8714856 0.01733958 -8.224243 -0.8712632 -0.4910593 0.020342154 -58.803345 0.026245225 -0.0051318603 0.9996426 -0.115478516
-0.4879741 0.87274605 0.017172398 -8.726685 -0.8725655 -0.4882407 0.018693164 -59.72583 0.024679072 -0.005859746 0.99967813 -0.07714844
-0.4855691 0.873505 0.016471446 -9.226074 -0.8733055 -0.4858224 0.019312274 -60.645996 0.02488416 -0.004988977 0.9996778 -0.033813477
-0.48416686 0.8749269 0.016351938 -9.707275 -0.87475044 -0.48441276 0.018387526 -61.541504 0.02400729 -0.0054070596 0.9996974 0.0056152344
-0.48418173 0.8744947 0.01835993 -10.203247 -0.87424535 -0.4844973 0.02161355 -62.43872 0.027799437 -0.0055853794 0.9995979 0.052368164
-0.485571 0.8735837 0.021004524 -10.687622 -0.87333286 -0.48596632 0.022243828 -63.358154 0.029643212 -0.007533938 0.999532 0.0925293
-0.4893783 0.8715265 0.02290716 -11.214722 -0.8712647 -0.48983693 0.023045568 -64.25598 0.03130514 -0.008664721 0.9994721 0.14135742
-0.49738312 0.86744285 0.023029404 -11.69751 -0.86719084 -0.49784014 0.02265172 -65.14172 0.031119345 -0.008712979 0.9994781 0.17932129
-0.49979424 0.86603606 0.017347936 -12.224121 -0.86587274 -0.5000582 0.017886799 -66.04346 0.024158422 -0.006082187 0.9996897 0.23303223
-0.50640494 0.8624824 0.020808455 -12.705811 -0.8623532 -0.50675094 0.017486604 -66.91919 0.02561754 -0.00910202 0.99963075 0.2770996
-0.5106146 0.85935605 0.020577557 -13.206055 -0.85917753 -0.51096857 0.019207496 -67.79309 0.02703438 -0.007874274 0.9996037 0.31970215
-0.515854 0.85585606 0.022607319 -13.725708 -0.8556267 -0.5162826 0.021461874 -68.65662 0.030055068 -0.008254231 0.9995139 0.35827637
-0.5196836 0.85367787 0.024456274 -14.223633 -0.8534636 -0.52016735 0.021451242 -69.507324 0.031031448 -0.009713256 0.99947095 0.40270996
-0.52388495 0.85139966 0.025864633 -14.755859 -0.85119885 -0.5244123 0.021410134 -70.36426 0.031809818 -0.010804492 0.9994359 0.44970703
-0.52772623 0.8493969 0.025105812 -15.246948 -0.8492083 -0.52822113 0.02070285 -71.20105 0.030839585 -0.010402292 0.99947053 0.49328613
-0.5291127 0.847666 0.019327078 -15.78418 -0.8476347 -0.52937317 0.012273236 -72.03943 0.020657834 -0.009878011 0.99973774 0.5366211
-0.53156114 0.8468707 0.0140722925 -16.31726 -0.8469198 -0.5316552 0.0038145396 -72.87561 0.0107086655 -0.009888498 0.9998937 0.5751953
-0.5329722 0.84561807 0.011929162 -16.833252 -0.8456735 -0.533017 0.00069614826 -73.70642 0.0069514415 -0.009713795 0.9999286 0.6055908
-0.534364 0.8446008 0.014711284 -17.354126 -0.8446263 -0.5344892 0.0062665083 -74.53369 0.013161598 -0.009072348 0.99987215 0.62805176
-0.5357678 0.8444898 0.017533308 -17.874756 -0.8444564 -0.53598475 0.011474022 -75.34741 0.019094342 -0.008670309 0.99978036 0.6578369
-0.5372003 0.8434437 0.013624077 -18.39685 -0.8432903 -0.5373663 0.016310822 -76.168335 0.021087166 -0.0027302396 0.99977404 0.6887207
-0.5358134 0.84449 0.009907633 -18.932983 -0.84432876 -0.5359049 0.016506162 -76.98352 0.019249871 0.000475768 0.9998147 0.72875977
-0.5357903 0.844531 0.008685316 -19.450562 -0.84443635 -0.5358605 0.012647914 -77.806885 0.015338305 -0.0005610408 0.9998823 0.7615967
-0.53436863 0.845031 0.007243525 -19.956543 -0.8449963 -0.5344142 0.007893797 -78.62842 0.010543605 -0.0018981574 0.99994266 0.7891846
-0.5343628 0.84563655 0.006482294 -20.474243 -0.8456395 -0.5343885 0.0030936575 -79.447876 0.0060791587 -0.0038320299 0.9999742 0.8129883
-0.5330161 0.8462562 0.013614733 -20.95459 -0.8463594 -0.53300554 -0.0046990225 -80.26074 0.003275257 -0.014026105 0.99989635 0.83410645
-0.53170913 0.8473244 0.01918865 -21.45288 -0.84753877 -0.5316297 -0.009439686 -81.087036 0.0021880278 -0.021269364 0.9997715 0.84143066
-0.52924466 0.8482026 0.01625581 -21.966064 -0.8483584 -0.52915746 -0.009613369 -81.9032 0.000452206 -0.018886965 0.9998216 0.86035156
-0.52637565 0.85065377 0.012745898 -22.457397 -0.8507482 -0.52633834 -0.0063910875 -82.71399 0.0012652525 -0.014208669 0.9998983 0.88378906
-0.5211004 0.85376054 0.012184355 -22.969604 -0.85383946 -0.5211042 -0.0030974846 -83.528564 0.0037025553 -0.01202211 0.999921 0.89416504
-0.51303613 0.85889447 0.007957147 -23.45874 -0.8589263 -0.5130429 -0.0013178545 -84.34265 0.0029450043 -0.007509252 0.9999675 0.907959
-0.50499344 0.86299026 0.0015004724 -23.934082 -0.8629895 -0.50499535 0.0013495652 -85.14722 0.0019222423 -0.00061292807 0.999998 0.9298096
-0.49455488 0.86911535 0.0020820426 -24.409424 -0.869117 -0.4945562 0.00015511521 -85.96887 0.0011651189 -0.0017327718 0.9999978 0.95080566
-0.4841425 0.8746444 0.0043793498 -24.848999 -0.87465405 -0.48414424 -0.00072461023 -86.797 0.0014871762 -0.0041814577 0.99999017 0.9584961
-0.47236514 0.88141793 0.0023595905 -25.300415 -0.88141567 -0.47235104 -0.0047945143 -87.634766 -0.0031110782 -0.004342259 0.99998575 0.97265625
-0.46060157 0.88748723 0.001629804 -25.738892 -0.88748264 -0.46059075 -0.004552776 -88.47742 -0.0032870197 -0.0035411061 0.9999883 0.9871826
-0.44926608 0.8932039 0.0015822289 -26.153687 -0.8931965 -0.44925314 -0.005237095 -89.31299 -0.003967139 -0.003768491 0.9999851 0.98791504
-0.43755734 0.89969045 -0.0014305746 -26.574097 -0.899674 -0.43755817 -0.0055541997 -90.16333 -0.0056208908 -0.0011408646 0.9999836 1.001831
-0.4248924 0.9053513 -1.3349578e-05 -26.967407 -0.9053512 -0.42489246 -0.0002612305 -91.008545 -0.00024225819 -9.895791e-05 0.99999994 1.0031738
-0.4139589 0.91042715 0.002041984 -27.35083 -0.9103903 -0.41396078 0.008363167 -91.85132 0.008457394 0.0016021908 0.9999629 1.0219727
-0.39903808 0.91673255 0.0043144235 -27.721558 -0.9166547 -0.39906046 0.011982196 -92.69092 0.012707672 0.00082859845 0.9999189 1.0405273
-0.38882974 0.9212943 0.004354906 -28.06958 -0.92123747 -0.38885415 0.010226873 -93.54639 0.01111237 -3.5536534e-05 0.99993825 1.0546875
-0.37535754 0.9267656 0.0032566828 -28.420044 -0.92674243 -0.3753712 0.0065864846 -94.4082 0.0073294314 -0.00054430607 0.999973 1.0805664
-0.3665872 0.9304436 0.005377326 -28.747314 -0.93042195 -0.36661816 0.0068295803 -95.266235 0.008323341 -0.0024979278 0.9999622 1.1029053
-0.3598906 0.93268484 0.014462441 -29.058716 -0.9326647 -0.36005726 0.011252924 -96.13086 0.015708586 -0.009435092 0.99983203 1.1241455
-0.3541556 0.9351803 0.021041663 -29.381714 -0.9351203 -0.35452032 0.017226806 -97.00549 0.023554966 -0.013575641 0.99963033 1.1433105
-0.35047436 0.936367 0.025897022 -29.698242 -0.9363634 -0.35097337 0.018100018 -97.885864 0.0260225 -0.017911375 0.999501 1.1782227
-0.34680033 0.93750185 0.027695514 -30.005249 -0.93754715 -0.3473364 0.01758837 -98.759155 0.02609813 -0.019859444 0.99946195 1.2132568
-0.34151268 0.9393839 0.030622596 -30.315308 -0.93949276 -0.3421284 0.01767738 -99.64209 0.027084433 -0.022737304 0.9993746 1.2519531
-0.33581853 0.9416101 0.03131229 -30.622559 -0.94183 -0.3363656 0.014096893 -100.53064 0.023796465 -0.024760464 0.9994103 1.2800293
-0.3298714 0.9434444 0.027817536 -30.932129 -0.9436597 -0.3302586 0.010571572 -101.39795 0.019174162 -0.022764828 0.99955684 1.3094482
-0.32490444 0.94541454 0.030186651 -31.225464 -0.94576156 -0.32523122 0.006500846 -102.29553 0.015949726 -0.026434146 0.99952334 1.3516846
-0.318341 0.9474739 0.035084598 -31.50354 -0.9479769 -0.3187236 0.005769806 -103.1687 0.016637035 -0.03141605 0.99936795 1.368042
-0.31185922 0.94923764 0.044986717 -31.770874 -0.95011 -0.3124 0.005369516 -104.02466 0.019133057 -0.041067623 0.9989735 1.3902588
-0.3045263 0.951487 0.04487717 -32.04602 -0.9522696 -0.30523214 0.009645027 -104.89868 0.022878783 -0.039780796 0.99894595 1.4245605
-0.29788205 0.953819 0.041873906 -32.322388 -0.9544113 -0.2986393 0.013046336 -105.76538 0.024916733 -0.03607042 0.9990385 1.4613037
-0.2904762 0.9558715 0.043437354 -32.58081 -0.95661175 -0.29113305 0.009499196 -106.64209 0.021746272 -0.03880414 0.9990103 1.4940186
-0.2849176 0.9576856 0.04374586 -32.835327 -0.9585252 -0.285404 0.005176899 -107.516235 0.017433494 -0.0404477 0.9990294 1.5275879
-0.27549902 0.9603556 0.04298183 -33.08423 -0.9612074 -0.2758664 0.0027422449 -108.40491 0.014490221 -0.040542245 0.9990722 1.5583496
-0.2673955 0.96244526 0.04568963 -33.315674 -0.9633602 -0.26793697 0.0060448037 -109.28052 0.01807947 -0.04241014 0.9989367 1.5860596
-0.2608737 0.9641081 0.047484804 -33.54724 -0.9650439 -0.26157475 0.009088787 -110.15234 0.021184519 -0.04344793 0.9988307 1.6081543
-0.25436592 0.9659772 0.04674334 -33.77112 -0.9668607 -0.25509626 0.010278189 -111.02637 0.021860864 -0.0425816 0.99885374 1.6293945
-0.24794094 0.9675396 0.048422024 -33.9834 -0.96852386 -0.2486538 0.009196664 -111.90845 0.020944329 -0.044606987 0.99878454 1.6628418
-0.2392253 0.96995056 0.044393998 -34.19922 -0.97077966 -0.2398255 0.008638033 -112.795654 0.019037744 -0.041030005 0.99897635 1.6940918
-0.23049782 0.972125 0.03970614 -34.413696 -0.97274274 -0.23107229 0.010472439 -113.678955 0.019364655 -0.036204036 0.9991565 1.7224121
-0.22473349 0.9736849 0.038623363 -34.627686 -0.97426313 -0.22529185 0.010712511 -114.5791 0.019136934 -0.035229087 0.99919623 1.7550049
-0.21555172 0.97539634 0.044622775 -34.81006 -0.9762348 -0.21616815 0.009416487 -115.47449 0.018844446 -0.04152777 0.9989593 1.7828369
-0.21055399 0.97642046 0.04771351 -34.999023 -0.9774146 -0.21117924 0.008401825 -116.38086 0.018286832 -0.044859305 0.9988256 1.8126221
-0.20481896 0.97768176 0.044901203 -35.190063 -0.9785715 -0.20535208 0.007544853 -117.2937 0.016608348 -0.0423948 0.99896264 1.8464355
-0.2006271 0.9787819 0.043916337 -35.375366 -0.97962725 -0.2011527 0.007861041 -118.17615 0.01651009 -0.04144904 0.9990046 1.8706055
-0.1955868 0.9797095 0.04390809 -35.550903 -0.98054785 -0.196131 0.008404724 -119.0802 0.016840661 -0.041397724 0.9990005 1.908081
-0.18918537 0.98131424 0.037514802 -35.74463 -0.9819292 -0.18957746 0.007163042 -119.958374 0.01412639 -0.035479747 0.9992706 1.9246826
-0.18477295 0.98238504 0.02957638 -35.92212 -0.9827723 -0.18500485 0.0052854028 -120.85022 0.010657904 -0.02809235 0.9995486 1.9543457
-0.1805971 0.9832531 0.026016084 -36.087524 -0.98354983 -0.18078436 0.00501909 -121.75574 0.009629893 -0.024672756 0.9996491 1.9752197
-0.17560862 0.98416084 0.028478082 -36.242188 -0.9845081 -0.17585492 0.006378201 -122.64172 0.0112723075 -0.026920296 0.9995742 1.9891357
-0.17060636 0.98495597 0.029579012 -36.39502 -0.9853019 -0.17093562 0.008971734 -123.53186 0.013887375 -0.027608378 0.9995223 2.0030518
-0.16913354 0.9850899 0.031628914 -36.542603 -0.98551565 -0.16944657 0.007478759 -124.416016 0.012725212 -0.029921845 0.99947155 2.0233154
-0.16783488 0.9854084 0.03187011 -36.692017 -0.9858523 -0.16812372 0.006599878 -125.30127 0.011846597 -0.030309103 0.9994705 2.039917
-0.16852582 0.9852381 0.028634243 -36.835327 -0.98563635 -0.16862524 0.0010777055 -126.19202 0.0058878353 -0.028042257 0.9995894 2.0670166
-0.16730928 0.98548955 0.029436681 -36.98059 -0.98592883 -0.16725147 -0.004436364 -127.0719 0.000547437 -0.029756548 0.9995569 2.0800781
-0.16515552 0.98586214 0.02819482 -37.126953 -0.98626465 -0.16505815 -0.0057608765 -127.95056 -0.0010318811 -0.028759882 0.99958605 2.09375
-0.16358995 0.9860037 0.028641203 -37.267822 -0.98641443 -0.16361596 -0.0014578258 -128.81738 0.0032606348 -0.028492458 0.9995886 2.1004639
-0.16352832 0.9860668 0.028924366 -37.41284 -0.9864586 -0.16369 0.003294493 -129.682 0.007986035 -0.027994301 0.9995762 2.11792
-0.1635636 0.9860326 0.031778384 -37.54602 -0.9865105 -0.16374041 0.0030265152 -130.5459 0.0081787985 -0.030853739 0.99949056 2.133667
-0.1636275 0.98587316 0.033379033 -37.68225 -0.9864222 -0.16372454 0.00016786717 -131.41248 0.005644197 -0.03289955 0.9994426 2.1501465
-0.16071738 0.9865061 0.027701413 -37.82617 -0.98687166 -0.16084385 0.0023826398 -132.2622 0.0068154903 -0.026961835 0.9996133 2.1639404
-0.16221334 0.98642504 0.028710004 -37.961914 -0.98680866 -0.16238081 0.0035901614 -133.12573 0.0081928475 -0.027745597 0.9995816 2.1895752
-0.16080298 0.98625255 0.038638506 -38.08606 -0.9869397 -0.16113424 0.00559905 -133.98523 0.011754435 -0.037244156 0.99923736 2.1987305
-0.16087388 0.9859665 0.044822007 -38.212646 -0.98688793 -0.16132784 0.0066832253 -134.84973 0.013811292 -0.043159537 0.99897283 2.222168
-0.1607909 0.986037 0.0439415 -38.338623 -0.9868549 -0.16140854 0.010872017 -135.69446 0.017805219 -0.041617952 0.9989751 2.2388916
-0.16076599 0.9861095 0.041642517 -38.480835 -0.98683923 -0.16133189 0.010584801 -136.56873 0.017151868 -0.03939476 0.99907655 2.277832
-0.1586219 0.9862484 0.044008747 -38.60083 -0.98704964 -0.15928733 0.012010215 -137.37659 0.018880427 -0.04153084 0.9989584 2.2944336
-0.15575932 0.98701954 0.036713324 -38.746094 -0.98757666 -0.15622473 0.0101396125 -138.23376 0.015760958 -0.03467943 0.9992739 2.319336
-0.15441929 0.98767304 0.029429644 -38.87805 -0.98804605 -0.1546824 0.006884874 -139.0752 0.011334017 -0.028014477 0.99954337 2.3468018
-0.15291333 0.9879981 0.022607777 -39.013428 -0.98824143 -0.15299894 0.002095214 -139.9043 0.005536576 -0.022027439 0.99974203 2.3742676
-0.14793418 0.9887708 0.018534636 -39.135376 -0.9889295 -0.14800908 0.0027285488 -140.73584 0.005445161 -0.017929826 0.99982446 2.3793945
-0.14298078 0.98949033 0.020527342 -39.25049 -0.98965037 -0.14315736 0.0073942197 -141.55554 0.010258882 -0.019268213 0.99976176 2.4074707
-0.13738546 0.99033487 0.017513223 -39.36548 -0.9904202 -0.13756382 0.009415581 -142.38232 0.01173939 -0.016053705 0.9998021 2.4256592
-0.12755942 0.9916907 0.015573014 -39.476074 -0.99172586 -0.12774062 0.011252452 -143.22778 0.0131488405 -0.01401685 0.9998154 2.4285889
-0.11861684 0.9928245 0.014786501 -39.572754 -0.9929045 -0.11871612 0.006028328 -144.03479 0.007737312 -0.013963023 0.9998725 2.4504395
-0.10675013 0.99424696 0.009026806 -39.665894 -0.9942698 -0.10679853 0.0050547915 -144.83679 0.005989488 -0.008434193 0.9999464 2.4770508
-0.092212334 0.9957693 0.0046802377 -39.750977 -0.9957657 -0.09223533 0.00498638 -145.70251 0.0053951056 -0.0042016506 0.99997663 2.5109863
-0.07776308 0.9969672 0.004836076 -39.810425 -0.9969589 -0.07779133 0.0059568756 -146.45752 0.0063152597 -0.004355699 0.99997056 2.5283203
-0.064036846 0.9979469 0.0029557329 -39.864258 -0.99793315 -0.06405332 0.0058357264 -147.27722 0.006012175 -0.0025765123 0.99997854 2.5419922
-0.05104232 0.99868876 -0.0008460013 -39.901733 -0.9986525 -0.05103325 0.008598977 -148.04749 0.008546333 0.0012828931 0.9999626 2.5524902
-0.03684306 0.9993109 0.003252225 -39.929565 -0.99923176 -0.03688206 0.012876478 -148.87927 0.012986142 -0.0027729413 0.9999117 2.5805664
-0.023997307 0.9996586 0.011221938 -39.924316 -0.9994416 -0.024254557 0.0233907 -149.61084 0.023652654 -0.010652999 0.99966335 2.5975342
-0.010596156 0.9997893 0.017668098 -39.92285 -0.99944615 -0.011147262 0.031410437 -150.42749 0.031587046 -0.01732557 0.9993507 2.6253662
