1.000000000000000000e+00 4.398956837314658088e-19 2.733407509747682871e-20 -8.673617379884035472e-19 -5.583667658079949532e-19 1.000000000000000000e+00 -6.100159232558060012e-19 0.000000000000000000e+00 4.145284534913582806e-20 -2.210423569125054137e-19 1.000000000000000222e+00 0.000000000000000000e+00
9.999418845282377344e-01 -1.012234630868711748e-03 1.073326428038325238e-02 6.951705049388433311e-02 1.008249484998686735e-03 9.999994207659723688e-01 3.766945162072221588e-04 -5.178704616548734929e-03 -1.073363955195305239e-02 -3.658508089591861259e-04 9.999423258979229789e-01 2.859069943228216282e-01
9.998536134750181104e-01 -2.568992880443914800e-03 1.691602553896531108e-02 1.070786311790885431e-01 2.555365112084273700e-03 9.999963929325353940e-01 8.271796717603476954e-04 -6.228320738512219124e-03 -1.691808983234662986e-02 -7.838319520374940029e-04 9.998565716267725501e-01 5.370337421151907265e-01
9.997842154523918223e-01 -6.363089445988480246e-03 1.977457097916723860e-02 9.026261888450833049e-02 6.378565112111490333e-03 9.999793978041884301e-01 -7.196269525498474959e-04 -1.495831400929500954e-02 -1.976958487132288861e-02 8.456050872776576816e-04 9.998042050546306347e-01 9.170626521778892926e-01
9.998258002257176535e-01 -6.910679671366830486e-03 1.733815852519089706e-02 9.182584034073124069e-02 6.942832605386885930e-03 9.999742872778053515e-01 -1.794950287211482479e-03 -1.649066313785575721e-02 -1.732530868848836114e-02 1.915013578098634416e-03 9.998480716500921517e-01 1.186578484058474547e+00
9.998921092316307435e-01 -1.037125079374391808e-02 1.040226342509864739e-02 9.291832116344872494e-02 1.040853238569765422e-02 9.999395767971737126e-01 -3.536267872057981005e-03 -1.706021617961393788e-02 -1.036495954776247772e-02 3.644158687509444980e-03 9.999396420323400925e-01 1.529062920666930392e+00
9.999332113623816687e-01 -1.147051577805237657e-02 -1.414249069797785842e-03 5.899129261873813784e-02 1.146396350109047876e-02 9.999239014296769090e-01 -4.557287685657901259e-03 -3.095233564861808728e-02 1.466415910203584805e-03 4.540770459327909438e-03 9.999886154498619506e-01 1.839372640409058679e+00
9.997917172862188506e-01 -1.090952063286622191e-02 -1.724831572193349580e-02 2.219346195007619246e-02 1.082350634214626801e-02 9.999285589727817669e-01 -5.072340954224896850e-03 -3.665610045680202378e-02 1.730242058907959304e-02 4.884597255231779359e-03 9.998383704279034667e-01 2.152842767244247391e+00
9.993285309767214741e-01 -6.404802225715435296e-03 -3.607583155878059389e-02 1.386263574703863397e-02 6.214355009922495517e-03 9.999661710490329591e-01 -5.388741873716504371e-03 -3.580900780191594024e-02 3.610912559829955459e-02 5.160935494476264797e-03 9.993345265052205884e-01 2.514826578714064897e+00
9.984269046086299282e-01 -3.777385063835065129e-03 -5.594146395927829252e-02 -5.341914645577678505e-02 3.442775575189796749e-03 9.999756108899103824e-01 -6.076587555931034328e-03 -5.024291409281737841e-02 5.596305417174245178e-02 5.874434603319853704e-03 9.984155586312889463e-01 2.858914947595650347e+00
9.971382581010813650e-01 -2.951917882520827333e-03 -7.554191030611470681e-02 -1.066148762550649248e-01 2.478230077139724832e-03 9.999766818394281165e-01 -6.363501355444344670e-03 -5.258334301136541322e-02 7.555893464401504389e-02 6.158080411846774370e-03 9.971223223075257325e-01 3.199202050324547297e+00
9.953203856914564218e-01 -3.443136519992024119e-03 -9.656849562691142974e-02 -1.367573719412723265e-01 2.873456907095575229e-03 9.999776446017933917e-01 -6.037676516138763307e-03 -6.238195091781001400e-02 9.658712701163393866e-02 5.731937074180112023e-03 9.953080287466917753e-01 3.580209503120514558e+00
9.932370588583887550e-01 -4.212662494221898479e-03 -1.160275742985615033e-01 -2.088718151263772027e-01 3.608461577058438233e-03 9.999788176032807785e-01 -5.416949700942714357e-03 -7.461019462779290568e-02 1.160479383424353195e-01 4.961634087109569914e-03 9.932312211095781773e-01 3.977925850700688937e+00
9.911112809776942978e-01 -4.075006853107149100e-03 -1.329730143822190624e-01 -2.813141621683843407e-01 3.468506165169074271e-03 9.999825010233069911e-01 -4.792400923089901871e-03 -7.735248779201178704e-02 1.329902188562527010e-01 4.288584817819209721e-03 9.911080719166707187e-01 4.386255284793493914e+00
9.887832985723816748e-01 -3.225894114342687212e-03 -1.493224078421793444e-01 -3.598197018096928046e-01 2.615917420246086349e-03 9.999874140986385607e-01 -4.281193326640608636e-03 -8.681473381491203178e-02 1.493343417438660614e-01 3.842557272024885173e-03 9.887792927247736063e-01 4.812589243145637852e+00
9.866742051005786829e-01 -2.704974074592737983e-03 -1.626858796131394336e-01 -4.562630883331817433e-01 2.023430618743762496e-03 9.999884703427436294e-01 -4.354871654803022310e-03 -9.081912137124499573e-02 1.626957865292323890e-01 3.967655827505588845e-03 9.866683026401255052e-01 5.211624353849131808e+00
9.845084523454321612e-01 -3.325471676495836762e-03 -1.753055838525607868e-01 -5.386008030233865318e-01 2.463381471576224415e-03 9.999837815207529568e-01 -5.135021274713908769e-03 -9.498740397304414329e-02 1.753198200620175451e-01 4.623627205049351575e-03 9.845006772660050975e-01 5.655516682746488222e+00
9.827430684555142903e-01 -6.646930411563932786e-03 -1.848563736618747955e-01 -6.291389419816943995e-01 5.471012307210905944e-03 9.999614306737878433e-01 -6.870602611457772395e-03 -1.089229308272245955e-01 1.848949154902427006e-01 5.740685485320363469e-03 9.827415304139037744e-01 6.100783449915062384e+00
9.811750279599836810e-01 -5.788368734188335460e-03 -1.930338270717394389e-01 -7.312521573579376932e-01 4.208994635961532324e-03 9.999542389423634603e-01 -8.590947490666221015e-03 -1.196033678588528937e-01 1.930747245479580432e-01 7.616744699058959102e-03 9.811544918353303224e-01 6.539230034714807793e+00
9.796025733065230057e-01 -5.539444837858830198e-03 -2.008683946188062619e-01 -8.395910601067286816e-01 3.473856485628742507e-03 9.999374197829147271e-01 -1.063432338330630618e-02 -1.146355613167048954e-01 2.009147359489992235e-01 9.719622485726334832e-03 9.795605130811739780e-01 7.009850275123568508e+00
9.780211662870064160e-01 -6.331449041005753758e-03 -2.084094768003603160e-01 -9.506259642575456414e-01 3.692357879376421785e-03 9.999080328392125905e-01 -1.304961115506296336e-02 -1.338038200701877067e-01 2.084729365194667172e-01 1.199327347176156432e-02 9.779545987229852910e-01 7.493336180026643589e+00
9.762617649863735148e-01 -9.907231929892339195e-03 -2.163673078138258765e-01 -1.056428160651678994e+00 6.857878999154504336e-03 9.998663676663621658e-01 -1.483968645076500469e-02 -1.449344131028559024e-01 2.164854180980665121e-01 1.300359759856685796e-02 9.761992477472650753e-01 8.003094484447109025e+00
9.744726617027260618e-01 -1.533387974866435959e-02 -2.239819246629425609e-01 -1.183744614104917048e+00 1.203453261317899078e-02 9.997981498517783949e-01 -1.608818067367094248e-02 -1.637118618097916645e-01 2.241834119770375611e-01 1.298197439123123520e-02 9.744605006390643087e-01 8.529992099229545488e+00
9.724571683891368723e-01 -1.651611441426460714e-02 -2.324957470288200601e-01 -1.304315380628593424e+00 1.252688129979083811e-02 9.997480723929758062e-01 -1.862441864684254503e-02 -1.848246140647413494e-01 2.327447819780821270e-01 1.519900273328407721e-02 9.724190753096804141e-01 9.026515335612215196e+00
9.703507804361124478e-01 -1.284138645607365084e-02 -2.413596080217617346e-01 -1.454813580731574074e+00 7.669930840651959653e-03 9.997207034609164600e-01 -2.235368467765496206e-02 -1.872039150219819703e-01 2.415792535874826119e-01 1.983970384227958655e-02 9.701782577021103027e-01 9.550334649216948080e+00
9.682263986211276929e-01 -9.725370258616083952e-03 -2.498860876112946883e-01 -1.604305961517072054e+00 3.511323954333707333e-03 9.996737044257941740e-01 -2.530129001881675777e-02 -1.983882243441399407e-01 2.500506196082271093e-01 2.361994590599879318e-02 9.679446199038637122e-01 1.008398389626555058e+01
9.658493002329300303e-01 -1.251894781880422657e-02 -2.588018618455872333e-01 -1.772429609069215761e+00 5.624538245775621316e-03 9.996097381327195830e-01 -2.736304055233499191e-02 -2.231562821148774800e-01 2.590434222871508818e-01 2.497293260190695460e-02 9.655427797404099177e-01 1.066096133225339138e+01
9.635718045020258415e-01 -1.420106847375048054e-02 -2.670724726537351268e-01 -1.931020318428486204e+00 6.652753733571751919e-03 9.995530018084383128e-01 -2.914682537782158772e-02 -2.508661944627895157e-01 2.673670124099846723e-01 2.630829174343847499e-02 9.632355662287032105e-01 1.121031179211499662e+01
9.614561755435928614e-01 -1.426953846073783852e-02 -2.745876929650322706e-01 -2.096345490539159861e+00 5.701089081934456078e-03 9.994723254060581263e-01 -3.197762213607546755e-02 -2.756693351808069958e-01 2.748991106577556853e-01 2.917963341143197178e-02 9.610301918358783446e-01 1.177983441067787318e+01
9.590171351738695504e-01 -1.385832124639947878e-02 -2.830089744679167851e-01 -2.292036173481219130e+00 4.028121512648931944e-03 9.993691015625807417e-01 -3.528700989796386411e-02 -2.997490272081722584e-01 2.833194481425736488e-01 3.270085265531135627e-02 9.584679161542640768e-01 1.239792898995083803e+01
9.567930872121411801e-01 -1.481044702288618689e-02 -2.903922125251907072e-01 -2.477523025802363499e+00 3.144685953745170875e-03 9.991706118092749112e-01 -4.059802254305017871e-02 -3.333245181632946696e-01 2.907526445146194627e-01 3.793071510640035754e-02 9.560461089291482084e-01 1.296715310816553668e+01
9.549759306683439641e-01 -1.569950501132140810e-02 -2.962676079057078860e-01 -2.691689166463132832e+00 1.638026560828377554e-03 9.988627146564474923e-01 -4.765075155934161283e-02 -3.710350199597048371e-01 2.966787654051069034e-01 4.502002676158678440e-02 9.539155671517348667e-01 1.359884798403310668e+01
9.536725316749486980e-01 -1.554787268434163448e-02 -3.004446106070907674e-01 -2.893439052743322915e+00 -1.262247762828709900e-03 9.984480979596522809e-01 -5.567586907260484858e-02 -3.997093239351527383e-01 3.008439964852328563e-01 5.347578277818188647e-02 9.521729004704144739e-01 1.420836846661894093e+01
9.523522431151548728e-01 -1.614433058310940639e-02 -3.045727558980202421e-01 -3.092215281039486285e+00 -3.629721390293678702e-03 9.979274773405185650e-01 -6.424620669043885901e-02 -4.483525785566274124e-01 3.049787391807197157e-01 6.229053360692552582e-02 9.503198725041225314e-01 1.482356153751142891e+01
9.510263049729172913e-01 -1.533777399472080125e-02 -3.087291983273829366e-01 -3.323304785705714970e+00 -7.557954178086793116e-03 9.973158096186208743e-01 -7.282893103099744025e-02 -4.992037796993553656e-01 3.090175493489120684e-01 7.159559069595443359e-02 9.483576475381779725e-01 1.546109837496666017e+01
9.496098860134760677e-01 -1.445147273081881859e-02 -3.131009697033539929e-01 -3.548400079214743208e+00 -1.125802766075127692e-02 9.967192988441212487e-01 -8.014921151018301881e-02 -5.516799010791618718e-01 3.132320584810953101e-01 7.963538344132513325e-02 9.463318051060215508e-01 1.612784313793851254e+01
9.480978513921372031e-01 -1.315313751187177291e-02 -3.177065580205708506e-01 -3.789242933816864056e+00 -1.513911954808768411e-02 9.961438738974420781e-01 -8.641868742921245128e-02 -6.191825877208276818e-01 3.176181237635580246e-01 8.674316995290699828e-02 9.442427400262521919e-01 1.676933098620658669e+01
9.464710142599807030e-01 -1.197343002163290572e-02 -3.225666658659254726e-01 -4.032917167387565449e+00 -1.893436913109616815e-02 9.955316780418873579e-01 -9.251036515811981997e-02 -6.853621961611575664e-01 3.222330060210301661e-01 9.366597603841371467e-02 9.420151681336061955e-01 1.744933160049491150e+01
9.448224488517944497e-01 -1.073725252844440203e-02 -3.274068558849265176e-01 -4.284629475684239353e+00 -2.263541242484797336e-02 9.949339449178121741e-01 -9.794939170774333292e-02 -7.583441030416999684e-01 3.267999076326169039e-01 9.995577398017155279e-02 9.397928845822592914e-01 1.811146630895506604e+01
9.428344580271645903e-01 -6.971137695406743988e-03 -3.331885136732340436e-01 -4.517814310049933724e+00 -2.828433437135418130e-02 9.945000632184369804e-01 -1.008445371742465874e-01 -8.259549645191398559e-01 3.320590047122860544e-01 1.045037205452384044e-01 9.374517545685063791e-01 1.881207129989281057e+01
9.413484098219457863e-01 -7.101980803980096832e-03 -3.373614245719065430e-01 -4.806938297523069892e+00 -2.922383604527795109e-02 9.943061372800536812e-01 -1.024757179231149534e-01 -9.160414060012956883e-01 3.361683212303183677e-01 1.063243497492845080e-01 9.357809545331156054e-01 1.951196571889316189e+01
9.391012897022370520e-01 -6.645018533072835805e-03 -3.435762054071376248e-01 -5.079788859169739546e+00 -3.010053911485981518e-02 9.943794262822047703e-01 -1.015062270269636857e-01 -1.002812115533842530e+00 3.423196265992371479e-01 1.056664583891055165e-01 9.336229834945173334e-01 2.022548549644825755e+01
9.368668188077318160e-01 -5.825673908643454711e-03 -3.496378451673973764e-01 -5.366823179184994963e+00 -3.121200165157998405e-02 9.944772694065472374e-01 -1.002036505574062236e-01 -1.082750156715047485e+00 3.482906492624871508e-01 1.047903729830223646e-01 9.315109252903334136e-01 2.094972864077726982e+01
9.343323500919666902e-01 -6.454765732999321291e-03 -3.563444862981177685e-01 -5.637141955089052914e+00 -3.053950334334875130e-02 9.947086186225194693e-01 -9.809231760803614752e-02 -1.176837932377718721e+00 3.550921006964168347e-01 1.025334098926072302e-01 9.291913164330533048e-01 2.167193589849795288e+01
9.313091079434746566e-01 -5.815444724645470707e-03 -3.641833649423418251e-01 -5.937114331518799304e+00 -3.103546551401558176e-02 9.949691149942555546e-01 -9.525366183799596764e-02 -1.266097980528714473e+00 3.629051489020038157e-01 1.000132036928537554e-01 9.264433143723862507e-01 2.238437115504727615e+01
9.277906360067216252e-01 -2.664712427131940130e-03 -3.730917208327508283e-01 -6.249725542104592968e+00 -3.314807118825350424e-02 9.954313706610724566e-01 -8.954100568755921086e-02 -1.335153275038567067e+00 3.716258104212722402e-01 9.544257808024196599e-02 9.234635749128863313e-01 2.317338799441905550e+01
9.242018390560670094e-01 -2.250205569015535829e-04 -3.819043165904893455e-01 -6.569850551758140256e+00 -3.452126761751255629e-02 9.958568286716688034e-01 -8.412763458011299211e-02 -1.419087281570508008e+00 3.803409585181176111e-01 9.093473620363251575e-02 9.203649450168236434e-01 2.391546298863000430e+01
9.207989159592326889e-01 3.687398845528223109e-03 -3.900201998791475444e-01 -6.908017680173751174e+00 -3.793241005687295053e-02 9.960618018646092420e-01 -8.013750169024116965e-02 -1.487658857260687029e+00 3.881887307570554002e-01 8.858493129702456337e-02 9.173124998390488338e-01 2.465175951929030873e+01
9.169136267198713108e-01 4.213872236478008633e-03 -3.990634550268651326e-01 -7.239686085738049393e+00 -3.857522730429076979e-02 9.961978772157508155e-01 -7.811364360328421075e-02 -1.571517226949942003e+00 3.972170126489499853e-01 8.701742817705418465e-02 9.135899601496160205e-01 2.539483155337444487e+01
9.129634229750800412e-01 4.916300768795016547e-03 -4.080117827743720005e-01 -7.600967162080886297e+00 -3.998330720344271672e-02 9.961931835246109479e-01 -7.746274134258883393e-02 -1.647841268649812507e+00 4.060777336069019694e-01 8.703431037229573952e-02 9.096845092933167898e-01 2.617726082396675835e+01
9.091209959696990861e-01 4.248733070806439902e-03 -4.165104553452155245e-01 -7.970130711892182696e+00 -3.971851056020540838e-02 9.962757770832492143e-01 -7.653114378192595046e-02 -1.716263738200623168e+00 4.146341242540546590e-01 8.611924499117859511e-02 9.059039806382218618e-01 2.693297198507290346e+01
9.052622597094042156e-01 4.905264537067535735e-03 -4.248248766876550619e-01 -8.354214166200858216e+00 -4.050100541767940460e-02 9.963758097012759274e-01 -7.479916081615031742e-02 -1.788916971048513327e+00 4.229183280577515358e-01 8.491869237271855442e-02 9.021800857339905555e-01 2.771257690286289943e+01
9.013276731079946646e-01 6.198545306680956421e-03 -4.330935232946651614e-01 -8.739722834732594592e+00 -4.167679714631901400e-02 9.964992237930201391e-01 -7.247304065417282948e-02 -1.862207378134048241e+00 4.311281397482983335e-01 8.337190838494180911e-02 8.984306627410477697e-01 2.848705493813230305e+01
8.976464380095907636e-01 6.156284362386776551e-03 -4.406733127427301389e-01 -9.137215094826089512e+00 -4.023869431197899665e-02 9.968708554475569361e-01 -6.803929087134151510e-02 -1.934360333219935058e+00 4.388755205444785923e-01 7.880734614287970841e-02 8.950852939947507858e-01 2.927002187700171376e+01
8.936977431988105680e-01 7.875483696195020866e-03 -4.486003973444817605e-01 -9.539178451441038931e+00 -4.025991099620191555e-02 9.972201511569793730e-01 -6.269856267141878103e-02 -1.991408968933629842e+00 4.468595822038735621e-01 7.409417630432450774e-02 8.915304654483816593e-01 3.006492204661785905e+01
8.899539227645452133e-01 7.446321286434405377e-03 -4.559896528137371008e-01 -9.954923592774841623e+00 -3.820446793463222468e-02 9.975693702196981594e-01 -5.827323824739722574e-02 -2.060889046785199685e+00 4.544473973289839264e-01 6.928133926247689867e-02 8.880752576254353770e-01 3.087344253371430725e+01
8.863720830556645058e-01 6.659798107229464650e-03 -4.629256670042114497e-01 -1.041052138126766202e+01 -3.685665025024576630e-02 9.977380990425036567e-01 -5.621630649671986724e-02 -2.129698734378719926e+00 4.615041936670645217e-01 6.689045428682668937e-02 8.846126556780108396e-01 3.168503972720641571e+01
8.831591188198536502e-01 6.842517306907339170e-03 -4.690236096410058675e-01 -1.085916704429175006e+01 -3.701019067126336964e-02 9.977928877134352170e-01 -5.513255917267973621e-02 -2.190390740151793025e+00 4.676111844096154657e-01 6.604947578119178819e-02 8.814631309928192548e-01 3.250488722875792291e+01
8.801837111031515226e-01 6.591326801777726459e-03 -4.745873835477993352e-01 -1.131077484485473050e+01 -3.623720798351243860e-02 9.979183166448072351e-01 -5.334695987307491727e-02 -2.241528642195757204e+00 4.732478237744350835e-01 6.415284700079845748e-02 8.785902992555961744e-01 3.330550679481125798e+01
8.770146229768567281e-01 5.581740917313100445e-03 -4.804312548701709096e-01 -1.177122804284565127e+01 -3.487719741414199021e-02 9.980341086247559446e-01 -5.207205762195259852e-02 -2.302646119193223484e+00 4.791961347098853130e-01 6.242405184230397086e-02 8.754851836352238736e-01 3.415985921674428027e+01
8.744004159787557295e-01 4.336928078788327735e-03 -4.851856334564184636e-01 -1.225689732926034736e+01 -3.363681037149042485e-02 9.980961026415883230e-01 -5.169850036275063648e-02 -2.371030882455456901e+00 4.840376854522261962e-01 6.152528749795377339e-02 8.728815284325848189e-01 3.500721699362253503e+01
8.723780412154993336e-01 4.168684653985533020e-03 -4.888140449401777166e-01 -1.273357343257839247e+01 -3.403202004507195622e-02 9.980553057891898838e-01 -5.222478586224540281e-02 -2.430591587128360320e+00 4.876457508147642450e-01 6.219508590001115306e-02 8.708234021223950627e-01 3.585567957156157348e+01
8.708266546861261892e-01 4.669693651378242077e-03 -4.915680285139148453e-01 -1.322612548087089124e+01 -3.500952723643196290e-02 9.980049648133604290e-01 -5.253973042777767416e-02 -2.484115216645188529e+00 4.903419969819636237e-01 6.296256210460650371e-02 8.692528093129296973e-01 3.670078527647604716e+01
8.704400075288722949e-01 4.368905888174735332e-03 -4.922551179524327636e-01 -1.374006306110008957e+01 -3.419694138802061717e-02 9.980815882022134877e-01 -5.161116694038213326e-02 -2.552421541231859159e+00 4.910852940367828601e-01 6.175804408048575500e-02 8.689195490462719995e-01 3.757219397080380219e+01
8.702448822895563207e-01 4.016145262670787509e-03 -4.926029949323154078e-01 -1.423961258203635794e+01 -3.303651330290598154e-02 9.981913846576563332e-01 -5.022497828374314355e-02 -2.608192969645262593e+00 4.915103632398677425e-01 5.998191581697170233e-02 8.688036241596445164e-01 3.846970757101320260e+01
8.699101236802637693e-01 2.543779833308135955e-03 -4.932037115477866385e-01 -1.476258167065276261e+01 -3.104281673184747584e-02 9.982864088423969440e-01 -4.960432949900570737e-02 -2.665061558158055011e+00 4.922323880003692254e-01 5.846174093234524777e-02 8.684984201561377626e-01 3.936007231492813219e+01
8.694657870405232414e-01 1.794658935389734826e-03 -4.939898982106200598e-01 -1.528182422471198443e+01 -3.050993781444833602e-02 9.982794167507973437e-01 -5.007344445700951524e-02 -2.726376136238216841e+00 4.930500911906329775e-01 5.860874796492877153e-02 8.680245543857152413e-01 4.024790802684263724e+01
8.681404944547438385e-01 7.817182054966866555e-05 -4.963185175939242022e-01 -1.579611039945105766e+01 -2.893621928249132114e-02 9.983069681086310654e-01 -5.045683986236788876e-02 -2.791444311500982600e+00 4.954742987335320481e-01 5.816520745574298157e-02 8.666729675933395605e-01 4.115970042967427389e+01
8.666181960093023440e-01 -1.299272358239086803e-03 -4.989701487270564728e-01 -1.633339829299334411e+01 -2.664281261794039513e-02 9.984495702133797668e-01 -4.887347257621940666e-02 -2.855800237945884668e+00 4.982600390698748161e-01 5.564860887656455923e-02 8.652399497638065817e-01 4.207897873679132061e+01
8.646470829579934181e-01 -7.048998179713597415e-04 -5.023792591951905528e-01 -1.689158600912279695e+01 -2.564578765021230042e-02 9.986332543056071209e-01 -4.554027904698347562e-02 -2.910291534095534427e+00 5.017247444755698060e-01 5.226018126707129841e-02 8.634472532638828302e-01 4.301378804485493390e+01
8.616693525490595196e-01 -4.259613924219913150e-04 -5.074699403532358932e-01 -1.743702493081954330e+01 -2.364762909239202099e-02 9.988796183302507403e-01 -4.099143527017540256e-02 -2.975057865320546391e+00 5.069188498332591886e-01 4.732152439505765695e-02 8.606938817270204378e-01 4.391866981972007267e+01
8.577986505118680993e-01 -1.514464381744610620e-03 -5.139836343566708265e-01 -1.797550329610664477e+01 -2.147410732827810184e-02 9.990169171565718154e-01 -3.878223805270211710e-02 -3.043429880860391012e+00 5.135370890300897662e-01 4.430469114265395830e-02 8.569228423174836129e-01 4.482195279103462582e+01
8.527221748633012632e-01 -4.350573021089992540e-03 -5.223465896004527709e-01 -1.854703711590258308e+01 -1.980274631158471590e-02 9.989772711302897790e-01 -4.064803854899749769e-02 -3.101762776479343842e+00 5.219892219169456338e-01 4.500538078521973406e-02 8.517639187076445628e-01 4.571682663930840107e+01
8.469727398054288647e-01 -7.551794801918775869e-03 -5.315826773956892071e-01 -1.911463810152203990e+01 -1.875794744955874491e-02 9.988520176847941467e-01 -4.407704850140006098e-02 -3.162596208186062352e+00 5.313052998617078249e-01 4.730345842402099849e-02 8.458587746453150036e-01 4.661102961850380666e+01
8.406153451578127767e-01 -7.779187600748153388e-03 -5.415766981862637497e-01 -1.970206521706643699e+01 -1.877981761467177949e-02 9.988770267442995676e-01 -4.349717144029233845e-02 -3.225283662596333922e+00 5.413069040217249883e-01 4.673510135088461415e-02 8.395252656333858088e-01 4.752627364674972199e+01
8.348654320113805261e-01 -4.682353836204985673e-03 -5.504341741844857028e-01 -2.029615337536009534e+01 -1.993018317129592251e-02 9.990510345974190631e-01 -3.872748512488792538e-02 -3.272121030135407782e+00 5.500931764673587798e-01 4.330249242441196189e-02 8.339798541950631527e-01 4.837486355680190542e+01
8.296325981932809457e-01 -9.379799709628904112e-04 -5.583089343385927439e-01 -2.089191738482823624e+01 -2.164830398729121821e-02 9.991925228812210680e-01 -3.384749908317132017e-02 -3.331499997552360703e+00 5.578898705449988338e-01 4.016743000765737870e-02 8.289423839536489425e-01 4.925304842618976409e+01
8.256976533476619862e-01 -7.148473983440672671e-04 -5.641124604954789179e-01 -2.150495109871262400e+01 -2.317362243191330162e-02 9.991120852855921441e-01 -3.518556954249438262e-02 -3.387393010017266892e+00 5.636367387714511512e-01 4.212517125608817442e-02 8.249479394316076020e-01 5.015104449713697221e+01
8.218661586797683105e-01 -2.332931167259850828e-03 -5.696758449992863627e-01 -2.212732933510939404e+01 -2.433399953586266873e-02 9.989351483410898735e-01 -3.919726930034252155e-02 -3.437738281678066166e+00 5.691606790710399544e-01 4.607740081565621371e-02 8.209342243820124674e-01 5.101185215551688401e+01
8.192359873546606330e-01 -4.569958938852283076e-03 -5.734383193955033819e-01 -2.275382919214860777e+01 -2.649478332734211267e-02 9.985987673972851475e-01 -4.580969608898970147e-02 -3.516547438255904101e+00 5.728441572231354195e-01 5.272207560661081732e-02 8.179669679024534901e-01 5.187084148771829462e+01
8.158445063825466859e-01 -5.408410764036189131e-03 -5.782460411050365234e-01 -2.337274475069692059e+01 -2.704187015934793326e-02 9.985054881247659164e-01 -4.749239402227009577e-02 -3.569247295076923177e+00 5.776387138524798903e-01 5.438326311027236182e-02 8.144789643386453060e-01 5.274276076565617188e+01
8.128202469044286671e-01 -4.798849394593429976e-03 -5.824948160570355693e-01 -2.400882002419515615e+01 -2.570241081050187240e-02 9.986967406036802997e-01 -4.409315629402343201e-02 -3.628219025026465427e+00 5.819472806569077061e-01 5.081133119459396025e-02 8.116375900891975581e-01 5.360822401697576822e+01
8.094363133283097866e-01 -2.258312128233170343e-03 -5.872033276958560366e-01 -2.464188066791484388e+01 -2.506965987646724361e-02 9.989479474512116264e-01 -3.839935525512263442e-02 -3.691248351428145114e+00 5.866722867805109765e-01 4.580282015532612799e-02 8.085281294902142424e-01 5.447480280871203462e+01
8.065794625743624158e-01 -1.486478701893268611e-03 -5.911238061662575927e-01 -2.530114992889718906e+01 -2.426530659580397598e-02 9.990707032616256145e-01 -3.562197112481031713e-02 -3.746407220439031072e+00 5.906274382263108080e-01 4.307575058919798500e-02 8.057938418705848926e-01 5.532648995280706572e+01
8.035951038802724433e-01 2.032388573714014762e-04 -5.951763275770906025e-01 -2.592857995709206875e+01 -2.681068162728991386e-02 9.989971889155012663e-01 -3.585810845651424272e-02 -3.799313954581640562e+00 5.945722006477321964e-01 4.477248330270357929e-02 8.027946996018459069e-01 5.618271454198190895e+01
7.997951924320459982e-01 -1.609083628930333245e-03 -6.002708172995173674e-01 -2.658980877884918570e+01 -2.611087936657288319e-02 9.989566528590635430e-01 -3.746768924652531252e-02 -3.850747673191589726e+00 5.997048254421264435e-01 4.564007651546354849e-02 7.989187146499759917e-01 5.704123473167506120e+01
7.959171000039385602e-01 -3.547114312971122192e-03 -6.053952270074622888e-01 -2.724875598222552142e+01 -2.574004984728167633e-02 9.988803220849149511e-01 -3.969322402695604074e-02 -3.917714148236111971e+00 6.048581861709779739e-01 4.717541897570769888e-02 7.949346271462309765e-01 5.789966765493637268e+01
7.916916623212352233e-01 -4.491152659143718764e-03 -6.109043576726966851e-01 -2.790263851844875376e+01 -2.531816599457073144e-02 9.988726868708358575e-01 -4.015402770785125863e-02 -3.971041517579743996e+00 6.103960255598037676e-01 4.725658677390462414e-02 7.906854710158544020e-01 5.873191866278055784e+01
7.872637669327713361e-01 -4.919065978448536845e-03 -6.165967538078618304e-01 -2.858497831599826000e+01 -2.462060924014175187e-02 9.989199735680056591e-01 -3.940446742881867359e-02 -4.028749107460518175e+00 6.161246568131187873e-01 4.620269707663499092e-02 7.862923917107946803e-01 5.959837205827204798e+01
7.825598457624406423e-01 -4.703572521966278841e-03 -6.225575931725333412e-01 -2.925565259567683540e+01 -2.466662584242162309e-02 9.989520447593840391e-01 -3.855346789738174629e-02 -4.088836773406685055e+00 6.220865304384094463e-01 4.552679097654301066e-02 7.816237376725321262e-01 6.041091276523356868e+01
7.769482698002722065e-01 -6.023433837324361668e-03 -6.295356199276689324e-01 -2.995833384824158330e+01 -2.418997557342392191e-02 9.989301917108307505e-01 -3.941214552820237332e-02 -4.147422486834387634e+00 6.290995448012695057e-01 4.584964941291702623e-02 7.759713782583663733e-01 6.127775938494593078e+01
7.715217865526946550e-01 -6.885324299732056841e-03 -6.361656368396827466e-01 -3.066910328188805934e+01 -2.424066699154213064e-02 9.988971830180598532e-01 -4.020954944949969162e-02 -4.201538888264081173e+00 6.357409293215167123e-01 4.644362264935418538e-02 7.705040352550164284e-01 6.210101959775356306e+01
7.662599582389056918e-01 -7.502151815311557288e-03 -6.424868763548832185e-01 -3.134253762342099847e+01 -2.451453946558214414e-02 9.988624403051171718e-01 -4.090064482769092263e-02 -4.261290661178930073e+00 6.420628630970635076e-01 4.709079615272106223e-02 7.652043808905411026e-01 6.290417617459306143e+01
7.605275724561855188e-01 -9.100474988311952132e-03 -6.492418539403421729e-01 -3.206545801918440475e+01 -2.366635972056680901e-02 9.988488462251431388e-01 -4.172392424889265899e-02 -4.323393260158012730e+00 6.488741954467923678e-01 4.709738594743200640e-02 7.594367140576907538e-01 6.375149782267015297e+01
7.544797217303097492e-01 -1.178766034711403211e-02 -6.562174886602425428e-01 -3.280135151609140820e+01 -2.168955007883630395e-02 9.988447827683855085e-01 -4.287963842065176112e-02 -4.386022082290793378e+00 6.559648768349637393e-01 4.658487960174587106e-02 7.533524656173832268e-01 6.455040589594119638e+01
7.483077869840440988e-01 -1.233173045481971569e-02 -6.632370436455219398e-01 -3.354369896075557733e+01 -2.171481877138883160e-02 9.988359703926262823e-01 -4.307169526300159285e-02 -4.446666327334148683e+00 6.629961760597165021e-01 4.663295701944168009e-02 7.471689541943740132e-01 6.538637350795481495e+01
7.422241139718441794e-01 -1.206630987071091732e-02 -6.700431033496674349e-01 -3.429419359974588843e+01 -2.128362908082208002e-02 9.989090822110728851e-01 -4.156504115846453018e-02 -4.502777991082351328e+00 6.698136896283204411e-01 4.511152455636438519e-02 7.411575945505350926e-01 6.621219574730015722e+01
7.358605560959374792e-01 -1.270369211414848834e-02 -6.770139212506417481e-01 -3.503823281430691594e+01 -2.039996331123776485e-02 9.989542398651787281e-01 -4.091782237314185028e-02 -4.568615322572898485e+00 6.768257461741608028e-01 4.392087049459483805e-02 7.348318685502062131e-01 6.701072096595238747e+01
7.293448793207651937e-01 -1.436670578306946736e-02 -6.839953479285029170e-01 -3.581352739189802037e+01 -1.886970408043745634e-02 9.989766993172715104e-01 -4.110338819444254999e-02 -4.640819594396139003e+00 6.838859471059077766e-01 4.288533531011125277e-02 7.283274456726904766e-01 6.782836548315648884e+01
7.226933921042750786e-01 -1.557400662362985223e-02 -6.909932723076581684e-01 -3.659189771036424332e+01 -1.936283779253512860e-02 9.988975158597224180e-01 -4.276486120725368767e-02 -4.697048501986028413e+00 6.908974953346473935e-01 4.428547306404785611e-02 7.215950780982941515e-01 6.862804012294276390e+01
7.169323064486639030e-01 -1.534959058543487742e-02 -6.969737792359543826e-01 -3.739959425296011375e+01 -2.032635470109396894e-02 9.988722878960076823e-01 -4.290678049226512303e-02 -4.762615356195363248e+00 6.968464070041796576e-01 4.492819316345223607e-02 7.158118129556065856e-01 6.942537478816656460e+01
7.114576052658345695e-01 -1.541761722912438244e-02 -7.025598648912917410e-01 -3.821249925646191059e+01 -1.957819474056047074e-02 9.989363453486935773e-01 -4.174772167802241057e-02 -4.827394549647731736e+00 7.024562463361561093e-01 4.345658773273648745e-02 7.103990119398011505e-01 7.023523959017504126e+01
7.067874562792344495e-01 -1.501289562947589855e-02 -7.072666366112279057e-01 -3.900885831870695597e+01 -2.066476905598212122e-02 9.989099995327277437e-01 -4.185427324620468598e-02 -4.880761212421574236e+00 7.071240816826935838e-01 4.419757682201391757e-02 7.057068205846387388e-01 7.101755547229801380e+01
7.020260250245802247e-01 -1.538522162105824924e-02 -7.119850740573036019e-01 -3.983376829733181523e+01 -2.133910691178270494e-02 9.988632312346914510e-01 -4.262496733463523590e-02 -4.947644925230267887e+00 7.118315185133032852e-01 4.511696179783611371e-02 7.008996778683610485e-01 7.180373727744499490e+01
6.964717622271195951e-01 -1.773594685037500895e-02 -7.173649775498572856e-01 -4.066471353567272473e+01 -2.079550102995515737e-02 9.987757685525374685e-01 -4.488330784799515749e-02 -5.020417009282578391e+00 7.172828171214111759e-01 4.617792044610753016e-02 6.952502926902890401e-01 7.261841673802679509e+01
6.915050993442846128e-01 -1.918450369823252594e-02 -7.221167791203930708e-01 -4.150032958825930507e+01 -2.179767722973516286e-02 9.986379101761554411e-01 -4.740448988534286950e-02 -5.086034862951414937e+00 7.220426352694071515e-01 4.852091478478125219e-02 6.901450306698229120e-01 7.341083056692018260e+01
6.868360171519527491e-01 -1.959098197490663842e-02 -7.265483254031027682e-01 -4.234724223415548749e+01 -2.276111200578588914e-02 9.985665850550172751e-01 -4.844282225725332625e-02 -5.146936238742412684e+00 7.264559351619093164e-01 4.980932274323246478e-02 6.854055846150646225e-01 7.417715273908839890e+01
6.816802896609893692e-01 -1.964787759779217449e-02 -7.313863094493223693e-01 -4.320729380366650929e+01 -2.160839356859745389e-02 9.986626565711255177e-01 -4.696781592146954953e-02 -5.218702477578115229e+00 7.313310252881471962e-01 4.782111739749971696e-02 6.803440909501660139e-01 7.497616267000145740e+01
6.767878392499019347e-01 -1.995353516987324882e-02 -7.359076484314187594e-01 -4.407402768692016792e+01 -2.075119225527067776e-02 9.987183356179333282e-01 -4.616355872156274742e-02 -5.289716573463237204e+00 7.358856006981260300e-01 4.651389604862138372e-02 6.755063657613004091e-01 7.574584069181179302e+01
6.717429869114323049e-01 -2.058205712162832976e-02 -7.404982972876682501e-01 -4.494323720215245999e+01 -2.029313950854796239e-02 9.987275228709189268e-01 -4.616842623788260103e-02 -5.363558123329188021e+00 7.405062841024644404e-01 4.604035158172537640e-02 6.704705357976048496e-01 7.653238105069148389e+01
6.669011846138196420e-01 -2.139694885446413383e-02 -7.448388887914776380e-01 -4.581287430631252278e+01 -1.959096173825802117e-02 9.987386148878011349e-01 -4.623173564593344859e-02 -5.426843961780111414e+00 7.448885910419446033e-01 4.542410921885863678e-02 6.656407796182798320e-01 7.729889596907797511e+01
6.624874548670730556e-01 -2.234550693971387725e-02 -7.487396343721017811e-01 -4.670142861758461095e+01 -1.850209897533290279e-02 9.987618689470132427e-01 -4.617793303363557089e-02 -5.501030203436218180e+00 7.488444788254891016e-01 4.444555591521106436e-02 6.612537708379236934e-01 7.807548593362091083e+01
6.584765515685057080e-01 -2.315283248740688041e-02 -7.522450178690589517e-01 -4.759955806439616310e+01 -1.731858898451534359e-02 9.987958549707849354e-01 -4.590105221679932623e-02 -5.574121490060050199e+00 7.524019581281058411e-01 4.325258861076854838e-02 6.572826769595051521e-01 7.884293646606685968e+01
6.543059642662401032e-01 -2.575156627926712682e-02 -7.557913411758592215e-01 -4.851095143925788733e+01 -1.446384727287682199e-02 9.988110776837013649e-01 -4.655349866158593752e-02 -5.641683899550798742e+00 7.560916025412182107e-01 4.139188209597292195e-02 6.531555796342458642e-01 7.962477019978989290e+01
6.503755598822399397e-01 -3.021295308575501146e-02 -7.590117245006839930e-01 -4.943690485381055311e+01 -1.179352535832462606e-02 9.986866387402616452e-01 -4.985890464783571813e-02 -5.725402283865155262e+00 7.595212657637377962e-01 4.137843678116483875e-02 6.491650656458759494e-01 8.040209967468653929e+01
6.455512745948038811e-01 -3.450916233595070770e-02 -7.629368642553142621e-01 -5.033421091295616634e+01 -7.727021478108503892e-03 9.986323381413406697e-01 -5.170828133919477820e-02 -5.799008667032139464e+00 7.636778472654098815e-01 3.927557617805380041e-02 6.444017267625042900e-01 8.117474134215571269e+01
6.391106470254125371e-01 -3.805570714139518834e-02 -7.681727235023632083e-01 -5.126339110363419849e+01 -2.615050337787096311e-03 9.986618263420906638e-01 -5.164995750457247736e-02 -5.870686329401018533e+00 7.691103639394395453e-01 3.501884777454602332e-02 6.381558894735378518e-01 8.193214197827157363e+01
6.305539616632120925e-01 -4.176157810981841190e-02 -7.750210713043567123e-01 -5.218373365658884211e+01 2.285784601812303456e-03 9.986469759111690214e-01 -5.195183032381311267e-02 -5.952461965036854430e+00 7.761420529554160508e-01 3.098690083027526646e-02 6.297962660163819448e-01 8.269673759359399412e+01
6.216391225867108350e-01 -4.282402599914208324e-02 -7.821322732245005183e-01 -5.311653535838040341e+01 4.763534842057812191e-03 9.986926350720207735e-01 -5.089527843171066934e-02 -6.028221801073342156e+00 7.832892951850722874e-01 2.791278149510645346e-02 6.210304082307684936e-01 8.343644221440604269e+01
6.128426296140442320e-01 -4.278631634068568584e-02 -7.890457724549794216e-01 -5.409945912373832755e+01 7.518658371928203625e-03 9.988035663452160540e-01 -4.832086099308176980e-02 -6.093587887556845217e+00 7.901692168422559392e-01 2.368051747055281361e-02 6.124311008637107756e-01 8.418821994816467225e+01
6.039155411613714719e-01 -4.162344314076400764e-02 -7.959607380426421130e-01 -5.507095093317189338e+01 5.849784494981641846e-03 9.988400696713660709e-01 -4.779430110784210761e-02 -6.180462515885615460e+00 7.970268561951460162e-01 2.420752198982705980e-02 6.034585304924923177e-01 8.491874931105627411e+01
5.946792122856897622e-01 -4.228404271324134184e-02 -8.028503486957235813e-01 -5.605644519632345180e+01 3.974102305238721641e-03 9.987583564540087888e-01 -4.965835180947646837e-02 -6.248309747517906132e+00 8.039532645068765415e-01 2.634017968645384344e-02 5.941088749116566481e-01 8.563738949088353536e+01
5.844642004055453643e-01 -4.425409114389044357e-02 -8.102118006141961759e-01 -5.706440510485188611e+01 4.522642164926799976e-03 9.986737946158089629e-01 -5.128545245579581996e-02 -6.341801997047102013e+00 8.114068984743887381e-01 2.631021247581419309e-02 5.838892273851277182e-01 8.634930528051340559e+01
5.746338925340487291e-01 -4.612711139818912592e-02 -8.171096419386282284e-01 -5.805132355836590108e+01 5.350099293202156651e-03 9.986007978850224287e-01 -5.261010241880548916e-02 -6.401132720517161090e+00 8.183931066010509126e-01 2.585992977924610886e-02 5.740766493424723782e-01 8.704143339864231166e+01
5.643735515724258578e-01 -4.687729110848255082e-02 -8.241874795650956376e-01 -5.908767583509985144e+01 7.462814233959979768e-03 9.986353407831135565e-01 -5.168909474086606781e-02 -6.483283857582469167e+00 8.254858035383701997e-01 2.302119944897668136e-02 5.639532116692909103e-01 8.775100379790596605e+01
5.543440821378841088e-01 -4.708552044583495799e-02 -8.309546195686884351e-01 -6.011743929324279634e+01 9.019682557444733823e-03 9.986796687094441349e-01 -5.057236996059547018e-02 -6.566281176439518141e+00 8.322387249350837735e-01 2.053954661779041138e-02 5.540368619082995938e-01 8.845131683798450695e+01
5.434793591439773808e-01 -4.775620429959860636e-02 -8.380629560812787870e-01 -6.116462734316339578e+01 1.034284995857355505e-02 9.986855362698271454e-01 -5.020184327886060421e-02 -6.650975310652553318e+00 8.393588167228835939e-01 1.861570567838895240e-02 5.432589116645016869e-01 8.912362078293476486e+01
5.336196537563485665e-01 -4.836456815442718299e-02 -8.443405241462996758e-01 -6.221663434664042569e+01 8.789334211572307626e-03 9.986267041489149676e-01 -5.164739426997307092e-02 -6.729930740043935877e+00 8.456789133526867452e-01 2.013887307821832229e-02 5.333119296323832748e-01 8.977280416453179157e+01
5.233792749896116758e-01 -4.906623333092414302e-02 -8.506859738597923881e-01 -6.328129562866350710e+01 7.525059087595378608e-03 9.985679580905998387e-01 -5.296608850801854534e-02 -6.809425406054328000e+00 8.520666170851042276e-01 2.131989027614824422e-02 5.229990014261014508e-01 9.039094851828443211e+01
5.137440859070411259e-01 -4.918685165552980770e-02 -8.565323429485942608e-01 -6.436666838030446058e+01 5.348000258177256806e-03 9.985194215105470672e-01 -5.413283415698013495e-02 -6.897871864436095457e+00 8.579268181031244334e-01 2.322968771561441381e-02 5.132464999553774110e-01 9.105294816097672594e+01
