1.000000000000000000e+00 4.398956837314658088e-19 2.733407509747682871e-20 -8.673617379884035472e-19 -5.583667658079949532e-19 1.000000000000000000e+00 -6.100159232558060012e-19 0.000000000000000000e+00 4.145284534913582806e-20 -2.210423569125054137e-19 1.000000000000000222e+00 0.000000000000000000e+00
9.998990530348661476e-01 2.495282744303545263e-04 1.420638911225332625e-02 -8.286569733499472845e-02 -2.457843255962680225e-04 9.999999346071209994e-01 -2.652853741024176963e-04 -9.546686645833926677e-03 -1.420645462570984188e-02 2.617669019674669973e-04 9.998990489587216146e-01 1.888368466823703296e-02
9.995208402615456400e-01 1.708957584220327812e-03 3.090581450916077624e-02 -1.096705945885130817e-01 -1.696932680896869224e-03 9.999984739700733538e-01 -4.153074177309691323e-04 -1.361604983529553226e-02 -3.090647762438030605e-02 3.626633632460959564e-04 9.995222149053231142e-01 6.049829823975744203e-02
9.979438346538646032e-01 5.043143725979847350e-03 6.389577127607661000e-02 -6.137172197557234227e-03 -5.123096113147366203e-03 9.999862855099876935e-01 1.087514413008721769e-03 9.294034771492598601e-03 -6.388941159213376575e-02 -1.412622438227901763e-03 9.979559847836713127e-01 4.197235053837426455e-01
9.953944767076849942e-01 4.110029108133609124e-03 9.577548416908297779e-02 1.736546603783999457e-02 -4.413846654695557231e-03 9.999858764742697304e-01 2.960543412884084936e-03 1.524791548198144164e-02 -9.576196521741896228e-02 -3.369646806409911950e-03 9.953985591325898996e-01 5.532954374283824972e-01
9.908908236590533436e-01 1.602679643713636080e-03 1.346581110689078209e-01 1.420073316790576579e-01 -2.275268624869267436e-03 9.999856936141269248e-01 4.841045626803841886e-03 1.317485261434578336e-02 -1.346484282796803211e-01 -5.103330986202934960e-03 9.908802939312348901e-01 7.978669548155785662e-01
9.850722996939637044e-01 -2.571935730042835232e-03 1.721219023021320627e-01 1.460003436882669758e-01 1.582412442103254668e-03 9.999814257305441600e-01 5.885929010767492614e-03 -1.408640315067491433e-02 -1.721338464698800863e-01 -5.525697674855406354e-03 9.850580723182178478e-01 9.001963218599859928e-01
9.763868969531329656e-01 -2.668773821006684231e-03 2.160127417483794499e-01 2.631930751914581812e-01 1.259241286298259759e-03 9.999770117920431245e-01 6.662596695237037875e-03 -4.597548942996479426e-03 -2.160255607007682266e-01 -6.233259803192208598e-03 9.763678118962815233e-01 1.169246023071001783e+00
9.647889418767779945e-01 -2.707098318206410670e-03 2.630113465508421289e-01 3.457836885282521977e-01 2.192355899128305431e-05 9.999478585019150323e-01 1.021174782514778535e-02 3.743370836343046237e-03 -2.630252814957653729e-01 -9.846415075695190422e-03 9.647386953179981628e-01 1.330984963376340424e+00
9.503868621129828442e-01 -6.223989083398518210e-03 3.110081558966594772e-01 5.162853543567959003e-01 1.068933431650263485e-03 9.998592545838045353e-01 1.674301037433240796e-02 2.451375266847960477e-02 -3.110685966097977428e-01 -1.557988992242287200e-02 9.502597521151495696e-01 1.621399032153096664e+00
9.334255949335096281e-01 -1.588476132537467930e-02 3.584192117517046028e-01 6.208712381737501174e-01 7.454443189463637320e-03 9.996623903470358563e-01 2.489049172632439716e-02 7.887475321526477012e-04 -3.586935916774307564e-01 -2.056160623477312765e-02 9.332288729944786532e-01 1.813357859272917150e+00
9.122997504722918372e-01 -2.167569359839650878e-02 4.089490521544805746e-01 7.850417018991960871e-01 1.029310325881108330e-02 9.994964654168196905e-01 3.001445672092893993e-02 -4.257625605603401753e-03 -4.093937233976261414e-01 -2.317282636541638866e-02 9.120634855811166064e-01 2.051329612887427878e+00
8.875817319812654427e-01 -2.357817622267725788e-02 4.600464493988395409e-01 9.867966137422471418e-01 8.961982585549069583e-03 9.993840451183647611e-01 3.392953282585475100e-02 -5.503638647294112340e-03 -4.605630859965272883e-01 -2.599230502723600192e-02 8.872463282452099920e-01 2.284852887560077761e+00
8.592296067258391457e-01 -2.554030372374368682e-02 5.109522208050299996e-01 1.149366179170773217e+00 6.933647884827289810e-03 9.992426879502339654e-01 3.828805389960567712e-02 2.664560671998756486e-02 -5.115431678867138343e-01 -2.935546647320893404e-02 8.587559885532176640e-01 2.503518046405068365e+00
8.269060535186603111e-01 -3.077034394794607788e-02 5.614976044682028489e-01 1.401706457884173140e+00 7.992896870766397557e-03 9.990440830652277393e-01 4.297712940839645140e-02 2.546939853006997129e-02 -5.622832901597477617e-01 -3.105005575031496989e-02 8.263615434232203238e-01 2.758042833738515220e+00
7.915104630884497450e-01 -3.660820974383794529e-02 6.100582104047680421e-01 1.597571242748714537e+00 1.025564048074430711e-02 9.988594295494742648e-01 4.663326914564656922e-02 2.250308431754445559e-02 -6.110695670863491857e-01 -3.065418244733621178e-02 7.909831294314668693e-01 2.942444019019547330e+00
7.536393880714794546e-01 -4.107461820054020274e-02 6.560034617127650236e-01 1.867307911103659457e+00 1.134500156541512830e-02 9.987097326033301803e-01 4.949909989900815044e-02 3.449663088187755744e-02 -6.571902098143597160e-01 -2.986211066964837915e-02 7.531329824342845036e-01 3.144678793872395683e+00
7.140248602105706555e-01 -4.438492385996941486e-02 6.987120077913863136e-01 2.182706820323225827e+00 1.240991901285422999e-02 9.986340161671198867e-01 5.075525203251361750e-02 4.141640559612170397e-02 -7.000103585759627212e-01 -2.756955185202310601e-02 7.136003261318758506e-01 3.381140058355726286e+00
6.723805978532797489e-01 -4.629088355372277391e-02 7.387567103082050002e-01 2.467253014967390801e+00 1.148329962328567197e-02 9.985748208321993946e-01 5.211967933974027273e-02 5.160907085787688059e-02 -7.401165284313430126e-01 -2.656089599365722351e-02 6.719539060879526904e-01 3.565780300024424143e+00
6.294665177555024416e-01 -4.661957799431960120e-02 7.756278155698406174e-01 2.823197010936534301e+00 7.241233389254436541e-03 9.985071415747600598e-01 5.413919756043263781e-02 8.555556323921655049e-02 -7.769938730206424893e-01 -2.846230959776520353e-02 6.288643955243535810e-01 3.807071543851654472e+00
5.878831517049818434e-01 -4.745153350050253238e-02 8.075529340706809611e-01 3.159645973874225966e+00 4.351379816559580206e-03 9.984491602934812970e-01 5.550080860146349576e-02 1.051981206067625352e-01 -8.089341613737897063e-01 -2.911402018721937282e-02 5.871779176895556285e-01 4.015432316295095561e+00
5.474838759678796185e-01 -4.844482776450020900e-02 8.354127679264572448e-01 3.526889726790082058e+00 2.067917669454265306e-03 9.983981364578310425e-01 5.654100095647985463e-02 1.225475286634004346e-01 -8.368136841864628472e-01 -2.922772094350875247e-02 5.467070602572456917e-01 4.219988501382029078e+00
5.086495612482910822e-01 -5.114516832394875451e-02 8.594531886375464946e-01 3.968501272117977319e+00 1.198394867117857096e-03 9.982751211460442198e-01 5.869707236732261274e-02 1.333049922111388952e-01 -8.609728225342948571e-01 -2.882627519722534212e-02 5.078334932844353888e-01 4.423820090127146720e+00
4.718698709411425218e-01 -5.101634806547589163e-02 8.801909703749902780e-01 4.366414284284291014e+00 -1.754937148841393237e-03 9.982681823684330658e-01 5.880098830309843372e-02 1.595368972561357346e-01 -8.816664670589111630e-01 -2.929109395593678875e-02 4.709631466666099331e-01 4.620315049204940294e+00
4.358213505190522419e-01 -5.031468799679621878e-02 8.986257114064551965e-01 4.817534976248544432e+00 -2.940240313703791891e-03 9.983512766525475257e-01 5.732436965329328060e-02 1.838993629885644632e-01 -9.000283995484268385e-01 -2.762535907011289329e-02 4.349548631551333200e-01 4.802404211738059203e+00
4.025039594288705169e-01 -4.910200796187818434e-02 9.141004001384736011e-01 5.336674541032727426e+00 -1.626478670783711991e-03 9.985204629184883940e-01 5.435291771847968606e-02 2.025003173187157335e-01 -9.154168079281976844e-01 -2.336402866247871968e-02 4.018285752503858443e-01 4.984624658674983166e+00
3.721156690083525231e-01 -4.732422145682015080e-02 9.269791435471784746e-01 5.841023870489518544e+00 8.280791781525751957e-05 9.987010725687111012e-01 5.095253436522318574e-02 2.248792045001922202e-01 -9.281863699837999970e-01 -1.888347441580796870e-02 3.716362352832565108e-01 5.169385513650118114e+00
3.465379263290037093e-01 -4.546344972802858486e-02 9.369335758909994594e-01 6.375837585815892439e+00 1.036783015676755789e-03 9.988427553968711736e-01 4.808404141678403187e-02 2.493465232153497801e-01 -9.380353971941031155e-01 -1.569154635951127905e-02 3.461840316066997492e-01 5.358867655442853817e+00
3.259545327589868924e-01 -4.486700215397027014e-02 9.443201680060892000e-01 6.958259257902955852e+00 2.139066493100144715e-03 9.989056339881127178e-01 4.672214408269927122e-02 2.723723869768771011e-01 -9.453830350060404841e-01 -1.320933015820052736e-02 3.256937913773259030e-01 5.537525992853354673e+00
3.112135870676252525e-01 -4.542596939574348319e-02 9.492536907276786229e-01 7.533370969649114457e+00 3.240419139130260723e-03 9.989018574194977740e-01 4.673947894538574288e-02 3.008548229931686802e-01 -9.503344774144789620e-01 -1.146998019480480191e-02 3.110190280290147657e-01 5.713964082442129389e+00
2.991524095364515579e-01 -4.707769018944686634e-02 9.530432894920571885e-01 8.143362956044390089e+00 4.258375542427062475e-03 9.988381065037860163e-01 4.800315817700947368e-02 3.205459553558793195e-01 -9.541958490130991732e-01 -1.030184330430239902e-02 2.990052994489048599e-01 5.899231021345282322e+00
2.889746715342368932e-01 -4.890504591150717645e-02 9.560867744472902885e-01 8.784346056733093988e+00 3.147870213547011332e-03 9.987374769091335036e-01 5.013524799124263048e-02 3.512949257758286592e-01 -9.573315759877837339e-01 -1.147817885240585978e-02 2.887637797390493200e-01 6.090242642942018669e+00
2.781866560263979160e-01 -5.052567646014734931e-02 9.591972293989031728e-01 9.453609298570095021e+00 1.440412964447105584e-03 9.986363757461109714e-01 5.218538309363445621e-02 3.819467895614702679e-01 -9.605259631941021059e-01 -1.313563621228993478e-02 2.778800904534888816e-01 6.282632584103229334e+00
2.675711278679143157e-01 -5.224668969399846180e-02 9.621205534106932467e-01 1.015255713095670842e+01 7.196838460597711120e-04 9.985393662514133739e-01 5.402421736537233593e-02 4.132177309362197182e-01 -9.635378508518337437e-01 -1.376289727374373391e-02 2.672179042020240702e-01 6.470997431993446902e+00
2.578431003766933904e-01 -5.433510736103026179e-02 9.646577714121286062e-01 1.085409578037358003e+01 -1.141032764932466348e-04 9.984157480473360158e-01 5.626705066736428090e-02 4.415080397809603707e-01 -9.661868034092340185e-01 -1.461814052982602329e-02 2.574284107793849974e-01 6.671102140434783223e+00
2.471681641578492850e-01 -5.603780259679516651e-02 9.673508398980775747e-01 1.157162245136571244e+01 -5.030482508338203745e-04 9.983187630325248696e-01 5.796028189636526912e-02 4.710037347571893740e-01 -9.689724775052184214e-01 -1.481255973953482866e-02 2.467244248325818901e-01 6.839125964689387160e+00
2.366108399278355479e-01 -5.716570056073103784e-02 9.699213252380373129e-01 1.236151487005867899e+01 -1.266624072510479440e-03 9.982486423769901807e-01 5.914426103714013477e-02 5.003314261273817953e-01 -9.716036860573195044e-01 -1.522269810051717770e-02 2.361240409217789660e-01 7.026673818527279458e+00
2.263666460820714377e-01 -6.006586990321401837e-02 9.721883648585355475e-01 1.311995088396469811e+01 -2.354725169141703035e-03 9.980601412610417000e-01 6.221261649310273062e-02 5.363729333554769774e-01 -9.740393285425769099e-01 -1.637209687723955795e-02 2.257860867915246483e-01 7.210320340799299288e+00
2.151004611900026453e-01 -6.360049944558532342e-02 9.745187283588958582e-01 1.388337528214425554e+01 -4.305021684889426443e-03 9.978056695649261121e-01 6.607051177408462816e-02 5.853962597434603232e-01 -9.765824466945504101e-01 -1.840712095010023364e-02 2.143546568110616946e-01 7.368614729748593106e+00
2.022583936740632582e-01 -6.748426295493091531e-02 9.770042989637852671e-01 1.467712996262155833e+01 -4.377615100108016126e-03 9.975507210856113804e-01 6.980970774881990748e-02 6.191399015358878266e-01 -9.793224165504708090e-01 -1.839654725597732188e-02 2.014675849623011883e-01 7.530681258300503167e+00
1.900225612213361226e-01 -6.993760846877611348e-02 9.792855256788670637e-01 1.546921711470464444e+01 -5.378376833588760335e-03 9.973703998151662864e-01 7.227280665376362156e-02 6.624460885715873770e-01 -9.817650005170029948e-01 -1.900042954390370603e-02 1.891467256786998064e-01 7.690589925895272572e+00
1.756006680236278095e-01 -7.049062565391371604e-02 9.819345500739125043e-01 1.630286927611615866e+01 -6.026233148241155226e-03 9.973375393240369036e-01 7.267404706033182837e-02 6.992544868715195872e-01 -9.844430440235788504e-01 -1.867897687161845094e-02 1.747083438343131900e-01 7.825095685252230204e+00
1.620231812165578711e-01 -6.983720988989076950e-02 9.843125704302876366e-01 1.707542242717392966e+01 -7.568035296289286375e-03 9.973752157977490151e-01 7.200974729191149393e-02 7.368099755841065468e-01 -9.867579392504940428e-01 -1.911655973611823406e-02 1.610693734862690962e-01 7.961760115863256715e+00
1.450482896267218380e-01 -6.867736711139459105e-02 9.870381939162651275e-01 1.786965537826058892e+01 -8.804316556940446417e-03 9.974590329582866399e-01 7.069626252580896164e-02 7.734365266162239738e-01 -9.893854126867027698e-01 -1.894456779609030375e-02 1.440750680446705179e-01 8.063650950654459137e+00
1.245807272503051261e-01 -6.728136933525349916e-02 9.899256754606857722e-01 1.869038543905832483e+01 -1.136962985846211825e-02 9.975359707479821703e-01 6.922946296999871185e-02 8.116603590033045768e-01 -9.921443398684404169e-01 -1.987974448686760306e-02 1.235087910460828942e-01 8.181049018087149349e+00
9.959284054702723099e-02 -6.599697278262182942e-02 9.928371713211446847e-01 1.950392132472547502e+01 -1.566291813280613551e-02 9.975703496206212995e-01 6.788277046621522814e-02 8.579322771785181656e-01 -9.949049986746436591e-01 -2.231136441212498364e-02 9.831715819630550135e-02 8.265819545635697096e+00
6.955680597819982602e-02 -6.561338925213916484e-02 9.954178604087857707e-01 2.032928788228477046e+01 -1.961957192391014862e-02 9.975516564450509494e-01 6.712499611359844243e-02 8.997618034130642206e-01 -9.973850512546551528e-01 -2.419867179332183330e-02 6.809919902134577152e-02 8.308461241852066692e+00
3.589398770162385149e-02 -6.538656422296759696e-02 9.972142205569527462e-01 2.118091768516253026e+01 -2.249442055623838976e-02 9.975515679032540550e-01 6.621835400356368417e-02 9.386650414062618353e-01 -9.991024171886805361e-01 -2.480859600244473759e-02 3.433526944356704580e-02 8.326230673407797767e+00
1.802901204204731883e-03 -6.460975844324065576e-02 9.979089694962030022e-01 2.201797517462121334e+01 -2.456092980701901976e-02 9.976067031183827316e-01 6.463456208820664295e-02 9.729968126665525796e-01 -9.996967178055506942e-01 -2.462610103448477708e-02 2.117091911820370004e-04 8.338303636292391019e+00
-3.249371896236483842e-02 -6.360004470714547553e-02 9.974463270000050175e-01 2.286776591793293179e+01 -2.575585811919484450e-02 9.976951942946431506e-01 6.277686719794278725e-02 1.001801148328325342e+00 -9.991400358570590168e-01 -2.365023133936856869e-02 -3.405690237416604538e-02 8.272700772713578843e+00
-6.505149269226494224e-02 -6.158254636323376441e-02 9.959798572208438117e-01 2.371781726051163375e+01 -2.818760827198830629e-02 9.978090426576740057e-01 5.985459999965989791e-02 1.033136894822803908e+00 -9.974837237724434313e-01 -2.418065813175116624e-02 -6.664483373086126095e-02 8.224184115311869547e+00
-9.718057562973514418e-02 -5.857313941022746634e-02 9.935416980711833101e-01 2.452903246928099534e+01 -2.987109293023077275e-02 9.979886738456738016e-01 5.591354668145786383e-02 1.073169236968867235e+00 -9.948184108401280090e-01 -2.424446488700530977e-02 -9.873475887450285093e-02 8.145640173411289098e+00
-1.291381570570671600e-01 -5.425273866410523088e-02 9.901413836210573027e-01 2.537357803837579340e+01 -2.692791954577040958e-02 9.983258779237290659e-01 5.118914568165002649e-02 1.101047028831547703e+00 -9.912609345639635805e-01 -2.005197469272521071e-02 -1.303828787830722813e-01 8.022881994269281947e+00
-1.616281157666649149e-01 -4.875265797614056901e-02 9.856467488228504159e-01 2.620998586156745347e+01 -2.263343814205331581e-02 9.986993759113164115e-01 4.568680387124866848e-02 1.118475521950949902e+00 -9.865921631135131653e-01 -1.492430176221433424e-02 -1.625213399928767954e-01 7.884503961458732668e+00
-1.918996529087517999e-01 -4.267660561208102415e-02 9.804862128637066299e-01 2.706528094939823603e+01 -1.648293424202930749e-02 9.990533254167998090e-01 4.025873645303611886e-02 1.139220090711781097e+00 -9.812761346898629666e-01 -8.435651234260073753e-03 -1.924214234411158464e-01 7.697859434610822227e+00
-2.211100887396750259e-01 -3.699913323402063969e-02 9.745467541536956269e-01 2.788466583148704814e+01 -1.108464328658469514e-02 9.993108846888880681e-01 3.542437617634312114e-02 1.146689059069780026e+00 -9.751858671617514851e-01 -2.969815146601334586e-03 -2.213678419508527950e-01 7.497214056244603242e+00
-2.490886617443973383e-01 -3.026046913786655662e-02 9.680078129950011601e-01 2.868886860525919857e+01 -1.977877932879663989e-03 9.995255565315391832e-01 3.073678297507159360e-02 1.172954591449448802e+00 -9.684786742579234442e-01 5.741583946862993150e-03 -2.490303361269781135e-01 7.275717201378463450e+00
-2.749113163405223492e-01 -2.007863350218632228e-02 9.612599025470386360e-01 2.951092080927878669e+01 4.042647780234611202e-03 9.997489438071747170e-01 2.203874631285014651e-02 1.168000841312925919e+00 -9.614610968619378140e-01 9.944737099791827947e-03 -2.747611286576782108e-01 7.029781422057828522e+00
-3.000257180417743030e-01 -5.099078059876875103e-03 9.539174763870709173e-01 3.028875612579925303e+01 8.469500010498705669e-03 9.999320604738812790e-01 8.008869381024416936e-03 1.162297189748788151e+00 -9.538935220612591026e-01 1.048207198228045395e-02 -2.999621491348078983e-01 6.774938736773089332e+00
-3.246581549689344093e-01 1.167745936478390562e-02 9.457593263826905572e-01 3.105847626699296171e+01 8.739294271685495163e-03 9.999181336458482505e-01 -9.346161101527120443e-03 1.128557752587229013e+00 -9.457910563114766411e-01 5.230962698512794939e-03 -3.247336304728545286e-01 6.475414540619143899e+00
-3.500547813333410585e-01 2.627780669920077097e-02 9.363605669321354297e-01 3.185682863953484301e+01 8.070663390987824204e-03 9.996539498886423125e-01 -2.503686979809425020e-02 1.100560297438107460e+00 -9.366944694954649764e-01 -1.207224055005626370e-03 -3.501457254874675296e-01 6.207185071128386689e+00
-3.744416719366208679e-01 3.710364932345421030e-02 9.265078187370519025e-01 3.260739049003811374e+01 1.173127114140151347e-02 9.993086818677732186e-01 -3.527797607465716495e-02 1.064066725071345365e+00 -9.271762647861238049e-01 -2.340428952852516807e-03 -3.746180878949214588e-01 5.880911651799355155e+00
-3.981891831989241570e-01 4.177203729581942249e-02 9.163517099020112022e-01 3.339646327388703639e+01 1.590515316173359700e-02 9.991268401075600325e-01 -3.863396751272600571e-02 1.017932039170945435e+00 -9.171654237518223063e-01 -8.089127127391708069e-04 -3.985058923169959022e-01 5.532395447795896537e+00
-4.205974701073058042e-01 4.122460167561069894e-02 9.063102590220933896e-01 3.411277422758004718e+01 1.785111529899391022e-02 9.991497545892282783e-01 -3.716322847438371241e-02 9.719341354568467040e-01 -9.070717278792223004e-01 5.478900178797017212e-04 -4.209757654334581600e-01 5.172885696131992894e+00
-4.412616879084356181e-01 3.791595951540949888e-02 8.965770955897643946e-01 3.486918125939136814e+01 2.224043337830325026e-02 9.992621708834621419e-01 -3.131256814610047096e-02 9.427027055281904655e-01 -8.971028365065141230e-01 6.123227501383042039e-03 -4.417793808220253915e-01 4.811230939376673454e+00
-4.591675990608115043e-01 3.656375208469255650e-02 8.875968644638696503e-01 3.558198978578840865e+01 2.929264819662319788e-02 9.992324433805108708e-01 -2.600893708770504048e-02 9.090762199068620486e-01 -8.878665833265347862e-01 1.405760257301157286e-02 -4.598862123081133291e-01 4.392800294713087084e+00
-4.731025051320237318e-01 3.740382850309097867e-02 8.802130192547800158e-01 3.629195751673497483e+01 3.290717644310450080e-02 9.991514014462264948e-01 -2.477084320250302202e-02 8.572577483585015479e-01 -8.803926113876486825e-01 1.724617826059840139e-02 -4.739318866552043041e-01 4.023059285959454279e+00
-4.845604211129441174e-01 4.053307890087574916e-02 8.738182042082093259e-01 3.699363871847725704e+01 3.565585917240308295e-02 9.990109123818353698e-01 -2.656796173724230298e-02 8.047402902870681718e-01 -8.740308178788409599e-01 1.828295720847021577e-02 -4.855263913852465030e-01 3.630080737246371481e+00
-4.938532139109068075e-01 4.321243926165548033e-02 8.684708829646642370e-01 3.769556641494935434e+01 3.704485612819467116e-02 9.989032015375859386e-01 -2.863690856339669993e-02 7.625206074250560073e-01 -8.687558311634732133e-01 1.802995067678576230e-02 -4.949123562853245395e-01 3.212102263836259297e+00
-5.046531536648415361e-01 4.229076958222145050e-02 8.622857251724658223e-01 3.837601286575367254e+01 3.105808029211218346e-02 9.990422650616447298e-01 -3.082122995422216516e-02 7.058983054996892381e-01 -8.627633524872322379e-01 1.122690942096554387e-02 -5.054833010407859817e-01 2.829837181663350520e+00
-5.161375947701407618e-01 4.134379020105434510e-02 8.555072536233271352e-01 3.906944362693637629e+01 2.940484717608176160e-02 9.991008390393640859e-01 -3.054289348828928205e-02 6.944767353033821644e-01 -8.560007887075430366e-01 9.391725477249026829e-03 -5.168892130330794421e-01 2.419450240792557327e+00
-5.250248045304579669e-01 4.269126218096146175e-02 8.500155278834597983e-01 3.975925261957974044e+01 3.162708756995653153e-02 9.990299751034267262e-01 -3.064043281024068921e-02 6.487420586420109547e-01 -8.504990851429479193e-01 1.079652930587130487e-02 -5.258657188845839991e-01 1.999013210113568917e+00
-5.319925854516475150e-01 4.553331511596969694e-02 8.455238572912177064e-01 4.043092487364061327e+01 3.528815464882784775e-02 9.988778136552050047e-01 -3.158891371464571385e-02 6.030702893525557995e-01 -8.460133845844084455e-01 1.303190978843986152e-02 -5.330023784946088528e-01 1.543828708490138979e+00
-5.356535659689916073e-01 4.887784106250245980e-02 8.430220643604404707e-01 4.112959038072885676e+01 3.620084029489546024e-02 9.987348025867263113e-01 -3.490405710090511981e-02 5.681619157222107530e-01 -8.436615245965140009e-01 1.182162548056855077e-02 -5.367452785703943352e-01 1.105084302379107264e+00
-5.354536105730997031e-01 5.031784764242964308e-02 8.430643701477329444e-01 4.184111122151498563e+01 3.528353072088662862e-02 9.986848845140170461e-01 -3.719642242553952011e-02 5.173955427737781942e-01 -8.438273016722527275e-01 9.829329912906603975e-03 -5.365248197503020844e-01 6.740132392197821787e-01
-5.322842268219419859e-01 5.111959002290156900e-02 8.450208733616934031e-01 4.256283745026591703e+01 3.776129584628542396e-02 9.986153807217932332e-01 -3.662520794627196347e-02 4.796364106108574332e-01 -8.457231214366390804e-01 1.241406372331347631e-02 -5.334775589747033919e-01 2.035558159176258652e-01
-5.265104730225812490e-01 4.994798163812234904e-02 8.487001283421565789e-01 4.331787800670949906e+01 3.614902570701890999e-02 9.986851318773606323e-01 -3.634907488497737121e-02 4.317766346743933115e-01 -8.493997772375765365e-01 1.154151516285500424e-02 -5.276237532549715725e-01 -2.395955003581957121e-01
-5.193670212304278833e-01 4.866382737265943087e-02 8.531645304141948216e-01 4.406483112441392791e+01 3.399470024947790631e-02 9.987635040772173678e-01 -3.627427764552994260e-02 3.923086077175465536e-01 -8.538748559275903816e-01 1.016340995598193596e-02 -5.203791394542518489e-01 -6.946343125626299742e-01
-5.121156318307491517e-01 4.805375326091990834e-02 8.575712233392800421e-01 4.485462382542425530e+01 3.195865958919193867e-02 9.988084272047208501e-01 -3.688319081800220389e-02 3.449979296057562039e-01 -8.583217554175130992e-01 8.518369228257221745e-03 -5.130411435278559029e-01 -1.172796823975883473e+00
-5.056896679867758371e-01 4.653781432567973692e-02 8.614593304883113589e-01 4.566702081390074142e+01 2.921164045087090363e-02 9.988950684931620083e-01 -3.681470017423529167e-02 2.959669186436276744e-01 -8.622207675461830423e-01 6.547827700777418720e-03 -5.064903626542234250e-01 -1.620256446939383643e+00
-5.011034532485889592e-01 4.427955140670018774e-02 8.642538035469435886e-01 4.647472661605249300e+01 2.506467159858295421e-02 9.990137417881621573e-01 -3.665113789375874093e-02 2.509183057280251483e-01 -8.650243370592293202e-01 3.296226957129797484e-03 -5.017190894857928019e-01 -2.079555078765499498e+00
-5.000903386852501020e-01 4.159190399936128768e-02 8.649738453445455777e-01 4.730420839799709398e+01 2.041203148904347647e-02 9.991345727013379863e-01 -3.624161369972120350e-02 2.140176017242936546e-01 -8.657326460717326144e-01 -4.682065759398201777e-04 -5.005065233274519354e-01 -2.530760801569043039e+00
-5.003472487725624251e-01 3.895011535247767942e-02 8.649482675945205923e-01 4.814213429187951476e+01 1.749998998735142336e-02 9.992384802152932677e-01 -3.487420211131454090e-02 1.623946862639302491e-01 -8.656479615559092844e-01 -2.312624146920747806e-03 -5.006478522906305795e-01 -3.029826252866895775e+00
-5.011773578688903941e-01 3.769607593025750547e-02 8.645231334591083616e-01 4.900252060744494997e+01 1.600770802982706686e-02 9.992836437592975685e-01 -3.429216480314919990e-02 1.188784349996942213e-01 -8.651965219416475339e-01 -3.347421745031083865e-03 -5.014217653360159010e-01 -3.515874507836055596e+00
-5.017392060861650682e-01 3.710974211095845188e-02 8.642225538551442376e-01 4.986718132411923676e+01 1.602289466851300123e-02 9.993066479232787236e-01 -3.360788941853305040e-02 6.654509846735201517e-02 -8.648705384327498580e-01 -3.015047900114329726e-03 -5.019859308719670787e-01 -4.017288272493190426e+00
-5.015805642066206715e-01 3.658515953812099819e-02 8.643370003556253289e-01 5.074461359926333159e+01 1.596774537001937125e-02 9.993267080973746719e-01 -3.303273467006444253e-02 2.657049447136960313e-02 -8.649635720927323357e-01 -2.767063650416797405e-03 -5.018270378034586088e-01 -4.519708637290007935e+00
-5.018797362855568212e-01 3.590394540086425113e-02 8.641918904309442429e-01 5.163583990597275886e+01 1.623590460923691678e-02 9.993530922082124457e-01 -3.209037961870612327e-02 -2.349615548638088469e-02 -8.647850241713782582e-01 -2.074573249396866135e-03 -5.021380006233896465e-01 -5.027327304839150024e+00
-5.024863623025354054e-01 3.542733942275929498e-02 8.638589849083181393e-01 5.250698886505541196e+01 1.585896372987168415e-02 9.993697016164995173e-01 -3.175992332766999771e-02 -7.723765790825934396e-02 -8.644396805344385371e-01 -2.259019118329586712e-03 -5.027314880682188791e-01 -5.527017507350848291e+00
-5.024273172590071335e-01 3.373208814421253809e-02 8.639611817572652175e-01 5.340883189035446321e+01 1.403379565424397492e-02 9.994251951013968238e-01 -3.085987603417524386e-02 -1.278664402611268680e-01 -8.645055556606556779e-01 -3.380189145661480297e-03 -5.026119100243890969e-01 -6.033761732089980789e+00
-5.025347583766650583e-01 3.321062270174170161e-02 8.639188952941108113e-01 5.432190504141168219e+01 1.369652968136992124e-02 9.994423474921697581e-01 -3.045322786695773068e-02 -1.791506247779960925e-01 -8.644485143796476478e-01 -3.471113813575144383e-03 -5.027093901043609980e-01 -6.554659212834454074e+00
-5.019779386109820551e-01 3.215913582972384360e-02 8.642823182288076334e-01 5.519689571211114298e+01 1.232508876151527759e-02 9.994729766977019647e-01 -3.003100088245392457e-02 -2.298888988046066673e-01 -8.647926073123300972e-01 -4.422542735324212770e-03 -5.021097499604475489e-01 -7.064048282778363053e+00
-5.004515322332876437e-01 3.075885555676772729e-02 8.652179743482870666e-01 5.612013718853206257e+01 1.172325946155843013e-02 9.995178158733579732e-01 -2.875240714720050592e-02 -2.872725158146963720e-01 -8.656851860975056656e-01 -4.246010509952185229e-03 -5.005708177106490409e-01 -7.581713209152212585e+00
-4.984307528884742711e-01 2.874836818300699481e-02 8.664527121031667667e-01 5.699095767304750382e+01 1.232535021114508460e-02 9.995839939116796247e-01 -2.607536835728467561e-02 -3.370966163058680687e-01 -8.668419017956865424e-01 -2.317431445922835120e-03 -4.985777375860470095e-01 -8.091850162054992524e+00
-4.962322600688812702e-01 2.737077482098774356e-02 8.677582446302498642e-01 5.789836565264178603e+01 1.321687495453993319e-02 9.996252591504506402e-01 -2.397197240774146323e-02 -3.840625226820150173e-01 -8.680892066564669385e-01 -4.266128987030666508e-04 -4.964080588996830357e-01 -8.595612133551663092e+00
-4.932532565578381378e-01 2.679499279316000654e-02 8.694729665596169221e-01 5.881004466389016727e+01 1.256603890081824278e-02 9.996406659322242261e-01 -2.367770382386745823e-02 -4.424274176295339145e-01 -8.697949942635575526e-01 -7.532724618195886816e-04 -4.934127220041339412e-01 -9.109340995554564557e+00
-4.919019178552574423e-01 2.729090900038456599e-02 8.702227851513363310e-01 5.968633184128049862e+01 1.342871654075263217e-02 9.996275337992909238e-01 -2.375843467912136173e-02 -4.843914213467977459e-01 -8.705470609277607963e-01 -8.435315580989327837e-07 -4.920851841226725476e-01 -9.593385899146815277e+00
-4.905333050084389468e-01 2.768119514088623542e-02 8.709826716942427050e-01 6.056581040642763014e+01 1.332217171737435160e-02 9.996167572736500695e-01 -2.426640258634623487e-02 -5.316545716349541095e-01 -8.713206120311862701e-01 -3.000970053926474120e-04 -4.907140865481444680e-01 -1.008756272164085743e+01
-4.913216284447823323e-01 2.869176725755021723e-02 8.705055003885066034e-01 6.147218360366469625e+01 1.278831137874125549e-02 9.995871680537186110e-01 -2.572843817581662793e-02 -5.741622348254351582e-01 -8.708843373452330727e-01 -1.508641817365581920e-03 -4.914857156596159071e-01 -1.059587168090370923e+01
-4.939306993921979694e-01 3.055985088726554874e-02 8.689640648779679566e-01 6.233660575658885250e+01 1.160033485826685203e-02 9.995248336822757373e-01 -2.855764453308830969e-02 -6.235847288569172919e-01 -8.694238948307854153e-01 -4.025222301723418127e-03 -4.940505058872514121e-01 -1.108414849398051416e+01
-4.983311896549640352e-01 3.136516065675700599e-02 8.664192048454012474e-01 6.323214369127877887e+01 1.029206883997484459e-02 9.994889875106982569e-01 -3.026280131064802009e-02 -6.786186247855996445e-01 -8.669256664397901879e-01 -6.163650797845216661e-03 -4.983993498054949955e-01 -1.157648483405946749e+01
-5.037152977050612934e-01 3.001454619133920448e-02 8.633481408871609419e-01 6.411250719176501889e+01 1.041095502598521523e-02 9.995345728678846076e-01 -2.867489558728166660e-02 -7.181186359638461747e-01 -8.638069941667207985e-01 -5.455704014686604819e-03 -5.037933362443293150e-01 -1.206617329493709256e+01
-5.091203203802060484e-01 2.769515807401189481e-02 8.602496522414149194e-01 6.495813714891734492e+01 1.328401807463113794e-02 9.996159600598021333e-01 -2.432009937479582412e-02 -7.805693647960415538e-01 -8.605928459119035479e-01 -9.542839295128409350e-04 -5.092927020339902411e-01 -1.258920911453639313e+01
-5.147448638004209487e-01 2.564287761555027190e-02 8.569598326047466186e-01 6.583623040022989414e+01 1.051497547632084667e-02 9.996662497892352395e-01 -2.359712490969045548e-02 -8.264659705084472785e-01 -8.572789351059064700e-01 -3.135586317981359228e-03 -5.148427030287063833e-01 -1.310204169693649590e+01
-5.195725234919570390e-01 2.767604160763964191e-02 8.539779952188837342e-01 6.665978426100718934e+01 1.150723193195343254e-02 9.996112730727684248e-01 -2.539461237936111240e-02 -8.777620875793987754e-01 -8.543488681144310037e-01 -3.367419081333753936e-03 -5.196890274929762965e-01 -1.360550724914847542e+01
-5.241834373571627737e-01 2.991073988048221360e-02 8.510799366030797897e-01 6.748723766230827437e+01 1.173552076024517166e-02 9.995418177204941079e-01 -2.790039709687457820e-02 -9.195558389677052080e-01 -8.515245231164368933e-01 -4.637058904667213863e-03 -5.242942851017016181e-01 -1.414292302971400872e+01
-5.293084925653804840e-01 3.037308237081435755e-02 8.478855951743702324e-01 6.834783705488449357e+01 1.078072211123858384e-02 9.995190989160711581e-01 -2.907485015740446724e-02 -9.683856661356512463e-01 -8.483609535737838270e-01 -6.248745257645764092e-03 -5.293813924916892510e-01 -1.464311110792164428e+01
-5.331810037763646815e-01 3.084293404941951949e-02 8.454387722593094123e-01 6.917009234199960588e+01 9.800792465844431617e-03 9.994933393688096857e-01 -3.028215653820669553e-02 -1.013709505178662873e+00 -8.459444269134783756e-01 -7.859899819997965414e-03 -5.332131483380661008e-01 -1.514447366714103005e+01
-5.367192632080962644e-01 2.960132035264554859e-02 8.432414727729722337e-01 6.994888553139064413e+01 9.221090654103494821e-03 9.995305139953629681e-01 -2.921853967724101497e-02 -1.078802933040513334e+00 -8.437105046567008326e-01 -7.906546175030539081e-03 -5.367402386707830209e-01 -1.565364862871691898e+01
-5.394606095064407025e-01 2.318787709845884087e-02 8.416914875754603065e-01 7.080918744182424973e+01 1.095580101794404841e-02 9.997294165893504392e-01 -2.051984431740717929e-02 -1.123550366582321880e+00 -8.419395660254717084e-01 -1.848242358392847891e-03 -5.395686833664482540e-01 -1.619874242872637282e+01
-5.414148134030418724e-01 1.578598979860447102e-02 8.406073931929414211e-01 7.163281533780869381e+01 1.246464807806781962e-02 9.998645414977430645e-01 -1.074854329707912275e-02 -1.149729611435211574e+00 -8.406632167284059376e-01 4.658455736147242704e-03 -5.415382421528410761e-01 -1.671920737100307619e+01
-5.432994027575918095e-01 1.357614651428096057e-02 8.394292313099255276e-01 7.244481765235867954e+01 1.342770989929846503e-02 9.998818630494962223e-01 -7.480409685804492552e-03 -1.168675932947111917e+00 -8.394316333782799733e-01 7.207511080098312310e-03 -5.434175167602346423e-01 -1.723705434458291563e+01
-5.435944027127106448e-01 1.772149932388629098e-02 8.391609267474730016e-01 7.327161868942133083e+01 1.225922078455930243e-02 9.998380736814260761e-01 -1.317337854386826934e-02 -1.224034208292267056e+00 -8.392585110602528431e-01 3.126485188716538952e-03 -5.437236334253374714e-01 -1.776193577357937059e+01
-5.454648508843109589e-01 2.243142131710904735e-02 8.378334649593649486e-01 7.405968723524611619e+01 1.219067003822529340e-02 9.997483823951223147e-01 -1.882974884033241855e-02 -1.272144123509022062e+00 -8.380450438485946840e-01 -5.721390337417522497e-05 -5.456010575594385514e-01 -1.828873372277513099e+01
-5.457840033205447750e-01 2.801948609741699084e-02 8.374572928512886705e-01 7.486968881868796188e+01 1.909060928902363632e-02 9.995971368707050608e-01 -2.100267993166070671e-02 -1.295508981434312590e+00 -8.377084109912397158e-01 4.524644200121705206e-03 -5.460990373095101491e-01 -1.882854933959537647e+01
-5.457850334609753995e-01 2.938915981725265247e-02 8.374096737969597415e-01 7.564985916419533396e+01 2.284351776965301214e-02 9.995351475862469526e-01 -2.019065123979298798e-02 -1.332738719693323359e+00 -8.376138026734983866e-01 8.109628492870791724e-03 -5.462026769443902863e-01 -1.933045695800180042e+01
-5.455293176144969669e-01 2.598298180933741874e-02 8.376888655721265176e-01 7.642449256437296867e+01 2.234408105128925584e-02 9.996149240846110562e-01 -1.645434752495503541e-02 -1.370584432400203445e+00 -8.377938392910793119e-01 9.741059940074328974e-03 -5.458998144438370614e-01 -1.984543472065816871e+01
-5.444435174378164932e-01 2.111043453210919088e-02 8.385318080263202134e-01 7.723750418483639635e+01 2.019347636794602621e-02 9.997233848605686646e-01 -1.205724852189214019e-02 -1.403737971149379815e+00 -8.385544057160420062e-01 1.036838247209606080e-02 -5.447192103590885459e-01 -2.036529653470344670e+01
-5.438388176547560571e-01 1.548064532922373802e-02 8.390468861824627034e-01 7.802420565434215405e+01 1.889288720705218499e-02 9.998022838806039925e-01 -6.200961928801131118e-03 -1.428948602367182907e+00 -8.389770025169570600e-01 1.247969542090221484e-02 -5.440237672204331076e-01 -2.086594657010443754e+01
-5.434554433880358637e-01 8.419588019074488935e-03 8.393957819500122985e-01 7.887402240125028641e+01 9.711916513031928697e-03 9.999458360567777815e-01 -3.742140264463315533e-03 -1.450723723916349517e+00 -8.393818387823727134e-01 6.118456248384350829e-03 -5.435077792139566544e-01 -2.139695215367727599e+01
-5.416338029937159959e-01 3.400995843200364972e-03 8.406076634257454439e-01 7.964648790005986712e+01 1.183322880907479013e-03 9.999939095162960756e-01 -3.283393927258994750e-03 -1.484070689102200857e+00 -8.406137250818717099e-01 -7.836859271752672287e-04 -5.416345298387909013e-01 -2.187009926513717772e+01
-5.400964797676276463e-01 4.055349094927157040e-03 8.415933304081207877e-01 8.044388113502427018e+01 4.639457602591754749e-03 9.999875426242988974e-01 -1.841201049285243196e-03 -1.504049474858055513e+00 -8.415903276511005338e-01 2.910111334395290052e-03 -5.401085673853949221e-01 -2.236440729446915654e+01
-5.366603490678648614e-01 7.264521517906376118e-03 8.437670789429120299e-01 8.126814199101204395e+01 9.999793168140242924e-03 9.999474716423303322e-01 -2.249016542754298485e-03 -1.524426590705748152e+00 -8.437391098880058227e-01 7.230539272307667971e-03 -5.367048040796199571e-01 -2.289193521532962095e+01
-5.317824828075604637e-01 9.812673506983702471e-03 8.468241195051614545e-01 8.204326953600326533e+01 9.988833526321343192e-03 9.999359894064182575e-01 -5.314158230869044618e-03 -1.563452893553555434e+00 -8.468220745571518604e-01 5.632809887320183381e-03 -5.318464614476282604e-01 -2.338040493194756309e+01
-5.240567018553895506e-01 1.240547477482595307e-02 8.515930156248044947e-01 8.283310920061251181e+01 1.599637614521977336e-02 9.998609023205461410e-01 -4.721433482385763852e-03 -1.577345599427254497e+00 -8.515331473893997805e-01 1.114810438373458473e-02 -5.241822506225307654e-01 -2.384577146129291592e+01
-5.153689551821907244e-01 1.448793805554586187e-02 8.568459175151295071e-01 8.363999498229505036e+01 2.276433027113479793e-02 9.997356996300477139e-01 -3.211870965694498242e-03 -1.616990756450925160e+00 -8.566660010570843475e-01 1.785022597994904633e-02 -5.155625523888701656e-01 -2.436019517072358198e+01
-5.058728972643152799e-01 1.509988093202429237e-02 8.624758500538673989e-01 8.441625175022684857e+01 2.260983364488731648e-02 9.997353675637301595e-01 -4.241488851982584164e-03 -1.626921325165059384e+00 -8.623116718897582134e-01 1.735478234335785172e-02 -5.060804338963252880e-01 -2.479934609689777503e+01
-4.946681739775018460e-01 1.155947280801311594e-02 8.690050417403726302e-01 8.524704571242141071e+01 1.782288120927351394e-02 9.998361839861890088e-01 -3.154372748142156204e-03 -1.650985935983256603e+00 -8.688991627404729634e-01 1.392780690291192842e-02 -4.947931637418408468e-01 -2.526231679747023762e+01
-4.834696838851568756e-01 9.088988874701329698e-03 8.753139100862535882e-01 8.605056617662322083e+01 2.001571711260634323e-02 9.997994383699021492e-01 6.738470100315418826e-04 -1.677158515611057554e+00 -8.751322462809251190e-01 1.784582133334890186e-02 -4.835546422782854847e-01 -2.571829357655960990e+01
-4.722814166533436664e-01 7.777137390024460584e-03 8.814135043136340775e-01 8.685660726123438735e+01 1.971344532676667580e-02 9.998041550253895515e-01 1.741158710327371821e-03 -1.690979256307221457e+00 -8.812273579509328769e-01 1.819801496191682591e-02 -4.723422381233902123e-01 -2.614786767746499052e+01
-4.598709540328712597e-01 6.723799530367198865e-03 8.879602929946149859e-01 8.771346744729616773e+01 1.897989294602290752e-02 9.998173140225563582e-01 2.258807611957924268e-03 -1.709707783595959762e+00 -8.877829027174686249e-01 1.789215244755695822e-02 -4.599145603018887640e-01 -2.656482625770107120e+01
-4.479915797711468417e-01 8.435727021008759471e-03 8.939979689952014530e-01 8.852725682760426196e+01 2.273249238276265835e-02 9.997396661346570346e-01 1.957985901592826199e-03 -1.723511937040925757e+00 -8.937487295062039871e-01 2.119996438578940559e-02 -4.480667187490761649e-01 -2.696254644711350679e+01
