1 0 0 0 0 1 0 0 0 0 1 0
0.99993667 -0.0024940662 0.010974458 0.014951885 0.0024812294 0.99999622 0.001183169 -0.0092452675 -0.010977368 -0.0011558639 0.99993908 0.29703494
0.99983784 -0.0043519244 0.017474582 0.024786954 0.0043309557 0.99998986 0.0012376361 -0.014696328 -0.017479793 -0.0011617537 0.99984654 0.5815098
0.99977844 -0.0073629687 0.019719561 0.032259847 0.0073655232 0.99997287 -5.6887527e-05 -0.019328483 -0.019718609 0.00020211983 0.99980555 0.88346253
0.99981055 -0.0085512687 0.017485158 0.037487302 0.0085792765 0.99996203 -0.001527388 -0.020550417 -0.017471435 0.0016771087 0.99984596 1.1867245
0.99987818 -0.011329846 0.010735977 0.034067265 0.01136347 0.9999307 -0.0030760146 -0.02579144 -0.010700383 0.0031976379 0.99993764 1.5029693
0.9999211 -0.012523622 -0.00097582209 0.019334319 0.012519016 0.99991109 -0.0045915468 -0.034651694 0.0010332382 0.0045789683 0.99998898 1.8464342
0.99979528 -0.011716972 -0.016495633 -0.0041866146 0.011639142 0.99992071 -0.0048063968 -0.040566563 0.016550643 0.0046134179 0.99985239 2.1647308
0.99932109 -0.0078685387 -0.035992299 -0.034580345 0.0076850467 0.99995677 -0.0052336133 -0.045169165 0.036031927 0.0049534577 0.99933836 2.502772
0.99845809 -0.0040927083 -0.055359638 -0.083249925 0.003745199 0.99997264 -0.0063795985 -0.051531583 0.055384238 0.006162429 0.9984461 2.8559719
0.9971671 -0.0032990192 -0.075145821 -0.13236745 0.0027993588 0.99997328 -0.0067535722 -0.054244677 0.075166099 0.00652408 0.99714969 3.2168626
0.99533464 -0.0045864844 -0.096373808 -0.18105941 0.0040192887 0.99997345 -0.0060786808 -0.063184633 0.096399137 0.0056629675 0.99532665 3.5931615
0.99325948 -0.0058998484 -0.11576177 -0.23523148 0.0053124979 0.99997141 -0.0053816664 -0.072857414 0.11579022 0.0047304071 0.99326243 3.9776361
0.99115355 -0.005025285 -0.13262496 -0.31019944 0.0044530025 0.99997945 -0.0046112952 -0.079200559 0.13264541 0.0039799223 0.99115557 4.3724227
0.98882871 -0.0039860765 -0.14900301 -0.38912088 0.0033983993 0.99998541 -0.004198464 -0.085987421 0.14901758 0.00364519 0.98882783 4.7957189
0.98667173 -0.0030131421 -0.16269546 -0.47439969 0.0023983268 0.99998922 -0.0039752094 -0.092173067 0.1627057 0.0035320298 0.98666832 5.1980304
0.98457498 -0.0044598742 -0.17490631 -0.56436893 0.0036566612 0.99998124 -0.0049142517 -0.10149323 0.17492496 0.0041988761 0.98457282 5.6423205
0.98280885 -0.0076277349 -0.18446835 -0.65439108 0.0064419329 0.99995456 -0.0070266797 -0.11455378 0.18451358 0.0057175503 0.98281333 6.0853775
0.98142282 -0.0068620852 -0.19173462 -0.75542873 0.0052539751 0.99994664 -0.0088943166 -0.1240408 0.19178544 0.0077217163 0.9814065 6.5483127
0.9798064 -0.006571899 -0.19984051 -0.8565715 0.0045034663 0.9999315 -0.010803235 -0.12614753 0.19989784 0.0096851038 0.97976888 7.0146988
0.9781635 -0.0073692058 -0.20770619 -0.96517893 0.0046868262 0.99989919 -0.013403456 -0.13711464 0.20778404 0.012137289 0.97809942 7.4907924
0.97629887 -0.01120398 -0.21613651 -1.0851457 0.0080935444 0.99985064 -0.015270852 -0.15023122 0.21627534 0.013159605 0.97624372 7.9960665
0.97432892 -0.016601644 -0.22451623 -1.2036113 0.013293491 0.99977978 -0.016238275 -0.16718001 0.22473639 0.012836816 0.97433504 8.4986632
0.97255044 -0.017569414 -0.23202793 -1.3326094 0.013650077 0.99973593 -0.018486513 -0.19016984 0.23229147 0.014811867 0.97253344 9.0187635
0.97059229 -0.014079288 -0.24031725 -1.4817763 0.0087558337 0.99969238 -0.023205211 -0.19608735 0.24057005 0.020418621 0.97041699 9.5607596
0.9684559 -0.011312438 -0.2489281 -1.6397334 0.0048978146 0.99964017 -0.026373279 -0.21244397 0.2491369 0.024322154 0.96816282 10.097555
0.96609025 -0.013575254 -0.2578475 -1.7912729 0.0065902652 0.99958803 -0.027934617 -0.23599119 0.25812051 0.025288078 0.96578171 10.654968
0.96375539 -0.015662196 -0.2663273 -1.9651151 0.0079948179 0.99952244 -0.029849242 -0.2663793 0.26666764 0.02663813 0.96342036 11.225069
0.96156777 -0.015556937 -0.27412662 -2.1356521 0.0069144468 0.99944894 -0.032465492 -0.28893969 0.27448065 0.029322337 0.96114545 11.789966
0.95927899 -0.014620636 -0.28208164 -2.3282138 0.0046380712 0.99934015 -0.036024268 -0.31176798 0.28242223 0.033249009 0.95871382 12.397251
0.95702431 -0.015769226 -0.28957866 -2.5047382 0.0040386328 0.99914843 -0.041062168 -0.34204581 0.28997961 0.038127991 0.95627302 12.952589
0.95515602 -0.016750847 -0.29562878 -2.7138306 0.0025319665 0.99882412 -0.048414525 -0.38091357 0.29609217 0.045494904 0.95407529 13.586393
0.95378242 -0.017211614 -0.30000474 -2.9169947 0.00019682719 0.9983939 -0.056653239 -0.41924601 0.30049802 0.053975815 0.95225394 14.204529
0.95245341 -0.017216812 -0.30419744 -3.1292752 -0.0027884723 0.99786782 -0.065207624 -0.46474044 0.30467153 0.062955471 0.9503746 14.809904
0.95124605 -0.016645627 -0.30798354 -3.3511327 -0.0065440478 0.99722864 -0.074109465 -0.50927695 0.30836363 0.072511796 0.94850088 15.463978
0.94982465 -0.015465057 -0.31240033 -3.5790134 -0.010511888 0.99663442 -0.081297796 -0.57031935 0.31260622 0.080502569 0.94646537 16.09603
0.94823932 -0.014692938 -0.31721648 -3.8156752 -0.013871574 0.99605902 -0.087601389 -0.63139312 0.31725348 0.087467375 0.94429852 16.768902
0.94663711 -0.013150605 -0.32203296 -4.0593137 -0.018087572 0.99542495 -0.093818987 -0.70376198 0.32179345 0.094637331 0.94206834 17.437847
0.94509381 -0.011176373 -0.32660797 -4.3083376 -0.022411409 0.99484555 -0.098894237 -0.77770007 0.32602979 0.10078408 0.93997189 18.102446
0.94350031 -0.0083483157 -0.33126646 -4.5702599 -0.02711296 0.9943859 -0.1022818 -0.8561905 0.3302606 0.10548453 0.93797706 18.823253
0.94197734 -0.0079097554 -0.33558325 -4.8311011 -0.028669294 0.99417372 -0.10390713 -0.93654017 0.33444995 0.1074991 0.93626235 19.523551
0.93966763 -0.0065887518 -0.34202533 -5.1177011 -0.030487208 0.99422313 -0.10291205 -1.0241137 0.34072759 0.10713052 0.93403842 20.238811
0.93729991 -0.0071640032 -0.3484502 -5.3957898 -0.030088475 0.99439271 -0.10137964 -1.1060759 0.34722265 0.10550746 0.93182864 20.963999
0.93486563 -0.0068906489 -0.35493486 -5.672252 -0.030410806 0.99458195 -0.099407902 -1.1926609 0.35369682 0.10372689 0.92959093 21.680354
0.93209573 -0.0071632938 -0.36214118 -5.9554099 -0.029618171 0.99494896 -0.095913092 -1.2741322 0.36099907 0.10012614 0.92717551 22.36362
0.92804779 -0.0031233469 -0.37244804 -6.2969666 -0.033107293 0.99531486 -0.090841829 -1.3623196 0.37098683 0.096636307 0.92359635 23.189351
0.92480976 -0.0024478625 -0.380422 -6.6148728 -0.032527626 0.99580855 -0.085482611 -1.4420425 0.37903676 0.091429379 0.92085385 23.902618
0.92180047 0.00060969437 -0.38766418 -6.9487691 -0.035018947 0.99604134 -0.081702669 -1.5198667 0.38607977 0.088889151 0.91817272 24.67431
0.91774587 0.0013091836 -0.39716594 -7.28256 -0.035870353 0.99618103 -0.079603204 -1.5910366 0.39554499 0.087301996 0.91428799 25.385768
0.91374089 0.003505957 -0.40628227 -7.6354157 -0.038925639 0.99611839 -0.078949045 -1.6741612 0.40442848 0.087953769 0.91033057 26.167324
0.90991265 0.0039459694 -0.41478112 -7.9938821 -0.039719076 0.99618876 -0.077655311 -1.7409475 0.4128939 0.087134274 0.90660149 26.903451
0.90588912 0.0044452624 -0.42349159 -8.3788289 -0.040503001 0.99627093 -0.076182244 -1.8174256 0.42157374 0.086165348 0.90269105 27.702181
0.90212843 0.004246281 -0.4314467 -8.7647845 -0.039949218 0.99647821 -0.073724046 -1.8886759 0.42961421 0.083744518 0.89912096 28.477725
0.89845376 0.0042572642 -0.43904749 -9.1686856 -0.038748902 0.99682012 -0.069628839 -1.9610686 0.43735498 0.079570902 0.89576175 29.260489
0.89446418 0.0056924409 -0.44710336 -9.5801234 -0.038469378 0.99719112 -0.064264841 -2.028484 0.44548172 0.074682387 0.89217072 30.0551
0.89083091 0.005165245 -0.45430562 -9.9871238 -0.036283716 0.99755039 -0.059805689 -2.0935552 0.45288387 0.069760653 0.88883613 30.840753
0.88775917 0.004649862 -0.4602847 -10.434882 -0.035161469 0.99771241 -0.057737502 -2.1620731 0.45896333 0.067441284 0.88589184 31.683904
0.88383508 0.0051593491 -0.46777015 -10.873532 -0.035780003 0.99775559 -0.056600127 -2.2254885 0.4664283 0.066761996 0.88203599 32.504402
0.88092069 0.0044525742 -0.47324295 -11.319812 -0.034464439 0.9979043 -0.05476509 -2.2771973 0.47200736 0.064553755 0.879228 33.301514
0.87815068 0.0032819193 -0.47837286 -11.794786 -0.032892042 0.99802421 -0.053532995 -2.3410314 0.47725205 0.062744697 0.87652359 34.146236
0.87568352 0.0027003368 -0.4828779 -12.267047 -0.032489363 0.99804789 -0.053337152 -2.4022866 0.48179128 0.062394861 0.87406182 34.984624
0.87335104 0.0026217023 -0.48708424 -12.740133 -0.033002165 0.99800613 -0.053801778 -2.4660479 0.48597205 0.063062675 0.87169621 35.824878
0.87176477 0.0017419441 -0.48992155 -13.247999 -0.032404663 0.99800892 -0.054112266 -2.525952 0.48885186 0.06304891 0.87008546 36.699765
0.87158867 0.0020462242 -0.49023359 -13.744135 -0.03244187 0.99804003 -0.053512756 -2.58723 0.4891633 0.062545208 0.86994677 37.553887
0.87171809 0.0024187321 -0.49000174 -14.25421 -0.032091735 0.99812272 -0.052164614 -2.6499467 0.48895574 0.061197845 0.87015925 38.450298
0.87154282 0.001077491 -0.49031819 -14.779047 -0.030114414 0.99822736 -0.051334865 -2.7161311 0.48939376 0.059506178 0.87003033 39.367319
0.87054116 -0.0023958402 -0.49208975 -15.281046 -0.026773143 0.99827645 -0.052223871 -2.7750648 0.49136677 0.058637819 0.8689766 40.230908
0.86980669 -0.0023153708 -0.49338721 -15.823689 -0.02737692 0.99822192 -0.052948029 -2.8455795 0.49263256 0.059561973 0.86819672 41.177884
0.86862313 -0.0038527173 -0.49545837 -16.34058 -0.024676628 0.99839242 -0.051025905 -2.9086248 0.49485851 0.056548524 0.86713167 42.092191
0.86601137 -0.0027769993 -0.50001658 -16.879862 -0.024233275 0.99857642 -0.047517097 -2.9746886 0.49943677 0.053267386 0.86471124 42.996697
0.86405965 -0.0030662576 -0.50338008 -17.436104 -0.021628375 0.99883189 -0.043209656 -3.0392367 0.50292461 0.048223014 0.86298401 43.945054
0.85996501 -0.0051846231 -0.51032665 -17.961683 -0.018329654 0.99898949 -0.04103694 -3.0995599 0.51002376 0.044644444 0.85900097 44.82038
0.85473001 -0.005712085 -0.51904138 -18.529997 -0.019570673 0.99887385 -0.043220625 -3.1667391 0.51870379 0.047099955 0.85365567 45.754623
0.84938288 -0.010307141 -0.52767647 -19.096527 -0.016769917 0.99877737 -0.04650315 -3.2312107 0.52751067 0.048348071 0.84817155 46.636001
0.84420278 -0.0097988126 -0.53593435 -19.707156 -0.017821718 0.99876702 -0.046333797 -3.2925512 0.53572762 0.048666392 0.84298726 47.537551
0.83878888 -0.0061808 -0.54442169 -20.292204 -0.019447064 0.99895739 -0.041303158 -3.3505889 0.54410941 0.045232033 0.83779415 48.440517
0.83342616 -0.0042905719 -0.55261415 -20.875394 -0.01910948 0.99914809 -0.036577522 -3.408287 0.55230036 0.041044833 0.83263417 49.29884
0.8288725 -0.0040354024 -0.55942298 -21.493293 -0.020910218 0.99905175 -0.038188418 -3.4657057 0.55904666 0.043350986 0.82800214 50.201794
0.82609444 -0.005324721 -0.56350652 -22.105925 -0.022550819 0.99884204 -0.042497573 -3.5241152 0.56308034 0.047814543 0.82501777 51.058843
0.82293794 -0.0064235653 -0.56809493 -22.71582 -0.026261161 0.99843717 -0.049331245 -3.5935827 0.56752403 0.055515387 0.82148314 51.917097
0.81973059 -0.0079034687 -0.57269474 -23.350627 -0.02583406 0.99837691 -0.050755851 -3.6570495 0.57216639 0.056401155 0.81819591 52.799693
0.81607238 -0.0051448463 -0.57792679 -23.930639 -0.026977099 0.99853135 -0.046982687 -3.7273769 0.57731979 0.053932062 0.81473506 53.629989
0.81332479 -0.0033022738 -0.58180052 -24.591693 -0.025819823 0.99879383 -0.041763784 -3.7881492 0.58123674 0.048989508 0.81225852 54.521568
0.81205862 -0.0040936838 -0.58356149 -25.248277 -0.022893725 0.99898215 -0.038865762 -3.8443453 0.58312667 0.044921173 0.81113834 55.404182
0.80864591 -0.0026481476 -0.58828968 -25.885439 -0.025301311 0.99890806 -0.039274964 -3.9016034 0.58775137 0.04664404 0.80769592 56.227635
0.80599525 -0.0045631447 -0.59190439 -26.523409 -0.02445792 0.99885956 -0.041004775 -3.9634266 0.59141652 0.047526405 0.80496446 57.127405
0.8007001 -0.0048710238 -0.59904557 -27.184016 -0.026354156 0.99871244 -0.043346494 -4.0278913 0.59848546 0.050494883 0.79954078 57.963015
0.79733824 -0.0064626697 -0.60349808 -27.838802 -0.025174949 0.99871622 -0.043955933 -4.0882806 0.60300745 0.050240781 0.79615194 58.804138
0.79286092 -0.0070115799 -0.60936227 -28.481649 -0.024222294 0.99878102 -0.043008803 -4.1470185 0.60892108 0.048860151 0.7917246 59.647096
0.78776922 -0.0063363396 -0.61593788 -29.178813 -0.024843193 0.99880664 -0.042048849 -4.2131837 0.61546934 0.048426653 0.78667171 60.489532
0.7828841 -0.0075998285 -0.62212113 -29.83265 -0.024367066 0.99878368 -0.042864919 -4.2742961 0.62169025 0.048717531 0.78174668 61.319266
0.7778551 -0.009959494 -0.62836472 -30.54289 -0.022631531 0.99878192 -0.043846212 -4.3358276 0.62803606 0.048326856 0.77668221 62.182261
0.77288165 -0.010954083 -0.63445561 -31.225811 -0.022485254 0.99875029 -0.044634851 -4.3965559 0.63415172 0.048763354 0.77166947 63.003415
0.76717 -0.013829947 -0.6412947 -31.971497 -0.020159817 0.9987538 -0.045655636 -4.4587456 0.64112699 0.047954018 0.76593514 63.866843
0.76259199 -0.012146099 -0.64676572 -32.65291 -0.02400114 0.99860401 -0.047052926 -4.5360913 0.6464344 0.051405299 0.7612359 64.677603
0.75531188 -0.013228314 -0.65523197 -33.43024 -0.023373763 0.99861645 -0.047104679 -4.6000706 0.65494859 0.050893961 0.75395768 65.49129
0.75016766 -0.01406698 -0.661098 -34.160171 -0.021343378 0.99873766 -0.045470314 -4.663719 0.66090315 0.048220424 0.74892046 66.322103
0.74506833 -0.014579099 -0.66682876 -34.909663 -0.020314896 0.99880122 -0.044535581 -4.7313734 0.66667872 0.046728609 0.74387899 67.146718
0.73793491 -0.016719778 -0.67466471 -35.656336 -0.018847208 0.99879257 -0.045367129 -4.7946392 0.67460869 0.046193535 0.73672879 67.955487
0.73156496 -0.018787804 -0.6815128 -36.430947 -0.017993063 0.99873998 -0.046847578 -4.8676027 0.6815343 0.04653455 0.73030512 68.783294
0.72613879 -0.015845327 -0.68736551 -37.169431 -0.022498064 0.99865144 -0.046788315 -4.9304673 0.68717999 0.049439204 0.72480306 69.532191
0.72076929 -0.016791253 -0.6929716 -37.977137 -0.020945617 0.99872248 -0.045985663 -4.9897277 0.69285854 0.047659772 0.71949679 70.324213
0.71589814 -0.014871263 -0.69804631 -38.755036 -0.023732543 0.99867713 -0.045615415 -5.0680284 0.6978013 0.049222406 0.71459817 71.178718
0.71020904 -0.017685783 -0.70376864 -39.599301 -0.021272775 0.99868874 -0.046564604 -5.1296195 0.70366941 0.048041715 0.70890155 71.951161
0.70454188 -0.020378135 -0.70936974 -40.396974 -0.020651781 0.99857555 -0.049197405 -5.1979248 0.70936188 0.049311381 0.70311745 72.732543
0.70101406 -0.020333414 -0.71285749 -41.230764 -0.023715949 0.99837587 -0.051799416 -5.2747104 0.71275304 0.053218211 0.69939329 73.520509
0.69556097 -0.022629725 -0.71811057 -42.045169 -0.022079126 0.99835851 -0.052846953 -5.3456772 0.71812777 0.052613532 0.69391957 74.340815
0.69070141 -0.020713752 -0.72284332 -42.902205 -0.023926231 0.99838778 -0.051472063 -5.4212791 0.72274417 0.052846743 0.68909225 75.126538
0.68592356 -0.022407145 -0.7273285 -43.750389 -0.020642997 0.99852433 -0.050229842 -5.4949604 0.72738077 0.049468073 0.68444881 75.895159
0.6812868 -0.022260063 -0.73167803 -44.637415 -0.021686512 0.99848503 -0.050570157 -5.5776269 0.73169531 0.050320325 0.67977193 76.710935
0.67707172 -0.021657454 -0.73559825 -45.467178 -0.023259737 0.99843769 -0.050805078 -5.6528841 0.73554939 0.051508504 0.67551018 77.486843
0.67122283 -0.024148586 -0.74086214 -46.351521 -0.019705226 0.99853468 -0.050400465 -5.7216298 0.7409937 0.048428799 0.66976342 78.261603
0.66883527 -0.025245678 -0.74298182 -47.268039 -0.018209757 0.99856699 -0.050322668 -5.7984574 0.74318761 0.047187094 0.66741711 79.045816
0.66399789 -0.028889756 -0.74717611 -48.141016 -0.014205734 0.99858559 -0.05123487 -5.8695821 0.74759952 0.044634031 0.66264833 79.796681
0.66015952 -0.033414445 -0.7503818 -49.032446 -0.011258484 0.9984576 -0.054366058 -5.9510182 0.75104108 0.044338432 0.65876509 80.600667
0.65548132 -0.037005466 -0.75430417 -49.953942 -0.0085915187 0.99836874 -0.056444974 -6.0326796 0.75516254 0.043479245 0.65409414 81.388202
0.64939531 -0.041777435 -0.75930253 -50.831276 -0.001575921 0.99841371 -0.056281334 -6.1106986 0.7604494 0.037745435 0.64829934 82.148107
0.64110335 -0.044766931 -0.76614774 -51.768739 0.0020998449 0.99839584 -0.05658034 -6.2024726 0.76745171 0.034665054 0.64016893 82.933115
0.63293894 -0.04449329 -0.77292212 -52.708462 0.0026507583 0.99846593 -0.055306046 -6.2934902 0.77419722 0.03295652 0.63208591 83.705159
0.6234393 -0.044457182 -0.78060678 -53.688527 0.0049662737 0.99858719 -0.052905256 -6.3641218 0.78185601 0.029106509 0.62277928 84.460243
0.61589481 -0.045164326 -0.78653271 -54.639773 0.0061389197 0.99860024 -0.052534594 -6.4443815 0.78780451 0.027527323 0.61530997 85.170167
0.60608726 -0.044127312 -0.79417313 -55.598664 0.001311821 0.99851399 -0.054480136 -6.5302139 0.79539711 0.031977904 0.6052445 85.900426
0.59663299 -0.047782628 -0.80109041 -56.56303 0.004313767 0.99840238 -0.056338902 -6.6099727 0.80250266 0.03015793 0.59588593 86.622564
0.58735154 -0.048990847 -0.80784776 -57.58876 0.0040399456 0.99833127 -0.057605192 -6.6921866 0.80932188 0.030570837 0.58656933 87.347907
0.57743282 -0.050346739 -0.81488434 -58.599874 0.0076659309 0.99838717 -0.056252128 -6.781655 0.81640224 0.026234978 0.57688748 88.060864
0.56577757 -0.049435205 -0.82307463 -59.588856 0.0071977869 0.99845923 -0.055021366 -6.8669148 0.82452652 0.025205539 0.56526167 88.723755
0.55830284 -0.050815544 -0.8280795 -60.659794 0.0092118594 0.9984406 -0.05505908 -6.9492344 0.82958612 0.023111489 0.55790034 89.430804
0.54717048 -0.050835791 -0.83547599 -61.676747 0.0065300131 0.99838286 -0.056471463 -7.0414749 0.83699575 0.025443848 0.54661759 90.102017
0.53649062 -0.052555874 -0.84226815 -62.760773 0.007148284 0.99830611 -0.057739168 -7.1210177 0.84387605 0.02495575 0.53595755 90.799996
0.52752284 -0.053522192 -0.84785315 -63.792058 0.0059874601 0.99822289 -0.059289223 -7.2088613 0.84951978 0.026199932 0.52690584 91.395518
0.51927096 -0.053015869 -0.85296361 -64.888005 0.0043002967 0.99822342 -0.059426524 -7.302975 0.85459888 0.027190471 0.51857642 92.031571
0.50878632 -0.050657456 -0.85940109 -66.020607 0.0024644388 0.99834887 -0.057388733 -7.4003415 0.86088935 0.027080661 0.50807109 92.700193
0.50330277 -0.049198864 -0.86270837 -67.060242 0.0034880511 0.99848538 -0.054907082 -7.4844779 0.86410313 0.024625715 0.50271206 93.3109
0.49419688 -0.049463627 -0.86794166 -68.171181 0.0038457492 0.99849466 -0.054714057 -7.5686835 0.86934154 0.02370163 0.49364317 93.935862
0.4873926 -0.053026728 -0.87157131 -69.306781 0.0059667256 0.9983333 -0.057402314 -7.6635848 0.87316259 0.022777036 0.48689666 94.55474
0.48033717 -0.056360906 -0.87527115 -70.401828 0.0078211129 0.99816879 -0.059982471 -7.7586201 0.87704908 0.021966215 0.47989838 95.164511
0.47322026 -0.059036546 -0.87896371 -71.502945 0.0089202218 0.99802193 -0.062230712 -7.8473021 0.88089902 0.021608283 0.47281082 95.750069
0.46920719 -0.062416232 -0.88087954 -72.614035 0.0097406973 0.99780419 -0.065512672 -7.9555681 0.88303443 0.022158635 0.46878488 96.354533
0.46310326 -0.063697056 -0.88401244 -73.742653 0.013274375 0.99780074 -0.064942032 -8.0448927 0.88620496 0.018340154 0.46293032 96.931374
0.45911444 -0.061121525 -0.88627198 -74.876422 0.014112543 0.99800629 -0.061516549 -8.1508613 0.88826507 0.015735584 0.45906168 97.500845
0.45745894 -0.059703374 -0.88722419 -76.0029 0.018584573 0.99816752 -0.057586674 -8.250598 0.88903656 0.0098548548 0.45773021 98.11415
0.4518666 -0.059452456 -0.89010219 -77.142078 0.020329259 0.99820394 -0.056352589 -8.3450218 0.89185389 0.0073687346 0.45226365 98.656011
0.44793771 -0.059223277 -0.89210108 -78.244358 0.021703405 0.99822993 -0.055371163 -8.4385807 0.89380134 0.0054412005 0.44843018 99.208288
0.44869593 -0.058745706 -0.89175156 -79.352623 0.024246149 0.99827007 -0.053563048 -8.5274883 0.89335556 0.0024119803 0.44934407 99.750922
0.44603722 -0.058577354 -0.89309542 -80.459767 0.02696866 0.99828248 -0.052007568 -8.6126286 0.89460805 -0.00088827621 0.44685089 100.31646
0.44511061 -0.058188565 -0.89358299 -81.513983 0.027238236 0.99830457 -0.051439971 -8.7030382 0.89506128 -0.0014431484 0.44594091 100.8458
0.44318826 -0.059120287 -0.89447688 -82.599816 0.030072705 0.99824177 -0.051078425 -8.7893605 0.89592403 -0.0042619817 0.44418695 101.40923
0.43870592 -0.058703898 -0.89671116 -83.727148 0.033706283 0.99823674 -0.048859928 -8.8735346 0.89799837 -0.0087896614 0.43991106 101.94875
0.43775987 -0.058164017 -0.89720854 -84.847952 0.035486995 0.99824544 -0.047399441 -8.9615529 0.89839136 -0.011089662 0.43905587 102.49325
0.4349147 -0.059581651 -0.89849828 -85.910613 0.038440445 0.99812742 -0.047581356 -9.0461504 0.89965083 -0.013844844 0.43639063 102.99964
0.43538815 -0.060109376 -0.89823379 -86.955828 0.038862848 0.99809321 -0.047954483 -9.1223126 0.89940364 -0.014029111 0.43689398 103.46515
0.43610328 -0.061983223 -0.8977594 -88.015988 0.040393904 0.99796786 -0.049279741 -9.2130692 0.89898962 -0.014772951 0.4377208 103.99683
0.43492785 -0.061659639 -0.8983517 -89.060692 0.037572022 0.99802663 -0.050310857 -9.2895278 0.89968115 -0.011871298 0.43638626 104.5136
0.4397537 -0.061863383 -0.89598523 -90.040892 0.036389031 0.99803297 -0.051049374 -9.368332 0.89738096 -0.010154885 0.44113984 104.98906
0.44268398 -0.061371419 -0.89457497 -91.06696 0.033346958 0.99809167 -0.051971204 -9.4519137 0.89605745 -0.0068245356 0.44388574 105.48856
0.45036354 -0.062016828 -0.89068879 -92.098076 0.032244326 0.99806373 -0.05318926 -9.5377956 0.89226288 -0.0047651574 0.45149121 105.9944
0.45387332 -0.062146932 -0.88889634 -93.092287 0.031992579 0.99805825 -0.053443443 -9.6171929 0.89049174 -0.0041815336 0.45498026 106.49393
0.46057517 -0.061260733 -0.88550413 -94.077063 0.031132592 0.99811659 -0.052858541 -9.6978146 0.8870746 -0.0032227084 0.46161493 106.98967
0.46849078 -0.059368028 -0.88147136 -95.035406 0.028358428 0.99823601 -0.052160108 -9.7733961 0.88301317 -0.00056061306 0.46934795 107.50092
0.47815031 -0.058636284 -0.87631844 -96.026412 0.027181406 0.99827888 -0.051965775 -9.851982 0.87785735 0.001027883 0.47892117 108.02478
0.49051865 -0.058482573 -0.86946603 -96.990981 0.027765784 0.99828781 -0.051483099 -9.9294445 0.87098828 0.0011120137 0.49130261 108.56627
0.50115967 -0.059760216 -0.86328885 -97.957407 0.027750991 0.99820938 -0.052989831 -10.007715 0.86490978 0.0025992444 0.50192069 109.11572
0.51029015 -0.060896709 -0.85784351 -98.915102 0.02568879 0.99812405 -0.055573928 -10.090982 0.85961858 0.0063218659 0.51089724 109.66592
0.52086473 -0.061090645 -0.85145041 -99.833011 0.02310675 0.99807946 -0.05747584 -10.170394 0.85332647 0.010262886 0.521276 110.22535
0.53442954 -0.058964194 -0.84315374 -100.76016 0.020051676 0.99816736 -0.057095075 -10.251093 0.84497518 0.013606649 0.53463246 110.82194
0.5458667 -0.057397377 -0.83590372 -101.66331 0.020012686 0.9982594 -0.055476738 -10.331168 0.83763303 0.013554225 0.54606524 111.37664
0.55838206 -0.054713228 -0.82777767 -102.56288 0.019040214 0.99840514 -0.053147428 -10.404181 0.82936542 0.013915506 0.55853328 111.95878
0.5691627 -0.054841256 -0.82039393 -103.43501 0.020227681 0.99840511 -0.052707543 -10.484072 0.8219761 0.013404501 0.56936426 112.58084
0.58161098 -0.054939547 -0.81160967 -104.2966 0.019434028 0.9983704 -0.05365507 -10.558942 0.81323493 0.015433532 0.58173088 113.20413
0.59185086 -0.055567229 -0.80412983 -105.16556 0.019360319 0.99831314 -0.054736277 -10.637129 0.80581498 0.016827502 0.59192829 113.81064
0.60342632 -0.058140673 -0.79529635 -106.03467 0.022929619 0.99819115 -0.055575724 -10.717543 0.79708905 0.015300012 0.60366796 114.45629
0.6120115 -0.055886901 -0.78887167 -106.85268 0.020254246 0.99828041 -0.055008906 -10.795785 0.79058949 0.017688082 0.61209105 115.11476
0.62520373 -0.055550133 -0.77848213 -107.64854 0.021968805 0.99832112 -0.0535939 -10.870938 0.78015237 0.016404784 0.62537446 115.73002
0.63322228 -0.05310115 -0.77214621 -108.45824 0.021885351 0.99847319 -0.050718093 -10.94417 0.77366054 0.015217135 0.6334176 116.36119
0.64448045 -0.05191842 -0.76285606 -109.24429 0.021755167 0.99853325 -0.049578802 -11.017399 0.76431126 0.015356508 0.64466466 117.02252
0.65257841 -0.051206478 -0.75598893 -109.9594 0.019858941 0.998527 -0.050492187 -11.087638 0.75746095 0.017936972 0.65263407 117.66431
0.66251668 -0.049778741 -0.74739125 -110.72976 0.016820868 0.99852645 -0.051594508 -11.160342 0.7488583 0.021610452 0.66237775 118.33286
0.67287103 -0.049854229 -0.73807797 -111.44449 0.017557595 0.99852175 -0.051439735 -11.228337 0.73955145 0.021653433 0.67275168 118.97248
0.68083395 -0.048044946 -0.7308603 -112.15751 0.017277688 0.9986221 -0.049551889 -11.293886 0.73223402 0.021109032 0.68072593 119.61152
0.69028211 -0.046961552 -0.72201467 -112.86697 0.017818031 0.99869213 -0.047922385 -11.36194 0.72332093 0.020215085 0.69021607 120.31423
0.69875581 -0.045325934 -0.71392285 -113.59018 0.017172517 0.99876589 -0.046602516 -11.431801 0.71515416 0.020303926 0.69867183 120.9999
0.70620487 -0.045474779 -0.7065456 -114.2395 0.017550344 0.9987529 -0.046739983 -11.493155 0.70779002 0.020607885 0.70612226 121.63127
0.7130889 -0.043311762 -0.69973443 -114.90185 0.015314357 0.99881401 -0.046217387 -11.560413 0.70090637 0.022241123 0.71290647 122.3322
0.72002952 -0.041274663 -0.69271484 -115.55157 0.015378961 0.99893353 -0.043534997 -11.615661 0.69377303 0.020693248 0.71989639 122.98249
0.72729205 -0.038407326 -0.68525259 -116.19262 0.013962714 0.99905434 -0.041176109 -11.679059 0.6861861 0.02037907 0.72714055 123.66541
0.73491878 -0.036618209 -0.67716575 -116.82746 0.012922819 0.99911599 -0.040002933 -11.7348 0.67803202 0.020648016 0.73474232 124.32987
0.74098581 -0.03529244 -0.6705926 -117.44909 0.011879737 0.99915064 -0.039457262 -11.797033 0.67141563 0.021270807 0.74077571 125.01546
0.74978284 -0.033064687 -0.66085731 -118.04485 0.01009042 0.99920591 -0.038545094 -11.841395 0.66160707 0.022232123 0.74952108 125.66879
0.75862402 -0.030174373 -0.65082953 -118.62471 0.0092790952 0.99932604 -0.03551574 -11.897299 0.65146261 0.020903984 0.75839272 126.33755
0.76780066 -0.026699241 -0.64013222 -119.19182 0.007552611 0.99943907 -0.032626643 -11.942182 0.64064431 0.020216088 0.76757163 127.00106
0.77694817 -0.024722167 -0.62907895 -119.70336 0.0062482434 0.99948227 -0.031561708 -11.988009 0.62953359 0.020591173 0.77670039 127.64291
0.7852871 -0.024199395 -0.61865865 -120.21258 0.0051654039 0.99945715 -0.032538029 -12.033808 0.61911026 0.022356073 0.78498581 128.33372
0.79552182 -0.024883621 -0.60541374 -120.73583 0.0051842092 0.99939934 -0.034265035 -12.082299 0.60590278 0.024119992 0.79517298 129.00205
0.80587751 -0.02353991 -0.59161414 -121.26109 0.0044123856 0.99942037 -0.033755825 -12.129399 0.59206588 0.024592631 0.80551426 129.68032
0.81557594 -0.022382434 -0.57821699 -121.75978 0.0043123606 0.99945898 -0.032605869 -12.165049 0.57863402 0.024099082 0.81523122 130.36591
0.82466539 -0.02019368 -0.56526028 -122.22934 0.0040178555 0.99954641 -0.029846664 -12.208451 0.56560665 0.022342377 0.82437247 131.08691
0.83380074 -0.01922182 -0.55173075 -122.68619 0.00473451 0.99960589 -0.027670392 -12.248674 0.55204523 0.020459419 0.83356314 131.76346
0.84325988 -0.018095558 -0.53720137 -123.15801 0.0055249849 0.99967216 -0.025001105 -12.284662 0.5374777 0.018114399 0.8430834 132.47512
0.850784 -0.017224443 -0.52523316 -123.58588 0.0063025371 0.99972527 -0.022575904 -12.320909 0.52547776 0.015896916 0.85065882 133.20852
0.85752698 -0.017890064 -0.51412781 -124.00646 0.0078197444 0.99973297 -0.021744875 -12.353837 0.51437958 0.014626469 0.85743789 133.93267
0.86322653 -0.017585346 -0.50451034 -124.43983 0.0082373082 0.99975069 -0.020753388 -12.395025 0.50474956 0.013759068 0.86315618 134.66644
0.86994906 -0.016641646 -0.4928607 -124.85707 0.0073453108 0.99975684 -0.020791987 -12.421718 0.49308692 0.014467754 0.86985976 135.39777
0.87610099 -0.01487532 -0.48189808 -125.27704 0.0058305557 0.99977772 -0.020261251 -12.454484 0.4820924 0.014941168 0.87599298 136.14636
0.88230428 -0.013956904 -0.47047247 -125.6688 0.0051124488 0.99978547 -0.020071684 -12.47883 0.47065171 0.015304066 0.88218636 136.897
0.88811232 -0.01463951 -0.45939327 -126.07121 0.0060758478 0.99977923 -0.020114014 -12.515731 0.45958635 0.0150723 0.8880052 137.64312
0.89317161 -0.015571685 -0.4494463 -126.4491 0.0071633965 0.99976618 -0.020402664 -12.546959 0.44965896 0.015003518 0.89307432 138.41059
0.89694041 -0.01620568 -0.44185435 -126.82826 0.0075029698 0.99974206 -0.021436438 -12.582277 0.4420878 0.015911988 0.89683064 139.17981
0.90010497 -0.015358946 -0.43540226 -127.21974 0.0070635868 0.99976152 -0.020664371 -12.611751 0.43561584 0.015524601 0.8999988 139.96295
0.90283288 -0.013547317 -0.42977814 -127.59077 0.0066511759 0.99982397 -0.017544012 -12.643644 0.4299402 0.01298078 0.90276406 140.7666
0.90693704 -0.010229323 -0.42114197 -127.96564 0.0050543794 0.99989741 -0.013402298 -12.663121 0.4212359 0.010026429 0.9068957 141.55182
0.9097602 -0.0073544765 -0.415069 -128.36374 0.0032172695 0.99993794 -0.010665881 -12.688898 0.41512172 0.008368005 0.90972741 142.37613
0.91285105 -0.005013328 -0.40826193 -128.74289 0.0016394593 0.99996156 -0.0086134732 -12.710162 0.40828945 0.0071934891 0.91282418 143.20949
0.91555548 -0.0031776669 -0.40217913 -129.11685 0.0006045122 0.99997853 -0.0065247899 -12.723339 0.40219126 0.0057306847 0.91553775 144.07032
0.91882855 -0.0018397649 -0.39465264 -129.50041 0.00031810608 0.99999226 -0.0039210832 -12.74474 0.39465683 0.0034772615 0.91882202 144.93755
0.92237927 -0.0017625825 -0.38628146 -129.8578 0.0011479063 0.99999768 -0.001821919 -12.760553 0.38628381 0.0012370852 0.92237915 145.81313
0.92547874 -0.0019801988 -0.37879436 -130.23806 0.0018137284 0.99999804 -0.00079628448 -12.780089 0.37879523 4.9913967e-05 0.92548052 146.69479
0.92879499 -0.0029432 -0.37058224 -130.60748 0.0027721165 0.99999566 -0.00099427204 -12.782392 0.37058359 -0.00010382255 0.92879912 147.59422
0.93249089 -0.005337933 -0.36115403 -130.94402 0.0052479778 0.99998547 -0.0012298473 -12.812007 0.36115537 -0.00074850723 0.93250536 148.5143
0.93614132 -0.0069837041 -0.35155462 -131.30692 0.0065010503 0.99997561 -0.0025533228 -12.817765 0.35156391 0.0001047964 0.93616389 149.44676
0.94033218 -0.0077700712 -0.34016908 -131.66145 0.0065383638 0.99996726 -0.0047669924 -12.849575 0.34019501 0.002258407 0.9403522 150.39866
0.94510666 -0.0059090117 -0.32670853 -132.00149 0.0044286474 0.99997628 -0.0052748168 -12.859303 0.32673198 0.0035383874 0.94511042 151.37251
0.95047874 -0.0028033351 -0.31077694 -132.32258 0.0016059215 0.99999027 -0.0041087789 -12.870365 0.31078546 0.0034062234 0.95047399 152.34209
0.9565214 0.00096497268 -0.29166054 -132.62479 -0.0013968175 0.99999821 -0.0012724205 -12.885329 0.29165882 0.0016244937 0.95652104 153.33833
0.96237806 0.0039271586 -0.27168555 -132.93786 -0.0039824272 0.99999201 0.00034792718 -12.903336 0.27168477 0.00074713024 0.96238601 154.37461
0.96817591 0.0057507101 -0.25020457 -133.20958 -0.0056039489 0.99998345 0.0012989645 -12.923488 0.25020792 0.00014450726 0.96819212 155.42238
0.97337623 0.0071972572 -0.2291002 -133.46897 -0.0067640596 0.99997354 0.0026760881 -12.926629 0.22911342 -0.0010551934 0.97339916 156.46982
0.978315 0.0078226342 -0.20697478 -133.69442 -0.0069164378 0.99996307 0.0051015431 -12.9461 0.20700706 -0.0035593882 0.97833298 157.55257
0.98272527 0.0095809127 -0.18482219 -133.913 -0.0081341528 0.99993007 0.0085844973 -12.949495 0.18489153 -0.0069328308 0.98273448 158.61805
0.98673739 0.01142411 -0.16192223 -134.11214 -0.0094630041 0.9998723 0.01287749 -12.961878 0.16204868 -0.01117443 0.98671949 159.72785
0.99023058 0.013150484 -0.13881808 -134.27908 -0.01101217 0.99980877 0.016160587 -12.958633 0.13900406 -0.014474019 0.99018603 160.87124
0.9928821 0.014708439 -0.11818962 -134.41796 -0.012889135 0.99978662 0.016142783 -12.956563 0.11840184 -0.014504519 0.99285982 161.98935
0.99535277 0.014571004 -0.095186949 -134.53915 -0.013266382 0.99980939 0.014324409 -12.95722 0.095377535 -0.012995054 0.99535635 163.13512
0.99718909 0.014452923 -0.073518976 -134.64541 -0.013527252 0.99982303 0.013073341 -12.950978 0.07369492 -0.012042084 0.99720813 164.3086
0.99846545 0.012890651 -0.053856931 -134.71654 -0.012097048 0.99981378 0.015035512 -12.953995 0.054040723 -0.01436093 0.99843546 165.47633
0.9993325 0.013515325 -0.033939543 -134.75531 -0.012950777 0.99977501 0.016799085 -12.952847 0.034158955 -0.016348328 0.99928269 166.65981
0.99982191 0.013800308 -0.012872282 -134.77822 -0.013569723 0.99974891 0.0178319 -12.949522 0.013115136 -0.017654051 0.99975813 167.90636
0.99986469 0.015076042 0.0065810845 -134.80301 -0.015195187 0.99971439 0.018445871 -12.942071 -0.0063011146 -0.018543376 0.9998082 169.10084
0.99947968 0.015674089 0.028190244 -134.76968 -0.016214912 0.99968686 0.019059552 -12.939776 -0.027882678 -0.019506737 0.99942085 170.33373
0.99869112 0.017885777 0.047918206 -134.71412 -0.018802787 0.99964729 0.018755023 -12.93301 -0.047565861 -0.019631471 0.99867517 171.5664
0.99749887 0.018767546 0.068145275 -134.64896 -0.019983967 0.99965212 0.01721274 -12.925273 -0.067798533 -0.018531502 0.99752691 172.80481
0.99584335 0.018845551 0.089111591 -134.55161 -0.020302824 0.9996741 0.015475227 -12.92554 -0.088790918 -0.017220119 0.99590142 174.06537
0.99411902 0.020751039 0.10628626 -134.42382 -0.022214926 0.99967372 0.012607565 -12.923695 -0.10598997 -0.014894562 0.99425564 175.33423
0.99182804 0.021330841 0.12578607 -134.27069 -0.022871137 0.99967994 0.010813754 -12.923257 -0.12551515 -0.013602255 0.99199845 176.61529
0.98896721 0.021244186 0.14660337 -134.11886 -0.022677729 0.9997099 0.008113769 -12.937208 -0.14638848 -0.011348883 0.98916208 177.90191
0.98637277 0.022601959 0.16296599 -133.90072 -0.023368289 0.99972304 0.0027867373 -12.93983 -0.16285788 -0.0065569981 0.98662775 179.22203
0.9830866 0.024363582 0.1815135 -133.66853 -0.024078599 0.99970295 -0.0037738165 -12.966807 -0.18155154 -0.00066060226 0.98338121 180.51791
0.97979293 0.02647152 0.19825505 -133.43059 -0.025222093 0.99964292 -0.0088252015 -12.980158 -0.19841789 0.003646463 0.98011073 181.79354
0.97606819 0.028785627 0.2155511 -133.14286 -0.026586771 0.99956075 -0.013094266 -13.022369 -0.21583336 0.0070500894 0.97640476 183.12729
0.97170814 0.031056135 0.23413416 -132.85571 -0.028092903 0.99947755 -0.015981473 -13.053952 -0.23450818 0.0089518198 0.97207293 184.44465
0.96766808 0.03059632 0.25036444 -132.52143 -0.027527806 0.99949696 -0.015749646 -13.092408 -0.2507204 0.0083484462 0.96802355 185.74869
0.9636241 0.029152395 0.26566655 -132.19402 -0.025660048 0.99953276 -0.016607792 -13.130574 -0.2660266 0.0091866529 0.96392191 187.0898
0.95854591 0.029070349 0.28345131 -131.80474 -0.02415234 0.99949125 -0.020830503 -13.192375 -0.28391268 0.013120982 0.95876036 188.45172
0.95388972 0.030488926 0.2986048 -131.39895 -0.024031066 0.99939164 -0.025275523 -13.24399 -0.29919379 0.016934271 0.95404209 189.77994
0.94798251 0.032746824 0.31663354 -130.96079 -0.025910587 0.99933185 -0.025777947 -13.283588 -0.31726616 0.016232882 0.9481976 191.11372
0.94241568 0.0344001 0.33266997 -130.51402 -0.027320386 0.99929018 -0.025937188 -13.345467 -0.33332611 0.015354941 0.94268655 192.44139
0.93595475 0.038507969 0.35000834 -130.04514 -0.030135217 0.99911517 -0.029338438 -13.393982 -0.35082844 0.016911874 0.93628703 193.78124
0.92874243 0.039583112 0.36860638 -129.52513 -0.029578308 0.99902562 -0.032755578 -13.462664 -0.36954382 0.019518743 0.92900829 195.11606
0.92206602 0.040574585 0.38489991 -128.97941 -0.029093815 0.99894228 -0.035607314 -13.532056 -0.38593757 0.021634088 0.9222712 196.47067
0.91509565 0.040563096 0.40119144 -128.43557 -0.026589461 0.99883218 -0.040339412 -13.60989 -0.40235925 0.026246957 0.91510554 197.7586
0.90637529 0.044239714 0.42015077 -127.84197 -0.027527786 0.99857311 -0.045759965 -13.692756 -0.4215757 0.029909882 0.90629981 199.10055
0.8962809 0.047579663 0.44092709 -127.21467 -0.028448998 0.9983489 -0.049901247 -13.783739 -0.4425734 0.032181602 0.89615465 200.40395
0.88389322 0.050594829 0.46494401 -126.55259 -0.030200864 0.99823102 -0.051212598 -13.873185 -0.46671266 0.031224758 0.88385764 201.73289
0.87090674 0.054945555 0.4883671 -125.85957 -0.032953408 0.99802287 -0.053520347 -13.971053 -0.49034228 0.030517872 0.87099548 203.01381
0.85642372 0.059389372 0.51284626 -125.14029 -0.035337718 0.99777511 -0.05653386 -14.073232 -0.51506279 0.030294123 0.85661696 204.29207
0.8414643 0.062942004 0.53663405 -124.37714 -0.036647101 0.99755304 -0.059539198 -14.182799 -0.5390685 0.030434028 0.84171192 205.57808
0.82561104 0.064686978 0.56051938 -123.55178 -0.036085646 0.9974263 -0.061956443 -14.294911 -0.5630846 0.03092522 0.82582044 206.84724
0.80976001 0.066184358 0.58301657 -122.70834 -0.035310665 0.99731394 -0.064172137 -14.409933 -0.58569779 0.031377329 0.80992196 208.07762
0.79373036 0.067826095 0.60447639 -121.83524 -0.032943676 0.9970986 -0.068622879 -14.531436 -0.60737704 0.034554389 0.79366187 209.26266
0.77748126 0.070408702 0.62495237 -120.92799 -0.031138871 0.99680427 -0.073563697 -14.664098 -0.62813477 0.037734086 0.77718909 210.44605
0.7600211 0.072115085 0.6458849 -119.9461 -0.029021926 0.99659911 -0.077122956 -14.798049 -0.6492501 0.039870251 0.75952927 211.61811
0.74474628 0.07393603 0.66323933 -118.98648 -0.027626206 0.99640751 -0.080055418 -14.937692 -0.66677568 0.04129819 0.74411336 212.73382
0.72841029 0.0745412 0.68107417 -117.94635 -0.025600831 0.996331 -0.08166482 -15.086454 -0.68466276 0.042049432 0.72764606 213.8927
0.71195837 0.075357967 0.69816646 -116.9096 -0.023631756 0.99623324 -0.083431801 -15.232706 -0.70182395 0.04290107 0.71105744 215.00492
0.69743423 0.075851162 0.71262336 -115.84642 -0.020723313 0.99610176 -0.085742807 -15.382298 -0.71634914 0.045032053 0.69628735 216.07228
0.68242605 0.07718374 0.72686815 -114.76629 -0.017720383 0.99586409 -0.089110608 -15.535961 -0.73073984 0.04793102 0.68097133 217.11963
0.66725243 0.080094527 0.74051267 -113.64283 -0.01615357 0.99552373 -0.093121286 -15.709043 -0.7446565 0.050173484 0.66555944 218.14889
0.65234684 0.082289566 0.7534401 -112.50017 -0.014523437 0.99526318 -0.096126363 -15.862506 -0.75778144 0.051765191 0.65045192 219.1486
0.63678518 0.082569646 0.76660736 -111.36625 -0.013171489 0.99526932 -0.096257394 -16.032145 -0.77092879 0.051197924 0.63486032 220.12519
0.62056381 0.084390402 0.77960167 -110.17272 -0.014134049 0.99523442 -0.096481517 -16.20542 -0.7840286 0.048854011 0.61879924 221.09648
0.60331022 0.085293078 0.79293241 -108.98944 -0.01588966 0.99535265 -0.094976942 -16.378203 -0.79734832 0.044701135 0.6018617 222.02407
0.5842248 0.086257803 0.806995 -107.76664 -0.017999057 0.9954685 -0.093372858 -16.547248 -0.81139231 0.040025591 0.58312994 222.94531
0.56661518 0.087138301 0.819362 -106.55997 -0.019767159 0.99554378 -0.092205423 -16.71223 -0.82374544 0.036048535 0.5658127 223.83089
0.54868655 0.090340696 0.8311327 -105.3574 -0.021063118 0.99532266 -0.094282287 -16.8849 -0.83576281 0.034225178 0.54802301 224.65482
0.53032375 0.09436089 0.84252756 -104.12265 -0.023862067 0.99505431 -0.096423658 -17.065373 -0.84745937 0.031031309 0.52995258 225.48331
0.51028479 0.094160785 0.85483514 -102.88317 -0.023705333 0.99515039 -0.095465975 -17.235317 -0.85967875 0.028450684 0.51004222 226.25902
0.48970748 0.093484869 0.86686049 -101.62785 -0.024426958 0.99531596 -0.0935386 -17.410952 -0.87154459 0.024631789 0.48969722 226.99891
0.46830545 0.091460574 0.87882018 -100.36573 -0.023798526 0.99557293 -0.090929513 -17.574621 -0.88324612 0.021668162 0.46840885 227.69197
0.44616666 0.090004747 0.89041248 -99.123873 -0.024188564 0.99577932 -0.088535073 -17.736533 -0.89462299 0.0179636 0.44646061 228.34785
0.42386178 0.088811645 0.90136209 -97.845738 -0.022807704 0.99591195 -0.08740246 -17.893797 -0.90543971 0.016488564 0.4241546 228.97695
