1 0 0 0 0 1 0 0 0 0 1 0
0.99993952 -0.0021383972 0.010788154 0.0059097176 0.0021268951 0.99999716 0.001077552 -0.0082726459 -0.010790429 -0.0010545416 0.99994123 0.29598303
0.99984586 -0.0036213855 0.017179757 0.017643307 0.0035985284 0.9999926 0.0013612065 -0.014395517 -0.017184561 -0.0012991749 0.99985149 0.5858361
0.99978255 -0.0070554611 0.019623143 0.027565012 0.0070582442 0.99997509 -7.2547376e-05 -0.019290672 -0.019622144 0.00021103656 0.99980744 0.882203
0.99981831 -0.0082529983 0.017182577 0.031877991 0.0082778641 0.99996479 -0.0013764979 -0.021886033 -0.017170614 0.0015184829 0.99985142 1.184413
0.99988162 -0.011097707 0.010657792 0.024354815 0.011131448 0.9999332 -0.0031117439 -0.026574509 -0.010622548 0.0032300122 0.99993836 1.5118034
0.9999234 -0.012352488 -0.00078215989 0.018176767 0.012348959 0.99991421 -0.0043676145 -0.03598778 0.00083604376 0.0043576212 0.99999016 1.8362726
0.99979017 -0.011422507 -0.017004379 -0.0043340302 0.011341698 0.99992396 -0.0048412006 -0.039136763 0.017058386 0.0046473263 0.99984369 2.1569297
0.9993133 -0.0077000403 -0.036244119 -0.045301442 0.0075153319 0.99995808 -0.0052297289 -0.046260989 0.036282872 0.0049537511 0.99932928 2.5015781
0.99841738 -0.0040459602 -0.056092472 -0.086267365 0.0036978705 0.99997327 -0.0063080484 -0.050704874 0.056116499 0.0060906426 0.99840565 2.8511807
0.99718227 -0.0034071345 -0.074939416 -0.13278971 0.0029147862 0.99997345 -0.0066783437 -0.055294461 0.074960187 0.0064410936 0.99716573 3.2188173
0.99533504 -0.0043850439 -0.096379063 -0.18011878 0.0038333411 0.9999752 -0.0059087175 -0.060716513 0.096402591 0.0055116998 0.99532716 3.594136
0.99325995 -0.0054564215 -0.11577948 -0.23985952 0.0048988157 0.99997499 -0.0051001084 -0.070629977 0.11580442 0.0044985511 0.99326185 3.9830374
0.99112355 -0.004478341 -0.13286855 -0.30894857 0.0039169507 0.99998227 -0.0044862359 -0.079068143 0.1328863 0.0039259745 0.99112351 4.3783611
0.98873596 -0.0036202255 -0.14962649 -0.38738933 0.0030752234 0.99998777 -0.0038736289 -0.087375071 0.14963869 0.0033698613 0.988735 4.7732738
0.98672168 -0.0030279366 -0.16239196 -0.47283727 0.0024247638 0.99998941 -0.0039123716 -0.094896824 0.1624021 0.0034666597 0.98671857 5.2012818
0.98452503 -0.004462259 -0.1751872 -0.5656432 0.0036665408 0.99998144 -0.0048655108 -0.10176481 0.17520568 0.0041478861 0.98452312 5.6432197
0.98284148 -0.0073255489 -0.18430671 -0.65704611 0.0061840206 0.99995798 -0.006767684 -0.114444 0.18434856 0.005511804 0.98284548 6.0922767
0.9813771 -0.0068505282 -0.19196891 -0.75644962 0.0052676202 0.9999478 -0.0087547984 -0.12391802 0.19201888 0.0075805393 0.98136196 6.5555523
0.97985523 -0.0067960848 -0.19959344 -0.86507636 0.004698492 0.99992867 -0.010981114 -0.12751896 0.19965385 0.0098221139 0.97981726 7.0273566
0.97832085 -0.0074236547 -0.20696185 -0.97050161 0.0047481732 0.99989866 -0.013421149 -0.13852992 0.20704053 0.012147499 0.97825695 7.509717
0.9762825 -0.011024409 -0.21621967 -1.0910232 0.0079624024 0.99985538 -0.015027591 -0.14982653 0.21635408 0.012949547 0.97622908 7.9980574
0.97441274 -0.016774126 -0.22413932 -1.2053265 0.013457274 0.99977629 -0.016317686 -0.16750115 0.22436291 0.012883857 0.97442049 8.5167338
0.97261308 -0.017740537 -0.23175217 -1.3273864 0.013815431 0.9997325 -0.018548798 -0.18978861 0.23201926 0.014839048 0.972598 9.0225685
0.97053088 -0.013851522 -0.24057833 -1.4911439 0.0086030542 0.99970183 -0.022852694 -0.19412604 0.24082316 0.020109537 0.97036066 9.5697761
0.9684633 -0.011326851 -0.24889865 -1.6404932 0.0049327599 0.99964197 -0.02629825 -0.21103708 0.24910743 0.024241133 0.96817243 10.101599
0.96609343 -0.013610275 -0.25783372 -1.7984965 0.0066527344 0.99959031 -0.027837848 -0.23346322 0.258107 0.025178663 0.96578819 10.662078
0.96383016 -0.0154566 -0.26606863 -1.9587399 0.0078194975 0.99952711 -0.029739034 -0.26553516 0.26640249 0.026582855 0.96349524 11.232708
0.96171732 -0.015248907 -0.27361883 -2.1382595 0.0066497865 0.99945521 -0.032327399 -0.28742683 0.27396275 0.029270313 0.96129479 11.800034
0.9591773 -0.014834346 -0.28241609 -2.3276512 0.0048800969 0.99934284 -0.035917639 -0.31112047 0.28276333 0.033073167 0.95861936 12.387491
0.95718641 -0.015593214 -0.28905194 -2.5083617 0.0038961414 0.99915162 -0.040998347 -0.33921414 0.28944604 0.038116874 0.9564351 12.962665
0.95516378 -0.016756955 -0.29560338 -2.7119177 0.0026096753 0.99883484 -0.048188771 -0.38146807 0.29606647 0.04525674 0.95409459 13.578913
0.95379201 -0.017176231 -0.29997628 -2.925605 0.00024262355 0.99840845 -0.056396065 -0.41923063 0.30046755 0.053717336 0.95227817 14.205152
0.95255567 -0.016862423 -0.30389693 -3.1284449 -0.0030435299 0.99788649 -0.064909888 -0.46034839 0.3043492 0.062755202 0.95049111 14.811067
0.95137729 -0.01641488 -0.30759031 -3.3501739 -0.0067148021 0.99723656 -0.073987469 -0.50835943 0.30795482 0.072455407 0.948638 15.474216
0.95008084 -0.01511593 -0.31163744 -3.5716642 -0.010677175 0.99666549 -0.080894336 -0.56871882 0.3118211 0.080183568 0.9467514 16.109545
0.94832455 -0.014584386 -0.31696661 -3.8138495 -0.013949364 0.99606106 -0.087565884 -0.63202219 0.31699522 0.087462362 0.94438571 16.770644
0.94695592 -0.013279175 -0.32108898 -4.0580743 -0.017777742 0.99545127 -0.093598689 -0.70142251 0.32087137 0.094342071 0.94241241 17.443933
0.94522441 -0.010817928 -0.32624191 -4.3096021 -0.022701506 0.99485212 -0.098761852 -0.77782347 0.32563088 0.1007583 0.94011292 18.098162
0.94350358 -0.0083844851 -0.33125623 -4.5714139 -0.027080461 0.99438479 -0.10230121 -0.85908181 0.33025393 0.10549213 0.93797855 18.810274
0.94178466 -0.0074214379 -0.33613476 -4.8275006 -0.029129133 0.99419607 -0.10356481 -0.93434253 0.33495248 0.10732706 0.93610242 19.499724
0.93957573 -0.0066142799 -0.34227721 -5.1106033 -0.030394294 0.99425329 -0.10264782 -1.0235758 0.34098921 0.10684867 0.93397523 20.233479
0.93725724 -0.0070515116 -0.34856726 -5.392916 -0.030159363 0.99440764 -0.1012119 -1.1062846 0.34733168 0.10537416 0.93180309 20.950708
0.93469507 -0.0069774922 -0.35538209 -5.6791575 -0.03035183 0.99458891 -0.099356273 -1.191069 0.35415237 0.10365432 0.92942557 21.661574
0.93188922 -0.0063160259 -0.362688 -5.9603229 -0.03063165 0.99490694 -0.096030637 -1.273467 0.36144737 0.10059965 0.92694958 22.360006
0.92812236 -0.0034851896 -0.37225896 -6.2987035 -0.032642267 0.99534289 -0.09070292 -1.358776 0.37084145 0.096334786 0.92368622 23.178183
0.92510605 -0.0013388946 -0.37970645 -6.6048117 -0.033647984 0.99577068 -0.085490206 -1.4451151 0.37821504 0.091863865 0.92114843 23.913597
0.92138695 0.0011131523 -0.38864486 -6.95215 -0.035636139 0.99602522 -0.08163222 -1.5189486 0.38700925 0.089064666 0.91776432 24.665816
0.91753037 0.0022060604 -0.39765957 -7.2712965 -0.036879505 0.99614709 -0.079566808 -1.5926258 0.39595193 0.087670453 0.91407657 25.396563
0.91360054 0.0027177125 -0.40660381 -7.6492882 -0.038019029 0.99616782 -0.07876686 -1.6713644 0.4048316 0.087420129 0.91020279 26.181758
0.9101649 0.0029691234 -0.41423546 -7.9869831 -0.038453359 0.99626222 -0.077349412 -1.7383798 0.41245752 0.086329466 0.90687708 26.938673
0.90655348 0.0043260493 -0.42206878 -8.3767541 -0.040141077 0.996299 -0.076006549 -1.8144974 0.42017794 0.085846299 0.90337198 27.718868
0.90249703 0.0036224978 -0.43068082 -8.7735115 -0.039054243 0.99653343 -0.073456709 -1.8873124 0.42892177 0.083114377 0.89950994 28.498344
0.89912982 0.005039537 -0.43765301 -9.1590316 -0.039471231 0.99679288 -0.069613102 -1.9654845 0.43589862 0.07986592 0.89644512 29.281733
0.89504089 0.0057887802 -0.44594649 -9.5761503 -0.038337005 0.99721326 -0.063999912 -2.027554 0.44433331 0.074378792 0.89276857 30.095052
0.89219521 0.0056963348 -0.45161405 -9.9941945 -0.036637919 0.99753787 -0.059798547 -2.0950792 0.45016152 0.069898177 0.89020721 30.884964
0.8878914 0.0048759091 -0.46002725 -10.428658 -0.035317775 0.99771534 -0.057591321 -2.1597912 0.45869547 0.067381978 0.88603507 31.699675
0.8845021 0.0047202573 -0.46651231 -10.861006 -0.0351212 0.99778503 -0.056493624 -2.2228804 0.46521237 0.066353202 0.88270874 32.527383
0.88189442 0.004719814 -0.47142331 -11.31617 -0.034558081 0.99790698 -0.054657122 -2.2773257 0.47017868 0.064493297 0.8802117 33.342256
0.87831018 0.0031760302 -0.47808066 -11.791068 -0.032686617 0.998037 -0.053420255 -2.3406496 0.47697256 0.062546395 0.87668988 34.182868
0.87552665 0.0020349333 -0.48316552 -12.266601 -0.031795437 0.99806624 -0.053411825 -2.4031023 0.48212255 0.062125936 0.8738983 35.025076
0.87445589 0.00098423835 -0.48510402 -12.73406 -0.030936771 0.9980755 -0.053742072 -2.4599064 0.48411759 0.062002624 0.87280345 35.864617
0.87332504 0.0018673898 -0.48713434 -13.243619 -0.032373184 0.99800451 -0.054212246 -2.5248624 0.48606108 0.063115002 0.87164279 36.733116
0.87267783 0.0011335365 -0.4882951 -13.726698 -0.031171404 0.99808697 -0.053392351 -2.5865031 0.48730049 0.061815165 0.8710437 37.592383
0.87258221 0.0012602985 -0.48846564 -14.242121 -0.030427286 0.99819493 -0.051779041 -2.6491939 0.48751871 0.060044155 0.87104548 38.501968
0.87245213 0.0016977042 -0.48869662 -14.75579 -0.030741908 0.99820412 -0.051414691 -2.7136365 0.48773173 0.059880324 0.8709375 39.397193
0.87158474 -0.0010682023 -0.49024369 -15.2572 -0.028083587 0.99824672 -0.052103788 -2.7755974 0.48943985 0.059180669 0.87002661 40.290137
0.87025593 -0.0026617164 -0.49259264 -15.806191 -0.026748796 0.99825468 -0.052650741 -2.8423443 0.49187309 0.05899588 0.86866586 41.217897
0.86920429 -0.0028384038 -0.49444497 -16.320965 -0.025665982 0.99837642 -0.050850503 -2.9076176 0.49378658 0.056889892 0.86772022 42.107568
0.86722197 -0.0025824526 -0.49791502 -16.88289 -0.024054184 0.99860171 -0.047074612 -2.9710957 0.4973404 0.052801078 0.86594723 43.045403
0.86405249 -0.0020159432 -0.50339766 -17.390933 -0.022712356 0.99881755 -0.042984359 -3.0400723 0.50288911 0.04857409 0.86298501 43.971145
0.8604097 -0.0049757531 -0.50957862 -17.944006 -0.018546099 0.99898417 -0.041069111 -3.0960169 0.50926537 0.044786957 0.85944339 44.849394
0.85543794 -0.008593091 -0.51783401 -18.497174 -0.015970957 0.99894913 -0.042960141 -3.1581059 0.51765903 0.04502004 0.85440175 45.756243
0.8496309 -0.010903406 -0.52726504 -19.069563 -0.015928505 0.99879958 -0.04632142 -3.2243183 0.52713721 0.047754654 0.84843731 46.630381
0.84304812 -0.0094017005 -0.53775593 -19.634674 -0.018265029 0.99877001 -0.046096067 -3.2848739 0.53752793 0.04868333 0.84183947 47.537241
0.83838892 -0.0069427331 -0.54502825 -20.238256 -0.018405801 0.99898804 -0.041038104 -3.3457811 0.54476166 0.044437574 0.83741272 48.433124
0.83314447 -0.0047973647 -0.55303458 -20.853649 -0.018294987 0.99917604 -0.036228798 -3.4015554 0.55275275 0.040301583 0.83237023 49.302486
0.82857645 -0.0038231089 -0.55986286 -21.455947 -0.020915471 0.99906731 -0.03777641 -3.4602691 0.55948515 0.04301044 0.82772368 50.206006
0.82537326 -0.0056200972 -0.56455945 -22.056262 -0.021975456 0.99887291 -0.042071239 -3.5172409 0.56415963 0.047130927 0.82431948 51.062171
0.82255544 -0.0068099658 -0.56864413 -22.680531 -0.02556304 0.99847479 -0.048934991 -3.5876441 0.56811012 0.054788017 0.82112678 51.924545
0.81976007 -0.0075761722 -0.57265696 -23.307413 -0.026175271 0.99837196 -0.050678295 -3.6499941 0.57210865 0.056533495 0.81822716 52.800759
0.81645719 -0.0063280307 -0.57737127 -23.925413 -0.025325695 0.99858517 -0.046757473 -3.7202029 0.57685032 0.052797804 0.81514179 53.655869
0.81346997 -0.0036886771 -0.58159519 -24.556503 -0.025126551 0.99882338 -0.041479074 -3.7793775 0.58106393 0.048355462 0.81242014 54.541769
0.80987646 -0.0030745921 -0.58659239 -25.199074 -0.024122262 0.99896585 -0.038540327 -3.8376541 0.58610431 0.04536284 0.80896476 55.398079
0.80776478 -0.0028925757 -0.58949781 -25.833208 -0.024712214 0.99894278 -0.038763796 -3.8924049 0.58898675 0.045879825 0.80683931 56.234913
0.80497257 -0.0052110609 -0.59328912 -26.506005 -0.023588215 0.99888976 -0.040777993 -3.954545 0.59284297 0.046819798 0.80395594 57.144573
0.80117653 -0.0060580367 -0.59839739 -27.160474 -0.024764646 0.99875653 -0.043267827 -4.0206607 0.59791547 0.049484267 0.80003027 57.988597
0.79677268 -0.0082702016 -0.60422254 -27.783319 -0.022618168 0.9987975 -0.043496877 -4.0742145 0.60385574 0.048323531 0.7956275 58.799421
0.79269347 -0.008032575 -0.60956747 -28.464392 -0.022817182 0.99882162 -0.042833879 -4.1402544 0.60919329 0.047862749 0.7915761 59.690658
0.78791945 -0.0082257734 -0.61572335 -29.13772 -0.022357492 0.99886934 -0.041954515 -4.1973856 0.61537234 0.046822809 0.78684467 60.49765
0.7829602 -0.0088559637 -0.62200873 -29.824269 -0.022745967 0.99882244 -0.042852647 -4.2663269 0.62165583 0.047700108 0.78183678 61.355036
0.77703285 -0.0087294352 -0.62939949 -30.512495 -0.024263205 0.99874536 -0.043806499 -4.3264595 0.62899228 0.049310338 0.77584615 62.176065
0.77211622 -0.010311773 -0.63539765 -31.198041 -0.023382161 0.99873029 -0.044621544 -4.3914887 0.63505106 0.049309989 0.77089475 63.010842
0.76674722 -0.010447406 -0.64186409 -31.920296 -0.024546675 0.99865918 -0.045577391 -4.4580005 0.64147969 0.050701968 0.76546271 63.852992
0.76242199 -0.01309926 -0.64694751 -32.60456 -0.02289614 0.99862288 -0.047202809 -4.5216811 0.64667496 0.050801061 0.76107213 64.652302
0.75493379 -0.015895034 -0.65560833 -33.34954 -0.019647061 0.99870931 -0.04683703 -4.5860433 0.65550668 0.048239634 0.75364711 65.495201
0.74805691 -0.013684657 -0.66349345 -34.115838 -0.021788473 0.99874192 -0.045164661 -4.6551487 0.66327683 0.048242247 0.74681762 66.322692
0.74258884 -0.015146017 -0.66957626 -34.839525 -0.019866654 0.99880619 -0.044626268 -4.7193506 0.66945288 0.046441209 0.74140144 67.133015
0.73558509 -0.017260021 -0.67721239 -35.598798 -0.018220212 0.99880965 -0.045247239 -4.786084 0.6771873 0.045622148 0.734395 67.95993
0.72917523 -0.018982432 -0.68406367 -36.380045 -0.01801269 0.99873646 -0.046915009 -4.8555106 0.68408995 0.04653109 0.72791197 68.768598
0.72205124 -0.018521019 -0.6915916 -37.161512 -0.01902083 0.99873229 -0.046604893 -4.9207312 0.69157809 0.046805768 0.72078361 69.581479
0.71878374 -0.018239891 -0.69499438 -37.924162 -0.018774713 0.99878196 -0.045630054 -4.9832775 0.6949802 0.045846462 0.71756579 70.384743
0.71483952 -0.017791282 -0.69906215 -38.722806 -0.019761776 0.99876308 -0.045626519 -5.0498634 0.69900928 0.046430349 0.71360373 71.163285
0.70944057 -0.017704877 -0.70454281 -39.572306 -0.021683894 0.99866277 -0.046930625 -5.1274463 0.70443163 0.048571721 0.70810798 72.005882
0.70411835 -0.019867513 -0.70980461 -40.394281 -0.021616379 0.99854549 -0.049392612 -5.1958282 0.70975356 0.05012165 0.70266474 72.779046
0.6990619 -0.02263886 -0.71470266 -41.208687 -0.020768577 0.99843421 -0.051940385 -5.2645459 0.71475951 0.051152902 0.69749714 73.570108
0.69444244 -0.023046229 -0.71917906 -42.04895 -0.021528643 0.99837401 -0.052781233 -5.3398498 0.71922615 0.052136477 0.69281713 74.384401
0.68881666 -0.022465072 -0.72458739 -42.890889 -0.021324225 0.99845931 -0.051227693 -5.4126535 0.72462192 0.050737753 0.68727636 75.182631
0.6855367 -0.022156711 -0.72770081 -43.72608 -0.021146397 0.99850909 -0.050323301 -5.4923716 0.72773093 0.049886721 0.68404609 75.949186
0.67988345 -0.02311274 -0.73295583 -44.596771 -0.020609348 0.99850615 -0.05060355 -5.56942 0.73303055 0.049510258 0.67839147 76.756488
0.67632447 -0.024067725 -0.7362105 -45.487707 -0.020017281 0.99849643 -0.051031211 -5.6417186 0.73633183 0.049250589 0.6748258 77.52775
0.67098914 -0.024820216 -0.7410516 -46.377123 -0.018811464 0.99854802 -0.050477543 -5.71956 0.74122854 0.047810149 0.66954798 78.314894
0.66754513 -0.027612656 -0.74405712 -47.25884 -0.015084028 0.99860548 -0.050592107 -5.7857966 0.74441656 0.044995893 0.66619772 79.065889
0.66318031 -0.02863702 -0.74791159 -48.137498 -0.014912499 0.99856385 -0.051457375 -5.8673077 0.74831112 0.045278749 0.66180084 79.843758
0.65897607 -0.033927483 -0.75139831 -49.033851 -0.010799682 0.99845242 -0.054553901 -5.9436206 0.7520864 0.044064578 0.65758985 80.632871
0.65320568 -0.038092876 -0.75622168 -49.939439 -0.0068486435 0.99839562 -0.056207504 -6.0271744 0.75714958 0.041894153 0.6518968 81.437256
0.64758121 -0.041657662 -0.76085686 -50.849386 -0.001941985 0.99841106 -0.056316851 -6.1081332 0.76199399 0.037947308 0.64647135 82.209048
0.63922187 -0.045590007 -0.76766979 -51.780979 0.0030528997 0.99838378 -0.056749456 -6.1931485 0.76901634 0.033931875 0.63832793 82.965417
0.63171025 -0.04731058 -0.77375954 -52.714657 0.0068043423 0.99843589 -0.055492961 -6.2782025 0.77517477 0.029790547 0.6310441 83.708116
0.62119582 -0.045008587 -0.78236176 -53.662286 0.0059134554 0.9985901 -0.052752726 -6.3611544 0.7836331 0.028143311 0.62058615 84.468389
0.61280564 -0.045296966 -0.78893433 -54.636529 0.0063073367 0.99860437 -0.052436021 -6.4404107 0.79020853 0.027157015 0.61223609 85.201759
0.60540166 -0.045993643 -0.79459006 -55.605431 0.0039435622 0.99849003 -0.054791466 -6.5201846 0.79591038 0.030037329 0.6046689 85.93156
0.59378875 -0.049136801 -0.80311919 -56.618885 0.0061960517 0.99838323 -0.056502462 -6.6056686 0.80459715 0.028574359 0.59313319 86.634479
0.58465307 -0.050148935 -0.80973194 -57.606871 0.0055164661 0.99831033 -0.057845045 -6.686846 0.8112647 0.029352424 0.58394185 87.355131
0.57572484 -0.050985866 -0.81605226 -58.588621 0.0081306203 0.99836155 -0.056640157 -6.7748239 0.81760312 0.025974134 0.57519609 88.080353
0.56450469 -0.050995475 -0.82385306 -59.626385 0.0091686708 0.99841557 -0.055518296 -6.8571065 0.82537897 0.023786701 0.56407783 88.731001
0.55394867 -0.051285746 -0.83096966 -60.658129 0.009104817 0.99841436 -0.055550553 -6.9466013 0.83250107 0.023206328 0.55353726 89.445015
0.54369766 -0.052028618 -0.83766689 -61.697791 0.0080691217 0.99835457 -0.056771787 -7.0303529 0.8392424 0.024107451 0.54322287 90.104919
0.53419901 -0.053069642 -0.84369128 -62.765912 0.0076504486 0.99829016 -0.057950153 -7.1191241 0.84532417 0.024502298 0.53369163 90.800598
0.52459819 -0.05439436 -0.84961046 -63.818369 0.0070489594 0.99820013 -0.059555041 -7.2068985 0.85132081 0.025253597 0.52403741 91.408761
0.51697461 -0.053295475 -0.85433997 -64.908212 0.0046870554 0.99822118 -0.059434868 -7.2979261 0.85598794 0.026721979 0.5163048 92.01533
0.50621446 -0.05201889 -0.86083732 -65.985087 0.0046914259 0.99833053 -0.057568576 -7.3859311 0.86239491 0.025103491 0.50561339 92.668268
0.50037519 -0.049848883 -0.86437243 -67.056476 0.0046645342 0.99848191 -0.054882813 -7.477144 0.86579615 0.023430104 0.4998481 93.289199
0.48995057 -0.050804702 -0.87026849 -68.174804 0.0053428979 0.99845659 -0.055280104 -7.5652782 0.87173388 0.022434763 0.48946583 93.900734
0.48375669 -0.053648399 -0.87355666 -69.288488 0.0068712511 0.99832154 -0.05750553 -7.6537876 0.87517559 0.021816257 0.48331336 94.520923
0.47609635 -0.05766471 -0.87750042 -70.387956 0.010240671 0.99814365 -0.060036572 -7.7426884 0.87933353 0.019596999 0.47580307 95.090486
0.46977427 -0.05997394 -0.88074695 -71.52697 0.010578863 0.99800042 -0.062315674 -7.84036 0.88272322 0.019956999 0.46946938 95.69931
0.46673207 -0.063651471 -0.88210521 -72.656166 0.012304486 0.99777751 -0.065487776 -7.9442941 0.8843132 0.019711394 0.46647797 96.297909
0.4621988 -0.064353594 -0.88443814 -73.764002 0.014222358 0.99777297 -0.06516761 -8.0481723 0.88666231 0.017541595 0.46208473 96.86772
0.45578075 -0.062286513 -0.88791003 -74.926129 0.016376512 0.99796652 -0.061600561 -8.148558 0.88994145 0.01353548 0.45587397 97.435576
0.45419535 -0.061289609 -0.88879137 -76.018518 0.021136661 0.99809133 -0.058025377 -8.2429172 0.89065139 0.0075687743 0.4546239 98.015259
0.45105379 -0.060903876 -0.89041626 -77.131096 0.022872856 0.99813008 -0.056684839 -8.3370734 0.89220366 0.0052015481 0.45160341 98.589556
0.44521442 -0.058908915 -0.89348408 -78.243796 0.02107118 0.99824651 -0.055316515 -8.435748 0.89517607 0.0058009456 0.44567502 99.13609
0.44334865 -0.059024879 -0.8944037 -79.419318 0.024403642 0.99825447 -0.053781674 -8.5273453 0.89601702 0.0020173242 0.44401519 99.698545
0.44119443 -0.058850647 -0.89547976 -80.488648 0.027464729 0.99826549 -0.052074079 -8.6099367 0.89699121 -0.0016193161 0.44204549 100.24442
0.43904352 -0.059304729 -0.89650637 -81.612322 0.028374737 0.99823668 -0.052138404 -8.7037268 0.89801767 -0.0025471052 0.4399521 100.77617
0.43638127 -0.059255557 -0.8978085 -82.719286 0.03034788 0.99823066 -0.051132806 -8.7890153 0.89924995 -0.0049331869 0.43740744 101.3137
0.43466869 -0.058512051 -0.8986876 -83.784007 0.033643359 0.99824562 -0.048721807 -8.8711867 0.89996184 -0.0090570256 0.43587466 101.8317
0.43386785 -0.05920031 -0.89902945 -84.890647 0.038027926 0.99815302 -0.047375394 -8.9575171 0.90017367 -0.013633566 0.43531777 102.34008
0.43084516 -0.060007652 -0.90042849 -85.957797 0.039862092 0.9980783 -0.047441798 -9.0379504 0.90154508 -0.015452896 0.43240923 102.8326
0.42921219 -0.059943591 -0.90121229 -87.005272 0.038583736 0.99810126 -0.048012178 -9.1210616 0.90237922 -0.014164726 0.43071008 103.37616
0.42814042 -0.062013157 -0.90158199 -88.059927 0.039881014 0.99796743 -0.049704229 -9.2073118 0.90283185 -0.014675615 0.42974334 103.86622
0.43010292 -0.062442122 -0.90061778 -89.09442 0.039314121 0.99795424 -0.050415685 -9.2905777 0.90192347 -0.013723064 0.43167789 104.35849
0.43272437 -0.061233471 -0.89944428 -90.116069 0.034845792 0.99808113 -0.051184215 -9.3640011 0.90085263 -0.0091931919 0.43402776 104.83345
0.43496931 -0.061651822 -0.89833217 -91.149999 0.034235451 0.99806427 -0.051919671 -9.4522669 0.89979425 -0.008171344 0.43623801 105.30508
0.44208254 -0.062754753 -0.8947764 -92.128358 0.03370917 0.99800728 -0.053340102 -9.5379345 0.89634078 -0.0065814429 0.443317 105.80687
0.44638124 -0.061080885 -0.89275576 -93.144811 0.029839931 0.99812885 -0.053370261 -9.6129306 0.89434526 -0.0028162876 0.44736864 106.3016
0.45408416 -0.061603289 -0.8888265 -94.17765 0.031655396 0.99809242 -0.053004228 -9.6985752 0.8903963 -0.0040677749 0.45516804 106.78905
0.45988411 -0.060342797 -0.88592623 -95.155995 0.030599205 0.99817275 -0.052104167 -9.7753082 0.88745161 -0.0031467607 0.46089023 107.27334
0.47023461 -0.059858716 -0.8805091 -96.123232 0.029807931 0.9982052 -0.051941043 -9.8548175 0.88203796 -0.0018216797 0.47117489 107.80855
0.47904528 -0.060479295 -0.87570418 -97.106236 0.031522311 0.99816541 -0.051692944 -9.938058 0.87722404 -0.0028409589 0.48007288 108.34418
0.4899499 -0.061490172 -0.8695792 -98.100903 0.030616098 0.99810757 -0.053328613 -10.012578 0.87121284 -0.00049477381 0.4909053 108.87653
0.49951806 -0.062195572 -0.86406791 -99.020611 0.027602248 0.99805571 -0.055883135 -10.089894 0.86586366 0.0040644178 0.50026359 109.41185
0.51128216 -0.061211083 -0.85723024 -99.945408 0.023255904 0.99808048 -0.05739795 -10.16944 0.85909823 0.0094108838 0.51172426 109.96344
0.5249839 -0.060731722 -0.84894258 -100.88604 0.023326058 0.99810292 -0.056977593 -10.255178 0.85079249 0.010109835 0.5254046 110.5414
0.53722351 -0.057970504 -0.84144534 -101.78902 0.021171287 0.99824772 -0.055256365 -10.326491 0.8431742 0.011870538 0.53750946 111.08957
0.54972941 -0.055314937 -0.83350931 -102.69097 0.019309459 0.99838001 -0.053521117 -10.402288 0.83511962 0.013327518 0.54990695 111.69579
0.56057499 -0.054812661 -0.8262876 -103.56676 0.019571009 0.99840522 -0.052952784 -10.480923 0.8278724 0.013512724 0.56075374 112.26557
0.57182059 -0.054868591 -0.81854175 -104.43154 0.019621789 0.99839019 -0.053216736 -10.556198 0.82014405 0.014369171 0.57197668 112.87784
0.58249949 -0.056413644 -0.810871 -105.30675 0.020878876 0.99829793 -0.054454642 -10.639289 0.8125629 0.014789725 0.58268589 113.52335
0.5945488 -0.05793883 -0.8019693 -106.0964 0.022452274 0.99820783 -0.055470978 -10.709766 0.80374603 0.014974168 0.59478412 114.11467
0.60504074 -0.057930538 -0.79408419 -106.94929 0.023324406 0.99821111 -0.055050449 -10.796696 0.79585283 0.014786222 0.60530958 114.72476
0.61522457 -0.056124385 -0.78635153 -107.7501 0.023004983 0.99831595 -0.053254349 -10.863389 0.78801621 0.01467338 0.61547964 115.36367
0.62387526 -0.053895336 -0.77966332 -108.54023 0.023323701 0.99845892 -0.050356607 -10.937132 0.78117585 0.013231607 0.62417086 115.99713
0.63298099 -0.052448772 -0.7723886 -109.3542 0.022433309 0.99852611 -0.049420215 -11.005983 0.77384228 0.013954824 0.63322464 116.60908
0.64413859 -0.051452955 -0.76317627 -110.11296 0.019933787 0.99852534 -0.050495488 -11.082804 0.76464905 0.017313099 0.64421436 117.26074
0.65406644 -0.051055705 -0.7547121 -110.88404 0.018432763 0.9984991 -0.051573076 -11.155084 0.75621251 0.019820788 0.65402585 117.89762
0.66274485 -0.050157233 -0.74716362 -111.60744 0.017604927 0.99852218 -0.051415158 -11.219698 0.74863835 0.02092137 0.66264845 118.54491
0.6715861 -0.048705379 -0.73932391 -112.33384 0.018025406 0.99861575 -0.049413182 -11.289036 0.74070726 0.019858593 0.67153439 119.19927
0.68089233 -0.047096232 -0.73086766 -113.02717 0.018218132 0.99871063 -0.0473833 -11.353799 0.73215694 0.018947882 0.68087241 119.86866
0.68911546 -0.04707776 -0.72312068 -113.72116 0.019297636 0.99872579 -0.046630493 -11.419962 0.72439459 0.018179274 0.68914587 120.50919
0.69583789 -0.046351532 -0.71670155 -114.4141 0.01886468 0.9987505 -0.046277083 -11.487671 0.71795111 0.018681002 0.69584285 121.16275
0.70352765 -0.044575436 -0.70926852 -115.08426 0.016935778 0.99879912 -0.045972882 -11.548806 0.71046609 0.020331179 0.70343772 121.82226
0.71065349 -0.041736655 -0.70230308 -115.74737 0.015801348 0.99893387 -0.043375682 -11.609416 0.70336475 0.019727745 0.71055534 122.49465
0.71808473 -0.039812368 -0.69481599 -116.39994 0.015894911 0.9990402 -0.040816943 -11.671431 0.69577418 0.018265985 0.71802833 123.17081
0.72512295 -0.038378597 -0.68754909 -117.03903 0.015244977 0.9990957 -0.039690852 -11.727147 0.68845068 0.018299078 0.72505231 123.82882
0.73204732 -0.03664727 -0.68026734 -117.64699 0.013420216 0.99913404 -0.03938349 -11.786315 0.68112161 0.019701244 0.73190522 124.50737
0.74052587 -0.034536609 -0.6711398 -118.26438 0.012244297 0.99920619 -0.037908608 -11.836565 0.67191633 0.01985467 0.74036091 125.14433
0.74987547 -0.032166345 -0.66079654 -118.85161 0.011841043 0.99930988 -0.035207266 -11.888675 0.66147306 0.018576544 0.74973885 125.80688
0.75913031 -0.027642995 -0.65035144 -119.42084 0.0087613859 0.9994413 -0.032254127 -11.928348 0.65087974 0.018787105 0.75894838 126.46327
0.76864166 -0.02559085 -0.63916749 -119.97683 0.0073220147 0.99948597 -0.031211991 -11.979181 0.63963773 0.019310843 0.76843393 127.13784
0.77836613 -0.025150379 -0.62730662 -120.51077 0.0061855456 0.99945598 -0.032395765 -12.022484 0.62778017 0.021335532 0.77809825 127.80377
0.78802825 -0.025339449 -0.61511735 -121.02843 0.0059487169 0.99941935 -0.033549661 -12.073057 0.61561036 0.022778922 0.78772142 128.45807
0.79846736 -0.024779506 -0.60152791 -121.5528 0.0060668649 0.99943304 -0.033117771 -12.120514 0.60200756 0.022794071 0.79816499 129.146
0.8076472 -0.023812593 -0.58918497 -122.04365 0.0062730555 0.9994747 -0.031795903 -12.157566 0.58963266 0.021983882 0.80737232 129.82099
0.81807062 -0.021574327 -0.57471295 -122.55731 0.0058330179 0.99955599 -0.029219677 -12.197646 0.57508822 0.020551449 0.81783324 130.52141
0.82754578 -0.020489628 -0.56102418 -123.01881 0.0064326801 0.99961422 -0.027019132 -12.240447 0.56136141 0.018750679 0.82735833 131.22982
0.83604451 -0.018980995 -0.54833317 -123.48244 0.0068606464 0.99968494 -0.024144462 -12.277913 0.54861875 0.016423925 0.83591133 131.92596
0.84416842 -0.018577298 -0.53575605 -123.91278 0.0078007043 0.99971924 -0.022373941 -12.310473 0.53602132 0.014708099 0.84407632 132.6207
0.85123353 -0.018610632 -0.52445695 -124.34592 0.0089858342 0.99974136 -0.020891659 -12.341109 0.52471015 0.013070997 0.85118061 133.34261
0.85750706 -0.018453057 -0.51414113 -124.7797 0.0093182648 0.99974968 -0.020340641 -12.380715 0.51438782 0.01265134 0.85746436 134.06258
0.86409562 -0.017684 -0.50301691 -125.20565 0.0088490035 0.99976189 -0.019946455 -12.405263 0.50324991 0.012784446 0.86404636 134.78973
0.87057583 -0.015962609 -0.49177525 -125.6201 0.0073460051 0.99978389 -0.019447715 -12.441269 0.49197945 0.013318127 0.87050495 135.52696
0.8767706 -0.014947668 -0.48067647 -126.03767 0.0065168211 0.99979435 -0.019203848 -12.465322 0.48086471 0.013704886 0.8766877 136.27631
0.88237113 -0.015543341 -0.47029732 -126.44595 0.0073694859 0.99978819 -0.019216414 -12.501435 0.47049643 0.013490159 0.88229878 137.02965
0.88709558 -0.016614563 -0.46128664 -126.83616 0.0082042109 0.99976165 -0.020231854 -12.531015 0.46151288 0.014163095 0.88702045 137.79436
0.89180993 -0.017173245 -0.45208419 -127.23308 0.0089107661 0.9997522 -0.020399474 -12.562107 0.45232253 0.014164037 0.89174196 138.5619
0.89486267 -0.016517318 -0.44603583 -127.6077 0.0085518156 0.99976609 -0.019865565 -12.590856 0.44625966 0.013962536 0.8947946 139.3355
0.89755806 -0.015007559 -0.44064077 -128.00909 0.0083811456 0.99982069 -0.016980507 -12.620107 0.44081663 0.011547917 0.8975229 140.12993
0.90131765 -0.011200381 -0.43301388 -128.40128 0.0062549204 0.99989795 -0.012843856 -12.645059 0.43311359 0.0088679269 0.90129573 140.92927
0.9044315 -0.0082246501 -0.42653956 -128.78478 0.0043232705 0.99993951 -0.01011407 -12.666273 0.42659697 0.0073034373 0.90441235 141.73192
0.90762151 -0.0058768785 -0.41974832 -129.16511 0.002780784 0.99996423 -0.0079875701 -12.686804 0.41978028 0.0060824608 0.90760539 142.57365
0.91053396 -0.0038481782 -0.41341636 -129.56744 0.0016554781 0.9999826 -0.0056619491 -12.699813 0.41343099 0.004470995 0.91052449 143.40915
0.91340618 -0.0025618267 -0.40704125 -129.95229 0.0015547376 0.99999486 -0.0028048919 -12.722797 0.40704638 0.0019291629 0.91340546 144.27497
0.91731208 -0.0026824784 -0.39815995 -130.33646 0.0024459945 0.9999964 -0.0011018906 -12.73761 0.39816151 3.6880186e-05 0.91731534 145.16368
0.92022369 -0.0028921812 -0.39138215 -130.72715 0.0032144554 0.99999482 0.00016825358 -12.754786 0.39137967 -0.0014129117 0.92022822 146.04019
0.9240402 -0.0035293577 -0.38227902 -131.08544 0.0038360668 0.99999264 4.0148367e-05 -12.756327 0.3822761 -0.0015035469 0.92404694 146.93815
0.92790562 -0.0061153692 -0.37276501 -131.45794 0.0065090718 0.9999788 -0.00020236824 -12.786492 0.37275838 -0.0022385759 0.92792575 147.85912
0.93154948 -0.0075886279 -0.36353537 -131.82846 0.0075916985 0.99997017 -0.0014203825 -12.789284 0.36353533 -0.0014366946 0.93157931 148.78279
0.93589966 -0.0085554606 -0.35216278 -132.18808 0.0078218931 0.99996326 -0.0035058778 -12.816892 0.35217987 0.00052656996 0.93593219 149.74026
0.94087848 -0.006920853 -0.33867356 -132.5259 0.0057404941 0.99997346 -0.0044868054 -12.828073 0.33869565 0.0022773848 0.94089323 150.67915
0.94650908 -0.0036511628 -0.3226565 -132.88385 0.0026868813 0.99999049 -0.0034339019 -12.847336 0.322666 0.0023832794 0.9465099 151.65411
0.95277855 3.0029024e-05 -0.30366597 -133.21504 -0.00015541263 0.99999991 -0.00038873255 -12.85534 0.30366596 0.00041756933 0.95277847 152.66014
0.95876738 0.003023703 -0.28417595 -133.53341 -0.0027162414 0.99999522 0.0014760047 -12.869104 0.28417908 -0.00064325494 0.95877101 153.67742
0.96494733 0.0047704121 -0.26240024 -133.82118 -0.0042953411 0.99998793 0.0023840557 -12.889436 0.26240847 -0.0011733899 0.96495618 154.71912
0.97034096 0.0064247726 -0.24165499 -134.0731 -0.0056656092 0.99997659 0.0038362537 -12.890973 0.241674 -0.0023533516 0.97035465 155.76605
0.97530299 0.0066769386 -0.22077021 -134.33546 -0.0054695341 0.99996656 0.0060799084 -12.913802 0.22080344 -0.004722243 0.9753069 156.81331
0.98023845 0.0091378408 -0.19760838 -134.55741 -0.0073217277 0.999924 0.0099191524 -12.914076 0.19768401 -0.0082763002 0.98023086 157.91596
0.98447194 0.010698765 -0.1752157 -134.76438 -0.0083733204 0.99986685 0.014005833 -12.922414 0.17534223 -0.012321213 0.98443044 159.04422
0.98834735 0.012372764 -0.15171164 -134.96001 -0.0098211715 0.99979764 0.017556544 -12.91333 0.15189818 -0.015861978 0.98826886 160.15516
0.99148008 0.01408172 -0.12949496 -135.10506 -0.011920937 0.99977673 0.017446278 -12.916183 0.12971173 -0.015753936 0.99142659 161.29097
0.99411313 0.013854997 -0.10745754 -135.24706 -0.01223424 0.99980147 0.015727404 -12.912509 0.10765412 -0.014320158 0.99408527 162.43873
0.99622465 0.013963743 -0.085682368 -135.35825 -0.012764154 0.99981293 0.014532354 -12.906956 0.085869272 -0.013383827 0.99621651 163.61453
0.99773035 0.01252665 -0.066160687 -135.44511 -0.011468102 0.99980047 0.016355291 -12.907107 0.066352369 -0.015559433 0.99767493 164.76059
0.99882779 0.012970206 -0.046634856 -135.50869 -0.012120728 0.99975627 0.018452428 -12.904696 0.046862826 -0.01786555 0.99874156 165.95181
0.99958995 0.013396424 -0.025307438 -135.5416 -0.0129048 0.99972675 0.019490574 -12.9024 0.025561629 -0.019155995 0.9994897 167.18894
0.99988273 0.014464753 -0.0050290373 -135.55984 -0.014361579 0.99969723 0.019979973 -12.889872 0.0053165205 -0.019905405 0.99978773 168.39651
0.99975048 0.014850142 0.016686883 -135.5678 -0.015187209 0.99967944 0.020257652 -12.888006 -0.016380706 -0.020506025 0.99965553 169.6393
0.99919399 0.017187461 0.036276225 -135.5243 -0.01791886 0.99964071 0.019934007 -12.879903 -0.035920579 -0.020567969 0.99914297 170.85445
0.9982581 0.01807591 0.05616069 -135.46876 -0.01916561 0.99963719 0.018925557 -12.867726 -0.055798222 -0.019968945 0.99824236 172.11989
0.99685042 0.018375804 0.077146371 -135.38739 -0.019711875 0.999668 0.016592959 -12.869872 -0.076815856 -0.018061398 0.99688169 173.40574
0.99525413 0.020021727 0.095227858 -135.28754 -0.021482879 0.99966632 0.014343246 -12.860066 -0.094908915 -0.016320943 0.99535216 174.6678
0.99329955 0.020760739 0.11368815 -135.15858 -0.022314421 0.99967397 0.012410547 -12.865165 -0.11339344 -0.014864276 0.99343897 175.93735
0.99090979 0.020551393 0.13294899 -134.98553 -0.022034213 0.99971024 0.0096915183 -12.871759 -0.1327113 -0.012532847 0.9910755 177.22504
0.98829877 0.021798194 0.15096485 -134.80181 -0.022723718 0.99973206 0.0044080974 -12.872126 -0.15082833 -0.007787 0.9885293 178.53031
0.98525681 0.023381598 0.1694766 -134.60065 -0.023395058 0.99972446 -0.0019177678 -12.899035 -0.16947475 -0.0020754209 0.98553234 179.80462
0.98212048 0.025981632 0.18645192 -134.35465 -0.025035052 0.99965896 -0.0074299837 -12.912076 -0.18658139 0.0026293057 0.98243599 181.12034
0.97858532 0.028008048 0.20392724 -134.09708 -0.026286502 0.99959231 -0.011146358 -12.947669 -0.20415631 0.0055471284 0.97892259 182.44395
0.97459687 0.030219989 0.2219182 -133.82821 -0.027768209 0.99951408 -0.014160606 -12.979004 -0.22223832 0.0076386119 0.97496245 183.77015
0.97068143 0.0295013 0.23855237 -133.51036 -0.026950197 0.99953944 -0.013949385 -13.011343 -0.23885405 0.0071113764 0.97102944 185.08974
0.96658052 0.028480744 0.25477626 -133.18632 -0.025685977 0.99956791 -0.01429048 -13.054143 -0.2550732 0.0072687229 0.96689443 186.43268
0.9617259 0.02816805 0.27256165 -132.80667 -0.023879756 0.99953354 -0.019038382 -13.109888 -0.27297081 0.011801 0.96194994 187.7851
0.95715204 0.029417851 0.28808775 -132.42665 -0.02368217 0.99944622 -0.023375255 -13.157208 -0.28861588 0.015551131 0.95731867 189.10056
0.95168715 0.03178182 0.30542018 -132.01834 -0.025742549 0.99938568 -0.023781809 -13.199038 -0.30598841 0.014770549 0.95192065 190.44591
0.94582699 0.033533575 0.32293465 -131.57824 -0.027243876 0.99934118 -0.023978506 -13.258297 -0.32352601 0.013881527 0.94611745 191.77794
0.93971192 0.037620093 0.3398915 -131.11756 -0.030166788 0.99917505 -0.027187997 -13.301528 -0.34063395 0.01529545 0.94007158 193.14762
0.93317509 0.038752711 0.35732684 -130.62917 -0.029756401 0.99908738 -0.030642572 -13.372218 -0.35818825 0.017962125 0.93347659 194.47811
0.92653288 0.039432844 0.37414149 -130.10465 -0.029011313 0.99901931 -0.033447879 -13.429039 -0.37509355 0.020136225 0.92676824 195.83512
0.91953075 0.039502052 0.39102785 -129.55514 -0.026766561 0.99892039 -0.037968473 -13.507687 -0.39210555 0.024446709 0.91959535 197.16247
0.91082883 0.043045447 0.4105337 -128.98512 -0.027469501 0.99866404 -0.04376724 -13.592427 -0.41186926 0.028587309 0.91079443 198.48426
0.90131364 0.046681157 0.43064438 -128.36292 -0.028874746 0.99843967 -0.047796092 -13.677558 -0.43220365 0.030644524 0.9012552 199.82072
0.88848465 0.049240678 0.45625691 -127.70599 -0.030072487 0.99833698 -0.049182485 -13.758957 -0.45791996 0.029977104 0.88848787 201.13947
0.87586093 0.05363787 0.47957335 -127.03501 -0.032951559 0.99813152 -0.051455458 -13.854698 -0.48143728 0.029265137 0.87599185 202.44117
0.86173723 0.058236235 0.50400145 -126.30954 -0.03553687 0.9978789 -0.05454204 -13.958986 -0.50610878 0.029090273 0.86197893 203.76533
0.84663313 0.061855457 0.52856998 -125.57624 -0.036928993 0.99765655 -0.057599172 -14.066877 -0.53089417 0.029245811 0.84693334 205.02079
0.83204054 0.063284644 0.55109306 -124.77579 -0.036287538 0.99755258 -0.05976678 -14.167419 -0.55352667 0.029730574 0.83230063 206.26369
0.81540858 0.064381818 0.57529454 -123.93123 -0.03517868 0.99747048 -0.061766563 -14.279187 -0.57781601 0.030126884 0.81561085 207.52073
0.80026572 0.066658725 0.59592899 -123.07122 -0.033639675 0.99722769 -0.06637242 -14.406162 -0.59870125 0.033068716 0.80028951 208.73478
0.78340474 0.0694285 0.61762178 -122.17717 -0.032069288 0.99693278 -0.071390481 -14.531883 -0.62068398 0.036120952 0.78322838 209.92066
0.76648171 0.07086686 0.63834445 -121.2169 -0.029798119 0.99674754 -0.074875962 -14.660053 -0.64157454 0.038369593 0.76610046 211.07179
0.75138561 0.072628117 0.65585424 -120.24015 -0.028288413 0.99655601 -0.07794793 -14.802978 -0.65925675 0.040015879 0.75085238 212.23956
0.73506508 0.07308605 0.67404579 -119.22389 -0.026280785 0.9964972 -0.079389201 -14.940783 -0.67748704 0.040641778 0.73441105 213.3868
0.71946737 0.073767225 0.69059761 -118.19644 -0.024412825 0.99641507 -0.081000197 -15.084099 -0.69409709 0.041417561 0.71868899 214.48574
0.70458797 0.074469355 0.70569828 -117.14015 -0.021705143 0.99627458 -0.083461649 -15.234362 -0.70928465 0.043488793 0.70357945 215.57577
0.68863499 0.075932476 0.7211214 -116.04334 -0.018678687 0.99602948 -0.087042469 -15.389766 -0.72486758 0.046470891 0.68731906 216.64805
0.67386577 0.078191022 0.73470473 -114.92657 -0.016350949 0.99571916 -0.090972537 -15.55549 -0.73867287 0.049290161 0.67225956 217.71261
0.65941235 0.080334724 0.74747685 -113.81691 -0.015183875 0.99549453 -0.093595331 -15.706033 -0.75162814 0.050368323 0.65766118 218.73884
0.64368714 0.081316144 0.76095631 -112.64305 -0.014235565 0.99543907 -0.094331324 -15.881341 -0.76515637 0.049887218 0.64190891 219.73326
0.62721068 0.082457357 0.7744724 -111.48861 -0.014433778 0.99543973 -0.094294269 -16.047083 -0.77871591 0.047963812 0.6255406 220.72292
0.60981043 0.083362387 0.78815094 -110.32126 -0.016536154 0.9955747 -0.092507108 -16.213151 -0.79237482 0.043378815 0.60849033 221.65622
0.59121309 0.084054239 0.80212338 -109.10199 -0.018513878 0.99570671 -0.09069393 -16.371709 -0.8063029 0.038769026 0.59023101 222.58774
0.57399332 0.085622956 0.81437112 -107.90425 -0.020626861 0.99571449 -0.090150957 -16.54572 -0.81860018 0.034948129 0.5732996 223.46931
0.55505822 0.089521044 0.82698023 -106.68151 -0.0226548 0.99545006 -0.092552388 -16.721522 -0.83150297 0.032636893 0.55456082 224.31009
0.5364883 0.09272757 0.83879786 -105.46407 -0.024519824 0.99523812 -0.094339073 -16.89316 -0.84355151 0.030044634 0.53620727 225.16577
0.51797332 0.093147264 0.85031004 -104.22193 -0.025060871 0.99527919 -0.093761882 -17.066616 -0.85502962 0.027256644 0.51786242 225.94086
0.49592091 0.092274752 0.86345107 -102.98097 -0.025831669 0.99546571 -0.091546455 -17.230248 -0.86798343 0.023095421 0.49605587 226.67802
0.47613122 0.089986675 0.8747579 -101.73512 -0.025019713 0.99573401 -0.088813287 -17.389116 -0.87901828 0.020400589 0.47635149 227.39785
0.4537666 0.088601735 0.88670488 -100.46545 -0.025020677 0.9959193 -0.086710507 -17.554236 -0.89076928 0.017160376 0.45413178 228.08679
0.43232345 0.087336243 0.89747911 -99.202953 -0.023746501 0.99605599 -0.085490144 -17.705627 -0.90140591 0.015647406 0.43269229 228.70609
