1.000000000000000000e+00 4.398956837314658088e-19 2.733407509747682871e-20 -8.673617379884035472e-19 -5.583667658079949532e-19 1.000000000000000000e+00 -6.100159232558060012e-19 0.000000000000000000e+00 4.145284534913582806e-20 -2.210423569125054137e-19 1.000000000000000222e+00 0.000000000000000000e+00
9.999536900283888530e-01 -1.342984988572514405e-03 9.529648692979947669e-03 3.690291066372164419e-02 1.332964342116774647e-03 9.999985521324776805e-01 1.057797867273876490e-03 -9.812388164946339586e-03 -9.531055665889787837e-03 -1.045046198622627672e-03 9.999540323658568930e-01 2.337802853115807655e-01
9.998519485806611762e-01 -3.644215002690077022e-03 1.681667749086799071e-02 3.219870333934681667e-02 3.625201052207953009e-03 9.999927549595117870e-01 1.161007736609789799e-03 -1.734040597009554874e-02 -1.682078690501788779e-02 -1.099872002804441144e-03 9.998579156014933966e-01 5.179314903290550554e-01
9.998040424982397312e-01 -6.360677174238984696e-03 1.874615751994180776e-02 5.359288945131569781e-02 6.365877986293839823e-03 9.999797138753396819e-01 -2.177701778580217373e-04 -2.153372835874660385e-02 -1.874439239143933442e-02 3.370632805651439475e-04 9.998242516172169969e-01 8.750228586288775201e-01
9.998164406574283625e-01 -7.925446067974548786e-03 1.744340359961749770e-02 2.617044701879072538e-02 7.949854394659403370e-03 9.999675144096861201e-01 -1.330385834813500780e-03 -2.131874157343097154e-02 -1.743229334151083498e-02 1.468814184034508480e-03 9.998469671476191145e-01 1.166697123204887276e+00
9.998917654653679543e-01 -1.013029497148530862e-02 1.066932562457759658e-02 5.324583170244105712e-02 1.016450710476422999e-02 9.999433556714140137e-01 -3.157249826702778275e-03 -2.645906849958266915e-02 -1.063673758184139652e-02 3.265356586317139879e-03 9.999380967072297732e-01 1.479778556448042348e+00
9.999336754608022515e-01 -1.143156955871272792e-02 -1.401397502729208712e-03 3.146595577287307488e-02 1.142565069308589844e-02 9.999260664645327479e-01 -4.161260815589712912e-03 -3.678844319397694962e-02 1.448863657416383371e-03 4.144972988309940203e-03 9.999903599507216079e-01 1.773950289639275146e+00
9.997825469308052604e-01 -1.112093375158823734e-02 -1.764039893025282427e-02 1.097158562267929773e-02 1.104000431545125623e-02 9.999281123401884130e-01 -4.678508071554033157e-03 -4.275589862494709459e-02 1.769116048494617788e-02 4.482740667947972789e-03 9.998334500836393302e-01 2.104567142798837942e+00
9.992876173826986674e-01 -6.923959457047303145e-03 -3.709873943296380927e-02 -1.148244178970072964e-02 6.745321193182456446e-03 9.999650567117954747e-01 -4.938216887994329590e-03 -4.433316085091898451e-02 3.713163573385708932e-02 4.684456088415015797e-03 9.992994033690599798e-01 2.454989649859819600e+00
9.984105623355749026e-01 -2.981356784199892199e-03 -5.628019545216909197e-02 -7.199561769507471787e-02 2.643166605005840310e-03 9.999780080267410831e-01 -6.082526551705818608e-03 -5.796746358217474970e-02 5.629709289098189934e-02 5.924100826385704510e-03 9.983964856176589242e-01 2.824896190364604376e+00
9.970633811285556369e-01 -3.117588867529802032e-03 -7.651728202997226669e-02 -1.212734324466588909e-01 2.629377208621328562e-03 9.999755455751691002e-01 -6.480325862353039992e-03 -6.151773531705555242e-02 7.653561515529766490e-02 6.260102806915733911e-03 9.970471959402894546e-01 3.186830735305341111e+00
9.952828342894272096e-01 -3.619423365302097684e-03 -9.694833289721495329e-02 -1.680321964324694439e-01 3.087291883101502769e-03 9.999793391053294345e-01 -5.638260949217001848e-03 -6.690689225244372818e-02 9.696673878571333838e-02 5.312356498910020784e-03 9.952734452070022275e-01 3.562588170488470318e+00
9.931265809494619345e-01 -5.088892582214662140e-03 -1.169345842473237390e-01 -2.425567839516025170e-01 4.528389083356986096e-03 9.999769524444758195e-01 -5.058484432364772701e-03 -7.350441635295251741e-02 1.169576332963352117e-01 4.494189991713293079e-03 9.931267364582821999e-01 3.947826573422586360e+00
9.908913490764306164e-01 -4.117452365608904874e-03 -1.346008187857927751e-01 -2.938490274355989307e-01 3.543331168971521495e-03 9.999835763619236984e-01 -4.504642597146602673e-03 -8.458316507536292606e-02 1.346171581295453890e-01 3.986676019556528901e-03 9.908896647209812780e-01 4.344342987239235399e+00
9.887049697834304762e-01 -2.864535724190722665e-03 -1.498475110532963561e-01 -3.802179952184731038e-01 2.328394411992177910e-03 9.999902458596264809e-01 -3.753233465905461263e-03 -8.874904727844523666e-02 1.498568032828728469e-01 3.361936368555399138e-03 9.887019957950281546e-01 4.751797260311024118e+00
9.864727086973464898e-01 -2.246068260695965619e-03 -1.639101872502564672e-01 -4.613758513843726483e-01 1.638956512954276934e-03 9.999912876383617588e-01 -3.839071055911088583e-03 -9.118156494696079417e-02 1.639173848562068270e-01 3.518497038147899540e-03 9.864677956279753746e-01 5.178055284739750519e+00
9.843584685154553870e-01 -3.653182046308439332e-03 -1.761393168732524328e-01 -5.733250813650376809e-01 2.901828008583635932e-03 9.999855605118460611e-01 -4.523069473480112110e-03 -9.966009145636962885e-02 1.761533001546028432e-01 3.941195614236865999e-03 9.843548560354629107e-01 5.605631282248240588e+00
9.826603729600167370e-01 -6.907525057881926112e-03 -1.852859322059806357e-01 -6.356983476510290609e-01 5.735236324871135528e-03 9.999600081930626327e-01 -6.862147582110242686e-03 -1.141031327094195885e-01 1.853259259473759024e-01 5.680501780875566592e-03 9.826606911436273073e-01 6.067698092622001660e+00
9.808199775240219465e-01 -5.709540200525853662e-03 -1.948321634759489773e-01 -7.414141243446190632e-01 4.200384450064634581e-03 9.999578994181714808e-01 -8.158195578530289677e-03 -1.189735094861374964e-01 1.948705438420769431e-01 7.183351105876974001e-03 9.808026669681887411e-01 6.485727892009879092e+00
9.794616135056163353e-01 -5.920098830614783925e-03 -2.015437896052890421e-01 -8.523626010243601225e-01 3.873280635611054453e-03 9.999368608651939550e-01 -1.054855318391015664e-02 -1.241933045358083326e-01 2.015935162642736034e-01 9.551267171733110808e-03 9.794227016318721724e-01 6.974792223046066830e+00
9.779567015445703726e-01 -6.376318858412181358e-03 -2.087104008714969761e-01 -9.691666622859740343e-01 3.793861015571094696e-03 9.999112452131314610e-01 -1.277138634356242593e-02 -1.383390646977777361e-01 2.087733148603642119e-01 1.169804453043349693e-02 9.778940943640581640e-01 7.478329882193272660e+00
9.761166571348040000e-01 -1.031281006689182406e-02 -2.170021117799976751e-01 -1.091097310609802307e+00 7.244224832596230304e-03 9.998622752872423636e-01 -1.493156562310198575e-02 -1.439668885942491927e-01 2.171262153749681234e-01 1.300293776328782097e-02 9.760569303652452122e-01 7.955119415192212884e+00
9.741747230347954645e-01 -1.543715790185499169e-02 -2.252671791325391859e-01 -1.197153062739041207e+00 1.214525926127731602e-02 9.997983562460514007e-01 -1.599185744807722284e-02 -1.586102618100966033e-01 2.254686281348256549e-01 1.284293492963135483e-02 9.741657753850648804e-01 8.455801647956906919e+00
9.722963104763439057e-01 -1.687385347913682165e-02 -2.331419234513353034e-01 -1.333331330005197879e+00 1.305025669484624964e-02 9.997540148661310244e-01 -1.793322438880605094e-02 -1.900822238196068770e-01 2.333871806339503641e-01 1.439384589190072922e-02 9.722773484817555101e-01 8.992686111037594188e+00
9.702080313201697503e-01 -1.288583045529229781e-02 -2.419304239102235132e-01 -1.487259332061901862e+00 7.642411618604270235e-03 9.997153943491268180e-01 -2.259919981273579223e-02 -1.957340808624901674e-01 2.421527827766301599e-01 2.007699324978471159e-02 9.700303837877274349e-01 9.541446400076587508e+00
9.680984401249511651e-01 -1.084662035697928247e-02 -2.503352944491767373e-01 -1.635679788404393431e+00 4.582403386237165165e-03 9.996619525410290752e-01 -2.559262026358841494e-02 -2.117500597811456109e-01 2.505282669912365923e-01 2.362903845124769697e-02 9.678208808435870836e-01 1.008097875206081895e+01
9.657527099449904062e-01 -1.232759081709559022e-02 -2.591712411594911947e-01 -1.792623515085121078e+00 5.469319107200772828e-03 9.996159526996978295e-01 -2.716677466369160285e-02 -2.263468500721758092e-01 2.594066124948838925e-01 2.481889603095627922e-02 9.654492391106263005e-01 1.061695059655094120e+01
9.634179485146776578e-01 -1.436575778380633564e-02 -2.676181606394473778e-01 -1.946708473514279891e+00 6.913858762260294971e-03 9.995622374187761450e-01 -2.876685713023584626e-02 -2.569964348481201810e-01 2.679142697398803619e-01 2.586423232050025570e-02 9.630955233773429436e-01 1.118321809070226891e+01
9.611690958943299723e-01 -1.455823754070230923e-02 -2.755758065466212825e-01 -2.116662700196287439e+00 6.077660618738852175e-03 9.994820203486973753e-01 -3.160305408258367449e-02 -2.830245388169722598e-01 2.758931534056471846e-01 2.870102271594388715e-02 9.607597102690423885e-01 1.177410040393795754e+01
9.588332578281285601e-01 -1.373872788343239587e-02 -2.836371436994249429e-01 -2.300228017040132134e+00 3.901850054404224291e-03 9.993720686076505988e-01 -3.521709871270732595e-02 -3.043397456748562213e-01 2.839428820551703203e-01 3.266061593681526820e-02 9.582847831730315624e-01 1.234444292535488685e+01
9.565438314838017320e-01 -1.546878273061644618e-02 -2.911779754315944047e-01 -2.507425636607691466e+00 3.847014854317428161e-03 9.991744325780664848e-01 -4.044321630717447741e-02 -3.329079343034853644e-01 2.915632007206026555e-01 3.756554317817060312e-02 9.558136490967820142e-01 1.291253315919768241e+01
9.545660403704654406e-01 -1.579930434940766959e-02 -2.975803330971441008e-01 -2.690509622426993097e+00 1.804240169345854320e-03 9.988816724413811521e-01 -4.724562587275274450e-02 -3.742568519980246089e-01 2.979939939500499957e-01 4.456216377330588646e-02 9.535270290090733791e-01 1.353549579769819999e+01
9.533436418848564298e-01 -1.666544140327464243e-02 -3.014268760245112366e-01 -2.903653350661016930e+00 -1.322282925073153207e-04 9.984519383750272148e-01 -5.562112237573828971e-02 -4.117324067334620641e-01 3.018872043777396930e-01 5.306590075754236829e-02 9.518656039467615626e-01 1.415300846054709716e+01
9.522912542744305098e-01 -1.672208267424878797e-02 -3.047322381931081847e-01 -3.139680576657264410e+00 -2.982460228980055982e-03 9.979401885832592800e-01 -6.408186110713877393e-02 -4.539141113752820367e-01 3.051761346542510855e-01 6.193344797446522637e-02 9.502798413452785420e-01 1.477982756465983272e+01
9.508281815644072932e-01 -1.560706215538185115e-02 -3.093253735284476336e-01 -3.344914614407272779e+00 -7.356510632752829432e-03 9.973097521149244526e-01 -7.293243495843650115e-02 -5.016718201209163785e-01 3.096314779343761758e-01 7.162177029584079757e-02 9.481554049605805945e-01 1.541885510386963354e+01
9.497430423247332776e-01 -1.473257277500523640e-02 -3.126837104302342962e-01 -3.575917771119559774e+00 -1.079683834982510249e-02 9.967557896290197839e-01 -7.975790934453716452e-02 -5.539276182604685461e-01 3.128443432380719202e-01 7.912551539987751348e-02 9.465028113128239884e-01 1.605970252695812661e+01
9.482005188863265044e-01 -1.341233334985559439e-02 -3.173891667214511214e-01 -3.817392234676704632e+00 -1.479336751562702196e-02 9.961601153086924176e-01 -8.629125637173620800e-02 -6.231303437251228816e-01 3.173278014248085421e-01 8.651666917223758968e-02 9.443611250805609147e-01 1.672598081837173112e+01
9.464529855354067989e-01 -1.252436292565627281e-02 -3.225986427335151285e-01 -4.060987834146783548e+00 -1.831175157315365065e-02 9.955559331288506009e-01 -9.237458387471891852e-02 -6.894098615326470503e-01 3.223219310957962658e-01 9.333554747341571423e-02 9.420175425880715769e-01 1.740633267398696660e+01
9.447228245092091914e-01 -9.791361844595197761e-03 -3.277238346623278509e-01 -4.306887858865734664e+00 -2.355380045706794573e-02 9.949446189515522843e-01 -9.762388891725080897e-02 -7.611820510798836814e-01 3.270229421844222939e-01 9.994665851283472680e-02 9.397162673019999746e-01 1.808586789471056733e+01
9.429334490101390909e-01 -8.733454138927568972e-03 -3.328666927936630993e-01 -4.571436580384664161e+00 -2.644644498211974962e-02 9.945338164503001455e-01 -1.010102641818045599e-01 -8.385463645514807940e-01 3.319293565075580599e-01 1.040490981290236455e-01 9.375482333335183327e-01 1.877777743153342271e+01
9.410958621502362176e-01 -7.546497497794359653e-03 -3.380556554856318230e-01 -4.830184440147358593e+00 -2.878372214166334195e-02 9.943343635136286940e-01 -1.023262960564100266e-01 -9.177214784690482796e-01 3.369125658952209501e-01 1.060293545380109059e-01 9.355467392613504574e-01 1.945103518540544840e+01
9.388995929401057206e-01 -5.457279122182690824e-03 -3.441478897012674176e-01 -5.117298360077191077e+00 -3.140732327672290936e-02 9.943444708055042547e-01 -1.014527151929493359e-01 -1.009720350890995766e+00 3.427552128778390550e-01 1.060626776920838843e-01 9.334182208124044422e-01 2.017625588776047252e+01
9.368388255494716210e-01 -5.873705287291885492e-03 -3.497120414871172644e-01 -5.382775896382177017e+00 -3.112451560864110817e-02 9.944922245221826662e-01 -1.000823655368694581e-01 -1.093636672264073573e+00 3.483737663285487729e-01 1.046456643317631302e-01 9.314961118761665437e-01 2.089487322563994809e+01
9.340398591152306862e-01 -6.309242092786358086e-03 -3.571130526622392498e-01 -5.663491362903751991e+00 -3.081093892003214721e-02 9.946935187601233519e-01 -9.816053066345360734e-02 -1.173739592978374713e+00 3.558373635591068340e-01 1.026888373105959290e-01 9.288890009322495755e-01 2.162179669334281229e+01
9.314439326796378760e-01 -5.261690941121326993e-03 -3.638468250830653727e-01 -5.972340742945039693e+00 -3.153760935435794693e-02 9.949656903124157736e-01 -9.512441487053129030e-02 -1.260699184032731957e+00 3.625156289363599682e-01 1.000779187104150064e-01 9.265888148019377768e-01 2.233922922242389220e+01
9.277177270214532756e-01 -3.504933835972959266e-03 -3.732660331665145770e-01 -6.277817136489476368e+00 -3.234145070862921162e-02 9.954409995019140034e-01 -8.972874173662054309e-02 -1.345423114280917654e+00 3.718788127827698520e-01 9.531490988723380353e-02 9.233749073007178065e-01 2.312991866553130649e+01
9.242320901583453985e-01 -7.231893825887965310e-04 -3.818304826750131831e-01 -6.615628266636799815e+00 -3.408587672240404043e-02 9.958494559098030052e-01 -8.439202687893178345e-02 -1.419515708455460823e+00 3.803067163339752255e-01 9.101284664938058544e-02 9.203713740911033669e-01 2.384525189729059846e+01
9.204666285530738179e-01 2.724000495271867214e-03 -3.908116712525698810e-01 -6.935916774577303379e+00 -3.708786500862283619e-02 9.960717121995773526e-01 -8.040916904220221650e-02 -1.497562035368172895e+00 3.890574225640641703e-01 8.850832770013725148e-02 9.169517986178946645e-01 2.458985715774394976e+01
9.169825564109657101e-01 2.579826906982432642e-03 -3.989189547487067000e-01 -7.287948549846714030e+00 -3.707693610681956492e-02 9.962018906325770251e-01 -7.878511250291736490e-02 -1.579580730520423693e+00 3.972005717674139680e-01 8.703526690636055607e-02 9.135954089926405786e-01 2.533805857967361419e+01
9.132993833709899256e-01 4.448766883353973134e-03 -4.072645840308583010e-01 -7.643962075590869709e+00 -3.944851618213102151e-02 9.962052201029691911e-01 -7.758204728691538155e-02 -1.650174462998596381e+00 4.053739670640233439e-01 8.692161991110033958e-02 9.100091110366749225e-01 2.611076679281183033e+01
9.091741825480260664e-01 4.652836928693826306e-03 -4.163900255233694003e-01 -7.994652297817334663e+00 -4.017850833986467973e-02 9.962523381177686987e-01 -7.659612468072658775e-02 -1.716961367439976849e+00 4.144731543092307069e-01 8.636914957261662695e-02 9.059538497333670115e-01 2.685964038018098066e+01
9.048194361165255994e-01 5.222042441354757952e-03 -4.257634491243649788e-01 -8.353996189144037743e+00 -4.095861996048894699e-02 9.963552696764353955e-01 -7.482357981687305648e-02 -1.789978246736753764e+00 4.238209315144303435e-01 8.514051300053199212e-02 9.017355015118363459e-01 2.763964777205816148e+01
9.010418070784498301e-01 4.719025658044356808e-03 -4.337065700220396613e-01 -8.765929175066084156e+00 -4.018965000355510103e-02 9.965472498349313701e-01 -7.265239801331598024e-02 -1.860222225576593003e+00 4.318662484552118208e-01 8.289336361724335134e-02 8.981203914112739772e-01 2.843386382657704559e+01
8.973686247446357456e-01 5.543039167476989347e-03 -4.412468947250859364e-01 -9.165086210542296996e+00 -3.966358301294734684e-02 9.968869463688673216e-01 -6.814115058680732251e-02 -1.932528050188573321e+00 4.394955679416940320e-01 7.864916375178913899e-02 8.947949254860390056e-01 2.919420808803215550e+01
8.940393453861027462e-01 6.811566884229265997e-03 -4.479366555782143822e-01 -9.589352275843992857e+00 -3.913120777130454225e-02 9.972500300476494495e-01 -6.293747860562694252e-02 -1.998075433235552145e+00 4.462761480430673666e-01 7.379688478228399462e-02 8.918473095025487574e-01 3.001504596061466401e+01
8.898983726317474252e-01 7.377687425345795871e-03 -4.560991689663571602e-01 -9.974922148619315365e+00 -3.847580385071935200e-02 9.975200694448775884e-01 -5.893491019259375352e-02 -2.068855791224657015e+00 4.545332791552732510e-01 6.999486306231120225e-02 8.879753495465858570e-01 3.080411019411201679e+01
8.865381136439848264e-01 6.861819909489356127e-03 -4.626046737677375065e-01 -1.044090244457067307e+01 -3.723476889651274047e-02 9.977047512015161379e-01 -5.655794798773594589e-02 -2.134009642131426077e+00 4.611547984099156339e-01 6.736575483833877331e-02 8.847587870179487446e-01 3.163159723966978731e+01
8.829143023260609402e-01 6.890714192868041023e-03 -4.694835975798002381e-01 -1.086597253011277431e+01 -3.707936687519205327e-02 9.977928410601778486e-01 -5.508690359215043242e-02 -2.194349207666767221e+00 4.680677925902336223e-01 6.604516979026917034e-02 8.812210740957282518e-01 3.244019315178732654e+01
8.803776898119489713e-01 6.095414028545586421e-03 -4.742340821990602140e-01 -1.134858703276479197e+01 -3.582370230435666381e-02 9.979155239836869917e-01 -5.367745718308451763e-02 -2.246670568343871022e+00 4.729183744272612011e-01 6.424525649425864848e-02 8.787609245824519189e-01 3.326953957448064614e+01
8.767360637003117629e-01 4.472134479099543897e-03 -4.809510058375958130e-01 -1.180290670252193941e+01 -3.366311192655830481e-02 9.980751424963650864e-01 -5.208459355825099252e-02 -2.310072392810412101e+00 4.797923226241572192e-01 6.185474921075012622e-02 8.751990183355059516e-01 3.409668155967137437e+01
8.739676320194150749e-01 4.709140180670277898e-03 -4.859613127485923334e-01 -1.227538830509582013e+01 -3.404214009851529860e-02 9.980900117393293192e-01 -5.155056958806898681e-02 -2.373462914921588673e+00 4.847903818199889026e-01 6.159669245066682480e-02 8.724586739815309855e-01 3.493919540117355638e+01
8.723709612294119342e-01 3.764054627574270079e-03 -4.888299634374920766e-01 -1.276091262153920525e+01 -3.353924001977803132e-02 9.980748958943518323e-01 -5.216916353419356889e-02 -2.435557553506696227e+00 4.876925556689538643e-01 6.190584893992313181e-02 8.708178005155624568e-01 3.578827965804657651e+01
8.709604796084178258e-01 3.479424533075902489e-03 -4.913407491535830562e-01 -1.324798663354567552e+01 -3.376066799404313368e-02 9.980354594102696097e-01 -5.277725945825800791e-02 -2.492125255404896045e+00 4.901918642422147809e-01 6.255489924677690161e-02 8.693669107676925689e-01 3.664651560602959535e+01
8.703048930263475036e-01 4.054118593148277674e-03 -4.924966522616109343e-01 -1.375863068124625954e+01 -3.407184060964403571e-02 9.980660241357142137e-01 -5.199347270878579980e-02 -2.546317152007077311e+00 4.913333963637964152e-01 6.203044126679232301e-02 8.687598763299788640e-01 3.751562454509571154e+01
8.699651707615032592e-01 4.438498231731511506e-03 -4.930931925875092214e-01 -1.426233506771412607e+01 -3.356018319826055418e-02 9.981738949310317022e-01 -5.022538842840041512e-02 -2.616491207838971711e+00 4.919698357694579083e-01 6.024263660673749576e-02 8.685254804471677081e-01 3.838846987632682328e+01
8.699052305578753863e-01 3.033393843124481369e-03 -4.932095736608759773e-01 -1.478061668256166605e+01 -3.179496140601887483e-02 9.982460363513483426e-01 -4.993927707482718331e-02 -2.676348012965594325e+00 4.921930249651253475e-01 5.912401779681903530e-02 8.684758957262983525e-01 3.928556485805667364e+01
8.700583868318619851e-01 8.550719655804576037e-04 -4.929479359368517666e-01 -1.530849361946055431e+01 -2.982269890107993454e-02 9.982580862337735450e-01 -5.090579486132434939e-02 -2.731224568518038964e+00 4.920457434841021271e-01 5.899205172475689013e-02 8.685683213842342321e-01 4.018575214319842104e+01
8.689449853891173525e-01 -2.093779016003481132e-03 -4.949042570182622947e-01 -1.585801872494504039e+01 -2.679198627952848397e-02 9.983256669342762679e-01 -5.126453213773490836e-02 -2.803739620062427385e+00 4.941829675573953806e-01 5.780552628239777474e-02 8.674339862521247557e-01 4.112428989360737575e+01
8.671595341956511716e-01 -1.826970459335345610e-03 -4.980271072282408951e-01 -1.635399241776633517e+01 -2.625835322215157655e-02 9.984346622548283534e-01 -4.938343991710378994e-02 -2.866531321898579066e+00 4.973377572409753977e-01 5.590069252015555240e-02 8.657541640978562159e-01 4.202256556485716743e+01
8.649663360022163960e-01 -1.908093481463268588e-03 -5.018262565819284760e-01 -1.691010634204171481e+01 -2.427091443279980054e-02 9.986634529292248708e-01 -4.563146433897526805e-02 -2.933263691735585432e+00 5.012426198960967527e-01 5.164946267579244993e-02 8.637639572999610271e-01 4.294511701458701936e+01
8.621917457824146425e-01 -7.242211128655727265e-04 -5.065815471893301281e-01 -1.747225194132546378e+01 -2.354279406416686510e-02 9.988612044049073324e-01 -4.149736406949487699e-02 -2.985777537142493276e+00 5.060347163366527568e-01 4.770502979986666892e-02 8.611928361332948922e-01 4.386508780759319137e+01
8.584226622097035353e-01 -3.096963626967555450e-03 -5.129336571640689124e-01 -1.799626641578665343e+01 -2.033776921853387362e-02 9.989899542743165828e-01 -4.006802263627812916e-02 -3.053696075684844580e+00 5.125396687551109220e-01 4.482722495957008890e-02 8.574926314484857537e-01 4.475665616488296905e+01
8.525140204098481389e-01 -5.445221008004316049e-03 -5.226759887583899422e-01 -1.854297101210157095e+01 -1.936520357595191560e-02 9.989302346767128249e-01 -4.199256091017374015e-02 -3.114562356035400992e+00 5.223455158842762458e-01 4.592097381349497659e-02 8.514965833843698428e-01 4.566844982315247847e+01
8.469613269675726475e-01 -7.869242738131240408e-03 -5.315962566888859930e-01 -1.913867886982262334e+01 -1.867527428437992104e-02 9.988330306040194007e-01 -4.453999477370008953e-02 -3.178842672537678826e+00 5.313264053097607187e-01 4.765135894684797979e-02 8.458259894895049369e-01 4.654834167234442077e+01
8.408509547880329560e-01 -8.652999142842489333e-03 -5.411975533382088477e-01 -1.970990039887102085e+01 -1.796584682329646632e-02 9.988750827055958847e-01 -4.388390965117668074e-02 -3.251258017806803569e+00 5.409684876043867607e-01 4.662289962523291642e-02 8.397496093001296513e-01 4.746335264396732612e+01
8.347000510043681709e-01 -6.155574258329512757e-03 -5.506704348985229647e-01 -2.033160805800052273e+01 -1.857452268789237457e-02 9.990539045767133919e-01 -3.932280367882332733e-02 -3.298516268605669932e+00 5.503915120459758059e-01 4.305118663106139582e-02 8.337960090170173366e-01 4.835294920353612014e+01
8.301820858316991680e-01 -1.788442805587875167e-03 -5.574894616113035273e-01 -2.090883872640661423e+01 -2.158429362862076747e-02 9.991419717646825571e-01 -3.534739831228529000e-02 -3.351748665342887623e+00 5.570743463171679011e-01 4.137779297787481936e-02 8.294311646614614952e-01 4.919044431419636965e+01
8.257796532700280023e-01 -1.216396555509983079e-03 -5.639915588594300866e-01 -2.152631202552008460e+01 -2.339921437220279787e-02 9.990627667051374949e-01 -3.641517533407510193e-02 -3.404477540358914034e+00 5.635072722003108270e-01 4.326787014646013563e-02 8.249772431442846665e-01 5.007996981380678392e+01
8.225345040579061795e-01 -3.272833910010684594e-03 -5.687057868000967575e-01 -2.214378157469113972e+01 -2.398149042899200278e-02 9.988943951561761736e-01 -4.043359353577632292e-02 -3.460701063614930462e+00 5.682093651554153135e-01 4.689643811552910574e-02 8.215466192800113809e-01 5.094911970031990478e+01
8.192811255334280229e-01 -6.010808622465989640e-03 -5.733605333301868834e-01 -2.275272615669158327e+01 -2.558642518012357869e-02 9.985657681139109565e-01 -4.702915735390983398e-02 -3.540314069920444950e+00 5.728208945010851982e-01 5.320034733926681109e-02 8.179522921086678222e-01 5.182567624175652554e+01
8.159860563920522392e-01 -6.602672994116017338e-03 -5.780338692881412666e-01 -2.341058205942801251e+01 -2.624370239025262258e-02 9.984806616622154962e-01 -4.845241393274693498e-02 -3.599075697260247786e+00 5.774755656595365050e-01 5.470624299721572187e-02 8.145730197089232627e-01 5.266867263773759333e+01
8.136279552095015966e-01 -5.889094907606237661e-03 -5.813560548875301714e-01 -2.400871554940112773e+01 -2.514144556881829987e-02 9.986568870051089064e-01 -4.530264667576051896e-02 -3.656759916293707668e+00 5.808420296074764400e-01 5.147563134985043420e-02 8.123871013766345017e-01 5.353321629153486327e+01
8.096367204905251524e-01 -4.088153644356839339e-03 -5.869170820540237088e-01 -2.465667272703024437e+01 -2.386898875002897713e-02 9.989191615172254846e-01 -3.988458566443977421e-02 -3.713329284583498868e+00 5.864457839080031709e-01 4.630114227005551614e-02 8.086640546874107605e-01 5.438145011482087199e+01
8.068225445582024591e-01 -2.087500528129021798e-03 -5.907901634456553808e-01 -2.529902334963210109e+01 -2.468730345314824187e-02 9.990011930893067937e-01 -3.724450699518461194e-02 -3.782909074684438711e+00 5.902778362517702160e-01 4.463472383264298349e-02 8.059651506866658544e-01 5.527245181670614471e+01
8.040203475472351702e-01 -1.425007677015413402e-03 -5.946000700403962780e-01 -2.593732891943039576e+01 -2.579069105277426166e-02 9.989724259822794217e-01 -3.726838380716437915e-02 -3.844507594487178714e+00 5.940421924310791413e-01 4.529968549584004883e-02 8.031574060215446176e-01 5.612012908905847297e+01
8.003675124680528219e-01 -2.864669778860329339e-03 -5.995028204768686475e-01 -2.660499761876062763e+01 -2.571730645474640600e-02 9.989040262400182835e-01 -3.910711647104913452e-02 -3.888046873669007919e+00 5.989578204155874275e-01 4.671766318261202922e-02 7.994166599179161059e-01 5.697683937785566854e+01
7.961834626475091659e-01 -4.040933877025590197e-03 -6.050417817393128894e-01 -2.724721249120626254e+01 -2.631147946212698124e-02 9.988005189685996710e-01 -4.129442341717637355e-02 -3.949299765328689205e+00 6.044829240513366342e-01 4.879748135174396401e-02 7.951221335776200716e-01 5.784074008826160451e+01
7.918864276188545270e-01 -5.540643653016744455e-03 -6.106432509187198487e-01 -2.790328232510735518e+01 -2.499660312712784216e-02 9.988266603943243283e-01 -4.147857716056635446e-02 -4.009508495432163144e+00 6.101565875396737226e-01 4.811032918927334728e-02 7.908187794874230736e-01 5.866909344645902991e+01
7.876045955891358696e-01 -6.117349591256033940e-03 -6.161506080446004230e-01 -2.856922216640597156e+01 -2.438064136078131605e-02 9.988582769892908608e-01 -4.108195298723626987e-02 -4.068359346976520463e+00 6.156984579992751394e-01 4.737848185989490535e-02 7.865562252481793637e-01 5.951799728718757621e+01
7.834706001039587475e-01 -6.134538725391128385e-03 -6.213985668196904122e-01 -2.925933131451968094e+01 -2.421015713414325504e-02 9.988908124465527560e-01 -4.038580376555462453e-02 -4.120852038921356097e+00 6.209570782461604210e-01 4.668524673913435064e-02 7.824530669824986129e-01 6.034503690901311757e+01
7.777889726890000466e-01 -7.312481844051376551e-03 -6.284829624230919842e-01 -2.994838048711732270e+01 -2.350902115989637192e-02 9.988941461094440477e-01 -4.071622324085100858e-02 -4.195899876139320916e+00 6.280856995662346121e-01 4.644364858274537683e-02 7.767569433102419207e-01 6.118206650536998126e+01
7.726723713083777367e-01 -8.575968426184899657e-03 -6.347470769745841013e-01 -3.066852220656173245e+01 -2.323847735230369013e-02 9.988564064934148945e-01 -4.178339884270789589e-02 -4.249173678756418049e+00 6.343795283857471823e-01 4.703543331310523767e-02 7.715894566355533390e-01 6.201992302946897695e+01
7.673323431535890027e-01 -1.010333862079034264e-02 -6.411700163780652550e-01 -3.136084672669182893e+01 -2.283445410375640680e-02 9.988112259345318655e-01 -4.306649153074385006e-02 -4.308612786758461155e+00 6.408429364869960843e-01 4.768707904629587019e-02 7.661894550330342613e-01 6.284737550369357706e+01
7.612693895144011513e-01 -1.128018043048397562e-02 -6.483376174184740659e-01 -3.208083083705923855e+01 -2.236504266435906940e-02 9.987970227808345980e-01 -4.363842560407650562e-02 -4.378321278249369009e+00 6.480499425225092480e-01 4.772069596548048770e-02 7.601013189652194857e-01 6.366859025108355041e+01
7.561244845052570440e-01 -1.357390578574327322e-02 -6.542870202914804478e-01 -3.279262675099141688e+01 -2.123502838191995007e-02 9.987495055060926497e-01 -4.526034529141684942e-02 -4.443237011938812486e+00 6.540832089157604390e-01 4.811625857004344503e-02 7.548907136349036762e-01 6.449855099182090612e+01
7.492986875531471025e-01 -1.379234898595342769e-02 -6.620885436777917965e-01 -3.354246067141703946e+01 -2.170004854585337248e-02 9.987348257225391324e-01 -4.536359573501652642e-02 -4.507403421689782697e+00 6.618765682389968763e-01 4.835823615451504548e-02 7.480514004047194021e-01 6.534035709721293017e+01
7.426987076607647342e-01 -1.466741386711184827e-02 -6.694650761371631065e-01 -3.428084932293145215e+01 -1.933321246516398612e-02 9.988736231357787654e-01 -4.333257355820971379e-02 -4.568230108151134061e+00 6.693465944994081429e-01 4.512595676907002473e-02 7.415785817214958220e-01 6.615089618206123134e+01
7.365214106698396712e-01 -1.502377778972525599e-02 -6.762473579427953352e-01 -3.502223819746036781e+01 -1.888984806581483003e-02 9.989065405249439866e-01 -4.276560496087356694e-02 -4.623513929348086471e+00 6.761504214715171601e-01 4.427199335994213419e-02 7.354322584153621944e-01 6.693882071149891999e+01
7.301762514521983327e-01 -1.631670240468383049e-02 -6.830639781720752035e-01 -3.580583710436528122e+01 -1.819308954064840014e-02 9.988960595379797747e-01 -4.330904942100562149e-02 -4.698655236167445182e+00 6.830165888621815284e-01 4.405028328981153846e-02 7.290733300659546501e-01 6.776699307267577410e+01
7.239011207577674689e-01 -1.727751061408053929e-02 -6.896873538593880637e-01 -3.656624722150792195e+01 -1.879053857452298720e-02 9.988217331452000636e-01 -4.474439726582079419e-02 -4.764208527381757818e+00 6.896478018052691894e-01 4.535011597530742150e-02 7.227235192903763705e-01 6.855680179845489874e+01
7.180307391863366417e-01 -1.725401546503734299e-02 -6.957974902710596377e-01 -3.736479702291996574e+01 -1.981950842050857198e-02 9.987804239492877878e-01 -4.522003818487103921e-02 -4.825510217596498563e+00 6.957291515546982774e-01 4.625974148454121276e-02 7.168130809557833327e-01 6.935944892371959725e+01
7.128664764677800081e-01 -1.711895126311403781e-02 -7.010908065586984872e-01 -3.816029096036859869e+01 -1.956958911069306417e-02 9.988271479761378080e-01 -4.428724059674529062e-02 -4.888837604433663664e+00 7.010266939940978936e-01 4.529094798019177304e-02 7.116953797109530910e-01 7.015250776427343737e+01
7.079677879321137901e-01 -1.581241556616359151e-02 -7.060676805001124823e-01 -3.896055957982515849e+01 -2.201755169205026758e-02 9.987692092047956161e-01 -4.444428196187639318e-02 -4.953687703718260060e+00 7.059014425300348394e-01 4.701100146104431748e-02 7.067482780001078657e-01 7.095498213299168810e+01
7.028986439140522124e-01 -1.649907449576466789e-02 -7.110986341457570248e-01 -3.978766392307713318e+01 -2.208451696014138849e-02 9.987427157645204501e-01 -4.500290940556295888e-02 -5.023491522835616507e+00 7.109470996609718041e-01 4.733675365958994047e-02 7.016505274281595872e-01 7.176607838496808256e+01
6.983730032150319289e-01 -1.993161853444658932e-02 -7.154564063713185762e-01 -4.065480648996000923e+01 -2.054090757404905890e-02 9.986422869419098181e-01 -4.787122182722823582e-02 -5.093319103605151277e+00 7.154391851382544409e-01 4.812809269770036008e-02 6.970154005296295141e-01 7.255396173088503531e+01
6.931184222507259518e-01 -2.147641481323063484e-02 -7.205037173214767776e-01 -4.146957441785680487e+01 -2.097746508697790474e-02 9.985316996620620111e-01 -4.994387610002164885e-02 -5.155716668071278264e+00 7.205184292968147552e-01 4.973136201646650989e-02 6.916501964964875127e-01 7.329872840829861502e+01
6.879400626867863133e-01 -2.232476970457637766e-02 -7.254240587521832984e-01 -4.230498094481500715e+01 -2.107789494932417809e-02 9.984906101760926411e-01 -5.071709539938795697e-02 -5.234054736407152575e+00 7.254613710463552190e-01 5.018073373091935102e-02 6.864311348142257962e-01 7.411065678062901441e+01
6.835064932777236146e-01 -2.188669316112886939e-02 -7.296162254311204798e-01 -4.314620819029733667e+01 -2.139382790273448506e-02 9.985203097491761604e-01 -4.999495152873464909e-02 -5.308335391188268915e+00 7.296308561633670919e-01 4.978115779402187552e-02 6.820268762505038440e-01 7.491397021163955117e+01
6.792328739854339714e-01 -2.179372653334379559e-02 -7.335991592030234321e-01 -4.403238772868687789e+01 -2.077099984669291549e-02 9.985877942004961483e-01 -4.889767756007869920e-02 -5.374047010203978125e+00 7.336288414834595262e-01 4.845049789925143929e-02 6.778209809110613548e-01 7.569010321992813317e+01
6.735821164195444632e-01 -2.232175721718459432e-02 -7.387752442155265387e-01 -4.489927008615093484e+01 -2.108744446537025308e-02 9.985565607696085255e-01 -4.939751675828622790e-02 -5.450732900502696765e+00 7.388115191658189973e-01 4.885216563412937002e-02 6.721391337792722576e-01 7.647053178288291519e+01
6.688897559018309735e-01 -2.348841875461636988e-02 -7.429904295470962650e-01 -4.576114970535464010e+01 -1.933972038871650811e-02 9.986124851933146918e-01 -4.898040077079789112e-02 -5.520637022150886253e+00 7.431100043092186969e-01 4.713171527143689143e-02 6.675074030437373462e-01 7.723239734636322851e+01
6.641175199629765213e-01 -2.403419451058364312e-02 -7.472417726736749755e-01 -4.663869137150039279e+01 -1.906666052569053194e-02 9.986135857609943489e-01 -4.906494489605230103e-02 -5.598404512903330854e+00 7.473850353639440725e-01 4.683229452279911997e-02 6.627385271885422036e-01 7.801254986184811457e+01
6.608796479777966359e-01 -2.517633193397975783e-02 -7.500694853033290643e-01 -4.757014890508511229e+01 -1.779843134834108512e-02 9.986302810101792549e-01 -4.920139953144462425e-02 -5.673953361229567172e+00 7.502808245976305690e-01 4.586626362372533267e-02 6.595263304019086670e-01 7.881062440814035597e+01
6.571446216363656667e-01 -2.805465142981932586e-02 -7.532422401138196832e-01 -4.846522931505499088e+01 -1.501812398584253562e-02 9.986214350300554043e-01 -5.029597865061815470e-02 -5.745674207139644274e+00 7.536148959022972438e-01 4.436401697982550463e-02 6.558173778953121369e-01 7.956548206196282536e+01
6.525488969007301465e-01 -3.180942477660100853e-02 -7.570786531504015704e-01 -4.937980163790345500e+01 -1.264488357360568291e-02 9.985222456226648946e-01 -5.285292732776290109e-02 -5.829210234763939624e+00 7.576411111482085348e-01 4.406229061370171146e-02 6.511823644924245036e-01 8.035369774475786642e+01
6.482014725657414544e-01 -3.648222147557991096e-02 -7.605944305593046462e-01 -5.027820125050904210e+01 -7.743365320388864194e-03 9.984841915567275183e-01 -5.449182970288835720e-02 -5.903855311649998328e+00 7.614295112436392232e-01 4.121124452954955109e-02 6.469364291907140352e-01 8.112582656409918513e+01
6.406301511176902830e-01 -3.995670718859031800e-02 -7.668092723660602239e-01 -5.118104128097414218e+01 -3.156988995861312580e-03 9.984996466070675813e-01 -5.466707543135447545e-02 -5.985757314479323021e+00 7.678431170577986187e-01 3.744218492904135415e-02 6.395428376798002468e-01 8.187514226291602881e+01
6.323891778052664892e-01 -4.394423479678779415e-02 -7.734034012129094027e-01 -5.212158271994820069e+01 2.216813668105314765e-03 9.984882544675544036e-01 -5.492077391194981340e-02 -6.070322720730281674e+00 7.746476768423938841e-01 3.301681148401883203e-02 6.315305835489903874e-01 8.264182771951327311e+01
6.243825649861420857e-01 -4.457657355629164597e-02 -7.798457093844562982e-01 -5.305435572070614114e+01 4.251767399535664148e-03 9.985494775452647964e-01 -5.367367459779009281e-02 -6.152936634367910607e+00 7.811071276723164925e-01 3.019718367933785924e-02 6.236664143647070446e-01 8.340245981442866707e+01
6.152224418742814338e-01 -4.411237385442564468e-02 -7.871184371533281876e-01 -5.402074700882559455e+01 5.430681103702260024e-03 9.986467383462069858e-01 -5.172233240413203620e-02 -6.228533534682728856e+00 7.883348684435862452e-01 2.754615001322870474e-02 6.146294462681290982e-01 8.413645070576859553e+01
6.053900684863743331e-01 -4.381485909386775152e-02 -7.947220341197123172e-01 -5.499083258678817288e+01 4.877982683958917605e-03 9.986691618167361506e-01 -5.134306670409555934e-02 -6.305776622795306707e+00 7.959139906808182507e-01 2.720594193313448025e-02 6.047981215000186594e-01 8.486051691183106982e+01
5.969687253458485499e-01 -4.495169169197498621e-02 -8.010041664172349307e-01 -5.597101424661482838e+01 3.930090674703998199e-03 9.985809058022449003e-01 -5.311053504025649297e-02 -6.386608597028678780e+00 8.022548883135133257e-01 2.855730899465710321e-02 5.962982358329295129e-01 8.559838127171941835e+01
5.868688807474602420e-01 -4.698918977980329897e-02 -8.083173392299790594e-01 -5.697665608204398069e+01 4.194734959922113461e-03 9.984776492696151307e-01 -5.499807345229109495e-02 -6.480958272137328002e+00 8.096711256418031022e-01 2.888598040135210987e-02 5.861725688025607450e-01 8.632714412442308571e+01
5.775998095155054912e-01 -4.878566691791259846e-02 -8.148609737970308187e-01 -5.799892914802220645e+01 4.829629850801645495e-03 9.983993556734429564e-01 -5.635069866378752956e-02 -6.545407233001057534e+00 8.163057917258071949e-01 2.861267551726162650e-02 5.769108955070006983e-01 8.700467716822601005e+01
5.679111119375025440e-01 -4.949294907488974854e-02 -8.216005140030387954e-01 -5.901771692719293583e+01 6.750028443329786007e-03 9.984369967884448860e-01 -5.547973081067617690e-02 -6.640682518798971756e+00 8.230622194802889036e-01 2.596172833329556465e-02 5.673575450058913061e-01 8.771289886414000136e+01
5.575551399291129862e-01 -4.926461184747005229e-02 -8.286768075924384469e-01 -6.002013272889675477e+01 7.975377521889879043e-03 9.985093518028486104e-01 -5.399507093581740191e-02 -6.720178884968325050e+00 8.301016025664372799e-01 2.349621847585567358e-02 5.571169263994701915e-01 8.839088325775303190e+01
5.466385762012038185e-01 -4.977863453497690521e-02 -8.358877567199350933e-01 -6.108696348520221875e+01 8.210915349626594223e-03 9.985021427045986941e-01 -5.409299263926934526e-02 -6.812342878816410874e+00 8.373284059347243513e-01 2.270591238306931062e-02 5.462285189430418075e-01 8.906160506245085173e+01
5.367691089019460682e-01 -5.100430573745622087e-02 -8.421861264764685107e-01 -6.213520308210133436e+01 8.044833470417549898e-03 9.984351782288108934e-01 -5.533963767638196141e-02 -6.893923380666681311e+00 8.436908296775731397e-01 2.292936037846339190e-02 5.363394832356636055e-01 8.971818891267082563e+01
5.261928446362412748e-01 -5.165110982754229224e-02 -8.487951696521452982e-01 -6.321881204912495633e+01 6.915813068710698411e-03 9.983805469747313310e-01 -5.646640524822582607e-02 -6.977159488960191780e+00 8.503371529476946300e-01 2.384210919536982817e-02 5.256979106470688334e-01 9.039948373682443616e+01
5.173916433669469850e-01 -5.264995633592869234e-02 -8.541275409667471452e-01 -6.424901771572694997e+01 5.546536786442997878e-03 9.982908987549860003e-01 -5.817660494824698075e-02 -7.060950990497865121e+00 8.557307610269819786e-01 2.536263894237147237e-02 5.167993947765117113e-01 9.100323574335899934e+01
