1 0 0 0 0 1 0 0 0 0 1 0
0.99992965 -0.0028351013 0.011518097 0.0044930013 0.002823339 0.99999548 0.0010373526 -0.0092010459 -0.011520987 -0.0010047602 0.99993313 0.31017929
0.99982808 -0.0047795879 0.017915619 0.017276265 0.0047609724 0.99998808 0.0010815942 -0.013023527 -0.017920576 -0.00099611245 0.99983892 0.58720463
0.99977229 -0.0072814165 0.020058755 0.022863308 0.0072842613 0.99997347 -6.8739606e-05 -0.016747783 -0.020057724 0.00021483719 0.9997988 0.8910043
0.99979688 -0.0087556083 0.018152931 0.028230884 0.0087847115 0.99996025 -0.0015240707 -0.02355754 -0.018138867 0.0016832294 0.99983406 1.1942999
0.99987556 -0.011034619 0.011273621 0.025197343 0.011067614 0.99993464 -0.0028685346 -0.024153065 -0.011241232 0.0029929498 0.99993234 1.5028408
0.99991828 -0.01277618 -0.00044790836 0.01447611 0.012773975 0.99990773 -0.0046217341 -0.035079345 0.00050691518 0.0046156349 0.99998922 1.8339255
0.99979148 -0.012261732 -0.016329255 -0.0097714766 0.012181062 0.99991315 -0.0050306141 -0.041667306 0.016389523 0.0048306576 0.99985401 2.1693394
0.99932928 -0.0080177455 -0.035730941 -0.042621108 0.0078316374 0.99995504 -0.0053455334 -0.044865413 0.035772196 0.0050621163 0.99934715 2.5147153
0.99845328 -0.0042401412 -0.055435347 -0.08563945 0.0038838575 0.99997112 -0.0065331743 -0.051882899 0.055461452 0.0063077664 0.9984409 2.8540443
0.99716413 -0.0039616635 -0.075153225 -0.12436242 0.0034520681 0.99997017 -0.0069094437 -0.057160189 0.075178363 0.0066304154 0.99714806 3.2099495
0.99534518 -0.004720552 -0.096258453 -0.18189502 0.0041368521 0.99997183 -0.0062625515 -0.061778177 0.096285313 0.0058351935 0.99533667 3.5915691
0.99323803 -0.0057138337 -0.11595499 -0.23709114 0.005133487 0.99997276 -0.0053029539 -0.069917224 0.11598214 0.0046718421 0.99324031 3.9750476
0.99111667 -0.0050945353 -0.13289768 -0.31077956 0.0044983223 0.99997843 -0.0047861147 -0.078166695 0.13291921 0.0041457814 0.99111821 4.3776484
0.9887504 -0.0039015522 -0.14952395 -0.39175585 0.0033474116 0.99998657 -0.0039575294 -0.086195654 0.1495374 0.0034124905 0.98875018 4.7848523
0.9867707 -0.0032105604 -0.16209034 -0.47466591 0.0025741463 0.99998813 -0.0041361524 -0.093580358 0.16210171 0.0036641897 0.98676725 5.2029681
0.98458611 -0.0047658648 -0.17483559 -0.56818988 0.0039447013 0.9999795 -0.005043992 -0.10052124 0.17485606 0.0042765702 0.98458472 5.6510397
0.98279511 -0.0076146987 -0.18454208 -0.65096155 0.0064405186 0.99995503 -0.0069612655 -0.11409119 0.1845868 0.005652951 0.98279996 6.0885497
0.98134873 -0.007004791 -0.19210831 -0.75322467 0.0053986718 0.99994597 -0.0088826623 -0.1229554 0.19216017 0.0076798596 0.98133353 6.5477669
0.97998164 -0.0064142974 -0.19898452 -0.85930781 0.0043478484 0.99993201 -0.010820188 -0.12584031 0.19904041 0.0097384309 0.9799429 7.0362657
0.97822643 -0.0072852395 -0.20741258 -0.96363252 0.0046092424 0.99989983 -0.013382155 -0.13615511 0.20748931 0.012134763 0.97816202 7.49032
0.97645712 -0.011399578 -0.21541017 -1.086067 0.0083145992 0.99984956 -0.015222188 -0.14761866 0.21555131 0.013072764 0.97640501 7.999374
0.97463169 -0.016787747 -0.2231843 -1.1983221 0.013469595 0.99977508 -0.016381428 -0.16608524 0.22340913 0.012959657 0.97463861 8.5209119
0.97266088 -0.017794303 -0.23154735 -1.3359045 0.01381677 0.99972801 -0.01878852 -0.18944813 0.23181872 0.015075622 0.97264218 9.0237932
0.97052581 -0.01434063 -0.24057013 -1.4867965 0.0089835088 0.99968698 -0.023350421 -0.19590587 0.24082971 0.020501023 0.97035085 9.5684743
0.96868335 -0.011345136 -0.24804002 -1.6402851 0.0050232915 0.99964658 -0.026105254 -0.21294555 0.24824854 0.024041748 0.96839799 10.10534
0.96627385 -0.01382396 -0.25714538 -1.7993354 0.0068046693 0.99958007 -0.028166874 -0.23612092 0.2574268 0.025467125 0.96596215 10.665944
0.96401018 -0.015751144 -0.26539831 -1.9527373 0.0081310794 0.99952322 -0.029786139 -0.2652044 0.26574096 0.026556167 0.96367864 11.226744
0.9618096 -0.015796807 -0.27326316 -2.1315043 0.007149476 0.99944253 -0.032611666 -0.28836428 0.273626 0.029412525 0.96138635 11.791168
0.95949354 -0.0150935 -0.281326 -2.3175734 0.0050913158 0.99932975 -0.036250825 -0.31102557 0.28168462 0.033350113 0.95892729 12.403124
0.95737761 -0.016226326 -0.28838311 -2.5007895 0.004498426 0.99913732 -0.041284095 -0.34205575 0.28880424 0.038227199 0.95662469 12.969329
0.95559626 -0.016827718 -0.29419824 -2.7039263 0.0026597923 0.99882004 -0.048491706 -0.38253336 0.29466713 0.045555987 0.95451346 13.59454
0.95403596 -0.017373388 -0.29918813 -2.9185585 0.00037281645 0.99838631 -0.056785917 -0.42071448 0.29969192 0.054064265 0.95250292 14.215139
0.95285705 -0.017858234 -0.30289359 -3.1173019 -0.0020622897 0.99786221 -0.065320377 -0.46563341 0.3034126 0.062865637 0.95078321 14.827584
0.95142468 -0.01693959 -0.30741522 -3.3390264 -0.0062244003 0.99722289 -0.074214265 -0.51282339 0.30781868 0.07252276 0.94867704 15.472658
0.95015763 -0.015544469 -0.31138215 -3.5675754 -0.010380659 0.99662515 -0.081428143 -0.57070165 0.31159707 0.080601925 0.94678963 16.09632
0.94857796 -0.014900018 -0.31619272 -3.8059962 -0.013648635 0.99603735 -0.087882376 -0.63474441 0.31624923 0.087678885 0.94461571 16.780038
0.94709016 -0.013866023 -0.32066797 -4.0473393 -0.017149867 0.99545309 -0.09369643 -0.7039516 0.32050915 0.094238382 0.94254603 17.464196
0.94544611 -0.011573215 -0.32557289 -4.2956576 -0.021984087 0.99482425 -0.099203842 -0.7823654 0.32503595 0.10094931 0.94029829 18.128776
0.94356491 -0.008637157 -0.33107499 -4.5687916 -0.026823196 0.99438284 -0.10238788 -0.85845118 0.33009966 0.1054901 0.93803308 18.812155
0.94207833 -0.0078164697 -0.33530181 -4.8149585 -0.028759955 0.99416339 -0.10398087 -0.93890606 0.33415758 0.1076014 0.93635499 19.510771
0.93969819 -0.0060786584 -0.34195081 -5.1127482 -0.031076312 0.99418829 -0.10307238 -1.025835 0.34059006 0.1074835 0.93404803 20.226579
0.93746199 -0.0075470427 -0.34800582 -5.3796466 -0.029647373 0.99440087 -0.10142953 -1.1084348 0.34682282 0.10540379 0.93198926 20.958866
0.93505302 -0.0069284142 -0.35444018 -5.6639403 -0.030456114 0.99454255 -0.099787448 -1.1968987 0.35319724 0.10410143 0.929739 21.682462
0.93192565 -0.0063036017 -0.36259458 -5.943391 -0.0307792 0.99486638 -0.096402888 -1.2816908 0.36134088 0.1010007 0.92694749 22.377925
0.92857482 -0.0037062164 -0.37112673 -6.2911457 -0.032515264 0.99529301 -0.091293947 -1.3693632 0.36971823 0.096840546 0.92408352 23.213375
0.92558805 -0.0028226498 -0.37852184 -6.5879163 -0.031940124 0.99582366 -0.085528105 -1.4445146 0.37718245 0.091253828 0.92163233 23.92772
0.92221654 0.00050647498 -0.38667349 -6.9311268 -0.034982568 0.99600757 -0.082128843 -1.5239978 0.38508816 0.089267411 0.91855237 24.692752
0.91842696 0.0012561449 -0.39558859 -7.2588631 -0.035753592 0.99616589 -0.079844902 -1.5978191 0.39397159 0.087475425 0.91495052 25.427875
0.91420482 0.0029147565 -0.40524195 -7.6283424 -0.038295807 0.9961206 -0.079228617 -1.6797187 0.40343896 0.087950252 0.91076988 26.192839
0.91068346 0.0031021854 -0.41309321 -7.9600047 -0.038841907 0.99618484 -0.078147809 -1.7497738 0.41127479 0.087213247 0.90732955 26.938138
0.90639209 0.0036862523 -0.42242133 -8.3406599 -0.039661759 0.99628746 -0.076408392 -1.8230675 0.42057145 0.086009936 0.90317328 27.717345
0.90238753 0.0037636573 -0.430909 -8.7257311 -0.039509026 0.99647276 -0.074034349 -1.8982533 0.42911048 0.08383247 0.89935328 28.50717
0.89912596 0.0043254946 -0.43766856 -9.1261916 -0.038876692 0.99678808 -0.07001517 -1.9714871 0.43596 0.079967564 0.89640621 29.274714
0.895117 0.0059879825 -0.44579108 -9.5188694 -0.038710435 0.99717737 -0.064333466 -2.0381958 0.44414758 0.074842747 0.89282221 30.09239
0.89205439 0.0057518185 -0.45189143 -9.947343 -0.036849777 0.99751517 -0.06004645 -2.1019421 0.45042322 0.070216799 0.89004974 30.868194
0.88802376 0.0056226237 -0.45976318 -10.387071 -0.036341221 0.99765539 -0.057991649 -2.1710764 0.45835919 0.068206318 0.88614602 31.701609
0.88452204 0.0053045018 -0.46646823 -10.83066 -0.035903522 0.99774351 -0.05673467 -2.2340953 0.46511474 0.066930919 0.88271657 32.529284
0.88174526 0.0048953851 -0.47170046 -11.264427 -0.035007305 0.99786791 -0.055082785 -2.2901776 0.47042514 0.065081947 0.88003667 33.328252
0.87906485 0.0037440303 -0.47668748 -11.75569 -0.033415691 0.99799334 -0.053783748 -2.3558003 0.4755296 0.063208245 0.87742597 34.192567
0.87546975 0.0022330427 -0.48326774 -12.243667 -0.032131986 0.99804552 -0.053597414 -2.4147887 0.48220356 0.062451268 0.87383041 35.005223
0.87407909 0.001485444 -0.48578134 -12.703473 -0.03168435 0.99804036 -0.053958623 -2.4757343 0.48474927 0.062555771 0.87241328 35.847876
0.87245977 0.0026037262 -0.48867899 -13.229414 -0.033548699 0.99794571 -0.054578796 -2.5375827 0.48753303 0.064012349 0.87075484 36.726123
0.87214637 0.0022727328 -0.48923974 -13.7062 -0.032769541 0.99801493 -0.053780612 -2.5982967 0.48814638 0.062936729 0.87048958 37.587841
0.87181431 0.0015191323 -0.48983414 -14.219066 -0.030928753 0.99817054 -0.051951818 -2.6609629 0.48885912 0.060442298 0.87026634 38.490888
0.87178383 6.3131956e-05 -0.48989073 -14.742476 -0.029101076 0.99824074 -0.051658101 -2.7258462 0.48902566 0.059291045 0.87025197 39.387636
0.87119563 -0.0022300299 -0.49093093 -15.223099 -0.027055385 0.99825191 -0.05254642 -2.7901816 0.49018996 0.059060537 0.86961237 40.266915
0.87000702 -0.0040731365 -0.49302249 -15.76548 -0.025496213 0.99825627 -0.05323878 -2.8553512 0.49237969 0.05888832 0.86838611 41.193532
0.86877927 -0.0047537326 -0.49517669 -16.282651 -0.023687037 0.99841038 -0.051143323 -2.9200855 0.49463271 0.056161528 0.86728564 42.110459
0.86596404 -0.004067058 -0.50008971 -16.833042 -0.022852374 0.9986006 -0.047692842 -2.985212 0.49958389 0.052728524 0.86465927 43.027383
0.86365701 -0.0031329297 -0.50407017 -17.349096 -0.021775038 0.99881538 -0.043516522 -3.0535454 0.50360941 0.048559497 0.86256568 43.954227
0.86019553 -0.0072838851 -0.50991233 -17.895671 -0.016104779 0.99901126 -0.041438381 -3.107708 0.50971003 0.043857135 0.85922771 44.845368
0.85459894 -0.010005295 -0.51919219 -18.478386 -0.014645808 0.99895225 -0.04335794 -3.1735126 0.51908206 0.044657639 0.85355699 45.755502
0.84949997 -0.010489175 -0.52748436 -19.042515 -0.016728278 0.99876414 -0.046801164 -3.2414097 0.52732342 0.048581493 0.84827465 46.63436
0.84388755 -0.010746699 -0.53641242 -19.63184 -0.016906125 0.99877025 -0.046606584 -3.3013383 0.53625368 0.048399373 0.84266809 47.528506
0.83841715 -0.0074512445 -0.54497811 -20.214745 -0.018172574 0.99896841 -0.0416159 -3.3642077 0.54472605 0.04479514 0.83741683 48.452272
0.83319623 -0.0058058115 -0.55294694 -20.821721 -0.017387018 0.99917541 -0.036690358 -3.4207752 0.55270405 0.040184366 0.83240824 49.309718
0.82820461 -0.0037021756 -0.56041359 -21.416538 -0.021329603 0.99904544 -0.038121695 -3.481806 0.56001982 0.043525964 0.82733507 50.205405
0.82529153 -0.0056875424 -0.56467823 -22.039139 -0.02234794 0.998837 -0.042722546 -3.5370971 0.56426455 0.047877951 0.82420462 51.047621
0.8227904 -0.0071934721 -0.56829938 -22.638914 -0.025344843 0.99846076 -0.049332962 -3.6099128 0.56777955 0.054994147 0.82134162 51.919527
0.82000246 -0.007623582 -0.5723092 -23.257365 -0.026335981 0.99834967 -0.051032847 -3.6731542 0.5717538 0.056919385 0.81844841 52.780352
0.81687049 -0.0070465749 -0.57677806 -23.90902 -0.024755586 0.9985758 -0.047260198 -3.7395504 0.57628968 0.05288394 0.81553266 53.646752
0.81330794 -0.0051673056 -0.58181051 -24.526791 -0.023580802 0.99884624 -0.041834575 -3.8013793 0.58135546 0.047743951 0.81224773 54.511623
0.81026573 -0.0040461403 -0.58604867 -25.166683 -0.023009147 0.99898557 -0.038709341 -3.862645 0.58561084 0.044849333 0.80935068 55.401074
0.80868105 -0.0032610279 -0.5882383 -25.815847 -0.024665972 0.99891716 -0.039447277 -3.917544 0.58773002 0.046409735 0.80772495 56.243155
0.80439937 -0.0038566261 -0.59407638 -26.467814 -0.025570442 0.99882748 -0.041107424 -3.9790578 0.5935384 0.048257582 0.80335758 57.11283
0.80079277 -0.0056132956 -0.59891518 -27.102464 -0.025449607 0.99873408 -0.043388531 -4.0466832 0.5984006 0.049987379 0.79963617 57.98949
0.79684003 -0.0078805339 -0.60413891 -27.758283 -0.023611866 0.99874491 -0.044171169 -4.0994729 0.6037288 0.049462203 0.79565385 58.784105
0.79261175 -0.0086449667 -0.60966535 -28.423568 -0.022278484 0.99882118 -0.043126877 -4.1626293 0.60931955 0.047765289 0.79148481 59.680508
0.7885141 -0.0092083781 -0.61494771 -29.105752 -0.021440358 0.99886855 -0.042449109 -4.2228703 0.61464287 0.04665642 0.7874245 60.52623
0.78241749 -0.0099959513 -0.62267401 -29.783242 -0.021560971 0.99883692 -0.043126908 -4.2933961 0.62238094 0.047168703 0.78129195 61.379375
0.77715572 -0.011421719 -0.62920465 -30.481605 -0.021086928 0.99880119 -0.04417617 -4.3513146 0.62895497 0.047599757 0.77598321 62.202165
0.77297938 -0.011860263 -0.63432025 -31.14384 -0.021859839 0.99873367 -0.045312203 -4.4154093 0.63405446 0.048891537 0.77174128 63.008175
0.7658844 -0.013660115 -0.64283314 -31.884767 -0.020705937 0.99873177 -0.045892381 -4.4809683 0.64264483 0.048458722 0.76463024 63.862843
0.76090728 -0.015604691 -0.64867293 -32.597757 -0.019668569 0.99869668 -0.047096631 -4.5410862 0.64856249 0.048594638 0.75960865 64.683207
0.75497727 -0.018194824 -0.65549846 -33.344402 -0.01705043 0.99873235 -0.047360058 -4.6133581 0.65552928 0.046932298 0.75370999 65.551488
0.74820841 -0.017236366 -0.66323981 -34.092559 -0.017498129 0.99880209 -0.045696841 -4.6787906 0.66323301 0.045796217 0.74701052 66.360276
0.74265125 -0.018961626 -0.66940985 -34.80383 -0.015296807 0.99885794 -0.045263992 -4.7450035 0.66950367 0.043855194 0.74151304 67.164651
0.73585099 -0.018963438 -0.67687789 -35.557615 -0.016110224 0.99883455 -0.045497218 -4.8127163 0.67695186 0.044383828 0.73468789 67.985895
0.72880216 -0.021159332 -0.68439729 -36.362813 -0.015350125 0.99876634 -0.047224663 -4.8845757 0.68455228 0.044923021 0.72757827 68.779072
0.72553393 -0.01986428 -0.68789962 -37.110933 -0.01768198 0.99871525 -0.047488956 -4.9468473 0.68795923 0.046618276 0.72425056 69.614558
0.71806185 -0.021243037 -0.69565499 -37.935413 -0.015887226 0.99877332 -0.046898232 -5.0073276 0.69579797 0.044727859 0.71684353 70.379411
0.71499755 -0.020145541 -0.69883661 -38.767099 -0.017518236 0.99875465 -0.046714707 -5.0849769 0.69890747 0.045643287 0.71375422 71.191694
0.70921039 -0.019946622 -0.70471464 -39.552684 -0.018855694 0.9987054 -0.047243878 -5.1549419 0.70474473 0.046793732 0.70791614 71.988363
0.70397294 -0.02181251 -0.70989173 -40.392677 -0.019125527 0.99858359 -0.049649074 -5.2314135 0.70996927 0.048528658 0.70255865 72.785921
0.69946247 -0.022677535 -0.71430941 -41.216139 -0.021139309 0.99840258 -0.052396708 -5.3057711 0.71435665 0.051749539 0.69786575 73.57764
0.69432583 -0.025282941 -0.7192165 -42.050077 -0.018952907 0.99839365 -0.053393962 -5.3723672 0.7194112 0.050704051 0.69273131 74.35312
0.68966101 -0.024849535 -0.72370584 -42.915718 -0.018862163 0.99845545 -0.052258319 -5.4500574 0.7238867 0.049691184 0.68812708 75.151599
0.68457258 -0.025021395 -0.72851511 -43.740084 -0.017764405 0.99854123 -0.050988535 -5.5214043 0.72872824 0.04784699 0.68312946 75.948315
0.68008461 -0.025811929 -0.73267907 -44.615254 -0.017312128 0.99853593 -0.051247335 -5.6025416 0.73292923 0.047536758 0.67864206 76.740344
0.67537773 -0.026411715 -0.73699885 -45.471833 -0.01729405 0.99851644 -0.051631758 -5.675055 0.73726921 0.047616635 0.673919 77.501085
0.67160595 -0.027725595 -0.74038956 -46.372664 -0.015524491 0.99855359 -0.051475377 -5.7549392 0.7407459 0.046065341 0.67020411 78.300671
0.66700025 -0.029533799 -0.74447188 -47.256308 -0.012980342 0.99860176 -0.051244909 -5.8259462 0.74494444 0.043843867 0.66568426 79.078596
0.66346147 -0.030870949 -0.74757329 -48.130975 -0.012538687 0.9985494 -0.052362896 -5.9056487 0.74810541 0.044114351 0.66211197 79.842478
0.65892693 -0.034628448 -0.75140942 -49.034039 -0.010562894 0.99841532 -0.055274457 -5.9922735 0.75213282 0.044358886 0.65751697 80.63442
0.65340614 -0.040036601 -0.75594804 -49.905562 -0.004776485 0.99836253 -0.057003952 -6.0622959 0.7569925 0.040857507 0.65214497 81.399587
0.6481779 -0.042759225 -0.76028745 -50.816509 -0.0013067961 0.99835829 -0.057262636 -6.1527724 0.76148785 0.038109916 0.64705791 82.174996
0.63956568 -0.046812265 -0.76730978 -51.770225 0.0042935705 0.99834613 -0.057328635 -6.238942 0.7687245 0.033370929 0.63870892 82.959524
0.63215724 -0.04755486 -0.77337941 -52.698058 0.006170887 0.99839219 -0.056346767 -6.3286337 0.77481559 0.030847579 0.6314343 83.723477
0.62178254 -0.047723207 -0.78173456 -53.653316 0.0091840424 0.99851743 -0.053652454 -6.4003731 0.78313612 0.026180675 0.621299 84.468121
0.61530456 -0.045848073 -0.78695502 -54.632255 0.0060471214 0.99855234 -0.053447628 -6.4943332 0.78826631 0.028127757 0.61469106 85.231529
0.60570812 -0.046971818 -0.79429923 -55.594475 0.0043140286 0.99843522 -0.055753894 -6.5696833 0.79567526 0.030343957 0.60496296 85.945524
0.59543163 -0.050592132 -0.80181142 -56.58385 0.0077222491 0.99832959 -0.057257293 -6.6530676 0.8033689 0.027901016 0.5948277 86.670067
0.58619224 -0.050643471 -0.80858756 -57.569174 0.0051925944 0.99825872 -0.058758543 -6.7416649 0.81015539 0.030245135 0.58543449 87.404652
0.57734786 -0.053165487 -0.8147655 -58.577328 0.010261791 0.99827149 -0.057868143 -6.8224874 0.81643383 0.025049096 0.57689549 88.073676
0.56605014 -0.05242011 -0.82270245 -59.612337 0.010627999 0.99835734 -0.056299846 -6.913073 0.82430234 0.023124855 0.56567743 88.809132
0.55544227 -0.052876902 -0.82987219 -60.641215 0.010922816 0.99835407 -0.056301292 -7.0056002 0.83148339 0.022207576 0.55510562 89.484941
0.54569731 -0.054077974 -0.83623559 -61.660417 0.010054204 0.99826623 -0.057995216 -7.0862809 0.83792209 0.02324015 0.54529491 90.122159
0.53485755 -0.054168274 -0.84320409 -62.746067 0.008312737 0.99823196 -0.05885452 -7.1768385 0.84490139 0.02446945 0.53436218 90.817367
0.52558894 -0.054171646 -0.84901215 -63.770708 0.0052411474 0.99815787 -0.060443381 -7.2738644 0.85072255 0.027318575 0.52490466 91.460419
0.51699666 -0.054733473 -0.8542357 -64.890531 0.0052565108 0.99813781 -0.060772395 -7.364533 0.85597131 0.026928826 0.51632162 92.087313
0.5077887 -0.052759795 -0.85986451 -65.971168 0.0043017467 0.99826572 -0.058711478 -7.4556688 0.86147095 0.026114106 0.50713502 92.751594
0.50119984 -0.051666395 -0.86378773 -67.08525 0.005990857 0.9983992 -0.056241909 -7.5402402 0.86531087 0.023013607 0.50070704 93.343539
0.49159072 -0.051168472 -0.86932174 -68.1911 0.0051727115 0.99842619 -0.055842484 -7.6351397 0.87081104 0.022954896 0.49108173 93.982491
0.48711151 -0.054971859 -0.87160794 -69.315187 0.0076931471 0.9982484 -0.058659573 -7.727015 0.87330593 0.021868345 0.4866812 94.603568
0.47900026 -0.057944725 -0.87590016 -70.409823 0.0095467803 0.99810381 -0.060808232 -7.8202539 0.87776288 0.020765133 0.47864518 95.212894
0.47439577 -0.061252666 -0.87817805 -71.544752 0.010804274 0.99790632 -0.06376716 -7.9201235 0.88024541 0.020762795 0.47406433 95.808101
0.4691394 -0.064732618 -0.88074846 -72.641796 0.012710721 0.9977016 -0.066557865 -8.0222704 0.88303268 0.020029969 0.46888393 96.378269
0.46520049 -0.065534541 -0.88277611 -73.752219 0.01471871 0.99769057 -0.066309046 -8.1223855 0.88508301 0.017853676 0.46509073 96.957789
0.46052005 -0.06403782 -0.8853363 -74.9027 0.017191291 0.99785066 -0.063233876 -8.2225933 0.88748285 0.013900393 0.46063113 97.546823
0.45675668 -0.061491655 -0.88746383 -75.985497 0.020819806 0.99807378 -0.058440267 -8.3120937 0.88934804 0.0082161571 0.45715711 98.224194
0.45021488 -0.060404155 -0.89087475 -77.113171 0.02048362 0.99814537 -0.057325787 -8.4184583 0.8926853 0.0075605821 0.4506172 98.733551
0.44763693 -0.06093556 -0.89213674 -78.28381 0.02317814 0.99813095 -0.056545453 -8.5113094 0.893915 0.0046337624 0.44821264 99.286499
0.44876025 -0.060861902 -0.89157725 -79.37905 0.025993817 0.99814502 -0.055053011 -8.612473 0.8932741 0.001530107 0.44950985 99.811858
0.44493447 -0.059430534 -0.89358898 -80.4696 0.026465672 0.99823244 -0.053212381 -8.6969686 0.89517202 2.6589107e-05 0.4457209 100.37478
0.44359816 -0.061015698 -0.89414635 -81.558353 0.029848684 0.99813217 -0.053303254 -8.7913719 0.89572864 -0.0030438669 0.44459083 100.90322
0.44091647 -0.060978144 -0.89547432 -82.665189 0.031687941 0.9981251 -0.052365635 -8.8767676 0.89698863 -0.0052868675 0.44202207 101.45657
0.43899962 -0.060037191 -0.89647912 -83.755608 0.033839511 0.99816192 -0.050275913 -8.9620641 0.89784982 -0.0082653086 0.44022433 101.99051
0.43648082 -0.060796144 -0.89765709 -84.832237 0.038692817 0.99805971 -0.048782002 -9.0419132 0.89888121 -0.013440474 0.4379863 102.47601
0.43559868 -0.060779742 -0.8980866 -85.904683 0.039319948 0.99805022 -0.048473631 -9.1299346 0.89928183 -0.01419767 0.43713922 103.01537
0.4350063 -0.062266856 -0.89827183 -86.920051 0.040737993 0.99794555 -0.049447892 -9.2055233 0.89950542 -0.015083648 0.43664923 103.52234
0.43563842 -0.063619775 -0.8978706 -87.97059 0.040761601 0.99787014 -0.050928223 -9.3011341 0.89919838 -0.014412354 0.43730382 104.06914
0.43448832 -0.063511814 -0.89843535 -89.030246 0.038926816 0.99790277 -0.0517181 -9.3835397 0.89983591 -0.012502317 0.43604942 104.52901
0.43853152 -0.062833836 -0.89651656 -90.043425 0.036271382 0.99797759 -0.052202735 -9.4642917 0.89798361 -0.0096253501 0.4399237 104.97754
0.44285101 -0.063647486 -0.89433322 -91.073959 0.035865701 0.99793634 -0.053260884 -9.5487512 0.89587761 -0.0084892529 0.44421988 105.46595
0.449154 -0.06418569 -0.89114578 -92.043858 0.034226007 0.99792014 -0.054625681 -9.6302441 0.89279859 -0.0059650194 0.45041665 105.95675
0.45422901 -0.063588241 -0.88861267 -93.067661 0.032212699 0.99796949 -0.054947655 -9.7154929 0.89030243 -0.0036657944 0.45535505 106.48879
0.46068007 -0.062905269 -0.88533425 -94.070773 0.031874864 0.99801439 -0.054325527 -9.7965932 0.88699376 -0.0031932217 0.46177044 107.01386
0.46898565 -0.062457596 -0.88099458 -95.054246 0.032211713 0.99804237 -0.053608158 -9.8778657 0.88261823 -0.0032368888 0.47007942 107.51035
0.47796949 -0.061156009 -0.87624485 -96.011318 0.030134853 0.99812775 -0.053224815 -9.9579201 0.8778594 -0.00096567276 0.47891754 108.05608
0.48495998 -0.061892544 -0.87234344 -96.98867 0.030943893 0.99808232 -0.053611116 -10.038267 0.87398877 -0.00099445715 0.48594518 108.59394
0.49616585 -0.062439703 -0.8659796 -97.973462 0.030827172 0.99804871 -0.054299749 -10.116196 0.86768036 0.00024597802 0.49712252 109.12469
0.50689447 -0.064248675 -0.8596104 -98.907793 0.029902263 0.9979289 -0.056954079 -10.198931 0.86148935 0.0031654115 0.50776583 109.65788
0.51738846 -0.063766385 -0.85337153 -99.814888 0.025762776 0.99792853 -0.058948454 -10.280246 0.8553628 0.0085140302 0.51795951 110.23343
0.53065596 -0.061191875 -0.8453755 -100.76117 0.022724725 0.99805912 -0.057979085 -10.359325 0.84728265 0.011556021 0.5310166 110.80928
0.54291842 -0.059904196 -0.83764612 -101.66036 0.022994701 0.99813902 -0.05647787 -10.444931 0.8394706 0.011401454 0.54328554 111.36488
0.55578986 -0.058336227 -0.82927345 -102.5658 0.023309668 0.99823621 -0.054599671 -10.520136 0.830996 0.011015854 0.55616936 111.96287
0.56723866 -0.056503863 -0.82161278 -103.46346 0.021234958 0.99831536 -0.053995491 -10.599397 0.82327968 0.013181417 0.56748293 112.54817
0.57827756 -0.057347895 -0.81382199 -104.29556 0.022504399 0.99826808 -0.054354373 -10.672112 0.81552969 0.013117339 0.57856661 113.17204
0.59097998 -0.057292875 -0.80464908 -105.17912 0.020865512 0.99822664 -0.055751229 -10.748459 0.80641636 0.016158444 0.59112741 113.78151
0.60139551 -0.060061918 -0.79669063 -105.96364 0.024554015 0.9980887 -0.056710153 -10.826191 0.7985741 0.014543277 0.60172083 114.39188
0.61217969 -0.05858483 -0.78854536 -106.83006 0.023069422 0.99815029 -0.056247662 -10.911636 0.79038211 0.01624239 0.61239886 115.03933
0.62309909 -0.056829284 -0.78007558 -107.64211 0.022754618 0.99825184 -0.054547991 -10.987553 0.78181187 0.016238482 0.62330295 115.7026
0.63171419 -0.055097549 -0.77324083 -108.40611 0.024332375 0.99838879 -0.051261738 -11.056555 0.77481944 0.013567981 0.63203702 116.32751
0.64173559 -0.054371121 -0.76499618 -109.19053 0.024569609 0.99842931 -0.050351269 -11.132573 0.76653233 0.013516544 0.6420635 116.94804
0.65207238 -0.052341978 -0.75634772 -109.95008 0.020699769 0.99847122 -0.051251838 -11.204247 0.75787412 0.017763684 0.65215897 117.61764
0.66252063 -0.051725643 -0.74725553 -110.70369 0.018736915 0.99844508 -0.052500944 -11.276136 0.74880932 0.020781695 0.66245964 118.28223
0.67159451 -0.050879935 -0.73916981 -111.40497 0.01812562 0.99846901 -0.052259942 -11.346631 0.74069719 0.021699578 0.67148853 118.90969
0.67948347 -0.049730653 -0.73200344 -112.1471 0.018770654 0.99855192 -0.050415461 -11.420199 0.7334507 0.020516288 0.679433 119.58197
0.68839581 -0.048684218 -0.72369953 -112.82425 0.019801833 0.99863446 -0.048343598 -11.482106 0.72506492 0.018948953 0.68841982 120.26026
0.69631711 -0.047822109 -0.71613929 -113.53198 0.01993282 0.99868142 -0.047308518 -11.552695 0.71745746 0.018667054 0.6963522 120.89881
0.70434378 -0.047012492 -0.70830052 -114.21782 0.018725471 0.99868781 -0.047665691 -11.614619 0.70961204 0.020309771 0.70429988 121.57984
0.7120062 -0.045758924 -0.70068056 -114.86092 0.018127354 0.99873961 -0.046803727 -11.679911 0.70193917 0.020623059 0.71193829 122.22566
0.71881887 -0.043667012 -0.69382461 -115.51428 0.017749086 0.99885277 -0.044475992 -11.744141 0.69497082 0.019655429 0.71876927 122.90924
0.72644788 -0.040893784 -0.68600374 -116.17873 0.016945244 0.99899034 -0.041607148 -11.804695 0.68701264 0.018600924 0.72640738 123.595
0.73292402 -0.039639333 -0.67915467 -116.79561 0.016553025 0.99904459 -0.040446387 -11.861546 0.68010912 0.018402064 0.73287993 124.27063
0.74029777 -0.038049786 -0.67120146 -117.41156 0.015064658 0.99908524 -0.040021737 -11.917067 0.67211034 0.019516582 0.74019378 124.93549
0.74807133 -0.034583761 -0.66271654 -117.99811 0.011731049 0.99917425 -0.038899803 -11.966066 0.66351466 0.021325467 0.74785932 125.59838
0.75835858 -0.032469543 -0.65102838 -118.57139 0.0119369 0.99928289 -0.035933623 -12.021537 0.65172832 0.019479311 0.75820234 126.26157
0.76682007 -0.029083763 -0.64120283 -119.16561 0.010114977 0.99939641 -0.033234165 -12.067482 0.64178244 0.018998873 0.76665141 126.94694
0.77677259 -0.026532215 -0.62922202 -119.69392 0.0082776931 0.99945599 -0.031924974 -12.122334 0.62972681 0.019589938 0.77656965 127.59341
0.78613104 -0.026489567 -0.61749191 -120.24494 0.0080184378 0.99943416 -0.032666073 -12.167588 0.61800787 0.020728493 0.78589862 128.28816
0.7957472 -0.027231748 -0.60501636 -120.74326 0.0080300519 0.99937519 -0.034420296 -12.212119 0.60557571 0.022531542 0.79546868 128.96359
0.80553515 -0.026103134 -0.59197274 -121.25702 0.0073615117 0.99939298 -0.034051117 -12.256644 0.59250229 0.023071557 0.80523833 129.63267
0.81527561 -0.024417336 -0.57855808 -121.74189 0.0068806141 0.99944855 -0.03248468 -12.298575 0.57903227 0.022503133 0.81499403 130.33425
0.82436684 -0.022569946 -0.56560577 -122.20458 0.0068032922 0.99952766 -0.02996942 -12.339639 0.56601507 0.020857815 0.82413101 131.03323
0.83342422 -0.021399828 -0.55221925 -122.66714 0.0073092206 0.99958941 -0.027705229 -12.379791 0.55258545 0.019053916 0.83323844 131.74734
0.84246041 -0.020172452 -0.53838044 -123.13077 0.0079795412 0.99965637 -0.024969468 -12.416127 0.53869918 0.016739759 0.84233188 132.43015
0.8507067 -0.019565395 -0.52527638 -123.58019 0.0090748854 0.99970476 -0.022539664 -12.456098 0.52556234 0.01440782 0.8506331 133.16076
0.85742879 -0.01979934 -0.51422159 -123.99913 0.010378924 0.99972166 -0.021186666 -12.486816 0.51449799 0.012828991 0.85739563 133.8772
0.86361307 -0.019999681 -0.50375834 -124.44278 0.010804908 0.99971758 -0.021166446 -12.521946 0.50403943 0.012836556 0.86358526 134.58391
0.87053362 -0.018942287 -0.49174423 -124.84211 0.010043503 0.99973465 -0.020730399 -12.550873 0.49200647 0.013107675 0.87049288 135.32395
0.8761055 -0.017225008 -0.48181161 -125.24917 0.0086076679 0.99976112 -0.020090152 -12.586124 0.48204261 0.013453818 0.87604448 136.07688
0.88238231 -0.016263201 -0.470252 -125.64778 0.007958262 0.99977538 -0.019643338 -12.60945 0.47046587 0.013590545 0.88231354 136.80795
0.8881687 -0.017142641 -0.45919764 -126.04063 0.0090259337 0.99976193 -0.019865103 -12.63858 0.4594289 0.013498875 0.88811198 137.56926
0.89225299 -0.017842223 -0.45118316 -126.42073 0.0095027648 0.99973969 -0.020742592 -12.676566 0.45143585 0.014220152 0.89219027 138.33822
0.8969105 -0.018773363 -0.44181342 -126.81462 0.010439138 0.99971889 -0.021287522 -12.707923 0.44208889 0.014480851 0.89685435 139.10191
0.900118 -0.017646927 -0.43528858 -127.19173 0.0096180652 0.99974068 -0.020641382 -12.739626 0.43554 0.014393045 0.90005431 139.88933
0.90320449 -0.016077493 -0.42890926 -127.57829 0.0094732101 0.99980149 -0.017528315 -12.770204 0.42910596 0.011768505 0.9031775 140.69938
0.90664701 -0.012831777 -0.42169483 -127.96503 0.0079251114 0.99987899 -0.01338633 -12.792042 0.42181561 0.008794697 0.90663899 141.4989
0.90991381 -0.0098655421 -0.41468002 -128.34868 0.0060114909 0.99992577 -0.010598224 -12.812759 0.41475383 0.0071506246 0.90990557 142.30371
0.91325239 -0.0073185468 -0.4073285 -128.70811 0.0043052781 0.99995617 -0.0083137341 -12.835603 0.40737152 0.0058388748 0.91324387 143.14915
0.91598693 -0.0051406494 -0.40117515 -129.08683 0.0029242985 0.99997689 -0.0061367499 -12.85602 0.40119746 0.0044480265 0.9159808 143.97369
0.91900257 -0.0042094017 -0.39422904 -129.46432 0.003171694 0.99998958 -0.0032837843 -12.870761 0.39423879 0.0017674321 0.91900635 144.84778
0.92208866 -0.0040415313 -0.38695757 -129.85264 0.0039136867 0.99999172 -0.0011182931 -12.890568 0.38695891 -0.00048326563 0.92209684 145.73985
0.92554596 -0.0043642397 -0.37861011 -130.21389 0.004575211 0.99998948 -0.00034237348 -12.905224 0.37860765 -0.0014153391 0.92555619 146.63115
0.92884509 -0.0050033109 -0.37043454 -130.58431 0.0051468652 0.99998657 -0.00060092569 -12.909109 0.37043261 -0.0013484101 0.92885837 147.54423
0.93228877 -0.0076834884 -0.36163325 -130.96292 0.0079328078 0.99996822 -0.00079521779 -12.93841 0.3616279 -0.0021273948 0.93232009 148.44514
0.93632842 -0.0092111568 -0.3510046 -131.28156 0.0091364629 0.99995651 -0.0018689982 -12.944042 0.35100658 -0.0014569447 0.93637186 149.37826
0.94034952 -0.010048692 -0.34006147 -131.63955 0.0092138203 0.99994927 -0.0040697683 -12.968589 0.34008514 0.0006937391 0.9403944 150.34133
0.94537662 -0.0085732964 -0.32586735 -131.96219 0.0074043393 0.99996094 -0.0048273404 -12.979828 0.32589604 0.0021508221 0.94540317 151.3089
0.95069972 -0.0048179788 -0.31007551 -132.29554 0.0038558187 0.99998566 -0.0037158182 -12.998994 0.31008899 0.0023370321 0.95070467 152.29475
0.95662605 -0.001538403 -0.29131467 -132.6025 0.0013562896 0.99999874 -0.00082707557 -13.006818 0.2913156 0.00039609475 0.95662693 153.30197
0.96239816 0.0015235167 -0.27163847 -132.90905 -0.0012900052 0.99999863 0.0010382038 -13.022043 0.27163971 -0.00064875062 0.9623988 154.31964
0.96841485 0.0035278738 -0.24931952 -133.18478 -0.0030681008 0.9999928 0.002232694 -13.044861 0.24932562 -0.0013972368 0.9684187 155.34069
0.9734555 0.0048399452 -0.22882518 -133.4536 -0.0041698967 0.99998549 0.0034116278 -13.047872 0.22883839 -0.0023668908 0.97346155 156.40837
0.97849502 0.0054280064 -0.20619899 -133.66412 -0.0042507233 0.99997204 0.0061520343 -13.06612 0.20622664 -0.0051432404 0.97849074 157.47214
0.98303378 0.0074824238 -0.18327192 -133.89842 -0.0058161363 0.99993674 0.0096277289 -13.068958 0.18333238 -0.0083984486 0.98301511 158.5728
0.98684424 0.0090401595 -0.16142097 -134.06952 -0.0068857322 0.99987967 0.013901087 -13.078072 0.16152722 -0.012606706 0.98678773 159.67302
0.99045775 0.010705393 -0.1374003 -134.24708 -0.0083935892 0.99981349 0.017393716 -13.068638 0.13756089 -0.016074459 0.99036287 160.81035
0.99318083 0.012308049 -0.11593252 -134.38531 -0.0103592 0.99979498 0.017397771 -13.072802 0.11612289 -0.016078165 0.99310471 161.92583
0.99551885 0.01215556 -0.093778776 -134.50456 -0.010757056 0.99982349 0.015403948 -13.068667 0.093949475 -0.014326137 0.99547389 163.07436
0.99730151 0.012333188 -0.072371167 -134.60417 -0.01130754 0.99982999 0.014564719 -13.063205 0.072538499 -0.013707077 0.99727142 164.23972
0.9985415 0.011047188 -0.052847345 -134.6634 -0.01019551 0.99981421 0.016358369 -13.066316 0.053018245 -0.015795705 0.99846861 165.4126
0.99940482 0.011291862 -0.032595926 -134.7165 -0.010697057 0.99977413 0.018364929 -13.059103 0.03279594 -0.018005319 0.99929987 166.61458
0.99986407 0.011642987 -0.011673622 -134.73856 -0.011416643 0.99974909 0.019272143 -13.060415 0.011895079 -0.01913625 0.99974612 167.83467
0.99987998 0.013132294 0.0082200359 -134.73107 -0.013294155 0.99971247 0.019956193 -13.050699 -0.0079556025 -0.020063076 0.99976706 169.04648
0.99943974 0.013459619 0.030643691 -134.71478 -0.014091201 0.99969078 0.02048866 -13.046005 -0.030358448 -0.020908988 0.99932036 170.29119
0.99864028 0.015231803 0.049855532 -134.66242 -0.016249745 0.99966638 0.020076553 -13.034675 -0.049533102 -0.020859395 0.99855463 171.50753
0.99747497 0.016667992 0.069035216 -134.58738 -0.018013787 0.99965875 0.018917832 -13.024727 -0.068696341 -0.02011365 0.99743484 172.73067
0.9957742 0.016873406 0.090271925 -134.49531 -0.01849264 0.99968222 0.017131007 -13.02228 -0.089954188 -0.018727981 0.99576981 174.03822
0.99400794 0.018629607 0.10770863 -134.36516 -0.020303081 0.99968928 0.014461273 -13.018666 -0.10740576 -0.016561438 0.99407732 175.30618
0.99172053 0.019224704 0.12696772 -134.22169 -0.02098655 0.99970095 0.012553082 -13.019076 -0.12668843 -0.015113764 0.99182741 176.57424
0.98886292 0.018885518 0.14762611 -134.05512 -0.020585465 0.99973813 0.0099957225 -13.023097 -0.14739869 -0.012923352 0.98899273 177.88122
0.98611359 0.020250551 0.16483294 -133.82787 -0.021273323 0.99976383 0.0044417261 -13.026723 -0.16470408 -0.0078865908 0.9863115 179.14691
0.98277685 0.022067794 0.1834739 -133.60489 -0.022144019 0.99975346 -0.0016336145 -13.052482 -0.18346473 -0.0024573709 0.98302322 180.48081
0.9793995 0.024537611 0.20043581 -133.36116 -0.023662146 0.99969714 -0.006762699 -13.066254 -0.20054106 0.0018806429 0.97968349 181.76937
0.97594482 0.026489675 0.2164024 -133.10043 -0.024685778 0.99963435 -0.011035152 -13.10139 -0.21661561 0.0054276387 0.97624189 183.06179
0.97135401 0.028787792 0.23588695 -132.78637 -0.026231331 0.99955829 -0.013969273 -13.131666 -0.23618492 0.0073814807 0.97168009 184.41351
0.96741311 0.028363769 0.25160955 -132.46377 -0.025710633 0.9995738 -0.013826498 -13.169347 -0.25189451 0.0069068945 0.96773005 185.73038
0.96298768 0.027133364 0.26817625 -132.10772 -0.024152378 0.99960444 -0.014409144 -13.207158 -0.26846116 0.0073987343 0.9632621 187.05608
0.95791871 0.026804934 0.28578531 -131.72781 -0.022345253 0.99957249 -0.018855205 -13.262786 -0.28616857 0.011675809 0.95810815 188.39896
0.95312619 0.028340713 0.30124287 -131.33104 -0.02246292 0.99948403 -0.022958532 -13.308612 -0.30173812 0.015115584 0.95327102 189.71611
0.94782074 0.030554136 0.31733624 -130.90862 -0.024298022 0.99942487 -0.02365439 -13.35002 -0.31787649 0.014709479 0.94801802 191.07184
0.94146532 0.032262849 0.33556244 -130.444 -0.025803299 0.99938625 -0.023691976 -13.405536 -0.33612089 0.013646556 0.94171998 192.37681
0.9353273 0.036321007 0.35191421 -129.9692 -0.02863324 0.99922452 -0.027027584 -13.450567 -0.35262301 0.015203194 0.93564197 193.71358
0.92810423 0.037429307 0.3704343 -129.44046 -0.028051348 0.99913577 -0.030673149 -13.521485 -0.37126227 0.018076698 0.92835207 195.03979
0.92186982 0.038039958 0.38562803 -128.92152 -0.027211062 0.99906814 -0.033502375 -13.573994 -0.38654314 0.020391481 0.92204588 196.37878
0.9142314 0.038267101 0.40338142 -128.3421 -0.025021607 0.99896222 -0.038057901 -13.65415 -0.4044192 0.024700477 0.91424013 197.70063
0.90539995 0.041899174 0.42248713 -127.75624 -0.025824404 0.99871076 -0.043702497 -13.739948 -0.42377358 0.028657761 0.9053147 199.02326
0.8957906 0.04506863 0.44218548 -127.14836 -0.026839192 0.99851536 -0.047399621 -13.817299 -0.44366527 0.030592235 0.89567028 200.32847
0.88334832 0.04839447 0.46621209 -126.49917 -0.029027289 0.9983946 -0.048637889 -13.904095 -0.46781747 0.029431326 0.88333495 201.64647
0.87044942 0.052589952 0.48944059 -125.78833 -0.031502383 0.99818996 -0.05122896 -14.002251 -0.49124885 0.029173674 0.87053058 202.95269
0.85572809 0.056881836 0.51428967 -125.06157 -0.033931607 0.99796862 -0.053919144 -14.102041 -0.51631202 0.028689452 0.85591988 204.20175
0.83969223 0.060730106 0.53965618 -124.27926 -0.035177016 0.99772304 -0.057543973 -14.208473 -0.54192211 0.029335733 0.83991658 205.49456
0.82459173 0.062323345 0.56228485 -123.47292 -0.034989593 0.99762892 -0.059264346 -14.313442 -0.56464523 0.029194772 0.82481723 206.73582
0.80872858 0.063952376 0.58469492 -122.61703 -0.034246491 0.99750481 -0.061735935 -14.425352 -0.58718421 0.029903867 0.80890079 207.96847
0.79211833 0.065729229 0.60681809 -121.72416 -0.032099015 0.99729498 -0.066123956 -14.549026 -0.60952296 0.032899736 0.79208547 209.191
0.77557498 0.068397933 0.62753896 -120.82346 -0.030476933 0.99701049 -0.071001665 -14.67236 -0.63051934 0.035941653 0.77534095 210.34669
0.75825561 0.069992657 0.64818935 -119.85705 -0.028306026 0.99681729 -0.074525583 -14.801364 -0.65134265 0.038161778 0.75782351 211.5183
0.74280654 0.071335209 0.6656949 -118.89038 -0.026555742 0.99666425 -0.077169698 -14.938788 -0.66897928 0.039644135 0.74222308 212.62217
0.72670926 0.072816762 0.68307491 -117.84092 -0.025359127 0.99653195 -0.07925268 -15.087457 -0.68647696 0.040271474 0.72603556 213.74692
0.71009259 0.073435191 0.70026834 -116.79939 -0.023454493 0.99646142 -0.080712592 -15.227256 -0.70371759 0.040888976 0.70930225 214.85412
0.69551551 0.073994357 0.71469082 -115.748 -0.020558062 0.99632527 -0.083146438 -15.371761 -0.71821695 0.04313698 0.69448085 215.91858
0.68032241 0.075325723 0.72903183 -114.65701 -0.017865077 0.99611334 -0.086249931 -15.517758 -0.73269523 0.045653553 0.67902393 216.95261
0.66533227 0.077560137 0.74250747 -113.52717 -0.015242236 0.99579256 -0.090359569 -15.679942 -0.74639178 0.048801665 0.66371512 217.98526
0.6505205 0.079835537 0.75528095 -112.38877 -0.014139471 0.99556051 -0.09305556 -15.835765 -0.7593571 0.049855278 0.64876136 219.00206
0.63365871 0.080545848 0.76940818 -111.21944 -0.012788043 0.99551979 -0.093684641 -16.00804 -0.77350705 0.049524866 0.63184981 219.99693
0.61823045 0.081922682 0.78171589 -110.04376 -0.012972705 0.9954815 -0.094065367 -16.170901 -0.78588986 0.048013107 0.61649974 220.9422
0.59953587 0.083096019 0.79602245 -108.84419 -0.015591218 0.99561946 -0.092189005 -16.345278 -0.80019605 0.042859657 0.59820514 221.89875
0.58210686 0.083641 0.80879894 -107.63891 -0.018192274 0.99578601 -0.089884748 -16.503006 -0.81290879 0.037608638 0.58117549 222.80219
0.56427393 0.085345467 0.82116444 -106.44213 -0.020142713 0.99576952 -0.089651235 -16.672234 -0.82534191 0.034047376 0.56360586 223.67484
0.54549422 0.089005971 0.83337502 -105.20073 -0.022001351 0.99552308 -0.091922467 -16.847381 -0.83782579 0.0318078 0.54501034 224.49976
0.52764046 0.092573182 0.84440849 -103.97544 -0.024530243 0.9952901 -0.093786388 -17.017472 -0.84911358 0.028771948 0.52742616 225.29691
0.50770047 0.092184756 0.8565875 -102.71383 -0.023434434 0.99536872 -0.093230578 -17.182712 -0.86121491 0.027259566 0.50750946 226.0741
0.48698142 0.091294544 0.86862785 -101.44724 -0.024239811 0.99555174 -0.091044862 -17.356705 -0.87307594 0.023281783 0.48702817 226.82805
0.46763197 0.089809014 0.87934897 -100.20515 -0.024851522 0.99576761 -0.08848312 -17.515333 -0.88357389 0.019524376 0.46788466 227.51439
0.44319161 0.087789669 0.89211776 -98.930011 -0.024134796 0.99600082 -0.086022547 -17.672948 -0.89610199 0.016593392 0.44353799 228.18081
0.42174956 0.086809659 0.90254713 -97.675411 -0.023617498 0.9961203 -0.084773626 -17.824148 -0.90640476 0.014437336 0.42216352 228.79592
