1.000000000000000000e+00 4.398956837314658088e-19 2.733407509747682871e-20 -8.673617379884035472e-19 -5.583667658079949532e-19 1.000000000000000000e+00 -6.100159232558060012e-19 0.000000000000000000e+00 4.145284534913582806e-20 -2.210423569125054137e-19 1.000000000000000222e+00 0.000000000000000000e+00
9.999404735489314522e-01 -7.357846393498760620e-04 1.088613771253109722e-02 7.940891485343815059e-02 7.337973568501234608e-04 9.999997133704225938e-01 1.865452190447161325e-04 -7.949496478106984898e-03 -1.088627203760102538e-02 -1.785458866358547749e-04 9.999407268379909564e-01 2.869738530056677450e-01
9.998545492258891221e-01 -1.980580517225764402e-03 1.693982631448089429e-02 1.029006370782030999e-01 1.970531782279576812e-03 9.999978725252602896e-01 6.098735142734430922e-04 -8.343178927212979712e-03 -1.694099847161866651e-02 -5.764043297772935594e-04 9.998563248337843934e-01 5.350113615217020335e-01
9.997916332966602093e-01 -5.579095320838088796e-03 1.963577643950662616e-02 8.717276613014560138e-02 5.609945227912769249e-03 9.999831144175405084e-01 -1.516372149765791121e-03 -1.178911040141170097e-02 -1.962698523396278621e-02 1.626211855674731177e-03 9.998060496238660999e-01 9.203446793090561684e-01
9.998295664180006925e-01 -6.236380272638725533e-03 1.737658504719507072e-02 8.708397212197460657e-02 6.272258149625741658e-03 9.999783071110006638e-01 -2.010988364791255808e-03 -1.396838450372957230e-02 -1.736366711263714196e-02 2.119636091954991194e-03 9.998469933883601390e-01 1.171447864773646597e+00
9.998923723982199308e-01 -1.004394543116675885e-02 1.069405493056055367e-02 9.265826999916929041e-02 1.008362916073853206e-02 9.999424483591343726e-01 -3.663383033736239153e-03 -1.433023912146083600e-02 -1.065664483778362530e-02 3.770823688319779616e-03 9.999361063567646646e-01 1.521903091616726655e+00
9.999414321128698990e-01 -1.074299451909335387e-02 -1.311651589360550863e-03 6.720430761234554018e-02 1.073627998786000175e-02 9.999297473821071591e-01 -5.023203579138525721e-03 -2.270402931143013225e-02 1.365523711092433848e-03 5.008827174316892068e-03 9.999865234074138964e-01 1.834963955330243479e+00
9.997989713207463547e-01 -1.051219818460113684e-02 -1.707368222731328253e-02 2.808891082180768259e-02 1.042252579892432099e-02 9.999314647715844551e-01 -5.332607064492526396e-03 -3.549895043965602126e-02 1.712856979384127371e-02 5.153584202948498401e-03 9.998400135495711938e-01 2.153701049818094404e+00
9.993311428572767552e-01 -6.264932133433452621e-03 -3.602800964689129720e-02 1.019820616108735659e-02 6.072654044210709125e-03 9.999667430600941431e-01 -5.443862281161194853e-03 -4.025640426357467161e-02 3.606091751347762636e-02 5.221435495592560011e-03 9.993359529764643812e-01 2.508244028157902150e+00
9.984323887033723643e-01 -3.318619534137769687e-03 -5.587263933337258820e-02 -4.796204135837577043e-02 2.962518527653457308e-03 9.999747775028846597e-01 -6.455062940630502434e-03 -4.859139737914311419e-02 5.589265294612437429e-02 6.279420190322871145e-03 9.984170372943202976e-01 2.859934395348931346e+00
9.971537035816548933e-01 -2.921655641277988175e-03 -7.533893524070346681e-02 -9.762801844899032799e-02 2.441295853351724363e-03 9.999761068377717166e-01 -6.467288814863559297e-03 -5.053872691502291070e-02 7.535603164538298704e-02 6.264956353881828699e-03 9.971370111567210426e-01 3.214514617216078562e+00
9.953168936847520687e-01 -3.159759574064773847e-03 -9.661416445937177910e-02 -1.336736548372414457e-01 2.572130213823463872e-03 9.999774335620865706e-01 -6.206167011083506789e-03 -6.100573406210725580e-02 9.663159588540226608e-02 5.928598627462665360e-03 9.953025603753455908e-01 3.599936079531377064e+00
9.932549563809875970e-01 -4.056548846635956752e-03 -1.158798327973505765e-01 -1.943461293400793322e-01 3.447704256466323225e-03 9.999791830848659968e-01 -5.454055999781543332e-03 -7.451917384136368117e-02 1.158995471837867830e-01 5.017748703827162177e-03 9.932482658192206548e-01 3.985532113198945847e+00
9.911116462836846441e-01 -3.825453745192384722e-03 -1.329777049734930106e-01 -2.776400877534725420e-01 3.193273176414527896e-03 9.999825659314212078e-01 -4.966974391069281861e-03 -8.305288289688712855e-02 1.329943898608083319e-01 4.498191949338814499e-03 9.911065830798617693e-01 4.374589613110771325e+00
9.887631440488560131e-01 -2.964215718667761231e-03 -1.494612250944461762e-01 -3.673450610527531079e-01 2.318101530015776422e-03 9.999872016948151421e-01 -4.496982140214588267e-03 -8.520773207446892539e-02 1.494726448537727903e-01 4.099983807767747408e-03 9.887573611183665401e-01 4.806436508591826140e+00
9.866507570847455888e-01 -2.658335915475795383e-03 -1.628287938734520046e-01 -4.573408479150269379e-01 1.948715887648386387e-03 9.999878966457972362e-01 -4.517639370216929538e-03 -9.321798856593033200e-02 1.628388353177862291e-01 4.140025137928426795e-03 9.866439958703466795e-01 5.210930258919473701e+00
9.845493851135815877e-01 -2.680567062412870464e-03 -1.750866130363792905e-01 -5.214824747077700939e-01 1.771104756722968266e-03 9.999841180456898737e-01 -5.350405771715895098e-03 -9.365798738387033640e-02 1.750981774676741987e-01 4.957641866528089344e-03 9.845384963551025992e-01 5.656036915353943151e+00
9.827550167134269099e-01 -6.027113424790257398e-03 -1.848140963030638351e-01 -6.362758683275422378e-01 4.783285684591371406e-03 9.999628171312472391e-01 -7.175271794358709446e-03 -1.120041697274567899e-01 1.848504737571967094e-01 6.167515622727950085e-03 9.827473047261431338e-01 6.100217996350600025e+00
9.812207118026369246e-01 -5.587817567995538755e-03 -1.928073912604733320e-01 -7.276624666132708308e-01 4.012599038888741559e-03 9.999553165453215486e-01 -8.559436633584755968e-03 -1.185380758157680570e-01 1.928466078630117764e-01 7.625037650920893882e-03 9.811992894119171416e-01 6.541248851646855655e+00
9.796433728774436300e-01 -5.354744751945942835e-03 -2.006743324938488615e-01 -8.429118009821181534e-01 3.267256509267685814e-03 9.999370713020757639e-01 -1.073212308546464717e-02 -1.159536120500783418e-01 2.007191755657940224e-01 9.857998649286032686e-03 9.795992207998751589e-01 7.025049921480375659e+00
9.780772945230868931e-01 -6.288705664957035084e-03 -2.081472005436987849e-01 -9.409181682518303891e-01 3.640305365501700016e-03 9.999075084271406011e-01 -1.310430319999343445e-02 -1.316110259239897107e-01 2.082103613818252763e-01 1.205930197441582898e-02 9.780097237144090849e-01 7.489648497330245291e+00
9.762628773436019536e-01 -9.682621251583737113e-03 -2.163724568319835839e-01 -1.046840788306025782e+00 6.614393252821082307e-03 9.998671111759283026e-01 -1.489999260652001035e-02 -1.361344863445173858e-01 2.164879780726794989e-01 1.311513706539785100e-02 9.761971878835067340e-01 8.002003521699634803e+00
9.744795922388939102e-01 -1.492117341393129487e-02 -2.239796458232851395e-01 -1.163720754769555166e+00 1.155722436090039253e-02 9.997999831228113754e-01 -1.632250878760544560e-02 -1.611251971389681403e-01 2.241784009686517698e-01 1.331736861672825657e-02 9.744571275343969496e-01 8.545506926242705248e+00
9.725018664490494569e-01 -1.583904833400805873e-02 -2.323558544012554739e-01 -1.312099061492195240e+00 1.185247610946303654e-02 9.997578020571483703e-01 -1.854335502492132290e-02 -1.766205309092436504e-01 2.325932914022330877e-01 1.527945509799808269e-02 9.724540607624553301e-01 9.031643851097642894e+00
9.703532121814336664e-01 -1.233488036986003268e-02 -2.413762478331235584e-01 -1.442150215983661665e+00 7.213131154738829619e-03 9.997299407805813054e-01 -2.209108944386701037e-02 -1.843929181561877462e-01 2.415835570629903395e-01 1.969508103844471239e-02 9.701801327949891585e-01 9.556028683515783939e+00
9.683405078675055844e-01 -9.263482905264510889e-03 -2.494611138154274876e-01 -1.601228370817745050e+00 3.130284287075916962e-03 9.996832676376677940e-01 -2.497129790896547574e-02 -1.893129965816130467e-01 2.496134268993590866e-01 2.339983508840673757e-02 9.680628007712227534e-01 1.008438140584091158e+01
9.659185540011382409e-01 -1.199882310060861740e-02 -2.585679287765892398e-01 -1.760872192036993633e+00 5.108883206941090827e-03 9.996141748796151250e-01 -2.730202705994394866e-02 -2.203523654723631431e-01 2.587957634254887673e-01 2.505054115264901404e-02 9.656071793023573990e-01 1.065661607842801750e+01
9.635224844541318001e-01 -1.410666333730792484e-02 -2.672553506016814850e-01 -1.909714697179907494e+00 6.699212490898580862e-03 9.995682486138347533e-01 -2.860833621992428868e-02 -2.539587137135393968e-01 2.675435355104185398e-01 2.577437481078572942e-02 9.632009861908868986e-01 1.121735857469452746e+01
9.614686340514048135e-01 -1.344736717110196940e-02 -2.745855648007251015e-01 -2.097486686335238382e+00 4.917138469672490721e-03 9.994843631236329795e-01 -3.173057845232091917e-02 -2.746209214345601834e-01 2.748706758293949504e-01 2.915778070546330009e-02 9.610389883140428857e-01 1.179667165297649944e+01
9.591529209161364644e-01 -1.289842810209446827e-02 -2.825938837057907493e-01 -2.283758369480227923e+00 2.995478739566810340e-03 9.993670637471537832e-01 -3.544712957072131132e-02 -2.951950129091864272e-01 2.828722369113040314e-01 3.315271395159903600e-02 9.585844756174413117e-01 1.239170917267514938e+01
9.568052719308977050e-01 -1.532376842156227964e-02 -2.903254241387508983e-01 -2.470645546447108210e+00 3.833281481457880956e-03 9.991881010184359146e-01 -4.010542011650373995e-02 -3.279760962106567090e-01 2.907042803918289398e-01 3.726017841729897112e-02 9.560871834226063459e-01 1.298373954822351806e+01
9.550383988387955991e-01 -1.651902939040555268e-02 -2.960215811779289830e-01 -2.678378837858462536e+00 2.768921439214046352e-03 9.989000269047872971e-01 -4.680885929118676347e-02 -3.591618191469371779e-01 2.964692074177138759e-01 4.388459767167841169e-02 9.540336225962852135e-01 1.358752262114514409e+01
9.536768387062204422e-01 -1.602995210869822759e-02 -3.004056024960522486e-01 -2.882914790388579007e+00 -4.738805307239867134e-04 9.984980464014008295e-01 -5.478527863092461092e-02 -3.956881225661448287e-01 3.008326177724157668e-01 5.238980791800468273e-02 9.522368644750932587e-01 1.419998363683630771e+01
9.524143811813299276e-01 -1.646064223898031573e-02 -3.043614492519766679e-01 -3.092612690714643175e+00 -2.993656875940464614e-03 9.979874199433098614e-01 -6.334151589360341450e-02 -4.402615065206527123e-01 3.047915447202693695e-01 6.123852470559989353e-02 9.504482938918455970e-01 1.482231968284252410e+01
9.511512759263741623e-01 -1.615533331701940120e-02 -3.083022112744708831e-01 -3.325600490707140811e+00 -6.394471852238883293e-03 9.973847348953258640e-01 -7.199167526712596521e-02 -4.960113553081165194e-01 3.086589740463533960e-01 7.044640397673315735e-02 9.485604587792291209e-01 1.545609990938808131e+01
9.498944914728463251e-01 -1.429948919631282567e-02 -3.122434588524732879e-01 -3.571079748213158656e+00 -1.102720579261527549e-02 9.967980831341213266e-01 -7.919584694963874294e-02 -5.489943967133212865e-01 3.123761467457322749e-01 7.867087209248525836e-02 9.466953252916620043e-01 1.611929300196933212e+01
9.481858459829114461e-01 -1.316145918219909124e-02 -3.174434994186470793e-01 -3.804852329394734500e+00 -1.479056516291228120e-02 9.962298355180886356e-01 -8.548306257582782841e-02 -6.100085609698658873e-01 3.173717724627095893e-01 8.574899927851033221e-02 9.444163643921797968e-01 1.678490343125528028e+01
9.466929208865375589e-01 -1.122886920667288263e-02 -3.219416466301193713e-01 -4.052286464885673567e+00 -1.918364521314444571e-02 9.956534899671145578e-01 -9.113789363478688732e-02 -6.838304056024840927e-01 3.215657049977144188e-01 9.245561362255193261e-02 9.423627003973569227e-01 1.744365266118096969e+01
9.449885465894343195e-01 -9.594499293889467706e-03 -3.269626739071628263e-01 -4.287512797631110928e+00 -2.342236088249623899e-02 9.950191123631303425e-01 -9.689354481878748038e-02 -7.525445163578026175e-01 3.262637601658249231e-01 9.922152845813009270e-02 9.400569394338217366e-01 1.812191790656798673e+01
9.430107810869391427e-01 -6.992116241390737737e-03 -3.326887054268151678e-01 -4.540101330592987594e+00 -2.784360467017257812e-02 9.946151631357929013e-01 -9.982690484074392689e-02 -8.297137376698322520e-01 3.315952379834323782e-01 1.034011009539182596e-01 9.377381365942064617e-01 1.882737589719934945e+01
9.414729273427102640e-01 -6.059226165541064385e-03 -3.370341384139313723e-01 -4.810394406234132170e+00 -2.990135803913409468e-02 9.943958721894357033e-01 -1.014039355906995038e-01 -9.080038109257115853e-01 3.357597911145738800e-01 1.055468391985654314e-01 9.360156140873056030e-01 1.951137060867154815e+01
9.391501077201710457e-01 -5.630711767411947406e-03 -3.434608678842088758e-01 -5.086568684187207978e+00 -3.087146587490314717e-02 9.944360479439393607e-01 -1.007169257927257450e-01 -9.935854268281045787e-01 3.421169818807661134e-01 1.051914528303201785e-01 9.337508936809046922e-01 2.022342274207951718e+01
9.368821508359735928e-01 -6.588716095588605277e-03 -3.495832114100987376e-01 -5.351572558841233729e+00 -3.000156471316970871e-02 9.946201133776699788e-01 -9.915006896851120965e-02 -1.085277507817461684e+00 3.483557709521981072e-01 1.033799738495895099e-01 9.316441597624192106e-01 2.095327439938511915e+01
9.346325667433216244e-01 -5.660239374134470001e-03 -3.555698584333550905e-01 -5.645452887620499460e+00 -3.099916378500769051e-02 9.947704226233121672e-01 -9.731833394022273986e-02 -1.163920699325068364e+00 3.542612294442839538e-01 1.019792531406440994e-01 9.295693712067806258e-01 2.166877624074222553e+01
9.315906100964604919e-01 -5.821132120424992590e-03 -3.634625797071517339e-01 -5.942112986568765187e+00 -3.058029813771368996e-02 9.950724167813175258e-01 -9.431718153520035619e-02 -1.247496104425501295e+00 3.622206265473832398e-01 9.897979532412781722e-02 9.268221083729237808e-01 2.237746721543710038e+01
9.279689673953634976e-01 -1.912397385357542026e-03 -3.726525666091519140e-01 -6.270644163211432698e+00 -3.366333232171812850e-02 9.954683088233842181e-01 -8.893607933040936775e-02 -1.326292784857672657e+00 3.711339077183261614e-01 9.507464943004957647e-02 9.236993214478168568e-01 2.317793297860845314e+01
9.243788439195481654e-01 2.169890014551810334e-04 -3.814756909875856028e-01 -6.576961123341511062e+00 -3.468318239467248210e-02 9.959059854450559301e-01 -8.347661376035542258e-02 -1.406059696077744947e+00 3.798958169371852711e-01 9.039480717884330885e-02 9.206019498636748288e-01 2.390572862532792087e+01
9.210870121503988983e-01 3.494854564128463056e-03 -3.893411086763723383e-01 -6.913638441823293235e+00 -3.736557192827087703e-02 9.961378006471456326e-01 -7.945625336851049048e-02 -1.479067593073060793e+00 3.875597142717193688e-01 8.773407666630467228e-02 9.176601782556514930e-01 2.463214649393439970e+01
9.171171592888276436e-01 4.125223289430942665e-03 -3.985964066567588837e-01 -7.252832441829662358e+00 -3.814404847738808724e-02 9.962660115773604996e-01 -7.745363638258155603e-02 -1.552628416197192163e+00 3.967885455286010998e-01 8.623814006545378608e-02 9.138500076922252413e-01 2.538475799567959257e+01
9.129415887429374044e-01 5.642063740023925932e-03 -4.080512458562022826e-01 -7.600490309594483129e+00 -4.048529451023354792e-02 9.962239172965546841e-01 -7.680395555522807893e-02 -1.635516861001683919e+00 4.060770847363857627e-01 8.663760049577265421e-02 9.097226669670306354e-01 2.617142548702100413e+01
9.095033234027338764e-01 4.908921123261972795e-03 -4.156676601351150802e-01 -7.978101083441533348e+00 -4.008300108941171419e-02 9.963065913837523269e-01 -7.593766550995754983e-02 -1.696526526792196510e+00 4.137596646858604510e-01 8.572676683786514817e-02 9.063409208476739254e-01 2.690565408739011843e+01
9.054042278143946687e-01 4.556041427702663474e-03 -4.245261158923367417e-01 -8.352323451932447185e+00 -3.982145893724689523e-02 9.964453950429752460e-01 -7.423493895151932198e-02 -1.774388490226708415e+00 4.226788830336498659e-01 8.411787725877042932e-02 9.023673022529252741e-01 2.772168184768112198e+01
9.016190819710347970e-01 6.364511497224186083e-03 -4.324841271336238857e-01 -8.741660715656607294e+00 -4.149093166657472076e-02 9.965533536430178918e-01 -7.183255525608218950e-02 -1.848963461370246364e+00 4.305363355403946657e-01 8.270977225903555774e-02 8.987755899481030264e-01 2.849524255600971046e+01
8.979827678076474085e-01 6.973342831460506777e-03 -4.399753598695279599e-01 -9.134610400149865583e+00 -4.093236558853335233e-02 9.968628171776503510e-01 -6.774263975525765535e-02 -1.917061260629799202e+00 4.381226915839917524e-01 7.884095575116081833e-02 8.954510677129976504e-01 2.925564908191193325e+01
8.942439316805269600e-01 6.971045879322937747e-03 -4.475256318143323031e-01 -9.544996165620158735e+00 -3.895844368623609805e-02 9.972960802998804830e-01 -6.231186042053394464e-02 -1.979780957306397360e+00 4.458811872514435448e-01 7.315690544396552530e-02 8.920975496083166645e-01 3.005486020420181248e+01
8.901042009107259512e-01 6.888184739262371258e-03 -4.557050145166851585e-01 -9.948580609223046878e+00 -3.729869220093005172e-02 9.976326914966572312e-01 -5.777387369626757474e-02 -2.048164295366963206e+00 4.542282708420739001e-01 6.842196896606222989e-02 8.882539705750907011e-01 3.086868021417227226e+01
8.863958910039176908e-01 7.131008581803205751e-03 -4.628730590892615182e-01 -1.040166336579008899e+01 -3.713109729957943250e-02 9.977549711052748904e-01 -5.573418442802196421e-02 -2.111913290982792013e+00 4.614364626725628860e-01 6.658953685180982185e-02 8.846706894260738530e-01 3.168970243057420788e+01
8.834827858319260763e-01 6.983753114170513851e-03 -4.684115604249926568e-01 -1.084885411531741539e+01 -3.696441625624825172e-02 9.978105573824271879e-01 -5.484271668212609835e-02 -2.176382989340793106e+00 4.670030002188156892e-01 6.576715619536523116e-02 8.818066019699848379e-01 3.250174345769261919e+01
8.804587639350173189e-01 7.306869182249334238e-03 -4.740664195908459999e-01 -1.128755636307803023e+01 -3.691173357424644419e-02 9.979028588876028838e-01 -5.317337882492158968e-02 -2.229964150167618175e+00 4.726837126092423569e-01 6.431558093202781323e-02 8.788820275243114377e-01 3.333135722848046356e+01
8.773739516326976018e-01 4.590039391909723175e-03 -4.797852394047990576e-01 -1.176760145848150074e+01 -3.356356162944903326e-02 9.980918302923201813e-01 -5.182842554288655951e-02 -2.297322094430352735e+00 4.786318414558095036e-01 6.157621210984693533e-02 8.758538319669141314e-01 3.416773295088307094e+01
8.744082329741393877e-01 5.237637693861024908e-03 -4.851626578570243931e-01 -1.223028695336638272e+01 -3.459002258993441881e-02 9.980703377095789808e-01 -5.156676627456202588e-02 -2.354339985199445096e+00 4.839563780503658985e-01 6.187219240376532620e-02 8.729020910552121038e-01 3.500299959645550985e+01
8.726111049532284669e-01 5.274483281859885207e-03 -4.883871769423887010e-01 -1.271094805123759741e+01 -3.505889462898458681e-02 9.980386900456472699e-01 -5.186180813297285724e-02 -2.407560662037606658e+00 4.871557624432936162e-01 6.237750440657024303e-02 8.710845623333604015e-01 3.584102643590392034e+01
8.708461142381358489e-01 4.001545104451697740e-03 -4.915394472088314703e-01 -1.321167975187558952e+01 -3.385084508825928623e-02 9.980811461553152908e-01 -5.184733393897438675e-02 -2.472648151542971462e+00 4.903887938346669917e-01 6.179007510150633098e-02 8.693105441846471493e-01 3.670642928448109643e+01
8.702059153895714827e-01 4.281349265307027481e-03 -4.926695952238986376e-01 -1.371551186640345321e+01 -3.397848607108128194e-02 9.981028885653948635e-01 -5.134283185484216083e-02 -2.535222355101611758e+00 4.915151379549589361e-01 6.141900309222242393e-02 8.687005122425791592e-01 3.760015664490072140e+01
8.705583971646502217e-01 3.449387758108775782e-03 -4.920530195529228545e-01 -1.423931536944932930e+01 -3.235733360867056041e-02 9.982123660664993237e-01 -5.025012688107990261e-02 -2.589999658178033570e+00 4.910000851475799233e-01 5.966719372699533230e-02 8.691137711019016887e-01 3.846172878383677585e+01
8.700570681868050604e-01 2.690653605432048994e-03 -4.929436617581655633e-01 -1.474557167156132742e+01 -3.118682230203075403e-02 9.982823091792404346e-01 -4.959650542085815988e-02 -2.651994874314817174e+00 4.919634983989678023e-01 5.852513657740313069e-02 8.686464927632857602e-01 3.937062828006549609e+01
8.697627872177797759e-01 1.086395066428881692e-03 -4.934688530152332442e-01 -1.525778189099693272e+01 -2.950079787810186774e-02 9.983234893873342841e-01 -4.979873003756422195e-02 -2.713814555367737302e+00 4.925874546229648820e-01 5.787080721834708674e-02 8.683366708768051057e-01 4.023400661461898409e+01
8.682165016825307280e-01 2.945477806638117902e-04 -4.961854638937078232e-01 -1.578599059980439456e+01 -2.900967484875548869e-02 9.983193937827046227e-01 -5.016798593108934279e-02 -2.774541896995347479e+00 4.953368031682642836e-01 5.795085230172519752e-02 8.667659170520074507e-01 4.118392244088468601e+01
8.670647144170320342e-01 -1.857760431738894602e-03 -4.981920561768943267e-01 -1.632972760915094312e+01 -2.584514889079832928e-02 9.984787777150111454e-01 -4.870481264647683051e-02 -2.835436251787297302e+00 4.975246857525344457e-01 5.510607239756878245e-02 8.656977028441881217e-01 4.207875427330100138e+01
8.651852225072290681e-01 -1.480367002407364466e-03 -5.014502311373754129e-01 -1.687064864573795120e+01 -2.467242724176139587e-02 9.986588294474514349e-01 -4.551718074844705864e-02 -2.898292967234638695e+00 5.008450916069967507e-01 5.175278652430224252e-02 8.639883380106678779e-01 4.302766066999781458e+01
8.620604594074604554e-01 -8.045370918500910351e-04 -5.068048065937948987e-01 -1.740604364167884555e+01 -2.313892448514590083e-02 9.988934625811793921e-01 -4.094436014766842519e-02 -2.959780695722244559e+00 5.062769580872176212e-01 4.702343204634366891e-02 8.610879418309027589e-01 4.393053253668625757e+01
8.581745350214314838e-01 -3.327561301522922663e-03 -5.133472407637946766e-01 -1.797268920148417237e+01 -1.949907354818136013e-02 9.990460900753012075e-01 -3.907295830117370194e-02 -3.019643102223608988e+00 5.129875802393695228e-01 4.354121336822207311e-02 8.572910301647412856e-01 4.480922361558820199e+01
8.532507908433654142e-01 -4.899040808494524273e-03 -5.214777866773308013e-01 -1.852080083890826501e+01 -1.911709659109512779e-02 9.989899467822976886e-01 -4.066476212373024146e-02 -3.085347149203557571e+00 5.211502936697112176e-01 4.466638160675434621e-02 8.522953074233268200e-01 4.572618601134074368e+01
8.473308653391801171e-01 -7.464059533429708709e-03 -5.310128877485320587e-01 -1.908544245149639451e+01 -1.871795137310618834e-02 9.988602021236913098e-01 -4.390825594259719494e-02 -3.139375632934447324e+00 5.307353833664195664e-01 4.714429387827927254e-02 8.462253682508656949e-01 4.661131615934959171e+01
8.412029889217107481e-01 -7.689154901063808764e-03 -5.406647784316538363e-01 -1.970142127643252650e+01 -1.889771062116596401e-02 9.988699736484790703e-01 -4.360793858281390711e-02 -3.203448559690339259e+00 5.403891304900048098e-01 4.690045475559988936e-02 8.401071007025447956e-01 4.752534890253006239e+01
8.355093368332882076e-01 -5.326179620053632900e-03 -5.494504290747921349e-01 -2.028342621064509288e+01 -1.929869479331271231e-02 9.990516374873662508e-01 -3.903057835918507384e-02 -3.243672807983809303e+00 5.491372442219437655e-01 4.321408868599917880e-02 8.346141835470942683e-01 4.838294427902226857e+01
8.305270883101454338e-01 -1.297253462993524543e-03 -5.569767200676019048e-01 -2.086818824925701676e+01 -2.137303591758019788e-02 9.991865391855372369e-01 -3.419727016579453965e-02 -3.313364940801135194e+00 5.565680134552974945e-01 4.030604253642828400e-02 8.298237615976291615e-01 4.926538612333990841e+01
8.260184111857428180e-01 -1.192559894977157642e-03 -5.636418685922183203e-01 -2.148926361831791709e+01 -2.253994084438521936e-02 9.991279641462884609e-01 -3.514629952888329023e-02 -3.360001739072770555e+00 5.631922764515410185e-01 4.173594475302055962e-02 8.252712140689902887e-01 5.016975757462002861e+01
8.225814953071894919e-01 -3.278807750920611185e-03 -5.686377816737246960e-01 -2.211234200062758859e+01 -2.322788851384620379e-02 9.989550382694003527e-01 -3.936110712376902215e-02 -3.416839107144217902e+00 5.681726442490054874e-01 4.558597326652594900e-02 8.216457701326671526e-01 5.102570936748634267e+01
8.198313654277402662e-01 -5.562687060712737976e-03 -5.725780142873563294e-01 -2.272202640700841414e+01 -2.516547193311438266e-02 9.986365997174517783e-01 -4.573445933650431561e-02 -3.496587445792055160e+00 5.720517775995480614e-01 5.190374016361319620e-02 8.185736202607999390e-01 5.188221326524167409e+01
8.165028838021085589e-01 -5.235007742836959334e-03 -5.773176153651314868e-01 -2.334887809944953929e+01 -2.724486183991189567e-02 9.984954800224684623e-01 -4.758669903871983603e-02 -3.549569837885604429e+00 5.766981561485032826e-01 5.458361565515695846e-02 8.151318126385699303e-01 5.275392320357765641e+01
8.133938218693372857e-01 -3.940434635643229495e-03 -5.817000575912144589e-01 -2.397606587367139497e+01 -2.667858133272496893e-02 9.986721722116962408e-01 -4.406978325556703407e-02 -3.611493173252720457e+00 5.811013242011670021e-01 5.136502168570774435e-02 8.122086505503267606e-01 5.361744789901383967e+01
8.098634905906684223e-01 -2.238232494891817786e-03 -5.866141068037377115e-01 -2.460763654072545137e+01 -2.523721116844856657e-02 9.989339364665246190e-01 -3.865325077559574052e-02 -3.674134869781449098e+00 5.860752639600503855e-01 4.610836058666918646e-02 8.089436387246203841e-01 5.450178492843849654e+01
8.069249810059208050e-01 -1.631121526950512005e-03 -5.906516805727590746e-01 -2.528370737758238818e+01 -2.429415329294663459e-02 9.990583001098862770e-01 -3.594867374379794034e-02 -3.718065268817832614e+00 5.901541107809104014e-01 4.335726522237019070e-02 8.061254739443166617e-01 5.535998166802160370e+01
8.040683222189340951e-01 -6.204109916147648599e-04 -5.945365770946192674e-01 -2.590533688738880258e+01 -2.600378597238467079e-02 9.990057982024199701e-01 -3.621074872874975592e-02 -3.777972821465926057e+00 5.939679635474215402e-01 4.457611776129718345e-02 8.032527838389701413e-01 5.619575225171854527e+01
8.002232313628193650e-01 -1.984286173497500257e-03 -5.996989542239173909e-01 -2.656357602652886030e+01 -2.547994432659139025e-02 9.989790251980769087e-01 -3.730522349720392233e-02 -3.832353238952004748e+00 5.991607112714665284e-01 4.513280234281916853e-02 7.993556649395571201e-01 5.706148298479336489e+01
7.964701997336771644e-01 -3.228228392525827467e-03 -6.046691595201750813e-01 -2.719628065165498043e+01 -2.629856147313754111e-02 9.988546092041097335e-01 -3.997318333044153765e-02 -3.896914030426732456e+00 6.041056300080676067e-01 4.773937827722331273e-02 7.954730331743795624e-01 5.790573546272395333e+01
7.924616025267086084e-01 -4.689035567685193376e-03 -6.099037746667627102e-01 -2.788661519057913907e+01 -2.532302682360150492e-02 9.988552623396222963e-01 -4.058212975913939868e-02 -3.944471364909620359e+00 6.093958964007544221e-01 4.760438912737575273e-02 7.914357021592841601e-01 5.875133268091281025e+01
7.878401168085779060e-01 -4.862347034198673777e-03 -6.158606179047296791e-01 -2.856589087642150915e+01 -2.471842079287100633e-02 9.989134810045912083e-01 -3.950768516101464678e-02 -4.007479501495373242e+00 6.153835843297655872e-01 4.634884107754542321e-02 7.868639248717682610e-01 5.961548282908955798e+01
7.828010541653149801e-01 -5.077179965870289371e-03 -6.222513354420701193e-01 -2.923005464198357473e+01 -2.435954881584132675e-02 9.989502111038610632e-01 -3.879546574716234708e-02 -4.064626169350662011e+00 6.217950851819507019e-01 4.552689313466027482e-02 7.818556013621716927e-01 6.044119354685101797e+01
7.777529590631241385e-01 -6.343186604671117654e-03 -6.285380586196041008e-01 -2.993564429369648394e+01 -2.384094851531621401e-02 9.989318676788622176e-01 -3.958197763432245997e-02 -4.122530327706019015e+00 6.281177835047017100e-01 4.576994359346090585e-02 7.767709892777991953e-01 6.128810649513930997e+01
7.722322544876337735e-01 -7.026252038636886417e-03 -6.353014790180747662e-01 -3.062370229565579294e+01 -2.429840841102749033e-02 9.988806797358306122e-01 -4.058294030333080976e-02 -4.180610054967623945e+00 6.348755301120447836e-01 4.677627015687565309e-02 7.711971534175656728e-01 6.212131982734958058e+01
7.670224436558117365e-01 -8.125069571649748759e-03 -6.415688165462629655e-01 -3.132080944134083467e+01 -2.362829743226793275e-02 9.988838704235059041e-01 -4.089886319935642778e-02 -4.246199471767600819e+00 6.411850597794459539e-01 4.652952467914060752e-02 7.659743665515981181e-01 6.292696947585594813e+01
7.611728537598909661e-01 -9.333770132393962027e-03 -6.484818883135581302e-01 -3.203655713106863345e+01 -2.335209706806381375e-02 9.988536099061656737e-01 -4.178690682071550117e-02 -4.297404307246745603e+00 6.481285156591980456e-01 4.695047098081432668e-02 7.600822905355762993e-01 6.377194300272741145e+01
7.551999702306299023e-01 -1.199999184165112184e-02 -6.553846176414996894e-01 -3.275922206545383375e+01 -2.163012793168080095e-02 9.988317106829822656e-01 -4.321286077985615759e-02 -4.369020467477856329e+00 6.551375040682440032e-01 4.681040415681249345e-02 7.540581177251899359e-01 6.459926241201652886e+01
7.487593868001001240e-01 -1.240145680326617747e-02 -6.627258681087162540e-01 -3.350936599533218896e+01 -2.158642803827887785e-02 9.988384042351878822e-01 -4.307979092845835856e-02 -4.429838350649639267e+00 6.624903121381933158e-01 4.656228195022336924e-02 7.476219288337404567e-01 6.542397173999984261e+01
7.427076289162377609e-01 -1.211576142855970255e-02 -6.695062194101605302e-01 -3.427314822105930148e+01 -2.114337980803652345e-02 9.989134340734929784e-01 -4.153202083475968087e-02 -4.487585654043363625e+00 6.692819603645946414e-01 4.500177282904557069e-02 7.416444608986736409e-01 6.624249135984102566e+01
7.364521986813706844e-01 -1.344023894312639661e-02 -6.763560529995590320e-01 -3.500698578051730436e+01 -1.942252405842918861e-02 9.989703792330996146e-01 -4.099935374287084350e-02 -4.549907294076901643e+00 6.762107155380685519e-01 4.333060572964994583e-02 7.354328897803820153e-01 6.706191210412947612e+01
7.298895191755032652e-01 -1.354271263236436935e-02 -6.834309591752845137e-01 -3.578257835363896788e+01 -2.007550561923616972e-02 9.989477655337811735e-01 -4.123512875916584414e-02 -4.611690329184699344e+00 6.832702768512842750e-01 4.381731017290381447e-02 7.288496284140196790e-01 6.787353378744286658e+01
7.232916156990784051e-01 -1.631854967227922351e-02 -6.903498639531470138e-01 -3.654834393430295592e+01 -1.811173424792136138e-02 9.989285081779246678e-01 -4.258873866960886240e-02 -4.676422297118771887e+00 6.903051580768561069e-01 4.330751067683825256e-02 7.222210583732896483e-01 6.864168914245907160e+01
7.175224358164331573e-01 -1.453776567399777710e-02 -6.963836574663146983e-01 -3.734381576317255735e+01 -2.106408984408060167e-02 9.988720080282990077e-01 -4.255603050864376069e-02 -4.740532088262821908e+00 6.962168239011286008e-01 4.520359440727550471e-02 7.164068524356033141e-01 6.943431851948605527e+01
7.120942566690529052e-01 -1.569228947356608728e-02 -7.019084786878220239e-01 -3.815503470071878667e+01 -1.946538760333018508e-02 9.989245901778648351e-01 -4.208042129325319930e-02 -4.794786735443429926e+00 7.018139896763854191e-01 4.362814671380150361e-02 7.110230079907591261e-01 7.024186977674163757e+01
7.073260685381409507e-01 -1.579351025421810509e-02 -7.067109652940065656e-01 -3.897213032762026330e+01 -1.988014033153905763e-02 9.989104900397344222e-01 -4.222100120324381867e-02 -4.852963118069793858e+00 7.066078266651052431e-01 4.391352774641642948e-02 7.062414535244259106e-01 7.105520124920313663e+01
7.024583764053417001e-01 -1.547117590494560303e-02 -7.115566475560861637e-01 -3.979235233501718483e+01 -2.097236462738740620e-02 9.988796155012699129e-01 -4.242256114304917419e-02 -4.921373050570343466e+00 7.114157696977134737e-01 4.472310868406742523e-02 7.013468867770870085e-01 7.184080493266731082e+01
6.972251004995116963e-01 -1.784876708649761612e-02 -7.166300099568860826e-01 -4.062584628333119952e+01 -2.063244982974797234e-02 9.987761592903565688e-01 -4.494981291394052614e-02 -4.990758055661909331e+00 7.165552800796171073e-01 4.612597035861959460e-02 6.960035452430235470e-01 7.265357803574833895e+01
6.922340458823982301e-01 -1.987959020601871851e-02 -7.213992084286758866e-01 -4.144567762391203303e+01 -1.995396008318209985e-02 9.987111043975003266e-01 -4.666872037386193828e-02 -5.060560413518242484e+00 7.213971676424721924e-01 4.670044793766490315e-02 6.909451529185491880e-01 7.341422418088606605e+01
6.872299950575073701e-01 -1.959944713644575995e-02 -7.261754510808771101e-01 -4.230502834190071582e+01 -2.238453187922214913e-02 9.985899382582048567e-01 -4.813593229375975890e-02 -5.119725718222913002e+00 7.260949490431117814e-01 4.933555387524615060e-02 6.858222348938727286e-01 7.419321940180299180e+01
6.823908505946524317e-01 -2.023826623353557758e-02 -7.307072804334572291e-01 -4.317003227675499488e+01 -2.071230048609326233e-02 9.986799880068898405e-01 -4.700300198746906050e-02 -5.191909411347655379e+00 7.306940099329469751e-01 4.720904707189219063e-02 6.810709064525373169e-01 7.498446308140964334e+01
6.776412018778549262e-01 -2.041951623132698054e-02 -7.351091312432548319e-01 -4.403532376977003793e+01 -1.999702604282450891e-02 9.987331419534878352e-01 -4.617607762431765600e-02 -5.255544275617690886e+00 7.351207581748290254e-01 4.599080897191916428e-02 6.763743980933674127e-01 7.577714422373361458e+01
6.723047191410711498e-01 -2.128756337019378428e-02 -7.399683737204205691e-01 -4.490346056934162533e+01 -1.933571299690963266e-02 9.987404452817182365e-01 -4.629960249759012408e-02 -5.335647948279414798e+00 7.400219615545625684e-01 4.543525713684568035e-02 6.710463053737424355e-01 7.653312066300493655e+01
6.674918438944074106e-01 -2.177175048806074056e-02 -7.442987430763023937e-01 -4.578792336524311679e+01 -1.922976776881894431e-02 9.987350544275379605e-01 -4.645973653502275674e-02 -5.407239418895279037e+00 7.443687683120746579e-01 4.532418696470758013e-02 6.662288383716181706e-01 7.731801855799028544e+01
6.631273126273655727e-01 -2.246756957360751192e-02 -7.481693425930600050e-01 -4.667581435611756291e+01 -1.826201379747415671e-02 9.987662273522682765e-01 -4.617923754599164571e-02 -5.475072543204961839e+00 7.482838198674277574e-01 4.428579231623301637e-02 6.618988622627440810e-01 7.811261331224361015e+01
6.590832465060414425e-01 -2.351581986927831977e-02 -7.517022481885802243e-01 -4.756098105448927527e+01 -1.660566822142026805e-02 9.988123297449921223e-01 -4.580591399202617320e-02 -5.534198398604339708e+00 7.518866503869664486e-01 4.267242838665268045e-02 6.579099780823186583e-01 7.886933361527073316e+01
6.551629781237177097e-01 -2.594966169400392264e-02 -7.550417714340053044e-01 -4.847678979033207725e+01 -1.397046937359505345e-02 9.988228968008414643e-01 -4.645047717847620994e-02 -5.608058372325610996e+00 7.553583965564396596e-01 4.098092063937823493e-02 6.540292557835698517e-01 7.964343537274766049e+01
6.510457584355577865e-01 -3.037889902541369286e-02 -7.584303081286378756e-01 -4.938383541573428204e+01 -1.131696631377897624e-02 9.986992031006264314e-01 -4.971748193645779412e-02 -5.690938759084644971e+00 7.589541198002859312e-01 4.095148571546305960e-02 6.498550842106003422e-01 8.043351998232419930e+01
6.459723194062197971e-01 -3.386094783230956390e-02 -7.626094597085038007e-01 -5.029166751997446738e+01 -7.978289332389412389e-03 9.986616701149797493e-01 -5.110005425692869946e-02 -5.765801100004571467e+00 7.633191461283955759e-01 3.909353920135275745e-02 6.448376439693230822e-01 8.118880444790417528e+01
6.392690678748457200e-01 -3.842815392389336421e-02 -7.680223466598244952e-01 -5.122354004929060522e+01 -1.468935097188561875e-03 9.986877382674554937e-01 -5.119222258727147007e-02 -5.840124307984470242e+00 7.689817362165989323e-01 3.385377906078284455e-02 6.383737321465090542e-01 8.196031235992106190e+01
6.311486719545397195e-01 -4.266082712870835486e-02 -7.744878286160036263e-01 -5.214368366347212458e+01 4.058822407669350658e-03 9.986543671955363521e-01 -5.170087833472849365e-02 -5.917779471170164562e+00 7.756512680232030554e-01 2.948743176863469900e-02 6.304725313980259482e-01 8.272934080597659090e+01
6.223197102438949857e-01 -4.305251978340628866e-02 -7.815783054496781013e-01 -5.309030629112297817e+01 5.456833038475201667e-03 9.987006652393118911e-01 -5.066758530430198054e-02 -6.001544700363696805e+00 7.827441543359877629e-01 2.726649428226256971e-02 6.217460401146408522e-01 8.346952365614264124e+01
6.131498772702762556e-01 -4.068779911975273222e-02 -7.889180689883124042e-01 -5.403233907946677306e+01 4.803081360256791256e-03 9.988462541666489614e-01 -4.778170075194059646e-02 -6.075662070583401686e+00 7.899520039496511492e-01 2.550810585263808827e-02 6.126378860645845803e-01 8.421075623203466876e+01
6.048728437523688273e-01 -4.087428713586447465e-02 -7.952723583407881325e-01 -5.503875718593099720e+01 4.385842108811582180e-03 9.988376567307530873e-01 -4.800104026249244621e-02 -6.147738861053517745e+00 7.963100009348565989e-01 2.554658629768215630e-02 6.043490431531565177e-01 8.492781880860374599e+01
5.953889387967248314e-01 -4.187721790572618286e-02 -8.023454981405125919e-01 -5.601502811308053253e+01 3.464894080589181642e-03 9.987652426866421296e-01 -4.955789030415731766e-02 -6.214453407852655431e+00 8.034301566266036643e-01 2.672617712427845238e-02 5.947988791941496434e-01 8.564279078241267484e+01
5.850791079451870269e-01 -4.394637093159812352e-02 -8.097846268809978376e-01 -5.701139934378753793e+01 3.891218350506623833e-03 9.986713039907331169e-01 -5.138564959576828739e-02 -6.304542788472425663e+00 8.109668961134948173e-01 2.691362079805362587e-02 5.844727217241284523e-01 8.636722769225393392e+01
5.755091395966394074e-01 -4.511532374238489546e-02 -8.165499529259727662e-01 -5.800368616255174459e+01 3.796348785319462408e-03 9.986137673458650443e-01 -5.249887028995418176e-02 -6.375047153978502301e+00 8.177865423815100510e-01 2.711367081723151801e-02 5.748826246782329230e-01 8.708154326607288453e+01
5.653613251504382431e-01 -4.657449834790784726e-02 -8.235273983019992805e-01 -5.901465299076377846e+01 7.154194304115880053e-03 9.986439241853265480e-01 -5.156675445153303255e-02 -6.453727971078093262e+00 8.248123426949290904e-01 2.326217313719453408e-02 5.649278564911502931e-01 8.775984639238993168e+01
5.551257111946396039e-01 -4.664534878960513442e-02 -8.304574905678456798e-01 -6.008578524130121679e+01 8.633185924368021180e-03 9.986956272322549122e-01 -5.032407196669679006e-02 -6.542066556415126577e+00 8.317216627044345945e-01 2.076669182314280770e-02 5.548043194625030816e-01 8.848177362428771175e+01
5.447479091396059125e-01 -4.666545759287053785e-02 -8.373004465526572293e-01 -6.111498721045219895e+01 8.338271649820788722e-03 9.987025652188101787e-01 -5.023603709680837803e-02 -6.626841505785719733e+00 8.385584059911278532e-01 2.038433708811667605e-02 5.444302446866480238e-01 8.915483413411968172e+01
5.343458485706829020e-01 -4.825214779441214241e-02 -8.438875703580107634e-01 -6.216208566641213196e+01 8.388375621674252006e-03 9.986228613326190162e-01 -5.178818348789340775e-02 -6.690410310810759320e+00 8.452243258541912718e-01 2.059395441915105526e-02 5.340147385595017671e-01 8.979014825410115463e+01
5.239139743323191212e-01 -4.831881376189885863e-02 -8.503995687955964167e-01 -6.324248970957352611e+01 6.965574301433292807e-03 9.985993619921339493e-01 -5.244802166243127395e-02 -6.769472907753275592e+00 8.517427077569164062e-01 2.155472958663089134e-02 5.235167299817995445e-01 9.043357729468007733e+01
5.139481297431619522e-01 -4.867753443921963435e-02 -8.564390254269702574e-01 -6.430258008782259083e+01 5.203184678661533676e-03 9.985472054371812289e-01 -5.363212990215839721e-02 -6.865664793628372564e+00 8.578054901494526208e-01 2.310792194596919535e-02 5.134547480916656914e-01 9.108897319784118451e+01
