1.000000000000000000e+00 -3.306050084167601550e-19 -2.270457535318767223e-19 -8.673617379884035472e-19 7.546676715296109287e-19 1.000000000000000000e+00 6.237773588823049983e-19 1.387778780781445676e-17 -3.447385680526250622e-20 4.770700176052009879e-20 1.000000000000000222e+00 5.551115123125782702e-17
9.999149213881719511e-01 -2.798261682692111847e-03 1.274134893084725127e-02 1.269532912809179757e-02 2.780327620270207998e-03 9.999950940431586721e-01 1.425131414043903384e-03 -1.151760329778864222e-02 -1.274527410259159582e-02 -1.389599742990812363e-03 9.999178463545581597e-01 2.963854800780635901e-01
9.998223242246144782e-01 -4.616621475221909139e-03 1.827649376483615404e-02 3.098094750731188174e-02 4.587240796958876737e-03 9.999881442115088337e-01 1.649763508965215513e-03 -1.172008804030953699e-02 -1.828389280729207644e-02 -1.565648063276056266e-03 9.998316652766455759e-01 5.828517623732796249e-01
9.997655068102969667e-01 -7.163577581677021619e-03 2.043356984587329714e-02 3.746272067079700618e-02 7.147907129411088835e-03 9.999741036284413020e-01 8.400217614179296150e-04 -2.436048607996946225e-02 -2.043905900910686704e-02 -6.937281321448960552e-04 9.997908241697215370e-01 8.840989803197362162e-01
9.997886201484795787e-01 -8.454089320025630697e-03 1.873587920911915644e-02 4.561317718410132227e-02 8.468818579365487362e-03 9.999638805118208351e-01 -7.066644896037913969e-04 -2.794440921302150660e-02 -1.872922906096726250e-02 8.652305371112371411e-04 9.998241275478603196e-01 1.196003801939422795e+00
9.998722045650400014e-01 -1.060210706863614141e-02 1.196746846568234185e-02 4.383687446052115383e-02 1.062979333760756366e-02 9.999409614911030086e-01 -2.253429433495092189e-03 -2.858447880361100757e-02 -1.194287439233596843e-02 2.380340825103264678e-03 9.999258848090307739e-01 1.516379481234844340e+00
9.999272228857161160e-01 -1.204421465828574289e-02 7.145492625277609020e-04 3.821332334823247801e-02 1.204677475658953549e-02 9.999206452856356231e-01 -3.692854809570469011e-03 -3.918736901199879052e-02 -6.700190181835900469e-04 3.701190998337380248e-03 9.999929278224536366e-01 1.837413968090318761e+00
9.998226779961074673e-01 -1.079992055841637842e-02 -1.542157172783584392e-02 1.292605133281116842e-02 1.073714948746943079e-02 9.999337032507304990e-01 -4.147976936241954023e-03 -5.267279947998708411e-02 1.546534981553745851e-02 3.981591200981307588e-03 9.998724606301458984e-01 2.166212886895831247e+00
9.993223535159124760e-01 -6.549050478186759991e-03 -3.622844034774065636e-02 -2.403220888198831159e-02 6.404868148022563150e-03 9.999711016764037952e-01 -4.095468699116706912e-03 -5.650364688771880584e-02 3.625421891997238771e-02 3.860677550847248316e-03 9.993354591639156403e-01 2.511387738589728968e+00
9.985074765541630537e-01 -2.614789154575241237e-03 -5.455049255275434827e-02 -6.445875219184625526e-02 2.338154645754390339e-03 9.999840672629636273e-01 -5.134675721129678544e-03 -5.888967140044353010e-02 5.456305296318612885e-02 4.999447248038963246e-03 9.984977063659788987e-01 2.865091612957507472e+00
9.972747564101643869e-01 -2.469571764088584771e-03 -7.374021738867872489e-02 -1.101607702275276268e-01 2.072461393899687875e-03 9.999829346826912824e-01 -5.461315358696397677e-03 -6.667488143382174770e-02 7.375245586115443397e-02 5.293612796679185786e-03 9.972628539129430036e-01 3.230400796424589771e+00
9.953077094093704114e-01 -3.066712309780356832e-03 -9.670140585982170411e-02 -1.698828849879921166e-01 2.615024176565722194e-03 9.999850579181839283e-01 -4.797172637500894676e-03 -7.238832598788105810e-02 9.671467502509425995e-02 4.521790403755080942e-03 9.953008448665072727e-01 3.606869474238012074e+00
9.932873081824065142e-01 -4.565237777929141878e-03 -1.155702748035350724e-01 -2.259827684685070115e-01 4.155100002479772577e-03 9.999841705069170139e-01 -3.788848183505195890e-03 -7.573790139270873689e-02 1.155857551137521866e-01 3.283105687122248994e-03 9.932905945414202131e-01 3.991954261831351936e+00
9.909472904957256079e-01 -3.536177670332594277e-03 -1.342095744819968295e-01 -2.960140556371056442e-01 3.099486288711090446e-03 9.999892036216047053e-01 -3.462283062813404245e-03 -8.098692116440489586e-02 1.342203891627937185e-01 3.014803895304654993e-03 9.909475681728616703e-01 4.386970843310544765e+00
9.887755081003669622e-01 -1.964589259869455474e-03 -1.493536174558617036e-01 -3.832137385802923402e-01 1.606854326536104370e-03 9.999955651452961947e-01 -2.515253045231025802e-03 -8.908123278350726926e-02 1.493579117335375461e-01 2.247002411998395583e-03 9.887742477420383702e-01 4.804520335651769614e+00
9.866653080632570294e-01 -1.362131017053856306e-03 -1.627469016977372840e-01 -4.693166491696142972e-01 9.966026653717905120e-04 9.999967964763890604e-01 -2.327121411938359863e-03 -9.978015228716664853e-02 1.627495664177767698e-01 2.133923746580890669e-03 9.866635056211818799e-01 5.226877085784042976e+00
9.846017162233916542e-01 -3.004340837443184118e-03 -1.748158394226245194e-01 -5.553234244088043337e-01 2.432798742734708277e-03 9.999909914159130775e-01 -3.484166394477051197e-03 -1.015640937955908374e-01 1.748247420700896892e-01 3.005262843230902935e-03 9.846001548713766427e-01 5.656456134547755532e+00
9.827055510639444158e-01 -6.537843169949326960e-03 -1.850709606187813383e-01 -6.406053716046454793e-01 5.592417174662590515e-03 9.999685180493457226e-01 -5.628154664293953842e-03 -1.133085060327976290e-01 1.851019549084471638e-01 4.495976859625918677e-03 9.827111294798495100e-01 6.103646785967859145e+00
9.814728254673732444e-01 -5.979978861637706873e-03 -1.915020690431136485e-01 -7.444678756235758588e-01 4.699570733823803075e-03 9.999634815698066337e-01 -7.137314043181433761e-03 -1.208522696865772794e-01 1.915377776175547497e-01 6.105031548596170574e-03 9.814651064035249117e-01 6.579351976404140601e+00
9.801159268206570685e-01 -4.631345678024817968e-03 -1.983448392936711657e-01 -8.539869480178252648e-01 2.938717949559701680e-03 9.999566992806590005e-01 -8.824665421445001059e-03 -1.272123958412070821e-01 1.983771487047752691e-01 8.066065639591519371e-03 9.800871524936547452e-01 7.039047009572912295e+00
9.784864105441815063e-01 -4.616671646349595516e-03 -2.062608920981997551e-01 -9.652799283629931448e-01 2.214905111650910825e-03 9.999270450357238271e-01 -1.187425859197697997e-02 -1.374325322440795027e-01 2.063006827143954725e-01 1.116199010283081515e-02 9.784252714174704879e-01 7.536431719270633600e+00
9.770951231239197732e-01 -8.653431321166152324e-03 -2.126358934029843606e-01 -1.078061657604256762e+00 5.928742999746418330e-03 9.998919558953582865e-01 -1.344870978134023350e-02 -1.485434694218328855e-01 2.127292889332007553e-01 1.187972754946802975e-02 9.770408717444245550e-01 8.026512870734059391e+00
9.753016566159404821e-01 -1.516625258987354744e-02 -2.203425764627361116e-01 -1.194816477828467782e+00 1.212125015304709591e-02 9.998116121760252106e-01 -1.516213231555474036e-02 -1.582941225526809104e-01 2.205310324257105381e-01 1.211674116954696186e-02 9.753015080100976286e-01 8.549653491385672766e+00
9.733999838445456243e-01 -1.596854900369887309e-02 -2.285673472237800818e-01 -1.324519151887310064e+00 1.261979340111783754e-02 9.997907759906278224e-01 -1.610846336164449555e-02 -1.812179490471992893e-01 2.287766681586065887e-01 1.279604360797183954e-02 9.733974583769545719e-01 9.085724098516060110e+00
9.711044325861621918e-01 -1.148456105241771850e-02 -2.383436940633962553e-01 -1.474071497517562612e+00 6.577485330102834059e-03 9.997500388979987385e-01 -2.136991730730739003e-02 -1.867966273714122272e-01 2.385294969374794627e-01 1.918448896120142355e-02 9.709370629396676389e-01 9.605884629126972385e+00
9.690512532029912363e-01 -9.065004265151634794e-03 -2.466970715831960648e-01 -1.634413568607190559e+00 3.241178494700978473e-03 9.997066640700411622e-01 -2.400093010380313988e-02 -2.000307675135866714e-01 2.468423301949704829e-01 2.245837132029834815e-02 9.687961441397789919e-01 1.015867806236951587e+01
9.669848190815711897e-01 -1.071704624720951765e-02 -2.545681137796633742e-01 -1.781311201481402984e+00 4.475291135937418605e-03 9.996753922268317716e-01 -2.508253278030792011e-02 -2.220441176238786007e-01 2.547542921860563303e-01 2.311463182026202157e-02 9.667187831564716394e-01 1.071968661067077910e+01
9.647657375810936298e-01 -1.268207475338179943e-02 -2.628256274850214180e-01 -1.942716445574779183e+00 5.930141357797888424e-03 9.996321022059155847e-01 -2.646940121870806212e-02 -2.516549326356653515e-01 2.630646122477803828e-01 2.397814145654172946e-02 9.644858915781950870e-01 1.128717701950021457e+01
9.630646139485030677e-01 -1.228150804883839861e-02 -2.689095588640970091e-01 -2.121855220557192556e+00 4.601766686669077691e-03 9.995640906416720650e-01 -2.916057193288026927e-02 -2.720520516692880308e-01 2.691504723143491873e-01 2.684524325532837777e-02 9.627012190395860536e-01 1.187487943687021108e+01
9.605409763773824494e-01 -1.154706034904600699e-02 -2.778454358321326700e-01 -2.307766571596955973e+00 2.642408002596879045e-03 9.994716220670045725e-01 -3.239557637225449344e-02 -2.907440364928233212e-01 2.780725955755437573e-01 3.038335353179902679e-02 9.600638313995160100e-01 1.246028602106946259e+01
9.585155351479387464e-01 -1.246123687704504997e-02 -2.846987961070246986e-01 -2.489331913869886392e+00 1.994132369189211777e-03 9.993127790971924052e-01 -3.701444836693684737e-02 -3.217959392393801576e-01 2.849642526582804036e-01 3.491149294273711290e-02 9.578813601132371014e-01 1.306890916578888096e+01
9.566153540689892321e-01 -1.353701217771914600e-02 -2.910183411598870618e-01 -2.693497944846655834e+00 6.821713122761675690e-04 9.990214130979814255e-01 -4.423176689930712058e-02 -3.612413530354331992e-01 2.913322559696055469e-01 4.211431246717783211e-02 9.556881511031407594e-01 1.367848599126817888e+01
9.555896897873956686e-01 -1.401189431237973015e-02 -2.944240409939041236e-01 -2.894070908179590340e+00 -1.646946761515498707e-03 9.985995845529136439e-01 -5.287399399643508136e-02 -3.964236030599100902e-01 2.947527051082793892e-01 5.101064000047092484e-02 9.542281889623034363e-01 1.430517747915343740e+01
9.546934061190320842e-01 -1.518303507811277417e-02 -2.971786304657664246e-01 -3.106768378172544587e+00 -3.188703848716356939e-03 9.981184490284433775e-01 -6.123796073761721831e-02 -4.387111266092148520e-01 2.975489496024602554e-01 5.941207496587778275e-02 9.528485953110515938e-01 1.494631372206608155e+01
9.532447221545432559e-01 -1.391530463826493903e-02 -3.019160126980553471e-01 -3.324612346074773850e+00 -7.726580088720333417e-03 9.974905449542988967e-01 -7.039453740730648723e-02 -4.839381178460480659e-01 3.021376659718680302e-01 6.943694587009295593e-02 9.507448711930073237e-01 1.558755411539250701e+01
9.521497115475470174e-01 -1.240861292110351233e-02 -3.053856309013851522e-01 -3.544939229378681222e+00 -1.154652803207565151e-02 9.970016712583007479e-01 -7.653613536755524138e-02 -5.381435439006432286e-01 3.054196278625348482e-01 7.640031019731875761e-02 9.491516491155392865e-01 1.624941630787738944e+01
9.502269012508958168e-01 -1.223177877127007256e-02 -3.113347912289348152e-01 -3.777575442320729504e+00 -1.451518539665194209e-02 9.964059678061913949e-01 -8.344878185612451815e-02 -5.959366408613753219e-01 3.112362950830316888e-01 8.381511063244169446e-02 9.466341664272270862e-01 1.691097234902670721e+01
9.490066136800749952e-01 -1.019785991777965965e-02 -3.151865328220407325e-01 -4.017935646394886540e+00 -1.896954788133939362e-02 9.958184626546277007e-01 -8.935518272219264424e-02 -6.684189781652969398e-01 3.147799225374188214e-01 9.077654747467839291e-02 9.448448188374167778e-01 1.758384491346668455e+01
9.469689492068305015e-01 -7.699339340717991503e-03 -3.211321274611459442e-01 -4.271074297877810899e+00 -2.384262637268250509e-02 9.952732561515098553e-01 -9.411910812566001705e-02 -7.387280363432974228e-01 3.203386527746205359e-01 9.678560184034987190e-02 9.423094389669162130e-01 1.827763789301809183e+01
9.454965577950443789e-01 -5.632410595068565624e-03 -3.255315976968816694e-01 -4.525843980249821819e+00 -2.756505163768934591e-02 9.948771132124244465e-01 -9.724111174885066711e-02 -8.129964339589015321e-01 3.244110543480177578e-01 1.009162729824698568e-01 9.404978037354209119e-01 1.897527867151918102e+01
9.444197875025277522e-01 -4.383935942051085839e-03 -3.287124476897039238e-01 -4.798770287215410768e+00 -2.990895240370542579e-02 9.946182689471535499e-01 -9.919242548056354802e-02 -8.927784786808510287e-01 3.273777585447412153e-01 1.035121354492663515e-01 9.392061647607987673e-01 1.968657464939491319e+01
9.421953169890022739e-01 -3.688597745772943456e-03 -3.351202343002442907e-01 -5.057706708423906683e+00 -3.093205413598525480e-02 9.947118336993268084e-01 -9.793541672856816149e-02 -9.713010785825177962e-01 3.337100174380649986e-01 1.026367619195649450e-01 9.370987034414626216e-01 2.041106082017656931e+01
9.398463377232830762e-01 -2.959704740285806681e-03 -3.415780105232906205e-01 -5.341343413254350914e+00 -3.163884148989420247e-02 9.949099093632916002e-01 -9.567694707869539572e-02 -1.052226822637361225e+00 3.401222965016532096e-01 1.007298219183680871e-01 9.349688014554483617e-01 2.113784198612000154e+01
9.377722942982781307e-01 -4.048640625446813315e-03 -3.471876596887763511e-01 -5.630878283311441912e+00 -3.063404293579358520e-02 9.950687805687936649e-01 -9.434394397843685887e-02 -1.138866034503640989e+00 3.458575002543793353e-01 9.910991937143745489e-02 9.330239768792969457e-01 2.187808452765802869e+01
9.359100596749174716e-01 -2.854284708035056267e-03 -3.522411227994055594e-01 -5.930365766837749852e+00 -3.097294237590715246e-02 9.954268893563983367e-01 -9.035983148375004159e-02 -1.215627676258964618e+00 3.508885163983988531e-01 9.547703087030338931e-02 9.315416119885819857e-01 2.261995649144002130e+01
9.308313169170066015e-01 -8.612604069913215891e-04 -3.655143674188172653e-01 -6.225475892576582737e+00 -3.216067244760094368e-02 9.959242879320489017e-01 -8.426530066354297188e-02 -1.290787266017851209e+00 3.640973131006184360e-01 9.019072229528818374e-02 9.270100020311327071e-01 2.336514138009139430e+01
9.288036444637867151e-01 1.701883882635691703e-03 -3.706029405727299109e-01 -6.549104613369570949e+00 -3.361776279891257740e-02 9.962529366034834633e-01 -7.968475990589372893e-02 -1.371287231850427446e+00 3.690780528617176315e-01 8.647307751038285639e-02 9.253808216579498813e-01 2.412178028045017442e+01
9.247378535779319231e-01 5.892230475703830531e-03 -3.806209850003304251e-01 -6.884946123173905974e+00 -3.701889692435512969e-02 9.965319557213593304e-01 -7.450492999350362411e-02 -1.441792687624286584e+00 3.788624772022363696e-01 8.298225311450985187e-02 9.217487225000254858e-01 2.488466966263933600e+01
9.216682656108124982e-01 6.720293484980554427e-03 -3.879436341620874917e-01 -7.226267903006620585e+00 -3.790634220953512101e-02 9.966260875588613954e-01 -7.280079820897412957e-02 -1.515907279553764919e+00 3.861454615285140890e-01 8.180435290404475257e-02 9.188135436351360097e-01 2.565634533670036177e+01
9.181437134976523362e-01 7.321713432982905265e-03 -3.961815438772756659e-01 -7.566271146770889189e+00 -3.877793979815294390e-02 9.966901557058915895e-01 -7.143192417386648452e-02 -1.583902138402010884e+00 3.943467901614352011e-01 8.094887006469192459e-02 9.153890354786157202e-01 2.642463311111351487e+01
9.146158610904022712e-01 6.840569853452103596e-03 -4.042611554567173693e-01 -7.929497797859768937e+00 -3.860209749336031282e-02 9.967669787193763620e-01 -7.046654606282601319e-02 -1.649243859742184126e+00 4.024724117847556792e-01 8.005396675942616502e-02 9.119228862415522663e-01 2.720679499235828658e+01
9.104580765851191249e-01 8.173001197536824622e-03 -4.135754079457875654e-01 -8.294737206222270842e+00 -4.024929376000666720e-02 9.968102794029961577e-01 -6.890306199014196997e-02 -1.716593834862638390e+00 4.116932094495027727e-01 7.937612955909315038e-02 9.078829182161390898e-01 2.799084417510840694e+01
9.076293237192284424e-01 7.519880599632523810e-03 -4.197789145165219393e-01 -8.671309125066482437e+00 -3.896748003000625321e-02 9.970315037054017226e-01 -6.640238121966246521e-02 -1.784187750159084818e+00 4.180332593820089149e-01 7.662676062432288715e-02 9.052283103202736214e-01 2.878627242622853188e+01
9.042593675196773928e-01 8.207654995670042933e-03 -4.269177004523415087e-01 -9.064227370612741197e+00 -3.842442598728715297e-02 9.973229234003206933e-01 -6.221449215322346488e-02 -1.850790218832939260e+00 4.252645616356351965e-01 7.265951250798988181e-02 9.021538593447423482e-01 2.959219058360068999e+01
8.996146139899457994e-01 1.012673592143232756e-02 -4.366250972271913944e-01 -9.463601060745427063e+00 -3.855786336585905610e-02 9.976684298849833876e-01 -5.632307492293617962e-02 -1.908634907028929462e+00 4.350370985873111551e-01 6.750325279098026710e-02 8.979075884683632713e-01 3.040330014999056019e+01
8.971813533908551408e-01 9.972103064490128038e-03 -4.415432918174070354e-01 -9.886827337988949083e+00 -3.667045317802991589e-02 9.979752317197930767e-01 -5.197659497130154016e-02 -1.970968711804614859e+00 4.401313143620518842e-01 6.282255680848838897e-02 8.957303534612821583e-01 3.122016753259146782e+01
8.929626795165087616e-01 9.415764721377659074e-03 -4.499879107964592784e-01 -1.030879273913016014e+01 -3.561666662239184461e-02 9.981245157643471311e-01 -4.978699122922562031e-02 -2.027409479276832460e+00 4.486751933117751889e-01 6.048610881154172642e-02 8.916232377254309505e-01 3.204663641320419742e+01
8.899627060050478988e-01 9.330759455877624814e-03 -4.558859294729691869e-01 -1.074046321841226792e+01 -3.519409014472301561e-02 9.982140271020247813e-01 -4.826813893340922701e-02 -2.081184746143144526e+00 4.546210246669322164e-01 5.900540289405382943e-02 8.887019218497451689e-01 3.287294043373132268e+01
8.874247771349089708e-01 1.023134703818240863e-02 -4.609054141649303049e-01 -1.120228732306531860e+01 -3.561812718631356817e-02 9.982866566107203576e-01 -4.642700512552592335e-02 -2.129646661961377418e+00 4.596411283365594014e-01 5.761210491835063591e-02 8.862685538756783776e-01 3.372428939616821708e+01
8.851916143539133586e-01 9.133521916341248020e-03 -4.651820364997515944e-01 -1.165345041102128221e+01 -3.398124620960422254e-02 9.984059730527417020e-01 -4.506554659575497807e-02 -2.186149141278668218e+00 4.640291579086039397e-01 5.569618641163537331e-02 8.840909850001139603e-01 3.457504050953492936e+01
8.830454805450480560e-01 7.876933736836283853e-03 -4.692421937419239963e-01 -1.211805527319252107e+01 -3.271939000214292570e-02 9.984595063272305726e-01 -4.481042121539703660e-02 -2.236943064535159120e+00 4.681666351911821788e-01 5.491828708433132283e-02 8.819426554540765739e-01 3.542675255637416853e+01
8.815271148448178273e-01 6.863272676785603377e-03 -4.721099798050046314e-01 -1.260268499077723625e+01 -3.162553769584963703e-02 9.985069143693767746e-01 -4.454225759418093539e-02 -2.288012460510092883e+00 4.710993854728774410e-01 5.419643319970562922e-02 8.804281356646509460e-01 3.630927520268332387e+01
8.796753255094470481e-01 6.710915922723726008e-03 -4.755288303795205396e-01 -1.308850891380272685e+01 -3.198769424151531870e-02 9.984709943034909552e-01 -4.507707462036660701e-02 -2.339853834886441497e+00 4.744992922016138537e-01 5.486274500834040918e-02 8.785450168188371212e-01 3.717468342409422632e+01
8.798609645401199719e-01 6.970299806282319668e-03 -4.751560703674516106e-01 -1.359056462903024709e+01 -3.163871534604287272e-02 9.985331577995177899e-01 -4.392689379620155071e-02 -2.393286594876150364e+00 4.741528491987811456e-01 5.368252118754198582e-02 8.787909195648120342e-01 3.807612597764886431e+01
8.787945105666179479e-01 6.869096453572265566e-03 -4.770958491320481665e-01 -1.408234756531364162e+01 -3.095563143070503148e-02 9.986109016159196994e-01 -4.263893174794090163e-02 -2.435524438889127286e+00 4.761403422492948012e-01 5.224000005263827046e-02 8.777863907959781997e-01 3.897650319709454436e+01
8.793035531178660102e-01 5.639098679241260834e-03 -4.762472919254185366e-01 -1.459520477380792158e+01 -2.911845045634044518e-02 9.986959598973348395e-01 -4.193888487447267749e-02 -2.500551122776127233e+00 4.753897998378783241e-01 5.074346921602631427e-02 8.783209635167817941e-01 3.988793262524777106e+01
8.805870428114800363e-01 3.628921642637881508e-03 -4.739361910060683192e-01 -1.511024399310203314e+01 -2.703192606071585374e-02 9.987272137142358952e-01 -4.258558494814480150e-02 -2.552719397602425833e+00 4.731787208837125447e-01 5.030785022804878243e-02 8.795642725460922628e-01 4.082099175836715688e+01
8.787632544537465895e-01 5.874710322069499977e-04 -4.772478014354742948e-01 -1.562589161425890616e+01 -2.435784950258478368e-02 9.987512911409320848e-01 -4.362116821968312769e-02 -2.603660439307778240e+00 4.766263523902815047e-01 4.995637799203694190e-02 8.776802972207208287e-01 4.174951082275408254e+01
8.784189154630291929e-01 5.373989998278860857e-04 -4.778216175879084759e-01 -1.615070038415477782e+01 -2.308271395222893582e-02 9.988799091980905542e-01 -4.130004938162280120e-02 -2.656532273686432966e+00 4.772640629990236860e-01 4.731063701138589483e-02 8.774474335977001660e-01 4.269130039104603469e+01
8.765016559853807676e-01 1.510840932531970103e-03 -4.813852647966777587e-01 -1.666696263145786006e+01 -2.227704403385356857e-02 9.990512023269771946e-01 -3.741886078513453201e-02 -2.716110748737292191e+00 4.808721185990637581e-01 4.351929310515183225e-02 8.757036075995074942e-01 4.362479560464238659e+01
8.734164979245309102e-01 1.464909606879286324e-03 -4.868994106351747231e-01 -1.719893728225558860e+01 -2.024579508738342734e-02 9.992402686444311621e-01 -3.331288515530204247e-02 -2.769555592985261327e+00 4.864808031812410394e-01 3.895344135136903641e-02 8.727825244314043607e-01 4.456567443024685815e+01
8.697867434121303587e-01 8.156933013034178013e-04 -4.934048744617498539e-01 -1.774449215063642882e+01 -1.859647281184672110e-02 9.993424389781462303e-01 -3.112983689486042982e-02 -2.825509628098017867e+00 4.930550378273846901e-01 3.625237627724425121e-02 8.692300304850898440e-01 4.550827833518245313e+01
8.654029672814209651e-01 -3.470609387513034615e-03 -5.010415837047458298e-01 -1.828176441425638643e+01 -1.543245305214189893e-02 9.993170462125330333e-01 -3.357987867570565860e-02 -2.871791828613160735e+00 5.008157591072346371e-01 3.679532710709287890e-02 8.647584649377481059e-01 4.642246527057574212e+01
8.600270434500560945e-01 -6.203461167566901718e-03 -5.102918329591982216e-01 -1.883607070958285945e+01 -1.424733190825933776e-02 9.992442189870435199e-01 -3.616487626681037099e-02 -2.931487300376210747e+00 5.101305099833468581e-01 3.837202876821040054e-02 8.592888371646462131e-01 4.734568435893267235e+01
8.540251560781519924e-01 -6.656044546965224698e-03 -5.201749557311519112e-01 -1.940482525614083897e+01 -1.418775936274811050e-02 9.992480987467617926e-01 -3.608239862673535969e-02 -2.978231592588568954e+00 5.200240600628859289e-01 3.819479408914931012e-02 8.532887874114146731e-01 4.825278227524845676e+01
8.496589203808935231e-01 -2.971032633264703883e-03 -5.273859984053936856e-01 -1.999293011241137918e+01 -1.541267472709254537e-02 9.994169522808101780e-01 -3.045674521204759164e-02 -3.024422688824251804e+00 5.271691877057034237e-01 3.400364622987696317e-02 8.491176774481598022e-01 4.917966844149067640e+01
8.439887589501749998e-01 1.258365886499077275e-03 -5.363238766214613040e-01 -2.059554659684532396e+01 -1.777686660199240612e-02 9.995134482317015179e-01 -2.562976123853660804e-02 -3.081048650309691439e+00 5.360306531055344381e-01 3.116579724276677746e-02 8.436005874653406122e-01 5.008976298212337497e+01
8.406764495812739657e-01 1.782947408429978861e-03 -5.415652146337328610e-01 -2.119001609157324850e+01 -1.999124790568681392e-02 9.994151580422752090e-01 -2.773792967278495072e-02 -3.118785255617779750e+00 5.411989041066321837e-01 3.414411649568859647e-02 8.402205490536970300e-01 5.097671662218421318e+01
8.379066393209402275e-01 -5.513097623833647072e-04 -5.457214096740466980e-01 -2.178225214614810668e+01 -1.970238510407181301e-02 9.993171745586291177e-01 -3.124554946580629378e-02 -3.168562324870014990e+00 5.453660591933207069e-01 3.693276656305323480e-02 8.373236199735801799e-01 5.187814630897062074e+01
8.357892250701907111e-01 -2.922002432232773377e-03 -5.490871603457977423e-01 -2.239349355221543192e+01 -2.122313192558415718e-02 9.990665379011157698e-01 -3.761882068753610864e-02 -3.220763946543985679e+00 5.486848992912937151e-01 4.308983884058953384e-02 8.349470815530772860e-01 5.276358992575425333e+01
8.316995485810654287e-01 -3.042037791203717600e-03 -5.551740761277327296e-01 -2.299721879821253978e+01 -2.219196667939691073e-02 9.990037668222595535e-01 -3.871165325130174889e-02 -3.274801674819336483e+00 5.547388592116041517e-01 4.451554487785181619e-02 8.308035162426407050e-01 5.364956608643016267e+01
8.302981813036841574e-01 -2.403639836059541426e-03 -5.573010591819518300e-01 -2.360741433928350830e+01 -2.094182822679239303e-02 9.991499354456967463e-01 -3.551221152495787070e-02 -3.330691787514205249e+00 5.569127601690654350e-01 4.115647376922170614e-02 8.295420279802334651e-01 5.454830644742126111e+01
8.261730206480344396e-01 -3.576911973071863681e-07 -5.634634868964807364e-01 -2.422998168734025271e+01 -2.014911298257145850e-02 9.993602873190589042e-01 -2.954737963081168275e-02 -3.376829166924033565e+00 5.631031913882384998e-01 3.576409234993196962e-02 8.256444559718105758e-01 5.543533046920468621e+01
8.237246378654762280e-01 2.013250406740132309e-03 -5.668808643731083619e-01 -2.485412189853360942e+01 -2.050962580936861041e-02 9.994451542801242594e-01 -2.625268345223529670e-02 -3.424899565199002183e+00 5.665133807343677441e-01 3.325543626114069867e-02 8.233088608085014082e-01 5.633380566859860750e+01
8.218245959782035648e-01 2.206131705591823314e-03 -5.698061922806167967e-01 -2.549084000951026852e+01 -2.167035988855778653e-02 9.993900658607525189e-01 -2.738784617440230551e-02 -3.467307236680636340e+00 5.693984318853425597e-01 3.485071548443512135e-02 8.213710329509305019e-01 5.721784237075932111e+01
8.175664397138970862e-01 1.725923118324938039e-03 -5.756256018259360285e-01 -2.612060071475796974e+01 -2.239119985861217493e-02 9.993345336494727782e-01 -2.880508100261596621e-02 -3.506729144438504697e+00 5.751927708170623266e-01 3.644473762035119191e-02 8.170610022111237658e-01 5.808721904168008621e+01
8.138659920809054871e-01 -6.174149069981712786e-04 -5.810072188082935352e-01 -2.675499797833475668e+01 -2.156569995485072694e-02 9.992782851582755477e-01 -3.126065108856725810e-02 -3.560440620766751607e+00 5.806070736938553356e-01 3.797347810388513462e-02 8.132653726097572866e-01 5.896764843555933311e+01
8.105917467973721147e-01 -2.254430167230194512e-03 -5.855465890583119171e-01 -2.740673996624117237e+01 -1.989811906062328647e-02 9.993091748610873903e-01 -3.139075182417570831e-02 -3.609950469390446504e+00 5.852127804306771486e-01 3.709886077129724569e-02 8.099868475638004606e-01 5.985172180657499297e+01
8.062140540339439720e-01 -1.930607751355691406e-03 -5.917671638445007876e-01 -2.805689455046385206e+01 -1.997588808436182375e-02 9.993356802025505914e-01 -3.047770086450376364e-02 -3.655851880567241530e+00 5.914330832277951977e-01 3.638767034207162493e-02 8.056398695690478728e-01 6.071839272160534762e+01
8.039391441496270829e-01 -2.002426879944925811e-03 -5.946833919447137573e-01 -2.873188673543524985e+01 -1.917271863058068321e-02 9.993872643532820677e-01 -2.928540663891426865e-02 -3.706345555553212101e+00 5.943775165934004345e-01 3.494791510891644137e-02 8.034081653381860422e-01 6.158830804262172620e+01
7.965369608609307317e-01 -3.590312635413324838e-03 -6.046308534623436870e-01 -2.939860150747846390e+01 -1.859110823692132833e-02 9.993639329519782288e-01 -3.042488841301210778e-02 -3.754320202045393629e+00 6.043554869653459116e-01 3.547623027389690264e-02 7.959634536449770037e-01 6.246085218582100396e+01
7.926255002529746241e-01 -4.416722579584520664e-03 -6.097391497743456235e-01 -3.007520375499323961e+01 -1.840660231570920638e-02 9.993446380921505723e-01 -3.117271563578762755e-02 -3.803426264207458996e+00 6.094771854370732989e-01 3.593299388661114202e-02 7.920246078630661657e-01 6.331741888440567578e+01
7.882026164522735190e-01 -5.176234817660958949e-03 -6.155004354425285262e-01 -3.077220154301428323e+01 -1.830957135181122616e-02 9.993247492260376452e-01 -3.186556661586123496e-02 -3.853911958075004751e+00 6.152497172765182265e-01 3.638669819154147222e-02 7.875754404129976516e-01 6.418842024927765522e+01
7.816448119164299824e-01 -6.821266503685109554e-03 -6.237033558587432580e-01 -3.146652796399742513e+01 -1.746463018453153077e-02 9.993087878830271276e-01 -3.281323865729451200e-02 -3.903125137586490823e+00 6.234961060899666396e-01 3.653988532005091050e-02 7.809853416792724712e-01 6.505260807214382623e+01
7.769351682052852981e-01 -1.010557063017745831e-02 -6.294171869761310267e-01 -3.217529114087368924e+01 -1.538809946784874122e-02 9.992676630375382230e-01 -3.502943935896705996e-02 -3.954961618930441958e+00 6.293100934908194555e-01 3.690434621942301208e-02 7.762106323497062199e-01 6.591834023834090317e+01
7.707015921095680122e-01 -1.091662919966435163e-02 -6.370178758804213581e-01 -3.289252196118386706e+01 -1.460006843075739580e-02 9.992882099261715112e-01 -3.477831313664041940e-02 -4.005280118918182808e+00 6.369439711772051371e-01 3.610777675505333351e-02 7.699934109121061576e-01 6.676153059451834793e+01
7.645579624283721509e-01 -1.143301048230984003e-02 -6.445555696883500385e-01 -3.362353951575948940e+01 -1.333571009081400277e-02 9.993481428304866743e-01 -3.354035966231995458e-02 -4.056110088008800574e+00 6.445191435588828455e-01 3.423349406331850642e-02 7.639069121094582693e-01 6.762052357857574236e+01
7.591798312475114274e-01 -1.123444797938377704e-02 -6.507660722921465579e-01 -3.436930466218718294e+01 -1.273371090749580645e-02 9.994034303718170031e-01 -3.211228201756252676e-02 -4.108260166905236765e+00 6.507383824029016051e-01 3.266907363263851088e-02 7.585838893549454731e-01 6.846681079166965844e+01
7.521753038539226166e-01 -1.384450280338817008e-02 -6.588425326670891424e-01 -3.511287124763056511e+01 -1.118326152196012432e-02 9.993672260001238428e-01 -3.377097324188585437e-02 -4.163184769888682801e+00 6.588932671218722392e-01 3.276582513721771478e-02 7.515445735128055693e-01 6.931387099941267138e+01
7.466345632832327439e-01 -1.568352330287044183e-02 -6.651313258547901786e-01 -3.587971314407114676e+01 -1.048744968026122867e-02 9.993203388720357516e-01 -3.534197559740832884e-02 -4.221727144404414211e+00 6.652336129843148260e-01 3.336111471284340657e-02 7.459627676178337552e-01 7.015039125657342822e+01
7.421082381055192911e-01 -1.507311106215085406e-02 -6.700698929683058802e-01 -3.665524459756900200e+01 -1.126189992473422725e-02 9.993256634386717963e-01 -3.493894692640499289e-02 -4.270500250882061088e+00 6.701448567199285167e-01 3.347138062713218842e-02 7.414380481285081093e-01 7.098653145744036408e+01
7.370087026843652467e-01 -1.441131659008267063e-02 -6.756796551847784604e-01 -3.743567727669725542e+01 -1.166608705528636089e-02 9.993525593272046814e-01 -3.403498030964897947e-02 -4.323711677771533424e+00 6.757324053054678537e-01 3.297304333541867943e-02 7.363634737252772178e-01 7.182362875456914253e+01
7.331017253859614113e-01 -1.467623779163942585e-02 -6.800130556680780147e-01 -3.822844043300958106e+01 -1.225368927686448263e-02 9.993199378937187571e-01 -3.477997747557344532e-02 -4.378917816972165866e+00 6.800610349726707859e-01 3.383052406916095545e-02 7.324232788132155614e-01 7.265408524216729802e+01
7.264673384668417500e-01 -1.514904446458642182e-02 -6.870763998906429526e-01 -3.902409161902139090e+01 -1.258947204669516769e-02 9.992958777115743541e-01 -3.533982300557886314e-02 -4.432365729204833293e+00 6.871280124588426963e-01 3.432236843064714882e-02 7.257651542019857294e-01 7.348826636406228374e+01
7.221044078055940396e-01 -1.703036037171909434e-02 -6.915004909682008760e-01 -3.983728098725686806e+01 -1.239259212012893546e-02 9.992180438185636060e-01 -3.755396896547861380e-02 -4.489246412516873619e+00 6.915992344762191824e-01 3.568983251057404604e-02 7.213287009866213850e-01 7.431928230049328477e+01
7.188035672886057270e-01 -1.922148371515673346e-02 -6.949347218324396502e-01 -4.065165813918907389e+01 -1.157053659176821708e-02 9.991484007791605615e-01 -3.960755960793892194e-02 -4.549268137910061682e+00 6.951048531311775358e-01 3.650330345574374913e-02 7.179691048921338359e-01 7.515620447974649210e+01
7.118001282203765268e-01 -2.012121831446701814e-02 -7.020707207888733370e-01 -4.147427947645022073e+01 -1.196701184078397158e-02 9.990970711350991573e-01 -4.076719145755849927e-02 -4.614057749152385313e+00 7.022572009151085703e-01 3.741963864141918672e-02 7.109166462789847651e-01 7.597185228935184398e+01
7.082771379890504537e-01 -1.996199836867632027e-02 -7.055889519212403815e-01 -4.231558968807919996e+01 -1.116211224805854947e-02 9.991583973537655483e-01 -3.947675889561182150e-02 -4.671826603712760928e+00 7.057830767259817284e-01 3.583968905451878628e-02 7.074581514285770423e-01 7.680022194703471428e+01
7.041619429680804343e-01 -2.080293270728956340e-02 -7.096668909635645006e-01 -4.315987334796793817e+01 -9.776778758830690849e-03 9.991918863641360282e-01 -3.898597907708776372e-02 -4.733367372750746149e+00 7.099041718525949118e-01 3.439539990698779748e-02 7.033893991033002280e-01 7.762641965587654624e+01
6.986887680576785442e-01 -2.211288997661753006e-02 -7.151103353239510740e-01 -4.400745793068550427e+01 -8.725018368653523690e-03 9.991844263477589472e-01 -3.943061543520118978e-02 -4.798156048441351018e+00 7.153990573239781270e-01 3.379151384985441126e-02 6.979260252028696154e-01 7.843705853243560000e+01
6.962030179517628703e-01 -2.365308581126128115e-02 -7.175224369056001361e-01 -4.487279365381249363e+01 -6.991449244870004756e-03 9.991861267521451317e-01 -3.972632321907887398e-02 -4.855372910960349842e+00 7.178783552531241563e-01 3.267201579867901051e-02 6.954712340383103486e-01 7.926087119175078044e+01
6.912214867063799506e-01 -2.514425446820103827e-02 -7.220858254275901444e-01 -4.573523085353171780e+01 -5.586782159830952499e-03 9.991786161449837111e-01 -4.014187428581404704e-02 -4.919077116776263914e+00 7.225015828307873589e-01 3.178938862754832756e-02 6.905131547475136244e-01 8.007553938816207051e+01
6.865857081353590186e-01 -2.649741053003830046e-02 -7.266722482863836596e-01 -4.662034290970405692e+01 -4.133039577859836181e-03 9.991771621137469639e-01 -4.033803567533401219e-02 -4.978876877504968768e+00 7.271437274171260734e-01 3.069232791412613084e-02 6.859113097817171045e-01 8.089249093319787676e+01
6.859669172159970074e-01 -2.869770252774273694e-02 -7.271490109739934260e-01 -4.750504030076815809e+01 -2.086148518040071686e-03 9.991401745180518157e-01 -4.141255081707186092e-02 -5.046767065871303082e+00 7.277123800287425004e-01 2.992420208953616365e-02 6.853172981051239843e-01 8.170951275958435644e+01
6.800414014246348726e-01 -3.328181375867982073e-02 -7.324235435592318932e-01 -4.838601248551373857e+01 1.486253989709571772e-03 9.990297921569224471e-01 -4.401399944349072141e-02 -5.112121572707672534e+00 7.331774015856661331e-01 2.885164701844196433e-02 6.794307771864176448e-01 8.251918262781993008e+01
6.752070942904602191e-01 -3.822876739984844979e-02 -7.365869712397106195e-01 -4.927946462098078939e+01 5.888618637842158408e-03 9.989035385505179443e-01 -4.643924595613894979e-02 -5.176643713988855922e+00 7.375549249219975900e-01 2.701769953759753512e-02 6.746918740826977068e-01 8.333916588179755536e+01
6.704810371888065834e-01 -4.335854413713232519e-02 -7.405954188870783605e-01 -5.018589276374627417e+01 1.290636955563843544e-02 9.988212278185669701e-01 -4.679264741366544883e-02 -5.250940262596636821e+00 7.417512884525049310e-01 2.181286634621193085e-02 6.702506143261227622e-01 8.415378115487791888e+01
6.607762784654992450e-01 -4.657475454154968303e-02 -7.492554491454466170e-01 -5.109667104320012498e+01 1.719909508697773162e-02 9.987503158174354523e-01 -4.692038331211069446e-02 -5.324855286381384722e+00 7.505047553964224738e-01 1.811930098960143343e-02 6.607516330463198972e-01 8.495902382827087251e+01
6.548328416991093803e-01 -4.822324374628755156e-02 -7.543462433521150867e-01 -5.202493264052067445e+01 2.092656975376109077e-02 9.987367048151236659e-01 -4.568696986497054746e-02 -5.399385045191688270e+00 7.555964315960240762e-01 1.413701307479050748e-02 6.550144879286686761e-01 8.576568650332549737e+01
6.434381261139743291e-01 -4.743290594055057235e-02 -7.640641293333833017e-01 -5.296913528182425779e+01 2.153174081840696780e-02 9.988052092379736679e-01 -4.386972568778686049e-02 -5.464365790463951100e+00 7.652321097310856857e-01 1.177866017465934931e-02 6.436902188205679831e-01 8.655674131701506724e+01
6.357902964549371205e-01 -4.745791130460362550e-02 -7.704730512645485696e-01 -5.392529024914685465e+01 2.151168688262291087e-02 9.988099644462601345e-01 -4.377533502182787833e-02 -5.542312567155429193e+00 7.716336349859918009e-01 1.126230981940802567e-02 6.360543578388846431e-01 8.733585939508813567e+01
6.276395999032520212e-01 -4.825341794818367031e-02 -7.770165658983798629e-01 -5.489900893847768515e+01 2.080973442799531267e-02 9.987599433411922245e-01 -4.521882774511442465e-02 -5.606109980403025439e+00 7.782359808434982096e-01 1.219828248653001372e-02 6.278664803914202341e-01 8.811447498359282804e+01
6.171780343502923927e-01 -5.069377412263112448e-02 -7.852380457182384088e-01 -5.587371900457767993e+01 2.219891938545872842e-02 9.986468440566627081e-01 -4.704271112522177140e-02 -5.681371342199386554e+00 7.865598172326605519e-01 1.160608184998445161e-02 6.174684164996613323e-01 8.887215442470284188e+01
6.066172673601832876e-01 -5.220982549970763081e-02 -7.933181521966403693e-01 -5.686685140948905826e+01 2.269823399995277505e-02 9.985720506959988585e-01 -4.835591909648478265e-02 -5.755661143306331162e+00 7.947102312900983234e-01 1.132891978984230247e-02 6.069358044909679561e-01 8.962319002988975569e+01
5.978665991254595857e-01 -5.291377099511064552e-02 -7.999210176699469432e-01 -5.787602043431753884e+01 2.520097342171762414e-02 9.985663976578100787e-01 -4.722726825675783308e-02 -5.830401169430341923e+00 8.012734757811866837e-01 8.078983645076328809e-03 5.983429422044622692e-01 9.036679597376860329e+01
5.853189220888235234e-01 -5.294901725204786969e-02 -8.090386378847843618e-01 -5.889136401399367315e+01 2.656296177145188453e-02 9.985819144799622515e-01 -4.613464793068360742e-02 -5.905925608457048170e+00 8.103342475485758589e-01 5.511050771424168444e-03 5.858953918400277017e-01 9.110256955796864986e+01
5.761798374682062240e-01 -5.316776733094839835e-02 -8.156952702971682623e-01 -5.991708551396151705e+01 2.690407245961140559e-02 9.985744409891565976e-01 -4.609576989872576219e-02 -5.981385397307631635e+00 8.169836605338294255e-01 4.611772469881192209e-03 5.767895176051068828e-01 9.182587989593575628e+01
5.664796838627329523e-01 -5.419963713603035554e-02 -8.221872673806964738e-01 -6.096033644722434985e+01 2.619996705876180901e-02 9.985149961254421447e-01 -4.775753072264036364e-02 -6.054002374858177937e+00 8.235548938672625496e-01 5.509220337325580232e-03 5.670582780234524334e-01 9.253298878776440972e+01
5.560256820937031774e-01 -5.454765172632571046e-02 -8.293752935120789482e-01 -6.201991295112669889e+01 2.496253857321940189e-02 9.984897491176824014e-01 -4.894845967796017383e-02 -6.131053324645845848e+00 8.307922445179914961e-01 6.517654690090392278e-03 5.565478703518774717e-01 9.323368537334346229e+01
5.470353357150486984e-01 -5.550154582578494672e-02 -8.351214458138422891e-01 -6.307559647016649507e+01 2.417068455457194870e-02 9.984311710940484419e-01 -5.051291185436583564e-02 -6.209335087929977348e+00 8.366141585689682580e-01 7.450965018190212723e-03 5.475179311334078536e-01 9.391289023061260366e+01
5.372986238601571429e-01 -5.529389098094463634e-02 -8.416930170688524671e-01 -6.415346947453463144e+01 2.355974897011736680e-02 9.984422656604279300e-01 -5.056792103092952462e-02 -6.290571146410835368e+00 8.431790081754216848e-01 7.329330933371281526e-03 5.377656445789940065e-01 9.458854275642393361e+01
