1.0 0.0 0.0 0.0 0.0 1.0 0.0 0.0 0.0 0.0 1.0 0.0
0.9999176 0.012751473 0.0014876244 0.29663086 -0.012747398 0.99991506 -0.0027188433 -0.009277344 -0.0015221534 0.0026996576 0.9999952 0.010009766
0.99983114 0.018300103 0.0017054946 0.5831299 -0.018292269 0.99982256 -0.0045023044 -0.026367188 -0.0017875688 0.004470357 0.99998844 0.008300781
0.9997899 0.020478768 0.00084653567 0.8843994 -0.020472316 0.99976563 -0.00703395 -0.032958984 -0.0009904229 0.007015144 0.9999749 0.018676758
0.9998231 0.018790128 -0.0007287473 1.196167 -0.018795552 0.9997885 -0.008332274 -0.0423584 0.0005719852 0.0083445 0.999965 0.01965332
0.999925 0.012030328 -0.0023031358 1.5163574 -0.01205392 0.999872 -0.010520439 -0.0435791 0.0021762887 0.010547397 0.999942 0.017700195
0.9999928 0.0007778809 -0.0037178847 1.8372803 -0.0008225613 0.9999273 -0.01203238 -0.04248047 0.003708258 0.012035351 0.9999207 0.025756836
0.99987346 -0.015362857 -0.0041250936 2.1661377 0.015317144 0.9998233 -0.010893113 -0.02319336 0.0042917808 0.010828557 0.9999321 0.037109375
0.99933696 -0.03617969 -0.004160182 2.5114746 0.036150977 0.9993236 -0.0067817443 0.0064697266 0.004402702 0.0066268933 0.99996835 0.03894043
0.9984986 -0.054504808 -0.0054337187 2.8653564 0.054489255 0.9985098 -0.002970873 0.040405273 0.005587569 0.0026703475 0.9999808 0.03894043
0.997264 -0.073692605 -0.005874134 3.231079 0.07367621 0.99727815 -0.0029593965 0.07897949 0.006076219 0.0025185223 0.99997836 0.044555664
0.9953028 -0.09665639 -0.0052755824 3.6082764 0.096637525 0.9953117 -0.0037226249 0.13024902 0.005610681 0.00319529 0.99997914 0.048461914
0.9932941 -0.11552654 -0.0041785776 3.9941406 0.11550363 0.9932911 -0.005361966 0.17919922 0.0047701164 0.0048432657 0.9999769 0.050048828
0.9909508 -0.13416931 -0.0040432513 4.3900146 0.13415113 0.9909514 -0.00447312 0.24230957 0.0046069566 0.00389018 0.9999818 0.053344727
0.98877645 -0.149322 -0.0033803852 4.8084717 0.14931208 0.9887791 -0.003018701 0.32373047 0.00379334 0.002479903 0.99998975 0.059692383
0.9866653 -0.16271792 -0.0033603597 5.2316895 0.16270997 0.9866691 -0.002520278 0.40454102 0.0037256444 0.0019398087 0.9999912 0.068359375
0.9846039 -0.17477623 -0.0043185493 5.6619873 0.17475818 0.98460734 -0.004255596 0.4855957 0.004995733 0.0034355477 0.99998164 0.06762695
0.9827191 -0.18502049 -0.0058862926 6.1098633 0.18497245 0.98271435 -0.007867744 0.5662842 0.0072399764 0.0066426955 0.9999517 0.076416016
0.9814725 -0.19144887 -0.0075380756 6.5860596 0.19139467 0.9814844 -0.0073584546 0.66711426 0.008807285 0.005778911 0.9999445 0.08117676
0.9800928 -0.19828357 -0.0095428005 7.0462646 0.19823225 0.9801309 -0.0060614184 0.7735596 0.0105553735 0.0040484346 0.99993604 0.08483887
0.9784307 -0.2061865 -0.012691848 7.5441895 0.20612344 0.9785072 -0.006105139 0.8812256 0.013677839 0.003357491 0.9999008 0.091674805
0.9770518 -0.21258496 -0.013459919 8.034912 0.21245913 0.97711873 -0.010192646 0.9906006 0.015318966 0.0070991335 0.9998574 0.099975586
0.9753219 -0.22034435 -0.013760828 8.558838 0.22010912 0.97532815 -0.016768523 1.1032715 0.017116237 0.01332519 0.99976474 0.10668945
0.9734196 -0.22858094 -0.01449577 9.095825 0.22832054 0.9734291 -0.017637957 1.2290039 0.01814184 0.013860298 0.9997395 0.12683105
0.97095203 -0.23832092 -0.02093878 9.616577 0.2380834 0.97114617 -0.0132236825 1.3746338 0.023486573 0.007853451 0.99969333 0.12841797
0.9688071 -0.24662858 -0.024261542 10.170166 0.24643098 0.9691004 -0.0108683985 1.53125 0.026192307 0.004550054 0.99964654 0.13842773
0.9667325 -0.2545269 -0.024971247 10.732178 0.2542821 0.96703756 -0.012586536 1.6741943 0.0273527 0.0058170743 0.99960893 0.15759277
0.964503 -0.26282048 -0.025891045 11.300781 0.26251516 0.9648228 -0.014620894 1.8314209 0.02882278 0.007305721 0.9995579 0.18432617
0.96271724 -0.2688915 -0.028795242 11.889282 0.2685798 0.9631293 -0.0142675415 2.0073242 0.031571534 0.005998723 0.9994834 0.20141602
0.960078 -0.27779734 -0.0323873 12.475708 0.27749407 0.96061563 -0.013603968 2.189087 0.034891285 0.0040717153 0.9993828 0.2166748
0.9578961 -0.28465623 -0.036959395 13.085205 0.2843042 0.95860296 -0.014569055 2.3669434 0.039577045 0.0034446176 0.9992106 0.24365234
0.95570296 -0.29097402 -0.04420298 13.695557 0.29055887 0.9567222 -0.015685186 2.567505 0.04685484 0.0021477519 0.99889976 0.2783203
0.95424134 -0.2943371 -0.053120803 14.322632 0.29389262 0.9557192 -0.016170302 2.765503 0.055526588 -0.00017989706 0.99845695 0.30810547
0.9528614 -0.29707476 -0.06154089 14.964233 0.2965731 0.95484483 -0.017346837 2.975708 0.06391536 -0.0017222073 0.9979542 0.34509277
0.9507524 -0.30161092 -0.07159064 15.606079 0.30124605 0.95342225 -0.016097669 3.1905518 0.07311101 -0.006253701 0.9973055 0.38476562
0.9491542 -0.30486062 -0.078570396 16.268677 0.3046768 0.95234555 -0.014605345 3.4082031 0.07928052 -0.010068482 0.9968033 0.43432617
0.94663376 -0.3106356 -0.08601912 16.931274 0.31057227 0.95044506 -0.014463839 3.637207 0.08624781 -0.0130227525 0.9961882 0.4873047
0.94483817 -0.31415096 -0.09299747 17.605103 0.31439057 0.9492437 -0.012447003 3.8746338 0.09218469 -0.017470023 0.995588 0.55529785
0.9422955 -0.31969187 -0.099033736 18.30017 0.32031465 0.94722456 -0.009987852 4.1241455 0.09700036 -0.02232775 0.9950316 0.62145996
0.94047797 -0.32375443 -0.10318419 18.999023 0.3247028 0.94576496 -0.007950431 4.3757324 0.10016009 -0.026038116 0.99462855 0.6921387
0.9391826 -0.32671496 -0.10579494 19.711548 0.32787627 0.94469666 -0.0067243325 4.645752 0.10213938 -0.028372914 0.994365 0.7687988
0.9370729 -0.3330609 -0.10495506 20.437744 0.334298 0.94247484 -0.00609083 4.900635 0.10094643 -0.029371276 0.99445814 0.8450928
0.9349409 -0.33949327 -0.1030834 21.166382 0.3407778 0.94012576 -0.0054278774 5.180176 0.098753855 -0.030052816 0.9946584 0.9243164
0.93299776 -0.34523502 -0.10149808 21.908447 0.34639046 0.9380528 -0.006574111 5.4656982 0.0974815 -0.029026346 0.9948145 1.0089111
0.93151325 -0.350298 -0.09789169 22.6521 0.35148263 0.93618375 -0.0054372316 5.7615967 0.09354958 -0.029343175 0.99518156 1.0845947
0.92697674 -0.36355758 -0.092675656 23.400146 0.36481583 0.93109876 -0.003585088 6.050415 0.08759265 -0.030478928 0.9956901 1.1593018
0.92534226 -0.36857826 -0.08898084 24.158691 0.36995676 0.9290621 -0.0010809752 6.3704834 0.08306338 -0.03191428 0.996033 1.2390137
0.9216998 -0.37841332 -0.0855359 24.924072 0.38004214 0.9249898 0.00300274 6.701294 0.0779837 -0.035277415 0.9963289 1.30896
0.91876143 -0.38571155 -0.084395535 25.697876 0.38738307 0.92192084 0.0037556393 7.038208 0.076356634 -0.036139965 0.9964256 1.3813477
0.9153338 -0.39392534 -0.083582416 26.468384 0.3956351 0.9183986 0.0042731604 7.373535 0.07507518 -0.036984745 0.9964905 1.4475098
0.91186726 -0.40205687 -0.08273089 27.252808 0.40371862 0.91487354 0.0037089922 7.7320557 0.07419816 -0.036783453 0.9965649 1.5109863
0.9078219 -0.41129375 -0.08209843 28.039307 0.41305318 0.9107184 0.0049459133 8.092285 0.07273323 -0.038401794 0.996611 1.5766602
0.9051688 -0.41764772 -0.079382725 28.836914 0.41927174 0.907885 0.004222912 8.464722 0.07030356 -0.03709885 0.99683535 1.6429443
0.9020929 -0.42490774 -0.07545071 29.645264 0.42644754 0.90450555 0.004827465 8.8532715 0.06619616 -0.036530726 0.9971377 1.7088623
0.89784193 -0.43472308 -0.07033997 30.459229 0.43621325 0.89984685 0.006633678 9.247559 0.060412742 -0.036630202 0.99750185 1.7666016
0.89566666 -0.43984303 -0.06568456 31.27832 0.4411645 0.89740014 0.0064163255 9.667114 0.056125592 -0.034723893 0.99782014 1.8284912
0.8915605 -0.44839883 -0.06339038 32.10742 0.4496222 0.8931779 0.0057657356 10.0842285 0.054033566 -0.033645876 0.997972 1.883667
0.888639 -0.4543538 -0.061938222 32.935913 0.45553127 0.8901755 0.0056148567 10.511963 0.05258255 -0.033206847 0.99806416 1.9360352
0.8862028 -0.45938793 -0.060567483 33.789307 0.4605708 0.8876339 0.00645923 10.970215 0.050797414 -0.033615988 0.99814326 1.9832764
0.88402873 -0.46378073 -0.058674052 34.64209 0.46485078 0.8853968 0.0053112074 11.417847 0.049488284 -0.03196712 0.99826306 2.03833
0.88188374 -0.46791616 -0.057917513 35.495728 0.4689045 0.8832509 0.0040092045 11.879028 0.049282387 -0.030695682 0.998313 2.0874023
0.8803721 -0.47084755 -0.05721102 36.380005 0.4717676 0.8817321 0.0029630507 12.360596 0.049049407 -0.029594935 0.99835795 2.1367188
0.87848824 -0.4742443 -0.057893008 37.247192 0.47518095 0.87988454 0.0027751816 12.843262 0.04962303 -0.029950636 0.99831855 2.1866455
0.8787343 -0.4739052 -0.056710728 38.149902 0.47481903 0.8800653 0.0030357405 13.343384 0.048469357 -0.029600816 0.9983854 2.2386475
0.8777307 -0.47589993 -0.055277403 39.05188 0.47676823 0.87899435 0.0029100464 13.83252 0.04720533 -0.028911714 0.99846673 2.279419
0.87827027 -0.47514957 -0.053780016 39.9646 0.4759173 0.87949866 0.001686214 14.343384 0.046498876 -0.02707472 0.99855155 2.3428955
0.87952036 -0.47292843 -0.053338133 40.89856 0.4735882 0.88078165 -0.0002996124 14.856934 0.047122817 -0.024993641 0.9985765 2.3929443
0.8776452 -0.47636133 -0.053007632 41.82898 0.47687155 0.8789612 -0.0033778914 15.369141 0.04820215 -0.022313984 0.99858844 2.4416504
0.87741435 -0.47701225 -0.050364815 42.77234 0.47746342 0.87860715 -0.0034404646 15.891602 0.045890424 -0.0210343 0.99872476 2.4934082
0.87566996 -0.4806458 -0.046588387 43.708008 0.48106396 0.8766758 -0.0025141188 16.404541 0.042052023 -0.020214986 0.9989107 2.5523682
0.87275183 -0.4862782 -0.042047694 44.65149 0.48661003 0.87357503 -0.0026307344 16.932495 0.038014494 -0.018166266 0.9991124 2.6053467
0.86920273 -0.49286345 -0.039377112 45.5968 0.49312812 0.8699376 -0.0033572018 17.473633 0.035910595 -0.016500399 0.9992189 2.6602783
0.8647435 -0.5005989 -0.03996159 46.51367 0.5007168 0.8655634 -0.0077268137 18.005981 0.038456436 -0.0133256195 0.9991716 2.7041016
0.85928047 -0.5098929 -0.04158332 47.43994 0.5099279 0.8602004 -0.010559174 18.55481 0.041152824 -0.012127499 0.9990792 2.7613525
0.85328126 -0.51978725 -0.04144768 48.35034 0.51980793 0.8542021 -0.011124458 19.118164 0.04118892 -0.012051974 0.9990787 2.8067627
0.8491012 -0.52697426 -0.03727924 49.280273 0.52708715 0.8498162 -0.007530801 19.702026 0.035647623 -0.013256847 0.99927616 2.8535156
0.8435716 -0.535874 -0.034468643 50.193848 0.53609025 0.84413123 -0.003411355 20.299805 0.030925062 -0.015601236 0.99939996 2.9106445
0.8401862 -0.54103243 -0.03746631 51.083008 0.54131776 0.8408326 -0.0029410394 20.890625 0.03309258 -0.017811801 0.9992934 2.9466553
0.837294 -0.54517496 -0.040274628 51.986572 0.5454305 0.83807945 -0.0053183446 21.479248 0.036652073 -0.017523795 0.999174 2.9941406
0.834919 -0.54845357 -0.046448924 52.87378 0.54872984 0.8359934 -0.007714131 22.087158 0.043063052 -0.019049607 0.99889046 3.043335
0.8307735 -0.5545021 -0.047897138 53.76245 0.55480677 0.8319127 -0.0079033375 22.686768 0.044229515 -0.020013582 0.99882066 3.0960693
0.829513 -0.55669516 -0.04454532 54.66333 0.55696315 0.8304963 -0.0072975517 23.29419 0.04105878 -0.01875601 0.9989808 3.1520996
0.8256119 -0.56292415 -0.039171815 55.553467 0.56318814 0.82634574 -0.004979424 23.912842 0.03517201 -0.01794725 0.99922013 3.199463
0.82327133 -0.566357 -0.036671262 56.454346 0.56664455 0.8238842 -0.003013215 24.533936 0.031920098 -0.018300073 0.9993231 3.2478027
0.82133067 -0.56923664 -0.038277198 57.340332 0.56956184 0.821992 -0.0028511519 25.167725 0.03308885 -0.019459007 0.99926305 3.2891846
0.8170197 -0.57502264 -0.03989117 58.212402 0.5753663 0.8177437 -0.0033998762 25.79358 0.034579113 -0.020178678 0.99919856 3.3275146
0.81323016 -0.580419 -0.041443564 59.09546 0.5807127 0.8140558 -0.0058043967 26.42395 0.03710354 -0.01935186 0.9991237 3.3797607
0.80995816 -0.58502084 -0.040587608 59.982178 0.58523995 0.81078166 -0.007498981 27.072021 0.037294608 -0.017681267 0.99914795 3.428711
0.80561006 -0.5912473 -0.039897576 60.851807 0.59146935 0.80640227 -0.007252292 27.71814 0.0364599 -0.017752508 0.9991773 3.4744873
0.80338 -0.59419817 -0.038466882 61.72412 0.5943943 0.8041217 -0.0073644505 28.390137 0.035307404 -0.016946822 0.9992329 3.5251465
0.7959395 -0.6041679 -0.039030366 62.600586 0.6043215 0.79672813 -0.009075106 29.051392 0.036576014 -0.016361983 0.9991967 3.5723877
0.7920027 -0.6092846 -0.039504487 63.45996 0.609418 0.7928221 -0.009965039 29.724243 0.03739064 -0.016176956 0.99916995 3.6210938
0.7875552 -0.6150527 -0.039977364 64.333984 0.6151683 0.7884049 -0.010796428 30.417236 0.038158692 -0.016079195 0.9991427 3.6712646
0.78097045 -0.6232922 -0.04015738 65.201904 0.62335217 0.78185403 -0.012546882 31.10669 0.03921644 -0.015235162 0.99911445 3.7200928
0.77620775 -0.6290896 -0.040544033 66.0708 0.6290264 0.7771546 -0.015904881 31.81128 0.04151286 -0.013162525 0.9990511 3.7712402
0.76999426 -0.6367247 -0.03977002 66.917725 0.6366231 0.7709217 -0.016816989 32.523926 0.04136477 -0.012374891 0.99906725 3.8218994
0.7639121 -0.6443068 -0.03791788 67.78052 0.6441665 0.76477253 -0.017435657 33.250366 0.040229682 -0.011109125 0.9991284 3.873413
0.75859016 -0.65053475 -0.036368337 68.63037 0.6503891 0.7593883 -0.017324049 33.992065 0.03888764 -0.010507967 0.99918866 3.9265137
0.7515611 -0.65867865 -0.03649019 69.481445 0.6584345 0.75239295 -0.020042166 34.730713 0.04065937 -0.008963733 0.99913305 3.9813232
0.74598575 -0.66500956 -0.03710406 70.32153 0.6646982 0.7468619 -0.021964908 35.493286 0.042317986 -0.008273869 0.99907005 4.040039
0.74145794 -0.6699249 -0.03722339 71.16089 0.66964346 0.7423371 -0.021422816 36.26526 0.04198271 -0.0090522235 0.9990769 4.0897217
0.736381 -0.6755191 -0.036735773 72.001465 0.6752642 0.7372358 -0.020839635 37.04187 0.041156307 -0.00945982 0.99910796 4.144043
0.73244023 -0.67984456 -0.03760327 72.83496 0.6795895 0.7333359 -0.02116219 37.831177 0.041960396 -0.010051882 0.9990688 4.199951
0.7257828 -0.6869097 -0.038109902 73.673096 0.6866446 0.7267085 -0.02173302 38.622437 0.04261944 -0.01039606 0.9990371 4.2541504
0.7213519 -0.69136846 -0.03948859 74.507324 0.69103837 0.7223595 -0.023674775 39.432007 0.044897616 -0.010208665 0.99893975 4.3114014
0.71800035 -0.69486207 -0.040313017 75.34717 0.6944416 0.71907 -0.025912458 40.243042 0.047001474 -0.009393584 0.9988507 4.371826
0.7109497 -0.7020095 -0.041243237 76.16699 0.7015618 0.7120775 -0.0269126 41.061157 0.048263106 -0.009801725 0.9987866 4.4375
0.70749325 -0.705543 -0.039668594 76.998535 0.70509094 0.708547 -0.026808027 41.899292 0.04702535 -0.009000499 0.99885345 4.4970703
0.7034308 -0.7096668 -0.03823248 77.828125 0.7091668 0.7044278 -0.027711444 42.740112 0.046596497 -0.0076209614 0.9988847 4.5601807
0.6979743 -0.7151597 -0.03763992 78.64258 0.7145976 0.69895715 -0.029101709 43.58374 0.04712215 -0.0065783705 0.99886775 4.626343
0.6955287 -0.7176368 -0.036527332 79.46924 0.71699697 0.69647014 -0.030679548 44.446167 0.047456272 -0.0048492854 0.99886155 4.6850586
0.6905791 -0.7222581 -0.035652626 80.2876 0.72154677 0.69148976 -0.032241873 45.30493 0.047943115 -0.0034554303 0.9988444 4.750244
0.68598574 -0.7268997 -0.034565657 81.108154 0.72612226 0.6868536 -0.033664014 46.1864 0.04820859 -0.002009248 0.99883485 4.8117676
0.6854035 -0.7274613 -0.033802584 81.92749 0.726576 0.68623626 -0.03587335 47.068726 0.04929413 3.4709694e-05 0.9987846 4.8811035
0.6795407 -0.7329118 -0.032745115 82.74121 0.7317991 0.68031967 -0.040540095 47.945557 0.05198164 0.0035910602 0.9986416 4.9473877
0.6748292 -0.7372757 -0.03092572 83.56494 0.73591024 0.6754905 -0.045554973 48.835205 0.054477964 0.007979548 0.9984828 5.0129395
0.6704238 -0.74146897 -0.025736002 84.383545 0.73988146 0.67074996 -0.050757498 49.737793 0.054904412 0.014986467 0.9983791 5.0891113
0.6609498 -0.7502247 -0.022057854 85.194336 0.74851817 0.6610374 -0.05411406 50.64331 0.05517062 0.01925816 0.998291 5.165039
0.65523076 -0.75532466 -0.01808259 86.00537 0.75360715 0.65507764 -0.055850636 51.567627 0.054022055 0.02297311 0.99827564 5.2421875
0.64391065 -0.7649756 -0.01572659 86.80249 0.7633435 0.6436723 -0.05522004 52.50659 0.0523581 0.02355174 0.9983506 5.3101807
0.63627785 -0.7713815 -0.015212348 87.586426 0.76975226 0.6360253 -0.055349134 53.458496 0.052364778 0.023511764 0.99835145 5.390747
0.6280935 -0.77798086 -0.016150242 88.36987 0.7762783 0.6278873 -0.056250393 54.42798 0.053912286 0.02278484 0.99828523 5.456787
0.6177113 -0.78630066 -0.015562988 89.1333 0.7844682 0.6174351 -0.058828205 55.397705 0.055871315 0.024141433 0.9981469 5.5343018
0.6071893 -0.7944502 -0.01528654 89.89014 0.79252684 0.60688335 -0.060481384 56.385986 0.0573181 0.024606846 0.9980525 5.611206
0.59861064 -0.8010238 -0.012035175 90.63916 0.79913306 0.5981187 -0.06130456 57.39087 0.056302827 0.02708375 0.9980466 5.689575
0.5861733 -0.81009674 -0.00945957 91.38159 0.8082579 0.5855611 -0.061504833 58.401123 0.055366896 0.028405305 0.99806184 5.768799
0.5770734 -0.81675136 -0.00855532 92.11035 0.8149125 0.5764216 -0.06184188 59.422607 0.05544117 0.028716093 0.9980488 5.8477783
0.56734735 -0.82332003 -0.009444948 92.823 0.82138366 0.5667362 -0.062991604 60.46167 0.05721644 0.02797404 0.9979694 5.923584
0.55683845 -0.83055735 -0.010444384 93.52954 0.82855904 0.55629575 -0.06346818 61.516846 0.058530837 0.026697481 0.9979291 6.0041504
0.5478128 -0.83637697 -0.011368234 94.21411 0.83428574 0.5473202 -0.06452933 62.568604 0.060198102 0.025868706 0.99785143 6.0859375
0.5380621 -0.8429469 -0.011235839 94.89551 0.8408574 0.53758734 -0.06444295 63.642334 0.06036817 0.025221784 0.9978571 6.1713867
0.5289602 -0.84872866 -0.01039993 95.57202 0.8467362 0.5284917 -0.06309426 64.731445 0.059039623 0.024566593 0.99795306 6.255249
0.5215148 -0.8531619 -0.007108515 96.2334 0.8513286 0.52090764 -0.06170939 65.816895 0.056360282 0.026138023 0.9980688 6.338135
0.51414406 -0.8577444 -0.0067416197 96.88965 0.85593796 0.51354337 -0.061308846 66.9209 0.056039993 0.02575033 0.9980963 6.418579
0.5059562 -0.8624835 -0.0053896904 97.54443 0.86049086 0.5051932 -0.06505711 68.03418 0.05885378 0.028278941 0.99786615 6.5042725
0.49987367 -0.8659396 -0.0041501466 98.18091 0.86377984 0.49895397 -0.06835571 69.1355 0.06127539 0.0305921 0.99765253 6.5894775
0.49470297 -0.8691623 -0.0041712667 98.81323 0.8668179 0.49370864 -0.07119589 70.24878 0.06394523 0.031617425 0.99745333 6.6740723
0.49026078 -0.8716598 -0.0032407707 99.44214 0.8691399 0.48911998 -0.07424539 71.371826 0.06630179 0.03357271 0.9972339 6.7686768
0.48442513 -0.87474483 -0.00079559116 100.075195 0.8722265 0.483099 -0.075395554 72.49121 0.06633879 0.035834607 0.9971538 6.866577
0.48040554 -0.8768621 0.0032631366 100.683105 0.8746474 0.4789199 -0.07290422 73.616455 0.062389046 0.037888832 0.99733317 6.9595947
0.47810054 -0.8781626 0.008597193 101.29614 0.87623507 0.47634953 -0.07160329 74.7417 0.058797773 0.041774042 0.9973959 7.05249
0.47293085 -0.8809383 0.010713239 101.906006 0.87910193 0.47107658 -0.071412764 75.86133 0.057860196 0.04320259 0.9973903 7.1436768
0.4702323 -0.88256305 0.012790136 102.50195 0.88084537 0.46829093 -0.07080739 76.978516 0.056495108 0.044555206 0.99740785 7.2319336
0.47054836 -0.8821828 0.015103482 103.08667 0.880585 0.46848658 -0.07057199 78.096436 0.055200253 0.046521284 0.99739164 7.312378
0.46682477 -0.8842722 0.017184857 103.67578 0.88279295 0.46468267 -0.07001518 79.20361 0.05393332 0.04784594 0.99739695 7.3952637
0.4661207 -0.88453585 0.019926062 104.26001 0.8831556 0.46380168 -0.07067922 80.30371 0.05325586 0.050549213 0.99730134 7.484253
0.46189404 -0.88668144 0.0222778 104.83789 0.88542783 0.4594728 -0.07034185 81.40112 0.05214355 0.05221866 0.99727345 7.5670166
0.45943695 -0.8878733 0.026157169 105.40015 0.8868551 0.45685616 -0.06967735 82.4939 0.04992614 0.055211704 0.9972256 7.642334
0.45946562 -0.8876927 0.028436027 105.96338 0.8868309 0.45680693 -0.069097266 83.58887 0.04834298 0.05696479 0.9972051 7.7230225
0.45668638 -0.88918597 0.029771347 106.509766 0.88835627 0.45392296 -0.06983435 84.653564 0.04857009 0.058326155 0.99711466 7.7963867
0.45696008 -0.8889241 0.031044185 107.05322 0.8881198 0.4540703 -0.0708894 85.71948 0.048930563 0.059967346 0.9970003 7.8724365
0.4566825 -0.889049 0.031142674 107.59131 0.88815665 0.45367476 -0.07276274 86.77124 0.050568514 0.060897037 0.9968626 7.951538
0.45516998 -0.88973707 0.030469265 108.11841 0.88878965 0.4521877 -0.07295757 87.80713 0.051130068 0.06030819 0.9968709 8.030518
0.45917618 -0.88787735 0.028952142 108.63379 0.8868311 0.4562441 -0.07334667 88.835205 0.05190365 0.05935288 0.99688697 8.102539
0.46090183 -0.8870745 0.025308479 109.15967 0.8858606 0.45820057 -0.07263403 89.85034 0.05282019 0.05588644 0.9970386 8.175903
0.4664318 -0.88411266 0.024344428 109.681885 0.88283616 0.46374404 -0.07312706 90.84473 0.053384565 0.05560699 0.9970246 8.25415
0.47462592 -0.88000774 0.02249515 110.21753 0.878674 0.47204736 -0.07276484 91.85718 0.053386725 0.054302096 0.99709696 8.326904
0.4791037 -0.8774224 0.02205067 110.75488 0.87611187 0.47657648 -0.07210106 92.84473 0.052761916 0.05385669 0.9971532 8.3984375
0.4884568 -0.87226826 0.02027756 111.292725 0.8709428 0.48606214 -0.071093336 93.82666 0.052167315 0.052381087 0.99726313 8.468872
0.49846184 -0.86669993 0.019227855 111.839355 0.8654069 0.49616706 -0.06996497 94.805176 0.05107426 0.051519684 0.997366 8.540039
0.5078968 -0.8613945 0.018416815 112.39746 0.8600702 0.5056146 -0.07021783 95.767334 0.05116224 0.051492564 0.9973615 8.610107
0.5172281 -0.8557482 0.01731289 112.96289 0.8543271 0.5149214 -0.071487166 96.72168 0.052264385 0.051771685 0.99729073 8.677856
0.52523017 -0.8509203 0.01382029 113.533936 0.84932 0.5230743 -0.07190859 97.66235 0.053956952 0.04949925 0.9973151 8.749512
0.535983 -0.84427595 0.010147544 114.117676 0.8424973 0.5339827 -0.07241305 98.59888 0.05571114 0.047367837 0.9973232 8.817017
0.5499049 -0.835101 0.007944715 114.71704 0.8333592 0.54808795 -0.070475295 99.52051 0.054490782 0.04538106 0.9974831 8.885376
0.56092685 -0.82784176 0.007417349 115.32715 0.8262045 0.5592034 -0.06850321 100.42822 0.052567735 0.04455197 0.99762285 8.95752
0.57541454 -0.8178663 0.007237871 115.94287 0.81635255 0.5737603 -0.06653248 101.333984 0.05026525 0.04419285 0.9977576 9.022827
0.58455175 -0.81143 0.006687698 116.56616 0.8099366 0.5829319 -0.0660188 102.21094 0.049653035 0.04401061 0.99779683 9.092529
0.59532046 -0.8034745 0.0054720044 117.20776 0.8019017 0.59369916 -0.06694355 103.07593 0.050544336 0.044235233 0.9977412 9.159302
0.60722107 -0.7946411 0.0038497776 117.84985 0.79296744 0.60561234 -0.067995034 103.93359 0.051688094 0.04434688 0.99767864 9.223633
0.6168611 -0.78717095 0.0042001107 118.49707 0.78544694 0.6151388 -0.06963891 104.76636 0.052226726 0.046248946 0.9975632 9.288818
0.6272519 -0.7788613 0.0046799364 119.158936 0.77719474 0.62549347 -0.06941202 105.58447 0.051123954 0.047169253 0.99757737 9.362915
0.63935536 -0.76899177 0.0040710852 119.81738 0.76741046 0.6376824 -0.067690305 106.400635 0.049450316 0.046399634 0.99769807 9.425903
0.6476509 -0.7619691 0.005703181 120.47754 0.7606359 0.64603513 -0.0644361 107.190674 0.045413874 0.046070192 0.9979053 9.488525
0.6592356 -0.7519049 0.0067904773 121.16162 0.7506403 0.6575425 -0.06460989 107.96704 0.044124547 0.047692806 0.9978868 9.554321
0.6667953 -0.7453007 0.004148974 121.82251 0.7439891 0.6652702 -0.063255474 108.72461 0.044378724 0.04525814 0.9979885 9.616455
0.6764057 -0.73636264 0.0011192125 122.496826 0.7349348 0.67499816 -0.0632839 109.47583 0.045854457 0.04362994 0.99799496 9.665894
0.6868919 -0.7268015 9.780749e-05 123.180176 0.7253609 0.685521 -0.063044794 110.20776 0.045746192 0.04338619 0.99801135 9.72522
0.6953544 -0.7187385 0.0010274845 123.857666 0.71741647 0.69398755 -0.061621975 110.920166 0.043577213 0.043580078 0.99809843 9.780518
0.7036957 -0.7106221 0.0015973349 124.545654 0.70941806 0.7023689 -0.059816748 111.62671 0.0413742 0.043225598 0.9982083 9.834839
0.71303284 -0.70103747 0.0025328773 125.23901 0.69993544 0.7116998 -0.058740743 112.32031 0.039378185 0.043659575 0.99827033 9.893311
0.7192472 -0.6947953 0.00019380168 125.91455 0.6936529 0.71804804 -0.057512604 112.97949 0.039830748 0.041499265 0.9983438 9.943115
0.72721183 -0.68657196 -0.00051112025 126.62134 0.68540853 0.72602195 -0.057655547 113.65137 0.03995233 0.041578434 0.998336 9.99585
0.73316866 -0.68011 0.0005962963 127.311035 0.67913485 0.7320697 -0.054181594 114.293945 0.03641061 0.04012852 0.99853075 10.040405
0.7408109 -0.67177695 0.0015285307 127.997314 0.6709582 0.7397915 -0.05110441 114.93506 0.03319086 0.03888899 0.9986926 10.09082
0.74779826 -0.6638517 0.0013896754 128.69312 0.66309243 0.7468393 -0.04942924 115.56348 0.03177636 0.037888248 0.998777 10.132935
0.75535494 -0.6553634 0.0009217678 129.37427 0.6546146 0.75442266 -0.048881903 116.157715 0.031338718 0.0375311 0.99880415 10.180908
0.7628022 -0.6467071 -0.00035056233 130.05688 0.6459962 0.7619891 -0.046456926 116.75366 0.030309169 0.035206567 0.99892 10.215332
0.771169 -0.63665694 0.0018580679 130.75342 0.63610816 0.7703767 -0.043868672 117.33667 0.026487336 0.03501268 0.99903613 10.255005
0.7805021 -0.6251117 0.0025034605 131.42944 0.6246832 0.7798055 -0.04036143 117.88257 0.023278778 0.03306689 0.999182 10.292725
0.7905767 -0.61235833 0.002335645 132.12866 0.61199313 0.7899609 -0.0377641 118.440674 0.021279104 0.031287808 0.99928397 10.325928
0.8005428 -0.599387 0.00049418013 132.80566 0.5989878 0.7999788 -0.03716641 118.95801 0.021876989 0.03004897 0.999309 10.35437
0.80921274 -0.58742183 -0.0007217118 133.50757 0.58697015 0.8086377 -0.038239934 119.46924 0.0230434 0.03052298 0.9992688 10.384155
0.8202044 -0.5721818 -0.0007266623 134.20996 0.57174706 0.8196291 -0.037960276 119.95532 0.022313947 0.030720364 0.9992788 10.411133
0.82803637 -0.5608045 0.00023153191 134.90942 0.5604404 0.82748383 -0.036371104 120.44458 0.020201476 0.030245231 0.99933827 10.437988
0.8383514 -0.545196 0.0025737705 135.62744 0.5449553 0.8378208 -0.03403865 120.91846 0.01639727 0.029938873 0.9994173 10.463745
0.84644777 -0.53227675 0.004471334 136.32837 0.53212863 0.84594226 -0.032156978 121.370605 0.013334734 0.029600414 0.9994732 10.489014
0.8547281 -0.51907814 0.0069646677 137.0581 0.51903427 0.8542512 -0.030157339 121.826904 0.009701529 0.029391728 0.999521 10.512939
0.8621285 -0.5066819 0.009195954 137.80103 0.5067172 0.861654 -0.029441807 122.26367 0.0069923257 0.030041464 0.99952424 10.5271
0.86833423 -0.49582967 0.011015894 138.53784 0.49592242 0.86782515 -0.03022291 122.68164 0.005426136 0.03170662 0.9994826 10.540039
0.87421095 -0.4854502 0.011895988 139.27808 0.48557842 0.87370867 -0.029914279 123.093994 0.004128908 0.031926 0.9994816 10.557617
0.8824596 -0.47019488 0.010509176 140.04126 0.47029737 0.8820328 -0.02770507 123.50635 0.003757237 0.02939221 0.9995611 10.568481
0.8871999 -0.46125257 0.01066742 140.79443 0.4613703 0.8868382 -0.02543803 123.91577 0.0022718767 0.027489822 0.99961954 10.582397
0.8926354 -0.4506691 0.010940174 141.54688 0.4508009 0.89231837 -0.023808256 124.31616 0.0009692721 0.026182903 0.99965656 10.5928955
0.89799833 -0.43983662 0.010497357 142.344 0.43995965 0.89766157 -0.024633178 124.68652 0.0014107572 0.02673933 0.99964154 10.603027
0.9029036 -0.4298001 0.009568428 143.10156 0.42989865 0.9025265 -0.026232732 125.06323 0.002635066 0.027798936 0.9996102 10.613525
0.90694827 -0.42112726 0.009466063 143.89282 0.42122528 0.9065602 -0.026663423 125.43799 0.0026484332 0.02816951 0.9995996 10.628052
0.91002905 -0.41443354 0.009193233 144.67822 0.41452867 0.90966135 -0.025973447 125.809814 0.002401917 0.02744832 0.9996204 10.633423
0.9125709 -0.4086619 0.013548989 145.47827 0.40887848 0.91225797 -0.024029462 126.1709 -0.0025384752 0.027467858 0.9996194 10.645386
0.9158206 -0.40117258 0.016298577 146.30762 0.40144587 0.91562223 -0.020241741 126.534424 -0.0068017915 0.025082435 0.9996623 10.644653
0.9173355 -0.39775038 0.01798204 147.14087 0.39804083 0.9172224 -0.017319238 126.91016 -0.009605217 0.023045348 0.9996883 10.643433
0.9212833 -0.38848668 0.019010846 147.98413 0.38878477 0.921219 -0.01575866 127.251465 -0.011391382 0.021908067 0.99969506 10.642334
0.92254597 -0.3853889 0.02088864 148.83447 0.38569894 0.92255336 -0.013557484 127.62158 -0.014046412 0.0205617 0.99968994 10.632935
0.9248144 -0.3796938 0.023971511 149.73535 0.38004452 0.924901 -0.012154512 127.96948 -0.01755535 0.020349 0.99963874 10.627808
0.9291922 -0.36873317 0.025927551 150.61694 0.36912206 0.9293206 -0.012115308 128.31738 -0.019629039 0.020826656 0.9995905 10.620972
0.93178046 -0.3619145 0.027839929 151.51904 0.36234978 0.93194425 -0.012438535 128.66626 -0.021443605 0.021680167 0.99953496 10.608887
0.9354667 -0.3523416 0.027731907 152.42749 0.3527901 0.9356153 -0.013244004 129.0227 -0.021281743 0.022174167 0.99952763 10.5896
0.93835825 -0.34454852 0.028380597 153.39233 0.34506822 0.9384613 -0.015934728 129.3601 -0.021145115 0.024743954 0.9994702 10.580444
0.9416231 -0.33557695 0.027743645 154.34277 0.336101 0.94169277 -0.016938152 129.67139 -0.020442326 0.025274351 0.9994713 10.564941
0.9456644 -0.32408056 0.02634767 155.30957 0.3246004 0.9456706 -0.018584494 130.0149 -0.018893626 0.02612634 0.9994801 10.553833
0.9502126 -0.31068584 0.024398966 156.30103 0.31111047 0.9502517 -0.016032077 130.33496 -0.018204633 0.022824474 0.9995736 10.541138
0.9551467 -0.29511178 0.024143847 157.26123 0.29546872 0.955256 -0.01278816 130.65308 -0.019289764 0.019349154 0.99962676 10.520874
0.9605779 -0.27675173 0.026459783 158.3252 0.27702862 0.9608342 -0.007372974 130.95947 -0.023383081 0.014411846 0.99962276 10.505249
0.96620744 -0.25619116 0.02800618 159.32495 0.25640884 0.9665455 -0.0044144434 131.24976 -0.025937984 0.01144847 0.9995979 10.491089
0.97183275 -0.23394577 0.028786356 160.37231 0.2341104 0.97221607 -0.0024403885 131.52832 -0.027415898 0.009108828 0.99958277 10.474976
0.97634935 -0.21403697 0.030424505 161.45605 0.21417032 0.9767932 -0.0011557853 131.76001 -0.02947097 0.007643582 0.9995366 10.452393
0.9807319 -0.19243291 0.03368688 162.51562 0.19254206 0.98128897 6.1541796e-06 131.9729 -0.0330575 0.006480919 0.99943227 10.425415
0.98498636 -0.16852653 0.037352137 163.63623 0.1685473 0.9856873 0.0026162765 132.19263 -0.037258428 0.0037190202 0.9992988 10.400391
0.9882762 -0.14695193 0.041505452 164.7544 0.14691027 0.98914516 0.0040692617 132.37305 -0.041652713 0.002075098 0.99913 10.366699
0.9911742 -0.12466826 0.045148253 165.86938 0.124522604 0.9922014 0.0060357274 132.54688 -0.045548543 -0.00036258064 0.99896246 10.324951
0.99373364 -0.10211071 0.045465134 167.03516 0.10185887 0.9947683 0.007829157 132.67407 -0.04602661 -0.0031487788 0.9989351 10.284546
0.99570614 -0.08158543 0.04379151 168.18115 0.081321836 0.99665993 0.007769075 132.78394 -0.044278912 -0.0041757915 0.99901044 10.243774
0.99740005 -0.058096316 0.042626604 169.32666 0.057804313 0.9982948 0.008053588 132.87012 -0.043021858 -0.0055685374 0.99905884 10.196533
0.9981908 -0.0391196 0.04565443 170.54175 0.038850054 0.99922216 0.0067766514 132.91113 -0.045883995 -0.0049907113 0.99893427 10.152466
0.9986555 -0.019856142 0.04787474 171.71387 0.01948911 0.999777 0.008119437 132.94165 -0.048025332 -0.00717513 0.99882 10.109009
0.99876356 0.0018997558 0.049680755 172.90967 -0.002337746 0.9999588 0.0087601915 132.95483 -0.049662076 -0.008865473 0.9987269 10.064209
0.998508 0.021117013 0.050348353 174.14087 -0.021648128 0.99971527 0.0100226635 132.94507 -0.0501223 -0.011097919 0.99868095 10.00769
0.9977087 0.043487184 0.051823467 175.36133 -0.044057857 0.9989799 0.0099169 132.91992 -0.05133933 -0.012177503 0.99860656 9.957764
0.99664676 0.06320463 0.051966183 176.57837 -0.06390464 0.99788547 0.01191288 132.85913 -0.051103223 -0.01519393 0.9985771 9.904175
0.9953454 0.08191803 0.05080637 177.8518 -0.08266402 0.9964975 0.01275927 132.77173 -0.049583483 -0.016897975 0.99862736 9.847534
0.99329454 0.104160085 0.050180625 179.11865 -0.10497505 0.9943791 0.013879153 132.66895 -0.04845302 -0.01905396 0.9986433 9.79895
0.99122965 0.12320832 0.047789045 180.36499 -0.124100626 0.9921379 0.016167065 132.53442 -0.04542146 -0.021955568 0.9987266 9.740356
0.98910797 0.13948996 0.046903677 181.7041 -0.14043647 0.989931 0.017513275 132.37158 -0.04398837 -0.023911549 0.9987456 9.692627
0.98611724 0.15990499 0.044696424 182.9939 -0.16081823 0.9868235 0.017620645 132.17749 -0.04128888 -0.024563458 0.99884546 9.644653
0.9832791 0.17778146 0.039514758 184.32373 -0.17863388 0.98373115 0.0191817 131.95752 -0.035462502 -0.02591817 0.999035 9.598389
0.97940177 0.1989665 0.03418203 185.64307 -0.19972955 0.97962695 0.020550271 131.7107 -0.029395547 -0.026954673 0.9992045 9.560181
0.976731 0.21237037 0.02953652 186.93945 -0.21308462 0.9767374 0.02356792 131.4331 -0.023842007 -0.029314687 0.99928576 9.523682
0.97270995 0.2303758 0.027487986 188.26172 -0.2310833 0.9725794 0.02613076 131.15161 -0.020714259 -0.03176992 0.9992807 9.503296
0.9681444 0.24906509 0.025557103 189.63306 -0.24974118 0.9679039 0.027950594 130.81323 -0.017773706 -0.033443294 0.99928254 9.491455
0.9631992 0.2674832 0.0260867 190.90869 -0.26815194 0.96299344 0.02680247 130.47241 -0.017950773 -0.03281158 0.99930036 9.469482
0.95851594 0.28393298 0.025455635 192.25195 -0.28454512 0.95834893 0.024903798 130.08252 -0.017323447 -0.03111415 0.9993655 9.455322
0.9529814 0.30222785 0.021656577 193.61426 -0.30271932 0.95274556 0.024924064 129.69019 -0.013100837 -0.030307902 0.99945486 9.449097
0.94806546 0.31750843 0.017845105 194.94507 -0.31790516 0.94769806 0.027619347 129.25659 -0.00814083 -0.031858522 0.9994593 9.438599
0.9408811 0.33827093 0.018016566 196.30005 -0.33867878 0.9404453 0.0294715 128.79907 -0.0069743586 -0.033832535 0.9994031 9.428711
0.93506676 0.35388154 0.019686094 197.63062 -0.3543464 0.9346028 0.030429859 128.3335 -0.007630854 -0.035429984 0.9993433 9.430542
0.9281047 0.37187892 0.01834992 198.95972 -0.3723061 0.92748797 0.034104653 127.83496 -0.004336998 -0.03848405 0.9992498 9.425171
0.9215154 0.38803092 0.015440532 200.29004 -0.38833764 0.9208359 0.035380732 127.285645 -0.00048759766 -0.038599182 0.9992546 9.429321
0.9145671 0.40423915 0.013480062 201.63867 -0.4044572 0.9138535 0.036195498 126.74512 0.0023116511 -0.038554158 0.99925375 9.436768
0.90488905 0.42544073 0.009336805 202.99194 -0.42548588 0.9041898 0.036239766 126.11499 0.0069807405 -0.03676612 0.9992994 9.458008
0.89639634 0.4431467 0.0051319655 204.27881 -0.44298533 0.8956097 0.039738312 125.5249 0.013016002 -0.037895214 0.999197 9.470703
0.88655156 0.46253023 0.0041860165 205.57153 -0.46226043 0.8856422 0.043345857 124.91504 0.01634429 -0.040364426 0.99905145 9.50061
0.8728541 0.48807383 0.006172158 206.89722 -0.48781744 0.87181586 0.045818813 124.1958 0.016978087 -0.043002926 0.99893045 9.534912
0.85979384 0.5105885 0.007072506 208.19434 -0.5102614 0.8585458 0.05028411 123.4729 0.01960414 -0.046845507 0.9987098 9.567749
0.84384954 0.5365262 0.00813752 209.4707 -0.5361032 0.84234583 0.055278372 122.73755 0.022801992 -0.051009156 0.9984379 9.60791
0.8253174 0.5646323 0.008056478 210.6709 -0.56408465 0.82368857 0.058041763 121.984375 0.026135303 -0.052446827 0.99828154 9.655029
0.8144769 0.58014107 0.008493548 211.86841 -0.5795235 0.81272584 0.06031409 121.207275 0.028089667 -0.054051206 0.9981431 9.6970215
0.7952635 0.60613686 0.007979485 212.9895 -0.6054192 0.7935205 0.06085214 120.39819 0.030556474 -0.053228915 0.998115 9.750122
0.77474475 0.63222677 0.0056216866 214.09229 -0.63123256 0.77296054 0.06362064 119.53491 0.035888255 -0.052836135 0.9979574 9.806274
0.7573203 0.65307516 0.0027703955 215.22339 -0.6517744 0.7555295 0.06643245 118.64966 0.041295603 -0.052117363 0.9977865 9.869019
0.74331486 0.66891724 0.00085329637 216.27661 -0.66747636 0.74162966 0.06654237 117.739746 0.043882195 -0.050024565 0.9977828 9.931641
0.7262407 0.6874199 0.00027465256 217.32373 -0.6858417 0.7245454 0.068022415 116.81372 0.046564016 -0.04959496 0.9976838 10.008667
0.70732284 0.7069184 -3.5520236e-05 218.38281 -0.70526713 0.70567423 0.06829457 115.792725 0.04828754 -0.04828584 0.99766654 10.089355
0.68990517 0.7238794 -0.00015708234 219.4895 -0.7221717 0.688293 0.068494216 114.711426 0.049689297 -0.04713745 0.99765146 10.174927
0.67310804 0.7396815 -0.002302012 220.51855 -0.7377817 0.6715954 0.069612384 113.6228 0.05302719 -0.04516183 0.9975715 10.260864
0.65804744 0.7528647 -0.0055591916 221.49268 -0.75072086 0.6566961 0.07093172 112.52051 0.057063494 -0.042514265 0.99746585 10.354614
0.63975215 0.7684549 -0.008330287 222.53491 -0.76602554 0.638523 0.07326218 111.40918 0.061634757 -0.04049309 0.9972775 10.447998
0.6248699 0.78078544 -0.008532572 223.48145 -0.77816445 0.62360096 0.07578 110.26709 0.06447809 -0.040708367 0.99708813 10.552002
0.60890293 0.7932195 -0.008032242 224.44092 -0.7905699 0.60763854 0.07616524 109.07007 0.06528959 -0.04004614 0.99706423 10.665161
0.59135514 0.8063661 -0.004918093 225.40308 -0.8037276 0.58989424 0.07745258 107.80713 0.065348804 -0.041838344 0.9969843 10.778442
0.5739448 0.81879103 -2.6535243e-05 226.32153 -0.81630886 0.572208 0.07780919 106.58154 0.06370851 -0.044646375 0.99697053 10.892822
0.5527505 0.83331835 0.0060316464 227.17969 -0.8310422 0.55067486 0.07819415 105.34131 0.06184465 -0.048233088 0.9969196 11.005371
0.5352026 0.8447012 0.010232411 228.05615 -0.8425496 0.5328848 0.078796156 104.09424 0.06111026 -0.050786402 0.9968375 11.112183
0.5172508 0.8556853 0.013039695 228.85303 -0.85338455 0.5145987 0.08268827 102.81836 0.0640642 -0.053905066 0.9964891 11.238647
0.49846512 0.8667245 0.016276866 229.61255 -0.8643196 0.49546498 0.08607773 101.54126 0.06655053 -0.0569786 0.9961549 11.353882
0.47787014 0.87826115 0.018331243 230.3606 -0.87592435 0.47481066 0.085738584 100.28027 0.06657859 -0.0570224 0.9961502 11.46936
0.45141783 0.89199007 0.023866646 231.06665 -0.89003533 0.44819972 0.08335133 98.99512 0.0636442 -0.058856186 0.99623466 11.583496
0.43125373 0.90165484 0.027547445 231.70825 -0.89996594 0.42795885 0.08146878 97.70166 0.061652627 -0.059940573 0.9962974 11.701294
0.40943587 0.9117023 0.031337757 232.33203 -0.9102882 0.40607026 0.07940404 96.40161 0.059684437 -0.061060853 0.99634945 11.813232
0.38342103 0.92316085 0.0336642 232.91235 -0.9219417 0.38011163 0.07685111 95.07959 0.058142632 -0.060478717 0.9964732 11.919189
0.36339322 0.9309018 0.034753453 233.45166 -0.9296846 0.36005306 0.07676905 93.78174 0.05893439 -0.06022921 0.996445 12.021362
0.33974272 0.9397918 0.034583833 233.95044 -0.9385428 0.3365056 0.07570496 92.47705 0.059517186 -0.058181092 0.9965303 12.127808
0.31847444 0.9474407 0.033881683 234.4353 -0.9460618 0.31529227 0.07599309 91.15088 0.061317068 -0.05625543 0.99653196 12.233765
0.29688036 0.95442563 0.03284851 234.8562 -0.95296407 0.29383597 0.07524 89.87378 0.062167376 -0.053616043 0.996623 12.332642
0.27562705 0.9605996 0.03294792 235.26196 -0.9592489 0.27275324 0.0725113 88.539795 0.060657155 -0.051610667 0.9968246 12.446289
0.2540385 0.9665775 0.03262515 235.6228 -0.965188 0.25124902 0.071808994 87.25488 0.06123221 -0.04972923 0.99688363 12.542725
0.23266618 0.97196484 0.033916436 235.97339 -0.9702929 0.22960618 0.07623518 85.979004 0.06630735 -0.05064262 0.996513 12.646973
0.21047315 0.9768769 0.03728033 236.2893 -0.97458637 0.2066854 0.08626143 84.677 0.076586895 -0.054508246 0.99557346 12.761353
0.19222823 0.98059696 0.040429205 236.55762 -0.9778687 0.18786132 0.09293576 83.41626 0.08353099 -0.057395063 0.99485093 12.8811035
0.17201363 0.9840797 0.044692494 236.81958 -0.9811863 0.16711655 0.09665887 82.14282 0.087672025 -0.06047656 0.994312 13.003296
0.15101728 0.98737645 0.047901295 237.04468 -0.98457867 0.14590178 0.0965986 80.86987 0.08840185 -0.06176064 0.9941694 13.131592
0.13110496 0.98994577 0.05268948 237.2395 -0.9874347 0.12568277 0.09559084 79.62573 0.088023975 -0.06458923 0.9940245 13.258057
0.10965779 0.9922335 0.058157843 237.41553 -0.9900295 0.10385497 0.09482483 78.362305 0.08806523 -0.067991115 0.9937928 13.387695
0.093062356 0.9939126 0.05874067 237.55688 -0.9917841 0.087347634 0.0933101 77.13159 0.08762414 -0.06693825 0.9939017 13.506958
0.07439681 0.9953388 0.06126438 237.66455 -0.9933258 0.06854178 0.09268904 75.89819 0.08805528 -0.06773739 0.99380857 13.629883
