1 0 0 0 0 1 0 0 0 0 1 0
0.99993985 -0.0025210979 0.010674366 0.014067472 0.0025078305 0.99999607 0.0012561373 -0.008839976 -0.010677492 -0.0012292923 0.99994224 0.29260215
0.99983867 -0.0043880421 0.017418045 0.016818062 0.0043644241 0.9999895 0.0013937454 -0.010763871 -0.01742398 -0.0013175008 0.99984732 0.58440588
0.99978585 -0.0070424876 0.01945918 0.029614712 0.0070432845 0.9999752 2.7602669e-05 -0.015340753 -0.019458894 0.00010945981 0.99981065 0.88034055
0.99981882 -0.0085113131 0.017026244 0.033568262 0.0085328596 0.99996288 -0.0011932087 -0.018561708 -0.017015458 0.0013382751 0.99985433 1.18525
0.99987923 -0.011387264 0.010576189 0.030829928 0.011419048 0.99993045 -0.00294968 -0.02343435 -0.010541866 0.0030700939 0.99993972 1.5038709
0.99992284 -0.012342918 -0.0014009943 0.01723013 0.012336785 0.99991463 -0.0043056432 -0.033908475 0.001454019 0.0042880274 0.99998975 1.8263535
0.99978428 -0.011858582 -0.017051913 -0.0069164996 0.011778681 0.99991921 -0.0047786061 -0.039823287 0.017107205 0.0045767263 0.99984319 2.1591374
0.99931714 -0.007962119 -0.036081233 -0.04234677 0.0077824716 0.99995663 -0.0051167023 -0.04453273 0.036120411 0.0048324072 0.99933576 2.5093319
0.99842962 -0.0041041093 -0.055869898 -0.085668955 0.0037611928 0.99997345 -0.006241542 -0.050099686 0.055894035 0.0060216031 0.99841855 2.853166
0.99716419 -0.0031547946 -0.075190636 -0.12632618 0.0026871972 0.99997642 -0.0063191867 -0.053784542 0.075208805 0.0060992147 0.99714915 3.1996131
0.99530019 -0.0045512976 -0.096730666 -0.17434332 0.004005129 0.99997493 -0.0058397 -0.060790673 0.096754827 0.0054248358 0.99529346 3.5902382
0.99330052 -0.0059342418 -0.11540734 -0.23319894 0.0053769691 0.99997234 -0.0051394629 -0.069974077 0.11543466 0.0044844895 0.99330495 3.9804289
0.99106506 -0.0046999812 -0.13329651 -0.31176736 0.0041538376 0.9999818 -0.0043750033 -0.07734035 0.13331466 0.0037822208 0.99106655 4.3735333
0.98889953 -0.003921825 -0.14853393 -0.38506022 0.0033822121 0.99998673 -0.0038853425 -0.083540489 0.14854721 0.0033398401 0.98889968 4.7991558
0.98672833 -0.0029887862 -0.16235227 -0.47184161 0.0024039374 0.9999899 -0.0037986719 -0.093277559 0.162362 0.0033579724 0.98672555 5.2021154
0.98462582 -0.0045694854 -0.17461707 -0.56481124 0.0037849938 0.99998119 -0.0048253997 -0.098330296 0.17463585 0.0040902885 0.9846246 5.6517985
0.98288559 -0.0074012749 -0.18406827 -0.65552474 0.0062866569 0.9999582 -0.0066383059 -0.11334446 0.18410972 0.0053675212 0.98289104 6.0953702
0.98127012 -0.0066439227 -0.1925222 -0.74847743 0.0050800139 0.99994998 -0.0086157586 -0.12065433 0.19256983 0.0074763711 0.98125479 6.5383578
0.97988098 -0.0063754101 -0.19948087 -0.85870035 0.0043579112 0.99993484 -0.010551191 -0.12336124 0.19953515 0.0094695911 0.97984491 7.0198466
0.97816533 -0.0071567038 -0.207705 -0.96795899 0.0045586504 0.99990531 -0.012984341 -0.13403057 0.20777827 0.011753978 0.97810533 7.4987654
0.97629836 -0.011023525 -0.21614807 -1.0921392 0.007982995 0.9998566 -0.014934946 -0.14661321 0.21628173 0.012855454 0.97624636 7.9876747
0.97447217 -0.016602932 -0.22389355 -1.1984542 0.013336869 0.99978156 -0.016092015 -0.16188177 0.22411184 0.012695182 0.97448074 8.5059009
0.97264248 -0.017192474 -0.23167008 -1.3283532 0.01336356 0.99974711 -0.018086756 -0.18494377 0.23192247 0.014496011 0.97262626 9.0159934
0.9705242 -0.013801278 -0.24060818 -1.4879454 0.0086424949 0.99970988 -0.022482709 -0.19149126 0.24084869 0.019740559 0.9703619 9.5525546
0.96839645 -0.011406129 -0.24915499 -1.6410148 0.0050423825 0.99964493 -0.026164653 -0.21074116 0.24936498 0.024081423 0.96811012 10.084586
0.96610314 -0.013607463 -0.25779749 -1.8000771 0.0066389537 0.99958917 -0.027882192 -0.23141268 0.258071 0.025225569 0.96579658 10.658487
0.9636819 -0.015465707 -0.26660456 -1.9619289 0.0078977541 0.99953548 -0.029435355 -0.26067996 0.26693598 0.026260742 0.9633564 11.209428
0.96157649 -0.015411098 -0.27410425 -2.1341448 0.0068734207 0.99946164 -0.032080794 -0.28213711 0.2744511 0.028964104 0.96116475 11.78387
0.95937846 -0.014590351 -0.28174473 -2.3255252 0.0047175007 0.99935183 -0.035688425 -0.30643255 0.28208284 0.032909576 0.95882545 12.395606
0.95692651 -0.015883293 -0.28989545 -2.5107064 0.0042002294 0.99915529 -0.040878755 -0.33564354 0.29029989 0.037900338 0.95618489 12.949186
0.95510402 -0.016502785 -0.29581068 -2.7178726 0.0024112093 0.99884736 -0.047938795 -0.37793944 0.29626087 0.045073275 0.95404293 13.577799
0.95369917 -0.016850866 -0.30028976 -2.9251969 -2.7424668e-05 0.99842437 -0.056114032 -0.41147821 0.30076221 0.053524142 0.95219602 14.188646
0.95251046 -0.017097969 -0.30402544 -3.1237748 -0.0027327884 0.99790216 -0.064682444 -0.45669166 0.30449361 0.062441543 0.95046552 14.810991
0.95117381 -0.016468949 -0.30821608 -3.3513416 -0.0066206842 0.99725712 -0.073718404 -0.50573491 0.30858478 0.072159617 0.94845582 15.466227
0.94987079 -0.015455779 -0.31226046 -3.5786448 -0.010320647 0.99668283 -0.080726806 -0.56245092 0.31247236 0.079902767 0.9465604 16.092935
0.94835514 -0.014815451 -0.31686435 -3.8229334 -0.01362335 0.99608477 -0.08734721 -0.62752862 0.31691787 0.087152931 0.94444028 16.774285
0.94635398 -0.013547347 -0.32284765 -4.072003 -0.017549186 0.9954914 -0.093214268 -0.69678933 0.3226549 0.093879409 0.9418495 17.42246
0.94529418 -0.010639884 -0.32604553 -4.3062827 -0.022855788 0.99485173 -0.098730226 -0.77461818 0.32541746 0.10078114 0.94018437 18.119437
0.94344127 -0.0082690123 -0.33143655 -4.5826746 -0.027163866 0.99439993 -0.10213181 -0.8511551 0.33042503 0.10535847 0.93793331 18.823375
0.94194044 -0.0073956169 -0.33569854 -4.8306734 -0.029067225 0.99420848 -0.103463 -0.92926014 0.33451954 0.10721381 0.9362702 19.517798
0.93961136 -0.006214448 -0.34218689 -5.1201652 -0.030724423 0.99426633 -0.10242307 -1.0151884 0.34086143 0.10675137 0.934033 20.245765
0.93725214 -0.007285893 -0.34857616 -5.4036819 -0.029881194 0.99442438 -0.10112992 -1.1015905 0.34736948 0.10520011 0.93180867 20.951689
0.93458521 -0.0064002884 -0.35568177 -5.6854646 -0.03089851 0.99459906 -0.099085788 -1.1853833 0.35439496 0.10359415 0.92933981 21.675307
0.93210338 -0.0063177767 -0.36213721 -5.9425576 -0.030498677 0.9949277 -0.095857724 -1.2701504 0.36090598 0.10039402 0.92718279 22.37197
0.92833333 -0.0032974857 -0.37173424 -6.293121 -0.032780998 0.9953392 -0.090693304 -1.3543958 0.37030076 0.096379437 0.92389846 23.198447
0.92514331 -0.00075011316 -0.37961729 -6.6036385 -0.034163399 0.99577584 -0.085225258 -1.4360084 0.37807769 0.091814595 0.92120972 23.919358
0.92161883 0.0010911613 -0.38809473 -6.9413385 -0.035393958 0.99606508 -0.08125044 -1.5089757 0.38647899 0.088618146 0.91803095 24.671089
0.91806308 0.0020849548 -0.39642884 -7.2769702 -0.036452677 0.9961937 -0.079178989 -1.5841218 0.39475486 0.0871422 0.91464466 25.408838
0.91383419 0.0040138576 -0.40606766 -7.6551682 -0.039216475 0.99614972 -0.078407993 -1.6626933 0.4041895 0.087576449 0.91047308 26.197268
0.91085513 0.0036699134 -0.41270988 -7.9909073 -0.039050182 0.99624087 -0.077325355 -1.7304898 0.4108747 0.086548594 0.90757442 26.949567
0.90720283 0.0039792593 -0.42067467 -8.3814882 -0.039482329 0.99634709 -0.075720639 -1.8087603 0.4188367 0.085303195 0.90404601 27.737896
0.90330592 0.0043998576 -0.42897441 -8.7580379 -0.039641154 0.99652528 -0.07325266 -1.8828749 0.42716158 0.083174604 0.9003416 28.519293
0.89926271 0.0040171007 -0.43739047 -9.1495374 -0.038020774 0.99689091 -0.069013964 -1.9530115 0.43575339 0.07869161 0.89661956 29.286127
0.89557493 0.0061868432 -0.44486769 -9.5600049 -0.038576677 0.99721739 -0.063791268 -2.0172928 0.44323516 0.074291378 0.89332155 30.102005
0.89191883 0.0047473264 -0.4521706 -9.9760982 -0.0354504 0.99760142 -0.059453086 -2.0827872 0.45080383 0.069056956 0.88994779 30.887401
0.88858651 0.004659771 -0.45868539 -10.425659 -0.03487331 0.99774072 -0.057422164 -2.1515636 0.45738155 0.067020439 0.88674145 31.714821
0.88533408 0.0056388809 -0.46492124 -10.863143 -0.035929934 0.99776613 -0.056318588 -2.2161131 0.46356513 0.066565356 0.88355896 32.541803
0.88255652 0.0055563706 -0.47017347 -11.312589 -0.035191611 0.99790625 -0.05426475 -2.2687688 0.46888757 0.064437872 0.88090421 33.342732
0.8796307 0.004770004 -0.47563332 -11.792533 -0.034132596 0.99800485 -0.053115685 -2.33619 0.47443104 0.062956788 0.87803852 34.21537
0.87667237 0.0037122281 -0.48107355 -12.256896 -0.033328574 0.99803637 -0.053034091 -2.3948204 0.47993207 0.062527018 0.87507463 35.050008
0.87500939 0.0028307205 -0.48409764 -12.723506 -0.032790549 0.9980329 -0.053433195 -2.4558351 0.48299416 0.062628376 0.87338099 35.880109
0.8732916 0.0039648937 -0.48718172 -13.200337 -0.034643529 0.99794097 -0.053978155 -2.5165686 0.48596463 0.064016365 0.87163083 36.747321
0.87290289 0.0035733041 -0.48788087 -13.706849 -0.033770982 0.99801733 -0.053112487 -2.578589 0.48672382 0.062838261 0.87129289 37.608447
0.87285059 0.0033670074 -0.48797591 -14.229586 -0.032705796 0.9981314 -0.051614342 -2.6419393 0.48689033 0.061011251 0.8713297 38.513955
0.87232781 0.001173012 -0.48892003 -14.732229 -0.029878423 0.99825601 -0.050913869 -2.6995714 0.48800768 0.059021744 0.87084152 39.390711
0.87212963 -0.00074660215 -0.48927428 -15.256558 -0.028159673 0.99826465 -0.0517178 -2.7674047 0.48846387 0.058882431 0.87059516 40.309437
0.87104822 -0.0026868312 -0.49119015 -15.775012 -0.026421396 0.99828106 -0.052314813 -2.8326523 0.49048643 0.058546655 0.86947994 41.239532
0.86977234 -0.0022928643 -0.49344787 -16.303086 -0.02605321 0.99838107 -0.050561596 -2.8978602 0.49276498 0.056832979 0.8683045 42.146247
0.86724316 -0.0034352338 -0.49787296 -16.844427 -0.022965879 0.9986358 -0.046894588 -2.9607816 0.4973549 0.052103101 0.86598117 43.083783
0.86499035 -0.002893056 -0.50178013 -17.396097 -0.021312331 0.99886921 -0.042498184 -3.0295392 0.50133571 0.047454624 0.86395057 44.022533
0.86195313 -0.0027756519 -0.50698036 -17.93424 -0.020850458 0.99894491 -0.040918428 -3.0905989 0.50655907 0.04584054 0.86098582 44.905851
0.85583254 -0.0067063934 -0.5172095 -18.48496 -0.018028798 0.99892162 -0.042784968 -3.1524454 0.51693873 0.045941433 0.85478872 45.802449
0.85062279 -0.0090530299 -0.52569847 -19.054052 -0.017932903 0.99877046 -0.04621667 -3.2147823 0.52547055 0.048740253 0.84941457 46.672375
0.84378915 -0.0079815185 -0.53661545 -19.626021 -0.019584793 0.99876544 -0.045651126 -3.2790053 0.53631738 0.049029428 0.84259113 47.586242
0.83882498 -0.0066750914 -0.54436025 -20.224951 -0.01868253 0.99898289 -0.0410384 -3.3348323 0.54408055 0.044594062 0.83784709 48.486472
0.83439986 -0.0044745789 -0.55114139 -20.824305 -0.01832479 0.99918898 -0.035854958 -3.3919611 0.55085488 0.040016923 0.83364115 49.35531
0.82932776 -0.0028293484 -0.55875526 -21.425335 -0.021725562 0.99906774 -0.037304922 -3.4481913 0.55833995 0.04307728 0.82849314 50.243821
0.82750221 -0.0054823329 -0.56143567 -22.058059 -0.021851842 0.99888024 -0.041961424 -3.5017807 0.56103709 0.046991576 0.82645581 51.111473
0.82415703 -0.0056633275 -0.56633302 -22.649143 -0.026516999 0.99846755 -0.048573572 -3.5782414 0.56574028 0.055049703 0.82274388 51.970163
0.82093867 -0.0070093022 -0.57097332 -23.276753 -0.026426098 0.99838693 -0.050251384 -3.6382057 0.57040458 0.056341902 0.81942921 52.836953
0.8171785 -0.0060734432 -0.57635265 -23.876395 -0.025310021 0.99860184 -0.046408662 -3.7046507 0.57582873 0.052511659 0.81588224 53.715537
0.81507377 -0.0045582436 -0.57933923 -24.509165 -0.023713756 0.99886856 -0.041222041 -3.7643544 0.57887169 0.047337314 0.81404347 54.582349
0.81114304 -0.0027637053 -0.58484127 -25.158077 -0.023887491 0.99899782 -0.037851477 -3.82378 0.58435981 0.044673353 0.81026411 55.438373
0.81004877 -0.0020523262 -0.58635888 -25.778634 -0.025464116 0.99892734 -0.038674777 -3.8823888 0.58580935 0.046259567 0.80912761 56.340964
0.80671266 -0.0027939925 -0.59093726 -26.448548 -0.026164106 0.99883934 -0.040440272 -3.9416259 0.59036442 0.048085025 0.80570324 57.207096
0.8018379 -0.0047973927 -0.59752233 -27.106306 -0.025985687 0.99874181 -0.042889884 -4.0024982 0.59697635 0.049917764 0.80070437 58.025948
0.79808245 -0.0065633027 -0.60251249 -27.747493 -0.024522692 0.99875841 -0.043362225 -4.0623612 0.60204906 0.049381859 0.79693061 58.879613
0.79326936 -0.0086859697 -0.60880887 -28.419107 -0.021490153 0.99887582 -0.042252478 -4.1178385 0.60849152 0.046600993 0.79219092 59.719526
0.78969774 -0.0064705952 -0.61346196 -29.084633 -0.024168995 0.99883999 -0.041647714 -4.1843596 0.61301988 0.047715865 0.7886253 60.576423
0.78327798 -0.0084149542 -0.62161464 -29.769799 -0.022657325 0.99885766 -0.042071602 -4.2477823 0.62125863 0.047037885 0.78219255 61.407155
0.77878086 -0.010548887 -0.62720736 -30.452758 -0.021357341 0.99883303 -0.043317833 -4.3076669 0.62693243 0.047130581 0.77764675 62.247343
0.77365467 -0.0099521921 -0.6335293 -31.131388 -0.023323424 0.99875166 -0.044171663 -4.3704722 0.6331781 0.048949686 0.77245677 63.055255
0.76718674 -0.01020357 -0.64134262 -31.867667 -0.024379327 0.99868713 -0.045051847 -4.4368164 0.64096036 0.050198682 0.76593077 63.889408
0.76347227 -0.013894694 -0.64569109 -32.54286 -0.021278716 0.99868459 -0.046650984 -4.4990971 0.64549 0.049356211 0.76217233 64.710609
0.75607033 -0.015851333 -0.65429837 -33.298378 -0.019197658 0.99873939 -0.04637965 -4.5613723 0.65420879 0.047627275 0.75481291 65.554559
0.74938929 -0.015630457 -0.66194512 -34.048403 -0.018958985 0.99880489 -0.0450482 -4.6267577 0.66185821 0.046308447 0.74819735 66.3872
0.74450089 -0.014400609 -0.66746612 -34.773795 -0.020104009 0.99883037 -0.043974092 -4.6986618 0.66731874 0.046157495 0.74334059 67.200736
0.73614766 -0.015220422 -0.67664978 -35.582576 -0.020207358 0.99880717 -0.044451154 -4.762181 0.67651927 0.046395918 0.73496199 68.006322
0.73096008 -0.018180763 -0.68217797 -36.337517 -0.018404077 0.99875626 -0.046338047 -4.8315016 0.68217203 0.046426119 0.72971636 68.810261
0.72526084 -0.020137339 -0.6881796 -37.109565 -0.016155061 0.99879916 -0.046252154 -4.8920436 0.68828466 0.04466246 0.72406459 69.646672
0.71962201 -0.018017355 -0.69413219 -37.900633 -0.018617553 0.99880324 -0.045226821 -4.9619728 0.69411641 0.045469259 0.71842536 70.449886
0.7142797 -0.017568255 -0.69963978 -38.683866 -0.01962248 0.99878915 -0.045113101 -5.0284323 0.69958524 0.045952041 0.71307008 71.229864
0.70986029 -0.019760757 -0.70406522 -39.511874 -0.017997963 0.99877107 -0.046178264 -5.0876883 0.70411255 0.045451856 0.70863227 72.015059
0.70451559 -0.020136433 -0.70940275 -40.322188 -0.02058141 0.99859724 -0.048784853 -5.1652328 0.70939004 0.048970199 0.70311289 72.814268
0.69963338 -0.022537588 -0.71414644 -41.130565 -0.020277089 0.99847353 -0.051375613 -5.2362231 0.71421426 0.050424905 0.69810842 73.615356
0.69536622 -0.022918272 -0.71829 -41.978366 -0.02092441 0.99842196 -0.052112979 -5.3059504 0.71835091 0.0512674 0.69378935 74.428984
0.68996313 -0.022512981 -0.72349429 -42.844346 -0.020751062 0.99849022 -0.050859361 -5.3829972 0.72354703 0.05010436 0.68845427 75.2102
0.68510438 -0.022980747 -0.72808229 -43.657896 -0.019207662 0.99858482 -0.049592577 -5.4546271 0.72819166 0.04796085 0.68369343 75.981257
0.68113164 -0.02346367 -0.73178487 -44.562292 -0.019450666 0.9985537 -0.050121557 -5.5343845 0.73190259 0.048373081 0.67969014 76.787539
0.6758415 -0.023381949 -0.73667599 -45.39595 -0.020287254 0.99852783 -0.050305011 -5.6077822 0.73676777 0.048943348 0.67437219 77.548481
0.6710536 -0.025192338 -0.74098068 -46.288049 -0.017968122 0.9985764 -0.050222693 -5.6806764 0.74119111 0.04701615 0.66964563 78.336748
0.66767386 -0.02614681 -0.74399456 -47.17617 -0.016621496 0.99861033 -0.050011404 -5.7524218 0.74426835 0.04575761 0.66631142 79.110254
0.66424628 -0.028001362 -0.74698912 -48.049604 -0.015183296 0.99858659 -0.050934117 -5.8322197 0.74735961 0.045174555 0.66288228 79.893282
0.65947052 -0.034140057 -0.75095475 -48.957523 -0.0095259038 0.99850846 -0.053759814 -5.9112173 0.7516701 0.042606536 0.65816168 80.687339
0.65520229 -0.037985332 -0.75449786 -49.868731 -0.0062304486 0.99842942 -0.055676601 -5.9885178 0.75542782 0.041180297 0.65393658 81.500852
0.64912779 -0.042350011 -0.75949953 -50.757452 -0.00021806374 0.9984386 -0.055859727 -6.0698168 0.76067938 0.03642572 0.64810501 82.241611
0.63933929 -0.045427044 -0.76758166 -51.683943 0.0035663717 0.99841778 -0.056117869 -6.1556822 0.76891651 0.033140877 0.63848973 83.020449
0.63184314 -0.046702004 -0.773688 -52.599863 0.0063196085 0.99846035 -0.055108904 -6.2399624 0.77507055 0.029930778 0.63116546 83.770027
0.62248486 -0.045124329 -0.78132985 -53.563702 0.0067357056 0.99860836 -0.052306535 -6.316186 0.78260289 0.027297218 0.62192253 84.502058
0.61409345 -0.044907609 -0.78795463 -54.579832 0.006638036 0.99863844 -0.051741672 -6.4038679 0.78920544 0.02654375 0.61355542 85.272916
0.60593158 -0.045722556 -0.79420168 -55.524144 0.0042279291 0.99851792 -0.054259461 -6.4802446 0.79550556 0.029519693 0.60522686 85.988888
0.59475235 -0.048658026 -0.80243504 -56.535509 0.0060606909 0.9984096 -0.056049434 -6.5656481 0.80388617 0.028472222 0.59410136 86.713287
0.58692692 -0.050590449 -0.80805776 -57.536582 0.0073115634 0.99833639 -0.057192611 -6.6440821 0.80960693 0.027659717 0.5863204 87.45308
0.57823195 -0.051362361 -0.81425405 -58.510168 0.00951104 0.99837297 -0.056222264 -6.7273379 0.81581702 0.024765106 0.57777966 88.145671
0.56581048 -0.050253226 -0.82300246 -59.595369 0.0090546152 0.99845949 -0.054741773 -6.8243244 0.82448564 0.023521498 0.56539387 88.859135
0.55723884 -0.051345114 -0.82876323 -60.611239 0.010233896 0.99843523 -0.05497595 -6.9076404 0.83028923 0.022153258 0.55689235 89.520259
0.54656953 -0.052035123 -0.83579545 -61.631949 0.0083465629 0.99835651 -0.056697636 -6.9911453 0.83737216 0.024013181 0.54610556 90.199007
0.5360702 -0.052476615 -0.84254073 -62.678716 0.0075036701 0.99832277 -0.057405065 -7.0767068 0.84414009 0.024450997 0.53556486 90.844025
0.5263914 -0.05341869 -0.8485626 -63.742439 0.0061961944 0.99823891 -0.058997404 -7.1663601 0.85021983 0.025797867 0.52579536 91.506247
0.51808158 -0.053612227 -0.85364931 -64.828532 0.0059210765 0.99823456 -0.059099182 -7.2540731 0.85531075 0.025563675 0.51748438 92.11446
0.50935089 -0.051462392 -0.85901876 -65.922558 0.0042926289 0.99834983 -0.057264192 -7.3441865 0.86054826 0.025480118 0.50873128 92.757472
0.50185818 -0.050098057 -0.86349782 -67.015942 0.0054672211 0.99848501 -0.054752181 -7.4346897 0.86493268 0.022756896 0.50137177 93.404717
0.49424957 -0.050189379 -0.86786999 -68.12716 0.0059405049 0.99850368 -0.054360893 -7.5204823 0.8692998 0.021712262 0.49380817 94.011578
0.48610242 -0.05350471 -0.87226235 -69.2596 0.0076948123 0.99834735 -0.056950547 -7.6087394 0.873868 0.020971904 0.48571077 94.617746
0.47848448 -0.056882861 -0.87625161 -70.308483 0.010216217 0.99819267 -0.059220152 -7.6989012 0.87803662 0.019383946 0.47820082 95.20329
0.47190961 -0.060153196 -0.87959243 -71.476668 0.01145949 0.99800396 -0.062102949 -7.7963453 0.8815725 0.019227297 0.47165698 95.826698
0.47022314 -0.063471352 -0.88026219 -72.598281 0.012587436 0.9977914 -0.065221779 -7.8960686 0.88245783 0.019588545 0.46998355 96.415503
0.46342307 -0.064823577 -0.88376292 -73.698671 0.014919839 0.99775014 -0.065360896 -8.0027306 0.88601158 0.017104146 0.46334759 97.018313
0.4585083 -0.062614187 -0.88648155 -74.837054 0.017464392 0.99795705 -0.061454974 -8.0989295 0.88851854 0.012695754 0.45866511 97.592077
0.45721592 -0.061046818 -0.88725803 -75.961474 0.022062951 0.99811292 -0.057304734 -8.1907646 0.88908205 0.0066251057 0.45769999 98.160132
0.45304903 -0.059818553 -0.88947639 -77.074951 0.021442575 0.9981888 -0.056207981 -8.2893694 0.89122772 0.0063923067 0.45351113 98.726871
0.45117889 -0.060434198 -0.89038489 -78.194644 0.024420616 0.99816692 -0.055375323 -8.3800251 0.89209939 0.0032404285 0.45182768 99.259033
0.4491771 -0.059575318 -0.89145423 -79.302414 0.026244465 0.99822361 -0.053486848 -8.4706847 0.89305724 0.00062932693 0.44994271 99.84261
0.44456146 -0.057755343 -0.89388442 -80.419803 0.026451757 0.99833043 -0.051348344 -8.559581 0.89535774 -0.00081731944 0.44534697 100.39666
0.44331532 -0.059501081 -0.89438866 -81.541058 0.029757685 0.99822133 -0.051658986 -8.6520203 0.89587168 -0.0037137169 0.44429742 100.93401
0.44131598 -0.060577126 -0.89530472 -82.616118 0.033667231 0.99813411 -0.050939315 -8.7383538 0.89672002 -0.007662098 0.442532 101.47392
0.43937733 -0.059373714 -0.89633825 -83.681174 0.035673875 0.99817946 -0.048632679 -8.819019 0.89759401 -0.010607763 0.44069551 101.98927
0.43693641 -0.059165134 -0.89754442 -84.811164 0.038362304 0.99815223 -0.047121816 -8.9078001 0.89867401 -0.013842636 0.43839877 102.54597
0.43452947 -0.059695921 -0.89867707 -85.854213 0.039704395 0.99810066 -0.047102359 -8.9875006 0.89978207 -0.015214067 0.43607434 103.05895
0.4334971 -0.061362469 -0.89906332 -86.917502 0.041893399 0.99797256 -0.047913638 -9.0672907 0.90018069 -0.016894396 0.43518889 103.55572
0.43357429 -0.062562325 -0.89894339 -87.95777 0.042061755 0.99790473 -0.049162545 -9.1534485 0.90013566 -0.016495522 0.43529732 104.04546
0.43369567 -0.062421238 -0.89889465 -89.007764 0.039998816 0.99794788 -0.050001221 -9.2338726 0.90017122 -0.01426941 0.43530245 104.55532
0.43697238 -0.062115289 -0.89732757 -90.023441 0.037162648 0.99800762 -0.050987492 -9.3113836 0.89870693 -0.011066944 0.43841013 105.03978
0.44059326 -0.062187145 -0.89555026 -91.01735 0.035735634 0.99802197 -0.051721561 -9.3988173 0.89699532 -0.0092148854 0.44194405 105.5265
0.44664118 -0.062781721 -0.89250773 -92.045005 0.034665918 0.99800034 -0.052854392 -9.4813734 0.89404138 -0.0073326521 0.44792444 106.02483
0.45225182 -0.062816594 -0.88967539 -93.034597 0.034326388 0.99800351 -0.053015978 -9.5619905 0.89122952 -0.0065627709 0.45350517 106.52588
0.45899321 -0.062300765 -0.88625266 -94.007583 0.033635797 0.99804169 -0.052739091 -9.6420887 0.88780287 -0.0056029308 0.4601899 107.02686
0.46643693 -0.060410471 -0.88248915 -95.025469 0.031209081 0.99816795 -0.051833758 -9.7184676 0.88400376 -0.0033644976 0.46746775 107.55058
0.47520665 -0.059790005 -0.87784038 -96.008462 0.030573265 0.9982081 -0.051437881 -9.7949196 0.87934293 -0.0023948245 0.4761831 108.04892
0.48515391 -0.059904835 -0.87237436 -96.977555 0.030928642 0.99820194 -0.051344897 -9.8744994 0.87388167 -0.0020711771 0.48613435 108.58363
0.49551588 -0.060552655 -0.86648562 -97.926274 0.029741188 0.99816494 -0.052746758 -9.9512591 0.86808959 0.00036654379 0.49640748 109.14882
0.50494757 -0.062760533 -0.86086527 -98.840558 0.02955762 0.99802538 -0.055422793 -10.031438 0.86264382 0.0025404756 0.50580554 109.68407
0.51475183 -0.061695642 -0.85511645 -99.780057 0.024715629 0.99806072 -0.05713091 -10.108375 0.85698294 0.0082734987 0.51527842 110.22682
0.52847154 -0.059968998 -0.84683026 -100.69896 0.022635245 0.99814266 -0.056558599 -10.185514 0.84864924 0.010721399 0.52884741 110.79682
0.54122085 -0.058711005 -0.83882832 -101.63756 0.023485984 0.99822581 -0.0547141 -10.272933 0.84055247 0.009911703 0.54163951 111.35235
0.55272992 -0.056670152 -0.83143134 -102.55414 0.022943036 0.99834181 -0.052794354 -10.345912 0.8330446 0.01010546 0.55311357 111.96752
0.56380656 -0.054695226 -0.82409377 -103.40569 0.020665076 0.99842659 -0.05212764 -10.419031 0.82564834 0.012359945 0.56404974 112.54748
0.57616955 -0.054634605 -0.81550209 -104.27279 0.019898855 0.99840528 -0.05282925 -10.494356 0.81708796 0.014211047 0.57633789 113.15686
0.5862677 -0.0564318 -0.80814948 -105.14216 0.021676151 0.99830643 -0.053985312 -10.575912 0.80982738 0.014132274 0.58649804 113.78712
0.59841378 -0.057214082 -0.79914169 -105.99213 0.022287226 0.99824969 -0.054779968 -10.646816 0.8008772 0.014970436 0.59864151 114.38599
0.60927831 -0.057177336 -0.79089231 -106.80097 0.02292948 0.99825024 -0.054504077 -10.724105 0.7926249 0.015073402 0.60952326 115.02292
0.621229 -0.05605373 -0.78162168 -107.5962 0.023981729 0.99833111 -0.052534415 -10.801781 0.78326206 0.013891262 0.62153651 115.66391
0.62997206 -0.053736199 -0.77475646 -108.40628 0.023958036 0.99847321 -0.049772109 -10.870144 0.7762482 0.012793395 0.63029764 116.29106
0.64082151 -0.051139951 -0.76598463 -109.1724 0.021456736 0.99858206 -0.04871834 -10.939833 0.76739003 0.01478423 0.64101016 116.94962
0.64976446 -0.051512686 -0.75838812 -109.93595 0.020882882 0.99853425 -0.049932516 -11.013756 0.75984874 0.016607045 0.6498878 117.61018
0.65809344 -0.050347497 -0.75125102 -110.69119 0.018187692 0.99853366 -0.050987578 -11.082819 0.7527166 0.019891069 0.65804416 118.23931
0.66931666 -0.049719405 -0.74131177 -111.40792 0.018359717 0.99856053 -0.050396301 -11.153462 0.74275041 0.020120809 0.66926603 118.88492
0.67795968 -0.048086007 -0.73352462 -112.12577 0.018198793 0.99865027 -0.048646024 -11.21905 0.73487382 0.01963078 0.67791973 119.53971
0.68586948 -0.047333034 -0.72618358 -112.8431 0.019563505 0.99872112 -0.046619741 -11.281171 0.72746159 0.017768361 0.68591834 120.23265
0.69535596 -0.046889441 -0.71713418 -113.51853 0.020355512 0.99875394 -0.045565654 -11.351463 0.71837719 0.017086715 0.69544396 120.87074
0.70227396 -0.045525235 -0.71044965 -114.19108 0.018149791 0.99877378 -0.046059965 -11.413738 0.71167543 0.019452201 0.70223909 121.53009
0.70962264 -0.043531221 -0.70323588 -114.85861 0.016802041 0.99885128 -0.044875565 -11.4776 0.70438161 0.020028919 0.70953889 122.19548
0.71672119 -0.041132934 -0.69614565 -115.52783 0.015902011 0.99896337 -0.04265341 -11.532195 0.69717852 0.019500487 0.71663232 122.86921
0.72275194 -0.038368139 -0.69004165 -116.14945 0.014557249 0.9990814 -0.040304255 -11.587262 0.69095424 0.01908487 0.72264656 123.54531
0.73144867 -0.037341586 -0.68087327 -116.8011 0.014718225 0.99913141 -0.038984532 -11.647744 0.68173767 0.018493938 0.73136295 124.19333
0.73842404 -0.035704691 -0.67339073 -117.41374 0.01331846 0.99917469 -0.038373788 -11.70723 0.67420516 0.0193676 0.73829015 124.895
0.74564458 -0.033249741 -0.66551377 -118.0328 0.0113551 0.99924329 -0.037200901 -11.758126 0.66624715 0.020181675 0.7454579 125.5404
0.75590225 -0.03062233 -0.6539679 -118.60053 0.010880377 0.99935513 -0.034218929 -11.808418 0.6545941 0.018750748 0.75574798 126.20678
0.7643714 -0.026779003 -0.64421985 -119.16068 0.0086134145 0.9994721 -0.031326291 -11.853066 0.6447187 0.018395988 0.76419855 126.85035
0.7741306 -0.024283451 -0.63255995 -119.71555 0.0066953628 0.99952215 -0.030177001 -11.901734 0.63299054 0.019125721 0.77392327 127.51892
0.78356363 -0.023952994 -0.62084962 -120.25391 0.0057081805 0.99949194 -0.031357193 -11.946609 0.62128535 0.021026435 0.78330227 128.19818
0.7929974 -0.024858546 -0.60871763 -120.77509 0.0063166399 0.99944897 -0.032586159 -11.993629 0.6091923 0.021995689 0.79271745 128.87487
0.80281471 -0.023607029 -0.59576104 -121.26546 0.005488092 0.99946611 -0.032208391 -12.040379 0.59620337 0.022587779 0.80251565 129.56027
0.81302229 -0.022397704 -0.58180158 -121.77829 0.005431186 0.99950808 -0.030888556 -12.076154 0.58220726 0.021953212 0.81274399 130.24903
0.82272815 -0.020484468 -0.5680658 -122.253 0.0052725587 0.99958248 -0.028408739 -12.115209 0.56841061 0.020377509 0.82249265 130.93768
0.83183975 -0.019249412 -0.55468194 -122.71999 0.0057585874 0.99964392 -0.026055176 -12.15641 0.55498602 0.018479547 0.8316544 131.642
0.84057145 -0.01797521 -0.54140236 -123.17851 0.0061973506 0.99970299 -0.02356945 -12.191677 0.54166527 0.016456546 0.84043319 132.34992
0.84846726 -0.017265464 -0.52896615 -123.6305 0.0072103298 0.99975208 -0.02106648 -12.228023 0.52919878 0.014060198 0.84838139 133.05952
0.85523228 -0.017392213 -0.51795293 -124.04458 0.0082287079 0.99976644 -0.019983852 -12.257397 0.51817956 0.012828752 0.85517565 133.79185
0.86152328 -0.017638054 -0.50741158 -124.49978 0.0089013114 0.9997675 -0.019639415 -12.294824 0.50764005 0.012403184 0.86147998 134.51404
0.86804851 -0.016721143 -0.49619772 -124.91626 0.0082607031 0.99978077 -0.019239885 -12.323475 0.49641069 0.012602211 0.86799633 135.23386
0.8743892 -0.014805514 -0.48499928 -125.31734 0.006722461 0.99980808 -0.018401318 -12.353445 0.48517868 0.012829525 0.87432092 135.98325
0.8807134 -0.013858189 -0.47344677 -125.72247 0.0058553619 0.99981405 -0.018373167 -12.374531 0.4736134 0.013409292 0.88063077 136.73613
0.88582725 -0.014384092 -0.46379216 -126.11878 0.0067455157 0.99981298 -0.018124585 -12.410039 0.46396617 0.012926734 0.88575861 137.49355
0.89055182 -0.015520781 -0.45461693 -126.50546 0.0077226945 0.99978956 -0.019005134 -12.440069 0.45481627 0.013414189 0.89048427 138.24898
0.89535101 -0.015880071 -0.44507794 -126.8942 0.0080788609 0.99977879 -0.019419391 -12.473723 0.4452879 0.013791448 0.89528124 139.04107
0.89858209 -0.015471123 -0.43853263 -127.27738 0.0079232413 0.99978739 -0.019036557 -12.497362 0.43873394 0.01363131 0.89851362 139.80954
0.90161505 -0.013860529 -0.43231722 -127.6579 0.0077537758 0.99984376 -0.015885193 -12.527335 0.43246989 0.010970238 0.90158165 140.61634
0.90462924 -0.010354973 -0.42607358 -128.06178 0.0058461347 0.99991224 -0.011888746 -12.55519 0.42615933 0.0082640234 0.90461039 141.4138
0.90787277 -0.0073969505 -0.41918052 -128.43347 0.0039962666 0.9999516 -0.008990139 -12.571685 0.41922677 0.0064867451 0.90785839 142.23909
0.91121807 -0.0043937141 -0.41190085 -128.82641 0.0018056864 0.99997611 -0.0066720794 -12.596235 0.41192036 0.0053359553 0.91120424 143.07114
0.9138817 -0.003082832 -0.40596885 -129.2141 0.001049971 0.99998577 -0.0052300538 -12.606735 0.40597924 0.0043533947 0.91387194 143.90651
0.91701701 -0.0018050816 -0.398844 -129.60689 0.0013336308 0.99999805 -0.0014595084 -12.623599 0.39884589 0.00080648309 0.91701762 144.77501
0.92054585 -0.0015217278 -0.39063155 -129.9739 0.0016620178 0.99999862 2.1088313e-05 -12.646521 0.39063102 -0.0006686497 0.92054711 145.6705
0.92359661 -0.0018311287 -0.38336136 -130.3501 0.0024676002 0.99999627 0.0011684667 -12.657917 0.38335783 -0.0020251748 0.92359769 146.55457
0.92718447 -0.0026622843 -0.3745956 -130.71482 0.0033365557 0.99999377 0.0011514674 -12.655378 0.37459023 -0.0023174821 0.92718757 147.433
0.93094279 -0.0050525885 -0.3651301 -131.07528 0.0058304165 0.99998247 0.0010278083 -12.685828 0.36511854 -0.0030856916 0.93095593 148.37102
0.93457621 -0.0068204783 -0.35569759 -131.4299 0.0071157808 0.99997457 -0.00047811948 -12.690229 0.35569184 -0.0020842273 0.93460098 149.29567
0.93873275 -0.0075429938 -0.34456336 -131.77183 0.0071822088 0.99997151 -0.0023235341 -12.71453 0.3445711 -0.00029354869 0.93876018 150.24824
0.94381578 -0.0058453189 -0.33042032 -132.10865 0.0050670165 0.99998199 -0.0032167626 -12.723303 0.3304332 0.0013617859 0.9438284 151.20051
0.94930988 -0.0026851949 -0.31433031 -132.46416 0.0019938356 0.99999483 -0.0025209577 -12.744981 0.31433548 0.0017664469 0.94931033 152.18741
0.95534456 0.0013095481 -0.2954912 -132.78009 -0.0011617976 0.9999991 0.00067558663 -12.749801 0.29549185 -0.00030211729 0.95534522 153.21361
0.96120674 0.0039316739 -0.27580089 -133.0844 -0.0034173973 0.99999141 0.0023452243 -12.762944 0.27580776 -0.0013117245 0.96121192 154.21795
0.96735087 0.0059956513 -0.25336998 -133.35444 -0.0053490095 0.99998044 0.0032409736 -12.784926 0.25338448 -0.0017798804 0.96736402 155.26546
0.97240626 0.0071576726 -0.23318409 -133.61689 -0.0062994043 0.99997037 0.0044251757 -12.783333 0.23320888 -0.0028341479 0.97242254 156.30266
0.97734809 0.0079676804 -0.21148811 -133.8587 -0.00658258 0.99995203 0.0072525431 -12.804418 0.21153577 -0.005696122 0.97735366 157.38735
0.98201376 0.0097694494 -0.18855645 -134.07027 -0.007868319 0.99991041 0.010828466 -12.798449 0.18864536 -0.0091500806 0.98200265 158.46959
0.98595764 0.011745655 -0.16658201 -134.27152 -0.0093834978 0.99984406 0.014960153 -12.809447 0.16673177 -0.013186956 0.98591411 159.57435
0.98953001 0.013378495 -0.14370588 -134.44757 -0.010870028 0.99977479 0.01822656 -12.80435 0.14391738 -0.016473641 0.98945258 160.70317
0.99244178 0.014862559 -0.12181307 -134.59489 -0.012707087 0.99974898 0.018452738 -12.799001 0.12205676 -0.016765379 0.99238151 161.82893
0.99495438 0.014883956 -0.099218221 -134.71795 -0.013312002 0.99977546 0.016486694 -12.797624 0.099441339 -0.015082715 0.99492911 162.97662
0.99684926 0.014902741 -0.077906683 -134.81713 -0.013736913 0.99978583 0.015479011 -12.790128 0.078120683 -0.014360044 0.99684048 164.16059
0.99824725 0.013391403 -0.057646266 -134.89024 -0.012425757 0.99977696 0.017077232 -12.789328 0.057862102 -0.016331002 0.998191 165.31468
0.99919478 0.013757748 -0.037689677 -134.94034 -0.01304775 0.99973397 0.019019675 -12.787606 0.037941322 -0.018512595 0.99910847 166.5109
0.99975285 0.014156402 -0.017141889 -134.98681 -0.013811052 0.99970258 0.020100098 -12.784571 0.017421337 -0.019858383 0.99965101 167.73023
0.99987956 0.015299878 0.002602044 -134.99017 -0.01535048 0.99966814 0.020687354 -12.771939 -0.0022846667 -0.020724805 0.99978261 168.92859
0.99960696 0.015692745 0.023230528 -134.97233 -0.016179689 0.99965014 0.020923927 -12.767863 -0.022894049 -0.021291566 0.99951115 170.18604
0.99888103 0.017924284 0.043765292 -134.92766 -0.018841184 0.99960966 0.020628519 -12.757034 -0.043378461 -0.021430027 0.99882885 171.41486
0.99780051 0.019199623 0.063447013 -134.87564 -0.020483559 0.99959711 0.01964815 -12.744635 -0.063044218 -0.020904555 0.99779178 172.66453
0.99627959 0.019199584 0.084013991 -134.78618 -0.020735575 0.99963273 0.017448243 -12.744503 -0.083648143 -0.019125407 0.9963118 173.93544
0.9944403 0.0210189 0.10318278 -134.66499 -0.022659998 0.99963429 0.014758286 -12.735846 -0.10283485 -0.017014356 0.99455292 175.2252
0.99235721 0.021663781 0.12148186 -134.52233 -0.02340181 0.99964293 0.01289829 -12.738306 -0.12115906 -0.015642607 0.99250984 176.50211
0.98973308 0.021386249 0.14131896 -134.35234 -0.02306431 0.99968147 0.010246838 -12.741885 -0.14105482 -0.013401059 0.98991108 177.80125
0.98703908 0.022865343 0.15884277 -134.15164 -0.02396269 0.99970037 0.0049962491 -12.746971 -0.15868095 -0.0087377933 0.98729125 179.09123
0.98387025 0.024332706 0.1772209 -133.92493 -0.024455425 0.99969981 -0.0014921379 -12.772857 -0.17720402 -0.0028659423 0.98416997 180.37541
0.98065408 0.027051177 0.1938706 -133.69689 -0.026201588 0.99963255 -0.0069455814 -12.786843 -0.19398727 0.0017314953 0.98100252 181.66974
0.9767982 0.028974918 0.21219267 -133.41931 -0.027320972 0.9995692 -0.010723093 -12.821082 -0.21241198 0.0046769879 0.97716901 182.99542
0.97272136 0.031402156 0.22984139 -133.12128 -0.029009574 0.99948411 -0.013782228 -12.850972 -0.23015563 0.0067386671 0.9731305 184.32567
0.96856969 0.030667085 0.24684466 -132.80688 -0.028160313 0.99950981 -0.013679975 -12.885073 -0.24714321 0.0062987867 0.9689585 185.63344
0.96445535 0.029488278 0.26259535 -132.46541 -0.026776565 0.9995448 -0.013899922 -12.922298 -0.26288573 0.0063744529 0.96480592 186.96474
0.95951168 0.029151539 0.28015624 -132.07903 -0.025010192 0.99951883 -0.018346701 -12.977435 -0.2805563 0.010597113 0.95977907 188.30404
0.95490208 0.030476357 0.29535266 -131.7017 -0.024816861 0.99942987 -0.02289233 -13.026739 -0.29588197 0.014530208 0.95511399 189.6326
0.949082 0.032857768 0.31331089 -131.25738 -0.026820628 0.99936257 -0.023560784 -13.065251 -0.31388536 0.013957921 0.94935829 190.97991
0.94323717 0.034590851 0.33031363 -130.81422 -0.028378038 0.9993183 -0.023614077 -13.123989 -0.33090532 0.012900023 0.94357579 192.318
0.9370597 0.038772671 0.34700978 -130.34252 -0.03140898 0.99914666 -0.026822002 -13.167871 -0.34775366 0.014234594 0.93747788 193.66066
0.93030749 0.039611575 0.36463527 -129.83677 -0.030644388 0.99906952 -0.030348173 -13.235544 -0.36549816 0.017059109 0.93065573 194.99013
0.92385356 0.040477246 0.38059977 -129.31085 -0.030092812 0.99899565 -0.03319824 -13.292957 -0.38156131 0.019216996 0.92414376 196.34133
0.91623444 0.040921969 0.39854715 -128.74184 -0.028173936 0.99888832 -0.037793639 -13.375492 -0.39965072 0.023399193 0.91636881 197.65796
0.90753323 0.043986098 0.41767049 -128.16612 -0.02823589 0.99864046 -0.043817531 -13.453801 -0.41903005 0.027972568 0.90754139 198.96274
0.89823972 0.047528579 0.43692839 -127.56709 -0.029690727 0.99842657 -0.047569367 -13.538093 -0.43850185 0.029755974 0.89823756 200.30252
0.88564907 0.050434903 0.4616081 -126.89057 -0.031354567 0.99831057 -0.048917157 -13.627269 -0.46329541 0.028849913 0.88573419 201.63262
0.87273691 0.054779646 0.48510767 -126.20121 -0.034131717 0.9980997 -0.051303126 -13.723408 -0.48699623 0.028216575 0.87294817 202.94324
0.85790799 0.059269918 0.51037334 -125.45984 -0.036537271 0.99784706 -0.054463461 -13.820067 -0.51250262 0.02807699 0.85822652 204.21503
0.84311428 0.062818045 0.53405261 -124.73184 -0.037834565 0.99762166 -0.057615639 -13.926567 -0.5364018 0.02837092 0.84348576 205.49237
0.8282712 0.064343433 0.5566208 -123.9204 -0.037469346 0.99752159 -0.059554341 -14.032413 -0.55907324 0.028470929 0.82862932 206.71666
0.81154399 0.065562969 0.58060126 -123.0759 -0.036518589 0.99743334 -0.061588311 -14.145221 -0.58314902 0.028778885 0.8118553 207.94898
0.79620135 0.067802803 0.60122055 -122.21264 -0.034744974 0.99718498 -0.066444739 -14.266685 -0.6040333 0.032014 0.79631584 209.16939
0.77961288 0.070342417 0.6222987 -121.31064 -0.033130108 0.99691298 -0.071182232 -14.394516 -0.62538484 0.034877762 0.77953664 210.33511
0.76280611 0.072153416 0.64258905 -120.36512 -0.031219711 0.99670559 -0.074855193 -14.520553 -0.64587321 0.037038555 0.76254572 211.49757
0.74720722 0.073533332 0.66051054 -119.37554 -0.029188568 0.99653207 -0.077922169 -14.656175 -0.66394987 0.038944652 0.74676229 212.64824
0.73103974 0.074387054 0.67826796 -118.35482 -0.027623528 0.99645124 -0.079510133 -14.802842 -0.68177554 0.039388914 0.73050029 213.78685
0.71496153 0.07491371 0.69513877 -117.324 -0.025468208 0.99637379 -0.081182737 -14.942185 -0.69869981 0.040338596 0.71427684 214.87939
0.70037533 0.075337939 0.70978768 -116.25112 -0.022587661 0.99625544 -0.08345593 -15.088814 -0.71341729 0.042418033 0.69945444 215.94991
0.68494326 0.076840036 0.72453316 -115.16914 -0.019790985 0.99601845 -0.086922718 -15.242522 -0.7283276 0.045197906 0.68373686 217.02177
0.6706315 0.079322764 0.73753728 -114.05168 -0.017755925 0.9956978 -0.090942953 -15.408902 -0.74157816 0.047893553 0.66915476 218.08037
0.65485331 0.081829997 0.75131281 -112.9138 -0.016449199 0.99542866 -0.094080802 -15.566896 -0.755577 0.049250633 0.6532058 219.10059
0.63901697 0.082585849 0.76474626 -111.74748 -0.01538168 0.99539265 -0.094640792 -15.738954 -0.76903886 0.048713992 0.63734311 220.07881
0.62281974 0.083526943 0.7778938 -110.5946 -0.015611967 0.99541348 -0.094383581 -15.901187 -0.78220962 0.046639507 0.62126719 221.04843
0.60531419 0.084704662 0.79146686 -109.41521 -0.017901221 0.99551899 -0.092851942 -16.072877 -0.79578535 0.042036377 0.60411809 221.99608
0.58608848 0.085190605 0.80575604 -108.20476 -0.019587044 0.99565632 -0.091021126 -16.233515 -0.81001031 0.037564055 0.58521133 222.92185
0.56934718 0.086962127 0.81748475 -106.99778 -0.021937413 0.99564248 -0.090635553 -16.40509 -0.82180447 0.033669598 0.56877396 223.79329
0.55074858 0.090186901 0.82978447 -105.7899 -0.023676984 0.99543339 -0.092475804 -16.57704 -0.83433534 0.031284126 0.55036888 224.65511
0.53249623 0.093731855 0.84122651 -104.53571 -0.025668285 0.9951808 -0.094637858 -16.746719 -0.84604312 0.028801462 0.53233596 225.46133
0.51275543 0.094205217 0.85335057 -103.27721 -0.026145004 0.99521406 -0.094156336 -16.928343 -0.85813657 0.02596832 0.5127644 226.25147
0.4908368 0.093071106 0.86626609 -102.04375 -0.026496072 0.99541257 -0.091933531 -17.090197 -0.87084859 0.022171712 0.49105113 226.99821
0.47074974 0.091011778 0.87755996 -100.79429 -0.026418445 0.99567319 -0.089089651 -17.251775 -0.8818712 0.018755161 0.47111728 227.6773
0.44878657 0.089674112 0.88912828 -99.531894 -0.026449839 0.99584951 -0.087087081 -17.411115 -0.8932475 0.015566213 0.44929575 228.36066
0.42641319 0.088183861 0.9002196 -98.259031 -0.024439691 0.99599624 -0.085989449 -17.570605 -0.9041983 0.014665948 0.42686112 228.9827
