7.776074390314968721e-01 -6.283870991245413817e-01 2.136175125595015864e-02 -6.595764647267628789e+01 6.274205195934509094e-01 7.777234309878501284e-01 3.859736371271592359e-02 2.571256418568272650e+01 -4.086761989597496175e-02 -1.661079607757795853e-02 9.990264856837918206e-01 -8.895877082026434346e-01 -4.809208017785018303e-24 -1.416202385148814181e-23 -3.430527606006730092e-24 9.999999999999997780e-01
7.495515692216493386e-01 -6.613660363410334142e-01 2.770218496642416414e-02 -6.556244522929557661e+01 6.606169202916998273e-01 7.500419016000973160e-01 3.197546666463138565e-02 2.609011693937734577e+01 -4.192528713883655889e-02 -5.666729097198867568e-03 9.991046784394844726e-01 -8.985843412230707372e-01 -4.809208017785018303e-24 -1.416202385148814181e-23 -3.430527606006730092e-24 9.999999999999997780e-01
7.211138638536165324e-01 -6.927223899360319681e-01 1.142303985020826779e-02 -6.520768511937545497e+01 6.923754422275518738e-01 7.211450364509295330e-01 2.379250727415934547e-02 2.648965173354555702e+01 -2.471927099068514308e-02 -9.248074583363385601e-03 9.996516547068731162e-01 -9.099461389677101497e-01 1.489987262537059018e-18 1.123668444525989017e-18 1.159705539379749006e-20 9.999999999999997780e-01
6.910394257041003740e-01 -7.226765591973507430e-01 -1.425141779698289347e-02 -6.487085566047794316e+01 7.228127758446722950e-01 6.909689311522224653e-01 1.017974744662801696e-02 2.690055044128198602e+01 2.490622064357535855e-03 -1.733571368688990519e-02 9.998466231541204285e-01 -9.123407317710252595e-01 7.059240273070392938e-19 1.707185943757954871e-18 2.934199410069608945e-20 9.999999999999998890e-01
6.562976281414670821e-01 -7.539636080550186081e-01 -2.850089515334650048e-02 -6.453210842929627233e+01 7.540155380349979897e-01 6.567626757717217600e-01 -1.110657980496334955e-02 2.732222758434243204e+01 2.709228114570191165e-02 -1.420089581076811394e-02 9.995320619472357615e-01 -9.307594268650517533e-01 -1.093615348633594304e-18 2.778938177980761955e-18 6.954256146334061198e-20 9.999999999999998890e-01
6.189711736661851482e-01 -7.849222604524516145e-01 -2.778005069320851894e-02 -6.419509522954369629e+01 7.842108885374969862e-01 6.195932918479746254e-01 -3.342805702137981172e-02 2.776875335090878849e+01 4.345075913646312404e-02 -1.094414549833885170e-03 9.990549703531115266e-01 -9.417033092901467839e-01 -2.788455166379929492e-18 5.391864723142265641e-18 1.531565877195525808e-19 9.999999999999998890e-01
5.859997999574670935e-01 -8.100033743777693696e-01 -2.233311322752612807e-02 -6.386829311861863800e+01 8.090261570827115278e-01 5.863998037720085099e-01 -4.014906340297387521e-02 2.825460495520889381e+01 4.561701004875466647e-02 5.459270352464191955e-03 9.989440849023674129e-01 -9.700917753757016815e-01 -4.056430255202736143e-18 9.075094518325655547e-18 1.731103258626280117e-19 9.999999999999996669e-01
5.572232241645912465e-01 -8.302096081073417899e-01 -1.594631800352974693e-02 -6.356232950910550272e+01 8.298601208730647105e-01 5.574513170828191422e-01 -2.408752513604430975e-02 2.876112513381314884e+01 2.888699077715960531e-02 1.889150325629775453e-04 9.995826659536208858e-01 -9.378217618235943354e-01 -7.119853887608382469e-18 1.286246991980630775e-17 2.051428640057007269e-19 9.999999999999995559e-01
5.286645784659703695e-01 -8.487944979572621396e-01 -7.852624585227219872e-03 -6.328539597729951538e+01 8.487541482357265910e-01 5.287185442516246781e-01 -8.549667660012010700e-03 2.927884440966387558e+01 1.140873910843661493e-02 -2.145041241744942949e-03 9.999326174648089927e-01 -8.798657661820620257e-01 -1.087659556842362964e-17 1.756321792593831734e-17 2.560054510456465626e-19 9.999999999999995559e-01
4.987799173704663969e-01 -8.667059510144730083e-01 -6.276026131948284417e-03 -6.301228999349409321e+01 8.666901613812932892e-01 4.988129393434779790e-01 -5.815127547694727041e-03 2.979637130052098115e+01 8.170568693768316682e-03 -2.538901263393503280e-03 9.999633972239141411e-01 -8.728878915059267163e-01 -1.483308239826530999e-17 2.111282563870732938e-17 2.453358432284653307e-19 9.999999999999994449e-01
4.713132226189338803e-01 -8.819555984168057083e-01 -4.262464757679874233e-03 -6.274992636946000601e+01 8.818362270044927120e-01 4.713212954206462135e-01 -1.486960744248665839e-02 3.031646348802139102e+01 1.512332394143544798e-02 3.249446763144949162e-03 9.998803559269936470e-01 -8.664072868140609840e-01 -1.933503653329587348e-17 2.427996603411552386e-17 2.281145008561840615e-19 9.999999999999990008e-01
4.458066155243556872e-01 -8.951134798281765725e-01 -5.321633641465713972e-03 -6.250239351266117183e+01 8.948634654771607799e-01 4.458112233330249752e-01 -2.171937624626351163e-02 3.085535330137170362e+01 2.181375045532205764e-02 4.920506093245121532e-03 9.997499431912232337e-01 -8.631056578212802366e-01 -2.413184171251929454e-17 2.887721537617975143e-17 2.217946442618341327e-19 9.999999999999986677e-01
4.226917941249251909e-01 -9.062549439922155115e-01 -5.798591994696457655e-03 -6.226249848008640697e+01 9.060145862636642677e-01 4.227153171750219762e-01 -2.119740793375663249e-02 3.140899934335145005e+01 2.166140939399315360e-02 3.706361463330930077e-03 9.997584939512952351e-01 -8.581241969652692037e-01 -3.010929137275163998e-17 3.690167657172758897e-17 2.455435504580336391e-19 9.999999999999984457e-01
4.031627821869049888e-01 -9.151145277708825354e-01 -5.017182674739800730e-03 -6.203055047991276183e+01 9.150078889644495117e-01 4.031926123345943580e-01 -1.401001397694123796e-02 3.198616953311227817e+01 1.484365831376002927e-02 1.057554485658332606e-03 9.998892675623458626e-01 -8.516088101286070078e-01 -3.640688493397961108e-17 4.329485399151299987e-17 2.863637345985355953e-19 9.999999999999981126e-01
3.859428816326921918e-01 -9.225200066599280602e-01 -2.220231794894637553e-03 -6.180277144744449913e+01 9.225054018139928758e-01 3.859492652098407417e-01 -5.191175973917618557e-03 3.257329910962621966e+01 5.645860523866230718e-03 -4.467840963362477866e-05 9.999840610043599920e-01 -8.471813921001448699e-01 -4.258881662043778087e-17 4.985269487275318060e-17 3.046617117212552197e-19 9.999999999999978906e-01
3.696337611163293957e-01 -9.291764508418742796e-01 1.416278184973573983e-03 -6.157845765126980808e+01 9.291757726731936229e-01 3.696355971847653521e-01 1.381582801668400622e-03 3.315810075700709092e+01 -1.807241036881048575e-03 8.052917295681056610e-04 9.999980426906088793e-01 -8.436551521729417358e-01 -4.834961974048632016e-17 5.844141619444024091e-17 2.876047533477442656e-19 9.999999999999975575e-01
3.554959193297767550e-01 -9.346761673534417225e-01 1.764517316728209367e-03 -6.136368966895497579e+01 9.346708379259941468e-01 3.554999290387572675e-01 3.197684186824575892e-03 3.375656388556373599e+01 -3.616084981032511182e-03 5.124791992389089376e-04 9.999933306249902953e-01 -8.445854443726686922e-01 -5.470623319200670152e-17 6.719877144898980513e-17 2.181637208402783727e-19 9.999999999999972244e-01
3.425423853488632764e-01 -9.395023147438454902e-01 3.388664500629744690e-04 -6.115975074147726787e+01 9.394998799417819679e-01 3.425422844599001482e-01 2.181500943677925144e-03 3.435637101826895190e+01 -2.165601274132650245e-03 -4.288915477389027204e-04 9.999975631086005512e-01 -8.492445196929537810e-01 -6.020422252809462891e-17 7.433252244662268216e-17 1.434117851873498447e-19 9.999999999999965583e-01
3.303411823793390711e-01 -9.438518090568326357e-01 -4.297180979350907933e-03 -6.096324950969373191e+01 9.438615103260474815e-01 3.303358465143752531e-01 1.917767623460264878e-03 3.497078255543976866e+01 -3.905755243140128811e-04 -4.689461353578670486e-03 9.999889281401803665e-01 -8.535760538929215713e-01 -6.545245091000431334e-17 8.218211012314346857e-17 8.265939441758189668e-20 9.999999999999955591e-01
3.199031205468755856e-01 -9.474211480299293830e-01 -7.427094319310236642e-03 -6.076633016191926373e+01 9.474502426460633675e-01 3.198947465918571265e-01 2.321381665773703494e-03 3.559853204151522732e+01 1.765623723870930121e-04 -7.779419553848780297e-03 9.999697242702421107e-01 -8.605955673568073117e-01 -7.009776631672861295e-17 8.764364056378411320e-17 5.407027991973344726e-20 9.999999999999944489e-01
3.118850899944335398e-01 -9.500729908012249814e-01 -9.434128957548597663e-03 -6.057226664824515439e+01 9.501197249864009597e-01 3.118743404108634820e-01 2.627543537678842401e-03 3.622764191064689498e+01 4.459045986841961903e-04 -9.783043663347704838e-03 9.999520454630492772e-01 -8.631901178294048016e-01 -7.560852927355899912e-17 9.455828924272236331e-17 5.547191842332587851e-20 9.999999999999935607e-01
3.057916908882785112e-01 -9.520334993126903234e-01 -1.112016052638352751e-02 -6.037411182302357560e+01 9.520966692969797807e-01 3.057927973759050344e-01 1.642372247667143103e-03 3.686910016459874129e+01 1.836871596512246836e-03 -1.108969158590197325e-02 9.999368203257795740e-01 -8.617608112368343454e-01 -8.021204980437585828e-17 1.016154394812782701e-16 7.754558505980646564e-20 9.999999999999925615e-01
3.012154622872481036e-01 -9.534701461088214147e-01 -1.280334949596714095e-02 -6.017510681200523237e+01 9.535534878581725104e-01 3.012189402044639919e-01 1.701721361820199676e-03 3.751877460091195360e+01 2.234070850752505229e-03 -1.272126335483390186e-02 9.999165857140533964e-01 -8.625856683148260817e-01 -8.507244732736806874e-17 1.104783374915099965e-16 1.128582232343416610e-19 9.999999999999915623e-01
2.978808668378533087e-01 -9.545168285176264256e-01 -1.283016946877267236e-02 -5.997446696885774742e+01 9.545993550895062185e-01 2.978902180926746857e-01 1.220339040050732017e-03 3.817495288767714356e+01 2.657147830994563854e-03 -1.261118715166846711e-02 9.999169453129520546e-01 -8.671839435109978123e-01 -8.966784943112772785e-17 1.209589621966357358e-16 1.630301252859019621e-19 9.999999999999906741e-01
2.956216099905804584e-01 -9.552321078296649448e-01 -1.181032928800079818e-02 -5.977205920545278417e+01 9.552961130443133886e-01 2.956499034171008455e-01 -6.863030345617221690e-04 3.883205943656014369e+01 4.147301407637373448e-03 -1.107947565458464005e-02 9.999300201065099980e-01 -8.698434825270556781e-01 -9.398253304567760843e-17 1.313885759142336433e-16 1.893284341788917700e-19 9.999999999999898970e-01
2.947611607046660143e-01 -9.555067164193884466e-01 -1.108029861949253771e-02 -5.956651510151942119e+01 9.555569656287736802e-01 2.947997808379518303e-01 -1.993653979579272477e-03 3.950163716094296262e+01 5.171419372351421413e-03 -1.000020476604141992e-02 9.999366241548813816e-01 -8.671126105236616199e-01 -9.848719200694802968e-17 1.416304549962277291e-16 2.263592995441905245e-19 9.999999999999891198e-01
2.944458634543553055e-01 -9.556078573909879692e-01 -1.073575275642946365e-02 -5.936093391590504353e+01 9.556567190135453194e-01 2.944787294251908216e-01 -1.585345498229147549e-03 4.017971316674587712e+01 4.676419445925453049e-03 -9.792895831253320763e-03 9.999411134123589173e-01 -8.658230970125616599e-01 -1.028287315270349393e-16 1.552707195784345074e-16 2.969713990588369477e-19 9.999999999999884537e-01
2.934825866864258503e-01 -9.558862463926193209e-01 -1.222518994937429708e-02 -5.915275820029101794e+01 9.559594886037974248e-01 2.934981479997890719e-01 5.415431764813978706e-04 4.086974500489216666e+01 3.070416934862772555e-03 -1.184571982432749276e-02 9.999251229275266661e-01 -8.667780450329952702e-01 -1.068750686493971097e-16 1.715782887331369956e-16 3.685437443771860652e-19 9.999999999999880096e-01
2.928830228918097300e-01 -9.560890254217703221e-01 -1.064473437114119361e-02 -5.894535128843605065e+01 9.561480717879933255e-01 2.928574466132310428e-01 3.921833656270930397e-03 4.156452578515602170e+01 -6.322323904794472120e-04 -1.132658074019289064e-02 9.999356523551279352e-01 -8.685196239055507084e-01 -1.105669343924622001e-16 1.870506637181717858e-16 4.739823126558146733e-19 9.999999999999876765e-01
2.923752848756781542e-01 -9.562816116179189141e-01 -6.494003028229388373e-03 -5.872738365721630771e+01 9.562996373302924402e-01 2.923476132501255376e-01 4.886375839668838025e-03 4.226752909464139663e+01 -2.774245077184682960e-03 -7.638868268853750074e-03 9.999669750825544989e-01 -8.744278688029726299e-01 -1.142143192226557711e-16 2.021048569321289701e-16 5.320533541226739248e-19 9.999999999999871214e-01
2.918569049868606768e-01 -9.564599472267719671e-01 -1.978980162169655718e-03 -5.850753681232292536e+01 9.564612804463905604e-01 2.918535340288667679e-01 1.825837245393391447e-03 4.297068005379168198e+01 -1.168767841268412381e-03 -2.425701107340186378e-03 9.999963749713292049e-01 -8.806263964654378329e-01 -1.179888346324126923e-16 2.147546959871461539e-16 5.215936091372934415e-19 9.999999999999865663e-01
2.914563326611382399e-01 -9.565841230876633849e-01 1.469978207201690741e-04 -5.828393427861316667e+01 9.565799119162496922e-01 2.914545861129052007e-01 -3.016015912418152246e-03 4.368035018414067139e+01 2.842229747804653640e-03 1.019652099474375150e-03 9.999954410093986334e-01 -8.800992690856267453e-01 -1.222580893749467643e-16 2.263492162887764707e-16 4.768018808535952897e-19 9.999999999999861222e-01
2.912254841067367650e-01 -9.566480976346721787e-01 -3.483489456615093596e-03 -5.806866364601678043e+01 9.566332084931221669e-01 2.912413497617562519e-01 -5.601838718551938046e-03 4.440439738408836234e+01 6.373524524587675585e-03 -1.701023502938969843e-03 9.999782421153463607e-01 -8.807969426441099037e-01 -1.268627672510004425e-16 2.378815196838592142e-16 4.134304576972287914e-19 9.999999999999855671e-01
2.909030612977009378e-01 -9.567034678971692019e-01 -9.689346788709838482e-03 -5.784991587292945781e+01 9.567039455541925808e-01 2.909754330284350377e-01 -7.131474943758009735e-03 4.514453202711883506e+01 9.642068687525965145e-03 -7.195268409898712518e-03 9.999276266929787438e-01 -8.813566131861286790e-01 -1.323754627293274581e-16 2.498599174399543696e-16 4.053875082539414121e-19 9.999999999999849010e-01
2.903171049793317193e-01 -9.568923989078615966e-01 -8.539055498906832770e-03 -5.762429770358522774e+01 9.568791115261027214e-01 2.903824318996213183e-01 -7.772333561442211491e-03 4.587976678760944793e+01 9.916878608622465424e-03 -5.914402460578819035e-03 9.999333354589750034e-01 -8.817098786218532380e-01 -1.377690176818181383e-16 2.636322807693570984e-16 4.945498711629128246e-19 9.999999999999843459e-01
2.898001911717045798e-01 -9.570796993506703876e-01 -3.781307671890703909e-03 -5.738940887773316035e+01 9.570500947172281281e-01 2.898214782015408608e-01 -7.656825368571919428e-03 4.662614787060105925e+01 8.424096300739350798e-03 -1.399951409961662898e-03 9.999635367039524381e-01 -8.836139650486397601e-01 -1.432916769912190572e-16 2.761803615231093322e-16 5.606733385554142960e-19 9.999999999999834577e-01
2.900713491758846185e-01 -9.569968836544465729e-01 -3.946778812472009554e-03 -5.715970610834476417e+01 9.569922774221052419e-01 2.900863032868478686e-01 -3.964542813997594742e-03 4.738780208956327300e+01 4.938961593715194588e-03 -2.627036561311625780e-03 9.999843525461734606e-01 -8.801322037688148470e-01 -1.482426244143126511e-16 2.868917445876022493e-16 5.433378371739320366e-19 9.999999999999825695e-01
2.912986504172484503e-01 -9.566154281802736747e-01 -5.658518586613882871e-03 -5.693012432888933461e+01 9.566321378690639810e-01 2.912921770676893396e-01 1.954577991816772685e-03 4.815938690265478783e+01 -2.214972644765238760e-04 -5.982486663840897584e-03 9.999820802355330329e-01 -8.779033089100720666e-01 -1.526805592935230397e-16 2.985585925757729209e-16 5.287307327963388368e-19 9.999999999999817923e-01
2.910551209113727555e-01 -9.566746943903563505e-01 -7.774683557348715038e-03 -5.669459739841131807e+01 9.566943108885846980e-01 2.910012081187408617e-01 7.368336768906749538e-03 4.894498839559905434e+01 -4.786659018625190332e-03 -9.582587677470116513e-03 9.999426293086743911e-01 -8.837541394775030312e-01 -1.574386015707910077e-16 3.108773460634305201e-16 5.267228396659452079e-19 9.999999999999810152e-01
2.907855902478527765e-01 -9.567819589914087208e-01 -3.467485082914313187e-03 -5.644867412453110234e+01 9.567571732847551802e-01 2.907450327098869414e-01 9.112481691408581830e-03 4.973160664649013540e+01 -7.710504020121525942e-03 -5.967319593600600540e-03 9.999524684826383014e-01 -8.998247394717623360e-01 -1.625758453881149355e-16 3.241682883267253043e-16 5.504787796301149467e-19 9.999999999999800160e-01
2.901585012426649013e-01 -9.569753000768078666e-01 2.513801810340186415e-03 -5.620376618633223842e+01 9.569440152225765495e-01 2.901693462336934481e-01 7.739653473043808102e-03 5.051259343249828504e+01 -8.136085432719061469e-03 1.598413459798430313e-04 9.999668887340567025e-01 -9.103646408354739705e-01 -1.671223269043144332e-16 3.392909786548847810e-16 5.138620633760972014e-19 9.999999999999789058e-01
2.893758830374815738e-01 -9.572145870409708435e-01 1.353762271241606106e-03 -5.596753501145858678e+01 9.571961533236533759e-01 2.893787335836929264e-01 5.955888831438850388e-03 5.130160279317965433e+01 -6.092813679867721023e-03 -4.276745513286749458e-04 9.999813471839510415e-01 -9.124370932600701645e-01 -1.717451453733122435e-16 3.554442473186968749e-16 3.698124393835214901e-19 9.999999999999779066e-01
2.900046050156714905e-01 -9.570034221370337102e-01 -6.463674476163620668e-03 -5.573901550681453898e+01 9.570201396465627397e-01 2.899743705161588192e-01 5.226543264852400589e-03 5.211092877897450393e+01 -3.127519852958813868e-03 -7.701588264935095227e-03 9.999654514820253137e-01 -9.220253230529914523e-01 -1.762934832350585850e-16 3.708958803471992047e-16 2.453016700894542035e-19 9.999999999999767963e-01
2.892449164261285399e-01 -9.572153663311745442e-01 -8.724722410352686586e-03 -5.549400539509507269e+01 9.572540804835125705e-01 2.892460637259662848e-01 1.157590843779746168e-03 5.290989426487509206e+01 1.415527870711443025e-03 -8.686603395267344235e-03 9.999612688510385317e-01 -9.318404093549541578e-01 -1.812290023067599134e-16 3.903866112538002762e-16 2.770303530037892940e-19 9.999999999999757971e-01
2.884453735822551934e-01 -9.574635665219873859e-01 -7.923713902388839631e-03 -5.524658713895617268e+01 9.574793265188070723e-01 2.884797191257856830e-01 -3.576442653764219833e-03 5.370964136238833930e+01 5.710144299734324497e-03 -6.555183913432927403e-03 9.999622111939079350e-01 -9.328447635657531878e-01 -1.867379842460118952e-16 4.089884048766859110e-16 3.634996856204495204e-19 9.999999999999746869e-01
2.886297311804249532e-01 -9.573906263925885396e-01 -9.801365942436489342e-03 -5.500273189675220209e+01 9.574144626764826693e-01 2.886825940254931222e-01 -4.461677315056491143e-03 5.452429460617086221e+01 7.101051784685111744e-03 -8.096196783221702720e-03 9.999420116492075961e-01 -9.299411803178780911e-01 -1.932930861716682743e-16 4.267926650303162622e-16 4.237674091516994947e-19 9.999999999999736877e-01
2.889213892340827261e-01 -9.572291337144790413e-01 -1.538884047898125482e-02 -5.476685218832496815e+01 9.573375484214208253e-01 2.889702576023356340e-01 -1.004292560367252545e-03 5.535335128001852212e+01 5.408255294974819577e-03 -1.444215321546539997e-02 9.998810804215790826e-01 -9.289691215263142787e-01 -1.990243699850838529e-16 4.454050017665106087e-16 5.119067368844507106e-19 9.999999999999724665e-01
2.890085885199766280e-01 -9.572451644987519659e-01 -1.247921493752647028e-02 -5.451886605146263065e+01 9.573264999732804537e-01 2.889827976409159449e-01 3.862009370171050945e-03 5.617939137678315831e+01 -9.061134982984155809e-05 -1.306283703548838035e-02 9.999146733986952196e-01 -9.290410690944567174e-01 -2.047781847795513438e-16 4.657158966596706061e-16 7.268781540934956845e-19 9.999999999999713562e-01
2.880581661093020718e-01 -9.575934979123247315e-01 -6.098007362213299191e-03 -5.426237307102407215e+01 9.575974527235728839e-01 2.880114890490010349e-01 7.516695612593336621e-03 5.700567727054927758e+01 -5.441642663775710619e-03 -8.004681870117639000e-03 9.999531556993667136e-01 -9.367051289056935737e-01 -2.104937882224189260e-16 4.861801741670046067e-16 9.236526164687672142e-19 9.999999999999702460e-01
2.876804697268931510e-01 -9.576828075896801629e-01 -9.142613677901445871e-03 -5.401403856871370124e+01 9.576953107245167462e-01 2.875810335139167839e-01 1.080930058619449137e-02 5.784655312709944042e+01 -7.722639042951093095e-03 -1.186546291715548720e-02 9.998997807959604245e-01 -9.467150015758931669e-01 -2.157817889753452432e-16 5.054772996128114627e-16 9.820417132121468082e-19 9.999999999999691358e-01
2.881540049298878525e-01 -9.575300686985320775e-01 -1.017039729059537705e-02 -5.376644102421002458e+01 9.575567010995376105e-01 2.880492003162120063e-01 1.062178781465687206e-02 5.867742882499448598e+01 -7.241106409408274401e-03 -1.279944277677118152e-02 9.998918644745540263e-01 -9.624686186784000563e-01 -2.208079771571615456e-16 5.266705905365899218e-16 1.098754028006027769e-18 9.999999999999681366e-01
2.863583930261823784e-01 -9.581038813855632386e-01 -5.985249984341737238e-03 -5.351262048079001943e+01 9.581194204897535149e-01 2.863358299737472912e-01 4.355290281478560455e-03 5.950655104928237904e+01 -2.459029001371159425e-03 -6.981758172657940263e-03 9.999726037392273614e-01 -9.589390026031374692e-01 -2.263546054339946661e-16 5.489627108997515317e-16 1.268173637639857321e-18 9.999999999999671374e-01
2.859204766314877855e-01 -9.582391307988366025e-01 -5.220081292742038623e-03 -5.326165453902488878e+01 9.582507918245858347e-01 2.859280563857988788e-01 -7.526877168547353334e-04 6.034536776296452842e+01 2.213822521779030845e-03 -4.786938201408198409e-03 9.999860920094398864e-01 -9.620814149668125426e-01 -2.326432886186572420e-16 5.735195140683967724e-16 1.342543309665346708e-18 9.999999999999662492e-01
2.858642509064213133e-01 -9.582383443635723586e-01 -7.804194068320112997e-03 -5.301404922307411738e+01 9.582626387218775577e-01 2.858847268523824203e-01 -1.624248171327503628e-03 6.119540637824285056e+01 3.787516768060816223e-03 -7.014153114231169196e-03 9.999682276815744508e-01 -9.691445607840251109e-01 -2.390411879920630517e-16 5.981060901764125541e-16 1.395888185185859501e-18 9.999999999999650280e-01
2.851084204272487654e-01 -9.584748025063782872e-01 -6.264308566833841699e-03 -5.275779521831849905e+01 9.584950392596272017e-01 2.851068272618068611e-01 1.164801778953210342e-03 6.203822329814681069e+01 6.695639854456089841e-04 -6.336403481017795908e-03 9.999797006313659864e-01 -9.724876857249433737e-01 -2.461762944897156749e-16 6.254000209386044171e-16 1.531205170632071779e-18 9.999999999999639178e-01
2.843560548970426316e-01 -9.587160547629014484e-01 -2.271647689554449467e-03 -5.249938577752393343e+01 9.587127572237432727e-01 2.843451052823644520e-01 4.208353382770798311e-03 6.288987741432251966e+01 -3.388684050719162691e-03 -3.374528385438353446e-03 9.999885646238035886e-01 -9.722520574617419253e-01 -2.526122559055580505e-16 6.490270403345201722e-16 1.638453470940417062e-18 9.999999999999625855e-01
2.836986267006271767e-01 -9.589134875244947898e-01 -1.124800531431244840e-04 -5.225380195604588351e+01 9.588938078103573792e-01 2.836920488451955547e-01 6.441022026527907715e-03 6.374308809215239791e+01 -6.144473197941161847e-03 -1.935165529942695388e-03 9.999792500763601266e-01 -9.676998775570515576e-01 -2.578210655780299615e-16 6.734624307298320787e-16 1.636762649227395371e-18 9.999999999999613642e-01
2.835290042073019823e-01 -9.589471891983322172e-01 -5.620685171896678579e-03 -5.201354241750790663e+01 9.589580471016111440e-01 2.835024180628759605e-01 5.083586463976341036e-03 6.459602799324282785e+01 -3.281413113265544464e-03 -6.831345483756160950e-03 9.999712821109628669e-01 -9.666185933077756642e-01 -2.621659181818491857e-16 6.960341807329744770e-16 1.580929999689942411e-18 9.999999999999600320e-01
2.835075200521979810e-01 -9.589611100613725236e-01 -4.132246806968299484e-03 -5.176043668758989469e+01 9.589695217027250917e-01 2.835091050479544572e-01 2.092842989977258404e-04 6.544504301113876465e+01 9.708340904042310395e-04 -4.022032416638577842e-03 9.999914403314573708e-01 -9.757540155158499484e-01 -2.667240139421883979e-16 7.205723880885063638e-16 1.660057795407060724e-18 9.999999999999585887e-01
2.830055712362093412e-01 -9.591141010093202635e-01 -2.826286309709718277e-03 -5.150620822291164558e+01 9.591087276197883815e-01 2.830146696668979223e-01 -3.625652581627311025e-03 6.629938947138887784e+01 4.277295002735155387e-03 -1.684635986435106423e-03 9.999894333185830320e-01 -9.893554710190161083e-01 -2.719341537943971950e-16 7.443969780825412170e-16 1.697115390620248277e-18 9.999999999999569233e-01
2.835417619149350754e-01 -9.589467596168890218e-01 -5.018114226436747559e-03 -5.125762125694602389e+01 9.589579986832758030e-01 2.835477117118977430e-01 -5.019402961673613420e-04 6.715680272831529862e+01 1.904208826555030699e-03 -4.669839739804877363e-03 9.999872832117974175e-01 -9.928599906812913822e-01 -2.785796211444923209e-16 7.708323739690776296e-16 1.708381158080824152e-18 9.999999999999553690e-01
2.839162390747509424e-01 -9.588378402613357832e-01 -4.643842435500807747e-03 -5.101016901855386010e+01 9.588404191483417272e-01 2.838897515436674679e-01 5.626684249833835763e-03 6.801771701712408458e+01 -4.076738498711648256e-03 -6.050210857997219589e-03 9.999733872216515218e-01 -9.855709233560753235e-01 -2.851873375904234689e-16 7.958189428604876170e-16 1.779900105853733960e-18 9.999999999999538147e-01
2.832271602114273534e-01 -9.590463099602585251e-01 -3.542748948855911021e-03 -5.075717250059589958e+01 9.590191335779651993e-01 2.831842933300510179e-01 9.431725306688646879e-03 6.887572631362638731e+01 -8.042210494401583198e-03 -6.068884801932658384e-03 9.999492444556248305e-01 -9.803384885268141558e-01 -2.910040669894259534e-16 8.219386454374727231e-16 1.860260234598622294e-18 9.999999999999524825e-01
2.832003884908407820e-01 -9.590530679717116369e-01 -3.840933819907116960e-03 -5.050966550757794238e+01 9.590200012540587293e-01 2.831491600875041814e-01 1.035327658914533128e-02 6.972370283596113438e+01 -8.841784491311557512e-03 -6.615584308992425271e-03 9.999390265866235916e-01 -9.872905349224870841e-01 -2.964696365154468923e-16 8.463693479121801230e-16 1.890004134399708386e-18 9.999999999999511502e-01
2.835706934780995447e-01 -9.589405203178816839e-01 -4.554151154294058639e-03 -5.025489104972047016e+01 9.588968758645760593e-01 2.835007798149938862e-01 1.200372030515495583e-02 7.058843615993949072e+01 -1.021974839152819774e-02 -7.770864605327242047e-03 9.999175818065396681e-01 -1.005786977914287617e+00 -3.029445906865426482e-16 8.686338259623635423e-16 1.909010019882187310e-18 9.999999999999497069e-01
2.836946333677517473e-01 -9.588881109715532425e-01 -7.137621147876186366e-03 -5.001035025024522440e+01 9.588657406729350630e-01 2.835970999664213510e-01 1.221377313080796237e-02 7.144686147785252217e+01 -9.687433187029123594e-03 -1.030900227899300518e-02 9.998999340483979426e-01 -1.019327350965211654e+00 -3.092353516789081319e-16 8.937931115273353975e-16 1.970009311985329979e-18 9.999999999999483746e-01
2.837858057672332790e-01 -9.588391071594025705e-01 -9.653135589072187051e-03 -4.976450819836750838e+01 9.588704395513610867e-01 2.837059197269785060e-01 8.856142848584219393e-03 7.229375603538231587e+01 -5.752964391255763199e-03 -1.176935399962885515e-02 9.999141891716860631e-01 -1.029454397813113209e+00 -3.158610594715188826e-16 9.195834779363655200e-16 2.095497253740980573e-18 9.999999999999469313e-01
2.837600522627334865e-01 -9.588476810813195694e-01 -9.558097337720540543e-03 -4.951371571485952217e+01 9.588931003939260567e-01 2.837667406312364693e-01 6.774423576001856791e-04 7.313004999834616626e+01 2.062706094520249354e-03 -9.357424668842449778e-03 9.999540908696029629e-01 -1.023024026019031751e+00 -3.236978109111273089e-16 9.469892672398937896e-16 2.290244030672764399e-18 9.999999999999453770e-01
2.834670605227531115e-01 -9.589385872797551169e-01 -9.122029619498680034e-03 -4.926114977807102235e+01 9.589433202541349788e-01 2.835282151230446024e-01 -6.281701107924329841e-03 7.397455353067688577e+01 8.610118362473568460e-03 -6.966854022643771162e-03 9.999386625221192704e-01 -1.020823940624813631e+00 -3.311606320836779430e-16 9.725285623474148857e-16 2.514638860579736842e-18 9.999999999999439337e-01
2.835758189884985403e-01 -9.589022685899336595e-01 -9.549564280834692276e-03 -4.900795453960355275e+01 9.589151532697595126e-01 2.836361809739769146e-01 -5.678527257843977126e-03 7.483154868910042978e+01 8.153754612388900910e-03 -7.546928878235939324e-03 9.999382781701752210e-01 -1.020327110877845112e+00 -3.393812984163778228e-16 9.962047646401228641e-16 2.721331049940075088e-18 9.999999999999421574e-01
2.838220035916587669e-01 -9.588414955695092612e-01 -8.249645514031034646e-03 -4.875709270379910265e+01 9.588747555238603670e-01 2.838293878565703587e-01 2.860204572167031941e-04 7.568840512127863462e+01 2.067243553331045338e-03 -7.991555724672453134e-03 9.999659301900694075e-01 -1.013520341360572674e+00 -3.467781595871898993e-16 1.019019275005934672e-15 2.922829576131621092e-18 9.999999999999401590e-01
2.835215590577440659e-01 -9.589370380050661336e-01 -7.435233109426107358e-03 -4.850589208212825554e+01 9.589520939178969305e-01 2.834674184823219867e-01 7.556734024886193647e-03 7.654770612327018853e+01 -5.138785807462255793e-03 -9.272529371184886487e-03 9.999438049606478307e-01 -1.011255023177022094e+00 -3.548125704127839145e-16 1.041183831657729257e-15 3.088327053863160565e-18 9.999999999999379385e-01
2.834049042619053993e-01 -9.589725436144979076e-01 -7.302111590986367501e-03 -4.825627736075709606e+01 9.589565054577882108e-01 2.833109289550591603e-01 1.171913710458083978e-02 7.740031408458642659e+01 -9.169562699960231295e-03 -1.032366834292420578e-02 9.999046659514702062e-01 -1.017330287634513386e+00 -3.638267911944349288e-16 1.064650564594656792e-15 3.271377895830860971e-18 9.999999999999357181e-01
2.832756892900462620e-01 -9.590115924264859260e-01 -7.186755088652849351e-03 -4.800520780172862345e+01 9.589940033782133888e-01 2.831823840136704074e-01 1.175750265244137477e-02 7.825355464044105247e+01 -9.240418902338289400e-03 -1.022266970197951118e-02 9.999050513335505652e-01 -1.026278234238217069e+00 -3.735185404311774373e-16 1.087994679218319800e-15 3.437190778096509097e-18 9.999999999999332756e-01
2.839688802434583992e-01 -9.587784023551869650e-01 -1.027862978921494259e-02 -4.775891923209044165e+01 9.588145061486527121e-01 2.838794700554170269e-01 9.337519993231121335e-03 7.910260189795315000e+01 -6.034720523600294560e-03 -1.250686444197444264e-02 9.999035755960176131e-01 -1.036507106870369288e+00 -3.826329927582347226e-16 1.111366138619747288e-15 3.596458397457359454e-18 9.999999999999306111e-01
2.841938198848208974e-01 -9.586820220456597763e-01 -1.275356207277884152e-02 -4.751100531885540335e+01 9.587597155078774191e-01 2.841152441779519755e-01 7.637797104052296282e-03 7.995085801336894349e+01 -3.698737369229590163e-03 -1.439821627913103440e-02 9.998894992495491740e-01 -1.043673923765415790e+00 -3.924808337721601060e-16 1.136370760733728625e-15 3.884095882409128275e-18 9.999999999999280575e-01
2.834717041515329439e-01 -9.588966067620847689e-01 -1.269214266399447053e-02 -4.725723708600613548e+01 9.589760598418898274e-01 2.834048035372597196e-01 6.828907802106233375e-03 8.080641797102659041e+01 -2.951202321162705363e-03 -1.410726309504137591e-02 9.998961323719977035e-01 -1.046468162804337076e+00 -4.020256768051896914e-16 1.160362542970224328e-15 4.239941237914645111e-18 9.999999999999255040e-01
2.825518327613323888e-01 -9.591713196699461763e-01 -1.244352545045800985e-02 -4.700494660068766706e+01 9.592422489661376339e-01 2.824665893519577864e-01 8.181301723442106766e-03 8.166396855417086442e+01 -4.332389777174793129e-03 -1.424799713451322877e-02 9.998891063393567924e-01 -1.050677565734888574e+00 -4.099822521836271828e-16 1.181919434529049830e-15 4.582807885597832998e-18 9.999999999999230615e-01
2.824396909620999763e-01 -9.591890899070494303e-01 -1.356874247388216957e-02 -4.675748674182405296e+01 9.592518582643634328e-01 2.822839849272649193e-01 1.231358069667331905e-02 8.251745473731651259e+01 -7.980813565947946289e-03 -1.649368535900475746e-02 9.998321183867512341e-01 -1.056231342214525304e+00 -4.166013459422630527e-16 1.201739959090438334e-15 4.893200851830065567e-18 9.999999999999201750e-01
2.821286833429164642e-01 -9.592859569610994175e-01 -1.318555316302236040e-02 -4.650672371349747891e+01 9.593297680300938435e-01 2.819525159713484053e-01 1.375408696970738080e-02 8.337239082004818158e+01 -9.476402592061772961e-03 -1.652971610459606083e-02 9.998184666623438632e-01 -1.059435315401019206e+00 -4.240704709837253954e-16 1.221760717782792461e-15 5.251895546235156565e-18 9.999999999999168443e-01
2.812098620605865684e-01 -9.595725952217216692e-01 -1.189319045097014978e-02 -4.625338146616489610e+01 9.596058180034798823e-01 2.810625759201445528e-01 1.266895696639617694e-02 8.422570437914721708e+01 -8.814053170926049868e-03 -1.497541039236412706e-02 9.998490133764682541e-01 -1.066486714305295402e+00 -4.321514723531961040e-16 1.243664591465571369e-15 5.589540863813212876e-18 9.999999999999134026e-01
2.805816120654699986e-01 -9.597316511371273284e-01 -1.375197353565379282e-02 -4.601247581618503091e+01 9.598017210011364764e-01 2.804341812664712386e-01 1.171863218409173631e-02 8.507813501183758831e+01 -7.390218775825014089e-03 -1.648720057611621423e-02 9.998367651187947125e-01 -1.080083569989154002e+00 -4.393775523445393780e-16 1.261853249919828451e-15 5.822314248374340826e-18 9.999999999999100719e-01
2.798585988599370800e-01 -9.599291806240363156e-01 -1.466740707801937257e-02 -4.576451646862677336e+01 9.600174873963712718e-01 2.797115662083498600e-01 1.130767978104113038e-02 8.593511950248370113e+01 -6.751928380952508177e-03 -1.724551870955846194e-02 9.998284870652445200e-01 -1.100570289057136941e+00 -4.475386743241463903e-16 1.284011165398210004e-15 6.076327882344774049e-18 9.999999999999069633e-01
2.784331018835717320e-01 -9.604049498933077134e-01 -9.866103369247140875e-03 -4.551078347953934156e+01 9.604400780570586660e-01 2.783554568895993397e-01 8.549624619137236731e-03 8.677800970798298863e+01 -5.464818092868399362e-03 -1.185629959274393623e-02 9.999147783300182946e-01 -1.099070972207725427e+00 -4.565949939937900458e-16 1.308007392133214196e-15 6.358073014060997452e-18 9.999999999999039657e-01
2.770738905781607864e-01 -9.607443844678138500e-01 -1.415227448866611046e-02 -4.527259604987246178e+01 9.608480810061186261e-01 2.770281659704337263e-01 5.134246342590067722e-03 8.762550415020643868e+01 -1.012119696198141797e-03 -1.502075139365488532e-02 9.998866698985808821e-01 -1.096669439818830805e+00 -4.663690431656732718e-16 1.332722283233562025e-15 6.582731889773250926e-18 9.999999999999009681e-01
2.764347433346152627e-01 -9.607784623271146129e-01 -2.210382332590207083e-02 -4.503975565791841262e+01 9.610241608178676787e-01 2.764560684107797428e-01 2.145824492177990372e-03 8.847942229471554754e+01 4.049074137521353409e-03 -2.183548870540026610e-02 9.997533778043466990e-01 -1.108489766694812584e+00 -4.753228148620656855e-16 1.360900678098079197e-15 6.962975000046406167e-18 9.999999999998981925e-01
2.750559849141275826e-01 -9.611553659434525221e-01 -2.290344255285123309e-02 -4.480574610159563065e+01 9.614139441023940025e-01 2.751036252107767477e-01 1.106110729361263869e-03 8.932858854439403729e+01 5.237675813257985057e-03 -2.232393141437093859e-02 9.997370698527936472e-01 -1.108752527771789342e+00 -4.846987158556761439e-16 1.384721815694886484e-15 7.520840702284583938e-18 9.999999999998948619e-01
2.737390216948452637e-01 -9.615649844391545020e-01 -2.144128498514738176e-02 -4.456499535275303714e+01 9.618011271766716552e-01 2.737247276063141666e-01 3.655852582578440150e-03 9.018149256552227655e+01 2.353670060425038651e-03 -2.162300157626979163e-02 9.997634250359624941e-01 -1.096710190007112784e+00 -4.956268788298553040e-16 1.411722363329337516e-15 8.194381949809669017e-18 9.999999999998914202e-01
2.732679964742075196e-01 -9.617597385611014182e-01 -1.851505834673741052e-02 -4.432678731278139139e+01 9.619361327489618363e-01 2.731795397220952437e-01 7.198304575610129860e-03 9.103572239776340780e+01 -1.865104409617411845e-03 -1.977736989309299837e-02 9.998026690428484242e-01 -1.087151885042129340e+00 -5.053990649039525946e-16 1.436896196403509012e-15 8.766485667197335977e-18 9.999999999998879785e-01
2.722594527608795945e-01 -9.620271903428488924e-01 -1.945444481631803529e-02 -4.409430122494336501e+01 9.622149339345394958e-01 2.721140991958471700e-01 9.815188828812670269e-03 9.189255053262657214e+01 -4.148649805104450035e-03 -2.139163527296743944e-02 9.997625651346847553e-01 -1.091233536868936760e+00 -5.146553524933985295e-16 1.464578061795633572e-15 9.282686559137015113e-18 9.999999999998848699e-01
2.713362997987595060e-01 -9.623236654161035908e-01 -1.760043724871948254e-02 -4.386482788621257356e+01 9.624709629690126889e-01 2.711897278281462653e-01 1.028479273275309178e-02 9.274286510474757961e+01 -5.124241653475847084e-03 -1.973054739177658098e-02 9.997922022333595171e-01 -1.101176287476739901e+00 -5.246218519643064451e-16 1.491250471960781660e-15 9.820201679396116844e-18 9.999999999998815392e-01
2.698392619647269619e-01 -9.628011180687067183e-01 -1.416967704944335077e-02 -4.362757806220358248e+01 9.628837200597542001e-01 2.697052702746745023e-01 1.067749172359670415e-02 9.359739828062953393e+01 -6.458664391307433750e-03 -1.652495783576606037e-02 9.998425933227343965e-01 -1.113016832746492657e+00 -5.322586826674571601e-16 1.518704263329536771e-15 1.036911068536611647e-17 9.999999999998784306e-01
2.689931725571539922e-01 -9.630370404230353953e-01 -1.422434148128122119e-02 -4.340175619894176862e+01 9.631056141710792051e-01 2.688251307429486703e-01 1.267379314702948498e-02 9.444811952481497030e+01 -8.381471784795450561e-03 -1.710870696548440206e-02 9.998185050678972674e-01 -1.118284480213246113e+00 -5.418349489134942498e-16 1.543079062323135207e-15 1.078387143924777184e-17 9.999999999998747668e-01
2.686310161468069002e-01 -9.630561074254723186e-01 -1.898186276744099482e-02 -4.318342912253244492e+01 9.632067219795371615e-01 2.683972980321749913e-01 1.398932242836715793e-02 9.529768920167714441e+01 -8.377821724968852884e-03 -2.204142371245486343e-02 9.997219552172388335e-01 -1.116104018323083036e+00 -5.524489918532652233e-16 1.567742055315260308e-15 1.118836398866528941e-17 9.999999999998707700e-01
2.683845560323322998e-01 -9.630221418452741267e-01 -2.362380999653491964e-02 -4.296540362436932270e+01 9.632836855268951393e-01 2.681084511934073156e-01 1.422672119393903097e-02 9.615083977182077035e+01 -7.366904406148848568e-03 -2.657466301110704074e-02 9.996196856829171473e-01 -1.119499790079737211e+00 -5.639238057269416410e-16 1.595917992536274855e-15 1.176302290964584798e-17 9.999999999998667732e-01
2.687654282105036430e-01 -9.628507871013900488e-01 -2.614395487937828250e-02 -4.273811468737737584e+01 9.631921593972219142e-01 2.685189294161565710e-01 1.258763760393024310e-02 9.699893551522195878e+01 -5.099869999760268426e-03 -2.856477416625859481e-02 9.995789338528017209e-01 -1.129355614042450551e+00 -5.752664472015002857e-16 1.622188012640159679e-15 1.246474804658750972e-17 9.999999999998624434e-01
2.702988783337160195e-01 -9.623797568061744911e-01 -2.763548553748714984e-02 -4.250497693221659290e+01 9.627643544706740997e-01 2.700401509693368118e-01 1.277163359355762591e-02 9.784510957177262469e+01 -4.828470945115300762e-03 -3.005861862883882699e-02 9.995364752293617316e-01 -1.142756063804886590e+00 -5.863329508626776428e-16 1.646971152758862150e-15 1.318626464777861385e-17 9.999999999998581135e-01
2.714400425181889287e-01 -9.620832241539059027e-01 -2.676141100560783595e-02 -4.226602818053256527e+01 9.624242203340226398e-01 2.711026772363088200e-01 1.558712639560742332e-02 9.869567965568172951e+01 -7.741022647722827811e-03 -2.998680037369919754e-02 9.995203191387277419e-01 -1.153869766698871979e+00 -5.978535693562740101e-16 1.673539945274372907e-15 1.404913976458774883e-17 9.999999999998537836e-01
