7.776154272505688692e-01 -6.283803295369516650e-01 2.126990251382565936e-02 -6.595727841935620006e+01 6.274132613388322399e-01 7.777268336345039002e-01 3.864675589257190319e-02 2.571144081065549258e+01 -4.082703513710068260e-02 -1.670729469069236889e-02 9.990265359368752929e-01 -8.852966727927721324e-01 -4.809208017785018303e-24 -1.416202385148814181e-23 -3.430527606006730092e-24 9.999999999999997780e-01
7.495348522673577207e-01 -6.613845439687355832e-01 2.771263675325382619e-02 -6.555837570367366141e+01 6.606315070191173255e-01 7.500251161472470951e-01 3.206769530163738890e-02 2.609069757979779070e+01 -4.199425163280744167e-02 -5.728014278691970565e-03 9.991014326294522796e-01 -8.934660045954636587e-01 -4.809208017785018303e-24 -1.416202385148814181e-23 -3.430527606006730092e-24 9.999999999999997780e-01
7.211365583894165932e-01 -6.926976750772839697e-01 1.148891190636861480e-02 -6.520697863604253541e+01 6.923449172296084475e-01 7.211674063139281721e-01 2.400182611317950784e-02 2.648771964400920709e+01 -2.491143794709367934e-02 -9.354304515446510912e-03 9.996458959283738288e-01 -9.018475013348811187e-01 -6.419650023117937415e-19 2.233823499009866796e-18 -2.845082984315761726e-20 9.999999999999998890e-01
6.910051413163175171e-01 -7.227108899013620080e-01 -1.417266003245498500e-02 -6.487061872634701842e+01 7.228459695812077257e-01 6.909327899770355552e-01 1.027540727911155534e-02 2.690119370913623698e+01 2.366206798834560171e-03 -1.734500944169007491e-02 9.998467641158084174e-01 -9.077862086052871371e-01 -1.676756785020057138e-18 4.840432634769495087e-18 7.478075905870822351e-20 1.000000000000000000e+00
6.562990254686293934e-01 -7.539622550993170247e-01 -2.850450937092090242e-02 -6.453049446801141187e+01 7.540128644451458140e-01 6.567648885642374257e-01 -1.115712330430822068e-02 2.732313716016704319e+01 2.713281076750853615e-02 -1.417035760872091023e-02 9.995313959776825907e-01 -9.272545891528714002e-01 -3.498660267421575037e-18 5.343313492226288329e-18 1.872433271644223747e-19 1.000000000000000000e+00
6.189384558841132256e-01 -7.849437537638036533e-01 -2.790145614435649013e-02 -6.419407617204710448e+01 7.842346091272885955e-01 6.195658263652460418e-01 -3.338060286025758966e-02 2.776654724354261106e+01 4.348868444490133073e-02 -1.220748762643044435e-03 9.990531738089364344e-01 -9.384642105601598283e-01 -6.352504183366745641e-18 5.024216636030179408e-18 3.898319973277469871e-19 1.000000000000000000e+00
5.861045073073321010e-01 -8.099294379214249107e-01 -2.226683862406550821e-02 -6.386866327384216646e+01 8.089706256177950916e-01 5.865035150985388190e-01 -3.975114670806977057e-02 2.825824340001540946e+01 4.525520303314557735e-02 5.285107883993977670e-03 9.989614778524155136e-01 -9.604749667753527120e-01 -8.975231783064255235e-18 3.305669489502589728e-18 6.782317473835308441e-19 9.999999999999998890e-01
5.573234045555496285e-01 -8.301424329032268679e-01 -1.594251636718393289e-02 -6.356575460797773758e+01 8.297980657298313911e-01 5.575513715225853817e-01 -2.390895698914873024e-02 2.876337736843758819e+01 2.873661158919563544e-02 9.595206420912588262e-05 9.995870136949421836e-01 -9.315057586912778298e-01 -1.102916391776614757e-17 2.829226579946523438e-18 1.011476533326474802e-18 9.999999999999997780e-01
5.286332691425279506e-01 -8.488136613424233090e-01 -7.888920974918821674e-03 -6.328462889094612365e+01 8.487738518589753589e-01 5.286875627364404640e-01 -8.509371790825344395e-03 2.927612497612463827e+01 1.139364542834526636e-02 -2.197572814759828682e-03 9.999326754924940941e-01 -8.754698189102623207e-01 -1.487880999101501861e-17 2.364607636794932749e-18 1.351351856052246482e-18 9.999999999999996669e-01
4.987419516439369760e-01 -8.667277835467346314e-01 -6.278128587146467737e-03 -6.301035320981860366e+01 8.667129832964806102e-01 4.987746803049961652e-01 -5.694108530455487503e-03 2.979540330992076491e+01 8.066613644844589440e-03 -2.601444755933044525e-03 9.999640804696378060e-01 -8.685014360461240646e-01 -1.847997875188540632e-17 3.390709809450996285e-18 1.606417679274607346e-18 9.999999999999994449e-01
4.712616342293565741e-01 -8.819830299229174386e-01 -4.290341648633702772e-03 -6.274868127632245063e+01 8.818632495648073277e-01 4.712700677394773829e-01 -1.489067895763420378e-02 3.031703980275477051e+01 1.515523574404142003e-02 3.233911072351903018e-03 9.998799231151314082e-01 -8.631286865545049203e-01 -2.313704382267281947e-17 4.369612255118338351e-18 1.879542377278003238e-18 9.999999999999991118e-01
4.457830831883909939e-01 -8.951245519839080567e-01 -5.429473147140576397e-03 -6.250041978150535016e+01 8.948741871690740757e-01 4.457900910762958024e-01 -2.171137574334739209e-02 3.085340457860699814e+01 2.185479081397874446e-02 4.819868649827205656e-03 9.997495371265141539e-01 -8.586747862834726019e-01 -2.964296176020116704e-17 8.186367112127114958e-18 2.175938034074583765e-18 9.999999999999990008e-01
4.226935997190756078e-01 -9.062545134360976418e-01 -5.733902094292986536e-03 -6.226130012218658294e+01 9.060129304147122031e-01 4.227154660216805859e-01 -2.126510539382735557e-02 3.141048473415288456e+01 2.169540683776258888e-02 3.793634508160822170e-03 9.997574294094379033e-01 -8.544289308840020691e-01 -3.555639509416152599e-17 1.082253825053098910e-17 2.491846047655000986e-18 9.999999999999987788e-01
4.030839823016962309e-01 -9.151490783768273518e-01 -5.046539194757116743e-03 -6.202926974148327588e+01 9.150414993493496407e-01 4.031141937179458790e-01 -1.407129317494779791e-02 3.198790616109241114e+01 1.491166255918471503e-02 1.054120097796515864e-03 9.998882593322846457e-01 -8.476981729073362892e-01 -4.273644621585166998e-17 1.599646381507447647e-17 2.812046238793964191e-18 9.999999999999985567e-01
3.858852378486234969e-01 -9.225440863147852388e-01 -2.234282015338534023e-03 -6.180203680360970253e+01 9.225292362831504223e-01 3.858917038567070135e-01 -5.234605752517499516e-03 3.257236577503812924e+01 5.691345474970473974e-03 -4.123339539792010387e-05 9.999838033120830305e-01 -8.430928715685014341e-01 -4.983794284581117438e-17 2.259932811562933156e-17 3.093308922309281979e-18 9.999999999999984457e-01
3.696155265583035421e-01 -9.291836942492894824e-01 1.422978659354639771e-03 -6.157701812603638558e+01 9.291830631390022299e-01 3.696173558895567979e-01 1.358455307754357104e-03 3.316209704279689419e+01 -1.788212130888818408e-03 8.201014955984447163e-04 9.999980648635879987e-01 -8.397493015075984113e-01 -5.756841286024986792e-17 3.319958707107398742e-17 3.310318717533495480e-18 9.999999999999984457e-01
3.555185575493676198e-01 -9.346674351263789537e-01 1.827827203546593393e-03 -6.136150491774055382e+01 9.346621261049975482e-01 3.555227989422163892e-01 3.201477341522333299e-03 3.375829257485434454e+01 -3.642150858802606968e-03 5.702162537335957833e-04 9.999932047721910022e-01 -8.409075698871101290e-01 -6.431416637990359197e-17 4.451359950171620044e-17 3.463459774850232575e-18 9.999999999999983347e-01
3.425356973678420069e-01 -9.395047459378447208e-01 3.583140850640875404e-04 -6.115743512204005583e+01 9.395023932886295004e-01 3.425356556034552802e-01 2.139543231446503716e-03 3.435826686216034886e+01 -2.132846370121729146e-03 -3.962329923664228656e-04 9.999976469801274970e-01 -8.453132148424212788e-01 -7.059878648548738013e-17 5.492129368042451604e-17 3.609932864669136405e-18 9.999999999999980016e-01
3.303130526845267090e-01 -9.438614857367321198e-01 -4.333932286924531418e-03 -6.096068411613624960e+01 9.438713398734531745e-01 3.303074674725486326e-01 1.967408791866878410e-03 3.497181228990071133e+01 -4.254311874507522265e-04 -4.740535278501353637e-03 9.999886731026486064e-01 -8.508280029401278366e-01 -7.832957808189457905e-17 6.726261890310578946e-17 3.770339190214716039e-18 9.999999999999976685e-01
3.199145438878583936e-01 -9.474177517483458599e-01 -7.368058164921024999e-03 -6.076540861658119752e+01 9.474463902064368392e-01 3.199060914503770170e-01 2.330308504416437991e-03 3.559829379442733455e+01 1.493110449852187369e-04 -7.726339693495259085e-03 9.999701402447842558e-01 -8.575352907926644397e-01 -8.523534772698874012e-17 7.952231837752673637e-17 3.996970538540117062e-18 9.999999999999968914e-01
3.118239159021952145e-01 -9.500934086993014782e-01 -9.400011571803746496e-03 -6.057028432063788159e+01 9.501398095868697213e-01 3.118131341281745739e-01 2.628996649381887003e-03 3.622804694760061750e+01 4.332546809755813671e-04 -9.751109235053618055e-03 9.999523629449015294e-01 -8.600133699465871695e-01 -9.091313035199905246e-17 8.958770332424620955e-17 4.266157514203830041e-18 9.999999999999962252e-01
3.057959616275891523e-01 -9.520329199150097121e-01 -1.105211519778313486e-02 -6.037301408543534365e+01 9.520953496454668263e-01 3.057968699266021551e-01 1.649098711603333434e-03 3.686992449669122607e+01 1.809705971915191768e-03 -1.102695520989071913e-02 9.999375636624132646e-01 -8.583752561406164938e-01 -9.704613609607321977e-17 1.005047109883201535e-16 4.560209066111686906e-18 9.999999999999957812e-01
3.012189889572211565e-01 -9.534699022722769035e-01 -1.273837322697340957e-02 -6.017334436179118740e+01 9.535523949187529880e-01 3.012224620776203232e-01 1.690705355786745363e-03 3.752059526634262454e+01 2.225047475940085048e-03 -1.265597885584615438e-02 9.999174342729317821e-01 -8.589021770779627918e-01 -1.029095006666294063e-16 1.099957415561029940e-16 4.883577196735909738e-18 9.999999999999953371e-01
2.978634155872935674e-01 -9.545227786534051795e-01 -1.279260280157172233e-02 -5.997413490284849757e+01 9.546049531515177211e-01 2.978720860202788701e-01 1.266407719379313490e-03 3.817490614479742561e+01 2.601744266923796452e-03 -1.258909852690311311e-02 9.999173693486308467e-01 -8.649414355369419161e-01 -1.081907366310387666e-16 1.181466690831474384e-16 5.171773913985306351e-18 9.999999999999945599e-01
2.956448608451172078e-01 -9.552243830957336534e-01 -1.185302472920494142e-02 -5.977065266550832945e+01 9.552887893154254906e-01 2.956735258848050552e-01 -7.036327974275318180e-04 3.883323922037891407e+01 4.176752818933396512e-03 -1.111503622280900390e-02 9.999295028679250352e-01 -8.671241562471773134e-01 -1.134330606475374527e-16 1.266944897640712018e-16 5.457011391873465864e-18 9.999999999999934497e-01
2.948042527495643994e-01 -9.554936947222628651e-01 -1.105675841982533235e-02 -5.956661835545507699e+01 9.555438336149718603e-01 2.948425083162348748e-01 -1.969093749442245560e-03 3.950259636533524343e+01 5.141459048258047865e-03 -9.984720116439017162e-03 9.999369333928497250e-01 -8.651567114804031844e-01 -1.191302269779461348e-16 1.358635588902554783e-16 5.680481795714369263e-18 9.999999999999923395e-01
2.944828505944622754e-01 -9.555964467857265277e-01 -1.073692675943314738e-02 -5.936055321047524558e+01 9.556455294272097056e-01 2.945152801984621815e-01 -1.540069937316644903e-03 4.018089911508717194e+01 4.633874352927216597e-03 -9.807171872186781075e-03 9.999411715638074627e-01 -8.637068364463089676e-01 -1.245773524545363962e-16 1.456579586345126439e-16 5.918835511200803388e-18 9.999999999999912292e-01
2.934182413329184946e-01 -9.559066060240128948e-01 -1.217769324351174014e-02 -5.915255315281950033e+01 9.559792884746272090e-01 2.934336491549902060e-01 5.418035958746954955e-04 4.087176055255348217e+01 3.055431330270662760e-03 -1.180059758044735285e-02 9.999257023580219172e-01 -8.643931374446023330e-01 -1.304349317368348146e-16 1.540863045812079990e-16 6.174635304690313306e-18 9.999999999999897859e-01
2.928776148524276923e-01 -9.560907480267769598e-01 -1.063880895278762270e-02 -5.894460335123329742e+01 9.561496622695273562e-01 2.928509600339466168e-01 4.017281303516911407e-03 4.156647836918314454e+01 -7.253000710704426198e-04 -1.134886535352703021e-02 9.999353365068419652e-01 -8.661043955240251835e-01 -1.369681212768087014e-16 1.616744096339919020e-16 6.423260777236239190e-18 9.999999999999882316e-01
2.923833599475760825e-01 -9.562791075462258039e-01 -6.499176589590840297e-03 -5.872724013015542255e+01 9.562971744729188428e-01 2.923556781135691063e-01 4.885854057964042658e-03 4.226817786416706468e+01 -2.772168979119507895e-03 -7.643686634711551776e-03 9.999669440205720683e-01 -8.719475308945496828e-01 -1.434532414088716580e-16 1.696158587989974714e-16 6.616286789891571917e-18 9.999999999999867883e-01
2.918326783236153688e-01 -9.564673431427448413e-01 -1.977211143329710933e-03 -5.850696060856893155e+01 9.564685823599348158e-01 2.918291282857162217e-01 1.900221667860985814e-03 4.296843223129265255e+01 -1.240492165644543595e-03 -2.445687118031830611e-03 9.999962398898164517e-01 -8.775493173199838681e-01 -1.506148102061865150e-16 1.781532131210969963e-16 6.808877663054766756e-18 9.999999999999852340e-01
2.914726624954181999e-01 -9.565791368263345529e-01 2.049546223218501968e-04 -5.828317444456617125e+01 9.565751058608571444e-01 2.914707971683125343e-01 -2.973423174116470152e-03 4.368194699713648532e+01 2.784576286166314581e-03 1.062726058824864199e-03 9.999955583642852197e-01 -8.779311769253970166e-01 -1.581841549387059317e-16 1.875018253410059636e-16 6.953855822055597458e-18 9.999999999999836797e-01
2.912334139320816306e-01 -9.566457304060853595e-01 -3.470605891287205369e-03 -5.806747531258918826e+01 9.566312505932917931e-01 2.912490817744538552e-01 -5.533782961832405499e-03 4.440587907315221372e+01 6.304680622470940250e-03 -1.708467550169472451e-03 9.999786658429022923e-01 -8.779127548065590592e-01 -1.651949984897946401e-16 1.981259034902254660e-16 7.095340697269154437e-18 9.999999999999821254e-01
2.909173457972145105e-01 -9.566992311105064761e-01 -9.678796766644254951e-03 -5.784932487412241642e+01 9.566997058870850834e-01 2.909895605894097792e-01 -7.123789972061472277e-03 4.514540139649435702e+01 9.631753207024865843e-03 -7.187267949304964286e-03 9.999277836472295622e-01 -8.787938487069547611e-01 -1.723557771283458602e-16 2.113380117800044445e-16 7.300219808919198116e-18 9.999999999999804601e-01
2.902815841307381795e-01 -9.569035212657657219e-01 -8.500170804632464425e-03 -5.762420364187922672e+01 9.568901137049613537e-01 2.903464628011570570e-01 -7.761561220715555362e-03 4.587990120210970701e+01 9.895059788954194829e-03 -5.880691121284104678e-03 9.999337504373927432e-01 -8.793280583823142038e-01 -1.791189386602761769e-16 2.264260548874179462e-16 7.612816301104518919e-18 9.999999999999787947e-01
2.897451290341899188e-01 -9.570964346740876705e-01 -3.764961499351888227e-03 -5.738951719379674188e+01 9.570672644027814480e-01 2.897662044594427333e-01 -7.602510228048657906e-03 4.662361888593983394e+01 8.367294037443222948e-03 -1.400531095762102239e-03 9.999640128040740983e-01 -8.814442027180908745e-01 -1.851650000970623799e-16 2.398253308742001706e-16 7.892190710960422972e-18 9.999999999999770184e-01
2.900730264114663726e-01 -9.569966826721496567e-01 -3.871524631945228671e-03 -5.715993278424451063e+01 9.569925104339892519e-01 2.900872762081674883e-01 -3.834990925939701575e-03 4.738747890045604549e+01 4.793153629457407722e-03 -2.592592652590244764e-03 9.999851519606244299e-01 -8.771565481060437097e-01 -1.916998863947017269e-16 2.528162082829598575e-16 8.127537334737993226e-18 9.999999999999751310e-01
2.912506695591630668e-01 -9.566304737350046494e-01 -5.584281767796434037e-03 -5.692930823338306112e+01 9.566467250078533047e-01 2.912438520627338989e-01 2.015481936175513369e-03 4.815892932387377812e+01 -3.016837063496655169e-04 -5.929195328085365251e-03 9.999823766596082075e-01 -8.756326571701262829e-01 -1.989626608851553287e-16 2.619678945770832173e-16 8.339277892701447653e-18 9.999999999999732436e-01
2.910679259297141441e-01 -9.566715778980664497e-01 -7.678185787034826765e-03 -5.669415021415147748e+01 9.566901555534289558e-01 2.910142420326767843e-01 7.393050881027886899e-03 4.894373925801640013e+01 -4.838260234832110832e-03 -9.497524741206936350e-03 9.999431925173504210e-01 -8.817233860804166712e-01 -2.053615884790669379e-16 2.673766602704621229e-16 8.529844169852005729e-18 9.999999999999712452e-01
2.908019748722074915e-01 -9.567772402737905191e-01 -3.394687684331976034e-03 -5.644944141433231977e+01 9.567518402744893402e-01 2.907618394316429100e-01 9.136129472241877325e-03 4.973054660308880415e+01 -7.754195107841208370e-03 -5.904678182365343322e-03 9.999525024889425184e-01 -8.980673650772693639e-01 -2.110022936119293570e-16 2.706648985470313150e-16 8.692644818619440612e-18 9.999999999999692468e-01
2.902059687683797295e-01 -9.569605579808012630e-01 2.643134551831167241e-03 -5.620455280322522640e+01 9.569293267856280316e-01 2.902178660107594954e-01 7.736522849080519453e-03 5.051292307620028765e+01 -8.170632091696277896e-03 2.841078589635416475e-04 9.999665794685628217e-01 -9.086802606226933587e-01 -2.163839589313413776e-16 2.734260453552997567e-16 8.859329316814284872e-18 9.999999999999671374e-01
2.893892818300082825e-01 -9.572102578539131157e-01 1.538122600752433100e-03 -5.596706964545485619e+01 9.571917456971327232e-01 2.893932596609742891e-01 5.958458869593711085e-03 5.130252751761495489e+01 -6.148620264163228225e-03 -2.520358757828797106e-04 9.999810652941788502e-01 -9.110298159507148608e-01 -2.215060577611940339e-16 2.753442062851250034e-16 9.022198177236270636e-18 9.999999999999649170e-01
2.900118328130885104e-01 -9.570013437409461421e-01 -6.447085108173582040e-03 -5.573892721844772780e+01 9.570176853967158337e-01 2.899810470687699815e-01 5.304920248367732058e-03 5.211087070664685683e+01 -3.207283315915700293e-03 -7.708464111943813535e-03 9.999651458500384837e-01 -9.202318938561065975e-01 -2.274086190363314461e-16 2.808349221543243768e-16 9.195216107296102594e-18 9.999999999999629186e-01
2.892750288940433290e-01 -9.572070619423623805e-01 -8.637026455584536147e-03 -5.549473754951876714e+01 9.572449610163984435e-01 2.892764014449530907e-01 1.117217884872643684e-03 5.290919153261054930e+01 1.429079083128351408e-03 -8.590933288708264143e-03 9.999620760800537189e-01 -9.305532351540931613e-01 -2.339759925032004969e-16 2.882338212609657622e-16 9.439278878016239352e-18 9.999999999999608091e-01
2.884722508078721992e-01 -9.574563257966989260e-01 -7.819508021501313938e-03 -5.524679923759857303e+01 9.574712847389768022e-01 2.885061418482197104e-01 -3.597918311933511869e-03 5.371057559639545786e+01 5.700825737895329551e-03 -6.449054797714253232e-03 9.999629544529421432e-01 -9.316729230516278548e-01 -2.400784499839530223e-16 2.969583257948195694e-16 9.734737448812745339e-18 9.999999999999585887e-01
2.885837030544633475e-01 -9.574046873849311190e-01 -9.783195015251475168e-03 -5.500358979453617536e+01 9.574282268037969112e-01 2.886366090240991555e-01 -4.483129536397853845e-03 5.452339751004966928e+01 7.115957466924622242e-03 -8.072948933048312153e-03 9.999420936459245679e-01 -9.278929981652912495e-01 -2.457346097689980185e-16 3.065966034456792181e-16 1.003664867628077882e-17 9.999999999999563682e-01
2.889001329858607581e-01 -9.572368188952380397e-01 -1.530966074233673299e-02 -5.476794172141756434e+01 9.573440797744773301e-01 2.889486096026183115e-01 -1.006940667897963937e-03 5.535155364652742804e+01 5.387585866739963945e-03 -1.436570778217404094e-02 9.998822932518579565e-01 -9.267833183670042274e-01 -2.526055544481551525e-16 3.171590882841359509e-16 1.037583982452354811e-17 9.999999999999539257e-01
2.889833461253064062e-01 -9.572545309629463262e-01 -1.234457828749852340e-02 -5.451991584467888430e+01 9.573341216414741339e-01 2.889583474510727390e-01 3.801707423009719356e-03 5.617898498467101831e+01 -7.213271413573148650e-05 -1.291651614399525264e-02 9.999165757240595642e-01 -9.276644715585619094e-01 -2.598239522526432243e-16 3.288527437397745957e-16 1.078561401303443495e-17 9.999999999999514833e-01
2.880414901451575083e-01 -9.575994239948285580e-01 -5.953412440964757704e-03 -5.426316867950509959e+01 9.576025662684527484e-01 2.879960865506785428e-01 7.455146383983006150e-03 5.700773256308725223e+01 -5.424484398478123144e-03 -7.848394505223890358e-03 9.999544878007510240e-01 -9.351032783732290410e-01 -2.665252196723091885e-16 3.393022256762448037e-16 1.116336736690685313e-17 9.999999999999488187e-01
2.876318951145143687e-01 -9.576985039522550869e-01 -9.025986949090011174e-03 -5.401591144510036457e+01 9.577099289514905411e-01 2.875338229303364135e-01 1.076998880396085392e-02 5.784682291420902089e+01 -7.719125631943872523e-03 -1.174206960978431934e-02 9.999012645761207185e-01 -9.445762224758540437e-01 -2.724269413060512591e-16 3.469537656273932657e-16 1.144204587343725980e-17 9.999999999999455991e-01
2.881420474153948974e-01 -9.575342448218739921e-01 -1.011585412230876606e-02 -5.376738739936298117e+01 9.575602770542577247e-01 2.880378099427003402e-01 1.060829162628555700e-02 5.867558339920958588e+01 -7.244054044135325374e-03 -1.274323494478480680e-02 9.998925610505975392e-01 -9.609906743932594697e-01 -2.790321820724080256e-16 3.536527664358230224e-16 1.169414757807652430e-17 9.999999999999422684e-01
2.863189732208406002e-01 -9.581160680946307906e-01 -5.919935185715245567e-03 -5.351359318874671800e+01 9.581309990153744627e-01 2.862961472416309938e-01 4.416423942695947395e-03 5.950646368688233423e+01 -2.536592107423443678e-03 -6.936579382185005874e-03 9.999727244115899083e-01 -9.572861043011160476e-01 -2.847523666714721709e-16 3.578352079184622006e-16 1.188938188283648825e-17 9.999999999999384936e-01
2.858882579376223476e-01 -9.582492516277811845e-01 -5.125985577547825973e-03 -5.326266167316043010e+01 9.582603686686184119e-01 2.858958385298825955e-01 -7.970887178262490123e-04 6.034566302783588299e+01 2.229307612323829912e-03 -4.684150524378274082e-03 9.999865443702848911e-01 -9.608280749825450773e-01 -2.897273662675895346e-16 3.621936398311951159e-16 1.209460780244908208e-17 9.999999999999348299e-01
2.858311415729174465e-01 -9.582492063099504742e-01 -7.682259656082868031e-03 -5.301539672535537306e+01 9.582724832224506217e-01 2.858514673447500876e-01 -1.669285948883992600e-03 6.119422917954231167e+01 3.795577130837367048e-03 -6.884564129021122046e-03 9.999690977081207022e-01 -9.676639346400532915e-01 -2.939956610016257999e-16 3.636060218242100605e-16 1.230951060112334079e-17 9.999999999999309441e-01
2.851073814728281031e-01 -9.584751929535155757e-01 -6.251841518913111434e-03 -5.275990935192273668e+01 9.584953426066457061e-01 2.851058568971842622e-01 1.152633654078220968e-03 6.203799286710638228e+01 6.776658694386611869e-04 -6.320985341513529580e-03 9.999797927525758690e-01 -9.705640244655845406e-01 -2.986718288750204964e-16 3.657540528581597496e-16 1.254038449205841765e-17 9.999999999999269473e-01
2.843303994119485423e-01 -9.587239611868808575e-01 -2.142479014020801532e-03 -5.250214389097535417e+01 9.587204429604093692e-01 2.843200880372607209e-01 4.147262751732079880e-03 6.289027492838766165e+01 -3.366930351536870977e-03 -3.233231304031500102e-03 9.999891049384251884e-01 -9.694819090901666270e-01 -3.021936167147153713e-16 3.631614328684492762e-16 1.273634509800932086e-17 9.999999999999228395e-01
2.836454444515640327e-01 -9.589292252220289470e-01 -5.344997676778564844e-05 -5.225454738160234314e+01 9.589093136747780521e-01 2.836391946450592116e-01 6.460294801417831509e-03 6.374413660755135425e+01 -6.179804980262362281e-03 -1.883686870785148499e-03 9.999791306494326681e-01 -9.658207241376939312e-01 -3.062773630102397701e-16 3.599801162002478372e-16 1.291711039025369001e-17 9.999999999999186207e-01
2.834537990115897355e-01 -9.589697450576448734e-01 -5.565239430219682398e-03 -5.201358729803687453e+01 9.589799800369933624e-01 2.834268983448903767e-01 5.156663930992992466e-03 6.459630011773889180e+01 -3.367746144996779361e-03 -6.798629179168982212e-03 9.999712180495046177e-01 -9.648005456317204631e-01 -3.103641135197356209e-16 3.554358955366358074e-16 1.309155529339550765e-17 9.999999999999141798e-01
2.835061952628462056e-01 -9.589616715132502911e-01 -4.092653911275914887e-03 -5.176145818948353394e+01 9.589699634700368236e-01 2.835075772776657343e-01 2.505762950481564468e-04 6.544554811709576825e+01 9.200053322825914141e-04 -3.995772103833528446e-03 9.999915936625228818e-01 -9.740405281449296959e-01 -3.154068050475856329e-16 3.534789979687349967e-16 1.327465915178159668e-17 9.999999999999099609e-01
2.830168010567348791e-01 -9.591109050596120511e-01 -2.786057300232444144e-03 -5.150841986250500781e+01 9.591054033590029615e-01 2.830257511324035802e-01 -3.639978510621920925e-03 6.629759443786976192e+01 4.279669043818285640e-03 -1.641947536738669290e-03 9.999894941655127489e-01 -9.868753750227562405e-01 -3.212919799454236236e-16 3.502629023440870319e-16 1.349522585073271640e-17 9.999999999999055200e-01
2.835472207057098126e-01 -9.589454004749912164e-01 -4.969158666954363694e-03 -5.125876505667497440e+01 9.589563659573300258e-01 2.835531896065339730e-01 -5.261691046840104259e-04 6.715483725028869344e+01 1.913588232486571582e-03 -4.616012549883236234e-03 9.999875152262946987e-01 -9.915682151573353975e-01 -3.279734179071084912e-16 3.447431476398038349e-16 1.375036023086366751e-17 9.999999999999008571e-01
2.839047805441786698e-01 -9.588406868889096657e-01 -4.755286583493452401e-03 -5.101128255578690585e+01 9.588436074718910129e-01 2.838773296572132399e-01 5.709476073576345324e-03 6.801799472844693639e+01 -4.124559903084082206e-03 -6.180523693981257276e-03 9.999723941853218001e-01 -9.831375914606298450e-01 -3.341828245024297046e-16 3.396668902230530076e-16 1.397412247717279597e-17 9.999999999998960831e-01
2.832087455179613800e-01 -9.590519319001428178e-01 -3.492618024728343356e-03 -5.075755831448539368e+01 9.590243927527766221e-01 2.831662386741108928e-01 9.439034928400829097e-03 6.887587122511712323e+01 -8.063533174164369891e-03 -6.022723121266893888e-03 9.999493518369875211e-01 -9.794271980090722973e-01 -3.404269994166780260e-16 3.316896921317761259e-16 1.413997033987664678e-17 9.999999999998911981e-01
2.832346701393356758e-01 -9.590430889840038109e-01 -3.804616011619490340e-03 -5.050935829232291496e+01 9.590095684339108306e-01 2.831836013755508197e-01 1.037764733609014209e-02 6.972385803202777765e+01 -8.875206093565192120e-03 -6.587972679431907536e-03 9.999389128006952454e-01 -9.861073522252336021e-01 -3.469097322800712491e-16 3.201696904912238243e-16 1.426810478451989606e-17 9.999999999998860911e-01
2.835782019886720073e-01 -9.589384621197811764e-01 -4.519869923771787507e-03 -5.025520746691276486e+01 9.588943459465991692e-01 2.835084824367195000e-01 1.202388032738156524e-02 7.058842083506418419e+01 -1.024873984694774261e-02 -7.743788078497114771e-03 9.999174951354817820e-01 -1.004153537759448156e+00 -3.546920378277068015e-16 3.084415377045662345e-16 1.436773214117648354e-17 9.999999999998809841e-01
2.836649545438610365e-01 -9.588971557891393660e-01 -7.101984442963485758e-03 -5.001111135211456116e+01 9.588746448518680188e-01 2.835680102525062196e-01 1.219011983917565878e-02 7.144564659496596448e+01 -9.675175645175533926e-03 -1.026782260056630959e-02 9.999004764453093275e-01 -1.017739737081186924e+00 -3.634232139970638498e-16 2.959248753338337021e-16 1.443452942325584707e-17 9.999999999998757660e-01
2.838029910407365852e-01 -9.588344716542857027e-01 -9.608238322939516990e-03 -4.976530992214345162e+01 9.588654215824392590e-01 2.837236567028599277e-01 8.831190222357680059e-03 7.229266480794001382e+01 -5.741565099473404030e-03 -1.171932568975626518e-02 9.999148422920182133e-01 -1.028427234239412291e+00 -3.728119598425226849e-16 2.888406141726841111e-16 1.450533845489026780e-17 9.999999999998705480e-01
2.837775769433623085e-01 -9.588428886209673374e-01 -9.518495944047597121e-03 -4.951473475543682667e+01 9.588879037615142265e-01 2.837843394654889773e-01 6.608282976580633680e-04 7.312972228599883806e+01 2.067569570379369174e-03 -9.314698875845742881e-03 9.999544797345611968e-01 -1.021876409247751472e+00 -3.828991614421037753e-16 2.794113722617242557e-16 1.458780654445300477e-17 9.999999999998654410e-01
2.834853003796747872e-01 -9.589336356313182819e-01 -9.075622481296794289e-03 -4.926154780292326052e+01 9.589373431474189635e-01 2.835466175427129865e-01 -6.362986524287807776e-03 7.397385258540508346e+01 8.675043857876147194e-03 -6.899140163483768844e-03 9.999385708529141548e-01 -1.019801146949266490e+00 -3.926058762895523880e-16 2.716786524112314101e-16 1.476003272754170380e-17 9.999999999998604450e-01
2.835699716440574503e-01 -9.589049160676975658e-01 -9.456908736877010779e-03 -4.900821351679289961e+01 9.589166626969911622e-01 2.836299842734109067e-01 -5.732889601301596749e-03 7.483030575501349801e+01 8.179558898278507101e-03 -7.442712023726382603e-03 9.999388485573843521e-01 -1.018094702837051502e+00 -4.027421045773681924e-16 2.620187614623485781e-16 1.500113290662149650e-17 9.999999999998552269e-01
2.838415097414089816e-01 -9.588374345920813724e-01 -8.048066379734316461e-03 -4.875776314953635904e+01 9.588689367370489824e-01 2.838491151390047929e-01 2.049283160846955001e-04 7.568680265444729116e+01 2.087943579600263274e-03 -7.775208014962706020e-03 9.999675927910092188e-01 -1.011269180123358646e+00 -4.131704919956964844e-16 2.544387140014461927e-16 1.524267736208855781e-17 9.999999999998501199e-01
2.835526011757484310e-01 -9.589295588288786476e-01 -7.212736690724609427e-03 -4.850687702354158404e+01 9.589430911916912992e-01 2.835005138547423420e-01 7.456976590329014547e-03 7.654515429329572385e+01 -5.105900713838487474e-03 -9.031049127262734399e-03 9.999461835168337309e-01 -1.008698008570074967e+00 -4.242430600124158406e-16 2.462687646767512099e-16 1.539675207535378086e-17 9.999999999998447908e-01
2.833894348571367461e-01 -9.589784968178733937e-01 -7.118346165157275231e-03 -4.825584538313727023e+01 9.589608871015565805e-01 2.832974923267426726e-01 1.168536909221513584e-02 7.740019648818727660e+01 -9.189408068707743960e-03 -1.013772569638916182e-02 9.999063862669232972e-01 -1.014346664475054505e+00 -4.359470972973381268e-16 2.373825388254280795e-16 1.546806248098619881e-17 9.999999999998395728e-01
2.832758850162918063e-01 -9.590126296019279017e-01 -7.039121540788544767e-03 -4.800523783381384391e+01 9.589945156011588923e-01 2.831850089445807628e-01 1.165202797805143901e-02 7.825191444343856517e+01 -9.181068294932140036e-03 -1.005121748999761658e-02 9.999073362128440001e-01 -1.024035146788865092e+00 -4.483867084533722028e-16 2.301444516489076975e-16 1.549318931328780168e-17 9.999999999998342437e-01
2.839355823041870841e-01 -9.587887038041500443e-01 -1.023750745858227444e-02 -4.775951818184289976e+01 9.588244656113722453e-01 2.838467800878721747e-01 9.308575554742848368e-03 7.910045716196277965e+01 -6.019073562148025830e-03 -1.245900843873942038e-02 9.999042673488877098e-01 -1.034004366363952654e+00 -4.596567031095849288e-16 2.227012847670964255e-16 1.547823433208126881e-17 9.999999999998288036e-01
2.842037131041987297e-01 -9.586803775669289207e-01 -1.265634725079593619e-02 -4.751059977865941164e+01 9.587568725732112940e-01 2.841262565761764614e-01 7.584828125157834673e-03 7.995034713428815110e+01 -3.675425324508005062e-03 -1.428999622481345530e-02 9.998911377029622294e-01 -1.041254465786363381e+00 -4.698335152867231736e-16 2.150813796788785977e-16 1.549554272242527695e-17 9.999999999998234745e-01
2.834533734124364268e-01 -9.589036100095347237e-01 -1.257186587580280852e-02 -4.725794871645820194e+01 9.589814106083158762e-01 2.833870104888459029e-01 6.815892745844765767e-03 8.080632461137102496e+01 -2.973080672616142811e-03 -1.398817346319585278e-02 9.998977406689292247e-01 -1.044843180954613704e+00 -4.791175402726248388e-16 2.053096934342622025e-16 1.549931159805298096e-17 9.999999999998181455e-01
2.825497146912928081e-01 -9.591733041076255795e-01 -1.233820955113286780e-02 -4.700551822373299160e+01 9.592430008966846833e-01 2.824657872762473820e-01 8.120606453638679403e-03 8.166263091704045962e+01 -4.303946849052393830e-03 -1.412981619213024564e-02 9.998909062174002882e-01 -1.049107524374410794e+00 -4.887146158042756070e-16 1.943302645457674526e-16 1.550103666327924298e-17 9.999999999998128164e-01
2.824217015087104321e-01 -9.591940868272541554e-01 -1.358993422883926667e-02 -4.675777957968070098e+01 9.592581022300222804e-01 2.822677001902522131e-01 1.219994817217342348e-02 8.251872918486319008e+01 -7.866118665834731169e-03 -1.648178463890496992e-02 9.998332235691175240e-01 -1.049924926558833960e+00 -4.982131037623317667e-16 1.831443362339348597e-16 1.553806597206865421e-17 9.999999999998078204e-01
2.821374221834598295e-01 -9.592838051316768810e-01 -1.315508325871489470e-02 -4.650750959100791704e+01 9.593278614431607343e-01 2.819628478338268573e-01 1.367503931882632640e-02 8.337288867808797477e+01 -9.408999013968700684e-03 -1.647827823137609088e-02 9.998199523336432915e-01 -1.056304570945274968e+00 -5.074554494679115416e-16 1.714235242434752322e-16 1.554070396352088430e-17 9.999999999998028244e-01
2.812063097850864835e-01 -9.595731064752455186e-01 -1.193585632766690566e-02 -4.625383296708987046e+01 9.596067848611244955e-01 2.810583345487869811e-01 1.268980020321880918e-02 8.422401286046444113e+01 -8.822119100682966966e-03 -1.502218060222967888e-02 9.998482406369951780e-01 -1.062310025376040246e+00 -5.173213904880585184e-16 1.611164358900007559e-16 1.554183633349761231e-17 9.999999999997977174e-01
2.806049368276046230e-01 -9.597260556057710668e-01 -1.366629500380220526e-02 -4.601272404521151316e+01 9.597951773582005242e-01 2.804591580031376430e-01 1.165668100922478100e-02 8.507709822088062879e+01 -7.354382896647627260e-03 -1.638776627523232457e-02 9.998386640699026273e-01 -1.077634031579430829e+00 -5.280805567805183192e-16 1.488293715756162269e-16 1.557441986327153908e-17 9.999999999997927214e-01
2.798593636427878506e-01 -9.599488011475820759e-01 -1.330547844061217254e-02 -4.576636954770264509e+01 9.600168805304861719e-01 2.797271954860512944e-01 1.096746105812282379e-02 8.593464779125315545e+01 -6.806296925583597487e-03 -1.584283057904121994e-02 9.998513284692766012e-01 -1.091645656102817163e+00 -5.387503404003991378e-16 1.373797996590815200e-16 1.555378630374681966e-17 9.999999999997878364e-01
2.784205824137329643e-01 -9.604163539207001277e-01 -9.077797630553529826e-03 -4.551286403773140421e+01 9.604437486881975961e-01 2.783499459577956081e-01 8.313434374100014609e-03 8.677729423034224965e+01 -5.457553850248698241e-03 -1.103334522643351252e-02 9.999242373297395625e-01 -1.092730818645219149e+00 -5.494121835889912103e-16 1.240694335975253068e-16 1.556131704416457494e-17 9.999999999997826183e-01
2.770774164173879228e-01 -9.607452383558564568e-01 -1.402470276915703667e-02 -4.527340611279275606e+01 9.608470678273824950e-01 2.770324229877323408e-01 5.094002464176060688e-03 8.762495063089887992e+01 -1.008741221806911878e-03 -1.488702757490776088e-02 9.998886732289294921e-01 -1.093965557809868150e+00 -5.582430104549007091e-16 1.110579259369799216e-16 1.561323150999989539e-17 9.999999999997774003e-01
2.763804583865219211e-01 -9.608063155018541357e-01 -2.156539620665749377e-02 -4.504142198320494117e+01 9.610394801063686376e-01 2.764044864445736605e-01 1.917693987129069719e-03 8.847774611710602244e+01 4.118239769439075056e-03 -2.125521030195447539e-02 9.997656005967601178e-01 -1.104068327594613264e+00 -5.661014230472079696e-16 9.687208607250141859e-17 1.560028893772332276e-17 9.999999999997720712e-01
2.750490724639201301e-01 -9.611563183502214169e-01 -2.294644704351899225e-02 -4.480545242757364122e+01 9.614158104132072280e-01 2.750971391397190602e-01 1.097052730316145719e-03 8.932665324750924185e+01 5.258062771783488659e-03 -2.236282031637855383e-02 9.997360936986151581e-01 -1.106381131361793502e+00 -5.738611909102469788e-16 7.870685595386265160e-17 1.551205579393735888e-17 9.999999999997666311e-01
2.737641485865722757e-01 -9.615593263934940627e-01 -2.137411458024368952e-02 -4.456550559332359285e+01 9.617940469323674746e-01 2.737494437688773874e-01 3.667877005078847442e-03 9.018131424545482844e+01 2.324270635094074361e-03 -2.156162938715837363e-02 9.997648192973022097e-01 -1.094733688609635047e+00 -5.816532621409685951e-16 6.269711557695290048e-17 1.540959442862973440e-17 9.999999999997613020e-01
2.732861097837450126e-01 -9.617546570525695726e-01 -1.851166758248827537e-02 -4.432705007948349873e+01 9.619308697596348212e-01 2.731964509682217601e-01 7.259544192009279723e-03 9.103533648496680541e+01 -1.924578549705246305e-03 -1.979087708937765991e-02 9.998022890460998013e-01 -1.085248263391192847e+00 -5.917189829460288235e-16 4.661843120256022137e-17 1.536418664021850819e-17 9.999999999997555289e-01
2.722339094636981316e-01 -9.620345750394334594e-01 -1.944672122813928539e-02 -4.409523141802853985e+01 9.622220464573391085e-01 2.720880533888421215e-01 9.839944845161990514e-03 9.189171327096563857e+01 -4.175146633767861347e-03 -2.139083055114813017e-02 9.997624720498865525e-01 -1.089358387232980396e+00 -6.023372487840404763e-16 3.195509239136846241e-17 1.538864122542848984e-17 9.999999999997500888e-01
2.713101753138643102e-01 -9.623318708073630434e-01 -1.755446379904572821e-02 -4.386424777722348978e+01 9.624779825311452486e-01 2.711627839239130755e-01 1.033816992723574774e-02 9.274243778970840424e+01 -5.188633132760441316e-03 -1.970063559712239773e-02 9.997924599854034478e-01 -1.098039581909104001e+00 -6.123462320523491141e-16 1.829523397992475017e-17 1.540280920875410088e-17 9.999999999997445377e-01
2.698793348107433876e-01 -9.627897664812291589e-01 -1.417780662996791056e-02 -4.362771922860900276e+01 9.628723943235052429e-01 2.697450021528267627e-01 1.069514204332216653e-02 9.359651644768146639e+01 -6.472780830449198150e-03 -1.653781643643057950e-02 9.998422894317964271e-01 -1.110742726886579268e+00 -6.233836936892687643e-16 6.100139601841507191e-18 1.551519608009829943e-17 9.999999999997389866e-01
2.689696928092135120e-01 -9.630434778906902249e-01 -1.423249950009912966e-02 -4.340159207494244953e+01 9.631120737685128219e-01 2.688013494797158454e-01 1.268731174182123958e-02 9.444827600648301313e+01 -8.392717752829327582e-03 -1.711999445024281127e-02 9.998182175171268504e-01 -1.115745365911246623e+00 -6.349321344137844994e-16 -8.349690553034391779e-18 1.561383622974218031e-17 9.999999999997331024e-01
2.685890183949211640e-01 -9.630674456708031572e-01 -1.900090225383773562e-02 -4.318331056739633311e+01 9.632179635426943998e-01 2.683538042547498614e-01 1.404957119292583184e-02 9.529813867557744800e+01 -8.431720237451610644e-03 -2.207557091001320290e-02 9.997207486409452892e-01 -1.114104302511638167e+00 -6.460266933080062357e-16 -2.383237181527288036e-17 1.565438241498160577e-17 9.999999999997271072e-01
2.682975203627097627e-01 -9.630459459514020271e-01 -2.364205053450316868e-02 -4.296497075531134158e+01 9.633078551136765588e-01 2.680209161221674963e-01 1.423955046203917614e-02 9.615025228684595504e+01 -7.376777301375609525e-03 -2.659500907094590125e-02 9.996190717716114671e-01 -1.118532431107434499e+00 -6.563264866314792292e-16 -4.559881077935518920e-17 1.548601688805109577e-17 9.999999999997207789e-01
2.687481000347277660e-01 -9.628531882780918538e-01 -2.623350053110941327e-02 -4.273841091332941744e+01 9.631967726222784298e-01 2.684991970819012308e-01 1.265536947077963367e-02 9.699906885705520665e+01 -5.141589014530627798e-03 -2.866912954667800995e-02 9.995757325354671652e-01 -1.127706867363898358e+00 -6.666566314305057569e-16 -6.796554501073635893e-17 1.517287579248323610e-17 9.999999999997143396e-01
2.702629129804652863e-01 -9.623894421976073588e-01 -2.764994418733582662e-02 -4.250512048583038194e+01 9.627741004293166593e-01 2.700018450887641253e-01 1.284660232225492624e-02 9.784402017212860869e+01 -4.897898495871800574e-03 -3.009261030741660833e-02 9.995351146385921259e-01 -1.141396002277982102e+00 -6.771130760290011206e-16 -9.107928195486183653e-17 1.484831856390700167e-17 9.999999999997080113e-01
2.714250518939491652e-01 -9.620816986906034485e-01 -2.696750356696833370e-02 -4.226590219312680574e+01 9.624278633929329585e-01 2.710820793117318939e-01 1.571986135393492467e-02 9.869627021482727969e+01 -7.813383973798247034e-03 -3.022104102277714879e-02 9.995127011252783467e-01 -1.153157073966116997e+00 -6.882137086726073393e-16 -1.093684895013387399e-16 1.462638153897131570e-17 9.999999999997020161e-01
