1.000000000000000000e+00 4.398956837314658088e-19 2.733407509747682871e-20 -8.673617379884035472e-19 -5.583667658079949532e-19 1.000000000000000000e+00 -6.100159232558060012e-19 0.000000000000000000e+00 4.145284534913582806e-20 -2.210423569125054137e-19 1.000000000000000222e+00 0.000000000000000000e+00
9.999399863757303386e-01 -1.022544041775274443e-03 1.090770671265700077e-02 8.125010676112541519e-02 1.018042345486480389e-03 9.999993943259490869e-01 4.182529775193637189e-04 -3.197983085664851677e-03 -1.090812797662138109e-02 -4.071233622416683138e-04 9.999404217159318931e-01 3.021764138658251109e-01
9.998507220269076123e-01 -2.406476088664228578e-03 1.710972116882894870e-02 1.106420437448668997e-01 2.392701719499217700e-03 9.999967967672357405e-01 8.254872447229196289e-04 -4.604943882508316655e-03 -1.711165317303288760e-02 -7.844255480717195715e-04 9.998532772279318248e-01 5.523720097765347781e-01
9.997830434678278699e-01 -6.170650831511518240e-03 1.989444884217938386e-02 9.082178037128359194e-02 6.194750793152253680e-03 9.999801510911889846e-01 -1.149989270455788323e-03 -1.046226203311212410e-02 -1.988695812168456839e-02 1.272980959967322592e-03 9.998014244813127060e-01 9.298500017320796562e-01
9.998232642295982187e-01 -6.847991154258137834e-03 1.750843665240332109e-02 9.127162464972279898e-02 6.878915629631277007e-03 9.999748836215908154e-01 -1.706643992628741448e-03 -1.190291846795878128e-02 -1.749631012481609946e-02 1.826781463926140320e-03 9.998452590185841204e-01 1.185991691569313389e+00
9.998903291931015014e-01 -1.051253174769195033e-02 1.043150486289262657e-02 9.529227237296498954e-02 1.054911426895637286e-02 9.999383769133723954e-01 -3.458113060854045833e-03 -1.266676453711677863e-02 -1.039450870016200672e-02 3.567776993389200693e-03 9.999396107480279516e-01 1.535341876065071887e+00
9.999381413131298579e-01 -1.105058612802770589e-02 -1.264164198101353593e-03 6.472773006527865469e-02 1.104426818575869433e-02 9.999270037869643080e-01 -4.900124401975130758e-03 -2.121815239735287684e-02 1.318221185145058202e-03 4.885859569717196371e-03 9.999871952531357300e-01 1.866511063061655484e+00
9.997955796812580953e-01 -1.087774256541626863e-02 -1.704328479677404834e-02 3.819690626033274417e-02 1.079351894229147249e-02 9.999291172538701256e-01 -5.025972389744658500e-03 -3.094757403908626747e-02 1.709674824845903995e-02 4.840987997894496790e-03 9.998421205683640789e-01 2.171530933016982079e+00
9.993360111017577374e-01 -6.240390609489011517e-03 -3.589699679300178969e-02 2.018267741873912974e-02 6.047086703844053480e-03 9.999666401829356843e-01 -5.491015715374931300e-03 -3.189980915818241280e-02 3.593006597655138551e-02 5.270297509526563479e-03 9.993404096676240522e-01 2.519969060862338850e+00
9.984369989781910482e-01 -3.419233653973748673e-03 -5.578411769248316915e-02 -3.719568608138589666e-02 3.070910291530160301e-03 9.999752584879233464e-01 -6.328658414138975744e-03 -4.805387195095253694e-02 5.580437763176887556e-02 6.147458700876727057e-03 9.984227963739790157e-01 2.866168380848943542e+00
9.971596918095645412e-01 -2.980211988456317202e-03 -7.525733963334604870e-02 -8.885163977539999036e-02 2.498804273826815258e-03 9.999758165315111302e-01 -6.490171470882538131e-03 -5.429406604376170453e-02 7.527486303448403804e-02 6.283684012278974163e-03 9.971430241003845785e-01 3.227213730217446841e+00
9.953180201958321538e-01 -3.446006755483367427e-03 -9.659277105720633083e-02 -1.327835282519118920e-01 2.873448777387832293e-03 9.999774730829184000e-01 -6.066021306315931387e-03 -5.826321462716493871e-02 9.661150033804627446e-02 5.760065903631121295e-03 9.953055008076334698e-01 3.606190936522361667e+00
9.932554645408898653e-01 -4.171558995160059950e-03 -1.158713936592731808e-01 -1.955510688133240416e-01 3.566767047427958030e-03 9.999789161547379956e-01 -5.426362794018058447e-03 -6.818297914066991094e-02 1.158915890396826076e-01 4.976478171243733928e-03 9.932494020371671617e-01 3.998898398837952062e+00
9.911072426415719061e-01 -4.058986385357947480e-03 -1.330036004351969059e-01 -2.756259775907627385e-01 3.457312939362713628e-03 9.999827213220272570e-01 -4.754370526304400185e-03 -7.312502718242898381e-02 1.330206025337202502e-01 4.252255913845396848e-03 9.911041509906809432e-01 4.396377411815577396e+00
9.887749815852803215e-01 -3.314322485914518879e-03 -1.493755350437200036e-01 -3.628172021721645657e-01 2.725820207929081831e-03 9.999876972104856376e-01 -4.144312678680778066e-03 -7.759200036871552464e-02 1.493874354801535687e-01 3.690621739761780744e-03 9.887718513509637930e-01 4.818052311572576407e+00
9.866640065603626830e-01 -2.699555610167101057e-03 -1.627478106716716277e-01 -4.483263089332722440e-01 2.040353704135032791e-03 9.999890249302290091e-01 -4.217460470704140728e-03 -8.593712484106964811e-02 1.627574125869671040e-01 3.829153235092657218e-03 9.866586861300447042e-01 5.222037236527588888e+00
9.845612346788732427e-01 -3.219509446285616274e-03 -1.750108829755846196e-01 -5.207824330807142577e-01 2.361042827411355405e-03 9.999841401588435152e-01 -5.113208781247700375e-03 -9.014850686724575068e-02 1.750245723812543230e-01 4.621058845283482902e-03 9.845532213385200793e-01 5.670829163989267840e+00
9.827934202088588478e-01 -6.455190582357790002e-03 -1.845952948346490097e-01 -6.242483012349629989e-01 5.237888999604582707e-03 9.999612089931199099e-01 -7.081314804017784653e-03 -1.118331357764173611e-01 1.846338486258529976e-01 5.992579822208452846e-03 9.827891084921526188e-01 6.106360115314824810e+00
9.812563034541743612e-01 -5.614492156775100287e-03 -1.926253968486183465e-01 -7.183372256424949143e-01 4.045942744067852759e-03 9.999553876445467226e-01 -8.535400499113719383e-03 -1.116820700001548566e-01 1.926647286444576335e-01 7.596064113023046245e-03 9.812352434818101266e-01 6.560807762668283694e+00
9.796245240079667349e-01 -5.530010181221721791e-03 -2.007615749715019604e-01 -8.261971627719820743e-01 3.443561302206612964e-03 9.999363907279961161e-01 -1.074040866534058981e-02 -1.149003779983583662e-01 2.008082027113544665e-01 9.830232846469770525e-03 9.795812540140149682e-01 7.033996551508378658e+00
9.780753296497872729e-01 -6.254208613522401969e-03 -2.081574725530029868e-01 -9.364916813836068332e-01 3.603740393933294213e-03 9.999075689410213963e-01 -1.310979115697593310e-02 -1.335904825539682705e-01 2.082202273006328319e-01 1.207221774035579023e-02 9.780074639452280838e-01 7.511101267468317744e+00
9.762622574010811904e-01 -9.895901363893733205e-03 -2.163656045210574086e-01 -1.051293699190466668e+00 6.815076180454599820e-03 9.998645608790788231e-01 -1.498047474065267691e-02 -1.374837206265832612e-01 2.164845491911165931e-01 1.315032393960838611e-02 9.761974749217839920e-01 8.016235516457935972e+00
9.744544551374032526e-01 -1.523901523705817329e-02 -2.240675927625620789e-01 -1.159171573308011016e+00 1.195290601492561382e-02 9.998003063031347670e-01 -1.601485353495927383e-02 -1.555352191925182814e-01 2.242669023461036915e-01 1.292748642291359322e-02 9.744420135534698213e-01 8.532606431333844554e+00
9.724640982957926116e-01 -1.641309257835082275e-02 -2.324740559526313477e-01 -1.313109019732316751e+00 1.246810991705535505e-02 9.997524303717117977e-01 -1.842889523497499502e-02 -1.750129285530409029e-01 2.327189816175161963e-01 1.502292684193726018e-02 9.724279862859135370e-01 9.031727208222809722e+00
9.703775835663953631e-01 -1.222135662226581272e-02 -2.412840285585244604e-01 -1.446165667958276391e+00 7.065934671971498687e-03 9.997281279099572426e-01 -2.222032448263085158e-02 -1.792807947829456738e-01 2.414899968387752838e-01 1.985720756508658341e-02 9.702001206266670508e-01 9.569598485447039948e+00
9.683047410221732321e-01 -9.334164259469474381e-03 -2.495972766057153736e-01 -1.598709997715971998e+00 3.129991030823655197e-03 9.996764674534598383e-01 -2.524209915103852592e-02 -1.934531336175862037e-01 2.497521419656096586e-01 2.366080704047321404e-02 9.680206791193668447e-01 1.011645305256893934e+01
9.659385061756418089e-01 -1.230958284498052772e-02 -2.584787708304241982e-01 -1.769209086339301962e+00 5.407161032314217013e-03 9.996099805196608790e-01 -2.739798247947322282e-02 -2.188289922698913870e-01 2.587152212664519668e-01 2.506712993436480477e-02 9.656283315957328028e-01 1.067926857638908444e+01
9.635803696429871001e-01 -1.368109395471956563e-02 -2.670687127549946638e-01 -1.918787244659440949e+00 6.177612714700427173e-03 9.995627633474596374e-01 -2.891572612554843894e-02 -2.490973133220558688e-01 2.673475438961835926e-01 2.621277899991953861e-02 9.632435738571145656e-01 1.122115476853072735e+01
9.614863366981382109e-01 -1.381088107343511791e-02 -2.745055231750719305e-01 -2.099649150757849636e+00 5.266835602708087524e-03 9.994791665506769229e-01 -3.183796572532675284e-02 -2.720356134567979423e-01 2.748022666062761576e-01 2.916599359810602421e-02 9.610583024723369228e-01 1.179086846127279209e+01
9.591559320914851972e-01 -1.347160344437880672e-02 -2.825569183244427407e-01 -2.287974319158570857e+00 3.590582935484674248e-03 9.993646904744605264e-01 -3.545875260434144804e-02 -2.919035742548544143e-01 2.828550983435082489e-01 3.299592891107684667e-02 9.585949424905905181e-01 1.239941804083747989e+01
9.568767271930255225e-01 -1.510053106394178106e-02 -2.901015358368367325e-01 -2.480101397061218460e+00 3.451448943986497667e-03 9.991685042878815093e-01 -4.062496186086232697e-02 -3.303286697230413682e-01 2.904737811465894493e-01 3.787181000269367048e-02 9.561332074087227628e-01 1.298559527789610257e+01
9.550345623278225782e-01 -1.611588430013067771e-02 -2.960561790322942533e-01 -2.673438633693580257e+00 2.098522811789091044e-03 9.988640893146953914e-01 -4.760385766644791711e-02 -3.672960478169953746e-01 2.964870690091142569e-01 4.484204888016975893e-02 9.539835483208006783e-01 1.360704358386218971e+01
9.537713306834125770e-01 -1.635167474806063434e-02 -3.000881030027569008e-01 -2.891513276703616686e+00 -3.920585260513306217e-04 9.984501934437517434e-01 -5.565121280108027702e-02 -3.994096380616017905e-01 3.005330201777295929e-01 5.319618361396664941e-02 9.522867592187294061e-01 1.421888240470521581e+01
9.524261815632306671e-01 -1.641571134653176112e-02 -3.043269477205579610e-01 -3.102415351313711600e+00 -3.397292720712099916e-03 9.979144597175028109e-01 -6.446075915559586200e-02 -4.485457615552859156e-01 3.047504360446888771e-01 6.242800273575838110e-02 9.503840898331237241e-01 1.484100273182063923e+01
9.512241007572745932e-01 -1.540052883733173360e-02 -3.081161012002566757e-01 -3.335966374208953589e+00 -7.478683667189431165e-03 9.973085289120446895e-01 -7.293673581492167435e-02 -4.936396603862133747e-01 3.084100851964651779e-01 7.168348418077892525e-02 9.485487333261140019e-01 1.549610946718331661e+01
9.497752444591134324e-01 -1.421274038008948047e-02 -3.126099501565424710e-01 -3.555978782503272040e+00 -1.146778793482779689e-02 9.967162773972098044e-01 -8.015704705514295481e-02 -5.462947882821100887e-01 3.127226824342842493e-01 7.971612403520164647e-02 9.464934577509153124e-01 1.613590358763312693e+01
9.481458474474626641e-01 -1.314947638551407227e-02 -3.175634441977394085e-01 -3.784426488177862424e+00 -1.520113713247129260e-02 9.961243319025159249e-01 -8.663279288221886754e-02 -6.056010192467877751e-01 3.174718549645624277e-01 8.696784880781140148e-02 9.442712622686147972e-01 1.679753021633262478e+01
9.466012148153758465e-01 -1.223146230202006891e-02 -3.221746874506026259e-01 -4.041382104099961126e+00 -1.856264288614058178e-02 9.955548116324568486e-01 -9.233658703315532346e-02 -6.791303367687528958e-01 3.218719772427370840e-01 9.338633970227615266e-02 9.421663462725630156e-01 1.746731792019145146e+01
9.449733184372237638e-01 -1.037219054031565148e-02 -3.269829396719354242e-01 -4.294161501149643456e+00 -2.300298529493224886e-02 9.949168111232055134e-01 -9.803775596145412885e-02 -7.575690235094291181e-01 3.263376954669425789e-01 1.001646479677157364e-01 9.399312496674744333e-01 1.815225098468177123e+01
9.429861714718971166e-01 -6.916452777825422144e-03 -3.327600347803574832e-01 -4.520491142763146897e+00 -2.831599652988733493e-02 9.944921756340580066e-01 -1.009134130495910747e-01 -8.290913735485971880e-01 3.316252194473236492e-01 1.045823856771209009e-01 9.375965234519365588e-01 1.884220568438353638e+01
9.414043841269773560e-01 -6.544055969278420558e-03 -3.372164860646618689e-01 -4.798789569635586005e+00 -2.980597647661249738e-02 9.942859109514932126e-01 -1.025042976701999176e-01 -9.120496256332776275e-01 3.359604006072008375e-01 1.065490625489179527e-01 9.358300641178126655e-01 1.953481376395444968e+01
9.392342690005297534e-01 -6.132907428104595118e-03 -3.432220460562128150e-01 -5.093434742297358930e+00 -3.062676043107912319e-02 9.943559729922530899e-01 -1.015785435753659843e-01 -1.000163895292254468e+00 3.419078691780761403e-01 1.059178291681752843e-01 9.337453747923730729e-01 2.025275921876845331e+01
9.369733578736678670e-01 -6.245334955664010555e-03 -3.493449868875750930e-01 -5.357394195863862230e+00 -3.070860765506458132e-02 9.944991448115950705e-01 -1.001420610042258186e-01 -1.091839199696326368e+00 3.480487173407403878e-01 1.045583419520533519e-01 9.316274180439184649e-01 2.096811800275567350e+01
9.344487466399782338e-01 -5.527931284417489377e-03 -3.560547418940774311e-01 -5.630685591701378279e+00 -3.157622752067267002e-02 9.946544779039698803e-01 -9.831282440997704541e-02 -1.167840980171572340e+00 3.546949159807586960e-01 1.031111617186507845e-01 9.292790794791091491e-01 2.168997492904258095e+01
9.314890368957819966e-01 -5.137211488724617234e-03 -3.637331170552787762e-01 -5.935558655412707552e+00 -3.163117969828337095e-02 9.949691407329878112e-01 -9.505723258857955160e-02 -1.249875593340463942e+00 3.623915622154379457e-01 1.000500782167378505e-01 9.266403510719647407e-01 2.239015922507824641e+01
9.279498970988094841e-01 -2.163397381299412246e-03 -3.726986789603666250e-01 -6.258996698219762678e+00 -3.374428175225033938e-02 9.953884708218003752e-01 -8.979485299517653285e-02 -1.328886699609639344e+00 3.711742364089997137e-01 9.590157437546051322e-02 9.235976272844242940e-01 2.319471157577908471e+01
9.245481273379504428e-01 -4.014736531437032487e-04 -3.810650811165842700e-01 -6.586126772278126040e+00 -3.425934378579204020e-02 9.958622992073368207e-01 -8.416993768613482974e-02 -1.414503843629888014e+00 3.795221463217718916e-01 9.087419837684297674e-02 9.207088701103316453e-01 2.391430166835386473e+01
9.209396287140106940e-01 4.114976069945376104e-03 -3.896835435272317794e-01 -6.895869143525115597e+00 -3.842729128610589823e-02 9.960299547965650868e-01 -8.029740018887415731e-02 -1.484521162554430340e+00 3.878060669901913782e-01 8.892354141700385683e-02 9.174415846705636923e-01 2.466122194956426839e+01
9.171617775743596823e-01 4.971575940231977991e-03 -3.984840698427347672e-01 -7.249022433948236532e+00 -3.935841717015089308e-02 9.961636023254426542e-01 -7.816004381749354357e-02 -1.560766694101993757e+00 3.965667546697186352e-01 8.736910742071059277e-02 9.138388541643556184e-01 2.540296442927295217e+01
9.130899812500635759e-01 5.386586339096691330e-03 -4.077225372950387672e-01 -7.594198933705571086e+00 -4.047128767872215649e-02 9.961725909509802079e-01 -7.747415030206437903e-02 -1.641070886073595192e+00 4.057447021048115610e-01 8.724192697835352062e-02 9.098132150324362843e-01 2.617546892692935145e+01
9.092792608843721647e-01 4.917435492694677973e-03 -4.161574714162871724e-01 -7.961235777515581979e+00 -4.040169895944573097e-02 9.962504426320877293e-01 -7.650332235197328246e-02 -1.710927712721050264e+00 4.142208720362579588e-01 8.637635369993092171e-02 9.060685394465718412e-01 2.693677807883776865e+01
9.053415321437947583e-01 5.197330091178758125e-03 -4.246524393721374246e-01 -8.344497498191341123e+00 -4.084291591845802538e-02 9.963557058332779270e-01 -7.488099712252989371e-02 -1.778038822423397392e+00 4.227157069388955968e-01 8.513692093682019568e-02 9.022544759733667208e-01 2.772698982896264397e+01
9.015533035806831963e-01 5.761573427973243518e-03 -4.326296814557458181e-01 -8.727019895442728270e+00 -4.108737807368121470e-02 9.965326231128619483e-01 -7.235024875940757050e-02 -1.860219913233764677e+00 4.307127474014208479e-01 8.300322544239703559e-02 8.986640070289063642e-01 2.850367877862248278e+01
8.976718507803510549e-01 6.399930299741222149e-03 -4.406180718959852305e-01 -9.113943917047325982e+00 -4.052162727403030296e-02 9.968569205093269492e-01 -6.807553025409156244e-02 -1.926384591400272628e+00 4.387975031408622995e-01 7.896404884157215420e-02 8.951097329890025378e-01 2.928472875446344403e+01
8.938593599205395535e-01 7.976346605924404878e-03 -4.482764978471992512e-01 -9.534230412556402356e+00 -4.027930673339160522e-02 9.972272826484226416e-01 -6.257255196102680384e-02 -1.985795405327845486e+00 4.465344611183521550e-01 7.398732807498539787e-02 8.917022228888901170e-01 3.009157669124185475e+01
8.900291010764913580e-01 8.072654805653394980e-03 -4.558322359167231719e-01 -9.951659301296544413e+00 -3.888096036547918077e-02 9.975445737033895588e-01 -5.825027437065448399e-02 -2.054456946627426284e+00 4.542427468958835091e-01 6.956763465849433170e-02 8.881575734140600975e-01 3.089329182503843541e+01
8.863892959450181408e-01 6.691143215612368328e-03 -4.628922556488042073e-01 -1.039789360764846293e+01 -3.687447618488652601e-02 9.977390183496682718e-01 -5.618829356323584018e-02 -2.120433131514580349e+00 4.614697087567490308e-01 6.687361162380947577e-02 8.846319190490793405e-01 3.169960159470721095e+01
8.833712994618843073e-01 7.015630365987262328e-03 -4.686213010764940790e-01 -1.085554366158984330e+01 -3.716702999026512411e-02 9.977875427975448908e-01 -5.512378240025865572e-02 -2.180297590939325847e+00 4.671977764452275306e-01 6.611202942399717342e-02 8.816776290564873886e-01 3.251553220240504061e+01
8.800620158555435557e-01 7.299307740777547480e-03 -4.748026577989727381e-01 -1.128570002938084293e+01 -3.700411576340547487e-02 9.978954946154335870e-01 -5.324732209353542911e-02 -2.237332318707125900e+00 4.734147725912128402e-01 6.443059829609422418e-02 8.784800256864618850e-01 3.334379554272198476e+01
8.771635663092152146e-01 5.972246008137281278e-03 -4.801545643067031133e-01 -1.176617467823869845e+01 -3.521835284363689783e-02 9.980298172235818610e-01 -5.192447996327996529e-02 -2.295634771535847829e+00 4.788984745154289402e-01 6.245651502818763690e-02 8.756457270873159171e-01 3.418667360041853698e+01
8.745923219227809131e-01 5.086860244849745853e-03 -4.848323314436617237e-01 -1.224553740167115023e+01 -3.440315038786885549e-02 9.980756855601828903e-01 -5.158826609785346212e-02 -2.355775003327158501e+00 4.836369475997351342e-01 6.179846117212245415e-02 8.730843359748347021e-01 3.502334568150840255e+01
8.726914912179443151e-01 4.413745852107940799e-03 -4.882520612045156971e-01 -1.273022816887153574e+01 -3.413999802397735955e-02 9.980634211606054240e-01 -5.199873014983853736e-02 -2.415677914079918942e+00 4.870770217865965090e-01 6.204777389048338893e-02 8.711521412902258898e-01 3.585071528314571054e+01
8.709151438285396285e-01 4.335321964228004352e-03 -4.914142981685986067e-01 -1.322165550596744055e+01 -3.457170146642144642e-02 9.980241361101928055e-01 -5.246542919908743496e-02 -2.468407267219594026e+00 4.902158842996516830e-01 6.268196536258702212e-02 8.693442141786037469e-01 3.670971403328673688e+01
8.704462845122842296e-01 4.717985515948504467e-03 -4.922407963456734148e-01 -1.371972513171185959e+01 -3.457622839029204226e-02 9.980703326277053922e-01 -5.157611483219276538e-02 -2.538548558472780492e+00 4.910476084193639013e-01 6.191406784770295268e-02 8.689297435409389925e-01 3.759669327966358310e+01
8.702147933719488471e-01 4.522769646673131978e-03 -4.926517564567206575e-01 -1.423635653499531983e+01 -3.360195661740105616e-02 9.981742475876500542e-01 -5.019043758833263008e-02 -2.592696202839520847e+00 4.915253049866892820e-01 6.023052433234735159e-02 8.687779712025639478e-01 3.848754247229604886e+01
8.700761434660978511e-01 3.144741055096694944e-03 -4.929073040248008186e-01 -1.474321130366565669e+01 -3.167628626133789371e-02 9.982694163490923867e-01 -4.954579020914748333e-02 -2.651963194524959100e+00 4.918984864809918256e-01 5.872208302875286945e-02 8.686700183151362387e-01 3.937179731463518095e+01
8.696309992290565116e-01 2.407675199685295388e-03 -4.936963879280002465e-01 -1.526974033299294575e+01 -3.117287223096287807e-02 9.982605270822907384e-01 -5.004170422183137207e-02 -2.713705154073212000e+00 4.927171407339848708e-01 5.890775176484287085e-02 8.681933544900142241e-01 4.026821795974583296e+01
8.681448607648057925e-01 4.201598759690167509e-04 -4.963107084504134736e-01 -1.578888952091772779e+01 -2.934778154068796996e-02 9.982932819706510363e-01 -5.048990930251338882e-02 -2.773041788898325866e+00 4.954424407025025956e-01 5.839817362123800315e-02 8.666755137240031992e-01 4.118983191937202548e+01
8.668078108054263486e-01 -5.632813300644291333e-04 -4.986420529091676879e-01 -1.632368425954856761e+01 -2.745631314018270527e-02 9.984283776307607550e-01 -4.885617317614723842e-02 -2.838424009053320152e+00 4.978859042399250701e-01 5.603978493345737610e-02 8.654300513202207723e-01 4.209284789652350867e+01
8.649491593002840428e-01 -5.683701751881269255e-04 -5.018591673082843929e-01 -1.688204786967465409e+01 -2.562866779740254411e-02 9.986445431979991127e-01 -4.530174138789450772e-02 -2.906207489594471838e+00 5.012046756716291851e-01 5.204568503751850345e-02 8.637621922025751076e-01 4.304958075393891903e+01
8.619429116623991138e-01 -3.190870458984898322e-04 -5.070052368115292030e-01 -1.742665578677246430e+01 -2.357681279018011139e-02 9.988927684543320584e-01 -4.071082252995272127e-02 -2.969529287026916098e+00 5.064568636381832079e-01 4.704397243809498724e-02 8.609810189268625180e-01 4.395171193197715809e+01
8.582975177393498134e-01 -1.815670490254374120e-03 -5.131491685737243902e-01 -1.797533717387183216e+01 -2.119596992136495855e-02 9.990148731928986114e-01 -3.898735739556513646e-02 -3.028926937066278136e+00 5.127144485997671142e-01 4.433944636739522299e-02 8.574135016605968218e-01 4.483418950158808514e+01
8.528999739384085510e-01 -4.250919991682118940e-03 -5.220570455389286213e-01 -1.852965210912271132e+01 -1.978908356807620311e-02 9.989849980159661857e-01 -4.046437871660929497e-02 -3.089972569921110690e+00 5.216991764273010146e-01 4.484309800220297182e-02 8.519501576856163272e-01 4.574547540966931791e+01
8.472535417052725615e-01 -7.533303981921094655e-03 -5.311352745703653566e-01 -1.909811905529075915e+01 -1.852813697091182377e-02 9.988718667766312009e-01 -4.372301376105102583e-02 -3.157496275163311772e+00 5.308654711204773280e-01 4.688542534149331420e-02 8.461581494843841700e-01 4.663487111429319043e+01
8.408896337193703108e-01 -7.886648157889522212e-03 -5.411491651896416233e-01 -1.968838110306865730e+01 -1.859882215244541490e-02 9.988821079272187653e-01 -4.345823635996035050e-02 -3.216009305465252766e+00 5.408869679669839892e-01 4.660831748631394378e-02 8.398029282475553137e-01 4.752624711946479863e+01
8.354093002684881419e-01 -4.173337084502487526e-03 -5.496124802196143966e-01 -2.029230871481103193e+01 -2.053778098290684126e-02 9.990357877261409891e-01 -3.880327861843474446e-02 -3.252097013910706380e+00 5.492444857488755217e-01 4.370444049670650644e-02 8.345180780473414606e-01 4.839499051807172236e+01
8.299369354202904558e-01 -3.866954790372994621e-04 -5.578570853307175392e-01 -2.087483040238645060e+01 -2.221889491073635037e-02 9.991833571090805721e-01 -3.374817962419543460e-02 -3.326961776770934964e+00 5.574145751877009891e-01 4.040382860124189929e-02 8.292505821511387820e-01 4.928640904293847314e+01
8.256836170713890422e-01 -2.910373077937590186e-05 -5.641334571609777360e-01 -2.149933779436482695e+01 -2.369852569871911882e-02 9.991154532569667124e-01 -3.473745800399611477e-02 -3.373030975580569191e+00 5.636354754558202673e-01 4.205128108797189651e-02 8.249525723854005399e-01 5.016974087117547754e+01
8.223849465053070240e-01 -1.972865673841036650e-03 -5.689280282282797030e-01 -2.211815199405493360e+01 -2.475485630978844359e-02 9.989228519518094096e-01 -3.924707611707990013e-02 -3.424185581105187115e+00 5.683926475178968651e-01 4.635993610267820364e-02 8.214502789486014533e-01 5.104765842274676402e+01
8.193780394744315521e-01 -4.465860588460564447e-03 -5.732361452081032871e-01 -2.272748294005042169e+01 -2.645199348706626929e-02 9.986099559344531196e-01 -4.558999885814971065e-02 -3.504269880435073592e+00 5.726429301484322609e-01 5.251868263860807323e-02 8.181209377722729048e-01 5.189505567365657157e+01
8.161863030123036600e-01 -5.158765015515857748e-03 -5.777657825480913001e-01 -2.334970657760747414e+01 -2.724273684490936473e-02 9.985044100714669524e-01 -4.740017304314347174e-02 -3.558348859649114626e+00 5.771462181561415328e-01 5.442729315935466994e-02 8.148250849201531532e-01 5.277137618926821716e+01
8.131732875843381558e-01 -3.921716338734360444e-03 -5.820084346259706276e-01 -2.397595008338524636e+01 -2.653992809976708431e-02 9.986872709306779949e-01 -4.381058257387562827e-02 -3.618281245666740364e+00 5.814162379290381821e-01 5.107205742485183830e-02 8.120017301085838968e-01 5.361206508895402578e+01
8.098988231908705870e-01 -2.085246826229010791e-03 -5.865658883007657254e-01 -2.461239833511552177e+01 -2.524839054917496148e-02 9.989429260903622820e-01 -3.841287852306316669e-02 -3.676422110666227372e+00 5.860259552381923420e-01 4.592038964312285254e-02 8.089900519636272769e-01 5.449017475549431566e+01
8.067796561377161835e-01 -3.172610654368023496e-04 -5.908523327143604398e-01 -2.528148276044776566e+01 -2.549834680230153583e-02 9.990495419470362126e-01 -3.535317659559264469e-02 -3.734397728511966275e+00 5.903019787205636693e-01 4.358798122063753389e-02 8.060047571049366866e-01 5.535182692447112629e+01
8.039223195537020805e-01 1.400586507976545156e-04 -5.947342916890869802e-01 -2.591458342635359458e+01 -2.663257281832805135e-02 9.990052950384998853e-01 -3.576487945195105933e-02 -3.785186207362226884e+00 5.941377076004312752e-01 4.459148905915820416e-02 8.031263849823048195e-01 5.620124817017696017e+01
8.001119871556192642e-01 -1.145023141638916529e-03 -5.998495561632123385e-01 -2.656311091984700568e+01 -2.639790400998687225e-02 9.989621701447144453e-01 -3.711783041366294167e-02 -3.834972561475208153e+00 5.992695254907258740e-01 4.553319194104393092e-02 7.992513816700562712e-01 5.705704701365300480e+01
7.961398849743230866e-01 -3.150683487556097100e-03 -6.051044122582478479e-01 -2.722292204103119317e+01 -2.616207862608853352e-02 9.988721620097764653e-01 -3.962259018729927251e-02 -3.901750161243876747e+00 6.045468011750880777e-01 4.737591350431016174e-02 7.951595405775880865e-01 5.792198364718293391e+01
7.921252755344627694e-01 -4.506338906234631965e-03 -6.103418989762563474e-01 -2.789509997429321331e+01 -2.509277074710566241e-02 9.988868972221816023e-01 -3.994145040823873088e-02 -3.953600406531723177e+00 6.098425259376206720e-01 4.695380165055013794e-02 7.911304830084079365e-01 5.875493053597784154e+01
7.873303883528881553e-01 -4.527955053326787604e-03 -6.165146794214172443e-01 -2.857116247558649036e+01 -2.484773114787243442e-02 9.989275355113271804e-01 -3.906877398336417589e-02 -4.013726526799906047e+00 6.160304015941694411e-01 4.607902387484195256e-02 7.863734959171800876e-01 5.963233456352339346e+01
7.828038663435645805e-01 -4.325534223186079663e-03 -6.222534766543620366e-01 -2.924535153526876741e+01 -2.516736486495120897e-02 9.989375673833483793e-01 -3.860492537802089758e-02 -4.074089878221583305e+00 6.217593719107956662e-01 4.588056500354157491e-02 7.818633285500793395e-01 6.044632232767724389e+01
7.772858206087953636e-01 -5.216843595840418325e-03 -6.291260049386384612e-01 -2.992747182417866014e+01 -2.500320963842217470e-02 9.989195059566408075e-01 -3.917473897704769337e-02 -4.127873519535394387e+00 6.286506173629217153e-01 4.618013839323586306e-02 7.763155309497251633e-01 6.128367978355556289e+01
7.719840061895540950e-01 -6.816240352288782667e-03 -6.356054006844622517e-01 -3.064757282492666590e+01 -2.422076103779449360e-02 9.989008684492758361e-01 -4.012991141989458860e-02 -4.190018315279045780e+00 6.351803328082374911e-01 4.637449617756249365e-02 7.709704005661238702e-01 6.213446737810702558e+01
7.666740225027688371e-01 -8.090652425467151354e-03 -6.419855736269786117e-01 -3.133258046446605150e+01 -2.358684073314206570e-02 9.988906683962363031e-01 -4.075651577254925384e-02 -4.252405655175336641e+00 6.416031566073508996e-01 4.638937323159208342e-02 7.656326947417334550e-01 6.292476092033513169e+01
7.609309818221579036e-01 -9.362236075006257624e-03 -6.487652745554441935e-01 -3.205297751321043620e+01 -2.341305893204010877e-02 9.988484850789828284e-01 -4.187520231182901426e-02 -4.301966781128864881e+00 6.484102683716860271e-01 4.705371827961508935e-02 7.598355607592162109e-01 6.378268712044683753e+01
7.546807695498016777e-01 -1.097482272701968964e-02 -6.560003667713911746e-01 -3.276825564599037932e+01 -2.260394709858694340e-02 9.988315816104663680e-01 -4.271455480973041646e-02 -4.374454182497032662e+00 6.557026798529322908e-01 4.706405054132393323e-02 7.535509132596559523e-01 6.459512803245479517e+01
7.485722470196689571e-01 -1.208897836710475480e-02 -6.629430136151599484e-01 -3.353700306995788338e+01 -2.160416969240449431e-02 9.988582070653100331e-01 -4.260917820684292229e-02 -4.432533334429803240e+00 6.627011828284878892e-01 4.621838148305780491e-02 7.474563610983164796e-01 6.543018959288477276e+01
7.423511378792464477e-01 -1.210349170414115605e-02 -6.699016981042403840e-01 -3.428101891011443314e+01 -2.111818038665133276e-02 9.989173697536314345e-01 -4.145010130813490262e-02 -4.491521553169222081e+00 6.696781447719908353e-01 4.491763460201218805e-02 7.412918432943298441e-01 6.624498458042749860e+01
7.363583782850300352e-01 -1.277463765877617438e-02 -6.764710923264535269e-01 -3.502177809375265838e+01 -2.014035679880802482e-02 9.989648148843850439e-01 -4.078804587113944724e-02 -4.551033953217227257e+00 6.762918836940515765e-01 4.365898828685606942e-02 7.353388262326003844e-01 6.704227323348838752e+01
7.294738891291400185e-01 -1.378158256472396086e-02 -6.838698006766650295e-01 -3.578958738269859907e+01 -1.961901034650330097e-02 9.989640988464457694e-01 -4.105878325759622360e-02 -4.612319524374586699e+00 6.837272459685015402e-01 4.336815880507956245e-02 7.284478462263455079e-01 6.786401124692019948e+01
7.230711449190255768e-01 -1.580677978751384924e-02 -6.905926846962927579e-01 -3.657697471443258763e+01 -1.876118024334984605e-02 9.989199816048653924e-01 -4.250751107039029558e-02 -4.680558849220262552e+00 6.905187506731957914e-01 4.369228833255671407e-02 7.219936618975345555e-01 6.864740147030727258e+01
7.172440971331409676e-01 -1.480361509001382019e-02 -6.966647321475983867e-01 -3.736597360976093540e+01 -2.073495434437858803e-02 9.988781760910678820e-01 -4.257289081878136427e-02 -4.741281234590266180e+00 6.965134416990050870e-01 4.498046586118992218e-02 7.161325242424164683e-01 6.944744068055749153e+01
7.117500998708559123e-01 -1.516118192224359326e-02 -7.022691255288702195e-01 -3.818160801785390390e+01 -2.000107428576034657e-02 9.989242442168797531e-01 -4.183672283120722785e-02 -4.803583731910752164e+00 7.021479617358784564e-01 4.382342839576824911e-02 7.106811916359904169e-01 7.026547657185810181e+01
7.070198352001287878e-01 -1.470337613357080610e-02 -7.070408432483332728e-01 -3.897465761718883215e+01 -2.099712063874890899e-02 9.989066208402184177e-01 -4.176941228732482941e-02 -4.860671200663213121e+00 7.068819431005201048e-01 4.437762466897608032e-02 7.059380668680120818e-01 7.105238003958793058e+01
7.023906606582061007e-01 -1.514823278238736602e-02 -7.116304387874013981e-01 -3.981609010510305779e+01 -2.138548113193774677e-02 9.988730668027639981e-01 -4.237048087665800516e-02 -4.933547438454976231e+00 7.114703290035859773e-01 4.497918917402259076e-02 7.012751620489665605e-01 7.184326003277564610e+01
6.969671275217200757e-01 -1.708916019016181939e-02 -7.168994170555843537e-01 -4.063937172483997529e+01 -2.144440095489339240e-02 9.987722135013907820e-01 -4.465650278503113108e-02 -5.001066910030282031e+00 7.167823721249765301e-01 4.649759282295283513e-02 6.957449348865378802e-01 7.264635164337930462e+01
6.920013855455581231e-01 -1.947298622621208147e-02 -7.216334772661754382e-01 -4.147065437952597478e+01 -2.112280214803432046e-02 9.986619127715600230e-01 -4.720393248834937883e-02 -5.061802766196394465e+00 7.215870827005286259e-01 4.790810766757783168e-02 6.906641042975538713e-01 7.342545370938240978e+01
6.870516497386965904e-01 -1.965233428056640738e-02 -7.263427610514330279e-01 -4.231581007949277762e+01 -2.233928049437224408e-02 9.985903088232225278e-01 -4.814926486448039417e-02 -5.120547274753957545e+00 7.262651000445999872e-01 4.930700636095630002e-02 6.856441010918962187e-01 7.420109838954456905e+01
6.819907481959101014e-01 -1.943667644315857576e-02 -7.311024723301794426e-01 -4.318284126612375928e+01 -2.173566016911230789e-02 9.986665753001412460e-01 -4.682555381865190908e-02 -5.202946206124732242e+00 7.310377479846736914e-01 4.782558918111168289e-02 6.806588969098830155e-01 7.500271938410308792e+01
6.772118003648990303e-01 -1.985056120175558020e-02 -7.355203074140311825e-01 -4.405572092663378214e+01 -2.063532971255759366e-02 9.987304163796942857e-01 -4.595365707833708180e-02 -5.267580775898066392e+00 7.354987214508108551e-01 4.629806269004391878e-02 6.759424015034647404e-01 7.578344959416972415e+01
6.719978764960042872e-01 -2.025838972643484448e-02 -7.402759225194022186e-01 -4.491773614633432743e+01 -2.052386645612279403e-02 9.987323204716220815e-01 -4.596219080920375261e-02 -5.342294440636520036e+00 7.402686226331687269e-01 4.607981858467805059e-02 6.707302190893700278e-01 7.654076940462682899e+01
6.672317051670626498e-01 -2.131205493785805552e-02 -7.445452556140248479e-01 -4.580537429706368613e+01 -1.961169069355050629e-02 9.987413669843937525e-01 -4.616344325374912433e-02 -5.408109888626244199e+00 7.445919970600298754e-01 4.540350399737759501e-02 6.659739409203530025e-01 7.732342395157411374e+01
6.625277310078461213e-01 -2.215470401856363056e-02 -7.487096662608198061e-01 -4.668593690795741225e+01 -1.849696240649132892e-02 9.987737617399191636e-01 -4.592205646584446299e-02 -5.478837723664978121e+00 7.488089723130766373e-01 4.427349018887494908e-02 6.613055204703487400e-01 7.810920155548656396e+01
6.586896826072943245e-01 -2.317150817093563409e-02 -7.520578254145052766e-01 -4.757945315679614851e+01 -1.713134136891764428e-02 9.988047105125820169e-01 -4.577846028743735862e-02 -5.542687130423993302e+00 7.522196675506233055e-01 4.303755856506848859e-02 6.575053997845724529e-01 7.886613956760372446e+01
6.547193545825824579e-01 -2.582543364016304938e-02 -7.554307401464906979e-01 -4.849806310577709212e+01 -1.441390858015454031e-02 9.988078616961576506e-01 -4.663791024988182821e-02 -5.611221912730273154e+00 7.557346195263626720e-01 4.142345186092823844e-02 6.535665941739794427e-01 7.965586263818971702e+01
6.504203310548255512e-01 -2.965786814860080917e-02 -7.589952523983967136e-01 -4.939454016463925257e+01 -1.201640508603470797e-02 9.987106303313709743e-01 -4.932223519006301293e-02 -5.700836628093358449e+00 7.594794323994779051e-01 4.120057868544049762e-02 6.492253189071092168e-01 8.043102949473687602e+01
6.458666492964385553e-01 -3.405679103887396253e-02 -7.626902356610900657e-01 -5.030077395337632851e+01 -8.017557205548087040e-03 9.986468599282870562e-01 -5.138256449689443395e-02 -5.766583619199732169e+00 7.634081473833582709e-01 3.930119707441687149e-02 6.447196500439041911e-01 8.119748509801192426e+01
6.391344113275184702e-01 -3.808281625204473775e-02 -7.681516077469461301e-01 -5.123769009733977242e+01 -2.115867271567951728e-03 9.986824649045780156e-01 -5.127238426792739973e-02 -5.842751702413032433e+00 7.690921511180832670e-01 3.439525165206498702e-02 6.382117521957422213e-01 8.195145049060855058e+01
6.308686103607561435e-01 -4.173206735935643119e-02 -7.747665583666342171e-01 -5.215908057185431090e+01 2.725099316909345044e-03 9.986654986075110818e-01 -5.157320724895501918e-02 -5.930326824166939126e+00 7.758849012804958090e-01 3.042460139984890302e-02 6.301404404301632622e-01 8.273055625711980099e+01
6.219011555065337982e-01 -4.250498578055574711e-02 -7.819413454479093861e-01 -5.309052363083839765e+01 4.663944112829903135e-03 9.987091862583421520e-01 -5.057873947476501653e-02 -6.010205371632201476e+00 7.830818669495388518e-01 2.780804538933353415e-02 6.212966389178780080e-01 8.346768905501274105e+01
6.129713562312806285e-01 -4.173662485494610691e-02 -7.890020019960946041e-01 -5.406453626868828621e+01 6.426551015979289905e-03 9.988341663610581511e-01 -4.784357353806697327e-02 -6.072497384898972506e+00 7.900789998595216801e-01 2.425617810291381959e-02 6.125249572545033994e-01 8.420694461938347786e+01
6.042362704686190522e-01 -4.146786540348371825e-02 -7.957254136797913269e-01 -5.505230168023092574e+01 5.865734976566506532e-03 9.988492946608740208e-01 -4.759915636737628575e-02 -6.159802703451119577e+00 7.967836173815991962e-01 2.409362188501840488e-02 6.037842131852292349e-01 8.494072296545719780e+01
5.947252798426582165e-01 -4.217643841903684354e-02 -8.028218842015000245e-01 -5.603332778101520972e+01 3.849774013266435944e-03 9.987608364731438426e-01 -4.961825015103506209e-02 -6.223654453727780478e+00 8.039197915713496290e-01 2.641854445047043046e-02 5.941506888441431267e-01 8.565635228753511399e+01
5.845909225956776867e-01 -4.472773018124448496e-02 -8.100943595458982571e-01 -5.703453231915831623e+01 5.573799827673477439e-03 9.986770813102390232e-01 -5.111770727860982799e-02 -6.313282846689667771e+00 8.113090636203190709e-01 2.536764341486387464e-02 5.840668608835026809e-01 8.636841275214511882e+01
5.748061514576168207e-01 -4.545200356877227704e-02 -8.170263101174020104e-01 -5.801852410209604471e+01 4.498979704485661819e-03 9.986166258566537834e-01 -5.238887020727010790e-02 -6.376083542464333398e+00 8.182772503051728430e-01 2.643765963825196394e-02 5.742154682717668379e-01 8.707866615801671628e+01
5.647166662009935889e-01 -4.668169095337775659e-02 -8.239635272624381557e-01 -5.905023101847717015e+01 7.636637818583513412e-03 9.986517893367884424e-01 -5.134476983714642007e-02 -6.456475348290276806e+00 8.252495257951319996e-01 2.270293573944555041e-02 5.643118014866960186e-01 8.776749666548010964e+01
5.545864379816435319e-01 -4.701396290867378841e-02 -8.307969412090659977e-01 -6.008554638199851183e+01 9.613491353503303069e-03 9.986980394935613958e-01 -5.009797067229615486e-02 -6.536781727241914197e+00 8.320705949274630475e-01 1.979679538627708221e-02 5.543163578281237180e-01 8.845280802538476905e+01
5.440977529725732342e-01 -4.753343381941710355e-02 -8.376742774556047433e-01 -6.114041498598995616e+01 1.021864223352569878e-02 9.986952808745857002e-01 -5.003314180109354192e-02 -6.623924558247871630e+00 8.389596093496826112e-01 1.866302575510602607e-02 5.438735865525208268e-01 8.913391324745829536e+01
5.338248954374188449e-01 -4.782165512705263688e-02 -8.442417055312533281e-01 -6.218414808614939915e+01 8.206468354069134871e-03 9.986455227834976078e-01 -5.137872782537054872e-02 -6.702955115156036925e+00 8.455552298012010137e-01 2.049900065803795385e-02 5.334942898573085124e-01 8.978700385608011914e+01
5.234719708845450015e-01 -4.880176707823868226e-02 -8.506441500963686231e-01 -6.326643852951613667e+01 7.944524745839183499e-03 9.985945321725910873e-01 -5.240080927418121898e-02 -6.776762451501778806e+00 8.520058639336154371e-01 2.067239089233545088e-02 5.231239559049309928e-01 9.043254579220015898e+01
5.138994864026124043e-01 -4.926190110937953004e-02 -8.564348017650046385e-01 -6.433545412281941367e+01 6.190224259470370784e-03 9.985367887535243625e-01 -5.372115600568096866e-02 -6.868239205549167004e+00 8.578280778387394889e-01 2.230575049067164140e-02 5.134524863055290878e-01 9.106741053639763095e+01
