1.000000000000000000e+00 -3.306050084167601550e-19 -2.270457535318767223e-19 -8.673617379884035472e-19 7.546676715296109287e-19 1.000000000000000000e+00 6.237773588823049983e-19 1.387778780781445676e-17 -3.447385680526250622e-20 4.770700176052009879e-20 1.000000000000000222e+00 5.551115123125782702e-17
-4.759393675159471759e-01 -1.322052074588049055e-02 8.795921296317503746e-01 -3.622321092805306009e+00 -2.936246636453056225e-02 9.995688249983134543e-01 -8.432190388042224002e-04 -1.365139261222647615e-02 -8.792018151904464895e-01 -2.621428167431150841e-02 -4.761224694338128671e-01 4.095415775709721373e+00
-9.185139148129281006e-01 -3.296703290881752152e-02 3.952754611658751416e-01 1.051923991633552546e+00 -4.093178168211580870e-02 9.990921933699254964e-01 -1.178591079288185926e-02 1.596767647415536784e-02 -3.945282424155510115e-01 -2.700876354039432464e-02 -9.190294852411099447e-01 6.166035269947344410e+00
-8.966463962154609391e-01 -4.070488909220949802e-02 -4.414818230901707552e-01 4.837698177479131445e+00 -3.219896079729520771e-02 9.991236723008137810e-01 -2.674334872942341415e-02 6.595033662937348218e-02 4.421835443171808766e-01 -9.761283082955155704e-03 -8.971712229237317482e-01 5.938460976544274850e+00
-3.366268746447834137e-01 -2.737268228500179187e-02 -9.413170103573960112e-01 6.243034754073761405e+00 -1.376978270520456613e-02 9.996137334946111341e-01 -2.412781487517718509e-02 4.516264476132267336e-02 9.416138404653816574e-01 4.839917927333271808e-03 -3.368739030411881386e-01 2.805706543118711593e+00
-1.021776074869491513e-01 -2.081248812062218637e-02 -9.945827494351642262e-01 5.573913909356241092e+00 -1.031954805486514672e-02 9.997495722252744965e-01 -1.985381478646734699e-02 1.813335950202582536e-03 9.947468129954647464e-01 8.244703233986140287e-03 -1.023669080709973533e-01 -1.192866736554028639e+00
1.262361584536540217e-02 -1.818901763689778281e-02 -9.997552937219258418e-01 4.554739353485798503e+00 -5.957038370137700441e-03 9.998154627346634848e-01 -1.826298989832076877e-02 -4.439736354939990970e-02 9.999031548709699235e-01 6.181855014108018562e-03 1.251299407016539730e-02 -3.951437910031725398e+00
2.524198050712232466e-01 -1.468379382140055402e-02 -9.675583758252379596e-01 3.561628434513334884e+00 -2.812117273868988080e-03 9.998695574684677290e-01 -1.590493926692350402e-02 -4.710438688821588782e-02 9.676657741268254176e-01 6.730067198893016807e-03 2.523454946380435104e-01 -5.450035023204809370e+00
2.439076538428061602e-01 -1.478576393902278699e-02 -9.697213270599588375e-01 3.208396919273946768e+00 -1.427609075011982342e-03 9.998772327023406348e-01 -1.559744326401043234e-02 -5.341622374983133470e-02 9.698330081354261667e-01 5.188356532968402789e-03 2.438565671978343008e-01 -5.531552102782958613e+00
3.505737773146216929e-01 -6.911462201726999849e-03 -9.365727718166404481e-01 3.088617850591493408e+00 1.800179894324531807e-03 9.999758662245636920e-01 -6.709522060508175609e-03 -3.640214296384627901e-02 9.365966027994602205e-01 6.658714904304640974e-04 3.505778856051019465e-01 -5.311855995147864107e+00
3.486952781988671979e-01 -9.890668083093704255e-04 -9.372635363352498361e-01 2.762632086022317246e+00 8.239287799098559545e-03 9.999640261918821826e-01 2.013197286056745555e-03 -7.536720785373056397e-02 9.372278364789108362e-01 -8.426515256759635128e-03 3.486907803908975700e-01 -5.298524733085304916e+00
4.453345419743232614e-01 -2.207367355144538082e-04 -8.954987174711623865e-01 2.637811558994137329e+00 1.288468000398162137e-02 9.998979646868680904e-01 6.158250946433117302e-03 -5.446889983836866733e-02 8.954060220826260963e-01 -1.427963848270640858e-02 4.452920595123623926e-01 -4.976244053139216916e+00
4.511966260703784704e-01 3.536717574124145780e-03 -8.924821930248563184e-01 2.283367169207656477e+00 1.276346990983956431e-02 9.998642598215374822e-01 1.041360468868418251e-02 -6.788891468301040677e-02 8.923979893798443808e-01 -1.608980448225425311e-02 4.510902815008150379e-01 -4.956046291962507233e+00
5.436302626831164275e-01 6.782958214374698071e-03 -8.394085499926239313e-01 2.203241416470176350e+00 1.271764572892709888e-02 9.997859379300948479e-01 1.631508969756841412e-02 -5.648563608051530849e-02 8.393396577544689485e-01 -1.954526446147760929e-02 5.434275284059539857e-01 -4.602951869428271614e+00
5.546133712599873311e-01 8.706767586145211166e-03 -8.322464327862603151e-01 1.857185840732362925e+00 1.497887894964540501e-02 9.996787614122542021e-01 2.044043344787830827e-02 -5.659239765156896806e-02 8.321571117648609572e-01 -2.380041389007825706e-02 5.543047882948607397e-01 -4.540507005456531964e+00
6.384034221179185620e-01 7.690707354746766436e-03 -7.695226265191454917e-01 1.765724521713166739e+00 1.805504229719477258e-02 9.995253259443751537e-01 2.496040995341426705e-02 -5.275450412585347415e-02 7.693490626479736472e-01 -2.983394144030844866e-02 6.379614830702138306e-01 -4.130316054151778715e+00
6.509216895606626530e-01 7.683339198256353142e-03 -7.590622989248149155e-01 1.472421178153200838e+00 2.098547931624563864e-02 9.993846209326714414e-01 2.811024413805233990e-02 -4.567188635719920953e-02 7.588112887811232499e-01 -3.422404220704144268e-02 6.503598429376047374e-01 -4.047956641577534320e+00
7.240444342861858118e-01 4.567519490055925446e-03 -6.897777860083282864e-01 1.388603167191749366e+00 2.277894211279807637e-02 9.992743693901402491e-01 3.053086419571029303e-02 -3.764314671113112853e-02 6.894166097085160372e-01 -3.781963555979763608e-02 7.234149690783432396e-01 -3.574831282997458892e+00
7.369249396138860542e-01 3.756968418050603969e-03 -6.760689057885466147e-01 1.075838247811828463e+00 2.429361545110742329e-02 9.991913998801476016e-01 3.203679461327614553e-02 -2.068212310154714240e-02 6.756425677923747486e-01 -4.003315507104712040e-02 7.362378937708897730e-01 -3.456266816854231205e+00
7.973904733641368203e-01 5.511732991081081008e-03 -6.033274416160618880e-01 9.985478260721674104e-01 1.992169634878365042e-02 9.991728439507699955e-01 3.544054247176185724e-02 -7.582825097494541589e-03 6.030235812067541445e-01 -4.028176448567042517e-02 7.966210346061749492e-01 -2.937663786108274167e+00
8.057647612670929549e-01 7.329420617980826787e-03 -5.922306246592479173e-01 6.679828887303649321e-01 1.861112323962547943e-02 9.991162242782537506e-01 3.767772467881227993e-02 2.881484312063628539e-03 5.919835111056775956e-01 -4.137734810698451976e-02 8.049161345489527219e-01 -2.778232511948371730e+00
8.534514364015821641e-01 6.369189234612940981e-03 -5.210484984396489549e-01 5.938601565891732381e-01 1.692758885936735194e-02 9.990589732685675184e-01 3.992631152175075276e-02 1.897358831926090894e-02 5.208124862376429798e-01 -4.289590923321884991e-02 8.525402971932537488e-01 -2.204864647173101488e+00
8.595527296626588321e-01 6.989381644428187268e-03 -5.109483787766965213e-01 2.496742271737787400e-01 1.732607350268572724e-02 9.989331109197571168e-01 4.280408178451312190e-02 2.943120010077528159e-02 5.107025715158048929e-01 -4.564378886533004831e-02 8.585144650702025704e-01 -1.976769633694257067e+00
8.970014896809623828e-01 6.730437538537141669e-03 -4.419569620288265610e-01 1.910107335842049503e-01 1.403305550277848986e-02 9.989465131956021260e-01 4.369298327718324632e-02 5.296036406839150362e-02 4.417854686372040818e-01 -4.539422611368067878e-02 8.959619898182905606e-01 -1.345176211874304473e+00
8.992418842463983930e-01 5.373794830912773796e-03 -4.372373651336631806e-01 -1.066721764386973220e-01 1.485554428233656736e-02 9.989726695760987596e-01 4.280660545711130471e-02 7.365939674077190413e-02 4.370179938066185987e-01 -4.499174652919453454e-02 8.982382068739142023e-01 -1.066868556800437240e+00
9.272971919895219850e-01 9.172505686414167110e-04 -3.742718583003237232e-01 -1.495760879885251471e-01 1.548227354553951239e-02 9.990473397347460205e-01 4.079837141279453461e-02 8.358812458788834887e-02 3.739524764468287743e-01 -4.362884927205562535e-02 9.263995111491147849e-01 -3.916834564992366929e-01
9.273395901395876662e-01 -2.904654207303359811e-03 -3.741879997282189230e-01 -4.472695552532656160e-01 1.852523953704975426e-02 9.991001600106308445e-01 3.815183508067188783e-02 1.036977653143648509e-01 3.737402996483794593e-01 -4.231339827349647753e-02 9.265591025795792968e-01 -5.759307657816575832e-02
9.481467693591910662e-01 -6.824996071691646383e-03 -3.176623002444663446e-01 -4.913397557726543741e-01 1.892731126202742975e-02 9.992075861164450012e-01 3.500708696764377736e-02 1.360310004926899019e-01 3.171716531989923205e-01 -3.920481494376561182e-02 9.475243896034046820e-01 7.151088794781405023e-01
9.453045408774687353e-01 -7.730658280314821329e-03 -3.260468982633015766e-01 -7.708669109053269963e-01 2.048157469208469403e-02 9.991531352078586448e-01 3.567886636244788079e-02 1.453308176176132394e-01 3.254946962490308793e-01 -4.040772961928709717e-02 9.446623662387393372e-01 1.106968882917935604e+00
9.589440693265502969e-01 -9.798100606215370129e-03 -2.833840703884932255e-01 -8.174092365348771816e-01 2.083912550259854959e-02 9.991358241444631139e-01 3.596194174985459235e-02 1.638165132543384639e-01 2.827867912884385881e-01 -4.039157517117867441e-02 9.583193470227614474e-01 1.888328796920256458e+00
9.546638234844949666e-01 -1.089754720623434085e-02 -2.973858816631124724e-01 -1.117074138993022325e+00 2.289758055257995473e-02 9.990571421421071685e-01 3.687561748543360246e-02 1.777874271672184592e-01 2.967031747751709969e-01 -4.201787042006825679e-02 9.540135476561737438e-01 2.328649448801653143e+00
9.650527929623158307e-01 -1.013191186341990541e-02 -2.617823093276725466e-01 -1.183872805966739827e+00 2.118445335120676398e-02 9.989981481637013605e-01 3.939868689654008049e-02 2.051336814509794881e-01 2.611204682580339775e-01 -4.356941362505981769e-02 9.643007591799218625e-01 3.158261588030309763e+00
9.620353901101105221e-01 -8.039115983573414878e-03 -2.727769517789544462e-01 -1.479826682108101643e+00 2.016186036725704095e-02 9.989283208430097538e-01 4.165993843457729828e-02 2.313536492268558897e-01 2.721496940816650612e-01 -4.557838632945600266e-02 9.611662777172291783e-01 3.637831958389008413e+00
9.700977923376570278e-01 -7.490617378371693114e-03 -2.424754148732959358e-01 -1.539005657447233943e+00 1.866121678020708427e-02 9.988667960210321217e-01 4.376938888317065401e-02 2.564637150919972797e-01 2.418722444838124208e-01 -4.698935498340454930e-02 9.691384914371484749e-01 4.515051427122721783e+00
9.692305103007922140e-01 -6.152549149721427309e-03 -2.459324204370693656e-01 -1.819105856953967981e+00 1.802485044954020912e-02 9.987778146983689043e-01 4.599850861921811473e-02 2.825709296509475998e-01 2.453482117511196214e-01 -4.901961647844461922e-02 9.681567097718047910e-01 5.088469059886409518e+00
9.743530544003914384e-01 -6.294600758382877352e-03 -2.248707694457507400e-01 -1.888404841670098921e+00 1.782019671257268831e-02 9.986277637596007173e-01 4.921714074189199178e-02 3.079487293268191039e-01 2.242518146617544783e-01 -5.196400917223689686e-02 9.731281787081416113e-01 5.970219449055053751e+00
9.755507356395960450e-01 -5.979293413613077923e-03 -2.196636625184789082e-01 -2.155124334000058095e+00 1.713027053861594998e-02 9.986574513850116075e-01 4.887691770610159969e-02 3.414266954804538456e-01 2.190761102829750784e-01 -5.144651204853015192e-02 9.743434081864217333e-01 6.619053898175129014e+00
9.790662749469001280e-01 -4.440214352914311109e-03 -2.034093214043067310e-01 -2.229936981144083674e+00 1.577950765712402004e-02 9.984090486267447329e-01 5.410683658270905305e-02 3.724945003342386984e-01 2.028450574301225717e-01 -5.618518094731902307e-02 9.775786019405765526e-01 7.519916973579878317e+00
9.804436482846482503e-01 -2.005582945934220821e-03 -1.966878640306695125e-01 -2.472472961318400220e+00 1.336255212801963979e-02 9.983188642157244663e-01 5.638483929501486580e-02 4.199159570620935034e-01 1.962436265532671031e-01 -5.791246895551319801e-02 9.788221070217223430e-01 8.248553655100527848e+00
9.832602703009322154e-01 -1.761292785360583880e-03 -1.821088184811208988e-01 -2.537503077603518342e+00 1.323475431901318007e-02 9.980022242907743424e-01 6.173518575639349443e-02 4.423880253565512510e-01 1.816356044443155071e-01 -6.311362738393219707e-02 9.813193783483572519e-01 9.075131218273645217e+00
9.851712848944171874e-01 -1.306627091641081751e-03 -1.714106987452501674e-01 -2.726838885331332119e+00 1.201845700281448451e-02 9.980401755473263803e-01 6.135852178573252685e-02 4.858889220207478488e-01 1.709937000870532797e-01 -6.251134749922598877e-02 9.832564565237414955e-01 9.852080672926426530e+00
9.875008292612142968e-01 -1.580361547116827933e-03 -1.575336465600220559e-01 -2.834299023345767665e+00 1.127359241562321014e-02 9.980967831744067542e-01 6.060084692620284347e-02 5.143190708526031996e-01 1.571376913470619030e-01 -6.162024693880131104e-02 9.856392721583426830e-01 1.066891192178332126e+01
9.892922287599957842e-01 -1.513502194764295957e-03 -1.458281900973952272e-01 -2.954324416020994271e+00 1.024545086100579934e-02 9.981995691980836138e-01 5.906332179319356834e-02 5.539698983253067421e-01 1.454758246079947692e-01 -5.992615913752730172e-02 9.875266437190146629e-01 1.148093862426224909e+01
9.912589372330439241e-01 -1.006036726276675168e-03 -1.317390853696269737e-01 -3.026420795798613561e+00 8.373527228595521385e-03 9.984345582702417454e-01 5.524979139149988755e-02 5.907636795716593170e-01 1.314765847391204390e-01 -5.587188237498092597e-02 9.897156031218976580e-01 1.229549924007061712e+01
9.928877504101880636e-01 -1.468257667816813398e-04 -1.188688477500610824e-01 -3.109529746974805775e+00 6.426145686340173357e-03 9.986075937498990474e-01 5.226038716482626217e-02 6.214722032721493594e-01 1.186950358538243350e-01 -5.265383205172609327e-02 9.915061860103538960e-01 1.308661643764668092e+01
9.935712141491102045e-01 3.805543643134119084e-03 -1.129567342978999578e-01 -3.126534785786782233e+00 2.077246967212017983e-03 9.986538190681163440e-01 5.174849184868526852e-02 6.446466715717197316e-01 1.130017323338799173e-01 -5.165018161517585804e-02 9.922257838909280814e-01 1.372375205934145370e+01
9.944003917304112816e-01 6.957356851948317926e-03 -1.053073156087488971e-01 -3.154038104600285219e+00 -1.743809108131773311e-03 9.987748860924151595e-01 4.937944614925677406e-02 6.735833784513731715e-01 1.055225436628198926e-01 -4.891792581358726105e-02 9.931943916145822282e-01 1.440823019800810556e+01
9.942810726738939842e-01 9.920391483168429503e-03 -1.062134460000495190e-01 -3.165082125164914828e+00 -4.583589861496533725e-03 9.987227400677590738e-01 5.026065277963748940e-02 6.996019621873840189e-01 1.065770916056398426e-01 -4.948491690378890862e-02 9.930565681940164424e-01 1.491282218759850586e+01
9.949425047212104856e-01 9.669819415328444884e-03 -9.975027914048321953e-02 -3.167802645506686332e+00 -4.918471385693891536e-03 9.988513341052324135e-01 4.756330455189063805e-02 7.115811584929436773e-01 1.000970609132255940e-01 -4.682899959012230828e-02 9.938474361026039539e-01 1.556861296624622426e+01
9.958411718225604892e-01 1.007194883129772928e-02 -9.024800091321408257e-02 -3.197107003454292329e+00 -5.996148946719533253e-03 9.989609308288162071e-01 4.503710296472104857e-02 7.381192761121297963e-01 9.061010740440486599e-02 -4.430392435539878826e-02 9.948672203161528227e-01 1.618665622105142887e+01
9.959402542932821456e-01 1.084237232199390839e-02 -8.908483184029394875e-02 -3.204995197324961520e+00 -6.853766743887596338e-03 9.989712200320205460e-01 4.469216407294201998e-02 7.604003147611047009e-01 8.948009314761179445e-02 -4.389538437953908329e-02 9.949904259661404016e-01 1.684555805060218603e+01
9.970518176784474162e-01 1.026200804724633313e-02 -7.572863321545030002e-02 -3.207592423521704816e+00 -7.359417680778209021e-03 9.992367022075816507e-01 3.820928650884358735e-02 7.867057589752832758e-01 7.606562337964192788e-02 -3.753382819814935628e-02 9.963669361801028579e-01 1.754887828186721421e+01
9.981277243634666396e-01 7.996832351474294706e-03 -6.034118541126936436e-02 -3.240194771374039551e+00 -6.143398702845373482e-03 9.995097829860074556e-01 3.055077532537069790e-02 8.110613142266344111e-01 6.055795169518669863e-02 -3.011875909379142791e-02 9.976878791747267883e-01 1.826804981896597369e+01
9.983860637853116948e-01 6.415322074099201813e-03 -5.598770189783209422e-02 -3.215527393070283679e+00 -4.803545836315661031e-03 9.995775841333858214e-01 2.843443798275427370e-02 8.187220016118295085e-01 5.614890843329405773e-02 -2.811480007437301351e-02 9.979955743980448712e-01 1.890742867194986232e+01
9.993906373002120480e-01 2.736028063867743283e-03 -3.429127587168685765e-02 -3.242087000397041230e+00 -2.118836155086997308e-03 9.998399187699327229e-01 1.750742407087174657e-02 8.160421184731153632e-01 3.433492564731394081e-02 -1.742166790852174921e-02 9.992365912801666195e-01 1.970767971010657149e+01
9.996001241611119914e-01 1.122501688346229333e-03 -2.762205177625788599e-02 -3.192440868156297906e+00 -7.159640361574283202e-04 9.998961008545127482e-01 1.407835983233012359e-02 8.205235099356984474e-01 2.763557443725504770e-02 -1.405179017409366980e-02 9.994972313480536830e-01 2.038195015591923109e+01
9.998682242967172895e-01 -7.884862367228189992e-04 -1.467615561146153567e-02 -3.165485381361671902e+00 9.220534775950176140e-04 9.999656593937006344e-01 7.452192949163949538e-03 8.175202920826690756e-01 1.466836762993354616e-02 -7.467523147465247695e-03 9.998346548799864619e-01 2.115438919451766253e+01
9.999831503245815156e-01 9.190909432064676551e-07 -1.180441691615354162e-04 -3.088507267539747581e+00 1.603708705066531344e-05 9.999956472795727969e-01 5.859038784503028193e-05 8.005819653737930031e-01 1.169629981950639824e-04 -6.073946488674571934e-05 9.999789427027001576e-01 2.188323940628487563e+01
9.996102230486655360e-01 7.800752087865455353e-04 2.737321452447410985e-02 -3.090365516208458008e+00 -3.826597297846393323e-04 9.998984811074800305e-01 -1.396781745576864547e-02 7.534805512503600644e-01 -2.738164964985855335e-02 1.395126685803939337e-02 9.995090709026009934e-01 2.276932383863813314e+01
9.981330079919344955e-01 -4.290623957945972899e-03 6.066087049225103028e-02 -3.064538127309780258e+00 6.188910355037286620e-03 9.995000163572587137e-01 -3.087043996290202152e-02 7.260313487081130335e-01 -6.049670980050302072e-02 3.119096366360942993e-02 9.976607121086319419e-01 2.364606244217151954e+01
9.961179107462752036e-01 -2.032495495621244614e-03 8.775871111522753898e-02 -3.004590416693345922e+00 6.021532680324178516e-03 9.989649559528425149e-01 -4.496617118058772455e-02 6.772032250246396989e-01 -8.757553575587437300e-02 4.532196843400276148e-02 9.950992946320593724e-01 2.448688433122534391e+01
9.938412570468735385e-01 -4.213854316967374607e-03 1.106303473107374674e-01 -2.902633893148166333e+00 1.053466951530365216e-02 9.983436471993303307e-01 -5.650231345281274409e-02 6.323823860334649716e-01 -1.102081709158172357e-01 5.732138565064429786e-02 9.922395676089599270e-01 2.531670854905608792e+01
9.918030151876314759e-01 -6.000239118328448695e-03 1.275289662508113930e-01 -2.784148949299847686e+00 1.430333650533129226e-02 9.978321852804041825e-01 -6.419152923042471814e-02 5.842893361269451136e-01 -1.268664858579295063e-01 6.549130327124039197e-02 9.897390294399541766e-01 2.609281503193189522e+01
9.905221763560312365e-01 -7.809365200190627500e-03 1.370677081589025958e-01 -2.637596691369798130e+00 1.719354825552797325e-02 9.975789964140387989e-01 -6.735750750363286854e-02 5.246164432037390135e-01 -1.362090624472993838e-01 6.907751151039807913e-02 9.882586118330493052e-01 2.687540254028306919e+01
9.915605067424488883e-01 -9.836167827303886682e-03 1.291973493047471888e-01 -2.481914224466526875e+00 1.798551235493416403e-02 9.979122429764456514e-01 -6.197327952409069363e-02 4.698825015364203606e-01 -1.283166591346605601e-01 6.377642773914846130e-02 9.896676511676416599e-01 2.756858073796080433e+01
9.913684145979775320e-01 -1.561067350190205143e-02 1.301114334967311825e-01 -2.335720261707145973e+00 2.360651665558109735e-02 9.979122797995306771e-01 -6.005977115492056734e-02 4.037309265494751220e-01 -1.289006087871076844e-01 6.261538593139609477e-02 9.896678391374956751e-01 2.831456436157574785e+01
9.897348360849491655e-01 -1.920312040509508308e-02 1.415203902584528661e-01 -2.209778501965091735e+00 2.807966014943684765e-02 9.977455509966061120e-01 -6.090525040390544487e-02 3.249954592518727314e-01 -1.400300952762361384e-01 6.425763432507516915e-02 9.880432635646546613e-01 2.913462732094280483e+01
9.886470693724646042e-01 -2.071697725056756770e-02 1.487324000160813731e-01 -2.060198176673490256e+00 3.036714894082426924e-02 9.975593795444592793e-01 -6.280983578365367803e-02 2.581651307130808926e-01 -1.470659049478769131e-01 6.661749264886024369e-02 9.868640533642654145e-01 2.995198520758840033e+01
9.873870662717203484e-01 -2.214680538537798504e-02 1.567559661295541140e-01 -1.928975204472843874e+00 3.268046576262435832e-02 9.973538234308199080e-01 -6.490533062915238016e-02 1.878901187007317175e-01 -1.549023146523317573e-01 6.921117903668987104e-02 9.854985707657522020e-01 3.073005222129252445e+01
9.865788872775311802e-01 -1.459041026190630898e-02 1.625686603620720150e-01 -1.796625513604366287e+00 2.589242060314470364e-02 9.973769266885076368e-01 -6.756331442234556062e-02 1.201785520314619105e-01 -1.611556098777655599e-01 7.086771175674604073e-02 9.843689664981337684e-01 3.153000815428800507e+01
9.851571220768604586e-01 -1.279175239425867951e-02 1.711724606160359430e-01 -1.648015040483873372e+00 2.506070831472667279e-02 9.972526691131430310e-01 -6.970476849342270576e-02 5.915244775590786097e-02 -1.698100310442409444e-01 7.296115861779296774e-02 9.827713807040703298e-01 3.228766243143343928e+01
9.837570918841826995e-01 -1.483876694299326310e-02 1.788489795239023572e-01 -1.501556270876587718e+00 2.795200669082944719e-02 9.970839078561496427e-01 -7.097657786788258427e-02 -1.453550307004247699e-02 -1.772730693926553025e-01 7.482511954158521661e-02 9.813034943163696511e-01 3.310776336811652953e+01
9.822652306220560625e-01 -1.772683170440154943e-02 1.865995277459246704e-01 -1.350404298844527062e+00 3.171833147849804913e-02 9.968823962745760880e-01 -7.219434141164840502e-02 -9.380387700298012388e-02 -1.847360928723704165e-01 7.683600187034433926e-02 9.797658781807301320e-01 3.391964538820183606e+01
9.813186544689678215e-01 -1.746334809969577254e-02 1.915209865570095815e-01 -1.181467781410952211e+00 3.213073919449956767e-02 9.967614156318079788e-01 -7.368402796127704324e-02 -1.624221242075366278e-01 -1.896127738052738321e-01 7.846403335326317119e-02 9.787018536701289628e-01 3.474507988030276096e+01
9.813664188235476926e-01 -1.640210307116269500e-02 1.914096280526456917e-01 -1.039508934080170199e+00 3.122969503130792676e-02 9.967175085332187212e-01 -7.468778427921680951e-02 -2.357429330984387172e-01 -1.895560437888448024e-01 7.927491189299244734e-02 9.786572864417570905e-01 3.559930497359420087e+01
9.820974385724738909e-01 -1.896751124732867430e-02 1.873631487429059939e-01 -8.724877240949349133e-01 3.317877679712370048e-02 9.967810631236866392e-01 -7.296880188807189360e-02 -3.162654012811206283e-01 -1.853753982292535019e-01 7.788095742517524289e-02 9.795654379896613362e-01 3.646993872228796363e+01
9.831049260510589249e-01 -1.794423636981061498e-02 1.820936412651083525e-01 -7.387724926999332808e-01 3.151815096348926926e-02 9.969135783757061553e-01 -7.185400350835273453e-02 -3.919685007190157333e-01 -1.802404458325612413e-01 7.638292164442060661e-02 9.806368867895132180e-01 3.733974044504035561e+01
9.848468003525930881e-01 -1.571164440780252122e-02 1.726689439461698006e-01 -5.772261350366466592e-01 2.819368607366731783e-02 9.971442549957012513e-01 -7.002480362015105209e-02 -4.751409854226998908e-01 -1.710743198428997247e-01 7.383442495040810905e-02 9.824777218314240113e-01 3.827017168512269052e+01
9.860247660664147595e-01 -1.421933843046920866e-02 1.659636657529181547e-01 -4.440471898378470783e-01 2.598342285326683127e-02 9.972838562226202797e-01 -6.889937891301055328e-02 -5.531804063619523149e-01 -1.645326275129668780e-01 7.224982644100155782e-02 9.837163000818758274e-01 3.918054255027089283e+01
9.871592115828287106e-01 -1.166181706538028766e-02 1.591855418232685782e-01 -3.127592433649984405e-01 2.266090064758151390e-02 9.974684763276916444e-01 -6.734713097870970167e-02 -6.284240470643716048e-01 -1.579953174088674639e-01 7.009407663459030213e-02 9.849247098174461756e-01 4.009795524735604033e+01
9.879064034757674140e-01 -7.867952097429808250e-03 1.548764218683869320e-01 -1.713119325744905941e-01 1.842634172859021827e-02 9.975918064413059616e-01 -6.687753309795570200e-02 -7.110549854373335865e-01 -1.539774737816433092e-01 6.892199933857252880e-02 9.856722154979660200e-01 4.106920213016476850e+01
9.882961622756003539e-01 -3.395183837618700497e-03 1.523987397913186270e-01 -4.035049316420452614e-02 1.374136623753939926e-02 9.976691063257352443e-01 -6.680314373837445419e-02 -7.754529811967098007e-01 -1.518157342062317061e-01 6.811793829929625732e-02 9.860394430266249399e-01 4.200747875374934637e+01
9.886517414703406281e-01 -9.756124416039072466e-04 1.501132702409599950e-01 9.877753124201750501e-02 1.100290055128214095e-02 9.977633589762440192e-01 -6.587078365757144394e-02 -8.510087780590741557e-01 -1.497126629745440252e-01 6.677603747171674542e-02 9.864513751355384885e-01 4.298876345209158245e+01
9.884869284680404267e-01 8.624414343355108403e-04 1.512797824251088941e-01 2.415808678620199879e-01 9.272477305520301222e-03 9.977589962527154688e-01 -6.624341716308423944e-02 -9.243990111872275595e-01 -1.509978763925676204e-01 6.688335205397233363e-02 9.862635786438073149e-01 4.397935924357796011e+01
9.883805724942911208e-01 7.058201859431524920e-04 1.519497642147053518e-01 3.751195601407653069e-01 9.429524790422378483e-03 9.977783775065069971e-01 -6.593103841615101379e-02 -1.002962888128630103e+00 -1.516584990849359771e-01 6.659833017260805010e-02 9.861781171264299983e-01 4.496869096582403813e+01
9.885910958021788542e-01 4.316529956563351905e-04 1.505076637449417332e-01 5.387849484276415746e-01 9.459450614740683161e-03 9.978439890832150327e-01 -6.489626172054994979e-02 -1.078005326232069017e+00 -1.502107806508795051e-01 6.558054563122088509e-02 9.864556497871527219e-01 4.599797461067790749e+01
9.885820332106801667e-01 7.951792328865053524e-05 1.506501800486447773e-01 6.771965654279257230e-01 9.764051868686779781e-03 9.978644335268364030e-01 -6.458311047410482397e-02 -1.156594761590415965e+00 -1.503333960583820572e-01 6.531721375216094361e-02 9.864700171415731189e-01 4.702275427101176319e+01
9.885729849995907870e-01 2.851058462585621023e-04 1.506213240913538143e-01 8.256714792098014399e-01 9.512114644399332838e-03 9.978873249607789209e-01 -6.424284347991461586e-02 -1.240423068984001898e+00 -1.503210956224511341e-01 6.494257614860381167e-02 9.864816847066837369e-01 4.805324767018288412e+01
9.885872147513089514e-01 2.299449421096758008e-03 1.505167231430834529e-01 9.690357199865133886e-01 7.429431152877970061e-03 9.979226228592091852e-01 -6.394195483508020861e-02 -1.328583809975140140e+00 -1.503507598058574091e-01 6.433116128044924498e-02 9.865165572335372612e-01 4.911494431790159609e+01
9.885325000841834742e-01 2.536234361391317971e-03 1.509312998625597368e-01 1.113416695903138409e+00 7.160155759769244559e-03 9.979470985282985485e-01 -6.362292127311575118e-02 -1.412879579282615872e+00 -1.507826923451242029e-01 6.397441132775985584e-02 9.864849266102965197e-01 5.012758890263281586e+01
9.886779905388917156e-01 4.118351958075015286e-03 1.498826103755245831e-01 1.259270236323433600e+00 5.419859964122935095e-03 9.979908361083694723e-01 -6.307047866705614569e-02 -1.500047832493258904e+00 -1.498411372511459227e-01 6.316894140869860896e-02 9.866691812796800631e-01 5.117786212237375310e+01
9.891238648666003108e-01 4.080622441702147843e-03 1.469954842334544876e-01 1.427169652645313702e+00 5.056472147405020705e-03 9.980807965322345821e-01 -6.169656989761680005e-02 -1.579622777229238384e+00 -1.469651816986097537e-01 6.176866050246875711e-02 9.872049188318783308e-01 5.222122779646888091e+01
9.895284960448871292e-01 3.168622548663986484e-03 1.442894455420601352e-01 1.563028703586656576e+00 5.535359832742690021e-03 9.981904624119959379e-01 -5.986917582623397377e-02 -1.667399158978597473e+00 -1.442179339385064873e-01 6.004116513597591853e-02 9.877204112216144694e-01 5.325663571341566183e+01
9.900679729951717967e-01 1.398417395134638874e-03 1.405152644839183507e-01 1.714364022439589075e+00 6.772532445747392500e-03 9.983152335576143122e-01 -5.760082850639208080e-02 -1.737902930926493950e+00 -1.403589221072975568e-01 5.798086460417662541e-02 9.883904727036534332e-01 5.428660129223266750e+01
9.903169473998674199e-01 2.006305158740723151e-03 1.387140615632572460e-01 1.844372091595672059e+00 5.932065548057824204e-03 9.983707598690976237e-01 -5.673483714814094719e-02 -1.829061223784877788e+00 -1.386017328572084206e-01 5.700887986080310776e-02 9.886914955737476918e-01 5.532952539796860236e+01
9.907066015668698489e-01 9.935589757551670578e-04 1.359062245687250037e-01 1.976615599928552847e+00 6.636285410993065549e-03 9.984292775382087592e-01 -5.561010847850144517e-02 -1.908908569398632071e+00 -1.357478382601192135e-01 5.599584328018463592e-02 9.891438903155452822e-01 5.635256000979180868e+01
9.908327719396921029e-01 1.396877175931701210e-03 1.350274111041188940e-01 2.117497296055639744e+00 6.173238374158751887e-03 9.984338990864626284e-01 -5.556934149104701681e-02 -1.993612578865465501e+00 -1.348934162608152465e-01 5.589379519425922982e-02 9.892723785992424412e-01 5.737967979027055776e+01
9.907099647496437900e-01 2.865221553944219748e-03 1.359353918734196587e-01 2.248214471581310381e+00 4.841227805042932521e-03 9.984012071253325349e-01 -5.632687770750970102e-02 -2.078769137438675418e+00 -1.358794087959142305e-01 5.646182902365944056e-02 9.891122115516901570e-01 5.839134101789055364e+01
9.902642805174035612e-01 5.026586913383651253e-03 1.390310309898913355e-01 2.385235828383502454e+00 3.121819671109345249e-03 9.982945989610636506e-01 -5.825922599167830673e-02 -2.165091112428956244e+00 -1.390868564567766807e-01 5.812585839722556047e-02 9.885596126479978540e-01 5.938243798485196834e+01
9.897041047442093342e-01 6.177484285541467654e-03 1.429158477606413402e-01 2.542628072470216161e+00 2.478896013779072899e-03 9.981784229205435954e-01 -6.022488474870876102e-02 -2.240167856701090976e+00 -1.430278108128930081e-01 5.995865010227904857e-02 9.878859788621944249e-01 6.040169063570013464e+01
9.891513430887949321e-01 5.966406543465074645e-03 1.466613965862175462e-01 2.695723004003170331e+00 3.048288588848576362e-03 9.981260952947346166e-01 -6.107802274582587593e-02 -2.301591445661112179e+00 -1.467510768927571541e-01 6.086223204748326260e-02 9.872794845290684407e-01 6.141267590858153369e+01
9.882262336133638136e-01 3.100537951266344773e-03 1.528741133651025930e-01 2.861657458333447313e+00 6.305226144374340320e-03 9.981199754928824497e-01 -6.092041893211926767e-02 -2.389101699066213058e+00 -1.527755529323231998e-01 6.116719473723828543e-02 9.863489031221475134e-01 6.243824223262675588e+01
9.873481690756474860e-01 5.753046511390479817e-03 1.583259201764462554e-01 3.004075554219138411e+00 4.022544644580908040e-03 9.981112594716731179e-01 -6.127233125336310066e-02 -2.470449529244621800e+00 -1.583793213976210645e-01 6.113415391140252647e-02 9.854601805225040589e-01 6.341618849304454386e+01
9.863922383986284403e-01 5.255561278578185433e-03 1.641882101882708445e-01 3.153475460271621955e+00 4.937952242997319975e-03 9.980909990501211082e-01 -6.151778593174731663e-02 -2.561023201263699534e+00 -1.641980168307266008e-01 6.149152967203152381e-02 9.844833062257197787e-01 6.442265105655341983e+01
9.855031786460699550e-01 5.222183361220232578e-03 1.695160120413828908e-01 3.322855815403147783e+00 5.507957766604738847e-03 9.980144424356705013e-01 -6.271646100971114968e-02 -2.643645799904959848e+00 -1.695070104312058901e-01 6.274085592414470336e-02 9.835176128927166639e-01 6.540827969119165175e+01
9.843625069544265083e-01 6.956804637089655796e-03 1.759736198540971241e-01 3.473828979828629482e+00 4.492716037074227266e-03 9.979033092180681352e-01 -6.453712994964866390e-02 -2.727139307487454811e+00 -1.760538106538419856e-01 6.431814949091568812e-02 9.822674532328707908e-01 6.638622355682525722e+01
9.840007535044279496e-01 8.635945171350306246e-03 1.779378923270037438e-01 3.648457266105560759e+00 2.954751005795753453e-03 9.978961222982948298e-01 -6.474547256825033403e-02 -2.820647267512580214e+00 -1.781227500963315780e-01 6.423527382088616011e-02 9.819050446112483899e-01 6.737996719404591772e+01
9.832494705087347908e-01 9.040197924779837593e-03 1.819841023550062553e-01 3.825494665449581166e+00 2.801125166461331927e-03 9.979016956663442350e-01 -6.465711051883388238e-02 -2.906475606509279164e+00 -1.821870038718004792e-01 6.408320259333806501e-02 9.811611149566655810e-01 6.835189221726990638e+01
9.827141055286386928e-01 5.908654798655745867e-03 1.850272919074732736e-01 4.007939436759041740e+00 5.002085240061835726e-03 9.982781244117192587e-01 -5.842314583195676314e-02 -2.986515019647321800e+00 -1.850540565880230415e-01 5.833841979196296296e-02 9.809924044590563330e-01 6.932949935255595619e+01
9.824981114642563629e-01 3.676616216410393684e-03 1.861952138637466558e-01 4.188615507982778041e+00 4.945599965624222251e-03 9.989377998394618485e-01 -4.579167803698249578e-02 -3.067444942446517775e+00 -1.861658850304416524e-01 4.591079114257986399e-02 9.814363554656911903e-01 7.028727553409220263e+01
9.821035011263117287e-01 3.390736531223677557e-03 1.883010751800084648e-01 4.383057352690399533e+00 4.907224538310263513e-03 9.990377452007616066e-01 -4.357398072517942172e-02 -3.134234236501421744e+00 -1.882676457883239174e-01 4.371826296834493281e-02 9.811418881333762165e-01 7.125423565208389221e+01
9.816238705347365423e-01 4.431035661921260693e-03 1.907767027444369767e-01 4.553292233798355682e+00 4.500493229574202038e-03 9.989146791765987077e-01 -4.635186703513319989e-02 -3.209918555651325001e+00 -1.907751052610256459e-01 4.635854435275740121e-02 9.805386039713737123e-01 7.219620612966980389e+01
9.815325895507482912e-01 4.701319794794036819e-03 1.911417565529460461e-01 4.742199487749491738e+00 5.495111557172824811e-03 9.985924288860392739e-01 -5.272641227234167033e-02 -3.278463212552986672e+00 -1.911205550652584628e-01 5.280326612143723675e-02 9.801252996135972895e-01 7.316352267623831551e+01
9.812634872503902539e-01 -2.018632781000390250e-04 1.925595443182054056e-01 4.925814617884333835e+00 1.069093113067782000e-02 9.985157504555833841e-01 -5.337314282726995929e-02 -3.352183169469489243e+00 -1.922626569029897425e-01 5.443287085522323376e-02 9.798092899734699435e-01 7.410653230666098068e+01
9.813355345958792997e-01 -3.941679863991532848e-03 1.921937264019631109e-01 5.126378608994611064e+00 1.443583557941259359e-02 9.984787997677376792e-01 -5.320390517406048403e-02 -3.419479857218431285e+00 -1.916912496370458963e-01 5.498718876265835942e-02 9.798997803023683506e-01 7.507653541130308383e+01
9.816330971163712560e-01 -3.910117128168012074e-03 1.907161577952783404e-01 5.315518281862448013e+00 1.394612476740566057e-02 9.985857635448641689e-01 -5.129513410495726428e-02 -3.489598522475073406e+00 -1.902458051495143077e-01 5.301286005560132408e-02 9.802994398720594749e-01 7.601907300453484595e+01
9.815724441873979744e-01 -4.124255800937388743e-03 1.909323950226253785e-01 5.489333282985672469e+00 1.339305768059354841e-02 9.987931909888099202e-01 -4.721956415375296034e-02 -3.541354842295049377e+00 -1.905069158811749375e-01 4.890794302032862306e-02 9.804432380003672565e-01 7.697292031373837062e+01
9.819412124782396223e-01 -3.167182227039022722e-03 1.890282239795798014e-01 5.669845443015022468e+00 1.131405655749286553e-02 9.990533291525922621e-01 -4.197982864067918707e-02 -3.607471356247367922e+00 -1.887159205601757483e-01 4.336238259423249447e-02 9.810474920415011013e-01 7.793260305219642703e+01
9.818862292573364847e-01 4.384922744587529085e-03 1.893045998619402592e-01 5.822296247782394296e+00 3.095144476410592593e-03 9.992275350623789354e-01 -3.916075882568581523e-02 -3.665854125806680130e+00 -1.893301016965479311e-01 3.903729282500859737e-02 9.811140570303827912e-01 7.884823915442204623e+01
9.822073663515199504e-01 1.356216327347073945e-02 1.872759304470744679e-01 5.979158167909976562e+00 -6.509694932642490911e-03 9.992483293977187930e-01 -3.821273338115106777e-02 -3.724679584026235002e+00 -1.876533870649023661e-01 3.631363741860688110e-02 9.815572975864853555e-01 7.980222703107307325e+01
9.826614817349990094e-01 8.734629991065707630e-03 1.851398462923194155e-01 6.152650386262503268e+00 -2.150182984398110817e-03 9.993593316615368982e-01 -3.571545137667975212e-02 -3.770432499960077344e+00 -1.853333443853034390e-01 3.469736166145475503e-02 9.820508180350441263e-01 8.074861712536402081e+01
9.832098635924095831e-01 5.558378645911082536e-03 1.823497532330927706e-01 6.313932609058467094e+00 1.003511211610945463e-03 9.993561555637420213e-01 -3.586023252509432102e-02 -3.843018937612056263e+00 -1.824316811547215256e-01 3.544097287815393960e-02 9.825712837193675275e-01 8.166253009748608349e+01
9.843863085442214889e-01 4.058448305421832880e-03 1.759249035402734862e-01 6.485741105270482088e+00 2.589958728939357503e-03 9.992919393605937950e-01 -3.751586001604678006e-02 -3.891997818858759395e+00 -1.759527032094157784e-01 3.738542733660540907e-02 9.836787915467842813e-01 8.260719643186047279e+01
9.858884261889685474e-01 2.257134216055253653e-04 1.673895371524978526e-01 6.640272725274864563e+00 6.005827027072685280e-03 9.993075621838799494e-01 -3.669955663888260777e-02 -3.948349630065021376e+00 -1.672819051931548895e-01 3.718683897774737596e-02 9.852044642409825137e-01 8.353980880390572850e+01
9.872638983848979199e-01 -7.726773765742761882e-03 1.588215248133132140e-01 6.792516652533308275e+00 1.338805438121498312e-02 9.993119333113844593e-01 -3.456304763135378127e-02 -4.006434845955818780e+00 -1.584447843241813259e-01 3.625063219988013813e-02 9.866881472618477256e-01 8.447404497028647086e+01
9.889732849659209624e-01 -5.154255201911854371e-03 1.478820298549566037e-01 6.916062790796424942e+00 1.028095547447439168e-02 9.993724285469243185e-01 -3.386480064108247923e-02 -4.063964238288058084e+00 -1.476142059354937919e-01 3.501374026609734708e-02 9.884057332110929295e-01 8.540878876048391533e+01
9.907783897171777987e-01 -2.171426405543298768e-03 1.353322300345362050e-01 7.027282694310386546e+00 6.610772807521512334e-03 9.994553813060421676e-01 -3.230487576297898233e-02 -4.103644356039029439e+00 -1.351880696852970909e-01 3.290313976470904400e-02 9.902533372073709650e-01 8.634190235488506460e+01
9.925838112625582355e-01 -2.931434853768585466e-03 1.213863827151435149e-01 7.144041936894819145e+00 6.496789449632889291e-03 9.995595847303294645e-01 -2.891877599773458665e-02 -4.150337184168351179e+00 -1.212478336546506663e-01 2.949429578230361101e-02 9.921659196885701526e-01 8.727832982415927177e+01
9.940412985055294692e-01 -2.617864299918188937e-03 1.087597365900936641e-01 7.235291986985799895e+00 5.518483739780509663e-03 9.996381051072557034e-01 -2.628125057980625415e-02 -4.198712580328240129e+00 -1.086511902649733713e-01 2.672656464301897267e-02 9.936962134144978753e-01 8.822218115684886186e+01
9.953392725292095067e-01 -1.789352055025056039e-03 9.617623804314714975e-02 7.317360405077780960e+00 4.119761612392348199e-03 9.997039701703666070e-01 -2.391660650633204571e-02 -4.244106619381703638e+00 -9.610460945128376786e-02 2.420282138677712705e-02 9.950520746641632330e-01 8.915500809507967972e+01
9.965901462305923886e-01 -1.893723210572574719e-03 8.224255955063439205e-02 7.393693652374851766e+00 3.635724225647376118e-03 9.997734358609292604e-01 -2.091101524055493169e-02 -4.295126405477162734e+00 -8.218397730985860239e-02 2.114006231713808082e-02 9.963712673614512072e-01 9.011069198019707471e+01
