1.0 0.0 0.0 0.0 0.0 1.0 0.0 0.0 0.0 0.0 1.0 0.0
-0.47588634 0.87867695 0.04282951 4.6018066 -0.8797142 -0.47549975 -0.01944365 3.8995361 0.0032686032 -0.046937656 0.9988931 0.014770508
-0.91869974 0.3939256 0.042551115 6.808838 -0.39566177 -0.9177927 -0.04588715 -0.9436035 0.020955011 -0.05894252 0.9980412 -0.071899414
-0.89685714 -0.44254488 0.01841185 6.560791 0.4408815 -0.8959347 -0.058840577 -5.008301 0.042523846 -0.04463894 0.9980979 -0.15795898
-0.3366938 -0.94168293 -0.0038119312 3.2347412 0.94082606 -0.33620816 -0.04421916 -6.571045 0.040340472 -0.018466229 0.9990149 -0.12719727
-0.102246046 -0.9947512 -0.00915072 -0.84106445 0.994178 -0.10185504 -0.03611252 -5.911133 0.03498359 -0.012778246 0.99930614 -0.05065918
0.012632206 -0.9998898 -0.007868504 -3.63562 0.99938583 0.012882475 -0.03260311 -4.8883057 0.032698564 -0.007456103 0.9994374 0.022460938
0.25243595 -0.9676169 -0.009704363 -5.2122803 0.96724474 0.25260946 -0.026958581 -3.880249 0.028533462 -0.0025861342 0.99958944 0.044311523
0.24395539 -0.96978796 -0.008125257 -5.290161 0.96940887 0.24408756 -0.027146047 -3.52771 0.028300975 -0.0012556544 0.9995985 0.05407715
0.35064423 -0.9365634 -0.0040113674 -5.1054688 0.93639004 0.35065717 -0.018208401 -3.395996 0.018462002 0.002630225 0.99982613 0.039916992
0.34875986 -0.9372261 0.005099102 -5.089966 0.9371891 0.34867916 -0.01232332 -3.0701904 0.00976955 0.009073671 0.99991107 0.084350586
0.44536832 -0.8954184 0.010663854 -4.7991943 0.89546984 0.44526848 -0.01051683 -2.9312744 0.0046704374 0.014233945 0.99988776 0.064086914
0.45115048 -0.8924255 0.012467459 -4.7800293 0.8925125 0.4511009 -0.0066961665 -2.5756836 0.00035321712 0.014148252 0.9998998 0.08166504
0.543468 -0.8393931 0.015757196 -4.4571533 0.8395152 0.54350275 -0.0023679063 -2.4776611 -0.0065741763 0.014514014 0.999873 0.07092285
0.5543457 -0.83222973 0.020002529 -4.397339 0.83239985 0.5544514 -0.00031659752 -2.1291504 -0.010823943 0.016825333 0.9997998 0.0748291
0.6380089 -0.769449 0.0259966 -4.01416 0.7697137 0.6382193 -0.00026149303 -2.0170898 -0.016386393 0.020178543 0.99966204 0.07092285
0.65041494 -0.7589272 0.03039022 -3.9350586 0.75928 0.6507131 -0.00010742247 -1.7203369 -0.01969622 0.023148261 0.9995381 0.06677246
0.7234748 -0.68954957 0.03406451 -3.4855957 0.6900024 0.72384155 -0.0021910109 -1.6140137 -0.023145702 0.025086176 0.9994174 0.057495117
0.7363019 -0.67578346 0.03630376 -3.3706055 0.67630184 0.73671544 -0.0028124377 -1.2967529 -0.024842866 0.0266187 0.9993369 0.04284668
0.7966618 -0.60319537 0.036748774 -2.871704 0.6036064 0.7971983 -9.9714845e-05 -1.1955566 -0.029231567 0.022269515 0.99932426 0.028442383
0.80494905 -0.5921726 0.037882444 -2.7143555 0.59254056 0.80556804 0.0018556081 -0.8613281 -0.03161444 0.02095936 0.99928004 0.020385742
0.8525664 -0.5210259 0.039663143 -2.156372 0.5213767 0.8532729 0.0017384812 -0.76416016 -0.034748275 0.019203288 0.9992114 0.0021972656
0.8585395 -0.5109355 0.04245398 -1.9294434 0.51130486 0.8593656 0.0024690814 -0.41687012 -0.037746027 0.019591646 0.9990952 -0.0059814453
0.8959779 -0.44203943 0.042516116 -1.3100586 0.4423246 0.89684063 0.002959352 -0.3359375 -0.039439104 0.01615525 0.99909145 -0.032592773
0.89825726 -0.43726358 0.042134956 -1.0321045 0.43758938 0.8990851 0.0016519651 -0.037109375 -0.038603906 0.016963061 0.9991104 -0.052978516
0.9264217 -0.3741851 0.04108959 -0.36608887 0.37458345 0.92716926 -0.0021682717 0.025512695 -0.03728386 0.017402854 0.9991531 -0.06738281
0.92659014 -0.3739428 0.0397682 -0.03173828 0.37445328 0.9272177 -0.005987067 0.32250977 -0.034633387 0.020439494 0.999191 -0.088134766
0.9475548 -0.31734872 0.036972757 0.7338867 0.3178807 0.9480518 -0.009368282 0.38415527 -0.032078527 0.02063596 0.9992721 -0.12597656
0.9446965 -0.32567102 0.038125187 1.1271973 0.32626423 0.94520444 -0.010352964 0.66015625 -0.03266176 0.022222921 0.9992191 -0.13537598
0.958351 -0.28296223 0.038360476 1.9041748 0.28359324 0.95885676 -0.01203376 0.7196045 -0.033376396 0.022414232 0.99919146 -0.1583252
0.9540502 -0.29687777 0.039900094 2.3464355 0.2975943 0.9545689 -0.01326081 1.013794 -0.034146167 0.02453068 0.9991154 -0.17248535
0.9643306 -0.26131982 0.041672412 3.1728516 0.26201865 0.96496487 -0.01218318 1.0913086 -0.03702598 0.022675782 0.9990562 -0.20373535
0.9611946 -0.2723712 0.04361622 3.6539307 0.27304453 0.9619391 -0.010189241 1.3830566 -0.039180543 0.021705084 0.9989963 -0.22998047
0.96916187 -0.24211586 0.045219835 4.5286865 0.24276574 0.9700087 -0.009381544 1.4510498 -0.0415887 0.020077584 0.99893254 -0.25952148
0.9681788 -0.24561194 0.04723029 5.1029053 0.24624933 0.9691358 -0.0080760075 1.729248 -0.043785226 0.01946158 0.9988504 -0.28637695
0.97314835 -0.22454111 0.05031099 5.9832764 0.22521432 0.97426075 -0.008044558 1.8041992 -0.0472069 0.019168632 0.9986999 -0.3157959
0.9743623 -0.21936597 0.04982806 6.631958 0.22000684 0.9754614 -0.0076851267 2.0717773 -0.046917558 0.018453963 0.99872786 -0.35144043
0.97759414 -0.20318195 0.054677494 7.5321045 0.20380612 0.97897524 -0.0060192696 2.1507568 -0.052303158 0.01703801 0.99848455 -0.38598633
0.9788338 -0.19661014 0.056453656 8.26062 0.19711947 0.9803526 -0.0035325512 2.3947754 -0.054648183 0.014594341 0.99839824 -0.4354248
0.98133004 -0.1820448 0.06175448 9.086792 0.18258655 0.983168 -0.0031782277 2.463379 -0.060134187 0.014407012 0.99808383 -0.4609375
0.98326546 -0.17140646 0.06122639 9.863159 0.17188899 0.9850851 -0.0026379945 2.6552734 -0.05985821 0.013136187 0.9981173 -0.50805664
0.98564726 -0.15754883 0.060431268 10.679199 0.15800485 0.98742276 -0.0028017634 2.7661133 -0.059228767 0.0123184845 0.99816686 -0.5411377
0.98753345 -0.14588071 0.058819648 11.4904785 0.14628802 0.9892219 -0.0026422383 2.888916 -0.05779901 0.011225576 0.9982631 -0.5855713
0.9897206 -0.13186207 0.05486642 12.303955 0.13217202 0.9911996 -0.002021912 2.9645996 -0.05411516 0.009269897 0.9984889 -0.6282959
0.99150944 -0.11906818 0.051742412 13.094238 0.11928382 0.99283725 -0.0010615415 3.0509033 -0.051243536 0.0072459457 0.99865484 -0.6644287
0.9922254 -0.113395385 0.05078741 13.730957 0.11339356 0.99352425 0.0029360561 3.0692139 -0.050791476 0.0028644283 0.99870116 -0.69177246
0.9931913 -0.10591965 0.04811565 14.414795 0.10574578 0.9943591 0.006148183 3.0985107 -0.048496515 -0.0010036882 0.9988193 -0.725708
0.9930512 -0.10699712 0.048680056 14.919312 0.106678225 0.99423903 0.0091036605 3.1087646 -0.049374945 -0.0038354956 0.9987702 -0.7546387
0.9938423 -0.10049845 0.046071626 15.574585 0.10019189 0.9949051 0.00890425 3.1125488 -0.04673466 -0.004213049 0.99889386 -0.7717285
0.994862 -0.09099887 0.043617815 16.192017 0.090672255 0.9958092 0.009379049 3.144165 -0.044292938 -0.005350486 0.9989981 -0.80285645
0.99498475 -0.08987124 0.043219045 16.850708 0.08951134 0.99590904 0.010158471 3.1514893 -0.04395966 -0.006215331 0.9990081 -0.8294678
0.9963621 -0.07641005 0.0369574 17.552979 0.076099545 0.9970292 0.009683397 3.1574707 -0.037592724 -0.0068130684 0.9992642 -0.86242676
0.9976848 -0.060836077 0.0296565 18.271118 0.06063624 0.9981133 0.0075383266 3.1939697 -0.030063037 -0.0057052714 0.99952734 -0.89367676
0.9979933 -0.05640253 0.02768368 18.910156 0.056255624 0.99837345 0.0059903474 3.1695557 -0.02798098 -0.0043964023 0.9995925 -0.9063721
0.999236 -0.034486677 0.017153503 19.70935 0.034448225 0.9993858 0.0024776803 3.2016602 -0.017230596 -0.001867386 0.9998454 -0.91223145
0.99949706 -0.02775156 0.01383343 20.383179 0.027741224 0.9995969 0.0009149285 3.152954 -0.013854155 -0.00051308656 0.9998995 -0.9226074
0.9998348 -0.014721579 0.0073485933 21.15503 0.014730219 0.99986714 -0.0008982569 3.1287842 -0.0073312484 0.0010301564 0.9999666 -0.92700195
0.99997896 -0.000117334246 5.9906393e-05 21.8833 0.000118521566 0.999983 -6.053597e-08 3.0552979 -5.7499856e-05 1.680199e-05 0.99999577 -0.9178467
0.9995092 0.02749003 -0.013726365 22.76892 -0.027478825 0.999607 0.0009810468 3.0644531 0.013748791 -0.00058841985 0.99990153 -0.8811035
0.99765843 0.06078521 -0.030698495 23.645264 -0.060932945 0.9981181 -0.0038505597 3.0476074 0.030404173 0.0057281638 0.9995172 -0.8651123
0.99509686 0.087975994 -0.044593655 24.486206 -0.08812712 0.9960863 -0.0014026568 2.994995 0.044294186 0.0053470335 0.998999 -0.8269043
0.9922338 0.11073415 -0.056399707 25.316284 -0.11110352 0.9937914 -0.003426939 2.8986816 0.055668585 0.009678437 0.99839926 -0.79211426
0.9897298 0.12748247 -0.06442542 26.092773 -0.12807393 0.9917377 -0.005101026 2.7839355 0.0632413 0.013312316 0.9979067 -0.7525635
0.9882464 0.13687246 -0.06793151 26.875732 -0.13764907 0.9904486 -0.0068499893 2.6385498 0.06634362 0.01612766 0.9976648 -0.7001953
0.9896548 0.12894239 -0.06270485 27.568848 -0.12974963 0.99149686 -0.008931848 2.4783936 0.06101734 0.016986521 0.99798876 -0.64941406
0.9896495 0.12955314 -0.06154955 28.315063 -0.13068613 0.9913066 -0.014704024 2.3302002 0.059106708 0.022605598 0.99799246 -0.58862305
0.9880193 0.1407242 -0.06309909 29.135864 -0.14212471 0.9896665 -0.018231297 2.2056885 0.059877902 0.026993029 0.99783784 -0.5164795
0.98683685 0.14779358 -0.06539845 29.953613 -0.14936137 0.9885729 -0.019701323 2.0563965 0.06173498 0.029223993 0.99766076 -0.4567871
0.98546785 0.15566558 -0.06792394 30.732178 -0.15741052 0.9873062 -0.021082867 1.9257812 0.063777566 0.031474 0.99746543 -0.39331055
0.9843456 0.16188827 -0.069508955 31.532593 -0.16319467 0.9864911 -0.013492592 1.7939453 0.06638387 0.024633942 0.9974881 -0.33276367
0.9827485 0.1705539 -0.0715198 32.29077 -0.17180331 0.9850615 -0.01164483 1.6464844 0.06846407 0.023731668 0.99737114 -0.27856445
0.98127645 0.17805035 -0.07331881 33.11145 -0.17950289 0.98365515 -0.013648577 1.5003662 0.06968774 0.02656217 0.9972129 -0.21179199
0.9797332 0.18555363 -0.075266 33.92395 -0.18728156 0.9821568 -0.01649309 1.3494873 0.0708586 0.03026729 0.99702346 -0.1394043
0.9786683 0.19044597 -0.07684808 34.749756 -0.19221286 0.9812049 -0.016201388 1.1801758 0.07231551 0.030638615 0.9969087 -0.07800293
0.97862506 0.19039008 -0.07765747 35.604126 -0.19210252 0.9812513 -0.015138647 1.0361328 0.073318504 0.02973683 0.99686486 -0.01171875
0.9795308 0.18621084 -0.07630735 36.47473 -0.18805937 0.9819875 -0.017727412 0.86535645 0.07163019 0.03172156 0.99692565 0.06237793
0.98060495 0.18105327 -0.074855 37.344482 -0.1827746 0.9829998 -0.016733993 0.7277832 0.07054872 0.030103428 0.99705064 0.13171387
0.98245084 0.17184545 -0.07238689 38.27466 -0.17332129 0.9847499 -0.014554999 0.5609131 0.06877894 0.02685412 0.997268 0.20812988
0.98369265 0.16527696 -0.07085951 39.184937 -0.16659768 0.9859333 -0.013100701 0.42333984 0.06769637 0.024696827 0.997399 0.27954102
0.98490536 0.158701 -0.068758555 40.102295 -0.1597909 0.9870734 -0.010583449 0.28771973 0.06618605 0.021427361 0.9975736 0.3482666
0.98565793 0.15464647 -0.06761612 41.07361 -0.15545356 0.9878236 -0.006814693 0.1427002 0.065739416 0.017224897 0.9976889 0.42358398
0.98603046 0.152448 -0.06682334 42.011963 -0.15294631 0.9882145 -0.0023570163 0.009033203 0.065674596 0.01255674 0.99775976 0.48083496
0.98644537 0.15031637 -0.06549615 42.99341 -0.15063784 0.9885723 4.7338195e-05 -0.13305664 0.06475363 0.009835844 0.9978488 0.54919434
0.9862595 0.15159117 -0.06558861 43.984253 -0.15179531 0.9884064 0.0018918235 -0.27770996 0.065114915 0.008095151 0.99784356 0.61486816
0.98617387 0.15225044 -0.06529788 44.973877 -0.15246381 0.9883001 0.0017380053 -0.41345215 0.06479812 0.00824748 0.9978631 0.68603516
0.98645127 0.1507947 -0.06429367 46.003296 -0.15101536 0.9885126 0.0014537892 -0.5800781 0.063773654 0.008289893 0.9979269 0.75341797
0.9864653 0.15091713 -0.064029954 47.02832 -0.15115768 0.98850393 0.0011018601 -0.72094727 0.063459955 0.008594038 0.9979473 0.8243408
0.9864772 0.15090014 -0.06365499 48.059082 -0.15112479 0.98849523 0.001306308 -0.87194824 0.063119546 0.008342566 0.99796957 0.9003906
0.98651433 0.15091132 -0.063039735 49.121094 -0.15100473 0.9885098 0.0033186413 -1.0178223 0.06281573 0.006260146 0.9980023 0.9805908
0.986483 0.15133856 -0.06267873 50.134033 -0.15141523 0.9884553 0.0035568117 -1.1645508 0.062493246 0.0059880363 0.99802625 1.057251
0.98666906 0.15037921 -0.061878946 51.18457 -0.15035194 0.98860186 0.0051314416 -1.3132324 0.061945193 0.0042557507 0.9980671 1.1365967
0.98720497 0.14748965 -0.06050485 52.228027 -0.1474543 0.9890509 0.0050752927 -1.4846191 0.06059101 0.0039164578 0.9981537 1.2084961
0.9877197 0.1447316 -0.05880383 53.26367 -0.14473982 0.9894591 0.0041449647 -1.6240234 0.05878368 0.004418935 0.99826056 1.2890625
0.98838824 0.14086406 -0.056781422 54.2937 -0.14095931 0.990003 0.0023498754 -1.7791748 0.05654448 0.005688671 0.99838245 1.352417
0.98869 0.13909361 -0.05582413 55.336914 -0.13914737 0.99025375 0.0029458473 -1.9123535 0.055689894 0.0048627993 0.99843544 1.4360352
0.9891416 0.1362362 -0.0548385 56.360107 -0.13633731 0.99064595 0.001915725 -2.0480957 0.05458652 0.0055902717 0.99849224 1.5085449
0.9892705 0.135378 -0.054743417 57.38745 -0.1354556 0.99077255 0.0023141338 -2.1917725 0.054551184 0.005133834 0.998496 1.5854492
0.9891117 0.13635992 -0.055300016 58.399414 -0.13636002 0.9906485 0.003788659 -2.324585 0.055299804 0.00379333 0.99846315 1.6627197
0.9885611 0.13956957 -0.056931358 59.39087 -0.13945682 0.9901991 0.0059703835 -2.4628906 0.05720696 0.0020468347 0.9983583 1.7408447
0.98788846 0.14352104 -0.058726642 60.4104 -0.14334959 0.98963475 0.007146236 -2.621338 0.059143744 0.0013711279 0.9982453 1.807373
0.9872816 0.14725514 -0.05959698 61.42163 -0.1471031 0.9890792 0.006957063 -2.7755127 0.059971336 0.001910735 0.9981961 1.8607178
0.98634773 0.15330286 -0.059852567 62.447754 -0.15333287 0.9881513 0.0041246475 -2.9421387 0.05977563 0.005121398 0.99819607 1.9403076
0.98546183 0.1588912 -0.059763912 63.42627 -0.15877002 0.98727006 0.0068053645 -3.084961 0.060085215 0.0027947882 0.9981877 2.014038
0.9844842 0.16471839 -0.060069095 64.43335 -0.16463722 0.9863109 0.0063389847 -3.2349854 0.06029134 0.0036644393 0.99817145 2.0968018
0.9835182 0.17004094 -0.061269898 65.41943 -0.1699745 0.9854176 0.0063358806 -3.4050293 0.061453898 0.004191215 0.99809945 2.1712646
0.9822698 0.1765936 -0.06278388 66.39795 -0.17643501 0.98427105 0.008106922 -3.5561523 0.063228086 0.0031218557 0.9979924 2.246582
0.9819095 0.17865175 -0.06267902 67.39209 -0.17838997 0.983908 0.009795751 -3.732544 0.063420124 0.0015672786 0.9979844 2.3321533
0.98116606 0.18271351 -0.062488634 68.3645 -0.18243268 0.9831547 0.010219831 -3.9106445 0.063303776 0.0013813713 0.9979915 2.4102783
0.98099387 0.18554783 -0.056723114 69.34277 -0.18544662 0.9826272 0.0070901113 -4.0947266 0.057052996 0.00356798 0.99836355 2.4846191
0.9814364 0.18655811 -0.04428971 70.30151 -0.18652862 0.9824298 0.0048357015 -4.277588 0.04441373 0.0035208513 0.9990061 2.5621338
0.98114175 0.18864168 -0.04207831 71.2688 -0.1886186 0.98203784 0.0045554433 -4.473633 0.042181622 0.0034690131 0.99910355 2.6218262
0.98053944 0.19116779 -0.04469329 72.21094 -0.19110948 0.9815531 0.005613763 -4.6452637 0.044941887 0.003037972 0.99898463 2.689087
0.98012567 0.19157207 -0.05113386 73.17798 -0.19152343 0.98145163 0.00590015 -4.8363037 0.051315736 0.004020257 0.998673 2.7476807
0.9798028 0.19276105 -0.052761454 74.12109 -0.19297811 0.98118067 0.0010076789 -5.0220947 0.05196202 0.009205738 0.9986051 2.8135986
0.9798882 0.19221844 -0.0533279 75.091064 -0.19263527 0.981253 -0.0027325514 -5.225342 0.051801704 0.012955418 0.9985729 2.8730469
0.9802883 0.19075385 -0.051367145 76.03369 -0.1911424 0.9815542 -0.0027126656 -5.4172363 0.049902085 0.012480201 0.99867576 2.9361572
0.9804324 0.19097798 -0.047260284 76.98779 -0.19132762 0.9814997 -0.0029351292 -5.5931396 0.045824282 0.01193092 0.9988768 2.9816895
0.9810388 0.18912858 -0.041729912 77.947754 -0.18937561 0.98187727 -0.001999757 -5.7764893 0.040593997 0.009874273 0.99912596 3.04187
0.98111576 0.18965432 -0.037385795 78.86377 -0.18958049 0.9818271 0.005544206 -5.93042 0.03775855 0.0016550776 0.999285 3.0939941
0.98157114 0.18789318 -0.034662005 79.81787 -0.1874849 0.98215103 0.014705565 -6.0894775 0.03680671 -0.007934379 0.9992908 3.14563
0.9820586 0.18558855 -0.033075646 80.76416 -0.18536025 0.9826092 0.009864043 -6.2661133 0.03433212 -0.0035525402 0.99940383 3.1846924
0.98257494 0.1827136 -0.033851698 81.67798 -0.18259202 0.98315793 0.006675574 -6.430786 0.034501687 -0.00037596747 0.99940443 3.25
0.9836804 0.1762611 -0.035858538 82.62207 -0.17619038 0.9843337 0.005147616 -6.6069336 0.03620428 0.0012593298 0.9993429 3.2908936
0.9852018 0.1676114 -0.035746474 83.5542 -0.16767375 0.9858393 0.0012712427 -6.7667236 0.035453115 0.0047448017 0.99935937 3.34021
0.9866771 0.15881509 -0.034905378 84.48804 -0.15914078 0.98721975 -0.006727318 -6.9245605 0.03338943 0.012199126 0.9993671 3.3917236
0.9883983 0.14795503 -0.03376188 85.42236 -0.14817947 0.98893315 -0.004214722 -7.053711 0.03276289 0.00917693 0.99942 3.4423828
0.99024963 0.13548876 -0.03175752 86.35498 -0.1355984 0.99074346 -0.0013032854 -7.1708984 0.03128594 0.0056042066 0.999494 3.475586
0.9921623 0.12152103 -0.028474176 87.291016 -0.12163111 0.9925558 -0.0021462427 -7.2944336 0.028000273 0.0056006256 0.99959123 3.5163574
0.9936934 0.108896405 -0.02581685 88.23462 -0.108981945 0.9940185 -0.0019085072 -7.391968 0.025453288 0.0047200397 0.9996637 3.5587158
0.9950503 0.09632108 -0.023401119 89.16724 -0.09637476 0.9953209 -0.0011562961 -7.4802246 0.023179121 0.003417028 0.9997241 3.5981445
0.99636984 0.08237337 -0.020458873 90.1228 -0.08241839 0.9965764 -0.0013471117 -7.5633545 0.020276817 0.0030383652 0.9997886 3.6433105
0.99733216 0.07035806 -0.018314658 91.04224 -0.07038149 0.99749976 -0.0006217505 -7.6137695 0.018224424 0.0019194996 0.9998307 3.6750488
0.99804497 0.059853263 -0.016799819 91.96777 -0.059844166 0.99818796 0.0010444592 -7.656006 0.016832225 -2.619205e-05 0.9998568 3.7174072
0.99874616 0.047303736 -0.013833887 92.882324 -0.047300093 0.9988451 0.0005935505 -7.694702 0.013846371 8.2376646e-05 0.999901 3.7122803
0.9991923 0.038094725 -0.011334033 93.808105 -0.038082115 0.99925774 0.001307263 -7.725342 0.01137634 -0.00086501334 0.9999335 3.723755
0.9997501 0.020229962 -0.006058813 94.7439 -0.02022675 0.9997706 0.00054317876 -7.7474365 0.006069568 -0.00040572113 0.9999792 3.734253
0.9999061 0.011494171 -0.003447188 95.66846 -0.011493413 0.99991393 0.000194647 -7.7454834 0.0034497175 -0.00014295743 0.99999225 3.7487793
0.9999611 0.0048367516 -0.0014509056 96.581055 -0.0048366087 0.9999643 4.315516e-05 -7.7337646 0.001451388 -2.1726242e-05 0.9999968 3.7598877
0.9999761 -0.0027214186 0.0008149474 97.521484 0.002721489 0.99997807 -7.98877e-06 -7.7298584 -0.000814713 2.1113687e-05 0.99999803 3.7618408
0.99996954 -0.0051323124 0.0015308848 98.45825 0.005132258 0.9999721 2.4845753e-05 -7.7147217 -0.0015310645 -8.171057e-06 0.99999744 3.7739258
0.99995387 -0.00700931 0.0020781455 99.39331 0.0070089786 0.9999576 0.00010484324 -7.6896973 -0.0020792615 -7.969591e-05 0.99999624 3.753418
0.9998563 -0.014742995 0.0043296595 100.33008 0.014742359 0.9998677 0.00015962758 -7.6673584 -0.0043318267 -8.189041e-05 0.99998856 3.762207
0.9997773 -0.018987084 0.005524508 101.27539 0.018986207 0.99979466 0.00019873715 -7.644409 -0.0055275145 -7.917287e-05 0.9999826 3.755249
0.9995697 -0.027422218 0.007888965 102.20288 0.027420275 0.9996026 0.00034724508 -7.6256104 -0.0078957165 -0.000118527256 0.99996704 3.7454834
0.99934787 -0.03403961 0.009707 103.12964 0.03403738 0.9993969 0.00039272427 -7.590454 -0.009714819 -4.863221e-05 0.99995095 3.7507324
0.99908674 -0.040838405 0.011449224 104.05005 0.040829215 0.9991532 0.0010273942 -7.54895 -0.011481971 -0.00055198005 0.99993294 3.746582
0.9987442 -0.048038602 0.013058837 104.95117 0.048018035 0.9988299 0.0018683439 -7.4901123 -0.013134267 -0.0012310048 0.9999119 3.7385254
0.9984102 -0.054016512 0.01416189 105.85913 0.053987864 0.99851114 0.0023683333 -7.444336 -0.014270766 -0.0015856442 0.999895 3.7658691
0.9979202 -0.062151846 0.015493894 106.76196 0.062123004 0.9980412 0.0023188046 -7.402954 -0.015609099 -0.0013389185 0.9998756 3.7790527
0.9973801 -0.07001744 0.016785989 107.65112 0.06998954 0.9975221 0.002234654 -7.338257 -0.016901955 -0.0010430698 0.9998553 3.7697754
0.9968103 -0.07746245 0.018064413 108.55762 0.07742162 0.99697393 0.0029392266 -7.2629395 -0.018238615 -0.0015219923 0.99983144 3.756836
0.99603266 -0.08640771 0.019944992 109.46924 0.08636094 0.9962327 0.0031858436 -7.184082 -0.020146634 -0.0014387952 0.9997946 3.751587
0.9955133 -0.09208884 0.020444242 110.370605 0.09203486 0.9957231 0.0035575856 -7.0898438 -0.020685945 -0.0016486535 0.9997834 3.7487793
0.99494296 -0.09820614 0.020246392 111.26465 0.09819697 0.9951496 0.0014514873 -7.0004883 -0.020290868 0.0005509728 0.99979323 3.7385254
0.9940511 -0.10681122 0.01998295 112.15015 0.10682589 0.9942511 0.00034204245 -6.9053955 -0.019904315 0.0018038839 0.9997995 3.7386475
0.9932392 -0.11427638 0.019519053 113.05737 0.11424721 0.9934313 0.0026057982 -6.7991943 -0.019689063 -0.00035215192 0.99980557 3.7215576
0.99224937 -0.122458495 0.019962251 113.96265 0.122506 0.99244416 -0.0011579919 -6.6939697 -0.019668676 0.0036023478 0.9997993 3.7148438
0.9909443 -0.13257217 0.020497838 114.88086 0.13267712 0.991135 -0.0038318234 -6.599243 -0.019806992 0.0065212753 0.9997822 3.720581
0.99011403 -0.13860254 0.02041257 115.7832 0.13873567 0.99029225 -0.0052329083 -6.4643555 -0.019486997 0.008018972 0.99977756 3.7094727
0.98875415 -0.14805296 0.019867407 116.681885 0.1480717 0.9889513 0.00053795485 -6.32959 -0.01972719 0.002416488 0.999802 3.6959229
0.9875885 -0.15579955 0.019318039 117.59473 0.15574552 0.98777705 0.004277134 -6.1723633 -0.019748636 -0.001211646 0.99980396 3.6810303
0.986944 -0.15958212 0.020314002 118.51782 0.15958957 0.9871514 0.0012667673 -6.0289307 -0.02025507 0.0019982767 0.9997925 3.6763916
0.98613834 -0.16448626 0.021083368 119.41113 0.16453919 0.9863548 -0.0007806548 -5.883301 -0.020666562 0.0042435206 0.9997772 3.6623535
0.9853415 -0.1693225 0.020466527 120.30957 0.16937588 0.9855446 -0.0008886576 -5.7370605 -0.020019908 0.004344422 0.99979013 3.665039
0.98407644 -0.17616375 0.023073561 121.194336 0.1763759 0.9842809 -0.007476269 -5.595825 -0.021391934 0.011431238 0.9997055 3.6429443
0.98307425 -0.18116215 0.026677156 122.07886 0.18153928 0.9832881 -0.012431649 -5.448242 -0.023976648 0.01706845 0.99956656 3.6367188
0.9821328 -0.18591203 0.028745385 122.96533 0.18640868 0.98233485 -0.015651215 -5.287842 -0.025325712 0.020733632 0.999464 3.6247559
0.9812903 -0.19048299 0.027208388 123.85498 0.19093442 0.9814644 -0.015054582 -5.114746 -0.0238344 0.019972958 0.99951625 3.602539
0.980692 -0.19391148 0.02485295 124.7417 0.19430737 0.9808197 -0.01461175 -4.92334 -0.02153991 0.019161003 0.9995842 3.586792
0.9803254 -0.19565952 0.025114903 125.6167 0.19602562 0.9804878 -0.013013037 -4.739746 -0.022076102 0.017685674 0.9995996 3.5714111
0.98015165 -0.19646648 0.026055483 126.50952 0.19682114 0.98035634 -0.011788887 -4.555786 -0.023225697 0.016687714 0.9995905 3.5605469
0.9799659 -0.19682202 0.02964937 127.38037 0.19721112 0.98027724 -0.010779344 -4.371338 -0.026939888 0.01641725 0.9995016 3.546753
0.9795048 -0.19832928 0.03441763 128.25684 0.19876546 0.97997344 -0.009697685 -4.189087 -0.031801857 0.016347725 0.9993598 3.5323486
0.9792992 -0.19913845 0.035830714 129.13379 0.19958459 0.97982055 -0.009280525 -4.0129395 -0.03325674 0.016247194 0.99931383 3.5180664
0.97926754 -0.19963951 0.034033272 129.99072 0.20007835 0.97971904 -0.009968772 -3.828247 -0.031351022 0.016576467 0.9993703 3.4973145
0.97914267 -0.20075655 0.030868312 130.854 0.20115124 0.97949547 -0.010212256 -3.6541748 -0.0281833 0.016214097 0.99947065 3.4853516
0.9791591 -0.20068942 0.030367244 131.71143 0.20101567 0.97953 -0.008059054 -3.4716797 -0.028125968 0.014000504 0.99950606 3.4632568
0.97904396 -0.20122457 0.030561399 132.56152 0.20149523 0.9794472 -0.0060067796 -3.282837 -0.028722424 0.012045283 0.99951434 3.4476318
0.97898805 -0.20134342 0.0316952 133.41553 0.20170994 0.9793864 -0.008783786 -3.1102295 -0.029271556 0.01499692 0.99945873 3.4412842
0.97887397 -0.2020199 0.030836677 134.27197 0.2023683 0.97925025 -0.00858468 -2.927002 -0.028460274 0.014649067 0.99948716 3.4353027
0.97875166 -0.20336835 0.025888342 135.11206 0.20349984 0.9790635 -0.0025198655 -2.74292 -0.024833381 0.007736693 0.9996615 3.4053955
0.9787613 -0.20369487 0.02220649 135.96313 0.20367216 0.9790126 0.003306426 -2.5488281 -0.022414077 0.0012922324 0.9997476 3.3972168
0.9788079 -0.203776 0.01995697 136.78809 0.20377973 0.97900903 0.0018701628 -2.3720703 -0.019919015 0.0022385912 0.9997989 3.386963
0.9788327 -0.20368129 0.019477405 137.64453 0.20373967 0.97901404 -0.001038108 -2.1895752 -0.018856796 0.0049872603 0.99980956 3.3875732
0.97858036 -0.2049639 0.018659763 138.45776 0.2049974 0.9787515 0.00012156088 -2.0062256 -0.01828792 0.0037094066 0.99982566 3.3739014
0.97795165 -0.20765011 0.02083304 139.30884 0.20777276 0.9781399 -0.0038753748 -1.8267822 -0.019571858 0.008123614 0.99977523 3.359497
0.97743416 -0.20946431 0.02686117 140.14722 0.20971508 0.9777256 -0.006846125 -1.6503906 -0.024827445 0.012327919 0.99961543 3.3554688
0.9767986 -0.21164155 0.032213464 140.98145 0.21198379 0.9772268 -0.007553207 -1.4671631 -0.029879116 0.014213422 0.99945176 3.3414307
0.9758913 -0.21542382 0.034272224 141.8042 0.21583197 0.9763651 -0.00863092 -1.2823486 -0.031600073 0.015827727 0.9993746 3.3226318
0.9750508 -0.21956618 0.031807125 142.61694 0.2199602 0.9754357 -0.009407969 -1.09375 -0.028956698 0.016176347 0.99944913 3.3251953
0.9738259 -0.22531423 0.028902013 143.43628 0.22569238 0.97411066 -0.010514779 -0.8959961 -0.025783053 0.016769689 0.99952656 3.3078613
0.9716168 -0.23493713 0.02758322 144.27295 0.23530574 0.97185755 -0.010928256 -0.70214844 -0.024237879 0.017108725 0.99955964 3.2764893
0.9692892 -0.243862 0.031666256 145.04688 0.24425331 0.96966577 -0.0090697985 -0.4991455 -0.028492393 0.016529335 0.9994568 3.2697754
0.96653664 -0.25413054 0.034289896 145.7893 0.25458312 0.9669797 -0.009464157 -0.30358887 -0.030749995 0.017883638 0.9993666 3.261963
0.9630114 -0.26733807 0.033884898 146.61157 0.2678269 0.96341175 -0.01073049 -0.07397461 -0.029775882 0.019408803 0.999368 3.260376
0.95918727 -0.28087252 0.032213498 147.25757 0.2813543 0.95951873 -0.011448536 0.122558594 -0.02769182 0.020048711 0.9994151 3.2486572
0.9552921 -0.29374123 0.033307534 147.98413 0.29424432 0.9556518 -0.011252984 0.34436035 -0.02852381 0.020553617 0.9993814 3.2469482
0.95154464 -0.30588442 0.031503677 148.66553 0.30639812 0.9518133 -0.012907988 0.5637207 -0.026037341 0.021934608 0.9994202 3.2340088
0.94781893 -0.3177918 0.025272276 149.3086 0.3182015 0.9479121 -0.014191905 0.7891846 -0.019443912 0.021492973 0.9995796 3.222412
0.9432485 -0.3317076 0.014659554 150.05103 0.33190188 0.9431942 -0.013729848 1.0625 -0.009272505 0.017818082 0.9997982 3.213501
0.93905777 -0.34366834 0.0047211964 150.70776 0.34369975 0.9389994 -0.010502582 1.324707 -0.00082215853 0.011485304 0.99993354 3.2155762
