1 0 0 0 0 1 0 0 0 0 1 0
0.99993755 -0.0022549771 0.010945426 0.0062700795 0.0022436179 0.99999693 0.0010499847 -0.0089515667 -0.010947761 -0.0010253618 0.99993955 0.30214193
0.99984121 -0.0037128883 0.017428991 0.012266324 0.0036899221 0.99999228 0.0013496867 -0.015460694 -0.017433869 -0.0012851608 0.99984719 0.58809379
0.99978367 -0.0070076526 0.019583559 0.029331017 0.0070082389 0.99997544 3.8715932e-05 -0.017592057 -0.019583351 9.853873e-05 0.99980822 0.88127625
0.99982044 -0.0079448629 0.017203743 0.02629594 0.0079658418 0.99996761 -0.001151227 -0.022791228 -0.01719404 0.0012880626 0.99985134 1.1882572
0.99987942 -0.010946294 0.011014933 0.014106688 0.010981055 0.9999349 -0.0031002995 -0.024172443 -0.01098028 0.0032208814 0.99993453 1.5225172
0.99992823 -0.011945494 -0.00092013044 0.015730059 0.011941336 0.99991902 -0.0043994941 -0.033709019 0.00097261014 0.0043881908 0.9999899 1.8313976
0.99978166 -0.011749463 -0.017279761 -0.0050200474 0.011666583 0.99991999 -0.0048894269 -0.040535335 0.017335828 0.0046867637 0.99983874 2.1505594
0.9993101 -0.0078228117 -0.036305968 -0.043585963 0.0076380019 0.99995717 -0.0052262701 -0.043238544 0.0363453 0.0049453595 0.99932705 2.5006448
0.99845941 -0.0039991337 -0.055342623 -0.090622065 0.0036550882 0.99997337 -0.0063164736 -0.050468941 0.055366414 0.0061044604 0.99844744 2.8574585
0.99710981 -0.0031385402 -0.075909036 -0.13673239 0.0026640889 0.99997629 -0.0063507166 -0.05561538 0.075927174 0.0061301334 0.99709452 3.2001908
0.99526073 -0.004427326 -0.097141481 -0.18211709 0.0038759689 0.9999753 -0.0058637895 -0.062104729 0.09716505 0.0054594821 0.99525331 3.5756597
0.99323519 -0.0054831819 -0.11599045 -0.23074985 0.0049318621 0.99997514 -0.005039613 -0.070346188 0.11601521 0.0044334721 0.99323754 3.9690616
0.99109943 -0.0043979245 -0.13305104 -0.31262253 0.0038594482 0.99998329 -0.0043047716 -0.077840204 0.13306776 0.003752953 0.99109984 4.3636999
0.98886057 -0.0036568551 -0.14879988 -0.39477492 0.0030924958 0.99998712 -0.004023935 -0.086341826 0.14881269 0.0035189476 0.98885914 4.8038724
0.98665029 -0.0028254413 -0.16282879 -0.4756279 0.0022189254 0.99998991 -0.0039066155 -0.09208331 0.1628382 0.0034931583 0.9866466 5.1970888
0.98447958 -0.0041702422 -0.17544962 -0.57627872 0.003372292 0.99998257 -0.0048459332 -0.10135457 0.17546679 0.0041790548 0.98447648 5.6355724
0.98285745 -0.0071414844 -0.18422872 -0.65610495 0.0059980681 0.99995914 -0.0067630448 -0.1139712 0.18426951 0.0055420925 0.98286013 6.0908775
0.98123249 -0.006466023 -0.19271998 -0.75579163 0.0048738479 0.99994998 -0.0087345482 -0.1199906 0.19276684 0.0076313346 0.98121492 6.5343921
0.9797725 -0.0065092279 -0.2000087 -0.86209092 0.004511016 0.99993528 -0.010444733 -0.12514505 0.20006376 0.0093312197 0.97973845 7.0200392
0.97827726 -0.0069959787 -0.20718264 -0.97783776 0.0043823106 0.99990496 -0.013071555 -0.13965121 0.20725442 0.011879666 0.97821495 7.5046174
0.976466 -0.010855518 -0.21539802 -1.0895955 0.0078225565 0.99985797 -0.014928255 -0.14850763 0.2155295 0.012891971 0.97641223 8.0044448
0.97458677 -0.016442141 -0.22340607 -1.2114556 0.013230177 0.99978659 -0.015866521 -0.16513597 0.22361929 0.012507599 0.97459632 8.5168269
0.97259902 -0.017598577 -0.23182199 -1.3391857 0.01364444 0.99973298 -0.018649265 -0.19112943 0.23208831 0.014975176 0.97257944 9.0311275
0.97062667 -0.01357932 -0.24020713 -1.4926835 0.0083406069 0.99970497 -0.022812388 -0.19461027 0.24044606 0.020138839 0.97045357 9.5692093
0.96857153 -0.010392166 -0.24851799 -1.6457214 0.0041378006 0.99966176 -0.02567579 -0.20908545 0.24870078 0.023840521 0.96828692 10.105103
0.96605263 -0.013266609 -0.25800446 -1.8053465 0.0063600842 0.99959922 -0.027585243 -0.23488304 0.25826704 0.025007867 0.96574984 10.661602
0.96387267 -0.015316648 -0.26592267 -1.9647607 0.0077661922 0.99953691 -0.029421844 -0.26304701 0.26625019 0.026293705 0.96354527 11.22605
0.9616431 -0.015199269 -0.27388232 -2.1400938 0.0066695152 0.99946407 -0.032048181 -0.28572693 0.27422267 0.02899225 0.9612291 11.793716
0.95929261 -0.014720253 -0.28203012 -2.3283517 0.0048530228 0.99935244 -0.035653114 -0.3070428 0.28237234 0.032833071 0.95874285 12.387873
0.95722119 -0.015615768 -0.28893552 -2.5176168 0.0039588694 0.99915602 -0.040884812 -0.33803704 0.28933014 0.037991951 0.95647514 12.967106
0.95529 -0.016447733 -0.29521261 -2.7198499 0.0023196426 0.99883772 -0.048143896 -0.38083466 0.29566137 0.045306595 0.95421783 13.587354
0.95385812 -0.01666888 -0.29979464 -2.9317848 -0.00015183419 0.99843093 -0.055996843 -0.41541137 0.30025768 0.053458563 0.95235892 14.209067
0.95284209 -0.016955937 -0.30299246 -3.126741 -0.0028464088 0.99789453 -0.064795058 -0.46202926 0.30345321 0.0626019 0.95078765 14.828928
0.95143887 -0.016240272 -0.30740904 -3.3505098 -0.0067457125 0.99726773 -0.073563326 -0.50569247 0.30776383 0.072064702 0.94872974 15.469584
0.95033806 -0.015109833 -0.31085246 -3.5782016 -0.010646846 0.99665766 -0.080994799 -0.56825383 0.31103733 0.08028204 0.94700084 16.120136
0.94852765 -0.014467988 -0.31636366 -3.8156683 -0.013913841 0.99608753 -0.087269959 -0.62841731 0.31638855 0.087179804 0.94461525 16.783188
0.94684744 -0.012805785 -0.32142796 -4.0588095 -0.018223089 0.99546747 -0.093340436 -0.70124023 0.3211664 0.094236564 0.94232246 17.443545
0.94518979 -0.010498561 -0.32635262 -4.2993919 -0.022951311 0.99487466 -0.098476595 -0.77426876 0.32571385 0.10056929 0.94010442 18.108919
0.94349557 -0.0079188939 -0.33129048 -4.5779159 -0.027360763 0.9944396 -0.10169208 -0.84898459 0.33025369 0.10501039 0.93803269 18.805153
0.94173549 -0.0073204413 -0.33627469 -4.8310905 -0.029106998 0.99423903 -0.10315781 -0.92820032 0.33509261 0.10693532 0.9360971 19.48053
0.93952905 -0.0062884227 -0.34241146 -5.1193309 -0.030682744 0.99426495 -0.10244892 -1.0186797 0.34109199 0.10675986 0.93394786 20.220761
0.93745821 -0.0067431053 -0.3480325 -5.3911687 -0.030298701 0.99443718 -0.10087954 -1.1017178 0.34677673 0.10511528 0.93203899 20.944471
0.9345449 -0.007006839 -0.35577622 -5.6804939 -0.030161014 0.9946486 -0.098815377 -1.1835683 0.35456474 0.10307798 0.92933244 21.65884
0.9321147 -0.0062585061 -0.36210912 -5.95315 -0.030534863 0.99493249 -0.095796491 -1.2708694 0.3608737 0.10035027 0.92720009 22.364796
0.92804085 -0.0031098992 -0.37246543 -6.2953002 -0.033015762 0.99534238 -0.090573206 -1.3551487 0.37101233 0.096352866 0.92361571 23.192212
0.92518066 -0.0018500081 -0.37952247 -6.6144487 -0.032790859 0.99585911 -0.084790273 -1.434148 0.3781078 0.09089119 0.92128893 23.932761
0.92139456 0.00065149082 -0.38862788 -6.9573772 -0.034812653 0.99611675 -0.080867142 -1.50426 0.38706609 0.088039714 0.91783924 24.656387
0.91807105 0.0020805656 -0.39641041 -7.2739747 -0.03638604 0.99620717 -0.079040034 -1.5851187 0.39474248 0.086988173 0.91466466 25.414026
0.91373562 0.0035598505 -0.40629366 -7.6423228 -0.038640794 0.99619068 -0.078172958 -1.6607843 0.4044677 0.087128927 0.91039247 26.18518
0.91021564 0.0033170793 -0.41412132 -7.9779493 -0.038807127 0.99625109 -0.077316009 -1.7311401 0.41231239 0.086445101 0.90693206 26.902426
0.90622182 0.0042041069 -0.42278166 -8.3694311 -0.039793441 0.9963599 -0.075388506 -1.8015305 0.42092579 0.085142647 0.90309038 27.705474
0.90230889 0.005536261 -0.43105452 -8.7678898 -0.04107028 0.99647329 -0.073172508 -1.8832302 0.42912925 0.083727736 0.89935409 28.489318
0.8990868 0.0048148402 -0.4377439 -9.1531597 -0.038902173 0.99686224 -0.068936872 -1.9511492 0.43603849 0.079009422 0.89645299 29.257028
0.89560958 0.006706566 -0.44479039 -9.5649131 -0.038997047 0.99722048 -0.063486536 -2.0164517 0.44312835 0.074204663 0.89338175 30.083131
0.89174322 0.0052133038 -0.45251169 -9.9824879 -0.035867736 0.99760217 -0.059189641 -2.0793089 0.45111811 0.069012532 0.88979197 30.861885
0.88813961 0.0051643483 -0.45954472 -10.429582 -0.035398743 0.99773493 -0.057200903 -2.147959 0.45820845 0.067069694 0.88631072 31.68934
0.88474695 0.005106345 -0.46604371 -10.888424 -0.035255138 0.99780834 -0.055996291 -2.2083428 0.46473641 0.065972984 0.88298791 32.509123
0.88209637 0.0048335952 -0.47104418 -11.308262 -0.034421852 0.99793556 -0.054219482 -2.263861 0.4698097 0.064041022 0.88044171 33.322307
0.87924623 0.0045437714 -0.47634588 -11.802542 -0.033767405 0.99803359 -0.052808319 -2.3278722 0.47516928 0.06251648 0.8776707 34.170481
0.87668784 0.003204248 -0.481049 -12.253801 -0.032588798 0.99807621 -0.052743312 -2.3901948 0.4799546 0.06191623 0.8751057 34.996702
0.87502552 0.0023954534 -0.48407085 -12.743362 -0.032152482 0.99806713 -0.053181093 -2.4481547 0.48300785 0.062098894 0.87341122 35.846413
0.87328328 0.0024725387 -0.48720651 -13.242869 -0.032740363 0.99802454 -0.053619881 -2.5107966 0.48611151 0.062776665 0.87163909 36.71166
0.87306873 0.0039817565 -0.48758088 -13.741489 -0.03383168 0.99805141 -0.052429009 -2.5722328 0.48642206 0.062269809 0.87150219 37.576283
0.87306133 0.0037905308 -0.48759565 -14.247961 -0.032834333 0.99815714 -0.051031708 -2.6389005 0.48650369 0.06056369 0.87157686 38.499613
0.87254146 0.0015618448 -0.48853756 -14.765446 -0.029985116 0.99828077 -0.05036275 -2.6966673 0.48761903 0.058592443 0.87108819 39.365576
0.87170351 -0.00071807529 -0.49003311 -15.27032 -0.027910979 0.99830279 -0.051112776 -2.7611992 0.48923817 0.058232491 0.87020401 40.268591
0.87093232 -0.000757914 -0.49140238 -15.81013 -0.02838051 0.99825207 -0.051839575 -2.8277042 0.49058277 0.059095012 0.86938849 41.199846
0.86908347 -0.0016688176 -0.49466263 -16.318504 -0.026515675 0.99839947 -0.049954207 -2.8906395 0.49395431 0.05653069 0.86764822 42.11018
0.86692077 -0.0011977693 -0.4984445 -16.879091 -0.02518628 0.99861442 -0.046204978 -2.9543462 0.49780925 0.052610018 0.86568941 43.013325
0.86468033 -0.001219018 -0.50232103 -17.424755 -0.022888411 0.99886281 -0.04182343 -3.0187794 0.50180082 0.047661228 0.86366913 43.947691
0.86117978 -0.0045387596 -0.5082802 -17.950468 -0.018200632 0.99904354 -0.039758452 -3.0729628 0.50797454 0.043490196 0.8602735 44.830223
0.85608307 -0.0061782271 -0.5168013 -18.513458 -0.018134466 0.99895378 -0.041982037 -3.1382531 0.51652003 0.045312027 0.85507538 45.74378
0.84994855 -0.0075698695 -0.52681129 -19.071769 -0.019134176 0.99879367 -0.045222648 -3.2051437 0.52651816 0.048517024 0.84877839 46.627375
0.84356028 -0.0088766444 -0.53696111 -19.640259 -0.018192766 0.99881715 -0.045092349 -3.2603155 0.53672628 0.047806923 0.84240098 47.521615
0.83807005 -0.0047931824 -0.54554155 -20.259137 -0.020207012 0.99900254 -0.039819683 -3.3229486 0.5451883 0.044395449 0.83713726 48.437768
0.83316542 -0.003147979 -0.55301486 -20.833094 -0.019179182 0.99921778 -0.03458306 -3.3807694 0.5526912 0.039419783 0.83245333 49.306985
0.82918701 -0.0030763683 -0.55896279 -21.441549 -0.020580357 0.99913882 -0.036028663 -3.431873 0.55859231 0.041378153 0.82840962 50.189205
0.82645796 -0.0051827877 -0.56297455 -22.092926 -0.021543591 0.99893412 -0.040822688 -3.487538 0.56258611 0.04586673 0.82546541 51.084921
0.82365917 -0.0065704608 -0.56704706 -22.689131 -0.024888408 0.99855055 -0.04772179 -3.5548645 0.56653875 0.053419389 0.82230179 51.916635
0.8198167 -0.0062795113 -0.57259158 -23.296797 -0.026825881 0.99842084 -0.049357866 -3.6208023 0.57199736 0.055824677 0.81835362 52.781277
0.81728519 -0.0047521638 -0.57621377 -23.921615 -0.026274477 0.99861862 -0.045502798 -3.6839886 0.57563408 0.052328479 0.81603135 53.639977
0.814079 -0.0032830187 -0.58074484 -24.561428 -0.024212061 0.99892274 -0.039587112 -3.7452088 0.58024924 0.046288067 0.81312254 54.528452
0.81011805 -0.003279585 -0.58625759 -25.180766 -0.022511005 0.99907291 -0.036695669 -3.8040221 0.58583447 0.042925071 0.80929317 55.410396
0.80760487 -0.0014879112 -0.58972208 -25.824291 -0.025178224 0.99899798 -0.037001285 -3.8543353 0.58918627 0.044730573 0.80675817 56.220634
0.8049824 -0.0024980801 -0.59329341 -26.47863 -0.025529928 0.99891906 -0.038845065 -3.9150727 0.59274918 0.046416332 0.80404848 57.124508
0.80127017 -0.004206146 -0.59828788 -27.153486 -0.025668254 0.99881294 -0.041398729 -3.9773611 0.59775186 0.048528573 0.80021105 57.964708
0.79763966 -0.0049804928 -0.6031137 -27.796712 -0.025573645 0.99878732 -0.042070019 -4.0295301 0.6025919 0.048980532 0.796545 58.806594
0.79321233 -0.0057086953 -0.60891837 -28.472086 -0.024204495 0.99887024 -0.040894724 -4.095045 0.60846394 0.047176761 0.79217802 59.673911
0.78897179 -0.0047971209 -0.61441067 -29.127742 -0.025140866 0.99888003 -0.040082606 -4.1539156 0.61391488 0.047070862 0.78796756 60.476713
0.78325254 -0.0072010606 -0.62166194 -29.798428 -0.02332925 0.99888823 -0.040963981 -4.2124852 0.62126583 0.046588049 0.78221375 61.348186
0.77795976 -0.0097441294 -0.62823851 -30.496349 -0.021353709 0.99889209 -0.041935759 -4.2711526 0.62795116 0.046039556 0.77688978 62.203791
0.77224075 -0.0097160788 -0.63525569 -31.180343 -0.02241371 0.998844 -0.04252402 -4.3279308 0.63493455 0.047077218 0.77113026 63.004508
0.76730151 -0.010583952 -0.64119914 -31.924226 -0.022668539 0.99879128 -0.043613224 -4.3925427 0.64088576 0.047999541 0.76613414 63.874396
0.76224411 -0.011076365 -0.64719486 -32.598108 -0.023660509 0.99870861 -0.04495886 -4.4636094 0.64685711 0.049582586 0.76099769 64.677427
0.75459446 -0.012717725 -0.65606815 -33.318469 -0.022107616 0.99875185 -0.044788235 -4.5262805 0.65581894 0.048301057 0.75337146 65.475173
0.7497164 -0.012853516 -0.66163439 -34.122635 -0.021025057 0.99884395 -0.043228535 -4.5943004 0.6614252 0.046320043 0.74857945 66.329425
0.7416307 -0.01532467 -0.6706333 -34.817845 -0.017600578 0.9989503 -0.042290939 -4.6493114 0.67057748 0.043167792 0.74058249 67.146076
0.73579476 -0.014373988 -0.67705201 -35.595128 -0.020004135 0.9988771 -0.042946161 -4.7166677 0.67690911 0.0451434 0.734681 67.946035
0.73057274 -0.015950924 -0.68264852 -36.338457 -0.020063704 0.99879402 -0.044810296 -4.7856157 0.68254007 0.046433639 0.72937165 68.752331
0.72517775 -0.016722336 -0.6883586 -37.187282 -0.019441904 0.9988092 -0.044745948 -4.8401109 0.68828721 0.045831768 0.72398909 69.519398
0.7207491 -0.017776326 -0.69296804 -37.97186 -0.017368576 0.99889419 -0.043688961 -4.9050099 0.69297843 0.043524648 0.71964334 70.352212
0.71539296 -0.015320028 -0.69855434 -38.76647 -0.021117816 0.99882881 -0.04353222 -4.9729668 0.69840317 0.045894586 0.71423157 71.144869
0.71105593 -0.017294168 -0.70292271 -39.542084 -0.019466869 0.99883007 -0.044266554 -5.0383922 0.70286596 0.0451597 0.70988738 71.9674
0.70506933 -0.018520076 -0.70889647 -40.383557 -0.021283858 0.99865589 -0.047259055 -5.1109301 0.70881893 0.048408963 0.70372746 72.807796
0.70139804 -0.020179786 -0.71248405 -41.207813 -0.021882221 0.99851833 -0.049822914 -5.1786345 0.71243386 0.050536428 0.69991722 73.564806
0.69598735 -0.020672288 -0.71775638 -42.034069 -0.02263993 0.99845677 -0.050710088 -5.2507236 0.71769707 0.051543534 0.69444527 74.366496
0.69076358 -0.021706801 -0.72275476 -42.891102 -0.019933124 0.99859779 -0.049042137 -5.3189618 0.72280592 0.048283283 0.6893623 75.178228
0.68803461 -0.022184981 -0.72533865 -43.744092 -0.018458736 0.99867414 -0.048054538 -5.3911829 0.7254431 0.04645202 0.68671286 75.953848
0.68305878 -0.022592423 -0.73001386 -44.601052 -0.018577343 0.99866063 -0.048288918 -5.4665995 0.73012713 0.046545888 0.68172421 76.723439
0.67609989 -0.023584422 -0.7364324 -45.436572 -0.018061488 0.99865676 -0.048564011 -5.5362945 0.73658861 0.046135187 0.67476575 77.518286
0.67256448 -0.022833093 -0.73968617 -46.354384 -0.019335944 0.99864047 -0.048407987 -5.6194085 0.73978591 0.046860023 0.67120861 78.334224
0.66841477 -0.02550341 -0.74335134 -47.239779 -0.015337818 0.99872685 -0.048056634 -5.6801131 0.74363061 0.043523152 0.66717261 79.086593
0.66562907 -0.027860181 -0.7457625 -48.107763 -0.013031416 0.99871665 -0.048941205 -5.7571348 0.74616899 0.042295031 0.66441178 79.851518
0.66119753 -0.030363698 -0.74959711 -48.988025 -0.013160634 0.9985574 -0.052056862 -5.8414578 0.75009645 0.044285042 0.65984408 80.652625
0.65516504 -0.035704493 -0.75464158 -49.904562 -0.0078158775 0.99850882 -0.054028219 -5.9125048 0.75544539 0.041295586 0.65390901 81.433814
0.64980542 -0.038554462 -0.75912213 -50.774703 -0.0037083259 0.99854008 -0.053888384 -5.9909187 0.76009158 0.037832037 0.64871379 82.191113
0.64111713 -0.04381731 -0.76619111 -51.737486 0.0036160627 0.99853013 -0.054078654 -6.0787993 0.76743456 0.031900156 0.64033322 82.999652
0.6350265 -0.044434793 -0.77121128 -52.677413 0.0054570127 0.9985774 -0.053041537 -6.156367 0.77247111 0.029474272 0.63436559 83.744099
0.62502758 -0.043233788 -0.77940446 -53.625756 0.0065701452 0.99872106 -0.050130547 -6.2391876 0.78057505 0.026212174 0.62451226 84.541394
0.61389839 -0.044100895 -0.78815215 -54.589158 0.0080480988 0.99873597 -0.049615337 -6.3122044 0.78934406 0.024115649 0.61347734 85.212915
0.60912145 -0.044296483 -0.79183889 -55.561863 0.0046863185 0.99862255 -0.052259279 -6.3840929 0.79306315 0.028121439 0.60849 85.949537
0.5977222 -0.046230684 -0.80036919 -56.53728 0.0050854444 0.99853451 -0.053879198 -6.4723168 0.80168719 0.02813456 0.59708135 86.685663
0.58756618 -0.046922852 -0.80781445 -57.554725 0.0036476907 0.99846071 -0.055343605 -6.5534179 0.80916793 0.029571373 0.5868329 87.394254
0.57766477 -0.048510936 -0.8148313 -58.527623 0.0075668324 0.99850784 -0.054081694 -6.6371738 0.81623906 0.025075398 0.57716988 88.104525
0.56645972 -0.04878106 -0.82264435 -59.546754 0.0097042288 0.99857214 -0.052531027 -6.7177682 0.82403232 0.021773582 0.56612428 88.840093
0.55680634 -0.049669996 -0.82915592 -60.601898 0.010337079 0.9985476 -0.052875585 -6.7993313 0.83057805 0.02087041 0.55651108 89.479352
0.54949394 -0.050412649 -0.83397537 -61.636679 0.008871527 0.99847376 -0.05451103 -6.8824805 0.83545063 0.022554845 0.54910252 90.150799
0.53709248 -0.051383481 -0.84195685 -62.697471 0.0087860779 0.99842957 -0.055328073 -6.9632572 0.84347764 0.022318793 0.53670048 90.82247
0.52742029 -0.051691476 -0.84803052 -63.751281 0.0067921557 0.99837206 -0.056631221 -7.051477 0.8495774 0.0241085 0.52691278 91.474639
0.52131313 -0.052074387 -0.8517751 -64.873955 0.0062240746 0.99834187 -0.057225609 -7.1429172 0.85334281 0.02453095 0.52077284 92.087962
0.50973846 -0.048440529 -0.85896458 -65.931085 0.0021399515 0.99848194 -0.055038564 -7.2303413 0.86032679 0.026217131 0.50906831 92.734353
0.50302878 -0.04803362 -0.86293381 -67.002265 0.0050032795 0.99859951 -0.052668646 -7.3143747 0.86425522 0.022176345 0.50256462 93.358549
0.49330789 -0.048490703 -0.86850211 -68.164707 0.0060681979 0.99861254 -0.052308375 -7.4015468 0.86983364 0.020533891 0.4929177 93.998346
0.48702444 -0.05134321 -0.87187786 -69.275593 0.0075533688 0.99848087 -0.054579362 -7.4873514 0.87335572 0.019995868 0.4866724 94.60977
0.47955711 -0.054867484 -0.87579363 -70.331632 0.010241075 0.99832529 -0.056936263 -7.5677076 0.87745095 0.018335121 0.47931589 95.186473
0.47334711 -0.057760079 -0.87898022 -71.497087 0.011249547 0.9981629 -0.059533794 -7.6644063 0.8808042 0.018292019 0.4731273 95.808898
0.46721811 -0.061910098 -0.88197183 -72.600696 0.013849903 0.99793548 -0.062713292 -7.7594382 0.88403364 0.017085561 0.46711098 96.36677
0.46349894 -0.061529633 -0.88395858 -73.736093 0.014065717 0.99797141 -0.062090432 -7.8622158 0.88598587 0.016345338 0.46342415 97.016972
0.45864197 -0.059909879 -0.88659928 -74.848438 0.016840745 0.99813157 -0.058734617 -7.9572905 0.88846159 0.012007167 0.45879396 97.54949
0.45473669 -0.05846687 -0.88870473 -75.978892 0.021204508 0.9982708 -0.054825073 -8.053266 0.8903735 0.0060864256 0.45519012 98.145266
0.44986523 -0.056958836 -0.89127824 -77.082426 0.020958798 0.99836265 -0.053223492 -8.1432601 0.89285053 0.0052632771 0.45032243 98.716879
0.44714152 -0.056504004 -0.8926767 -78.181891 0.020863007 0.99839005 -0.052745097 -8.2318622 0.89421992 0.0049606019 0.44760049 99.233777
0.44404235 -0.05778463 -0.89414051 -79.35562 0.02769903 0.99832659 -0.050762034 -8.3214209 0.89557759 -0.0022263326 0.44489987 99.783233
0.44357625 -0.05716927 -0.89441138 -80.427863 0.029178487 0.99835562 -0.049342372 -8.4054978 0.89576157 -0.0042104676 0.44451496 100.33959
0.44144971 -0.057398823 -0.89544819 -81.49974 0.030327541 0.99833614 -0.049042743 -8.4889436 0.89677336 -0.0055068372 0.44245597 100.8589
0.43774642 -0.057359427 -0.8972669 -82.604245 0.032167065 0.99832316 -0.048126401 -8.5742191 0.89852291 -0.0077952839 0.43885748 101.41454
0.43608543 -0.057379924 -0.89807403 -83.73819 0.035829872 0.99828089 -0.046384146 -8.6514864 0.89919174 -0.011950428 0.43739167 101.93918
0.43463193 -0.056473646 -0.89883577 -84.817919 0.037967372 0.99829373 -0.044363449 -8.7344679 0.89980755 -0.014844662 0.43603448 102.47192
0.43210552 -0.058049249 -0.8999528 -85.900827 0.040942908 0.99815996 -0.044725436 -8.8166934 0.90089321 -0.017520579 0.43368713 102.96284
0.43041656 -0.057329065 -0.90080791 -86.938224 0.039134342 0.99822781 -0.0448302 -8.8893772 0.90178166 -0.015956865 0.43189732 103.5192
0.42945391 -0.059751462 -0.90110989 -88.016902 0.04153741 0.9980597 -0.046384048 -8.9741973 0.90213305 -0.01750996 0.43110257 103.98122
0.43092661 -0.06012836 -0.90038146 -89.03921 0.039936506 0.99807073 -0.047538355 -9.0522693 0.90150286 -0.015472548 0.43249655 104.49447
0.43466542 -0.058566528 -0.89868563 -90.044379 0.034949608 0.9982285 -0.048149642 -9.1252845 0.89991364 -0.010479727 0.43594229 104.98666
0.4383206 -0.05971176 -0.89683303 -91.13207 0.035465272 0.99816279 -0.049124973 -9.2135608 0.89811877 -0.010273941 0.43963301 105.46604
0.4431013 -0.059801407 -0.89447469 -92.077171 0.033745844 0.99817806 -0.050017767 -9.2848848 0.89583622 -0.0080218663 0.44431204 105.97597
0.44915576 -0.059156307 -0.89149289 -93.099396 0.031901704 0.99823125 -0.050166234 -9.367047 0.89288378 -0.0059076901 0.45024851 106.45936
0.45557302 -0.058969382 -0.88824308 -94.103277 0.032551795 0.99823973 -0.049576362 -9.4442823 0.8896031 -0.0063282548 0.45669065 106.93744
0.46316512 -0.058920656 -0.88431124 -95.080313 0.033148051 0.99824119 -0.049150122 -9.5233741 0.88565193 -0.0065485734 0.4643036 107.4679
0.47336155 -0.057742057 -0.87897362 -96.072962 0.031488188 0.99832066 -0.048624658 -9.5990055 0.88030529 -0.0046602438 0.47438481 108.01256
0.48094559 -0.056536737 -0.87492564 -97.025407 0.028976557 0.99839855 -0.048587043 -9.6601389 0.87627151 -0.0019846088 0.48181362 108.48638
0.49126007 -0.057035744 -0.86914349 -97.984008 0.028617497 0.99837194 -0.049340821 -9.7409075 0.87054273 -0.00063353573 0.49209249 109.04664
0.50134343 -0.059161491 -0.86322339 -98.924301 0.02813463 0.99824676 -0.052075345 -9.8179125 0.86479089 0.0018211604 0.50212894 109.55352
0.51257008 -0.057815666 -0.85669668 -99.859296 0.02251825 0.99829248 -0.053898614 -9.8938002 0.85835011 0.0083355067 0.51299676 110.11164
0.52381232 -0.055887801 -0.84999832 -100.80885 0.019634793 0.99837246 -0.053543512 -9.9674141 0.85160741 0.011357209 0.52405714 110.68127
0.536127 -0.054890046 -0.84235079 -101.70045 0.020888989 0.99844074 -0.051766209 -10.046748 0.84387887 0.010157405 0.53643764 111.28255
0.54925058 -0.052934234 -0.83397944 -102.61474 0.020300242 0.9985424 -0.050009815 -10.116515 0.83541113 0.010537935 0.54952457 111.84511
0.56054114 -0.051133295 -0.8265464 -103.49407 0.018415568 0.99861476 -0.049289163 -10.186906 0.82792183 0.012407283 0.56070631 112.45007
0.57206124 -0.051552055 -0.81858919 -104.36416 0.018800326 0.99858478 -0.049749203 -10.261106 0.81999545 0.013069847 0.57222084 113.05398
0.58356148 -0.052978136 -0.81033898 -105.22401 0.020142095 0.99850699 -0.05077491 -10.338051 0.81181916 0.013308357 0.58375731 113.66704
0.59466807 -0.054888666 -0.80209542 -106.09969 0.022536331 0.99841276 -0.051614693 -10.414353 0.80365543 0.012617321 0.59496118 114.27791
0.60448973 -0.054786378 -0.79472672 -106.91033 0.023040574 0.99841731 -0.051303017 -10.488801 0.79627969 0.012701187 0.60479533 114.90482
0.61501023 -0.053270749 -0.7867176 -107.71687 0.022720107 0.99849827 -0.049849721 -10.561442 0.78819177 0.01278378 0.61529697 115.5269
0.62430086 -0.051236286 -0.77950191 -108.53277 0.023412949 0.99862574 -0.046887827 -10.625982 0.7808331 0.011021671 0.6246425 116.14636
0.63418356 -0.049249474 -0.77161237 -109.29493 0.021819735 0.9987118 -0.045810973 -10.695744 0.7728746 0.012216189 0.63444122 116.80413
0.64477039 -0.047609246 -0.76289217 -110.08385 0.018605929 0.99874022 -0.046602545 -10.76491 0.76414987 0.015853623 0.64484393 117.44385
0.65405916 -0.047523343 -0.75494907 -110.83953 0.017453631 0.99870698 -0.047746516 -10.830488 0.75624205 0.018052444 0.65404291 118.08486
0.66270877 -0.046336677 -0.74744228 -111.5526 0.016087868 0.99873447 -0.047651127 -10.893358 0.74870443 0.019554067 0.66261555 118.72414
0.67299306 -0.045377393 -0.7382555 -112.28927 0.017488706 0.99881351 -0.045450086 -10.962309 0.73944204 0.017676459 0.67298816 119.37814
0.68173575 -0.044513815 -0.730243 -113.03835 0.018570231 0.99887853 -0.043552495 -11.024851 0.73136281 0.016130512 0.68179784 120.04258
0.68918823 -0.043269867 -0.72328919 -113.67675 0.017837062 0.99892599 -0.042763396 -11.083959 0.7243628 0.016570675 0.68921984 120.70036
0.6975574 -0.042038858 -0.7152946 -114.40425 0.016413413 0.99895296 -0.042703445 -11.147891 0.71634092 0.018047678 0.69751703 121.38493
0.70423327 -0.040270241 -0.70882563 -115.0663 0.014883279 0.99900804 -0.041969411 -11.208647 0.70981268 0.019006605 0.70413405 122.02033
0.71082152 -0.038940287 -0.70229366 -115.71799 0.015782258 0.99909795 -0.039423385 -11.262013 0.70319537 0.01693921 0.71079489 122.69567
0.71829985 -0.036319012 -0.69478502 -116.38677 0.014831997 0.99920895 -0.036898408 -11.319783 0.69557558 0.016199071 0.71827032 123.36993
0.72578915 -0.034872045 -0.68703276 -117.02571 0.013902165 0.99925389 -0.036033196 -11.377052 0.68777677 0.01660126 0.72573243 124.02048
0.73339205 -0.033251749 -0.67899218 -117.62633 0.012725682 0.99929952 -0.035192663 -11.426547 0.67968684 0.017169381 0.73330148 124.68456
0.74102641 -0.03056878 -0.67077967 -118.24351 0.010382844 0.99936542 -0.034072917 -11.475083 0.67139563 0.01828433 0.74087356 125.35423
0.75034902 -0.027509839 -0.66046917 -118.84044 0.0089589468 0.99946513 -0.031451564 -11.524593 0.66098118 0.017682542 0.75019414 126.01209
0.7589376 -0.024374163 -0.65070699 -119.40587 0.0074651352 0.9995592 -0.028734664 -11.563478 0.6511206 0.016950201 0.75878501 126.66124
0.76880715 -0.021814869 -0.63910848 -119.96597 0.0057644717 0.99961378 -0.027185802 -11.616482 0.63945475 0.017216516 0.76863597 127.33057
0.7789678 -0.021548661 -0.62669353 -120.50657 0.0047726243 0.99958416 -0.02843811 -11.651187 0.62704578 0.019161399 0.77874672 128.01049
0.78854649 -0.021747596 -0.61459047 -121.01908 0.0043216471 0.99954581 -0.029824575 -11.700703 0.61495999 0.02086202 0.78828232 128.67667
0.79752987 -0.021382085 -0.6029004 -121.53899 0.0043444478 0.99954934 -0.029702456 -11.743742 0.60326385 0.021069326 0.79726335 129.3658
0.8081322 -0.01984025 -0.58866687 -122.03745 0.0039890754 0.99959395 -0.028213739 -11.779419 0.58898766 0.020452194 0.80788321 130.03417
0.81759623 -0.017900011 -0.57551366 -122.4978 0.003581181 0.99965541 -0.026004392 -11.810605 0.57578087 0.019200074 0.8173786 130.71798
0.82721922 -0.016400746 -0.56163988 -122.98644 0.0039309231 0.99971837 -0.023403595 -11.852339 0.56186558 0.017152141 0.82705072 131.43447
0.83577867 -0.015266759 -0.54885419 -123.44205 0.004803788 0.99977843 -0.020494465 -11.88502 0.54904551 0.014492258 0.83566682 132.1453
0.84416735 -0.014667737 -0.53587901 -123.90822 0.0056196459 0.99981281 -0.018513638 -11.918082 0.5360503 0.012617158 0.84409177 132.8311
0.85120267 -0.014798123 -0.52462844 -124.35259 0.006885332 0.99983126 -0.017030746 -11.948673 0.52479198 0.010884375 0.85116093 133.54585
0.85768864 -0.014809187 -0.51395609 -124.78873 0.0071381841 0.99983175 -0.016897078 -11.978847 0.51411989 0.010823719 0.85765005 134.28114
0.86404897 -0.013831041 -0.5032177 -125.1981 0.0062855009 0.99984098 -0.016688328 -12.004892 0.50336854 0.011256557 0.86399851 135.03068
0.87047422 -0.012319492 -0.4920598 -125.61086 0.005263538 0.99986255 -0.015721718 -12.03426 0.49218589 0.011095374 0.87041942 135.74968
0.87599582 -0.011180924 -0.48218906 -126.02385 0.0043456228 0.99987365 -0.015290195 -12.05676 0.48229913 0.011298735 0.87593373 136.50834
0.88232832 -0.011808493 -0.47048621 -126.43485 0.0051398035 0.99986734 -0.015456208 -12.083674 0.47060634 0.011219244 0.88227196 137.2389
0.88704778 -0.012993751 -0.46149473 -126.8296 0.0060955882 0.99984636 -0.016435023 -12.115766 0.46163741 0.011765569 0.88699069 137.97815
0.89125876 -0.013432672 -0.45329612 -127.22039 0.0065382813 0.99983794 -0.016773129 -12.146127 0.45344801 0.011985421 0.89120215 138.77916
0.89478164 -0.012686774 -0.44632371 -127.59906 0.0061796037 0.99985238 -0.016032099 -12.172102 0.44646126 0.011587124 0.89472795 139.57276
0.89769271 -0.011147217 -0.440481 -127.98898 0.0059888423 0.99989627 -0.013099136 -12.198085 0.44058137 0.0091210272 0.89766635 140.34643
0.90108965 -0.007233502 -0.43357248 -128.39464 0.0036705594 0.99995227 -0.0090542045 -12.223131 0.43361732 0.0065671962 0.9010732 141.15727
0.90417899 -0.0045601391 -0.42712942 -128.79906 0.002095543 0.99997834 -0.0062400162 -12.239442 0.42714866 0.0047470232 0.90416896 141.932
0.90716319 -0.0018949201 -0.42077468 -129.17452 0.0002878614 0.99999242 -0.0038827634 -12.258852 0.42077889 0.003401175 0.90715686 142.78428
0.91065447 -0.00014326654 -0.41316873 -129.57829 -0.00069255142 0.99999801 -0.0018731847 -12.26747 0.41316821 0.0019919643 0.91065256 143.62879
0.91360479 0.0010022106 -0.40660209 -129.95872 -0.00079249793 0.99999945 0.00068415808 -12.280437 0.40660259 -0.00030281912 0.91360509 144.48209
0.91729999 0.0012932048 -0.39819474 -130.35717 -0.00012036837 0.99999558 0.0029703684 -12.296956 0.39819685 -0.0026767892 0.91729609 145.38999
0.9202523 0.0011727509 -0.39132379 -130.72122 0.00038196479 0.99999234 0.0038951011 -12.309869 0.39132539 -0.003733948 0.92024481 146.26083
0.92372063 0.00031562015 -0.38306669 -131.10098 0.0012081538 0.99999229 0.003737245 -12.305854 0.38306495 -0.0039149742 0.92371312 147.13462
0.92777835 -0.0025518169 -0.37312305 -131.45979 0.0040155951 0.99998699 0.003145874 -12.330092 0.3731102 -0.0044169853 0.92777652 148.05891
0.93144971 -0.0038096918 -0.36385012 -131.84436 0.0048922694 0.99998592 0.0020537695 -12.335243 0.36383721 -0.0036930362 0.93145524 148.99782
0.93590313 -0.0048665926 -0.35222384 -132.21555 0.0053439569 0.99998565 0.00038300302 -12.354351 0.35221696 -0.0022407231 0.9359157 149.9393
0.94069808 -0.0031928441 -0.33922989 -132.56776 0.0031138045 0.99999485 -0.00077728421 -12.364057 0.33923065 -0.00032510605 0.94070318 150.88634
0.946499 0.00038756566 -0.32270651 -132.90756 -0.00023472239 0.99999984 0.00051254324 -12.378038 0.32270668 -0.00040937549 0.94649894 151.87053
0.95233984 0.0039165112 -0.30501392 -133.22105 -0.0031125289 0.99999028 0.0031221132 -12.38409 0.30502321 -0.0020239485 0.95234277 152.8777
0.95872447 0.0068235446 -0.28425486 -133.54256 -0.0056849384 0.99997217 0.0048304026 -12.395628 0.28427994 -0.003015054 0.95873658 153.91153
0.96497085 0.0089837901 -0.26220327 -133.8258 -0.0076357705 0.99995188 0.0061595811 -12.408805 0.26224601 -0.0039416925 0.96499301 154.93813
0.9703325 0.010097275 -0.2415634 -134.1031 -0.0086267467 0.99993727 0.0071444172 -12.406244 0.2416204 -0.0048485543 0.97035874 155.9731
0.97555657 0.010872893 -0.21947929 -134.35441 -0.0089689217 0.99991303 0.0096695098 -12.426307 0.21956536 -0.0074646616 0.97556924 157.05811
0.98040645 0.012443197 -0.19659185 -134.57085 -0.010069764 0.99986391 0.0130679 -12.417552 0.19672772 -0.010832221 0.98039832 158.14435
0.9843917 0.014672745 -0.17537872 -134.78119 -0.011842145 0.99978236 0.017175645 -12.429296 0.17559258 -0.014830703 0.98435121 159.26154
0.98821132 0.016372241 -0.15221805 -134.9756 -0.013407826 0.99970034 0.020480948 -12.417488 0.15250777 -0.018198592 0.9881347 160.39832
0.99136689 0.017922609 -0.12988638 -135.13647 -0.01537274 0.99966945 0.020607708 -12.409285 0.1302128 -0.01843309 0.99131471 161.52358
0.99398595 0.01754186 -0.10809358 -135.26531 -0.015633577 0.99970707 0.018476276 -12.404896 0.10838604 -0.01667527 0.99396902 162.65991
0.99606169 0.017865077 -0.086844386 -135.37331 -0.016428332 0.99971657 0.017230614 -12.399753 0.087127605 -0.015736047 0.99607287 163.83565
0.99762593 0.016561142 -0.066844822 -135.46107 -0.015299637 0.99969589 0.019340184 -12.39874 0.067144795 -0.018271568 0.99757593 164.99791
0.99874909 0.016794393 -0.047097898 -135.52403 -0.015809498 0.9996501 0.021206808 -12.386001 0.047437578 -0.020435686 0.99866514 166.17957
0.99950801 0.017127276 -0.026275212 -135.56027 -0.016551143 0.99962118 0.021989888 -12.378812 0.026641888 -0.021544185 0.99941286 167.4173
0.99981654 0.018335999 -0.0055380386 -135.59105 -0.018207355 0.99958218 0.022449117 -12.370345 0.0059473521 -0.022344166 0.99973265 168.62587
0.99972274 0.018880239 0.01407029 -135.57708 -0.019197554 0.99955642 0.022768932 -12.363442 -0.013634167 -0.023032735 0.99964174 169.86407
0.9991534 0.020882728 0.035445568 -135.55794 -0.021688311 0.99951163 0.02249699 -12.348874 -0.034958462 -0.023246699 0.99911836 171.08701
0.99820402 0.021895337 0.055761379 -135.49879 -0.023110666 0.99950717 0.021244316 -12.332601 -0.055268751 -0.022494845 0.99821809 172.33717
0.99691306 0.022222529 0.075302744 -135.42935 -0.023718236 0.99953761 0.019026726 -12.334591 -0.074845109 -0.020754041 0.99697918 173.63161
0.99528551 0.023943865 0.093986367 -135.33368 -0.025623459 0.99953209 0.01670449 -12.324304 -0.093542428 -0.019033993 0.99543333 174.87965
0.99338101 0.024660404 0.11218752 -135.18273 -0.026448484 0.99954533 0.01447779 -12.322489 -0.1117795 -0.017349151 0.99358158 176.17471
0.99079011 0.024602111 0.13315291 -135.01886 -0.026393631 0.99958309 0.011706041 -12.327514 -0.13280941 -0.015112618 0.99102637 177.50123
0.98829956 0.025508925 0.15037709 -134.85759 -0.026782586 0.99962047 0.0064502673 -12.323511 -0.15015549 -0.010402284 0.98860767 178.76891
0.98514977 0.027286576 0.16951513 -134.62667 -0.027707019 0.99961608 0.00011480374 -12.347841 -0.16944693 -0.0048098576 0.98552758 180.07781
0.98215286 0.029779051 0.18571203 -134.4213 -0.029273534 0.9995565 -0.0054641601 -12.358611 -0.1857924 -6.980684e-05 0.98258902 181.35589
0.9788274 0.031790261 0.20220361 -134.16342 -0.030552236 0.99949045 -0.0092416697 -12.394284 -0.20239439 0.0028682274 0.9792999 182.67344
0.97481558 0.033940228 0.22041471 -133.86739 -0.032021962 0.99941183 -0.012271233 -12.419868 -0.22070157 0.0049040779 0.97532906 184.00899
0.97049726 0.033393795 0.23878844 -133.55539 -0.031334395 0.99943183 -0.012416345 -12.455045 -0.23906742 0.0045677375 0.97099223 185.34855
0.96651019 0.032326705 0.25458404 -133.21841 -0.030106204 0.9994671 -0.012614799 -12.48839 -0.25485618 0.0045277731 0.96696837 186.68674
0.96139719 0.031840646 0.27331594 -132.84849 -0.028111711 0.99945072 -0.017549791 -12.541147 -0.27372464 0.0091889415 0.96176421 188.02474
0.95697783 0.033591349 0.28821009 -132.45394 -0.028410412 0.99935109 -0.022141552 -12.595309 -0.28876685 0.013000807 0.95731118 189.36133
0.95168865 0.035575377 0.30499689 -132.06524 -0.030121253 0.99929138 -0.022571098 -12.628005 -0.30558376 0.01229377 0.95208583 190.69038
0.94629622 0.037477645 0.32112128 -131.6179 -0.031906285 0.9992354 -0.022596431 -12.688015 -0.32172264 0.01113713 0.94676846 192.06712
0.94003034 0.041416788 0.33856697 -131.16452 -0.0346199 0.99905988 -0.026092612 -12.729002 -0.33932938 0.012806693 0.94058044 193.41079
0.93313924 0.042793193 0.35695924 -130.6637 -0.034492148 0.99896678 -0.029591624 -12.798005 -0.35785677 0.015300815 0.93365113 194.77199
0.92683865 0.043147563 0.37297237 -130.15747 -0.033468702 0.99891477 -0.032390211 -12.847887 -0.3739652 0.017537599 0.92727691 196.09657
0.91967877 0.043313026 0.39027545 -129.61173 -0.031317629 0.99882254 -0.037050421 -12.926695 -0.39142071 0.021851985 0.91995235 197.43087
0.91147842 0.046678678 0.4086908 -129.04757 -0.031862695 0.99856729 -0.042990063 -13.013108 -0.41011202 0.026162525 0.91165984 198.75607
0.90108951 0.050450291 0.43068835 -128.42868 -0.033423988 0.99833489 -0.047013768 -13.098897 -0.4323431 0.027968292 0.90127534 200.1035
0.88949484 0.053346167 0.45382057 -127.77784 -0.03513752 0.99820649 -0.048468162 -13.185161 -0.45559226 0.027166051 0.88977397 201.4158
0.87621797 0.05752379 0.4784695 -127.10962 -0.037682799 0.99798878 -0.05097452 -13.273777 -0.48043948 0.026634721 0.87662336 202.73509
0.86191603 0.061950624 0.50325228 -126.37658 -0.040092957 0.99772737 -0.054153898 -13.375904 -0.50546349 0.026499241 0.862441 204.03199
0.84695983 0.065783245 0.5275714 -125.62531 -0.041656355 0.997476 -0.057501127 -13.489968 -0.53002247 0.026724444 0.84756239 205.31381
0.83203798 0.06741171 0.55060734 -124.82834 -0.041230053 0.99735828 -0.05980425 -13.5911 -0.55318434 0.027057838 0.83261935 206.5564
0.81607083 0.068182125 0.573916 -123.99049 -0.039878564 0.99729309 -0.061775298 -13.69655 -0.57657448 0.027526074 0.81658081 207.81522
0.80006973 0.070492906 0.59575091 -123.12512 -0.038242248 0.99704537 -0.066618717 -13.822853 -0.59868689 0.030516766 0.80040163 209.0283
0.78493025 0.073109986 0.61525556 -122.22314 -0.036709619 0.99675695 -0.071609913 -13.951911 -0.61849571 0.03362299 0.78506852 210.20113
0.76736333 0.074857667 0.63682793 -121.26695 -0.034690581 0.99655419 -0.075341298 -14.082432 -0.64027347 0.03572222 0.767316 211.38463
0.75174558 0.076562092 0.65499374 -120.28521 -0.032831179 0.99635106 -0.078782476 -14.225751 -0.65863551 0.037720162 0.75151613 212.56052
0.73516441 0.077307855 0.67346622 -119.30299 -0.03116799 0.99628005 -0.080340595 -14.369248 -0.67717198 0.038072959 0.73483916 213.68018
0.71940802 0.077364365 0.69026576 -118.28162 -0.028596336 0.99623405 -0.081853373 -14.506308 -0.69399885 0.039146903 0.71891109 214.8015
0.70537621 0.078397587 0.70448433 -117.19782 -0.026318781 0.99607627 -0.0844949 -14.66716 -0.70834438 0.041059525 0.70467183 215.91112
0.68975891 0.079304209 0.71968288 -116.14555 -0.023341241 0.99590235 -0.087371007 -14.808322 -0.72366282 0.04346664 0.68878358 216.96614
0.67575431 0.081600826 0.73259632 -115.02312 -0.020950073 0.99557836 -0.091568728 -14.977503 -0.73682918 0.046530018 0.67447591 217.99029
0.65982077 0.084341439 0.74667465 -113.90808 -0.01997607 0.99529851 -0.094772578 -15.137434 -0.75115748 0.047617292 0.65840344 219.0613
0.64384176 0.084601235 0.7604672 -112.74282 -0.018188358 0.99528003 -0.095324945 -15.308083 -0.76494249 0.047542532 0.6423416 220.06945
0.62764364 0.086306211 0.77370192 -111.5691 -0.019318532 0.99525644 -0.09534894 -15.483655 -0.77826108 0.044898371 0.62633368 221.02653
0.61116031 0.086894578 0.78672254 -110.38145 -0.020839426 0.99537747 -0.093751826 -15.649394 -0.79123249 0.04090255 0.61014604 221.98915
0.59251165 0.088128692 0.80072668 -109.18732 -0.023421092 0.99546219 -0.092230609 -15.818002 -0.80522137 0.035893819 0.59188702 222.9247
0.57451931 0.089320114 0.81360274 -107.98466 -0.025157117 0.99548511 -0.091523282 -15.979496 -0.81810436 0.032113995 0.57417246 223.78097
0.5562907 0.092452195 0.82582879 -106.76302 -0.026439006 0.99525781 -0.093610196 -16.155963 -0.83056709 0.03024039 0.55609701 224.64821
0.53810956 0.096368777 0.83734766 -105.53473 -0.029233255 0.99497857 -0.095723887 -16.334657 -0.84236784 0.027031542 0.53822465 225.45818
0.51904868 0.096439388 0.84928667 -104.31405 -0.029090342 0.99503202 -0.09521046 -16.509009 -0.85424954 0.024712825 0.51927551 226.25619
0.49683482 0.095183333 0.86260955 -103.05024 -0.02889921 0.99523052 -0.093172192 -16.676566 -0.86736386 0.021362456 0.4972159 227.02804
0.47663527 0.093291327 0.874137 -101.81718 -0.028812507 0.99547678 -0.090530766 -16.833989 -0.87862889 0.017964078 0.47716729 227.73533
0.4551146 0.091982464 0.88566916 -100.54579 -0.02909451 0.99565521 -0.088454567 -17.002979 -0.88995746 0.014488855 0.4558134 228.39379
0.4338652 0.091251712 0.89634482 -99.289479 -0.028531567 0.99575046 -0.087561256 -17.159223 -0.90052596 0.012415661 0.43462503 229.04786
