1.000000000000000000e+00 -3.306050084167601550e-19 -2.270457535318767223e-19 -8.673617379884035472e-19 7.546676715296109287e-19 1.000000000000000000e+00 6.237773588823049983e-19 1.387778780781445676e-17 -3.447385680526250622e-20 4.770700176052009879e-20 1.000000000000000222e+00 5.551115123125782702e-17
-9.241881308443694598e-01 -1.834576153757814382e-02 -3.818188714969804054e-01 3.565455183643480908e+00 -1.557426323119478345e-02 9.998253577187328212e-01 -1.032494391202670378e-02 -1.800424470038903824e-01 3.819415246299299183e-01 -3.585779383176463091e-03 -9.243124778814434395e-01 5.790913930624888017e-01
-9.989904326644047927e-01 -2.277257348897320649e-02 4.591013367613926144e-02 -8.114028461542247550e-01 -2.306918780865913760e-02 9.997152798903414794e-01 -6.096469338524851574e-03 -8.553918715551100949e-02 -4.575839178684109471e-02 -7.137438231402351563e-03 -9.992313336417998348e-01 1.824272882538066964e+00
-7.321854335141084746e-01 -2.150566697433195160e-02 6.810749389389887387e-01 -5.831412274761196279e+00 -3.078163053744255653e-02 9.995258286414275828e-01 -1.479504590495414260e-03 -1.106080711400719979e-01 -6.807205365495222482e-01 -2.200256307197749617e-02 -7.325004669771419952e-01 2.233695054403652236e+00
-2.743458383538959766e-01 -9.570955603471226897e-03 9.614221750667143462e-01 -8.944462061758867932e+00 -2.761943744895594549e-02 9.996164119575861040e-01 2.057754667602849918e-03 -2.442549579504451063e-01 -9.610730689744771960e-01 -2.598621768732082768e-02 -2.745048446531896946e-01 -1.510388408703760565e-01
-5.672649372606436424e-01 -1.473723976095355111e-02 8.235089179886198041e-01 -9.413561269714257662e+00 -2.190526135067411354e-02 9.997562345288110164e-01 2.806690980493708066e-03 -1.680238174621374592e-01 -8.233495781986258644e-01 -1.644210365924190717e-02 -5.674493260615023349e-01 -3.166702270264053265e+00
-7.865777563889937429e-01 -1.964692450021318301e-02 6.169299917882964390e-01 -9.904562538731543242e+00 -1.948595217881908884e-02 9.997858092123307339e-01 7.007111766791460951e-03 -2.178114900744138049e-01 -6.169357064198806029e-01 -6.492871361170267190e-03 -7.867920133564793028e-01 -5.603181137394480871e+00
-9.370900595921389797e-01 -2.139963597891033145e-02 3.485824806808949239e-01 -1.007160551147784133e+01 -2.106115523308846674e-02 9.997668961780972197e-01 4.785304648341695208e-03 -1.782461865248547161e-01 -3.486037673814425530e-01 -2.849108154417465295e-03 -9.373221889495446657e-01 -6.877279371781858330e+00
-8.706810452681787993e-01 -1.831569435660112752e-02 4.925729671683681810e-01 -9.417834720142131744e+00 -1.897315088844894748e-02 9.998134558792923787e-01 3.691089294500792938e-03 -2.075374381619753406e-01 -4.925486882096089536e-01 -6.129626817624787317e-03 -8.708660808457937552e-01 -7.058938015862223914e+00
-9.680798852938929944e-01 -2.521111778319483007e-02 2.477060725908813155e-01 -1.006334392553485380e+01 -2.346793795881835232e-02 9.996739275619439535e-01 1.010084962977021023e-02 -1.933306915037164564e-01 -2.478801425098275946e-01 3.975190913218291759e-03 -9.683556599285736421e-01 -7.447251922580003125e+00
-9.516081580627711034e-01 -1.930939306933335611e-02 3.058279156493355355e-01 -9.758809581561047608e+00 -1.481587365625335051e-02 9.997449743533199928e-01 1.705586352641423609e-02 -2.315979695799536553e-01 -3.060793770737187391e-01 1.170608388107668464e-02 -9.516514399325167739e-01 -7.044258970914228257e+00
-9.860096116768113372e-01 -1.507185122980931116e-02 1.685574766934884727e-01 -1.008200748923005641e+01 -1.170551970618536296e-02 9.997104736568255268e-01 2.103264065815392894e-02 -2.257447553583845634e-01 -1.688256848771662322e-01 1.875166338665943885e-02 -9.859006596103242481e-01 -7.631195784314389385e+00
-9.838209881440354021e-01 -1.417119398210726043e-02 1.780638571422962224e-01 -9.865346944742277913e+00 -1.032671091217022240e-02 9.996916032936470353e-01 2.259242705031211038e-02 -2.321455090601158289e-01 -1.783292415912843820e-01 2.038635183404112830e-02 -9.836637817870323985e-01 -7.673846866270033651e+00
-9.989547787076931140e-01 -1.512270609949623208e-02 5.957535409885408167e-02 -1.008976734298979139e+01 -1.354612706213039440e-02 9.995475629464040113e-01 2.686607452097204696e-02 -2.262816391824136186e-01 -5.995453519733412451e-02 2.600495752359531162e-02 -9.987079661616236059e-01 -8.061028438196627732e+00
-1.000154415438346156e+00 -1.150978502522339436e-02 3.163958003750871927e-05 -1.014060515571036802e+01 -1.148156644222035790e-02 9.994822627778511270e-01 3.004976892938816813e-02 -2.340323128061352342e-01 -3.771470285253082405e-04 3.005798560927609719e-02 -9.997690409201327455e-01 -8.393442671813435396e+00
-9.983975140846579333e-01 -6.797787238918928492e-03 -5.761752678611030409e-02 -1.023388986519737465e+01 -8.698442319399079040e-03 9.994354824032967155e-01 3.245810559109827548e-02 -2.286994779630759089e-01 5.736404678547699781e-02 3.290274966842273580e-02 -9.978930484463549577e-01 -8.619984273985240364e+00
-9.936009160156136222e-01 -2.592286358972641178e-03 -1.159293979077877373e-01 -1.034012403856822537e+01 -6.501496830610787453e-03 9.994202113127701459e-01 3.342399897771051315e-02 -2.309975166851770401e-01 1.157757338966713262e-01 3.395447900833386407e-02 -9.930417879920112600e-01 -9.007355213808377670e+00
-9.849803755140009720e-01 6.834830287458580449e-04 -1.704710843264940212e-01 -1.043670277915445155e+01 -5.184685015768744458e-03 9.994105639721564405e-01 3.394374201615541625e-02 -2.187936021497752515e-01 1.703936885521967204e-01 3.431422012766686264e-02 -9.843959443976391110e-01 -9.273297098149354767e+00
-9.718553368049498431e-01 2.795064894652660430e-03 -2.304844439178416748e-01 -1.058589098616138635e+01 -5.425392821754094694e-03 9.993726268007452340e-01 3.499688849973899007e-02 -2.175908148252059249e-01 2.304375691221482725e-01 3.529336228005757609e-02 -9.712295840975104788e-01 -9.691026090277750527e+00
-9.603452010128565863e-01 2.857383496537008790e-03 -2.819481632924745740e-01 -1.071088668350740392e+01 -7.532497196575946470e-03 9.993300586153111009e-01 3.581800014332470888e-02 -2.029167437105520722e-01 2.818619352913027121e-01 3.650264806062550327e-02 -9.596807585195078483e-01 -9.986752560599423845e+00
-9.423317245160597322e-01 3.554351939521618788e-03 -3.343615040190071608e-01 -1.089417496744015779e+01 -9.151826528762403712e-03 9.992959981020087534e-01 3.639392246268474684e-02 -1.979286350731781774e-01 3.342552165634404826e-01 3.734433643632657090e-02 -9.416357232472041261e-01 -1.042088582953238429e+01
-9.254230680936622599e-01 3.762014982137486946e-03 -3.780028024949327881e-01 -1.108624856315594620e+01 -1.099284179938991857e-02 9.992604163189851008e-01 3.685252956100355803e-02 -1.821250136927246577e-01 3.778616615480173691e-01 3.826125642578339509e-02 -9.246968710448418838e-01 -1.076443194691626104e+01
-9.080683736583031740e-01 5.874332558887889431e-03 -4.196981360818268780e-01 -1.130386217130170579e+01 -1.129352147472293712e-02 9.991982257841398596e-01 3.841454209647195139e-02 -1.775975665949297011e-01 4.195872392049019850e-01 3.961470204994647915e-02 -9.072741397120489548e-01 -1.117981890029810543e+01
-8.893905333021586701e-01 5.478213135838377011e-03 -4.569321682393211459e-01 -1.153858858637966733e+01 -1.349559910346704791e-02 9.991763593846095803e-01 3.826548383441254197e-02 -1.632724345866835014e-01 4.567655833527504705e-01 4.021177414793815352e-02 -8.885835717871017891e-01 -1.155307763634560203e+01
-8.706889590638996479e-01 6.598983803127249706e-03 -4.935898189542972658e-01 -1.181185801028684068e+01 -1.296267088803422160e-02 9.992600383153873445e-01 3.622282298304671522e-02 -1.512966052197147193e-01 4.934638273142838982e-01 3.790230307122791076e-02 -8.699596385929183606e-01 -1.198683965703465049e+01
-8.506824562337095275e-01 7.691938234953667360e-03 -5.244162116326976930e-01 -1.210814276706028636e+01 -1.126152281347115799e-02 9.993943913644659505e-01 3.292614612500074922e-02 -1.424875902785162074e-01 5.243517887324360416e-01 3.392691484489303994e-02 -8.500802074352913351e-01 -1.239720274510734299e+01
-8.335467854310290026e-01 9.009958884262746562e-03 -5.520928403402239892e-01 -1.243656329797661009e+01 -8.854387962919657226e-03 9.995202144695893853e-01 2.968769322895709051e-02 -1.258039166181893764e-01 5.520953218458323208e-01 2.963316757104361709e-02 -8.330668848300337714e-01 -1.284873431822051870e+01
-8.176000465832896635e-01 9.212282957619482432e-03 -5.751300203399744015e-01 -1.278149263781865663e+01 -7.413232081720701021e-03 9.996197301437668159e-01 2.656408106405868177e-02 -1.131908673954041822e-01 5.751561384663538279e-01 2.598847061422451116e-02 -8.172204820719822793e-01 -1.330459673263651155e+01
-8.049034362551062971e-01 1.029789707158997383e-02 -5.925219381206303648e-01 -1.316031942971057234e+01 -5.543585696298010748e-03 9.996745647923839240e-01 2.490332545120029981e-02 -9.759189912737302464e-02 5.925854736735329809e-01 2.333447099410456554e-02 -8.045842822810217454e-01 -1.378228839344092016e+01
-7.966157574760107662e-01 1.146716791770554730e-02 -6.042379372682920025e-01 -1.354592553150831336e+01 -4.490273462222497611e-03 9.996801013407494718e-01 2.489059546995251240e-02 -8.384862907938357701e-02 6.043301894246673189e-01 2.254400280403128301e-02 -7.963093733142014852e-01 -1.427600757802945530e+01
-7.891494476748462938e-01 1.326351593444819940e-02 -6.148882242725147718e-01 -1.394542928048784169e+01 -3.528065069629431061e-03 9.996534409726665071e-01 2.609058005067155586e-02 -7.450095304302430110e-02 6.150211980759761055e-01 2.274546235931220600e-02 -7.888292649042655258e-01 -1.478414261709320421e+01
-7.816648141860577104e-01 1.412948679767352285e-02 -6.237135132379191260e-01 -1.436895462991591543e+01 -4.316002915397936478e-03 9.995968457274104768e-01 2.806330421246654508e-02 -6.283554987797181079e-02 6.238586568008708255e-01 2.463040268836481916e-02 -7.812886694960647915e-01 -1.533612132446462617e+01
-7.741100381993200052e-01 1.391971399218381797e-02 -6.324644822840597147e-01 -1.480800774180148593e+01 -6.176965255747878143e-03 9.995441663133635135e-01 2.955199504942089897e-02 -4.304520475989835615e-02 6.325875262735197735e-01 2.678868335488555213e-02 -7.736711538518060705e-01 -1.586739945676453978e+01
-7.683621358053764894e-01 1.560070282987408539e-02 -6.396611338142348391e-01 -1.527044203821274948e+01 -6.187407038471290192e-03 9.994748542779801070e-01 3.181224667991295468e-02 -2.914444652191544582e-02 6.398215275693772686e-01 2.840092963282643893e-02 -7.678619026042259321e-01 -1.643688973632874095e+01
-7.606616639345392672e-01 1.613880170620278845e-02 -6.486584707015976559e-01 -1.576112051616289200e+01 -7.443186095659967000e-03 9.994080316816115195e-01 3.359563481390263895e-02 -1.168077171411525950e-02 6.488167389733480173e-01 3.037895503481194762e-02 -7.600910890643636231e-01 -1.700046750546065155e+01
-7.538398431653570153e-01 1.808288420346784026e-02 -6.564923097799787444e-01 -1.626749384003679211e+01 -6.812894421367141594e-03 9.993518149868760858e-01 3.534900632201823378e-02 5.740263723375868543e-03 6.567061392893444038e-01 3.112615274528882092e-02 -7.532277930876934979e-01 -1.759426015669982135e+01
-7.469320120748456082e-01 1.886534143120245643e-02 -6.649836279853956755e-01 -1.679520533372715718e+01 -7.705831632354937302e-03 9.992859319301796717e-01 3.699391427900006885e-02 2.054218197084627107e-02 6.652066808705785483e-01 3.274489609688054081e-02 -7.462536824857967099e-01 -1.817897128019075836e+01
-7.390957033120384434e-01 2.065987402026847608e-02 -6.726087131946882902e-01 -1.733006788387260144e+01 -8.317006852017000407e-03 9.991720323958860339e-01 3.982648697591441300e-02 3.929249034392603979e-02 6.728746667276093163e-01 3.504105144075966849e-02 -7.383113950208899379e-01 -1.877490119167131155e+01
-7.321167082562998196e-01 2.206753776800718728e-02 -6.808427932864075105e-01 -1.788453802780178847e+01 -1.009339784145936621e-02 9.990142595323582286e-01 4.323798347409239101e-02 6.551182662448393201e-02 6.811257678134970961e-01 3.850959181616339655e-02 -7.311723153370326411e-01 -1.935964653515627276e+01
-7.231572965838214406e-01 2.543088384772211261e-02 -6.902281331349692239e-01 -1.843991894617796135e+01 -1.033655832277401675e-02 9.988114922188536804e-01 4.763159197696213709e-02 8.067562954282204990e-02 6.906192621189769509e-01 4.157932369790174471e-02 -7.220349300786969016e-01 -1.995639636991053933e+01
-7.129065558229109589e-01 2.625489643529513306e-02 -7.008070397280560249e-01 -1.902374599303801972e+01 -1.153008605586995465e-02 9.987250522878170500e-01 4.915156136514309965e-02 1.082211910830002261e-01 7.012039694229041942e-01 4.310997835942993739e-02 -7.116949350826126119e-01 -2.054195306248464448e+01
-7.035287625788492205e-01 2.764964081120717052e-02 -7.104440581094613183e-01 -1.961460179686251948e+01 -1.114453969841099415e-02 9.986915256717895373e-01 4.991410020828603716e-02 1.286225913551582445e-01 7.108946212625794070e-01 4.302118938003424153e-02 -7.023004550675800983e-01 -2.112739674377374044e+01
-6.930328235758992372e-01 2.690686175173815503e-02 -7.201720468153423038e-01 -2.021957816982788003e+01 -1.146187411712351091e-02 9.987648380065866638e-01 4.833750926996716740e-02 1.504139894806233446e-01 7.205834053564201813e-01 4.177539047558291585e-02 -6.918681290280080942e-01 -2.169061738572076692e+01
-6.812114956765431550e-01 2.617016995843176805e-02 -7.320777161389967480e-01 -2.082032513665058104e+01 -1.240508640389815544e-02 9.988061698338885908e-01 4.724568292208290721e-02 1.764725901374468997e-01 7.324403713032713314e-01 4.126237628630485821e-02 -6.800740032665373302e-01 -2.227208246743150255e+01
-6.660375797992014180e-01 2.431101470262274702e-02 -7.461018090771401878e-01 -2.145125123174102200e+01 -1.510530550850064033e-02 9.988265535980862531e-01 4.602226339940524574e-02 1.953318257457200002e-01 7.463449353272850750e-01 4.189786168949051481e-02 -6.648896632100480542e-01 -2.282471151305183454e+01
-6.465323812375276535e-01 2.130051646437495019e-02 -7.626947550215171789e-01 -2.208277078268113058e+01 -1.910292196079779389e-02 9.988449209100352943e-01 4.407281939797368098e-02 2.262164754156490987e-01 7.627530902316105310e-01 4.308881649772648703e-02 -6.453787432667154045e-01 -2.336770576940357458e+01
-6.239247388321387255e-01 1.969435453900248920e-02 -7.817827147614663241e-01 -2.274661057674667930e+01 -2.242990653795970055e-02 9.988205458456127506e-01 4.307147378239609831e-02 2.508750811479814602e-01 7.817090543653156809e-01 4.438255214205624744e-02 -6.227476556157690579e-01 -2.387812236110528730e+01
-5.963357654238373717e-01 1.890775826435255047e-02 -8.027918078761138165e-01 -2.342744665686994310e+01 -2.539818494173082600e-02 9.987788232781609210e-01 4.239053546728279581e-02 2.630305265884710919e-01 8.026127229189387036e-01 4.564149794614012767e-02 -5.951276486708213520e-01 -2.439845305163444777e+01
-5.694271004366883160e-01 1.928821108239281434e-02 -8.218667627713215351e-01 -2.413370118130875142e+01 -2.512920355714624854e-02 9.988488889262917558e-01 4.085756115226243240e-02 2.838287217348928193e-01 8.217089409040155834e-01 4.391539674534110371e-02 -5.682870805618995824e-01 -2.486689325342442558e+01
-5.403626378803595420e-01 1.855549217165866974e-02 -8.410594874189800674e-01 -2.486406704723509620e+01 -2.589215062892788466e-02 9.989160902718861035e-01 3.868710790981856606e-02 2.979309366745530596e-01 8.408655867645834503e-01 4.267604866079190151e-02 -5.392964075993512685e-01 -2.532245858887123902e+01
-5.122410239285611899e-01 1.632334029242049275e-02 -8.584580643419590373e-01 -2.560149667057961764e+01 -2.787530012309185831e-02 9.989753527683934431e-01 3.564493209404347163e-02 3.046757043482944960e-01 8.581606140090001222e-01 4.220531365362824305e-02 -5.112605672812995383e-01 -2.575333014383722485e+01
-4.827889162936455647e-01 1.296400242205713975e-02 -8.756635350320475242e-01 -2.635772381256336061e+01 -2.889733301123667553e-02 9.991100034637637739e-01 3.072170106836774953e-02 3.304065625133403850e-01 8.752826635728445659e-01 4.014160477631790319e-02 -4.819845202450693811e-01 -2.617172778110530018e+01
-4.535769346241980138e-01 1.148804140325306554e-02 -8.914271377331794977e-01 -2.713946687890805975e+01 -2.555267734147452507e-02 9.993382913042436755e-01 2.588338141578175322e-02 3.304739739203969018e-01 8.911349623315450996e-01 3.451063487022180964e-02 -4.529834190293650642e-01 -2.656408839163218616e+01
-4.262528035292246775e-01 1.040657839076069603e-02 -9.044262939886589248e-01 -2.792802532020361994e+01 -1.894498758040658037e-02 9.996111783442318544e-01 2.044434062464519156e-02 3.327928507858667340e-01 9.042876867285156717e-01 2.586363822216724076e-02 -4.258896589088639328e-01 -2.690885588665105388e+01
-3.979238076617713782e-01 8.822054948910479019e-03 -9.176507008365411000e-01 -2.872726158620004711e+01 -1.281066100459326076e-02 9.998029275023223583e-01 1.516386796559567041e-02 3.281059159620925980e-01 9.176037011167706980e-01 1.778328376008345493e-02 -3.977325260314231725e-01 -2.724474608057361280e+01
-3.718145369225803742e-01 7.653170030922066061e-03 -9.284532311867492727e-01 -2.952873674579576857e+01 -5.874304177715734820e-03 9.999265663546922367e-01 1.059202783335385506e-02 3.138238022164514529e-01 9.284664191665227273e-01 9.391679340100810361e-03 -3.717424088705120200e-01 -2.754887052744064846e+01
-3.442418754838514894e-01 7.085980774947890984e-03 -9.386073963754953953e-01 -3.034340412445868651e+01 3.286410554393786113e-03 9.999744219324276928e-01 6.340923604804667331e-03 3.146676571498032149e-01 9.386285079059057956e-01 -9.033506937816218087e-04 -3.442564052342054204e-01 -2.783571997280026977e+01
-3.164817184960806440e-01 1.512489454638691602e-03 -9.485712188504635822e-01 -3.117030069042100493e+01 1.012900073268948632e-02 9.999470442247558877e-01 -1.783901861508923724e-03 2.939943104696050025e-01 9.485185560593029086e-01 -1.017227122797109522e-02 -3.164803623116220765e-01 -2.809777084866707852e+01
-2.947510801197783525e-01 -1.047690076972854212e-02 -9.553567489789480671e-01 -3.197552294769146641e+01 1.517483812643585436e-02 9.997622658330095335e-01 -1.564778091940826482e-02 2.625832751125622977e-01 9.552938713800143145e-01 -1.911771475157433495e-02 -2.945218947605485194e-01 -2.832979061272481403e+01
-2.688613558405314463e-01 -2.809455788124522527e-02 -9.628497219497897941e-01 -3.278296032140335114e+01 1.727645952272896177e-02 9.992735511056310971e-01 -3.396545202281781028e-02 2.328681873875487196e-01 9.631046309776067904e-01 -2.576543258747738402e-02 -2.681810956595394035e-01 -2.854648303405110354e+01
-2.425377469504654548e-01 -4.297059748045902600e-02 -9.693568604709634773e-01 -3.360453323011091697e+01 1.787896847228595196e-02 9.986519802096303078e-01 -4.874528674182039556e-02 1.876851294452585028e-01 9.701441336004809068e-01 -2.912246696729076795e-02 -2.414433993138905277e-01 -2.875878970254654377e+01
-2.191376102183381358e-01 -5.304509466657518491e-02 -9.742589080849967109e-01 -3.442418474093123848e+01 2.209903658808330326e-02 9.979965448257528404e-01 -5.925860848069963022e-02 1.335976538608776576e-01 9.754512242457611393e-01 -3.453655038795952481e-02 -2.175275283717197916e-01 -2.892209113555715305e+01
-1.916279615474411335e-01 -5.599752209443812495e-02 -9.797266004263799344e-01 -3.525346794653562199e+01 2.640020952476910404e-02 9.977141510080507203e-01 -6.219024483046086543e-02 6.603004947700266691e-02 9.809708929891500784e-01 -3.780976181487979287e-02 -1.897103557108383576e-01 -2.910175455865753946e+01
-1.689718106693924582e-01 -5.411896933803164028e-02 -9.840616893954494682e-01 -3.609332589063384233e+01 2.954300171105203252e-02 9.977632899710084935e-01 -5.994720817721476552e-02 6.280182832037281560e-03 9.851062523295049944e-01 -3.922781106007749291e-02 -1.669939260007584914e-01 -2.922633181642617828e+01
-1.458134662678235716e-01 -4.834614380160753844e-02 -9.881326641723938708e-01 -3.694627928571295428e+01 3.369802170629895149e-02 9.979833482289363067e-01 -5.376590315856114716e-02 -5.882799047309078544e-02 9.887406772029011526e-01 -4.116751446764865124e-02 -1.438905703041606921e-01 -2.935650427340714685e+01
-1.288584207394707914e-01 -4.228411232666776792e-02 -9.907756155763641770e-01 -3.776997676394663728e+01 4.172153619273574060e-02 9.979757042694956670e-01 -4.801148106927127790e-02 -1.160745871992089062e-01 9.907996899898269261e-01 -4.750548540326696850e-02 -1.268343713949005858e-01 -2.944106871700668293e+01
-1.108887980668827461e-01 -4.158210787734616110e-02 -9.929452707854020677e-01 -3.862443707300863593e+01 4.498679899564773932e-02 9.978902593452437797e-01 -4.678439163911512350e-02 -1.830950638430934585e-01 9.927967744702482777e-01 -4.988736157770971846e-02 -1.087842722644029592e-01 -2.955405263223764578e+01
-9.991222385861840694e-02 -4.333398105707012699e-02 -9.940400507900815086e-01 -3.945293757163275217e+01 4.852046718214141074e-02 9.976505220784518402e-01 -4.835482864509730444e-02 -2.453213428587470157e-01 9.938003155289553137e-01 -5.307362773282657542e-02 -9.757504407802582158e-02 -2.960753101382485397e+01
-8.936497799621553884e-02 -4.569072311002849579e-02 -9.949786983943679219e-01 -4.025023077205744926e+01 4.983973936702677104e-02 9.974903283791729525e-01 -5.029175828103626261e-02 -3.035123588077458523e-01 9.947794971903405337e-01 -5.408034626480203583e-02 -8.686318447891226702e-02 -2.968265977415565970e+01
-7.737114075457240947e-02 -4.963870035094525290e-02 -9.957934414101633491e-01 -4.107521451412373636e+01 4.434729742204460839e-02 9.976022680915168639e-01 -5.314619447646575651e-02 -3.629906577496357922e-01 9.960428837202933705e-01 -4.825580153517773641e-02 -7.498629500004173887e-02 -2.974279393217436862e+01
-6.519384112694302791e-02 -4.856773646205853057e-02 -9.967005860108125725e-01 -4.186806141613435273e+01 4.312343353666681089e-02 9.977460535819375753e-01 -5.141849505666861581e-02 -4.120592724508492788e-01 9.969508236714845761e-01 -4.632387435088840960e-02 -6.295390201421569021e-02 -2.979645504485099750e+01
-5.688341450654348097e-02 -4.877543570375205556e-02 -9.971732188505930683e-01 -4.269904075113177555e+01 4.571539934803762334e-02 9.976298237729139817e-01 -5.141799552373474413e-02 -4.672561870875415191e-01 9.973182045937520890e-01 -4.852364538515648029e-02 -5.451760944642407292e-02 -2.983317475953435505e+01
-4.807489942361539703e-02 -5.012728902459586550e-02 -9.975764312095729558e-01 -4.352536418739691726e+01 4.896833559673591935e-02 9.974208574346524747e-01 -5.248767783221273964e-02 -5.266918755094339710e-01 9.976339488368808350e-01 -5.136087704171599100e-02 -4.549641587007630106e-02 -2.986121739855960300e+01
-4.470982743831553724e-02 -5.356239457898998718e-02 -9.975752093893679451e-01 -4.434794941344118513e+01 5.070568688027738552e-02 9.971554038147046883e-01 -5.580007993218510931e-02 -5.726178458067598953e-01 9.977243903451235019e-01 -5.304199638123971439e-02 -4.186917696065758226e-02 -2.989368601133507042e+01
-4.567368475710462811e-02 -5.605190463993432737e-02 -9.973569256860437271e-01 -4.520735563604130647e+01 4.974795193300687174e-02 9.970560068433189649e-01 -5.831245217584627577e-02 -6.301172384318438624e-01 9.976912630769024792e-01 -5.231981619735932149e-02 -4.274876214396874929e-02 -2.993837194406760460e+01
-5.000466182311688601e-02 -5.515285747709742364e-02 -9.972030364614461462e-01 -4.607009695364297386e+01 5.231104909251956675e-02 9.969568733280197437e-01 -5.777723159670546116e-02 -6.870495449161890811e-01 9.973562658622485699e-01 -5.507677593581729314e-02 -4.696534464332102060e-02 -2.998321803502858529e+01
-5.691550003206151398e-02 -5.420521065784311698e-02 -9.969199670597541640e-01 -4.695576779283147317e+01 5.026777927175000299e-02 9.971038253102536553e-01 -5.709186875117976817e-02 -7.478385657679468279e-01 9.971263467686182214e-01 -5.333931660624835480e-02 -5.402669244232707196e-02 -3.003839572411621717e+01
-6.578069606605456421e-02 -5.378730731092800504e-02 -9.963943128220751344e-01 -4.787645631783170330e+01 4.778380193292978972e-02 9.972309705314218453e-01 -5.699701969032468230e-02 -8.119292613854259821e-01 9.967002379127112288e-01 -5.134520294934682982e-02 -6.302864539413148559e-02 -3.009966010678889958e+01
-7.318116293880549961e-02 -5.383757708691873367e-02 -9.958184571923826001e-01 -4.879515830811745758e+01 4.550938492350990738e-02 9.973210327929091790e-01 -5.725137685474702282e-02 -8.744580212660674201e-01 9.962339451034595283e-01 -4.953125515395977174e-02 -7.053442065442713793e-02 -3.017726966822823798e+01
-8.061560928167744999e-02 -5.361300457752841975e-02 -9.953277392088103470e-01 -4.971874939493787338e+01 4.279445993516566016e-02 9.974467846228516343e-01 -5.718459955126058147e-02 -9.383750979309047890e-01 9.958515131453171687e-01 -4.718757398659285257e-02 -7.811656828121850416e-02 -3.026281898303900064e+01
-8.705141516581539618e-02 -5.357873596432989605e-02 -9.947468497377570662e-01 -5.067503945904550733e+01 3.841126310850313808e-02 9.976288584921533253e-01 -5.710114466087654744e-02 -1.003946828008075665e+00 9.954480108098395785e-01 -4.318992134658204696e-02 -8.478636005006603971e-02 -3.035314090799604614e+01
-8.736028861326526618e-02 -5.278136464622821405e-02 -9.947472214993332562e-01 -5.163165853876003553e+01 3.413912938975816047e-02 9.978489891886116459e-01 -5.593673486625321684e-02 -1.068119547917863343e+00 9.955615912896170761e-01 -3.888057496293416404e-02 -8.536936909627369785e-02 -3.045006541530013777e+01
-8.826265259526124007e-02 -5.121885464019620970e-02 -9.947558353244974061e-01 -5.263002581147813430e+01 3.128372012473012997e-02 9.980421646630360799e-01 -5.415483499730161521e-02 -1.135842018008004439e+00 9.955821610929331822e-01 -3.590439145173846686e-02 -8.648759939287088694e-02 -3.053674861951106934e+01
-8.759694690024674713e-02 -5.003256354046910909e-02 -9.948892336705191797e-01 -5.363407779653871899e+01 3.060259816526470639e-02 9.981311499305031143e-01 -5.287549418522408812e-02 -1.208338839095967288e+00 9.956764819466813465e-01 -3.510087996292279161e-02 -8.590184149899865451e-02 -3.063941987849703352e+01
-8.621967613041051082e-02 -4.932024793654091882e-02 -9.950527490798086738e-01 -5.463493551820694449e+01 3.076401737303130837e-02 9.981656683173323330e-01 -5.215269772115623675e-02 -1.272763342195520675e+00 9.957994021257537964e-01 -3.510182065708492005e-02 -8.454392947282186876e-02 -3.073926905736136561e+01
-8.783736530629732142e-02 -4.825186404006667068e-02 -9.950109489527375617e-01 -5.566720415841183467e+01 3.044964570643144200e-02 9.982315989272342316e-01 -5.108079257309589699e-02 -1.333252240929490684e+00 9.957144930746246736e-01 -3.474909964680924362e-02 -8.621475563126324015e-02 -3.082524570324481417e+01
-8.807847248037133092e-02 -4.794366099068650411e-02 -9.949459838398634348e-01 -5.670860676050369165e+01 3.154803927813623621e-02 9.982060779413307605e-01 -5.087724007798483106e-02 -1.404250731215046510e+00 9.956008734161706508e-01 -3.588084837375350028e-02 -8.640815611966219667e-02 -3.092373875909136061e+01
-8.855972738213563344e-02 -4.749929718585021998e-02 -9.949391738265906948e-01 -5.774120489773871157e+01 3.017385442482967139e-02 9.982761969716189565e-01 -5.034997078118543662e-02 -1.472989467092578941e+00 9.956152395683750544e-01 -3.447163103022751751e-02 -8.697399253011889320e-02 -3.102677757729949093e+01
-8.789006990718047085e-02 -4.668650959809209078e-02 -9.949870936305248437e-01 -5.880747685265915692e+01 2.872358426539237813e-02 9.983659871177693601e-01 -4.937651306476603663e-02 -1.540350089116006904e+00 9.956678708815691614e-01 -3.295309819435636445e-02 -8.640444283724818542e-02 -3.112643177444834208e+01
-8.762965876317893588e-02 -4.617626106390038121e-02 -9.951178780809248892e-01 -5.982987914824404641e+01 2.821459946147063594e-02 9.984090217994002758e-01 -4.882355003520278541e-02 -1.613146035267131184e+00 9.957892896706415087e-01 -3.235471532790686749e-02 -8.618705582625268979e-02 -3.123586728317318162e+01
-9.000731964325171808e-02 -4.523007559362415136e-02 -9.949243796122949623e-01 -6.088660506868496469e+01 2.723452529571961447e-02 9.984834265013750043e-01 -4.784818225072984960e-02 -1.686098171068259211e+00 9.955796455218760554e-01 -3.139647158751384531e-02 -8.863943073736522960e-02 -3.133292962615794508e+01
-9.413258094361492967e-02 -4.441154658721731263e-02 -9.945549883782179856e-01 -6.192300429121775807e+01 2.754638553249017657e-02 9.985055368392677932e-01 -4.719145676827818381e-02 -1.753780942736116621e+00 9.951651885099934702e-01 -3.185079670447896194e-02 -9.276828471540451981e-02 -3.141849878279877117e+01
-9.619859806614394770e-02 -4.132725978887354795e-02 -9.945374165211349204e-01 -6.295761832771116673e+01 2.694783137776269807e-02 9.986645847908252049e-01 -4.409475591603155553e-02 -1.825696706493618704e+00 9.950309735265935318e-01 -3.101550773416542756e-02 -9.495769691068584040e-02 -3.153558105124582767e+01
-9.977035985094397097e-02 -3.927722126859874846e-02 -9.942583024834020788e-01 -6.401489639034672052e+01 2.958464026248143822e-02 9.986624095488655373e-01 -4.241035239460178019e-02 -1.886619926026517291e+00 9.945940232304943951e-01 -3.363744310387740272e-02 -9.847546836523798919e-02 -3.162305580981544395e+01
-1.026890935080754380e-01 -3.847667903090755404e-02 -9.939596839615638668e-01 -6.506445913859140262e+01 2.822795701216213732e-02 9.987370381307671963e-01 -4.157175300621383102e-02 -1.956495975529439546e+00 9.943036550005383001e-01 -3.231635532033892699e-02 -1.014737584168278056e-01 -3.174013865081146690e+01
-1.057165358934688271e-01 -3.844241887168160787e-02 -9.936127666912597522e-01 -6.610622416942655377e+01 2.883779252496804224e-02 9.987121084409396055e-01 -4.173358151019131851e-02 -2.021218492820135548e+00 9.939383225753617435e-01 -3.308356971767512783e-02 -1.044703041119924292e-01 -3.184707023854355512e+01
-1.068414833337921338e-01 -3.878444423813054431e-02 -9.935419777756442361e-01 -6.714930113764528130e+01 2.838406632689173537e-02 9.987128504756163094e-01 -4.204956211085899426e-02 -2.088883975083356770e+00 9.938936691711041105e-01 -3.267690263551396163e-02 -1.056032744499257603e-01 -3.197699486333308272e+01
-1.051832872224684051e-01 -3.983620839892972748e-02 -9.936145334300298115e-01 -6.816663786238116529e+01 2.764381592945200014e-02 9.986926360395591562e-01 -4.297923276741657389e-02 -2.160228773259616819e+00 9.940289419817401884e-01 -3.201529184628572333e-02 -1.039432491733833230e-01 -3.209214732982180607e+01
-1.034276422349933999e-01 -4.316679927099618258e-02 -9.937332520553551207e-01 -6.919092987695795216e+01 2.624124787233331896e-02 9.985929521503902340e-01 -4.610024934276052422e-02 -2.223380422275750501e+00 9.943239967203998386e-01 -3.081820270405844636e-02 -1.021505600307913708e-01 -3.220228718449521210e+01
-9.929666562865883950e-02 -4.404682531039710164e-02 -9.941119752870720694e-01 -7.020838356864055640e+01 2.516357649790292722e-02 9.985897496142949192e-01 -4.676574955236457998e-02 -2.296434861282005802e+00 9.947690969437612551e-01 -2.963575564800194698e-02 -9.804870589573118356e-02 -3.230292392685355907e+01
-9.212112462434447757e-02 -4.292341638032470125e-02 -9.948383653269120552e-01 -7.122074350082687033e+01 2.668462608162461627e-02 9.986050772921376550e-01 -4.556785524254385045e-02 -2.351111712886871263e+00 9.954065354010115385e-01 -3.073839400197993579e-02 -9.084702726848965793e-02 -3.241514124087866122e+01
-8.607444413508238967e-02 -3.812080642982369066e-02 -9.955570952671599638e-01 -7.225798880894980414e+01 2.847024102486883992e-02 9.987657302880443844e-01 -4.068087624021390208e-02 -2.430845848137091814e+00 9.958799014801201777e-01 -3.186526778467918541e-02 -8.488310719168493113e-02 -3.250699515665756678e+01
-7.985028565234211784e-02 -3.713371032468279487e-02 -9.961285630248628564e-01 -7.324305642633807167e+01 2.600931006764816214e-02 9.988887659286903586e-01 -3.931243455583394858e-02 -2.492409550126582829e+00 9.964811325629563399e-01 -2.903365368309698824e-02 -7.879651164460374502e-02 -3.260061352278573565e+01
-7.467836242933929836e-02 -3.933794801419828596e-02 -9.964328942291497127e-01 -7.424193587980954590e+01 2.706771391667824392e-02 9.987728724974588301e-01 -4.145853915993331917e-02 -2.549902898810588958e+00 9.968419051572223744e-01 -3.008696999884964002e-02 -7.352126835745655120e-02 -3.267720194245505638e+01
-6.953556139372295275e-02 -4.266977110011388463e-02 -9.966553550818096907e-01 -7.524728149183748371e+01 2.754683266061172531e-02 9.986218800709477650e-01 -4.466213614231589329e-02 -2.615754354916933089e+00 9.971878916511893731e-01 -3.056900892672407763e-02 -6.826452768401104765e-02 -3.275467296685135210e+01
-6.337177108704938888e-02 -4.327399300932617543e-02 -9.970486839927406031e-01 -7.623950584182922796e+01 2.630187150059557985e-02 9.986395115538102552e-01 -4.501966654589897171e-02 -2.678737397258265318e+00 9.976407157930663461e-01 -2.908674330827125398e-02 -6.214689982788489109e-02 -3.284168530515400164e+01
-5.975101220462847307e-02 -4.465465047918969199e-02 -9.972292094942764029e-01 -7.724256610374162335e+01 2.526140809047316971e-02 9.986119486313298488e-01 -4.622294471319325637e-02 -2.746762103443152636e+00 9.979086502940505143e-01 -2.794414748265469650e-02 -5.854050289946995805e-02 -3.289799622963920456e+01
-5.549286207106717689e-02 -4.397095002643999773e-02 -9.974891994089823966e-01 -7.823251760291093149e+01 2.546537332027295000e-02 9.986424057445543179e-01 -4.543927004788243101e-02 -2.811105424171488121e+00 9.981331471372627551e-01 -2.792265649695534202e-02 -5.429777067968406118e-02 -3.296341103410569673e+01
-5.252783103549530513e-02 -3.443091751173741472e-02 -9.980288565332806616e-01 -7.920954932110457491e+01 2.658434379986410537e-02 9.990032287682761858e-01 -3.586450633163781182e-02 -2.878680826906128587e+00 9.982687368411775619e-01 -2.840840612126929732e-02 -5.156041675500721427e-02 -3.301156078837580310e+01
-5.179731545914088159e-02 -2.385966773657644674e-02 -9.984040865410512833e-01 -8.020223365834641527e+01 2.637414924987324313e-02 9.993335613721011645e-01 -2.524310524866228700e-02 -2.932164593814270859e+00 9.983408642710237535e-01 -2.763172147099610468e-02 -5.113377887075255812e-02 -3.305288370460502989e+01
-4.769740809083253263e-02 -2.133191901943170404e-02 -9.986113676493667546e-01 -8.117309894608013110e+01 2.587842653604275137e-02 9.994093677953377330e-01 -2.258228810366454120e-02 -2.977050519113811688e+00 9.985038903020626577e-01 -2.694354434819917765e-02 -4.711670385275952555e-02 -3.310889047224064541e+01
-4.855723309983683150e-02 -2.758555024368198813e-02 -9.984404626728483612e-01 -8.215547874391305072e+01 2.706057550874175002e-02 9.992149515208044175e-01 -2.891528766431717551e-02 -3.020783937792557605e+00 9.984548327164964876e-01 -2.843976583306138603e-02 -4.777241179440926827e-02 -3.315574809083043561e+01
-4.825796779036818640e-02 -3.324433044768669576e-02 -9.982871915185239642e-01 -8.311712313247387840e+01 2.757065144034160850e-02 9.990208061400770445e-01 -3.457910535068210028e-02 -3.069297416929785971e+00 9.984601028112939369e-01 -2.921247208524766631e-02 -4.729422576821721430e-02 -3.319093688970706779e+01
-4.596933956810918265e-02 -3.466047014626398581e-02 -9.983562258136090550e-01 -8.408490529315645290e+01 3.325185341616129775e-02 9.987907645595083261e-01 -3.622557812747160405e-02 -3.122575264551582741e+00 9.984042246553518352e-01 -3.484605507944746328e-02 -4.476105684092637066e-02 -3.323292810782005091e+01
-4.736318847589487263e-02 -3.220823090271266592e-02 -9.983471103743191133e-01 -8.505732898198823477e+01 3.654992486530964091e-02 9.987541559675849889e-01 -3.396180582416409577e-02 -3.178954675276168373e+00 9.981975460046021986e-01 -3.810845305295279539e-02 -4.612652656776080468e-02 -3.326754083203662304e+01
-4.832256329806646628e-02 -2.931501288504840749e-02 -9.984076947387930945e-01 -8.603265038469247372e+01 3.554459529961789127e-02 9.988863791052344787e-01 -3.102874067952948386e-02 -3.235616068574163506e+00 9.982055735085795245e-01 -3.698465829700104540e-02 -4.722753298765841601e-02 -3.331554525232307640e+01
-4.803772327261177089e-02 -2.455337646355723255e-02 -9.985404127350618886e-01 -8.699669918657217238e+01 3.358985046373395150e-02 9.990927577602634058e-01 -2.616617664839568369e-02 -3.272509089226130374e+00 9.982774015761034514e-01 -3.480922972464572940e-02 -4.716955819647187381e-02 -3.337026482491076962e+01
-5.000030072420000998e-02 -1.867092056089229499e-02 -9.985688582850179573e-01 -8.796507267401143793e+01 3.134916024716862676e-02 9.993032161868447005e-01 -2.026258511191939005e-02 -3.313300239254301616e+00 9.982514458083124875e-01 -3.230773505429130471e-02 -4.938017574826053524e-02 -3.342453365682774802e+01
-5.032453599450888854e-02 -1.734823605687944859e-02 -9.985735551923538011e-01 -8.890942644620243129e+01 2.273264888840443795e-02 9.995701464295307925e-01 -1.850935544082253290e-02 -3.367350615629001176e+00 9.984654731641132708e-01 -2.363290764331444846e-02 -4.990855713607163235e-02 -3.348831637098538039e+01
-5.129928137613267575e-02 -1.679141738185224025e-02 -9.985442428893970268e-01 -8.986086242784742240e+01 1.450527165529181921e-02 9.997407655414861649e-01 -1.754930450575097056e-02 -3.388568677873759594e+00 9.985801116539957389e-01 -1.537917442827476527e-02 -5.104265470520939069e-02 -3.356543724335257650e+01
-5.437314961669458685e-02 -1.504632251372962047e-02 -9.983957974167375626e-01 -9.081483575442372569e+01 1.636387621324484828e-02 9.997388153341845163e-01 -1.595587956914568464e-02 -3.430194398675036727e+00 9.983751763116877065e-01 -1.720932575616047205e-02 -5.411266745484601126e-02 -3.361820544387368415e+01
-5.617439183327010283e-02 -1.559875752459758715e-02 -9.983121584701865059e-01 -9.176459941941027409e+01 2.093725543134254685e-02 9.996398896611036200e-01 -1.679689985490131349e-02 -3.474681638201092770e+00 9.982147885965281242e-01 -2.184253715489793343e-02 -5.582758832604239885e-02 -3.367939884944443918e+01
-6.493745667512425268e-02 -1.700810016066589200e-02 -9.977393893367929589e-01 -9.271983003087784425e+01 2.220061216068286089e-02 9.995827467629865293e-01 -1.848326449399349813e-02 -3.507272527716176480e+00 9.976373924932704362e-01 -2.334973496278202471e-02 -6.453269959609053696e-02 -3.373335328808447997e+01
-7.339991757386651883e-02 -1.607997839593746509e-02 -9.971754038336398951e-01 -9.366025919152932033e+01 2.658564887137566599e-02 9.994835783585492850e-01 -1.807004480715770911e-02 -3.544308698504389010e+00 9.969508179281333371e-01 -2.782617556322145372e-02 -7.293472355934081663e-02 -3.380073710465295989e+01
-8.130708262621622051e-02 -1.437365775054382476e-02 -9.965690048241591104e-01 -9.460112449425960790e+01 3.367776040907995844e-02 9.992851610714602595e-01 -1.717513258579319788e-02 -3.585640109503409168e+00 9.961034457198660874e-01 -3.495951733886401569e-02 -8.076456966047289299e-02 -3.387596807825501344e+01
-9.376303130594265678e-02 -1.441535975446786751e-02 -9.955040125445752119e-01 -9.554512462496579417e+01 3.200648131363029864e-02 9.993348667391781515e-01 -1.747972564855062791e-02 -3.626296487400944457e+00 9.950937820995109373e-01 -3.350329207208145588e-02 -9.323944369434386537e-02 -3.396713469357769100e+01
-1.054576077237607962e-01 -1.260303895603540406e-02 -9.943505229168836390e-01 -9.647953317653578154e+01 2.819573257190439650e-02 9.994800030886225040e-01 -1.566262330934682992e-02 -3.653951210849337272e+00 9.940305680851054815e-01 -2.967920309421430078e-02 -1.050474620386172980e-01 -3.408319909609982545e+01
-1.195191608373205039e-01 -8.634912934032751980e-03 -9.927540659829876546e-01 -9.742128010692246676e+01 2.894174565717477776e-02 9.995068511092091157e-01 -1.217774303860865402e-02 -3.688438931028391377e+00 9.923695518676610705e-01 -3.019940188096778208e-02 -1.192101721186979019e-01 -3.419762606111252978e+01
-1.322303267465302912e-01 -6.998820959900353862e-03 -9.911724495738939433e-01 -9.835655195544740081e+01 2.737854622592603149e-02 9.995676088882615717e-01 -1.070871364336728644e-02 -3.721222100748631689e+00 9.908190304862604103e-01 -2.856030562803348050e-02 -1.319815175142745323e-01 -3.432995664733765295e+01
