1.0 0.0 0.0 0.0 0.0 1.0 0.0 0.0 0.0 0.0 1.0 0.0
-0.9241421 -0.38215095 0.012945411 1.2144775 0.38149646 -0.92378986 -0.03631489 -3.7070312 0.025839042 -0.028605685 0.99925673 0.13879395
-0.9990624 0.045445357 0.02041699 2.494751 -0.046207976 -0.9984913 -0.038576532 0.81030273 0.018637419 -0.03946535 0.9990472 0.07373047
-0.7322768 0.680218 0.038665816 2.8291016 -0.6812795 -0.7316512 -0.031069828 6.0428467 0.0071617216 -0.049133882 0.9987679 0.14025879
-0.27429733 0.9605674 0.04196127 0.29992676 -0.9614824 -0.27396283 -0.013641145 9.255981 -0.0015939963 -0.044097703 0.9990259 0.3173828
-0.56729585 0.82295 0.0331992 -2.6188965 -0.8236192 -0.5668678 -0.022043582 9.683105 0.00067784265 -0.039849736 0.99920565 0.26379395
-0.78672075 0.6166317 0.023001667 -4.982666 -0.6170606 -0.7861469 -0.030040208 10.107544 -0.00043248013 -0.037851416 0.9992837 0.33374023
-0.93725383 0.3483254 0.01816966 -6.20813 -0.34876442 -0.9366227 -0.034736942 10.1866455 0.004922472 -0.038903072 0.99923116 0.30200195
-0.8707722 0.49225307 0.022184337 -6.4119873 -0.49273273 -0.87025946 -0.030191688 9.581665 0.0044307057 -0.037215915 0.999298 0.32739258
-0.9683645 0.2476451 0.010728414 -6.7686768 -0.24787672 -0.9675609 -0.039438486 10.145142 0.0006157201 -0.040896088 0.99916375 0.32214355
-0.9517558 0.30595997 0.003370623 -6.371826 -0.3059008 -0.95120776 -0.03301548 9.859497 -0.0068978537 -0.032478176 0.99944896 0.35791016
-0.9860749 0.16878842 -0.004549619 -6.947998 -0.16858025 -0.98566633 -0.029932411 10.138062 -0.009541003 -0.028748654 0.99954146 0.359375
-0.9838588 0.1783136 -0.0061204713 -6.9918213 -0.1780677 -0.98349625 -0.028949663 9.924683 -0.011189158 -0.027411116 0.9995619 0.36486816
-0.99896634 0.059968714 -0.012596974 -7.374634 -0.05955811 -0.99859583 -0.030779632 10.110107 -0.014417654 -0.029976215 0.999447 0.36437988
-1.0000743 0.00044019934 -0.017115997 -7.7071533 3.118522e-05 -0.99984115 -0.02755507 10.141846 -0.017111022 -0.027529515 0.9994742 0.37561035
-0.9982325 -0.057257127 -0.020428931 -7.9346924 0.057727076 -0.9981446 -0.023197781 10.216675 -0.01906192 -0.024353968 0.99952203 0.37316895
-0.9933946 -0.11564288 -0.021974476 -8.323853 0.116071 -0.99339974 -0.019330144 10.304443 -0.019585416 -0.02173846 0.99957186 0.37902832
-0.9847549 -0.17024612 -0.022823887 -8.5928955 0.17063558 -0.9848166 -0.016338147 10.383667 -0.019719422 -0.019997565 0.9996058 0.36938477
-0.9716023 -0.23027988 -0.024368044 -9.015137 0.23066853 -0.97170746 -0.014508015 10.513794 -0.020375144 -0.019741384 0.9995975 0.37231445
-0.9600671 -0.28170487 -0.026066385 -9.314941 0.2821371 -0.9601817 -0.014683969 10.622314 -0.0208608 -0.021420568 0.9995529 0.36071777
-0.942032 -0.3340982 -0.027445812 -9.755127 0.3345577 -0.94216204 -0.014179874 10.7890625 -0.021134764 -0.022553911 0.99952257 0.36010742
-0.9251027 -0.37770602 -0.02882348 -10.10437 0.3782026 -0.9252414 -0.014116913 10.967407 -0.021355327 -0.02397494 0.9994846 0.34814453
-0.90769964 -0.41941965 -0.03062214 -10.525513 0.41992277 -0.9079024 -0.012132414 11.172119 -0.02269521 -0.023862306 0.9994578 0.34851074
-0.8890127 -0.4566045 -0.031640656 -10.904907 0.45715204 -0.889205 -0.0126180425 11.395264 -0.022371724 -0.025672937 0.9994199 0.3383789
-0.8703614 -0.49331486 -0.029744986 -11.344482 0.49379963 -0.8705178 -0.011589162 11.657349 -0.020153265 -0.024755936 0.9994906 0.33068848
-0.85043573 -0.52422094 -0.026144594 -11.760864 0.5246061 -0.85053486 -0.01054322 11.944336 -0.016733548 -0.022700554 0.9996023 0.32580566
-0.8333744 -0.5519809 -0.02218157 -12.217407 0.55226475 -0.83343005 -0.009275485 12.264648 -0.013377581 -0.019982565 0.999711 0.31359863
-0.8174848 -0.57505953 -0.01882457 -12.677856 0.5752778 -0.81749743 -0.009101411 12.602905 -0.010168236 -0.018269937 0.9997814 0.30566406
-0.8048212 -0.59249645 -0.016390607 -13.159058 0.59266317 -0.8048253 -0.008031659 12.977051 -0.008445691 -0.016188633 0.99983335 0.2956543
-0.79654145 -0.60423964 -0.015746133 -13.654907 0.60438645 -0.796556 -0.0068732384 13.359863 -0.008390237 -0.014992664 0.9998524 0.288208
-0.7890708 -0.61492187 -0.016078874 -14.164917 0.6150578 -0.7891123 -0.0050855083 13.756958 -0.009551138 -0.0138988765 0.99985784 0.2857666
-0.78155553 -0.6237485 -0.018082418 -14.718872 0.62390447 -0.78162885 -0.0042127445 14.178711 -0.01150323 -0.01456534 0.99982774 0.28173828
-0.77396196 -0.63247126 -0.020360954 -15.252197 0.63266593 -0.774058 -0.0044140276 14.615967 -0.012974435 -0.016305724 0.9997829 0.26940918
-0.7681781 -0.63969177 -0.022066208 -15.822998 0.6398915 -0.7683239 -0.0027301991 15.0772705 -0.015214533 -0.016218552 0.9997528 0.26367188
-0.760432 -0.6486784 -0.024166299 -16.38855 0.6489065 -0.7606182 -0.0021843654 15.566162 -0.016978359 -0.0173503 0.9997055 0.25439453
-0.7535853 -0.656557 -0.025018092 -16.983887 0.65676695 -0.7538175 -0.00023463182 16.07129 -0.018712062 -0.016610548 0.99968696 0.2454834
-0.74663264 -0.6650496 -0.02674931 -17.57019 0.6652764 -0.74690926 0.0005517644 16.597412 -0.020335652 -0.017389327 0.99964213 0.23925781
-0.738724 -0.67270243 -0.029155824 -18.16809 0.6729358 -0.739083 0.0023647677 17.131104 -0.023159772 -0.01788186 0.9995719 0.22961426
-0.73162985 -0.6809366 -0.032735165 -18.754639 0.68120617 -0.73210156 0.0037826016 17.684204 -0.026555084 -0.019541265 0.99945664 0.21276855
-0.7225414 -0.69040626 -0.03593522 -19.35376 0.6906484 -0.7231678 0.0071639232 18.237915 -0.030933471 -0.019641547 0.99932843 0.20739746
-0.7122216 -0.70098543 -0.037617028 -19.942017 0.7012447 -0.71291476 0.008005288 18.81958 -0.03243783 -0.020680524 0.99925995 0.18884277
-0.702832 -0.71067333 -0.037664734 -20.529663 0.71089685 -0.7035518 0.009412999 19.40857 -0.033183035 -0.020155136 0.9992461 0.1772461
-0.69238174 -0.72037303 -0.036565643 -21.095337 0.72060746 -0.69304806 0.008689003 20.011475 -0.031596053 -0.020328462 0.9992937 0.16345215
-0.68057764 -0.73223895 -0.036225773 -21.67981 0.7324996 -0.68121403 0.007969246 20.609497 -0.030486431 -0.021101793 0.99931234 0.14562988
-0.66538996 -0.74615437 -0.037075095 -22.236572 0.74650186 -0.6660046 0.006142749 21.236816 -0.029253552 -0.02359177 0.99929386 0.13500977
-0.6458747 -0.76257694 -0.038530294 -22.785278 0.7630598 -0.64644456 0.0031843726 21.863892 -0.02730452 -0.02732918 0.99925303 0.11206055
-0.62324625 -0.7815419 -0.040126596 -23.302368 0.78212947 -0.6237989 0.0016394551 22.52246 -0.026302602 -0.030352565 0.9991933 0.095703125
-0.595631 -0.80245215 -0.041734684 -23.830933 0.8031283 -0.5961817 0.00094172405 23.197388 -0.025637336 -0.032963876 0.9991281 0.092163086
-0.56877047 -0.821558 -0.04033532 -24.307129 0.82219386 -0.5692799 0.001411545 23.898438 -0.024123944 -0.03235776 0.9991851 0.079589844
-0.53975886 -0.8407269 -0.03943926 -24.771118 0.841365 -0.5402053 0.00078588654 24.623413 -0.021988083 -0.032766815 0.9992212 0.0736084
-0.5117013 -0.85803604 -0.039293516 -25.210083 0.8587253 -0.5120517 -0.0013334613 25.355835 -0.018991187 -0.034417078 0.99922675 0.07458496
-0.48238108 -0.8751786 -0.037563197 -25.636963 0.8758703 -0.48256627 -0.00457138 26.107178 -0.014120823 -0.035100564 0.9992839 0.056030273
-0.45331347 -0.8910518 -0.032249544 -26.037231 0.8915863 -0.4533709 -0.005926154 26.8844 -0.009336522 -0.03142844 0.9994623 0.06323242
-0.42612976 -0.90422887 -0.023884827 -26.389038 0.9045356 -0.42609254 -0.00688973 27.669312 -0.0039551975 -0.024527578 0.999691 0.06774902
-0.39788732 -0.91756773 -0.016096396 -26.7323 0.9177081 -0.39780164 -0.008347994 28.464722 0.0012610834 -0.018089944 0.99983555 0.0793457
-0.3718143 -0.92845094 -0.00796254 -27.042969 0.92846704 -0.3717402 -0.009392932 29.263062 0.0057643857 -0.010882307 0.9999241 0.10058594
-0.3442351 -0.93863446 0.0020712987 -27.336792 0.9385841 -0.34423828 -0.00982323 30.074951 0.009935652 -0.0014420152 0.9999495 0.10681152
-0.31634733 -0.94855285 0.0110693425 -27.605835 0.94844705 -0.31649002 -0.015253838 30.89856 0.017971918 0.0056739836 0.9998223 0.13317871
-0.29424202 -0.9553664 0.019793442 -27.842896 0.95504344 -0.2947046 -0.02712546 31.700928 0.031754233 0.01091596 0.9994359 0.16796875
-0.26774132 -0.963216 0.026170485 -28.066284 0.9622748 -0.2686907 -0.044588927 32.504883 0.04995966 0.013248834 0.9986631 0.19946289
-0.24088839 -0.97027755 0.029265039 -28.285522 0.9685668 -0.2422527 -0.05929421 33.323364 0.06461365 0.014088331 0.9978119 0.24768066
-0.21687114 -0.97560024 0.034457788 -28.45459 0.9733188 -0.21880601 -0.0692154 34.140625 0.07501347 0.018518075 0.99700856 0.3059082
-0.18901502 -0.9811172 0.037498802 -28.641357 0.97874427 -0.19130884 -0.071985275 34.967773 0.07781449 0.023073487 0.9966997 0.3803711
-0.16630445 -0.9852423 0.03874028 -28.771484 0.98311037 -0.16869496 -0.06995585 35.806152 0.07546549 0.026428826 0.99679697 0.44848633
-0.14322862 -0.98886395 0.04051346 -28.907227 0.9872695 -0.14561889 -0.06402933 36.65796 0.06917706 0.030802606 0.9971268 0.5234375
-0.1261681 -0.9909212 0.04673569 -28.995117 0.98999846 -0.1287794 -0.057860654 37.480957 0.06334871 0.03898566 0.9972304 0.58984375
-0.10811091 -0.9929154 0.048985288 -29.111938 0.99218315 -0.11084318 -0.05703198 38.334473 0.062027644 0.04241124 0.9971713 0.664917
-0.096871145 -0.99392146 0.052085888 -29.166992 0.99325395 -0.099881776 -0.058706388 39.16211 0.06353891 0.04603886 0.9969162 0.7336426
-0.08614075 -0.99489987 0.05300979 -29.243774 0.9941619 -0.089326754 -0.060984597 39.95862 0.06541507 0.047447283 0.9967297 0.7980957
-0.07428455 -0.99615103 0.047091532 -29.306396 0.994929 -0.07725691 -0.06483082 40.782715 0.06818944 0.04205398 0.9967863 0.86364746
-0.062276382 -0.9970504 0.04507739 -29.362427 0.9958579 -0.06507921 -0.063665465 41.575073 0.06638999 0.04093594 0.9969539 0.92004395
-0.05382597 -0.99741846 0.047218353 -29.399902 0.9963293 -0.056788687 -0.0638125 42.405518 0.06634258 0.043598037 0.99684346 0.98217773
-0.04477966 -0.99773586 0.049990613 -29.428833 0.9967151 -0.047996163 -0.06509952 43.2312 0.06736145 0.046923645 0.99662536 1.0480957
-0.04112041 -0.99782884 0.051639214 -29.460571 0.99666464 -0.04461742 -0.06850806 44.053223 0.07065134 0.048684996 0.9963142 1.0997314
-0.041988745 -0.9977963 0.050917633 -29.503052 0.99640983 -0.045553103 -0.071001396 44.91211 0.07316494 0.04771576 0.9961754 1.1635742
-0.046190377 -0.99746734 0.053705588 -29.544312 0.9962656 -0.049911976 -0.070140675 45.774536 0.072659895 0.05024344 0.9960892 1.2279053
-0.053267237 -0.9972368 0.052018516 -29.595215 0.99599415 -0.056813475 -0.06924487 46.659912 0.07201535 0.04814312 0.99624234 1.2963867
-0.062282555 -0.996811 0.050087806 -29.65149 0.99547184 -0.0656613 -0.06889224 47.580322 0.07197094 0.045584235 0.9963655 1.3682861
-0.06979835 -0.99634504 0.04832676 -29.72461 0.9948935 -0.07304239 -0.06899565 48.49878 0.07226572 0.043246135 0.9964462 1.4385986
-0.07739603 -0.9959615 0.046036575 -29.805664 0.99440473 -0.08045614 -0.06882438 49.42212 0.072240025 0.04046808 0.9965668 1.510498
-0.08409236 -0.99555415 0.042086728 -29.891846 0.99382496 -0.08685624 -0.06883214 50.378174 0.07218834 0.03602931 0.9967397 1.5843506
-0.08471107 -0.99566025 0.037783314 -29.986694 0.99384046 -0.08713698 -0.0680311 51.334473 0.07102152 0.03175585 0.9969674 1.6572266
-0.08586012 -0.995675 0.034818523 -30.070923 0.99387395 -0.08802891 -0.06647214 52.33252 0.06924323 0.02889496 0.99718094 1.7341309
-0.0852878 -0.9957671 0.034013316 -30.171509 0.9940255 -0.08736741 -0.06528075 53.33618 0.06796067 0.028221343 0.9972876 1.8157959
-0.08393454 -0.9958889 0.03400605 -30.269531 0.9941996 -0.08599734 -0.0645588 54.33667 0.06723101 0.028395614 0.99733394 1.8891602
-0.085614435 -0.9958032 0.03366731 -30.352661 0.99417335 -0.08762109 -0.06350319 55.368652 0.06616959 0.02806901 0.997415 1.9588623
-0.085801706 -0.99569166 0.034801614 -30.448608 0.9941119 -0.087873586 -0.063198455 56.409668 0.065968625 0.029165242 0.99739474 2.0389404
-0.08638012 -0.99570346 0.033397287 -30.549194 0.9941124 -0.08834731 -0.06275592 57.441895 0.065442994 0.02778768 0.9974699 2.1168213
-0.085826755 -0.99575305 0.031876814 -30.646729 0.99417365 -0.087672584 -0.06193606 58.507812 0.0644643 0.02634417 0.9975708 2.1937256
-0.08561682 -0.99587286 0.031277314 -30.753906 0.9943123 -0.08741223 -0.06142387 59.529785 0.06391041 0.025838701 0.99762136 2.2756348
-0.08808159 -0.99566185 0.030338956 -30.847778 0.9941328 -0.08978952 -0.060494516 60.58618 0.062948205 0.02483926 0.9977078 2.3580322
-0.092211485 -0.9952493 0.03082505 -30.929565 0.9937738 -0.093923695 -0.059707932 61.622314 0.06231606 0.02511617 0.99773985 2.4348145
-0.094426036 -0.9951121 0.030011956 -31.04358 0.9938013 -0.09600985 -0.056640334 62.65674 0.05923376 0.024504228 0.9979442 2.5168457
-0.097937234 -0.9946795 0.03266401 -31.12732 0.9935487 -0.09961939 -0.0546224 63.713867 0.057574913 0.027112277 0.9979732 2.5874023
-0.100949414 -0.9943873 0.03136673 -31.241089 0.99326205 -0.10253347 -0.053841665 64.76318 0.056751467 0.025731122 0.99805707 2.666748
-0.10393977 -0.99402446 0.032156173 -31.344604 0.99291384 -0.10556592 -0.05383075 65.80469 0.05693085 0.026314108 0.99803096 2.7404785
-0.10507334 -0.9939795 0.031756572 -31.471802 0.99283826 -0.10668434 -0.05418057 66.84741 0.057252742 0.025850499 0.9980258 2.8172607
-0.103411786 -0.99411416 0.031081002 -31.585205 0.9928966 -0.10501171 -0.055217907 67.86426 0.058170635 0.02512306 0.9979896 2.8972168
-0.10160709 -0.9944086 0.029862974 -31.693726 0.9929687 -0.10321773 -0.05853162 68.88794 0.06127738 0.023731986 0.99783957 2.9682617
-0.09750891 -0.9948509 0.02864871 -31.793457 0.9933366 -0.099071145 -0.059378497 69.904785 0.061917275 0.022689374 0.99782443 3.0499268
-0.09030795 -0.995487 0.029701771 -31.905762 0.9940802 -0.09191752 -0.058204398 70.91675 0.06068158 0.024274219 0.9978624 3.1138916
-0.08436811 -0.9959574 0.030796355 -31.99707 0.99486977 -0.08592477 -0.053361885 71.95361 0.05576667 0.026118703 0.99810106 3.2042236
-0.07830906 -0.99655116 0.02792323 -32.0907 0.99545926 -0.079689145 -0.052324258 72.93823 0.054359883 0.023713265 0.9982402 3.2747803
-0.073013425 -0.99691343 0.02893449 -32.166748 0.99573207 -0.07450819 -0.054489557 73.93652 0.05647514 0.024812814 0.99809486 3.340088
-0.06773329 -0.9972601 0.029372359 -32.243652 0.9959072 -0.06934249 -0.05778064 74.94116 0.059645932 0.025331216 0.99789757 3.4134521
-0.06162334 -0.9977086 0.027845824 -32.330566 0.99629414 -0.063164115 -0.058335096 75.93286 0.059964787 0.0241381 0.9979083 3.4848633
-0.058016893 -0.99797386 0.026674937 -32.385864 0.99645627 -0.05952394 -0.059685234 76.9353 0.06114392 0.023126697 0.99786127 3.560913
-0.05377948 -0.9981966 0.026625654 -32.45044 0.9967272 -0.055273287 -0.058969256 77.924805 0.060335513 0.023367507 0.99790454 3.6339111
-0.051100254 -0.9983283 0.027113054 -32.497192 0.9974063 -0.05239511 -0.049414046 78.901855 0.050752975 0.024524912 0.99841034 3.7128906
-0.050746806 -0.998395 0.026355298 -32.5365 0.9979361 -0.051748756 -0.03884208 79.894775 0.040134974 0.024336869 0.998898 3.7781982
-0.046751495 -0.99855536 0.0256451 -32.591797 0.9981816 -0.0476656 -0.03628236 80.86548 0.037449725 0.023879249 0.99901235 3.8321533
-0.04735673 -0.9985111 0.027132768 -32.63623 0.9979187 -0.048484214 -0.042542137 81.84717 0.04378566 0.025044672 0.99872625 3.881958
-0.04683721 -0.99851954 0.027890291 -32.669434 0.99768287 -0.048143145 -0.048196584 82.808105 0.049444076 0.025548896 0.99844897 3.9365234
-0.04425669 -0.9984725 0.033503577 -32.709717 0.997729 -0.04588914 -0.04960322 83.77539 0.051083308 0.031246932 0.9982062 3.9973145
-0.045615196 -0.99827087 0.036780823 -32.741455 0.9977538 -0.04732954 -0.04716829 84.74756 0.04883436 0.034536544 0.9982092 4.0625
-0.046742324 -0.9982762 0.03567049 -32.786987 0.997857 -0.0483042 -0.044282567 85.72266 0.045908332 0.033527613 0.9983828 4.128296
-0.04672981 -0.99834275 0.03350456 -32.839844 0.99806017 -0.04804218 -0.03951778 86.68677 0.04104488 0.03158249 0.99865746 4.1749268
-0.048994657 -0.99831086 0.031030219 -32.89148 0.99817467 -0.050034158 -0.03364917 87.65527 0.03515391 0.029334474 0.99895155 4.22583
-0.04959107 -0.99851054 0.022361571 -32.953613 0.9982026 -0.050299402 -0.03231526 88.599365 0.03339044 0.020717971 0.9992275 4.288452
-0.050785188 -0.9986118 0.0141166495 -33.029053 0.9981851 -0.051212188 -0.03175214 89.55078 0.03242378 0.012484101 0.9993962 4.318115
-0.05385339 -0.99840975 0.015971601 -33.078613 0.9980606 -0.05431497 -0.030034477 90.50464 0.03085263 0.01431934 0.99942136 4.368286
-0.05553257 -0.9982573 0.020615399 -33.13684 0.99796623 -0.056148537 -0.030608645 91.4541 0.031711657 0.018876333 0.999319 4.420532
-0.064216614 -0.9976844 0.022180555 -33.18579 0.9973702 -0.06490982 -0.03208696 92.40918 0.03345154 0.020062868 0.999239 4.4605713
-0.07259166 -0.99700606 0.026717963 -33.248047 0.9968149 -0.07341468 -0.03123099 93.34961 0.033095624 0.024376653 0.9991553 4.5057373
-0.0803802 -0.99617076 0.033910617 -33.318115 0.9962261 -0.081392534 -0.029596342 94.29053 0.032258317 0.03140246 0.99898624 4.55542
-0.09286214 -0.9951609 0.03254363 -33.4032 0.99515784 -0.0938338 -0.029729072 95.23462 0.03263244 0.029623473 0.9990283 4.604126
-0.10470641 -0.99409205 0.02880911 -33.51367 0.9940305 -0.105511434 -0.027997704 96.16943 0.030876838 0.025713803 0.9991928 4.640625
-0.11888756 -0.99243104 0.029442165 -33.621338 0.9924873 -0.11961019 -0.024134181 97.11182 0.027472904 0.026341613 0.99927527 4.6845703
-0.13167857 -0.9908781 0.027901866 -33.74756 0.9909277 -0.1323211 -0.02258783 98.04761 0.02607167 0.02466813 0.99935544 4.7261963
-0.14383449 -0.9891558 0.029457036 -33.892944 0.98924935 -0.14450681 -0.022122826 98.97168 0.026139082 0.025967084 0.9993211 4.754883
-0.15881382 -0.9867315 0.031939987 -34.03174 0.98689437 -0.15954028 -0.021627551 99.91553 0.026446998 0.028091595 0.9992555 4.796631
-0.171435 -0.98453474 0.032274477 -34.19409 0.9845825 -0.17228329 -0.025609 100.83032 0.030794742 0.027379338 0.99915034 4.8321533
-0.18276824 -0.982409 0.036901027 -34.367065 0.9822632 -0.18403363 -0.034411803 101.73462 0.040603735 0.029961694 0.99872607 4.874634
-0.19630252 -0.9796026 0.03808233 -34.540894 0.9793041 -0.19773279 -0.038329422 102.63818 0.0450928 0.029744528 0.9985388 4.9241943
-0.20851326 -0.97746694 0.035940096 -34.74597 0.9771676 -0.20979655 -0.036631923 103.53906 0.04334779 0.02750076 0.9986821 4.973755
-0.22182226 -0.9743777 0.03502275 -34.954224 0.97422343 -0.22294056 -0.03209235 104.45166 0.039080963 0.027003407 0.998871 5.028076
-0.23282635 -0.97205627 0.032405045 -35.174683 0.9717396 -0.23389149 -0.03420713 105.33838 0.040850557 0.023546627 0.99888885 5.0758057
-0.23839106 -0.97065574 0.029409818 -35.416016 0.9699611 -0.23946966 -0.041209806 106.23462 0.047066458 0.01871181 0.99871707 5.1242676
-0.24511898 -0.9690586 0.026402099 -35.64856 0.9678245 -0.24618568 -0.050614182 107.12427 0.055554196 0.013126082 0.99836886 5.1783447
-0.24960174 -0.96818274 0.023301385 -35.889526 0.9666919 -0.25052845 -0.054458577 108.02588 0.0585588 0.008957912 0.99824464 5.239868
-0.25287578 -0.9673232 0.023296487 -36.134766 0.9657845 -0.25380376 -0.05521912 108.913086 0.059318416 0.008566743 0.9982032 5.302002
-0.25832176 -0.9657592 0.021346452 -36.376343 0.9641876 -0.25912574 -0.055428166 109.813965 0.059048474 0.0062466487 0.9982347 5.378784
-0.26369214 -0.9644458 0.018673189 -36.632202 0.96305346 -0.26431787 -0.051991634 110.70264 0.055066284 0.004283987 0.9984735 5.4383545
-0.2700915 -0.9628414 0.018411689 -36.882446 0.9616348 -0.27067924 -0.048410475 111.59766 0.051593013 0.0046403445 0.99865794 5.491699
-0.27538934 -0.96106875 0.017603677 -37.13257 0.9599811 -0.2759188 -0.045902852 112.48682 0.048994374 0.0042490885 0.9987902 5.5577393
-0.28088167 -0.9593704 0.011836683 -37.41455 0.95810634 -0.28111923 -0.049286038 113.36963 0.050630864 -0.0025316756 0.99871373 5.6099854
-0.2896517 -0.95694435 0.0067586247 -37.673584 0.9554543 -0.28958336 -0.054169543 114.23633 0.05381272 -0.009241958 0.99850833 5.6574707
-0.2960588 -0.954985 0.0074300896 -37.943726 0.9533316 -0.29598907 -0.057022203 115.103516 0.05664956 -0.009817189 0.998345 5.730713
-0.30330506 -0.9527418 0.013384932 -38.216797 0.95102245 -0.3035628 -0.057422582 115.97485 0.058733653 -0.004689132 0.9982613 5.800293
-0.310771 -0.95067716 0.01065828 -38.51062 0.94902533 -0.3108652 -0.056513652 116.83569 0.057029277 -0.007422344 0.99834555 5.8624268
-0.3158474 -0.9487364 0.008230231 -38.805298 0.9473676 -0.31583905 -0.05166118 117.69629 0.051591687 -0.0085278 0.99863106 5.927124
-0.3241217 -0.946044 0.007704843 -39.11194 0.9448345 -0.32410264 -0.048572026 118.57324 0.048435524 -0.008462094 0.99879014 5.991699
-0.32948586 -0.9441469 0.007498675 -39.4209 0.9427241 -0.32940948 -0.05282386 119.416016 0.052360717 -0.0103375735 0.99857527 6.03833
-0.33677074 -0.9416905 0.009303738 -39.726562 0.9400873 -0.3367493 -0.05583171 120.28003 0.055705417 -0.0100566875 0.99839675 6.0949707
-0.34295058 -0.9393435 0.009287016 -40.038208 0.937658 -0.34290147 -0.057303395 121.11597 0.057002176 -0.010944039 0.99831384 6.150635
-0.350106 -0.9368065 0.008789321 -40.369385 0.9351586 -0.35002255 -0.056753267 121.968994 0.056225512 -0.011639038 0.99835 6.2156982
-0.35815546 -0.93361783 0.011173846 -40.692993 0.9320895 -0.3582177 -0.05413285 122.80249 0.05456483 -0.008980717 0.9984705 6.274292
-0.3661597 -0.9306695 0.014964968 -41.022095 0.92923754 -0.36642992 -0.05186473 123.65698 0.053723276 -0.0050696325 0.99854285 6.3411865
-0.37424052 -0.9275881 0.01652074 -41.35486 0.9261496 -0.37458304 -0.05180741 124.52197 0.0542171 -0.004062047 0.99852127 6.4084473
-0.38021958 -0.9244298 0.011503318 -41.708374 0.9228346 -0.38025057 -0.055269375 125.35571 0.055479236 -0.010427328 0.9984047 6.463867
-0.38751528 -0.9219837 0.00725754 -42.063477 0.9204126 -0.38729486 -0.05583437 126.20386 0.054293793 -0.014951492 0.9984135 6.529785
-0.39222345 -0.91973376 0.009872617 -42.42737 0.9182576 -0.39216682 -0.053432435 127.06006 0.053005572 -0.011900545 0.9985227 6.5931396
-0.39615107 -0.91807747 0.011589063 -42.784546 0.9166263 -0.39618826 -0.052610863 127.882324 0.052873008 -0.010218946 0.99854827 6.650635
-0.40012088 -0.9163836 0.014402126 -43.15161 0.9148252 -0.40028986 -0.054102827 128.72852 0.055312008 -0.008459941 0.9984325 6.708374
-0.40680087 -0.913326 0.018082602 -43.496216 0.9119962 -0.4071864 -0.049407065 129.55176 0.05247435 -0.003598407 0.9986155 6.765625
-0.41156664 -0.911001 0.024442717 -43.86328 0.9099793 -0.4122682 -0.04335287 130.37988 0.0495731 0.004389232 0.9987606 6.8216553
-0.41542554 -0.9093894 0.02777261 -44.23352 0.9085075 -0.41627035 -0.04088513 131.19995 0.04869753 0.008247266 0.9987788 6.8791504
-0.41940367 -0.9074549 0.027243096 -44.618286 0.9064504 -0.42023575 -0.043194562 132.01904 0.050630786 0.006580526 0.9986955 6.925659
-0.4244396 -0.90556026 0.026527185 -45.004883 0.90438807 -0.42524612 -0.046282426 132.82788 0.053160816 0.0043842415 0.9985771 6.9813232
-0.42417935 -0.90492535 0.025759483 -45.397217 0.9037779 -0.42494282 -0.045719918 133.64673 0.052337535 0.0038825204 0.9986218 7.0355225
-0.4252286 -0.9047672 0.02464104 -45.779175 0.9036368 -0.42593086 -0.045316804 134.45093 0.05147664 0.002995722 0.9986692 7.0947266
-0.4261693 -0.9044324 0.02516611 -46.17627 0.90354854 -0.42687544 -0.04035767 135.26147 0.04722692 0.005538297 0.99886864 7.1520996
-0.42613173 -0.904181 0.021828935 -46.55371 0.9034754 -0.4266677 -0.035979044 136.06714 0.041853126 0.004382478 0.99911404 7.2059326
-0.4271334 -0.9039971 0.021604573 -46.94348 0.9034074 -0.4276455 -0.033085458 136.86597 0.03914576 0.0053819995 0.99921906 7.259033
-0.42898357 -0.90288585 0.023152903 -47.321167 0.9021774 -0.42957398 -0.03615576 137.66772 0.04259126 0.0053677587 0.99907786 7.305664
-0.42901242 -0.9029315 0.026037477 -47.699585 0.90207785 -0.42975318 -0.03977959 138.45972 0.047084603 0.0064180996 0.9988698 7.352783
-0.42906383 -0.90303737 0.022092052 -48.081543 0.9021465 -0.42962396 -0.040195562 139.24536 0.045789182 0.0026924035 0.9989477 7.3981934
-0.42907387 -0.90275806 0.021350915 -48.4657 0.9018625 -0.4296004 -0.04023922 140.03442 0.04553104 0.0019775333 0.99896115 7.4489746
-0.43107727 -0.9022132 0.024351742 -48.833008 0.90144926 -0.4317261 -0.037570518 140.81982 0.04439104 0.0057663545 0.9989976 7.500244
-0.4310999 -0.9021463 0.024140425 -49.208008 0.901325 -0.43174624 -0.038812436 141.60059 0.045434915 0.0050308174 0.99895483 7.5629883
-0.43131068 -0.9023199 0.019164015 -49.595703 0.901154 -0.43172923 -0.045928426 142.37769 0.04970528 -0.0025216616 0.9987611 7.609009
-0.4312519 -0.9017839 0.0145783685 -49.99109 0.9003936 -0.4314084 -0.05081662 143.15845 0.05213759 -0.00881066 0.9986009 7.656128
-0.43045476 -0.9024889 0.017237786 -50.361572 0.90103346 -0.43074813 -0.051662903 143.91821 0.054070678 -0.00670415 0.99851525 7.709839
-0.43141547 -0.9023867 0.020173503 -50.749634 0.9009724 -0.43187144 -0.05064684 144.70874 0.054373045 -0.0036437511 0.99851406 7.7818604
-0.43121988 -0.9017148 0.019749954 -51.119995 0.90017104 -0.43164185 -0.052976504 145.45166 0.056319587 -0.005091853 0.99839956 7.8254395
-0.4331033 -0.90115255 0.024669208 -51.494873 0.89984435 -0.43380335 -0.04856202 146.2395 0.054428652 0.0011760033 0.99851656 7.880493
-0.43678916 -0.8992052 0.028497329 -51.86377 0.8983025 -0.43765017 -0.041011132 147.00195 0.049340673 0.007686504 0.9987524 7.9396973
-0.43877637 -0.89856255 0.028893357 -52.230835 0.89795023 -0.4395981 -0.034841023 147.75684 0.04399549 0.010671584 0.99897546 7.9975586
-0.4415541 -0.896779 0.033443265 -52.60254 0.8963496 -0.44253504 -0.031972468 148.51318 0.04346493 0.015878083 0.9989294 8.049316
-0.44516537 -0.89476585 0.033591375 -52.981323 0.89415073 -0.44621018 -0.03600116 149.25244 0.04717491 0.013993743 0.99878776 8.106567
-0.4510784 -0.8919105 0.03728758 -53.356445 0.8912756 -0.45232168 -0.037418507 150.00024 0.05022753 0.016364697 0.99860424 8.145996
-0.45843348 -0.887728 0.03897629 -53.74695 0.88706034 -0.45977345 -0.03838966 150.7622 0.051989906 0.016980609 0.998503 8.192749
-0.4670441 -0.88341475 0.038112342 -54.131226 0.88295454 -0.46825352 -0.033679128 151.46143 0.047589343 0.017924825 0.99870616 8.242065
-0.47732854 -0.87766135 0.042097688 -54.50464 0.8774992 -0.47861767 -0.028707437 152.15454 0.045352306 0.023229107 0.9987009 8.284546
-0.48961544 -0.87089723 0.045778576 -54.93567 0.8709072 -0.49101746 -0.02655914 152.92969 0.045623362 0.026881149 0.9985979 8.349731
-0.50041485 -0.8642562 0.0467323 -55.28235 0.8642298 -0.5018858 -0.027472265 153.52441 0.04722694 0.026627444 0.99852896 8.380981
-0.5125103 -0.85741043 0.04918332 -55.69519 0.85752136 -0.5140448 -0.025593141 154.20508 0.047232702 0.029078377 0.9984614 8.432007
-0.5251139 -0.8497846 0.052644107 -56.08789 0.8499797 -0.526814 -0.025505615 154.85083 0.049364142 0.031338062 0.9982887 8.470215
-0.5349889 -0.84344983 0.050591156 -56.52539 0.84311885 -0.53681993 -0.03401004 155.52441 0.055869676 0.024469668 0.9981392 8.535156
-0.5454426 -0.8364019 0.05113587 -56.939697 0.8353381 -0.54754525 -0.04575187 156.12402 0.066258326 0.017746607 0.9976436 8.583496
-0.55688655 -0.82862717 0.049403682 -57.372925 0.82678235 -0.55899113 -0.056092776 156.73999 0.07414802 0.009607592 0.9972012 8.639526
