1.000000000000000000e+00 -3.306050084167601550e-19 -2.270457535318767223e-19 -8.673617379884035472e-19 7.546676715296109287e-19 1.000000000000000000e+00 6.237773588823049983e-19 1.387778780781445676e-17 -3.447385680526250622e-20 4.770700176052009879e-20 1.000000000000000222e+00 5.551115123125782702e-17
9.999306386215616183e-01 -2.558181038003548742e-03 1.149935117459041645e-02 1.185174373279675002e-02 2.545507975910308099e-03 9.999961632121948663e-01 1.117060482330592582e-03 -5.183833990583225360e-03 -1.150216455180684376e-02 -1.087716383894268227e-03 9.999333060649560068e-01 3.019529276000538220e-01
9.998457123144010028e-01 -4.068349470205448112e-03 1.709341522659997559e-02 2.819296230970778916e-02 4.041944815142609233e-03 9.999905983210087834e-01 1.579465419644195644e-03 -9.562420022084183735e-03 -1.709968348124957932e-02 -1.510135882074899356e-03 9.998527319327972229e-01 5.880052396783570501e-01
9.997942631741622010e-01 -5.962242620384841131e-03 1.938500504673978247e-02 3.309507536118502791e-02 5.950202321712830776e-03 9.999820805451379302e-01 6.786362195509054902e-04 -1.829874866948263956e-02 -1.938870648852327599e-02 -5.631125581784244324e-04 9.998117881853024747e-01 8.865940978620874269e-01
9.998029725690297242e-01 -7.296346305323801393e-03 1.845734064732396790e-02 3.823265798961469203e-02 7.301072626674729935e-03 9.999733544400554175e-01 -1.885830297169871787e-04 -1.832451511073203421e-02 -1.845547451760650923e-02 3.233363243297794729e-04 9.998295670796603085e-01 1.197113391173053154e+00
9.998905289370814131e-01 -9.581890421620293391e-03 1.127680343180445001e-02 4.046334490559451436e-02 9.604059955148574676e-03 9.999520954701504039e-01 -1.913741499005104218e-03 -1.915985986209089997e-02 -1.125793478559066786e-02 2.021804766930163783e-03 9.999345734305981059e-01 1.514582656181526765e+00
9.999343469109104321e-01 -1.145573935941093455e-02 -2.515446443045140680e-04 3.274427390092789908e-02 1.145468545256116306e-02 9.999269479895624979e-01 -3.855905636929807256e-03 -3.092770454565398064e-02 2.957114683137585290e-04 3.852770190819020026e-03 9.999925545105380342e-01 1.841502260716697315e+00
9.998199102030156382e-01 -1.107483146138374570e-02 -1.541216155646271159e-02 1.059043367867751329e-02 1.101589560857559394e-02 9.999316722654734146e-01 -3.905657868827192361e-03 -3.648233822022400874e-02 1.545435267156762375e-02 3.735206392344963405e-03 9.998736235251636240e-01 2.169957437783714305e+00
9.993429933642223872e-01 -6.889895853077023131e-03 -3.557965466631069634e-02 -2.068906025649829006e-02 6.740820974468685230e-03 9.999680302094701156e-01 -4.307918528638225199e-03 -4.260634780373642738e-02 3.560819698335965927e-02 4.065279157843108143e-03 9.993574682666702680e-01 2.518583633246604503e+00
9.985139609196139743e-01 -2.890716798479918675e-03 -5.441737949073607167e-02 -6.580419112798607806e-02 2.590834309093670556e-03 9.999810660523493766e-01 -5.579231676674374987e-03 -4.588045582246816356e-02 5.443248102582149556e-02 5.429960506609515791e-03 9.985025678614107836e-01 2.871066441168893757e+00
9.971264685881928713e-01 -2.344173421179844650e-03 -7.571058937839639236e-02 -1.126322379118343542e-01 1.897524794364361224e-03 9.999803833987868096e-01 -5.970006714999514380e-03 -4.916959880006112338e-02 7.572310327505768490e-02 5.809171979460745275e-03 9.971113782605183218e-01 3.236490227708444412e+00
9.952822102478167121e-01 -3.598876900426928316e-03 -9.696076290804098163e-02 -1.650085122790417302e-01 3.171513710094337433e-03 9.999845582033367597e-01 -4.562203400398910993e-03 -5.520833195258083304e-02 9.697569512161009764e-02 4.233088905591359148e-03 9.952782659574161972e-01 3.618192840497090668e+00
9.933463344519851690e-01 -3.231550880642625363e-03 -1.151192632268418226e-01 -2.261559158088520260e-01 2.858658121474854080e-03 9.999901374391874098e-01 -3.405014288001627799e-03 -6.541435096058244303e-02 1.151291371543643888e-01 3.053245077494079734e-03 9.933457643034383500e-01 4.000686163409900686e+00
9.909752757030081405e-01 -2.828924962264570131e-03 -1.340502945624836573e-01 -2.964364358425443657e-01 2.491003345301877683e-03 9.999933099011271143e-01 -2.689145696239693493e-03 -6.857381272839753461e-02 1.340570172248603531e-01 2.331099479550924683e-03 9.909756177726352089e-01 4.395308054138031828e+00
9.887760732412744780e-01 -1.871776080073534083e-03 -1.494041535699053014e-01 -3.838618531968736036e-01 1.554459066205766786e-03 9.999963016865357490e-01 -2.240237086363552985e-03 -7.524822596448259293e-02 1.494078121998932140e-01 1.982922268027627680e-03 9.887752706410376513e-01 4.813500755812815335e+00
9.868833514007138152e-01 -1.641362458463466569e-03 -1.613928806089423573e-01 -4.653703761314742504e-01 1.327224972787493032e-03 9.999970299194762546e-01 -2.054390203301352871e-03 -8.538187161756052856e-02 1.613957770038405848e-01 1.813115342135096422e-03 9.868826077239997163e-01 5.237884005312783309e+00
9.846050846156958469e-01 -2.389545868834349815e-03 -1.748156567362237068e-01 -5.538883745365716926e-01 1.998411234811071913e-03 9.999950803971685565e-01 -2.413776320825952032e-03 -9.061443955357476043e-02 1.748205791575825341e-01 2.027258467697934299e-03 9.846050356592855879e-01 5.677575877158666628e+00
9.829519897246471460e-01 -5.320047829950067496e-03 -1.837943555578453736e-01 -6.437223359123335209e-01 4.551782985193045944e-03 9.999790692979263484e-01 -4.603260912068572221e-03 -1.041821645589944001e-01 1.838150009042177346e-01 3.688286615379350597e-03 9.829555934470617373e-01 6.127151260312263759e+00
9.815746205736645136e-01 -4.755710256998457904e-03 -1.909911009108735958e-01 -7.451314398384832893e-01 3.589105160131729477e-03 9.999727603709243073e-01 -6.452827613666770566e-03 -1.113037939587196018e-01 1.910165977719148478e-01 5.648308007530737640e-03 9.815649733339760763e-01 6.592103648268921035e+00
9.800708553162486014e-01 -4.036731462940716143e-03 -1.985919768750807890e-01 -8.461680804212787788e-01 2.474795284006837265e-03 9.999640289463275211e-01 -8.110739308088343522e-03 -1.153708258718349339e-01 1.986175890109118380e-01 7.457643525604223250e-03 9.800456201548434221e-01 7.065691396015101766e+00
9.785112460815518221e-01 -4.945558770054851554e-03 -2.061685079783967256e-01 -9.603148349678504170e-01 2.756338391741077181e-03 9.999367088790942493e-01 -1.090562631706248897e-02 -1.237122529318357977e-01 2.062094218721300387e-01 1.010308501700209541e-02 9.784629532615525260e-01 7.554406939002187293e+00
9.766867159671357435e-01 -8.923111121585242805e-03 -2.144474627627540597e-01 -1.075716132806366243e+00 6.269120657190775311e-03 9.998952249967605344e-01 -1.305169747123225213e-02 -1.365381607620340665e-01 2.145414391273730847e-01 1.140334188846488586e-02 9.766402146070878310e-01 8.055732773697830140e+00
9.748791291862994868e-01 -1.524081024301106313e-02 -2.222267027862807609e-01 -1.188851336591050467e+00 1.250032351127745855e-02 9.998276527355378640e-01 -1.373257439583406604e-02 -1.503563226198976754e-01 2.223977214325867091e-01 1.061007006836249024e-02 9.749016036410598218e-01 8.577189496438222704e+00
9.730011953460931950e-01 -1.531523452292071936e-02 -2.302835023467272590e-01 -1.319033933718765983e+00 1.191902142242453645e-02 9.997988675146494142e-01 -1.613793548661018873e-02 -1.734584985532519608e-01 2.304842487428035713e-01 1.295757624209359707e-02 9.729880225999204546e-01 9.103247440137311131e+00
9.710709210545150905e-01 -1.192793546537337240e-02 -2.385112440341482232e-01 -1.474004173782563543e+00 7.323377001380810235e-03 9.997695946045443982e-01 -2.018716783740504006e-02 -1.763135293249347424e-01 2.386970595491788860e-01 1.785656912718949080e-02 9.709345082781660752e-01 9.631976428323625328e+00
9.693219333578111385e-01 -9.324568298535510641e-03 -2.455876509810324126e-01 -1.629010884168768047e+00 3.598098665539346819e-03 9.997114355088650983e-01 -2.375362902114238131e-02 -1.903376127452164890e-01 2.457383022476351264e-01 2.214068632429311637e-02 9.690756713936390376e-01 1.017675923668885751e+01
9.667863807510450602e-01 -1.173394526200649199e-02 -2.553644379032042333e-01 -1.782819543799910811e+00 5.468367941163386828e-03 9.996666066610448986e-01 -2.523534874058220787e-02 -2.105039307783317382e-01 2.555754742687066927e-01 2.300064492426292379e-02 9.665280864442642450e-01 1.074142042940134090e+01
9.642966018416727625e-01 -1.387835779298456779e-02 -2.644639897575646881e-01 -1.945015249898405685e+00 6.917765117735496898e-03 9.996051486323431767e-01 -2.723717857739405002e-02 -2.402216141387198967e-01 2.647375966166493066e-01 2.443500508353568107e-02 9.640118556928242155e-01 1.131289030495080361e+01
9.623780165924422647e-01 -1.406067968641862460e-02 -2.712554954713737310e-01 -2.120734265120340023e+00 6.020620874768276877e-03 9.995184477959999647e-01 -3.043705256115620747e-02 -2.573632523171888176e-01 2.715528578792720804e-01 2.765807331313076267e-02 9.619992522787331746e-01 1.189495991129872721e+01
9.602456782083960141e-01 -1.351920017629871205e-02 -2.787654059231504111e-01 -2.309511102425249263e+00 4.319528078390698009e-03 9.994267190717971427e-01 -3.358161791211306674e-02 -2.791993444956751835e-01 2.790595440116572790e-01 3.104215977940507840e-02 9.597535074706311509e-01 1.248484709293620298e+01
9.579281213257024863e-01 -1.462233830694615981e-02 -2.866815989827404265e-01 -2.498269089242068919e+00 3.704142022404537538e-03 9.992481182917947180e-01 -3.859811880241387910e-02 -3.104025229191720303e-01 2.870304082221811215e-01 3.591303980417054342e-02 9.572618888538775295e-01 1.308569390407954280e+01
9.562392870077491835e-01 -1.500299734898777500e-02 -2.921129664937164305e-01 -2.697429236304624389e+00 1.578589077647764771e-03 9.989345544950665179e-01 -4.613254435556009975e-02 -3.461349858373313215e-01 2.924935763335924088e-01 4.365335796772287780e-02 9.552440728877485965e-01 1.370223395354172524e+01
9.551377891062485803e-01 -1.552916972999552822e-02 -2.958026076164114726e-01 -2.905905164547102348e+00 -4.682068787411562661e-04 9.985439671614508850e-01 -5.393542590406507492e-02 -3.801111553004115073e-01 2.962096404113800374e-01 5.165397260663191770e-02 9.537398326300059459e-01 1.432810538461272643e+01
9.539072170565380260e-01 -1.641661108208821926e-02 -2.996761755835539165e-01 -3.115563375428068937e+00 -2.504075568995892207e-03 9.980325114290365951e-01 -6.265285643788913450e-02 -4.263106683981152112e-01 3.001150471727013214e-01 6.051575767444632159e-02 9.519893262515166654e-01 1.496572052523160501e+01
9.526376991997870247e-01 -1.496517162428372474e-02 -3.036899300250288647e-01 -3.334734188459303361e+00 -7.252203068503055260e-03 9.973865928674631176e-01 -7.189225058660489442e-02 -4.698799986837696174e-01 3.039715100149487648e-01 7.069212750259795675e-02 9.500394014561570621e-01 1.561227704107248826e+01
9.513409894414635026e-01 -1.470090931968258408e-02 -3.077800008924474473e-01 -3.558643667546230294e+00 -1.023778407322353812e-02 9.968018716733737516e-01 -7.925616257395416697e-02 -5.243077619954518154e-01 3.079610150507035571e-01 7.855000864508118741e-02 9.481479776035773854e-01 1.626787805204135751e+01
9.495651777652944769e-01 -1.283434393815930698e-02 -3.132548888414848909e-01 -3.799214490337999628e+00 -1.466595149361708122e-02 9.962508450889909772e-01 -8.524615272343637196e-02 -5.855453792857294726e-01 3.131747255653130058e-01 8.554035706308471543e-02 9.458168916888666233e-01 1.693418360515483911e+01
9.485368866914013486e-01 -1.152772849586054110e-02 -3.165043924461894420e-01 -4.036973430658727047e+00 -1.812293377583954965e-02 9.957231370736469023e-01 -9.059899127636052152e-02 -6.557972314927000834e-01 3.161950163844665651e-01 9.167295421725960014e-02 9.442711246686373849e-01 1.761002171548654260e+01
9.468844874100772468e-01 -8.451179740698906359e-03 -3.214814340659509218e-01 -4.291670643303127974e+00 -2.397098478714464534e-02 9.950184846889316148e-01 -9.676472654175971577e-02 -7.254140484004757417e-01 3.206981428340356377e-01 9.932980921700058918e-02 9.419650069506738665e-01 1.829436739867970374e+01
9.450461225343665950e-01 -6.114972261592157426e-03 -3.267966211164875512e-01 -4.553344362674634382e+00 -2.803490058625713807e-02 9.946266920481512397e-01 -9.967275770893035958e-02 -8.013060886413622130e-01 3.256494768655081029e-01 1.033606872202731258e-01 9.397967589152546042e-01 1.899772219069247825e+01
9.434063167745654344e-01 -6.393196433933194360e-03 -3.315778559000552295e-01 -4.816544588666472393e+00 -2.905925920110247890e-02 9.943749413684354055e-01 -1.018464642766141459e-01 -8.810029089124581381e-01 3.303635880162874572e-01 1.057187208974009612e-01 9.379139704336597605e-01 1.971005263118489026e+01
9.416085850422689640e-01 -4.280270268422998320e-03 -3.367838948137256150e-01 -5.090642269931696440e+00 -3.127228887238552024e-02 9.944855435588578763e-01 -1.000963918273562875e-01 -9.659189466955274694e-01 3.353558407298832256e-01 1.047797500703640389e-01 9.362821941451505703e-01 2.042936587184261299e+01
9.387053847164258391e-01 -5.205737265489191606e-03 -3.446183332583790393e-01 -5.370261606566086421e+00 -3.100737452204906097e-02 9.945576942506300089e-01 -9.947756266292218097e-02 -1.051004973020745359e+00 3.432605048742579101e-01 1.040676981343990060e-01 9.334352457132728542e-01 2.116074837285269084e+01
9.368069492989927749e-01 -3.870723822984674291e-03 -3.498399049530377392e-01 -5.657150029409769409e+00 -3.187235632989578876e-02 9.948360350747619263e-01 -9.635240749574630614e-02 -1.135100368431605000e+00 3.484056560459546925e-01 1.014157132825977553e-01 9.318462262318670808e-01 2.189933913094294837e+01
9.340609367203592805e-01 -4.389448981815575676e-03 -3.570996511381895333e-01 -5.948018410987149451e+00 -3.113933514379014014e-02 9.951147742215847858e-01 -9.369219240783596692e-02 -1.218080569968222449e+00 3.557664225535486779e-01 9.863416861239662770e-02 9.293611881478693881e-01 2.263507049599247978e+01
9.297263762369654128e-01 -1.581162157451109765e-03 -3.682184340722791660e-01 -6.267553620762911670e+00 -3.303212496387409464e-02 9.956015120690128173e-01 -8.766627240494843931e-02 -1.295180761593951235e+00 3.667369775631620366e-01 9.367069095214930474e-02 9.255849210659703452e-01 2.340560846962985764e+01
9.268139948368266934e-01 3.353029101946937538e-04 -3.755106332291600624e-01 -6.587588244913109570e+00 -3.366080205169244555e-02 9.960482029106811908e-01 -8.218507054233796516e-02 -1.377819418097698811e+00 3.739988520297687358e-01 8.881136537033092193e-02 9.231627327296347829e-01 2.415811763161084613e+01
9.230928036457601848e-01 3.132866820140151314e-03 -3.845162537712886741e-01 -6.917467498790684566e+00 -3.628889940999274755e-02 9.962144453857787463e-01 -7.900586710975211757e-02 -1.450866894355967052e+00 3.828124590468736099e-01 8.688925484330088655e-02 9.197124071497967401e-01 2.491995597298612708e+01
9.199327793143934340e-01 4.436008233524142697e-03 -3.920941775609737001e-01 -7.260918093296543141e+00 -3.770093223936184235e-02 9.963033341090773432e-01 -7.716788309873792717e-02 -1.526593881029436828e+00 3.903023808587708920e-01 8.576862524413370048e-02 9.166991602238379055e-01 2.568573667396520577e+01
9.156587425678265335e-01 5.438554911086895122e-03 -4.018736781327070795e-01 -7.612467987229607047e+00 -3.931730656294551984e-02 9.963256000468487805e-01 -7.609545239880712020e-02 -1.602448860333150815e+00 3.999839072013956498e-01 8.547578799226251967e-02 9.125076350769755207e-01 2.645850667863148331e+01
9.126728027269649379e-01 6.055442861168232500e-03 -4.086827750277582938e-01 -7.972640336569238428e+00 -3.982904347504296477e-02 9.964485523948671819e-01 -7.420933766159909517e-02 -1.670883412947037572e+00 4.067822328901641860e-01 8.400711937511484706e-02 9.096726569478703617e-01 2.723495410212219525e+01
9.083175640607387136e-01 7.253911483957404573e-03 -4.182321635919777902e-01 -8.350670737163264690e+00 -4.126049271023606718e-02 9.965271211317449085e-01 -7.233863766018802655e-02 -1.738048673975598257e+00 4.162550023797746968e-01 8.296382065187074550e-02 9.054624003215852035e-01 2.802255990351365256e+01
9.043226437014858510e-01 7.293647625657324884e-03 -4.268181485252986462e-01 -8.737904344168137882e+00 -4.083080233732457737e-02 9.967472690907908106e-01 -6.946876569924749500e-02 -1.809204854814068231e+00 4.249233235664134356e-01 8.024578097784913766e-02 9.016788865317592050e-01 2.881404214689497323e+01
9.010777789104076341e-01 6.782334113223572117e-03 -4.336001029628686054e-01 -9.128114084886163937e+00 -3.928968942473315407e-02 9.970422498294464475e-01 -6.605991831833125938e-02 -1.878131501242912504e+00 4.318695376074715431e-01 7.656323397112919926e-02 8.986791541519918436e-01 2.961572378985811227e+01
8.973509319061168110e-01 9.049893028072636056e-03 -4.411891250683699917e-01 -9.538384997542873833e+00 -3.950842633601808068e-02 9.974229479146999866e-01 -5.989649884909774291e-02 -1.940432172813968847e+00 4.395105833804305306e-01 7.117610448288644309e-02 8.953954188280178750e-01 3.042768696884444779e+01
8.938774692083600870e-01 8.963427897237861638e-03 -4.481992867042934869e-01 -9.956696113493384459e+00 -3.785849559302151973e-02 9.977380033794702729e-01 -5.555800907955085743e-02 -2.004004962427512027e+00 4.466873453160706831e-01 6.663405939810107537e-02 8.921948449284968774e-01 3.123959633780571821e+01
8.897567979687536210e-01 8.869514298390418494e-03 -4.563128753360664591e-01 -1.039089671544877547e+01 -3.714406025394702965e-02 9.979020172083602480e-01 -5.303459855470709500e-02 -2.067296221414841817e+00 4.548851824555946166e-01 6.413919752889345183e-02 8.882197334450175896e-01 3.206309815323744061e+01
8.867102466641312297e-01 8.854821769264813874e-03 -4.622003426939548243e-01 -1.083371447347493088e+01 -3.685551196217402153e-02 9.979885094861012940e-01 -5.158693664736434259e-02 -2.126393315957746832e+00 4.608139684773126521e-01 6.277857414213565412e-02 8.852530046186581902e-01 3.289178213801416462e+01
8.844500220146513936e-01 8.938763937907932486e-03 -4.665066853710798656e-01 -1.128838653504820577e+01 -3.618913193714309862e-02 9.981191461961790301e-01 -4.947334601522685588e-02 -2.175945973084519203e+00 4.651869930446640988e-01 6.063947103937483013e-02 8.831099528066259641e-01 3.372999158488556048e+01
8.811318522855415836e-01 6.844491504433666135e-03 -4.728204684174681094e-01 -1.174838674034152497e+01 -3.392552008777830613e-02 9.982335700558836455e-01 -4.877345467839476478e-02 -2.235644795211969793e+00 4.716515011801305501e-01 5.901699996026154443e-02 8.798077324895076101e-01 3.457902141939077012e+01
8.786300429651049404e-01 6.812212393790727238e-03 -4.774463673939456920e-01 -1.222154934619485722e+01 -3.358634086739330921e-02 9.983033656737984041e-01 -4.757124825104450117e-02 -2.289974124644112763e+00 4.763122835432585522e-01 5.783464767712854365e-02 8.773681989698921546e-01 3.543215532664999046e+01
8.772622992746370585e-01 5.499405733240624213e-03 -4.799230541110766635e-01 -1.270767784689918223e+01 -3.266377422812254822e-02 9.983004874003226226e-01 -4.825634540239283343e-02 -2.348309120782341886e+00 4.788421231953047807e-01 5.800920712588137490e-02 8.759510520930461341e-01 3.629556087830878397e+01
8.756272206890797216e-01 4.865300645110192182e-03 -4.829770965109561609e-01 -1.320126591043830189e+01 -3.266127759659991081e-02 9.982566869930078468e-01 -4.915661138364867122e-02 -2.402125679619079079e+00 4.818960529265328141e-01 5.881710323864220574e-02 8.742597056563831126e-01 3.717432124613446831e+01
8.758030143308951354e-01 5.832544763754872116e-03 -4.826507276054562423e-01 -1.369926765132312241e+01 -3.297880246248047209e-02 9.983131856281014516e-01 -4.776764388896140301e-02 -2.460534593446403129e+00 4.815578748737179837e-01 5.775124452224248556e-02 8.745183172338444333e-01 3.805927132464850615e+01
8.749127384150098274e-01 5.380819498243072894e-03 -4.842129611863227878e-01 -1.420588523382084922e+01 -3.166485000406882300e-02 9.984340547704685376e-01 -4.612212114764595999e-02 -2.523156682227720715e+00 4.832065205059767887e-01 5.568850277289019712e-02 8.737132673156204898e-01 3.895950735559461720e+01
8.744518412881283620e-01 4.185174564968100787e-03 -4.851323331250537718e-01 -1.472768588226265507e+01 -2.992692352704794806e-02 9.985235387753178538e-01 -4.532952477024863869e-02 -2.579767041018794060e+00 4.842263515431363130e-01 5.415669139266460208e-02 8.732860974069520665e-01 3.986797467554065832e+01
8.746469523527270473e-01 3.150109083625897768e-03 -4.847910460151081957e-01 -1.524439712146503823e+01 -2.904211495433852222e-02 9.985231587934123576e-01 -4.591001793366493444e-02 -2.632205037353532617e+00 4.839304378091662251e-01 5.423504848047690230e-02 8.734468484256991960e-01 4.078936246851591818e+01
8.728366648221865809e-01 7.861427877528844987e-04 -4.880323383085543032e-01 -1.577397611208953165e+01 -2.692046081823763065e-02 9.985535818630391081e-01 -4.653500884075672389e-02 -2.693650178196706158e+00 4.872900173666673274e-01 5.375430127100520872e-02 8.715952402990274628e-01 4.171925233805213651e+01
8.721168145898160473e-01 1.533260488224151544e-05 -4.893498080326462718e-01 -1.631057821100992555e+01 -2.533107863006663768e-02 9.986604315413979416e-01 -4.510802887181936810e-02 -2.751411304962392279e+00 4.886936565238807484e-01 5.173368586003297687e-02 8.709489139182247097e-01 4.264893907980520282e+01
8.695967891667110150e-01 5.417221300543204098e-04 -4.937752531658382016e-01 -1.684266101919956427e+01 -2.399778055622524969e-02 9.988640876252440348e-01 -4.117392481033702034e-02 -2.810586384689095052e+00 4.931922120163776402e-01 4.765334302255794935e-02 8.686218430109017286e-01 4.358036512841305665e+01
8.668625225078614438e-01 1.266685594857113253e-03 -4.986615916416491934e-01 -1.738737685285375889e+01 -2.256037256932634169e-02 9.990720547704468046e-01 -3.668967761540387756e-02 -2.876029325279041871e+00 4.981525908334439867e-01 4.305251960293807190e-02 8.660865756948669114e-01 4.450563904737231979e+01
8.642395842791232852e-01 -9.418086968927526312e-04 -5.029916197249147958e-01 -1.793222688380907570e+01 -1.908416668652376108e-02 9.992170458688899304e-01 -3.464914299625838218e-02 -2.925068781956042585e+00 5.026303548694708301e-01 3.954603327840149063e-02 8.635449176654027559e-01 4.543085605543138428e+01
8.581901199990998874e-01 -2.463601629093546946e-03 -5.132886040040284259e-01 -1.849251194676607923e+01 -1.924605531268139616e-02 9.991309734128874798e-01 -3.696798530540432171e-02 -2.985507860207408548e+00 5.129335390445829423e-01 4.160709905483570697e-02 8.573969503921813340e-01 4.633763716313499970e+01
8.528114050480912756e-01 -5.023099132214658112e-03 -5.222335650953440211e-01 -1.905338033404513709e+01 -1.839083201586963479e-02 9.990446352871211744e-01 -3.964174678848374905e-02 -3.043747800182489804e+00 5.219339789918487904e-01 4.340830385407556252e-02 8.519041663641592210e-01 4.724682231990249903e+01
8.457114161798797713e-01 -4.845956232434041853e-03 -5.336505682546643925e-01 -1.963891813352786286e+01 -1.865293996345770630e-02 9.990792931253376086e-01 -3.864293601920979621e-02 -3.098272429874182166e+00 5.333464359197773730e-01 4.263672258845516844e-02 8.448423621173597464e-01 4.815955020351445626e+01
8.410805747573723012e-01 -2.166056084907492900e-03 -5.409941212353266415e-01 -2.024029441037830424e+01 -1.933251004742868318e-02 9.992327431332770349e-01 -3.406792123775470582e-02 -3.145073216097451052e+00 5.406529960630240828e-01 3.910966443742942833e-02 8.403932427210757394e-01 4.906756763799899801e+01
8.367929083568643733e-01 1.175511827373748467e-03 -5.476183913310760376e-01 -2.084017451850332137e+01 -2.039215983413095179e-02 9.993707847136453770e-01 -2.901409760473416463e-02 -3.196049948627034176e+00 5.472399027116897630e-01 3.544224718311758671e-02 8.362902468441938408e-01 4.996467451244137692e+01
8.317230040602016095e-01 1.518277869970597249e-03 -5.551024694419249839e-01 -2.144956675402887569e+01 -2.183102829551153423e-02 9.993123876721654586e-01 -2.997603998168383785e-02 -3.246021407359959809e+00 5.546752325519315185e-01 3.705232021758668448e-02 8.311842518604677377e-01 5.085744596999656153e+01
8.284195450554775464e-01 3.344587384590073107e-04 -5.600374560816582248e-01 -2.206156360001459760e+01 -2.419690773595296537e-02 9.990876720788223198e-01 -3.518405566152156549e-02 -3.292663626030988944e+00 5.595148054124907677e-01 4.269746962611966484e-02 8.276718066083761371e-01 5.173592090799807863e+01
8.260959945642895041e-01 -2.339555064843438018e-03 -5.635197310210366961e-01 -2.267085672816069675e+01 -2.576720121114156950e-02 9.987886367023127709e-01 -4.192330833146971913e-02 -3.354368916648685861e+00 5.629350257297445204e-01 4.915560765832355239e-02 8.250349978303829213e-01 5.261538361507477646e+01
8.230563139963905650e-01 -2.309262459031210472e-03 -5.678730392845399155e-01 -2.329241365639417793e+01 -2.634413699286928048e-02 9.987600679242428781e-01 -4.223441034633071411e-02 -3.409754079938324800e+00 5.672660406472973538e-01 4.972792486315436716e-02 8.219749360191251908e-01 5.349086368375549938e+01
8.204493696200206854e-01 -1.009360849634189771e-03 -5.717105325315522402e-01 -2.391277849751210027e+01 -2.584980318296192792e-02 9.989102363683278751e-01 -3.885387647985685811e-02 -3.469534542478682315e+00 5.711268711657129238e-01 4.665377581339238272e-02 8.195291703139895301e-01 5.436990643089560393e+01
8.163535188264355869e-01 1.297519525400745929e-03 -5.776357983849997879e-01 -2.455226763382158595e+01 -2.474912695771666615e-02 9.991574388721817801e-01 -3.273776533270769673e-02 -3.519370813325830571e+00 5.771068155240353104e-01 4.101998699416132405e-02 8.156978793337008593e-01 5.525443650780783145e+01
8.129408820246382117e-01 3.139770132300427619e-03 -5.823704990003575332e-01 -2.519973492690176187e+01 -2.496156403540583657e-02 9.992541689851509590e-01 -2.945675921073618794e-02 -3.565443145530509117e+00 5.818436084214135828e-01 3.848685422021504154e-02 8.124131080554576334e-01 5.611716852202321348e+01
8.103730032013041207e-01 4.190626511012060171e-03 -5.859835802307018504e-01 -2.583886764369941957e+01 -2.684603034515201450e-02 9.991897101621389776e-01 -2.997159932321823150e-02 -3.615507269732397333e+00 5.853832682140683863e-01 4.001508014482508396e-02 8.098289067957064047e-01 5.699214317432618770e+01
8.066061109842564969e-01 2.649598530137571399e-03 -5.911338771617713483e-01 -2.649039490441798250e+01 -2.623804623171031858e-02 9.991646739160352508e-01 -3.133376975026941347e-02 -3.661951753278477106e+00 5.905571672554610352e-01 4.078649215381742466e-02 8.060019311450880020e-01 5.786519364526385800e+01
8.029449951227364268e-01 1.111703918916965000e-03 -5.959609669707466306e-01 -2.714028436043901493e+01 -2.648200051206568706e-02 9.990772822115114860e-01 -3.380020898551237135e-02 -3.717174076966974106e+00 5.953734247768494026e-01 4.292277483575397679e-02 8.022335777492177744e-01 5.873293930808435448e+01
7.994172292228113319e-01 -3.671404440212562982e-04 -6.008424999077204287e-01 -2.779990383720182479e+01 -2.551912044215601597e-02 9.990764528602176231e-01 -3.456370421214497585e-02 -3.767296680462817626e+00 6.003005440623615518e-01 4.295969332144493336e-02 7.986694586907445714e-01 5.959353067369730184e+01
7.938398252246735565e-01 -9.948589919659320789e-04 -6.081507755753718936e-01 -2.847946567695784736e+01 -2.376304805928524180e-02 9.991840944671523950e-01 -3.265734897065196429e-02 -3.817380729444348919e+00 6.076873781228037119e-01 4.037384584353265887e-02 7.931685093738788384e-01 6.045984516826598565e+01
7.905384737910865489e-01 -1.219575731918820342e-03 -6.123575570764600018e-01 -2.915039989292085565e+01 -2.369901267691319757e-02 9.991879990220667862e-01 -3.259022315911710294e-02 -3.871180415200038194e+00 6.119000685494262459e-01 4.027996718858799230e-02 7.898677816805602658e-01 6.132290573468514339e+01
7.845005615731752702e-01 -2.033178858735610467e-03 -6.201762798708407853e-01 -2.984287477259932331e+01 -2.329261207522273849e-02 9.991921963781317251e-01 -3.272953822716430372e-02 -3.928614408341912778e+00 6.197421168767626165e-01 4.011943004642253702e-02 7.838195754417903727e-01 6.217669936163606792e+01
7.790216082827441380e-01 -3.593309742558724405e-03 -6.269327382541789451e-01 -3.054314264018431047e+01 -2.293005081291199163e-02 9.991512945137036583e-01 -3.422556172497051574e-02 -3.977133871362287465e+00 6.265236581138962091e-01 4.104214120250905540e-02 7.782781198285221302e-01 6.302638771983912847e+01
7.744664248729952183e-01 -4.388670980888431140e-03 -6.325992219985788756e-01 -3.124337023643239775e+01 -2.211283325222542645e-02 9.991770039501043366e-01 -3.400073579864524437e-02 -4.027979107254133773e+00 6.322279118868552317e-01 4.032082169750046685e-02 7.737320713790795113e-01 6.387333344341507768e+01
7.681921242108102899e-01 -5.852376806012664009e-03 -6.401636452142031031e-01 -3.196594959809068115e+01 -2.218920694113857978e-02 9.991139863692344303e-01 -3.574908035756795693e-02 -4.086036862460172614e+00 6.398058209885455483e-01 4.166692743109051689e-02 7.673818257259550357e-01 6.472024287484576632e+01
7.628508608449683370e-01 -8.058641298263708938e-03 -6.465197928004693395e-01 -3.268654990510164993e+01 -2.073166131113393998e-02 9.991032157310548723e-01 -3.691168647879541215e-02 -4.139257417235264747e+00 6.462374249722674380e-01 4.156517391687011148e-02 7.619998380663108861e-01 6.556666457546441507e+01
7.560946050358932080e-01 -8.912853477790905893e-03 -6.543891711977961601e-01 -3.342647626909888459e+01 -1.996240216806880602e-02 9.991279021342844846e-01 -3.667949273020256612e-02 -4.191242225107386865e+00 6.541457483643463577e-01 4.079528318458541108e-02 7.552573006835211489e-01 6.641133902471018757e+01
7.504486081935298758e-01 -9.455047967014088006e-03 -6.607555129827221707e-01 -3.417410012320901558e+01 -1.846596839137124718e-02 9.992072882140955459e-01 -3.525791424630357607e-02 -4.251351757995018410e+00 6.605650985552165011e-01 3.866333112201471300e-02 7.496793925938396441e-01 6.724523824455367560e+01
7.443933504944654223e-01 -9.425946355690080838e-03 -6.677231177309148613e-01 -3.492862685087516894e+01 -1.782208377176638936e-02 9.992636661286038446e-01 -3.397369144145449826e-02 -4.299860249147733349e+00 6.675517989390458151e-01 3.718883087248565228e-02 7.436773539900289887e-01 6.807886561726854779e+01
7.387792165108337805e-01 -1.119650872053720887e-02 -6.737872810225166154e-01 -3.570046491946764178e+01 -1.667651443225191821e-02 9.992521053138971876e-01 -3.487901275273148222e-02 -4.354160178944179727e+00 6.736738662685851642e-01 3.700467679522001507e-02 7.380400955069649216e-01 6.890482742832463714e+01
7.318536766059021703e-01 -1.313443145309752501e-02 -6.813187452215440087e-01 -3.648472880830694720e+01 -1.563922561868437075e-02 9.992271931730170031e-01 -3.606497731226578074e-02 -4.418337672777180813e+00 6.812659486583619861e-01 3.705076692182035503e-02 7.310827573687556091e-01 6.972882184165978003e+01
7.261030015287356365e-01 -1.342516445050234188e-02 -6.873385202737523070e-01 -3.726726994284523897e+01 -1.645567004730490168e-02 9.991837095112749978e-01 -3.689973641907440260e-02 -4.469558118656356882e+00 6.872726960324497814e-01 3.810706536632079561e-02 7.252895943493938846e-01 7.054700914011813495e+01
7.201316420559525922e-01 -1.242867873148033146e-02 -6.936436996989429060e-01 -3.806949977963076748e+01 -1.636974195579051633e-02 9.992569184198246690e-01 -3.488737220347936513e-02 -4.524283856923641878e+00 6.935619538621417002e-01 3.647601871905992860e-02 7.193931778054729609e-01 7.136319155772993383e+01
7.173858622409576835e-01 -1.181773729504952825e-02 -6.965377242169258354e-01 -3.888026072061501281e+01 -1.778878571091143876e-02 9.992194999311059256e-01 -3.527748088342224503e-02 -4.582409767212119789e+00 6.964110392877091993e-01 3.769830293412955446e-02 7.166156799841560954e-01 7.217666756854720234e+01
7.122271917843659983e-01 -1.233613330064905859e-02 -7.019509690898949605e-01 -3.970548706161830665e+01 -1.790181645511530056e-02 9.992012232674594152e-01 -3.572270088711614749e-02 -4.636334633496736579e+00 7.018312044581822562e-01 3.800607969446601758e-02 7.114374525629207913e-01 7.299661349191177351e+01
7.068235059716628799e-01 -1.438849843082827713e-02 -7.072875854850831923e-01 -4.053119934019319714e+01 -1.832957727411152135e-02 9.990848962541384326e-01 -3.864086640862374189e-02 -4.697489380682560167e+00 7.071967608170003361e-01 4.027004346192383788e-02 7.059130227352891085e-01 7.380555828866161505e+01
7.017382516320226360e-01 -1.613490565481045039e-02 -7.122312154407008933e-01 -4.136048111236953417e+01 -1.899124236301415192e-02 9.989646079870034834e-01 -4.134285014739068342e-02 -4.766237030569660860e+00 7.121608955937441809e-01 4.253961238568016584e-02 7.007052762719346850e-01 7.461503904703636181e+01
6.962548537630810497e-01 -1.629437705632140812e-02 -7.176856399164494027e-01 -4.221294138643872884e+01 -1.964364552010706977e-02 9.989353145154359348e-01 -4.173670259195927379e-02 -4.825352189471119324e+00 7.176021837306483242e-01 4.315164441207212931e-02 6.951933733054981301e-01 7.542406917141116196e+01
6.916858433886342583e-01 -1.665443154704262727e-02 -7.219358423868342811e-01 -4.306575554782013882e+01 -1.830436104042098416e-02 9.990086577771051246e-01 -4.057959127407751582e-02 -4.886464396347598438e+00 7.218961268764234607e-01 4.128485336248577386e-02 6.906953551727618157e-01 7.622932642261450553e+01
6.878588806805301381e-01 -1.629201532367578406e-02 -7.256711987948747389e-01 -4.392285989953853687e+01 -1.745335056693224710e-02 9.990877466006372609e-01 -3.897000962107421973e-02 -4.948110750530544166e+00 7.256443558614117384e-01 3.946767762655464806e-02 6.869471105118016840e-01 7.703286913204060227e+01
6.828259219389712920e-01 -1.740720299592455819e-02 -7.303730677374468128e-01 -4.480120458835453690e+01 -1.676088940696131985e-02 9.990797526297509057e-01 -3.947655996802855449e-02 -5.016892222511029509e+00 7.303883965353894503e-01 3.919530124213645161e-02 6.819057587465551240e-01 7.783552950030856721e+01
6.781432332663135387e-01 -1.868473239700826211e-02 -7.346847571963465162e-01 -4.567548523539375793e+01 -1.573133502933968947e-02 9.990786434026954765e-01 -3.992710103208840788e-02 -5.066617651580362924e+00 7.347543016017180628e-01 3.863100096468015388e-02 6.772244748591590424e-01 7.863475541454067752e+01
6.724519508811837021e-01 -1.925511060782822415e-02 -7.399939006764257865e-01 -4.655798754318882260e+01 -1.467515335121499440e-02 9.991181495596944684e-01 -3.933503327421079138e-02 -5.132968717193860719e+00 7.400991864998816006e-01 3.730378220155808333e-02 6.715764025307713325e-01 7.942591381694045083e+01
6.694821351892696892e-01 -2.001918551950323394e-02 -7.426926230373550597e-01 -4.746271894266913449e+01 -1.323225737867715808e-02 9.991567602404916038e-01 -3.886769002385459526e-02 -5.189002051652419567e+00 7.428447903329910007e-01 3.584525972470208044e-02 6.686527624948912507e-01 8.021188066672888795e+01
6.660802892640275141e-01 -2.223410130725310407e-02 -7.454834051586595178e-01 -4.836286518069118756e+01 -1.078200128596424646e-02 9.991641335815599767e-01 -3.943266321627437315e-02 -5.251118167915145740e+00 7.457369516186215241e-01 3.430486352091340063e-02 6.652837768271117058e-01 8.099229381928509497e+01
6.614094746023906346e-01 -2.761052438707123011e-02 -7.493892189136590609e-01 -4.925426420754912016e+01 -7.194484689786044378e-03 9.990426585343236132e-01 -4.314653001897961887e-02 -5.314747496269709437e+00 7.498630078875212490e-01 3.392898288770606480e-02 6.605777683678024648e-01 8.179360689635211656e+01
6.565121885230229548e-01 -3.116976965866645466e-02 -7.537708568138902221e-01 -5.017644694292406626e+01 -4.331476648672769048e-03 9.989736928939646488e-01 -4.509271007617546290e-02 -5.378237499667084975e+00 7.544027895020860575e-01 3.286972977455333150e-02 6.557034124444018897e-01 8.258962844728549157e+01
6.505197619205378423e-01 -3.528232009769806388e-02 -7.586443288808528695e-01 -5.109715550799897699e+01 2.454771022495377646e-03 9.990128520758054798e-01 -4.435942326616394704e-02 -5.447668079175981504e+00 7.594604421722996879e-01 2.699668969732249221e-02 6.499642155133920074e-01 8.336812297746386946e+01
6.415744067636759418e-01 -3.966987836374460258e-02 -7.660533575825305697e-01 -5.203122628523375681e+01 7.530174628911700217e-03 9.989390896120640129e-01 -4.542640543238511686e-02 -5.519738714141610991e+00 7.670433761907069492e-01 2.336913479857369996e-02 6.411928963893054334e-01 8.415306972114905193e+01
6.355012915803853746e-01 -4.114445276552666092e-02 -7.710042739441789195e-01 -5.297475434577713571e+01 1.098997636500217631e-02 9.989599324621222243e-01 -4.425417145701983357e-02 -5.592310924160647012e+00 7.720232351330288401e-01 1.964897415801298078e-02 6.352926493057288182e-01 8.493746365769108309e+01
6.240044370510113847e-01 -3.977170980845699810e-02 -7.805029665982446963e-01 -5.394634982642061516e+01 1.229276821386416155e-02 9.990799379682868686e-01 -4.108898431047788846e-02 -5.653134513442436671e+00 7.814190202746817970e-01 1.604874897183629703e-02 6.239191802785535312e-01 8.570030583488546938e+01
6.140324817553688419e-01 -3.960482787843918467e-02 -7.882629713834369278e-01 -5.491872218504275338e+01 1.192515440846306403e-02 9.990919581615663736e-01 -4.090216968883004373e-02 -5.725949663866770400e+00 7.891670614026768948e-01 1.571802636484661772e-02 6.139470241448020671e-01 8.644570769794849241e+01
6.074058436458505961e-01 -3.931186308688455061e-02 -7.934238447607624423e-01 -5.589864579239069542e+01 9.934268925669054867e-03 9.990729840136318707e-01 -4.187975384220622016e-02 -5.786051537436724068e+00 7.943347627896842900e-01 1.756044209122640046e-02 6.072326129037196596e-01 8.719509965362529158e+01
5.962467492780678668e-01 -4.225270309639195254e-02 -8.016715808011903865e-01 -5.689824255283633647e+01 1.169585890669257514e-02 9.989652294842293889e-01 -4.395329278104669751e-02 -5.859310643506595362e+00 8.026991234780306295e-01 1.683124753196394915e-02 5.961238781522232300e-01 8.792564315559572208e+01
5.856463092369121881e-01 -4.357538499489419653e-02 -8.093840953134719962e-01 -5.791041299034487366e+01 1.119620522676161370e-02 9.988935428745414624e-01 -4.567810855167593609e-02 -5.925841991467337699e+00 8.104790923798974589e-01 1.768748857932910326e-02 5.854862118076139543e-01 8.864939627601202687e+01
5.766667174827766473e-01 -4.481000220484579466e-02 -8.157574628460561028e-01 -5.892851309264206350e+01 1.520545348431343383e-02 9.989104076878942973e-01 -4.412467145321914003e-02 -5.996690523262759420e+00 8.168460084827565693e-01 1.303988893537987546e-02 5.767197755785357094e-01 8.937307250012355553e+01
5.658588329785086968e-01 -4.433272374701804214e-02 -8.232769964065501656e-01 -5.996686480685448117e+01 1.663015788818926130e-02 9.989638653724235429e-01 -4.237481143625074220e-02 -6.067799333812203599e+00 8.243020078817576701e-01 1.029025671364178912e-02 5.660099737682084964e-01 9.007569666058597591e+01
5.555702959149259046e-01 -4.507246080762999235e-02 -8.301413091217874074e-01 -6.101359603676124976e+01 1.727374844289502123e-02 9.989396710053836115e-01 -4.267810400506669155e-02 -6.137283573249929347e+00 8.311846332979792029e-01 9.366175886292653005e-03 5.557601756349277444e-01 9.077030391919497276e+01
5.447405742602355883e-01 -4.573842194566436758e-02 -8.373843013673487601e-01 -6.207116091913294298e+01 1.647070796480728030e-02 9.989028321048739611e-01 -4.384988251476096971e-02 -6.206749571881572614e+00 8.384704785073446853e-01 1.010236226846587294e-02 5.448958959839811378e-01 9.144820990474919142e+01
5.342609044486360537e-01 -4.577852733200194618e-02 -8.441424597128220908e-01 -6.314785803483007953e+01 1.511340288729635245e-02 9.988900963372411290e-01 -4.460298362548895112e-02 -6.285486822293363751e+00 8.452480065717030699e-01 1.106595501119236533e-02 5.343602001189691197e-01 9.211417980110837789e+01
5.259780980045680732e-01 -4.738132850748687924e-02 -8.492804959602872072e-01 -6.421356468882335378e+01 1.480896250050013456e-02 9.988060125938096334e-01 -4.655663441306920336e-02 -6.359413564583778822e+00 8.504722258844676919e-01 1.191466709939788607e-02 5.260516180469471115e-01 9.277360668668630694e+01
5.153298244086724766e-01 -4.676430063632737444e-02 -8.556787373042521461e-01 -6.531369403334512924e+01 1.343284249740795896e-02 9.988282377753672225e-01 -4.649472117570772195e-02 -6.432657314727249442e+00 8.568503630199812982e-01 1.246468669225474397e-02 5.153542836068235600e-01 9.341701887394761172e+01
