1.0 0.0 0.0 0.0 0.0 1.0 0.0 0.0 0.0 0.0 1.0 0.0
0.9999331 0.011509333 0.0011760822 0.30212402 -0.011506382 0.99993074 -0.0024861393 -0.0087890625 -0.0012046098 0.002472446 0.99999624 0.003540039
0.9998523 0.017112866 0.0016413181 0.58825684 -0.017106252 0.9998459 -0.0039614406 -0.023925781 -0.0017088527 0.0039327876 0.9999908 0.0061035156
0.99981105 0.019421756 0.00070955115 0.8868408 -0.019417286 0.99979436 -0.0058390275 -0.028808594 -0.0008228476 0.005824143 0.9999827 0.012573242
0.9998287 0.018504461 -0.00018696072 1.1972656 -0.018505326 0.99980295 -0.007177328 -0.03491211 5.4080432e-05 0.0071795587 0.99997425 0.010253906
0.99993384 0.011335896 -0.0019482701 1.5145264 -0.011353916 0.9998904 -0.009505329 -0.040283203 0.0018403364 0.009526816 0.999953 0.008422852
0.9999925 -0.0001904121 -0.0038761294 1.8413086 0.00014600644 0.99993443 -0.011449891 -0.037231445 0.0038780558 0.011449239 0.9999269 0.017456055
0.99987465 -0.015352038 -0.0038791457 2.1697998 0.015307889 0.9998205 -0.01116842 -0.020751953 0.0040498767 0.01110767 0.9999301 0.020996094
0.999359 -0.035529878 -0.0043603536 2.5185547 0.035498302 0.9993443 -0.007117805 0.0034179688 0.0046103643 0.0069584483 0.9999652 0.024902344
0.99850357 -0.054369137 -0.005863717 2.8712158 0.054350786 0.9985165 -0.003245053 0.041870117 0.0060314415 0.0029214278 0.9999775 0.025756836
0.9971125 -0.07566014 -0.006404354 3.2370605 0.075643204 0.9971303 -0.0028469847 0.08093262 0.0066014053 0.0023542468 0.99997544 0.026855469
0.99528056 -0.09691611 -0.004989811 3.6195068 0.09689529 0.995286 -0.0042571947 0.12536621 0.005378955 0.0037536952 0.9999785 0.03125
0.9933483 -0.11508021 -0.0039429506 4.0028076 0.115064405 0.9933498 -0.0040253964 0.1796875 0.004380013 0.0035450235 0.99998415 0.039794922
0.9909783 -0.1340154 -0.003357124 4.3983154 0.13400267 0.9909786 -0.00376594 0.24291992 0.003831318 0.0032822695 0.9999873 0.041137695
0.9887774 -0.14937437 -0.0031165476 4.817383 0.14936543 0.98877937 -0.0029267126 0.3244629 0.0035186464 0.0024283386 0.9999909 0.045898438
0.9868847 -0.16136463 -0.0030305837 5.2425537 0.1613564 0.98688674 -0.0027895703 0.40112305 0.0034411992 0.0022639085 0.99999154 0.053955078
0.9846082 -0.17478275 -0.0033394266 5.6831055 0.1747706 0.98460925 -0.003642653 0.48425293 0.0039246017 0.0030031092 0.9999878 0.056884766
0.9829622 -0.18374684 -0.0050675664 6.133301 0.18371208 0.98295933 -0.0066413265 0.5699463 0.006201462 0.005597524 0.99996513 0.06750488
0.9815709 -0.19093859 -0.0070755323 6.598755 0.1908972 0.98158526 -0.006131025 0.6680908 0.008116131 0.00466709 0.9999562 0.071777344
0.9800506 -0.19853191 -0.008934934 7.072876 0.19848897 0.9800848 -0.005469986 0.7657471 0.009842952 0.0035869712 0.9999451 0.07299805
0.97846895 -0.20610027 -0.011633012 7.562134 0.20603669 0.97853035 -0.0064352737 0.8763428 0.012709299 0.0039002332 0.9999116 0.078125
0.97665167 -0.21439867 -0.01299601 8.064209 0.214272 0.9767098 -0.010478261 0.9876709 0.014939786 0.0074486714 0.9998607 0.087890625
0.97492254 -0.22222066 -0.012266666 8.586548 0.22200409 0.97490317 -0.016861636 1.0966797 0.015705291 0.013715463 0.9997827 0.09899902
0.97300935 -0.23029168 -0.014667158 9.113403 0.23004061 0.9730307 -0.01699876 1.2230225 0.018186573 0.013167275 0.99974805 0.118896484
0.9709504 -0.23849437 -0.019612903 9.6427 0.23825751 0.9711102 -0.013671039 1.3745117 0.022306712 0.00860217 0.9997144 0.11816406
0.96908706 -0.24552485 -0.023937225 10.18811 0.24532191 0.9693703 -0.011119218 1.5262451 0.025934948 0.0049024085 0.9996517 0.12866211
0.9665435 -0.25534254 -0.024864545 10.753906 0.2550705 0.9668394 -0.013610296 1.675415 0.027514882 0.006813656 0.9995982 0.14587402
0.9640309 -0.2644833 -0.02636065 11.326538 0.26413947 0.96435547 -0.01583045 1.8331299 0.02960838 0.008299209 0.9995272 0.17248535
0.9620182 -0.27127802 -0.029626384 11.909424 0.2709038 0.96244574 -0.01606548 2.005371 0.032873638 0.0074256323 0.9994318 0.18615723
0.959771 -0.27876803 -0.03305591 12.500244 0.27839166 0.96032286 -0.01558277 2.1904297 0.036089405 0.005751022 0.9993321 0.20458984
0.9572803 -0.28670308 -0.037977897 13.102051 0.28626016 0.9580194 -0.016745247 2.375122 0.041183263 0.0051608896 0.9991385 0.23168945
0.9552611 -0.29211697 -0.0457517 13.719238 0.29162875 0.95635086 -0.017157646 2.571045 0.048768256 0.0030458726 0.99880594 0.26245117
0.95375556 -0.29578108 -0.053775813 14.345581 0.29525277 0.9552702 -0.01769843 2.7768555 0.056603983 0.001003141 0.99839586 0.29138184
0.9520041 -0.2996273 -0.06266245 14.983765 0.29905123 0.95406324 -0.018600108 2.9836426 0.06535652 -0.0010291771 0.99786174 0.33215332
0.9500484 -0.30343133 -0.07285858 15.630859 0.30300117 0.95282 -0.017160678 3.2000732 0.074627675 -0.005774232 0.9971953 0.3701172
0.948154 -0.30737576 -0.08073948 16.287231 0.3070346 0.95154506 -0.016913924 3.4210205 0.082027234 -0.008753158 0.9965918 0.41955566
0.94581693 -0.31256077 -0.08775675 16.95459 0.31247416 0.94978946 -0.0150796585 3.6582031 0.08806456 -0.013168318 0.9960265 0.47631836
0.94426656 -0.3155531 -0.09390458 17.631348 0.3156899 0.9487781 -0.013786683 3.8931885 0.09344366 -0.016619531 0.9954865 0.5422363
0.9419517 -0.32003123 -0.10158157 18.316772 0.32063827 0.9471472 -0.010735782 4.1446533 0.099649005 -0.02245726 0.9947691 0.6072998
0.9397769 -0.32497573 -0.10563649 19.021484 0.32594553 0.94532216 -0.008438192 4.402832 0.10260387 -0.026505997 0.9943705 0.6796875
0.9378931 -0.3296769 -0.10802239 19.73523 0.3307076 0.9436928 -0.008754124 4.6624756 0.10482466 -0.027514922 0.99410933 0.7561035
0.9362565 -0.3346912 -0.10710852 20.456177 0.33594078 0.9418956 -0.006692135 4.9329834 0.10312389 -0.029707694 0.9942242 0.8391113
0.93341017 -0.3425997 -0.10644293 21.189575 0.3437735 0.93899804 -0.0076935887 5.2078857 0.10258752 -0.02941431 0.9942901 0.921875
0.9318183 -0.34777218 -0.10381791 21.929932 0.34902793 0.9370958 -0.0064149546 5.491089 0.099515095 -0.030257696 0.9945751 1.0045166
0.929334 -0.3551508 -0.10107875 22.667725 0.35630468 0.93434846 -0.0070102457 5.777466 0.096932665 -0.029496398 0.99485445 1.0859375
0.9255513 -0.36617422 -0.09617099 23.440918 0.3674883 0.93000656 -0.0043222383 6.0914307 0.09102077 -0.031345773 0.99535495 1.1625977
0.92312527 -0.37347993 -0.091348164 24.195679 0.37483555 0.92708397 -0.0024892641 6.4071045 0.085616015 -0.031944342 0.9958157 1.244751
0.9196673 -0.38232628 -0.08946854 24.959839 0.38388374 0.9233613 0.00021492015 6.7321777 0.08252818 -0.034540724 0.99599105 1.3165283
0.9166497 -0.3898344 -0.088385776 25.727783 0.39148408 0.9202022 0.0014406457 7.071167 0.08076885 -0.035926953 0.9960834 1.390625
0.9124535 -0.39952862 -0.088141784 26.503052 0.40127784 0.9159332 0.0023446472 7.4174805 0.07979959 -0.03751314 0.9961053 1.4645996
0.90961593 -0.40634215 -0.0867076 27.281616 0.4081053 0.9129466 0.0028896017 7.7734375 0.077986635 -0.038002357 0.9962315 1.5314941
0.90540063 -0.41583258 -0.08571063 28.071777 0.41767654 0.90859336 0.003988485 8.146362 0.07621812 -0.039404627 0.9963131 1.597168
0.90161616 -0.4245201 -0.08303643 28.865845 0.4262848 0.9045951 0.003933549 8.528687 0.07344423 -0.038947403 0.99653757 1.6672363
0.89861804 -0.4314862 -0.07938947 29.669922 0.43308982 0.90134245 0.003342901 8.914551 0.070114285 -0.03738352 0.9968387 1.7352295
0.89532936 -0.4391726 -0.07403607 30.484497 0.4407417 0.89759946 0.0055179736 9.320435 0.06403567 -0.037574515 0.9972405 1.7976074
0.89212996 -0.4463755 -0.069529265 31.29895 0.44778508 0.89411396 0.0053470484 9.734375 0.059779607 -0.035900634 0.9975664 1.8607178
0.8881547 -0.4545888 -0.06707381 32.125122 0.45591742 0.8899887 0.0051613776 10.163818 0.05734976 -0.03516293 0.99773514 1.9229736
0.88518745 -0.46052665 -0.06574119 32.956055 0.4618158 0.88694024 0.005080752 10.602661 0.05596988 -0.034858517 0.9978241 1.9807129
0.88304454 -0.46491265 -0.063622445 33.796265 0.4661391 0.88467425 0.0051135123 11.053955 0.05390701 -0.034179177 0.9979603 2.0291748
0.87974817 -0.47137538 -0.062033746 34.647705 0.47244436 0.8813552 0.002947753 11.509644 0.053284183 -0.031900015 0.99806976 2.0872803
0.87730855 -0.47604346 -0.06087274 35.50293 0.4770792 0.8788512 0.0028625708 11.979248 0.052136157 -0.031549126 0.9981419 2.1402588
0.87589467 -0.47856575 -0.06106091 36.368042 0.47954175 0.87748677 0.0015231287 12.462402 0.052851964 -0.030622393 0.9981324 2.1966553
0.874204 -0.48161298 -0.06188387 37.248535 0.4825843 0.8758569 0.0008579772 12.952881 0.053787436 -0.030614542 0.99808276 2.248413
0.8744605 -0.4812856 -0.060814843 38.134766 0.48227525 0.8760274 0.001826237 13.448975 0.05239405 -0.030930769 0.9981466 2.305542
0.87365806 -0.48294243 -0.058760233 39.036743 0.48384747 0.8751304 0.0013523914 13.952881 0.050769564 -0.029611276 0.9982716 2.3669434
0.8732355 -0.48396334 -0.057235498 39.946777 0.4847653 0.8746654 0.00014354312 14.472168 0.04999088 -0.027869733 0.9983606 2.4221191
0.87339944 -0.483661 -0.05731441 40.869385 0.4844127 0.8748618 -0.00088753103 14.986816 0.050569132 -0.02698633 0.99835575 2.4725342
0.87155485 -0.4870105 -0.05685286 41.80127 0.4876334 0.8730538 -0.0032880907 15.512939 0.05123617 -0.024858857 0.99837685 2.5319824
0.87091225 -0.4884202 -0.054840107 42.732666 0.48895708 0.87232757 -0.0040778522 16.046875 0.049827617 -0.023264438 0.99848634 2.588501
0.8685861 -0.49294317 -0.050778683 43.666504 0.49341682 0.8697929 -0.0036097772 16.575317 0.045948178 -0.021916743 0.9987037 2.6472168
0.8660516 -0.49793148 -0.046198763 44.59436 0.4983431 0.8670415 -0.0029488676 17.11621 0.041523907 -0.020462707 0.998928 2.7125244
0.8635193 -0.50241494 -0.04271502 45.521973 0.50267464 0.86440885 -0.005214179 17.657349 0.039542 -0.016976055 0.9990734 2.76062
0.85737324 -0.51270217 -0.044822533 46.432007 0.51294243 0.85837334 -0.0068467404 18.211914 0.041982573 -0.01712336 0.99897146 2.8188477
0.8518862 -0.52168214 -0.04666585 47.34424 0.52184874 0.8530088 -0.009503266 18.767456 0.044764727 -0.016257243 0.9988652 2.8747559
0.84482324 -0.53310233 -0.04593987 48.260742 0.5332739 0.84590995 -0.009459009 19.347046 0.043903403 -0.01650097 0.9988999 2.9283447
0.8403676 -0.5404419 -0.04243695 49.171875 0.54067063 0.84126323 -0.0068720225 19.944092 0.03941642 -0.017163372 0.9990757 2.975586
0.8362559 -0.5470654 -0.038789 50.07202 0.5473563 0.8369574 -0.0036161304 20.539917 0.034441855 -0.018206768 0.99924064 3.0272217
0.831146 -0.5544969 -0.040425584 50.967773 0.5548343 0.83189654 -0.0033592028 21.144775 0.03549411 -0.019639513 0.9991771 3.0759277
0.827631 -0.5593059 -0.046090502 51.84839 0.55971974 0.8286217 -0.004589079 21.753052 0.040758558 -0.02200823 0.99892634 3.119995
0.8249962 -0.5626837 -0.052565865 52.729736 0.5631308 0.82633233 -0.00728962 22.358887 0.047537707 -0.023584856 0.9985911 3.1785889
0.8219346 -0.56701374 -0.05315335 53.607666 0.56748146 0.8232972 -0.0073107034 22.976929 0.04790244 -0.024158508 0.99855953 3.2331543
0.8194869 -0.5708963 -0.050091118 54.489258 0.5713539 0.820676 -0.0060637435 23.593994 0.04457074 -0.02365521 0.99872583 3.293335
0.8156526 -0.57691485 -0.044474877 55.376953 0.5773423 0.8165531 -0.0038409957 24.229614 0.03853116 -0.022539647 0.9990031 3.3446045
0.81236315 -0.58167356 -0.041954614 56.24243 0.58211464 0.8131276 -0.0020625792 24.873657 0.035310037 -0.022743681 0.99911743 3.3913574
0.8097726 -0.58521307 -0.043493062 57.11963 0.58573014 0.8105664 -0.001052482 25.509644 0.03586688 -0.024626276 0.9990526 3.4406738
0.80594957 -0.5903766 -0.04428432 57.99536 0.5908591 0.80680734 -0.0026554598 26.157349 0.03729614 -0.024017338 0.9990158 3.486206
0.8021835 -0.595177 -0.046438336 58.865723 0.59565616 0.8031608 -0.00424928 26.803467 0.039824672 -0.024263294 0.99891156 3.5401611
0.79862416 -0.6000974 -0.04649456 59.729004 0.60052156 0.7996375 -0.005787987 27.45935 0.040652223 -0.023298245 0.9989015 3.5897217
0.7931277 -0.6074937 -0.04393303 60.598877 0.60784024 0.7940515 -0.0065136715 28.1344 0.03884433 -0.021536602 0.9990132 3.6402588
0.7898273 -0.6117067 -0.043852072 61.4646 0.6120457 0.7907517 -0.006792424 28.80188 0.0388326 -0.021471739 0.9990153 3.6938477
0.78378123 -0.61954725 -0.04371696 62.32202 0.6198573 0.7847175 -0.007705589 29.489624 0.039074793 -0.021063384 0.9990136 3.7512207
0.77824366 -0.6263188 -0.044661496 63.17505 0.6265911 0.7792486 -0.009351439 30.185547 0.040661387 -0.020703332 0.99895877 3.7993164
0.77370095 -0.6320235 -0.043957956 64.02515 0.63225365 0.7746936 -0.010221707 30.881836 0.04051328 -0.019885601 0.99898094 3.8503418
0.76735353 -0.63959086 -0.045327023 64.87573 0.63979393 0.76843214 -0.011781797 31.599731 0.042362988 -0.019965995 0.99890226 3.908081
0.7619798 -0.6460137 -0.04524632 65.725586 0.64612585 0.7630974 -0.0140722 32.31604 0.043614086 -0.01851176 0.9988767 3.9611816
0.755241 -0.65392315 -0.044497844 66.57422 0.65399075 0.75634235 -0.01503339 33.05127 0.043490484 -0.01774539 0.9988965 4.013672
0.7496678 -0.66035 -0.042381946 67.411865 0.6603642 0.75068915 -0.015666917 33.794678 0.042159602 -0.016250864 0.9989783 4.074829
0.74366724 -0.66734445 -0.040924408 68.24927 0.66734153 0.7446289 -0.015734956 34.54492 0.04097198 -0.015608564 0.9990382 4.1243896
0.73803717 -0.6734605 -0.040756367 69.07886 0.67338634 0.7390203 -0.017590135 35.312622 0.04196455 -0.014470033 0.99901396 4.179199
0.7310874 -0.68104535 -0.04082225 69.90698 0.680895 0.7321026 -0.019632185 36.092163 0.043257825 -0.013441205 0.99897367 4.2438965
0.72529304 -0.6870488 -0.041890185 70.72876 0.6869056 0.72636116 -0.020005858 36.870728 0.04417677 -0.014266141 0.9989221 4.2957764
0.71939445 -0.69335073 -0.040269274 71.54883 0.69323266 0.72038144 -0.019102048 37.668945 0.042254157 -0.014184469 0.99900585 4.352295
0.71661174 -0.6961991 -0.041495603 72.36499 0.6961273 0.71764225 -0.018529406 38.476807 0.042682745 -0.015607538 0.99896705 4.411499
0.7114346 -0.7016175 -0.041814543 73.18848 0.7015331 0.712489 -0.019123644 39.298218 0.043204736 -0.015727602 0.99894226 4.4665527
0.70591456 -0.70696735 -0.044090442 74.00098 0.7068326 0.7071057 -0.021248722 40.119995 0.046199895 -0.016168375 0.9988012 4.528076
0.70070976 -0.7119173 -0.046370227 74.813965 0.7117429 0.7020402 -0.023062713 40.945435 0.04897323 -0.016842667 0.9986582 4.59729
0.6951967 -0.7173578 -0.046990838 75.62671 0.7171926 0.69656366 -0.02330027 41.794067 0.04944531 -0.017504392 0.9986232 4.657837
0.6907034 -0.72165823 -0.045129687 76.43555 0.72144914 0.69198716 -0.023728734 42.643433 0.048354525 -0.01617256 0.9986993 4.7209473
0.68695664 -0.7254157 -0.04331724 77.24243 0.7251992 0.6881507 -0.023425428 43.497314 0.04680147 -0.0153258005 0.9987864 4.78479
0.68192047 -0.73015743 -0.043052517 78.04883 0.7298893 0.68312156 -0.024611961 44.37195 0.04737968 -0.014643937 0.9987694 4.8552246
0.67724586 -0.7345212 -0.04249542 78.85156 0.73418856 0.6784413 -0.02595608 45.242798 0.04789706 -0.013624569 0.9987592 4.906616
0.6716027 -0.73987 -0.041175455 79.64673 0.7394981 0.67274654 -0.026609454 46.12146 0.047386523 -0.012578802 0.99879724 4.9750977
0.66868556 -0.7426181 -0.039721277 80.43579 0.7421952 0.66977155 -0.027417926 47.023315 0.046962723 -0.011141488 0.99883455 5.0334473
0.6653302 -0.7455068 -0.038186412 81.21948 0.7449666 0.66636825 -0.029681094 47.92041 0.04757638 -0.0087009445 0.9988298 5.097534
0.66065043 -0.74961257 -0.037824024 82.024414 0.74880725 0.6617126 -0.035119705 48.808105 0.051357497 -0.005129962 0.9986669 5.161865
0.65579545 -0.75414234 -0.036776803 82.82422 0.75314957 0.65682155 -0.038747907 49.726562 0.053375043 -0.0022798805 0.9985723 5.2269287
0.6500895 -0.75920373 -0.03091474 83.60718 0.7580011 0.6508084 -0.042951323 50.64331 0.052730646 0.0044918945 0.99859893 5.29895
0.64134866 -0.7667833 -0.02730008 84.39746 0.7653718 0.64185846 -0.047464766 51.57251 0.05392262 0.0095431255 0.9984993 5.373047
0.63546515 -0.771771 -0.023584437 85.18628 0.7703216 0.63576984 -0.049027365 52.512207 0.052834906 0.012988245 0.9985189 5.4484863
0.6240952 -0.78118765 -0.0199829 85.95532 0.7798533 0.624252 -0.04781659 53.47876 0.04982327 0.014264103 0.99865633 5.5131836
0.6141244 -0.78894085 -0.019649582 86.7063 0.78761494 0.6142823 -0.047780987 54.446533 0.04976297 0.013866698 0.99866474 5.5889893
0.60740465 -0.79410654 -0.021489672 87.45996 0.79276943 0.6076698 -0.047571193 55.42285 0.050821826 0.011854399 0.998637 5.6517334
0.5963143 -0.80246556 -0.020762041 88.19653 0.80098027 0.59652114 -0.050655533 56.41748 0.053036004 0.013577556 0.9985004 5.727539
0.5856826 -0.81024194 -0.021614935 88.926025 0.80866945 0.5859362 -0.05211119 57.42505 0.05489031 0.013040528 0.9984073 5.796875
0.5769366 -0.81662077 -0.016964052 89.65527 0.815046 0.5769349 -0.05346817 58.438965 0.053452417 0.017021388 0.9984254 5.871704
0.5662339 -0.82409 -0.014203873 90.36401 0.8225815 0.5661123 -0.05313227 59.4729 0.051835548 0.018410116 0.9984865 5.9471436
0.5559924 -0.8309761 -0.013270361 91.06445 0.8294376 0.55582523 -0.05400077 60.51538 0.05226148 0.019015167 0.9984525 6.0203857
0.5451313 -0.83826137 -0.01399631 91.74829 0.836666 0.5450081 -0.054799072 61.568604 0.053560168 0.01817041 0.99839985 6.093506
0.53459466 -0.84504 -0.014946376 92.420166 0.84341705 0.5345404 -0.054965384 62.641113 0.054433346 0.016771471 0.99837613 6.1762695
0.5262934 -0.8502595 -0.015786858 93.08472 0.8485283 0.52627367 -0.056665704 63.703125 0.05648091 0.01643144 0.99826866 6.253784
0.5155926 -0.85664225 -0.01631764 93.73413 0.8549303 0.51563215 -0.056175034 64.79932 0.056537494 0.015010909 0.9982876 6.331665
0.5063208 -0.8622449 -0.014951469 94.37378 0.8606967 0.50634056 -0.053589214 65.894775 0.053770743 0.014270168 0.9984516 6.4053955
0.49965215 -0.8661576 -0.012242822 95.00952 0.86470586 0.4995568 -0.052515153 67.00049 0.051601347 0.015655257 0.9985451 6.4868164
0.49112433 -0.8710949 -0.011592029 95.6272 0.86962265 0.4910009 -0.05308692 68.11719 0.051929045 0.015992872 0.9985226 6.561035
0.48374128 -0.8751742 -0.010593788 96.25293 0.87354773 0.48352313 -0.05628562 69.243164 0.054376952 0.017981814 0.9983589 6.6401367
0.47679526 -0.8790649 -0.009389109 96.8689 0.87730455 0.47647095 -0.059057985 70.35986 0.056392122 0.01992226 0.99821 6.717285
0.46975076 -0.8826552 -0.009496798 97.461426 0.88070893 0.46938404 -0.062183645 71.49634 0.059351325 0.020844553 0.99801934 6.797241
0.4647224 -0.88526016 -0.0087836925 98.063965 0.8831679 0.46426666 -0.06481917 72.63013 0.061471835 0.022372652 0.9978585 6.8847656
0.4605014 -0.88759446 -0.0070400834 98.659424 0.8855111 0.45993704 -0.06529499 73.77173 0.061202034 0.02385128 0.9978415 6.9748535
0.4568682 -0.8895793 -0.0023464803 99.24634 0.88767457 0.4560598 -0.064252354 74.903564 0.058222085 0.02726667 0.9979309 7.063843
0.45199585 -0.89201677 0.0031087054 99.82861 0.8903734 0.45094624 -0.06233344 76.04492 0.05420478 0.030933982 0.9980502 7.152588
0.44850272 -0.8936586 0.005127117 100.401855 0.8921492 0.4473953 -0.060944907 77.17822 0.05217994 0.03191566 0.99812806 7.236328
0.44675952 -0.8947566 0.00711434 100.966064 0.8933024 0.4455484 -0.06107906 78.309326 0.051469423 0.033629924 0.9981076 7.31604
0.44454995 -0.895738 0.009804426 101.52295 0.89441746 0.44323486 -0.06023099 79.44263 0.049606528 0.035551567 0.9981364 7.3934326
0.4415179 -0.89699614 0.012722796 102.07568 0.8958248 0.44010127 -0.059265323 80.56616 0.047560606 0.037568737 0.99816185 7.468872
0.4400236 -0.89777815 0.014557221 102.62622 0.8966738 0.43852127 -0.05928765 81.68457 0.04683974 0.03915018 0.9981355 7.545288
0.43749043 -0.89891684 0.01707529 103.16724 0.8978715 0.43584102 -0.060086645 82.79834 0.046577185 0.04161572 0.9980472 7.614746
0.4354828 -0.9000477 0.02146544 103.70215 0.89926153 0.4337086 -0.05845755 83.90527 0.04329218 0.044753328 0.9980594 7.685791
0.43397886 -0.90048164 0.024249114 104.23633 0.8998285 0.43209484 -0.05828817 85.0061 0.04200638 0.04712666 0.99800587 7.756714
0.43245125 -0.9013421 0.025582112 104.75464 0.9007135 0.43047076 -0.05912937 86.08765 0.04228816 0.04861845 0.99792206 7.826538
0.431409 -0.9018797 0.026494 105.26514 0.9012361 0.42932418 -0.06046536 87.15747 0.04316055 0.04995724 0.997818 7.8930664
0.43036032 -0.9022825 0.026390197 105.774414 0.9015985 0.42824388 -0.061215345 88.226074 0.043929078 0.05013235 0.99777573 7.965332
0.43139163 -0.9019097 0.025087908 106.26367 0.90116054 0.4293292 -0.061272237 89.26929 0.0444843 0.04902541 0.99780566 8.037598
0.43290222 -0.90104944 0.022840064 106.75781 0.9001834 0.43092662 -0.061539818 90.3208 0.04561733 0.047192074 0.9978429 8.103638
0.43802208 -0.89866054 0.020512415 107.241455 0.8977279 0.4361779 -0.060889713 91.34839 0.045778915 0.045079876 0.9979334 8.167847
0.44159302 -0.89691174 0.018472828 107.73657 0.89590096 0.43984404 -0.060800772 92.36572 0.046399377 0.043403227 0.99797976 8.237793
0.44948703 -0.8931081 0.016701248 108.24365 0.8920472 0.44781974 -0.060583055 93.3855 0.04662615 0.04214152 0.99802375 8.306274
0.45481837 -0.8903473 0.015536973 108.74097 0.88930845 0.45325404 -0.059248105 94.38696 0.04571787 0.040760145 0.99812204 8.371948
0.46291304 -0.88619673 0.015261454 109.251465 0.8852046 0.46139064 -0.058302686 95.38916 0.04462385 0.04051242 0.99818283 8.430786
0.4721475 -0.8814438 0.01354881 109.77905 0.8804519 0.4707387 -0.057081576 96.394775 0.043943122 0.03887265 0.99827695 8.496338
0.48156837 -0.8763414 0.012752358 110.30298 0.8753403 0.48018956 -0.056938097 97.37012 0.043776505 0.038581472 0.99829596 8.558228
0.4916038 -0.8708281 0.0109538445 110.84131 0.86972 0.490247 -0.058131944 98.33765 0.045256335 0.038093973 0.99824816 8.619141
0.50104 -0.86546284 0.0069621596 111.38428 0.8642077 0.49984306 -0.058466323 99.29736 0.047108363 0.03531266 0.9982656 8.680298
0.5125152 -0.8586584 0.0029846588 111.933105 0.8572559 0.5114729 -0.05901715 100.24927 0.049150035 0.032806918 0.9982525 8.741577
0.52512145 -0.8509948 0.0002766205 112.50464 0.8496422 0.52426887 -0.056517545 101.19116 0.047957707 0.029905284 0.9984011 8.804199
0.5369247 -0.843455 -8.341391e-05 113.07739 0.8422311 0.53615105 -0.053803965 102.118164 0.045430154 0.028820582 0.99855185 8.869263
0.5494864 -0.8354367 6.229803e-05 113.67676 0.83430296 0.5487369 -0.05212652 103.041504 0.043511827 0.028697375 0.99864084 8.9313965
0.5614142 -0.82751536 -0.0005328227 114.27368 0.8264219 0.5607053 -0.051035628 103.93506 0.04252886 0.028210387 0.9986968 8.99292
0.57247216 -0.8199562 -0.001379664 114.881836 0.8188261 0.57176995 -0.051547147 104.819336 0.043055113 0.028376937 0.99866945 9.053101
0.5840441 -0.8116769 -0.0030800584 115.51099 0.8104751 0.5833781 -0.052319907 105.69971 0.044256445 0.02806171 0.9986261 9.113037
0.59440076 -0.8042247 -0.0025060067 116.12891 0.80294997 0.5936289 -0.05450331 106.548096 0.045322515 0.030376831 0.9985098 9.1698
0.60465074 -0.7964891 -0.0028362297 116.76465 0.7952821 0.6039226 -0.053005423 107.38623 0.043931507 0.029801238 0.99859035 9.235352
0.61691606 -0.7869631 -0.0021644346 117.40405 0.7858422 0.6161796 -0.051719494 108.218994 0.042046577 0.03020392 0.9986588 9.291626
0.62566465 -0.7801392 -0.000631107 118.03906 0.7792085 0.6249577 -0.04832206 109.02734 0.03809402 0.029735431 0.9988312 9.338135
0.63634044 -0.7712857 -0.0012396002 118.69287 0.77041715 0.6356985 -0.04645475 109.81592 0.036618788 0.028608961 0.9989199 9.400391
0.6447493 -0.7644024 -0.003997566 119.33325 0.7634788 0.64421153 -0.046052773 110.59497 0.037768543 0.026635628 0.9989312 9.450684
0.6540815 -0.75649714 -0.0067734458 119.989746 0.7555389 0.6536586 -0.045252323 111.36548 0.038650777 0.024476135 0.9989526 9.496216
0.6657406 -0.74612606 -0.0069536963 120.65503 0.7452237 0.6653444 -0.0438382 112.12036 0.03733078 0.02400017 0.9990146 9.547607
0.67349935 -0.7390406 -0.006389365 121.305664 0.73823106 0.67312276 -0.04176233 112.85376 0.03516959 0.02341129 0.99910724 9.59668
0.68174034 -0.7316145 -0.0060087233 121.96826 0.7308866 0.6813887 -0.039753303 113.57666 0.03317223 0.022710888 0.9991916 9.643188
0.69082814 -0.7230541 -0.0051889136 122.65625 0.72232735 0.69042367 -0.040446393 114.283936 0.032826096 0.024199802 0.99916834 9.692017
0.69728494 -0.7168035 -0.0068424866 123.31323 0.7160949 0.69696623 -0.03880591 114.97754 0.032587446 0.02215473 0.99922305 9.733276
0.7057849 -0.70850414 -0.0062061045 123.99414 0.70785606 0.7054675 -0.037479546 115.66431 0.030921686 0.022062927 0.9992784 9.778564
0.7113937 -0.7027998 -0.005697792 124.65967 0.70222735 0.7111011 -0.035392206 116.32446 0.028926771 0.021176703 0.9993572 9.81665
0.71915805 -0.69479907 -0.0046337927 125.33154 0.694354 0.71890813 -0.03160792 116.98657 0.025292931 0.019515311 0.9994896 9.857788
0.7275031 -0.6860657 -0.0048437263 126.00635 0.68565667 0.72728187 -0.030102002 117.63623 0.024175216 0.01857856 0.99953514 9.897583
0.73394454 -0.67905706 -0.0054641054 126.664795 0.67866784 0.7337563 -0.028894281 118.256836 0.023631396 0.017499376 0.9995677 9.938599
0.7422382 -0.67006165 -0.006598152 127.326904 0.66971844 0.74211586 -0.026169429 118.87329 0.022432407 0.015002762 0.9996357 9.964111
0.75232655 -0.6586958 -0.0050766496 128.00806 0.6584353 0.7522089 -0.023356646 119.4751 0.019209187 0.014229232 0.99971414 9.998291
0.7598495 -0.6501608 -0.003588342 128.66846 0.64999413 0.7597604 -0.019105777 120.04785 0.015142966 0.012184098 0.99981105 10.028931
0.77054584 -0.63728905 -0.0045211795 129.35254 0.6371539 0.77049816 -0.016316142 120.61401 0.013883434 0.009689714 0.99985665 10.05603
0.77953476 -0.6261648 -0.005824391 130.00684 0.6260308 0.77951145 -0.015428675 121.1604 0.014203693 0.008381351 0.99986404 10.080566
0.789605 -0.61359024 -0.0073004547 130.68042 0.613438 0.7895977 -0.015862964 121.69141 0.015498294 0.00804854 0.99984753 10.103882
0.79914457 -0.60109216 -0.0076853237 131.37549 0.6009428 0.79914373 -0.015480692 122.21826 0.015448626 0.007753621 0.99985063 10.123901
0.8087809 -0.5880752 -0.006625948 132.05737 0.58796227 0.80877763 -0.013492649 122.71875 0.013293161 0.007016477 0.999887 10.145874
0.81951606 -0.5730596 -0.0047990843 132.7649 0.572989 0.8195066 -0.0109275505 123.220215 0.010195366 0.006206055 0.99992883 10.165039
0.82836246 -0.560185 -0.0026474905 133.45166 0.56013775 0.82833934 -0.00991512 123.698 0.0077470173 0.0067306994 0.99994737 10.186279
0.83698153 -0.5470941 -0.00080664223 134.16968 0.54707074 0.8369577 -0.008133826 124.16846 0.0051265815 0.0063669733 0.9999666 10.20752
0.8456454 -0.5338808 0.0016240773 134.89478 0.5338755 0.84561306 -0.007932611 124.623535 0.0028604055 0.0075749755 0.99996716 10.221558
0.8522191 -0.52322304 0.0032494115 135.60791 0.5232313 0.85218304 -0.007964177 125.07153 0.0013977638 0.0084874015 0.999963 10.231079
0.8579977 -0.5136021 0.0038486896 136.33862 0.5136161 0.8579632 -0.00772248 125.506836 0.0006660968 0.008602669 0.99996275 10.243652
0.86632377 -0.49948895 0.0038648187 137.08984 0.4995037 0.86630404 -0.0058854725 125.947754 -0.00040937262 0.007029401 0.9999752 10.252319
0.8725584 -0.48849988 0.003349518 137.82422 0.48850998 0.87255174 -0.0035996474 126.380615 -0.0011647558 0.0047772476 0.9999879 10.260376
0.87816274 -0.4782406 0.00367583 138.57715 0.4782511 0.87816006 -0.0028663445 126.79492 -0.001856917 0.0042752465 0.99998915 10.262085
0.8838196 -0.46771634 0.0032898525 139.32861 0.46772578 0.883815 -0.0032045324 127.20654 -0.0014088429 0.004371658 0.99998945 10.270508
0.88859385 -0.45868286 0.003462597 140.09058 0.4586948 0.88858336 -0.004442737 127.599365 -0.0010390617 0.005536121 0.99998415 10.2821045
0.8932103 -0.4495522 0.003732455 140.87988 0.44956613 0.89319855 -0.0047350903 127.99609 -0.001204528 0.005907385 0.9999818 10.285645
0.8958427 -0.44424894 0.0041999705 141.65723 0.4442633 0.89583856 -0.0035234212 128.39185 -0.0021969872 0.0050223987 0.99998504 10.287842
0.8990907 -0.43773103 0.0066760923 142.45483 0.43775275 0.8991024 -0.00216371 128.78516 -0.005055114 0.004868479 0.99997544 10.294189
0.9024306 -0.43081793 0.009769589 143.2627 0.43082452 0.902479 0.0015312028 129.1814 -0.009476356 0.002826984 0.9999511 10.296997
0.9049198 -0.4254722 0.011684208 144.07788 0.4254508 0.9049948 0.0043878416 129.5769 -0.012440977 0.0009995266 0.99992216 10.289917
0.9083637 -0.4180183 0.013583513 144.92773 0.41794991 0.9084644 0.007672555 129.95508 -0.015546869 -0.0012928988 0.99987835 10.283691
0.9116422 -0.4107165 0.015336162 145.76587 0.41061497 0.9117684 0.009415714 130.35889 -0.017849302 -0.002285696 0.9998381 10.272705
0.91449684 -0.40415874 0.017486561 146.64136 0.40402174 0.9146593 0.010924185 130.73804 -0.020410301 -0.0029258379 0.99978757 10.262085
0.9179955 -0.396042 0.019742325 147.52197 0.39590308 0.91820574 0.010679401 131.11914 -0.022357132 -0.0019849706 0.99974805 10.249512
0.9215378 -0.38775137 0.020748839 148.42188 0.3876056 0.9217694 0.010800976 131.50366 -0.023313591 -0.0019118739 0.9997264 10.233643
0.92458594 -0.38042516 0.021409433 149.3147 0.38029534 0.9248332 0.009998635 131.87744 -0.023603352 -0.0011046425 0.9997208 10.20813
0.9281861 -0.3714306 0.021865286 150.24805 0.371353 0.9284431 0.0076564658 132.24341 -0.023145257 0.0010132666 0.99973166 10.202148
0.93207765 -0.361607 0.021262925 151.177 0.36156237 0.9323179 0.0060433024 132.6128 -0.022009566 0.0020546257 0.99975574 10.175171
0.9373498 -0.34784123 0.01969151 152.14502 0.347795 0.9375557 0.0058351783 132.96533 -0.020491246 0.0013796003 0.99978906 10.167725
0.9416007 -0.33618766 0.018799247 153.10889 0.3361027 0.9417881 0.0076033003 133.32764 -0.020261476 -0.00084073097 0.99979436 10.146484
0.9468385 -0.3210831 0.018804204 154.09033 0.32092398 0.94701517 0.011023182 133.67603 -0.021347893 -0.004398923 0.9997623 10.129883
0.9532131 -0.30157766 0.020695426 155.10596 0.3013124 0.95340365 0.014996079 133.99927 -0.024253935 -0.008058265 0.99967337 10.106323
0.95933044 -0.28148377 0.021777224 156.12817 0.28112715 0.9595122 0.018059814 134.32056 -0.025977904 -0.011204291 0.9995999 10.083008
0.9652193 -0.26047945 0.022354756 157.17334 0.26004815 0.9653774 0.02047003 134.61401 -0.02691216 -0.013945421 0.9995407 10.06958
0.9706297 -0.23936579 0.024056425 158.22095 0.23885758 0.9707994 0.02219538 134.896 -0.028666012 -0.015797457 0.99946433 10.038208
0.97582346 -0.21683183 0.027690109 159.3186 0.21623997 0.9760799 0.022865929 135.14526 -0.03198456 -0.0163262 0.9993551 10.020386
0.9804263 -0.19450879 0.030424543 160.41016 0.19378605 0.9807188 0.025157837 135.38232 -0.034731396 -0.018768273 0.9992203 9.987671
0.98453057 -0.17170736 0.03491306 161.53076 0.17082345 0.98493534 0.026919773 135.58862 -0.039008398 -0.020539343 0.9990279 9.958984
0.98801523 -0.14948171 0.03853005 162.66626 0.14845009 0.9885143 0.02838983 135.76636 -0.042330608 -0.022329915 0.9988541 9.918823
0.99116415 -0.1268952 0.038726747 163.7998 0.1257578 0.9915953 0.030524584 135.93286 -0.042274058 -0.025386628 0.99878365 9.87793
0.99367285 -0.10585332 0.037562806 164.96338 0.10474413 0.9940363 0.030364135 136.07886 -0.04055293 -0.026237829 0.9988327 9.840576
0.9957021 -0.084711336 0.03739889 166.13745 0.083565705 0.9960116 0.031214708 136.17871 -0.03989441 -0.027955486 0.9988132 9.790894
0.9971156 -0.06501305 0.039135046 167.32397 0.06388426 0.9975224 0.02942519 136.2605 -0.04095177 -0.02683915 0.99880004 9.756592
0.99813354 -0.044852417 0.041444853 168.52417 0.0436024 0.99858075 0.030585201 136.33105 -0.042757798 -0.028720949 0.99867237 9.715088
0.9987878 -0.023626074 0.043180626 169.74268 0.022314025 0.9992821 0.030613044 136.38745 -0.04387297 -0.029612307 0.99859786 9.670288
0.99898356 -0.0036002954 0.04492928 170.95508 0.0021227044 0.9994567 0.032895137 136.40381 -0.045023292 -0.032766305 0.9984484 9.62561
0.9988319 0.018611126 0.04459732 172.21655 -0.020054847 0.99928176 0.03214097 136.39673 -0.04396695 -0.032997683 0.9984878 9.5772705
0.9983127 0.037098248 0.044683523 173.45068 -0.03867745 0.9986382 0.035019387 136.35938 -0.043323822 -0.03668792 0.9983876 9.530762
0.9973212 0.057862315 0.044747505 174.72192 -0.059484135 0.9975862 0.035805296 136.30347 -0.042567126 -0.03837101 0.9983566 9.482178
0.9960307 0.07810771 0.042648274 176.00073 -0.07968312 0.99614704 0.036572736 136.22046 -0.039625842 -0.03982664 0.9984203 9.439087
0.99457586 0.09548746 0.041218158 177.26172 -0.09706369 0.9945479 0.03808835 136.1145 -0.037355494 -0.041883323 0.9984235 9.394653
0.9925111 0.11527267 0.04045437 178.58496 -0.11686913 0.99235916 0.039603245 135.97046 -0.03558123 -0.04403451 0.99839634 9.350586
0.99027365 0.13388105 0.037717078 179.87695 -0.13533704 0.99002117 0.039128784 135.81592 -0.032101296 -0.043854617 0.9985223 9.327026
0.9876807 0.15298426 0.033051386 181.21997 -0.15428214 0.9871756 0.04111696 135.62378 -0.026337603 -0.045708433 0.9986073 9.285645
0.98413926 0.17518246 0.027639162 182.55664 -0.1762548 0.98340285 0.042838417 135.40698 -0.019672146 -0.047032006 0.9986991 9.261353
0.9815301 0.1897362 0.024450626 183.86987 -0.19070104 0.9805565 0.046282746 135.17456 -0.015195327 -0.050092205 0.99862933 9.242798
0.9782065 0.20658988 0.020741023 185.19922 -0.20737205 0.97707355 0.048175566 134.91016 -0.01031183 -0.051426154 0.9986234 9.2323
0.9735096 0.22787546 0.019067783 186.55151 -0.2285598 0.97225416 0.049949702 134.61621 -0.007160019 -0.052984506 0.99857014 9.222168
0.9701137 0.24187948 0.019169625 187.8982 -0.24254897 0.9688663 0.049615476 134.29517 -0.0065707704 -0.052782886 0.9985842 9.240723
0.96481377 0.26223606 0.01843699 189.26416 -0.26283485 0.9636078 0.048487492 133.91699 -0.005048101 -0.051628485 0.9986535 9.230103
0.960416 0.278225 0.0152786365 190.60083 -0.27864277 0.9591549 0.049211483 133.55737 -0.000966534 -0.051520295 0.99867153 9.238281
0.95559573 0.29439613 0.012319627 191.94385 -0.29463652 0.954252 0.050758988 133.18506 0.003189005 -0.052134916 0.9986349 9.2578125
0.94981855 0.31246993 0.012837141 193.30713 -0.31270796 0.94841623 0.05174161 132.7268 0.003997855 -0.053160235 0.9985778 9.261963
0.94417846 0.32924575 0.013435485 194.6914 -0.3294827 0.9426748 0.05348784 132.28491 0.00494261 -0.054927364 0.9984778 9.28064
0.93798757 0.34641793 0.011834054 196.04053 -0.34651095 0.936291 0.057054676 131.80176 0.00868764 -0.05761655 0.99830097 9.29895
0.9314179 0.36383423 0.009912888 197.38525 -0.3637637 0.92963165 0.058943324 131.29004 0.012227967 -0.05850607 0.99821234 9.323486
0.9254071 0.37883607 0.0076581268 198.75342 -0.37857994 0.92355716 0.060602706 130.76929 0.015890965 -0.058980614 0.99813235 9.349365
0.91664386 0.39967695 0.0028462838 200.12378 -0.399108 0.91490966 0.06033206 130.17627 0.021506622 -0.056439333 0.9981748 9.389526
0.9079083 0.41922098 -0.00011677947 201.4519 -0.41835263 0.90604585 0.06406622 129.59033 0.026963972 -0.058115248 0.997945 9.435181
0.8986476 0.43862838 -0.0012003216 202.80542 -0.43757313 0.8966691 0.06692532 128.99268 0.03043225 -0.05961734 0.99775755 9.480225
0.885196 0.46513748 -0.00058894046 204.14502 -0.46395382 0.88303405 0.07016846 128.29443 0.033160906 -0.061835486 0.99753517 9.536621
0.87256855 0.48845133 -0.00014124485 205.50562 -0.487086 0.87015027 0.07448932 127.569336 0.036503524 -0.06493305 0.99722296 9.607056
0.85714585 0.515045 0.0010210406 206.82837 -0.51349956 0.8544161 0.07912858 126.83667 0.039889988 -0.06835067 0.9968631 9.6698
0.844034 0.5363316 0.00035836373 208.07593 -0.53454465 0.84116656 0.08213821 126.086914 0.043746013 -0.06951984 0.99662125 9.741455
0.82809746 0.5606271 0.0010210299 209.36255 -0.55872005 0.82512754 0.083937034 125.28174 0.046210885 -0.07007761 0.9964706 9.817871
0.8115027 0.584384 5.096663e-06 210.62549 -0.58227175 0.8085692 0.084927544 124.40747 0.04963568 -0.06891401 0.9963851 9.902588
0.7939337 0.607966 -0.0024018865 211.87427 -0.60546505 0.79101515 0.08756212 123.49219 0.055133082 -0.06805944 0.99615645 9.998291
0.7778524 0.6284232 -0.005252674 213.05664 -0.62554485 0.7750368 0.0895151 122.59717 0.060313124 -0.066351585 0.99597347 10.095703
0.7617158 0.64776874 -0.0068365545 214.21826 -0.64460987 0.7589629 0.091199994 121.64746 0.06427252 -0.0650691 0.9958098 10.195801
0.74640685 0.6654863 -0.008307037 215.40845 -0.6620826 0.74374455 0.09248393 120.62622 0.06772351 -0.06352424 0.9956787 10.3125
0.73067784 0.68273985 -0.008856772 216.57666 -0.67920905 0.72810477 0.09294282 119.59619 0.06990522 -0.061893266 0.99563086 10.427612
0.7150243 0.69911635 -0.009299039 217.69312 -0.69544315 0.7125156 0.09374554 118.55908 0.07216057 -0.060555585 0.9955518 10.545898
0.699652 0.71440566 -0.011191087 218.81104 -0.71057504 0.69736767 0.09367594 117.468506 0.07472553 -0.057589762 0.99553996 10.674072
0.68362105 0.7297036 -0.013584452 219.87036 -0.72556925 0.6815199 0.09522411 116.38086 0.078752175 -0.055241838 0.9953623 10.797119
0.67034626 0.7419563 -0.015304422 220.90771 -0.7374683 0.6683129 0.09794796 115.27661 0.08289803 -0.05436449 0.9950729 10.939087
0.652984 0.7571805 -0.017112546 221.97119 -0.75244725 0.6511435 0.09921136 114.101074 0.0862476 -0.051917363 0.99492157 11.07312
0.636981 0.7706321 -0.01645901 222.98096 -0.76581246 0.6351366 0.100096025 112.941895 0.08761082 -0.05114031 0.9948395 11.223877
0.6211318 0.7835824 -0.013999143 223.95801 -0.7787483 0.6191099 0.10126649 111.76221 0.088020116 -0.05198988 0.9947601 11.368164
0.60396856 0.79703665 -0.0093860775 224.927 -0.79231185 0.601595 0.102279045 110.55249 0.087140664 -0.05432572 0.9947125 11.522583
0.5853426 0.81082386 -0.004259063 225.86157 -0.8062925 0.5826114 0.102659024 109.32788 0.08569798 -0.05665757 0.99470925 11.670532
0.56915927 0.82209444 0.00020095383 226.76782 -0.81762415 0.5660395 0.10428193 108.10962 0.0856208 -0.059519414 0.9945487 11.821899
0.5490862 0.83583707 0.0023653752 227.62402 -0.8311914 0.5457315 0.10686969 106.86597 0.08803123 -0.060644843 0.9942696 11.974731
0.53210634 0.8467182 0.005472498 228.43237 -0.84189504 0.5283628 0.11019209 105.634766 0.09040859 -0.063238285 0.9938946 12.127319
0.51319164 0.8582311 0.008158777 229.219 -0.8534073 0.50925046 0.11115099 104.3811 0.09123328 -0.06400867 0.9937708 12.287964
0.49033308 0.8714512 0.012163156 229.98828 -0.8669627 0.48628736 0.10911977 103.105225 0.08914498 -0.06404632 0.9939572 12.441284
0.47022012 0.8822705 0.015837558 230.6853 -0.8781073 0.46607903 0.10704513 101.8584 0.08708076 -0.06425429 0.99412787 12.590088
0.44942287 0.89326394 0.019325668 231.36108 -0.8893721 0.4451844 0.10535982 100.57715 0.0854993 -0.06453288 0.9942457 12.7404785
0.42765957 0.9036321 0.021026244 232.00757 -0.89986235 0.4234558 0.1040268 99.28784 0.085092954 -0.06341306 0.9943534 12.886353
0.40730944 0.913022 0.022635922 232.60474 -0.9092965 0.40307975 0.10356564 98.01489 0.08544422 -0.062752865 0.9943635 13.027832
0.3839007 0.92299634 0.023023697 233.16846 -0.9192877 0.37980404 0.1024415 96.72485 0.08580335 -0.060498696 0.99447393 13.169312
0.3610679 0.9323014 0.021574005 233.70898 -0.9284051 0.35718915 0.10247631 95.42969 0.08781885 -0.057019185 0.99450225 13.314697
0.34127688 0.93978125 0.021432532 234.19238 -0.935896 0.33755353 0.101346895 94.1604 0.08801995 -0.054638494 0.99461854 13.455444
0.31892624 0.9474415 0.021204399 234.65869 -0.9436391 0.31542075 0.09933737 92.86377 0.08744723 -0.05172557 0.9948282 13.598389
0.29849228 0.95428765 0.021094713 235.07837 -0.95042366 0.29509398 0.09909704 91.58862 0.08832381 -0.04961348 0.9948543 13.734497
0.2788855 0.9600346 0.022665622 235.47827 -0.9557936 0.27521282 0.10333145 90.32153 0.092963785 -0.050503917 0.99438965 13.879028
0.25769597 0.9658631 0.024559837 235.84985 -0.9607871 0.25349864 0.1119333 89.05371 0.10186906 -0.05242245 0.99341327 14.023071
0.24050736 0.9702824 0.027062573 236.18945 -0.9643902 0.23569609 0.12008512 87.80859 0.1101545 -0.054978795 0.99239296 14.177002
0.22146304 0.9746261 0.031311333 236.5044 -0.96847534 0.21609178 0.12364213 86.561035 0.113741934 -0.05773472 0.99183404 14.341187
0.20042516 0.97919494 0.034945697 236.79297 -0.97300285 0.19470716 0.124744035 85.30908 0.11533324 -0.058963552 0.9915716 14.5008545
0.18174638 0.98254985 0.0398603 237.06055 -0.97665876 0.17563426 0.12374253 84.069824 0.114606805 -0.061419357 0.991511 14.664795
0.16155255 0.9859073 0.044686433 237.3003 -0.98024267 0.15503617 0.12325407 82.82446 0.11460602 -0.06369607 0.9913657 14.827637
0.1441609 0.98855454 0.045952864 237.4961 -0.98295575 0.13765258 0.122380644 81.59424 0.11468277 -0.0627925 0.9914147 14.987305
