1.000000000000000000e+00 -3.306050084167601550e-19 -2.270457535318767223e-19 -8.673617379884035472e-19 7.546676715296109287e-19 1.000000000000000000e+00 6.237773588823049983e-19 1.387778780781445676e-17 -3.447385680526250622e-20 4.770700176052009879e-20 1.000000000000000222e+00 5.551115123125782702e-17
9.999300128070705007e-01 -2.296840661160698318e-03 1.160927928331786062e-02 6.552647275934001328e-03 2.280384921588410503e-03 9.999963905948823228e-01 1.430764112898314563e-03 -2.727344587387048325e-03 -1.161252504523624558e-02 -1.404190884944289978e-03 9.999316183341926401e-01 3.033987945694324728e-01
9.998324100364347489e-01 -4.803118726543124592e-03 1.766357309035921849e-02 2.431331916436183654e-02 4.767292221048718623e-03 9.999865232322980857e-01 2.069875166742491876e-03 -8.490374144629650455e-03 -1.767327442169216306e-02 -1.985338210029766268e-03 9.998417970932060861e-01 5.851546999904384538e-01
9.997606235500358096e-01 -7.618542135680831870e-03 2.050816284024325337e-02 3.139392542669699332e-02 7.595296035771882497e-03 9.999704057028958593e-01 1.210980094723761126e-03 -1.620531774929058477e-02 -2.051678481104143512e-02 -1.054909941393149340e-03 9.997889149380476681e-01 8.958312709440959809e-01
9.997935689391863612e-01 -8.303545172475531103e-03 1.855146792262074920e-02 3.880855030744749523e-02 8.310231105062236209e-03 9.999654048487390812e-01 -2.836327804195688915e-04 -1.666781807556763639e-02 -1.854847453209996708e-02 4.376899813595943938e-04 9.998279660237814337e-01 1.200184694614741421e+00
9.998778672057231365e-01 -1.104763108817155039e-02 1.105183958906490356e-02 3.857671791221525814e-02 1.106662382261379939e-02 9.999373659149609628e-01 -1.658248401052580222e-03 -1.713901472694129291e-02 -1.103282885188590010e-02 1.780392154183213938e-03 9.999375268127876915e-01 1.520313782819446846e+00
9.999270909968915877e-01 -1.207461518599634194e-02 -5.371405052109689632e-05 2.689197372592458044e-02 1.207437863307246617e-02 9.999218604994702941e-01 -3.226943556986586973e-03 -3.095313271883172457e-02 9.266889840107392666e-05 3.226060044654619190e-03 9.999947651250372660e-01 1.847791390242361498e+00
9.997815846414593866e-01 -1.177468614645275739e-02 -1.726673052179136109e-02 5.995528498383289467e-03 1.170919772991397927e-02 9.999238927943306932e-01 -3.889399304775381563e-03 -3.709812643283574851e-02 1.731121450860387961e-02 3.686361902659695666e-03 9.998433750079053217e-01 2.176899466347792966e+00
9.993363407151630851e-01 -8.807231401379440536e-03 -3.533398403703198049e-02 -2.802912514967685967e-02 8.669717417619515754e-03 9.999542416981445081e-01 -4.042118240146077429e-03 -3.589533161819676021e-02 3.536798225636211129e-02 3.732903370479927641e-03 9.993670017770612812e-01 2.524205984907183176e+00
9.984778469292230341e-01 -2.813499546890876456e-03 -5.507814511648806421e-02 -7.274535801066894791e-02 2.573224591998771443e-03 9.999868445517232640e-01 -4.432727251651080204e-03 -4.489293995011935101e-02 5.508989619252776387e-02 4.284254743762588337e-03 9.984719874054677202e-01 2.880244283269825178e+00
9.971771798422811584e-01 -3.201359067512617434e-03 -7.502467344257865434e-02 -1.184597380105079367e-01 2.812816982618278946e-03 9.999820617091527142e-01 -5.284320351507429403e-03 -4.893222494866271421e-02 7.504024741751451344e-02 5.058430747670980727e-03 9.971683036145819745e-01 3.243275871404482036e+00
9.954117447429579046e-01 -3.603057486875256479e-03 -9.561454232868848990e-02 -1.749296612252373706e-01 3.205780854828927350e-03 9.999855953237790640e-01 -4.310050270216130887e-03 -5.431269206482315648e-02 9.562869543604539391e-02 3.983793456239058915e-03 9.954089414998831264e-01 3.618930178841691880e+00
9.931582585954461528e-01 -4.817149324399715160e-03 -1.166531031556915787e-01 -2.262901126085531400e-01 4.422266568003750155e-03 9.999835745430084577e-01 -3.642387397732887826e-03 -6.285579855505166180e-02 1.166687516681022829e-01 3.101500446903398926e-03 9.931632844686625328e-01 4.008466772191109584e+00
9.911078164521289757e-01 -4.347701110181919834e-03 -1.330122279706678901e-01 -3.054905695804921439e-01 4.058927614363968053e-03 9.999887983417738990e-01 -2.442013574703259630e-03 -6.750568109057066002e-02 1.330213738621697506e-01 1.880357269611855663e-03 9.911143193682373509e-01 4.406536159955400933e+00
9.886710780506307028e-01 -3.179887552977222337e-03 -1.500827438059534613e-01 -3.863766062300042492e-01 2.897338393529087959e-03 9.999935867604121675e-01 -2.100711126347214273e-03 -7.278548565879393306e-02 1.500884803737118911e-01 1.641880096126772850e-03 9.886739472685778241e-01 4.821025227031546123e+00
9.868594891191293517e-01 -2.804431371813083385e-03 -1.615015215797220571e-01 -4.725231183439065341e-01 2.422367024321383372e-03 9.999937643506486840e-01 -2.562259642826122084e-03 -7.831937488685845883e-02 1.615077060794680164e-01 2.137306041520067174e-03 9.868601445099585145e-01 5.242817530453511843e+00
9.845574745114781257e-01 -3.510306282582455629e-03 -1.749925419669678961e-01 -5.642392342842362796e-01 3.055800291378786560e-03 9.999912435910575104e-01 -2.867549638324012190e-03 -8.506688852640047205e-02 1.750010910678156117e-01 2.288269397858285273e-03 9.845595654172095701e-01 5.678086939465208260e+00
9.828774056988862640e-01 -6.335392145785431056e-03 -1.841541104781377891e-01 -6.479087698773134951e-01 5.544592671636066304e-03 9.999730903006704974e-01 -4.808680937766865969e-03 -9.934017913578280234e-02 1.841796221999851546e-01 3.705286719996722742e-03 9.828860719745340369e-01 6.128498221558198900e+00
9.815470550736681288e-01 -5.460679143926122289e-03 -1.911401658665405345e-01 -7.512959349184170632e-01 4.277254061214310829e-03 9.999690649249376451e-01 -6.603366390865444448e-03 -1.055846893028523775e-01 1.911703261011352406e-01 5.664006996273938423e-03 9.815400270999357080e-01 6.595175142843947569e+00
9.799180038898792633e-01 -5.237046423825298183e-03 -1.993259956887043771e-01 -8.643175466127697160e-01 3.638832950345114933e-03 9.999582676737251985e-01 -8.385383497606639647e-03 -1.112586820211094035e-01 1.993615824375546686e-01 7.491916478208932029e-03 9.798961364449713107e-01 7.080290431269708584e+00
9.784285452970042929e-01 -5.997935868955318536e-03 -2.064966529530923856e-01 -9.760998902493720486e-01 3.675816703962365116e-03 9.999256593411806060e-01 -1.162750180602123602e-02 -1.181550030350912439e-01 2.065510431147368209e-01 1.061781114938141132e-02 9.783778300450429732e-01 7.564924778099518576e+00
9.766350250868734983e-01 -1.015795166848544248e-02 -2.146654379542678459e-01 -1.088507272986287244e+00 7.499131352733036382e-03 9.998847410594102758e-01 -1.319878536115613211e-02 -1.260418048372144717e-01 2.147747802555421692e-01 1.128062339581159708e-02 9.765987965520808167e-01 8.064911393529646588e+00
9.749001343120753393e-01 -1.564053419886567500e-02 -2.221213055791843582e-01 -1.200636046673924762e+00 1.278709186107506932e-02 9.998161784243925210e-01 -1.427819152072153791e-02 -1.425575937704054441e-01 2.223039069432591053e-01 1.107930167176842881e-02 9.749210406837898191e-01 8.584828322366339748e+00
9.732468465557267967e-01 -1.671328985935904149e-02 -2.291580997743794812e-01 -1.332114347437286739e+00 1.329360425935885263e-02 9.997760482843671692e-01 -1.646532819031417197e-02 -1.633551795331745216e-01 2.293820196252379373e-01 1.297753492782519232e-02 9.732513261033570728e-01 9.108255850041942381e+00
9.710254414619581276e-01 -1.203840167593974060e-02 -2.386872973808479848e-01 -1.482942516717775883e+00 7.353587406763082389e-03 9.997625537997754108e-01 -2.051437766642168550e-02 -1.690948610951634179e-01 2.388775297977365208e-01 1.816560178303150419e-02 9.708835550121619473e-01 9.642390179963843622e+00
9.690330252666735644e-01 -9.447840364632170695e-03 -2.467342842366089251e-01 -1.641594775864028799e+00 3.664616387526337723e-03 9.997079475093563206e-01 -2.388837628115053971e-02 -1.851265104896874791e-01 2.468878777946862391e-01 2.224501203963212548e-02 9.687845976165788686e-01 1.019072499939744425e+01
9.664100006217269945e-01 -1.150039038051425475e-02 -2.567467918368409596e-01 -1.796050490566059921e+00 5.039943963007950146e-03 9.996542058505726303e-01 -2.580658308436779153e-02 -2.044309365782294718e-01 2.569548621204209016e-01 2.364531259160654666e-02 9.661338411656400504e-01 1.075088122265790069e+01
9.647494865367181038e-01 -1.401461171447160661e-02 -2.627499811882184066e-01 -1.959664727033631149e+00 7.074707638237263778e-03 9.996011920939762430e-01 -2.733209918587722886e-02 -2.332135009790135549e-01 2.630282857179960798e-01 2.450943290812775122e-02 9.644640901605047167e-01 1.131940379618876769e+01
9.625145256373193181e-01 -1.383450243706258603e-02 -2.708064728771116814e-01 -2.132157020694301686e+00 5.845245887999032594e-03 9.995243013969108414e-01 -3.028329975036934962e-02 -2.532818161627911069e-01 2.710965009406521298e-01 2.756590393009369575e-02 9.621376275098374453e-01 1.190904018015778654e+01
9.600394696756816559e-01 -1.345755516944932215e-02 -2.795136339961100114e-01 -2.323167949248025721e+00 4.084567078349600130e-03 9.994104990042119718e-01 -3.408341421762411949e-02 -2.737451035687541445e-01 2.798076406824590578e-01 3.157936216658844414e-02 9.595284840026016004e-01 1.250008560796402968e+01
9.582862235271013551e-01 -1.414612380782852806e-02 -2.854229493748864366e-01 -2.514287619883575964e+00 3.257680241504929981e-03 9.992500555629278969e-01 -3.857896796836358944e-02 -3.063385974462418115e-01 2.857547361988677648e-01 3.603947105436624415e-02 9.576136480492531966e-01 1.310143562453813360e+01
9.560900401263453530e-01 -1.544467902385586455e-02 -2.926303706654105885e-01 -2.717902408506960299e+00 1.945071942882843239e-03 9.989227546751329179e-01 -4.635505725305274355e-02 -3.438059552674465613e-01 2.930310939916199175e-01 4.375055737032481490e-02 9.550902282507377494e-01 1.371449957541407549e+01
9.550267661049710588e-01 -1.564707628773487000e-02 -2.961322393294226196e-01 -2.924689575901639138e+00 -4.788963273896385420e-04 9.985238660756320384e-01 -5.431117607946634590e-02 -3.755411524196383133e-01 2.965453082192069933e-01 5.200913829723510795e-02 9.536097095590517769e-01 1.434224583708875933e+01
9.539076780182028648e-01 -1.631230096086696765e-02 -2.996568037819565822e-01 -3.131286151543583696e+00 -2.738309877848617551e-03 9.980068651381788225e-01 -6.303313654763054164e-02 -4.221278972786726702e-01 3.000877069724460222e-01 6.094905295506702209e-02 9.519617614700833785e-01 1.497904766576619551e+01
9.524475884961131067e-01 -1.534689174150001036e-02 -3.042585313639148414e-01 -3.354239663741955813e+00 -6.903562498573326961e-03 9.973874740780982462e-01 -7.192655718688110988e-02 -4.657013550728518192e-01 3.045672735345859028e-01 7.060708576312250961e-02 9.498534793149796540e-01 1.563026968861812804e+01
9.516074765917077460e-01 -1.465003324492640535e-02 -3.069559468826633664e-01 -3.579120675264769069e+00 -1.016545380613367335e-02 9.968159353132118872e-01 -7.909834701616962060e-02 -5.213788055696282342e-01 3.071371049209325466e-01 7.839192194095030708e-02 9.484286045440553092e-01 1.628331752042021563e+01
9.496777495994952467e-01 -1.483243460816017177e-02 -3.128930186590360707e-01 -3.806936400478106552e+00 -1.251090783194231532e-02 9.962849381293968909e-01 -8.520347878567365030e-02 -5.821572856420549336e-01 3.129938021605437881e-01 8.483262135815315685e-02 9.459640181083580623e-01 1.695249839969327610e+01
9.483801764111794430e-01 -1.196839418600669468e-02 -3.169372232663322797e-01 -4.063125614892165061e+00 -1.778510513518292285e-02 9.957077433452815596e-01 -9.083028977756363309e-02 -6.488130253071558995e-01 3.166637465091519665e-01 9.177917869587630395e-02 9.440966276678557367e-01 1.762632877646032625e+01
9.469763660224684854e-01 -1.051341769008078998e-02 -3.212363677335245971e-01 -4.314447136868268196e+00 -2.164613050333794378e-02 9.951063115262597236e-01 -9.643104214632487736e-02 -7.189439925224343497e-01 3.206786187868656546e-01 9.826979122562930213e-02 9.421145575586942211e-01 1.832351386033375107e+01
9.454677673052448439e-01 -8.088604951925166403e-03 -3.256519520691452674e-01 -4.569836201434412715e+00 -2.582777273013032310e-02 9.946819900711577622e-01 -9.968998876844374635e-02 -7.959713651761451958e-01 3.247272823257335572e-01 1.026612765736874822e-01 9.402306943028273523e-01 1.902552542207130060e+01
9.438312472337196946e-01 -7.454911831344490473e-03 -3.302729404556995485e-01 -4.834104174511839602e+00 -2.745203314078854470e-02 9.945200716786531947e-01 -1.008836419981352095e-01 -8.715362020044142843e-01 3.292145855198556070e-01 1.042862652097592963e-01 9.384545826150321179e-01 1.973676039145600924e+01
9.412942640026734642e-01 -5.708936285193623450e-03 -3.376317121290541845e-01 -5.113087601585038833e+00 -2.961798773661882336e-02 9.946049497484393820e-01 -9.941533571457585039e-02 -9.551608142345482388e-01 3.363788756518469314e-01 1.035741212551730128e-01 9.360465846459515848e-01 2.045413369458736597e+01
9.391438529210860420e-01 -5.678132099572915682e-03 -3.435133577710943187e-01 -5.387829104090553045e+00 -2.994281090437437426e-02 9.947049153602698368e-01 -9.833435680179847260e-02 -1.040477050299957407e+00 3.422531025573818386e-01 1.026351758757032967e-01 9.340008797174541577e-01 2.118332121036443283e+01
9.369619118093831522e-01 -5.719612402607265889e-03 -3.493315228101326331e-01 -5.676459415563838817e+00 -2.971629624469163469e-02 9.949396915709797229e-01 -9.596360906033996052e-02 -1.120335377140091460e+00 3.481128085912107428e-01 1.002945506383860902e-01 9.320504372919399261e-01 2.192819172675570627e+01
9.345663021910587398e-01 -5.310433701827135290e-03 -3.557907763965204584e-01 -5.969456165751838128e+00 -2.949358300524537735e-02 9.952909179000445361e-01 -9.232613013306022187e-02 -1.205067834380627811e+00 3.546063797129860307e-01 9.677463923468582196e-02 9.300086837632671743e-01 2.266802316159349573e+01
9.298376669935642935e-01 -2.686019665543004815e-03 -3.680435911466786725e-01 -6.286685918024040198e+00 -3.156194633365218966e-02 9.957059095439567686e-01 -8.702685278106075950e-02 -1.282982308886785772e+00 3.666969267600908022e-01 9.253623991929628423e-02 9.257601796995091892e-01 2.342820918005106989e+01
9.271082257848345387e-01 -3.765807498486587542e-04 -3.748257367620891345e-01 -6.601110902730907171e+00 -3.265392893784708345e-02 9.961156581887018469e-01 -8.176832437700570777e-02 -1.361812152321248748e+00 3.734008301069026148e-01 8.804584995509492917e-02 9.234947849641467199e-01 2.417692402372639648e+01
9.233496263604917820e-01 2.655774717361999299e-03 -3.839657224880365649e-01 -6.933923992359931177e+00 -3.520018931436980775e-02 9.963503249373546478e-01 -7.773702491004944037e-02 -1.434107839608168122e+00 3.823575164317983277e-01 8.529420624184144706e-02 9.200735248259638288e-01 2.492760083390971815e+01
9.201552468164790888e-01 3.492708945474403380e-03 -3.915629036896000614e-01 -7.279836185429782169e+00 -3.616938813717875123e-02 9.964429634772213884e-01 -7.610453361064722921e-02 -1.506725156269917099e+00 3.899043523279969725e-01 8.418902642151464277e-02 9.170086288862924206e-01 2.569606738592255013e+01
9.157760293921940464e-01 5.255984865710707117e-03 -4.017488403066084013e-01 -7.626812221565851146e+00 -3.837606957446626499e-02 9.964854212046939663e-01 -7.444550916868473978e-02 -1.580350987827005671e+00 3.999457449549917998e-01 8.358930313763990316e-02 9.127593395032099766e-01 2.646930742790008750e+01
9.123812057823940114e-01 5.793443820720029815e-03 -4.093475154049234233e-01 -7.992383285041754881e+00 -3.911270770373278388e-02 9.965585279518078821e-01 -7.306914793170163347e-02 -1.650700359959346608e+00 4.075153155884279621e-01 8.267637615811455898e-02 9.094682786559352694e-01 2.723793558107397317e+01
9.084619728596803334e-01 5.983074979034256995e-03 -4.178922856803635177e-01 -8.364438576948618476e+00 -3.933087827873346654e-02 9.966844957030821517e-01 -7.121482050663682783e-02 -1.720132843239184695e+00 4.160808763507694574e-01 8.113033392628139773e-02 9.056852570346194398e-01 2.802991129800658499e+01
9.044696075499487620e-01 5.774337458260512049e-03 -4.265164617563358407e-01 -8.748286366187837615e+00 -3.889284873723661967e-02 9.968593350156008670e-01 -6.898061927355818301e-02 -1.791417198628321605e+00 4.247785835693387857e-01 7.897914894476275316e-02 9.018537785724511924e-01 2.882252482660575765e+01
9.013244559226443187e-01 6.013071189751200904e-03 -4.330259539044425399e-01 -9.140652534570463672e+00 -3.774044082043235410e-02 9.971909793153925783e-01 -6.470319316855377423e-02 -1.858909553406960846e+00 4.314201529479873010e-01 7.466675559728003231e-02 8.990198650167851024e-01 2.962018890097218105e+01
8.975011202191635062e-01 7.580722639900123148e-03 -4.408864410235140419e-01 -9.555105223870388187e+00 -3.759458841411020269e-02 9.975275789411608418e-01 -5.935952646670190902e-02 -1.921847750188757864e+00 4.393459647966012072e-01 6.985356616586654854e-02 8.955676071636810009e-01 3.043652404805709111e+01
8.941303246738697696e-01 7.868387661277615255e-03 -4.476788419405552943e-01 -9.957670393822903421e+00 -3.646737610986494627e-02 9.978042371148517775e-01 -5.529326882553191325e-02 -1.987112325392925705e+00 4.462606740942480776e-01 6.576762195534829880e-02 8.924540399912164190e-01 3.123044659554756919e+01
8.900893568789193244e-01 6.875143222860251313e-03 -4.557659518548806687e-01 -1.039967613557465853e+01 -3.474216824141050652e-02 9.980003669349896134e-01 -5.280685020565025617e-02 -2.041225079092145567e+00 4.544911332451392894e-01 6.284198397005633097e-02 8.885488436337536378e-01 3.205923458374265067e+01
8.869668743900752661e-01 8.203754289924232793e-03 -4.617385205810872195e-01 -1.083805738641242833e+01 -3.558221349229720443e-02 9.980839915456589662e-01 -5.061390930395757992e-02 -2.101634395778669173e+00 4.604383043283896693e-01 6.132611079139895643e-02 8.855595261579245481e-01 3.289644286711138221e+01
8.843594034460471320e-01 8.071940961979995333e-03 -4.667063474723867067e-01 -1.128772928951010890e+01 -3.481371775937686791e-02 9.982063555392873822e-01 -4.870732014053918979e-02 -2.153232605667403821e+00 4.654758207366987421e-01 5.932736026481522790e-02 8.830544726430837876e-01 3.373161205212979752e+01
8.815630854530026594e-01 6.557672053370981746e-03 -4.720327534434451966e-01 -1.175912033146685509e+01 -3.306691935900252233e-02 9.983051221594364533e-01 -4.787623358973951831e-02 -2.203993054934973550e+00 4.709185954052200751e-01 5.781428360822148810e-02 8.802858608575623300e-01 3.457866174974591189e+01
8.786589065053417302e-01 5.251770620704167107e-03 -4.774066834427442840e-01 -1.222536678077962158e+01 -3.193475198602878373e-02 9.983468084330329173e-01 -4.780622122363649418e-02 -2.265501350092459010e+00 4.763666359116633942e-01 5.725130172772720932e-02 8.773737363364974007e-01 3.543629520131429445e+01
8.772809652628668076e-01 4.849479488332186609e-03 -4.799272967233520482e-01 -1.270887587811788855e+01 -3.153707511166230909e-02 9.983705948285358511e-01 -4.755608558370704592e-02 -2.323056921627106419e+00 4.789147712079340202e-01 5.685467762034809164e-02 8.760043165451028013e-01 3.629968267140827010e+01
8.761165288489760616e-01 5.104378234858048501e-03 -4.819631535886184648e-01 -1.320361327821364306e+01 -3.245477743367232437e-02 9.982999941897550134e-01 -4.841363039718390299e-02 -2.373070407573262486e+00 4.808966598985294216e-01 5.806019933336385719e-02 8.747926425343894863e-01 3.717889314778217624e+01
8.759437504430583887e-01 5.497336579262645899e-03 -4.823278147092657786e-01 -1.370711016163391527e+01 -3.192384674055344373e-02 9.984038169698326026e-01 -4.660074435656027386e-02 -2.427629980269488730e+00 4.813019022055287643e-01 5.621901763511879396e-02 8.747208715939148727e-01 3.806430419761783668e+01
8.755867585057847124e-01 5.478018175988995375e-03 -4.830722995218191262e-01 -1.421336787361471465e+01 -3.136187316134127906e-02 9.984706188021971185e-01 -4.552125720647733770e-02 -2.483621818393992431e+00 4.820839732562693380e-01 5.500872468145039107e-02 8.744196644133623852e-01 3.896615406315089558e+01
8.751338013993117393e-01 3.840856144274543398e-03 -4.839292294533702465e-01 -1.473117102802602929e+01 -2.916785144995542173e-02 9.985688129571296257e-01 -4.481762552955555201e-02 -2.541663481451473583e+00 4.830645105280314544e-01 5.333545318017990366e-02 8.739933084951213571e-01 3.987912613684611784e+01
8.753965423219223219e-01 2.455159479452676940e-03 -4.834029577776177145e-01 -1.524494203952696481e+01 -2.775094014846645266e-02 9.985931432529454588e-01 -4.517592158746692316e-02 -2.597576851120777075e+00 4.826120956944363050e-01 5.296078019380669188e-02 8.742330827318643971e-01 4.079902381616370377e+01
8.735193065119731815e-01 7.644943148850788430e-04 -4.867762156726941347e-01 -1.577680667747473464e+01 -2.633551048815292728e-02 9.986084203676183213e-01 -4.568985480547110151e-02 -2.654481254206613183e+00 4.860637030855846641e-01 5.273296749404661476e-02 8.723241535754259202e-01 4.173308898940170764e+01
8.723762358674568285e-01 -1.053838565049136281e-04 -4.889112326376644502e-01 -1.630390198382510292e+01 -2.431604656143895524e-02 9.987525816275008017e-01 -4.360446720960210049e-02 -2.708691183994064389e+00 4.883060527478610413e-01 4.992688747506525415e-02 8.712855973877026150e-01 4.266458402377573833e+01
8.699716132235478794e-01 1.305922751455605582e-03 -4.929994676729149150e-01 -1.684345855926786228e+01 -2.396110252025015694e-02 9.989270362866620179e-01 -3.963088497002681398e-02 -2.764461114399225927e+00 4.924184627350985943e-01 4.629621185676718875e-02 8.690696165000748596e-01 4.358973833609438486e+01
8.673731058157663210e-01 1.121847807949094165e-03 -4.977253676659086357e-01 -1.738862825471025886e+01 -2.192300555240667484e-02 9.991127493298131990e-01 -3.595296820117249020e-02 -2.822886299984167735e+00 4.972434888560243182e-01 4.209501877879427006e-02 8.666282085941973135e-01 4.452158855663326165e+01
8.642417336343444223e-01 -3.349676196490204423e-04 -5.032156326224532794e-01 -1.792422609652327736e+01 -1.915839229210556521e-02 9.992524679546619382e-01 -3.356563837716809023e-02 -2.878968694391322192e+00 5.028508440537990953e-01 3.864521063797319439e-02 8.635891834016861113e-01 4.544625422382512170e+01
8.582004159512520713e-01 -2.748787240183627693e-03 -5.132440089176584230e-01 -1.848642508001853813e+01 -1.812301002479370718e-02 9.992000235388452944e-01 -3.565370126499183001e-02 -2.934034863892641454e+00 5.129312450370262511e-01 3.990328043912028111e-02 8.574641125309295786e-01 4.636827280192239442e+01
8.537416726740982842e-01 -5.918232860679602074e-03 -5.207466377026517268e-01 -1.904977260675537210e+01 -1.706552741919917932e-02 9.990802036873664971e-01 -3.933919315747858719e-02 -2.992203064604945340e+00 5.205006860605358998e-01 4.246870879015696848e-02 8.528553945278176673e-01 4.727450372803468071e+01
8.473451348080065504e-01 -5.863240319637501828e-03 -5.310422738245551555e-01 -1.963310035896551753e+01 -1.674766723150284548e-02 9.991466237985081600e-01 -3.776871798246565770e-02 -3.045561976182708186e+00 5.308105130310427633e-01 4.089723364994934246e-02 8.465239360117106093e-01 4.818620055266830349e+01
8.410893929472650354e-01 -2.917317037416470096e-03 -5.408409069554980242e-01 -2.023295671476710211e+01 -1.808123625474588811e-02 9.992749092309968217e-01 -3.350987865139089250e-02 -3.091274540977454688e+00 5.405465975111358734e-01 3.796555485267331942e-02 8.404270162383338238e-01 4.909422332328029626e+01
8.372181298593387444e-01 1.385295240449398189e-05 -5.468637354305504461e-01 -2.083037643609861789e+01 -1.915601779814600503e-02 9.993870369002724185e-01 -2.930732041696801696e-02 -3.146818980694257473e+00 5.465281050418900888e-01 3.501538792300157993e-02 8.367052919005149025e-01 4.999001889502751084e+01
8.325734605837887825e-01 1.301567772654234432e-03 -5.538854909702574103e-01 -2.143892286908168998e+01 -2.158729718148189730e-02 9.993138210127139320e-01 -3.009314209512108790e-02 -3.197894960404799480e+00 5.534662595996245882e-01 3.701143381111335340e-02 8.320304387213381947e-01 5.087245565795180369e+01
8.285757979360844905e-01 -4.836686031180478860e-04 -5.599528692851084566e-01 -2.204963389611274138e+01 -2.271675459521987905e-02 9.991470558552177916e-01 -3.447716910836997467e-02 -3.243070243120151019e+00 5.594920194574748429e-01 4.128552954544853493e-02 8.278582032803839530e-01 5.175453247971766046e+01
8.261047493236169936e-01 -2.174492515656485919e-03 -5.633849988005811271e-01 -2.266332118342069890e+01 -2.510401212493331910e-02 9.988577383310029978e-01 -4.065918684125814642e-02 -3.298505276437790901e+00 5.628298486537890444e-01 4.773539888468788378e-02 8.251066298914618846e-01 5.264204380755453627e+01
8.229184918719218977e-01 -2.503013507756857940e-03 -5.681819885746918208e-01 -2.328416883957299177e+01 -2.587902302600965723e-02 9.987873919680189116e-01 -4.187187335387757003e-02 -3.364608930176625101e+00 5.675979848197539868e-01 4.915654239236526973e-02 8.218557774034981334e-01 5.352209745136948982e+01
8.208990762676561248e-01 -1.387436032241557218e-03 -5.712280085512095873e-01 -2.390301007335584416e+01 -2.465640865864620473e-02 9.989784204651480648e-01 -3.787094066946207482e-02 -3.419149264855447790e+00 5.706971824127521353e-01 4.516915929963569859e-02 8.200263466700586923e-01 5.439642741588723851e+01
8.166575371457921451e-01 1.106608560363960556e-03 -5.771999685979267714e-01 -2.455648902634277420e+01 -2.406064258290936675e-02 9.991938817541458073e-01 -3.212911017015035453e-02 -3.462301406424408867e+00 5.766991479379375285e-01 4.012647172368773857e-02 8.160259438281812772e-01 5.528291583612944038e+01
8.131054832147384115e-01 1.978196036436438709e-03 -5.820323901304653713e-01 -2.519166465775198560e+01 -2.376337909527771047e-02 9.992735014566331841e-01 -2.978766865708240910e-02 -3.517874946622012722e+00 5.815506504063331361e-01 3.805092634255215905e-02 8.125616491024324484e-01 5.613533134685334147e+01
8.109925485258233646e-01 3.300566376647786748e-03 -5.850685088102366427e-01 -2.582941644791244329e+01 -2.538900042559104342e-02 9.992406736672868606e-01 -2.955127749078571495e-02 -3.571681174963062144e+00 5.845266595758767947e-01 3.881868551972732229e-02 8.104605210358023504e-01 5.702283656640270948e+01
8.075288717200880262e-01 1.812044924726257658e-03 -5.898763825210694423e-01 -2.648389831918200343e+01 -2.510504666693197384e-02 9.991945594530099450e-01 -3.130545451854797184e-02 -3.606853713059719357e+00 5.893446277298420855e-01 4.008939296048771861e-02 8.069240893690471372e-01 5.789169259719882632e+01
8.032538925721711687e-01 1.165870193519831944e-03 -5.957795362157481955e-01 -2.714754919217654461e+01 -2.628901836350368629e-02 9.990930190492718355e-01 -3.348836355363830897e-02 -3.656480284896902688e+00 5.952002902908311022e-01 4.255680699266155970e-02 8.025560710903493211e-01 5.873632817907346748e+01
7.997365937105029854e-01 -4.464643221850510854e-04 -6.005248691955573648e-01 -2.780724363317634129e+01 -2.467814757682246229e-02 9.991300170157745297e-01 -3.361789735854024685e-02 -3.716974536676813656e+00 6.000175755320752424e-01 4.170259433263774629e-02 7.990297863875226447e-01 5.961095790717619280e+01
7.947834874738077815e-01 -8.598592359111945863e-04 -6.070350721124394555e-01 -2.847528191204045100e+01 -2.342864968008595561e-02 9.992100491153987907e-01 -3.208857452449818959e-02 -3.764284759872355224e+00 6.065835015957450338e-01 3.971852931493578126e-02 7.941354473852505480e-01 6.048634420061534911e+01
7.899175504380927526e-01 -1.356866888294414345e-03 -6.132124241859138181e-01 -2.915195128346614339e+01 -2.271317704050527728e-02 9.992465377229893253e-01 -3.146580842359836261e-02 -3.810108254397750471e+00 6.127931439868163910e-01 3.878470079578392321e-02 7.892915388034871249e-01 6.134057738112684177e+01
7.841759151455997001e-01 -1.392636142834190920e-03 -6.204696571738086419e-01 -2.984653924193338881e+01 -2.385995524888114699e-02 9.991902544167452493e-01 -3.239587582985554298e-02 -3.857901904888033418e+00 6.200124891049865195e-01 4.021057871775562953e-02 7.835078576898525382e-01 6.219316779562038278e+01
7.796737719075577111e-01 -2.348052355246097074e-03 -6.263128997959548361e-01 -3.053599932219653823e+01 -2.312927699514726390e-02 9.992025972418014934e-01 -3.255328502057689560e-02 -3.909765686235974869e+00 6.258900251524152081e-01 3.986609567721670355e-02 7.789976547649781757e-01 6.305091077210924766e+01
7.747967530732955410e-01 -4.299799490101198322e-03 -6.323712291223985149e-01 -3.124047191938316459e+01 -2.192906876942633115e-02 9.991923281071630747e-01 -3.367137247366944197e-02 -3.960314428999360814e+00 6.320056260278996696e-01 3.995062709735482803e-02 7.740766408082195849e-01 6.390071946078204235e+01
7.686998201565951039e-01 -5.506024465143781119e-03 -6.395395348081953646e-01 -3.196381453866414901e+01 -2.181366921470287781e-02 9.991555365642512676e-01 -3.482575618984681126e-02 -4.010712459611241343e+00 6.391912922970666155e-01 4.072214138090910623e-02 7.679304971419164128e-01 6.474696722902233148e+01
7.635303969520303990e-01 -7.331396061352769659e-03 -6.457748211286470363e-01 -3.268081521026592640e+01 -2.043713838266182983e-02 9.991602377942762070e-01 -3.550958268677897184e-02 -4.066562437759366766e+00 6.454927864351079903e-01 4.031311685264411110e-02 7.627395677378245864e-01 6.558633780955725001e+01
7.567744450598481443e-01 -8.653125225651793484e-03 -6.536405904237350128e-01 -3.341893535869549936e+01 -1.953816260870702357e-02 9.991661048815462243e-01 -3.584269973982668472e-02 -4.119197091989565074e+00 6.534054622701480630e-01 3.990000424019547742e-02 7.559744185492063284e-01 6.642443939243847240e+01
7.501093207437846688e-01 -8.209759571661081820e-03 -6.612797767205161881e-01 -3.417140442007194423e+01 -1.894103181225834098e-02 9.992459962991364630e-01 -3.388702891935007483e-02 -4.160535128630740154e+00 6.610592942163934227e-01 3.794729550572565474e-02 7.493882170452138558e-01 6.725715652258192279e+01
7.452692802441939213e-01 -8.867928969691914187e-03 -6.666437643178994010e-01 -3.491757253019441265e+01 -1.740409662740355703e-02 9.993122010213199014e-01 -3.274482256875507064e-02 -4.216619574788911251e+00 6.664753811399029004e-01 3.601092888289839089e-02 7.446024214749650261e-01 6.809477669337057648e+01
7.379067075894474304e-01 -1.065765447264622676e-02 -6.748307374097950451e-01 -3.569185870957429074e+01 -1.647070745536342515e-02 9.992932208481520862e-01 -3.379556713113076455e-02 -4.271738893671475523e+00 6.747139535139540234e-01 3.605305010949572120e-02 7.372095325838240454e-01 6.892798333684226009e+01
7.322143198704003098e-01 -1.273786272918474294e-02 -6.808711657290201780e-01 -3.647716901486573704e+01 -1.574066542217448378e-02 9.992415309797726408e-01 -3.562232774547960390e-02 -4.332635239414392103e+00 6.808084622266518116e-01 3.680100518098097101e-02 7.314585564030927634e-01 6.974194653555620960e+01
7.266514955896699046e-01 -1.201480735601888686e-02 -6.868863559566267263e-01 -3.726218571127415657e+01 -1.682652265805974559e-02 9.992358818022097910e-01 -3.528117191042446504e-02 -4.381029594998218535e+00 6.867850980533549698e-01 3.720041735238480834e-02 7.258940743102385573e-01 7.056481166815655115e+01
7.217777943659913209e-01 -1.149149445882147701e-02 -6.921850427625618751e-01 -3.807213977338227551e+01 -1.632561999825191124e-02 9.993013247401617560e-01 -3.362754537938622557e-02 -4.432754104483002777e+00 6.920878303632681527e-01 3.557161946411863812e-02 7.210857788125483170e-01 7.138086996833028763e+01
7.162908109664182232e-01 -1.106355580913563445e-02 -6.978057212845221180e-01 -3.887941126241324952e+01 -1.770683339757009311e-02 9.992642288374270487e-01 -3.402411044992897232e-02 -4.486296332757750527e+00 6.976686702104004656e-01 3.672766976294325469e-02 7.155679784609255689e-01 7.219616248992940655e+01
7.109394908341357677e-01 -1.202208921784846465e-02 -7.030799230277300360e-01 -3.970584330157458908e+01 -1.753081932292906500e-02 9.992402237491890826e-01 -3.481383104434190856e-02 -4.540438039188972041e+00 7.029642531759392465e-01 3.707544768443282734e-02 7.101886588106878229e-01 7.301457578066320764e+01
7.064596183698493848e-01 -1.311557002974926382e-02 -7.077086398726626371e-01 -4.053429158217545591e+01 -1.861571791506659926e-02 9.991381716344707176e-01 -3.710074065642286062e-02 -4.599327112938062179e+00 7.075854936266234851e-01 3.937978290323290720e-02 7.056064288601209267e-01 7.383043428872139202e+01
7.023181762141921247e-01 -1.561652537790434066e-02 -7.117076687605782270e-01 -4.136453094316828327e+01 -1.827924260045865612e-02 9.990341825182638136e-01 -3.996645587194858074e-02 -4.653455515991553604e+00 7.116444290733836553e-01 4.107887443979316155e-02 7.013542643449368619e-01 7.463881594384183416e+01
6.962654131692153081e-01 -1.564513430085106779e-02 -7.177009914025597181e-01 -4.220994171910145099e+01 -1.897267071755883230e-02 9.990120869999719044e-01 -4.018422696004602529e-02 -4.712022719517039882e+00 7.176209434143211441e-01 4.158962936556572648e-02 6.952805638147302458e-01 7.543863673652624868e+01
6.907448699244321810e-01 -1.539503152915735855e-02 -7.229264829092267863e-01 -4.306497513323407844e+01 -1.826645367990069324e-02 9.990828525351207468e-01 -3.873476635161591380e-02 -4.771059094295061698e+00 7.228596552539879871e-01 3.996328707188924467e-02 6.898301421110650811e-01 7.624165413132904234e+01
6.874807319335709543e-01 -1.602340849163346251e-02 -7.261026549108453576e-01 -4.392515215595626898e+01 -1.656922394613172256e-02 9.991502390169642034e-01 -3.774615530851756912e-02 -4.834125314779313065e+00 7.260906714316162081e-01 3.797590944502633042e-02 6.866309576078146737e-01 7.704852535802598368e+01
6.810923924938568907e-01 -1.637019342843471295e-02 -7.319116112173501554e-01 -4.480119233169369863e+01 -1.637917470043341248e-02 9.991592668358214580e-01 -3.757744110503923041e-02 -4.894185480871917626e+00 7.319116324331453871e-01 3.757898929584913700e-02 6.802514777819858027e-01 7.785494524393705262e+01
6.785490772609285015e-01 -1.755264034488407052e-02 -7.343052601069806062e-01 -4.569356790409891289e+01 -1.548811750367968219e-02 9.991503659522573688e-01 -3.819020245782332734e-02 -4.952744005950750150e+00 7.343518172432841329e-01 3.728465486315389599e-02 6.777006422360328797e-01 7.865748719294802527e+01
6.724615809248136733e-01 -1.866187732026523133e-02 -7.399557273505387167e-01 -4.657859049179013056e+01 -1.405780985537780949e-02 9.991797032461383621e-01 -3.797859929704207327e-02 -5.009799366977442325e+00 7.400577560027363777e-01 3.593880406594724547e-02 6.716475546924211004e-01 7.944807906404656705e+01
6.689076205964040733e-01 -1.897695032326921979e-02 -7.431681695342592375e-01 -4.747069312751813186e+01 -1.259831369869554227e-02 9.992411397352487512e-01 -3.685153646227448676e-02 -5.069554750383694852e+00 7.433038707451956606e-01 3.400710706967623176e-02 6.681609110703250476e-01 8.024261297047246444e+01
6.668705823098585173e-01 -2.288439837377054600e-02 -7.447198103130371338e-01 -4.837681319273762881e+01 -9.075682971690979262e-03 9.992047913282208205e-01 -3.881902261526458398e-02 -5.133310834623969754e+00 7.450159669065680168e-01 3.264533132290341894e-02 6.661326637383244709e-01 8.104274968036567373e+01
6.614150692304552326e-01 -2.724906968999250834e-02 -7.496464914793979917e-01 -4.928321342073738975e+01 -6.551233306149210206e-03 9.990918926982078618e-01 -4.209807175607812452e-02 -5.194645156706862998e+00 7.501128893246422624e-01 3.275682898856617509e-02 6.606358903777033165e-01 8.183113004505410970e+01
6.573188890033175857e-01 -3.104210863931637990e-02 -7.529661487673290354e-01 -5.019304132845886812e+01 -2.907537834069650121e-03 9.990394358553312815e-01 -4.373884529789735104e-02 -5.252607926063252997e+00 7.536003206303805158e-01 3.094093390631667828e-02 6.565972930460144408e-01 8.262376544191428707e+01
6.511202668341712352e-01 -3.528244531563404923e-02 -7.581002287774423198e-01 -5.111630085989757077e+01 3.255797431032048106e-03 9.990396808523706040e-01 -4.369110738854410647e-02 -5.323008190403592188e+00 7.589138229264921209e-01 2.597788780947511353e-02 6.506099178263063942e-01 8.340565380070071910e+01
6.415872937185126412e-01 -3.885495923141344538e-02 -7.661154589107246338e-01 -5.203901656039984402e+01 8.393717131441560952e-03 9.990120707665433031e-01 -4.364663381655611157e-02 -5.390314761322780868e+00 7.670543563067895310e-01 2.157364212221478741e-02 6.412797029359037504e-01 8.419578058379573804e+01
6.346898744754886357e-01 -4.001121499104279278e-02 -7.717919387322880187e-01 -5.299176795505386650e+01 1.171819647769596108e-02 9.990422874767300732e-01 -4.215834967130786121e-02 -5.460697067975636365e+00 7.727394490041440411e-01 1.771695804503190322e-02 6.345507879722503963e-01 8.497085448449122680e+01
6.246631357829939279e-01 -3.854567738625252343e-02 -7.798813483836076754e-01 -5.395501379218752902e+01 1.248383417066861907e-02 9.991462785243078182e-01 -3.938690863419021942e-02 -5.517500605408883985e+00 7.807335191424008558e-01 1.486804966796978315e-02 6.246111818154402862e-01 8.572376724760196964e+01
6.155565126609291449e-01 -3.858394482584469320e-02 -7.871984405723156941e-01 -5.494507588448961144e+01 1.153277439693463531e-02 9.991346630796353878e-01 -3.996574247375943995e-02 -5.587721561507350998e+00 7.880594552337291114e-01 1.551695457715175294e-02 6.154693586413023665e-01 8.648439459978850152e+01
6.076211541964802176e-01 -3.931408371323427686e-02 -7.932870641833866809e-01 -5.591903184969909546e+01 1.071305158722883275e-02 9.990891242957066209e-01 -4.130707624582435206e-02 -5.646410300846136820e+00 7.941883914302062530e-01 1.660320627387854367e-02 6.074886684606332077e-01 8.723406691296507631e+01
5.968906173167529694e-01 -4.207632460600838065e-02 -8.013095892532389186e-01 -5.692046795500480272e+01 1.259328874454540559e-02 9.989922130894697272e-01 -4.308582155527806296e-02 -5.717692834945673930e+00 8.023148951687921748e-01 1.562731012953631066e-02 5.968189861526153051e-01 8.796010761943807665e+01
5.861012954404373199e-01 -4.287550726464996881e-02 -8.091340593243834256e-01 -5.792922322830123250e+01 1.196589186362843373e-02 9.989480478416781217e-01 -4.426105892625404464e-02 -5.783483319889460184e+00 8.101808925533754424e-01 1.625783194897566925e-02 5.859978078065993801e-01 8.868794372966598871e+01
5.777734904344909994e-01 -4.470672554885855160e-02 -8.150203977831761426e-01 -5.894179694473134390e+01 1.594517901970681981e-02 9.989265659594377400e-01 -4.349088905362195195e-02 -5.852506031817780396e+00 8.160899301355121205e-01 1.213301509432445670e-02 5.778659931818772577e-01 8.940285826407517789e+01
5.649409230610743515e-01 -4.416631989862911112e-02 -8.240091943095543270e-01 -5.997430636306440732e+01 1.748027934148660770e-02 9.989831515223605019e-01 -4.156802209554457533e-02 -5.924826466958905691e+00 8.250068137281395542e-01 9.088846632276709539e-03 5.651381011672979016e-01 9.010455316223256261e+01
5.548536693832191169e-01 -4.567216585352589647e-02 -8.307740827515147641e-01 -6.102619947750802964e+01 1.830492193592440919e-02 9.989205238680420873e-01 -4.269986078085807185e-02 -5.995898724190933393e+00 8.318273853232870385e-01 8.490970323711138218e-03 5.550905313848167877e-01 9.080045429826087400e+01
5.465794931341541041e-01 -4.564414582212485832e-02 -8.362168313954313481e-01 -6.208064555134505014e+01 1.694338643576844342e-02 9.989120693847743926e-01 -4.344335032408737363e-02 -6.063891309017486186e+00 8.372900443661743797e-01 9.579003784439141245e-03 5.467578309442066020e-01 9.147801537307236686e+01
5.335096867242453689e-01 -4.679067100219537478e-02 -8.443820379552481326e-01 -6.315222954718765891e+01 1.647835163943194015e-02 9.988539840279017090e-01 -4.493748929937510517e-02 -6.134875201895489738e+00 8.455170011887890302e-01 1.005611936872031174e-02 5.336694541715591988e-01 9.214487534299405525e+01
5.252779906772235829e-01 -4.721827450666436776e-02 -8.496281957511493399e-01 -6.423300263716737390e+01 1.490934143494187548e-02 9.988165205835114469e-01 -4.629664751142759105e-02 -6.206399556981041066e+00 8.508087852404510043e-01 1.164963530618482943e-02 5.253605353930127508e-01 9.280287842940153098e+01
