1.0 0.0 0.0 0.0 0.0 1.0 0.0 0.0 0.0 0.0 1.0 0.0
0.99993145 0.011615423 0.0014939185 0.30358887 -0.011612083 0.99993014 -0.0022246868 -0.0034179688 -0.0015196544 0.00220719 0.9999964 0.0012207031
0.9998413 0.017687313 0.0021198406 0.5854492 -0.017677214 0.9998327 -0.004693455 -0.019897461 -0.0022024824 0.0046552373 0.99998677 0.0052490234
0.9997879 0.020556487 0.0012074979 0.89611816 -0.020546883 0.9997608 -0.0074891015 -0.026855469 -0.0013611731 0.0074626985 0.9999712 0.010620117
0.99982697 0.018604917 -0.00030242052 1.2003174 -0.018606769 0.9997935 -0.008183694 -0.03552246 0.00015015078 0.008187902 0.99996644 0.008544922
0.9999367 0.011118335 -0.0017114391 1.5202637 -0.011136459 0.99987775 -0.010972926 -0.03857422 0.0015891896 0.010991297 0.9999383 0.0064697266
0.9999947 1.1589324e-05 -0.0032489705 1.8476562 -5.0794308e-05 0.99992716 -0.012068653 -0.03137207 0.0032485938 0.012068753 0.99992186 0.017700195
0.9998446 -0.017204706 -0.0038463739 2.1767578 0.017157927 0.9997822 -0.011880614 -0.016845703 0.004049947 0.011812778 0.99992204 0.021606445
0.99936897 -0.035279848 -0.0040296703 2.52417 0.035242297 0.99933755 -0.009034062 0.0107421875 0.004345924 0.008886298 0.99995106 0.018310547
0.998473 -0.055035856 -0.0047229654 2.8804932 0.055021223 0.9984799 -0.00317459 0.048583984 0.0048905034 0.0029098683 0.9999838 0.025146484
0.99716985 -0.07497742 -0.0056500454 3.2438965 0.07495726 0.9971805 -0.0037007052 0.08691406 0.005911514 0.0032667606 0.9999772 0.026855469
0.9954112 -0.09557096 -0.0047305245 3.6202393 0.09555115 0.9954153 -0.0042520803 0.13574219 0.0051151942 0.003780732 0.9999798 0.030517578
0.99316704 -0.116609216 -0.004005333 4.01062 0.11658593 0.9931619 -0.0056222607 0.17919922 0.0046336823 0.0051166844 0.99997616 0.037109375
0.9911183 -0.13297325 -0.0029017348 4.409546 0.13295677 0.99111074 -0.00527768 0.25219727 0.0035777327 0.0048450157 0.9999819 0.040161133
0.9886774 -0.15004903 -0.0027827271 4.824951 0.15003659 0.9886741 -0.0042406414 0.32666016 0.003387646 0.0037750432 0.9999871 0.04345703
0.98686343 -0.16146684 -0.0033576514 5.2474365 0.1614534 0.98686343 -0.0039528664 0.40820312 0.0039520166 0.0033586558 0.9999865 0.04675293
0.98456395 -0.1749543 -0.0036036472 5.6835938 0.17493653 0.98456216 -0.004764388 0.49450684 0.0043819514 0.004060463 0.9999822 0.05126953
0.9828939 -0.18410487 -0.0050889323 6.1346436 0.18406355 0.98288494 -0.007659489 0.5739746 0.006411967 0.0065917517 0.99995774 0.06262207
0.9815468 -0.19108772 -0.0070936102 6.6018066 0.19104046 0.98155785 -0.006837099 0.67419434 0.008269238 0.005355756 0.9999515 0.06604004
0.9799027 -0.19926804 -0.008976444 7.0875244 0.19921292 0.97993225 -0.0066761365 0.78356934 0.010126518 0.004754125 0.9999375 0.068847656
0.97838515 -0.20643176 -0.012151907 7.572632 0.20635217 0.97844875 -0.007489355 0.8919678 0.013435917 0.0048200064 0.99989814 0.072387695
0.976612 -0.21462502 -0.012877215 8.073364 0.21448074 0.97665817 -0.011715031 1.0003662 0.015091034 0.008679576 0.9998484 0.07739258
0.97494245 -0.22212121 -0.012736057 8.594116 0.22189172 0.9749251 -0.017259523 1.1085205 0.01625035 0.014000876 0.9997698 0.09106445
0.9732746 -0.22918044 -0.014682634 9.118286 0.22890353 0.97327656 -0.018387273 1.2364502 0.018505506 0.014536254 0.9997231 0.10876465
0.9708996 -0.23867214 -0.019923298 9.653076 0.23843022 0.9710654 -0.013782373 1.3834229 0.022635663 0.0086326385 0.99970657 0.110839844
0.9687962 -0.2466731 -0.024049167 10.202148 0.24646659 0.9690819 -0.011252018 1.5384521 0.026080903 0.0049738325 0.9996475 0.123413086
0.9661488 -0.25671944 -0.025517408 10.763428 0.25644973 0.9664646 -0.01338743 1.6882324 0.028098922 0.006390199 0.9995847 0.13964844
0.96448326 -0.26277244 -0.026424514 11.332886 0.26242393 0.96480817 -0.015951775 1.8483887 0.029686823 0.008448571 0.99952334 0.16552734
0.9621562 -0.27082357 -0.029530989 11.923462 0.2704575 0.9625818 -0.015835524 2.0169678 0.032715105 0.0072486345 0.99943846 0.1821289
0.95954573 -0.27951327 -0.03359766 12.515503 0.27913624 0.96011806 -0.015526499 2.2038574 0.03659813 0.0055184625 0.99931467 0.19897461
0.9576311 -0.28542933 -0.038095452 13.117676 0.28500485 0.9583772 -0.016257793 2.3916016 0.041150913 0.004709063 0.99914163 0.22766113
0.95510805 -0.2926513 -0.04585311 13.731567 0.29214147 0.95620227 -0.017603585 2.5913086 0.0489965 0.0034143226 0.9987927 0.26013184
0.95362556 -0.2961139 -0.054133177 14.359741 0.29557863 0.9551602 -0.017818533 2.7955322 0.05698306 0.0009932066 0.9983746 0.28674316
0.9519762 -0.29959795 -0.06309532 14.99707 0.29902953 0.9540647 -0.018494654 2.9993896 0.06573622 -0.0012640744 0.9978354 0.32788086
0.9498632 -0.3040255 -0.07277782 15.648926 0.30356696 0.9526302 -0.017547762 3.2193604 0.07466839 -0.0054233307 0.9971951 0.3659668
0.9484346 -0.3065527 -0.0805764 16.302612 0.3062122 0.95181054 -0.016855977 3.4417725 0.0818612 -0.008683852 0.9966069 0.41674805
0.94596803 -0.3123716 -0.08705194 16.9729 0.3120996 0.9499011 -0.017076014 3.6658936 0.08802211 -0.011013757 0.99605757 0.4729004
0.9440928 -0.31601873 -0.09401435 17.647705 0.316118 0.9486223 -0.014231071 3.9191895 0.09368007 -0.016280226 0.99546945 0.5352783
0.94210553 -0.32000524 -0.10052557 18.345947 0.3203824 0.9472374 -0.012798296 4.1673584 0.09931714 -0.020131908 0.99485433 0.60095215
0.94021505 -0.32404488 -0.10493571 19.049194 0.32478794 0.9457423 -0.010402685 4.4195557 0.1026134 -0.024301954 0.9944231 0.6743164
0.93843645 -0.32852924 -0.106585205 19.76184 0.3294034 0.9441136 -0.009807773 4.68042 0.10385171 -0.025911145 0.99425584 0.74694824
0.936024 -0.3357133 -0.105911456 20.48108 0.33678457 0.9415798 -0.008131979 4.955078 0.10245496 -0.02804901 0.99434197 0.8286133
0.9339775 -0.34159717 -0.10500589 21.212036 0.3426745 0.9394319 -0.008159148 5.22583 0.101434685 -0.02835185 0.99444026 0.91174316
0.93202686 -0.34747446 -0.10269843 21.95874 0.3485106 0.9372487 -0.008262154 5.510498 0.099125445 -0.028102426 0.9946765 0.98986816
0.9299844 -0.35399532 -0.09921464 22.700562 0.35500062 0.93484825 -0.007923547 5.7993164 0.09555604 -0.02785303 0.99503326 1.0733643
0.9257295 -0.36613387 -0.09503871 23.463501 0.3673113 0.93011516 -0.0054279845 6.1105957 0.09038216 -0.02987464 0.9954591 1.1506348
0.9234594 -0.37288162 -0.09058086 24.214355 0.37414935 0.927376 -0.003196288 6.4208984 0.08519387 -0.030938767 0.9958833 1.2288818
0.92003036 -0.3818773 -0.087872185 24.967407 0.38334015 0.92361337 -0.00026060222 6.7489014 0.08125547 -0.033451676 0.99612975 1.300293
0.91696227 -0.3894393 -0.08680582 25.738037 0.3909551 0.92042017 0.0004985356 7.090332 0.079702936 -0.03439539 0.9962244 1.3712158
0.91270655 -0.39949977 -0.08625595 26.513794 0.40116483 0.91604453 0.0021590095 7.432007 0.07814983 -0.036569484 0.9962697 1.4431152
0.9094127 -0.40708143 -0.085381225 27.284668 0.4087773 0.9126515 0.0026175773 7.793091 0.07685518 -0.03728242 0.99634385 1.5118408
0.9056278 -0.41566083 -0.08387852 28.079102 0.4173373 0.9087328 0.0027163674 8.160278 0.07509467 -0.037474204 0.99647117 1.5797119
0.9017958 -0.42437303 -0.081771836 28.874268 0.4259771 0.90473896 0.0024141727 8.539185 0.072956756 -0.037009228 0.99664795 1.6496582
0.898962 -0.4310422 -0.07749205 29.674316 0.43252143 0.9015831 0.0025746229 8.927368 0.068754554 -0.03583393 0.9969902 1.7165527
0.8955064 -0.43900624 -0.07271535 30.493286 0.44043374 0.8977463 0.004048723 9.33728 0.06349929 -0.03566041 0.9973436 1.7792969
0.8923929 -0.44594678 -0.06866266 31.289673 0.44725966 0.8943646 0.004255313 9.735596 0.059511937 -0.034510303 0.99763113 1.8439941
0.88849044 -0.4541896 -0.06577858 32.121094 0.4553594 0.8903183 0.0031701042 10.172852 0.057120435 -0.032761306 0.99782985 1.8970947
0.8854969 -0.4601545 -0.06428828 32.96057 0.4613575 0.887192 0.0044312784 10.6073 0.05499411 -0.03358459 0.99792147 1.9562988
0.88299245 -0.46520317 -0.06231334 33.79785 0.4663392 0.8845797 0.004241543 11.053345 0.05314603 -0.032801934 0.99804807 2.0067139
0.88022816 -0.47064668 -0.060828306 34.647095 0.47166196 0.88178194 0.0026666876 11.520874 0.052379582 -0.03104164 0.998144 2.0560303
0.8773192 -0.47609174 -0.060292453 35.506958 0.47702754 0.8788795 0.0013012586 11.983154 0.052374 -0.029897738 0.99818075 2.1157227
0.87595075 -0.47864044 -0.059908062 36.37207 0.47954732 0.8775017 0.000870625 12.463745 0.05215391 -0.029494368 0.9982034 2.1716309
0.87473696 -0.48061845 -0.061121665 37.252808 0.48157787 0.8763426 0.0011057786 12.955811 0.05303354 -0.03040958 0.9981296 2.2196045
0.8746653 -0.48103523 -0.059281915 38.13965 0.48195943 0.87616247 0.0014906605 13.457153 0.051225793 -0.02987495 0.99824065 2.2730713
0.8743649 -0.48182347 -0.05807559 39.04297 0.4827123 0.8758012 0.0014608295 13.96106 0.05015576 -0.029309355 0.9983109 2.3276367
0.87394464 -0.48280326 -0.056409836 39.95752 0.4835641 0.87534404 -0.0001893788 14.476318 0.0494664 -0.027112141 0.99840724 2.3841553
0.874189 -0.48234463 -0.05603546 40.878662 0.48302603 0.87560666 -0.0015703724 14.988037 0.04982158 -0.025696903 0.9984271 2.4381104
0.8722848 -0.48578873 -0.05582607 41.814697 0.48638394 0.8737319 -0.003298466 15.5164795 0.05037764 -0.02427527 0.99843514 2.493042
0.8712508 -0.4880407 -0.05303202 42.748047 0.48852968 0.8725799 -0.0041977735 16.04065 0.048320856 -0.022247842 0.99858373 2.5461426
0.8690327 -0.49218026 -0.049416434 43.675537 0.49265832 0.87016124 -0.0028406365 16.576782 0.044396564 -0.021879764 0.99877435 2.6015625
0.8665946 -0.49702603 -0.045237467 44.609863 0.49741188 0.86754817 -0.003085649 17.118164 0.040777605 -0.019826114 0.9989713 2.659546
0.8635624 -0.5026432 -0.04181493 45.53711 0.5029112 0.8644067 -0.0046107885 17.649658 0.03846018 -0.017047148 0.9991143 2.7147217
0.85744286 -0.5127064 -0.04311923 46.462402 0.51290643 0.858377 -0.0071353014 18.206177 0.04067004 -0.01599842 0.9990447 2.7675781
0.85284144 -0.5202479 -0.045722302 47.371338 0.5203585 0.85393566 -0.010383277 18.764648 0.044446666 -0.0149334865 0.9989002 2.82312
0.84651023 -0.5305682 -0.04419231 48.28662 0.5306661 0.84753656 -0.010449995 19.342407 0.0430012 -0.014597952 0.9989689 2.8757324
0.8404051 -0.5403366 -0.041293323 49.198242 0.540517 0.8412681 -0.007624668 19.937134 0.03885948 -0.015912049 0.9991181 2.921753
0.8366755 -0.546349 -0.038361132 50.096924 0.5465918 0.8373821 -0.0047703385 20.53064 0.034728613 -0.016972486 0.99925286 2.9776611
0.83199316 -0.5532867 -0.040380836 50.982178 0.5536151 0.83274674 -0.0035612537 21.134888 0.03559637 -0.019396998 0.9991778 3.027588
0.82782185 -0.5592849 -0.044680722 51.8667 0.55963546 0.8287727 -0.0054084873 21.741455 0.04005287 -0.02052617 0.9989865 3.0704346
0.8250688 -0.5625858 -0.05114454 52.756104 0.5630072 0.8263345 -0.0071268566 22.351807 0.04627376 -0.022920545 0.99866587 3.1229248
0.82181674 -0.5673473 -0.052584056 53.63867 0.567792 0.82315725 -0.0075088497 22.968872 0.047544196 -0.023691915 0.99858767 3.1878662
0.81998724 -0.5704709 -0.048606534 54.51538 0.5708768 0.82111925 -0.006438394 23.584717 0.04358335 -0.022459755 0.99879736 3.243042
0.81598246 -0.57650995 -0.04358033 55.40503 0.5769101 0.81685317 -0.0040285997 24.234375 0.037918385 -0.021850552 0.99904174 3.2875977
0.81251657 -0.5813763 -0.041519307 56.260254 0.58176637 0.81329197 -0.0032215375 24.865967 0.03563951 -0.02154683 0.9991321 3.3435059
0.8104091 -0.58435667 -0.042295184 57.149902 0.5848127 0.8111815 -0.0019342308 25.500732 0.03543807 -0.023169467 0.9991031 3.3967285
0.80687594 -0.58916235 -0.04358479 58.02124 0.5895965 0.80772775 -0.0034789336 26.151611 0.03725395 -0.022884965 0.9990438 3.4309082
0.8025063 -0.5950056 -0.046072867 58.868652 0.5954776 0.8034677 -0.0041922713 26.81128 0.039509747 -0.024068512 0.99892896 3.4796143
0.79898643 -0.5998192 -0.04523733 59.746094 0.60021096 0.7999508 -0.0058654775 27.467163 0.039703447 -0.02245526 0.9989592 3.5396729
0.79409516 -0.606393 -0.043274682 60.624756 0.60673004 0.7949914 -0.0063652974 28.130981 0.038261116 -0.021200946 0.99904245 3.5871582
0.7892534 -0.61260545 -0.042360153 61.482178 0.61290854 0.79012406 -0.0069435355 28.803589 0.03772103 -0.020483553 0.99907815 3.6330566
0.7834668 -0.6198206 -0.043807097 62.338135 0.6201575 0.78439224 -0.007069418 29.493774 0.03874451 -0.021630967 0.999015 3.680542
0.77896 -0.62569606 -0.043482397 63.198975 0.6259927 0.77989227 -0.008099632 30.1792 0.03897956 -0.02089881 0.99902177 3.7322998
0.77404577 -0.63180304 -0.043587945 64.052 0.6320289 0.77502173 -0.010129526 30.879517 0.040180303 -0.01970015 0.9989982 3.7825928
0.7679023 -0.6389816 -0.044379946 64.901855 0.63917947 0.768934 -0.011429454 31.598389 0.041432098 -0.019589026 0.9989495 3.8328857
0.76271856 -0.6452773 -0.043991365 65.74463 0.6453968 0.7637687 -0.01333753 32.311157 0.042202197 -0.018214526 0.998943 3.888794
0.75595844 -0.6531874 -0.043600533 66.58667 0.6532506 0.75701666 -0.014765354 33.044556 0.04264409 -0.017319279 0.9989399 3.9417725
0.7493725 -0.66085315 -0.04166546 67.42334 0.66090745 0.7503436 -0.014429512 33.792603 0.04079433 -0.016723294 0.99902743 3.984375
0.74459195 -0.6662749 -0.0397425 68.264404 0.6662757 0.7454969 -0.015165547 34.534912 0.039729588 -0.015188684 0.999095 4.041382
0.7372058 -0.67450696 -0.03980648 69.10181 0.6744418 0.73814183 -0.017067235 35.30432 0.040895607 -0.014262888 0.9990618 4.096924
0.73146194 -0.68059057 -0.040570416 69.91943 0.68045354 0.7324608 -0.01923043 36.08545 0.042809084 -0.013542026 0.99899167 4.158203
0.72589296 -0.686571 -0.040980592 70.74585 0.6864756 0.7269012 -0.018590394 36.866577 0.042550452 -0.014633247 0.9989873 4.2076416
0.7210847 -0.6918837 -0.03936196 71.56543 0.6917903 0.72201955 -0.018144296 37.67285 0.04097209 -0.014134748 0.99906063 4.2611084
0.7155623 -0.6974641 -0.040526632 72.38428 0.69741005 0.7165405 -0.017794508 38.47632 0.04144691 -0.015524353 0.9990202 4.315674
0.710186 -0.7027557 -0.04088412 73.2063 0.7026712 0.7111959 -0.018829377 39.29895 0.042314038 -0.015358306 0.9989865 4.3708496
0.70560384 -0.7073652 -0.043198634 74.02539 0.70727414 0.7067338 -0.019983662 40.12378 0.044665106 -0.016452584 0.99886656 4.430298
0.7013593 -0.7114081 -0.04490814 74.836914 0.7112337 0.7026102 -0.02253963 40.95056 0.047590256 -0.01612744 0.99873716 4.4848633
0.69528395 -0.71738493 -0.045427855 75.640625 0.7172245 0.6965636 -0.02265466 41.791992 0.04789422 -0.016831044 0.9987105 4.544922
0.6898349 -0.7226323 -0.043807473 76.44751 0.72246253 0.69103575 -0.022486523 42.64331 0.046523985 -0.016133266 0.9987872 4.606079
0.6866422 -0.7258684 -0.04182613 77.25757 0.7256421 0.68776333 -0.023166003 43.500366 0.04558523 -0.014440135 0.99885637 4.6711426
0.6802645 -0.73169136 -0.04143533 78.068115 0.7314495 0.6813767 -0.023602653 44.372437 0.045505024 -0.014263534 0.99886197 4.733032
0.67771953 -0.7341281 -0.041146368 78.873535 0.7338303 0.678836 -0.024821473 45.261963 0.04615507 -0.013378158 0.99884456 4.793335
0.67167395 -0.7398357 -0.03980912 79.66821 0.73947453 0.6727464 -0.026019018 46.143066 0.046030942 -0.011959717 0.99886847 4.852417
0.6681926 -0.743088 -0.037881173 80.466064 0.7426935 0.66918355 -0.026387634 47.032104 0.04495544 -0.01050626 0.9989335 4.914551
0.66618574 -0.7447882 -0.036527533 81.26904 0.7442037 0.6671501 -0.030323487 47.935425 0.046954464 -0.006992175 0.9988722 4.9797363
0.6607094 -0.7498678 -0.03665328 82.06128 0.7490752 0.6617101 -0.034762513 48.83789 0.050312296 -0.0044835676 0.9987234 5.0421143
0.65669304 -0.7533463 -0.034846693 82.85742 0.75235647 0.6576157 -0.03861272 49.744385 0.052012004 -0.00085276365 0.99864686 5.1016846
0.65073746 -0.7586602 -0.029895557 83.6438 0.7574623 0.6514024 -0.04294523 50.663574 0.052055433 0.0052951872 0.99863 5.1744385
0.6414357 -0.76680326 -0.02550327 84.43945 0.76545334 0.64185774 -0.046654195 51.5813 0.052144963 0.010409434 0.99858564 5.2440186
0.6347224 -0.7724982 -0.021650763 85.21924 0.77113324 0.63494337 -0.047910172 52.53003 0.050752256 0.013717659 0.9986172 5.317505
0.62478393 -0.7805105 -0.018798469 85.97778 0.7792533 0.62489915 -0.0465841 53.48877 0.04811263 0.014458533 0.9987375 5.3780518
0.615642 -0.7878374 -0.019447282 86.74365 0.7865647 0.6158011 -0.046741754 54.474365 0.04880777 0.013480735 0.9987174 5.45105
0.6076632 -0.7939629 -0.020532826 87.49805 0.79263717 0.6078788 -0.047572732 55.444336 0.05024794 0.012634853 0.9986569 5.512207
0.5970116 -0.8020853 -0.019559022 88.22998 0.80062634 0.5971563 -0.050474133 56.440918 0.05216298 0.014479002 0.9985339 5.5861816
0.58619434 -0.80995035 -0.02018455 88.96362 0.80843526 0.58637923 -0.051409233 57.44507 0.053469796 0.0138140265 0.9984736 5.654907
0.5780846 -0.81586725 -0.016058227 89.68384 0.8143147 0.57803476 -0.053353064 58.453613 0.052806765 0.017766114 0.9984467 5.727661
0.56536466 -0.82479906 -0.013002068 90.392334 0.8233211 0.5651862 -0.052980438 59.4812 0.051042028 0.019258695 0.9985113 5.8043213
0.5553286 -0.8316193 -0.012397244 91.093994 0.83006614 0.5551052 -0.054611783 60.52881 0.052294392 0.020044846 0.9984309 5.8789062
0.546994 -0.8370821 -0.013475277 91.77661 0.8355025 0.54684234 -0.054683503 61.57959 0.05313312 0.018650884 0.9984131 5.9506836
0.5339126 -0.8453084 -0.013936364 92.450195 0.8436472 0.5337865 -0.055986643 62.646484 0.054776438 0.018131802 0.99833405 6.0253906
0.5256024 -0.85059756 -0.015519691 93.11328 0.8488791 0.52557147 -0.056511138 63.723633 0.056228474 0.016528742 0.9982812 6.10083
0.5146435 -0.85727614 -0.015811082 93.756836 0.855559 0.51465285 -0.056402992 64.82178 0.056490567 0.0154986475 0.99828273 6.182129
0.5063165 -0.8623677 -0.014411804 94.40503 0.86076564 0.5062909 -0.05472156 65.91553 0.054471903 0.015297036 0.9983977 6.2529297
0.49893528 -0.866551 -0.011832247 95.052 0.8650846 0.49881312 -0.052916743 67.02539 0.05176791 0.016168466 0.9985285 6.333374
0.4911389 -0.8710825 -0.010671369 95.66577 0.8695853 0.4909551 -0.053866815 68.13843 0.05214513 0.01717172 0.9984914 6.406128
0.4820276 -0.8759713 -0.010403044 96.288574 0.87437254 0.48181078 -0.05582893 69.25537 0.05391765 0.017817654 0.99838656 6.4837646
0.47604412 -0.8792855 -0.009310219 96.91797 0.8774818 0.47570086 -0.059848174 70.392334 0.057063743 0.02032616 0.99816406 6.564087
0.4690302 -0.8829677 -0.008125858 97.51367 0.88097966 0.4685567 -0.063378856 71.52075 0.059789147 0.022575576 0.9979564 6.644287
0.46399844 -0.88572425 -0.0074583185 98.10986 0.8835937 0.4634373 -0.06592193 72.65137 0.061853945 0.023998227 0.9977968 6.7266846
0.4587518 -0.88854825 -0.005928384 98.70581 0.88642997 0.458099 -0.066273876 73.79175 0.061620455 0.025158651 0.9977835 6.81958
0.45512503 -0.89049834 -0.0015466025 99.28735 0.8886325 0.45428315 -0.06392848 74.92114 0.057624098 0.02770976 0.99795294 6.907959
0.45352486 -0.89130676 0.0039160913 99.86963 0.8896888 0.45242795 -0.06236782 76.07056 0.05381257 0.031759605 0.99804527 6.994385
0.44697723 -0.89455307 0.0048155608 100.44043 0.8930234 0.44588333 -0.06111514 77.20239 0.052521147 0.03163004 0.9981196 7.078247
0.44496632 -0.89563376 0.0066943774 100.99902 0.8941821 0.4437911 -0.060724355 78.33594 0.051406324 0.033006404 0.9981323 7.1555176
0.4440112 -0.89599955 0.010173715 101.5603 0.89467806 0.44267023 -0.060491264 79.47095 0.04968338 0.035952397 0.9981173 7.23291
0.43999463 -0.8980927 0.012491427 102.11426 0.89693546 0.43861014 -0.058731034 80.596436 0.04726151 0.037045687 0.99819547 7.310547
0.43897563 -0.8982031 0.014264419 102.66699 0.8970524 0.43746114 -0.05999115 81.72363 0.04764069 0.039140917 0.9980979 7.38562
0.43541533 -0.9001025 0.016547587 103.20532 0.8990817 0.43383732 -0.05901028 82.82153 0.045926925 0.040562544 0.9981204 7.4572754
0.43547386 -0.8999945 0.021261096 103.73486 0.8991578 0.43366662 -0.059379503 83.938965 0.04422452 0.044954553 0.9980084 7.526123
0.4329334 -0.9012095 0.024260363 104.27319 0.9005228 0.4310159 -0.05899655 85.0459 0.042703465 0.047366604 0.99796325 7.5949707
0.43035957 -0.9022056 0.025344387 104.78784 0.9015362 0.42836472 -0.0596826 86.12036 0.042990375 0.04852237 0.9978957 7.666382
0.4314035 -0.9020098 0.025787089 105.29834 0.90133554 0.42935497 -0.060349435 87.19629 0.04336322 0.04926031 0.9978432 7.734619
0.43035927 -0.9022648 0.02652018 105.8103 0.9015697 0.42821777 -0.06160799 88.265625 0.044221386 0.050415136 0.9977485 7.8031006
0.42985138 -0.9025971 0.02478745 106.299805 0.9018341 0.4278057 -0.061218277 89.31421 0.044652082 0.048686545 0.99781656 7.871216
0.43290082 -0.90113723 0.022257227 106.79077 0.9002769 0.43098494 -0.06084522 90.36963 0.045227293 0.046387848 0.9978999 7.9400635
0.4359837 -0.89972234 0.019538812 107.27734 0.8987183 0.4341634 -0.061401315 91.39746 0.046772517 0.044325564 0.9979213 8.008179
0.44157892 -0.8970797 0.017365092 107.776855 0.89603055 0.43989056 -0.060576275 92.43921 0.046701517 0.042293247 0.9980123 8.075928
0.44617152 -0.8947223 0.01619371 108.27832 0.8936027 0.44450474 -0.06123359 93.4541 0.047594078 0.041799188 0.9979923 8.141968
0.4548049 -0.89038944 0.015016982 108.77466 0.88930243 0.45324063 -0.059841853 94.45117 0.04647632 0.040574696 0.9980953 8.210449
0.46112415 -0.8871586 0.013949237 109.285645 0.8860824 0.45963845 -0.058913913 95.4541 0.045859 0.03952849 0.99816567 8.271606
0.47113565 -0.88201374 0.013449702 109.80371 0.8809928 0.46971148 -0.05762864 96.44995 0.04450386 0.039002933 0.9982479 8.334473
0.4800859 -0.8770476 0.0122635355 110.32788 0.8760068 0.47871348 -0.057372853 97.42627 0.044453718 0.038298983 0.9982778 8.397583
0.49014083 -0.8715054 0.0103603825 110.87134 0.8703925 0.48882875 -0.057710715 98.404785 0.045236986 0.037306212 0.9982795 8.456543
0.50200146 -0.8648406 0.0065569663 111.40405 0.8635447 0.50080144 -0.059039265 99.35913 0.047779955 0.035300065 0.9982339 8.519531
0.51178813 -0.8590531 0.002578449 111.95752 0.8576218 0.5107573 -0.059304394 100.30078 0.049638964 0.032563366 0.9982363 8.58252
0.5244023 -0.85154223 0.00011154264 112.52881 0.8501455 0.5235344 -0.057317846 101.246826 0.048752844 0.030151106 0.99835557 8.645142
0.5369071 -0.84368634 -0.00083631184 113.096924 0.8424395 0.5361667 -0.053827625 102.1792 0.04586106 0.028199034 0.99854994 8.707153
0.54993534 -0.8353326 -0.0006897729 113.697754 0.8341838 0.5492221 -0.051983505 103.09863 0.043793052 0.028009681 0.9986478 8.769165
0.5602597 -0.82833385 -0.0012252275 114.29077 0.82720804 0.5595742 -0.0513093 103.99121 0.043189716 0.027732978 0.99868196 8.83374
0.57179546 -0.8203024 -0.0019059181 114.906006 0.8191732 0.57112694 -0.051181428 104.88428 0.043078285 0.027711097 0.9986877 8.887207
0.5840249 -0.81169283 -0.0038296334 115.531494 0.8104662 0.5833899 -0.052411437 105.75342 0.044769887 0.027506687 0.9986188 8.95166
0.59351623 -0.8046718 -0.0028153572 116.14502 0.8034007 0.59276813 -0.05421631 106.602295 0.045307297 0.029919403 0.9985252 9.005981
0.605265 -0.7960578 -0.0036693374 116.781494 0.79479086 0.60454977 -0.053795666 107.43262 0.045042526 0.02964206 0.9985451 9.071655
0.6156241 -0.7879882 -0.0027781418 117.41846 0.78687155 0.6149318 -0.05117125 108.26953 0.042032197 0.029319253 0.9986862 9.128906
0.6254385 -0.7802355 -0.0015447685 118.05347 0.7792623 0.6247547 -0.04873177 109.073975 0.038991496 0.029275933 0.99881065 9.182373
0.63631797 -0.7714511 -0.0018220751 118.71045 0.7705207 0.63566333 -0.04764958 109.87842 0.037916727 0.028913254 0.9988623 9.238403
0.6455495 -0.7636173 -0.0049223136 119.34863 0.7626566 0.6450368 -0.04639236 110.656006 0.038602743 0.026189085 0.99891114 9.290161
0.654061 -0.7563234 -0.007466238 119.99658 0.7553312 0.653654 -0.045708265 111.427246 0.039445117 0.024260178 0.9989276 9.341919
0.6647107 -0.74710494 -0.008351352 120.66284 0.74615216 0.6643578 -0.04429518 112.18164 0.03863649 0.023216823 0.9989838 9.393921
0.67287755 -0.7396618 -0.007824418 121.31421 0.73880273 0.67254233 -0.042218763 112.90381 0.036495093 0.022630483 0.9990777 9.44873
0.6815393 -0.7318479 -0.0062388275 121.98218 0.7310873 0.6811768 -0.04056297 113.62793 0.033933718 0.023083348 0.99915725 9.490845
0.69100463 -0.72279215 -0.0059147663 122.6582 0.72206354 0.6906354 -0.039980542 114.34302 0.03298013 0.023355333 0.99918306 9.540161
0.69766474 -0.7164051 -0.0067424867 123.318115 0.7156903 0.69733644 -0.03907938 115.03174 0.0326964 0.022438655 0.9992133 9.584106
0.7059317 -0.70824504 -0.007627297 123.99292 0.707534 0.70563716 -0.03847966 115.71533 0.032639433 0.021769902 0.9992301 9.633301
0.7119338 -0.7023074 -0.006499569 124.6582 0.7017289 0.71167165 -0.035038665 116.39087 0.029231763 0.020385362 0.9993648 9.671387
0.7194935 -0.6944629 -0.006265732 125.328125 0.6939671 0.7192717 -0.0323508 117.052734 0.026974114 0.018929718 0.9994568 9.713867
0.726585 -0.6869114 -0.005660721 126.01001 0.6864552 0.7263611 -0.031373605 117.70093 0.025666676 0.018906455 0.9994915 9.751831
0.73357046 -0.6796426 -0.0060965614 126.66528 0.67920834 0.73337317 -0.030272592 118.31616 0.02504406 0.018065741 0.99952304 9.792114
0.74169296 -0.6706665 -0.0071334764 127.33179 0.6702875 0.7415651 -0.02737119 118.927734 0.023641802 0.015516128 0.99959993 9.821533
0.75093853 -0.6604046 -0.005666213 128.01245 0.66012007 0.7508219 -0.0241443 119.52612 0.02019866 0.014394173 0.9996925 9.859131
0.759668 -0.6502358 -0.004488133 128.66797 0.6500285 0.75957036 -0.020920713 120.105225 0.01701446 0.012976137 0.99977106 9.887817
0.7703749 -0.6374895 -0.004886422 129.3501 0.6373284 0.7703169 -0.017843654 120.670654 0.015140926 0.010633441 0.9998289 9.916504
0.7798498 -0.6259484 -0.0058376445 130.00513 0.6257776 0.7798038 -0.017869502 121.21509 0.015739132 0.010280787 0.99982315 9.938721
0.7892784 -0.6138751 -0.007362272 130.68091 0.6136858 0.7892519 -0.01811229 121.73804 0.016932793 0.009777076 0.9998089 9.963745
0.8000555 -0.5998515 -0.008071412 131.37231 0.5996733 0.8000476 -0.017076293 122.26807 0.01669946 0.0088220015 0.99982166 9.987183
0.80862796 -0.5882783 -0.0063473475 132.05835 0.58813727 0.80860335 -0.015683018 122.77075 0.014359625 0.00894714 0.9998568 10.005249
0.81995106 -0.5724977 -0.00430564 132.75708 0.5724027 0.8199168 -0.013545565 123.27026 0.011283723 0.008640995 0.99989897 10.033081
0.8287834 -0.55947566 -0.0031897118 133.45093 0.5594113 0.8287538 -0.011463751 123.74121 0.009057367 0.007716401 0.9999292 10.053223
0.83781564 -0.54594624 -0.00064069335 134.16455 0.54591346 0.8377773 -0.01003172 124.21167 0.0060128933 0.008055428 0.9999495 10.068848
0.8451021 -0.5345005 0.0018246756 134.89282 0.5344919 0.84505594 -0.0095124 124.66577 0.0035423688 0.009014281 0.9999531 10.080811
0.85221905 -0.5231819 0.0036553633 135.6023 0.5231919 0.8521712 -0.009187605 125.11401 0.0016927337 0.0097423205 0.999951 10.098999
0.85890645 -0.512115 0.0034058362 136.32764 0.51212364 0.85886186 -0.0089084245 125.55347 0.0016355142 0.009395997 0.99995446 10.111328
0.8660727 -0.4999211 0.0030509406 137.08667 0.49993002 0.8660496 -0.0063686455 125.97998 0.00054200646 0.007040597 0.9999751 10.123901
0.872067 -0.48934987 0.0024815025 137.8147 0.48935586 0.8720503 -0.0054379553 126.4082 0.0004976066 0.005956263 0.99998206 10.130737
0.8782864 -0.47808027 0.0024133169 138.57129 0.47808626 0.8782764 -0.0042185737 126.848145 -0.00010222662 0.004858925 0.99998814 10.134644
0.8838213 -0.46772066 0.002835167 139.32446 0.46772912 0.8838079 -0.0048773163 127.23511 -0.00022418797 0.005636936 0.999984 10.143799
0.88957316 -0.45686242 0.0021419374 140.09106 0.45686698 0.8895558 -0.0055941623 127.629395 0.000650099 0.005954818 0.999982 10.152832
0.89327025 -0.44952673 0.0020471013 140.88452 0.44953054 0.89325047 -0.006003071 128.02466 0.00086963794 0.0062827384 0.9999799 10.160034
0.896848 -0.44228956 0.0022681786 141.64917 0.44229537 0.8968348 -0.004865696 128.4226 0.00011760043 0.005367283 0.9999856 10.16748
0.89981174 -0.43627322 0.0048645083 142.45532 0.43628958 0.8998118 -0.003021508 128.80908 -0.0030580186 0.0048407977 0.9999836 10.174072
0.9027725 -0.4299974 0.0077797435 143.27197 0.43000567 0.90280175 0.00065572886 129.19995 -0.0073056715 0.0027533849 0.99996954 10.171753
0.9058994 -0.4233479 0.009736531 144.09229 0.42333686 0.9059509 0.0032641445 129.59229 -0.010203067 0.0011646552 0.9999473 10.172119
0.90913975 -0.41626486 0.010400181 144.93213 0.41622612 0.90919876 0.0057508284 129.98267 -0.011850148 -0.0008986313 0.99992937 10.171143
0.91230494 -0.40937787 0.012424604 145.77222 0.409306 0.9123869 0.007973373 130.37524 -0.014599264 -0.0021886537 0.999891 10.161011
0.91545314 -0.40211987 0.014909115 146.65479 0.40201914 0.91557086 0.00936245 130.75854 -0.017416067 -0.0025758743 0.99984497 10.150757
0.91898036 -0.39395055 0.017526243 147.53467 0.39384437 0.919146 0.009292508 131.13574 -0.019770216 -0.0016387515 0.99980325 10.142212
0.9217292 -0.38741037 0.018765068 148.41821 0.38729605 0.9219189 0.009532132 131.52856 -0.02099208 -0.0015194353 0.9997785 10.132202
0.92520773 -0.37902734 0.01920972 149.31714 0.3789412 0.92540705 0.0080852965 131.89941 -0.020840658 -0.00020317768 0.99978286 10.108887
0.92920655 -0.36907515 0.019695902 150.26147 0.36903584 0.929413 0.005726286 132.25537 -0.020418983 0.0019444978 0.9997897 10.099976
0.9335187 -0.35800898 0.018720036 151.19336 0.3579835 0.93370384 0.0048099905 132.62646 -0.01920116 0.0022129149 0.99981314 10.078735
0.9376196 -0.34724438 0.017118642 152.15308 0.34722754 0.93777335 0.0040398357 132.9856 -0.017456673 0.0021558716 0.9998453 10.074341
0.9422841 -0.33447814 0.015776254 153.11768 0.33442986 0.94241613 0.0056828293 133.33667 -0.016768817 -8.019735e-05 0.99985945 10.057983
0.9478394 -0.31840274 0.016272912 154.09448 0.3182794 0.9479703 0.009748473 133.69067 -0.0185292 -0.004062254 0.9998201 10.043823
0.95398176 -0.29928565 0.018004922 155.12402 0.29908824 0.9541268 0.012869939 134.01147 -0.021030558 -0.0068925796 0.9997551 10.023193
0.9597827 -0.28010088 0.018845275 156.14209 0.27982205 0.9599134 0.016140468 134.32788 -0.022610726 -0.010217163 0.9996921 10.007324
0.9655614 -0.25940472 0.020358508 157.20532 0.25905842 0.965698 0.018166613 134.61035 -0.024372201 -0.012267765 0.99962777 9.9938965
0.97123444 -0.23711829 0.021914346 158.25049 0.23672083 0.97138745 0.019269986 134.89307 -0.025856214 -0.013527424 0.9995741 9.971191
0.97606593 -0.21608357 0.024498539 159.34155 0.21560329 0.97625744 0.020819427 135.14233 -0.028416904 -0.0150387995 0.9994829 9.957275
0.98089993 -0.19244109 0.028458934 160.4502 0.1918421 0.98117226 0.022490654 135.36621 -0.032250136 -0.01660207 0.99934196 9.919312
0.9847526 -0.17088205 0.032740094 161.5586 0.17013495 0.9851236 0.024409465 135.55786 -0.036423504 -0.018468479 0.9991659 9.899536
0.9882746 -0.14844276 0.03584104 162.69092 0.14758489 0.9887235 0.02551421 135.74683 -0.039223775 -0.019926522 0.9990319 9.862671
0.9914586 -0.12534702 0.036145438 163.82251 0.12440214 0.99185956 0.027317371 135.91162 -0.03927463 -0.022590172 0.9989736 9.824219
0.993857 -0.10508987 0.034685675 164.98828 0.10415255 0.99417174 0.027813803 136.0398 -0.037406508 -0.024030376 0.9990113 9.789673
0.9959526 -0.08310589 0.034204345 166.15186 0.08215723 0.99621767 0.028268509 136.14795 -0.036424287 -0.025343511 0.99901503 9.745728
0.9973463 -0.06287301 0.03671319 167.3501 0.06195046 0.9977473 0.025748987 136.23706 -0.038249385 -0.02340657 0.9989941 9.713867
0.99828917 -0.044083793 0.03840748 168.5498 0.04308529 0.99872106 0.026445322 136.29688 -0.039524395 -0.024745148 0.99891204 9.67627
0.9989502 -0.022056479 0.040148873 169.77075 0.02096861 0.99940675 0.027319318 136.33838 -0.040727686 -0.026448704 0.99882025 9.633911
0.99915797 -0.004015091 0.040826946 170.99072 0.002840134 0.99958134 0.028790848 136.35522 -0.040925454 -0.028650647 0.9987511 9.590332
0.9989768 0.017760703 0.041588724 172.23584 -0.01896037 0.99941015 0.028632931 136.33374 -0.04105554 -0.029392343 0.9987245 9.548706
0.9984529 0.036073208 0.042312596 173.48535 -0.037373208 0.99884063 0.03034287 136.30469 -0.04116886 -0.031877384 0.9986434 9.502686
0.99744624 0.057847537 0.04188782 174.79541 -0.059229974 0.9977142 0.03254479 136.25635 -0.03990976 -0.034942955 0.9985917 9.455933
0.9961211 0.078238495 0.040226962 176.02637 -0.07956242 0.99630034 0.032442097 136.16504 -0.03753969 -0.035517573 0.9986639 9.417358
0.99451196 0.097271286 0.038505517 177.28857 -0.09857304 0.99456495 0.03348975 136.05176 -0.03503781 -0.037101135 0.9986971 9.373657
0.9924981 0.11641236 0.03735548 178.61328 -0.11772414 0.9924267 0.03506809 135.91772 -0.03298967 -0.039202996 0.9986862 9.332397
0.98996407 0.13688216 0.035286084 179.91235 -0.13809471 0.9898215 0.03457167 135.76196 -0.030197002 -0.039097168 0.9987791 9.302856
0.9875651 0.15423656 0.03048594 181.23315 -0.15530227 0.98719823 0.036381662 135.57178 -0.024484554 -0.040662955 0.9988729 9.268799
0.9841531 0.17541318 0.025784414 182.60107 -0.1763349 0.9835394 0.039350603 135.35083 -0.018456046 -0.04327487 0.99889266 9.244873
0.98141104 0.19080153 0.0208945 183.86597 -0.19152516 0.9806314 0.04110825 135.1272 -0.012647044 -0.044345394 0.9989362 9.226685
0.97803026 0.2076853 0.018372891 185.19434 -0.20830543 0.9771047 0.043468572 134.85522 -0.008925672 -0.046340242 0.9988858 9.219971
0.97369754 0.22717896 0.016950604 186.56885 -0.22772998 0.9726337 0.045914415 134.55249 -0.006055956 -0.048568163 0.9988019 9.208374
0.9698657 0.24305506 0.017048128 187.92212 -0.2435946 0.9687806 0.046169456 134.23486 -0.0052944245 -0.04893013 0.9987882 9.215088
0.9654097 0.2602194 0.016402509 189.26294 -0.26070225 0.96438605 0.044655032 133.88013 -0.004199364 -0.047388017 0.998868 9.216919
0.9602228 0.2788446 0.012926361 190.59766 -0.27914387 0.9591606 0.045162365 133.51001 0.00019675527 -0.04697594 0.99889624 9.225952
0.95531106 0.29542437 0.009938643 191.94897 -0.29555893 0.9541673 0.046950076 133.11133 0.0043846373 -0.04778968 0.99884814 9.233154
0.9501337 0.3116795 0.010345498 193.29272 -0.31181073 0.94895434 0.04759505 132.68335 0.005016114 -0.048447322 0.99881315 9.254395
0.9438997 0.3300415 0.010859951 194.66846 -0.33015457 0.942546 0.050968315 132.22925 0.0065837856 -0.051695336 0.9986415 9.267822
0.93768775 0.34733695 0.0097038075 196.02588 -0.34733552 0.9361682 0.05425051 131.74316 0.009758027 -0.054241724 0.9984803 9.282593
0.9305993 0.36588985 0.007971309 197.37158 -0.3657483 0.92902946 0.055555485 131.23853 0.012925252 -0.054615393 0.99842364 9.312866
0.92431426 0.38156816 0.0058222646 198.7373 -0.38127318 0.9227412 0.056245357 130.70581 0.016093431 -0.054207824 0.9983995 9.33313
0.9163345 0.4003948 0.0010807966 200.0852 -0.39980638 0.91483504 0.056720812 130.12915 0.021724693 -0.052406166 0.9983893 9.370972
0.9076798 0.4196251 -0.0021913783 201.43262 -0.41873193 0.9060642 0.060696077 129.5376 0.02745736 -0.054176465 0.99815404 9.418945
0.897851 0.4402568 -0.0034762095 202.76978 -0.43916768 0.8961338 0.063643605 128.90234 0.0311377 -0.055611856 0.99796647 9.470947
0.8852922 0.46494058 -0.0028224196 204.11182 -0.46376348 0.8834519 0.06600814 128.2356 0.033187035 -0.057128042 0.99781543 9.523193
0.87200063 0.4895695 -0.0016930862 205.45776 -0.48823386 0.86986667 0.0708732 127.507324 0.0361752 -0.060972143 0.9974826 9.59375
0.8575022 0.51445645 -0.0018132484 206.76343 -0.5128968 0.8551675 0.07485798 126.78296 0.04006408 -0.06325651 0.99719226 9.657227
0.84237826 0.53887606 -0.0014277507 208.02148 -0.5371334 0.8398602 0.078202024 126.01587 0.043332916 -0.0651152 0.9969379 9.726196
0.8277957 0.5608907 -0.0009948655 209.30273 -0.55904776 0.8252161 0.0795626 125.20825 0.045457233 -0.06531143 0.99682975 9.800659
0.81208277 0.58355653 -0.0019264421 210.55054 -0.58149374 0.80948097 0.08140976 124.34961 0.049058627 -0.06499194 0.9966797 9.878662
0.7958038 0.6054637 -0.004162537 211.79053 -0.603091 0.7932581 0.08323472 123.43799 0.053711854 -0.06372359 0.99652016 9.970093
0.7783494 0.627773 -0.0067506805 212.99268 -0.62507874 0.77591914 0.08484343 122.54175 0.05850448 -0.061827373 0.99637175 10.067505
0.7615692 0.6480458 -0.007820362 214.16943 -0.645119 0.7591738 0.08654051 121.556885 0.062015995 -0.060862772 0.99621797 10.16687
0.74554235 0.6663983 -0.0099546565 215.375 -0.66319084 0.7432683 0.088029 120.546875 0.06606087 -0.059030917 0.9960683 10.279785
0.728369 0.6850201 -0.010246299 216.51587 -0.6817463 0.7262037 0.08793208 119.51367 0.06767421 -0.05706272 0.99607486 10.394165
0.7122808 0.7018407 -0.010653322 217.61304 -0.69842654 0.7101644 0.08891385 118.46118 0.06996192 -0.05589836 0.9959832 10.506226
0.6981787 0.7157717 -0.011784471 218.71558 -0.71218705 0.69616 0.08982433 117.39453 0.07252155 -0.05432153 0.995886 10.632446
0.6821212 0.73106706 -0.014411521 219.78662 -0.72725636 0.6803485 0.09042616 116.28833 0.07592857 -0.051195145 0.9957973 10.755859
0.66821975 0.7437432 -0.016407775 220.83154 -0.7395982 0.66654813 0.09302356 115.16846 0.08010812 -0.050027713 0.99553066 10.886108
0.6528974 0.75724506 -0.016900849 221.87231 -0.7528834 0.6512542 0.09494553 114.02026 0.08291116 -0.049273353 0.995339 11.014404
0.63584286 0.7716328 -0.016458124 222.87427 -0.76721174 0.634238 0.09545744 112.850586 0.08409566 -0.048053794 0.9952966 11.159058
0.62018627 0.7842672 -0.014227383 223.85254 -0.779855 0.6184424 0.096262895 111.66406 0.08429243 -0.04861557 0.9952557 11.303955
0.6025498 0.7980298 -0.009544017 224.80591 -0.79367155 0.60042906 0.09785339 110.4624 0.08383753 -0.05138267 0.99515325 11.448853
0.58436155 0.8115956 -0.0037279613 225.74463 -0.8074676 0.58184004 0.09817607 109.2207 0.08183182 -0.054362353 0.9951628 11.589722
0.5663335 0.82416874 0.00045340665 226.64185 -0.8201298 0.5635041 0.09916614 108.00415 0.081490986 -0.056520034 0.99506855 11.734985
0.5482782 0.83633876 0.002785352 227.49146 -0.83211184 0.54516566 0.102305815 106.771484 0.08402775 -0.058421392 0.9947506 11.884644
0.5308114 0.8474479 0.0056123035 228.30396 -0.84301245 0.5273308 0.10589092 105.53223 0.086783215 -0.060947374 0.9943619 12.028442
0.5106859 0.85962313 0.008739379 229.08887 -0.8552903 0.50703555 0.1059173 104.2605 0.08664397 -0.061554052 0.99433434 12.183838
0.48997644 0.8716383 0.012677944 229.84644 -0.86755645 0.48615777 0.104810454 102.9978 0.08520047 -0.062345564 0.99441034 12.329224
0.4710408 0.88185054 0.015288748 230.54736 -0.87805045 0.46723542 0.10241885 101.738525 0.08320313 -0.061661627 0.9946221 12.47522
0.4484939 0.8936718 0.019199537 231.23315 -0.8902013 0.44459924 0.100185305 100.43848 0.08098941 -0.06202315 0.99478334 12.62146
0.42669654 0.9040655 0.021047268 231.88794 -0.9006489 0.42276287 0.099751145 99.1499 0.08128914 -0.06151356 0.9947898 12.764893
0.40478873 0.9141493 0.02315284 232.48242 -0.910877 0.40084645 0.09841977 97.88208 0.08068063 -0.06094026 0.9948765 12.898193
0.38399097 0.92301214 0.022971436 233.0481 -0.91967905 0.38016745 0.09793703 96.5918 0.081666134 -0.058731362 0.9949275 13.032715
0.36069566 0.93242043 0.02253743 233.57983 -0.929034 0.35703462 0.09714893 95.29736 0.08256294 -0.05599412 0.9950129 13.172363
0.34138992 0.9396346 0.022035887 234.0581 -0.93613774 0.33783662 0.09725258 94.03174 0.08395958 -0.053844456 0.99501467 13.303955
0.31791705 0.9477956 0.021392386 234.52466 -0.9444795 0.31469116 0.09368881 92.7229 0.08205183 -0.050000295 0.9953735 13.442139
0.29915756 0.95390457 0.020897748 234.94751 -0.9505032 0.29603982 0.09365841 91.45361 0.08315128 -0.04788544 0.9953857 13.572388
0.27786854 0.9602537 0.023887161 235.3479 -0.9564987 0.27432892 0.09862028 90.19141 0.088143334 -0.050265763 0.9948396 13.707642
0.2578444 0.9658666 0.024966937 235.72461 -0.9612707 0.25384358 0.107360885 88.92578 0.0973513 -0.05166809 0.9939065 13.845337
0.24005431 0.970459 0.02745623 236.06299 -0.9652077 0.23552296 0.114328355 87.671875 0.104459584 -0.053918898 0.99306375 13.994751
0.22036017 0.97507197 0.030038323 236.37402 -0.96944404 0.21544522 0.11824809 86.416504 0.10882467 -0.05515606 0.9925279 14.15332
0.19759198 0.9795743 0.03600739 236.66772 -0.97407717 0.19210775 0.1190783 85.16821 0.10970582 -0.058620766 0.9922349 14.299561
0.18123819 0.98260015 0.040532496 236.92578 -0.9773003 0.17536235 0.11884001 83.927 0.1096385 -0.061118852 0.99208707 14.455933
0.15731813 0.9864777 0.044414178 237.15845 -0.9814598 0.15124305 0.11717659 82.67627 0.10886153 -0.06206037 0.9921205 14.618408
0.14245404 0.9887664 0.04586973 237.36401 -0.98380804 0.13632776 0.116567776 81.44751 0.10904868 -0.061731517 0.99211866 14.768433
