7.776320078028512439e-01 -6.283583227844856678e-01 2.131381307918639098e-02 -6.595561568572716737e+01 6.273913543900835332e-01 7.777455226451407411e-01 3.862629210802604601e-02 2.571233889350131108e+01 -4.084787481721542657e-02 -1.666493903097587478e-02 9.990263915082578938e-01 -8.849698600556823447e-01 -4.809208017785018303e-24 -1.416202385148814181e-23 -3.430527606006730092e-24 9.999999999999997780e-01
7.495192335400754358e-01 -6.614022382491723251e-01 2.771277309260580801e-02 -6.555833484538268863e+01 6.606498062086446632e-01 7.500096018825624933e-01 3.205355893566230741e-02 2.609192863147121599e+01 -4.198514153814572603e-02 -5.716320752555095926e-03 9.991018824759945183e-01 -8.945430245928475133e-01 -4.809208017785018303e-24 -1.416202385148814181e-23 -3.430527606006730092e-24 9.999999999999997780e-01
7.210732783390325640e-01 -6.927645548754624016e-01 1.142798204417070328e-02 -6.520459329054800435e+01 6.924143617675470042e-01 7.211033926271691596e-01 2.392172150222150392e-02 2.648829464425244495e+01 -2.481287737127490720e-02 -9.336415253714726997e-03 9.996485144623430408e-01 -9.027137430398538553e-01 2.788594988827543623e-19 2.674123388637575743e-19 -4.477541088360342973e-20 9.999999999999997780e-01
6.909763617938182723e-01 -7.227366193436769448e-01 -1.426346738525736089e-02 -6.487032349181039592e+01 7.228734379328233262e-01 6.909030370495947704e-01 1.034340982612932947e-02 2.689918065124789948e+01 2.379111885109553085e-03 -1.745773339582487593e-02 9.998447716377377725e-01 -9.082060599438447346e-01 -5.893562688169669717e-19 -9.442749985033948230e-19 -1.274141143194046671e-19 9.999999999999997780e-01
6.562793356474324602e-01 -7.539756022472883235e-01 -2.860462931068315923e-02 -6.453008751878689964e+01 7.540301962207637265e-01 6.567465778741878868e-01 -1.106325620356405845e-02 2.732087504892805896e+01 2.712741767004936758e-02 -1.430816782058412159e-02 9.995295791241870509e-01 -9.257615435627367662e-01 -2.799433342502997872e-18 -2.607011932602719841e-18 -1.461984892391248480e-19 9.999999999999997780e-01
6.189575881392695988e-01 -7.849293333522708860e-01 -2.788271378424614019e-02 -6.419293799885937801e+01 7.842199693295062168e-01 6.195841313666172745e-01 -3.338478491035257179e-02 2.776613724880532885e+01 4.348038396394838384e-02 -1.202415000044654682e-03 9.990535573273926495e-01 -9.373766529119815782e-01 -3.923511715625070976e-18 -2.678055857708191101e-18 -8.615016491055708175e-20 9.999999999999997780e-01
5.861150840945315021e-01 -8.099227968514791653e-01 -2.222996484774297787e-02 -6.386906214362657863e+01 8.089583001812262752e-01 5.865117166821057770e-01 -3.988075679472752322e-02 2.825872259592204827e+01 4.533846892837213594e-02 5.391598546176774864e-03 9.989571331645574759e-01 -9.625056216786459506e-01 -5.798385070301100928e-18 -2.274868055575157123e-18 5.371748018902087685e-20 9.999999999999997780e-01
5.574111193523251240e-01 -8.300853123510369969e-01 -1.584986566064562619e-02 -6.356741812616046161e+01 8.297416725583862673e-01 5.576363942050468481e-01 -2.388323005828676612e-02 2.876383192369286590e+01 2.866358041852142338e-02 1.614839574488595604e-04 9.995891021217306882e-01 -9.313418126783177264e-01 -7.096383064038337824e-18 -2.271458163856497170e-18 1.282179643664806598e-19 9.999999999999995559e-01
5.285907735970087895e-01 -8.488395695255283036e-01 -7.948539225511979875e-03 -6.328318504246765031e+01 8.488000698199061889e-01 5.286457149655692245e-01 -8.494087489474822644e-03 2.927659254858568261e+01 1.141207876988026455e-02 -2.256824372518865304e-03 9.999323333115637258e-01 -8.766404741976611126e-01 -7.519626672120925929e-18 5.883042193793532614e-21 2.284436740467683621e-19 9.999999999999992228e-01
4.987844254657435306e-01 -8.667028184995888562e-01 -6.349906901832397602e-03 -6.300971480870243369e+01 8.666881979982395956e-01 4.988177362004138082e-01 -5.695041920457015808e-03 2.979585766975822736e+01 8.103355069788275439e-03 -2.662791157907527188e-03 9.999636219282531657e-01 -8.693266009494342583e-01 -1.072749900089428769e-17 2.556753336260320899e-18 3.798255928442937611e-19 9.999999999999987788e-01
4.712469018839953172e-01 -8.819909570147063116e-01 -4.278926150488237060e-03 -6.274819443915462358e+01 8.818723903376095574e-01 4.712554154795888239e-01 -1.481285054979033719e-02 3.031879754447054864e+01 1.508126735337957276e-02 3.207043097249824212e-03 9.998811280595295559e-01 -8.627724251479557127e-01 -1.395573897190462780e-17 6.824713792200116634e-18 5.150965362111933857e-19 9.999999999999983347e-01
4.457923194092207608e-01 -8.951198247875639114e-01 -5.450433744940767246e-03 -6.250038694535798811e+01 8.948688266634760025e-01 4.457996659042452459e-01 -2.173570669702277677e-02 3.085496815870588705e+01 2.188586351279996067e-02 4.812187852321852741e-03 9.997488943861767563e-01 -8.587028161234928625e-01 -1.764695423766930726e-17 1.086293469863853196e-17 6.527933994285893648e-19 9.999999999999977796e-01
4.226422821511228167e-01 -9.062777721444108536e-01 -5.839610862913674830e-03 -6.226026308670308396e+01 9.060357726411569779e-01 4.226664541611174220e-01 -2.126610498972139954e-02 3.141276383457708476e+01 2.174120586938133731e-02 3.697058805217205441e-03 9.997567962877501602e-01 -8.546958938069091349e-01 -2.068523781748529050e-17 1.714901678486515688e-17 8.011050513021610994e-19 9.999999999999974465e-01
4.030694824733124237e-01 -9.151549512770620343e-01 -5.138818127465170221e-03 -6.202918349409872434e+01 9.150475103282807998e-01 4.031010882766685732e-01 -1.405583409858898736e-02 3.198703237607431760e+01 1.493472934928842186e-02 9.632150422817411638e-04 9.998880067667865745e-01 -8.482668402097837124e-01 -2.330094012500253649e-17 2.194089196905566234e-17 9.725723994206204167e-19 9.999999999999970024e-01
3.858573207075080003e-01 -9.225555711643356194e-01 -2.312178634796288254e-03 -6.180083851963796349e+01 9.225409021849563240e-01 3.858642280213143150e-01 -5.203972454897971139e-03 3.257371842133865414e+01 5.693140804413262743e-03 -1.250884952755568734e-04 9.999837861188867194e-01 -8.440827095099355803e-01 -2.495009548862917645e-17 2.616554036378383243e-17 1.127061652920728919e-18 9.999999999999965583e-01
3.695833803904803871e-01 -9.291965959952077636e-01 1.345708003173985310e-03 -6.157611826893430873e+01 9.291958192334440758e-01 3.695851079989924681e-01 1.406223486417045162e-03 3.316154224273230966e+01 -1.804011714477404002e-03 7.307094207632568780e-04 9.999981058009523860e-01 -8.405449376903768588e-01 -2.780715155119725381e-17 3.131851783293702414e-17 1.274141022723462353e-18 9.999999999999961142e-01
3.554360022785911788e-01 -9.346991574873192432e-01 1.653262432375240606e-03 -6.136241802097257647e+01 9.346937987279241300e-01 3.554396097405987387e-01 3.191621382464511839e-03 3.375787957778446469e+01 -3.570840770972574883e-03 4.108769982403205514e-04 9.999935401172846960e-01 -8.411013475737980638e-01 -3.006686397853957264e-17 3.483712723963911654e-17 1.405250418893060766e-18 9.999999999999954481e-01
3.425125917376011797e-01 -9.395132092800129175e-01 2.325715353833369677e-04 -6.115759934604950132e+01 9.395108900449139488e-01 3.425122786763072913e-01 2.150916785000454075e-03 3.435962185246203404e+01 -2.100473338111813124e-03 -5.182125924358508022e-04 9.999976597310044069e-01 -8.463382498095951556e-01 -3.200390567374928220e-17 3.763512679393536755e-17 1.536571733247721019e-18 9.999999999999945599e-01
3.303437638045778613e-01 -9.438501275094491882e-01 -4.464808593263946447e-03 -6.096103225036188178e+01 9.438606011246698513e-01 3.303380119178782048e-01 1.990860809655324234e-03 3.497183597700291102e+01 -4.041782347566947068e-04 -4.871825375817518365e-03 9.999880509073518775e-01 -8.503846563816641613e-01 -3.358093866635265218e-17 4.090359711658222030e-17 1.673197088807083374e-18 9.999999999999935607e-01
3.199299685295376450e-01 -9.474119856850860000e-01 -7.439396271172916617e-03 -6.076639490503941943e+01 9.474411710273676901e-01 3.199218102174745115e-01 2.294077049975176610e-03 3.559653885257009875e+01 2.065890287643578358e-04 -7.782334313299604268e-03 9.999696958376459444e-01 -8.554863793431071173e-01 -3.520500629445114326e-17 4.509716317736209819e-17 1.831070517358511341e-18 9.999999999999926725e-01
3.118028341816051485e-01 -9.501000165075776938e-01 -9.431395896836907225e-03 -6.057046262166453943e+01 9.501466817478322335e-01 3.117929112008595016e-01 2.542378517667488388e-03 3.622978445393886204e+01 5.251285117551942423e-04 -9.753930343000680875e-03 9.999522914034134624e-01 -8.592928903068900448e-01 -3.693519010147267506e-17 4.892234278442271981e-17 1.990092609036981508e-18 9.999999999999917843e-01
3.057463298921055395e-01 -9.520479187190512560e-01 -1.113293403242277858e-02 -6.037408518981349204e+01 9.521114052018471163e-01 3.057463742040569810e-01 1.739754491793138154e-03 3.686796856942913791e+01 1.747524571669283175e-03 -1.113171701640824733e-02 9.999365135018161155e-01 -8.579658239322960345e-01 -3.942323910400345498e-17 5.211130714304677246e-17 2.149675039095333712e-18 9.999999999999906741e-01
3.011966180500831869e-01 -9.534762163405492430e-01 -1.279461402458397477e-02 -6.017536641811460640e+01 9.535595718740033089e-01 3.011993544452568061e-01 1.758342767386537105e-03 3.751872999456361413e+01 2.177191475700135295e-03 -1.273003356648458664e-02 9.999165995635368454e-01 -8.578486066358042006e-01 -4.202948465579856074e-17 5.609830606069196901e-17 2.320288853091161880e-18 9.999999999999894529e-01
2.978632208981445428e-01 -9.545221083168858867e-01 -1.284703741732489898e-02 -5.997606759042569990e+01 9.546050731595047134e-01 2.978715293128192942e-01 1.306263006814761211e-03 3.817316736518628062e+01 2.579909763353057002e-03 -1.265293480019780321e-02 9.999166201771970686e-01 -8.630048772105060051e-01 -4.493926071115405739e-17 6.279390777091833281e-17 2.530762868828050759e-18 9.999999999999885647e-01
2.956366864709308317e-01 -9.552268109535811957e-01 -1.186124984423128116e-02 -5.977222468491171981e+01 9.552915116939572071e-01 2.956648421423643258e-01 -6.548331640748396082e-04 3.883330655799302633e+01 4.132468757828315110e-03 -1.113735858745669785e-02 9.999294384833842253e-01 -8.666186659239816237e-01 -4.872641793262083889e-17 7.244947121716237842e-17 2.774626917562083825e-18 9.999999999999877875e-01
2.948116001874639402e-01 -9.554910955086504121e-01 -1.108543181430875907e-02 -5.956709928507993368e+01 9.555417209693399805e-01 2.948496129306599212e-01 -1.930088511939189767e-03 3.950078320842323620e+01 5.112717666316260977e-03 -1.002358011082441283e-02 9.999366919759793415e-01 -8.646808052267223044e-01 -5.220727555948695617e-17 7.922263145678131408e-17 2.993495712874280692e-18 9.999999999999870104e-01
2.945110415336957277e-01 -9.555872441998589650e-01 -1.078263127333460407e-02 -5.936064558316096651e+01 9.556370448860806999e-01 2.945431090073616920e-01 -1.481680718681589910e-03 4.018058116761874032e+01 4.591824933273407766e-03 -9.867910554466216566e-03 9.999407679883404176e-01 -8.635723272390303240e-01 -5.594167284671706106e-17 8.498596607784176991e-17 3.205211348073203794e-18 9.999999999999860112e-01
2.934468059491714964e-01 -9.558981222292745050e-01 -1.215532791382993756e-02 -5.915363845047944125e+01 9.559706492581082626e-01 2.934617250361446494e-01 5.776641936017829111e-04 4.086972757864450045e+01 3.014935380025537785e-03 -1.178965043025243832e-02 9.999259544123405563e-01 -8.649047375829459483e-01 -5.912968486679361946e-17 9.312221140564910368e-17 3.444840160976126590e-18 9.999999999999853451e-01
2.929442167929911522e-01 -9.560706395216658215e-01 -1.061216717204413636e-02 -5.894610627667285740e+01 9.561292623872544860e-01 2.929177226366441733e-01 4.005168192382868239e-03 4.156462533360096501e+01 -7.207318748132079391e-04 -1.131989442977818575e-02 9.999356681985641648e-01 -8.662816603043230756e-01 -6.023043789706452291e-17 1.033084059618271144e-16 3.659137904500303891e-18 9.999999999999846789e-01
2.923527014504140875e-01 -9.562880736102350454e-01 -6.558828049352051145e-03 -5.872775197405375991e+01 9.563066940175071196e-01 2.923251259606213237e-01 4.850537031959937552e-03 4.227050530135413453e+01 -2.721200478591904396e-03 -7.690318773283852556e-03 9.999667264790206289e-01 -8.716749690570149145e-01 -6.128356100554999554e-17 1.125126316814418071e-16 3.859446988587353439e-18 9.999999999999839018e-01
2.918296136592652967e-01 -9.564681299127176795e-01 -2.047694474112102953e-03 -5.850593035841380640e+01 9.564696310947204960e-01 2.918261611321237847e-01 1.826601353696019267e-03 4.297040794913315409e+01 -1.149515163318860647e-03 -2.491613945607814001e-03 9.999962352303557456e-01 -8.785526511178405329e-01 -6.197557402323589695e-17 1.232237020973659684e-16 4.016132556902718860e-18 9.999999999999831246e-01
2.915478408363406104e-01 -9.565562236831838261e-01 2.177993058069041521e-04 -5.828388397665579390e+01 9.565520281385043733e-01 2.915458706039495418e-01 -3.036905989834743150e-03 4.367960888024317967e+01 2.841472837084075068e-03 1.093739751855169959e-03 9.999953648720190102e-01 -8.783618203035733485e-01 -6.127470201287501279e-17 1.333363735130769427e-16 4.127934480753110012e-18 9.999999999999823475e-01
2.912958160650407358e-01 -9.566266605386853916e-01 -3.489969842834490018e-03 -5.806778758357667414e+01 9.566120851185856422e-01 2.913116399681344726e-01 -5.554009744631877368e-03 4.440612290183204180e+01 6.329782632957260333e-03 -1.720687527359432423e-03 9.999784863117330280e-01 -8.774224443011774399e-01 -5.957393725235159511e-17 1.412866755979738288e-16 4.205800455595388016e-18 9.999999999999812372e-01
2.909018390374939478e-01 -9.567039490377626798e-01 -9.678529849616011177e-03 -5.784977558149502386e+01 9.567045514394116879e-01 2.909739553683684532e-01 -7.110453747873338864e-03 4.514535538922304880e+01 9.618799292529612438e-03 -7.191049486721721659e-03 9.999278811531874256e-01 -8.790751692875257151e-01 -5.655495501078492141e-17 1.488363086644375998e-16 4.288562933379316822e-18 9.999999999999797939e-01
2.903162978312124332e-01 -9.568923748688185071e-01 -8.569138310463755848e-03 -5.762434167548335751e+01 9.568793244339602877e-01 2.903818881670588437e-01 -7.766433895028001903e-03 4.588178267610278738e+01 9.919963936627206741e-03 -5.944908941741647822e-03 9.999331239504093416e-01 -8.788317953905909752e-01 -5.419907297090644241e-17 1.569836360129073618e-16 4.411548948541496842e-18 9.999999999999781286e-01
2.897884740916787383e-01 -9.570829007276785427e-01 -3.867999250045854685e-03 -5.738936198172458347e+01 9.570535316946169324e-01 2.898104734602032773e-01 -7.643751941477155629e-03 4.662580773198312301e+01 8.436690974586009278e-03 -1.486811131392388281e-03 9.999633051458010069e-01 -8.798057737413591539e-01 -5.307093403588567282e-17 1.668838405481584750e-16 4.547367703417160459e-18 9.999999999999763522e-01
2.900666273702521281e-01 -9.569981717121374132e-01 -3.981334645636811810e-03 -5.715941009514466487e+01 9.569943619248864053e-01 2.900813649955495399e-01 -3.820068901563457818e-03 4.738943386755672549e+01 4.810709943115144827e-03 -2.702040306211604855e-03 9.999847779081856292e-01 -8.757251483756778310e-01 -5.065250230223931975e-17 1.760210535891742185e-16 4.640601824853543058e-18 9.999999999999741318e-01
2.912029414103142755e-01 -9.566448149620124797e-01 -5.616486460644917571e-03 -5.692970548643575057e+01 9.566612545969613857e-01 2.911960584406828589e-01 2.024722622500847811e-03 4.815995172444513628e+01 -3.014416789331100929e-04 -5.962680167078350003e-03 9.999821776302799670e-01 -8.735503870258872761e-01 -4.801633906340469550e-17 1.855656362322387452e-16 4.752405056445313604e-18 9.999999999999718003e-01
2.910770868116828725e-01 -9.566685767148479513e-01 -7.704794578289690492e-03 -5.669434090175482766e+01 9.566874743415801907e-01 2.910234054893698352e-01 7.379288273437652201e-03 4.894683336805649532e+01 -4.817257652955671439e-03 -9.519022198798549050e-03 9.999430895031681255e-01 -8.812479821217069631e-01 -4.550404754150052223e-17 1.924990688747792493e-16 4.906872641828268314e-18 9.999999999999692468e-01
2.907870970384102693e-01 -9.567815048006667045e-01 -3.466448791761804135e-03 -5.644928596220965744e+01 9.567563035337026678e-01 2.907462312706708962e-01 9.165405095089840248e-03 4.972849032628636223e+01 -7.761433156898088145e-03 -5.981728273175822633e-03 9.999519883885795712e-01 -8.971634206530474387e-01 -4.309766360288443176e-17 2.016102290673046751e-16 5.115111657769378055e-18 9.999999999999664713e-01
2.902344010857858536e-01 -9.569520203987236240e-01 2.612102802976168456e-03 -5.620420082888620072e+01 9.569206763401161275e-01 2.902460472082854515e-01 7.749275635624792297e-03 5.051043098694472633e+01 -8.173837489611247148e-03 2.504688079397447307e-04 9.999665622640222518e-01 -9.087398961143253739e-01 -4.008484507984442005e-17 2.102446273069745822e-16 5.270208443232397888e-18 9.999999999999634737e-01
2.894437066569099937e-01 -9.571938001764871418e-01 1.539344106809306624e-03 -5.596612057315505240e+01 9.571753855487781237e-01 2.894476949203706462e-01 5.942491478700176119e-03 5.130217672890438507e+01 -6.133675604426489653e-03 -2.465944714444139887e-04 9.999811584298995415e-01 -9.109635027563813825e-01 -3.695404838392899182e-17 2.178464207251435090e-16 5.386458574148629530e-18 9.999999999999605871e-01
2.900140695220848608e-01 -9.570005008503227328e-01 -6.471541651362299093e-03 -5.573811462426751717e+01 9.570172700926172782e-01 2.899837879368249438e-01 5.229481660159070004e-03 5.210892905672401554e+01 -3.127974406114557727e-03 -7.710000382229508301e-03 9.999653852360482764e-01 -9.215107911620618042e-01 -3.320650988914564273e-17 2.230106456389740113e-16 5.506837867446667273e-18 9.999999999999572564e-01
2.892789440438868209e-01 -9.572044258717278264e-01 -8.796568893839503550e-03 -5.549272431638880221e+01 9.572438019482500948e-01 2.892799777429868602e-01 1.182416522122099181e-03 5.291073388641399333e+01 1.412856925618147111e-03 -8.762509254976191125e-03 9.999606103576890170e-01 -9.304600312637264503e-01 -3.001094941240514163e-17 2.295300725758302812e-16 5.657710778401470966e-18 9.999999999999538147e-01
2.884102828006301356e-01 -9.574745071017101150e-01 -7.878897452721137645e-03 -5.524512451596545759e+01 9.574900780940754919e-01 2.884442546715201283e-01 -3.558412364262298656e-03 5.371184642593222947e+01 5.679711827913369419e-03 -6.517683421001526853e-03 9.999626296399444225e-01 -9.321760295848068312e-01 -2.682943643405957436e-17 2.367367823356075648e-16 5.790939264563974914e-18 9.999999999999503730e-01
2.885729924595908380e-01 -9.574074426908533164e-01 -9.829379581045379413e-03 -5.500170703335260924e+01 9.574313942711843994e-01 2.886261842049720472e-01 -4.477840481835053919e-03 5.452567687624122073e+01 7.124134126063888343e-03 -8.118772769499293940e-03 9.999416644193439563e-01 -9.287394283416188223e-01 -2.414912458582647182e-17 2.431466281221438132e-16 5.924411725088959643e-18 9.999999999999469313e-01
2.889198173083938892e-01 -9.572292838383512636e-01 -1.540900154681901918e-02 -5.476687595832559197e+01 9.573386915332798841e-01 2.889668963518190470e-01 -8.732160773312254171e-04 5.535355085492025040e+01 5.288559353197261337e-03 -1.449934394912948468e-02 9.998808929892943897e-01 -9.268213776825050543e-01 -2.035174538452867717e-17 2.497977234313886473e-16 6.070887454520154028e-18 9.999999999999434896e-01
2.889163070065267069e-01 -9.572723198229994290e-01 -1.253288658969707939e-02 -5.451852023022388494e+01 9.573543353740858741e-01 2.888886707879478322e-01 4.001553572627549252e-03 5.618040891568539053e+01 -2.099675233398912567e-04 -1.315452739188772632e-02 9.999134534162397170e-01 -9.273723836361208450e-01 -1.588803043952468296e-17 2.583954246154094566e-16 6.276138897963697190e-18 9.999999999999401590e-01
2.880496398325714247e-01 -9.575967710875066263e-01 -5.985732617774728627e-03 -5.426255332943395615e+01 9.576001665082664038e-01 2.880040590427342950e-01 7.455405987317114368e-03 5.700861792896470348e+01 -5.415357410347090492e-03 -7.879465560905843033e-03 9.999542929187549278e-01 -9.341902655305436287e-01 -1.175205113093328578e-17 2.643569915219235289e-16 6.513403115030626791e-18 9.999999999999364952e-01
2.876467395047454523e-01 -9.576937410028533160e-01 -9.058239128579850807e-03 -5.401489045606233930e+01 9.577046644828043354e-01 2.875470789925096970e-01 1.088361111704814338e-02 5.784803079347111066e+01 -7.818496044077211798e-03 -1.180575311729576381e-02 9.998997426307278946e-01 -9.449258694334478070e-01 -6.484133612544222177e-18 2.704131518679379343e-16 6.742755218876591477e-18 9.999999999999328315e-01
2.880949938202471139e-01 -9.575480153751310120e-01 -1.015247687606772413e-02 -5.376789016563272838e+01 9.575744671541277508e-01 2.879904145526173687e-01 1.061418769850007784e-02 5.867830662803731201e+01 -7.239778341253209383e-03 -1.277964697429906371e-02 9.998921272981574626e-01 -9.592036200767627419e-01 -1.520613117875207992e-18 2.753701810168025526e-16 6.977695081216350571e-18 9.999999999999289457e-01
2.863156427094282197e-01 -9.581163268444090608e-01 -6.037961073206729416e-03 -5.351276038927279899e+01 9.581319859518026005e-01 2.862922475116414511e-01 4.454942310934999899e-03 5.950694785833149325e+01 -2.539731517229754619e-03 -7.060683305159271006e-03 9.999718478612971140e-01 -9.572861638512788485e-01 2.995441893397688110e-18 2.786570247913847664e-16 7.198955874445571521e-18 9.999999999999248379e-01
2.858821679357438916e-01 -9.582504341757790423e-01 -5.243229743686769577e-03 -5.326015442129821764e+01 9.582622783605886374e-01 2.858896417995395178e-01 -7.201271532959085042e-04 6.034406162139555363e+01 2.189047230594585482e-03 -4.818517768379720553e-03 9.999859948813232258e-01 -9.603851282805225820e-01 6.852227938926995607e-18 2.848367385091591931e-16 7.383689395416965759e-18 9.999999999999206191e-01
2.857901938343679893e-01 -9.582615409730005362e-01 -7.667085496964863925e-03 -5.301317307685651770e+01 9.582849350572404390e-01 2.858100576711746776e-01 -1.610644764512099945e-03 6.119206570246718968e+01 3.734749082050763200e-03 -6.886946048088774842e-03 9.999693103408102690e-01 -9.685774720119764147e-01 1.078733977077681344e-17 2.914924664030951520e-16 7.533613396957885456e-18 9.999999999999161782e-01
2.851467749566128362e-01 -9.584632919826711062e-01 -6.279701699485593092e-03 -5.276084003465377492e+01 9.584836238712243217e-01 2.851452171912309819e-01 1.160984010933526107e-03 6.203910959646035650e+01 6.778663479286761630e-04 -6.350042088247076499e-03 9.999796085234649023e-01 -9.694950795762862228e-01 1.349590739675539712e-17 2.998921634725882203e-16 7.715286305906518668e-18 9.999999999999116262e-01
2.844076179052505426e-01 -9.587013424631978253e-01 -2.010680624018586736e-03 -5.250223732003430399e+01 9.586970871563891272e-01 2.843974628434317586e-01 4.240071497210078436e-03 6.288840463223470323e+01 -3.493129768465504104e-03 -3.133542291718786725e-03 9.999889894179718741e-01 -9.728761860875386747e-01 1.564024665774569008e-17 3.082688822442707024e-16 7.923975260150931668e-18 9.999999999999071854e-01
2.836732939938474973e-01 -9.589209879180421447e-01 3.471041950845456340e-05 -5.225396122612672656e+01 9.589005104531875823e-01 2.836674724264346414e-01 6.525039467093651790e-03 6.374194632677399142e+01 -6.266843508968781423e-03 -1.817695600087030228e-03 9.999787111009860174e-01 -9.698177611006177923e-01 1.744457691712170096e-17 3.187360773018058906e-16 8.115200337679430626e-18 9.999999999999028555e-01
2.834429656165431965e-01 -9.589740327280140697e-01 -5.374922856528687246e-03 -5.201302556193272153e+01 9.589827760072199281e-01 2.834162985472085672e-01 5.218911718377707704e-03 6.459510015815229167e+01 -3.481460076059871532e-03 -6.633722256526709479e-03 9.999719361886172386e-01 -9.689663484742908617e-01 1.933121838595724034e-17 3.306322934021547338e-16 8.303511828385467952e-18 9.999999999998985256e-01
2.835085928333037075e-01 -9.589607511792329619e-01 -4.141918309547074246e-03 -5.175987548680512162e+01 9.589693574817129695e-01 2.835094772902281846e-01 3.843149431062775016e-04 6.544516460233026578e+01 8.057301483788269648e-04 -4.080929328774220155e-03 9.999913483699703898e-01 -9.779554314773689638e-01 2.160608525699499223e-17 3.416569527705470661e-16 8.540685832103966589e-18 9.999999999998941957e-01
2.830211061682097462e-01 -9.591097242040781401e-01 -2.755068118678595870e-03 -5.150582570913378788e+01 9.591041250080281078e-01 2.830299414464514385e-01 -3.650977629554578736e-03 6.629871370108351414e+01 4.281454915659474968e-03 -1.609093469993040171e-03 9.999895399263235563e-01 -9.886319416510490621e-01 2.444187554239615659e-17 3.507709172059458466e-16 8.738517121079589786e-18 9.999999999998897549e-01
2.835477740890565146e-01 -9.589461603059867834e-01 -4.787634424329438587e-03 -5.125835433079124215e+01 9.589562411758529858e-01 2.835535479214718602e-01 -5.594383594908768379e-04 6.715377756917004604e+01 1.894021993922127833e-03 -4.432504410106923552e-03 9.999883827252150637e-01 -9.946282954060952086e-01 2.799628091911078006e-17 3.608200589752388721e-16 8.897215025261461194e-18 9.999999999998853140e-01
2.838973194312233161e-01 -9.588427080278366654e-01 -4.793045111611417275e-03 -5.101029303222249212e+01 9.588463449009138051e-01 2.838704502742867564e-01 5.590557350451086024e-03 6.801739956169714674e+01 -3.999861275283961813e-03 -6.182938032134457224e-03 9.999728858259703257e-01 -9.862904840663049288e-01 3.213328585317394095e-17 3.702767743068566298e-16 9.083846371553309209e-18 9.999999999998808731e-01
2.832028102905355671e-01 -9.590540599663422983e-01 -3.387964794012237723e-03 -5.075641652706141116e+01 9.590274557563908120e-01 2.831622987485147291e-01 9.244007417841529003e-03 6.887514429820735984e+01 -7.906158945300029162e-03 -5.867080135674374725e-03 9.999515338362467975e-01 -9.810614540260068628e-01 3.554410869807940027e-17 3.807768144292836177e-16 9.291844281807869037e-18 9.999999999998762101e-01
2.832763780206101756e-01 -9.590307005200436885e-01 -3.822187251111329107e-03 -5.050870225157208893e+01 9.589980993666005205e-01 2.832257503498470386e-01 1.028687271605212804e-02 6.972363520988510288e+01 -8.782884894874396289e-03 -6.579498353402583703e-03 9.999397837541967871e-01 -9.867027568582719121e-01 3.861400933845927824e-17 3.907343115758615816e-16 9.522780909808355505e-18 9.999999999998715472e-01
2.836179638485730181e-01 -9.589258541121180590e-01 -4.696477143028025304e-03 -5.025620958098106428e+01 9.588845483278028992e-01 2.835475470877149018e-01 1.188324530545457024e-02 7.058866283278783271e+01 -1.006347658031015585e-02 -7.873681201471503105e-03 9.999183624594075726e-01 -1.004149249617758199e+00 4.030176591849805328e-17 4.014765613878278010e-16 9.762215454606387118e-18 9.999999999998665512e-01
2.836808099585079179e-01 -9.588913446346916114e-01 -7.251706404351745787e-03 -5.001188299728831055e+01 9.588699476117437115e-01 2.835819495379580668e-01 1.223525494500661039e-02 7.144393967409401114e+01 -9.675827026555160540e-03 -1.042435037288538986e-02 9.998988505297433660e-01 -1.017122638793242162e+00 4.240789215656957640e-17 4.103429421416718561e-16 1.000586858613515141e-17 9.999999999998616662e-01
2.838777477041128927e-01 -9.588110530481293026e-01 -9.735959685158564192e-03 -4.976433266718346715e+01 9.588428007738867276e-01 2.837962173957259693e-01 8.954909057860499857e-03 7.229289473405506783e+01 -5.823037252363841287e-03 -1.187735426698017724e-02 9.999125065188549932e-01 -1.027396988046557658e+00 4.470918039320097886e-17 4.164173538346305789e-16 1.023099367862624582e-17 9.999999999998567812e-01
2.838064424108121542e-01 -9.588326621382777804e-01 -9.686550611658975574e-03 -4.951310617098050670e+01 9.588787922854425938e-01 2.838155348315630211e-01 4.515459613339792462e-04 7.313117719645018155e+01 2.316236526327591048e-03 -9.416379604792340235e-03 9.999529823164372555e-01 -1.022841951702424312e+00 4.642810983701242995e-17 4.208833967379208015e-16 1.046662324237427349e-17 9.999999999998518962e-01
2.834652414855768354e-01 -9.589378721407715300e-01 -9.252796521070139057e-03 -4.926126892580158767e+01 9.589413614820752052e-01 2.835292659446502772e-01 -6.528444842689487201e-03 7.397456972578194723e+01 8.883811611383048493e-03 -7.022302099576458422e-03 9.999358805266068684e-01 -1.021702650877118090e+00 4.797625305106634301e-17 4.272258819019927929e-16 1.067624679744902525e-17 9.999999999998471223e-01
2.836111587325885197e-01 -9.588897487078498205e-01 -9.755022560680162366e-03 -4.900841930169010396e+01 9.589036487276788590e-01 2.836737215620504515e-01 -5.745620258642330537e-03 7.482905338355560332e+01 8.276659919681681951e-03 -7.724604707669286384e-03 9.999359116377060097e-01 -1.018453113962767720e+00 4.918509388702738862e-17 4.318620566092520930e-16 1.086564196196618049e-17 9.999999999998420153e-01
2.838722534642276751e-01 -9.588269660721675525e-01 -8.209314574577472948e-03 -4.875714390489010697e+01 9.588597554828336422e-01 2.838801210451254997e-01 2.149211115624392703e-04 7.568490090494917411e+01 2.124389057774066746e-03 -7.932591505920698685e-03 9.999662799130670798e-01 -1.011164308267878731e+00 5.082208526826080341e-17 4.334217225343539416e-16 1.105665839087119653e-17 9.999999999998366862e-01
2.835956790446684805e-01 -9.589152313362098168e-01 -7.420912235896252179e-03 -4.850651930815008939e+01 9.589308860666299061e-01 2.835429377555658825e-01 7.413379573063825882e-03 7.654604597556635781e+01 -5.004655332107585571e-03 -9.218544359832783752e-03 9.999449844191133918e-01 -1.008618910663789947e+00 5.292728242716780718e-17 4.357910644265291664e-16 1.125248661008351215e-17 9.999999999998311351e-01
2.834426819291049893e-01 -9.589617093826053873e-01 -7.258512149169441506e-03 -4.825595742083083195e+01 9.589462591272867042e-01 2.833502684301442143e-01 1.160592463506406047e-02 7.740018164244231968e+01 -9.072935961149457620e-03 -1.025013747710870442e-02 9.999063038679147919e-01 -1.013829465270716046e+00 5.538538837111615009e-17 4.353487316244247386e-16 1.145259770951649589e-17 9.999999999998256950e-01
2.833110205096669443e-01 -9.590018700318319045e-01 -7.090763922732400831e-03 -4.800457464754649806e+01 9.589837951981764474e-01 2.832191371216370990e-01 1.170473902607392994e-02 7.825110784985285761e+01 -9.216626574523403143e-03 -1.011600925575608170e-02 9.999063556910584571e-01 -1.022176323119182717e+00 5.771264768148750587e-17 4.312777629355299455e-16 1.164532773391318085e-17 9.999999999998201439e-01
2.839527554626797290e-01 -9.587844281062073426e-01 -1.016135256686930000e-02 -4.775804051705885200e+01 9.588181922988263661e-01 2.838622785849633789e-01 9.480554501580222213e-03 7.910225282938429814e+01 -6.205383332803253785e-03 -1.243491927351757752e-02 9.999034283371589504e-01 -1.032933946050359930e+00 5.962194402033800069e-17 4.262905825348444441e-16 1.181111667653939375e-17 9.999999999998143707e-01
2.841951103387717614e-01 -9.586830981822570541e-01 -1.264343778336367470e-02 -4.750995129422708629e+01 9.587593770812814498e-01 2.841175804280061112e-01 7.593243756478632728e-03 7.995310217856612667e+01 -3.687291498424553459e-03 -1.427997728054808922e-02 9.998912371504824481e-01 -1.041419529869128446e+00 6.154950840457152737e-17 4.207383654344480921e-16 1.195983784369728968e-17 9.999999999998084865e-01
2.834350351320785166e-01 -9.589067732737970307e-01 -1.274288150646803001e-02 -4.725619483383352559e+01 9.589865516489883834e-01 2.833661428035159635e-01 6.958654276384356255e-03 8.080827132488593634e+01 -3.061799537817127236e-03 -1.419257841326148836e-02 9.998945924954408815e-01 -1.045742051393934169e+00 6.382016141405626204e-17 4.150390642139391626e-16 1.208019214203723702e-17 9.999999999998023803e-01
2.824975564813611006e-01 -9.591871534301341651e-01 -1.245533124517437737e-02 -4.700472522045271262e+01 9.592578642508063913e-01 2.824110110894603176e-01 8.268657007670859177e-03 8.166426009996014557e+01 -4.413666887486060453e-03 -1.428374984883508739e-02 9.998882407723933552e-01 -1.050485353020488954e+00 6.613229219211838196e-17 4.084814989039208237e-16 1.219049824206534547e-17 9.999999999997960520e-01
2.823990404509618690e-01 -9.591994731376156658e-01 -1.368037589626179898e-02 -4.675727898194822529e+01 9.592636284596008922e-01 2.822414975253856873e-01 1.237045631537119460e-02 8.252029727051119323e+01 -8.004565400517773405e-03 -1.661649201434331827e-02 9.998298950951277630e-01 -1.053898393153190449e+00 6.933899759514967015e-17 4.013694225767302397e-16 1.225889519824291451e-17 9.999999999997895017e-01
2.821802259817409175e-01 -9.592681063914644257e-01 -1.337984023785498272e-02 -4.650765332100969118e+01 9.593135867954057927e-01 2.819994582265066829e-01 1.391933008421798561e-02 8.337300352566437311e+01 -9.579261713906586997e-03 -1.676322223800801037e-02 9.998135986899070460e-01 -1.056956314277249120e+00 7.189096486646719184e-17 3.950680952136348494e-16 1.231913029428816467e-17 9.999999999997829514e-01
2.811961205144494214e-01 -9.595743357248270877e-01 -1.207625876000261583e-02 -4.625292830800731281e+01 9.596084874835494327e-01 2.810440956504538512e-01 1.287505533417626288e-02 8.422565012444570698e+01 -8.960611447679935060e-03 -1.520889601452899906e-02 9.998441863233232807e-01 -1.066576730648560956e+00 7.349048617187978075e-17 3.923929256714352795e-16 1.247779867355852644e-17 9.999999999997762901e-01
2.806179862317987328e-01 -9.597175082943745217e-01 -1.399464455431568069e-02 -4.601262355953545580e+01 9.597901548436656993e-01 2.804654786257738119e-01 1.191528282059980438e-02 8.507746315366837564e+01 -7.510290856097726758e-03 -1.677556473427123732e-02 9.998310737115282398e-01 -1.081418855979961124e+00 7.482340468142269379e-17 3.913473683038279825e-16 1.263611788372833575e-17 9.999999999997695177e-01
2.798472417021747316e-01 -9.599424624594765643e-01 -1.399964566236665958e-02 -4.576463253373724172e+01 9.600197956260606569e-01 2.797055750105415517e-01 1.125980969767787984e-02 8.593514325048839453e+01 -6.892990508090272861e-03 -1.659096365361292791e-02 9.998386002785361049e-01 -1.096672568434231332e+00 7.622918987931454268e-17 3.877732144216114254e-16 1.278934534829695609e-17 9.999999999997625233e-01
2.784362069484616065e-01 -9.604089908242784412e-01 -9.372779939337959332e-03 -4.551194571586988502e+01 9.604389869653296996e-01 2.783625212638906055e-01 8.441508925066140354e-03 8.677820083745180568e+01 -5.498270412603066710e-03 -1.135240499600992381e-02 9.999204427969833331e-01 -1.094243279353516618e+00 7.735994839853913188e-17 3.875108250339170343e-16 1.297972887495226845e-17 9.999999999997551958e-01
2.770829333562471186e-01 -9.607395465297002835e-01 -1.430285902699611825e-02 -4.527229196871133610e+01 9.608454076171499825e-01 2.770354417406383218e-01 5.240866427877939084e-03 8.762712575417837968e+01 -1.072708766654559623e-03 -1.519499105505459427e-02 9.998839740403751009e-01 -1.096689046695730418e+00 7.893998759428973035e-17 3.874710169938021342e-16 1.321168776411995825e-17 9.999999999997477573e-01
2.764185114800602472e-01 -9.607859128027222972e-01 -2.198263566376172651e-02 -4.504094331144700192e+01 9.610287412062232804e-01 2.764405823633632187e-01 2.088779188948442639e-03 8.847890437729169832e+01 4.070022985066310169e-03 -2.170332191456275650e-02 9.997561706390231118e-01 -1.106900533112896046e+00 8.229904367636030367e-17 3.822365059797873945e-16 1.335699627162363246e-17 9.999999999997399858e-01
2.750426928230501611e-01 -9.611561615299696326e-01 -2.302933514788058425e-02 -4.480541559265341789e+01 9.614182565762684485e-01 2.750879828413141381e-01 1.240007443856228032e-03 8.932805860299679068e+01 5.143252556993620564e-03 -2.248187823446788983e-02 9.997340206796054840e-01 -1.108041768864800991e+00 8.503185780984869666e-17 3.755744269101352718e-16 1.341420925387454229e-17 9.999999999997323252e-01
2.737499983777332280e-01 -9.615606304067700894e-01 -2.149633549361487650e-02 -4.456619384320208610e+01 9.617980297815819091e-01 2.737352446294002983e-01 3.683172038819986904e-03 9.018243043495604638e+01 2.342711427427154360e-03 -2.168340146493813111e-02 9.997621426139807754e-01 -1.095441434170916439e+00 8.678826189976810600e-17 3.680453622545326979e-16 1.343248533240461340e-17 9.999999999997245537e-01
2.733158033068705528e-01 -9.617445461774082327e-01 -1.859837521007249098e-02 -4.432743140930531922e+01 9.619225270397628869e-01 2.732264619353115820e-01 7.235500816613582055e-03 9.103555235759623088e+01 -1.877135192856973058e-03 -1.986777279893127066e-02 9.998008541542120486e-01 -1.086482486543792980e+00 8.897431226437697942e-17 3.599521600619866854e-16 1.343403637681649253e-17 9.999999999997162270e-01
2.722694172542204916e-01 -9.620220008795077327e-01 -1.957126085756163633e-02 -4.409492024895305917e+01 9.622119552166347178e-01 2.721220447308584922e-01 9.886658181509829293e-03 9.189217173961890239e+01 -4.185411163277992681e-03 -2.152353583748447749e-02 9.997595809685724255e-01 -1.090329257672750574e+00 9.062354337868193614e-17 3.523919791472705310e-16 1.341207229019080195e-17 9.999999999997077893e-01
2.712709037873071161e-01 -9.623397581088074526e-01 -1.772813360773139307e-02 -4.386408764247313030e+01 9.624893765684979785e-01 2.711229040638188925e-01 1.032331754370098727e-02 9.274481367847081970e+01 -5.128035840537105601e-03 -1.986355594399640684e-02 9.997895490520397610e-01 -1.100646479765762908e+00 9.302994775910454649e-17 3.452012754655963911e-16 1.340000970245909630e-17 9.999999999996992406e-01
2.698524419920100836e-01 -9.627955129716313509e-01 -1.429894235074261402e-02 -4.362838494480484286e+01 9.628798570390343370e-01 2.697165754828451667e-01 1.074010328731855347e-02 9.359534693718043741e+01 -6.483861490024681908e-03 -1.666640666582808530e-02 9.998400824276979515e-01 -1.112832373557977039e+00 9.602717858007873937e-17 3.368619211781804902e-16 1.336824041891911252e-17 9.999999999996904698e-01
2.689913242994816933e-01 -9.630372309239674244e-01 -1.424637868407629786e-02 -4.340160673395340041e+01 9.631059752493772441e-01 2.688226760515263214e-01 1.269839674025649047e-02 9.444688607616016895e+01 -8.399279192025734669e-03 -1.713653099194739973e-02 9.998178791232984475e-01 -1.118323774342153687e+00 1.010661491929438321e-16 3.256385878053728488e-16 1.336561065207108737e-17 9.999999999996818101e-01
2.686505249476434654e-01 -9.630469634509026822e-01 -1.916876712380250966e-02 -4.318289202649517478e+01 9.632019584316882099e-01 2.684158853067979966e-01 1.396065144117692933e-02 9.529896997864632624e+01 -8.299561380458446436e-03 -2.221393037265546530e-02 9.997187897495379838e-01 -1.117167571140821325e+00 1.080965157223070355e-16 3.135787388867616002e-16 1.330301171258270877e-17 9.999999999996732614e-01
2.683402779628948909e-01 -9.630349685661677706e-01 -2.360390944835211169e-02 -4.296505268571191039e+01 9.632966541351416501e-01 2.680667830029326848e-01 1.413350568108560912e-02 9.615077465358537268e+01 -7.283636127213053042e-03 -2.653015583916248227e-02 9.996214780985364090e-01 -1.119909292789426525e+00 1.165534552253217584e-16 3.024797611915009646e-16 1.326895039023723684e-17 9.999999999996650457e-01
2.687702362588269001e-01 -9.628453029001922125e-01 -2.629606023905206244e-02 -4.273727750974529727e+01 9.631908287761147269e-01 2.685218050630627795e-01 1.262804686390735578e-02 9.699962304890600251e+01 -5.097790046289734679e-03 -2.872216719430203610e-02 9.995744342710495278e-01 -1.129474247852168434e+00 1.220467359108669733e-16 2.924756063195510793e-16 1.324715447587078770e-17 9.999999999996569411e-01
2.702476381071195477e-01 -9.623940965368695810e-01 -2.763724024185174391e-02 -4.250501082303826905e+01 9.627789245177670319e-01 2.699900771395115640e-01 1.273187931760878105e-02 9.784597444252436560e+01 -4.791304868275866706e-03 -3.004931275094041565e-02 9.995369338853030694e-01 -1.141812970891799006e+00 1.286674383839431445e-16 2.844092929081431230e-16 1.321008125668250603e-17 9.999999999996491695e-01
2.713779581545834874e-01 -9.620969832238096542e-01 -2.689607218849313086e-02 -4.226578150986294702e+01 9.624426291917871357e-01 2.710419769337500950e-01 1.550587806592735457e-02 9.869673270456526382e+01 -7.628193931754009144e-03 -3.009387996095340759e-02 9.995179683458457198e-01 -1.154325063193712309e+00 1.361934678598157460e-16 2.771528432719907776e-16 1.317747529866691034e-17 9.999999999996413980e-01
