7.776202095843535167e-01 -6.283736138883814215e-01 2.129345004553761384e-02 -6.595680040862220039e+01 6.274068748577876775e-01 7.777328653850653639e-01 3.862904970512422154e-02 2.571149810427693438e+01 -4.083409148213260759e-02 -1.667907277973186900e-02 9.990267191141778413e-01 -8.855287323412601719e-01 -4.809208017785018303e-24 -1.416202385148814181e-23 -3.430527606006730092e-24 9.999999999999997780e-01
7.495112820493122774e-01 -6.614160732737851545e-01 2.759739291823790422e-02 -6.555785707781257088e+01 6.606659580769852491e-01 7.499970479333939455e-01 3.201437067028855415e-02 2.609262040198670718e+01 -4.187278255641016522e-02 -5.762473972335188654e-03 9.991063326667001254e-01 -8.938696061940264448e-01 -4.809208017785018303e-24 -1.416202385148814181e-23 -3.430527606006730092e-24 9.999999999999997780e-01
7.211350829436476984e-01 -6.926984448924234927e-01 1.153501588542503106e-02 -6.520493932110896651e+01 6.923445885738033212e-01 7.211668309889691653e-01 2.402857785846107541e-02 2.648707002801934252e+01 -2.496322936703201933e-02 -9.341644659592305763e-03 9.996447223161954998e-01 -9.025431452706266233e-01 1.752635224610283686e-18 2.258826340947639490e-18 5.865928490116830272e-20 9.999999999999998890e-01
6.909752308349883521e-01 -7.227394041166821381e-01 -1.417688645645076746e-02 -6.487022368892802149e+01 7.228744831885844935e-01 6.909034008739481925e-01 1.024559493886840339e-02 2.690068878351691595e+01 2.389963885626917878e-03 -1.732756179835632376e-02 9.998470101344252292e-01 -9.079615197396985193e-01 1.479027455528314143e-18 7.965143784020158779e-18 1.443744797096723104e-19 1.000000000000000222e+00
6.563113333872440114e-01 -7.539520016794095669e-01 -2.849232933742149726e-02 -6.453105441042922052e+01 7.540013489024075533e-01 6.567774307829002955e-01 -1.119697582224136664e-02 2.732336683808818734e+01 2.715510119318664123e-02 -1.413455262198732264e-02 9.995312976097162627e-01 -9.277439068696324842e-01 4.869210114384899043e-19 1.247043489318490635e-17 2.787737329480862100e-19 1.000000000000000666e+00
6.189668036077841107e-01 -7.849275948758973609e-01 -2.772664483678223893e-02 -6.419470626527930790e+01 7.842223891994211105e-01 6.195864486671757154e-01 -3.328478490766576675e-02 2.777226911108530061e+01 4.330519957141341220e-02 -1.141678735314519263e-03 9.990612374923488748e-01 -9.387577716545827400e-01 -1.184075657940562154e-19 1.592448525292296709e-17 4.162524800385685447e-19 1.000000000000000888e+00
5.861140220996166050e-01 -8.099227503302948161e-01 -2.225964050981069781e-02 -6.386894939151913064e+01 8.089673325625247324e-01 5.865130845955583982e-01 -3.967690064606252398e-02 2.825699778163697573e+01 4.519079491323777648e-02 5.247865815088484549e-03 9.989645899427537223e-01 -9.606850421862801470e-01 8.722994023420631200e-19 1.864708259347011646e-17 4.426970224866782648e-19 1.000000000000001110e+00
5.572853677417088925e-01 -8.301696308210987363e-01 -1.585569182835091379e-02 -6.356513913768139190e+01 8.298271190045342083e-01 5.575108670688588841e-01 -2.384503438381694110e-02 2.876139252866934370e+01 2.863514389052975589e-02 1.310056856553114008e-04 9.995899216037927859e-01 -9.318610657665730157e-01 9.299135521682382476e-19 2.044323944229091201e-17 4.652734751689399440e-19 1.000000000000001332e+00
5.286309559638838751e-01 -8.488145975527774389e-01 -7.943008122549683608e-03 -6.328528620205472066e+01 8.487738162621971671e-01 5.286860780375940427e-01 -8.604633457413916192e-03 2.927602784941454672e+01 1.150309629737479057e-02 -2.193141706466059278e-03 9.999314321017347407e-01 -8.750173045948905770e-01 1.989177996436674586e-18 2.098232496645375296e-17 5.204636100918454423e-19 1.000000000000001554e+00
4.987460903173236426e-01 -8.667256008384160992e-01 -6.250619527706221396e-03 -6.300888560754217593e+01 8.667106561510864449e-01 4.987786205375622783e-01 -5.703175326520814291e-03 2.979316271234036861e+01 8.060763447099212123e-03 -2.573042155711933576e-03 9.999642011325763358e-01 -8.677982588886726800e-01 1.150380191522709137e-18 2.146972426780745175e-17 6.379236400274896055e-19 1.000000000000001776e+00
4.712050896557768431e-01 -8.820129059543375671e-01 -4.358579182160231789e-03 -6.274795552779072239e+01 8.818929653381641920e-01 4.712145781668420907e-01 -1.488687375212572640e-02 3.031556669381648916e+01 1.518424082941526899e-02 3.170970361448839561e-03 9.998796846508068992e-01 -8.631104233040685081e-01 -1.274731102279104048e-18 2.259398546108473529e-17 7.575868443080107930e-19 1.000000000000001776e+00
4.457910924758771709e-01 -8.951206190832591281e-01 -5.420254715385944277e-03 -6.250021380836010820e+01 8.948683405294968196e-01 4.457974629967864644e-01 -2.180080511409855648e-02 3.085471278527231576e+01 2.193068597115995985e-02 4.868190386263792323e-03 9.997476410250701884e-01 -8.582870997394157486e-01 -5.010646939610143450e-18 2.498969267610638104e-17 9.023925857580617386e-19 1.000000000000001998e+00
4.226861657536112316e-01 -9.062577012473044258e-01 -5.777907101813727249e-03 -6.226049151353233668e+01 9.060149054093356025e-01 4.227088078552950212e-01 -2.131325732214483029e-02 3.140951227862247563e+01 2.175767580976474547e-02 3.773949060904787257e-03 9.997561506946768262e-01 -8.538710927942664286e-01 -9.674328474847701754e-18 2.753995286638697658e-17 1.085936905170999362e-18 1.000000000000002220e+00
4.030526826576593669e-01 -9.151630927033137519e-01 -5.004873243895649297e-03 -6.202740589210888800e+01 9.150560955425312004e-01 4.030823158734976874e-01 -1.403526417739799081e-02 3.198658640719295931e+01 1.486193166929737457e-02 1.077211109266153427e-03 9.998889751383784885e-01 -8.482491000752055976e-01 -1.587197911909757203e-17 3.006394130537652660e-17 1.298562219447551866e-18 1.000000000000002442e+00
3.858837379897344655e-01 -9.225446913635565460e-01 -2.243477659707774317e-03 -6.180207705319756428e+01 9.225298753013760900e-01 3.858902560741371834e-01 -5.228713367461550188e-03 3.257209267834907962e+01 5.689457928413365478e-03 -5.199970653694951245e-05 9.999838135512518766e-01 -8.425777844456502352e-01 -2.223623378817200128e-17 3.329956086575420277e-17 1.486926913017189320e-18 1.000000000000002442e+00
3.696203773058693853e-01 -9.291817427217592407e-01 1.437244879211289992e-03 -6.157686271527953181e+01 9.291811667873209890e-01 3.696222117831953757e-01 1.334108042242169697e-03 3.316098311996621817e+01 -1.770866466799179452e-03 8.423473558862734850e-04 9.999980772395925532e-01 -8.398919324922055063e-01 -2.899391997785348246e-17 3.620041464117898208e-17 1.629786760616615155e-18 1.000000000000002442e+00
3.554982119714857891e-01 -9.346751371765097405e-01 1.846409806354815412e-03 -6.136166353369566906e+01 9.346699079868981963e-01 3.555025100208819566e-01 3.182526140527740244e-03 3.375799784771479040e+01 -3.631031377653312110e-03 5.944013313038983134e-04 9.999932311261835460e-01 -8.405759365863090249e-01 -3.715992066440712581e-17 4.003361033846748042e-17 1.720573115701923521e-18 1.000000000000002442e+00
3.425424103145662813e-01 -9.395022817680642735e-01 3.996104526860355254e-04 -6.115797593843485913e+01 9.394997176677416517e-01 3.425424235454996302e-01 2.229029795787543494e-03 3.435881685223245796e+01 -2.231062112210028831e-03 -3.881033314339268469e-04 9.999974358655362439e-01 -8.457928884778861400e-01 -4.520658270119675322e-17 4.536624277607498534e-17 1.795470692342274908e-18 1.000000000000002442e+00
3.303027970563155447e-01 -9.438651737299030842e-01 -4.312316850818246651e-03 -6.096378783576235350e+01 9.438749206688157312e-01 3.302971683031649119e-01 1.978571042508616134e-03 3.496785788023025532e+01 -4.431582561245969829e-04 -4.723815274977318825e-03 9.999887445266564256e-01 -8.506599281729799733e-01 -5.353164038472157628e-17 5.234066272295225218e-17 1.882408946508621539e-18 1.000000000000002665e+00
3.198874240421534232e-01 -9.474267588205489421e-01 -7.387327696426988950e-03 -6.076559717719563736e+01 9.474555454107296271e-01 3.198790076489269607e-01 2.325926916048116563e-03 3.559681426367183832e+01 1.594056533838917732e-04 -7.743199361427925871e-03 9.999700082769866771e-01 -8.581714145620812362e-01 -6.252103567860335900e-17 5.800464309666168365e-17 2.008666718611208408e-18 1.000000000000002442e+00
3.118071859239143762e-01 -9.500984847836477787e-01 -9.441822814330959324e-03 -6.056855284514134041e+01 9.501453101009799118e-01 3.117960543012546770e-01 2.666498698041998554e-03 3.622779049501843218e+01 4.104867262308030331e-04 -9.802537121143995932e-03 9.999518697250511234e-01 -8.609029743787101063e-01 -7.144838216044954324e-17 6.361057603940102811e-17 2.154596904102433360e-18 1.000000000000001776e+00
3.057799179504182008e-01 -9.520379549884077086e-01 -1.106228004341516802e-02 -6.037302503137129861e+01 9.521005457830870045e-01 3.057805435840101893e-01 1.676271171572175749e-03 3.687045959378904314e+01 1.786756226762324000e-03 -1.104497292824342843e-02 9.999374060785948259e-01 -8.589330294826480472e-01 -8.083985138701858213e-17 7.010219417889663075e-17 2.321056303743959965e-18 1.000000000000001110e+00
3.012084813595485300e-01 -9.534727825889636188e-01 -1.277120272990190167e-02 -6.017201394107654266e+01 9.535556893856665939e-01 3.012120377223846956e-01 1.689843596555830893e-03 3.751962868152581621e+01 2.235620122288772653e-03 -1.268704824684565614e-02 9.999170169616269366e-01 -8.595868294908246554e-01 -9.069734685760828836e-17 7.649933947717349247e-17 2.491958773096089723e-18 1.000000000000000222e+00
2.977861226471870681e-01 -9.545476960093559615e-01 -1.273268243619487226e-02 -5.997389196999282035e+01 9.546290556361904933e-01 2.977949346973826072e-01 1.242177025701619343e-03 3.817443372996600459e+01 2.606011116687269313e-03 -1.252489168990119674e-02 9.999181645485808456e-01 -8.646264944416823806e-01 -1.014677224504389665e-16 8.420100669284206617e-17 2.702617546160147045e-18 9.999999999999992228e-01
2.956323821237178961e-01 -9.552281951598796672e-01 -1.185705745506232360e-02 -5.976967187740800114e+01 9.552923184755225394e-01 2.956619278222279434e-01 -7.814717732488131235e-04 3.883395328236994004e+01 4.252164336988698348e-03 -1.109592754465156365e-02 9.999293972528069396e-01 -8.670028834854627275e-01 -1.135535019118833166e-16 9.484452503268593654e-17 2.948103426562000865e-18 9.999999999999982236e-01
2.947493698704756193e-01 -9.555108228626242317e-01 -1.103976237912311295e-02 -5.956827488120647018e+01 9.555608368786636664e-01 2.947874526464921430e-01 -1.960812578940404009e-03 3.949924887031519916e+01 5.127961070344045150e-03 -9.971216305854927950e-03 9.999371374544648861e-01 -8.654392263939894026e-01 -1.260808025497379494e-16 1.059007348700439133e-16 3.191872033168855587e-18 9.999999999999974465e-01
2.944258573394814560e-01 -9.556126472504958835e-01 -1.085739125435158069e-02 -5.935772390516470409e+01 9.556629283556223875e-01 2.944588271547883274e-01 -1.538335923784175940e-03 4.018069225157907454e+01 4.667107959201817133e-03 -9.923080447194984957e-03 9.999398734812617873e-01 -8.636509301496316793e-01 -1.397566496168328430e-16 1.149481389893161057e-16 3.449666169674230368e-18 9.999999999999967804e-01
2.934169671158084469e-01 -9.559068992102758289e-01 -1.218537856594823637e-02 -5.915282435726599175e+01 9.559796458126662566e-01 2.934325008869895779e-01 5.331183071511474665e-04 4.087130121889247647e+01 3.065974638956430690e-03 -1.180539984236122532e-02 9.999256134003473573e-01 -8.637027597561333092e-01 -1.534286221771510688e-16 1.226203950715153554e-16 3.672022898375793270e-18 9.999999999999958922e-01
2.928869870383118412e-01 -9.560882931139209617e-01 -1.060134869571306357e-02 -5.894492964830730131e+01 9.561467870220933252e-01 2.928604201784693606e-01 4.011977100259732712e-03 4.156634344375638079e+01 -7.310889043181387822e-04 -1.131150137846291363e-02 9.999357556591146334e-01 -8.656654244046568802e-01 -1.670514009826594933e-16 1.321970967189769095e-16 3.914614934931443355e-18 9.999999999999950040e-01
2.923588883197297261e-01 -9.562850341251766251e-01 -6.724130330500600015e-03 -5.872336607693554100e+01 9.563048113347228929e-01 2.923304949499604399e-01 4.897911841510989815e-03 4.226938809498478378e+01 -2.718131444881978411e-03 -7.862266248165670005e-03 9.999653976667776112e-01 -8.724004445056861012e-01 -1.816318517001174919e-16 1.419767374658072800e-16 4.098760605406954100e-18 9.999999999999941158e-01
2.918172560776662872e-01 -9.564721523797548031e-01 -1.926337816169777350e-03 -5.850915855884469607e+01 9.564732144866705532e-01 2.918136680145799744e-01 1.942454491060685530e-03 4.296497020732093830e+01 -1.295771923996738963e-03 -2.409332262850005357e-03 9.999962580395753697e-01 -8.778579991154836781e-01 -1.965875748485184653e-16 1.520290858255096024e-16 4.165630896655605955e-18 9.999999999999930056e-01
2.914312481305019187e-01 -9.565917760265226777e-01 4.063943234247384195e-05 -5.827980087482720251e+01 9.565874787351023034e-01 2.914298110555035293e-01 -3.010108870682020460e-03 4.368292279773120157e+01 2.867601848545971339e-03 9.161149573198001375e-04 9.999954687862379066e-01 -8.783062595436793574e-01 -2.110769042646052130e-16 1.617569069575063008e-16 4.195723396548147673e-18 9.999999999999916733e-01
2.912169650934359755e-01 -9.566503955161398398e-01 -3.563706024041896330e-03 -5.806598708201480719e+01 9.566365724282602789e-01 2.912330796495318785e-01 -5.455420295539083544e-03 4.440778995146556696e+01 6.256799063777478478e-03 -1.820460574198533212e-03 9.999787689690001757e-01 -8.771299836855880327e-01 -2.253391306122940028e-16 1.699939077354038977e-16 4.254096772206543109e-18 9.999999999999903411e-01
2.908557355037625913e-01 -9.567182153230084918e-01 -9.653890084780502104e-03 -5.784995067985464345e+01 9.567188344150395762e-01 2.909274728972328639e-01 -7.090655061524496830e-03 4.514450933177501923e+01 9.592340701921371268e-03 -7.173700776351785678e-03 9.999282599351876355e-01 -8.798374924412065701e-01 -2.398259379031647066e-16 1.791842205829868844e-16 4.385708761382650087e-18 9.999999999999890088e-01
2.902332364979509083e-01 -9.569173166449556067e-01 -8.597530865947748333e-03 -5.762032268551642744e+01 9.569037028962469327e-01 2.902995514938624400e-01 -7.840522046356346655e-03 4.588132457020084587e+01 9.998590672029778956e-03 -5.951429032035204618e-03 9.999323020470095580e-01 -8.794006309898017015e-01 -2.543942996757112064e-16 1.888474477323905765e-16 4.616180620080862693e-18 9.999999999999878986e-01
2.897580797325019497e-01 -9.570924786124165307e-01 -3.773938701850726527e-03 -5.739076191719646403e+01 9.570634778248331420e-01 2.897792033538403866e-01 -7.583713964626540710e-03 4.662210057180860190e+01 8.351924546015899314e-03 -1.414456503452559940e-03 9.999641216909528341e-01 -8.814360600785460242e-01 -2.705295527559906015e-16 2.002062390509459388e-16 4.885896421133486664e-18 9.999999999999868994e-01
2.900332724437290621e-01 -9.570094205356335371e-01 -3.697280309413767448e-03 -5.716067253979890239e+01 9.570052197687550777e-01 2.900464799320626175e-01 -3.748174812927718581e-03 4.738710613127368987e+01 4.659421744848778538e-03 -2.451221148364642142e-03 9.999861405558903016e-01 -8.781072259595193996e-01 -2.864279801528710088e-16 2.155716181082568463e-16 5.069931803765619057e-18 9.999999999999860112e-01
2.912507524989796370e-01 -9.566302953277506793e-01 -5.610457198430652236e-03 -5.692748139670131735e+01 9.566467044567412703e-01 2.912439749146907286e-01 2.007468057645189936e-03 4.815991127201142774e+01 -2.863929052918124936e-04 -5.951901971772764581e-03 9.999822462634021525e-01 -8.751266054437362163e-01 -3.014256011998199685e-16 2.321432588833307226e-16 5.206920365545576271e-18 9.999999999999852340e-01
2.910796160106239872e-01 -9.566674791738544181e-01 -7.745413759683305449e-03 -5.669312231279816672e+01 9.566868786635690514e-01 2.910259670215069039e-01 7.355454589088542688e-03 4.894474117865302532e+01 -4.782607670533188353e-03 -9.550958611076135890e-03 9.999429512994492120e-01 -8.818142718851973427e-01 -3.164610880133514020e-16 2.479396354609881839e-16 5.325905244894303909e-18 9.999999999999842348e-01
2.908270655296383289e-01 -9.567697209416445858e-01 -3.364378802340708529e-03 -5.645050667906330943e+01 9.567441906663501916e-01 2.907872003131761196e-01 9.130047112451722055e-03 4.972986717960954195e+01 -7.757034335244667421e-03 -5.874114684193355342e-03 9.999526604769686244e-01 -8.981554068468817764e-01 -3.322250145839729881e-16 2.670824224790963701e-16 5.452490316984642933e-18 9.999999999999832356e-01
2.901844331842479696e-01 -9.569673628184014458e-01 2.541896534061990898e-03 -5.620370189154738938e+01 9.569362461179995449e-01 2.901955022139838247e-01 7.719544055680852349e-03 5.051337540773663193e+01 -8.124998658409298899e-03 1.923414110959493085e-04 9.999669731553874064e-01 -9.085889456429332434e-01 -3.488170724921254925e-16 2.850415604092091782e-16 5.439545818975553768e-18 9.999999999999821254e-01
2.893800846917275460e-01 -9.572130744192809404e-01 1.515501454082788125e-03 -5.596687725499051425e+01 9.571945161551732584e-01 2.893839213561174573e-01 5.966934144493432103e-03 5.130228689311666557e+01 -6.150189130917024967e-03 -2.760822270012410775e-04 9.999810492965442998e-01 -9.107826471461226703e-01 -3.653959839895941798e-16 3.052239591687941602e-16 5.313264786829754716e-18 9.999999999999810152e-01
2.900200147741404111e-01 -9.569996619488175815e-01 -6.327563537253777515e-03 -5.574060361712511735e+01 9.570150108522272880e-01 2.899894312714474398e-01 5.329048173963548719e-03 5.210825960967576975e+01 -3.264970749495512813e-03 -7.601103917408928018e-03 9.999657810071285180e-01 -9.209871806060259125e-01 -3.821933739401742365e-16 3.271448049627872613e-16 5.229105343132714618e-18 9.999999999999799050e-01
2.892692804159497921e-01 -9.572078786908000403e-01 -8.738442650714691243e-03 -5.549475208186674990e+01 9.572466977492540829e-01 2.892705357223153140e-01 1.147523917406942416e-03 5.291026755838223039e+01 1.429355052217553407e-03 -8.696788788707039350e-03 9.999611606501774830e-01 -9.307795747911765671e-01 -4.004340170999579825e-16 3.471048420312460564e-16 5.337769934813092531e-18 9.999999999999786837e-01
2.884773646435500605e-01 -9.574547867286030689e-01 -7.819300407410556195e-03 -5.524890535124978896e+01 9.574697507630802740e-01 2.885112470993997369e-01 -3.596758388176075297e-03 5.371088288123071663e+01 5.699689647447189582e-03 -6.449160231135149003e-03 9.999629602491199032e-01 -9.317899967795080229e-01 -4.197130129358351191e-16 3.660295084905616377e-16 5.565542977943132436e-18 9.999999999999775735e-01
2.886007370852428089e-01 -9.573999445113376972e-01 -9.744783404878314820e-03 -5.500299481070644703e+01 9.574231696128674418e-01 2.886533748351534090e-01 -4.483690979104987435e-03 5.452342173303161843e+01 7.105550111451778769e-03 -8.035884893247862912e-03 9.999424662007008191e-01 -9.285285169068722144e-01 -4.380338480830423991e-16 3.830531689093333897e-16 5.812075631972609639e-18 9.999999999999764633e-01
2.889493535673615665e-01 -9.572217803036809913e-01 -1.532104387184305555e-02 -5.476702249452912952e+01 9.573294452105430841e-01 2.889972464365752614e-01 -9.617094266044582925e-04 5.535265326818468168e+01 5.348308700960514861e-03 -1.438940111273109140e-02 9.998821634220688148e-01 -9.277976652907097277e-01 -4.558765435398536232e-16 4.004510542023689202e-16 6.129770322273936032e-18 9.999999999999754641e-01
2.890453286057403370e-01 -9.572352988864393231e-01 -1.238469123785652763e-02 -5.451975184541045394e+01 9.573154066394348183e-01 2.890197718954786721e-01 3.844953098464625688e-03 5.618024334879859083e+01 -1.011041918575554093e-04 -1.296742146028160084e-02 9.999159143440773390e-01 -9.279284739555333505e-01 -4.743449226119849525e-16 4.187958900370871829e-16 6.541579271996116419e-18 9.999999999999742428e-01
2.880783567451506433e-01 -9.575883675203418210e-01 -5.948005111719357856e-03 -5.426241745208653811e+01 9.575912407639857182e-01 2.880326534673789407e-01 7.497076010159323990e-03 5.700917630553647797e+01 -5.465893082584281741e-03 -7.855502932391459497e-03 9.999542064946896902e-01 -9.358891913997700041e-01 -4.921677359849460705e-16 4.398774172819006498e-16 6.842830242978646220e-18 9.999999999999731326e-01
2.876304054960879819e-01 -9.576990929231745664e-01 -9.010951578695058570e-03 -5.401537772898737444e+01 9.577104781813062795e-01 2.875326573896185844e-01 1.075225168369986842e-02 5.784688135979394019e+01 -7.706478831335716526e-03 -1.172255725706824146e-02 9.999015910754964764e-01 -9.451230848489743375e-01 -5.096283678038676017e-16 4.600198089340492990e-16 6.940802596045094425e-18 9.999999999999719114e-01
2.881419095667078212e-01 -9.575325170234323391e-01 -1.028196450542090586e-02 -5.376757012623541243e+01 9.575608674948316024e-01 2.880368104359755654e-01 1.058210170472827401e-02 5.867559407675909711e+01 -7.171122219575064988e-03 -1.289475384378020381e-02 9.998911442398866756e-01 -9.592784166376477906e-01 -5.266929876077468032e-16 4.818173629339503027e-16 7.122102801420944228e-18 9.999999999999704681e-01
2.862147031089866678e-01 -9.581461088036721252e-01 -6.097368996949208662e-03 -5.351307761520507711e+01 9.581621111592724116e-01 2.861909441546069965e-01 4.484665291593662069e-03 5.950623461094905764e+01 -2.551952808337030251e-03 -7.125845095599453276e-03 9.999713545239501400e-01 -9.565654821025828536e-01 -5.425590225014815431e-16 5.050041674151069909e-16 7.378340582891556160e-18 9.999999999999689138e-01
2.859283527152350346e-01 -9.582378457304266961e-01 -5.020769217129860545e-03 -5.326367966777571894e+01 9.582484581578185612e-01 2.859357356206851386e-01 -8.046945385692933330e-04 6.034535119389559554e+01 2.206706100586251253e-03 -4.581059377217741591e-03 9.999870720879798780e-01 -9.607242380537872606e-01 -5.573391350417988386e-16 5.291548364785351211e-16 7.584472174823208988e-18 9.999999999999672484e-01
2.858526316025323810e-01 -9.582426829433672300e-01 -7.696336236937190156e-03 -5.301622351477562489e+01 9.582660087984353758e-01 2.858730976267161994e-01 -1.681795143676201179e-03 6.119431820068751904e+01 3.811743371062277508e-03 -6.894391840492928442e-03 9.999689685052943755e-01 -9.677708237720751283e-01 -5.710732505450511512e-16 5.515965566263317731e-16 7.768438470588519744e-18 9.999999999999653610e-01
2.850975349182829910e-01 -9.584786225724967190e-01 -6.174597567050993385e-03 -5.276015648744299824e+01 9.584982940006528951e-01 2.850958894638050412e-01 1.163704759118056173e-03 6.203695510062892282e+01 6.449662508534127672e-04 -6.250110592344228048e-03 9.999802598731818426e-01 -9.698136529855364563e-01 -5.853593480867790275e-16 5.751679596136985703e-16 8.012459375201229558e-18 9.999999999999634737e-01
2.843339216190353125e-01 -9.587227224827696848e-01 -2.227647196660194773e-03 -5.250158103392445952e+01 9.587194241155077012e-01 2.843232660750974472e-01 4.164876001719836594e-03 6.288913288307669802e+01 -3.359589332560457536e-03 -3.319904164128143625e-03 9.999888456356766930e-01 -9.685475118279105455e-01 -5.986493454382200176e-16 5.979963383623737910e-16 8.182163329205307350e-18 9.999999999999612532e-01
2.836724822076831520e-01 -9.589212263309118134e-01 6.730688684998851557e-05 -5.225285672113271573e+01 9.589009230784968363e-01 2.836669313874349840e-01 6.487816006841449698e-03 6.374428522224511795e+01 -6.240397219549935481e-03 -1.775874234824539790e-03 9.999789516350624519e-01 -9.666850408064232569e-01 -6.128583020389066329e-16 6.242268254360179849e-16 8.227353414514991139e-18 9.999999999999590328e-01
2.834442557840150534e-01 -9.589731258515958867e-01 -5.467884191251714231e-03 -5.201432697298696439e+01 9.589828826239579218e-01 2.834180408147318753e-01 5.103427777898456377e-03 6.459610967300045559e+01 -3.344353063848740960e-03 -6.690144632021162267e-03 9.999720282424402473e-01 -9.661910835578189083e-01 -6.274491486541804432e-16 6.517447437909656945e-16 8.184628398041496302e-18 9.999999999999565903e-01
2.835040745008196583e-01 -9.589627239906862721e-01 -3.991708638955283710e-03 -5.176101993925876599e+01 9.589706175522491050e-01 2.835053647495964224e-01 2.506586579224243431e-04 6.544542298997572516e+01 8.912985042625097901e-04 -3.898994049404347177e-03 9.999920016841590265e-01 -9.734204446728611515e-01 -6.430461164083485187e-16 6.786004783453442683e-16 8.319729625431887572e-18 9.999999999999540368e-01
2.829888975562256936e-01 -9.591192543715293395e-01 -2.745861207917202167e-03 -5.150836677757220627e+01 9.591136479445642182e-01 2.829976909040141653e-01 -3.649283433586514042e-03 6.629753944994439507e+01 4.277170387190190777e-03 -1.600886264120870940e-03 9.999895714339023245e-01 -9.867091608897859967e-01 -6.596643440197180134e-16 7.051660561704121175e-16 8.445616504178350843e-18 9.999999999999515943e-01
2.835842365094835560e-01 -9.589346490482685281e-01 -4.931496533987456306e-03 -5.125981440064391137e+01 9.589454061650518613e-01 2.835902176729405699e-01 -5.444586996605438540e-04 6.715433827185715643e+01 1.920624487601474070e-03 -4.574636042117950600e-03 9.999876918775398860e-01 -9.913633662928634793e-01 -6.751490273898733543e-16 7.306704567489569042e-16 8.572984434847202464e-18 9.999999999999491518e-01
2.839310233870864231e-01 -9.588330862853953196e-01 -4.720868865093270916e-03 -5.101216857350517841e+01 9.588356450698770628e-01 2.839034918149876408e-01 5.745700898343850116e-03 6.801772935783149876e+01 -4.168896970037834840e-03 -6.157920079679873697e-03 9.999723497768593372e-01 -9.822467113023907181e-01 -6.901975615521750422e-16 7.569170761851019072e-16 8.744724476078448392e-18 9.999999999999467093e-01
2.832545484128239921e-01 -9.590386674906875575e-01 -3.419804261491378276e-03 -5.075691344630053692e+01 9.590105916940359077e-01 2.832125525631607466e-01 9.451724151847074734e-03 6.887554406196504431e+01 -8.096037441920984554e-03 -5.956872364628952241e-03 9.999494836486872984e-01 -9.792743972596036350e-01 -7.050017525586213362e-16 7.815201378202606670e-16 8.864220549990392314e-18 9.999999999999441558e-01
2.832324715774296453e-01 -9.590437416715510421e-01 -3.803761930299754887e-03 -5.050963327609709097e+01 9.590098394051351782e-01 2.831811318162308910e-01 1.041990919097056552e-02 6.972365070282678801e+01 -8.915995089812058308e-03 -6.599101751666811705e-03 9.999384765511994955e-01 -9.856361721778625906e-01 -7.195557115575034876e-16 8.035916496113292249e-16 8.898705013651922962e-18 9.999999999999413802e-01
2.835410952606413626e-01 -9.589488721171165464e-01 -4.637667921898428955e-03 -5.025386426564732290e+01 9.589059340553205413e-01 2.834703736716140399e-01 1.199820336994760796e-02 7.058727750746533047e+01 -1.019102213026552850e-02 -7.849071015144372734e-03 9.999172641534107564e-01 -1.003598080470402110e+00 -7.345424440310056199e-16 8.279467469588392176e-16 8.931118670573924836e-18 9.999999999999386047e-01
2.836172732927255136e-01 -9.589116545026807881e-01 -7.048485580258182816e-03 -5.001063291598880767e+01 9.588890871508412017e-01 2.835213723872978542e-01 1.213877847199499802e-02 7.144634566565513012e+01 -9.641619843263178613e-03 -1.020148315516378884e-02 9.999014796009316752e-01 -1.018292814419666792e+00 -7.489624479636735065e-16 8.546016275634362750e-16 9.007035369878105809e-18 9.999999999999357181e-01
2.838365817888098830e-01 -9.588247398408480393e-01 -9.587132397944767362e-03 -4.976709053873690891e+01 9.588552778106278485e-01 2.837570293349810924e-01 8.860277525986223063e-03 7.229178350031105538e+01 -5.775037084696588510e-03 -1.170754338549689910e-02 9.999147875566413157e-01 -1.029348345287170563e+00 -7.629179652934011859e-16 8.820468347287952247e-16 9.161175879390114414e-18 9.999999999999328315e-01
2.838113932713436927e-01 -9.588322321110385182e-01 -9.583512632699766470e-03 -4.951472596382387081e+01 9.588778299350606549e-01 2.838184033020524355e-01 6.490040479629369079e-04 7.312890351267401456e+01 2.097691253474968064e-03 -9.373612539472036403e-03 9.999538664754784589e-01 -1.021525771497239443e+00 -7.757122885631953897e-16 9.052656197830731271e-16 9.388730694222050474e-18 9.999999999999296119e-01
2.835463709398390320e-01 -9.589157133283878753e-01 -9.061471116366012074e-03 -4.926196914956165784e+01 9.589191993907917322e-01 2.836076607848765918e-01 -6.376816134302101986e-03 7.397396922376231032e+01 8.684731818766375233e-03 -6.881095555159424774e-03 9.999386110942452000e-01 -1.019939913789968733e+00 -7.877172302258016862e-16 9.276226659343232939e-16 9.659718932489076770e-18 9.999999999999263922e-01
2.835866172252311523e-01 -9.588998027921007417e-01 -9.476219502295496130e-03 -4.900814830745938622e+01 9.589116290678955101e-01 2.836468456636515034e-01 -5.740608293342843414e-03 7.483098443053108895e+01 8.192567931031321041e-03 -7.458897393609289182e-03 9.999386214564650599e-01 -1.018504500045624095e+00 -7.989878601325660863e-16 9.485581501693892553e-16 9.910761239645540134e-18 9.999999999999231726e-01
2.838460939470644484e-01 -9.588361315858237033e-01 -8.041624000197946515e-03 -4.875778523232242634e+01 9.588675344403967404e-01 2.838538681457919433e-01 1.814801195254672728e-04 7.568680353067240674e+01 2.108636382859015428e-03 -7.762364601004111825e-03 9.999676491508568965e-01 -1.010427186368292762e+00 -8.098078993932380916e-16 9.734493947681857108e-16 1.018565897860073935e-17 9.999999999999201750e-01
2.834855939213162257e-01 -9.589493321980366858e-01 -7.217777777686078602e-03 -4.850655177505908711e+01 9.589628068555947626e-01 2.834333038939507166e-01 7.476450466103687700e-03 7.654545237102368560e+01 -5.123778579387264567e-03 -9.041046437736309505e-03 9.999460017282241209e-01 -1.009116198081388749e+00 -8.212117469913439354e-16 9.991146716507651292e-16 1.041101885326173920e-17 9.999999999999170663e-01
2.834031262897593328e-01 -9.589758907899064155e-01 -6.921625020367043815e-03 -4.825750878797035881e+01 9.589552023136698189e-01 2.833118137202735309e-01 1.180407396857784987e-02 7.740019706435194280e+01 -9.358844210563438057e-03 -9.982839787374754234e-03 9.999063730893513746e-01 -1.014104640246820788e+00 -8.335216650935790976e-16 1.024530696759154472e-15 1.056626426074768739e-17 9.999999999999138467e-01
2.832918274770236389e-01 -9.590080124275756068e-01 -7.026562777191071134e-03 -4.800501708714747906e+01 9.589901733043514342e-01 2.832015038741202417e-01 1.160843268099705748e-02 7.825173167894075732e+01 -9.142646807244208043e-03 -1.002697876375435899e-02 9.999079316147592156e-01 -1.024071545644246850e+00 -8.461155993476450003e-16 1.050193077466225364e-15 1.072144033956831316e-17 9.999999999999106270e-01
2.839048188040974030e-01 -9.587980356862525477e-01 -1.021668361138695046e-02 -4.776028662028014082e+01 9.588334961286399949e-01 2.838160598338353990e-01 9.315088958926867613e-03 7.910006359687059785e+01 -6.031630108916693003e-03 -1.244069710895239628e-02 9.999044196789748096e-01 -1.034840740079442822e+00 -8.593028803195163304e-16 1.074972789768172400e-15 1.090389177764103129e-17 9.999999999999072964e-01
2.841952785862933983e-01 -9.586823742975987273e-01 -1.269444131865701819e-02 -4.751085804308072369e+01 9.587593180936100357e-01 2.841173088520407286e-01 7.610833038589573385e-03 7.995014331004318819e+01 -3.689660982987865139e-03 -1.433387671790803050e-02 9.998904571901560123e-01 -1.042109687509338078e+00 -8.711316127108225077e-16 1.100802541086097182e-15 1.123224906633137401e-17 9.999999999999039657e-01
2.834466895997502234e-01 -9.589070935002905749e-01 -1.245633131296450084e-02 -4.725829214658134703e+01 9.589833965657977854e-01 2.833811952291875880e-01 6.778148847533867205e-03 8.080546476773919551e+01 -2.969724955069440175e-03 -1.386665876368039195e-02 9.998994431983116993e-01 -1.045319160127140767e+00 -8.832791036250379157e-16 1.124164623572861939e-15 1.160524276821409496e-17 9.999999999999003020e-01
2.824811747543294893e-01 -9.591942161027315894e-01 -1.228176308540954512e-02 -4.700688686908299729e+01 9.592631090499901259e-01 2.823974801630048104e-01 8.121010622648987612e-03 8.166353989821568859e+01 -4.321287470882534398e-03 -1.407547486277986419e-02 9.998915978654135950e-01 -1.049693606635870635e+00 -8.963869108838371171e-16 1.149765354984377392e-15 1.199527291935066102e-17 9.999999999998964162e-01
2.823969250684736365e-01 -9.592009147244168199e-01 -1.362284492001470532e-02 -4.675794158291661518e+01 9.592655687850205615e-01 2.822428728569375544e-01 1.218725831430054508e-02 8.251884622101920286e+01 -7.845078436358886645e-03 -1.650957035361652961e-02 9.998329304593510658e-01 -1.050048259846034782e+00 -9.097951881245009380e-16 1.175459365261064534e-15 1.236950399335289614e-17 9.999999999998920863e-01
2.821342305848206777e-01 -9.592867189557385821e-01 -1.301025624045632281e-02 -4.650864325531669863e+01 9.593275927259485858e-01 2.819596345097225565e-01 1.375988161254062918e-02 8.337186899731167955e+01 -9.531304590885639888e-03 -1.636323141157114761e-02 9.998206833679891270e-01 -1.057553431176307290e+00 -9.215749781411725315e-16 1.199260663191442269e-15 1.272684700711806232e-17 9.999999999998877565e-01
2.812132250182290405e-01 -9.595696958161021861e-01 -1.204661555093245427e-02 -4.625258369222473220e+01 9.596044476748641916e-01 2.810632494387685920e-01 1.275750045091287449e-02 8.422503220910645894e+01 -8.855849915580403867e-03 -1.514756370705041058e-02 9.998460507677556786e-01 -1.061909179458834895e+00 -9.328754987102375712e-16 1.221837563526652174e-15 1.308812319801307441e-17 9.999999999998833156e-01
2.806649749155161744e-01 -9.597087706473156343e-01 -1.364724874387637267e-02 -4.601152409629919049e+01 9.597781809344330117e-01 2.805206622260201788e-01 1.157590025378256275e-02 8.507735694854839892e+01 -7.281157746506559600e-03 -1.634728132848282944e-02 9.998398627454797571e-01 -1.077346119086211917e+00 -9.447882182582144878e-16 1.245831535868518000e-15 1.346138277199235448e-17 9.999999999998787636e-01
2.798888131860617912e-01 -9.599398290715057680e-01 -1.333329724584739889e-02 -4.576500090761949480e+01 9.600078895748925811e-01 2.797553790040334665e-01 1.103539181425126914e-02 8.593644405129518304e+01 -6.863250507532247559e-03 -1.588875326796717474e-02 9.998502104375041055e-01 -1.091492423509847765e+00 -9.567679305691309402e-16 1.269819484091669352e-15 1.387646267890793319e-17 9.999999999998741007e-01
2.784764528112460558e-01 -9.604003567998068425e-01 -9.056483227080094900e-03 -4.551170228185785760e+01 9.604278461834930836e-01 2.784065934695466593e-01 8.253543981007634839e-03 8.677905946081725119e+01 -5.405321940164916662e-03 -1.099651633070705160e-02 9.999249267435892374e-01 -1.091406602333639952e+00 -9.681623379453738191e-16 1.290192415468006253e-15 1.422698859952516941e-17 9.999999999998691047e-01
2.770798364782097178e-01 -9.607448968477326767e-01 -1.400026421947218533e-02 -4.527342968766716780e+01 9.608463642727274046e-01 2.770348886923614806e-01 5.092613407812505294e-03 8.762543087807378583e+01 -1.014140703475582004e-03 -1.486316346439291690e-02 9.998890227871913838e-01 -1.094257493878333598e+00 -9.777880047157888214e-16 1.314427525136676260e-15 1.452338426921902870e-17 9.999999999998641087e-01
2.763891317530923208e-01 -9.608006493223272271e-01 -2.170622285262566176e-02 -4.504205784036632565e+01 9.610372327583924790e-01 2.764115802383721454e-01 2.018802230890174697e-03 8.847762485293803536e+01 4.060184865402822856e-03 -2.141846333967203919e-02 9.997623539256142999e-01 -1.105948228899963803e+00 -9.877191008162505195e-16 1.337873989164551194e-15 1.494414170838957454e-17 9.999999999998591127e-01
2.750314676117630031e-01 -9.611624170601558159e-01 -2.290196180144271274e-02 -4.480601491235899658e+01 9.614209240036010184e-01 2.750792612423657024e-01 1.098600312969588971e-03 8.932910789328435897e+01 5.243921401140115394e-03 -2.232057493300295542e-02 9.997371120563935953e-01 -1.107017944718499569e+00 -9.992480903177178368e-16 1.360363794652373442e-15 1.553639054097470116e-17 9.999999999998538946e-01
2.737081348685193039e-01 -9.615761385877950040e-01 -2.133510265575168721e-02 -4.456581649358913211e+01 9.618100421400715971e-01 2.736930973111103560e-01 3.678494664570152416e-03 9.018038919907557727e+01 2.302117631924281357e-03 -2.152714989812349808e-02 9.997656135672660094e-01 -1.094665224971755002e+00 -1.011874881017349064e-15 1.382597814104498730e-15 1.614922761404229459e-17 9.999999999998487876e-01
2.732526966350909414e-01 -9.617651408018841330e-01 -1.846016576106723067e-02 -4.432804706166373165e+01 9.619403594920947764e-01 2.731634098591597670e-01 7.245432669581865215e-03 9.103580622033045699e+01 -1.925762745779655829e-03 -1.973741250370375511e-02 9.998033436558236842e-01 -1.085561432887526045e+00 -1.025142418347461130e-15 1.406649483146523956e-15 1.671476036069172306e-17 9.999999999998441247e-01
2.722591462853529709e-01 -9.620278065778457011e-01 -1.942824322802650175e-02 -4.409488993386821676e+01 9.622147414038493274e-01 2.721126324286116671e-01 9.874547996145855919e-03 9.189146954326449190e+01 -4.212919341446148998e-03 -2.138257804093743678e-02 9.997624901279325016e-01 -1.088939292985982910e+00 -1.037022415454167335e-15 1.427966606347258689e-15 1.716037527259711182e-17 9.999999999998391287e-01
2.714021275883569118e-01 -9.623076695706798134e-01 -1.745950245259532754e-02 -4.386458661466926401e+01 9.624521748108403330e-01 2.712561742753094030e-01 1.029072979144838793e-02 9.273871121698326192e+01 -5.166850363757065009e-03 -1.959686206641750653e-02 9.997946122350961362e-01 -1.098120632661403695e+00 -1.048966129029559555e-15 1.452584175976902731e-15 1.764282655916391461e-17 9.999999999998341327e-01
2.698974012296223579e-01 -9.627846730103409856e-01 -1.417978229000667681e-02 -4.362634444328843131e+01 9.628673460972246856e-01 2.697630830061925056e-01 1.069358999195749692e-02 9.359593067691596957e+01 -6.470442756813190102e-03 -1.653942149042535864e-02 9.998422780154631040e-01 -1.111485097407942879e+00 -1.061813876234250474e-15 1.478561408754716453e-15 1.804233044366989527e-17 9.999999999998292477e-01
2.690076335194976909e-01 -9.630347982647766703e-01 -1.410214307399718960e-02 -4.339989939380921413e+01 9.631010495849956499e-01 2.688401326392493296e-01 1.270241595236306677e-02 9.444778887588871896e+01 -8.441646569657462393e-03 -1.699883565125462001e-02 9.998198728718852291e-01 -1.115725496052133225e+00 -1.073871413976530063e-15 1.506280658965236136e-15 1.835704314610800748e-17 9.999999999998243627e-01
2.685067299964560839e-01 -9.630902280811679539e-01 -1.900916939496731517e-02 -4.318350169859824206e+01 9.632412738344485748e-01 2.682723924504009094e-01 1.400613547569886513e-02 9.529791365001263159e+01 -8.389536857753175300e-03 -2.207115817897306251e-02 9.997212009594520499e-01 -1.114111146829674048e+00 -1.085922525035247332e-15 1.534523100921246329e-15 1.866664527652762229e-17 9.999999999998193667e-01
2.683564261890042379e-01 -9.630363078905158636e-01 -2.336446463274993723e-02 -4.296948666958786589e+01 9.632913287183986206e-01 2.680834657505108409e-01 1.417996499904945230e-02 9.614925525777539406e+01 -7.392194484557750196e-03 -2.631207091146681859e-02 9.996264454209428107e-01 -1.118715411586709729e+00 -1.096660386651148870e-15 1.566245046498763208e-15 1.919639285425983915e-17 9.999999999998147038e-01
2.687606796887299643e-01 -9.628483938179089874e-01 -2.628055508213075764e-02 -4.273623873494702252e+01 9.631932918651764375e-01 2.685113148149717022e-01 1.266318769106007484e-02 9.699788356724582172e+01 -5.136103529790176508e-03 -2.871662129243694739e-02 9.995743974822155486e-01 -1.128440711654029371e+00 -1.109836908389599300e-15 1.602486233235162770e-15 1.993795265189234372e-17 9.999999999998098188e-01
2.702829941877031295e-01 -9.623840454897479857e-01 -2.764149126968587847e-02 -4.249987302079929208e+01 9.627685826471120700e-01 2.700227631716510812e-01 1.282043825528255722e-02 9.784197454093090585e+01 -4.874353382253190578e-03 -3.007750581036340229e-02 9.995356843670901714e-01 -1.141732862861299935e+00 -1.122325195872014451e-15 1.641416105179379740e-15 2.087477693331161855e-17 9.999999999998046007e-01
2.713814909036973977e-01 -9.620888129520718257e-01 -2.715147118021709813e-02 -4.226346056868347745e+01 9.624399171715634083e-01 2.710346402391653475e-01 1.579967168842947439e-02 9.869542493274255435e+01 -7.841698156469099207e-03 -3.041939813232693440e-02 9.995064622037935775e-01 -1.154789260800854755e+00 -1.135254159750162918e-15 1.679693172118025568e-15 2.183434335014930187e-17 9.999999999997992717e-01
