1 0 0 0 0 1 0 0 0 0 1 0
0.99985374 0.00097721511 0.017074367 0.0026582143 -0.00096887859 0.99999941 -0.0004965167 -0.0038824278 -0.017074844 0.00047990111 0.9998541 0.10887925
0.99931579 0.0028311354 0.036877259 0.044532073 -0.002815669 0.99999592 -0.00047133407 0.0018838224 -0.036878447 0.00036717746 0.99931969 0.22610757
0.99794087 0.0052346726 0.063926634 0.062062739 -0.0052868962 0.99998581 0.00064779104 -0.00063914214 -0.063922341 -0.0009844306 0.99795439 0.36467072
0.99526198 0.0048326823 0.09710937 0.13340509 -0.005203546 0.9999801 0.0035661336 -0.0016005401 -0.097090212 -0.0040545503 0.99526733 0.58214402
0.99078609 0.0017633897 0.13542455 0.18898078 -0.0025084762 0.99998264 0.0053314119 -0.0014318995 -0.13541281 -0.005621998 0.99077332 0.77619241
0.98473504 -0.0015266917 0.17405335 0.26700293 0.0005114389 0.9999826 0.0058776998 -0.0077460874 -0.1740593 -0.0056989593 0.98471868 0.9641753
0.97588535 -0.0020095662 0.21827447 0.35240191 0.000427672 0.9999733 0.0072942738 -0.0068174666 -0.21828332 -0.007025025 0.97586016 1.1840323
0.96419908 -0.0018681638 0.26517286 0.46915703 -0.00083950571 0.99994867 0.010097257 0.0010377571 -0.26517814 -0.0099583796 0.96414801 1.3711514
0.94970256 -0.00571727 0.31310119 0.5822005 0.00036825939 0.99985302 0.017140442 0.008180903 -0.3131532 -0.016163019 0.94956508 1.6121987
0.93296077 -0.015562885 0.35964148 0.71612384 0.0069187448 0.9996557 0.025310232 -9.5768482e-05 -0.35991159 -0.021125186 0.93274722 1.8521368
0.91175128 -0.021121326 0.41019932 0.85058075 0.009593572 0.99949962 0.030140973 -0.0054783962 -0.41063071 -0.023545794 0.91149768 2.0505454
0.88687725 -0.023038132 0.46143036 1.0734984 0.008329327 0.99939092 0.033888124 -0.0016798434 -0.46193007 -0.026211202 0.88652896 2.2988703
0.85863195 -0.02504919 0.51198016 1.2451559 0.0060923783 0.99923342 0.03867118 0.016895309 -0.51255641 -0.030085134 0.85812635 2.5072035
0.82674083 -0.030375486 0.56176232 1.4733134 0.0076062209 0.99905357 0.042826589 0.023289457 -0.56253158 -0.031133601 0.82618941 2.730931
0.79104561 -0.036194774 0.61068548 1.6659698 0.0095523486 0.9988573 0.046827823 0.020779315 -0.61168262 -0.031209463 0.79048743 2.9489703
0.75325236 -0.040763281 0.65646721 1.9227479 0.010893174 0.99871393 0.049515874 0.03377889 -0.65764144 -0.030146937 0.75272767 3.17676
0.71170319 -0.043883526 0.70110824 2.2225204 0.011742523 0.99865061 0.050587223 0.039530261 -0.70238217 -0.027770308 0.71125813 3.3709359
0.67131095 -0.045720838 0.73976427 2.5447726 0.011035315 0.99860148 0.051703997 0.059640611 -0.74109371 -0.026545927 0.67087665 3.5969657
0.62938465 -0.046136182 0.77572312 2.9016679 0.0068463919 0.9985265 0.053832592 0.084205505 -0.7770638 -0.028570502 0.62877312 3.8228789
0.58663844 -0.047009509 0.80848339 3.2150438 0.0039020157 0.99846632 0.055224807 0.10592567 -0.8098396 -0.029242279 0.58592216 4.0021719
0.54698319 -0.048039781 0.83576403 3.5700908 0.0014840365 0.99840618 0.056417205 0.11888568 -0.83714231 -0.029618958 0.54618269 4.2096452
0.50829304 -0.050838525 0.85968225 3.9911111 0.00093808152 0.99828811 0.058480531 0.13431825 -0.8611837 -0.028918795 0.50747059 4.4215167
0.47075237 -0.050605166 0.88081284 4.439131 -0.0022452181 0.99828172 0.058554043 0.15769443 -0.88226257 -0.029542071 0.46982986 4.6031181
0.43567587 -0.049911113 0.89871873 4.8836074 -0.0031945342 0.99836941 0.056993927 0.1798798 -0.90009799 -0.027701866 0.43480602 4.8257694
0.40123524 -0.048533349 0.91468832 5.4120398 -0.0021794562 0.99854187 0.053938652 0.19939312 -0.91597249 -0.023635611 0.40054441 4.9999517
0.37144324 -0.046945831 0.927268 5.8628806 -0.00013128069 0.99871819 0.050615808 0.21730482 -0.9284557 -0.018922631 0.37096095 5.1466698
0.34637073 -0.045077085 0.93701403 6.4557283 0.00098046622 0.9988617 0.047689968 0.25051971 -0.93809724 -0.015599698 0.34602065 5.3503609
0.32436056 -0.044501514 0.94488611 7.0014796 0.001947399 0.99892207 0.046377954 0.27246945 -0.94593156 -0.013203109 0.32409758 5.5353485
0.31009547 -0.044862623 0.94964629 7.5950318 0.0027381562 0.99892399 0.046296459 0.29692565 -0.95070152 -0.011756042 0.30988464 5.7096303
0.29714054 -0.046330392 0.95370903 8.2075476 0.0039856472 0.9988736 0.047282669 0.3183147 -0.95482548 -0.01024845 0.2969905 5.8912191
0.28609141 -0.048384846 0.9569799 8.8148826 0.0026380121 0.99876028 0.049708619 0.34219403 -0.95819874 -0.011696684 0.28586438 6.0891741
0.2765703 -0.050057985 0.95968901 9.5027426 0.0014365907 0.99866282 0.051676877 0.37671435 -0.96099266 -0.012913608 0.27627239 6.2881737
0.26606777 -0.051583684 0.96257311 10.244262 0.00062034797 0.99857613 0.05334159 0.4081124 -0.96395417 -0.013595347 0.26572092 6.4769646
0.25615258 -0.053778879 0.96513917 10.868218 -0.00050871423 0.99844353 0.055769659 0.43101259 -0.96663627 -0.014776522 0.25572653 6.6632356
0.24649509 -0.055401709 0.96755917 11.633418 -0.00059754716 0.99835583 0.057317333 0.46364932 -0.9691439 -0.014706603 0.24605671 6.8568733
0.23549393 -0.056631534 0.97022441 12.408004 -0.0010399852 0.99828558 0.058521877 0.49272727 -0.9718753 -0.014790565 0.2350313 7.0468706
0.22482051 -0.059633406 0.97257365 13.188862 -0.0023909129 0.99808875 0.061750549 0.52932749 -0.9743973 -0.016208128 0.22424825 7.1871339
0.21293038 -0.063169935 0.97502314 13.949249 -0.0045039815 0.99783377 0.065631394 0.57131119 -0.97705703 -0.018366403 0.2121846 7.3755945
0.20096869 -0.066892234 0.97731107 14.754564 -0.0044403278 0.99759337 0.069193543 0.61021307 -0.97958764 -0.018245317 0.20018801 7.5416381
0.18927476 -0.069179794 0.97948412 15.466676 -0.0056929741 0.997421 0.071546759 0.64485517 -0.9819077 -0.019118173 0.18839278 7.7292085
0.17584363 -0.070240676 0.98190895 16.258411 -0.0053811238 0.99736768 0.072310182 0.68422192 -0.98440344 -0.017999058 0.17500278 7.8657946
0.16215708 -0.06931897 0.98432712 17.076305 -0.0076892513 0.99741046 0.071507053 0.72865112 -0.98673504 -0.019164113 0.16120415 8.0061445
0.14561295 -0.068442394 0.98697134 17.89635 -0.0085102994 0.99748065 0.070426739 0.76229486 -0.98930507 -0.018654466 0.14466363 8.1089079
0.12354319 -0.066879625 0.99008288 18.749933 -0.011299091 0.99756682 0.068795069 0.8053896 -0.99227491 -0.019686198 0.12248691 8.1939565
0.097587438 -0.065351136 0.99307897 19.520346 -0.015493057 0.99762108 0.0671725 0.84103461 -0.9951064 -0.021941021 0.096342795 8.2672832
0.069438309 -0.064935279 0.99547057 20.340673 -0.020065439 0.99758645 0.066472949 0.88224899 -0.99738447 -0.024590323 0.067967759 8.3615538
0.035145193 -0.064663876 0.99728798 21.189507 -0.022799991 0.9975929 0.065487135 0.92258208 -0.99912214 -0.025039714 0.033586258 8.3702737
-3.7021411e-05 -0.064060238 0.99794599 22.001357 -0.023794953 0.99766353 0.064041223 0.95586521 -0.9997169 -0.023743707 -0.0015612468 8.3629568
-0.031307531 -0.062947662 0.99752561 22.902401 -0.02565676 0.99773664 0.062155735 0.98405701 -0.99918049 -0.023647332 -0.032851706 8.304929
-0.067811526 -0.060821756 0.99584247 23.740689 -0.026783798 0.99789132 0.059123058 1.0225536 -0.99733861 -0.022663219 -0.069297572 8.2840972
-0.098133763 -0.057603567 0.99350466 24.630817 -0.029111211 0.99806231 0.05499235 1.0551136 -0.9947474 -0.023525518 -0.099620521 8.1891319
-0.12961856 -0.053352893 0.99012747 25.421532 -0.026896919 0.99837311 0.050276106 1.0801939 -0.99119911 -0.020114661 -0.13084272 8.0581089
-0.16244946 -0.047681742 0.98556407 26.280018 -0.022798697 0.99874645 0.044561623 1.0953098 -0.98645348 -0.015230564 -0.16333291 7.899884
-0.19329686 -0.041525578 0.98026112 27.122833 -0.016745005 0.99909805 0.03902161 1.1087809 -0.98099746 -0.0088717224 -0.19381786 7.6669322
-0.22305491 -0.035851103 0.97414636 27.905867 -0.010501863 0.99935386 0.034374144 1.1293185 -0.97474935 -0.002563029 -0.22328729 7.4836405
-0.25055284 -0.029104368 0.9676653 28.710908 -0.0016391649 0.99955932 0.029639221 1.1390138 -0.96810158 0.0058400291 -0.25049014 7.2610607
-0.27744067 -0.018821317 0.96055836 29.559236 0.0040034981 0.99977676 0.02074611 1.1381023 -0.96073447 0.0096014093 -0.27730338 7.0113757
-0.30206471 -0.0036817208 0.95328027 30.330683 0.0087451855 0.99993976 0.0066330038 1.126387 -0.95324735 0.01034021 -0.30201432 6.7531099
-0.3257583 0.012913158 0.94536485 31.137732 0.0084961113 0.99990633 -0.010730533 1.1066361 -0.94541495 0.0045363659 -0.3258375 6.4497274
-0.34899691 0.02780892 0.93671113 31.980212 0.008646078 0.99961261 -0.026454998 1.0806093 -0.93708403 -0.0011338343 -0.34910215 6.1961012
-0.37381521 0.039160383 0.92667609 32.733918 0.011668106 0.99922777 -0.037519501 1.0373876 -0.92742984 -0.0032128044 -0.37398347 5.8734333
-0.39744142 0.043975707 0.91657317 33.476217 0.01566718 0.99903062 -0.04113833 0.98627246 -0.91749383 -0.0019899586 -0.39774512 5.5740755
-0.41851349 0.042926152 0.90719553 34.217938 0.018556224 0.99907805 -0.038713313 0.94297894 -0.90802103 0.00063208029 -0.41892419 5.1381056
-0.44110008 0.039421672 0.89659165 34.947232 0.022387568 0.99920724 -0.032919402 0.90149309 -0.89717868 0.0055517564 -0.44163295 4.7966106
-0.45809914 0.038301646 0.8880755 35.702505 0.029586997 0.99917467 -0.027831255 0.8666557 -0.8884086 0.013526014 -0.4588543 4.4089224
-0.47216972 0.039183109 0.88063635 36.390736 0.033309405 0.9990912 -0.026594185 0.82032531 -0.88087814 0.016776505 -0.47304578 4.0230595
-0.4834553 0.042302001 0.8743463 37.111689 0.036135175 0.99894471 -0.028349886 0.76740358 -0.87462294 0.017888755 -0.4844737 3.6299916
-0.49323263 0.045162726 0.86872426 37.785295 0.037789706 0.99882105 -0.030470387 0.72808709 -0.86907627 0.017799847 -0.49435783 3.2426218
-0.50331685 0.044253366 0.86296798 38.497631 0.031528098 0.99896326 -0.032838835 0.67278684 -0.8635266 0.010679401 -0.50419026 2.8323852
-0.51501626 0.043104538 0.8560959 39.144108 0.029839543 0.99903106 -0.032350256 0.64644126 -0.85666091 0.0088846038 -0.51580346 2.4411128
-0.5238811 0.044649609 0.85062033 39.846431 0.032079774 0.99895096 -0.032678248 0.60913433 -0.85118714 0.010168192 -0.52476388 1.99533
-0.53090748 0.04772015 0.84608509 40.527843 0.035975254 0.99878233 -0.033758438 0.56264065 -0.84666587 0.01251552 -0.53197775 1.5315867
-0.53408396 0.050914577 0.84389689 41.225463 0.036673372 0.99864059 -0.037040903 0.52214025 -0.84463569 0.011165593 -0.53522514 1.1128172
-0.53434243 0.052409047 0.84364175 41.929056 0.035932119 0.99858214 -0.039275773 0.47448806 -0.84450406 0.009327125 -0.53546797 0.67654814
-0.53065694 0.053438307 0.84590041 42.66733 0.038486113 0.99850031 -0.03893513 0.43156982 -0.84671252 0.011894222 -0.53191775 0.20322741
-0.52458334 0.052221935 0.84975592 43.409143 0.036886646 0.99857384 -0.038596186 0.39139415 -0.85055967 0.01109773 -0.5257615 -0.24125999
-0.51765552 0.050736648 0.85408342 44.164529 0.034532694 0.99866575 -0.038395444 0.34849891 -0.85489199 0.0096181886 -0.51871691 -0.7069176
-0.51116299 0.050222106 0.85801519 44.954077 0.032855885 0.99870346 -0.038883085 0.29916896 -0.8588556 0.0083152551 -0.51215034 -1.1306174
-0.50421446 0.04878779 0.8621992 45.746816 0.029326606 0.99879437 -0.039366854 0.2400308 -0.86308041 0.0054360399 -0.50503735 -1.6124378
-0.50021918 0.046923633 0.86462644 46.550456 0.026043409 0.99889416 -0.039143297 0.20541603 -0.86550712 0.0029375935 -0.50088807 -2.0525289
-0.4992819 0.043742521 0.86533468 47.395549 0.020677786 0.99904191 -0.038570702 0.15289429 -0.86619286 -0.0013644468 -0.49970804 -2.5047689
-0.49917741 0.041708636 0.86549537 48.247328 0.017815725 0.99912374 -0.037872969 0.09729203 -0.86631667 -0.0034859027 -0.49948307 -2.9940881
-0.50140882 0.040225185 0.86427488 49.101666 0.016833396 0.99918314 -0.03673821 0.054105298 -0.86504676 -0.0038721809 -0.50167636 -3.4443152
-0.50139468 0.039925484 0.86429698 49.9517 0.016674864 0.99919512 -0.036483593 0.00045414805 -0.86505802 -0.0038806441 -0.50165688 -3.9771123
-0.50144683 0.038821041 0.86431704 50.819449 0.016469655 0.99924012 -0.035326024 -0.047608094 -0.86503173 -0.0034791186 -0.50170516 -4.4397459
-0.50049084 0.038360968 0.86489149 51.7567 0.016609255 0.99925942 -0.034709299 -0.10214214 -0.86558253 -0.0030064822 -0.50075734 -5.0089695
-0.50061233 0.037989682 0.86483757 52.645482 0.016239242 0.99927293 -0.034494911 -0.16226539 -0.86551929 -0.0032242708 -0.50086527 -5.5062153
-0.5014813 0.036414266 0.86440178 53.504555 0.01486183 0.99932901 -0.033476217 -0.19985605 -0.86504086 -0.0039411037 -0.50168599 -6.0180158
-0.50139091 0.035455804 0.86449406 54.415112 0.013834815 0.99936081 -0.032963199 -0.26489704 -0.86511029 -0.0045673317 -0.50156095 -6.5241446
-0.50079724 0.03495611 0.86485845 55.320646 0.012965857 0.99937503 -0.032885147 -0.31353078 -0.86546755 -0.0052551588 -0.50093749 -7.0343598
-0.50009776 0.033915139 0.86530453 56.182357 0.012957409 0.99941398 -0.031682825 -0.36406108 -0.86587205 -0.0046324046 -0.50024415 -7.5128334
-0.4979347 0.031330823 0.86664834 57.085134 0.013048071 0.99950471 -0.028637009 -0.42174426 -0.8671164 -0.0029512706 -0.49809688 -8.0404095
-0.49514521 0.03008711 0.86828908 57.991082 0.013509642 0.99954599 -0.02693137 -0.47508824 -0.86870523 -0.0016046634 -0.49532688 -8.5328573
-0.49331963 0.029469912 0.86934872 58.835658 0.012990072 0.99956407 -0.026512728 -0.52818964 -0.86975115 -0.0017863466 -0.4934874 -9.0299785
-0.4906536 0.030032488 0.87083697 59.765077 0.014119489 0.99954867 -0.026516046 -0.57644256 -0.87124035 -0.00071441944 -0.4908562 -9.5269936
-0.48975121 0.030550028 0.8713268 60.633506 0.01414736 0.9995328 -0.027093242 -0.62381654 -0.87174748 -0.00094197327 -0.4899546 -10.027577
-0.49125317 0.03161522 0.87044284 61.554033 0.013291534 0.99949679 -0.028801204 -0.67502785 -0.87091545 -0.0025791619 -0.49142618 -10.507639
-0.49382239 0.033615669 0.86891275 62.421973 0.012105374 0.99942142 -0.031784911 -0.73080114 -0.86947856 -0.0051775865 -0.49394361 -11.006753
-0.49761244 0.033993156 0.8667331 63.282688 0.010727122 0.99939654 -0.033037497 -0.78845526 -0.86733318 -0.0071423172 -0.4976768 -11.512232
-0.50361783 0.032308751 0.86332217 64.1963 0.010336651 0.99945428 -0.031373452 -0.8353195 -0.86386474 -0.006876369 -0.50367696 -12.005339
-0.5085353 0.030444379 0.86050272 65.050543 0.013835884 0.99953462 -0.027186636 -0.89514515 -0.86093001 -0.0019195473 -0.50871986 -12.52894
-0.51434429 0.0285833 0.85710728 65.906405 0.011653794 0.99958507 -0.026341366 -0.9358378 -0.85750464 -0.0035599791 -0.51446398 -13.019209
-0.51914677 0.030647908 0.8541354 66.723069 0.01246108 0.99952206 -0.028290748 -0.99121804 -0.8545943 -0.0040436002 -0.51928055 -13.530913
-0.52409034 0.033231244 0.85101407 67.586103 0.012866288 0.99943336 -0.031103264 -1.042942 -0.85156552 -0.0053515271 -0.52422093 -14.054898
-0.52890827 0.033568578 0.84801482 68.396264 0.011682027 0.99941074 -0.032275468 -1.0919435 -0.84859863 -0.0071642294 -0.52898876 -14.559566
-0.53288731 0.033873455 0.84550792 69.236412 0.010269859 0.99938375 -0.033565507 -1.1535673 -0.84612393 -0.0092033854 -0.5329068 -15.067834
-0.53664283 0.032338113 0.84318958 70.072002 0.010031241 0.99943925 -0.031946297 -1.2079923 -0.84374991 -0.008685513 -0.5366663 -15.590107
-0.53944745 0.026228309 0.84161064 70.881555 0.012226326 0.99965336 -0.023316905 -1.2548096 -0.84193053 -0.0022884389 -0.53958113 -16.093283
-0.54119078 0.018781223 0.84069004 71.713271 0.013451313 0.99981599 -0.013676907 -1.2861447 -0.84079228 0.0039065699 -0.54134383 -16.637828
-0.54381414 0.0159555 0.83905395 72.561648 0.013595197 0.99985554 -0.010201887 -1.325854 -0.83909559 0.0058591742 -0.5439525 -17.152357
-0.54457747 0.020891479 0.83845028 73.345679 0.013465527 0.99977866 -0.016165337 -1.3595491 -0.83860248 0.0024868978 -0.54473824 -17.663257
-0.54544122 0.025724337 0.83775419 74.158117 0.013427835 0.99966881 -0.021953602 -1.4095081 -0.83804154 -0.00072517376 -0.545606 -18.202837
-0.54544769 0.031316757 0.83755956 74.958398 0.02004823 0.99950328 -0.024315811 -1.4431502 -0.8379051 0.0035285847 -0.5458046 -18.736025
-0.54517434 0.032298325 0.83770024 75.744637 0.023490249 0.99945373 -0.023247456 -1.4808634 -0.83799356 0.0070038712 -0.54563523 -19.255441
-0.54494427 0.029440077 0.83795523 76.529245 0.022940901 0.99953277 -0.020197748 -1.5299508 -0.83815841 0.0082168022 -0.54536504 -19.767277
-0.54506492 0.024171566 0.83804529 77.316549 0.021080438 0.99966341 -0.015122359 -1.5547886 -0.83812881 0.0094236958 -0.54539101 -20.274285
-0.5435314 0.018347276 0.83918826 78.148921 0.0195756 0.99976624 -0.009179148 -1.587846 -0.83916057 0.01143846 -0.54376351 -20.804004
-0.54340363 0.011951085 0.83938645 78.915466 0.010543643 0.99991695 -0.0074109342 -1.6262664 -0.83940538 0.0048230633 -0.54348451 -21.292996
-0.54310863 0.0065097358 0.83963717 79.712349 0.0021216594 0.99997739 -0.0063804891 -1.6497149 -0.8396598 -0.0016838738 -0.54311016 -21.762136
-0.54101637 0.0067955175 0.84098457 80.539302 0.0049775836 0.99997571 -0.0048780885 -1.6673625 -0.84099737 0.0015469462 -0.54103705 -22.294386
-0.53753527 0.010422033 0.84317682 81.321036 0.010346617 0.99992986 -0.0057634767 -1.7054524 -0.84317782 0.0056259564 -0.5376054 -22.811974
-0.53157859 0.013612366 0.84689955 82.074473 0.011589805 0.99989414 -0.0087968312 -1.7221632 -0.84692971 0.0051391939 -0.53168009 -23.288123
-0.52387036 0.016213669 0.85164364 82.854334 0.017424259 0.9998136 -0.0083163814 -1.7479049 -0.85161981 0.010482555 -0.52405523 -23.75372
-0.51618348 0.018988277 0.85626748 83.650153 0.025411609 0.99965361 -0.006849082 -1.7847501 -0.856101 0.018223752 -0.51648721 -24.23638
-0.50560566 0.018484938 0.86256661 84.453155 0.023507725 0.99969443 -0.0076442207 -1.8102751 -0.86244441 0.016412019 -0.50588571 -24.723338
-0.49621373 0.015166284 0.86806788 85.240846 0.018785151 0.99980089 -0.0067296738 -1.8366427 -0.86799718 0.012967431 -0.49639984 -25.15334
-0.48375965 0.011841611 0.87512074 86.07401 0.019713258 0.99980221 -0.0026313963 -1.8626307 -0.87497888 0.015978518 -0.48389741 -25.607662
-0.47219153 0.010701763 0.88143098 86.863449 0.019267442 0.99981271 -0.0018173121 -1.8805886 -0.88128542 0.016124802 -0.47230929 -26.037047
-0.46065949 0.010518653 0.88751458 87.724595 0.020238746 0.99979427 -0.0013445609 -1.9004785 -0.88734621 0.017342799 -0.4607776 -26.457894
-0.44961505 0.011914903 0.89314292 88.50824 0.023191477 0.99972966 -0.0016620456 -1.9194893 -0.89292135 0.019966024 -0.44976982 -26.848197
-0.43707974 0.015063091 0.89929658 89.360806 0.0229336 0.99972131 -0.0055989098 -1.9532217 -0.89913037 0.018176939 -0.43730339 -27.247087
-0.42615271 0.02449018 0.90431965 90.217208 0.024383945 0.99958127 -0.015579271 -1.9800182 -0.9043226 0.015411733 -0.42657144 -27.638375
-0.41281399 0.029562437 0.91033544 91.013611 0.024865151 0.9994664 -0.021181181 -2.0072704 -0.91047592 0.013891741 -0.41332878 -28.006335
-0.40212824 0.02511117 0.9152389 91.85894 0.020478476 0.99962044 -0.018428701 -2.0464871 -0.91535435 0.011331997 -0.40248985 -28.361492
-0.38940552 0.021966983 0.92080439 92.742438 0.022761663 0.99963976 -0.014221861 -2.0867212 -0.92078516 0.015420969 -0.38976525 -28.729301
-0.37976096 0.023369046 0.9247894 93.572245 0.021659636 0.99963144 -0.016365832 -2.109346 -0.92483109 0.013815498 -0.38012716 -29.056084
-0.37283452 0.027525869 0.92748945 94.413662 0.016500564 0.99959853 -0.02303297 -2.1512879 -0.92775117 0.0067166137 -0.37313903 -29.377059
-0.3669997 0.031542437 0.92968609 95.268983 0.0066437758 0.99948833 -0.031288015 -2.1925493 -0.93019737 -0.0053060655 -0.36702148 -29.70493
-0.36399377 0.034312162 0.93076911 96.119186 0.0057513303 0.99938495 -0.034592476 -2.235065 -0.93138367 -0.0072382842 -0.36396723 -30.024385
-0.3605894 0.034473826 0.93208732 96.959421 0.0054424613 0.99937749 -0.03485711 -2.2813701 -0.93270882 -0.0074962546 -0.36055255 -30.329206
-0.35523305 0.032984513 0.9341956 97.825407 0.0013773705 0.99939464 -0.034762802 -2.3401814 -0.93477679 -0.011062162 -0.35506344 -30.661982
-0.34997177 0.029756301 0.93628748 98.677123 0.001404224 0.9995109 -0.031240733 -2.3810604 -0.93675923 -0.0096186164 -0.34984238 -30.96118
-0.34493425 0.025867696 0.9382703 99.509948 0.0013761875 0.99963304 -0.027053513 -2.4301837 -0.93862588 -0.0080404469 -0.34484328 -31.259873
-0.33916906 0.022052834 0.94046688 100.35318 -0.0025742947 0.99969969 -0.024370163 -2.4753785 -0.94072195 -0.010686644 -0.33901044 -31.561171
-0.33384195 0.021059944 0.94239374 101.19296 -0.0063925814 0.99967682 -0.024604628 -2.5178554 -0.94260743 -0.014238385 -0.33359944 -31.845376
-0.32703345 0.021148176 0.94477606 102.04696 -0.016771898 0.99946221 -0.028177865 -2.5470034 -0.94486396 -0.025060792 -0.32650288 -32.110613
-0.32023192 0.024554961 0.94702085 102.9025 -0.014936608 0.99940889 -0.030964073 -2.6001403 -0.94722146 -0.024060963 -0.31967586 -32.391427
-0.31293865 0.0286609 0.94934076 103.79223 -0.012493658 0.99933388 -0.034288588 -2.6450866 -0.9496912 -0.022590963 -0.31237212 -32.673471
-0.30638097 0.02683436 0.95153063 104.63026 -0.014733801 0.99934915 -0.032927 -2.6884841 -0.95179499 -0.024107869 -0.30578619 -32.941477
-0.29937461 0.021671357 0.95388947 105.50012 -0.014861821 0.99951483 -0.027372241 -2.7329367 -0.95401994 -0.022371089 -0.29890729 -33.195561
-0.29266887 0.018873917 0.95602752 106.32595 -0.0155909 0.99957809 -0.024506536 -2.7732081 -0.95608678 -0.022077629 -0.29225113 -33.435632
-0.28597023 0.021970944 0.95798655 107.21683 -0.017629797 0.99944726 -0.028184524 -2.8149914 -0.95807635 -0.024949043 -0.28542482 -33.704222
-0.27962336 0.024679028 0.9597925 108.08031 -0.017624718 0.9993692 -0.030831394 -2.8618855 -0.95994803 -0.025537249 -0.27901201 -33.942044
-0.27270514 0.025657659 0.96175543 108.91351 -0.019368251 0.99929534 -0.032150999 -2.9032186 -0.96190273 -0.027395263 -0.27201604 -34.172531
-0.26615611 0.024596389 0.96361604 109.81593 -0.020172196 0.99931335 -0.031079237 -2.9532389 -0.96371888 -0.02771018 -0.26547719 -34.404231
-0.2582826 0.02431753 0.96576326 110.66635 -0.017758623 0.99939472 -0.0299137 -2.9948953 -0.96590621 -0.024876813 -0.25769442 -34.622179
-0.25044655 0.025434151 0.96779623 111.53802 -0.013060312 0.99947512 -0.029646437 -3.0408683 -0.96804237 -0.020064568 -0.24998292 -34.84302
-0.24362377 0.026430517 0.96950957 112.39716 -0.010451367 0.99949902 -0.029874358 -3.0818143 -0.96981354 -0.017410803 -0.24322549 -35.055741
-0.23634188 0.025173741 0.97134377 113.29186 -0.017970299 0.99938012 -0.030272772 -3.1252892 -0.97150382 -0.024610062 -0.235743 -35.266613
-0.23075541 0.023342066 0.97273173 114.13401 -0.022128753 0.99932774 -0.029229746 -3.1691812 -0.97276017 -0.028270262 -0.23008375 -35.458951
-0.22584729 0.023445523 0.9738805 115.03906 -0.019099955 0.9994116 -0.028489531 -3.2087658 -0.9739755 -0.025035356 -0.22526659 -35.660985
-0.22153021 0.023543587 0.97486921 115.87337 -0.017716345 0.99944633 -0.028163015 -3.2569223 -0.9749926 -0.023510077 -0.22099045 -35.846845
-0.21687031 0.025079762 0.97587817 116.77195 -0.017303829 0.9994141 -0.029530072 -3.3002292 -0.97604709 -0.023290624 -0.21630927 -36.039693
-0.21077117 0.023923429 0.9772426 117.65125 -0.01168452 0.99956741 -0.026990062 -3.3368374 -0.97746564 -0.017107337 -0.21040046 -36.230061
-0.20571533 0.023025526 0.97834091 118.50713 -0.0037019775 0.9996977 -0.024306575 -3.3798583 -0.97860491 -0.0086220306 -0.20556791 -36.410896
-0.20064202 0.022063399 0.9794161 119.3953 -0.0010557519 0.99974091 -0.022737537 -3.4223463 -0.9796641 -0.0055961249 -0.20056674 -36.602798
-0.19678946 0.023379775 0.98016693 120.25514 -0.0035693676 0.99969193 -0.024562128 -3.4597825 -0.98043931 -0.0083321432 -0.19664539 -36.752843
-0.19314957 0.025513979 0.9808375 121.09527 -0.0054555283 0.99961847 -0.027076836 -3.4950937 -0.9811542 -0.010580865 -0.19293668 -36.903598
-0.19142301 0.024436613 0.98120334 121.99414 -0.008374552 0.99961297 -0.02652889 -3.5361899 -0.98147194 -0.013295378 -0.19114428 -37.072349
-0.19104985 0.023001352 0.98131076 122.86729 -0.010928751 0.9996136 -0.02555806 -3.5820979 -0.98151953 -0.015607364 -0.19072466 -37.218734
-0.18956249 0.01908532 0.98168311 123.73991 -0.0083019036 0.99974418 -0.021039544 -3.6131225 -0.9818336 -0.012138146 -0.18935555 -37.395997
-0.18795906 0.01365877 0.98208184 124.61231 -0.0077697501 0.99985133 -0.015392946 -3.6561958 -0.98214617 -0.010523774 -0.187825 -37.565638
-0.1870146 0.011393911 0.98229101 125.49032 -0.0063477818 0.99989784 -0.012806666 -3.6880444 -0.98233667 -0.008630402 -0.18692317 -37.730843
-0.18686136 0.015695851 0.98226086 126.34273 -0.010003195 0.99979012 -0.017878922 -3.7218865 -0.98233541 -0.013166625 -0.18666513 -37.871016
-0.18637512 0.020403378 0.98226673 127.17961 -0.006590284 0.99973588 -0.022016681 -3.7543604 -0.9824566 -0.010576778 -0.18619143 -38.031216
-0.18669884 0.018870061 0.98223591 128.04863 -0.012002836 0.99969708 -0.021486955 -3.7870408 -0.98234391 -0.015801206 -0.18641579 -38.19108
-0.18563048 0.018134266 0.98245223 128.90878 -0.013268249 0.99969228 -0.020959468 -3.8276215 -0.98253008 -0.016926137 -0.18533274 -38.347073
-0.1848203 0.01869 0.98259456 129.74208 -0.0067680217 0.99977123 -0.020289743 -3.8633663 -0.98274907 -0.010400177 -0.18465152 -38.50495
-0.18450582 0.021167352 0.98260341 130.57522 -0.0087566026 0.99969296 -0.023179744 -3.9003504 -0.98279245 -0.012881065 -0.18426382 -38.649132
-0.18511163 0.022345264 0.98246338 131.40595 -0.019628369 0.99945794 -0.026430084 -3.9315743 -0.9825215 -0.024176669 -0.18457269 -38.781717
-0.18409593 0.023692963 0.98262264 132.24946 -0.024649348 0.99928374 -0.028712788 -3.9717802 -0.9825992 -0.029506915 -0.18338005 -38.929134
-0.18409205 0.027085313 0.98253571 133.06995 -0.024424012 0.99918554 -0.032120479 -4.0186671 -0.98260555 -0.029910588 -0.18328058 -39.075607
-0.1839308 0.028160244 0.98253569 133.88604 -0.019770957 0.99928132 -0.03234131 -4.0626086 -0.98274038 -0.025374234 -0.18324185 -39.217964
-0.18192373 0.029236423 0.98287787 134.70211 -0.020988044 0.99921472 -0.033607111 -4.1102701 -0.98308867 -0.026742615 -0.18116725 -39.365932
-0.18016829 0.028313598 0.98322818 135.55615 -0.015842684 0.99937245 -0.031681535 -4.1466006 -0.98350825 -0.021284981 -0.17960666 -39.525861
-0.17682947 0.025322031 0.98391567 136.37863 -0.0083453689 0.99959448 -0.02722537 -4.1950698 -0.98420616 -0.013025386 -0.17654644 -39.674109
-0.17438557 0.020873464 0.98445614 137.16704 -0.0010011018 0.99977102 -0.021375519 -4.2270789 -0.98467698 -0.004713122 -0.17432474 -39.824861
-0.1704135 0.020860564 0.98515176 137.99463 0.0038032903 0.99978236 -0.020512465 -4.256745 -0.98536534 0.00025121806 -0.17045575 -39.975622
-0.16595208 0.024737948 0.98582344 138.77861 -0.00047746174 0.99968317 -0.025166114 -4.3093409 -0.98613374 -0.0046470612 -0.16588769 -40.096599
-0.15911716 0.028317334 0.98685347 139.64454 0.00031328048 0.99958996 -0.028632289 -4.3497725 -0.9872597 -0.0042467257 -0.15906079 -40.224209
-0.15125871 0.028782525 0.98807504 140.42835 -0.0037699046 0.99955193 -0.029693957 -4.3866749 -0.98848706 -0.0082164175 -0.15108243 -40.335351
-0.14180444 0.025349908 0.98957001 141.18543 0.0059734815 0.99967576 -0.024752792 -4.4119375 -0.98987671 0.0024011233 -0.14190989 -40.441728
-0.12965641 0.02390952 0.99127063 141.96956 0.014770647 0.99964489 -0.022179532 -4.4477909 -0.991449 0.011765991 -0.12996353 -40.543668
-0.1160632 0.025665282 0.99291014 142.78344 0.011623903 0.99963273 -0.024480309 -4.4964072 -0.99317385 0.0087002296 -0.1163189 -40.636972
-0.10218411 0.027014305 0.99439859 143.55691 0.010128914 0.99960763 -0.026114971 -4.5288335 -0.99471398 0.0074036433 -0.10241764 -40.707644
-0.087830627 0.027089645 0.99576696 144.36192 0.013920097 0.99956593 -0.025965186 -4.5609758 -0.9960382 0.011580636 -0.088169594 -40.775835
-0.074080635 0.028451878 0.99684626 145.16517 0.016655453 0.99948881 -0.02728955 -4.6021947 -0.9971132 0.014581299 -0.074516646 -40.827536
-0.059742404 0.034587578 0.99761438 146.01429 0.015244038 0.9993146 -0.03373363 -4.6508085 -0.99809746 0.013192344 -0.060228712 -40.873556
-0.047766598 0.043799084 0.99789774 146.66094 0.0085605706 0.99901942 -0.043438544 -4.6884555 -0.99882188 0.0064676636 -0.048094706 -40.884133
-0.033708442 0.052471822 0.99805329 147.51432 0.0016867249 0.9986224 -0.052444773 -4.7366367 -0.99943033 -8.4389482e-05 -0.033750513 -40.890048
-0.020425226 0.053560961 0.99835562 148.25609 0.00089167524 0.99856456 -0.053553925 -4.7811754 -0.99979103 -0.0002036412 -0.020443667 -40.894935
-0.0084261169 0.049206215 0.99875305 148.99898 -0.001179054 0.99878737 -0.049217851 -4.8349914 -0.99996385 -0.0015922983 -0.0083578839 -40.893516
0.0024058237 0.046448641 0.99891774 149.81277 -0.0017730696 0.9989193 -0.046444441 -4.8939279 -0.99999558 -0.0016594127 0.0024855788 -40.879377
0.011614065 0.052548816 0.99855078 150.60342 -0.0059931813 0.99860389 -0.052481903 -4.9582689 -0.99991464 -0.0053749669 0.011912783 -40.851929
0.018322073 0.061264946 0.99795332 151.34218 -0.015378441 0.9980201 -0.060986701 -5.0061281 -0.9997139 -0.014229563 0.019227955 -40.831838
0.021021102 0.064408813 0.99770213 152.06546 -0.021753427 0.9977159 -0.063951366 -5.0600803 -0.99954239 -0.020359112 0.022374199 -40.798911
0.021748907 0.060358939 0.99793973 152.8847 -0.020477228 0.99799337 -0.059915904 -5.114176 -0.99955378 -0.019131933 0.022941248 -40.779526
0.019894074 0.054655378 0.99830703 153.5882 -0.015720433 0.99839835 -0.054347102 -5.1854049 -0.99967854 -0.014612633 0.020721415 -40.754174
0.016633248 0.052291504 0.99849329 154.32133 -0.016091026 0.99851616 -0.05202465 -5.2322452 -0.99973221 -0.015201442 0.01744999 -40.739678
0.013765394 0.05247243 0.99852745 155.04326 -0.015526562 0.99851293 -0.05225762 -5.2822013 -0.99978474 -0.014784351 0.014559638 -40.724292
0.0099645417 0.052638026 0.9985639 155.80144 -0.015935189 0.99849507 -0.052475381 -5.3400695 -0.99982342 -0.01538941 0.010788341 -40.715755
0.004973878 0.050861122 0.99869331 156.48059 -0.015058115 0.99859628 -0.050781183 -5.3912353 -0.99987429 -0.014785858 0.0057327671 -40.700365
-0.00024444406 0.051336985 0.99868132 157.23716 -0.016666195 0.99854247 -0.051333926 -5.4383522 -0.99986112 -0.016656765 0.00061150291 -40.700626
-0.0058434129 0.049321542 0.99876582 158.00485 -0.016445155 0.9986431 -0.049411694 -5.4891864 -0.99984774 -0.016713591 -0.0050243852 -40.697367
-0.011407083 0.046454985 0.99885521 158.7627 -0.013890876 0.99881649 -0.046611819 -5.544519 -0.99983849 -0.014406678 -0.010748284 -40.716756
-0.016910563 0.046451637 0.99877735 159.48174 -0.01646103 0.99877191 -0.046730088 -5.5909466 -0.99972154 -0.017231136 -0.016125155 -40.717897
-0.021749696 0.047692657 0.99862519 160.27916 -0.015131717 0.9987314 -0.048027291 -5.6398937 -0.99964897 -0.016155493 -0.021000434 -40.728827
-0.026107933 0.049990418 0.99840836 160.96226 -0.017972332 0.99856395 -0.050468175 -5.6915593 -0.9994976 -0.019261346 -0.025171998 -40.743435
-0.028726755 0.052054466 0.99823095 161.67292 -0.016448308 0.9984833 -0.052540968 -5.7417737 -0.99945201 -0.017928541 -0.027826978 -40.75716
-0.030123524 0.05377581 0.99809852 162.35242 -0.015486473 0.99840675 -0.054259811 -5.7960178 -0.99942625 -0.017091522 -0.029242734 -40.784758
-0.02961025 0.051952888 0.99821042 163.11019 -0.01181395 0.99856041 -0.052321543 -5.8457591 -0.99949174 -0.013342061 -0.028953856 -40.80965
-0.025537686 0.048004861 0.99852054 163.79463 -0.0067358851 0.99881541 -0.048191309 -5.8899935 -0.99965121 -0.0079566135 -0.025184081 -40.825349
-0.018469074 0.047504026 0.99870024 164.52551 -0.0058713206 0.99884829 -0.047619645 -5.9452673 -0.99981224 -0.0067431793 -0.018168893 -40.830886
-0.0078697464 0.048817431 0.99877667 165.18988 -0.0042721913 0.99879689 -0.048852079 -5.9933897 -0.99995995 -0.0046514177 -0.0076517223 -40.833521
0.0059976185 0.049133635 0.99877416 165.8897 -0.0010945451 0.99879189 -0.049127933 -6.0449137 -0.99998146 -0.00079855197 0.0060441502 -40.820719
0.021653984 0.046918357 0.99866395 166.56281 -0.0020626195 0.99889818 -0.046884636 -6.0822264 -0.99976344 -0.0010446237 0.021726899 -40.795092
0.037522695 0.04180853 0.99842076 167.27385 -0.0062738805 0.99911457 -0.041601797 -6.1303309 -0.99927612 -0.0047029602 0.037751772 -40.747431
0.053890759 0.035513691 0.99791507 167.9416 -0.0091009732 0.99934331 -0.035073035 -6.1691178 -0.9985054 -0.0071918851 0.054178577 -40.699283
0.071055597 0.028120689 0.99707585 168.59989 -0.0089405563 0.99958033 -0.027554182 -6.2061403 -0.99743233 -0.0069565332 0.07127719 -40.640809
0.088389204 0.020541305 0.99587415 169.28059 -0.0098251694 0.99975669 -0.01974935 -6.2390201 -0.9960376 -0.0080390022 0.088569518 -40.561352
0.10628622 0.014213082 0.99423395 169.95338 -0.0090520299 0.99987023 -0.013325969 -6.2685338 -0.99429442 -0.0075834679 0.10640108 -40.478096
0.12431478 0.0119352 0.99217101 170.61051 -0.01151241 0.9998777 -0.01058545 -6.2964634 -0.99217609 -0.01010635 0.12443698 -40.37558
0.14201016 0.010955854 0.98980453 171.25903 -0.010573725 0.99989849 -0.0095505366 -6.3159467 -0.98980877 -0.0091096472 0.14211159 -40.272579
0.15961107 0.010306623 0.98712613 171.90043 -0.011740895 0.99989459 -0.0085415211 -6.3362991 -0.9871102 -0.010226422 0.15971525 -40.162601
0.17601961 0.01012131 0.98433459 172.5436 -0.017938193 0.99981408 -0.0070727521 -6.3505129 -0.98422325 -0.01641224 0.17616844 -40.019714
0.18992262 0.0065620431 0.98177709 173.14825 -0.020831689 0.99977948 -0.0026525233 -6.36756 -0.98157808 -0.0199483 0.19001744 -39.888712
0.20228463 0.0022562059 0.97932413 173.77652 -0.01657087 0.99986207 0.0011192801 -6.3884166 -0.97918661 -0.016454665 0.20229412 -39.748578
0.21297378 0.00062999275 0.97705767 174.39917 -0.013383571 0.99990785 0.002272553 -6.402341 -0.97696629 -0.013560515 0.21296258 -39.61026
0.22259455 0.0041340581 0.9749023 174.98715 -0.016340534 0.99986636 -0.00050896532 -6.4157776 -0.9747742 -0.015817131 0.22263236 -39.457523
0.23155237 0.011052536 0.97275961 175.60097 -0.020128482 0.99977583 -0.0065681799 -6.4351287 -0.97261422 -0.018059296 0.23172293 -39.302144
0.24085071 0.02128541 0.9703287 176.19308 -0.02130265 0.99963458 -0.016640621 -6.450414 -0.9703284 -0.016662667 0.24121613 -39.141405
0.24919349 0.028130099 0.96804505 176.76362 -0.016904531 0.99955212 -0.024694099 -6.4664931 -0.96830621 -0.010210738 0.2495574 -38.986283
0.25560904 0.026626934 0.96641344 177.41114 -0.016510377 0.9995951 -0.023174295 -6.4807955 -0.96663928 -0.01003229 0.25594517 -38.824317
0.26155193 0.019181947 0.96499874 178.01216 -0.019222065 0.99970773 -0.014661959 -6.5044771 -0.96499802 -0.014714404 0.2618442 -38.64356
0.2658924 0.0083632164 0.9639664 178.6168 -0.02222856 0.99974968 -0.0025423268 -6.521984 -0.96374644 -0.020751599 0.26601174 -38.465934
0.26814839 -0.0012322812 0.96337679 179.19086 -0.020530663 0.99976476 0.0069933754 -6.5458365 -0.96315887 -0.021654026 0.26806001 -38.282918
0.26899415 -0.0022977375 0.96313903 179.83609 -0.016942393 0.99983114 0.0071170973 -6.5613112 -0.96299283 -0.018232337 0.26890979 -38.118371
0.27017873 0.0012177228 0.96280938 180.41962 -0.015841599 0.99986945 0.0031807952 -6.5638504 -0.96267989 -0.016111823 0.27016275 -37.957609
0.27156559 0.00085551533 0.96241951 181.00469 -0.013077977 0.99991056 0.0028013665 -6.5739274 -0.96233112 -0.013347254 0.27155248 -37.784011
0.27376473 -0.0011267675 0.96179599 181.64541 -0.01429815 0.99988404 0.005241201 -6.5696702 -0.96169045 -0.015186758 0.27371687 -37.595848
0.27588815 -0.0051884604 0.9611757 182.24696 -0.015000555 0.99984041 0.0097028128 -6.5849297 -0.96107273 -0.01709506 0.27576629 -37.417275
0.27953193 -0.010966817 0.96007372 182.86658 -0.012607986 0.99980662 0.015091582 -6.5944127 -0.96005365 -0.016323175 0.2793396 -37.235083
0.28349124 -0.014146864 0.95887043 183.51206 -0.01113809 0.99977516 0.018043349 -6.6007637 -0.95891018 -0.015795116 0.28326993 -37.043287
0.28984548 -0.015293292 0.95695122 184.10709 -0.010771953 0.99975686 0.019240035 -6.5922373 -0.95701287 -0.01588487 0.28961027 -36.859753
0.29752483 -0.01863602 0.95453214 184.72634 -0.0083798668 0.99971998 0.022130234 -6.5910767 -0.95467734 -0.014583146 0.29728535 -36.656704
0.30716105 -0.021150627 0.95142244 185.34365 -0.0058205956 0.99969254 0.024102841 -6.5969748 -0.95163979 -0.012941299 0.3069435 -36.457792
0.31818684 -0.018772226 0.94784211 185.96827 -0.0082491725 0.99971126 0.02256872 -6.5988815 -0.94799217 -0.014999982 0.31794011 -36.231841
0.32984258 -0.01524337 0.94391283 186.56319 -0.0081838412 0.99978589 0.019005447 -6.5964571 -0.94400051 -0.013993638 0.32964721 -35.994925
0.34103315 -0.0115642 0.9399801 187.16931 -0.0099791822 0.99982345 0.015920965 -6.5934246 -0.93999834 -0.014809809 0.34085754 -35.776224
0.35284752 -0.011036837 0.9356157 187.81421 -0.00945694 0.99983729 0.015360899 -6.5905224 -0.93563309 -0.014268116 0.35268573 -35.523126
0.36424173 -0.013915546 0.93120043 188.4414 -0.0087304707 0.99979341 0.018355525 -6.5931293 -0.93126356 -0.014815666 0.36404499 -35.268719
0.37490691 -0.016121613 0.92692224 189.06035 -0.0083555725 0.99974941 0.020767799 -6.5927684 -0.92702485 -0.015530957 0.37467825 -35.009761
0.38615833 -0.015660694 0.92229953 189.69036 -0.012111517 0.9996836 0.022045661 -6.5943271 -0.92235304 -0.019683561 0.38584647 -34.741443
0.39613071 -0.017505145 0.91802721 190.29399 -0.013263867 0.99960483 0.024784071 -6.5841677 -0.91809836 -0.021994322 0.39574198 -34.45089
0.40337748 -0.016921693 0.91487715 190.93893 -0.016240613 0.9995391 0.025648243 -6.5813843 -0.91488957 -0.025204089 0.40291675 -34.158478
0.40771463 -0.018807376 0.91291566 191.57757 -0.017550396 0.99944176 0.028428069 -6.5704814 -0.91294076 -0.027612571 0.40715695 -33.857737
0.40918981 -0.023987628 0.91213388 192.21291 -0.012298768 0.99941857 0.031800387 -6.5610748 -0.91236643 -0.024230517 0.40865687 -33.573339
0.41021128 -0.021818424 0.91172945 192.86074 -0.011153969 0.99951898 0.028937765 -6.5587737 -0.91192235 -0.02204 0.4097706 -33.275605
0.40897969 -0.021997055 0.91227829 193.55301 -0.0082968812 0.99957847 0.027821596 -6.547438 -0.9125058 -0.018947532 0.40862479 -32.987259
0.40783272 -0.020951564 0.91281621 194.20941 -0.0054971611 0.99966223 0.025400961 -6.5422118 -0.91304016 -0.01537724 0.40757979 -32.678584
0.40771182 -0.022158216 0.91284173 194.87453 -0.0026507472 0.99967259 0.025449868 -6.5298587 -0.91310685 -0.012795924 0.40751959 -32.391381
0.40702558 -0.028528697 0.9129711 195.55382 0.0015984537 0.99953285 0.030520964 -6.5232562 -0.9134154 -0.01096347 0.40688104 -32.084583
0.40615808 -0.031530617 0.91325865 196.23108 0.001977082 0.99943251 0.033626526 -6.5148829 -0.91380073 -0.011852097 0.40598993 -31.779688
0.40452297 -0.033860687 0.91390073 196.93117 0.002700404 0.9993542 0.03583151 -6.501965 -0.91452389 -0.012026767 0.40435317 -31.467943
0.40271544 -0.034053878 0.9146915 197.62094 0.0020371756 0.99933856 0.036308364 -6.4899224 -0.915323 -0.012758551 0.40251843 -31.16611
0.40146721 -0.034521441 0.91522253 198.28464 0.0011290783 0.99930729 0.037197772 -6.4742008 -0.91587274 -0.013900327 0.40122808 -30.855365
0.39920069 -0.033389995 0.91625534 198.98979 8.2616911e-05 0.99933796 0.03638168 -6.4687807 -0.91686361 -0.014447893 0.39893917 -30.562209
0.39832494 -0.030625036 0.91673294 199.66817 0.0015637962 0.99946368 0.032709321 -6.4638089 -0.91724308 -0.011595354 0.3981592 -30.246448
0.39755422 -0.024431913 0.91725332 200.35245 0.00050721765 0.99965115 0.02640682 -6.4610892 -0.91757858 -0.010032895 0.39742792 -29.960778
0.3968141 -0.021011565 0.91765844 201.00842 -0.0021702688 0.9997137 0.023828847 -6.4466431 -0.91789647 -0.011447187 0.39665489 -29.66817
0.3953532 -0.02366908 0.91822413 201.74887 -0.0032832695 0.99962514 0.027181009 -6.4377015 -0.91852335 -0.013760876 0.39512729 -29.360712
0.39369661 -0.026722981 0.91885189 202.41908 -0.0041001708 0.99951636 0.03082573 -6.4298157 -0.91923133 -0.015903434 0.39339663 -29.056581
0.39139081 -0.026188961 0.91985178 203.08099 -0.0089253785 0.9994399 0.032252591 -6.4310266 -0.92018131 -0.020833393 0.39093785 -28.776778
0.38616324 -0.026326375 0.92205467 203.82424 -0.01078718 0.99939541 0.033052346 -6.4195402 -0.92236742 -0.022709971 0.38564577 -28.444746
0.37983432 -0.027490757 0.92464592 204.47316 -0.010122385 0.99937496 0.033870698 -6.4045617 -0.92499919 -0.022224875 0.37931864 -28.199663
0.37107073 -0.027705818 0.92819116 205.19776 -0.010818098 0.999358 0.034154936 -6.3961242 -0.92854163 -0.02271516 0.37053278 -27.908837
