7.777361912769916730e-01 -6.282475497903103889e-01 2.077096435965899296e-02 -6.595727959029802889e+01 6.273178655389346492e-01 7.778392199251216166e-01 3.792681797824197509e-02 2.569578422479952806e+01 -3.998390118078326561e-02 -1.646706193436706447e-02 9.990646242949529077e-01 -9.269048604020215798e-01 -4.809208017785018303e-24 -1.416202385148814181e-23 -3.430527606006730092e-24 9.999999999999997780e-01
7.496314675054995824e-01 -6.613184206168011281e-01 2.665725939494996075e-02 -6.556750124828285209e+01 6.606582843082295931e-01 7.500897562429493792e-01 2.993307458816247407e-02 2.608148801654994742e+01 -3.979063081251164868e-02 -4.827435374248768840e-03 9.991963778793686579e-01 -9.476899612355590419e-01 -4.809208017785018303e-24 -1.416202385148814181e-23 -3.430527606006730092e-24 9.999999999999997780e-01
7.211704536867361570e-01 -6.926754605696375799e-01 1.067160034417482389e-02 -6.520904723179697271e+01 6.923884724795538181e-01 7.212034475644416576e-01 2.153579342850925338e-02 2.648079789523038485e+01 -2.261371059107411194e-02 -8.142084856126417108e-03 9.997111215483692748e-01 -9.481740502958536654e-01 1.374534939702964444e-18 3.233790985451362503e-18 -8.288130775063977943e-20 9.999999999999998890e-01
6.909952405775370288e-01 -7.226917145480312721e-01 -1.556480718853625253e-02 -6.486458563787697074e+01 7.228410278653074617e-01 6.909706935139455775e-01 7.768470858838064444e-03 2.688943395787524082e+01 5.140616093083431350e-03 -1.661885761670931633e-02 9.998486823703364168e-01 -9.571226934522013563e-01 2.636794067601239159e-18 5.091163643493778264e-18 -8.382307308596277001e-20 9.999999999999998890e-01
6.560717428476886548e-01 -7.541119196581227424e-01 -2.975030867629724352e-02 -6.452444881694090384e+01 7.541407089358764804e-01 6.565925992084564733e-01 -1.256780769974190012e-02 2.731155997527797652e+01 2.901136609137016861e-02 -1.419053537485973591e-02 9.994783486115565996e-01 -9.669706334762852018e-01 3.735717399211046250e-18 5.884935783184948581e-18 -9.219302607588079761e-20 9.999999999999998890e-01
6.188520949186888664e-01 -7.849610167842192565e-01 -2.929653125940706940e-02 -6.418989728212730483e+01 7.841828971322341024e-01 6.195437216624199994e-01 -3.496799671090284473e-02 2.777091617668665435e+01 4.559899626134969464e-02 -1.333820739274864950e-03 9.989589343222217144e-01 -9.813424835336858054e-01 3.982211738035624299e-18 7.639673662913262393e-18 -8.003028184200760342e-20 1.000000000000000222e+00
5.863322281742966435e-01 -8.097824169241031322e-01 -2.160915187420061820e-02 -6.386979242642408394e+01 8.088053066712482808e-01 5.866984377995145827e-01 -4.023579232518514903e-02 2.826146994251010724e+01 4.526029280271025301e-02 6.113945057865576883e-03 9.989565183586508468e-01 -9.711944360487613226e-01 2.759461227286871720e-18 7.521782248114387576e-18 -3.005109256547424766e-20 1.000000000000000444e+00
5.575031953087444814e-01 -8.300340733773260427e-01 -1.528477193757592396e-02 -6.356730071456644993e+01 8.296842913915357665e-01 5.577121683833545784e-01 -2.410630322673321460e-02 2.877116546732574420e+01 2.853355636190439346e-02 7.578059018761322194e-04 9.995925479371839950e-01 -9.383667893963808515e-01 -8.776561172084235366e-19 6.960888652423865791e-18 5.232486497600726122e-20 1.000000000000000666e+00
5.286463304697469612e-01 -8.487978667284661327e-01 -8.674025482805576906e-03 -6.328200789914832569e+01 8.487409546367437052e-01 5.287134987711921141e-01 -1.004132159776385813e-02 2.928239591272952325e+01 1.310912671276052641e-02 -2.053692853095683262e-03 9.999119626959602769e-01 -9.148488619379859799e-01 -4.492974331984932359e-18 8.363026262287540128e-18 6.613792896889765683e-20 1.000000000000001110e+00
4.986604153891773805e-01 -8.667703022788358913e-01 -6.858076359249944305e-03 -6.301178615954503925e+01 8.667488042102524659e-01 4.987006397237101485e-01 -6.646979709179369651e-03 2.979497262334805541e+01 9.181531679398061835e-03 -2.629643820700145514e-03 9.999543911846124900e-01 -9.015979989076271517e-01 -7.266610608579717666e-18 1.020434442084235290e-17 5.290642758763270345e-21 1.000000000000001554e+00
4.714367862637870998e-01 -8.818804785828265880e-01 -5.846199774052552797e-03 -6.275744607499961347e+01 8.817188087914047401e-01 4.714639650156514650e-01 -1.713685838124052313e-02 3.032581154600737605e+01 1.786893339640213338e-02 2.924241141174948634e-03 9.998360615786037187e-01 -9.080778100020381327e-01 -1.167507523375282469e-17 1.209174934176668802e-17 -6.086260736183879532e-20 1.000000000000002220e+00
4.460517465275819493e-01 -8.949796143956962879e-01 -7.023477473910437127e-03 -6.251473099584138993e+01 8.946677485994789514e-01 4.460849571447562112e-01 -2.403810776851299236e-02 3.085673617653624135e+01 2.464668406942145326e-02 4.438561174440193782e-03 9.996863708879251131e-01 -9.038357539198133006e-01 -1.642131840578582597e-17 1.244883978300873038e-17 -9.011382365407350712e-20 1.000000000000002665e+00
4.230515629271409117e-01 -9.060775763327763022e-01 -7.127466017248754344e-03 -6.227727578581480117e+01 9.057675734936738721e-01 4.230954978005733169e-01 -2.398546535417325071e-02 3.141777279782202115e+01 2.474829109794643087e-02 3.691261006014977513e-03 9.996868993239338419e-01 -9.002119958760108620e-01 -2.301265605998616725e-17 1.500156935782098656e-17 -5.174083265754614442e-20 1.000000000000003109e+00
4.033228316325740970e-01 -9.150369576186142551e-01 -6.169252463102406318e-03 -6.204685768620431929e+01 9.148977540955127719e-01 4.033692161204566196e-01 -1.598045798286210767e-02 3.198961140084236021e+01 1.711119618407972234e-02 8.010483414916996694e-04 9.998532718787719320e-01 -8.897673938884160805e-01 -3.090195932736254395e-17 1.843550889063143402e-17 3.774850663469786307e-20 1.000000000000003553e+00
3.859014457264323128e-01 -9.225358348489558491e-01 -2.776257515002901726e-03 -6.181293138498822515e+01 9.225167935065879954e-01 3.859113366490499186e-01 -5.933459703369227747e-03 3.256762053892340703e+01 6.545218449485578315e-03 -2.714135030006276659e-04 9.999785429948672144e-01 -8.736887779220747774e-01 -3.970668584821456050e-17 2.274820180363739002e-17 7.984572624962539258e-20 1.000000000000003997e+00
3.696176123404399383e-01 -9.291836487383949850e-01 7.533690687543478535e-04 -6.159371541240584236e+01 9.291834078277368958e-01 3.696181527455993931e-01 7.847155836890812915e-04 3.315872300092623703e+01 -1.007603772804454472e-03 4.099733382461211075e-04 9.999994083280624446e-01 -8.693159027915141612e-01 -4.789787487935191497e-17 2.507322853107947332e-17 2.813624011817302308e-20 1.000000000000004441e+00
3.555300450622793096e-01 -9.346637389466725399e-01 1.442967857247462980e-03 -6.137985056728974342e+01 9.346593515739102243e-01 3.555328256458410996e-01 2.882083222762873813e-03 3.375429545916512097e+01 -3.206801120548216817e-03 3.240162237329619489e-04 9.999948057065265461e-01 -8.672402819231177507e-01 -5.605563866294920068e-17 2.630420425201509170e-17 -8.162351316582561814e-20 1.000000000000004663e+00
3.426772902644996122e-01 -9.394531772251246693e-01 -5.038445493815277336e-05 -6.117928028826750619e+01 9.394518214267530976e-01 3.426767035727218413e-01 1.718152050662845147e-03 3.436130482237521022e+01 -1.596857824023590168e-03 -6.361054569488994908e-04 9.999985227063628024e-01 -8.706215829770445058e-01 -6.467694415067601810e-17 2.662236192725308490e-17 -2.109819597897587636e-19 1.000000000000005107e+00
3.304035289521036201e-01 -9.438282867635113815e-01 -4.655444237051224038e-03 -6.097461664710041873e+01 9.438397674899339229e-01 3.303993167083800198e-01 1.668778943194718176e-03 3.497428760400382686e+01 -3.688517604913471245e-05 -4.945363858135768537e-03 9.999877709331058684e-01 -8.722893297863572037e-01 -7.393597360101396394e-17 2.769627890087584835e-17 -3.244925405400875914e-19 1.000000000000005551e+00
3.201319868144236747e-01 -9.473428763530081786e-01 -7.548883457179116768e-03 -6.078508902196844588e+01 9.473729191152472362e-01 3.201239259207232513e-01 2.285646546185999325e-03 3.559816783316101407e+01 2.512872352373819230e-04 -7.883316326877491675e-03 9.999688946054171579e-01 -8.744877889748577937e-01 -8.325296898480159357e-17 3.197668468742667593e-17 -4.035650493065038004e-19 1.000000000000006217e+00
3.117355798053304539e-01 -9.501210413579053160e-01 -9.535987227018691281e-03 -6.058474593759731874e+01 9.501687359472117400e-01 3.117256276918690672e-01 2.550738826570413988e-03 3.623404966243904113e+01 5.491009738679692971e-04 -9.855952976541208430e-03 9.999512781525943250e-01 -8.771320188271839458e-01 -9.303264027941694655e-17 3.872333901888465723e-17 -4.541509278697492254e-19 1.000000000000006883e+00
3.058273672316144665e-01 -9.520207963566394982e-01 -1.122607485441720621e-02 -6.038756834744753377e+01 9.520857308980783529e-01 3.058248209476253088e-01 1.984921307256360280e-03 3.687113191274071511e+01 1.543525968654043713e-03 -1.129522894044808316e-02 9.999350155538744289e-01 -8.770323372212738278e-01 -1.027580389934694943e-16 4.633367452205838088e-17 -4.991898929917820106e-19 1.000000000000007772e+00
3.012082321896822346e-01 -9.534726013496463981e-01 -1.279059563469995761e-02 -6.019233319259327430e+01 9.535565965583420178e-01 3.012065743277663743e-01 2.101604570991664513e-03 3.752091338397725195e+01 1.848789117424330013e-03 -1.282957743897269846e-02 9.999159884317756486e-01 -8.780880090330852594e-01 -1.116940440259574317e-16 5.325518041418023911e-17 -4.978497586915960178e-19 1.000000000000008438e+00
2.979330238681074383e-01 -9.544996522101066860e-01 -1.289679105724617428e-02 -5.998920063658543711e+01 9.545842047623873672e-01 2.979363882986870715e-01 1.704272766488431267e-03 3.817986355717142999e+01 2.215695585350425847e-03 -1.281883217418845929e-02 9.999153805371324699e-01 -8.834323108539499092e-01 -1.198325923861295734e-16 6.108609174519482268e-17 -4.792710069697552189e-19 1.000000000000009104e+00
2.958956542674203161e-01 -9.551453357137107414e-01 -1.196450792879722412e-02 -5.978647647474170412e+01 9.552123555428989610e-01 2.959209749025645819e-01 -3.639105225745620231e-04 3.883351089517221055e+01 3.888136288769036397e-03 -1.132096625941081923e-02 9.999283564931567003e-01 -8.864113396033506120e-01 -1.284548827709086697e-16 7.063693116949578109e-17 -4.154534956193079133e-19 1.000000000000009770e+00
2.950389162507499052e-01 -9.554188638623988261e-01 -1.126199242776202737e-02 -5.958083621930812512e+01 9.554729618837248806e-01 2.950743765102412097e-01 -1.591048773118790196e-03 3.950748199269578009e+01 4.843243405042971066e-03 -1.029110795594774704e-02 9.999353159531412238e-01 -8.860144534249007053e-01 -1.359416532245178544e-16 7.759594743473027355e-17 -3.971101362861963848e-19 1.000000000000010214e+00
2.948256229488100399e-01 -9.554878598334652917e-01 -1.099098556475780475e-02 -5.937532290638900179e+01 9.555412459818990456e-01 2.948552513699723709e-01 -1.143663792971984575e-03 4.018897154435087771e+01 4.333506681410986654e-03 -1.016515865091602473e-02 9.999389432707331826e-01 -8.849199838380601424e-01 -1.440077777767979085e-16 8.528153828135919210e-17 -4.106677108586238430e-19 1.000000000000010658e+00
2.932818277486574088e-01 -9.559452046246244006e-01 -1.243122148316388141e-02 -5.916866814869495528e+01 9.560215740720027222e-01 2.932953651198860201e-01 7.607286246616550961e-04 4.086992907815439224e+01 2.918804763019021767e-03 -1.210762381143909612e-02 9.999224400043937866e-01 -8.852546208247705772e-01 -1.522612773372876760e-16 9.448513983915044341e-17 -4.196850621648188000e-19 1.000000000000010880e+00
2.932850856965354414e-01 -9.559632983580884646e-01 -1.086419349372563792e-02 -5.896016009549278181e+01 9.560247312309206880e-01 2.932570678863180014e-01 4.123761574024545004e-03 4.156657286448074728e+01 -7.561631870333803372e-04 -1.159587543151540528e-02 9.999324796655788550e-01 -8.857794453795448941e-01 -1.606997702508973294e-16 1.058558243248787445e-16 -3.744730699470794696e-19 1.000000000000011324e+00
2.925577369432093011e-01 -9.562231927768443107e-01 -6.868489666034802155e-03 -5.874429083059395396e+01 9.562440433987865473e-01 2.925287275950228527e-01 4.926763230328895515e-03 4.227668072797358434e+01 -2.701854723662412607e-03 -8.009315031417735958e-03 9.999642747887141914e-01 -8.896851786185557831e-01 -1.685158412092568472e-16 1.146475971055721240e-16 -3.597567276617347275e-19 1.000000000000011546e+00
2.920038793784723863e-01 -9.564146785648528493e-01 -2.167268690111039901e-03 -5.852368511995067735e+01 9.564165142495421046e-01 2.920003605096622157e-01 1.800203580603179686e-03 4.297905903254428495e+01 -1.088897890066871463e-03 -2.598477995250955946e-03 9.999960310988387224e-01 -8.957475821964331342e-01 -1.775364680546271647e-16 1.234178965972238583e-16 -3.497073593403453941e-19 1.000000000000011546e+00
2.916904060414462485e-01 -9.565127785736010635e-01 -1.069988074322561955e-04 -5.830497128231041870e+01 9.565090670575359111e-01 2.916895824341567689e-01 -2.755383105252972274e-03 4.368771579792210247e+01 2.666769587494234942e-03 7.013734872922301484e-04 9.999961982003392480e-01 -8.972363870613893067e-01 -1.848120757606066297e-16 1.300194589566922949e-16 -3.914073811548769056e-19 1.000000000000011102e+00
2.914923418413314371e-01 -9.565655008928577452e-01 -3.828465672773283777e-03 -5.808393636374009361e+01 9.565527648262602822e-01 2.915099281834610534e-01 -5.363755555139093113e-03 4.441648015828366169e+01 6.246819272584093995e-03 -2.098635756507297081e-03 9.999782862526906957e-01 -8.983817865550501880e-01 -1.921610478929723757e-16 1.387158008779089104e-16 -4.312785327787957776e-19 1.000000000000010658e+00
2.912477685744913614e-01 -9.565946541989822638e-01 -1.006999792752075878e-02 -5.786616483552605672e+01 9.565999331342298628e-01 2.913222455323676297e-01 -6.922224029013913926e-03 4.515441310262328756e+01 9.555376910066127466e-03 -7.616877042110867073e-03 9.999253361907379789e-01 -9.003060886164528931e-01 -1.995427322279548435e-16 1.462744557143789708e-16 -4.233272046967854462e-19 1.000000000000009770e+00
2.904294864481890004e-01 -9.568531854355897259e-01 -9.093674898195262465e-03 -5.763439155346907228e+01 9.568467028365377214e-01 2.904981398998413566e-01 -7.430880534525802043e-03 4.589338172501877011e+01 9.751957352823532876e-03 -6.543106025510998618e-03 9.999310411679661614e-01 -9.004013950346098083e-01 -2.059726789061885014e-16 1.550520025494022016e-16 -3.484989779668028407e-19 1.000000000000008882e+00
2.900504983165900774e-01 -9.570011648428102813e-01 -4.413492465930189158e-03 -5.740066199463669250e+01 9.569749228745605407e-01 2.900766090621085258e-01 -7.386329548254926339e-03 4.663189971153718716e+01 8.348976910222287440e-03 -2.081193045994530512e-03 9.999629809247839729e-01 -9.014846976614048213e-01 -2.121971303643807940e-16 1.619919425569283846e-16 -3.023218847985244863e-19 1.000000000000007550e+00
2.903444090474331940e-01 -9.569108607203362649e-01 -4.661412908443696330e-03 -5.716916009165009882e+01 9.569103509369298877e-01 2.903616207620937639e-01 -3.565032693917192467e-03 4.739236187642860898e+01 4.764913910760100110e-03 -3.425466951336183282e-03 9.999827807375020194e-01 -8.956544182248338259e-01 -2.205337383465290273e-16 1.736414054202413561e-16 -2.726377761285080081e-19 1.000000000000006661e+00
2.913782875603699862e-01 -9.565860615667621802e-01 -6.465319366755557969e-03 -5.693950152757968652e+01 9.566078921210687813e-01 2.913703192504955575e-01 2.162820261941248400e-03 4.816190329815470506e+01 -1.851215483093879429e-04 -6.814974395552642408e-03 9.999767606569242018e-01 -8.950764988251251886e-01 -2.286084755962806407e-16 1.867075617063011842e-16 -2.518491093378012013e-19 1.000000000000005773e+00
2.912396878866303496e-01 -9.566112085004310206e-01 -8.627860162037462657e-03 -5.670048124347157881e+01 9.566386679611413868e-01 2.911802365198680742e-01 7.518565135719159492e-03 4.894424728232284849e+01 -4.680081318038108000e-03 -1.044344921625469172e-02 9.999345134593743412e-01 -9.022965183579340076e-01 -2.367842072230746742e-16 1.979079896369325737e-16 -2.422737888807796540e-19 1.000000000000004885e+00
2.909862593388500840e-01 -9.567190686047254422e-01 -3.952296043851171066e-03 -5.645728955189063925e+01 9.566963431720797439e-01 2.909411860060471811e-01 9.237599606852626294e-03 4.972568116044891440e+01 -7.687901993577763056e-03 -6.469161727159833397e-03 9.999495217806715353e-01 -9.163551241379465084e-01 -2.447388609777881293e-16 2.109328140877390072e-16 -2.054069343892242691e-19 1.000000000000003997e+00
2.903906295874492671e-01 -9.569058803305385830e-01 2.102007746225348361e-03 -5.621158280005134600e+01 9.568741031435124000e-01 2.903981257837022212e-01 7.802517192652618817e-03 5.050783008382095574e+01 -8.076693692927693763e-03 -2.544211029766877872e-04 9.999673506114082899e-01 -9.270659143857782336e-01 -2.531360341474646893e-16 2.229342589062754930e-16 -2.635557385778736246e-19 1.000000000000003109e+00
2.896500377625797484e-01 -9.571321828970976719e-01 9.165624325218877690e-04 -5.597113333943134705e+01 9.571136873655124999e-01 2.896501983914029910e-01 6.012655764355426605e-03 5.130176620310781743e+01 -6.020388827176488544e-03 -8.643115197125670213e-04 9.999815037708801313e-01 -9.289254376224675980e-01 -2.617524858892224615e-16 2.376162749109722484e-16 -4.039573489831040105e-19 1.000000000000002442e+00
2.903385942350873994e-01 -9.568983209478739704e-01 -7.007429246802298999e-03 -5.573975715532424147e+01 9.569185481998088161e-01 2.903044918815628206e-01 5.494916239868737583e-03 5.210608159841822840e+01 -3.223787936803553227e-03 -8.300925277991514153e-03 9.999603501293290453e-01 -9.393100168790350368e-01 -2.707086607193707492e-16 2.504189201737285512e-16 -5.211253235703477143e-19 1.000000000000001776e+00
2.894927391061938304e-01 -9.571361382244738536e-01 -9.185146130883914753e-03 -5.549088028994613353e+01 9.571794754762190660e-01 2.894910742686878646e-01 1.539365373590896287e-03 5.290995901667086088e+01 1.185635591735944086e-03 -9.237468454223272257e-03 9.999566307819063304e-01 -9.481042852786053521e-01 -2.793715428219172834e-16 2.635858336133723681e-16 -5.168978686848877466e-19 1.000000000000001110e+00
2.885023120394096252e-01 -9.574432255411127191e-01 -8.299747782447939454e-03 -5.524154627432240972e+01 9.574641835374799737e-01 2.885354942175206716e-01 -3.099325648664427290e-03 5.371484441460663106e+01 5.362200174335596432e-03 -7.052548618690737160e-03 9.999607534134381526e-01 -9.514432631470159940e-01 -2.887307478783663588e-16 2.802755321848366147e-16 -4.579580886787389962e-19 1.000000000000000444e+00
2.887580093696679451e-01 -9.573488249575102804e-01 -1.010145421429689723e-02 -5.499831497658345114e+01 9.573773219376818799e-01 2.888103916291150930e-01 -4.149834500758037281e-03 5.452385764515257449e+01 6.890244130709727126e-03 -8.472605233712099393e-03 9.999403679701458492e-01 -9.485194984293452425e-01 -2.976241806365919946e-16 2.978481179211253005e-16 -4.051864132059641016e-19 9.999999999999998890e-01
2.888995945493527673e-01 -9.572290697851197905e-01 -1.579658910749631023e-02 -5.475875682795686572e+01 9.573457854088548435e-01 2.889441588401828742e-01 -5.658904059724305770e-04 5.535065252338222308e+01 5.106018899104193369e-03 -1.495931249705737334e-02 9.998750659660006201e-01 -9.477546977139211792e-01 -3.077537466572360192e-16 3.163762750651039566e-16 -2.930723437327358438e-19 9.999999999999994449e-01
2.891221683582456681e-01 -9.572082580063976387e-01 -1.267764047746807593e-02 -5.450914859160592130e+01 9.572921889813748031e-01 2.890941584231273009e-01 4.028955295928479501e-03 5.617652317507771187e+01 -1.915174757917460790e-04 -1.330106649517671588e-02 9.999115185610392142e-01 -9.473488466506060357e-01 -3.167697122449503441e-16 3.387152006076891732e-16 -3.976354274015761769e-20 9.999999999999991118e-01
2.881748328531263392e-01 -9.575556290833378004e-01 -6.517892356626545092e-03 -5.425848933051149459e+01 9.575618922688137191e-01 2.881241177425695188e-01 7.727564269237082416e-03 5.700778599621775555e+01 -5.521610680332363075e-03 -8.468174880269869337e-03 9.999488996091686621e-01 -9.534630700212798349e-01 -3.263784977232040661e-16 3.625175532081461550e-16 1.087161890212817505e-19 9.999999999999986677e-01
2.876746868248107880e-01 -9.576823521948506501e-01 -9.369463947635279025e-03 -5.400802684722025049e+01 9.576957304807041105e-01 2.875706357983973671e-01 1.104614165364274127e-02 5.785508714185142054e+01 -7.884312217042381554e-03 -1.215079096038241928e-02 9.998950924471005086e-01 -9.634019340295102429e-01 -3.358082713714314727e-16 3.875612746857997067e-16 1.079588153957324531e-19 9.999999999999982236e-01
2.884191835864710618e-01 -9.574471151740077124e-01 -1.045926307914720604e-02 -5.376158719220946836e+01 9.574760715774253139e-01 2.883096984672798846e-01 1.082081911222029791e-02 5.867929500528962450e+01 -7.344855058292559108e-03 -1.313542593870503823e-02 9.998867504320051447e-01 -9.758441827901732646e-01 -3.450982053431862006e-16 4.135139464440791272e-16 1.947196906270128806e-19 9.999999999999977796e-01
2.864522307314030791e-01 -9.580748735862220089e-01 -6.136457578809739397e-03 -5.350094181621824418e+01 9.580907760009959029e-01 2.864273159199633989e-01 4.632238830469806966e-03 5.950978095528812872e+01 -2.680382558384388891e-03 -7.206198549851887576e-03 9.999704426890293485e-01 -9.752283878012562024e-01 -3.542825715439323744e-16 4.379591966298932428e-16 2.922093987399063384e-19 9.999999999999972244e-01
2.861239283850440240e-01 -9.581768097815231977e-01 -5.504434782584886540e-03 -5.325141608733591880e+01 9.581901351517446708e-01 2.861315486872461622e-01 -6.338324720194401076e-04 6.034881405513345243e+01 2.182316024948472658e-03 -5.092940471430364158e-03 9.999846496091897574e-01 -9.794511226553386241e-01 -3.620216073838515422e-16 4.621281894542283654e-16 2.921145011643437884e-19 9.999999999999965583e-01
2.860950815207891629e-01 -9.581705540404772403e-01 -7.667704952197494477e-03 -5.300335494278497350e+01 9.581941723274935985e-01 2.861145343704274424e-01 -1.549625600595580651e-03 6.120024258634622782e+01 3.678647452349353454e-03 -6.903809937796473624e-03 9.999694020124597627e-01 -9.863615503309448584e-01 -3.686744968027416350e-16 4.840496796014650104e-16 2.892784539590118502e-19 9.999999999999957812e-01
2.854263235788822017e-01 -9.583800976168571628e-01 -6.277125137865963156e-03 -5.274973557775138033e+01 9.584005503301216145e-01 2.854232186830391593e-01 1.404052494969469742e-03 6.204193994447604155e+01 4.460212937210911817e-04 -6.416753728375764083e-03 9.999793129542668968e-01 -9.887830818700706903e-01 -3.754583116898623321e-16 5.071696068496807079e-16 3.606299440400659277e-19 9.999999999999951150e-01
2.846141417569816312e-01 -9.586402823095325765e-01 -1.897220408827825352e-03 -5.249552843405638924e+01 9.586347446366122460e-01 2.846035988900774139e-01 4.496429047955111807e-03 6.289224190594864439e+01 -3.770502255693269737e-03 -3.098488696593758307e-03 9.999880912693056567e-01 -9.916989745165564196e-01 -3.825090993416577010e-16 5.263548787622703102e-16 3.935391776550128203e-19 9.999999999999944489e-01
2.839236173431468613e-01 -9.588467721390209197e-01 4.970645835795534659e-04 -5.224596562213596229e+01 9.588245402557992181e-01 2.839204983074070654e-01 6.682188563234255606e-03 6.374425378432977851e+01 -6.548321758959423262e-03 -1.420633427816904220e-03 9.999775503893555406e-01 -9.935743514925485798e-01 -3.906983572978123548e-16 5.450100248805304184e-16 3.214917447439024744e-19 9.999999999999936717e-01
2.835325196137783998e-01 -9.589506270310106384e-01 -4.796377604627642330e-03 -5.200019594671742595e+01 9.589558438424704567e-01 2.835081638124914982e-01 5.177896475033067110e-03 6.459780935901930832e+01 -3.605534863812998644e-03 -6.067616367100526695e-03 9.999750917647188819e-01 -9.966025792286127283e-01 -3.982211239649460437e-16 5.635151915068631807e-16 1.860051100396533950e-19 9.999999999999926725e-01
2.838212110362206553e-01 -9.588692434249808105e-01 -3.910777335082014049e-03 -5.174538226128537843e+01 9.588767449449118185e-01 2.838227637077521126e-01 1.637223290989889073e-04 6.544046763591673255e+01 9.529793256361745579e-04 -3.796421310987964891e-03 9.999923394784206998e-01 -1.002853271225859322e+00 -4.062224129682591377e-16 5.802678948298252931e-16 1.455908836109867311e-19 9.999999999999914513e-01
2.833064877997959474e-01 -9.590259107066324562e-01 -2.595489102079854421e-03 -5.149307577092607602e+01 9.590202376290041242e-01 2.833145817527377153e-01 -3.609928549362347808e-03 6.629809375534956928e+01 4.197354924020280792e-03 -1.466410396913216943e-03 9.999901158771919985e-01 -1.010721370413794729e+00 -4.149872633569437570e-16 6.008817601548366249e-16 1.094718032402847940e-19 9.999999999999902300e-01
2.838427502685113013e-01 -9.588603590830040435e-01 -4.483848685454715904e-03 -5.124866478734450936e+01 9.588692343869004153e-01 2.838477356742047375e-01 -5.042804304642409296e-04 6.715589973196418327e+01 1.756264811087604200e-03 -4.156288211840269455e-03 9.999898203492388893e-01 -1.014526155121711515e+00 -4.241505081265506113e-16 6.214209748922610953e-16 5.553321066742883148e-20 9.999999999999891198e-01
2.840242935446540273e-01 -9.588054700095172134e-01 -4.719253764796945035e-03 -5.099930444502918192e+01 9.588083749300604364e-01 2.839972950396692508e-01 5.660086038910734814e-03 6.801867437944680717e+01 -4.086666151042658499e-03 -6.132461971712404626e-03 9.999728456662335674e-01 -1.005758330645274867e+00 -4.342455350849513178e-16 6.432349105904180192e-16 4.142451986200566054e-20 9.999999999999883427e-01
2.832665000603962202e-01 -9.590351065720399415e-01 -3.428455292281354025e-03 -5.073980928224091969e+01 9.590062491720996452e-01 2.832238215819608551e-01 9.554105777330955049e-03 6.887702489708928510e+01 -8.191702642379363603e-03 -5.994268155057631310e-03 9.999484810513956656e-01 -1.001237747612806706e+00 -4.443825848905271718e-16 6.617750945508599461e-16 -3.474312636775210910e-21 9.999999999999875655e-01
2.834386293049954708e-01 -9.589814376882296321e-01 -4.140722994494939850e-03 -5.049346940048319254e+01 9.589473738692038118e-01 2.833823874145479094e-01 1.069376698910183381e-02 6.972213649486444353e+01 -9.081716073728964000e-03 -7.001762098990031366e-03 9.999342467185303729e-01 -1.008510798851516954e+00 -4.535381830362028598e-16 6.783642689362353309e-16 -9.253166232044123439e-20 9.999999999999866773e-01
2.838076301055344475e-01 -9.588690447647204573e-01 -4.835709426993911250e-03 -5.023748499235168197e+01 9.588256321236274804e-01 2.837332527172076735e-01 1.220034774354925022e-02 7.058719914068717571e+01 -1.032648422175813478e-02 -8.099153927664982586e-03 9.999138800062551402e-01 -1.024001379087765562e+00 -4.633917055355249415e-16 6.992733180272771094e-16 -1.746886834539553913e-19 9.999999999999859002e-01
2.838791318318443224e-01 -9.588316217288719301e-01 -7.386452664461623692e-03 -4.999219443486155257e+01 9.588099161591423503e-01 2.837770692575118381e-01 1.241449307606492906e-02 7.144419082325946135e+01 -9.807302639755344567e-03 -1.060641957649286447e-02 9.998956548953447099e-01 -1.035958728616219071e+00 -4.723858034705198308e-16 7.218458535058679047e-16 -2.549059005957895737e-19 9.999999999999850120e-01
2.838141255008692632e-01 -9.588317465876158296e-01 -9.551120442024963256e-03 -4.974882629884064755e+01 9.588609752389787300e-01 2.837330109177651494e-01 9.011585826666786148e-03 7.229225161530226273e+01 -5.930626417073841215e-03 -1.171581201243736270e-02 9.999137799925962300e-01 -1.044619397791644255e+00 -4.813410733338739515e-16 7.463653643255856382e-16 -2.741127328569279652e-19 9.999999999999842348e-01
2.839537760508520914e-01 -9.587878064912945808e-01 -9.807914653401118843e-03 -4.949107985932396048e+01 9.588351098996710231e-01 2.839630583094837624e-01 4.621028306005415674e-04 7.313086117074281844e+01 2.342026881272943166e-03 -9.535388768253478739e-03 9.999517944736227015e-01 -1.043189677075774036e+00 -4.888318382008787178e-16 7.684971695645814004e-16 -2.645464752583189526e-19 9.999999999999834577e-01
2.834700707136987297e-01 -9.589339862619631338e-01 -9.504157042137183556e-03 -4.923697058292831485e+01 9.589386956453109789e-01 2.835368015589204149e-01 -6.592431692484251524e-03 7.397795389070219585e+01 9.016485091254904105e-03 -7.245146879150994243e-03 9.999331031840044126e-01 -1.040828370672690406e+00 -4.957124334296818248e-16 7.879482643338598500e-16 -2.909420128320584792e-19 9.999999999999824585e-01
2.836076615225540110e-01 -9.588900596930201026e-01 -9.825871329830045131e-03 -4.898648701953342055e+01 9.589024047142988838e-01 2.836727514166126896e-01 -5.995693177108658324e-03 7.483150962515117044e+01 8.536542543676899769e-03 -7.721627125419972155e-03 9.999337497633689065e-01 -1.036335490784921376e+00 -5.024479458262841559e-16 8.048506651623861610e-16 -3.253159635843784290e-19 9.999999999999814593e-01
2.839687060121137141e-01 -9.587961263937894163e-01 -8.471246533514290022e-03 -4.873661688612038745e+01 9.588305057165544820e-01 2.839789802058036994e-01 -1.041230687575289358e-05 7.569738891607501330e+01 2.415639231137624906e-03 -8.119532828468127919e-03 9.999641182930766314e-01 -1.029632903861169124e+00 -5.101981872853799565e-16 8.206068002370221543e-16 -3.562536838636841355e-19 9.999999999999804601e-01
2.836033578035323521e-01 -9.589106233235388244e-01 -7.716989022978757405e-03 -4.848488797763987890e+01 9.589307463599477943e-01 2.835525232194160417e-01 7.056221457693248426e-03 7.655620872295483537e+01 -4.578114007205286162e-03 -9.401226142262764443e-03 9.999453274149835424e-01 -1.026150200472308427e+00 -5.177817183263634422e-16 8.351659148306428704e-16 -4.402647707577250847e-19 9.999999999999792388e-01
2.835762487847759972e-01 -9.589183322206514815e-01 -7.755208319099923982e-03 -4.823558305546557534e+01 9.589087070517859912e-01 2.834800871230818142e-01 1.153827304072919425e-02 7.740954712041865093e+01 -8.865814410989120847e-03 -1.070851696852878100e-02 9.999033578296785407e-01 -1.031407605190561183e+00 -5.258515383775004470e-16 8.523611616525626203e-16 -5.646963337627872969e-19 9.999999999999777955e-01
2.833050769122870682e-01 -9.590003281035820448e-01 -7.523569146025950796e-03 -4.798792020746142839e+01 9.589876419757212833e-01 2.832103018425637386e-01 1.160290773412660757e-02 7.826459700148761556e+01 -8.996440035226739573e-03 -1.050217250261014160e-02 9.999043796480351354e-01 -1.039489624395014022e+00 -5.340686651800358697e-16 8.682888379533451159e-16 -7.164622979469429381e-19 9.999999999999762412e-01
2.839524137295843520e-01 -9.587795647513833730e-01 -1.061946100500491680e-02 -4.773632216437831488e+01 9.588197323138563100e-01 2.838604163901493060e-01 9.380028368290787080e-03 7.911912417821608301e+01 -5.978934893609615976e-03 -1.284563045416237462e-02 9.998996160193673877e-01 -1.052665668191351545e+00 -5.415730727807293482e-16 8.849143575577445400e-16 -8.548378420490383495e-19 9.999999999999746869e-01
2.842697028716208441e-01 -9.586524136471746838e-01 -1.327726769588934499e-02 -4.748819026263522147e+01 9.587379708434606851e-01 2.841900163052238359e-01 7.585373767447568458e-03 7.996976322919300628e+01 -3.498469947620291842e-03 -1.488571263614224365e-02 9.998830812986315708e-01 -1.065358593576698709e+00 -5.501380274037025283e-16 9.015924870229393938e-16 -9.299523706539474556e-19 9.999999999999730216e-01
2.834876194224602020e-01 -9.588802150104889233e-01 -1.354632405346717361e-02 -4.723167974767832789e+01 9.589717517680760306e-01 2.834165796608094090e-01 6.944183467080934299e-03 8.082951421313831020e+01 -2.819387305800889407e-03 -1.495913214748375263e-02 9.998841309974474401e-01 -1.070938475437478443e+00 -5.579721662168091479e-16 9.165618981845690575e-16 -9.170277275472644471e-19 9.999999999999714673e-01
2.825317627622391248e-01 -9.591689371572449385e-01 -1.306725001037030084e-02 -4.698493172419259167e+01 9.592480257993073467e-01 2.824406809354182979e-01 8.395638906880333388e-03 8.168311335132388251e+01 -4.362113056211119021e-03 -1.490676843494601403e-02 9.998793728367533218e-01 -1.075264918993957597e+00 -5.661355431226225498e-16 9.307243369594149931e-16 -9.300287841940975769e-19 9.999999999999699130e-01
2.824136179273518121e-01 -9.591839273350648565e-01 -1.444790472662399287e-02 -4.673903700516781612e+01 9.592621014424184134e-01 2.822522100610171392e-01 1.224380054273500017e-02 8.253007851920430937e+01 -7.666103650272967050e-03 -1.731714345795164894e-02 9.998206576167492088e-01 -1.076082826460095010e+00 -5.741460317515532236e-16 9.450893256078641298e-16 -9.520272833550008295e-19 9.999999999999682476e-01
2.822227527677542147e-01 -9.592426860300959923e-01 -1.427540253996243888e-02 -4.648538290161195619e+01 9.593045318556416845e-01 2.820353392685627236e-01 1.381602564691569029e-02 8.337889558898234554e+01 -9.226753553280814257e-03 -1.759365514102725903e-02 9.998026456844150145e-01 -1.077629574877583929e+00 -5.831313828984878787e-16 9.624890326664245685e-16 -9.742476470079256476e-19 9.999999999999665823e-01
2.811564840693572820e-01 -9.595748211702449515e-01 -1.293035349729662262e-02 -4.623188075185271373e+01 9.596222288113190890e-01 2.809967611687472222e-01 1.288402823845625524e-02 8.423088557306682844e+01 -8.729801639388109005e-03 -1.603068272256343713e-02 9.998333900079037218e-01 -1.086364154982044417e+00 -5.922320282957424259e-16 9.809929747087959888e-16 -9.778800694227792785e-19 9.999999999999650280e-01
2.805708346915749551e-01 -9.597183151830163128e-01 -1.485806927081929386e-02 -4.599210503207050493e+01 9.598058708050056786e-01 2.804121182819633296e-01 1.190522106658688933e-02 8.508400009254198437e+01 -7.259276026122565319e-03 -1.760111992679398718e-02 9.998187353159637691e-01 -1.099699186988940758e+00 -6.011415533040432814e-16 9.994528597280851459e-16 -9.549216383545209704e-19 9.999999999999633626e-01
2.799768479242122354e-01 -9.598916603669318537e-01 -1.486489098997046190e-02 -4.574107540128813554e+01 9.599822117875317362e-01 2.798254116063398356e-01 1.148442730992936707e-02 8.593715816159298981e+01 -6.864231759167009790e-03 -1.748540468897479341e-02 9.998235559063092248e-01 -1.110427436052736194e+00 -6.092775383525096167e-16 1.019235110755255692e-15 -8.286602896605479645e-19 9.999999999999620304e-01
2.782825445410840315e-01 -9.604480395747989618e-01 -9.919106833117401906e-03 -4.549575361824224018e+01 9.604830303773566058e-01 2.782029729585899780e-01 8.686437354084197704e-03 8.678377459253547954e+01 -5.583346717579209910e-03 -1.194441767959360072e-02 9.999130747848269385e-01 -1.110762691980317518e+00 -6.190588438318526576e-16 1.041937091317191087e-15 -7.069393914528030404e-19 9.999999999999610312e-01
2.767579098302082596e-01 -9.608253277947432780e-01 -1.482392708550672213e-02 -4.524951941234913733e+01 9.609388682859861808e-01 2.767047531228910007e-01 5.565160933966713415e-03 8.763613748805190085e+01 -1.245296494129980759e-03 -1.578509002504636591e-02 9.998746322261929942e-01 -1.115215791206105145e+00 -6.304438544083678708e-16 1.065463680158325064e-15 -6.952202946312902201e-19 9.999999999999599209e-01
2.762792625135144786e-01 -9.608167970038814509e-01 -2.237971626014146481e-02 -4.501906151407925449e+01 9.610690061966923325e-01 2.762992578509970154e-01 2.255091763647198294e-03 8.848558610869417862e+01 4.016768948266500466e-03 -2.213148675445026498e-02 9.997469994259434722e-01 -1.126665170896251178e+00 -6.416529404392825661e-16 1.090160884193373343e-15 -5.471710155603377528e-19 9.999999999999585887e-01
2.749005961715837998e-01 -9.611872342843500450e-01 -2.342568831430804840e-02 -4.478547372197660792e+01 9.614585674509340540e-01 2.749468462560181181e-01 1.286393733598367858e-03 8.933419676210364457e+01 5.204353888367682472e-03 -2.287645913249509652e-02 9.997247532786661672e-01 -1.129467896116809200e+00 -6.527439497126724146e-16 1.114211296363806969e-15 -1.655940755881098379e-19 9.999999999999572564e-01
2.737286830281888128e-01 -9.615647888201344085e-01 -2.158158911267866673e-02 -4.455100606430684707e+01 9.618036633793054513e-01 2.737174848142649441e-01 3.528684863950639575e-03 9.018643737635393620e+01 2.514199174169872049e-03 -2.172315373074242689e-02 9.997608631039885951e-01 -1.115242955754127241e+00 -6.643684842584432007e-16 1.138574406633034248e-15 2.166271630344623890e-19 9.999999999999557021e-01
2.732093473033940789e-01 -9.617717174490809651e-01 -1.875676040200581832e-02 -4.431046933133371368e+01 9.619532450928206524e-01 2.731242944549635565e-01 7.005286121072356459e-03 9.104070681590881975e+01 -1.614559112857572466e-03 -1.995703618493994622e-02 9.997995348596220300e-01 -1.105281387929343717e+00 -6.727295503734339039e-16 1.160760305904751767e-15 4.995094064564187652e-19 9.999999999999542588e-01
2.721277232978875915e-01 -9.620640649799451216e-01 -1.947401054346634477e-02 -4.407938765651104518e+01 9.622533913814398376e-01 2.719885814565921045e-01 9.519576246608823719e-03 9.190118527092060674e+01 -3.861733717741945744e-03 -2.132947329998858763e-02 9.997650426882174202e-01 -1.109532637285831846e+00 -6.831668604360737188e-16 1.182384793534815135e-15 6.712835416799173726e-19 9.999999999999528155e-01
2.712012511674883330e-01 -9.623650154410396951e-01 -1.742005797997231778e-02 -4.384826635009731177e+01 9.625113427760891849e-01 2.710658569049526623e-01 9.757881302747293747e-03 9.275064551919624023e+01 -4.668660646946206499e-03 -1.941335301557887277e-02 9.998006427945491659e-01 -1.120768744417166340e+00 -6.939859246303241073e-16 1.206404111661913079e-15 9.347686329634529361e-19 9.999999999999512612e-01
2.698468083735638401e-01 -9.628025366355423831e-01 -1.392750725833015110e-02 -4.361935931075383621e+01 9.628850097757933879e-01 2.697243963124268951e-01 1.006021782720712895e-02 9.359585173927089841e+01 -5.929414755782027278e-03 -1.612530563479344994e-02 9.998523973861233038e-01 -1.132485900540360468e+00 -7.077339657256554374e-16 1.234204557046382483e-15 1.271165671212163478e-18 9.999999999999497069e-01
2.691719687064853539e-01 -9.629957309404101329e-01 -1.362620463959863561e-02 -4.339664854676289707e+01 9.630590793187782106e-01 2.690185769113168646e-01 1.209194020992364338e-02 9.444933687263775823e+01 -7.978784620127485003e-03 -1.637765144659612815e-02 9.998340419934805823e-01 -1.138345770055024575e+00 -7.202578835053701701e-16 1.261168136681245290e-15 1.562593854569275791e-18 9.999999999999480416e-01
2.687204564803836182e-01 -9.630398488309488414e-01 -1.853552891862740234e-02 -4.317798508311892647e+01 9.631853715994275200e-01 2.685026445346721524e-01 1.342645949319627025e-02 9.529851813150814621e+01 -7.953376988195344846e-03 -2.146111463319529469e-02 9.997380478671038517e-01 -1.136160735928404941e+00 -7.314304041810327717e-16 1.286250174873881961e-15 1.811060472116954377e-18 9.999999999999463762e-01
2.683813313715297522e-01 -9.630335727909892229e-01 -2.319048615960199802e-02 -4.295752807588880984e+01 9.632881728621405237e-01 2.681247289283737456e-01 1.360241746035163041e-02 9.615261393065196671e+01 -6.881641870211034281e-03 -2.598975594833573960e-02 9.996385224624251276e-01 -1.140091803729349040e+00 -7.443931151086271169e-16 1.311385189519561102e-15 2.171854619593996670e-18 9.999999999999443778e-01
2.688578810800933416e-01 -9.628386311354351079e-01 -2.563611074266513440e-02 -4.273040301179287326e+01 9.631686138524976348e-01 2.686308839213716326e-01 1.198622095742831774e-02 9.700407628643880287e+01 -4.654145490064289653e-03 -2.791448721734065067e-02 9.995994799583958201e-01 -1.148364636017666696e+00 -7.577841180550084221e-16 1.340639081370608348e-15 2.766063399521070463e-18 9.999999999999423794e-01
2.703469467776183910e-01 -9.624005542600078122e-01 -2.641404035149640117e-02 -4.249906331392820391e+01 9.627537949722622113e-01 2.701228564478171390e-01 1.178018211816348609e-02 9.784715806756130974e+01 -4.202217769766381124e-03 -2.861495385706962213e-02 9.995816753930212295e-01 -1.162344916821178353e+00 -7.697348522357421480e-16 1.368345107668901561e-15 3.441783511863834401e-18 9.999999999999403810e-01
2.713625433457067526e-01 -9.621518428489057584e-01 -2.502401588555579898e-02 -4.226434000019123260e+01 9.624508849542846578e-01 2.710711154064212036e-01 1.444799096028775813e-02 9.869253832055315456e+01 -7.117873229896165728e-03 -2.800502980736859285e-02 9.995824399148465211e-01 -1.173928456768452255e+00 -7.811079437600962966e-16 1.396432989904431422e-15 4.166916868803203881e-18 9.999999999999381606e-01
