1 0 0 0 0 1 0 0 0 0 1 0
0.99987217 0.00087247911 0.015964837 -0.012171018 -0.00086483566 0.99999951 -0.00048566899 -0.0037855179 -0.015965254 0.00047179997 0.99987244 0.12101203
0.99931896 0.0035848906 0.036725616 0.011390896 -0.0035721913 0.99999354 -0.00041140675 -0.0013293509 -0.036726857 0.00027993567 0.9993253 0.25343752
0.9979564 0.005517852 0.063659798 0.044104716 -0.005590325 0.99998391 0.00096037172 -0.0013294977 -0.06365348 -0.001314288 0.9979712 0.41672619
0.99524174 0.0047566379 0.097320365 0.090681814 -0.0050937282 0.99998186 0.0032155548 0.00073340337 -0.097303313 -0.0036959778 0.99524791 0.59081782
0.99092662 0.0014894964 0.13439575 0.15426094 -0.0022071825 0.99998409 0.0051912581 -0.0020121301 -0.13438589 -0.0054407918 0.99091414 0.78317486
0.984759 -0.0015093402 0.1739179 0.2101622 0.00053583634 0.99998393 0.0056443085 -0.012476471 -0.17392364 -0.005465092 0.98474398 0.96401289
0.97612192 -0.0018984423 0.21721506 0.31209839 0.00040826056 0.99997608 0.006905068 -0.0071218605 -0.21722299 -0.0066515079 0.97609935 1.1864012
0.9642341 -0.0017331617 0.26504641 0.41545711 -0.00090904685 0.99995112 0.0098458638 0.0025206983 -0.26505054 -0.0097346571 0.96418538 1.3900212
0.94995889 -0.0057481232 0.31232204 0.54204385 0.00048779699 0.99985676 0.016918155 0.010402437 -0.31237458 -0.015919202 0.94982562 1.6295731
0.93261213 -0.015449882 0.36054945 0.66832157 0.0069913615 0.99966916 0.024752616 -0.0028493012 -0.36081262 -0.020563858 0.9324116 1.8600161
0.9116067 -0.021161353 0.41051846 0.82661845 0.0098597597 0.99951237 0.029627928 -0.0022364561 -0.41094528 -0.022961404 0.91137082 2.0695392
0.88653823 -0.022994358 0.46208354 1.0346759 0.0084799715 0.99940397 0.033463286 0.00040046382 -0.46257763 -0.025748027 0.88620482 2.3243996
0.85829285 -0.025084888 0.5125467 1.1915376 0.006265163 0.9992423 0.038413156 0.017713681 -0.51312197 -0.029758549 0.85779968 2.53113
0.82634709 -0.030122726 0.56235495 1.4319413 0.0073145281 0.99905831 0.042766621 0.020003765 -0.56311368 -0.031226712 0.82578926 2.7712584
0.79040289 -0.035900977 0.61153443 1.6605903 0.0093712706 0.99887303 0.046527942 0.021101085 -0.6125157 -0.031044965 0.78984857 2.9597535
0.75214917 -0.040567065 0.65774304 1.9343347 0.010639069 0.99872087 0.049431169 0.033597568 -0.65890703 -0.030181839 0.75161866 3.1618057
0.71253767 -0.043702883 0.70027144 2.2169344 0.011787693 0.99866303 0.050330881 0.044523392 -0.70153486 -0.027608064 0.71210018 3.3822864
0.67093374 -0.045516452 0.74011899 2.5171769 0.011233403 0.99862366 0.051230865 0.063165104 -0.74143224 -0.026058462 0.67052161 3.6115633
0.629046 -0.046049712 0.7760029 2.8487962 0.0067802785 0.99853093 0.053758761 0.080672584 -0.77733854 -0.028555218 0.62843411 3.8271492
0.58570373 -0.046718644 0.80917764 3.199864 0.0038121103 0.99848517 0.054889191 0.099168934 -0.8105163 -0.029064129 0.58499458 4.0518216
0.54622435 -0.047815567 0.83627303 3.5809182 0.0017322949 0.99843174 0.055955838 0.11740075 -0.83763717 -0.029115769 0.54545056 4.2340807
0.50752039 -0.05059531 0.86015295 3.9766747 0.001026477 0.9983093 0.058116187 0.12872662 -0.86163917 -0.028612223 0.50671426 4.4349215
0.46957511 -0.050238428 0.881462 4.4122894 -0.0020405654 0.99831534 0.057985474 0.15541718 -0.88289021 -0.029027216 0.46868152 4.6333475
0.43361641 -0.049611088 0.89973078 4.8681592 -0.00318675 0.99839258 0.056587114 0.17999917 -0.90109196 -0.027404318 0.43276131 4.8277066
0.39990438 -0.048351122 0.91528061 5.3594523 -0.0019187125 0.99856124 0.053588874 0.19572121 -0.9165549 -0.023186585 0.39923624 5.0050288
0.37011172 -0.046538498 0.92782079 5.8901178 -6.9984986e-05 0.99874301 0.050123798 0.22235523 -0.92898729 -0.018616338 0.36964323 5.2072811
0.34542371 -0.044860666 0.93737394 6.4108602 0.0012926659 0.99887858 0.047327794 0.24576668 -0.93844599 -0.01513643 0.34509433 5.3607444
0.32372061 -0.044312912 0.94511442 7.0034997 0.0021679217 0.99893476 0.046093792 0.26989472 -0.94615028 -0.012872576 0.32347183 5.5712254
0.30944127 -0.044640194 0.94987014 7.5841507 0.0031715915 0.9989404 0.045913089 0.29122265 -0.95091331 -0.011194804 0.30925496 5.7411331
0.29716288 -0.046305114 0.9537033 8.1964798 0.0045337103 0.99888055 0.047085952 0.31427741 -0.95481608 -0.0096683819 0.29704015 5.9235359
0.28598536 -0.048085077 0.95702671 8.849749 0.0031109883 0.99878147 0.049253366 0.33998296 -0.95822898 -0.011108442 0.28578647 6.1269372
0.27600808 -0.049890966 0.95985955 9.5200971 0.0019644191 0.9986791 0.051343833 0.37120088 -0.96115335 -0.012285746 0.27574151 6.3175959
0.26553812 -0.051415447 0.96272835 10.210023 0.00098264685 0.99859086 0.053059687 0.40133345 -0.9640999 -0.013143347 0.26521446 6.4897845
0.25616838 -0.053588439 0.96514557 10.907589 -6.192366e-05 0.9984612 0.055454681 0.42685831 -0.96663221 -0.0142655 0.25577087 6.6878739
0.24512056 -0.054924332 0.96793551 11.646062 -0.00027644019 0.99838995 0.056722438 0.45609598 -0.96949261 -0.014171411 0.24471072 6.8737003
0.2352927 -0.056569456 0.97027685 12.399374 -0.00081996831 0.99829283 0.058401697 0.48892127 -0.97192425 -0.014537089 0.23484463 7.0479362
0.22424533 -0.059286455 0.97272764 13.160564 -0.0022872576 0.99811302 0.061360947 0.52142776 -0.97453008 -0.015984784 0.22368658 7.2249192
0.21357453 -0.063038318 0.97489077 13.928646 -0.0039077543 0.99785284 0.065379182 0.56226536 -0.976919 -0.017772961 0.21286961 7.3766469
0.20090964 -0.066512851 0.97734911 14.718816 -0.0040799692 0.99762685 0.068731541 0.60177806 -0.97960132 -0.017796383 0.20016148 7.5648969
0.18630682 -0.068834618 0.98007728 15.526037 -0.0052952004 0.99745785 0.071061908 0.64602274 -0.98247739 -0.018429023 0.1854687 7.7121337
0.17268888 -0.06987665 0.98249464 16.318949 -0.005355694 0.99739905 0.071878022 0.68399077 -0.9849619 -0.017674475 0.17186548 7.8395158
0.15874499 -0.068847814 0.9849162 17.115715 -0.0075366382 0.99745219 0.070938833 0.71726722 -0.98729089 -0.018684141 0.15782166 7.9842422
0.14230825 -0.068038357 0.98748117 17.91702 -0.0086243639 0.99751165 0.069972343 0.76016761 -0.98978486 -0.018474038 0.14136734 8.0909578
0.12243391 -0.066498552 0.99024633 18.734036 -0.01076663 0.99760509 0.068323902 0.79787406 -0.99241831 -0.019026778 0.12142472 8.2131681
0.096311008 -0.06497736 0.9932281 19.578888 -0.014986605 0.99765915 0.066720456 0.84282948 -0.9952385 -0.021311031 0.095111766 8.2810062
0.065326387 -0.064533966 0.99577495 20.387619 -0.019246512 0.99763945 0.065917439 0.87814155 -0.99767836 -0.023471343 0.063930125 8.3367168
0.032566748 -0.064233899 0.99740329 21.237668 -0.022385743 0.99763546 0.064979779 0.9165141 -0.99921888 -0.024443793 0.031051818 8.3423241
-0.00045286162 -0.063824388 0.997961 22.036843 -0.023512773 0.99768592 0.063796125 0.94517334 -0.99972348 -0.023435939 -0.0019525035 8.3387627
-0.035379891 -0.062817024 0.99739771 22.908728 -0.024482159 0.99777755 0.06197251 0.97817305 -0.99907406 -0.022225868 -0.036839158 8.2987913
-0.066361845 -0.060646102 0.99595084 23.742434 -0.027119905 0.99789205 0.058957263 1.0119504 -0.99742704 -0.023097579 -0.067866676 8.2787918
-0.099336502 -0.057429271 0.99339522 24.575186 -0.028985897 0.99807646 0.054801397 1.0493378 -0.99463167 -0.023350672 -0.10081006 8.1891116
-0.13148203 -0.052994675 0.98990098 25.446715 -0.026479256 0.99840151 0.049932688 1.0673455 -0.99096489 -0.01964659 -0.13267512 8.0375326
-0.16506987 -0.047343683 0.98514488 26.27061 -0.021488411 0.99878277 0.044398511 1.0936178 -0.9860478 -0.013840341 -0.16588629 7.895265
-0.19607698 -0.041175653 0.97972358 27.096714 -0.016411956 0.99911585 0.038706061 1.107152 -0.98045119 -0.0084898117 -0.1965794 7.6829803
-0.22308509 -0.035275517 0.97416046 27.933954 -0.0096889306 0.99937589 0.03396981 1.1163993 -0.97475086 -0.0018604141 -0.22328765 7.4789713
-0.2525838 -0.028793337 0.96714647 28.729512 -0.0012775774 0.99956618 0.029424861 1.1352152 -0.96757422 0.0061966399 -0.25251101 7.2574528
-0.27889742 -0.01872348 0.96013831 29.526058 0.0051471572 0.99976641 0.020991388 1.1286378 -0.96030715 0.010796428 -0.2787359 7.0303075
-0.30034296 -0.0035507365 0.95382463 30.329883 0.009487167 0.99993248 0.0067097253 1.1236398 -0.95378413 0.011064313 -0.300289 6.7623765
-0.32695001 0.013568826 0.94494418 31.129679 0.010218889 0.99988922 -0.010822074 1.0993987 -0.94498642 0.0061180033 -0.32705245 6.4887492
-0.35158714 0.027975058 0.93573704 31.867672 0.0094225382 0.99960852 -0.02634422 1.0768836 -0.93610778 -0.00044526996 -0.35171309 6.1583496
-0.37617734 0.038908495 0.92573034 32.644522 0.0132515 0.99924164 -0.036613333 1.0358933 -0.92645295 -0.0015057904 -0.37640766 5.8567434
-0.40066273 0.043826397 0.91517679 33.426488 0.016839514 0.99903884 -0.04047011 0.98604146 -0.91607089 -0.00080373125 -0.40101564 5.5160225
-0.42306371 0.043095416 0.90507448 34.136987 0.019029907 0.99907059 -0.038675821 0.9363799 -0.90590012 0.00086114732 -0.42349062 5.170087
-0.44293033 0.039896178 0.89566788 34.891411 0.02378346 0.9991807 -0.03274548 0.89704511 -0.89624056 0.0067981157 -0.44351631 4.7749407
-0.46045909 0.038766844 0.88683397 35.630174 0.030091542 0.99915341 -0.028052714 0.85646441 -0.88717078 0.013769075 -0.46123583 4.3951258
-0.47521557 0.039470853 0.87898359 36.297086 0.034790642 0.99905497 -0.026053384 0.81789789 -0.87918135 0.018199431 -0.47613969 3.996559
-0.48555132 0.042699652 0.8731647 37.015993 0.037237123 0.99891012 -0.028141975 0.7647912 -0.87341478 0.018849769 -0.48661214 3.5971994
-0.49582919 0.045551928 0.86722452 37.712766 0.039007513 0.99878366 -0.03015996 0.72840387 -0.8675436 0.018874085 -0.49700296 3.1903952
-0.50604877 0.044827574 0.86133911 38.395361 0.032498055 0.99893032 -0.032895315 0.67311979 -0.86189244 0.011345213 -0.50696426 2.7986103
-0.51766664 0.043199101 0.85449109 39.118802 0.031118816 0.99901436 -0.031653166 0.64544961 -0.85501633 0.010204964 -0.51850072 2.396116
-0.52592949 0.044980322 0.84933791 39.763625 0.033133834 0.9989261 -0.032385174 0.60139507 -0.84988257 0.011109504 -0.52685506 1.9631717
-0.53294395 0.04843473 0.84476314 40.441583 0.037254301 0.9987354 -0.033759788 0.56115189 -0.84533007 0.013478987 -0.53407439 1.519233
-0.53732232 0.051637949 0.84179462 41.135284 0.037697323 0.99859677 -0.037194197 0.51664692 -0.84253409 0.011748132 -0.53851495 1.0734194
-0.5366075 0.052615988 0.84218994 41.83418 0.036923406 0.99856227 -0.038859362 0.47349887 -0.84302379 0.010244296 -0.53777877 0.63139955
-0.53358609 0.05396964 0.84402198 42.55165 0.039766961 0.99845909 -0.038704418 0.43546894 -0.84481035 0.012912051 -0.53491009 0.19128878
-0.52771821 0.052636426 0.84778703 43.301687 0.037790054 0.99854479 -0.038473494 0.38543641 -0.8485785 0.011734755 -0.5289394 -0.27413631
-0.52075171 0.051419795 0.8521582 44.062184 0.035625903 0.99862384 -0.03848673 0.34282663 -0.85296454 0.010316876 -0.52186695 -0.73412844
-0.51309179 0.050701089 0.85683496 44.847242 0.033820556 0.99867287 -0.038841497 0.29715002 -0.85766721 0.0090493826 -0.5141256 -1.2023796
-0.50689235 0.049132684 0.86060796 45.632789 0.030857075 0.99876867 -0.038845759 0.24568078 -0.86145693 0.0068652272 -0.50778429 -1.6626489
-0.50290657 0.047184442 0.86305188 46.447984 0.026554229 0.99888095 -0.039137095 0.19726006 -0.86393282 0.0032353753 -0.50359675 -2.1078073
-0.5014056 0.044140024 0.86408566 47.306709 0.021727454 0.99902523 -0.038425276 0.1503157 -0.86493954 -0.00049226637 -0.50187589 -2.5921826
-0.50170344 0.042055967 0.86401672 48.145599 0.019191002 0.99911278 -0.037488234 0.099677413 -0.86482682 -0.0022266286 -0.50206542 -3.0726529
-0.50319188 0.040452931 0.86322733 48.974975 0.017341676 0.9991753 -0.036714984 0.048126546 -0.86400073 -0.0035048721 -0.50347842 -3.5512498
-0.50359204 0.040140639 0.86300853 49.859707 0.017769749 0.99918998 -0.036105574 -0.00019846331 -0.86375885 -0.0028470339 -0.50389742 -4.0416486
-0.50420892 0.038970498 0.86270192 50.719921 0.017206925 0.99923631 -0.035081469 -0.050900435 -0.8634103 -0.0028439417 -0.50449443 -4.5462052
-0.50341118 0.038831435 0.86317393 51.59933 0.017763992 0.99924361 -0.034592645 -0.096077126 -0.86386439 -0.0020809087 -0.50372021 -5.0642293
-0.50369211 0.038353482 0.86303141 52.507274 0.017414097 0.99926177 -0.034244205 -0.15966443 -0.86370775 -0.0022196223 -0.50398816 -5.5930703
-0.50403429 0.036830269 0.86289797 53.391498 0.015552583 0.99931541 -0.033568302 -0.20560621 -0.86354364 -0.0034992826 -0.50426204 -6.0912888
-0.50370602 0.036216254 0.86311561 54.294586 0.015146407 0.99933751 -0.033092813 -0.2652442 -0.86374238 -0.0035959477 -0.50392087 -6.6154689
-0.50380269 0.035566265 0.86308622 55.190439 0.014180878 0.99935791 -0.032904084 -0.31485275 -0.86370239 -0.004337845 -0.50398357 -7.0999071
-0.50274396 0.03400926 0.86376606 56.065566 0.013615171 0.99941336 -0.031425595 -0.36897429 -0.86432818 -0.0040387043 -0.50291208 -7.612178
-0.49992584 0.032130358 0.86547197 56.976178 0.014178856 0.9994813 -0.028915223 -0.4281858 -0.86595218 -0.0021840639 -0.5001221 -8.1464808
-0.49794652 0.030891528 0.86665732 57.868781 0.014775286 0.99952249 -0.027138146 -0.476648 -0.8670819 -0.00070823543 -0.49816518 -8.6491783
-0.49497086 0.030361037 0.86837894 58.767544 0.014463417 0.99953878 -0.0267027 -0.53341727 -0.86878922 -0.00065733124 -0.4951817 -9.1624262
-0.49341651 0.030902765 0.86924398 59.661342 0.015350638 0.99952239 -0.026820716 -0.58088096 -0.86965773 0.00010966669 -0.49365523 -9.6416532
-0.49215555 0.031068307 0.86995265 60.545651 0.015245274 0.99951726 -0.027070739 -0.62830676 -0.8703738 -6.034753e-05 -0.49239161 -10.142185
-0.49265182 0.032794818 0.86960832 61.425476 0.014889705 0.99946103 -0.029256507 -0.67736673 -0.87009916 -0.0014650593 -0.4928746 -10.646615
-0.49580251 0.034406192 0.86775343 62.311501 0.013227374 0.99939815 -0.032068231 -0.73563232 -0.8683346 -0.0044214092 -0.49595921 -11.114413
-0.49973405 0.034879557 0.8654763 63.180094 0.01201254 0.99937189 -0.033339529 -0.78986749 -0.86609563 -0.0062643289 -0.49983916 -11.636506
-0.50544173 0.03360135 0.8622062 64.059952 0.011827294 0.9994174 -0.03201527 -0.84056749 -0.86277971 -0.0059842866 -0.50554468 -12.145139
-0.51034024 0.031327194 0.85940176 64.92005 0.015246625 0.9995088 -0.027380488 -0.89832342 -0.85983745 -0.00087038772 -0.5105672 -12.664421
-0.51576201 0.029312166 0.85623027 65.780156 0.012460247 0.99956547 -0.026713498 -0.94737575 -0.85664132 -0.0031089661 -0.51590314 -13.179428
-0.52062554 0.031413093 0.85320701 66.622731 0.013342623 0.99950023 -0.02865762 -1.0013197 -0.8536809 -0.0035358691 -0.52078448 -13.681837
-0.52567336 0.03413466 0.85000134 67.455539 0.013807384 0.99940536 -0.031595464 -1.0516132 -0.85057448 -0.0048725983 -0.52583208 -14.19805
-0.53054172 0.034291893 0.84696487 68.295884 0.012772029 0.99939133 -0.032462888 -1.1012001 -0.84756263 -0.0064054562 -0.53065678 -14.708385
-0.53403711 0.034814651 0.84474389 69.115657 0.0115099 0.9993586 -0.033910403 -1.1572204 -0.84538272 -0.0083864953 -0.53409529 -15.22035
-0.53765967 0.034228565 0.84246687 69.942389 0.011723239 0.99938255 -0.033122153 -1.2132912 -0.84308048 -0.0079320049 -0.53772897 -15.736506
-0.5403027 0.027461673 0.84102247 70.766839 0.013483175 0.99962155 -0.023978293 -1.2582498 -0.84136274 -0.0016158828 -0.54046849 -16.262259
-0.54245743 0.019102625 0.83986604 71.592088 0.013928317 0.99980853 -0.01374439 -1.3038722 -0.83996785 0.0042421747 -0.54261964 -16.785489
-0.54467411 0.016175481 0.83849175 72.412386 0.013971667 0.99985024 -0.010212447 -1.3423023 -0.83853143 0.0061526731 -0.54481854 -17.310725
-0.54543382 0.022068038 0.83786329 73.211036 0.014508318 0.99975213 -0.01688729 -1.3732049 -0.83802835 0.0029450895 -0.54561879 -17.832587
-0.54716557 0.027188053 0.83658269 74.016164 0.014853366 0.99963034 -0.022772108 -1.4162881 -0.83689263 -3.404342e-05 -0.54736714 -18.345889
-0.5475171 0.032541749 0.83616147 74.81575 0.02128436 0.99946184 -0.024960113 -1.4522976 -0.8365238 0.0041310737 -0.54791508 -18.87562
-0.54675363 0.033570298 0.83662025 75.602287 0.024799097 0.99940683 -0.023895415 -1.4954927 -0.83692624 0.0076825232 -0.54726183 -19.398136
-0.54670929 0.030662202 0.83676085 76.404166 0.024611592 0.99948596 -0.020544763 -1.5361505 -0.83696074 0.0093620043 -0.54718291 -19.914764
-0.54653639 0.025845526 0.83703639 77.200843 0.022690696 0.99961369 -0.016049779 -1.5673618 -0.83712793 0.010221151 -0.54691172 -20.43413
-0.54548752 0.019808289 0.8378848 78.00875 0.021160508 0.99972749 -0.0098582735 -1.6014035 -0.83785181 0.012352504 -0.54575802 -20.95521
-0.54541866 0.012913837 0.83806424 78.809384 0.011522054 0.99990234 -0.0079089784 -1.6428284 -0.8380846 0.005342518 -0.54551419 -21.450942
-0.54298564 0.0077278373 0.83970639 79.614915 0.0033052901 0.99996958 -0.0070654172 -1.6634756 -0.83973551 -0.0010609461 -0.54299467 -21.951622
-0.54189183 0.0081390085 0.84040879 80.411884 0.0061818065 0.99996466 -0.005698238 -1.6912619 -0.84042554 0.0021074168 -0.54192299 -22.455912
-0.53985562 0.011347368 0.84168111 81.194014 0.011408505 0.99991593 -0.0061632222 -1.7213295 -0.84168035 0.0062750737 -0.53993969 -22.954381
-0.53246042 0.014759259 0.84632618 81.962646 0.012572747 0.99987557 -0.0095269788 -1.7467036 -0.84636156 0.0055679069 -0.53257973 -23.441522
-0.52510796 0.016877981 0.8508682 82.751934 0.017535126 0.99980564 -0.0090106385 -1.7719299 -0.85085499 0.010188525 -0.52530186 -23.938339
-0.51755896 0.019756527 0.8554194 83.558503 0.025132379 0.99965306 -0.0078817298 -1.8112729 -0.85527841 0.017419466 -0.51787592 -24.425941
-0.50772895 0.019194618 0.86130298 84.360791 0.023819144 0.99968235 -0.0082373473 -1.8333182 -0.86118757 0.016333161 -0.50802487 -24.897799
-0.49758458 0.016307247 0.86726213 85.173291 0.019701527 0.99977781 -0.007495366 -1.8624618 -0.86719173 0.013356811 -0.4977953 -25.346181
-0.48506729 0.0134768 0.87437294 85.986739 0.021094003 0.99977062 -0.0037074539 -1.8864671 -0.87422242 0.016645662 -0.48524031 -25.795959
-0.4734769 0.012456618 0.88071811 86.82458 0.020983038 0.99977574 -0.0028599849 -1.9119386 -0.8805563 0.017126005 -0.4736321 -26.234003
-0.46318353 0.011125197 0.88619252 87.632021 0.020003531 0.99979771 -0.002096204 -1.9320281 -0.88603665 0.016756053 -0.46331238 -26.648533
-0.45018967 0.013003226 0.89283823 88.468072 0.023641301 0.99971702 -0.0026393099 -1.9515112 -0.89261998 0.019919669 -0.45036969 -27.063711
-0.43815872 0.016262189 0.89875047 89.286904 0.023293048 0.99970601 -0.0067330757 -1.9843704 -0.89859582 0.017984483 -0.4384087 -27.447658
-0.42795914 0.025967427 0.90342493 90.108964 0.025728933 0.99953208 -0.016541876 -2.0088878 -0.90343183 0.016164913 -0.428427 -27.837481
-0.4140594 0.030919073 0.90972455 90.946781 0.025526726 0.99942428 -0.022349282 -2.0440776 -0.9098919 0.01396836 -0.41461028 -28.209068
-0.40307465 0.027108084 0.91476549 91.799976 0.022596741 0.99955126 -0.019663777 -2.0766597 -0.91488813 0.01274475 -0.40350633 -28.577737
-0.39033434 0.023386108 0.92037607 92.650612 0.023253122 0.99960886 -0.015537635 -2.1214186 -0.92037952 0.015336745 -0.39072547 -28.921871
-0.38113715 0.024303664 0.92419897 93.486092 0.021045952 0.99962345 -0.017607808 -2.1508943 -0.92427897 0.012739658 -0.38150513 -29.250005
-0.37445774 0.028445799 0.92680751 94.328462 0.015809814 0.99957989 -0.024291711 -2.1940097 -0.92710923 0.0055564356 -0.37475015 -29.590753
-0.36911149 0.033118587 0.92879481 95.155167 0.0082088751 0.99944207 -0.032375415 -2.2306066 -0.92934891 -0.0043257766 -0.36917742 -29.899479
-0.36593086 0.035003757 0.92998348 96.001558 0.0047133786 0.99934929 -0.035759998 -2.2815387 -0.93063014 -0.0087023219 -0.36585773 -30.23003
-0.36255326 0.035107777 0.93130151 96.84524 0.0045825896 0.99934528 -0.035888868 -2.3277252 -0.93195183 -0.0087438528 -0.36247678 -30.537645
-0.3572391 0.034743947 0.93336649 97.705636 0.0031705902 0.99934725 -0.035986515 -2.3803551 -0.93400763 -0.0098964669 -0.35711607 -30.857519
-0.35214657 0.030972617 0.93543221 98.537212 0.0015178438 0.99946988 -0.032521536 -2.4255154 -0.93594367 -0.010032507 -0.35200691 -31.174175
-0.34667481 0.02736205 0.93758616 99.399279 0.0017630288 0.99959168 -0.028519703 -2.4727586 -0.93798376 -0.0082340705 -0.3465815 -31.482665
-0.34123547 0.023981808 0.93967183 100.24912 -0.00055460046 0.99966918 -0.025714426 -2.5169221 -0.93997772 -0.009295816 -0.34110928 -31.775752
-0.33545728 0.023131648 0.94177134 101.08823 -0.0043694033 0.99964954 -0.026109616 -2.5627305 -0.94204533 -0.012873639 -0.33523865 -32.068591
-0.32893149 0.022483038 0.94408607 101.94121 -0.016620093 0.99942389 -0.029591535 -2.5981908 -0.94420756 -0.025424386 -0.32836832 -32.339847
-0.32203267 0.026014354 0.94637103 102.79763 -0.014429384 0.99937142 -0.03238131 -2.6499652 -0.94661863 -0.024083391 -0.32145488 -32.614604
-0.31516845 0.030148071 0.94855673 103.66061 -0.011798999 0.99929358 -0.035680991 -2.6995673 -0.94896244 -0.022437542 -0.3145901 -32.896572
-0.30848224 0.028465541 0.95080405 104.50139 -0.013025495 0.99933202 -0.034144426 -2.7382466 -0.95114096 -0.022917642 -0.30790541 -33.16482
-0.30154985 0.02315182 0.95316924 105.36693 -0.014804081 0.99947094 -0.028959955 -2.7878373 -0.95333551 -0.022843665 -0.30104757 -33.428238
-0.29442215 0.020850929 0.95544794 106.21695 -0.013592239 0.99956947 -0.026002261 -2.8242409 -0.95557884 -0.020642317 -0.29401198 -33.672843
-0.28841101 0.023282873 0.95722355 107.06775 -0.016692033 0.99943014 -0.029338778 -2.874164 -0.95736124 -0.024439633 -0.28785802 -33.927926
-0.28176669 0.02630182 0.95912234 107.93026 -0.016717413 0.99933789 -0.032315808 -2.9177266 -0.95933734 -0.025139562 -0.28114043 -34.167189
-0.27482802 0.027529248 0.96109917 108.78291 -0.017653609 0.99927705 -0.033670875 -2.9579289 -0.96133136 -0.026220569 -0.27414334 -34.398157
-0.26772051 0.026385587 0.96313522 109.66144 -0.018350799 0.99930399 -0.032477378 -3.0077317 -0.96332189 -0.02636916 -0.26704998 -34.635267
-0.2602144 0.025957539 0.96520184 110.50545 -0.016018573 0.99938494 -0.031195376 -3.0552196 -0.96541802 -0.023578642 -0.25963855 -34.860264
-0.25248963 0.027398628 0.96721157 111.36779 -0.010809323 0.99945677 -0.031133813 -3.1006308 -0.96753926 -0.018315867 -0.25205631 -35.078953
-0.24548607 0.028021305 0.968995 112.24807 -0.0094415773 0.99946562 -0.031294388 -3.1452149 -0.96935418 -0.016831177 -0.24509032 -35.301512
-0.23886087 0.026938492 0.97068003 113.10557 -0.01630448 0.99936295 -0.031746642 -3.1869641 -0.97091695 -0.023409463 -0.23826949 -35.496013
-0.23299018 0.024799046 0.9721628 113.97415 -0.020716521 0.99932137 -0.030456793 -3.2298978 -0.97225844 -0.027235964 -0.23231832 -35.687378
-0.22850443 0.025270034 0.97321481 114.86252 -0.017048381 0.99940591 -0.029952946 -3.2724912 -0.97339363 -0.023436118 -0.22793787 -35.897081
-0.22404323 0.025147104 0.97425468 115.70511 -0.016409697 0.99942799 -0.029570502 -3.3215886 -0.97444109 -0.022612294 -0.22350242 -36.077964
-0.2194045 0.026869462 0.97526387 116.59259 -0.014969536 0.9994103 -0.030902405 -3.3625803 -0.97551917 -0.021379374 -0.2188729 -36.27487
-0.21318035 0.025918715 0.97666897 117.4431 -0.0096752367 0.99954303 -0.028637584 -3.4042499 -0.976965 -0.015554473 -0.21283217 -36.463974
-0.20821673 0.024782853 0.97776864 118.31851 -0.0021622703 0.99966483 -0.025798297 -3.4459558 -0.97808036 -0.0074858366 -0.20809336 -36.648639
-0.20294429 0.023730818 0.97890264 119.20368 4.5967904e-05 0.99970652 -0.02422562 -3.4910841 -0.97919033 -0.0048714524 -0.20288582 -36.843601
-0.19926451 0.025099924 0.9796242 120.05484 -0.0020895948 0.99965876 -0.026038291 -3.528748 -0.97994355 -0.0072355243 -0.19914407 -36.995962
-0.19525875 0.027413952 0.98036851 120.92818 -0.0034585821 0.9995838 -0.028640107 -3.5683016 -0.98074571 -0.0089829158 -0.19508267 -37.167918
-0.1938864 0.026537133 0.98066496 121.82139 -0.0056041242 0.9995878 -0.028157176 -3.6106336 -0.98100802 -0.010955061 -0.19365777 -37.333167
-0.19262746 0.02543326 0.98094227 122.67021 -0.0066736302 0.99960698 -0.027227685 -3.6552291 -0.98124931 -0.011791245 -0.19238203 -37.491607
-0.19131331 0.021350447 0.98129674 123.54981 -0.0054968894 0.99972441 -0.022823055 -3.6928265 -0.98151367 -0.0097604331 -0.19114322 -37.662394
-0.19075367 0.015815167 0.98151049 124.40805 -0.0055258039 0.99983707 -0.017184388 -3.7305952 -0.98162242 -0.0087016189 -0.1906352 -37.814728
-0.19005506 0.01379455 0.98167648 125.2729 -0.0040175016 0.99988199 -0.014828172 -3.7619321 -0.98176526 -0.006762055 -0.18997721 -37.977588
-0.18871695 0.018440676 0.98185833 126.14717 -0.0058040879 0.99978527 -0.019892936 -3.7999943 -0.98201441 -0.0094529256 -0.1885694 -38.13936
-0.18861226 0.021991332 0.98180534 126.97876 -0.0066858655 0.99969732 -0.023676497 -3.83933 -0.98202892 -0.011029895 -0.18840814 -38.292181
-0.18878174 0.021401267 0.9817858 127.84324 -0.0081025001 0.99969453 -0.023349627 -3.8697458 -0.98198569 -0.012362902 -0.18855066 -38.455563
-0.18837458 0.020755619 0.98187786 128.70634 -0.0093601985 0.9996933 -0.022927979 -3.9109214 -0.98205269 -0.01350962 -0.18812253 -38.61149
-0.1874173 0.020848458 0.98205907 129.53466 -0.0050036389 0.9997415 -0.022178743 -3.9499652 -0.98226768 -0.0090705485 -0.18726454 -38.769009
-0.18681458 0.023352894 0.98211755 130.38958 -0.0067419154 0.9996634 -0.02505252 -3.9929393 -0.9823721 -0.011301529 -0.18659425 -38.924077
-0.18689285 0.024801196 0.98206715 131.20983 -0.016284996 0.99946569 -0.028339703 -4.0232034 -0.98224536 -0.021289447 -0.1863891 -39.062819
-0.18640893 0.026117038 0.98212501 132.04245 -0.020173789 0.9993341 -0.030403685 -4.0619435 -0.98226514 -0.025480701 -0.18575792 -39.20478
-0.18651467 0.029434951 0.98201109 132.88819 -0.019802698 0.99923537 -0.033712385 -4.1125226 -0.98225262 -0.025734323 -0.18578917 -39.360802
-0.18597962 0.030346431 0.98208482 133.71178 -0.018032232 0.99924918 -0.034291613 -4.1562437 -0.98238816 -0.024086722 -0.18529277 -39.508802
-0.18437348 0.031396022 0.98235464 134.54297 -0.018889445 0.99919187 -0.035479408 -4.2068966 -0.98267476 -0.025097595 -0.18363143 -39.656371
-0.18226079 0.030895703 0.98276466 135.35913 -0.012323494 0.99935592 -0.03370277 -4.2429029 -0.98317304 -0.018253787 -0.18176265 -39.810868
-0.17915308 0.028080874 0.98342033 136.18809 -0.0047219698 0.99955652 -0.029401848 -4.294077 -0.98380992 -0.0099111122 -0.17894104 -39.95601
-0.17691456 0.023320374 0.98394985 136.98955 0.00079919891 0.99972233 -0.023550496 -4.3293108 -0.98422593 -0.0033800532 -0.17688408 -40.117936
-0.17259257 0.023399991 0.98471527 137.81084 0.0058551177 0.99972448 -0.022730421 -4.3634338 -0.98497594 0.0018425228 -0.17268203 -40.256758
-0.16816074 0.027293978 0.98538161 138.61161 0.00107738 0.9996211 -0.027504534 -4.4160493 -0.98575904 -0.0035635515 -0.16812643 -40.385878
-0.16178495 0.03093279 0.98634107 139.41017 0.0043270195 0.99952123 -0.030636393 -4.4510769 -0.98681659 -0.00068858927 -0.16184134 -40.509457
-0.15387653 0.031073598 0.98760132 140.20785 5.3806513e-05 0.99950565 -0.031439768 -4.4913475 -0.98809012 -0.0047847023 -0.15380214 -40.628291
-0.14394002 0.027664224 0.98919962 140.99321 0.0074215642 0.99961124 -0.026875473 -4.5207131 -0.98955863 0.0034729533 -0.14408937 -40.742695
-0.13177696 0.02638115 0.99092824 141.80486 0.016195772 0.99956967 -0.024457439 -4.5636001 -0.99114712 0.012825922 -0.13214752 -40.848909
-0.11838611 0.028035393 0.99257174 142.62225 0.014073151 0.99954832 -0.026553913 -4.6082517 -0.99286795 0.010824998 -0.11872718 -40.944209
-0.1040481 0.029626791 0.99413086 143.41158 0.013008321 0.99951126 -0.028425653 -4.6444047 -0.99448723 0.0099743389 -0.10438265 -41.015033
-0.090279136 0.029333545 0.99548437 144.18027 0.014521255 0.99949865 -0.028134918 -4.6825472 -0.99581067 0.011915687 -0.090659836 -41.08089
-0.076543167 0.031189866 0.99657827 144.98819 0.018560121 0.999382 -0.029852085 -4.7225684 -0.99689355 0.016211642 -0.077074753 -41.137779
-0.062554952 0.037004886 0.99735522 145.79173 0.017884904 0.99919349 -0.035951334 -4.7719718 -0.9978813 0.015588669 -0.063166331 -41.171685
-0.050141369 0.04632932 0.99766695 146.50628 0.010340233 0.99889405 -0.045866616 -4.8153881 -0.99868864 0.0080162951 -0.050564973 -41.185773
-0.036541573 0.054663675 0.99783591 147.28148 0.00054679099 0.99850377 -0.054680235 -4.8633544 -0.99933203 -0.0014524933 -0.03651679 -41.199003
-0.023105711 0.055767157 0.99817637 148.03248 0.0011156564 0.99844379 -0.05575627 -4.9130308 -0.99973245 -0.00017466553 -0.023131972 -41.212342
-0.011395949 0.051722528 0.99859643 148.81928 0.0012514388 0.99866128 -0.051711603 -4.9668269 -0.99993432 0.00066038035 -0.011445422 -41.204032
-0.00033984641 0.049010753 0.99879815 149.59301 -0.00029112245 0.9987982 -0.049010853 -5.0237027 -0.99999994 -0.00030742789 -0.00032517138 -41.189837
0.0085554186 0.054807569 0.99846024 150.32682 -0.0059129903 0.99848214 -0.054758104 -5.0883468 -0.99994596 -0.0054354065 0.0088665078 -41.168319
0.0149309 0.063594584 0.99786408 151.08443 -0.013474796 0.99789754 -0.063395093 -5.1392656 -0.99979777 -0.012499469 0.01575643 -41.144773
0.01819168 0.066943386 0.99759088 151.82679 -0.018011533 0.99761606 -0.066616623 -5.1944497 -0.99967231 -0.016756272 0.019354064 -41.120262
0.018123727 0.062808606 0.99786097 152.58163 -0.018229187 0.99787981 -0.0624787 -5.2509581 -0.9996696 -0.017057847 0.01923025 -41.094815
0.016973865 0.057158754 0.99822076 153.34433 -0.012402173 0.99829986 -0.056952394 -5.3205918 -0.99977905 -0.011413403 0.017653898 -41.081032
0.014018635 0.054819971 0.9983978 154.08834 -0.01398245 0.99840908 -0.054624259 -5.3725337 -0.99980401 -0.013194289 0.014762849 -41.064973
0.01094569 0.05488771 0.99843249 154.84488 -0.013522985 0.99840917 -0.054738175 -5.4258883 -0.99984869 -0.01290264 0.011670521 -41.053054
0.0071309605 0.055132695 0.99845353 155.58676 -0.014010241 0.99838646 -0.055028929 -5.4863001 -0.99987647 -0.013596165 0.0078918753 -41.04602
0.0022955402 0.053320345 0.99857478 156.3241 -0.013037351 0.99849418 -0.053286069 -5.54156 -0.99991242 -0.012896449 0.002987238 -41.033766
-0.0025272898 0.053868722 0.99854479 157.08 -0.015849603 0.99842043 -0.053902126 -5.5938012 -0.99987124 -0.015962764 -0.0016695015 -41.034081
-0.0085203973 0.052076443 0.99860671 157.81589 -0.015456231 0.99851684 -0.052203632 -5.6435318 -0.99984428 -0.015879491 -0.0077028563 -41.035698
-0.014370319 0.049081623 0.99869135 158.56872 -0.01284763 0.99870301 -0.049267061 -5.6977656 -0.99981424 -0.013538799 -0.0137211 -41.043643
-0.019478828 0.049187893 0.99859954 159.30521 -0.014330066 0.99867275 -0.049471021 -5.7490098 -0.99970761 -0.015273634 -0.018748111 -41.058046
-0.024983373 0.050104702 0.9984314 160.00857 -0.014133578 0.99862566 -0.050468109 -5.7960903 -0.99958799 -0.015372272 -0.024240881 -41.0658
-0.029208623 0.052415355 0.99819808 160.72741 -0.014954124 0.99848952 -0.052868234 -5.8489537 -0.99946151 -0.016471386 -0.02838068 -41.085802
-0.031365012 0.054850066 0.99800181 161.45596 -0.014548749 0.99836228 -0.055327111 -5.9051596 -0.99940215 -0.016255013 -0.030515647 -41.107108
-0.03332469 0.056241423 0.99786085 162.17612 -0.013609264 0.99829734 -0.056720518 -5.9618933 -0.99935196 -0.015470345 -0.032502547 -41.126768
-0.032451177 0.054748904 0.99797264 162.89953 -0.010691677 0.99842242 -0.05512124 -6.0123895 -0.99941618 -0.012458749 -0.031814627 -41.150038
-0.028613199 0.050967334 0.9982903 163.60103 -0.0053666717 0.99867703 -0.051140897 -6.0589737 -0.99957619 -0.0068208003 -0.028301821 -41.170317
-0.021232935 0.050386283 0.99850403 164.29718 -0.0053939291 0.99870892 -0.050511321 -6.116217 -0.99976005 -0.0064583628 -0.020933743 -41.179209
-0.010680208 0.051660774 0.99860754 165.00382 -0.0036087893 0.99865604 -0.051701877 -6.1702248 -0.9999365 -0.0041559502 -0.010479423 -41.18202
0.0036200851 0.051784548 0.99865168 165.68819 -0.00059952017 0.9986582 -0.051782711 -6.2178831 -0.99999331 -0.00041125317 0.003646272 -41.17209
0.018942598 0.049844982 0.99857727 166.38027 -0.0023970591 0.99875591 -0.049808426 -6.2647243 -0.99981774 -0.0014501469 0.019038511 -41.152963
0.034934055 0.044983249 0.9983767 167.07742 -0.0060501037 0.99897772 -0.044798628 -6.3099005 -0.99937135 -0.0044752841 0.035170495 -41.103555
0.051492846 0.038285072 0.9979392 167.74776 -0.0079074011 0.99924921 -0.037927312 -6.3509916 -0.9986421 -0.0059381196 0.051756919 -41.055711
0.068684049 0.030872531 0.99716062 168.42249 -0.00860728 0.99950221 -0.03035216 -6.3889288 -0.99760137 -0.0064981308 0.068915585 -40.9982
0.086323395 0.023324946 0.99599404 169.11552 -0.0085502328 0.99970642 -0.02267083 -6.4245829 -0.99623052 -0.0065589572 0.086497484 -40.923637
0.10409142 0.017062389 0.99442132 169.76803 -0.010823766 0.99981305 -0.016021918 -6.4571311 -0.99450888 -0.0090956386 0.10425664 -40.840918
0.12198641 0.014615901 0.99242411 170.4378 -0.011415294 0.99984609 -0.013322067 -6.4879121 -0.99246617 -0.0097037014 0.12213448 -40.744521
0.1398253 0.013800533 0.99007997 171.07533 -0.010553084 0.99986685 -0.012446577 -6.5082462 -0.99011999 -0.0087080499 0.13995231 -40.641314
0.15742584 0.01309726 0.98744391 171.70903 -0.010916796 0.99987403 -0.011521691 -6.5278751 -0.98747051 -0.0089659107 0.15754899 -40.523414
0.17357314 0.012759285 0.98473828 172.35598 -0.015765949 0.99982393 -0.010175792 -6.5441129 -0.98469482 -0.013759089 0.17374374 -40.396387
0.18785632 0.0094077063 0.98215142 172.97351 -0.019632173 0.99979032 -0.0058216129 -6.564807 -0.98200034 -0.018188139 0.18800162 -40.257581
0.20009398 0.0048545516 0.97976464 173.60044 -0.014869749 0.9998876 -0.0019174588 -6.5839432 -0.97966391 -0.014185181 0.20014367 -40.121696
0.21101844 0.0032875287 0.97747651 174.22974 -0.012266855 0.9999245 -0.00071484837 -6.6023548 -0.97740515 -0.011839716 0.21104283 -39.985406
0.22078243 0.006638727 0.97530045 174.81723 -0.015808469 0.99986983 -0.0032273443 -6.6221834 -0.975195 -0.014705465 0.22085864 -39.829264
0.22964924 0.013924518 0.9731738 175.44194 -0.020858099 0.99973842 -0.0093825266 -6.6422433 -0.97304997 -0.018143865 0.22987961 -39.673003
0.23895338 0.02388074 0.9707373 176.01386 -0.020739998 0.999595 -0.01948537 -6.6587963 -0.97080957 -0.015476994 0.23935189 -39.518993
0.24729443 0.030603727 0.96845692 176.59794 -0.015538589 0.9994978 -0.027616872 -6.6751703 -0.96881582 -0.0082189546 0.24764578 -39.370842
0.25346869 0.029068207 0.96690671 177.21098 -0.015583236 0.9995414 -0.025964256 -6.6951869 -0.96721811 -0.0084864088 0.25380543 -39.207264
0.25957936 0.021638227 0.96547929 177.81012 -0.017607557 0.99968881 -0.017670948 -6.7117995 -0.96556129 -0.012412718 0.25987958 -39.027871
0.26410183 0.010827165 0.96443399 178.42013 -0.021667079 0.99975124 -0.0052903112 -6.736713 -0.96425144 -0.019499286 0.26427073 -38.847658
0.26625206 0.0015700215 0.96390212 179.04199 -0.020963981 0.99977157 0.0041622904 -6.7636055 -0.96367548 -0.021315444 0.26622416 -38.672132
0.26720016 0.00063524945 0.9636408 179.63173 -0.017364673 0.99984059 0.0041557967 -6.7826063 -0.96348463 -0.017843736 0.26716859 -38.505554
0.26805252 0.0042667376 0.96339481 180.24568 -0.016285733 0.99986737 0.0001030317 -6.7860044 -0.96326668 -0.015717208 0.26808645 -38.341513
0.26983845 0.0034639577 0.96289934 180.84165 -0.012211923 0.99992542 -0.00017494304 -6.7961601 -0.96282821 -0.011711646 0.26986063 -38.169586
0.27178408 0.0017316972 0.96235666 181.45463 -0.014747839 0.99988845 0.0023657798 -6.7948416 -0.96224529 -0.014835661 0.2717793 -37.988836
0.27407441 -0.0026029651 0.96170493 182.06146 -0.014206156 0.99987627 0.006754865 -6.8129893 -0.9616036 -0.015513465 0.27400352 -37.810531
0.27754585 -0.008118117 0.96067805 182.69077 -0.012511708 0.99984895 0.012063837 -6.8220131 -0.96063096 -0.01536799 0.27740235 -37.625563
0.28111856 -0.010997812 0.95960999 183.31258 -0.011931753 0.99981699 0.01495403 -6.8307025 -0.95959891 -0.015653685 0.28093589 -37.445576
0.28773756 -0.012646916 0.95762575 183.91926 -0.010434958 0.99981205 0.01633944 -6.8267502 -0.95765249 -0.014694254 0.2875515 -37.250879
0.29551403 -0.015632988 0.95521044 184.55756 -0.0095629298 0.9997676 0.0193207 -6.8295672 -0.95529058 -0.014844148 0.29529585 -37.05273
0.3051624 -0.017930446 0.95213147 185.16383 -0.0066898857 0.99975769 0.020971477 -6.832104 -0.95227687 -0.012769356 0.3049685 -36.850908
0.31633047 -0.016310173 0.9485088 185.78742 -0.0075884433 0.99977669 0.019722523 -6.8366804 -0.94861875 -0.01343654 0.31613606 -36.632072
0.32802232 -0.012241113 0.94459062 186.39714 -0.0090001966 0.99983016 0.016082416 -6.8394047 -0.94462714 -0.013776892 0.32785644 -36.399323
0.33907154 -0.0086611596 0.94072068 187.00754 -0.010280987 0.99986379 0.012911346 -6.8355831 -0.94070445 -0.014049407 0.33893631 -36.17453
0.35106029 -0.008177211 0.93631711 187.62907 -0.009307433 0.99988199 0.012222052 -6.8337242 -0.93630664 -0.013005385 0.35094275 -35.925929
0.36248067 -0.011196855 0.93192399 188.25118 -0.0082741635 0.99984976 0.015231282 -6.8395624 -0.9319546 -0.013231936 0.36233356 -35.668329
0.37337642 -0.013121706 0.92758708 188.87108 -0.0082415535 0.99981358 0.017460853 -6.8389348 -0.92764336 -0.014164229 0.37319867 -35.409082
0.38484605 -0.013316923 0.92288466 189.49892 -0.011069382 0.9997574 0.019042141 -6.8464315 -0.92291444 -0.017544055 0.38460528 -35.132426
0.39466251 -0.015249061 0.91869957 190.11285 -0.012336085 0.99968421 0.021892724 -6.8344221 -0.91874338 -0.019973393 0.39434976 -34.845452
0.4013857 -0.01373821 0.91580604 190.75507 -0.017419093 0.99959215 0.022629662 -6.8348329 -0.9157435 -0.025035733 0.40098269 -34.55621
0.40604448 -0.01606251 0.9137121 191.39613 -0.017539937 0.99952436 0.02536561 -6.8272122 -0.91368501 -0.026326018 0.40556961 -34.259118
0.40774308 -0.020960061 0.91285606 192.03632 -0.01261005 0.9995119 0.028582261 -6.8206203 -0.91300966 -0.02316538 0.40727975 -33.976281
0.4083523 -0.019320704 0.91261988 192.69615 -0.010376081 0.99961314 0.025805187 -6.8171179 -0.91276547 -0.020007025 0.40799385 -33.693614
0.40741588 -0.019623217 0.91303185 193.35975 -0.0076335253 0.99966102 0.024891338 -6.8115132 -0.91321088 -0.017110778 0.40712797 -33.387517
0.40589786 -0.018328787 0.9137346 194.02478 -0.0047643895 0.99974285 0.022170474 -6.8082338 -0.91390607 -0.013352335 0.40570615 -33.10023
0.40628688 -0.019637366 0.91353449 194.69058 -0.0015954943 0.99975227 0.022200289 -6.797827 -0.91374422 -0.010477225 0.4061549 -32.797375
0.40519708 -0.02609286 0.91385689 195.38488 0.002162469 0.99961719 0.027582705 -6.7927218 -0.91422684 -0.0092002438 0.40509839 -32.500048
0.40461701 -0.02905102 0.91402464 196.0588 0.0029778735 0.99953184 0.030450515 -6.786838 -0.91448143 -0.0095989457 0.40451409 -32.196332
0.40302156 -0.031315736 0.91465451 196.74446 0.0036531757 0.99946149 0.03260965 -6.7781528 -0.91518323 -0.0098009975 0.40291892 -31.890873
0.4006938 -0.031511543 0.91566993 197.43617 0.0024169827 0.99944125 0.033336757 -6.7692643 -0.91620888 -0.011144673 0.40054608 -31.592887
0.39969306 -0.031877083 0.91609456 198.12253 0.0013361738 0.99941434 0.034193363 -6.7567528 -0.9166481 -0.012442788 0.39950157 -31.281309
0.39755823 -0.030761695 0.91706112 198.8064 0.00035935223 0.99944302 0.033369312 -6.7502003 -0.91757692 -0.012936696 0.39734785 -30.976066
0.39680151 -0.027775001 0.91748408 199.50133 0.0014146116 0.9995594 0.029647864 -6.7466329 -0.91790339 -0.010466433 0.39666597 -30.679359
0.39585719 -0.021463047 0.91806119 200.18748 -6.3182316e-05 0.99972619 0.023399509 -6.748353 -0.91831212 -0.0093208686 0.39574745 -30.38344
0.39457058 -0.018468308 0.91867998 200.869 -0.0018950496 0.99977951 0.020912578 -6.7347994 -0.91886372 -0.0099924313 0.39444858 -30.08884
0.39353438 -0.021097217 0.91906775 201.57426 -0.0023649075 0.9997101 0.02396099 -6.7279165 -0.9193069 -0.011602983 0.3933704 -29.780593
0.39194551 -0.024204808 0.91966993 202.25456 -0.0037316502 0.99960378 0.027898946 -6.7251902 -0.9199809 -0.014366752 0.39169989 -29.474523
0.38897795 -0.023836546 0.9209386 202.94297 -0.0079770212 0.99954058 0.029240256 -6.72432 -0.92121257 -0.018720161 0.3886091 -29.179816
0.38506773 -0.023493495 0.9225892 203.62935 -0.011428553 0.99947789 0.030221463 -6.7218725 -0.92281759 -0.022181169 0.38459818 -28.89098
0.37779661 -0.024775269 0.92555704 204.3188 -0.010646731 0.99945959 0.031099303 -6.7116859 -0.92582744 -0.021603368 0.37732867 -28.612822
0.36940067 -0.024901462 0.92893648 205.00639 -0.010582076 0.99946336 0.0310001 -6.7020013 -0.92921001 -0.021281534 0.36893893 -28.335375
