1.000000000000000000e+00 4.398956837314658088e-19 2.733407509747682871e-20 -8.673617379884035472e-19 -5.583667658079949532e-19 1.000000000000000000e+00 -6.100159232558060012e-19 0.000000000000000000e+00 4.145284534913582806e-20 -2.210423569125054137e-19 1.000000000000000222e+00 0.000000000000000000e+00
9.999425294960627708e-01 -1.136840199157004329e-03 1.066045564105775299e-02 7.506595643549429653e-02 1.132560792261261490e-03 9.999992756409453731e-01 4.074573160551847486e-04 -5.593979660713552238e-03 -1.066091131702390227e-02 -3.953602781568386904e-04 9.999430927043876371e-01 2.905920118332887547e-01
9.998524049398370694e-01 -2.631510749754785699e-03 1.697773574028771035e-02 9.834043519070279071e-02 2.619901953664699294e-03 9.999963188490775812e-01 7.059724529866645863e-04 -9.310086363873940063e-03 -1.697953130988844386e-02 -6.613882404112559569e-04 9.998556186086898778e-01 5.490159821353481906e-01
9.997869778516246253e-01 -6.414800820465049215e-03 1.961757582344082762e-02 7.858724051317643455e-02 6.438663394794542395e-03 9.999786063318343299e-01 -1.153464769001238651e-03 -1.556266604407691156e-02 -1.960975722482056344e-02 1.279530057232741843e-03 9.998068914562123766e-01 9.280910750271963439e-01
9.998259939258694606e-01 -6.981232202605026048e-03 1.729867910370902137e-02 8.086385394379493052e-02 7.014816290596901684e-03 9.999736257932633210e-01 -1.881504198217229945e-03 -1.852605796559100848e-02 -1.728508794746080879e-02 2.002523900353197356e-03 9.998485963450969294e-01 1.194184591411297180e+00
9.998868242620081448e-01 -1.071687587177490644e-02 1.055875326922171148e-02 8.596827468123693916e-02 1.075548160709670180e-02 9.999356550503022412e-01 -3.606293962744375539e-03 -1.682923010104984962e-02 -1.051942584643480311e-02 3.719450345786725221e-03 9.999377517403511550e-01 1.527117654828073157e+00
9.999369652718925749e-01 -1.114109974112619493e-02 -1.393340234619033042e-03 6.405854169436435430e-02 1.113415841960297033e-02 9.999260361853423706e-01 -4.894145083162067429e-03 -2.695187156802343609e-02 1.447763358140127929e-03 4.878322962464856985e-03 9.999870528899769129e-01 1.858569587088784392e+00
9.997946430364977877e-01 -1.083665644297136105e-02 -1.712421159046490643e-02 1.947800684345228281e-02 1.074844575940942654e-02 9.999285308005302353e-01 -5.234900827218617186e-03 -3.674473059514755946e-02 1.717971685250412398e-02 5.049767182561741910e-03 9.998396657507209184e-01 2.173890520855591646e+00
9.993315361234257344e-01 -6.440786081366156428e-03 -3.598606844945925060e-02 4.008531018401370778e-03 6.241542707688037608e-03 9.999645806818181493e-01 -5.646283386119076153e-03 -3.823025661852434698e-02 3.602116097024594260e-02 5.417900487584291318e-03 9.993363409725721791e-01 2.517127028046634241e+00
9.984300768904932344e-01 -3.833173307371674169e-03 -5.588101839925600778e-02 -4.554924110094735190e-02 3.483249188780946498e-03 9.999737210196718573e-01 -6.358005956953455620e-03 -5.461868899509673969e-02 5.590392220443067550e-02 6.153376872148660047e-03 9.984171911411299227e-01 2.861741155017877070e+00
9.971497038704677518e-01 -3.140444085515378247e-03 -7.538305833340272488e-02 -9.193395886293306840e-02 2.651765474309899021e-03 9.999748235594331236e-01 -6.581822184043551426e-03 -5.685073539739385340e-02 7.540183160082050695e-02 6.363163841532314992e-03 9.971329270159231539e-01 3.215612008238411423e+00
9.953173151949638031e-01 -3.424431970817566444e-03 -9.660080252415247093e-02 -1.427152105970277696e-01 2.824833772129715318e-03 9.999758927386374063e-01 -6.343047493320640509e-03 -6.417324510391679560e-02 9.662019674565522354e-02 6.040463760836791395e-03 9.953029944057556477e-01 3.605319348599106632e+00
9.932496219227850975e-01 -4.496750622278286938e-03 -1.159093067780987973e-01 -2.060976868105131865e-01 3.875495476950962734e-03 9.999768958665302687e-01 -5.584645177237146027e-03 -7.606622958499709153e-02 1.159317435537157437e-01 5.097740660162050803e-03 9.932441010493114897e-01 3.999697981625058851e+00
9.910893636309110466e-01 -4.281473140122644440e-03 -1.331297930624119052e-01 -2.855713286487059355e-01 3.634836417689048943e-03 9.999803895698061718e-01 -5.099846490287571719e-03 -8.327365040735755508e-02 1.331490194872797239e-01 4.570498515325703212e-03 9.910854905825702277e-01 4.396177674000983693e+00
9.887877243227654045e-01 -3.511491888196130624e-03 -1.492866540128752473e-01 -3.762192843441168888e-01 2.885019203886001783e-03 9.999861018489231146e-01 -4.412796012647175921e-03 -8.926141345103461022e-02 1.493000772835867684e-01 3.932623565184873403e-03 9.887841129318951650e-01 4.816193639831995554e+00
9.866742152522132159e-01 -2.790308964620647272e-03 -1.626843767962210252e-01 -4.514447814084209254e-01 2.092411823442146251e-03 9.999878602600047461e-01 -4.461069634602527444e-03 -9.320590462954908562e-02 1.626948524262839813e-01 4.061219557564118600e-03 9.866680759868158290e-01 5.225812478900202507e+00
9.845268590182565394e-01 -3.482279432253991731e-03 -1.751991347981448621e-01 -5.369732062929851724e-01 2.596682801137389397e-03 9.999826692570135123e-01 -5.283788426358536350e-03 -9.730973286038441250e-02 1.752145011244287676e-01 4.747094928601714933e-03 9.845188390563961445e-01 5.669479545295275535e+00
9.827551574296812253e-01 -6.700593527698976010e-03 -1.847901560067950200e-01 -6.377696763845079886e-01 5.467402369101076638e-03 9.999592608111111947e-01 -7.182215573102051533e-03 -1.132902828663592959e-01 1.848307561082135897e-01 6.048037150588608454e-03 9.827517558807548070e-01 6.110100969587147546e+00
9.812066410520113857e-01 -6.111660967517916140e-03 -1.928630971865742394e-01 -7.388800349555095792e-01 4.516099173640944486e-03 9.999518555400216391e-01 -8.711569503300436654e-03 -1.228254280616657979e-01 1.929070573897368190e-01 7.676860875131262356e-03 9.811870025243387694e-01 6.549302358494412779e+00
9.796270085369054303e-01 -5.870152820704513906e-03 -2.007397929836656492e-01 -8.325932946237597498e-01 3.784354062070309586e-03 9.999348113939402483e-01 -1.077272579967294107e-02 -1.186885309780169040e-01 2.007899480510877410e-01 9.793582608419698632e-03 9.795853630342011842e-01 7.021580815225364702e+00
9.780237837032286219e-01 -6.449375643917498561e-03 -2.083935772463033076e-01 -9.441607814692957179e-01 3.779153176870847768e-03 9.999056160508905666e-01 -1.320897366882366197e-02 -1.344168140188219396e-01 2.084591014691513366e-01 1.213113908238716739e-02 9.779558474246788924e-01 7.501790380360928268e+00
9.762324162526484495e-01 -1.004607612695586176e-02 -2.164932902436127460e-01 -1.055530227059792159e+00 6.947957406241326433e-03 9.998623484692312768e-01 -1.506685069774299501e-02 -1.439564486539329502e-01 2.166148560790480959e-01 1.320456183311218001e-02 9.761678363763258703e-01 8.014230212804200448e+00
9.744577260650443273e-01 -1.550293755328398422e-02 -2.240352603698621270e-01 -1.169663443668752967e+00 1.219916520593890968e-02 9.997955881485720564e-01 -1.612334538162031594e-02 -1.619270612794699860e-01 2.242394279960603087e-01 1.297847524928691029e-02 9.744476585652036560e-01 8.524857006202559262e+00
9.724700351843283963e-01 -1.665543524940766434e-02 -2.324319812747362712e-01 -1.304851642799683464e+00 1.267270634631278287e-02 9.997463569205291556e-01 -1.861784939915923226e-02 -1.815208306987220743e-01 2.326831189125588839e-01 1.515975835468085994e-02 9.724344446529218366e-01 9.023767578578482329e+00
9.703538422285036269e-01 -1.284957273871717431e-02 -2.413468624955660280e-01 -1.443554073151034345e+00 7.645376226325714848e-03 9.997178960656313285e-01 -2.248725182494455688e-02 -1.864988788908074624e-01 2.415677333390501558e-01 1.997540361688436225e-02 9.701783417444249658e-01 9.574682895969729657e+00
9.682316139257427512e-01 -9.369422508913996528e-03 -2.498794795722267814e-01 -1.601168645251192180e+00 3.106382487071188917e-03 9.996713501091322174e-01 -2.544684955846659991e-02 -2.031157350830579689e-01 2.500357833009625441e-01 2.386222297598395922e-02 9.679425100673128002e-01 1.010255791182807172e+01
9.658800796076802975e-01 -1.286745267952015687e-02 -2.586698648667015710e-01 -1.771040569597798431e+00 5.935730236380398935e-03 9.996025071929541816e-01 -2.756074578116121665e-02 -2.289040047709762771e-01 2.589216865085742225e-01 2.508498079462593081e-02 9.655725273093884731e-01 1.067238265105252282e+01
9.635602817823475386e-01 -1.383658335477219899e-02 -2.671331704559909426e-01 -1.917433313809069562e+00 6.244198488360966533e-03 9.995526142213053689e-01 -2.925032265448795563e-02 -2.554268397190959661e-01 2.674183880082809939e-01 2.651641660984892235e-02 9.632155973576972396e-01 1.122810469013279189e+01
9.614073174633973595e-01 -1.389578021447673319e-02 -2.747778658555166675e-01 -2.101485657809655017e+00 5.292978819108637954e-03 9.994730544111772863e-01 -3.202495696674772380e-02 -2.803310516897864479e-01 2.750780893706502028e-01 2.933463457425028800e-02 9.609742585683715976e-01 1.178257228001747414e+01
9.590389961202312463e-01 -1.376674327769335064e-02 -2.829393556137125842e-01 -2.288623840799125730e+00 3.845952999376306240e-03 9.993591139212366636e-01 -3.558890356201107469e-02 -2.975280968516452185e-01 2.832479718922896184e-01 3.304297493735179614e-02 9.584773080165526205e-01 1.239529766374919717e+01
9.568273091191107360e-01 -1.506746884433944091e-02 -2.902662055450834777e-01 -2.474743366244416265e+00 3.367587860845341202e-03 9.991630929125780991e-01 -4.076485128564921040e-02 -3.377043289103203172e-01 2.906375078241205667e-01 3.802742610778520743e-02 9.560772749874334453e-01 1.298499240079932093e+01
9.549990656802765931e-01 -1.630247392792176508e-02 -2.961604497622432053e-01 -2.682090715322420049e+00 2.238391625702078423e-03 9.988560833300940134e-01 -4.776520053572803209e-02 -3.728663149110499342e-01 2.966003629167001110e-01 4.495279896793491492e-02 9.539431180568684887e-01 1.359336902330719887e+01
9.537023592136351091e-01 -1.636118313429560378e-02 -3.003067095133478137e-01 -2.895091315148122124e+00 -4.751551717794633210e-04 9.984359602179931903e-01 -5.590534460205354855e-02 -4.010480113217327336e-01 3.007517006110089208e-01 5.345975155519485517e-02 9.522029570933728815e-01 1.420797818070990637e+01
9.524333732416661036e-01 -1.644486651236823360e-02 -3.043028654420730228e-01 -3.100572515396246676e+00 -3.410479326488957078e-03 9.979052600688693708e-01 -6.460232611567337524e-02 -4.477333555260158415e-01 3.047278119246814576e-01 6.256723032283031949e-02 9.503821885599768038e-01 1.483851785306601911e+01
9.511759197495388563e-01 -1.530796082171950387e-02 -3.082694178651938510e-01 -3.326153989932119970e+00 -7.685713000374286806e-03 9.972849176703880714e-01 -7.323744113750718654e-02 -4.957224300892885127e-01 3.085535621688317853e-01 7.203096109899115307e-02 9.484757466417936822e-01 1.547988803225185883e+01
9.496558401489947343e-01 -1.416765595381003218e-02 -3.129745368310093978e-01 -3.546724150118713670e+00 -1.157126322683204971e-02 9.967092621802247088e-01 -8.022937450141943982e-02 -5.555335832177660249e-01 3.130812872049617002e-01 7.981180525484006527e-02 9.463668345064416565e-01 1.613439805370837021e+01
9.481757932496847063e-01 -1.328163934713292790e-02 -3.174685197066749454e-01 -3.799122508422680511e+00 -1.506178860106393430e-02 9.961242017002154281e-01 -8.665862502849604188e-02 -6.184343449828029193e-01 3.173890497725169735e-01 8.694925477988098284e-02 9.443008103056855784e-01 1.678997173793613484e+01
9.465885022444924246e-01 -1.232032739458947639e-02 -3.222086509468924942e-01 -4.043678905981114902e+00 -1.858576393448253816e-02 9.955236395962032692e-01 -9.266742881969486367e-02 -6.871963997970762517e-01 3.219080274439236611e-01 9.370641715508840064e-02 9.421222486904597959e-01 1.746242865004082390e+01
9.447378776338956063e-01 -1.026953952506802666e-02 -3.276658005413599084e-01 -4.275214422439757023e+00 -2.326238141906647114e-02 9.948896179275280582e-01 -9.825227596859936741e-02 -7.610250724257180410e-01 3.270003143030397186e-01 1.004449341350810848e-01 9.396710126141857300e-01 1.814508498034562578e+01
9.430065719077382891e-01 -6.940969993806169261e-03 -3.327017071318055796e-01 -4.540512776884485291e+00 -2.834717857247624068e-02 9.944729352656849208e-01 -1.010941070536609254e-01 -8.395718021903793016e-01 3.315645400601806014e-01 1.047635627031150707e-01 9.375977570687923368e-01 1.883248860774977373e+01
9.414352540525374735e-01 -6.555728272191179568e-03 -3.371300675567273641e-01 -4.809602028347680580e+00 -2.986335168322578823e-02 9.942611568161653368e-01 -1.027274659661451539e-01 -9.163734223240337373e-01 3.358687900290981965e-01 1.067790924718170775e-01 9.358367291933650245e-01 1.952000975565746543e+01
9.392295567660571276e-01 -6.377168607048051482e-03 -3.432304895188657556e-01 -5.089532923305196022e+00 -3.050621464014177317e-02 9.943213802341772656e-01 -1.019527521521059327e-01 -1.007218347297335059e+00 3.419315897824158901e-01 1.062277018700035908e-01 9.337014864252183299e-01 2.023620071935096476e+01
9.369769172632678167e-01 -6.145018254527416859e-03 -3.493372191789264614e-01 -5.360983377536096661e+00 -3.093229550716239742e-02 9.944603174824786507e-01 -1.004583000285927952e-01 -1.095479238443441306e+00 3.480193259024196850e-01 1.049329110229307166e-01 9.315962835628742722e-01 2.096313452802455402e+01
9.344877822134862733e-01 -5.949732758357557418e-03 -3.559454774576067404e-01 -5.642527565614719798e+00 -3.119629814476573490e-02 9.946452206086578984e-01 -9.852753982242580533e-02 -1.178754976596384951e+00 3.546256865196805719e-01 1.031769640448698538e-01 9.292981971365202876e-01 2.168826091864156425e+01
9.315212706313639179e-01 -5.112917837211719899e-03 -3.636509008310973567e-01 -5.942865947718400044e+00 -3.174328347291346247e-02 9.949421705848353614e-01 -9.530184234132235699e-02 -1.260652837955368755e+00 3.622988932712413734e-01 1.003191674991298910e-01 9.266474946367739829e-01 2.238360281661219986e+01
9.279213518088734736e-01 -2.441069761349589848e-03 -3.727680286019844913e-01 -6.270943877584038262e+00 -3.345193296987549608e-02 9.953988347226804256e-01 -8.978935367261296763e-02 -1.341226774890554641e+00 3.712720497017696908e-01 9.578727009015383653e-02 9.235701743057155300e-01 2.317880792015827396e+01
9.244678455878200252e-01 -2.230448565795483274e-04 -3.812599503143865309e-01 -6.592840795222455696e+00 -3.457134943147367051e-02 9.958311833872651730e-01 -8.441016539329693202e-02 -1.422483810661722581e+00 3.796893812365232934e-01 9.121515520850012604e-02 9.206061982293383128e-01 2.391297919785673187e+01
9.209859174119684466e-01 3.537243662077509815e-03 -3.895798053011566564e-01 -6.910841044357032281e+00 -3.786110223452657242e-02 9.960383667290013676e-01 -8.046184800562052042e-02 -1.498066978133735017e+00 3.877518264460959041e-01 8.885415020278759901e-02 9.174712334313326334e-01 2.465578382372309463e+01
9.171361299159775937e-01 4.441218647084817402e-03 -3.985493589365261546e-01 -7.249858802912664935e+00 -3.887543915913677095e-02 9.961669483933355274e-01 -7.835886170118484817e-02 -1.572770002688388180e+00 3.966736966192723202e-01 8.735952496192485317e-02 9.137933546659074979e-01 2.539437620527764494e+01
9.130623191581910270e-01 4.992012949773762774e-03 -4.077895017404932210e-01 -7.602327759245964600e+00 -4.013161587243223999e-02 9.961717027383393264e-01 -7.766203785087756606e-02 -1.654231562325061633e+00 4.058406793487978614e-01 8.727553246354625982e-02 9.097671832820967142e-01 2.617665056020580394e+01
9.092142157851107465e-01 4.699839689996065419e-03 -4.163020751583411672e-01 -7.968036461556780026e+00 -4.028611756514498266e-02 9.962370062809546845e-01 -7.673888259316170857e-02 -1.720921887528300775e+00 4.143748797064010780e-01 8.654327771780684353e-02 9.059821872622104699e-01 2.692567285040654212e+01
9.054401828322153900e-01 4.926180913011639871e-03 -4.244452902169313924e-01 -8.351982076726388371e+00 -4.058423859495481623e-02 9.963564436044056727e-01 -7.501171189983649179e-02 -1.791997589377095856e+00 4.225292858326009648e-01 8.514440746384645264e-02 9.023410863426140072e-01 2.771806348907494666e+01
9.016099138897876175e-01 5.406421574668776771e-03 -4.325162771340697598e-01 -8.748380665733348494e+00 -4.081367497913276216e-02 9.965240720889582127e-01 -7.262243277150907950e-02 -1.867354628833112651e+00 4.306202616199563682e-01 8.312968448781492270e-02 8.986966393478358350e-01 2.849445037231523159e+01
8.976866598648586271e-01 6.278276172275315710e-03 -4.405896503803048980e-01 -9.130589875492880481e+00 -4.050192414346015513e-02 9.968412284743249918e-01 -6.831661158045641835e-02 -1.937095673416553421e+00 4.387690253014411845e-01 7.917163978901706201e-02 8.951053556719013038e-01 2.926802812606202053e+01
8.938574058707794423e-01 7.735766070371768131e-03 -4.482846103073587218e-01 -9.546909940852145837e+00 -4.017515048771345965e-02 9.972109456104016889e-01 -6.289902468029760774e-02 -1.995739446950703710e+00 4.465477556637033607e-01 7.423266098771900967e-02 8.916751751291507322e-01 3.007663773301556276e+01
8.902650650808578980e-01 7.497087067032445935e-03 -4.553810529765767723e-01 -9.982310963619857702e+00 -3.835898962987793065e-02 9.975461496728618149e-01 -5.856848345405236966e-02 -2.067058348872830909e+00 4.538245307990774191e-01 6.960943204876962609e-02 8.883680691696375087e-01 3.087745005878064575e+01
8.864231442048668974e-01 6.432797503728112688e-03 -4.628310968795945612e-01 -1.040727045140999962e+01 -3.672563401460264554e-02 9.977285801847470825e-01 -5.647041838854302553e-02 -2.132597574379161642e+00 4.614165583108167379e-01 6.705445149385441672e-02 8.846459543131939274e-01 3.168531308977539140e+01
8.832191057633231868e-01 6.921299544267880445e-03 -4.689094821258290580e-01 -1.085428054627501204e+01 -3.727176761472802274e-02 9.977641041251450460e-01 -5.547619241249708566e-02 -2.200316107635801544e+00 4.674770900314941802e-01 6.647471848965265384e-02 8.815022895210093967e-01 3.251375191546126331e+01
8.800627942814286397e-01 6.691462634926771333e-03 -4.748101704349013685e-01 -1.128798361875105449e+01 -3.641074739402930943e-02 9.979078759227018036e-01 -5.342404619059747811e-02 -2.253789333663170247e+00 4.734593317697545212e-01 6.430470870895216295e-02 8.784652355291121539e-01 3.333305770046505501e+01
8.770821656696015101e-01 5.475520229489621096e-03 -4.803091595502604338e-01 -1.176466249753712034e+01 -3.481474607867252047e-02 9.980297664459857332e-01 -5.219692333716560717e-02 -2.311738136613878059e+00 4.790770412507688869e-01 6.250283213108352720e-02 8.755447384651717790e-01 3.417236083217061093e+01
8.745270216095953897e-01 4.516949423070563963e-03 -4.849557515565910415e-01 -1.224673383558368656e+01 -3.390507504829454177e-02 9.980794160777503032e-01 -5.184520371720768850e-02 -2.375432169959031725e+00 4.837901794891115159e-01 6.178249287337465867e-02 8.730005672497438418e-01 3.500672825748809913e+01
8.725890906611613040e-01 4.586280307921818990e-03 -4.884334551969973237e-01 -1.272700946253319643e+01 -3.453387556238361050e-02 9.980328884899398734e-01 -5.232365614996701414e-02 -2.431752145844737090e+00 4.872326895453555906e-01 6.252455183622773749e-02 8.710309933237937452e-01 3.584000349387085294e+01
8.708040865097628203e-01 4.292447921220223818e-03 -4.916114451640087868e-01 -1.322663207777829086e+01 -3.465807088722252377e-02 9.980100101126302414e-01 -5.267673014958575151e-02 -2.489854180787015814e+00 4.904070396671798560e-01 6.290941632867261268e-02 8.692199638254208827e-01 3.670564170211402200e+01
8.703959764268704991e-01 4.266172516766911747e-03 -4.923338696317904328e-01 -1.372493316655389428e+01 -3.427866993313499755e-02 9.980610607769820897e-01 -5.195278442779290018e-02 -2.549768043686513330e+00 4.911576330822545744e-01 6.209604487100424397e-02 8.688545709267547767e-01 3.758777921907127251e+01
8.700791396752898255e-01 3.866559341393589495e-03 -4.928968813108532410e-01 -1.423060699688897124e+01 -3.305405511195378537e-02 9.981760199999746286e-01 -5.051794331815970956e-02 -2.613359570135848742e+00 4.918025250868952036e-01 6.024684944938328568e-02 8.686199388713961023e-01 3.848078928892979178e+01
8.699408885809121195e-01 2.709812147436712389e-03 -4.931485602490123243e-01 -1.474826649765051201e+01 -3.138122216590757962e-02 9.982624513657016863e-01 -4.987280967118260661e-02 -2.673704525790276954e+00 4.921565531590544329e-01 5.886200098871881281e-02 8.685143618754526118e-01 3.936041628907557310e+01
8.694574191413790842e-01 1.515577955657049312e-03 -4.940055611958727444e-01 -1.527132143536015718e+01 -3.032179230977924411e-02 9.982735488066035723e-01 -5.030418190494922309e-02 -2.738663689060164774e+00 4.930764532750659956e-01 5.871647829362957455e-02 8.680022990641013125e-01 4.026105113190965312e+01
8.682647152974368732e-01 6.897654495772122707e-05 -4.961011736986876142e-01 -1.579095890167416627e+01 -2.911805152382641176e-02 9.982831102839674342e-01 -5.082293622880024869e-02 -2.799199253557779876e+00 4.952459256217435213e-01 5.857326188596716221e-02 8.667760096840995132e-01 4.117591908273614365e+01
8.668173207063030183e-01 -1.015542398170789446e-03 -4.986248051258477809e-01 -1.633683381125229417e+01 -2.716506383989679418e-02 9.984166184941976052e-01 -4.925764171474304731e-02 -2.861575715781037754e+00 4.978853236196341681e-01 5.624255174983885941e-02 8.654172316063050152e-01 4.208238119147424783e+01
8.648087332304343899e-01 -9.329666526788499021e-04 -5.021005671457013930e-01 -1.687710064669237298e+01 -2.543686921090279954e-02 9.986327843229226842e-01 -4.566757935907173743e-02 -2.926411765725353220e+00 5.014567023382784372e-01 5.226558794367910238e-02 8.636026221163062289e-01 4.303556552329978047e+01
8.619271024641120826e-01 -8.386614282208850607e-04 -5.070315193565654299e-01 -1.742686365140054505e+01 -2.321684144915089898e-02 9.988844547825983522e-01 -4.111963410018643073e-02 -2.987714108544035518e+00 5.065003969443320209e-01 4.721379744937977824e-02 8.609461134401547033e-01 4.393850777798881779e+01
8.580102635255191235e-01 -2.449215434928253814e-03 -5.136266969749936351e-01 -1.797518868246669044e+01 -2.054061512738441023e-02 9.990250683143023780e-01 -3.907679677891390951e-02 -3.051452202126762270e+00 5.132216623701318925e-01 4.407850095063366169e-02 8.571234544535903943e-01 4.482492718186923497e+01
8.527562252631383233e-01 -4.668039982626404419e-03 -5.222882578956390409e-01 -1.852644118050966071e+01 -1.955924842030329694e-02 9.989732786743343862e-01 -4.086348405990006261e-02 -3.115516786628025336e+00 5.219427747734971534e-01 4.506215615120569284e-02 8.517893796315727517e-01 4.574673239386707024e+01
8.469542602601278780e-01 -7.683565898558208582e-03 -5.316102315864185135e-01 -1.908852912966228388e+01 -1.862478736398066881e-02 9.988530740649618211e-01 -4.410956536181909193e-02 -3.178993667759489661e+00 5.313394419303217875e-01 4.725991178946096355e-02 8.458397624089194489e-01 4.662193656900846150e+01
8.407350378118724210e-01 -8.174968873409843920e-03 -5.413850389293102250e-01 -1.968602961657503414e+01 -1.853511431107237456e-02 9.988654343503124977e-01 -4.386677133507967813e-02 -3.236562146715616262e+00 5.411294208746020296e-01 4.691496519294562073e-02 8.396296454854563773e-01 4.753706263337897298e+01
8.350487663622947476e-01 -5.076599842980025409e-03 -5.501525061763218316e-01 -2.028572139572982280e+01 -1.956327367362032874e-02 9.990510791951818792e-01 -3.891297362991325004e-02 -3.282525357739352057e+00 5.498280100907242396e-01 4.325701457545887835e-02 8.341570570664978979e-01 4.839080361810585629e+01
8.297430354197626867e-01 -8.913743356451006962e-04 -5.581448688119046153e-01 -2.088691239905180197e+01 -2.174726306352993063e-02 9.991877318821233978e-01 -3.392540415598635506e-02 -3.349553319328468337e+00 5.577217553812560125e-01 4.028749098461550937e-02 8.290496774295890159e-01 4.927959246369050561e+01
8.257194483121553796e-01 -7.395260298325372723e-04 -5.640805258275639611e-01 -2.150171293439591480e+01 -2.311181511434511060e-02 9.991150610449741620e-01 -3.514169659345230817e-02 -3.400157672540903508e+00 5.636073469127960145e-01 4.205410703030679209e-02 8.249716460012275210e-01 5.017361242908698671e+01
8.223450158751456351e-01 -2.488789332688539843e-03 -5.689837207985486423e-01 -2.212052861489491207e+01 -2.428836191203437994e-02 9.989253991763862306e-01 -3.947305917888539045e-02 -3.447123840766637581e+00 5.684705403491475684e-01 4.628015592971596731e-02 8.214008754173934834e-01 5.103471872498938922e+01
8.192809163645496939e-01 -5.101006431188236101e-03 -5.733696481931762623e-01 -2.273163073610760421e+01 -2.603982927175728032e-02 9.985977414857002410e-01 -4.609206045111058359e-02 -3.529165387148644584e+00 5.728007614845459505e-01 5.269279324896567612e-02 8.179992441817779403e-01 5.188968688051168243e+01
8.163001137317931200e-01 -5.817857431650015274e-03 -5.775987105469089222e-01 -2.335637802255411088e+01 -2.686339234354118491e-02 9.984849595633911168e-01 -4.802232526329756196e-02 -3.578726495880307112e+00 5.770030221225413980e-01 5.471689034506343335e-02 8.149070994641853805e-01 5.276539703123283687e+01
8.130987380238524631e-01 -4.482083347866044551e-03 -5.821085350921091361e-01 -2.398568262238375581e+01 -2.618008645006158694e-02 9.986770267648168442e-01 -4.425832500815646969e-02 -3.644191095012168535e+00 5.815368006000041223e-01 5.122603993875482487e-02 8.119056896333650686e-01 5.360469383725138215e+01
8.098105308446519324e-01 -2.989325807302911728e-03 -5.866838684005366567e-01 -2.464918620529256188e+01 -2.440778478242334668e-02 9.989496165779172543e-01 -3.878045418073720885e-02 -3.702852796782271305e+00 5.861835629078612220e-01 4.572447368171794757e-02 8.088869572817087850e-01 5.449561332287566984e+01
8.067582217588421534e-01 -8.662912549982471717e-04 -5.908810493241363204e-01 -2.528873639336529067e+01 -2.512069078462072017e-02 9.990445163600825129e-01 -3.576318321884717349e-02 -3.762484666087934304e+00 5.903474636594292502e-01 4.369558210494232237e-02 8.059656164628715702e-01 5.535297928654063782e+01
8.036995709585453840e-01 -8.064541048175819828e-04 -5.950347405586657867e-01 -2.592621710511244260e+01 -2.573959093013549956e-02 9.990159312026340999e-01 -3.611983820502307624e-02 -3.815700715014368249e+00 5.944783246779511421e-01 4.434544915840366031e-02 8.028879183162929145e-01 5.619814978683604778e+01
8.001656913871123544e-01 -1.704383997862035692e-03 -5.997765871570690521e-01 -2.658001728541949049e+01 -2.599653392139318620e-02 9.989576388819433328e-01 -3.752087410163931075e-02 -3.865008051962902869e+00 5.992153636703050346e-01 4.561502844729702077e-02 7.992873225391124992e-01 5.705106792018227679e+01
7.962514390876317405e-01 -3.699503896993823222e-03 -6.049545044162256691e-01 -2.723621721303330290e+01 -2.588113816535565770e-02 9.988574735951505357e-01 -4.017355073589425063e-02 -3.930873852084647346e+00 6.044119605465287925e-01 4.764515860195601971e-02 7.952459542619856325e-01 5.792036347289986509e+01
7.920411252368971811e-01 -4.380960196251894659e-03 -6.104520095761177823e-01 -2.789499586878888948e+01 -2.571516048123279746e-02 9.988472439155524629e-01 -4.053287420742927860e-02 -3.983624851989328697e+00 6.099258907295178611e-01 4.780157458862685504e-02 7.910154387637290396e-01 5.875340679207352679e+01
7.874624836655288451e-01 -4.869014410156225457e-03 -6.163433477089844681e-01 -2.857676515795914440e+01 -2.482280699516335384e-02 9.989070103278659962e-01 -3.960571949736609726e-02 -4.045521828794159447e+00 6.158625422317004494e-01 4.648739008889213320e-02 7.864809335548601510e-01 5.961611189508687403e+01
7.827413249443260224e-01 -4.715760840099602128e-03 -6.223293118921137124e-01 -2.925822749881533369e+01 -2.497071839602884105e-02 9.989280670434254050e-01 -3.897666151035948656e-02 -4.102081206193141760e+00 6.218460319281871040e-01 4.604865354340093725e-02 7.817845236503315753e-01 6.044164547228380258e+01
7.771684489377008731e-01 -5.786634190298515362e-03 -6.292660083817904759e-01 -2.995548973588930508e+01 -2.472384574272286709e-02 9.989048988924691397e-01 -3.972070576173801493e-02 -4.156787327573884916e+00 6.288067585145816762e-01 4.642755488233613059e-02 7.761743039317278159e-01 6.129438470260195970e+01
7.717834218157447745e-01 -7.254135982250171054e-03 -6.358441001070781473e-01 -3.066369789122849809e+01 -2.408516670215546385e-02 9.988839166677073722e-01 -4.063035578830485883e-02 -4.220134432286620552e+00 6.354291941868634996e-01 4.667224603767586300e-02 7.707473310115382503e-01 6.212582416364625004e+01
7.664531089228669991e-01 -8.187759623553596960e-03 -6.422480709129559928e-01 -3.134429530163899358e+01 -2.390024633826862144e-02 9.988626956988593264e-01 -4.125643476365659090e-02 -4.286930855024308151e+00 6.418554482572244035e-01 4.697100966091877217e-02 7.653857299258508551e-01 6.293161079817910775e+01
7.609005818998032522e-01 -9.280771463270101260e-03 -6.488020990832369383e-01 -3.206492472176293518e+01 -2.382369286519830237e-02 9.988239416102454582e-01 -4.222754275329763940e-02 -4.335918322049187701e+00 6.484309852852738754e-01 4.758782366111897338e-02 7.597846170391954201e-01 6.377780110090192522e+01
7.545057211752400628e-01 -1.143897001354560357e-02 -6.561937660030673358e-01 -3.278080659590476387e+01 -2.249700292802857618e-02 9.988096940619385355e-01 -4.327909363762129369e-02 -4.401815827007336424e+00 6.559077742311445469e-01 4.741671669477073164e-02 7.533502869048800399e-01 6.458843831168026384e+01
7.483261516711229300e-01 -1.245104813034039054e-02 -6.632140935073850274e-01 -3.353688030479883508e+01 -2.171132416163000511e-02 9.988283675577106502e-01 -4.324940002270074441e-02 -4.465225664774113312e+00 6.629755621535453614e-01 4.676391310537724583e-02 7.471790606540100743e-01 6.542703647357274122e+01
7.422364526915357086e-01 -1.269629096513021950e-02 -6.700177938193170313e-01 -3.429512601984610143e+01 -2.074018500497329387e-02 9.989063454011527510e-01 -4.190415109501977736e-02 -4.529222072946232025e+00 6.698170646259979932e-01 4.499908129212194796e-02 7.411613798897405125e-01 6.624014004325616156e+01
7.361347878400151812e-01 -1.318987893171395462e-02 -6.767064301538656679e-01 -3.502941906122874371e+01 -1.976979022716492812e-02 9.989644811851704498e-01 -4.097707601643642283e-02 -4.592583071514913406e+00 6.765461822562093275e-01 4.354299514042745539e-02 7.351117462186432805e-01 6.703406091750557039e+01
7.292641993474549000e-01 -1.474392536708284997e-02 -6.840733406789883952e-01 -3.580110749315686292e+01 -1.873661554377250432e-02 9.989625924152916170e-01 -4.150515900893112647e-02 -4.650016439978153393e+00 6.839756385740649591e-01 4.308544554346722955e-02 7.282314048262569228e-01 6.785494459309866500e+01
7.227965453542046781e-01 -1.638276025894480625e-02 -6.908666660377255075e-01 -3.658615412180915882e+01 -1.842880025614132902e-02 9.989064697841710805e-01 -4.296794124045558855e-02 -4.720319732201931018e+00 6.908151278616493363e-01 4.378892308557209845e-02 7.217042318365215481e-01 6.864820179232664543e+01
7.170798622662010180e-01 -1.508468790516968513e-02 -6.968277507603755083e-01 -3.737983703446032990e+01 -2.084163668753188231e-02 9.988546350171984001e-01 -4.307022544821469123e-02 -4.780839714776321969e+00 6.966793415824400482e-01 4.540782196041281277e-02 7.159441554863615886e-01 6.944287127618189004e+01
7.116541755509740996e-01 -1.564542448552260281e-02 -7.023557117916906511e-01 -3.819655137168470560e+01 -1.981780745234070287e-02 9.989070532984732909e-01 -4.233147070174514415e-02 -4.844833669838205736e+00 7.022503803772176534e-01 4.404451793782586388e-02 7.105663184343647965e-01 7.026262033815628172e+01
7.069540604369602965e-01 -1.577642378885231456e-02 -7.070834827243114296e-01 -3.899380732831667018e+01 -2.004664909612678333e-02 9.989025297763362010e-01 -4.233046066833232035e-02 -4.897078154741377531e+00 7.069753151405939740e-01 4.410034530258972324e-02 7.058619359582279928e-01 7.104681763722099674e+01
7.021210696270502316e-01 -1.574851414218789505e-02 -7.118834022699545017e-01 -3.982903335998154404e+01 -2.103002369360987972e-02 9.988606408395329650e-01 -4.283874789195890598e-02 -4.972846830294549214e+00 7.117469703005524506e-01 4.504891210610586366e-02 7.009899109194142053e-01 7.184596212309979535e+01
6.968555428191266499e-01 -1.787577288941781181e-02 -7.169887025615270248e-01 -4.065037879406668964e+01 -2.106102861795784709e-02 9.987482074516729202e-01 -4.537015781446705753e-02 -5.040203503691175868e+00 7.169022204502560891e-01 4.671696534549501373e-02 6.956067430760853876e-01 7.263884688932220968e+01
6.915748057513239067e-01 -2.012889842539565891e-02 -7.220243110794836161e-01 -4.149069013190955246e+01 -2.064300503770573336e-02 9.986525123575533680e-01 -4.761329580190939992e-02 -5.103710060591792441e+00 7.220098078918147921e-01 4.783290710451848504e-02 6.902273972990286000e-01 7.341756536948068401e+01
6.869171218145294633e-01 -2.058100309332296790e-02 -7.264442719514622171e-01 -4.234186927272955359e+01 -2.165023058140350815e-02 9.985757042729653810e-01 -4.876300221697235648e-02 -5.165720480539443216e+00 7.264132045074194188e-01 4.922382695389684870e-02 6.854931662403440651e-01 7.420969491434595966e+01
6.818399448295794363e-01 -2.032325875184948227e-02 -7.312190129158008256e-01 -4.321073969539031623e+01 -2.105729931800745872e-02 9.986544091563778203e-01 -4.739157363067850182e-02 -5.245478294639538852e+00 7.311982551342217640e-01 4.771096538142610699e-02 6.804945153171707561e-01 7.499360741007238573e+01
6.770887540322512166e-01 -2.055557254013656854e-02 -7.356142178823816824e-01 -4.406903690577474464e+01 -2.030322909783677937e-02 9.987074977942312914e-01 -4.659520114586774425e-02 -5.310414840265458736e+00 7.356212386115141832e-01 4.648443047603902784e-02 6.757962718488729204e-01 7.576922955436073437e+01
6.719255910055517145e-01 -2.083304154674057995e-02 -7.403255867267700685e-01 -4.491748336398590169e+01 -2.015851250809230430e-02 9.987194999395085926e-01 -4.640037549279723422e-02 -5.388773701618950085e+00 7.403442734919303270e-01 4.610146211382732534e-02 6.706452281469361676e-01 7.653775217177303603e+01
6.671875918505947300e-01 -2.177259641003531643e-02 -7.445714613447276253e-01 -4.581414238202045652e+01 -1.949678595929638450e-02 9.987198489492334907e-01 -4.667481850272820615e-02 -5.449795968462933793e+00 7.446345422399762715e-01 4.565760995110435677e-02 6.659089963377700094e-01 7.731628843895241232e+01
6.624774415966299124e-01 -2.266515547993226340e-02 -7.487388862074833007e-01 -4.671203946818684472e+01 -1.845774282809472394e-02 9.987447484776139639e-01 -4.656435488681694851e-02 -5.523323206151838249e+00 7.488544318462347915e-01 4.466786427111569396e-02 6.612275192104427601e-01 7.810157701601072233e+01
6.585448330662910799e-01 -2.341377017761811508e-02 -7.521771651255184654e-01 -4.758679894089934237e+01 -1.717020437755659851e-02 9.987881873976431901e-01 -4.612310507703295398e-02 -5.589497085338624771e+00 7.523455961238620926e-01 4.328916794091516862e-02 6.573447819661532021e-01 7.886571419229125013e+01
6.545528023058720946e-01 -2.608927907086791911e-02 -7.555659917927582958e-01 -4.850957269991931753e+01 -1.459635406960653643e-02 9.987820031355559847e-01 -4.713233157360318532e-02 -5.660924937331977880e+00 7.558753763823632399e-01 4.187910819006752938e-02 6.533747517421990558e-01 7.964477393160684926e+01
6.504081603662875688e-01 -3.033141333581482538e-02 -7.589790640397902077e-01 -4.940169503882768964e+01 -1.177604561160691156e-02 9.986796821148450354e-01 -5.000217287269052846e-02 -5.741348750389515310e+00 7.594936200902833168e-01 4.145959308523101960e-02 6.491922317891649641e-01 8.042671230291628603e+01
6.456082385601327189e-01 -3.453354450919735724e-02 -7.628875578118000655e-01 -5.031864317229305783e+01 -7.846115683958286569e-03 9.986243448126030930e-01 -5.184454087013003198e-02 -5.812230908925973161e+00 7.636284765292066234e-01 3.945696646017966130e-02 6.444491511147665275e-01 8.119160482778947596e+01
6.388538590132130102e-01 -3.837770117205231701e-02 -7.683702805236147793e-01 -5.124685023334295408e+01 -2.360922442206350638e-03 9.986524803740214340e-01 -5.184254506493068959e-02 -5.894459959544057881e+00 7.693244974806384695e-01 3.493387228917257253e-02 6.379023851946397095e-01 8.195456590848800715e+01
6.306528924211410869e-01 -4.223515611032605671e-02 -7.749149048852581600e-01 -5.217357142922409707e+01 2.651738777274937394e-03 9.986294588894794044e-01 -5.227018366524093657e-02 -5.976526900255107577e+00 7.760605049265461020e-01 3.090947024798690324e-02 6.299005543870910273e-01 8.272291027385074358e+01
6.216854716240250989e-01 -4.289128501698140361e-02 -7.820917470442880770e-01 -5.311020555881609795e+01 4.617354820960931777e-03 9.986829092826263743e-01 -5.109918511381371375e-02 -6.060257178991029114e+00 7.832533845129355798e-01 2.815642550236529401e-02 6.210647008326359853e-01 8.346302227864553913e+01
6.128669694348867214e-01 -4.231361261031101745e-02 -7.890523585482511759e-01 -5.406245884544755853e+01 6.723845520606621176e-03 9.988083331319781433e-01 -4.833946155783547249e-02 -6.125122932834397460e+00 7.901575019049841275e-01 2.432019270531672606e-02 6.124211474687081269e-01 8.420923877946448499e+01
6.041319928317345767e-01 -4.211296581777817377e-02 -7.957707092705829099e-01 -5.507013521440374149e+01 6.266533087439091036e-03 9.988228065349881168e-01 -4.810126490844329750e-02 -6.206705096588557069e+00 7.968596338924893718e-01 2.407278910231162861e-02 6.036847160021414638e-01 8.493853629892740287e+01
5.944965810577729215e-01 -4.284952167880865664e-02 -8.029556163285592740e-01 -5.604901762747036997e+01 4.281664209447780430e-03 9.987336694847140928e-01 -5.012708617674655615e-02 -6.272379571941037568e+00 8.040867446933583906e-01 2.636239459725143661e-02 5.939272202796413991e-01 8.564785384983680672e+01
5.845921892209854365e-01 -4.469128359946707846e-02 -8.100954570101711605e-01 -5.703490575976674393e+01 4.776957960141201866e-03 9.986540064062787714e-01 -5.164645330208409574e-02 -6.367811611394843752e+00 8.113132340297258827e-01 2.632232082579488361e-02 5.840188213925567862e-01 8.636229259237738631e+01
5.746539421943852588e-01 -4.613627539084251550e-02 -8.170950242277601472e-01 -5.803717789847094366e+01 4.813145471983436285e-03 9.985829796310261575e-01 -5.299873959014354124e-02 -6.430748146084799721e+00 8.183823625259097900e-01 2.652313698439645595e-02 5.740617075981542250e-01 8.706111339235818036e+01
5.645188223760243540e-01 -4.735259495071705849e-02 -8.240608099808164333e-01 -5.906873067802506938e+01 7.950456225816714129e-03 9.986187303047432406e-01 -5.193670861450637444e-02 -6.514185441836612078e+00 8.253819119539405058e-01 2.276758971252498473e-02 5.641155455178991085e-01 8.775460662997622308e+01
5.543206949795099758e-01 -4.765126842937956325e-02 -8.309379707021219419e-01 -6.010908333662203518e+01 1.000011747131972217e-02 9.986689871636791338e-01 -5.059892979851578904e-02 -6.594424862466108372e+00 8.322430991758211771e-01 1.973855610435791552e-02 5.540594064614010605e-01 8.844179241796480540e+01
5.439703676534941579e-01 -4.790926471041792589e-02 -8.377355959366891147e-01 -6.115017313549420663e+01 9.934107602183014571e-03 9.986664391098603044e-01 -5.066218383146926102e-02 -6.677699887505242238e+00 8.390456269967327962e-01 1.923657069470676925e-02 5.437208870065626254e-01 8.912139346566672771e+01
5.334404620607691161e-01 -4.858675995313618129e-02 -8.444409909723084029e-01 -6.220037366906181120e+01 8.669822425806772426e-03 9.986104686715217005e-01 -5.198043871299447977e-02 -6.758835354188211575e+00 8.457931894849487486e-01 2.040731529246858286e-02 5.331204695870722654e-01 8.977600220436933398e+01
5.233907450586834376e-01 -4.924924280482087524e-02 -8.506683413259868987e-01 -6.328018950474554316e+01 7.869044624044866515e-03 9.985650936639089981e-01 -5.297010310933097238e-02 -6.835177388289992884e+00 8.520564641369314796e-01 2.103011408361240425e-02 5.230272740394549258e-01 9.041586853187136796e+01
5.137292151567931509e-01 -4.956604684154363588e-02 -8.565194026947302586e-01 -6.434133303606421350e+01 5.674035663214743556e-03 9.985042257852116965e-01 -5.437937460066685075e-02 -6.925881248942690860e+00 8.579336285203332801e-01 2.307635130134755991e-02 5.132420329564891803e-01 9.105733447274191406e+01
