1.000000000000000000e+00 4.398956837314658088e-19 2.733407509747682871e-20 -8.673617379884035472e-19 -5.583667658079949532e-19 1.000000000000000000e+00 -6.100159232558060012e-19 0.000000000000000000e+00 4.145284534913582806e-20 -2.210423569125054137e-19 1.000000000000000222e+00 0.000000000000000000e+00
9.999490784014071210e-01 -1.084936396153661411e-03 1.003312172451452031e-02 5.243989352733458009e-02 1.080312083856438442e-03 9.999993077374574879e-01 4.663135407556256540e-04 -9.601185455283087200e-03 -1.003362087268841289e-02 -4.554508868223230262e-04 9.999495582300218510e-01 2.751074660613248568e-01
9.998675268461962862e-01 -2.848655189843458512e-03 1.602541560613461244e-02 6.072027218921853542e-02 2.834027058973457441e-03 9.999955466037829810e-01 9.354452683775944799e-04 -7.960330937320125866e-03 -1.602800927602743633e-02 -8.899048768695116355e-04 9.998711471835103337e-01 5.243456984605685545e-01
9.997860294563958306e-01 -6.710082004258531053e-03 1.956706764514156913e-02 6.339212018805338855e-02 6.730731599778863941e-03 9.999768586439053975e-01 -9.896549407308974453e-04 -2.043854131162863019e-02 -1.955997450984618344e-02 1.121143897370367477e-03 9.998080567851581613e-01 9.319320668096180427e-01
9.998358146400758706e-01 -7.447659869678641305e-03 1.651896356630465010e-02 6.036326927976511103e-02 7.474674454960353841e-03 9.999708250952483723e-01 -1.574225852701431659e-03 -2.099335470206119270e-02 -1.650675761498558713e-02 1.697441298968829565e-03 9.998623133348605307e-01 1.178858920078312611e+00
9.998773735530620543e-01 -1.153540720160390817e-02 1.059114113497301203e-02 6.566274596952768883e-02 1.157874231401344149e-02 9.999248048783445642e-01 -4.039467258068972152e-03 -2.505293809188405274e-02 -1.054374801828284261e-02 4.161604062666818954e-03 9.999357531440893343e-01 1.546487038659907887e+00
9.999290989801298268e-01 -1.172033521426431822e-02 -2.104940090348796176e-03 5.378160496207250868e-02 1.171029265671762014e-02 9.999202847029503571e-01 -4.721574485474186109e-03 -3.766032673967070754e-02 2.160110764462236810e-03 4.696590305933813492e-03 9.999866378923738530e-01 1.809308832998293814e+00
9.997778581569501943e-01 -1.132373521073705772e-02 -1.777659555185920337e-02 1.378594747381028940e-02 1.122975893083191443e-02 9.999224846228237373e-01 -5.377475346368087473e-03 -4.135676467066672080e-02 1.783611100453207435e-02 5.176653940460916418e-03 9.998275228396910075e-01 2.124411216086628418e+00
9.993286656744533314e-01 -6.664196525050346785e-03 -3.602507994269314034e-02 -1.162880414230975726e-04 6.464539108339564799e-03 9.999631100116886939e-01 -5.655823467031775159e-03 -4.382761492530283520e-02 3.606144311708166933e-02 5.419141001614346392e-03 9.993348814601694663e-01 2.506783613541142763e+00
9.984454487317937499e-01 -3.650002765440579690e-03 -5.561801202513660253e-02 -5.096838684102244360e-02 3.283264594458870731e-03 9.999722729491736795e-01 -6.683823863869011242e-03 -5.966038139142371133e-02 5.564086683502272868e-02 6.490824878208213689e-03 9.984297487856728104e-01 2.868333358917845910e+00
9.971210994230095270e-01 -2.895502535123063367e-03 -7.577023789220788119e-02 -1.149135861982939905e-01 2.394069643191986622e-03 9.999746365873839471e-01 -6.707802103880687594e-03 -5.825021425475963854e-02 7.578773986487354064e-02 6.507091774156855378e-03 9.971027411688834219e-01 3.179863919819291951e+00
9.952979665864886138e-01 -3.861116326228965223e-03 -9.678351718637277779e-02 -1.650163471308296048e-01 3.276875492638053888e-03 9.999754429983878090e-01 -6.194794760912052979e-03 -6.560865672678706240e-02 9.680506096767055313e-02 5.848519060786048877e-03 9.952861775848425019e-01 3.574249102107491360e+00
9.932427678887625344e-01 -4.785419226844806785e-03 -1.159564720635924417e-01 -2.198786499693735352e-01 4.167502208979226297e-03 9.999757991582337580e-01 -5.570728540665306414e-03 -7.928275029456306744e-02 1.159803260947787351e-01 5.049836924588190987e-03 9.932386739846361667e-01 3.981546429564378098e+00
9.909812277149578907e-01 -4.563316499571623205e-03 -1.339230449557859970e-01 -3.027784353011693796e-01 3.928904613102900470e-03 9.999797764820750334e-01 -5.001032798394561274e-03 -8.928584393080614412e-02 1.339431601716969122e-01 4.429758674202910300e-03 9.909791156106712018e-01 4.371153132446496947e+00
9.887622168697535185e-01 -3.661657440141523941e-03 -1.494518991776872807e-01 -3.799854118884801735e-01 3.043896897831998346e-03 9.999858535388531644e-01 -4.362041839986769906e-03 -9.398112317585320674e-02 1.494657598498949358e-01 3.858105888421647141e-03 9.887593753002111852e-01 4.812458304216676197e+00
9.865735828407959929e-01 -2.748903839065772615e-03 -1.632942389837591934e-01 -4.604131661964725453e-01 2.056799952540692370e-03 9.999881725644189645e-01 -4.407301010107022611e-03 -9.486216159548445381e-02 1.633044257024350854e-01 4.012263054329693809e-03 9.865675683790188222e-01 5.200411000442289655e+00
9.844184179048397487e-01 -4.184045362618505487e-03 -1.757921257717851293e-01 -5.546458844014507950e-01 3.281468434863424408e-03 9.999799019753626839e-01 -5.424721662572966514e-03 -1.035594686132598613e-01 1.758112930189169587e-01 4.763339490513739984e-03 9.844123630978158790e-01 5.652665185516727142e+00
9.827717213896977055e-01 -6.714797312679022211e-03 -1.847015276053929622e-01 -6.206779675946078045e-01 5.462697377332762991e-03 9.999585278532302501e-01 -7.287077746805445053e-03 -1.199831886776692863e-01 1.847428020802877324e-01 6.152565282828402655e-03 9.827676449002863412e-01 6.102577035330448041e+00
9.811246677214829903e-01 -5.861307769895673751e-03 -1.932874298979778693e-01 -7.310846418560411619e-01 4.247298361454603273e-03 9.999525784428785480e-01 -8.763635971491868376e-03 -1.270615323646085704e-01 1.933296336154138317e-01 7.777269944968342140e-03 9.811030362546179218e-01 6.522850623930079195e+00
9.796234146801623410e-01 -5.959367403962529362e-03 -2.007547020290651463e-01 -8.388716786578036544e-01 3.837659485404106875e-03 9.999326149641738493e-01 -1.095618066413335707e-02 -1.242330026758128037e-01 2.008064695403005417e-01 9.962502839664579002e-03 9.795802730238666323e-01 7.011845058522942153e+00
9.779677602490411958e-01 -6.282444292314954236e-03 -2.086614237886596501e-01 -9.607013563047110960e-01 3.583139607870759313e-03 9.999049744632851899e-01 -1.331176730217030479e-02 -1.363120242318152653e-01 2.087252296644137306e-01 1.227081616763222791e-02 9.778973395030867710e-01 7.493951632763555359e+00
9.762159720289250719e-01 -1.029879039027935782e-02 -2.165555581842945054e-01 -1.068526134903760472e+00 7.167706822429739145e-03 9.998581876695014081e-01 -1.523904581140141275e-02 -1.520808024881161735e-01 2.166817954146722236e-01 1.332439309944233839e-02 9.761513515781955475e-01 8.006414768659846359e+00
9.743923232855256078e-01 -1.573209131604934655e-02 -2.243035899681520839e-01 -1.168200402331144971e+00 1.234060133426205172e-02 9.997874752580818702e-01 -1.651405022600005781e-02 -1.689926944367622086e-01 2.245157243281683257e-01 1.332312251336379913e-02 9.743793845875756698e-01 8.528635116914912828e+00
9.723167649831911952e-01 -1.674332817945072688e-02 -2.330660169616095845e-01 -1.300510108038773982e+00 1.272031099567848787e-02 9.997432126680660947e-01 -1.875373004143401565e-02 -1.926415458583987106e-01 2.333201724447246661e-01 1.526989384609024787e-02 9.722800670207535356e-01 9.020347680611788377e+00
9.702795879612405860e-01 -1.281156662723767839e-02 -2.416472297110079659e-01 -1.469362310248025105e+00 7.515986273550374734e-03 9.997112549589672881e-01 -2.282359842421919152e-02 -1.973761001110611590e-01 2.418698654934427206e-01 2.032905438845825780e-02 9.700957164356741602e-01 9.547953256107014397e+00
9.680928679916561697e-01 -1.030540302178723638e-02 -2.503797040565485799e-01 -1.608660942409779970e+00 3.947711524667145248e-03 9.996572315980436496e-01 -2.588116843231428460e-02 -2.093783879078666699e-01 2.505606019932546946e-01 2.406694773131987791e-02 9.678017194511027155e-01 1.010395036539256175e+01
9.659065464005968105e-01 -1.235937845452996127e-02 -2.585958002292854663e-01 -1.770600164842644153e+00 5.333243246425522013e-03 9.995977676824979730e-01 -2.785425191109763832e-02 -2.335680465056736155e-01 2.588360503406409441e-01 2.552544996826333970e-02 9.655839435013169325e-01 1.065836068797976033e+01
9.635124018490128783e-01 -1.442461144868873585e-02 -2.672747284955619973e-01 -1.932996739991947210e+00 6.777580510174316050e-03 9.995414587547200025e-01 -2.951163531004817597e-02 -2.660898772549453728e-01 2.675778704902144201e-01 2.662335064043321389e-02 9.631683560074866257e-01 1.122012361087286436e+01
9.612625610981151425e-01 -1.428041471443944332e-02 -2.752641580846655889e-01 -2.113224820084833144e+00 5.671697066752014356e-03 9.994703322057938433e-01 -3.204507574716081164e-02 -2.868088015847785055e-01 2.755759812412676424e-01 2.924251669318706295e-02 9.608344058442952473e-01 1.179034290349970604e+01
9.589872690121525878e-01 -1.365264802964881972e-02 -2.831201535163164196e-01 -2.313024882987638531e+00 3.733552455500495620e-03 9.993611039041243593e-01 -3.554496558553664476e-02 -3.063761133576670681e-01 2.834245569368455397e-01 3.303012558487140177e-02 9.584255490581439219e-01 1.238009607908648313e+01
9.568510821471624128e-01 -1.539968949786840041e-02 -2.901703884509514997e-01 -2.507128970406452328e+00 3.649173456160281336e-03 9.991527737756465966e-01 -4.099290396939283404e-02 -3.419597138746496290e-01 2.905558314765605554e-01 3.816522254144547738e-02 9.560966093551417355e-01 1.297375237817160709e+01
9.548664417787543490e-01 -1.621134976738454470e-02 -2.965927656031887572e-01 -2.698342927802073188e+00 2.041400564766658859e-03 9.988441323575959485e-01 -4.802324357596161886e-02 -3.852337837390329978e-01 2.970284703216488076e-01 4.525031923402898087e-02 9.537958368214508598e-01 1.358746572935998920e+01
9.534158949544224715e-01 -1.592513443893086092e-02 -3.012383099670960518e-01 -2.895046141016777597e+00 -1.059232266498721107e-03 9.984226461656549034e-01 -5.613463846378099337e-02 -4.143501438113895152e-01 3.016571074002076802e-01 5.383873813850145740e-02 9.518951527322948580e-01 1.421404258817011623e+01
9.524073854889488766e-01 -1.658467627469017297e-02 -3.043766065151316536e-01 -3.113835087688435976e+00 -3.315992598506167181e-03 9.978960982276634528e-01 -6.474860088582105877e-02 -4.672353285782600563e-01 3.048100678361317928e-01 6.267635656876224814e-02 9.503486196531882868e-01 1.484592832936310280e+01
9.511097727209225638e-01 -1.621618872139835021e-02 -3.084270309560964152e-01 -3.335303826004791361e+00 -6.895386643691703982e-03 9.972568815867773884e-01 -7.369644326711884130e-02 -5.109065077643990538e-01 3.087760597974342214e-01 7.222013143053027107e-02 9.483889495172691531e-01 1.547380192197174864e+01
9.496820063331885553e-01 -1.496753959361502712e-02 -3.128578870940599832e-01 -3.552888153701452278e+00 -1.089347735659500736e-02 9.966748990535856390e-01 -8.074947508748216152e-02 -5.669288107895303908e-01 3.130262293455633449e-01 8.009443428262909281e-02 9.463611696640297222e-01 1.612018400441775867e+01
9.480977100970453542e-01 -1.339939534117847927e-02 -3.176966889405458128e-01 -3.799740327333741785e+00 -1.508666123264756909e-02 9.960910340194537582e-01 -8.703473202710927670e-02 -6.270985241223140383e-01 3.176210415886558946e-01 8.731041297803281143e-02 9.441894766915500670e-01 1.677852449776511179e+01
9.463116583891517664e-01 -1.273258746487773013e-02 -3.230048361829808146e-01 -4.052976753983075220e+00 -1.834077346163479408e-02 9.954995062599458766e-01 -9.297499149758176040e-02 -6.949632504147597034e-01 3.227349726471783198e-01 9.390747749929825861e-02 9.418192636258986283e-01 1.742304628750237327e+01
9.448875961868831164e-01 -1.026353518898510779e-02 -3.272339960115057678e-01 -4.298574977061280222e+00 -2.326819595378231895e-02 9.948758048556619604e-01 -9.839067004513260550e-02 -7.714407654383660384e-01 3.265670268177588986e-01 1.005822690833700211e-01 9.398069942447306868e-01 1.809856041563175921e+01
9.430926446585842227e-01 -8.643342190172674522e-03 -3.324177400304655361e-01 -4.564397795356653020e+00 -2.675163893284069477e-02 9.944498931344598613e-01 -1.017534266954565475e-01 -8.558735796452108247e-01 3.314522813706451965e-01 1.048556283105325920e-01 9.376271565715755818e-01 1.881143900744103092e+01
9.413997447816407904e-01 -7.238372105053618444e-03 -3.372152489008348741e-01 -4.830267661801416423e+00 -2.920199065975976130e-02 9.942665906008563148e-01 -1.028649140650144261e-01 -9.296469724027127679e-01 3.360264360603585354e-01 1.066843610773585554e-01 9.357909402126215470e-01 1.950554141003792452e+01
9.392323580615662415e-01 -6.403659075972500773e-03 -3.432223306232618509e-01 -5.102992439658424750e+00 -3.053100356825807701e-02 9.943055403090662603e-01 -1.020997077639844708e-01 -1.023582295865485436e+00 3.419216824315938208e-01 1.063742721537011271e-01 9.336884275792027843e-01 2.021433408297678369e+01
9.369224150604928969e-01 -6.767516834912004446e-03 -3.494718676939259083e-01 -5.371686189955823032e+00 -3.038317882659863703e-02 9.944514008045625131e-01 -1.007138216820002152e-01 -1.102104731103589419e+00 3.482143767789321331e-01 1.049791039453083774e-01 9.315181898961301110e-01 2.093730124196472886e+01
9.341480524471237334e-01 -6.731726479648891294e-03 -3.568222208690979835e-01 -5.654231557168035494e+00 -3.062731459945785412e-02 9.946214098710407514e-01 -9.894553363110929201e-02 -1.191811018997463778e+00 3.555691007170475593e-01 1.033582845870691519e-01 9.289174787274734335e-01 2.166188762806256207e+01
9.315510136760933868e-01 -5.166708130011291554e-03 -3.635739419843382336e-01 -5.979364442869541385e+00 -3.184627282855137520e-02 9.948972882980715582e-01 -9.573505445254414103e-02 -1.275885303144267402e+00 3.622133702318869886e-01 1.007605625711285591e-01 9.266330375098662531e-01 2.236571369108436258e+01
9.276091959875973902e-01 -3.247731507627490619e-03 -3.735379885125301169e-01 -6.275735550259669004e+00 -3.286801608060236496e-02 9.953743024038006482e-01 -9.027564262060146227e-02 -1.350274944560907686e+00 3.721033121334397231e-01 9.601796942976979776e-02 9.232116103720360289e-01 2.315346707207049448e+01
9.245541004787918293e-01 -4.748707793063783929e-04 -3.810505042346965521e-01 -6.627722977850415198e+00 -3.438394201973713621e-02 9.958158025602601437e-01 -8.466777386561218088e-02 -1.438435069724633975e+00 3.794963264222739885e-01 9.138195644704287524e-02 9.206692561648175399e-01 2.387906058820228949e+01
9.208759239619650483e-01 2.552937323512955489e-03 -3.898474214847973962e-01 -6.933995882894770091e+00 -3.700724909338405644e-02 9.960354635968395876e-01 -8.089387376261022999e-02 -1.510631438816143923e+00 3.880953468322443922e-01 8.892040184396024505e-02 9.173195555544376711e-01 2.465660848793435278e+01
9.169514564843306292e-01 3.744266733769812706e-03 -3.989812071284700168e-01 -7.269778723217799943e+00 -3.842282848983877980e-02 9.961373375253931295e-01 -7.895626058138632830e-02 -1.585339927122624504e+00 3.971444508806264428e-01 8.772904507572563959e-02 9.135534483623236612e-01 2.539574141198069412e+01
9.129943971189236063e-01 4.994466172079296482e-03 -4.079415187553084299e-01 -7.627395788337666183e+00 -4.030336766430361178e-02 9.961379538314484305e-01 -7.800522766931648755e-02 -1.666200094462344961e+00 4.059764422467321276e-01 8.765975325962499509e-02 9.096696649661010214e-01 2.616660929238476641e+01
9.093048720849361555e-01 4.143248055682321150e-03 -4.161099368700798551e-01 -7.976988494558966636e+00 -3.975628976911159407e-02 9.962414024370992438e-01 -7.695781666657278142e-02 -1.732310837399962722e+00 4.142270988369742279e-01 8.652110528446135818e-02 9.060518817448889317e-01 2.690074321059808682e+01
9.052218984253500578e-01 5.399469324113137861e-03 -4.249048795520954935e-01 -8.359501531796313500e+00 -4.133152630072085137e-02 9.962969664504265355e-01 -7.539270278581053364e-02 -1.810862972668495496e+00 4.229243691787415993e-01 8.580909315116480585e-02 9.020930002523918079e-01 2.769784340356431684e+01
9.014469160712901274e-01 4.327898176400606957e-03 -4.328680203059765974e-01 -8.757101642514223627e+00 -3.989255260129961900e-02 9.965255214602670719e-01 -7.311271696556249922e-02 -1.883652403805694764e+00 4.310476126447791434e-01 8.317544387657389848e-02 8.984875096024987906e-01 2.847562868975755634e+01
8.978031322714031814e-01 5.190612595425760610e-03 -4.403664261762280097e-01 -9.156000101159083471e+00 -3.951492768270107453e-02 9.968467861336183233e-01 -6.881173973688645140e-02 -1.950060928499077750e+00 4.386206890873455833e-01 7.918044328601475668e-02 8.951772742683882234e-01 2.926000378254686751e+01
8.938819565822604396e-01 6.613392099128123300e-03 -4.482536187128379201e-01 -9.555165735213231315e+00 -3.921886884451075694e-02 9.972112119268327080e-01 -6.349550534178456662e-02 -2.013769046189451295e+00 4.465836213519417397e-01 7.433748670695292105e-02 8.916484796140821123e-01 3.006986829764181479e+01
8.902259591171092223e-01 6.816604100307308012e-03 -4.554681892846206837e-01 -9.994855012560574181e+00 -3.785216228069923639e-02 9.975368932216860385e-01 -5.905387825789215617e-02 -2.083383780013147835e+00 4.539437833816787893e-01 6.981175145453788478e-02 8.882912613525666412e-01 3.087988439741706870e+01
8.863687336369703296e-01 5.727133573189142554e-03 -4.629445578852807164e-01 -1.041534718678569149e+01 -3.616099972085638076e-02 9.977252501225244430e-01 -5.689206824862212686e-02 -2.154452947262495144e+00 4.615656542595859557e-01 6.716788871413041651e-02 8.845595659803614508e-01 3.167238851793438315e+01
8.831097547335020614e-01 6.005006747707692868e-03 -4.691280172687505301e-01 -1.086563286043115539e+01 -3.647991139258360827e-02 9.977697285062545607e-01 -5.589977643418148762e-02 -2.215707039326227701e+00 4.677460639226415640e-01 6.647938654443967532e-02 8.813592429806864637e-01 3.249192364084225915e+01
8.801216611294623293e-01 6.371242529975039599e-03 -4.747054501274716731e-01 -1.132261495538984164e+01 -3.635826568785831964e-02 9.978778900355760317e-01 -5.401660077678395455e-02 -2.268690209961904181e+00 4.733539282285476046e-01 6.480064744912783503e-02 8.784855941643160415e-01 3.329675229027397876e+01
8.771113213750396653e-01 5.017874530452997792e-03 -4.802609147722159411e-01 -1.180047705547035086e+01 -3.456753339545327181e-02 9.980117097583078856e-01 -5.270401200949837578e-02 -2.328155956923842584e+00 4.790415627940844412e-01 6.282872096891364833e-02 8.755408257006928041e-01 3.413653095898094847e+01
8.744462049090674371e-01 4.178774718328982785e-03 -4.851044917181786542e-01 -1.227057640698629370e+01 -3.375529512121133030e-02 9.980634054095249841e-01 -5.224958271202248539e-02 -2.391527800153176564e+00 4.839467100658508270e-01 6.206429472606894704e-02 8.728938135612298588e-01 3.499246163905689144e+01
8.726999663333148138e-01 3.646342339667521006e-03 -4.882432469761792126e-01 -1.275650839495745004e+01 -3.371557888714538098e-02 9.980352213565018005e-01 -5.281057405145370837e-02 -2.451598791755778883e+00 4.870914000109492492e-01 6.254919004127988680e-02 8.711082432927744756e-01 3.582302103482223998e+01
8.709048681883405640e-01 2.833034382961918587e-03 -4.914434654106390465e-01 -1.324194388203113881e+01 -3.334862473082407519e-02 9.980191276458995064e-01 -5.334501044756995852e-02 -2.511295507042762054e+00 4.903188588146718541e-01 6.284739313225039259e-02 8.692741952894976754e-01 3.667811384255159624e+01
8.700468287954168378e-01 3.715059291986053981e-03 -4.929550783001326320e-01 -1.371707701638047006e+01 -3.400221247964602123e-02 9.980423533807737391e-01 -5.249105128545731441e-02 -2.571780588098749210e+00 4.917950475427835255e-01 6.243123615611722438e-02 8.684699054772248017e-01 3.755554964231984627e+01
8.703917355003931711e-01 3.496751491425211487e-03 -4.923474329142221717e-01 -1.426556816258419680e+01 -3.290569346404791096e-02 9.981521671920582373e-01 -5.108293772023886348e-02 -2.637526105770117368e+00 4.912590412815864283e-01 6.066320063621549047e-02 8.688984608073494487e-01 3.844162478917269254e+01
8.699005352651499878e-01 2.958256665550580179e-03 -4.932183113427231480e-01 -1.475820949043876240e+01 -3.193821733322168427e-02 9.982211854616764857e-01 -5.034297593392204201e-02 -2.700004869469544655e+00 4.921920484586065903e-01 5.954589543560052239e-02 8.684476256707771569e-01 3.932996941463932927e+01
8.695576094207592144e-01 9.094550650155078285e-04 -4.938306713469453602e-01 -1.528363466586334596e+01 -2.995892544304994826e-02 9.982535629514706077e-01 -5.091450571926750546e-02 -2.756432433270528559e+00 4.929219311877446885e-01 5.906773224232505365e-02 8.680662287735957383e-01 4.023485928639760090e+01
8.683473802380938800e-01 -8.063053232213617839e-04 -4.959558168252587440e-01 -1.582735502647850900e+01 -2.844972890537313809e-02 9.982710663758963543e-01 -5.143433687350164318e-02 -2.825258938626229899e+00 4.951398224319575325e-01 5.877268031254857111e-02 8.668231267714360255e-01 4.116300199023305595e+01
8.671365336187213391e-01 -1.663034704523873785e-03 -4.980677278040732681e-01 -1.634437726507840694e+01 -2.664845131983754195e-02 9.984071926554591858e-01 -4.972864105002963026e-02 -2.889879463679276839e+00 4.973571108807350871e-01 5.639425509332150754e-02 8.657110355676552738e-01 4.206733573912939050e+01
8.646805392860249517e-01 -8.164360714052749501e-04 -5.023215040533464126e-01 -1.687217739021280138e+01 -2.579657672690503431e-02 9.986069875083188885e-01 -4.602848220044496869e-02 -2.952081533758526444e+00 5.016593518703394983e-01 5.275810806800917963e-02 8.634549679322751636e-01 4.298501274137731087e+01
8.618929894996552044e-01 -1.333665313554402432e-03 -5.070884448733385952e-01 -1.743245040804703549e+01 -2.308252007969302175e-02 9.988568087720353095e-01 -4.186015859454178534e-02 -3.014647535073177842e+00 5.065645819766622093e-01 4.778385642887837681e-02 8.608768973405361846e-01 4.392103712759231371e+01
8.580857660370324602e-01 -2.189874917000428790e-03 -5.135017209233596613e-01 -1.798086385237701279e+01 -2.128593588602826353e-02 9.989797175684804742e-01 -3.983004968949420410e-02 -3.078846170611603483e+00 5.130650358047578186e-01 4.510796336436938281e-02 8.571636633799896154e-01 4.481079397003676235e+01
8.529478494148987622e-01 -5.336349379305412380e-03 -5.219688536864289796e-01 -1.854676037607205430e+01 -1.917997202457744077e-02 9.989521176538830316e-01 -4.155472705224333430e-02 -3.139184015188792642e+00 5.216436512687797622e-01 4.545536303797774458e-02 8.519517101131438563e-01 4.570086964256958595e+01
8.476097891004568119e-01 -7.655011397400223599e-03 -5.305648317845829132e-01 -1.911928864541129158e+01 -1.892984160149585940e-02 9.988232088895687699e-01 -4.465264281801596680e-02 -3.198933461786460875e+00 5.302822934314138648e-01 4.789152535768902152e-02 8.464674220174513986e-01 4.658230364298916726e+01
8.411032890630656400e-01 -8.517704610730198259e-03 -5.408074520050916156e-01 -1.971452085706185642e+01 -1.855007582749257020e-02 9.988334879385141196e-01 -4.458203773632490180e-02 -3.259922655461059193e+00 5.405563395307257935e-01 4.753011777531364335e-02 8.399641286145969055e-01 4.749586735796545156e+01
8.352757264578156704e-01 -6.144930949365003114e-03 -5.497969577432066934e-01 -2.031864247336453744e+01 -1.877906559058828070e-02 9.990353247035614892e-01 -3.969592828597057199e-02 -3.315483150362398490e+00 5.495105204101758956e-01 4.348171838028946218e-02 8.343545613005626249e-01 4.838976636410784238e+01
8.300513346457397690e-01 -1.646764441377033443e-03 -5.576845559873537805e-01 -2.091517928471811416e+01 -2.100766284507231060e-02 9.991935766287436405e-01 -3.421804444321429467e-02 -3.378034224254776063e+00 5.572911847960836385e-01 4.011838245726054991e-02 8.293473679530242171e-01 4.924243712064555467e+01
8.256084159088562524e-01 -1.997230085805745767e-03 -5.642399742029676757e-01 -2.153990626931079433e+01 -2.215253721132004819e-02 9.991080116722433901e-01 -3.595060707662886545e-02 -3.432878870312554120e+00 5.638084900863699067e-01 4.218047066989451949e-02 8.248277399086072492e-01 5.014124263874806076e+01
8.220991750511579266e-01 -2.672537587344973875e-03 -5.693380346129166547e-01 -2.212907295623422499e+01 -2.448160984606748830e-02 9.988981450657421490e-01 -4.003931329012359874e-02 -3.490971188522298707e+00 5.688177230623765457e-01 4.685459798426276634e-02 8.211279137861760002e-01 5.101529579380085266e+01
8.196096557056916643e-01 -6.010010762958282148e-03 -5.728908148247112697e-01 -2.274485970684458280e+01 -2.548738084557620326e-02 9.985725255845407933e-01 -4.693937162991633494e-02 -3.560184975341812219e+00 5.723551438299623317e-01 5.307344858241503510e-02 8.182865052519143756e-01 5.186343362029067094e+01
8.160600546008011102e-01 -6.339160183669828412e-03 -5.779323454315348219e-01 -2.338576250088410546e+01 -2.671317496488819290e-02 9.984575474557684238e-01 -4.867167818495775344e-02 -3.612494531942440634e+00 5.773494597212608381e-01 5.515742021505374432e-02 8.146319823984720099e-01 5.272966352661569545e+01
8.133538936206193837e-01 -5.678599243279864456e-03 -5.817415153882149470e-01 -2.401281988345166596e+01 -2.539600805393965946e-02 9.986525923416401662e-01 -4.525530497873472835e-02 -3.676014358751468869e+00 5.812146691682139599e-01 5.158249068148559879e-02 8.121137614096574087e-01 5.357480609985066877e+01
8.092874110390504416e-01 -3.365566346852357556e-03 -5.874032283359166273e-01 -2.464133364679525329e+01 -2.429286951769797989e-02 9.989363299505070737e-01 -3.919266820166155546e-02 -3.744043451787458565e+00 5.869103407566366171e-01 4.598784286292067341e-02 8.083448378099570286e-01 5.443731844631533789e+01
8.065020227190377033e-01 -1.010232165593672252e-03 -5.912304627303569537e-01 -2.529446125648089705e+01 -2.521794761391442027e-02 9.990296979404102995e-01 -3.610703255472457601e-02 -3.802351940595659396e+00 5.906932772642117246e-01 4.403001350583947426e-02 8.056939969849522543e-01 5.531423224416763418e+01
8.038321701036352795e-01 1.407153394047757115e-04 -5.948561302592849653e-01 -2.592964558546609410e+01 -2.737729749408438981e-02 9.989490857013686442e-01 -3.675877870303173589e-02 -3.852491573509937872e+00 5.942258251654358725e-01 4.583344199146711928e-02 8.029912646143020361e-01 5.615641823519626286e+01
8.001167179451316169e-01 -2.020986609315458989e-03 -5.998409342288139046e-01 -2.658068696567080380e+01 -2.618445393394382148e-02 9.989234486020096559e-01 -3.829253524123741453e-02 -3.901277612179242738e+00 5.992725736635321487e-01 4.634500482293291146e-02 7.992024335761476195e-01 5.702162075274847552e+01
7.961120843573439299e-01 -3.875294480633935043e-03 -6.051367814146676460e-01 -2.724969024659170458e+01 -2.622054973984760257e-02 9.988194692748058046e-01 -4.089193829737422514e-02 -3.972260227783152686e+00 6.045808775740219021e-01 4.842158521763624546e-02 7.950706380693773889e-01 5.790134759267538556e+01
7.920146968359865758e-01 -5.354469985466314176e-03 -6.104785356766638804e-01 -2.790449187958098065e+01 -2.514734798156071857e-02 9.988267172131880534e-01 -4.138598696003382288e-02 -4.022692094264006535e+00 6.099838822579253250e-01 4.813022599094710086e-02 7.909507897528303966e-01 5.872750274237787238e+01
7.875356577303944672e-01 -5.497616931514956624e-03 -6.162445592143540596e-01 -2.858522308443122384e+01 -2.475591539226618815e-02 9.988708587341353917e-01 -4.054814755794140801e-02 -4.088005484948052271e+00 6.157716608502835642e-01 4.718881011581550072e-02 7.865103210371202636e-01 5.957128673063049717e+01
7.831180408974289797e-01 -5.093777011688091320e-03 -6.218522172378941892e-01 -2.926658751024783101e+01 -2.482190124035817819e-02 9.989135344562201091e-01 -3.944139887544261674e-02 -4.141508681548353721e+00 6.213775126343821231e-01 4.632282521717044632e-02 7.821407737632626311e-01 6.040677577440915513e+01
7.771380119352143678e-01 -7.477429775578582974e-03 -6.292857784148385702e-01 -2.995346508111671469e+01 -2.303419274896529104e-02 9.989214525766841879e-01 -4.031572383350747607e-02 -4.202972422154426013e+00 6.289085326977796875e-01 4.582597125186692322e-02 7.761275960505364946e-01 6.121360219671350222e+01
7.720624423910436018e-01 -7.295472012799173074e-03 -6.355048020781403073e-01 -3.064785521640686383e+01 -2.463523176831189376e-02 9.988390916053616619e-01 -4.139534371817066988e-02 -4.267763772486450335e+00 6.350690487388922501e-01 4.761559814286602660e-02 7.709864238593560071e-01 6.207965274399867184e+01
7.671468794815023973e-01 -9.503553398612052741e-03 -6.414010757488741721e-01 -3.134232279557628331e+01 -2.268123538519395410e-02 9.988631609808704681e-01 -4.192788137742235050e-02 -4.319483281634247440e+00 6.410703808923192693e-01 4.671261200468483643e-02 7.660592055350310403e-01 6.287759000172007262e+01
7.608797666447373320e-01 -1.072369393332401992e-02 -6.488042656532624353e-01 -3.206232966264585826e+01 -2.263568623732909249e-02 9.988162611538018432e-01 -4.305464205734537558e-02 -4.383765306730992961e+00 6.484979668258639141e-01 4.744553565706229048e-02 7.597363464378679154e-01 6.371080634962296330e+01
7.550999566536685803e-01 -1.297039543645781695e-02 -6.554813621944599600e-01 -3.279630771037629700e+01 -2.118876105392472273e-02 9.987991787248207132e-01 -4.417280859417681976e-02 -4.451702365442661957e+00 6.552671963233821506e-01 4.724372367637180714e-02 7.539183908618728447e-01 6.454509454013970071e+01
7.489094087654084575e-01 -1.314139598652605719e-02 -6.625420687713141632e-01 -3.356185911614592499e+01 -2.166506161861224758e-02 9.987833299704358403e-01 -4.429994260386850569e-02 -4.515835731581011814e+00 6.623181482017367339e-01 4.753065842834120619e-02 7.477135248996862327e-01 6.537276210606772509e+01
7.426607646528891049e-01 -1.335594384936979878e-02 -6.695346137160994582e-01 -3.431035869065095767e+01 -2.071929159288381228e-02 9.988641758344966037e-01 -4.290768259288459119e-02 -4.573887665928598523e+00 6.693472242660200022e-01 4.573813509454144333e-02 7.415405078452758092e-01 6.621134769385430729e+01
7.366478555688864560e-01 -1.431723312787779208e-02 -6.761249478626581988e-01 -3.502107204700791243e+01 -1.920023089253153348e-02 9.989300893926131852e-01 -4.207169680362168873e-02 -4.640499204694901181e+00 6.760039165617396373e-01 4.397378015814359942e-02 7.355848149728461127e-01 6.699131646450004496e+01
7.297444536844874818e-01 -1.546457050812714666e-02 -6.835450757644669917e-01 -3.581045758150250435e+01 -1.867307608794829821e-02 9.989204710442788349e-01 -4.253479503732574690e-02 -4.700404947739975192e+00 6.834649631904288203e-01 4.380341978589796792e-02 7.286679032654496124e-01 6.781250012254889725e+01
7.231140606008965577e-01 -1.620489079712617367e-02 -6.905385202398290900e-01 -3.659282732225218382e+01 -1.958567311524949534e-02 9.988417523080188598e-01 -4.394946287362165582e-02 -4.771113345496575953e+00 6.904509137493038962e-01 4.530513610874466884e-02 7.219591326754114524e-01 6.861894143600974871e+01
7.175790410685753962e-01 -1.662029827124080275e-02 -6.962787347218748479e-01 -3.740292547711791826e+01 -1.970979047025270617e-02 9.988302458229124658e-01 -4.415500222091208599e-02 -4.840186706218377211e+00 6.961981410802986492e-01 4.540821193689399682e-02 7.164120683597148265e-01 6.942635516292789077e+01
7.120058052891645728e-01 -1.668368500407536176e-02 -7.019753405015949355e-01 -3.818736094944803483e+01 -1.929389414346744519e-02 9.988753787686432961e-01 -4.330962214456029330e-02 -4.897895456079108811e+00 7.019084603328857863e-01 4.438054010324215398e-02 7.108831761678009453e-01 7.022650322902988762e+01
7.075894531104716112e-01 -1.542607480609137910e-02 -7.064553720762424271e-01 -3.898652579341917601e+01 -2.132195111108022706e-02 9.988403312063890427e-01 -4.316673710938501857e-02 -4.964984664334676445e+00 7.063020233272604420e-01 4.560733461662646454e-02 7.064399706727819694e-01 7.100134907755595748e+01
7.025287829881130541e-01 -1.582211782879617418e-02 -7.114794165751002764e-01 -3.979499325706927948e+01 -2.201081283533137811e-02 9.987914340499067789e-01 -4.394536863335195970e-02 -5.028662770478155686e+00 7.113148678487258847e-01 4.653312643032266743e-02 7.013314739373350815e-01 7.181953619546381162e+01
6.972182358935111735e-01 -1.837451081426331317e-02 -7.166234013164565209e-01 -4.063452602941872982e+01 -2.112666556174569443e-02 9.987105391125282727e-01 -4.616192264151660479e-02 -5.098917195982338946e+00 7.165475585762403066e-01 4.732479701963540619e-02 6.959310090999204501e-01 7.259202064771989171e+01
6.923912287055234982e-01 -2.029998926113228339e-02 -7.212366374214850273e-01 -4.145777633783172433e+01 -2.167733737827634913e-02 9.985676264561760274e-01 -4.891613712791300500e-02 -5.163831333430143999e+00 7.211965666399651198e-01 4.950359404279700004e-02 6.909594171140051033e-01 7.337879103368668154e+01
6.877133174526458559e-01 -2.126026709630023451e-02 -7.256709889768125921e-01 -4.231451892372681556e+01 -2.162009998188133691e-02 9.985279952080923227e-01 -4.974348294448001362e-02 -5.232175169326790609e+00 7.256603700526600420e-01 4.989833484800553637e-02 6.862413520621966079e-01 7.415595863938727916e+01
6.828935142665490954e-01 -2.090135110414800476e-02 -7.302188519761995122e-01 -4.317490122264177188e+01 -2.143856792996861119e-02 9.985866550407973552e-01 -4.863209036057768164e-02 -5.298001440370892823e+00 7.302032898331448640e-01 4.886538537583565850e-02 6.814802561401857028e-01 7.496326905813921826e+01
6.779468398955054154e-01 -2.100774266205130553e-02 -7.348106878610078940e-01 -4.404759119833320113e+01 -2.081357076151768223e-02 9.986422819691430641e-01 -4.775340792102812648e-02 -5.372671311598797850e+00 7.348162261217042746e-01 4.766830604927860260e-02 6.765891341304339779e-01 7.572787384039453684e+01
6.730718967894543381e-01 -2.143516880182033332e-02 -7.392663560238030840e-01 -4.490828755300051967e+01 -2.092940276546720671e-02 9.986275215079724044e-01 -4.801076357729287813e-02 -5.451789331647448833e+00 7.392808604250672433e-01 4.778709882809599463e-02 6.716994958344005839e-01 7.650609490335601492e+01
6.679543821505173895e-01 -2.271019374855138412e-02 -7.438556178504690530e-01 -4.578251399346304851e+01 -1.938779420718593841e-02 9.986640023714679071e-01 -4.789910053796699041e-02 -5.524754360745696147e+00 7.439496391981501588e-01 4.641613353329672453e-02 6.666216971519282053e-01 7.728904047591259996e+01
6.630435130312900549e-01 -2.316556560391929559e-02 -7.482223239302570050e-01 -4.666622444304668704e+01 -1.886066089187831904e-02 9.986867917276610607e-01 -4.763368060098373963e-02 -5.592574235329470511e+00 7.483432262501570342e-01 4.569517022696270581e-02 6.617358819688210492e-01 7.805396538796465222e+01
6.593153680905887715e-01 -2.457295386527086345e-02 -7.514648394207246174e-01 -4.757967347814182801e+01 -1.716532304138317783e-02 9.987133253719515658e-01 -4.771839722529575695e-02 -5.666519316797410610e+00 7.516705436228806603e-01 4.436060911951612840e-02 6.580452420891385046e-01 7.885007158080462375e+01
6.554303442061122364e-01 -2.655304523463749775e-02 -7.547887049669965709e-01 -4.847106332093001413e+01 -1.515895129342295471e-02 9.987179421827294679e-01 -4.829780717174507465e-02 -5.730931131751606067e+00 7.551034890981787040e-01 4.309765334674016402e-02 6.541875293407919401e-01 7.960869476349975571e+01
6.520244243563578790e-01 -3.121830123026978626e-02 -7.575549861926454964e-01 -4.938190886810664892e+01 -1.204609709053870020e-02 9.985993306340814613e-01 -5.151959251383181337e-02 -5.816351104486787271e+00 7.581022693736215734e-01 4.271761331670500400e-02 6.507350960860076583e-01 8.038523636094895153e+01
6.471618582453542157e-01 -3.552967640772767416e-02 -7.615242350838586916e-01 -5.031612640387763946e+01 -7.638488579867285834e-03 9.985610355158243134e-01 -5.308023965842544045e-02 -5.891871199589467700e+00 7.623143656550354086e-01 4.016840043233631946e-02 6.459592233484857671e-01 8.115646068380640088e+01
6.400012025248714709e-01 -3.907788334746491871e-02 -7.673795468615426385e-01 -5.123350609969526204e+01 -3.005646142638877978e-03 9.985709365128442316e-01 -5.335776264073020803e-02 -5.969654812807831057e+00 7.683680344639427506e-01 3.645550331847165204e-02 6.389691469541316504e-01 8.191876440725823727e+01
6.320525469132021179e-01 -4.273923129684283062e-02 -7.737460339310112678e-01 -5.214855328802157430e+01 2.044772147667826574e-03 9.985664381777233922e-01 -5.348726421276617238e-02 -6.048337799667725001e+00 7.749228391008003980e-01 3.222462688138552633e-02 6.312338535804171702e-01 8.267612928889758450e+01
6.229684566389903644e-01 -4.398513109418575318e-02 -7.810093463322296259e-01 -5.309176953867491022e+01 5.135742990537277633e-03 9.986263466229335917e-01 -5.214445273260305547e-02 -6.129536112629937250e+00 7.822301043133970122e-01 2.847328557356103296e-02 6.223386113325678481e-01 8.342310582291857202e+01
6.135376970747744574e-01 -4.283387431310634041e-02 -7.885028484802378834e-01 -5.405879396346712440e+01 5.774485732468781149e-03 9.987444268746346054e-01 -4.976168283205598120e-02 -6.207506491344425115e+00 7.896443248112761104e-01 2.597746941758799846e-02 6.130147003271376738e-01 8.417094780908617224e+01
6.044595777213827015e-01 -4.272682913439970753e-02 -7.954891736325802043e-01 -5.504432243561557669e+01 5.374630054960807639e-03 9.987566548277037048e-01 -4.956064736175147534e-02 -6.290983125289932865e+00 7.966176890903482466e-01 2.568194752539726747e-02 6.039376678335688364e-01 8.491411588581016190e+01
5.959592373511030106e-01 -4.402540387623935653e-02 -8.018069215541299144e-01 -5.601715094816211149e+01 4.571191532171461035e-03 9.986657873565013555e-01 -5.143684816821722516e-02 -6.353396358729688664e+00 8.030016825154704385e-01 2.698905137425741327e-02 5.953653506735777645e-01 8.562929702684506594e+01
5.857239549779721388e-01 -4.582924475895120558e-02 -8.092138882339561246e-01 -5.702284513384991271e+01 4.690288754716617249e-03 9.985750637532183616e-01 -5.315866079966033442e-02 -6.457153640177509146e+00 8.104970453185048607e-01 2.734085382182713936e-02 5.851042892040502208e-01 8.634652544791657647e+01
5.761691774638363350e-01 -4.758954045031743574e-02 -8.159438108207600626e-01 -5.801230234737334257e+01 5.130405553590166971e-03 9.984943647564412661e-01 -5.461394018828315960e-02 -6.516977324378485648e+00 8.173143635047533939e-01 2.728074591032484189e-02 5.755458316247833439e-01 8.702261822131349334e+01
5.663066073385135679e-01 -4.826204122151795534e-02 -8.227804017532339698e-01 -5.905139509117766750e+01 7.409446128031352968e-03 9.985418636782439350e-01 -5.347192311120511216e-02 -6.610364704322800655e+00 8.241613541703506352e-01 2.418515584212947364e-02 5.658384512477856454e-01 8.774175917757462173e+01
5.561385702476780990e-01 -4.770025989265015698e-02 -8.297195690973780957e-01 -6.006966019165145809e+01 8.253779291741392479e-03 9.986193231897101397e-01 -5.187795726890574721e-02 -6.695891345457580357e+00 8.310486009434893129e-01 2.200301029892426027e-02 5.557644311960709960e-01 8.841779734553952608e+01
5.452563281015967434e-01 -4.871493165246579271e-02 -8.368526628706846049e-01 -6.111897990709501016e+01 9.206049907315976694e-03 9.985977583821952219e-01 -5.213219320283855179e-02 -6.772545259619292324e+00 8.382188239628656223e-01 2.072130035903340869e-02 5.449402202464654899e-01 8.907249953665936459e+01
5.353099103244203238e-01 -4.972159993235288761e-02 -8.431909922933948920e-01 -6.217958194175545117e+01 8.552289083945707401e-03 9.985337753719898402e-01 -5.345238780360480474e-02 -6.848283988230079444e+00 8.446124377414128137e-01 2.140237930162526905e-02 5.349502604238315362e-01 8.975292373705121918e+01
5.247102677062727150e-01 -5.009929793607131865e-02 -8.498053790125991158e-01 -6.324230194967542928e+01 7.115388869043373123e-03 9.984899762091405950e-01 -5.447144776859576265e-02 -6.936955082761774527e+00 8.512511486823888252e-01 2.253503171090364202e-02 5.242744198918972698e-01 9.039877426006054861e+01
5.157009029294206126e-01 -5.052171293493743637e-02 -8.552778039754309614e-01 -6.430471593154354082e+01 5.541048385364601148e-03 9.984356826419692466e-01 -5.563707741132962320e-02 -7.021183556542310633e+00 8.567507733268631132e-01 2.395295487638709683e-02 5.151741275050203406e-01 9.103824293421156710e+01
