1.000000000000000000e+00 -3.306050084167601550e-19 -2.270457535318767223e-19 -8.673617379884035472e-19 7.546676715296109287e-19 1.000000000000000000e+00 6.237773588823049983e-19 1.387778780781445676e-17 -3.447385680526250622e-20 4.770700176052009879e-20 1.000000000000000222e+00 5.551115123125782702e-17
9.999266446054396740e-01 -2.636457817931112200e-03 1.182155653730689385e-02 1.759666312803465082e-02 2.623746162391506209e-03 9.999959736536623289e-01 1.090240377491405238e-03 -3.123000274780421415e-03 -1.182438499910754351e-02 -1.059132989429508766e-03 9.999295026172106970e-01 2.958724552572087885e-01
9.998419307443392468e-01 -5.503993809471105156e-03 1.691274282222367253e-02 3.462267718933180471e-02 5.489388814748199889e-03 9.999845079671606518e-01 9.098703979842612298e-04 -8.751493233560780904e-03 -1.691749192722046338e-02 -8.168975105502415375e-04 9.998566433922295715e-01 5.907628081394704633e-01
9.997771053180960488e-01 -7.358759117571500585e-03 1.978744808785076748e-02 4.325872039734487973e-02 7.355742554216742127e-03 9.999729318392953648e-01 2.253109223923905724e-04 -1.733827735262868930e-02 -1.978857022095407633e-02 -7.970850862488926606e-05 9.998041200996889977e-01 8.917781532664967870e-01
9.997978316185155423e-01 -8.886977959256350465e-03 1.803395763633383608e-02 5.026392993596290326e-02 8.897937977775188800e-03 9.999602617481514466e-01 -5.273662364324772532e-04 -2.270100112370213030e-02 -1.802855552609614054e-02 6.877357383471878341e-04 9.998371910953084418e-01 1.200313772386929934e+00
9.998740193383433006e-01 -1.130168291579685541e-02 1.114623715781895043e-02 4.514554523936999825e-02 1.132500665585530787e-02 9.999337892968415131e-01 -2.031766155051901827e-03 -2.360938711823951097e-02 -1.112253621898694894e-02 2.157730485759582362e-03 9.999358317876363422e-01 1.512010547564802687e+00
9.999250418439336041e-01 -1.223311417593593575e-02 -5.345713129086196577e-04 3.957542805325037910e-02 1.223112926089251797e-02 9.999188132054817046e-01 -3.572989318362790497e-03 -2.854475310678167288e-02 5.782306467727827901e-04 3.566182607646909558e-03 9.999934838749930943e-01 1.838092633104758455e+00
9.998209019494807004e-01 -1.019533643591898249e-02 -1.594010117845598082e-02 1.737473307220185198e-02 1.013967551169348350e-02 9.999422637498849298e-01 -3.568050826959836674e-03 -4.423714507615832126e-02 1.597554534956771577e-02 3.405779691413431121e-03 9.998665106426450899e-01 2.169284857631786245e+00
9.993691855089811282e-01 -6.049236398748781759e-03 -3.499767895060683365e-02 -2.141520270404274895e-02 5.930900894342566385e-03 9.999763296552883762e-01 -3.484412781081162522e-03 -4.436380926028565819e-02 3.501792577151414954e-02 3.274705771295063125e-03 9.993813892279731492e-01 2.512656304979186128e+00
9.985462095590386111e-01 -1.739289241387413946e-03 -5.387077740378842794e-02 -6.918658596355782564e-02 1.496880873837840974e-03 9.999886030361274658e-01 -4.539655573965811590e-03 -4.451610016576044992e-02 5.387806344543440151e-02 4.452403031822947665e-03 9.985374072534670686e-01 2.868562078525567216e+00
9.972525854381951715e-01 -1.387929316194127074e-03 -7.406495923766735767e-02 -1.136333322612036734e-01 1.026727872253143260e-03 9.999873866259598731e-01 -4.916000459684011573e-03 -5.462398498480133813e-02 7.407085689864439937e-02 4.826457963603716060e-03 9.972414722946708610e-01 3.229699024596735857e+00
9.954162084110426134e-01 -3.180157746287422781e-03 -9.558958596691473353e-02 -1.711052866478280088e-01 2.766850218616956521e-03 9.999862304515377831e-01 -4.456427183507026199e-03 -5.723818649349506071e-02 9.560244911067626583e-02 4.171483066521912246e-03 9.954112932846366224e-01 3.605749116346315120e+00
9.931755455449509107e-01 -4.230387113025059313e-03 -1.165676204536076760e-01 -2.246202119392115004e-01 3.842370451444658032e-03 9.999862892738344833e-01 -3.554061721669333086e-03 -6.422571441456348396e-02 1.165810697346229691e-01 3.082045971721512987e-03 9.931782111101700172e-01 3.996012370650174894e+00
9.911606045842151769e-01 -3.371473438334197763e-03 -1.326195986137893024e-01 -2.983260427173242135e-01 3.012629430732073448e-03 9.999912117147100599e-01 -2.905455255972775892e-03 -7.079291705047760508e-02 1.326282531453140956e-01 2.480291029490546643e-03 9.911620550847421995e-01 4.390839474587552083e+00
9.886271666106534184e-01 -2.542970878568999102e-03 -1.503377836934700618e-01 -3.802270857777418356e-01 2.218190778785695746e-03 9.999948390661940190e-01 -2.327619977662270540e-03 -7.992542339326749734e-02 1.503429299542574371e-01 1.967603642670064362e-03 9.886277358774130386e-01 4.810380280234176631e+00
9.865251502704321940e-01 -1.546310060843517249e-03 -1.635474120232977280e-01 -4.656915560420166189e-01 1.208238531989842953e-03 9.999969288489859442e-01 -2.166905607380236170e-03 -8.354929530277263594e-02 1.635502636575651703e-01 1.940001596996357306e-03 9.865239852574132495e-01 5.231204752674212699e+00
9.844399460267316826e-01 -3.193951326549137552e-03 -1.756788903466688367e-01 -5.588515157038875802e-01 2.630880805445232149e-03 9.999906428326139629e-01 -3.437679803160335890e-03 -9.024117303093426301e-02 1.756882321965642091e-01 2.922018185379554774e-03 9.844391568720083363e-01 5.667576328625988147e+00
9.829326243069463898e-01 -6.435767923029324204e-03 -1.838277931955291378e-01 -6.433011293039881950e-01 5.544735525367471170e-03 9.999702434703483522e-01 -5.361349369916379275e-03 -1.032764875886631878e-01 1.838568419553010536e-01 4.250392522591043762e-03 9.829390812087590579e-01 6.117918074873347933e+00
9.814033510403190608e-01 -5.804264145010230337e-03 -1.918849524857866029e-01 -7.418124303233674111e-01 4.497653499977417001e-03 9.999636521920904908e-01 -7.245062106300576010e-03 -1.104101831588135268e-01 1.919200269310994134e-01 6.247632502836821151e-03 9.813938028512698697e-01 6.578925229292105215e+00
9.798100314801803101e-01 -4.778462852155329621e-03 -1.998534357387943550e-01 -8.532810757983734229e-01 3.117570321011306142e-03 9.999579793004560457e-01 -8.623044126979362636e-03 -1.085705517864737207e-01 1.998862538529826427e-01 7.825839564993353550e-03 9.797837408329806985e-01 7.053462545904547021e+00
9.785308898153936008e-01 -5.913370099952359148e-03 -2.060493148333204239e-01 -9.657996139751012787e-01 3.716057149747825725e-03 9.999320526711744650e-01 -1.105032672146227281e-02 -1.234563268634623345e-01 2.061006941299270701e-01 1.004733422434732348e-02 9.784863511268659941e-01 7.533771603194338695e+00
9.762063586963000139e-01 -9.348607175185952647e-03 -2.166518968129242106e-01 -1.080442652438051709e+00 6.706533049049421408e-03 9.998939388339826984e-01 -1.292791222430236114e-02 -1.311115759097987721e-01 2.167497923382332159e-01 1.116781607701647014e-02 9.761655015152803649e-01 8.039847616796579999e+00
9.745132961234881375e-01 -1.497108659116893822e-02 -2.238326190699228280e-01 -1.193692205827426855e+00 1.207395328373338933e-02 9.998247751340026968e-01 -1.430429275087041069e-02 -1.459924625415102983e-01 2.240075804229198220e-01 1.123741831946003210e-02 9.745234681063706939e-01 8.557484672168145678e+00
9.727906572803767249e-01 -1.607821566898679638e-02 -2.311542924808446531e-01 -1.317389775840381860e+00 1.259669666877315242e-02 9.997840070208476870e-01 -1.652633499068867709e-02 -1.735846109488881350e-01 2.313702793336960273e-01 1.316390254866174440e-02 9.727831948334498824e-01 9.081717252075018010e+00
9.710494641738272037e-01 -1.250507658806871390e-02 -2.385713391046556942e-01 -1.475454598116320959e+00 7.822555513484310760e-03 9.997578995672714575e-01 -2.056180055388434624e-02 -1.703437231078571701e-01 2.387707818937036819e-01 1.810028155089339966e-02 9.709122278764859004e-01 9.616520855603186035e+00
9.690204760880734014e-01 -9.100630971391040699e-03 -2.467923345983475125e-01 -1.634576031029662202e+00 3.289405599921927260e-03 9.997078325022992207e-01 -2.395039387506870537e-02 -1.841828727208936201e-01 2.469382123035606669e-01 2.239638958263626828e-02 9.687674594798485472e-01 1.016487041812102454e+01
9.665899422396103668e-01 -1.242473601218734708e-02 -2.559640504569581365e-01 -1.784986027142556164e+00 6.085876702538403800e-03 9.996553689200975423e-01 -2.553783365991164900e-02 -2.098596880976250634e-01 2.561931639680285477e-01 2.312638487933734235e-02 9.663324776700958907e-01 1.072330172004660298e+01
9.641923094145983253e-01 -1.438323239578494055e-02 -2.647873598755812186e-01 -1.946211719065274792e+00 7.354829461065732696e-03 9.995943871566828065e-01 -2.751416314875529054e-02 -2.378834937426265728e-01 2.650755973955351008e-01 2.458214428368896490e-02 9.639070280609822738e-01 1.129725614389660215e+01
9.623118045944910603e-01 -1.401859504698804368e-02 -2.715518774797059942e-01 -2.127761499812055757e+00 6.068296468201909467e-03 9.995287200445404086e-01 -3.009144240800603817e-02 -2.567415461099679108e-01 2.718457280678979737e-01 2.730958303444766880e-02 9.619434333191901887e-01 1.188208982293041416e+01
9.597610112983946395e-01 -1.367558578887903380e-02 -2.805407495100416537e-01 -2.310921702789459964e+00 4.389423578621500475e-03 9.994221150055550007e-01 -3.371023971291323140e-02 -2.760928447048924261e-01 2.808396515323208220e-01 3.112276694061908919e-02 9.592665735747432088e-01 1.247067940376984119e+01
9.577934060636706937e-01 -1.400848113187888079e-02 -2.871158535919448584e-01 -2.502687363780556229e+00 3.121637758161293751e-03 9.992598816194855349e-01 -3.834207962006656867e-02 -3.051515481740948443e-01 2.874403900461933170e-01 3.582857251428211293e-02 9.571281831878157842e-01 1.306601671436165901e+01
9.560997897698826353e-01 -1.450294337446109312e-02 -2.926678411868368079e-01 -2.702279655895591937e+00 1.012142348651379415e-03 9.989320116866687860e-01 -4.618085528353904623e-02 -3.432981521973812455e-01 2.930252153949459704e-01 4.385664868585575915e-02 9.550935137328103730e-01 1.368182469752621877e+01
9.544390621030239830e-01 -1.577383569285134568e-02 -2.979211328001922787e-01 -2.906194415300193956e+00 -3.094490827831929505e-04 9.985490653346348333e-01 -5.384669421667493544e-02 -3.752002111431477216e-01 2.983381887997475501e-01 5.148542262053430046e-02 9.530493820037172492e-01 1.430898371094652610e+01
9.535356865998055875e-01 -1.640119665001717533e-02 -3.008716086845627524e-01 -3.117685437402138326e+00 -2.778922851668121953e-03 9.979958931960194457e-01 -6.321330294449105380e-02 -4.185144186879979356e-01 3.013054759887803802e-01 6.111269346623223603e-02 9.515791627731450264e-01 1.494090076112888177e+01
9.523300566873286188e-01 -1.593383511543897124e-02 -3.046709140304251218e-01 -3.332346282478746868e+00 -6.483671001372055993e-03 9.973524105567499465e-01 -7.243185955657575892e-02 -4.615364356138268453e-01 3.050180975907748615e-01 7.095581396202610414e-02 9.497054288168653713e-01 1.559345101380510279e+01
9.511134334859739914e-01 -1.453641424474591722e-02 -3.085224412545945483e-01 -3.561031985863001292e+00 -1.040163588591132629e-02 9.968174223161224701e-01 -7.902779768552492534e-02 -5.221551900355684284e-01 3.086898960130602387e-01 7.837168844029174242e-02 9.479351210083591939e-01 1.625157109897924812e+01
9.496788110212811551e-01 -1.387674090239805237e-02 -3.129122558130954523e-01 -3.795933769305050998e+00 -1.368983064732813733e-02 9.962247303211927418e-01 -8.572555408460978688e-02 -5.800318717840978744e-01 3.129203095214710961e-01 8.569643792680310679e-02 9.459035975773568694e-01 1.692169205107851226e+01
9.481012685025732578e-01 -1.151930110895884631e-02 -3.178138910005042783e-01 -4.042588311475581619e+00 -1.872492285486855590e-02 9.955866167936212596e-01 -9.194055854070479206e-02 -6.490808595590483732e-01 3.174710787900055786e-01 9.311684187833313420e-02 9.437011189343051942e-01 1.760143517272803138e+01
9.466555946122763299e-01 -1.037485190341035785e-02 -3.221173338179191270e-01 -4.292563168275083108e+00 -2.203842186417051194e-02 9.950571717899945323e-01 -9.682550328761149738e-02 -7.199444780211766703e-01 3.215301053234346784e-01 9.875780972085507203e-02 9.417477552957275178e-01 1.827854392409671647e+01
9.449724898704323639e-01 -7.194897222828622319e-03 -3.271547823720465376e-01 -4.558306216945709366e+00 -2.714185613045192944e-02 9.945873697603199171e-01 -1.003119927608822348e-01 -7.908571843668845691e-01 3.261064141276413531e-01 1.036690716468168239e-01 9.396624141958471732e-01 1.897859691066346599e+01
9.427033860666256260e-01 -6.180499658097851276e-03 -3.335333975064117551e-01 -4.812663174495521723e+00 -2.950573719183405969e-02 9.943664715671600707e-01 -1.018314430988187386e-01 -8.693189201806518218e-01 3.322834231003162220e-01 1.058405021868711188e-01 9.372102374666173574e-01 1.969124264159560411e+01
9.408597095887436534e-01 -5.090400084253587747e-03 -3.387706029685414455e-01 -5.088317893375481127e+00 -3.097925698953381962e-02 9.944057105813541853e-01 -1.009804020908225825e-01 -9.556157974713557213e-01 3.373898217798596555e-01 1.055017782942812288e-01 9.354385750577161041e-01 2.040932329232224873e+01
9.385267151430102262e-01 -4.416727624435337271e-03 -3.451181560428382977e-01 -5.370987302135436181e+00 -3.172758518702985253e-02 9.945822432310765793e-01 -9.899685930252467847e-02 -1.039874424672083020e+00 3.436849179877653482e-01 1.038646079729671351e-01 9.333020123137797386e-01 2.114501354314294446e+01
9.359712815847500700e-01 -3.900616289073950086e-03 -3.519751559833894650e-01 -5.658766470693285200e+00 -3.265965652084310694e-02 9.946653317637167424e-01 -9.784174147132414234e-02 -1.119123118263590344e+00 3.504786968364670408e-01 1.030748905270649496e-01 9.308506560530837026e-01 2.186103461580045959e+01
9.336402618208903270e-01 -2.997589414568013755e-03 -3.581554057815716785e-01 -5.952851660530350308e+00 -3.291377167795100922e-02 9.950171900283696358e-01 -9.412847482238242969e-02 -1.203458059513974554e+00 3.566528847491352572e-01 9.967199161399667440e-02 9.288892352768999272e-01 2.260114424934297261e+01
9.292092934265800963e-01 -9.709396685659107311e-04 -3.695772744145158772e-01 -6.272043462374671030e+00 -3.403824833160665198e-02 9.955210673986771841e-01 -8.817227098378797867e-02 -1.278158247225360089e+00 3.680079643613630158e-01 9.450642099188863443e-02 9.250140782998040878e-01 2.337458256772235288e+01
9.263319002051724205e-01 7.918935450047744941e-04 -3.767037459776064745e-01 -6.593841578127751291e+00 -3.465383606988509807e-02 9.959366631779480450e-01 -8.312471676688108768e-02 -1.358119375352676350e+00 3.751067173039961400e-01 9.005823069929577707e-02 9.225955666370213581e-01 2.412677107428712375e+01
9.227642790251331384e-01 5.059950266052907694e-03 -3.853653284468747109e-01 -6.926194295553862901e+00 -3.851596272794885478e-02 9.961179416130785391e-01 -7.914384873692759115e-02 -1.432702155127981269e+00 3.834687493257212254e-01 8.787247356989090485e-02 9.193770590897244466e-01 2.488693964757969823e+01
9.201161899561638435e-01 4.894233295162720224e-03 -3.916346117502046975e-01 -7.271366664829561621e+00 -3.829098818471363130e-02 9.962556216662555864e-01 -7.751355951697681823e-02 -1.506140892861343561e+00 3.897891247030982886e-01 8.631537522374144178e-02 9.168582069933036705e-01 2.565127229612020088e+01
9.154302803421975332e-01 6.481566871466446118e-03 -4.024480714885267929e-01 -7.619320895233895996e+00 -4.067523227973191685e-02 9.962408374088433938e-01 -7.648264875785092121e-02 -1.581594141695997102e+00 4.004392244735610062e-01 8.638543183096107636e-02 9.122528872805449884e-01 2.642931655218753306e+01
9.116662245335875880e-01 7.361031073931437012e-03 -4.108264714002638485e-01 -7.983167168598012786e+00 -4.160971843290828254e-02 9.963542842699675273e-01 -7.447329635441078677e-02 -1.650291329662957773e+00 4.087802610433022843e-01 8.499057142748220328e-02 9.086488957031282343e-01 2.719940843708926792e+01
9.076890775657803223e-01 7.007339349696195194e-03 -4.196229813376537998e-01 -8.359258533217236220e+00 -4.141381083801643631e-02 9.964755120687124323e-01 -7.295888186887165838e-02 -1.721010653476112706e+00 4.176331062822800089e-01 8.360129232798509114e-02 9.047799337000105302e-01 2.798915612841973299e+01
9.039912328084231952e-01 7.470174014540646897e-03 -4.274301087783540787e-01 -8.745959335735379980e+00 -4.139525609322930455e-02 9.966790328222561168e-01 -7.012901893442322065e-02 -1.792317699206594561e+00 4.254861721495210025e-01 8.109586360511972236e-02 9.012986665211155657e-01 2.878233754704116620e+01
9.012708711153269991e-01 7.740394614953093923e-03 -4.331736027325515659e-01 -9.138172668900796936e+00 -4.037681805830409948e-02 9.969895944982082314e-01 -6.620965828436638223e-02 -1.857743988869435370e+00 4.313569883482331058e-01 7.716676181990507477e-02 8.988704767311306298e-01 2.958176249982992445e+01
8.970022888869464417e-01 9.366908876133459363e-03 -4.418642257348415758e-01 -9.552555003733150585e+00 -4.032911454484566782e-02 9.973398573950046364e-01 -6.074390586618041987e-02 -1.922377245266002843e+00 4.401198612571954327e-01 7.231286710414344676e-02 8.949938794329235225e-01 3.040173058981662280e+01
8.934800622636515088e-01 9.095270628112937447e-03 -4.490599460395638398e-01 -9.973169988738863623e+00 -3.809719426002770859e-02 9.977260477400675676e-01 -5.560881169257235468e-02 -1.989087929926910636e+00 4.475333059887905973e-01 6.679222621060842968e-02 8.917948956458477960e-01 3.121537466048459919e+01
8.895066322123560409e-01 9.509188834368919457e-03 -4.567560325584513192e-01 -1.040287427582028812e+01 -3.818463151111802650e-02 9.978331753256539649e-01 -5.356550201697684449e-02 -2.047555183452610450e+00 4.552569154673442586e-01 6.508719173878793618e-02 8.879422177992095655e-01 3.203559538826122122e+01
8.864660021583041782e-01 9.128043394182763434e-03 -4.626960753563392204e-01 -1.084746139164449197e+01 -3.746102051060527793e-02 9.979396176474485403e-01 -5.206968167266330660e-02 -2.107979786774051512e+00 4.612668656493333907e-01 6.349525517905355021e-02 8.849819233956941478e-01 3.286706068289788618e+01
8.837332741753404219e-01 8.939627293427898636e-03 -4.678868609971410519e-01 -1.130195610538250861e+01 -3.689286168198335075e-02 9.980367787896747833e-01 -5.061133050117224558e-02 -2.157853312679723246e+00 4.665160878415590684e-01 6.198783242526346993e-02 8.823278760358395090e-01 3.370099979190400319e+01
8.804563986353358684e-01 7.458124704311619446e-03 -4.740766818712613961e-01 -1.176455422633780046e+01 -3.510873358107455267e-02 9.981567636709205438e-01 -4.950255268744373216e-02 -2.216917860559805664e+00 4.728337513857260865e-01 6.022862585220987303e-02 8.790953275886109752e-01 3.455162736240971100e+01
8.784949145199464349e-01 7.158921897702186406e-03 -4.777664739063161026e-01 -1.223806448898835519e+01 -3.443455360102975343e-02 9.982359006447033556e-01 -4.836354825928045054e-02 -2.276240394090213837e+00 4.765775404505760982e-01 5.893633086875452176e-02 8.771917665080187776e-01 3.540098805274944027e+01
8.770711514197770953e-01 5.584454352816710723e-03 -4.802751100215280622e-01 -1.272177071151048899e+01 -3.331241970549208425e-02 9.982323184863947096e-01 -4.922500992748930770e-02 -2.332834752375689824e+00 4.791516754150754176e-01 5.917055206772539599e-02 8.757064115902578605e-01 3.626634479630538266e+01
8.751170259274889673e-01 5.693242743154197302e-03 -4.838202922784794469e-01 -1.321570103363959880e+01 -3.403604053359652465e-02 9.981784531897790469e-01 -4.980023902553745718e-02 -2.386855804182691276e+00 4.826552940372818012e-01 6.004956238949831632e-02 8.737168380633657527e-01 3.713646537874237197e+01
8.748055117340926001e-01 6.740959487527868263e-03 -4.844751808553661721e-01 -1.372207378731918581e+01 -3.433001320948771140e-02 9.982521157641391918e-01 -4.811175098184867355e-02 -2.444353394210666774e+00 4.833043062305838466e-01 5.871988517753429920e-02 8.735080124744555308e-01 3.801928183077014722e+01
8.739635562204215447e-01 7.023313685278048495e-03 -4.857934456255069700e-01 -1.423203134005024850e+01 -3.361937499683668312e-02 9.983737954747208265e-01 -4.604628932414637360e-02 -2.496144679551160817e+00 4.846798282469498842e-01 5.658298712024073529e-02 8.727785841073176787e-01 3.893144031471133104e+01
8.746732146025115728e-01 5.195041506616098100e-03 -4.847506370649694030e-01 -1.474812221386527256e+01 -3.139568650982394599e-02 9.984500336679215104e-01 -4.594793464448534981e-02 -2.557882493546657088e+00 4.837607632294899651e-01 5.540521708962719422e-02 8.734805386749101563e-01 3.983612870108928661e+01
8.740906935128537336e-01 3.005404455820139160e-03 -4.857060814169747442e-01 -1.526125306520757086e+01 -2.958539059836134966e-02 9.984538889135718964e-01 -4.705777635074962634e-02 -2.616151981944507821e+00 4.848138696120668500e-01 5.550114041706986218e-02 8.728280109764372519e-01 4.075893256577461443e+01
8.727521752128848398e-01 2.214926294186546091e-03 -4.882040378762493860e-01 -1.579545123514348148e+01 -2.867175833712819547e-02 9.984959394300606528e-01 -4.672148867268672429e-02 -2.674562403512818598e+00 4.873662564872516811e-01 5.477318905679800370e-02 8.715031260873403740e-01 4.169008337641028561e+01
8.714244737835828980e-01 9.133209959449829687e-04 -4.904678612715643315e-01 -1.632238777552614195e+01 -2.653132216072177224e-02 9.986222262198267696e-01 -4.528267032128667491e-02 -2.733058868734991709e+00 4.897506121561914227e-01 5.247703887497316005e-02 8.702481141063929115e-01 4.260882266492318848e+01
8.694594847987840991e-01 1.501604406745383168e-03 -4.940387599431692589e-01 -1.687039397387695061e+01 -2.506226785654048703e-02 9.988417097059205663e-01 -4.106384465584708710e-02 -2.789449306651295757e+00 4.934049087061909145e-01 4.808275431110447390e-02 8.684900585852004529e-01 4.354137556845530099e+01
8.666205079685544987e-01 4.142182016045810626e-04 -4.989478266868082601e-01 -1.740879279006845337e+01 -2.150458521804113690e-02 9.991014833964146913e-01 -3.653019610825371938e-02 -2.854716448844049737e+00 4.984842943684693606e-01 4.239101049526865228e-02 8.658508154702058146e-01 4.447375053593069794e+01
8.629580583387881365e-01 -6.357014734955933376e-04 -5.054170049272632692e-01 -1.795403793937548542e+01 -1.984185936257023414e-02 9.991852869727207986e-01 -3.513932498766794699e-02 -2.905903065554972464e+00 5.050278033493912355e-01 4.034833817553685337e-02 8.622422738520043595e-01 4.539285700803923618e+01
8.577933501200892819e-01 -1.738223523701013440e-03 -5.140686984470680398e-01 -1.851428083484388409e+01 -2.033242695763069763e-02 9.990968376485420688e-01 -3.730571820565248276e-02 -2.961068018296745041e+00 5.136693816643326249e-01 4.245037384715814877e-02 8.569831986144258451e-01 4.628555829349406281e+01
8.522770407896210765e-01 -5.197029097161090516e-03 -5.231138429939864443e-01 -1.907601843941176512e+01 -1.871957411122749868e-02 9.990071647805789379e-01 -4.042511787565765402e-02 -3.021711131458548749e+00 5.228048668759378570e-01 4.424100774785064139e-02 8.513334992981167471e-01 4.720492898877846244e+01
8.457068846697055609e-01 -4.953263609201181104e-03 -5.336624863003818220e-01 -1.966100801072220960e+01 -1.903766016683835355e-02 9.990404174208931121e-01 -3.944750834250309451e-02 -3.075391523617861278e+00 5.333458089929369317e-01 4.351990224999296303e-02 8.448010711317526233e-01 4.811796127588252858e+01
8.394230638693517266e-01 -2.194589749875248963e-03 -5.433151064818443343e-01 -2.026157781031589522e+01 -1.953208223975897231e-02 9.992240275979505926e-01 -3.420374568084652567e-02 -3.121647250235958460e+00 5.429684320263629127e-01 3.932765669652048268e-02 8.387288211990184816e-01 4.903077507848730221e+01
8.353908164527124036e-01 5.509314108640094281e-04 -5.497012277309820671e-01 -2.086399075524995439e+01 -2.057369022544985881e-02 9.993301496236759451e-01 -3.025682769612658002e-02 -3.175370687339078568e+00 5.493162545597108926e-01 3.658359621726613858e-02 8.348425657992223359e-01 4.992092054464436046e+01
8.314202911331791679e-01 2.478837836575530865e-03 -5.557320003555337173e-01 -2.147104488822915513e+01 -2.359626246395609556e-02 9.992455312489033625e-01 -3.084320542601252935e-02 -3.223738809151267315e+00 5.552364351938465781e-01 3.875176768526984034e-02 8.308513804720741858e-01 5.080849554120361944e+01
8.281381388913297004e-01 -2.287881618351316187e-04 -5.606396036294659657e-01 -2.208246089541427892e+01 -2.368658855892635459e-02 9.990924294838740005e-01 -3.540958523495849053e-02 -3.276140770650430856e+00 5.601391670376036913e-01 4.260022364899324759e-02 8.273808999399209219e-01 5.168730370222113635e+01
8.253683262983951829e-01 -1.970191532033163662e-03 -5.647144881204197997e-01 -2.269531808387765892e+01 -2.663124824597067064e-02 9.987450025249153818e-01 -4.242231828314929620e-02 -3.339513166432534597e+00 5.640894426909990322e-01 5.004976691717182014e-02 8.242800637395558683e-01 5.256764676526550772e+01
8.217351335603423346e-01 -1.624052259671453355e-03 -5.699958635969496479e-01 -2.332020459888978081e+01 -2.765400459330249680e-02 9.987043530915992173e-01 -4.272288797913719599e-02 -3.393527392339980686e+00 5.693271730967048860e-01 5.086179832232668591e-02 8.206254552311457173e-01 5.344246512658498460e+01
8.183828201889424836e-01 -1.036014687542159089e-03 -5.745097506146046307e-01 -2.394541874135808257e+01 -2.689841383660470167e-02 9.988333902388446539e-01 -4.010056313409762763e-02 -3.447937813237480054e+00 5.738807558189411573e-01 4.827618864849681640e-02 8.174002241463403928e-01 5.430691003457472732e+01
8.154568561385008296e-01 1.150766884864587751e-03 -5.788502465542164632e-01 -2.458190567720199127e+01 -2.533805109576648881e-02 9.991103937187245654e-01 -3.372138024832381509e-02 -3.507735440961411655e+00 5.782963245269874264e-01 4.216958460964101429e-02 8.147606433999161624e-01 5.519539759163295400e+01
8.130873355347256748e-01 2.665841216698712750e-03 -5.822005982742172181e-01 -2.522657248666726559e+01 -2.525431105013437386e-02 9.992096659798620495e-01 -3.069350106737811848e-02 -3.546896148512347136e+00 5.816587483203413678e-01 3.965708190614781331e-02 8.125120848081968106e-01 5.606877449111369316e+01
8.097568973162579953e-01 4.198322953823508882e-03 -5.867240482184479244e-01 -2.587154961069537507e+01 -2.782640588422194070e-02 9.991240349223892148e-01 -3.125005522093455418e-02 -3.596190595461325579e+00 5.860787011715650197e-01 4.163399412649734094e-02 8.091647554368290862e-01 5.692301787378047351e+01
8.053731682351168431e-01 2.969098627724277382e-03 -5.927734045162372789e-01 -2.652999383394031341e+01 -2.784105499109416904e-02 9.990735079176307210e-01 -3.281876850089433112e-02 -3.651710930602731331e+00 5.921269810617152407e-01 4.293015436010799712e-02 8.047094555916375347e-01 5.778044928596030161e+01
8.020199790039952426e-01 6.958955353879284125e-04 -5.973176930776535887e-01 -2.717985311464160247e+01 -2.675154741567359329e-02 9.990376711618842442e-01 -3.475066768228309705e-02 -3.706073887897049612e+00 5.967185678255750858e-01 4.385149954071335121e-02 8.012669548222188798e-01 5.865773958879606909e+01
7.987971936655737792e-01 -7.702304136742415663e-04 -6.016473277971772227e-01 -2.784817126814917643e+01 -2.549904718898626452e-02 9.990571999887477572e-01 -3.513763070312116155e-02 -3.751517717250941963e+00 6.011070093791570645e-01 4.341217233588208491e-02 7.980246246524108633e-01 5.952427340313568749e+01
7.927351777776624475e-01 -2.018632297659130222e-03 -6.095621006896816407e-01 -2.852641192613779353e+01 -2.416151844055268796e-02 9.991047839188179625e-01 -3.472812207646350929e-02 -3.804072333176526488e+00 6.090865170862987954e-01 4.225517921553098577e-02 7.919767454377667493e-01 6.039025894364999658e+01
7.891122320315328009e-01 -1.141887335651389345e-03 -6.142652281604480402e-01 -2.920183070898963962e+01 -2.415711070093091301e-02 9.991669606946574911e-01 -3.288310126470738587e-02 -3.858794014658117000e+00 6.137913152486472734e-01 4.078221857215587332e-02 7.884272763328004086e-01 6.124823665124505112e+01
7.833675719826667105e-01 -2.079489862390307073e-03 -6.217446944544994247e-01 -2.989453514504388210e+01 -2.436831098569748610e-02 9.991227687111047251e-01 -3.404410606695045666e-02 -3.912549447318034890e+00 6.212704092947929357e-01 4.181133223246060598e-02 7.826298198859101829e-01 6.210295749407066523e+01
7.785259884672384167e-01 -3.010765518199419455e-03 -6.275537765743985918e-01 -3.059704427108968616e+01 -2.418855987395348434e-02 9.991015446625715057e-01 -3.480383629418491026e-02 -3.966648183750338674e+00 6.270947226350707115e-01 4.227834105105634371e-02 7.777538245400209549e-01 6.295083432482733343e+01
7.738019575883525736e-01 -5.609319248949036496e-03 -6.334508733657313595e-01 -3.129953064031251131e+01 -2.226948442389601809e-02 9.991015979040811512e-01 -3.604606233629844420e-02 -4.013955778141750308e+00 6.330840380253263122e-01 4.199900531287757699e-02 7.729820074042949019e-01 6.380093461444786840e+01
7.670214426858622536e-01 -5.632476119792991474e-03 -6.417060630611149952e-01 -3.202417938852769197e+01 -2.319968476084501019e-02 9.990639969615759952e-01 -3.649431531858158412e-02 -4.071171126038981569e+00 6.413112296937413248e-01 4.287448810510859770e-02 7.661730113375168072e-01 6.464326382028654905e+01
7.620045861879662930e-01 -7.916471503905456869e-03 -6.474824977896520561e-01 -3.274522924790064593e+01 -2.175047990745348700e-02 9.990480698564045969e-01 -3.780990727796512685e-02 -4.127623016777033804e+00 6.471657698299881911e-01 4.289391200314954244e-02 7.611070991855793944e-01 6.549148444548904990e+01
7.547191431103185133e-01 -8.728630500596207958e-03 -6.561110367047517933e-01 -3.348440852375539833e+01 -2.120055498539700004e-02 9.990647906951903856e-01 -3.769136261021579365e-02 -4.177437560625490320e+00 6.558267445739357493e-01 4.235233958785362268e-02 7.538282349834012352e-01 6.633284239767783674e+01
7.497512597100756127e-01 -9.255856694889577976e-03 -6.616582455421439191e-01 -3.423440553764617533e+01 -1.950879552844613646e-02 9.991582634030794496e-01 -3.608275455564133316e-02 -4.234612425144911541e+00 6.614353956921231736e-01 3.996082643215598945e-02 7.489395836754806357e-01 6.716061478136499829e+01
7.436846572689624901e-01 -1.036037909258687509e-02 -6.685796990089835079e-01 -3.498821250024378315e+01 -1.815347046931248265e-02 9.991982417348963530e-01 -3.568045406228882721e-02 -4.292670103341078125e+00 6.684135882443235088e-01 3.867144118171532419e-02 7.429002607289599824e-01 6.799003422205413472e+01
7.370029599581295887e-01 -1.182038877885389569e-02 -6.758113987589171590e-01 -3.575651213110232618e+01 -1.716156092545990941e-02 9.991974019077773939e-01 -3.618891259511047148e-02 -4.345310536953623348e+00 6.756967568457754592e-01 3.827301330957258441e-02 7.362085288582757014e-01 6.882004546822105340e+01
7.309520767776809258e-01 -1.348964894199469571e-02 -6.823138096992270585e-01 -3.654475170190134747e+01 -1.689213376692585630e-02 9.991406373897298021e-01 -3.784531108719157988e-02 -4.402437752620496525e+00 6.822381956248521062e-01 3.918539923437352329e-02 7.300959130756313753e-01 6.964808143210939306e+01
7.255620359570690292e-01 -1.245899047582741358e-02 -6.881181280239796472e-01 -3.733725268766543337e+01 -1.826244845754020421e-02 9.991354339790218253e-01 -3.734827475075164216e-02 -4.454433203521467100e+00 6.879889262641516456e-01 3.965925803443128700e-02 7.247070677416741491e-01 7.045998528202372313e+01
7.190260398372756434e-01 -1.215944403132476065e-02 -6.948831645093217491e-01 -3.814640894576535857e+01 -1.802608220354065538e-02 9.991843003664581113e-01 -3.613014160161550498e-02 -4.510694932798497092e+00 6.947559821927506984e-01 3.850205512947869890e-02 7.182202928643511841e-01 7.127305710955435814e+01
7.146219593087637101e-01 -1.243523161278458841e-02 -6.992607498003960975e-01 -3.895358565519096317e+01 -1.824956602498815222e-02 9.991702406640613487e-01 -3.640759338755442109e-02 -4.567732780173422213e+00 6.991333373241550575e-01 3.878046419142276019e-02 7.138021041119531063e-01 7.208935571174160373e+01
7.098081213351745689e-01 -1.295414666024148100e-02 -7.041386463742987933e-01 -3.978196314416424428e+01 -1.872767563869311147e-02 9.991303899496668528e-01 -3.725933460929743701e-02 -4.626877905380475831e+00 7.040088930479150298e-01 3.963818674464410219e-02 7.089480439100135367e-01 7.290647877478411942e+01
7.043818183643190123e-01 -1.500187531591157079e-02 -7.096674385658643391e-01 -4.061515492080890510e+01 -1.919291777867568674e-02 9.990086654980457892e-01 -4.018246824847590548e-02 -4.683360242397453632e+00 7.095666993210167917e-01 4.192564276940750900e-02 7.033955407081003974e-01 7.371909555412341319e+01
7.004118511961592297e-01 -1.712102204254894663e-02 -7.136052914878252551e-01 -4.144493487051264680e+01 -1.902791395779519085e-02 9.989090831174285423e-01 -4.264210573167373508e-02 -4.748663488986468728e+00 7.135570651767926265e-01 4.344253361768529026e-02 6.993220228969532215e-01 7.452037039551109388e+01
6.951038355238208233e-01 -1.711669219270726267e-02 -7.186295865867817767e-01 -4.228884685655867059e+01 -1.966559306501997409e-02 9.988897912840368765e-01 -4.281114925165570989e-02 -4.812149050471260736e+00 7.185644401388007196e-01 4.389234023278570929e-02 6.939954173815957583e-01 7.532699373869024839e+01
6.907241282915164149e-01 -1.729510313355615142e-02 -7.230001189086397995e-01 -4.314667840737942583e+01 -1.848944636911779849e-02 9.989647470131057805e-01 -4.156950892863164188e-02 -4.870774266004623598e+00 7.229707226413732979e-01 4.207975780989166997e-02 6.896892646680646832e-01 7.613574430189387954e+01
6.853327670064958133e-01 -1.803666889845622484e-02 -7.278679020965891366e-01 -4.401331045474580606e+01 -1.745639587284256514e-02 9.989992056534646725e-01 -4.119633890079952426e-02 -4.927214230005089846e+00 7.278820384664875798e-01 4.094708557091732842e-02 6.843320536004157129e-01 7.691148064292607955e+01
6.802869552511781048e-01 -1.802563279684602296e-02 -7.326926575413555964e-01 -4.489249908793133415e+01 -1.772217781109078003e-02 9.990008586623602138e-01 -4.102930239736126555e-02 -5.001214703788296134e+00 7.327001882735658667e-01 4.089639731056927963e-02 6.792877089860893669e-01 7.770703948734330879e+01
6.759811269542296275e-01 -1.909242230533677795e-02 -7.367895874975847192e-01 -4.577621959572215360e+01 -1.678444773854425795e-02 9.990061609442099089e-01 -4.129634647261890695e-02 -5.052252672676287304e+00 7.368457605476023131e-01 4.028376151500348556e-02 6.749887748762188888e-01 7.850416458151244115e+01
6.708565009627190934e-01 -2.008997270537661237e-02 -7.413904168603502320e-01 -4.666740494643871529e+01 -1.527074398239435492e-02 9.990467149527446633e-01 -4.089600102903424850e-02 -5.115083971390556705e+00 7.415055240933885461e-01 3.875636744400873940e-02 6.699103145296352313e-01 7.930014074126371781e+01
6.666948209668362990e-01 -2.081325052269478171e-02 -7.450686428714242693e-01 -4.756376920238614048e+01 -1.444829518898366888e-02 9.990612822293764017e-01 -4.084303799493296805e-02 -5.170631292567306581e+00 7.452195308841704779e-01 3.799380398214746712e-02 6.657682689046174884e-01 8.007210439453447748e+01
6.640745579769672391e-01 -2.352691270596918641e-02 -7.472702069536877323e-01 -4.846085172674916919e+01 -1.108322317754705140e-02 9.990851236240027022e-01 -4.131461861343568159e-02 -5.236990629536088626e+00 7.475585522931456062e-01 3.571927712337799599e-02 6.632063257270637280e-01 8.085026676815320457e+01
6.587855905740066520e-01 -2.838521454505178732e-02 -7.518382721080673070e-01 -4.937154654461376424e+01 -7.603533160313541081e-03 9.989856050776542151e-01 -4.438648397453901634e-02 -5.308790823419679228e+00 7.523359668493561081e-01 3.495311515027802601e-02 6.579017980083123884e-01 8.165053212376523106e+01
6.550604917741637001e-01 -3.299457574363239692e-02 -7.549445253273813217e-01 -5.028485089234050065e+01 -3.136407803463917270e-03 9.989186212590869252e-01 -4.638051778281348375e-02 -5.373735307078244539e+00 7.556589949531553607e-01 3.274741665255890416e-02 6.542487240524733627e-01 8.245224931541955016e+01
6.482476945459053619e-01 -3.662064084347364801e-02 -7.603832975858446641e-01 -5.120912068904846137e+01 2.337935305501796790e-03 9.989337002296898582e-01 -4.610510918639356553e-02 -5.440997532677195103e+00 7.612608573746374452e-01 2.811046797595590646e-02 6.476421921651703828e-01 8.323324184092005851e+01
6.390939925672652899e-01 -3.988906498994596733e-02 -7.680417857765819978e-01 -5.215171738179694927e+01 6.517917199414990405e-03 9.988994215888917783e-01 -4.644747923478101392e-02 -5.510431609570564326e+00 7.690488907247390316e-01 2.468403295990215587e-02 6.386503985002458528e-01 8.401690964839379205e+01
6.319667226257510428e-01 -4.107975515391711074e-02 -7.738520741074705889e-01 -5.308821157670593749e+01 1.015289756444747588e-02 9.989474000756604077e-01 -4.472137867093689545e-02 -5.586262695250150401e+00 7.748753650843938079e-01 2.039857277313725237e-02 6.317186049215747223e-01 8.479627407712182219e+01
6.220653339309237806e-01 -4.104769392602578004e-02 -7.817678443591569160e-01 -5.406375312946544653e+01 1.253481336729052667e-02 9.990186834492539303e-01 -4.248044126132286685e-02 -5.647440513299375908e+00 7.827446990488874379e-01 1.661859754066061234e-02 6.219699553409223647e-01 8.555352634262092693e+01
6.127319186192913270e-01 -4.025063687488580205e-02 -7.892822467617744975e-01 -5.505119523960122763e+01 1.142171994177698657e-02 9.990488862416823101e-01 -4.208540039152650070e-02 -5.726106144690176869e+00 7.902255512921964042e-01 1.677173580688188018e-02 6.126089866276740459e-01 8.630813337673609453e+01
6.038888531175089502e-01 -4.146225920478119331e-02 -7.960618923817278647e-01 -5.603814115811040608e+01 1.026247566802866024e-02 9.989674433996614811e-01 -4.425429645355864750e-02 -5.788855630627273818e+00 7.970756196152428696e-01 1.854484065419990599e-02 6.036915002090565974e-01 8.705383632641758140e+01
5.937850271290269211e-01 -4.388489062855972095e-02 -8.034632105362428112e-01 -5.703641256761346057e+01 1.213191868984546742e-02 9.988860851558984955e-01 -4.560826933393121591e-02 -5.861206199755848445e+00 8.045698217818959552e-01 1.733339855773234975e-02 5.936562259337638814e-01 8.777493913808498860e+01
5.838493051208313300e-01 -4.475783938720295091e-02 -8.107780941370542616e-01 -5.804502795177169361e+01 1.112935160959686171e-02 9.988266169745642076e-01 -4.712212320456624776e-02 -5.931484842366802290e+00 8.119367184066703658e-01 1.848371733607748202e-02 5.836625216607080890e-01 8.849964093506785900e+01
5.748205357331261922e-01 -4.630714114755676847e-02 -8.169606479314832637e-01 -5.906968924281531486e+01 1.526479178863847722e-02 9.988308119566976506e-01 -4.587468117050881589e-02 -6.005383783665782182e+00 8.181294374456618002e-01 1.390385184336465595e-02 5.748549956748918444e-01 8.921546352266260271e+01
5.642237591039073186e-01 -4.591156021354112632e-02 -8.243505570673523852e-01 -6.011479489382417540e+01 1.663591892478247236e-02 9.988818528316188994e-01 -4.424836462206663268e-02 -6.068497410795620439e+00 8.254607114010842350e-01 1.124478285723118538e-02 5.643571327773037050e-01 8.992967886247893716e+01
5.534540136843498770e-01 -4.680317508583491798e-02 -8.314939466381301436e-01 -6.115801107937622305e+01 1.702848206473535006e-02 9.988471596125750862e-01 -4.487360288787761720e-02 -6.146091398582937515e+00 8.326358492977949943e-01 1.067317742206289576e-02 5.536128830041923132e-01 9.061091921769499891e+01
5.428113624889658873e-01 -4.777427518508255144e-02 -8.384479747986437470e-01 -6.221529736224861296e+01 1.629272331535655538e-02 9.987918344253133851e-01 -4.635106552100311944e-02 -6.219719083299471762e+00 8.396498182739218219e-01 1.149343916232243787e-02 5.429341303753021375e-01 9.129326074053975049e+01
5.337373411340781137e-01 -4.802796684872437383e-02 -8.441907814562574774e-01 -6.329282765950543421e+01 1.514621693814282612e-02 9.987684706179841276e-01 -4.724468439856682050e-02 -6.291530825144310946e+00 8.454203720991695370e-01 1.242446044177730399e-02 5.338076934206674729e-01 9.195900470893589329e+01
5.235798938174770489e-01 -4.893269641023857697e-02 -8.505198526494508471e-01 -6.436840352856671643e+01 1.403907463494671187e-02 9.987094082763984249e-01 -4.881865783152074256e-02 -6.366297703118584117e+00 8.518103750704956179e-01 1.362548703039064002e-02 5.235909559894681431e-01 9.260901251335967288e+01
5.126453630702370035e-01 -4.858882734156263344e-02 -8.571689585052086890e-01 -6.546671528336584345e+01 1.267772248051744939e-02 9.987170582912567873e-01 -4.902159430724525868e-02 -6.443904628623482900e+00 8.584511181202152397e-01 1.426475271746865427e-02 5.126034142097952717e-01 9.325011413285866979e+01
