1.0 0.0 0.0 0.0 0.0 1.0 0.0 0.0 0.0 0.0 1.0 0.0
0.9999293 0.011832274 0.0011499764 0.2960205 -0.011829295 0.99992675 -0.0025623036 -0.014404297 -0.0011802202 0.0025485135 0.99999607 0.0014648438
0.99985605 0.016945647 0.00094398094 0.5909424 -0.016940312 0.99984205 -0.005396919 -0.030517578 -0.0010352756 0.0053801523 0.999985 0.005004883
0.9998032 0.019834599 0.0002268538 0.8919678 -0.019832442 0.99977714 -0.0072320723 -0.03894043 -0.00037024837 0.007226151 0.99997383 0.011352539
0.99983615 0.018090846 -0.00055779016 1.2004395 -0.018095044 0.99979776 -0.0087699285 -0.04724121 0.0003990113 0.008778588 0.9999614 0.014404297
0.999935 0.011212746 -0.0020885128 1.5119629 -0.011235509 0.9998739 -0.011225662 -0.045166016 0.0019623893 0.011248396 0.9999348 0.012817383
0.99999344 -0.00047019497 -0.003593289 1.8378906 0.00042622408 0.99992514 -0.012229624 -0.044189453 0.0035987708 0.012228013 0.99991876 0.015136719
0.9998675 -0.01588153 -0.0035522236 2.1691895 0.015844243 0.9998214 -0.010293057 -0.027709961 0.0037150653 0.010235397 0.99994075 0.028808594
0.99938273 -0.03495125 -0.0035636348 2.5126953 0.034928445 0.9993702 -0.006274721 0.0043945312 0.00378064 0.006146391 0.99997395 0.026977539
0.998538 -0.05382972 -0.004879821 2.8687744 0.053820048 0.99854827 -0.002091733 0.045532227 0.004985353 0.001826029 0.99998593 0.024780273
0.99724215 -0.07402154 -0.0054074335 3.2303467 0.07401235 0.9972557 -0.0018809721 0.08251953 0.005531822 0.0014756685 0.9999836 0.032714844
0.9954133 -0.09554605 -0.004917243 3.6070557 0.09552777 0.99541986 -0.00382865 0.13195801 0.0052605625 0.003341399 0.99998057 0.033447266
0.9931815 -0.11652546 -0.0039841896 3.998169 0.11650498 0.99317914 -0.0050348807 0.1776123 0.0045435484 0.0045365104 0.9999794 0.03857422
0.99116516 -0.13258211 -0.0034970117 4.393799 0.1325668 0.9911641 -0.004297412 0.24523926 0.0040358165 0.0037957353 0.9999846 0.04333496
0.98863053 -0.15030526 -0.0031090288 4.814331 0.15029393 0.98863053 -0.0036051532 0.32043457 0.003615684 0.0030967726 0.9999887 0.05053711
0.986526 -0.16351877 -0.0031723187 5.235962 0.16351052 0.98652875 -0.0027111312 0.40075684 0.003573167 0.0021557976 0.9999913 0.052124023
0.9844431 -0.17563906 -0.0042415624 5.6730957 0.17562032 0.9844455 -0.004452249 0.4888916 0.004957595 0.00363801 0.9999811 0.056274414
0.98294693 -0.18377772 -0.0056319693 6.1240234 0.18373217 0.982941 -0.00775626 0.569458 0.006961622 0.00658925 0.99995404 0.06640625
0.98140097 -0.19183126 -0.007682969 6.5855713 0.19177781 0.98141515 -0.0071855215 0.6644287 0.008918211 0.005578715 0.9999447 0.07067871
0.9797897 -0.19979338 -0.009313025 7.060669 0.19974141 0.9798248 -0.0062212297 0.77246094 0.010368204 0.0042349654 0.9999373 0.06616211
0.97849363 -0.20598577 -0.011578326 7.541504 0.20591004 0.9785501 -0.007402187 0.88183594 0.012854577 0.0048591634 0.9999056 0.07800293
0.9761777 -0.21660599 -0.012775977 8.048462 0.21647452 0.97622937 -0.010922325 0.9916992 0.014837609 0.007896765 0.99985874 0.0826416
0.97454405 -0.22382815 -0.012904041 8.566895 0.22360708 0.9745386 -0.016604077 1.1010742 0.016291577 0.013295559 0.99977887 0.09460449
0.9728057 -0.23117162 -0.01488077 9.091919 0.23090325 0.9728209 -0.017768545 1.2210693 0.018584413 0.013848396 0.9997313 0.119018555
0.97092897 -0.23856288 -0.019858183 9.627197 0.23831084 0.9710894 -0.01424817 1.3759766 0.022682777 0.009101053 0.9997012 0.11218262
0.9687785 -0.24672465 -0.024200205 10.17627 0.2465264 0.96906954 -0.010905014 1.5314941 0.02614282 0.004598738 0.99964774 0.122558594
0.966349 -0.2559552 -0.024995318 10.73584 0.25566316 0.9666436 -0.014306201 1.6773682 0.027824484 0.0074331155 0.9995852 0.14526367
0.9639269 -0.26481727 -0.026510816 11.310913 0.26445732 0.96425176 -0.016337877 1.8342285 0.029889349 0.008737198 0.99951506 0.17016602
0.9619624 -0.2715734 -0.029279755 11.896606 0.2712032 0.9623788 -0.016026586 2.012329 0.032530945 0.0074752257 0.99944276 0.18579102
0.95928437 -0.28054696 -0.03314801 12.486206 0.28016484 0.9598389 -0.015754366 2.1912842 0.036235563 0.005828358 0.9993264 0.20153809
0.9571455 -0.2871175 -0.037894674 13.082397 0.28670043 0.9578844 -0.016135566 2.3795166 0.04093063 0.004580341 0.9991516 0.22668457
0.9551096 -0.2926506 -0.045957398 13.698853 0.29218647 0.95621186 -0.016661929 2.5758057 0.048820972 0.0024816878 0.99880385 0.25976562
0.95306563 -0.2979099 -0.05362035 14.32666 0.29737025 0.9545722 -0.017962791 2.7764893 0.0565371 0.0011701994 0.9983997 0.2866211
0.9515937 -0.3008146 -0.063266516 14.958984 0.30024225 0.9536938 -0.018594015 2.9854736 0.06592849 -0.0013000257 0.99782324 0.32434082
0.9497161 -0.30447072 -0.07313051 15.612061 0.3039715 0.9525141 -0.018137362 3.1973877 0.075178474 -0.0050021103 0.9971577 0.36169434
0.9479408 -0.30810714 -0.08056526 16.270996 0.30777988 0.9513175 -0.016756536 3.4232178 0.08180604 -0.008913818 0.99660766 0.41760254
0.94590557 -0.31229872 -0.08791341 16.942017 0.31212097 0.9499038 -0.016118374 3.6550293 0.0885422 -0.012193612 0.9959978 0.47070312
0.94369596 -0.31682116 -0.09535589 17.622803 0.31698883 0.9483472 -0.013786438 3.8984375 0.094797425 -0.017218105 0.99534583 0.53515625
0.9417382 -0.32085523 -0.10101813 18.301025 0.3212611 0.9469186 -0.012666713 4.1452637 0.09972002 -0.020521581 0.9948037 0.6019287
0.9396445 -0.32542425 -0.1059499 19.00232 0.32629162 0.9452502 -0.009520087 4.407715 0.10324817 -0.025611445 0.99432755 0.66918945
0.93718857 -0.33159858 -0.108154744 19.716553 0.33266452 0.94299173 -0.0085594645 4.658081 0.10482908 -0.027954502 0.9940998 0.74450684
0.9354139 -0.33671722 -0.107843444 20.43628 0.33791515 0.941151 -0.007519127 4.9300537 0.10402931 -0.029408474 0.9941391 0.8286133
0.9332753 -0.34303048 -0.1062408 21.173828 0.3442822 0.9388187 -0.0069098696 5.208618 0.102110595 -0.030132515 0.994317 0.91101074
0.9308218 -0.34983662 -0.105488464 21.891724 0.35115117 0.93626666 -0.0064609163 5.4921875 0.10102546 -0.031039622 0.99439883 0.98828125
0.92885846 -0.3560403 -0.10211873 22.63379 0.357366 0.9339306 -0.0056259437 5.7822266 0.09737666 -0.03126847 0.99475765 1.0714111
0.9249785 -0.36744487 -0.097012654 23.409912 0.36884704 0.92949253 -0.0037227934 6.095703 0.09153905 -0.032348085 0.9952734 1.1456299
0.9225563 -0.37458402 -0.092600144 24.164307 0.37602416 0.92660606 -0.0020410677 6.413208 0.08656638 -0.032934885 0.9957018 1.2249756
0.91932684 -0.38298908 -0.09045196 24.926758 0.3847442 0.92303485 0.0021363874 6.740967 0.08267054 -0.036765635 0.9958976 1.298584
0.91680753 -0.38932055 -0.088928886 25.693115 0.3910248 0.92038655 0.0019047125 7.0820312 0.08110841 -0.036519106 0.99603593 1.3703613
0.91219556 -0.39998537 -0.08905207 26.473755 0.40185592 0.91570705 0.0033844365 7.4244385 0.080190055 -0.03886997 0.9960214 1.4438477
0.9085878 -0.40834373 -0.08769872 27.246216 0.41025525 0.9119436 0.0041757384 7.7835693 0.07827066 -0.039777886 0.996138 1.5111084
0.9047181 -0.4172064 -0.08635555 28.038452 0.41906077 0.9079681 0.0037294675 8.154663 0.076853335 -0.039554782 0.9962583 1.5802002
0.9012348 -0.42507967 -0.08388869 28.834106 0.42689264 0.9042667 0.004105579 8.536743 0.07411038 -0.039511528 0.9964674 1.6503906
0.8988066 -0.43097585 -0.07998869 29.635742 0.4326684 0.9015364 0.004306787 8.925049 0.07025705 -0.03847226 0.99678797 1.7150879
0.8949261 -0.43977794 -0.07517508 30.458496 0.4414121 0.89725477 0.005830596 9.334595 0.06488905 -0.03839493 0.9971552 1.779541
0.89172935 -0.4472217 -0.06969149 31.27478 0.44864613 0.8937174 0.0054705013 9.750732 0.05983942 -0.03613704 0.99755424 1.8460693
0.8878746 -0.4549596 -0.06802226 32.097534 0.4563605 0.88974166 0.0057984693 10.175903 0.057883684 -0.03620351 0.99766576 1.9033203
0.88491493 -0.46097764 -0.06645957 32.931274 0.46230945 0.8866986 0.0053505213 10.616455 0.05645694 -0.035463538 0.997774 1.9624023
0.8822612 -0.4662353 -0.06497695 33.767334 0.46751016 0.8839631 0.0051028603 11.067261 0.055059306 -0.034881465 0.9978736 2.0109863
0.8790328 -0.47255546 -0.06324963 34.62036 0.47369868 0.88068426 0.0035506713 11.525635 0.054025345 -0.033081703 0.99799144 2.0686035
0.8771302 -0.47630528 -0.061975203 35.47168 0.47739527 0.87872 0.0032087145 11.99585 0.05293017 -0.0323976 0.9980724 2.126587
0.87564886 -0.47887006 -0.06222343 36.338745 0.47988665 0.8773001 0.001607086 12.4765625 0.05382338 -0.03127178 0.99806094 2.1811523
0.87365746 -0.48237115 -0.0631179 37.210693 0.4834277 0.87535095 0.00167925 12.967285 0.054438356 -0.031989023 0.9980039 2.2332764
0.87344635 -0.48303294 -0.061789718 38.09497 0.48410273 0.8750334 0.0027170605 13.471436 0.05275655 -0.032278813 0.9980859 2.2896729
0.8727173 -0.48442122 -0.059657894 39.00879 0.4854391 0.8741836 0.0029790772 13.978882 0.05070862 -0.031563256 0.998215 2.340332
0.873426 -0.4834972 -0.058480144 39.914673 0.48438528 0.87489027 0.0011605499 14.493042 0.05060181 -0.02934026 0.9982875 2.4003906
0.8727799 -0.48453763 -0.058584303 40.83899 0.48531762 0.87431103 -0.0010396949 15.00354 0.05172677 -0.027529884 0.99828166 2.456421
0.8714575 -0.4870899 -0.057869505 41.771973 0.4878129 0.8729717 -0.0018588 15.534668 0.051421106 -0.026610207 0.998322 2.5131836
0.8702079 -0.48947892 -0.05558602 42.692627 0.4900795 0.8716376 -0.0031910278 16.058594 0.05001339 -0.024463406 0.9984493 2.5704346
0.86845094 -0.49315932 -0.051207334 43.62744 0.49368742 0.8696563 -0.0026517743 16.603271 0.045839027 -0.02298057 0.998684 2.626587
0.86581904 -0.49826166 -0.045539778 44.5625 0.49862504 0.866798 -0.0038065715 17.137695 0.04137035 -0.019406669 0.9989558 2.6916504
0.86221474 -0.50481075 -0.043527823 45.484253 0.5050979 0.863131 -0.0049323584 17.678589 0.040058553 -0.017729152 0.9990399 2.7416992
0.8569563 -0.5134382 -0.04566793 46.379883 0.5137245 0.8579794 -0.006127792 18.233765 0.042327076 -0.018208489 0.99893767 2.7947998
0.85131526 -0.5225484 -0.04750242 47.30237 0.5227216 0.8524785 -0.009685322 18.79004 0.045557998 -0.01658576 0.99882394 2.8529053
0.84478146 -0.533097 -0.046823215 48.218994 0.5332787 0.84590936 -0.009564447 19.369385 0.044707343 -0.016886877 0.99885756 2.9056396
0.83870274 -0.5427568 -0.042662907 49.135498 0.54299015 0.83960766 -0.006928459 19.964844 0.03958129 -0.01736145 0.9990655 2.9525146
0.83480895 -0.5491336 -0.039939083 50.028564 0.549425 0.8355619 -0.004262981 20.563232 0.03571006 -0.01838805 0.9991927 3.0065918
0.83080786 -0.5550558 -0.04212604 50.9187 0.55546314 0.8316002 -0.0024014795 21.166382 0.036364846 -0.021404572 0.99910915 3.053833
0.82734215 -0.5599277 -0.045997404 51.799805 0.5603164 0.82834077 -0.00515868 21.773926 0.04099175 -0.021496579 0.99892855 3.1038818
0.8242388 -0.56383646 -0.05346402 52.68213 0.5643239 0.8256086 -0.0069318446 22.383179 0.04804936 -0.024447825 0.998546 3.1640625
0.8205811 -0.56907415 -0.054294165 53.55957 0.5696047 0.821981 -0.0066473447 23.004272 0.048414007 -0.025466077 0.99850285 3.2172852
0.8173557 -0.5736438 -0.051722437 54.426758 0.5741428 0.8186182 -0.006121497 23.625977 0.04585129 -0.024704235 0.99864256 3.2719727
0.8147144 -0.57809883 -0.04562854 55.318115 0.57854784 0.8156624 -0.0040002833 24.259033 0.039529197 -0.023129478 0.99895114 3.333252
0.81246257 -0.5814811 -0.04312514 56.193848 0.5819318 0.81328017 -0.0025316323 24.900757 0.03654387 -0.023038328 0.99906635 3.3729248
0.80910635 -0.58590174 -0.045113664 57.050537 0.5864604 0.8099581 -0.0010509654 25.542358 0.037153326 -0.025608884 0.99898124 3.4216309
0.804653 -0.59193945 -0.046432227 57.91089 0.59248877 0.80558467 -0.0023517571 26.196655 0.03879914 -0.02562204 0.9989185 3.4763184
0.8012171 -0.5965163 -0.04737264 58.79077 0.5970025 0.8022413 -0.004679231 26.842773 0.040791508 -0.024532966 0.9988662 3.529541
0.7979801 -0.60090005 -0.046950214 59.659912 0.60131913 0.7990206 -0.00620025 27.507568 0.041236676 -0.023278818 0.9988783 3.574585
0.79193723 -0.6088801 -0.045820285 60.52954 0.6092283 0.7929584 -0.0075512286 28.18103 0.040932804 -0.021937996 0.9989211 3.6270752
0.7883855 -0.6135968 -0.044360206 61.39038 0.6139514 0.7893286 -0.006737469 28.852905 0.03914919 -0.021929413 0.9989924 3.682251
0.78258914 -0.6210688 -0.045413975 62.248535 0.62141484 0.78359354 -0.007767433 29.541016 0.04040722 -0.022140106 0.9989375 3.7355957
0.7777152 -0.62688804 -0.045898132 63.09961 0.6272113 0.77875835 -0.008774218 30.239502 0.04124544 -0.021962767 0.9989078 3.7895508
0.7729533 -0.632867 -0.045640893 63.95288 0.633081 0.7740403 -0.011449365 30.937866 0.0425694 -0.020045135 0.998892 3.8365479
0.76614183 -0.641093 -0.046538778 64.79907 0.64133173 0.7672678 -0.011578652 31.657715 0.04312628 -0.020977074 0.9988488 3.893921
0.7610844 -0.64693785 -0.04657683 65.650635 0.64708227 0.7622582 -0.013940142 32.374634 0.04452359 -0.019532543 0.9988172 3.9501953
0.7538085 -0.65559953 -0.04605923 66.49609 0.65570563 0.7549754 -0.014867967 33.108887 0.04452277 -0.018985027 0.9988283 4.0004883
0.74892503 -0.66121656 -0.04368159 67.32739 0.6612616 0.74999857 -0.015476362 33.85498 0.042994253 -0.01729475 0.9989255 4.058838
0.7428916 -0.6681963 -0.042411055 68.160645 0.6681784 0.74393046 -0.016677251 34.60437 0.04268952 -0.015942615 0.9989611 4.117676
0.73620594 -0.6754762 -0.042030618 68.99463 0.6753958 0.73725307 -0.018238552 35.368164 0.043301284 -0.014958179 0.9989499 4.1708984
0.7300983 -0.6820084 -0.04295951 69.826416 0.6818735 0.7312139 -0.019996356 36.1521 0.045049615 -0.0146975685 0.9988764 4.2283936
0.7247035 -0.68776417 -0.043442883 70.641846 0.68768793 0.72582686 -0.019045847 36.940796 0.04463177 -0.01607304 0.9988742 4.281616
0.7182166 -0.69453907 -0.042297278 71.458984 0.6944639 0.719287 -0.018845359 37.745728 0.043510966 -0.015843611 0.99892706 4.3394775
0.7137986 -0.6989156 -0.042582903 72.278564 0.69883704 0.7148872 -0.01918431 38.54944 0.04385177 -0.016074548 0.9989085 4.397583
0.7089447 -0.70378727 -0.04344964 73.09912 0.7037043 0.7100817 -0.01977161 39.374146 0.044773046 -0.016561002 0.9988602 4.4577637
0.70339644 -0.7093294 -0.045750424 73.91528 0.709196 0.70467603 -0.021893391 40.20337 0.0477748 -0.017038155 0.99871355 4.5146484
0.6993291 -0.7133063 -0.047277603 74.71973 0.7131001 0.70072216 -0.024066182 41.029663 0.050291974 -0.016882848 0.9985917 4.5805664
0.6940009 -0.7183142 -0.04773333 75.53003 0.71812254 0.69541955 -0.024136137 41.869873 0.05053469 -0.017530927 0.9985686 4.645508
0.6896986 -0.72272754 -0.045928188 76.342285 0.7225013 0.6910322 -0.024382139 42.724243 0.04935883 -0.016359841 0.9986474 4.7061768
0.68434644 -0.72764134 -0.04480151 77.121826 0.7273666 0.6856389 -0.025201006 43.58728 0.04906166 -0.015337952 0.9986787 4.7646484
0.67930156 -0.73246163 -0.044756904 77.92114 0.7321923 0.68059546 -0.025261965 44.46277 0.048965693 -0.015612818 0.9986785 4.840576
0.6750084 -0.73660606 -0.044151742 78.72168 0.73627967 0.67629105 -0.026391078 45.34314 0.04929526 -0.014683392 0.9986766 4.8934326
0.6699374 -0.7412684 -0.042630564 79.521484 0.7408766 0.6711627 -0.027462823 46.230713 0.048967864 -0.013180337 0.99871343 4.958374
0.66580003 -0.74498326 -0.041872323 80.296875 0.7445501 0.6670006 -0.028244935 47.1239 0.04897292 -0.01236733 0.99872375 5.0161133
0.66325575 -0.74731886 -0.03960493 81.078125 0.74672985 0.66437554 -0.030998215 48.018066 0.049484964 -0.009009235 0.9987347 5.0844727
0.6579759 -0.75207984 -0.038852528 81.882324 0.75124115 0.65909845 -0.035928927 48.924805 0.052633293 -0.0055458555 0.99859864 5.1573486
0.6543498 -0.7553918 -0.036658924 82.6875 0.7543009 0.6553752 -0.040591635 49.834717 0.054683395 -0.0010902183 0.99850285 5.223755
0.64777154 -0.76099586 -0.03203096 83.473145 0.7597172 0.6485483 -0.044316344 50.754883 0.0545045 0.004365959 0.99850374 5.293457
0.6388043 -0.7687847 -0.028615307 84.26221 0.7673505 0.63938814 -0.04771398 51.692627 0.054974012 0.008522405 0.99845135 5.3652344
0.6318894 -0.7746225 -0.024333803 85.04639 0.7731658 0.6322417 -0.049008057 52.625 0.05334657 0.012140481 0.9985016 5.444092
0.62215126 -0.7825072 -0.020553559 85.809326 0.78109854 0.6223215 -0.049114693 53.595947 0.05123745 0.014497141 0.99858123 5.508911
0.6127872 -0.78999406 -0.020704616 86.569336 0.7886205 0.61299115 -0.048441473 54.578857 0.05096179 0.0133578945 0.99861145 5.5906982
0.6038725 -0.79683733 -0.022477875 87.32007 0.79537416 0.6041679 -0.049764086 55.561523 0.053240236 0.012168677 0.99850744 5.6557617
0.59385407 -0.8043294 -0.021266814 88.046875 0.8027478 0.59406936 -0.052317407 56.555176 0.05472151 0.014003612 0.9984039 5.730957
0.583863 -0.81169355 -0.022413714 88.7771 0.81004405 0.5841495 -0.053314988 57.559326 0.056356672 0.012966626 0.99832594 5.804077
0.5750775 -0.81789684 -0.017829563 89.498535 0.8162253 0.57510054 -0.054985553 58.579834 0.05522362 0.017071709 0.9983283 5.881958
0.5645869 -0.82524097 -0.015160486 90.21875 0.8236297 0.56449014 -0.05472861 59.620605 0.053727753 0.018407553 0.9983857 5.949341
0.55385077 -0.8324184 -0.01457895 90.906006 0.83076125 0.5537252 -0.0557539 60.659424 0.05448053 0.018759115 0.9983381 6.0306396
0.5431766 -0.83943063 -0.015388676 91.59424 0.83769625 0.5430971 -0.056853626 61.712402 0.056081343 0.017980991 0.99826366 6.107788
0.5340502 -0.8452012 -0.01630766 92.26538 0.84342957 0.53403497 -0.057215586 62.786133 0.05707803 0.01679747 0.9982283 6.1835938
0.5238362 -0.8515888 -0.017496016 92.92114 0.8497394 0.5238945 -0.058240242 63.857666 0.058766626 0.015647689 0.9981496 6.262207
0.5128463 -0.85823333 -0.018116882 93.56836 0.8563883 0.51296884 -0.058026347 64.951904 0.059091862 0.014240975 0.9981507 6.3443604
0.50376326 -0.86377037 -0.017595751 94.20776 0.8620435 0.50389963 -0.05614364 66.04468 0.057358295 0.013118753 0.99826765 6.4263916
0.49713397 -0.8675494 -0.013822833 94.84155 0.86596155 0.49709442 -0.05461374 67.1499 0.054253522 0.015175887 0.9984116 6.504883
0.4871319 -0.8732068 -0.013172865 95.4624 0.8716146 0.48707044 -0.05487803 68.27637 0.054341808 0.015266856 0.9984066 6.583374
0.4809055 -0.8766316 -0.012893631 96.08276 0.87487036 0.48079145 -0.057969883 69.403076 0.05702478 0.016601196 0.99823505 6.6688232
0.47493124 -0.87997746 -0.011535193 96.68848 0.8780322 0.474688 -0.061508432 70.52539 0.05959952 0.01907806 0.99803966 6.7438965
0.46719378 -0.88393956 -0.0098737 97.292725 0.88184685 0.4668065 -0.06446975 71.65332 0.061605696 0.021430802 0.99787164 6.8286133
0.46208587 -0.88676554 -0.010760025 97.8811 0.88446707 0.46170536 -0.06736039 72.80151 0.06470667 0.02160928 0.99767035 6.9230957
0.4576166 -0.8890293 -0.008187387 98.47046 0.88674504 0.45706716 -0.06802152 73.92993 0.06421642 0.02386986 0.9976506 7.0117188
0.4550013 -0.89045197 -0.0045914035 99.056885 0.88841397 0.45429784 -0.065471746 75.07202 0.060381982 0.025707185 0.9978439 7.104004
0.45268148 -0.89181775 0.0019893982 99.63989 0.89000624 0.4516183 -0.06475275 76.21265 0.056830358 0.031072263 0.9978995 7.197632
0.44587386 -0.89492315 0.0036121309 100.206055 0.8932002 0.44475684 -0.06395348 77.351074 0.055638004 0.03175494 0.99794656 7.2801514
0.44516817 -0.895454 0.00521516 100.76367 0.89382833 0.4439922 -0.06309281 78.47949 0.05418735 0.03274965 0.99799365 7.364258
0.44342548 -0.89648277 0.0065701054 101.32764 0.8949606 0.44221848 -0.061949674 79.61694 0.052621182 0.033342194 0.9980573 7.4434814
0.44144878 -0.8973132 0.010119437 101.87891 0.89596134 0.44009602 -0.060979623 80.74048 0.050260834 0.035982497 0.9980875 7.5233154
0.43996155 -0.8980357 0.012919334 102.42432 0.8967182 0.4384198 -0.062322024 81.8562 0.050298646 0.038991835 0.9979721 7.605713
0.43536672 -0.90017796 0.015456595 102.9624 0.8989623 0.43371126 -0.06216416 82.96362 0.049253162 0.040955674 0.9979461 7.6777344
0.4323594 -0.9014479 0.018609354 103.49878 0.90041566 0.4306052 -0.060992543 84.07373 0.046971604 0.04312793 0.99796474 7.7529297
0.43394133 -0.9008168 0.022072557 104.02783 0.89995784 0.43204138 -0.060645256 85.174805 0.04508988 0.04616866 0.99791497 7.8236084
0.430327 -0.9021685 0.023477798 104.54346 0.901311 0.42830756 -0.061924193 86.25415 0.04580115 0.04782454 0.9978062 7.891968
0.43032953 -0.9023429 0.024074934 105.0542 0.90148765 0.42825484 -0.06247378 87.33423 0.046065792 0.048581425 0.99775594 7.965332
0.42878124 -0.9031055 0.024007894 105.56787 0.90219045 0.42665455 -0.06361373 88.403564 0.04722111 0.04894152 0.99768496 8.03772
0.4287626 -0.9031014 0.022977037 106.05493 0.90209883 0.4266486 -0.0643914 89.4563 0.048348203 0.048334964 0.99766034 8.106323
0.4328492 -0.9011006 0.020045368 106.551025 0.90000516 0.43090692 -0.063671045 90.50757 0.048737455 0.045611225 0.9977702 8.17688
0.43539277 -0.89997786 0.01767663 107.034424 0.89880663 0.43358576 -0.06317157 91.53662 0.049186368 0.043396004 0.99784666 8.244873
0.44000193 -0.8977409 0.0156087745 107.52246 0.8964963 0.4382947 -0.06307586 92.55469 0.049787585 0.041769214 0.9978873 8.316406
0.44790772 -0.8938778 0.014296298 108.03027 0.8925929 0.44625446 -0.06308695 93.57471 0.05001373 0.04103434 0.9979062 8.387451
0.4539958 -0.8909031 0.013161168 108.52466 0.88962823 0.45242795 -0.062153544 94.57666 0.04942488 0.039919734 0.9979794 8.454224
0.4615648 -0.88709116 0.012466988 109.03418 0.8858824 0.46008584 -0.060513098 95.579834 0.0479319 0.038970318 0.99809 8.520508
0.47034106 -0.88237727 0.011932596 109.561035 0.8811726 0.46888337 -0.060305595 96.58057 0.047614098 0.038883004 0.998109 8.587036
0.4805128 -0.8769894 0.010897012 110.07886 0.8757884 0.47911313 -0.05971504 97.55884 0.047145028 0.038226523 0.9981558 8.651245
0.49154115 -0.87086326 0.009022123 110.61694 0.86956435 0.49018005 -0.060654383 98.532715 0.048386388 0.037658706 0.9981185 8.714722
0.49926272 -0.86628395 0.0051995204 111.16113 0.86480826 0.49804193 -0.061653636 99.48804 0.05082306 0.03528916 0.9980846 8.778931
0.51100916 -0.8595439 0.0011663688 111.7124 0.8579563 0.5099819 -0.06146326 100.43921 0.052233998 0.032412462 0.998109 8.84729
0.5243165 -0.85140085 -0.0013763849 112.27954 0.8497898 0.523422 -0.06067292 101.38818 0.052381024 0.030652516 0.99815726 8.914307
0.53423953 -0.84517574 -0.0019422201 112.8501 0.84368753 0.53343236 -0.058133237 102.30957 0.05018003 0.029418595 0.9983069 8.979736
0.54940397 -0.8355414 -0.0017264672 113.4436 0.8342063 0.54864025 -0.05541727 103.2312 0.047253948 0.029008253 0.9984617 9.044312
0.55973536 -0.82862616 -0.0025476543 114.041016 0.8273363 0.5590302 -0.05414874 104.13037 0.046292953 0.028207619 0.99853 9.109131
0.57058436 -0.8212146 -0.0037967097 114.6499 0.819877 0.569907 -0.054610785 105.00903 0.047013573 0.028052045 0.9985005 9.171753
0.5832984 -0.8122457 -0.0051429267 115.26636 0.8108655 0.5826545 -0.05492353 105.876465 0.047618274 0.027870504 0.9984769 9.230103
0.59299386 -0.80514467 -0.004396527 115.88623 0.8036737 0.59222394 -0.057425592 106.72974 0.04885036 0.030516777 0.9983396 9.287476
0.6041201 -0.7969114 -0.004717213 116.51172 0.7954659 0.6033612 -0.056917164 107.572266 0.048207924 0.0306288 0.99836737 9.362915
0.6151032 -0.7884246 -0.004977541 117.15552 0.78709453 0.6144099 -0.054524053 108.41113 0.046044786 0.029617403 0.9985001 9.418701
0.62452054 -0.78097236 -0.0033399202 117.791016 0.7798171 0.6238182 -0.051877536 109.21826 0.04259926 0.029797567 0.99864805 9.474976
0.6348018 -0.7725647 -0.0032625718 118.44287 0.7714616 0.63411003 -0.05091482 110.01611 0.04140913 0.029809091 0.9986978 9.537842
0.6440403 -0.7649755 -0.006659827 119.08032 0.7638392 0.6435151 -0.049569994 110.79761 0.042209163 0.02683728 0.99874824 9.591064
0.6533805 -0.7570546 -0.009041302 119.73047 0.75588554 0.65295696 -0.04903721 111.56763 0.0430151 0.025209976 0.99875665 9.637573
0.6638039 -0.7477978 -0.010440733 120.39917 0.7466021 0.66342664 -0.048956327 112.322754 0.04353614 0.024696942 0.9987464 9.693726
0.6716047 -0.7408327 -0.009727868 121.055176 0.739778 0.67125404 -0.046113648 113.055664 0.04069864 0.023771893 0.9988885 9.749634
0.6802889 -0.73281014 -0.008166563 121.71753 0.73185813 0.6799019 -0.044598512 113.77295 0.038228307 0.024368525 0.99897236 9.80188
0.68996894 -0.72379714 -0.0079364125 122.38696 0.7228734 0.6895722 -0.044119477 114.48535 0.037408717 0.024701482 0.9989946 9.856079
0.695856 -0.7182084 -0.010126442 123.045166 0.7173096 0.69557947 -0.042155854 115.174805 0.037318945 0.02206778 0.99905956 9.897461
0.70454746 -0.7095684 -0.010085213 123.72266 0.7087142 0.70428264 -0.04106835 115.8667 0.036242634 0.021790214 0.99910575 9.957886
0.7105364 -0.70348126 -0.010373793 124.38574 0.7027276 0.7103368 -0.038089775 116.54248 0.03417197 0.019772653 0.9992204 9.998169
0.7179624 -0.6959636 -0.008659732 125.055176 0.69533515 0.71775395 -0.03534375 117.201416 0.030813422 0.019351033 0.9993378 10.044434
0.72614545 -0.6874139 -0.009014469 125.72656 0.68681777 0.72596335 -0.034133084 117.852295 0.03000993 0.018593855 0.9993767 10.085083
0.73278433 -0.6802482 -0.009434271 126.38794 0.67969793 0.7326406 -0.032376286 118.479004 0.028942237 0.017310522 0.99943113 10.130127
0.74126464 -0.6711356 -0.010584499 127.049805 0.670637 0.7411864 -0.029960774 119.09302 0.027948609 0.015108649 0.99949515 10.162842
0.75017893 -0.661219 -0.009142926 127.72681 0.66081405 0.75009626 -0.02725436 119.690674 0.0248811 0.014405086 0.9995867 10.200439
0.75859296 -0.6513601 -0.008319685 128.39307 0.6510682 0.75854516 -0.022849038 120.26294 0.021195516 0.01191251 0.9997043 10.231201
0.76932615 -0.6388659 -0.008510844 129.06665 0.6386224 0.7693048 -0.020397257 120.84009 0.019580033 0.010257856 0.9997557 10.265503
0.77816385 -0.627997 -0.009976409 129.72778 0.62775034 0.77817357 -0.01985432 121.382324 0.020231768 0.009187477 0.9997532 10.289185
0.78793395 -0.61550486 -0.01180653 130.39795 0.6152355 0.7879753 -0.020146288 121.91382 0.02170626 0.008610309 0.9997274 10.319824
0.7986029 -0.60170496 -0.0115999 131.09058 0.6014467 0.79863936 -0.01967629 122.4375 0.021104803 0.008734029 0.99973905 10.345947
0.8076686 -0.58969414 -0.009781851 131.771 0.5894824 0.80767924 -0.018111281 122.94751 0.018579306 0.008862123 0.99978817 10.368286
0.81829095 -0.5746105 -0.008248974 132.46997 0.5744486 0.81828994 -0.015998483 123.44507 0.015945595 0.008352452 0.999838 10.394531
0.826604 -0.56269777 -0.0063665034 133.16016 0.5625793 0.8265892 -0.014082807 123.927 0.013187162 0.008059436 0.9998805 10.414185
0.8359827 -0.5487441 -0.004060426 133.87598 0.5486618 0.835951 -0.012645279 124.38843 0.010334143 0.008344132 0.9999117 10.43457
0.84481496 -0.5350594 -0.0023403824 134.60498 0.5349989 0.84477174 -0.011969288 124.85571 0.0083793625 0.008859488 0.9999256 10.455811
0.8507475 -0.52564204 -0.0003375765 135.30835 0.5256002 0.85068727 -0.012104796 125.30664 0.0066499054 0.010119813 0.99992657 10.473145
0.8578627 -0.5138556 7.630745e-05 136.0415 0.51382136 0.8578039 -0.011660758 125.73755 0.005927214 0.010041918 0.999932 10.484497
0.86454964 -0.5025663 1.3369136e-05 136.7937 0.50254124 0.864506 -0.010032481 126.18164 0.0050293314 0.008679978 0.9999497 10.500488
0.8707036 -0.49179387 -0.00045130262 137.52026 0.4917739 0.87067574 -0.008262474 126.60303 0.0044567985 0.006972082 0.9999657 10.511841
0.8773802 -0.47965822 -0.00059108436 138.28223 0.47964364 0.87736183 -0.0068317708 127.02124 0.003796677 0.00571019 0.9999764 10.520386
0.88199025 -0.4711908 0.00015211944 139.0354 0.4711778 0.88196313 -0.007744111 127.42749 0.003515252 0.0069018556 0.99996996 10.535645
0.88749796 -0.46079093 0.00013136212 139.80127 0.46077672 0.8874681 -0.0081242 127.82324 0.00362855 0.0072706183 0.999967 10.545166
0.8930975 -0.44989526 -0.00052956614 140.60205 0.44987452 0.8930663 -0.008644124 128.21875 0.0043604937 0.0074817906 0.9999626 10.554932
0.89568 -0.44470993 0.00014166755 141.36572 0.44469705 0.89565146 -0.007903261 128.62158 0.003388361 0.0071416297 0.9999688 10.56543
0.8990527 -0.43786892 0.002692558 142.1665 0.4378771 0.89903337 -0.005916734 129.01196 0.00016978336 0.0064984155 0.99997896 10.573975
0.9018174 -0.43208268 0.0059120934 142.979 0.4321016 0.90182465 -0.0023452844 129.39575 -0.004318207 0.004670201 0.9999799 10.577393
0.9046481 -0.42600203 0.0075646583 143.79883 0.42600876 0.90467614 0.00078555755 129.81079 -0.007178458 0.0025122538 0.99997115 10.573486
0.9086439 -0.4174949 0.008440451 144.63867 0.41748372 0.9086828 0.0031388262 130.18726 -0.008979838 0.000672542 0.99995947 10.575439
0.9111628 -0.41194737 0.009956052 145.47607 0.41191387 0.91121686 0.0053094653 130.58789 -0.011259227 -0.0007364885 0.9999364 10.568359
0.91464555 -0.40407565 0.0122631965 146.3689 0.4040219 0.91472703 0.006691343 130.98267 -0.013921149 -0.0011653821 0.9999025 10.564209
0.918236 -0.39573464 0.015595595 147.23218 0.3956787 0.91836864 0.0066524474 131.35571 -0.016954225 6.440049e-05 0.99985623 10.558594
0.9211501 -0.38878265 0.016697362 148.12476 0.38872394 0.9213013 0.006758352 131.73608 -0.01801169 0.00026653905 0.99983764 10.549316
0.9247873 -0.380179 0.016892372 149.03369 0.38013682 0.9249409 0.0057640146 132.1167 -0.017814983 0.0010907104 0.99984056 10.526978
0.9289831 -0.36966038 0.017377496 149.97534 0.36966097 0.92913944 0.0032935825 132.47437 -0.01736375 0.0033639392 0.9998435 10.525391
0.9322208 -0.3614196 0.016893873 150.89673 0.36144084 0.9323637 0.001885666 132.85132 -0.016433164 0.004349242 0.9998554 10.507446
0.93709433 -0.34871644 0.0153806275 151.8772 0.34873754 0.9372116 0.0013735844 133.19751 -0.014893649 0.004076779 0.9998807 10.5
0.94174296 -0.33601847 0.01354264 152.83862 0.3360087 0.9418387 0.003053083 133.56006 -0.01378122 0.001674842 0.99990356 10.490967
0.9472506 -0.32012004 0.014030449 153.81055 0.32004946 0.9473519 0.0070746643 133.9187 -0.015557155 -0.0022104965 0.99987644 10.479126
0.95335346 -0.30138454 0.01618617 154.83032 0.30123886 0.95347506 0.010846168 134.23926 -0.018702177 -0.0054651876 0.9998102 10.459473
0.9594434 -0.28141198 0.01700874 155.86963 0.28118947 0.95955205 0.014348513 134.55493 -0.020358447 -0.008984645 0.9997524 10.447632
0.965396 -0.2601768 0.017883863 156.90112 0.2599127 0.9655032 0.015817672 134.8601 -0.021382298 -0.010622054 0.99971485 10.435425
0.971086 -0.23793058 0.01961708 157.96338 0.23759924 0.9712022 0.01780652 135.13354 -0.02328801 -0.012629937 0.9996489 10.407593
0.97579575 -0.21753743 0.0223148 159.04248 0.21716192 0.97596693 0.018085085 135.38599 -0.025712611 -0.012801081 0.9995874 10.403931
0.9804588 -0.19500336 0.025801338 160.13745 0.19449864 0.9806774 0.020822793 135.6101 -0.029364526 -0.015395878 0.9994499 10.3688965
0.9845451 -0.17242412 0.030604456 161.26733 0.17177312 0.9848706 0.022780139 135.81738 -0.03407023 -0.01717215 0.99927217 10.345947
0.98816276 -0.14957981 0.033933416 162.39478 0.14877301 0.98854643 0.025183318 136.01538 -0.037312 -0.019835122 0.9991067 10.309082
0.9911859 -0.12811752 0.03369325 163.54688 0.1272657 0.99151826 0.026334144 136.18213 -0.036780916 -0.021814939 0.99908566 10.281006
0.993843 -0.1057274 0.033162616 164.67554 0.10488825 0.99414235 0.02610004 136.31714 -0.03572789 -0.02246136 0.999109 10.241943
0.9959103 -0.084707916 0.031453352 165.85376 0.08390089 0.9961325 0.026140345 136.42944 -0.033545624 -0.023393996 0.9991629 10.204102
0.99736875 -0.0636222 0.034752034 167.06274 0.06275502 0.9977034 0.025497163 136.51196 -0.03629435 -0.023249064 0.99907047 10.173218
0.99831367 -0.04475894 0.036965076 168.25806 0.04384975 0.998724 0.025050566 136.57642 -0.038039155 -0.023387365 0.99900246 10.134033
0.9990038 -0.022682292 0.038432974 169.47412 0.021691892 0.9994267 0.02599559 136.62476 -0.039000552 -0.025136089 0.998923 10.096802
0.9992195 -0.0042313817 0.039275255 170.69775 0.003177365 0.9996342 0.026858715 136.64111 -0.039374553 -0.026712935 0.9988673 10.051636
0.99902415 0.018503482 0.040104363 171.94214 -0.019595128 0.99944323 0.02700391 136.63501 -0.039582368 -0.027763495 0.99883056 10.010254
0.9985501 0.036172885 0.039875753 173.19116 -0.03734845 0.9988773 0.02914594 136.60254 -0.0387768 -0.03059251 0.9987797 9.963745
0.99763536 0.05614766 0.039643604 174.45166 -0.057400223 0.99786425 0.031194296 136.55347 -0.03780766 -0.033396043 0.99872667 9.923828
0.99622655 0.07815041 0.037742645 175.73706 -0.07931655 0.9963833 0.030464562 136.46704 -0.035225183 -0.03334287 0.99882334 9.884399
0.99471426 0.09596718 0.036514718 177.00781 -0.09715994 0.99473995 0.032415032 136.36694 -0.033210676 -0.035791393 0.99880683 9.849487
0.9927272 0.11517195 0.03506116 178.31079 -0.11637463 0.9926091 0.034432463 136.22852 -0.03083622 -0.038262695 0.9987915 9.809326
0.99002886 0.13695158 0.03319885 179.65063 -0.13805977 0.98985595 0.033775166 136.06396 -0.02824015 -0.038019918 0.9988784 9.782227
0.9875105 0.15487471 0.028905459 180.98999 -0.15585457 0.9871434 0.035438802 135.87329 -0.023044605 -0.039501444 0.9989535 9.749634
0.9844035 0.17442645 0.022819834 182.27954 -0.17518434 0.98383695 0.037020355 135.67871 -0.015992392 -0.04044077 0.9990538 9.730591
0.981563 0.19025807 0.018564422 183.60278 -0.19086884 0.9808 0.040113542 135.43579 -0.010576898 -0.042916764 0.9990227 9.71106
0.97822934 0.20691644 0.015524188 184.94043 -0.20739938 0.9773306 0.042406242 135.15845 -0.006395773 -0.044703446 0.99897975 9.709839
0.9740726 0.22577326 0.0141804125 186.29883 -0.22618786 0.9730526 0.0447151 134.87158 -0.0037020547 -0.04676355 0.9988991 9.710693
0.9698908 0.24312156 0.014286254 187.6709 -0.24352181 0.9688813 0.04435731 134.54175 -0.0030601667 -0.046501487 0.9989141 9.711426
0.9649789 0.26198143 0.014085112 188.99219 -0.2623496 0.9640261 0.04293488 134.20337 -0.002331364 -0.045126602 0.9989785 9.713501
0.9605812 0.2777576 0.009499553 190.32812 -0.2779055 0.9596179 0.04310168 133.83081 0.002859895 -0.044044163 0.9990254 9.731934
0.95604175 0.29317003 0.0069564553 191.71338 -0.29318005 0.95500875 0.044914544 133.42456 0.0065214443 -0.044979796 0.9989669 9.734619
0.95013714 0.31163356 0.008057355 193.06274 -0.31166363 0.9490308 0.04634902 132.99829 0.0067983167 -0.0465505 0.9988933 9.757446
0.94451326 0.3283984 0.008745488 194.41211 -0.32841694 0.9432465 0.0495576 132.55103 0.008023489 -0.049680192 0.998733 9.771362
0.9383304 0.34561342 0.0075549334 195.75806 -0.34551254 0.9368972 0.053055227 132.07983 0.01125939 -0.052393604 0.99856323 9.7890625
0.93131477 0.36410218 0.0049827243 197.10278 -0.3638213 0.9298536 0.054315407 131.58032 0.015142686 -0.05239843 0.9985121 9.824219
0.92439324 0.38137278 0.003092432 198.4856 -0.38095048 0.9229218 0.055232882 131.03296 0.018210368 -0.052236356 0.99846905 9.846436
0.91661364 0.3997358 -0.0010948214 199.81982 -0.3990762 0.9152519 0.054981943 130.47217 0.022981258 -0.049960326 0.9984868 9.885742
0.9091645 0.4164347 -0.004653316 201.13843 -0.4154841 0.9077407 0.058301676 129.90259 0.028502386 -0.051072232 0.998288 9.934204
0.89780927 0.44031128 -0.006128758 202.50171 -0.43912995 0.89626396 0.062041525 129.27417 0.03281173 -0.05301053 0.9980548 9.989258
0.8858404 0.46390986 -0.0051186373 203.85596 -0.46265888 0.884162 0.06446867 128.58496 0.034437146 -0.054744396 0.9979067 10.045166
0.87294024 0.48775393 -0.0045360536 205.19678 -0.4863207 0.87101775 0.06906985 127.87451 0.037640102 -0.058088962 0.997602 10.108643
0.8582366 0.5132897 -0.004248476 206.50806 -0.51162267 0.8560603 0.07387304 127.14746 0.041550446 -0.061228026 0.9972588 10.171509
0.84314847 0.537731 -0.0041647945 207.78687 -0.5358961 0.8408626 0.07639483 126.3689 0.044577543 -0.06218119 0.9970689 10.246338
0.82831293 0.5600894 -0.0038583002 209.09546 -0.55815077 0.8259816 0.07772463 125.54956 0.04672823 -0.062228926 0.996968 10.3272705
0.8120321 0.58366024 -0.0045586387 210.36938 -0.58154047 0.80970216 0.07920398 124.66431 0.049896866 -0.06166486 0.99685013 10.407593
0.79433805 0.6074669 -0.0068605626 211.60474 -0.60502803 0.7920651 0.08131626 123.757324 0.05482132 -0.06045326 0.99666613 10.50061
0.77794665 0.6282722 -0.00960038 212.76831 -0.6254989 0.7757838 0.08324629 122.88867 0.059747465 -0.05876174 0.99648315 10.59314
0.76248395 0.6470027 -0.011038132 213.95557 -0.6439809 0.76037437 0.08505547 121.92261 0.06341778 -0.0577422 0.9963147 10.694824
0.74442166 0.6676905 -0.012448899 215.146 -0.66444147 0.7424108 0.08645643 120.909424 0.066949956 -0.056092065 0.996179 10.808472
0.7295268 0.6838484 -0.012953183 216.29175 -0.68047315 0.7275786 0.08723863 119.88379 0.069083825 -0.0548282 0.99610287 10.918457
0.7133218 0.7006776 -0.013060935 217.39844 -0.6972541 0.71146154 0.087218724 118.840576 0.07040999 -0.053114 0.99610364 11.034546
0.6982667 0.7157246 -0.014848302 218.49146 -0.7121231 0.6965763 0.087870084 117.76416 0.073225275 -0.050781358 0.9960217 11.153687
0.6812748 0.73181987 -0.01666502 219.55762 -0.72803617 0.67977 0.08859038 116.66455 0.07616691 -0.048217226 0.995928 11.27771
0.66794103 0.74395716 -0.019075522 220.61328 -0.73984784 0.6665829 0.09094851 115.5686 0.08038862 -0.04663792 0.99567205 11.41394
0.6532012 0.756953 -0.019790508 221.62866 -0.75261027 0.6518861 0.0930798 114.40967 0.08335434 -0.045913905 0.99546254 11.541992
0.6365804 0.7708809 -0.019311622 222.63965 -0.76649874 0.6353024 0.0934699 113.23706 0.08432962 -0.0447064 0.9954355 11.68689
0.6198575 0.7845371 -0.017002797 223.64868 -0.78010416 0.6184137 0.094955765 112.05005 0.084992 -0.045596026 0.99533796 11.833496
0.6028939 0.7976595 -0.012855666 224.59204 -0.7933708 0.6011844 0.0951411 110.8418 0.08360906 -0.04717665 0.99538314 11.97644
0.5849144 0.8111228 -0.0071420185 225.53027 -0.8069727 0.5827706 0.096265405 109.62036 0.08224297 -0.05053043 0.99532896 12.114624
0.569157 0.82232636 -0.003519748 226.42554 -0.8182351 0.5667422 0.09729381 108.40845 0.081991516 -0.052489374 0.99524915 12.259277
0.5488493 0.8358528 -0.0010740773 227.28784 -0.83157784 0.54617155 0.10032138 107.161865 0.084436975 -0.05417104 0.99495554 12.410889
0.53070766 0.8474168 0.0023140623 228.10449 -0.84291255 0.52760047 0.10444395 105.92651 0.087308295 -0.057390343 0.9945278 12.5563965
0.51224446 0.8588523 0.0044336068 228.88477 -0.8544577 0.5090884 0.10378932 104.668945 0.086876 -0.056946132 0.9945894 12.708374
0.4896434 0.87180394 0.008812642 229.64746 -0.8677607 0.48634657 0.101639055 103.403564 0.08432102 -0.057410035 0.994783 12.856323
0.47172707 0.88182586 0.012127204 230.35205 -0.87805206 0.46833423 0.0998919 102.141846 0.08238367 -0.05777069 0.99492514 13.001953
0.44841644 0.8936596 0.015728457 231.03394 -0.8901167 0.44490525 0.098517954 100.85498 0.08103682 -0.058179703 0.99501187 13.144409
0.4266386 0.9041514 0.0173506 231.68628 -0.90074706 0.4231728 0.09692714 99.558105 0.08029004 -0.056994066 0.9951418 13.28064
0.40628248 0.9134133 0.019204514 232.27808 -0.9100795 0.40277323 0.09636886 98.291016 0.08031249 -0.056631792 0.99515945 13.415649
0.3833732 0.9233772 0.019643273 232.84912 -0.9200865 0.37998605 0.09507694 97.00391 0.08030881 -0.054517698 0.9952774 13.547241
0.36002702 0.9327731 0.018455427 233.38599 -0.9293442 0.35682434 0.094973505 95.70117 0.08200853 -0.051337473 0.9953079 13.683716
0.34074128 0.93985546 0.018421173 233.86157 -0.9364103 0.33764327 0.094395675 94.44141 0.0824838 -0.049430463 0.99536675 13.814941
0.31838477 0.94778216 0.018251063 234.33105 -0.94443023 0.31548494 0.09226303 93.13721 0.08166924 -0.046583433 0.99556774 13.951782
0.29741576 0.9545889 0.017979635 234.74438 -0.951233 0.29464796 0.09143014 91.86621 0.08197287 -0.04430447 0.9956499 14.079102
0.2783372 0.96027124 0.01922405 235.14453 -0.95656073 0.27535015 0.09560012 90.596436 0.08647716 -0.044996906 0.9952365 14.212036
0.25781766 0.9659094 0.021911649 235.51685 -0.9614512 0.2542595 0.10438081 89.33594 0.095258266 -0.047982924 0.9942959 14.346802
0.24001436 0.9703556 0.024609938 235.85474 -0.9651934 0.2358945 0.11208005 88.082275 0.102961 -0.050675802 0.9933953 14.494263
0.2203018 0.97501373 0.02653048 236.16992 -0.9694742 0.21590044 0.11575563 86.83276 0.10713289 -0.05123882 0.9929248 14.647339
0.1993315 0.97948205 0.032014754 236.46411 -0.9740322 0.19440825 0.116651006 85.58203 0.10803813 -0.05443376 0.9926557 14.788818
0.18244708 0.98248005 0.037020512 236.72705 -0.9772594 0.1770951 0.11631613 84.34985 0.107716374 -0.057414662 0.99252343 14.945801
0.16281807 0.9857378 0.041565157 236.96558 -0.9806877 0.15708919 0.11616242 83.11694 0.10794695 -0.059672102 0.9923631 15.101807
0.14427991 0.98865026 0.042629883 237.15845 -0.9837312 0.13862021 0.11456225 81.88403 0.107354864 -0.05849277 0.99250144 15.248169
