1 0 0 0 0 1 0 0 0 0 1 0
0.99993749 -0.00186757 0.01102423 -0.0053446274 0.0018578586 0.99999788 0.00089109584 -0.0075279869 -0.011025871 -0.00087055869 0.99993883 0.32526465
0.99985344 -0.0029849115 0.016857812 0.014575578 0.0029663861 0.99999497 0.0011238293 -0.011249099 -0.016861084 -0.0010736578 0.99985727 0.59613373
0.99978976 -0.0063385139 0.019500472 0.026942875 0.0063497194 0.99997971 -0.00051274023 -0.015839439 -0.019496828 0.00063645498 0.99980972 0.90224166
0.99981323 -0.0074633329 0.017826912 0.014152296 0.0074916457 0.99997078 -0.0015219195 -0.021254251 -0.017815034 0.0016551882 0.99983993 1.2192358
0.99988259 -0.010982532 0.010685708 0.026189023 0.011020614 0.99993311 -0.0035114044 -0.022206314 -0.01064643 0.0036287553 0.99993674 1.5195649
0.99993541 -0.011357455 -0.0004339958 0.0027153376 0.011355279 0.99992436 -0.0047261985 -0.033364348 0.0004876406 0.0047209652 0.99998874 1.8576555
0.99979753 -0.010723539 -0.017026737 -0.0081715459 0.010638551 0.99993053 -0.0050742806 -0.03778364 0.01707997 0.0048921135 0.99984216 2.1756151
0.99930456 -0.0070169966 -0.036621901 -0.045460818 0.0068164711 0.9999611 -0.0055975646 -0.041256857 0.036659758 0.0053440397 0.99931352 2.5122572
0.99842409 -0.0036051844 -0.056003003 -0.088343276 0.0032489377 0.99997391 -0.0064509566 -0.050893986 0.056024804 0.0062588403 0.99840976 2.8590528
0.99712296 -0.0028927194 -0.075745842 -0.13210522 0.002394628 0.99997492 -0.0066658236 -0.054837007 0.075763231 0.0064652628 0.99710488 3.2099135
0.99528783 -0.0038046533 -0.096889967 -0.19242036 0.0032231627 0.99997585 -0.0061573659 -0.061674043 0.096911062 0.0058160592 0.99527605 3.6027937
0.99323251 -0.0047585135 -0.1160454 -0.24761488 0.0041744855 0.99997737 -0.0052752752 -0.06878556 0.11606788 0.0047551451 0.9932299 3.9942767
0.99114579 -0.0041293727 -0.1327139 -0.32494075 0.0035184114 0.99998211 -0.004837778 -0.078506412 0.13273151 0.0043280012 0.99114258 4.3953081
0.9887524 -0.0034155687 -0.14952268 -0.3992358 0.0028077861 0.99998692 -0.0042757325 -0.085195908 0.14953534 0.003807813 0.98874905 4.7950139
0.98664206 -0.0023253882 -0.16288659 -0.47823355 0.0016525354 0.99998953 -0.0042661769 -0.091029997 0.16289482 0.0039400136 0.98663557 5.2073433
0.98451965 -0.0036549438 -0.1752361 -0.5713853 0.0028227781 0.99998353 -0.004997847 -0.10092072 0.1752515 0.0044258259 0.98451375 5.6521594
0.98265761 -0.0063060072 -0.18532205 -0.66185615 0.0051085174 0.99996288 -0.0069384618 -0.11117309 0.18535894 0.0058714113 0.98265334 6.0953313
0.98127237 -0.0058936063 -0.19253519 -0.75636857 0.0042854673 0.99995238 -0.008767827 -0.1196936 0.19257771 0.0077785231 0.9812509 6.5465587
0.97964364 -0.0059283549 -0.20065691 -0.86782244 0.0038554956 0.99993511 -0.010719584 -0.12374868 0.20070746 0.0097277409 0.97960293 7.0120908
0.97804075 -0.0066037816 -0.20830908 -0.98004598 0.0039456979 0.99990544 -0.013173233 -0.13445284 0.2083764 0.012062034 0.97797433 7.497005
0.976181 -0.01016377 -0.21671952 -1.0986838 0.0070606201 0.99986124 -0.015088245 -0.14654352 0.21684282 0.013198684 0.9761173 7.9998958
0.97435188 -0.016051591 -0.22445657 -1.209519 0.012717756 0.99978641 -0.016290878 -0.16346651 0.22467014 0.013018464 0.97434791 8.51463
0.97232021 -0.01738069 -0.23300496 -1.3367153 0.013357099 0.99973338 -0.01883513 -0.18940478 0.23327023 0.015201507 0.97229312 9.0207438
0.9701355 -0.013100942 -0.24220955 -1.4951613 0.0078284256 0.99971126 -0.022718039 -0.19118995 0.24243726 0.020143457 0.96995795 9.5396068
0.96827505 -0.010311629 -0.24967396 -1.6614523 0.0039539339 0.99965537 -0.025952166 -0.20921159 0.24985555 0.024141641 0.96798212 10.10612
0.96588676 -0.012755933 -0.25865045 -1.815587 0.0056828981 0.99958966 -0.028075197 -0.23198621 0.25890247 0.025647577 0.9655629 10.668314
0.96364798 -0.014605303 -0.26677564 -1.9727361 0.0069385145 0.999536 -0.029658784 -0.26326812 0.26708506 0.026729601 0.96330219 11.228611
0.96156671 -0.014347629 -0.27419627 -2.1559674 0.0056902895 0.99946063 -0.032342883 -0.28353479 0.27451244 0.029539584 0.96112972 11.805758
0.95904841 -0.014031906 -0.28289442 -2.3439857 0.0040761189 0.99935243 -0.035750526 -0.30629748 0.2832129 0.033133374 0.95848455 12.386189
0.95664253 -0.014838152 -0.2908864 -2.524808 0.0030952658 0.99916303 -0.040787984 -0.34004971 0.29124818 0.03811915 0.95588777 12.944581
0.95473439 -0.01538288 -0.29706161 -2.731672 0.00117845 0.99884969 -0.047936447 -0.37721567 0.29745732 0.045416503 0.95365428 13.564948
0.95353778 -0.016087471 -0.30084363 -2.9319999 -0.00085220859 0.99842527 -0.056091434 -0.41240866 0.30127228 0.053741684 0.95202251 14.196111
0.952424 -0.016575877 -0.30432509 -3.1331328 -0.0033961011 0.99788074 -0.06498076 -0.46012975 0.30475728 0.062922755 0.95034927 14.822044
0.95076697 -0.015511383 -0.30951827 -3.3681213 -0.0076791429 0.9972608 -0.073565831 -0.50410906 0.30981157 0.072320798 0.94804351 15.454571
0.94979039 -0.014593987 -0.31254634 -3.6022702 -0.011305057 0.99665872 -0.080892509 -0.5634977 0.3126826 0.080364284 0.94645189 16.099244
0.9477074 -0.013802676 -0.31884191 -3.8361271 -0.014836552 0.99607862 -0.087219584 -0.62402148 0.3187955 0.087389161 0.94378629 16.742759
0.94619465 -0.012536003 -0.32335512 -4.0825629 -0.01860846 0.99548797 -0.093045268 -0.69692115 0.32306257 0.094056077 0.94169211 17.415606
0.94472815 -0.01042208 -0.32768903 -4.3305317 -0.023169115 0.9948734 -0.098438338 -0.77289185 0.32703506 0.10058974 0.93964343 18.094442
0.9426915 -0.0077113794 -0.33357647 -4.6049814 -0.027865397 0.99442106 -0.10173628 -0.84593803 0.33250003 0.10520117 0.9372174 18.790967
0.94125566 -0.007354263 -0.3376147 -4.8530818 -0.029219316 0.99423968 -0.10311975 -0.9253843 0.33642833 0.10692692 0.93561884 19.472255
0.93887613 -0.0061643149 -0.34419994 -5.1401441 -0.030962012 0.99427555 -0.10226184 -1.0126463 0.34285999 0.10666832 0.93331072 20.202886
0.93665667 -0.0061718366 -0.35019449 -5.4243151 -0.031088805 0.99443318 -0.10067838 -1.099433 0.34886643 0.1051882 0.93125059 20.949066
0.93407721 -0.0059785429 -0.35702103 -5.7038744 -0.031435501 0.99460071 -0.098900183 -1.1827435 0.35568468 0.10360354 0.92884591 21.629541
0.93152867 -0.006134326 -0.36361614 -5.9780182 -0.030753204 0.99494754 -0.095570074 -1.2667392 0.36236527 0.10020863 0.92663351 22.33732
0.92751608 -0.0027066649 -0.37377345 -6.3165793 -0.03356053 0.99533192 -0.090487858 -1.3528863 0.3722736 0.09647298 0.92309552 23.175931
0.92457654 -0.0013020969 -0.38099411 -6.6249696 -0.033486697 0.99584643 -0.084667191 -1.4298262 0.3795219 0.091039534 0.92069264 23.881986
0.92052298 0.0016650234 -0.39068485 -6.9698336 -0.036032694 0.99609062 -0.080654282 -1.502372 0.38902326 0.088321549 0.91698431 24.630836
0.91669137 0.0018555002 -0.39959164 -7.3215623 -0.036374865 0.99622497 -0.078820533 -1.5773482 0.39793695 0.086789196 0.91329833 25.366008
0.91304869 0.0036045656 -0.40783463 -7.6709617 -0.03886012 0.99618047 -0.078194392 -1.6551703 0.40599507 0.087243791 0.90970134 26.147746
0.91005609 0.0036293518 -0.41446921 -8.0456943 -0.038996574 0.99627579 -0.076901324 -1.7230315 0.41264657 0.086147399 0.90680838 26.894378
0.90584883 0.0042429977 -0.42357984 -8.4320183 -0.039905555 0.9963576 -0.075359711 -1.7987952 0.42171728 0.085167696 0.90271868 27.684974
0.90184403 0.0043766933 -0.43203954 -8.8137473 -0.039783767 0.99654181 -0.072949786 -1.8737669 0.43022623 0.082977491 0.89889941 28.462448
0.8980602 0.0055251744 -0.43983785 -9.1965927 -0.039827086 0.9968354 -0.06879678 -1.9484565 0.43806586 0.079301111 0.89543824 29.224029
0.89407244 0.0067897136 -0.44787091 -9.607092 -0.039261063 0.99722465 -0.063257875 -2.0106711 0.44619845 0.074141012 0.89185765 30.041051
0.89113966 0.0063371807 -0.45368483 -10.038281 -0.037169101 0.99756137 -0.059074337 -2.077851 0.45220413 0.069506543 0.88920205 30.831444
0.88738272 0.0062722935 -0.46099083 -10.486514 -0.036628928 0.9977058 -0.056933825 -2.1448247 0.45957616 0.067407693 0.88557663 31.654098
0.88392906 0.0065385604 -0.46757529 -10.91853 -0.036901202 0.99775941 -0.055807337 -2.2063204 0.46616278 0.066583818 0.88218982 32.458523
0.8810282 0.0051760133 -0.47303542 -11.369279 -0.034893138 0.99792736 -0.054068997 -2.2576937 0.47177516 0.064142002 0.87938275 33.273807
0.87831259 0.0046225801 -0.47806443 -11.838653 -0.033942974 0.9980328 -0.052710579 -2.3244792 0.47688036 0.062523295 0.87674168 34.145049
0.87529764 0.0040573564 -0.48356753 -12.314109 -0.033587306 0.99806005 -0.052421638 -2.3889429 0.48241678 0.062126268 0.87373588 34.971275
0.87373058 0.0032930801 -0.48639902 -12.805709 -0.033193047 0.99804968 -0.052868364 -2.4440314 0.48527632 0.062337773 0.87213584 35.809661
0.87183556 0.0024856747 -0.48979237 -13.28522 -0.032764649 0.9980432 -0.053256388 -2.5008897 0.48870161 0.062478688 0.87021099 36.672595
0.87170138 0.0036944432 -0.4900235 -13.780877 -0.033695009 0.99805675 -0.052415282 -2.5661293 0.48887766 0.062201821 0.87013194 37.527837
0.87129695 0.0035314835 -0.49074345 -14.310985 -0.032664958 0.99817388 -0.050812376 -2.6255971 0.4896679 0.060302783 0.86982121 38.435827
0.87088596 0.00048875511 -0.49148487 -14.805335 -0.028903761 0.99831969 -0.050223201 -2.6841719 0.49063452 0.057944443 0.86943673 39.341036
0.86997743 -0.0023106453 -0.49308612 -15.308716 -0.026140842 0.99836667 -0.050800075 -2.7446763 0.49239817 0.057084605 0.86849607 40.207518
0.86982194 -0.00070743147 -0.49336525 -15.858117 -0.028443501 0.99826381 -0.051578384 -2.8189026 0.4925452 0.058897045 0.86829165 41.148872
0.86817158 -0.0025507188 -0.49625758 -16.386591 -0.025386265 0.99844928 -0.049543617 -2.8765528 0.49561443 0.055610487 0.86676054 42.031866
0.86611862 -0.0015200897 -0.49983618 -16.918905 -0.024855008 0.9986273 -0.046105879 -2.9466309 0.49922018 0.052356593 0.86489191 42.986508
0.8627092 -0.0020248107 -0.50569626 -17.447603 -0.022021322 0.99889299 -0.041567571 -3.0040073 0.50522066 0.046996827 0.86170959 43.8759
0.8597484 -0.0038050097 -0.51070363 -17.997827 -0.01899861 0.99904183 -0.039426756 -3.0676722 0.51036435 0.04359975 0.85885232 44.806235
0.85383109 -0.0078011222 -0.52049168 -18.561009 -0.016231828 0.99900248 -0.041600239 -3.1250945 0.52029705 0.043968109 0.85285275 45.704385
0.84853594 -0.0089693681 -0.5290617 -19.141331 -0.017550494 0.99882912 -0.045081867 -3.1912493 0.52884664 0.047538879 0.84738499 46.573336
0.84230751 -0.0096721877 -0.53891045 -19.720177 -0.017326189 0.9988364 -0.045007313 -3.2500918 0.53871874 0.047247263 0.84115982 47.503225
0.83548709 -0.0059374221 -0.54947797 -20.302398 -0.018944354 0.999036 -0.039600242 -3.3055806 0.54918345 0.043494997 0.8345692 48.358182
0.83183172 -0.0026465197 -0.55502159 -20.918413 -0.019733076 0.9992154 -0.034339277 -3.3693186 0.55467705 0.039516784 0.83112684 49.232049
0.82754524 -0.0044415247 -0.56138144 -21.55603 -0.019048545 0.99917077 -0.03598511 -3.4209145 0.56107581 0.040472806 0.82677441 50.143773
0.82448514 -0.0030461854 -0.56587538 -22.169225 -0.024120301 0.99888753 -0.040520626 -3.4813596 0.56536934 0.047057738 0.82349445 51.001399
0.82181647 -0.0067209325 -0.56971264 -22.752501 -0.024713132 0.99856885 -0.047429123 -3.542506 0.56921611 0.053057419 0.82047423 51.842124
0.818051 -0.0064495416 -0.57510949 -23.365398 -0.02664546 0.99843848 -0.049098153 -3.6046783 0.57452816 0.055488851 0.81660175 52.704004
0.81496024 -0.0056307272 -0.57948949 -23.998057 -0.0253513 0.99864915 -0.045356164 -3.6685991 0.57896213 0.051654283 0.81371661 53.553764
0.81218054 -0.0043196873 -0.58339016 -24.630722 -0.023054323 0.99895388 -0.039492334 -3.727604 0.58295051 0.045524571 0.81123131 54.42667
0.80918639 -0.0036702891 -0.58754054 -25.259507 -0.021913501 0.99909623 -0.036421449 -3.7835009 0.58714326 0.042346812 0.80837465 55.282051
0.80637031 -0.00318185 -0.59140238 -25.915884 -0.023246688 0.99904218 -0.037071613 -3.8384397 0.59095393 0.043641595 0.80552398 56.168445
0.80424093 -0.0018645563 -0.59430044 -26.59176 -0.026241839 0.99890833 -0.038645909 -3.9006815 0.59372377 0.046676159 0.80331404 57.048498
0.79912644 -0.0049675721 -0.60114244 -27.245441 -0.024942893 0.99883078 -0.041411629 -3.9628531 0.60064534 0.048087359 0.79806818 57.900538
0.79512987 -0.0039845702 -0.60642607 -27.918991 -0.026847011 0.99876676 -0.041763566 -4.0206771 0.60584466 0.049488187 0.79404232 58.71413
0.7908948 -0.0065357721 -0.61191721 -28.571647 -0.023280892 0.99889773 -0.040759276 -4.0744724 0.61150916 0.046482279 0.78987086 59.583366
0.78682727 -0.0056157837 -0.6171477 -29.227873 -0.024196419 0.99890912 -0.03993867 -4.1377804 0.6166988 0.0463576 0.78583306 60.410007
0.78084413 -0.0089467817 -0.6246618 -29.956923 -0.021270424 0.99893698 -0.040895979 -4.1956284 0.62436371 0.045220207 0.77982378 61.27795
0.7752809 -0.0089325919 -0.6315534 -30.641998 -0.022634328 0.99886484 -0.041913183 -4.2564519 0.63121093 0.046789278 0.77419865 62.095494
0.76989074 -0.01025655 -0.63809326 -31.310378 -0.021921472 0.99885575 -0.042504682 -4.317662 0.63779913 0.046711905 0.76878496 62.895548
0.76437486 -0.012311154 -0.64465454 -32.05338 -0.020652712 0.99883718 -0.043563256 -4.3758475 0.64444129 0.046612523 0.76323177 63.753385
0.75906521 -0.013543455 -0.65087368 -32.782025 -0.020594296 0.99878366 -0.044800389 -4.4446527 0.6506888 0.047410702 0.75786301 64.600906
0.75346413 -0.014886434 -0.65732044 -33.499 -0.019255564 0.99881521 -0.044692315 -4.5058218 0.65720702 0.046331132 0.75228479 65.393901
0.74633601 -0.01362119 -0.66542992 -34.280962 -0.02032414 0.99885789 -0.043241623 -4.5738053 0.66525899 0.045797072 0.74520678 66.211855
0.74037987 -0.015620088 -0.67200716 -35.010344 -0.017278703 0.99895738 -0.042256402 -4.6344555 0.67196662 0.042897201 0.73933804 67.050385
0.73263986 -0.015611105 -0.68043743 -35.767533 -0.01835466 0.99892015 -0.042680782 -4.6989535 0.680369 0.04375884 0.73156218 67.801841
0.72700915 -0.01809172 -0.68638935 -36.58456 -0.017391217 0.99884692 -0.044747826 -4.7668527 0.68640752 0.044469225 0.72585622 68.624431
0.72239908 -0.017162461 -0.69126332 -37.302259 -0.019186258 0.99880954 -0.044848559 -4.8331893 0.69121017 0.045661315 0.72120981 69.481247
0.71649156 -0.016504385 -0.69740046 -38.132047 -0.019588897 0.99884985 -0.043763494 -4.8984025 0.6973207 0.04501748 0.71534419 70.295691
0.71244857 -0.017932116 -0.70149514 -38.935082 -0.017885946 0.9988846 -0.04369942 -4.945725 0.70149638 0.043680494 0.71133318 71.006554
0.70763042 -0.017450789 -0.7063672 -39.725348 -0.019738374 0.99881662 -0.044449418 -5.0183087 0.70630703 0.045396301 0.70644858 71.826704
0.7017507 -0.019254614 -0.71216232 -40.536106 -0.020189473 0.99869573 -0.046895876 -5.092791 0.71213649 0.047287396 0.70044669 72.64675
0.69685038 -0.02024462 -0.71693073 -41.398985 -0.022008793 0.9985272 -0.049588665 -5.163554 0.7168788 0.05033466 0.6953785 73.447115
0.69243106 -0.021715306 -0.72115715 -42.251981 -0.021682191 0.99846917 -0.050884173 -5.2352809 0.72115821 0.050870049 0.69090023 74.232974
0.68887649 -0.021496943 -0.72455988 -43.098027 -0.020567975 0.99857804 -0.049181813 -5.30994 0.72458691 0.048782924 0.68745479 75.039961
0.68281903 -0.021667694 -0.73026614 -43.909709 -0.019524797 0.99866189 -0.047887475 -5.3750355 0.73032664 0.046956778 0.68148228 75.794149
0.67807689 -0.022325865 -0.73465178 -44.815265 -0.019271258 0.99865487 -0.04813604 -5.4506008 0.73473831 0.046797601 0.67673454 76.583315
0.67435654 -0.0232868 -0.73803857 -45.65384 -0.018574954 0.99865133 -0.048481929 -5.517915 0.73817225 0.046403139 0.6730145 77.345647
0.67015918 -0.02421038 -0.74182241 -46.562962 -0.017222059 0.99869154 -0.048151985 -5.5963764 0.7420176 0.045045204 0.66886535 78.165079
0.66554149 -0.025140023 -0.7459373 -47.433492 -0.016027386 0.99872069 -0.04795946 -5.6631219 0.74618878 0.043874436 0.66428713 78.938999
0.66397269 -0.02717155 -0.74726295 -48.339033 -0.014239239 0.99869893 -0.048966247 -5.7426333 0.74762126 0.043152707 0.66272192 79.693664
0.65644688 -0.032506464 -0.75367153 -49.222352 -0.010216308 0.99859646 -0.051968663 -5.8179061 0.7543031 0.041814407 0.65519343 80.472166
0.65274051 -0.035870209 -0.75673186 -50.116955 -0.0076827309 0.99851365 -0.05395798 -5.8977606 0.75754264 0.041034327 0.65149473 81.266206
0.64668344 -0.039556601 -0.76173208 -51.019429 -0.0023614223 0.99854576 -0.053859053 -5.9730632 0.76275488 0.036628528 0.64564959 82.011398
0.63944944 -0.044201487 -0.76756146 -51.957683 0.0039293001 0.99852083 -0.054228253 -6.056849 0.76882314 0.031660247 0.63867727 82.790766
0.62986848 -0.045567822 -0.77536393 -52.888582 0.0070913527 0.99857331 -0.052925071 -6.1349594 0.77666947 0.027837455 0.62929299 83.55898
0.62259721 -0.042119526 -0.78140809 -53.818143 0.0044376654 0.99872442 -0.05029756 -6.2225477 0.78252992 0.027847493 0.62198995 84.316367
0.6132144 -0.041135731 -0.78884466 -54.758256 0.0031497151 0.99876252 -0.049633822 -6.303093 0.78991027 0.027951538 0.61258512 85.023645
0.60309205 -0.043802453 -0.796468 -55.750236 0.0041202883 0.99864889 -0.051801651 -6.3663949 0.79766099 0.027959486 0.60245769 85.756382
0.59390231 -0.045904147 -0.80322649 -56.75488 0.0048937321 0.99855859 -0.053448911 -6.4555378 0.80452231 0.027812656 0.5932709 86.484735
0.58337465 -0.046795087 -0.81085399 -57.76067 0.0032810812 0.99846651 -0.055261771 -6.5326049 0.8121966 0.029577838 0.58263359 87.181421
0.57519886 -0.04950865 -0.816514 -58.78073 0.0094224132 0.99850158 -0.053905633 -6.6118539 0.81795938 0.023312926 0.57480346 87.899724
0.56411407 -0.048547512 -0.8242684 -59.797386 0.0090323204 0.99857312 -0.052632106 -6.7004862 0.8256475 0.022245455 0.56374765 88.570603
0.55321976 -0.051474835 -0.83144343 -60.830324 0.013420119 0.99851024 -0.052888595 -6.7696354 0.83292728 0.018100946 0.5530864 89.238887
0.54310953 -0.050163563 -0.83816204 -61.853029 0.0089479751 0.99850291 -0.053961801 -6.8610708 0.83961422 0.021807315 0.5427453 89.910939
0.53397654 -0.051643373 -0.84392059 -62.963755 0.0092223654 0.99842923 -0.05526317 -6.9420089 0.84544903 0.021726292 0.53361406 90.57735
0.52559213 -0.051510531 -0.84917579 -63.991838 0.0060154635 0.99836535 -0.056837052 -7.0366807 0.85071546 0.024764921 0.52504283 91.210927
0.51451286 -0.050288505 -0.85600673 -65.04173 0.0031148928 0.99838183 -0.056780485 -7.1277732 0.85747704 0.02654792 0.51383693 91.883012
0.50714222 -0.049504911 -0.8604394 -66.161906 0.0043605795 0.9984836 -0.054877086 -7.2054741 0.86185139 0.024078473 0.50658906 92.520793
0.4987025 -0.047650269 -0.86546242 -67.22384 0.0051512178 0.99863307 -0.052014054 -7.2917673 0.86675795 0.021481353 0.49826626 93.126424
0.49100668 -0.047829523 -0.86984177 -68.375893 0.0051171189 0.99863279 -0.052022783 -7.3779938 0.87114081 0.02109245 0.49058012 93.724821
0.48370438 -0.050769954 -0.87375764 -69.492327 0.0067073821 0.99850186 -0.054305108 -7.4673061 0.87520577 0.020406992 0.48332026 94.355148
0.47696494 -0.054368164 -0.87723912 -70.58101 0.0091669303 0.99833841 -0.056889302 -7.5517763 0.87887455 0.019092613 0.47667081 94.969548
0.47150993 -0.057257665 -0.87999993 -71.679509 0.010830466 0.99819066 -0.05914477 -7.637919 0.88179428 0.018356537 0.47127693 95.533375
0.46562456 -0.060675457 -0.88289988 -72.847033 0.011793514 0.99798375 -0.062364682 -7.7392028 0.88490381 0.018626035 0.46540132 96.112561
0.46283629 -0.062081308 -0.88426716 -74.003313 0.014948125 0.99794936 -0.062238505 -7.8386662 0.88631777 0.015588102 0.46281518 96.723759
0.45633133 -0.059223978 -0.88783679 -75.051989 0.015907551 0.99816608 -0.058407415 -7.9329951 0.88966777 0.012529824 0.45643657 97.303405
0.45385459 -0.058308452 -0.88916594 -76.25289 0.021271304 0.99828136 -0.054606412 -8.0331108 0.89082187 0.0058696507 0.45431488 97.901056
0.44775266 -0.057306428 -0.89231915 -77.364283 0.022365327 0.99834968 -0.052893318 -8.1187403 0.89387774 0.0037261136 0.44829541 98.436535
0.44572318 -0.056650012 -0.89337649 -78.48476 0.02210071 0.99838775 -0.052282415 -8.205817 0.89489803 0.0035592289 0.44625657 98.967462
0.44405605 -0.057454889 -0.89415496 -79.61425 0.027062465 0.99834669 -0.050710055 -8.2970221 0.89559026 -0.0016799314 0.44487676 99.541776
0.44107744 -0.056297741 -0.89570151 -80.681599 0.028045699 0.99840777 -0.048942396 -8.3722086 0.89703077 -0.0035331894 0.44195405 100.01362
0.44031276 -0.057338401 -0.89601167 -81.78161 0.030908692 0.99833522 -0.048697418 -8.4564296 0.89731232 -0.0062524548 0.44135199 100.5909
0.43726494 -0.057113081 -0.89751735 -82.909577 0.032075263 0.99833691 -0.047901815 -8.5439783 0.8987606 -0.0078423215 0.43836965 101.11129
0.43422617 -0.057538993 -0.89896431 -83.984942 0.037190248 0.99825213 -0.045930015 -8.6272941 0.90003588 -0.013488692 0.4356071 101.64505
0.43349814 -0.056317054 -0.89939295 -85.095241 0.038294776 0.998295 -0.044052291 -8.7068433 0.90034046 -0.015345467 0.43491568 102.14062
0.42994696 -0.057777413 -0.9010035 -86.166906 0.041142551 0.99816738 -0.044375427 -8.7911814 0.90191628 -0.017990503 0.43153614 102.67413
0.42671635 -0.060186244 -0.90238058 -87.16758 0.044480844 0.99797228 -0.045527909 -8.8657073 0.90329103 -0.020711147 0.42852822 103.17764
0.4277957 -0.059859668 -0.90189112 -88.232904 0.042375886 0.99803573 -0.046140677 -8.9439672 0.9028816 -0.018479653 0.42949201 103.65334
0.42893106 -0.061435996 -0.90124563 -89.275467 0.043278269 0.99793658 -0.047429727 -9.0222594 0.90229995 -0.018660269 0.43070484 104.13414
0.43122041 -0.059763773 -0.90026506 -90.300832 0.038395942 0.99811542 -0.047868158 -9.1018628 0.9014293 -0.013924799 0.43270243 104.5999
0.43437136 -0.059662465 -0.89875572 -91.329552 0.036458957 0.99815074 -0.048639921 -9.1787958 0.89999574 -0.011639909 0.43574332 105.06949
0.44011127 -0.05998685 -0.89593726 -92.344973 0.034235044 0.99816159 -0.050013928 -9.2582849 0.89729042 -0.008660759 0.44135582 105.61361
0.44579508 -0.059474343 -0.89315703 -93.345143 0.033328145 0.99820127 -0.049834286 -9.3328579 0.89451442 -0.0075513878 0.44697539 106.08644
0.45369131 -0.06001618 -0.88913564 -94.333117 0.03490114 0.99816084 -0.04956663 -9.4126085 0.89047525 -0.0085438994 0.45495153 106.5886
0.46049402 -0.05781078 -0.88577825 -95.352122 0.031481582 0.99831285 -0.048788922 -9.488059 0.88710441 -0.0054186948 0.46153707 107.09687
0.4690774 -0.057966698 -0.88125263 -96.341771 0.032580641 0.99830022 -0.04832363 -9.5658971 0.88255593 -0.0060442536 0.47016866 107.58936
0.47817322 -0.058661816 -0.87630423 -97.298867 0.033973589 0.99825555 -0.048287138 -9.6355564 0.87760824 -0.0066815842 0.47933203 108.12534
0.48867857 -0.059071134 -0.87046183 -98.270701 0.0322741 0.99824638 -0.049624101 -9.7084361 0.87186679 -0.0038431383 0.48972808 108.64801
0.49898165 -0.059192351 -0.86458864 -99.194561 0.02839107 0.99824564 -0.051957522 -9.7873681 0.8661474 0.0013792528 0.49978679 109.20293
0.50980203 -0.05800621 -0.85833391 -100.13919 0.023590674 0.99829167 -0.053453023 -9.8592043 0.85996827 0.0070017838 0.51029952 109.75739
0.52252374 -0.056459137 -0.85075334 -101.05673 0.021577761 0.99836125 -0.05300211 -9.9348744 0.85235169 0.0093375083 0.52288572 110.27681
0.53603379 -0.054803142 -0.84241577 -102.01177 0.021174776 0.9984495 -0.051480251 -10.013179 0.84393096 0.0097571882 0.53636311 110.87615
0.54836909 -0.054324431 -0.83446997 -102.8872 0.023580806 0.99849539 -0.049506526 -10.08265 0.83590391 0.007470374 0.54882503 111.47127
0.55900897 -0.05264428 -0.82748867 -103.76882 0.021858903 0.99857122 -0.048761683 -10.15696 0.82887347 0.0091702232 0.55936101 112.04614
0.56996084 -0.052719421 -0.81997881 -104.63807 0.021566032 0.99855558 -0.049210392 -10.227845 0.82138882 0.010364307 0.57027453 112.66617
0.58119139 -0.053458952 -0.81200902 -105.49805 0.021325325 0.99849772 -0.050473019 -10.302959 0.81348746 0.012018127 0.58145831 113.26744
0.59053168 -0.055297099 -0.8051177 -106.30936 0.023522621 0.99840524 -0.05131928 -10.370329 0.8066716 0.011367181 0.59089066 113.89425
0.60221822 -0.054833611 -0.79644613 -107.18827 0.023991822 0.99843084 -0.050598848 -10.453475 0.79797097 0.011363354 0.6025888 114.50793
0.61311003 -0.053131701 -0.78820877 -107.98998 0.023287674 0.99851773 -0.049193869 -10.521927 0.78965425 0.011805705 0.61343855 115.11528
0.62260642 -0.051337952 -0.78084929 -108.80666 0.024608142 0.99863666 -0.046035483 -10.585238 0.78214815 0.0094467367 0.62302093 115.75834
0.63192256 -0.049683823 -0.77343736 -109.55772 0.022834661 0.99870343 -0.045497759 -10.653818 0.77469511 0.01108988 0.63223774 116.39955
0.64141292 -0.049284435 -0.76561117 -110.33112 0.021867273 0.99870348 -0.04596927 -10.72262 0.76688418 0.012743454 0.64165903 117.02804
0.65131757 -0.047673207 -0.75730617 -111.07994 0.01822183 0.9987193 -0.047198816 -10.786812 0.75858647 0.016941914 0.65135213 117.67867
0.66159334 -0.046772413 -0.74840266 -111.8301 0.017716114 0.99874918 -0.046756978 -10.854228 0.74965354 0.017675318 0.66159443 118.32177
0.6693556 -0.045061514 -0.74157434 -112.54054 0.017357722 0.99883498 -0.045026542 -10.914574 0.74273942 0.017266726 0.66935795 118.97933
0.67781081 -0.04392005 -0.73392335 -113.26914 0.018020322 0.99890673 -0.043134838 -10.977299 0.73501552 0.016011724 0.67786123 119.64261
0.68705009 -0.042984017 -0.72533751 -113.97391 0.018149998 0.99895246 -0.042006695 -11.039488 0.72638337 0.015695829 0.68711054 120.27578
0.69423583 -0.04215743 -0.71851188 -114.66685 0.01722121 0.9989703 -0.041973475 -11.098241 0.71954158 0.016765846 0.69424697 120.96045
0.70181247 -0.040611269 -0.71120316 -115.33375 0.015925745 0.99901859 -0.041330703 -11.163287 0.71218373 0.017679962 0.70177047 121.63235
0.70876145 -0.037801721 -0.70443466 -116.00996 0.014570799 0.9991347 -0.038955764 -11.216895 0.70529776 0.017346168 0.70869896 122.28066
0.71609993 -0.035808923 -0.6970786 -116.66436 0.014499397 0.99923082 -0.036435436 -11.269027 0.69784719 0.015984194 0.71606833 122.95603
0.72399318 -0.034077083 -0.68896486 -117.29229 0.01353921 0.99928862 -0.035198524 -11.32315 0.68967427 0.016155452 0.72393953 123.62475
0.73058932 -0.03265419 -0.68203586 -117.89858 0.012240944 0.99932167 -0.034732686 -11.378055 0.68270744 0.017026566 0.73049346 124.27675
0.73871965 -0.030264403 -0.67333298 -118.51212 0.010398056 0.99938423 -0.033511679 -11.424059 0.67393263 0.017754381 0.73857946 124.92697
0.74746031 -0.027520148 -0.66373616 -119.13191 0.0094605396 0.99948119 -0.030787072 -11.473705 0.66423913 0.016732812 0.74733288 125.59529
0.75666242 -0.023811426 -0.653372 -119.69476 0.0073431357 0.99958306 -0.027924709 -11.513431 0.65376456 0.016331779 0.75652178 126.25948
0.76742179 -0.021024698 -0.64079772 -120.26347 0.0054911757 0.99964106 -0.026222166 -11.561631 0.64111908 0.016604728 0.76726178 126.94189
0.77657666 -0.020852423 -0.62967756 -120.78911 0.0044306987 0.99960816 -0.02763871 -11.60034 0.63000722 0.018673665 0.77636476 127.59496
0.78636227 -0.021633506 -0.6173867 -121.31326 0.0046827694 0.99956668 -0.029060844 -11.645811 0.61774791 0.019961272 0.78612283 128.25007
0.79633566 -0.020845433 -0.60449561 -121.84477 0.0043578714 0.99957775 -0.028728584 -11.68729 0.60483928 0.020243282 0.79609025 128.92956
0.80643412 -0.019669325 -0.5909967 -122.35024 0.0042336879 0.99961307 -0.027491734 -11.721444 0.59130881 0.019668176 0.80620536 129.61166
0.8158718 -0.017556885 -0.5779662 -122.81729 0.0039041888 0.99968341 -0.024856142 -11.758694 0.57821967 0.018022936 0.81568206 130.29571
0.8253935 -0.016199887 -0.56432535 -123.29415 0.0043142616 0.99974002 -0.022389057 -11.796565 0.56454139 0.016045135 0.82524881 131.00343
0.83454544 -0.014691436 -0.55074318 -123.76585 0.0044973325 0.99979275 -0.019855286 -11.829507 0.55092078 0.014093263 0.83443855 131.70833
0.84212322 -0.014216088 -0.53909773 -124.21516 0.0054243289 0.99982521 -0.01789221 -11.860214 0.53925791 0.012143202 0.84205313 132.43537
0.84938335 -0.014414913 -0.52757949 -124.66305 0.0067262921 0.99984142 -0.01648932 -11.890177 0.52773356 0.0104571 0.84934561 133.13235
0.85595491 -0.014367131 -0.5168508 -125.08917 0.0073105822 0.99985024 -0.015686251 -11.925337 0.5169988 0.0096482433 0.85593176 133.83702
0.86249804 -0.013554736 -0.50587881 -125.52261 0.0065583343 0.99985666 -0.015608962 -11.944245 0.50601792 0.010144977 0.86246332 134.57388
0.86902373 -0.011696311 -0.49463212 -125.93759 0.0047271846 0.99987119 -0.015338205 -11.973193 0.49474785 0.010991047 0.86896708 135.3037
0.8747767 -0.010808409 -0.4844057 -126.35921 0.0042141452 0.99988307 -0.014699888 -11.995016 0.48450798 0.010817764 0.87471996 136.06753
0.88059381 -0.011469451 -0.47373302 -126.75278 0.0049697699 0.9998756 -0.014969773 -12.03038 0.47384582 0.010827945 0.88054126 136.80814
0.88547252 -0.012346383 -0.46452768 -127.16168 0.0057745228 0.99986215 -0.015567425 -12.054388 0.46465589 0.011102101 0.88542175 137.56988
0.89015094 -0.013055051 -0.45547871 -127.54711 0.0063234531 0.99984715 -0.016299837 -12.088592 0.45562193 0.011629116 0.89009743 138.34184
0.89366094 -0.012295545 -0.44857433 -127.94893 0.0060204086 0.9998631 -0.015412514 -12.106941 0.44870246 0.011072961 0.89361262 139.11686
0.89636741 -0.010502511 -0.44318748 -128.35832 0.0056936558 0.99990961 -0.012179845 -12.13665 0.44327538 0.0083942593 0.89634619 139.91369
0.89948064 -0.0068210082 -0.43690734 -128.73779 0.0034854213 0.99995834 -0.0084357824 -12.157819 0.43694672 0.0060650166 0.89946695 140.70898
0.90245119 -0.0042576378 -0.43077106 -129.13351 0.0018693249 0.99998045 -0.005967393 -12.168871 0.43078809 0.0045800296 0.9024415 141.52089
0.90583739 -0.0014232629 -0.42362315 -129.53265 3.6338364e-05 0.99999461 -0.0032820177 -12.195005 0.42362558 0.0029575803 0.90583257 142.34554
0.90889161 0.00041851436 -0.4170322 -129.91525 -0.0010746095 0.99999853 -0.0013384814 -12.20097 0.41703106 0.001664681 0.90889072 143.19159
0.91209402 0.0016721236 -0.40997767 -130.30802 -0.001100364 0.99999807 0.0016305397 -12.216554 0.40997964 -0.0010360811 0.91209409 144.04544
0.91515815 0.0017279065 -0.40309125 -130.70251 -0.00040462363 0.99999425 0.0033679765 -12.232696 0.40309478 -0.0029191312 0.91515359 144.89537
0.91885748 0.0016476178 -0.39458612 -131.08021 0.00011823102 0.99999009 0.0044508376 -12.242373 0.39458958 -0.0041363381 0.91884817 145.80599
0.92207152 0.00073771741 -0.38701879 -131.44551 0.0010073509 0.99999022 0.0043061464 -12.233407 0.38701822 -0.0043604391 0.92206176 146.7049
0.92615331 -0.0017303472 -0.37714326 -131.82675 0.0034487515 0.99998652 0.0038811468 -12.26403 0.3771315 -0.0048952107 0.92614679 147.60807
0.93006679 -0.0032714639 -0.3673759 -132.19843 0.0046235545 0.99998539 0.002800396 -12.266812 0.3673614 -0.0043031382 0.93006833 148.54265
0.9344028 -0.0042165266 -0.35619324 -132.54852 0.0049078967 0.99998742 0.0010372978 -12.280953 0.35618441 -0.0027174139 0.93441174 149.48631
0.93943408 -0.002730523 -0.34271876 -132.92649 0.0028888465 0.99999583 -4.8526749e-05 -12.293368 0.34271749 -0.0009444745 0.93943804 150.42915
0.94500468 0.00068243667 -0.32705609 -133.26328 -0.00047908576 0.99999964 0.0007023202 -12.304559 0.32705648 -0.00050700823 0.94500466 151.39873
0.95137104 0.0043559262 -0.30801651 -133.60677 -0.0033229439 0.99998696 0.003878094 -12.310494 0.30802941 -0.002665985 0.9513731 152.4161
0.95752054 0.0075063569 -0.28826734 -133.91704 -0.0062136393 0.99996612 0.0053992091 -12.323736 0.28829812 -0.0033786647 0.95753474 153.4405
0.96366244 0.0093800248 -0.26695827 -134.22086 -0.007946771 0.99994763 0.0064486834 -12.34061 0.2670048 -0.004092898 0.96368651 154.47497
0.96921891 0.01058662 -0.24597282 -134.49443 -0.0089969663 0.99993075 0.0075856228 -12.333573 0.24603611 -0.0051391202 0.96924704 155.52821
0.97454654 0.011202931 -0.22390519 -134.73771 -0.0091359137 0.99990557 0.010265508 -12.348005 0.22399907 -0.0079586372 0.97455686 156.58824
0.97940251 0.013443145 -0.20146959 -134.97267 -0.01089257 0.99984595 0.013763189 -12.34456 0.20162359 -0.01128518 0.97939807 157.68013
0.98363052 0.015136543 -0.17956023 -135.18822 -0.012129512 0.99976741 0.017832818 -12.352075 0.1797884 -0.015362926 0.98358534 158.78188
0.98748313 0.0168485 -0.15682217 -135.3836 -0.013753043 0.999689 0.020802945 -12.341792 0.15712391 -0.018385776 0.98740774 159.93436
0.99071656 0.018704865 -0.13465078 -135.54363 -0.016028119 0.99965233 0.020935929 -12.340587 0.13499558 -0.018583373 0.99067192 161.04225
0.99352013 0.018443709 -0.11214983 -135.68921 -0.016395106 0.99968197 0.019161661 -12.332472 0.11246758 -0.017198788 0.99350654 162.20566
0.99570034 0.018291733 -0.090808884 -135.82155 -0.016740873 0.99970122 0.01781077 -12.317346 0.091107549 -0.01621397 0.99570906 163.37184
0.99734434 0.016875429 -0.070848396 -135.90667 -0.015521158 0.99968698 0.019622302 -12.317955 0.07115736 -0.018470543 0.99729407 164.53624
0.99855531 0.01743824 -0.050825278 -135.97279 -0.016352156 0.99963064 0.021707072 -12.309565 0.051185042 -0.02084461 0.99847163 165.72749
0.99939374 0.01761095 -0.030033338 -136.01312 -0.016941451 0.99960548 0.02240254 -12.302181 0.030416022 -0.021880151 0.99929782 166.93711
0.99976626 0.019323993 -0.0096961037 -136.03406 -0.019097833 0.99955535 0.022899241 -12.29401 0.010134298 -0.022708714 0.99969076 168.14109
0.99974711 0.0195788 0.011062579 -136.04214 -0.019832199 0.99953225 0.023280327 -12.284818 -0.010601605 -0.023493836 0.99966777 169.39399
0.99929429 0.021382206 0.03088236 -136.01833 -0.022093027 0.99949448 0.022862151 -12.266814 -0.030377907 -0.023528302 0.99926153 170.62763
0.99842201 0.022498555 0.051451932 -135.96767 -0.023641604 0.99948461 0.021716133 -12.25422 -0.050936837 -0.022898271 0.99843934 171.86053
0.99720798 0.023102289 0.071010783 -135.89124 -0.02455665 0.99950478 0.019676405 -12.251526 -0.070521054 -0.021365255 0.99728146 173.18085
0.9956617 0.024897406 0.089654373 -135.77553 -0.026517715 0.99950502 0.016927109 -12.245053 -0.089188562 -0.019231104 0.99582908 174.42045
0.99378569 0.025025404 0.10846071 -135.66867 -0.026784576 0.99953177 0.014792828 -12.238234 -0.10803973 -0.017605975 0.99399067 175.68438
0.99145502 0.024978663 0.12803518 -135.50225 -0.026729103 0.99957103 0.011971346 -12.241612 -0.12768124 -0.015291317 0.99169737 177.01868
0.98881968 0.026224056 0.14679215 -135.30914 -0.027525822 0.99959767 0.006843471 -12.237123 -0.14655364 -0.010807533 0.98914369 178.29317
0.98602525 0.028000806 0.16422594 -135.1502 -0.028444564 0.99959531 0.00035062333 -12.270033 -0.16414968 -0.0050170587 0.98642269 179.61799
0.98292511 0.030564427 0.18144985 -134.88957 -0.030148174 0.99953267 -0.0050523506 -12.275102 -0.18151949 -0.00050429921 0.98338722 180.90477
0.97949965 0.032525639 0.1988027 -134.64007 -0.031368971 0.99946766 -0.0089658245 -12.313509 -0.1989885 0.0025457859 0.97999852 182.23062
0.97549376 0.034850562 0.21724953 -134.3884 -0.033016071 0.99938194 -0.012069317 -12.340147 -0.2175359 0.0046008172 0.97604148 183.55994
0.97175535 0.034188243 0.23350098 -134.06896 -0.032270272 0.99940677 -0.012030592 -12.374794 -0.23377378 0.0041556524 0.97228214 184.90192
0.96751143 0.032840091 0.25068536 -133.72552 -0.030625669 0.99944985 -0.012730465 -12.399781 -0.25096554 0.0046394638 0.96798491 186.25094
0.96264917 0.03275394 0.26876335 -133.35112 -0.029170461 0.99942444 -0.017316978 -12.460551 -0.26917589 0.0088302234 0.96305056 187.5919
0.9582357 0.033970674 0.28395479 -132.9868 -0.029045845 0.99934602 -0.021537559 -12.50907 -0.28450076 0.012390351 0.95859574 188.89845
0.95293025 0.036236629 0.30101634 -132.58549 -0.03095585 0.99927205 -0.022296086 -12.545824 -0.30160518 0.011928398 0.95335829 190.27241
0.94716534 0.038085162 0.31847658 -132.13959 -0.032578021 0.99921359 -0.02260273 -12.600104 -0.31908698 0.011033186 0.94766121 191.61479
0.94078913 0.042130786 0.33636409 -131.68593 -0.035457844 0.99903396 -0.025959172 -12.644523 -0.33713286 0.012495362 0.94137416 192.97664
0.93444367 0.043161255 0.35348568 -131.21209 -0.035057914 0.99895573 -0.029298326 -12.70899 -0.35438113 0.014985165 0.934981 194.30959
0.92815901 0.043776619 0.3696004 -130.69073 -0.034279798 0.99889255 -0.032226797 -12.762635 -0.3706019 0.017241766 0.92863177 195.65798
0.92068372 0.043965473 0.38782537 -130.1406 -0.032009758 0.99879365 -0.03723731 -12.838684 -0.38899471 0.021869589 0.92098038 196.97984
0.91248699 0.047490324 0.40633995 -129.59027 -0.032790252 0.99853392 -0.043067443 -12.931881 -0.40778954 0.025974492 0.91270643 198.33638
0.90322745 0.051096332 0.42610951 -128.98366 -0.034468907 0.99831652 -0.046647752 -13.017247 -0.42777573 0.027446001 0.90346813 199.61178
0.89121697 0.05360891 0.45039802 -128.34215 -0.035579661 0.99819374 -0.048408032 -13.087845 -0.45217963 0.027117051 0.89151459 200.97725
0.87891587 0.058041051 0.47343227 -127.69105 -0.038645299 0.99797086 -0.050603463 -13.184962 -0.47540873 0.026180255 0.87937543 202.25587
0.86459371 0.062457138 0.49857478 -126.9509 -0.040843087 0.99769685 -0.0541556 -13.287903 -0.50080893 0.026459259 0.86515336 203.58902
0.84949033 0.066113188 0.52344551 -126.22748 -0.042315315 0.99745925 -0.05731019 -13.394055 -0.52590457 0.026534692 0.85012959 204.85473
0.83460207 0.067834159 0.54666067 -125.43323 -0.041978494 0.99733523 -0.059667837 -13.502442 -0.54925151 0.026850909 0.83522562 206.12723
0.81878778 0.068645401 0.5699775 -124.60129 -0.040715804 0.99726905 -0.061617051 -13.608869 -0.5726507 0.027244197 0.81934667 207.35214
0.80291242 0.070928328 0.59186214 -123.75643 -0.039047883 0.99702137 -0.066510471 -13.728452 -0.59481673 0.030291121 0.80329044 208.56547
0.78716419 0.073719788 0.61232172 -122.84037 -0.037459963 0.99671235 -0.071841779 -13.862702 -0.61560484 0.033613728 0.78733781 209.76403
0.77030518 0.075242407 0.63322072 -121.90997 -0.035228697 0.99651905 -0.075556032 -13.991517 -0.63670158 0.035893664 0.77027448 210.96025
0.754425 0.076923469 0.65186322 -120.92723 -0.033514795 0.99632815 -0.078784349 -14.135896 -0.6555301 0.037589822 0.75423294 212.12648
0.73832009 0.077444214 0.6699894 -119.94106 -0.031781777 0.99627708 -0.080136747 -14.269612 -0.67370127 0.037873118 0.7380327 213.23393
0.72253629 0.077943085 0.68692514 -118.92785 -0.029836107 0.99621403 -0.081654203 -14.418052 -0.6906889 0.038502953 0.7221263 214.36927
0.70859309 0.078592371 0.7012268 -117.8558 -0.02707275 0.99607416 -0.084281243 -14.563624 -0.70509782 0.04073697 0.70793898 215.47234
0.69329023 0.079809508 0.71622556 -116.77519 -0.024019687 0.99585568 -0.087718367 -14.713628 -0.72025812 0.043610775 0.69233401 216.55513
0.67817754 0.082371923 0.7302671 -115.68213 -0.022016482 0.99552974 -0.091846689 -14.890572 -0.73456827 0.046210451 0.67695945 217.60433
0.6637844 0.084890148 0.74309076 -114.55336 -0.021115791 0.99526888 -0.094836584 -15.045062 -0.74762587 0.047260098 0.66243648 218.62546
0.64759466 0.085080975 0.75722013 -113.39343 -0.019426155 0.99526725 -0.095214099 -15.215958 -0.76173737 0.046950268 0.64618255 219.62946
0.63215459 0.08650976 0.76999778 -112.23608 -0.020161735 0.99524782 -0.095264321 -15.38015 -0.77457997 0.044697289 0.63089466 220.62885
0.61454183 0.087464294 0.78402059 -111.06917 -0.022001035 0.99534845 -0.093794593 -15.551359 -0.78857742 0.040391437 0.61360756 221.59508
0.59572034 0.088583686 0.79829202 -109.8687 -0.024305041 0.99543251 -0.092322196 -15.726255 -0.80282414 0.035595691 0.59515242 222.50907
0.57825256 0.089796062 0.81090109 -108.66791 -0.025938199 0.99544555 -0.091735306 -15.892664 -0.81544542 0.032012863 0.57794809 223.41319
0.56054555 0.093039783 0.82288045 -107.44824 -0.027539437 0.9952134 -0.093764932 -16.067675 -0.82766559 0.029897853 0.5604247 224.27554
0.54263591 0.096895883 0.83436047 -106.2428 -0.029985723 0.99492561 -0.096041061 -16.241849 -0.83943266 0.027096428 0.54278786 225.11415
0.52309592 0.097179552 0.84671526 -105.00348 -0.03030253 0.99497055 -0.095474435 -16.421644 -0.85173498 0.024284674 0.52340982 225.90366
0.5019459 0.095727331 0.85958509 -103.76749 -0.030050796 0.99518625 -0.093280641 -16.582279 -0.86437684 0.020990621 0.50240634 226.63413
0.48133808 0.09391228 0.87148957 -102.5272 -0.029988492 0.99542622 -0.090704633 -16.751244 -0.87602192 0.017524937 0.48195283 227.39225
0.45883524 0.092497054 0.88369364 -101.26229 -0.030281031 0.99561673 -0.088489501 -16.907954 -0.88800527 0.013842947 0.45962494 228.03789
0.43722925 0.09145368 0.89468807 -100.00798 -0.028806005 0.99572993 -0.087704688 -17.073337 -0.89888868 0.012574667 0.43799666 228.6969
