1.000000000000000000e+00 -3.306050084167601550e-19 -2.270457535318767223e-19 -8.673617379884035472e-19 7.546676715296109287e-19 1.000000000000000000e+00 6.237773588823049983e-19 1.387778780781445676e-17 -3.447385680526250622e-20 4.770700176052009879e-20 1.000000000000000222e+00 5.551115123125782702e-17
9.997457970748990785e-01 -1.251725112780187289e-03 -2.251846623617423729e-02 -9.683061332601389237e-02 1.211236019866332621e-03 9.999976118535399694e-01 -1.811577789710242057e-03 -1.544517365557977751e-02 2.252068282464955024e-02 1.783845847922183253e-03 9.997449448008093320e-01 -9.508156596710559683e-03
9.990262171009862691e-01 4.093391978611076766e-03 4.393489413861436516e-02 -2.603197188131464723e-02 -4.080862755372925005e-03 9.999915727306724067e-01 -3.749166778995744603e-04 -1.562046596586431912e-02 -4.393606088387483344e-02 1.952705976433242530e-04 9.990345091910163289e-01 3.276818076864616014e-01
9.979182999262196097e-01 5.424424780298060279e-03 6.426508617023483916e-02 3.781335115730183327e-02 -5.524663809072017685e-03 9.999837630065413485e-01 1.381697781829218860e-03 1.242256984733013103e-02 -6.425655112457057117e-02 -1.733892021786604971e-03 9.979321088392425487e-01 4.074386273072799769e-01
9.950908777361772151e-01 4.556051278359558691e-03 9.886904335611214345e-02 9.494837010352177864e-02 -4.922043739598640222e-03 9.999818985129631521e-01 3.457394826588767837e-03 -3.305186976251761610e-03 -9.885150219616349598e-02 -3.927133585539728869e-03 9.950953183858696205e-01 6.040235637704671756e-01
9.910622297260223146e-01 1.499527789289426850e-03 1.333982105472751312e-01 1.907381936505769815e-01 -2.474557480322949008e-03 9.999714192642628063e-01 7.143359866167632577e-03 1.169684679622674806e-02 -1.333837009660552853e-01 -7.409523714082921590e-03 9.910376314891464755e-01 7.848709589010333110e-01
9.849128754688086795e-01 -1.736133019210381063e-03 1.730242786710408653e-01 2.440411529397697732e-01 5.083185023111764936e-04 9.999743883563122493e-01 7.139703287161416022e-03 -1.882159543956665737e-03 -1.730322588675059503e-01 -6.944045470469176022e-03 9.848885321114637659e-01 9.646594674906903144e-01
9.763112697216597136e-01 -1.784023112880704382e-03 2.163394883505103949e-01 3.412562374321531644e-01 -3.693231588134604845e-06 9.999658657352611391e-01 8.262241020711767400e-03 6.500583622095865155e-03 -2.163468671458625703e-01 -8.067362236447439550e-03 9.762779249297369732e-01 1.185581696410285657e+00
9.641107124652649185e-01 -2.135069825896547188e-03 2.654933959963814427e-01 4.365192077189663511e-01 -6.457555134342478353e-04 9.999458453452737539e-01 1.038634349256819731e-02 2.277802601309594777e-03 -2.655012254611750500e-01 -1.018516499436196085e-02 9.640571411488121356e-01 1.390945712915762300e+00
9.500924312670473437e-01 -5.342490206317634938e-03 3.118255912298265597e-01 5.727945882181412207e-01 1.861364815874406835e-04 9.998628740541334325e-01 1.656184584609074820e-02 1.482371812689829704e-02 -3.118713378411109294e-01 -1.567700323618864688e-02 9.499631316829088012e-01 1.632372081479359638e+00
9.331444040419354380e-01 -1.560657266184825240e-02 3.592637503693947854e-01 7.070629571302713412e-01 7.006920905428936502e-03 9.996569958007787138e-01 2.523281062867543945e-02 5.577515863008586372e-03 -3.595344549614141738e-01 -2.102848480409403448e-02 9.329337137780440159e-01 1.846914518864432919e+00
9.126285794091116843e-01 -2.088847666286349630e-02 4.082955565856705715e-01 8.695048830148349728e-01 9.055445987343140046e-03 9.994815713471008056e-01 3.088796955160911378e-02 2.809885647163834488e-03 -4.087293173858608242e-01 -2.449144535593821004e-02 9.123446336370983900e-01 2.055005350109820661e+00
8.874553105154890931e-01 -2.348529124101909546e-02 4.603513568491005015e-01 1.061443315713330948e+00 8.445967136695601424e-03 9.993619092695714690e-01 3.469945282246114648e-02 8.417260835086759485e-03 -4.608726748985374488e-01 -2.690719663983355200e-02 8.870873422113996210e-01 2.306999791225928131e+00
8.584048805246400349e-01 -2.501274833175344200e-02 5.122687308459289435e-01 1.238762362189105293e+00 5.532706194239802276e-03 9.992038732352999109e-01 3.950470160695827154e-02 2.537969391174245415e-02 -5.128490979829640750e-01 -3.107618637890795579e-02 8.578597721265960319e-01 2.530362380772287256e+00
8.272034059012777218e-01 -2.984865240950578674e-02 5.613006535560254306e-01 1.466336139133405103e+00 6.162083668031615759e-03 9.990099309262776561e-01 4.405041892006870269e-02 3.874799842129845323e-02 -5.620602495074182858e-01 -3.297931807983797703e-02 8.265683881022545254e-01 2.761833060489146341e+00
7.912904541182311791e-01 -3.677497871922899564e-02 6.102328390832237881e-01 1.697543710868070432e+00 9.557920686428479293e-03 9.988117122687145688e-01 4.779261012513645601e-02 4.140628217228103231e-02 -6.112649592239948193e-01 -3.198699232001472187e-02 7.907015259539054153e-01 2.980452534474108184e+00
7.534349837426960184e-01 -4.062385165328864095e-02 6.562073864107702548e-01 1.961775093518757673e+00 1.030874506304008641e-02 9.986967112344146136e-01 4.998428433405639748e-02 5.466827652528639947e-02 -6.573828283325419131e-01 -3.089352014156566614e-02 7.528718765332045315e-01 3.191249159503504629e+00
7.139224632352926259e-01 -4.423526032612475761e-02 6.987545481065398079e-01 2.257224589897295353e+00 1.115039609260735920e-02 9.985943973087136882e-01 5.181646515466570985e-02 6.745277203404885513e-02 -7.000642431517695163e-01 -2.920353026473449659e-02 7.134119705564578862e-01 3.397957080322351331e+00
6.713397417456110627e-01 -4.650902499060407397e-02 7.397572456212345715e-01 2.550664104949032840e+00 1.025323624056528535e-02 9.985163184291675487e-01 5.348355500229302201e-02 8.342395667858108765e-02 -7.411472330281958509e-01 -2.832056915994829102e-02 6.708207243406024700e-01 3.612863254100835864e+00
6.290378391264124236e-01 -4.703130526722079652e-02 7.759790598728729671e-01 2.896405944210981964e+00 6.070290710959320817e-03 9.984350187666922727e-01 5.559631126693789088e-02 1.077288631761756793e-01 -7.773793378541070664e-01 -3.026407144960264334e-02 6.283388333910751022e-01 3.832901885183715773e+00
5.870933247579482872e-01 -4.733078733922078257e-02 8.081705167236548082e-01 3.250902003280782715e+00 2.445791176853416137e-03 9.983882020671224211e-01 5.669759689434103467e-02 1.234990463119985671e-01 -8.095521731809709465e-01 -3.130201042102444264e-02 5.862632370260952852e-01 4.044216314227679909e+00
5.479745267009108467e-01 -4.913953295749952377e-02 8.350650898835375591e-01 3.630679459806609444e+00 1.157453893334289699e-03 9.983167985949445988e-01 5.798825808489409955e-02 1.448709341405393647e-01 -8.365086630843097115e-01 -3.081475135734188311e-02 5.471087954393132335e-01 4.255142586884828049e+00
5.083170204567775130e-01 -5.208550975810048028e-02 8.595357452441119150e-01 4.032638008659311879e+00 -1.770154735147912454e-04 9.981629496881780916e-01 6.057803177013666718e-02 1.600997413805168579e-01 -8.611124010985029553e-01 -3.094091632694306176e-02 5.073740566494782112e-01 4.433980493781709775e+00
4.701271426694180189e-01 -5.115423894708557434e-02 8.810530159362713887e-01 4.469922297313781101e+00 -4.046225273867699868e-03 9.981833371072140748e-01 6.012980947504696638e-02 1.864019380549139515e-01 -8.825279872967003447e-01 -3.183497449285534187e-02 4.690664366319069467e-01 4.662350536766535214e+00
4.348687022811197900e-01 -5.118416935720849353e-02 8.989454944822919957e-01 4.941151948654113113e+00 -4.551813681034239459e-03 9.982458919223349270e-01 5.903830435127494641e-02 2.093413113182490681e-01 -9.003893247591838733e-01 -2.978023069684311921e-02 4.338724553761658109e-01 4.847360032202725044e+00
4.019968749849614498e-01 -4.988360279099077893e-02 9.142188837565928816e-01 5.434327558754030285e+00 -2.890664742693313787e-03 9.984410488664879901e-01 5.573743712801218497e-02 2.341344991541831067e-01 -9.155738019506955983e-01 -2.505375899538088771e-02 4.012255941005160587e-01 5.041666858790031291e+00
3.714973367824973560e-01 -4.892640553105948725e-02 9.270888699935521116e-01 5.949687543091632058e+00 -2.065422399225155456e-03 9.985648817407413169e-01 5.351249050230792725e-02 2.616490238882910324e-01 -9.283760631433982669e-01 -2.180343369355667443e-02 3.708625868795171754e-01 5.218997072380658686e+00
3.463995747539455050e-01 -4.691118007325799366e-02 9.369281747719654385e-01 6.499624296656375755e+00 -4.371079881480306869e-04 9.987404301463689293e-01 5.017638006039720072e-02 2.849488698007204279e-01 -9.381023758595992135e-01 -1.778447079722805454e-02 3.459431283203583396e-01 5.402163828882835972e+00
3.252827504994728058e-01 -4.596447125179964344e-02 9.445575429720505234e-01 7.079583730621887838e+00 3.010346192538131496e-04 9.988227885826728158e-01 4.849392308895635745e-02 3.171731709630424279e-01 -9.456754371330713393e-01 -1.547908408553599728e-02 3.249138512624742958e-01 5.592119345488845816e+00
3.111677152503468657e-01 -4.674986132476981887e-02 9.493078146019066077e-01 7.675435847469167072e+00 1.319148102978622613e-03 9.988096003472852757e-01 4.875746618056481241e-02 3.458040215468981549e-01 -9.504575342867824794e-01 -1.391540687670759537e-02 3.108590019415831129e-01 5.776798714700393411e+00
2.980599271502770709e-01 -4.774273871853838141e-02 9.534842499104662084e-01 8.293604727377836383e+00 2.820940785389355627e-03 9.987882922294758492e-01 4.912106862522277323e-02 3.658808054049790259e-01 -9.546746248646454935e-01 -1.194576135797814111e-02 2.978333118111193833e-01 5.959521084839153104e+00
2.888647499269324515e-01 -5.025503025513859690e-02 9.561302626721914777e-01 8.936011136777645802e+00 1.396127511888041765e-03 9.986421181953146764e-01 5.208644948275076292e-02 3.974978477053709436e-01 -9.574496182658441823e-01 -1.371062300946929158e-02 2.885430855768649216e-01 6.157499916066528023e+00
2.772970919222784714e-01 -5.131908572864162660e-02 9.594598667102250955e-01 9.635551842187789262e+00 -2.875063262600063515e-04 9.985683797663860162e-01 5.348096832419944879e-02 4.322278681340134265e-01 -9.608309865143173090e-01 -1.511019154174387917e-02 2.768847283445235452e-01 6.345197020899383311e+00
2.679573480329231483e-01 -5.427400805790010690e-02 9.619856562172937053e-01 1.033061002396752670e+01 -1.231572849754486616e-03 9.983920364089063915e-01 5.667317437870347807e-02 4.634700363466579542e-01 -9.635145643426991091e-01 -1.637479156821874948e-02 2.674595025630229217e-01 6.547291348720745141e+00
2.568408748950644083e-01 -5.613824303675488125e-02 9.647400110074489943e-01 1.105231643428260035e+01 -2.327175522898776699e-03 9.982724714866487714e-01 5.871549753813499334e-02 4.955838574032177535e-01 -9.663694167960175108e-01 -1.732476354122396492e-02 2.562667896313179372e-01 6.748752883200855202e+00
2.468469199609302500e-01 -5.775269405611238582e-02 9.673470204107520454e-01 1.179471813767716171e+01 -2.885643261140937235e-03 9.981734461084696974e-01 6.035811951874597847e-02 5.338910885183481003e-01 -9.690665742495923052e-01 -1.768000582577232763e-02 2.462305363449221463e-01 6.928873457165265037e+00
2.349269006205894073e-01 -5.908370833615490814e-02 9.702927785345750733e-01 1.255039288304535106e+01 -2.456507624364666874e-03 9.981113643542911529e-01 6.138620470884677272e-02 5.697559692123848052e-01 -9.720874218256426724e-01 -1.680404928434718961e-02 2.343383546025273600e-01 7.118238672635722963e+00
2.271146954725811462e-01 -6.221771498486750734e-02 9.718790417503643253e-01 1.333984148168090833e+01 -4.864242934819537276e-03 9.978721330768414166e-01 6.501379305198758118e-02 6.078680854860040172e-01 -9.738565439681864389e-01 -1.948665873609086233e-02 2.263289022607429535e-01 7.294069724946317557e+00
2.144249429398683293e-01 -6.603192646269621935e-02 9.744902901180836352e-01 1.412537057895678316e+01 -6.023374894284820417e-03 9.976046916527572250e-01 6.890676181494337360e-02 6.573140671788816336e-01 -9.767050824838861001e-01 -2.066086085143431159e-02 2.135125411771805204e-01 7.472005999551263322e+00
2.017404694050079494e-01 -6.954062087059777186e-02 9.769403527748838911e-01 1.492912824976176545e+01 -7.498105793185264566e-03 9.973366980168600904e-01 7.254093307564143944e-02 6.982828373580843850e-01 -9.793844969142466717e-01 -2.193760492212347077e-02 2.006826169189905862e-01 7.640877167742197607e+00
1.888709858935087305e-01 -7.233371226933946185e-02 9.792862283972979531e-01 1.573778851717551674e+01 -8.152115241752837943e-03 9.971340378135450377e-01 7.521059954918143942e-02 7.362997071637144009e-01 -9.819194074315557019e-01 -2.219453071755221954e-02 1.877394938577198746e-01 7.796472055695986114e+00
1.748199977398839644e-01 -7.250637054835637474e-02 9.819759487588562985e-01 1.652120584107187895e+01 -8.626525362047384599e-03 9.971332126945524621e-01 7.517074557210746966e-02 7.824879444394616801e-01 -9.846121844193954642e-01 -2.160133571146040377e-02 1.736939458041196760e-01 7.941639564190556833e+00
1.607044269796758240e-01 -7.162716903913796118e-02 9.844129805765693408e-01 1.737374943749282608e+01 -1.045900829349618449e-02 9.971833377105262519e-01 7.427206534184417619e-02 8.296459647674484517e-01 -9.869606819930667463e-01 -2.222593428673498225e-02 1.595029901287143281e-01 8.070327530164256302e+00
1.438723746583059071e-01 -7.153088309130381517e-02 9.869998750439528123e-01 1.819010455730158426e+01 -1.106481736100579927e-02 9.972055638528006805e-01 7.390054431509220090e-02 8.695545080155440143e-01 -9.895265802892305729e-01 -2.156978202679184914e-02 1.426787795284061855e-01 8.183953106168988967e+00
1.220005265754340457e-01 -6.951157605526729621e-02 9.901401336091132377e-01 1.902633057674611905e+01 -1.396942134133843591e-02 9.973254624247330780e-01 7.173139234416980869e-02 9.134628337152587152e-01 -9.924789268681564192e-01 -2.257385061846876179e-02 1.207031970101936358e-01 8.295678597528851839e+00
9.854109572503069736e-02 -6.814778948318581109e-02 9.928241312998222767e-01 1.986048899707789417e+01 -1.862641380201693689e-02 9.973516936657966792e-01 7.030404428177090825e-02 9.617422183351247433e-01 -9.949853330861246903e-01 -2.542965164590019894e-02 9.701039400980369931e-02 8.373272149233477180e+00
6.771108685179606790e-02 -6.769473263320570366e-02 9.954123332516457978e-01 2.069743927417368567e+01 -2.241947994739082808e-02 9.973398685434108346e-01 6.934558184693268013e-02 1.005041720405955852e+00 -9.974608247274063810e-01 -2.698390646178637844e-02 6.601383211185037070e-02 8.427741625373160517e+00
3.242248802528469726e-02 -6.771959313116826529e-02 9.971709597633788835e-01 2.156089826987580338e+01 -2.598503392588115760e-02 9.973075236509859609e-01 6.856566435977207163e-02 1.053906711134822594e+00 -9.991304811691430476e-01 -2.812024591734526083e-02 3.057559862283991056e-02 8.445568549557156857e+00
-7.265620770487463847e-05 -6.636214325187364538e-02 9.977962497910121131e-01 2.240757094607442212e+01 -2.652951659819734534e-02 9.974446028002784681e-01 6.633880124411736801e-02 1.090906313547766571e+00 -9.996485681858332528e-01 -2.647257795707096129e-02 -1.833092552368055950e-03 8.437290171318736043e+00
-3.495598998278041242e-02 -6.506484736035304806e-02 9.972606437767073118e-01 2.327596827253378819e+01 -2.812909538410275287e-02 9.975471647894621485e-01 6.410327574787830218e-02 1.127125197488670238e+00 -9.989850996925855320e-01 -2.581843770371168231e-02 -3.670052420648670793e-02 8.406552514455706060e+00
-6.896793090255068370e-02 -6.469841188578305535e-02 9.955185315464031293e-01 2.412891125006496296e+01 -3.087264543183875637e-02 9.975552350914844713e-01 6.270105743672974019e-02 1.158604565305326517e+00 -9.971411608311864239e-01 -2.641486915825835141e-02 -7.079664035054723803e-02 8.338205490306956236e+00
-1.013231090642701809e-01 -6.099129520252568465e-02 9.929766215164675947e-01 2.498720641611094706e+01 -3.293771905206460682e-02 9.977780790265160515e-01 5.791460278856040700e-02 1.200492168626493772e+00 -9.943009997253144938e-01 -2.686850814731621406e-02 -1.031074622470205954e-01 8.257004513408737978e+00
-1.332853410229702107e-01 -5.655378914507102478e-02 9.895404226686427274e-01 2.584827647158256170e+01 -3.065477785751936218e-02 9.981282959035419067e-01 5.293217306423525503e-02 1.226305139029994828e+00 -9.906805854815040613e-01 -2.330446941729871074e-02 -1.347695922916892219e-01 8.123484794986627122e+00
-1.634887326087204884e-01 -5.148997403513698445e-02 9.851935342936092299e-01 2.669231211835021966e+01 -2.576695423246557273e-02 9.985192278939315491e-01 4.790986142302449541e-02 1.255314373315861154e+00 -9.862015810524471515e-01 -1.755357518129686822e-02 -1.645734450809340776e-01 7.970841908720896818e+00
-1.959912123717414412e-01 -4.406994043143031697e-02 9.796859367367987126e-01 2.754964383870172995e+01 -1.977672041808720832e-02 9.989643923809234938e-01 4.097098965597033293e-02 1.273284738211384104e+00 -9.804766161190689999e-01 -1.135647017319811602e-02 -1.966600408089714813e-01 7.786792608608879895e+00
-2.229500171599501090e-01 -3.850705528073927741e-02 9.740436909515516328e-01 2.837376483970566454e+01 -1.369042771626386400e-02 9.992442007785735658e-01 3.638537089367868682e-02 1.288582782817566885e+00 -9.747093521868208654e-01 -5.203302992980716676e-03 -2.233082770176713083e-01 7.574687096655114971e+00
-2.510531273223853277e-01 -3.304625020566805127e-02 9.673727735354169521e-01 2.920387331233175843e+01 -5.405743245022788697e-03 9.994495620462742203e-01 3.273309784612443707e-02 1.299744868935489572e+00 -9.679218638428898069e-01 2.981976232308938910e-03 -2.510936939115871458e-01 7.344638081976028410e+00
-2.784497792372587766e-01 -2.304374981917080983e-02 9.601173500677551154e-01 3.002873647501906262e+01 8.228873165272723668e-05 9.997116871954145889e-01 2.400965178777410280e-02 1.302073731769184395e+00 -9.603937463516548645e-01 6.760965032351116434e-03 -2.783678068152725116e-01 7.091189965543767570e+00
-3.021803857614034916e-01 -7.605676718956184100e-03 9.532953616233487137e-01 3.083957756107646375e+01 5.639360047634408082e-03 9.999364307967042453e-01 9.773343744162015304e-03 1.292035526972585391e+00 -9.533090606488878738e-01 8.328271445196015407e-03 -3.021181155957561315e-01 6.823033729734870434e+00
-3.278567302110773074e-01 1.014129093085302906e-02 9.447697177977794070e-01 3.162998033299938427e+01 6.011078435575490167e-03 9.999446129987287213e-01 -8.646294080203401761e-03 1.277955066960104746e+00 -9.448050308428016519e-01 2.844859241107029670e-03 -3.278995204276507480e-01 6.547164598557634108e+00
-3.520928743898343871e-01 2.583459375391081864e-02 9.355411454614865896e-01 3.243306249659448071e+01 5.264653021043981876e-03 9.996578514261451609e-01 -2.562778458430277351e-02 1.258517213062185558e+00 -9.358831524843894689e-01 -4.102406383853861305e-03 -3.521082695587410827e-01 6.248019735127170016e+00
-3.756636640401035954e-01 3.590846368828889967e-02 9.259442236701203033e-01 3.320681188091419500e+01 9.593914236693994527e-03 9.993460068495942927e-01 -3.486990751167164809e-02 1.221466151117619470e+00 -9.265908307708785596e-01 -4.217850036457315016e-03 -3.757622766912502299e-01 5.922034266260409296e+00
-4.000135257415498580e-01 4.021844932835788589e-02 9.157599721852806018e-01 3.399203274731992508e+01 1.263967949577712510e-02 9.991839106192235143e-01 -3.836835771809635892e-02 1.170543631316531163e+00 -9.165558088964570471e-01 -3.766519171587784202e-03 -4.001955668864169979e-01 5.588063147899720029e+00
-4.227498087247543723e-01 4.001466938091266523e-02 9.055331047609302964e-01 3.476498033122246767e+01 1.533932030795280219e-02 9.991976054950277852e-01 -3.701851550928124401e-02 1.130529429168444011e+00 -9.062871504852137994e-01 -1.726805386183762362e-03 -4.230244278394567625e-01 5.213156604710217579e+00
-4.403464658487404315e-01 3.575081008085873036e-02 8.966609560338844043e-01 3.552134981555615667e+01 1.877250116351157280e-02 9.993548444579297696e-01 -3.060307712145270143e-02 1.087253665686738646e+00 -8.971772766645664809e-01 3.333978538169027599e-03 -4.407333918652622806e-01 4.836328621421635887e+00
-4.617567178693869345e-01 3.348400347493219603e-02 8.868456568349897262e-01 3.627622067730062128e+01 2.638012123520208987e-02 9.993636707149329279e-01 -2.401001307723400410e-02 1.045588347277040198e+00 -8.870849195086867311e-01 1.232911599624003998e-02 -4.623463732595169962e-01 4.448243507364773031e+00
-4.720606259412518102e-01 3.428954734779691982e-02 8.809541384435596312e-01 3.700692435196297225e+01 2.938543815260528935e-02 9.993000535638841830e-01 -2.313688336861816422e-02 9.969713752619707714e-01 -8.811306891413250852e-01 1.497644727121395618e-02 -4.727380133236211979e-01 4.040268560759418648e+00
-4.838017802049270899e-01 3.893160395705001775e-02 8.744006557778206679e-01 3.772096161475402454e+01 3.297217292707145531e-02 9.991115844255143985e-01 -2.624338760811915916e-02 9.613534379983453837e-01 -8.746458903613220093e-01 1.612824745325299597e-02 -4.846556122497621133e-01 3.625634948206067687e+00
-4.931842132120060063e-01 4.061043074998826885e-02 8.689271085437590969e-01 3.844666778467284018e+01 3.423100125640613639e-02 9.990419727107220371e-01 -2.726515681242999006e-02 9.179826569499953681e-01 -8.692020676504678134e-01 1.630052921139568331e-02 -4.941017565957313562e-01 3.219895481989628827e+00
-5.024040592265638372e-01 4.067766176506666664e-02 8.633448644232910585e-01 3.915675401173829329e+01 2.792328227603677049e-02 9.991349298013153524e-01 -3.079762183993171171e-02 8.786272359722060443e-01 -8.638513663921133512e-01 8.619312752617283233e-03 -5.031052893102555545e-01 2.814828699907848009e+00
-5.142740067921820479e-01 3.846790406664070405e-02 8.564820095150075252e-01 3.984490183120298212e+01 2.652568691126571537e-02 9.992291061817393238e-01 -2.893624670905677390e-02 8.461214127181710953e-01 -8.569347822814671334e-01 7.839677940296005745e-03 -5.148980291342777349e-01 2.413975937588281884e+00
-5.222748836427993924e-01 4.020851368516969310e-02 8.521120333294535110e-01 4.055814611807848991e+01 2.874325747494822780e-02 9.991502591394531008e-01 -2.955660667353792945e-02 8.071290758115520214e-01 -8.525759940155647199e-01 9.076854511864377792e-03 -5.229867803924360681e-01 1.973243139712229643e+00
-5.288571701203609310e-01 4.263066922500619721e-02 8.473337398029364698e-01 4.126025553932364431e+01 3.208194567985453438e-02 9.990279176996454957e-01 -3.021379647745221428e-02 7.619225652436175666e-01 -8.477986761834663820e-01 1.118565559329967769e-02 -5.297108405243834417e-01 1.543347563732109240e+00
-5.341311097551405540e-01 4.669758695618376337e-02 8.444593861303737459e-01 4.197085964104758915e+01 3.349189154577014021e-02 9.988583841663717378e-01 -3.406553331226049031e-02 7.309766375338409006e-01 -8.450858946781583114e-01 1.010024094439326663e-02 -5.350855507784186837e-01 1.091676980032219246e+00
-5.327821998765979172e-01 4.799892620938371601e-02 8.453775255905676689e-01 4.270242914265541856e+01 3.261376039510779923e-02 9.988133664731494443e-01 -3.617492940218717395e-02 6.922895367153489854e-01 -8.461103614465542710e-01 8.307798939406271441e-03 -5.337155785991151147e-01 6.206874563400099909e-01
-5.288489573236255792e-01 4.883928542252993776e-02 8.467329865840480529e-01 4.344883699428289248e+01 3.547214774765197060e-02 9.987424302698187928e-01 -3.540627771124126022e-02 6.488070353637294119e-01 -8.473979177549576525e-01 1.129276765777284183e-02 -5.299163039093279792e-01 1.568300929038192182e-01
-5.236475899655981259e-01 4.654380067831898060e-02 8.508079845940889063e-01 4.420203237563369925e+01 3.289552771313828533e-02 9.988663700008664215e-01 -3.442782050073187050e-02 6.120959726342629637e-01 -8.514455550806189210e-01 9.970901084549363066e-03 -5.245851349775900729e-01 -2.766379343041800443e-01
-5.156619033677052322e-01 4.542452949541196661e-02 8.552300346234124051e-01 4.498855977937738970e+01 3.055580663810915712e-02 9.989330659271100643e-01 -3.461830349480624763e-02 5.705815687486037735e-01 -8.558905521329536192e-01 8.265075001596849588e-03 -5.164997983473689214e-01 -7.478803820506790823e-01
-5.090484817639319148e-01 4.422644737063280429e-02 8.600547966512843701e-01 4.577920987159696153e+01 2.926129276939290480e-02 9.989909855132924621e-01 -3.409430619459288131e-02 5.277575707138815186e-01 -8.606941635949744152e-01 7.838937446063221764e-03 -5.098290570368667618e-01 -1.210960634181565521e+00
-5.039058806335834362e-01 4.339592461368033116e-02 8.629396158267584882e-01 4.657998312594633461e+01 2.640783909694619305e-02 9.990439761997209622e-01 -3.486550666885970123e-02 4.874052513364902639e-01 -8.636273686163253860e-01 5.239866815151399647e-03 -5.045701729739744401e-01 -1.666445185947845964e+00
-4.973950850456417827e-01 4.122797198138757752e-02 8.660830085698668634e-01 4.741658923597880460e+01 2.218412322117474522e-02 9.991478919354190857e-01 -3.478744299653793726e-02 4.404660083053393294e-01 -8.667796125974744914e-01 1.896134004655362307e-03 -4.978858363506842855e-01 -2.123440432375241826e+00
-4.975103630921920983e-01 3.803879533383031086e-02 8.666792681153543398e-01 4.826038404873207099e+01 1.736344094236916963e-02 9.992743414947027336e-01 -3.391133777223016149e-02 4.036500063043070852e-01 -8.673401266596534320e-01 -1.813693430864081295e-03 -4.978097466634665014e-01 -2.588071535642417320e+00
-4.947846101528100005e-01 3.603016023400543166e-02 8.681560672087608177e-01 4.913134576858485048e+01 1.433458463431209855e-02 9.993426615690044201e-01 -3.328738972526224665e-02 3.534388318408002716e-01 -8.687849109423675387e-01 -4.030796218633730596e-03 -4.949760087221026783e-01 -3.064652610473633576e+00
-4.962084642325992334e-01 3.458795502204308620e-02 8.674972836726581038e-01 5.001379493738003390e+01 1.286289928686502361e-02 9.993894201788080522e-01 -3.248453301922524239e-02 3.127794537533792885e-01 -8.680912514964319593e-01 -4.961010600976300915e-03 -4.963504424688833239e-01 -3.552094208932373931e+00
-4.975831272941013128e-01 3.367145287728415953e-02 8.667225400220666121e-01 5.088496223016745290e+01 1.292601106261431765e-02 9.994230313967341628e-01 -3.141657783694223882e-02 2.660738386101416664e-01 -8.672801215355033788e-01 -4.416774552231963330e-03 -4.977312367289755679e-01 -4.038513362304024135e+00
-4.961791096970200043e-01 3.229940820659412543e-02 8.672550029414294315e-01 5.178166347763154675e+01 1.224015759445773628e-02 9.994684641524352875e-01 -3.020179638519078849e-02 2.232185663343169979e-01 -8.677701728218638610e-01 -4.394178756421274895e-03 -4.963105148195662286e-01 -4.558150464956876036e+00
-4.961471727102351736e-01 3.216763445168423913e-02 8.672794885788079888e-01 5.269722550323024990e+01 1.298561965384432623e-02 9.994763352525307676e-01 -2.962964950127393304e-02 1.739686648634252708e-01 -8.677787313246499989e-01 -3.451113481007419669e-03 -4.963049637717725227e-01 -5.051705412184126942e+00
-4.975588824888400041e-01 3.177586703840181576e-02 8.669794333803462205e-01 5.361258601889137054e+01 1.242427300127698329e-02 9.994873280050949882e-01 -2.951475079991466854e-02 1.266509014679466638e-01 -8.674727950434449886e-01 -3.908621784982161014e-03 -4.976985422951245019e-01 -5.566934143157667769e+00
-4.961999821959257595e-01 3.005532190362009137e-02 8.676197819121439503e-01 5.455050640372249404e+01 1.037173540769723012e-02 9.995346273338425735e-01 -2.868450586927006121e-02 7.912223221862432765e-02 -8.680781947138292987e-01 -5.234877513455318820e-03 -4.962809122659076477e-01 -6.077957471910188758e+00
-4.962046981086529751e-01 2.960629346548946175e-02 8.673401774115013785e-01 5.545060454464776001e+01 1.000049848059055349e-02 9.995468527903277334e-01 -2.837838880762620294e-02 3.289433479080338535e-02 -8.677879375022278241e-01 -5.435075951135026791e-03 -4.962757260203282672e-01 -6.581247072214696736e+00
-4.948401389237060966e-01 2.826444116402542645e-02 8.683017685326018809e-01 5.636332789411554245e+01 8.314722391777567070e-03 9.995791895267314153e-01 -2.777996362067775352e-02 -1.769849103166842852e-02 -8.687219190897477183e-01 -6.543619060212328697e-03 -4.948668823004893080e-01 -7.070840493425187390e+00
-4.948255397090766672e-01 2.742611454212626199e-02 8.688335771434007038e-01 5.727929007036993170e+01 8.182800372897806873e-03 9.996049572833313190e-01 -2.688587619254534031e-02 -6.896554652719116829e-02 -8.692274773282123723e-01 -6.184697857262141767e-03 -4.948547971843163529e-01 -7.595214143952041752e+00
-4.923283851202531203e-01 2.382047475145580157e-02 8.696800022019753884e-01 5.817616392275904502e+01 8.374688373538346012e-03 9.997085932615482617e-01 -2.264669572783452323e-02 -1.158012022572744021e-01 -8.699661637860949259e-01 -3.859865662605058145e-03 -4.923842755622545031e-01 -8.059187824609892914e+00
-4.894877256896028039e-01 2.247076765519265273e-02 8.721799801497033267e-01 5.910360192704759186e+01 8.997103930630719407e-03 9.997450893950540207e-01 -2.070771254734980055e-02 -1.552980936160426317e-01 -8.724229457872646476e-01 -2.277679654115905439e-03 -4.895652536438056535e-01 -8.586966108084165938e+00
-4.856951997937297705e-01 2.289443157013765218e-02 8.737744808278301578e-01 6.003084960776646994e+01 8.660511677745622722e-03 9.997340917243773273e-01 -2.137596719723336425e-02 -2.076875182465114378e-01 -8.740313392160742323e-01 -2.811872488828242190e-03 -4.857644154024798877e-01 -9.088033672798657037e+00
-4.842704716303677936e-01 2.319428079695599540e-02 8.744649205686378934e-01 6.094105951832661106e+01 9.676102007429004254e-03 9.997294074359167615e-01 -2.115012676482843496e-02 -2.457768686304432071e-01 -8.747190962035473749e-01 -1.793349170352131778e-03 -4.843637588703529895e-01 -9.599856969901585657e+00
-4.828896821547224438e-01 2.293181460055185653e-02 8.755311891351925668e-01 6.185159321784561826e+01 9.038859930992048861e-03 9.997345547757603423e-01 -2.119622557969350063e-02 -2.915267840195381321e-01 -8.757848055228906192e-01 -2.320560619720148186e-03 -4.829687515768789074e-01 -1.007546816985139237e+01
-4.843243045252433876e-01 2.453167970575675927e-02 8.747936611337894242e-01 6.274513509265508304e+01 8.737680970363368924e-03 9.996927990267332476e-01 -2.320363833607054158e-02 -3.316779737033991315e-01 -8.750939141423351719e-01 -3.580602639587380023e-03 -4.843899638561195431e-01 -1.057378448595233067e+01
-4.858052532075788910e-01 2.611372375961491799e-02 8.740188202487507718e-01 6.366483218622757079e+01 7.269156198512650470e-03 9.996401888079335940e-01 -2.583221366138903699e-02 -3.843800104203288770e-01 -8.743784821017820397e-01 -6.173807304083489197e-03 -4.858203651257300693e-01 -1.108468437601707990e+01
-4.896763674508217146e-01 2.668183614503938372e-02 8.720871050152613213e-01 6.455472351923215513e+01 6.057855820288229713e-03 9.996120569268795997e-01 -2.719515682476311702e-02 -4.351281239212563268e-01 -8.724741168223406618e-01 -8.016790608024548445e-03 -4.896481757431477289e-01 -1.156975691440654330e+01
-4.948465385014136908e-01 2.474440513805082134e-02 8.685139933464004480e-01 6.546743239516308677e+01 6.100424877225103445e-03 9.996689318952999281e-01 -2.498956918494686652e-02 -4.760218292813847563e-01 -8.688450556674909286e-01 -7.077751454197095914e-03 -4.948336384061696180e-01 -1.208158262899848268e+01
-4.988905487712075870e-01 2.195532687367304434e-02 8.663227608201770069e-01 6.634613215657334706e+01 8.962921494279334905e-03 9.997562055632600586e-01 -2.018383070093867152e-02 -5.274200729521854036e-01 -8.665547202763949075e-01 -2.292316845097029654e-03 -4.989656693328698434e-01 -1.258229806968721398e+01
-5.066077502775018226e-01 1.946213040555503856e-02 8.626159703422102698e-01 6.723120662183578133e+01 5.579297506674883896e-03 9.997984757142958090e-01 -1.928561472725075915e-02 -5.735432317714210804e-01 -8.628173486695848160e-01 -4.940075058329561168e-03 -5.066144066959493708e-01 -1.307771275464812533e+01
-5.080118408386853357e-01 2.099860116379009128e-02 8.612704504423743801e-01 6.811918438161978884e+01 6.301972565175865612e-03 9.997666146895657358e-01 -2.066070371550681253e-02 -6.139774233110601998e-01 -8.615033651726226038e-01 -5.066921484603371592e-03 -5.080257093863113083e-01 -1.358632903642074830e+01
-5.132864446233407207e-01 2.373055420330315995e-02 8.584701764352978826e-01 6.896962591590677505e+01 6.623456168044650899e-03 9.996978808332841471e-01 -2.367434602706391944e-02 -6.530436412267647261e-01 -8.587723725873034342e-01 -6.442101275206885483e-03 -5.132887798645761057e-01 -1.408282301578859119e+01
-5.185933056541048858e-01 2.334123822719378141e-02 8.545054013578505803e-01 6.982716522055859798e+01 4.658973726585784007e-03 9.996893056978914949e-01 -2.446455492828541328e-02 -7.018571873274381812e-01 -8.548116666898176730e-01 -8.736684832164639050e-03 -5.185407703799378432e-01 -1.457247032093109596e+01
-5.214535858547588720e-01 2.419916332274282822e-02 8.529271746023151524e-01 7.069854212292831619e+01 3.811700769043362309e-03 9.996537108561982521e-01 -2.603741189746228840e-02 -7.496630340850264362e-01 -8.532620640899606368e-01 -1.032205755914154290e-02 -5.213652723059742922e-01 -1.512178236466328762e+01
-5.252696822833939905e-01 2.264525000090797727e-02 8.506648148491393613e-01 7.153453261013554254e+01 3.555160921144396354e-03 9.996955089549345308e-01 -2.440261863828750016e-02 -7.896924755446041999e-01 -8.509587754204843701e-01 -9.811310211916531368e-03 -5.251903277663585445e-01 -1.560647194508801228e+01
-5.278824845662918319e-01 1.607057269562171820e-02 8.495192684690041629e-01 7.238793203515426455e+01 5.463166818997560945e-03 9.998646443429873854e-01 -1.552198853125196475e-02 -8.281434486315877308e-01 -8.496536735379343064e-01 -3.545090629699380620e-03 -5.278987671566087725e-01 -1.612965184664534490e+01
-5.291903079969720869e-01 6.888820522929296579e-03 8.484374423949033739e-01 7.322691980561248215e+01 5.617870782524471938e-03 9.999735629044916863e-01 -4.616240379426014666e-03 -8.645113419111469799e-01 -8.484468689754011139e-01 2.328613867341544283e-03 -5.292150590876648630e-01 -1.666535306273158668e+01
-5.316257642599631072e-01 3.251048245055205600e-03 8.471169199909073244e-01 7.407703201814398142e+01 5.440151785992158352e-03 9.999850424868683696e-01 -4.247900641870809200e-04 -8.911404000680973603e-01 -8.471056344285414763e-01 4.380374223749661407e-03 -5.316355691204600609e-01 -1.718158510178582787e+01
-5.316504959812379250e-01 9.380692820643516186e-03 8.468623866507293263e-01 7.489361031187658568e+01 5.598090214651469353e-03 9.999557583684289819e-01 -7.564579335743610959e-03 -9.155305981341721466e-01 -8.468957856661223360e-01 7.135903550307454201e-04 -5.316794837121118222e-01 -1.769881643856546205e+01
-5.330946737584910666e-01 1.527351765312764259e-02 8.461313183968132146e-01 7.571311777623991190e+01 6.412409356523883323e-03 9.998813100641054108e-01 -1.400961087717293198e-02 -9.478769286727948273e-01 -8.462449254308964663e-01 -2.045643088278076022e-03 -5.331292881496390024e-01 -1.821893738836695675e+01
-5.329726587041865304e-01 2.010998299432428457e-02 8.455718581594251493e-01 7.653130953122825986e+01 1.280820259965757130e-02 9.997947129452920967e-01 -1.569364293304820884e-02 -9.744241557605896054e-01 -8.457139972440543829e-01 2.451409297042878889e-03 -5.331208370665755369e-01 -1.874143278821500758e+01
-5.329008994763284601e-01 1.920642960008593289e-02 8.464661828895828632e-01 7.734250923423718405e+01 1.523846068018031540e-02 9.997980858323161080e-01 -1.310655231972598228e-02 -1.013250879491507606e+00 -8.465467071328394155e-01 5.923445910012907316e-03 -5.330859390072022475e-01 -1.927081697435918173e+01
-5.314776393116583675e-01 1.613239107010552495e-02 8.467699323607368322e-01 7.817939769713416354e+01 1.522863176390261072e-02 9.998389569305080604e-01 -9.484959037396933912e-03 -1.045408761236066741e+00 -8.467866177697712660e-01 7.850464139079350173e-03 -5.316377277216939312e-01 -1.979205962471215585e+01
-5.315066481825135858e-01 1.046388519149877086e-02 8.467442152996362825e-01 7.899842786930217642e+01 1.283153574767694621e-02 9.999084188933418105e-01 -4.299060637512269918e-03 -1.068039848054789243e+00 -8.467116371162130006e-01 8.579284914147335475e-03 -5.315922309159064607e-01 -2.028905053277841120e+01
-5.315447091826324133e-01 4.027298921594670705e-03 8.477133098448151882e-01 7.981960057504055328e+01 1.078737368948759663e-02 9.999398824502996330e-01 2.009648535121102541e-03 -1.090068646154670695e+00 -8.476540771378928696e-01 1.020829227359945114e-02 -5.315561291735813043e-01 -2.080465563059938106e+01
-5.317020097565369197e-01 -3.361352155669807950e-03 8.473673601650503207e-01 8.063519201046332796e+01 6.562837823599061531e-04 9.999902156560899202e-01 4.388268500671502377e-03 -1.112572771266763239e+00 -8.473738259690105634e-01 2.884365762403046356e-03 -5.316944349187179286e-01 -2.128020138603467615e+01
-5.293772197425975490e-01 -7.624632383005071345e-03 8.481320577787386794e-01 8.145789256772074793e+01 -6.546163088240485907e-03 9.999665751614420506e-01 4.895142420059317087e-03 -1.122053876009043050e+00 -8.481410782468140619e-01 -2.963248863580221579e-03 -5.294093646504118844e-01 -2.177658503654484434e+01
-5.265307347477593547e-01 -7.957459417174080063e-03 8.498635608291874588e-01 8.227857551502637534e+01 -4.212363917921708480e-03 9.999683931688575500e-01 6.748957289310327304e-03 -1.139559068398694253e+00 -8.498901818122169827e-01 -2.261075512621571267e-05 -5.265476022878279316e-01 -2.227256227970760705e+01
-5.250470044910157119e-01 -4.208628707901953918e-03 8.517434778451243860e-01 8.308417619223121164e+01 9.087243031535262305e-04 9.999844075568340429e-01 5.509803390956545532e-03 -1.162859831099877450e+00 -8.517534325071108858e-01 3.659799329373473412e-03 -5.250348089763102744e-01 -2.276618813015671350e+01
-5.183724242129686965e-01 -4.193070238240388268e-04 8.549270258601506800e-01 8.391004662297892480e+01 2.678539872610383003e-03 9.999942159575455625e-01 2.108989296191482714e-03 -1.170741337370928337e+00 -8.549230285471079993e-01 3.378055790436980226e-03 -5.183682340625395124e-01 -2.327082175469834624e+01
-5.092427920424201782e-01 7.463214365455947972e-04 8.599335394174787428e-01 8.471878861731845234e+01 6.867222110769765839e-03 9.999713675498973497e-01 3.200965570838615153e-03 -1.183731714709015170e+00 -8.599063263118786882e-01 7.541120147285283910e-03 -5.092332547105106189e-01 -2.374850950220688972e+01
-5.039057247610848611e-01 4.164339787431311536e-03 8.638597756078999490e-01 8.553277689780036042e+01 1.570181411783840367e-02 9.998672337572681590e-01 4.338958638585074107e-03 -1.215665847499768359e+00 -8.637272568637793801e-01 1.574948571362969410e-02 -5.039041259357277536e-01 -2.422569190721760890e+01
-4.907199548106318532e-01 2.423676452982789341e-03 8.707341477959773535e-01 8.636645036085839422e+01 1.227163857561686111e-02 9.999160713615619089e-01 4.135215016073980066e-03 -1.231334057871211085e+00 -8.706512844809228824e-01 1.271948053873821378e-02 -4.907085438809471456e-01 -2.469276348109480068e+01
-4.827597643357061097e-01 7.877868808655311876e-05 8.755024935453924462e-01 8.719412390399172352e+01 9.822750666318597404e-03 9.999374486800485240e-01 5.323786679859979568e-03 -1.236450976717194505e+00 -8.754476466816720759e-01 1.117049337795372570e-02 -4.827304017916233536e-01 -2.512868758014691650e+01
-4.700022426161662992e-01 -3.890118941089581398e-03 8.827373162093219428e-01 8.803721088337887579e+01 9.497959800262608179e-03 9.999098936701981133e-01 9.470672902601303886e-03 -1.253324316946886174e+00 -8.826950521963559115e-01 1.283640398408261198e-02 -4.699229372612307998e-01 -2.557247367456742992e+01
-4.582681103725941285e-01 -5.640986931415115785e-03 8.884900282895337176e-01 8.888365365218783154e+01 9.415789845493613419e-03 9.998928173647845252e-01 1.120277303500251398e-02 -1.262025705194630865e+00 -8.884582477496164588e-01 1.350527902435037439e-02 -4.581658661451751269e-01 -2.599366186871931106e+01
-4.479253813414907359e-01 -5.320714107901010868e-03 8.938440692305831270e-01 8.971779949519671504e+01 9.874135991665325407e-03 9.998918149863714744e-01 1.089380480334948588e-02 -1.266017243554566907e+00 -8.938055492662403401e-01 1.370642964712149789e-02 -4.478243340259690508e-01 -2.640264752206173426e+01
-4.338040282960371474e-01 -3.078205839473143867e-03 9.007620439619201669e-01 9.058421154652121743e+01 1.461223842019149059e-02 9.998384694972883846e-01 1.045506894129285408e-02 -1.276921283842792354e+00 -9.006489644706016096e-01 1.770493464716170473e-02 -4.336888541860992041e-01 -2.682277609335011448e+01
