1.0 0.0 0.0 0.0 0.0 1.0 0.0 0.0 0.0 0.0 1.0 0.0
0.99974513 -0.02249728 -0.0019657442 -0.009399414 0.022494556 0.99974614 -0.0013963588 0.08911133 0.001996653 0.0013517867 0.9999971 0.015625
0.9990357 0.043908704 0.00017208961 0.32836914 -0.04390904 0.9990262 0.0043706605 0.040283203 1.9973966e-05 -0.0043740002 0.9999904 0.013671875
0.99793446 0.06420315 0.0022742886 0.40844727 -0.064215444 0.99791926 0.005821008 -0.016601562 -0.0018958023 -0.0059550526 0.99998045 -0.014770508
0.99509853 0.098782405 0.004762796 0.60632324 -0.098806635 0.9950942 0.0051501375 -0.06274414 -0.004230612 -0.0055955425 0.9999754 0.0
0.9910397 0.13330051 0.008543805 0.7886963 -0.13332433 0.9910707 0.00227869 -0.14746094 -0.008163849 -0.0033974072 0.9999609 -0.015625
0.9848879 0.17296976 0.008431624 0.9707031 -0.17296964 0.9849237 -0.00074874074 -0.18823242 -0.008433992 -0.0007211298 0.9999642 -0.003540039
0.97627765 0.21626927 0.009959301 1.1945801 -0.21627425 0.9763272 -0.00058712094 -0.2713623 -0.009850462 -0.0015809371 0.99995023 -0.013671875
0.9640573 0.26539922 0.012551205 1.4042969 -0.26541132 0.9641354 -0.00072151166 -0.350708 -0.012292408 -0.002635638 0.99992096 -0.0107421875
0.9499595 0.31172755 0.018501144 1.6507568 -0.31171277 0.9501371 -0.0037508437 -0.47216797 -0.018748546 -0.0022049213 0.99982184 -0.023803711
0.93290967 0.35938877 0.024326682 1.87146 -0.359146 0.9332174 -0.013851919 -0.59191895 -0.027679872 0.004188136 0.99960804 -0.014038086
0.9123075 0.4085656 0.028308325 2.08667 -0.4081649 0.9127286 -0.018986017 -0.7388916 -0.03359371 0.005764588 0.9994187 -0.011962891
0.88704234 0.4606817 0.031301968 2.347168 -0.46020523 0.8875826 -0.021451447 -0.9141846 -0.0376625 0.004622653 0.9992796 -0.01940918
0.8578119 0.5126018 0.036074765 2.5804443 -0.51209223 0.8585697 -0.022882488 -1.074707 -0.042702675 0.0011491282 0.9990869 -0.037597656
0.826505 0.56179774 0.03856678 2.8222656 -0.56111777 0.8274037 -0.027653543 -1.2867432 -0.04744046 0.0012184512 0.998873 -0.052734375
0.7906094 0.611028 0.038189355 3.0526123 -0.6100641 0.79152095 -0.034548294 -1.5026855 -0.051339205 0.004014667 0.9986733 -0.057373047
0.7527603 0.65715516 0.037704714 3.2756348 -0.6560455 0.75369257 -0.038400903 -1.7523193 -0.053655222 0.004166797 0.9985507 -0.07336426
0.7132794 0.6998513 0.03660701 3.494995 -0.6986012 0.7142046 -0.042050637 -2.0343018 -0.055573322 0.0044178795 0.9984448 -0.0892334
0.67067355 0.7409312 0.03632624 3.7236328 -0.7396052 0.67165 -0.044399105 -2.3146973 -0.05729665 0.0029154066 0.99835324 -0.10839844
0.6281923 0.7771168 0.038835037 3.9573975 -0.7758133 0.6293887 -0.045029856 -2.6488037 -0.05943397 -0.0018379986 0.9982307 -0.13623047
0.586118 0.8092541 0.040403645 4.182251 -0.807998 0.5874785 -0.0454597 -2.993042 -0.06052877 -0.006005984 0.99814826 -0.15588379
0.54695374 0.8362028 0.040383402 4.4055176 -0.8348944 0.54838705 -0.047407463 -3.36438 -0.06178505 -0.007780893 0.99805933 -0.18127441
0.5072049 0.8607937 0.04095876 4.596924 -0.8593639 0.5087663 -0.050512917 -3.758789 -0.06431777 -0.009587904 0.99788284 -0.20007324
0.46890736 0.8821741 0.042275105 4.8372803 -0.88087934 0.47060275 -0.049751252 -4.189209 -0.0638016 -0.01390405 0.9978668 -0.23156738
0.43370855 0.90004575 0.040592708 5.032959 -0.8987818 0.43535095 -0.049945794 -4.654785 -0.0626266 -0.014811821 0.99792755 -0.2598877
0.4010537 0.91527605 0.036204074 5.2368164 -0.9140746 0.40245757 -0.04880398 -5.1430664 -0.05923276 -0.013521759 0.99815226 -0.29101562
0.37068522 0.92810726 0.033256393 5.4229736 -0.9269574 0.37194577 -0.04800408 -5.654297 -0.056912303 -0.013030374 0.9982938 -0.32458496
0.34576222 0.93787426 0.029482381 5.613037 -0.9368116 0.3468205 -0.046121415 -6.20105 -0.05348973 -0.01167509 0.9985004 -0.35461426
0.3247297 0.94546896 0.0273767 5.8085938 -0.94444925 0.32569158 -0.04529182 -6.7785645 -0.051730487 -0.011159997 0.9985981 -0.39331055
0.31066367 0.95026916 0.025941256 5.996582 -0.9492031 0.3115755 -0.046157148 -7.373047 -0.05193934 -0.010286063 0.99859715 -0.42785645
0.2976235 0.9545108 0.024088247 6.182251 -0.9533836 0.29846436 -0.047224794 -7.9901123 -0.05224944 -0.008916481 0.9985937 -0.4539795
0.28832605 0.957262 0.025929965 6.38208 -0.9560222 0.28930122 -0.049795825 -8.631958 -0.055179488 -0.010426408 0.9984227 -0.49108887
0.27666828 0.9606206 0.02742973 6.5722656 -0.9593477 0.27775633 -0.05093324 -9.330566 -0.05652887 -0.012221695 0.9983256 -0.53222656
0.2672312 0.9632875 0.02877038 6.776123 -0.96186715 0.26844826 -0.053947706 -10.0251465 -0.05968319 -0.013250833 0.9981294 -0.56933594
0.25603202 0.96612704 0.029811598 6.9798584 -0.96461743 0.25735614 -0.05588422 -10.746216 -0.06167794 -0.014449529 0.997992 -0.60791016
0.24598798 0.9688172 0.030249976 7.161743 -0.967222 0.24738014 -0.057561994 -11.487915 -0.06327816 -0.015102011 0.9978828 -0.65283203
0.23408408 0.97184706 0.029472673 7.3533936 -0.9701686 0.23546799 -0.058967773 -12.242798 -0.06425245 -0.01478607 0.99782455 -0.6956787
0.22606911 0.97357893 0.03221389 7.5303955 -0.9717459 0.22770055 -0.06215708 -13.031982 -0.067846924 -0.017259147 0.9975461 -0.7401123
0.21323603 0.97641003 0.033485286 7.7109375 -0.9743508 0.21505117 -0.0660563 -13.816895 -0.07168169 -0.018529326 0.99725497 -0.79577637
0.20039172 0.9790692 0.03485848 7.8824463 -0.9767946 0.20240718 -0.06965119 -14.620117 -0.07525688 -0.020114414 0.9969609 -0.84313965
0.18743381 0.9815972 0.035213258 8.040649 -0.9791375 0.1895659 -0.07253138 -15.428223 -0.07786403 -0.020881772 0.9967448 -0.8878174
0.17338526 0.9842908 0.03473247 8.188721 -0.9818292 0.17552102 -0.07279861 -16.210693 -0.077755675 -0.02148681 0.9967409 -0.9412842
0.1592046 0.9866216 0.03546973 8.3203125 -0.98426825 0.16141422 -0.072018705 -17.062256 -0.07678777 -0.023450054 0.99677193 -0.99645996
0.14237921 0.98918784 0.034943603 8.437744 -0.98685825 0.1445874 -0.07204012 -17.877686 -0.076329015 -0.024208853 0.9967901 -1.0438232
0.12042476 0.9921121 0.036118083 8.555054 -0.99000365 0.12272449 -0.07017921 -18.712646 -0.07404744 -0.027313396 0.99687994 -1.0959473
0.09676035 0.99456435 0.03914981 8.638916 -0.9926909 0.09929348 -0.06899202 -19.545654 -0.07249678 -0.032177836 0.99684936 -1.1519775
0.065781124 0.9970013 0.0409253 8.702026 -0.99528503 0.0684926 -0.06877287 -20.381592 -0.0713655 -0.036236424 0.99679106 -1.2027588
0.03035659 0.998637 0.042304207 8.729858 -0.99705154 0.033235382 -0.06907197 -21.244263 -0.070377 -0.0400977 0.99671364 -1.2590332
-0.00204717 0.9991629 0.04087417 8.730469 -0.99768776 0.00073601026 -0.067970194 -22.090454 -0.06794528 -0.04091242 0.99685 -1.3035889
-0.036903124 0.9984925 0.040443614 8.709473 -0.9971636 -0.034142368 -0.066956766 -22.95874 -0.06548184 -0.042793397 0.99693614 -1.3474121
-0.07098507 0.9966244 0.041246668 8.650757 -0.9954321 -0.06813275 -0.06687639 -23.812012 -0.06384977 -0.04580119 0.9969085 -1.3858643
-0.1032611 0.9937655 0.04189484 8.578491 -0.9929066 -0.10049842 -0.0634488 -24.670532 -0.058836017 -0.048118826 0.997107 -1.435791
-0.13491295 0.9901864 0.038517546 8.453491 -0.98948413 -0.13251232 -0.059287563 -25.532104 -0.053614203 -0.046082243 0.99749863 -1.4693604
-0.16472039 0.98578316 0.032936167 8.308594 -0.9851474 -0.16279362 -0.054488357 -26.376831 -0.048351996 -0.041421834 0.99797106 -1.5058594
-0.19680105 0.98014456 0.02691808 8.133057 -0.9796504 -0.19540153 -0.047358774 -27.235107 -0.041146692 -0.03567362 0.9985157 -1.5318604
-0.22345841 0.9744645 0.020903923 7.9277344 -0.9740113 -0.22245216 -0.042041294 -28.060303 -0.036329616 -0.029778743 0.9988965 -1.5539551
-0.25127208 0.9677948 0.012856445 7.704712 -0.96733683 -0.25066397 -0.03683769 -28.891846 -0.03242648 -0.021686085 0.9992388 -1.5715332
-0.2785133 0.96033114 0.009214096 7.458496 -0.9600889 -0.27818298 -0.027098853 -29.718018 -0.023455936 -0.016389022 0.9995904 -1.5817871
-0.30218074 0.95329386 0.007773621 7.1966553 -0.95328313 -0.30208042 -0.011896003 -30.529663 -0.008999201 -0.011006173 0.9998991 -1.5812988
-0.32780588 0.9447469 0.0133875 6.9283447 -0.94479245 -0.32790068 0.005578395 -31.32129 0.009656213 -0.0108202845 0.9998949 -1.5780029
-0.35185778 0.935763 0.020445835 6.6363525 -0.93560076 -0.35225582 0.021006074 -32.125977 0.026864894 -0.01173296 0.9995703 -1.5688477
-0.37544942 0.926497 0.02065628 6.3170166 -0.9260146 -0.3759415 0.030829582 -32.901978 0.03634343 -0.007548455 0.999311 -1.5390625
-0.39986157 0.91648465 0.020289505 5.98999 -0.9158323 -0.40034923 0.034879234 -33.690186 0.04008682 -0.004639283 0.9991856 -1.4935303
-0.4227115 0.90624946 0.01831513 5.621338 -0.90559745 -0.4231041 0.034429453 -34.46631 0.038972564 -0.002054149 0.99923897 -1.4569092
-0.44049454 0.8972025 0.013289707 5.2489014 -0.89670247 -0.44069266 0.0299741 -35.225708 0.032751217 0.0013064286 0.9994622 -1.4151611
-0.4622081 0.88723177 0.004350595 4.866211 -0.88685006 -0.46214426 0.027486823 -35.983765 0.02639222 0.008817923 0.9996129 -1.3748779
-0.4726222 0.8813183 0.0017241519 4.460449 -0.880947 -0.47247812 0.028176202 -36.716064 0.02563927 0.011780506 0.9996017 -1.3292236
-0.4845264 0.87486595 0.0006049238 4.048584 -0.8743891 -0.48428488 0.032684367 -37.43152 0.028881278 0.01530997 0.99946547 -1.2977295
-0.49396655 0.86943156 0.00045273453 3.6448975 -0.8689136 -0.4936904 0.03425287 -38.15857 0.030010246 0.016527027 0.99941295 -1.2579346
-0.50289667 0.8639775 0.00814888 3.2423096 -0.8633605 -0.50285965 0.034195658 -38.870117 0.0336343 0.010173578 0.9993819 -1.2229004
-0.51469606 0.85704523 0.008945704 2.8443604 -0.8564981 -0.5146997 0.03184387 -39.560303 0.031902622 0.008728152 0.9994528 -1.192749
-0.5227884 0.8527107 0.007728763 2.4051514 -0.85212237 -0.52273196 0.033494342 -40.274414 0.0326143 0.010908698 0.99940896 -1.1568604
-0.5295215 0.84797215 0.0056290906 1.9763184 -0.847334 -0.52936023 0.035836928 -40.97754 0.033359118 0.014224591 0.99934167 -1.1147461
-0.53486365 0.8452597 0.0067337807 1.5253906 -0.8444646 -0.53467816 0.03984191 -41.688232 0.037270226 0.015603734 0.99918354 -1.0878906
-0.53346825 0.846264 0.008527446 1.0529785 -0.8453912 -0.5333329 0.04115724 -42.418823 0.039361257 0.014726463 0.9991167 -1.0527344
-0.52969354 0.8475945 0.0055297334 0.58654785 -0.8467345 -0.5294296 0.042043712 -43.164185 0.03856215 0.01760967 0.9991003 -1.0119629
-0.5243605 0.85161465 0.0068459827 0.15026855 -0.85081625 -0.5241893 0.03981345 -43.91565 0.037512243 0.015049908 0.9991834 -0.9781494
-0.5162632 0.85603076 0.008533289 -0.32470703 -0.8552466 -0.5161763 0.03878378 -44.700195 0.037610658 0.01274516 0.99921083 -0.9399414
-0.5095934 0.86082256 0.008952942 -0.7911377 -0.8600744 -0.5095432 0.037669145 -45.48877 0.037002508 0.011473453 0.99925005 -0.90026855
-0.5043129 0.86371624 0.011539966 -1.2493896 -0.8629706 -0.5043713 0.036893904 -46.288086 0.037711225 0.008641014 0.9992521 -0.86364746
-0.4976077 0.8668141 0.01486193 -1.7095947 -0.8661272 -0.4978094 0.034792334 -47.12329 0.037557106 0.004449279 0.9992841 -0.8204346
-0.4975134 0.86731315 0.018570174 -2.175293 -0.86673737 -0.49786007 0.031598926 -47.966553 0.036667313 -0.0003745756 0.9993277 -0.7871094
-0.4946696 0.86872035 0.020776954 -2.6539307 -0.8682221 -0.49509385 0.029617596 -48.83667 0.036007773 -0.0033897609 0.9993455 -0.7406006
-0.49604324 0.86800957 0.021708 -3.142212 -0.8675664 -0.49649408 0.028157782 -49.718872 0.035216644 -0.0048670694 0.99936783 -0.7036133
-0.4974345 0.86720324 0.021164788 -3.6295166 -0.8667891 -0.49786174 0.027225923 -50.589844 0.03416427 -0.004808085 0.9994049 -0.6604004
-0.49602196 0.8676891 0.021134693 -4.151001 -0.8673206 -0.4964412 0.02586841 -51.48584 0.032935034 -0.0054838345 0.999442 -0.6209717
-0.49602625 0.8677101 0.020191602 -4.645996 -0.8673413 -0.49641418 0.025738625 -52.40088 0.032364167 -0.0047373073 0.99946463 -0.5756836
-0.49741757 0.8673968 0.020654963 -5.1621094 -0.86704296 -0.4978181 0.025332697 -53.315796 0.032259714 -0.0053078197 0.9994656 -0.53234863
-0.4959969 0.86797816 0.021973843 -5.6749268 -0.86768776 -0.49642885 0.023624709 -54.25305 0.031411536 -0.0073518604 0.9994795 -0.48876953
-0.49599242 0.8676839 0.022170894 -6.1795654 -0.86740863 -0.49642694 0.023173418 -55.15271 0.031107018 -0.0077207275 0.9994858 -0.44641113
-0.49458042 0.868598 0.023275396 -6.6708984 -0.86837405 -0.49503803 0.02184672 -56.064697 0.030488726 -0.009400457 0.9994906 -0.39978027
-0.4945765 0.8691056 0.022919135 -7.1966553 -0.86890405 -0.4950156 0.021012433 -56.97998 0.02959024 -0.009534084 0.9995167 -0.35217285
-0.49214888 0.86986446 0.02057858 -7.662964 -0.8697395 -0.492491 0.01743583 -57.876343 0.025329495 -0.009319963 0.9996358 -0.30810547
-0.48935288 0.8723381 0.01899587 -8.193237 -0.87223226 -0.48964465 0.016127737 -58.80237 0.02335365 -0.008687442 0.99968964 -0.27197266
-0.48554438 0.8739401 0.019519009 -8.696899 -0.8738291 -0.48585308 0.016591415 -59.728516 0.023983683 -0.009005012 0.99967194 -0.22399902
-0.48415184 0.8746427 0.018497612 -9.210693 -0.87451565 -0.48443905 0.016908983 -60.637817 0.023745138 -0.007982125 0.99968606 -0.18981934
-0.4827532 0.87570006 0.019023834 -9.68811 -0.8755839 -0.4830511 0.016663618 -61.547485 0.02377242 -0.008615181 0.9996804 -0.14831543
-0.48415306 0.87499696 0.020290028 -10.187256 -0.8748523 -0.48449612 0.018245198 -62.44055 0.02579403 -0.008926732 0.9996277 -0.11279297
-0.48554945 0.87425095 0.022888955 -10.698853 -0.8740886 -0.48597792 0.019806132 -63.359863 0.028434817 -0.010406705 0.99954194 -0.06506348
-0.48935628 0.8723237 0.024742024 -11.183838 -0.87216455 -0.4898436 0.020327555 -64.24988 0.029835537 -0.011638898 0.9994874 -0.018798828
-0.49456203 0.8687025 0.023804309 -11.695435 -0.86858666 -0.49499813 0.018326627 -65.16333 0.027692882 -0.011610838 0.9995489 0.018798828
-0.49875623 0.8664694 0.019023316 -12.196411 -0.86637497 -0.49904242 0.015498531 -66.04248 0.022937875 -0.008758402 0.99969864 0.067993164
-0.50639343 0.8626885 0.021685855 -12.69043 -0.8626778 -0.5067117 0.012914445 -66.92847 0.022112893 -0.012178059 0.9996815 0.11047363
-0.50779486 0.86137813 0.021813886 -13.199951 -0.86133355 -0.50813395 0.014430808 -67.81616 0.023509068 -0.011460555 0.99965787 0.14660645
-0.5130291 0.8586379 0.0232056 -13.695923 -0.8585403 -0.51343286 0.01710011 -68.66675 0.026579374 -0.01116886 0.9995846 0.18103027
-0.5182609 0.85464585 0.025501242 -14.184937 -0.854585 -0.5187204 0.016638499 -69.52515 0.027431663 -0.013151439 0.9995365 0.22583008
-0.52106476 0.8530778 0.027093574 -14.734497 -0.8530142 -0.5215806 0.017460652 -70.39636 0.029033586 -0.014014149 0.9994802 0.26965332
-0.52490366 0.850777 0.026586551 -15.219238 -0.850749 -0.5253818 0.015862003 -71.232666 0.02744166 -0.0142837735 0.99952096 0.30664062
-0.5277105 0.849535 0.020317214 -15.743286 -0.84957457 -0.5279568 0.0092688035 -72.0863 0.018593049 -0.012373742 0.9997507 0.3446045
-0.5291358 0.84837675 0.014426889 -16.280273 -0.8484645 -0.52919185 7.946137e-05 -72.92566 0.0077061364 -0.012202658 0.9998959 0.38134766
-0.5315968 0.8470509 0.012373657 -16.797241 -0.847134 -0.5315965 -0.003582756 -73.77576 0.0035409667 -0.012383673 0.999917 0.4058838
-0.5315705 0.8468124 0.01604966 -17.315552 -0.84689724 -0.53167176 0.0025384817 -74.59119 0.010682815 -0.012237448 0.99986804 0.42468262
-0.53296036 0.84614444 0.018823074 -17.836304 -0.84618 -0.53316987 0.008410326 -75.40979 0.017143859 -0.011441885 0.99978757 0.45166016
-0.53296995 0.8456913 0.014330721 -18.360474 -0.84560263 -0.5331384 0.013252214 -76.22705 0.018843975 -0.0050451206 0.99980956 0.4744873
-0.5329744 0.8465678 0.010864008 -18.891357 -0.84648186 -0.5330789 0.012361063 -77.03735 0.016254291 -0.0026153736 0.9998646 0.5111084
-0.5315624 0.8468233 0.008924389 -19.41455 -0.8467763 -0.5316309 0.009303683 -77.87366 0.01262131 -0.0026089884 0.99991685 0.5411377
-0.5315554 0.84673864 0.008184738 -19.912964 -0.84674567 -0.53159493 0.003635915 -78.69238 0.0074314503 -0.0049964883 0.9999599 0.5621338
-0.5315709 0.8476809 0.006551615 -20.430054 -0.8477057 -0.5315648 -0.0027916424 -79.51294 0.0011113235 -0.007035417 0.9999747 0.5830078
-0.53167725 0.84727615 0.013859795 -20.906372 -0.8473885 -0.53158104 -0.010196254 -80.32849 -0.0012826216 -0.01716032 0.99985206 0.6027832
-0.5293578 0.84794986 0.019689906 -21.404541 -0.8481765 -0.529164 -0.014445415 -81.15039 -0.0018244246 -0.024346706 0.9997018 0.6090088
-0.52652717 0.8497378 0.016744621 -21.903076 -0.849895 -0.5263339 -0.014739025 -81.96973 -0.0037061344 -0.02199833 0.99975115 0.6237793
-0.5250302 0.85166377 0.013074972 -22.398804 -0.8517605 -0.5249217 -0.010960138 -82.77368 -0.0024820492 -0.01688062 0.9998545 0.6434326
-0.51834 0.85484266 0.01334606 -22.907104 -0.8549464 -0.51829225 -0.0070972983 -83.59729 0.0008532028 -0.015084213 0.9998858 0.6468506
-0.50923944 0.8598868 0.0091665145 -23.389526 -0.8599358 -0.50920635 -0.0058184434 -84.40344 -0.0003303378 -0.010852827 0.9999411 0.65686035
-0.50397116 0.86383116 0.0009611852 -23.870361 -0.86383027 -0.50396824 -0.002317277 -85.21521 -0.0015181347 -0.0019985582 0.9999968 0.685791
-0.49075514 0.8707089 0.0039580837 -24.343018 -0.8707165 -0.49074173 -0.0039126994 -86.0459 -0.0014615548 -0.0053676376 0.99998444 0.6977539
-0.482775 0.8754771 0.0054895696 -24.782959 -0.87548983 -0.4827435 -0.006165268 -86.87134 -0.002744736 -0.0077811014 0.9999658 0.6994629
-0.47000578 0.8827361 0.0037917397 -25.232544 -0.882716 -0.46995234 -0.009981176 -87.71155 -0.0070334864 -0.008042242 0.99994284 0.7138672
-0.45826477 0.88850445 0.003089826 -25.65918 -0.8884652 -0.45820427 -0.011598868 -88.55542 -0.0088883005 -0.008063939 0.9999279 0.7191162
-0.44792297 0.8938566 0.0028653212 -26.07312 -0.89381886 -0.44786847 -0.01116029 -89.38696 -0.00868862 -0.007557599 0.99993354 0.71899414
-0.43381122 0.9007632 -0.0011653416 -26.499756 -0.90072477 -0.43380415 -0.008752076 -90.25012 -0.008388492 -0.002751285 0.99996096 0.72558594
-0.4211617 0.9067049 0.0025603273 -26.886353 -0.9066999 -0.42114383 -0.0055302386 -91.09534 -0.0039347103 -0.004653882 0.9999813 0.7286377
-0.4115904 0.9112434 0.0019438101 -27.26001 -0.9112272 -0.41159487 0.0054410356 -91.93237 0.005758672 0.0004692198 0.9999833 0.74035645
-0.39902365 0.9169579 0.0048814868 -27.6344 -0.9169065 -0.39905295 0.009729302 -92.78003 0.010870047 -0.00059213827 0.99994075 0.7507324
-0.38716745 0.92174774 0.0039203153 -27.981201 -0.92172253 -0.38718617 0.0068712197 -93.63269 0.007853944 -0.00095294253 0.9999687 0.76171875
-0.37466478 0.92701817 0.0030506044 -28.337158 -0.9270134 -0.37467396 0.0033398832 -94.49902 0.0042396304 -0.0015761943 0.99998975 0.7816162
-0.36589846 0.9306408 0.0052607497 -28.668457 -0.9306347 -0.36592236 0.0046562697 -95.356445 0.006260224 -0.0031940974 0.9999754 0.7955322
-0.35783577 0.93368524 0.012769823 -28.977173 -0.9336834 -0.3579571 0.008930036 -96.22107 0.012908058 -0.008729286 0.9998786 0.8145752
-0.35252696 0.9354999 0.021897849 -29.29419 -0.93554145 -0.35285097 0.013173448 -97.08789 0.020060945 -0.015847705 0.99967325 0.8331299
-0.34748384 0.9372987 0.02527267 -29.605713 -0.93734586 -0.3479228 0.015633073 -97.964355 0.023437064 -0.018244762 0.9995585 0.861084
-0.34612107 0.9379354 0.026196664 -29.909424 -0.93802947 -0.34655735 0.01438703 -98.84778 0.022553766 -0.019584747 0.99955356 0.9030762
-0.34015325 0.93994 0.028789543 -30.21997 -0.940084 -0.34065568 0.014699519 -99.72937 0.023624714 -0.02206518 0.9994773 0.93640137
-0.33420846 0.9419838 0.028914627 -30.523682 -0.9422048 -0.33463916 0.0114755 -100.60681 0.020498613 -0.023413312 0.9995158 0.95910645
-0.3292003 0.9439568 0.0263301 -30.823242 -0.94418365 -0.32950377 0.008047835 -101.47009 0.016261773 -0.022211075 0.99962103 0.98254395
-0.32328424 0.94588494 0.026315438 -31.121094 -0.94615823 -0.32351705 0.0050056046 -102.36157 0.013258339 -0.023284208 0.99964094 1.0185547
-0.31671873 0.9479318 0.031145655 -31.402222 -0.94833875 -0.31700087 0.004449046 -103.23169 0.014097565 -0.028135665 0.9995048 1.0379639
-0.31020823 0.9497265 0.039863095 -31.664917 -0.95041275 -0.31063104 0.004735237 -104.08057 0.016881183 -0.036422722 0.99919385 1.0611572
-0.3029045 0.9521831 0.040133208 -31.939209 -0.95282125 -0.30344853 0.008093927 -104.96106 0.019888492 -0.035797615 0.9991613 1.0930176
-0.29560134 0.954623 0.037315756 -32.20984 -0.9551089 -0.29618192 0.010998046 -105.82239 0.021553813 -0.032381963 0.99924296 1.1282959
-0.28838778 0.9566899 0.0384146 -32.475708 -0.9572247 -0.288975 0.010608179 -106.71069 0.021245414 -0.03371072 0.99920577 1.1539307
-0.28124452 0.959007 0.037582576 -32.727783 -0.959622 -0.28161442 0.0048352177 -107.576294 0.015205415 -0.034684014 0.99928236 1.182373
-0.2754556 0.9607296 0.038496185 -32.96289 -0.96142167 -0.27572477 0.0017650817 -108.46765 0.012300145 -0.036515616 0.9992574 1.2231445
-0.26732776 0.9627398 0.04002494 -33.20227 -0.96343476 -0.26775956 0.005751292 -109.32654 0.016255092 -0.037046812 0.99918187 1.2366943
-0.26236117 0.96411026 0.040517405 -33.43286 -0.96476984 -0.26291266 0.008848485 -110.20618 0.019173428 -0.036751807 0.9991401 1.2593994
-0.25430226 0.9663206 0.039761215 -33.651 -0.9669513 -0.25484705 0.009207413 -111.079956 0.019034412 -0.036111232 0.99916667 1.2817383
-0.24786007 0.9679968 0.040566646 -33.866577 -0.96868014 -0.24837507 0.008115194 -111.96594 0.01791709 -0.037273567 0.9991444 1.3054199
-0.23915136 0.970216 0.03781184 -34.085693 -0.9707976 -0.23962773 0.008543437 -112.847534 0.01735464 -0.034670535 0.9992482 1.3356934
-0.23200656 0.9723187 0.033105746 -34.294556 -0.9727517 -0.23239875 0.008487478 -113.72217 0.015935317 -0.030232051 0.99941593 1.3701172
-0.22403194 0.9739646 0.03198301 -34.52063 -0.9743646 -0.22440861 0.008669048 -114.62561 0.015630897 -0.029230079 0.99945056 1.3986816
-0.21700478 0.9755052 0.03681933 -34.703613 -0.9760548 -0.21746778 0.009031836 -115.517456 0.016806675 -0.03397577 0.99928135 1.4139404
-0.20985354 0.9768544 0.04197601 -34.897217 -0.9776463 -0.21027817 0.0059277304 -116.41992 0.014599831 -0.039788943 0.9991015 1.4499512
-0.20626904 0.97791463 0.037617296 -35.079712 -0.978534 -0.20665452 0.0066267615 -117.326294 0.014244446 -0.0354275 0.99927056 1.4724121
-0.20053998 0.97910714 0.035707418 -35.26355 -0.9796584 -0.20090628 0.006951847 -118.20801 0.013976803 -0.03358552 0.99933815 1.498169
-0.19550608 0.98001695 0.03619181 -35.454834 -0.9805784 -0.19589569 0.0075148013 -119.11218 0.014457019 -0.034020767 0.9993166 1.5270996
-0.18910573 0.98162955 0.029174754 -35.659424 -0.98198724 -0.18937632 0.00679753 -119.992676 0.0121796755 -0.02736434 0.9995514 1.5388184
-0.18470715 0.9825278 0.021165024 -35.83557 -0.9827127 -0.18485783 0.005374378 -120.907104 0.009197894 -0.019810127 0.9997614 1.567749
-0.17968819 0.9835541 0.016256966 -36.005615 -0.9836663 -0.17977045 0.0037293723 -121.80017 0.006596332 -0.01532176 0.9998608 1.5821533
-0.17555627 0.9843611 0.01995255 -36.15161 -0.9845235 -0.17569552 0.005442992 -122.6991 0.008860655 -0.0186897 0.9997861 1.5998535
-0.1705526 0.98519915 0.020473538 -36.30371 -0.98533577 -0.1707605 0.008867329 -123.58142 0.012227358 -0.018657383 0.9997511 1.6083984
-0.16840647 0.9853964 0.02234326 -36.450073 -0.9855841 -0.1686134 0.007704329 -124.459595 0.011370728 -0.020727077 0.99972045 1.630249
-0.16776097 0.98555416 0.022462226 -36.59131 -0.98575896 -0.1679405 0.006352526 -125.351074 0.010027472 -0.021077797 0.99972755 1.644165
-0.16843888 0.9855033 0.019707475 -36.73694 -0.98568976 -0.1684966 0.001290861 -126.237305 0.0045975875 -0.01921165 0.99980474 1.6658936
-0.1671692 0.98579586 0.018808233 -36.883423 -0.98597515 -0.16713166 -0.0035606949 -127.112915 -0.00037102628 -0.019135933 0.99981695 1.6831055
-0.16635703 0.9858586 0.01948123 -37.020874 -0.98604745 -0.16627087 -0.005966534 -127.99695 -0.0026449452 -0.020212734 0.99979246 1.6922607
-0.16500449 0.98607486 0.021649381 -37.167114 -0.9863079 -0.16502954 -0.00063586654 -128.86096 0.002938711 -0.02145807 0.9997656 1.6967773
-0.16430724 0.98623383 0.020495433 -37.307617 -0.9864283 -0.16439545 0.0026863038 -129.72913 0.0060145264 -0.019768754 0.9997865 1.7154541
-0.16432416 0.98620504 0.02191291 -37.447998 -0.98643243 -0.16440713 0.0020266185 -130.5918 0.005601778 -0.021273235 0.99975795 1.7200928
-0.16434492 0.9861349 0.023219582 -37.584473 -0.98639596 -0.16441439 0.0011044231 -131.45898 0.0049067307 -0.022718374 0.9997299 1.7333984
-0.16282879 0.9864114 0.020229742 -37.730713 -0.98661363 -0.16286097 -5.753711e-05 -132.31409 0.0032406515 -0.019974085 0.9997953 1.7531738
-0.16215385 0.9865294 0.020628126 -37.862793 -0.9867282 -0.16223764 0.0024427965 -133.17896 0.005759836 -0.019954178 0.99978435 1.7731934
-0.16071308 0.98647696 0.029752335 -37.997437 -0.9868827 -0.16091429 0.004475374 -134.02234 0.009213514 -0.028638648 0.99954724 1.7791748
-0.1607542 0.98624796 0.03595555 -38.12024 -0.9868266 -0.1610887 0.0065747253 -134.89514 0.012290459 -0.034415204 0.9993316 1.8016357
-0.16069342 0.9864203 0.035179883 -38.24951 -0.9869128 -0.16115831 0.010789991 -135.73706 0.016306963 -0.03299385 0.9993228 1.8223877
-0.16068208 0.98640233 0.033432133 -38.390015 -0.98684543 -0.16110516 0.010356247 -136.62012 0.015598841 -0.031338785 0.99938726 1.8566895
-0.16000532 0.9866237 0.033780552 -38.50598 -0.98703396 -0.16051506 0.012951698 -137.41931 0.0181881 -0.031271834 0.99934554 1.8682861
-0.15716755 0.98725283 0.026227918 -38.661377 -0.98749536 -0.1574838 0.010453001 -138.2826 0.014444805 -0.024261834 0.9996013 1.8991699
-0.15499437 0.98777133 0.019135147 -38.78589 -0.98789275 -0.1551752 0.008357201 -139.12805 0.011217968 -0.017610537 0.999782 1.9177246
-0.15219605 0.98823243 0.013569158 -38.92334 -0.98831284 -0.15224934 0.0029736138 -139.96289 0.00500847 -0.012960248 0.99990344 1.9477539
-0.14872979 0.98886716 0.009793434 -39.04016 -0.9889021 -0.14877222 0.003756131 -140.79321 0.005166452 -0.009126594 0.99994504 1.9530029
-0.14229919 0.9896777 0.009675581 -39.161987 -0.9896778 -0.14238095 0.008370961 -141.61145 0.009665658 -0.008379903 0.9999181 1.9718018
-0.13672636 0.9904951 0.009997867 -39.268066 -0.9904796 -0.13682687 0.010156897 -142.43542 0.011433859 -0.008513193 0.9998984 1.9916992
-0.12840496 0.9917798 0.0045418832 -39.38562 -0.991713 -0.12845075 0.011888033 -143.29272 0.012372945 -0.0029815342 0.99991906 1.9855957
-0.1192516 0.9928594 0.0035094167 -39.483887 -0.9928452 -0.11927106 0.0059856456 -144.10095 0.0063622035 -0.0027707233 0.9999759 2.0179443
-0.10741854 0.9941535 -0.006794961 -39.56494 -0.9941722 -0.10739506 0.0037269075 -144.86743 0.0029763225 0.0071568303 0.99996996 2.0546875
-0.09434162 0.99550587 -0.0069033913 -39.642456 -0.99552095 -0.094309576 0.0048440155 -145.69238 0.004170615 0.007328123 0.9999644 2.076416
-0.079895355 0.99679744 -0.0066230567 -39.69641 -0.99679524 -0.07984543 0.007495313 -146.4375 0.006942021 0.007199879 0.99995 2.0932617
-0.06745457 0.9976686 -0.010703205 -39.750977 -0.99770606 -0.06738152 0.0070450716 -147.18872 0.0063078688 0.011155661 0.99991786 2.0982666
-0.05384693 0.9984448 -0.0140585825 -39.792847 -0.9985063 -0.053717863 0.009401714 -147.96948 0.008633961 0.0145467175 0.9998569 2.1121826
-0.03900467 0.9992075 -0.008329965 -39.81909 -0.999131 -0.038874526 0.015250919 -148.7649 0.01491287 0.0089167245 0.99984896 2.133789
-0.02685201 0.99963117 -0.0054457057 -39.82361 -0.99934137 -0.026708959 0.02483686 -149.51538 0.024681615 0.0061034057 0.9996769 2.1555176
-0.014010787 0.99989194 0.00495465 -39.805054 -0.9993745 -0.014164567 0.032479562 -150.24597 0.032549955 -0.0045023286 0.9994601 2.192627
