7.776212216906557284e-01 -6.283693403546641854e-01 2.138241517172854295e-02 -6.595605744445279583e+01 6.274052155628915273e-01 7.777391725587486926e-01 3.852888464664352280e-02 2.571326983901063912e+01 -4.084031171298010965e-02 -1.654543954922768623e-02 9.990286869601442410e-01 -8.949628258947832649e-01 -4.809208017785018303e-24 -1.416202385148814181e-23 -3.430527606006730092e-24 9.999999999999997780e-01
7.495437986236120897e-01 -6.613720912752386605e-01 2.776780198544961595e-02 -6.556348293686792772e+01 6.606224330569977488e-01 7.500368683110141266e-01 3.197963595882022392e-02 2.609439035483299207e+01 -4.197731395335269761e-02 -5.626104906901742767e-03 9.991027234758390607e-01 -9.077349498596646304e-01 -4.809208017785018303e-24 -1.416202385148814181e-23 -3.430527606006730092e-24 9.999999999999997780e-01
7.210572195299033149e-01 -6.927809790354121366e-01 1.144557777227554925e-02 -6.520669536792654242e+01 6.924326836067096202e-01 7.210885511116881252e-01 2.383862682403838779e-02 2.648556767455973926e+01 -2.476822232246337838e-02 -9.263721842866069409e-03 9.996502981646155916e-01 -9.167584952627068073e-01 1.339558060489781436e-19 1.362867831140718771e-18 2.547137725936173326e-20 9.999999999999998890e-01
6.909496016418246178e-01 -7.227623757238453850e-01 -1.425469147433052267e-02 -6.487268131327141418e+01 7.228989642896861412e-01 6.908767931719770328e-01 1.031232686172704922e-02 2.689930921091660920e+01 2.394873671618819207e-03 -1.742999984017319301e-02 9.998452178640807597e-01 -9.191593152836248226e-01 1.003817203230829233e-19 4.894691313276449005e-18 1.302490424526690435e-19 9.999999999999998890e-01
6.561790042500437181e-01 -7.540025106856804715e-01 -3.015507023890605376e-02 -6.453255028063034615e+01 7.540513077823357557e-01 6.567044753822580683e-01 -1.207713727090765389e-02 2.731689128897613728e+01 2.890916140551605742e-02 -1.481370624130014767e-02 9.994722679965809542e-01 -9.636615597019999591e-01 4.048634006454072753e-19 1.063883907539227814e-17 2.410241956898012361e-19 9.999999999999998890e-01
6.186372489192722979e-01 -7.850792552673887537e-01 -3.063522806180479091e-02 -6.418724993456672223e+01 7.842501182772966262e-01 6.193930261836593232e-01 -3.611137074512027478e-02 2.776023287010678331e+01 4.732553466829158423e-02 -1.685842178457492820e-03 9.988780965185451999e-01 -1.003133044725352363e+00 7.393906620117473926e-19 1.680595104352115629e-17 2.836264539121986747e-19 9.999999999999998890e-01
5.860543094154151422e-01 -8.099622547841810460e-01 -2.239402242897492804e-02 -6.386506102608709057e+01 8.089656766742502336e-01 5.864547314412121848e-01 -4.056330771995074469e-02 2.825660014142237131e+01 4.598782859182908717e-02 5.656305785706378791e-03 9.989259861602703960e-01 -9.829596183969843137e-01 1.268162040940095437e-18 2.310705864477961607e-17 2.181283905608598410e-19 9.999999999999998890e-01
5.573309439771064744e-01 -8.301391942152094305e-01 -1.584730618480705358e-02 -6.356475520129892942e+01 8.297811727017035954e-01 5.575560290101159167e-01 -2.438195940135454848e-02 2.875992316159081241e+01 2.907618123773726346e-02 4.390241389759256467e-04 9.995771020498798176e-01 -9.465139753278354329e-01 2.249448916081498161e-18 2.773046795605989206e-17 9.990778622002871732e-20 9.999999999999997780e-01
5.285927231513747326e-01 -8.488388294989087646e-01 -7.897757045074640242e-03 -6.328414947369504517e+01 8.487979701320571557e-01 5.286473237247348855e-01 -8.603081910890063300e-03 2.928022675160845267e+01 1.147775810463051195e-02 -2.156073653684118224e-03 9.999318038822900823e-01 -8.847043804739677109e-01 2.317878684017672250e-18 3.517928971975136170e-17 1.688878409931034690e-20 9.999999999999997780e-01
4.988048382205117481e-01 -8.666916300603207945e-01 -6.273097416901743210e-03 -6.301309169491987205e+01 8.666762741423851280e-01 4.988376974318792789e-01 -5.760855797730820259e-03 2.979593439804648369e+01 8.122142973091382376e-03 -2.563201952414187641e-03 9.999637297368709765e-01 -8.774651769210867203e-01 1.164880360024200065e-18 4.026947347609120638e-17 -4.586269200982528288e-20 9.999999999999996669e-01
4.713071923459141166e-01 -8.819587411500987573e-01 -4.278942854976278999e-03 -6.274914299002146834e+01 8.818386629458446757e-01 4.713153752741245373e-01 -1.491273161029185550e-02 3.031663444950557462e+01 1.516914555559233276e-02 3.255140419400307135e-03 9.998796432991123861e-01 -8.695082602117638615e-01 9.943590879534827797e-19 4.379300137608236361e-17 -1.144821500772473568e-19 9.999999999999993339e-01
4.457867099357719076e-01 -8.951238900025545453e-01 -5.237441297834093124e-03 -6.250197848698071112e+01 8.948753577521330049e-01 4.457897322766856685e-01 -2.167045649389814227e-02 3.085817687066243664e+01 2.173254086892586340e-02 4.973544348115313367e-03 9.997514493732900798e-01 -8.672530760288528207e-01 1.083435681693712718e-18 4.850617736288513652e-17 -2.075771509652396505e-19 9.999999999999991118e-01
4.226351320702023129e-01 -9.062818156420103799e-01 -5.728505620070346686e-03 -6.226234274271597258e+01 9.060405844668564246e-01 4.226569546098445929e-01 -2.124989456129357593e-02 3.141036454373244524e+01 2.167958576505509688e-02 3.790693414259116954e-03 9.997577837678938151e-01 -8.627181369383769560e-01 2.149111833569718755e-18 4.998623556557427560e-17 -3.208308816870405776e-19 9.999999999999990008e-01
4.031406879053034964e-01 -9.151236999746571454e-01 -5.118544710151527038e-03 -6.203109298364007174e+01 9.150179814968908421e-01 4.031720926914141856e-01 -1.394120554883213590e-02 3.198674887164610325e+01 1.482158198628138503e-02 9.367067462999942827e-04 9.998897155626168542e-01 -8.576719129060014213e-01 3.291366592190332006e-18 5.205087917494513172e-17 -4.175779791477376099e-19 9.999999999999987788e-01
3.859189169315119794e-01 -9.225295943092785000e-01 -2.395240694876947952e-03 -6.180296120949571304e+01 9.225146267729276151e-01 3.859263078266476077e-01 -5.258166721289857584e-03 3.257464467738287084e+01 5.775200809932808620e-03 -1.804185695413032856e-04 9.999833071130429518e-01 -8.528389531436867399e-01 4.748769417960978015e-18 5.482554546984202642e-17 -5.141471354036609682e-19 9.999999999999986677e-01
3.696245765884165202e-01 -9.291802844020869978e-01 1.292849686728985955e-03 -6.157879399845883484e+01 9.291794629410025097e-01 3.696262121022604874e-01 1.410310453126689071e-03 3.315989461924691284e+01 -1.788303800453917326e-03 6.800039734820258804e-04 9.999981697803775882e-01 -8.483493735001226277e-01 5.116694479496837433e-18 5.857566857899450288e-17 -5.999058217386031614e-19 9.999999999999985567e-01
3.554748682946921590e-01 -9.346844414087076558e-01 1.616477462845489210e-03 -6.136604457386503952e+01 9.346789345093132750e-01 3.554783582268404296e-01 3.228965291425254461e-03 3.375923500488188722e+01 -3.592686374346063579e-03 3.630714209318740672e-04 9.999934803706211905e-01 -8.511563671644519768e-01 5.521168721197054182e-18 6.142456911686433537e-17 -6.823636286414115652e-19 9.999999999999980016e-01
3.426068025043653709e-01 -9.394788756948875275e-01 1.449166346915077444e-04 -6.116211645349002168e+01 9.394762244233377801e-01 3.426061947275155228e-01 2.327891228018890996e-03 3.435566460115466469e+01 -2.236653970402696472e-03 -6.614056373950482010e-04 9.999972799570938653e-01 -8.556080857799100992e-01 5.614246043725754577e-18 6.734295924730978253e-17 -7.627843968187994982e-19 9.999999999999976685e-01
3.303585365809650898e-01 -9.438453969013388400e-01 -4.370818717880268524e-03 -6.096286901809781256e+01 9.438554817321255230e-01 3.303537128541745305e-01 1.803886815885350587e-03 3.497304521950083256e+01 -2.586740760392070189e-04 -4.721350615184300228e-03 9.999888209055516342e-01 -8.579173119772854905e-01 5.276539710360383401e-18 7.169069324481568086e-17 -8.384869240172695702e-19 9.999999999999970024e-01
3.199401280174494211e-01 -9.474074844378660432e-01 -7.574491093225233125e-03 -6.076712505612199777e+01 9.474377091377099713e-01 3.199325773209851786e-01 2.221097162038571798e-03 3.560132642167499029e+01 3.190423823723310764e-04 -7.886976599613494676e-03 9.999688464207560079e-01 -8.648695383323927732e-01 4.579077841742827150e-18 7.704168453424871467e-17 -8.904987962152526528e-19 9.999999999999963363e-01
3.117192423505329990e-01 -9.501275851662336347e-01 -9.417316742146852881e-03 -6.057347794563717969e+01 9.501740622011647375e-01 3.117101745436050564e-01 2.453284755791726533e-03 3.623018500911508255e+01 6.045399246823523554e-04 -9.712826169268932996e-03 9.999526466484625065e-01 -8.682834847238759535e-01 4.201741486108199818e-18 8.029679355401510449e-17 -9.536394170886575862e-19 9.999999999999956701e-01
3.058649719285619906e-01 -9.520093573642314233e-01 -1.117150115769383230e-02 -6.037653374165853393e+01 9.520728667465006012e-01 3.058675230883807217e-01 1.521421978454423835e-03 3.686934236871008608e+01 1.968591428295310246e-03 -1.110143282380193948e-02 9.999364393985373800e-01 -8.659078851767155749e-01 4.267643087743395462e-18 8.302145613163244441e-17 -1.036282006398558415e-18 9.999999999999947820e-01
3.012675066702002469e-01 -9.534534443103428458e-01 -1.282259558358162140e-02 -6.017802174012444283e+01 9.535367774977022703e-01 3.012724380701924387e-01 1.591231753770499385e-03 3.751801594100579251e+01 2.345929237525890085e-03 -1.270620289492099646e-02 9.999165210276210747e-01 -8.660284457155433824e-01 4.577093469394396470e-18 8.652327267239898233e-17 -1.101856217206967108e-18 9.999999999999941158e-01
2.978472528766543115e-01 -9.545282020465886141e-01 -1.276422545926455578e-02 -5.997521503509095453e+01 9.546096378763805346e-01 2.978576477381763565e-01 1.122923575968626589e-03 3.817673109769585693e+01 2.730059948491757749e-03 -1.251931234573740691e-02 9.999179034255962772e-01 -8.697407271914986415e-01 5.802338632923907639e-18 8.941308900826272473e-17 -1.125368054713979158e-18 9.999999999999934497e-01
2.956030884336517395e-01 -9.552370431582759558e-01 -1.187457311912623777e-02 -5.977355306373685551e+01 9.553015342566811841e-01 2.956322544359272220e-01 -7.407995078594532693e-04 3.883299295433430842e+01 4.218145953132699036e-03 -1.112481529691507556e-02 9.999292203597700546e-01 -8.730810264487837147e-01 7.060511234182742392e-18 9.074527768890589081e-17 -1.148650625143361923e-18 9.999999999999926725e-01
2.947569847038360447e-01 -9.555091205260687337e-01 -1.098364965961636137e-02 -5.956763329648720884e+01 9.555578653352209129e-01 2.947961395747347724e-01 -2.098115291296641979e-03 3.950165684155086154e+01 5.242705814845635692e-03 -9.877078685513561787e-03 9.999374767215928328e-01 -8.697952728746585205e-01 9.403958944427305497e-18 8.852907779711029674e-17 -1.213977147863626152e-18 9.999999999999917843e-01
2.944576715047959037e-01 -9.556041711342380118e-01 -1.074000944442762666e-02 -5.936218532427048444e+01 9.556528689767060936e-01 2.944909852898739411e-01 -1.628987272453527330e-03 4.018168788608856090e+01 4.719502995593403277e-03 -9.784053039251033868e-03 9.999409975581374788e-01 -8.676764249334463219e-01 1.250173950184748630e-17 8.279475495249078256e-17 -1.317197761206342845e-18 9.999999999999907851e-01
2.934776783592829008e-01 -9.558875753775925022e-01 -1.223909897184729742e-02 -5.915320206592038232e+01 9.559602813833991686e-01 2.934958898140134220e-01 3.210601102725610129e-04 4.087046418819652871e+01 3.285227872905426699e-03 -1.179431647278771263e-02 9.999250478794513564e-01 -8.693338021486903822e-01 1.524325129777740918e-17 7.662143660550439560e-17 -1.436226094331779172e-18 9.999999999999898970e-01
2.929253830726973318e-01 -9.560772673188756565e-01 -1.053465081707381443e-02 -5.894618407215569533e+01 9.561351388801937468e-01 2.929010727139735870e-01 3.815468712437833365e-03 4.156424033638761273e+01 -5.622723751399711159e-04 -1.119019745623470868e-02 9.999372296952563355e-01 -8.717664784619043594e-01 1.762791066464167453e-17 6.947683131431172556e-17 -1.582498736148060769e-18 9.999999999999887867e-01
2.923701143373187983e-01 -9.562835816682242474e-01 -6.436433347129262052e-03 -5.872864943390565884e+01 9.563014250051684595e-01 2.923433083251538167e-01 4.793183756663864717e-03 4.226882874585101035e+01 -2.701994711902354872e-03 -7.556554064790737060e-03 9.999677983391249692e-01 -8.767212968550081031e-01 2.098865337165326773e-17 6.113410805414640604e-17 -1.735697960355687887e-18 9.999999999999878986e-01
2.918377057585428425e-01 -9.564656784610924278e-01 -2.039466501668574499e-03 -5.850730480730197769e+01 9.564673654268774916e-01 2.918347409642805257e-01 1.631820949913370157e-03 4.296930052124960042e+01 -9.655935537663911912e-04 -2.426910033963335187e-03 9.999965888625451660e-01 -8.849857894392495483e-01 2.393819421220012694e-17 5.572009293060801240e-17 -1.865400523673938263e-18 9.999999999999868994e-01
2.915223266727950402e-01 -9.565640063141014338e-01 1.867502552745975344e-04 -5.828418627112693429e+01 9.565593278632641416e-01 2.915202779705995950e-01 -3.190581397450533915e-03 4.368226604139483271e+01 2.997553837687288482e-03 1.108763411082726909e-03 9.999948926442748798e-01 -8.833827429348896088e-01 2.680814930024467971e-17 4.945136781877717097e-17 -1.967341191552313894e-18 9.999999999999857891e-01
2.912651017362571926e-01 -9.566357436799007852e-01 -3.562923607898075152e-03 -5.806911503918279749e+01 9.566200366879652472e-01 2.912817332454972763e-01 -5.749546463838669207e-03 4.440498863556663878e+01 6.538036221185906938e-03 -1.733721876781883558e-03 9.999771238837256160e-01 -8.836447052891078791e-01 3.013756254524696879e-17 4.237467172649642499e-17 -2.059442556329249313e-18 9.999999999999846789e-01
2.908756082204083104e-01 -9.567115186515208203e-01 -9.718570984266474908e-03 -5.785069603331488963e+01 9.567106078681558712e-01 2.909494467539162077e-01 -7.296041807335777729e-03 4.514432331291048683e+01 9.807820088752087356e-03 -7.175619355663171058e-03 9.999261558494757507e-01 -8.850751327371512156e-01 3.299351639464342427e-17 3.678554340031459177e-17 -2.177808415977102804e-18 9.999999999999833467e-01
2.902972270150323553e-01 -9.568984727984378713e-01 -8.534210184379428799e-03 -5.762439588614029873e+01 9.568841716452660684e-01 2.903630899290208234e-01 -7.871344328671566262e-03 4.588358906568608830e+01 1.001009700621643614e-02 -5.881221211438731819e-03 9.999326023262402607e-01 -8.848475040922999524e-01 3.599591422236803830e-17 3.334149011571878233e-17 -2.318328383384951279e-18 9.999999999999823475e-01
2.897509398758940091e-01 -9.570945903163987634e-01 -3.786558885827542593e-03 -5.739005864528935064e+01 9.570640017879822325e-01 2.897724351221287464e-01 -7.773823054155716387e-03 4.662775820842746555e+01 8.537524380288498069e-03 -1.371506663911102293e-03 9.999626141245796518e-01 -8.861060798411487527e-01 3.889848037066239751e-17 3.036471567998146363e-17 -2.468692553484896109e-18 9.999999999999814593e-01
2.900656387024722616e-01 -9.569983963501161872e-01 -3.999328382595084865e-03 -5.716038589553634353e+01 9.569938425937799531e-01 2.900808996677582963e-01 -3.982070497152820528e-03 4.738860322526878832e+01 4.970963855218011977e-03 -2.672270814544754590e-03 9.999840741166711178e-01 -8.822780721193248521e-01 4.128147411916532895e-17 2.841277268229647592e-17 -2.606747225773854543e-18 9.999999999999804601e-01
2.912958374423222918e-01 -9.566160687790539185e-01 -5.694913745374325861e-03 -5.693159543131819333e+01 9.566330127717453946e-01 2.912899381713979219e-01 1.857631626999938727e-03 4.815818977527235489e+01 -1.181691914788492013e-04 -5.989062854164640785e-03 9.999820584200990181e-01 -8.793483903547913982e-01 4.318514650010726920e-17 2.635808167974564633e-17 -2.743267994927244294e-18 9.999999999999794609e-01
2.911527498602267117e-01 -9.566446352967405975e-01 -7.817800642187499108e-03 -5.669515344204427976e+01 9.566651236448409090e-01 2.910995523761223391e-01 7.272675430974116784e-03 4.894593817963382776e+01 -4.681607667788998534e-03 -9.596476668563830650e-03 9.999429934676861143e-01 -8.862296868993054799e-01 4.508143356206990502e-17 2.777874240197124744e-17 -2.867965773504791907e-18 9.999999999999783507e-01
2.908233016329860310e-01 -9.567703474659547958e-01 -3.508480761788938807e-03 -5.644947584148037123e+01 9.567462363014951343e-01 2.907827615397366450e-01 9.056760687309112906e-03 4.973174692887890558e+01 -7.645034344990622212e-03 -5.990642809166040611e-03 9.999528317118338006e-01 -9.004185710487501160e-01 4.621798139206859397e-17 2.827523858546457653e-17 -2.989374600283904621e-18 9.999999999999770184e-01
2.902015932945652410e-01 -9.569621999921091859e-01 2.526467029580112787e-03 -5.620548196719503409e+01 9.569320527816232991e-01 2.902125129230710976e-01 7.598927682324327360e-03 5.051221960532320310e+01 -8.005098897930155999e-03 2.124363601560211193e-04 9.999679361171243119e-01 -9.124129812676630147e-01 4.735691022857733686e-17 2.884745757013095931e-17 -3.107154001028160820e-18 9.999999999999755751e-01
2.893890707836435094e-01 -9.572106786360290442e-01 1.297079884698025586e-03 -5.596699701527853676e+01 9.571933433218359211e-01 2.893916578533695105e-01 5.776838680281779111e-03 5.130306964972393757e+01 -5.905015771724880617e-03 -4.301977463688346306e-04 9.999824727056692009e-01 -9.138270376154996599e-01 5.009540702958330744e-17 3.070892413860650857e-17 -3.229710949828941647e-18 9.999999999999741318e-01
2.899657637817960043e-01 -9.570148522222498011e-01 -6.513713269833317117e-03 -5.573892770789606743e+01 9.570326648754604593e-01 2.899371977390751143e-01 4.989962773175548455e-03 5.211232834298645855e+01 -2.886900713633919723e-03 -7.680754735635571262e-03 9.999663353387787668e-01 -9.233498787172748079e-01 5.340808671988228136e-17 3.333058521566250751e-17 -3.347188511858909417e-18 9.999999999999727995e-01
2.892967023819823513e-01 -9.571995266479772502e-01 -8.745523191705266083e-03 -5.549408523432717288e+01 9.572383564897249952e-01 2.892982739141501392e-01 1.112463496614747105e-03 5.290952167078503265e+01 1.465215231463519755e-03 -8.693382267767887223e-03 9.999611383693740585e-01 -9.327700885812922893e-01 5.617922529126081916e-17 3.706587621198039932e-17 -3.450147877386323275e-18 9.999999999999713562e-01
2.884534746335607469e-01 -9.574619984826002739e-01 -7.817572105743349903e-03 -5.524609607434886271e+01 9.574766620627287450e-01 2.884876733716314479e-01 -3.647453594260654727e-03 5.370856985229785607e+01 5.747571395933672930e-03 -6.433022182418889935e-03 9.999627901319866341e-01 -9.354652577198708796e-01 5.969937835401822995e-17 4.384370783991183073e-17 -3.529325401855913544e-18 9.999999999999701350e-01
2.886398814132797308e-01 -9.573871262867141851e-01 -9.844251027494916109e-03 -5.500209019081705719e+01 9.574108295203659358e-01 2.886935959380684258e-01 -4.528927174643802324e-03 5.452496658654198569e+01 7.177908801338068155e-03 -8.117763539628569322e-03 9.999412880465778919e-01 -9.309718256455443708e-01 6.274606363674334115e-17 5.041641461538452364e-17 -3.618980501582237777e-18 9.999999999999686917e-01
2.889097452216102813e-01 -9.572320775185108044e-01 -1.542429530568044729e-02 -5.476677105124168321e+01 9.573408313894102850e-01 2.889592680013229331e-01 -1.036335201976891366e-03 5.535260103744154492e+01 5.449006379359572563e-03 -1.446690035237576874e-02 9.998805014218266063e-01 -9.300136176692863632e-01 6.624085485848307340e-17 5.886941419556176902e-17 -3.710647461343745693e-18 9.999999999999672484e-01
2.890616178923926527e-01 -9.572290272501280395e-01 -1.248881304617019579e-02 -5.451875260792135691e+01 9.573104934648660747e-01 2.890368447794047779e-01 3.784370739875419620e-03 5.617974041177979672e+01 -1.278240417992578565e-05 -1.304958810879923957e-02 9.999148504181181174e-01 -9.297599247525448751e-01 7.010896545051571015e-17 6.426369228448392422e-17 -3.756959086017019576e-18 9.999999999999658051e-01
2.880555351537386621e-01 -9.575944646513151470e-01 -6.070414858124416682e-03 -5.426224936621985506e+01 9.575984456717457904e-01 2.880093708820061216e-01 7.471220186877153280e-03 5.700571468903850558e+01 -5.406062730863911599e-03 -7.965146161910333436e-03 9.999536643926313362e-01 -9.376380107353339266e-01 7.383394676797905020e-17 6.811297671054311552e-17 -3.823313476772029801e-18 9.999999999999645839e-01
2.876732411769278297e-01 -9.576839614708057002e-01 -9.248581104176440554e-03 -5.401357285482643533e+01 9.576979578573222573e-01 2.875733483149671699e-01 1.077918618006079229e-02 5.784725442294141828e+01 -7.663408287061549903e-03 -1.195823066222100051e-02 9.998991313591250041e-01 -9.476483681144682869e-01 7.652191823205155192e-17 7.047581662761053523e-17 -3.877190287430239127e-18 9.999999999999633626e-01
2.881787138458023478e-01 -9.575217914800601138e-01 -1.024927934490815935e-02 -5.376695358823464233e+01 9.575494715481484009e-01 2.880733971549652717e-01 1.061731554249557147e-02 5.867686750213444213e+01 -7.213766279681723889e-03 -1.287387635800348387e-02 9.998911065128313069e-01 -9.635030053053205146e-01 8.010112216660963702e-17 7.254228004184416537e-17 -3.909593817123325426e-18 9.999999999999621414e-01
2.863898535026969672e-01 -9.580945846083280815e-01 -5.968145021168549773e-03 -5.351278096306988630e+01 9.581102142097794871e-01 2.863679330942235923e-01 4.268995443974512791e-03 5.950426377847163195e+01 -2.381016062471883257e-03 -6.940737684475768374e-03 9.999730780989924961e-01 -9.605093405251240446e-01 8.295278991967153895e-17 7.555279580285048282e-17 -3.897440392082412249e-18 9.999999999999610312e-01
2.858960688118691862e-01 -9.582464494384774767e-01 -5.213441911586455708e-03 -5.325995418493851474e+01 9.582579427741040323e-01 2.859039234439685884e-01 -8.134307308866656119e-04 6.034458786089351889e+01 2.270010606904708170e-03 -4.763265472763306835e-03 9.999860790799754984e-01 -9.639638190345385382e-01 8.642999512651510317e-17 7.895077522808916102e-17 -3.922030850664690856e-18 9.999999999999599209e-01
2.858362971253200491e-01 -9.582474130422564684e-01 -7.714054939196382694e-03 -5.301218836407552715e+01 9.582711378035848604e-01 2.858563247103036997e-01 -1.608749702586798882e-03 6.119429129729763162e+01 3.746691634266866369e-03 -6.932317145680101135e-03 9.999689521583382534e-01 -9.712130454149139336e-01 8.991723070549237937e-17 8.032618166311665741e-17 -3.974684138395048812e-18 9.999999999999586997e-01
2.850814409064190702e-01 -9.584834232966723544e-01 -6.172464362743013480e-03 -5.275583018636186239e+01 9.585030582050914072e-01 2.850800124862518103e-01 1.128668325752647935e-03 6.203887515742725611e+01 6.778363369660644466e-04 -6.238088360967636130e-03 9.999803132018900698e-01 -9.745356396429758483e-01 9.244874465348622352e-17 8.117451759685908645e-17 -4.015531591307504314e-18 9.999999999999578115e-01
2.843927328939515609e-01 -9.587052739715249405e-01 -2.229604537249395627e-03 -5.249934332315940821e+01 9.587019888622861918e-01 2.843820766109373399e-01 4.163058228100588627e-03 6.288859372954810567e+01 -3.357086310808613666e-03 -3.321469810928248667e-03 9.999888488426456057e-01 -9.735831852178968848e-01 9.390314533183179633e-17 8.776797714028960956e-17 -4.036199369811481041e-18 9.999999999999572564e-01
2.837509229860739612e-01 -9.588979969338972120e-01 -2.125577847013899308e-04 -5.225219166271482862e+01 9.588786316760149475e-01 2.837437689656677753e-01 6.422093751540876652e-03 6.374174380791895800e+01 -6.097820887522558374e-03 -2.026092147253621360e-03 9.999793555523387445e-01 -9.715589444927594798e-01 9.560798484222541041e-17 9.279281327411274291e-17 -4.063754202897332103e-18 9.999999999999565903e-01
2.835009674065821494e-01 -9.589554890448501734e-01 -5.618853120128783699e-03 -5.201291149398862501e+01 9.589665544273513476e-01 2.834748502892904254e-01 5.015649814429310946e-03 6.459663135960641966e+01 -3.216981373650106783e-03 -6.810233791011947521e-03 9.999716354709179411e-01 -9.691660102825196965e-01 9.660846810918704720e-17 1.013754187805541547e-16 -4.094044654995173199e-18 9.999999999999561462e-01
2.835330124555518472e-01 -9.589530475516728769e-01 -4.252462738312759276e-03 -5.175977982496501539e+01 9.589619697678043453e-01 2.835346325304503035e-01 2.295533427529957067e-04 6.544474521836578162e+01 9.855895822454055748e-04 -4.143035994691840820e-03 9.999909318917569179e-01 -9.767358844010852748e-01 9.808710029754897746e-17 1.086960751439135223e-16 -4.097793968315588663e-18 9.999999999999554801e-01
2.829263312262988439e-01 -9.591374561093973794e-01 -2.833970169755686396e-03 -5.150520862922454768e+01 9.591317220837846103e-01 2.829356085392581432e-01 -3.712292145518750978e-03 6.629896385030193073e+01 4.362429519346307412e-03 -1.667845492085156525e-03 9.999890936904859418e-01 -9.905183871637041060e-01 9.902065851351242753e-17 1.174619152939602303e-16 -4.105115000134963215e-18 9.999999999999545919e-01
2.835450704372503572e-01 -9.589452302982360843e-01 -5.122335317129775127e-03 -5.125682775178212580e+01 9.589569846751851978e-01 2.835511623091917510e-01 -4.897914267068967592e-04 6.715614203698433471e+01 1.922127285387785055e-03 -4.773221285630316509e-03 9.999867608048953471e-01 -9.939870621852814336e-01 9.895469208760143211e-17 1.273557529944677906e-16 -4.126722856390009317e-18 9.999999999999535927e-01
2.838828795900895652e-01 -9.588470823275936361e-01 -4.773194695773638925e-03 -5.100882186726424550e+01 9.588504222555489509e-01 2.838558232044437468e-01 5.633770774549949102e-03 6.801593920294402551e+01 -4.047025559999266678e-03 -6.176110819985465225e-03 9.999727382479282056e-01 -9.865353736028723564e-01 9.917764980200474600e-17 1.360423781380332922e-16 -4.125072291590230446e-18 9.999999999999523714e-01
2.831799630733876638e-01 -9.590597770082476270e-01 -3.667783901676090978e-03 -5.075597820733069909e+01 9.590353346097160170e-01 2.831376308202706582e-01 9.181992342033089283e-03 6.887488514902439363e+01 -7.767591883764160716e-03 -6.117690613782020281e-03 9.999511179941138472e-01 -9.834637065710137849e-01 9.838067227998150223e-17 1.454793305781055684e-16 -4.130339338419762672e-18 9.999999999999509281e-01
2.832047710696489751e-01 -9.590516164121373199e-01 -3.880038757282433960e-03 -5.050934974242771602e+01 9.590186793360826467e-01 2.831530990502021949e-01 1.036798835816262615e-02 6.972354065082716090e+01 -8.844790995282668725e-03 -6.657293414212997994e-03 9.999387231807945753e-01 -9.882105098715674441e-01 9.780974483978274690e-17 1.564965103662685040e-16 -4.150305402235243693e-18 9.999999999999497069e-01
2.835962984257828778e-01 -9.589325206216701147e-01 -4.643319229534564017e-03 -5.025406573508308838e+01 9.588898165152134334e-01 2.835256598689505081e-01 1.197998243519396433e-02 7.058893424797739158e+01 -1.017149460505210358e-02 -7.849910197861990555e-03 9.999174563968616924e-01 -1.006508612592803997e+00 9.659138487030121395e-17 1.694564220621874482e-16 -4.161955962167902489e-18 9.999999999999484857e-01
2.836725580810148251e-01 -9.588932290811995607e-01 -7.324958300539631713e-03 -5.000941183729403861e+01 9.588729031672336145e-01 2.835733225206504837e-01 1.220353744166970122e-02 7.144664239091083857e+01 -9.624726661050945001e-03 -1.048551271493899407e-02 9.998987041993726566e-01 -1.020038753165713796e+00 9.577237700393647229e-17 1.844655012416567992e-16 -4.152873910303533784e-18 9.999999999999472644e-01
2.837670925687805212e-01 -9.588437383929105939e-01 -9.742818887175692597e-03 -4.976374227887987445e+01 9.588762782510825700e-01 2.836870012882127257e-01 8.829966438409969642e-03 7.229509530480390822e+01 -5.702646955496154003e-03 -1.184781181792340758e-02 9.999135508495734515e-01 -1.030563264202925211e+00 9.529977051131213456e-17 1.981868230118972176e-16 -4.119010950724954706e-18 9.999999999999458211e-01
2.838279434202395368e-01 -9.588241717831677002e-01 -9.894753067033178542e-03 -4.951185890865685479e+01 9.588719617110760263e-01 2.838387901495880716e-01 3.197665084114686062e-04 7.313306003820748913e+01 2.501914881779466766e-03 -9.578559954496928056e-03 9.999509946046812869e-01 -1.026573289559979063e+00 9.481368345542571413e-17 2.095123938074468621e-16 -4.067852810778488800e-18 9.999999999999443778e-01
2.834574137274503136e-01 -9.589395878645947668e-01 -9.314581532278610673e-03 -4.925951256756530228e+01 9.589441830957681212e-01 2.835214518630178593e-01 -6.452909431097310355e-03 7.397384658697058057e+01 8.828833989907204291e-03 -7.103038760000864212e-03 9.999357972042577369e-01 -1.024327391905015316e+00 9.445621644369321030e-17 2.208129500257158736e-16 -4.014624134523012685e-18 9.999999999999429345e-01
2.835630046465964504e-01 -9.589037005588033624e-01 -9.783427340161077179e-03 -4.900605660559868682e+01 9.589184827356230789e-01 2.836251813586204151e-01 -5.665683290651389592e-03 7.483332464358200298e+01 8.207671027256795496e-03 -7.774931123715822859e-03 9.999360902488143577e-01 -1.021130091748630786e+00 9.296422497317838602e-17 2.317106318753281730e-16 -3.979412866081443923e-18 9.999999999999414912e-01
2.838518024536104689e-01 -9.588315279874626285e-01 -8.381836383201215698e-03 -4.875608719193350282e+01 9.588659588299854875e-01 2.838590483879189774e-01 3.371130481474657195e-04 7.568967076137120387e+01 2.056025480413494529e-03 -8.132747726688545342e-03 9.999648149676997333e-01 -1.014899159657188354e+00 9.201668163016656094e-17 2.423888920753033038e-16 -3.924412927808473069e-18 9.999999999999401590e-01
2.835686797865126785e-01 -9.589223403475365393e-01 -7.533194981207399187e-03 -4.850524191977321919e+01 9.589383584388668780e-01 2.835141232283100443e-01 7.547625090248437710e-03 7.654761564436584820e+01 -5.101819145407760110e-03 -9.364139711450818887e-03 9.999431405478084178e-01 -1.011856992896271956e+00 9.092229141481670933e-17 2.505863432853413167e-16 -3.883209618575891565e-18 9.999999999999387157e-01
2.834955467763383696e-01 -9.589434557829606964e-01 -7.597602852363845478e-03 -4.825626815852972129e+01 9.589314234378535362e-01 2.833999328722172084e-01 1.161908737053831027e-02 7.740159459802653430e+01 -8.988887657804566986e-03 -1.057953964509206722e-02 9.999036319762569791e-01 -1.019356792161752345e+00 9.004574083518524009e-17 2.581990559092523279e-16 -3.853115762415416048e-18 9.999999999999373834e-01
2.833020675179295234e-01 -9.590025547129742423e-01 -7.351094757705799003e-03 -4.800318625430548281e+01 9.589864527744887956e-01 2.832070117838206835e-01 1.178014733916407132e-02 7.825488022166341295e+01 -9.215309813490312960e-03 -1.038694038255896963e-02 9.999035901196983156e-01 -1.027300673017113919e+00 9.039624038923041582e-17 2.670910641636210453e-16 -3.834124897206893881e-18 9.999999999999359401e-01
2.839291921829943388e-01 -9.587882759400823129e-01 -1.045254735624955023e-02 -4.775794925246432854e+01 9.588264471716597681e-01 2.838384842633377425e-01 9.357299563181863469e-03 7.910275103737386360e+01 -6.004833917355475656e-03 -1.267898935148225985e-02 9.999015877567031252e-01 -1.037122456762382683e+00 9.032928797096007817e-17 2.763718858839663685e-16 -3.826605630015029003e-18 9.999999999999344968e-01
2.841827214275926550e-01 -9.586843445835699917e-01 -1.282607860775178410e-02 -4.750957922730164995e+01 9.587631846134806457e-01 2.841042749043787841e-01 7.610309502756418959e-03 7.995107479774367221e+01 -3.651940815012239341e-03 -1.445989043747863967e-02 9.998887812634664751e-01 -1.044604099129560648e+00 9.004530523210014564e-17 2.874985211616308722e-16 -3.747880302182535586e-18 9.999999999999332756e-01
2.834588543000540750e-01 -9.588992539663219183e-01 -1.277883648074622583e-02 -4.725502265723704909e+01 9.589798910890099393e-01 2.833914956296175736e-01 6.843149243969746942e-03 8.080778146166592535e+01 -2.940477122143990169e-03 -1.419439846105841584e-02 9.998949308034010830e-01 -1.048619090576981439e+00 9.087429247002871069e-17 2.946290145768579164e-16 -3.681736274091009940e-18 9.999999999999319433e-01
2.825319957683006811e-01 -9.591741069606619652e-01 -1.267690433278353956e-02 -4.700325168087780980e+01 9.592480574403580151e-01 2.824446412886119084e-01 8.257657301249221593e-03 8.166349538428029575e+01 -4.340007370596339967e-03 -1.449334825328068253e-02 9.998855470463315909e-01 -1.053255116285166881e+00 9.041167655265421988e-17 3.041381407493028711e-16 -3.563588720468942474e-18 9.999999999999305000e-01
2.824214269850617853e-01 -9.591938213894392051e-01 -1.361435228375172321e-02 -4.675642972345735160e+01 9.592575893581259949e-01 2.822658740647954190e-01 1.228224723470242204e-02 8.251840550965451371e+01 -7.938188613111765018e-03 -1.652844054300020571e-02 9.998318837756992039e-01 -1.057580219556255585e+00 9.127610644701909539e-17 3.132641267265615548e-16 -3.437389710543950377e-18 9.999999999999290567e-01
2.822434122622853314e-01 -9.592325925167420886e-01 -1.454268504111729324e-02 -4.650497277566729082e+01 9.592938999182184512e-01 2.820434942483696084e-01 1.437640190478079762e-02 8.337187904925684734e+01 -9.688643565442517716e-03 -1.800835377804349199e-02 9.997908928269776396e-01 -1.067455426173878230e+00 9.131015558960055246e-17 3.252795881238219915e-16 -3.296983351235328813e-18 9.999999999999273914e-01
2.812331314275975380e-01 -9.595521122450382245e-01 -1.294873250787776514e-02 -4.625014065651551221e+01 9.595957009670439408e-01 2.810658180249400173e-01 1.334528468803354226e-02 8.422736905420075004e+01 -9.166050016208758533e-03 -1.617868425014833481e-02 9.998271019044880914e-01 -1.076813161669436747e+00 9.243570134891801925e-17 3.354270586081038384e-16 -3.153684452750993388e-18 9.999999999999257261e-01
2.806549635541895626e-01 -9.596916653649247841e-01 -1.498995869021391668e-02 -4.600979569018932835e+01 9.597793637607218153e-01 2.804899880367878184e-01 1.220407759954795016e-02 8.507803031781800485e+01 -7.507618222070433847e-03 -1.781218796841535154e-02 9.998131633600836343e-01 -1.089024693456766668e+00 9.386828823171046936e-17 3.474084778313220110e-16 -3.001119581821874779e-18 9.999999999999237277e-01
2.799727853970724323e-01 -9.598854615286644965e-01 -1.533428129850701420e-02 -4.576086747333515348e+01 9.599829188152358972e-01 2.798144549314942053e-01 1.169044029298578133e-02 8.593859486856412389e+01 -6.930730112805711350e-03 -1.799365325022892967e-02 9.998140794280188093e-01 -1.108831877713493785e+00 9.462132018002309369e-17 3.603222880702675858e-16 -2.723721099912222065e-18 9.999999999999215072e-01
2.784794782644211542e-01 -9.603838389811654164e-01 -1.058593450774204282e-02 -4.550725108698903654e+01 9.604272621321253700e-01 2.783968072488204881e-01 8.642445656755672750e-03 8.678014428420826221e+01 -5.352974769328858358e-03 -1.257376385381079459e-02 9.999066187016389939e-01 -1.104609594658934490e+00 9.300235486962147246e-17 3.721154547190987603e-16 -2.405955447347556982e-18 9.999999999999189537e-01
2.770658668154439841e-01 -9.607452738073606335e-01 -1.424865967899625885e-02 -4.527032634759878249e+01 9.608504061694138620e-01 2.770197985982058575e-01 5.150548375017674485e-03 8.762632997429307125e+01 -1.001204174252264857e-03 -1.511787159004154835e-02 9.998852171866833283e-01 -1.097956208015655521e+00 9.108077267674310434e-17 3.870149474472220975e-16 -2.163232492403807297e-18 9.999999999999167333e-01
2.763880553533047402e-01 -9.607824481818292295e-01 -2.251066688848675154e-02 -4.503812901021341020e+01 9.610376083473413100e-01 2.764083543227911499e-01 2.266495637442514019e-03 8.848027033646152972e+01 4.044527162012990715e-03 -2.226002979052530903e-02 9.997440336773352199e-01 -1.112782217848800048e+00 8.970019491450556995e-17 4.036268545821807954e-16 -1.893034150623201720e-18 9.999999999999145128e-01
2.750978973555493479e-01 -9.611286248035643132e-01 -2.351411180064055806e-02 -4.480226439430350638e+01 9.614013931473334162e-01 2.751471927083031233e-01 1.176264849633281264e-03 8.933056293608473197e+01 5.339300033635885692e-03 -2.293008783063641906e-02 9.997228130571468308e-01 -1.114259559121715482e+00 9.105090733693909054e-17 4.182719964569226292e-16 -1.554098392709661448e-18 9.999999999999122924e-01
2.737373002484325135e-01 -9.615542069667687430e-01 -2.194077294012453799e-02 -4.456365400326310322e+01 9.618011426413807241e-01 2.737253590603922482e-01 3.604139410277218143e-03 9.018255841944696272e+01 2.540170538643892091e-03 -2.208924787614575252e-02 9.997527757708714047e-01 -1.100639885371533122e+00 9.133496693810494304e-17 4.311531832898585024e-16 -1.306529026268907559e-18 9.999999999999097389e-01
2.732803855249452685e-01 -9.617549027785712301e-01 -1.858326851536450455e-02 -4.432561329011020490e+01 9.619327482242913119e-01 2.731928790086616265e-01 7.144141132440376928e-03 9.103634368833570534e+01 -1.794096133171642782e-03 -1.982820819690223058e-02 9.998017920460150476e-01 -1.089315101405664343e+00 9.072527222056573134e-17 4.417355942428122640e-16 -1.134887139127912898e-18 9.999999999999069633e-01
2.722645201658968062e-01 -9.620274433056311691e-01 -1.937083853769917818e-02 -4.409333305172458495e+01 9.622134696522000041e-01 2.721198608647767414e-01 9.798986820734696332e-03 9.189197578006472611e+01 -4.155704350433152630e-03 -2.130679820430102928e-02 9.997643474695863119e-01 -1.092273092660441369e+00 8.875938171078461215e-17 4.509282591402219100e-16 -1.010426876282323646e-18 9.999999999999040767e-01
2.713597432902213336e-01 -9.623181326668984736e-01 -1.754141561964478804e-02 -4.386406711883849852e+01 9.624643082841478625e-01 2.712136217205237121e-01 1.027748375149131754e-02 9.274403124783387398e+01 -5.132738111950063339e-03 -1.967188180316951571e-02 9.997933146733117837e-01 -1.101949210528500922e+00 8.667050750735308940e-17 4.614458330916030756e-16 -9.115300315122280235e-19 9.999999999999014122e-01
2.698862135193865197e-01 -9.627890904743126033e-01 -1.409251630440174451e-02 -4.362747014578280158e+01 9.628708170193673865e-01 2.697537203465539268e-01 1.061697186404608750e-02 9.359681667018016071e+01 -6.420395982429509887e-03 -1.643464702331591185e-02 9.998443283293138029e-01 -1.113586650308266535e+00 8.511000688481590989e-17 4.747148086915489555e-16 -7.688121862055535234e-19 9.999999999998990807e-01
2.690086455119065634e-01 -9.630358269664651694e-01 -1.401230241017072282e-02 -4.340156514666985998e+01 9.631016695793450655e-01 2.688441455220582088e-01 1.256978408362454877e-02 9.444721092316565603e+01 -8.338026941514850576e-03 -1.687665243660746439e-02 9.998228122567027754e-01 -1.119067626465543919e+00 8.289833236317083654e-17 4.887111675080708302e-16 -7.129191712272227387e-19 9.999999999998968603e-01
2.686412309345180827e-01 -9.630562643023733438e-01 -1.882872353361712825e-02 -4.318400264262201205e+01 9.632038202444618280e-01 2.684095922122184397e-01 1.395318869884897180e-02 9.529699451378037622e+01 -8.383895777895359822e-03 -2.188430022543626230e-02 9.997253561328087734e-01 -1.116701826642513939e+00 8.068321504595111026e-17 5.058709472355633733e-16 -6.253530891137233761e-19 9.999999999998948619e-01
2.683212161326811729e-01 -9.630410167431234791e-01 -2.357382114560500203e-02 -4.296465543767902773e+01 9.633015058809986098e-01 2.680465119732164392e-01 1.418718387552879955e-02 9.615161327261044732e+01 -7.343959452261339220e-03 -2.651541983992020471e-02 9.996214277264751091e-01 -1.120665029214606090e+00 7.753521676600625362e-17 5.248892619286201284e-16 -3.935030602425789580e-19 9.999999999998925304e-01
2.688314952546770331e-01 -9.628337583992270243e-01 -2.609177736189029553e-02 -4.273871786389621263e+01 9.631738376235262633e-01 2.685862921206725873e-01 1.255237835502942198e-02 9.699805402129723575e+01 -5.077959891963806580e-03 -2.850539197426572510e-02 9.995807405864556294e-01 -1.129660988327218396e+00 7.504761811284092116e-17 5.441001871999276377e-16 -1.506627346791660283e-21 9.999999999998903100e-01
2.702898687372691788e-01 -9.623865325794752623e-01 -2.748724736287447290e-02 -4.250534152996007720e+01 9.627668526164485652e-01 2.700329169471136770e-01 1.273621874759348592e-02 9.784541263647103904e+01 -4.834703814436335303e-03 -2.990628152415106267e-02 9.995410146482537339e-01 -1.143957507796586670e+00 7.334995671293003729e-17 5.600466095451517930e-16 4.595694593231795638e-19 9.999999999998880895e-01
2.713974688854914885e-01 -9.621116375046602220e-01 -2.616506947417908402e-02 -4.226730579147064049e+01 9.624361943303429978e-01 2.710696155751010639e-01 1.542191151690413403e-02 9.869557318710874938e+01 -7.745045219129873849e-03 -2.936767764019190124e-02 9.995386704796414001e-01 -1.156789688237452873e+00 6.951189129555637129e-17 5.774630127259116883e-16 9.954897052406115725e-19 9.999999999998857581e-01
