7.777494497208943258e-01 -6.282118933170217634e-01 2.134503581373923750e-02 -6.596042658594707575e+01 6.272447183006432114e-01 7.778641954736725816e-01 3.861808856019875030e-02 2.571593371381705140e+01 -4.086388164129786671e-02 -1.664663615086136444e-02 9.990260420439833755e-01 -8.868482480713592020e-01 -4.809208017785018303e-24 -1.416202385148814181e-23 -3.430527606006730092e-24 9.999999999999997780e-01
7.494949536419206471e-01 -6.614264102553386593e-01 2.779241410947255742e-02 -6.555595519719594222e+01 6.606608353971840097e-01 7.499869539200187951e-01 3.235474496990493887e-02 2.608834837937156337e+01 -4.224423082021832448e-02 -5.888358558046507228e-03 9.990899620133817383e-01 -8.914886364816252406e-01 -4.809208017785018303e-24 -1.416202385148814181e-23 -3.430527606006730092e-24 9.999999999999997780e-01
7.210699763546940533e-01 -6.927638866408385443e-01 1.167418374536963871e-02 -6.520155522147216232e+01 6.924122296032232393e-01 7.211065207507245667e-01 2.388911942033070807e-02 2.648322057981169309e+01 -2.496784924128371899e-02 -9.142379179623311841e-03 9.996464492045181727e-01 -8.999666792193883325e-01 1.546224874586619064e-18 -1.579187798830722158e-18 -1.192058462380777190e-20 9.999999999999996669e-01
6.910253009109329492e-01 -7.226927928813647872e-01 -1.411242779563744165e-02 -6.486746630684545778e+01 7.228267028812840334e-01 6.909537562435602576e-01 1.022077955378544387e-02 2.689935517508413909e+01 2.364551273961614571e-03 -1.726365691986980755e-02 9.998481759982500439e-01 -9.076889430095628208e-01 1.850983170619211745e-18 -3.856353271522303189e-18 -8.443551523391788920e-20 9.999999999999995559e-01
6.562761961347177708e-01 -7.539846683554115581e-01 -2.843719873552312538e-02 -6.452814439297718252e+01 7.540313839896184422e-01 6.567417667528541170e-01 -1.126604460497467562e-02 2.732294173854721819e+01 2.717032104422839600e-02 -1.404890342049764859e-02 9.995320915143431906e-01 -9.273866885050513487e-01 2.712444964200933500e-19 -4.609258438213966471e-18 -1.628507732075433720e-19 9.999999999999995559e-01
6.188635281925258802e-01 -7.850008899940355001e-01 -2.795596862330711196e-02 -6.419039398730672019e+01 7.842804495295389033e-01 6.194936487039885975e-01 -3.364217146921356927e-02 2.775963761640856120e+01 4.372767955017110852e-02 -1.105406707425842048e-03 9.990428760154244081e-01 -9.394279292382513580e-01 -1.169508135133767565e-18 -7.141488585446121000e-18 -1.884204152064746615e-19 9.999999999999994449e-01
5.863029432458165546e-01 -8.098168600870594425e-01 -2.110715186906058846e-02 -6.387535663139289710e+01 8.089057194413643570e-01 5.866551750211128624e-01 -3.882322341068961818e-02 2.826380047115994643e+01 4.382232075484370631e-02 5.688474283976316208e-03 9.990231456097415919e-01 -9.440321952638989211e-01 -1.491131411627905371e-18 -9.535860818475051484e-18 -2.308136137759530914e-19 9.999999999999992228e-01
5.571928469624284341e-01 -8.302331320678743021e-01 -1.578219600262161307e-02 -6.356572859339713233e+01 8.298699482771255687e-01 5.574160028879094897e-01 -2.456152827058096302e-02 2.874659632857316893e+01 2.918904315703254454e-02 5.883376824377913646e-04 9.995737359586599480e-01 -9.354523702174700750e-01 -1.161813647154194157e-18 -1.146425594932251679e-17 -2.577525766990915951e-19 9.999999999999991118e-01
5.289441662239871000e-01 -8.486196532591512298e-01 -7.921686684274830206e-03 -6.328880112111355771e+01 8.485807269983143275e-01 5.289986553121889257e-01 -8.436376290011971674e-03 2.928988211156568511e+01 1.134983632577894405e-02 -2.259818622922816003e-03 9.999330349754302905e-01 -8.741314938887604358e-01 -3.651608169606907145e-18 -1.278465317188388196e-17 -1.642066120076761397e-19 9.999999999999990008e-01
4.987796817031904806e-01 -8.667059783287903718e-01 -6.290965680553693186e-03 -6.300977982979846814e+01 8.666910854862212021e-01 4.988125535490334217e-01 -5.709532433177753018e-03 2.979356102887416924e+01 8.086498548702844569e-03 -2.604525104741265903e-03 9.999639118439261898e-01 -8.700147587515956182e-01 -7.925198407739353667e-18 -1.134436098162363627e-17 -8.021324822710675775e-20 9.999999999999988898e-01
4.713128359537801515e-01 -8.819554563362191901e-01 -4.334017071281124137e-03 -6.274743962692907218e+01 8.818352193076924861e-01 4.713218582944863622e-01 -1.491146814976840318e-02 3.030985559146904862e+01 1.519396767658734090e-02 3.206077447365307878e-03 9.998794249376532495e-01 -8.648393796969341407e-01 -1.345540592091266696e-17 -5.429105247758686704e-18 -4.302093147980202449e-21 9.999999999999988898e-01
4.456479155131246039e-01 -8.951937559353574381e-01 -5.106342443959046434e-03 -6.249483275102792845e+01 8.949499224715559142e-01 4.456490749643023386e-01 -2.148344133537686412e-02 3.084963481732747326e+01 2.150747932603324156e-02 5.004130074824798997e-03 9.997561637795708833e-01 -8.606810350647449148e-01 -1.735184788955563225e-17 1.155131246195298315e-18 6.737105799213696158e-20 9.999999999999987788e-01
4.225819885721436853e-01 -9.063072392950731748e-01 -5.625916437136726025e-03 -6.225740538323722717e+01 9.060652017489566612e-01 4.226013874603344322e-01 -2.130533961739005527e-02 3.141293814124366079e+01 2.168670362294963100e-02 3.905805671084407703e-03 9.997571863047752805e-01 -8.530955115147224044e-01 -2.205059478680899348e-17 7.543738387518954966e-18 1.641847269424166121e-19 9.999999999999985567e-01
4.030003445770039550e-01 -9.151862437296026664e-01 -4.986136672909466383e-03 -6.202615045576956732e+01 9.150811562383018849e-01 4.030298417476570472e-01 -1.390770140665856594e-02 3.198189259435717702e+01 1.473769888348675124e-02 1.042088747349226383e-03 9.998908511846054115e-01 -8.498976665940676245e-01 -2.764630183967948351e-17 1.444105773455757281e-17 2.709351540177598209e-19 9.999999999999984457e-01
3.858976809795712226e-01 -9.225384549516884025e-01 -2.403944664116956179e-03 -6.180074150630145624e+01 9.225237963221601944e-01 3.859051118852867002e-01 -5.204790114431698429e-03 3.257069350785702966e+01 5.729313565086970039e-03 -2.091797225449287389e-04 9.999835654699182896e-01 -8.447359598028295613e-01 -3.203299222200185819e-17 2.414485510531088829e-17 3.354121823516038647e-19 9.999999999999985567e-01
3.695093650972718913e-01 -9.292260379194857700e-01 1.341476006651189448e-03 -6.157715869410085929e+01 9.292250759098550361e-01 3.695111550396741329e-01 1.504859311252327615e-03 3.315578507845319933e+01 -1.894044804097571406e-03 6.904735354502629461e-04 9.999979679182315895e-01 -8.437764617955668678e-01 -3.513522786309738945e-17 3.044559958330720007e-17 3.655668711195060560e-19 9.999999999999985567e-01
3.554419555010694398e-01 -9.346966279658573962e-01 1.797203061829329672e-03 -6.135810738793811936e+01 9.346914192349262684e-01 3.554460682438530528e-01 3.169128990352348962e-03 3.375996430940566739e+01 -3.600982943034793885e-03 5.533888749487238592e-04 9.999933633192844562e-01 -8.434884314705216601e-01 -3.825288815544069082e-17 3.864609263613988727e-17 3.605825838454324989e-19 9.999999999999987788e-01
3.424789870998533603e-01 -9.395254477137817695e-01 2.765742087088057972e-04 -6.115773957395809646e+01 9.395230989681233602e-01 3.424787651644862763e-01 2.154510782148146703e-03 3.435458511556371519e+01 -2.118938500677407417e-03 -4.780268127050864356e-04 9.999976407922250843e-01 -8.439281441037603804e-01 -4.218694731736768950e-17 4.645245649168630159e-17 3.477103289900869742e-19 9.999999999999992228e-01
3.302817150216281750e-01 -9.438726823242030717e-01 -4.283489757708580474e-03 -6.095569605825244963e+01 9.438823355642916857e-01 3.302765885820692082e-01 1.873938166502834212e-03 3.496753597037375982e+01 -3.540226593249281564e-04 -4.662037828348916321e-03 9.999890699758997581e-01 -8.506432294094370405e-01 -4.510771589743310691e-17 5.424582122002923356e-17 3.514966104701176740e-19 9.999999999999997780e-01
3.200910842568182590e-01 -9.473571475967434985e-01 -7.492174362352835987e-03 -6.076528699887032303e+01 9.473866912172131949e-01 3.200843344022444859e-01 2.115697221004846952e-03 3.560001718025918649e+01 3.938067595293950158e-04 -7.775202096602851741e-03 9.999696951151150204e-01 -8.525289956676792569e-01 -4.793983963148998236e-17 6.201451289271162029e-17 3.942999717534708570e-19 1.000000000000000222e+00
3.117304809528012033e-01 -9.501254667945482346e-01 -9.257677538014156410e-03 -6.056879913451324882e+01 9.501704669992057095e-01 3.117201315452323152e-01 2.577446776788267120e-03 3.623095829080077124e+01 4.369066380187722350e-04 -9.599840512981966043e-03 9.999538250213049206e-01 -8.596757736568099162e-01 -5.188321429189366267e-17 6.868771155033422978e-17 4.548591203336554829e-19 1.000000000000000444e+00
3.057381642513885556e-01 -9.520495527632265587e-01 -1.121712991602136743e-02 -6.036738126912635494e+01 9.521140272129381410e-01 3.057380549753814236e-01 1.766613760416790944e-03 3.687036395402940769e+01 1.747599642420092237e-03 -1.122010798616561271e-02 9.999355254576629548e-01 -8.610741440709460681e-01 -5.629147363554359639e-17 7.664892751932598917e-17 5.328020315301569287e-19 1.000000000000000666e+00
3.009707772648931301e-01 -9.535479257942360842e-01 -1.276496949069171917e-02 -6.017046717000529554e+01 9.536309633822943610e-01 3.009730847439223145e-01 1.785479831073831687e-03 3.752618111259246803e+01 2.139371654807398996e-03 -1.271044740550388887e-02 9.999169303575666801e-01 -8.571971024981441811e-01 -6.063626701068463469e-17 8.273861985251226407e-17 6.176517358181397892e-19 1.000000000000000888e+00
2.979840346216972580e-01 -9.544851233818922864e-01 -1.279313695904082601e-02 -5.997467014647494921e+01 9.545672909841779186e-01 2.979927773357044507e-01 1.261601687659656213e-03 3.817612510322999952e+01 2.608082370755745397e-03 -1.258784725115654791e-02 9.999173685900019093e-01 -8.652777839376450952e-01 -6.387265037821173781e-17 9.052098217321258055e-17 7.117795456877312914e-19 1.000000000000001332e+00
2.953663703221303671e-01 -9.553098286636596548e-01 -1.190959870712327007e-02 -5.976295580996514900e+01 9.553745808343853119e-01 2.953960270745303873e-01 -7.729709162856121573e-04 3.884181931214045136e+01 4.256474855734623461e-03 -1.114981825881690251e-02 9.999287794511285687e-01 -8.660875760070622098e-01 -6.616685823971759207e-17 9.683338408961021058e-17 7.769275379906705225e-19 1.000000000000001776e+00
2.949101825270870614e-01 -9.554622510686916481e-01 -1.094856267349083104e-02 -5.957150817143912036e+01 9.555108865892101289e-01 2.949487022265295799e-01 -2.051502940203881950e-03 3.950001031199435175e+01 5.189397969112783185e-03 -9.856461720475582361e-03 9.999379582309584347e-01 -8.655604289921324801e-01 -6.933130138495730987e-17 1.051223682471882437e-16 8.635683401208005031e-19 1.000000000000002442e+00
2.943395393640363400e-01 -9.556406735279026066e-01 -1.073026868868330076e-02 -5.935890374679154746e+01 9.556895792824647851e-01 2.943721765688676606e-01 -1.565155881352945852e-03 4.018324935541809850e+01 4.654419169688418616e-03 -9.794118707526468931e-03 9.999412040820019332e-01 -8.612812125519302420e-01 -7.304622370464424579e-17 1.119024697843798136e-16 9.257057496672134591e-19 1.000000000000002665e+00
2.935321421568449773e-01 -9.558738296409253765e-01 -1.200430457936298850e-02 -5.915921720505950532e+01 9.559444000093263449e-01 2.935473352381472445e-01 5.158151853061925711e-04 4.086854442422328759e+01 3.030777384093370948e-03 -1.162685607494962081e-02 9.999278126976414161e-01 -8.646398975193847480e-01 -7.759990457789845017e-17 1.190800571611529765e-16 1.001268716484167714e-18 1.000000000000003109e+00
2.930842704611722471e-01 -9.560295792009340099e-01 -1.044289716304723156e-02 -5.894951837377371362e+01 9.560863515187273398e-01 2.930586383812044948e-01 3.939912393628177203e-03 4.156969700134058598e+01 -7.062915644111549159e-04 -1.113903779747170072e-02 9.999377095545511906e-01 -8.662918591342042562e-01 -8.359679854911707794e-17 1.253145436285403726e-16 1.084173673935395195e-18 1.000000000000003775e+00
2.926420675817550943e-01 -9.561996463851554218e-01 -6.546490236115554487e-03 -5.873000164663334033e+01 9.562176815392349205e-01 2.926131623441914353e-01 5.028193966207792839e-03 4.225903842801456278e+01 -2.892368082198370268e-03 -7.731330794271854684e-03 9.999659297851380968e-01 -8.737736916026273004e-01 -9.028941317841903855e-17 1.309904267136591913e-16 1.165894173679696914e-18 1.000000000000004219e+00
2.918619920555040603e-01 -9.564585242564002110e-01 -1.915455741346452911e-03 -5.851016740834320728e+01 9.564595628044829656e-01 2.918584226608738064e-01 1.940577660739349489e-03 4.296351336215244743e+01 -1.297040154249412026e-03 -2.398436822742414879e-03 9.999962825869280758e-01 -8.779004179226005400e-01 -9.758008248971979635e-17 1.406867851979711142e-16 1.221145118720550984e-18 1.000000000000004885e+00
2.914666224538245975e-01 -9.565809979120345474e-01 -4.928502085204085131e-05 -5.827766876471945778e+01 9.565768579725222320e-01 2.914655118600736894e-01 -2.927488249219471241e-03 4.368377222132760807e+01 2.814744514643717499e-03 8.061202018802623038e-04 9.999957136825976534e-01 -8.789739905367316419e-01 -1.044347451222105277e-16 1.489463061272947658e-16 1.216611437118070607e-18 1.000000000000005551e+00
2.910083433557700827e-01 -9.567144453561989836e-01 -3.407953073347516886e-03 -5.806271645682875260e+01 9.567002703222053928e-01 2.910235123877876195e-01 -5.468820967568318973e-03 4.441288496100578698e+01 6.223894492197732872e-03 -1.668917096637259623e-03 9.999792387110376657e-01 -8.775203297619175169e-01 -1.117815812326292585e-16 1.572501085235367167e-16 1.215210212700481542e-18 1.000000000000006217e+00
2.907473392294073200e-01 -9.567509808404410787e-01 -9.671886678138624446e-03 -5.784641344862141210e+01 9.567515952002406676e-01 2.908193556335307295e-01 -7.105453579336356955e-03 4.514524001062057579e+01 9.610921532843154716e-03 -7.187701285697152033e-03 9.999279809754056947e-01 -8.785786596885505340e-01 -1.203557154196281537e-16 1.661813842318162165e-16 1.266455985293178195e-18 1.000000000000007105e+00
2.902202020096737445e-01 -9.569222787315379009e-01 -8.484504272366230615e-03 -5.762252580661588297e+01 9.569079043707789944e-01 2.902854445385795179e-01 -7.850047237609585407e-03 4.588026257854134116e+01 9.974813185157020701e-03 -5.840646907812647656e-03 9.999331927412229426e-01 -8.761634576127965701e-01 -1.281881487664100634e-16 1.721259364208763099e-16 1.374957920074790823e-18 1.000000000000007994e+00
2.896151402792033203e-01 -9.571369166115968330e-01 -3.463146018651297366e-03 -5.738869463668364546e+01 9.571067542444652299e-01 2.896337891081958160e-01 -7.676534785762409614e-03 4.662775624391193929e+01 8.350538938723429949e-03 -1.091359746551302627e-03 9.999645380879138568e-01 -8.804262614067018822e-01 -1.363487320010889075e-16 1.789958036042648659e-16 1.485556579155685920e-18 1.000000000000008882e+00
2.902495652499562095e-01 -9.569440370203069479e-01 -3.646900537976415380e-03 -5.716136956862652596e+01 9.569396063235346972e-01 2.902625913357800846e-01 -3.770665757320061564e-03 4.738850611531221091e+01 4.666874912561770616e-03 -2.395429468349033301e-03 9.999862410034713323e-01 -8.748376221208962189e-01 -1.440211887991716519e-16 1.874900934660432294e-16 1.528457651466033458e-18 1.000000000000009326e+00
2.911160196921280252e-01 -9.566727304327449222e-01 -5.361895655084358489e-03 -5.692756378860393340e+01 9.566877066415916397e-01 2.911096262167909288e-01 1.953838433081858846e-03 4.816129475114950509e+01 -3.082845086342041771e-04 -5.698453325276004074e-03 9.999837161626196069e-01 -8.769572771762710328e-01 -1.508743177537924890e-16 1.980442116430058838e-16 1.555735032316584454e-18 1.000000000000009548e+00
2.910132425203278417e-01 -9.566832709972029614e-01 -8.271134864433850320e-03 -5.668905210897685976e+01 9.567068741689088718e-01 2.909550994338546137e-01 7.555596021169681820e-03 4.894665096681362826e+01 -4.821783448951512743e-03 -1.011183007927755201e-02 9.999372486795666815e-01 -8.783888144218401361e-01 -1.574234491323298908e-16 2.092339687902278635e-16 1.579967880419783681e-18 1.000000000000009770e+00
2.908384147784492391e-01 -9.567655810681413575e-01 -3.555189523823278856e-03 -5.645508643184319197e+01 9.567413124942765190e-01 2.907971711677504456e-01 9.114066457931066859e-03 4.972750131515864780e+01 -7.686186034020574785e-03 -6.052117331999496558e-03 9.999521460650472315e-01 -8.961275231073076997e-01 -1.636532160894733331e-16 2.217684239961562952e-16 1.657315856938138049e-18 1.000000000000009770e+00
2.902087708626557294e-01 -9.569601061685991672e-01 2.494898038293670486e-03 -5.619883591155967650e+01 9.569288791235719405e-01 2.902194593863201555e-01 7.732120837450104367e-03 5.051326402792872727e+01 -8.123399137410131782e-03 1.435106989136453962e-04 9.999669943509027492e-01 -9.064476391627891427e-01 -1.694745352979103061e-16 2.337015584078458770e-16 1.648100861686404010e-18 1.000000000000009548e+00
2.892913378439408434e-01 -9.572396259199558166e-01 1.679409759280566568e-03 -5.596301724426189139e+01 9.572210406163844665e-01 2.892961882797954187e-01 5.966141792440037527e-03 5.129812346460361283e+01 -6.196874179498434131e-03 -1.183867835022237947e-04 9.999807921830393687e-01 -9.134272888497820819e-01 -1.745601260581442922e-16 2.439827912823954239e-16 1.560946161122530885e-18 1.000000000000008882e+00
2.898596707359666347e-01 -9.570476535480271219e-01 -6.415615255598498476e-03 -5.573873815390046360e+01 9.570648654119691123e-01 2.898317838354556586e-01 4.937658609040308788e-03 5.210565476737080104e+01 -2.866125371868898271e-03 -7.571388049758402336e-03 9.999672291672364599e-01 -9.196054439450216389e-01 -1.796465299058587487e-16 2.557831441948327115e-16 1.486290947648952690e-18 1.000000000000008216e+00
2.890938181268652429e-01 -9.572614319712614561e-01 -8.678431956198396843e-03 -5.549388477873828407e+01 9.572997856853934229e-01 2.890946417138908209e-01 1.186785078124774975e-03 5.290900574598863670e+01 1.372824593689716665e-03 -8.650953281286451885e-03 9.999616374441618882e-01 -9.307973680622055879e-01 -1.850432917781567671e-16 2.656919016107830078e-16 1.505911642389828253e-18 1.000000000000007550e+00
2.885438195344793844e-01 -9.574337481622382517e-01 -7.942423340579518251e-03 -5.525163740423162295e+01 9.574491832845029027e-01 2.885787801374993244e-01 -3.653639553711103636e-03 5.370549312949906096e+01 5.790132651304978617e-03 -6.550231628709178577e-03 9.999617836845275942e-01 -9.321782318567356507e-01 -1.902361356141432688e-16 2.777927002266057980e-16 1.566987620553303258e-18 1.000000000000007105e+00
2.886740515477710933e-01 -9.573792994174785687e-01 -9.600469257000860193e-03 -5.500034600453237488e+01 9.574007951118528315e-01 2.887263075988725225e-01 -4.564736498830602486e-03 5.452181271467380697e+01 7.142092271067775056e-03 -7.873775920735745851e-03 9.999434954890175087e-01 -9.285961704925420612e-01 -1.953193363058893484e-16 2.925025244416149244e-16 1.651749857499641354e-18 1.000000000000006883e+00
2.892744503544437129e-01 -9.571270429097947785e-01 -1.510351293408655066e-02 -5.476935268122429790e+01 9.572304482140419069e-01 2.893242031238633660e-01 -1.172390066738360215e-03 5.534953195294418293e+01 5.491938081742062799e-03 -1.411839996334711238e-02 9.998852481153206462e-01 -9.289355531398322263e-01 -2.002284804444025270e-16 3.068051692576752635e-16 1.774100548151112667e-18 1.000000000000006661e+00
2.889532899678658451e-01 -9.572657656007683702e-01 -1.217580492564936979e-02 -5.451978376276045424e+01 9.573431919964736636e-01 2.889286605234073213e-01 3.773839679614201473e-03 5.618094689180298218e+01 -9.462852219508912028e-05 -1.274688734388406720e-02 9.999187506535431869e-01 -9.276809277141302434e-01 -2.054509666321136608e-16 3.225431277319892406e-16 1.966136647668640251e-18 1.000000000000006439e+00
2.879629664051793769e-01 -9.576209142906390026e-01 -6.286055389409121730e-03 -5.426271718542845690e+01 9.576274272677354205e-01 2.879168737812262124e-01 7.320132265855559817e-03 5.700572428352673171e+01 -5.200050337018953008e-03 -8.127626051976043903e-03 9.999534495021814573e-01 -9.346417811278159293e-01 -2.099886655427429392e-16 3.384191293421820489e-16 2.098307027790899745e-18 1.000000000000006217e+00
2.875157850476664501e-01 -9.577300843300509126e-01 -9.367972974395811017e-03 -5.401760014520985465e+01 9.577451334663777960e-01 2.874144002373171802e-01 1.082690433369015368e-02 5.784430189067447969e+01 -7.676761666658328195e-03 -1.208503642580845659e-02 9.998975043598032908e-01 -9.438436219722716736e-01 -2.143268331646337791e-16 3.571828638614651042e-16 2.114070444804998227e-18 1.000000000000005995e+00
2.881760836875317811e-01 -9.575268034000811168e-01 -9.847109271923615292e-03 -5.376986626073290410e+01 9.575487687585872987e-01 2.880726500197083317e-01 1.070064293789903948e-02 5.867327971391618746e+01 -7.409469563650383436e-03 -1.251275673394340940e-02 9.998942597493837292e-01 -9.615582944001181964e-01 -2.191642095554971949e-16 3.752596136951963818e-16 2.187912287554540677e-18 1.000000000000005551e+00
2.863270525330779415e-01 -9.581145139482284412e-01 -5.779026695480925929e-03 -5.351428461345978604e+01 9.581287394844134608e-01 2.863052915182628388e-01 4.312612014885700701e-03 5.950735569168429606e+01 -2.477410241743895937e-03 -6.771869050128166180e-03 9.999740017761111766e-01 -9.585706857405610348e-01 -2.235181034433928182e-16 3.945835854169876735e-16 2.282766929509737052e-18 1.000000000000005329e+00
2.858318155620664380e-01 -9.582652794264200358e-01 -5.275173777084355385e-03 -5.326090880032024444e+01 9.582768280467791611e-01 2.858403061898901476e-01 -9.166163888748614375e-04 6.034610621064274483e+01 2.386218947662063685e-03 -4.793078667893366576e-03 9.999856660753135840e-01 -9.598139730080011978e-01 -2.280927136551103664e-16 4.136954138233007923e-16 2.276537687353562855e-18 1.000000000000005107e+00
2.857810708259685972e-01 -9.582624600863030029e-01 -7.889052350782990025e-03 -5.301689627129532312e+01 9.582875533880406138e-01 2.858014947022786134e-01 -1.571829262104929839e-03 6.119394900080582289e+01 3.760927929182261795e-03 -7.110781626101596829e-03 9.999676455795216690e-01 -9.664177759464777084e-01 -2.326490348285339529e-16 4.337413543305310492e-16 2.240515293405733182e-18 1.000000000000004441e+00
2.849962273108037625e-01 -9.585101708966717871e-01 -5.950017338557634337e-03 -5.274694053767215962e+01 9.585283827257718992e-01 2.849951933538453774e-01 1.038881145343305062e-03 6.204696506542916268e+01 6.999481977009589439e-04 -5.999337703763860108e-03 9.999817588434872784e-01 -9.749008590981098621e-01 -2.369449693986756417e-16 4.528669974595633341e-16 2.236154437644813648e-18 1.000000000000003775e+00
2.843198537745356136e-01 -9.587277256129468350e-01 -1.835453825023296336e-03 -5.250632950514837916e+01 9.587238933085464598e-01 2.843111380028638946e-01 3.958940075888896931e-03 6.288676577202522111e+01 -3.273705649045876524e-03 -2.885298700590891840e-03 9.999904789060806154e-01 -9.664868720378820832e-01 -2.412196421323919702e-16 4.716417396453718107e-16 2.226442097534151283e-18 1.000000000000003109e+00
2.836543092465017568e-01 -9.589265990958706354e-01 -1.019431774853886327e-04 -5.225340103731372920e+01 9.589072316131714846e-01 2.836479013056655840e-01 6.386645798163797898e-03 6.374336466353641839e+01 -6.095408566511500981e-03 -1.909353652381407277e-03 9.999795999734799601e-01 -9.653426177066466440e-01 -2.449038196833063151e-16 4.875055552237058847e-16 2.140241183703636747e-18 1.000000000000002220e+00
2.834995488288504228e-01 -9.589544819372454176e-01 -5.857250754817504117e-03 -5.201494230639838889e+01 9.589665767108433991e-01 2.834713181807668181e-01 5.207352497272203611e-03 6.459553732923414771e+01 -3.333251423897239107e-03 -7.093189788851182037e-03 9.999692875751987620e-01 -9.629852211740971279e-01 -2.491445509548482944e-16 5.041445709346390569e-16 2.024580699007107946e-18 1.000000000000001332e+00
2.835825306775190957e-01 -9.589351575313113107e-01 -4.930714454609819511e-03 -5.176385263434901418e+01 9.589468761109877226e-01 2.835857662091861298e-01 4.472361816734099705e-05 6.544024177002923182e+01 1.355393386741126195e-03 -4.740976060061998822e-03 9.999878429535300484e-01 -9.720169325631057289e-01 -2.540961682919873848e-16 5.192774780194782079e-16 2.001074889542477285e-18 1.000000000000000444e+00
2.830247695539298558e-01 -9.591086068858183378e-01 -2.767673498096991612e-03 -5.150177498180454450e+01 9.591019341477431404e-01 2.830340527263706107e-01 -3.899347510608504319e-03 6.630391393246675591e+01 4.523243605456896133e-03 -1.550869074511231462e-03 9.999885674708941519e-01 -9.881060348613165401e-01 -2.596374779162080181e-16 5.371996753173346738e-16 1.978342862973304902e-18 9.999999999999997780e-01
2.835841916125746986e-01 -9.589342762256627406e-01 -5.006011097853327318e-03 -5.126090833729151797e+01 9.589456990790088398e-01 2.835895070232518078e-01 -3.711116183019261294e-04 6.715496336065919536e+01 1.775523870493347749e-03 -4.695251423551197699e-03 9.999874009852072199e-01 -9.914365166543858132e-01 -2.656475829113385807e-16 5.591963069058153418e-16 1.909776097105661862e-18 9.999999999999992228e-01
2.839858814454874203e-01 -9.588170381679232968e-01 -4.680433593954347847e-03 -5.101218345996809944e+01 9.588192790007347144e-01 2.839584145928796266e-01 5.762724880817233705e-03 6.801820584213388088e+01 -4.196350299048639751e-03 -6.124222468768904248e-03 9.999724418919846425e-01 -9.840953574148587624e-01 -2.711375480892894025e-16 5.807142193826338593e-16 1.883710957371962598e-18 9.999999999999984457e-01
2.832025270495624469e-01 -9.590543796009664002e-01 -3.320488075011898514e-03 -5.075716280577746886e+01 9.590265242290179071e-01 2.831619243077861947e-01 9.351494380651822688e-03 6.887510585093495763e+01 -8.028355848608914949e-03 -5.832802977608116633e-03 9.999507607436942669e-01 -9.804780349787038940e-01 -2.774376173137202721e-16 6.044921235221576430e-16 1.854414059168401293e-18 9.999999999999976685e-01
2.830386001505963423e-01 -9.591001893701973646e-01 -3.997195886230586574e-03 -5.050811930937925354e+01 9.590673326965870604e-01 2.829853655134202395e-01 1.044673437536620605e-02 6.972313707803419902e+01 -8.888316978812073332e-03 -6.790409070616661678e-03 9.999374421262766655e-01 -9.844941677738455743e-01 -2.821618693964749064e-16 6.277083888575589087e-16 1.807654387554909036e-18 9.999999999999968914e-01
2.836164151332482564e-01 -9.589268478130140716e-01 -4.585805324464060743e-03 -5.025568601037396377e+01 9.588832291370560368e-01 2.835460049620769918e-01 1.202563717004610962e-02 7.058732373215939049e+01 -1.023141956512101450e-02 -7.807919921572287203e-03 9.999171737900525159e-01 -1.001339895374202316e+00 -2.868278788197726328e-16 6.498839428634987249e-16 1.766645595949306010e-18 9.999999999999961142e-01
2.835571480213776585e-01 -9.589281879994101532e-01 -7.216236294928804473e-03 -5.000887282372834619e+01 9.589050113718244894e-01 2.834571424439992771e-01 1.237851215130531674e-02 7.144802266361625698e+01 -9.824610508009548604e-03 -1.042970074881754278e-02 9.998973439162461840e-01 -1.016323167035530384e+00 -2.915879604995124380e-16 6.723416282898155238e-16 1.758804374415438869e-18 9.999999999999953371e-01
2.837712258039261637e-01 -9.588431956600096395e-01 -9.675615864228543153e-03 -4.976369950939705689e+01 9.588747638201132739e-01 2.836911528950853967e-01 8.860986263626823012e-03 7.229535232186024984e+01 -5.751409766213901216e-03 -1.179219681048342301e-02 9.999139289859874102e-01 -1.029477891515196752e+00 -2.964533844944759889e-16 6.943278268944744913e-16 1.814252483699719860e-18 9.999999999999946709e-01
2.837778120605063958e-01 -9.588430734377400011e-01 -9.492834283633691528e-03 -4.951459086627922801e+01 9.588883044653736532e-01 2.837823462958240506e-01 8.941420080888618340e-04 7.312832200714680653e+01 1.836556914887758039e-03 -9.356305433528510490e-03 9.999545422705199416e-01 -1.019557744873747618e+00 -3.015039453482017718e-16 7.170860440154545593e-16 1.909338869746694830e-18 9.999999999999936717e-01
2.834462420998369314e-01 -9.589434218096754003e-01 -9.259676427880581331e-03 -4.925846271056394698e+01 9.589479832194957032e-01 2.835095118005258041e-01 -6.412659155895747941e-03 7.397584736494610524e+01 8.774583657357648211e-03 -7.061903896174082443e-03 9.999365660856266436e-01 -1.019378213266347144e+00 -3.066992560124264721e-16 7.386173511211631809e-16 1.995895585509382657e-18 9.999999999999927836e-01
2.834961311110188453e-01 -9.589274035220592962e-01 -9.390336503273749927e-03 -4.900409107073352288e+01 9.589404655029278857e-01 2.835539385121884637e-01 -5.508863294882830955e-03 7.483388460364649575e+01 7.945266875183119859e-03 -7.443032226758281023e-03 9.999407352466790355e-01 -1.017678109242390772e+00 -3.124404338823542203e-16 7.614446485243267692e-16 2.087769289787592746e-18 9.999999999999916733e-01
2.838861560663800687e-01 -9.588216505080211505e-01 -8.348228018503109707e-03 -4.875860954784015178e+01 9.588557015050966914e-01 2.838937515080593998e-01 2.855615245706835887e-04 7.568468414572448921e+01 2.096207198314140388e-03 -8.085812996534555777e-03 9.999651121632612272e-01 -1.009703844608815126e+00 -3.180484717138676069e-16 7.867953544683731599e-16 2.181672955165780513e-18 9.999999999999904521e-01
2.835072088025656356e-01 -9.589422021333909862e-01 -7.315430586217531485e-03 -4.850415113272179468e+01 9.589569328531859504e-01 2.834550824344385100e-01 7.403862128492188881e-03 7.654705546843270270e+01 -5.026279873919191170e-03 -9.114231163863346918e-03 9.999458321834426844e-01 -1.008384359204377967e+00 -3.240632242934002727e-16 8.132540345920895067e-16 2.282235316768506208e-18 9.999999999999890088e-01
2.834685045135608705e-01 -9.589535018078048090e-01 -7.334052052924239402e-03 -4.825617265477460194e+01 9.589386842609821660e-01 2.833752386488127550e-01 1.162213182050374910e-02 7.739663872177258952e+01 -9.066795256972822251e-03 -1.032741455234561546e-02 9.999055644072341043e-01 -1.012275430348245964e+00 -3.298055257449004933e-16 8.384405729818378856e-16 2.378682791473981768e-18 9.999999999999874545e-01
2.832967701639656499e-01 -9.590076493361500143e-01 -6.875211235950352134e-03 -4.800509313363383512e+01 9.589875664233977748e-01 2.832070424030025402e-01 1.168839502105202544e-02 7.825256709880558503e+01 -9.262151993610986608e-03 -9.904526649670572849e-03 9.999080522190083586e-01 -1.025912673567820788e+00 -3.359338640377592633e-16 8.632373323133616119e-16 2.456162644812193894e-18 9.999999999999856781e-01
2.840527725746127552e-01 -9.587543047092986770e-01 -1.020811413469811281e-02 -4.775650783456878656e+01 9.587902952925106970e-01 2.839653641356143510e-01 9.210951292341167107e-03 7.910240707385926839e+01 -5.932288354591606049e-03 -1.240383701822238109e-02 9.999054719233320121e-01 -1.034348479163670786e+00 -3.426232897912763613e-16 8.848125983807992914e-16 2.513692303464535830e-18 9.999999999999840128e-01
2.842267821162456909e-01 -9.586748309391915912e-01 -1.255805923224171186e-02 -4.751154560431224638e+01 9.587504595397000617e-01 2.841517649915459853e-01 7.438466513463662562e-03 7.994822877276850193e+01 -3.562675931521281942e-03 -1.415425646083691077e-02 9.998934765085555343e-01 -1.041040788083776869e+00 -3.486669589989284201e-16 9.079198639808169482e-16 2.660572858639211134e-18 9.999999999999823475e-01
2.831798342638888744e-01 -9.589871379671787155e-01 -1.236327949698744037e-02 -4.725633177129109441e+01 9.590620945862632363e-01 2.831144040741266354e-01 6.792122865227206117e-03 8.080724139471168144e+01 -3.013335960043707958e-03 -1.378054495760842185e-02 9.999005032437877638e-01 -1.047321331090458107e+00 -3.541072643909314885e-16 9.279222622382749690e-16 2.813737146403953862e-18 9.999999999999801270e-01
2.827593988176926310e-01 -9.591117331059340056e-01 -1.232094959472122137e-02 -4.700236678261854451e+01 9.591809273430400573e-01 2.826746583593887086e-01 8.184506227568671619e-03 8.166221738196013291e+01 -4.367035735177343496e-03 -1.413226591853546620e-02 9.998905980451119335e-01 -1.047069850346090902e+00 -3.589536078241808965e-16 9.465234045691338606e-16 2.987229430825815308e-18 9.999999999999774625e-01
2.825452366277876326e-01 -9.591536761248404819e-01 -1.387136746257282456e-02 -4.675610787858841633e+01 9.592229372181654279e-01 2.823902261760398713e-01 1.212917450721943437e-02 8.251784165061935994e+01 -7.716603721819179779e-03 -1.673277432191998260e-02 9.998302197326336405e-01 -1.047173336768635998e+00 -3.637704497954801291e-16 9.634491131548962195e-16 3.134312406691680557e-18 9.999999999999747979e-01
2.820700003158972402e-01 -9.592981290477868850e-01 -1.355044380592504427e-02 -4.650934782457647998e+01 9.593492894143561545e-01 2.818926799393808857e-01 1.361829270416981853e-02 8.337122717229041768e+01 -9.244231793101078190e-03 -1.684092046382641358e-02 9.998154467583499905e-01 -1.053322458404528206e+00 -3.690478969693573149e-16 9.807232538977425000e-16 3.299168704313464241e-18 9.999999999999719114e-01
2.811257944699687705e-01 -9.596000895306256995e-01 -1.166001100253036098e-02 -4.625694209770889387e+01 9.596316013434332826e-01 2.809835318858087128e-01 1.246773882517812800e-02 8.422367082871025445e+01 -8.687772219553363193e-03 -1.469431801250823885e-02 9.998542892002412197e-01 -1.065515026810084365e+00 -3.738321819661962195e-16 9.955434078553019451e-16 3.403269671636914592e-18 9.999999999999686917e-01
2.804345768830104890e-01 -9.597780030478872959e-01 -1.351417603833649297e-02 -4.601336992998820818e+01 9.598443957735954823e-01 2.802894235329116968e-01 1.168652886843887621e-02 8.507567405084759571e+01 -7.428592728590237108e-03 -1.624881291234319194e-02 9.998403833058167045e-01 -1.076819840311397991e+00 -3.788528623436829324e-16 1.010262149135692615e-15 3.468430568797916274e-18 9.999999999999653610e-01
2.795927261309225642e-01 -9.600267339033049518e-01 -1.328825367659314249e-02 -4.576402524948716888e+01 9.600949712092957666e-01 2.794617462385132201e-01 1.089856170838748688e-02 8.593691523683841638e+01 -6.749352024211944211e-03 -1.580514411000117150e-02 9.998523109274811693e-01 -1.090860897053818723e+00 -3.835423454334371475e-16 1.026085916216715415e-15 3.637026159576324040e-18 9.999999999999621414e-01
2.782456423990068983e-01 -9.604643446837488607e-01 -9.359758401002038139e-03 -4.551127518016332374e+01 9.604946488710593977e-01 2.781729977811054910e-01 8.355405130051875295e-03 8.677524514535318190e+01 -5.421436659876123325e-03 -1.131485292679973963e-02 9.999212879661560915e-01 -1.094904682887562597e+00 -3.893105805860530529e-16 1.042111213876598040e-15 3.792937677849052624e-18 9.999999999999586997e-01
2.770827691370772450e-01 -9.607489259566385220e-01 -1.366163682145045410e-02 -4.527461404872667572e+01 9.608455713282124666e-01 2.770403727247840453e-01 4.941653449187248005e-03 8.762929852516286644e+01 -9.628632866990770225e-04 -1.449597025879982397e-02 9.998944643014358036e-01 -1.091454372519864435e+00 -3.934630184734121400e-16 1.055178483507311673e-15 3.833828858720567090e-18 9.999999999999552580e-01
2.763969748353123923e-01 -9.608047951770765094e-01 -2.142096792335028768e-02 -4.503975921692862272e+01 9.610348299710692599e-01 2.764207705198339360e-01 1.900843765966053756e-03 8.847682727184923124e+01 4.094860653442706708e-03 -2.111168373258131767e-02 9.997687377220354499e-01 -1.102983288591218747e+00 -3.972638609615531238e-16 1.068757262089912567e-15 3.956299731819796039e-18 9.999999999999517053e-01
2.751392368212749462e-01 -9.611234243123527587e-01 -2.324141991478863301e-02 -4.480417784695507777e+01 9.613912149807224417e-01 2.751816165853689378e-01 1.417621480085562652e-03 8.932754527169025494e+01 5.033102292584894916e-03 -2.273414022188969402e-02 9.997288766209523336e-01 -1.105633816995351015e+00 -4.021988999893088232e-16 1.082559909659575556e-15 4.223185579171431818e-18 9.999999999999480416e-01
2.736933359153324585e-01 -9.615757611977241437e-01 -2.154096916827919969e-02 -4.456740858282085327e+01 9.618141146660397212e-01 2.736788024719998824e-01 3.677214430274895838e-03 9.017916988487638719e+01 2.359386381195660316e-03 -2.172483727393538511e-02 9.997612038589173133e-01 -1.097039635823415349e+00 -4.076859203599872760e-16 1.097329388480283661e-15 4.518594174089720159e-18 9.999999999999443778e-01
2.732972825623917190e-01 -9.617541379485216035e-01 -1.837317291774492184e-02 -4.432656721780530518e+01 9.619277663070271434e-01 2.732093932274783921e-01 7.183304192603620283e-03 9.103818259854070050e+01 -1.888849106843973726e-03 -1.963684270039528501e-02 9.998053943932875276e-01 -1.084658416144158144e+00 -4.117181802549312434e-16 1.112226365789055748e-15 4.697568769978171852e-18 9.999999999999404920e-01
2.719434011133403106e-01 -9.621168935170332226e-01 -1.943887342936185050e-02 -4.409576252182304756e+01 9.623042583505524439e-01 2.717980610890022297e-01 9.814700602374114985e-03 9.189507102820039108e+01 -4.159441146484483230e-03 -2.137515374132924889e-02 9.997628728113423513e-01 -1.089279884292041478e+00 -4.146366338455552474e-16 1.128962126937142932e-15 4.891752564937500262e-18 9.999999999999364952e-01
2.715592896084479957e-01 -9.622654869366048525e-01 -1.734026753478080593e-02 -4.386585676016144220e+01 9.624074599775946925e-01 2.714131343445686517e-01 1.033399651536513753e-02 9.273975515490792532e+01 -5.237671826854245830e-03 -1.949469558600645802e-02 9.997962410601211047e-01 -1.096826656102325881e+00 -4.159235512858478250e-16 1.143616441210914194e-15 5.089598765981458829e-18 9.999999999999323874e-01
2.697780052686830632e-01 -9.628193535612055154e-01 -1.409681813035573716e-02 -4.362972519144198458e+01 9.629002463652033272e-01 2.696432186305923739e-01 1.075407809157139134e-02 9.359952169392914811e+01 -6.553123103137681663e-03 -1.647504338672901164e-02 9.998428024060107555e-01 -1.111248290436729347e+00 -4.155233255662446419e-16 1.157604812347004408e-15 5.223257361088043871e-18 9.999999999999285016e-01
2.692000650918820459e-01 -9.629781337660414664e-01 -1.429821118779933849e-02 -4.340235454335309839e+01 9.630474013331159489e-01 2.690301723296346648e-01 1.274633912304471220e-02 9.444636048231672021e+01 -8.427795641181743194e-03 -1.720117044972484591e-02 9.998165291671736732e-01 -1.116555321081542207e+00 -4.134719842351533313e-16 1.171732122804052062e-15 5.372284340230163687e-18 9.999999999999243938e-01
2.686708218751904798e-01 -9.630486423129254181e-01 -1.879632975658655433e-02 -4.318052960317951516e+01 9.631957690916719272e-01 2.684401696999708098e-01 1.392069303442661048e-02 9.530007154184569629e+01 -8.360614577245675458e-03 -2.184462933462475928e-02 9.997264187232558497e-01 -1.112298682183169518e+00 -4.087543045176716082e-16 1.184860354557630494e-15 5.533869884452056784e-18 9.999999999999200639e-01
2.685082014167345377e-01 -9.629829958379668708e-01 -2.381376700708053712e-02 -4.295540772666021212e+01 9.632483022438528275e-01 2.682258857708326172e-01 1.440772105426317735e-02 9.614825243836303059e+01 -7.486921634997303551e-03 -2.680716190639384836e-02 9.996125859927221802e-01 -1.118396951334508449e+00 -4.051844571882641055e-16 1.199277003230981177e-15 5.707623459931752862e-18 9.999999999999152900e-01
2.688234864481880981e-01 -9.628339673266700371e-01 -2.616647656857403262e-02 -4.273526733630558283e+01 9.631757275641035232e-01 2.685753806622047657e-01 1.264051947852572536e-02 9.699742393304822485e+01 -5.143050113565392906e-03 -2.860098362345880885e-02 9.995776772074291827e-01 -1.127659740561060442e+00 -4.008176634010172042e-16 1.216049490584630933e-15 6.019119878001635705e-18 9.999999999999104050e-01
2.702677596117644687e-01 -9.623775280286039902e-01 -2.801484713833164719e-02 -4.250117014079047806e+01 9.627730844818752631e-01 2.700039565515728879e-01 1.287832453831653373e-02 9.784345380919386059e+01 -4.829690564777330136e-03 -3.045253671118421795e-02 9.995245455200187923e-01 -1.145014304870435540e+00 -3.937656467481614529e-16 1.228382136280069666e-15 6.212905581660466464e-18 9.999999999999052980e-01
2.713152403403434332e-01 -9.621215186716112200e-01 -2.665002191918488042e-02 -4.227007578201752835e+01 9.624602802191823958e-01 2.709831320639797814e-01 1.543862482080067024e-02 9.869580181005049724e+01 -7.632126749533382770e-03 -2.983832176796484548e-02 9.995256000700760701e-01 -1.153070936069856112e+00 -3.859056120918521382e-16 1.240953383939687878e-15 6.458506388458059218e-18 9.999999999998999689e-01
