7.776643298505071522e-01 -6.283270418909718824e-01 2.105513017539679954e-02 -6.595706452974710032e+01 6.273831315584290635e-01 7.777749582105364379e-01 3.816438937725780828e-02 2.570221620028133813e+01 -4.035587087527425093e-02 -1.646945078440825716e-02 9.990496288357048060e-01 -9.129631140606117023e-01 -4.809208017785018303e-24 -1.416202385148814181e-23 -3.430527606006730092e-24 9.999999999999997780e-01
7.495755328794238004e-01 -6.613446479863517302e-01 2.756405427974448208e-02 -6.555922253987236559e+01 6.606196680023032064e-01 7.500631686744795301e-01 3.141492076271554940e-02 2.608315428450240248e+01 -4.145087160791780662e-02 -5.338499583995228066e-03 9.991262811402459310e-01 -9.170173234405548657e-01 -4.809208017785018303e-24 -1.416202385148814181e-23 -3.430527606006730092e-24 9.999999999999997780e-01
7.210873030246860438e-01 -6.927559287981572833e-01 1.106004211507656543e-02 -6.520528963372478870e+01 6.924450127267055555e-01 7.211218170423328022e-01 2.243277369115953199e-02 2.648189015713081673e+01 -2.351607464052698701e-02 -8.517517277189332742e-03 9.996871741364572461e-01 -9.277371857137043376e-01 8.283227588003762791e-19 -2.123676041219372319e-18 7.758951252731467189e-20 1.000000000000000000e+00
6.908383269892407474e-01 -7.228649268084055279e-01 -1.444657582218252488e-02 -6.486562488601630605e+01 7.230022493396374150e-01 6.907817585387187043e-01 9.397314509061850327e-03 2.689574564451362448e+01 3.186441986521384041e-03 -1.693693184832558221e-02 9.998514824347822794e-01 -9.302176040479842589e-01 2.385286167032715728e-20 -7.029140287281073167e-18 1.867431172947516826e-19 1.000000000000000444e+00
6.561022554048795419e-01 -7.541109835797561445e-01 -2.909389793415850453e-02 -6.452538395411929173e+01 7.541525075379177379e-01 6.565934020275129290e-01 -1.179405732604803594e-02 2.731775899427749010e+01 2.799688959337219563e-02 -1.420312846910324819e-02 9.995071011827701968e-01 -9.495683827586060000e-01 -1.052758300173004241e-18 -1.424768288455792170e-17 1.901292984344216251e-19 1.000000000000000666e+00
6.187527133528499812e-01 -7.850581812625112565e-01 -2.878770138937007672e-02 -6.419069359498759297e+01 7.843055205650498740e-01 6.194206715746728431e-01 -3.439305216421958966e-02 2.777117736004165494e+01 4.483224430780331782e-02 -1.297558776963948128e-03 9.989936867726139091e-01 -9.660384445306170464e-01 -2.753413734231093584e-18 -2.121952442402443779e-17 2.236436899287879518e-19 1.000000000000000888e+00
5.861467922748909709e-01 -8.099236717751954195e-01 -2.134440919868023714e-02 -6.386668652851553674e+01 8.089757075878470927e-01 5.865050162512409626e-01 -3.962537627426539200e-02 2.825766064059668992e+01 4.461213331147131228e-02 5.959178661299479457e-03 9.989866093952769477e-01 -9.590480609067011386e-01 -3.264622886975292714e-18 -2.691485654351127686e-17 2.761312223703882828e-19 1.000000000000001110e+00
5.574143445437941269e-01 -8.300954711280615905e-01 -1.519069812393488567e-02 -6.356433826692644828e+01 8.297536483819885067e-01 5.576208826812263375e-01 -2.382927180156812347e-02 2.876523480937905575e+01 2.825122109917305863e-02 6.782407324225998759e-04 9.996006244975537136e-01 -9.284653489190790587e-01 -3.978146758647859499e-18 -3.562601396038805904e-17 3.784018076560693554e-19 1.000000000000001332e+00
5.285543735651213604e-01 -8.488567705421601328e-01 -8.512184790940183904e-03 -6.327983950864904727e+01 8.488065821064976202e-01 5.286182980650746543e-01 -9.491107599912724027e-03 2.927960616722338116e+01 1.255628758313104450e-02 -2.208632046745984123e-03 9.999187274906852219e-01 -9.020104188917026367e-01 -5.186231154331818116e-18 -4.404020683761780105e-17 4.699590171984875625e-19 1.000000000000001554e+00
4.985820807187986148e-01 -8.668170013375805505e-01 -6.647930372392174200e-03 -6.300680167529987585e+01 8.667956163573956596e-01 4.986202132510275109e-01 -6.575895460403259792e-03 2.979111332268407253e+01 9.014890444054925872e-03 -2.483773263401873981e-03 9.999562803546113710e-01 -8.923948135810632065e-01 -6.570030748490643798e-18 -5.138015077141846958e-17 5.624254112699839303e-19 1.000000000000001776e+00
4.713125618662685756e-01 -8.819485960147809278e-01 -5.580592675452795796e-03 -6.275061103327232104e+01 8.817949934130949741e-01 4.713362975625803308e-01 -1.672376128754209448e-02 3.032041251773438262e+01 1.737983367748550598e-02 2.961180094979104331e-03 9.998445743183053125e-01 -8.963291376959540147e-01 -7.395482660613150086e-18 -5.721140472075479165e-17 6.488708233608518298e-19 1.000000000000001998e+00
4.457562600261219532e-01 -8.951304434654754338e-01 -6.545672526452380596e-03 -6.250667706336934515e+01 8.948285037405503406e-01 4.457793642915801602e-01 -2.372145158392080511e-02 3.085228028971884484e+01 2.415171921366130250e-02 4.716731187618001912e-03 9.996971776022399725e-01 -8.906303025320035927e-01 -8.566683759184299867e-18 -6.088595247814185096e-17 7.670205830274142620e-19 1.000000000000002220e+00
4.228276093379989553e-01 -9.061829398386838097e-01 -7.020849437995644975e-03 -6.226917707176407646e+01 9.058846007752143770e-01 4.228706774983497785e-01 -2.352615970415599181e-02 3.141045195063041717e+01 2.428791592228408958e-02 3.587430474370267852e-03 9.996985683108142728e-01 -8.876878953424182095e-01 -1.038445041143164565e-17 -6.310060005053813503e-17 9.178301681476955083e-19 1.000000000000002442e+00
4.032322938751056740e-01 -9.150794003322634262e-01 -5.779988214853346712e-03 -6.203767623450234225e+01 9.149510698587837165e-01 4.032727091920049745e-01 -1.535127959549225339e-02 3.198866770771821777e+01 1.637855123307580679e-02 9.017252842566053726e-04 9.998654559244244400e-01 -8.744876788519986288e-01 -1.367063040834524973e-17 -6.481216456753780308e-17 1.137051995292198522e-18 1.000000000000002665e+00
3.858311227255129539e-01 -9.225660805070026171e-01 -2.484317675964992089e-03 -6.180908443122589802e+01 9.225477540276932897e-01 3.858391177340602107e-01 -5.815218368650652142e-03 3.257459682222339126e+01 6.323470157921462671e-03 -4.820946018299033863e-05 9.999800055005810817e-01 -8.619578888609982226e-01 -1.667960988211277727e-17 -6.546915623036130621e-17 1.309009091336012894e-18 1.000000000000002887e+00
3.696787541926751519e-01 -9.291589458981334149e-01 1.127810276184698299e-03 -6.158643807396759229e+01 9.291586385028794970e-01 3.696798607830760197e-01 1.012436120281163089e-03 3.315981345404286884e+01 -1.357642824201957385e-03 6.736385370633516398e-04 9.999988515078445106e-01 -8.574721856478166870e-01 -2.053984960160509238e-17 -6.458280127603893744e-17 1.455998293328565477e-18 1.000000000000003331e+00
3.556045075277095013e-01 -9.346352722293389537e-01 1.530402157305344466e-03 -6.137479641167742273e+01 9.346304177265837287e-01 3.556076265985400608e-01 3.032847705526353892e-03 3.375408016472040629e+01 -3.378829119788034387e-03 3.518660928407349323e-04 9.999942298353273751e-01 -8.551969955456365513e-01 -2.505755651760078285e-17 -6.152943819749979412e-17 1.565399772842647232e-18 1.000000000000004219e+00
3.427446390452970060e-01 -9.394286002703332583e-01 1.319084176915260589e-04 -6.117219146449402700e+01 9.394266271355661280e-01 3.427442008627067938e-01 2.006241187045815222e-03 3.435685360470915128e+01 -1.929931195362413494e-03 -5.637101315701570402e-04 9.999979787961460476e-01 -8.595376931152526323e-01 -2.920478441916429163e-17 -5.855953268649836045e-17 1.667008365441884346e-18 1.000000000000005107e+00
3.304017194224323495e-01 -9.438294798292463650e-01 -4.540573527060767431e-03 -6.097105978094977985e+01 9.438402759398070163e-01 3.303953691020550254e-01 2.105609130580125311e-03 3.497069070885608966e+01 -4.871515040333587905e-04 -4.981273047882572511e-03 9.999874747226255023e-01 -8.620348719086914357e-01 -3.253842376347097833e-17 -5.463984249640216211e-17 1.780638614019269403e-18 1.000000000000005995e+00
3.200602576368238306e-01 -9.473678306531192472e-01 -7.458211920707101018e-03 -6.077516641588412227e+01 9.473971743609784779e-01 3.200516620874135354e-01 2.351086545669975412e-03 3.560258720955771139e+01 1.596693609708966252e-04 -7.818378264998320989e-03 9.999694232659764870e-01 -8.660075845925541138e-01 -3.637340996388408873e-17 -5.087973329297961509e-17 1.914025820908663483e-18 1.000000000000006883e+00
3.118251900207210658e-01 -9.500924808425846857e-01 -9.451386931449992646e-03 -6.058121394864460996e+01 9.501394033952463847e-01 3.118139860542042396e-01 2.674362866830579978e-03 3.623925642524583424e+01 4.061825820132149070e-04 -9.814068849440841028e-03 9.999517583704762291e-01 -8.702905863731518199e-01 -4.077031018158727620e-17 -4.683899182650875411e-17 2.067254844337061014e-18 1.000000000000007772e+00
3.058014000116183184e-01 -9.520299965814841281e-01 -1.115299780326901337e-02 -6.038195435757941709e+01 9.520942825371931928e-01 3.057974005366773662e-01 2.104040168530705180e-03 3.687394279670677122e+01 1.407448381974955084e-03 -1.126212387086120842e-02 9.999355897530792792e-01 -8.706249576355356012e-01 -4.377119928379326444e-17 -4.497775322466525101e-17 2.228868964930054717e-18 1.000000000000008438e+00
3.013363323214323652e-01 -9.534324998120048411e-01 -1.276256734780180715e-02 -6.018614709575677324e+01 9.535161123661759497e-01 3.013347976993297483e-01 2.088816323333881654e-03 3.752072966986665392e+01 1.854260281067217830e-03 -1.279874985105556272e-02 9.999163733637528306e-01 -8.717496099091626149e-01 -4.649106380964778624e-17 -4.097547768934581792e-17 2.376517351465427107e-18 1.000000000000009326e+00
2.978842678728326754e-01 -9.545150617756141820e-01 -1.288253846772657342e-02 -5.998404907704840383e+01 9.545994193606014422e-01 2.978876688499105252e-01 1.698618145688634814e-03 3.817669074764451409e+01 2.216192748752736971e-03 -1.280365536390770664e-02 9.999155738855523001e-01 -8.771375392061261378e-01 -4.861225854165620456e-17 -3.866006825783852118e-17 2.523982084098170153e-18 1.000000000000010214e+00
2.956676474878883742e-01 -9.552166766097534012e-01 -1.190558505945105150e-02 -5.978168791656007386e+01 9.552832424647512699e-01 2.956921207861369361e-01 -3.104368953335592254e-04 3.883879421537593402e+01 3.816922194883967841e-03 -1.128141975249656072e-02 9.999290778216065601e-01 -8.810546289399062703e-01 -5.016622127646530930e-17 -3.840983897578931780e-17 2.689974490735348345e-18 1.000000000000011102e+00
2.948848244165278021e-01 -9.554678936598134387e-01 -1.113752728962555220e-02 -5.957842117304518581e+01 9.555208093707688866e-01 2.949194939285777473e-01 -1.573200680749260423e-03 3.951268220779899565e+01 4.787816652609327116e-03 -1.017822608365800269e-02 9.999367382616382027e-01 -8.813465672572721177e-01 -5.136805444614615932e-17 -3.904963453277190889e-17 2.863039585658936785e-18 1.000000000000012212e+00
2.945475284230720248e-01 -9.555742610957268512e-01 -1.093549410094003284e-02 -5.936992813235718813e+01 9.556273755596440544e-01 2.945762339078824565e-01 -1.077728016133299143e-03 4.019094404102541773e+01 4.251185820852873727e-03 -1.013281540466531502e-02 9.999396249128823522e-01 -8.807365356128140643e-01 -5.174611907963138302e-17 -4.172102501353028054e-17 3.022956938568188681e-18 1.000000000000013101e+00
2.935524862695798043e-01 -9.558637512052484686e-01 -1.230556527744120290e-02 -5.916682703108672570e+01 9.559388909410980739e-01 2.935644619728957072e-01 8.622371541158954655e-04 4.087641859405361089e+01 2.788295409379686497e-03 -1.201648028406535409e-02 9.999239119103556783e-01 -8.813430363859274808e-01 -5.210727298742659809e-17 -4.211520364616132229e-17 3.207206925955409063e-18 1.000000000000014211e+00
2.930625605240698706e-01 -9.560322734929378452e-01 -1.079942864326742524e-02 -5.895795806124267813e+01 9.560928547692827406e-01 2.930332464526995140e-01 4.239048543932484592e-03 4.157192277181641060e+01 -8.880755817351915909e-04 -1.156756298188920881e-02 9.999326991394114073e-01 -8.817163372864118553e-01 -5.141931386724569636e-17 -4.409781285886898251e-17 3.388860909203181302e-18 1.000000000000015099e+00
2.924200345470656104e-01 -9.562661744956320042e-01 -6.747363263199626301e-03 -5.873947282263597458e+01 9.562858627432183622e-01 2.923907955354976274e-01 4.997139543907442791e-03 4.227618621066504545e+01 -2.805728602782961087e-03 -7.913671817455759927e-03 9.999647502213124817e-01 -8.849991130611486456e-01 -5.017503191175713141e-17 -4.702326413295864817e-17 3.598165644745508039e-18 1.000000000000015987e+00
2.919015078968237864e-01 -9.564462734907120955e-01 -2.008883599248805461e-03 -5.851769524880777595e+01 9.564476068888132509e-01 2.918979510937287358e-01 1.887173545153222930e-03 4.297717268250818989e+01 -1.218591098089131857e-03 -2.472260714511188926e-03 9.999962014740275684e-01 -8.908324390371984425e-01 -4.822446689563544957e-17 -4.961626739981656291e-17 3.841930556322115701e-18 1.000000000000016653e+00
2.917056269660638357e-01 -9.565081357121548722e-01 1.162446551455394698e-04 -5.829725388248587592e+01 9.565045661270451527e-01 2.917042016960608164e-01 -2.770142779935357794e-03 4.368311515013924407e+01 2.615755051758518034e-03 9.192547798434127105e-04 9.999961563905822581e-01 -8.917325461903478079e-01 -4.750325657304404492e-17 -4.837770843307195378e-17 4.078965506795037825e-18 1.000000000000017319e+00
2.912552080247586272e-01 -9.566387509306260029e-01 -3.564269402708455676e-03 -5.808098623970948893e+01 9.566260998892459622e-01 2.912709743240410321e-01 -5.265408536801075012e-03 4.441603685096907128e+01 6.075262067462070328e-03 -1.876095478944121275e-03 9.999797855238545807e-01 -8.933433320845118875e-01 -4.602020434105732466e-17 -4.620512186909878415e-17 4.297207887966482385e-18 1.000000000000018208e+00
2.911058289063606086e-01 -9.566392146565574350e-01 -9.940289636413360969e-03 -5.786198622859269847e+01 9.566443134526910752e-01 2.911784432928439803e-01 -6.838983859616417846e-03 4.514806569943149128e+01 9.436838210720353837e-03 -7.518453489415081840e-03 9.999272068213117537e-01 -8.959376863456444129e-01 -4.470345625838218137e-17 -4.605357309916327837e-17 4.512763343266663719e-18 1.000000000000018874e+00
2.905902007629208583e-01 -9.568076225525401490e-01 -8.746922084569496228e-03 -5.763501143763986789e+01 9.568001696065101536e-01 2.906546754112930842e-01 -7.300349481883171635e-03 4.588659662577585152e+01 9.527363830898761751e-03 -6.247646512469117418e-03 9.999350960193547078e-01 -8.965928668055245243e-01 -4.293609460311919291e-17 -4.441171055547197262e-17 4.728774617180942524e-18 1.000000000000019318e+00
2.898235577977639754e-01 -9.570712102136005317e-01 -4.123581665875997865e-03 -5.739845318829150500e+01 9.570444339225496755e-01 2.898472615477547532e-01 -7.383527015155620654e-03 4.662988516651771675e+01 8.261769989659191807e-03 -1.806530812520671823e-03 9.999642391619801840e-01 -8.980873270420471899e-01 -4.063919474159644126e-17 -4.422211396008089021e-17 4.934664165344276867e-18 1.000000000000019540e+00
2.902124344522607480e-01 -9.569519198494848000e-01 -4.445895378368550956e-03 -5.716853365373530949e+01 9.569505242774464238e-01 2.902287433009732576e-01 -3.601478461528010658e-03 4.739429795865397921e+01 4.736768356563328917e-03 -3.209308081262399713e-03 9.999836315494873284e-01 -8.923307869116847701e-01 -3.717416866705130971e-17 -4.763641115450895570e-17 5.128196186837072210e-18 1.000000000000019318e+00
2.914935098867266206e-01 -9.565527487977291132e-01 -6.194550949544643491e-03 -5.693758093811656096e+01 9.565727851185167330e-01 2.914860295960970960e-01 2.097932543850892541e-03 4.816133390549543947e+01 -2.011580802040737164e-04 -6.537072575074933528e-03 9.999786128799399432e-01 -8.912394512409045344e-01 -3.334693000237776861e-17 -4.838803996780695379e-17 5.326069149341505363e-18 1.000000000000019318e+00
2.913178032355163705e-01 -9.565908257988100516e-01 -8.241936400421387074e-03 -5.669955266200139476e+01 9.566142400781842969e-01 2.912599915863393618e-01 7.537438611065289985e-03 4.894863866909801686e+01 -4.809698298730452973e-03 -1.008014378465814376e-02 9.999376268064219531e-01 -8.999911936076913088e-01 -2.973358626885179695e-17 -4.891586886719243006e-17 5.539417598175967469e-18 1.000000000000019318e+00
2.908352634368620016e-01 -9.567656915092674907e-01 -3.776386163178228374e-03 -5.645539220850872653e+01 9.567417566039305710e-01 2.907914861906308324e-01 9.247849994597981058e-03 4.972304887860295253e+01 -7.749884650241243081e-03 -6.302627220774895643e-03 9.999501068441947194e-01 -9.143704671511594384e-01 -2.527405624367448377e-17 -5.147646007394038543e-17 5.777078725136197266e-18 1.000000000000019540e+00
2.902885086466055475e-01 -9.569361654683801177e-01 2.399367928411513372e-03 -5.620853539241343810e+01 9.569040851225831812e-01 2.902984236298739584e-01 7.835631038809446128e-03 5.051117299705926911e+01 -8.194731447635441104e-03 2.137132385166613558e-05 9.999664223959968679e-01 -9.237624513439044449e-01 -2.066738171847401743e-17 -5.451976873054861406e-17 6.014010251957518019e-18 1.000000000000019762e+00
2.895996761875865300e-01 -9.571471084674233465e-01 1.200126890323336033e-03 -5.596880840768122312e+01 9.571286363499994509e-01 2.896015787993345691e-01 5.974867009211843119e-03 5.129779347928684530e+01 -6.066385323547516563e-03 -5.816437371459380005e-04 9.999814301572500508e-01 -9.267403671875364957e-01 -1.515687534780152054e-17 -6.066671264744841558e-17 6.289378413014624030e-18 1.000000000000019984e+00
2.902367311373513226e-01 -9.569312713239548351e-01 -6.721745389785412604e-03 -5.574174303727679813e+01 9.569493429228467241e-01 2.902040004679804497e-01 5.439962496890088546e-03 5.210552880711669843e+01 -3.254992825866037404e-03 -8.011246766654680357e-03 9.999626117743627418e-01 -9.362928757420490022e-01 -1.003742250021204722e-17 -6.452464005815198014e-17 6.551981049183269081e-18 1.000000000000020206e+00
2.895655895303376193e-01 -9.571145647069674300e-01 -9.136705413023131495e-03 -5.549048478447944177e+01 9.571574716232414959e-01 2.895637454804344535e-01 1.553003284755780653e-03 5.290772450930063542e+01 1.159256577864284203e-03 -9.194962163786277176e-03 9.999570534751174300e-01 -9.451289887743040685e-01 -5.229839525149000895e-18 -6.816607977358021567e-17 6.769099447408946007e-18 1.000000000000020650e+00
2.885457931364195372e-01 -9.574322681739251273e-01 -8.048423614235557244e-03 -5.524061818019376346e+01 9.574504932872743845e-01 2.885788855545142195e-01 -3.283247801691032558e-03 5.370935547292032908e+01 5.466092506813033033e-03 -6.758599818629706241e-03 9.999622208667846568e-01 -9.481660289603061065e-01 -1.959068608964385985e-18 -6.927461023823094987e-17 6.974373605271745482e-18 1.000000000000021094e+00
2.887565045911708039e-01 -9.573496971590612636e-01 -1.006172976240933027e-02 -5.499943232582038632e+01 9.573778382670337095e-01 2.888086379813247784e-01 -4.152760837280051846e-03 5.452515144682073611e+01 6.881558798358142909e-03 -8.433740385383988944e-03 9.999407563307129987e-01 -9.457488573769459173e-01 5.475185240298893493e-19 -7.158641022252025829e-17 7.191831797820427634e-18 1.000000000000021538e+00
2.890906728830188732e-01 -9.571741019563010378e-01 -1.563078361000795960e-02 -5.476299419116364930e+01 9.572879026968947880e-01 2.891356886019920691e-01 -6.518641659175040655e-04 5.534626654598503137e+01 5.143364880074151671e-03 -1.477471220917886754e-02 9.998776193497159737e-01 -9.441336164728365565e-01 3.320234253130447456e-18 -7.509709898068338462e-17 7.381713651125430239e-18 1.000000000000021760e+00
2.890446386869572337e-01 -9.572342528389068406e-01 -1.248126749728834493e-02 -5.451528139681354190e+01 9.573155832458118963e-01 2.890164331265041575e-01 4.046660057786407270e-03 5.617649176197058836e+01 -2.663102039491531013e-04 -1.311817726810371280e-02 9.999139175467225416e-01 -9.441833558064972598e-01 5.439113775337769734e-18 -7.792272283215566003e-17 7.566125616534587395e-18 1.000000000000021982e+00
2.881935705086578481e-01 -9.575525439194213506e-01 -6.131194907237096613e-03 -5.425916703688341158e+01 9.575563306324391677e-01 2.881460647666055919e-01 7.597303819031034529e-03 5.700820625739904557e+01 -5.508137914010669857e-03 -8.060458611608974783e-03 9.999523435760695467e-01 -9.485546222825904650e-01 7.577500565947402413e-18 -8.432322497129483685e-17 7.693120831466845694e-18 1.000000000000022204e+00
2.875748577058697686e-01 -9.577147748782565140e-01 -9.116534177859266300e-03 -5.400927080534181357e+01 9.577251976370462216e-01 2.874729557425065862e-01 1.103383558923037855e-02 5.784883885050446395e+01 -7.946510341153265738e-03 -1.190418819677589030e-02 9.998975663918502343e-01 -9.591364372432221730e-01 9.593435095216857853e-18 -9.002248593975831405e-17 7.838757997081978022e-18 1.000000000000022427e+00
2.881615518738417370e-01 -9.575274011537046048e-01 -1.020764721031314562e-02 -5.376362963384295313e+01 9.575530090728850974e-01 2.880538398657950250e-01 1.082682567046245291e-02 5.867939288851317059e+01 -7.426630272062422974e-03 -1.289423818885572851e-02 9.998892857631238584e-01 -9.727954454290190789e-01 1.165301506020735103e-17 -9.783373013543639614e-17 7.954569713193484814e-18 1.000000000000022649e+00
2.863450407691365829e-01 -9.581079689034227576e-01 -5.969719487512426329e-03 -5.350618868143804718e+01 9.581230424732842810e-01 2.863215305140148215e-01 4.496292463352932235e-03 5.950521030852993931e+01 -2.598674419260315737e-03 -7.007216846812688686e-03 9.999720725114633613e-01 -9.724509521245728871e-01 1.428717799825745604e-17 -1.037546778899631265e-16 8.095318471842497265e-18 1.000000000000023093e+00
2.858899741873568989e-01 -9.582487540533758397e-01 -5.123281603286965885e-03 -5.325479013837588127e+01 9.582602765128717115e-01 2.858966263771617333e-01 -6.012351465487335289e-04 6.034444595225980379e+01 2.040861756429081849e-03 -4.737550145287632714e-03 9.999866951622142786e-01 -9.757220506056140108e-01 1.680538439767679094e-17 -1.104430583275449481e-16 8.251963059481791703e-18 1.000000000000023537e+00
2.858468819365077573e-01 -9.582438291895856164e-01 -7.766846679213118033e-03 -5.300353645483728116e+01 9.582684192026700298e-01 2.858661645469843804e-01 -1.474016988973670403e-03 6.119510322812921999e+01 3.632746354611957485e-03 -7.021380729255825674e-03 9.999687511948068819e-01 -9.811894034234553974e-01 1.909760332110019163e-17 -1.168098001376410724e-16 8.441672313063342269e-18 1.000000000000023759e+00
2.852081477499869844e-01 -9.584460241779106937e-01 -6.126270860836502408e-03 -5.275224924068820087e+01 9.584654762571264142e-01 2.852055731640510960e-01 1.308380464094192810e-03 6.204346339024213108e+01 4.932345382953192900e-04 -6.244979887024366613e-03 9.999803782802008101e-01 -9.840747867364582069e-01 2.119205755399314230e-17 -1.211871188205362238e-16 8.612872682189668002e-18 1.000000000000024203e+00
2.844727462252474304e-01 -9.586823065061921278e-01 -1.868648473332899448e-03 -5.249687549448851343e+01 9.586772599177827425e-01 2.844627899879321742e-01 4.339634649390518989e-03 6.289300021212449110e+01 -3.628769996846737105e-03 -3.025938584485703478e-03 9.999888377994503585e-01 -9.861170810147198429e-01 2.242283821726579074e-17 -1.265422250762878539e-16 8.813835794807685301e-18 1.000000000000024869e+00
2.838667229560494221e-01 -9.588635310272773937e-01 6.422337413543871424e-04 -5.224884337748161300e+01 9.588418895724758473e-01 2.838647110850429645e-01 6.561752949347586343e-03 6.374305325743174677e+01 -6.474133098185315752e-03 -1.246862692465497109e-03 9.999782652305725383e-01 -9.892627128046713736e-01 2.376048259728974022e-17 -1.295981944938765366e-16 9.044981656411901153e-18 1.000000000000025313e+00
2.834932907700901117e-01 -9.589618758958167177e-01 -4.865662011007593907e-03 -5.200485404249695875e+01 9.589676047261836977e-01 2.834688405387509325e-01 5.152623547676218885e-03 6.459766638211227985e+01 -3.561905974356401744e-03 -6.126746449728976036e-03 9.999748875863100350e-01 -9.910643482282334160e-01 2.627733038185570354e-17 -1.365292253261186859e-16 9.290664443725121074e-18 1.000000000000025535e+00
2.836933020503976666e-01 -9.589075072179242820e-01 -3.808276898036675167e-03 -5.174962496069564821e+01 9.589144578087631654e-01 2.836953693625826611e-01 -2.763754064987448068e-06 6.544356183900271162e+01 1.083040705740162882e-03 -3.651027718344707768e-03 9.999927484831593327e-01 -9.981178217657362683e-01 2.951200533211172345e-17 -1.453711256608647012e-16 9.487197798216202164e-18 1.000000000000025535e+00
2.832548252356675289e-01 -9.590415685318980366e-01 -2.444137612886105454e-03 -5.149884007696649491e+01 9.590354546389446844e-01 2.832623598243421692e-01 -3.665003725050726933e-03 6.629690493464153178e+01 4.207223109105921732e-03 -1.305884637141374593e-03 9.999902969221696747e-01 -1.006075935271835364e+00 3.275611979666436285e-17 -1.567023015473664352e-16 9.673477415721354546e-18 1.000000000000025313e+00
2.837141202750848579e-01 -9.588989254075531710e-01 -4.375935197775268452e-03 -5.125111883937087498e+01 9.589071768957789788e-01 2.837193298712154532e-01 -6.065931796545450359e-04 6.715285761813908039e+01 1.823198949998805149e-03 -4.024016616441869823e-03 9.999902415700434588e-01 -1.009682676318699901e+00 3.656440721256972030e-17 -1.684341384142383180e-16 9.876516379103710747e-18 1.000000000000025091e+00
2.839970346205675789e-01 -9.588147399158434281e-01 -4.469770342726241998e-03 -5.100266202492711898e+01 9.588164803609512399e-01 2.839715448760626870e-01 5.578412769942224167e-03 6.801742178034125175e+01 -4.079376799696053310e-03 -5.869942152582745439e-03 9.999744509053700714e-01 -1.002000511937396032e+00 4.208982029161700162e-17 -1.817625903049152219e-16 1.005569703906548854e-17 1.000000000000024869e+00
2.832229570893969872e-01 -9.590479385010349800e-01 -3.436311180470838413e-03 -5.074396392485311935e+01 9.590199145108503354e-01 2.831807951525924238e-01 9.457316133089135532e-03 6.887647317032606509e+01 -8.096922208721272357e-03 -5.974019895865523809e-03 9.999493741867463426e-01 -9.982368531815605239e-01 4.718558528470332952e-17 -1.943072911883277819e-16 1.024374374102214377e-17 1.000000000000024647e+00
2.832652286591617607e-01 -9.590340448652514560e-01 -3.809333556110479097e-03 -5.049561735499604964e+01 9.589988120793572213e-01 2.832128286572137554e-01 1.057223318214845983e-02 6.972388214232665860e+01 -9.060279420216817148e-03 -6.647892404898231994e-03 9.999368564378587898e-01 -1.004771819022046708e+00 5.120325928663417154e-17 -2.073843832047533732e-16 1.043486929051802215e-17 1.000000000000024203e+00
2.837971225382757146e-01 -9.588737798570262649e-01 -4.501948663218412888e-03 -5.023909272124664227e+01 9.588289449062421532e-01 2.837271280017302777e-01 1.208185606482460248e-02 7.058555174796218523e+01 -1.030765002794818003e-02 -7.745394672889796030e-03 9.999168771511355303e-01 -1.020494532889547612e+00 5.565166271352591012e-17 -2.214408462882290382e-16 1.063122649544054215e-17 1.000000000000023981e+00
2.837312141499465645e-01 -9.588773488799925415e-01 -7.129370375024801469e-03 -4.999458868237473297e+01 9.588528394469802985e-01 2.836315882699155244e-01 1.242394543011968860e-02 7.144265300043259970e+01 -9.890925213837201482e-03 -1.036107814897808781e-02 9.998974035656917891e-01 -1.032345743536090987e+00 5.948879235510079810e-17 -2.371522653042158308e-16 1.080927594434234187e-17 1.000000000000023759e+00
2.839212473328745490e-01 -9.588022129583025910e-01 -9.329616244768260125e-03 -4.974967431829582409e+01 9.588287868830842609e-01 2.838412801434215815e-01 9.026911485228125351e-03 7.229095883293035740e+01 -6.006892490059169247e-03 -1.150843659450145884e-02 9.999157330141177358e-01 -1.040959829392214209e+00 6.451051243840775554e-17 -2.546838446314149250e-16 1.094201840064158101e-17 1.000000000000023537e+00
2.839761548875765484e-01 -9.587835947823719618e-01 -9.568794674658709365e-03 -4.949491069944291866e+01 9.588287040277578832e-01 2.839846440909908898e-01 4.881117418815085940e-04 7.313134404361078111e+01 2.249397219523397058e-03 -9.313447092621369647e-03 9.999540989039393812e-01 -1.040046953163412446e+00 6.933893746338960894e-17 -2.700291573477471588e-16 1.103658000475432217e-17 1.000000000000023093e+00
2.835233555183740983e-01 -9.589204370231597663e-01 -9.279134387279766930e-03 -4.924196417497564227e+01 9.589222298948466561e-01 2.835890798110086708e-01 -6.737271373032387503e-03 7.397594013070565211e+01 9.091968391702912045e-03 -6.987794451419337104e-03 9.999342512579749709e-01 -1.038703458479430575e+00 7.439001604211570989e-17 -2.848286077295378059e-16 1.112109420439755672e-17 1.000000000000022649e+00
2.837892351131370283e-01 -9.588379586260408205e-01 -9.666391871217835594e-03 -4.899039419238055615e+01 9.588476061517053894e-01 2.838542589617759071e-01 -6.166672240613676331e-03 7.482981427178953027e+01 8.656685924144130045e-03 -7.518561507479597401e-03 9.999342643499308236e-01 -1.033643981752264462e+00 7.857716781545086143e-17 -2.960109621210911510e-16 1.121816583255278872e-17 1.000000000000022204e+00
2.839054194896166172e-01 -9.588165106632263734e-01 -8.283215805369713650e-03 -4.874076322970287123e+01 9.588492903443420756e-01 2.839155438881981741e-01 -4.842460609195700731e-05 7.569192037978287146e+01 2.398164032365410203e-03 -7.928607588636973208e-03 9.999656924066635533e-01 -1.025795400425017823e+00 8.364662636368287269e-17 -3.082257856000801312e-16 1.128275556872933913e-17 1.000000000000021982e+00
2.836240237427397615e-01 -9.589049981664015121e-01 -7.656216267060622291e-03 -4.848764037461387488e+01 9.589245094944804926e-01 2.835733805579130351e-01 7.065616027893741394e-03 7.655041705468488544e+01 -4.604155395144478302e-03 -9.345711876522912881e-03 9.999457282382721024e-01 -1.021931305381803545e+00 8.887076036996786480e-17 -3.205483919718358768e-16 1.139350245789728691e-17 1.000000000000021760e+00
2.835187828384457820e-01 -9.589378422211248809e-01 -7.437374143754878729e-03 -4.823850673136220024e+01 9.589267803765598730e-01 2.834277088114606213e-01 1.132094318781188408e-02 7.740639412034600753e+01 -8.748122919297182318e-03 -1.034159727531433828e-02 9.999082566468411315e-01 -1.025692768334439453e+00 9.461910800680844409e-17 -3.345301987001253523e-16 1.155134458162627453e-17 1.000000000000021538e+00
2.833185396251000077e-01 -9.589978512430833435e-01 -7.329830550779636161e-03 -4.798688559777710338e+01 9.589843393620574030e-01 2.832268758052279845e-01 1.147055709473903187e-02 7.825775388674097144e+01 -8.924234599343770433e-03 -1.027901419313901124e-02 9.999073456592693088e-01 -1.033545449052829968e+00 1.003687705866215634e-16 -3.496952487276104612e-16 1.171357156815344827e-17 1.000000000000021316e+00
2.840359706372457826e-01 -9.587591697240235300e-01 -1.021870120466470029e-02 -4.774033784110699941e+01 9.587953983167716299e-01 2.839487254994508825e-01 9.192684807029061211e-03 7.911283386084690505e+01 -5.911983669803176460e-03 -1.240869684373004968e-02 9.999055318834134676e-01 -1.047067562882598724e+00 1.071638946796618053e-16 -3.642292451001668381e-16 1.186423727008491896e-17 1.000000000000021094e+00
2.844469446587447603e-01 -9.586039404124219176e-01 -1.297771552057154325e-02 -4.748781935947964428e+01 9.586857623859904587e-01 2.843711182590814013e-01 7.394328814565148331e-03 7.996610989829980554e+01 -3.397745263318511285e-03 -1.454484533697017988e-02 9.998884451780429838e-01 -1.059547692131980412e+00 1.141271166717003824e-16 -3.762461894597735526e-16 1.194303884154468829e-17 1.000000000000020872e+00
2.834697654243854004e-01 -9.588920735010364460e-01 -1.307224032732605574e-02 -4.723493844146127429e+01 9.589768622598060510e-01 2.834012766792746163e-01 6.862508801152474025e-03 8.082445169652882555e+01 -2.875715695937858165e-03 -1.448128977188804269e-02 9.998910053126218722e-01 -1.064533196036370200e+00 1.208586009529635582e-16 -3.876682108732577543e-16 1.196986909089222943e-17 1.000000000000020428e+00
2.825899784832798800e-01 -9.591529198376865795e-01 -1.298385257567562928e-02 -4.698654888635771698e+01 9.592311707258071030e-01 2.825006200419776237e-01 8.304263004759606867e-03 8.167719697578050386e+01 -4.297111704958012264e-03 -1.480121761052857927e-02 9.998812223397038901e-01 -1.069524819368589341e+00 1.284567888188602178e-16 -4.027701883354016781e-16 1.193078482181416420e-17 1.000000000000019984e+00
2.824068601142591395e-01 -9.591894005046236460e-01 -1.421475712178089934e-02 -4.674044964972263472e+01 9.592642147225162175e-01 2.822486974796050707e-01 1.215891130085463949e-02 8.252652050943382278e+01 -7.650602158850162461e-03 -1.706946779077671283e-02 9.998250354713261734e-01 -1.070474115917666724e+00 1.359152141761889787e-16 -4.221159456012422551e-16 1.182247396779890629e-17 1.000000000000019318e+00
2.823195551059997643e-01 -9.592167252076952977e-01 -1.410471150422578160e-02 -4.648796078022209599e+01 9.592751673138599777e-01 2.821329145569171915e-01 1.386260793470035085e-02 8.337753910530584278e+01 -9.317842020296569772e-03 -1.744398479286167480e-02 9.998044234818705966e-01 -1.073008021854850336e+00 1.433866266850607975e-16 -4.399683088865417519e-16 1.171507620900374752e-17 1.000000000000018652e+00
2.811599220640216834e-01 -9.595750552190580596e-01 -1.283789804971310899e-02 -4.623210247957877073e+01 9.596208606728550139e-01 2.810007810610236079e-01 1.289824812731002121e-02 8.422750219225446244e+01 -8.769377779848019569e-03 -1.594598521393083071e-02 9.998343980720950652e-01 -1.082197767972222557e+00 1.517712245929172049e-16 -4.573973936335770216e-16 1.157234063547785859e-17 1.000000000000018208e+00
2.806474761381144156e-01 -9.596979654299130358e-01 -1.472444521974963956e-02 -4.599236563102157049e+01 9.597829824082001471e-01 2.804892428613951494e-01 1.193362136299945184e-02 8.507934143818241068e+01 -7.322623651045669958e-03 -1.748141266402952407e-02 9.998203735638739875e-01 -1.094184954603712789e+00 1.611417789907365756e-16 -4.748926950230726230e-16 1.137991847869436459e-17 1.000000000000017986e+00
2.799388956053515121e-01 -9.599089989905683629e-01 -1.445435519885264648e-02 -4.574433285148356276e+01 9.599930870080345402e-01 2.797918761212059291e-01 1.139205659819279154e-02 8.593721593330877795e+01 -6.891126486411427651e-03 -1.706516081082719641e-02 9.998306319879934900e-01 -1.104836532796452220e+00 1.707115784969382818e-16 -4.930368941017481353e-16 1.113144438164724903e-17 1.000000000000017764e+00
2.783218034668420993e-01 -9.604367717593703668e-01 -9.908641048768904863e-03 -4.549232192141582942e+01 9.604718503895387505e-01 2.782427407234491223e-01 8.648805939464061093e-03 8.678058298117835534e+01 -5.549623813822896282e-03 -1.192412206985992394e-02 9.999135047531064746e-01 -1.105827877264354608e+00 1.804414326470097693e-16 -5.112208496271041653e-16 1.081891580513690593e-17 1.000000000000017764e+00
2.769411378815374025e-01 -9.607746664871512632e-01 -1.468490331630343919e-02 -4.525272096775062636e+01 9.608860246345962697e-01 2.768880932815675489e-01 5.570588927905077009e-03 8.763084181875090906e+01 -1.286005840072455613e-03 -1.565324360610841070e-02 9.998766534692320462e-01 -1.110594133760792301e+00 1.905611099952693802e-16 -5.278824822180216276e-16 1.055497889508843827e-17 1.000000000000017986e+00
2.762702794343974144e-01 -9.608212264833667637e-01 -2.230030134913443471e-02 -4.502078508629885079e+01 9.610718961125349624e-01 2.762887576128389422e-01 2.309311498757087369e-03 8.848432002921944672e+01 3.942487047576337562e-03 -2.207018703455602970e-02 9.997486502313338574e-01 -1.121204116185364752e+00 2.020092609047555551e-16 -5.468026976434849615e-16 1.019296145346604499e-17 1.000000000000018430e+00
2.750082575734504875e-01 -9.611575547763158145e-01 -2.337975968328575085e-02 -4.478466126159732141e+01 9.614285864317959618e-01 2.750509379211318328e-01 1.433436659202170452e-03 8.933349258726548214e+01 5.052866354973498987e-03 -2.287217622140557891e-02 9.997256284079751865e-01 -1.123062978002079548e+00 2.123498801040446508e-16 -5.677852159173864391e-16 9.572113152921287272e-18 1.000000000000018652e+00
2.736911874906592379e-01 -9.615702177996177102e-01 -2.181398933633459797e-02 -4.455094795263982377e+01 9.618147825422265207e-01 2.736750695795839294e-01 3.778938218046760250e-03 9.018661055439167740e+01 2.336230604050352176e-03 -2.201527949825582420e-02 9.997549047113470921e-01 -1.109341494186963928e+00 2.199908433830732293e-16 -5.880386817205451042e-16 8.909136829821950730e-18 1.000000000000018430e+00
2.731781866677746584e-01 -9.617781848424392654e-01 -1.887859873252949877e-02 -4.430945740037901004e+01 9.619617835539032713e-01 2.730885774105020203e-01 7.221902097282178502e-03 9.103990151147664278e+01 -1.790338218866644251e-03 -2.013335662696939810e-02 9.997957004504473000e-01 -1.099800179070814732e+00 2.282496862829314112e-16 -6.094394301014171441e-16 8.298179788089592350e-18 1.000000000000017986e+00
2.721676733276994220e-01 -9.620492440603716222e-01 -1.964712697230564312e-02 -4.407752890524191258e+01 9.622417459688660246e-01 2.720248919252823416e-01 9.658182439398178831e-03 9.189632053591780902e+01 -3.947139523540386073e-03 -2.153393080420838365e-02 9.997603262346926867e-01 -1.103118322058018963e+00 2.357960915828687527e-16 -6.331864316214947081e-16 7.752578029507041540e-18 1.000000000000017097e+00
2.712488449994485684e-01 -9.623506138905461027e-01 -1.747455381300168711e-02 -4.384832352984698645e+01 9.624975682847956016e-01 2.711113828785590707e-01 9.851351163183943299e-03 9.275023771424760355e+01 -4.742903390117084172e-03 -1.949138317657244865e-02 9.997987751785281096e-01 -1.114734372507768301e+00 2.416334291691259580e-16 -6.596329433168618136e-16 7.162234396329811535e-18 1.000000000000015987e+00
2.699057351899097346e-01 -9.627852536898205971e-01 -1.398032149231335890e-02 -4.362125991898309962e+01 9.628674685303432179e-01 2.697799960329400060e-01 1.024654998765523947e-02 9.359734684094979684e+01 -6.093616152579658593e-03 -1.622679937212024442e-02 9.998497681269435944e-01 -1.126738830629419930e+00 2.480599283642144716e-16 -6.871511441538240353e-16 6.644150784509719685e-18 1.000000000000015099e+00
2.689268999641593050e-01 -9.630593689072448615e-01 -1.396332466316425359e-02 -4.339477256462983945e+01 9.631266915686964580e-01 2.687675431216997035e-01 1.228754460749490428e-02 9.445001945350287542e+01 -8.080746491590413971e-03 -1.675290196559598571e-02 9.998270059420500955e-01 -1.133567259297223462e+00 2.551137046924857897e-16 -7.159015765906605784e-16 6.189568538404969552e-18 1.000000000000014211e+00
2.686644237738099461e-01 -9.630452846972999970e-01 -1.905799099017448442e-02 -4.318035730831954311e+01 9.632016222576764708e-01 2.684410303378207407e-01 1.349252057893531205e-02 9.529750764222774251e+01 -7.877961584659190150e-03 -2.198164810530394211e-02 9.997273352604770791e-01 -1.132427351436808394e+00 2.648062943307520861e-16 -7.463215704139842238e-16 5.769797328256640479e-18 1.000000000000013545e+00
2.682732268976754653e-01 -9.630559280157524604e-01 -2.351074740666917601e-02 -4.295874700504361243e+01 9.633185647961071130e-01 2.680132092996250215e-01 1.364779690325019015e-02 9.615379921618378489e+01 -6.842400846540630348e-03 -2.630967796435650097e-02 9.996304229040005040e-01 -1.135043014944769668e+00 2.763157062369200999e-16 -7.757402240838659706e-16 5.219322077558536687e-18 1.000000000000013323e+00
2.687079201975638987e-01 -9.628742948991698691e-01 -2.586785351581761747e-02 -4.273462997003377239e+01 9.632101615088566327e-01 2.684763046975702783e-01 1.211026763755832132e-02 9.699995691595427161e+01 -4.715759690172815523e-03 -2.817030419278395911e-02 9.995920145596346451e-01 -1.145136951209618337e+00 2.851102479934247724e-16 -8.041831825393371435e-16 4.618942929264789295e-18 1.000000000000013101e+00
2.701665602790058185e-01 -9.624360217801022355e-01 -2.696170779245663993e-02 -4.250333992630824298e+01 9.628043579351467374e-01 2.699353174019376023e-01 1.194540750426850879e-02 9.784561538591522378e+01 -4.218773326298194508e-03 -2.918609941651247736e-02 9.995650922034156061e-01 -1.157748713426754561e+00 2.940519087550101218e-16 -8.275690797654787756e-16 4.028096214389593911e-18 1.000000000000012879e+00
2.713368816351247048e-01 -9.621490432680641636e-01 -2.540699122003884161e-02 -4.226348762021495276e+01 9.624576668855702177e-01 2.710378949530752313e-01 1.461844563665882536e-02 9.869351516573659922e+01 -7.178866066011387222e-03 -2.841967694562624186e-02 9.995703006009420966e-01 -1.169968324105070456e+00 3.029312646774873761e-16 -8.510057415347215699e-16 3.449691537842217814e-18 1.000000000000012434e+00
