1.000000000000000000e+00 -3.306050084167601550e-19 -2.270457535318767223e-19 -8.673617379884035472e-19 7.546676715296109287e-19 1.000000000000000000e+00 6.237773588823049983e-19 1.387778780781445676e-17 -3.447385680526250622e-20 4.770700176052009879e-20 1.000000000000000222e+00 5.551115123125782702e-17
9.999329495137594392e-01 -2.467764694580103831e-03 1.131154957652433235e-02 1.570744651184717566e-02 2.453300492591528170e-03 9.999961274997577476e-01 1.291579695780851718e-03 -4.781755733525752672e-03 -1.131469569496557082e-02 -1.263729722992114422e-03 9.999351436056848064e-01 3.004861446493198862e-01
9.998078948930881893e-01 -5.995953436630186914e-03 1.865659738723536923e-02 3.029339897635049614e-02 5.973405843317049213e-03 9.999813539319323263e-01 1.263796644197187321e-03 -9.041369793846884551e-03 -1.866382969783979620e-02 -1.152077656103359191e-03 9.998251091232829291e-01 5.847260300311079018e-01
9.997477093739024490e-01 -8.466321459629173873e-03 2.080031117638172361e-02 4.245416815064600308e-02 8.461920469707383610e-03 9.999641633486944237e-01 2.997611994284874555e-04 -1.396700794610018781e-02 -2.080210542488565226e-02 -1.236132185693038883e-04 9.997835143547350034e-01 8.860454534608015464e-01
9.997879162354844640e-01 -9.556896163997763774e-03 1.824997844706419473e-02 4.898433378799153803e-02 9.581766860550209458e-03 9.999532626112570544e-01 -1.276843580502570871e-03 -1.983156714004803700e-02 -1.823693005735702033e-02 1.451384006839296064e-03 9.998327671524044336e-01 1.191962070064680468e+00
9.998633839247639266e-01 -1.165507491625441226e-02 1.172236382647677197e-02 4.848186880987483127e-02 1.168371314853265501e-02 9.999289091563118292e-01 -2.377670594640242125e-03 -2.518618906069869379e-02 -1.169381983692598104e-02 2.514298196230343486e-03 9.999284591581518722e-01 1.507755365516278978e+00
9.999223765605189662e-01 -1.245500806884006044e-02 3.958465051593135133e-04 4.005575356886838939e-02 1.245649637563698078e-02 9.999144189696211882e-01 -4.006234988939438163e-03 -3.719873652064266401e-02 -3.459202885932001676e-04 4.010854120025684165e-03 9.999919007207758170e-01 1.832450134916113305e+00
9.998067836711791445e-01 -1.138081026371725972e-02 -1.602832452416559639e-02 1.752017410541654996e-02 1.131401076547444880e-02 9.999269246133173361e-01 -4.253289858254913694e-03 -4.309625717825123214e-02 1.607554448638297967e-02 4.071114089735583356e-03 9.998624702471505810e-01 2.165557874902245050e+00
9.993487867019611448e-01 -6.845435452438540166e-03 -3.542627640731818572e-02 -1.905603936709045557e-02 6.704803382912414948e-03 9.999691385033283586e-01 -4.085657894440242709e-03 -4.577740895953733014e-02 3.545316967492156968e-02 3.845402049727482917e-03 9.993638584708580686e-01 2.508784943546811697e+00
9.985149106605487601e-01 -2.912946496510136849e-03 -5.440552883017670677e-02 -6.401140000718981427e-02 2.641923329425450041e-03 9.999837676378554585e-01 -5.053676456584560092e-03 -5.155534033037988129e-02 5.441937115377955964e-02 4.902428462499246707e-03 9.985063671155670617e-01 2.867454223688648440e+00
9.972515997447353175e-01 -1.819190788186736624e-03 -7.407683571756468188e-02 -1.095455722821498945e-01 1.432431552294371763e-03 9.999850519747522926e-01 -5.274841733518486134e-03 -5.830979728552403152e-02 7.408533205389630782e-02 5.154214861158000656e-03 9.972393090120190706e-01 3.228852444283871748e+00
9.953475687100720171e-01 -2.552799420778410072e-03 -9.631188084641463532e-02 -1.629997301213186589e-01 2.083440076543775863e-03 9.999854567378269055e-01 -4.974777875063997497e-03 -5.688619064591930730e-02 9.632318422936564373e-02 4.751009790308826676e-03 9.953384304122392390e-01 3.608108986339994662e+00
9.933721219378472966e-01 -4.475937476265443894e-03 -1.148314928866366602e-01 -2.239635964289405645e-01 4.035210658773120268e-03 9.999835925883437948e-01 -4.070179129400262365e-03 -6.793741304648866219e-02 1.148478298464088443e-01 3.579751414663222102e-03 9.933738477563713865e-01 3.995961095624302128e+00
9.910381093400998376e-01 -3.438734510118765086e-03 -1.335006879474449071e-01 -2.932567483226531380e-01 3.057866610565020214e-03 9.999906361631785146e-01 -3.057496711049197645e-03 -7.089310107779753234e-02 1.335099669195876082e-01 2.621733399220891377e-03 9.910393759299800376e-01 4.391799334525849474e+00
9.887465033134635872e-01 -2.529107538104369713e-03 -1.495813786132963175e-01 -3.728566991132510333e-01 2.189619660661789018e-03 9.999946134062341896e-01 -2.434656950155555683e-03 -7.656969159567938998e-02 1.495867529168418697e-01 2.079737827140719537e-03 9.887466857857954983e-01 4.805698972255919799e+00
9.865836274937361816e-01 -2.032039131142222756e-03 -1.632443754423471838e-01 -4.609927729184106759e-01 1.650163484261407297e-03 9.999955610994917254e-01 -2.474686450624652423e-03 -8.465602764821587856e-02 1.632486932767570065e-01 2.172051889902275063e-03 9.865826280037571783e-01 5.230021278848160371e+00
9.845805442149970776e-01 -2.852897154767088540e-03 -1.749352258724397313e-01 -5.515052989577533538e-01 2.228152759106370815e-03 9.999904450284621271e-01 -3.768981089720627869e-03 -9.150539375993432811e-02 1.749443210930748394e-01 3.321098398111857041e-03 9.845774678068645036e-01 5.667043556000644244e+00
9.827898059482016446e-01 -5.867802161161105381e-03 -1.846266948285427978e-01 -6.341378418877557932e-01 4.976423247461714966e-03 9.999736001947859831e-01 -5.291061868938820752e-03 -1.044336972081864739e-01 1.846528853817193949e-01 4.281011394293442011e-03 9.827930961992370484e-01 6.118495542962265610e+00
9.814998509743313448e-01 -5.437550152952701048e-03 -1.914227681870002695e-01 -7.329918557070783658e-01 4.173738301640875226e-03 9.999667259656624951e-01 -7.004580658322024332e-03 -1.137014422470138675e-01 1.914545273207730047e-01 6.075910799862012900e-03 9.814899111924831887e-01 6.579669145179970258e+00
9.799789220445548343e-01 -5.125321433193613316e-03 -1.990611702556228935e-01 -8.447960461027028689e-01 3.371732568336808719e-03 9.999524628427413075e-01 -9.148685888910983166e-03 -1.131579539494964037e-01 1.990986323695166649e-01 8.294033776021253468e-03 9.799496227840605034e-01 7.064888049355599442e+00
9.785831066712983306e-01 -5.563620902915405661e-03 -2.057990309204407176e-01 -9.555843983109274520e-01 3.276768183323602174e-03 9.999290651896497462e-01 -1.145113724122891370e-02 -1.232894885063685608e-01 2.058481654288127072e-01 1.053170499505096981e-02 9.785318931376789653e-01 7.549833459727736340e+00
9.767054927100647932e-01 -9.680582122242950213e-03 -2.144196993235706339e-01 -1.066708909984775078e+00 6.918634963427581532e-03 9.998831323043311237e-01 -1.363159383617327386e-02 -1.350697294153035966e-01 2.145266105535295065e-01 1.183070755669680084e-02 9.766583260888147544e-01 8.052135494925082071e+00
9.749632074963069384e-01 -1.510019782608130676e-02 -2.218651496535375134e-01 -1.181234101424113447e+00 1.223135077972676774e-02 9.998230382524404547e-01 -1.429955926839211744e-02 -1.467908589726429347e-01 2.220417882208037541e-01 1.122821039277379848e-02 9.749752641465775360e-01 8.572291009665729433e+00
9.732273405200080330e-01 -1.530138053201542808e-02 -2.293494863120279226e-01 -1.308914393428272760e+00 1.198465706272089197e-02 9.998025713596254693e-01 -1.585210756672385604e-02 -1.710467030307201153e-01 2.295467547124184771e-01 1.267853124649411661e-02 9.732187386712092270e-01 9.091735821276220264e+00
9.713358330862285062e-01 -1.178615965860894087e-02 -2.374140350770295171e-01 -1.461261025580713913e+00 7.138378194414673507e-03 9.997659478340168437e-01 -2.042468143905112887e-02 -1.737564517948728682e-01 2.375991842024030853e-01 1.814488639351891780e-02 9.711925186822636391e-01 9.624183821911529435e+00
9.692112624810370614e-01 -9.860426736558671953e-03 -2.460503213719653914e-01 -1.619777171053599529e+00 4.043649813759642858e-03 9.997005219908523532e-01 -2.413388008900334281e-02 -1.875904476487390560e-01 2.462145608422247056e-01 2.239659656282911790e-02 9.689608637672464386e-01 1.017384832870940592e+01
9.668439197343392522e-01 -1.217531113370047720e-02 -2.551581263189374726e-01 -1.779720277532038430e+00 5.663758972066312500e-03 9.996394733697464563e-01 -2.624000978238411746e-02 -2.113019403480260738e-01 2.553857573950957249e-01 2.392499318533107197e-02 9.665641995358374983e-01 1.073356735463505984e+01
9.644346164443279301e-01 -1.319818732707104224e-02 -2.639680405122661888e-01 -1.937464335010072647e+00 6.110652491638282439e-03 9.995989803351663650e-01 -2.765061947994264940e-02 -2.402669043492196566e-01 2.642271057110395227e-01 2.505378474373544037e-02 9.641286203607037919e-01 1.130773737703836801e+01
9.622489426789669897e-01 -1.363822406868894083e-02 -2.718702800000334929e-01 -2.114449744982977553e+00 5.526068134207346057e-03 9.995168221666701491e-01 -3.058248636986762511e-02 -2.597555520234702264e-01 2.721562001053145496e-01 2.792503230293695224e-02 9.618595255481924289e-01 1.189029376512715608e+01
9.600087833073218668e-01 -1.308695482432971867e-02 -2.796657888931827207e-01 -2.302727449664516257e+00 3.675520484494257476e-03 9.994100301384925000e-01 -3.415914972308969205e-02 -2.831035974952104128e-01 2.799476811413453836e-01 3.176632563433838541e-02 9.594904978487414082e-01 1.248297461293101485e+01
9.579978411179267406e-01 -1.464339702278373394e-02 -2.863665602362153173e-01 -2.491207144362405312e+00 3.419607696328195914e-03 9.992078604346588122e-01 -3.965073781794841573e-02 -3.120002597160002056e-01 2.867202371068423572e-01 3.700660390932791061e-02 9.572889917266811377e-01 1.308041537304689683e+01
9.560228186992663080e-01 -1.494282361412510411e-02 -2.929646783523778830e-01 -2.694181188083504708e+00 1.351006978880406936e-03 9.989150076649851995e-01 -4.655650671674025493e-02 -3.490739399725231729e-01 2.933425551769682227e-01 4.411303692787586772e-02 9.550057542631903429e-01 1.369583278661029802e+01
9.546997556776771754e-01 -1.531246293904905964e-02 -2.971598342121200553e-01 -2.899279553329098480e+00 -1.003381166291110677e-03 9.985038179861523977e-01 -5.466584646159441258e-02 -3.822485843641980630e-01 2.975522369908037423e-01 5.248812666868653970e-02 9.532559962672010334e-01 1.432801230168043283e+01
9.537602274428242932e-01 -1.615531369448934551e-02 -3.000862643459231149e-01 -3.101766540698108088e+00 -3.110665350230165487e-03 9.979704386171081021e-01 -6.362296502873832083e-02 -4.285345083457803295e-01 3.005045497409054023e-01 6.161617034964154277e-02 9.517743016295820979e-01 1.495793222121793065e+01
9.523733371346564391e-01 -1.508661343544872961e-02 -3.044939164075562421e-01 -3.330006726642281922e+00 -7.322381839912414127e-03 9.973559980902620969e-01 -7.229968256341988420e-02 -4.717148419806427295e-01 3.047794232342672660e-01 7.108651402703887456e-02 9.497446895477257289e-01 1.560403082033789346e+01
9.513765445681217070e-01 -1.515391025214093447e-02 -3.077287600983940608e-01 -3.542700573297771882e+00 -9.832554993908398586e-03 9.967861316611396072e-01 -7.952631480011680687e-02 -5.298564233096942910e-01 3.079445921677106401e-01 7.868623345750863640e-02 9.481699453451406523e-01 1.626166384222188910e+01
9.496417742930950423e-01 -1.319415282348172791e-02 -3.131362643598576967e-01 -3.781491631057810832e+00 -1.434385221820605981e-02 9.962351641625810661e-01 -8.548906526526821315e-02 -5.862094239468894630e-01 3.130859437403853418e-01 8.567305519499197886e-02 9.458772119349490026e-01 1.692691779749407743e+01
9.481424734240191388e-01 -1.202126178277880715e-02 -3.176795518575845634e-01 -4.028117246758363024e+00 -1.804445000609966251e-02 9.956371556065717332e-01 -9.154450588418515389e-02 -6.565155480769524488e-01 3.173945240902326104e-01 9.252768092186552940e-02 9.437889043899722052e-01 1.760310769804062758e+01
9.468922834279976941e-01 -9.879961252655089163e-03 -3.213385677466970014e-01 -4.280273733603377373e+00 -2.250238761692007622e-02 9.950413527269662550e-01 -9.689332143518568363e-02 -7.285772490724224948e-01 3.207021791663269283e-01 9.898002066082550732e-02 9.419745760299421677e-01 1.829202655812742861e+01
9.449414845203679691e-01 -8.207847349849044585e-03 -3.271248150685290845e-01 -4.538840665560056387e+00 -2.596885900181424706e-02 9.946518165543249967e-01 -9.996626233673440443e-02 -8.031814454114738488e-01 3.261955556402723611e-01 1.029582463554136601e-01 9.396745107005147757e-01 1.899168870089355821e+01
9.434110467908012332e-01 -6.818746503305032729e-03 -3.316131512860819308e-01 -4.807395827917903652e+00 -2.858235004057854689e-02 9.943963962104761523e-01 -1.017898427617394130e-01 -8.786713510385254500e-01 3.304492168208159608e-01 1.055070126876125197e-01 9.379295684313706527e-01 1.970030891014680918e+01
9.410376188665627861e-01 -5.641057327377962081e-03 -3.382558152111225236e-01 -5.082068733253335857e+00 -3.008476774190792583e-02 9.945040201421698756e-01 -1.002707029915779063e-01 -9.655247344388029340e-01 3.369622915492178628e-01 1.045350408504643336e-01 9.356959966037553533e-01 2.042441888159518726e+01
9.386272544902163339e-01 -5.663523476922546762e-03 -3.448173263913510977e-01 -5.361549462299427304e+00 -3.039204396246897311e-02 9.946185587070612844e-01 -9.905028445092421696e-02 -1.050486640834072061e+00 3.435219020599906137e-01 1.034548428781733170e-01 9.334039933022038049e-01 2.114948225131297121e+01
9.365240571938318048e-01 -6.097367620671936828e-03 -3.505356549230134733e-01 -5.647029419501683911e+00 -2.999054989247233044e-02 9.947909070949032539e-01 -9.742915534041203529e-02 -1.135350312056170097e+00 3.493037109944212015e-01 1.017579764759537903e-01 9.314626860675579989e-01 2.188900651332557601e+01
9.340598238456042646e-01 -4.265085183944797818e-03 -3.571218486063028053e-01 -5.938953421705193136e+00 -3.124150112553290490e-02 9.951190860689301809e-01 -9.360856509626888644e-02 -1.218019525116962098e+00 3.557778463768177524e-01 9.859347548550984053e-02 9.293674663137984071e-01 2.261872892068682717e+01
9.295555769579824101e-01 -2.457596013229954718e-03 -3.687214271003900756e-01 -6.258337101316515216e+00 -3.215336479356226823e-02 9.956272376644305089e-01 -8.770469900888275272e-02 -1.292951315592241190e+00 3.673243937039892271e-01 9.338211189051513761e-02 9.254120039696589473e-01 2.338786380290697409e+01
9.264974738616168493e-01 -5.184664986493215744e-04 -3.762571481845958798e-01 -6.578060066838424369e+00 -3.300747979624212014e-02 9.960326489585619170e-01 -8.264261698716358906e-02 -1.373511381509893825e+00 3.748071145925345737e-01 8.898908099204587419e-02 9.228046454751095418e-01 2.413596689277753171e+01
9.230992523713763553e-01 2.956315630174032472e-03 -3.845334707962304033e-01 -6.913864136027428664e+00 -3.593277391430210743e-02 9.962588993267106341e-01 -7.860923034417693911e-02 -1.445725869781516293e+00 3.828625497855670523e-01 8.638233768762441922e-02 9.197518651247280630e-01 2.489689954258528815e+01
9.194533746565884957e-01 4.127186280146024136e-03 -3.931034563186471820e-01 -7.255685488847458231e+00 -3.724466767240526555e-02 9.963631225945585035e-01 -7.665618350986565244e-02 -1.519462076872538203e+00 3.913569587721424936e-01 8.512777151086606264e-02 9.162632113250558374e-01 2.566045750327608488e+01
9.152649726363933924e-01 5.100590334108682893e-03 -4.028277175205565719e-01 -7.606625625113188072e+00 -3.899380329040977311e-02 9.963464002465287628e-01 -7.598335992246268988e-02 -1.597061587238489011e+00 4.009686792187332482e-01 8.525077064279075467e-02 9.121196919135260428e-01 2.643570586339706452e+01
9.122711265916646495e-01 5.661246575530350794e-03 -4.095683210892519521e-01 -7.965409421553134806e+00 -3.957434540711599058e-02 9.964446210300484941e-01 -7.437980508618578790e-02 -1.663136084288783900e+00 4.076910144046923534e-01 8.406269995480451784e-02 9.092516076295994454e-01 2.720815251005067026e+01
9.079643184351960938e-01 6.780456119953194756e-03 -4.190183266640004622e-01 -8.344282597884831176e+00 -4.074711480640139105e-02 9.965595776232382130e-01 -7.216970291896364353e-02 -1.732842821985732362e+00 4.170874990804916971e-01 8.259972693378016262e-02 9.051166307131112143e-01 2.799268161913359165e+01
9.040412915949660455e-01 5.647335448654798931e-03 -4.275048823784949326e-01 -8.726218416357065522e+00 -3.902368092154911289e-02 9.968273753943708293e-01 -6.937656824322596671e-02 -1.805909722531996442e+00 4.257569982235768768e-01 7.939998549749832657e-02 9.013935200147528137e-01 2.878732025693279084e+01
9.009888467418466496e-01 6.332380218193009100e-03 -4.337538115239846226e-01 -9.117836075891359471e+00 -3.828609258752848493e-02 9.971527325385574070e-01 -6.496228762072570051e-02 -1.870335078397723949e+00 4.321065248709831663e-01 7.514410345586798601e-02 8.986664847035134018e-01 2.958858366321314293e+01
8.972627181048952183e-01 8.153025527108691273e-03 -4.415063006551547264e-01 -9.529914401461747175e+00 -3.847444844508927930e-02 9.974697646090204817e-01 -5.980080468602935045e-02 -1.934067645273529701e+00 4.399020255779387267e-01 7.064208605999745816e-02 8.953060433442816546e-01 3.040179735888558454e+01
8.938883435650293308e-01 8.406878119190278748e-03 -4.482436488555207044e-01 -9.948078908478281690e+00 -3.735793685215102466e-02 9.977432895742279761e-01 -5.578165006306098905e-02 -1.993851396699575007e+00 4.467627908175328955e-01 6.660850145101576691e-02 8.921853004926397768e-01 3.121452696840435692e+01
8.895973940147791081e-01 8.255394213800977890e-03 -4.566811666839709072e-01 -1.038105325827480030e+01 -3.652173595947065532e-02 9.979207620533574463e-01 -5.311432521391039330e-02 -2.057589712133216064e+00 4.552930759549655426e-01 6.393171545493926688e-02 8.880496139361362395e-01 3.203759644397452178e+01
8.865095028940592758e-01 7.305780002705878490e-03 -4.625772211604661788e-01 -1.082593341387328501e+01 -3.530348584132789874e-02 9.980286964222375712e-01 -5.188292905560688839e-02 -2.121258399017030616e+00 4.612860104228128089e-01 6.232897588982225928e-02 8.850201707970761777e-01 3.286694156222542063e+01
8.844749625754451117e-01 7.825707956681521651e-03 -4.665999199910588202e-01 -1.127889676869819624e+01 -3.492875900383474869e-02 9.981642036710904886e-01 -4.946935420454163373e-02 -2.171931865529916905e+00 4.653562470196525580e-01 6.004976297490428189e-02 8.831248913897257191e-01 3.370314182234024258e+01
8.816029492861431338e-01 7.247288125041905817e-03 -4.719698859131644109e-01 -1.174113254786828797e+01 -3.411466311792103745e-02 9.982452128722344442e-01 -4.840561448388783217e-02 -2.228931212838294762e+00 4.707908381879233883e-01 5.877776699849390080e-02 8.803034625211879627e-01 3.455199862976952119e+01
8.785225096772266706e-01 6.051876748522714601e-03 -4.776461631128828822e-01 -1.220901321800881156e+01 -3.288302887822128207e-02 9.983140216149218871e-01 -4.783754251668515672e-02 -2.284876030423662829e+00 4.765513494732119271e-01 5.773488349981314993e-02 8.772405456197779339e-01 3.540787108049279652e+01
8.768438890606541358e-01 5.605692662759264797e-03 -4.806865133320900596e-01 -1.269660358513708864e+01 -3.241210703976217522e-02 9.983464085414952560e-01 -4.748398907656180279e-02 -2.342116543137930496e+00 4.796254035396639859e-01 5.721918090743770280e-02 8.755756816878593751e-01 3.627053784732603958e+01
8.763011222211456452e-01 4.780567954489568436e-03 -4.817908556380101626e-01 -1.319379413979065596e+01 -3.224885341504403480e-02 9.982899768102792004e-01 -4.875073207245186196e-02 -2.394145996798014320e+00 4.807339703678466525e-01 5.825619105862111374e-02 8.749569189472438113e-01 3.714283235754977852e+01
8.758766880856706516e-01 5.250584911114730517e-03 -4.825826154359296183e-01 -1.368963186268356580e+01 -3.226857945551703938e-02 9.983397862427074720e-01 -4.769979186865129506e-02 -2.450742408779343684e+00 4.815311866016248055e-01 5.734659302641516992e-02 8.745919692179172644e-01 3.802882905761116206e+01
8.750993000334388316e-01 5.364736238419842186e-03 -4.840082330438355007e-01 -1.419940832044423473e+01 -3.139459371066630200e-02 9.984614810862165735e-01 -4.569630485544935727e-02 -2.506879456971757847e+00 4.830183746480484763e-01 5.518253032233083610e-02 8.739216378943219787e-01 3.893011370253579173e+01
8.747578185038331622e-01 4.533973378024636937e-03 -4.845001416667235050e-01 -1.471313981817118588e+01 -2.994131789400832772e-02 9.985511793274479686e-01 -4.472022328924150220e-02 -2.567057352294169537e+00 4.835957054616566997e-01 5.362666170661219145e-02 8.736261313343683943e-01 3.984227447106358255e+01
8.747275424737046556e-01 1.871269732750937024e-03 -4.846321619042917583e-01 -1.523173726832695607e+01 -2.761130270622956170e-02 9.985604069410642936e-01 -4.598203186047758462e-02 -2.622147741198860960e+00 4.838483865243954907e-01 5.360457766982316269e-02 8.735202814621539913e-01 4.076416008751267128e+01
8.728350373829185660e-01 1.239168917341670634e-03 -4.879400715415175838e-01 -1.576203253521174474e+01 -2.709653810137028704e-02 9.985771022586720225e-01 -4.592643696714743956e-02 -2.680046342288691541e+00 4.871887147939752971e-01 5.331151307255442562e-02 8.716268723136708640e-01 4.169016338127211441e+01
8.731015784538901370e-01 9.185069656987395392e-04 -4.876420319382197555e-01 -1.629246764780902623e+01 -2.553723905205662961e-02 9.987115156597030641e-01 -4.385081505195619761e-02 -2.739502302316048077e+00 4.869737955541587615e-01 5.073547317500853165e-02 8.720001225726559113e-01 4.262587757932486454e+01
8.696005072865391483e-01 7.015225440766176311e-04 -4.937529270510795376e-01 -1.682942818540447405e+01 -2.374445284081689103e-02 9.989015312768189103e-01 -4.040017982016962800e-02 -2.796609276953866630e+00 4.931824909333087370e-01 4.685299100122818083e-02 8.686618031610380264e-01 4.355748340341352076e+01
8.673715269856380194e-01 1.676154312412424501e-03 -4.978280405513447193e-01 -1.737071455315399149e+01 -2.219476381339464260e-02 9.991295641198862931e-01 -3.531552658110331810e-02 -2.850065706380189745e+00 4.973358508646892884e-01 4.167602455751683033e-02 8.666538614205683277e-01 4.448785244466363054e+01
8.639790474889547101e-01 1.493225196008902728e-04 -5.035169492201840846e-01 -1.791162302429746234e+01 -2.005752277730347977e-02 9.992164814173640774e-01 -3.412455691696476834e-02 -2.905287698562760923e+00 5.031175275201751340e-01 3.958180426587180195e-02 8.633051014724048011e-01 4.541190307565791073e+01
8.584617177045656966e-01 -3.453763947124203169e-03 -5.129108415802543508e-01 -1.847143544305552254e+01 -1.756296417552064004e-02 9.991927854827475919e-01 -3.613236499026436371e-02 -2.969206162952217287e+00 5.126216220797944478e-01 4.002861193755213182e-02 8.577082840593910351e-01 4.632763459274381290e+01
8.526835615577799121e-01 -5.254950710327765777e-03 -5.225232965551415143e-01 -1.903245665443597190e+01 -1.757167778580019310e-02 9.990951850150723290e-01 -3.872752286540362410e-02 -3.025825320592332002e+00 5.222542298101974234e-01 4.220010991795557914e-02 8.518198123298885704e-01 4.723477501362663844e+01
8.473427732953782154e-01 -5.429029541389792518e-03 -5.309392858836290419e-01 -1.961598386686047490e+01 -1.732558721972375648e-02 9.991327022749949549e-01 -3.786433215898878102e-02 -3.075364996871244205e+00 5.306841320076507440e-01 4.128604405956078083e-02 8.465139930041509775e-01 4.814333830904084266e+01
8.408144759369169385e-01 -2.883499217351635693e-03 -5.412672815294264916e-01 -2.021251201512806617e+01 -1.807085333292062987e-02 9.992789956023900855e-01 -3.340094134614425558e-02 -3.121997461495177539e+00 5.409733460747228051e-01 3.786558348245036565e-02 8.401561598655697960e-01 4.904928768460202093e+01
8.373622108000376985e-01 3.579109558225542637e-04 -5.467157011862980864e-01 -2.081653806359127756e+01 -1.903170162906747676e-02 9.994126216880703240e-01 -2.849317262276088170e-02 -3.175662369322594270e+00 5.463844942132020099e-01 3.425948423985694657e-02 8.368772799958704711e-01 4.994517827423612744e+01
8.322950760966759676e-01 9.409583155663884353e-04 -5.542822076991372748e-01 -2.142178412259733378e+01 -2.113508899837340804e-02 9.993253466439194765e-01 -3.003216833973771857e-02 -3.225251794621476709e+00 5.538800118312852128e-01 3.670987717066229172e-02 8.317535840076042408e-01 5.083752895397834948e+01
8.288658843962638523e-01 -6.534549586774110377e-04 -5.594042226651062544e-01 -2.203438576771370450e+01 -2.227958824109452923e-02 9.991673297691401334e-01 -3.418029740227575275e-02 -3.273386368201542052e+00 5.589605975820156614e-01 4.079860438509805981e-02 8.281615323288893382e-01 5.172049004543282535e+01
8.265432973101523029e-01 -2.436727908596304174e-03 -5.628972035574824062e-01 -2.264018498906571608e+01 -2.461307232162341513e-02 9.988776499820324339e-01 -4.048091658309411339e-02 -3.333146267772806315e+00 5.623643336709044371e-01 4.731225064816890757e-02 8.255557105752469038e-01 5.260022929732271990e+01
8.235051418524075295e-01 -3.374917254764073400e-03 -5.673336192804678824e-01 -2.326646112373287778e+01 -2.507335001599646229e-02 9.987885993971923337e-01 -4.234241511852426115e-02 -3.386817057627859562e+00 5.667894651997444910e-01 4.909126692142291859e-02 8.224230580095862608e-01 5.347553587541739972e+01
8.203115944859371567e-01 -1.556096356549611318e-03 -5.718801416418475281e-01 -2.388568191909007865e+01 -2.482741532096170364e-02 9.989566760990320482e-01 -3.833247228060345652e-02 -3.445438881669464326e+00 5.713432070138416696e-01 4.564591606561822085e-02 8.194173730879740214e-01 5.435706194386903434e+01
8.166659205610644623e-01 4.926324480163338931e-04 -5.770183014665842824e-01 -2.452588547383859208e+01 -2.323355764933756479e-02 9.992169657283339612e-01 -3.203356701446263832e-02 -3.493486111991840115e+00 5.765507876854565339e-01 3.957182112490136711e-02 8.160379878294067302e-01 5.524049561695893118e+01
8.138463170514290690e-01 2.577547819386089706e-03 -5.811505098771464484e-01 -2.516488478388157901e+01 -2.403719035954992103e-02 9.992835812127227602e-01 -2.923561929220404310e-02 -3.543540604076028000e+00 5.806589820722976025e-01 3.776188288322659958e-02 8.133252895333947796e-01 5.611688738556584610e+01
8.118905446024071715e-01 2.953713287982444487e-03 -5.836227942870229057e-01 -2.580510698484825838e+01 -2.539898327562617117e-02 9.992190714512375616e-01 -3.026374661221367668e-02 -3.590653312219679094e+00 5.830774308696513586e-01 3.940204267191622228e-02 8.113318545693717354e-01 5.698329051803440848e+01
8.078338939568430188e-01 1.998326440129022993e-03 -5.895257569189944480e-01 -2.645648078708168427e+01 -2.496333555636662260e-02 9.992129530786789671e-01 -3.081384984137332250e-02 -3.637906956067073594e+00 5.890004229038522388e-01 3.960359873118706603e-02 8.072481587628179689e-01 5.785303678431633756e+01
8.035755679613370006e-01 -9.117881619309993631e-05 -5.953257752452583151e-01 -2.710674646260650889e+01 -2.481280621338152401e-02 9.991255792122663015e-01 -3.365732303228845257e-02 -3.693636917027558475e+00 5.948086006014129401e-01 4.181371466655985775e-02 8.028707784665032321e-01 5.872327230389426944e+01
8.012870412155751465e-01 -1.417304479675866175e-03 -5.982357470937471611e-01 -2.777004551584370162e+01 -2.364102100240052240e-02 9.991412111486347447e-01 -3.403146773678782100e-02 -3.738116422805419781e+00 5.977702254082712940e-01 4.141391839156968041e-02 8.005655001153435535e-01 5.958695590786099672e+01
7.954096411419000479e-01 -9.329814381689665410e-04 -6.060533006785129295e-01 -2.844188989908586152e+01 -2.328435173974198122e-02 9.992136067124148813e-01 -3.209598763150229433e-02 -3.788042538519494684e+00 6.056068608858303781e-01 3.963961630557232690e-02 7.947625596598758557e-01 6.045690895474858451e+01
7.914984658737939105e-01 -1.401440505945864305e-03 -6.110224153463134078e-01 -2.911388341921428946e+01 -2.252165342879356574e-02 9.992512924915519790e-01 -3.145188278486246714e-02 -3.847986696390003125e+00 6.106089871138410397e-01 3.865677340444471227e-02 7.908741534922593130e-01 6.131991336500371403e+01
7.859490250838867542e-01 -2.856576255600453123e-03 -6.182763648944873403e-01 -2.980826500515535571e+01 -2.192575242803024987e-02 9.992315697808148434e-01 -3.247887220133836156e-02 -3.901226090993602735e+00 6.178939698486133336e-01 3.908459815704103807e-02 7.852824068633564858e-01 6.218027305978635155e+01
7.803269611074445944e-01 -3.550494109175321520e-03 -6.252497595425947630e-01 -3.050782810386644428e+01 -2.211602139694724897e-02 9.992016768500837642e-01 -3.327687970147032853e-02 -3.951599984923343190e+00 6.248687370839802746e-01 3.979844418370249298e-02 7.796253957033605353e-01 6.303062866864697611e+01
7.756165581855851698e-01 -4.918121372558956032e-03 -6.312268327806596080e-01 -3.120602114900297508e+01 -2.114631125635855688e-02 9.992058259071582293e-01 -3.377825198002443879e-02 -4.003237292906528744e+00 6.308915609267221614e-01 3.955185888469803235e-02 7.748964727187803714e-01 6.388414211260600695e+01
7.705259207936638877e-01 -6.877443920194747234e-03 -6.373869356159593824e-01 -3.192446682126328383e+01 -2.023403504382747728e-02 9.991739631116175469e-01 -3.524353160907708893e-02 -4.057072807403489634e+00 6.371028326004116726e-01 4.005238009096158402e-02 7.697501654950485994e-01 6.473141864725046446e+01
7.645393662937659540e-01 -7.977926177916316863e-03 -6.445443968855503192e-01 -3.263999790027000358e+01 -1.964467940123697243e-02 9.991705146991742836e-01 -3.567475178729755808e-02 -4.109348337923858452e+00 6.442943982985910312e-01 3.993765620027643626e-02 7.637484887389630606e-01 6.557545307713212424e+01
7.574590089579150698e-01 -9.034354589223716342e-03 -6.528874827202344466e-01 -3.338073795900227481e+01 -1.873988893137196188e-02 9.991914133238668505e-01 -3.557516450596355517e-02 -4.165387597127005570e+00 6.526809297473998850e-01 3.918215587515183618e-02 7.566770570807063168e-01 6.641804066890864533e+01
7.509778724471338762e-01 -8.816765319646356971e-03 -6.602701967973199082e-01 -3.412514079263268485e+01 -1.806700288632352019e-02 9.992622630670555672e-01 -3.389552341144835140e-02 -4.212550152178139662e+00 6.600819880652061267e-01 3.738240494774422440e-02 7.502643581991896848e-01 6.725886028887688894e+01
7.466592016144092403e-01 -1.075880549163901918e-02 -6.651032384243971141e-01 -3.487581570039219514e+01 -1.550488657969256202e-02 9.993160388800279570e-01 -3.355889128882692113e-02 -4.266803274294051818e+00 6.650096951054779160e-01 3.536553849488954793e-02 7.459818279488614756e-01 6.808028756755342670e+01
7.393117694852116006e-01 -1.149548165523797683e-02 -6.732948758742020035e-01 -3.564134891037793551e+01 -1.519580995478706301e-02 9.993147508668014378e-01 -3.374398688229186816e-02 -4.320126025785895330e+00 6.732215781659246501e-01 3.517844052103965419e-02 7.386304929689100351e-01 6.891473777626539743e+01
7.334599016743614808e-01 -1.342804409340088087e-02 -6.797561653623470646e-01 -3.641945610636550867e+01 -1.451395681442324039e-02 9.992675394220092988e-01 -3.540916049782691366e-02 -4.377197190747717848e+00 6.797338270822164130e-01 3.583583651684727617e-02 7.327277929543800639e-01 6.974040273745792717e+01
7.279192999054014956e-01 -1.249125981437325915e-02 -6.855846777077729826e-01 -3.720904971420396379e+01 -1.594361854964545383e-02 9.992553084777405781e-01 -3.514844643423791631e-02 -4.427420477873162952e+00 6.855131520155103297e-01 3.651692928814005701e-02 7.271780088806522047e-01 7.056424877350669078e+01
7.224983804681263111e-01 -1.283082843773404244e-02 -6.912955735522190448e-01 -3.801679460458333182e+01 -1.548873017899262544e-02 9.992764680883581274e-01 -3.472851884393910599e-02 -4.482527103476539487e+00 6.912412172487821804e-01 3.579577921610670177e-02 7.217769302368507445e-01 7.138284858094843344e+01
7.175761481845266410e-01 -1.119405805914103560e-02 -6.964301637830877523e-01 -3.882122706433406023e+01 -1.699374689419555148e-02 9.992917175246034400e-01 -3.357288058672060899e-02 -4.532407293472478393e+00 6.963128844361660130e-01 3.592727747817129474e-02 7.168776377164682856e-01 7.220024839745482836e+01
7.135244980032156015e-01 -1.235056504210849289e-02 -7.005745126243770882e-01 -3.964729969549935618e+01 -1.690519258139260364e-02 9.992499492795900995e-01 -3.483258656697691552e-02 -4.589114158629131524e+00 7.004793536360935935e-01 3.670068629233388946e-02 7.127804838809823629e-01 7.301372892437788664e+01
7.072065108593562632e-01 -1.416231711630873066e-02 -7.068936353873696010e-01 -4.046611152373614573e+01 -1.722919497107677084e-02 9.991572280876475087e-01 -3.725714605744272212e-02 -4.646791073029274521e+00 7.068255019590869992e-01 3.852771498710461789e-02 7.063665376376218052e-01 7.382995265201749646e+01
7.045609367169518578e-01 -1.652720401710102219e-02 -7.095389870253560050e-01 -4.129200637441835653e+01 -1.726929920201303661e-02 9.990334012919083184e-01 -4.041205806032260178e-02 -4.705548148351885729e+00 7.095211941941200751e-01 4.072304624702069442e-02 7.035945543556421100e-01 7.463590666344464353e+01
6.972029912993371603e-01 -1.693478824513021744e-02 -7.166341616349276578e-01 -4.213528406598464926e+01 -1.812224972628653438e-02 9.989850717604016328e-01 -4.124171041212988664e-02 -4.767526200085551835e+00 7.166051889012416964e-01 4.174542516105970991e-02 6.961885386362759442e-01 7.543677412648825964e+01
6.937896401926983980e-01 -1.710813036732277553e-02 -7.199436546560473715e-01 -4.299533978408791768e+01 -1.670819669401394855e-02 9.990662669986761779e-01 -3.984998391032332915e-02 -4.828640807893843423e+00 7.199529186369939548e-01 3.968014593316140926e-02 6.928560607537247451e-01 7.624556087199694332e+01
6.892026069136739652e-01 -1.722171533305017280e-02 -7.242054999814833138e-01 -4.385741235068810795e+01 -1.547325960845322840e-02 9.991396888956954880e-01 -3.847834117310744428e-02 -4.887455896493589691e+00 7.242448099575802267e-01 3.773236125521214901e-02 6.883432639402342623e-01 7.705788467535359132e+01
6.839924299842110589e-01 -1.798259243860060932e-02 -7.293548937297662516e-01 -4.472736224096485813e+01 -1.518433650993022792e-02 9.991284829898821052e-01 -3.887662512511681073e-02 -4.960157646951075527e+00 7.294186993614734105e-01 3.766237000471235608e-02 6.831233435223365014e-01 7.785731860473310917e+01
6.795103243278811656e-01 -1.906729315324941568e-02 -7.334703467611447536e-01 -4.560124775050894641e+01 -1.380686948919994730e-02 9.991528181624914629e-01 -3.877130332393691203e-02 -5.016402433664842064e+00 7.335881496093500376e-01 3.647654282062594983e-02 6.786715309143211972e-01 7.865531098882514982e+01
6.740237499442177649e-01 -1.944631424807786307e-02 -7.384531325724493778e-01 -4.649008121469532995e+01 -1.282435403052975542e-02 9.991947673022811838e-01 -3.800756418281117655e-02 -5.079272344446319920e+00 7.385973055860300951e-01 3.509494266393364120e-02 6.732315135571816933e-01 7.945362372460832034e+01
6.702725214903310080e-01 -2.070568653716310312e-02 -7.418227610947283335e-01 -4.738118715246659463e+01 -1.098597044189649277e-02 9.992242211707423882e-01 -3.782684151258924876e-02 -5.136433145832646652e+00 7.420305277929805099e-01 3.350516418903270316e-02 6.695251784967638509e-01 8.024959606392515354e+01
6.678538000474730785e-01 -2.337410794186709981e-02 -7.439365338748640255e-01 -4.827677578335439534e+01 -8.159995342839036422e-03 9.992166998344879092e-01 -3.870805211092455400e-02 -5.198572027505143467e+00 7.442588144436790287e-01 3.191931734260556458e-02 6.671397767217378538e-01 8.104987154672730298e+01
6.622052336225549007e-01 -2.788079923047623657e-02 -7.487785954149986933e-01 -4.918245086026271196e+01 -5.207486592905270772e-03 9.991121428289757578e-01 -4.180876068948331109e-02 -5.262307121650127151e+00 7.492794086714866797e-01 3.158461015145123951e-02 6.614721137714003607e-01 8.184058854310640641e+01
6.582728260327977976e-01 -3.300289646828631629e-02 -7.520576514215434605e-01 -5.009216394547404860e+01 -3.725651165630621485e-04 9.990240247043967736e-01 -4.416394745745475664e-02 -5.325532572940653075e+00 7.527814233999128302e-01 2.934961838287327915e-02 6.576181506551703748e-01 8.263639661022443761e+01
6.530956504117686467e-01 -3.708623846187839718e-02 -7.563663317237736550e-01 -5.101535138797873969e+01 5.851268119093653089e-03 9.990172964419435919e-01 -4.392512975566655042e-02 -5.390562927053704989e+00 7.572524606869581731e-01 2.425801948325999324e-02 6.526711126708240052e-01 8.342890709997863041e+01
6.425547446949364527e-01 -4.038386475588429808e-02 -7.650749297900220069e-01 -5.195217254439043586e+01 1.036022377629370120e-02 9.989770940671899302e-01 -4.402113207027132796e-02 -5.459140144445180809e+00 7.660692905324996138e-01 2.036892911580486312e-02 6.423152548200270484e-01 8.419819036731898620e+01
6.348466270880023243e-01 -4.109096359148402960e-02 -7.714514736166137032e-01 -5.289243295952916668e+01 1.307947525519212104e-02 9.990131005307093526e-01 -4.245426735857281419e-02 -5.530428442879284923e+00 7.724344983244239016e-01 1.685950232382952760e-02 6.347577235722370315e-01 8.496888332061408278e+01
6.248189665065656540e-01 -4.008342243746028377e-02 -7.797182045247132987e-01 -5.385972565307269377e+01 1.428079633429714217e-02 9.991004712402822285e-01 -3.993062834700975700e-02 -5.589347798348726748e+00 7.806177377643137572e-01 1.380699297609172017e-02 6.248299972011196468e-01 8.573909986776946823e+01
6.159241000028903290e-01 -3.978732158611864023e-02 -7.866817513538271189e-01 -5.483525238351746367e+01 1.407366616601638844e-02 9.991204108313656018e-01 -3.949997211907831790e-02 -5.661282056668817120e+00 7.875611417749510679e-01 1.326128573230865929e-02 6.159418459009736724e-01 8.649778270047242756e+01
6.082217290036191493e-01 -4.007896685328293102e-02 -7.928289542101395471e-01 -5.581481524471080036e+01 1.247006681005450798e-02 9.990836594867744669e-01 -4.094391614852783967e-02 -5.721643369865628159e+00 7.937436165508875430e-01 1.501703519668087447e-02 6.081640314658137703e-01 8.724315648164264303e+01
5.968609063749414911e-01 -4.262092649618917650e-02 -8.011766156939891248e-01 -5.681483739952191314e+01 1.368647224596871402e-02 9.989831425703717960e-01 -4.295270236559218385e-02 -5.786099895383989278e+00 8.021932345042940282e-01 1.466082060551652036e-02 5.968379788714593959e-01 8.797517619960851221e+01
5.875966903923083295e-01 -4.389195241438852840e-02 -8.079586117361128306e-01 -5.781838757741969204e+01 1.359771533158700765e-02 9.989227634002184608e-01 -4.436072957095105185e-02 -5.852356427421566032e+00 8.090352692757253328e-01 1.508574126602224043e-02 5.875598451805569278e-01 8.870107278353867741e+01
5.784134513621652651e-01 -4.492834454401265637e-02 -8.144602753565737263e-01 -5.883653130225730621e+01 1.716528020176327426e-02 9.989318118579583183e-01 -4.290074395773493809e-02 -5.925187131812409191e+00 8.155176108425756798e-01 1.083763961625630774e-02 5.785661227929076444e-01 8.942395786672773283e+01
5.678686805857583453e-01 -4.436413574145822020e-02 -8.219943549822659179e-01 -5.987190113918396861e+01 1.836917833330755853e-02 9.989809809539935692e-01 -4.122686090165095935e-02 -5.988817883315565638e+00 8.229857941294881352e-01 8.315762300413620176e-03 5.681046717656070832e-01 9.013283957757498399e+01
5.564598851458952833e-01 -4.508087269694101978e-02 -8.296573741387519574e-01 -6.091914800181371703e+01 1.922815400699200497e-02 9.989580916930133059e-01 -4.138489757167089500e-02 -6.057779666891271120e+00 8.306590493921297558e-01 7.071708425772526077e-03 5.567471165830275570e-01 9.082974537057823738e+01
5.477233532943486249e-01 -4.532353060277759943e-02 -8.354336769486707670e-01 -6.197354624938017764e+01 1.811407305349051547e-02 9.989399408296762983e-01 -4.231006007721774959e-02 -6.132222882782480511e+00 8.364663213073918469e-01 8.034980570090196131e-03 5.479637882238450608e-01 9.151345514882515886e+01
5.361072749753256206e-01 -4.591271581442413902e-02 -8.429533880632935627e-01 -6.303579495431564794e+01 1.726318795488499327e-02 9.989074461631491930e-01 -4.343716384292407168e-02 -6.198038121939347000e+00 8.440264854397444561e-01 8.741471692835333165e-03 5.363138592410112704e-01 9.218207948689209275e+01
5.269395111221508721e-01 -4.643152081484049759e-02 -8.487739850154848442e-01 -6.412266347850049897e+01 1.603315664482718450e-02 9.988716221224137604e-01 -4.469596287237128512e-02 -6.272680595818663107e+00 8.498923470199967189e-01 9.938628918067187942e-03 5.270897175282930336e-01 9.284386965497452593e+01
5.169815100659381768e-01 -4.641276626147002732e-02 -8.546984354791045124e-01 -6.520851782697150156e+01 1.538815996427055251e-02 9.988713595466131023e-01 -4.493706768540807472e-02 -6.347688155313264247e+00 8.558195876751854003e-01 1.007635952696557015e-02 5.171125520640844631e-01 9.348189011854468333e+01
