1.0 0.0 0.0 0.0 0.0 1.0 0.0 0.0 0.0 0.0 1.0 0.0
0.999935 0.011319861 0.001350731 0.30065918 -0.011316599 0.99993306 -0.0023972502 -0.0126953125 -0.0013777897 0.002381799 0.9999962 0.0031738281
0.9998244 0.018692335 0.0012925069 0.58496094 -0.01868443 0.9998081 -0.0058784364 -0.025634766 -0.001402173 0.005853248 0.9999819 0.005493164
0.9997824 0.020854896 0.0002769959 0.88623047 -0.020851864 0.99974775 -0.008333294 -0.037841797 -0.0004507765 0.008325705 0.99996525 0.008056641
0.9998316 0.018309781 -0.0013209595 1.1920166 -0.018321441 0.99978775 -0.009437038 -0.045898438 0.0011479431 0.009459633 0.9999546 0.011352539
0.9999275 0.01178919 -0.0024410896 1.5076904 -0.011816688 0.9998632 -0.011574697 -0.048339844 0.0023043077 0.011602702 0.99993 0.014282227
0.9999918 0.00045894398 -0.0040309224 1.8322754 -0.0005090706 0.99992245 -0.012444643 -0.044433594 0.0040248996 0.0124465935 0.99991447 0.02368164
0.99986356 -0.015968563 -0.0042205555 2.1654053 0.015919233 0.9998074 -0.011477828 -0.027954102 0.004403037 0.011409093 0.9999252 0.02746582
0.9993654 -0.03537686 -0.004139189 2.508789 0.035347007 0.99935 -0.007072723 0.0018310547 0.0043867775 0.0069218767 0.9999664 0.028198242
0.9985074 -0.054359943 -0.005336143 2.8676758 0.05434301 0.9985172 -0.0032682014 0.040039062 0.0055058952 0.0029733912 0.99998045 0.03161621
0.9972402 -0.07403074 -0.005736078 3.2294922 0.07401854 0.9972549 -0.0023116777 0.07836914 0.0058914754 0.0018808043 0.99998087 0.036254883
0.99534005 -0.09626652 -0.0055009536 3.609375 0.09624994 0.9953517 -0.003205457 0.12365723 0.0057839444 0.0026611667 0.99997973 0.032836914
0.99337727 -0.11478704 -0.0044696545 3.9980469 0.114763215 0.99337614 -0.0052666394 0.17749023 0.0050447285 0.0047187624 0.99997616 0.042114258
0.99104255 -0.13346235 -0.0036448804 4.3947754 0.13344617 0.9910418 -0.004371099 0.23986816 0.0041958187 0.0038454242 0.9999838 0.04333496
0.98874944 -0.1495484 -0.0032158184 4.8095703 0.1495368 0.98875 -0.003585216 0.3133545 0.0037158024 0.0030640655 0.9999884 0.04711914
0.98658514 -0.16321248 -0.0034032043 5.234741 0.16320187 0.9865876 -0.0031939654 0.39611816 0.0038789008 0.0025956747 0.9999891 0.053100586
0.984581 -0.17489459 -0.0046349214 5.6724854 0.17487626 0.9845866 -0.004104507 0.48181152 0.005281272 0.003230988 0.99998087 0.057373047
0.9828003 -0.18457717 -0.005666999 6.124634 0.18453528 0.98279816 -0.007194611 0.5600586 0.0068977154 0.0060250587 0.99995804 0.06750488
0.98149663 -0.19136927 -0.0075074406 6.5863037 0.19131997 0.9815113 -0.0068153935 0.6557617 0.008672833 0.0052529825 0.99994856 0.07397461
0.9799559 -0.19900037 -0.009776605 7.0720215 0.19894272 0.9799944 -0.0065606623 0.76416016 0.010886789 0.0044844537 0.9999307 0.07043457
0.97853863 -0.2057322 -0.012060331 7.557495 0.20565884 0.978603 -0.007049478 0.8717041 0.01325225 0.004417949 0.9999024 0.07751465
0.97667074 -0.21437618 -0.013424817 8.060547 0.21423467 0.97672945 -0.011234477 0.9786377 0.015520404 0.008097261 0.99984676 0.08618164
0.97499585 -0.2218615 -0.012882177 8.581543 0.22163893 0.9749883 -0.016716816 1.0892334 0.016268348 0.013443856 0.9997774 0.095214844
0.97324 -0.22935605 -0.014382016 9.101807 0.22910903 0.9732562 -0.016977586 1.2132568 0.017891886 0.013229149 0.99975246 0.11657715
0.9712081 -0.2373954 -0.01989381 9.634766 0.2371594 0.97137547 -0.013519457 1.3621826 0.022533353 0.008411781 0.99971074 0.115478516
0.96897304 -0.24599613 -0.024197266 10.185181 0.24577802 0.9692604 -0.011658378 1.5168457 0.02632038 0.005349539 0.9996392 0.12573242
0.9665801 -0.2551441 -0.025788557 10.745972 0.2548533 0.9668989 -0.014047896 1.6723633 0.028517775 0.0070066485 0.9995686 0.1463623
0.9641464 -0.26397306 -0.026974864 11.321289 0.2636447 0.96449447 -0.015144773 1.8258057 0.030015562 0.007489196 0.9995214 0.17236328
0.9618777 -0.27188239 -0.029896533 11.904785 0.27152014 0.9623172 -0.015647551 1.9989014 0.03302402 0.006933703 0.99943036 0.18847656
0.95950705 -0.27965444 -0.03378483 12.498413 0.2792902 0.96008766 -0.0151567925 2.1833496 0.036674596 0.0051099453 0.9993146 0.20825195
0.9573071 -0.2863859 -0.039069414 13.09668 0.28593662 0.95809156 -0.016761329 2.368164 0.042232346 0.0048732986 0.99909604 0.23291016
0.9550226 -0.29296365 -0.046216678 13.712891 0.29247743 0.95613575 -0.017103717 2.567505 0.04920006 0.0028214338 0.99878526 0.2652588
0.9532711 -0.2971203 -0.054617494 14.345581 0.29660553 0.9548347 -0.017492164 2.7697754 0.057347205 0.0004721349 0.9983538 0.2932129
0.95178825 -0.30001175 -0.06376451 14.975952 0.2994553 0.953919 -0.0183401 2.9697266 0.066329785 -0.0016357 0.9977977 0.33398438
0.94975376 -0.30423644 -0.073257975 15.622681 0.3038011 0.9525572 -0.017288465 3.1950684 0.07504314 -0.005841799 0.99716306 0.37182617
0.94817674 -0.30735558 -0.08087664 16.281006 0.3069783 0.95158106 -0.017365906 3.4050293 0.082297444 -0.008348123 0.9965748 0.42492676
0.9458779 -0.3124688 -0.08788988 16.947266 0.3123513 0.9498664 -0.015437692 3.640503 0.08830659 -0.012846502 0.9960098 0.47680664
0.9437849 -0.316745 -0.09476728 17.624512 0.31685433 0.9483871 -0.014288686 3.8839111 0.09440129 -0.016537484 0.99539655 0.54260254
0.9419641 -0.32002854 -0.10123434 18.314453 0.3204851 0.94715494 -0.0121643515 4.1331787 0.09977917 -0.020989006 0.9947892 0.61035156
0.93965876 -0.32551157 -0.10524131 19.015503 0.32625777 0.94521815 -0.010534898 4.3880615 0.10290466 -0.024438012 0.9943909 0.6813965
0.9379096 -0.32976115 -0.107812114 19.725464 0.33074057 0.9436972 -0.009180415 4.6533203 0.10476922 -0.027037492 0.9941302 0.7537842
0.9356728 -0.33629182 -0.106875315 20.451416 0.33740237 0.9413263 -0.008067597 4.923828 0.10331608 -0.028514823 0.9942385 0.83862305
0.93338 -0.3428621 -0.10583243 21.178345 0.34397286 0.93891877 -0.008154911 5.1990967 0.10216357 -0.028797623 0.994351 0.9215088
0.93143916 -0.34865505 -0.104169264 21.919678 0.3497007 0.9368161 -0.008647273 5.480591 0.100602955 -0.028373964 0.9945224 1.0043945
0.92934 -0.35516322 -0.101037934 22.651367 0.35632834 0.93434715 -0.0068861516 5.7684326 0.096849024 -0.02959838 0.9948592 1.0859375
0.92538035 -0.36675823 -0.09588746 23.423218 0.36798525 0.9298359 -0.0052040126 6.0820312 0.09106611 -0.030464862 0.99537855 1.1604004
0.9227689 -0.37428242 -0.091531724 24.173584 0.37557286 0.9267692 -0.0033499177 6.397339 0.086082935 -0.03128904 0.9957967 1.2403564
0.9197074 -0.3823782 -0.088962324 24.936768 0.38390294 0.92336637 3.7008664e-05 6.7286377 0.08213238 -0.034183856 0.99603623 1.3116455
0.9162145 -0.39089122 -0.08775078 25.702637 0.3924953 0.9197217 0.0011197557 7.065674 0.08026934 -0.035467256 0.99614346 1.3837891
0.9120662 -0.40051308 -0.08792267 26.480347 0.4022305 0.9155396 0.0019967582 7.411377 0.07969841 -0.037186384 0.9961252 1.4593506
0.9091956 -0.40724877 -0.086768515 27.254883 0.4089869 0.9125461 0.0024865908 7.765991 0.07816738 -0.03774528 0.99622566 1.5238037
0.90505606 -0.41666466 -0.08535166 28.041992 0.4184609 0.9082399 0.0035061713 8.1397705 0.076058894 -0.03888865 0.99634457 1.5921631
0.9013354 -0.42534882 -0.082198 28.839233 0.4269615 0.90431273 0.0022783726 8.516724 0.07336318 -0.037137628 0.99661404 1.6640625
0.8986073 -0.4317282 -0.07797229 29.642822 0.43324926 0.90124923 0.002887702 8.904297 0.069020554 -0.036377992 0.9969515 1.7279053
0.8952427 -0.4395616 -0.07350597 30.458618 0.44105378 0.8975103 0.0046170065 9.31189 0.06394527 -0.036538918 0.99728554 1.7913818
0.892122 -0.44644785 -0.06950524 31.273804 0.44782406 0.89412534 0.004790238 9.72583 0.060004584 -0.03539995 0.9975696 1.8505859
0.88798636 -0.4549943 -0.06686951 32.09961 0.45628107 0.88982934 0.0045430795 10.153931 0.057434786 -0.034539543 0.9977521 1.9133301
0.8849593 -0.46099216 -0.06529646 32.931274 0.46218026 0.8867397 0.0035265675 10.594727 0.056273438 -0.033305917 0.9978594 1.9755859
0.88306314 -0.46507844 -0.06303595 33.76941 0.46622515 0.88469815 0.003998642 11.044434 0.053906225 -0.03291787 0.99800277 2.0252686
0.88024306 -0.47051793 -0.061789986 34.620483 0.47159937 0.88182455 0.003359288 11.502808 0.052906044 -0.03209037 0.998084 2.0808105
0.8771832 -0.47627872 -0.0607754 35.478638 0.47727194 0.8787442 0.0020998437 11.966675 0.0524062 -0.030845704 0.9981497 2.1351318
0.8755194 -0.47935382 -0.060274277 36.34314 0.48031196 0.87706554 0.0016192372 12.451172 0.052088983 -0.03036798 0.99818105 2.190796
0.8749021 -0.4804528 -0.061318066 37.216797 0.48140082 0.87652814 0.00078503834 12.945923 0.05336847 -0.03020376 0.99811774 2.2407227
0.8745363 -0.48125756 -0.060411353 38.104248 0.4822039 0.8761001 0.001244369 13.439453 0.052326623 -0.03022022 0.99817204 2.2958984
0.8738669 -0.48275664 -0.058253955 39.007202 0.48364604 0.87531495 0.001337965 13.946655 0.05034144 -0.029340185 0.99830055 2.3509521
0.87357503 -0.48333713 -0.056701783 39.9209 0.48414025 0.87496865 0.0004976625 14.458008 0.04937448 -0.027884867 0.99839145 2.409668
0.8734773 -0.48357472 -0.056685865 40.844116 0.48424494 0.8749413 -0.002166106 14.974243 0.050642192 -0.02555584 0.99838966 2.4625244
0.8715854 -0.48691398 -0.056408484 41.772095 0.48754892 0.8730499 -0.0028355282 15.501221 0.050626528 -0.025034685 0.99840367 2.5186768
0.8719618 -0.48670986 -0.053832885 42.70923 0.4872653 0.87330663 -0.0031580245 16.029541 0.048549887 -0.023471946 0.9985448 2.5770264
0.86862624 -0.4929383 -0.049977988 43.643555 0.49340168 0.8697933 -0.0034516188 16.562256 0.04517474 -0.021662343 0.9987443 2.633545
0.8666189 -0.49712357 -0.044818264 44.576294 0.49752322 0.8675443 -0.0025329767 17.100098 0.040140487 -0.020096261 0.9989918 2.6870117
0.86327595 -0.5029082 -0.042751163 45.50293 0.5032112 0.8641473 -0.0041285413 17.63684 0.039021485 -0.017947387 0.9990774 2.7409668
0.85768926 -0.5123921 -0.043244988 46.421875 0.5125649 0.8586395 -0.00783568 18.19104 0.041145366 -0.015439092 0.99903405 2.8027344
0.8518037 -0.52200687 -0.045459803 47.332153 0.5221442 0.8528763 -0.009740693 18.746582 0.04385524 -0.015435792 0.99891853 2.8570557
0.8464984 -0.5304424 -0.044579327 48.243896 0.5305652 0.8475353 -0.010014318 19.325195 0.043094918 -0.015176769 0.9989557 2.9056396
0.8401342 -0.5407641 -0.041194946 49.153564 0.5409444 0.84099287 -0.00759605 19.916382 0.038755782 -0.015900947 0.99912256 2.9526367
0.8368471 -0.5462107 -0.0376044 50.052246 0.5464525 0.8375224 -0.004425812 20.516724 0.033912603 -0.01684667 0.9992826 3.006958
0.83171785 -0.5536999 -0.040081408 50.94751 0.5540099 0.8324677 -0.0039273137 21.117432 0.035541274 -0.018944332 0.9991885 3.0550537
0.8281264 -0.5587546 -0.04419167 51.832764 0.5590881 0.8290607 -0.005573453 21.726196 0.03975055 -0.020089742 0.9990077 3.1009521
0.8255194 -0.5621205 -0.05072091 52.714355 0.56251913 0.8267712 -0.0073833414 22.328613 0.046089675 -0.022428934 0.9986861 3.1577148
0.8223874 -0.56653404 -0.05251754 53.59204 0.5669343 0.8237445 -0.00837061 22.951294 0.04800565 -0.022887629 0.9985849 3.210083
0.8193782 -0.5711142 -0.04908499 54.47632 0.5715241 0.8205345 -0.006614926 23.567017 0.044053596 -0.022631962 0.9987729 3.269287
0.8159974 -0.5763607 -0.04302555 55.362793 0.5767252 0.8168599 -0.0046425224 24.203613 0.03782294 -0.021024378 0.99906355 3.3188477
0.8132785 -0.5804888 -0.041226868 56.2417 0.58089286 0.8140301 -0.0026111715 24.839355 0.035075027 -0.02181954 0.9991466 3.3692627
0.81128126 -0.5829028 -0.04287329 57.110107 0.5833592 0.8120823 -0.0022631884 25.476807 0.036133043 -0.023182733 0.9990779 3.4155273
0.80719995 -0.5888212 -0.04309787 57.982666 0.58925104 0.8080301 -0.0032889997 26.124146 0.03675783 -0.022742288 0.9990649 3.4621582
0.8028268 -0.5946103 -0.04533077 58.855713 0.59501433 0.8037877 -0.005445369 26.770264 0.039675858 -0.022592824 0.9989574 3.5164795
0.80052656 -0.59756744 -0.044942226 59.72168 0.59791243 0.8015007 -0.006809569 27.430542 0.04009054 -0.021421066 0.9989665 3.5605469
0.7947228 -0.60541606 -0.04319208 60.595215 0.6057478 0.7956169 -0.0064271884 28.097778 0.038256843 -0.021057982 0.9990461 3.6108398
0.7908367 -0.6104211 -0.042224947 61.46118 0.61071855 0.7917037 -0.0069614644 28.765991 0.037679594 -0.020293478 0.9990835 3.6707764
0.785249 -0.6176986 -0.042678 62.32495 0.6179542 0.7861616 -0.008507224 29.45581 0.038802076 -0.019696716 0.9990524 3.7236328
0.77959275 -0.6246687 -0.043412812 63.17871 0.6249161 0.780547 -0.009289961 30.151001 0.039692283 -0.01988822 0.99901426 3.7738037
0.7748688 -0.6306871 -0.043186575 64.0354 0.6308797 0.7758402 -0.010734649 30.845093 0.04027414 -0.01891832 0.99900985 3.8253174
0.76972884 -0.63688827 -0.043707576 64.88599 0.6370148 0.77075845 -0.012773536 31.559326 0.04182367 -0.018009141 0.99896276 3.8789062
0.7637309 -0.6440768 -0.04361392 65.73364 0.644161 0.76477647 -0.013968708 32.270386 0.042352397 -0.017422099 0.998951 3.9312744
0.7566639 -0.6524635 -0.04288195 66.58032 0.6524972 0.7576979 -0.015137722 33.006226 0.042367555 -0.016519917 0.9989657 3.987793
0.75025225 -0.65987474 -0.0410994 67.42505 0.65989393 0.75121003 -0.015024135 33.746216 0.040790692 -0.01584876 0.9990422 4.0360107
0.7459806 -0.6648021 -0.03909772 68.249756 0.6647165 0.74688685 -0.017036358 34.493164 0.04052568 -0.013289292 0.9990896 4.0910645
0.73863196 -0.6730134 -0.03893048 69.08838 0.67290103 0.7395434 -0.017885558 35.253906 0.040824883 -0.012986441 0.9990817 4.1450195
0.73273593 -0.6795158 -0.039605934 69.917725 0.67933583 0.73370206 -0.019905336 36.02771 0.0425811 -0.01231209 0.99901724 4.2023926
0.72718036 -0.68529886 -0.040295944 70.74512 0.68517196 0.7281657 -0.019049615 36.813477 0.042400647 -0.013748306 0.99900657 4.253662
0.72178143 -0.6910298 -0.039586417 71.56738 0.6908834 0.7227442 -0.019471338 37.61731 0.042062674 -0.013299329 0.9990261 4.3100586
0.7168741 -0.6961102 -0.03972388 72.38818 0.69603735 0.7178211 -0.01790747 38.418213 0.040977612 -0.014809123 0.99905026 4.36145
0.71278024 -0.70026976 -0.04050669 73.204834 0.7001637 0.7137784 -0.019121567 39.240845 0.042297013 -0.014728097 0.9989963 4.4190674
0.70637035 -0.7066031 -0.042347193 74.0249 0.7064511 0.70747805 -0.021020794 40.05542 0.04481262 -0.015065418 0.9988819 4.477173
0.7036046 -0.70928115 -0.044551425 74.833496 0.7090557 0.7048521 -0.023418793 40.878296 0.04800565 -0.015114008 0.9987322 4.536255
0.6961976 -0.71636236 -0.045583915 75.63867 0.7161409 0.69750476 -0.023929238 41.717163 0.048938494 -0.015981348 0.9986742 4.5994873
0.6928696 -0.7197177 -0.043523815 76.45068 0.71945995 0.6940817 -0.024156043 42.574097 0.047598176 -0.014571223 0.99876064 4.6627197
0.6883607 -0.7240174 -0.0415811 77.2666 0.72373146 0.689486 -0.024338432 43.43274 0.046292882 -0.013343513 0.99883884 4.723633
0.683144 -0.72918993 -0.04152043 78.069824 0.7288722 0.68428004 -0.025174601 44.29883 0.04676685 -0.013063606 0.99882025 4.7979736
0.67869925 -0.73336005 -0.040341195 78.87134 0.7329809 0.679796 -0.026324399 45.16931 0.046726137 -0.011695195 0.99883944 4.856079
0.67326343 -0.73837405 -0.038965125 79.673584 0.7379667 0.67430496 -0.026782792 46.054443 0.046039853 -0.010723335 0.99888164 4.9211426
0.6695663 -0.74180824 -0.037381135 80.4729 0.74132913 0.67054945 -0.028097332 46.942383 0.04591377 -0.008892807 0.9989062 4.9803467
0.66719675 -0.744031 -0.035802785 81.27612 0.74341816 0.66812986 -0.030801632 47.835083 0.04683239 -0.0060733836 0.99888366 5.0441895
0.66155124 -0.7490351 -0.03548082 82.0708 0.7482055 0.66249454 -0.03538458 48.736816 0.050013144 -0.003138516 0.9987437 5.109009
0.65772676 -0.7525239 -0.03325915 82.87012 0.75143176 0.65856516 -0.040562656 49.643066 0.052427582 0.001683929 0.9986231 5.173584
0.6528111 -0.756996 -0.028179172 83.66675 0.75571483 0.65337145 -0.0447248 50.5625 0.052266628 0.007895534 0.9986015 5.240967
0.6424813 -0.76581526 -0.02430041 84.441895 0.7643998 0.6428217 -0.048170432 51.49414 0.05250764 0.012376943 0.99854404 5.3120117
0.63493675 -0.7721914 -0.020794395 85.21753 0.7707833 0.6350979 -0.048987743 52.430176 0.051046316 0.015077921 0.9985828 5.3863525
0.62501305 -0.7803917 -0.017741062 85.99341 0.7790757 0.625053 -0.04812103 53.392822 0.048656493 0.016255386 0.9986834 5.4488525
0.61612606 -0.78734094 -0.017193012 86.757324 0.78604376 0.61615795 -0.047942862 54.364014 0.04833928 0.016022287 0.99870235 5.5238037
0.60834646 -0.7935196 -0.018948922 87.507324 0.7921769 0.6084714 -0.048332695 55.3396 0.049879864 0.0143945 0.99865156 5.58667
0.597036 -0.8019644 -0.018592758 88.24536 0.8004908 0.5971222 -0.051019814 56.334717 0.05203058 0.015571462 0.99852383 5.6536865
0.5877645 -0.8088037 -0.01901542 88.97656 0.8072524 0.58786964 -0.052407943 57.333984 0.053552635 0.015450474 0.99844515 5.7227783
0.5787893 -0.81529754 -0.01476317 89.70508 0.81375784 0.5786666 -0.05356837 58.3479 0.05220985 0.018988658 0.99845546 5.7995605
0.5683339 -0.8227785 -0.012232318 90.41992 0.8213079 0.5681082 -0.053143058 59.378906 0.050667036 0.020158676 0.9985122 5.8674316
0.5569859 -0.8304565 -0.010977975 91.12305 0.8289639 0.55669904 -0.054003365 60.42163 0.05096173 0.020975465 0.99848014 5.9401855
0.54820263 -0.8362633 -0.011931672 91.81201 0.8347305 0.54797405 -0.054351777 61.472168 0.0519881 0.01982722 0.9984504 6.0183105
0.5365558 -0.84382343 -0.012624874 92.48682 0.8422364 0.5363704 -0.055081524 62.53003 0.053249378 0.018930113 0.99840236 6.0878906
0.52733237 -0.8496877 -0.0138107 93.15405 0.84804285 0.5272174 -0.055709228 63.613037 0.054612238 0.017662382 0.9983511 6.166504
0.5173563 -0.8556182 -0.013931492 93.79785 0.8539647 0.5172651 -0.055808745 64.69507 0.054964498 0.01697524 0.99834406 6.2459717
0.5099891 -0.8599937 -0.013760611 94.44922 0.8584706 0.5099409 -0.05343529 65.7876 0.05298095 0.015436794 0.99847627 6.319092
0.50165284 -0.8648674 -0.010761613 95.0896 0.8634398 0.5014779 -0.05253183 66.89868 0.050834246 0.017067807 0.9985618 6.392578
0.49460384 -0.8691797 -0.010195696 95.71655 0.86776626 0.49441433 -0.052401703 68.01343 0.050580908 0.017069949 0.998574 6.466919
0.4855178 -0.8741786 -0.009393529 96.343994 0.872611 0.48524454 -0.05560461 69.1272 0.053165376 0.018801391 0.9984089 6.5426025
0.48076326 -0.876871 -0.009360366 96.9646 0.87517536 0.4804532 -0.057945486 70.25464 0.055286434 0.01965549 0.99827635 6.6219482
0.47256112 -0.8811621 -0.008401871 97.56958 0.8792959 0.47214374 -0.06124897 71.37622 0.057940107 0.021565845 0.9980878 6.697632
0.47075027 -0.882155 -0.007951297 98.17407 0.8800667 0.4702224 -0.06511502 72.50635 0.06118951 0.023658143 0.99784607 6.7894287
0.46379283 -0.88580763 -0.0058216723 98.77295 0.883732 0.46313864 -0.06568591 73.64331 0.06087664 0.025313063 0.9978239 6.8778076
0.45968992 -0.88792557 -0.0015625469 99.358154 0.88607955 0.45884675 -0.063652545 74.77954 0.057247747 0.02786983 0.9979705 6.961426
0.45836687 -0.88870704 0.004142315 99.951904 0.8871086 0.45725214 -0.062267743 75.921875 0.053442534 0.03222279 0.9980512 7.0511475
0.45208716 -0.8917833 0.0061731925 100.52344 0.890299 0.45091096 -0.06120502 77.04932 0.051810175 0.033170212 0.99810606 7.1326904
0.44959745 -0.8930439 0.0077982773 101.08765 0.8916534 0.4483702 -0.060371894 78.177246 0.05043051 0.03410272 0.9981454 7.209717
0.44863796 -0.89351594 0.010393465 101.65259 0.8922753 0.44732714 -0.05915773 79.30957 0.048208773 0.03582423 0.9981951 7.288208
0.44614202 -0.89494544 0.012469805 102.21094 0.89382505 0.44477305 -0.05813335 80.42334 0.04647567 0.03708767 0.99823105 7.3570557
0.4451375 -0.89550716 0.01462909 102.76587 0.8944235 0.44363424 -0.059061043 81.54785 0.04639224 0.039359555 0.99814683 7.4345703
0.44005823 -0.8976542 0.016169973 103.30469 0.89666176 0.43852293 -0.05824406 82.651855 0.045194644 0.04013778 0.9981719 7.5058594
0.43907565 -0.8980828 0.019391898 103.84595 0.897281 0.4374558 -0.0568993 83.75708 0.042610306 0.04239527 0.99819255 7.5754395
0.4375781 -0.8991015 0.022646006 104.38135 0.89841354 0.43579483 -0.057483055 84.86182 0.04181499 0.045480404 0.9980888 7.6429443
0.4344798 -0.9003349 0.024761755 104.90332 0.8997365 0.43260923 -0.05755335 85.93042 0.04109202 0.047275886 0.998036 7.7093506
0.43294647 -0.9011195 0.025490751 105.42114 0.90050983 0.4309966 -0.0585973 87.00171 0.041798513 0.04832218 0.99795705 7.7766113
0.4355152 -0.8997428 0.025417186 105.938965 0.89909846 0.433524 -0.05945898 88.076416 0.04248141 0.048745785 0.9979072 7.8443604
0.43550375 -0.89983433 0.024845373 106.4314 0.89911455 0.43348393 -0.06055163 89.11206 0.043716285 0.048696883 0.9978558 7.907837
0.43755776 -0.89901304 0.021595886 106.92505 0.89821434 0.43575203 -0.058963567 90.163574 0.043608833 0.045187358 0.99802554 7.9729004
0.4416167 -0.89695907 0.019134963 107.41919 0.8960577 0.4399135 -0.059033237 91.19458 0.04453055 0.04322564 0.99807304 8.039185
0.44620562 -0.89462477 0.017665617 107.920166 0.8936292 0.44452602 -0.059911005 92.201904 0.04575319 0.042528808 0.9980475 8.104858
0.45229852 -0.89182657 0.016271884 108.423584 0.8908124 0.45070255 -0.05927064 93.22461 0.045522183 0.041298635 0.9981091 8.169434
0.45836338 -0.8886141 0.014989968 108.927734 0.88760674 0.45686185 -0.05820989 94.22461 0.044877097 0.039987992 0.99819195 8.234009
0.4661603 -0.8844763 0.014275871 109.44678 0.8834992 0.46472245 -0.057186462 95.221436 0.043948926 0.039276514 0.99826175 8.2960205
0.4781185 -0.87836874 0.013442468 109.96973 0.8774234 0.47674415 -0.056137893 96.20874 0.042900555 0.03863101 0.99833196 8.358032
0.48601925 -0.8738217 0.012220347 110.4978 0.872858 0.48470306 -0.055769112 97.18237 0.042814866 0.037776772 0.99836886 8.416382
0.49529687 -0.86860335 0.010600505 111.04663 0.86757326 0.49402347 -0.05621983 98.157715 0.04359957 0.037042946 0.9983621 8.473633
0.5061188 -0.86241907 0.006333256 111.59082 0.86118466 0.5049711 -0.057690844 99.110596 0.04655338 0.034647457 0.99831444 8.535278
0.5168516 -0.8560909 0.003211623 112.1499 0.8547652 0.5158347 -0.057700414 100.056885 0.047733963 0.03257217 0.9983292 8.598511
0.5296375 -0.8481611 0.00049624406 112.72949 0.84683824 0.5287783 -0.05615034 101.00049 0.047361925 0.030166801 0.99842256 8.658813
0.5408871 -0.84120506 -0.0002566995 113.30786 0.83999944 0.5401282 -0.053366095 101.92212 0.04501595 0.028650096 0.9985755 8.718872
0.55478597 -0.8319533 0.00014683325 113.90869 0.8308468 0.5540387 -0.051661976 102.84131 0.04289866 0.028787442 0.9986649 8.776855
0.5646125 -0.82534504 -0.0004719207 114.5105 0.8243167 0.5639371 -0.049582038 103.7334 0.041192826 0.027607262 0.9987698 8.84021
0.57631475 -0.8172104 -0.0015289662 115.12305 0.81615824 0.5756654 -0.049679402 104.61572 0.041488647 0.02738427 0.9987637 8.896851
0.58805215 -0.8087344 -0.0029097025 115.75293 0.8076075 0.58741546 -0.0507891 105.49048 0.04278203 0.0275187 0.9987055 8.952393
0.59792113 -0.801509 -0.0022864135 116.37598 0.8003091 0.5971772 -0.053079903 106.33545 0.043907054 0.029911865 0.9985881 9.008789
0.60918224 -0.7931676 -0.0030376639 117.01196 0.79199415 0.60848045 -0.052179486 107.17114 0.043237228 0.02937794 0.9986326 9.071289
0.6203264 -0.78439695 -0.002452792 117.65967 0.78333604 0.6196442 -0.050142314 107.99829 0.04085603 0.02918058 0.9987386 9.125244
0.6292508 -0.7772227 -0.0005271458 118.30298 0.77632165 0.62855375 -0.04771079 108.80444 0.03741716 0.029607052 0.9988607 9.1813965
0.6400785 -0.7682845 -0.0010574588 118.95996 0.7674531 0.6394486 -0.045649704 109.592285 0.035751082 0.028406478 0.99895686 9.23645
0.64906913 -0.7607198 -0.0038503045 119.6001 0.75984925 0.6485533 -0.044805277 110.36304 0.036586173 0.0261508 0.99898803 9.285156
0.6585352 -0.75243664 -0.0066496716 120.25586 0.75151104 0.6581186 -0.04455861 111.13379 0.03790657 0.0243508 0.9989849 9.32959
0.6687152 -0.74339145 -0.0076901615 120.92944 0.7425013 0.66836023 -0.043099593 111.88745 0.03717481 0.023114337 0.9990416 9.378784
0.67644167 -0.7363612 -0.006878895 121.58887 0.7355569 0.67608905 -0.041338593 112.615234 0.035087645 0.022904739 0.99912184 9.428101
0.68545145 -0.7281638 -0.0050482256 122.25659 0.72748435 0.6850822 -0.039002612 113.333496 0.03184849 0.023062784 0.9992266 9.471558
0.69447505 -0.71943915 -0.004908969 122.93677 0.71879655 0.6941142 -0.038071178 114.05054 0.03079883 0.022915293 0.9992631 9.522339
0.70127034 -0.7127705 -0.0067105014 123.60156 0.7121056 0.70096993 -0.03760602 114.73291 0.03150812 0.021594608 0.9992703 9.558716
0.709887 -0.70421165 -0.0064464323 124.28784 0.7035949 0.70959795 -0.036341265 115.41626 0.030164907 0.021264572 0.99931884 9.604858
0.71564317 -0.69838774 -0.005940084 124.95093 0.6978749 0.71539974 -0.033161383 116.07764 0.027410962 0.019585332 0.9994323 9.646118
0.7226271 -0.6912277 -0.0044086813 125.629395 0.6908019 0.72238 -0.031056875 116.73364 0.024656177 0.01939403 0.9995076 9.688232
0.7309251 -0.6822688 -0.004460501 126.305664 0.6818931 0.73071235 -0.029042302 117.37915 0.023077829 0.018189728 0.9995683 9.716309
0.7378577 -0.6750132 -0.004836332 126.96118 0.67466867 0.73767793 -0.027458085 117.99463 0.02209713 0.016997227 0.9996115 9.758057
0.7452208 -0.66676855 -0.0062404806 127.63159 0.66646874 0.74511427 -0.024436869 118.61255 0.020949211 0.014053131 0.99968183 9.786621
0.7550682 -0.6556464 -0.00507903 128.31836 0.65541464 0.7549704 -0.02184231 119.20752 0.018156625 0.013163114 0.9997486 9.817383
0.7633839 -0.6458558 -0.004410466 128.97998 0.645701 0.763322 -0.01772007 119.7793 0.014812104 0.010679024 0.99983335 9.845703
0.7736787 -0.6335559 -0.0043347534 129.66406 0.6334319 0.77363425 -0.015643043 120.34985 0.0132635385 0.009356985 0.99986833 9.873779
0.78260785 -0.6224765 -0.0053512095 130.32349 0.6223534 0.78258145 -0.014942442 120.8938 0.013490997 0.008364263 0.9998741 9.895752
0.7929163 -0.60930794 -0.007573289 131.00293 0.60917026 0.7929206 -0.014767604 121.4187 0.015004514 0.00709588 0.9998624 9.921631
0.8031472 -0.595646 -0.00778163 131.70166 0.5955192 0.8031581 -0.013929757 121.93628 0.014548479 0.006552769 0.9998728 9.941162
0.81238693 -0.5829629 -0.00718982 132.37451 0.58286667 0.8124001 -0.011934806 122.44043 0.01279872 0.005503623 0.999903 9.960083
0.822437 -0.5687485 -0.004712734 133.08716 0.56869096 0.82243377 -0.009660257 122.937744 0.009369779 0.005265733 0.9999423 9.977905
0.83120614 -0.5558565 -0.003360097 133.7854 0.5558169 0.8311974 -0.008375183 123.40869 0.0074487734 0.005094265 0.99995923 10.002686
0.8390655 -0.5439721 -0.00085193105 134.49683 0.5439566 0.8390514 -0.0064149667 123.881836 0.0042050197 0.004918572 0.999979 10.014648
0.8482105 -0.5297391 0.0016844692 135.22314 0.5297399 0.84819484 -0.0053540017 124.33081 0.0014070533 0.005433438 0.9999842 10.0234375
0.85485816 -0.5187788 0.0030302487 135.93848 0.5187875 0.8548389 -0.0057535833 124.77075 0.0003946093 0.006490857 0.99997884 10.039185
0.8613572 -0.5079129 0.0032860518 136.66406 0.5079234 0.8613414 -0.0052307025 125.20679 -0.00017374847 0.0061747395 0.9999809 10.050781
0.86833674 -0.49594638 0.002940136 137.427 0.49595457 0.8683294 -0.0036274302 125.6355 -0.00075470936 0.004608327 0.99998903 10.059937
0.8736049 -0.48656055 0.002635945 138.1543 0.48656496 0.8736053 -0.0013598176 126.06372 -0.0016410723 0.0024707231 0.9999955 10.06311
0.88026124 -0.4744245 0.003291703 138.92505 0.4744276 0.88026565 -0.00018930528 126.47803 -0.0028077764 0.0017283508 0.9999945 10.065796
0.8862188 -0.46327978 0.0027772598 139.6792 0.46328306 0.8862213 -0.0006408682 126.87842 -0.002164498 0.0018545636 0.9999959 10.075317
0.890943 -0.45412213 0.002985515 140.44702 0.4541283 0.890943 -0.0018211966 127.268555 -0.0018329062 0.0029782595 0.99999386 10.085205
0.89562356 -0.44477355 0.0023661621 141.23706 0.44477865 0.89562076 -0.0024802033 127.65869 -0.0010158992 0.0032738447 0.9999941 10.088623
0.89789414 -0.4401542 0.0034445669 142.00073 0.44016024 0.897897 -0.0012336865 128.04956 -0.0025499407 0.0026238896 0.9999933 10.089233
0.9017054 -0.43238097 0.006029211 142.78857 0.4323875 0.90172243 0.00025846018 128.43823 -0.0055482844 0.0023729922 0.9999819 10.094849
0.90474063 -0.42585284 0.008545723 143.6167 0.42583358 0.9047811 0.00404682 128.8247 -0.009455442 -2.1751272e-05 0.9999553 10.09436
0.90709054 -0.42070976 0.010806694 144.43945 0.42064726 0.90715176 0.0076325824 129.21631 -0.01301498 -0.0023777294 0.9999125 10.088135
0.91081315 -0.41264758 0.012323882 145.27197 0.41254908 0.91088843 0.00980322 129.60278 -0.015270483 -0.0038456088 0.999876 10.082031
0.9132896 -0.40698332 0.0138485655 146.12622 0.40683618 0.91337764 0.012286215 129.98804 -0.017650284 -0.0055843964 0.9998286 10.06543
0.91726375 -0.3979894 0.01611496 147.01074 0.3978073 0.9173864 0.01339217 130.36621 -0.020114245 -0.005874129 0.9997804 10.0529785
0.9202166 -0.39099067 0.018493226 147.88452 0.39079523 0.9203886 0.013359943 130.74536 -0.022244241 -0.005066625 0.9997397 10.047241
0.92322344 -0.38382158 0.01993637 148.77539 0.38360915 0.92342514 0.013717826 131.12378 -0.023673296 -0.0050172475 0.9997071 10.0321045
0.92671084 -0.3752149 0.020392228 149.68237 0.37501833 0.9269252 0.012875865 131.49365 -0.02373381 -0.0042857327 0.9997092 10.006714
0.9311111 -0.36414924 0.02131928 150.61719 0.36400414 0.93135303 0.010468777 131.85156 -0.02366737 -0.0019865262 0.9997179 10.000244
0.9341867 -0.35617533 0.020072998 151.5459 0.35606965 0.9344017 0.008733897 132.2168 -0.021867666 -0.0010108943 0.99976045 9.974365
0.9393276 -0.34255898 0.018866846 152.51709 0.3424688 0.9395166 0.007921126 132.56226 -0.020438906 -0.0009801886 0.99979067 9.962891
0.94343984 -0.33112055 0.017223243 153.47852 0.33098212 0.94358796 0.010429874 132.91821 -0.01970519 -0.0041401284 0.9997974 9.942261
0.9491728 -0.31434074 0.017572425 154.4646 0.31413174 0.9493062 0.013676065 133.26514 -0.020978786 -0.0074630324 0.99975216 9.925171
0.9550837 -0.29565367 0.019087985 155.48315 0.29534128 0.9552095 0.017578818 133.58374 -0.023430586 -0.011149308 0.99966335 9.900757
0.96086293 -0.27626976 0.020525772 156.50342 0.2758539 0.9609734 0.020944074 133.89331 -0.02551173 -0.014460625 0.9995697 9.881836
0.9667334 -0.25494242 0.021056237 157.54492 0.25446078 0.96681386 0.02308494 134.1836 -0.026243001 -0.016959583 0.9995118 9.865845
0.9721465 -0.23326947 0.02238235 158.6272 0.23271596 0.97222054 0.024805008 134.4607 -0.027547827 -0.018903663 0.9994416 9.83728
0.9772308 -0.210633 0.025526823 159.69629 0.2100118 0.9773783 0.02499102 134.70508 -0.03021381 -0.019059658 0.9993616 9.820801
0.9815356 -0.1890059 0.029317256 160.79395 0.18821305 0.98173195 0.027805213 134.91699 -0.034038037 -0.021773031 0.9991832 9.781616
0.9853703 -0.16711915 0.033543635 161.91919 0.16614535 0.98564875 0.030000813 135.13843 -0.03807567 -0.023991281 0.9989872 9.762817
0.9887846 -0.14466904 0.037062686 163.05005 0.1435356 0.9891386 0.031621672 135.31982 -0.041235253 -0.025947258 0.99881256 9.719238
0.9916377 -0.12341142 0.037717585 164.19922 0.1221819 0.99194646 0.033344723 135.47803 -0.041529015 -0.02845814 0.9987324 9.676636
0.994196 -0.101296775 0.036284383 165.33838 0.10007855 0.99440175 0.033956975 135.60815 -0.03951994 -0.030129073 0.99876463 9.637817
0.9964223 -0.076679796 0.035546806 166.53906 0.07545683 0.9965505 0.03454868 135.71313 -0.038073786 -0.031742875 0.9987703 9.596313
0.997532 -0.059140168 0.037854064 167.69922 0.057889875 0.99776775 0.03330951 135.79468 -0.03973907 -0.031035881 0.99872774 9.562134
0.9984522 -0.037964676 0.04064655 168.9104 0.036591195 0.9987514 0.03402532 135.85156 -0.04188705 -0.0324855 0.9985943 9.519043
0.99897164 -0.01654192 0.042212576 170.13599 0.015115353 0.9993111 0.033893224 135.8899 -0.042744264 -0.033220153 0.99853355 9.480103
0.9990747 0.0018519106 0.04296273 171.34277 -0.0033902857 0.9993548 0.035766315 135.90405 -0.04286877 -0.035878927 0.99843633 9.432373
0.99872476 0.025601175 0.043521617 172.60669 -0.027148524 0.9990061 0.035347104 135.88403 -0.042573296 -0.036483463 0.9984274 9.386353
0.9981154 0.04230149 0.044456944 173.84741 -0.04401351 0.9982981 0.038256783 135.84448 -0.042762887 -0.040141266 0.99827826 9.339111
0.99707466 0.062469758 0.044049 175.08008 -0.06426121 0.997112 0.04049872 135.78003 -0.041392818 -0.043211028 0.9982081 9.289673
0.9955822 0.083795294 0.042385343 176.36816 -0.08549482 0.99553555 0.040006664 135.69043 -0.03884343 -0.04345289 0.99829984 9.245728
0.99403256 0.10156994 0.039858013 177.63818 -0.1032101 0.993796 0.041514575 135.57056 -0.03539572 -0.0453792 0.9983428 9.20459
0.99179435 0.12175324 0.03902112 178.95508 -0.123361826 0.99147826 0.041894477 135.42822 -0.033589453 -0.04636278 0.9983606 9.16333
0.98929626 0.14123294 0.036737774 180.25537 -0.14274521 0.98885083 0.04245492 135.25708 -0.030334614 -0.047243714 0.99842346 9.128662
0.9864198 0.16098516 0.032344595 181.58813 -0.16232176 0.9857434 0.044142365 135.06421 -0.024776772 -0.048794255 0.9985019 9.091797
0.98354447 0.17864333 0.02692994 182.91553 -0.17974214 0.9826264 0.046215415 134.84277 -0.018204425 -0.050295282 0.9985681 9.076904
0.98043805 0.1955119 0.022470769 184.22632 -0.19640839 0.9792818 0.04919239 134.59521 -0.012387641 -0.05264363 0.99853694 9.058594
0.97670186 0.21372005 0.01982689 185.56396 -0.21447149 0.9754086 0.050946154 134.3247 -0.008451882 -0.05401093 0.99850434 9.049561
0.97228694 0.23303103 0.018703762 186.9143 -0.2337112 0.9708293 0.053517003 134.01929 -0.0056849737 -0.05640488 0.99839145 9.042114
0.9682514 0.2492884 0.018712487 188.26123 -0.24994388 0.96679026 0.05339045 133.69482 -0.0047821263 -0.05637183 0.99839836 9.049438
0.96364266 0.26649845 0.018799141 189.59668 -0.26712856 0.9622286 0.052360807 133.33252 -0.0041358517 -0.055479888 0.9984517 9.046387
0.95833755 0.285282 0.014892638 190.93994 -0.28566936 0.95689166 0.052620538 132.95044 0.00076087646 -0.05468125 0.99850327 9.056885
0.9536508 0.300662 0.012209232 192.29565 -0.30087256 0.9521085 0.05441958 132.55566 0.0047370624 -0.055571046 0.99844354 9.069214
0.94822466 0.3173334 0.012742556 193.62671 -0.3175353 0.9465611 0.05645153 132.12769 0.005850978 -0.05757557 0.9983243 9.077515
0.94216543 0.33494228 0.013724106 194.98242 -0.33515453 0.9403515 0.05884044 131.66821 0.0067939786 -0.060036868 0.9981738 9.095459
0.9358211 0.3522696 0.011803566 196.34277 -0.3523009 0.9338258 0.062017087 131.17798 0.010828489 -0.06219467 0.99800456 9.116455
0.9292759 0.36935458 0.010220118 197.68677 -0.36923376 0.9272182 0.06334625 130.66602 0.013916396 -0.06263807 0.9979389 9.148071
0.9214397 0.38845012 0.008031106 199.0647 -0.3881199 0.91930795 0.06516329 130.10059 0.017925749 -0.06316452 0.99784285 9.168579
0.91418266 0.4052902 0.0038336846 200.39868 -0.40465987 0.91214544 0.06516063 129.53589 0.022910874 -0.061117657 0.99786747 9.21106
0.905414 0.42458355 -5.7428144e-05 201.72217 -0.42356813 0.9032575 0.06900204 128.94507 0.02934628 -0.062450863 0.9976163 9.263062
0.8960848 0.44381055 -0.0011883797 203.07446 -0.44259074 0.8938135 0.07175089 128.32275 0.03291199 -0.06377133 0.9974218 9.313599
0.8828834 0.46957323 -0.00046932884 204.39673 -0.4682185 0.8804105 0.075025834 127.65112 0.035652637 -0.06601973 0.9971802 9.363892
0.86964804 0.49360856 0.0007722578 205.72656 -0.49211204 0.86688554 0.079194844 126.93677 0.03843231 -0.069257505 0.9968583 9.429932
0.8552893 0.5181403 0.0010342088 207.03687 -0.51642156 0.8522851 0.083113365 126.194824 0.042189185 -0.07162272 0.9965389 9.498169
0.84019834 0.5422194 0.0020571575 208.30103 -0.5403411 0.8369609 0.086421676 125.42822 0.045138672 -0.07372209 0.99625707 9.572754
0.8253663 0.56448597 0.0021419474 209.5664 -0.5624753 0.8220966 0.087502934 124.61792 0.04764362 -0.07342133 0.99616164 9.650391
0.80819684 0.5890177 0.001472744 210.81934 -0.5867939 0.8049228 0.08886033 123.74829 0.05115089 -0.072678655 0.9960422 9.734131
0.7911122 0.6116268 -0.0010027686 212.0564 -0.60901797 0.7878877 0.090953544 122.84766 0.056438677 -0.071337186 0.99585235 9.832153
0.77607614 0.63073146 -0.0035701324 213.22632 -0.627757 0.77294165 0.09279342 121.94092 0.061278727 -0.06977103 0.9956787 9.930664
0.7588529 0.65133804 -0.0052530104 214.41357 -0.64804614 0.7557793 0.09462718 120.96069 0.06561501 -0.06840261 0.99549633 10.034668
0.7425748 0.66975707 -0.006959335 215.57764 -0.66620225 0.7396268 0.09572245 119.958496 0.069271 -0.06644624 0.99538195 10.151733
0.724202 0.6895093 -0.007187088 216.76416 -0.6858182 0.7213295 0.09632723 118.89209 0.071612574 -0.06482722 0.9953229 10.275879
0.70816934 0.70595926 -0.008065009 217.85547 -0.70211494 0.7054171 0.096795 117.82373 0.07402844 -0.06289453 0.995272 10.394653
0.69394654 0.72010505 -0.0096892 218.91357 -0.71605444 0.6913548 0.09747418 116.7832 0.07687211 -0.060702153 0.99519116 10.51709
0.6785493 0.7345249 -0.012246315 219.9873 -0.730179 0.67617834 0.098636195 115.67041 0.080716416 -0.057993487 0.99504936 10.650635
0.6639792 0.74764884 -0.014083478 221.031 -0.7429454 0.6617042 0.10110606 114.53198 0.08492105 -0.0566799 0.9947753 10.791382
0.64872 0.760913 -0.015230937 222.07886 -0.75593686 0.64653814 0.10299101 113.38306 0.08820734 -0.055305127 0.99456644 10.928467
0.6319866 0.7748438 -0.014764426 223.06299 -0.76981527 0.62985504 0.10333998 112.20288 0.08935469 -0.053943902 0.9945382 11.077515
0.6162474 0.7875273 -0.012273238 224.04199 -0.7824729 0.61392295 0.1046087 111.00195 0.089915335 -0.05485556 0.9944368 11.228149
0.5989769 0.8006675 -0.0077439747 225.00977 -0.79574955 0.5963152 0.10530512 109.80005 0.08895866 -0.056914423 0.9944079 11.382446
0.579796 0.814741 -0.0020795837 225.9209 -0.81000763 0.5766991 0.10617611 108.56641 0.087717615 -0.059868116 0.9943437 11.531128
0.5632493 0.82627743 0.0012761629 226.82104 -0.82159305 0.55989164 0.10720214 107.34619 0.0878598 -0.06142437 0.9942365 11.687012
0.5432802 0.8395129 0.0040814164 227.65527 -0.8346408 0.5395903 0.110304214 106.11133 0.09041358 -0.06333305 0.99388826 11.842407
0.5271617 0.84973586 0.007466957 228.44897 -0.84473 0.52306247 0.11331297 104.86914 0.09238239 -0.06602357 0.99353004 11.998657
0.5057668 0.8625716 0.010358638 229.24658 -0.85764265 0.50151443 0.11344463 103.60205 0.092664264 -0.066261806 0.99349016 12.161255
0.48467827 0.8746255 0.013884339 229.99658 -0.86990315 0.48027408 0.11259369 102.336426 0.09181299 -0.06663863 0.9935426 12.317383
0.4649512 0.88525647 0.017569678 230.67969 -0.8809231 0.46049255 0.10993887 101.0791 0.089226946 -0.06659013 0.99378246 12.46875
0.4425323 0.8964987 0.021094915 231.36182 -0.89244586 0.4379868 0.10815682 99.78662 0.08772355 -0.06669011 0.9939101 12.623413
0.4203437 0.9072197 0.022444166 231.99976 -0.9032535 0.41585982 0.10692263 98.494385 0.08765817 -0.06521675 0.9940137 12.773071
0.39941043 0.9165792 0.025014367 232.5747 -0.9128024 0.39488629 0.1054853 97.218994 0.0867843 -0.0649539 0.9941066 12.918091
0.376346 0.9261483 0.02515655 233.13379 -0.92233014 0.37195116 0.10477497 95.92944 0.08766449 -0.06261159 0.9941783 13.059814
0.35449928 0.93473446 0.024009818 233.66821 -0.93074024 0.35029396 0.104824014 94.6355 0.08957195 -0.059480276 0.99420017 13.208008
0.33293054 0.94267666 0.023657382 234.13477 -0.9386302 0.3288858 0.104132146 93.36084 0.090417385 -0.056867354 0.99427867 13.350098
0.31158274 0.9500329 0.023586322 234.59619 -0.946028 0.30771875 0.10267059 92.053955 0.09028285 -0.054305725 0.99443495 13.501465
0.29222223 0.9560837 0.022946283 235.00903 -0.9521008 0.28857252 0.101230614 90.78076 0.0901802 -0.051455967 0.99459785 13.637817
0.27133778 0.9620753 0.024656435 235.39478 -0.9576618 0.26737782 0.10591917 89.51343 0.09531457 -0.052378424 0.99407023 13.783325
0.2506908 0.9676358 0.02710635 235.75732 -0.96234685 0.24609599 0.115015134 88.23633 0.10464112 -0.05495026 0.99299395 13.933594
0.23209794 0.97225744 0.029130023 236.08618 -0.9661121 0.22694845 0.12297518 86.98877 0.112941556 -0.056667723 0.9919824 14.09021
0.21356563 0.9764189 0.032183062 236.38867 -0.9699546 0.20798899 0.12633914 85.73584 0.11667143 -0.05816307 0.99146265 14.258301
0.19244796 0.9805878 0.035568967 236.6726 -0.974173 0.1865985 0.1265705 84.4895 0.117491834 -0.058999844 0.99131864 14.421265
0.17366745 0.9840192 0.0411333 236.9126 -0.977806 0.16727647 0.12668842 83.251465 0.11778342 -0.06217072 0.9910866 14.597412
0.15095697 0.98745054 0.046305414 237.1399 -0.98151827 0.14415014 0.12582329 82.00635 0.117572136 -0.06443274 0.99097085 14.759155
0.1334676 0.98988694 0.0475142 237.32617 -0.9840487 0.12669401 0.124682814 80.77417 0.11741817 -0.063412294 0.99105763 14.921265
