1.0 0.0 0.0 0.0 0.0 1.0 0.0 0.0 0.0 0.0 1.0 0.0
0.9999363 0.011212938 -0.0012797157 0.045654297 -0.011211784 0.9999367 0.00090668077 -0.010498047 0.0012898017 -0.0008922737 0.99999875 0.0026855469
0.9993198 0.036874432 -0.00047437876 0.2644043 -0.03687297 0.99931604 0.0027918175 -0.013305664 0.00057701056 -0.0027724202 0.999996 -0.0061035156
0.9979291 0.0642834 0.001991862 0.41394043 -0.064293325 0.9979158 0.0054029613 -0.039794922 -0.0016403213 -0.0055198655 0.99998343 -0.0061035156
0.995369 0.09602949 0.00409923 0.5662842 -0.09604739 0.9953659 0.004417969 -0.079833984 -0.0036559221 -0.004791305 0.9999818 -0.0059814453
0.99078256 0.13530222 0.00663024 0.7932129 -0.13531762 0.9908008 0.0019309407 -0.13513184 -0.0063079316 -0.0028101758 0.99997616 -0.010498047
0.98450077 0.17521144 0.0074267737 0.958374 -0.1752059 0.9845288 -0.0013971401 -0.20324707 -0.007556699 7.423054e-05 0.99997145 -0.011962891
0.97578 0.21850744 0.010251489 1.1949463 -0.21850556 0.9758334 -0.0013168309 -0.2746582 -0.010291587 -0.0009550788 0.9999466 -0.0126953125
0.96395814 0.26569262 0.012663816 1.4006348 -0.265707 0.9640372 -0.0005636363 -0.36669922 -0.012358181 -0.0028226525 0.99991965 -0.028564453
0.9497984 0.31231892 0.018787932 1.6461182 -0.3122964 0.9499824 -0.0041978024 -0.4786377 -0.019158933 -0.001880575 0.9998146 -0.032958984
0.93226975 0.36093464 0.024997719 1.8581543 -0.36071193 0.93259954 -0.013066862 -0.60424805 -0.02802775 0.0031646565 0.999602 -0.024291992
0.9109414 0.41166475 0.027767044 2.09729 -0.41126424 0.91134477 -0.019115407 -0.74328613 -0.033174388 0.00599517 0.9994316 -0.021972656
0.88594246 0.46274945 0.03148996 2.354004 -0.4623108 0.88649464 -0.020455077 -0.9075928 -0.037381977 0.0035657054 0.99929476 -0.028930664
0.85720617 0.5136274 0.03526451 2.5803223 -0.51316094 0.8579305 -0.021897344 -1.0767822 -0.041507162 0.0006752368 0.9991385 -0.05041504
0.82523596 0.56348777 0.037926696 2.8398438 -0.56279373 0.8261055 -0.028015584 -1.2838135 -0.047116846 0.0017696386 0.9988875 -0.055786133
0.78951055 0.6124804 0.038370814 3.0474854 -0.6115567 0.7904357 -0.033780806 -1.5042725 -0.05102229 0.0032060277 0.9986927 -0.06201172
0.7512258 0.6589143 0.03786081 3.300171 -0.65785015 0.7521717 -0.03757689 -1.7485352 -0.053243972 0.0033217054 0.9985762 -0.07800293
0.7120143 0.701323 0.03621405 3.5112305 -0.70009565 0.7129216 -0.041693427 -2.032837 -0.05505565 0.004333891 0.99847376 -0.091308594
0.6701329 0.7413946 0.035731178 3.7305908 -0.7401279 0.67108 -0.043397747 -2.3168945 -0.05615147 0.0026314203 0.9984184 -0.10876465
0.62763727 0.7777077 0.037874166 3.9648438 -0.77646166 0.62877667 -0.04404344 -2.6501465 -0.058056924 -0.0017601363 0.9983116 -0.13623047
0.58467567 0.8103845 0.038588446 4.193115 -0.80915546 0.5859267 -0.044883825 -2.9852295 -0.058986902 -0.0049855933 0.9982462 -0.15429688
0.54474103 0.8376745 0.03901311 4.409424 -0.8364154 0.5460869 -0.046485215 -3.3546143 -0.06025174 -0.0073043182 0.998157 -0.17712402
0.5060319 0.8615914 0.040486284 4.633667 -0.86021477 0.50755686 -0.049658306 -3.7641602 -0.06331502 -0.009700334 0.99794555 -0.19909668
0.46870053 0.8823269 0.04130722 4.8398438 -0.88103306 0.47033238 -0.049549878 -4.187256 -0.06315272 -0.013164654 0.9979175 -0.2244873
0.4332937 0.9004679 0.039706122 5.043701 -0.89925635 0.43486774 -0.048894353 -4.638794 -0.06128801 -0.014530592 0.9980137 -0.25878906
0.39843768 0.9164965 0.035777837 5.2418213 -0.91531384 0.3998149 -0.04845867 -5.140381 -0.058706805 -0.013435726 0.99818456 -0.2849121
0.36920393 0.92887557 0.031725094 5.4296875 -0.92782843 0.37035313 -0.045823507 -5.6520996 -0.054317813 -0.012521063 0.9984452 -0.31750488
0.34473062 0.9382722 0.028301788 5.6138916 -0.9372705 0.34571213 -0.04473513 -6.196289 -0.051764123 -0.01110759 0.9985977 -0.3499756
0.32368293 0.9457431 0.02586032 5.82605 -0.9447653 0.32455596 -0.04416932 -6.7719727 -0.05017303 -0.010135879 0.9986893 -0.38476562
0.3090809 0.9507813 0.024520963 5.9935303 -0.94979274 0.3099043 -0.044382386 -7.3637695 -0.049798805 -0.009571931 0.99871343 -0.41467285
0.29709896 0.9545148 0.02426634 6.196411 -0.9534311 0.29794192 -0.046409212 -7.9854736 -0.051536106 -0.009357521 0.99862725 -0.44091797
0.28723603 0.9574068 0.025020696 6.3846436 -0.95623523 0.28814888 -0.048415773 -8.633789 -0.053558417 -0.010002336 0.99851483 -0.477417
0.2750066 0.96100265 0.02642668 6.5809326 -0.9597574 0.27603137 -0.050254457 -9.310913 -0.05559736 -0.011528499 0.99838734 -0.5163574
0.2644267 0.9639921 0.02782951 6.7856445 -0.96269983 0.26556197 -0.051596068 -10.009644 -0.057133697 -0.013154619 0.99827975 -0.55236816
0.25496528 0.9665668 0.028813854 6.9735107 -0.9651899 0.2561967 -0.0534881 -10.73291 -0.059072196 -0.014171897 0.9981528 -0.588501
0.2448825 0.9691386 0.02957248 7.161133 -0.9676499 0.24620707 -0.055742722 -11.47229 -0.06130041 -0.014959097 0.99800736 -0.6333008
0.23246446 0.97215223 0.02804896 7.3498535 -0.97060883 0.23372631 -0.05653018 -12.244995 -0.061531484 -0.014089076 0.99800634 -0.67004395
0.22326036 0.97426 0.03018802 7.5290527 -0.9725583 0.2247222 -0.059768774 -13.024414 -0.06499036 -0.01600878 0.99775666 -0.7141113
0.21228719 0.97674036 0.03199867 7.7073975 -0.974837 0.21395218 -0.063454345 -13.815308 -0.06883994 -0.017721556 0.9974713 -0.7647705
0.19937849 0.97944987 0.033027317 7.876465 -0.97735316 0.20120446 -0.06680046 -14.611694 -0.07206322 -0.018958904 0.9972197 -0.807251
0.18583995 0.9819557 0.0339295 8.032471 -0.97973615 0.18780693 -0.069078825 -15.416504 -0.074196815 -0.020407395 0.99703425 -0.85668945
0.1717276 0.9846005 0.03372732 8.184937 -0.98232526 0.17373304 -0.07015078 -16.232666 -0.07492249 -0.021068294 0.9969671 -0.89941406
0.15687169 0.9870687 0.033738807 8.315552 -0.98486656 0.15890114 -0.069588594 -17.04419 -0.07402495 -0.022318643 0.9970053 -0.95214844
0.14074518 0.9895105 0.034013532 8.436768 -0.98745704 0.14279401 -0.068078354 -17.8667 -0.07222042 -0.024016391 0.99709934 -0.99890137
0.12125423 0.99208724 0.03426037 8.536865 -0.9901367 0.12334101 -0.06729633 -18.696533 -0.0709894 -0.02578192 0.99714357 -1.0484619
0.09572064 0.99465954 0.037282452 8.632324 -0.9929803 0.09801089 -0.065455556 -19.532349 -0.06876635 -0.030730186 0.9971601 -1.0961914
0.06465959 0.9970926 0.03986971 8.696289 -0.9955584 0.0671873 -0.065677844 -20.378784 -0.06816308 -0.035465296 0.997043 -1.1451416
0.030647332 0.9987046 0.040624455 8.730347 -0.9973058 0.033263985 -0.065374486 -21.232056 -0.06665033 -0.038520068 0.9970329 -1.1914062
-0.003859648 0.9992009 0.039800327 8.731201 -0.9978633 -0.001252533 -0.06534059 -22.084839 -0.06523315 -0.039953686 0.9970698 -1.2314453
-0.038098354 0.9985212 0.038712338 8.703247 -0.9972762 -0.035547983 -0.06459155 -22.953247 -0.06311834 -0.041040555 0.997162 -1.2749023
-0.07003977 0.9967961 0.039502528 8.648315 -0.9957713 -0.06747555 -0.06288896 -23.80896 -0.060017593 -0.04373309 0.99723876 -1.3093262
-0.101562046 0.9940089 0.04064139 8.571167 -0.99327415 -0.09902679 -0.06015629 -24.66748 -0.055780757 -0.04649197 0.9973604 -1.3557129
-0.13469245 0.9901949 0.03658591 8.452881 -0.98954284 -0.13250962 -0.056674175 -25.530518 -0.05127822 -0.043843742 0.99772185 -1.3917236
-0.16579881 0.9855555 0.03141079 8.300537 -0.9850325 -0.16409111 -0.05080399 -26.37915 -0.044911765 -0.039381538 0.998214 -1.421875
-0.19661807 0.98017156 0.025133625 8.130981 -0.97973853 -0.19539642 -0.044267394 -27.230835 -0.038473498 -0.033316694 0.9987039 -1.4467773
-0.22422767 0.9744333 0.019129932 7.9300537 -0.973989 -0.2233324 -0.040407296 -28.069702 -0.035093386 -0.027676824 0.99900067 -1.4667969
-0.25250664 0.9675101 0.011467331 7.697876 -0.96710676 -0.2519964 -0.034182772 -28.899658 -0.030199243 -0.019723322 0.99934965 -1.4804688
-0.2784181 0.96039903 0.0070582684 7.4542236 -0.96019316 -0.27818188 -0.024013072 -29.73523 -0.02109763 -0.013467528 0.99968666 -1.4847412
-0.30214918 0.95314604 0.0062666237 7.1896973 -0.9531362 -0.3020804 -0.009972796 -30.540405 -0.0076142605 -0.008991513 0.9999307 -1.489502
-0.32551003 0.9454632 0.010918651 6.9257812 -0.9454637 -0.32559952 0.0077412836 -31.32959 0.010871679 -0.0077997968 0.99991053 -1.482666
-0.35350725 0.9353449 0.017514134 6.6363525 -0.9351052 -0.3538426 0.022754073 -32.121704 0.027469993 -0.008336082 0.99958783 -1.47229
-0.37617233 0.9262879 0.019334896 6.317749 -0.9257238 -0.37662777 0.032794047 -32.909424 0.0376641 -0.005562119 0.9992751 -1.4411621
-0.40060213 0.9160028 0.018148255 5.9937744 -0.9152732 -0.40100846 0.03660479 -33.687134 0.040820673 -0.0019546524 0.9991649 -1.397583
-0.42374644 0.905708 0.01631286 5.640503 -0.9049818 -0.42405987 0.036278844 -34.470093 0.039760686 0.0005942891 0.99920905 -1.3544922
-0.44433355 0.8961386 0.01054587 5.267334 -0.8955655 -0.4444313 0.032424115 -35.23645 0.033740498 0.00494585 0.9994186 -1.3115234
-0.46228725 0.8869812 0.0027307244 4.8737793 -0.88653284 -0.4621477 0.030524423 -35.98401 0.028331712 0.011685346 0.9995302 -1.2723389
-0.47409835 0.88012624 0.00017743744 4.4680176 -0.87969947 -0.47387436 0.03104211 -36.72461 0.027402375 0.0145740695 0.9995179 -1.2288818
-0.4860043 0.8736854 -0.0013167281 4.057495 -0.8731801 -0.48567057 0.034770705 -37.440308 0.029735327 0.01806178 0.9993943 -1.1942139
-0.49647665 0.8677072 -0.0008849092 3.6658936 -0.8671328 -0.49610987 0.03690166 -38.144287 0.03156945 0.019101845 0.9993185 -1.154419
-0.50683445 0.86228657 0.0060953107 3.2529297 -0.86157316 -0.50668186 0.037719846 -38.84619 0.035595216 0.013836745 0.99927044 -1.1190186
-0.5161666 0.8562157 0.0078017786 2.8514404 -0.85559624 -0.51610625 0.034398545 -39.553223 0.03347782 0.011094595 0.99937755 -1.0838623
-0.5253061 0.85095483 0.0062627243 2.4136963 -0.85030204 -0.5251676 0.03599257 -40.246704 0.033895377 0.0135807805 0.9993327 -1.0455322
-0.5334675 0.8464122 0.0045563015 1.9692383 -0.8456847 -0.533219 0.038948268 -40.953247 0.0353809 0.01689723 0.9992312 -0.99768066
-0.534949 0.8446251 0.0053666974 1.5227051 -0.84377027 -0.5346743 0.042035386 -41.656006 0.03835912 0.017955335 0.99910206 -0.9746094
-0.53497267 0.8450359 0.0068478347 1.0627441 -0.84409094 -0.5347287 0.043640234 -42.390015 0.04053897 0.017545346 0.99902415 -0.9324951
-0.53119576 0.84675926 0.0041366904 0.59106445 -0.8458319 -0.53083044 0.044441864 -43.140503 0.039828368 0.020132452 0.9990031 -0.89538574
-0.52691454 0.8498996 0.0046423445 0.13537598 -0.849037 -0.52661175 0.042511374 -43.896606 0.038554426 0.01844202 0.9990858 -0.8487549
-0.5177584 0.85513765 0.006584728 -0.3363037 -0.85429174 -0.51756227 0.041132517 -44.67932 0.03858256 0.015699388 0.99913156 -0.8128662
-0.51108444 0.8592474 0.007707588 -0.8029785 -0.85841095 -0.5109495 0.04042248 -45.47339 0.03868088 0.014048504 0.99915284 -0.7762451
-0.50439256 0.8631847 0.009990399 -1.2597656 -0.86236185 -0.50436693 0.03931423 -46.27234 0.03898547 0.011217501 0.99917674 -0.7319336
-0.49908328 0.8662015 0.012494249 -1.723877 -0.8654414 -0.49918044 0.037083544 -47.105835 0.038380098 0.007703291 0.99923366 -0.69055176
-0.4989742 0.8659557 0.016625859 -2.1813965 -0.8652875 -0.4992437 0.034110464 -47.94104 0.037850726 0.0026583173 0.99927944 -0.6516113
-0.49892274 0.8666605 0.01808079 -2.658081 -0.8660695 -0.49925077 0.032002628 -48.81128 0.03677823 0.00029066717 0.9993241 -0.60546875
-0.49990892 0.8658082 0.019570883 -3.15625 -0.8652739 -0.5002885 0.030461313 -49.676025 0.03614338 -0.0017007906 0.99934477 -0.5661621
-0.50129884 0.86568904 0.019569818 -3.645874 -0.865178 -0.5016769 0.029810082 -50.55005 0.035598435 -0.002004732 0.99936444 -0.5180664
-0.49989188 0.8659973 0.019334849 -4.1619873 -0.8655108 -0.50026065 0.029114265 -51.44763 0.03486354 -0.0021903734 0.9993896 -0.47509766
-0.49886903 0.86659026 0.01795004 -4.675293 -0.8661294 -0.49919 0.02828989 -52.359863 0.033479854 -0.0014319033 0.99943846 -0.43310547
-0.49988127 0.8658607 0.018090557 -5.1829834 -0.8654235 -0.5002046 0.027585011 -53.2688 0.03291464 -0.0018692743 0.9994562 -0.3873291
-0.49742854 0.86697525 0.019743824 -5.7071533 -0.8666002 -0.49780202 0.02584639 -54.201904 0.03224929 -0.004239642 0.99947083 -0.3446045
-0.49983582 0.86601365 0.020625394 -6.1983643 -0.8656676 -0.5002329 0.025055995 -55.10266 0.032003302 -0.005335682 0.9994736 -0.29418945
-0.4974083 0.86688995 0.020575823 -6.72229 -0.86656797 -0.49780038 0.024311112 -56.02954 0.031325724 -0.005733258 0.9994927 -0.24597168
-0.49599582 0.8681622 0.021267511 -7.2281494 -0.86788374 -0.4964019 0.023077875 -56.94629 0.030587964 -0.00700844 0.99950755 -0.19812012
-0.49458194 0.86940634 0.018772276 -7.7348633 -0.8692135 -0.49489328 0.019497639 -57.875122 0.02623634 -0.0066839834 0.9996337 -0.14819336
-0.49077395 0.8712842 0.017226279 -8.243042 -0.87108284 -0.49104613 0.019507498 -58.78357 0.025449922 -0.0054331934 0.9996614 -0.10534668
-0.48797584 0.8728825 0.01753506 -8.766602 -0.8726921 -0.48825455 0.01917204 -59.707275 0.02528864 -0.005943778 0.99966246 -0.0637207
-0.48556912 0.8742379 0.016698534 -9.260986 -0.87403643 -0.485829 0.01946236 -60.619263 0.025123958 -0.005148486 0.9996712 -0.022949219
-0.482782 0.8754152 0.016185243 -9.758789 -0.87520087 -0.4830314 0.01989323 -61.526 0.025227526 -0.004548514 0.9996712 0.022949219
-0.48558143 0.8741472 0.018697027 -10.250488 -0.87388206 -0.4859099 0.022235954 -62.43457 0.028530829 -0.005557412 0.9995779 0.06640625
-0.48697877 0.87336725 0.020674324 -10.753784 -0.8730761 -0.48737285 0.023499914 -63.33496 0.030604148 -0.006614693 0.99951005 0.10803223
-0.49077708 0.87131065 0.022745091 -11.26123 -0.8710435 -0.4912314 0.02317205 -64.238525 0.031347644 -0.008448331 0.9994729 0.15844727
-0.49598628 0.86780953 0.022230297 -11.743652 -0.8675598 -0.49641645 0.022372078 -65.12378 0.030454786 -0.008182695 0.9995025 0.19592285
-0.50119865 0.8649017 0.016546998 -12.262329 -0.8647245 -0.50144494 0.018248696 -66.010254 0.024077836 -0.0051541515 0.99969673 0.2515869
-0.50780636 0.8616458 0.019907558 -12.75354 -0.86151373 -0.50812757 0.017269533 -66.892456 0.02498802 -0.008394241 0.99965286 0.2927246
-0.5130468 0.85849386 0.020343192 -13.260742 -0.8583069 -0.5133953 0.01942632 -67.769165 0.02710682 -0.0074947737 0.99960464 0.3363037
-0.5182945 0.85525274 0.020874498 -13.769043 -0.85501045 -0.51867115 0.021439126 -68.62439 0.02915451 -0.006739258 0.9995524 0.3737793
-0.5210893 0.8529481 0.023362137 -14.2677 -0.8527236 -0.521539 0.02143277 -69.47534 0.030461904 -0.008740037 0.99949753 0.41882324
-0.5263298 0.8502985 0.024684368 -14.782593 -0.85007757 -0.52682126 0.021639148 -70.33154 0.03139838 -0.009607391 0.9994613 0.46496582
-0.5277298 0.84863406 0.024722137 -15.296265 -0.8484279 -0.5282171 0.021121796 -71.16028 0.03100007 -0.009820839 0.9994712 0.51379395
-0.5315601 0.8472752 0.01880619 -15.817993 -0.84720135 -0.5318256 0.014039038 -72.00928 0.021892045 -0.008478863 0.9997247 0.55493164
-0.5329604 0.8458524 0.01296988 -16.353882 -0.8458759 -0.5330552 0.0052224165 -72.8407 0.011337073 -0.008188529 0.9999022 0.5953369
-0.5357735 0.84424 0.011051824 -16.878418 -0.8442795 -0.5358221 0.0017973997 -73.67517 0.007436732 -0.008368958 0.99993736 0.6287842
-0.53576666 0.8444974 0.014511761 -17.403564 -0.8445052 -0.53589946 0.007432618 -74.496826 0.014056195 -0.008277774 0.999867 0.65112305
-0.5357708 0.84408164 0.01783738 -17.922363 -0.8440173 -0.5360078 0.013143716 -75.31018 0.020662665 -0.008013243 0.9997544 0.6810303
-0.53581125 0.84351987 0.01261395 -18.44812 -0.84333473 -0.53595835 0.017709188 -76.12341 0.021715675 -0.0011380026 0.9997634 0.7128906
-0.53582627 0.8442163 0.009544377 -18.989014 -0.84403163 -0.53590924 0.017708888 -76.94397 0.020071669 0.0014373893 0.99979746 0.75097656
-0.5344096 0.8450297 0.007958403 -19.50122 -0.8448902 -0.53446656 0.015425457 -77.76367 0.017295452 0.0015159715 0.9998493 0.78881836
-0.53437203 0.8446038 0.0070489687 -20.016113 -0.844559 -0.534417 0.00879177 -78.58142 0.01119649 -0.0012465636 0.99993646 0.81396484
-0.53436285 0.8449275 0.0065131723 -20.529419 -0.8449238 -0.5343924 0.004133791 -79.39758 0.006974495 -0.0032920067 0.9999702 0.8391113
-0.53439385 0.84521705 0.012305535 -21.017456 -0.8452935 -0.5344098 -0.0022137193 -80.21582 0.0047013685 -0.011582214 0.99992186 0.86486816
-0.5316794 0.8470849 0.018836418 -21.513306 -0.84728664 -0.5316371 -0.0075997557 -81.04065 0.0035678193 -0.019991256 0.9997938 0.87524414
-0.5292144 0.84845597 0.015911039 -22.015991 -0.84860283 -0.52916443 -0.0075388495 -81.852905 0.002027934 -0.017500032 0.99984485 0.8956299
-0.527752 0.8495328 0.011666163 -22.521362 -0.8496087 -0.52774256 -0.0041248915 -82.65918 0.0026468565 -0.0120895095 0.9999234 0.92126465
-0.5210862 0.8532771 0.012553019 -23.028809 -0.8533492 -0.5211185 -0.0007919255 -83.47034 0.005865448 -0.011123974 0.99992085 0.9284668
-0.51302874 0.8581832 0.0072435746 -23.517212 -0.8582044 -0.5130444 0.00036146655 -84.27832 0.0040297126 -0.0060286084 0.99997365 0.9510498
-0.50639737 0.86254036 0.0011372287 -23.998047 -0.8625319 -0.5063977 0.0039138417 -85.08618 0.003950434 0.0010001396 0.9999917 0.97351074
-0.4959546 0.86844915 0.001867871 -24.472534 -0.86844236 -0.49595812 0.003435746 -85.91431 0.003911038 8.163441e-05 0.9999923 0.99316406
-0.48413944 0.87454176 0.003997596 -24.913452 -0.87454724 -0.48414567 0.00072073075 -86.74475 0.0025664535 -0.0031462696 0.9999917 0.99902344
-0.47235662 0.88124895 0.0018715827 -25.36914 -0.88124967 -0.4723511 -0.0027966988 -87.57788 -0.0015803375 -0.0029707095 0.9999942 1.0201416
-0.46199545 0.88732564 0.0020066486 -25.803345 -0.8873219 -0.46198308 -0.004714328 -88.41687 -0.0032571447 -0.0039544976 0.9999868 1.0384521
-0.44926104 0.8929686 0.0017068535 -26.215088 -0.8929659 -0.4492523 -0.0039240504 -89.26062 -0.0027374616 -0.0032903538 0.9999907 1.0444336
-0.43755314 0.89946824 -0.00085947197 -26.640991 -0.89946085 -0.43755326 -0.003734595 -90.10962 -0.0037356517 -0.00085859845 0.9999926 1.0620117
-0.42489246 0.905283 0.0005602491 -27.03772 -0.90528256 -0.42489284 0.0009274862 -90.9541 0.0010779302 -0.000113398266 0.99999934 1.0664062
-0.41466126 0.91017354 0.0015065683 -27.418335 -0.9101233 -0.41465494 0.009959534 -91.79614 0.00968788 0.0027549341 0.99994916 1.0805664
-0.401395 0.9162052 0.004381427 -27.787476 -0.9161083 -0.40141663 0.0133990245 -92.63574 0.014033439 0.001357475 0.99990064 1.102417
-0.38952556 0.9211402 0.004824868 -28.137573 -0.9210641 -0.38955534 0.011841813 -93.49536 0.012784229 0.00016433792 0.9999183 1.114624
-0.3770043 0.926362 0.0023378711 -28.48706 -0.9263336 -0.37701103 0.0072696963 -94.35828 0.0076141404 0.0005711097 0.9999709 1.1464844
-0.36658716 0.93015033 0.0067862365 -28.8208 -0.93012416 -0.36663377 0.007788349 -95.215576 0.009737681 -0.003455358 0.99994665 1.1689453
-0.36152324 0.93252134 0.014653772 -29.134521 -0.93249315 -0.3616986 0.01186258 -96.081665 0.016349321 -0.009382779 0.9998224 1.1955566
-0.35346898 0.93523437 0.023229428 -29.45227 -0.9352163 -0.35387945 0.01680518 -96.9541 0.023921063 -0.015774302 0.99958915 1.2174072
-0.3488499 0.93663436 0.027150027 -29.770874 -0.9366711 -0.3493699 0.017465344 -97.833374 0.025852315 -0.019339364 0.9994787 1.2539062
-0.3474876 0.93738025 0.030365385 -30.073242 -0.9374896 -0.34808847 0.017301194 -98.70984 0.026782416 -0.022458158 0.99938923 1.286499
-0.34015453 0.93985516 0.03297289 -30.384888 -0.94003105 -0.34082523 0.017304225 -99.58948 0.027495574 -0.02510612 0.99930656 1.3286133
-0.33420876 0.94166213 0.033156663 -30.69165 -0.94192255 -0.33480874 0.014404384 -100.47864 0.024688737 -0.026415935 0.99934596 1.3565674
-0.32919517 0.9436952 0.029162958 -31.002197 -0.9439376 -0.32961354 0.0108032 -101.35486 0.019805774 -0.023961002 0.9995164 1.3824463
-0.3239733 0.9455153 0.02982513 -31.304443 -0.94585264 -0.32429552 0.0065475497 -102.24365 0.0158795 -0.026099354 0.99953336 1.4224854
-0.31832734 0.9473205 0.035152785 -31.577393 -0.94780606 -0.31874716 0.0069085592 -103.11279 0.017756019 -0.031102909 0.99935806 1.4445801
-0.31022143 0.94936025 0.045290954 -31.84314 -0.9501959 -0.3108691 0.007836422 -103.97595 0.021548886 -0.040596835 0.99894255 1.4682617
-0.30522037 0.95130855 0.046268187 -32.10913 -0.9521485 -0.30595577 0.00959188 -104.84668 0.023255685 -0.041126788 0.9988835 1.5063477
-0.29788205 0.9537431 0.043184 -32.38611 -0.954359 -0.29870903 0.014016992 -105.70984 0.026260896 -0.037041083 0.99896896 1.5447998
-0.291346 0.95579565 0.04287703 -32.647705 -0.9564541 -0.29208824 0.012079307 -106.601685 0.024049597 -0.037490856 0.9990079 1.572876
-0.2826115 0.9582951 0.04302955 -32.903442 -0.9590613 -0.28318262 0.007683901 -107.46277 0.019549336 -0.03909325 0.99904424 1.6064453
-0.2747979 0.9606236 0.042476628 -33.154297 -0.961438 -0.27520296 0.0038914513 -108.35388 0.015416317 -0.03975455 0.9990904 1.6412354
-0.26736495 0.96243805 0.045608465 -33.384155 -0.963318 -0.26797467 0.007716885 -109.21973 0.01964718 -0.041883893 0.9989296 1.6663818
-0.26150668 0.96405804 0.047000118 -33.616455 -0.9649303 -0.26228064 0.011027854 -110.1012 0.022960775 -0.04248227 0.9988338 1.6938477
-0.25211555 0.96651626 0.046531003 -33.83496 -0.96736836 -0.25288564 0.0113785975 -110.96826 0.022778824 -0.042161666 0.9988515 1.7186279
-0.2479163 0.9677048 0.04852811 -34.04419 -0.9686607 -0.24869798 0.010713195 -111.85254 0.022410825 -0.044345696 0.99876505 1.7512207
-0.23985478 0.9696828 0.04391812 -34.268433 -0.9704507 -0.24052973 0.010712793 -112.727905 0.02095265 -0.04005823 0.99897766 1.7779541
-0.23203386 0.9718885 0.04001284 -34.47644 -0.972494 -0.23265468 0.011573009 -113.61499 0.020540176 -0.03621111 0.9991328 1.8170166
-0.22406292 0.97371465 0.038987093 -34.68872 -0.9742914 -0.22465417 0.011449236 -114.50586 0.019915331 -0.035414737 0.99917406 1.8494873
-0.21620812 0.97527695 0.04505425 -34.87671 -0.9761177 -0.21686675 0.010221867 -115.38513 0.019749228 -0.04177526 0.998932 1.8823242
-0.21056546 0.9763514 0.049005244 -35.052124 -0.97739685 -0.21123457 0.008845358 -116.276855 0.018996054 -0.046056602 0.99875885 1.9091797
-0.20547962 0.97753906 0.046310965 -35.247314 -0.97846866 -0.20609011 0.008761292 -117.18933 0.018128572 -0.043538738 0.9988878 1.9459229
-0.20059898 0.97876745 0.044599958 -35.431152 -0.979601 -0.20123194 0.010140235 -118.07666 0.018897498 -0.041653585 0.99895346 1.973999
-0.19618 0.9796309 0.041644733 -35.61035 -0.9803327 -0.19678724 0.010967617 -118.984375 0.018957293 -0.0386731 0.999072 1.9968262
-0.18980005 0.98119754 0.03727699 -35.799927 -0.9817539 -0.19030093 0.010353982 -119.87512 0.01724584 -0.034629364 0.99925154 2.022583
-0.18406926 0.9824469 0.02845109 -35.982544 -0.98275995 -0.18438411 0.008837926 -120.76611 0.013937468 -0.026324773 0.999556 2.0495605
-0.17970407 0.9833569 0.02493652 -36.14148 -0.9835887 -0.17996323 0.008551332 -121.65381 0.012905305 -0.02299871 0.9996522 2.0753174
-0.17556264 0.9841451 0.026539363 -36.299683 -0.9843958 -0.17587744 0.010020176 -122.534546 0.014521232 -0.024362655 0.9995976 2.0925293
-0.17123844 0.98473537 0.028932877 -36.447388 -0.9850297 -0.17162023 0.011254011 -123.41992 0.016049102 -0.026572641 0.999518 2.1175537
-0.17060377 0.98489493 0.03122361 -36.591553 -0.98526293 -0.17100456 0.010636758 -124.305176 0.015807733 -0.028949868 0.99945587 2.1385498
-0.16846202 0.98519385 0.031873524 -36.737915 -0.9856043 -0.16882814 0.009142945 -125.196655 0.014387084 -0.02986795 0.9994502 2.1677246
-0.16848373 0.985293 0.029516583 -36.88684 -0.98568344 -0.1687057 0.00518702 -126.084595 0.010082036 -0.028219633 0.9995509 2.1929932
-0.16790986 0.98544633 0.029929508 -37.029297 -0.98589075 -0.16796733 -0.0005935142 -126.9624 0.0044345837 -0.029607624 0.99955183 2.2160645
-0.16575886 0.98567504 0.02830307 -37.17627 -0.986079 -0.1657549 -0.0025085334 -127.84021 0.0022297238 -0.028323617 0.99959624 2.230835
-0.16505405 0.9858529 0.02970518 -37.314697 -0.9862753 -0.1651889 0.0021260402 -128.70557 0.0069972165 -0.028942734 0.9995566 2.2401123
-0.16352165 0.98608017 0.030629814 -37.460938 -0.9865028 -0.16375624 0.0052921474 -129.5758 0.010240858 -0.029357081 0.9995166 2.2670898
-0.1635449 0.9859155 0.0324454 -37.59021 -0.9863962 -0.16378868 0.0049858065 -130.43958 0.010236011 -0.03119727 0.99946094 2.2824707
-0.1651019 0.9857147 0.034345407 -37.732666 -0.9862773 -0.16529118 0.0027308129 -131.30127 0.008363557 -0.0334164 0.9994065 2.3009033
-0.1622157 0.98631966 0.029752031 -37.876343 -0.98672676 -0.16241181 0.0042796033 -132.15271 0.009054364 -0.028659973 0.9995482 2.3192139
-0.16223228 0.9862798 0.032298625 -38.010498 -0.98675483 -0.16247807 0.005118083 -133.02075 0.010291396 -0.031032715 0.99946535 2.3502197
-0.16144298 0.9859851 0.04093756 -38.139404 -0.98672146 -0.16191435 0.008451462 -133.87634 0.014967112 -0.03904494 0.9991257 2.362671
-0.16152692 0.98573244 0.04778491 -38.258057 -0.98674613 -0.16214108 0.009247588 -134.73853 0.016859038 -0.04566384 0.9988148 2.3863525
-0.16144691 0.9857594 0.046010107 -38.38672 -0.9866345 -0.16217352 0.012487957 -135.58069 0.019788176 -0.04338024 0.9988625 2.4111328
-0.16228256 0.985764 0.04408954 -38.52417 -0.9865747 -0.16293192 0.011525281 -136.46948 0.018549917 -0.041609664 0.9989612 2.4483643
-0.15859279 0.9862084 0.045546886 -38.651733 -0.98700446 -0.1594311 0.015379002 -137.26208 0.022430839 -0.042516276 0.9988439 2.4630127
-0.15788972 0.98677623 0.03851582 -38.793823 -0.9873388 -0.15850161 0.013377261 -138.13367 0.019288916 -0.035912637 0.9991689 2.4921875
-0.15505704 0.9873706 0.030961754 -38.92639 -0.98775095 -0.155421 0.009697235 -138.9674 0.014388947 -0.029072419 0.9994736 2.5233154
-0.15292677 0.9878261 0.02620561 -39.062256 -0.98814243 -0.15307868 0.0038803592 -139.80396 0.007844028 -0.02530716 0.99964905 2.5535889
-0.14876959 0.9886649 0.021312406 -39.184326 -0.9888553 -0.14892077 0.0056796083 -140.63501 0.008790937 -0.02022062 0.99975675 2.5656738
-0.14448069 0.98924917 0.02322567 -39.306152 -0.9894579 -0.14469826 0.007963488 -141.46619 0.0112452395 -0.021830956 0.99969846 2.5948486
-0.13739084 0.99018675 0.022078462 -39.414795 -0.99032134 -0.13767588 0.011933757 -142.28198 0.014869317 -0.020220045 0.9996849 2.6052246
-0.12755775 0.9916249 0.01985966 -39.529053 -0.9916319 -0.12790143 0.017118055 -143.14832 0.019516328 -0.017518321 0.9996562 2.6064453
-0.118614554 0.9928306 0.019162083 -39.625122 -0.99293417 -0.118829615 0.010507979 -143.94934 0.012701748 -0.017783122 0.9997612 2.635254
-0.10674847 0.99421763 0.012401108 -39.71216 -0.9942384 -0.106867194 0.009339969 -144.74646 0.0106113115 -0.0113347145 0.9998795 2.6582031
-0.092853926 0.9956434 0.008269428 -39.79956 -0.9956321 -0.092925906 0.008797601 -145.61841 0.009528993 -0.0074160453 0.9999271 2.7000732
-0.07840265 0.9968679 0.008982459 -39.858276 -0.9968431 -0.078497425 0.010737451 -146.37549 0.011412703 -0.008111649 0.99990195 2.7148438
-0.06404008 0.99792993 0.0061021326 -39.91089 -0.997891 -0.06410088 0.01035337 -147.22937 0.010722498 -0.005427054 0.9999279 2.7347412
-0.05104959 0.9987022 0.002163522 -39.953247 -0.9986209 -0.0510733 0.012830014 -147.99365 0.0129291965 -0.001508005 0.9999153 2.750122
-0.037483823 0.999282 0.006157724 -39.97473 -0.9991416 -0.037587177 0.017620586 -148.80298 0.01784108 -0.0054927887 0.9998258 2.7770996
-0.024023296 0.9996526 0.011365612 -39.980713 -0.99934226 -0.02432407 0.027109079 -149.58337 0.02737361 -0.010708137 0.99956787 2.805664
-0.009853245 0.9997815 0.018166933 -39.971313 -0.99930716 -0.010495068 0.035559278 -150.34265 0.035760462 -0.017797237 0.999202 2.8242188
