1 0 0 0 0 1 0 0 0 0 1 0
0.99994645 -0.0023888536 0.010069423 0.024382151 0.0023776805 0.99999654 0.0011214505 -0.0085295744 -0.010072068 -0.0010974486 0.99994867 0.28667092
0.99985426 -0.0038107177 0.016641267 0.028338726 0.0037862741 0.99999171 0.0015001254 -0.015617209 -0.016646846 -0.0014368984 0.9998604 0.58361346
0.99979755 -0.0068386287 0.018923347 0.039880444 0.0068480327 0.99997646 -0.0004321748 -0.015218803 -0.018919948 0.00056167504 0.99982084 0.88195644
0.99982321 -0.0079635251 0.017033311 0.034302109 0.0079895565 0.99996702 -0.0014607325 -0.023603614 -0.017021118 0.0015965629 0.99985386 1.1874027
0.99988297 -0.010912782 0.010722051 0.032072165 0.010949956 0.99993422 -0.003414344 -0.023845584 -0.010684086 0.0035313505 0.99993669 1.5244837
0.99992531 -0.012192417 -0.00085175843 0.029642654 0.012188319 0.99991485 -0.0046618725 -0.033991203 0.00090852547 0.0046511429 0.99998877 1.8443277
0.99978997 -0.011170893 -0.017182251 0.0040272149 0.011087147 0.99992623 -0.0049616189 -0.041680637 0.01723641 0.0047700748 0.99984006 2.1657614
0.99931133 -0.0076880004 -0.036301071 -0.036428472 0.0074945571 0.999957 -0.0054619441 -0.043966697 0.036341504 0.0051861223 0.99932597 2.5085937
0.99840655 -0.0036737114 -0.056310436 -0.077172172 0.0033229804 0.9999745 -0.006320897 -0.053288639 0.056332226 0.0061237066 0.9983933 2.8574649
0.99718209 -0.0031097008 -0.074954739 -0.12809849 0.0026244517 0.99997496 -0.0065715236 -0.055126584 0.074973305 0.0063562906 0.99716528 3.2240443
0.99533813 -0.0042202888 -0.096354551 -0.17759739 0.0036506032 0.9999748 -0.0060879123 -0.064794674 0.096377825 0.005707779 0.99532846 3.6024193
0.99329894 -0.0050778033 -0.11546181 -0.23851463 0.0044982475 0.99997595 -0.0052794685 -0.071853074 0.11548585 0.0047247147 0.99329789 3.9971926
0.99115711 -0.0043714193 -0.13262155 -0.3087326 0.0037785363 0.99998171 -0.0047218312 -0.078214872 0.13263978 0.0041789612 0.9911555 4.3905387
0.98887664 -0.0034477766 -0.14869802 -0.39044434 0.0028728947 0.99998755 -0.0040807225 -0.088061286 0.14871025 0.0036081374 0.98887423 4.8101896
0.98679269 -0.0025487494 -0.16196816 -0.47037279 0.0019185697 0.99998997 -0.0040470505 -0.091277918 0.16197686 0.0036828526 0.98678768 5.2167066
0.98462527 -0.0039316146 -0.1746357 -0.5638249 0.0030957417 0.99998241 -0.0050585311 -0.10033507 0.17465253 0.0044401305 0.98462012 5.6583136
0.98279697 -0.0070863941 -0.18455326 -0.65501706 0.0058958538 0.99995813 -0.0069989038 -0.1153791 0.18459514 0.0057904024 0.98279759 6.1022552
0.9813641 -0.0063297342 -0.19205322 -0.74768934 0.0047488587 0.99995096 -0.0086906359 -0.12271219 0.19209883 0.0076166445 0.98134603 6.5558217
0.97979966 -0.0061685297 -0.19988641 -0.86163474 0.0041065691 0.99993401 -0.010728633 -0.1251242 0.19993942 0.0096910636 0.97976034 7.0333273
0.97821459 -0.0066740513 -0.20748895 -0.967736 0.0040120919 0.9999042 -0.013247574 -0.13693771 0.2075575 0.012126506 0.97814765 7.5043879
0.97636838 -0.010465833 -0.21585933 -1.0865081 0.0073934299 0.99985962 -0.015035963 -0.14804399 0.21598641 0.013084698 0.97630869 8.0055334
0.97452727 -0.016200317 -0.22368315 -1.1996547 0.012891836 0.99978495 -0.01624346 -0.16554806 0.22389822 0.012946008 0.97452655 8.5200398
0.97270318 -0.017257598 -0.23141021 -1.3338018 0.013317906 0.99973875 -0.018576192 -0.19166084 0.23167036 0.014987221 0.9726789 9.0387608
0.97063283 -0.013364365 -0.24019429 -1.4872119 0.0081198249 0.99970682 -0.022811029 -0.19501998 0.24042875 0.020190798 0.97045678 9.5789567
0.968388 -0.010482053 -0.24922842 -1.6370987 0.004140151 0.99965449 -0.025956748 -0.21096779 0.24941441 0.02410436 0.96809681 10.107102
0.96625158 -0.013045233 -0.25726971 -1.7932906 0.0060758906 0.9995932 -0.02786604 -0.23654548 0.25752859 0.025362462 0.96593777 10.678097
0.96383417 -0.014929942 -0.26608418 -1.9526549 0.0073285597 0.9995368 -0.029537685 -0.26240169 0.26640195 0.026519416 0.96349714 11.22618
0.96170932 -0.014820155 -0.27367048 -2.1375193 0.0062025475 0.99945808 -0.032327477 -0.28594395 0.27400129 0.029392183 0.96128008 11.799059
0.95929455 -0.014542938 -0.28203273 -2.3231008 0.0046212736 0.99934784 -0.03581248 -0.31188842 0.28236965 0.033051367 0.95873615 12.397509
0.95740916 -0.015226075 -0.28833289 -2.5025521 0.0035037366 0.99914774 -0.041128116 -0.34258178 0.2887134 0.038366193 0.95664655 12.991231
0.95537071 -0.016492957 -0.29494879 -2.7112579 0.0024032587 0.99884113 -0.048068821 -0.38106452 0.29539981 0.045214705 0.9543032 13.602797
0.9540364 -0.016901925 -0.29921376 -2.9135619 3.5744223e-06 0.99840901 -0.056386526 -0.41728797 0.29969078 0.053793729 0.9525186 14.220847
0.95283197 -0.016733841 -0.30303665 -3.1226839 -0.0031288434 0.99788416 -0.064941639 -0.4638004 0.30348222 0.062826625 0.95076357 14.842998
0.95144199 -0.015960169 -0.30741406 -3.3393003 -0.0071261285 0.9972454 -0.073829748 -0.50926886 0.30774562 0.072435395 0.94870741 15.483576
0.95010778 -0.015139807 -0.31155415 -3.5722582 -0.010638474 0.99666745 -0.080875341 -0.56725278 0.31174034 0.080154753 0.94678043 16.122323
0.94841813 -0.013789769 -0.31672208 -3.809014 -0.014666509 0.99607526 -0.087286709 -0.62963719 0.31668272 0.087429507 0.94449359 16.785265
0.9468375 -0.012387974 -0.32147359 -4.0473373 -0.018682508 0.99545473 -0.093385477 -0.70094502 0.32116929 0.094426807 0.94230243 17.450494
0.94540978 -0.010640828 -0.32571016 -4.3013481 -0.022707019 0.99488664 -0.098412201 -0.77441765 0.3250919 0.10043577 0.94033394 18.123097
0.94336208 -0.0076837283 -0.33167596 -4.5726379 -0.027697994 0.99441753 -0.10181645 -0.8519164 0.33060675 0.10523654 0.93788297 18.822952
0.94176722 -0.0071738012 -0.33618897 -4.8264167 -0.029262715 0.9942312 -0.10318923 -0.92950679 0.33498985 0.10701804 0.93612443 19.496611
0.93967013 -0.0065044561 -0.34202008 -5.1025399 -0.030401848 0.99427498 -0.10243528 -1.0204155 0.34072832 0.10665342 0.93409275 20.237517
0.93742557 -0.0069561683 -0.34811621 -5.3892663 -0.030102074 0.99443787 -0.10093161 -1.1046121 0.34688207 0.10509489 0.93200209 20.963007
0.93484582 -0.0064448268 -0.35499541 -5.6600784 -0.030672088 0.9946316 -0.098829161 -1.1836569 0.35372662 0.10327848 0.92962952 21.67474
0.93191304 -0.0059753654 -0.36263256 -5.9587052 -0.030870603 0.9949288 -0.095727139 -1.2729893 0.36136561 0.10040406 0.92700266 22.376273
0.92834045 -0.0029053607 -0.37171973 -6.2889789 -0.033122126 0.99534555 -0.090499486 -1.3566073 0.37025254 0.096326483 0.92392331 23.205037
0.92516486 -0.0018496562 -0.37956099 -6.6055465 -0.032913867 0.99583042 -0.085079065 -1.4356222 0.37813578 0.091204983 0.92124644 23.913315
0.9214157 0.00099413344 -0.38857703 -6.9274836 -0.035198557 0.99609919 -0.080916376 -1.50729 0.38698086 0.088234971 0.91785642 24.655049
0.91756503 0.0020181474 -0.3975806 -7.267916 -0.036477727 0.99619674 -0.079129142 -1.5861795 0.39590884 0.087108971 0.91414891 25.388462
0.91379814 0.0039528694 -0.40614937 -7.633073 -0.039150587 0.99615372 -0.07839004 -1.6671567 0.40427738 0.087533661 0.91043818 26.167178
0.91038893 0.0044776802 -0.41372929 -7.9951833 -0.039983748 0.99621354 -0.077200318 -1.7345992 0.41181708 0.086824764 0.90712081 26.919658
0.90585682 0.0039730771 -0.42356537 -8.3636474 -0.039720679 0.99634658 -0.075602695 -1.8075106 0.42171756 0.085309522 0.90270516 27.70536
0.90242212 0.0045673992 -0.43082879 -8.7604532 -0.039972471 0.99651866 -0.073162568 -1.8865213 0.4289948 0.083244812 0.89946305 28.489869
0.89859261 0.0054415238 -0.43875015 -9.1388141 -0.039716764 0.99682714 -0.068979871 -1.9556973 0.43698274 0.07941054 0.89595763 29.256227
0.89519168 0.0068607424 -0.4456285 -9.568071 -0.039208665 0.99721701 -0.063410708 -2.0221312 0.44395332 0.074237238 0.89296937 30.063217
0.89163319 0.0051794418 -0.45272885 -9.9789761 -0.035840382 0.99760413 -0.059173254 -2.0805454 0.45133772 0.068986813 0.88968258 30.856849
0.88775611 0.0053116035 -0.46028345 -10.413866 -0.035603249 0.99773029 -0.057154893 -2.1512105 0.4589352 0.067127192 0.88593027 31.687666
0.88442583 0.0049892434 -0.46665409 -10.859277 -0.035204591 0.99780692 -0.056053394 -2.2096671 0.46535106 0.066003437 0.88266186 32.488753
0.88119841 0.0042247114 -0.47272771 -11.300234 -0.033842379 0.99795829 -0.054165987 -2.2636662 0.47153374 0.063729213 0.87954223 33.316338
0.87858832 0.0044593034 -0.47755906 -11.78923 -0.033800237 0.9980295 -0.052864613 -2.3338329 0.47638233 0.062587842 0.87700779 34.184181
0.87571634 0.0029483903 -0.48281692 -12.249279 -0.032408776 0.99808505 -0.052686945 -2.3917539 0.48173705 0.061786325 0.87413494 35.018341
0.87430112 0.0021590849 -0.4853791 -12.719784 -0.031917386 0.99808153 -0.053052266 -2.4500974 0.48433341 0.061875689 0.87269271 35.854877
0.87247261 0.0016173662 -0.48866031 -13.237384 -0.031859011 0.99805526 -0.053578919 -2.5121098 0.48762338 0.062314374 0.87082741 36.722045
0.87214236 0.0024967805 -0.48924579 -13.722585 -0.032379416 0.99808917 -0.052626816 -2.572495 0.48817957 0.061739569 0.87055669 37.574161
0.87225077 0.0020372624 -0.48905462 -14.239182 -0.031026774 0.9982074 -0.051179386 -2.6346904 0.48807371 0.059815047 0.87075038 38.489573
0.87144208 0.0002492154 -0.49049834 -14.761366 -0.028763317 0.99830497 -0.050595013 -2.6957953 0.48965436 0.058198983 0.86997213 39.380609
0.87098592 -0.0010529147 -0.49130683 -15.256102 -0.027550706 0.99831953 -0.050981216 -2.7580005 0.49053493 0.057939772 0.86949324 40.267648
0.87061744 -0.0025166139 -0.49195418 -15.82447 -0.026489893 0.9982964 -0.051986322 -2.8263084 0.49124695 0.058292013 0.8690676 41.20933
0.86923965 -0.0045828539 -0.49436971 -16.307647 -0.023119657 0.99848625 -0.049906855 -2.8867287 0.49385012 0.054810676 0.86781788 42.103873
0.86644967 -0.0021569893 -0.49925975 -16.879816 -0.024183895 0.99863549 -0.046284868 -2.9563078 0.49867839 0.052177555 0.86521523 43.039517
0.86409948 -0.0035726865 -0.50330835 -17.417677 -0.020351501 0.99890901 -0.042030912 -3.01861 0.50290946 0.04656197 0.86308405 43.974047
0.8600878 -0.0054164108 -0.51011726 -17.961177 -0.017333192 0.99905601 -0.039832731 -3.0764962 0.50985151 0.043101607 0.859182 44.85216
0.8555576 -0.0071589864 -0.51765811 -18.499605 -0.017036839 0.99897348 -0.041972942 -3.1390091 0.51742725 0.044729528 0.85455739 45.750328
0.8494249 -0.010495911 -0.52760512 -19.074118 -0.015884578 0.99884059 -0.045444018 -3.2013644 0.52747043 0.046982065 0.84827334 46.62147
0.84388707 -0.0095723427 -0.53643541 -19.655088 -0.017431832 0.99882377 -0.045246043 -3.2617762 0.5362376 0.047533604 0.84272761 47.536321
0.83810389 -0.0062641257 -0.54547466 -20.254475 -0.018530234 0.99903009 -0.039943761 -3.3219316 0.54519586 0.043584795 0.83717493 48.443723
0.83245545 -0.0048156173 -0.55407103 -20.846789 -0.017265077 0.99925125 -0.034624474 -3.3825103 0.55382296 0.038389412 0.83174901 49.295188
0.82939268 -0.0035633195 -0.55865469 -21.457959 -0.020124779 0.99914007 -0.036250655 -3.4338721 0.55830351 0.04130883 0.82860775 50.195521
0.82522876 -0.0050764777 -0.5647758 -22.076071 -0.02177992 0.99892981 -0.040802846 -3.4877284 0.56437856 0.045972454 0.82423504 51.049736
0.82219949 -0.0076861049 -0.56914751 -22.679913 -0.023719316 0.99857762 -0.04775068 -3.5513644 0.56870503 0.052760375 0.82084771 51.888277
0.8195718 -0.0057404975 -0.57294771 -23.303232 -0.027484047 0.99840492 -0.049317744 -3.6233314 0.57231697 0.056166355 0.81810675 52.756325
0.81682012 -0.0057144093 -0.57686412 -23.912924 -0.025274118 0.99863636 -0.045679776 -3.6804846 0.57633856 0.051891892 0.81556184 53.616694
0.81373358 -0.0044578925 -0.58122092 -24.565429 -0.022976792 0.99894225 -0.039830229 -3.7472076 0.58078375 0.045765787 0.81277042 54.524724
0.81088324 -0.0038491904 -0.58519529 -25.210341 -0.021780821 0.99908701 -0.036752479 -3.803585 0.58480253 0.042548003 0.81005907 55.389452
0.80784601 -0.0016268348 -0.58939134 -25.825855 -0.025163302 0.99898921 -0.037247344 -3.8601645 0.58885624 0.044921151 0.80698851 56.24621
0.80438927 -0.0030188721 -0.59409491 -26.493861 -0.025153082 0.9989174 -0.039132589 -3.9188473 0.59356992 0.046421153 0.8034425 57.109465
0.80064241 -0.004805011 -0.5991232 -27.140173 -0.025272629 0.99880699 -0.041783752 -3.9805998 0.59860927 0.048595263 0.79956581 57.977879
0.7963034 -0.0070173515 -0.6048567 -27.810871 -0.023294743 0.99883521 -0.042256057 -4.0308052 0.60444874 0.047738624 0.79521241 58.771422
0.79235921 -0.0070944383 -0.61001354 -28.452151 -0.022735575 0.99889432 -0.041148817 -4.0953127 0.60963104 0.046473653 0.79132182 59.639616
0.78818443 -0.0074874319 -0.61539354 -29.13695 -0.022159417 0.99893236 -0.04053527 -4.1547568 0.61504008 0.045586031 0.78717701 60.503153
0.78242831 -0.0075507922 -0.62269486 -29.812772 -0.023257704 0.99887457 -0.041336103 -4.2200619 0.62230623 0.04682499 0.78137213 61.348967
0.77716322 -0.0097210993 -0.62922397 -30.514214 -0.02168719 0.99887301 -0.042218082 -4.2758714 0.6289253 0.046456441 0.77607654 62.179706
0.77014701 -0.011115088 -0.63776956 -31.184495 -0.020895112 0.99887195 -0.042640569 -4.3347806 0.63752413 0.046165774 0.76904599 62.954393
0.76686986 -0.01100947 -0.64170817 -31.939052 -0.022506471 0.99877658 -0.04403175 -4.4051079 0.64140792 0.048209209 0.76568387 63.876351
0.76020818 -0.012669766 -0.64955598 -32.65314 -0.021974133 0.99873634 -0.045198059 -4.4733659 0.64930786 0.048633364 0.75896912 64.694368
0.7545667 -0.014143971 -0.65607088 -33.379867 -0.020634365 0.99876193 -0.045264108 -4.5345627 0.65589889 0.047692396 0.75334064 65.52688
0.7488692 -0.014342681 -0.66256258 -34.136763 -0.019636919 0.99884656 -0.043817174 -4.5941683 0.66242687 0.04582402 0.74772377 66.330223
0.74174202 -0.016178823 -0.6704901 -34.842437 -0.016808399 0.99894658 -0.042699026 -4.6558185 0.67047467 0.042941527 0.74068872 67.131602
0.73514378 -0.016034272 -0.67772154 -35.65628 -0.018048036 0.99890297 -0.043210347 -4.7289716 0.67767095 0.043997361 0.73404792 67.978082
0.72964971 -0.01941418 -0.68354543 -36.423995 -0.015976502 0.99884006 -0.045423329 -4.7903306 0.68363447 0.044063784 0.72849319 68.756396
0.72819446 -0.016413138 -0.68517399 -37.144258 -0.020570427 0.99873943 -0.045786498 -4.8611981 0.68506184 0.047435796 0.7269389 69.620459
0.72108255 -0.016856578 -0.69264404 -37.957359 -0.019107129 0.99883997 -0.044199962 -4.9240259 0.69258567 0.045106261 0.719924 70.39452
0.71707453 -0.016716527 -0.69679597 -38.74398 -0.019740574 0.99882422 -0.044277429 -4.9857634 0.69671692 0.04550537 0.71590142 71.227441
0.71182777 -0.017576432 -0.70213407 -39.58133 -0.019921424 0.99877936 -0.045198774 -5.0535676 0.70207151 0.046161253 0.71060874 72.031861
0.70755225 -0.017901697 -0.70643422 -40.404361 -0.022307493 0.99861503 -0.047648626 -5.1308873 0.70630888 0.049472669 0.70617297 72.816
0.70250986 -0.018484233 -0.7114339 -41.206994 -0.024608262 0.99843393 -0.050240551 -5.2022594 0.71124846 0.052801635 0.70095482 73.625004
0.69756273 -0.021367332 -0.71620502 -42.066561 -0.022042088 0.99844227 -0.051255973 -5.2635936 0.71618464 0.051540911 0.69600513 74.411312
0.69102311 -0.021166233 -0.72252267 -42.908736 -0.02137244 0.99853586 -0.049692685 -5.3412425 0.72251666 0.049780867 0.68955898 75.219345
0.68769383 -0.021864653 -0.72567148 -43.730367 -0.019434646 0.99863377 -0.048506613 -5.411109 0.72574068 0.047460867 0.68632935 75.987688
0.68113127 -0.022161943 -0.73182579 -44.633942 -0.01979113 0.99861923 -0.048661443 -5.4921959 0.73189381 0.04762849 0.67975218 76.7932
0.67739673 -0.023349315 -0.73524719 -45.471239 -0.018797848 0.9986203 -0.04903208 -5.5578228 0.73537769 0.047035236 0.67602321 77.565677
0.6729864 -0.024172383 -0.73925973 -46.366924 -0.017613451 0.99865869 -0.048688668 -5.6351292 0.73944514 0.045787727 0.67165796 78.35581
0.66895464 -0.025839871 -0.74285392 -47.25169 -0.015553284 0.99869015 -0.04874507 -5.7038744 0.74314052 0.044162059 0.66767652 79.17581
0.66568085 -0.028648331 -0.74568642 -48.124926 -0.012771213 0.9986791 -0.049768964 -5.7789865 0.7461273 0.042653567 0.66443568 79.920533
0.66093417 -0.032689104 -0.74973155 -49.04804 -0.010288519 0.99856222 -0.052608347 -5.8581521 0.75037338 0.042484282 0.65964758 80.714728
0.65476502 -0.036775008 -0.75493729 -49.923749 -0.00674513 0.99849157 -0.054489307 -5.936927 0.75580243 0.040769843 0.65352931 81.51288
0.64902665 -0.042135617 -0.75959789 -50.846722 0.0009441648 0.99850887 -0.054581509 -6.0093348 0.76076512 0.034707668 0.64809865 82.264377
0.64213878 -0.043831162 -0.76533428 -51.785964 0.0029637231 0.99849855 -0.054697967 -6.0998875 0.76658271 0.032855447 0.64130454 83.064297
0.63294769 -0.045103073 -0.77287961 -52.716844 0.0056885517 0.99854555 -0.053613677 -6.1808149 0.7741737 0.029538087 0.63228367 83.78111
0.62516112 -0.044632369 -0.7792185 -53.661194 0.0079687342 0.99867658 -0.050809316 -6.2584029 0.78045507 0.025554624 0.62468944 84.574809
0.61524326 -0.044120098 -0.78710171 -54.621968 0.0074794529 0.99871442 -0.050135447 -6.3396134 0.78830187 0.024958405 0.61478231 85.288722
0.60675686 -0.04451355 -0.7936401 -55.575334 0.0043265977 0.99860093 -0.05270157 -6.4173123 0.79487574 0.028543278 0.60610056 86.038447
0.59501643 -0.047943298 -0.80228227 -56.587955 0.0071124169 0.99849424 -0.054393701 -6.4991301 0.8036821 0.02665898 0.59446147 86.741862
0.58573894 -0.048821414 -0.809028 -57.611691 0.0062661154 0.9984271 -0.055714159 -6.5765057 0.81047559 0.02756449 0.58512355 87.470293
0.5763297 -0.050354798 -0.8156644 -58.577905 0.010330361 0.998469 -0.054340989 -6.6600669 0.81715201 0.022892218 0.57596753 88.159952
0.5653016 -0.048821829 -0.8234382 -59.598079 0.0091711837 0.99855725 -0.052908532 -6.7524649 0.82483334 0.022357375 0.56493377 88.881652
0.55561112 -0.049692022 -0.82995598 -60.64644 0.0097309634 0.99853268 -0.053270869 -6.8347861 0.83138538 0.021521616 0.55527942 89.563022
0.54645558 -0.051474861 -0.83590464 -61.702488 0.010106024 0.99844196 -0.054877274 -6.9142101 0.83742714 0.02154032 0.54612439 90.195481
0.53593456 -0.052028983 -0.84265478 -62.765246 0.0088290934 0.99839008 -0.056029356 -7.0007868 0.8442134 0.02258819 0.53553112 90.874932
0.52716248 -0.052304015 -0.84815325 -63.809476 0.0070125851 0.99833771 -0.057206994 -7.0831585 0.84973561 0.024209634 0.52665298 91.520642
0.51750408 -0.052361106 -0.85407715 -64.927904 0.0060979438 0.99832632 -0.057509746 -7.176401 0.85565905 0.024553413 0.51695724 92.159805
0.50864511 -0.049884133 -0.85952991 -66.000121 0.0040363076 0.99844731 -0.055557845 -7.2617243 0.86096686 0.024789899 0.50805669 92.799519
0.50240969 -0.048746319 -0.86325445 -67.080681 0.0059033413 0.9985796 -0.052952155 -7.3504394 0.86460958 0.02150759 0.50198383 93.412663
0.49382959 -0.04888996 -0.86818319 -68.208561 0.0059019238 0.99858364 -0.052876133 -7.4367004 0.86953871 0.020987848 0.49341869 94.034418
0.48597912 -0.05238536 -0.87239899 -69.30257 0.00818999 0.99843115 -0.055390952 -7.5195724 0.87393208 0.019773907 0.48564573 94.646525
0.48041095 -0.055653852 -0.8752759 -70.380785 0.010346471 0.99827481 -0.05779581 -7.6077888 0.87698252 0.018709723 0.48015797 95.260303
0.47293421 -0.058273817 -0.87916855 -71.570975 0.011597117 0.99813576 -0.059920828 -7.704698 0.88102146 0.018142788 0.47272835 95.882742
0.46803079 -0.062227431 -0.8815185 -72.653653 0.013573732 0.99790625 -0.063236584 -7.8005042 0.88360795 0.017631172 0.46789551 96.450129
0.46305554 -0.062966968 -0.88408974 -73.790061 0.015464451 0.99789543 -0.062972736 -7.8966976 0.88619438 0.015487912 0.46305475 97.038422
0.45864205 -0.06078494 -0.88653968 -74.879529 0.017578488 0.99808312 -0.059338787 -7.9944827 0.88844726 0.011631235 0.45883139 97.612219
0.45589128 -0.059486116 -0.88804531 -75.993819 0.021868406 0.99821143 -0.055639171 -8.088393 0.88976681 0.0059452772 0.45637675 98.203103
0.45087802 -0.058462077 -0.89066892 -77.138246 0.022619193 0.99828065 -0.054075158 -8.1849182 0.89229897 0.0042350876 0.45142517 98.786011
0.44734985 -0.058012478 -0.89247555 -78.263802 0.023287244 0.99831128 -0.053219348 -8.27801 0.89405586 0.0030243701 0.44794535 99.346696
0.44730658 -0.056919971 -0.89256757 -79.369839 0.025093546 0.99837864 -0.051092127 -8.3634089 0.89402864 0.00045615878 0.44800966 99.88192
0.44458609 -0.056280999 -0.89396621 -80.482919 0.026824251 0.99841303 -0.049516407 -8.4513552 0.89533443 -0.0019656688 0.44539024 100.43461
0.44180358 -0.056581264 -0.89532569 -81.568271 0.028241722 0.99839162 -0.04915861 -8.5336732 0.8966672 -0.0035670895 0.44269095 100.97589
0.43967909 -0.057759491 -0.89629575 -82.686526 0.032008746 0.99830378 -0.048631205 -8.6192309 0.89758443 -0.0073071796 0.44078211 101.49249
0.43784425 -0.057117138 -0.89723463 -83.769292 0.034981196 0.9983065 -0.046480702 -8.7019078 0.89837008 -0.011035033 0.43910079 102.04293
0.43543518 -0.056741031 -0.89843007 -84.869529 0.037792371 0.99828397 -0.044730843 -8.7816151 0.89942649 -0.014476421 0.43683234 102.5552
0.43392909 -0.057470723 -0.89911211 -85.936095 0.039014243 0.99822591 -0.044976984 -8.8619315 0.90010194 -0.015561358 0.43540144 103.08855
0.43255574 -0.058671135 -0.89969615 -87.003352 0.040296041 0.99814135 -0.045717437 -8.9360046 0.9007063 -0.016478854 0.43411598 103.53069
0.43205224 -0.060463008 -0.89981943 -88.047742 0.041066025 0.99803411 -0.047344473 -9.0223154 0.90091315 -0.016496723 0.43368585 104.10045
0.43346326 -0.061033829 -0.899102 -89.095952 0.040745885 0.9980109 -0.048104201 -9.1029703 0.90024966 -0.015783304 0.43508794 104.55538
0.4362772 -0.060795131 -0.89775614 -90.134115 0.038659587 0.99806009 -0.048800444 -9.1819017 0.89898148 -0.013416361 0.43778118 105.05212
0.43853329 -0.059492118 -0.89674365 -91.13463 0.034492855 0.99818557 -0.049354026 -9.2599271 0.89805282 -0.0092878668 0.43978965 105.53983
0.44452086 -0.060381923 -0.89373104 -92.118971 0.033725448 0.99814625 -0.050662139 -9.333816 0.89513344 -0.0076211034 0.44573323 106.03274
0.45115467 -0.060431176 -0.89039736 -93.144579 0.03260132 0.99815483 -0.05122593 -9.4183077 0.89185015 -0.005917313 0.45229235 106.51591
0.45718667 -0.060113496 -0.88733683 -94.14365 0.033502308 0.99816904 -0.050360383 -9.4945281 0.88873956 -0.0067037375 0.45836352 106.99924
0.46500137 -0.059001975 -0.88334162 -95.144339 0.032830018 0.99823964 -0.049394375 -9.5729563 0.88470107 -0.0060316695 0.46611984 107.51847
0.4737533 -0.058323435 -0.87872414 -96.088531 0.031634787 0.99828765 -0.049203702 -9.6451001 0.88008927 -0.004487836 0.47478712 108.03063
0.48258521 -0.059339278 -0.87383654 -97.039688 0.033459702 0.99822303 -0.04930748 -9.7220239 0.87520971 -0.0054432508 0.48371314 108.55003
0.49219544 -0.058707494 -0.86850274 -98.026108 0.03033266 0.99827396 -0.050289497 -9.7934603 0.86995611 -0.0015917373 0.49312665 109.08735
0.50211195 -0.060957291 -0.86265157 -98.979753 0.0305567 0.99814037 -0.05274557 -9.8735562 0.86426266 0.00012439566 0.50304086 109.59492
0.51456705 -0.059449338 -0.85538674 -99.895869 0.024762237 0.99820781 -0.054479407 -9.9464574 0.85709255 0.0068520177 0.51511694 110.1716
0.52776594 -0.057788927 -0.84742168 -100.80949 0.022592989 0.99828497 -0.05400618 -10.024229 0.84908936 0.0093568328 0.52816643 110.74399
0.54049004 -0.055996651 -0.83948486 -101.74076 0.022190366 0.99838438 -0.052308878 -10.102912 0.84105776 0.0096439512 0.5408594 111.33843
0.55190794 -0.053568039 -0.83218269 -102.65725 0.020841197 0.99850898 -0.050452559 -10.171367 0.83364461 0.010501484 0.55220145 111.92381
0.5636123 -0.052261139 -0.82438456 -103.52001 0.019732331 0.99856364 -0.049812541 -10.246535 0.82580377 0.011807931 0.56383398 112.52503
0.57470423 -0.053897256 -0.8165844 -104.41436 0.022150762 0.99848778 -0.050313986 -10.32285 0.8180614 0.010827694 0.57502902 113.1389
0.58447727 -0.054258418 -0.8095939 -105.24532 0.021496854 0.99844697 -0.051395806 -10.397352 0.8111253 0.012635959 0.58473595 113.75509
0.59468997 -0.05662508 -0.80195847 -106.09704 0.024346585 0.99832744 -0.052436259 -10.468749 0.80358642 0.011658367 0.59507395 114.35893
0.60647082 -0.054295706 -0.79324969 -106.91702 0.021804612 0.9984262 -0.05166897 -10.545697 0.79480674 0.01403922 0.60670025 115.00309
0.61625204 -0.053250903 -0.7857466 -107.75142 0.022348826 0.99849207 -0.050140969 -10.621522 0.78723186 0.01333896 0.61651287 115.65215
0.62614109 -0.051407811 -0.77801319 -108.53438 0.023354518 0.99861294 -0.047188509 -10.687146 0.77935997 0.011376541 0.6264732 116.28637
0.63715652 -0.050291717 -0.76909184 -109.33996 0.022878421 0.99866324 -0.046349932 -10.759297 0.77039483 0.011936554 0.63745539 116.94664
0.64678883 -0.049541724 -0.76105833 -110.09469 0.021251184 0.99867121 -0.046948918 -10.826643 0.76237304 0.014192644 0.6469822 117.57128
0.65616014 -0.048441124 -0.75306526 -110.85195 0.018737735 0.99867572 -0.047913537 -10.891179 0.75438904 0.017328215 0.65619888 118.20004
0.66492116 -0.047382926 -0.74540906 -111.58354 0.017435326 0.99869847 -0.047930916 -10.957215 0.74671006 0.01887383 0.66488188 118.86934
0.67412419 -0.046002132 -0.73718406 -112.31675 0.018116335 0.99878816 -0.045760248 -11.022912 0.73839584 0.017493016 0.67414065 119.52949
0.68315039 -0.045380734 -0.7288663 -113.0247 0.019256008 0.99883969 -0.044141607 -11.08895 0.73002383 0.016120301 0.68323158 120.19146
0.69181423 -0.04440501 -0.72070883 -113.75321 0.019289406 0.99888762 -0.043028375 -11.153006 0.72181787 0.015865597 0.69190122 120.84469
0.69973449 -0.04363757 -0.71306898 -114.43537 0.018656736 0.9989085 -0.042822195 -11.214414 0.71415938 0.016660626 0.69978486 121.50302
0.70725853 -0.041682385 -0.70572509 -115.09817 0.016924499 0.99897252 -0.042041245 -11.273952 0.70675241 0.017789985 0.70723729 122.1557
0.71395535 -0.039274658 -0.69908885 -115.7591 0.016217626 0.99908535 -0.039565893 -11.328352 0.70000342 0.016910719 0.71393927 122.8418
0.72110118 -0.036921062 -0.69184528 -116.40474 0.015504652 0.99918895 -0.037162492 -11.384693 0.69265629 0.016071097 0.72108878 123.50867
0.72876509 -0.036118665 -0.68381053 -117.02976 0.015592884 0.99922433 -0.036160747 -11.441898 0.68458626 0.015690112 0.72876301 124.1723
0.7360269 -0.033441414 -0.67612576 -117.65976 0.012792182 0.99928781 -0.03549962 -11.495996 0.67683144 0.017479551 0.7359305 124.84823
0.74353207 -0.032012395 -0.66793355 -118.25256 0.012308682 0.99933941 -0.034194044 -11.543103 0.66858702 0.017202987 0.74343493 125.50739
0.75227338 -0.029221284 -0.65820274 -118.83796 0.011250016 0.99944003 -0.031512833 -11.593193 0.65875507 0.016301474 0.75218087 126.17415
0.76203392 -0.024856282 -0.64705984 -119.42833 0.0083477939 0.99955705 -0.02856609 -11.633024 0.64748333 0.016366807 0.76190387 126.83065
0.77086711 -0.02298494 -0.63658114 -119.97028 0.0073527423 0.99960328 -0.027188732 -11.681901 0.63695358 0.016278282 0.77073029 127.52012
0.78148545 -0.022425568 -0.62352029 -120.52953 0.006087913 0.99958035 -0.028320716 -11.719717 0.62389379 0.01833629 0.78129402 128.18209
0.79085107 -0.023443061 -0.61155946 -121.03292 0.0063759007 0.99952746 -0.030070004 -11.769173 0.61197546 0.019881652 0.79062683 128.84315
0.80052223 -0.02221471 -0.59889117 -121.53543 0.005813951 0.9995536 -0.029305151 -11.810506 0.59927488 0.019977501 0.80029404 129.5239
0.81030103 -0.021380707 -0.58562366 -122.03275 0.0059494284 0.99958284 -0.02826211 -11.845121 0.58598367 0.019416691 0.81009021 130.21498
0.82025719 -0.019372543 -0.5716667 -122.53357 0.0057029343 0.99965361 -0.025693222 -11.880538 0.57196647 0.017814873 0.82008354 130.90704
0.82964156 -0.017976998 -0.55800688 -123.00697 0.0060105655 0.99971113 -0.023270664 -11.918209 0.55826408 0.015952373 0.82950996 131.59318
0.8380534 -0.016443299 -0.54534035 -123.45051 0.0062749471 0.99977011 -0.020502387 -11.953879 0.54555215 0.013760113 0.83796392 132.31451
0.84625325 -0.015949028 -0.53254206 -123.92213 0.0071797272 0.99980246 -0.018533766 -11.985407 0.5327325 0.011860753 0.84620058 133.03074
0.85290039 -0.01607738 -0.52182604 -124.34917 0.0084120497 0.99981916 -0.017055172 -12.015064 0.52200592 0.010156736 0.8528814 133.75327
0.859236 -0.016046803 -0.51132766 -124.7663 0.0087688962 0.99982306 -0.0166418 -12.049351 0.51150428 0.0098154543 0.85922468 134.46261
0.86595089 -0.015136518 -0.4998999 -125.19998 0.0080924485 0.99983511 -0.016255973 -12.071575 0.50006358 0.01003146 0.8659306 135.2124
0.87214124 -0.013472039 -0.48906865 -125.62615 0.0065722965 0.99985322 -0.015822095 -12.104796 0.48921007 0.010584797 0.87210177 135.93957
0.87843822 -0.012442105 -0.47769391 -126.03249 0.0059450293 0.99986816 -0.015110355 -12.123441 0.47781897 0.010433608 0.87839637 136.69802
0.88380861 -0.013023505 -0.46766731 -126.41764 0.0067126295 0.99986257 -0.015158288 -12.157752 0.4678005 0.010257748 0.88377457 137.4317
0.8888775 -0.014090446 -0.45792819 -126.82915 0.0075785273 0.9998424 -0.016054576 -12.183291 0.45808227 0.01080013 0.8888442 138.2098
0.89350424 -0.014710738 -0.44881372 -127.21533 0.0081295769 0.99982938 -0.016586876 -12.21579 0.44898118 0.011171778 0.89347138 138.98573
0.89675546 -0.014088347 -0.44230211 -127.59917 0.007880169 0.999843 -0.01587049 -12.239496 0.44245629 0.010746533 0.89672569 139.77693
0.8995033 -0.012360133 -0.43673908 -127.97987 0.0075089098 0.99988946 -0.012832554 -12.265603 0.43684945 0.00826349 0.89949669 140.55033
0.90271534 -0.0083271424 -0.43015772 -128.369 0.0050995924 0.99994954 -0.0086555281 -12.285486 0.43020812 0.0056198487 0.90271225 141.35611
0.9058073 -0.0057516808 -0.42365083 -128.75794 0.003414801 0.99997448 -0.0062749377 -12.305392 0.42367615 0.0042372008 0.90580383 142.16794
0.90886642 -0.0032838718 -0.41707437 -129.14759 0.0018747811 0.99999107 -0.0037880942 -12.324853 0.41708312 0.0026609482 0.90886446 143.02069
0.91186498 -0.0013948069 -0.41048788 -129.52707 0.0007607233 0.99999825 -0.0017080349 -12.328836 0.41048958 0.0012452292 0.91186445 143.8412
0.91521067 -0.00023950263 -0.40297562 -129.9311 0.00064147123 0.99999942 0.00086253032 -12.350324 0.40297521 -0.0010478946 0.9152103 144.72659
0.91853071 0.00014845381 -0.39534959 -130.29832 0.0012417724 0.99999391 0.0032605542 -12.361209 0.3953477 -0.0034858537 0.91852494 145.59144
0.92178792 -4.3028181e-05 -0.38769448 -130.66415 0.0018594537 0.99998898 0.0043100795 -12.376162 0.38769006 -0.0046938795 0.92177785 146.468
0.9252602 -0.0011822219 -0.37933118 -131.04924 0.0028891437 0.9999881 0.0039306062 -12.36438 0.37932206 -0.0047327762 0.92525261 147.38211
0.92914884 -0.0035549974 -0.36968877 -131.40713 0.0053862277 0.99997781 0.0039213749 -12.3926 0.36966666 -0.0056347692 0.92914736 148.29963
0.93302706 -0.0050788717 -0.35977035 -131.78076 0.0064202944 0.99997618 0.0025337194 -12.3956 0.35974894 -0.0046738607 0.93303744 149.22288
0.93723704 -0.0061467632 -0.34863869 -132.13961 0.0068034097 0.99997664 0.00065909927 -12.417143 0.34862652 -0.0029896644 0.93725697 150.16995
0.94208945 -0.0045176919 -0.33533126 -132.4994 0.0046474102 0.99998911 -0.00041560972 -12.424384 0.33532951 -0.0011668807 0.94210019 151.11266
0.9477097 -0.0010085474 -0.3191321 -132.84159 0.0013228524 0.99999883 0.00076812591 -12.44064 0.31913098 -0.0011501253 0.94770992 152.10564
0.95379136 0.0025023181 -0.30045928 -133.1528 -0.0015196523 0.99999271 0.0035041975 -12.442255 0.30046589 -0.00288568 0.9537882 153.10608
0.95973103 0.0055102354 -0.28086647 -133.46736 -0.0041992116 0.9999773 0.0052693966 -12.452726 0.28088916 -0.003877786 0.95973239 154.1143
0.96566272 0.0072899004 -0.25969668 -133.76696 -0.0058511111 0.99996296 0.0063128678 -12.471155 0.2597331 -0.0045765873 0.9656696 155.17472
0.97112481 0.0085207229 -0.23841977 -134.02362 -0.0069479021 0.99994821 0.0074364718 -12.467198 0.23847081 -0.0055652253 0.97113372 156.21339
0.97630221 0.0093010061 -0.21621165 -134.26139 -0.0072757369 0.9999219 0.010161164 -12.484178 0.21628929 -0.0083472682 0.97629364 157.2847
0.98093283 0.011455908 -0.19400912 -134.47994 -0.0089395676 0.99986425 0.01384078 -12.475967 0.19414136 -0.011842518 0.98090208 158.36105
0.98504351 0.013362701 -0.17178683 -134.69605 -0.01044887 0.99978599 0.017854979 -12.489875 0.17198867 -0.015792953 0.98497233 159.47414
0.98874723 0.014997739 -0.14884213 -134.86812 -0.012001405 0.99970726 0.02100879 -12.476068 0.14911365 -0.018986069 0.98863777 160.59114
0.9918414 0.016501953 -0.12640536 -135.02656 -0.013937693 0.99967929 0.021143732 -12.467668 0.12671374 -0.01920943 0.99175331 161.73579
0.99430718 0.016283323 -0.10529994 -135.16254 -0.014321965 0.99971007 0.019355854 -12.46094 0.1055846 -0.017737563 0.99425212 162.87707
0.99637103 0.016327492 -0.083535481 -135.26563 -0.014848537 0.99972236 0.018295307 -12.45302 0.083811012 -0.016988535 0.99633684 164.03581
0.99787379 0.015011787 -0.063423514 -135.33707 -0.013769638 0.99970562 0.019976937 -12.44881 0.063704738 -0.019061144 0.99778674 165.22222
0.99895999 0.015340469 -0.04293721 -135.41694 -0.014409514 0.99965614 0.021907974 -12.442162 0.043258528 -0.021266486 0.99883754 166.40706
0.99963435 0.015691572 -0.022021486 -135.44022 -0.015189529 0.99962504 0.022782927 -12.431916 0.02237073 -0.022440101 0.99949787 167.61795
0.99985355 0.016996003 -0.0020032167 -135.47534 -0.016944921 0.9995865 0.023231246 -12.426086 0.002397227 -0.0231939 0.99972811 168.82738
0.99970256 0.017119914 0.017369444 -135.44837 -0.017532048 0.99956158 0.023859355 -12.405031 -0.01695336 -0.02415678 0.99956442 170.03355
0.99909163 0.019238661 0.038023512 -135.42332 -0.020134764 0.99952512 0.02332631 -12.396461 -0.037556691 -0.024070716 0.99900455 171.28156
0.99805937 0.020748879 0.058711014 -135.345 -0.022073227 0.99951429 0.02199909 -12.389767 -0.058226046 -0.02325234 0.99803259 172.57089
0.99670095 0.020628866 0.078496301 -135.28764 -0.022268572 0.99955053 0.020071164 -12.38016 -0.07804698 -0.021752949 0.99671233 173.84985
0.99497275 0.022647253 0.097551699 -135.17714 -0.02447634 0.99954558 0.017594037 -12.374684 -0.097108921 -0.019893296 0.99507493 175.10411
0.99283681 0.023086504 0.11722664 -135.02176 -0.025074641 0.99956521 0.01551319 -12.363141 -0.11681754 -0.018341482 0.99298401 176.37168
0.99034861 0.022750075 0.13671895 -134.86834 -0.024715759 0.99961388 0.012697031 -12.368267 -0.13637732 -0.0159536 0.9905285 177.67606
0.9876855 0.024044106 0.15459375 -134.66765 -0.025498302 0.99964725 0.0074302948 -12.367272 -0.15436057 -0.011280673 0.98795018 178.95188
0.98476545 0.025741131 0.17197207 -134.45846 -0.026279642 0.99965426 0.00085508515 -12.390884 -0.17189062 -0.0053614228 0.98510145 180.26775
0.98135727 0.028318159 0.19009469 -134.2248 -0.027985652 0.99959849 -0.0044339366 -12.397235 -0.19014395 -0.00096864796 0.98175575 181.55468
0.97797599 0.030300553 0.20650625 -133.95973 -0.029224446 0.99953874 -0.0082601457 -12.434273 -0.2066613 0.0020431938 0.97841041 182.88611
0.97381931 0.032590256 0.22497516 -133.66369 -0.030871324 0.99946112 -0.011155029 -12.460447 -0.22521749 0.0039177016 0.97430064 184.20571
0.96969106 0.032021111 0.24222696 -133.35461 -0.030226566 0.99948119 -0.011122085 -12.487586 -0.24245745 0.0034632977 0.97015586 185.51752
0.96555944 0.031009608 0.25832802 -133.02889 -0.028987188 0.99951207 -0.011634922 -12.52402 -0.25856279 0.0037460059 0.96598719 186.88359
0.96059746 0.030674698 0.2762455 -132.63834 -0.027149462 0.99949392 -0.016577542 -12.57625 -0.27661423 0.0084244287 0.96094412 188.2331
0.95592737 0.03199033 0.29185524 -132.25149 -0.027188185 0.99942019 -0.02049596 -12.620184 -0.29234171 0.011657635 0.95624287 189.55289
0.95036283 0.034514376 0.30922361 -131.81945 -0.029352393 0.99934148 -0.021331572 -12.659303 -0.30975625 0.011196281 0.95075008 190.90526
0.94459561 0.035956665 0.32626099 -131.39337 -0.03059066 0.99929935 -0.021564548 -12.708807 -0.32680781 0.010389239 0.94503372 192.23575
0.93821813 0.040042014 0.3437199 -130.93137 -0.033507168 0.99912742 -0.024933219 -12.75183 -0.34441839 0.011875718 0.93874115 193.57197
0.93147647 0.041085072 0.3614742 -130.41482 -0.033036642 0.99904998 -0.028420253 -12.820743 -0.36229847 0.014530904 0.93194886 194.89926
0.92487058 0.041991735 0.37795646 -129.89047 -0.032585071 0.99898024 -0.031252123 -12.874738 -0.3788834 0.016588432 0.92529574 196.23796
0.91789544 0.041969966 0.39459659 -129.34331 -0.030233764 0.99889738 -0.035915811 -12.946058 -0.39566891 0.02103682 0.91815226 197.57063
0.90905699 0.045397295 0.41419134 -128.75525 -0.030859131 0.99865233 -0.041728075 -13.028045 -0.41552753 0.025151614 0.9092328 198.88692
0.89913597 0.049238415 0.43489088 -128.17279 -0.032533728 0.99842172 -0.045778056 -13.11268 -0.43645857 0.027012076 0.89931878 200.22415
0.8872105 0.051955204 0.4584301 -127.50659 -0.034024665 0.99830147 -0.047291653 -13.194137 -0.46010853 0.026359721 0.88747131 201.56314
0.87430111 0.056202488 0.4821191 -126.8288 -0.036825147 0.99809151 -0.049570658 -13.288045 -0.48398502 0.025585575 0.87470218 202.86787
0.85992117 0.060558312 0.50682172 -126.10564 -0.039222595 0.99784089 -0.052679711 -13.383347 -0.50891767 0.025421536 0.86043975 204.16375
0.84509606 0.064374851 0.53072451 -125.34313 -0.040908646 0.99759994 -0.055864414 -13.489844 -0.53304705 0.025499576 0.84570127 205.42904
0.82980904 0.065971482 0.55413418 -124.54964 -0.04041109 0.99748444 -0.058238676 -13.592894 -0.55658236 0.025933815 0.83038758 206.67787
0.8138455 0.066823208 0.57722625 -123.70189 -0.039108539 0.99741228 -0.060326399 -13.702868 -0.5797638 0.026521894 0.81435284 207.91417
0.79784732 0.069123775 0.59888357 -122.84594 -0.037506361 0.99717183 -0.065127738 -13.820735 -0.60169174 0.029500049 0.79818345 209.14342
0.78142014 0.07190462 0.61984858 -121.92672 -0.036113869 0.996885 -0.070114759 -13.953131 -0.62295938 0.032403955 0.78158277 210.32002
0.76514603 0.073435848 0.63965514 -120.9915 -0.034127978 0.99670347 -0.073603534 -14.077325 -0.64295169 0.034487316 0.76512991 211.49439
0.74964296 0.075120667 0.65756543 -119.99897 -0.032444863 0.9965143 -0.076854339 -14.215673 -0.66104675 0.036278695 0.7494672 212.65745
0.73359782 0.076026165 0.67531787 -119.00015 -0.030912403 0.99642717 -0.078595973 -14.355761 -0.67888048 0.036782137 0.73332694 213.76887
0.71754866 0.076236523 0.69232354 -117.96473 -0.028741493 0.99638601 -0.07993024 -14.496246 -0.69591515 0.037455425 0.71714659 214.8951
0.70318449 0.076974253 0.70682848 -116.88108 -0.026027846 0.996243 -0.08259809 -14.6446 -0.71053091 0.039684474 0.70254609 215.9768
0.68753031 0.078269332 0.72192516 -115.81751 -0.023053446 0.99602566 -0.086031522 -14.795672 -0.72578968 0.042506418 0.68660221 217.05421
0.67325209 0.080316281 0.73503801 -114.70512 -0.020611149 0.99573537 -0.089923597 -14.952763 -0.73912574 0.045391272 0.67203632 218.09209
0.6575916 0.08336619 0.74874783 -113.57626 -0.020245083 0.99545518 -0.093054438 -15.11467 -0.75310256 0.046033357 0.65629072 219.11763
0.64205931 0.083644538 0.76207833 -112.40499 -0.018568801 0.99543548 -0.093613039 -15.283357 -0.76643009 0.045954244 0.6406818 220.10577
0.62544781 0.084903699 0.77563287 -111.24249 -0.018958698 0.99542231 -0.093674936 -15.452171 -0.78003568 0.043883796 0.62419436 221.09007
0.60851498 0.085751375 0.78889554 -110.0687 -0.020981444 0.99553529 -0.092028655 -15.616499 -0.793265 0.039448649 0.60759732 222.05428
0.58918807 0.086855107 0.80331411 -108.8424 -0.023188746 0.9956138 -0.090639028 -15.786319 -0.80766314 0.034775589 0.58861784 222.98918
0.57166063 0.088068246 0.81574999 -107.64528 -0.024895566 0.99562681 -0.090041424 -15.946552 -0.82011242 0.031164581 0.57135316 223.86689
0.5534986 0.091378965 0.82782192 -106.42926 -0.026647399 0.99539687 -0.092059699 -16.124413 -0.83242374 0.028895615 0.55338578 224.70987
0.53589146 0.09482822 0.83894451 -105.20242 -0.028827077 0.9951481 -0.09407051 -16.290575 -0.84379465 0.026227266 0.53602499 225.53996
0.51629059 0.095192873 0.8511065 -103.96951 -0.029282839 0.99518441 -0.093544119 -16.465616 -0.85591273 0.023373135 0.51659186 226.30011
0.49509205 0.093917142 0.8637496 -102.70399 -0.029156556 0.99537658 -0.091516968 -16.630836 -0.86835121 0.020125361 0.49554133 227.06522
0.47428436 0.091924925 0.8755593 -101.46507 -0.02927235 0.99563043 -0.088674557 -16.789773 -0.87988496 0.016427278 0.4749028 227.76103
0.4520015 0.09053208 0.88741113 -100.19431 -0.029413544 0.99580809 -0.086608797 -16.94835 -0.89153214 0.013045401 0.45276962 228.43885
0.43003216 0.089477234 0.89836858 -98.930032 -0.027902646 0.99591842 -0.085836695 -17.10603 -0.90238232 0.01184568 0.4307736 229.06385
