1.000000000000000000e+00 4.398956837314658088e-19 2.733407509747682871e-20 -8.673617379884035472e-19 -5.583667658079949532e-19 1.000000000000000000e+00 -6.100159232558060012e-19 0.000000000000000000e+00 4.145284534913582806e-20 -2.210423569125054137e-19 1.000000000000000222e+00 0.000000000000000000e+00
9.998973858021455996e-01 1.882154374855640646e-04 1.432419132781225825e-02 -8.278215179711789773e-02 -1.829074977688034730e-04 9.999999141300556227e-01 -3.718671058476069472e-04 -7.413110713002768470e-03 -1.432426033730895346e-02 3.692089615347690082e-04 9.998973343468340325e-01 1.482375256726381485e-02
9.995290166542739607e-01 1.601464647174665129e-03 3.064604706784371246e-02 -9.090404509202312799e-02 -1.589713352109309134e-03 9.999986532502742609e-01 -4.078138586170081473e-04 -1.550016392808935273e-02 -3.064665942590812445e-02 3.589033854471435385e-04 9.995302163654604666e-01 3.323565243840614913e-02
9.979494864899232098e-01 5.043207430709508929e-03 6.380743281661550859e-02 1.697704111219885265e-03 -5.109409398736214705e-03 9.999865646008063713e-01 8.743928996104427661e-04 6.822727279900325792e-03 -6.380216689766421423e-02 -1.198618197411230627e-03 9.979618463622608182e-01 4.136892534180263703e-01
9.953904198309996287e-01 4.042571959425189480e-03 9.582050765843581897e-02 2.387916301809037828e-02 -4.344400775900062947e-03 9.999862367112778427e-01 2.941526370891236423e-03 1.371189599787611679e-02 -9.580729917735364420e-02 -3.344249801530837889e-03 9.953942824041279724e-01 5.475640128537928586e-01
9.908937043237264763e-01 1.663490389833536436e-03 1.346361741943372936e-01 1.620754259864574665e-01 -2.282935847909036212e-03 9.999875077705474569e-01 4.446629048935779593e-03 1.149543339419972776e-02 -1.346270976906080441e-01 -4.713502397515955539e-03 9.908851233059541297e-01 8.121722059592759724e-01
9.850768927744920633e-01 -2.481760772673182770e-03 1.720969375527310052e-01 1.500683596232638972e-01 1.561168566819436153e-03 9.999837418916134313e-01 5.484405242660203919e-03 -1.544942556915687715e-02 -1.721077535389847479e-01 -5.133888430434172326e-03 9.850647514939441241e-01 8.927529421702110612e-01
9.763958831752059808e-01 -2.618173522905076992e-03 2.159727389722986279e-01 2.656860388278129426e-01 1.287843003937312819e-03 9.999793241571508506e-01 6.300215437282324568e-03 -7.672800549845759654e-03 -2.159847723453338086e-01 -5.873365284974763588e-03 9.763790668618049784e-01 1.160591525865894758e+00
9.647285508105026830e-01 -2.577262841420677360e-03 2.632340785856474574e-01 3.596762638296093217e-01 -8.715489385107501780e-07 9.999520426353311064e-01 9.793488945662837467e-03 7.328374763395220648e-03 -2.632466995174790880e-01 -9.448287657060454314e-03 9.646822823577321238e-01 1.329837061460236169e+00
9.504044116024428224e-01 -6.152651816752725648e-03 3.109559422714522348e-01 5.281827095422817475e-01 1.120470376991321119e-03 9.998655549823222133e-01 1.635898829660711526e-02 2.097042534622824833e-02 -3.110147923244577783e-01 -1.519923756697659153e-02 9.502835278952305176e-01 1.612529669879927408e+00
9.334142957065076907e-01 -1.574145675556268970e-02 3.584549586508272712e-01 6.309242093260188922e-01 7.459423536789608171e-03 9.996725857798014481e-01 2.447607438048985187e-02 -9.367485497866617772e-04 -3.587228906584089549e-01 -2.017245020953821813e-02 9.332261042869164358e-01 1.807714154000562123e+00
9.123640399262737954e-01 -2.136574692938874101e-02 4.088219186536091732e-01 8.183010555994074675e-01 1.016967080634235097e-02 9.995118440111706581e-01 2.954067442187799375e-02 -8.056906906102737076e-03 -4.092535154236636719e-01 -2.279426453321148002e-02 9.121359460000925123e-01 2.035402079809464304e+00
8.875274940445821992e-01 -2.332503539855203603e-02 4.601639783618695634e-01 9.998617706121066817e-01 9.010003068527073708e-03 9.994054333775428400e-01 3.328061819423037276e-02 -5.260176718171055699e-03 -4.606666597691291831e-01 -2.539138458807140702e-02 8.872099578202400361e-01 2.282112401228763687e+00
8.591190920004576626e-01 -2.521351967464460428e-02 5.111542431754075855e-01 1.160994566755393365e+00 6.992765348217418186e-03 9.992707481877348696e-01 3.753762134314177906e-02 2.661061364842071120e-02 -5.117279474050734356e-01 -2.867490524248280867e-02 8.586688893611059692e-01 2.513719856304541977e+00
8.268655880869270058e-01 -3.060708333093057135e-02 5.615661144711014963e-01 1.402822188229577272e+00 8.159948260916151733e-03 9.990658120226901806e-01 4.243722955483891779e-02 2.419959568148177809e-02 -5.623403956879731158e-01 -3.050753405389911022e-02 8.263428916306110317e-01 2.745382127810489958e+00
7.910884899237898837e-01 -3.630173450102300997e-02 6.106235988329555830e-01 1.620191254399618863e+00 1.032466833263736769e-02 9.988877094724345485e-01 4.600809757051597254e-02 2.530585106265891004e-02 -6.116145922924467460e-01 -3.009198996056786438e-02 7.905833722084208981e-01 2.947859917474717317e+00
7.536347925322290919e-01 -4.078348605412825817e-02 6.560269049677894815e-01 1.878586470974439981e+00 1.135136276851101723e-02 9.987319026831679158e-01 4.904827290117819844e-02 3.188287096251592873e-02 -6.571953699147955463e-01 -2.951768519650333628e-02 7.531420575053046074e-01 3.134712601099853835e+00
7.137218815493119317e-01 -4.408437596146400073e-02 6.990405109021103902e-01 2.207213983080285935e+00 1.250406215994165522e-02 9.986602561853034077e-01 5.021295739870547392e-02 4.163997695590688358e-02 -7.003175946933432039e-01 -2.709723997223061412e-02 7.133169098759771787e-01 3.381597171492255693e+00
6.722994188416006045e-01 -4.601111231712441685e-02 7.388480630421817574e-01 2.481603055041715411e+00 1.174300423672411560e-02 9.986038548219142719e-01 5.150187308612484000e-02 4.903973974955905257e-02 -7.401861951400298123e-01 -2.594838289741319484e-02 6.719010989062819128e-01 3.564120119657480767e+00
6.295404581752702677e-01 -4.639158444730046016e-02 7.755814739454193196e-01 2.819904538421543538e+00 7.524449267830125160e-03 9.985330695730749717e-01 5.361988047003613672e-02 8.256369868854165905e-02 -7.769312745218849292e-01 -2.792006013094215297e-02 6.289660361643089059e-01 3.808695309641164872e+00
5.876229749221201226e-01 -4.717533921979578937e-02 8.077584515951801158e-01 3.159092406760089400e+00 4.505775902253500269e-03 9.984742132966472061e-01 5.503583666981651940e-02 1.039079871143357009e-01 -8.091223327376926289e-01 -2.870074294393472336e-02 5.869389479805598997e-01 4.007583491085454419e+00
5.477140101205356659e-01 -4.814871058019998262e-02 8.352790272642852676e-01 3.545533049230281897e+00 2.451738367890953559e-03 9.984308003052735359e-01 5.594574099909652848e-02 1.232887410211347262e-01 -8.366620374217865752e-01 -2.859437992012778262e-02 5.469725843390984554e-01 4.225707882898442236e+00
5.091436967542321002e-01 -5.080724557302949973e-02 8.591806025053079221e-01 3.984738782893686881e+00 1.520468755062909846e-03 9.983076635408046906e-01 5.813344170549625961e-02 1.302913112026264086e-01 -8.606801947722072521e-01 -2.829191753038516610e-02 5.083593039441692829e-01 4.431566016509283834e+00
4.717843178555035655e-01 -5.078873827662495205e-02 8.802499921553962325e-01 4.370873833599007163e+00 -1.496182622795848511e-03 9.982920579098372160e-01 5.840144271116493729e-02 1.575311549982194304e-01 -8.817127269736068085e-01 -2.886989891163661490e-02 4.709025471059428147e-01 4.635405838054449390e+00
4.353287562442509917e-01 -5.008289644242173988e-02 8.988773910048069027e-01 4.820807424819928855e+00 -2.644762108364940439e-03 9.983759498258043541e-01 5.690753909479389500e-02 1.841813974234584594e-01 -9.002676789724450845e-01 -2.715080440093467495e-02 4.344893019006331736e-01 4.805525447601821654e+00
4.025253430394661325e-01 -4.881973106950929925e-02 9.141061033294748395e-01 5.348835597555907206e+00 -1.306618976233438548e-03 9.985452273879563689e-01 5.390474535588501287e-02 2.004012501940659607e-01 -9.154079178071137246e-01 -2.289241376310706053e-02 4.018759701312225596e-01 4.994302914674931593e+00
3.723760119959718673e-01 -4.709515079108696212e-02 9.268862595241640356e-01 5.858642304080396990e+00 6.398382370533612024e-04 9.987244526326847227e-01 5.048819946683468646e-02 2.222807821063812195e-01 -9.280817376161406562e-01 -1.820753630970516762e-02 3.719311607372438044e-01 5.177566358528799206e+00
3.462813498257505951e-01 -4.517451668859746861e-02 9.370424083671005100e-01 6.393197813768052740e+00 1.155480324408540574e-03 9.988597153758467240e-01 4.772770507249884248e-02 2.480759067951958663e-01 -9.381300055554336881e-01 -1.544447924412473833e-02 3.459386874821128721e-01 5.352084868244419091e+00
3.262337393994598211e-01 -4.461268637899307166e-02 9.442357970899277753e-01 6.971105599381299811e+00 2.417107807289805253e-03 9.989218102825453416e-01 4.636134702451961964e-02 2.693298661540960426e-01 -9.452860523531448900e-01 -1.284231502762784444e-02 3.259898298882117351e-01 5.522931607153260813e+00
3.108338898984385201e-01 -4.525780867294973420e-02 9.493861219077571745e-01 7.541579352272560932e+00 3.784164375112345716e-03 9.989167007597988812e-01 4.638000654365129899e-02 3.010202542035523288e-01 -9.504567265524178632e-01 -1.082384382262037426e-02 3.106684254410097545e-01 5.718322968715410681e+00
2.986175261912750734e-01 -4.670277603737259253e-02 9.532294626404819171e-01 8.159885556434748111e+00 4.292353984003632536e-03 9.988575585085136543e-01 4.759362845348456827e-02 3.195855852248710161e-01 -9.543632248369214865e-01 -1.012069241313536504e-02 2.984768366527204009e-01 5.931384638948467902e+00
2.878708295002702644e-01 -4.858830871531630291e-02 9.564358558434448154e-01 8.791842509592502353e+00 3.019319286427638027e-03 9.987531836879796066e-01 4.982932616024656619e-02 3.498531920901526981e-01 -9.576644952706360181e-01 -1.145662333970686071e-02 2.876586097343632464e-01 6.074118855792269400e+00
2.781675090411009910e-01 -5.014371409165626486e-02 9.592228256821098142e-01 9.478972676607014591e+00 1.460345393260350112e-03 9.986573611846167875e-01 5.178167924092487440e-02 3.819483621697580822e-01 -9.605314782223344228e-01 -1.300318321356368385e-02 2.778672563470266921e-01 6.281162032739948664e+00
2.673990320020041001e-01 -5.202436336658060323e-02 9.621804444314441263e-01 1.016496569937616279e+01 9.906143058507842734e-04 9.985557702287638504e-01 5.371584856058532476e-02 4.087820024444253075e-01 -9.635853842844742667e-01 -1.341041531341924907e-02 2.670643810926842110e-01 6.471740518722922886e+00
2.573146971943665040e-01 -5.395509038397885981e-02 9.648201796568025568e-01 1.086659671882369871e+01 3.203985558616322268e-04 9.984447075723753562e-01 5.575000649896647703e-02 4.411054021443369111e-01 -9.663276154960480646e-01 -1.403616816765732543e-02 2.569317833787381766e-01 6.667956077465160725e+00
2.469948172706742939e-01 -5.572753895483081865e-02 9.674130378415316533e-01 1.159742743539167265e+01 -5.640233705165017880e-04 9.983365300044991786e-01 5.765288106029301668e-02 4.659707229641947279e-01 -9.690166452200993374e-01 -1.478560550599472730e-02 2.465525158167130859e-01 6.833435726151156686e+00
2.356419392994254514e-01 -5.656958977627122437e-02 9.701921160208214490e-01 1.238715819452530731e+01 -1.442422829631255900e-03 9.982829753423650976e-01 5.855783907148773282e-02 4.984102716858515580e-01 -9.718388819831658143e-01 -1.519810913775575083e-02 2.351557376556897005e-01 7.042992253207832398e+00
2.266695528963758866e-01 -5.973189503172114667e-02 9.721383638453403586e-01 1.313275026413168511e+01 -1.688245453946148143e-03 9.980920613334623992e-01 6.172023076292310756e-02 5.352161494324504387e-01 -9.739702666672985787e-01 -1.563130440441155497e-02 2.261362378333207912e-01 7.206084529175068809e+00
2.160007735406560547e-01 -6.309892557385539391e-02 9.743521823675980187e-01 1.390009249655014223e+01 -3.604654140642263131e-03 9.978513177131135281e-01 6.541983002186160800e-02 5.779982232395134423e-01 -9.763865469683474796e-01 -1.764293565036037167e-02 2.153092053402909656e-01 7.381027719662082376e+00
2.019918711073747097e-01 -6.701755020254698825e-02 9.770915595378998342e-01 1.469039124457202128e+01 -3.961031114139785571e-03 9.975919935642303393e-01 6.924250542485828330e-02 6.139463909085476345e-01 -9.793791967999444514e-01 -1.785671242673895695e-02 2.012400134156647202e-01 7.534851540037863948e+00
1.895059576462344297e-01 -6.930371587605786698e-02 9.794306869976262542e-01 1.547544995354638431e+01 -5.037102024515700133e-03 9.974241857132055689e-01 7.155152901559817813e-02 6.528625509830805473e-01 -9.818666592634693879e-01 -1.849293245125371160e-02 1.886687342379070875e-01 7.686427478004539182e+00
1.758551782816439868e-01 -7.006360390596466647e-02 9.819195645391081140e-01 1.629325167690882381e+01 -5.780186068442742450e-03 9.973733181882723509e-01 7.220147894896641882e-02 6.948451405787627877e-01 -9.843990871298602396e-01 -1.837268086238522460e-02 1.749882806450377415e-01 7.814154403304359064e+00
1.626099420507740589e-01 -6.928852327981496750e-02 9.842545863418443730e-01 1.709533426703710290e+01 -7.035038141235190612e-03 9.974245342062135755e-01 7.137791502099924412e-02 7.269067476645720838e-01 -9.866653597171954893e-01 -1.853102630170596135e-02 1.617036969288548898e-01 7.978162500407606217e+00
1.457865517824119828e-01 -6.808049252456033207e-02 9.869707752447717253e-01 1.789007116671321285e+01 -8.947817018466253103e-03 9.974978462675779811e-01 7.012833392084273643e-02 7.640383420108298740e-01 -9.892756112621743370e-01 -1.905500100632882485e-02 1.448125982498652264e-01 8.089659054967556884e+00
1.255949843925117104e-01 -6.692822640799941936e-02 9.898214463269524588e-01 1.870191618771130493e+01 -1.119189757146156657e-02 9.975627404898459449e-01 6.887176618674403783e-02 8.086837304828788930e-01 -9.920184769143809422e-01 -1.972792776525180911e-02 1.245398215855559737e-01 8.158950394028526176e+00
1.002459559000686978e-01 -6.564420453214150908e-02 9.927948276463618438e-01 1.952601537815598931e+01 -1.537200233945162919e-02 9.975998947837740882e-01 6.751408330306336858e-02 8.511950712479663395e-01 -9.948439411027799606e-01 -2.202925737197040934e-02 9.899627080657594225e-02 8.276630232045501856e+00
6.947584431102342417e-02 -6.504732507401744801e-02 9.954606649610260316e-01 2.035970592577566407e+01 -1.899341227570053303e-02 9.976047649904701276e-01 6.651302985153632885e-02 8.882772074265247175e-01 -9.974028146512677884e-01 -2.352824287040455875e-02 6.807396128404261115e-02 8.349378473071087825e+00
3.646355984251277438e-02 -6.497738547217866978e-02 9.972203021383027055e-01 2.118465288763670884e+01 -2.243174217412008051e-02 9.975792766913543774e-01 6.582099702053043067e-02 9.330993969798313525e-01 -9.990832012841934784e-01 -2.476945572846972476e-02 3.491773430305984000e-02 8.342273639461209811e+00
2.449826643350481829e-03 -6.449290253473637102e-02 9.979151500066276714e-01 2.201824701730389222e+01 -2.412335396475377008e-02 9.976239354075003840e-01 6.453330373377429152e-02 9.743788792496078655e-01 -9.997059965113612723e-01 -2.423115494485542434e-02 8.882191876626920144e-04 8.340602128321139119e+00
-3.227285075917428470e-02 -6.309759052265156987e-02 9.974854083534728799e-01 2.287621352791086693e+01 -2.517052470532343475e-02 9.977400656097258347e-01 6.229932715387142411e-02 9.929015041129780617e-01 -9.991621114926760860e-01 -2.309665336150706905e-02 -3.378811708792193308e-02 8.273636054621222868e+00
-6.494418130551632418e-02 -6.121441978087354546e-02 9.960095535850254089e-01 2.373021634406554270e+01 -2.753216765916375805e-02 9.978466354014339235e-01 5.953210874517350648e-02 1.026368427392053473e+00 -9.975090226216375422e-01 -2.355603709418771508e-02 -6.648969986417514744e-02 8.243885625849552312e+00
-9.778340266047097495e-02 -5.820508692154053448e-02 9.935041805486233280e-01 2.454814472085788069e+01 -2.895646482158256360e-02 9.980320118305813226e-01 5.562037867862303780e-02 1.068873116809998969e+00 -9.947863822577821535e-01 -2.332961810737599687e-02 -9.927638102051439262e-02 8.171114388419974617e+00
-1.285742650515699359e-01 -5.411613322396705006e-02 9.902222403628325731e-01 2.536177216511470078e+01 -2.635199577979919355e-02 9.983438498853948184e-01 5.113833916039714489e-02 1.089944736765319444e+00 -9.913497100115249427e-01 -1.951925703107075874e-02 -1.297873962660258673e-01 8.009849410309010764e+00
-1.606299612537887278e-01 -4.866109287527239230e-02 9.858144331032382413e-01 2.620164272134110206e+01 -2.243197151180899990e-02 9.987059544795735544e-01 4.564233951612681889e-02 1.109107181429070721e+00 -9.867597675493103848e-01 -1.478223311793056861e-02 -1.615136643997715782e-01 7.902754644435606046e+00
-1.928421937551130227e-01 -4.226519443663633718e-02 9.803190933163156151e-01 2.711042825942800505e+01 -1.638667035891378659e-02 9.990712884749904932e-01 3.985018931018182581e-02 1.127813111853002148e+00 -9.810929526575673520e-01 -8.379366914726366772e-03 -1.933556861682767247e-01 7.713780950364947486e+00
-2.224453036361609959e-01 -3.674443890544731167e-02 9.742524910628066470e-01 2.788744684964333942e+01 -1.073763467211414670e-02 9.993212537518896266e-01 3.523826049677876437e-02 1.143397987424483730e+00 -9.748860478286841547e-01 -2.622580739345812661e-03 -2.226888694467036300e-01 7.493294251284548402e+00
-2.496410515232885541e-01 -2.984886661358628415e-02 9.678782846936729856e-01 2.870223483053854352e+01 -2.594729720735566760e-03 9.995418333473193861e-01 3.015610645291238665e-02 1.162215887888231824e+00 -9.683349775103944346e-01 5.016820667835419738e-03 -2.496041254165330403e-01 7.254641735621272680e+00
-2.762079337622604380e-01 -1.972162811226822743e-02 9.608955293590526470e-01 2.954422801955423949e+01 4.020796187581893687e-03 9.997569842155985542e-01 2.167500159370208332e-02 1.162710813681677280e+00 -9.610894995487895276e-01 9.850373613448473384e-03 -2.760615155757231709e-01 7.042057881632465488e+00
-3.013391796829315017e-01 -5.197865846028857512e-03 9.535028394456617207e-01 3.027102173550925457e+01 8.578920732284681105e-03 9.999298879541755891e-01 8.162185829275712956e-03 1.157936684998659649e+00 -9.534784298761304067e-01 1.063961278035787869e-02 -3.012734614367272301e-01 6.774252650699197353e+00
-3.249894581213623734e-01 1.150145630044495382e-02 9.456476895234707802e-01 3.105196360821708268e+01 8.717471389784455654e-03 9.999199953314699130e-01 -9.165621332611218613e-03 1.124516484461367094e+00 -9.456774676650760991e-01 5.264927422698914908e-03 -3.250637223932346109e-01 6.458383362532606142e+00
-3.503218257724280416e-01 2.553297096636755054e-02 9.362812986213470134e-01 3.184989637826070918e+01 8.690858367721139219e-03 9.996739429922475439e-01 -2.400992851220025426e-02 1.086325699858063487e+00 -9.365890785661754592e-01 -2.741128462281207465e-04 -3.504295056380683504e-01 6.183871768909169120e+00
-3.746085693658769977e-01 3.664825755705532206e-02 9.264584770154741244e-01 3.261175575934764481e+01 1.240002166541737637e-02 9.993271863160871904e-01 -3.451686727233275326e-02 1.054165281451549863e+00 -9.271001421665804321e-01 -1.442208117402720303e-03 -3.748109680869528559e-01 5.872196466523599945e+00
-3.987527149071298238e-01 4.119760937115135579e-02 9.161326401234549666e-01 3.339354680300970557e+01 1.623019480483198565e-02 9.991509915762769589e-01 -3.786656539470568961e-02 1.006802940631808196e+00 -9.169148636387119966e-01 -2.303835746477052001e-04 -3.990828170098054128e-01 5.539174443296428940e+00
-4.207530416158634101e-01 4.061722832029254077e-02 9.062654710340356523e-01 3.410013473920452753e+01 1.836296560444526313e-02 9.991738172712630872e-01 -3.625581797693701314e-02 9.649425361329440065e-01 -9.069893566949965846e-01 1.386976955870953404e-03 -4.211512767635407495e-01 5.161232140782579414e+00
-4.415937230294523785e-01 3.756384747722810169e-02 8.964284280889118772e-01 3.486763253107543648e+01 2.276549500234418405e-02 9.992706215486664156e-01 -3.065871990123308563e-02 9.393095993551874301e-01 -8.969262675230516013e-01 6.868939653392102697e-03 -4.421267949287877586e-01 4.813271118587166164e+00
-4.597812201276045840e-01 3.646570977483550718e-02 8.872831946101412681e-01 3.558822070439339313e+01 2.960748982765867843e-02 9.992305340744389586e-01 -2.572423507220714112e-02 9.056102482129289033e-01 -8.875385282942974685e-01 1.444270905222419694e-02 -4.605070935271307619e-01 4.384430830549950642e+00
-4.739658309574582562e-01 3.716125575782067841e-02 8.797587272559047600e-01 3.628753516523246958e+01 3.292594916154956142e-02 9.991582934387276405e-01 -2.446602687119256436e-02 8.576297960205733206e-01 -8.799274320938280658e-01 1.737083147460216984e-02 -4.747904616655425070e-01 4.021604981994530981e+00
-4.850802052193822766e-01 4.019142301911543536e-02 8.735455513182108778e-01 3.698541450213075876e+01 3.565565474059848722e-02 9.990215570736596939e-01 -2.616491409218484054e-02 7.994287500992587336e-01 -8.737424571259955197e-01 1.845475778666129038e-02 -4.860386346581266892e-01 3.622328471521881976e+00
-4.953913446214562866e-01 4.295738023490323909e-02 8.676070916819489387e-01 3.769573146504506411e+01 3.742136820046303852e-02 9.989046635847083078e-01 -2.809117673055635395e-02 7.581001040330772600e-01 -8.678635084412793521e-01 1.855091971925779126e-02 -4.964562496080311971e-01 3.258518770853970903e+00
-5.053940221417808631e-01 4.215984164787476424e-02 8.618581186481539813e-01 3.837044252494484198e+01 3.169720688438495970e-02 9.990386485045830156e-01 -3.028309455816002860e-02 7.014250321314952075e-01 -8.623063154672695463e-01 1.201360116715241740e-02 -5.062445112808114933e-01 2.852217010865201186e+00
-5.162787202219382143e-01 4.097092296238025871e-02 8.554400348621014061e-01 3.907698873398162931e+01 2.954712074151842269e-02 9.991125002920732134e-01 -3.001964965245894693e-02 6.893245135617188657e-01 -8.559107796607664520e-01 9.777284705646926977e-03 -5.170310970219990088e-01 2.396717897993204449e+00
-5.249227920527609337e-01 4.236238285284914251e-02 8.500949816238719814e-01 3.975307346612363801e+01 3.204981035338302225e-02 9.990361158659011309e-01 -2.999414605665410433e-02 6.538063296734448748e-01 -8.505462267922039299e-01 1.150077307345220325e-02 -5.257745348368900729e-01 1.963927358001014811e+00
-5.322174984813700105e-01 4.518515493641853120e-02 8.454009836146513246e-01 4.042761512140437929e+01 3.512868877517044686e-02 9.988933445948277035e-01 -3.127397144960116643e-02 5.936190481505240202e-01 -8.458785499474185121e-01 1.305327422321498829e-02 -5.332158135471570803e-01 1.520579035590740036e+00
-5.363422332780294344e-01 4.856639649094055683e-02 8.426021012475611860e-01 4.111735568715604927e+01 3.647530934257724178e-02 9.987440761630529407e-01 -3.434853818703315770e-02 5.684190153027277592e-01 -8.432120565164851200e-01 1.231160163548977206e-02 -5.374401038067527780e-01 1.090341812574554758e+00
-5.357679398318214714e-01 4.982147855634081607e-02 8.428941345194606027e-01 4.184628009679222771e+01 3.571503705914935017e-02 9.987014634864952445e-01 -3.632936685159444956e-02 5.140876772780932358e-01 -8.436096030942039636e-01 1.063988622273325142e-02 -5.368516027412797431e-01 6.545957262372874563e-01
-5.320487614851726610e-01 5.062378027897028454e-02 8.451989915350003324e-01 4.255837702668874556e+01 3.697071133125091891e-02 9.986480167396533103e-01 -3.654182674568061395e-02 4.749786378453192404e-01 -8.459061967095824475e-01 1.180557528784946346e-02 -5.332010388256367417e-01 1.662443335836117364e-01
-5.267511694441803227e-01 4.948234733726492723e-02 8.485780398494767729e-01 4.332083909255493381e+01 3.591799279825495100e-02 9.987082436406304886e-01 -3.594080989017047617e-02 4.337853723386747573e-01 -8.492603341211910628e-01 1.154735730141699668e-02 -5.278480430636734999e-01 -2.573359817512972381e-01
-5.201403867868921171e-01 4.848942671868779197e-02 8.527031959222297619e-01 4.407184599195467456e+01 3.432872988642068218e-02 9.987672096409471179e-01 -3.585525331860006659e-02 3.917332370075994330e-01 -8.533906071047538955e-01 1.062245336970874671e-02 -5.211637443676977455e-01 -7.038133323070054903e-01
-5.128522127896580907e-01 4.742928403862441133e-02 8.571657118266871045e-01 4.482971747631749793e+01 3.240892713277059023e-02 9.988305550895336671e-01 -3.587734109916555780e-02 3.430047335781876705e-01 -8.578649552088914998e-01 9.380048329366046794e-03 -5.137895937989209738e-01 -1.154758479555201278e+00
-5.065214746295368942e-01 4.631088016881824282e-02 8.609827435476785640e-01 4.565444211560346588e+01 2.948421607948372228e-02 9.989028542298985514e-01 -3.638363313466138477e-02 2.948741027086733690e-01 -8.617230929712328402e-01 6.956310730906780683e-03 -5.073311879480615350e-01 -1.616528098373168243e+00
-5.016519561273702354e-01 4.374850972117229342e-02 8.639625971619616651e-01 4.646961928472659054e+01 2.481134392696152796e-02 9.990371735358595240e-01 -3.618180564130779597e-02 2.410808587376226386e-01 -8.647136661585085315e-01 3.285400519530837574e-03 -5.022544128871427871e-01 -2.091250993615221265e+00
-4.999299022689679406e-01 4.104897256787816417e-02 8.650925159309359458e-01 4.730881787058837773e+01 2.020924271665468924e-02 9.991570633166447779e-01 -3.573162876212884059e-02 2.044360386040038891e-01 -8.658300593532036737e-01 -3.804441216079041039e-04 -5.003380628842127864e-01 -2.564163314298520291e+00
-5.013221372798629671e-01 3.851971121103403561e-02 8.644028765523229518e-01 4.815354901296086609e+01 1.766263120932478822e-02 9.992559952315311911e-01 -3.428538198759480821e-02 1.565176397108463957e-01 -8.650804346785840870e-01 -1.920390837034514301e-03 -5.016295118903533190e-01 -3.028680564830033450e+00
-5.018840339459668121e-01 3.737161310722545565e-02 8.641271697395621620e-01 4.899215454588052410e+01 1.626644358548132510e-02 9.992972516902828284e-01 -3.376989110504249880e-02 1.199830354611615413e-01 -8.647819561061131921e-01 -2.892292411189201912e-03 -5.021392402429399882e-01 -3.513996326992073094e+00
-5.031071937935066574e-01 3.717052423910145731e-02 8.634242816711438229e-01 4.987365334759417124e+01 1.679881257557584023e-02 9.993064832662672536e-01 -3.323179750387882797e-02 7.639604233319072235e-02 -8.640607407756332181e-01 -2.214652794786772533e-03 -5.033827024219883484e-01 -4.011824707924519728e+00
-5.022881240982501883e-01 3.615280273752644047e-02 8.639442121614450132e-01 5.075301044125621530e+01 1.623019190254014130e-02 9.993437555640728442e-01 -3.238269683737894644e-02 2.730525927363812444e-02 -8.645479937961029204e-01 -2.243462779294854229e-03 -5.025452684546481974e-01 -4.524925203204325008e+00
-5.028658660591003304e-01 3.549005337311038344e-02 8.636355500765716675e-01 5.162461077563754941e+01 1.647990102024014109e-02 9.993687590038008439e-01 -3.147215210440763855e-02 -2.415836409584282141e-02 -8.642073512301939875e-01 -1.593641723791682212e-03 -5.031333102919882672e-01 -5.019695998416166205e+00
-5.026007513113939229e-01 3.525037299513073680e-02 8.637996772817302382e-01 5.250533939456111909e+01 1.609508563898266395e-02 9.993767293856099521e-01 -3.141816274003673276e-02 -7.338132437102182215e-02 -8.643688132447769901e-01 -1.887861501493495828e-03 -5.028548540210280304e-01 -5.548054498133381252e+00
-5.032666806679031435e-01 3.351439611590146389e-02 8.634809898765896108e-01 5.340700671960181012e+01 1.463446235475327102e-02 9.994348707980611479e-01 -3.026171701094538743e-02 -1.170259168559196622e-01 -8.640072296813583463e-01 -2.593132920844750007e-03 -5.034727363544557743e-01 -6.048963582785081172e+00
-5.030275413634006654e-01 3.305835141705349561e-02 8.636379012772728014e-01 5.432245798890803457e+01 1.453273356225262374e-02 9.994504562361919975e-01 -2.979236742547280992e-02 -1.654670760634638360e-01 -8.641481959653457556e-01 -2.435360911856969401e-03 -5.032315351442088192e-01 -6.567428395266778018e+00
-5.023116563321041728e-01 3.213601652616094456e-02 8.640892678610586630e-01 5.521681199187651146e+01 1.279393448078443123e-02 9.994759717357779572e-01 -2.973377101184829230e-02 -2.181978972698380703e-01 -8.645920005840121991e-01 -3.880517387651938755e-03 -5.024595781331541167e-01 -7.086680619859354380e+00
-5.011707054599667810e-01 3.101896479355038469e-02 8.647923070132734757e-01 5.610705334386904042e+01 1.287023700609742603e-02 9.995139905182298667e-01 -2.839259997466966196e-02 -2.709364597992392487e-01 -8.652527337889770465e-01 -3.099456498632562756e-03 -5.013263543911100628e-01 -7.584796440599768097e+00
-4.993709780840656642e-01 2.827522557762941063e-02 8.659267430273250854e-01 5.700214143700441838e+01 1.227661646522260064e-02 9.995978993446510419e-01 -2.556020914182689785e-02 -3.341618294911687936e-01 -8.663012889925338911e-01 -2.133375208262724629e-03 -4.995173060051422698e-01 -8.106268695739318630e+00
-4.967036791754597669e-01 2.740157478189271523e-02 8.674875187413135791e-01 5.791194260824687490e+01 1.341784439628071132e-02 9.996244804266884998e-01 -2.389266748192690748e-02 -3.833294764163942547e-01 -8.678164719378381742e-01 -2.277623623484172544e-04 -4.968848285093570571e-01 -8.595037504697359054e+00
-4.940102277070760883e-01 2.694351567670341674e-02 8.690385079028429827e-01 5.880451695271140267e+01 1.322318969068558489e-02 9.996369520042075463e-01 -2.347576236331819222e-02 -4.205201940838278474e-01 -8.693555398369910980e-01 -1.058047305524305944e-04 -4.941871587257987697e-01 -9.152703319151779482e+00
-4.917396332296402606e-01 2.746978685625699884e-02 8.703088705851117490e-01 5.968856192396734173e+01 1.361701836074889586e-02 9.996226271017080167e-01 -2.385749720510165969e-02 -4.819304445315336638e-01 -8.706358150411503960e-01 1.193358891492372377e-04 -4.919281218359514152e-01 -9.636936616514823584e+00
-4.911297956421106781e-01 2.821185822016934394e-02 8.706294281594304518e-01 6.054820632113951717e+01 1.401409986931828264e-02 9.996019509325533292e-01 -2.448560131010558277e-02 -5.177853247859039998e-01 -8.709736743197170616e-01 1.754803323127941922e-04 -4.913296669090111979e-01 -1.010987170656657774e+01
-4.907821473873366647e-01 2.874100314547541404e-02 8.708081446725294272e-01 6.147198961852590315e+01 1.306934526825112228e-02 9.995861769759186721e-01 -2.562551441482344497e-02 -5.649268228297159578e-01 -8.711843022852264751e-01 -1.195651755575788833e-03 -4.909546777541076157e-01 -1.064048208032518339e+01
-4.939648332066489123e-01 3.061534495359657243e-02 8.689427084374944377e-01 6.232569960759954597e+01 1.210710508266968355e-02 9.995251982643076349e-01 -2.833365521973312331e-02 -6.099123468653426805e-01 -8.693975926088084449e-01 -3.475447684769438200e-03 -4.941009622681512559e-01 -1.112206523052270413e+01
-4.984122567526836356e-01 3.144507665443937311e-02 8.663696762267431017e-01 6.322833162945154584e+01 1.111911044625471870e-02 9.994916440947133607e-01 -2.988007272049848090e-02 -6.537223482928585794e-01 -8.668688482665976025e-01 -5.259333470055757923e-03 -4.985085284385850635e-01 -1.160058455887961237e+01
-5.039094421251214539e-01 2.952325776653933614e-02 8.632517812834686888e-01 6.411544029084822682e+01 1.026554424573983097e-02 9.995498048289684911e-01 -2.819230830912597408e-02 -7.163968796867156152e-01 -8.636954932342346680e-01 -5.344620108828990537e-03 -5.039856580514937567e-01 -1.210941201558406810e+01
-5.094422041330157747e-01 2.790284957245297431e-02 8.600523578398038271e-01 6.493641741482589680e+01 1.388165117327113535e-02 9.996105622277450253e-01 -2.420792470570610685e-02 -7.647426277027433716e-01 -8.603929059430042159e-01 -3.935907656305364863e-04 -5.096311469309602327e-01 -1.261121210839982787e+01
-5.150864404394442930e-01 2.522207518542466179e-02 8.567670584723446892e-01 6.582814719396340308e+01 1.061202411979081384e-02 9.996780065380368452e-01 -2.304925528350600800e-02 -8.133216137310129712e-01 -8.570725499673379488e-01 -2.780325260095345159e-03 -5.151882444489943591e-01 -1.313373788330899217e+01
-5.192727718040154317e-01 2.789173157100258496e-02 8.541532804672590240e-01 6.664133604597741112e+01 1.229470306838349215e-02 9.996076540163906232e-01 -2.516700788397714314e-02 -8.611852723007815680e-01 -8.545201230789959412e-01 -2.566980076418914122e-03 -5.194119589774452983e-01 -1.362690303290862026e+01
-5.240009004052691433e-01 3.009735891317954007e-02 8.511857565808157444e-01 6.746527807460518034e+01 1.294464183166062383e-02 9.995414388258349048e-01 -2.737422681321480256e-02 -8.920906286312315636e-01 -8.516193425115933247e-01 -3.325823850311476499e-03 -5.241502146664741568e-01 -1.416206004748034353e+01
-5.297494053525465540e-01 3.038425971540431245e-02 8.476097871289083319e-01 6.835575767368605682e+01 1.138342464721636346e-02 9.995228098011748052e-01 -2.871533228896871320e-02 -9.500447185232999692e-01 -8.480778248382575546e-01 -5.563227189440125495e-03 -5.298424922524669345e-01 -1.465523067477185748e+01
-5.337543520575177558e-01 3.127832422809890406e-02 8.450609120720524725e-01 6.914459558788919935e+01 1.149243074593049585e-02 9.994917335170424577e-01 -2.973547786924274003e-02 -9.833232159740399325e-01 -8.455614864862367464e-01 -6.159635850040425312e-03 -5.338425277748192199e-01 -1.516121412126227952e+01
-5.372796139541596849e-01 3.020596845696564212e-02 8.428630985986638180e-01 6.994750852796607887e+01 1.097203213790257266e-02 9.995242189504588426e-01 -2.882620718904880391e-02 -1.040677314139720089e+00 -8.433328184094385227e-01 -6.239811601194052496e-03 -5.373554085385341406e-01 -1.569563592033456700e+01
-5.395317563825868801e-01 2.439634348494641378e-02 8.416117212779891110e-01 7.079550790959751794e+01 1.276950076402880337e-02 9.997022537716929724e-01 -2.079287454309741712e-02 -1.099587244318967150e+00 -8.418684192468761651e-01 -4.714536851779484367e-04 -5.396826431480299391e-01 -1.622851393230935102e+01
-5.405319937247095030e-01 1.678779574646058897e-02 8.411559432090782717e-01 7.162931742204567342e+01 1.344761509553792436e-02 9.998455723519714677e-01 -1.131340240509955131e-02 -1.125380161171284588e+00 -8.412159871329915051e-01 5.196286378137504429e-03 -5.406742776387435390e-01 -1.677279714974259406e+01
-5.437539110781113294e-01 1.493326382995372598e-02 8.391118334268100609e-01 7.243040849929383285e+01 1.461100592180274334e-02 9.998585889574749253e-01 -8.325897523090351054e-03 -1.158727313055346597e+00 -8.391175211069462625e-01 7.733029625229333355e-03 -5.438952094569717843e-01 -1.727613316948157518e+01
-5.442253320891721202e-01 1.855984650563935121e-02 8.387337522725167860e-01 7.326533257976636548e+01 1.330508588553975732e-02 9.998204646024717590e-01 -1.349122786893078296e-02 -1.202862204464583584e+00 -8.388335795198681444e-01 3.817157602466309321e-03 -5.443745659093293110e-01 -1.777096890813443153e+01
-5.460982755106292830e-01 2.272213175008165609e-02 8.374129002131230903e-01 7.403072841112813762e+01 1.284831995384005943e-02 9.997416832467526104e-01 -1.874799806007735464e-02 -1.256909230353839169e+00 -8.376225914161815611e-01 5.211003920182614210e-04 -5.462491515740509618e-01 -1.829573319755711580e+01
-5.459686371547103345e-01 2.873821903855862739e-02 8.373125755928079172e-01 7.484934394280332981e+01 2.031657217522294182e-02 9.995717675318587236e-01 -2.105987687075908804e-02 -1.267915516929537523e+00 -8.375592490218669584e-01 5.513290069559060452e-03 -5.463186989377785130e-01 -1.883476131903232087e+01
-5.453000487717566402e-01 2.951315496649584841e-02 8.377212052456639579e-01 7.565933471559438317e+01 2.363945925403824339e-02 9.995239431853706336e-01 -1.982581463800409463e-02 -1.309163631828750507e+00 -8.379075392113313203e-01 8.992259608371831053e-03 -5.457381311713781491e-01 -1.937634190777352572e+01
-5.451496925991485831e-01 2.604848433464791377e-02 8.379339331595527796e-01 7.644323936966080169e+01 2.258468503823407927e-02 9.996107194246957039e-01 -1.638113475293574012e-02 -1.356707744298148111e+00 -8.380344600056091053e-01 9.994304399782076229e-03 -5.455257744071577708e-01 -1.987076471842868841e+01
-5.448065466922386024e-01 2.193814947879443172e-02 8.382747350865688007e-01 7.724279686537646228e+01 2.064119624882276155e-02 9.997056728557650596e-01 -1.274788780602380094e-02 -1.404727712894388914e+00 -8.383076876687749479e-01 1.035786160209019140e-02 -5.450990261655550562e-01 -2.040271817907279228e+01
-5.438113723159013757e-01 1.657754370851978118e-02 8.390437196985969237e-01 7.804140555934002066e+01 1.961817470060812571e-02 9.997827718938431252e-01 -7.038196739456303516e-03 -1.422956802357844275e+00 -8.389781463710640486e-01 1.263305589012982816e-02 -5.440184635302536265e-01 -2.091612213160313161e+01
-5.434529742502568483e-01 1.105620117918353247e-02 8.393667925064949298e-01 7.887647672292288803e+01 1.146913677561939120e-02 9.999177222334876269e-01 -5.745228078671880435e-03 -1.471461910673334206e+00 -8.393612662173167704e-01 6.504552252086519444e-03 -5.435350664168751011e-01 -2.141106621296841439e+01
-5.415750785740824913e-01 5.663090581203600836e-03 8.406333034098758539e-01 7.965710332327343224e+01 3.519176434679672193e-03 9.999838199410380213e-01 -4.469367704109131374e-03 -1.482956495773599670e+00 -8.406450269034403400e-01 5.378396869925103222e-04 -5.415862464533297560e-01 -2.190896352198235419e+01
-5.393144459368393040e-01 7.388258208874822798e-03 8.420720450974500393e-01 8.048524466357386586e+01 7.306348307413720183e-03 9.999649269386743367e-01 -4.094161027863302618e-03 -1.527435217994879135e+00 -8.420727743551154054e-01 3.944432447236217130e-03 -5.393495128994237886e-01 -2.238697515889953493e+01
-5.366938423282869852e-01 9.852327849296621878e-03 8.437195258427812039e-01 8.125162642627509513e+01 1.153120457422777100e-02 9.999240892620492316e-01 -4.341314886350468479e-03 -1.557043416573400618e+00 -8.436982651427534785e-01 7.399146492036620323e-03 -5.367667118966740203e-01 -2.291794162975545390e+01
-5.319655291153857490e-01 1.175419133442077470e-02 8.466844168769691592e-01 8.202895668407875007e+01 1.160785120889925963e-02 9.999109224173204913e-01 -6.588247213942355351e-03 -1.558776768893752829e+00 -8.466864504591257168e-01 6.323467311325120348e-03 -5.320545850064267723e-01 -2.340203966955776949e+01
-5.237255037512342781e-01 1.337216930949612637e-02 8.517821133532877953e-01 8.285943364923073773e+01 1.583675956941413970e-02 9.998568308390058945e-01 -5.959433232396619401e-03 -1.602808729093848195e+00 -8.517398697287653642e-01 1.036836239727361580e-02 -5.238622954383865826e-01 -2.387574362147049456e+01
-5.156280686344112407e-01 1.553059015245523283e-02 8.566717471052922583e-01 8.360012090818061381e+01 2.304403974054558893e-02 9.997254006887386080e-01 -4.253870290860605440e-03 -1.620349133236399730e+00 -8.565025855938392940e-01 1.754776396489575452e-02 -5.158443662637570704e-01 -2.439034280963246459e+01
-5.059411455085877085e-01 1.555806763756833327e-02 8.624276725217964179e-01 8.437065945567832159e+01 2.255104159447456069e-02 9.997341432976654119e-01 -4.805539610313501291e-03 -1.636314285149891079e+00 -8.622731701987782493e-01 1.701732320175900620e-02 -5.061574895077801672e-01 -2.481445733632770612e+01
-4.942091591130733930e-01 1.344424610025747070e-02 8.692390612587006515e-01 8.525706369622049863e+01 1.871584131920246349e-02 9.998132113301602120e-01 -4.822831355110990606e-03 -1.675019292475910415e+00 -8.691415516424125798e-01 1.388505398995899809e-02 -4.943684680408544918e-01 -2.529513087030989027e+01
-4.830832444812526716e-01 1.016825180778827518e-02 8.755153749059605417e-01 8.606946423569866056e+01 2.115773695434744472e-02 9.997761480395709333e-01 6.279021468760199250e-05 -1.653390240485753893e+00 -8.753187657772715236e-01 1.855425803167139176e-02 -4.831902437782468196e-01 -2.574424911022992291e+01
-4.719904768365853487e-01 8.729679540600521551e-03 8.815604167812352010e-01 8.681317112109353218e+01 2.021453258067902256e-02 9.997952399190865869e-01 9.224280058021992008e-04 -1.696305299354657681e+00 -8.813718711737716927e-01 1.825571013315731295e-02 -4.720702996595103618e-01 -2.614409225085861266e+01
-4.603532384509902986e-01 8.754491390340528659e-03 8.876926498036327162e-01 8.764801769136779797e+01 2.027479029187956999e-02 9.997942311538211557e-01 6.543667675561924083e-04 -1.724689753911909484e+00 -8.875042770450026763e-01 1.829902331581120117e-02 -4.604360088216348790e-01 -2.655925389756226451e+01
-4.472657086747149346e-01 1.005137595018302903e-02 8.943446434567134951e-01 8.853869122535114400e+01 2.358401114183989941e-02 9.997217023472572128e-01 5.587800559410685498e-04 -1.739193653073671797e+00 -8.940901484317173020e-01 2.134215836223225457e-02 -4.473782886981678142e-01 -2.697505084919728446e+01
