1.000000000000000000e+00 4.398956837314658088e-19 2.733407509747682871e-20 -8.673617379884035472e-19 -5.583667658079949532e-19 1.000000000000000000e+00 -6.100159232558060012e-19 0.000000000000000000e+00 4.145284534913582806e-20 -2.210423569125054137e-19 1.000000000000000222e+00 0.000000000000000000e+00
9.998962978989740513e-01 2.927768088190269621e-04 1.439818550202589739e-02 -8.647179995528349317e-02 -2.890460303760098099e-04 9.999999241150604457e-01 -2.611950529667778098e-04 -6.874672850808574709e-03 -1.439826113084736667e-02 2.570062436162346060e-04 9.998963066276043143e-01 1.442925921845805703e-02
9.995689260440646651e-01 1.570315049212625156e-03 2.931716597997361534e-02 -1.064862042262668257e-01 -1.561291424769508870e-03 9.999987265097803890e-01 -3.306824498582723810e-04 -1.670300440482158644e-02 -2.931764842853641292e-02 2.847672901088667860e-04 9.995701047809990580e-01 4.676914565618695008e-03
9.979499693342142042e-01 5.173872318529923291e-03 6.378941730546441868e-02 4.382168173753274443e-03 -5.257843507694251114e-03 9.999855178213322704e-01 1.148581273619163866e-03 8.195605496988583871e-03 -6.378255198643141555e-02 -1.481621378448444914e-03 9.979627201661391833e-01 4.161804372153591891e-01
9.954091706948986484e-01 4.107611797986509064e-03 9.562275037546615064e-02 2.114653569054950055e-02 -4.411035256103900890e-03 9.999858846745905971e-01 2.961963393416379951e-03 1.488050682091419247e-02 -9.560923568625658009e-02 -3.370160793177149911e-03 9.954132388573916357e-01 5.386569480185268155e-01
9.908655691545125155e-01 1.744208827422598883e-03 1.348420612019845533e-01 1.585438728577739098e-01 -2.428074489170864957e-03 9.999850112378509959e-01 4.907316698588900378e-03 1.329548998049495667e-02 -1.348314830313531998e-01 -5.189897645652480872e-03 9.908549521868446064e-01 8.070084488088238306e-01
9.851492725141202111e-01 -2.512042616787572760e-03 1.716816828860057431e-01 1.543251948519378247e-01 1.503939286395268539e-03 9.999808584208513818e-01 6.001745927148936788e-03 -1.514761435510733611e-02 -1.716934762365066314e-01 -5.654416696083860473e-03 9.851341929210546411e-01 8.882745723145050176e-01
9.764470668819725807e-01 -2.693644624589360079e-03 2.157402821706775331e-01 2.701565529175168345e-01 1.248388173755149606e-03 9.999758615469264145e-01 6.835045449518091683e-03 -4.734125358810528650e-03 -2.157534894471438147e-01 -6.404732319194558592e-03 9.764268593727846168e-01 1.140844587035224622e+00
9.648978379198435151e-01 -2.711590264180965566e-03 2.626115169266209914e-01 3.408153305632424246e-01 2.873329326613221143e-05 9.999477804721245144e-01 1.021936887027800889e-02 3.080888585956523262e-03 -2.626255187565806337e-01 -9.853101076075169995e-03 9.648475289565363600e-01 1.306960532040940759e+00
9.503499499531644634e-01 -6.142478274852632668e-03 3.111225503475077425e-01 5.287244306281296824e-01 9.284516905830296225e-04 9.998566845674732306e-01 1.690409108254557063e-02 2.398504146263174402e-02 -3.111818000703494014e-01 -1.577593970399243997e-02 9.502194526998634094e-01 1.626012126756053444e+00
9.334943569578638689e-01 -1.585987689365607467e-02 3.582411870608533389e-01 6.158517740634125159e-01 7.410431453689442227e-03 9.996613182717642987e-01 2.494662768509620099e-02 -1.708406767551712280e-04 -3.585155139484260678e-01 -2.063281424836376290e-02 9.332957275078630488e-01 1.799919626268034589e+00
9.123822493197307759e-01 -2.157373249491813250e-02 4.087703546706122903e-01 8.159383224560100567e-01 1.012391788572898112e-02 9.994940026933373245e-01 3.015368691441252733e-02 -6.299242838760168994e-03 -4.092140526103174580e-01 -2.337333099930836294e-02 9.121389964864823341e-01 2.027269300667243979e+00
8.876929766410794898e-01 -2.356337370071618850e-02 4.598325168911680527e-01 1.005512359832216651e+00 8.931464956064939092e-03 9.993829491951677912e-01 3.396983600953829008e-02 -4.425478808355351457e-03 -4.603492287530803195e-01 -2.604780661817846302e-02 8.873556797820664199e-01 2.264221952129640059e+00
8.593367416083675936e-01 -2.546186537925328175e-02 5.107759333311838734e-01 1.166166888770034937e+00 6.846544698491757903e-03 9.992431017919000125e-01 3.829292772242417348e-02 2.725853655370106404e-02 -5.113643461397828771e-01 -2.940946924168035687e-02 8.588606362573469877e-01 2.498650147563687973e+00
8.271968936733244959e-01 -3.076377267474939697e-02 5.610694115990377817e-01 1.423876054061765650e+00 8.005062010346617948e-03 9.990440279710182114e-01 4.297614591665391282e-02 2.721136973815298232e-02 -5.618551630179250411e-01 -3.105833869820997031e-02 8.266523817077777725e-01 2.747564538070546902e+00
7.916257790020306828e-01 -3.659598192059188709e-02 6.099093001514063195e-01 1.616796165030616628e+00 1.021597824489244195e-02 9.988579298746769197e-01 4.667407918511002479e-02 2.639639785691452745e-02 -6.109208352674820874e-01 -3.071758382192650919e-02 7.910955497554894578e-01 2.923360064109779000e+00
7.538550106259088723e-01 -4.105409374832490188e-02 6.557569501259234990e-01 1.873622309492991134e+00 1.136311859752515800e-02 9.987113650456266312e-01 4.946199361528275107e-02 3.460176988233191336e-02 -6.569425474677349497e-01 -2.983572733873901539e-02 7.533500683314992008e-01 3.134273105327794795e+00
7.141036729247070003e-01 -4.444453613277248027e-02 6.986276689497203929e-01 2.161287865059206226e+00 1.238721241569645630e-02 9.986285586337100284e-01 5.086805278853646917e-02 4.181190459578065788e-02 -6.999303611676799264e-01 -2.767101354158697790e-02 7.136748645439032757e-01 3.372524302558584264e+00
6.725649696169457847e-01 -4.629541670433080791e-02 7.385885778535969948e-01 2.477880552968334094e+00 1.151635727819617754e-02 9.985752203583815323e-01 5.210472863368554447e-02 5.506219438042422171e-02 -7.399484747953776198e-01 -2.653796477868158171e-02 6.721398662698050419e-01 3.561642463857192187e+00
6.296352721784626016e-01 -4.651802621489083828e-02 7.754969294475717589e-01 2.833275779304101682e+00 7.128779229956537337e-03 9.985096711399269465e-01 5.410745878557359639e-02 8.589732811886212349e-02 -7.768581696034273509e-01 -2.853961760778432957e-02 6.290285242188297099e-01 3.807011572594058091e+00
5.879753257266880917e-01 -4.742176464348353548e-02 8.074875738937795644e-01 3.163059509983648265e+00 4.297298205433189300e-03 9.984490299122508183e-01 5.550736751085409704e-02 1.041673239751232938e-01 -8.088674561170478006e-01 -2.916694703333521516e-02 5.872671779222435884e-01 4.005246661785250240e+00
5.477091233093346334e-01 -4.846948334293981614e-02 8.352636793427383743e-01 3.544914068487338810e+00 2.095945358300166546e-03 9.983969136825786572e-01 5.656155688451731250e-02 1.260145968942003036e-01 -8.366662034662928349e-01 -2.922861311554051517e-02 5.469326865315495834e-01 4.214746273894996342e+00
5.091083219314807007e-01 -5.111226205864572575e-02 8.591834734653526207e-01 3.974589609720954986e+00 1.239488165661403393e-03 9.982776949532119470e-01 5.865242861021289361e-02 1.330978432694451818e-01 -8.607015706111578179e-01 -2.879549114031753135e-02 5.082948339447882491e-01 4.430488961156388683e+00
4.717706256585517677e-01 -5.088853778734988426e-02 8.802515667053660842e-01 4.375255193339717685e+00 -1.736791644287920440e-03 9.982775303382541709e-01 5.864261194477134176e-02 1.601630406001166851e-01 -8.817196121016130927e-01 -2.919467465466153711e-02 4.708696310534131180e-01 4.622392090575472956e+00
4.356785802158442689e-01 -5.026576122118861512e-02 8.986976769663902465e-01 4.827741005721784440e+00 -3.025726171482689009e-03 9.983520502315451628e-01 5.730644590972951841e-02 1.858718453414365257e-01 -9.000972360246733972e-01 -2.768640339968438460e-02 4.348085121171257339e-01 4.789979122665743994e+00
4.022021559170387284e-01 -4.900851702343289595e-02 9.142382496402459147e-01 5.346081880800125141e+00 -1.660052879554091421e-03 9.985256175288915736e-01 5.425712236646967890e-02 2.032106564061376131e-01 -9.155493897274094017e-01 -2.334001469875150031e-02 4.015277981020908271e-01 4.982466052868873341e+00
3.722957132471532704e-01 -4.733182675221628277e-02 9.269064600627863193e-01 5.840284836428842219e+00 1.200816964211434413e-04 9.987012111389650393e-01 5.094974401478427617e-02 2.233466034494076269e-01 -9.281141647871035127e-01 -1.885706600299097424e-02 3.718178621126768113e-01 5.165945226821444969e+00
3.466488159669876001e-01 -4.542744463799398141e-02 9.368943008372014880e-01 6.383598570575178321e+00 1.103350370485951283e-03 9.988456179603880658e-01 4.802305764990454778e-02 2.509153572708130997e-01 -9.379943479030115050e-01 -1.561341257459790237e-02 3.462987718779035329e-01 5.354463548332804024e+00
3.261715366085389811e-01 -4.482384842297319066e-02 9.442472855841806956e-01 6.971918041084791184e+00 2.107658968577146540e-03 9.989071789682196778e-01 4.669052950924637568e-02 2.709854806603168575e-01 -9.453082578644459444e-01 -1.323896963984229867e-02 3.259095615590610340e-01 5.524469879726796151e+00
3.117454712412757178e-01 -4.544005641070009843e-02 9.490784726625840495e-01 7.546286979676558815e+00 3.319555182281928776e-03 9.989018014317645466e-01 4.673512184686477028e-02 3.014072990029528776e-01 -9.501598590569998448e-01 -1.141894334295244680e-02 3.115539522584214738e-01 5.709156851177000114e+00
2.996248655881066925e-01 -4.698452945633242728e-02 9.528994588146824096e-01 8.169296353292523349e+00 4.197712236273057687e-03 9.988418812494375132e-01 4.792990126784649196e-02 3.200029831000434921e-01 -9.540478684513187257e-01 -1.036099161275815667e-02 2.994750906145258185e-01 5.888047106171976353e+00
2.888203048637980053e-01 -4.886920349744648673e-02 9.561352503820019777e-01 8.785397274267028322e+00 3.072904515673360783e-03 9.987385522251925885e-01 5.011847481676714317e-02 3.523028387824330698e-01 -9.573784022088702717e-01 -1.153711995859866939e-02 2.886061421919336456e-01 6.084497887538558025e+00
2.779605774467824864e-01 -5.039583794712652193e-02 9.592695978502644438e-01 9.467848636450753474e+00 1.577423879606731742e-03 9.986454538802761460e-01 5.200739504718540629e-02 3.858196103513051867e-01 -9.605911958121967631e-01 -1.294282990712706909e-02 2.776635612821871102e-01 6.289844401848415423e+00
2.680986937026356709e-01 -5.222971775520898752e-02 9.619746001696252158e-01 1.016545763520295154e+01 8.225267760300143021e-04 9.985413619603129565e-01 5.398584874358029750e-02 4.141517974052625339e-01 -9.633911097357883424e-01 -1.368228478090576135e-02 2.677505937462001384e-01 6.476281513356690667e+00
2.580569734286936034e-01 -5.424741723926720938e-02 9.646055154514516783e-01 1.086722194843493838e+01 -1.530471321843532122e-05 9.984221590950497216e-01 5.615328977891161782e-02 4.424955158786539888e-01 -9.661297090673439669e-01 -1.450551014258252489e-02 2.576489689908222913e-01 6.667138364084264524e+00
2.472439952992465106e-01 -5.584172289525697608e-02 9.673428001063201220e-01 1.159809223067797923e+01 -4.919665043785525268e-04 9.983305906979603739e-01 5.775629492704414253e-02 4.717894752399004465e-01 -9.689531368183808002e-01 -1.475579648817447638e-02 2.468037702644756415e-01 6.848029385845721073e+00
2.367503618317413905e-01 -5.702258340773139200e-02 9.698957032581444482e-01 1.237610435872577952e+01 -1.293550168464921999e-03 9.982568042819729426e-01 5.900575726661439618e-02 5.006403008492792406e-01 -9.715696627455988610e-01 -1.522424225415040799e-02 2.362638966869990420e-01 7.037523474800781109e+00
2.273966624702711825e-01 -6.010552866661295762e-02 9.719455063339088596e-01 1.312554640950886231e+01 -2.309820944892669505e-03 9.980572480354317211e-01 6.226069648299815962e-02 5.356474888389517464e-01 -9.737994862160137544e-01 -1.640289379754511154e-02 2.268160527905817292e-01 7.216665161754277413e+00
2.158849012366279019e-01 -6.351571480059448049e-02 9.743507824466282052e-01 1.389632287262120514e+01 -4.350959416306431765e-03 9.978095433553023641e-01 6.600897132299229919e-02 5.879189036520379164e-01 -9.764091331880982993e-01 -1.848970010604712028e-02 2.151356590620008002e-01 7.386903311566365815e+00
2.023349342383918836e-01 -6.741627518634023264e-02 9.769931442846307990e-01 1.469056335038450101e+01 -4.354460686867504815e-03 9.975559084863215853e-01 6.973699208158282148e-02 6.219910819418701386e-01 -9.793067088212318305e-01 -1.836450707654329814e-02 2.015468462584061038e-01 7.536015035222823677e+00
1.903292130118510450e-01 -6.985696295147453272e-02 9.792317289893061050e-01 1.547436419217658887e+01 -5.318755452850895335e-03 9.973770632900902378e-01 7.218520907869784009e-02 6.615781148156056890e-01 -9.817059225978785886e-01 -1.894724726498665107e-02 1.894584380621797126e-01 7.694670435860525792e+00
1.766196442410862544e-01 -7.061802150226721697e-02 9.817426240412884253e-01 1.628849905961005007e+01 -5.848986291924011469e-03 9.973300289633504345e-01 7.279150110981295885e-02 6.974857427170844115e-01 -9.842618084866439077e-01 -1.859860730423813432e-02 1.757350296959225566e-01 7.821703336605676959e+00
1.619141885390994184e-01 -6.969768857825503483e-02 9.843403939691661719e-01 1.707984443979000488e+01 -7.662935659181032734e-03 9.973837265658751505e-01 7.188171777248279770e-02 7.356559295995745984e-01 -9.867750969957203022e-01 -1.918160623599854744e-02 1.609564864714176091e-01 7.963807869870259459e+00
1.452297880126519336e-01 -6.877598220543539032e-02 9.870046384254241856e-01 1.786791374348951322e+01 -8.794668721644589848e-03 9.974519000866391982e-01 7.079802801413059843e-02 7.773583377546767759e-01 -9.893588730213723759e-01 -1.896236054271313934e-02 1.442548646446447647e-01 8.081083994888036415e+00
1.246588532567073082e-01 -6.737126720085323539e-02 9.899097261160809680e-01 1.869360445697718731e+01 -1.113988436813252714e-02 9.975341506082345822e-01 6.929301053053969761e-02 8.181565060404568657e-01 -9.921371329101262848e-01 -1.966546623878998035e-02 1.236009537905469746e-01 8.180244459162508974e+00
9.997110802268784069e-02 -6.601053821348658313e-02 9.927982521484645106e-01 1.949570370604256198e+01 -1.535149719807844815e-02 9.975757852049698116e-01 6.787403243263920305e-02 8.599412688052786580e-01 -9.948719145569611122e-01 -2.202638095539917809e-02 9.871539460493929108e-02 8.252237571740574040e+00
6.998367692045093236e-02 -6.551276027246216715e-02 9.953945680661238082e-01 2.033128768581035928e+01 -1.976047655582579415e-02 9.975543077056158170e-01 6.704421471432138457e-02 8.997076202995110128e-01 -9.973524080570048689e-01 -2.436147084538621208e-02 6.851795362801973988e-02 8.327914304687944025e+00
3.654049664748568876e-02 -6.520026881180764067e-02 9.972029381566023254e-01 2.119817646202813677e+01 -2.262258179285332391e-02 9.975596619720794589e-01 6.605255172233914784e-02 9.376066187244697092e-01 -9.990760873123543107e-01 -2.497289723537070294e-02 3.497632567774391216e-02 8.344052699140318552e+00
2.041255660793289510e-03 -6.459280559470761962e-02 9.979096078708261652e-01 2.202083099349655981e+01 -2.423251979860512398e-02 9.976154617867685204e-01 6.462333466745016908e-02 9.737463649063282656e-01 -9.997042740615110779e-01 -2.431377622588993051e-02 4.711403749862577489e-04 8.335315821528737956e+00
-3.191869828447169849e-02 -6.357479449396823135e-02 9.974665031516742886e-01 2.288411825010862088e+01 -2.559972536285871902e-02 9.976996153735950834e-01 6.277046714551444417e-02 1.005203387034637519e+00 -9.991625833739614659e-01 -2.353131607601788647e-02 -3.347277167353464311e-02 8.296303682713508820e+00
-6.491487750682860269e-02 -6.154956177542432461e-02 9.959908096117698895e-01 2.372846009967824443e+01 -2.799301986684953752e-02 9.978155255222662667e-01 5.983784651612171490e-02 1.037638679442574929e+00 -9.974981035922130257e-01 -2.399642318622242920e-02 -6.649603211016533177e-02 8.245245898241051918e+00
-9.741771110947522461e-02 -5.846313231673098965e-02 9.935249541247050953e-01 2.454233077260293072e+01 -2.965560517724428330e-02 9.980004109766285048e-01 5.581867779947523311e-02 1.073989176677891511e+00 -9.948016644848016732e-01 -2.402585508880465334e-02 -9.895667668076409129e-02 8.145596287215592923e+00
-1.294070625890793302e-01 -5.406724669100894387e-02 9.901164213402492420e-01 2.539359592984025937e+01 -2.710211419586537954e-02 9.983321893726309071e-01 5.097367053754814359e-02 1.099895957356670451e+00 -9.912211178180155846e-01 -2.023789445685737765e-02 -1.306565741926086210e-01 8.022452566285476649e+00
-1.612866136159653296e-01 -4.873029275971642316e-02 9.857037941316277863e-01 2.619993552436158879e+01 -2.259924048295844368e-02 9.987006901731827480e-01 4.567500183792026075e-02 1.117966278606610020e+00 -9.866488327898907951e-01 -1.490938978299371359e-02 -1.621783213173474680e-01 7.876990362954444436e+00
-1.925386917525520603e-01 -4.255147989566013950e-02 9.803663635646948649e-01 2.706964956789458654e+01 -1.644873755708109106e-02 9.990589734225784335e-01 4.013236430915616271e-02 1.139754985377454899e+00 -9.811515212369130712e-01 -8.398755117134200712e-03 -1.930574272240664635e-01 7.710876955986970316e+00
-2.211743550845925999e-01 -3.685146540225816419e-02 9.745377660126838260e-01 2.787489354426033117e+01 -1.109188551392899583e-02 9.993162257132424120e-01 3.527110863151990822e-02 1.145003105356323658e+00 -9.751712110698120828e-01 -3.008395595989830917e-03 -2.214318753479111168e-01 7.505163871601817860e+00
-2.486405805921889089e-01 -3.027889999920493208e-02 9.681224268220315343e-01 2.869689300212062122e+01 -1.697928079206300830e-03 9.995233571251448401e-01 3.082491831931389106e-02 1.172084746392535681e+00 -9.685943395614013962e-01 6.020524439098206768e-03 -2.485734805828145044e-01 7.291274906160568392e+00
-2.752817664405790565e-01 -2.007878168377766337e-02 9.611538769700935791e-01 2.949640448120781500e+01 4.166047461526481942e-03 9.997475666194295396e-01 2.207820351649705456e-02 1.173839710980700612e+00 -9.613545697306115079e-01 1.008194066351561329e-02 -2.751286283248228215e-01 7.034061437755100954e+00
-3.008521947711368383e-01 -5.078417242232882191e-03 9.536572499737644426e-01 3.028315678584809234e+01 8.694230073950636253e-03 9.999296594955912054e-01 8.067614689717761065e-03 1.162834789210569042e+00 -9.536311564763083615e-01 1.071847625019504285e-02 -3.007868810875629073e-01 6.782190827934957866e+00
-3.250795569206322844e-01 1.159489584346403562e-02 9.456155794781300195e-01 3.103260813227694115e+01 8.775706881192566269e-03 9.999187655882488812e-01 -9.243872491632913399e-03 1.131301039635643768e+00 -9.456459610693230822e-01 5.293452228848341025e-03 -3.251549040107653554e-01 6.476904230662391626e+00
-3.502167732185770821e-01 2.629946618776602546e-02 9.362993827837016170e-01 3.184173883223307655e+01 8.144640855023877954e-03 9.996534580792899582e-01 -2.503255001299315580e-02 1.103301108571433042e+00 -9.366332747157674055e-01 -1.140995705741488803e-03 -3.503096094496856439e-01 6.196783235257877109e+00
-3.746795785604912221e-01 3.716230510823109734e-02 9.264092838202719893e-01 3.260777736397682958e+01 1.188776457818266526e-02 9.993068097660617877e-01 -3.527861934750017164e-02 1.065530915609957052e+00 -9.270781568172005160e-01 -2.205241804233828550e-03 -3.748616323749850987e-01 5.883586842320580601e+00
-3.983705465494538078e-01 4.181326243495041978e-02 9.162709990421100681e-01 3.338635786007757389e+01 1.570700629818182203e-02 9.991248903093259415e-01 -3.876523550778809835e-02 1.020110768141863300e+00 -9.170900782541300256e-01 -1.051052746987184584e-03 -3.986786910913581727e-01 5.528110554888985284e+00
-4.205777027829611381e-01 4.113904075922279746e-02 9.063233200682324631e-01 3.411836113730798559e+01 1.791401744075754240e-02 9.991532148143119629e-01 -3.703972555365182828e-02 9.715805235982288846e-01 -9.070796533916127835e-01 6.578100434384225557e-04 -4.209585305857109216e-01 5.162582970595987142e+00
-4.412842483962489126e-01 3.800732797897312526e-02 8.965621231546969661e-01 3.486090798544251612e+01 2.230318713572507910e-02 9.992585524700677846e-01 -3.138332548309689940e-02 9.396058462525778143e-01 -8.970901812645041273e-01 6.147226624988395664e-03 -4.418047450920763453e-01 4.811040978916459210e+00
-4.595650241949673087e-01 3.657745015781922043e-02 8.873905929648521207e-01 3.556796124257219560e+01 2.936720682318713985e-02 9.992310436146623065e-01 -2.597861795881871785e-02 9.078871993107033855e-01 -8.876584752858711624e-01 1.412131996470930052e-02 -4.602858175295471699e-01 4.400112725333420016e+00
-4.733308616055389995e-01 3.740665545607161496e-02 8.800901224291814984e-01 3.628934579640779390e+01 3.297921591420138743e-02 9.991500337379168872e-01 -2.473017075351222060e-02 8.602186725436979930e-01 -8.802671637491572554e-01 1.731913024351274324e-02 -4.741621897497377836e-01 4.013877319964304746e+00
-4.844667850835995271e-01 4.062744704916314287e-02 8.738657396280440359e-01 3.699469248857622716e+01 3.565603517995781513e-02 9.990079740382480367e-01 -2.667798540717739725e-02 8.028443630348996995e-01 -8.740827157152201154e-01 1.823399083598761447e-02 -4.854347963684874645e-01 3.613192315427555368e+00
-4.943589206925080859e-01 4.313567028750495830e-02 8.681869371530783752e-01 3.768230834221390069e+01 3.714975973748507743e-02 9.989038865701738157e-01 -2.847666915281196406e-02 7.649153766899327023e-01 -8.684636810541518370e-01 1.817524179267033732e-02 -4.954195282519699428e-01 3.225668265339121987e+00
-5.046192948606484929e-01 4.242029297461030052e-02 8.622991780871985812e-01 3.837707037321556669e+01 3.102010802046385393e-02 9.990380982814550670e-01 -3.099404825736472302e-02 7.045891583511811884e-01 -8.627845225800785389e-01 1.110841990259389678e-02 -5.054497839797340575e-01 2.830913689407422495e+00
-5.163000987169450440e-01 4.142222127322168351e-02 8.554053976787878710e-01 3.908264853696248053e+01 2.947846834261365692e-02 9.990972913582375492e-01 -3.058794295031279017e-02 6.942586256276892520e-01 -8.559002512012586772e-01 9.423483979732975163e-03 -5.170550950003703905e-01 2.421932070713623375e+00
-5.248991626129821952e-01 4.272230838071248288e-02 8.500915599713408932e-01 3.974371111777329446e+01 3.184385431025551355e-02 9.990260174681359073e-01 -3.054480823762103711e-02 6.534150912903430308e-01 -8.505685450933786473e-01 1.103724853884945761e-02 -5.257483641599673962e-01 1.991309517630827974e+00
-5.321689481105695840e-01 4.574007170688946383e-02 8.454017054159660427e-01 4.042773793203211596e+01 3.574379472665804858e-02 9.988630704003125249e-01 -3.154279108153013045e-02 6.078473554419567826e-01 -8.458833273751422688e-01 1.343177210479152769e-02 -5.331988344075628827e-01 1.540361883995509773e+00
-5.360132992615117553e-01 4.902360650668803610e-02 8.427849168722379991e-01 4.115275922148487098e+01 3.616289314469147559e-02 9.987294862859811273e-01 -3.509498996167898649e-02 5.666829843994377613e-01 -8.434346446673736120e-01 1.166616055066373517e-02 -5.371051236464648992e-01 1.092853766795282677e+00
-5.353408003102902990e-01 5.028981659315990421e-02 8.431376808966728476e-01 4.185123665980676577e+01 3.532314772144994758e-02 9.986855990058302046e-01 -3.713959492991369266e-02 5.170600683645210083e-01 -8.438972179262524964e-01 9.899937376847054576e-03 -5.364135436400417900e-01 6.573638561816397274e-01
-5.322414094872414125e-01 5.105794148636364632e-02 8.450515698239006168e-01 4.256495909436908676e+01 3.776164070307577725e-02 9.986180176999638336e-01 -3.655288157825278827e-02 4.786118115700761511e-01 -8.457500530530431826e-01 1.245557756556653003e-02 -5.334338941137768408e-01 1.874790571660517047e-01
-5.265227033549803037e-01 5.012645156463435558e-02 8.486820185593709764e-01 4.332480988905519581e+01 3.619513012571094757e-02 9.986768512483428228e-01 -3.653025147993613220e-02 4.365864358295768466e-01 -8.493902326021323113e-01 1.148415035048053548e-02 -5.276403701317856632e-01 -2.666757119717043656e-01
-5.195099717812307061e-01 4.887345501818504689e-02 8.530655082761735564e-01 4.408281161785710367e+01 3.406021694299638664e-02 9.987538604698824596e-01 -3.647777074425753024e-02 3.909172020110642243e-01 -8.537852791018608611e-01 1.010503163683966477e-02 -5.205272315531369598e-01 -7.050447607769286806e-01
-5.126162188524759911e-01 4.828706972398583153e-02 8.572589793891324250e-01 4.485630152426170980e+01 3.248233725708771225e-02 9.987932824252413466e-01 -3.683580718073646565e-02 3.516236923758098154e-01 -8.580032179640521006e-01 8.963144091265050351e-03 -5.135661139451950241e-01 -1.155725837360345398e+00
-5.061021396783530468e-01 4.697341374220694032e-02 8.611934214671007615e-01 4.567773539754389844e+01 2.963978708716001609e-02 9.988732172157690492e-01 -3.706452342092103613e-02 3.026532427474001308e-01 -8.619641056682599833e-01 6.767156028823623909e-03 -5.069241556968975271e-01 -1.620200639285287236e+00
-5.014746031438905849e-01 4.459306805539782481e-02 8.640223765421591873e-01 4.647308526974804010e+01 2.529093004970823025e-02 9.989995932797857137e-01 -3.688063769010152537e-02 2.532227022972335928e-01 -8.648026385115585857e-01 3.357227294799339408e-03 -5.021007259639007625e-01 -2.080672926764677300e+00
-5.003943256300990017e-01 4.149878433370750297e-02 8.648024955073123632e-01 4.731414538927488422e+01 2.018185511062511872e-02 9.991383129371694816e-01 -3.626740004279603580e-02 2.101779627179923560e-01 -8.655623743824060190e-01 -6.946815999967522045e-04 -5.008006659847916708e-01 -2.546805545620409283e+00
-5.008532844653933447e-01 3.901559353673920982e-02 8.646523910593844064e-01 4.813657130755162683e+01 1.755115183851780822e-02 9.992359201036491445e-01 -3.492181279770847219e-02 1.620000804065989952e-01 -8.653542377834815280e-01 -2.315058326351445046e-03 -5.011553623640934152e-01 -3.014697838152752052e+00
-5.016251873394109717e-01 3.785690050224771452e-02 8.642563352302874424e-01 4.899488145452302490e+01 1.616082223554940120e-02 9.992777729963749911e-01 -3.439128069576793956e-02 1.234184088974898119e-01 -8.649341082300686656e-01 -3.284438720811433312e-03 -5.018746999402389219e-01 -3.512836090131355782e+00
-5.018100601004789052e-01 3.733874752767290389e-02 8.641715500940525541e-01 4.988256103693069576e+01 1.651497294101199331e-02 9.992993283987491315e-01 -3.358731751954830563e-02 7.109251737327140774e-02 -8.648201729696309847e-01 -2.582683148729982003e-03 -5.020751056644821020e-01 -4.029069027021305871e+00
-5.021679893294127561e-01 3.651842716574010134e-02 8.639986698206777449e-01 5.075199870319798379e+01 1.604342479946183758e-02 9.993294216863642943e-01 -3.291375763031632179e-02 2.463825950726580144e-02 -8.646212646773201449e-01 -2.666736896557123093e-03 -5.024171282229209501e-01 -4.516584043046907304e+00
-5.022090331937748564e-01 3.587520136607288274e-02 8.640017612175207029e-01 5.163934373624346819e+01 1.640391991126296384e-02 9.993545136220969294e-01 -3.196040492757348112e-02 -2.296953986876433540e-02 -8.645906607797220200e-01 -1.877787449441650682e-03 -5.024733592508875413e-01 -5.026433534857686070e+00
-5.026473466334789864e-01 3.536605809847141041e-02 8.637678353266782239e-01 5.250683882960406379e+01 1.582584385351315168e-02 9.993718507136717388e-01 -3.170877854704493015e-02 -7.967976941859840345e-02 -8.643466896441850400e-01 -2.268477601992577829e-03 -5.028913079910838357e-01 -5.553527563102178100e+00
-5.028568836477008697e-01 3.389775735736329232e-02 8.637047430133277803e-01 5.341313352897457634e+01 1.421519452153855757e-02 9.994199083222190527e-01 -3.094794122978523215e-02 -1.268264357983472090e-01 -8.642527958424227608e-01 -3.284653447284879499e-03 -5.030470449852503245e-01 -6.046787930261518618e+00
-5.030442528152458959e-01 3.335655888712420886e-02 8.636167009620566715e-01 5.431965418746609942e+01 1.391535712426784401e-02 9.994379881476782579e-01 -3.049705980144109749e-02 -1.808867213404364294e-01 -8.641486300696492595e-01 -3.323834944837356260e-03 -5.032257056282756214e-01 -6.550883675948462326e+00
-5.025478324254234463e-01 3.236026579484556354e-02 8.639435605433779530e-01 5.520739949010413028e+01 1.267076738933298891e-02 9.994676004529990943e-01 -3.006604852387311302e-02 -2.292465733703974440e-01 -8.644565576676478402e-01 -4.162798725220812762e-03 -5.026903068039523248e-01 -7.066660429948282029e+00
-5.012939273888953329e-01 3.095564850345385727e-02 8.647231537597183104e-01 5.611060445775898842e+01 1.203787874946503876e-02 9.995126387497116349e-01 -2.880233378843897671e-02 -2.873821582415828635e-01 -8.651933310990247428e-01 -4.029001646297043597e-03 -5.014222577142375403e-01 -7.576110493744980801e+00
-4.987509935820107487e-01 2.889614565697454576e-02 8.662634966231099742e-01 5.701588808285844578e+01 1.253965182358461952e-02 9.995800714082438976e-01 -2.612351340227978685e-02 -3.368761532432487105e-01 -8.666546116640591046e-01 -2.166484710786213078e-03 -4.989039026045034020e-01 -8.110671697614943554e+00
-4.962787803231019645e-01 2.745612818304862118e-02 8.677289436213504459e-01 5.789923465559988358e+01 1.304947060457304145e-02 9.996227851394655639e-01 -2.416606553571000460e-02 -3.898695604611389087e-01 -8.680651449905280037e-01 -6.697012516082397537e-04 -4.964498657510897917e-01 -8.594541983035465904e+00
-4.937336287071513730e-01 2.692444898579460927e-02 8.691962748770597491e-01 5.880205665032754325e+01 1.292739835187293670e-02 9.996373803747387043e-01 -2.362181420293838624e-02 -4.388924788725441783e-01 -8.695171066350206868e-01 -4.264366129390133819e-04 -4.939026555044462308e-01 -9.104128953171983341e+00
-4.918078885775247766e-01 2.734056741882648703e-02 8.702743707618670888e-01 5.970134530955895258e+01 1.358156385057426863e-02 9.996261656530789352e-01 -2.372909692414180635e-02 -4.816979587595012213e-01 -8.705978143582391304e-01 1.495308225305495170e-04 -4.919953627836566312e-01 -9.620306040264964054e+00
-4.909900343324629102e-01 2.776244714914513981e-02 8.707226992565295642e-01 6.055825840749437106e+01 1.320536776949515594e-02 9.996144266508132370e-01 -2.442572966832094739e-02 -5.374524780519582823e-01 -8.710651048988535816e-01 -4.945754407628565790e-04 -4.911673362108012197e-01 -1.009948492074751591e+01
-4.914887151722445169e-01 2.883437657594850947e-02 8.704064613049159460e-01 6.145652775197535789e+01 1.267647283316183753e-02 9.995827175403060316e-01 -2.595568931679806401e-02 -5.795816421283377373e-01 -8.707916871507240808e-01 -1.723243606681858350e-03 -4.916491449687171444e-01 -1.060294374972907683e+01
-4.941110627470451377e-01 3.080734385708454662e-02 8.688527790001530082e-01 6.235435237870898817e+01 1.168248360668607162e-02 9.995170206349350828e-01 -2.879661465009895546e-02 -6.260819306511438143e-01 -8.693203032933494168e-01 -4.078366618610848246e-03 -4.942323248123162704e-01 -1.108271580328332107e+01
-4.985019514812725760e-01 3.142904630548311318e-02 8.663186514392309245e-01 6.323028970614984701e+01 1.040417417088373812e-02 9.994875049834058833e-01 -3.027342929049226666e-02 -6.803496735219645153e-01 -8.668261474609330053e-01 -6.078032560577042824e-03 -4.985734662066297340e-01 -1.158833783284721974e+01
-5.041157688661888070e-01 2.997995758048204243e-02 8.631155659754131682e-01 6.409933201103385159e+01 1.038199823865079349e-02 9.995354538137963818e-01 -2.865467957518208833e-02 -7.207031016219299646e-01 -8.635736899557225899e-01 -5.484410654183307678e-03 -5.041928368899784019e-01 -1.208619893914559817e+01
-5.092781011397227164e-01 2.788226708539739279e-02 8.601502086675727465e-01 6.495889857303116344e+01 1.341464460899772712e-02 9.996107920123937784e-01 -2.446041247000143790e-02 -7.836826541877639496e-01 -8.604974579866259132e-01 -9.185421292691842805e-04 -5.094539179493129399e-01 -1.259211194643794762e+01
-5.148321934218871299e-01 2.583741873208784609e-02 8.569015270675434115e-01 6.580767871828768989e+01 1.059327304961991435e-02 9.996611511027082564e-01 -2.377741623625182626e-02 -8.292098907891300996e-01 -8.572255288284844621e-01 -3.163986596682327821e-03 -5.149314471381187808e-01 -1.309480444994825277e+01
-5.200271192394526620e-01 2.774620136988996053e-02 8.536989693902338194e-01 6.665682190719942923e+01 1.141705360012649877e-02 9.996087617788738111e-01 -2.553378626267954407e-02 -8.846015852711820449e-01 -8.540734500832698473e-01 -3.531533523378614214e-03 -5.201404458240446171e-01 -1.360555006850340831e+01
-5.246822732145275392e-01 2.980372803473291601e-02 8.507762554434097346e-01 6.747057482399998207e+01 1.184994505262973105e-02 9.995458383128741353e-01 -2.770732558723569203e-02 -9.205825747790061797e-01 -8.512156617936781355e-01 -4.455889808642903710e-03 -5.247971563651880889e-01 -1.413730777325437771e+01
-5.297823647981294570e-01 3.035885717466407438e-02 8.475900970911830479e-01 6.833220116257255938e+01 1.067607276497794383e-02 9.995186869318093414e-01 -2.912758011748264875e-02 -9.681422147022262781e-01 -8.480664356228301282e-01 -6.382343858470400193e-03 -5.298514881839052615e-01 -1.465724360559416262e+01
-5.333471195421809474e-01 3.095696539538606712e-02 8.453298192899403318e-01 6.915775423477202821e+01 1.007012238078129618e-02 9.994916670024500682e-01 -3.024897035640793097e-02 -1.016856752615509007e+00 -8.458365412150553597e-01 -7.620625624231866513e-03 -5.333877432220656134e-01 -1.515960182154240243e+01
-5.368589869525730585e-01 2.986108631472584110e-02 8.431433630912497090e-01 6.996365732577869778e+01 9.459065511828408657e-03 9.995236575781267785e-01 -2.937658935912977609e-02 -1.077284031409415643e+00 -8.436189696091723755e-01 -7.795736846539317970e-03 -5.368857174008533351e-01 -1.566543715494292499e+01
-5.397173298119246621e-01 2.374289883569970575e-02 8.415114174931238589e-01 7.081455150011382216e+01 1.137148921598576251e-02 9.997166214306389964e-01 -2.091329836201751696e-02 -1.121231750772362590e+00 -8.417695080913250028e-01 -1.718030632001099189e-03 -5.398343787891385359e-01 -1.621089558156026200e+01
-5.412891081484080269e-01 1.596704049675810866e-02 8.406849244231822116e-01 7.163943929939664201e+01 1.274152665347509129e-02 9.998606438090728021e-01 -1.078640065065683551e-02 -1.143591916859748592e+00 -8.407400112309451057e-01 4.873049157008123473e-03 -5.414171218144264719e-01 -1.673640884706552256e+01
-5.433390511300162373e-01 1.369498998760755766e-02 8.394016380349326178e-01 7.244023765219621680e+01 1.352587798474128716e-02 9.998799563296176807e-01 -7.558011140864767663e-03 -1.172007184209822084e+00 -8.394043946078579843e-01 7.247082530561336361e-03 -5.434590646599561925e-01 -1.725164426767068448e+01
-5.444319124272768429e-01 1.744138063737059666e-02 8.386236808996635483e-01 7.323936335019655530e+01 1.206904223764348680e-02 9.998431866742892860e-01 -1.295917668237754096e-02 -1.220926019799656093e+00 -8.387182139884931109e-01 3.065996236031757593e-03 -5.445570401874865185e-01 -1.776338199156795383e+01
-5.456860661372617827e-01 2.251178400374984762e-02 8.376872471436545009e-01 7.403074349272077370e+01 1.242186029887568620e-02 9.997465648404584293e-01 -1.877507536799389448e-02 -1.269597051239881758e+00 -8.378976226909314873e-01 1.603378627114528197e-04 -5.458274095165017714e-01 -1.827816119491149749e+01
-5.462667365456107538e-01 2.806489589504861451e-02 8.371409686562185648e-01 7.486303569138050307e+01 1.913762311016090067e-02 9.995958084805914856e-01 -2.102310674227941129e-02 -1.298410852091615997e+00 -8.373926291800366517e-01 4.536665395516093456e-03 -5.465830367420858593e-01 -1.882958375479325142e+01
-5.454980645703547681e-01 2.924465302173823514e-02 8.376016947497660903e-01 7.563555157465661694e+01 2.256286299885938360e-02 9.995412445257437772e-01 -2.020439723136536678e-02 -1.340181213090957835e+00 -8.378083254853774253e-01 7.877233690366041222e-03 -5.459076586259528074e-01 -1.932579977720660125e+01
-5.454969424283114821e-01 2.578084047222420697e-02 8.377161937608756936e-01 7.641403481805008369e+01 2.201322823561281325e-02 9.996226792472203693e-01 -1.642914729802204613e-02 -1.371990275042936025e+00 -8.378236777951664216e-01 9.478789158955875857e-03 -5.458586358159762675e-01 -1.985617943602463242e+01
-5.447507089481438136e-01 2.106121999769062711e-02 8.383335119845358729e-01 7.723877301172622367e+01 1.993727238143601019e-02 9.997272753852943783e-01 -1.216059159288424875e-02 -1.405688655605000337e+00 -8.383610092189001106e-01 1.008959369962101303e-02 -5.450220464803403608e-01 -2.038276037610137692e+01
-5.439481111155484161e-01 1.544369621198469524e-02 8.389767171045358074e-01 7.803628516465600740e+01 1.895447696015574793e-02 9.998016473315938235e-01 -6.115044139583059556e-03 -1.422652512136195480e+00 -8.389047572533155916e-01 1.257609918871712036e-02 -5.441329459203484431e-01 -2.088305787848922890e+01
-5.438180015158851077e-01 8.458420017464109500e-03 8.391605469340591705e-01 7.884330964287065058e+01 9.932700528425476155e-03 9.999440364605659548e-01 -3.642168334802178917e-03 -1.451321612227076896e+00 -8.391444060638328928e-01 6.354454694248131905e-03 -5.438715836681566884e-01 -2.139892721270653908e+01
-5.422859012540870438e-01 3.595342238531713981e-03 8.401863257370058014e-01 7.963769137498073292e+01 1.604108093203162992e-03 9.999934521388174069e-01 -3.243842528107887535e-03 -1.482339374035454016e+00 -8.401925015849451839e-01 -4.113394506286652827e-04 -5.422881189390367229e-01 -2.187231340706623683e+01
-5.403626980047587791e-01 4.267570825250643039e-03 8.414213745504426356e-01 8.044865943277312681e+01 4.963246313675708822e-03 9.999859075486033921e-01 -1.884378303991571420e-03 -1.500647550132669705e+00 -8.414175731499717870e-01 3.157934757681981220e-03 -5.403762651569968822e-01 -2.238553306783871477e+01
-5.373107664533973704e-01 7.582409708273377472e-03 8.433502441872001709e-01 8.124080122772048185e+01 1.037594827555314222e-02 9.999433368909595998e-01 -2.379640066312453499e-03 -1.525880386426788027e+00 -8.433205153541716292e-01 7.471953289311220742e-03 -5.373589966311121957e-01 -2.290540321099613408e+01
-5.326256098927555360e-01 9.847905246516592409e-03 8.462936638198529371e-01 8.201041707152292304e+01 1.024841575994915079e-02 9.999340366895870247e-01 -5.185771566332283630e-03 -1.555907471376581030e+00 -8.462889231330766870e-01 5.911095570235807249e-03 -5.326914027612550395e-01 -2.337530673659056646e+01
-5.243481963593759065e-01 1.239840328231885634e-02 8.514136687889617416e-01 8.281734819230909750e+01 1.572375190450748042e-02 9.998644820211050055e-01 -4.876596387734528915e-03 -1.583823935304775388e+00 -8.513587636876797093e-01 1.083038381478418181e-02 -5.244720883660390909e-01 -2.387331957388103021e+01
-5.159454187341229181e-01 1.481937409087823697e-02 8.564932560890782254e-01 8.360351275676397620e+01 2.342417698265119447e-02 9.997205364478553014e-01 -3.186988969870838562e-03 -1.608072589767347349e+00 -8.563011414646098940e-01 1.841833836715893111e-02 -5.161483636410726383e-01 -2.437253920245968075e+01
-5.062934771916270948e-01 1.529440884494891531e-02 8.622255983995390505e-01 8.440396795035189825e+01 2.302103509991574801e-02 9.997260926995886754e-01 -4.215623423243716056e-03 -1.628212128534781478e+00 -8.620539189222132803e-01 1.771498423147031126e-02 -5.065068940479294790e-01 -2.481678731834721319e+01
-4.950158318722642226e-01 1.173997718341500233e-02 8.688046302048677560e-01 8.524534892800261332e+01 1.792115710690741701e-02 9.998339583471654857e-01 -3.299671764175081835e-03 -1.656333889837102502e+00 -8.686991255718503613e-01 1.393659559074848613e-02 -4.951440338226913984e-01 -2.527977474326948482e+01
-4.841691648418376959e-01 8.971433658892954965e-03 8.749284081287770354e-01 8.604187502973729806e+01 1.980381020381855386e-02 9.998036352093603307e-01 7.071703986070811739e-04 -1.675842683845634395e+00 -8.747502738233202679e-01 1.766930735939268096e-02 -4.842517608649011263e-01 -2.574012301803099945e+01
-4.726686185438926935e-01 7.798078288042775350e-03 8.812057381754566654e-01 8.684627992576555755e+01 1.948615377333354562e-02 9.998088393850826927e-01 1.604514036016249472e-03 -1.697012299928158274e+00 -8.810247894880602892e-01 1.792971508226670965e-02 -4.727302187118379018e-01 -2.615796827077825171e+01
-4.603508881902499406e-01 6.829602901972787847e-03 8.877107648622152292e-01 8.771019464791760356e+01 1.920766245495358557e-02 9.998129418631264143e-01 2.268689713152939429e-03 -1.710021041447187251e+00 -8.875292324728525362e-01 1.809524318990011690e-02 -4.603959577661824731e-01 -2.658365281790175061e+01
-4.482701904719049169e-01 8.887101910214046177e-03 8.938539261882316733e-01 8.854047198535154450e+01 2.316187725857314292e-02 9.997303228959347754e-01 1.675972981432764450e-03 -1.731610421026690272e+00 -8.935979951973189728e-01 2.145462482316812594e-02 -4.483551454858622498e-01 -2.699055213833175770e+01
