1.000000000000000000e+00 4.398956837314658088e-19 2.733407509747682871e-20 -8.673617379884035472e-19 -5.583667658079949532e-19 1.000000000000000000e+00 -6.100159232558060012e-19 0.000000000000000000e+00 4.145284534913582806e-20 -2.210423569125054137e-19 1.000000000000000222e+00 0.000000000000000000e+00
9.999217215184863505e-01 -1.958878466286343573e-03 1.235773640144921699e-02 6.127191502579935195e-02 1.946521157701862521e-03 9.999975935367768631e-01 1.011915138258143165e-03 -3.310596737896298603e-03 -1.235968909467229961e-02 -9.877813279705162722e-04 9.999231282248728370e-01 2.708971457643110647e-01
9.998337162646716569e-01 -4.266827836524017536e-03 1.772946778114270830e-02 6.584409261816473458e-02 4.244680545515956867e-03 9.999901635892803897e-01 1.286624950910729816e-03 -5.560399678734048723e-03 -1.773478349947469473e-02 -1.211155070845956923e-03 9.998419927860576761e-01 4.866221411149198595e-01
9.997871312442325742e-01 -7.933295319333092885e-03 1.904612975019482138e-02 7.307406225194845728e-02 7.937133011788468501e-03 9.999684925301933758e-01 -1.259058996113576246e-04 -1.162940928980814304e-02 -1.904453113530626268e-02 2.770507891193428802e-04 9.998185980747656965e-01 8.399028257436580436e-01
9.997962725425189046e-01 -8.468504397787362040e-03 1.832205988362611837e-02 4.793100208757106184e-02 8.498081946742569101e-03 9.999627093321945548e-01 -1.537053476208047852e-03 -1.958251932464001588e-02 -1.830836041530968517e-02 1.692442740989846470e-03 9.998309554901254614e-01 1.171824904205925222e+00
9.998626163486922236e-01 -1.138715771148512274e-02 1.204496168719467603e-02 7.495479267351644326e-02 1.142433147893460663e-02 9.999301737838079962e-01 -3.021950920820440541e-03 -2.053602163626357113e-02 -1.200970941098984668e-02 3.159141437277297130e-03 9.999228903722395811e-01 1.451316574590865160e+00
9.999192541077517316e-01 -1.263932747444964158e-02 -1.316315235131285295e-03 7.526402827772164794e-02 1.263331681842818667e-02 9.999101661494447235e-01 -4.478718092799835980e-03 -2.838357899044642585e-02 1.372804991125879757e-03 4.461727075915670852e-03 9.999891041402149128e-01 1.755413222965350295e+00
9.997850164398652817e-01 -1.190272702997863599e-02 -1.697780856258696708e-02 3.277896434017157218e-02 1.182577224043698805e-02 9.999193728461853725e-01 -4.625894266310487737e-03 -3.486746887623036473e-02 1.703150073901801842e-02 4.424124111157431982e-03 9.998451655813873629e-01 2.093365876093455480e+00
9.993226098828624782e-01 -8.282519047270023305e-03 -3.585695465667015913e-02 -1.792284620605854445e-02 8.105387451737245189e-03 9.999542343696428137e-01 -5.082503988053245492e-03 -4.120744833225871429e-02 3.589741019462436983e-02 4.788426656425011710e-03 9.993440083289889531e-01 2.458416150895794683e+00
9.984526290039004159e-01 -4.242303219713244346e-03 -5.544682475362199686e-02 -2.926784108607716553e-02 3.908181002872809784e-03 9.999735556318701812e-01 -6.133037747094210318e-03 -4.642140167326527789e-02 5.547137765857878405e-02 5.906851441298532727e-03 9.984428053204846831e-01 2.796479013261204738e+00
9.970406544153939121e-01 -3.315069690832528684e-03 -7.680458028115660918e-02 -7.262380951370403515e-02 2.816329541160297791e-03 9.999742470156132157e-01 -6.601029411260951087e-03 -4.926705312285821481e-02 7.682448653113409243e-02 6.365187665734550401e-03 9.970243140781951396e-01 3.149254845958488147e+00
9.953514844111744919e-01 -4.951470145505505564e-03 -9.618162578201941426e-02 -1.515872906815168009e-01 4.404016877288858059e-03 9.999728773382057234e-01 -5.903322470284438038e-03 -6.253499940996766482e-02 9.620824886653578378e-02 5.452295245584951044e-03 9.953462943214755887e-01 3.547876388230897238e+00
9.932954838869187952e-01 -5.788341612050718066e-03 -1.154581153907901225e-01 -2.268253691467621014e-01 5.221784998158073704e-03 9.999727998326449763e-01 -5.208891212287554071e-03 -6.854834253737195071e-02 1.154851277484229138e-01 4.571070602287100396e-03 9.932986917200451460e-01 3.936797215822689378e+00
9.910127327177452594e-01 -4.922640737638193410e-03 -1.336769640316665675e-01 -2.792063887148252821e-01 4.356033328407344328e-03 9.999802483672353137e-01 -4.530766146562424830e-03 -7.672653356826927840e-02 1.336966293391590732e-01 3.907745546261331970e-03 9.910146019721477462e-01 4.301929510515017263e+00
9.888003395475916113e-01 -3.833509457623385935e-03 -1.491951478098312300e-01 -3.600033955473993519e-01 3.329432301780301928e-03 9.999878752179189867e-01 -3.628262980303671292e-03 -8.033309260110604866e-02 1.492072504126276677e-01 3.090892416729479081e-03 9.888011141779856628e-01 4.732980432132028348e+00
9.866572127268621317e-01 -3.251907449015344499e-03 -1.627788960320430967e-01 -4.448351275722215448e-01 2.605460323519407859e-03 9.999878500889802790e-01 -4.184644173636882167e-03 -8.765286199359420549e-02 1.627905291740477656e-01 3.704695288611791620e-03 9.866536978731220708e-01 5.177474513832432734e+00
9.845834959155254085e-01 -4.685342173705501698e-03 -1.748524703186360163e-01 -5.430325864108402900e-01 3.882492589702268761e-03 9.999802938631540128e-01 -4.933369069578868657e-03 -9.741608042003670198e-02 1.748721421985254820e-01 4.178450226378971344e-03 9.845822846292874297e-01 5.623440651957807290e+00
9.827884591195474862e-01 -7.227480123209525584e-03 -1.845930857864760410e-01 -6.357805504141929021e-01 6.090728969093081070e-03 9.999588416316396167e-01 -6.724437025324762895e-03 -1.058436793689055549e-01 1.846340921636867860e-01 5.484392533927611585e-03 9.827920300306536294e-01 6.053181379685972807e+00
9.811386746632687617e-01 -6.445130988426846751e-03 -1.931977237577456874e-01 -7.352541551241186246e-01 4.894538256567335446e-03 9.999518771289500618e-01 -8.502171119688612527e-03 -1.188078787622109667e-01 1.932432274748007439e-01 7.396195149804734963e-03 9.811230056632026519e-01 6.500441524219857214e+00
9.796677747343122133e-01 -6.169082580478484935e-03 -2.005317745537753826e-01 -8.376160848279414761e-01 4.096683539515629489e-03 9.999338482476203271e-01 -1.074785124460029932e-02 -1.191076747382261991e-01 2.005848168719011893e-01 9.707808202110063123e-03 9.796282410528154294e-01 6.975752225815637253e+00
9.781095976370027811e-01 -6.606694507227959048e-03 -2.079854936640914420e-01 -9.364970604765711082e-01 3.955247681367097569e-03 9.999055607624836028e-01 -1.316151837574731226e-02 -1.285533489046697952e-01 2.080528093954510938e-01 1.205077322641765619e-02 9.780433571149930172e-01 7.452403053235073571e+00
9.762523880509732521e-01 -1.093865681340245623e-02 -2.163599304932069534e-01 -1.059567255708144140e+00 7.818459535908197852e-03 9.998528074394463783e-01 -1.527203761374368134e-02 -1.443171208854180654e-01 2.164951432364811967e-01 1.321776176040982166e-02 9.761942147088321642e-01 7.937817013728412974e+00
9.744499940395909832e-01 -1.625271623277351613e-02 -2.240157520850520889e-01 -1.168264656438679605e+00 1.296310892448161549e-02 9.997855824537805747e-01 -1.614765935533728214e-02 -1.582508504870305255e-01 2.242301663745201734e-01 1.283114589202236956e-02 9.744517409054849200e-01 8.451866877191509531e+00
9.724055611274565747e-01 -1.735139020884132396e-02 -2.326507096899906590e-01 -1.293972583001573362e+00 1.342161494353508872e-02 9.997394402095883814e-01 -1.846380022538969198e-02 -1.806651052599146934e-01 2.329104668927826638e-01 1.483175371279463715e-02 9.723850753397612623e-01 8.971399193783730297e+00
9.704716832906949975e-01 -1.344001812193477627e-02 -2.408403548686047502e-01 -1.438790326089646410e+00 8.220448746659107797e-03 9.997093420556505405e-01 -2.266397172140941982e-02 -1.833411154282726385e-01 2.410749610532106069e-01 2.001492696663578763e-02 9.703000913001905703e-01 9.495375187309532450e+00
9.680888159807475857e-01 -1.092008692484858733e-02 -2.503693165442058555e-01 -1.594575376345324758e+00 4.628557616792814029e-03 9.996588807845081526e-01 -2.570405636922160758e-02 -2.022925652828977960e-01 2.505646056060796267e-01 2.372496068651682929e-02 9.678091268813540093e-01 1.003853438750862281e+01
9.658867552359560182e-01 -1.317439110778721896e-02 -2.586294839942516743e-01 -1.753402341049773439e+00 6.258496229523066029e-03 9.996009526459225247e-01 -2.754571984227634218e-02 -2.246686486172320418e-01 2.588891811294948275e-01 2.498741431162161339e-02 9.655837729168618155e-01 1.060503096635160425e+01
9.638325204021112036e-01 -1.552122797150397304e-02 -2.660563145964898180e-01 -1.927605401899585402e+00 7.999667058330561104e-03 9.995377402537166667e-01 -2.933106065429451695e-02 -2.594966248747343496e-01 2.663885861399922783e-01 2.614186818943644436e-02 9.635111444498967170e-01 1.120222934595675746e+01
9.613973838434914931e-01 -1.557130442727776114e-02 -2.747227751105748017e-01 -2.081865519394661135e+00 6.987771015974591701e-03 9.994571642582441573e-01 -3.219546324405143933e-02 -2.862027588182260995e-01 2.750749758650025689e-01 2.903293431642007399e-02 9.609843120708649877e-01 1.172834683835381142e+01
9.592852770926592054e-01 -1.460321851652002061e-02 -2.820611661112253366e-01 -2.307071300218192622e+00 4.688395094508609855e-03 9.993481798795287308e-01 -3.579433348919183050e-02 -3.045557331648203747e-01 2.824000303008339374e-01 3.301456298864750144e-02 9.587284616949300897e-01 1.232994182618328871e+01
9.573461025871639052e-01 -1.542110527599326215e-02 -2.885318484471120493e-01 -2.499828095575229003e+00 3.873858112654416600e-03 9.991700407203112366e-01 -4.054901893322983980e-02 -3.318361002454878750e-01 2.889176944194082886e-01 3.770171389208922669e-02 9.566112838764483373e-01 1.293009572014755015e+01
9.548784205440788986e-01 -1.616406618122889771e-02 -2.965567787940900368e-01 -2.666176691531449983e+00 2.200410715804366167e-03 9.988754882678883007e-01 -4.735944589451927117e-02 -3.681750871908029410e-01 2.969888235354442574e-01 4.456996633063170510e-02 9.538402165489565654e-01 1.353967913387280753e+01
9.539864447678202408e-01 -1.731258906670927675e-02 -2.993495206835578570e-01 -2.891561747263230675e+00 6.404598909030637935e-04 9.984471680287704265e-01 -5.570316371995503307e-02 -4.048867759161110524e-01 2.998490523023725762e-01 5.294834198435183215e-02 9.525161525444635346e-01 1.415682761264410061e+01
9.524359467141120250e-01 -1.663028103788441805e-02 -3.042847337203079539e-01 -3.073125231266624624e+00 -3.145201052299458847e-03 9.979201932156722687e-01 -6.438474714037030477e-02 -4.527802137297023410e-01 3.047226219231102817e-01 6.227938456841174836e-02 9.504027588073634680e-01 1.476054317941086502e+01
9.511589997700868881e-01 -1.587364918805838493e-02 -3.082930138443090717e-01 -3.298170743013618011e+00 -7.022758051060861741e-03 9.973059672099318096e-01 -7.301704333388851775e-02 -4.985081745520442142e-01 3.086215145615712752e-01 7.161588553762787690e-02 9.484850698564496474e-01 1.539085736010906480e+01
9.498853664216597714e-01 -1.541036251995690602e-02 -3.122183679811324497e-01 -3.532157340239111321e+00 -1.036681835844253767e-02 9.966818012353342304e-01 -8.073361221702470003e-02 -5.606731528207062887e-01 3.124265049422739748e-01 7.992438839392972116e-02 9.465737019648320372e-01 1.605233343229568277e+01
9.484593372449248161e-01 -1.383814706465778463e-02 -3.165965715912488765e-01 -3.772840889417859334e+00 -1.452394354987652896e-02 9.960981216077955391e-01 -8.704933757384017423e-02 -6.159963995535764347e-01 3.165658572011364469e-01 8.716098828008370103e-02 9.445575802104858587e-01 1.672844792376720235e+01
9.466024915414713581e-01 -1.238657811351210995e-02 -3.221650097145116742e-01 -4.020913658001784796e+00 -1.856484607493947420e-02 9.955094894025758867e-01 -9.282350445502067504e-02 -6.895115166260638029e-01 3.218680953941582823e-01 9.384790498585543483e-02 9.421218085381491969e-01 1.739808446710573619e+01
9.448898526553932697e-01 -1.125916591139405724e-02 -3.271947359935718502e-01 -4.267308745395268055e+00 -2.214012286438111349e-02 9.949229630731846186e-01 -9.817388903875196027e-02 -7.594356407281515065e-01 3.266389178988475805e-01 1.000076438345351704e-01 9.398433331032954863e-01 1.806045291416563359e+01
9.432408203627569154e-01 -8.542548970120605878e-03 -3.319996646443040267e-01 -4.512625072814762994e+00 -2.665619284823395746e-02 9.944965442414859247e-01 -1.013216208913530481e-01 -8.384762464772665957e-01 3.310380697149609697e-01 1.044205365617248971e-01 9.378220248494057998e-01 1.875595475123522959e+01
9.417181892140846777e-01 -8.067062099437836281e-03 -3.363060692617562131e-01 -4.806798090548062063e+00 -2.824063095796534514e-02 9.942877138503550816e-01 -1.029291447356708161e-01 -9.227670981154514340e-01 3.352153342615402098e-01 1.064277440685557352e-01 9.361110069707824222e-01 1.944562094353732462e+01
9.393252250384547253e-01 -7.264420638065129977e-03 -3.429509401095762744e-01 -5.072844842998000203e+00 -2.954730096066690223e-02 9.943464251230943463e-01 -1.019909007818403934e-01 -1.013128877540115935e+00 3.417529519075144240e-01 1.059359011398348926e-01 9.338000359809214279e-01 2.015628836004159652e+01
9.369133447059507791e-01 -7.174343132062173389e-03 -3.494880695378976831e-01 -5.333455567065030323e+00 -2.995459026502682656e-02 9.944640545554359612e-01 -1.007172612500584485e-01 -1.094244671979595962e+00 3.482759087693672595e-01 1.048321186858449383e-01 9.315117395027391334e-01 2.088834319925665639e+01
9.342774689133999111e-01 -6.657872169257135660e-03 -3.564846156028210200e-01 -5.608354384601270226e+00 -3.062812487382337440e-02 9.946312214272322594e-01 -9.884660504043348006e-02 -1.180443804970265242e+00 3.552288427460961739e-01 1.032686119221558618e-01 9.290576223955459012e-01 2.161185152010151000e+01
9.313682060393089213e-01 -6.207671731284571635e-03 -3.640257227588610811e-01 -5.896963868740552783e+00 -3.081954198043408005e-02 9.949215668337031415e-01 -9.581874391562492099e-02 -1.266173559687042482e+00 3.627718599446635439e-01 1.004616382693890447e-01 9.264469977418685609e-01 2.230750471906556243e+01
9.277611427984262527e-01 -3.253040497444764211e-03 -3.731603901124471157e-01 -6.247095000094570416e+00 -3.272747090162009265e-02 9.953997944959023236e-01 -9.004533182437989003e-02 -1.345226198216861846e+00 3.717367030844503373e-01 9.575315631205014166e-02 9.233867875980934503e-01 2.312175271183686931e+01
9.243620257031224252e-01 -1.424067361017465269e-03 -3.815138456950269985e-01 -6.562938300782723999e+00 -3.363503328814500259e-02 9.957950778413378057e-01 -8.521060678687089607e-02 -1.429921810594803055e+00 3.800309618045166205e-01 9.159768049990503480e-02 9.204272573016385461e-01 2.384785304513422588e+01
9.210939146501341268e-01 1.072738153785344215e-03 -3.893389866136092170e-01 -6.900928000802208473e+00 -3.558960645637308795e-02 9.960415494113232793e-01 -8.145312636494797531e-02 -1.507506222511459049e+00 3.877104362211140631e-01 8.888240080136534937e-02 9.174859887578655782e-01 2.460027447445829907e+01
9.172370455555391988e-01 3.008560077160057824e-03 -3.983304502062262609e-01 -7.234029191016890792e+00 -3.763096693161111644e-02 9.961538519814056025e-01 -7.912909423526276465e-02 -1.576949342496183348e+00 3.965603544795898716e-01 8.756969705786951663e-02 9.138224316755606536e-01 2.531403245851559447e+01
9.130843611664952730e-01 3.467806187181308574e-03 -4.077559568002158685e-01 -7.576858499667028291e+00 -3.874899858709450473e-02 9.961766446589654933e-01 -7.829819788768804800e-02 -1.655525393653675348e+00 4.059254448512279456e-01 8.729299542606812345e-02 9.097276897683628238e-01 2.607513432413582777e+01
9.095681703382350047e-01 3.210245854833355169e-03 -4.155423375581225875e-01 -7.947540450310608406e+00 -3.878189985828544434e-02 9.962616937123046634e-01 -7.719198102270816153e-02 -1.725601251114903700e+00 4.137411148653586390e-01 8.632689068347577932e-02 9.062924259263087645e-01 2.682699292968474225e+01
9.057244846434133745e-01 3.673545174096826214e-03 -4.238509871731141465e-01 -8.328575179018899988e+00 -3.964299934175746082e-02 9.963135087411323365e-01 -7.607775598668345407e-02 -1.800526210921242765e+00 4.220089963618122164e-01 8.570821114392364326e-02 9.025311701736469239e-01 2.764701060148747302e+01
9.015082425513138986e-01 4.154642002751476187e-03 -4.327419829007194130e-01 -8.734190358687689226e+00 -3.973669928657065642e-02 9.965243143039214102e-01 -7.321397262261650218e-02 -1.868851372225728724e+00 4.309337373131488236e-01 8.319873820574852363e-02 8.985399755976583025e-01 2.842007829462544777e+01
8.978250093691702016e-01 4.134434007266051675e-03 -4.403330047675798609e-01 -9.107288315713750748e+00 -3.848291968772770549e-02 9.968668367515800544e-01 -6.910553331366429963e-02 -1.941333127687161930e+00 4.386676648294486891e-01 7.898997608102947821e-02 8.951710827397638681e-01 2.917273604466156911e+01
8.939870122256773355e-01 5.454769651301140561e-03 -4.480596650140540316e-01 -9.524289559709695041e+00 -3.809278825507010635e-02 9.972313449379748285e-01 -6.386379426222600630e-02 -2.010284223487792232e+00 4.464707877240509104e-01 7.416124484267658246e-02 8.917196585577701340e-01 2.999510217349012109e+01
8.907459293770400022e-01 6.046463328574044893e-03 -4.544613574608471485e-01 -9.941489624026031535e+00 -3.723570132056667342e-02 9.975210119800346220e-01 -5.971041172507529637e-02 -2.078839073410933214e+00 4.529737241583574603e-01 7.010899378613127952e-02 8.887629258153233458e-01 3.078747031987790450e+01
8.867569691797663189e-01 5.141845699548873612e-03 -4.622073503862864641e-01 -1.037049765540733048e+01 -3.571823856611768683e-02 9.977105351812654011e-01 -5.742730607457462860e-02 -2.147642906972628385e+00 4.608538684840381983e-01 6.743329649257898128e-02 8.849104286024154220e-01 3.161018705969780385e+01
8.829113824407868183e-01 5.495455716568282793e-03 -4.695074933537338735e-01 -1.080952282785283458e+01 -3.612070209099797757e-02 9.977633043343258068e-01 -5.624663071844596129e-02 -2.204810682210583739e+00 4.681482551492878730e-01 6.661973096972904906e-02 8.811350787427439935e-01 3.243442884297724049e+01
8.803989777893045376e-01 5.844177199153146977e-03 -4.741977235409691738e-01 -1.126581685425426471e+01 -3.609459622982622712e-02 9.978493763222657797e-01 -5.471565004868992471e-02 -2.262586172692004016e+00 4.728581428564545552e-01 6.528757790722344856e-02 8.787165147704626422e-01 3.323811060754556479e+01
8.773519800181889261e-01 3.868149092340105594e-03 -4.798317788527673433e-01 -1.173758613026785014e+01 -3.352847715225711761e-02 9.980176470958986856e-01 -5.325990390239662003e-02 -2.323176156524613845e+00 4.786745739089711682e-01 6.281571112312180072e-02 8.757424525819437200e-01 3.408425928711573505e+01
8.745986578169000492e-01 3.297990231662900878e-03 -4.848363706804539319e-01 -1.223429560568213503e+01 -3.301083610019081571e-02 9.980614907259830471e-01 -5.275931659487596848e-02 -2.384909561759584129e+00 4.837225194822741825e-01 6.214808158362866014e-02 8.730121102906570618e-01 3.492904286654072621e+01
8.731974896835520417e-01 2.663029921469737670e-03 -4.873592592407157142e-01 -1.270545416454998922e+01 -3.281464059333843997e-02 9.980370826954545471e-01 -5.334023794790283129e-02 -2.442686903356313888e+00 4.862605750246212777e-01 6.256908094363715367e-02 8.715708622619573465e-01 3.576222885920967087e+01
8.710311147772241691e-01 1.511573216876477711e-03 -4.912255158835576729e-01 -1.320350932789878762e+01 -3.194197315806824450e-02 9.980532109015685105e-01 -5.356770122378289034e-02 -2.511854613959258131e+00 4.901882403272649902e-01 6.234984688789237811e-02 8.693836842066010595e-01 3.663229008039903789e+01
8.708316998740314174e-01 2.412030665990269346e-03 -4.915753531389190911e-01 -1.371083565786392455e+01 -3.257152043827635235e-02 9.980735846034753944e-01 -5.280355887402966159e-02 -2.565427326770536531e+00 4.905010194378755517e-01 6.199436972319293665e-02 8.692326804632304338e-01 3.749365175015448415e+01
8.705763049399232179e-01 2.888031563141141896e-03 -4.920249503360117349e-01 -1.421043030539138918e+01 -3.233583658257913745e-02 9.981568131582682080e-01 -5.135533151811089159e-02 -2.634613607986113770e+00 4.909697490439367540e-01 6.061877325504035074e-02 8.690650577450305114e-01 3.837497580565248256e+01
8.699981885433029083e-01 1.630564348116423637e-03 -4.930522166841556087e-01 -1.471910283589874524e+01 -3.080308888647144763e-02 9.982208834786318041e-01 -5.105132276227411503e-02 -2.691274135984095039e+00 4.920917853338227510e-01 5.960208968710033195e-02 8.685005874911282397e-01 3.927020671585867717e+01
8.696330412880639571e-01 3.607087515427083316e-04 -4.936985300418715861e-01 -1.523904191034167965e+01 -2.959901173356737497e-02 9.982389917750711383e-01 -5.140830530882051219e-02 -2.753824697519817288e+00 4.928105879181111648e-01 5.931934957938850284e-02 8.681122876532787469e-01 4.016429614274353810e+01
8.685996818362232696e-01 -2.226471492718508187e-03 -4.955094657887771370e-01 -1.576644611784669614e+01 -2.724033781817980851e-02 9.982631611643283387e-01 -5.223624318416368595e-02 -2.816605425168448029e+00 4.947651567198669276e-01 5.887022954893232629e-02 8.670304150241817664e-01 4.110759450922125069e+01
8.674441673048225443e-01 -3.170062056048370339e-03 -4.975244340010367416e-01 -1.629942739393240103e+01 -2.534557075207648225e-02 9.983997681876504160e-01 -5.055200260202739881e-02 -2.883349482101624783e+00 4.968885411072767599e-01 5.646108062090442192e-02 8.659757092076983964e-01 4.200190365656641944e+01
8.659325590307653808e-01 -2.447769816195461724e-03 -5.001547827396684021e-01 -1.684898187382778190e+01 -2.442952944065583665e-02 9.985874994083197009e-01 -4.718266798105840570e-02 -2.950039878569726159e+00 4.995638147209733870e-01 5.307555445795927862e-02 8.646496316053908782e-01 4.294231305478447069e+01
8.628245363118605127e-01 -2.084125696526443767e-03 -5.054992294004141407e-01 -1.738355048943587633e+01 -2.274764289033913423e-02 9.988184188700812705e-01 -4.294544106770967901e-02 -3.012507343246966229e+00 5.049914534428607826e-01 4.855329622258455768e-02 8.617576308741256019e-01 4.386229544349673404e+01
8.586064897291386666e-01 -3.711739412125015895e-03 -5.126218036943125389e-01 -1.792382649267957362e+01 -2.027483263878386566e-02 9.989455183304224439e-01 -4.119202112166745616e-02 -3.080359767755561418e+00 5.122341562712809937e-01 4.576105790113151744e-02 8.576258507394096675e-01 4.473977442007174687e+01
8.534288716314303302e-01 -6.596058649957953907e-03 -5.211675812614676717e-01 -1.847795430267234451e+01 -1.859118667921067641e-02 9.988983736665628665e-01 -4.308604059839473560e-02 -3.141683324268146560e+00 5.208776563538597415e-01 4.645999477045315712e-02 8.523660840772639968e-01 4.565419180210479055e+01
8.476447972338536641e-01 -8.919887388255587010e-03 -5.304891401711306909e-01 -1.905928758244713350e+01 -1.830137464601096220e-02 9.987720844963497990e-01 -4.603675645403480787e-02 -3.208136749349816075e+00 5.302483961480322083e-01 4.873149756925963805e-02 8.464407155796712656e-01 4.654991943549539712e+01
8.413480221349540766e-01 -9.998787516259108679e-03 -5.404012622268801191e-01 -1.964085515376515190e+01 -1.753659614644084014e-02 9.987974733098841096e-01 -4.578291309848681739e-02 -3.274886606725258442e+00 5.402091982122154690e-01 4.799616204069748898e-02 8.401609347329137556e-01 4.745392990361135332e+01
8.354460070603410005e-01 -6.707232794555487848e-03 -5.495315973179711877e-01 -2.025099925273847745e+01 -1.898364544789980096e-02 9.989765932185387109e-01 -4.105347048966193763e-02 -3.325406957569591260e+00 5.492445676042955194e-01 4.473007092739898771e-02 8.344636789843384861e-01 4.834238284729902091e+01
8.307318258333996619e-01 -2.839339840506251156e-03 -5.566655779602837084e-01 -2.085774387209968239e+01 -2.140462269615765051e-02 9.990845646044447248e-01 -3.703883011068844627e-02 -3.384370326541808360e+00 5.562611620020017078e-01 4.268455152618543663e-02 8.299105702908747828e-01 4.922795441144000250e+01
8.269011449064561647e-01 -3.135239278451440025e-03 -5.623385641257493406e-01 -2.148140442709597409e+01 -2.221362382543433378e-02 9.990218667577159817e-01 -3.823433924287654440e-02 -3.442519823309156290e+00 5.619084055705702019e-01 4.410759612658646939e-02 8.260226811633287758e-01 5.009777554835461189e+01
8.229692938589158180e-01 -4.651352714271732129e-03 -5.680668094912845190e-01 -2.207973717796949487e+01 -2.329813463303298526e-02 9.988488286942687200e-01 -4.193106700534984799e-02 -3.504472211328005127e+00 5.676079132435024599e-01 4.774287754773096776e-02 8.219135481685395650e-01 5.095501057282413626e+01
8.203089497637596761e-01 -7.288380937441825240e-03 -5.718741995658662702e-01 -2.268334862515556694e+01 -2.479672289285796485e-02 9.985252752988845737e-01 -4.829489791134931181e-02 -3.574621601124580828e+00 5.713828440112318496e-01 5.379734303060345474e-02 8.189184927225460209e-01 5.183095478488920094e+01
8.164989509926059430e-01 -8.317200583641897252e-03 -5.772870003569524622e-01 -2.331137130233738830e+01 -2.522602227104096470e-02 9.984273987722154242e-01 -5.006373160643540904e-02 -3.637723923306208640e+00 5.767955581413098942e-01 5.543963906821324644e-02 8.150051146518687561e-01 5.268078478402077280e+01
8.131210222345184313e-01 -7.515978264776249085e-03 -5.820461379911588962e-01 -2.392043786411885264e+01 -2.455506797144363720e-02 9.985836826712526371e-01 -4.719827730946065530e-02 -3.695469115310045183e+00 5.815765272038768696e-01 5.267009394537756212e-02 8.117848302897213708e-01 5.350867394415572420e+01
8.101176134775994742e-01 -4.226964080798849104e-03 -5.862521458346686698e-01 -2.457006915024841120e+01 -2.473263904003877162e-02 9.988373709134433787e-01 -4.137877569378693027e-02 -3.758364974885880283e+00 5.857454687307936947e-01 4.802123764538325512e-02 8.090712040133007932e-01 5.439247487596659170e+01
8.073053238689337219e-01 -2.701389666651239641e-03 -5.901277911193728576e-01 -2.522778324192457688e+01 -2.495603826359115568e-02 9.989386835795504016e-01 -3.871308111546313546e-02 -3.823454781768211852e+00 5.896060680849433133e-01 4.598052812269245310e-02 8.063811023079444640e-01 5.525989477779301495e+01
8.044702914087543677e-01 -1.913540664287166539e-03 -5.939897994286333915e-01 -2.586901133471463865e+01 -2.640610251792237587e-02 9.988909829896059911e-01 -3.898104541978846677e-02 -3.881073576890178956e+00 5.934056566804133404e-01 4.704404841181438618e-02 8.035275918449463761e-01 5.611708900346801698e+01
8.015059976353757776e-01 -2.920291565925855863e-03 -5.979795989756430119e-01 -2.652487542956441047e+01 -2.686141824666608141e-02 9.988028615514160657e-01 -4.088163422324227192e-02 -3.929374296426579427e+00 5.973831311927663146e-01 4.882945505309795736e-02 8.004680416455621783e-01 5.699298085473652975e+01
7.971017006907572533e-01 -4.773280570987195430e-03 -6.038262064250924377e-01 -2.717568411410706020e+01 -2.661657298291676341e-02 9.987191226395354393e-01 -4.303106047195038447e-02 -3.991638685748747140e+00 6.032581888276773441e-01 5.037191570651267797e-02 7.959536636353917727e-01 5.784367117291014182e+01
7.924185328696460306e-01 -5.879619974596794751e-03 -6.099494173459825141e-01 -2.783517863054655095e+01 -2.569255848814737744e-02 9.987443990962227014e-01 -4.300602002855095224e-02 -4.056379348237620697e+00 6.094364338634922218e-01 4.974992829488213836e-02 7.912725098099477883e-01 5.865945945230566139e+01
7.887158283995940877e-01 -7.007954969257897300e-03 -6.147180031398391531e-01 -2.851994251991126816e+01 -2.440332089729495973e-02 9.987899798715397237e-01 -4.269723739325277656e-02 -4.117126777990378628e+00 6.142734128873711397e-01 4.867714755913091218e-02 7.875904498509647134e-01 5.952640318575566170e+01
7.841262626197574859e-01 -7.157558053454993532e-03 -6.205600424540000937e-01 -2.918853128565204713e+01 -2.401466620799668633e-02 9.988346297015520125e-01 -4.186500160105895846e-02 -4.176113873341904537e+00 6.201365220816470458e-01 4.772998941419175772e-02 7.830405796572729171e-01 6.034854696645888339e+01
7.786937857674505192e-01 -7.474081978115509201e-03 -6.273596405685005761e-01 -2.987018904117942242e+01 -2.470214457393154692e-02 9.987884908908213344e-01 -4.256001130016701106e-02 -4.243486090790453247e+00 6.269176964692994014e-01 4.863834475830319803e-02 7.775657661702424228e-01 6.119281981684333971e+01
7.728461909180164291e-01 -9.201593123718480871e-03 -6.345266647026643891e-01 -3.056220065882366654e+01 -2.400575670123216571e-02 9.987552721011342394e-01 -4.372219273472591206e-02 -4.303685478642499618e+00 6.341391764199065806e-01 4.902282274109315968e-02 7.716633173778879584e-01 6.203009726740472018e+01
7.676848622495398011e-01 -1.110671559924119450e-02 -6.407312895088185245e-01 -3.128224019177887527e+01 -2.267530246259412408e-02 9.987528592523672311e-01 -4.448097157342970065e-02 -4.367199682009966111e+00 6.404262559508853148e-01 4.867614420899482597e-02 7.664756039306672708e-01 6.284998656261848282e+01
7.619186778027535745e-01 -1.177986908324567608e-02 -6.475655605109333912e-01 -3.200944193805425897e+01 -2.270814649658092418e-02 9.987339860202605335e-01 -4.488613693866112808e-02 -4.435181514199582509e+00 6.472744974343171975e-01 4.890459960610435419e-02 7.606865800116768828e-01 6.368599381085740418e+01
7.559475505928894279e-01 -1.368583851807982608e-02 -6.544891064644794421e-01 -3.270772889915509296e+01 -2.220469941217389706e-02 9.986700817417143439e-01 -4.652976675616993241e-02 -4.500423883904185018e+00 6.542554996051825889e-01 4.970679697335627506e-02 7.546383131213568740e-01 6.448913081674653824e+01
7.491195129212134818e-01 -1.507640141453153726e-02 -6.622632778639780948e-01 -3.346581799661516499e+01 -2.107333741963463361e-02 9.986926120063512879e-01 -4.657232233540779115e-02 -4.567544562197588753e+00 6.620995972480756553e-01 4.884433281186795900e-02 7.478224138899874918e-01 6.532911114143281850e+01
7.436642600448465368e-01 -1.484876752932813918e-02 -6.683883407256869802e-01 -3.420516993458223709e+01 -2.076971883969704405e-02 9.987576264805474446e-01 -4.529704582129993190e-02 -4.624491839511664537e+00 6.682305695769157339e-01 4.756803183182672229e-02 7.424319474628348070e-01 6.616618200746981415e+01
7.371021006454008262e-01 -1.613007153821869114e-02 -6.755888582797375808e-01 -3.495414519734029568e+01 -1.912280740938701595e-02 9.988169095381161933e-01 -4.471129038676870115e-02 -4.695993138254725530e+00 6.755107835089793067e-01 4.587594152707628881e-02 7.359215908683066631e-01 6.694851807074211081e+01
7.309740228314712818e-01 -1.769082557585942642e-02 -6.821759332436730938e-01 -3.573885964426184358e+01 -1.779299949740158898e-02 9.988299424783765312e-01 -4.496838005729721088e-02 -4.767655095748731142e+00 6.821732876973665149e-01 4.500867353125834192e-02 7.298039692758720998e-01 6.777927399397081842e+01
7.244190524265462505e-01 -1.901889016955862419e-02 -6.890974600118968674e-01 -3.648303563962716822e+01 -1.809252181156247030e-02 9.987504626345363734e-01 -4.658512712146940793e-02 -4.829490467320265878e+00 6.891224162899777239e-01 4.621466430155623389e-02 7.231697650250091813e-01 6.854249356560731599e+01
7.187325171069735008e-01 -1.784428808414320611e-02 -6.950576531395997737e-01 -3.726030624113239043e+01 -2.054631714962076861e-02 9.986889349757994694e-01 -4.688560590301895509e-02 -4.897245533225663472e+00 6.949830396055958204e-01 4.797908436550054473e-02 7.174235786057837627e-01 6.933619513802608481e+01
7.126473149371631566e-01 -1.789877842565594859e-02 -7.012941102308957175e-01 -3.807363984453606065e+01 -2.005289480851926362e-02 9.987462166788176887e-01 -4.586802929568174758e-02 -4.958145942508534354e+00 7.012358331610216711e-01 4.675070476498538463e-02 7.113948882738755364e-01 7.014615835726168314e+01
7.081035652616243237e-01 -1.693276232478085550e-02 -7.059055270439270613e-01 -3.889097569462292370e+01 -2.188044955439781905e-02 9.987061589319471411e-01 -4.590483716026678290e-02 -5.030562030434699849e+00 7.057695053528300067e-01 4.795090896089405225e-02 7.068168963179177755e-01 7.096567196442136094e+01
7.033466459310795393e-01 -1.763654184504665975e-02 -7.106281999901554736e-01 -3.970060694048433447e+01 -2.221843283201864472e-02 9.986582870074786067e-01 -4.677571025679378575e-02 -5.103252947615173341e+00 7.104997149265684930e-01 4.868858368387702501e-02 7.020111012654097760e-01 7.174849069116464761e+01
6.982091492962494428e-01 -2.029617903044645885e-02 -7.156060644007421478e-01 -4.053013349409089727e+01 -2.135335588511998520e-02 9.985628428741368801e-01 -4.915570217504655615e-02 -5.170902605799689411e+00 7.155753113186644754e-01 4.960155180519903312e-02 6.967723225025582723e-01 7.252985522792798179e+01
6.933923681523707083e-01 -2.252746052884967848e-02 -7.202079752745138563e-01 -4.137968636180470128e+01 -2.126684232321944187e-02 9.984359240979285843e-01 -5.170519238062801226e-02 -5.247793457477783363e+00 7.202463144367218240e-01 5.116853509262001692e-02 6.918287629082395807e-01 7.332164891310605981e+01
6.886096776323468172e-01 -2.296138376714636220e-02 -7.247685678558690725e-01 -4.222028125868600057e+01 -2.197623021293770504e-02 9.983785870317791744e-01 -5.250944956758893389e-02 -5.313529892975471292e+00 7.247991208221022941e-01 5.208619589467482214e-02 6.869885533221206098e-01 7.410592782374183685e+01
6.843592871404181599e-01 -2.253305416216639517e-02 -7.287966916078948421e-01 -4.306371863515299481e+01 -2.178610615975163159e-02 9.984442016995054292e-01 -5.132778685353866360e-02 -5.392426999191171078e+00 7.288194153237486095e-01 5.100428955729534308e-02 6.828036556271700475e-01 7.492619988891220828e+01
6.789724261265358551e-01 -2.327366155311808363e-02 -7.337947746039429342e-01 -4.393568694115285211e+01 -2.015332557210507483e-02 9.985298965050720676e-01 -5.031788234037225249e-02 -5.462213839317188402e+00 7.338871143636446215e-01 4.895285946690527967e-02 6.775052257314753135e-01 7.568619178736425113e+01
6.735468277373267698e-01 -2.335397833516268326e-02 -7.387755088068921339e-01 -4.479606800628808827e+01 -2.090092154437210581e-02 9.984992668210588285e-01 -5.061981496551663101e-02 -5.541159213458035637e+00 7.388489906950924668e-01 4.953590456155611971e-02 6.720478950234093363e-01 7.645942015406171777e+01
6.693067190254012866e-01 -2.480774089421326073e-02 -7.425719370104240102e-01 -4.566110931164861597e+01 -1.958322704342693385e-02 9.985061727347867011e-01 -5.100902132565052205e-02 -5.614816674644163896e+00 7.427280942009746312e-01 4.868263535516077073e-02 6.678210758097736788e-01 7.723431455464766771e+01
6.647629663085847795e-01 -2.536531532062481081e-02 -7.466235926329649608e-01 -4.654846992862685084e+01 -1.902631230820324426e-02 9.985243642578225387e-01 -5.086347854627653459e-02 -5.692389762459007407e+00 7.468120292288802364e-01 4.801765032872264138e-02 6.632994109425442986e-01 7.801269312327390537e+01
6.603208703386920231e-01 -2.567218019913044408e-02 -7.505446535224796767e-01 -4.744740841601197445e+01 -1.844137637129054583e-02 9.985598489920796128e-01 -5.037999249553144765e-02 -5.769102388481750943e+00 7.507571330817635058e-01 4.710803672346555032e-02 6.588964792782755486e-01 7.880928961746812433e+01
6.575984696585719380e-01 -2.939301219173507881e-02 -7.527949873993255991e-01 -4.836871248204121088e+01 -1.503004652021943353e-02 9.985278702060946809e-01 -5.211708107688388381e-02 -5.840020012503127411e+00 7.532186664663280684e-01 4.558665621875599566e-02 6.561886220655122059e-01 7.956997210597110382e+01
6.524988505636427627e-01 -3.349179548532148221e-02 -7.570492315939684191e-01 -4.928170164970319433e+01 -1.220057161047676843e-02 9.984290564507082300e-01 -5.468606125894949488e-02 -5.926150754765412643e+00 7.576914974421924409e-01 4.491902524789383178e-02 6.510651937073371753e-01 8.035125338267665995e+01
6.477598982111839598e-01 -3.742586806876007505e-02 -7.609247058537456088e-01 -5.014410840240815759e+01 -8.384562370925129071e-03 9.983819173566170768e-01 -5.624274360875210210e-02 -6.000270943875778862e+00 7.617984134454318657e-01 4.281181428287098717e-02 6.463979706964529948e-01 8.111078121963629428e+01
6.417762770743418166e-01 -4.167178298199713388e-02 -7.657588797219385679e-01 -5.109245820434825447e+01 -2.752619048621230292e-03 9.983909673374041782e-01 -5.663832108420323308e-02 -6.087741386272166544e+00 7.668869817393824118e-01 3.845697303493092467e-02 6.406289326049600108e-01 8.188792526683016604e+01
6.326248824332685317e-01 -4.512191035479242579e-02 -7.731427813310622899e-01 -5.198738170707651562e+01 2.054907141766810011e-03 9.983955792665346607e-01 -5.658661181068395940e-02 -6.167628413792021647e+00 7.744556444257170158e-01 3.420936168918531362e-02 6.317026083683122684e-01 8.262554843352877754e+01
6.238743879885173538e-01 -4.577872523085695783e-02 -7.801826998425763771e-01 -5.293927390637538366e+01 3.906708592352850853e-03 9.984531468903511398e-01 -5.546215888975355307e-02 -6.259711226768794212e+00 7.815148722422805561e-01 3.155347361533644701e-02 6.230881911780182802e-01 8.336909188555529227e+01
6.148964308144928559e-01 -4.544384954238718521e-02 -7.872974180864019678e-01 -5.391937700352717400e+01 5.253214647302570893e-03 9.985521621498029132e-01 -5.353487813429664427e-02 -6.339277951787061660e+00 7.885903836601764194e-01 2.878256276763494284e-02 6.142448878818974611e-01 8.413558797133516975e+01
6.059400052830307137e-01 -4.480366556777847648e-02 -7.942476502811571804e-01 -5.490940587113878024e+01 4.196917485091038180e-03 9.985788825905281829e-01 -5.312815736661841842e-02 -6.422928940649835106e+00 7.954992810600644004e-01 2.885908370649988008e-02 6.052669317874539434e-01 8.487374615395150101e+01
5.971400112832954132e-01 -4.595394925582950429e-02 -8.008195987377314529e-01 -5.588271942878197507e+01 3.369552668104869222e-03 9.984925107150347534e-01 -5.478459763780487574e-02 -6.504591761557722229e+00 8.021299542541620031e-01 3.001567104427009178e-02 5.963946744835696423e-01 8.560104052104114203e+01
5.863625483154172313e-01 -4.826756351128386885e-02 -8.086094188690831075e-01 -5.689048123811154767e+01 3.702831872700962021e-03 9.983724571236174405e-01 -5.690980467579644098e-02 -6.591373232311454444e+00 8.100402839787473885e-01 3.037563297209424501e-02 5.855869459268614463e-01 8.632044966818550336e+01
5.771702993020990657e-01 -4.962644919694335355e-02 -8.151145005477569150e-01 -5.788985006484807627e+01 3.892525611304637964e-03 9.983076276030452556e-01 -5.802352012594809427e-02 -6.669220121066635976e+00 8.166145386518487426e-01 3.031659801043309552e-02 5.763866855801328404e-01 8.700339127868871003e+01
5.673577418514412773e-01 -5.030739814892257189e-02 -8.219332978556711522e-01 -5.888133238504780564e+01 5.795601410791215331e-03 9.983513712937929219e-01 -5.710473195119322720e-02 -6.764361696006868208e+00 8.234510397452657893e-01 2.763521356106959925e-02 5.667139423656059050e-01 8.772450327790176061e+01
5.566608875052746486e-01 -5.062244514064894590e-02 -8.291960032700204097e-01 -5.993861982097433838e+01 7.646982382935245230e-03 9.984115951075731576e-01 -5.581944449763623362e-02 -6.844023363211944044e+00 8.307046354096593310e-01 2.473165382587724781e-02 5.561637947313281538e-01 8.839815484406298651e+01
5.464992136332949002e-01 -5.071756650379304066e-02 -8.359224397197343448e-01 -6.097365596225385787e+01 7.518308776213236504e-03 9.984213864414046569e-01 -5.566156751986981593e-02 -6.931086355526177023e+00 8.374258749529314150e-01 2.413427939463101343e-02 5.460178140567851779e-01 8.906192345318564207e+01
5.370148055436807510e-01 -5.236040900901241940e-02 -8.419462413401219703e-01 -6.200087480123509209e+01 7.560478568831820873e-03 9.983304639222093657e-01 -5.726363537584497343e-02 -7.017248349475169178e+00 8.435389436679503472e-01 2.438590303132764231e-02 5.365141108765523192e-01 8.972266347370732831e+01
5.263949781524480676e-01 -5.269736041842864455e-02 -8.486055044034681583e-01 -6.309509701426644313e+01 6.188948179419687980e-03 9.982884720119765687e-01 -5.815344820329178266e-02 -7.105823492974669087e+00 8.502176402496615104e-01 2.535970713807031429e-02 5.258201808314425518e-01 9.037262018452284451e+01
5.162597247065723316e-01 -5.339974670653299671e-02 -8.547656699034137384e-01 -6.412073015117614716e+01 4.835399965021042017e-03 9.982200916596650764e-01 -5.944129444262608031e-02 -7.190099385543913257e+00 8.564184302299512330e-01 2.655401195473340234e-02 5.155990400425984888e-01 9.099762605919492842e+01
