7.775645662947948678e-01 -6.284423792137034948e-01 2.129603838763817827e-02 -6.596097297324199360e+01 6.274769369910226935e-01 7.776779561132960428e-01 3.859650398431465484e-02 2.571277701066871302e+01 -4.081713839984257158e-02 -1.664850094354052013e-02 9.990279218466224798e-01 -8.850668504125763780e-01 -4.809208017785018303e-24 -1.416202385148814181e-23 -3.430527606006730092e-24 9.999999999999997780e-01
7.494775868809460118e-01 -6.614513773051581280e-01 2.766626509349315310e-02 -6.556199057555525656e+01 6.606977955384113477e-01 7.499658524474488441e-01 3.208805281495637207e-02 2.609242451069623669e+01 -4.197344081437224400e-02 -5.770236033409680172e-03 9.991020641767892618e-01 -8.928449910650354537e-01 -4.809208017785018303e-24 -1.416202385148814181e-23 -3.430527606006730092e-24 9.999999999999997780e-01
7.210848776214962008e-01 -6.927512770885038140e-01 1.150075466385751775e-02 -6.520636568019291701e+01 6.923933770491642603e-01 7.211141500879584276e-01 2.420318081111834038e-02 2.649084988847374333e+01 -2.506014134130402776e-02 -9.489501312914044515e-03 9.996409048657349805e-01 -9.026165271934450951e-01 9.531506303512796396e-19 -1.381255272756860836e-18 3.370310756107676464e-20 9.999999999999996669e-01
6.910263620873501322e-01 -7.226897578984785575e-01 -1.421551015474853234e-02 -6.487163655333752388e+01 7.228257866508623897e-01 6.909526235322799304e-01 1.036118653542682233e-02 2.690229905320994064e+01 2.334320647444588365e-03 -1.743519034873394422e-02 9.998452705717103539e-01 -9.072716516441332590e-01 1.594475592702953349e-18 6.621725976658534110e-19 1.394524775594524496e-19 9.999999999999997780e-01
6.563646960566466015e-01 -7.539026111859387091e-01 -2.856989005032130324e-02 -6.453140517708607149e+01 7.539579600411198124e-01 6.568303138047785206e-01 -1.101514220285002878e-02 2.732669184532158013e+01 2.706991431643367488e-02 -1.431054555694507603e-02 9.995311040806891256e-01 -9.272668441924173388e-01 4.983562978795820774e-18 3.079322929510832106e-18 2.465332870400044424e-19 1.000000000000000000e+00
6.189164557253690191e-01 -7.849625657178795901e-01 -2.786020915121039873e-02 -6.419358396733649386e+01 7.842527263970210383e-01 6.195420708536125698e-01 -3.339586173846594008e-02 2.777567908394675911e+01 4.347507298654159497e-02 -1.180196601762449442e-03 9.990538149493217723e-01 -9.386756638785579421e-01 5.275838599786871383e-18 4.769832161319688932e-18 3.054025011866390680e-19 1.000000000000000222e+00
5.860455277496520177e-01 -8.099732160144224036e-01 -2.222675738574715620e-02 -6.386861593856821173e+01 8.090129968699295571e-01 5.864425980882719269e-01 -3.978756141069527547e-02 2.826623299818449198e+01 4.526157642156763972e-02 5.335586821458054158e-03 9.989609207637216715e-01 -9.605816235672851588e-01 5.028567797052676723e-18 7.956769619969087633e-18 3.303760504436389470e-19 1.000000000000000666e+00
5.572756485015648575e-01 -8.301757299103358356e-01 -1.587794240453228867e-02 -6.356589361405539762e+01 8.298317224522450131e-01 5.575017825121544313e-01 -2.389717363428297062e-02 2.876830694533100896e+01 2.869083475778723413e-02 1.412926398485004655e-04 9.995883232797828644e-01 -9.312790485365761706e-01 8.008804451226570087e-18 1.056831011183541998e-17 1.961293048710821378e-19 1.000000000000001110e+00
5.286394647560103133e-01 -8.488096996844185504e-01 -7.900001526995100581e-03 -6.328579289066078672e+01 8.487700909169904051e-01 5.286938500474340774e-01 -8.493861711882960686e-03 2.927827358155821713e+01 1.138635443151235667e-02 -2.215094505231071306e-03 9.999327198812367756e-01 -8.752921165045772778e-01 1.162644105883082891e-17 1.539700588209685446e-17 1.362822682555957787e-19 1.000000000000001554e+00
4.987984373892140888e-01 -8.666953348277806057e-01 -6.270203014331044399e-03 -6.301199737236534304e+01 8.666809566448887558e-01 4.988309568753201417e-01 -5.638781069328587837e-03 2.979790187740281127e+01 8.014876616343976495e-03 -2.621650360657581599e-03 9.999644437189777468e-01 -8.681553475828400757e-01 1.580943847459225289e-17 1.993188573861409925e-17 1.284274119445690834e-19 1.000000000000001998e+00
4.712329240185546553e-01 -8.819982603694435097e-01 -4.312774768111747072e-03 -6.274889262771618803e+01 8.818780938507978506e-01 4.712416349022552353e-01 -1.491137554779338285e-02 3.032254217287562881e+01 1.518416632555984885e-02 3.223389508814799003e-03 9.998795181685961042e-01 -8.632670658548537990e-01 1.944933406043061777e-17 2.469480805104061451e-17 1.372615392211254828e-19 1.000000000000002220e+00
4.458363786420162511e-01 -8.950978396493789457e-01 -5.457191071385375167e-03 -6.250101373496810453e+01 8.948463778355305598e-01 4.458437660120407875e-01 -2.175537595228653476e-02 3.086124617720806285e+01 2.190624463476604014e-02 4.815990367176985025e-03 9.997484296975789331e-01 -8.590084533435418113e-01 2.453088347057045670e-17 2.964870600018300820e-17 7.226200739695973330e-20 1.000000000000002220e+00
4.227475727905685710e-01 -9.062289859742332920e-01 -5.789186453906264122e-03 -6.226150042551903852e+01 9.059859836823569434e-01 4.227704157697462217e-01 -2.132071577082035249e-02 3.141637803526690931e+01 2.176894739732261608e-02 3.768359058108526009e-03 9.997559264136467450e-01 -8.544134628369478568e-01 2.852969596875970807e-17 3.601961934143836127e-17 -1.594507221927177942e-20 1.000000000000002220e+00
4.031672991029112696e-01 -9.151124385964103380e-01 -5.035241821177485581e-03 -6.202986077710220059e+01 9.150040045913061526e-01 4.031972699348239653e-01 -1.412915775864099534e-02 3.199209934256603205e+01 1.495996376758465009e-02 1.089147941686550297e-03 9.998875002923168775e-01 -8.481013995138725337e-01 3.265033402848603678e-17 4.061411695260173280e-17 -1.066978776489977780e-19 1.000000000000001776e+00
3.860043428448902136e-01 -9.224942133781974807e-01 -2.252462791784875292e-03 -6.180429852098610155e+01 9.224794785104265538e-01 3.860109092348225079e-01 -5.214372332981734304e-03 3.257451952075420110e+01 5.679703513850604783e-03 -6.508033578935250741e-05 9.999838682361461561e-01 -8.427042350558233696e-01 3.655890368003083237e-17 4.475988206118351379e-17 -1.345713622202302666e-19 1.000000000000001332e+00
3.696666531306998515e-01 -9.291632515456177410e-01 1.489140800939551352e-03 -6.157913755638114139e+01 9.291625308831149566e-01 3.696686698693767981e-01 1.437261242522917771e-03 3.316294752943322521e+01 -1.885939028553352496e-03 8.523462822436810374e-04 9.999978583675938060e-01 -8.395709664920976145e-01 4.013896922884487863e-17 4.836365288040604057e-17 -1.108193511273283018e-19 1.000000000000000888e+00
3.555317417908397948e-01 -9.346622799054432607e-01 1.898183640611411259e-03 -6.136322881012701913e+01 9.346564771413937711e-01 3.555363278708449926e-01 3.345041366303013082e-03 3.376029864710706363e+01 -3.801357231012879832e-03 5.848812511765864603e-04 9.999926037711972526e-01 -8.412541233607929714e-01 4.364755770125301727e-17 5.509782565748046769e-17 -6.485521655735573571e-20 1.000000000000000666e+00
3.426299270145674036e-01 -9.394703662770398367e-01 4.049707155423505167e-04 -6.115897710343850946e+01 9.394675299909056587e-01 3.426299043408131961e-01 2.347071404881302583e-03 3.435966972873175962e+01 -2.343759109947734457e-03 -4.237200663038335059e-04 9.999971636232327654e-01 -8.460776796859159621e-01 4.810996853861602449e-17 6.408011160688319063e-17 -1.008824254167479395e-20 1.000000000000000444e+00
3.303841676112601045e-01 -9.438364999368993313e-01 -4.354673200510042474e-03 -6.096125281521710093e+01 9.438464285518142205e-01 3.303783116756922045e-01 2.022494571635959169e-03 3.497616113531397986e+01 -4.702146177487748712e-04 -4.778342933360620222e-03 9.999884731020610706e-01 -8.508463869679853131e-01 5.333082663608547639e-17 7.584220102599560102e-17 5.621512070281377685e-20 1.000000000000000444e+00
3.199874494284464244e-01 -9.473927393658196916e-01 -7.418194201565178961e-03 -6.076630676479412330e+01 9.474217796809497605e-01 3.199781353927098615e-01 2.442182789058675810e-03 3.560141626679450155e+01 5.995370604120781884e-05 -7.809626594175405993e-03 9.999695026039422396e-01 -8.574584698411271688e-01 5.882570881984010662e-17 8.686645149098291054e-17 1.603261739972436747e-19 1.000000000000000222e+00
3.119364348646538332e-01 -9.500559041991010201e-01 -9.457245918649354044e-03 -6.057126253763798474e+01 9.501029074885988246e-01 3.119246750316277961e-01 2.731718893524927392e-03 3.623081977759524364e+01 3.546626964651393042e-04 -9.837479496842648288e-03 9.999515479319381894e-01 -8.601788162339059074e-01 6.515197846888841537e-17 9.913044852451923528e-17 2.875149247228023812e-19 9.999999999999998890e-01
3.059060068851058301e-01 -9.519961312813262078e-01 -1.117501574975168777e-02 -6.037353296844626982e+01 9.520600703304444856e-01 3.059062414997480994e-01 1.730287223425366807e-03 3.687170111379340653e+01 1.771280324002566606e-03 -1.116859153593542306e-02 9.999360605204071772e-01 -8.581645489551229522e-01 7.092436003833069529e-17 1.117119798336814560e-16 4.483252729399597163e-19 9.999999999999995559e-01
3.013260099470533304e-01 -9.534346435411957810e-01 -1.284586411543467768e-02 -6.017361808402191770e+01 9.535186199825969044e-01 3.013290579368642641e-01 1.743613877783850791e-03 3.752347504503971010e+01 2.208410256252672354e-03 -1.277416683651475850e-02 9.999159682621950873e-01 -8.586544816410942582e-01 7.738689036263338412e-17 1.248441744568873227e-16 6.463477409468595662e-19 9.999999999999993339e-01
2.980091044421313562e-01 -9.544750396336061371e-01 -1.296041612133422803e-02 -5.997372287896629217e+01 9.545595921289374841e-01 2.980169893857366747e-01 1.363492606462311579e-03 3.817824003770930119e+01 2.561004534075417109e-03 -1.277782273716794072e-02 9.999150806452616891e-01 -8.643722340178576768e-01 8.286097980542183759e-17 1.384179389681975117e-16 8.336011651086103147e-19 9.999999999999991118e-01
2.957788003975070357e-01 -9.551837874163013886e-01 -1.178276251468304663e-02 -5.977101776685582024e+01 9.552474937945486522e-01 2.958069610207925138e-01 -6.836745333106673296e-04 3.883714391127995214e+01 4.138458001988251818e-03 -1.105323792880274873e-02 9.999303471225370332e-01 -8.673697459484388528e-01 8.795468004092627615e-17 1.507627219865735148e-16 9.901996554837758597e-19 9.999999999999990008e-01
2.949279540389477261e-01 -9.554568884538262585e-01 -1.093783491150175473e-02 -5.956617033397692751e+01 9.555059292145678951e-01 2.949654372038249539e-01 -1.951945427779606078e-03 3.950718541248343030e+01 5.091282961594796770e-03 -9.875482839299447313e-03 9.999382749332250686e-01 -8.648026270896654877e-01 9.381155688633061194e-17 1.630308005800430511e-16 1.118624969515085545e-18 9.999999999999986677e-01
2.945613154669912692e-01 -9.555728526381757071e-01 -1.068432175273173988e-02 -5.936025630188077429e+01 9.556212729659407934e-01 2.945938109435424779e-01 -1.571371600778209525e-03 4.018465206322213845e+01 4.649095105596973664e-03 -9.747299868310453988e-03 9.999416863297133640e-01 -8.636913364293875572e-01 9.972571777593175102e-17 1.745664178609299200e-16 1.243410381941037658e-18 9.999999999999983347e-01
2.935479841474499252e-01 -9.558672018853809904e-01 -1.214386111596253183e-02 -5.915302718627150824e+01 9.559393565848294250e-01 2.935637854370838906e-01 5.004118552025634730e-04 4.087374796200655425e+01 3.086670559203931116e-03 -1.175568967298676673e-02 9.999261353845605438e-01 -8.644477181686907041e-01 1.061258033011676799e-16 1.849954497630118163e-16 1.349143233701315836e-18 9.999999999999976685e-01
2.929552819605247271e-01 -9.560680724251124918e-01 -1.053772559831254833e-02 -5.894456047647260988e+01 9.561258319733808575e-01 2.929284929938668069e-01 4.036263810177255149e-03 4.156889294606379082e+01 -7.721428816963602036e-04 -1.125783645737089139e-02 9.999363304298913846e-01 -8.659273236185607292e-01 1.130839461740274044e-16 1.940986848558185401e-16 1.475443656232026818e-18 9.999999999999971134e-01
2.924624047615513867e-01 -9.562554224955371884e-01 -6.427188265561165417e-03 -5.872659084360281412e+01 9.562729107969762943e-01 2.924348350654709661e-01 4.897684769550319540e-03 4.227077867661074606e+01 -2.803903878179723769e-03 -7.578534696414325131e-03 9.999673514344464831e-01 -8.719241646007794833e-01 1.208102919282408206e-16 2.027375142644282716e-16 1.637642797364507387e-18 9.999999999999967804e-01
2.919018850725556002e-01 -9.564464167411066420e-01 -1.881859245025662569e-03 -5.850616484761160052e+01 9.564474048884061830e-01 2.918984132373577678e-01 1.917819527064844320e-03 4.297210118148577607e+01 -1.284979887055722825e-03 -2.359714526448228929e-03 9.999963902804676064e-01 -8.769248966775045062e-01 1.277513066904554739e-16 2.137208272996068463e-16 1.794315074519202447e-18 9.999999999999961142e-01
2.916647153449399288e-01 -9.565205651291115441e-01 3.198560219796672539e-04 -5.828322231746193438e+01 9.565166864252422352e-01 2.916625411904519849e-01 -2.964904112229163440e-03 4.368802080453686898e+01 2.742701736800033045e-03 1.170705536196762087e-03 9.999955535079390057e-01 -8.777938348932443624e-01 1.349783950192402380e-16 2.240799435269897073e-16 1.887455380585827960e-18 9.999999999999953371e-01
2.914505907953741093e-01 -9.565800590014766902e-01 -3.338239924651450682e-03 -5.806777475688517143e+01 9.565657619358861607e-01 2.914653203481109012e-01 -5.469015119946438880e-03 4.440972087023341430e+01 6.204531975158446289e-03 -1.599298329270577466e-03 9.999794728031863311e-01 -8.772380051780377386e-01 1.418276924657810880e-16 2.326042876085521812e-16 1.921702044038702121e-18 9.999999999999944489e-01
2.909761865550113957e-01 -9.566808846450677306e-01 -9.723364267076489362e-03 -5.784943620653685059e+01 9.566807702727576634e-01 2.910495056001196623e-01 -7.217276511267535152e-03 4.514901789030399470e+01 9.734610840232785570e-03 -7.202100020106666674e-03 9.999266808656528394e-01 -8.790808103493048531e-01 1.497522510559158432e-16 2.405619205235293222e-16 1.946719572228656767e-18 9.999999999999937828e-01
2.904299451442645674e-01 -9.568583971139003053e-01 -8.512040657435177710e-03 -5.762407570686973912e+01 9.568449541582912943e-01 2.904949958239109731e-01 -7.771171280694356108e-03 4.588433674583756527e+01 9.908615710580151101e-03 -5.887722303897171931e-03 9.999335748241877653e-01 -8.791551841176080684e-01 1.567198020692923455e-16 2.511100211271689811e-16 2.011046879066966969e-18 9.999999999999932276e-01
2.898512023026869056e-01 -9.570642862348617275e-01 -3.772603541074611138e-03 -5.738926100275503472e+01 9.570354424748511724e-01 2.898722846451965984e-01 -7.564419444404464794e-03 4.662631927655122155e+01 8.333208903854659455e-03 -1.417959228530561114e-03 9.999642728722334395e-01 -8.811523784690746819e-01 1.630981887779380596e-16 2.595653261085867221e-16 2.059922191494990732e-18 9.999999999999926725e-01
2.901256271630482386e-01 -9.569810332189699897e-01 -3.797699624368497309e-03 -5.715996727854653869e+01 9.569765026724086354e-01 2.901396123369098801e-01 -3.870230724989089273e-03 4.738989108681083451e+01 4.805600494784872077e-03 -2.511456188373745006e-03 9.999852992877440450e-01 -8.769493470456067863e-01 1.689803217527171208e-16 2.685046160331912257e-16 2.080902015592278393e-18 9.999999999999921174e-01
2.914232621295714254e-01 -9.565777865732009166e-01 -5.605401369265823955e-03 -5.692862074427154084e+01 9.565941726575576398e-01 2.914166138219465574e-01 1.986460708305917179e-03 4.816060836906036968e+01 -2.666971013189444839e-04 -5.940995144951702681e-03 9.999823165682687476e-01 -8.750734160589589417e-01 1.754922847420945741e-16 2.765760208003296376e-16 2.123834775401189992e-18 9.999999999999915623e-01
2.912068764743134808e-01 -9.566289209957938855e-01 -7.724157464205846230e-03 -5.669381962097262573e+01 9.566472818512288256e-01 2.911516777507149323e-01 7.528523732581611332e-03 4.894419302281460205e+01 -4.953102130074013218e-03 -9.581652123350062333e-03 9.999418276688749607e-01 -8.815882531188663496e-01 1.811275609903436642e-16 2.885592906455562643e-16 2.240145164298880400e-18 9.999999999999910072e-01
2.908442009255525207e-01 -9.567642201287481774e-01 -3.446428504769657574e-03 -5.644924881026739172e+01 9.567376899721317107e-01 2.908025640676643597e-01 9.319941976924744215e-03 4.973167560771103979e+01 -7.914756771132264168e-03 -6.007979123257206622e-03 9.999506291872606312e-01 -8.977399422073931712e-01 1.863648276622686424e-16 2.997624679740013367e-16 2.425057611306574527e-18 9.999999999999903411e-01
2.903966682811215394e-01 -9.569025908390066393e-01 2.684529167806913932e-03 -5.620434116786765344e+01 9.568695537510522042e-01 2.904089613772391498e-01 7.955643031672272533e-03 5.051407774572176379e+01 -8.392386756204857357e-03 2.584519964013877588e-04 9.999647499022081831e-01 -9.081221314743841422e-01 1.906393965339622051e-16 3.114064691155755580e-16 2.571978012019180106e-18 9.999999999999896749e-01
2.895294407752340149e-01 -9.571677727114842327e-01 1.599314523984744817e-03 -5.596735099121585932e+01 9.571482627839861257e-01 2.895337584604923964e-01 6.116024961564729169e-03 5.130394150211004245e+01 -6.317117535396185417e-03 -2.399881686101736815e-04 9.999800180161628749e-01 -9.106649578575432002e-01 1.953890012521197069e-16 3.194113037785460259e-16 2.664500443752183775e-18 9.999999999999887867e-01
2.901829055734367890e-01 -9.569493131193953506e-01 -6.472513677319092357e-03 -5.573847186710647605e+01 9.569652962712086319e-01 2.901507160333501867e-01 5.475739026185158509e-03 5.211187721831335296e+01 -3.362000221916866798e-03 -7.782936829614148927e-03 9.999640607785327262e-01 -9.202194179558083054e-01 1.999877459644849428e-16 3.293607226785120832e-16 2.748863470080253618e-18 9.999999999999878986e-01
2.894370841397101990e-01 -9.571585941246505413e-01 -8.579045287834844921e-03 -5.549511712490751592e+01 9.571961178015364613e-01 2.894376243040609475e-01 1.205696013950899922e-03 5.291237484274618197e+01 1.329056185255231195e-03 -8.560801982594764062e-03 9.999624724353143312e-01 -9.303921288234429099e-01 2.040292813729231564e-16 3.407312913908569138e-16 2.902054518890831312e-18 9.999999999999870104e-01
2.886697734376997837e-01 -9.573969370549121338e-01 -7.801719126184417444e-03 -5.524739490096151684e+01 9.574118530331472421e-01 2.887034773385060982e-01 -3.584109970256185544e-03 5.371285941628885752e+01 5.683799348541315397e-03 -6.434834152353461831e-03 9.999631429879148881e-01 -9.316533342846483601e-01 2.080883716301278793e-16 3.509796566564550086e-16 3.052738140678882444e-18 9.999999999999861222e-01
2.887826662369082920e-01 -9.573449285662659625e-01 -9.760093727851155282e-03 -5.500393937743830719e+01 9.573681234119338912e-01 2.888355792580384884e-01 -4.503823861434539701e-03 5.452461134585938396e+01 7.130775258398917502e-03 -8.043376353589901800e-03 9.999422264015640494e-01 -9.278010502345133137e-01 2.134500262307804814e-16 3.588005690138735574e-16 3.158293401982873189e-18 9.999999999999852340e-01
2.890693692319279418e-01 -9.571845898984948642e-01 -1.538052771291091927e-02 -5.476857152335821866e+01 9.572925173897131046e-01 2.891191629755888726e-01 -1.070397099726416203e-03 5.535273628747532371e+01 5.471372907411758101e-03 -1.441424507862867042e-02 9.998811397447123772e-01 -9.265584846501166982e-01 2.201825602012079648e-16 3.654181849552561162e-16 3.234200495457974491e-18 9.999999999999840128e-01
2.891156909242371120e-01 -9.572141905112881988e-01 -1.237379267813273898e-02 -5.451955629448963947e+01 9.572941555611251818e-01 2.890897750677933753e-01 3.873200195759763688e-03 5.617984768666286044e+01 -1.303452480137998453e-04 -1.296516236358603510e-02 9.999159402544101072e-01 -9.279013338455140980e-01 2.255746137528711014e-16 3.732412722245320342e-16 3.366798810689550327e-18 9.999999999999829026e-01
2.881901869629026613e-01 -9.575548887067247827e-01 -5.920409796522300115e-03 -5.426346591104105244e+01 9.575572053030587671e-01 2.881441427198579985e-01 7.559866958262737545e-03 5.700661379331655354e+01 -5.533056158486299343e-03 -7.847810531122418817e-03 9.999538975169148802e-01 -9.350822716351030461e-01 2.309610276597131460e-16 3.810430417078185520e-16 3.543640448997311775e-18 9.999999999999821254e-01
2.877028389675074238e-01 -9.576775784361248878e-01 -8.985110504258384326e-03 -5.401509166902616954e+01 9.576863630946893524e-01 2.876018445905375032e-01 1.104576527818650067e-02 5.784729017322493405e+01 -7.994147388711746877e-03 -1.178281582992981268e-02 9.998986242907301758e-01 -9.443339661966225762e-01 2.364005930854084490e-16 3.887514087905427163e-16 3.709297093414657270e-18 9.999999999999813483e-01
2.881728000806451639e-01 -9.575268750950732821e-01 -9.935832343561164237e-03 -5.376659641686759983e+01 9.575488626501945655e-01 2.880668623325731148e-01 1.084704859304686485e-02 5.867673309891702615e+01 -7.524156495431312888e-03 -1.263986932572900949e-02 9.998918045330229543e-01 -9.612510856094752532e-01 2.413028246810232849e-16 3.965766145383190026e-16 3.932993383561669708e-18 9.999999999999810152e-01
2.863935257451483696e-01 -9.580946532300087526e-01 -5.777877062042976498e-03 -5.351300958209009906e+01 9.581082861095068237e-01 2.863702258168641102e-01 4.539367125184800775e-03 5.950641293772780216e+01 -2.694531412687036463e-03 -6.835877244897983589e-03 9.999730047769277430e-01 -9.571292029098299459e-01 2.453150732423185164e-16 4.092180331480959546e-16 4.176984788518636184e-18 9.999999999999805711e-01
2.859491725406871909e-01 -9.582316430986472788e-01 -5.018853232843028048e-03 -5.326211666978626624e+01 9.582422792342165652e-01 2.859564834442794301e-01 -7.898507400866202786e-04 6.034601280048465100e+01 2.192033593864000426e-03 -4.583420195422067793e-03 9.999870935406461880e-01 -9.608963002142678622e-01 2.494255593337582563e-16 4.224009847186772038e-16 4.328635143942766905e-18 9.999999999999801270e-01
2.858706921957261393e-01 -9.582376814750911409e-01 -7.648081117918454665e-03 -5.301511483809043312e+01 9.582606161178283122e-01 2.858910816253854570e-01 -1.697363998833752597e-03 6.119420047989022748e+01 3.812996326023440369e-03 -6.843628302920221063e-03 9.999693124343851380e-01 -9.677587763610809857e-01 2.529486955905110865e-16 4.366296656869157382e-16 4.417669169909234892e-18 9.999999999999794609e-01
2.851411653918931033e-01 -9.584662016136813456e-01 -6.087377366461683634e-03 -5.275901634478328361e+01 9.584853457160681378e-01 2.851393228819284476e-01 1.186842020675495405e-03 6.203805789758411748e+01 5.982026969284184479e-04 -6.173079516508091225e-03 9.999807674363732080e-01 -9.707576695547444068e-01 2.551603935781599804e-16 4.513740203586735000e-16 4.547125642616988363e-18 9.999999999999787947e-01
2.843412354756200688e-01 -9.587208433864284896e-01 -2.099110434903099596e-03 -5.250192362417933367e+01 9.587167690847233636e-01 2.843306811786790456e-01 4.268537948216810825e-03 6.289051376829280571e+01 -3.495494801915184028e-03 -3.226173727972239929e-03 9.999886865954945581e-01 -9.695303332866010981e-01 2.567202449944918909e-16 4.657818859554340162e-16 4.676195019876329595e-18 9.999999999999780176e-01
2.836766392086519928e-01 -9.589199984151440814e-01 -3.172991208900415066e-05 -5.225444967669486118e+01 9.588998254839815605e-01 2.836704565200450223e-01 6.495905210019583924e-03 6.374405739783254887e+01 -6.220052575048520306e-03 -1.873162365760578990e-03 9.999789008816758473e-01 -9.654447398932688440e-01 2.582791853233315305e-16 4.812465940344436218e-16 4.765609042128738129e-18 9.999999999999774625e-01
2.834718565465369489e-01 -9.589643754870811332e-01 -5.570735385259922325e-03 -5.201341761070765557e+01 9.589745995894493058e-01 2.834448391722085292e-01 5.171120661445362428e-03 6.459608840670263419e+01 -3.379924300324714612e-03 -6.808060909824535482e-03 9.999711127918518017e-01 -9.647486575653027030e-01 2.589013724374412356e-16 4.989700811411716935e-16 4.835039643082667369e-18 9.999999999999767963e-01
2.835033924475007239e-01 -9.589624545558905755e-01 -4.103318522516486572e-03 -5.176129284056223412e+01 9.589707920319526790e-01 2.835047718881190115e-01 2.536656743712654050e-04 6.544509750028416306e+01 9.200545239796386601e-04 -4.006877692728493326e-03 9.999915491796033118e-01 -9.739768741772706351e-01 2.593970735459223434e-16 5.158409061205422565e-16 4.987984316854381244e-18 9.999999999999757971e-01
2.830408716767698341e-01 -9.591039449565379460e-01 -2.736371549205030441e-03 -5.150858956341742356e+01 9.590982776196859128e-01 2.830496409696141580e-01 -3.659865287754088346e-03 6.629761127330758086e+01 4.284720220057545645e-03 -1.588557778503993032e-03 9.999895587737940295e-01 -9.870449467572219859e-01 2.597986629808212189e-16 5.352254306165607229e-16 5.104108324032196899e-18 9.999999999999750200e-01
2.835422729767845262e-01 -9.589468847327564660e-01 -4.965047481351360890e-03 -5.125861921654593090e+01 9.589578550948163471e-01 2.835481763113859022e-01 -5.136754202017089358e-04 6.715468642727120141e+01 1.900417602603583084e-03 -4.615622586944209162e-03 9.999875421428259248e-01 -9.916194704629780476e-01 2.597331533800043721e-16 5.559860914691670576e-16 5.173614561724116274e-18 9.999999999999741318e-01
2.839084676122116124e-01 -9.588395945068661774e-01 -4.755420484437120413e-03 -5.101121857618110056e+01 9.588425639898375819e-01 2.838810881418445398e-01 5.697830885282256438e-03 6.801806318924467121e+01 -4.113331913918525512e-03 -6.177362005501909302e-03 9.999724599702682903e-01 -9.832890556448221631e-01 2.597370567102453582e-16 5.789604255966173436e-16 5.309319953304160060e-18 9.999999999999732436e-01
2.831960578038198451e-01 -9.590556519623290033e-01 -3.499897637870869917e-03 -5.075740226757739748e+01 9.590283625756554908e-01 2.831536471907561969e-01 9.413387170972941156e-03 6.887550867629929030e+01 -8.036953389473950812e-03 -6.022335238230969862e-03 9.999495681574425143e-01 -9.793128705978313420e-01 2.594341520732734823e-16 5.979426624300765755e-16 5.472205534272876755e-18 9.999999999999721334e-01
2.832190134498911438e-01 -9.590477953930708344e-01 -3.783724639447139364e-03 -5.050910736438051174e+01 9.590138513897844552e-01 2.831679200258205298e-01 1.040970272307248194e-02 6.972364477720604725e+01 -8.911973011157489979e-03 -6.576870074610715461e-03 9.999386588770448059e-01 -9.859377821367379946e-01 2.582147886933712103e-16 6.161172686397837460e-16 5.617584343220335321e-18 9.999999999999711342e-01
2.835973499859408831e-01 -9.589326755323913654e-01 -4.546083723934987719e-03 -5.025538728334106509e+01 9.588886334689308288e-01 2.835272619401382199e-01 1.203662497603112148e-02 7.058842841371146903e+01 -1.025337432184808897e-02 -7.772742955657580867e-03 9.999172229648335408e-01 -1.004077742121881611e+00 2.572062945256883276e-16 6.342934805657920081e-16 5.770741943430412347e-18 9.999999999999702460e-01
2.836309039299348411e-01 -9.589073084402705005e-01 -7.091132187891192179e-03 -5.001114939942583959e+01 9.588846223254773316e-01 2.835340015046919349e-01 1.219635431031466585e-02 7.144610761367576401e+01 -9.684596200056874021e-03 -1.025884060753202466e-02 9.999004774404125495e-01 -1.017790092959156789e+00 2.558371490127640480e-16 6.525179560959029976e-16 5.951604781093422862e-18 9.999999999999695799e-01
2.837852207634348201e-01 -9.588395354047803965e-01 -9.627763030629600538e-03 -4.976547538869080967e+01 9.588707171077387459e-01 2.837057824583380516e-01 8.830451460269785405e-03 7.229304075124503015e+01 -5.735533931651842603e-03 -1.173773165841838530e-02 9.999146610115076106e-01 -1.028468730114266982e+00 2.544196935999629023e-16 6.731466776829735352e-16 6.212502411453251710e-18 9.999999999999686917e-01
2.838563654404870351e-01 -9.588182042021622387e-01 -9.654796188241301230e-03 -4.951411067444479386e+01 9.588639464400183776e-01 2.838657453383369722e-01 4.133291476964220815e-04 7.313035260973218499e+01 2.344358404926333728e-03 -9.374962084727796532e-03 9.999533059444798422e-01 -1.023014625866821792e+00 2.546397040235894222e-16 6.915678767506496880e-16 6.452949977236160573e-18 9.999999999999674705e-01
2.835449878307469418e-01 -9.589157760809775555e-01 -9.098035999907870888e-03 -4.926192428485190788e+01 9.589187013801581116e-01 2.836072376530520689e-01 -6.469844990282245731e-03 7.397450688544381592e+01 8.784305287982826019e-03 -6.889784747105385729e-03 9.999376814814273651e-01 -1.020383863441413741e+00 2.556244900738858765e-16 7.080235885321554300e-16 6.628277496480086283e-18 9.999999999999660272e-01
2.836551133146333337e-01 -9.588795355934556230e-01 -9.476967369199135877e-03 -4.900841344615143669e+01 9.588912377339749993e-01 2.837154627620881442e-01 -5.755900164468932823e-03 7.483116475495872066e+01 8.207977059362348352e-03 -7.454690457235994654e-03 9.999385264617403068e-01 -1.018293417082561270e+00 2.572876081073502949e-16 7.230301357263267298e-16 6.737424023254659506e-18 9.999999999999646949e-01
2.838259988335261053e-01 -9.588417583607632411e-01 -8.079901593722394609e-03 -4.875778585563315204e+01 9.588735030588977359e-01 2.838336911304469856e-01 2.022642540739809163e-04 7.568598549432203981e+01 2.099408880286983154e-03 -7.805011399485352504e-03 9.999673366060986002e-01 -1.011371637936443912e+00 2.585395772033346902e-16 7.378967242786998225e-16 6.860313023922351986e-18 9.999999999999635847e-01
2.835227965945836259e-01 -9.589384126425144483e-01 -7.207258134103483767e-03 -4.850673061288446775e+01 9.589519350862226732e-01 2.834708096163939817e-01 7.448911988993563160e-03 7.654572367842229141e+01 -5.100000540251745616e-03 -9.023350493072250858e-03 9.999462831272717400e-01 -1.008620064363875857e+00 2.594764193242532009e-16 7.566694225739926211e-16 7.008127265190391761e-18 9.999999999999624745e-01
2.833931025356324351e-01 -9.589772408188022013e-01 -7.141500315284137618e-03 -4.825606380738982182e+01 9.589601398450239289e-01 2.833012500654458199e-01 1.165555231515288254e-02 7.739989963967357767e+01 -9.154213432743481260e-03 -1.015151727340757488e-02 9.999065691719115634e-01 -1.014383851397153036e+00 2.600998132454429480e-16 7.740197013328148717e-16 7.172897251557530337e-18 9.999999999999614753e-01
2.832575096406463877e-01 -9.590185387445658849e-01 -6.973204168908654632e-03 -4.800556440186135632e+01 9.589985988267294426e-01 2.831659823852502589e-01 1.177768517865623345e-02 7.825298870633072568e+01 -9.320444220968379656e-03 -1.002341080035562722e-02 9.999063258901345064e-01 -1.024217574768352179e+00 2.619013116284210495e-16 7.898777106223198907e-16 7.398149131582904855e-18 9.999999999999603650e-01
2.839437499192427050e-01 -9.587862062112476602e-01 -1.024488461639402534e-02 -4.775942641246390252e+01 9.588213256075079904e-01 2.838533930245814019e-01 9.429572031284189429e-03 7.910218221589039445e+01 -6.132898334563850924e-03 -1.250048189128532411e-02 9.999030580562046078e-01 -1.034134286226214838e+00 2.644217142518955956e-16 8.038171020987917955e-16 7.613220107453577252e-18 9.999999999999590328e-01
2.842540301902421462e-01 -9.586645835589969744e-01 -1.272252137822752274e-02 -4.750990720593299699e+01 9.587417691400695885e-01 2.841753178416907000e-01 7.655640779276157507e-03 7.995280683839655467e+01 -3.723765123138718814e-03 -1.437375939928439011e-02 9.998897582302138654e-01 -1.041353574697926776e+00 2.674421129345577631e-16 8.181387590611103175e-16 7.905117331376896564e-18 9.999999999999578115e-01
2.835509044143766921e-01 -9.588737703804647294e-01 -1.264820469861933569e-02 -4.725798260370553550e+01 9.589526483404322565e-01 2.834843226655607284e-01 6.815940413078083390e-03 8.080820869648159999e+01 -2.950058740655683246e-03 -1.406169546105778129e-02 9.998967776094757065e-01 -1.044513091571742880e+00 2.712749648451658936e-16 8.301190173814407602e-16 8.233725306960089881e-18 9.999999999999565903e-01
2.826237463031348041e-01 -9.591509971685165947e-01 -1.237669811283088027e-02 -4.700500389560852454e+01 9.592211239683428037e-01 2.825392603408510839e-01 8.148723761794231940e-03 8.166382528824338749e+01 -4.318953391517365778e-03 -1.417501311195645125e-02 9.998902017944238940e-01 -1.048925837985405174e+00 2.752970673242265969e-16 8.419821088232589897e-16 8.584676135478831288e-18 9.999999999999551470e-01
2.824422139489050632e-01 -9.591881222589893063e-01 -1.358461986464091012e-02 -4.675758529167222122e+01 9.592515667278290747e-01 2.822872398924894943e-01 1.226156287246475858e-02 8.251924421496723028e+01 -7.926380621025732806e-03 -1.649425085273458283e-02 9.998325420682524500e-01 -1.050012011850804061e+00 2.804213978581016072e-16 8.545133068360911630e-16 8.950610087662039148e-18 9.999999999999539257e-01
2.821738380667972446e-01 -9.592733447462675755e-01 -1.313678689447995637e-02 -4.650765229028441183e+01 9.593156072773117993e-01 2.819968337037299655e-01 1.383298287506024710e-02 8.337441304694253574e+01 -9.565079441097303417e-03 -1.650563056712206142e-02 9.998180201488980900e-01 -1.056274211532483465e+00 2.860493991206638914e-16 8.676441631977090863e-16 9.327146596442957134e-18 9.999999999999528155e-01
2.812642845090689847e-01 -9.595558344778498672e-01 -1.195837694111333109e-02 -4.625417887327440525e+01 9.595894333893727479e-01 2.811153855075924635e-01 1.273810654556187597e-02 8.422484041281610700e+01 -8.861240712152673032e-03 -1.505790657672022477e-02 9.998473572811762411e-01 -1.062127129384621727e+00 2.914711643744617686e-16 8.785776015818557454e-16 9.692148628234191600e-18 9.999999999999515943e-01
2.806212050112730783e-01 -9.597207913771107490e-01 -1.370189390040056979e-02 -4.601250728721959149e+01 9.597903042491613412e-01 2.804747293932150498e-01 1.168323761154284497e-02 8.507786528199058296e+01 -7.369611062512061370e-03 -1.642950913244255531e-02 9.998378668874403630e-01 -1.077281793716971636e+00 2.962318539384706490e-16 8.862579962410001762e-16 1.002030062045381350e-17 9.999999999999501510e-01
2.798699817015443125e-01 -9.599448176909702868e-01 -1.336938033598825820e-02 -4.576632643640876807e+01 9.600135542221436280e-01 2.797365420436633832e-01 1.102010685976901466e-02 8.593534231886920338e+01 -6.838790245985038735e-03 -1.591898343929532694e-02 9.998498971914693279e-01 -1.090957444082567562e+00 3.004948767641902738e-16 8.933993103988259936e-16 1.032284576077910699e-17 9.999999999999487077e-01
2.784485135279278212e-01 -9.604074981287329393e-01 -9.157666303910893049e-03 -4.551281958460087651e+01 9.604352803322585563e-01 2.783764298871637677e-01 8.404497388284706827e-03 8.677731522142030940e+01 -5.522463857935831777e-03 -1.113556560850482643e-02 9.999227478015816351e-01 -1.093207573723785631e+00 3.056278929881857658e-16 8.984080699833983149e-16 1.052977156105111185e-17 9.999999999999471534e-01
2.771491110960117576e-01 -9.607219999311192860e-01 -1.419891076725379037e-02 -4.527268468513558730e+01 9.608263440443925996e-01 2.771025000964900675e-01 5.190474981630670455e-03 8.762554664033785912e+01 -1.052049832696526962e-03 -1.508122304924021904e-02 9.998857184208727045e-01 -1.094667281002762893e+00 3.116629644626326139e-16 9.002523486502834024e-16 1.069069462825652507e-17 9.999999999999454880e-01
2.764397429818263308e-01 -9.607864184632354254e-01 -2.169162503508005255e-02 -4.504102657581381663e+01 9.610224463617933477e-01 2.764634105077060089e-01 1.959652829551409431e-03 8.847857303166914278e+01 4.114132813111018132e-03 -2.138786448131338794e-02 9.997627884471634863e-01 -1.104579843022753582e+00 3.160190959827878347e-16 9.010682088060298256e-16 1.079248445777822689e-17 9.999999999999434896e-01
2.750957748485801657e-01 -9.611428758673140615e-01 -2.294965860090821680e-02 -4.480540901762777395e+01 9.614024946883227285e-01 2.751436273379935238e-01 1.107945092918644070e-03 8.932777598453627377e+01 5.249558780705610925e-03 -2.236865004498794426e-02 9.997360079677446443e-01 -1.106732766710734506e+00 3.200795318632035732e-16 9.041955832182536996e-16 1.092263220355126054e-17 9.999999999999418243e-01
2.738232798813206026e-01 -9.615424384869611929e-01 -2.137639781422126517e-02 -4.456560439740288615e+01 9.617772797373015381e-01 2.738079364163977236e-01 3.698396473601246823e-03 9.018119736912358064e+01 2.296862209803059249e-03 -2.157204079305050787e-02 9.997646580468368960e-01 -1.094626694494135188e+00 3.237805905120124383e-16 9.063916729156397835e-16 1.101199877461244008e-17 9.999999999999399369e-01
2.732973409839515866e-01 -9.617500839019289538e-01 -1.858331309690377381e-02 -4.432712299805859857e+01 9.619277602008622363e-01 2.732079860238094127e-01 7.237439307507072782e-03 9.103551415544481529e+01 -1.883498316382620132e-03 -1.985377766269379868e-02 9.998011201964603911e-01 -1.085132642226633415e+00 3.271743710353173237e-16 9.082489299635630199e-16 1.106594956755403149e-17 9.999999999999379385e-01
2.721740457718900830e-01 -9.620499797952958287e-01 -1.952242771663420529e-02 -4.409537071084196924e+01 9.622388677729861728e-01 2.720268509728255846e-01 9.887046916594059362e-03 9.189184801972447758e+01 -4.201208751252490450e-03 -2.147623630226416086e-02 9.997605318869062785e-01 -1.089180648847918098e+00 3.335206051828146529e-16 9.052505048569536583e-16 1.103939848003810276e-17 9.999999999999359401e-01
2.712845898302056469e-01 -9.623365689881087093e-01 -1.769178647756797576e-02 -4.386411423778554308e+01 9.624851050200140534e-01 2.711353861186623360e-01 1.039350801486343956e-02 9.274248146163527906e+01 -5.205183485058781714e-03 -1.984767952456673729e-02 9.997894656785677459e-01 -1.097899048048003534e+00 3.381710832650212654e-16 9.034181797266785576e-16 1.104185712607691695e-17 9.999999999999338307e-01
2.698281280928061521e-01 -9.628032460595369324e-01 -1.423694725225585662e-02 -4.362816366981483895e+01 9.628870622553024061e-01 2.696939640233962932e-01 1.066166547298380562e-02 9.359707888484672367e+01 -6.425467385745888167e-03 -1.658538955213830629e-02 9.998418065982864755e-01 -1.110448840916006041e+00 3.409542604399853167e-16 9.013918278411917153e-16 1.103638821946075462e-17 9.999999999999317213e-01
2.689185721006372987e-01 -9.630574775931139975e-01 -1.425119052048699764e-02 -4.340189261410025523e+01 9.631261939886971435e-01 2.687496790429430016e-01 1.271001444207759713e-02 9.444886396303120080e+01 -8.410471570408568562e-03 -1.714365382094995560e-02 9.998176629271282589e-01 -1.115431940723137005e+00 3.437745613624176884e-16 8.979474856454303992e-16 1.103402632715005407e-17 9.999999999999291678e-01
2.685134016042869387e-01 -9.630878355808508706e-01 -1.903612657529376792e-02 -4.318303810747141824e+01 9.632397527681052507e-01 2.682795634756750536e-01 1.397334993821629755e-02 9.529942692566056905e+01 -8.350559619934454919e-03 -2.208838557977101796e-02 9.997211468084158392e-01 -1.113831430761770713e+00 3.467596799009822251e-16 8.923654917507323847e-16 1.096244584361152586e-17 9.999999999999267253e-01
2.682740779118170660e-01 -9.630507827647623031e-01 -2.371094550293198835e-02 -4.296507416652125499e+01 9.633149140753836104e-01 2.679983906676619565e-01 1.418587041510054568e-02 9.615113736008066780e+01 -7.307218371480322071e-03 -2.664680873479723447e-02 9.996182031872621332e-01 -1.118365925420836238e+00 3.485783147064119481e-16 8.853494347034103707e-16 1.081895361176786335e-17 9.999999999999243938e-01
2.687255371742741650e-01 -9.628580775064079500e-01 -2.628513364923469944e-02 -4.273889504766271585e+01 9.632032456705594825e-01 2.684769641447262156e-01 1.263436794169536977e-02 9.700035043502840892e+01 -5.108150342577739284e-03 -2.871310335582375264e-02 9.995746417827687802e-01 -1.127852159250103181e+00 3.505943622811853152e-16 8.805410356487462093e-16 1.076138759204656411e-17 9.999999999999218403e-01
2.702660624749312901e-01 -9.623848606366982583e-01 -2.777832772992824828e-02 -4.250552302094330059e+01 9.627737133787191981e-01 2.700063738512525346e-01 1.278025455949847317e-02 9.784493737384867984e+01 -4.799197961148876472e-03 -3.019831281722431746e-02 9.995324054783341072e-01 -1.141506655965662587e+00 3.541194863754906293e-16 8.763319636905444650e-16 1.074890520675987985e-17 9.999999999999195088e-01
2.713607620130581433e-01 -9.620974977874141576e-01 -2.705072255553626556e-02 -4.226618624429292481e+01 9.624466523842681864e-01 2.710190424131509457e-01 1.565630747435308584e-02 9.869661305090615144e+01 -7.731633322095315605e-03 -3.028338489471041686e-02 9.995114498818211679e-01 -1.153178286798560714e+00 3.576883852809495033e-16 8.740227080783844897e-16 1.071392070245884605e-17 9.999999999999171774e-01
