1 0 0 0 0 1 0 0 0 0 1 0
0.99993696 -0.0023228756 0.010985888 0.009758266 0.002309507 0.99999658 0.0012294298 -0.0095397083 -0.010988707 -0.0012039803 0.9999389 0.29677714
0.99984587 -0.0036762402 0.017167594 0.025513098 0.0036515294 0.99999225 0.0014705275 -0.014094456 -0.017172869 -0.0014076128 0.99985154 0.58143177
0.99977732 -0.0071849556 0.019841516 0.029683186 0.0071823764 0.99997419 0.00020126896 -0.019566168 -0.019842452 -5.871488e-05 0.99980312 0.88321747
0.99980142 -0.0083030218 0.018115857 0.025052114 0.0083283555 0.99996444 -0.001323399 -0.019979493 -0.018104226 0.0014740115 0.99983502 1.1928082
0.99987074 -0.011220367 0.011515749 0.029302675 0.011258578 0.99993131 -0.0032586484 -0.023527994 -0.011478396 0.0033878782 0.99992838 1.5203015
0.999927 -0.012037935 -0.0010443364 0.022445149 0.012033867 0.9999203 -0.0038182078 -0.033163361 0.0010902166 0.0038053617 0.99999217 1.832848
0.99979855 -0.011893621 -0.016168183 -0.0003292203 0.011816523 0.99991839 -0.0048557204 -0.040441624 0.016224617 0.0046636906 0.9998575 2.1646369
0.99933559 -0.0077563733 -0.035611979 -0.039685781 0.0075891662 0.99995955 -0.0048280422 -0.044309474 0.03564799 0.0045545692 0.99935403 2.5119441
0.99846649 -0.0039128867 -0.055220958 -0.080304399 0.0035869604 0.99997557 -0.0060001052 -0.052408677 0.055243091 0.0057928287 0.99845613 2.86244
0.99715832 -0.0034575677 -0.075255041 -0.12127398 0.0029954431 0.99997596 -0.006252787 -0.053928057 0.075274858 0.0060095965 0.99714471 3.2065165
0.99531525 -0.0046060265 -0.096572967 -0.17918059 0.0040710936 0.99997526 -0.0057354689 -0.059563501 0.096597005 0.0053154421 0.99530938 3.5897065
0.99327751 -0.0057882503 -0.11561266 -0.24036401 0.0052547885 0.9999741 -0.0049184708 -0.069659081 0.11563814 0.0042778863 0.9932822 3.9919316
0.99105919 -0.00480655 -0.13333633 -0.31272392 0.0042708429 0.99998162 -0.0043034325 -0.075609001 0.13335457 0.0036954978 0.9910615 4.3764987
0.98889373 -0.0035020116 -0.14858308 -0.38847582 0.0029765802 0.99998851 -0.0037585033 -0.085838115 0.14859455 0.0032744908 0.98889278 4.7990428
0.98686167 -0.0027394569 -0.16154423 -0.47572974 0.0021523307 0.99999043 -0.0038093477 -0.092635021 0.16155314 0.0034116025 0.98685812 5.2227084
0.98460162 -0.0043514809 -0.17475901 -0.56042416 0.0035661201 0.99998208 -0.0048077379 -0.096885869 0.17477682 0.0041104949 0.9845995 5.64329
0.98286869 -0.0073131168 -0.18416201 -0.65259591 0.0061679706 0.99995792 -0.0067902402 -0.11053878 0.18420393 0.0055380086 0.98287245 6.0957475
0.98121799 -0.0066973825 -0.19278587 -0.74288818 0.0051634489 0.9999509 -0.0084580109 -0.1166878 0.19283307 0.0073037124 0.9812044 6.5220166
0.97975434 -0.0064656853 -0.20009901 -0.86150933 0.0044496585 0.99993473 -0.010523247 -0.12062341 0.20015401 0.0094198243 0.97971917 7.0097415
0.97822179 -0.0072620767 -0.20743526 -0.96313094 0.0046884871 0.99990586 -0.012895653 -0.13211002 0.20750939 0.011642251 0.97816375 7.4918519
0.97629139 -0.011206153 -0.21617016 -1.0797398 0.0081592105 0.99985447 -0.014982436 -0.146067 0.21630661 0.012863446 0.97624074 7.9937697
0.97453904 -0.016517361 -0.22360867 -1.1995771 0.013214232 0.99978047 -0.016260329 -0.1650826 0.22382818 0.012891509 0.97454336 8.5147274
0.97248139 -0.017689892 -0.23230801 -1.3325926 0.013842667 0.99973889 -0.018180766 -0.18766108 0.23256898 0.014464695 0.97247234 9.0182343
0.97057825 -0.013842847 -0.24038768 -1.4842273 0.008646524 0.99970589 -0.022657765 -0.19336242 0.24063065 0.019912616 0.97041248 9.5658588
0.96840778 -0.01043252 -0.24915363 -1.6413003 0.0041934148 0.99966452 -0.025558867 -0.20328734 0.24933671 0.023706601 0.96812665 10.094666
0.96612727 -0.013407694 -0.25771755 -1.7963478 0.0064797292 0.99959493 -0.02771259 -0.22941803 0.25798474 0.025103949 0.9658228 10.650437
0.96382236 -0.014965749 -0.26612494 -1.9555636 0.0073985245 0.99953991 -0.029414759 -0.25745877 0.26644273 0.026381671 0.96348964 11.218862
0.96175668 -0.015181442 -0.27348418 -2.1326885 0.0067715547 0.99947548 -0.03166871 -0.2830326 0.27382153 0.028605681 0.96135503 11.795823
0.95927351 -0.014659056 -0.28209827 -2.3198234 0.0047849254 0.99935254 -0.035659605 -0.30585842 0.28243838 0.032857496 0.95872256 12.384222
0.95719145 -0.015414501 -0.28904482 -2.5072334 0.003892738 0.99917624 -0.040394108 -0.33506118 0.28942939 0.03753972 0.95646297 12.967767
0.95531372 -0.016454625 -0.29513544 -2.7048312 0.0023410719 0.99883928 -0.048110344 -0.37609402 0.29558454 0.045269539 0.9542434 13.589413
0.95393081 -0.017122626 -0.29953766 -2.9143213 0.00043709572 0.99844841 -0.055682812 -0.41213662 0.30002636 0.052986624 0.95245819 14.203755
0.95269758 -0.016615882 -0.30346538 -3.1205534 -0.0030997672 0.9979212 -0.064371367 -0.45270052 0.30390414 0.062267118 0.9506656 14.816288
0.95098153 -0.016449981 -0.30880984 -3.3467092 -0.0065740706 0.99728319 -0.073369128 -0.5043772 0.30917781 0.071802825 0.94828975 15.446665
0.94980533 -0.015011736 -0.31248115 -3.5745463 -0.010647287 0.99671823 -0.080245862 -0.55853065 0.31266032 0.079545025 0.94652846 16.08547
0.94814126 -0.014674755 -0.31751031 -3.808265 -0.013768609 0.99609975 -0.087153407 -0.62409407 0.31755092 0.087005418 0.94424122 16.758054
0.94644106 -0.013139039 -0.32260916 -4.0661357 -0.017835871 0.99551847 -0.092870131 -0.6924926 0.32238363 0.093650123 0.94196521 17.427131
0.945029 -0.010582933 -0.32681521 -4.3079443 -0.022752886 0.99492524 -0.098010624 -0.76652372 0.32619396 0.10005887 0.93999241 18.11106
0.94328566 -0.0081404043 -0.33188235 -4.5770097 -0.027080664 0.99448096 -0.10136205 -0.84397133 0.33087583 0.10460097 0.93785918 18.802955
0.94127306 -0.0078677399 -0.33755462 -4.8389074 -0.02841453 0.99433635 -0.10241012 -0.92190557 0.33644859 0.10598735 0.93571846 19.486166
0.93942566 -0.0067747229 -0.34268574 -5.1150344 -0.030006798 0.99434023 -0.10191709 -1.0099484 0.34143671 0.10602643 0.93390544 20.226294
0.93695415 -0.0070386483 -0.34938142 -5.400643 -0.029984395 0.99449062 -0.10044573 -1.0965772 0.34816358 0.10458903 0.93158106 20.936258
0.93450351 -0.0072766303 -0.35587953 -5.6744205 -0.029750975 0.99469604 -0.098461475 -1.1772156 0.35470846 0.10260036 0.92933045 21.635961
0.93213141 -0.0065829069 -0.36206033 -5.9528571 -0.029918043 0.99501653 -0.09511577 -1.2598887 0.36088218 0.099492535 0.92728922 22.351764
0.92759057 -0.0027642848 -0.37358811 -6.3183951 -0.033049117 0.99544518 -0.089423991 -1.3431637 0.37213371 0.09529561 0.92327421 23.179178
0.92462458 -0.0012219536 -0.38087778 -6.6141701 -0.033451987 0.99586997 -0.084403541 -1.4257853 0.37940792 0.090782708 0.92076498 23.883745
0.92135606 0.0021062901 -0.38871398 -6.9565796 -0.036182535 0.99610859 -0.080364748 -1.5017664 0.3870321 0.088109206 0.9178469 24.657317
0.91755183 0.0010326516 -0.39761483 -7.2994601 -0.0351688 0.99628811 -0.078569444 -1.5735009 0.39605783 0.086075175 0.9141823 25.386503
0.91344078 0.003565507 -0.40695604 -7.6503768 -0.038649836 0.996202 -0.078024073 -1.6558814 0.40513226 0.086999156 0.91010934 26.157688
0.90965032 0.0045802138 -0.41534962 -8.0063893 -0.040173721 0.99622154 -0.076998089 -1.727051 0.41342761 0.086727477 0.90639725 26.911061
0.90596817 0.0050934393 -0.42331516 -8.3931069 -0.040656998 0.9963525 -0.075024676 -1.7996594 0.42138902 0.085180693 0.90287073 27.696814
0.90210002 0.0034365227 -0.43151329 -8.7875207 -0.038421637 0.99663642 -0.072385239 -1.8681024 0.42981315 0.081878174 0.89919778 28.478518
0.8985964 0.0056927169 -0.43873919 -9.1715555 -0.03971103 0.9968674 -0.068398953 -1.9376465 0.43697546 0.07888584 0.89600753 29.238043
0.89436923 0.006624551 -0.44728043 -9.5802501 -0.039048452 0.99722966 -0.063310467 -2.0094059 0.44562195 0.074088543 0.8921502 30.044566
0.89157787 0.0056471987 -0.45283219 -9.9950966 -0.036185271 0.99761352 -0.058803821 -2.0702771 0.45141948 0.068814042 0.88965448 30.860596
0.88748215 0.0071264664 -0.46078697 -10.436844 -0.037494407 0.99768215 -0.056784735 -2.139822 0.45931429 0.067672374 0.8856923 31.659552
0.88459953 0.0062614147 -0.4663094 -10.873149 -0.036440735 0.9977806 -0.055731102 -2.1997748 0.46492555 0.066292364 0.88286441 32.487381
0.88114873 0.0054349295 -0.47280795 -11.307386 -0.035114885 0.9979249 -0.053970714 -2.2508775 0.47153353 0.064158823 0.87951111 33.27578
0.87883115 0.0039361993 -0.47711665 -11.790181 -0.03305069 0.99806625 -0.052644119 -2.3173707 0.47598685 0.062034327 0.87726181 34.136937
0.8756264 0.0032951064 -0.48297777 -12.277349 -0.032546899 0.99810629 -0.052197135 -2.3771282 0.48189119 0.061424619 0.87407546 34.983614
0.87375899 0.0019854073 -0.48635508 -12.762268 -0.031571432 0.9981141 -0.052644989 -2.4361249 0.48533338 0.061353959 0.87217385 35.826797
0.87159538 0.0021702008 -0.49022114 -13.262167 -0.032434872 0.99805433 -0.05324965 -2.4961312 0.48915181 0.062312409 0.86996994 36.693065
0.87246281 0.001811773 -0.48867714 -13.755414 -0.031377907 0.99813728 -0.052320141 -2.5547671 0.48767212 0.060981044 0.87089451 37.559245
0.87198519 0.0018880589 -0.48952859 -14.276036 -0.030679174 0.99823762 -0.050797956 -2.6172998 0.48856999 0.0593134 0.87050635 38.473568
0.87159057 0.00077534167 -0.49023389 -14.78546 -0.029293353 0.99829427 -0.050501993 -2.6848156 0.48935857 0.058377656 0.87012658 39.364991
0.87114656 -0.0017754759 -0.49101986 -15.287703 -0.026902468 0.99831887 -0.051339027 -2.7490617 0.49028558 0.057933463 0.86963428 40.265148
0.87042225 -0.0020332969 -0.49230168 -15.81131 -0.026940321 0.99829635 -0.051755431 -2.8137301 0.49156825 0.058311844 0.86888458 41.184045
0.86929289 -0.0029045675 -0.4942888 -16.33142 -0.024881209 0.99845795 -0.049625128 -2.8723592 0.49367076 0.055437274 0.86788013 42.075136
0.86669037 -0.0016509262 -0.49884372 -16.875788 -0.024678427 0.99862819 -0.046181226 -2.9420595 0.49823568 0.052335503 0.8654607 43.019921
0.86436377 -0.0044389685 -0.50284744 -17.429892 -0.019321185 0.99892951 -0.04203014 -3.0034226 0.50249575 0.046044939 0.86335271 43.940863
0.86016098 -0.005645164 -0.50999137 -17.955536 -0.017019378 0.99906415 -0.039763976 -3.0617305 0.50973861 0.042883157 0.85925992 44.833487
0.85504777 -0.0087366182 -0.51847561 -18.546839 -0.015108034 0.99901388 -0.04174949 -3.1220577 0.51832912 0.043530956 0.8540726 45.746439
0.84939122 -0.01158778 -0.52763648 -19.104217 -0.014552919 0.99886451 -0.045364077 -3.1906254 0.52756307 0.0462105 0.84825811 46.599158
0.84328132 -0.0096296277 -0.53738614 -19.697168 -0.017001683 0.9988612 -0.044578489 -3.2458931 0.53720348 0.046728676 0.84215728 47.533362
0.83855994 -0.0063635026 -0.54477217 -20.288828 -0.018312791 0.99903751 -0.039858405 -3.3063366 0.54450152 0.04339996 0.8376363 48.43154
0.83428063 -0.0050592864 -0.55131679 -20.883368 -0.017115402 0.9992383 -0.035069637 -3.3658959 0.55107433 0.038693928 0.83355857 49.291858
0.82858666 -0.0034971076 -0.55984988 -21.51054 -0.020423145 0.99912612 -0.036467626 -3.4211021 0.55948822 0.041650484 0.82779116 50.187354
0.82591216 -0.0055002026 -0.56377196 -22.099389 -0.0214708 0.99892021 -0.041199737 -3.4748712 0.56338986 0.046131999 0.82490226 51.038625
0.82253276 -0.0062349705 -0.56868352 -22.695291 -0.02539016 0.99854031 -0.047671693 -3.5416151 0.5681507 0.053650496 0.82117382 51.886904
0.8201149 -0.0058087177 -0.57216936 -23.329515 -0.027310678 0.99841147 -0.049281532 -3.6082794 0.57154676 0.056042852 0.81865348 52.760418
0.81660893 -0.0072137919 -0.57714625 -23.949099 -0.0236937 0.9986601 -0.04600673 -3.674646 0.57670486 0.051244237 0.81534383 53.632968
0.81302124 -0.0045152073 -0.5822165 -24.572607 -0.022757543 0.99895934 -0.039526315 -3.7308056 0.58178913 0.045385551 0.81207241 54.512715
0.81078236 -0.0040421606 -0.58533375 -25.21339 -0.021814506 0.99907284 -0.037115967 -3.7879879 0.58494113 0.042861738 0.80994245 55.386733
0.80739855 -0.00065028412 -0.59000605 -25.859258 -0.026240593 0.99897031 -0.03701018 -3.8452162 0.58942264 0.045364075 0.80655011 56.202957
0.80406815 -0.0023154947 -0.5945326 -26.518167 -0.02626028 0.99887817 -0.039405661 -3.9050092 0.59395693 0.04729743 0.80310532 57.090402
0.79938745 -0.0040103533 -0.60080245 -27.16243 -0.026142807 0.99879847 -0.041450838 -3.9667331 0.60024685 0.048841943 0.79832212 57.931588
0.79676143 -0.0064492073 -0.60425954 -27.814332 -0.02371061 0.99883939 -0.041924734 -4.0204163 0.60382867 0.047731374 0.79568379 58.751472
0.79140043 -0.0067573534 -0.61126072 -28.484918 -0.023234008 0.99888389 -0.041123555 -4.0808203 0.61085643 0.046747236 0.79036014 59.605961
0.78706921 -0.0062481506 -0.61683303 -29.148722 -0.023862463 0.99889187 -0.040566302 -4.1402914 0.61640301 0.046647643 0.78604794 60.474579
0.781719 -0.007899057 -0.62358078 -29.851998 -0.02281277 0.99888834 -0.041251191 -4.2035954 0.62321346 0.046472445 0.78066979 61.30587
0.77554939 -0.009286606 -0.63121856 -30.526368 -0.022298032 0.99886488 -0.042092058 -4.259308 0.630893 0.046719402 0.77446198 62.128644
0.76926771 -0.0084687904 -0.63887044 -31.23189 -0.024568118 0.99878058 -0.042822332 -4.3254514 0.6384541 0.048637682 0.76812159 62.935685
0.76470845 -0.01245668 -0.64425599 -31.951317 -0.020580195 0.99883094 -0.043740322 -4.3805363 0.64404773 0.046707508 0.7635581 63.781046
0.75808106 -0.012825181 -0.65203419 -32.667038 -0.021630928 0.99876203 -0.044794122 -4.4440274 0.65180154 0.04806168 0.75686516 64.582138
0.75507534 -0.013618397 -0.65549656 -33.378816 -0.021569177 0.99872712 -0.045595075 -4.5182664 0.65528317 0.048566238 0.75382048 65.42895
0.74725797 -0.013944163 -0.66438773 -34.129919 -0.02014294 0.99884515 -0.043619154 -4.5755953 0.66422875 0.045977483 0.74611412 66.254719
0.74061884 -0.014037014 -0.67177873 -34.883861 -0.019536372 0.99890923 -0.04241085 -4.639033 0.67164135 0.044534393 0.73953676 67.067979
0.73361902 -0.017121706 -0.67934523 -35.675456 -0.016899464 0.99891373 -0.043425452 -4.7057167 0.67935085 0.043338308 0.73253276 67.925564
0.72680432 -0.019035176 -0.68658073 -36.43705 -0.016154811 0.9988656 -0.044794394 -4.7671169 0.6866546 0.043648341 0.72567233 68.667297
0.72296437 -0.01787014 -0.69065414 -37.179918 -0.018638942 0.99879708 -0.045354008 -4.8305096 0.69063387 0.045662395 0.72176162 69.481887
0.71694453 -0.018465672 -0.69688558 -38.000354 -0.017133461 0.99888044 -0.044094381 -4.8961108 0.69691967 0.043553288 0.71582549 70.296988
0.71239984 -0.016575068 -0.701578 -38.798312 -0.019979779 0.99883674 -0.043885893 -4.9666561 0.70148936 0.045281677 0.71123997 71.085999
0.70731141 -0.018110617 -0.70667003 -39.604487 -0.019401794 0.99879781 -0.045016701 -5.0303862 0.70663582 0.045551493 0.70610971 71.90615
0.70401084 -0.020539587 -0.70989212 -40.478277 -0.018896286 0.99868605 -0.047635108 -5.1064946 0.70993782 0.046949957 0.70269768 72.730964
0.69858163 -0.019664363 -0.71526008 -41.2692 -0.02308017 0.99848286 -0.049992879 -5.172998 0.71515807 0.051432431 0.69706792 73.473739
0.69231459 -0.021283897 -0.72128182 -42.126023 -0.022421536 0.99844776 -0.050983698 -5.2506687 0.72124741 0.051469005 0.69076273 74.309287
0.68785554 -0.022068787 -0.72551201 -42.987568 -0.02057358 0.99854331 -0.049879656 -5.3106361 0.72555601 0.049236378 0.68639952 75.077378
0.68285383 -0.022871294 -0.7301969 -43.813062 -0.018365445 0.99865652 -0.048454712 -5.3891433 0.73032418 0.046497877 0.68151639 75.825715
0.67922616 -0.022546563 -0.7335826 -44.700685 -0.01965381 0.9986108 -0.048889684 -5.4644855 0.73366586 0.047624846 0.67783945 76.646202
0.67432944 -0.024314981 -0.73803017 -45.590262 -0.017511353 0.9986501 -0.048901223 -5.536258 0.738223 0.045899442 0.67299338 77.430391
0.66916562 -0.024214299 -0.74271865 -46.472466 -0.017870184 0.99865558 -0.048658878 -5.6105136 0.74289842 0.045833368 0.66783327 78.232397
0.66412181 -0.026071038 -0.74716965 -47.358107 -0.015548795 0.99869398 -0.048668039 -5.6805019 0.74746271 0.043939093 0.66284907 78.982404
0.66121429 -0.029201562 -0.7496285 -48.264675 -0.012409303 0.99867967 -0.049848977 -5.7546952 0.75009447 0.042263223 0.6599789 79.772222
0.65619599 -0.031856115 -0.75391774 -49.159659 -0.012024814 0.99854017 -0.052658589 -5.8407195 0.75449472 0.043620076 0.65485499 80.562868
0.65300943 -0.037918354 -0.75639992 -50.074503 -0.0052098249 0.99849732 -0.05455241 -5.905624 0.75733189 0.03956395 0.65183061 81.332926
0.64761974 -0.041274061 -0.76084497 -50.959923 -0.00068304004 0.99849999 -0.054747683 -5.9900411 0.76196342 0.035975368 0.64662011 82.084439
0.63706685 -0.044685489 -0.76951217 -51.907109 0.0038704049 0.99849106 -0.054778022 -6.0791202 0.77079887 0.031918938 0.63627851 82.850647
0.62963025 -0.045926988 -0.77553621 -52.810618 0.0066595931 0.9985335 -0.053726125 -6.1554534 0.77686643 0.028662838 0.62901276 83.609517
0.62114411 -0.045808923 -0.78235637 -53.756331 0.0092009082 0.99864766 -0.051168349 -6.2369176 0.78364239 0.024584529 0.62072559 84.358908
0.61339573 -0.044024112 -0.78854772 -54.748033 0.0060618524 0.9986782 -0.051040166 -6.3217645 0.78975248 0.02652776 0.61285181 85.115345
0.60451122 -0.046680814 -0.79522766 -55.705306 0.0073698983 0.99856654 -0.053014646 -6.3861998 0.79656257 0.026187201 0.60398871 85.812569
0.59277102 -0.048317014 -0.80392035 -56.706672 0.0070606472 0.99847218 -0.054803746 -6.4759397 0.80534013 0.026809874 0.59220652 86.540389
0.58445286 -0.049665202 -0.80990627 -57.694912 0.0072141279 0.99840368 -0.056018336 -6.5495501 0.81139563 0.026897309 0.58387817 87.235239
0.57538767 -0.050091059 -0.81634543 -58.716509 0.0089445345 0.99844846 -0.054960516 -6.6420974 0.81783194 0.024321773 0.57494298 87.966851
0.56536404 -0.051051957 -0.82326007 -59.743717 0.012391274 0.99849583 -0.053409107 -6.7163353 0.82474846 0.019994347 0.56514623 88.664273
0.55463589 -0.052090991 -0.83046101 -60.76939 0.013089894 0.99846126 -0.053886589 -6.8044604 0.83199023 0.019016789 0.55446432 89.343938
0.54565012 -0.05218224 -0.83638681 -61.821589 0.010853874 0.99841575 -0.055210283 -6.8878399 0.83794284 0.02104746 0.54535205 89.982131
0.53408015 -0.053187703 -0.84375909 -62.893205 0.0099441969 0.99834526 -0.056637841 -6.978469 0.8453754 0.02185864 0.5337253 90.643693
0.52618095 -0.053118671 -0.84871194 -63.950952 0.0075277905 0.998299 -0.057813887 -7.0676243 0.85033935 0.02403164 0.52568578 91.336939
0.51585298 -0.053104374 -0.85502957 -65.041794 0.0072307685 0.9983112 -0.057640903 -7.1504339 0.85664665 0.023551711 0.51536579 91.94626
0.50421966 -0.051283823 -0.8620513 -66.132017 0.006151578 0.9984231 -0.055798543 -7.2373772 0.86355356 0.022831746 0.50374003 92.580817
0.49639258 -0.049406536 -0.86669103 -67.210411 0.0062821281 0.99855741 -0.053325648 -7.3281814 0.86807546 0.021025791 0.49598687 93.183981
0.49069311 -0.049679146 -0.86991505 -68.344338 0.0069539964 0.9985648 -0.053103539 -7.4160728 0.87130475 0.020008155 0.49033434 93.832261
0.48433173 -0.053170707 -0.87326719 -69.472483 0.0088025914 0.99839715 -0.055907411 -7.5057486 0.87484019 0.019390719 0.48402346 94.422928
0.47836714 -0.056948059 -0.87631144 -70.522773 0.011575732 0.99821729 -0.058551201 -7.5886187 0.87808368 0.017865024 0.47817357 95.006399
0.47024813 -0.059739511 -0.88050998 -71.658035 0.012470928 0.99805653 -0.061054366 -7.6831448 0.88244617 0.017729925 0.47007923 95.596778
0.46536192 -0.06380499 -0.88281773 -72.816755 0.014874687 0.99782131 -0.064275856 -7.7901298 0.88499553 0.016779898 0.46529712 96.207194
0.4605398 -0.06334018 -0.88537622 -73.929028 0.015092643 0.99786535 -0.063537067 -7.8881982 0.88751077 0.01589868 0.46051268 96.807252
0.45451806 -0.061254859 -0.88862878 -75.059823 0.016640438 0.99804245 -0.060285657 -7.9858047 0.89058211 0.012613747 0.45464762 97.381691
0.45099561 -0.0602435 -0.89049066 -76.166107 0.021934469 0.9981662 -0.056419095 -8.0802789 0.89225664 0.0059123233 0.45148998 97.952909
0.44933536 -0.059667292 -0.89136832 -77.297159 0.024080441 0.99821349 -0.054680541 -8.1733936 0.8930386 0.0031053577 0.44996943 98.529809
0.44403118 -0.059287428 -0.89404767 -78.430058 0.024994057 0.99823977 -0.053783405 -8.2575466 0.8956627 0.0015356294 0.44473142 99.059975
0.44298379 -0.057159472 -0.89470559 -79.535765 0.025501479 0.99836505 -0.051155686 -8.3523199 0.89616689 -0.00015517696 0.44371719 99.639876
0.44004912 -0.057757795 -0.89611425 -80.625569 0.028272998 0.99832572 -0.050461852 -8.4389649 0.89752854 -0.0031301433 0.44094534 100.18812
0.43802731 -0.058318992 -0.89706795 -81.752295 0.028877118 0.99829131 -0.050799248 -8.5285521 0.89849778 -0.0036532799 0.43896295 100.71189
0.43624461 -0.058603305 -0.89791772 -82.844704 0.03195846 0.99825647 -0.049625285 -8.6120898 0.89926046 -0.0070473051 0.43735688 101.23005
0.43289954 -0.057639722 -0.89959745 -83.915341 0.03560243 0.99826824 -0.046829421 -8.6896584 0.90073887 -0.011755422 0.43420198 101.74715
0.43171958 -0.057467698 -0.90017531 -85.016245 0.037954505 0.9982419 -0.045525534 -8.7731335 0.90120904 -0.014511445 0.43314173 102.2763
0.42973003 -0.058625913 -0.90105218 -86.093042 0.040204739 0.99814268 -0.045768541 -8.8530716 0.90206194 -0.016558453 0.43128893 102.74811
0.42746513 -0.059501312 -0.90207155 -87.178274 0.040059357 0.99809824 -0.046852356 -8.9444902 0.90314389 -0.016108659 0.42903578 103.33123
0.42889297 -0.059281904 -0.90140802 -88.214115 0.039308155 0.99812401 -0.046939567 -9.0168779 0.90249973 -0.015300637 0.43041863 103.78392
0.42828711 -0.060747881 -0.90159846 -89.256935 0.038394992 0.99806012 -0.049008466 -9.1005227 0.9028267 -0.013627172 0.4297887 104.25184
0.4305433 -0.06128056 -0.90048714 -90.308934 0.037192984 0.99804957 -0.050137137 -9.1800901 0.90180331 -0.011905596 0.43198277 104.74141
0.43390364 -0.060290248 -0.89893974 -91.333431 0.03515874 0.99813157 -0.049972311 -9.2591914 0.90027305 -0.0099224217 0.43521265 105.27171
0.43957622 -0.062405399 -0.89603473 -92.355374 0.035654554 0.99800955 -0.052016166 -9.3485992 0.89749739 -0.0090826496 0.44092631 105.74517
0.44567144 -0.060739802 -0.89313357 -93.320702 0.031375458 0.99814234 -0.052224914 -9.4236065 0.89464664 -0.0047473235 0.44674927 106.2452
0.45222235 -0.06035321 -0.88986087 -94.322447 0.032470828 0.99816057 -0.051196949 -9.4960666 0.89131401 -0.0057421155 0.45335024 106.71031
0.46147849 -0.059046691 -0.88518417 -95.298825 0.030884686 0.99824705 -0.050487309 -9.5765072 0.88661367 -0.0040398293 0.46249318 107.22754
0.4689165 -0.058054231 -0.88133249 -96.298689 0.029490347 0.99831027 -0.050069215 -9.6554275 0.88275008 -0.0025125208 0.46983619 107.75161
0.4791444 -0.057826696 -0.87582912 -97.273211 0.028644269 0.99832612 -0.050244002 -9.7269387 0.87726861 -0.0010133535 0.47999878 108.24973
0.48925971 -0.06018695 -0.87005885 -98.216062 0.031515858 0.99818445 -0.051327836 -9.8056229 0.87156856 -0.0023080097 0.49026828 108.76804
0.49910123 -0.061167684 -0.8643821 -99.185868 0.028138015 0.99812352 -0.054384729 -9.8858858 0.86608676 0.0028214884 0.49988581 109.32688
0.51177724 -0.060227661 -0.85700445 -100.11457 0.024443954 0.99815663 -0.055550213 -9.9581074 0.85877041 0.0074807568 0.51230605 109.87983
0.52290355 -0.058595409 -0.85037544 -101.0555 0.022587583 0.99823664 -0.054894527 -10.035563 0.85209256 0.009496617 0.52330502 110.43991
0.53622619 -0.056839246 -0.84215836 -101.98405 0.021649544 0.99832806 -0.053594625 -10.118823 0.84379667 0.010506497 0.5365602 111.02704
0.54935807 -0.05516364 -0.83376413 -102.87464 0.021773344 0.99842467 -0.05171172 -10.191414 0.83530335 0.010254418 0.54969375 111.6103
0.56005569 -0.054125845 -0.82668492 -103.73312 0.02132313 0.99847468 -0.050927682 -10.267631 0.82818054 0.010894828 0.56035556 112.20139
0.57121859 -0.055222294 -0.81893819 -104.61168 0.021995773 0.99840577 -0.051981777 -10.344043 0.82050324 0.011679779 0.57152259 112.78224
0.58173248 -0.05515409 -0.81150804 -105.48873 0.020796123 0.99838075 -0.052947105 -10.416755 0.81311432 0.01392483 0.5819375 113.3867
0.59349204 -0.056880975 -0.80282732 -106.31612 0.02334231 0.99829637 -0.05347426 -10.4918 0.80450133 0.012996703 0.59380868 114.0127
0.60487033 -0.056487587 -0.79431794 -107.15398 0.023319517 0.9983096 -0.053236639 -10.569094 0.7959825 0.013678153 0.60516512 114.63824
0.61367065 -0.054213667 -0.78769865 -107.95667 0.022271116 0.9984315 -0.051366728 -10.639225 0.78924798 0.013979325 0.61391551 115.28229
0.62400982 -0.053907798 -0.77955477 -108.76506 0.025321364 0.9984886 -0.048778538 -10.711479 0.78100616 0.010698896 0.62443171 115.90599
0.6347824 -0.051094531 -0.77099974 -109.57806 0.022683029 0.99861351 -0.04750313 -10.783751 0.77235797 0.012665541 0.63506126 116.54055
0.64395329 -0.050609449 -0.76338902 -110.30926 0.021019079 0.99860333 -0.048472612 -10.850596 0.76477605 0.015168363 0.64411766 117.17851
0.65392079 -0.049866617 -0.75491779 -111.04885 0.019145038 0.99859659 -0.049379279 -10.914221 0.75632078 0.017837207 0.65395777 117.82633
0.66334597 -0.04896635 -0.74670902 -111.79939 0.018095757 0.99861465 -0.049409832 -10.985514 0.74809405 0.019263548 0.66331309 118.45562
0.67141894 -0.047378646 -0.73956191 -112.5403 0.018514967 0.99871518 -0.04717181 -11.055625 0.74084671 0.017979082 0.67143351 119.13774
0.68113014 -0.046820502 -0.73066376 -113.25977 0.020262269 0.99877641 -0.045112367 -11.117155 0.73188197 0.015922487 0.68124541 119.77889
0.68829754 -0.044742391 -0.72404736 -113.93111 0.018457609 0.99885317 -0.044177708 -11.181812 0.72519367 0.017043224 0.68833401 120.48053
0.69580764 -0.04294559 -0.71694307 -114.60758 0.016051376 0.99889125 -0.044256379 -11.239047 0.71804883 0.019286004 0.6957255 121.13158
0.70282609 -0.042836426 -0.71007076 -115.29342 0.016836461 0.99890735 -0.043596384 -11.308228 0.71116247 0.018685597 0.70277936 121.80934
0.71091175 -0.04028887 -0.70212623 -115.95399 0.016127294 0.99902913 -0.040996435 -11.36383 0.70309632 0.017821451 0.7108713 122.44234
0.71803296 -0.037312235 -0.69500822 -116.63656 0.01439803 0.99914462 -0.038765094 -11.418355 0.69586019 0.017827866 0.71795599 123.12835
0.72554655 -0.037591621 -0.68714557 -117.26431 0.016599454 0.9991724 -0.037134539 -11.476714 0.6879729 0.015536595 0.72557009 123.79182
0.73178535 -0.03609676 -0.68057857 -117.87018 0.014941178 0.99920612 -0.036930884 -11.537311 0.68137141 0.016856834 0.73174373 124.4383
0.74074788 -0.032206239 -0.67101066 -118.47532 0.011056621 0.99929934 -0.035757264 -11.579269 0.67169217 0.019068007 0.74058496 125.097
0.74910693 -0.029933636 -0.66177243 -119.07159 0.010810538 0.99939794 -0.032968078 -11.633488 0.66236091 0.017542499 0.74897952 125.75072
0.7591398 -0.026690952 -0.65038013 -119.66447 0.0095122161 0.99950716 -0.029915882 -11.677301 0.65085814 0.01652378 0.75901956 126.42404
0.76799524 -0.023449895 -0.64002608 -120.18393 0.0064842742 0.99956295 -0.028842191 -11.719196 0.64042275 0.018000561 0.76781164 127.07556
0.77758137 -0.02337177 -0.62834779 -120.72803 0.0061626844 0.99954424 -0.029552311 -11.767618 0.62875215 0.019107017 0.77737101 127.75792
0.787538 -0.024405436 -0.61578263 -121.24384 0.0063552964 0.99948402 -0.031484821 -11.811942 0.61623335 0.020882012 0.78728675 128.42374
0.79700282 -0.022867342 -0.60354251 -121.73738 0.0051112175 0.99950258 -0.031120115 -11.850539 0.60395399 0.021717982 0.79672325 129.07134
0.80695761 -0.02259964 -0.59017679 -122.25747 0.0061394355 0.99953462 -0.029880638 -11.889215 0.59057747 0.020489056 0.80672082 129.77277
0.81746223 -0.020272758 -0.57562531 -122.73454 0.0058265916 0.99962032 -0.026930787 -11.934153 0.57595277 0.018660968 0.81726997 130.46118
0.82667893 -0.018693264 -0.5623633 -123.22865 0.0056924728 0.99967469 -0.024861751 -11.967996 0.56264516 0.017351447 0.82651641 131.16294
0.83525506 -0.017907013 -0.54957102 -123.67711 0.0066389783 0.99972515 -0.022484539 -12.00624 0.54982264 0.015131735 0.83514437 131.87749
0.84364321 -0.017388478 -0.53662253 -124.13437 0.0076942422 0.99976434 -0.020299531 -12.041248 0.53684909 0.012996657 0.84357819 132.5932
0.85052241 -0.017446195 -0.52564935 -124.58652 0.0090098383 0.99978633 -0.018604414 -12.074358 0.52586165 0.011087455 0.85049786 133.30868
0.85725209 -0.017511369 -0.51459905 -125.01082 0.0096852133 0.99979309 -0.017887863 -12.100946 0.51480586 0.010350406 0.85724432 134.03156
0.86413609 -0.016707479 -0.50298078 -125.45136 0.0090499226 0.99980305 -0.017662354 -12.129109 0.50317685 0.01071074 0.8641171 134.73478
0.87031862 -0.014363225 -0.49227957 -125.85559 0.0064526092 0.99982139 -0.017763959 -12.16189 0.49244683 0.012283817 0.87025585 135.49841
0.87611597 -0.013727814 -0.48190489 -126.27606 0.0065147275 0.99984035 -0.016638068 -12.186238 0.4820564 0.011437398 0.87606554 136.20812
0.88128429 -0.014494455 -0.47236414 -126.67323 0.0073458481 0.99982894 -0.016974607 -12.215705 0.47252942 0.011489539 0.88124001 136.96402
0.88669414 -0.015438613 -0.46209862 -127.07248 0.008187353 0.99980994 -0.017693195 -12.249845 0.46228399 0.011905088 0.88665202 137.72548
0.89154415 -0.016183262 -0.45264458 -127.47374 0.0086361549 0.99978719 -0.01873502 -12.277205 0.45285149 0.012793988 0.89149417 138.49135
0.89416853 -0.015396832 -0.44746571 -127.85242 0.0082154524 0.9998045 -0.017985341 -12.303526 0.44765519 0.012405793 0.89412021 139.26642
0.89710311 -0.013130225 -0.44162607 -128.24399 0.0076011344 0.99986904 -0.014286985 -12.337526 0.44175587 0.0094600391 0.89708543 140.07904
0.90052807 -0.0097247806 -0.4346891 -128.63049 0.0058857916 0.99993089 -0.010176902 -12.355953 0.43475806 0.0066060962 0.90052307 140.88745
0.90317352 -0.0068776088 -0.42922055 -129.03804 0.0040053357 0.99996314 -0.0075947958 -12.374686 0.429257 0.0051402458 0.90316777 141.68542
0.90674796 -0.0045299901 -0.42164867 -129.43747 0.00245643 0.99998207 -0.0054608168 -12.396048 0.42166588 0.0039158338 0.90674283 142.51444
0.90992032 -0.002794066 -0.41477365 -129.83218 0.0014395007 0.99999256 -0.0035783722 -12.407766 0.4147806 0.0026589663 0.90991758 143.37649
0.91299472 -0.001425531 -0.40796888 -130.21623 0.0011198927 0.99999888 -0.00098800058 -12.428222 0.40796986 0.00044515764 0.91299529 144.25102
0.91648876 -0.0010551109 -0.40005903 -130.60949 0.0017668753 0.99999744 0.0014103243 -12.441064 0.40005655 -0.0019994012 0.91648828 145.10141
0.91963284 -0.00175266 -0.3927752 -130.9902 0.0025880927 0.99999537 0.0015974603 -12.458558 0.39277062 -0.002485616 0.91963312 145.98737
0.92321946 -0.0028982608 -0.38426218 -131.37612 0.0038921342 0.99999079 0.001808816 -12.454033 0.38425343 -0.0031655344 0.92322224 146.89061
0.92694824 -0.0049137867 -0.37515703 -131.72713 0.005845967 0.99998201 0.0013466631 -12.481778 0.37514369 -0.0034414429 0.92696029 147.80049
0.93084926 -0.006887252 -0.36533849 -132.10441 0.0074781733 0.99997202 0.00020253056 -12.488587 0.3653269 -0.0029205903 0.93087472 148.71218
0.93509957 -0.0075092697 -0.35430551 -132.46309 0.0075440485 0.99997072 -0.0012831125 -12.507635 0.3543048 -0.0014730603 0.93512884 149.66851
0.94029719 -0.0060487201 -0.34030074 -132.82458 0.005483666 0.99998153 -0.0026221894 -12.517057 0.34031034 0.00059954155 0.94031299 150.61027
0.94555536 -0.0022716005 -0.32545337 -133.14568 0.0021044815 0.99999741 -0.00086553431 -12.52904 0.32545452 0.00013349975 0.94555769 151.59432
0.95208886 0.0012578516 -0.30581893 -133.49509 -0.00081485791 0.99999843 0.0015762023 -12.541944 0.30582045 -0.0012514859 0.95208838 152.60127
0.95808783 0.004244456 -0.28644318 -133.81665 -0.0035150512 0.99998914 0.0030605803 -12.553296 0.28645308 -0.0019254426 0.95809234 153.61479
0.96452855 0.0060755617 -0.26390862 -134.10284 -0.0051662451 0.99997809 0.0041394555 -12.569695 0.26392801 -0.0026292066 0.9645388 154.63902
0.96981243 0.0074837581 -0.24373722 -134.37968 -0.0062513776 0.99996347 0.0058293164 -12.572241 0.24377196 -0.0041296505 0.96982379 155.70214
0.9752054 0.0081905574 -0.22115004 -134.63257 -0.0065422972 0.9999451 0.0081845999 -12.593338 0.22120495 -0.006534837 0.97520545 156.78123
0.98002285 0.01059166 -0.1986027 -134.86423 -0.0083175389 0.99988999 0.01228139 -12.586824 0.19871095 -0.010384157 0.98000313 157.86899
0.98419982 0.011966511 -0.17665646 -135.07255 -0.0092241262 0.99982399 0.016336914 -12.594094 0.17682088 -0.014449287 0.98413698 158.97567
0.98802705 0.0137615 -0.15366579 -135.25239 -0.010955356 0.99975768 0.019093235 -12.59218 0.15389132 -0.017181169 0.98793839 160.10388
0.99116389 0.015291767 -0.13175847 -135.41595 -0.012853171 0.99973037 0.01933876 -12.587269 0.13201868 -0.017474367 0.99109319 161.23053
0.99388476 0.015205267 -0.1093704 -135.54884 -0.01337828 0.99975877 0.017419073 -12.579123 0.10960888 -0.015849364 0.99384842 162.3909
0.99600951 0.015251363 -0.087934312 -135.66346 -0.013910119 0.99977769 0.015845488 -12.577324 0.088156436 -0.014559081 0.99600024 163.56894
0.9976241 0.014205288 -0.067411932 -135.7613 -0.013009102 0.99975063 0.018150395 -12.573444 0.067652959 -0.017230303 0.99756012 164.74078
0.9987514 0.014385263 -0.047840442 -135.81943 -0.013444754 0.99971111 0.019923322 -12.568978 0.048113228 -0.019255243 0.99865627 165.92839
0.99954106 0.014262287 -0.026725703 -135.86346 -0.013712115 0.99969258 0.020657321 -12.572831 0.02701211 -0.020281375 0.99942934 167.13753
0.99984762 0.016114743 -0.0067127616 -135.88322 -0.015966197 0.99963867 0.021624072 -12.556904 0.0070588031 -0.0215136 0.99974364 168.34642
0.999797 0.01570748 0.012618961 -135.87267 -0.015977567 0.99963911 0.021595351 -12.551354 -0.0122752 -0.021792588 0.99968715 169.58389
0.99923905 0.018229654 0.034481804 -135.84515 -0.018977993 0.99958869 0.021501044 -12.536627 -0.034075667 -0.022139078 0.99917401 170.82267
0.99829534 0.019462919 0.055023791 -135.81428 -0.02060563 0.99958204 0.020277025 -12.521828 -0.054606148 -0.02137626 0.99827913 172.04839
0.99701332 0.020084294 0.074572477 -135.72063 -0.021530267 0.99959447 0.018637064 -12.521539 -0.07416793 -0.020186967 0.99704143 173.33482
0.99534182 0.021474173 0.093986852 -135.62925 -0.023053591 0.99961014 0.015751151 -12.517157 -0.093611975 -0.017844514 0.99544883 174.59758
0.99331253 0.02213557 0.11331478 -135.48431 -0.023871926 0.99961714 0.01398923 -12.508251 -0.11296175 -0.01660072 0.99346065 175.89699
0.99091366 0.022043369 0.13268082 -135.33285 -0.023738844 0.99965534 0.011210153 -12.517771 -0.132388 -0.014257984 0.99109542 177.16986
0.98831412 0.023386943 0.15062621 -135.14545 -0.024530389 0.99968262 0.0057374345 -12.521845 -0.15044424 -0.0093653073 0.98857414 178.48037
0.98528974 0.025134798 0.16903361 -134.93823 -0.025418221 0.99967679 -0.0004872598 -12.54148 -0.16899124 -0.0038164414 0.98561017 179.78933
0.98234647 0.027169774 0.18508702 -134.72256 -0.026551005 0.99963051 -0.0058213221 -12.556666 -0.18517681 0.00080430899 0.98270489 181.07164
0.97879815 0.029111876 0.20274782 -134.46075 -0.027722866 0.9995687 -0.0096880523 -12.589129 -0.20294243 0.0038618973 0.97918306 182.38993
0.97498339 0.031538031 0.22002893 -134.17987 -0.029425392 0.99948408 -0.012873274 -12.616981 -0.22032143 0.0060767912 0.9754084 183.73398
0.97089872 0.031034462 0.23747113 -133.88951 -0.028883339 0.99950421 -0.012533234 -12.652044 -0.23774237 0.0053095419 0.97131374 185.0565
0.96672601 0.029724774 0.25408121 -133.52203 -0.027205715 0.99953973 -0.013423354 -12.685671 -0.25436329 0.0060642445 0.96708973 186.38797
0.96174205 0.029734874 0.27233812 -133.15047 -0.025841938 0.99950629 -0.01787086 -12.735097 -0.27273508 0.010149413 0.96203564 187.74872
0.95704527 0.03087111 0.28829035 -132.77146 -0.025700162 0.99943403 -0.021705274 -12.789538 -0.28879728 0.013363822 0.957297 189.05915
0.95194384 0.033184827 0.30446952 -132.35756 -0.027524736 0.99935959 -0.022864601 -12.828774 -0.30503332 0.013385373 0.95224761 190.43118
0.94631358 0.035070354 0.32134198 -131.91333 -0.029238303 0.99930878 -0.02295844 -12.886987 -0.32192505 0.01233039 0.94668486 191.75193
0.94010176 0.039119775 0.33864186 -131.47787 -0.032050413 0.99913635 -0.026444872 -12.933434 -0.33938394 0.01400726 0.94054365 193.12474
0.93312229 0.040024611 0.35732453 -130.96042 -0.031436027 0.999061 -0.029814276 -12.996595 -0.35818234 0.016587503 0.9335043 194.44517
0.92697258 0.040585373 0.37292715 -130.45685 -0.030753024 0.99900566 -0.03227925 -13.05509 -0.37386643 0.018453343 0.92729897 195.77899
0.91980602 0.040457881 0.39028198 -129.92185 -0.02815883 0.99891153 -0.037186404 -13.122167 -0.39136169 0.023214395 0.91994409 197.1277
0.91103844 0.044303661 0.4099343 -129.33385 -0.029226712 0.99864854 -0.042975495 -13.216567 -0.4112843 0.027171297 0.91110206 198.46169
0.90115742 0.047782615 0.43085046 -128.74006 -0.030667633 0.99844338 -0.046586633 -13.289916 -0.43240586 0.028768727 0.90122003 199.75117
0.88935138 0.050286172 0.45445066 -128.09321 -0.031951187 0.99833901 -0.047940994 -13.372567 -0.45610663 0.028116152 0.88948088 201.08221
0.87667965 0.054793712 0.47794396 -127.42154 -0.034878432 0.99811726 -0.050452234 -13.473175 -0.47980862 0.027560512 0.87694021 202.39041
0.86248442 0.059188888 0.50261046 -126.70627 -0.037304117 0.99787092 -0.053497994 -13.56617 -0.50470689 0.027391748 0.86285611 203.69244
0.84694012 0.062959125 0.5279475 -125.96744 -0.038831513 0.99763713 -0.056676839 -13.675312 -0.5302684 0.02750089 0.84738371 205.00282
0.8323418 0.064750013 0.55046756 -125.15604 -0.038540016 0.99751022 -0.059059493 -13.787246 -0.55292117 0.027942657 0.83276492 206.25722
0.81686902 0.065543008 0.57308733 -124.31503 -0.037003382 0.99743136 -0.061330506 -13.893756 -0.57563511 0.028892822 0.81719609 207.48573
0.80041322 0.067949504 0.59558502 -123.45897 -0.035734668 0.99719641 -0.065744605 -14.014 -0.59838261 0.031339818 0.80059734 208.69836
0.78391307 0.070404065 0.61686589 -122.55026 -0.034041084 0.99692921 -0.070522003 -14.144235 -0.61993671 0.034284337 0.78390247 209.89815
0.76838135 0.072234888 0.63590265 -121.60272 -0.031928505 0.99669934 -0.074639094 -14.268836 -0.63919536 0.037047868 0.76815154 211.07287
0.75151506 0.073679809 0.65558856 -120.63607 -0.030231809 0.99654603 -0.077343725 -14.405842 -0.65902291 0.038305347 0.75114682 212.22326
0.73597791 0.074377179 0.6729075 -119.61473 -0.028484732 0.99646867 -0.078986183 -14.545799 -0.67640607 0.038964497 0.73549754 213.36596
0.7198779 0.074729332 0.69006615 -118.57902 -0.026343976 0.99641268 -0.080422446 -14.692953 -0.69360064 0.039715257 0.71926413 214.48417
0.7048428 0.075429804 0.70534171 -117.5393 -0.023442454 0.99626416 -0.083115409 -14.842106 -0.70897611 0.042048359 0.70397788 215.58044
0.68984767 0.076829486 0.71986622 -116.45791 -0.020737663 0.99604189 -0.086432111 -14.990465 -0.72365751 0.044696648 0.68871044 216.62594
0.67505696 0.079310116 0.73349026 -115.35507 -0.018792943 0.99573097 -0.090369613 -15.146975 -0.73752625 0.047220197 0.67366559 217.69459
0.66044097 0.081852117 0.74640331 -114.21003 -0.018046543 0.99548397 -0.093198666 -15.31176 -0.7506611 0.04808222 0.65893555 218.70354
0.64388809 0.082534101 0.76065511 -113.06435 -0.016892569 0.99545607 -0.093711521 -15.480712 -0.76493321 0.047490314 0.64235652 219.73816
0.62813061 0.083624897 0.77360117 -111.90174 -0.017188421 0.99545672 -0.093650829 -15.646806 -0.77791809 0.045527971 0.62671421 220.6885
0.6098047 0.0844427 0.78804036 -110.70839 -0.018473418 0.99555212 -0.092383506 -15.816569 -0.79233643 0.041778098 0.6086523 221.66821
0.59134981 0.085164071 0.8019055 -109.52923 -0.020572689 0.99567738 -0.090572123 -15.980055 -0.80615273 0.037062457 0.59054569 222.58515
0.5742924 0.087198667 0.81399298 -108.32186 -0.022895146 0.99563291 -0.090503671 -16.151125 -0.81833007 0.033339084 0.57378084 223.48777
0.55534852 0.089940766 0.82673976 -107.10298 -0.024149771 0.99545932 -0.092073512 -16.322383 -0.83126703 0.031167314 0.55499891 224.34334
0.53791625 0.094327893 0.83770418 -105.87172 -0.02745233 0.99515301 -0.094429076 -16.492077 -0.84255121 0.027798004 0.5378985 225.15501
0.51900128 0.094257448 0.84956056 -104.62781 -0.026780056 0.99520661 -0.094056568 -16.66401 -0.85435389 0.026064201 0.51903772 225.93078
0.4975235 0.093144706 0.86243514 -103.38668 -0.02720811 0.99540478 -0.091809816 -16.836306 -0.86702373 0.022212312 0.49777156 226.68785
0.47567283 0.091111983 0.87489079 -102.134 -0.026698167 0.99565825 -0.089173191 -16.99994 -0.87921705 0.019059285 0.4760401 227.4302
0.45419338 0.089758673 0.88636995 -100.87799 -0.027325111 0.99584719 -0.086843013 -17.154083 -0.89048401 0.015223366 0.45475987 228.07058
0.43218464 0.08810092 0.89747123 -99.609184 -0.025583786 0.99601357 -0.085454318 -17.311099 -0.9014222 0.013971333 0.43271572 228.72438
