1 0 0 0 0 1 0 0 0 0 1 0
0.9998906 0.00072626056 0.014773723 -0.0088866848 -0.00071813552 0.99999959 -0.00055526623 -0.0012752321 -0.014774121 0.00054459597 0.99989071 0.11670087
0.99936453 0.0027152483 0.035540997 0.0086133655 -0.0026991531 0.99999623 -0.00050084153 0.0018032293 -0.035542226 0.0004045927 0.99936809 0.26910181
0.99803863 0.0049702157 0.062403521 0.05788064 -0.0050277138 0.99998707 0.00076439331 0.0020496091 -0.06239892 -0.0010766411 0.99805071 0.41112038
0.99536318 0.0044424952 0.096085431 0.0794783 -0.0047372544 0.99998475 0.0028397727 0.0021608717 -0.096071358 -0.0032817863 0.99536904 0.59333234
0.99099111 0.0011096689 0.13392306 0.15994933 -0.0018157847 0.99998509 0.0051505247 0.00045865356 -0.13391536 -0.0053472997 0.99097835 0.76820256
0.98486084 -0.0019237468 0.17333615 0.21599243 0.00094509423 0.99998315 0.0057283383 -0.0087801467 -0.17334426 -0.0054777971 0.98484606 0.97572386
0.97619089 -0.0022208478 0.21690186 0.33221281 0.00077314322 0.99997686 0.0067590989 -0.0040332188 -0.21691187 -0.0064304745 0.97617001 1.1903034
0.9641513 -0.0019917092 0.26534562 0.42507004 -0.00065793723 0.99995081 0.0098963841 0.0066855376 -0.2653523 -0.0097161924 0.96410257 1.3796566
0.95007202 -0.0060559632 0.31197192 0.56409258 0.00080174792 0.99985572 0.01696746 0.011784319 -0.31202969 -0.015870186 0.9499398 1.6115395
0.93300219 -0.015512333 0.35953619 0.69856038 0.0070481526 0.99966657 0.024840948 0.002984302 -0.35980168 -0.020642593 0.93280043 1.8484224
0.9122971 -0.021321489 0.40897358 0.86641073 0.0099615333 0.99950364 0.029887086 -0.0052741371 -0.40940785 -0.023191898 0.91205667 2.0538262
0.88699658 -0.023315473 0.461187 1.0454502 0.008724675 0.99939241 0.033744555 0.0015800193 -0.46169359 -0.025907598 0.88666106 2.3046753
0.8590335 -0.025117213 0.5113028 1.2225371 0.0063806107 0.99924335 0.038366796 0.01978218 -0.51187964 -0.029695939 0.85854377 2.5172284
0.82695772 -0.030583902 0.56143168 1.4746157 0.0078149753 0.99904829 0.042911974 0.024206881 -0.56220982 -0.031098813 0.82640971 2.7789108
0.79122132 -0.036208595 0.61045699 1.6701206 0.010011135 0.99887872 0.046271846 0.022369993 -0.61144798 -0.030499904 0.79069662 2.9368505
0.75279804 -0.0407081 0.65699157 1.9280981 0.011008178 0.99872488 0.049268908 0.036591225 -0.65815953 -0.029857257 0.75228625 3.1464597
0.71353434 -0.044154627 0.69922748 2.2334155 0.0122267 0.9986449 0.050585288 0.047975645 -0.70051359 -0.027545096 0.7131073 3.3821958
0.67205145 -0.045796053 0.73908696 2.5291092 0.011522149 0.99861168 0.051399902 0.063378969 -0.74041484 -0.026027508 0.67164609 3.5809773
0.63014849 -0.046191118 0.77509949 2.8666196 0.0071048502 0.99853022 0.053730027 0.085892066 -0.77644218 -0.028350929 0.62955049 3.8200639
0.58824894 -0.046895443 0.80731899 3.2056297 0.003806683 0.99846667 0.055225084 0.097637156 -0.80867098 -0.029412889 0.58752548 4.0294776
0.54831149 -0.048337695 0.83487599 3.5927185 0.0022707237 0.99841049 0.056314707 0.12357128 -0.83627114 -0.028982228 0.5475497 4.2132236
0.50918564 -0.050867334 0.85915216 4.0135196 0.0010390111 0.9982875 0.05848926 0.14189073 -0.86065613 -0.028889222 0.50836651 4.4347775
0.47102419 -0.05061683 0.88066684 4.420477 -0.0017719749 0.99829605 0.058325375 0.15915586 -0.88211855 -0.029033182 0.4701319 4.6144396
0.43593098 -0.049878239 0.89859684 4.8800464 -0.0029870296 0.99837736 0.056865817 0.18331101 -0.89997518 -0.027473706 0.43507463 4.834508
0.40130332 -0.0487954 0.91464451 5.39693 -0.0015279349 0.99854292 0.053941685 0.20274689 -0.91594398 -0.023044494 0.40064403 4.9993689
0.3719318 -0.04700034 0.92706938 5.8957787 0.00039954069 0.99872535 0.050472845 0.2237321 -0.92826001 -0.018402054 0.3714765 5.2047159
0.34584154 -0.04519663 0.93720372 6.4226181 0.0014304646 0.99886344 0.047642306 0.24985092 -0.93829188 -0.015136051 0.34551312 5.3697671
0.32614114 -0.04451455 0.94427238 7.0033691 0.0022748169 0.99892475 0.046305255 0.27547291 -0.94531839 -0.012954002 0.32589172 5.5507729
0.3110829 -0.045119133 0.94931113 7.5723998 0.0034048562 0.99891894 0.046361159 0.29652296 -0.95037672 -0.011189895 0.31090022 5.7445577
0.29915933 -0.046765703 0.95305645 8.2033523 0.0048398874 0.9988598 0.047494022 0.32277827 -0.95419094 -0.0095955931 0.29904457 5.8966379
0.288558 -0.048276618 0.95624452 8.8471128 0.0035963336 0.99877564 0.049338593 0.34445046 -0.9574557 -0.010798071 0.28837831 6.1267763
0.27710601 -0.049986104 0.95953821 9.5031806 0.0016076484 0.99866859 0.051560284 0.37635951 -0.96083805 -0.012745064 0.27681742 6.305666
0.26720495 -0.051803157 0.96224626 10.193958 0.00083148167 0.99856603 0.053527562 0.40327876 -0.9636394 -0.013502739 0.26686486 6.5052613
0.2573389 -0.053881399 0.96481781 10.887195 7.2160484e-05 0.99844531 0.055740119 0.43336743 -0.96632125 -0.014274479 0.2569427 6.6736165
0.24799366 -0.055223179 0.96718637 11.62828 6.5104245e-05 0.9983749 0.056987249 0.46293078 -0.96876169 -0.014069508 0.24759424 6.894303
0.23616605 -0.056670885 0.97005873 12.410487 -0.001033069 0.9982827 0.058571237 0.49624885 -0.97171221 -0.014834674 0.23570193 7.0600884
0.22624728 -0.059709237 0.97223809 13.144107 -0.0017926176 0.99809225 0.061714206 0.53112309 -0.97406829 -0.015705522 0.22570862 7.2459449
0.21534605 -0.063131878 0.97449493 13.918607 -0.0041741349 0.99783946 0.065566644 0.5673196 -0.97652892 -0.01818719 0.21461726 7.4044555
0.20282587 -0.06712022 0.9769117 14.716796 -0.0034514992 0.99759283 0.069257746 0.61137473 -0.97920878 -0.017419072 0.20210597 7.5653044
0.18908964 -0.069287124 0.97951229 15.502456 -0.0051152171 0.9974245 0.071541633 0.65318866 -0.98194655 -0.018538199 0.18824822 7.7367578
0.17431638 -0.06998323 0.98219961 16.293071 -0.005842259 0.99738017 0.072101725 0.68484302 -0.98467241 -0.018306776 0.17345084 7.8347355
0.16130367 -0.069577198 0.98444911 17.092475 -0.0069285942 0.99740733 0.071628297 0.73140897 -0.98688054 -0.018374755 0.16040339 7.9848044
0.14498669 -0.068187955 0.98708114 17.91702 -0.0083564218 0.99750249 0.070135292 0.7670271 -0.98939836 -0.018417149 0.14405477 8.1163804
0.12340974 -0.066782936 0.99010605 18.743014 -0.010863734 0.99758225 0.068641295 0.80494882 -0.99229638 -0.019227252 0.12238585 8.20584
0.099115281 -0.065360928 0.992927 19.5492 -0.014591009 0.99763771 0.06712751 0.84736857 -0.99496902 -0.021141168 0.097927459 8.2962532
0.068810414 -0.064861782 0.99551896 20.379443 -0.019094548 0.9976158 0.066318217 0.88309294 -0.99744705 -0.023572368 0.067407849 8.3705757
0.035194923 -0.06479459 0.99727774 21.235128 -0.021984823 0.99760433 0.065591675 0.92792793 -0.99913866 -0.024233468 0.033686109 8.3739169
0.0017438668 -0.064246011 0.99793253 22.025553 -0.023387272 0.99765851 0.064269238 0.95936205 -0.999725 -0.023450996 0.00023724312 8.365832
-0.030958722 -0.062912212 0.99753873 22.880831 -0.025211826 0.99774877 0.062143006 0.99034129 -0.99920269 -0.023225904 -0.03247516 8.3473413
-0.064168781 -0.061246238 0.99605782 23.691452 -0.027393848 0.9978469 0.059591459 1.0163291 -0.99756304 -0.023461945 -0.06570839 8.2842624
-0.098632566 -0.057917208 0.99343703 24.5602 -0.029375041 0.9980393 0.055269043 1.0565223 -0.99469031 -0.023730925 -0.1001405 8.1918564
-0.12915726 -0.053389708 0.99018577 25.428987 -0.026601491 0.99837672 0.050361526 1.0823339 -0.99126729 -0.01983586 -0.13036785 8.0791819
-0.16153548 -0.047917078 0.98570288 26.264963 -0.022979874 0.99873233 0.04478456 1.1016591 -0.98659936 -0.015417032 -0.16243184 7.9293491
-0.19221815 -0.041722815 0.98046484 27.066255 -0.016478916 0.99909216 0.039284826 1.119537 -0.9812139 -0.0086057409 -0.1927312 7.712324
-0.2202631 -0.036091765 0.97477252 27.893252 -0.010975543 0.99934369 0.03452146 1.1278314 -0.97537879 -0.0030948528 -0.22051467 7.5133292
-0.24931077 -0.029222055 0.96798251 28.699786 -0.0015638692 0.99955548 0.029772415 1.1451281 -0.96842231 0.0059087867 -0.24924565 7.2969474
-0.27590418 -0.019239118 0.96099254 29.50605 0.0052824859 0.99975421 0.021531749 1.1515121 -0.96117067 0.01101713 -0.27573474 7.0511695
-0.30153311 -0.0037661953 0.95344823 30.295908 0.0089616582 0.99993683 0.0067840021 1.1325436 -0.95341363 0.010590079 -0.30148031 6.7976633
-0.3248677 0.013063087 0.94566921 31.048529 0.0098496937 0.99989711 -0.010428482 1.1113094 -0.94570822 0.005926676 -0.32496294 6.4955998
-0.35153771 0.027454286 0.93577103 31.847377 0.0083826039 0.99962214 -0.026178529 1.085278 -0.93613623 -0.0013585412 -0.35163501 6.2117391
-0.37585817 0.038503869 0.92587689 32.642476 0.012632731 0.99925646 -0.036427222 1.0450584 -0.92659113 -0.001995114 -0.37606511 5.9045308
-0.3998513 0.043297397 0.91555677 33.391054 0.016341878 0.99906165 -0.040109415 0.99800711 -0.91643437 -0.0010758845 -0.40018366 5.5414696
-0.4224071 0.042568446 0.90540604 34.127666 0.018693607 0.99909326 -0.038251936 0.95465725 -0.90621348 0.00076741655 -0.42281984 5.1953445
-0.44288199 0.038922771 0.89573461 34.871045 0.023002403 0.99922165 -0.032046461 0.91142393 -0.89628483 0.006411249 -0.44343259 4.8312354
-0.4608943 0.037808877 0.88664923 35.605606 0.030341337 0.99917929 -0.026835524 0.87079887 -0.88693625 0.014533784 -0.46166321 4.4170732
-0.47412441 0.038914818 0.87959742 36.313906 0.034139726 0.99908403 -0.025798956 0.83385975 -0.87979577 0.017797301 -0.47501866 4.0340192
-0.48610903 0.042070683 0.87288487 36.988756 0.03661746 0.99894388 -0.027754144 0.78301454 -0.87313071 0.018471288 -0.48713617 3.635193
-0.49561459 0.04463138 0.86739504 37.707751 0.038314531 0.99883013 -0.029502043 0.74106231 -0.86769709 0.018612192 -0.49674482 3.2284355
-0.50650765 0.043739886 0.86112529 38.366459 0.031770634 0.99898104 -0.032054856 0.6864019 -0.86164998 0.011122467 -0.50738119 2.8405494
-0.51726177 0.042550303 0.85476878 39.070882 0.030214582 0.99904859 -0.031448237 0.66042276 -0.85529375 0.0095595121 -0.51805528 2.42964
-0.52677688 0.044041718 0.84886182 39.751133 0.032497859 0.99897015 -0.03166268 0.6197141 -0.84938217 0.010907025 -0.52766564 2.0099691
-0.53306708 0.047173216 0.84475684 40.406661 0.036520074 0.9987968 -0.0327299 0.57661266 -0.84528447 0.013403351 -0.53414846 1.557392
-0.53695316 0.050359374 0.84210758 41.118946 0.037347663 0.99865701 -0.035907283 0.5374696 -0.84278497 0.012170222 -0.53811284 1.1283741
-0.53669543 0.05197197 0.84217389 41.816981 0.035931633 0.99860359 -0.038727217 0.48645045 -0.84301067 0.009475964 -0.53781342 0.6662942
-0.53362031 0.052917274 0.84406698 42.550264 0.038839934 0.99852089 -0.038045826 0.4515019 -0.84483187 0.012481482 -0.53488633 0.20735993
-0.52835008 0.051986546 0.84743349 43.261985 0.037025349 0.9985849 -0.038174834 0.40428706 -0.84821894 0.011206845 -0.52952724 -0.24509785
-0.52105918 0.050551059 0.85202222 44.048579 0.035195215 0.99866807 -0.037727817 0.36582199 -0.85279464 0.010328681 -0.52214432 -0.69173672
-0.51360517 0.049781274 0.85658128 44.84286 0.033325471 0.99871961 -0.038059902 0.3167174 -0.85737926 0.0089982133 -0.51460654 -1.1627094
-0.50686918 0.048408391 0.86066265 45.637029 0.030239627 0.99880597 -0.038369335 0.26803803 -0.86149246 0.0065778852 -0.50772782 -1.6161385
-0.50309248 0.046273883 0.86299283 46.451945 0.026336993 0.99892264 -0.03820899 0.22301676 -0.86383122 0.0035059812 -0.50376919 -2.0703076
-0.50103623 0.043116313 0.86435156 47.272289 0.020701443 0.99906949 -0.037836478 0.1679748 -0.86517872 -0.0010641207 -0.50146258 -2.56042
-0.5014452 0.040924204 0.86422096 48.1344 0.018324077 0.99915898 -0.036681897 0.11889031 -0.86499538 -0.0025579087 -0.50177337 -3.0347253
-0.50308451 0.03937011 0.86333997 48.980137 0.016659694 0.99921801 -0.035858513 0.07265302 -0.86407667 -0.0036568816 -0.50334699 -3.5051811
-0.50356114 0.038988813 0.86307936 49.835961 0.016936095 0.99923472 -0.035258188 0.02268245 -0.86379362 -0.0031374585 -0.50383609 -4.0224799
-0.50373123 0.038287384 0.86301151 50.726167 0.016856882 0.99926277 -0.034492957 -0.022699532 -0.86369599 -0.0028274961 -0.50400527 -4.4994641
-0.50375293 0.037589084 0.86302953 51.598737 0.016895462 0.99929046 -0.033661969 -0.079230214 -0.86368257 -0.0023760321 -0.50403059 -5.0137225
-0.50423368 0.036932507 0.8627771 52.496449 0.016510853 0.99931474 -0.033127756 -0.13024647 -0.86340943 -0.002458944 -0.50449794 -5.5302491
-0.50369762 0.035929417 0.8631325 53.381203 0.014957967 0.99934768 -0.032870603 -0.18265895 -0.86375056 -0.0036461367 -0.50390648 -6.063076
-0.50357349 0.03518028 0.86323579 54.292309 0.01452624 0.99937412 -0.03225449 -0.2355522 -0.8638303 -0.0037029356 -0.50376935 -6.5847199
-0.50314943 0.03404908 0.86352837 55.191755 0.013229106 0.99940992 -0.03169875 -0.28517249 -0.8640982 -0.0045254989 -0.50330297 -7.0932286
-0.50243071 0.032898742 0.86399131 56.075801 0.012647536 0.99944857 -0.0307018 -0.34429069 -0.864525 -0.0044981651 -0.50256974 -7.578967
-0.49971654 0.030458705 0.86565327 56.981816 0.013161859 0.99953318 -0.027571416 -0.39396653 -0.86608903 -0.0023842854 -0.49988416 -8.1060736
-0.49735753 0.029705041 0.86703693 57.877009 0.014195247 0.99955848 -0.026102477 -0.44576896 -0.86742956 -0.00067445887 -0.4975596 -8.5928277
-0.4949415 0.029180311 0.86843616 58.756903 0.01400718 0.99957403 -0.025603661 -0.49305547 -0.86881343 -0.00050797168 -0.49513941 -9.1060966
-0.49287147 0.029658554 0.86959647 59.660184 0.01462648 0.99956009 -0.025801083 -0.54740743 -0.86997922 2.5183004e-06 -0.49308845 -9.6053137
-0.49181519 0.029903439 0.87018592 60.534969 0.014285259 0.99955267 -0.026275252 -0.5999883 -0.87058245 -0.00049173571 -0.49202237 -10.092351
-0.49247813 0.031509106 0.86975422 61.43467 0.013841049 0.99950159 -0.028372367 -0.64525348 -0.87021479 -0.001934459 -0.49266879 -10.609722
-0.49572211 0.033178184 0.86784718 62.290585 0.012534481 0.99943926 -0.031049198 -0.69601387 -0.86839078 -0.0045137587 -0.49586001 -11.090744
-0.50003699 0.033627949 0.86535086 63.171223 0.011467305 0.99941529 -0.032211454 -0.74785195 -0.86592815 -0.0061836756 -0.50013024 -11.588474
-0.50513835 0.032168065 0.86243863 64.070489 0.011052037 0.99946429 -0.030805697 -0.79853715 -0.86296765 -0.0060294346 -0.50522327 -12.098861
-0.51011572 0.030082913 0.85957949 64.925648 0.014333409 0.9995467 -0.026475246 -0.85749513 -0.85998637 -0.0011847342 -0.51031568 -12.617423
-0.51607813 0.028185885 0.8560776 65.781391 0.011745726 0.99959733 -0.025830395 -0.90507468 -0.85646101 -0.0032752486 -0.51620139 -13.108889
-0.52036571 0.030392731 0.85340245 66.619952 0.012629132 0.99953104 -0.027896228 -0.95997171 -0.85385016 -0.0037385081 -0.52050552 -13.643352
-0.5259481 0.032640843 0.84989006 67.471929 0.013074342 0.99945552 -0.030294087 -1.0050593 -0.8504162 -0.0048213631 -0.52608849 -14.143433
-0.53102484 0.033051891 0.84671136 68.286413 0.012077672 0.9994327 -0.031438808 -1.0547062 -0.84727021 -0.006468485 -0.53112278 -14.652582
-0.53417335 0.033422911 0.84471396 69.112266 0.010695266 0.99940536 -0.03278022 -1.1089942 -0.84530734 -0.0084758789 -0.53421318 -15.181487
-0.53701464 0.032479432 0.84294739 69.931687 0.0105863 0.9994393 -0.031764997 -1.1633115 -0.84350653 -0.0081345742 -0.53705738 -15.703378
-0.54037589 0.025912846 0.84102459 70.766557 0.012551041 0.99966271 -0.022736344 -1.212475 -0.84133016 -0.0017304375 -0.54051886 -16.227837
-0.54231468 0.018524527 0.83997117 71.594198 0.013985848 0.99981742 -0.013019986 -1.2461995 -0.84005907 0.0046867807 -0.54247475 -16.753194
-0.54443424 0.015755743 0.83865551 72.415537 0.014243948 0.99985306 -0.00953733 -1.2805601 -0.83868262 0.0067533176 -0.54457866 -17.280453
-0.54556181 0.020573291 0.83781799 73.214998 0.013603233 0.99978433 -0.015692487 -1.3228022 -0.83796022 0.0028358128 -0.54572401 -17.788963
-0.54629952 0.025432604 0.83720365 73.991221 0.013820066 0.99967653 -0.021350219 -1.3642549 -0.83747591 -9.3403957e-05 -0.5464743 -18.301296
-0.54750696 0.031020737 0.83622591 74.798045 0.020456107 0.99951017 -0.023684605 -1.397344 -0.83655109 0.0041384414 -0.54787335 -18.830816
-0.54659554 0.03170043 0.83679648 75.619138 0.023601897 0.99946942 -0.02244622 -1.4414591 -0.83706411 0.0074809816 -0.54705371 -19.364969
-0.54615056 0.029000764 0.83718484 76.413662 0.023525194 0.99953736 -0.01927776 -1.479443 -0.83735667 0.0091663774 -0.54658014 -19.885256
-0.54587956 0.023819018 0.83752499 77.192274 0.021542784 0.99966437 -0.014389132 -1.5047612 -0.8375867 0.010187888 -0.54620948 -20.391294
-0.54513808 0.018040666 0.8381521 77.987715 0.019830084 0.99976619 -0.0086217211 -1.5430023 -0.83811174 0.011920599 -0.54536837 -20.8966
-0.54487956 0.010955641 0.83844271 78.811653 0.010414525 0.99992594 -0.0062975883 -1.5786979 -0.83844968 0.0053005561 -0.5449533 -21.413439
-0.54351218 0.0058673753 0.83938074 79.606862 0.0019568198 0.99998171 -0.0057229231 -1.6007194 -0.83939903 -0.0014679608 -0.54351372 -21.906465
-0.54273045 0.0065137859 0.83988164 80.396504 0.005129241 0.99997698 -0.0044409109 -1.6272575 -0.83989131 0.0018977386 -0.54275137 -22.402035
-0.53922501 0.0099771539 0.8421026 81.184683 0.010893011 0.9999288 -0.0048719226 -1.6550566 -0.84209132 0.0065459713 -0.5392953 -22.915038
-0.53352042 0.013264212 0.84568313 81.977753 0.011750133 0.99989676 -0.0082701252 -1.683963 -0.8457056 0.0055246097 -0.5336212 -23.411778
-0.52506538 0.015075519 0.85092832 82.769899 0.016729912 0.99983273 -0.007390398 -1.7080021 -0.85089748 0.010355515 -0.52522977 -23.902333
-0.51785869 0.017651844 0.855284 83.570297 0.024136686 0.99969055 -0.00601787 -1.7409546 -0.85512564 0.017527316 -0.5181245 -24.385961
-0.507767 0.017402675 0.86131861 84.374725 0.022870084 0.99971588 -0.0067165114 -1.7650557 -0.86119086 0.016288007 -0.50802074 -24.857175
-0.49711629 0.015116323 0.8675522 85.184211 0.019376238 0.9997923 -0.0063177055 -1.7887207 -0.86746759 0.013669264 -0.49730594 -25.305695
-0.48578673 0.011898555 0.87399634 85.994816 0.020765235 0.99978224 -0.0020692166 -1.8108784 -0.87383072 0.017143543 -0.48592802 -25.75531
-0.47448318 0.010689255 0.88019963 86.808566 0.020155173 0.99979605 -0.0012767376 -1.8369746 -0.88003383 0.017134787 -0.47460185 -26.191266
-0.46281533 0.0095658768 0.88640307 87.648619 0.019695032 0.99980591 -0.00050637985 -1.8520161 -0.88623594 0.017223378 -0.4629139 -26.614591
-0.45045597 0.011321925 0.89272681 88.470494 0.022843025 0.9997384 -0.0011528558 -1.8748763 -0.8925064 0.019873272 -0.45059676 -27.020737
-0.4392374 0.014312567 0.89825697 89.296049 0.022748295 0.99972967 -0.0048057464 -1.9027592 -0.89808301 0.018322952 -0.43944425 -27.418689
-0.42701293 0.02410719 0.90392407 90.135267 0.024895786 0.99957904 -0.014897511 -1.928741 -0.90390277 0.016142472 -0.42743335 -27.80989
-0.4138856 0.029030756 0.90986585 90.96733 0.024878989 0.99947876 -0.020572888 -1.9578307 -0.90998891 0.014121721 -0.41439212 -28.169721
-0.4025566 0.024663328 0.91506275 91.822357 0.021012502 0.99962255 -0.017698564 -1.9926572 -0.91515394 0.012103085 -0.40292289 -28.544861
-0.39067616 0.021423557 0.92027881 92.661237 0.022910636 0.99964575 -0.013545164 -2.0306774 -0.92024307 0.015792401 -0.3910286 -28.889166
-0.38102555 0.022258685 0.92429649 93.498734 0.020493962 0.99966787 -0.015625471 -2.0630063 -0.92433738 0.012988795 -0.38135517 -29.222394
-0.37435527 0.026568644 0.92690461 94.334599 0.01577933 0.99962723 -0.022280247 -2.1004802 -0.92715113 0.0062852067 -0.37463496 -29.55093
-0.36877353 0.031129412 0.92899783 95.175597 0.0068859279 0.99950313 -0.030758516 -2.1399108 -0.92949381 -0.0049459137 -0.36880465 -29.86935
-0.36483821 0.033573638 0.93046538 96.022102 0.0055125933 0.99941003 -0.033899837 -2.1831146 -0.93105465 -0.007238678 -0.36480805 -30.177356
-0.36201367 0.032936601 0.93159069 96.874467 0.0037040889 0.99941853 -0.033895269 -2.2316845 -0.93216546 -0.0088198555 -0.36192517 -30.504167
-0.35664609 0.032924847 0.93365917 97.728727 0.0026220679 0.99941013 -0.03424191 -2.2811546 -0.93423593 -0.0097641249 -0.35652205 -30.820443
-0.35118638 0.029010356 0.935856 98.567386 0.00087192097 0.99952958 -0.030656961 -2.3227933 -0.9363052 -0.0099503143 -0.35104648 -31.126943
-0.34574426 0.02511492 0.93799258 99.426909 0.00072924252 0.99964863 -0.026496972 -2.3713446 -0.93832854 -0.0084771511 -0.34564109 -31.430186
-0.3400449 0.022430504 0.94014162 100.28006 -0.00011505255 0.9997145 -0.023893444 -2.4137953 -0.94040923 -0.0082330089 -0.33994524 -31.738473
-0.33450119 0.021478362 0.9421505 101.11934 -0.0036933843 0.99970269 -0.024101687 -2.4510548 -0.94238813 -0.011541766 -0.33432241 -32.014956
-0.3280026 0.020666419 0.9444507 101.96759 -0.016357768 0.99948653 -0.027551672 -2.4923368 -0.94453523 -0.024486125 -0.32749612 -32.290735
-0.32120174 0.024257246 0.94670003 102.82209 -0.014425324 0.99943059 -0.030502661 -2.5406821 -0.94690096 -0.023453962 -0.32066892 -32.568088
-0.31421175 0.028278401 0.94893163 103.67571 -0.011952952 0.9993592 -0.033739033 -2.584138 -0.94927771 -0.021943734 -0.31367239 -32.846447
-0.30781151 0.025943059 0.95109356 104.5185 -0.014742378 0.99937813 -0.032031337 -2.6279869 -0.95133318 -0.023880995 -0.30723764 -33.111766
-0.30108115 0.020837527 0.95337079 105.38214 -0.015603597 0.99951973 -0.026773913 -2.6752934 -0.95347089 -0.022937134 -0.30061141 -33.376167
-0.29374753 0.018138982 0.95571088 106.23951 -0.014980265 0.99960979 -0.023576501 -2.7139092 -0.95576569 -0.021242341 -0.29336119 -33.625995
-0.28723938 0.021156229 0.95762512 107.0983 -0.018413348 0.99944935 -0.027603303 -2.7586645 -0.95768187 -0.02556184 -0.28669166 -33.870284
-0.28070032 0.023959068 0.95949633 107.96104 -0.018782985 0.99935981 -0.030449431 -2.8032887 -0.9596117 -0.02656937 -0.2800706 -34.121009
-0.27430497 0.025246663 0.96131125 108.80819 -0.019096882 0.99931517 -0.031693941 -2.8367122 -0.96145316 -0.027051853 -0.27363498 -34.345297
-0.26751349 0.024253639 0.96324878 109.67727 -0.019789362 0.99933401 -0.030658129 -2.8874724 -0.96335092 -0.027263542 -0.26685536 -34.576706
-0.25965007 0.023905583 0.9654068 110.53104 -0.017146359 0.99942185 -0.02935945 -2.9350964 -0.96555058 -0.024176394 -0.25909006 -34.800594
-0.25121323 0.025227459 0.96760292 111.39779 -0.011935505 0.99950356 -0.029157921 -2.9736657 -0.96785822 -0.018873684 -0.25078741 -35.033423
-0.24444598 0.025626671 0.96932418 112.2757 -0.011363996 0.99950634 -0.029290409 -3.0194048 -0.96959636 -0.018175318 -0.24403409 -35.254688
-0.23812592 0.024627308 0.97092196 113.12653 -0.017818563 0.99939944 -0.02971977 -3.0604516 -0.97107086 -0.024377482 -0.23754409 -35.442145
-0.23210397 0.022495391 0.97243078 114.00425 -0.022203384 0.99934951 -0.028417703 -3.1041045 -0.97243757 -0.028187116 -0.23145352 -35.642526
-0.22734616 0.022739855 0.97354843 114.89029 -0.019226311 0.99942764 -0.027834122 -3.1415819 -0.97362424 -0.025045726 -0.22677884 -35.84222
-0.22278031 0.02302083 0.97459679 115.74279 -0.017107095 0.99947489 -0.027518933 -3.1891522 -0.97471861 -0.022803196 -0.22226951 -36.029309
-0.21810851 0.024530704 0.97561613 116.62744 -0.016684599 0.99944421 -0.028859836 -3.2297372 -0.97578193 -0.02257234 -0.217578 -36.217406
-0.21257104 0.023580628 0.97686101 117.48041 -0.011274288 0.99958304 -0.026582473 -3.2681725 -0.97708061 -0.016664075 -0.21221655 -36.403521
-0.20710765 0.022530308 0.97805865 118.35212 -0.0035225257 0.99971113 -0.023774996 -3.3101722 -0.97831186 -0.0083692197 -0.20696846 -36.593339
-0.20194329 0.021391978 0.97916352 119.2369 -0.0006745632 0.99975816 -0.021981034 -3.3552408 -0.97939702 -0.0050994294 -0.20188003 -36.785652
-0.19801424 0.022907405 0.97993139 120.10363 -0.0023479073 0.99971293 -0.023844268 -3.3896858 -0.98019637 -0.0070222919 -0.19790361 -36.947043
-0.19468231 0.025343009 0.98053886 120.96536 -0.0041578128 0.99963586 -0.026662107 -3.430467 -0.98085758 -0.009267537 -0.19450605 -37.105487
-0.19268082 0.024291626 0.98096072 121.85445 -0.0064103011 0.99964104 -0.026013322 -3.4662059 -0.98124059 -0.011300521 -0.19245594 -37.268438
-0.19195539 0.023077276 0.98113225 122.70265 -0.0077670443 0.99965646 -0.025032581 -3.507913 -0.98137296 -0.012425636 -0.1917102 -37.430703
-0.19074848 0.018935976 0.98145625 123.58718 -0.0069966696 0.9997623 -0.020648987 -3.5431338 -0.98161405 -0.010805687 -0.19057065 -37.598892
-0.18973765 0.013738414 0.98173866 124.44544 -0.0058808371 0.99986826 -0.015128689 -3.5789554 -0.98181726 -0.0086439262 -0.18963186 -37.750381
-0.18838966 0.011131487 0.98203123 125.31022 -0.0049640471 0.9999122 -0.012286456 -3.6150067 -0.98208186 -0.0071894898 -0.18831786 -37.914611
-0.18774699 0.015900564 0.98208867 126.18018 -0.0071717834 0.99982011 -0.017558683 -3.6469655 -0.98219128 -0.010339916 -0.18759919 -38.073937
-0.18763722 0.020316054 0.98202823 127.02887 -0.0060348469 0.99974336 -0.021835625 -3.6811407 -0.9822199 -0.010023565 -0.18746646 -38.227952
-0.18784187 0.019050226 0.98201448 127.87453 -0.009367246 0.99973167 -0.021185709 -3.7138955 -0.98215466 -0.013178334 -0.18761302 -38.381736
-0.18725824 0.017986321 0.982146 128.73432 -0.01154653 0.99972298 -0.0205097 -3.7504688 -0.9822429 -0.015180988 -0.18699869 -38.541275
-0.18629922 0.018410418 0.98232051 129.58404 -0.0061348316 0.99978313 -0.019901181 -3.7878254 -0.98247394 -0.0097339446 -0.18614587 -38.70557
-0.18592017 0.021421244 0.98233128 130.42298 -0.0067834795 0.99971051 -0.023084094 -3.8272466 -0.98254148 -0.010955422 -0.18572104 -38.855898
-0.18600171 0.022625884 0.98228883 131.24894 -0.017366863 0.99950294 -0.026310899 -3.860156 -0.98239597 -0.021953148 -0.18551632 -38.990063
-0.18546502 0.023870598 0.98236085 132.08594 -0.021121742 0.9993771 -0.028271762 -3.8933504 -0.98242388 -0.025992595 -0.1848453 -39.129899
-0.18548233 0.026823962 0.98228138 132.92832 -0.023381247 0.99922386 -0.031701659 -3.949376 -0.98236943 -0.028847061 -0.18471119 -39.280016
-0.18446161 0.028307497 0.98243194 133.75106 -0.01825555 0.99931402 -0.032221595 -3.9893527 -0.98267021 -0.023878482 -0.1838183 -39.434189
-0.18328508 0.02939413 0.98262021 134.58086 -0.018654612 0.9992689 -0.033371744 -4.0325677 -0.98288283 -0.024446941 -0.18260274 -39.578332
-0.18121844 0.028579669 0.98302747 135.39777 -0.013386711 0.99941335 -0.03152386 -4.0710694 -0.9833518 -0.018872209 -0.18072954 -39.732374
-0.17811162 0.025450881 0.98368106 136.22903 -0.0060488896 0.99961825 -0.026958475 -4.1182099 -0.98399174 -0.010751795 -0.17788968 -39.884399
-0.17578106 0.021382152 0.984197 137.03793 0.0011035265 0.99976774 -0.021523338 -4.1500999 -0.98442871 -0.0026973069 -0.17576383 -40.038396
-0.1717823 0.020948633 0.98491214 137.8528 0.0050465701 0.99977947 -0.020384661 -4.1866157 -0.98512205 0.001468705 -0.17185014 -40.177333
-0.16740561 0.024873298 0.98557425 138.65525 -0.00050278571 0.99967941 -0.025314675 -4.2386308 -0.98588802 -0.0047333503 -0.16733943 -40.302854
-0.16048068 0.028661446 0.98662272 139.47387 0.0032649418 0.99958826 -0.02850703 -4.2713055 -0.98703362 -0.001353561 -0.16050819 -40.434044
-0.15284141 0.028719483 0.98783329 140.25196 -0.0021424649 0.99956566 -0.02939207 -4.308808 -0.98824845 -0.0066087228 -0.15271349 -40.545801
-0.1427027 0.025558233 0.98943551 141.05894 0.0068680244 0.99966805 -0.024831999 -4.3364403 -0.98974181 0.0032518749 -0.14283086 -40.65869
-0.1307324 0.023973696 0.99112775 141.87105 0.015543439 0.99963428 -0.022129232 -4.3770494 -0.99129588 0.012512528 -0.13105722 -40.767374
-0.11715091 0.02603367 0.9927728 142.66123 0.013970687 0.99960063 -0.024564123 -4.4174994 -0.99301589 0.01099201 -0.11746784 -40.858047
-0.10299595 0.02734139 0.99430589 143.45394 0.01265801 0.99957723 -0.02617515 -4.4552433 -0.99460127 0.0098900008 -0.1032985 -40.92975
-0.088926113 0.027206306 0.99566655 144.24995 0.015847655 0.999539 -0.025896715 -4.4899299 -0.99591219 0.013476087 -0.089316276 -40.996435
-0.075286789 0.028954006 0.99674143 145.03545 0.019945554 0.9994221 -0.027525328 -4.5234648 -0.99696247 0.017808267 -0.075820786 -41.058591
-0.061467923 0.034607542 0.99750886 145.8415 0.015889119 0.99930599 -0.03369078 -4.5761767 -0.99798262 0.013778636 -0.061975149 -41.088943
-0.048569758 0.043665106 0.99786485 146.57844 0.0070695981 0.99903397 -0.04337216 -4.6244838 -0.99879482 0.004947929 -0.048831534 -41.110225
-0.035241946 0.052297051 0.99800949 147.3098 0.0004879789 0.99863065 -0.052312368 -4.6672188 -0.99937873 -0.0013565812 -0.035219209 -41.114905
-0.021478395 0.05348355 0.99833767 148.10638 0.0010653415 0.99856873 -0.053473007 -4.7115786 -0.99976879 -8.4942995e-05 -0.021504633 -41.130476
-0.009822039 0.049440301 0.99872874 148.87798 1.3277258e-05 0.99877697 -0.049442556 -4.7657993 -0.9999518 -0.0004723655 -0.0098106843 -41.118337
0.0010474166 0.046425715 0.99892115 149.64413 -0.0014008969 0.99892083 -0.046424229 -4.8201533 -0.99999851 -0.0013507592 0.0011113224 -41.103198
0.0099747394 0.052488501 0.99857167 150.3916 -0.0072416357 0.998599 -0.052417599 -4.8854822 -0.99992407 -0.0067084396 0.010340866 -41.076784
0.016689676 0.061324449 0.9979783 151.12298 -0.013133958 0.99804469 -0.061108882 -4.9295853 -0.99977449 -0.012087517 0.017462474 -41.058887
0.020031582 0.064726629 0.99770192 151.8913 -0.016937657 0.99778095 -0.064391685 -4.9825715 -0.99965591 -0.015608865 0.021083447 -41.031367
0.01914237 0.060385336 0.99799153 152.6488 -0.020967813 0.99797919 -0.059982406 -5.0412369 -0.99959692 -0.019777494 0.020369834 -40.999127
0.018324787 0.054854022 0.99832618 153.3964 -0.012678322 0.99842635 -0.054626808 -5.1080922 -0.99975174 -0.011656076 0.018991406 -40.983697
0.015049733 0.052498032 0.99850758 154.13482 -0.014056196 0.99853314 -0.052287516 -5.1571305 -0.99978798 -0.013248304 0.015765578 -40.966613
0.012281771 0.052537111 0.9985434 154.88193 -0.013833341 0.99853212 -0.05236637 -5.2089445 -0.99982893 -0.013170039 0.012990505 -40.958326
0.0086854758 0.052920385 0.99856092 155.63345 -0.014106682 0.99850574 -0.052794759 -5.2651058 -0.99986281 -0.013627834 0.0094190269 -40.947806
0.0039149401 0.051011767 0.99869034 156.38196 -0.012230551 0.99862578 -0.050960523 -5.3204086 -0.99991758 -0.012015025 0.0045334605 -40.940291
-0.0012674209 0.051446035 0.99867493 157.12728 -0.015646539 0.9985525 -0.051459583 -5.369331 -0.99987682 -0.015691027 -0.00046063547 -40.938047
-0.0070284876 0.049470888 0.99875079 157.86789 -0.014919723 0.99865914 -0.049571341 -5.4193624 -0.99986403 -0.015249496 -0.006280973 -40.936648
-0.013269819 0.04660636 0.99882515 158.61972 -0.01136144 0.99884163 -0.046758069 -5.4705174 -0.99984745 -0.011968563 -0.012724933 -40.947991
-0.018250649 0.046677692 0.99874322 159.35879 -0.012645835 0.99881896 -0.046912315 -5.5203192 -0.99975351 -0.013486121 -0.017638817 -40.957836
-0.023968523 0.047823339 0.99856815 160.06136 -0.014724707 0.99872991 -0.04818452 -5.5671056 -0.99960431 -0.015858535 -0.023233898 -40.970326
-0.0278297 0.050221765 0.99835024 160.78603 -0.016833789 0.99857194 -0.05070217 -5.6197047 -0.99947097 -0.018217043 -0.026944536 -40.98274
-0.030541826 0.052232386 0.99816777 161.50219 -0.016116255 0.99847813 -0.052741748 -5.6708377 -0.9994036 -0.017697555 -0.029653556 -40.998372
-0.032164696 0.054060771 0.99801943 162.20772 -0.015556045 0.9983881 -0.054582088 -5.7276215 -0.99936156 -0.017280851 -0.031271879 -41.017784
-0.031478713 0.052042477 0.99814858 162.93732 -0.0090126286 0.99858815 -0.052349626 -5.7754068 -0.99946383 -0.010643841 -0.030965232 -41.047036
-0.027371912 0.048263423 0.99845948 163.64826 -0.0051544858 0.99881367 -0.048421848 -5.8209018 -0.99961207 -0.0064719431 -0.027090669 -41.064467
-0.020152799 0.047994425 0.99864424 164.34985 -0.0050503491 0.9988295 -0.048105244 -5.8766344 -0.9997842 -0.0060129566 -0.019886823 -41.076219
-0.0093350802 0.04926228 0.99874221 165.04581 -0.0037267583 0.99877712 -0.049298834 -5.9290059 -0.99994952 -0.0041822786 -0.0091400774 -41.077269
0.0048492033 0.049447568 0.99876491 165.7277 -0.0012613869 0.9987762 -0.049442001 -5.9766216 -0.99998749 -0.0010200738 0.0049056399 -41.064725
0.020288647 0.047335416 0.99867294 166.42628 -0.0018427683 0.99887866 -0.047307728 -6.0191777 -0.99979251 -0.00088051222 0.020353123 -41.041934
0.036534304 0.042294348 0.99843695 167.12439 -0.00623077 0.99909422 -0.042094195 -6.0625817 -0.99931302 -0.0046831481 0.036764737 -40.994008
0.05246904 0.035565934 0.99798897 167.79522 -0.0071814886 0.99935318 -0.035236985 -6.1004785 -0.99859677 -0.0053181949 0.052690517 -40.946222
0.069893598 0.028377261 0.99715071 168.46961 -0.0079134585 0.99957963 -0.027891702 -6.1409489 -0.99752311 -0.0059414586 0.070088777 -40.885533
0.087377238 0.020865613 0.99595671 169.16002 -0.0083150325 0.99976106 -0.02021582 -6.1737796 -0.99614063 -0.0065150091 0.087529857 -40.818678
0.10496272 0.014524726 0.99437004 169.82167 -0.0088690133 0.99986724 -0.013668836 -6.2026679 -0.99443665 -0.0073843621 0.10507761 -40.729094
0.12292543 0.012172386 0.99234122 170.48671 -0.010950467 0.99988054 -0.010908385 -6.2322768 -0.99235554 -0.0095256817 0.12304403 -40.631502
0.14109771 0.011257902 0.98993162 171.12172 -0.010182767 0.99989895 -0.0099198752 -6.2514456 -0.98994335 -0.0086805708 0.14119809 -40.529627
0.1586272 0.010625011 0.98728134 171.76541 -0.011379552 0.99989535 -0.0089324005 -6.2708161 -0.98727301 -0.0098178971 0.1587315 -40.416006
0.17484401 0.010240151 0.98454285 172.40441 -0.016893026 0.99982992 -0.0073991342 -6.2878991 -0.98445126 -0.015338213 0.17498726 -40.278831
0.18923904 0.0068947723 0.9819068 173.02729 -0.019076747 0.99981243 -0.0033439155 -6.3042859 -0.98174576 -0.018098788 0.18933507 -40.141955
0.20136529 0.0023018172 0.97951347 173.65779 -0.014071983 0.99990084 0.00054314753 -6.3203669 -0.97941517 -0.013893067 0.20137771 -40.004454
0.21235238 0.00094458619 0.97719266 174.28414 -0.012764395 0.9999169 0.0018072612 -6.3416682 -0.97710983 -0.012857049 0.21234679 -39.861484
0.22202224 0.0042460881 0.97503231 174.88008 -0.015174353 0.99988446 -0.00089899908 -6.3537658 -0.97492356 -0.014595887 0.22206102 -39.713424
0.23073601 0.011431952 0.97294919 175.49771 -0.020111348 0.9997734 -0.0069777014 -6.3763023 -0.97280857 -0.017957312 0.23091363 -39.550244
0.24041212 0.021483896 0.97043309 176.06395 -0.020436125 0.99964546 -0.01706783 -6.392312 -0.9704558 -0.015728578 0.24076594 -39.39364
0.24848239 0.028297801 0.96822294 176.66421 -0.015361452 0.99956259 -0.025271424 -6.4060577 -0.96851464 -0.0085938058 0.2488084 -39.243106
0.2550099 0.026823648 0.96656628 177.25587 -0.014901937 0.99960546 -0.023808944 -6.4212708 -0.96682365 -0.0083321924 0.25530901 -39.081552
0.26066473 0.019450864 0.96523338 177.87314 -0.018326903 0.99971656 -0.015196504 -6.4425889 -0.96525546 -0.013728545 0.26094732 -38.907068
0.26497755 0.008659576 0.96421566 178.47477 -0.022119025 0.99975114 -0.0029001559 -6.4644066 -0.96400089 -0.020559033 0.26510315 -38.720808
0.26746906 -0.00077371167 0.9635661 179.07668 -0.020644587 0.99976553 0.0065333541 -6.4870259 -0.96334531 -0.021639894 0.26739037 -38.54441
0.26824121 -0.0017486541 0.96335015 179.68291 -0.017524679 0.99982402 0.0066945415 -6.5063631 -0.96319241 -0.018678154 0.26816336 -38.37902
0.26908727 0.0015778873 0.96311447 180.28103 -0.01545584 0.99987696 0.0026801351 -6.5073186 -0.96299182 -0.015606933 0.26907855 -38.213371
0.27063234 0.0012057972 0.96268199 180.89581 -0.012686712 0.99991684 0.0023140952 -6.5187382 -0.96259922 -0.012839537 0.27062513 -38.040935
0.27256484 -0.00054238867 0.96213722 181.4971 -0.01427811 0.99988744 0.0046085303 -6.5151172 -0.96203151 -0.014993624 0.27252641 -37.868292
0.2752139 -0.0046805541 0.96137158 182.10797 -0.01441198 0.99985569 0.0089936673 -6.5327491 -0.96127503 -0.01633045 0.27510673 -37.681748
0.2781899 -0.010501043 0.96046865 182.72936 -0.012743836 0.99981187 0.014622314 -6.5385821 -0.96044159 -0.016307835 0.27800374 -37.502265
0.28290155 -0.013408805 0.95905518 183.35424 -0.011780012 0.99977829 0.017453026 -6.5438259 -0.95907665 -0.016235169 0.28268087 -37.308461
0.2887148 -0.0149172 0.95729889 183.95972 -0.010499898 0.99976915 0.018745694 -6.5394567 -0.95735761 -0.0154637 0.28849152 -37.121934
0.29684641 -0.017966127 0.95475617 184.58709 -0.009555263 0.99971706 0.021783037 -6.542251 -0.95487747 -0.015589162 0.29659075 -36.917814
0.30627099 -0.020487106 0.95172385 185.19428 -0.0059767718 0.9997073 0.023443378 -6.5443167 -0.95192565 -0.012868262 0.30605889 -36.71906
0.31738228 -0.01861857 0.94811485 185.83591 -0.0076605169 0.99972428 0.022196413 -6.5449012 -0.94826678 -0.014307797 0.31715214 -36.498083
0.32913496 -0.014711726 0.94416824 186.4338 -0.0081996625 0.9997964 0.01843689 -6.5444725 -0.94424733 -0.013810085 0.32894732 -36.266533
0.34008367 -0.011211237 0.94032831 187.04888 -0.0096203413 0.99983513 0.015400057 -6.5413502 -0.94034601 -0.014283587 0.33991974 -36.038115
0.3519514 -0.010471255 0.93595966 187.67478 -0.009071614 0.9998523 0.014597291 -6.5369389 -0.93597435 -0.013628201 0.35180443 -35.790638
0.36324425 -0.013811972 0.93159153 188.30177 -0.0077934887 0.99981008 0.017862216 -6.5409795 -0.93166139 -0.013748695 0.36306762 -35.544556
0.37422339 -0.01555803 0.92720803 188.90623 -0.0079000634 0.99976949 0.019964055 -6.5374774 -0.92730497 -0.014796018 0.37401422 -35.277526
0.38577391 -0.015794265 0.92245811 189.54403 -0.010137033 0.99972053 0.021356475 -6.5426841 -0.9225377 -0.017589758 0.38550599 -35.006004
0.39530799 -0.016959208 0.91839202 190.15157 -0.013069909 0.99962447 0.024085007 -6.5324264 -0.91845568 -0.021524295 0.39493788 -34.715493
0.40203705 -0.016077132 0.91548221 190.79365 -0.016759759 0.99954911 0.024913566 -6.5302381 -0.91547004 -0.025359438 0.40158632 -34.429714
0.40666109 -0.018378745 0.91339417 191.42943 -0.017442829 0.99945918 0.027876383 -6.5205366 -0.9134126 -0.027268418 0.40612058 -34.127523
0.40871234 -0.0233491 0.9123645 192.08136 -0.012533871 0.99943481 0.031192195 -6.5150191 -0.91257723 -0.024184093 0.40818868 -33.835048
0.40924216 -0.021328508 0.91217645 192.73202 -0.010787137 0.99954379 0.02821091 -6.5124635 -0.91236208 -0.021384866 0.40882538 -33.545877
0.40813343 -0.021345006 0.91267268 193.395 -0.0082166011 0.99960025 0.027052352 -6.5036795 -0.91288535 -0.018540036 0.40779489 -33.251795
0.40663804 -0.020394656 0.91336164 194.05925 -0.005223085 0.99968256 0.024647506 -6.5012231 -0.91357446 -0.014793179 0.40640243 -32.960792
0.40724755 -0.021478662 0.91306518 194.72257 -0.0019888906 0.99970021 0.024403727 -6.4869956 -0.91331569 -0.011754344 0.40708274 -32.656878
0.40576647 -0.027838839 0.91355268 195.40723 0.0015219345 0.99955521 0.029783621 -6.4796871 -0.91397556 -0.010694827 0.40562835 -32.357185
0.40547065 -0.031176911 0.9135762 196.08884 0.0024682022 0.99945191 0.033012068 -6.469513 -0.91410477 -0.011130533 0.40532536 -32.048366
0.40391384 -0.03334546 0.91418905 196.77349 0.0033786917 0.999383 0.034960149 -6.4582956 -0.91479083 -0.011032124 0.40377728 -31.735979
0.40164447 -0.033958714 0.91516581 197.47081 0.0029829027 0.99935547 0.035773583 -6.4434298 -0.91579086 -0.011638411 0.40148689 -31.43763
0.40086884 -0.034132975 0.91549934 198.14326 0.0014393754 0.99932793 0.036628136 -6.431983 -0.91613436 -0.013365331 0.40064856 -31.126844
0.3985133 -0.032964822 0.91656991 198.83671 0.00023209196 0.99935746 0.035841401 -6.4290886 -0.91716256 -0.014070546 0.39826489 -30.825847
0.39761852 -0.029980663 0.91706085 199.52952 0.0015404045 0.99948644 0.032007443 -6.4177062 -0.91754957 -0.011314107 0.3974605 -30.534858
0.39700138 -0.023669794 0.91751271 200.2098 0.00028104475 0.99967049 0.025667677 -6.4169517 -0.91781801 -0.0099322404 0.39687722 -30.230045
0.39531981 -0.020459859 0.91831562 200.89156 -0.0019724614 0.99973068 0.02312288 -6.4036635 -0.91854147 -0.010952274 0.39517298 -29.92907
0.3943918 -0.023320297 0.9186464 201.58161 -0.0023233031 0.99964944 0.026374037 -6.3972065 -0.91893949 -0.012535997 0.39419936 -29.61911
0.39302632 -0.026100767 0.91915667 202.27371 -0.0041373822 0.99953675 0.030152396 -6.3914466 -0.91951795 -0.015653587 0.39273626 -29.324877
0.38970101 -0.025837877 0.92057887 202.95539 -0.0074081489 0.99948606 0.031188595 -6.386808 -0.92091167 -0.018974012 0.38930932 -29.026653
0.38592969 -0.025980905 0.92216224 203.64117 -0.010084292 0.99942482 0.032378021 -6.3780204 -0.92247312 -0.021794992 0.38544571 -28.736125
0.37881957 -0.027210673 0.9250704 204.32917 -0.010716677 0.99937167 0.033784739 -6.3743802 -0.92540854 -0.022712 0.37828994 -28.449156
0.37030807 -0.027350697 0.92850622 205.0157 -0.010111322 0.99938853 0.033471264 -6.3580417 -0.92885401 -0.021783104 0.36980509 -28.171575
