1 0 0 0 0 1 0 0 0 0 1 0
0.99992839 -0.0027273143 0.011652507 0.0023135812 0.0027146457 0.99999571 0.0011028927 -0.0087233782 -0.011655466 -0.0010711813 0.9999315 0.30706889
0.99982702 -0.0045941287 0.018022746 0.012636523 0.0045746281 0.99998891 0.0011230959 -0.010811315 -0.018027707 -0.0010404543 0.99983695 0.59718058
0.99976518 -0.0073453373 0.020387156 0.020424726 0.0073465731 0.99997301 1.4305786e-05 -0.019976275 -0.020386713 0.00013547333 0.99979216 0.89893162
0.99979325 -0.008972056 0.018247113 0.024113428 0.0090007864 0.99995838 -0.0014929689 -0.022474031 -0.01823296 0.0016568986 0.99983239 1.1961073
0.9998729 -0.011219161 0.011327478 0.019011499 0.011253871 0.99993216 -0.0030051085 -0.023267654 -0.011292996 0.0031322046 0.99993133 1.5247464
0.99991938 -0.012697281 -0.0001292106 0.017811906 0.012696556 0.99990886 -0.0045891202 -0.032412719 0.00018746818 0.0045871098 0.99998946 1.835597
0.99980543 -0.012021838 -0.015639047 -0.013930636 0.01194756 0.99991694 -0.0048343734 -0.042286092 0.015695867 0.0046465845 0.99986602 2.1753785
0.99935007 -0.008181558 -0.035107051 -0.051327855 0.0079988125 0.99995374 -0.005342693 -0.044441703 0.035149141 0.005058406 0.99936928 2.5155984
0.99846362 -0.0042766937 -0.055245962 -0.091359869 0.0039306185 0.99997198 -0.0063714069 -0.049433282 0.055271667 0.0061444672 0.99845245 2.8638502
0.99723183 -0.0036081566 -0.074267431 -0.13904966 0.0031172617 0.99997253 -0.0067246848 -0.056817879 0.074289661 0.0064745588 0.99721569 3.2268613
0.99536845 -0.0047051091 -0.096018302 -0.19220152 0.0041366628 0.99997273 -0.0061183903 -0.060492211 0.096044479 0.0056928574 0.99536076 3.6071095
0.99337254 -0.005750388 -0.11479513 -0.24578565 0.0051975183 0.99997341 -0.005114881 -0.070702379 0.1148215 0.0044843325 0.99337602 3.9956966
0.99120403 -0.0050442622 -0.13224645 -0.31841619 0.0044806107 0.99997957 -0.0045593667 -0.076784932 0.13226676 0.0039267177 0.99120638 4.3888376
0.98880538 -0.0036548751 -0.1491662 -0.39766855 0.003113744 0.9999877 -0.0038610855 -0.086099659 0.14917849 0.0033533967 0.9888046 4.7951178
0.9868909 -0.0032322706 -0.16135645 -0.47917738 0.0026074615 0.99998826 -0.0040838334 -0.092886588 0.16136777 0.0036095672 0.98688774 5.2188501
0.98475971 -0.0050046696 -0.17384838 -0.57225417 0.00415066 0.99997747 -0.0052755989 -0.10201642 0.17387088 0.0044736116 0.9847583 5.6678808
0.98295901 -0.0075936475 -0.18366796 -0.65150931 0.0063997354 0.99995437 -0.0070922757 -0.1141363 0.18371345 0.00579599 0.98296276 6.0932392
0.98148638 -0.0071164833 -0.19139969 -0.75432822 0.0055277153 0.99994571 -0.0088334521 -0.12261338 0.19145217 0.0076119099 0.98147243 6.5519498
0.97989337 -0.0069312287 -0.19940145 -0.8655594 0.0048864152 0.99993033 -0.010745059 -0.12548528 0.19946205 0.0095546535 0.97985897 7.0274185
0.97820634 -0.0078376741 -0.20748715 -0.96890437 0.0051564324 0.99989611 -0.013460136 -0.13764938 0.20757111 0.012096897 0.97814513 7.4856709
0.97635904 -0.01152508 -0.21584761 -1.0906383 0.0084146598 0.99984718 -0.015323727 -0.1480415 0.21599125 0.013145176 0.97630681 7.9983315
0.97453991 -0.017065661 -0.22356371 -1.1965924 0.013736451 0.99977052 -0.016438382 -0.16535569 0.22379295 0.012948888 0.97455069 8.5081912
0.9728371 -0.017829224 -0.23080313 -1.3299402 0.013941616 0.99973232 -0.018463921 -0.19095883 0.23107057 0.014744618 0.97282526 9.0438583
0.97055642 -0.014397415 -0.24044321 -1.4850056 0.0091421483 0.99969463 -0.022957807 -0.1949554 0.24070034 0.02008368 0.97039167 9.5615491
0.96862049 -0.011499606 -0.24827828 -1.6347639 0.0051062958 0.99963897 -0.026379239 -0.21110725 0.24849201 0.024283689 0.9683295 10.10377
0.9662015 -0.013910747 -0.25741241 -1.7950887 0.006929497 0.99958367 -0.02800823 -0.23428374 0.25769488 0.025277855 0.96589564 10.659336
0.96402483 -0.015613226 -0.26535325 -1.9585715 0.0079713268 0.99952256 -0.029851585 -0.2633838 0.26569266 0.026662453 0.96368902 11.248115
0.9618872 -0.015625947 -0.27299971 -2.1306788 0.0069939952 0.9994452 -0.032563564 -0.2884598 0.27335711 0.029413117 0.96146283 11.810272
0.95937951 -0.014859029 -0.28172711 -2.3170385 0.0048780299 0.99933641 -0.036096233 -0.30989016 0.28207653 0.033255713 0.95881536 12.394489
0.95720494 -0.016099584 -0.2889628 -2.5056441 0.0044119891 0.99914725 -0.041052612 -0.33920184 0.28937734 0.038020862 0.95645971 12.959018
0.95555759 -0.017338979 -0.29429414 -2.7093509 0.0031835062 0.99881758 -0.048510831 -0.38361375 0.29478732 0.045418007 0.95448292 13.605861
0.95406943 -0.017379787 -0.29908102 -2.9143064 0.0004319922 0.99839461 -0.056639285 -0.41725439 0.29958528 0.053908611 0.95254529 14.21081
0.9528436 -0.017440765 -0.30296021 -3.1167422 -0.002483149 0.99786555 -0.065254742 -0.46368145 0.30345167 0.062929859 0.95076649 14.820822
0.95164115 -0.016791854 -0.30675258 -3.3390382 -0.0063028239 0.99722776 -0.074142257 -0.51050799 0.3071472 0.072490232 0.94889713 15.493046
0.95030355 -0.015603269 -0.31093359 -3.5593066 -0.010230522 0.99663874 -0.081280773 -0.56859678 0.31115673 0.080422421 0.9469497 16.123875
0.94867589 -0.01527634 -0.31588082 -3.8046357 -0.013133918 0.99606777 -0.087615641 -0.63216686 0.31597717 0.0872676 0.94474483 16.78547
0.9469103 -0.01354299 -0.32121248 -4.0541352 -0.017521229 0.99545366 -0.093621672 -0.70373277 0.32102009 0.094279364 0.94236804 17.447956
0.94536249 -0.011324924 -0.32582433 -4.2982032 -0.022132844 0.9948615 -0.098796455 -0.77762039 0.32526897 0.10060988 0.94025409 18.115662
0.94373206 -0.0087084566 -0.33059635 -4.5708627 -0.026668523 0.99439369 -0.10232288 -0.85551372 0.32963403 0.1053819 0.93820897 18.845984
0.94209797 -0.0081970636 -0.33523755 -4.8180394 -0.028302617 0.99419055 -0.1038466 -0.93720497 0.33414127 0.10732177 0.9363929 19.528322
0.93982682 -0.0070764323 -0.34157789 -5.1063314 -0.029833794 0.99426657 -0.10268363 -1.0219197 0.34034614 0.10669539 0.93422728 20.246466
0.93721921 -0.0075517215 -0.34865903 -5.3984934 -0.029695354 0.99440639 -0.1013613 -1.1061007 0.34747425 0.10535131 0.93175252 20.950107
0.93512915 -0.0068357709 -0.35424107 -5.6567954 -0.030430751 0.99456977 -0.099523555 -1.1923472 0.35299781 0.1038472 0.92984317 21.68008
0.93218836 -0.0065888385 -0.36191359 -5.9440976 -0.030241554 0.99492117 -0.096006888 -1.2744225 0.36070809 0.10044133 0.92725467 22.393816
0.92844192 -0.0035720558 -0.3714604 -6.2899271 -0.032607159 0.99531046 -0.091070691 -1.3625704 0.37004376 0.096666118 0.92397148 23.219842
0.92533855 -0.0019259977 -0.37913697 -6.5932673 -0.032956204 0.99579357 -0.085492955 -1.4427892 0.37770685 0.091604844 0.92138271 23.940215
0.92174253 0.00020390592 -0.38780233 -6.9289317 -0.034604056 0.99605405 -0.081724434 -1.5168066 0.38625545 0.088748422 0.91811244 24.697125
0.9184584 0.0018781239 -0.39551312 -7.2737749 -0.036474392 0.99612969 -0.079970428 -1.5982165 0.3938322 0.087875614 0.91497218 25.419331
0.91433976 0.0029617343 -0.40493705 -7.6297335 -0.038186966 0.99614773 -0.078939514 -1.6722164 0.40314336 0.087640855 0.91093058 26.198114
0.91059925 0.0025594559 -0.41328252 -7.9877042 -0.038101006 0.99624227 -0.077779496 -1.7397728 0.41153048 0.086572432 0.90727498 26.950722
0.90651187 0.00309266 -0.42216897 -8.3678124 -0.038856319 0.99634003 -0.07613627 -1.8168188 0.42038842 0.085422367 0.90331424 27.738951
0.90273372 0.0042199338 -0.43017904 -8.7512742 -0.039813634 0.99647994 -0.073773999 -1.8929677 0.4283535 0.083725269 0.89972406 28.520635
0.89931581 0.0039104294 -0.43728226 -9.1516818 -0.03817611 0.99684432 -0.069598723 -1.9637999 0.43563021 0.079284969 0.89662714 29.294241
0.89558753 0.0044154308 -0.44486343 -9.5418965 -0.036901548 0.99724222 -0.064391244 -2.0300926 0.44335231 0.074084145 0.89328063 30.106145
0.89170397 0.0044050136 -0.45259762 -9.9725004 -0.035372814 0.99757251 -0.059982099 -2.095812 0.45123476 0.069495928 0.88969519 30.892638
0.8885344 0.0029755229 -0.45880034 -10.408825 -0.033220944 0.99777145 -0.057866254 -2.161154 0.45760574 0.066657939 0.88665311 31.718961
0.88495314 0.0032985021 -0.46566838 -10.856906 -0.033617727 0.99781835 -0.056818985 -2.2241251 0.46446507 0.065936853 0.88313337 32.542764
0.8817815 0.0035984769 -0.47164438 -11.296009 -0.033442469 0.99793112 -0.054909836 -2.283129 0.47047105 0.064191431 0.88007754 33.372619
0.87863737 0.0023025196 -0.47748408 -11.762076 -0.031906747 0.99803644 -0.053900141 -2.3464423 0.47642245 0.062593643 0.87698558 34.206649
0.87609366 0.0019660545 -0.48213693 -12.232233 -0.031664429 0.99806742 -0.053467689 -2.4070181 0.48110008 0.062109295 0.87446279 35.028109
0.87439261 0.00050111819 -0.4852188 -12.726071 -0.030540973 0.99807345 -0.054005835 -2.469772 0.48425698 0.062041359 0.87272336 35.89334
0.87275345 0.0010920553 -0.48816001 -13.219026 -0.031769677 0.9980046 -0.054566569 -2.5314521 0.48712639 0.063131848 0.87104665 36.764872
0.87291242 0.00087947844 -0.48787613 -13.720214 -0.030905018 0.99808969 -0.053496312 -2.5929571 0.48689713 0.061775417 0.87127206 37.62126
0.87207686 0.00061866933 -0.48936851 -14.223889 -0.029966963 0.99819003 -0.052140551 -2.6540497 0.48845056 0.060135457 0.87051697 38.521387
0.87214893 -0.00045209676 -0.48924025 -14.731296 -0.028368465 0.99827031 -0.051493799 -2.7174143 0.48841734 0.058789257 0.87062756 39.408882
0.87136279 -0.0020437948 -0.49063499 -15.248519 -0.027203762 0.9982518 -0.052471931 -2.7841389 0.48988455 0.059069206 0.86978387 40.304282
0.87017245 -0.0034444125 -0.49273524 -15.757684 -0.026062979 0.99825404 -0.053005511 -2.8523822 0.49205756 0.058966084 0.8685634 41.236213
0.86978509 -0.0052005012 -0.49340332 -16.285877 -0.022986705 0.99843177 -0.051045131 -2.9126917 0.49289505 0.055740011 0.86830153 42.137921
0.86684669 -0.0038226104 -0.49856011 -16.828661 -0.022970147 0.99860258 -0.047594788 -2.9774738 0.49804539 0.052709384 0.86554753 43.057529
0.86432362 -0.0037885567 -0.50292177 -17.378295 -0.020772877 0.99884939 -0.043224782 -3.0469412 0.50250691 0.047807333 0.86325042 43.992494
0.86089111 -0.0049287928 -0.50876534 -17.934278 -0.018737836 0.99896758 -0.041384383 -3.1094289 0.5084441 0.04516061 0.85990996 44.905808
0.85584349 -0.00816075 -0.51717048 -18.489075 -0.01676803 0.99891221 -0.043511147 -3.1699458 0.51696304 0.045910663 0.85477567 45.792459
0.84994532 -0.010026815 -0.52677546 -19.050144 -0.017073186 0.99876966 -0.046558266 -3.2401864 0.52659422 0.048565717 0.84872841 46.693365
0.84389729 -0.011664954 -0.53637791 -19.625652 -0.01565604 0.9988024 -0.046353647 -3.2954833 0.5362763 0.047515272 0.84270401 47.582883
0.83850219 -0.0066833021 -0.54485722 -20.240709 -0.019007658 0.99895748 -0.041504994 -3.3576599 0.54456663 0.045158488 0.837501 48.476359
0.83341407 -0.0063449527 -0.55261261 -20.830749 -0.016669745 0.99919049 -0.036612656 -3.4162102 0.55239762 0.039725414 0.83263365 49.345476
0.8291819 -0.0046745537 -0.5589593 -21.423939 -0.019966919 0.99907919 -0.037974958 -3.4721514 0.55862217 0.042648843 0.82832504 50.24928
0.8265887 -0.0070876428 -0.56276182 -22.037388 -0.020317347 0.99889315 -0.042422718 -3.5307296 0.56243965 0.046499967 0.82552978 51.111692
0.82353813 -0.0075302458 -0.5672109 -22.643763 -0.024795033 0.99847838 -0.049255824 -3.601061 0.56671878 0.054628063 0.82209831 51.96205
0.82021151 -0.010363617 -0.57196647 -23.281202 -0.022860053 0.99844347 -0.050872848 -3.6615668 0.57160347 0.05480168 0.81869792 52.853547
0.81762833 -0.007752855 -0.57569417 -23.903226 -0.024028364 0.99857866 -0.047574053 -3.7327606 0.57524479 0.052730884 0.81627992 53.695487
0.81443483 -0.0062352059 -0.58022151 -24.543162 -0.022221431 0.9988736 -0.04192552 -3.7937041 0.57982941 0.047038956 0.81337889 54.581796
0.81065698 -0.0063735219 -0.58548665 -25.186986 -0.020265828 0.99903621 -0.038935154 -3.8486259 0.58517057 0.043428426 0.80974651 55.444998
0.80950663 -0.0037878829 -0.5870985 -25.821203 -0.023995487 0.9989302 -0.039530564 -3.9076795 0.58662021 0.046087968 0.80854973 56.311807
0.80518918 -0.0047533873 -0.59299896 -26.482886 -0.024470536 0.99884984 -0.041233342 -3.9732017 0.59251296 0.047711644 0.80414676 57.178698
0.80157144 -0.0060852298 -0.59786802 -27.142461 -0.025005789 0.9987321 -0.043690979 -4.039598 0.5973759 0.049971603 0.80040296 58.051405
0.79793692 -0.007558717 -0.60269354 -27.780507 -0.023877585 0.99874003 -0.044138516 -4.0950802 0.60226785 0.049610618 0.79675106 58.857579
0.79267368 -0.0083437349 -0.60958903 -28.451961 -0.022709841 0.99880823 -0.043201701 -4.1586202 0.60922306 0.048088522 0.79153951 59.721687
0.7882113 -0.0080390988 -0.61535217 -29.112299 -0.022890595 0.99883973 -0.042369877 -4.2178751 0.61497886 0.047482193 0.78711274 60.555255
0.78264436 -0.0097836059 -0.62239221 -29.794835 -0.021818612 0.99883087 -0.043137396 -4.2823764 0.62208664 0.047340974 0.78151588 61.410806
0.77757483 -0.010046182 -0.62871012 -30.496495 -0.022850942 0.99876041 -0.044220769 -4.3462771 0.62837508 0.048751576 0.7763814 62.244463
0.77346645 -0.010673827 -0.63374734 -31.176013 -0.023318781 0.99870212 -0.045280295 -4.4131198 0.63340818 0.049801005 0.77221368 63.092941
0.76733064 -0.013691298 -0.64110545 -31.918131 -0.020670362 0.9987244 -0.046068606 -4.4784931 0.64091845 0.048601735 0.76606883 63.932252
0.7612551 -0.01364701 -0.64830887 -32.612537 -0.022260399 0.99863928 -0.047160054 -4.5463129 0.64807035 0.050332447 0.75991546 64.737527
0.75562965 -0.014357818 -0.6548417 -33.352273 -0.021931535 0.99864453 -0.04720297 -4.6127279 0.65463187 0.050029648 0.75429052 65.594399
0.74865494 -0.016275907 -0.66276002 -34.086351 -0.018912329 0.99876741 -0.045890899 -4.670025 0.66269008 0.046890784 0.74742434 66.403971
0.74289776 -0.016936254 -0.66919059 -34.815436 -0.017823135 0.99882505 -0.045065071 -4.7390747 0.66916761 0.045405815 0.74172304 67.200438
0.73564159 -0.017368857 -0.67714824 -35.619887 -0.018519785 0.99878177 -0.045738316 -4.8151477 0.67711779 0.046187648 0.73442374 68.055762
0.73060086 -0.020136879 -0.68250776 -36.383041 -0.016599379 0.99874581 -0.047236302 -4.8806835 0.68260302 0.045840088 0.72935029 68.848628
0.72633238 -0.020737887 -0.68703069 -37.163133 -0.016343686 0.99874106 -0.047425431 -4.9425691 0.68714932 0.045675241 0.72507904 69.653742
0.72033378 -0.019387102 -0.69335657 -37.9497 -0.017904166 0.99875656 -0.046527243 -5.0132035 0.69339651 0.045929117 0.71909098 70.47755
0.71661412 -0.018994254 -0.69721114 -38.735418 -0.018785708 0.99874082 -0.046517385 -5.0777212 0.69721685 0.04643262 0.71535496 71.281694
0.71125773 -0.02000859 -0.70264647 -39.576029 -0.018489159 0.99871644 -0.047155242 -5.1488606 0.70268815 0.046530873 0.70997485 72.08106
0.70584018 -0.02020059 -0.708083 -40.389638 -0.021508579 0.99852125 -0.049926826 -5.2260174 0.70804453 0.05047022 0.70436194 72.85931
0.70146809 -0.022352627 -0.71235022 -41.194478 -0.021568268 0.99838447 -0.052566792 -5.2958674 0.71237446 0.052238088 0.69985274 73.673829
0.69684551 -0.023450969 -0.71683774 -42.027204 -0.021588432 0.99832662 -0.05364607 -5.3736091 0.71689631 0.052858426 0.69517316 74.472116
0.69126118 -0.022460133 -0.72225582 -42.890994 -0.021770524 0.99841578 -0.051884203 -5.4481038 0.722277 0.051589424 0.68967711 75.282297
0.68770087 -0.024653952 -0.72557539 -43.720387 -0.01791358 0.9985427 -0.05090747 -5.5153308 0.72577314 0.048006765 0.68625705 76.028774
0.68249182 -0.024121338 -0.73049506 -44.601512 -0.019709829 0.9984844 -0.051385118 -5.6026752 0.73062746 0.049467856 0.680982 76.839571
0.67839275 -0.024850548 -0.73427902 -45.451639 -0.019070784 0.99849543 -0.051411844 -5.6757294 0.73445193 0.048880699 0.67689814 77.627283
0.67461617 -0.027159147 -0.73766886 -46.337647 -0.015827184 0.998561 -0.051238896 -5.7510779 0.73799903 0.046241809 0.67321555 78.414046
0.66990171 -0.028023217 -0.74192072 -47.213412 -0.014661494 0.99859326 -0.050956326 -5.8202673 0.74230505 0.045013396 0.66854847 79.190688
0.66616853 -0.029972518 -0.74519869 -48.104227 -0.013486978 0.99854458 -0.052218952 -5.903295 0.74567931 0.044837101 0.66479474 79.9599
0.66183628 -0.033479132 -0.74890042 -49.020501 -0.011951406 0.99840406 -0.055195021 -5.9910333 0.74955317 0.04548048 0.66037991 80.775908
0.6563456 -0.038194291 -0.75349293 -49.920893 -0.007491996 0.99833855 -0.057131486 -6.0661949 0.7544232 0.043143166 0.65496897 81.57249
0.65053704 -0.043172341 -0.75824644 -50.806644 -0.00026930666 0.99836984 -0.057075318 -6.1486003 0.75947451 0.037333809 0.64946494 82.350892
0.64273678 -0.047947021 -0.76458516 -51.739115 0.0065225585 0.99834584 -0.05712303 -6.2327189 0.76605936 0.031728021 0.64198633 83.111227
0.63397959 -0.047726523 -0.77187564 -52.645551 0.0070787491 0.99841019 -0.055919454 -6.3180195 0.77331741 0.029987879 0.63330953 83.848307
0.62519066 -0.046161089 -0.77910573 -53.641033 0.0068161463 0.99853426 -0.053692375 -6.3998448 0.78044233 0.028257473 0.62458893 84.634759
0.61707049 -0.045662774 -0.78558186 -54.57068 0.0062792519 0.9985689 -0.05311055 -6.485607 0.78688286 0.027840087 0.61647413 85.373043
0.60854187 -0.046109249 -0.79218096 -55.551097 0.0038456895 0.99847 -0.055162192 -6.5686791 0.79351248 0.030522021 0.60778812 86.104379
0.5962658 -0.051184316 -0.80115367 -56.564688 0.0087658901 0.99832099 -0.057256901 -6.6458188 0.80273925 0.027117507 0.59571334 86.809906
0.58858085 -0.04970483 -0.80690889 -57.557897 0.0037047004 0.99826351 -0.058789787 -6.7356531 0.80842991 0.031613187 0.58774292 87.525604
0.57864591 -0.052166388 -0.8139088 -58.529213 0.0095669027 0.9983178 -0.057184275 -6.8205974 0.81552281 0.02530286 0.57817158 88.211631
0.56710569 -0.052156537 -0.82199196 -59.569583 0.0104414 0.99836807 -0.056144155 -6.9096601 0.82357888 0.023256923 0.5667248 88.915536
0.55707764 -0.052376302 -0.82880708 -60.576322 0.010346241 0.99836943 -0.056137599 -6.993529 0.830396 0.022697963 0.55671119 89.622574
0.54794897 -0.052982165 -0.83483217 -61.621187 0.0085486339 0.99829475 -0.057745261 -7.085991 0.83646812 0.024504782 0.5474675 90.280791
0.53722194 -0.053972945 -0.84171221 -62.694371 0.0084023347 0.9982434 -0.058647382 -7.1691782 0.8433991 0.024434312 0.53673176 90.944526
0.52864296 -0.055592659 -0.84702185 -63.731495 0.0079483346 0.99813353 -0.060549873 -7.256806 0.84880711 0.025276851 0.52809813 91.601826
0.5208908 -0.054871776 -0.85185785 -64.827615 0.0056273712 0.99813089 -0.060852839 -7.3530126 0.85360481 0.026903964 0.52022598 92.221477
0.51181215 -0.052637256 -0.85748328 -65.947671 0.0045791666 0.99827417 -0.05854661 -7.4461587 0.85908522 0.026038308 0.51116989 92.881801
0.50160849 -0.051275371 -0.8635738 -67.022651 0.0055536194 0.9984122 -0.056055676 -7.5335884 0.86507696 0.023322042 0.5010968 93.487715
0.49498789 -0.051482235 -0.86737334 -68.114706 0.0059302995 0.9984201 -0.055876137 -7.6235308 0.86887967 0.022514227 0.49451116 94.117431
0.48930112 -0.054579576 -0.87040532 -69.248541 0.0072891687 0.99826084 -0.058499246 -7.7214211 0.87208448 0.022279215 0.48884799 94.757172
0.48110555 -0.05740786 -0.87478096 -70.330065 0.0088564605 0.99812094 -0.060631286 -7.8143003 0.87661798 0.021422585 0.48070996 95.336376
0.47512934 -0.061057204 -0.877795 -71.491073 0.011063393 0.99792529 -0.063424814 -7.9101149 0.87984645 0.020423598 0.47481909 95.974513
0.46900952 -0.063982103 -0.88087246 -72.582048 0.011877476 0.99773921 -0.066146696 -8.0115424 0.88311328 0.020560889 0.46870913 96.548015
0.46623467 -0.065110515 -0.88226174 -73.696759 0.014064492 0.99770739 -0.066197914 -8.1142689 0.88454931 0.018455199 0.46608152 97.142873
0.46139104 -0.063838466 -0.88489711 -74.813765 0.01765549 0.99787102 -0.062782972 -8.2108955 0.88702123 0.013344208 0.46153585 97.682983
0.45691677 -0.061902022 -0.88735288 -75.943425 0.021197025 0.99805004 -0.058709495 -8.3066057 0.88925689 0.0080161116 0.45733794 98.293124
0.45208787 -0.060419077 -0.88992473 -77.063535 0.020984939 0.99814755 -0.057106086 -8.4140854 0.89172656 0.0071419524 0.45251829 98.906731
0.44771281 -0.06014597 -0.89215225 -78.189878 0.022422998 0.99817664 -0.056041151 -8.5020046 0.89389626 0.0050856122 0.44824512 99.416202
0.44503004 -0.061453685 -0.89340452 -79.267455 0.027237638 0.99810992 -0.055088109 -8.5939643 0.89510136 0.00018163392 0.44586275 99.976872
0.4434724 -0.058754129 -0.89436017 -80.31068 0.025392953 0.99827217 -0.052989322 -8.6755124 0.89592829 0.00078885496 0.4441981 100.48947
0.44236449 -0.060339462 -0.89480318 -81.477003 0.029305543 0.99817383 -0.052822276 -8.7706736 0.89635646 -0.0028559946 0.44332494 101.02848
0.43902919 -0.060269956 -0.89644901 -82.560591 0.030639288 0.99817155 -0.052103593 -8.8613356 0.89795026 -0.0045915618 0.44007308 101.569
0.43567628 -0.060159161 -0.89809074 -83.648566 0.034390531 0.998148 -0.050178235 -8.9506312 0.89944624 -0.0090243514 0.43693832 102.16104
0.43478127 -0.059855768 -0.89854464 -84.751781 0.037310952 0.99812919 -0.048435753 -9.0293371 0.89976286 -0.012466599 0.43620115 102.64446
0.43264567 -0.060772823 -0.89951338 -85.84633 0.039401367 0.99804676 -0.048478755 -9.1207589 0.90070269 -0.014467934 0.43419514 103.17334
0.43263575 -0.061568124 -0.89946406 -86.893309 0.039980379 0.99799424 -0.049082219 -9.1917629 0.90068193 -0.014726192 0.43422951 103.60624
0.4320237 -0.062682249 -0.89968127 -87.929994 0.039788686 0.99793514 -0.050421373 -9.2836414 0.90098416 -0.014013909 0.43362567 104.13427
0.43256602 -0.063011383 -0.89939765 -89.001743 0.038499053 0.99793586 -0.051398775 -9.369859 0.90077996 -0.012392595 0.43409903 104.63217
0.43584912 -0.06349709 -0.89777703 -89.98807 0.037978584 0.99791725 -0.052142022 -9.448715 0.89921813 -0.011370247 0.43735289 105.11962
0.43965988 -0.062971756 -0.89595406 -90.986225 0.034839907 0.9979841 -0.05304636 -9.5340342 0.89748841 -0.0078926009 0.4409675 105.60648
0.44423352 -0.063288947 -0.89367277 -92.020236 0.033403352 0.99797821 -0.05407136 -9.620888 0.89528814 -0.0058313556 0.44544944 106.13237
0.45004604 -0.063373467 -0.89075378 -93.053953 0.032351064 0.99798097 -0.054657131 -9.7050181 0.8924192 -0.0042186076 0.45118758 106.63424
0.45696713 -0.061982682 -0.88732132 -94.025002 0.031023512 0.99807281 -0.053742093 -9.7832742 0.88894243 -0.0029694539 0.45800939 107.10649
0.46497858 -0.061780618 -0.88316364 -95.012428 0.031851804 0.99808374 -0.053049992 -9.8647414 0.88474881 -0.0034632455 0.46605539 107.63355
0.47356114 -0.060685504 -0.87866777 -95.986323 0.030051103 0.99815591 -0.052741847 -9.9426585 0.88024817 -0.0014284465 0.47451152 108.13508
0.48217224 -0.061143885 -0.87394009 -96.956277 0.030962301 0.99812764 -0.052749886 -10.024361 0.87552917 -0.0016246654 0.4831626 108.66755
0.4937715 -0.061417522 -0.86742004 -97.917208 0.029200183 0.99811124 -0.054049133 -10.099092 0.86910133 0.0013590966 0.49463229 109.21727
0.50465456 -0.062506697 -0.86105553 -98.890593 0.027527884 0.9980334 -0.056316576 -10.181124 0.86288241 0.0047173797 0.50538279 109.75529
0.51463745 -0.062043594 -0.85516012 -99.79346 0.023783136 0.99802765 -0.058096174 -10.260695 0.85707801 0.0095600768 0.515098 110.28351
0.52693458 -0.061470421 -0.84767993 -100.70939 0.023009913 0.99804724 -0.058071052 -10.3419 0.84959434 0.011094603 0.52732004 110.86435
0.54049243 -0.058342471 -0.83932355 -101.6389 0.020969613 0.99821705 -0.055883732 -10.421386 0.84108755 0.012604444 0.54075218 111.43737
0.5519888 -0.057975269 -0.83183362 -102.52759 0.022981533 0.99825884 -0.054324297 -10.501982 0.8335348 0.010869592 0.55236007 112.02236
0.56379881 -0.056160078 -0.82400054 -103.41398 0.0211264 0.99833967 -0.053587094 -10.580138 0.82564195 0.012804174 0.56404918 112.63616
0.57417286 -0.055455148 -0.81685384 -104.26733 0.019631797 0.99834916 -0.053977289 -10.652153 0.81849873 0.014955985 0.57431368 113.25135
0.58497846 -0.056338121 -0.80908971 -105.10739 0.019392146 0.99827088 -0.055490409 -10.728963 0.81081699 0.016770708 0.58505948 113.86877
0.59756384 -0.05948599 -0.79961167 -105.9941 0.023802398 0.99812076 -0.056465846 -10.811699 0.801468 0.014709273 0.59785679 114.47281
0.60823634 -0.058257669 -0.79161515 -106.81333 0.02279036 0.99817354 -0.055948069 -10.895227 0.79342877 0.015988454 0.60845313 115.12391
0.62055716 -0.056374903 -0.7821321 -107.61694 0.021961879 0.99827064 -0.054528908 -10.963203 0.78385364 0.016661213 0.6207221 115.74267
0.62900849 -0.054475935 -0.77548735 -108.41111 0.023502914 0.99841834 -0.05107271 -11.035397 0.7770431 0.013898955 0.62929396 116.37795
0.63925627 -0.053752675 -0.76711278 -109.19112 0.02363398 0.99845607 -0.050268378 -11.11785 0.76863054 0.014004447 0.6395397 117.03546
0.64859081 -0.052505053 -0.75932413 -109.94219 0.021147381 0.99847584 -0.050978269 -11.185277 0.76084348 0.01700632 0.6487126 117.67944
0.65819835 -0.052023727 -0.75104488 -110.72329 0.019308211 0.9984479 -0.052239686 -11.258443 0.75259695 0.019882742 0.65818125 118.33921
0.66721631 -0.050629051 -0.74314134 -111.44625 0.017955185 0.99849061 -0.051904851 -11.324108 0.74464761 0.021288523 0.66711827 118.97118
0.67578179 -0.049975644 -0.73540558 -112.17066 0.019590007 0.99856421 -0.049857278 -11.395203 0.7368414 0.01928604 0.67579053 119.64126
0.68413954 -0.047695103 -0.72778996 -112.85124 0.018473751 0.99867257 -0.04808141 -11.457176 0.72911718 0.019449383 0.6841125 120.30503
0.69291448 -0.047561053 -0.71944939 -113.54883 0.01973921 0.99869935 -0.047010407 -11.533056 0.72074956 0.018372828 0.69295205 120.95359
0.700904 -0.046637225 -0.71172923 -114.24082 0.018412381 0.99871055 -0.047309815 -11.595382 0.71301796 0.020055009 0.70085893 121.61384
0.70823777 -0.044892946 -0.70454513 -114.90008 0.016810384 0.99876554 -0.046741902 -11.661294 0.70577384 0.021260706 0.70811815 122.28624
0.71499374 -0.042079237 -0.69786335 -115.56863 0.015763048 0.99890359 -0.044081152 -11.720159 0.69895316 0.020517294 0.71487311 122.94745
0.7227544 -0.040345905 -0.68992625 -116.21296 0.016280169 0.99901142 -0.041365952 -11.780084 0.69091321 0.018665308 0.72269674 123.62251
0.7303136 -0.038273566 -0.68203896 -116.8579 0.014504963 0.99907292 -0.040532746 -11.833959 0.68295804 0.019708665 0.7301917 124.26395
0.73747064 -0.037058251 -0.67436169 -117.4772 0.01361893 0.99910644 -0.040010542 -11.898017 0.67524189 0.020322515 0.73731637 124.9588
0.74487262 -0.034611677 -0.66630832 -118.069 0.011919613 0.9991845 -0.038578024 -11.946084 0.66710025 0.020793576 0.74467773 125.61714
0.75419273 -0.031306971 -0.65590637 -118.65554 0.010328788 0.99930484 -0.035821135 -11.999702 0.65657192 0.020241321 0.75399181 126.2884
0.76312042 -0.028293159 -0.64563666 -119.23259 0.0091831755 0.99941507 -0.032942277 -12.046594 0.6461911 0.019209929 0.76293386 126.93366
0.77221623 -0.025253286 -0.63485773 -119.77382 0.0066053845 0.99947489 -0.031722446 -12.092672 0.63532551 0.020303108 0.77197754 127.6067
0.78279469 -0.025181634 -0.62177032 -120.30828 0.0059703402 0.99943882 -0.032960647 -12.137883 0.62225145 0.022089239 0.78250574 128.28607
0.79262757 -0.025855182 -0.60915763 -120.84185 0.0062503684 0.99939253 -0.034285479 -12.190298 0.6096741 0.023368157 0.79230768 128.9461
0.80186608 -0.024979572 -0.5969814 -121.33641 0.0060155423 0.99941259 -0.033738471 -12.237071 0.59747355 0.023462568 0.80154532 129.63111
0.81180754 -0.023957008 -0.58343342 -121.85321 0.0058616115 0.99944201 -0.03288317 -12.27196 0.5838957 0.023274945 0.81149499 130.29502
0.82178198 -0.021796594 -0.56938498 -122.32118 0.0056327698 0.99953002 -0.030133288 -12.313482 0.56977423 0.021555779 0.82151854 131.01223
0.83012316 -0.020647158 -0.55719764 -122.77664 0.0062381727 0.99959552 -0.027746626 -12.356336 0.55754521 0.019557222 0.82991619 131.69467
0.8392536 -0.019043868 -0.54340657 -123.24608 0.0064090988 0.99966352 -0.025135142 -12.394429 0.54370244 0.017612012 0.83909326 132.41325
0.84743092 -0.018501406 -0.53058317 -123.70053 0.0074479409 0.99970855 -0.022964163 -12.426989 0.53085344 0.015508789 0.84732173 133.12161
0.85434737 -0.01878364 -0.51936281 -124.12107 0.0087822895 0.99972574 -0.021709993 -12.460091 0.51962821 0.013986681 0.85427801 133.85354
0.86038926 -0.018554121 -0.50929955 -124.55131 0.0091946719 0.99973954 -0.020888083 -12.503452 0.5095545 0.01328904 0.86033577 134.57355
0.8672208 -0.017598197 -0.49761266 -124.97232 0.0084275105 0.99975085 -0.020669289 -12.529772 0.49785246 0.013731202 0.86715304 135.30773
0.87344963 -0.016191426 -0.48664522 -125.38862 0.0072415006 0.99976839 -0.020266489 -12.561308 0.48686069 0.014177716 0.87336458 136.04939
0.87977288 -0.014910687 -0.47516033 -125.80665 0.0064765125 0.99979117 -0.019382328 -12.585982 0.47535014 0.013974665 0.87968572 136.80185
0.88480129 -0.015779968 -0.46570125 -126.18088 0.0073353482 0.99977427 -0.019939995 -12.620416 0.46591082 0.014226852 0.88471731 137.54043
0.88998347 -0.016782868 -0.45568382 -126.57193 0.0081753021 0.99974911 -0.020853876 -12.653656 0.45591952 0.014834252 0.88989738 138.30191
0.89428035 -0.01745992 -0.4471664 -126.96254 0.0088808114 0.99973422 -0.021274731 -12.685709 0.44741904 0.015054374 0.89419773 139.08761
0.8975235 -0.016752658 -0.44064826 -127.34156 0.0084855883 0.9997492 -0.020725014 -12.712704 0.44088498 0.014862027 0.89744056 139.8599
0.90051033 -0.015050951 -0.43457403 -127.73274 0.0081328025 0.99980894 -0.017774654 -12.745038 0.43475856 0.012471955 0.90046069 140.67202
0.90401836 -0.011368483 -0.42734243 -128.12452 0.0060973225 0.99988754 -0.013701222 -12.77116 0.42745017 0.0097805114 0.90398601 141.47924
0.90650809 -0.0087161637 -0.42209845 -128.53076 0.0045378591 0.99993027 -0.010902552 -12.79139 0.42216408 0.0079678279 0.90648443 142.26867
0.90979596 -0.0059998977 -0.4150124 -128.90627 0.00279939 0.99996147 -0.0083197346 -12.818008 0.41504636 0.0064074792 0.90977771 143.1041
0.91285209 -0.0041548358 -0.40826926 -129.2849 0.0017084661 0.99997834 -0.0063565137 -12.828128 0.40828686 0.0051050424 0.91283941 143.94769
0.91573185 -0.0030632397 -0.40177828 -129.68245 0.0018272683 0.99999235 -0.003459442 -12.851205 0.40178584 0.0024337642 0.91573044 144.80101
0.91911905 -0.0028464162 -0.39396961 -130.05246 0.0024666109 0.99999588 -0.0014704068 -12.869955 0.39397221 0.00037970887 0.91912228 145.68387
0.92264331 -0.003154016 -0.3856415 -130.42288 0.0032427153 0.99999465 -0.00042041599 -12.88382 0.38564079 -0.00086263189 0.9226486 146.57127
0.92614508 -0.0039064117 -0.37714721 -130.80209 0.0039080685 0.99999207 -0.00076082399 -12.886991 0.37714723 -0.00076928404 0.92615301 147.47179
0.93012728 -0.0064880751 -0.36717997 -131.14063 0.0065423008 0.999978 -0.0010969017 -12.91515 0.36717904 -0.001381944 0.93014926 148.41195
0.93374886 -0.0079054236 -0.35784152 -131.49631 0.0076950627 0.99996837 -0.0020118348 -12.919643 0.35784614 -0.0008750648 0.93378016 149.325
0.9382182 -0.0087329247 -0.345934 -131.85594 0.0078377577 0.99996134 -0.0039864849 -12.947581 0.34595546 0.0010288457 0.93825038 150.27094
0.94291743 -0.0071364886 -0.33295013 -132.20051 0.0057840271 0.99997051 -0.0050530647 -12.960522 0.33297639 0.00283883 0.94293089 151.23699
0.94834687 -0.0041222391 -0.31720847 -132.55542 0.0030568725 0.99998789 -0.0038561832 -12.974883 0.31722055 0.0026873332 0.94834799 152.2015
0.95456009 1.3531936e-05 -0.2980185 -132.86939 -0.00033086349 0.99999943 -0.0010143571 -12.989588 0.29801835 0.001066868 0.95455955 153.22463
0.96042214 0.0026920402 -0.27853555 -133.1841 -0.0025917772 0.99999638 0.00072820292 -13.002366 0.27853653 2.2519656e-05 0.96042564 154.24733
0.96659361 0.0046645277 -0.25627138 -133.44904 -0.0043302343 0.99998888 0.0018687193 -13.024268 0.25627727 -0.00069657721 0.96660306 155.27905
0.97191158 0.0060200232 -0.23526927 -133.72104 -0.0054265483 0.99998025 0.0031698975 -13.029314 0.23528373 -0.0018041603 0.97192506 156.32283
0.97682209 0.006711236 -0.21394758 -133.96566 -0.0055830159 0.99996714 0.0058771528 -13.045843 0.21398001 -0.0045464601 0.97682746 157.38951
0.98156663 0.0088299603 -0.19091618 -134.18173 -0.0071346317 0.9999288 0.0095655356 -13.048831 0.19098707 -0.0080270942 0.98155973 158.4911
0.98553717 0.010447219 -0.16913706 -134.37871 -0.0082447672 0.9998719 0.013718793 -13.056942 0.16925873 -0.012125885 0.98549706 159.58638
0.98927403 0.012054551 -0.14557331 -134.57259 -0.0097179231 0.99981245 0.016751711 -13.054277 0.14574795 -0.015157363 0.98920564 160.72709
0.99221539 0.013663562 -0.12378173 -134.72399 -0.011641965 0.99978702 0.017040601 -13.053091 0.12398822 -0.015466885 0.99216314 161.83262
0.99473776 0.013643598 -0.10154133 -134.85133 -0.012187507 0.99981402 0.014946503 -13.055164 0.10172638 -0.013630315 0.99471904 163.00183
0.9967694 0.01369499 -0.079140429 -134.95428 -0.01261688 0.99982089 0.014106793 -13.043225 0.079319453 -0.013062715 0.99676366 164.17578
0.99816434 0.012198609 -0.059322345 -135.03013 -0.01126265 0.99980717 0.01608638 -13.04593 0.059507142 -0.015388724 0.99810926 165.32667
0.99914185 0.012324886 -0.039543244 -135.09526 -0.011624655 0.99977239 0.017889345 -13.042898 0.039754731 -0.017414317 0.99905771 166.51243
0.999742 0.012952717 -0.018659275 -135.12615 -0.012602284 0.99974426 0.018777421 -13.041812 0.018897723 -0.018537427 0.99964956 167.73795
0.99989581 0.014426939 0.00047305329 -135.1332 -0.014433426 0.9997052 0.019523833 -13.036743 -0.0001912447 -0.019528627 0.99980928 168.94218
0.99964697 0.01461167 0.022190876 -135.12936 -0.01505352 0.99968911 0.019876499 -13.030831 -0.021893551 -0.020203533 0.99955615 170.19302
0.99893891 0.016657574 0.042936811 -135.09107 -0.017505024 0.99965782 0.01943726 -13.020802 -0.042598346 -0.020168246 0.99888869 171.41508
0.997888 0.01794212 0.062430982 -135.00318 -0.019108223 0.999653 0.018131561 -13.014896 -0.062084005 -0.019286212 0.99788457 172.66498
0.99638855 0.018080357 0.082963534 -134.91188 -0.019495716 0.99967736 0.016281649 -13.012679 -0.082642395 -0.017840283 0.99641957 173.95699
0.9946448 0.019943699 0.10140993 -134.81292 -0.021437168 0.99967689 0.013658535 -13.010755 -0.10110477 -0.015759333 0.99475096 175.21074
0.99269327 0.020368888 0.1189335 -134.66792 -0.021926744 0.99968989 0.011804563 -13.009329 -0.11865618 -0.014326135 0.99283205 176.47074
0.9899527 0.020101315 0.13996284 -134.51023 -0.021604785 0.99972398 0.0092306452 -13.01462 -0.13973867 -0.012161769 0.99011373 177.77985
0.98732797 0.021447343 0.15723704 -134.3031 -0.0223618 0.99974175 0.0040488208 -13.019679 -0.15710961 -0.0075136172 0.98755259 179.07479
0.98411214 0.02315562 0.17603157 -134.08918 -0.023127076 0.99973008 -0.0022140055 -13.045768 -0.17603533 -0.0018922656 0.98438203 180.35628
0.9809437 0.025829676 0.19256759 -133.84283 -0.024773779 0.99966195 -0.0078895075 -13.061035 -0.19270629 0.0029685359 0.98125199 181.65531
0.97723506 0.027787809 0.2103318 -133.58687 -0.025936873 0.99959681 -0.011554056 -13.098166 -0.21056807 0.0058356802 0.97756178 182.96157
0.9730799 0.030052881 0.22850019 -133.2871 -0.027401268 0.99951541 -0.014768897 -13.126709 -0.22883333 0.0081101224 0.97343184 184.31919
0.96900676 0.029546543 0.24526086 -132.96902 -0.026775994 0.99953449 -0.014623904 -13.168013 -0.24557879 0.0076035591 0.96934682 185.62817
0.96482829 0.028388207 0.26134359 -132.61992 -0.025301019 0.99956476 -0.015170502 -13.205555 -0.26166053 0.0080246705 0.96512661 186.97702
0.95970092 0.028221661 0.27960273 -132.23198 -0.023634365 0.99952527 -0.019764981 -13.263447 -0.28002781 0.012360238 0.95991232 188.32317
0.95507403 0.029501643 0.29489532 -131.85289 -0.023467535 0.99943694 -0.023980715 -13.312871 -0.29543677 0.015982893 0.95522859 189.64439
0.94946876 0.031778605 0.31224859 -131.43648 -0.025350619 0.99937528 -0.024625035 -13.3519 -0.3128361 0.015465007 0.94968122 190.99833
0.94375698 0.03355071 0.32893327 -130.97161 -0.026912894 0.99933225 -0.024713452 -13.414321 -0.32954281 0.014470947 0.94402973 192.32823
0.93745459 0.037648566 0.3460657 -130.52621 -0.029888004 0.99916835 -0.027736383 -13.456948 -0.34682216 0.015658387 0.9378002 193.66529
0.93046481 0.03873789 0.36432761 -130.00515 -0.029326363 0.99907872 -0.031331839 -13.52837 -0.36520572 0.018468771 0.93074363 195.00948
0.92405126 0.039431279 0.38022943 -129.47596 -0.02855057 0.99900657 -0.034215968 -13.588008 -0.38120092 0.020761542 0.92425907 196.3575
0.91642871 0.039642555 0.39822968 -128.92719 -0.026377944 0.99890129 -0.038735175 -13.665378 -0.39932774 0.024993547 0.91646751 197.67722
0.90816968 0.042999033 0.41638791 -128.3376 -0.026817673 0.99864332 -0.044635543 -13.751293 -0.41774233 0.029370093 0.90809072 198.99743
0.897515 0.046780848 0.43849557 -127.71553 -0.028334095 0.99842015 -0.048521966 -13.835576 -0.44007275 0.031124818 0.89742255 200.33627
0.88575164 0.049563455 0.46150566 -127.06114 -0.03000352 0.99831693 -0.049629661 -13.921865 -0.46318877 0.030112761 0.88574794 201.6582
0.87231789 0.053797285 0.48597051 -126.36913 -0.03251921 0.99811124 -0.052119598 -14.023202 -0.48785656 0.029661482 0.87241973 202.95678
0.85818552 0.058194034 0.51003044 -125.66143 -0.034903844 0.99786914 -0.055126236 -14.119082 -0.51215169 0.029506515 0.85838804 204.26304
0.8428309 0.061809128 0.53461732 -124.89233 -0.036278469 0.99764855 -0.058148459 -14.227749 -0.53695435 0.029614221 0.84309136 205.53089
0.82763408 0.06353104 0.55766084 -124.09371 -0.035869213 0.99752905 -0.060408539 -14.332539 -0.56012075 0.029993311 0.82786785 206.76352
0.81114073 0.064480886 0.58128557 -123.23585 -0.034481307 0.99744734 -0.062528814 -14.448242 -0.5838337 0.030676183 0.81129354 208.00252
0.79571418 0.066638751 0.60199518 -122.3714 -0.032763981 0.99720948 -0.067080323 -14.568512 -0.6047855 0.033653006 0.79567707 209.20071
0.7786876 0.069261925 0.62357708 -121.45784 -0.031014819 0.99692226 -0.072000562 -14.697123 -0.62664483 0.036725816 0.77843915 210.39412
0.76216458 0.071134559 0.64346327 -120.50226 -0.02915268 0.9967078 -0.075655025 -14.828446 -0.64672661 0.038902903 0.76172915 211.55466
0.74574238 0.072844403 0.66224011 -119.5006 -0.02741906 0.99651823 -0.078737637 -14.974144 -0.66566999 0.040559993 0.7451432 212.73922
0.7295769 0.073479931 0.67993985 -118.49147 -0.025372816 0.99643502 -0.080457934 -15.115818 -0.68342798 0.041448263 0.72884036 213.8671
0.71377628 0.074094317 0.6964434 -117.44941 -0.023424926 0.99635748 -0.081994129 -15.262638 -0.69998195 0.042211331 0.71291199 214.96625
0.69914757 0.074895672 0.71104379 -116.38781 -0.021018434 0.99622149 -0.084267229 -15.408091 -0.71466841 0.043970203 0.69808003 216.03326
0.68347627 0.076229898 0.72598151 -115.30263 -0.017986529 0.99598912 -0.087647938 -15.561771 -0.72975114 0.046847399 0.68210603 217.09627
0.66829655 0.07870527 0.73971965 -114.17167 -0.015849688 0.99566803 -0.091618533 -15.729567 -0.74372613 0.049504026 0.66664896 218.14952
0.65406131 0.081282017 0.75206183 -113.03556 -0.015136398 0.99541741 -0.094419633 -15.887176 -0.75629012 0.050372723 0.65229433 219.14142
0.6378303 0.081812837 0.76581925 -111.8838 -0.013464287 0.99537453 -0.095122293 -16.061147 -0.77005927 0.050360672 0.63598159 220.16049
0.62088086 0.083045075 0.7794937 -110.70871 -0.013600405 0.99536426 -0.09521035 -16.228934 -0.78378699 0.048512855 0.61913206 221.12493
0.60394233 0.084070194 0.79258174 -109.49976 -0.015983839 0.99549901 -0.09341431 -16.397113 -0.79686776 0.043748358 0.60256776 222.04454
0.58453357 0.084905287 0.80691483 -108.30241 -0.017887419 0.99561651 -0.09180313 -16.564525 -0.81117236 0.039228389 0.58349001 222.98157
0.56801924 0.086467662 0.8184604 -107.09179 -0.020272406 0.9956339 -0.091116219 -16.732648 -0.8227656 0.035163605 0.56729212 223.85822
0.54961064 0.089740117 0.83058702 -105.873 -0.022140606 0.99542928 -0.092899629 -16.907669 -0.83512753 0.032668926 0.54908542 224.7057
0.53093512 0.093004325 0.84229332 -104.64242 -0.02389789 0.99520708 -0.094824845 -17.075806 -0.84707547 0.030216809 0.530613 225.51994
0.51212686 0.093217498 0.85383635 -103.39808 -0.02411771 0.99526188 -0.094191931 -17.250658 -0.85857118 0.027645642 0.51194853 226.29048
0.49010823 0.092457984 0.86674413 -102.15002 -0.024732471 0.99543327 -0.092200411 -17.422417 -0.87131068 0.023751458 0.49015675 227.03673
0.46957694 0.090169485 0.87827496 -100.89227 -0.023768324 0.99570162 -0.089517347 -17.582594 -0.8825716 0.021160159 0.46970169 227.74989
0.44779798 0.088595546 0.88973464 -99.642431 -0.024293702 0.99591713 -0.086941822 -17.738086 -0.89380471 0.017317424 0.44812199 228.40688
0.42579224 0.087564253 0.90057393 -98.361235 -0.022635807 0.99602561 -0.08614294 -17.896617 -0.90453781 0.016293778 0.42608206 229.04017
