1 0 0 0 0 1 0 0 0 0 1 0
0.99993515 -0.0019383121 0.011222532 -0.00029777263 0.0019275926 0.99999768 0.00096592154 -0.0093836327 -0.011224379 -0.00094422644 0.99993656 0.3103926
0.99982245 -0.0039412261 0.018426297 0.013253753 0.0039228926 0.99999177 0.0010310197 -0.014822519 -0.018430211 -0.00095855228 0.99982969 0.60789511
0.99977227 -0.0068384765 0.020214847 0.021458857 0.0068441829 0.99997656 -0.0002130935 -0.01871153 -0.020212917 0.00035139911 0.99979564 0.89945919
0.99981108 -0.0079252234 0.017747882 0.023480009 0.0079490361 0.9999676 -0.0012715432 -0.024154372 -0.017737231 0.0014123815 0.99984169 1.2046872
0.99987649 -0.010957609 0.011266477 0.02326027 0.010994182 0.99993448 -0.0031893744 -0.028197805 -0.011230791 0.0033128463 0.99993144 1.5211775
0.99992934 -0.011853116 -0.00090315991 0.016135007 0.01184889 0.99991945 -0.0045502322 -0.037862967 0.00095702166 0.0045392093 0.99998924 1.8439532
0.99980217 -0.011246208 -0.016405384 -0.0015594357 0.011166458 0.99992543 -0.0049447826 -0.041378579 0.016459772 0.0047606145 0.9998532 2.1624008
0.99935299 -0.0073573098 -0.035206186 -0.049796998 0.0071719161 0.99995976 -0.0053893499 -0.047406458 0.035244424 0.0051333672 0.99936554 2.5161847
0.99849993 -0.0037600016 -0.054623752 -0.084836406 0.0034241021 0.99997466 -0.006241622 -0.05299897 0.054645841 0.0060452219 0.9984875 2.8617143
0.9971568 -0.0033129756 -0.075281719 -0.13157431 0.0028259664 0.99997439 -0.0065747617 -0.057554519 0.07530158 0.0063433248 0.99714063 3.219576
0.99545738 -0.0040626157 -0.095121521 -0.19014374 0.0034906363 0.99997482 -0.0061787694 -0.063351448 0.095144236 0.005818667 0.99544649 3.6212941
0.99332054 -0.005141863 -0.11527303 -0.24333597 0.0045726731 0.99997602 -0.0052016489 -0.071321543 0.11529702 0.0046397988 0.99332023 3.9913149
0.99126343 -0.0041695216 -0.13183104 -0.325862 0.0035877623 0.99998275 -0.0046501367 -0.079774229 0.13184817 0.004136532 0.99126129 4.4095587
0.98900063 -0.0032964322 -0.14787459 -0.40003122 0.00273449 0.99998825 -0.004003266 -0.088418282 0.14788606 0.0035548709 0.98899802 4.8185077
0.98684234 -0.0027129023 -0.16166271 -0.47943447 0.002081019 0.99998952 -0.0040778501 -0.095806432 0.16167209 0.0036877719 0.98683764 5.2246344
0.98482078 -0.0043451227 -0.17351988 -0.56888788 0.0035027804 0.99998055 -0.0051603739 -0.1041335 0.17353894 0.0044742413 0.98481685 5.6749366
0.98291737 -0.0066624523 -0.18392676 -0.66304871 0.0055193714 0.99996215 -0.0067261254 -0.11474726 0.18396463 0.0055960653 0.98291694 6.1093809
0.98150909 -0.0062162843 -0.19131456 -0.759062 0.0046193275 0.99995068 -0.0087921484 -0.12206387 0.19135979 0.007745829 0.9814894 6.565327
0.97980731 -0.006485335 -0.19983885 -0.86645414 0.0044669494 0.99993438 -0.0105493 -0.1295398 0.19989417 0.0094436117 0.97977199 7.030926
0.97843169 -0.0066924318 -0.20646221 -0.97628686 0.004036149 0.99990361 -0.013284227 -0.13927171 0.20653123 0.012164397 0.97836439 7.524603
0.9764965 -0.010657987 -0.21526955 -1.0931365 0.0075936633 0.9998578 -0.015056872 -0.14940733 0.21539943 0.013068299 0.97643858 8.0110425
0.97474692 -0.016153178 -0.22272742 -1.2110451 0.012887366 0.99978719 -0.01610857 -0.16727863 0.22294024 0.01283141 0.97474766 8.5324976
0.9727845 -0.017146542 -0.23107643 -1.3416957 0.01318922 0.9997389 -0.018659613 -0.19215671 0.23133606 0.015104064 0.97275665 9.0530856
0.97069034 -0.01320873 -0.23997039 -1.4891783 0.0079568103 0.99970744 -0.022841429 -0.19594594 0.24020191 0.020262556 0.97051145 9.5709331
0.96875723 -0.01050269 -0.24778845 -1.6449452 0.0042161772 0.99965597 -0.025887505 -0.21345762 0.24797511 0.024033988 0.96846823 10.118774
0.9663818 -0.013130929 -0.25677574 -1.8044222 0.0061775235 0.99959253 -0.027867634 -0.23635852 0.25703707 0.025344537 0.96606915 10.681043
0.96402576 -0.014742491 -0.26539966 -1.9614145 0.0072155039 0.99954422 -0.029313679 -0.26686839 0.26571087 0.02634415 0.96369275 11.239675
0.96175769 -0.015033251 -0.27348882 -2.1404425 0.0064466943 0.99945846 -0.032268055 -0.28979031 0.27382583 0.029270952 0.96133378 11.801606
0.95950136 -0.014508428 -0.28133013 -2.3226829 0.0045657485 0.99934262 -0.035965037 -0.31425975 0.28166701 0.03322402 0.95893684 12.403225
0.95711669 -0.015680887 -0.28927797 -2.5117092 0.0040003782 0.9991542 -0.040925325 -0.34441861 0.28967507 0.038013091 0.95636989 12.96244
0.95535545 -0.016191433 -0.2950149 -2.7056247 0.0020862617 0.99884208 -0.048063886 -0.38081704 0.29545155 0.045302618 0.95428301 13.58117
0.95402256 -0.016262104 -0.29929332 -2.9190081 -0.00059502965 0.99842239 -0.056145993 -0.41654866 0.29973423 0.053742633 0.95250781 14.217806
0.95289793 -0.016673333 -0.30283252 -3.1174598 -0.0031301084 0.99789393 -0.06479123 -0.46281911 0.30327504 0.062687329 0.95083887 14.83501
0.95138386 -0.016145118 -0.30758428 -3.3389879 -0.0069372341 0.9972487 -0.073803088 -0.50900963 0.30792961 0.072348851 0.94865432 15.477411
0.95026845 -0.014955464 -0.31107267 -3.5677531 -0.010828525 0.99665565 -0.080995391 -0.56846066 0.31124369 0.080335823 0.94692847 16.123019
0.9487676 -0.014272175 -0.31565225 -3.8073207 -0.014140625 0.99606066 -0.087539742 -0.63249992 0.3156582 0.087518392 0.94482826 16.790202
0.94712159 -0.013016257 -0.32061075 -4.0457693 -0.017904854 0.99547631 -0.093307687 -0.70167822 0.32037495 0.094114215 0.94260406 17.470216
0.94541681 -0.010583532 -0.32569163 -4.2960142 -0.022866867 0.99485385 -0.098706211 -0.77621428 0.32506026 0.10076606 0.94030954 18.127021
0.94360286 -0.0079796686 -0.33098332 -4.5619565 -0.027364874 0.99440908 -0.10198891 -0.8538391 0.32994668 0.10529434 0.93810889 18.826924
0.94215199 -0.0074415032 -0.33510332 -4.8183436 -0.028921454 0.99422015 -0.10339168 -0.93344789 0.33393589 0.10710235 0.93649128 19.527441
0.93974184 -0.0061174237 -0.34183014 -5.1042889 -0.030851792 0.99424319 -0.10260922 -1.0215976 0.34049002 0.10697225 0.93414319 20.239869
0.93748153 -0.0068363866 -0.34796786 -5.3802506 -0.0301777 0.99444476 -0.10084105 -1.1028929 0.34672424 0.10503749 0.93206729 20.955756
0.93479127 -0.0067466976 -0.35513344 -5.6633945 -0.030472485 0.99461022 -0.099105691 -1.1905189 0.35388802 0.10346494 0.92954736 21.676684
0.93200299 -0.0069608525 -0.36238371 -5.9580218 -0.029807528 0.99495684 -0.095772657 -1.27347 0.36122284 0.10006217 0.92709527 22.370244
0.92827072 -0.0034608681 -0.37188907 -6.2800307 -0.032599597 0.99535051 -0.090634623 -1.357566 0.37047368 0.096256903 0.92384191 23.186953
0.92549084 -0.0021587966 -0.37876382 -6.5997397 -0.032482569 0.99584745 -0.085045475 -1.4394421 0.37737462 0.091012032 0.92157757 23.937146
0.92160172 0.0011483264 -0.38813521 -6.9198702 -0.035405939 0.99607511 -0.081122122 -1.5106024 0.3865187 0.08850458 0.91802519 24.665949
0.91768656 0.0019798579 -0.3973002 -7.2679447 -0.036440048 0.99619208 -0.079205146 -1.5845019 0.39563054 0.087163138 0.91426423 25.395205
0.91384746 0.0038639278 -0.40603926 -7.6265132 -0.038984244 0.99617049 -0.078259718 -1.6655755 0.40418198 0.087346579 0.9104985 26.185425
0.910501 0.0041749965 -0.41348577 -7.9630182 -0.039719934 0.99620821 -0.077405012 -1.7352515 0.41159478 0.08690097 0.9072144 26.917835
0.90640039 0.0046900178 -0.42239356 -8.3590788 -0.040383177 0.99632058 -0.075594343 -1.806851 0.42048489 0.085576337 0.90325476 27.690706
0.90236549 0.0043040535 -0.43095009 -8.7492952 -0.039796292 0.99650996 -0.073376862 -1.8849802 0.42913027 0.083362965 0.89938748 28.503602
0.89885852 0.0049735154 -0.43821069 -9.1413292 -0.039177426 0.99684384 -0.06904702 -1.9549195 0.43648426 0.07923147 0.89621643 29.271833
0.89526194 0.0069976723 -0.4454852 -9.5458878 -0.039395992 0.99720347 -0.063507445 -2.0197153 0.44379502 0.074406131 0.893034 30.073565
0.89166324 0.0060848078 -0.45265839 -9.971616 -0.036980514 0.99754688 -0.059436172 -2.0868712 0.45118634 0.069736591 0.88970091 30.86286
0.8879519 0.0054878368 -0.45990357 -10.414488 -0.035895788 0.99770573 -0.057400043 -2.1543634 0.45853347 0.067477079 0.88611169 31.693167
0.88481083 0.0057328782 -0.46591514 -10.850692 -0.036002993 0.99777607 -0.056095423 -2.2138506 0.46455743 0.066408178 0.88304947 32.504182
0.88183861 0.0067871923 -0.47150248 -11.28682 -0.036745768 0.997845 -0.054360836 -2.2730557 0.47011747 0.065263205 0.88018765 33.31207
0.87856678 0.0046591756 -0.47759678 -11.755852 -0.034097306 0.99801285 -0.052987879 -2.3353378 0.47640089 0.062838155 0.87697981 34.151628
0.87677948 0.0024352395 -0.48088646 -12.23008 -0.031732345 0.99810071 -0.052801762 -2.3919975 0.47984458 0.061555158 0.8751915 34.995855
0.87493376 0.002624281 -0.48423549 -12.715193 -0.032580934 0.99803835 -0.053459574 -2.4549805 0.48314534 0.062550432 0.87330295 35.8436
0.87318031 0.0031397592 -0.48738719 -13.227438 -0.03357254 0.99799162 -0.053717919 -2.5168024 0.48623971 0.063268256 0.87153204 36.714257
0.87236955 0.0026597124 -0.48883971 -13.705884 -0.03268362 0.99806503 -0.052895921 -2.5777884 0.48775318 0.062121844 0.87076847 37.576668
0.87228752 0.0033431361 -0.48898188 -14.234583 -0.03262699 0.99814614 -0.051378541 -2.6376947 0.48790365 0.060770868 0.87077951 38.48072
0.87197532 0.0015847107 -0.48954725 -14.739501 -0.030302548 0.99825192 -0.050743071 -2.7024761 0.48861111 0.059081236 0.87049906 39.369814
0.8719413 0.00031084126 -0.4896103 -15.239944 -0.029234466 0.99824864 -0.051429553 -2.7684768 0.48873687 0.059157048 0.87042331 40.268083
0.87087651 -0.00087212187 -0.49150109 -15.783445 -0.028417681 0.99823622 -0.052123735 -2.833953 0.49067969 0.059360658 0.86931569 41.19503
0.86926714 -0.0028236784 -0.49433455 -16.298739 -0.025280992 0.99842124 -0.050158652 -2.892383 0.49369579 0.056098536 0.8678234 42.100893
0.8674258 -0.0019606814 -0.49756267 -16.823099 -0.024370729 0.99862459 -0.046421855 -2.9597565 0.49696938 0.052393481 0.86618496 43.021052
0.86324503 -0.0023251834 -0.50477974 -17.37026 -0.021856938 0.99887936 -0.041979635 -3.0223719 0.50431172 0.047271651 0.86222683 43.920219
0.86028676 -0.0038805083 -0.50979566 -17.910827 -0.019126434 0.99902138 -0.039880543 -3.0833429 0.50945156 0.044059277 0.85937065 44.82915
0.85434404 -0.0062849226 -0.51966984 -18.489201 -0.018140824 0.99895689 -0.041905204 -3.1453949 0.51939118 0.045228701 0.85333885 45.754593
0.84942411 -0.0080420465 -0.52764948 -19.048603 -0.018868791 0.99878165 -0.045598175 -3.2120122 0.52737337 0.048688298 0.84823747 46.626886
0.84271417 -0.0084871796 -0.53829432 -19.635771 -0.018732924 0.99880796 -0.045074898 -3.2699961 0.53803525 0.048069082 0.84155062 47.51138
0.83693295 -0.0053659062 -0.54727911 -20.228669 -0.019861536 0.99899551 -0.040168331 -3.3253969 0.54694496 0.044488004 0.83598568 48.383928
0.83293147 -0.0047478459 -0.55335576 -20.842078 -0.017508412 0.99923646 -0.03492785 -3.3812886 0.55309913 0.038780886 0.83221236 49.285811
0.82817997 -0.0015235375 -0.56046015 -21.441211 -0.022674377 0.99908653 -0.036221325 -3.4424622 0.56000342 0.042705862 0.82738891 50.180594
0.82496568 -0.0034816956 -0.56517208 -22.038842 -0.023768936 0.9988826 -0.040848373 -3.4956623 0.56468282 0.047132045 0.82396111 51.041525
0.82239141 -0.0063582304 -0.56888655 -22.664486 -0.025496471 0.998521 -0.048018192 -3.5656895 0.56835053 0.053994349 0.82101298 51.902552
0.81911895 -0.0067748528 -0.57358366 -23.265258 -0.026343851 0.99843091 -0.049413835 -3.6205491 0.57301848 0.055586212 0.8176552 52.757618
0.81613658 -0.0062458254 -0.57782527 -23.897057 -0.024779687 0.99864352 -0.045794052 -3.686815 0.57732753 0.051692531 0.81487473 53.615834
0.8135286 -0.0031286073 -0.58151646 -24.539207 -0.024780056 0.99889072 -0.04004086 -3.7550112 0.58099672 0.046984396 0.81254865 54.513396
0.81049862 -0.0013445113 -0.58573898 -25.187917 -0.025197592 0.99899162 -0.037159499 -3.814267 0.58519834 0.044876935 0.80964745 55.365124
0.80725505 -0.0014200564 -0.59020101 -25.814914 -0.025628757 0.99896952 -0.037457637 -3.8617511 0.58964606 0.045363986 0.8063868 56.197367
0.8037724 -0.0027810546 -0.59493038 -26.457688 -0.025602721 0.99890099 -0.039259648 -3.9216649 0.59438578 0.046787658 0.80281785 57.080011
0.79998546 -0.0052152351 -0.59999669 -27.130908 -0.024832456 0.99881772 -0.04179135 -3.9822575 0.59950533 0.048331864 0.79891015 57.953955
0.79565897 -0.005518393 -0.60571967 -27.772207 -0.025367274 0.99877773 -0.042421185 -4.0433376 0.60521346 0.049118254 0.79454647 58.758019
0.79111487 -0.0054289607 -0.61164349 -28.45867 -0.024953745 0.99884167 -0.04114153 -4.1052879 0.61115842 0.047810472 0.79006302 59.630287
0.78726553 -0.0059746671 -0.61658515 -29.109419 -0.024042305 0.99889523 -0.040376813 -4.1598335 0.61614526 0.046611402 0.78625214 60.464858
0.78201418 -0.0080385466 -0.62320877 -29.810516 -0.022626265 0.99889155 -0.041276207 -4.2232526 0.62284983 0.046379466 0.78096547 61.332415
0.77671074 -0.0077414431 -0.62980986 -30.525231 -0.024448064 0.99880038 -0.042427453 -4.2896241 0.62938283 0.04835149 0.77558972 62.166998
0.7716364 -0.008491074 -0.63600718 -31.214711 -0.024324335 0.99878554 -0.042845904 -4.3490091 0.63559864 0.048531911 0.77049274 62.977526
0.76523736 -0.0093790557 -0.64367988 -31.929706 -0.024639549 0.99873444 -0.043845223 -4.4143115 0.64327655 0.049411985 0.76403781 63.808666
0.76018625 -0.011248182 -0.64960781 -32.603786 -0.023789058 0.99869778 -0.045131303 -4.4748989 0.64926958 0.049761754 0.75892873 64.623122
0.75335933 -0.014025972 -0.65745947 -33.355058 -0.02088218 0.99875808 -0.04523524 -4.5375042 0.65727748 0.047807578 0.75213083 65.476724
0.74831008 -0.01410293 -0.66319914 -34.05501 -0.019981742 0.99884107 -0.043786431 -4.5972121 0.66304811 0.046017702 0.74716104 66.292546
0.74141023 -0.014511884 -0.6708951 -34.820243 -0.019054892 0.99890772 -0.042664679 -4.6618962 0.6707815 0.044415864 0.74032388 67.101089
0.73521491 -0.014179413 -0.67768572 -35.600113 -0.020671252 0.99884715 -0.043325212 -4.7354229 0.67751883 0.045861955 0.73407422 67.925929
0.72980241 -0.017836215 -0.6834254 -36.37565 -0.017690383 0.9988322 -0.044958629 -4.7949222 0.68342924 0.044900973 0.72863462 68.700015
0.72245911 -0.017177958 -0.69120019 -37.16762 -0.019369085 0.99879616 -0.045067478 -4.8534379 0.69114232 0.045947326 0.72125666 69.508216
0.71802086 -0.016551827 -0.69582472 -37.977979 -0.019564306 0.99884223 -0.043948198 -4.9246054 0.69574659 0.04516905 0.71686573 70.371496
0.71274373 -0.014869503 -0.70126688 -38.77251 -0.022560292 0.99877204 -0.044107244 -4.9891268 0.70106166 0.047257948 0.71153305 71.122493
0.70867194 -0.016477188 -0.70534569 -39.574615 -0.02116766 0.99878067 -0.044599439 -5.0565217 0.70522057 0.046536889 0.70745905 71.932947
0.70331834 -0.017500054 -0.71065956 -40.399537 -0.022609479 0.99864051 -0.046967529 -5.1295908 0.71051542 0.049100767 0.70196652 72.726176
0.69919687 -0.020810455 -0.7146262 -41.223304 -0.021250193 0.99852966 -0.049869321 -5.1916758 0.71461332 0.050054419 0.69772659 73.522879
0.69457603 -0.021030258 -0.71911183 -42.081339 -0.022312987 0.99846203 -0.050751464 -5.267104 0.71907323 0.051296284 0.69303854 74.32362
0.68723057 -0.020640323 -0.72614605 -42.916995 -0.021779697 0.99856148 -0.048996073 -5.334792 0.72611283 0.04948684 0.68579243 75.104251
0.68282763 -0.020939302 -0.73027935 -43.763838 -0.020815652 0.99862576 -0.048096701 -5.4125579 0.73028295 0.048042998 0.6814534 75.900422
0.67851496 -0.022558893 -0.73424008 -44.647839 -0.019109715 0.99864802 -0.048341981 -5.4844019 0.73433801 0.046831876 0.67716653 76.678479
0.67484885 -0.02247579 -0.7376136 -45.462298 -0.019905005 0.99861801 -0.048640096 -5.5528411 0.73768751 0.047506916 0.67346884 77.413077
0.66926296 -0.023894892 -0.74264128 -46.400307 -0.018051983 0.99866485 -0.048400907 -5.6263598 0.74280634 0.045799082 0.66793805 78.221544
0.66534636 -0.024441942 -0.74613455 -47.263739 -0.017746695 0.99866359 -0.04853947 -5.6971395 0.74632387 0.045536982 0.66402342 78.983845
0.66216201 -0.027861047 -0.74884256 -48.150101 -0.013412843 0.99870785 -0.049017674 -5.7694109 0.74924069 0.042501749 0.6609327 79.764889
0.65780933 -0.032647634 -0.75247656 -49.068448 -0.010101065 0.99858787 -0.052155918 -5.8485414 0.75311679 0.041909464 0.65655064 80.539411
0.65168967 -0.036121985 -0.75762506 -49.968811 -0.0076488608 0.99850157 -0.054185829 -5.921343 0.75844718 0.041107314 0.65043687 81.339236
0.64519354 -0.039990794 -0.76297181 -50.894054 -0.002159198 0.99852975 -0.054163334 -6.0088098 0.76401616 0.036593241 0.6441586 82.065337
0.63671291 -0.043279722 -0.76988538 -51.832482 0.0022127663 0.99852207 -0.054302708 -6.0936288 0.77109781 0.032871658 0.63586766 82.867146
0.62893707 -0.043759241 -0.77622371 -52.730933 0.0039139097 0.99858029 -0.053123233 -6.1745796 0.7774464 0.0303731 0.62821543 83.599211
0.6214509 -0.043400932 -0.78225002 -53.694951 0.0060181411 0.9986994 -0.050628961 -6.2480301 0.78343003 0.026755722 0.62090383 84.387449
0.61008236 -0.04385116 -0.79112359 -54.71804 0.0067529611 0.99871885 -0.050150341 -6.326731 0.79230926 0.025253411 0.60959688 85.105414
0.60016556 -0.042962923 -0.79872113 -55.620901 0.0023113982 0.99864545 -0.051979977 -6.4035778 0.7998725 0.029350429 0.59945191 85.793281
0.59138373 -0.045592271 -0.80510035 -56.636823 0.0037699745 0.99854581 -0.053777731 -6.4903686 0.8063815 0.028768067 0.59069563 86.553535
0.58214237 -0.046234413 -0.81177126 -57.625074 0.0018647859 0.99845529 -0.05552971 -6.5692757 0.81308477 0.030812418 0.58132935 87.254878
0.57154828 -0.048470314 -0.8191356 -58.665732 0.007276473 0.99851402 -0.054007459 -6.652948 0.82053621 0.024907452 0.57105167 87.937699
0.56195388 -0.047772798 -0.82578783 -59.669761 0.0078103904 0.99859276 -0.052454746 -6.7333414 0.82713172 0.023027423 0.5615362 88.637555
0.55146845 -0.049624099 -0.8327184 -60.755623 0.01055408 0.99856421 -0.052517883 -6.8138216 0.83412902 0.020173378 0.5512004 89.302059
0.54328983 -0.049231723 -0.83810043 -61.799881 0.0070557138 0.99851163 -0.05408081 -6.9049609 0.83951559 0.023468157 0.54282859 89.949806
0.53186105 -0.050637699 -0.84531627 -62.872222 0.0072425015 0.99844607 -0.055253884 -6.983294 0.8468007 0.023265184 0.53140132 90.636178
0.52232913 -0.051533542 -0.85118535 -63.914039 0.0059296171 0.99836764 -0.056805734 -7.0676137 0.85272339 0.024624086 0.52178208 91.260788
0.5122906 -0.050532333 -0.85732419 -64.974741 0.0040767397 0.99839928 -0.056411529 -7.1558575 0.85880253 0.025404009 0.51167658 91.890993
0.50280394 -0.049524676 -0.86298056 -66.072747 0.004304298 0.99848844 -0.054793353 -7.2376026 0.8643898 0.023835788 0.50225709 92.542746
0.49552819 -0.047137204 -0.86731184 -67.137933 0.0036446101 0.99863042 -0.052191883 -7.3282296 0.86858424 0.022701536 0.49502133 93.142662
0.48641239 -0.050318601 -0.87227918 -68.234394 0.0091658159 0.99857922 -0.052493219 -7.3950348 0.87368132 0.017538201 0.48618251 93.728905
0.4798764 -0.051711487 -0.87581077 -69.363701 0.0081693878 0.99848154 -0.054478285 -7.4932701 0.87729811 0.018988005 0.47957018 94.343804
0.47463556 -0.054958969 -0.87846487 -70.512962 0.010160265 0.9983243 -0.056968073 -7.5818537 0.88012381 0.018113637 0.47439861 94.95521
0.46741051 -0.057793305 -0.88214924 -71.614556 0.011069842 0.99816522 -0.059528597 -7.6743988 0.88397112 0.018059039 0.46719268 95.550597
0.46050367 -0.060286255 -0.88560819 -72.777218 0.01098442 0.99800167 -0.062225505 -7.7781142 0.88758987 0.018927181 0.46024564 96.149587
0.45725805 -0.061817907 -0.88718293 -73.867374 0.01442412 0.99796552 -0.062102857 -7.8690332 0.88921712 0.015600198 0.45721944 96.711469
0.45353498 -0.059997872 -0.88921663 -74.992742 0.016913644 0.9981312 -0.05872002 -7.9622992 0.89107801 0.011591689 0.45370219 97.26599
0.44906357 -0.057713167 -0.89163391 -76.09467 0.020454392 0.99831424 -0.054316636 -8.0594548 0.89326569 0.0061537924 0.44948704 97.844056
0.44507164 -0.058140232 -0.89360555 -77.235981 0.023107042 0.9983035 -0.053443388 -8.1496372 0.89519683 0.0031375547 0.44566002 98.421437
0.44195514 -0.05690445 -0.8952304 -78.339199 0.022016238 0.99837338 -0.052591711 -8.2429782 0.89676698 0.0035335708 0.44248906 98.961388
0.44048983 -0.057309215 -0.8959265 -79.487566 0.026552139 0.99835548 -0.050806648 -8.3317905 0.8973649 -0.001408954 0.44128712 99.527702
0.43744787 -0.055553085 -0.89752612 -80.587991 0.026585816 0.99845262 -0.048842272 -8.4091834 0.89885072 -0.0024955165 0.4382479 100.02913
0.43632944 -0.055694284 -0.89806163 -81.686032 0.027402122 0.99844208 -0.048605978 -8.4993795 0.89936967 -0.003400576 0.43717582 100.56246
0.43333946 -0.056967962 -0.89942843 -82.780743 0.03204339 0.99834307 -0.047794693 -8.578538 0.90066098 -0.0081094102 0.4344469 101.0956
0.43089633 -0.055745139 -0.90067795 -83.88192 0.033946142 0.99838503 -0.045552181 -8.6656759 0.90176276 -0.010946275 0.43209277 101.6432
0.42900086 -0.055887242 -0.90157352 -84.970313 0.037768892 0.99832118 -0.043912704 -8.742391 0.90251418 -0.015212846 0.43039145 102.15363
0.42774142 -0.056406281 -0.90213942 -86.04818 0.038363157 0.9982846 -0.044228209 -8.8196848 0.90308671 -0.01569068 0.4291716 102.66493
0.42502662 -0.058012182 -0.90331993 -87.130008 0.040277396 0.99816782 -0.045152252 -8.9027338 0.90428434 -0.017192466 0.42658448 103.18176
0.42669799 -0.059208045 -0.90245397 -88.182529 0.040492367 0.99810479 -0.046337901 -8.9784898 0.90348728 -0.016770209 0.42828678 103.63826
0.4249475 -0.060207743 -0.90321348 -89.248795 0.04109497 0.99804003 -0.047194307 -9.059507 0.90428474 -0.017062429 0.42658885 104.10622
0.42820415 -0.059272501 -0.90173605 -90.270363 0.037626514 0.99815074 -0.047742421 -9.1380649 0.9028984 -0.013485682 0.42964251 104.58411
0.43168983 -0.059834484 -0.90003536 -91.283187 0.036927549 0.9981333 -0.048644249 -9.2082249 0.90126595 -0.012236873 0.43309354 105.04296
0.43849493 -0.060273715 -0.89671022 -92.277299 0.035259197 0.99813418 -0.049849189 -9.2939885 0.89804179 -0.0097586669 0.43980198 105.56419
0.44449625 -0.058849279 -0.8938455 -93.27811 0.031860896 0.99824695 -0.049878939 -9.3659156 0.89521396 -0.0063077172 0.44559202 106.0729
0.45091045 -0.058271638 -0.89066498 -94.281622 0.031424504 0.99828442 -0.049403572 -9.4476831 0.89201588 -0.0057121189 0.45196804 106.55534
0.46038918 -0.057075801 -0.8858804 -95.307841 0.03018224 0.99836039 -0.048637088 -9.5225504 0.88720398 -0.0043458661 0.461357 107.09472
0.46792958 -0.057260079 -0.8819088 -96.244032 0.030900274 0.99834874 -0.048424935 -9.5980396 0.88322542 -0.0045917645 0.46892626 107.54677
0.47612701 -0.056461576 -0.87756201 -97.191403 0.029609558 0.99840012 -0.048171336 -9.6609804 0.87887792 -0.0030485497 0.47703707 108.06926
0.48673495 -0.056676975 -0.8717091 -98.193853 0.027739646 0.99839256 -0.049424763 -9.7380263 0.8731092 -0.00012414286 0.48752475 108.58659
0.49746113 -0.059011813 -0.86547673 -99.170243 0.027568036 0.99825504 -0.05221956 -9.8170944 0.86704815 0.0021177076 0.49821992 109.13936
0.50724151 -0.058971297 -0.85978391 -100.07667 0.024698749 0.99824102 -0.053896492 -9.896952 0.86144999 0.0061029502 0.5078058 109.66355
0.51968482 -0.058028112 -0.8523851 -101.0169 0.023579135 0.99828488 -0.05358478 -9.9738055 0.85403265 0.0077486934 0.52016175 110.2442
0.53328408 -0.055240029 -0.84413066 -101.90352 0.021658918 0.99843013 -0.051654271 -10.041286 0.84565894 0.0092634435 0.53364333 110.79588
0.54546048 -0.053392381 -0.83643413 -102.82951 0.021850182 0.99853554 -0.049490782 -10.118661 0.83785171 0.0087190274 0.54582831 111.372
0.55713829 -0.052835464 -0.82873716 -103.7294 0.021542208 0.99855759 -0.049179965 -10.195208 0.8301403 0.0095472129 0.55747286 111.96509
0.56743318 -0.051812904 -0.82178766 -104.61433 0.019651501 0.99858619 -0.049390784 -10.263714 0.82318495 0.011876608 0.56764914 112.55297
0.57920269 -0.053303435 -0.81343895 -105.45186 0.020423618 0.99849554 -0.050887443 -10.338779 0.81492771 0.012860778 0.57941995 113.19693
0.59055932 -0.055861695 -0.80505845 -106.31521 0.023944286 0.998375 -0.051711027 -10.409256 0.80663896 0.011261879 0.59093723 113.75242
0.60203772 -0.054962606 -0.79657369 -107.15658 0.023322632 0.99841285 -0.051262387 -10.486247 0.79812699 0.012283696 0.60236407 114.3836
0.61169378 -0.05254566 -0.78934759 -108.00706 0.021886245 0.99853378 -0.049510428 -10.562902 0.79079186 0.013009366 0.61194693 115.04642
0.62039705 -0.050815037 -0.78263995 -108.73671 0.023038489 0.99864897 -0.046577453 -10.62329 0.78394948 0.010865672 0.62072958 115.63975
0.63194773 -0.049963834 -0.77339875 -109.54999 0.023243849 0.99869271 -0.045525829 -10.693147 0.7746624 0.010793181 0.63228294 116.28208
0.64213658 -0.048239081 -0.76507094 -110.31149 0.01975858 0.99872807 -0.046387878 -10.754502 0.7663356 0.014670638 0.64227297 116.89589
0.65156589 -0.047935769 -0.75707596 -111.12515 0.018420019 0.99870698 -0.047382209 -10.830655 0.75836841 0.016927277 0.65160638 117.58275
0.66001752 -0.047045479 -0.74977567 -111.82407 0.017637351 0.99873254 -0.047140621 -10.892516 0.75104317 0.017889579 0.66001073 118.21998
0.66854933 -0.044296688 -0.74234732 -112.5483 0.015967089 0.99884932 -0.045222673 -10.955964 0.74349639 0.018380462 0.66848734 118.89204
0.67762551 -0.043950776 -0.7340926 -113.26989 0.0177358 0.99889888 -0.043433418 -11.020275 0.73519327 0.016411872 0.67765887 119.54996
0.68568656 -0.043414325 -0.72660105 -113.91757 0.018462073 0.99893589 -0.042263816 -11.077137 0.72766279 0.015565169 0.68575844 120.16381
0.69371176 -0.043304017 -0.71894973 -114.63426 0.018530122 0.99893359 -0.042288456 -11.146243 0.72001436 0.016013772 0.69377441 120.81496
0.7008147 -0.040840231 -0.71217329 -115.33857 0.015968703 0.99900777 -0.041575003 -11.202389 0.71316464 0.017763889 0.70077149 121.50087
0.70825818 -0.038110014 -0.70492407 -115.99467 0.014805547 0.99912406 -0.039139651 -11.255373 0.70579827 0.017284192 0.70820202 122.15555
0.71561222 -0.036706249 -0.69753262 -116.65757 0.015524826 0.99920742 -0.036654059 -11.31188 0.69832526 0.01540102 0.7156149 122.79552
0.7226147 -0.035092846 -0.69035965 -117.28334 0.014662404 0.99926396 -0.035447825 -11.365006 0.69109555 0.015492787 0.72259737 123.46577
0.73123988 -0.033300724 -0.68130702 -117.91663 0.013178986 0.9993109 -0.034699153 -11.420611 0.6819931 0.016394468 0.73117486 124.1285
0.73800748 -0.030683898 -0.67409452 -118.51764 0.010742 0.99937326 -0.033729678 -11.46698 0.67470705 0.017651631 0.73787455 124.79927
0.74640625 -0.028600961 -0.66487567 -119.09609 0.010782781 0.99946466 -0.030888956 -11.513934 0.66540325 0.015886501 0.74631506 125.44915
0.75640268 -0.0247295 -0.65363859 -119.68261 0.0087023635 0.9995771 -0.027747063 -11.559291 0.65404839 0.015299752 0.756298 126.12101
0.76652171 -0.022630721 -0.64181951 -120.25591 0.0071068594 0.99961665 -0.026759056 -11.605185 0.6421791 0.015950076 0.7663887 126.77159
0.77647575 -0.021525224 -0.62977936 -120.80124 0.0050643543 0.9995973 -0.02792122 -11.640985 0.63012681 0.018490724 0.77627207 127.42291
0.78615277 -0.022492365 -0.61762277 -121.30808 0.0055951416 0.9995556 -0.029279576 -11.690057 0.61800692 0.019562533 0.78592925 128.12056
0.79589577 -0.021751157 -0.60504279 -121.83294 0.0053597335 0.9995684 -0.028883875 -11.734166 0.60540997 0.019745685 0.79566885 128.77606
0.80536879 -0.020567031 -0.59241715 -122.32252 0.0053238789 0.99960856 -0.02746594 -11.76537 0.5927502 0.018966254 0.80516304 129.47054
0.81513381 -0.018419973 -0.57897974 -122.81427 0.0048945156 0.99967763 -0.024913393 -11.804531 0.57925205 0.017473924 0.8149612 130.1576
0.8244241 -0.017371113 -0.56570587 -123.30651 0.0055000274 0.99972757 -0.022683212 -11.843452 0.56594583 0.015589189 0.82429504 130.83679
0.83374727 -0.015823422 -0.55191945 -123.7583 0.0058603429 0.99978657 -0.019810863 -11.875069 0.55211517 0.013282816 0.83366206 131.5567
0.84171156 -0.015421299 -0.53970715 -124.22435 0.0068057922 0.99981565 -0.017954075 -11.904562 0.53988457 0.011439017 0.84166135 132.25989
0.84836986 -0.015426357 -0.52917917 -124.64667 0.0078318394 0.99983169 -0.016590721 -11.934992 0.52934608 0.0099306215 0.84834789 132.9759
0.85554784 -0.015279386 -0.51749822 -125.10898 0.0082848194 0.99984047 -0.015823995 -11.967562 0.51765749 0.0092508051 0.85553794 133.69094
0.86215557 -0.014613492 -0.50643281 -125.53396 0.0077126869 0.99984667 -0.015721168 -11.989265 0.50658494 0.0096481348 0.86213609 134.41216
0.8687501 -0.012690175 -0.49508807 -125.93274 0.0060191363 0.99986837 -0.015066774 -12.019291 0.49521414 0.010109259 0.86871214 135.16783
0.87472756 -0.011834087 -0.48447047 -126.34834 0.0053414207 0.99987651 -0.014779721 -12.040942 0.48458558 0.010340468 0.87468275 135.90392
0.88047862 -0.012376594 -0.47392426 -126.74909 0.0060586162 0.99987129 -0.01485579 -12.069652 0.47404716 0.01020888 0.88044028 136.65964
0.88549227 -0.013503053 -0.46445784 -127.16009 0.0070862702 0.99985385 -0.015558447 -12.096101 0.46460008 0.010485611 0.88545855 137.38637
0.88980815 -0.014239583 -0.45611256 -127.56692 0.0077296726 0.99983994 -0.016135005 -12.125433 0.45626935 0.010831458 0.8897758 138.1675
0.89304371 -0.013365359 -0.44977137 -127.95157 0.0071893776 0.999855 -0.015436715 -12.150081 0.44991251 0.010552085 0.89301031 138.97212
0.89630008 -0.011649922 -0.44329497 -128.34193 0.0070281703 0.99990249 -0.012067443 -12.179477 0.44339237 0.0077004969 0.89629455 139.73865
0.89942936 -0.0081149746 -0.4369908 -128.74377 0.004866758 0.99995159 -0.0085523013 -12.196965 0.43703908 0.0055654622 0.89942531 140.56818
0.90252483 -0.0052723389 -0.43060553 -129.12873 0.0031739318 0.99997933 -0.0055913771 -12.214464 0.43062615 0.0036796438 0.90252291 141.35937
0.90593261 -0.0025492911 -0.4234142 -129.53239 0.0012231758 0.99999346 -0.0034036641 -12.236803 0.42342014 0.00256558 0.90592981 142.17698
0.90874367 -0.00074730102 -0.41735401 -129.93243 0.00028540886 0.99999928 -0.0011691204 -12.244182 0.41735461 0.00094331395 0.90874323 143.0251
0.91222884 0.00058950184 -0.40968059 -130.31636 0.00011766252 0.99999855 0.0017009251 -12.258351 0.40968104 -0.0015998373 0.91222744 143.86833
0.91554249 0.00083670338 -0.40222039 -130.69695 0.00070788394 0.99999294 0.0036914965 -12.274786 0.40222067 -0.0036644476 0.91553543 144.75503
0.91880825 0.00064381713 -0.39470364 -131.08196 0.00147517 0.99998608 0.005065082 -12.284929 0.39470144 -0.0052360945 0.91879452 145.64446
0.92242577 -0.00054385505 -0.38617405 -131.4645 0.0024522897 0.99998709 0.0044493069 -12.277916 0.38616668 -0.0050511664 0.9224152 146.54432
0.92627862 -0.0029943854 -0.37682746 -131.83831 0.0049216145 0.99997927 0.004151668 -12.302534 0.37680725 -0.0057002012 0.92627416 147.44704
0.93033945 -0.0043468997 -0.36667369 -132.20601 0.0059231903 0.99997742 0.0031738726 -12.30498 0.36665164 -0.0051246574 0.9303442 148.38379
0.93461654 -0.0054189429 -0.35561574 -132.57013 0.0062630679 0.99997964 0.0012224819 -12.321758 0.3556019 -0.0033697976 0.93463145 149.32059
0.93916025 -0.0037602173 -0.34345869 -132.90419 0.0039236257 0.99999228 -0.00021916823 -12.334219 0.34345689 -0.0011417696 0.93916775 150.27496
0.94491367 -0.00047150379 -0.32731929 -133.24773 0.00088052044 0.99999901 0.0011014088 -12.345214 0.32731847 -0.0013289479 0.94491315 151.24873
0.95147213 0.0033708021 -0.30771644 -133.60312 -0.0022819043 0.9999898 0.0038983922 -12.349869 0.30772647 -0.0030070324 0.95147012 152.26782
0.9577444 0.0064944374 -0.28754735 -133.91818 -0.0050588825 0.99997076 0.0057351642 -12.35745 0.28757621 -0.0040381535 0.95774925 153.26885
0.9636255 0.0083232695 -0.26712658 -134.22992 -0.0067620859 0.99995426 0.0067637248 -12.375493 0.26717068 -0.0047113651 0.96363771 154.33619
0.96922089 0.0095224129 -0.24600852 -134.48379 -0.007812704 0.99993808 0.007924879 -12.374082 0.24606877 -0.0057589669 0.96923527 155.3566
0.97456349 0.010231268 -0.22387791 -134.75255 -0.0080741339 0.99991176 0.010548648 -12.38986 0.2239661 -0.0084727077 0.97456011 156.43473
0.9793179 0.01219444 -0.20195974 -134.97306 -0.009547388 0.99985535 0.014075816 -12.378865 0.20210219 -0.011856511 0.97929267 157.52869
0.98378156 0.013955635 -0.17882697 -135.18927 -0.010921846 0.99977944 0.017938273 -12.393206 0.17903788 -0.015694223 0.983717 158.608
0.98761673 0.015881099 -0.15608005 -135.37867 -0.012675947 0.99968829 0.021509297 -12.376145 0.156373 -0.01926448 0.98751019 159.74939
0.99088885 0.017220353 -0.13357673 -135.55583 -0.014459989 0.99966195 0.021607739 -12.366998 0.13390368 -0.01947935 0.99080289 160.87093
0.99353449 0.017169687 -0.11222489 -135.69352 -0.015061172 0.99969427 0.019609241 -12.369602 0.11252728 -0.017792219 0.99348933 162.00508
0.99570387 0.017239772 -0.090975774 -135.79619 -0.015634684 0.99970981 0.018326357 -12.358651 0.091265324 -0.016825247 0.99568446 163.15181
0.9974043 0.015974283 -0.070210329 -135.88316 -0.014588433 0.99968937 0.020207227 -12.352181 0.070511322 -0.019130517 0.99732752 164.338
0.99860231 0.016150318 -0.050324892 -135.95832 -0.015043562 0.99963827 0.02229397 -12.33819 0.050666747 -0.021505745 0.99848404 165.51801
0.9994378 0.016565474 -0.029149085 -136.00702 -0.015900416 0.99961127 0.022901531 -12.334747 0.029517131 -0.022425174 0.99931269 166.74622
0.99979535 0.017637606 -0.0099082451 -136.04823 -0.017400861 0.99957257 0.023492417 -12.324246 0.010318361 -0.023315198 0.99967491 167.95158
0.99976863 0.01804912 0.011701299 -136.0246 -0.018326963 0.99954182 0.024088893 -12.307091 -0.011261155 -0.02429777 0.99964134 169.21919
0.99928067 0.020524123 0.031888815 -136.02115 -0.021278123 0.99949765 0.023487976 -12.304043 -0.031390728 -0.024149615 0.9992154 170.42928
0.99840807 0.021700168 0.052061846 -135.97517 -0.02289413 0.99948585 0.022447768 -12.2863 -0.051547963 -0.023603944 0.99839154 171.70898
0.99720824 0.021765652 0.071428181 -135.87958 -0.023277101 0.99952096 0.020396559 -12.284509 -0.070950026 -0.022002258 0.99723718 172.94762
0.99560253 0.023678253 0.090636308 -135.77286 -0.025383257 0.999521 0.017705076 -12.268275 -0.090173675 -0.019927864 0.99572666 174.22394
0.99365751 0.024031468 0.10985103 -135.64952 -0.025907951 0.99954125 0.015686564 -12.264108 -0.10942368 -0.018433088 0.99382427 175.51589
0.99130611 0.024221472 0.12932714 -135.49791 -0.026128707 0.99957313 0.013070822 -12.272209 -0.12895535 -0.016336337 0.99151583 176.80184
0.98876501 0.025154418 0.14734654 -135.29339 -0.026534035 0.99962049 0.007404666 -12.270969 -0.14710437 -0.011231173 0.98905721 178.11489
0.98582599 0.026694742 0.16563366 -135.11195 -0.027258796 0.99962777 0.0011327579 -12.291214 -0.16554178 -0.0056316764 0.9861867 179.39701
0.98278779 0.029378557 0.18238713 -134.90812 -0.029087234 0.99956775 -0.0042726812 -12.297006 -0.18243384 -0.0011059982 0.98321751 180.71132
0.97929928 0.031227773 0.19999438 -134.63711 -0.030191996 0.99951025 -0.0082276423 -12.333789 -0.20015338 0.0020190949 0.9797625 182.03811
0.97511146 0.033621846 0.21915113 -134.34385 -0.03202487 0.99942833 -0.010836402 -12.357609 -0.2193902 0.0035484138 0.97563075 183.35745
0.97141705 0.032834221 0.23509748 -134.03684 -0.031064967 0.99945432 -0.01122627 -12.386147 -0.23533782 0.0036020947 0.97190696 184.70232
0.96710044 0.031762918 0.25240415 -133.68908 -0.029775208 0.99948824 -0.011691755 -12.417813 -0.25264637 0.0037917157 0.96755126 186.01825
0.96232412 0.03142006 0.27008344 -133.33952 -0.028029325 0.99947251 -0.016403051 -12.476569 -0.27045638 0.0082147954 0.96269718 187.36988
0.95781963 0.032938565 0.2854761 -132.95446 -0.028233601 0.99938943 -0.020582311 -12.521379 -0.28597977 0.011654124 0.95816479 188.68447
0.95239094 0.035150402 0.30284641 -132.53523 -0.030127675 0.99932031 -0.021242411 -12.552529 -0.30338727 0.011107022 0.95280261 190.04301
0.94652552 0.03670873 0.32053378 -132.11679 -0.031442849 0.99927233 -0.021590739 -12.605412 -0.32109313 0.010357691 0.94699099 191.38473
0.9403897 0.040968412 0.33762225 -131.65632 -0.03450219 0.99908854 -0.025133321 -12.652546 -0.33834422 0.01198641 0.94094608 192.74462
0.93370056 0.041902499 0.35559448 -131.16438 -0.034121523 0.99902179 -0.028128181 -12.715881 -0.3564253 0.014129874 0.93421698 194.10159
0.92763613 0.042529936 0.37105578 -130.68086 -0.033271395 0.99895547 -0.031320805 -12.768198 -0.37200031 0.016708767 0.92808222 195.43371
0.92052908 0.042970263 0.38830369 -130.12725 -0.031479286 0.99885914 -0.035909119 -12.850066 -0.38940375 0.020831866 0.92083156 196.7876
0.91175019 0.046080345 0.40815214 -129.55574 -0.031730017 0.99861935 -0.041863989 -12.927954 -0.40951777 0.025218827 0.91195352 198.0824
0.90242131 0.049748373 0.42797298 -128.95157 -0.033384389 0.99839897 -0.045661625 -13.011073 -0.42955941 0.026918408 0.90263732 199.43248
0.89040721 0.052691343 0.45210463 -128.29967 -0.035118051 0.99826884 -0.047181028 -13.092665 -0.45380804 0.026133295 0.89071619 200.74323
0.87700478 0.056883128 0.47710263 -127.61567 -0.037662614 0.9980507 -0.049762783 -13.180517 -0.47900331 0.025673267 0.87743759 202.03618
0.86308657 0.061385291 0.50131168 -126.90724 -0.040291741 0.99779138 -0.05281037 -13.284115 -0.50344629 0.025381202 0.86365366 203.36084
0.84832587 0.065161286 0.52544952 -126.15996 -0.041811575 0.99754354 -0.056202127 -13.392465 -0.52782102 0.025707848 0.84896649 204.64592
0.8337482 0.066743958 0.54809594 -125.35368 -0.041346731 0.99742696 -0.058565408 -13.496402 -0.55059461 0.026166829 0.83436257 205.89087
0.81768593 0.067541382 0.57168861 -124.5343 -0.040135846 0.99736543 -0.06042612 -13.599116 -0.57426376 0.026464383 0.8182425 207.1253
0.80141488 0.069812591 0.59402051 -123.68088 -0.038384473 0.99712051 -0.065401244 -13.724834 -0.59687591 0.029612367 0.80178693 208.36336
0.78462896 0.072447912 0.61571801 -122.77997 -0.036751001 0.99683744 -0.070459028 -13.849915 -0.61887543 0.032655942 0.78481006 209.54695
0.76920904 0.074162056 0.63467898 -121.82758 -0.034940153 0.99663775 -0.074110575 -13.975825 -0.63804128 0.034830745 0.769214 210.73439
0.75169907 0.075765874 0.65513968 -120.84521 -0.033229987 0.99646849 -0.077112343 -14.116749 -0.65866859 0.036194995 0.75156214 211.90064
0.73599815 0.076578067 0.67263845 -119.84317 -0.031337067 0.99637043 -0.079145191 -14.258663 -0.6762579 0.037172199 0.73572652 213.02914
0.72041818 0.076624494 0.68929405 -118.80916 -0.029071624 0.99634084 -0.080372647 -14.394191 -0.69293039 0.03786302 0.72000966 214.15385
0.7065351 0.077446489 0.70342743 -117.78199 -0.026752996 0.9962062 -0.082809881 -14.546835 -0.70717216 0.039689299 0.70592658 215.2097
0.69061511 0.078934621 0.71890198 -116.67337 -0.023783611 0.9959672 -0.086508278 -14.697372 -0.72283135 0.04264584 0.68970734 216.30678
0.67626756 0.081059883 0.73218265 -115.55196 -0.021459347 0.99567337 -0.090410373 -14.862602 -0.73634349 0.045429442 0.67508109 217.35524
0.66130745 0.083687334 0.74543199 -114.45547 -0.020556657 0.99540569 -0.093514337 -15.015423 -0.74983327 0.046518139 0.65998953 218.36833
0.64528956 0.084275053 0.75927535 -113.29379 -0.019311617 0.9953784 -0.094068617 -15.189184 -0.76369398 0.046038663 0.64393477 219.39439
0.62887162 0.085311572 0.77281458 -112.12262 -0.019346554 0.99537129 -0.094136668 -15.354567 -0.77726845 0.044248581 0.62761124 220.36234
0.61225537 0.086743111 0.78588736 -110.94935 -0.022083156 0.99545197 -0.092669858 -15.530102 -0.79035166 0.039382747 0.61138638 221.32893
0.59316873 0.087465363 0.80031282 -109.73937 -0.023987481 0.99555968 -0.091024862 -15.684881 -0.80472077 0.034795615 0.59263294 222.24717
0.5754692 0.088691371 0.81299999 -108.54916 -0.025793407 0.99557588 -0.090351389 -15.851067 -0.81741664 0.031024403 0.57521091 223.12873
0.5565335 0.091731354 0.82574558 -107.34662 -0.027374283 0.99537108 -0.092125266 -16.018758 -0.83037412 0.028666604 0.55646842 223.98808
0.53895896 0.095832332 0.8368628 -106.12895 -0.030049122 0.99506213 -0.094596008 -16.200927 -0.8417959 0.025836375 0.53917733 224.8258
0.51922886 0.095570993 0.8492747 -104.89105 -0.02975744 0.99514688 -0.093793272 -16.366294 -0.85411706 0.023427935 0.51955293 225.60634
0.49849292 0.094683307 0.8617075 -103.62825 -0.030258261 0.99531216 -0.09185938 -16.537281 -0.86636558 0.019717481 0.49902101 226.35211
0.47681692 0.092708659 0.87409992 -102.39046 -0.029744832 0.99555471 -0.089364729 -16.700471 -0.87849925 0.016610662 0.47745494 227.08125
0.45555118 0.091118383 0.88553402 -101.13744 -0.030123872 0.99575599 -0.086963016 -16.856688 -0.88969981 0.012940392 0.45636265 227.74593
0.43379336 0.090017283 0.8965044 -99.863078 -0.028417693 0.99586868 -0.086243844 -17.016112 -0.90056417 0.01193542 0.4345593 228.38934
