1 0 0 0 0 1 0 0 0 0 1 0
0.9998857 0.00065874935 0.01510442 -0.010436499 -0.00065111827 0.99999966 -0.00051013666 -0.0031727149 -0.015104752 0.00050024361 0.99988579 0.12779044
0.99932314 0.0031983182 0.036647503 0.044605583 -0.0031961532 0.99999489 -0.00011766784 -0.00051239168 -0.036647695 4.5719015e-07 0.99932825 0.27942923
0.99805937 0.0052406685 0.062048563 0.04731826 -0.0053202937 0.99998522 0.0011181176 0.0013701621 -0.062041792 -0.0014460643 0.9980725 0.44864129
0.99524642 0.0045612703 0.097281843 0.068407575 -0.0049147379 0.99998216 0.0033941173 0.0018838441 -0.097264634 -0.0038560978 0.99525108 0.60237427
0.99101836 0.0013213495 0.13371936 0.16584641 -0.0020525361 0.99998369 0.0053303647 0.0015000803 -0.13371014 -0.0055569531 0.9910049 0.78299426
0.98489581 -0.0017700591 0.17313899 0.23049123 0.00074550313 0.99998183 0.0059823851 -0.0099008879 -0.17314645 -0.0057629503 0.98487923 0.97955522
0.9761783 -0.0022297656 0.21695841 0.32791347 0.00072196241 0.99997504 0.0070287478 -0.0062790039 -0.21696869 -0.0067046752 0.97615554 1.1938095
0.9644566 -0.0019895175 0.26423379 0.42248652 -0.00072203847 0.99994808 0.010164442 0.00050639258 -0.26424031 -0.0099939497 0.96440509 1.379341
0.95004534 -0.0057322905 0.31205928 0.56220832 0.00046402637 0.99985616 0.016953894 0.011131488 -0.31211161 -0.015962164 0.94991134 1.6381103
0.93316136 -0.015425341 0.35912663 0.68069925 0.0069422344 0.99966586 0.02489919 0.00017157608 -0.35939074 -0.02074182 0.93295664 1.8430835
0.91188578 -0.021402844 0.40988562 0.85023866 0.0098885618 0.99949524 0.030190868 -0.0034990683 -0.41032493 -0.023477444 0.91163714 2.0573186
0.88716805 -0.02316556 0.46086461 1.0193939 0.0086895363 0.99940068 0.033507884 -0.0010391495 -0.46136467 -0.025722425 0.88683765 2.2990041
0.85896731 -0.025141123 0.5114128 1.2285611 0.0062688734 0.99923533 0.038593364 0.017758622 -0.51199207 -0.029944457 0.8584681 2.5304333
0.82646816 -0.030440522 0.56215988 1.4209267 0.0073798751 0.99903713 0.043247448 0.021505631 -0.56293512 -0.031593969 0.82589703 2.7655843
0.79102618 -0.036241714 0.61070785 1.6744772 0.0098808528 0.99887042 0.046478464 0.026757325 -0.61170252 -0.030731368 0.79049076 2.9712806
0.75329286 -0.040669163 0.65642657 1.9486572 0.011093267 0.99872998 0.049146446 0.038564451 -0.6575917 -0.029739752 0.75278732 3.1809957
0.71326753 -0.044235319 0.69949455 2.2288944 0.01235238 0.99864475 0.050557675 0.051027347 -0.70078305 -0.027420725 0.71284729 3.4216078
0.67159564 -0.045815339 0.73949997 2.5235709 0.011429471 0.99860819 0.051488291 0.062572356 -0.74082975 -0.026127218 0.67118455 3.616335
0.62923374 -0.046180642 0.77584289 2.8656919 0.0071248876 0.99853398 0.05365741 0.085824814 -0.77718349 -0.028235259 0.62864031 3.8438826
0.58593164 -0.047138799 0.80898825 3.1657699 0.004188697 0.99846952 0.055145873 0.099393189 -0.81034969 -0.028923105 0.58523233 4.009147
0.54710949 -0.048102017 0.83567777 3.5678149 0.0016899601 0.99840894 0.056362502 0.11667559 -0.83705938 -0.029424198 0.5463203 4.2264572
0.50765421 -0.050595198 0.86007399 3.9821199 0.0007809335 0.99830081 0.058265664 0.13337048 -0.86156059 -0.028907149 0.50683112 4.4494799
0.47114992 -0.05057223 0.88060215 4.4059322 -0.0019924013 0.99829145 0.058397024 0.15700088 -0.88205094 -0.029268265 0.47024417 4.6376563
0.43356005 -0.049635238 0.89975661 4.8476296 -0.0034310029 0.9983837 0.056729295 0.17975732 -0.90111818 -0.027682623 0.43268899 4.8241856
0.40170039 -0.048436348 0.91448928 5.3826686 -0.0017798996 0.99855709 0.05367088 0.20060311 -0.91576946 -0.023187312 0.40103456 5.0441676
0.36974895 -0.046943892 0.92794499 5.8801988 5.031452e-05 0.99872383 0.05050448 0.2245937 -0.92913174 -0.018627289 0.36927945 5.1910635
0.34523292 -0.045043669 0.93743545 6.4067864 0.0011085948 0.99886647 0.047587156 0.24740665 -0.93851642 -0.015389416 0.34489152 5.373541
0.32425181 -0.044466381 0.94492509 6.9793513 0.002158872 0.99892679 0.046266779 0.27311918 -0.94596838 -0.012962114 0.32399982 5.5271999
0.30964663 -0.045019125 0.94978533 7.5679454 0.0032559453 0.99892289 0.046286714 0.29428662 -0.95084617 -0.011240076 0.30945969 5.6955257
0.29523164 -0.046468687 0.95429496 8.2024903 0.0038847065 0.99886667 0.047437255 0.31484507 -0.95541785 -0.010297822 0.29507756 5.8665564
0.28623239 -0.048232272 0.95694545 8.84314 0.002940729 0.99877174 0.049460811 0.34581665 -0.95815575 -0.011343168 0.28602265 6.097728
0.275307 -0.050099777 0.96004999 9.4892033 0.0014341507 0.99866145 0.051703436 0.37480358 -0.96135533 -0.012857461 0.27501034 6.2965878
0.26545414 -0.051798122 0.962731 10.177143 0.00050243352 0.99856303 0.053587468 0.3987579 -0.9641234 -0.013741306 0.26509871 6.469499
0.25516558 -0.053801996 0.96539929 10.884085 -0.00026453868 0.99844675 0.055713661 0.43455605 -0.96689738 -0.014471593 0.25475501 6.6658618
0.24448672 -0.055227547 0.96807855 11.641026 -0.0006066895 0.99836778 0.057108723 0.46373488 -0.96965249 -0.014549647 0.24405416 6.8658524
0.23436617 -0.056593331 0.97049967 12.370629 -0.0012642136 0.9982855 0.058518917 0.48843351 -0.97214761 -0.014941773 0.2338928 7.0226841
0.2242934 -0.059629519 0.97269559 13.154563 -0.0020141677 0.99809573 0.061651079 0.52899198 -0.97451962 -0.015787102 0.22374618 7.1956908
0.21346852 -0.063114375 0.97490907 13.913978 -0.0043898212 0.99783897 0.065560034 0.56596864 -0.97694012 -0.018274679 0.21273014 7.3684349
0.20107674 -0.066954053 0.97728462 14.693985 -0.0041845972 0.99759359 0.069206408 0.60559319 -0.9795666 -0.018005341 0.20031268 7.5381996
0.18928525 -0.069295497 0.97947391 15.463526 -0.0053876534 0.99741843 0.071606203 0.64871519 -0.9819074 -0.018831064 0.18842326 7.7106508
0.17395098 -0.070162328 0.98225161 16.257555 -0.0056850742 0.99737042 0.072249058 0.68659072 -0.98473794 -0.018151967 0.17309468 7.8298272
0.15968067 -0.069351864 0.98472957 17.092057 -0.0072326396 0.99742022 0.071418454 0.72828689 -0.98714227 -0.01852634 0.15876713 7.9451706
0.14353967 -0.068153415 0.98729499 17.890286 -0.0087806005 0.99749891 0.070134379 0.76422517 -0.98960565 -0.018736108 0.14258224 8.0807172
0.12419965 -0.066945354 0.9899963 18.685374 -0.01109474 0.99756539 0.068849075 0.80103408 -0.99219526 -0.019534782 0.12315453 8.203859
0.098493522 -0.065475386 0.99298133 19.515014 -0.01613948 0.9975968 0.067380591 0.84213314 -0.99500685 -0.022662753 0.097200082 8.2713389
0.067441621 -0.064883441 0.99561121 20.345101 -0.019390638 0.9976095 0.066327168 0.88786982 -0.99753482 -0.023778748 0.066022268 8.3359948
0.034059171 -0.064768917 0.99731884 21.239515 -0.02204655 0.99760633 0.065540493 0.92447555 -0.99917666 -0.024219695 0.032549711 8.3258572
-0.0011130015 -0.063737873 0.99796601 22.059453 -0.024797615 0.99766155 0.063690771 0.95604024 -0.99969191 -0.024676288 -0.0026909475 8.3399676
-0.034458279 -0.062901062 0.99742468 22.905619 -0.025114669 0.99775674 0.062054359 0.98711768 -0.99909057 -0.022911704 -0.035960721 8.2649381
-0.070129713 -0.060738252 0.995687 23.747102 -0.02823873 0.99786545 0.058882188 1.0165559 -0.99713815 -0.023987545 -0.071695191 8.1988076
-0.10304366 -0.057633316 0.9930057 24.594911 -0.029481036 0.99805834 0.054867336 1.05764 -0.99423989 -0.023621105 -0.10454268 8.0868887
-0.1327749 -0.053261882 0.98971406 25.394235 -0.027342878 0.99837187 0.050059628 1.0792207 -0.99076903 -0.020414968 -0.13401506 7.9811507
-0.16399628 -0.047898228 0.98529736 26.261324 -0.022698586 0.99873925 0.044773648 1.0946133 -0.98619982 -0.015022145 -0.16487675 7.8174976
-0.19614183 -0.041498165 0.979697 27.10372 -0.017008169 0.99909777 0.038914799 1.1100341 -0.98042806 -0.0090300319 -0.19667067 7.6253401
-0.22319007 -0.035940453 0.97411211 27.911781 -0.010777006 0.99934996 0.034402375 1.1239988 -0.97471541 -0.0028197429 -0.22343232 7.4356494
-0.25050302 -0.029297221 0.96767238 28.72499 -0.0023286318 0.99955734 0.029659753 1.1486344 -0.96811306 0.0051765058 -0.25046035 7.2054743
-0.27846109 -0.018893064 0.96026163 29.533971 0.0046571469 0.99976819 0.021020853 1.147937 -0.96043626 0.01032557 -0.27830855 6.9581931
-0.30255006 -0.0037569219 0.95312605 30.324654 0.0088506442 0.99993804 0.0067508939 1.1325703 -0.95309244 0.010478264 -0.30249807 6.7061309
-0.32758243 0.012921541 0.9447342 31.064746 0.009380189 0.99990168 -0.01042355 1.104888 -0.94477608 0.0054472144 -0.32767143 6.4348233
-0.35417631 0.027331524 0.93477915 31.8675 0.007843249 0.99962449 -0.026255791 1.0814009 -0.93514582 -0.0019674729 -0.35425768 6.1169903
-0.37774302 0.038973328 0.92508984 32.624578 0.012087487 0.99923617 -0.037161357 1.0431428 -0.92583161 -0.002855431 -0.37792558 5.7906357
-0.40137633 0.04359328 0.91487518 33.424268 0.016197731 0.99904833 -0.040497771 0.99757954 -0.91577003 -0.0014359434 -0.40170046 5.4411085
-0.42418759 0.042677811 0.90456808 34.118661 0.018667139 0.9990887 -0.038383566 0.94604049 -0.90538196 0.0006038667 -0.42459771 5.0975649
-0.44505563 0.0394981 0.89463139 34.874884 0.022766138 0.99920296 -0.032789393 0.90837895 -0.89521353 0.0057741983 -0.44560013 4.7380001
-0.46278203 0.038110993 0.88565246 35.587054 0.029905802 0.99917794 -0.027369421 0.87712615 -0.88596755 0.013820072 -0.46354134 4.3211438
-0.47583676 0.039039296 0.87866675 36.302292 0.033397815 0.99909594 -0.026303594 0.82714178 -0.87889933 0.016829333 -0.4767104 3.9255612
-0.4877708 0.042356163 0.87194354 36.987571 0.036477807 0.99893878 -0.028119257 0.78073621 -0.87220931 0.018090837 -0.48879823 3.5423447
-0.49719199 0.045109708 0.86646706 37.683153 0.038166106 0.99881798 -0.030099823 0.73733727 -0.86680075 0.018104284 -0.49832596 3.1211346
-0.50881116 0.044116005 0.85974701 38.351776 0.031553814 0.99897073 -0.03258594 0.68496865 -0.86029973 0.010548209 -0.50967949 2.7597435
-0.52029404 0.042917666 0.85290804 39.05087 0.030260545 0.99903571 -0.031811049 0.66032525 -0.85345092 0.0092583639 -0.52109104 2.3343202
-0.52837349 0.044435083 0.8478484 39.716329 0.032249579 0.99895918 -0.032256959 0.61731124 -0.84839936 0.010299033 -0.52925657 1.9081745
-0.53488726 0.04771865 0.84357483 40.420612 0.03621918 0.99878112 -0.033532661 0.5723386 -0.84414682 0.012617396 -0.53596363 1.4605556
-0.53907855 0.050844961 0.84071936 41.085908 0.036905867 0.99864346 -0.036731431 0.53245718 -0.84144657 0.011226352 -0.54022374 1.0286117
-0.53879061 0.052199284 0.84082094 41.790359 0.035735569 0.99859628 -0.03909515 0.4821907 -0.84168148 0.0089831158 -0.53989967 0.56975516
-0.53525977 0.053281806 0.84300532 42.525181 0.038815529 0.9985058 -0.038464527 0.44658067 -0.84379523 0.012133185 -0.53652815 0.098607297
-0.52981512 0.052111406 0.84651065 43.298166 0.036720393 0.99858405 -0.038490477 0.3952393 -0.84731789 0.010691367 -0.53097848 -0.35491437
-0.52292622 0.050684486 0.85086967 44.025315 0.034787549 0.99866788 -0.038108828 0.35993699 -0.85166781 0.0096715653 -0.52399281 -0.80434722
-0.51483962 0.050119884 0.85582013 44.819109 0.033037039 0.99870793 -0.038613661 0.30945562 -0.85664974 0.0083939213 -0.51583022 -1.3073475
-0.50912791 0.048450134 0.85932607 45.61268 0.029619827 0.99880924 -0.038765448 0.25642605 -0.86018109 0.0057165194 -0.50995675 -1.7500884
-0.5045238 0.046676653 0.86213512 46.430625 0.025924453 0.99890635 -0.038910491 0.21038576 -0.86300853 0.0027191134 -0.50518209 -2.1963604
-0.50371912 0.043392308 0.86277696 47.274946 0.020694413 0.99905717 -0.038164236 0.16480678 -0.86361962 -0.0013693922 -0.50414218 -2.6755766
-0.50314805 0.04163849 0.86319651 48.122499 0.018610467 0.99912902 -0.037347698 0.11514334 -0.86399985 -0.0027269303 -0.50348474 -3.1560557
-0.5043357 0.039522767 0.86260268 48.952021 0.016419689 0.99921032 -0.036181803 0.063945922 -0.86335158 -0.0040841061 -0.50458639 -3.6438966
-0.50503528 0.039248183 0.86220582 49.812126 0.01656957 0.99922233 -0.035779672 0.010787179 -0.86293967 -0.0037836157 -0.50529286 -4.1451894
-0.50514417 0.038622628 0.86217028 50.707226 0.016491786 0.9992477 -0.035100771 -0.033466664 -0.86287743 -0.0035122215 -0.50540111 -4.6324206
-0.50524311 0.038031592 0.86213858 51.581496 0.016778895 0.99927251 -0.034247977 -0.080794237 -0.86281396 -0.0028378211 -0.50551368 -5.1382323
-0.50569627 0.037255837 0.86190674 52.485687 0.016210979 0.99930107 -0.033683418 -0.14440423 -0.8625593 -0.0030612257 -0.50594678 -5.6598392
-0.50588798 0.036082524 0.86184415 53.35827 0.014639967 0.99933998 -0.033245598 -0.19251214 -0.86247498 -0.004201178 -0.50608233 -6.1837444
-0.50587687 0.035480147 0.86187568 54.26142 0.014299876 0.99936138 -0.032746615 -0.24804637 -0.8624872 -0.0042410391 -0.50606117 -6.6936412
-0.50479263 0.034803057 0.86253874 55.163937 0.013201765 0.99938134 -0.032598385 -0.29561543 -0.86313972 -0.0050683899 -0.5049398 -7.2212126
-0.5033626 0.033298402 0.8634334 56.047595 0.012573195 0.99943366 -0.031213371 -0.35872833 -0.86398384 -0.0048555265 -0.5034962 -7.7271412
-0.50166572 0.031225923 0.86449776 56.937447 0.013125463 0.99950802 -0.028485862 -0.4053621 -0.86496202 -0.0029434467 -0.50182877 -8.2545091
-0.49946107 0.030050539 0.86581496 57.836337 0.01354375 0.99954694 -0.026879123 -0.46095159 -0.8662305 -0.0016986931 -0.49964178 -8.7512308
-0.49685132 0.029605397 0.86733051 58.731716 0.01369205 0.99956097 -0.026275433 -0.51330156 -0.86772769 -0.0011794506 -0.49703855 -9.2529941
-0.49501556 0.0298878 0.86836988 59.60753 0.014198858 0.99955302 -0.026308817 -0.5614821 -0.86876812 -0.00069341208 -0.49521867 -9.7673781
-0.49398807 0.030536084 0.86893226 60.501057 0.014494208 0.99953343 -0.02688572 -0.60787838 -0.8693479 -0.00068673919 -0.49420019 -10.2526
-0.49484906 0.031921673 0.86839239 61.386306 0.013966346 0.99948814 -0.028782034 -0.65748205 -0.86886674 -0.0021144932 -0.49504159 -10.74358
-0.49718558 0.033476841 0.86699812 62.265841 0.012321209 0.99942703 -0.031524556 -0.71159396 -0.86755677 -0.0049910888 -0.49731319 -11.242393
-0.50113867 0.034025227 0.86469778 63.144346 0.011063391 0.99939696 -0.032913713 -0.76753131 -0.86529631 -0.0069278436 -0.5012129 -11.749422
-0.50619522 0.032570314 0.86180364 64.034092 0.010670447 0.99944664 -0.03150481 -0.81921447 -0.86235295 -0.0067517532 -0.50626265 -12.271492
-0.51161904 0.030499332 0.85867088 64.869734 0.014471696 0.99953391 -0.026880055 -0.87275154 -0.85909056 -0.0013259234 -0.51182196 -12.799301
-0.51716675 0.028697 0.8554034 65.728721 0.011606559 0.99958099 -0.026516668 -0.92439419 -0.855806 -0.0037852484 -0.51728312 -13.277479
-0.52200579 0.030627019 0.85239186 66.58595 0.012545631 0.99952271 -0.028230569 -0.97791246 -0.85284971 -0.0040427263 -0.52214088 -13.797401
-0.52704847 0.033119603 0.84918958 67.416057 0.013006778 0.99943764 -0.030906849 -1.0252485 -0.84973572 -0.0052441863 -0.52718286 -14.314446
-0.53212047 0.033468014 0.84600687 68.25791 0.011613655 0.99941294 -0.032232009 -1.079633 -0.84658903 -0.0073260794 -0.53219677 -14.825785
-0.53614065 0.033819554 0.84345088 69.07543 0.010604561 0.9993881 -0.03333131 -1.1346371 -0.84406209 -0.0089258432 -0.53617122 -15.331341
-0.5394362 0.032641361 0.84139352 69.900568 0.010140238 0.99942771 -0.032271068 -1.1920504 -0.84196545 -0.0088762517 -0.53945848 -15.863954
-0.54218871 0.026136014 0.83985014 70.743653 0.012210652 0.99965566 -0.023226209 -1.2403758 -0.84016806 -0.00233787 -0.54232115 -16.397586
-0.54373281 0.018470699 0.83905506 71.555103 0.013248323 0.99982212 -0.013424464 -1.2719131 -0.83915384 0.0038167522 -0.5438808 -16.923831
-0.54543295 0.01613957 0.83799902 72.381067 0.013982131 0.99985067 -0.01015615 -1.3063633 -0.83803786 0.0061775144 -0.54557716 -17.462861
-0.54654609 0.020990134 0.83716589 73.178276 0.013518831 0.9997767 -0.016241442 -1.3423765 -0.83731993 0.0024408085 -0.54670781 -17.970238
-0.54769803 0.025385544 0.83629085 73.97912 0.013200521 0.99967738 -0.021699931 -1.3967221 -0.83657198 -0.00084553391 -0.54785644 -18.490566
-0.54855862 0.031104772 0.83553329 74.77856 0.020128581 0.99950944 -0.023994025 -1.424181 -0.83586981 0.003655971 -0.54891561 -19.020734
-0.54779381 0.032076167 0.83599821 75.563806 0.023290732 0.99946213 -0.023086646 -1.469203 -0.83628915 0.0068242893 -0.54824625 -19.550618
-0.54710746 0.029371059 0.8365469 76.358997 0.023269047 0.99953165 -0.019875315 -1.5100594 -0.83673893 0.008591717 -0.54753466 -20.071965
-0.54721741 0.024112754 0.83664307 77.140972 0.021116471 0.9996645 -0.014999662 -1.5381955 -0.83672413 0.0094588738 -0.54754299 -20.577246
-0.54585854 0.018730983 0.83766792 77.958082 0.019838864 0.99975874 -0.0094276614 -1.5715438 -0.83764249 0.011472212 -0.54609845 -21.098878
-0.54560384 0.011516164 0.83796406 78.761181 0.010271566 0.99992236 -0.007054077 -1.6094134 -0.83798031 0.0047584723 -0.54567977 -21.60071
-0.54417912 0.0062081516 0.83894605 79.55249 0.0017172424 0.99997877 -0.0062859001 -1.6308283 -0.83896734 -0.0019799811 -0.54417823 -22.094675
-0.54275225 0.0071035617 0.83986277 80.356111 0.0050737041 0.99997372 -0.0051789528 -1.662917 -0.83987756 0.0014503277 -0.54277403 -22.608876
-0.53993957 0.010340268 0.84164023 81.141959 0.010509091 0.99992941 -0.0055430607 -1.6895848 -0.84163821 0.0058519565 -0.54001013 -23.108571
-0.53307498 0.013174255 0.84596539 81.921285 0.011220786 0.99990091 -0.0085008537 -1.7131733 -0.84599363 0.0049608052 -0.53316998 -23.602064
-0.52556315 0.015347272 0.85061612 82.712613 0.016213317 0.99983637 -0.0080219951 -1.7383762 -0.85060012 0.0095752444 -0.52572598 -24.089975
-0.51763647 0.018486401 0.85540089 83.518037 0.024520131 0.99967644 -0.006766307 -1.7715606 -0.85524927 0.017472055 -0.51792227 -24.586291
-0.50797683 0.018000696 0.86118259 84.316189 0.022846035 0.99971146 -0.0074203134 -1.7973225 -0.86106775 0.015905262 -0.5082415 -25.04188
-0.49795034 0.014966125 0.86707636 85.119105 0.018615174 0.99980516 -0.0065666371 -1.8238117 -0.86700576 0.012870919 -0.49813192 -25.495557
-0.48563837 0.011872955 0.87407914 85.93742 0.019758175 0.9998014 -0.0026030465 -1.8477897 -0.87393652 0.01600607 -0.48577651 -25.946672
-0.47496198 0.01047953 0.87994388 86.75316 0.019079362 0.99981668 -0.0016087809 -1.8728066 -0.8797995 0.016024659 -0.47507486 -26.372831
-0.4637116 0.0097840271 0.88593214 87.582243 0.019233865 0.99981454 -0.00097439255 -1.8925632 -0.88577744 0.016588063 -0.46381379 -26.794803
-0.45095094 0.011306463 0.89247708 88.403499 0.022148697 0.9997536 -0.0014742119 -1.912057 -0.89227392 0.019102409 -0.45109025 -27.204084
-0.43901063 0.014388891 0.8983666 89.228721 0.021911266 0.99974584 -0.0053051338 -1.9468524 -0.89821469 0.017355341 -0.43921433 -27.599696
-0.42787849 0.024400832 0.9035068 90.055503 0.024359458 0.99958372 -0.015459524 -1.9662305 -0.90350799 0.015394139 -0.42829476 -27.986856
-0.41492174 0.029857674 0.90936703 90.892103 0.025544834 0.99944971 -0.021159923 -1.9923596 -0.90949848 0.014449919 -0.41545612 -28.357257
-0.4033496 0.025564833 0.91468873 91.738302 0.02139225 0.99959989 -0.018504708 -2.0279291 -0.9147959 0.012103385 -0.40373511 -28.728922
-0.3916728 0.021982953 0.91984189 92.584252 0.022827719 0.99963899 -0.014169848 -2.072982 -0.91982139 0.015447949 -0.39203323 -29.078679
-0.38158152 0.022470305 0.92406199 93.417822 0.01992902 0.99967209 -0.01607943 -2.1068664 -0.92412036 0.012280038 -0.38190421 -29.404261
-0.37442923 0.027279683 0.92685409 94.268937 0.015884712 0.99960917 -0.023003966 -2.1406438 -0.92711946 0.0061094539 -0.37471622 -29.731196
-0.36966123 0.031113535 0.92864549 95.114785 0.0063800849 0.99950064 -0.030947791 -2.1781614 -0.92914474 -0.0055153608 -0.36967515 -30.059208
-0.36538258 0.03440012 0.93022155 95.959428 0.0061230709 0.99938412 -0.034552702 -2.221588 -0.93083734 -0.0069291425 -0.36536819 -30.371609
-0.362279 0.033510385 0.93146707 96.807193 0.0035057933 0.99939542 -0.034590647 -2.2710132 -0.93206315 -0.0092659333 -0.36217746 -30.697668
-0.35749222 0.032635169 0.93334569 97.657969 0.0012203682 0.99940473 -0.034477545 -2.3252747 -0.93391536 -0.011186428 -0.35731924 -31.018155
-0.35215004 0.029442805 0.9354803 98.498674 0.00055086973 0.99951143 -0.031250716 -2.3691984 -0.93594344 -0.010489612 -0.35199421 -31.325575
-0.34643275 0.02531013 0.93773326 99.355117 0.00035558726 0.99963942 -0.026849656 -2.417986 -0.93807478 -0.0089681535 -0.34631684 -31.639777
-0.34060182 0.022094844 0.93994795 100.20788 -0.0023335931 0.99970089 -0.024345029 -2.4590041 -0.94020478 -0.010485417 -0.34044839 -31.934011
-0.33492421 0.021286162 0.94200456 101.04497 -0.0057543031 0.99967994 -0.024635341 -2.5020611 -0.94222754 -0.013671551 -0.33469453 -32.214342
-0.32879459 0.020586742 0.94417701 101.89805 -0.018176594 0.99943924 -0.028121381 -2.5366652 -0.94422656 -0.02640808 -0.32823602 -32.487423
-0.32170782 0.024375371 0.94652514 102.75128 -0.014629057 0.99942128 -0.030709743 -2.5873103 -0.94672601 -0.023726334 -0.32116505 -32.770045
-0.31536765 0.028200007 0.94855044 103.6024 -0.012987761 0.99933649 -0.034027937 -2.631743 -0.94888073 -0.023050856 -0.31479215 -33.04514
-0.30865929 0.026613418 0.95080024 104.45225 -0.0143922 0.99936339 -0.032644881 -2.6717554 -0.95106382 -0.023760252 -0.30807977 -33.311391
-0.30131763 0.021516793 0.95328098 105.31824 -0.01475991 0.99952033 -0.027225857 -2.7175751 -0.95340962 -0.022273972 -0.30085552 -33.575372
-0.29439304 0.018727197 0.95550089 106.16853 -0.01539488 0.99958533 -0.024334436 -2.7615584 -0.95556047 -0.02187371 -0.29398266 -33.828346
-0.28800732 0.02143185 0.95738831 107.02903 -0.018375424 0.99944178 -0.027901052 -2.8050926 -0.95745193 -0.025628123 -0.28745273 -34.081268
-0.28125618 0.024521148 0.95931934 107.89131 -0.017813177 0.99936783 -0.030767347 -2.847974 -0.95946742 -0.025742031 -0.28064158 -34.324437
-0.27516919 0.025625544 0.9610542 108.73429 -0.019124047 0.99930101 -0.032120955 -2.8859168 -0.96120563 -0.027217942 -0.27448679 -34.549071
-0.26786797 0.024150093 0.96315287 109.62063 -0.020511801 0.99931626 -0.030761507 -2.9375935 -0.9632373 -0.027996022 -0.26718946 -34.790601
-0.26009172 0.024169896 0.96528132 110.46063 -0.017159555 0.9994131 -0.02964811 -2.9791493 -0.96543147 -0.024275026 -0.25952433 -35.010491
-0.25236967 0.025640749 0.96729108 111.33329 -0.012191748 0.99948524 -0.029675014 -3.0234508 -0.96755413 -0.019282042 -0.25192715 -35.231775
-0.24530011 0.026057996 0.96909688 112.21391 -0.011356634 0.99949286 -0.029749928 -3.0691115 -0.96938071 -0.018303338 -0.24487978 -35.461096
-0.23855935 0.024968926 0.97080683 113.06286 -0.017643945 0.99939296 -0.030039853 -3.1080285 -0.97096767 -0.02429515 -0.23797398 -35.652134
-0.23279144 0.02299864 0.97225466 113.92748 -0.022414904 0.99932789 -0.029005959 -3.1537184 -0.97226838 -0.028545334 -0.23211947 -35.842601
-0.22809835 0.023369804 0.97335755 114.82453 -0.018991774 0.9994149 -0.028445991 -3.1932028 -0.97345289 -0.02497427 -0.22752106 -36.054344
-0.22366447 0.023452321 0.97438397 115.66866 -0.017258239 0.99945844 -0.028017368 -3.2393014 -0.97451344 -0.023082641 -0.2231386 -36.234469
-0.21917179 0.025052683 0.97536455 116.55698 -0.01643687 0.99943362 -0.029364395 -3.2791744 -0.97554787 -0.022467787 -0.21863587 -36.428805
-0.21306294 0.023779658 0.97674901 117.41299 -0.011630512 0.99957121 -0.026872298 -3.3217004 -0.97696929 -0.017085582 -0.21269502 -36.616395
-0.20791056 0.023122067 0.97787448 118.28345 -0.0027408754 0.99970287 -0.024220953 -3.3577007 -0.97814404 -0.0077160233 -0.20778541 -36.809785
-0.20292384 0.021995076 0.97894742 119.17249 2.7693746e-05 0.99974782 -0.022456679 -3.4037904 -0.97919456 -0.0045298841 -0.20287328 -36.994724
-0.19918974 0.023700651 0.97967425 120.02884 -0.0016636913 0.99969787 -0.024523334 -3.438321 -0.97995957 -0.0065146713 -0.19909013 -37.152868
-0.19508281 0.025689498 0.98045024 120.89657 -0.0043154024 0.99962475 -0.027050549 -3.4768836 -0.98077732 -0.0095081339 -0.19489875 -37.323984
-0.19301758 0.025092862 0.98087434 121.78491 -0.0050462087 0.99963433 -0.02656578 -3.5173573 -0.98118236 -0.010077359 -0.19282038 -37.492374
-0.19232956 0.023765692 0.98104253 122.63729 -0.007432372 0.99964276 -0.025673367 -3.5623261 -0.98130229 -0.01222922 -0.19208422 -37.646612
-0.19085598 0.019451955 0.98142526 123.53649 -0.0061952816 0.99975986 -0.021020133 -3.5991307 -0.98159854 -0.010092023 -0.19068964 -37.826558
-0.19055342 0.01376569 0.98158027 124.38405 -0.006503402 0.99986203 -0.015284572 -3.6404383 -0.98165533 -0.0092961379 -0.1904376 -37.971723
-0.19004061 0.011876123 0.98170436 125.24674 -0.0037720245 0.99991062 -0.012826569 -3.6691208 -0.98176903 -0.0061405811 -0.18997883 -38.134215
-0.18854013 0.016603196 0.98192508 126.12028 -0.005408993 0.99982435 -0.017944435 -3.70327 -0.98205063 -0.0086944713 -0.18841721 -38.300174
-0.18844701 0.020653358 0.98186612 126.96202 -0.0056786751 0.99973921 -0.022119207 -3.7389228 -0.98206698 -0.0097439965 -0.18828059 -38.452163
-0.18844364 0.019556804 0.98188922 127.80524 -0.0088536109 0.99972725 -0.021611272 -3.7684087 -0.98204414 -0.012765771 -0.1882191 -38.606754
-0.18802631 0.018874234 0.98198258 128.67552 -0.0099535629 0.99972737 -0.021121167 -3.8085326 -0.9821136 -0.01374556 -0.18778718 -38.766727
-0.18712764 0.019283136 0.98214628 129.51151 -0.0038521643 0.99978522 -0.020363402 -3.8469979 -0.9823281 -0.0075939434 -0.18701317 -38.92356
-0.18652672 0.021707016 0.98221001 130.36873 -0.0068547449 0.99970279 -0.02339536 -3.8857565 -0.98242602 -0.011096658 -0.18632248 -39.081626
-0.18671117 0.023022428 0.98214501 131.19238 -0.016439667 0.99951217 -0.0265548 -3.9138896 -0.98227733 -0.021104214 -0.18624161 -39.214475
-0.1863584 0.024452552 0.98217745 132.03528 -0.020587842 0.99937353 -0.028787007 -3.9520317 -0.98226614 -0.025585614 -0.18573823 -39.359054
-0.18641526 0.02773877 0.98207934 132.86405 -0.020898936 0.99926321 -0.032191097 -4.0027176 -0.98224878 -0.026525325 -0.1856982 -39.512719
-0.18541596 0.028985181 0.98223251 133.6926 -0.015879531 0.99934598 -0.032487767 -4.0450334 -0.98253185 -0.021621141 -0.18483442 -39.666836
-0.18379447 0.030145332 0.9825023 134.51397 -0.0173447 0.99927456 -0.033904574 -4.0921968 -0.9828117 -0.023272681 -0.18313828 -39.810633
-0.18227486 0.028982104 0.98282034 135.33371 -0.013512336 0.99939726 -0.031976946 -4.1309352 -0.98315481 -0.019108792 -0.18177338 -39.962551
-0.1791184 0.025852778 0.98348775 136.16316 -0.0066823594 0.99959965 -0.027493337 -4.1818418 -0.98380487 -0.011496581 -0.17887393 -40.11277
-0.17656948 0.021800401 0.98404669 136.96215 0.0028513239 0.99976183 -0.021636931 -4.2119484 -0.98428409 -0.0010145848 -0.17658958 -40.270891
-0.17269995 0.021554588 0.98473857 137.79446 0.0061979035 0.99976452 -0.020796518 -4.2449997 -0.98495502 0.0025117579 -0.17279288 -40.412231
-0.16790311 0.025496281 0.98547369 138.58599 0.0022644983 0.99967282 -0.02547782 -4.2962042 -0.98580094 -0.002046201 -0.16790592 -40.540145
-0.16145911 0.029035435 0.98645214 139.39685 0.0042844362 0.9995783 -0.02872053 -4.3325142 -0.98687014 -0.00041079925 -0.16151543 -40.66619
-0.15383124 0.029350389 0.98766109 140.18353 -0.0012289956 0.99955228 -0.029895179 -4.3715629 -0.98809641 -0.0058126428 -0.1537263 -40.776698
-0.1436214 0.025931503 0.98929286 140.9878 0.0081402629 0.99965378 -0.025021314 -4.3982733 -0.98959927 0.0044595087 -0.14378277 -40.897675
-0.13171257 0.024478131 0.99098564 141.78953 0.016837644 0.9996061 -0.022453159 -4.4390272 -0.99114498 0.013728501 -0.13207284 -41.006377
-0.11814938 0.026881574 0.99263187 142.56252 0.017680722 0.99953199 -0.024963963 -4.4735421 -0.99283846 0.014600973 -0.11856937 -41.096391
-0.10379844 0.027714092 0.99421211 143.37368 0.012878102 0.99956536 -0.026518806 -4.5163406 -0.99451502 0.010050956 -0.10411023 -41.168592
-0.090254018 0.028048677 0.99552368 144.13301 0.017571198 0.99949258 -0.026567497 -4.5472277 -0.9957638 0.015094722 -0.090701072 -41.232681
-0.076388228 0.029387521 0.99664494 144.93482 0.020791452 0.99939517 -0.027875046 -4.5890786 -0.99686139 0.018592371 -0.076953037 -41.294886
-0.062506858 0.035186753 0.99742403 145.7404 0.017768607 0.99925916 -0.034137962 -4.6385209 -0.99788639 0.01558898 -0.063085771 -41.329239
-0.049550818 0.044491989 0.99778008 146.47165 0.010602171 0.99897445 -0.04401873 -4.6804173 -0.99871537 0.0083974722 -0.049971715 -41.351566
-0.036209494 0.05301921 0.99793675 147.23014 0.0027335938 0.99859316 -0.052954896 -4.7280834 -0.99934052 0.00081048458 -0.036303487 -41.356429
-0.022643111 0.054391874 0.99826286 147.99228 0.0037129879 0.9985166 -0.054321477 -4.771725 -0.99973676 0.0024765316 -0.02281148 -41.368077
-0.010985594 0.050130064 0.99868224 148.77546 0.001803314 0.99874192 -0.050113221 -4.8279289 -0.99993807 0.001250415 -0.011062175 -41.359207
3.1956245e-05 0.047167986 0.99888693 149.54387 0.00057416129 0.99888681 -0.047167997 -4.8844467 -0.99999988 0.00057503037 4.8371058e-06 -41.349504
0.0091406731 0.053241565 0.99853978 150.30246 -0.0033621114 0.99857754 -0.053212799 -4.9477641 -0.99995261 -0.0028708004 0.0093066733 -41.325846
0.015654003 0.062066612 0.9979492 151.05019 -0.011235397 0.99801944 -0.061894738 -4.9988455 -0.99981438 -0.010243455 0.01632034 -41.302591
0.019117722 0.065480185 0.99767067 151.79785 -0.015791665 0.99774839 -0.065182678 -5.0488563 -0.99969256 -0.014508736 0.020108716 -41.278455
0.018551146 0.061143006 0.99795656 152.56914 -0.018546846 0.99797767 -0.060799528 -5.1084452 -0.99965592 -0.017381045 0.019647638 -41.249015
0.017370009 0.055667274 0.99829823 153.31273 -0.010531709 0.9984037 -0.055489905 -5.1777646 -0.9997937 -0.009549926 0.017928551 -41.238864
0.014179618 0.05307513 0.9984898 154.0661 -0.01292431 0.99851655 -0.052893011 -5.2279415 -0.99981598 -0.012154789 0.014844541 -41.220123
0.011447863 0.053249841 0.99851556 154.81376 -0.012664499 0.99850866 -0.053104274 -5.2789292 -0.99985431 -0.012037768 0.012105172 -41.211067
0.007773936 0.053584289 0.99853303 155.55435 -0.012210832 0.99849388 -0.053487121 -5.3346017 -0.99989527 -0.011777113 0.0084165347 -41.199393
0.0034384168 0.05174948 0.99865414 156.3105 -0.0096029338 0.99861574 -0.051714425 -5.3916698 -0.99994802 -0.0094121932 0.0039306025 -41.198994
-0.0020915166 0.052134799 0.99863782 157.04553 -0.012893428 0.99855563 -0.05215751 -5.4383961 -0.99991473 -0.012984952 -0.0014163009 -41.192638
-0.0081844139 0.050371592 0.99869697 157.78329 -0.01223933 0.9986506 -0.050469555 -5.4878911 -0.99989164 -0.012636445 -0.0075568569 -41.191865
-0.013877915 0.047517749 0.99877394 158.52804 -0.0085612872 0.99882792 -0.047639274 -5.5408428 -0.99986709 -0.0092119237 -0.013454838 -41.200675
-0.019084775 0.047456636 0.99869092 159.2639 -0.010186956 0.99881181 -0.047657049 -5.5903417 -0.99976601 -0.011083144 -0.018578662 -41.213805
-0.024723839 0.048691812 0.99850776 159.98182 -0.012144662 0.99872479 -0.049003104 -5.6378278 -0.99962059 -0.013338083 -0.024100967 -41.227179
-0.029064254 0.050967772 0.99827725 160.6924 -0.014913234 0.99856593 -0.051416699 -5.6936576 -0.99946633 -0.016381929 -0.028262481 -41.236965
-0.031650834 0.053038476 0.99809071 161.42332 -0.0125669 0.99849101 -0.05345826 -5.7445908 -0.99942002 -0.014234904 -0.030936545 -41.257842
-0.032935951 0.054795316 0.99795421 162.1305 -0.012144658 0.99840032 -0.055220625 -5.8015743 -0.99938372 -0.013938556 -0.032217795 -41.28235
-0.031916963 0.052774419 0.99809623 162.8625 -0.0058988671 0.9985777 -0.052988508 -5.8502727 -0.99947316 -0.0075788685 -0.03156026 -41.309674
-0.028155965 0.049179541 0.99839297 163.55272 -0.0014078684 0.99878605 -0.049238606 -5.8943996 -0.99960259 -0.0027919656 -0.028052548 -41.327659
-0.020863836 0.048624588 0.99859915 164.2723 -4.8319922e-05 0.99881656 -0.048636182 -5.9475834 -0.99978237 -0.0010629887 -0.020836797 -41.339754
-0.0099023462 0.050062129 0.99869697 164.98205 -0.00026666645 0.99874581 -0.05006722 -6.0032619 -0.99995098 -0.00076210109 -0.0098765784 -41.340948
0.0040775991 0.050266851 0.99872746 165.65475 0.0026834421 0.99873166 -0.050278017 -6.0494831 -0.99998813 0.0028850418 0.0039375376 -41.327637
0.019272091 0.047998359 0.99866143 166.34434 0.0014923191 0.99884449 -0.048035954 -6.0939239 -0.9998132 0.0024160757 0.019178191 -41.308102
0.035030904 0.042811647 0.99846878 167.03808 -0.0020092444 0.99908303 -0.042767489 -6.142887 -0.99938425 -0.00050798323 0.035084799 -41.259163
0.051518514 0.036586718 0.99800159 167.71006 -0.0034790011 0.99932921 -0.036455795 -6.1786884 -0.99866602 -0.0015938994 0.05161124 -41.215172
0.069186036 0.029221448 0.99717567 168.39195 -0.00381923 0.99957134 -0.029026664 -6.2184149 -0.99759651 -0.0018002026 0.069267981 -41.155913
0.087101268 0.021541747 0.99596648 169.08625 -0.0047301397 0.99976385 -0.02121021 -6.2535112 -0.99618827 -0.0028636237 0.087182592 -41.079692
0.10416329 0.015449769 0.99444016 169.7376 -0.0058501212 0.99987156 -0.014921377 -6.2856145 -0.99454305 -0.004263335 0.10424029 -40.998459
0.12192254 0.012935396 0.99245528 170.39764 -0.005822134 0.99990719 -0.012317275 -6.3112181 -0.99252258 -0.0042764533 0.12198653 -40.903445
0.13994293 0.012122214 0.99008532 171.03195 -0.00622935 0.99991605 -0.011362093 -6.3322813 -0.99014002 -0.0045775426 0.1400067 -40.798125
0.15763418 0.011472521 0.98743089 171.67109 -0.0068194709 0.99992131 -0.010528976 -6.3517434 -0.98747407 -0.0050740289 0.15770001 -40.685727
0.17384507 0.011079385 0.98471065 172.31339 -0.012894919 0.99987659 -0.0089734984 -6.367924 -0.98468863 -0.011137765 0.17396648 -40.554342
0.187979 0.0073360249 0.98214561 172.93302 -0.014723977 0.99988078 -0.0046503811 -6.387566 -0.98206272 -0.013586915 0.1880646 -40.416998
0.20036125 0.0031987351 0.97971683 173.55908 -0.010881964 0.99994025 -0.0010393 -6.4076816 -0.97966169 -0.010453007 0.20038408 -40.283365
0.21107396 0.0016396541 0.97746868 174.19219 -0.0080867551 0.9999673 6.8854766e-05 -6.4238291 -0.97743668 -0.0079190826 0.21108032 -40.140023
0.22094015 0.0051384267 0.97527379 174.7898 -0.011513713 0.99993018 -0.0026599975 -6.4410917 -0.97521944 -0.010641322 0.22098389 -39.989614
0.22978242 0.012264459 0.97316471 175.39315 -0.01605513 0.9998323 -0.0088096237 -6.4638704 -0.97310963 -0.013599989 0.22994079 -39.831293
0.23920248 0.022228112 0.9707152 175.9789 -0.01585246 0.99969408 -0.018985345 -6.4821816 -0.97084033 -0.010846882 0.23948168 -39.679609
0.2473552 0.029193036 0.96848495 176.55889 -0.012625211 0.99955826 -0.026905145 -6.4975058 -0.96884265 -0.0055721989 0.2476145 -39.526348
0.25389668 0.027746549 0.96683325 177.16694 -0.011364174 0.99960503 -0.025702739 -6.5134207 -0.96716462 -0.0044614202 0.25411172 -39.360403
0.25987954 0.020384161 0.96542583 177.76224 -0.014387713 0.99974793 -0.017235866 -6.5352869 -0.96553389 -0.0094110206 0.26010731 -39.182592
0.26411717 0.0097734247 0.96444104 178.37357 -0.018945607 0.99980829 -0.0049434755 -6.5568614 -0.96430455 -0.016966264 0.2642517 -39.000069
0.2663865 0.00015682352 0.96386624 178.98652 -0.016921241 0.99984664 0.0045138949 -6.5853702 -0.96371779 -0.017512253 0.2663483 -38.828376
0.26725102 -0.000867926 0.96362651 179.58477 -0.013423946 0.99989921 0.0046235777 -6.6016421 -0.96353348 -0.014171326 0.26721243 -38.658317
0.26818723 0.0028407523 0.96336258 180.19885 -0.013513393 0.99990836 0.0008134295 -6.6052617 -0.96327207 -0.013236448 0.26820104 -38.491162
0.26978844 0.0021751067 0.96291712 180.80547 -0.0092961411 0.99995673 0.00034580254 -6.6185499 -0.96287479 -0.0090447063 0.26979699 -38.323933
0.27200511 0.0003162759 0.96229571 181.40768 -0.010859314 0.99993728 0.0027408759 -6.6144543 -0.96223457 -0.011195403 0.27199149 -38.142122
0.2742565 -0.0039318883 0.9616485 182.02078 -0.010756947 0.99991654 0.0071561727 -6.6324623 -0.96159645 -0.012307028 0.27419131 -37.967541
0.27785598 -0.0095325323 0.96057541 182.64399 -0.0087846417 0.99988374 0.012463664 -6.6415582 -0.96058262 -0.011901414 0.27773993 -37.781583
0.28159615 -0.012672044 0.95944929 183.26579 -0.0079337212 0.99984786 0.015534142 -6.649662 -0.95950026 -0.011986357 0.28145277 -37.599302
0.28817151 -0.013665537 0.95748126 183.86848 -0.0077321294 0.99983236 0.016597114 -6.6451906 -0.95754764 -0.012186184 0.28801753 -37.406399
0.29603896 -0.016982025 0.95502485 184.49248 -0.0058448608 0.99979102 0.019589839 -6.6481194 -0.95515802 -0.011381342 0.29587784 -37.2068
0.3053407 -0.019402512 0.95204544 185.10528 -0.0029177256 0.99976864 0.021310877 -6.6527263 -0.95223874 -0.0092848848 0.30521345 -37.004929
0.31637322 -0.01771167 0.9484694 185.73212 -0.003953098 0.99979239 0.019988676 -6.6547831 -0.9486266 -0.010073274 0.31623752 -36.787828
0.32792613 -0.013930969 0.94460061 186.34646 -0.004986559 0.99985181 0.01647694 -6.6562239 -0.94469025 -0.010113525 0.32780806 -36.559201
0.33964152 -0.010300528 0.94049852 186.94567 -0.0060987681 0.99989489 0.013153493 -6.6550936 -0.94053523 -0.010203354 0.33954299 -36.325854
0.35115546 -0.0092385427 0.93627155 187.57846 -0.0063595723 0.99990472 0.012251639 -6.6528668 -0.93629561 -0.010256516 0.35106325 -36.074248
0.36256983 -0.012593972 0.93187147 188.20157 -0.0051063837 0.99986683 0.015499687 -6.6565044 -0.93194266 -0.010378211 0.36245724 -35.830281
0.37337819 -0.014580434 0.92756459 188.82168 -0.0047572691 0.99983324 0.0176314 -6.6569034 -0.92766706 -0.010995854 0.37324656 -35.56659
0.38486679 -0.014574227 0.92285702 189.45587 -0.0080099402 0.99978493 0.019129564 -6.6618406 -0.92293741 -0.014754363 0.38466728 -35.290013
0.39455785 -0.016239016 0.91872756 190.06129 -0.0093044996 0.99972195 0.021666558 -6.6526248 -0.91882403 -0.01709701 0.39429705 -35.005495
0.40171844 -0.015054865 0.91563943 190.70648 -0.014150077 0.99964345 0.022644114 -6.653512 -0.91565394 -0.022052926 0.40136218 -34.708716
0.40601049 -0.01749798 0.91370085 191.34694 -0.013959335 0.99958128 0.025345593 -6.6468979 -0.91376184 -0.023045232 0.40559622 -34.420912
0.40817105 -0.022662719 0.91262409 191.98561 -0.0081684037 0.99956113 0.028474898 -6.6402354 -0.91286896 -0.019077311 0.40780679 -34.12135
0.40884962 -0.020435147 0.91237291 192.64644 -0.0079217377 0.99963213 0.025939425 -6.637769 -0.91256742 -0.017832903 0.40853734 -33.8342
0.40761723 -0.02044212 0.91292401 193.29208 -0.0052280027 0.99968077 0.024719054 -6.6314974 -0.91313796 -0.014848681 0.40738023 -33.539296
0.40636238 -0.019502046 0.91350381 193.97048 -0.0019589215 0.9997513 0.022214716 -6.6290477 -0.91370994 -0.010816707 0.40622312 -33.253175
0.40643389 -0.020563634 0.91344872 194.64442 0.00049272513 0.99975149 0.022287254 -6.6187279 -0.9136801 -0.0086082157 0.40634302 -32.956699
0.40537962 -0.027097718 0.91374669 195.33458 0.0051687229 0.99961253 0.027351042 -6.612016 -0.91413386 -0.0063646508 0.4053626 -32.656335
0.40445553 -0.030121997 0.91406144 196.0086 0.0058429637 0.99952217 0.030352867 -6.6040967 -0.91453904 -0.0069355563 0.40443827 -32.349494
0.40318546 -0.032649925 0.91453562 196.7002 0.006605773 0.99944113 0.032768899 -6.5947067 -0.91509448 -0.0071707286 0.40317581 -32.040584
0.40092093 -0.032671847 0.91552984 197.37686 0.0056874343 0.99943336 0.033175458 -6.587295 -0.91609505 -0.0080937191 0.40087957 -31.747579
0.3995366 -0.033035337 0.91612177 198.06827 0.0046066439 0.99941021 0.034029679 -6.5735603 -0.91670571 -0.0093758548 0.39945314 -31.435929
0.3973356 -0.03225201 0.9171064 198.75522 0.003665025 0.99943001 0.033559226 -6.5682018 -0.91766609 -0.0099730569 0.39722733 -31.134331
0.39698878 -0.029412457 0.91735203 199.4471 0.0054374296 0.99954423 0.029694656 -6.5673901 -0.91780739 -0.0068004076 0.39696777 -30.831389
0.39608782 -0.023105041 0.91792185 200.12626 0.0039468956 0.99971697 0.023460803 -6.5644878 -0.91820419 -0.0056695961 0.39606691 -30.535139
0.39459839 -0.019440515 0.91864798 200.80818 0.0010159981 0.99978478 0.020721125 -6.5531065 -0.91885317 -0.0072431773 0.39453321 -30.233302
0.39378707 -0.022235248 0.91893268 201.50261 0.00064265486 0.9997138 0.0239145 -6.545053 -0.9192015 -0.0088266636 0.39368865 -29.920529
0.39247771 -0.025828502 0.91939875 202.1857 0.00018350525 0.99960781 0.028003465 -6.5428571 -0.91976154 -0.010822021 0.39232852 -29.629003
0.38941048 -0.025355487 0.92071521 202.86705 -0.0038654971 0.99956723 0.029161872 -6.5459842 -0.92105624 -0.01491496 0.38914394 -29.336185
0.38524094 -0.025059936 0.92247566 203.56397 -0.0070872195 0.99952138 0.030112695 -6.5392611 -0.92278885 -0.01813843 0.38487895 -29.031902
0.37833255 -0.026231417 0.92529797 204.24541 -0.0066923313 0.99949477 0.031071171 -6.5295567 -0.9256456 -0.017947635 0.37796585 -28.760862
