1 0 0 0 0 1 0 0 0 0 1 0
0.99987508 0.00065067729 0.015792697 0.005672124 -0.0006456084 0.99999974 -0.00032606283 -0.0058400489 -0.015792906 0.00031582621 0.99987523 0.115925
0.99934186 0.0024989075 0.036188442 0.0088859102 -0.0024897131 0.99999686 -0.0002991385 -3.2659203e-05 -0.036189079 0.00020884282 0.99934494 0.26176875
0.99792726 0.0049786562 0.064159144 0.06405207 -0.005019196 0.99998729 0.00047069285 0.0022951041 -0.064155991 -0.00079174451 0.99793957 0.43652709
0.99536365 0.0041874725 0.096091999 0.10136732 -0.004535748 0.99998391 0.0034062492 0.0052690441 -0.096076198 -0.0038263057 0.99536663 0.60562742
0.99108284 0.0014721777 0.13323905 0.17785113 -0.0021996942 0.99998347 0.0053131989 -0.003596632 -0.13322904 -0.0055589054 0.99106969 0.79305943
0.98488883 -0.0020855746 0.17317518 0.25577628 0.0010563436 0.99998123 0.0060352441 -0.0080271562 -0.17318453 -0.0057611119 0.98487255 0.97571048
0.97617616 -0.0023660958 0.2169666 0.33850134 0.00084845171 0.99997452 0.0070877142 -0.004724391 -0.21697786 -0.0067347719 0.9761533 1.1883195
0.96433503 -0.0022219884 0.26467529 0.42717506 -0.00053332076 0.99994642 0.010337834 -7.1925983e-06 -0.2646841 -0.010110292 0.96428218 1.3910476
0.94990848 -0.0060857848 0.31246894 0.56159441 0.00077320488 0.99985309 0.017123036 0.010154774 -0.31252727 -0.016023715 0.94977363 1.6469707
0.9331453 -0.015621909 0.35915986 0.6880598 0.0072136325 0.99966791 0.024739274 0.0022943422 -0.35942709 -0.02049449 0.9329481 1.8451751
0.91171989 -0.021484747 0.41025022 0.84376527 0.0098812711 0.99948947 0.030383476 -0.0050341643 -0.41069359 -0.023647426 0.91146672 2.0662577
0.88695194 -0.023374329 0.46126985 1.0572625 0.008626466 0.99938272 0.034055207 -0.002485516 -0.46178118 -0.026226203 0.88660608 2.3148244
0.85875565 -0.025518324 0.51174948 1.2200841 0.0065786889 0.99922586 0.038786719 0.017508645 -0.51234312 -0.029941673 0.85825873 2.5352121
0.82645587 -0.030649444 0.5621666 1.4494415 0.0076199703 0.99903456 0.043265261 0.01796087 -0.56294997 -0.031473136 0.82589152 2.7770303
0.79147736 -0.036370942 0.61011533 1.6621435 0.0099227688 0.99886094 0.046672925 0.022084321 -0.61111796 -0.03088653 0.79093672 2.9791453
0.75319563 -0.040904987 0.65652348 1.9325288 0.011034039 0.99870988 0.049566278 0.033034335 -0.65770405 -0.030088999 0.75267527 3.184499
0.71288404 -0.04398297 0.69990128 2.2446384 0.011933246 0.9986476 0.050602089 0.042648596 -0.70118042 -0.027721327 0.71244479 3.4287564
0.67120582 -0.045974442 0.73984394 2.5354397 0.011262442 0.99859212 0.05183566 0.061847209 -0.74118551 -0.026459947 0.67077862 3.6080932
0.62861366 -0.046468757 0.7763282 2.8513733 0.0068057922 0.99850383 0.054256714 0.083382777 -0.77768798 -0.028822983 0.6279894 3.8375387
0.58725485 -0.047316998 0.80801781 3.2023934 0.0040353582 0.99844855 0.055535662 0.099878434 -0.80939206 -0.029352946 0.5865347 4.0369074
0.54709018 -0.048410964 0.83567257 3.5609019 0.0019831076 0.99839839 0.056539476 0.12348679 -0.83707136 -0.029274964 0.54630997 4.2214248
0.50873632 -0.051003426 0.85941023 3.9685095 0.0010876386 0.99828088 0.058601144 0.13355 -0.86092174 -0.028877802 0.50791721 4.4398108
0.4705909 -0.050861957 0.88088433 4.3932512 -0.0020340932 0.99827203 0.058726546 0.15954004 -0.88234922 -0.029427978 0.46967427 4.6199755
0.43549823 -0.05018095 0.8987898 4.8495973 -0.0029337387 0.99836062 0.057161665 0.18647269 -0.90018485 -0.027530618 0.43463706 4.8276318
0.40069874 -0.048874518 0.91490531 5.3658826 -0.0017613185 0.99853325 0.054113347 0.20466089 -0.91620821 -0.023294589 0.40002493 5.0185434
0.37033195 -0.04704912 0.92770715 5.8704216 -7.0277414e-05 0.99871502 0.050678372 0.22032283 -0.92889952 -0.018833017 0.36985277 5.1850962
0.3460097 -0.045348178 0.93713433 6.4240439 0.00075891411 0.99884444 0.048054139 0.24558503 -0.93823067 -0.015915993 0.34564428 5.3437254
0.32545507 -0.044838871 0.94449372 6.984577 0.0020168128 0.99890566 0.046727065 0.27369977 -0.94555539 -0.013302693 0.32518934 5.5507436
0.31098916 -0.045313834 0.94933257 7.5580347 0.0032922452 0.99890813 0.046601692 0.29737575 -0.9504078 -0.011367185 0.31079878 5.7159048
0.29890409 -0.04696439 0.95312676 8.1650722 0.0042456392 0.9988438 0.047885604 0.31752834 -0.95427375 -0.01026657 0.29875789 5.9160953
0.28777084 -0.048687264 0.95646088 8.8130341 0.0029016706 0.99874667 0.049966734 0.34653169 -0.95769494 -0.011603634 0.28755144 6.0872598
0.27666781 -0.050394619 0.95964328 9.472054 0.0015320045 0.99864585 0.052001115 0.37808494 -0.96096444 -0.012916856 0.27637037 6.2907294
0.26688347 -0.052245964 0.96231154 10.173748 0.00059406012 0.99853816 0.054048031 0.40796942 -0.96372866 -0.013852855 0.26652437 6.4914386
0.25761359 -0.054138431 0.96473011 10.871569 -5.5961829e-05 0.99842827 0.056044437 0.43060124 -0.96624806 -0.014491796 0.25720566 6.6608651
0.24606817 -0.055483909 0.96766312 11.627544 -0.00057047459 0.99835175 0.057388601 0.46686017 -0.9692524 -0.014673535 0.24563093 6.8622134
0.23585856 -0.056998851 0.97011432 12.402357 -0.0011597604 0.99826117 0.058934579 0.49616978 -0.97178674 -0.015025324 0.23538233 7.0444596
0.22600096 -0.060049217 0.97227444 13.0967 -0.0022404993 0.99806351 0.062162785 0.53022387 -0.97412454 -0.016227229 0.22542877 7.207247
0.21473774 -0.063521595 0.97460383 13.904599 -0.0041365537 0.99781463 0.065945821 0.57524831 -0.97666303 -0.018192557 0.21400569 7.4025446
0.20133134 -0.067199569 0.97721534 14.687463 -0.0040018237 0.99757919 0.069424394 0.61307213 -0.97951506 -0.017887949 0.20057503 7.5639843
0.18946868 -0.069543751 0.97942085 15.4687 -0.0048888443 0.99740946 0.071766776 0.64990092 -0.98187464 -0.018385792 0.18863786 7.7131299
0.1744655 -0.070280642 0.98215189 16.288679 -0.0056402696 0.99736184 0.072370946 0.69038107 -0.98464717 -0.018165834 0.17360883 7.8590456
0.16119639 -0.069594483 0.98446546 17.065543 -0.0072915095 0.99739939 0.071702728 0.72769058 -0.98689546 -0.01873646 0.16026973 7.9918656
0.14534654 -0.068651868 0.98699606 17.866656 -0.0081788667 0.99747224 0.070584984 0.77079514 -0.98934704 -0.018331792 0.14441764 8.0900483
0.12374046 -0.067160025 0.99003927 18.699009 -0.010914333 0.9975546 0.069033965 0.81298773 -0.99225463 -0.019347912 0.12270486 8.2129617
0.099985203 -0.066030084 0.9927955 19.530837 -0.014838176 0.99758566 0.067843037 0.85201614 -0.99487832 -0.021514574 0.098764037 8.2866651
0.070709176 -0.06517666 0.99536533 20.355504 -0.019309086 0.99758664 0.066693798 0.8866738 -0.99731011 -0.023935458 0.069280025 8.3834351
0.03644182 -0.065120521 0.99721173 21.193663 -0.021806711 0.99758516 0.065941804 0.92878466 -0.99909787 -0.024148947 0.034933753 8.3989592
0.0026175323 -0.064571567 0.9979096 22.029861 -0.023890209 0.99762421 0.064615763 0.96364542 -0.9997112 -0.024009403 0.0010686839 8.3634501
-0.032413538 -0.063375612 0.99746319 22.912081 -0.024492854 0.99773829 0.062597172 0.99429668 -0.99917443 -0.022401724 -0.033892479 8.3325171
-0.068048312 -0.061009808 0.99581482 23.798867 -0.026994342 0.99787566 0.059291428 1.0312553 -0.99731681 -0.022846684 -0.069550675 8.196741
-0.098629848 -0.058052396 0.99342941 24.650385 -0.02922266 0.99803539 0.055420263 1.063858 -0.99469507 -0.023564558 -0.10013253 8.1635575
-0.13007187 -0.053741852 0.99004699 25.443009 -0.026789748 0.99835591 0.050673255 1.0862571 -0.99114262 -0.019931944 -0.13129775 8.0168105
-0.1633172 -0.048087293 0.98540094 26.315011 -0.022233425 0.99873714 0.0450532 1.1115729 -0.9863231 -0.014550874 -0.1641801 7.8767186
-0.19386709 -0.04210085 0.98012397 27.087758 -0.016357678 0.99907856 0.039679512 1.1236566 -0.98089146 -0.0083400003 -0.19437712 7.6622032
-0.2216121 -0.036385315 0.9744558 27.919752 -0.010248119 0.99933534 0.034983654 1.1398528 -0.97508109 -0.0022335374 -0.22183768 7.4926222
-0.24966497 -0.029673088 0.96787749 28.721755 -0.0017689846 0.99954269 0.030187566 1.1540409 -0.9683307 0.0058246183 -0.24960329 7.2573671
-0.27851842 -0.019190715 0.9602391 29.559299 0.0048638148 0.99975935 0.021391296 1.1536919 -0.96041861 0.010628296 -0.27835805 6.9748893
-0.30190187 -0.0042268597 0.9533296 30.335652 0.0086283505 0.9999371 0.0071659474 1.1483493 -0.9533 0.010389076 -0.30184641 6.7694167
-0.3278027 0.012619035 0.94466188 31.077784 0.0091342348 0.99990639 -0.010187376 1.1263343 -0.94470208 0.005289315 -0.32788728 6.4634704
-0.35345982 0.027714243 0.93503904 31.87973 0.0071107498 0.99961176 -0.026940178 1.0851155 -0.93542272 -0.0028734409 -0.35351966 6.1781931
-0.37744811 0.038167256 0.92524381 32.629924 0.012152892 0.99926838 -0.036263138 1.0548952 -0.92595103 -0.0024430637 -0.37763581 5.8729536
-0.4019284 0.042986957 0.91466148 33.428975 0.016017519 0.99907466 -0.039915623 1.0121859 -0.91553103 -0.0013926145 -0.40224502 5.5143664
-0.42412958 0.042198366 0.90461778 34.145454 0.017964453 0.99910925 -0.038183552 0.96017851 -0.90542335 5.6190778e-05 -0.42450985 5.181111
-0.44378619 0.038687297 0.89529718 34.864439 0.022466622 0.99923398 -0.032042193 0.92364972 -0.89585107 0.0058944216 -0.44431541 4.7876517
-0.46207334 0.037660649 0.88604167 35.611634 0.029577018 0.99919654 -0.027045724 0.88513772 -0.88634841 0.013709363 -0.46281597 4.3834805
-0.47617023 0.038623319 0.87850446 36.320081 0.034136414 0.9990938 -0.025422266 0.85108633 -0.87869032 0.017883667 -0.47705719 3.9973789
-0.48745407 0.041680319 0.8721532 37.013009 0.036212686 0.99896563 -0.027501114 0.78843788 -0.8723974 0.018177482 -0.48845922 3.6153616
-0.49689299 0.044494288 0.86667038 37.713066 0.037935883 0.99884376 -0.029529989 0.74695368 -0.86698229 0.018204663 -0.49800639 3.1934864
-0.50764045 0.043339644 0.86047823 38.383724 0.031388101 0.9990013 -0.031799166 0.69732884 -0.86099711 0.010866236 -0.50849382 2.8014835
-0.51835848 0.042425329 0.85411037 39.085903 0.029987787 0.99905614 -0.031425519 0.67227879 -0.85463751 0.0093231966 -0.51914146 2.3798257
-0.52692276 0.043935341 0.84877679 39.755029 0.032169612 0.99897835 -0.031739267 0.63169136 -0.84930418 0.010580679 -0.52779781 1.9637545
-0.53430677 0.047014581 0.84398213 40.421082 0.036074723 0.99881064 -0.032801281 0.5914612 -0.84452054 0.012920476 -0.53536733 1.5291623
-0.53803426 0.050375761 0.84141628 41.143891 0.036749166 0.99866532 -0.036291448 0.5496318 -0.84212154 0.011395305 -0.53916743 1.06709
-0.53785408 0.05166867 0.84145307 41.8308 0.03574697 0.99862015 -0.038470025 0.50241262 -0.84227976 0.0093881388 -0.53895892 0.63700327
-0.53445006 0.052697193 0.84355562 42.559305 0.038634019 0.99853437 -0.037901477 0.46456889 -0.84431665 0.012333499 -0.53570266 0.1706315
-0.52932337 0.051436052 0.84685952 43.301991 0.036901091 0.99861175 -0.03758833 0.42157216 -0.84761733 0.01135366 -0.53048658 -0.27699306
-0.52205766 0.050150619 0.85143447 44.075305 0.034575143 0.99869362 -0.037624604 0.37531782 -0.85220914 0.0097962562 -0.52310962 -0.74143453
-0.51467486 0.049631219 0.8559477 44.841928 0.032842701 0.99873169 -0.038162329 0.32798882 -0.85675621 0.0084704436 -0.51565212 -1.2042263
-0.50861878 0.048114504 0.85964636 45.677045 0.03008059 0.99882083 -0.038106617 0.28176638 -0.86046625 0.0064769296 -0.50946634 -1.6574274
-0.50434087 0.046008722 0.86227804 46.463021 0.025660654 0.99893707 -0.03829171 0.22508077 -0.86312333 0.0028145449 -0.50498541 -2.1078995
-0.50204993 0.042821452 0.86377782 47.321855 0.020743844 0.99908234 -0.037472262 0.18229254 -0.86458986 -0.00089487319 -0.5024775 -2.5905088
-0.50231736 0.040590674 0.86373005 48.157046 0.017869176 0.99917156 -0.036563563 0.13174087 -0.86449871 -0.0029323678 -0.50262654 -3.0729759
-0.50409966 0.039300462 0.8627508 48.991533 0.016415489 0.99921964 -0.035925495 0.083447198 -0.86348951 -0.003947553 -0.50435142 -3.5663619
-0.50453021 0.038953147 0.86251484 49.880892 0.01675516 0.99923535 -0.035326784 0.03383394 -0.86323148 -0.0033718547 -0.50479709 -4.0540582
-0.50428085 0.038141239 0.86269694 50.746075 0.016315688 0.99926659 -0.034642033 -0.020497856 -0.8633856 -0.0033938188 -0.50453331 -4.5787741
-0.50491317 0.037388356 0.86235998 51.606131 0.016557814 0.99929716 -0.033630756 -0.063708378 -0.86301135 -0.0027018146 -0.50517737 -5.0672483
-0.50556769 0.03707219 0.86199008 52.508012 0.016448998 0.99930902 -0.033330419 -0.11764805 -0.86263016 -0.0026719093 -0.50582816 -5.5800714
-0.50506051 0.035564988 0.86235083 53.409707 0.014879985 0.99936094 -0.032500654 -0.16564961 -0.86295569 -0.0035830288 -0.50526695 -6.104042
-0.50523098 0.035045483 0.86227223 54.300983 0.014311399 0.99937793 -0.032232417 -0.2211535 -0.86286552 -0.0039444933 -0.50541825 -6.6216275
-0.50516638 0.034032905 0.86235064 55.199876 0.013110912 0.99940948 -0.031761576 -0.27449843 -0.86292241 -0.0047386767 -0.50531428 -7.1228658
-0.50366187 0.032545578 0.86328758 56.07823 0.012588896 0.99946052 -0.030334587 -0.32798041 -0.86380918 -0.0044105364 -0.50379987 -7.6481435
-0.50149001 0.030550539 0.86462383 56.983412 0.013139398 0.99953002 -0.027696325 -0.37922133 -0.86506369 -0.0025287935 -0.50165574 -8.161724
-0.49920054 0.029400283 0.86598751 57.880613 0.013504932 0.99956679 -0.026150349 -0.43346872 -0.86638126 -0.0013591648 -0.49938134 -8.6708149
-0.49647453 0.028916073 0.8675695 58.776851 0.013436713 0.99958127 -0.02562674 -0.48111196 -0.86794733 -0.0010657405 -0.49665518 -9.1715465
-0.49460245 0.029209662 0.86862831 59.648241 0.014123205 0.99957323 -0.025571148 -0.53027303 -0.86900461 -0.00037973589 -0.49480391 -9.6730758
-0.49319158 0.029747147 0.86941193 60.530698 0.014211054 0.99955731 -0.026138593 -0.57789537 -0.86980468 -0.0005360735 -0.49339599 -10.184784
-0.49427699 0.031167645 0.86874552 61.438129 0.01374311 0.99951233 -0.028039904 -0.6259352 -0.86919586 -0.001920213 -0.49446428 -10.660439
-0.49707838 0.03263174 0.8670918 62.302711 0.012075677 0.99945599 -0.03069044 -0.68433886 -0.86762165 -0.0047848329 -0.49720201 -11.161447
-0.50174876 0.033586611 0.86436107 63.185786 0.011128924 0.99941386 -0.032374201 -0.7331392 -0.86494184 -0.0066243055 -0.50182845 -11.65374
-0.50757881 0.031959922 0.86101234 64.053743 0.010920032 0.99947016 -0.030661826 -0.78432224 -0.86153617 -0.0061610101 -0.50765888 -12.148136
-0.51227641 0.02981977 0.85830274 64.920526 0.013873153 0.99955394 -0.026447054 -0.84853141 -0.85870861 -0.0016408362 -0.5124616 -12.668527
-0.51773195 0.028041795 0.85508316 65.771711 0.011477742 0.99960041 -0.025831633 -0.89084299 -0.85546592 -0.0035594371 -0.51784693 -13.192507
-0.52233475 0.030160232 0.85220696 66.607278 0.012763595 0.9995389 -0.027551353 -0.93608792 -0.85264504 -0.0035138033 -0.52247885 -13.698793
-0.52819615 0.032335001 0.84850646 67.456933 0.01290224 0.99946494 -0.030056088 -0.98781823 -0.84902439 -0.0049278758 -0.52833073 -14.205201
-0.53296245 0.032599611 0.84551063 68.292722 0.011238728 0.99944213 -0.031450347 -1.045339 -0.84606429 -0.0072593891 -0.53303151 -14.720115
-0.5366742 0.033154477 0.84313791 69.124078 0.010695648 0.99941477 -0.032491713 -1.0960134 -0.8437218 -0.0084195571 -0.53671473 -15.242271
-0.53949459 0.032065452 0.84137824 69.936909 0.010109854 0.99944924 -0.031607162 -1.153287 -0.8419284 -0.0085456811 -0.53952163 -15.775968
-0.54212656 0.025127237 0.83992104 70.763296 0.011577013 0.99968129 -0.022434277 -1.205696 -0.84021713 -0.0024384405 -0.54224468 -16.29585
-0.54468469 0.017651493 0.8384551 71.598508 0.012931575 0.99983638 -0.012648229 -1.23744 -0.83854124 0.0039532491 -0.54482384 -16.831523
-0.54477643 0.015405184 0.83843978 72.401831 0.013796206 0.99986058 -0.0094069817 -1.2654984 -0.83846787 0.0064425866 -0.54491301 -17.379574
-0.54636363 0.01982431 0.83731339 73.206658 0.012976249 0.99980021 -0.015204102 -1.303724 -0.83744759 0.0025582198 -0.54651172 -17.886976
-0.54814916 0.025091293 0.83600411 74.005466 0.013392292 0.99968507 -0.021222881 -1.3523619 -0.8362734 -0.00043729218 -0.54831256 -18.406946
-0.54844415 0.030487879 0.83563117 74.8029 0.020100983 0.999527 -0.023274851 -1.3823219 -0.83594559 0.0040320529 -0.54879757 -18.932222
-0.5486551 0.031326413 0.83546165 75.589052 0.023248294 0.999483 -0.022209184 -1.4226279 -0.83572553 0.0072378765 -0.54909973 -19.451194
-0.54823334 0.028581919 0.83583684 76.39554 0.023123939 0.99955179 -0.019013033 -1.468566 -0.83600571 0.0089042622 -0.54864855 -19.978818
-0.54813494 0.02369792 0.83605409 77.18778 0.02136881 0.99966902 -0.014325729 -1.4931283 -0.83611693 0.01001305 -0.54845991 -20.489572
-0.54750892 0.017888821 0.83660858 78.000106 0.02008409 0.99976439 -0.0082337033 -1.5206893 -0.83655883 0.012294497 -0.5477392 -21.017769
-0.54623299 0.011068585 0.83756011 78.802213 0.010555652 0.99992425 -0.0063301726 -1.5598277 -0.8375668 0.0053832446 -0.54630846 -21.522918
-0.54491044 0.0054428356 0.83847655 79.593413 0.001717103 0.99998408 -0.0053753207 -1.5869616 -0.83849253 -0.001489317 -0.54491111 -22.008547
-0.54310207 0.0062229414 0.83964359 80.392457 0.0051502084 0.99997841 -0.0040799658 -1.6048969 -0.83965093 0.0021085024 -0.5431224 -22.52807
-0.54064482 0.0097645746 0.84119425 81.175892 0.010749014 0.99993119 -0.0046986806 -1.636515 -0.84118232 0.0065016922 -0.54071258 -23.024687
-0.53373935 0.012583062 0.84555539 81.969265 0.011301419 0.99990613 -0.0077462319 -1.6632247 -0.84557356 0.0054215078 -0.53383145 -23.528121
-0.52685142 0.01481153 0.8498283 82.754058 0.016507227 0.99983788 -0.0071923605 -1.6875547 -0.84979712 0.010239004 -0.5270105 -24.008917
-0.51920915 0.017918046 0.85445932 83.548154 0.024381893 0.99968381 -0.0061478392 -1.7242977 -0.85429939 0.017641322 -0.51948186 -24.502563
-0.50904446 0.017464232 0.860563 84.352724 0.022648789 0.99971973 -0.0068909488 -1.7509172 -0.86044223 0.015982912 -0.50929734 -24.977038
-0.49849207 0.013955983 0.86678187 85.164848 0.017894749 0.99982301 -0.0058066765 -1.7744436 -0.86670958 0.012616263 -0.49865359 -25.428448
-0.48654842 0.011759722 0.87357443 85.980028 0.020527579 0.99978723 -0.0020256527 -1.7915112 -0.87341246 0.016946791 -0.4866863 -25.871301
-0.47563329 0.010349924 0.87958274 86.797974 0.019776733 0.99980385 -0.0010703042 -1.8174114 -0.87942136 0.016886201 -0.47574468 -26.303315
-0.46475827 0.0094953658 0.88538665 87.617497 0.01967044 0.99980644 -0.00039703288 -1.837762 -0.88521912 0.017231422 -0.46485509 -26.724392
-0.45148514 0.010769259 0.89221361 88.452495 0.022358741 0.99974973 -0.00075309801 -1.8528316 -0.8919985 0.019608762 -0.45161294 -27.13753
-0.43999652 0.014100956 0.89788872 89.276425 0.022343362 0.99973906 -0.0047514513 -1.8865945 -0.89772151 0.017971232 -0.44019677 -27.535937
-0.42910193 0.023541728 0.9029492 90.103575 0.024176877 0.99960148 -0.014572249 -1.9137263 -0.90293249 0.015577513 -0.42950009 -27.92436
-0.41592075 0.02945601 0.90892365 90.928445 0.026068625 0.99945074 -0.020460848 -1.932652 -0.90902719 0.0151843 -0.41646018 -28.29601
-0.40464589 0.024659415 0.91414088 91.783908 0.021010391 0.99962318 -0.01766506 -1.974254 -0.9142321 0.012058365 -0.40501152 -28.660125
-0.39298273 0.021065082 0.9193045 92.615563 0.022648317 0.99965602 -0.013224604 -2.0092369 -0.91926693 0.01562366 -0.39332464 -29.006858
-0.3827986 0.021607976 0.92357905 93.464115 0.019387955 0.99969415 -0.015352973 -2.0446229 -0.9236284 0.012029214 -0.38310045 -29.344001
-0.37580019 0.026656978 0.9263172 94.320342 0.015976597 0.99962399 -0.022284964 -2.0803853 -0.92656302 0.0064247034 -0.37608478 -29.676631
-0.37000976 0.0306302 0.92852275 95.147249 0.0065022118 0.99951724 -0.030381086 -2.1193789 -0.92900515 -0.0052038461 -0.3700303 -29.993325
-0.36678064 0.03332423 0.92971038 95.993239 0.0051824426 0.99941592 -0.033778202 -2.161279 -0.93029306 -0.0075710193 -0.36673911 -30.312379
-0.36340309 0.033156619 0.93104176 96.834639 0.004476771 0.99941709 -0.033844258 -2.2066007 -0.93162129 -0.0081310464 -0.36333969 -30.636767
-0.35831044 0.032796662 0.93302622 97.692453 0.0032387906 0.99942043 -0.033886679 -2.2544615 -0.93359692 -0.0091200736 -0.358209 -30.951123
-0.3530625 0.028716176 0.93515891 98.520778 0.00075961483 0.99953733 -0.030406273 -2.3038117 -0.93559947 -0.010024954 -0.35292096 -31.25603
-0.34742392 0.02491783 0.937377 99.379862 0.0010049873 0.99965619 -0.026200882 -2.3501818 -0.93770768 -0.0081607605 -0.34732952 -31.567392
-0.341756 0.022037166 0.93953027 100.23829 -0.00059606212 0.99971975 -0.023665758 -2.3920169 -0.93978857 -0.0086479327 -0.34164709 -31.868666
-0.3360851 0.020751305 0.94160295 101.07666 -0.0049142631 0.999705 -0.023785813 -2.4343029 -0.94181884 -0.012621341 -0.33588398 -32.15463
-0.33002215 0.020092616 0.94375929 101.93247 -0.017442185 0.99947297 -0.027378096 -2.4693059 -0.94381207 -0.025496602 -0.32949776 -32.435512
-0.32299261 0.02348306 0.94611006 102.77542 -0.01515528 0.99943558 -0.029980494 -2.519158 -0.94628017 -0.02402204 -0.32245442 -32.714631
-0.31643659 0.027488577 0.94821526 103.63706 -0.013445737 0.99934967 -0.033458038 -2.5656623 -0.94851841 -0.0233368 -0.3158612 -32.998149
-0.30933045 0.025735564 0.95060627 104.47817 -0.015046912 0.99937613 -0.031952213 -2.6043418 -0.9508356 -0.024187481 -0.30875022 -33.25956
-0.30257433 0.021012628 0.9528941 105.34295 -0.014301121 0.99954432 -0.026582391 -2.6445525 -0.95301854 -0.021670602 -0.30213595 -33.527435
-0.29565948 0.018454729 0.95511508 106.19616 -0.014000267 0.9996223 -0.023648531 -2.6862904 -0.95519084 -0.020363778 -0.29528944 -33.779261
-0.28952304 0.021017182 0.95694023 107.04647 -0.017786004 0.99946816 -0.027332386 -2.7315794 -0.95700582 -0.024933498 -0.28899525 -34.029278
-0.28247235 0.02410477 0.9589725 107.9129 -0.017081543 0.99939935 -0.030152432 -2.7730551 -0.95912339 -0.024897958 -0.28189093 -34.273644
-0.27617284 0.0249754 0.96078338 108.7536 -0.018465925 0.99933989 -0.031285614 -2.813563 -0.96093062 -0.02638199 -0.27552935 -34.502784
-0.26875441 0.02385218 0.96291332 109.6425 -0.019274978 0.99935998 -0.030134745 -2.8604085 -0.9630159 -0.026658979 -0.26812265 -34.743293
-0.26121834 0.02391488 0.96498341 110.48396 -0.01582044 0.99945271 -0.029051669 -2.9006517 -0.96515013 -0.02285529 -0.26069703 -34.966902
-0.25317776 0.025107886 0.96709386 111.34513 -0.011598655 0.99951252 -0.028985983 -2.9472725 -0.96735029 -0.018555594 -0.25276312 -35.188189
-0.24661578 0.025663721 0.96877343 112.22836 -0.0099880476 0.9995289 -0.029021067 -2.9917295 -0.96906191 -0.016833208 -0.24624327 -35.413532
-0.23989452 0.024582422 0.97048763 113.07938 -0.01643918 0.99943315 -0.029379205 -3.0304343 -0.9706598 -0.02300193 -0.23935442 -35.606074
-0.23376881 0.0226135 0.97202916 113.95016 -0.021260417 0.99937158 -0.028362636 -3.0727972 -0.97205978 -0.027296045 -0.23314114 -35.803618
-0.22911499 0.022908138 0.97312972 114.8429 -0.017902907 0.99945476 -0.02774293 -3.1143038 -0.97323475 -0.023778172 -0.22857994 -36.008485
-0.22440481 0.022868682 0.9742276 115.69324 -0.017101797 0.99947823 -0.027400654 -3.1620787 -0.97434598 -0.022809881 -0.22389663 -36.198422
-0.21985987 0.024486221 0.97522407 116.57701 -0.015857001 0.99946316 -0.028669711 -3.1992946 -0.97540262 -0.021767448 -0.21935357 -36.3936
-0.2141163 0.023446221 0.9765267 117.43119 -0.010197888 0.99960375 -0.026236315 -3.2376181 -0.97675498 -0.015576132 -0.21379236 -36.577787
-0.20883144 0.022623458 0.97768989 118.30354 -0.0019626784 0.99972068 -0.023552465 -3.2772329 -0.97794972 -0.0068373852 -0.20872871 -36.768167
-0.20359462 0.021436725 0.97882052 119.18998 8.4673661e-05 0.99976065 -0.021877712 -3.3214281 -0.97905531 -0.0043713034 -0.20354771 -36.959368
-0.19962919 0.022926463 0.97960323 120.04882 -0.0022199141 0.9997131 -0.023849496 -3.3550684 -0.97986904 -0.0069356898 -0.19952102 -37.120338
-0.19578675 0.024837386 0.98033187 120.9076 -0.0045274901 0.99964566 -0.026230919 -3.3947542 -0.98063608 -0.0095741086 -0.19560493 -37.286126
-0.19460522 0.024152708 0.9805842 121.80253 -0.0063422511 0.99964492 -0.025880863 -3.4363095 -0.98086119 -0.011255662 -0.19438293 -37.455903
-0.19340666 0.022930013 0.98085065 122.65135 -0.0081256008 0.99965513 -0.024971844 -3.4789843 -0.98108507 -0.012799721 -0.19315364 -37.609287
-0.19238231 0.01881087 0.9811397 123.53892 -0.0063629475 0.99977133 -0.020415732 -3.5107999 -0.98129946 -0.010170566 -0.19221863 -37.782554
-0.19188908 0.013360689 0.98132563 124.39651 -0.0067764691 0.99986546 -0.014938181 -3.5516073 -0.98139327 -0.009516396 -0.19177272 -37.936623
-0.1906111 0.01110011 0.98160283 125.25305 -0.0042225505 0.99991755 -0.012127164 -3.5838629 -0.98165659 -0.0064564388 -0.19054852 -38.105594
-0.18946115 0.015608175 0.98176411 126.13074 -0.0068402971 0.99982841 -0.017215404 -3.6164569 -0.98186443 -0.0099772078 -0.18932187 -38.262923
-0.18948401 0.019580534 0.98168851 126.96516 -0.0071516649 0.9997471 -0.021321128 -3.6529656 -0.9818578 -0.01106072 -0.18929606 -38.421495
-0.18954608 0.018758297 0.98169258 127.82722 -0.0094672608 0.9997361 -0.02093102 -3.6798521 -0.98182622 -0.013261332 -0.18931847 -38.577793
-0.18870749 0.017810125 0.98187179 128.68249 -0.010956263 0.99973512 -0.020239848 -3.7198613 -0.98197226 -0.014577056 -0.18846237 -38.738705
-0.18828928 0.018423502 0.98194075 129.52218 -0.0040797256 0.99980073 -0.019540892 -3.7565854 -0.98210518 -0.0076853885 -0.1881766 -38.895868
-0.18757224 0.021144093 0.98202317 130.37623 -0.0069857826 0.99971428 -0.022859327 -3.7963086 -0.98222601 -0.011147975 -0.18737094 -39.051773
-0.18761552 0.022273234 0.98198994 131.19977 -0.017600391 0.99950613 -0.026033198 -3.8253704 -0.98208489 -0.022167639 -0.18713084 -39.193238
-0.18716425 0.024096273 0.98203301 132.03666 -0.019188377 0.99941868 -0.028179951 -3.8582037 -0.98214125 -0.024117899 -0.18659308 -39.337574
-0.18727099 0.026967799 0.981938 132.87437 -0.021850388 0.99926139 -0.031610776 -3.9108766 -0.98206528 -0.027375508 -0.18654342 -39.492368
-0.18629546 0.028078751 0.98209241 133.7049 -0.017189552 0.99934538 -0.031832752 -3.9538274 -0.98234342 -0.022812025 -0.18569085 -39.645429
-0.18512134 0.028826187 0.98229276 134.52613 -0.020040969 0.99925107 -0.033100731 -4.0026605 -0.98251134 -0.02581375 -0.18440499 -39.782218
-0.18298011 0.028215769 0.98271159 135.34479 -0.014362276 0.99940467 -0.031369306 -4.0376825 -0.98301174 -0.019853933 -0.18246593 -39.941881
-0.17976515 0.025250677 0.98338538 136.17956 -0.0064937679 0.99961826 -0.026854568 -4.0858934 -0.98368816 -0.011213391 -0.17953255 -40.093177
-0.17754283 0.020863195 0.98389186 136.98921 0.0011968396 0.99977909 -0.02098411 -4.1173413 -0.98411239 -0.0025480167 -0.17752858 -40.252828
-0.17380857 0.020774173 0.98456027 137.8084 0.0064458825 0.99978005 -0.01995739 -4.149536 -0.9847584 0.0028775953 -0.17390426 -40.390638
-0.16890318 0.02472347 0.98532248 138.6064 0.00070703503 0.99968813 -0.024962729 -4.1998916 -0.98563244 -0.003519626 -0.16886798 -40.520519
-0.16220518 0.028319599 0.98635054 139.42032 0.0026546862 0.99959699 -0.02826336 -4.2370848 -0.98675352 -0.0019660114 -0.16221499 -40.652608
-0.15475057 0.028606781 0.98753928 140.20801 -0.0028573727 0.99956356 -0.029402855 -4.2770162 -0.98794948 -0.0073718757 -0.15460129 -40.763949
-0.14464774 0.02546703 0.98915539 140.99201 0.0093342843 0.99965937 -0.024372481 -4.2963826 -0.98943923 0.0057076343 -0.14483619 -40.880865
-0.1321081 0.023912133 0.99094681 141.84253 0.016158041 0.9996281 -0.021967507 -4.3427872 -0.99110365 0.013109674 -0.13244535 -40.99434
-0.11903402 0.026029188 0.99254889 142.60307 0.015217571 0.99958672 -0.024388744 -4.3807486 -0.9927736 0.012201095 -0.11938093 -41.080479
-0.10492105 0.027149236 0.99410986 143.38946 0.012822753 0.99958112 -0.025945307 -4.4175215 -0.99439792 0.010025017 -0.10522523 -41.154959
-0.090833338 0.027030952 0.99549915 144.19756 0.015414517 0.99954996 -0.025734461 -4.4529152 -0.99574685 0.013007593 -0.09120913 -41.223634
-0.077529536 0.028492314 0.9965828 144.93659 0.019351773 0.99944624 -0.0270687 -4.4860293 -0.99680227 0.017187022 -0.078037982 -41.279748
-0.06340551 0.034748941 0.99738266 145.73086 0.017419629 0.99927992 -0.033707641 -4.5345243 -0.99783585 0.015236787 -0.063965168 -41.314233
-0.050875325 0.043648199 0.9977507 146.4993 0.0081561524 0.99902933 -0.043288251 -4.5833253 -0.99867175 0.0059355038 -0.051181945 -41.336801
-0.037228889 0.052418729 0.99793096 147.26972 0.002857503 0.99862479 -0.05234857 -4.6240203 -0.99930272 0.00090271243 -0.03732748 -41.343451
-0.023680223 0.053549442 0.99828434 148.03399 0.0029878871 0.99856372 -0.053493552 -4.6695692 -0.99971516 0.0017160225 -0.023806213 -41.355103
-0.011985239 0.048982153 0.9987277 148.81218 -0.0020550267 0.99879617 -0.049010171 -4.729485 -0.9999261 -0.0026398099 -0.011870152 -41.349323
-0.00067033012 0.0463561 0.99892471 149.57816 -1.0280268e-05 0.99892498 -0.046356118 -4.7799714 -0.99999982 -4.1342271e-05 -0.00066913448 -41.340365
0.0078548824 0.052314658 0.99859972 150.31022 -0.005183726 0.99861928 -0.052274906 -4.8451816 -0.99995576 -0.0047658533 0.0081152203 -41.319465
0.014626215 0.061381463 0.99800717 151.06158 -0.011120794 0.99806223 -0.061221868 -4.8889754 -0.99983123 -0.010203187 0.015280481 -41.294855
0.018010232 0.064619323 0.99774741 151.8316 -0.015699653 0.99780456 -0.06433963 -4.9410166 -0.99971458 -0.014505515 0.018985191 -41.272204
0.017771703 0.060363875 0.99801818 152.57189 -0.018611497 0.99802289 -0.060032743 -4.9987388 -0.99966888 -0.017507728 0.018860026 -41.246656
0.016156087 0.054558814 0.9983798 153.33558 -0.01374418 0.99842795 -0.05433903 -5.0719098 -0.99977506 -0.012844005 0.016880553 -41.230232
0.013421564 0.052216045 0.99854557 154.08503 -0.014242956 0.99854423 -0.052024532 -5.1206639 -0.99980852 -0.01352399 0.014145734 -41.218915
0.010347234 0.052383743 0.99857338 154.84214 -0.012900728 0.99855076 -0.052248878 -5.1706668 -0.99986329 -0.012341692 0.011008026 -41.201907
0.0064928485 0.052901614 0.99857858 155.57813 -0.013959781 0.99850716 -0.052807061 -5.227407 -0.99988152 -0.01359707 0.0072216491 -41.194718
0.0020855931 0.050948344 0.99869907 156.32266 -0.011705858 0.9986341 -0.050920582 -5.2797317 -0.99992935 -0.011584429 0.0026791369 -41.192361
-0.0026987646 0.05129198 0.99868001 157.06791 -0.014411478 0.99857798 -0.051325683 -5.3313276 -0.99989255 -0.01453097 -0.0019557352 -41.190442
-0.0091655847 0.049541241 0.99872998 157.80456 -0.014318358 0.99866308 -0.049669324 -5.3806543 -0.99985552 -0.014755421 -0.0084439833 -41.187677
-0.014911152 0.046610865 0.99880178 158.54256 -0.0097425015 0.99885869 -0.046758965 -5.4272657 -0.9998414 -0.010428057 -0.014440028 -41.201344
-0.020322165 0.046631544 0.99870537 159.2837 -0.012347081 0.99882383 -0.046888318 -5.4782167 -0.99971728 -0.013283968 -0.019722501 -41.213522
-0.025784758 0.047757753 0.99852604 159.99777 -0.013995293 0.99874305 -0.048129528 -5.524317 -0.99956959 -0.015215673 -0.025083965 -41.22516
-0.029801367 0.050147894 0.99829704 160.72974 -0.016168525 0.99858583 -0.050645065 -5.5809119 -0.99942511 -0.017650282 -0.028948406 -41.243462
-0.032405473 0.052240384 0.99810858 161.44693 -0.014305169 0.99850657 -0.052725656 -5.631219 -0.99937247 -0.015986711 -0.031609772 -41.26271
-0.034010458 0.053943751 0.99796457 162.16294 -0.013602258 0.99842482 -0.05443219 -5.6857664 -0.99932895 -0.015425834 -0.03322313 -41.283511
-0.032943233 0.052186392 0.9980938 162.87193 -0.0096204945 0.99857306 -0.052528984 -5.7361693 -0.99941096 -0.01133263 -0.032394168 -41.310799
-0.029264354 0.048206169 0.99840857 163.59224 -0.0033986424 0.99882584 -0.048325932 -5.7786267 -0.99956597 -0.0048074602 -0.029066159 -41.332099
-0.021972942 0.047786646 0.99861581 164.30243 -0.0021677323 0.99885239 -0.047845663 -5.8323106 -0.99975626 -0.003216041 -0.021844139 -41.342561
-0.01114244 0.048930984 0.99873997 164.98978 -0.0010397776 0.99880091 -0.048945569 -5.8841171 -0.99993742 -0.0015838397 -0.011078204 -41.344721
0.0029402247 0.049382225 0.99877558 165.66453 -0.00011803013 0.99877995 -0.049382092 -5.9342914 -0.99999571 2.7309673e-05 0.0029424645 -41.335628
0.018423868 0.047159713 0.9987174 166.35854 -0.00034302264 0.99888722 -0.047161403 -5.9762445 -0.99983025 0.00052631365 0.018419542 -41.31118
0.034433013 0.042194137 0.99851587 167.06156 -0.0031779997 0.99910794 -0.042109564 -6.0210462 -0.999402 -0.0017233232 0.034536389 -41.268883
0.050659555 0.035678511 0.99807844 167.73054 -0.0050777278 0.99935797 -0.035466518 -6.0558021 -0.99870311 -0.0032712518 0.050808194 -41.221785
0.067992758 0.02839232 0.99728169 168.40153 -0.0060543945 0.99958832 -0.028045211 -6.0955928 -0.99766749 -0.0041310648 0.068136663 -41.16453
0.085557072 0.020770677 0.9961167 169.09636 -0.0061163809 0.99977479 -0.020321613 -6.1278617 -0.99631454 -0.0043539707 0.085664843 -41.092054
0.10299329 0.014405828 0.99457768 169.75161 -0.0069216531 0.99988129 -0.013765876 -6.1600898 -0.99465801 -0.0054663281 0.10308078 -41.010837
0.12108632 0.012044274 0.99256887 170.41294 -0.0085625907 0.99990186 -0.01108868 -6.1886705 -0.99260509 -0.0071562728 0.12117757 -40.912769
0.13916792 0.011083316 0.99020673 171.04911 -0.0080912351 0.99991671 -0.010054821 -6.2072338 -0.99023578 -0.0066126862 0.13924601 -40.809578
0.15678417 0.010437408 0.98757769 171.69489 -0.0084682841 0.9999216 -0.0092234735 -6.2261499 -0.98759663 -0.0069169931 0.15686026 -40.69522
0.1728211 0.0099585892 0.98490284 172.34132 -0.014003058 0.99987267 -0.0076528326 -6.2423454 -0.98485373 -0.012469081 0.17293854 -40.562704
0.18730234 0.0065683717 0.98228031 172.95753 -0.016928862 0.99985072 -0.0034578472 -6.2612516 -0.98215647 -0.015981224 0.18738557 -40.422819
0.19942408 0.0024754033 0.97991011 173.57627 -0.013370618 0.99991059 0.00019516244 -6.2803399 -0.9798221 -0.013140924 0.19943934 -40.28999
0.21043047 0.00063252075 0.97760858 174.21111 -0.00984126 0.99995049 0.0014713577 -6.2949885 -0.97755933 -0.0099305181 0.21042628 -40.152784
0.22004946 0.0042837138 0.97547927 174.80966 -0.015031153 0.99988653 -0.0010001546 -6.3158571 -0.97537294 -0.014442495 0.22008888 -40.001815
0.22901155 0.011156946 0.97335972 175.41835 -0.017337161 0.99982245 -0.0073811918 -6.3321958 -0.97326934 -0.015184915 0.22916432 -39.8444
0.23832241 0.021342578 0.97095151 175.99335 -0.017943314 0.99968462 -0.017569932 -6.348969 -0.97102036 -0.013234779 0.2386302 -39.692738
0.24678624 0.028157842 0.96866073 176.57093 -0.013491636 0.99958072 -0.025619378 -6.362929 -0.96897606 -0.0067463073 0.24706266 -39.542694
0.25296498 0.026819182 0.9671036 177.18477 -0.013126274 0.99961884 -0.024287441 -6.3783297 -0.96738643 -0.0065505941 0.25322059 -39.376167
0.25880876 0.019391484 0.96573388 177.7917 -0.016052385 0.99974674 -0.015772538 -6.4003871 -0.96579523 -0.011420261 0.25905449 -39.197829
0.2633565 0.0086318699 0.96465992 178.4062 -0.020082093 0.99979233 -0.0034637363 -6.4221844 -0.96448958 -0.018460192 0.26347515 -39.02171
0.26519624 -0.00089588996 0.964194 179.0054 -0.019878257 0.99978195 0.006396362 -6.4496449 -0.96398957 -0.020862787 0.2651206 -38.845177
0.26620422 -0.0017627799 0.963915 179.61359 -0.015645654 0.99985869 0.0061493701 -6.4652876 -0.96378971 -0.016718068 0.26613902 -38.684369
0.26753333 0.0018569178 0.96354678 180.21933 -0.015017242 0.99988472 0.0022426614 -6.4653593 -0.96343162 -0.015069801 0.26753037 -38.513193
0.26913407 0.00095102889 0.96310221 180.82235 -0.0098741926 0.99994968 0.0017718794 -6.4776388 -0.96305214 -0.0099867292 0.26912992 -38.340613
0.27078363 -0.00069071401 0.96263995 181.43557 -0.012522573 0.9999126 0.0042399669 -6.4737377 -0.96255883 -0.013202842 0.27075131 -38.165671
0.2731387 -0.005121842 0.96196099 182.05212 -0.01187996 0.99989161 0.0086969886 -6.4912055 -0.96190135 -0.013803542 0.27304824 -37.986319
0.27656472 -0.010784814 0.96093474 182.66468 -0.010012502 0.99985041 0.014103253 -6.4977029 -0.96094317 -0.013521823 0.27641536 -37.807032
0.28060887 -0.013627879 0.95972541 183.28199 -0.0095024273 0.99981075 0.016975445 -6.5065367 -0.95977521 -0.013883181 0.28042626 -37.622802
0.28714662 -0.015104555 0.9577675 183.89249 -0.0079550867 0.99980358 0.018152489 -6.4997036 -0.95785365 -0.012831549 0.28697006 -37.430943
0.29490731 -0.018251772 0.95535149 184.51815 -0.0069854137 0.99974966 0.021256315 -6.5016639 -0.95550037 -0.012942167 0.29470598 -37.234081
0.30431065 -0.020743542 0.95234692 185.13271 -0.0037879136 0.99972861 0.022985967 -6.5064382 -0.95256536 -0.010602282 0.30414948 -37.032067
0.31549685 -0.018720028 0.94874192 185.75328 -0.0055317052 0.99975212 0.021566058 -6.5078241 -0.94891054 -0.012052183 0.31531509 -36.806479
0.32698035 -0.014813112 0.94491499 186.36675 -0.0062734028 0.99982109 0.017844717 -6.5052473 -0.94501035 -0.011762704 0.32682892 -36.589624
0.33826351 -0.011290466 0.94098366 186.97827 -0.0075722788 0.999863 0.014719006 -6.5059253 -0.94102101 -0.012104293 0.33813167 -36.349853
0.34991096 -0.010582731 0.93672314 187.60293 -0.0072522369 0.99987562 0.014005261 -6.5011738 -0.93675493 -0.011693932 0.34979069 -36.111715
0.36120558 -0.014082135 0.93237983 188.22402 -0.0055597574 0.99983567 0.017254809 -6.5037679 -0.93246968 -0.011416338 0.36106792 -35.863573
0.37210115 -0.016220362 0.92805041 188.84702 -0.0046378099 0.99980232 0.01933396 -6.5048476 -0.92818064 -0.01149831 0.37195237 -35.603927
0.38355929 -0.015907183 0.92337921 189.4768 -0.0086587442 0.99974576 0.020819485 -6.5077153 -0.9234757 -0.015980811 0.38332404 -35.327535
0.39304152 -0.017542109 0.91935334 190.09465 -0.010442915 0.99966837 0.023539144 -6.4972529 -0.91946146 -0.01885259 0.39272799 -35.051489
0.40045795 -0.01664852 0.91616384 190.73649 -0.014164527 0.99960299 0.024356132 -6.4981002 -0.91620569 -0.022730634 0.40006314 -34.747132
0.40465122 -0.018377146 0.91428639 191.37718 -0.015434405 0.99951839 0.026921374 -6.4890364 -0.91434088 -0.025005233 0.4041727 -34.458293
0.40660216 -0.024063664 0.91328832 192.01746 -0.0093022175 0.9994922 0.030476407 -6.4810164 -0.913558 -0.020887379 0.40617184 -34.175075
0.40720164 -0.021953381 0.91307437 192.67523 -0.0077505841 0.99959203 0.027490066 -6.478033 -0.91330544 -0.018270859 0.40686536 -33.882717
0.40596855 -0.022170156 0.91361806 193.34504 -0.0048577422 0.99963923 0.026416125 -6.4674583 -0.91387418 -0.015162236 0.40571439 -33.590094
0.40473275 -0.020990696 0.91419403 193.99812 -0.0018920166 0.99971514 0.02379197 -6.4643664 -0.9144331 -0.011359059 0.40457774 -33.295756
0.40486431 -0.022335648 0.9141039 194.67306 0.0011792056 0.99971353 0.023905194 -6.4533583 -0.91437606 -0.0086004429 0.40477467 -33.002984
0.40397192 -0.028676562 0.91432176 195.36102 0.0046065469 0.99955962 0.029314646 -6.4484548 -0.91475983 -0.0076304268 0.40392611 -32.700187
0.40359566 -0.031618777 0.91439091 196.03529 0.005388068 0.99946749 0.032182449 -6.4394692 -0.91492163 -0.0080618954 0.4035511 -32.394639
0.40205676 -0.034224175 0.91497486 196.72369 0.0062122877 0.99938015 0.034651518 -6.4266208 -0.91559371 -0.0082477897 0.40202016 -32.089064
0.39965914 -0.034073111 0.91603031 197.41576 0.0046860366 0.99937181 0.03512863 -6.4187562 -0.91665189 -0.0097469259 0.39956775 -31.787134
0.39865473 -0.034445064 0.91645396 198.09257 0.0038482062 0.99934846 0.035886708 -6.4016197 -0.91709305 -0.010779702 0.39852754 -31.478054
0.39632516 -0.033604821 0.91749497 198.79204 0.0032058592 0.99937448 0.035218981 -6.3963307 -0.91810466 -0.011016808 0.39618498 -31.182288
0.39568893 -0.030603582 0.91787451 199.47734 0.004093957 0.99949347 0.03156003 -6.3913837 -0.91837551 -0.0087302149 0.39561379 -30.877313
0.39474613 -0.024468282 0.91846433 200.16899 0.0026403255 0.99967141 0.02549689 -6.3928905 -0.91878648 -0.007639753 0.39468102 -30.591537
0.3933488 -0.020963371 0.91915025 200.83486 0.00060212172 0.99974567 0.022543861 -6.3766584 -0.91938916 -0.0083141598 0.39326139 -30.286394
0.39234715 -0.023892617 0.91950682 201.54105 6.1672785e-05 0.99966326 0.0259491 -6.3673843 -0.91981726 -0.010124346 0.3922165 -29.989804
0.39082367 -0.026779975 0.92007588 202.23536 -0.0011494871 0.9995617 0.029581781 -6.3614571 -0.92046489 -0.012618875 0.39062159 -29.687914
0.3886051 -0.02674514 0.92101612 202.90442 -0.0044504535 0.9995125 0.030902358 -6.361331 -0.92139369 -0.016107753 0.38829663 -29.393233
0.38415052 -0.026548657 0.92288866 203.60869 -0.007386995 0.99946611 0.031826375 -6.3545458 -0.92324097 -0.019043492 0.38374931 -29.089931
0.37756815 -0.027785745 0.92556479 204.28319 -0.007537079 0.99942436 0.033077653 -6.3446669 -0.92595116 -0.019465123 0.37714138 -28.814138
0.36836303 -0.028031254 0.92925931 204.98767 -0.0069313529 0.99943475 0.03289573 -6.3313177 -0.92965623 -0.018558595 0.36796052 -28.534826
