7.776102008446753588e-01 -6.283946593567102390e-01 2.103634080035366935e-02 -6.595305126391832573e+01 6.274453171809086793e-01 7.777177984098911923e-01 3.830665717888211835e-02 2.571054195673866971e+01 -4.043203544286912837e-02 -1.658849385675501345e-02 9.990445797768546798e-01 -9.055123930167654489e-01 -4.809208017785018303e-24 -1.416202385148814181e-23 -3.430527606006730092e-24 9.999999999999997780e-01
7.495263044056136303e-01 -6.614075808914707810e-01 2.739216938027360521e-02 -6.555574690395687298e+01 6.606759731081579545e-01 7.500058690882546175e-01 3.159833683533186388e-02 2.609071049115292595e+01 -4.144366732871553050e-02 -5.586436472694319630e-03 9.991252244668257232e-01 -9.110707067071166509e-01 -4.809208017785018303e-24 -1.416202385148814181e-23 -3.430527606006730092e-24 9.999999999999997780e-01
7.210594057554360337e-01 -6.927821700256016069e-01 1.123380016910544878e-02 -6.520265176596400636e+01 6.924540511937037346e-01 7.210923376282551978e-01 2.309172144392835843e-02 2.648719802456038508e+01 -2.409814011594038630e-02 -8.871612504831524748e-03 9.996702326940212213e-01 -9.187809472836105940e-01 -1.142292086019619033e-18 -1.047872430592316853e-18 -6.155618350805424805e-20 9.999999999999997780e-01
6.909515749778767368e-01 -7.227519872926172484e-01 -1.467943800591350878e-02 -6.486795331631543604e+01 7.228940600762051583e-01 6.908916967214667748e-01 9.635419444403530570e-03 2.689747521059883084e+01 3.177883278982625032e-03 -1.726928678041500867e-02 9.998458245109407283e-01 -9.269708256493678356e-01 -3.246963075502138102e-18 -1.935331380652152094e-18 -9.137958207364560026e-20 9.999999999999995559e-01
6.561265263041989870e-01 -7.540887094084319786e-01 -2.912387032513561944e-02 -6.452963398465384159e+01 7.541353685187913714e-01 6.566161001933314978e-01 -1.162509853391749219e-02 2.731820900858487278e+01 2.788955770561465583e-02 -1.433580516133668714e-02 9.995082077008486943e-01 -9.480167873683293944e-01 -3.674145119428032071e-18 -3.327057221334450496e-18 -7.496074367130276582e-20 9.999999999999992228e-01
6.187740033162981712e-01 -7.850410233961521156e-01 -2.879799307324708985e-02 -6.419011810011296859e+01 7.843083388047880078e-01 6.194417570336758772e-01 -3.394612384795078763e-02 2.776319002597027463e+01 4.448777923426377318e-02 -1.581527157723443136e-03 9.990086767744584817e-01 -9.616084977286545321e-01 -3.945369012801742941e-18 -4.654851814604627262e-18 -3.242819674798151813e-22 9.999999999999988898e-01
5.861425187895390465e-01 -8.099322513123956568e-01 -2.113518277873693493e-02 -6.386899333813352797e+01 8.090121165529764458e-01 5.864950005734292926e-01 -3.902575525006907187e-02 2.825669029516772568e+01 4.400389684479007885e-02 5.776035526378813477e-03 9.990146617923448824e-01 -9.532801144020670581e-01 -4.108309556308078590e-18 -4.415517850504319347e-18 1.184897127577084409e-19 9.999999999999986677e-01
5.573908959793940632e-01 -8.301144992939720746e-01 -1.501023454868946790e-02 -6.356634785955907319e+01 8.297895759480911071e-01 5.575927507917241011e-01 -2.322894557216682518e-02 2.876359249715422806e+01 2.765228249479931288e-02 4.922666240874693042e-04 9.996174813129281578e-01 -9.239769798984172056e-01 -5.337598372764285605e-18 -2.049873097349723457e-18 2.294504391964102172e-19 9.999999999999984457e-01
5.284821841742194382e-01 -8.489026726381432297e-01 -8.416257972701906773e-03 -6.328006365543460277e+01 8.488571911306441731e-01 5.285440220479383777e-01 -9.093174537449018324e-03 2.927893249790120933e+01 1.216758300709100404e-02 -2.338620361910930499e-03 9.999232374430417902e-01 -8.976571365614272047e-01 -6.719104519877854269e-18 1.385991265710993287e-19 3.175162761631239966e-19 9.999999999999982236e-01
4.986715455507191308e-01 -8.667646929133587808e-01 -6.756979862782756460e-03 -6.301013159976347566e+01 8.667466794802063390e-01 4.987097361271977669e-01 -6.228378758720663246e-03 2.979602097660255922e+01 8.768310446536389108e-03 -2.750674597495939705e-03 9.999577743690871712e-01 -8.894662947288191068e-01 -7.044268868351716724e-18 1.518329158665659947e-18 3.872207972778440992e-19 9.999999999999980016e-01
4.711339516559616691e-01 -8.820467201137546231e-01 -5.136451460271887655e-03 -6.274739353348931559e+01 8.819091514929930931e-01 4.711527854352288158e-01 -1.585248527892139936e-02 3.031773426665188964e+01 1.640268605868473381e-02 2.938760484011768929e-03 9.998611481485240038e-01 -8.882004334540321011e-01 -6.543948642613033638e-18 2.266245056449432986e-18 4.617260048073766502e-19 9.999999999999978906e-01
4.457099365479665343e-01 -8.951560480588404145e-01 -6.188867916200814674e-03 -6.250058344981954406e+01 8.948767011316164366e-01 4.457287423970091589e-01 -2.283808163923377668e-02 3.085602121688670962e+01 2.320220321857160636e-02 4.640886213709832266e-03 9.997200207762985125e-01 -8.827012521714990845e-01 -6.669884236510798056e-18 3.446757852297399725e-18 5.328692686254784612e-19 9.999999999999977796e-01
4.226391815755130565e-01 -9.062740688722211724e-01 -6.590469404101574960e-03 -6.226238979695331466e+01 9.060014056957463868e-01 4.226757178780881086e-01 -2.250978439607817516e-02 3.141088753469599126e+01 2.318566528060293785e-02 3.542542310287664139e-03 9.997248998196871517e-01 -8.766418929401318394e-01 -7.403723609500996690e-18 4.991853294252565815e-18 6.238551198374338106e-19 9.999999999999976685e-01
4.031175927226321454e-01 -9.151314467920232953e-01 -5.535479188453419803e-03 -6.203137068673961352e+01 9.150165078296778054e-01 4.031548220458633924e-01 -1.452514579383859181e-02 3.199013754954244249e+01 1.552407281234066162e-02 7.902869701738431335e-04 9.998791820064220071e-01 -8.649091022614437962e-01 -7.366481307113209410e-18 7.063733520469681927e-18 7.144614284196133473e-19 9.999999999999973355e-01
3.858673839777516101e-01 -9.225505961561382140e-01 -2.599906559282440157e-03 -6.180273652825594155e+01 9.225344188014822366e-01 3.858760356739617814e-01 -5.470943167323687704e-03 3.257321346416002683e+01 6.050463516769962607e-03 -2.874447587407291888e-04 9.999816544650976802e-01 -8.572442597488213467e-01 -6.940843110432958481e-18 1.117155953885092548e-17 8.129556965826854179e-19 9.999999999999972244e-01
3.695603476525338715e-01 -9.292062077256710850e-01 9.863909018382867409e-04 -6.157968301151019119e+01 9.292057972014705625e-01 3.695612731042351440e-01 1.025606520889165872e-03 3.315865495487590664e+01 -1.317531823355467830e-03 5.375366418792325166e-04 9.999989875816203133e-01 -8.550947253426186556e-01 -6.492630234148441666e-18 1.544883761698239304e-17 9.164852286066896483e-19 9.999999999999972244e-01
3.553560720487397573e-01 -9.347300756668971422e-01 1.322006748486313429e-03 -6.136460580863474235e+01 9.347252365232758820e-01 3.553584926899308605e-01 3.012288104184618516e-03 3.375777511867749325e+01 -3.285462613022593469e-03 1.652782020807863617e-04 9.999945891946357968e-01 -8.544090010809486380e-01 -5.961327302208377211e-18 2.020394934922088341e-17 1.020908347470589866e-18 9.999999999999972244e-01
3.424392446852684846e-01 -9.395399612254677901e-01 -1.579867850035829042e-04 -6.115970243708039078e+01 9.395383227016680383e-01 3.424383224876234033e-01 1.932735566941649755e-03 3.435811997991916655e+01 -1.761781569991284230e-03 -8.102791467125347114e-04 9.999981197849423520e-01 -8.582175366507758252e-01 -6.197401459145157851e-18 2.269902239192050442e-17 1.128014505035580475e-18 9.999999999999972244e-01
3.301995948620841670e-01 -9.438984046001377415e-01 -4.901973707100076849e-03 -6.096302309812257647e+01 9.439111162491181650e-01 3.301941492643038489e-01 1.904839346339194488e-03 3.497254467919866983e+01 -1.793717820969399461e-04 -5.256004654132707954e-03 9.999861710248085789e-01 -8.626404789415017538e-01 -7.028759535338504562e-18 2.475595406906444327e-17 1.236123739833473880e-18 9.999999999999968914e-01
3.197675893530264046e-01 -9.474640962062372829e-01 -7.776580189728750023e-03 -6.076796284109418167e+01 9.474959790407302407e-01 3.197589036251822781e-01 2.369230683932998290e-03 3.559759537614521463e+01 2.418697467646535571e-04 -8.125881644879805535e-03 9.999669552272915096e-01 -8.670948314929305401e-01 -7.724377368379854981e-18 2.473222021933770361e-17 1.345846244997274623e-18 9.999999999999963363e-01
3.116251143410367352e-01 -9.501549163954848831e-01 -9.768467711015898364e-03 -6.057074848091093600e+01 9.502049925333178049e-01 3.116141213818280908e-01 2.666743360285031041e-03 3.622949366466472298e+01 5.101731684755779397e-04 -1.011307099297641121e-02 9.999487314449942987e-01 -8.700880987774244346e-01 -8.264367693904267872e-18 2.534592685674680468e-17 1.456879642025627903e-18 9.999999999999956701e-01
3.056643046491754334e-01 -9.520695918005445124e-01 -1.152498295349703959e-02 -6.037499979115163029e+01 9.521378014310547533e-01 3.056632137927857151e-01 1.899162936689183278e-03 3.686907074390936145e+01 1.714628046577084146e-03 -1.155387824933326070e-02 9.999317816471723352e-01 -8.701150403145878620e-01 -9.202190668811034723e-18 2.469613232174078020e-17 1.569169976311754351e-18 9.999999999999945599e-01
3.010592846238274722e-01 -9.535142042208328839e-01 -1.318974946313259018e-02 -6.017651478682536492e+01 9.536027095722704461e-01 3.010626378803513692e-01 1.777742641939712232e-03 3.751665404046966756e+01 2.275837905813682914e-03 -1.311298675465200764e-02 9.999114311478932704e-01 -8.709418985016426085e-01 -1.107652290791464634e-17 2.516479264310558833e-17 1.682277211055189185e-18 9.999999999999934497e-01
2.977930641172989445e-01 -9.545399085384602689e-01 -1.314739407710606781e-02 -5.997701618240974852e+01 9.546273465866095265e-01 2.977989559218775506e-01 1.552739771080339799e-03 3.817266786255897415e+01 2.433128150185289232e-03 -1.301325705656493532e-02 9.999123636740453458e-01 -8.755783103967906822e-01 -1.244164531203442227e-17 2.438131337445106764e-17 1.796861698846768194e-18 9.999999999999922284e-01
2.955599291005415186e-01 -9.552459395276873266e-01 -1.222797309248253687e-02 -5.977558265048047303e+01 9.553158550080096401e-01 2.955866369764184598e-01 -3.964987120872526184e-04 3.883007226577088744e+01 3.993179228194961537e-03 -1.156438743862877282e-02 9.999251569306850662e-01 -8.810367775152500025e-01 -1.265187057032229147e-17 2.280903794082190058e-17 1.900516083199218247e-18 9.999999999999908962e-01
2.948260509327880752e-01 -9.554825901531432963e-01 -1.142889345562028355e-02 -5.956989016886252841e+01 9.555382738736397652e-01 2.948626379535378428e-01 -1.622313657292387195e-03 3.950006722508439339e+01 4.920046128525226020e-03 -1.044244479591710344e-02 9.999333720267635783e-01 -8.792481189625084292e-01 -1.186653990061679609e-17 1.755124963688774414e-17 1.995934856398457658e-18 9.999999999999894529e-01
2.944456037671737691e-01 -9.556024496050553596e-01 -1.121359581068684386e-02 -5.936331721280217977e+01 9.556571781118524678e-01 2.944783832869146134e-01 -1.356355391607573036e-03 4.017994477809581610e+01 4.598298099919777109e-03 -1.031698044672489656e-02 9.999362057496892220e-01 -8.782789421837419175e-01 -1.110054756069373268e-17 1.295889029656679530e-17 2.100538375147105282e-18 9.999999999999880096e-01
2.933852727221318291e-01 -9.559111526749644039e-01 -1.260753510348335514e-02 -5.915758981014656115e+01 9.559896171552558775e-01 2.933995569583225937e-01 7.428781429485607421e-04 4.086735218197869557e+01 2.988919711776177966e-03 -1.227062216342046132e-02 9.999202459150029476e-01 -8.786256433272575661e-01 -1.095833655266983097e-17 6.914918726212908379e-18 2.238456865655518231e-18 9.999999999999864553e-01
2.929049920499336435e-01 -9.560783578509910452e-01 -1.099269217190093975e-02 -5.894868067122430944e+01 9.561412812439277209e-01 2.928769138909048664e-01 4.118690433100043180e-03 4.156400934296560479e+01 -7.182850271150629465e-04 -1.171695176612633227e-02 9.999310961801182174e-01 -8.792559212931519985e-01 -1.092806739249854802e-17 1.772167315416176453e-18 2.370024006071762178e-18 9.999999999999850120e-01
2.924175594631877040e-01 -9.562664153182403037e-01 -6.820106450924011063e-03 -5.873123898855756408e+01 9.562867928546802121e-01 2.923884377288925029e-01 4.956944027034171363e-03 4.226814560554021938e+01 -2.746038825334038650e-03 -7.971475199664028802e-03 9.999644567953177576e-01 -8.829890167102796283e-01 -1.108036272660305199e-17 -2.141541233787902306e-18 2.517548498893524070e-18 9.999999999999839018e-01
2.917811318742218329e-01 -9.564822558389638463e-01 -2.337808249579473221e-03 -5.850999798945057506e+01 9.564843230032782362e-01 2.917768783379091069e-01 1.998278324469801755e-03 4.296957437954947778e+01 -1.229199366367712690e-03 -2.819136852225348749e-03 9.999952707570027854e-01 -8.897929354259147550e-01 -1.089126820740025586e-17 -8.833674620193382393e-18 2.664427962463119691e-18 9.999999999999826805e-01
2.914898249838815403e-01 -9.565738826380997262e-01 -2.983044496477767985e-04 -5.828825822645001864e+01 9.565696346030556629e-01 2.914894366121811853e-01 -2.905597839275443194e-03 4.367796275864397870e+01 2.866371602467244865e-03 5.616032272426367458e-04 9.999957342487506562e-01 -8.900098490023430342e-01 -1.015318134439287525e-17 -1.592426913687147987e-17 2.820653742685413779e-18 9.999999999999815703e-01
2.912575397120760190e-01 -9.566369894759494397e-01 -3.836134417422994332e-03 -5.807133898826680252e+01 9.566237955591219144e-01 2.912753366332904714e-01 -5.439856536140088780e-03 4.440501898644644285e+01 6.321339323719214233e-03 -2.085338235568640064e-03 9.999778457714171287e-01 -8.892676286275638109e-01 -8.831306379434100790e-18 -2.552289643411820539e-17 3.002424883083318157e-18 9.999999999999804601e-01
2.908824910833436861e-01 -9.567049461129246701e-01 -1.014999823753277505e-02 -5.785378438126322465e+01 9.567101287185497682e-01 2.909583208691648437e-01 -6.998937365048522007e-03 4.514388295417724351e+01 9.649144438693494849e-03 -7.674737784642837735e-03 9.999239933172848760e-01 -8.925002676520907841e-01 -7.542360804933971103e-18 -3.847623253182693119e-17 3.148352363559633010e-18 9.999999999999791278e-01
2.903287947881875719e-01 -9.568848460815134738e-01 -8.976762022239816868e-03 -5.762850622207062656e+01 9.568760219854690607e-01 2.903973512258012368e-01 -7.593217381768985544e-03 4.588051019976701639e+01 9.872662559459661688e-03 -6.385118683138684900e-03 9.999308780077935666e-01 -8.926117966560599415e-01 -5.627375590822419818e-18 -5.049789201886734115e-17 3.216088485527694577e-18 9.999999999999777955e-01
2.896578186885414574e-01 -9.571203031444950327e-01 -4.367308231912998655e-03 -5.739257213426296289e+01 9.570940657588041800e-01 2.896835331061410335e-01 -7.375631249256744265e-03 4.662446585558573986e+01 8.324503695954027505e-03 -2.043515532993869614e-03 9.999632626664496371e-01 -8.954990245320033626e-01 -4.625837251627135382e-18 -6.200278846013861939e-17 3.326435320501263313e-18 9.999999999999764633e-01
2.900826516321386994e-01 -9.569900850819156313e-01 -4.693855236543060562e-03 -5.716240574577208378e+01 9.569891534501205888e-01 2.901004019736480033e-01 -3.676540961998531025e-03 4.738782848740350317e+01 4.880102538956933647e-03 -3.425467798147026517e-03 9.999822252268402156e-01 -8.906509719988808804e-01 -3.857273192243343750e-18 -7.839764295265847732e-17 3.488986219872475900e-18 9.999999999999750200e-01
2.912578801263718820e-01 -9.566230596946646569e-01 -6.416301482739433619e-03 -5.693344488692728333e+01 9.566445621037139579e-01 2.912501290946961641e-01 2.131689378729198156e-03 4.815913198158834518e+01 -1.704745806402085701e-04 -6.758991251818132970e-03 9.999771432266472138e-01 -8.884851803087624456e-01 -3.323854593832826792e-18 -9.339713381451653056e-17 3.625572514149402598e-18 9.999999999999735767e-01
2.910953336878641107e-01 -9.566564426191357384e-01 -8.482776695116151303e-03 -5.669795972603047574e+01 9.566822213691718035e-01 2.910361980691429373e-01 7.553722889574891741e-03 4.894071654194536336e+01 -4.757522589654897965e-03 -1.031417513718961738e-02 9.999354898042676076e-01 -8.971450288537367035e-01 -1.598216159090662463e-18 -1.079072863756903619e-16 3.712515224624785174e-18 9.999999999999720224e-01
2.908422699782210463e-01 -9.567624970207823099e-01 -4.037113880102641966e-03 -5.645390092084451084e+01 9.567400620918768972e-01 2.907963315405552862e-01 9.270768623420317517e-03 4.972462482944912665e+01 -7.695945831099721204e-03 -6.558799975200300426e-03 9.999488759735190024e-01 -9.116649657406178386e-01 -5.199126435823668682e-19 -1.231895043783557665e-16 3.753110010481231440e-18 9.999999999999702460e-01
2.902646925837627512e-01 -9.569441373020587394e-01 2.079981365390174558e-03 -5.620801575601290523e+01 9.569121159108443520e-01 2.902720064716675097e-01 7.833561247597440116e-03 5.050545820794388163e+01 -8.100040874440198393e-03 -2.834468779593881564e-04 9.999671539584462643e-01 -9.221621226124917525e-01 -1.728120339794239765e-19 -1.399836924775405971e-16 3.841400267696492519e-18 9.999999999999684697e-01
2.894782618400349450e-01 -9.571840690007900054e-01 9.969820317355889729e-04 -5.596903744712815154e+01 9.571651547920227987e-01 2.894788647737601694e-01 6.070691981080367575e-03 5.129711685713717628e+01 -6.099374878847599150e-03 -8.030569021183063972e-04 9.999810761838223705e-01 -9.235656993370328083e-01 -1.082289938951066892e-18 -1.563824854254663215e-16 4.029978472722924613e-18 9.999999999999669154e-01
2.900558693403827437e-01 -9.569844097113040515e-01 -6.959326886246731438e-03 -5.573926817999141292e+01 9.570047509393595497e-01 2.900232760944188026e-01 5.329728212562346787e-03 5.210876785867673533e+01 -3.082100024459454371e-03 -8.206027843521130835e-03 9.999615801452214070e-01 -9.343413607827825151e-01 -2.125048968754624526e-18 -1.701893580471881188e-16 4.210091784589148889e-18 9.999999999999653610e-01
2.893774919993618577e-01 -9.571701118888883419e-01 -9.275992172243759451e-03 -5.549485393745186457e+01 9.572139618327595301e-01 2.893782380327899473e-01 1.290978438705091052e-03 5.291005355152487510e+01 1.448584294187940658e-03 -9.252689319941170484e-03 9.999561437102884032e-01 -9.437994380002902028e-01 -2.950834149794669997e-18 -1.857045191627647535e-16 4.276567088244887436e-18 9.999999999999638067e-01
2.885147203140645544e-01 -9.574390874653271322e-01 -8.345654897347013629e-03 -5.524694080722077416e+01 9.574596570480602420e-01 2.885490768492041114e-01 -3.230383063332485389e-03 5.371343225725588155e+01 5.501026028651202077e-03 -7.058614809830904974e-03 9.999599565330906659e-01 -9.469138617933861024e-01 -3.595019352224651314e-18 -2.009437913903183131e-16 4.319314060185550259e-18 9.999999999999621414e-01
2.886758822378683864e-01 -9.573710481633069813e-01 -1.033978495357253981e-02 -5.500538913903263705e+01 9.574009742962882319e-01 2.887306843157542158e-01 -4.238673250163763929e-03 5.452592851323332468e+01 7.043396237652919424e-03 -8.675717448555645209e-03 9.999375592987079786e-01 -9.441356476937745601e-01 -4.199775634415310227e-18 -2.150349686916656424e-16 4.393286547829903175e-18 9.999999999999604761e-01
2.888719913698517550e-01 -9.572335325222729452e-01 -1.602924879565356675e-02 -5.476911697114206845e+01 9.573527578766588553e-01 2.889206225949336182e-01 -7.555297178759731941e-04 5.535318694180458721e+01 5.354398922536906906e-03 -1.512739416706856965e-02 9.998712378891398966e-01 -9.414873738105415946e-01 -5.862055822000375038e-18 -2.261464839194751581e-16 4.482567542248132191e-18 9.999999999999590328e-01
2.890470994593966059e-01 -9.572267620674570487e-01 -1.298846703682945102e-02 -5.452021366638261668e+01 9.573148703479312793e-01 2.890188575214334699e-01 4.042153828052394600e-03 5.618208590170726069e+01 -1.153459166656685837e-04 -1.360242547694809866e-02 9.999074760779296245e-01 -9.418271135925089244e-01 -7.495747299222576778e-18 -2.373055185649099827e-16 4.490372130277169319e-18 9.999999999999575895e-01
2.881055727241245146e-01 -9.575766966784018397e-01 -6.484515694201420898e-03 -5.426432562804868098e+01 9.575835036429732883e-01 2.880563201986655608e-01 7.575615109640622055e-03 5.701004367917696669e+01 -5.386326762853760504e-03 -8.392042187781301524e-03 9.999502793199258610e-01 -9.468820805897962822e-01 -1.005574020340621910e-17 -2.468125447252448708e-16 4.486752129328894584e-18 9.999999999999560352e-01
2.876619172828587256e-01 -9.576843483621398923e-01 -9.555639556645722024e-03 -5.401587769991902377e+01 9.577007809943990368e-01 2.875576322057888934e-01 1.094633467207968905e-02 5.784881134612633247e+01 -7.735336302262347738e-03 -1.230028708529035293e-02 9.998944281822899072e-01 -9.576043159633944590e-01 -1.217940217354701780e-17 -2.588497410777719456e-16 4.544412264716771856e-18 9.999999999999544809e-01
2.881282432712130581e-01 -9.575308984990220651e-01 -1.080249272631545951e-02 -5.377092505069747830e+01 9.575647334882917416e-01 2.880168906048135580e-01 1.077273900473489990e-02 5.868047760362033927e+01 -7.203930092683564698e-03 -1.344801643313647301e-02 9.998836203505458986e-01 -9.702210337073633450e-01 -1.401788712110112381e-17 -2.676214805914530764e-16 4.562620374058179970e-18 9.999999999999531486e-01
2.863406107950035584e-01 -9.581060517394104359e-01 -6.469020780857232845e-03 -5.351483832992609280e+01 9.581247294239815249e-01 2.863157959644118122e-01 4.501982598551701117e-03 5.950763766966275625e+01 -2.461193938515968474e-03 -7.487229232353835584e-03 9.999689414791359532e-01 -9.696266341101105191e-01 -1.583054318390519653e-17 -2.722333799585533179e-16 4.623014556562177996e-18 9.999999999999520384e-01
2.858398765932246843e-01 -9.582607499041905230e-01 -5.648021089544394933e-03 -5.325982054435797863e+01 9.582748624272932059e-01 2.858477057987052206e-01 -6.141086203267103914e-04 6.034687587115673324e+01 2.202950057785725817e-03 -5.236819900319532664e-03 9.999838612340010702e-01 -9.733755904602628961e-01 -1.752585721626164529e-17 -2.749143458589926817e-16 4.694049864275308052e-18 9.999999999999511502e-01
2.858637979517795191e-01 -9.582348806305539535e-01 -8.234231204537619322e-03 -5.301354365448687389e+01 9.582628865684105213e-01 2.858847509723278502e-01 -1.466078747243921686e-03 6.119400387641744032e+01 3.758888930717892238e-03 -7.471459323947319230e-03 9.999650234131528537e-01 -9.798357269273274550e-01 -1.843577864815503972e-17 -2.808018815665652011e-16 4.753221570816313634e-18 9.999999999999500400e-01
2.852315671304875844e-01 -9.584366662811824034e-01 -6.489209512383074460e-03 -5.276254705488587149e+01 9.584584014374201155e-01 2.852296770402980575e-01 1.234523930095911487e-03 6.204115165930459597e+01 6.677021334586715753e-04 -6.571762571071199099e-03 9.999781828173368581e-01 -9.837546334501829914e-01 -2.048576603974946887e-17 -2.870334099443099003e-16 4.803321885577602841e-18 9.999999999999488187e-01
2.845003996924638789e-01 -9.586732680320224631e-01 -2.255600945270407488e-03 -5.250758984812533470e+01 9.586694012474931137e-01 2.844889995684942163e-01 4.357549323572844358e-03 6.289042244608686616e+01 -3.535772394293714826e-03 -3.402100131889998404e-03 9.999879619417243459e-01 -9.875192668099991300e-01 -2.260266196043840140e-17 -2.914922984599730298e-16 4.848956910982495268e-18 9.999999999999477085e-01
2.836854506167487133e-01 -9.589173918874340785e-01 2.538039557517837822e-05 -5.225584363060808357e+01 9.588966755514355400e-01 2.836794956916461885e-01 6.565770354763402102e-03 6.374483473291726909e+01 -6.303231282137482065e-03 -1.838276344793835860e-03 9.999784447754771488e-01 -9.883197558740300925e-01 -2.606121114913634552e-17 -2.923179287992486487e-16 4.908465078251893213e-18 9.999999999999467093e-01
2.835044656024880982e-01 -9.589564895387220345e-01 -5.260147812250351787e-03 -5.201206657367477959e+01 9.589641928491885459e-01 2.834776732832449686e-01 5.299583269616772556e-03 6.459558081132414031e+01 -3.590935305305982712e-03 -6.546748923808712491e-03 9.999721222425460576e-01 -9.886970368432865808e-01 -2.974981358296073020e-17 -2.926010690520015595e-16 4.966855786284336576e-18 9.999999999999455991e-01
2.835857812279639067e-01 -9.589366415683033829e-01 -4.429688816952028797e-03 -5.175913201357944615e+01 9.589462731022962982e-01 2.835877440110040060e-01 1.917022994039925673e-04 6.544527067259402031e+01 1.072375099099383191e-03 -4.302197628356606990e-03 9.999901705053474421e-01 -9.961230673876483310e-01 -3.252953684304188776e-17 -2.947570469888328460e-16 5.027724300676332042e-18 9.999999999999443778e-01
2.831267564316636842e-01 -9.590776280449626601e-01 -3.056660942611246976e-03 -5.150691536836181683e+01 9.590728298704499499e-01 2.831367751513685360e-01 -3.587974494419443605e-03 6.629683306125112097e+01 4.306599189615890194e-03 -1.915708879417774187e-03 9.999888915698064151e-01 -1.005092508627344339e+00 -3.566144058238388116e-17 -2.971054525628969058e-16 5.110405886081241802e-18 9.999999999999431566e-01
2.836699460562978614e-01 -9.589090516560153654e-01 -4.979192360322204705e-03 -5.126092156371593234e+01 9.589203154066934243e-01 2.836753017557716583e-01 -3.897100168980903293e-04 6.715574431236227326e+01 1.786170358039840733e-03 -4.664099689157289938e-03 9.999875278070436968e-01 -1.009823548756199507e+00 -3.940625260132870149e-17 -2.981748405075517632e-16 5.223086079207487651e-18 9.999999999999420464e-01
2.839390545916307684e-01 -9.588286489417413572e-01 -5.122035351957826207e-03 -5.101160166628655901e+01 9.588333831577073862e-01 2.839092778731946431e-01 5.836546895268055618e-03 6.802002277416498544e+01 -4.142055016057783097e-03 -6.568402092690699828e-03 9.999698492826146756e-01 -1.000116687633511248e+00 -4.279749915215404870e-17 -2.976046124421880346e-16 5.324962574209264307e-18 9.999999999999411582e-01
2.832264901921803246e-01 -9.590452404598226455e-01 -3.870659473297593644e-03 -5.075705664954546137e+01 9.590205748845304079e-01 2.831813790231565986e-01 9.372487528908119217e-03 6.887780323654229164e+01 -7.892540868488340244e-03 -6.366578820444008212e-03 9.999485859147287936e-01 -9.948177237953615970e-01 -4.712325997584530761e-17 -2.985240604908160674e-16 5.409401979550278319e-18 9.999999999999401590e-01
2.833135421442560253e-01 -9.590176342801949305e-01 -4.314391877111607189e-03 -5.050950782319485199e+01 9.589854908785615528e-01 2.832562863982558965e-01 1.061623756624025840e-02 6.972521581490821063e+01 -8.959080414551864532e-03 -7.145163081247921100e-03 9.999343386056769312e-01 -1.000523289807315974e+00 -4.993875816847337206e-17 -3.016723201186522784e-16 5.471263038906810779e-18 9.999999999999391598e-01
2.836624768270217811e-01 -9.589105714995092011e-01 -5.110294200757798007e-03 -5.025557619191264536e+01 9.588680996632051867e-01 2.835842181922859639e-01 1.232715053573721180e-02 7.058994859785910592e+01 -1.037143617952641754e-02 -8.396848142184245439e-03 9.999109591623431825e-01 -1.018765998526598882e+00 -5.296067616748933717e-17 -3.061209185686579515e-16 5.518094430655933548e-18 9.999999999999381606e-01
2.837260981096459966e-01 -9.588747137152501265e-01 -7.667114773206087745e-03 -5.001096242725714802e+01 9.588550389226200288e-01 2.836202199085151587e-01 1.251340047836068531e-02 7.144495923292683415e+01 -9.824234523248272233e-03 -1.090202992609223993e-02 9.998923092811698998e-01 -1.030601540409016526e+00 -5.598238368760621939e-17 -3.093990244141480474e-16 5.564728207693521211e-18 9.999999999999371614e-01
2.838842608764237663e-01 -9.588062698212919122e-01 -1.001316024032199853e-02 -4.976487075426068429e+01 9.588399293688816272e-01 2.837981804881158365e-01 9.196879867482835383e-03 7.229241700067167642e+01 -5.976309422593147937e-03 -1.221186730113605484e-02 9.999075727400079661e-01 -1.039038077184025299e+00 -5.990165711426758389e-17 -3.122846987242906879e-16 5.593509905119070594e-18 9.999999999999361622e-01
2.838362345196369096e-01 -9.588201604022027480e-01 -1.004449998648841540e-02 -4.951235864787719265e+01 9.588703112200511747e-01 2.838436627587097028e-01 7.080764541110432311e-04 7.313316362025437911e+01 2.172149687439160672e-03 -9.832350582577420450e-03 9.999493020387922870e-01 -1.037169958259071212e+00 -6.238711333252966025e-17 -3.155471108441318998e-16 5.595980784362981210e-18 9.999999999999351630e-01
2.835025692118262053e-01 -9.589227489759993839e-01 -9.667199520831466081e-03 -4.926045458905062446e+01 9.589299238644750645e-01 2.835697232493604170e-01 -6.450827337271875482e-03 7.397683888341543934e+01 8.927170176146229444e-03 -7.441340776831561164e-03 9.999324637595294885e-01 -1.034790442746477357e+00 -6.492818111215908890e-17 -3.151791947817668792e-16 5.621311034190409833e-18 9.999999999999340528e-01
2.836342161867722589e-01 -9.588772897023469799e-01 -1.029440144758661177e-02 -4.900956074434219545e+01 9.588950812177173821e-01 2.837016875230710666e-01 -5.794455350612292242e-03 7.483013054245581941e+01 8.476710704618408906e-03 -8.227745110567365877e-03 9.999302223586113980e-01 -1.029928089604651653e+00 -6.800996977901033045e-17 -3.162359881632506029e-16 5.651114740630454859e-18 9.999999999999328315e-01
2.838697764452534633e-01 -9.588215514886719859e-01 -8.898450524854748661e-03 -4.875641270312607389e+01 9.588597486417189675e-01 2.838802098408734209e-01 9.431448035090219404e-05 7.568987450446397247e+01 2.435663245879351405e-03 -8.559139064011607109e-03 9.999604035576382666e-01 -1.022323363607123614e+00 -7.190680824441915841e-17 -3.160808261100442423e-16 5.677975559064994006e-18 9.999999999999317213e-01
2.835844796401429391e-01 -9.589148494380441701e-01 -7.883808369495464569e-03 -4.850509847196900637e+01 9.589349750299892561e-01 2.835296531171964673e-01 7.392527798768454457e-03 7.655054113585219966e+01 -4.853511228872947961e-03 -9.656465730977996376e-03 9.999415963437364718e-01 -1.017933454655637338e+00 -7.561454676321469200e-17 -3.161668600066890390e-16 5.676700903811053154e-18 9.999999999999307221e-01
2.833930588164890185e-01 -9.589723341522647937e-01 -7.774094490978177875e-03 -4.825525752960614057e+01 9.589620228648630951e-01 2.832956827459745530e-01 1.163592884997686344e-02 7.740129094441981294e+01 -8.956166442733608235e-03 -1.075260284797231909e-02 9.999020795131742245e-01 -1.022280178827324582e+00 -8.041951171570908654e-17 -3.159621327633439779e-16 5.657369671914503313e-18 9.999999999999298339e-01
2.832267474721713030e-01 -9.590230488648604501e-01 -7.576362071970751087e-03 -4.800351752146536199e+01 9.590098289776520790e-01 2.831302340327461198e-01 1.172256373827038241e-02 7.825499320249470259e+01 -9.097111650229602539e-03 -1.058594929453407149e-02 9.999025853738389147e-01 -1.030577858807971703e+00 -8.540613810992490170e-17 -3.158884709362072746e-16 5.612700334867245141e-18 9.999999999999289457e-01
2.838534007191582664e-01 -9.588106030535632485e-01 -1.046300015263033380e-02 -4.775624368673054931e+01 9.588484044865619449e-01 2.837615861103067183e-01 9.439251110085910071e-03 7.910670758720107187e+01 -6.081456530447700362e-03 -1.271179453032723200e-02 9.999007081537755193e-01 -1.042365633334123798e+00 -8.957585130098998509e-17 -3.187978719204738987e-16 5.570126777663529019e-18 9.999999999999279465e-01
2.841657160434758467e-01 -9.586849846439419176e-01 -1.315089516747901949e-02 -4.750842562694080584e+01 9.587691020011527288e-01 2.840883423232764549e-01 7.458069703254018717e-03 7.995982157721100236e+01 -3.413923430736364676e-03 -1.472799966775742257e-02 9.998857090451563900e-01 -1.053302266217146288e+00 -9.447388401592014303e-17 -3.202138727182213336e-16 5.536064636067515784e-18 9.999999999999268363e-01
2.834260504230083355e-01 -9.589035116117472501e-01 -1.318064339235306727e-02 -4.725464985182635047e+01 9.589899307229940995e-01 2.833575452708899101e-01 6.842098343858418752e-03 8.081603877389355262e+01 -2.826077371965687174e-03 -1.457933320391751643e-02 9.998897220844713551e-01 -1.059557916059096661e+00 -9.896924819394406045e-17 -3.198768375504857772e-16 5.531250683074901014e-18 9.999999999999258371e-01
2.825172024688973882e-01 -9.591754474146191312e-01 -1.290315411341828866e-02 -4.700383962089880185e+01 9.592523922290115967e-01 2.824278192112144037e-01 8.329161920796123234e-03 8.167019722114876856e+01 -4.344917934764233255e-03 -1.473051297536443101e-02 9.998820598829500916e-01 -1.064842082609746443e+00 -1.046122525672497528e-16 -3.206945698855279071e-16 5.525824524402224842e-18 9.999999999999246159e-01
2.823797924968450279e-01 -9.591993847850870392e-01 -1.407810418025245459e-02 -4.675780350135405428e+01 9.592711927073552802e-01 2.822211898022273235e-01 1.224658598189283867e-02 8.252460528725916333e+01 -7.773778427632813993e-03 -1.696290819640516867e-02 9.998258989017193565e-01 -1.066662431828782953e+00 -1.105567918664050416e-16 -3.244744309837290889e-16 5.462652236623974372e-18 9.999999999999230615e-01
2.821684899861324758e-01 -9.592644177370611702e-01 -1.388236732269658436e-02 -4.650669446194228840e+01 9.593192836446077232e-01 2.819844865755488095e-01 1.382972733319315015e-02 8.337655112386765666e+01 -9.351753115787829820e-03 -1.721993595382178069e-02 9.998079908260208981e-01 -1.069304285655867437e+00 -1.159055330886942148e-16 -3.300485390189483458e-16 5.337574610478569372e-18 9.999999999999215072e-01
2.811142235077572771e-01 -9.595942404432391548e-01 -1.239705810876692328e-02 -4.625227942961955563e+01 9.596331616046299695e-01 2.809590793590199809e-01 1.289150395514634430e-02 8.422964574855875242e+01 -8.887546913004027924e-03 -1.552061319170439796e-02 9.998400482458104088e-01 -1.079274622852981702e+00 -1.215461780177245763e-16 -3.338545808984939394e-16 5.162485880020993961e-18 9.999999999999199529e-01
2.805540029825697168e-01 -9.597272581949713999e-01 -1.459593395354989893e-02 -4.601289686708096127e+01 9.598103126436405841e-01 2.803973946337412482e-01 1.189389865941881813e-02 8.507982446792986764e+01 -7.322236896825219318e-03 -1.734620881124544073e-02 9.998227312313267001e-01 -1.093696557877531950e+00 -1.259237294125206919e-16 -3.398571268604942670e-16 4.973390905249123015e-18 9.999999999999185096e-01
2.798287259008369610e-01 -9.599471836290135451e-01 -1.404595327472864079e-02 -4.576551775884286144e+01 9.600251297071301648e-01 2.796863675141971761e-01 1.128211670374462683e-02 8.593536871114780240e+01 -6.901774505444399285e-03 -1.664152845709870876e-02 9.998376993489784814e-01 -1.105648232300090017e+00 -1.305523748941669758e-16 -3.429083220018339351e-16 4.793851426387722882e-18 9.999999999999169553e-01
2.784297658851601631e-01 -9.604099357475346377e-01 -9.466825577101423833e-03 -4.551128850119720681e+01 9.604406302442500820e-01 2.783547879052981622e-01 8.509278819135712713e-03 8.678137323201981701e+01 -5.537259698287634417e-03 -1.146156043314064399e-02 9.999189824118986936e-01 -1.104579321322993080e+00 -1.377661445301084662e-16 -3.441226796432551776e-16 4.653131932109283202e-18 9.999999999999154010e-01
2.770769911729371038e-01 -9.607392333497279946e-01 -1.443836781237922522e-02 -4.527228652364596684e+01 9.608470200631588076e-01 2.770273682006185179e-01 5.370409983098347120e-03 8.763157019640500778e+01 -1.159740533754394015e-03 -1.536107972657575239e-02 9.998813390756470243e-01 -1.107484616151050760e+00 -1.455497893513512142e-16 -3.419689274221826277e-16 4.489638827903300346e-18 9.999999999999137357e-01
2.764217322411097744e-01 -9.607898426670619108e-01 -2.176934019633445030e-02 -4.503983435258485457e+01 9.610277445579467059e-01 2.764446292559482599e-01 2.010259985598463004e-03 8.848390596963609767e+01 4.086579804443937584e-03 -2.147661945686529100e-02 9.997609987804048082e-01 -1.117065211897979360e+00 -1.528339193284687632e-16 -3.353655584946132095e-16 4.422376184762944275e-18 9.999999999999121814e-01
2.750232509803741121e-01 -9.611567652316338473e-01 -2.323540551843635352e-02 -4.480391645334244544e+01 9.614241553307303345e-01 2.750667771335636447e-01 1.364427994071861806e-03 8.933236868040123113e+01 5.079858914178713228e-03 -2.271432954698103523e-02 9.997290904374216414e-01 -1.121598724050439921e+00 -1.589257684638127006e-16 -3.313321818524203885e-16 4.388884801915752705e-18 9.999999999999104050e-01
2.737573805839879082e-01 -9.615598657198011212e-01 -2.143644589643967785e-02 -4.456486207901239993e+01 9.617958575897035400e-01 2.737435050319860230e-01 3.636175999120871711e-03 9.018586211507115991e+01 2.371686929676768748e-03 -2.161291488149612652e-02 9.997636005634678025e-01 -1.106276463271482324e+00 -1.666637986104435656e-16 -3.261706593879679981e-16 4.371076249142054669e-18 9.999999999999085176e-01
2.733133609280846699e-01 -9.617408907552916775e-01 -1.882194961669664268e-02 -4.432597168649905939e+01 9.619233254076634543e-01 2.732234646956272495e-01 7.242539346680704204e-03 9.104034680009205260e+01 -1.822847956000764715e-03 -2.008475513643635801e-02 9.997966192364527993e-01 -1.096961356683776145e+00 -1.741468298039170687e-16 -3.192327860191884734e-16 4.328253941640804045e-18 9.999999999999065192e-01
2.722176365647592799e-01 -9.620346797346431833e-01 -1.966807898401820923e-02 -4.409496288458431223e+01 9.622272695263094366e-01 2.720727745759256022e-01 9.751262190627005624e-03 9.189753677427880518e+01 -4.029903578801871493e-03 -2.157962748466811867e-02 9.997590107395765147e-01 -1.101394581217154389e+00 -1.820462706576637974e-16 -3.085576411134846714e-16 4.360832522053486620e-18 9.999999999999049649e-01
2.711884121431566985e-01 -9.623648437944528622e-01 -1.762817482657376075e-02 -4.386219754265373894e+01 9.625139856448464704e-01 2.710468858084486010e-01 1.002063528053733638e-02 9.275142462409046118e+01 -4.865445217239387429e-03 -1.968484498235690758e-02 9.997943960240393002e-01 -1.112480081291459255e+00 -1.885500137154764881e-16 -3.007324356905766393e-16 4.334886829904656187e-18 9.999999999999032996e-01
2.698191193118198994e-01 -9.628069686316932385e-01 -1.415570584644235651e-02 -4.362839277739108468e+01 9.628915041887192716e-01 2.696908826720315622e-01 1.033339075906792442e-02 9.359934957371690700e+01 -6.131395827845655296e-03 -1.641855528944310971e-02 9.998464067183676640e-01 -1.126278699447804676e+00 -1.942130892910497334e-16 -2.925960673594240299e-16 4.326670965329471312e-18 9.999999999999017453e-01
2.689486066757403870e-01 -9.630565092030586305e-01 -1.374070772440098322e-02 -4.340080643519883807e+01 9.631194864012048162e-01 2.687897559663124936e-01 1.236616357910191692e-02 9.444828140986636811e+01 -8.215952852670675710e-03 -1.655980583083033197e-02 9.998291208750607062e-01 -1.131269019584851154e+00 -1.983373067492100654e-16 -2.863359112381716530e-16 4.277568064440581802e-18 9.999999999999003020e-01
2.685407653978513776e-01 -9.630843343399486667e-01 -1.882610603622843909e-02 -4.318349219929046257e+01 9.632344428344788989e-01 2.683161201017119080e-01 1.363333527541448452e-02 9.530061047766241700e+01 -8.078703900284485429e-03 -2.179506004832683710e-02 9.997298184514734620e-01 -1.129592514727272068e+00 -2.028638036213936212e-16 -2.804055477040281424e-16 4.228089156077566685e-18 9.999999999998988587e-01
2.682615073316468313e-01 -9.630641877335398560e-01 -2.330523523301488223e-02 -4.296392042699485359e+01 9.633201115542276982e-01 2.679979568839501169e-01 1.383682698446530614e-02 9.615359223397136645e+01 -7.079997113448667327e-03 -2.616228986799719672e-02 9.996326366370683614e-01 -1.132794233421057006e+00 -2.065448323821227999e-16 -2.747590572405808468e-16 4.196415506523915518e-18 9.999999999998976374e-01
2.687405481516711991e-01 -9.628632207324104852e-01 -2.594100884560713444e-02 -4.273742834177978267e+01 9.632010851105252680e-01 2.685081537305111787e-01 1.212604725210309105e-02 9.700271399448318732e+01 -4.710352520865821943e-03 -2.824516845438549556e-02 9.995899274394273171e-01 -1.142546655200157302e+00 -2.103040859458047967e-16 -2.662119128380892590e-16 4.238913039730285812e-18 9.999999999998961941e-01
2.702245739460077401e-01 -9.624221087306147338e-01 -2.687683504799972048e-02 -4.250539970057645434e+01 9.627879573376155742e-01 2.699935283296308608e-01 1.195173065299702173e-02 9.784729877887470195e+01 -4.246038293088046610e-03 -2.910634443917872391e-02 9.995673023225873921e-01 -1.155831545580512598e+00 -2.139739454670174481e-16 -2.567626215056634853e-16 4.311890748431775758e-18 9.999999999998949729e-01
2.714454298830762391e-01 -9.621120871701906996e-01 -2.564586353773055591e-02 -4.226708317816443383e+01 9.624274221038195964e-01 2.711442023653864442e-01 1.463826171576757505e-02 9.869629847547479073e+01 -7.129921318983730924e-03 -2.865577157641313252e-02 9.995639104017338683e-01 -1.168438590657450371e+00 -2.168471977344304299e-16 -2.479494644353994939e-16 4.382100044799818305e-18 9.999999999998938627e-01
