1.000000000000000000e+00 4.398956837314658088e-19 2.733407509747682871e-20 -8.673617379884035472e-19 -5.583667658079949532e-19 1.000000000000000000e+00 -6.100159232558060012e-19 0.000000000000000000e+00 4.145284534913582806e-20 -2.210423569125054137e-19 1.000000000000000222e+00 0.000000000000000000e+00
9.998958955552023076e-01 2.531271661154417324e-04 1.442684978370760776e-02 -1.032984071489535111e-01 -2.490728681500885234e-04 9.999999289878084285e-01 -2.828207995773303232e-04 -8.874091265020783714e-03 -1.442692059893829933e-02 2.791980355685770338e-04 9.998958875771941646e-01 1.434984126752614220e-02
9.995493281609033609e-01 1.465915668018486157e-03 2.998319009250233896e-02 -1.034472501664265576e-01 -1.454320381873103500e-03 9.999988590282484768e-01 -4.085305642758049489e-04 -1.285157542274403819e-02 -2.998375527354033357e-02 3.647413167021880983e-04 9.995503195722028611e-01 1.274841081802591258e-02
9.979474422299812186e-01 5.073983693251264346e-03 6.383695830294817963e-02 -1.464376982464623764e-02 -5.159395534419077348e-03 9.999860020385900050e-01 1.173189708373507901e-03 5.908623890163181014e-03 -6.383011307457901740e-02 -1.500141744399918851e-03 9.979596515996447259e-01 4.139138737519304501e-01
9.954156112489996877e-01 4.043048140284911766e-03 9.555843558431306728e-02 1.993367913746253023e-02 -4.342539338904265189e-03 9.999862892846305140e-01 2.926363327079984592e-03 1.531546802369362220e-02 -9.554529563372772538e-02 -3.327913950193273074e-03 9.954195203509531575e-01 5.443666313901172060e-01
9.908771189819728376e-01 1.743235962235706142e-03 1.347571744886956469e-01 1.566159647200560390e-01 -2.393768968485368836e-03 9.999862510758030787e-01 4.665568857612142038e-03 1.608353158767289459e-02 -1.347471908639200910e-01 -4.945582891659619854e-03 9.908676682035063576e-01 8.114718848827777720e-01
9.851684305108441286e-01 -2.743192618928541431e-03 1.715681734814978321e-01 1.352045384901770508e-01 1.737904988254891951e-03 9.999804336241302494e-01 6.009330276759522645e-03 -1.565482370935063205e-02 -1.715813042301288782e-01 -5.622033182088396683e-03 9.851539215034564867e-01 8.792765560510078515e-01
9.764042617889927556e-01 -2.783057294143655418e-03 2.159327942815021106e-01 2.506171174166443860e-01 1.367105588165423236e-03 9.999765769399511228e-01 6.706458785586345318e-03 -6.362999019024109804e-03 -2.159464046669131998e-01 -6.253011863260288065e-03 9.763851958446370105e-01 1.157993997322404489e+00
9.648067644740108140e-01 -2.816047507288455942e-03 2.629448160087017872e-01 3.341990644280959932e-01 1.508319466718443288e-04 9.999484185621057009e-01 1.015566154940952294e-02 7.215940416378935351e-03 -2.629598563065128625e-01 -9.758590322821683594e-03 9.647574227365699473e-01 1.323023001428812684e+00
9.504195647119026980e-01 -6.294051789845855546e-03 3.109067941961203840e-01 5.080330355326925229e-01 1.157092638036434423e-03 9.998598057690901708e-01 1.670418917045795107e-02 2.846152215496391968e-02 -3.109683492589697673e-01 -1.551624008282396355e-02 9.502936037397186064e-01 1.620295677422781910e+00
9.334487363600371124e-01 -1.595080799804061630e-02 3.583560053702588566e-01 6.233909542171581775e-01 7.492171525624818570e-03 9.996598692413503073e-01 2.498025560450956722e-02 3.380656390606945338e-03 -3.586325789211270987e-01 -2.063292320813317482e-02 9.332507474240403500e-01 1.806945029249065193e+00
9.125104026822012937e-01 -2.166522476675588824e-02 4.084793516220336373e-01 7.976945515895975669e-01 1.027689513924067918e-02 9.994954379742668760e-01 3.005419875137727015e-02 -7.076459322381614681e-03 -4.089243864821274776e-01 -2.322686935247643067e-02 9.122726352596864929e-01 2.023384147114194676e+00
8.876450418762155126e-01 -2.364148527619658671e-02 4.599210331717901723e-01 9.930021594253133355e-01 9.038343169771029598e-03 9.993834192871986488e-01 3.392771099319645545e-02 -2.226978003013593832e-03 -4.604395641609613232e-01 -2.595884010069161862e-02 8.873114162806233773e-01 2.276485575577146037e+00
8.592379589487317837e-01 -2.555077635689908394e-02 5.109376516401690216e-01 1.146591669648227230e+00 6.978557472983243533e-03 9.992444420769006630e-01 3.823407747561918812e-02 2.985528496217036698e-02 -5.115285278416251691e-01 -2.928656268851621836e-02 8.587670617514894245e-01 2.498891675918871957e+00
8.271163084311039526e-01 -3.089801484780193425e-02 5.611808266930460309e-01 1.388437545124710182e+00 8.140116914721388236e-03 9.990415419706819566e-01 4.300855581621394058e-02 2.693363709074850926e-02 -5.619718471213243083e-01 -3.100500010323956751e-02 8.265750648365719488e-01 2.738343631220977681e+00
7.916707747004297913e-01 -3.665512088503008331e-02 6.098473422783340370e-01 1.606131004349015567e+00 1.035143020468365198e-02 9.988600305133615853e-01 4.659921982422703807e-02 2.466004747391389862e-02 -6.108602455004115139e-01 -3.057844792783215304e-02 7.911477262502983887e-01 2.918521904815577717e+00
7.539526218793731749e-01 -4.116366002156791187e-02 6.556378500020840772e-01 1.860455868940182000e+00 1.141789138284332421e-02 9.987052456514929899e-01 4.957281525503276498e-02 3.477205728883955849e-02 -6.568295699026637235e-01 -2.988955188994573894e-02 7.534464397294896587e-01 3.123694710338507541e+00
7.139828175025180190e-01 -4.437258148780065525e-02 6.987557531919555975e-01 2.195410771318304199e+00 1.242205965286308916e-02 9.986355104193540555e-01 5.072287164914097979e-02 4.352493891028931527e-02 -7.000530250977253788e-01 -2.753527270714540079e-02 7.135597932675342703e-01 3.375579854593736329e+00
6.724925809754995765e-01 -4.637679534325780256e-02 7.386493841360355361e-01 2.464672767931026964e+00 1.155375350388952900e-02 9.985710005175717496e-01 5.217727139189690805e-02 5.593035707635250764e-02 -7.400136819731061300e-01 -2.655465448894151967e-02 6.720674144570909503e-01 3.551864089823643322e+00
6.297090856903221345e-01 -4.667832534624548335e-02 7.754273606603659941e-01 2.823153110927052456e+00 7.315030492603382707e-03 9.985051215799329860e-01 5.416652524081422282e-02 8.766289386504456937e-02 -7.767966071441573250e-01 -2.843687776738012402e-02 6.291091994592578063e-01 3.807502295291652850e+00
5.880001979312254878e-01 -4.751207820085013439e-02 8.074641534314416225e-01 3.153604355712473772e+00 4.305890879197533938e-03 9.984430640126290557e-01 5.561391175983379509e-02 1.081454755949086410e-01 -8.088493299352023103e-01 -2.922413803256765016e-02 5.872892999606996733e-01 4.003939606877041868e+00
5.478233766299908103e-01 -4.849981714135840477e-02 8.351869876610057419e-01 3.538574834229874178e+00 2.117322504484238279e-03 9.983953354734423913e-01 5.658861197500441448e-02 1.266020397266480191e-01 -8.365913445207158183e-01 -2.923220369960296064e-02 5.470469924801871775e-01 4.202856031727726815e+00
5.091933346930312965e-01 -5.115618722357640619e-02 8.591304791958125353e-01 3.986270763441900122e+00 1.329561597393704754e-03 9.982775121520446326e-01 5.865356725052586068e-02 1.384734801675424065e-01 -8.606511451291390946e-01 -2.872373798787203336e-02 5.083842694654191474e-01 4.426953280999811113e+00
4.719581462386166493e-01 -5.102586465974338209e-02 8.801430886724591618e-01 4.355891975758077628e+00 -1.739573229350476011e-03 9.982678610348332260e-01 5.880689984071850451e-02 1.621011729017607927e-01 -8.816192466848621345e-01 -2.928546815206892889e-02 4.710518846876760590e-01 4.621013353700450743e+00
4.357943205732563996e-01 -5.030498200459387892e-02 8.986393634480849268e-01 4.822907802222110796e+00 -2.979161401469563458e-03 9.983507533837773229e-01 5.733147284407736494e-02 1.882724012856435425e-01 -9.000413597878984540e-01 -2.766192128785557869e-02 4.349257203499977686e-01 4.793842845377453976e+00
4.027082227441095008e-01 -4.910961489634627086e-02 9.140100213549231523e-01 5.346250314466805875e+00 -1.596573903771836235e-03 9.985204636928498578e-01 5.435379014072367482e-02 2.049802281568763873e-01 -9.153270198730428797e-01 -2.334800204530934620e-02 4.020339929015169789e-01 4.985370516552420916e+00
3.724670992264013658e-01 -4.743689491391513136e-02 9.268322321916860895e-01 5.828585334099843251e+00 2.170569223969711985e-04 9.986972075015613237e-01 5.102784122256930760e-02 2.239630858213867981e-01 -9.280453805059699635e-01 -1.880501586298321051e-02 3.719921470949840714e-01 5.164331994952561899e+00
3.466398510107042696e-01 -4.548190852874636758e-02 9.368949754197168911e-01 6.376077346846022564e+00 1.114742980375603779e-03 9.988430220425446038e-01 4.807675770766461909e-02 2.480820263489388333e-01 -9.379976475081464038e-01 -1.562092220677032024e-02 3.462894956724286710e-01 5.343006145991472167e+00
3.259767103408525157e-01 -4.493195836106330526e-02 9.443094241005121070e-01 6.955931693435067231e+00 2.306390517755404698e-03 9.989047288722096019e-01 4.673353363006495925e-02 2.773151642888565527e-01 -9.453749947966660905e-01 -1.305609639668314087e-02 3.257233067838480878e-01 5.531998625220056809e+00
3.107161408464528263e-01 -4.539816921149412293e-02 9.494179642680352638e-01 7.534106025839027332e+00 3.218338277821366882e-03 9.989032546997926865e-01 4.671113371954249693e-02 3.076881784083594917e-01 -9.504973109774259576e-01 -1.145835414941688037e-02 3.105214697170991522e-01 5.728107190301369833e+00
2.993321189482467948e-01 -4.708052855125475361e-02 9.529867213609355403e-01 8.154448990425786192e+00 4.238829095667069266e-03 9.988376542787216206e-01 4.801429666459793716e-02 3.233178935865043679e-01 -9.541395762988534868e-01 -1.033267242362479431e-02 2.991837565218660178e-01 5.901327322512009310e+00
2.888123134903949896e-01 -4.900774552199942818e-02 9.561305732118684508e-01 8.779986642581382839e+00 3.173090903078167307e-03 9.987324909102326398e-01 5.023288818151113583e-02 3.534877791374546607e-01 -9.573804861863091098e-01 -1.147398653551852388e-02 2.886017459522331463e-01 6.070910227621149957e+00
2.783634419148116601e-01 -5.059279839325896144e-02 9.591424020538151796e-01 9.454900276376498880e+00 1.479827601470092881e-03 9.986331289539031042e-01 5.224637621244143659e-02 3.845647832218840878e-01 -9.604746850723090423e-01 -1.312411483038842912e-02 2.780578222642903774e-01 6.277962350695667659e+00
2.679043607617663803e-01 -5.228259628092444405e-02 9.620258665765371031e-01 1.016505775919247867e+01 9.264133582308712450e-04 9.985400179482667449e-01 5.400902030561969408e-02 4.182294156601769619e-01 -9.634450745517462167e-01 -1.357801756634517514e-02 2.675616591542197553e-01 6.464605938880555236e+00
2.579460277166699123e-01 -5.439811942223884283e-02 9.646267027401289607e-01 1.085320236872495769e+01 5.752097661440344053e-05 9.984145644844472089e-01 5.628813441234493953e-02 4.460733356945830730e-01 -9.661593346800322335e-01 -1.446381353209862802e-02 2.575401986079371985e-01 6.657313250093439549e+00
2.475306816093146012e-01 -5.600722038089541582e-02 9.672599118516901351e-01 1.158792301524438173e+01 -4.409447890118931728e-04 9.983212112675926564e-01 5.791860373560572123e-02 4.749202710653174786e-01 -9.688799635767052498e-01 -1.476313879916191056e-02 2.470904324463235602e-01 6.835543494023331945e+00
2.367054927759086047e-01 -5.718008152566026597e-02 9.698973822064012040e-01 1.234898482446599921e+01 -1.324084327926880857e-03 9.982467722547473388e-01 5.917455907236541385e-02 5.012664443226546584e-01 -9.715805541270396972e-01 -1.529116820976908139e-02 2.362147815333358603e-01 7.024899573312390011e+00
2.267280630709696265e-01 -6.018172822927182752e-02 9.720969750796224496e-01 1.312771786676112384e+01 -2.152878981225420790e-03 9.980557117127111244e-01 6.229094143459038002e-02 5.424771624634556755e-01 -9.739557316750093729e-01 -1.621591076812034168e-02 2.261576730176288463e-01 7.202940263785218455e+00
2.155708110897436303e-01 -6.363823145045879870e-02 9.744123279004259786e-01 1.388589293463534702e+01 -4.022372749634441080e-03 9.978078064495210509e-01 6.605605088916056966e-02 5.863169474758557209e-01 -9.764799346266803681e-01 -1.815920519857638915e-02 2.148422600990287923e-01 7.372862358230414692e+00
2.026826296992974841e-01 -6.757763249542664274e-02 9.769099236675519160e-01 1.466431716575406519e+01 -4.081923316792783300e-03 9.975489983531917737e-01 6.985222784093769732e-02 6.194485117810666353e-01 -9.792359809574492369e-01 -1.814550375456533415e-02 2.019100061621063591e-01 7.544142376817051243e+00
1.902038112506846401e-01 -6.998531693834303402e-02 9.792469296637488219e-01 1.544882587139609775e+01 -5.195933704862054810e-03 9.973701364011683390e-01 7.228978651324577398e-02 6.620411067313209941e-01 -9.817308844120008482e-01 -1.883789416718591528e-02 1.893399607366866300e-01 7.678526922577719738e+00
1.762530398106056939e-01 -7.064532101790413354e-02 9.818065431261341347e-01 1.628073315564652290e+01 -6.000950261499594235e-03 9.973256382632266215e-01 7.283927378490495652e-02 7.007962259271574013e-01 -9.843266081809882717e-01 -1.872991477922303707e-02 1.753577349964315080e-01 7.821734864714145807e+00
1.622949036379066068e-01 -6.980594383432664474e-02 9.842700228617399238e-01 1.708155631353893611e+01 -7.409892672647812838e-03 9.973801710052113689e-01 7.195754252945130158e-02 7.386352000764917491e-01 -9.867144849581750421e-01 -1.897167678559246243e-02 1.613524628175719011e-01 7.972242412142173329e+00
1.454100014300903632e-01 -6.863066594937401732e-02 9.869882200432761321e-01 1.787024184714135799e+01 -8.777779437971946347e-03 9.974623891508872520e-01 7.065219581012548156e-02 7.737001208939028318e-01 -9.893325523916726150e-01 -1.893709991794716510e-02 1.444385812062669583e-01 8.087198629309582998e+00
1.249862291202230857e-01 -6.741140729331090986e-02 9.898657120527778464e-01 1.867978659482093562e+01 -1.125432849697442436e-02 9.975286066847001143e-01 6.935429977805876445e-02 8.182631696930775522e-01 -9.920946526604847993e-01 -1.980860541875230016e-02 1.239186674847037040e-01 8.179011346722230513e+00
9.985631667875410900e-02 -6.606925228634287495e-02 9.928058989474047857e-01 1.950613951168636717e+01 -1.559702694715497072e-02 9.975664774639149135e-01 6.795480677052685714e-02 8.626177224850538616e-01 -9.948796238991324259e-01 -2.227053620710704382e-02 9.858282878730445509e-02 8.259244832446558604e+00
6.984895088595409474e-02 -6.559631427753817579e-02 9.953985285011732742e-01 2.033764318415210681e+01 -1.954013121945967491e-02 9.975542554206749957e-01 6.710954288236743726e-02 9.011837842534620169e-01 -9.973661938618079148e-01 -2.413774818256574084e-02 6.839635621484542460e-02 8.336814271026979029e+00
3.663917985933210636e-02 -6.547016369931019097e-02 9.971816338970708182e-01 2.116578656477472720e+01 -2.263818044051853912e-02 9.975411936037945626e-01 6.632555947257198770e-02 9.424850000291149499e-01 -9.990721198327802144e-01 -2.500449102111671623e-02 3.506696443819410508e-02 8.347584254152975447e+00
1.629609257315736822e-03 -6.473389312165322984e-02 9.979012226641984507e-01 2.203047300334621639e+01 -2.433217334842536009e-02 9.976045385074713279e-01 6.475438274604752853e-02 9.811239184412385850e-01 -9.997026092946682541e-01 -2.438662902480711811e-02 5.058788890615227362e-05 8.334868350675888493e+00
-3.252906493703188601e-02 -6.364118632786407159e-02 9.974425507475110919e-01 2.287670038271091144e+01 -2.570908066571314307e-02 9.976937627613823301e-01 6.281877839840588340e-02 1.009634781629973332e+00 -9.991400904565252983e-01 -2.359989401401279066e-02 -3.409020298190197640e-02 8.287263287036992665e+00
-6.487247548717495205e-02 -6.175128818095475952e-02 9.959810856838381410e-01 2.370543700174442137e+01 -2.811354956317392920e-02 9.978004185585149788e-01 6.003293317541415208e-02 1.039491372921846901e+00 -9.974974723819147737e-01 -2.410607777380966918e-02 -6.646583248575635428e-02 8.214813745792135080e+00
-9.742608103635998218e-02 -5.870495709481362429e-02 9.935098738780944183e-01 2.452324773413194592e+01 -2.977144770347704000e-02 9.979840047268364600e-01 5.604986378411856013e-02 1.084014419765227055e+00 -9.947973847238683609e-01 -2.411750782654216094e-02 -9.897740346523871413e-02 8.139246324197983995e+00
-1.295770404014798816e-01 -5.425848872845872445e-02 9.900837286930321834e-01 2.536014542867309629e+01 -2.715087309104093419e-02 9.983215090890449339e-01 5.115656947024180279e-02 1.109316540927753447e+00 -9.911975774488225310e-01 -2.025291991035063285e-02 -1.308327132421115424e-01 8.024911127397754029e+00
-1.611128986108180949e-01 -4.875447317073895032e-02 9.857310070074918329e-01 2.621243756150282422e+01 -2.291659881065936932e-02 9.986945991807490985e-01 4.565005019226846955e-02 1.125095124382947009e+00 -9.866698941637798148e-01 -1.523478918537336975e-02 -1.620198697813665378e-01 7.888278300064281545e+00
-1.914637473486325014e-01 -4.280655317886052080e-02 9.805657629770943018e-01 2.705419732769058783e+01 -1.659674462989470245e-02 9.990468427367887871e-01 4.037268995070197181e-02 1.142860379981245789e+00 -9.813593622837671893e-01 -8.544292067612748939e-03 -1.919917030912127731e-01 7.694383503143047420e+00
-2.212494265448251840e-01 -3.705035942308377434e-02 9.745131837769803740e-01 2.786056034343584642e+01 -1.098219669988457700e-02 9.993093413451209495e-01 3.549974165707139168e-02 1.151344269198809833e+00 -9.751554228835612737e-01 -2.847996956219076350e-03 -2.215035144133983835e-01 7.487096007774946216e+00
-2.488450579704470922e-01 -3.033747244246964153e-02 9.680680545856048536e-01 2.869923973086721247e+01 -1.911502392821553967e-03 9.995227577722832768e-01 3.083184785498313193e-02 1.179390515079228097e+00 -9.685414287410586409e-01 5.821889666331161485e-03 -2.487842901089425129e-01 7.294052198911693985e+00
-2.751765296169716435e-01 -2.013240280115375161e-02 9.611828897393768223e-01 2.953143480229018891e+01 4.285177571802903027e-03 9.997451002368521467e-01 2.216690751458688310e-02 1.173928209029717840e+00 -9.613841742145562419e-01 1.021865317539822487e-02 -2.750201176124644764e-01 7.032871545770976951e+00
-3.002028876294225990e-01 -5.139583034533953473e-03 9.538615176151220565e-01 3.028793436492516022e+01 8.451076454450022826e-03 9.999319055986424232e-01 8.047574502817903680e-03 1.169204440660892574e+00 -9.538379426878655920e-01 1.047706283569217051e-02 -3.001390118240743754e-01 6.748811586821566344e+00
-3.243778307276032336e-01 1.162479309432724525e-02 9.458561577745304705e-01 3.105652476863815181e+01 8.984603648938096696e-03 9.999172415783033063e-01 -9.207978973803257125e-03 1.136746887048755150e+00 -9.458849374442712676e-01 5.511279498602355588e-03 -3.244554312185796707e-01 6.472317092543939943e+00
-3.497185944906853194e-01 2.614107986321320687e-02 9.364900068724333337e-01 3.183854714458702162e+01 8.060993618939190503e-03 9.996575941884006111e-01 -2.489407054319865698e-02 1.104836229293964633e+00 -9.368201213568690955e-01 -1.156878412146604244e-03 -3.498095732073118191e-01 6.192655423852905905e+00
-3.746784962945970965e-01 3.722005750956827036e-02 9.264074030323131703e-01 3.260923669131565106e+01 1.166797079230694548e-02 9.993040522130343106e-01 -3.542978497058214826e-02 1.065963536740047068e+00 -9.270813865334466275e-01 -2.465483082906024578e-03 -3.748520234730753908e-01 5.887673712583698205e+00
-3.980120949394575502e-01 4.162868079612438293e-02 9.164351641940771120e-01 3.338789631465753871e+01 1.614874285389661726e-02 9.991330387611326858e-01 -3.837172039549824332e-02 1.019690774829179913e+00 -9.172380304087167646e-01 -4.731320500886806221e-04 -3.983392860335622787e-01 5.529524076914198005e+00
-4.206381276876505759e-01 4.101926527321280574e-02 9.063007065344367286e-01 3.411225874432796701e+01 1.794770339074457793e-02 9.991580759205277440e-01 -3.689199411170199921e-02 9.708785917752537076e-01 -9.070509683438678916e-01 7.478379006211868969e-04 -4.210201852028342406e-01 5.172690014360130206e+00
-4.410219671041571421e-01 3.784449612218522552e-02 8.966980563039286256e-01 3.485776537986814105e+01 2.215297183147031321e-02 9.992652026551388511e-01 -3.127779661764015090e-02 9.404111562310951689e-01 -8.972228729448029627e-01 6.070332402591996530e-03 -4.415362746537987992e-01 4.809613353295494775e+00
-4.592253383873781125e-01 3.658002477039362654e-02 8.875663221255981616e-01 3.557797968325251503e+01 2.909126440020607177e-02 9.992351537270188766e-01 -2.613055382064533375e-02 9.084423722162278114e-01 -8.878433420212765714e-01 1.382061520546435697e-02 -4.599382620220160423e-01 4.392945319509962587e+00
-4.734636220447303590e-01 3.731049782855654084e-02 8.800227902571995386e-01 3.628154018237904666e+01 3.270957462709608160e-02 9.991580762918819136e-01 -2.476332479834167030e-02 8.598537691935954630e-01 -8.802058254361213585e-01 1.706063877859596845e-02 -4.742854135498349999e-01 4.017798049463772614e+00
-4.843405442272539219e-01 4.049483681659352130e-02 8.739418696945850940e-01 3.699574253160153603e+01 3.548335628915545020e-02 9.990155284972983551e-01 -2.662527352174915221e-02 8.065952430868151835e-01 -8.741597000850129806e-01 1.811469237368736052e-02 -4.853006187186237885e-01 3.625497401150601373e+00
-4.944604920120236891e-01 4.316908783574966574e-02 8.681274319240406268e-01 3.767795284731364802e+01 3.707148786207425939e-02 9.989044915271587666e-01 -2.855733765990219053e-02 7.689529184902116343e-01 -8.684092002346412986e-01 1.806230142184788237e-02 -4.955191498934666816e-01 3.245129253591994001e+00
-5.042287640776920155e-01 4.231670782107417594e-02 8.625326870563986281e-01 3.837674114301668027e+01 3.073661980343235858e-02 9.990452534727292111e-01 -3.104579945580129841e-02 7.039404477406395744e-01 -8.630229579439702148e-01 1.085715520750546795e-02 -5.050480271918693642e-01 2.818614361104080146e+00
-5.161497057127157895e-01 4.119354860025223330e-02 8.555071943425087699e-01 3.906159841010162381e+01 2.931424990856221213e-02 9.991071901876686923e-01 -3.042198575080268946e-02 6.941728665237614226e-01 -8.559965935010425131e-01 9.376253709808704193e-03 -5.168964413750249953e-01 2.417518278438558266e+00
-5.247907806841288769e-01 4.265863908237206570e-02 8.501616692713657164e-01 3.975901430300591954e+01 3.153839067839089849e-02 9.990321665993348033e-01 -3.066039724922517765e-02 6.490258865621527651e-01 -8.506467999683214876e-01 1.072243807282431162e-02 -5.256282566619800978e-01 1.996220515649959282e+00
-5.317637326167491407e-01 4.571815119743646849e-02 8.456578328913109122e-01 4.043838648152805604e+01 3.545936455711859447e-02 9.988681169809814353e-01 -3.170360049889479198e-02 6.080540613067162425e-01 -8.461500918116182657e-01 1.312766548098331584e-02 -5.327829760604712028e-01 1.542655497565109890e+00
-5.356745397385899166e-01 4.900408159255226909e-02 8.430014083881978149e-01 4.113318952827625452e+01 3.641191424176708213e-02 9.987266081227534897e-01 -3.491897287570876196e-02 5.782539901668037885e-01 -8.436391240537519653e-01 1.199009128249004137e-02 -5.367767497364872575e-01 1.099459741795586698e+00
-5.350200937562784587e-01 5.031539640092462518e-02 8.433396985995577078e-01 4.182958032477252175e+01 3.529606459064593693e-02 9.986846232167463366e-01 -3.719154625705337058e-02 5.219530142373246528e-01 -8.441017111540272122e-01 9.868348906076388274e-03 -5.360922774174301519e-01 6.537999643115656179e-01
-5.321774596371948718e-01 5.121371578012125919e-02 8.450824183432430470e-01 4.256623085397109207e+01 3.787847090774913716e-02 9.986095051124080912e-01 -3.666439247965633946e-02 4.921536451404616708e-01 -8.457850699897623281e-01 1.249846757154632858e-02 -5.333773680359416014e-01 2.013332805165438943e-01
-5.264281179463572435e-01 5.016652097068351190e-02 8.487383246491624345e-01 4.331285181589115041e+01 3.630658051146832405e-02 9.986735576816074822e-01 -3.650968825256069306e-02 4.465611106768294647e-01 -8.494441009752079497e-01 1.159506086129743173e-02 -5.275512174431573609e-01 -2.362609069597604583e-01
-5.194077039186575373e-01 4.880836524311431279e-02 8.531315065020129706e-01 4.406369044594382700e+01 3.418777352038242928e-02 9.987550615458652414e-01 -3.632524078802193412e-02 4.016157844334234395e-01 -8.538424006939162592e-01 1.029905782562347445e-02 -5.204297238349578913e-01 -6.901897496379105768e-01
-5.120687902030000016e-01 4.818124834132436751e-02 8.575920405852788253e-01 4.485209923672805843e+01 3.231164772164837884e-02 9.987993556389700434e-01 -3.682125118813070475e-02 3.535941887744594725e-01 -8.583364862528953809e-01 8.855199355395478034e-03 -5.130107944304158618e-01 -1.175228921242324365e+00
-5.056450378724548500e-01 4.666336676939103478e-02 8.614787359141971024e-01 4.566323006967967046e+01 2.927019046284752221e-02 9.988892359001572130e-01 -3.692628196335701052e-02 3.020607238618807644e-01 -8.622449558334872588e-01 6.544056421592341251e-03 -5.064492323649799621e-01 -1.624471054142826665e+00
-5.011830995611119555e-01 4.422223353884681407e-02 8.642105537727388098e-01 4.646836027125843316e+01 2.493629943420083359e-02 9.990166658372686692e-01 -3.665900029923891551e-02 2.529879211860893706e-01 -8.649819038617847511e-01 3.177342702657833494e-03 -5.017930091730411490e-01 -2.088359384152253639e+00
-4.999990130301648628e-01 4.158185196197221323e-02 8.650271227016490538e-01 4.732102819974429053e+01 2.047214018283353629e-02 9.991350252259733056e-01 -3.619520414517773954e-02 2.176453360759718902e-01 -8.657839746709153905e-01 -3.886089050541968737e-04 -5.004177972183325718e-01 -2.540420257730211073e+00
-5.004227061340653648e-01 3.894465098932532038e-02 8.649048593926556006e-01 4.815332295500505921e+01 1.769174886084274798e-02 9.992391802718129101e-01 -3.475719489734313550e-02 1.631009926150908673e-01 -8.656004445214849907e-01 -2.091609055127517918e-03 -5.007309748700866647e-01 -3.023918247050945585e+00
-5.010845270302738408e-01 3.757915843502311615e-02 8.645820320174278928e-01 4.899558322740013239e+01 1.607043226069767433e-02 9.992885209630262278e-01 -3.412027324873040390e-02 1.186629164177605139e-01 -8.652491261573954651e-01 -3.202933101010410795e-03 -5.013319304314312053e-01 -3.512003078998263916e+00
-5.018515710948141528e-01 3.715275808923947792e-02 8.641554603388137412e-01 4.987532178707999719e+01 1.608939053272491482e-02 9.993051896684745916e-01 -3.361947920792711375e-02 6.770881147007261347e-02 -8.648041075447675530e-01 -2.968252872761684320e-03 -5.021006458897980806e-01 -4.021652538778383246e+00
-5.014677796973820989e-01 3.653361250777348995e-02 8.644046202748925101e-01 5.074283447877188991e+01 1.613368569149309720e-02 9.993291956447343249e-01 -3.287647923015410423e-02 3.299154740859037982e-02 -8.650258854176913204e-01 -2.540461680740599675e-03 -5.017208159656155742e-01 -4.510757676074536704e+00
-5.019458658489754921e-01 3.573076259296081858e-02 8.641606603164239120e-01 5.163473190402653756e+01 1.620050644467646919e-02 9.993594156505595238e-01 -3.191084314628563762e-02 -2.441721931458408490e-02 -8.647473062522570419e-01 -2.017674531894090954e-03 -5.022031848497978679e-01 -5.023780708673916351e+00
-5.024131461588395853e-01 3.546100307632486098e-02 8.639001877021822429e-01 5.252273910349303776e+01 1.595121355556120002e-02 9.993687074362855860e-01 -3.174500515835363551e-02 -7.622287948000518176e-02 -8.644805386283666016e-01 -2.168850618660726325e-03 -5.026616237254096786e-01 -5.532264490634950960e+00
-5.022299288946651119e-01 3.372927082349408412e-02 8.640760506407669794e-01 5.341348371187564226e+01 1.413782176947470277e-02 9.994257215159059182e-01 -3.079527789534522095e-02 -1.243902398577228369e-01 -8.646185475909115015e-01 -3.250156124004489975e-03 -5.024183686884443611e-01 -6.046910646406622902e+00
-5.029949740412192893e-01 3.330178544931473167e-02 8.636475170265284218e-01 5.430668088727315279e+01 1.393472190841018449e-02 9.994400004435681772e-01 -3.042217960302334365e-02 -1.751396230179284585e-01 -8.641770026569078889e-01 -3.267514558797547739e-03 -5.031773494142011138e-01 -6.530551703958498599e+00
-5.021693006622233169e-01 3.231154843060895371e-02 8.641654608847958441e-01 5.518995418212208648e+01 1.266882250676669083e-02 9.994693477564775552e-01 -3.000872884524496964e-02 -2.159976571423541380e-01 -8.646765330063790334e-01 -4.121502640081604885e-03 -5.023121738848084217e-01 -7.050701576156695793e+00
-5.007878781713648308e-01 3.114063110028683634e-02 8.650096812305333449e-01 5.611549394644544009e+01 1.209525174904471818e-02 9.995068060808018906e-01 -2.898015631399199557e-02 -2.790789598526358661e-01 -8.654855390535823867e-01 -4.050400230163306824e-03 -5.009175476255082193e-01 -7.574093671723671761e+00
-4.988817350074003509e-01 2.877688879324025520e-02 8.661921793481865972e-01 5.700671971758173129e+01 1.250094189653738926e-02 9.995835538904677131e-01 -2.600856052043996544e-02 -3.336005219002861621e-01 -8.665799174403187033e-01 -2.146976772688311431e-03 -4.990337170836771086e-01 -8.075058217531809746e+00
-4.962496056154352408e-01 2.752694044397794096e-02 8.677433853668627961e-01 5.790581877253062970e+01 1.311100681125181196e-02 9.996208581359077305e-01 -2.421242359678505915e-02 -3.832165227050332024e-01 -8.680808964934295657e-01 -6.384152895474645966e-04 -4.964223637398439415e-01 -8.587492810321350589e+00
-4.932155143778421680e-01 2.675368882626749309e-02 8.694956485412684843e-01 5.878275143408042425e+01 1.239735289914756927e-02 9.996416303552813076e-01 -2.372586098436008442e-02 -4.403605271301290758e-01 -8.698188170553141640e-01 -9.225173956107983290e-04 -4.933704370545702877e-01 -9.130038447883821462e+00
-4.917274665242102882e-01 2.729021930306507401e-02 8.703213940226521839e-01 5.967322515670861094e+01 1.333558903749246585e-02 9.996275474342085632e-01 -2.381025938164032033e-02 -4.867211045297352712e-01 -8.706470428603796385e-01 -1.019091394101617759e-04 -4.919082537419108281e-01 -9.587943857297885231e+00
-4.905254020953886407e-01 2.746601781701102363e-02 8.709939345613185724e-01 6.055271038335335732e+01 1.317793819761921975e-02 9.996226785713516749e-01 -2.410067233534387773e-02 -5.358736417815888053e-01 -8.713272544667244324e-01 -3.440868073762822161e-04 -4.907022630610726743e-01 -1.008725324855814520e+01
-4.911460157876103017e-01 2.874758009075297979e-02 8.706027533294048437e-01 6.145944498946577284e+01 1.262743303475322328e-02 9.995852251624371965e-01 -2.588292001840584305e-02 -5.721916087092548953e-01 -8.709857356082568725e-01 -1.718814149704408307e-03 -4.913053101465916228e-01 -1.060197772367901692e+01
-4.936873261247021749e-01 3.064981416254888846e-02 8.690991883837798637e-01 6.233538097874778572e+01 1.161988796722842297e-02 9.995220005549317888e-01 -2.864871005674924503e-02 -6.182760749438924730e-01 -8.695618521447657789e-01 -4.044668960436332422e-03 -4.938074924869454985e-01 -1.109701432489154804e+01
-4.985319581011780632e-01 3.148381260335228471e-02 8.662993955383606615e-01 6.321282318275272871e+01 1.060782582306978895e-02 9.994869898781667539e-01 -3.021971334072762888e-02 -6.680938292674247769e-01 -8.668064219738371712e-01 -5.875938882998382566e-03 -4.986101821804123646e-01 -1.156889400942820778e+01
-5.036216878480583858e-01 3.005299369651903002e-02 8.634014127831423080e-01 6.413566806351610694e+01 1.068593042240517134e-02 9.995350065997725686e-01 -2.855838671643349744e-02 -7.091656204029632704e-01 -8.638582167922176369e-01 -5.156374607799874693e-03 -5.037086525018745764e-01 -1.208275983668074005e+01
-5.093460305159388524e-01 2.788441406698715166e-02 8.601099157899072534e-01 6.497387915615389886e+01 1.361829319246098471e-02 9.996109191187285692e-01 -2.434240014172234928e-02 -7.729302730252325393e-01 -8.604540519275643007e-01 -6.854749454220390942e-04 -5.095275930503545547e-01 -1.258406271279769228e+01
-5.145974644061858116e-01 2.559627075462632059e-02 8.570497460631307796e-01 6.584536107715938158e+01 1.059877613945806388e-02 9.996678448404081596e-01 -2.349182660641008225e-02 -8.209792157054148776e-01 -8.573663905636857985e-01 -3.005155100020708969e-03 -5.146978285529296704e-01 -1.310466013728447265e+01
-5.191604907072531194e-01 2.771555883777088863e-02 8.542272645173394352e-01 6.665306148657508345e+01 1.168409373021868890e-02 9.996108229889172359e-01 -2.533149217150110905e-02 -8.694723303569548145e-01 -8.545969101586700090e-01 -3.170237578660727203e-03 -5.192822777686294522e-01 -1.360137401571381233e+01
-5.243693595747954683e-01 2.992354576451818071e-02 8.509649481613994482e-01 6.747054936563191063e+01 1.203951863685131206e-02 9.995429618395897942e-01 -2.772935998429686827e-02 -9.098165347039527395e-01 -8.514058002162896432e-01 -4.295217496075981120e-03 -5.244899690520112845e-01 -1.413167795030557627e+01
-5.293841418650527819e-01 3.015584624388853094e-02 8.478461194219670816e-01 6.834189103913611518e+01 1.077836156979657643e-02 9.995264797654007660e-01 -2.882088042819286669e-02 -9.566584002760041283e-01 -8.483137798491354742e-01 -6.118924154247071256e-03 -5.294584995696044460e-01 -1.464157026930865868e+01
-5.334526192572367487e-01 3.092935666644681253e-02 8.452642574466466829e-01 6.915990492464182182e+01 1.029333962397738569e-02 9.994945935199187614e-01 -3.007664647592334789e-02 -1.001147644664253544e+00 -8.457673213762797459e-01 -7.343872912534992435e-03 -5.335013764089098220e-01 -1.514361006127349185e+01
-5.363618341540214995e-01 2.970105042120165309e-02 8.434653623772182529e-01 6.996092167396066941e+01 9.500164036081799185e-03 9.995297446584773260e-01 -2.915538384825799509e-02 -1.069081405193216483e+00 -8.439346784155188352e-01 -7.624775003473661765e-03 -5.363917731746339346e-01 -1.567055035748139069e+01
-5.391210636911233367e-01 2.336924984702243996e-02 8.419039992485100043e-01 7.080630428190083592e+01 1.131536273360604465e-02 9.997257344865173589e-01 -2.050410573107926474e-02 -1.112987115653408132e+00 -8.421522741648426180e-01 -1.527745242745551148e-03 -5.392376340990424621e-01 -1.621109061296964526e+01
-5.408483382278930218e-01 1.583758939592791806e-02 8.409710059953754424e-01 7.163599987160668547e+01 1.272732223849196501e-02 9.998623436752480664e-01 -1.064466756895154388e-02 -1.136900548061201111e+00 -8.410238414572607235e-01 4.946159195476163353e-03 -5.409754583197736721e-01 -1.673131736928314339e+01
-5.432312818094277018e-01 1.362276948947420754e-02 8.394725616614536756e-01 7.243933276333822846e+01 1.354237774210541312e-02 9.998804509935558249e-01 -7.462419404117049369e-03 -1.161241065731807964e+00 -8.394738769109891807e-01 7.314635872595180027e-03 -5.433508249201587370e-01 -1.725016769915509585e+01
-5.440912866677954929e-01 1.770286274546916880e-02 8.388392382395837288e-01 7.325516334348951375e+01 1.243321907168947263e-02 9.998377245545888581e-01 -1.303608837892349451e-02 -1.212165625946330927e+00 -8.389339058398183058e-01 3.336650872661498651e-03 -5.442230987623822847e-01 -1.774935578049588969e+01
-5.453270222823075608e-01 2.217066767481250256e-02 8.379301208806640977e-01 7.403713099393664265e+01 1.216649026038144933e-02 9.997541967386214257e-01 -1.853436261049327613e-02 -1.258282279797872327e+00 -8.381350886292776581e-01 8.738080557956066669e-05 -5.454627195128466388e-01 -1.827896527478072031e+01
-5.461220220653624224e-01 2.811926340257658169e-02 8.372335583807111181e-01 7.482736343944660007e+01 1.938723976704579202e-02 9.995930341434143829e-01 -2.092608403829952085e-02 -1.279512677193509251e+00 -8.374812734810657133e-01 4.803453370372295396e-03 -5.464449251291125798e-01 -1.882926700315361046e+01
-5.456650635334884258e-01 2.906089966922000348e-02 8.374993073312059222e-01 7.565104589959160819e+01 2.280591651347711399e-02 9.995433299460595444e-01 -1.982477476010469780e-02 -1.324350989158543435e+00 -8.376929867777545002e-01 8.282253297478777559e-03 -5.460786362703408114e-01 -1.933992474763010350e+01
-5.456029237796048426e-01 2.593177053462318582e-02 8.376425132868569046e-01 7.641616137399486774e+01 2.217322259483233554e-02 9.996179172922055045e-01 -1.650356299671753776e-02 -1.363354779744669010e+00 -8.377504456882041151e-01 9.568842685683632415e-03 -5.459694504365629752e-01 -1.984396219645393700e+01
-5.446190837442558275e-01 2.094379439743291466e-02 8.384219691175103240e-01 7.724089101243096422e+01 2.006910452739223832e-02 9.997273348814156302e-01 -1.193678773290591903e-02 -1.394786159033830408e+00 -8.384433768451271529e-01 1.032537675680034010e-02 -5.448909094959124566e-01 -2.038283207558343335e+01
-5.439161916451029644e-01 1.542906430993636405e-02 8.389976803439775921e-01 7.801366876311212195e+01 1.925723612766724879e-02 9.997971431164676126e-01 -5.901816755864945988e-03 -1.414050556753033483e+00 -8.389185579354085931e-01 1.294668379410360455e-02 -5.441029768163340163e-01 -2.086695693000132223e+01
-5.436434999116267486e-01 8.812820836515874653e-03 8.392699603599050873e-01 7.885737864155169063e+01 1.012311154128060948e-02 9.999409873686332384e-01 -3.942635628290207077e-03 -1.446213162717018497e+00 -8.392551931090153072e-01 6.352636181247101575e-03 -5.437006324261464130e-01 -2.140227715388947871e+01
-5.418016569525337944e-01 3.560605491566005889e-03 8.404988243557812710e-01 7.964381881991650403e+01 1.321367086259937935e-03 9.999933995779362039e-01 -3.384492244803226097e-03 -1.482839871259787445e+00 -8.405053421029380356e-01 -7.231150928968675846e-04 -5.418027868804173863e-01 -2.186747710784852572e+01
-5.406033388946487328e-01 4.679645420487587963e-03 8.412645945274865866e-01 8.040591277596398356e+01 5.077207609578556283e-03 9.999844661094676734e-01 -2.299889972471188485e-03 -1.502810762701547675e+00 -8.412623036536048815e-01 3.027947767796474419e-03 -5.406187019348406286e-01 -2.236727106645576768e+01
-5.369927622929386857e-01 7.169502924281639412e-03 8.435563754255303026e-01 8.124943319029711120e+01 9.915929427901598245e-03 9.999484456669921473e-01 -2.186397627053564535e-03 -1.521067292057808329e+00 -8.435285764346847071e-01 7.190566789179929537e-03 -5.370361714598455016e-01 -2.290041350892493810e+01
-5.318297945794074888e-01 1.046807925446523874e-02 8.467865586284790691e-01 8.204300401747597959e+01 1.088735451866573202e-02 9.999254764042083687e-01 -5.523326082778464048e-03 -1.550974036619953589e+00 -8.467812863311072746e-01 6.281797084454966013e-03 -5.319041315911134937e-01 -2.337666286321688247e+01
-5.239830985078359760e-01 1.205132680195875050e-02 8.516433906416931432e-01 8.283024722097344750e+01 1.544721746699769839e-02 9.998698963754268920e-01 -4.644757125668455035e-03 -1.573076136871025321e+00 -8.515885789893230529e-01 1.072174746739011121e-02 -5.241010870709155167e-01 -2.384426969893385717e+01
-5.154166997480935652e-01 1.415751654071869398e-02 8.568227220514644804e-01 8.362471529430580119e+01 2.220359579367323435e-02 9.997484672638270453e-01 -3.162673056592741738e-03 -1.610024592249151842e+00 -8.566519935306246003e-01 1.739445198002098625e-02 -5.156014045553217739e-01 -2.435576320008177120e+01
-5.057285192328955237e-01 1.484841739950195152e-02 8.625648821100051489e-01 8.438244939207930884e+01 2.263219529166619545e-02 9.997360941058366368e-01 -3.940284398222552650e-03 -1.613953093291365271e+00 -8.623957680872219589e-01 1.752902377659109820e-02 -5.059311079916146703e-01 -2.480309536941525295e+01
-4.946104732477710764e-01 1.162439213330687497e-02 8.690370185373519352e-01 8.523251028950757302e+01 1.781038112499990639e-02 9.998361418472555551e-01 -3.237244245581996378e-03 -1.647094046271373236e+00 -8.689322657899093416e-01 1.387670668414870204e-02 -4.947364633656464727e-01 -2.527622071681142657e+01
-4.832540391667178303e-01 8.796251580910801823e-03 8.754359746599145176e-01 8.604718425055584419e+01 1.937500863976977794e-02 9.998120760260191808e-01 6.493379945334671298e-04 -1.670784646761548364e+00 -8.752657626813806768e-01 1.727537589971438192e-02 -4.833336528286109046e-01 -2.573126529385150363e+01
-4.723290882130974366e-01 7.807074440466501598e-03 8.813876944828203941e-01 8.683912731197257528e+01 1.977180501099558285e-02 9.998030053363294867e-01 1.739601477659235857e-03 -1.681176439464983075e+00 -8.812004998849055637e-01 1.824829114664782564e-02 -4.723904030960978107e-01 -2.613165166968182618e+01
-4.599879919549962892e-01 6.150737735570941701e-03 8.879038244439184657e-01 8.771681662675150903e+01 1.812487806787736397e-02 9.998326955050380604e-01 2.463688855787155886e-03 -1.718886508496780374e+00 -8.877401360241792272e-01 1.722641697259285481e-02 -4.600225165161132557e-01 -2.654918765886743159e+01
-4.480031685175415723e-01 8.512032804895854066e-03 8.939914383816924826e-01 8.851837785248912382e+01 2.245116563839843690e-02 9.997464406454211749e-01 1.731918159525237680e-03 -1.723287486580368233e+00 -8.937500318375722896e-01 2.084705585038064760e-02 -4.480806794389723402e-01 -2.696503285251935012e+01
