1 0 0 0 0 1 0 0 0 0 1 0
0.99986664 0.0011292203 0.016291758 0.0138533 -0.001115713 0.99999903 -0.00083815376 -0.0013086502 -0.01629269 0.00081986509 0.99986693 0.084670983
0.99932516 0.0038726371 0.036526984 0.047332349 -0.0038576417 0.99999244 -0.00048100514 0.0024412155 -0.036528574 0.00033977256 0.99933255 0.24155735
0.99793599 0.0053064827 0.063996941 0.080326405 -0.0053603594 0.99998541 0.0006701869 0.00099458853 -0.063992456 -0.0010118502 0.99794987 0.40025148
0.99521582 0.0047980881 0.097583086 0.10777718 -0.0050690712 0.99998395 0.0025292131 0.0001400456 -0.097569393 -0.0030117685 0.99522417 0.5743955
0.99077267 0.0015967291 0.13552475 0.19579346 -0.0022746148 0.99998567 0.0048472315 0.00059603262 -0.13551508 -0.0051107711 0.9907621 0.76666229
0.98445111 -0.0015978863 0.17565155 0.25841594 0.00063658005 0.99998451 0.0055290125 -0.005269876 -0.17565768 -0.0053312261 0.98443688 0.94345095
0.97609028 -0.0017743399 0.21735826 0.36380963 0.00036407404 0.99997863 0.0065280834 -0.0018125105 -0.21736522 -0.0062928642 0.97607006 1.1847238
0.96406439 -0.0017628593 0.26566281 0.42747483 -0.00089880736 0.99995062 0.0098970583 0.0037489247 -0.26566716 -0.0097801812 0.9640152 1.3564174
0.94979029 -0.0056659337 0.31283589 0.55773172 0.00057925636 0.99986615 0.016350436 0.010153389 -0.31288669 -0.015348273 0.94966645 1.6207824
0.93232471 -0.015214875 0.36130199 0.72018027 0.0068495659 0.99967826 0.024422673 0.0009947308 -0.36155736 -0.0202951 0.93212896 1.8045735
0.91103326 -0.020898934 0.41180289 0.8914201 0.0094293394 0.99950948 0.029864388 -0.002579308 -0.41222506 -0.023324422 0.91078345 2.0504091
0.8860589 -0.023202724 0.46299163 1.0490703 0.0085904885 0.99939695 0.033644351 0.0059379447 -0.4634931 -0.025833553 0.88572388 2.2883731
0.8576144 -0.024834975 0.51369323 1.2326074 0.0060959337 0.99925409 0.038132661 0.01754183 -0.51425713 -0.029571679 0.85712609 2.5074483
0.82582663 -0.030159577 0.56311699 1.4707273 0.007632473 0.99907514 0.042315513 0.021669225 -0.56387246 -0.030647302 0.82529305 2.739356
0.78980378 -0.036034023 0.61230017 1.6899402 0.0097778894 0.99888564 0.046172213 0.029469561 -0.61328167 -0.030479985 0.78927599 2.9460341
0.75233382 -0.040567006 0.65753183 1.9616697 0.011260936 0.9987483 0.048734137 0.037387735 -0.65868585 -0.029259916 0.75184895 3.152772
0.71332023 -0.04399312 0.69945609 2.2417055 0.01269374 0.99867517 0.049867513 0.049539218 -0.70072331 -0.026692792 0.71293364 3.3841157
0.67145193 -0.045608568 0.73964324 2.5681265 0.011342709 0.99861986 0.051280855 0.060751613 -0.74096133 -0.026043071 0.67104255 3.5724442
0.62880772 -0.045862656 0.77620707 2.9006939 0.0072635304 0.99856191 0.053116416 0.084869589 -0.77752694 -0.027762008 0.62823656 3.8123056
0.58619273 -0.046709234 0.80882401 3.2426464 0.0045047047 0.99850913 0.054398695 0.1064891 -0.81015915 -0.028244606 0.5855292 4.0134084
0.54681284 -0.047934366 0.83588155 3.5800674 0.0018975874 0.99842816 0.05601439 0.11897872 -0.83725276 -0.029043229 0.54604429 4.2240149
0.50807013 -0.050566567 0.85983004 4.0170745 0.001031399 0.99831017 0.058101127 0.1349889 -0.86131512 -0.028632619 0.50726373 4.4407416
0.47039406 -0.050139719 0.88103086 4.4377353 -0.0018739706 0.99832552 0.05781553 0.15388737 -0.88245452 -0.028847107 0.46951243 4.6353378
0.43388627 -0.049449601 0.89960957 4.8989318 -0.0028573516 0.99841214 0.05625868 0.17980068 -0.90096316 -0.026980369 0.43305602 4.8203385
0.39999484 -0.048480729 0.91523422 5.4021931 -0.0017925492 0.9985567 0.053677808 0.20190257 -0.91651568 -0.023111448 0.39933062 4.9999784
0.37046557 -0.046552922 0.92767883 5.9135127 0.00024895693 0.99874819 0.050019915 0.22473631 -0.9288462 -0.018299704 0.37001341 5.2107105
0.34610766 -0.044808893 0.9371241 6.4754076 0.00081441998 0.99887278 0.047460636 0.24378479 -0.93819449 -0.015663277 0.34575401 5.3132639
0.32431952 -0.044217268 0.94491355 7.0310765 0.0026346536 0.99894526 0.0458414 0.27278842 -0.94594396 -0.01237774 0.32409394 5.5325765
0.31034418 -0.044549335 0.94957979 7.6288465 0.0038552366 0.99895208 0.045605647 0.29477232 -0.95061649 -0.010492592 0.31019071 5.7157614
0.29606553 -0.045921407 0.95406307 8.2387728 0.0041332618 0.99889588 0.046796684 0.31014958 -0.95515873 -0.0099114918 0.29592844 5.9158053
0.28637786 -0.048016049 0.9569128 8.8679489 0.0037306605 0.99879176 0.04900097 0.34104862 -0.95810954 -0.010462875 0.28621097 6.1169819
0.27590961 -0.049481497 0.95990905 9.5331807 0.0014945224 0.99869492 0.05105126 0.36542068 -0.96118247 -0.012650927 0.27562347 6.2872449
0.26475779 -0.051318606 0.96294841 10.221994 0.0015380044 0.99860414 0.052795947 0.39808356 -0.96431376 -0.012497119 0.26446715 6.466048
0.25604072 -0.05323463 0.96519902 10.926413 0.00027032471 0.99848638 0.054998853 0.4218709 -0.966666 -0.013821028 0.25566756 6.685989
0.24525152 -0.054920858 0.96790253 11.66278 2.1607993e-05 0.99839435 0.056645553 0.45758327 -0.96945953 -0.013871493 0.24485892 6.8527144
0.23451981 -0.056179284 0.97048661 12.427123 -0.00070799549 0.99831857 0.0579615 0.49246661 -0.97211112 -0.014280219 0.2340857 7.0309488
0.22465329 -0.059176185 0.97264022 13.171027 -0.00057738209 0.99814606 0.060861339 0.52664488 -0.97443863 -0.014234285 0.22420263 7.1894774
0.2129336 -0.062567054 0.97506131 13.956386 -0.0037674182 0.99788762 0.064854484 0.56233188 -0.97705945 -0.017483162 0.21224809 7.3945034
0.20049198 -0.066442067 0.97743969 14.764869 -0.0032285522 0.99764741 0.068477938 0.59472098 -0.97969007 -0.016884992 0.19980579 7.5161975
0.18694322 -0.068808332 0.97995794 15.5149 -0.0048200099 0.99746771 0.070957287 0.63592829 -0.98235894 -0.01798839 0.18613817 7.6975037
0.17387878 -0.069748741 0.98229385 16.325056 -0.0048722715 0.99741543 0.071684919 0.67525637 -0.98475505 -0.017250488 0.17308954 7.8199473
0.15952916 -0.068673044 0.9848017 17.118016 -0.0062997332 0.99748636 0.070578083 0.71079293 -0.98717316 -0.017463249 0.15869553 7.9655579
0.14400164 -0.067747543 0.98725565 17.929356 -0.0071046623 0.9975573 0.069490752 0.75183187 -0.98955199 -0.0170209 0.14316856 8.1117339
0.12292585 -0.06629309 0.99019916 18.78355 -0.0099672276 0.99763361 0.068028178 0.79156836 -0.99236585 -0.018231961 0.1219742 8.2027274
0.097082586 -0.065227534 0.99313658 19.567958 -0.014253208 0.99765669 0.066917708 0.83591961 -0.99517431 -0.020651925 0.095925388 8.2347242
0.065894531 -0.064160674 0.99576164 20.389076 -0.01883243 0.99767287 0.065530057 0.86679278 -0.9976489 -0.023070683 0.064532883 8.3242068
0.03428672 -0.064188167 0.99734859 21.233437 -0.021413483 0.99765911 0.064944301 0.90655941 -0.99918265 -0.023583434 0.032831964 8.3348554
0.0015995842 -0.06376652 0.99796352 22.081372 -0.021968045 0.99772176 0.063786284 0.94094423 -0.99975744 -0.022025339 0.00019511266 8.3460547
-0.033274731 -0.062625284 0.99748222 22.925736 -0.023229363 0.99781379 0.061871198 0.98022778 -0.9991763 -0.021112129 -0.034656733 8.2911169
-0.067788788 -0.060249313 0.99587882 23.783058 -0.027163194 0.9979164 0.058523604 1.0095452 -0.9973299 -0.023084004 -0.069284108 8.2138569
-0.099313892 -0.057356121 0.9934017 24.581152 -0.028456277 0.99809276 0.054782094 1.0457622 -0.99464922 -0.022827891 -0.10075662 8.168018
-0.13238968 -0.052686532 0.98979645 25.43501 -0.026900121 0.99840947 0.04954699 1.0636966 -0.9908327 -0.020066133 -0.13359639 8.014507
-0.16262128 -0.047275844 0.98555529 26.288757 -0.02172993 0.99878082 0.044324715 1.0800519 -0.98644929 -0.014207905 -0.16345032 7.9128476
-0.19434109 -0.041711206 0.98004675 27.071615 -0.015802546 0.99909901 0.039388469 1.1031531 -0.98080676 -0.0078324351 -0.19482514 7.6820524
-0.22293067 -0.035706405 0.97418011 27.885617 -0.0094947452 0.99936109 0.034456588 1.1124693 -0.9747881 -0.001568161 -0.22312726 7.477334
-0.25148413 -0.028833476 0.9674318 28.72315 -0.00057097644 0.9995604 0.029642616 1.1256963 -0.9678613 0.0069022676 -0.25139004 7.2524624
-0.27590753 -0.018161526 0.96101255 29.536847 0.0065751731 0.99976242 0.020781572 1.1249221 -0.96116173 0.012052617 -0.27572257 7.005439
-0.30185001 -0.0032656832 0.95334979 30.303194 0.0095813675 0.99993324 0.0064589113 1.1116117 -0.95330732 0.011084018 -0.30179857 6.7373422
-0.32689878 0.013532349 0.94496243 31.099965 0.0098733759 0.99989181 -0.010903385 1.0886382 -0.94500782 0.0057656668 -0.32699703 6.4988148
-0.35257164 0.028052735 0.93536421 31.803277 0.0085471957 0.99960541 -0.026757668 1.0681913 -0.93574583 -0.0014392533 -0.35267229 6.1982297
-0.37692783 0.039636467 0.92539413 32.594599 0.013538507 0.999213 -0.037283824 1.0299332 -0.92614372 -0.0015248551 -0.37716781 5.8511024
-0.40097278 0.04391196 0.91503688 33.333177 0.016928055 0.99903512 -0.040525033 0.98181413 -0.91593359 -0.00075963988 -0.40132924 5.5468492
-0.42261751 0.042898067 0.90529229 34.06813 0.019217708 0.99907876 -0.038370819 0.93437651 -0.9061044 0.0011814633 -0.42305258 5.1985697
-0.44338081 0.039921744 0.89544382 34.820399 0.023604768 0.99918122 -0.032858739 0.89065289 -0.89602251 0.0065678102 -0.44396013 4.8022094
-0.46151976 0.038941573 0.88627479 35.542592 0.031846658 0.99911943 -0.02731593 0.8553366 -0.88655816 0.01561805 -0.46235352 4.4015757
-0.4744227 0.039681892 0.87940229 36.24963 0.034775115 0.99904852 -0.026320186 0.80913694 -0.87961006 0.018094423 -0.47535124 3.9886039
-0.48661432 0.043000597 0.87255795 36.963124 0.037766576 0.99888961 -0.028164424 0.76226032 -0.87280024 0.019248315 -0.48769798 3.5998032
-0.49638728 0.045581544 0.86690364 37.633962 0.039150768 0.99877992 -0.030097909 0.72108414 -0.86721794 0.018999725 -0.4975662 3.2013634
-0.50590976 0.044628058 0.86143113 38.312155 0.032803594 0.99893371 -0.032486419 0.67282717 -0.86196247 0.011822842 -0.50683427 2.7821238
-0.5174982 0.043688901 0.85456821 39.021345 0.031069114 0.99899656 -0.032258221 0.63390409 -0.8551201 0.0098571067 -0.5183363 2.3841533
-0.52612958 0.045153242 0.8492048 39.71344 0.033761141 0.9989112 -0.032196408 0.59634061 -0.84973403 0.011730641 -0.52708115 1.9477707
-0.53398365 0.048746129 0.8440884 40.370018 0.037669089 0.99871693 -0.03384587 0.5574149 -0.84465529 0.013722901 -0.53513473 1.5388817
-0.53727358 0.052492201 0.8417729 41.123234 0.038835354 0.99854243 -0.037480988 0.51036807 -0.84251349 0.012553005 -0.53852902 1.0839012
-0.53667877 0.053159763 0.84211037 41.806661 0.037192844 0.9985338 -0.039331198 0.46310978 -0.84296658 0.010212262 -0.53786905 0.62831756
-0.53392201 0.053827549 0.84381859 42.504492 0.039735458 0.99846631 -0.038550179 0.42806019 -0.84459957 0.01294673 -0.53524201 0.17599352
-0.52796215 0.053053753 0.84760911 43.277154 0.038074702 0.99852198 -0.038783604 0.37914367 -0.84841401 0.01179619 -0.52920182 -0.27731102
-0.52084759 0.051669396 0.8520845 44.029052 0.03579759 0.99861051 -0.038672822 0.3390838 -0.85289881 0.010359926 -0.52197352 -0.73549759
-0.51349753 0.051248296 0.8565593 44.80334 0.034398768 0.99864196 -0.039127489 0.29101405 -0.85740135 0.0093727165 -0.51456306 -1.1799796
-0.50625937 0.050363261 0.86090936 45.63526 0.031937164 0.99870336 -0.03964351 0.24122203 -0.86178972 0.0074251063 -0.5072114 -1.6607648
-0.50249634 0.047419343 0.86327792 46.442211 0.026905539 0.99886885 -0.03920611 0.18416278 -0.86416063 0.003526032 -0.50320378 -2.1021536
-0.5015243 0.044650851 0.86399052 47.262933 0.022756936 0.99900258 -0.038418429 0.14357464 -0.86484424 0.00039400236 -0.50204018 -2.5838309
-0.50135414 0.042856994 0.8641801 48.117292 0.019987397 0.99907968 -0.037951332 0.090952284 -0.86501132 -0.0017543458 -0.50174934 -3.0561552
-0.50307484 0.041134724 0.86326333 48.96891 0.018195047 0.99914937 -0.037006393 0.039796149 -0.86405134 -0.002909867 -0.50339536 -3.5384679
-0.50356034 0.040345302 0.86301749 49.836415 0.018082508 0.99918241 -0.036159963 -0.010189639 -0.86377085 -0.0026032018 -0.50387817 -4.0386242
-0.5038727 0.039705166 0.86286484 50.696828 0.018108356 0.99920899 -0.035404678 -0.061287599 -0.86358812 -0.0022143865 -0.50419313 -4.5346998
-0.50304508 0.040276091 0.86332116 51.599127 0.019124345 0.9991877 -0.035471118 -0.1128954 -0.86404859 -0.0013331187 -0.50340671 -5.068842
-0.50374563 0.038687953 0.86298524 52.487929 0.018281705 0.99925034 -0.034125289 -0.16712889 -0.8636586 -0.0014136231 -0.50407527 -5.5782042
-0.50430616 0.037475988 0.8627113 53.382452 0.016173497 0.9992925 -0.033954671 -0.21949737 -0.86337349 -0.0031704908 -0.50455548 -6.0767933
-0.50439105 0.036455412 0.8627054 54.268104 0.015318888 0.99932892 -0.03327235 -0.27718659 -0.86333948 -0.0035665881 -0.50461102 -6.5855674
-0.50342263 0.035938415 0.86329254 55.169335 0.014390353 0.99934477 -0.033210569 -0.32795184 -0.8639205 -0.0042958669 -0.50360995 -7.1040676
-0.50266982 0.034363035 0.86379521 56.06914 0.013796531 0.99940128 -0.031729002 -0.38480734 -0.86436842 -0.0040318336 -0.50284296 -7.5993569
-0.50068922 0.032250661 0.86502609 56.953291 0.014534251 0.99947806 -0.028850787 -0.43674742 -0.86550513 -0.0018727708 -0.50089663 -8.1187696
-0.4980765 0.030958416 0.86658024 57.838921 0.014932088 0.99952051 -0.027125299 -0.48687607 -0.86700455 -0.00057062117 -0.49829996 -8.6337054
-0.49576482 0.030722 0.86791321 58.737374 0.015228825 0.99952797 -0.02668191 -0.54095999 -0.86832332 -1.0653457e-05 -0.49599866 -9.1294015
-0.49317179 0.031206862 0.86937199 59.62608 0.015973102 0.99951273 -0.026817256 -0.58767895 -0.86978532 0.00066105372 -0.49342995 -9.6391197
-0.49182411 0.031546574 0.87012286 60.508008 0.016198372 0.99950198 -0.027081362 -0.63309046 -0.87054392 0.00077530763 -0.49209018 -10.145057
-0.49324983 0.0328891 0.86926569 61.401561 0.015121234 0.99945819 -0.029234713 -0.68846469 -0.8697563 -0.001275646 -0.49347991 -10.611555
-0.49508483 0.034518986 0.86815862 62.277345 0.013637902 0.99939611 -0.031959851 -0.7433226 -0.86873764 -0.0039829741 -0.49525662 -11.128536
-0.49987832 0.035187655 0.86538051 63.148451 0.012762368 0.99936513 -0.033263614 -0.79762856 -0.86600164 -0.0055834545 -0.50001004 -11.629445
-0.50551777 0.033483634 0.86216621 64.019964 0.012078384 0.99942342 -0.031732268 -0.85026814 -0.86273168 -0.00562765 -0.50563073 -12.131048
-0.51046946 0.031671901 0.85931237 64.89383 0.015656932 0.99949814 -0.027537854 -0.90921124 -0.85975336 -0.00060303806 -0.51070916 -12.648194
-0.51666307 0.029694318 0.85567369 65.746318 0.013012112 0.9995553 -0.026830596 -0.95668431 -0.85608996 -0.0027282558 -0.5168197 -13.138729
-0.52159614 0.031877474 0.85259676 66.59866 0.013966453 0.99948689 -0.028825196 -1.010001 -0.85307823 -0.0031273573 -0.52177372 -13.666177
-0.5260927 0.034077458 0.84974416 67.425949 0.0143143 0.99941012 -0.031217286 -1.0573008 -0.85030679 -0.0042596924 -0.52627016 -14.191642
-0.53122322 0.034510167 0.84652872 68.25118 0.013268256 0.99938641 -0.032415421 -1.1116232 -0.84712803 -0.0059878644 -0.53135516 -14.69436
-0.53462639 0.034945668 0.84436566 69.087141 0.01219064 0.99935961 -0.033641645 -1.1652645 -0.84500064 -0.0076923531 -0.53471003 -15.214543
-0.53828332 0.033570666 0.84209501 69.911586 0.011435712 0.99940527 -0.032532013 -1.2267738 -0.84268639 -0.0078814835 -0.5383471 -15.735794
-0.54055929 0.027047332 0.840871 70.739741 0.013381854 0.99963306 -0.023551437 -1.2707765 -0.84119952 -0.0014785346 -0.54072289 -16.263512
-0.54261472 0.020010528 0.83974329 71.560932 0.015252207 0.9997861 -0.013968762 -1.3066446 -0.83984326 0.0052282836 -0.54280386 -16.803981
-0.54399445 0.01789572 0.83889792 72.372575 0.01659739 0.99980643 -0.010565489 -1.3381567 -0.83892468 0.0081759492 -0.54418617 -17.31986
-0.54421822 0.022184702 0.83865029 73.177318 0.014907537 0.99974819 -0.01677238 -1.3819589 -0.83881127 0.0033743758 -0.5444119 -17.845489
-0.54601173 0.026612371 0.83735471 73.972518 0.014756784 0.99964579 -0.022147803 -1.4255287 -0.83764759 0.00026370289 -0.54621104 -18.362695
-0.54694006 0.031850758 0.83656562 74.775158 0.021203031 0.99948248 -0.024191153 -1.4574033 -0.83690326 0.0045066176 -0.54733234 -18.884743
-0.54638522 0.032973131 0.83688464 75.568731 0.024602639 0.9994254 -0.023314642 -1.5004848 -0.8371726 0.0078507955 -0.5468825 -19.41266
-0.54587589 0.030050559 0.83732695 76.375806 0.024299772 0.99950405 -0.020029207 -1.5475059 -0.83751364 0.0094133934 -0.54633538 -19.932303
-0.54554134 0.025139848 0.83770674 77.176108 0.022407067 0.99963021 -0.015407027 -1.5797167 -0.83778436 0.010365382 -0.54590291 -20.445396
-0.54468221 0.019694073 0.83841122 77.977013 0.021538233 0.99972298 -0.0094907178 -1.6040584 -0.83836594 0.012888472 -0.5449555 -20.967048
-0.54449914 0.012805335 0.83866361 78.7874 0.012203618 0.99989856 -0.0073440357 -1.6408482 -0.83867265 0.0062359101 -0.54460018 -21.458078
-0.54366972 0.0070239864 0.83926983 79.590436 0.0029378564 0.99997478 -0.00646584 -1.6696687 -0.83929415 -0.0010496264 -0.54367664 -21.953653
-0.54079103 0.007893451 0.8411199 80.398892 0.0061638795 0.99996631 -0.0054211216 -1.6955581 -0.84113443 0.0022528686 -0.54082147 -22.477917
-0.53816797 0.011250844 0.84276248 81.178361 0.012169542 0.99991039 -0.0055775823 -1.7197253 -0.84274978 0.0072543583 -0.53825666 -22.977675
-0.53196823 0.013564885 0.84665562 81.946639 0.011789841 0.99989341 -0.0086122591 -1.75265 -0.84668227 0.0054004874 -0.53207146 -23.456832
-0.52469509 0.015808784 0.8511434 82.734064 0.017100481 0.99982154 -0.0080285222 -1.7756309 -0.8511185 0.010342436 -0.52487179 -23.949653
-0.51665826 0.019283615 0.85597449 83.534811 0.02574823 0.9996441 -0.0069788475 -1.8102213 -0.85580449 0.01843415 -0.5169709 -24.437478
-0.50621645 0.018476634 0.86220848 84.355549 0.023419096 0.99969629 -0.0076731906 -1.8355705 -0.86208846 0.016307849 -0.50649541 -24.913497
-0.49642111 0.015548738 0.86794254 85.151845 0.019212405 0.99979146 -0.0069221762 -1.8625334 -0.86786925 0.01323895 -0.49661632 -25.360201
-0.48470096 0.012077072 0.87459651 85.963685 0.02020122 0.99979253 -0.002610364 -1.8843286 -0.87444665 0.016402672 -0.48484437 -25.797359
-0.47311454 0.011260337 0.88092892 86.789285 0.020072074 0.99979654 -0.0019997705 -1.910236 -0.88077228 0.016735951 -0.4732443 -26.23313
-0.46204461 0.010497949 0.88679451 87.622132 0.020172969 0.99979563 -0.0013249876 -1.9327756 -0.88662726 0.017277076 -0.46216196 -26.655064
-0.44936373 0.012394404 0.89326287 88.447585 0.023526536 0.99972114 -0.0020363269 -1.9506115 -0.89303908 0.020100331 -0.44953002 -27.069811
-0.43682583 0.01584857 0.89940644 89.27652 0.024624607 0.99968077 -0.0056557813 -1.9736166 -0.89920904 0.01967694 -0.43707665 -27.459437
-0.42572504 0.025363862 0.90449698 90.114785 0.025727651 0.99954222 -0.015919726 -2.0080272 -0.90448678 0.016493158 -0.42618271 -27.852
-0.4126479 0.030967533 0.91036402 90.942633 0.026762114 0.99940266 -0.021865653 -2.0332348 -0.91049743 0.015340451 -0.41323017 -28.220332
-0.4014991 0.026305294 0.91548153 91.78934 0.022491889 0.99956917 -0.018857275 -2.0713263 -0.91558323 0.013019731 -0.40191778 -28.580109
-0.38940902 0.023742911 0.92075883 92.640508 0.025913114 0.99955441 -0.01481553 -2.104365 -0.92070038 0.018090429 -0.38985076 -28.928555
-0.37964042 0.023654423 0.92483163 93.474183 0.021955178 0.99962188 -0.016554802 -2.1391377 -0.92487361 0.014019972 -0.38001621 -29.254803
-0.37296518 0.027866829 0.92742673 94.325092 0.016681569 0.99958871 -0.023326611 -2.1807138 -0.92769541 0.0067709208 -0.37327664 -29.588073
-0.36800615 0.032323349 0.92926132 95.160862 0.0082146015 0.99946961 -0.031512319 -2.2227853 -0.92978711 -0.0039632152 -0.36807649 -29.907285
-0.36456301 0.034654632 0.93053361 96.010917 0.0056837669 0.99937145 -0.03499149 -2.2674297 -0.93116141 -0.0074676661 -0.36453083 -30.229259
-0.36119735 0.0345197 0.9318502 96.866352 0.005330432 0.99937467 -0.034954947 -2.3147639 -0.9324742 -0.0076584697 -0.36115549 -30.557543
-0.35598037 0.034046738 0.93387297 97.717818 0.0033101114 0.99937576 -0.035173036 -2.366985 -0.93448761 -0.0094296864 -0.35587086 -30.867532
-0.35045434 0.030669023 0.9360775 98.555633 0.002687868 0.99949253 -0.03174041 -2.4091339 -0.936576 -0.0086075107 -0.35035893 -31.16744
-0.3450316 0.026601781 0.93821398 99.415076 0.0021843283 0.99961833 -0.027539522 -2.4604222 -0.93858857 -0.0074526372 -0.34495802 -31.482621
-0.33914771 0.023442559 0.94044096 100.26114 5.8659832e-05 0.99968999 -0.024898315 -2.4979087 -0.94073317 -0.0083890397 -0.33904395 -31.776323
-0.33383238 0.022006686 0.9423755 101.10771 -0.0043942133 0.99968025 -0.024901516 -2.546377 -0.94262225 -0.012453931 -0.33362893 -32.061284
-0.3273698 0.021339114 0.94465527 101.96203 -0.017270148 0.99944283 -0.028561686 -2.5857742 -0.9447385 -0.02566457 -0.32681887 -32.334375
-0.32053883 0.025037341 0.94690438 102.80267 -0.014439511 0.99940531 -0.031313482 -2.6347227 -0.94712535 -0.023710023 -0.31998668 -32.615918
-0.31391771 0.029172103 0.94900189 103.65126 -0.011813294 0.99933049 -0.034626878 -2.6800312 -0.94937674 -0.022080828 -0.31336292 -32.880818
-0.30711379 0.027420594 0.95127764 104.49963 -0.013182531 0.99936634 -0.033062644 -2.7191741 -0.95158153 -0.02269424 -0.30655772 -33.150604
-0.30012351 0.02225941 0.95364056 105.3593 -0.013761154 0.99952263 -0.027661185 -2.7632263 -0.95380113 -0.021424966 -0.29967393 -33.414219
-0.29326505 0.019681697 0.95582852 106.20918 -0.013759467 0.99959762 -0.024804603 -2.8032054 -0.9559322 -0.020426014 -0.29287624 -33.659211
-0.28667664 0.022664777 0.95775923 107.07167 -0.016591898 0.99945272 -0.028617715 -2.8486425 -0.95788376 -0.024095073 -0.28614369 -33.908989
-0.28024932 0.025348978 0.95959245 107.93549 -0.017055808 0.99936197 -0.031380699 -2.8981911 -0.95977575 -0.025161044 -0.27963817 -34.151923
-0.27350221 0.026235913 0.96151346 108.78301 -0.018348261 0.99930375 -0.032486216 -2.9350566 -0.9616964 -0.026527152 -0.2728304 -34.380335
-0.26662058 0.025186758 0.96347237 109.66285 -0.019001107 0.99932683 -0.031382205 -2.9865125 -0.96361429 -0.026674183 -0.26596253 -34.616181
-0.25892461 0.025151744 0.96556996 110.50153 -0.015849456 0.99941568 -0.030283522 -3.0269767 -0.96576753 -0.023144907 -0.25837468 -34.834755
-0.25098608 0.026150522 0.96763736 111.36589 -0.01167309 0.99948057 -0.030038857 -3.0730881 -0.96792035 -0.018834653 -0.25055045 -35.055588
-0.24423712 0.027011467 0.96933922 112.24365 -0.0093674255 0.99949961 -0.03021215 -3.1160286 -0.96967033 -0.016459141 -0.24386188 -35.275335
-0.23768004 0.026042516 0.97099429 113.10137 -0.016322251 0.9993923 -0.030799524 -3.1586172 -0.9712064 -0.023169245 -0.23711053 -35.465416
-0.23136915 0.023864727 0.97257324 113.97538 -0.020675961 0.99935267 -0.029440514 -3.2024364 -0.97264634 -0.026920513 -0.23072595 -35.662849
-0.22679063 0.02418166 0.97364325 114.8605 -0.018182828 0.99941237 -0.029056991 -3.2425238 -0.97377383 -0.024293441 -0.22621767 -35.8678
-0.22240348 0.02430042 0.97465178 115.71031 -0.016314284 0.9994566 -0.028641581 -3.2898406 -0.97481825 -0.022270733 -0.22188619 -36.05451
-0.21762301 0.025762233 0.97569281 116.59515 -0.016264535 0.99941707 -0.030016365 -3.3349496 -0.97589742 -0.022401441 -0.21707714 -36.246275
-0.2117744 0.024948581 0.97700005 117.44786 -0.010202168 0.99956321 -0.027736171 -3.3728418 -0.97726537 -0.015841329 -0.21142737 -36.430973
-0.20660637 0.023708788 0.97813681 118.32141 -0.0024120496 0.99969099 -0.024740716 -3.4134023 -0.97842121 -0.0074709032 -0.20648534 -36.618821
-0.20168365 0.022587223 0.9791902 119.21231 -0.00035206473 0.99973232 -0.023133587 -3.4564894 -0.97945069 -0.0050104038 -0.20162171 -36.803046
-0.19755951 0.024136412 0.97999367 120.06724 -0.0017898631 0.99968629 -0.024982247 -3.4931706 -0.9802893 -0.0066895344 -0.19745434 -36.965676
-0.19409889 0.025934258 0.98063905 120.93507 -0.0053410117 0.99960773 -0.027493059 -3.5374914 -0.98096747 -0.010573976 -0.19388424 -37.124914
-0.19239763 0.025450383 0.98098692 121.83067 -0.0061008301 0.99961329 -0.027130152 -3.5745729 -0.98129813 -0.011204611 -0.19216797 -37.294721
-0.19092642 0.024397126 0.98130108 122.67592 -0.0068533045 0.99963359 -0.026186318 -3.6179088 -0.98158047 -0.011724814 -0.19068926 -37.452575
-0.19041041 0.020102159 0.9814987 123.56579 -0.005925855 0.99974858 -0.021625549 -3.6526966 -0.98168673 -0.0099339481 -0.19024342 -37.619649
-0.18926204 0.014761316 0.98181562 124.42422 -0.0050568356 0.99985909 -0.016007386 -3.6916831 -0.98191364 -0.00799447 -0.18916072 -37.778415
-0.18809729 0.012699202 0.98206826 125.29098 -0.0018487821 0.99991005 -0.013284015 -3.7215981 -0.9821487 -0.0043143168 -0.18805689 -37.939516
-0.18713009 0.017266186 0.98218335 126.15817 -0.0055881601 0.99981063 -0.018640743 -3.761531 -0.98231929 -0.0089768411 -0.18699817 -38.097399
-0.1868499 0.02167566 0.98214928 126.9995 -0.0038728339 0.99973253 -0.022800505 -3.7943967 -0.98238088 -0.0080639723 -0.18671598 -38.251451
-0.18716253 0.020295753 0.98211923 127.85508 -0.0080974763 0.9997207 -0.022202627 -3.8268635 -0.98229563 -0.012108187 -0.18694591 -38.403801
-0.18651618 0.019577029 0.98225678 128.71988 -0.0083626496 0.99973359 -0.021513297 -3.8654937 -0.98241634 -0.012226847 -0.18630278 -38.563935
-0.18572801 0.019761895 0.98240241 129.5527 -0.0022993057 0.99978626 -0.02054628 -3.8998613 -0.98259854 -0.0060748624 -0.18564288 -38.725482
-0.18543887 0.022339728 0.98240179 130.41342 -0.0057953706 0.9996993 -0.023827009 -3.9447896 -0.98263875 -0.010111836 -0.18525365 -38.879129
-0.18544263 0.023815777 0.98236641 131.23294 -0.016263744 0.99949494 -0.027301156 -3.9778652 -0.98252054 -0.021039754 -0.18496164 -39.009946
-0.18502313 0.025357364 0.98240692 132.06396 -0.020183497 0.99935814 -0.029596188 -4.0163968 -0.98252692 -0.025304386 -0.18439257 -39.153213
-0.18521226 0.028250597 0.98229234 132.89694 -0.021108613 0.99924169 -0.032718108 -4.063198 -0.98247184 -0.026794624 -0.18447549 -39.305005
-0.18434199 0.029275743 0.98242602 133.72325 -0.01692227 0.99931359 -0.032954269 -4.1080428 -0.98271651 -0.022699734 -0.18372005 -39.453732
-0.18295139 0.029877535 0.98266782 134.5459 -0.019309638 0.99923608 -0.033976318 -4.1499972 -0.98293235 -0.025190974 -0.18223471 -39.598374
-0.18084012 0.027964817 0.98311481 135.37652 -0.016231013 0.99937469 -0.031412961 -4.1876293 -0.98337861 -0.021637673 -0.18027314 -39.752752
-0.1778783 0.026368696 0.9836991 136.20301 -0.0056018739 0.99959759 -0.027807828 -4.2409447 -0.98403659 -0.010456967 -0.17765901 -39.89998
-0.17547169 0.02228989 0.98423207 137.00802 0.0039477586 0.99975155 -0.02193754 -4.271036 -0.9844766 3.6094221e-05 -0.17551609 -40.056317
-0.17140016 0.022132604 0.98495282 137.83889 0.0062845089 0.99975185 -0.021371526 -4.3099245 -0.98518149 0.0025268628 -0.17149672 -40.194833
-0.16678751 0.026120104 0.98564678 138.63807 0.0016247776 0.99965497 -0.026216388 -4.3579782 -0.98599157 -0.0027711084 -0.16677241 -40.32362
-0.16014667 0.029679996 0.98664688 139.44366 0.0039807138 0.99955914 -0.029422291 -4.3967432 -0.98708524 -0.0007843224 -0.16019422 -40.449704
-0.15246351 0.029565393 0.98786673 140.24021 -0.0030439293 0.99953365 -0.030384353 -4.4393324 -0.98830445 -0.0076395009 -0.15230242 -40.564854
-0.14221002 0.027007787 0.98946794 141.03026 0.010393873 0.99961332 -0.025790861 -4.4606467 -0.98978198 0.0066166862 -0.14243575 -40.67908
-0.13038099 0.025805722 0.99112803 141.81256 0.021464247 0.9995004 -0.023200129 -4.4986416 -0.99123164 0.018248962 -0.13086975 -40.783329
-0.1166769 0.027346682 0.99279332 142.64075 0.017046154 0.99952874 -0.02552888 -4.5440559 -0.99302367 0.013944678 -0.11708807 -40.878422
-0.10258698 0.028695319 0.99431002 143.40993 0.016313425 0.99949793 -0.027161916 -4.5776348 -0.9945903 0.013434144 -0.1030036 -40.949647
-0.088656586 0.028313392 0.99565972 144.19096 0.016251728 0.99950398 -0.026975606 -4.6155692 -0.9959297 0.013789627 -0.089072753 -41.014433
-0.075015449 0.030385152 0.99671929 144.98321 0.023449713 0.99931299 -0.02869934 -4.651268 -0.99690665 0.021219889 -0.075676437 -41.067266
-0.06107361 0.035802076 0.99749092 145.77626 0.018805685 0.99922038 -0.034712728 -4.7006749 -0.99795613 0.01663847 -0.06169928 -41.108944
-0.04857892 0.044984218 0.9978058 146.52312 0.0096680498 0.99895968 -0.044565541 -4.7533916 -0.9987726 0.0074818914 -0.048963294 -41.123226
-0.035007483 0.053473886 0.99795538 147.28767 0.001953858 0.99856925 -0.053438237 -4.7988201 -0.99938518 7.9125706e-05 -0.035061878 -41.128498
-0.021467896 0.054719721 0.9982709 148.06862 0.0018249574 0.99850154 -0.054693116 -4.8481776 -0.99976791 0.00064765662 -0.02153559 -41.139077
-0.0099508091 0.050583266 0.99867023 148.83214 0.00080147078 0.9987198 -0.050577789 -4.9006243 -0.99995021 0.00029711593 -0.0099786126 -41.129724
0.001602517 0.047936572 0.99884905 149.6126 0.0021488034 0.99884791 -0.047939963 -4.9532965 -0.99999645 0.0022231557 0.0014976629 -41.122334
0.010519308 0.054017014 0.99848456 150.35851 -0.0023102552 0.9985385 -0.053995591 -5.0158449 -0.99994204 -0.0017387571 0.010628726 -41.09632
0.017292237 0.062365806 0.9979035 151.11481 -0.0089602548 0.99802236 -0.062217964 -5.0677057 -0.99981037 -0.0078655812 0.017816852 -41.07288
0.020256591 0.065797579 0.99762732 151.86655 -0.013910714 0.99775406 -0.065523483 -5.1199134 -0.99969808 -0.012550425 0.021126386 -41.045686
0.019925386 0.061675823 0.99789728 152.60649 -0.017173911 0.99796933 -0.061337356 -5.1773806 -0.999654 -0.015915628 0.020944138 -41.019145
0.018691445 0.056162507 0.99824662 153.36333 -0.01074276 0.99837474 -0.055968563 -5.2470499 -0.99976763 -0.0096777902 0.019264406 -41.00416
0.015527763 0.053769569 0.99843259 154.10781 -0.011891039 0.99849234 -0.053587854 -5.2983302 -0.99980877 -0.011040301 0.016143727 -40.986567
0.012538492 0.053870291 0.99846918 154.86455 -0.011271448 0.99849189 -0.053729971 -5.3500338 -0.9998579 -0.0105805 0.013126777 -40.969935
0.0088362065 0.054085444 0.99849717 155.59883 -0.012112379 0.99846873 -0.053976713 -5.4079884 -0.99988764 -0.011617226 0.0094777778 -40.961999
0.0048147685 0.052321873 0.99861862 156.35292 -0.0086730195 0.99859487 -0.05227881 -5.4625954 -0.99995084 -0.0084093277 0.0052617902 -40.95831
-0.00089448031 0.052682238 0.99861088 157.09808 -0.013109846 0.99852489 -0.052689442 -5.5125989 -0.9999137 -0.013138764 -0.00020250639 -40.953846
-0.006967637 0.05085029 0.99868194 157.83645 -0.012709942 0.99862105 -0.050935863 -5.5625831 -0.99989499 -0.013048092 -0.0063117262 -40.948855
-0.012431986 0.04797895 0.99877094 158.57765 -0.0090255916 0.99880209 -0.048092789 -5.6143726 -0.99988203 -0.0096123868 -0.011984057 -40.964612
-0.017808459 0.047984323 0.99868928 159.30778 -0.009874573 0.99879057 -0.04816527 -5.6665414 -0.9997927 -0.010719379 -0.017313098 -40.97169
-0.023212266 0.049186177 0.99851982 160.02747 -0.012159706 0.9987012 -0.049477783 -5.7130538 -0.99965665 -0.013290199 -0.02258403 -40.983122
-0.027422051 0.051495738 0.99829662 160.74877 -0.01432849 0.99854937 -0.051902361 -5.7684539 -0.99952129 -0.015727352 -0.026644417 -40.998319
-0.029955011 0.053455877 0.99812078 161.46252 -0.012473645 0.99847118 -0.053848993 -5.8193641 -0.99947346 -0.014063251 -0.029242427 -41.01587
-0.031464777 0.055232792 0.99797757 162.17476 -0.011739943 0.99838269 -0.055625355 -5.8744602 -0.99943595 -0.013466438 -0.030765461 -41.037593
-0.030547419 0.053472525 0.99810193 162.89307 -0.0070025438 0.99853203 -0.053709882 -5.9261947 -0.99950883 -0.0086299501 -0.030128134 -41.061948
-0.026849098 0.04987199 0.99839462 163.60447 -0.0027054683 0.99874744 -0.049962368 -5.9702189 -0.99963588 -0.0040425688 -0.026680542 -41.082096
-0.019314061 0.049131895 0.9986055 164.31756 -0.0014378577 0.99878945 -0.049168754 -6.0273244 -0.99981247 -0.0023855001 -0.019220037 -41.088872
-0.0085114528 0.050407233 0.99869244 165.0112 -0.00020885683 0.99872854 -0.050410833 -6.0784628 -0.9999638 -0.00063765234 -0.0084901045 -41.086909
0.0052250913 0.050826537 0.99869379 165.68967 3.1151206e-05 0.99870745 -0.050827393 -6.1289923 -0.99998639 0.00029668913 0.0052167528 -41.074994
0.020999458 0.048553063 0.99859979 166.38101 -0.00015673868 0.99882023 -0.048560483 -6.1727203 -0.99977952 0.0008632255 0.020982293 -41.054118
0.036834046 0.04342432 0.99837743 167.08516 -0.0016440365 0.99905672 -0.043393209 -6.2145529 -0.99932009 -4.3020569e-05 0.036870691 -41.007492
0.053249415 0.037091129 0.99789211 167.75432 -0.0043814143 0.99930899 -0.036909992 -6.2547121 -0.99857167 -0.0024067424 0.053375129 -40.961114
0.070402094 0.029984776 0.99706789 168.42858 -0.0055350802 0.99954447 -0.029668426 -6.2985698 -0.99750338 -0.0034301306 0.07053599 -40.900023
0.088375634 0.022054603 0.99584299 169.12078 -0.0049974851 0.99975209 -0.021697676 -6.3289828 -0.99607472 -0.0030591639 0.08846394 -40.82626
0.10560296 0.015841486 0.99428214 169.77423 -0.0064451432 0.999863 -0.015245862 -6.3613291 -0.99438753 -0.0047982819 0.10569059 -40.740222
0.12349814 0.013378854 0.99225457 170.43485 -0.0076176013 0.99989243 -0.012533734 -6.3915688 -0.99231561 -0.0060107062 0.12358677 -40.644122
0.14128491 0.012708912 0.98988736 171.07152 -0.0078668489 0.99990043 -0.011714645 -6.4122098 -0.98993776 -0.0061321911 0.14137082 -40.540887
0.15919431 0.011928581 0.98717516 171.70591 -0.0079690197 0.99990995 -0.010797358 -6.4306846 -0.98721515 -0.0061479397 0.15927503 -40.422579
0.1751073 0.011613474 0.98448082 172.35143 -0.013202275 0.99986822 -0.0094467336 -6.4473123 -0.98446088 -0.011343194 0.17523755 -40.289239
0.18936407 0.0079887257 0.98187441 172.97551 -0.015254386 0.99987016 -0.0051931848 -6.4659419 -0.98178849 -0.013994488 0.18946134 -40.152244
0.2016958 0.0036438998 0.97944139 173.60314 -0.012300893 0.99992364 -0.0011869855 -6.4844248 -0.97937101 -0.011808593 0.20172522 -40.01576
0.21278439 0.0020565348 0.97709697 174.22419 -0.0092344012 0.99995736 -9.3655285e-05 -6.5028979 -0.97705558 -0.0090029764 0.2127943 -39.875663
0.22257714 0.0055871227 0.97489903 174.82036 -0.01308261 0.99991066 -0.0027436002 -6.5231971 -0.97482734 -0.012143561 0.22263034 -39.720559
0.23122558 0.012525558 0.97281949 175.43223 -0.016446727 0.99982456 -0.0089641052 -6.541844 -0.97276118 -0.013926966 0.23139101 -39.565161
0.24049818 0.022791083 0.97038194 175.9996 -0.017537009 0.99966314 -0.019132452 -6.5616748 -0.97049119 -0.012416276 0.24081686 -39.411177
0.24892528 0.02957931 0.96807086 176.58816 -0.012983649 0.99954562 -0.027202462 -6.5743078 -0.9684357 -0.0057977109 0.24919622 -39.260303
0.25531671 0.028057077 0.96645026 177.20073 -0.012028454 0.99959368 -0.02584159 -6.5909404 -0.96678269 -0.005027112 0.25555045 -39.094772
0.26139923 0.020622811 0.9650104 177.80138 -0.015326104 0.99973437 -0.017213391 -6.6143461 -0.96510913 -0.010290282 0.26164586 -38.914707
0.26564647 0.0098451014 0.9640202 178.40378 -0.019186019 0.99980381 -0.0049236223 -6.6373514 -0.96387962 -0.017187766 0.26578324 -38.734361
0.26756462 0.00045725473 0.96353977 179.0179 -0.016960477 0.99984719 0.0042352574 -6.663233 -0.96339068 -0.017475299 0.26753149 -38.564426
0.26863929 -0.00063914445 0.9632406 179.62196 -0.013774056 0.99989498 0.0045049287 -6.6822254 -0.9631424 -0.014477931 0.26860227 -38.393506
0.26975321 0.0030270437 0.96292469 180.22824 -0.013048208 0.99991474 0.00051199289 -6.683223 -0.96284112 -0.012702552 0.26976971 -38.220859
0.27155975 0.0023976042 0.96241856 180.83035 -0.0094547336 0.99995529 0.00017666791 -6.6957533 -0.96237518 -0.0091473863 0.27157027 -38.052905
0.27301616 0.00056202199 0.96200924 181.44162 -0.011125633 0.9999348 0.0025732524 -6.6935194 -0.96194515 -0.011405501 0.27300461 -37.874832
0.2755981 -0.0035933776 0.96126619 182.05392 -0.01088566 0.99991723 0.0068588156 -6.7119766 -0.96121135 -0.012354293 0.27553617 -37.68939
0.27875986 -0.0093889623 0.9603149 182.67289 -0.0093358363 0.99987847 0.012485777 -6.720833 -0.9603155 -0.012445876 0.27863833 -37.508819
0.28282953 -0.012425196 0.95908967 183.29464 -0.0085890311 0.99984319 0.015486017 -6.7309417 -0.95913178 -0.012617553 0.28267845 -37.324947
0.28945433 -0.013599395 0.95709517 183.89791 -0.0078408022 0.99983183 0.016577936 -6.7244879 -0.95715975 -0.012302949 0.28929902 -37.12989
0.29712101 -0.016829809 0.95469146 184.52625 -0.0062784102 0.9997886 0.019578785 -6.7272307 -0.95481923 -0.011811212 0.29695253 -36.929926
0.30663188 -0.019579253 0.95162675 185.14145 -0.0032103518 0.99976145 0.021604036 -6.7302619 -0.95182281 -0.0096795422 0.30649588 -36.725102
0.31780437 -0.01750709 0.94799462 185.76731 -0.0042382054 0.9997933 0.019884492 -6.735963 -0.94814687 -0.010337174 0.31766448 -36.507875
0.32936931 -0.013841549 0.94409967 186.37447 -0.0052313999 0.99985044 0.016484003 -6.7360559 -0.94418672 -0.010368287 0.32924764 -36.279133
0.34062368 -0.0098697563 0.94014787 186.982 -0.0070596312 0.99988986 0.013054698 -6.7321888 -0.94017325 -0.011083836 0.34051648 -36.047556
0.35244901 -0.0091390052 0.93578635 187.6119 -0.0068245429 0.99990063 0.012335508 -6.7310657 -0.93580617 -0.010733951 0.35235161 -35.79907
0.36378772 -0.012412648 0.93139913 188.23654 -0.0053710886 0.99986663 0.015422957 -6.7331197 -0.93146644 -0.010613309 0.36367253 -35.542142
0.37476257 -0.014164112 0.92701258 188.85969 -0.0052141429 0.99983528 0.01738471 -6.7343613 -0.9271062 -0.011348714 0.37462699 -35.283992
0.38639058 -0.01411313 0.92222723 189.4836 -0.0089612913 0.99977829 0.019054479 -6.7422906 -0.92229176 -0.015626818 0.38617844 -35.006502
0.39546584 -0.015433396 0.91835097 190.09467 -0.010758309 0.99971239 0.021433527 -6.7305005 -0.91841771 -0.01835613 0.39518606 -34.724634
0.40310391 -0.014590715 0.91503786 190.73651 -0.014776413 0.99963878 0.022449207 -6.7319516 -0.91503496 -0.02257034 0.4027427 -34.425334
0.40723888 -0.016830462 0.91316656 191.37662 -0.014733886 0.99957902 0.024993893 -6.7247452 -0.91320287 -0.023632977 0.40681946 -34.133507
0.40941818 -0.022502918 0.91206924 192.01707 -0.0087624396 0.99955268 0.028594708 -6.7169459 -0.9123048 -0.019699144 0.40903785 -33.844806
0.4097168 -0.019896591 0.91199572 192.67337 -0.008133604 0.99964268 0.02546279 -6.7152867 -0.91217655 -0.017850345 0.40940857 -33.558006
0.408609 -0.019988887 0.91249058 193.33284 -0.0060662859 0.99967859 0.024615269 -6.7108302 -0.91268941 -0.015593449 0.40835641 -33.255755
0.40776765 -0.018826948 0.91289157 193.99828 -0.0028186329 0.99975669 0.021877422 -6.7062406 -0.91308141 -0.011494011 0.40761537 -32.964544
0.40791718 -0.02032708 0.91279259 194.6694 -0.00057334707 0.99974624 0.022519683 -6.6976313 -0.91301879 -0.0097095119 0.40780201 -32.664136
0.40660983 -0.025834053 0.91323654 195.35675 0.002707854 0.99962981 0.02707234 -6.6916071 -0.91359793 -0.0085349676 0.40652926 -32.36727
0.40624906 -0.029258641 0.9132938 196.03073 0.0036671346 0.99953138 0.030390177 -6.6866117 -0.91375507 -0.0089968087 0.40616598 -32.055066
0.4046815 -0.031849196 0.91390286 196.72411 0.0049159948 0.99945463 0.032653815 -6.6767521 -0.91444452 -0.0087216524 0.40461737 -31.749761
0.40292358 -0.0322951 0.91466362 197.4035 0.0046919412 0.999437 0.03322142 -6.6672219 -0.91522164 -0.0090941449 0.40284826 -31.429133
0.40145514 -0.032390246 0.91530572 198.08559 0.0032266909 0.99941827 0.033951532 -6.6556698 -0.91587304 -0.010676608 0.40132612 -31.127968
0.39904988 -0.031294211 0.916395 198.78318 0.0019826864 0.99944454 0.033266918 -6.6501771 -0.91692711 -0.011458235 0.39889027 -30.835891
0.39851637 -0.028023553 0.91673296 199.46627 0.0031848708 0.99956935 0.029171267 -6.6450874 -0.91715573 -0.0087055504 0.398434 -30.528486
0.39763602 -0.022131522 0.91727625 200.14719 0.0018319851 0.99972622 0.023326669 -6.6436601 -0.91754145 -0.0075950868 0.39756769 -30.229048
0.39591136 -0.019449391 0.9180827 200.84203 0.00049099457 0.99978002 0.020968396 -6.6312538 -0.91828864 -0.007850852 0.39583381 -29.924675
0.39525052 -0.021673622 0.9183176 201.52838 -0.00056151106 0.99971571 0.023836414 -6.6250654 -0.91857323 -0.009937 0.39512599 -29.628147
0.39370026 -0.025558597 0.91888345 202.22174 -0.00082856278 0.99960312 0.028158803 -6.6169929 -0.91923854 -0.01184748 0.39352283 -29.324993
0.39067699 -0.024716008 0.92019592 202.90573 -0.0047936938 0.9995713 0.028883195 -6.6178225 -0.92051539 -0.015695136 0.39039102 -29.032053
0.38682267 -0.024807643 0.92182034 203.5967 -0.0072529672 0.99952531 0.029942363 -6.6118175 -0.92212564 -0.018268317 0.38645912 -28.727637
0.37968666 -0.025829649 0.92475445 204.27904 -0.0084308258 0.99947203 0.03137815 -6.6079845 -0.92507677 -0.019710308 0.37926843 -28.452142
0.37119973 -0.026301696 0.92818043 204.97007 -0.0071231898 0.99948868 0.031171066 -6.5945208 -0.92852576 -0.018182296 0.37082258 -28.163498
