1.000000000000000000e+00 -3.306050084167601550e-19 -2.270457535318767223e-19 -8.673617379884035472e-19 7.546676715296109287e-19 1.000000000000000000e+00 6.237773588823049983e-19 1.387778780781445676e-17 -3.447385680526250622e-20 4.770700176052009879e-20 1.000000000000000222e+00 5.551115123125782702e-17
9.999173659342678322e-01 -3.627957747833651138e-03 1.232752527465270746e-02 1.433493812872265773e-02 3.609741595980103454e-03 9.999923543659953173e-01 1.499016840311266467e-03 -1.040928409668374910e-02 -1.233287212887441454e-02 -1.454379653260864675e-03 9.999228502525631113e-01 2.970051518046465389e-01
9.998235641543572472e-01 -5.893465163334510488e-03 1.783210951314880346e-02 2.898620172780077067e-02 5.877839734241253888e-03 9.999822940001273919e-01 9.285773828265622091e-04 -1.707683891928740705e-02 -1.783726618047295001e-02 -8.235881483902255523e-04 9.998405074880631904e-01 5.842176520600739220e-01
9.997635631677135315e-01 -8.062432055936739200e-03 2.019143358552901585e-02 3.769098786780147176e-02 8.065942544020772431e-03 9.999674627015885386e-01 -9.228482960995573736e-05 -2.309753852106667671e-02 -2.019003277955572218e-02 2.551826714484833588e-04 9.997960708790503137e-01 8.862576680607203716e-01
9.997890081133798956e-01 -9.305740893539086317e-03 1.831181805134761767e-02 4.032080906619654043e-02 9.341544092320280129e-03 9.999546303523585422e-01 -1.870140303867566913e-03 -2.637419613606380164e-02 -1.829358458795890194e-02 2.040797744612380879e-03 9.998305459519865046e-01 1.183279832276089794e+00
9.998543959493703115e-01 -1.207568263009275653e-02 1.205764837506082335e-02 3.892734641125294298e-02 1.211590840509696627e-02 9.999213064485990010e-01 -3.267812780470425848e-03 -2.442861619769952364e-02 -1.201725111164135031e-02 3.413429809182156553e-03 9.999219232390853529e-01 1.507928608160639561e+00
9.999061177122061661e-01 -1.361138006608020486e-02 -1.573343653327291189e-03 3.565075694449930388e-02 1.360350128481350659e-02 9.998953528103597943e-01 -4.912246740820695907e-03 -3.699454393703568988e-02 1.640068643101246469e-03 4.890374762442135752e-03 9.999866945699027454e-01 1.834838274557700544e+00
9.997891998379612177e-01 -1.239227154669080878e-02 -1.637027144739422110e-02 1.416286018809137515e-02 1.231340529421729932e-02 9.999121333249220145e-01 -4.911028482525202528e-03 -4.338818146162429223e-02 1.642968108528602283e-02 4.708410127512334571e-03 9.998539565824478004e-01 2.162423207171271233e+00
9.993406825627482171e-01 -8.900984359338341007e-03 -3.518856339752305523e-02 -2.000673312772400375e-02 8.699255215041151040e-03 9.999448670172360609e-01 -5.880239023938446490e-03 -4.941453852849744810e-02 3.523895846511590491e-02 5.570193190178376712e-03 9.993629747043788480e-01 2.509010878804867062e+00
9.985420103328579433e-01 -5.456626779393382309e-03 -5.369667384990424452e-02 -6.237043686027868988e-02 5.098869264626818519e-03 9.999639212368051089e-01 -6.795901193034054912e-03 -5.248217309983342627e-02 5.373182123452405895e-02 6.512183381925636463e-03 9.985338037475675055e-01 2.863916672765471905e+00
9.972281481412089699e-01 -3.426114969817877984e-03 -7.434186659547628584e-02 -1.108724429463991135e-01 2.935470104733578934e-03 9.999731721225061376e-01 -6.711097080326854612e-03 -6.205344441918411724e-02 7.436286613578095561e-02 6.474267584636553274e-03 9.972114595443294371e-01 3.226354515482530161e+00
9.953007903134126755e-01 -5.093626009926090735e-03 -9.670203527713833180e-02 -1.571304862574822991e-01 4.504529324821299370e-03 9.999699309964228400e-01 -6.310696149856485047e-03 -6.391524931686605460e-02 9.673128881109170629e-02 5.845308734674353052e-03 9.952938634222203707e-01 3.600698645619830440e+00
9.931943053888031558e-01 -6.845928913957977265e-03 -1.162649682825782765e-01 -2.175378737030208842e-01 6.260691106260016930e-03 9.999658680596862359e-01 -5.397336864212886123e-03 -6.973543903981122005e-02 1.162979526294138505e-01 4.632804034290970152e-03 9.932031778965729751e-01 3.990499317792431722e+00
9.910895016014286130e-01 -5.865060148745380661e-03 -1.330327574807562696e-01 -2.910167258235107912e-01 5.311308792005612830e-03 9.999756807325127506e-01 -4.516279390622547109e-03 -8.013281675847906682e-02 1.330560098165176341e-01 3.769400867798242995e-03 9.910965779962591649e-01 4.384889719534437624e+00
9.886531112263046150e-01 -4.625018158093866828e-03 -1.501430862651872977e-01 -3.682390449682562683e-01 3.994499489385627822e-03 9.999818948673340202e-01 -4.500366411151334768e-03 -8.338196862985296220e-02 1.501612019938270703e-01 3.849705850359349917e-03 9.886537168983050572e-01 4.803694777834570218e+00
9.867710792791007934e-01 -4.575897264704276504e-03 -1.620555049616199672e-01 -4.591022392286753795e-01 3.995141961227185318e-03 9.999843946795353711e-01 -3.908519669795542870e-03 -9.176713565304409070e-02 1.620708747865254040e-01 3.209473557652113302e-03 9.867739244826788658e-01 5.217053900528765276e+00
9.845916780200733021e-01 -4.829250581460384391e-03 -1.747846732953262094e-01 -5.516333885654967073e-01 4.006152300099263819e-03 9.999791627262646365e-01 -5.063239625948889704e-03 -9.904630869530763049e-02 1.748054936822526495e-01 4.284918482278274147e-03 9.845904909072571431e-01 5.653887879904811342e+00
9.827196613412871873e-01 -8.775511810446376404e-03 -1.849092019442062917e-01 -6.364157393251774764e-01 7.537678873087520597e-03 9.999442464391462559e-01 -7.400081100213330015e-03 -1.109842183978931168e-01 1.849638344757245922e-01 5.878451740701732403e-03 9.827310063698047049e-01 6.101705799803491814e+00
9.811765251270496702e-01 -7.627437196709611206e-03 -1.929981714545408455e-01 -7.352857410514214154e-01 6.064814606689041855e-03 9.999438377224335595e-01 -8.687434798858069060e-03 -1.194098239373920511e-01 1.930536190071751035e-01 7.353395936107140138e-03 9.811677187964826796e-01 6.566930930237082187e+00
9.797179342449767736e-01 -7.273580436526499819e-03 -2.002586601594103233e-01 -8.451035160082849274e-01 5.102449091924970460e-03 9.999224847340878464e-01 -1.135757844876373636e-02 -1.186119595328338217e-01 2.003257673095751867e-01 1.010527196002170697e-02 9.796791129385078456e-01 7.039881343710128192e+00
9.780930427175774655e-01 -8.182979764472788839e-03 -2.080253381778184862e-01 -9.527294197263933562e-01 5.466177904761227759e-03 9.998921122070726364e-01 -1.363194769551897591e-02 -1.287546064736648233e-01 2.081144735976639126e-01 1.219632312954394698e-02 9.780322796723657230e-01 7.523774298798100446e+00
9.764677642660043455e-01 -1.203624683682296727e-02 -2.153696499087773553e-01 -1.068406885732700706e+00 8.913565899704158427e-03 9.998406101980329419e-01 -1.546864521376742699e-02 -1.394148485248559166e-01 2.155215362870408213e-01 1.318483728258508514e-02 9.764194797878248400e-01 8.027718750740890030e+00
9.748629599157657699e-01 -1.787126728578462831e-02 -2.221080343053297435e-01 -1.183128324156118127e+00 1.441422916853008808e-02 9.997486773086535772e-01 -1.717754045730474771e-02 -1.564732989268738661e-01 2.223591392984693160e-01 1.354542615743551184e-02 9.748753336770703548e-01 8.545879764979353865e+00
9.726601588753034378e-01 -1.870665624350167228e-02 -2.314648158994193905e-01 -1.312677934097720378e+00 1.491142599322356835e-02 9.997242957348427828e-01 -1.813561268000070739e-02 -1.759202072950054596e-01 2.317402915595821455e-01 1.418744062844021561e-02 9.726709705569378528e-01 9.071500109027352821e+00
9.708472019977201217e-01 -1.445931724191409744e-02 -2.392622336443585573e-01 -1.467695337727336513e+00 9.050094436322601160e-03 9.996783388512288093e-01 -2.369046552617463941e-02 -1.800316306382421239e-01 2.395278282714899121e-01 2.083456185757558837e-02 9.706657151973464570e-01 9.602807600802785615e+00
9.690694310926833976e-01 -1.187061129917397866e-02 -2.464858612222969592e-01 -1.622653538296968012e+00 5.597942861855081942e-03 9.996428650312738640e-01 -2.613193654689580786e-02 -1.970807362290222797e-01 2.467079665493983609e-01 2.394444646467993112e-02 9.687896708293205483e-01 1.014515790118542604e+01
9.665045009682977639e-01 -1.417466422188001611e-02 -2.562069432823150805e-01 -1.774363230075908682e+00 7.092338980798243951e-03 9.995674918558531408e-01 -2.854817334143502916e-02 -2.169949277712559521e-01 2.565005861273034760e-01 2.577513865207712099e-02 9.661872091793284323e-01 1.071378565216624601e+01
9.641980126596233491e-01 -1.630565627820405178e-02 -2.646114226951157833e-01 -1.932404972351195571e+00 8.713401538009403480e-03 9.995169080363996983e-01 -2.983975182884811631e-02 -2.464569600200758326e-01 2.649700821698023900e-01 2.646503132947235909e-02 9.638743169939494315e-01 1.127782643656744810e+01
9.620135970221107558e-01 -1.624944796689665669e-02 -2.724858365355493639e-01 -2.111686813492418047e+00 7.550321428742095241e-03 9.994289248821044414e-01 -3.293043744297818876e-02 -2.678426125457906704e-01 2.728654467588144117e-01 2.962197671018771197e-02 9.615867220418605754e-01 1.186477579618640732e+01
9.596665271469404512e-01 -1.568531178317384214e-02 -2.807397683002240685e-01 -2.301185739719040058e+00 5.698739841299103707e-03 9.993226704018138840e-01 -3.635956759347334227e-02 -2.879430193056952136e-01 2.811198742028818143e-01 3.329350866682161819e-02 9.591058546935249396e-01 1.245498633189938786e+01
9.578699261254636221e-01 -1.639820301388373452e-02 -2.867068022703538333e-01 -2.496467025804214313e+00 4.629844616071402373e-03 9.991206176686154850e-01 -4.167479445814839534e-02 -3.208651603045760137e-01 2.871379695271264465e-01 3.859195360465683677e-02 9.571034274583625212e-01 1.305050141655416951e+01
9.562100306890589652e-01 -1.737001926140252159e-02 -2.922201942747597037e-01 -2.692277447950553793e+00 2.952044884572479957e-03 9.987589568832161424e-01 -4.971275824831172113e-02 -3.578537258366674689e-01 2.927214791834569785e-01 4.667186277748983786e-02 9.550746692537444016e-01 1.366095896147482591e+01
9.547005787051767722e-01 -1.849572648694885676e-02 -2.969539993444453851e-01 -2.898613684896351739e+00 1.515702947630285288e-03 9.983558117333207749e-01 -5.730887568715476582e-02 -3.936602806742905969e-01 2.975255944472942060e-01 5.426279293980416918e-02 9.531588600535988443e-01 1.429435106350990914e+01
9.535963913835794337e-01 -1.757090135498296651e-02 -3.005113023697024155e-01 -3.106693203620249033e+00 -2.413544960728561482e-03 9.978176004390866272e-01 -6.598841779179098754e-02 -4.403548537306789523e-01 3.010146114522946337e-01 6.365266640810601784e-02 9.514728160958826342e-01 1.493165754027775805e+01
9.522780428044749224e-01 -1.742485510091471013e-02 -3.047657143661225421e-01 -3.330528519836167156e+00 -5.813240250823219733e-03 9.971527706162836013e-01 -7.519614125004642213e-02 -4.830614646923694910e-01 3.052082438392741959e-01 7.337939367396432988e-02 9.494652847161435538e-01 1.556607535290720357e+01
9.514318722594276023e-01 -1.801835082277336228e-02 -3.073238533434565212e-01 -3.550610031468943717e+00 -7.606508585481791193e-03 9.966051744075504759e-01 -8.197311993827563481e-02 -5.427932899380911724e-01 3.077572162366706832e-01 8.033075952061810576e-02 9.480648453274984622e-01 1.621990641803568423e+01
9.495521521307610513e-01 -1.558373171706874463e-02 -3.132750502482489763e-01 -3.783732253469509921e+00 -1.289763605555071906e-02 9.959790526967381430e-01 -8.866102898372268948e-02 -6.032724085557459315e-01 3.133971443313385841e-01 8.822849677610625219e-02 9.455330814044959897e-01 1.689184947218501520e+01
9.477016054892106744e-01 -1.450413321989916550e-02 -3.187647990728045277e-01 -4.032492427142665647e+00 -1.663299864250051066e-02 9.953649359937563057e-01 -9.471268816486298758e-02 -6.720666700249156023e-01 3.186607858299346785e-01 9.506221811102663621e-02 9.430676657657210971e-01 1.756291789567913852e+01
9.466903825205291723e-01 -1.224075868366981783e-02 -3.218951343747807337e-01 -4.281528796866219011e+00 -2.132924860318110433e-02 9.947034271356082202e-01 -1.005703020473438652e-01 -7.439585025323978140e-01 3.214214310714957890e-01 1.020744314501445121e-01 9.414151736698210815e-01 1.825144867042511976e+01
9.447751764737164493e-01 -9.667249658395766013e-03 -3.275761384542700272e-01 -4.541511777776608305e+00 -2.575779599829173400e-02 9.942820982618442160e-01 -1.036327091938279987e-01 -8.232465467190190900e-01 3.267040464022730739e-01 1.063501380962424830e-01 9.391241827839710288e-01 1.895940247752372088e+01
9.431492392056951557e-01 -7.125533975446360704e-03 -3.323025981992269728e-01 -4.815674589763527358e+00 -2.975274301295847967e-02 9.939463186526539262e-01 -1.057659752957218202e-01 -9.001024085930118268e-01 3.310438428868709981e-01 1.096423395226791553e-01 9.372278102141607947e-01 1.966068415668147296e+01
9.410259259583921843e-01 -6.348039746502403928e-03 -3.383149431429735565e-01 -5.094450662057510293e+00 -3.081613926854750302e-02 9.940599639733810333e-01 -1.043857593991918131e-01 -9.889095663375653267e-01 3.369677042984228210e-01 1.086557802094738068e-01 9.352406290806782874e-01 2.038350938775721133e+01
9.389189808046053409e-01 -6.489596491967053286e-03 -3.440694050574916174e-01 -5.372953194146896649e+00 -3.071977305416371401e-02 9.942503742878989748e-01 -1.025702054210603648e-01 -1.075033580290641000e+00 3.427574287936783759e-01 1.068722944754466886e-01 9.333210089822030486e-01 2.111168613392123916e+01
9.363363925485232997e-01 -6.652103018247852370e-03 -3.509395667059941881e-01 -5.660019623147679368e+00 -3.094554770269472219e-02 9.943660474518711823e-01 -1.013806558055575097e-01 -1.159796974125532065e+00 3.496366686903988330e-01 1.057877550013409107e-01 9.308551032773462186e-01 2.185145094551980804e+01
9.338394176072309927e-01 -6.075564768875730756e-03 -3.576825488001399433e-01 -5.957346419406023941e+00 -3.086738338892740935e-02 9.947570968824588356e-01 -9.751126397404448476e-02 -1.243496808149218591e+00 3.563997405536046825e-01 1.021005013860880051e-01 9.287557422852127376e-01 2.258136251627724178e+01
9.296355185855178505e-01 -3.514901460468990158e-03 -3.685084258675887514e-01 -6.273193364532112959e+00 -3.282784105861475538e-02 9.951882731342984734e-01 -9.233993502306987733e-02 -1.325138485500473084e+00 3.670598067573112577e-01 9.794043315186728993e-02 9.250469496475243192e-01 2.336306828702285543e+01
9.265766676111131250e-01 -1.198542047849162706e-03 -3.760431416162890450e-01 -6.593420986415419627e+00 -3.389865613106621267e-02 9.956588345174400834e-01 -8.668038308110680157e-02 -1.409917267558555398e+00 3.745145893142152183e-01 9.306370552230192050e-02 9.225135313225275580e-01 2.411601372044256664e+01
9.228105076266273077e-01 1.266932202502033282e-03 -3.852019797735172779e-01 -6.930691794448375020e+00 -3.610201046679659825e-02 9.958785586117170352e-01 -8.318271124157430862e-02 -1.483476775348528287e+00 3.835085127033788233e-01 9.067042504784796064e-02 9.190530239868754947e-01 2.487022878232442835e+01
9.193952861026613022e-01 3.014317372484472384e-03 -3.932811360991950167e-01 -7.278825225711311298e+00 -3.789399838662797088e-02 9.959981480266234533e-01 -8.096773605468195190e-02 -1.562350218974901894e+00 3.914637249514053563e-01 8.934501958288691703e-02 9.158298749107851577e-01 2.563797215987973388e+01
9.155702819588092956e-01 3.249938532905262845e-03 -4.021863558095880586e-01 -7.622739288461966467e+00 -3.890364636562828465e-02 9.959932133075848348e-01 -8.050979313099067280e-02 -1.644806516751571523e+00 4.003134988960927454e-01 8.935570313775416385e-02 9.120282734752138687e-01 2.640927602008316910e+01
9.115152939723518699e-01 3.326402035300909769e-03 -4.112100713563851540e-01 -7.984200271709754659e+00 -3.928177457714393528e-02 9.960998914571210783e-01 -7.900496436772308506e-02 -1.715674758779812237e+00 4.093439181168903040e-01 8.816558017077616438e-02 9.080906503897717696e-01 2.718390552117577030e+01
9.070424192968679078e-01 3.756261779345679893e-03 -4.210606277032713507e-01 -8.362075164644867442e+00 -4.004705710343414021e-02 9.961964095731383750e-01 -7.738016572326288089e-02 -1.790105743587087295e+00 4.191687474530556567e-01 8.704601591693386653e-02 9.037427943027541710e-01 2.796885190930745679e+01
9.037660288521273122e-01 3.711786386196274951e-03 -4.279858155929734953e-01 -8.745123066346730312e+00 -3.972969181442602415e-02 9.963728860111208396e-01 -7.523493129506469979e-02 -1.864720332576703887e+00 4.261543939800131464e-01 8.499644437151489262e-02 9.006354806026029003e-01 2.876205180449329291e+01
9.012598849035301507e-01 3.767194552992498332e-03 -4.332375392964119554e-01 -9.141621953519344146e+00 -3.859466432225624327e-02 9.966854285339473707e-01 -7.161432500849049254e-02 -1.935928327674062643e+00 4.315321192514681714e-01 8.126184859003161842e-02 8.984176826639020952e-01 2.955858411409177577e+01
8.965432013893859242e-01 5.813867380424398053e-03 -4.429409266771878184e-01 -9.558155112388622143e+00 -3.884462147956695838e-02 9.970934575418141099e-01 -6.553456576364549702e-02 -2.002628887730222296e+00 4.412723043661960776e-01 7.596104588380202249e-02 8.941633550878128611e-01 3.037386305532406183e+01
8.936751273383410910e-01 5.754405833546424355e-03 -4.486646236036679891e-01 -9.975110423288377604e+00 -3.704132263299216715e-02 9.974508880030439339e-01 -6.099923955849247820e-02 -2.071671594100354508e+00 4.471698102927168517e-01 7.113674976795002214e-02 8.916104648946686639e-01 3.119190930669793715e+01
8.890648688742114336e-01 6.522144586799319757e-03 -4.576897674401547711e-01 -1.041420353517618480e+01 -3.769584387115725715e-02 9.975459076512839252e-01 -5.898240354983617234e-02 -2.136210421465841502e+00 4.561820570766659255e-01 6.968806574578115254e-02 8.871286210002922168e-01 3.201616149444598136e+01
8.868419313160614825e-01 5.521845407359966991e-03 -4.620765175014857618e-01 -1.085895193637697531e+01 -3.635332067928868233e-02 9.976627445451646814e-01 -5.783949208274650339e-02 -2.200639221885448471e+00 4.606768727005215447e-01 6.809275407572831784e-02 8.849701285401719852e-01 3.284615166887584792e+01
8.835940201706297126e-01 5.135435692393581532e-03 -4.682744480668682430e-01 -1.131483961640265967e+01 -3.523463382248850223e-02 9.978340759720274455e-01 -5.553339168398693099e-02 -2.255891102114630176e+00 4.669752966643604952e-01 6.556375421470725384e-02 8.818610574332403917e-01 3.368947395827306224e+01
8.816556008426909008e-01 5.120710106934166922e-03 -4.718882653350609524e-01 -1.177894617450911774e+01 -3.468327808966238657e-02 9.979397367057635249e-01 -5.397409840809520160e-02 -2.320394745505777401e+00 4.706395775500382683e-01 6.395380056825510084e-02 8.800167458866045012e-01 3.453856948651923631e+01
8.786328158522899168e-01 3.465689654560533909e-03 -4.775223656775984260e-01 -1.225640344840954654e+01 -3.354669980384633599e-02 9.979505500383224481e-01 -5.447696791368418501e-02 -2.381496773659067756e+00 4.763544838470782916e-01 6.388693973782458291e-02 8.769487457541328412e-01 3.539275377960449731e+01
8.768400790357203656e-01 2.382466514353458447e-03 -4.807729984094258335e-01 -1.273449225672734464e+01 -3.267194277291236154e-02 9.979713214204791738e-01 -5.464004760933154764e-02 -2.443223038135164060e+00 4.796676877385678828e-01 6.361729046396560894e-02 8.751389488747027823e-01 3.624988795490123294e+01
8.746544602571704186e-01 1.780302708902842777e-03 -4.848942382169920684e-01 -1.323422820644097975e+01 -3.253426177481143905e-02 9.979539754826660669e-01 -5.504580091885502569e-02 -2.504369866989470061e+00 4.838045129567807301e-01 6.391808262936679585e-02 8.729228848320630396e-01 3.712471949018011230e+01
8.742156028864774830e-01 2.933586699314261626e-03 -4.854790980201186823e-01 -1.373548761981524891e+01 -3.330835369656136996e-02 9.979882910605875068e-01 -5.397038864349782555e-02 -2.565119426427550753e+00 4.843442796925555571e-01 6.335625739401311296e-02 8.725546524053219288e-01 3.801851482265445981e+01
8.747194999201477472e-01 2.751339517350251396e-03 -4.846427631756105581e-01 -1.424507806859433678e+01 -3.235248614797332778e-02 9.980847466891541453e-01 -5.273134274143267963e-02 -2.630873423772130515e+00 4.835698707578486299e-01 6.180118776840145406e-02 8.731329219888732673e-01 3.891481744719330038e+01
8.739544624720235744e-01 1.386812952125789089e-03 -4.860935088597843623e-01 -1.476955810139536673e+01 -3.029277173201696399e-02 9.982069128455061113e-01 -5.162286534744892769e-02 -2.692619251051609375e+00 4.851503694294682090e-01 5.983988654053328665e-02 8.724295031691039481e-01 3.982556651372185286e+01
8.747727667120028805e-01 -9.155074928056122644e-04 -4.845194724493660510e-01 -1.529262078591562712e+01 -2.838558026237631565e-02 9.981840213910437853e-01 -5.314171639230771266e-02 -2.756039339217978057e+00 4.836887161618856901e-01 6.023752469117679698e-02 8.731580619412042665e-01 4.074451669925240793e+01
8.730101510222718630e-01 -2.274148227958252243e-03 -4.877335552123333029e-01 -1.581749969897924579e+01 -2.704979045231337489e-02 9.982240225178959925e-01 -5.307591046661082335e-02 -2.819860667349503469e+00 4.869879766298478296e-01 5.953059760109406101e-02 8.713983943423703193e-01 4.167490038483393988e+01
8.716792987827925998e-01 -3.570881220698494344e-03 -4.902748643749519353e-01 -1.634898423149492430e+01 -2.482208543484652752e-02 9.983683716615435744e-01 -5.141708760918578536e-02 -2.881426293201118316e+00 4.896589364703720082e-01 5.698275018107302331e-02 8.701682867204284522e-01 4.261337807696491353e+01
8.689595043130995400e-01 -2.586132874696873626e-03 -4.948351535200004037e-01 -1.688807452616776672e+01 -2.406931945783184409e-02 9.985820529543941726e-01 -4.747794355922552167e-02 -2.946726653018941544e+00 4.942560806837221210e-01 5.316965699972245329e-02 8.676652255503473077e-01 4.353787663834634003e+01
8.664792661077682645e-01 -2.593068884809545099e-03 -4.992556920253685138e-01 -1.743267958357868253e+01 -2.184974716707271600e-02 9.988312961346129670e-01 -4.311699961501225253e-02 -3.010041670255195978e+00 4.987845042306919829e-01 4.826357198970925716e-02 8.654097789632160254e-01 4.446860479745837580e+01
8.630687189441998974e-01 -3.806080048409095189e-03 -5.050676198765483571e-01 -1.798122593797628355e+01 -2.008060987119264160e-02 9.989225706625053380e-01 -4.184042760682379208e-02 -3.072118177082672208e+00 5.046828552149973390e-01 4.625122278595496239e-02 8.620622720807644690e-01 4.539028426354354906e+01
8.577848137745315293e-01 -7.331079916915510426e-03 -5.140406515609162730e-01 -1.854337666664622475e+01 -1.792816046202473645e-02 9.988631913316913247e-01 -4.416671950365590876e-02 -3.140909461350867460e+00 5.137803950240080741e-01 4.709725582804668437e-02 8.566782702424406981e-01 4.630937469713558841e+01
8.526519200289381928e-01 -9.352098601361857541e-03 -5.224017223792757347e-01 -1.910589250364310132e+01 -1.789840073900342970e-02 9.987300356263675294e-01 -4.709587597905070394e-02 -3.206290428311659557e+00 5.221785969707375408e-01 4.950886659821617658e-02 8.514017481487108352e-01 4.721606127363456551e+01
8.456844283149571595e-01 -9.829002822797012692e-03 -5.334519434484997769e-01 -1.968735995838643049e+01 -1.780632888269098602e-02 9.987540464237597559e-01 -4.662419309640548903e-02 -3.265646030829497448e+00 5.332452422904255807e-01 4.893235022385122868e-02 8.444557971118692441e-01 4.812649836640408552e+01
8.402348414344087413e-01 -7.316767684833465173e-03 -5.423301791410665151e-01 -2.028796139987000302e+01 -1.808517133014517567e-02 9.989743748604882345e-01 -4.149751036874236437e-02 -3.318334926480559055e+00 5.420779504921768854e-01 4.467091556247054090e-02 8.392407124656319217e-01 4.902880519057770670e+01
8.362181894185469755e-01 -3.235820641156259957e-03 -5.484579099448612105e-01 -2.089442193720326912e+01 -1.999891682969050233e-02 9.991374726139414797e-01 -3.639993465806086459e-02 -3.379993177888044542e+00 5.481026900624805798e-01 4.140661008519957997e-02 8.354322088514533062e-01 4.992693194793941558e+01
8.311329938101832404e-01 -2.706807678754120493e-03 -5.560781316165545052e-01 -2.150283320595749004e+01 -2.232588035417294031e-02 9.990194592635015525e-01 -3.823056502419647923e-02 -3.442198101605507876e+00 5.556366074270734368e-01 4.418682410217970868e-02 8.302575338991244891e-01 5.081407595979552383e+01
8.286970635076538194e-01 -4.950977120510175258e-03 -5.596976421194642670e-01 -2.211539809865231376e+01 -2.302748227647220813e-02 9.988125610931144482e-01 -4.293761357307271376e-02 -3.496051884515957831e+00 5.592458353429050621e-01 4.846872703326264575e-02 8.275990060564281103e-01 5.170366714664670837e+01
8.263665114347618079e-01 -6.132567044776327837e-03 -5.631879734727247566e-01 -2.273034697558235706e+01 -2.589163574684298294e-02 9.984693689384571691e-01 -4.887123668656877251e-02 -3.562641526082026111e+00 5.626258046765590937e-01 5.496568087475557640e-02 8.249429625528066357e-01 5.257404862915464605e+01
8.224526028535149580e-01 -6.707972391442395405e-03 -5.687958191679720610e-01 -2.334912722016097675e+01 -2.676158996304096177e-02 9.983669432737226623e-01 -5.046782174522601583e-02 -3.626973730581770194e+00 5.682054701730314683e-01 5.673014859965101742e-02 8.209300147057400077e-01 5.343997719176935135e+01
8.195546360462917512e-01 -5.825294990405613382e-03 -5.730527646400745967e-01 -2.396791570840230889e+01 -2.563823263527842053e-02 9.985740900956261434e-01 -4.681786703765338647e-02 -3.694908583460943863e+00 5.725087103336080618e-01 5.305686205083334772e-02 8.182365683145642610e-01 5.432787854317163578e+01
8.161977802867564913e-01 -4.289751784877759641e-03 -5.776644977042925122e-01 -2.460915401886632381e+01 -2.383983953873841308e-02 9.988707809330045206e-01 -4.109699588649502050e-02 -3.753484901832648379e+00 5.771883924389124010e-01 4.731717693825992360e-02 8.151739057068138061e-01 5.520722032769766940e+01
8.141201324570193076e-01 -1.539008216897154663e-03 -5.805756147863500027e-01 -2.524664310725197325e+01 -2.486354884781160832e-02 9.989870057973344597e-01 -3.749878994037073726e-02 -3.809379976421295666e+00 5.800450025462807746e-01 4.496680804439244505e-02 8.132572120645551461e-01 5.608355051683031434e+01
8.112648725806202998e-01 -5.798160257371043217e-04 -5.847477075471864127e-01 -2.588153623193360886e+01 -2.669556084593411108e-02 9.989199495807018492e-01 -3.802322763096305236e-02 -3.871277911691807905e+00 5.841382519574722654e-01 4.645315329988884689e-02 8.103731416867924198e-01 5.695127590622801250e+01
8.062944288246874924e-01 -3.594940640800163394e-03 -5.915113258990443157e-01 -2.653975192251756710e+01 -2.532541538779401954e-02 9.988547042804925002e-01 -4.059270743167572859e-02 -3.925503677882493214e+00 5.909794968631795209e-01 4.771345439757267159e-02 8.052801538516073387e-01 5.782095858835842250e+01
8.023168466952084188e-01 -4.172073637595522487e-03 -5.970123475427658866e-01 -2.719024003881068907e+01 -2.627750095629151350e-02 9.987592213614060466e-01 -4.230351147636297882e-02 -3.987503498381649525e+00 5.964479973768581633e-01 4.962843549442180063e-02 8.012119992842364757e-01 5.869953121805127694e+01
7.990913200069420519e-01 -5.871624124073940992e-03 -6.011682320625849618e-01 -2.785435060187613132e+01 -2.504041513361073001e-02 9.987595128243791365e-01 -4.304000850048635141e-02 -4.046400163986817233e+00 6.006750756549531500e-01 4.944947593520408052e-02 7.979531432276391056e-01 5.956526671761550062e+01
7.935014700971640966e-01 -6.928099279521607312e-03 -6.085194146075353361e-01 -2.853476308479284640e+01 -2.345321265368442015e-02 9.988443218274645208e-01 -4.195484544185951181e-02 -4.106142909868064628e+00 6.081068267839568886e-01 4.756249296251510023e-02 7.924217881077203485e-01 6.042985122180438395e+01
7.890942320260159182e-01 -6.888521313852799532e-03 -6.141146730856474889e-01 -2.920914122689316628e+01 -2.332337534188942685e-02 9.988800705119613710e-01 -4.117024490885611704e-02 -4.168325843745803283e+00 6.137101814258000276e-01 4.681750993277906947e-02 7.880499317569142903e-01 6.128976583520798016e+01
7.839913286071654719e-01 -7.469886841247071370e-03 -6.206833478296247542e-01 -2.989963461652829579e+01 -2.364536219431223260e-02 9.988426394328414615e-01 -4.189545435595058015e-02 -4.231112596545075100e+00 6.202779616405086349e-01 4.752384824024306897e-02 7.829072729382343665e-01 6.214559792742899447e+01
7.785034898497685818e-01 -8.887565208347953521e-03 -6.274903905581541430e-01 -3.059219819555381648e+01 -2.338727055629157003e-02 9.987945117317722499e-01 -4.315526286493505392e-02 -4.292784165610163072e+00 6.271172947528799169e-01 4.827551711311400817e-02 7.773572523056359040e-01 6.299275826284409874e+01
7.737697212761863730e-01 -1.070540038323685751e-02 -6.334268747051507997e-01 -3.129912786256648971e+01 -2.224218481450159629e-02 9.987814954049504257e-01 -4.405326701222125191e-02 -4.352609055488868783e+00 6.331265739035861762e-01 4.817832987986358367e-02 7.725888709233860174e-01 6.383790005302653725e+01
7.676618580066812969e-01 -1.190377307933861324e-02 -6.407550374888194566e-01 -3.202687812134492873e+01 -2.155968529461634725e-02 9.987818205327692045e-01 -4.439420052783381310e-02 -4.411525293993938668e+00 6.405029386839525829e-01 4.789568783051265100e-02 7.664701851194547499e-01 6.469036325906634488e+01
7.623049343151477864e-01 -1.313075022973722063e-02 -6.469427145726374118e-01 -3.274917957018548265e+01 -2.156614176978223843e-02 9.987236406991720772e-01 -4.567133290585740496e-02 -4.479793086504717969e+00 6.467167350323339559e-01 4.876893271404485891e-02 7.610488662011954952e-01 6.553649756207381927e+01
7.550203057818188901e-01 -1.505864861897233085e-02 -6.555373253269062284e-01 -3.348305076002348812e+01 -1.997623769791216294e-02 9.987438658206724273e-01 -4.594609385331933915e-02 -4.545481495987492515e+00 6.554062523295115517e-01 4.777994609358614947e-02 7.537711667993032272e-01 6.637113918573402316e+01
7.495341846277232545e-01 -1.600912624884678892e-02 -6.617180442424981379e-01 -3.423600827402698599e+01 -1.801957932535372051e-02 9.988436114375592867e-01 -4.457410176592595252e-02 -4.604240099385900287e+00 6.616666731772320453e-01 4.533170419439465360e-02 7.483789960031991262e-01 6.720849338983578036e+01
7.436332214261306417e-01 -1.574764511298365477e-02 -6.682834078251318477e-01 -3.499338001668331799e+01 -1.855509361554239303e-02 9.988513833945728004e-01 -4.417992317535112540e-02 -4.661927897265889520e+00 6.682111772478549483e-01 4.526027101776878420e-02 7.424869184642090003e-01 6.803999792883580255e+01
7.364185311020943203e-01 -1.771094972252172661e-02 -6.762976042857541392e-01 -3.577499684555026249e+01 -1.696535534890924318e-02 9.988594486588219246e-01 -4.462534941507047270e-02 -4.726692066803290793e+00 6.763166610088975350e-01 4.433792729355554019e-02 7.352779813711336487e-01 6.885797998312850154e+01
7.308962315337561577e-01 -1.837592846285956635e-02 -6.822062265050075069e-01 -3.656641439082027034e+01 -1.791511588004937247e-02 9.987763386146505384e-01 -4.610541694433586274e-02 -4.787064838667512312e+00 6.822187236030529123e-01 4.591863027526849744e-02 7.296725917664189653e-01 6.969059818690818986e+01
7.251415817046852341e-01 -1.847547669327797779e-02 -6.883513308620281546e-01 -3.735189122764803216e+01 -1.819982950212591100e-02 9.987765837231484811e-01 -4.598280018647325079e-02 -4.850744369275060031e+00 6.883590126635980022e-01 4.586976249039090986e-02 7.239179952319565459e-01 7.050716477045098429e+01
7.193310116539239907e-01 -1.856142632356877833e-02 -6.942859952995948936e-01 -3.814816187983356599e+01 -1.755992767075106181e-02 9.988376499449309609e-01 -4.488756530330944433e-02 -4.917683807306783450e+00 6.943120755184430948e-01 4.448297922872408716e-02 7.181689286187354915e-01 7.130772115758823304e+01
7.143759490278628332e-01 -1.927740415729878656e-02 -6.994890464791396756e-01 -3.896281362406600124e+01 -1.782386334731252478e-02 9.987948146638833125e-01 -4.573431751127417233e-02 -4.984880569003744100e+00 6.995282511000628922e-01 4.513385120176633541e-02 7.131713064109458378e-01 7.212597698000729451e+01
7.095632704782950384e-01 -1.944701751154959829e-02 -7.043991415734753847e-01 -3.978722361983256661e+01 -1.847285733282170300e-02 9.987620845533792258e-01 -4.619320944746315577e-02 -5.053326126533094431e+00 7.044257130975909442e-01 4.578669541696994694e-02 7.083256554816318440e-01 7.294303413645749856e+01
7.052518545118519055e-01 -2.110396178957624561e-02 -7.085846530823670664e-01 -4.062249144733760886e+01 -1.905120982706166519e-02 9.986317156308087695e-01 -4.869621440234595672e-02 -5.125126443186729830e+00 7.086427901471984425e-01 4.784270636004484684e-02 7.038849177876375096e-01 7.375198756613576734e+01
7.007141971518340284e-01 -2.407163202430200044e-02 -7.131268575983427116e-01 -4.145219671797076444e+01 -1.836906406433531230e-02 9.984906109200658575e-01 -5.175424193531007189e-02 -5.193210652665745997e+00 7.132963122973485781e-01 4.936375056243803155e-02 6.992143336975095158e-01 7.455524769070942170e+01
6.948465733592106286e-01 -2.360509030996649216e-02 -7.188143486515216063e-01 -4.230052281455754581e+01 -1.977485971223644917e-02 9.984560632229728672e-01 -5.189880504600542094e-02 -5.267237821530787123e+00 7.189296413859163071e-01 5.027755085224708265e-02 6.933069773132328750e-01 7.535529010843228548e+01
6.889231671223451370e-01 -2.377720661367136237e-02 -7.244000586862776592e-01 -4.316120124729756213e+01 -1.894983165467157768e-02 9.985293272426003508e-01 -5.078754120916653680e-02 -5.339459363612822251e+00 7.245426057767687666e-01 4.871153191481293609e-02 6.874594099700768179e-01 7.616663125448982896e+01
6.856370055942691000e-01 -2.515443521265756446e-02 -7.273737479741470002e-01 -4.402935241405086941e+01 -1.641266598140172714e-02 9.986145431385284876e-01 -5.000785073338439440e-02 -5.397536593587916265e+00 7.276233421708312443e-01 4.623192106063329226e-02 6.842743735656341419e-01 7.695713049292403696e+01
6.798188628668191402e-01 -2.445742537502950537e-02 -7.329832461451394332e-01 -4.491676979488337196e+01 -1.798371690633712716e-02 9.985873235622801936e-01 -4.999433225443771639e-02 -5.479875879364103142e+00 7.331702783832619863e-01 4.717288842571152468e-02 6.784186288441856894e-01 7.775901797851228991e+01
6.753093993743154444e-01 -2.603417170495722632e-02 -7.370260010555143015e-01 -4.578143229522515867e+01 -1.675148837743161562e-02 9.985774733514369839e-01 -5.062078531688897487e-02 -5.556473501561121076e+00 7.372955840641585157e-01 4.653050209409952814e-02 6.739126668402878328e-01 7.855862780583866822e+01
6.701635478848897431e-01 -2.785125294922015729e-02 -7.416247203616929129e-01 -4.667503976434436908e+01 -1.479244326951292647e-02 9.985960534516663545e-01 -5.086789748565766905e-02 -5.625110460886284969e+00 7.419999833889873164e-01 4.506415411674092458e-02 6.688106486977765108e-01 7.935358358443981786e+01
6.667729658122820702e-01 -2.904247880944941032e-02 -7.447088906106459349e-01 -4.758277070233445016e+01 -1.362763947905822580e-02 9.985981443634501797e-01 -5.115219260265518875e-02 -5.698635693285408976e+00 7.451502435097131505e-01 4.426104242321838439e-02 6.654424169315067417e-01 8.014665935983524037e+01
6.631555403554280081e-01 -3.102528857157321046e-02 -7.478241127954560197e-01 -4.848070379814328135e+01 -1.187970346423862684e-02 9.985783793935586461e-01 -5.196660444226641751e-02 -5.777587617370593343e+00 7.483732505370258581e-01 4.334693597517210589e-02 6.618442591336124448e-01 8.092767167913929427e+01
6.582573876453275963e-01 -3.535493797536545107e-02 -7.518641137888756321e-01 -4.939702451463924859e+01 -8.454405422738137804e-03 9.984862673885798179e-01 -5.434866168867284048e-02 -5.848460076739165459e+00 7.526475489189984325e-01 4.212989061464008506e-02 6.569620873252540738e-01 8.172193261866678426e+01
6.534883228532385457e-01 -4.052422253044354189e-02 -7.557694116476069146e-01 -5.031024655344940300e+01 -3.421838064253964092e-03 9.983976003053047776e-01 -5.649001857657958564e-02 -5.926119570202846631e+00 7.568467878952669370e-01 3.950976283018348828e-02 6.523023283368181158e-01 8.251832307266111854e+01
6.490643336070416325e-01 -4.485029113830647784e-02 -7.594057953889492563e-01 -5.124094204624072546e+01 2.540901031554635130e-03 9.983828805622042557e-01 -5.677808592007820010e-02 -6.012315792111688317e+00 7.607245371335185080e-01 3.492287051993516606e-02 6.481284641792954826e-01 8.330047733273254096e+01
6.396784543708829984e-01 -4.886953480892641116e-02 -7.671089093242646761e-01 -5.217801578426031028e+01 6.956021267333353103e-03 9.983037204143736520e-01 -5.780105139138921183e-02 -6.085182401802147645e+00 7.686328070904140386e-01 3.163374349993389179e-02 6.389336734699010423e-01 8.408163615971338345e+01
6.310747951233928177e-01 -5.039854106061522621e-02 -7.741097426849672392e-01 -5.312214738230655797e+01 1.064621304038776937e-02 9.983560838003397997e-01 -5.630735777536268610e-02 -6.176903392721049713e+00 7.756754173974788058e-01 2.728905408458333695e-02 6.305737607018170321e-01 8.486065333595486493e+01
6.212465868246195289e-01 -4.836355481335439382e-02 -7.821497945785347294e-01 -5.409157517970076867e+01 1.090876447486696481e-02 9.985304442989704210e-01 -5.308610656096224290e-02 -6.249171684067083454e+00 7.835681390406543656e-01 2.444215911222032134e-02 6.208616421819218578e-01 8.562012086614134887e+01
6.118246168661665152e-01 -4.947862310847681022e-02 -7.893305476993831560e-01 -5.507446256233065185e+01 1.177540047077862972e-02 9.985007842899518149e-01 -5.345769554345613378e-02 -6.335671440462711246e+00 7.907919584984556272e-01 2.340878298973298605e-02 6.114901253293248962e-01 8.637117740635900986e+01
6.040798362731079063e-01 -5.010872323822593982e-02 -7.953273636643308775e-01 -5.606757200378181949e+01 9.977370336088451502e-03 9.984191847123239372e-01 -5.530705710397915836e-02 -6.414364339357763178e+00 7.968410324021931723e-01 2.548111036151620018e-02 6.036239138328359788e-01 8.711493624996934670e+01
5.922240853392158888e-01 -5.231766162574854467e-02 -8.040373043383867158e-01 -5.705929715601617147e+01 1.112898161229350542e-02 9.983260917951891633e-01 -5.676109732799651530e-02 -6.500103510535303108e+00 8.056605215636699624e-01 2.467248580300131569e-02 5.918144654856817288e-01 8.783369979121178517e+01
5.824881819886807977e-01 -5.326794968576049893e-02 -8.110962775424558346e-01 -5.808453584936025038e+01 1.085015542114894406e-02 9.982705015682223904e-01 -5.777874706112725439e-02 -6.581472077196134585e+00 8.127718520423020676e-01 2.484369789104103055e-02 5.820596290880556412e-01 8.856465209462321297e+01
5.731979728771898763e-01 -5.535576258094953433e-02 -8.175709798995542954e-01 -5.910893727075399084e+01 1.492171771119563638e-02 9.982554766606406282e-01 -5.712708366304557889e-02 -6.667872449575733995e+00 8.193067968292633285e-01 2.054831328003321744e-02 5.730237986540032136e-01 8.927545902760799379e+01
5.623099082318389064e-01 -5.573574030667821644e-02 -8.251552060059373916e-01 -6.014944531752253454e+01 1.662115435236711375e-02 9.982854022010136941e-01 -5.611584927694936165e-02 -6.753387868869594968e+00 8.268695123289905302e-01 1.782537579065646138e-02 5.622734062839139790e-01 8.998041793736710758e+01
5.517698853863693964e-01 -5.637826956353379076e-02 -8.321275692884572139e-01 -6.119972456920270076e+01 1.673963589980348443e-02 9.982601415614406060e-01 -5.654356764836655086e-02 -6.837355778696691644e+00 8.338673921207260253e-01 1.727402315450837431e-02 5.517536062843068079e-01 9.066582938062511232e+01
5.427404875620084335e-01 -5.729200008334342509e-02 -8.380288386784519039e-01 -6.226627000149782987e+01 1.587456451919703679e-02 9.981928041027369192e-01 -5.796099016660290898e-02 -6.924174209552827364e+00 8.398346245232164442e-01 1.816574933107791001e-02 5.426683023065073108e-01 9.134567009762483281e+01
5.322281974652073311e-01 -5.749521041119169673e-02 -8.446581638927495028e-01 -6.333882649081103722e+01 1.510018835277479772e-02 9.981775779505028812e-01 -5.841655815602654622e-02 -7.009034920568779192e+00 8.464778438308737663e-01 1.833811337925294466e-02 5.321258150460209668e-01 9.200641924147733164e+01
5.216212878742815251e-01 -5.825254953397403929e-02 -8.513174543569856922e-01 -6.441707274956030460e+01 1.311209442559174883e-02 9.980960598500222547e-01 -6.026401358018836779e-02 -7.099509840276537531e+00 8.532075121646026661e-01 2.027594458830350027e-02 5.213916181494144819e-01 9.265718053271319832e+01
