1.0 0.0 0.0 0.0 0.0 1.0 0.0 0.0 0.0 0.0 1.0 0.0
0.9999226 0.012343956 0.0015475336 0.2972412 -0.012338396 0.9999175 -0.0035512818 -0.011108398 -0.0015912566 0.0035319042 0.9999925 0.008911133
0.99983984 0.017867837 0.0009574647 0.58447266 -0.017862014 0.9998237 -0.0057805656 -0.024658203 -0.0010605926 0.005762537 0.99998283 0.013427734
0.999795 0.020243336 -0.000106046224 0.8864746 -0.02024354 0.99976355 -0.007932555 -0.033325195 -5.4616234e-05 0.0079330765 0.9999685 0.017089844
0.9998294 0.018369617 -0.0019094198 1.1833496 -0.01838641 0.99978876 -0.009184395 -0.037231445 0.0017403117 0.009217944 0.999956 0.017822266
0.9999209 0.012122636 -0.0033383516 1.5078125 -0.012161848 0.99985415 -0.011991464 -0.03869629 0.0031924944 0.012031125 0.9999226 0.013305664
0.9999867 -0.0015124362 -0.0049285833 1.8345947 0.0014451982 0.9999063 -0.013612093 -0.040771484 0.0049487157 0.013604786 0.99989516 0.02319336
0.99985516 -0.016311081 -0.0048625497 2.1622314 0.016249286 0.99978995 -0.012490319 -0.024780273 0.005065269 0.012409518 0.9999102 0.02758789
0.9993649 -0.03513585 -0.0058660656 2.5089111 0.035081513 0.99934244 -0.009123342 0.0026855469 0.006182827 0.008911699 0.9999412 0.03125
0.99853563 -0.053643525 -0.006945216 2.8640137 0.053603664 0.99854505 -0.005803848 0.03845215 0.007246473 0.005422979 0.99995905 0.031982422
0.99721307 -0.07428788 -0.0070611285 3.2269287 0.074261576 0.9972323 -0.003917911 0.07946777 0.007332623 0.003382859 0.9999674 0.03955078
0.995297 -0.09665009 -0.006602917 3.6019287 0.09661282 0.9953059 -0.0057469527 0.11743164 0.007127502 0.005082133 0.9999617 0.03942871
0.99320835 -0.116214186 -0.0055376543 3.9925537 0.116170526 0.9931995 -0.0076451767 0.17041016 0.0063883737 0.0069498606 0.9999555 0.04345703
0.99110174 -0.13298456 -0.004793724 4.3878174 0.13295077 0.9910946 -0.006791643 0.23754883 0.005654363 0.0060937246 0.9999654 0.052124023
0.98865837 -0.15009686 -0.004993643 4.807495 0.15006825 0.98865896 -0.0056820465 0.3083496 0.005789716 0.004868175 0.9999714 0.053222656
0.986779 -0.16201115 -0.004437039 5.2216797 0.16198501 0.98677665 -0.0057265 0.39440918 0.0053060073 0.004931935 0.9999738 0.059814453
0.98459613 -0.17473647 -0.005601341 5.6593018 0.17470247 0.98459935 -0.0060778386 0.48181152 0.0065773027 0.0050058537 0.99996585 0.064575195
0.9827415 -0.18485864 -0.007271966 6.107788 0.18478191 0.98273087 -0.010101397 0.5620117 0.009013735 0.008584075 0.9999226 0.07348633
0.98117703 -0.19294573 -0.008799804 6.5736084 0.19286752 0.98119044 -0.0090154465 0.65734863 0.010373637 0.007148876 0.9999206 0.07922363
0.9796879 -0.20020163 -0.01160002 7.046997 0.20010844 0.97973686 -0.008715081 0.763916 0.0131098945 0.006217169 0.99989474 0.07531738
0.9780423 -0.20797078 -0.013744915 7.531494 0.20785047 0.9781165 -0.009683708 0.8679199 0.01545782 0.0066143535 0.9998586 0.08239746
0.97643495 -0.21534722 -0.014789931 8.036133 0.21515448 0.9764947 -0.013595252 0.9798584 0.017369878 0.01009366 0.9997982 0.09008789
0.9748994 -0.22214602 -0.01520676 8.555054 0.22184066 0.9748929 -0.019485231 1.0908203 0.01915224 0.015623255 0.99969465 0.10412598
0.97269714 -0.23151839 -0.015911698 9.081665 0.23118371 0.972693 -0.020397555 1.2160645 0.020200616 0.016161963 0.99966526 0.12084961
0.9706849 -0.23928985 -0.022600966 9.613403 0.23896393 0.97089314 -0.016202684 1.3677979 0.025820144 0.0103267385 0.9996132 0.12084961
0.96880466 -0.24646692 -0.02575197 10.156494 0.24618447 0.96912235 -0.0136690885 1.5194092 0.028325375 0.006902659 0.99957496 0.13476562
0.96620595 -0.25623465 -0.027649296 10.726196 0.25587058 0.96656424 -0.016052656 1.6665039 0.030838814 0.008436042 0.999489 0.15136719
0.96389693 -0.26468772 -0.028396597 11.291382 0.26425028 0.9642621 -0.01825489 1.8203125 0.032215558 0.010091465 0.9994302 0.17797852
0.96160895 -0.27256474 -0.031602703 11.879272 0.27209988 0.9620868 -0.018260667 1.9957275 0.035381645 0.008957031 0.9993335 0.19592285
0.9591266 -0.2808011 -0.03532422 12.470459 0.2803296 0.95975024 -0.017761193 2.1812744 0.03888911 0.0071346494 0.9992182 0.21252441
0.95712423 -0.2867829 -0.04066065 13.066772 0.28624928 0.9579682 -0.018515624 2.373169 0.04426185 0.0060821865 0.99900156 0.24133301
0.9550951 -0.2923114 -0.04877632 13.677856 0.29169208 0.9563298 -0.01951843 2.5656738 0.05235158 0.004415395 0.9986187 0.27319336
0.95317924 -0.29706284 -0.05639803 14.31189 0.29635796 0.9548412 -0.020669436 2.768921 0.059992637 0.002987367 0.9981948 0.30395508
0.95148873 -0.30050063 -0.06580669 14.949707 0.29985237 0.9537611 -0.019754652 2.9743652 0.06870075 -0.00093970913 0.997637 0.34521484
0.949478 -0.30463666 -0.07555802 15.584717 0.30403474 0.9524689 -0.019623201 3.1953125 0.077944845 -0.004334339 0.99694926 0.3824463
0.9480764 -0.30714023 -0.08252533 16.239258 0.30653542 0.9516419 -0.020222615 3.4128418 0.08474437 -0.0061259004 0.99638355 0.43737793
0.94553745 -0.31274956 -0.09045155 16.912231 0.3124495 0.9497847 -0.017821936 3.642456 0.09148268 -0.011402761 0.99574214 0.493042
0.94306743 -0.31798115 -0.097313575 17.584473 0.31789842 0.9479552 -0.016775083 3.8876953 0.09758349 -0.015124999 0.9951116 0.55737305
0.94140816 -0.3207146 -0.10433734 18.273926 0.3209974 0.9469629 -0.014521753 4.134033 0.10346398 -0.019816862 0.99443793 0.62475586
0.9391101 -0.32599068 -0.10863872 18.983276 0.32667083 0.945062 -0.011989162 4.390381 0.1065761 -0.02422874 0.9940094 0.70043945
0.937207 -0.33032927 -0.111951075 19.685913 0.33139685 0.9434471 -0.009482386 4.661255 0.108750224 -0.028209794 0.9936693 0.7741699
0.9352175 -0.336268 -0.11099723 20.410522 0.33742467 0.9413261 -0.008763723 4.936035 0.10743016 -0.02925022 0.99378294 0.8609619
0.9332977 -0.3420716 -0.10924701 21.140503 0.34319204 0.9392197 -0.00896438 5.2105713 0.10567485 -0.02913145 0.99397296 0.9451904
0.9308312 -0.348961 -0.108201474 21.882202 0.35007 0.93664044 -0.00919513 5.493286 0.10455696 -0.029332126 0.9940859 1.027832
0.9287307 -0.35575372 -0.10455158 22.614136 0.3568466 0.9341384 -0.008692459 5.786377 0.100758314 -0.02922624 0.9944831 1.1104736
0.92501587 -0.36646053 -0.10044597 23.398438 0.36772898 0.9299297 -0.006247157 6.0966797 0.095697686 -0.03114536 0.9949252 1.1912842
0.92247766 -0.37396222 -0.095605694 24.153687 0.3753227 0.92686087 -0.0040172795 6.4124756 0.09011662 -0.032185853 0.9954105 1.2756348
0.91901046 -0.38298997 -0.093256555 24.910278 0.38452443 0.92309254 -0.0016478356 6.744873 0.08671274 -0.03435653 0.9956391 1.3481445
0.9157819 -0.39096758 -0.0919704 25.680298 0.3926318 0.9196777 1.6179401e-05 7.088379 0.08458135 -0.036121305 0.9957637 1.4255371
0.9119775 -0.39982358 -0.09202733 26.45398 0.40154153 0.91585904 0.00016336422 7.427246 0.08421789 -0.03710345 0.9957552 1.5058594
0.908038 -0.40886596 -0.09088361 27.23108 0.41057694 0.91180676 0.00014562532 7.7836914 0.082811296 -0.03745375 0.99586105 1.5750732
0.9036871 -0.4187047 -0.08981361 28.018677 0.42044237 0.90733683 0.00047275564 8.15625 0.08129329 -0.03818911 0.9959577 1.6479492
0.9005792 -0.42570487 -0.08779914 28.814209 0.42738366 0.9040586 0.000351768 8.534912 0.07922576 -0.03785031 0.9961366 1.7211914
0.89836204 -0.43110564 -0.08409142 29.612915 0.4326639 0.90154326 0.00034343777 8.927612 0.07566607 -0.036696486 0.9964577 1.791626
0.8941028 -0.44089067 -0.07883519 30.431152 0.4424278 0.8968125 0.002275912 9.338989 0.069694534 -0.036913425 0.9968847 1.8583984
0.8915516 -0.4468157 -0.07403971 31.251587 0.44818652 0.8939309 0.0021443302 9.751953 0.06522764 -0.03508958 0.99725395 1.927002
0.8870663 -0.45584384 -0.072632566 32.078613 0.4572319 0.88932 0.0028129441 10.186035 0.06331205 -0.035719845 0.9973531 1.9903564
0.88491064 -0.46034276 -0.07106056 32.910645 0.46162087 0.8870947 0.0017624367 10.627197 0.062221672 -0.03436493 0.9974695 2.0533447
0.881803 -0.46665436 -0.06856177 33.756348 0.46783406 0.8838413 0.0013036034 11.0789795 0.059988864 -0.033228725 0.9976449 2.107544
0.879959 -0.4703281 -0.06696874 34.60742 0.47145984 0.88189876 0.0012459764 11.539795 0.05847238 -0.032667223 0.99775434 2.1707764
0.87689465 -0.47603592 -0.06693098 35.463867 0.47707877 0.8788805 -0.0004700087 12.013184 0.059042554 -0.031518925 0.99775696 2.2299805
0.8750876 -0.4793455 -0.06667814 36.322876 0.4803208 0.8770897 -0.0015893416 12.488037 0.059245218 -0.03063758 0.99777305 2.289917
0.8728723 -0.48347884 -0.06699909 37.199707 0.4844346 0.874908 -0.0022350668 12.984253 0.05969861 -0.030491266 0.99775106 2.3492432
0.87250084 -0.48402828 -0.0664369 38.09497 0.48503542 0.874466 -0.0010905045 13.483276 0.058629196 -0.031263705 0.9977917 2.4085693
0.873081 -0.48326033 -0.064879075 38.992554 0.48420778 0.87496376 -0.001266967 13.990967 0.05738209 -0.030307328 0.9978924 2.4730225
0.87238294 -0.4848433 -0.06292768 39.90503 0.48565832 0.87419343 -0.0026516502 14.512695 0.0562944 -0.028242499 0.9980145 2.5334473
0.8731185 -0.48336595 -0.063322626 40.825073 0.4840574 0.8750151 -0.00493612 15.033936 0.057799034 -0.026340788 0.99798125 2.5946045
0.8713629 -0.48666215 -0.062633105 41.757446 0.4872629 0.8732529 -0.0063313525 15.55542 0.057773158 -0.024998 0.9980167 2.6566162
0.8701384 -0.48933926 -0.060100272 42.697876 0.4898087 0.8719149 -0.007661149 16.08374 0.056147795 -0.02276184 0.9981626 2.716919
0.8676346 -0.4939625 -0.056304846 43.624878 0.49440625 0.8691814 -0.0067367987 16.61914 0.052264564 -0.021995712 0.9983908 2.7818604
0.8653826 -0.4985163 -0.05141908 44.558105 0.49886099 0.8666837 -0.006803587 17.160034 0.047959693 -0.019760825 0.998654 2.8449707
0.86203986 -0.5044193 -0.049434196 45.48242 0.5046747 0.8632691 -0.008086169 17.704346 0.04675544 -0.017979316 0.9987446 2.9058838
0.85666543 -0.5134957 -0.05032544 46.404663 0.51360554 0.8579968 -0.011709574 18.260986 0.049192168 -0.01581417 0.998664 2.972412
0.8513924 -0.52187383 -0.052775025 47.31433 0.5219295 0.85288036 -0.013820359 18.81836 0.052221812 -0.01577552 0.99851096 3.0354004
0.8444474 -0.5329443 -0.05224335 48.228516 0.5329794 0.84591645 -0.014426205 19.39392 0.051884435 -0.015667107 0.99853045 3.093628
0.839227 -0.5418134 -0.048013266 49.134277 0.541914 0.84044915 -0.0120253265 19.989624 0.046864286 -0.015925009 0.99877375 3.1469727
0.835407 -0.5478771 -0.044764288 50.0354 0.5481083 0.8364151 -0.008024141 20.592163 0.041838694 -0.01782408 0.99896574 3.2093506
0.83022654 -0.5554034 -0.047571395 50.925537 0.55571675 0.83134454 -0.007579294 21.195923 0.043759137 -0.020145489 0.9988389 3.2700195
0.82757086 -0.55898225 -0.051870544 51.81714 0.559284 0.82893246 -0.009856654 21.805054 0.048509624 -0.020850163 0.9986053 3.3214111
0.8249114 -0.56232786 -0.05838182 52.689453 0.5627193 0.8266344 -0.011064544 22.416626 0.054480784 -0.023719141 0.998233 3.385254
0.8208976 -0.5678987 -0.060166914 53.558105 0.56831026 0.8227323 -0.01170361 23.031372 0.056146175 -0.024586482 0.99811965 3.4483643
0.81820434 -0.5722245 -0.056507908 54.44873 0.5726015 0.8198185 -0.0108804945 23.646606 0.05255155 -0.023453604 0.99834245 3.5167236
0.81514186 -0.57693917 -0.050781384 55.331055 0.5772682 0.81643516 -0.009415166 24.284302 0.046893194 -0.02164392 0.99866545 3.5766602
0.8132173 -0.5798216 -0.048435815 56.209717 0.5802255 0.81434363 -0.00670556 24.918945 0.043330017 -0.022660246 0.99880344 3.6331787
0.81032723 -0.58391464 -0.049935084 57.079834 0.58439934 0.8114954 -0.0057931137 25.550415 0.043902975 -0.024489105 0.9987353 3.694336
0.8052428 -0.5907365 -0.051223423 57.952637 0.5911223 0.8065387 -0.008888986 26.204102 0.046561748 -0.023118742 0.9986478 3.7473145
0.8011735 -0.5961955 -0.053157736 58.833984 0.59660554 0.8025736 -0.009529373 26.850586 0.048340745 -0.02406971 0.99854094 3.8082275
0.7979206 -0.6004159 -0.052994825 59.702393 0.6007441 0.79935217 -0.011282047 27.511108 0.049133975 -0.022832517 0.9985312 3.8665771
0.7923945 -0.6078525 -0.05113326 60.570557 0.60809636 0.7937586 -0.01243533 28.18689 0.0481473 -0.021240845 0.9986145 3.9265137
0.7880226 -0.613461 -0.050404772 61.433594 0.6136976 0.7893503 -0.012469187 28.8573 0.047436588 -0.02110902 0.9986514 3.9887695
0.78288025 -0.62002504 -0.05113198 62.292725 0.6202561 0.78425497 -0.0131325275 29.543457 0.04824712 -0.021430504 0.998606 4.0512695
0.7773337 -0.62685645 -0.051905673 63.14331 0.6270433 0.7787769 -0.014636593 30.231567 0.04959774 -0.021174125 0.9985447 4.112549
0.7725718 -0.63285893 -0.051829413 63.9917 0.63296026 0.774049 -0.016530957 30.934326 0.050576326 -0.020029698 0.9985193 4.172241
0.7664573 -0.64023304 -0.05156873 64.8479 0.6402772 0.76794577 -0.017826438 31.65747 0.05101709 -0.01934915 0.9985108 4.2313232
0.7610388 -0.6464397 -0.052459516 65.69751 0.64644617 0.7625992 -0.019134432 32.37549 0.05237867 -0.019360267 0.9984395 4.2994385
0.7537694 -0.65512675 -0.05149678 66.53638 0.6550252 0.7553179 -0.021178555 33.104248 0.052772723 -0.017773313 0.998448 4.3654785
0.7483843 -0.6613943 -0.049065147 67.37744 0.66120994 0.7498242 -0.0222186 33.853027 0.051489677 -0.015818555 0.99854827 4.425293
0.7424904 -0.6679428 -0.049007703 68.21265 0.6677795 0.7439258 -0.022047384 34.6062 0.051185645 -0.01635848 0.9985553 4.4837646
0.73529047 -0.67604536 -0.0481075 69.03491 0.67577654 0.7367148 -0.024122357 35.382935 0.051745154 -0.014775126 0.9985507 4.5493164
0.72968465 -0.6819407 -0.04970116 69.87109 0.6816685 0.7312058 -0.024866376 36.170288 0.053306744 -0.015733056 0.9984547 4.6101074
0.7239298 -0.6880832 -0.049664635 70.69141 0.68781334 0.7254546 -0.025052156 36.95166 0.053270377 -0.016024051 0.9984517 4.6748047
0.71818286 -0.69404334 -0.048288316 71.49585 0.6937555 0.71964 -0.02522644 37.743896 0.052261792 -0.015390839 0.9985147 4.743286
0.7131867 -0.6992559 -0.048950404 72.31763 0.69894665 0.7146932 -0.026014393 38.554688 0.053181987 -0.01566201 0.9984622 4.8114014
0.70834 -0.7041522 -0.049611807 73.13818 0.7038515 0.7098874 -0.026253058 39.375366 0.053710386 -0.016318543 0.99842364 4.8809814
0.70390224 -0.70835626 -0.05167689 73.95044 0.70800596 0.7055943 -0.02796677 40.20703 0.056273766 -0.016907696 0.99827194 4.953369
0.6992416 -0.71299285 -0.053211536 74.75708 0.7125041 0.70107555 -0.030996157 41.03296 0.05939867 -0.016236255 0.998102 5.0218506
0.6933296 -0.71862787 -0.054131776 75.561035 0.71819293 0.69521576 -0.030611737 41.87732 0.05962453 -0.01765272 0.9980643 5.097412
0.68748516 -0.72424823 -0.05257293 76.376465 0.7237857 0.68928754 -0.03087126 42.73401 0.058598157 -0.016837565 0.9981392 5.171631
0.6843111 -0.72733265 -0.05009951 77.170166 0.72675616 0.6859925 -0.032299466 43.59912 0.0578682 -0.014306169 0.99822235 5.2318115
0.6784495 -0.73288214 -0.05104608 77.976074 0.7323698 0.6801816 -0.031683702 44.482544 0.057934783 -0.015887827 0.9981937 5.31604
0.6739518 -0.73700464 -0.05041071 78.7793 0.7363968 0.6756754 -0.033323947 45.343628 0.05862506 -0.01466619 0.99817234 5.394165
0.6688609 -0.7417082 -0.04895245 79.578125 0.7409811 0.67052895 -0.035215016 46.23352 0.058945853 -0.012718656 0.9981804 5.4647217
0.66549975 -0.74485743 -0.048155084 80.37451 0.74405485 0.66713893 -0.036454953 47.13806 0.059278872 -0.011561245 0.99817485 5.540283
0.66191274 -0.7480765 -0.047247432 81.158936 0.74715024 0.66352385 -0.038488466 48.032715 0.060144603 -0.009822831 0.9981416 5.6210938
0.65705365 -0.7523384 -0.046041813 81.95703 0.75114244 0.65863377 -0.04288491 48.945312 0.06259614 -0.006412777 0.9980183 5.6933594
0.6524244 -0.7565263 -0.0434355 82.757324 0.75499624 0.6538667 -0.048121676 49.854736 0.06480738 -0.0013945056 0.99789715 5.772461
0.6482819 -0.76040274 -0.03886096 83.54346 0.75860125 0.64943033 -0.052515082 50.78174 0.065162316 0.0045573507 0.9978635 5.860962
0.63911504 -0.76830924 -0.03558396 84.33008 0.76626873 0.6400423 -0.056665 51.713867 0.06631416 0.008947 0.9977585 5.935913
0.6307739 -0.7753634 -0.031244377 85.1145 0.7732703 0.6314219 -0.0583171 52.65332 0.06493806 0.012615848 0.9978088 6.0306396
0.6210601 -0.78327763 -0.028393248 85.87964 0.7813483 0.6215756 -0.056420263 53.618164 0.06184634 0.01285483 0.998003 6.1068115
0.611698 -0.79050434 -0.027359612 86.63623 0.78851783 0.61215633 -0.0576593 54.596436 0.06233777 0.0136920465 0.9979612 6.196167
0.6038305 -0.79654825 -0.029431375 87.384766 0.7944952 0.6044317 -0.058385957 55.58545 0.06428245 0.011868274 0.9978607 6.2773438
0.592036 -0.805367 -0.028621994 88.10986 0.80317795 0.59258544 -0.060747318 56.57202 0.06588443 0.012979804 0.9977432 6.3658447
0.58228695 -0.81247884 -0.028789412 88.846436 0.81022173 0.5828602 -0.061820835 57.592773 0.06702115 0.012667369 0.9976712 6.4503174
0.573275 -0.81902254 -0.02449215 89.56299 0.81668675 0.57355475 -0.06403316 58.612793 0.0664874 0.016707793 0.99764746 6.5405273
0.56253624 -0.82659656 -0.021761023 90.27417 0.8242754 0.56265676 -0.06455524 59.64868 0.0656102 0.018370187 0.9976757 6.630127
0.5520232 -0.8335983 -0.021199247 90.965576 0.83123916 0.5521217 -0.065328546 60.69458 0.066162206 0.018448655 0.99763876 6.7178955
0.5429415 -0.839564 -0.022082306 91.65088 0.83712244 0.54310733 -0.06635086 61.75708 0.06768387 0.017547632 0.99755275 6.8083496
0.53240126 -0.846211 -0.022240356 92.31763 0.84374595 0.5326036 -0.066681154 62.82544 0.06825957 0.016731046 0.9975267 6.897339
0.52166677 -0.85293794 -0.02416477 92.974365 0.85038483 0.5220196 -0.06756261 63.899414 0.070225894 0.014698612 0.9974226 6.991577
0.51093113 -0.8591887 -0.02410547 93.62085 0.8566461 0.51131195 -0.06747659 64.99365 0.070318356 0.013827377 0.9974292 7.090332
0.502322 -0.8644936 -0.023445688 94.26929 0.8621092 0.5027105 -0.065398104 66.0896 0.06830435 0.012642905 0.9975842 7.1833496
0.49520183 -0.8684246 -0.020698776 94.90234 0.8661562 0.4954388 -0.064252265 67.19922 0.06606707 0.013898046 0.99771935 7.276001
0.48492488 -0.8741796 -0.0199628 95.52173 0.8718955 0.4851349 -0.064693496 68.32446 0.06623746 0.013969245 0.9977064 7.3704834
0.47794768 -0.8782466 -0.019557182 96.13379 0.87578154 0.4781089 -0.067474276 69.45215 0.06859783 0.015121216 0.9975297 7.4656982
0.47270694 -0.8811058 -0.017562862 96.74902 0.87839246 0.47267678 -0.071501344 70.56641 0.07128607 0.018372037 0.9972865 7.560547
0.46593484 -0.88456947 -0.016507324 97.346436 0.8816591 0.46579173 -0.07447508 71.701904 0.073576346 0.020143628 0.99708617 7.661133
0.4598309 -0.88769424 -0.01603201 97.93262 0.8845397 0.4596032 -0.07783174 72.843506 0.07647298 0.021597922 0.99683726 7.7686768
0.45635095 -0.8898105 -0.0145513285 98.523926 0.8866625 0.45601535 -0.07816385 73.97876 0.076173395 0.022762634 0.99683416 7.878174
0.4530026 -0.89141417 -0.010865486 99.1062 0.8884638 0.45243803 -0.076698706 75.125244 0.07327677 0.025097668 0.99699605 7.9796143
0.44997326 -0.8930311 -0.005148346 99.68628 0.89033383 0.44904783 -0.07529755 76.26831 0.06955071 0.029307405 0.99714845 8.0876465
0.44518828 -0.8954776 -0.0040118927 100.2561 0.8929481 0.44426006 -0.07324951 77.41382 0.067364976 0.029014755 0.99730545 8.186401
0.44247192 -0.89678645 -0.0026554568 100.81763 0.8943116 0.4414656 -0.07299442 78.541504 0.06664855 0.029935777 0.9973283 8.287231
0.43947324 -0.8981344 -5.2430667e-05 101.37207 0.8957933 0.43833137 -0.07212556 79.66724 0.064819105 0.03165659 0.9973952 8.384644
0.43804088 -0.89899683 0.003004496 101.91089 0.89675295 0.43670532 -0.07217236 80.79053 0.06356141 0.03432898 0.99738866 8.479736
0.43602356 -0.899853 0.005369926 102.45825 0.89765453 0.43452436 -0.07272402 81.91748 0.0630979 0.036542032 0.99733883 8.576416
0.43300396 -0.9013807 0.007025197 102.99292 0.8992389 0.4314068 -0.07269885 83.02344 0.06251873 0.037805334 0.99732816 8.662964
0.42999965 -0.902663 0.011573292 103.52832 0.9007254 0.42815048 -0.072216436 84.1355 0.060242936 0.041479856 0.9973216 8.754883
0.42854768 -0.9033741 0.014910992 104.05298 0.9016239 0.42653957 -0.07140247 85.23047 0.058140125 0.04403666 0.9973362 8.84436
0.42646343 -0.90437186 0.015450322 104.56421 0.90263516 0.42442417 -0.0715117 86.32495 0.058092684 0.04443852 0.99732155 8.93396
0.42596343 -0.9046984 0.016388109 105.073975 0.9028981 0.4237887 -0.07327089 87.39429 0.05934028 0.045990467 0.99717677 9.014038
0.42594308 -0.90475047 0.016375335 105.57373 0.9028626 0.42370176 -0.07473411 88.46875 0.06065901 0.0466129 0.9970695 9.105591
0.42591137 -0.90465117 0.0154075455 106.05884 0.9026759 0.42369503 -0.07544088 89.535645 0.061726786 0.04605507 0.99703115 9.190552
0.4284529 -0.9035689 0.0124156885 106.54736 0.90155774 0.42648295 -0.07394998 90.579346 0.061515585 0.0428797 0.997185 9.2734375
0.43147296 -0.902075 0.010440255 107.02222 0.89995366 0.4295984 -0.07447635 91.60303 0.06267452 0.04151571 0.99716926 9.356934
0.43760034 -0.8991366 0.008046303 107.51318 0.89693886 0.43586737 -0.07434001 92.638916 0.06331577 0.039733145 0.9972012 9.446533
0.44500086 -0.89547235 0.006084441 108.01245 0.8931971 0.44336206 -0.074575394 93.66455 0.06410172 0.038632076 0.9971962 9.534668
0.4500879 -0.8930971 0.0055947965 108.50659 0.89085364 0.44849405 -0.07391311 94.66162 0.063503414 0.038246255 0.99724823 9.614136
0.4571943 -0.88938093 0.004409411 109.008545 0.8872211 0.45572653 -0.0720813 95.657715 0.062100206 0.036866758 0.99738884 9.690308
0.4685098 -0.8833788 0.003850162 109.5354 0.88125664 0.46707135 -0.0714565 96.65723 0.061338972 0.03689127 0.99743646 9.772827
0.47620192 -0.8792945 0.0031007463 110.04956 0.8771109 0.47476515 -0.07216585 97.65137 0.062004283 0.03707138 0.9973863 9.856079
0.48797607 -0.8727857 0.0004005897 110.58496 0.87053496 0.4866849 -0.072005115 98.624756 0.062642545 0.03548989 0.9974051 9.940186
0.49807364 -0.86720484 -0.0037556149 111.12085 0.864694 0.4969509 -0.0740291 99.57495 0.06605967 0.03363787 0.9972494 10.015503
0.5081353 -0.86127895 -0.0069680004 111.671875 0.85869575 0.5072086 -0.07370957 100.5271 0.06700829 0.031462118 0.9972555 10.098267
0.5207682 -0.85352653 -0.0092479205 112.24121 0.8509581 0.5199869 -0.07263917 101.47363 0.06682736 0.02996898 0.9973153 10.17981
0.53282547 -0.84624267 -0.010341936 112.81421 0.84384793 0.53216964 -0.06966232 102.4043 0.064443566 0.02838328 0.997517 10.261597
0.54568154 -0.8378389 -0.0106644 113.4021 0.8355405 0.54505235 -0.06817267 103.336426 0.06293059 0.028290987 0.9976169 10.343872
0.5576525 -0.8300797 -0.011015066 113.99829 0.8277951 0.55701905 -0.06791865 104.23706 0.0625184 0.028750177 0.99762905 10.4198
0.5687688 -0.8223524 -0.011813671 114.60693 0.82010293 0.56817806 -0.0671369 105.12695 0.061916478 0.028491855 0.99767417 10.502075
0.581223 -0.8137137 -0.013709144 115.23071 0.8112891 0.5806562 -0.0691826 106.004395 0.06424973 0.029096087 0.9975101 10.577881
0.5911902 -0.8064952 -0.012652329 115.84668 0.8039909 0.59046894 -0.07102467 106.854004 0.064751305 0.031815615 0.997394 10.651978
0.601229 -0.79882467 -0.013708382 116.47241 0.796379 0.600585 -0.06974596 107.69238 0.06395353 0.031021427 0.9974713 10.739136
0.612929 -0.7900587 -0.0132312225 117.10547 0.7877373 0.6122694 -0.068149306 108.52344 0.06194784 0.03134719 0.9975869 10.814575
0.6217545 -0.78316236 -0.01191381 117.739746 0.7810589 0.62107897 -0.06537312 109.33154 0.05858172 0.031346325 0.9977908 10.882446
0.6324718 -0.77439713 -0.0125237135 118.39624 0.77232635 0.631826 -0.06462103 110.13428 0.057964616 0.031196874 0.99783105 10.958374
0.64112204 -0.7672822 -0.015317397 119.02539 0.7652433 0.64067113 -0.062750205 110.9126 0.057958566 0.028510759 0.99791193 11.030518
0.6510072 -0.7588638 -0.019105142 119.67163 0.7566961 0.650739 -0.06323594 111.67822 0.060421165 0.026717294 0.99781585 11.096924
0.66009474 -0.7509564 -0.019804118 120.339355 0.7488524 0.6598783 -0.061922316 112.43506 0.059561506 0.026045373 0.9978848 11.165894
0.6703188 -0.74184936 -0.018969664 120.987305 0.739865 0.67006767 -0.060300827 113.17212 0.057448283 0.026386138 0.9979997 11.233765
0.6776594 -0.7350526 -0.017949572 121.6543 0.733175 0.6773684 -0.058948725 113.90503 0.055486966 0.026780713 0.9980998 11.299927
0.68700635 -0.726472 -0.017517228 122.32324 0.7246394 0.6866819 -0.058406387 114.61572 0.05446027 0.027429936 0.9981389 11.366089
0.6936629 -0.72001505 -0.019584423 122.97583 0.71820396 0.69347054 -0.057046723 115.306885 0.054662745 0.025497712 0.99817866 11.43042
0.70274323 -0.71100175 -0.019871056 123.65674 0.709201 0.7025501 -0.05677989 115.98706 0.05434316 0.025807802 0.99818885 11.499512
0.7084067 -0.7056381 -0.01963145 124.31738 0.70399517 0.7082582 -0.053957734 116.66089 0.051973186 0.02440816 0.9983503 11.55542
0.7166162 -0.6972258 -0.018637605 124.98584 0.6957743 0.71647835 -0.05066616 117.32373 0.048678838 0.023343677 0.9985419 11.617065
0.72409236 -0.68950385 -0.019125856 125.65918 0.68811166 0.7239962 -0.04921823 117.98218 0.047783367 0.022473238 0.99860454 11.67688
0.7305643 -0.6826013 -0.019813247 126.315674 0.6812384 0.73050755 -0.048296746 118.60327 0.047449816 0.02178963 0.998636 11.730835
0.73942626 -0.6730444 -0.020558333 126.9834 0.67172724 0.73941535 -0.047011614 119.220215 0.04683416 0.020955864 0.9986829 11.779541
0.7482057 -0.6632969 -0.020052163 127.65503 0.6621391 0.7482219 -0.043739602 119.82178 0.04400289 0.019453742 0.9988421 11.836304
0.7578725 -0.65217906 -0.019077837 128.31519 0.6512 0.7579033 -0.03991267 120.39673 0.040489066 0.017817454 0.99902046 11.884644
0.76796 -0.6402045 -0.019663878 128.99365 0.63933665 0.7680508 -0.036857888 120.96753 0.0386939 0.015735999 0.99912727 11.934326
0.7763026 -0.6299591 -0.021284595 129.646 0.6290547 0.77644145 -0.037098356 121.506836 0.039895594 0.015409298 0.99908495 11.9782715
0.78640974 -0.6173828 -0.022662807 130.31592 0.6164255 0.7865778 -0.03780585 122.048584 0.041169696 0.015768852 0.999028 12.018677
0.79754597 -0.60277426 -0.023552388 131.00781 0.6018177 0.797741 -0.037366353 122.57544 0.041311797 0.015622668 0.99902385 12.060913
0.8075385 -0.5894897 -0.022912182 131.68384 0.58859 0.80771077 -0.03614372 123.085205 0.039807998 0.015708096 0.9990841 12.107788
0.8166103 -0.5767879 -0.020481149 132.3877 0.57603705 0.8167245 -0.033143684 123.58765 0.035847336 0.015267333 0.9992407 12.145386
0.82613546 -0.5631175 -0.018923255 133.07495 0.56242645 0.82619977 -0.03208626 124.076904 0.03370692 0.015864613 0.9993058 12.190552
0.83528477 -0.54945976 -0.016602235 133.78857 0.54885525 0.835289 -0.03054721 124.539795 0.030653045 0.016400145 0.99939543 12.225464
0.84416884 -0.5358742 -0.014776549 134.51123 0.5353146 0.8441171 -0.030088421 125.002686 0.028597966 0.017488234 0.99943787 12.258667
0.8508168 -0.52537245 -0.012501434 135.22974 0.5248599 0.850699 -0.029920189 125.444336 0.026351616 0.018893376 0.9994739 12.293945
0.8575387 -0.51416767 -0.012566644 135.95679 0.5136649 0.85742295 -0.029555721 125.88794 0.025974836 0.01888611 0.99948394 12.327148
0.86436856 -0.50274986 -0.012496162 136.71289 0.50230443 0.8642839 -0.027391285 126.3291 0.024570895 0.017397176 0.9995464 12.361084
0.8702809 -0.492538 -0.012629834 137.44067 0.4921251 0.87021804 -0.025996776 126.76465 0.023789972 0.016409291 0.9995821 12.38147
0.87696785 -0.48023158 -0.012941324 138.1958 0.47985077 0.87693125 -0.0244498 127.18701 0.02309136 0.015230081 0.99961734 12.415283
0.8820599 -0.4709798 -0.012564819 138.95483 0.47058123 0.8819937 -0.02550229 127.593994 0.023091193 0.016582847 0.99959576 12.443237
0.8875011 -0.46062374 -0.012694281 139.71826 0.46021077 0.8874239 -0.026054624 127.985596 0.023267452 0.017278597 0.9995797 12.466919
0.8924093 -0.45094922 -0.01328804 140.52002 0.45050836 0.8923273 -0.02683825 128.37915 0.023963042 0.01796659 0.9995515 12.497314
0.895175 -0.44553754 -0.0130593 141.27539 0.44513515 0.8951105 -0.025387974 128.78491 0.022999696 0.016913502 0.99959236 12.525879
0.89822704 -0.43950856 -0.009852487 142.08374 0.43919063 0.89811546 -0.024013102 129.17163 0.019402055 0.017243084 0.99966305 12.552368
0.90187085 -0.43189457 -0.007301726 142.90137 0.43167734 0.90176713 -0.020692019 129.55737 0.015521849 0.015509245 0.9997592 12.573486
0.90484 -0.42569074 -0.00627458 143.7168 0.42553246 0.9047639 -0.017662019 129.9624 0.013195587 0.013311448 0.99982435 12.590088
0.90802974 -0.41893363 -0.00422569 144.55298 0.4188336 0.90796334 -0.014908619 130.35425 0.010081744 0.011767942 0.9998799 12.609497
0.91100156 -0.41238466 -0.0026263231 145.39038 0.4123194 0.9109407 -0.0131043885 130.7478 0.0077967783 0.010855484 0.99991065 12.619263
0.9142249 -0.40520483 -0.0008320706 146.26587 0.40516794 0.9141658 -0.011778953 131.12744 0.005533859 0.010431692 0.9999302 12.634766
0.9174844 -0.39776447 0.0016028509 147.1499 0.39775568 0.91741765 -0.01150374 131.50342 0.0031065159 0.011192067 0.9999325 12.649292
0.9212574 -0.38894555 0.0036018474 148.04077 0.3889602 0.92118305 -0.01177053 131.89453 0.0012604718 0.012244159 0.99992424 12.65918
0.92465955 -0.3807138 0.0030424437 148.9414 0.3807207 0.92457545 -0.012632309 132.2771 0.001998005 0.012838781 0.9999156 12.65686
0.92913866 -0.36973155 0.0041399486 149.89697 0.36975098 0.92902106 -0.014879637 132.64868 0.0016559473 0.0153556885 0.9998807 12.673584
0.9320948 -0.36213794 0.0032431665 150.81885 0.36213923 0.9319472 -0.016880184 133.01758 0.0030913048 0.016908487 0.99985236 12.674927
0.9370387 -0.34925368 0.0018918684 151.78735 0.34923473 0.9368968 -0.016823668 133.36743 0.004102048 0.016424853 0.9998567 12.687378
0.9419607 -0.3357516 0.00017209677 152.76074 0.33571592 0.9418531 -0.015063521 133.72583 0.004895166 0.014246703 0.9998866 12.695679
0.94688535 -0.3215167 0.00034194207 153.73535 0.32149932 0.94682217 -0.011453962 134.0769 0.0033593364 0.010955716 0.9999344 12.705444
0.9532103 -0.3023865 0.0022410734 154.74976 0.3023947 0.9531793 -0.0076821134 134.40039 0.0001861402 0.008000247 0.99996805 12.708252
0.95913005 -0.28287244 0.0036087506 155.78491 0.28288707 0.9591219 -0.004537222 134.72095 -0.0021773826 0.005372867 0.9999832 12.715698
0.96529764 -0.26115716 0.0037766853 156.81152 0.26116863 0.96529746 -0.0029534213 135.01782 -0.0028742943 0.0038372218 0.99998844 12.724976
0.9709976 -0.23903507 0.0054764315 157.88062 0.23904361 0.97101057 -0.0009561111 135.29663 -0.005089164 0.0022374364 0.99998456 12.720581
0.9760027 -0.21756595 0.008091053 158.96216 0.21757989 0.9760328 -0.0008739312 135.54858 -0.0077068787 0.0026144055 0.99996686 12.723877
0.9806909 -0.19521616 0.011630674 160.05542 0.19521478 0.9807594 0.0012649526 135.77393 -0.011653872 0.0010301303 0.9999316 12.716309
0.9848848 -0.17248811 0.016163822 161.17578 0.17245877 0.9850174 0.0031997082 135.9878 -0.01647342 -0.00036435248 0.9998642 12.710693
0.9884029 -0.15059556 0.019476533 162.30981 0.15051942 0.9885921 0.005325589 136.17822 -0.0200563 -0.0023325756 0.9997962 12.696655
0.99167085 -0.12715422 0.020414654 163.45386 0.12704453 0.99187326 0.0065865912 136.34302 -0.021086194 -0.003937369 0.99976975 12.680176
0.993998 -0.10798695 0.017583573 164.6062 0.10789209 0.99414396 0.0062617627 136.48218 -0.018156732 -0.0043278746 0.9998259 12.665527
0.9962461 -0.084669404 0.018086765 165.76025 0.08457013 0.9963995 0.006185409 136.59521 -0.018545333 -0.004632819 0.9998173 12.645752
0.9975702 -0.06686733 0.019563494 166.97534 0.06678318 0.9977556 0.0049227504 136.68384 -0.019848784 -0.0036040596 0.9997964 12.62915
0.99865353 -0.047103666 0.02173963 168.16382 0.046983387 0.9988777 0.006010974 136.74683 -0.021998307 -0.00498129 0.9997455 12.617676
0.99940825 -0.025681641 0.02289201 169.3794 0.025550865 0.9996556 0.005987789 136.80322 -0.023037922 -0.0053994507 0.99972004 12.593262
0.99966955 -0.004912553 0.025231814 170.60767 0.0047220225 0.99995995 0.0076055406 136.82642 -0.025268167 -0.0074838707 0.9996527 12.57251
0.9995613 0.0141122015 0.026049111 171.8435 -0.014334647 0.99986225 0.008376587 136.82129 -0.025927342 -0.008746234 0.99962574 12.544678
0.99907464 0.03412615 0.02618365 173.09595 -0.034415774 0.9993507 0.010692604 136.79419 -0.025801904 -0.0115836905 0.99960005 12.512817
0.99823815 0.053350035 0.025978837 174.34985 -0.053665686 0.99849164 0.011608036 136.73975 -0.025320316 -0.012981436 0.99959534 12.491333
0.9969259 0.074673645 0.023700865 175.63843 -0.07497258 0.9971129 0.011985606 136.66626 -0.022737255 -0.013725417 0.9996475 12.465942
0.99560076 0.0909446 0.022500146 176.9043 -0.09126062 0.9957353 0.013443754 136.55884 -0.021181356 -0.015437597 0.99965674 12.439575
0.9935849 0.11104193 0.021455027 178.22388 -0.11138485 0.9936571 0.015505255 136.42725 -0.019597296 -0.017795553 0.9996496 12.417847
0.9909107 0.13305269 0.019619681 179.56494 -0.1333613 0.99094456 0.015356319 136.27881 -0.017398547 -0.017834203 0.99968964 12.403809
0.9886429 0.14961241 0.014274134 180.86548 -0.14983125 0.9885874 0.015739242 136.09912 -0.011756264 -0.017698664 0.9997744 12.394653
0.98566043 0.1685263 0.00892693 182.1814 -0.16866535 0.9855089 0.018211506 135.89258 -0.005729593 -0.01945617 0.9997943 12.389648
0.98291725 0.18399806 0.0050211768 183.50757 -0.18406385 0.98268515 0.02138861 135.6665 -0.0009998023 -0.021947334 0.99975866 12.37854
0.9786948 0.20534219 0.001499882 184.85986 -0.20532127 0.97842604 0.023177385 135.39746 0.0032908441 -0.022991408 0.9997302 12.389893
0.9748797 0.22274128 -0.00041352678 186.20117 -0.2226588 0.9745659 0.02546786 135.11328 0.006075004 -0.024736237 0.9996755 12.405029
0.97108215 0.23872432 0.0005335817 187.54932 -0.23866196 0.9707721 0.025142968 134.80078 0.005484214 -0.024543481 0.99968374 12.4157715
0.96606565 0.25821057 -9.365007e-05 188.90088 -0.25813773 0.9658018 0.023404974 134.45679 0.0061354283 -0.022586899 0.99972606 12.432495
0.96161646 0.27444193 -0.0039491584 190.22949 -0.2742785 0.9613825 0.023551518 134.0918 0.010259021 -0.021564098 0.9997147 12.461304
0.95670915 0.29091865 -0.006648671 191.58594 -0.29066426 0.9564617 0.025787123 133.70288 0.013863847 -0.02273817 0.9996451 12.476074
0.95130575 0.30817643 -0.00655201 192.94824 -0.3078969 0.9510247 0.027378159 133.28369 0.014668429 -0.024027841 0.9996036 12.5008545
0.94579715 0.3246467 -0.0052101593 194.27686 -0.3243632 0.9454459 0.02957926 132.83447 0.01453274 -0.026285097 0.99954855 12.534302
0.94008887 0.3409173 -0.006465253 195.62476 -0.3405381 0.93966883 0.033011086 132.38257 0.017325979 -0.028833067 0.9994342 12.562012
0.93341553 0.35878825 -0.008921401 196.9729 -0.3583183 0.9330304 0.033695836 131.89429 0.020410135 -0.028257467 0.99939233 12.598511
0.92681766 0.37538984 -0.010664632 198.34497 -0.37484506 0.9264545 0.034590006 131.35303 0.022858763 -0.028064309 0.99934524 12.633057
0.9192181 0.393487 -0.015104743 199.6875 -0.39280757 0.91897047 0.034901038 130.79541 0.027610146 -0.026149714 0.9992769 12.68457
0.910365 0.41343695 -0.018408656 201.02686 -0.4125539 0.91013604 0.038533524 130.22803 0.03268481 -0.02748792 0.9990878 12.739014
0.9009756 0.43341154 -0.02033828 202.3711 -0.43236572 0.9007508 0.041513063 129.6189 0.036315687 -0.028605102 0.99893034 12.797119
0.8889648 0.45759243 -0.019494738 203.69678 -0.45643225 0.8886319 0.045081392 128.95801 0.03795174 -0.031177673 0.998793 12.852173
0.8748012 0.4841816 -0.018759744 205.04565 -0.48290855 0.8743724 0.048295658 128.26099 0.03978631 -0.033190686 0.9986567 12.925903
0.8617604 0.50705415 -0.018455176 206.36401 -0.50560987 0.8612128 0.05240788 127.5354 0.042463794 -0.035834853 0.9984552 12.99353
0.84673256 0.53173405 -0.01802959 207.65308 -0.53014076 0.84608626 0.055775262 126.768555 0.044912666 -0.037670575 0.9982805 13.069336
0.83164626 0.55509746 -0.017790467 208.93262 -0.5534075 0.8309621 0.05767479 125.97656 0.04679746 -0.038124636 0.99817675 13.146606
0.8140487 0.58041775 -0.01838503 210.18188 -0.57863146 0.81340504 0.058799386 125.11987 0.049083475 -0.03723163 0.99810123 13.2248535
0.7989131 0.60099316 -0.021102741 211.42627 -0.5990096 0.79839724 0.060411118 124.2395 0.05316315 -0.035622273 0.99795026 13.316528
0.7826853 0.621879 -0.02372379 212.64795 -0.6196246 0.782267 0.06338539 123.322754 0.057976793 -0.034903105 0.99770707 13.412231
0.7650499 0.6435429 -0.025440745 213.81567 -0.641123 0.76474327 0.0650019 122.37842 0.061280835 -0.033418894 0.99756074 13.506226
0.7483438 0.6627839 -0.026107538 214.98145 -0.6602818 0.7481126 0.065868676 121.38843 0.06318809 -0.032059874 0.9974872 13.612183
0.7338975 0.6788288 -0.027341012 216.14941 -0.67624044 0.7337798 0.06653064 120.36865 0.06522342 -0.030335728 0.9974089 13.718262
0.71708304 0.69650793 -0.02766953 217.29785 -0.69387186 0.71703476 0.06708747 119.2832 0.066558674 -0.028907966 0.9973634 13.83606
0.702887 0.7107288 -0.029351853 218.38965 -0.7079965 0.7029869 0.067819 118.22705 0.06882401 -0.026880473 0.9972657 13.946411
0.6856083 0.72741365 -0.031489626 219.47437 -0.7245162 0.685883 0.06943734 117.15625 0.07209772 -0.024800032 0.9970895 14.067627
0.67058057 0.74104697 -0.034034427 220.5127 -0.7379657 0.6710622 0.07119796 116.035645 0.07560396 -0.022628283 0.99688125 14.193848
0.65528905 0.754678 -0.034773562 221.53882 -0.75138104 0.65583134 0.073895335 114.893555 0.07857955 -0.022297954 0.9966586 14.315308
0.6389666 0.7684682 -0.034086384 222.55469 -0.765176 0.6395208 0.07417944 113.72656 0.07880449 -0.02130634 0.9966615 14.453491
0.6223205 0.7822487 -0.031775083 223.55151 -0.778884 0.6227256 0.07585666 112.528076 0.07913127 -0.02245839 0.99661106 14.58606
0.60568875 0.7953203 -0.026950799 224.51343 -0.7920544 0.60578126 0.07613236 111.336914 0.07688164 -0.024769241 0.9967328 14.72168
0.58712846 0.80914557 -0.021836886 225.45679 -0.8059465 0.5868852 0.07699129 110.09546 0.07512773 -0.027600057 0.9967917 14.85083
0.5718887 0.8201615 -0.01774359 226.35889 -0.8169815 0.57136416 0.07822585 108.88965 0.07429993 -0.030233836 0.996777 14.984253
0.55187285 0.8337902 -0.01590923 227.2102 -0.8304172 0.5511921 0.08135211 107.65112 0.07659465 -0.03169148 0.9965591 15.123291
0.53593606 0.8443732 -0.012068531 228.04028 -0.8408373 0.5349046 0.08490494 106.41162 0.07812359 -0.035363644 0.99631673 15.257446
0.5151825 0.8570144 -0.010374456 228.83838 -0.8535355 0.51411575 0.084599674 105.156006 0.07783201 -0.034726813 0.9963614 15.396606
0.495353 0.86859494 -0.0060455324 229.58765 -0.86534643 0.49407914 0.083245784 103.89844 0.07530542 -0.036011614 0.99651074 15.530151
0.4747962 0.8801884 -0.0034656143 230.30664 -0.8771596 0.47348168 0.081139736 102.62988 0.07303338 -0.03549465 0.9966983 15.660156
0.451907 0.8919777 0.0012225241 231.00317 -0.889253 0.45041767 0.07873735 101.33496 0.06969202 -0.036680307 0.99689484 15.789185
0.43172118 0.9021773 0.002547733 231.65112 -0.89951706 0.43022788 0.077983215 100.06177 0.06926713 -0.035939578 0.9969493 15.914185
0.41145587 0.9115997 0.004055755 232.24976 -0.908998 0.40993756 0.07745151 98.783936 0.06892364 -0.03554348 0.9969877 16.027832
0.3897379 0.9208661 0.004134822 232.82983 -0.9183541 0.38833597 0.075675 97.49634 0.06808485 -0.03327324 0.9971234 16.148926
0.3665165 0.9303483 0.00351546 233.37354 -0.9277222 0.36519217 0.07654689 96.20361 0.06994954 -0.031316515 0.9970589 16.265625
0.3467497 0.9379311 0.003310929 233.8689 -0.93535656 0.34553325 0.07535058 94.9375 0.06950904 -0.029216213 0.9971525 16.378174
0.32624248 0.9453937 0.0026124169 234.34375 -0.94295484 0.32520002 0.07272027 93.63672 0.06790472 -0.026173284 0.9973477 16.499878
0.30594784 0.9521168 0.0024905333 234.76904 -0.9497185 0.30498907 0.0717571 92.36035 0.06758354 -0.024304744 0.99741703 16.6073
0.28526184 0.95843095 0.003789579 235.17871 -0.9557006 0.28414565 0.076655775 91.09253 0.07239897 -0.025493057 0.9970502 16.723389
0.26300263 0.9647058 0.005973205 235.55884 -0.96132714 0.2615538 0.08547792 89.83057 0.080876745 -0.028222634 0.99632365 16.838867
0.24648337 0.96904314 0.008734275 235.91284 -0.96509033 0.244641 0.09287861 88.583496 0.087873936 -0.03132167 0.9956389 16.965576
0.22626698 0.9739808 0.012828132 236.22998 -0.9697088 0.22399236 0.09743912 87.352295 0.09201011 -0.03448759 0.99516016 17.10254
0.20532149 0.97856486 0.016926326 236.53418 -0.9742779 0.20271882 0.098606214 86.0708 0.09302431 -0.036731884 0.99498475 17.233154
0.18852101 0.9818773 0.021909382 236.80566 -0.97781485 0.18556112 0.09770291 84.83887 0.09186621 -0.03982898 0.99497366 17.362183
0.16838033 0.98529905 0.026637249 237.05127 -0.981326 0.16504727 0.09817209 83.590576 0.092330664 -0.042688034 0.9948141 17.500732
0.15052485 0.9882268 0.027995955 237.25879 -0.9844785 0.1472423 0.09566931 82.35181 0.09044354 -0.041955255 0.9950175 17.629517
