1 0 0 0 0 1 0 0 0 0 1 0
0.99994993 -0.0020013156 0.0098047372 0.0031471444 0.0019911052 0.99999747 0.0010510364 -0.0071257047 -0.0098068167 -0.0010314615 0.99995138 0.28001358
0.99986992 -0.0039595588 0.015635594 0.017214103 0.0039445342 0.99999173 0.00099166458 -0.011686555 -0.015639393 -0.00092986045 0.99987726 0.56635751
0.99980052 -0.0071219377 0.018660259 0.030162585 0.0071298341 0.99997452 -0.00035664976 -0.014293853 -0.018657245 0.0004896232 0.99982582 0.87369259
0.9998261 -0.0082333218 0.016732937 0.02591311 0.0082597179 0.99996475 -0.0015089595 -0.019538952 -0.016719925 0.0016469065 0.99985886 1.1775043
0.9998901 -0.011095099 0.0098329843 0.023886551 0.011130302 0.99993182 -0.0035325535 -0.020566847 -0.0097931207 0.0036416094 0.99994542 1.5102436
0.99992469 -0.012130804 -0.0018597519 0.020529212 0.012122031 0.99991567 -0.0046585987 -0.029984392 0.0019161078 0.004635704 0.99998742 1.8164631
0.99977943 -0.011249783 -0.017735216 -0.0076350657 0.011162343 0.99992509 -0.0050216038 -0.037720375 0.017790381 0.0048225297 0.99983011 2.1558855
0.99930792 -0.0079468881 -0.036339101 -0.061785417 0.0077436847 0.9999536 -0.0057292139 -0.043417269 0.036382947 0.0054438504 0.99932309 2.5113548
0.99842982 -0.0041130893 -0.0558657 -0.089513743 0.0037616202 0.99997248 -0.0063950251 -0.052548275 0.05589047 0.0061748383 0.99841781 2.8621489
0.99709453 -0.0032772987 -0.076103614 -0.1283561 0.0027598198 0.99997236 -0.0069038384 -0.051478801 0.076124143 0.0066737473 0.99707601 3.1968157
0.99526376 -0.0042821987 -0.097117041 -0.18578674 0.0036912309 0.99997357 -0.0062639619 -0.0592342 0.097141306 0.0058758128 0.99525326 3.5834388
0.99310979 -0.0052676748 -0.11706917 -0.24590356 0.0046789486 0.99997499 -0.005303136 -0.071447523 0.11709419 0.0047188356 0.9931096 3.9683999
0.99095554 -0.0044585734 -0.13411648 -0.30812819 0.0038482549 0.99998103 -0.0048095472 -0.075762695 0.13413539 0.004249933 0.9909539 4.3591513
0.98868146 -0.003530954 -0.14998835 -0.39452361 0.0029256175 0.99998666 -0.0042563525 -0.084594758 0.15000139 0.0037693682 0.9886786 4.7778642
0.98654524 -0.0029298196 -0.16346222 -0.47909108 0.0022737181 0.99998859 -0.0042007297 -0.090093882 0.16347268 0.0037725428 0.98654065 5.1975081
0.98430839 -0.0042127799 -0.17640645 -0.57970938 0.0033972143 0.9999821 -0.0049249797 -0.1009114 0.17642406 0.0042484083 0.98430509 5.6199776
0.98265517 -0.0071966042 -0.1853025 -0.65664668 0.0059829343 0.99995684 -0.0071080135 -0.11183932 0.18534567 0.0058760735 0.98265582 6.085177
0.9811838 -0.0066307493 -0.1929621 -0.76001452 0.0050025532 0.99994767 -0.0089239202 -0.12098495 0.19301119 0.0077907028 0.98116563 6.5289946
0.9796977 -0.0068189514 -0.20036448 -0.8669349 0.0046972769 0.99992777 -0.011062579 -0.12460215 0.20042546 0.0098968157 0.97965897 7.0041886
0.97794718 -0.0067297272 -0.20874389 -0.96783084 0.0040507975 0.9999039 -0.013258423 -0.13139133 0.20881307 0.012120458 0.97788046 7.4722161
0.97591549 -0.010749236 -0.21788395 -1.1005095 0.00763186 0.9998562 -0.015144027 -0.14438485 0.21801542 0.013116431 0.97585718 7.9720253
0.9741342 -0.016400011 -0.22537436 -1.2039927 0.013076917 0.99978277 -0.016229783 -0.16109696 0.22559159 0.012862785 0.97413705 8.4806309
0.97234226 -0.017186053 -0.23292739 -1.3358324 0.013231227 0.99974074 -0.018530739 -0.18765543 0.23318549 0.014936306 0.97231756 9.0036732
0.97020942 -0.013501772 -0.24189126 -1.503403 0.0082029094 0.99970411 -0.0228997 -0.18895013 0.24212889 0.020233293 0.9700331 9.5461527
0.9680521 -0.011021668 -0.25050679 -1.652844 0.0045425224 0.99964041 -0.026427652 -0.2112687 0.250708 0.024445412 0.96775406 10.070881
0.96556282 -0.013244551 -0.25983268 -1.8139796 0.0061690754 0.99958812 -0.028027523 -0.23144471 0.26009689 0.025459407 0.96524683 10.635385
0.96330755 -0.015341002 -0.26796122 -1.9788489 0.0076657535 0.99953047 -0.029665938 -0.26314462 0.26829053 0.026523297 0.96297285 11.200074
0.96127759 -0.015178009 -0.27516362 -2.1453287 0.0064851585 0.99945154 -0.032473943 -0.28604025 0.27550562 0.029431994 0.9608488 11.772093
0.9586919 -0.014660106 -0.28406849 -2.3488028 0.0046777417 0.99934848 -0.035787292 -0.30834979 0.28440808 0.032980188 0.95813588 12.35888
0.95662501 -0.015640102 -0.29090199 -2.5336778 0.0038121839 0.99914439 -0.041181875 -0.34069945 0.29129721 0.03828664 0.95586614 12.946375
0.95485487 -0.016541746 -0.29661178 -2.7315553 0.0023959291 0.99884487 -0.0479916 -0.37900955 0.29706304 0.045114353 0.95379151 13.567892
0.95351174 -0.016490654 -0.30090432 -2.910259 -0.0005501005 0.99840474 -0.05645939 -0.41505365 0.30135538 0.05400022 0.95198157 14.16944
0.95230544 -0.01703479 -0.30467056 -3.1361497 -0.0029485814 0.99788026 -0.065009989 -0.46034324 0.3051322 0.062807713 0.95023657 14.794662
0.95077732 -0.016492107 -0.30943576 -3.3607135 -0.0067404533 0.99724574 -0.073861381 -0.50444886 0.30980165 0.072311464 0.94804747 15.438244
0.94968676 -0.014703149 -0.31285599 -3.5929029 -0.011329461 0.99663105 -0.081229234 -0.56949058 0.31299635 0.080686819 0.94632073 16.095257
0.94786054 -0.014565799 -0.31835235 -3.8278545 -0.014057046 0.99607171 -0.087427337 -0.62760032 0.31837525 0.087344019 0.94393232 16.741139
0.94634921 -0.012722692 -0.32289517 -4.0790108 -0.018488533 0.99545609 -0.093409534 -0.69794332 0.32261642 0.094367899 0.94181387 17.41408
0.94498163 -0.010630294 -0.32695062 -4.3171956 -0.023018523 0.99483353 -0.098875644 -0.7747893 0.32631254 0.10096159 0.93985472 18.097671
0.94336468 -0.0084040483 -0.33165109 -4.5931115 -0.027024553 0.99441024 -0.10206834 -0.85330127 0.33065506 0.10525039 0.93786438 18.796272
0.94150061 -0.007457112 -0.33692875 -4.8505649 -0.029156463 0.99420431 -0.10347801 -0.92893548 0.33574769 0.10724827 0.93582654 19.468994
0.93922554 -0.0063196623 -0.34324254 -5.1308011 -0.030772049 0.99425605 -0.10250843 -1.0178222 0.34191882 0.10684081 0.93363621 20.209129
0.93691787 -0.0065699164 -0.34948781 -5.4154461 -0.030714264 0.99440882 -0.10103334 -1.1026436 0.34819757 0.10539421 0.9314776 20.93093
0.93473806 -0.0066984284 -0.35527436 -5.6978335 -0.030569529 0.99459965 -0.09918181 -1.1865586 0.35402015 0.10356958 0.92948539 21.643016
0.9317407 -0.0067085777 -0.36306233 -5.9734098 -0.030188864 0.99493702 -0.095859032 -1.2740562 0.36186726 0.1002762 0.92682079 22.347672
0.92769171 -0.0029063297 -0.37333582 -6.3208037 -0.033390789 0.99531649 -0.090720128 -1.3589418 0.37185099 0.096626289 0.92324981 23.176014
0.92521786 -0.0016951306 -0.37943251 -6.6413464 -0.033115576 0.99581351 -0.085198691 -1.4352782 0.37798847 0.091392478 0.92128831 23.882243
0.92110926 0.0011494567 -0.38930246 -6.9608757 -0.03549464 0.99607855 -0.081041075 -1.5062843 0.38768271 0.088465836 0.91753797 24.619532
0.91696469 0.0019007499 -0.39896382 -7.2977611 -0.036470472 0.9962012 -0.079076349 -1.5830883 0.39729797 0.08706062 0.91355065 25.35265
0.91366195 0.0040856845 -0.40645434 -7.6631373 -0.039350615 0.99614172 -0.078442355 -1.6661609 0.40456567 0.087664025 0.91029756 26.142089
0.90970218 0.0037700299 -0.41524416 -8.0179691 -0.039484757 0.99621351 -0.077457111 -1.732418 0.41337986 0.086858719 0.90640646 26.888095
0.90580595 0.0039122087 -0.42367471 -8.4057019 -0.039637831 0.9963543 -0.075544357 -1.8043288 0.42183461 0.085222076 0.90265872 27.689771
0.90195393 0.004558884 -0.43180818 -8.7899597 -0.040098183 0.99650824 -0.073235632 -1.881708 0.42996658 0.083369891 0.89898733 28.458972
0.89808454 0.005286564 -0.43979109 -9.1863146 -0.039731407 0.99681463 -0.069152003 -1.9544649 0.43802465 0.079577864 0.89543385 29.217661
0.89449128 0.0056466281 -0.44704971 -9.6075318 -0.038164162 0.99723489 -0.063765824 -2.0180497 0.44545354 0.074099252 0.89223341 30.050116
0.89017986 0.0039424125 -0.45559221 -10.01815 -0.034836761 0.99762414 -0.059434586 -2.0813898 0.45427551 0.068778829 0.88820226 30.828853
0.88704905 0.0039835561 -0.46165799 -10.454461 -0.034341494 0.99776184 -0.057375692 -2.148942 0.46039621 0.066749079 0.88520049 31.659323
0.88379893 0.0042975886 -0.46784717 -10.906765 -0.034641941 0.99781412 -0.056275457 -2.2110531 0.4665827 0.065943323 0.88201592 32.476029
0.88076207 0.0043966284 -0.47353861 -11.333945 -0.034205546 0.9979356 -0.054355427 -2.265394 0.4723221 0.064071847 0.87909422 33.281013
0.87761946 0.0024773739 -0.47935156 -11.814816 -0.031724255 0.9980945 -0.052923929 -2.330139 0.47830709 0.061654142 0.87602575 34.1471
0.87509706 0.0019762743 -0.4839434 -12.312543 -0.0314305 0.99811254 -0.052758633 -2.388836 0.48292575 0.061379509 0.87350747 34.98382
0.87298019 0.0014623897 -0.48775345 -12.773067 -0.031391166 0.99809081 -0.053191353 -2.4492833 0.48674449 0.061746148 0.87135942 35.806912
0.87208098 0.0024142893 -0.48935561 -13.294766 -0.032848028 0.99802128 -0.053614642 -2.5134082 0.48825791 0.062830678 0.87043468 36.681765
0.871394 0.0029540394 -0.49057491 -13.788294 -0.033089997 0.99805847 -0.052766902 -2.5752556 0.48946661 0.062213885 0.86979991 37.537277
0.87129122 0.0018065631 -0.49076301 -14.302147 -0.030961715 0.99820352 -0.051294311 -2.6342412 0.48978874 0.059887148 0.86978189 38.397627
0.8704383 0.00063684639 -0.4922771 -14.801589 -0.029267913 0.99829715 -0.050459686 -2.6978847 0.49140673 0.058329967 0.86897472 39.320525
0.8699112 -0.00061677415 -0.49320796 -15.317477 -0.028309821 0.99828808 -0.051180736 -2.7616962 0.49239524 0.058485325 0.86840452 40.21605
0.86912842 -0.0026353579 -0.49457944 -15.853073 -0.026530687 0.99829763 -0.051941996 -2.8274884 0.49387441 0.058265798 0.86757892 41.139373
0.86796495 -0.0034181797 -0.49661367 -16.396028 -0.024674672 0.99844448 -0.049997841 -2.889252 0.49601212 0.055650154 0.86653047 42.039164
0.86494736 -0.0010357387 -0.50186151 -16.940767 -0.025752581 0.99858884 -0.046444889 -2.9598561 0.50120145 0.053096613 0.86370011 42.976466
0.86363761 -0.0014572075 -0.50411103 -17.470292 -0.022840264 0.99885579 -0.042017033 -3.0256298 0.50359549 0.04780152 0.86261615 43.920761
0.86015789 -0.0048353962 -0.5100049 -18.022735 -0.018022266 0.99904242 -0.039867773 -3.0797608 0.50970934 0.043484024 0.85924708 44.806501
0.85364407 -0.0075420325 -0.52080216 -18.56103 -0.016621564 0.99899144 -0.04171128 -3.1408686 0.52059153 0.044263134 0.85265776 45.687921
0.84854837 -0.0097375759 -0.52902819 -19.133771 -0.016838358 0.99882727 -0.045393264 -3.2060868 0.52884985 0.047426347 0.84738929 46.573239
0.84252163 -0.0096252435 -0.53857648 -19.748342 -0.017492657 0.9988241 -0.045215242 -3.2653653 0.53837843 0.047515954 0.84136254 47.481036
0.83698664 -0.0069312058 -0.5471794 -20.336839 -0.01809308 0.99902256 -0.040330642 -3.3234109 0.54692415 0.04365637 0.83604313 48.37739
0.83186279 -0.0031443751 -0.55497242 -20.929355 -0.01937556 0.9992098 -0.03470388 -3.3860089 0.55464305 0.039621768 0.83114453 49.239752
0.82813411 -0.003608171 -0.56051838 -21.538019 -0.020241868 0.99913454 -0.036337841 -3.4371936 0.56016443 0.041438545 0.82734436 50.13069
0.82454979 -0.0042030797 -0.56577376 -22.166956 -0.023054258 0.99889233 -0.041019587 -3.4929433 0.56531953 0.046866186 0.82353957 50.99319
0.82222381 -0.0066080907 -0.56912592 -22.777969 -0.025052839 0.99854326 -0.0477882 -3.561144 0.56861269 0.053550816 0.82086049 51.845378
0.81852226 -0.0095522845 -0.57439537 -23.399102 -0.023201963 0.99849623 -0.0496683 -3.6133311 0.57400611 0.05398171 0.81706976 52.722804
0.81560142 -0.0055801976 -0.5785872 -24.026757 -0.025588339 0.99862735 -0.045701706 -3.6867459 0.57804808 0.052079462 0.8143391 53.582408
0.81312129 -0.0063944427 -0.58205915 -24.668301 -0.020914281 0.9989731 -0.040191314 -3.7457821 0.58171848 0.044853762 0.81215256 54.483002
0.80962179 -0.004290418 -0.58693622 -25.292655 -0.021646477 0.99907477 -0.037162311 -3.8067871 0.58655266 0.042792518 0.80877983 55.32145
0.80775737 -0.001558764 -0.58951299 -25.911166 -0.025354557 0.99897932 -0.037382555 -3.8630647 0.58896961 0.045142875 0.80689339 56.149902
0.80354819 -0.0031339566 -0.59523143 -26.57879 -0.025095609 0.99891863 -0.039137881 -3.923051 0.59471048 0.046386869 0.80260061 57.039145
0.80030433 -0.0051353897 -0.59957199 -27.256222 -0.024913121 0.99881498 -0.041808792 -3.9850618 0.59907624 0.048396967 0.79922801 57.887323
0.79594436 -0.005336253 -0.60534623 -27.891516 -0.025578946 0.99877165 -0.04243706 -4.0395726 0.60482916 0.049261658 0.79483017 58.719826
0.79139802 -0.0056482711 -0.61127509 -28.580558 -0.024744527 0.99884177 -0.041265377 -4.1084475 0.61080022 0.047783052 0.79034164 59.59696
0.78684736 -0.0057266618 -0.61712106 -29.241116 -0.024458075 0.99888201 -0.040454023 -4.1598252 0.61666285 0.046924734 0.78582761 60.413129
0.78152113 -0.0072640392 -0.62383646 -29.945414 -0.023887359 0.99885058 -0.041556027 -4.2261101 0.62342133 0.047378719 0.78044932 61.258237
0.77675351 -0.010362855 -0.62971943 -30.622605 -0.021082552 0.99887643 -0.04244296 -4.2832872 0.62945178 0.046243811 0.7756623 62.110583
0.7709301 -0.011085156 -0.63682326 -31.305941 -0.021098674 0.99885533 -0.042928815 -4.3434942 0.63657023 0.046531242 0.76981376 62.922828
0.76541093 -0.01196508 -0.64343058 -32.063142 -0.021562212 0.99878896 -0.044223171 -4.4119214 0.64318055 0.047722686 0.76422599 63.790534
0.76063519 -0.013879094 -0.64903115 -32.754151 -0.020430407 0.99876443 -0.045301417 -4.4712681 0.64885802 0.047717823 0.75941182 64.594773
0.75282796 -0.01527707 -0.65804 -33.47243 -0.019284201 0.99878955 -0.045249927 -4.535131 0.65793481 0.046755187 0.75162209 65.443834
0.74805687 -0.014767301 -0.66347027 -34.220326 -0.019315034 0.99884438 -0.044009475 -4.598615 0.66335351 0.045736541 0.74690717 66.24792
0.7397742 -0.014754515 -0.67269339 -34.956038 -0.018869927 0.99891138 -0.042661245 -4.6640334 0.67259058 0.044253364 0.73869045 67.0429
0.73357877 -0.016348154 -0.67940775 -35.736672 -0.01808211 0.99888719 -0.043559427 -4.7328959 0.67936387 0.044239397 0.73246683 67.881186
0.7278653 -0.019131099 -0.68545319 -36.514739 -0.016367904 0.99884121 -0.045258464 -4.7969747 0.68552479 0.044161498 0.72670872 68.676092
0.72199131 -0.016179065 -0.69171291 -37.310288 -0.020854267 0.99876351 -0.045128054 -4.8637096 0.6915878 0.047007229 0.72076118 69.446252
0.71636597 -0.019009663 -0.69746569 -38.106326 -0.016699581 0.99887528 -0.044376796 -4.9214602 0.69752489 0.043437412 0.7152428 70.262442
0.71207348 -0.016227962 -0.70191736 -38.887251 -0.020963161 0.99879573 -0.044358112 -4.9908423 0.70179196 0.046300642 0.71087576 71.064243
0.70698961 -0.01788759 -0.70699765 -39.732622 -0.01977336 0.99878933 -0.04504328 -5.0549439 0.70694748 0.04582485 0.70577998 71.872677
0.70202149 -0.018534514 -0.7119145 -40.544994 -0.021545028 0.99865094 -0.047245254 -5.1345798 0.71182981 0.048505403 0.7006751 72.700019
0.69813174 -0.019322508 -0.71570851 -41.376011 -0.024119426 0.99843366 -0.050482533 -5.2026051 0.71556297 0.052505937 0.69657218 73.47495
0.69384728 -0.020431472 -0.71983225 -42.200918 -0.023678042 0.99840965 -0.051161812 -5.2730755 0.71973283 0.052542703 0.69226004 74.26459
0.6881029 -0.021166655 -0.7253043 -43.079834 -0.021422009 0.99854615 -0.049463965 -5.342449 0.72529687 0.049573773 0.68664907 75.033512
0.68294055 -0.021510611 -0.73015715 -43.889128 -0.020313177 0.99862053 -0.048419206 -5.4144532 0.7301915 0.047899251 0.6815615 75.823409
0.67544237 -0.023278523 -0.73704523 -44.774346 -0.01855101 0.99864888 -0.048541401 -5.4885613 0.73717943 0.046459853 0.67409793 76.607841
0.67350167 -0.02356899 -0.73880983 -45.629961 -0.018638588 0.99863227 -0.048848665 -5.5569867 0.73895071 0.04667003 0.67214121 77.369387
0.67045532 -0.023059269 -0.74159145 -46.545949 -0.019681009 0.99861248 -0.048844292 -5.6363246 0.74168886 0.047343184 0.66907123 78.179288
0.66509115 -0.02401727 -0.74637584 -47.443686 -0.018580387 0.99864102 -0.048691663 -5.7104071 0.74653103 0.046252346 0.66374105 78.955756
0.66155107 -0.028458269 -0.7493599 -48.296443 -0.012937345 0.99869782 -0.049348684 -5.7810849 0.74978854 0.042341403 0.66032144 79.72276
0.65817448 -0.032520451 -0.7521627 -49.202212 -0.010650865 0.99856445 -0.052493819 -5.8562585 0.75279012 0.042561276 0.65688326 80.513208
0.65222753 -0.036457268 -0.757146 -50.108669 -0.0072269127 0.99849829 -0.054304071 -5.9330311 0.75798883 0.040890439 0.6509846 81.278853
0.6469058 -0.040140962 -0.76151267 -51.030005 -0.0020927999 0.99851639 -0.05441177 -6.0139064 0.76256709 0.036792983 0.64586203 82.049136
0.63714335 -0.043939996 -0.76949176 -51.955351 0.003095681 0.99851146 -0.05445438 -6.1057928 0.77073914 0.032313145 0.63633096 82.830259
0.62974637 -0.044552663 -0.77552209 -52.882644 0.0046508007 0.99855225 -0.05358885 -6.1850724 0.77678693 0.030140585 0.62904186 83.581526
0.61942499 -0.044672144 -0.78378379 -53.86276 0.0078936848 0.99868364 -0.050682081 -6.2560191 0.7850162 0.025206805 0.61896223 84.308486
0.6109759 -0.044646429 -0.7903892 -54.835055 0.0081964096 0.99871168 -0.050077988 -6.3384987 0.7916068 0.02411809 0.61055471 85.059004
0.60202388 -0.044458698 -0.79723937 -55.761068 0.0040144382 0.99860461 -0.052656547 -6.4203725 0.79846802 0.028500031 0.6013623 85.785331
0.58933807 -0.046855041 -0.80652662 -56.790608 0.00557129 0.99852872 -0.05393837 -6.5028184 0.80786735 0.027294541 0.58873204 86.498691
0.58140578 -0.047821267 -0.81220711 -57.790685 0.0041919886 0.99843399 -0.055785195 -6.5804361 0.81360297 0.029029072 0.58069576 87.210172
0.57194509 -0.049260186 -0.81881145 -58.823823 0.0082610675 0.99849053 -0.054299377 -6.663824 0.82025034 0.024292006 0.5714887 87.901088
0.56188865 -0.049171046 -0.82575014 -59.857523 0.009585203 0.99855177 -0.052938554 -6.746728 0.82715738 0.02183059 0.56154622 88.602327
0.55213534 -0.050627232 -0.83221595 -60.907309 0.011394367 0.99851969 -0.053184579 -6.8295044 0.83367667 0.019882511 0.55189487 89.273567
0.54400418 -0.050965024 -0.83753326 -61.927107 0.0093101966 0.99845886 -0.054710297 -6.9102751 0.83903089 0.021965031 0.54364029 89.940921
0.53138933 -0.05099739 -0.84559126 -62.951038 0.007261896 0.99842387 -0.055651139 -6.9958025 0.84709663 0.023431826 0.53092213 90.591354
0.52122704 -0.052254091 -0.85181678 -64.027804 0.0067576479 0.99834515 -0.057107761 -7.0826836 0.85339133 0.024009831 0.5207176 91.243452
0.51157414 -0.051953597 -0.85766699 -65.080318 0.0054064407 0.99834521 -0.05725046 -7.170752 0.85922217 0.024650929 0.51100848 91.869228
0.5037574 -0.050357314 -0.86237611 -66.200108 0.0047617936 0.99844615 -0.055521339 -7.2577604 0.86383208 0.023862828 0.50321443 92.499153
0.49619079 -0.049204834 -0.86681804 -67.307404 0.0067617561 0.99858149 -0.052813754 -7.3426307 0.86818721 0.020344486 0.49581965 93.12678
0.48728522 -0.048911304 -0.87187197 -68.457528 0.0061287311 0.99859711 -0.052595161 -7.4337353 0.8732214 0.020285376 0.48690138 93.744233
0.48044327 -0.052360521 -0.87546135 -69.528726 0.0078985624 0.99843407 -0.055380762 -7.5187498 0.87699028 0.019692428 0.4801045 94.3372
0.47514787 -0.054972926 -0.878187 -70.661119 0.0094502893 0.99830773 -0.057379136 -7.6087305 0.87985525 0.018964453 0.47486331 94.938925
0.46653229 -0.058449088 -0.88257082 -71.797892 0.01133009 0.99812729 -0.060112769 -7.6978867 0.88443163 0.018044941 0.46632085 95.532098
0.46228952 -0.062258376 -0.88454069 -72.899366 0.013569936 0.99791204 -0.063145929 -7.794439 0.88662524 0.017188541 0.46216912 96.107204
0.45722595 -0.062295353 -0.88716608 -74.050764 0.014743593 0.99793762 -0.062475025 -7.8934697 0.88922838 0.015485187 0.45720144 96.66065
0.45351565 -0.060583271 -0.88918679 -75.152903 0.017575786 0.9981009 -0.059039701 -7.9880449 0.89107503 0.011147271 0.45371918 97.235862
0.44926212 -0.059166463 -0.89143862 -76.266348 0.02233234 0.99823658 -0.054999921 -8.0799749 0.89312086 0.0048014705 0.44979121 97.808852
0.44659071 -0.057749513 -0.8928727 -77.373781 0.021448232 0.9983191 -0.053841786 -8.1802723 0.89448129 0.0048947001 0.44707867 98.398391
0.4417609 -0.056541515 -0.89534926 -78.510487 0.021030052 0.99839038 -0.052672463 -8.2705154 0.89688634 0.0044393922 0.44223891 98.948938
0.44140462 -0.057851625 -0.89544128 -79.637228 0.026846739 0.99832419 -0.051264559 -8.3522437 0.89690651 -0.0014112662 0.44221804 99.46903
0.43745766 -0.056344262 -0.89747204 -80.739259 0.027409793 0.99840682 -0.049320614 -8.4384938 0.89882121 -0.0030238437 0.43830509 100.01089
0.43640637 -0.056498941 -0.89797399 -81.860893 0.028715388 0.99839269 -0.048861718 -8.528555 0.89929137 -0.0044621075 0.43732732 100.56045
0.43407236 -0.057248146 -0.89905715 -82.948678 0.031170878 0.9983357 -0.048520221 -8.6135615 0.90033862 -0.0069631146 0.43513441 101.08338
0.43092296 -0.057794792 -0.900536 -84.048789 0.036794774 0.99824233 -0.046458438 -8.6903774 0.9016383 -0.013115012 0.43229209 101.55159
0.42903544 -0.056355418 -0.90152792 -85.126132 0.03763788 0.99830044 -0.04449297 -8.7705986 0.90250321 -0.01484254 0.43042737 102.09987
0.42852358 -0.058105479 -0.90166026 -86.193808 0.040752433 0.9981574 -0.044955998 -8.8517613 0.90261113 -0.017480146 0.43010192 102.62403
0.42802572 -0.058642761 -0.90186193 -87.276351 0.040504483 0.99813465 -0.04567929 -8.9300524 0.90285848 -0.016977541 0.4296026 103.11135
0.42585104 -0.060195717 -0.90278862 -88.350269 0.042242669 0.99801914 -0.046619322 -9.0130905 0.90380668 -0.018283315 0.42755032 103.62665
0.42892453 -0.060595593 -0.90130564 -89.356263 0.04041423 0.99803584 -0.047866027 -9.0902657 0.90243587 -0.015894661 0.43053098 104.09661
0.42878665 -0.060309545 -0.90139042 -90.402214 0.038056502 0.99808934 -0.048676127 -9.1702753 0.90260389 -0.013432094 0.43026256 104.60145
0.43199976 -0.059640758 -0.89989951 -91.432477 0.035599706 0.99816104 -0.049063275 -9.2499556 0.90117087 -0.010840836 0.43332852 105.06909
0.43890337 -0.060190784 -0.89651594 -92.455631 0.033784441 0.99815374 -0.050474899 -9.327823 0.89789894 -0.0081346867 0.44012656 105.55361
0.44560163 -0.061300491 -0.89313009 -93.45955 0.035211202 0.99808099 -0.050936237 -9.411393 0.89453866 -0.0087509144 0.44690499 106.05057
0.45020761 -0.060416297 -0.89087761 -94.479216 0.034073814 0.99814408 -0.050471444 -9.4876839 0.89227359 -0.0076329703 0.45143068 106.50273
0.45981777 -0.058714662 -0.88607005 -95.442413 0.032090575 0.99825867 -0.049495641 -9.5621593 0.88743331 -0.0056755232 0.46090126 107.03804
0.46799545 -0.057717129 -0.88184405 -96.439495 0.030695903 0.9983245 -0.049050489 -9.6395591 0.88319765 -0.004113594 0.468983 107.53753
0.47799991 -0.058413375 -0.87641537 -97.413389 0.032087282 0.9982815 -0.049035281 -9.7166838 0.87777364 -0.0046829273 0.4790528 108.10835
0.48689251 -0.058827561 -0.87147859 -98.3517 0.030888144 0.998265 -0.050128931 -9.7853562 0.87291562 -0.0025109567 0.48786482 108.60819
0.49655506 -0.059662691 -0.86595229 -99.305669 0.028295899 0.99821733 -0.052550078 -9.8663941 0.86754393 0.001591108 0.49735808 109.13763
0.50986921 -0.05961157 -0.858184 -100.27594 0.024994427 0.99820157 -0.054487702 -9.9402295 0.85988879 0.0063317841 0.51044221 109.68375
0.52089605 -0.058398464 -0.85162014 -101.16444 0.023889902 0.99826365 -0.053841973 -10.016395 0.85328579 0.0077009486 0.52138672 110.24049
0.53328394 -0.056644869 -0.84403764 -102.10609 0.023373478 0.99836131 -0.052233862 -10.099722 0.84561338 0.0081273838 0.53373404 110.81027
0.54577975 -0.053968103 -0.83618889 -102.99392 0.021744481 0.99849987 -0.050251143 -10.167429 0.83764653 0.0092435623 0.54613452 111.41243
0.55741429 -0.052786403 -0.82855467 -103.87626 0.020877779 0.99855236 -0.049571159 -10.23997 0.82997198 0.01033329 0.55770942 111.98496
0.5686077 -0.052702726 -0.82091878 -104.75466 0.0205228 0.99854379 -0.049891121 -10.309021 0.82235282 0.011520923 0.56886129 112.6081
0.57990118 -0.054446718 -0.81286537 -105.63441 0.021991095 0.99844685 -0.051188664 -10.389797 0.81439 0.011808566 0.58019785 113.21084
0.59129785 -0.055866517 -0.80451583 -106.47429 0.023690097 0.99837041 -0.05191641 -10.457547 0.80610526 0.011639003 0.59165776 113.8385
0.60040596 -0.05524048 -0.79778513 -107.29469 0.023054008 0.99839234 -0.051780746 -10.54174 0.79936302 0.012697324 0.60071423 114.46488
0.61181395 -0.053363983 -0.78919955 -108.11306 0.022671019 0.99849484 -0.049940749 -10.6097 0.79067678 0.012662488 0.61210289 115.06597
0.62150045 -0.051921553 -0.7816913 -108.88668 0.024499242 0.99860143 -0.046850525 -10.674908 0.78303067 0.009966778 0.62190328 115.71556
0.63182849 -0.051283391 -0.7734098 -109.70693 0.025065791 0.99863882 -0.045740699 -10.748575 0.77470285 0.0095141482 0.63225392 116.34653
0.64217509 -0.049517922 -0.76495692 -110.46648 0.021316705 0.99867904 -0.046752246 -10.814074 0.76626158 0.013716767 0.64238236 116.99396
0.65119843 -0.048575139 -0.75735132 -111.23431 0.018869937 0.99867732 -0.047828287 -10.880867 0.75867291 0.016854533 0.65125371 117.62305
0.66166295 -0.047930382 -0.74826784 -111.98968 0.018659174 0.99869827 -0.04747218 -10.942901 0.74956922 0.017448523 0.66169599 118.27379
0.66877402 -0.04651171 -0.74200938 -112.70597 0.018962804 0.99878361 -0.045516006 -11.012515 0.7432239 0.016369344 0.66884253 118.90022
0.6792177 -0.04419432 -0.73260504 -113.41973 0.017632059 0.99887988 -0.043910169 -11.071831 0.73372507 0.016907229 0.67923613 119.58672
0.68585534 -0.043602571 -0.72643047 -114.12394 0.018500334 0.99892552 -0.042491568 -11.134268 0.72750274 0.015703862 0.68592507 120.24674
0.69317608 -0.043835665 -0.71943403 -114.82415 0.018855364 0.99891012 -0.042697177 -11.198711 0.72052165 0.016031471 0.69324714 120.88819
0.70072989 -0.04118679 -0.71223677 -115.4942 0.015982373 0.99898789 -0.042044695 -11.260688 0.71324766 0.01807874 0.70067894 121.54675
0.70842015 -0.038805716 -0.70472333 -116.1517 0.015417533 0.99909994 -0.039517208 -11.311549 0.70562259 0.017129691 0.70838081 122.23612
0.71562093 -0.037422997 -0.6974856 -116.82229 0.016165801 0.9991836 -0.037024219 -11.374825 0.69830179 0.015219892 0.71564168 122.88812
0.722375 -0.035536854 -0.69058776 -117.45886 0.014977717 0.99924841 -0.035753048 -11.423605 0.69133933 0.015483679 0.72236433 123.53368
0.73009083 -0.034439531 -0.68248169 -118.08732 0.01423551 0.99927899 -0.035197258 -11.478155 0.68320185 0.01598172 0.73005469 124.20179
0.73799006 -0.032180662 -0.6740438 -118.69772 0.012659947 0.99934672 -0.033850508 -11.530164 0.67469285 0.016447979 0.73791535 124.85788
0.7470014 -0.028547525 -0.66420924 -119.2969 0.010472189 0.99945896 -0.031178941 -11.574311 0.66474001 0.016334988 0.7468962 125.52032
0.75660086 -0.025174045 -0.65339221 -119.85594 0.0087228269 0.99955828 -0.028410542 -11.616081 0.65381885 0.015796013 0.75648624 126.17363
0.76655513 -0.022951367 -0.6417682 -120.41868 0.0073069069 0.99960816 -0.027021013 -11.664958 0.64213696 0.016023756 0.76642247 126.83132
0.77589794 -0.022347175 -0.63046249 -120.94772 0.0060714557 0.99959063 -0.027959152 -11.702214 0.63082926 0.017865623 0.77571599 127.50086
0.78576683 -0.023067069 -0.61809252 -121.48795 0.0059843679 0.9995411 -0.029694851 -11.749453 0.6184939 0.019634336 0.78554429 128.15748
0.79584185 -0.02204058 -0.60510324 -122.01579 0.0054651864 0.99955805 -0.029220493 -11.791047 0.6054799 0.019947889 0.79561058 128.83175
0.80509388 -0.021032313 -0.59277437 -122.49774 0.0056941757 0.99959914 -0.027733211 -11.825834 0.5931201 0.018952477 0.80489091 129.50933
0.815946 -0.01908138 -0.57781311 -123.00715 0.0054429631 0.99966442 -0.025326204 -11.861894 0.57810252 0.017519799 0.81577605 130.19844
0.82544514 -0.01774615 -0.5642033 -123.48787 0.0057678408 0.99971869 -0.023006106 -11.902526 0.5644529 0.015736044 0.82531529 130.90418
0.83382794 -0.01632808 -0.55178287 -123.95448 0.0062908823 0.99977862 -0.020078464 -11.934004 0.5519886 0.013270783 0.83374606 131.58955
0.8417154 -0.016006064 -0.53968414 -124.38931 0.0075374322 0.99981143 -0.0178969 -11.965028 0.53986887 0.010996264 0.84167732 132.30371
0.84897744 -0.01578772 -0.52819318 -124.84753 0.0082446602 0.99982767 -0.016633061 -11.994395 0.5283648 0.0097663199 0.8489613 133.03311
0.85575544 -0.015815596 -0.51713873 -125.27236 0.0086118039 0.99982962 -0.016326961 -12.023534 0.51730889 0.0095183886 0.85574584 133.73241
0.86238242 -0.01490196 -0.50603801 -125.70112 0.0081281739 0.9998454 -0.015591837 -12.05032 0.50619216 0.0093329609 0.86237023 134.44947
0.86865504 -0.013441646 -0.49523502 -126.11992 0.0067079438 0.99985934 -0.01537223 -12.081702 0.49537203 0.010031156 0.86862302 135.20548
0.87535094 -0.012323192 -0.483331 -126.5377 0.0057821894 0.99987046 -0.015021075 -12.100214 0.48345354 0.010354 0.8753088 135.95701
0.88049634 -0.012766756 -0.47388098 -126.93454 0.0064447788 0.99986728 -0.014962529 -12.135073 0.47400916 0.010120394 0.88046176 136.7018
0.88537715 -0.013470963 -0.46467818 -127.33936 0.00721436 0.99985784 -0.015239835 -12.160856 0.46481746 0.010140646 0.88534847 137.46631
0.88974137 -0.014473513 -0.45623547 -127.72861 0.0079768592 0.99983756 -0.016162313 -12.190249 0.45639532 0.010740952 0.88971229 138.24598
0.89332448 -0.013512786 -0.44920905 -128.13706 0.0074293354 0.99985531 -0.015302505 -12.215418 0.44935087 0.010332778 0.89329561 139.00258
0.89671429 -0.012052119 -0.44244571 -128.52512 0.0073105918 0.99989614 -0.012420406 -12.241443 0.44254949 0.007903015 0.89670927 139.79356
0.89964633 -0.0082564114 -0.4365413 -128.92315 0.005123558 0.99995198 -0.0083534484 -12.257952 0.43658934 0.0052785042 0.89964543 140.59954
0.90243909 -0.0054569456 -0.43078289 -129.29724 0.0033504625 0.99997843 -0.0056484134 -12.279258 0.43080446 0.0036540269 0.90243791 141.39647
0.90591124 -0.0029194706 -0.42345753 -129.70375 0.0015718801 0.99999253 -0.0035315586 -12.294755 0.42346471 0.0025336539 0.90590906 142.2285
0.90908753 -0.00093341965 -0.41660409 -130.09011 0.00054906759 0.99999931 -0.0010424013 -12.303412 0.41660481 0.00071888986 0.90908742 143.08569
0.91271646 0.00017284019 -0.40859347 -130.47592 0.00052659424 0.99999858 0.0015993183 -12.319562 0.4085932 -0.0016748875 0.91271507 143.93406
0.91594623 0.00035395856 -0.40130084 -130.8758 0.0011356024 0.99999332 0.0034739693 -12.331508 0.40129942 -0.0036376877 0.91593971 144.79394
0.9190748 8.4947398e-05 -0.39408311 -131.25096 0.0018101214 0.99998852 0.0044370925 -12.349528 0.39407899 -0.0047913586 0.91906409 145.69067
0.92278041 -0.00095059837 -0.38532506 -131.63012 0.0028817437 0.99998602 0.0044342593 -12.339578 0.38531549 -0.0052022561 0.92277024 146.57902
0.92658039 -0.0030204624 -0.37608463 -131.99364 0.0050336223 0.99997778 0.0043704525 -12.366504 0.3760631 -0.0059426439 0.926575 147.49519
0.93043043 -0.0047662128 -0.36643756 -132.38235 0.0063057565 0.9999756 0.0030045248 -12.369837 0.36641433 -0.0051061677 0.93043779 148.43762
0.93540294 -0.0056475754 -0.35353846 -132.7189 0.0064363001 0.99997873 0.001055269 -12.386312 0.35352501 -0.0032625817 0.93541939 149.38107
0.93993872 -0.0041347585 -0.34131816 -133.08563 0.0043679934 0.99999046 -8.5179447e-05 -12.39555 0.34131529 -0.0014108123 0.93994781 150.34464
0.94553485 -0.00073652799 -0.32552004 -133.42937 0.0011575371 0.99999873 0.0010996695 -12.405275 0.32551885 -0.0014165776 0.9455345 151.31056
0.9518226 0.0030952474 -0.30663357 -133.76666 -0.001988217 0.99999033 0.0039225569 -12.414969 0.30664277 -0.0031239246 0.95181955 152.30741
0.95780058 0.0061477923 -0.28736778 -134.09449 -0.0045946906 0.99997097 0.0060786798 -12.421299 0.28739683 -0.0045017974 0.95780102 153.33758
0.96427084 0.0077188494 -0.26480588 -134.39724 -0.0061900368 0.99995901 0.0066073355 -12.437524 0.26484605 -0.0047321031 0.9642791 154.38059
0.96979489 0.0093241216 -0.24374356 -134.65901 -0.0075686297 0.99993824 0.0081377647 -12.435388 0.24380441 -0.0060471582 0.96980557 155.41093
0.97481415 0.0097414617 -0.22280589 -134.92157 -0.0075977747 0.99991625 0.010476509 -12.451782 0.22288931 -0.0085198209 0.97480653 156.48631
0.97977112 0.011796608 -0.19977335 -135.14926 -0.0091612356 0.99985846 0.014111117 -12.441862 0.19991156 -0.011995494 0.97974052 157.5814
0.98389232 0.013554286 -0.17824755 -135.3488 -0.010468161 0.99977878 0.01824286 -12.453083 0.17845541 -0.016083086 0.98381655 158.66793
0.98774848 0.015348175 -0.15529766 -135.53926 -0.012174167 0.99969754 0.021368761 -12.439221 0.15557867 -0.019216342 0.98763658 159.81207
0.99095466 0.016917095 -0.13312651 -135.71034 -0.014135757 0.9996622 0.021809981 -12.431608 0.13345052 -0.019730859 0.99085905 160.93065
0.9936581 0.016736845 -0.11119112 -135.84844 -0.014620312 0.9996966 0.019823316 -12.425947 0.11148917 -0.018071951 0.99360131 162.06409
0.99579908 0.016880926 -0.089995706 -135.96539 -0.015281698 0.99971337 0.018429629 -12.414662 0.090281027 -0.01697692 0.99577162 163.25074
0.99739956 0.015370017 -0.070412147 -136.05761 -0.013968993 0.99969539 0.020346897 -12.417892 0.070703437 -0.0193104 0.99731045 164.39539
0.99865789 0.015888311 -0.049294817 -136.1169 -0.014807757 0.99964369 0.022208571 -12.404536 0.049630113 -0.021448819 0.99853733 165.61829
0.99945977 0.01621494 -0.028587607 -136.1571 -0.015557929 0.99961309 0.023056932 -12.394682 0.028950416 -0.022599713 0.99932534 166.82771
0.99980267 0.017611152 -0.0091901309 -136.19309 -0.01738854 0.99956633 0.023765348 -12.38709 0.0096046814 -0.023600856 0.99967532 168.01698
0.99976027 0.017841725 0.012691348 -136.18418 -0.018144611 0.99954332 0.024164721 -12.375872 -0.012254412 -0.024389208 0.99962743 169.27396
0.99928055 0.020193264 0.0321031 -136.1625 -0.020957188 0.99950084 0.023640237 -12.363782 -0.031609705 -0.024296021 0.99920495 170.4827
0.99840205 0.021337181 0.052326563 -136.09532 -0.02255063 0.99948773 0.022710142 -12.343052 -0.051815192 -0.023853849 0.99837176 171.7464
0.99691289 0.021662537 0.075468082 -136.03922 -0.023277958 0.99951694 0.020591767 -12.344495 -0.074985562 -0.022284941 0.99693558 173.02978
0.99554085 0.023007872 0.091482579 -135.92297 -0.02472288 0.99953838 0.017657825 -12.332232 -0.091034087 -0.019840799 0.99565011 174.29378
0.99366048 0.023697795 0.10989661 -135.81789 -0.025598742 0.99954554 0.015918885 -12.320629 -0.10946944 -0.018631182 0.99381554 175.57639
0.99125676 0.023558801 0.12982691 -135.63732 -0.025480692 0.99958866 0.013162108 -12.332651 -0.12946343 -0.016355108 0.99144931 176.87792
0.98867016 0.024668229 0.14806345 -135.47509 -0.026045052 0.99963362 0.0073669306 -12.325605 -0.14782749 -0.011139785 0.98895042 178.16347
0.98582021 0.026398793 0.16571547 -135.25847 -0.027024289 0.99963362 0.0015204807 -12.349441 -0.16561463 -0.0059772632 0.98617243 179.45536
0.98273939 0.028991034 0.18270961 -135.05344 -0.028735828 0.99957886 -0.0040446491 -12.358171 -0.18274994 -0.001275476 0.9831586 180.77642
0.97914003 0.030925915 0.20081927 -134.78632 -0.029920761 0.99951994 -0.0080393475 -12.39148 -0.2009715 0.0018629819 0.97959532 182.10779
0.97516316 0.033178367 0.21898858 -134.50243 -0.031548662 0.99944239 -0.010935617 -12.417575 -0.21922932 0.0037552142 0.97566614 183.41246
0.9714505 0.032700064 0.23497794 -134.20278 -0.031009519 0.9994598 -0.010886931 -12.444907 -0.23520702 0.0032895624 0.97193973 184.74866
0.96710935 0.031601902 0.2523902 -133.84908 -0.029722698 0.99949481 -0.011255745 -12.476549 -0.25261842 0.0033838187 0.96756007 186.08244
0.96234006 0.031166024 0.27005607 -133.49072 -0.027870874 0.99948301 -0.016028723 -12.529648 -0.27041603 0.0078983837 0.96271117 187.43568
0.95778019 0.032671299 0.28563907 -133.12219 -0.027994176 0.99939902 -0.020443275 -12.583811 -0.28613534 0.011583934 0.95811919 188.79165
0.95287609 0.034811322 0.30135581 -132.69878 -0.029834893 0.99933208 -0.021101687 -12.613114 -0.30188913 0.011116375 0.95327823 190.11488
0.94690955 0.036443162 0.31942792 -132.27304 -0.031316585 0.99928524 -0.021172671 -12.668601 -0.31997123 0.010045213 0.94737401 191.45498
0.94073392 0.040671752 0.33669792 -131.80325 -0.03435813 0.99910453 -0.024691198 -12.709141 -0.33740068 0.011659537 0.94128893 192.80423
0.93388643 0.041476571 0.35515606 -131.32229 -0.033670949 0.99903692 -0.028133506 -12.770393 -0.35598093 0.014315059 0.93438358 194.14805
0.92737943 0.042442566 0.37170689 -130.79872 -0.033278024 0.99896405 -0.031038556 -12.828565 -0.37263921 0.016414848 0.92783112 195.4924
0.92054161 0.042470619 0.38832896 -130.25906 -0.031083841 0.99888399 -0.035560712 -12.898841 -0.3894059 0.02066436 0.92083443 196.82176
0.91219894 0.045673431 0.40719407 -129.69211 -0.031500144 0.99864401 -0.041447319 -12.98126 -0.408535 0.02498153 0.91240073 198.16127
0.90204864 0.049337265 0.42880541 -129.07606 -0.033026305 0.99842277 -0.04540082 -13.064946 -0.43036907 0.026791891 0.90225533 199.46182
0.89058732 0.052095344 0.45181886 -128.46067 -0.034554968 0.99829735 -0.046993233 -13.139549 -0.45349774 0.026238992 0.89087111 200.81827
0.87681814 0.056556633 0.47748432 -127.76692 -0.03753492 0.99807881 -0.049293095 -13.240562 -0.47935487 0.025298745 0.87725646 202.11195
0.8628424 0.061003397 0.50177839 -127.05563 -0.039890939 0.99781262 -0.052713245 -13.337187 -0.50389654 0.025466812 0.86338852 203.42237
0.8479973 0.064717229 0.52603444 -126.29006 -0.041440672 0.99757457 -0.055925398 -13.442762 -0.52837796 0.025625366 0.84862247 204.69759
0.83286615 0.066257375 0.54949424 -125.50542 -0.040963377 0.99746503 -0.058185154 -13.542019 -0.55195653 0.025951306 0.83346898 205.95948
0.81692684 0.067392399 0.57279035 -124.66286 -0.039866996 0.99737246 -0.060487936 -13.656112 -0.5753618 0.026578789 0.81746706 207.19568
0.80155446 0.069572022 0.59386038 -123.79747 -0.038267935 0.99714042 -0.065165557 -13.776145 -0.59669594 0.029507933 0.80192473 208.41886
0.78529925 0.072138618 0.61489924 -122.90396 -0.036662455 0.99686408 -0.070127587 -13.901153 -0.61802993 0.032527427 0.78548139 209.61143
0.76821564 0.074029542 0.63589647 -121.95879 -0.034885638 0.99665651 -0.07388362 -14.0326 -0.63923998 0.0345749 0.76822969 210.78706
0.75269229 0.075537659 0.65402473 -121.0221 -0.033230954 0.99648897 -0.076846882 -14.167596 -0.65753331 0.036108191 0.75255975 211.93133
0.73696106 0.07660343 0.67158043 -119.97489 -0.031773848 0.99638514 -0.07878495 -14.314314 -0.67518802 0.036722747 0.73673104 213.11022
0.72025411 0.076527008 0.68947632 -118.97044 -0.029278332 0.99636445 -0.080004128 -14.448729 -0.69309223 0.037436587 0.71987618 214.2229
0.70635824 0.077190329 0.70363317 -117.91913 -0.026499262 0.99622325 -0.082686307 -14.594337 -0.70735837 0.039760396 0.70573599 215.30797
0.69096657 0.078315448 0.71863192 -116.81433 -0.023471351 0.9960206 -0.085977088 -14.746846 -0.7225056 0.042540033 0.69005511 216.38271
0.67685726 0.080680181 0.73167951 -115.70158 -0.021250756 0.99570283 -0.090134758 -14.907781 -0.73580751 0.045459624 0.67566321 217.45291
0.6617964 0.083539201 0.74501455 -114.58457 -0.020748759 0.99543234 -0.093187667 -15.069568 -0.74939647 0.046213136 0.66050687 218.45314
0.64492629 0.083798059 0.7596367 -113.42209 -0.018743593 0.9954058 -0.093893354 -15.239223 -0.76401493 0.046315973 0.64353405 219.46244
0.63004707 0.085205734 0.77186827 -112.26389 -0.019813643 0.99540252 -0.093708314 -15.405106 -0.77630417 0.043747127 0.62883867 220.44382
0.61144735 0.086126231 0.78658398 -111.09774 -0.021512779 0.99550082 -0.092278514 -15.570673 -0.79099266 0.039501847 0.61054915 221.41264
0.59412916 0.086894409 0.79966234 -109.89147 -0.023693952 0.99560705 -0.090582506 -15.735732 -0.80402065 0.034870548 0.59357805 222.34482
0.5768234 0.088258186 0.81208694 -108.70068 -0.025629047 0.99561199 -0.089999567 -15.899264 -0.81646676 0.031100843 0.57655427 223.21627
0.55910502 0.091309395 0.82405347 -107.49401 -0.027172642 0.99540117 -0.091859473 -16.065027 -0.82865148 0.028967384 0.55901491 224.06716
0.53997472 0.095410034 0.83625604 -106.25235 -0.029855123 0.9951003 -0.094255273 -16.249857 -0.84115161 0.02592894 0.54017749 224.92009
0.52157257 0.09537092 0.84785988 -105.04593 -0.029703506 0.99516035 -0.093667391 -16.415383 -0.85268976 0.023669932 0.52188119 225.7165
0.4994358 0.094708294 0.86115861 -103.77797 -0.029907035 0.99529906 -0.092115935 -16.590832 -0.86583458 0.020251297 0.49992043 226.45434
0.47799396 0.092546222 0.87347405 -102.52456 -0.029803031 0.99557014 -0.089173325 -16.749302 -0.8778574 0.016592137 0.47863467 227.19219
0.45699673 0.090879236 0.88481348 -101.29103 -0.029771618 0.99577216 -0.086899084 -16.903694 -0.88897003 0.013370269 0.45777024 227.85509
0.43515696 0.089956275 0.89584944 -100.02104 -0.028704662 0.9958766 -0.086057222 -17.062053 -0.89989696 0.011733345 0.4359448 228.5073
