7.776293574635478878e-01 -6.283605057888956846e-01 2.134612788198405817e-02 -6.595850350046448796e+01 6.273961574305920719e-01 7.777454807004350323e-01 3.854904527193647040e-02 2.571357300575681748e+01 -4.082455207541967057e-02 -1.658439069647033373e-02 9.990286852403529316e-01 -8.913632491891514409e-01 -4.809208017785018303e-24 -1.416202385148814181e-23 -3.430527606006730092e-24 9.999999999999997780e-01
7.495914162103224365e-01 -6.613191388834320783e-01 2.774356304226908987e-02 -6.556418320190648785e+01 6.605712850033902406e-01 7.500836433901243439e-01 3.193908808291140433e-02 2.609225681360509697e+01 -4.193192307508184641e-02 -5.614665179131491345e-03 9.991046938945647993e-01 -9.014692247550986082e-01 -4.809208017785018303e-24 -1.416202385148814181e-23 -3.430527606006730092e-24 9.999999999999997780e-01
7.210388514745013078e-01 -6.928008727411866241e-01 1.139848206490452764e-02 -6.520563741672322067e+01 6.924562326460759198e-01 7.210702319775574853e-01 2.370836193071175838e-02 2.648958535407582104e+01 -2.464427994359370822e-02 -9.201700108314453050e-03 9.996539342098237357e-01 -9.130326495236216200e-01 1.412134401069620143e-18 5.913126631967510380e-19 2.242467111858700184e-20 9.999999999999997780e-01
6.909560276895997388e-01 -7.227560818924816388e-01 -1.426232403358156618e-02 -6.487083177288566560e+01 7.228924836822961941e-01 6.908855158869028346e-01 1.018140330865106163e-02 2.690200714169800733e+01 2.494961934159460690e-03 -1.734502883016856775e-02 9.998464507812323543e-01 -9.155507512697328432e-01 2.082726437474092580e-18 2.818186826899591307e-18 7.812751284466918187e-20 9.999999999999996669e-01
6.562730713364717250e-01 -7.539828172239799731e-01 -2.855813666167072648e-02 -6.453227955552151229e+01 7.540336218470031771e-01 6.567406932770813999e-01 -1.117850250414955532e-02 2.732152521797933176e+01 2.718368928031125037e-02 -1.419764504886023709e-02 9.995296263303938833e-01 -9.327902026902680221e-01 3.693043679641380436e-18 5.157762886413505194e-18 1.144454498699787961e-19 9.999999999999995559e-01
6.190008505686861451e-01 -7.848973511195848074e-01 -2.782256639320465630e-02 -6.419542296040783924e+01 7.841851660994869633e-01 6.196248113446676253e-01 -3.344724855070796421e-02 2.776931736366550396e+01 4.349220924220292134e-02 -1.114168546298200269e-03 9.990531449145634291e-01 -9.439949578035393696e-01 5.437075778367533711e-18 9.576443843324274979e-18 9.570668176165105396e-20 9.999999999999993339e-01
5.860398947260515579e-01 -8.099763612719390604e-01 -2.226063723592684729e-02 -6.386790499546261657e+01 8.089931256921805147e-01 5.864357662806366500e-01 -4.028913761360716078e-02 2.825500596259289310e+01 4.568768293839982342e-02 5.602339468290133684e-03 9.989400629768520057e-01 -9.742171196887531304e-01 3.402667569498881178e-18 1.286045550364563710e-17 2.109456157054351642e-19 9.999999999999992228e-01
5.572252841748626118e-01 -8.302079374736520689e-01 -1.596130420706005221e-02 -6.356191514394391362e+01 8.298565967486098982e-01 5.574537967589743293e-01 -2.415146603895695562e-02 2.876158976014602686e+01 2.894842843861765783e-02 2.122139378577171556e-04 9.995808838989325151e-01 -9.397451797170464083e-01 2.551530718567516633e-18 1.690626474085621676e-17 2.549271287572964262e-19 9.999999999999990008e-01
5.286304149855196588e-01 -8.488157727699858768e-01 -7.852913416827716001e-03 -6.328494281901437546e+01 8.487744421862742916e-01 5.286845681519950491e-01 -8.635605904067105223e-03 2.928137050362201421e+01 1.148175263730759343e-02 -2.100308272186244846e-03 9.999318767103718697e-01 -8.819197940949092818e-01 1.990767243231392814e-19 2.131558677768971184e-17 3.481295109109448609e-19 9.999999999999986677e-01
4.987921026500587995e-01 -8.666987345875004634e-01 -6.304109640761701959e-03 -6.301284494788015422e+01 8.666831343854600744e-01 4.988253169454363589e-01 -5.800667728290553535e-03 2.979572743449337224e+01 8.172080869482727106e-03 -2.570338249996140679e-03 9.999633045544867871e-01 -8.743431238532324290e-01 -1.598771829792919682e-18 2.623309760813366935e-17 4.463072177626454133e-19 9.999999999999984457e-01
4.712771750938116733e-01 -8.819749387778287320e-01 -4.246363555725464305e-03 -6.275031457022628700e+01 8.818551703098578276e-01 4.712849121080871506e-01 -1.489933612817078562e-02 3.031818814185616873e+01 1.514208814461174245e-02 3.277039384626089912e-03 9.998799818875644396e-01 -8.680205646301814015e-01 -5.096959696816258793e-18 3.060595180200766930e-17 5.431105158202643719e-19 9.999999999999981126e-01
4.458389457575731574e-01 -8.950973687164700543e-01 -5.323059518153578848e-03 -6.250398562386229884e+01 8.948467525804328915e-01 4.458434414411002744e-01 -2.174661169530415009e-02 3.085659400199805091e+01 2.183858608153389433e-02 4.932163908422017989e-03 9.997493435442312837e-01 -8.648309957713885554e-01 -7.561568721722936615e-18 3.601222691133313820e-17 6.233188557635329553e-19 9.999999999999974465e-01
4.226832877804990174e-01 -9.062589228855739698e-01 -5.796802683786841590e-03 -6.226258084250900993e+01 9.060192482929733115e-01 4.227068899610852970e-01 -2.116617353421247627e-02 3.140888234210429886e+01 2.163238206290496457e-02 3.694573009106557997e-03 9.997591660877855890e-01 -8.603113289040191791e-01 -1.107145618106922024e-17 4.274241265166854464e-17 7.207273640684651303e-19 9.999999999999966693e-01
4.031180283421761934e-01 -9.151340639477829608e-01 -5.049775038682892229e-03 -6.203021881362877821e+01 9.150272857622977485e-01 4.031483403122463338e-01 -1.401720421420290380e-02 3.198640749602936495e+01 1.486342948352326054e-02 1.029905778343102223e-03 9.998890027188281904e-01 -8.533133166794792945e-01 -1.472373461422366385e-17 4.976718373207685329e-17 8.349929416364451836e-19 9.999999999999958922e-01
3.859398098460824489e-01 -9.225211404964475115e-01 -2.282216710907090679e-03 -6.180344827419148857e+01 9.225062793797090821e-01 3.859465484355566467e-01 -5.237008278326950490e-03 3.257218050028848211e+01 5.712064512066293218e-03 -8.418926761717287794e-05 9.999836824824448467e-01 -8.484617788537498484e-01 -1.661517959250621855e-17 5.401908987603196132e-17 9.236538864076127102e-19 9.999999999999950040e-01
3.696351990733455772e-01 -9.291760441195237030e-01 1.303318999781586220e-03 -6.157835891680911544e+01 9.291752064992042648e-01 3.696368622302770857e-01 1.423273599235858923e-03 3.315761247751777319e+01 -1.804226478204164121e-03 6.849196805670378172e-04 9.999981378241745711e-01 -8.457186529159959054e-01 -1.863244554372989537e-17 5.798847211709304063e-17 1.011160397964892223e-18 9.999999999999942268e-01
3.555076996121918631e-01 -9.346718203650711265e-01 1.692256454660990769e-03 -6.136575423536960727e+01 9.346662402475158782e-01 3.555114748112473966e-01 3.257394530663144765e-03 3.375652644257816348e+01 -3.646211463579868400e-03 4.236661416871894390e-04 9.999932628017702552e-01 -8.470586145723637550e-01 -2.039136070504620460e-17 5.974497754047556719e-17 1.078447119060061393e-18 9.999999999999933387e-01
3.426651325317414676e-01 -9.394575675337271115e-01 2.928320967272195815e-04 -6.116183741290743114e+01 9.394552229029733414e-01 3.426649471785214729e-01 2.148984758363357839e-03 3.435464430617379605e+01 -2.119223288718839141e-03 -4.612795043293310498e-04 9.999976480541516999e-01 -8.510085376330692730e-01 -2.264563861993512983e-17 6.017157405656797517e-17 1.144495636753281357e-18 9.999999999999924505e-01
3.303421127080764519e-01 -9.438512201691136028e-01 -4.354624767196245416e-03 -6.096330639914472727e+01 9.438612050863076641e-01 3.303369246272364612e-01 1.881956660194776835e-03 3.497103194898349443e+01 -3.377937365318541387e-04 -4.731850919618509066e-03 9.999887476778053230e-01 -8.561395042878264805e-01 -2.429725172213045113e-17 5.929993620417160281e-17 1.217735184702791040e-18 9.999999999999914513e-01
3.199372253831250790e-01 -9.474097079307279845e-01 -7.417353489330559373e-03 -6.076725115611862549e+01 9.474387260607720629e-01 3.199288970722630743e-01 2.315421883315854721e-03 3.559876473037488154e+01 1.793725508248031038e-04 -7.768277593613534711e-03 9.999698103886296430e-01 -8.621320490166239914e-01 -2.707385181801510241e-17 5.850175404229342035e-17 1.289594156846734632e-18 9.999999999999904521e-01
3.118499873192146499e-01 -9.500839318721757687e-01 -9.492513225695879686e-03 -6.057244478920654984e+01 9.501312031643267542e-01 3.118399602831229411e-01 2.556549268753891945e-03 3.622811028211328477e+01 5.312085660019627738e-04 -9.816392869225983031e-03 9.999516769566650920e-01 -8.653467633357277977e-01 -2.997907932361921054e-17 5.833653204408221355e-17 1.354025544741674654e-18 9.999999999999894529e-01
3.058091703472037293e-01 -9.520272522645369939e-01 -1.117417904008627914e-02 -6.037480224026921150e+01 9.520909272234993059e-01 3.058109437757428606e-01 1.591529366315916133e-03 3.686782585682260560e+01 1.902006908652049575e-03 -1.112553875833372820e-02 9.999363003496780644e-01 -8.638918819448876407e-01 -3.338768625113424879e-17 5.649244945936717958e-17 1.417094420500374586e-18 9.999999999999881206e-01
3.012941781434083088e-01 -9.534439329479527103e-01 -1.290290438853543276e-02 -6.017650114231233971e+01 9.535285034187278574e-01 3.012981251581055564e-01 1.683135256388546995e-03 3.751887786599478858e+01 2.282845802821360966e-03 -1.281040596513315956e-02 9.999153374731226673e-01 -8.647518378500689273e-01 -3.694671271248136893e-17 5.649534046361629716e-17 1.457559999902670365e-18 9.999999999999864553e-01
2.977871410539999486e-01 -9.545461074012113745e-01 -1.282760570464979051e-02 -5.997385752185153507e+01 9.546285324134695660e-01 2.977968088379639999e-01 1.194046930545075713e-03 3.817401954719059631e+01 2.680247194265583839e-03 -1.260117022993991961e-02 9.999170099481996532e-01 -8.683254240002327151e-01 -4.144645466661343864e-17 5.930966451485737928e-17 1.528251481554722749e-18 9.999999999999849010e-01
2.956709892608134216e-01 -9.552169178851954712e-01 -1.180279185086333983e-02 -5.977388501903306661e+01 9.552808632397766786e-01 2.956991876750187931e-01 -6.802471943258388753e-04 3.882989072415792720e+01 4.139859590956437504e-03 -1.107385182704373992e-02 9.999301132420247429e-01 -8.716180417249911327e-01 -4.651347920682862201e-17 6.486608442083801710e-17 1.612369621724979419e-18 9.999999999999836797e-01
2.947979900676269693e-01 -9.554958357525878965e-01 -1.103870062950542026e-02 -5.956699508109042540e+01 9.555455522319500350e-01 2.948366207610044198e-01 -2.016102183939033361e-03 3.950093868590576562e+01 5.180990432395455279e-03 -9.953638417347303313e-03 9.999370392281299313e-01 -8.681698222543808852e-01 -5.202515319883720999e-17 7.217281557611244889e-17 1.704279767144933741e-18 9.999999999999825695e-01
2.944642708872801662e-01 -9.556024288324445060e-01 -1.071406460659472815e-02 -5.936158593898001357e+01 9.556510877275035121e-01 2.944970153384643408e-01 -1.583187299118926248e-03 4.017973788510584399e+01 4.668157677113881493e-03 -9.772715401561259466e-03 9.999413494488056386e-01 -8.670824229820107698e-01 -5.771694547785383632e-17 7.893786613515692331e-17 1.807843012894386712e-18 9.999999999999812372e-01
2.934124919169913137e-01 -9.559077280156034195e-01 -1.222804592524710104e-02 -5.915333879782269122e+01 9.559808853939310014e-01 2.934285159886780292e-01 5.027585581473566342e-04 4.086907948294980031e+01 3.107466578220341100e-03 -1.183729381163320382e-02 9.999251082589107886e-01 -8.685631532357855900e-01 -6.455150576598282610e-17 8.613137611078433458e-17 1.894002661374233978e-18 9.999999999999797939e-01
2.928738075835734533e-01 -9.560918714146565689e-01 -1.064266162023263032e-02 -5.894592318009251386e+01 9.561508682596698838e-01 2.928477836396847223e-01 3.961406777273452848e-03 4.156508298774622290e+01 -6.707889516139536141e-04 -1.133618243502579684e-02 9.999355184260076967e-01 -8.705300601500813862e-01 -7.136770929434659710e-17 9.277925816416800285e-17 1.989698761497249919e-18 9.999999999999784617e-01
2.924411844828856410e-01 -9.562615703821832902e-01 -6.477856782339141972e-03 -5.872812869232133437e+01 9.562794082517876992e-01 2.924133770413598898e-01 4.910222085724621523e-03 4.226781650006054036e+01 -2.801244704915098992e-03 -7.630592213377117468e-03 9.999669629995169284e-01 -8.761469572838060937e-01 -7.725070128971029157e-17 9.723087702744255703e-17 2.039941222538147697e-18 9.999999999999772404e-01
2.918071441099439611e-01 -9.564751758266363257e-01 -1.956699734432216110e-03 -5.850713457642632420e+01 9.564764601368637154e-01 2.918038095911171248e-01 1.821513716717896702e-03 4.297062758263857063e+01 -1.171260215744459763e-03 -2.403067951171180931e-03 9.999964267005277962e-01 -8.819986014009153497e-01 -8.293845064833294574e-17 1.037532357230134963e-16 2.045019043400143227e-18 9.999999999999760192e-01
2.915002135183207277e-01 -9.565707511433361177e-01 1.535444441653039077e-04 -5.828371677769265347e+01 9.565663363491831994e-01 2.914983723146934436e-01 -3.089191065935945751e-03 4.368144855700253970e+01 2.910271862805705653e-03 1.047375301743435922e-03 9.999952166498352613e-01 -8.819313434963467202e-01 -8.899929597873588714e-17 1.090714379922821426e-16 2.028065061548713703e-18 9.999999999999745759e-01
2.912784380558885999e-01 -9.566319702460429619e-01 -3.484971584729397616e-03 -5.806885159776758343e+01 9.566168003786384988e-01 2.912943872028807557e-01 -5.645991276322463552e-03 4.440290443752928695e+01 6.416288420843055743e-03 -1.689226846547692675e-03 9.999779886354719372e-01 -8.826267719501686981e-01 -9.363656190432626833e-17 1.133401305283292720e-16 2.010926258385274912e-18 9.999999999999732436e-01
2.909143611659270601e-01 -9.566989866242729956e-01 -9.792009985791843077e-03 -5.785018523950780889e+01 9.566996662186323386e-01 2.909881307086215063e-01 -7.187241746319532679e-03 4.514510004416006694e+01 9.725385576962000331e-03 -7.277140843838893376e-03 9.999262273269936552e-01 -8.829851096332040905e-01 -9.836789922995052332e-17 1.151421582991004326e-16 2.015047195173095607e-18 9.999999999999715783e-01
2.903235113002213819e-01 -9.568894965944005904e-01 -8.645813650484017801e-03 -5.762454343913367438e+01 9.568768618348035826e-01 2.903898887360867320e-01 -7.770701711233940316e-03 4.588172669169275508e+01 9.946359712632822647e-03 -6.016961627809326585e-03 9.999324307677525114e-01 -8.837865041878368855e-01 -1.041247922884090816e-16 1.163182659072633327e-16 2.051753767245898751e-18 9.999999999999701350e-01
2.898032491314974646e-01 -9.570787272881229324e-01 -3.792962619172644562e-03 -5.738981391626482065e+01 9.570490775125610750e-01 2.898246445471477362e-01 -7.664114139358681362e-03 4.662579840115493113e+01 8.434454649157837811e-03 -1.408966196415334729e-03 9.999634367260096246e-01 -8.844685688547058167e-01 -1.105135556282166133e-16 1.174544714927354578e-16 2.096758051974874943e-18 9.999999999999685807e-01
2.900913121272986062e-01 -9.569907677790620015e-01 -3.962450499610786075e-03 -5.716018541237650652e+01 9.569863387262361742e-01 2.901062704845417395e-01 -3.936917191303884907e-03 4.738805399371820926e+01 4.917125141996302358e-03 -2.649945522242212054e-03 9.999843997127773054e-01 -8.807256867705121062e-01 -1.161925997966953798e-16 1.196282392399279619e-16 2.111367042116811606e-18 9.999999999999669154e-01
2.912777907431711721e-01 -9.566215203338299666e-01 -5.702232372512240459e-03 -5.693121189920151437e+01 9.566385012896490014e-01 2.912715982068129206e-01 1.906286550721688179e-03 4.815807312015088826e+01 -1.626964018702101666e-04 -6.010233965861143043e-03 9.999819251453531121e-01 -8.789734498824192110e-01 -1.227307482794007501e-16 1.223719560847276720e-16 2.110386271053022892e-18 9.999999999999653610e-01
2.911264386405883475e-01 -9.566523393470096615e-01 -7.854829495680760998e-03 -5.669463256116363681e+01 9.566726844389547013e-01 2.910720502964838086e-01 7.378101696101753253e-03 4.894696837600790928e+01 -4.771956921495218613e-03 -9.662461290155997112e-03 9.999419309483921214e-01 -8.851572756018929455e-01 -1.289129581070416734e-16 1.245141041708185663e-16 2.086497668469476288e-18 9.999999999999638067e-01
2.908152856822172616e-01 -9.567725247128868737e-01 -3.578486854429371519e-03 -5.644869183306736460e+01 9.567483614136250702e-01 2.907738359984056165e-01 9.118620026716376531e-03 4.973141315751392000e+01 -7.683914755143860659e-03 -6.075545522411030137e-03 9.999520214492680914e-01 -9.003691716470157980e-01 -1.339677855228584280e-16 1.260737555733272784e-16 2.030335623028040361e-18 9.999999999999621414e-01
2.901906078294776425e-01 -9.569655720134503385e-01 2.510997531162429634e-03 -5.620324361249247147e+01 9.569343446809294162e-01 2.902014278233848721e-01 7.732480806835410024e-03 5.051403793171198942e+01 -8.128412987218327709e-03 1.589664716151528235e-04 9.999669512697912932e-01 -9.108645621618465249e-01 -1.382767191075438835e-16 1.270158757534109943e-16 1.968488567833142164e-18 9.999999999999603650e-01
2.893903554424757107e-01 -9.572103109320116987e-01 1.281726334866048261e-03 -5.596681578309033256e+01 9.571920623888894308e-01 2.893927799213816265e-01 5.930820277269919540e-03 5.130264468646806364e+01 -6.047964668851162247e-03 -4.894639142139372862e-04 9.999815911046895378e-01 -9.132807178095684320e-01 -1.428940906396795860e-16 1.268514382434946908e-16 1.881884154083224099e-18 9.999999999999582556e-01
2.900105183939341025e-01 -9.570008738562062467e-01 -6.574698428268557250e-03 -5.573860139593812590e+01 9.570183639391242059e-01 2.899797159262927915e-01 5.255038979297355084e-03 5.211202994742794203e+01 -3.122547712825144654e-03 -7.816123711779763075e-03 9.999645783255139975e-01 -9.222753902244176238e-01 -1.475601807752134565e-16 1.249670452271749328e-16 1.813290799452295103e-18 9.999999999999560352e-01
2.892902295944460578e-01 -9.572019390280561701e-01 -8.695457561890407652e-03 -5.549384387340455049e+01 9.572403204544720490e-01 2.892918132082785143e-01 1.102591027368566602e-03 5.290839793217050158e+01 1.460122415382621424e-03 -8.642611394497090940e-03 9.999615859174939558e-01 -9.327114891834817900e-01 -1.514852425072497461e-16 1.234564494567875818e-16 1.750181332146494284e-18 9.999999999999539257e-01
2.884477127766625904e-01 -9.574633909430870782e-01 -7.859516382752623417e-03 -5.524642461083318778e+01 9.574787031113334290e-01 2.884817252981550784e-01 -3.581516065686408002e-03 5.370920280925324874e+01 5.696497363054092017e-03 -6.492239435818343563e-03 9.999626996766970422e-01 -9.346170792665642324e-01 -1.537307909950863933e-16 1.176016666974436791e-16 1.689562983282954281e-18 9.999999999999514833e-01
2.886117423667799997e-01 -9.573952095050827227e-01 -9.883065558237095344e-03 -5.500192911049734334e+01 9.574197526196955854e-01 2.886651386573860778e-01 -4.455896951802628021e-03 5.452531030926137134e+01 7.118950885410839889e-03 -8.176217998823403707e-03 9.999412332718996543e-01 -9.301330151041908856e-01 -1.552549966370686016e-16 1.095326675597794257e-16 1.657305544468132605e-18 9.999999999999488187e-01
2.889150362397908123e-01 -9.572302742721583435e-01 -1.543709336342905317e-02 -5.476719355452031124e+01 9.573397552687059608e-01 2.889631755383624823e-01 -9.360368225912226847e-04 5.535225318512837589e+01 5.356754303772937389e-03 -1.450810807008410565e-02 9.998804028399347343e-01 -9.295437259330949775e-01 -1.569712987891633226e-16 1.018207768224476435e-16 1.616574734222046703e-18 9.999999999999461542e-01
2.890620250400948721e-01 -9.572293460811870380e-01 -1.245490589324963100e-02 -5.451865458523651853e+01 9.573103647304624930e-01 2.890361156341526017e-01 3.871619666834070789e-03 5.617890144698054655e+01 -1.061103420097584847e-04 -1.304234872443019860e-02 9.999149393224079363e-01 -9.291508082927474321e-01 -1.574981121494368599e-16 9.516720977356818663e-17 1.522813323090881019e-18 9.999999999999434896e-01
2.880498847729059952e-01 -9.575954372057008390e-01 -6.184054111176228406e-03 -5.426278358699315163e+01 9.575998957551881130e-01 2.880024602175961790e-01 7.551328251396123049e-03 5.700593762551243771e+01 -5.450094680267929606e-03 -8.097008804903191997e-03 9.999523663236029591e-01 -9.377078494482962157e-01 -1.590336678998352818e-16 8.700854052591669068e-17 1.405414318401076596e-18 9.999999999999407141e-01
2.876503237604753904e-01 -9.576904922887948812e-01 -9.285053594659892218e-03 -5.401423218725101094e+01 9.577044758851785966e-01 2.875494524920322315e-01 1.083740010907287277e-02 5.784745560577998447e+01 -7.708962968112526536e-03 -1.200971903653640788e-02 9.998981640839222917e-01 -9.470257444499665667e-01 -1.614657615465661562e-16 8.149224846983367876e-17 1.358426690221313012e-18 9.999999999999379385e-01
2.881956941506217396e-01 -9.575163299314851661e-01 -1.028201282341367588e-02 -5.376590887799854812e+01 9.575440609314357365e-01 2.880894758747237772e-01 1.066889241012102321e-02 5.867660975675105561e+01 -7.253499019767102075e-03 -1.292020916743421254e-02 9.998902214477413120e-01 -9.631848759264933779e-01 -1.641081322728012892e-16 7.463866222599019767e-17 1.308041395095717257e-18 9.999999999999352740e-01
2.864325623580327163e-01 -9.580817660635018163e-01 -5.976349870735702882e-03 -5.351268346439002244e+01 9.580972057748942117e-01 2.864099120953655930e-01 4.371102831348990490e-03 5.950559632478065453e+01 -2.476188079204264501e-03 -6.977950296198019361e-03 9.999725879753047497e-01 -9.602567922116609367e-01 -1.672992456456487198e-16 6.549037392777325572e-17 1.233428034591780386e-18 9.999999999999324984e-01
2.859207870253147599e-01 -9.582388237597831981e-01 -5.259295239818902352e-03 -5.326087360051663211e+01 9.582507033866022317e-01 2.859283882262153020e-01 -7.390977863572909977e-04 6.034592343935492664e+01 2.212014004540296085e-03 -4.828399942109015512e-03 9.999858966744517019e-01 -9.627136229538936218e-01 -1.712490376609175645e-16 5.526671828831089844e-17 1.216177531124544123e-18 9.999999999999297229e-01
2.858532838131280784e-01 -9.582416849832948724e-01 -7.795722786135602517e-03 -5.301284578096094435e+01 9.582660279743040466e-01 2.858735270545967877e-01 -1.595669079522988752e-03 6.119535193515405780e+01 3.757627396219844190e-03 -7.014249063197368524e-03 9.999683397719106859e-01 -9.706053190086827431e-01 -1.772273979427131504e-16 4.489618624274934151e-17 1.231197147890789712e-18 9.999999999999268363e-01
2.851337361977112628e-01 -9.584675713815780096e-01 -6.218286899840812926e-03 -5.275667490875725463e+01 9.584875139527349042e-01 2.851321476150792678e-01 1.159307213384801194e-03 6.203800435278628811e+01 6.618751289086558052e-04 -6.290707948826021641e-03 9.999799942571719891e-01 -9.739243254993060761e-01 -1.828404181240578808e-16 3.375567076218941538e-17 1.204112149732720570e-18 9.999999999999237277e-01
2.843610608917115923e-01 -9.587145263178274979e-01 -2.289994730061664825e-03 -5.249841756381006519e+01 9.587111709454284592e-01 2.843499292836741965e-01 4.243632985097330751e-03 6.288912218943131904e+01 -3.417272747653860975e-03 -3.402167506792869167e-03 9.999883736839035864e-01 -9.737365212408674031e-01 -1.872984729908280822e-16 2.265362099963259874e-17 1.186291710689628566e-18 9.999999999999205080e-01
2.836960909290928146e-01 -9.589142288883580889e-01 -1.721253635648994549e-04 -5.225423166592203472e+01 9.588944686854610211e-01 2.836890829070371489e-01 6.473188077731552477e-03 6.374130092239465029e+01 -6.158402067506087846e-03 -2.001468212543426606e-03 9.999790338845712112e-01 -9.681449541359173905e-01 -1.920134417932725899e-16 1.239375927488177278e-17 1.177056229596228492e-18 9.999999999999172884e-01
2.834884256102028210e-01 -9.589590942333776624e-01 -5.636322586224479583e-03 -5.201349790597485168e+01 9.589700869374235825e-01 2.834618483373949616e-01 5.074731172935130485e-03 6.459574444567086005e+01 -3.268777190993594692e-03 -6.843692311129717654e-03 9.999712390718912269e-01 -9.681732186684320896e-01 -1.966672122145350599e-16 3.584930987108896127e-19 1.179314395446245512e-18 9.999999999999142908e-01
2.835364359173533910e-01 -9.589524101638947640e-01 -4.167079108151406849e-03 -5.176023264784168987e+01 9.589609826980329821e-01 2.835379704582609572e-01 2.301550222805276370e-04 6.544500287313194065e+01 9.608174397016911675e-04 -4.061323611258700270e-03 9.999912912021364786e-01 -9.761516721334665414e-01 -2.015381332827699703e-16 -1.009463296731107345e-17 1.144064300856023360e-18 9.999999999999116262e-01
2.829965556908669577e-01 -9.591167950852764745e-01 -2.814756225602789777e-03 -5.150619886610125775e+01 9.591114305708117183e-01 2.830055938360466206e-01 -3.619061483158127462e-03 6.629910039918308939e+01 4.267694408037607003e-03 -1.675482935677450073e-03 9.999894897153231987e-01 -9.900583189705927101e-01 -2.062021092590024588e-16 -2.182498969699662278e-17 1.175719659389424618e-18 9.999999999999090727e-01
2.835741294280055280e-01 -9.589369606463608031e-01 -5.061484528075476351e-03 -5.125781006780955096e+01 9.589484295539668635e-01 2.835800968034510317e-01 -4.880092493627565951e-04 6.715558584013236043e+01 1.903306378754496741e-03 -4.715315841368375449e-03 9.999870715269679744e-01 -9.935714397488355498e-01 -2.108034521296888595e-16 -3.315312681090061816e-17 1.255518289809975486e-18 9.999999999999067413e-01
2.838959013355434879e-01 -9.588434860861779763e-01 -4.720846867650094897e-03 -5.100883139081480522e+01 9.588463807074264489e-01 2.838688712468982467e-01 5.664109937310639331e-03 6.801743256510719959e+01 -4.090893446256052904e-03 -6.134584528837075910e-03 9.999728153620992543e-01 -9.863096089701849367e-01 -2.143251686183956723e-16 -4.652991043379338430e-17 1.278956796675746341e-18 9.999999999999041878e-01
2.832120724659210054e-01 -9.590505638140044420e-01 -3.596951176313498231e-03 -5.075636277767365101e+01 9.590236110969851957e-01 2.831686897138536718e-01 9.444920557541307271e-03 6.887518830914821422e+01 -8.039612434367305813e-03 -6.124476631425722697e-03 9.999489264045566816e-01 -9.807525195875989033e-01 -2.171183986679200170e-16 -5.922855546508156683e-17 1.275590866906138817e-18 9.999999999999018563e-01
2.832473763659080213e-01 -9.590393066805011912e-01 -3.812089162690158496e-03 -5.050980911557856956e+01 9.590060837275106165e-01 2.831964250916529369e-01 1.034969511775844266e-02 6.972371103756412936e+01 -8.846194407126403703e-03 -6.587340687024607899e-03 9.999391740435560338e-01 -9.877612988782469294e-01 -2.192428500735601636e-16 -7.456414485938693978e-17 1.247458269609620971e-18 9.999999999998994138e-01
2.835562076178894109e-01 -9.589444375332053516e-01 -4.630642035362742166e-03 -5.025482456215763705e+01 9.589016140717347980e-01 2.834856867538707026e-01 1.198164998680558389e-02 7.058773809311826142e+01 -1.017701586985326166e-02 -7.837801353162577450e-03 9.999174952053058174e-01 -1.006405532569184302e+00 -2.200354969532793028e-16 -9.037161745608174126e-17 1.224575675805956027e-18 9.999999999998967493e-01
2.836648886868339270e-01 -9.588972966459556879e-01 -7.085577714169458835e-03 -5.001092518404804110e+01 9.588745201262075524e-01 2.835680002304568625e-01 1.220015975844836523e-02 7.144654382025186123e+01 -9.689457108183998496e-03 -1.025493689033492133e-02 9.999004703919477377e-01 -1.020375460802828371e+00 -2.204528744341039370e-16 -1.069951983781075646e-16 1.161875709278978357e-18 9.999999999998943068e-01
2.838073312163602036e-01 -9.588323528260235262e-01 -9.691125948149983960e-03 -4.976447702287333641e+01 9.588641776647369719e-01 2.837273155880527531e-01 8.848682422834222572e-03 7.229483766153521174e+01 -5.734765836646599398e-03 -1.180379445612584136e-02 9.999138877408120241e-01 -1.030497492125967085e+00 -2.219579642941958024e-16 -1.233774623831114805e-16 1.061032379676279974e-18 9.999999999998919753e-01
2.837476774544823166e-01 -9.588507909802971296e-01 -9.613333232135491332e-03 -4.951289206988543867e+01 9.588968203709539173e-01 2.837540600766789711e-01 7.219920841939088656e-04 7.313042939176204982e+01 2.035539654432841957e-03 -9.423058246492151124e-03 9.999535301959289191e-01 -1.023232810240870316e+00 -2.232162492702750577e-16 -1.380838456588116535e-16 9.729253003592909496e-19 9.999999999998896438e-01
2.834566496411673464e-01 -9.589411862299702660e-01 -9.172193099314020909e-03 -4.926105911397588244e+01 9.589457046420868380e-01 2.835186945306531481e-01 -6.347078085177659118e-03 7.397399570889709253e+01 8.686962801549879751e-03 -6.996513685698667329e-03 9.999377908016205962e-01 -1.021747935301581034e+00 -2.253095773012987905e-16 -1.520085906316817123e-16 9.423517178386063429e-19 9.999999999998872013e-01
2.835846170453411030e-01 -9.588985772039319011e-01 -9.658344149653955157e-03 -4.900670293177090997e+01 9.589127312987435481e-01 2.836454516700935291e-01 -5.624188843118122644e-03 7.483275387687957902e+01 8.132572068259697612e-03 -7.666575729100926460e-03 9.999375404933220635e-01 -1.020646467776467503e+00 -2.271993388173206449e-16 -1.669236443289084037e-16 9.541387034321742665e-19 9.999999999998846478e-01
2.838262641095508632e-01 -9.588401922466837091e-01 -8.254546271655463507e-03 -4.875640968860830782e+01 9.588735484237872475e-01 2.838334364889588124e-01 3.137899473667562513e-04 7.569003593998590418e+01 2.042041821435346041e-03 -8.004127902607034023e-03 9.999658814186626055e-01 -1.014887835173954533e+00 -2.296788902700034413e-16 -1.830202030483867428e-16 9.422919947401549758e-19 9.999999999998820943e-01
2.835555419134382915e-01 -9.589269023865770736e-01 -7.446511240506895925e-03 -4.850613126227911920e+01 9.589419622257668863e-01 2.835011586786804205e-01 7.576682026171255649e-03 7.654889115134579924e+01 -5.154389660975877870e-03 -9.289182278546177438e-03 9.999435700875825006e-01 -1.012724829440450947e+00 -2.300202184634675740e-16 -2.001052803098789094e-16 8.785429725605093563e-19 9.999999999998795408e-01
2.834552277253645225e-01 -9.589559197484940345e-01 -7.528469610615956542e-03 -4.825641782135637925e+01 9.589428777125640346e-01 2.833599141558149626e-01 1.164973536337244979e-02 7.740148871372547035e+01 -9.038316187670756771e-03 -1.052155070354296278e-02 9.999037982780955014e-01 -1.019580341903602250e+00 -2.306071543259347585e-16 -2.179596255272512730e-16 7.867523216318487354e-19 9.999999999998772093e-01
2.832761732877382421e-01 -9.590110780226652754e-01 -7.236150734899724629e-03 -4.800496511810104749e+01 9.589940896525034342e-01 2.831825171089574211e-01 1.174725565735852857e-02 7.825461151991316910e+01 -9.216596932533670586e-03 -1.026714341585494537e-02 9.999048155233257740e-01 -1.027105982933999684e+00 -2.309771701593457860e-16 -2.372320259422321708e-16 6.785571177319096199e-19 9.999999999998749889e-01
2.839596346459222209e-01 -9.587793692127016820e-01 -1.044256022471998051e-02 -4.775847422880831772e+01 9.588172382768278545e-01 2.838686123112387771e-01 9.386933885202938810e-03 7.910256257562031124e+01 -6.035683469380735688e-03 -1.267801707169563877e-02 9.999014143443637481e-01 -1.037939951094615454e+00 -2.301807366042211184e-16 -2.563952717381988957e-16 5.644639669827664686e-19 9.999999999998728795e-01
2.842125735913587081e-01 -9.586755901327901341e-01 -1.281896627356326687e-02 -4.751090065073353941e+01 9.587541014152909380e-01 2.841332588618946109e-01 7.672302649981598693e-03 7.994969096373436912e+01 -3.712954608153686779e-03 -1.447080137220877610e-02 9.998883987102725746e-01 -1.044506219096271504e+00 -2.304881868143314247e-16 -2.726205144349467595e-16 3.905232632752741232e-19 9.999999999998708811e-01
2.834642778177521305e-01 -9.588977911315399449e-01 -1.276829528614194069e-02 -4.725700703396777413e+01 9.589783242682659026e-01 2.833971690495101781e-01 6.827749147822833979e-03 8.080579714888803267e+01 -2.928614838621104374e-03 -1.417994139857740692e-02 9.998951707437767622e-01 -1.047974799323035500e+00 -2.297288168212282861e-16 -2.895674973546129812e-16 1.498810860932005487e-19 9.999999999998691047e-01
2.825384172420881690e-01 -9.591739071736530287e-01 -1.254825006785472569e-02 -4.700535619322148762e+01 9.592461403736907144e-01 2.824520819023090823e-01 8.225789159732222952e-03 8.166370160797532662e+01 -4.345682972086081786e-03 -1.436096189579372240e-02 9.998874325705860988e-01 -1.052200544849852815e+00 -2.288900210956363429e-16 -3.060648055622176273e-16 -9.646092474180427193e-20 9.999999999998673283e-01
2.823855502380905325e-01 -9.592032953073786894e-01 -1.369084688391781872e-02 -4.675621804660558922e+01 9.592684137799325494e-01 2.822295752543977354e-01 1.227098919903871384e-02 8.252073585867809413e+01 -7.906411375534858760e-03 -1.659834701057941175e-02 9.998309774833644692e-01 -1.056875631692990369e+00 -2.290747640990071248e-16 -3.239250591544126711e-16 -3.889117319244280891e-19 9.999999999998653299e-01
2.821539348029015737e-01 -9.592764813063064944e-01 -1.333377246071773721e-02 -4.650605448129223163e+01 9.593220704319724845e-01 2.819751558369121835e-01 1.382666528591568536e-02 8.337336204214848578e+01 -9.503802256226219491e-03 -1.669263021931185337e-02 9.998154998992044851e-01 -1.060821023574376687e+00 -2.299894389474250322e-16 -3.403930767772062284e-16 -7.071224704606763002e-19 9.999999999998634426e-01
2.812023827831661715e-01 -9.595676857193222720e-01 -1.245296914545955015e-02 -4.625129266553140184e+01 9.596058080258603740e-01 2.810438162754557156e-01 1.307924066704601110e-02 8.422760867326302048e+01 -9.050586725301481422e-03 -1.562785515972048983e-02 9.998369152130223148e-01 -1.073074342153886862e+00 -2.303511850918867840e-16 -3.595960740017536995e-16 -1.006847680549841367e-18 9.999999999998614442e-01
2.805789955932131430e-01 -9.597240317339448268e-01 -1.432515774609922736e-02 -4.601300171832695440e+01 9.598020449775827023e-01 2.804235007746322395e-01 1.194548744127070170e-02 8.507771401639033115e+01 -7.447260483913258240e-03 -1.710096856747849933e-02 9.998260324601440097e-01 -1.084355315049225332e+00 -2.299041295179411469e-16 -3.802305991130447423e-16 -1.277723062942179413e-18 9.999999999998593347e-01
2.799450557439766007e-01 -9.598956438588959195e-01 -1.520258745818618869e-02 -4.576164971063570164e+01 9.599913393527060856e-01 2.797891959324738664e-01 1.160319815018763003e-02 8.593957920306503695e+01 -6.884339638238441000e-03 -1.784261024857638003e-02 9.998171068385020011e-01 -1.108540320548766722e+00 -2.300167473641199735e-16 -4.022528965891541799e-16 -1.591361846219815600e-18 9.999999999998570033e-01
2.784503987240409817e-01 -9.603961318890346099e-01 -1.022962869370078708e-02 -4.550968739528941853e+01 9.604356160128737496e-01 2.783707422597410663e-01 8.553206871379701731e-03 8.678272494868672027e+01 -5.366837462073546262e-03 -1.220654359972259129e-02 9.999110947222505930e-01 -1.102313281099223108e+00 -2.300568424269205781e-16 -4.246572236510821069e-16 -1.910981694635102120e-18 9.999999999998544498e-01
2.770858072956272067e-01 -9.607414036583947770e-01 -1.412128507034804761e-02 -4.527212859471321593e+01 9.608446397132304195e-01 2.770401746904222473e-01 5.130296473152339692e-03 8.762577035124563452e+01 -1.016724952119783289e-03 -1.498989340563605839e-02 9.998871283128417664e-01 -1.098025349021717112e+00 -2.286784586235152571e-16 -4.470384981358977554e-16 -2.095644425835198166e-18 9.999999999998521183e-01
2.763987374976331624e-01 -9.607820534815088021e-01 -2.239606255083794600e-02 -4.503940325252814603e+01 9.610345405132062480e-01 2.764192782051263508e-01 2.234855067962631617e-03 8.848131274514898337e+01 4.043494803444545177e-03 -2.214110080212673692e-02 9.997466788165303431e-01 -1.111768437459229375e+00 -2.262577796315951611e-16 -4.715767255300871756e-16 -2.369402546204940052e-18 9.999999999998496758e-01
2.750265838972060228e-01 -9.611614469407381289e-01 -2.300111007828216370e-02 -4.480531242729239239e+01 9.614224482596970267e-01 2.750737188646481535e-01 1.151161303795703809e-03 8.932917488636660153e+01 5.220549022764493959e-03 -2.243038352505226721e-02 9.997347767095305926e-01 -1.111218726318694339e+00 -2.250249550170071029e-16 -4.937581897616967474e-16 -2.756844440998027279e-18 9.999999999998473443e-01
2.736955850486829100e-01 -9.615668202869435133e-01 -2.190837393171811073e-02 -4.456546990602831215e+01 9.618130284839049304e-01 2.736836521288874002e-01 3.599554979986523823e-03 9.018282421088657941e+01 2.534751153218146955e-03 -2.205694178658800311e-02 9.997535027971881094e-01 -1.099990172079257977e+00 -2.214755900649990146e-16 -5.168651180407165693e-16 -3.217392086330124428e-18 9.999999999998450129e-01
2.732876496050988258e-01 -9.617532230507764845e-01 -1.856336513087505566e-02 -4.432626967734328360e+01 9.619306367446994743e-01 2.731997654581473367e-01 7.165071219953748211e-03 9.103550159065808600e+01 -1.819523339376492377e-03 -1.981479511342315245e-02 9.998020120149093692e-01 -1.088112760617897523e+00 -2.162778653619425976e-16 -5.399799133304920201e-16 -3.555167328020894581e-18 9.999999999998429034e-01
2.721870380178389448e-01 -9.620473693167225226e-01 -1.946986199413204555e-02 -4.409493023504626308e+01 9.622354349642872062e-01 2.720416219375594857e-01 9.814460387778905018e-03 9.189129169196444025e+01 -4.145362961609562469e-03 -2.140596002731418729e-02 9.997622721631647114e-01 -1.091861502505507842e+00 -2.111259825435380959e-16 -5.627260711303375832e-16 -3.759701843850365533e-18 9.999999999998410161e-01
2.713312319807271722e-01 -9.623256485691712436e-01 -1.757010694243926058e-02 -4.386458439400985299e+01 9.624724337941882313e-01 2.711851474881440405e-01 1.026790962921676764e-02 9.274402049744377052e+01 -5.116320750886242663e-03 -1.969674816047813776e-02 9.997929092434604259e-01 -1.102231579583864418e+00 -2.051468828243066196e-16 -5.875019255222067202e-16 -4.019739135447361675e-18 9.999999999998391287e-01
2.698902331056611814e-01 -9.627879316871109650e-01 -1.409470368805935438e-02 -4.362800947804044682e+01 9.628695509170434041e-01 2.697573585395696139e-01 1.063933412338672647e-02 9.359739383464957996e+01 -6.441272458963616734e-03 -1.644281337708144997e-02 9.998440597898149429e-01 -1.113781101856160305e+00 -1.983764128291127559e-16 -6.143215529562198642e-16 -4.236468711968629026e-18 9.999999999998372413e-01
2.689939946954804650e-01 -9.630367343377047584e-01 -1.422951630122687439e-02 -4.340184253311056750e+01 9.631056202706648195e-01 2.688263665661153601e-01 1.264708827906472176e-02 9.444768701746566819e+01 -8.354341429968981797e-03 -1.710651792089840084e-02 9.998187695895258686e-01 -1.118628308630569723e+00 -1.893753157005940389e-16 -6.401397700787173007e-16 -4.353243532072482495e-18 9.999999999998354649e-01
2.686504298276681801e-01 -9.630488102606027390e-01 -1.907709645828185516e-02 -4.318343647969879129e+01 9.632024158581981021e-01 2.684182693720360002e-01 1.388303829381796160e-02 9.529958732155911605e+01 -8.249402295760280279e-03 -2.210478960112909758e-02 9.997216240724556835e-01 -1.116974531762520817e+00 -1.786065987318785864e-16 -6.681471610335832471e-16 -4.536955181254050521e-18 9.999999999998340217e-01
2.683903420453117583e-01 -9.630198057048433569e-01 -2.365328977626477910e-02 -4.296534574710283749e+01 9.632823920368633885e-01 2.681149523494592568e-01 1.419174120385831121e-02 9.615095009431736628e+01 -7.325127195555629703e-03 -2.659372383114928101e-02 9.996194857864532102e-01 -1.121022183247063486e+00 -1.672233036578951452e-16 -6.979019654003628856e-16 -4.886672967595794633e-18 9.999999999998323563e-01
2.687875341008489904e-01 -9.628444849062572919e-01 -2.614879342959806896e-02 -4.273882413982885708e+01 9.631860657768268608e-01 2.685413811203943291e-01 1.257494808406907187e-02 9.699941009939294645e+01 -5.085686308587493952e-03 -2.856614275523473162e-02 9.995789670068420119e-01 -1.129662973107532720e+00 -1.566342333916189575e-16 -7.285039352420914390e-16 -5.451448507108161712e-18 9.999999999998303579e-01
2.702737472150463782e-01 -9.623876333162475483e-01 -2.760697025252524875e-02 -4.250474380755263581e+01 9.627714712354035198e-01 2.700157954306133257e-01 1.275007424269996269e-02 9.784608082769382520e+01 -4.816195742950142057e-03 -3.002521370922698468e-02 9.995375384646059125e-01 -1.143515166484528889e+00 -1.465499291237743250e-16 -7.573031738320756720e-16 -5.975093384926427674e-18 9.999999999998284705e-01
2.714117192173696180e-01 -9.620933317835802523e-01 -2.668519457069610037e-02 -4.226583822087170006e+01 9.624320836610248397e-01 2.710751248589091111e-01 1.558079017976470547e-02 9.869694034820487616e+01 -7.756481885812449399e-03 -2.991149646303719808e-02 9.995224556595490029e-01 -1.155770302497707958e+00 -1.359808598538745473e-16 -7.901017620466509445e-16 -6.585077879379417873e-18 9.999999999998264721e-01
