1 0 0 0 0 1 0 0 0 0 1 0
0.99993079 -0.0022959069 0.0115384 0.0072206901 0.0022835435 0.9999968 0.001084571 -0.007638409 -0.011540854 -0.0010581475 0.99993284 0.29990875
0.99982109 -0.0045642662 0.01835614 0.018131503 0.0045408177 0.99998882 0.0013189129 -0.013134945 -0.018361956 -0.001235325 0.99983064 0.58928709
0.99976659 -0.007020761 0.020432228 0.028389455 0.0070234821 0.99997533 -6.139977e-05 -0.013960139 -0.020431294 0.00020489085 0.99979124 0.89239572
0.99979282 -0.0083989821 0.018541334 0.026127998 0.0084207512 0.99996394 -0.0010962972 -0.023633641 -0.018531459 0.0012522021 0.99982749 1.1962142
0.99987536 -0.010848293 0.011470838 0.03320646 0.010885401 0.9999357 -0.0031774302 -0.021562487 -0.011435632 0.0033018989 0.99992916 1.508718
0.99992403 -0.012311134 0.00060239546 0.018047563 0.012313517 0.99991568 -0.0041243304 -0.035795925 -0.00055156953 0.0041314348 0.99999131 1.851402
0.99980451 -0.011475517 -0.016101374 -0.0034601206 0.011400242 0.99992369 -0.0047591446 -0.039510634 0.01615476 0.0045746547 0.99985904 2.1744827
0.99935547 -0.0075040567 -0.035104542 -0.041475972 0.0073193399 0.9999587 -0.0053874734 -0.043903117 0.035143523 0.005127059 0.99936912 2.5122809
0.99844822 -0.004012344 -0.055543325 -0.08650742 0.0036635179 0.99997293 -0.0063806532 -0.050022463 0.055567428 0.006167268 0.99843589 2.8572572
0.9971928 -0.0033771996 -0.074800439 -0.12433738 0.0029034391 0.99997504 -0.0064414984 -0.056369528 0.074820332 0.0062062374 0.99717772 3.2063408
0.99537905 -0.0047548155 -0.095905873 -0.18646649 0.0042027244 0.99997342 -0.0059577746 -0.063241404 0.09593166 0.0055271781 0.99537258 3.6028709
0.99335678 -0.0056567011 -0.11493611 -0.23872607 0.005093417 0.99997354 -0.0051939415 -0.06990396 0.11496246 0.0045740194 0.99335931 3.987874
0.99109664 -0.0045183093 -0.13306779 -0.3117529 0.0039613474 0.99998225 -0.0044499967 -0.075656762 0.13308555 0.003883249 0.99109695 4.3691218
0.98885572 -0.0037409621 -0.14883002 -0.38706925 0.0031753822 0.99998681 -0.0040376132 -0.083494631 0.14884317 0.0035200246 0.98885455 4.7902418
0.98673157 -0.0029022083 -0.16233418 -0.47196028 0.0022782794 0.99998929 -0.0040295094 -0.091266265 0.16234415 0.0036062015 0.98672761 5.2020099
0.9847196 -0.0044635351 -0.17409013 -0.56449759 0.0036429984 0.9999807 -0.0050325497 -0.10274248 0.17410925 0.0043214402 0.98471686 5.6485004
0.98287836 -0.0073607907 -0.1841085 -0.65318857 0.0061841426 0.99995663 -0.0069644363 -0.11279437 0.18415179 0.0057066405 0.98288125 6.0871388
0.98130526 -0.0065963859 -0.19234465 -0.74571539 0.005033048 0.99995022 -0.0086152712 -0.12118671 0.19239192 0.0074861311 0.98128962 6.5376927
0.97981959 -0.0072356424 -0.1997529 -0.85934854 0.0052084471 0.99992949 -0.010672155 -0.12613356 0.19981605 0.0094163841 0.97978818 7.0183913
0.97825423 -0.0072251281 -0.2072835 -0.96797682 0.0045905938 0.9999025 -0.013188006 -0.13684599 0.2073586 0.011949668 0.97819202 7.4900125
0.9765211 -0.01095235 -0.21514318 -1.081076 0.0079035387 0.99985586 -0.015026268 -0.15028438 0.21527676 0.012973075 0.97646691 7.997662
0.97453669 -0.016577407 -0.22361444 -1.206204 0.013324674 0.99978244 -0.016047343 -0.16685761 0.22383183 0.012659135 0.97454557 8.5131372
0.97271247 -0.017262628 -0.23137081 -1.3358551 0.013324611 0.99973873 -0.018572364 -0.18898169 0.23163098 0.014982644 0.97268834 9.0305865
0.97061224 -0.013657127 -0.24026103 -1.4866526 0.0084379578 0.99970584 -0.022738292 -0.19368499 0.24050092 0.020042752 0.97044196 9.5697331
0.96855337 -0.010956872 -0.2485645 -1.6328068 0.0047029382 0.99965761 -0.025740096 -0.20994133 0.24876144 0.023761674 0.96827327 10.102282
0.96609556 -0.013307135 -0.25784158 -1.8018685 0.0063232578 0.99959082 -0.027896271 -0.23282279 0.25810732 0.025320065 0.9657844 10.653628
0.96384236 -0.015092393 -0.26604534 -1.9640205 0.0074996727 0.9995357 -0.029532123 -0.26089593 0.26636754 0.026469058 0.96350803 11.228044
0.96182299 -0.01544536 -0.27323609 -2.1390337 0.0068725593 0.99945445 -0.032304473 -0.28689931 0.27358601 0.029193354 0.96140442 11.806598
0.95941851 -0.014651916 -0.2816051 -2.3204818 0.0047355732 0.99934553 -0.035862029 -0.30899578 0.28194627 0.033073134 0.95885999 12.393848
0.95711553 -0.015313104 -0.28930149 -2.5027522 0.0035796063 0.99915094 -0.041043705 -0.3368985 0.28968439 0.038247982 0.9563577 12.96794
0.95536399 -0.016277022 -0.29498254 -2.7032773 0.0021527056 0.99883811 -0.048143502 -0.37765549 0.29542346 0.045359558 0.954289 13.583579
0.95396889 -0.016904605 -0.29942877 -2.9205762 8.9470927e-05 0.99842615 -0.056082276 -0.41204781 0.29990558 0.053473957 0.95246899 14.201779
0.95289965 -0.017134311 -0.30280135 -3.1211712 -0.0027164994 0.99788061 -0.065014727 -0.46177509 0.30327361 0.062775072 0.95083354 14.827125
0.95129129 -0.016643782 -0.3078439 -3.3501424 -0.0064366141 0.99725175 -0.073807325 -0.50552115 0.30822633 0.072193738 0.94856977 15.458868
0.95012792 -0.015488544 -0.31147558 -3.5739313 -0.010279483 0.99666781 -0.08091728 -0.56865856 0.311691 0.080083576 0.9468027 16.106959
0.94864184 -0.014728614 -0.31600905 -3.8066322 -0.013658066 0.99607737 -0.087426139 -0.63405716 0.31605715 0.087252167 0.94471951 16.781932
0.94656317 -0.013817527 -0.32222233 -4.0515312 -0.017211006 0.99549415 -0.093247944 -0.70015417 0.32205893 0.093810841 0.94206029 17.429712
0.9452117 -0.010884724 -0.32627651 -4.298988 -0.022523632 0.99488805 -0.098440063 -0.77788636 0.32568012 0.10039563 0.94013466 18.104062
0.9436804 -0.0082774277 -0.33075486 -4.5683126 -0.026998815 0.99442646 -0.101917 -0.84960818 0.32975503 0.10510707 0.93819728 18.81605
0.94192753 -0.0079779821 -0.33572143 -4.8270825 -0.028386642 0.99424812 -0.10327089 -0.92742282 0.33461432 0.1068037 0.9362832 19.49099
0.93945569 -0.0067221439 -0.34260444 -5.1053934 -0.030154784 0.99430708 -0.10219645 -1.0136941 0.34134103 0.1063402 0.93390475 20.207138
0.93727996 -0.0072889271 -0.34850126 -5.3934496 -0.029774719 0.99445327 -0.10087694 -1.0997782 0.34730354 0.10492647 0.9318641 20.925495
0.9348234 -0.0071740525 -0.35504046 -5.672772 -0.029949375 0.99464113 -0.098954866 -1.1879845 0.35384778 0.10313857 0.92959894 21.672826
0.93203791 -0.0066678198 -0.36229942 -5.9459079 -0.030064401 0.99496053 -0.095653967 -1.2710131 0.36111146 0.10004544 0.92714046 22.355538
0.92805882 -0.0033820809 -0.37241829 -6.302202 -0.032692901 0.99535885 -0.090509294 -1.357647 0.37099598 0.096173384 0.92364099 23.177691
0.92494889 -0.0021205633 -0.38008556 -6.6099007 -0.03262099 0.99585192 -0.08494012 -1.4343991 0.37868909 0.090964039 0.92104296 23.893235
0.92164467 0.00025749922 -0.38803482 -6.9373288 -0.034363997 0.99612487 -0.080958946 -1.5074017 0.38651032 0.08794981 0.91808203 24.656237
0.91799933 0.0007691939 -0.39658116 -7.284928 -0.035003235 0.99625255 -0.079092591 -1.5853528 0.39503419 0.086488571 0.9145861 25.393588
0.91431168 0.0030293104 -0.40499996 -7.6526432 -0.038003517 0.99620177 -0.078343842 -1.6620891 0.40322438 0.087022113 0.91095404 26.150276
0.90990332 0.0026524514 -0.41481188 -7.9908319 -0.038157335 0.9962752 -0.077328817 -1.729514 0.41306171 0.086189864 0.90661532 26.904064
0.90614542 0.0036274956 -0.42295071 -8.3861609 -0.039379746 0.99634334 -0.075823357 -1.8088776 0.42112911 0.08536268 0.90297481 27.703823
0.90229241 0.0038531381 -0.43110735 -8.763854 -0.039174843 0.99655606 -0.073084563 -1.8819718 0.42934108 0.08283221 0.89933591 28.479673
0.89855652 0.0047988012 -0.43883156 -9.1543493 -0.039009595 0.99685537 -0.068975469 -1.9539205 0.43712063 0.079097 0.8959181 29.252251
0.89533731 0.0049106503 -0.44536162 -9.5747811 -0.037089687 0.9972881 -0.063567321 -2.0168918 0.44384172 0.073432519 0.89309138 30.061449
0.89133703 0.0040582082 -0.45332307 -9.9808149 -0.034685765 0.99763925 -0.059269159 -2.0781606 0.4520124 0.068552655 0.88937357 30.834281
0.88800401 0.0034019327 -0.45982311 -10.425299 -0.033433227 0.99780371 -0.057183677 -2.1472872 0.45861871 0.066152706 0.88616743 31.660475
0.88411926 0.0044300388 -0.4672403 -10.870344 -0.034771674 0.99780624 -0.056335003 -2.2108246 0.46596576 0.066053589 0.88233376 32.473545
0.88124005 0.0039777766 -0.47265222 -11.315926 -0.03365899 0.9979541 -0.054357111 -2.2647883 0.47146904 0.063810661 0.87957101 33.294075
0.87795592 0.0018350153 -0.47873795 -11.794219 -0.030873962 0.99812805 -0.0527938 -2.3267964 0.47774494 0.061131167 0.87636909 34.130972
0.87654707 0.0022382874 -0.48131091 -12.241383 -0.031597354 0.99809966 -0.052902462 -2.3904826 0.48027789 0.061579651 0.87495206 34.983208
0.87437621 0.0013485823 -0.48524674 -12.744973 -0.031112054 0.99809442 -0.053287582 -2.4521027 0.48425025 0.061690417 0.87275198 35.822767
0.8727891 0.0022837114 -0.48809215 -13.224391 -0.032838579 0.99799804 -0.054051294 -2.5183512 0.48699162 0.063203634 0.87111681 36.703514
0.8724757 0.002494288 -0.48865111 -13.743959 -0.03241071 0.99808039 -0.052773961 -2.5749002 0.48758149 0.061881529 0.87088173 37.559893
0.87154182 0.0026648566 -0.49031391 -14.252691 -0.031903023 0.99817445 -0.051283116 -2.6368661 0.4892822 0.060337877 0.8700358 38.469457
0.87164103 0.0012162786 -0.49014327 -14.774293 -0.029812055 0.99827705 -0.050538744 -2.6965654 0.48923735 0.058663821 0.8701755 39.365614
0.87136853 -0.0011827503 -0.49062762 -15.264772 -0.027540738 0.99830246 -0.051319721 -2.7625722 0.4898555 0.058230637 0.86985677 40.258767
0.87017763 -0.0036161495 -0.49272488 -15.792635 -0.025288423 0.9983275 -0.05198747 -2.8257226 0.49208883 0.057698569 0.86863081 41.184162
0.86886126 -0.0026780452 -0.4950484 -16.31444 -0.025453268 0.9984211 -0.050074242 -2.8895335 0.49440091 0.056108169 0.86742125 42.073387
0.86689771 -0.0021007423 -0.49848163 -16.874544 -0.024260085 0.99862837 -0.046398644 -2.9549797 0.49789541 0.052316085 0.86565768 43.006747
0.86434996 -0.0018779962 -0.50288727 -17.408582 -0.022434192 0.9988535 -0.042289468 -3.0258759 0.50239017 0.04783477 0.86331685 43.94653
0.86061267 -0.0061831137 -0.50922252 -17.949482 -0.016484322 0.99906409 -0.039990262 -3.0785984 0.50899324 0.042810315 0.85970529 44.829551
0.85533246 -0.0050177963 -0.51805519 -18.518099 -0.019721933 0.99891295 -0.042237103 -3.147794 0.51770401 0.046343815 0.85430371 45.751175
0.84850034 -0.0090783867 -0.52911693 -19.076387 -0.017650823 0.99881101 -0.045442357 -3.2079153 0.52890041 0.047897206 0.84733124 46.620595
0.84264951 -0.01044945 -0.53836102 -19.644758 -0.016507863 0.9988404 -0.04522555 -3.2688194 0.53820936 0.046996478 0.84149987 47.5247
0.83832159 -0.0062360195 -0.54514035 -20.27708 -0.018754143 0.99901289 -0.040268282 -3.3241715 0.5448534 0.043981411 0.83737712 48.425572
0.83245422 -0.0039730017 -0.55407957 -20.856368 -0.018468425 0.99921973 -0.034911987 -3.3843714 0.55378599 0.039295608 0.8317313 49.289933
0.82896141 -0.0036919048 -0.5592936 -21.477445 -0.020105484 0.99913522 -0.036394805 -3.4403546 0.55894434 0.041414757 0.82817031 50.177842
0.82523337 -0.0056621455 -0.56476349 -22.090387 -0.021248594 0.99893057 -0.041063451 -3.4934289 0.56439207 0.045887361 0.82423053 51.060698
0.8223649 -0.0061347315 -0.56892733 -22.704768 -0.025734468 0.99851744 -0.047965278 -3.5666479 0.56837816 0.054086004 0.82098782 51.895513
0.81969675 -0.0063723776 -0.57276225 -23.341935 -0.02689682 0.99840689 -0.049600789 -3.6304383 0.5721659 0.056063089 0.81821949 52.7905
0.8160915 -0.0063882991 -0.57788738 -23.94704 -0.024564017 0.99865183 -0.045728928 -3.6887656 0.57740047 0.051514226 0.81483435 53.622315
0.81227503 -0.0056469638 -0.58324725 -24.572667 -0.021900875 0.99895271 -0.040172641 -3.7491041 0.58286332 0.045404859 0.81130067 54.510876
0.81012532 -0.003307164 -0.58624739 -25.223969 -0.022643823 0.99906138 -0.036927061 -3.8108941 0.5858193 0.043190429 0.80929004 55.36492
0.80886003 -0.003185658 -0.58799258 -25.869879 -0.02348388 0.99901246 -0.037717623 -3.8638048 0.58753212 0.044316625 0.80798643 56.26469
0.80348426 -0.003165662 -0.59531756 -26.514766 -0.025049934 0.99892044 -0.039121088 -3.922672 0.59479877 0.046345844 0.80253755 57.100041
0.79904856 -0.0054414198 -0.60124185 -27.143778 -0.024670511 0.99882025 -0.041826653 -3.9873111 0.60076018 0.048254471 0.79797164 57.946352
0.7960419 -0.0046617857 -0.60522354 -27.818341 -0.026269463 0.99876188 -0.042244896 -4.0407038 0.60467118 0.049527605 0.79493384 58.788329
0.79125528 -0.0075353247 -0.61143951 -28.477838 -0.022464206 0.99889088 -0.041380851 -4.1011869 0.61107322 0.04647832 0.7902084 59.633994
0.78697695 -0.0069235365 -0.61694353 -29.158289 -0.023092896 0.99890584 -0.040667476 -4.1625096 0.61655011 0.04625138 0.78595598 60.480604
0.78244015 -0.0092021179 -0.62265778 -29.861046 -0.021338323 0.99890743 -0.041576648 -4.2263335 0.62236013 0.045817712 0.78138892 61.33081
0.77609216 -0.0089658008 -0.63055574 -30.541473 -0.022965966 0.9988338 -0.042468964 -4.2853878 0.63020121 0.047441152 0.77498117 62.152125
0.77073979 -0.011124128 -0.63705289 -31.210697 -0.021258902 0.99884189 -0.043161763 -4.3406594 0.63679531 0.046809534 0.76961071 62.975259
0.76486035 -0.011430328 -0.64409468 -31.959155 -0.022317481 0.99877222 -0.044226493 -4.4117552 0.64380945 0.048201662 0.76366617 63.814084
0.76049238 -0.013960155 -0.64919675 -32.665491 -0.02042635 0.9987598 -0.045405224 -4.4711288 0.64902553 0.047791047 0.75926406 64.631938
0.7531998 -0.014240213 -0.65763762 -33.389007 -0.02074989 0.99875374 -0.045391681 -4.5410896 0.65746448 0.047834914 0.75196564 65.475594
0.74674371 -0.015225384 -0.66493758 -34.137909 -0.01861094 0.99886818 -0.043772157 -4.6055346 0.66485149 0.045061697 0.74561517 66.319739
0.74197676 -0.016628351 -0.67021932 -34.861641 -0.016455957 0.99893946 -0.043001824 -4.6632169 0.67022364 0.042935455 0.74091623 67.110057
0.73416667 -0.017298628 -0.67874886 -35.657386 -0.016727942 0.99891111 -0.043552026 -4.7342219 0.67876322 0.043328517 0.73307787 67.942265
0.72884006 -0.01802582 -0.68444664 -36.450014 -0.018008367 0.99880286 -0.045481205 -4.8026914 0.68444716 0.045474291 0.72764292 68.746042
0.72342588 -0.017356971 -0.69018381 -37.256581 -0.01938747 0.99877897 -0.045438871 -4.8673002 0.69012982 0.046252574 0.72220605 69.524231
0.71808819 -0.017555364 -0.69573064 -38.000999 -0.018531923 0.99884498 -0.044331296 -4.9294985 0.69570537 0.044727007 0.71693345 70.34501
0.71463064 -0.014507211 -0.69935152 -38.785098 -0.023195067 0.99874366 -0.044419565 -4.9984157 0.69911735 0.047965088 0.71339633 71.146613
0.70796753 -0.017188309 -0.70603576 -39.616149 -0.020665016 0.99877158 -0.045036462 -5.0615566 0.70594262 0.046474593 0.70674265 71.932299
0.70302354 -0.019129855 -0.71090921 -40.431132 -0.021133137 0.99863473 -0.047770979 -5.1294306 0.71085254 0.048607865 0.70165945 72.749068
0.69765277 -0.021695202 -0.71610745 -41.260942 -0.020646618 0.99851741 -0.050365634 -5.2006578 0.71613851 0.049922922 0.69617051 73.544944
0.69415932 -0.02156851 -0.71949816 -42.124132 -0.022364331 0.99842221 -0.051506577 -5.2726793 0.71947392 0.051844866 0.69258171 74.321494
0.68854487 -0.021302023 -0.72488078 -42.959316 -0.021429839 0.99853429 -0.049699489 -5.3440518 0.72487707 0.049754407 0.68707916 75.09745
0.68266393 -0.021378842 -0.73041965 -43.792773 -0.020493965 0.99861859 -0.04838287 -5.4176496 0.73044507 0.047998435 0.68128276 75.870359
0.67848806 -0.023704005 -0.73422887 -44.68938 -0.018212063 0.99862932 -0.049069415 -5.4947043 0.73438568 0.046664835 0.67712637 76.698222
0.6733799 -0.022015583 -0.73896872 -45.534401 -0.021156113 0.99857331 -0.049028155 -5.5626252 0.73899389 0.048648281 0.67195344 77.41108
0.66932036 -0.0239297 -0.74258843 -46.434492 -0.01855135 0.99863131 -0.048901573 -5.6426691 0.74274232 0.046506837 0.66796034 78.250501
0.66464835 -0.024307325 -0.74676079 -47.294122 -0.018183629 0.99864838 -0.048690543 -5.7134901 0.74693505 0.04594091 0.66330801 78.994322
0.66102657 -0.028592843 -0.74981749 -48.179472 -0.013062576 0.99868381 -0.049598628 -5.7835409 0.75024882 0.04258056 0.65978304 79.781897
0.65681851 -0.032046446 -0.75336739 -49.089044 -0.011788062 0.99853803 -0.052752763 -5.8644529 0.75395659 0.043529733 0.65548049 80.557852
0.65160926 -0.036756316 -0.75766371 -50.033165 -0.007190873 0.99848114 -0.054623345 -5.9443281 0.75852074 0.041041341 0.65035524 81.373022
0.64655001 -0.04111204 -0.76176297 -50.898038 -0.00048257374 0.99852457 -0.054299554 -6.0202097 0.76287148 0.035474985 0.64557624 82.120905
0.63595164 -0.045161449 -0.77040632 -51.822581 0.0043588318 0.99848052 -0.054933117 -6.1026626 0.77171663 0.031576734 0.63518218 82.893788
0.62954913 -0.044473906 -0.77568674 -52.762955 0.0043975328 0.99854837 -0.053682603 -6.1890061 0.77694826 0.030384728 0.62883083 83.644089
0.62113376 -0.043316828 -0.78250652 -53.727512 0.0055428113 0.99868918 -0.050884203 -6.2658904 0.783685 0.02726861 0.62055966 84.42047
0.61407294 -0.04483299 -0.78797486 -54.662983 0.0084937215 0.99870289 -0.05020347 -6.3411744 0.78920361 0.024135753 0.61365722 85.144277
0.60569403 -0.044824391 -0.79443405 -55.650513 0.004915526 0.99860374 -0.052596562 -6.4173052 0.7956825 0.027952362 0.60506866 85.862342
0.59438166 -0.045970598 -0.80286804 -56.663913 0.0036479689 0.99850864 -0.054471907 -6.5058352 0.80417485 0.029448265 0.59366292 86.553201
0.58466811 -0.048508107 -0.80982104 -57.661697 0.0053619171 0.99842007 -0.055933995 -6.5846841 0.8112549 0.02836063 0.58400447 87.307291
0.57484346 -0.048656893 -0.81681543 -58.629472 0.0070744814 0.9984887 -0.054500242 -6.6715281 0.81823285 0.025550562 0.57431892 88.007553
0.5628095 -0.048702925 -0.82515055 -59.642623 0.0087571149 0.99855797 -0.052965009 -6.7523262 0.82654028 0.022583272 0.56242441 88.690369
0.55332454 -0.050493815 -0.83143386 -60.692905 0.011018677 0.99851733 -0.053307962 -6.8339686 0.83289291 0.020335302 0.55306052 89.366669
0.54515409 -0.051113173 -0.8367762 -61.75724 0.0087359534 0.99843177 -0.055296237 -6.9243906 0.83829038 0.022834932 0.54474569 90.032833
0.53395196 -0.051433676 -0.84394895 -62.859543 0.0077157371 0.99840291 -0.055965114 -7.0102432 0.84547965 0.023370994 0.53349604 90.697266
0.52542092 -0.051723314 -0.8492688 -63.908559 0.005182504 0.99832657 -0.057595148 -7.0963853 0.85082669 0.025860356 0.52480972 91.347036
0.51531907 -0.051527112 -0.85544792 -64.973251 0.0047945392 0.99834857 -0.057246385 -7.1792382 0.85698502 0.025398675 0.51471511 91.979523
0.50634298 -0.04989753 -0.86088731 -66.079026 0.0040267125 0.99845043 -0.0555024 -7.2664072 0.86232282 0.024636705 0.50575929 92.62844
0.49714952 -0.04959506 -0.86624628 -67.131114 0.0068911872 0.99855928 -0.053215417 -7.3476617 0.86763755 0.020486553 0.49677504 93.188065
0.48984533 -0.049437335 -0.87040648 -68.272334 0.0062232555 0.99856373 -0.053214099 -7.4410654 0.87178718 0.020649916 0.48944945 93.83572
0.48352209 -0.051883426 -0.87379313 -69.382038 0.0072132572 0.9984441 -0.055293329 -7.5277981 0.87530248 0.020432651 0.48314402 94.430951
0.4776249 -0.055170702 -0.87682985 -70.483543 0.0091865511 0.99828541 -0.057808685 -7.6139673 0.87851587 0.019555825 0.4773128 95.039943
0.46988623 -0.058673234 -0.88077484 -71.595245 0.011556183 0.99811192 -0.060324569 -7.7023138 0.88265138 0.018167289 0.46967709 95.636858
0.46502038 -0.061885886 -0.88313426 -72.722435 0.012927546 0.99792205 -0.063122586 -7.8034904 0.88520562 0.017936529 0.46485412 96.240367
0.46143277 -0.063092237 -0.88492887 -73.8817 0.014726412 0.99787534 -0.063466049 -7.909203 0.88705298 0.016253487 0.46138151 96.813823
0.45631852 -0.061075377 -0.88771794 -74.996993 0.017170064 0.99806024 -0.059840953 -8.0029942 0.88965087 0.012064361 0.45648204 97.385943
0.45220242 -0.057910296 -0.89003331 -76.128775 0.019648272 0.99829458 -0.054971581 -8.1007307 0.89169893 0.0073706646 0.45256906 97.966438
0.44799397 -0.057845073 -0.89216326 -77.218212 0.022124458 0.99831639 -0.053618057 -8.1867403 0.89376282 0.0042819363 0.44851951 98.53202
0.44513973 -0.058441422 -0.89355199 -78.349545 0.023681271 0.99828732 -0.053494209 -8.2809336 0.89514797 0.0026519506 0.44576131 99.068021
0.44406983 -0.05769461 -0.89413268 -79.502175 0.026253521 0.99833406 -0.05137951 -8.3739352 0.8956075 -0.00065804096 0.44484473 99.631387
0.44251453 -0.056623583 -0.89497184 -80.59478 0.027105607 0.99839309 -0.049764661 -8.4525688 0.89635163 -0.0022371699 0.44333826 100.15779
0.43894004 -0.056733186 -0.89672344 -81.687776 0.027879249 0.99838404 -0.049518265 -8.5386392 0.89808377 -0.0032644276 0.43981241 100.70208
0.43579664 -0.05768305 -0.89819479 -82.787839 0.031658843 0.99830906 -0.04875189 -8.620661 0.89948823 -0.0071898986 0.43688591 101.24006
0.43411612 -0.056787294 -0.89906525 -83.861135 0.034127727 0.99833148 -0.04657854 -8.7064492 0.90021028 -0.010462559 0.43532981 101.80087
0.43238945 -0.0566184 -0.89990758 -84.950826 0.037669242 0.99828961 -0.044708789 -8.7888428 0.90089981 -0.014567229 0.43378267 102.29758
0.43096575 -0.057804905 -0.90051488 -86.029245 0.039243967 0.99820255 -0.045294309 -8.8677909 0.90151456 -0.015819481 0.43245961 102.79744
0.43055061 -0.058550301 -0.90066529 -87.113415 0.039374925 0.99816209 -0.046065719 -8.9490742 0.90170719 -0.015630006 0.43206471 103.31158
0.42864027 -0.059437846 -0.90151794 -88.166331 0.039988511 0.99810388 -0.046792702 -9.0296005 0.90258989 -0.015993124 0.43020435 103.82508
0.42947755 -0.059775074 -0.90109706 -89.184155 0.038372107 0.99811375 -0.047921992 -9.1073641 0.90226198 -0.013995574 0.43096114 104.34306
0.43206318 -0.061099186 -0.89977121 -90.210563 0.039104653 0.99803328 -0.048993944 -9.1876718 0.90099517 -0.014016762 0.4336027 104.76122
0.43616011 -0.060704735 -0.89781915 -91.271384 0.03637705 0.99809588 -0.049812848 -9.2717876 0.89913355 -0.010933636 0.43753787 105.27605
0.44039726 -0.060561855 -0.89575803 -92.239619 0.033728148 0.998134 -0.050901094 -9.3476387 0.89716929 -0.007795558 0.44161812 105.78038
0.44900887 -0.061221138 -0.89142748 -93.299559 0.034182079 0.99809662 -0.051329532 -9.4308294 0.89287328 -0.0074234299 0.4502469 106.23944
0.4528101 -0.059058059 -0.88964886 -94.23992 0.031903451 0.99823811 -0.050028503 -9.4984832 0.89103606 -0.0057294582 0.45389645 106.76146
0.46176695 -0.057793966 -0.88511642 -95.238355 0.029710921 0.9983229 -0.049685575 -9.5796336 0.88650359 -0.0033544677 0.46270963 107.26725
0.47144101 -0.058387139 -0.87996264 -96.205622 0.031759474 0.99828276 -0.049222722 -9.655701 0.88132558 -0.0047415415 0.47248578 107.75272
0.47994973 -0.058681832 -0.87533115 -97.182194 0.032163089 0.9982666 -0.049288144 -9.7297303 0.87670625 -0.0044975229 0.48100518 108.29376
0.49129185 -0.059231997 -0.86897861 -98.176957 0.031095587 0.99824175 -0.050462513 -9.8064659 0.8704398 -0.0022295788 0.4922699 108.83467
0.50176417 -0.059350861 -0.86296589 -99.114561 0.026695816 0.99823061 -0.053131697 -9.8832432 0.86459245 0.0036220031 0.50246078 109.38039
0.51281476 -0.059772311 -0.85641592 -100.07738 0.024888133 0.99818908 -0.054764356 -9.9653869 0.85813849 0.0067693756 0.51337371 109.94019
0.5251862 -0.057135124 -0.84906712 -100.96997 0.021101313 0.99831114 -0.054125889 -10.032085 0.85072572 0.010509738 0.52550486 110.52531
0.53856362 -0.055905568 -0.8407281 -101.91003 0.022000101 0.99838924 -0.052296412 -10.118029 0.84229762 0.0096688414 0.53892606 111.09293
0.54971233 -0.053229961 -0.83365632 -102.80213 0.01944014 0.99851262 -0.050937421 -10.185035 0.83512783 0.011794532 0.5499295 111.65506
0.56187346 -0.053119127 -0.82551591 -103.68843 0.020965302 0.99853003 -0.049982316 -10.261863 0.82695751 0.010776547 0.56216119 112.25557
0.57261853 -0.052971152 -0.81810881 -104.55467 0.02040985 0.9985222 -0.050367156 -10.336092 0.81956788 0.012143688 0.57285345 112.85323
0.58482885 -0.05486967 -0.80929875 -105.43895 0.022354525 0.99842082 -0.051537766 -10.414707 0.81084865 0.012049284 0.58513189 113.46487
0.59430851 -0.056081995 -0.80227934 -106.29353 0.023500448 0.9983507 -0.05237949 -10.486163 0.80389376 0.012275653 0.59464627 114.10757
0.60461894 -0.055377971 -0.79458741 -107.09328 0.023092168 0.99837956 -0.052009724 -10.564284 0.79618009 0.013097318 0.60491799 114.72686
0.6160772 -0.053162214 -0.7858897 -107.91639 0.021935873 0.99849082 -0.050347767 -10.635538 0.78738031 0.013778935 0.61631359 115.36614
0.62546947 -0.051849973 -0.7785239 -108.71081 0.023746631 0.99859233 -0.047428464 -10.70376 0.77988723 0.011177736 0.62582028 115.99917
0.63616337 -0.050263982 -0.76991535 -109.51282 0.022663208 0.99866249 -0.046471669 -10.772033 0.77122149 0.012114822 0.63645164 116.62863
0.64491654 -0.048957316 -0.76268328 -110.27752 0.01956782 0.99867672 -0.047559612 -10.836387 0.76400249 0.015747931 0.64502112 117.28076
0.65481033 -0.048387703 -0.75424267 -111.03544 0.018141776 0.99866722 -0.048318389 -10.909345 0.75557551 0.017956078 0.65481545 117.94083
0.66400568 -0.047109232 -0.746242 -111.77197 0.017033509 0.99870734 -0.047890616 -10.97261 0.74753352 0.019088521 0.66394979 118.5917
0.67196098 -0.045993383 -0.73915696 -112.47853 0.017573855 0.99877891 -0.046171894 -11.038204 0.74037805 0.018035874 0.67194874 119.23966
0.6816596 -0.044703511 -0.73030249 -113.21865 0.017967302 0.99885351 -0.044371579 -11.102613 0.73144884 0.017124747 0.68168129 119.88652
0.68996288 -0.043488691 -0.72253714 -113.92596 0.017427644 0.99890224 -0.043480842 -11.166199 0.72363496 0.017408047 0.68996337 120.56114
0.69746045 -0.044190214 -0.71525946 -114.61427 0.018636615 0.99887785 -0.043539898 -11.228542 0.71638093 0.017037341 0.69750135 121.20658
0.7040876 -0.041300235 -0.70891107 -115.26956 0.015788937 0.99897097 -0.042517239 -11.285053 0.70993761 0.018742909 0.70401516 121.87783
0.71240643 -0.039549547 -0.70065175 -115.94585 0.015954896 0.99906541 -0.040171475 -11.344098 0.70158575 0.01743959 0.71237163 122.54724
0.72006188 -0.037113279 -0.69291663 -116.58307 0.015296318 0.99917499 -0.037621215 -11.399322 0.69374127 0.016490529 0.72003552 123.19744
0.72623716 -0.034930879 -0.68655617 -117.19266 0.01348268 0.99923985 -0.036577784 -11.452273 0.68731204 0.017307528 0.72615608 123.87449
0.73356584 -0.033772543 -0.67877871 -117.84235 0.012978605 0.99927853 -0.035692805 -11.51138 0.67949449 0.017373422 0.73347491 124.5631
0.74170043 -0.031895485 -0.66997247 -118.43169 0.011556646 0.99932813 -0.03478126 -11.560363 0.67063175 0.018054641 0.74157071 125.21683
0.75004141 -0.029014299 -0.66075412 -119.027 0.010508437 0.99943398 -0.031957597 -11.607567 0.66130741 0.017026028 0.74992177 125.87092
0.75985234 -0.025448246 -0.64959739 -119.6134 0.0086037698 0.99953967 -0.029093308 -11.655558 0.65003879 0.016517631 0.75972151 126.54339
0.76948106 -0.022807267 -0.63826225 -120.10637 0.0064667168 0.99958917 -0.027922506 -11.693156 0.63863692 0.017358378 0.76931242 127.20455
0.77963495 -0.022795775 -0.6258192 -120.6737 0.0060279422 0.99956413 -0.028900112 -11.740566 0.62620528 0.018759135 0.77943254 127.85981
0.78940497 -0.023205989 -0.61343398 -121.1946 0.0059085743 0.99952616 -0.030208199 -11.785529 0.61384438 0.020221982 0.78916803 128.5293
0.79885046 -0.022478571 -0.6011095 -121.71497 0.005567355 0.99953503 -0.029978955 -11.831455 0.60150393 0.020602112 0.79860416 129.22164
0.80868576 -0.020743131 -0.58787502 -122.20752 0.0049420197 0.99958238 -0.028471914 -11.864784 0.58822015 0.020119542 0.80845055 129.89147
0.81919711 -0.019257941 -0.57318863 -122.69771 0.0051034636 0.99964128 -0.026292025 -11.900242 0.57348939 0.018613104 0.81900153 130.58466
0.82800746 -0.018026389 -0.56042723 -123.15971 0.0054815685 0.99969556 -0.024056864 -11.939519 0.56069032 0.016847243 0.82785419 131.29754
0.83685166 -0.016418265 -0.54718343 -123.64022 0.0058214132 0.99976053 -0.021094708 -11.972304 0.54739878 0.014467761 0.83674684 132.00141
0.84504942 -0.015998943 -0.53444877 -124.09322 0.0067955137 0.99979287 -0.019184411 -12.007694 0.53464505 0.012579921 0.8449831 132.71387
0.85183391 -0.016019541 -0.52356694 -124.52476 0.0080002079 0.99981354 -0.017575032 -12.034691 0.5237509 0.010782364 0.85180324 133.43238
0.85745484 -0.016093252 -0.51430748 -124.93644 0.0082920731 0.99981317 -0.017460697 -12.069572 0.51449243 0.010707084 0.85742808 134.1235
0.86455129 -0.015257342 -0.50231292 -125.3805 0.0076486104 0.99982274 -0.017204458 -12.093258 0.50248641 0.01103214 0.86451473 134.86823
0.87107341 -0.013488516 -0.49096757 -125.79917 0.0063700587 0.99984901 -0.016167444 -12.125535 0.49111156 0.010955538 0.8710278 135.5855
0.87662665 -0.012879994 -0.48099875 -126.18635 0.005877192 0.99985372 -0.016062426 -12.143993 0.48113532 0.011253829 0.87657411 136.35288
0.88255459 -0.013075524 -0.47002808 -126.59689 0.0063699915 0.99985403 -0.01585384 -12.179619 0.47016681 0.010997805 0.88250906 137.12174
0.88744374 -0.014250096 -0.46069571 -126.99071 0.007383572 0.99983322 -0.016703466 -12.208676 0.46085694 0.011421806 0.88740095 137.88339
0.89150021 -0.014743706 -0.45278028 -127.40683 0.0078410752 0.99982273 -0.017118175 -12.241022 0.45295244 0.011710573 0.89145778 138.62949
0.89510989 -0.014000704 -0.44562569 -127.7835 0.0074076971 0.99983587 -0.016533392 -12.262004 0.44578406 0.011498142 0.89506669 139.42493
0.89832289 -0.012293892 -0.43916379 -128.16253 0.0071341715 0.9998848 -0.013397478 -12.291254 0.43927794 0.0089021909 0.89830711 140.19578
0.90140235 -0.0086659055 -0.43289571 -128.56839 0.0051639876 0.99994375 -0.009264559 -12.314416 0.43295168 0.0061156269 0.90139639 140.99536
0.90425049 -0.0059581554 -0.42696081 -128.9682 0.0033566534 0.99997094 -0.0068454221 -12.328951 0.42698922 0.0047568166 0.90424421 141.84136
0.90765988 -0.0033022936 -0.41969348 -129.34114 0.001609446 0.99998908 -0.0043875548 -12.353747 0.41970342 0.0033069332 0.90765529 142.66756
0.91070943 -0.0014148363 -0.41304518 -129.74959 0.00056001342 0.99999744 -0.0021906158 -12.357074 0.41304726 0.0017637034 0.91070789 143.53709
0.91417163 -0.00024826018 -0.40532723 -130.15004 0.00045484352 0.99999981 0.00041335683 -12.376045 0.40532708 -0.00056223989 0.91417157 144.35269
0.91742546 0.0001623744 -0.39790765 -130.52483 0.0010566854 0.9999954 0.0028443876 -12.389904 0.39790631 -0.0030299772 0.91742106 145.23353
0.9205924 -0.00031877717 -0.39052466 -130.9025 0.00176993 0.9999928 0.0033560211 -12.403981 0.39052082 -0.0037807292 0.92058634 146.12898
0.92434519 -0.0012639233 -0.38155518 -131.2757 0.0029478356 0.99998833 0.0038288271 -12.395496 0.38154592 -0.0046639203 0.92433813 147.01593
0.92813509 -0.0034425692 -0.37222761 -131.64334 0.0049636381 0.99998279 0.0031282374 -12.429529 0.37221046 -0.0047510304 0.9281362 147.93798
0.93191102 -0.0049259689 -0.36265352 -132.00619 0.0061549236 0.99997856 0.0022334744 -12.429528 0.36263477 -0.0043135045 0.93192136 148.87295
0.93628936 -0.0060756104 -0.35117703 -132.36513 0.0064233184 0.99997935 -0.00017484271 -12.452797 0.35117088 -0.0020920189 0.93630906 149.80474
0.94135909 -0.0042725543 -0.33737932 -132.72996 0.0042543951 0.99999064 -0.00079317591 -12.454979 0.33737958 -0.00068868187 0.94136845 150.77046
0.94687646 -0.0011919007 -0.32159532 -133.05808 0.0012981344 0.99999915 0.00011590043 -12.474134 0.32159493 -0.0005272176 0.9468772 151.7767
0.95326713 0.0029050694 -0.30211475 -133.3952 -0.0020526155 0.99999297 0.0031390661 -12.47874 0.30212177 -0.0023722435 0.95326639 152.76204
0.95916508 0.0057439196 -0.28278853 -133.71218 -0.0046208377 0.99997857 0.0046382735 -12.489561 0.28280914 -0.0031421503 0.95917106 153.79089
0.96521369 0.0073022176 -0.2613603 -133.99092 -0.0060610403 0.9999662 0.0055546769 -12.503771 0.26139206 -0.0037773351 0.96522533 154.82416
0.97056566 0.0088007984 -0.24067582 -134.25675 -0.0073453484 0.99994891 0.0069438067 -12.502775 0.24072465 -0.0049715729 0.97058072 155.86219
0.97584897 0.0095078226 -0.21823928 -134.52074 -0.0075309284 0.99992275 0.0098884116 -12.523796 0.21831646 -0.0080060522 0.97584519 156.94396
0.98050537 0.011326895 -0.19616554 -134.74114 -0.0089929889 0.99987784 0.012784294 -12.51987 0.1962864 -0.010770955 0.98048745 158.03122
0.98470596 0.013264813 -0.17371878 -134.94306 -0.010479895 0.99980161 0.01693868 -12.528126 0.17390902 -0.014859065 0.98464961 159.13
0.98841144 0.015081205 -0.15104763 -135.10088 -0.012113258 0.99971544 0.020550022 -12.516349 0.15131458 -0.018482198 0.98831286 160.25423
0.9914625 0.016229016 -0.12937822 -135.28081 -0.013686744 0.99969586 0.020514945 -12.505905 0.12967182 -0.018569032 0.99138308 161.38341
0.99414693 0.016225943 -0.10681105 -135.42706 -0.014339648 0.99972779 0.018404554 -12.506557 0.10708061 -0.016765199 0.99410898 162.55763
0.996224 0.016488195 -0.085240089 -135.52817 -0.015061334 0.99973594 0.017355451 -12.497016 0.085503748 -0.016006088 0.99620927 163.70198
0.99776045 0.015051443 -0.065173158 -135.60641 -0.01382377 0.99971918 0.019247294 -12.493516 0.065444561 -0.01830325 0.99768833 164.86906
0.99887055 0.015392967 -0.04495201 -135.68177 -0.014455599 0.99967278 0.021103824 -12.484709 0.045262155 -0.02043018 0.99876621 166.07319
0.99958579 0.015600545 -0.024183907 -135.71186 -0.01506673 0.99964222 0.022100462 -12.476459 0.024520036 -0.021726936 0.99946321 167.30989
0.99984444 0.017100334 -0.0043214248 -135.72816 -0.016998221 0.99959884 0.022654206 -12.46897 0.0047070862 -0.022577226 0.99973402 168.48841
0.99971418 0.017028408 0.0167806 -135.7212 -0.017411961 0.99958424 0.022982163 -12.454209 -0.016382275 -0.023267778 0.99959503 169.7177
0.9991466 0.019578239 0.036369917 -135.70341 -0.020419851 0.99952886 0.022914764 -12.439481 -0.035904154 -0.023637877 0.99907564 170.95708
0.99818072 0.020739955 0.056613718 -135.64851 -0.021979748 0.9995301 0.021364964 -12.430262 -0.056144012 -0.022570451 0.99816753 172.21819
0.99688633 0.020603712 0.076112565 -135.54537 -0.022106364 0.99957596 0.018952926 -12.430523 -0.075689796 -0.020576485 0.99691909 173.49933
0.99523481 0.022610418 0.094849596 -135.46352 -0.024301329 0.99956501 0.016710081 -12.416847 -0.094430524 -0.018935426 0.99535136 174.75411
0.99323254 0.023090723 0.11382417 -135.32354 -0.024919352 0.99958184 0.014668608 -12.416005 -0.11343788 -0.017405764 0.99339262 176.04808
0.99076567 0.023227707 0.1335809 -135.15102 -0.025051076 0.99961432 0.011985214 -12.425798 -0.13325101 -0.015220885 0.99096544 177.34985
0.98822253 0.024394962 0.15106659 -134.96582 -0.02572278 0.9996457 0.0068414227 -12.425573 -0.15084619 -0.010646701 0.98849991 178.64701
0.98517247 0.025765005 0.16962126 -134.75862 -0.026196706 0.99965676 0.00030721907 -12.442301 -0.16955514 -0.004746182 0.98550928 179.94338
0.9818453 0.028429032 0.18754089 -134.52026 -0.027983078 0.99959576 -0.0050255097 -12.450377 -0.18760797 -0.00031369808 0.98224394 181.23242
0.97834494 0.030475259 0.20472527 -134.26388 -0.029300818 0.9995322 -0.0087663727 -12.490747 -0.20489667 0.0025779188 0.97878022 182.56017
0.97444641 0.032852335 0.22220467 -133.96871 -0.030938023 0.99944817 -0.012091389 -12.516295 -0.2224793 0.0049078376 0.97492506 183.91625
0.97023796 0.032521681 0.23995966 -133.66221 -0.030504345 0.99946118 -0.012117395 -12.555518 -0.24022447 0.0044369449 0.97070723 185.2444
0.96599812 0.03109654 0.25667222 -133.32632 -0.028804128 0.99950456 -0.012687006 -12.582228 -0.2569396 0.0048624052 0.96641524 186.57342
0.96101004 0.030678181 0.2748064 -132.94679 -0.026986926 0.99948773 -0.017203968 -12.635839 -0.27519343 0.0091170068 0.96134565 187.89433
0.95645231 0.032141618 0.29011358 -132.55007 -0.027105928 0.99940432 -0.021360415 -12.681623 -0.29062735 0.012566421 0.9567538 189.25795
0.9513573 0.034192222 0.3061865 -132.15044 -0.028867152 0.99934323 -0.021904271 -12.717364 -0.30673439 0.012000056 0.95171951 190.59027
0.94576923 0.036192603 0.32281675 -131.72037 -0.030643262 0.99928253 -0.022257776 -12.777942 -0.32339074 0.011158562 0.94619973 191.946
0.939181 0.040269674 0.34105335 -131.22874 -0.033422333 0.99910485 -0.025931452 -12.817976 -0.34179234 0.012955529 0.9396862 193.27849
0.93221766 0.041263038 0.35953801 -130.74699 -0.033061495 0.99903443 -0.028933484 -12.887358 -0.36038477 0.015085441 0.93268176 194.61897
0.92610643 0.041981615 0.3749192 -130.23233 -0.032373572 0.9989669 -0.031891864 -12.941986 -0.37587077 0.017397787 0.92650876 195.97521
0.9187808 0.04234087 0.39249086 -129.66324 -0.030323378 0.99886355 -0.036770832 -13.020242 -0.39360176 0.021882687 0.91902057 197.3101
0.91057496 0.045530617 0.41082867 -129.10524 -0.030745462 0.99862208 -0.042528271 -13.103011 -0.41219895 0.026094062 0.91072012 198.6227
0.90067168 0.049179839 0.43170807 -128.48979 -0.032195208 0.99839617 -0.046567703 -13.184326 -0.43330591 0.028043281 0.90081051 199.96941
0.88832543 0.052099231 0.45624947 -127.84279 -0.033941671 0.99827489 -0.047908233 -13.267697 -0.45795841 0.027072234 0.88856131 201.28235
0.87566567 0.056563008 0.47959383 -127.15458 -0.036847104 0.99804755 -0.050431901 -13.361003 -0.48151007 0.026489841 0.87604016 202.57693
0.86153031 0.060827506 0.50404912 -126.46241 -0.039097308 0.99779754 -0.05358609 -13.459552 -0.50619852 0.026459078 0.86201102 203.88196
0.84614599 0.064382156 0.52904809 -125.69525 -0.04042384 0.99756996 -0.056745761 -13.567545 -0.53141594 0.026629044 0.8466924 205.18823
0.83115677 0.065965038 0.55211141 -124.89346 -0.040158859 0.99746644 -0.058719319 -13.663392 -0.55458607 0.026632797 0.83170007 206.42149
0.81526282 0.066993306 0.57520292 -124.06451 -0.038873061 0.99737643 -0.061066769 -13.7742 -0.57778495 0.027425569 0.81572815 207.6433
0.7993031 0.069315642 0.59691697 -123.18565 -0.037177602 0.99712637 -0.066006304 -13.901645 -0.59977697 0.030567103 0.79958319 208.87258
0.782976 0.071870656 0.61788604 -122.27176 -0.035465748 0.99684502 -0.071008364 -14.028635 -0.62104009 0.033684056 0.78305467 210.06036
0.76632919 0.073533268 0.63822598 -121.31224 -0.033602818 0.99665603 -0.074482325 -14.157495 -0.64156875 0.035631789 0.76623752 211.25263
0.7506354 0.075077142 0.65643727 -120.37321 -0.032060536 0.99649163 -0.077308181 -14.292159 -0.65993838 0.036984527 0.7504089 212.38016
0.73419413 0.075731675 0.67470264 -119.35532 -0.029934572 0.99640388 -0.079266842 -14.428226 -0.67827939 0.038000317 0.73382088 213.50474
0.71814953 0.076385431 0.6916838 -118.32058 -0.028177757 0.99633413 -0.08077328 -14.576022 -0.69531814 0.038517196 0.71766925 214.63432
0.70381718 0.076713255 0.70622689 -117.26736 -0.025075344 0.9962154 -0.083223209 -14.724031 -0.70993849 0.040865043 0.70307712 215.71489
0.68857049 0.078248857 0.72093534 -116.18667 -0.022591228 0.99599341 -0.086526059 -14.875001 -0.72481747 0.043292477 0.6875794 216.7988
0.67393935 0.080206126 0.73441996 -115.07523 -0.01990003 0.9956995 -0.090479275 -15.036584 -0.73851864 0.046362566 0.67263718 217.82635
0.65865543 0.083357589 0.74781314 -113.91905 -0.019415504 0.99539658 -0.093854637 -15.206707 -0.7521942 0.047298698 0.65724179 218.87572
0.64277913 0.083713651 0.7614637 -112.76114 -0.017853649 0.99537815 -0.09435878 -15.376536 -0.76584352 0.047056951 0.64130289 219.86328
0.62645699 0.084935862 0.77481448 -111.61022 -0.018408804 0.99538019 -0.094230491 -15.539293 -0.7792386 0.044767944 0.62512645 220.83671
0.60981396 0.085797405 0.78788685 -110.41715 -0.020436795 0.99549483 -0.092587189 -15.707473 -0.79228109 0.040359081 0.60882007 221.78149
0.59087304 0.086660246 0.80209663 -109.22285 -0.022437787 0.99559469 -0.091037157 -15.867712 -0.80645251 0.035794129 0.59021452 222.72882
0.5733114 0.087782514 0.81462151 -108.03288 -0.024475734 0.99563528 -0.090062868 -16.031372 -0.81897194 0.031695611 0.5729576 223.61528
0.55528089 0.091283117 0.82663805 -106.79912 -0.025965651 0.99537645 -0.092474371 -16.204198 -0.83125746 0.029885058 0.55508375 224.43463
0.53659656 0.094802236 0.83849664 -105.56572 -0.028285864 0.99513147 -0.094410147 -16.377941 -0.84336475 0.026942559 0.53666568 225.27901
0.51799886 0.094943693 0.85009577 -104.34359 -0.028666862 0.9951895 -0.093680696 -16.547435 -0.85490085 0.024156916 0.51822876 226.04264
0.49687167 0.093811296 0.86273862 -103.10037 -0.028609923 0.99537043 -0.091756097 -16.717934 -0.86735234 0.02090812 0.4972553 226.79477
0.4751225 0.092183784 0.87507754 -101.83638 -0.028687116 0.99559125 -0.089303484 -16.880578 -0.87945195 0.017326645 0.47567229 227.51502
0.45403206 0.090313386 0.88639625 -100.60064 -0.028527505 0.99581293 -0.086849233 -17.035799 -0.89052857 0.014145664 0.45470741 228.19227
0.43158877 0.089403052 0.89762919 -99.318275 -0.027246257 0.99591457 -0.086091922 -17.199898 -0.90165894 0.012699272 0.43226144 228.84598
