1.000000000000000000e+00 4.398956837314658088e-19 2.733407509747682871e-20 -8.673617379884035472e-19 -5.583667658079949532e-19 1.000000000000000000e+00 -6.100159232558060012e-19 0.000000000000000000e+00 4.145284534913582806e-20 -2.210423569125054137e-19 1.000000000000000222e+00 0.000000000000000000e+00
9.999414071505470236e-01 -1.140976108687765962e-03 1.076477842390903203e-02 7.533355212873113493e-02 1.136103779432430776e-03 9.999992494194399617e-01 4.587227588275133612e-04 -5.288499177325836631e-03 -1.076529392165105972e-02 -4.464659688375512570e-04 9.999419528662132350e-01 2.887491078259998845e-01
9.998533243795624248e-01 -2.458926495084662236e-03 1.694943748218481414e-02 1.069393867532891090e-01 2.445489236238776714e-03 9.999966789192288319e-01 8.134668137103371688e-04 -8.652455025404640065e-03 -1.695138173937332099e-02 -7.718978207066841575e-04 9.998560170405528247e-01 5.366976309861523076e-01
9.997839561412397158e-01 -6.038035167631692138e-03 1.988927363834213854e-02 9.350793268952156678e-02 6.062761418788923523e-03 9.999809213773589445e-01 -1.183129144637735811e-03 -8.203615047129672599e-03 -1.988175074781919904e-02 1.303457492347704760e-03 9.998014887788909677e-01 9.231633528937583932e-01
9.998241015994419056e-01 -6.818317404627163326e-03 1.747216186243175443e-02 9.427948741622617368e-02 6.850406242498329433e-03 9.999749561183937097e-01 -1.777374007452929951e-03 -1.613207009851372331e-02 -1.745960589487964565e-02 1.896752815288023754e-03 9.998457703422124476e-01 1.184714246601478616e+00
9.998855255901080152e-01 -1.059852801174228365e-02 1.079846985654496321e-02 8.579559904021839822e-02 1.063974881521446633e-02 9.999363006817514332e-01 -3.767002240706817523e-03 -1.411673021504826486e-02 -1.075785751131728453e-02 3.881464075279497748e-03 9.999345992237169689e-01 1.546740415566983273e+00
9.999371581992445579e-01 -1.114709609361681612e-02 -1.192442457096585997e-03 6.965189385161058011e-02 1.114116344374336057e-02 9.999260696554553851e-01 -4.871312106344265896e-03 -2.835072093399315651e-02 1.246655301864970245e-03 4.857720839320667922e-03 9.999874241208071002e-01 1.848159921953105300e+00
9.997948199955868365e-01 -1.109667548269617325e-02 -1.694643602497685267e-02 2.046183354898459608e-02 1.100823727821534197e-02 9.999253451577460039e-01 -5.303093868671236548e-03 -3.706484153415370852e-02 1.700401789406519662e-02 5.115455430147062589e-03 9.998423353304685124e-01 2.170662615875114554e+00
9.993415872893239849e-01 -6.334987012392231595e-03 -3.572477841380203994e-02 1.440034809971646630e-02 6.140387025983011504e-03 9.999657221600318779e-01 -5.554290406386002028e-03 -3.982350824144127721e-02 3.575874081802826732e-02 5.331269445531638083e-03 9.993462313394286811e-01 2.518373027935050690e+00
9.984300498547736824e-01 -3.684460530782249828e-03 -5.589150357425491655e-02 -4.717309368455423202e-02 3.331652522419770255e-03 9.999739425640969959e-01 -6.404239154783049164e-03 -5.543525123808468180e-02 5.591364431411537800e-02 6.207973757800288109e-03 9.984163087471437104e-01 2.864331718568726259e+00
9.971638415027084257e-01 -2.944528263057770087e-03 -7.520374162866481915e-02 -9.324770744304505810e-02 2.460246359723334154e-03 9.999756435169732116e-01 -6.531428413530810870e-03 -5.716991951181413234e-02 7.522114320240963492e-02 6.327884506682450103e-03 9.971467984677356844e-01 3.216640947740197820e+00
9.953483253236140582e-01 -3.282375455394503927e-03 -9.628570505339105468e-02 -1.323592971525680284e-01 2.684382361050409536e-03 9.999763021998279156e-01 -6.339489421876632821e-03 -6.519024162292577640e-02 9.630423354064369945e-02 6.051532500512006932e-03 9.953335490425962995e-01 3.606316279252555379e+00
9.932778436431699554e-01 -4.112500022897780730e-03 -1.156815122886420688e-01 -1.943925178918668173e-01 3.489752484892101343e-03 9.999783127348764733e-01 -5.585309481693693720e-03 -7.395350485304340304e-02 1.157019750573587275e-01 5.144064256910382132e-03 9.932706539317437411e-01 3.994632912928811841e+00
9.911118344293583515e-01 -4.138384314447958283e-03 -1.329669317743215895e-01 -2.825136056667066908e-01 3.500587572361935941e-03 9.999812219659374168e-01 -5.030069242262250051e-03 -8.334437177262911389e-02 1.329852535752117371e-01 4.519898687438616072e-03 9.911077102600049926e-01 4.393424309800825434e+00
9.887964068139394325e-01 -3.363812465796991568e-03 -1.492325368365334803e-01 -3.652641509195173053e-01 2.726137274585440761e-03 9.999862605023437379e-01 -4.477385158267756064e-03 -8.903253042530974437e-02 1.492455501211903679e-01 4.020393877568746548e-03 9.887919916712545332e-01 4.817646147708954274e+00
9.866885075118424497e-01 -2.761263139928290221e-03 -1.625981669384366501e-01 -4.487705822415059553e-01 2.051461327064217372e-03 9.999876211235111390e-01 -4.533111862121907976e-03 -9.141743103640348478e-02 1.626086740824412569e-01 4.139205417225082576e-03 9.866819582686511270e-01 5.227858806464948493e+00
9.845786678461497798e-01 -3.233768942355253872e-03 -1.749125175475928218e-01 -5.219866937610120328e-01 2.341762956073926462e-03 9.999831817512795373e-01 -5.305879512067984694e-03 -9.830973302732266828e-02 1.749267368383730092e-01 4.814452013889437658e-03 9.845696819221201324e-01 5.667457277216970013e+00
9.828084528486678018e-01 -6.478695901635247827e-03 -1.845144186118208018e-01 -6.219479764037338931e-01 5.251920330003850834e-03 9.999607421944027852e-01 -7.136623456040884668e-03 -1.137071895891197115e-01 1.845534141842637421e-01 6.044878722264139179e-03 9.828038957979571277e-01 6.106856918980009929e+00
9.812552288451894533e-01 -5.660070200189301452e-03 -1.926295371202577100e-01 -7.139047509646875289e-01 4.064616241006293977e-03 9.999540960191188876e-01 -8.676678114197812833e-03 -1.214476764012669824e-01 1.926698085942193384e-01 7.731070522219547596e-03 9.812331916059960912e-01 6.553557580528438287e+00
9.796491739844530588e-01 -5.754216168349479688e-03 -2.006349519519677882e-01 -8.382414586837292347e-01 3.654795887538796542e-03 9.999346451776365274e-01 -1.083272057174221835e-02 -1.206077476537462945e-01 2.006841767722270242e-01 9.878985874114877552e-03 9.796061799519025781e-01 7.019912821476848919e+00
9.780519257025420687e-01 -6.426037487344668855e-03 -2.082621800657268873e-01 -9.426331777527544586e-01 3.757596408924618759e-03 9.999057367591839274e-01 -1.320598574773871291e-02 -1.391959858702888353e-01 2.083274143534587786e-01 1.213357449702907355e-02 9.779838781035657957e-01 7.502657655488381927e+00
9.763002163695748692e-01 -9.934878444865270775e-03 -2.161924712334234722e-01 -1.055575799552381122e+00 6.832458377927340051e-03 9.998627506087998107e-01 -1.509296015345197410e-02 -1.463312840615577093e-01 2.163127494067040857e-01 1.325813413332209249e-02 9.762340997034127943e-01 8.017812435996193088e+00
9.744522129255650533e-01 -1.551655790507122830e-02 -2.240582959961295584e-01 -1.171348949791416905e+00 1.220082148898935306e-02 9.997947254706249787e-01 -1.617550170688755728e-02 -1.635378271477258005e-01 2.242632945160657476e-01 1.302855808668959385e-02 9.744414977709963122e-01 8.532919454904671852e+00
9.724562707314976517e-01 -1.640428224545562724e-02 -2.325074188321228363e-01 -1.303045724793029603e+00 1.242090431002007729e-02 9.997501085271287558e-01 -1.858605969002022351e-02 -1.821245840154126772e-01 2.327542121971105660e-01 1.518617783167980177e-02 9.724170185448754999e-01 9.025049853618334339e+00
9.703563385642650641e-01 -1.267768530565990641e-02 -2.413459160351150434e-01 -1.442953321489051977e+00 7.524651861604843284e-03 9.997238765697006313e-01 -2.226095724008189322e-02 -1.862867010849475480e-01 2.415614963483639910e-01 1.978501693438390954e-02 9.701837959464318928e-01 9.566062823288907779e+00
9.682709653856225174e-01 -9.605249497819230015e-03 -2.497179916825033874e-01 -1.604206496532416537e+00 3.378944208362470985e-03 9.996729242701288820e-01 -2.535009290701734433e-02 -2.017587691146583984e-01 2.498798132601496580e-01 2.370197576669191841e-02 9.679867234006963583e-01 1.009474331422398485e+01
9.659763779472105849e-01 -1.285046551040056918e-02 -2.583108617525659012e-01 -1.774646948077521769e+00 5.930376815397981130e-03 9.996028039032680557e-01 -2.755113513918001217e-02 -2.265447182876862420e-01 2.585623110525978041e-01 2.508186498825878269e-02 9.656689043604677058e-01 1.067951015231595591e+01
9.636075690269229055e-01 -1.390504260617948969e-02 -2.669589877328690797e-01 -1.913627710468254861e+00 6.346140681052560815e-03 9.995547055037490303e-01 -2.915676920404970326e-02 -2.597183796183758497e-01 2.672455430862815118e-01 2.640152421013438819e-02 9.632667236056886573e-01 1.122642973966198277e+01
9.615152604546557402e-01 -1.421974155911379621e-02 -2.743833107380708736e-01 -2.098754185691155350e+00 5.636769732655547149e-03 9.994705602984400583e-01 -3.204412443154847079e-02 -2.782487841679903706e-01 2.746937052173383798e-01 2.926427913655373428e-02 9.610863498900239499e-01 1.180850199705949599e+01
9.590674218681630725e-01 -1.345115995217833690e-02 -2.828581709309395675e-01 -2.274176390714714557e+00 3.569290008397398798e-03 9.993660649817202035e-01 -3.542214450072830867e-02 -3.019243214988012736e-01 2.831553310350021224e-01 3.296262201476598402e-02 9.585074469255974172e-01 1.239207320059800743e+01
9.569527690092877181e-01 -1.510912224552240883e-02 -2.898501517857349774e-01 -2.472901901610515374e+00 3.416223849366496323e-03 9.991612960418083667e-01 -4.080482684099538682e-02 -3.354892331869060995e-01 2.902235834229131006e-01 3.805809912954694757e-02 9.562017854768747327e-01 1.299368705852618611e+01
9.550984485217648423e-01 -1.618482560186691732e-02 -2.958462491983571141e-01 -2.681843513344881913e+00 2.130030879229822399e-03 9.988561960373013582e-01 -4.776779868668406398e-02 -3.720336389582755698e-01 2.962809776652349236e-01 4.499278892412087588e-02 9.540404777158856264e-01 1.360022242056241026e+01
9.537621711962875892e-01 -1.610044383188859521e-02 -3.001307957657260439e-01 -2.883611311953254930e+00 -6.808011988369784334e-04 9.984459309745684630e-01 -5.572485454927615656e-02 -4.042125266680512974e-01 3.005615718368725431e-01 5.335258789850198802e-02 9.522689981572382001e-01 1.422068468898627991e+01
9.524783418405379232e-01 -1.668038324607395637e-02 -3.041492580246930033e-01 -3.091851012933756859e+00 -3.104412103314746051e-03 9.979160900078188901e-01 -6.445029022780557337e-02 -4.505546610115330197e-01 3.045904991026308073e-01 6.233171051291023362e-02 9.504416803370886457e-01 1.483652343520894767e+01
9.511758044444287297e-01 -1.519327654189968346e-02 -3.082754472124287215e-01 -3.323251982396508541e+00 -7.786548566455004337e-03 9.972886232193399758e-01 -7.317630518480720825e-02 -4.970332205284502258e-01 3.085513894370028876e-01 7.200393308408409299e-02 9.484785056860833841e-01 1.547879013926471359e+01
9.498013208237070515e-01 -1.444516428558053310e-02 -3.125200571244703962e-01 -3.546737512050865959e+00 -1.131039087780924893e-02 9.966950389037669833e-01 -8.044298890136167279e-02 -5.546266250792778463e-01 3.126492080202064594e-01 7.993958157360551986e-02 9.464988843769556182e-01 1.614159814138587734e+01
9.481867183278491762e-01 -1.315304927364176896e-02 -3.174412423343492828e-01 -3.795798530898306655e+00 -1.518504217478543195e-02 9.961247113624760452e-01 -8.663125237503899179e-02 -6.174338783256047014e-01 3.173505364360930114e-01 8.696296206729861589e-02 9.443124919315670773e-01 1.679727756746264689e+01
9.466429420012040241e-01 -1.225293403111980123e-02 -3.220512440006619848e-01 -4.037835658333562172e+00 -1.864764761885984168e-02 9.955204446280846442e-01 -9.268931732322069350e-02 -6.864026145446299187e-01 3.217443191902522592e-01 9.374918673442637906e-02 9.421739145613903244e-01 1.746493043026031344e+01
9.448428391072732913e-01 -1.038872580677774153e-02 -3.273592544751124933e-01 -4.276782862974331856e+00 -2.306950926557405426e-02 9.949034420494259345e-01 -9.815772370233202815e-02 -7.613870142594030277e-01 3.267105882995755550e-01 1.002956403301023813e-01 9.397877304556940814e-01 1.813681353582881783e+01
9.429972470643507299e-01 -7.519797320867050751e-03 -3.327155576946985716e-01 -4.527852908386345021e+00 -2.772773953013610987e-02 9.944934574492485524e-01 -1.010640170370871588e-01 -8.364700728331453394e-01 3.316434318824607597e-01 1.045285408297314811e-01 9.375960860615629722e-01 1.883933160636819437e+01
9.415044884291342564e-01 -6.666116678382815776e-03 -3.369345021749107216e-01 -4.806954057233478572e+00 -2.971503283922551086e-02 9.942679569595451738e-01 -1.027046570391443037e-01 -9.172243115268920999e-01 3.356878260404855818e-01 1.067089160626874256e-01 9.359096607529150402e-01 1.952429213445071454e+01
9.392947139898848441e-01 -6.566365011507471414e-03 -3.430485689252033565e-01 -5.086073316106714870e+00 -3.021946136291256760e-02 9.943482074319560660e-01 -1.017763554330146925e-01 -1.009840653403371480e+00 3.417780360849557164e-01 1.059647363102738798e-01 9.337875835513852474e-01 2.024825410494389999e+01
9.370289452068948366e-01 -6.300722052668526578e-03 -3.491948656343429325e-01 -5.352762963615508518e+00 -3.074218909817954398e-02 9.944683337392539180e-01 -1.004372988297445729e-01 -1.092612969918278054e+00 3.478960696011056952e-01 1.048476714260830195e-01 9.316519162844143498e-01 2.096025547256397559e+01
9.345732715132006874e-01 -5.997121812454163196e-03 -3.557201597532588799e-01 -5.639283986343568422e+00 -3.113611079049090000e-02 9.946427230078029869e-01 -9.857178183075146483e-02 -1.178769528847690262e+00 3.544056213427584368e-01 1.031982955605752345e-01 9.293797770564075078e-01 2.168393324284742008e+01
9.315340609131380623e-01 -5.683683842535686322e-03 -3.636096620565278381e-01 -5.941761090405949908e+00 -3.107279790193794716e-02 9.949770676268174796e-01 -9.515837395201545701e-02 -1.263213962490814968e+00 3.623241316007574930e-01 9.994163665616392911e-02 9.266784208516626320e-01 2.239176591401738037e+01
9.278642029383076251e-01 -2.433287407267101677e-03 -3.729103070823385768e-01 -6.254640107292036788e+00 -3.343771469724395040e-02 9.954079201622482165e-01 -8.969387790606207778e-02 -1.336869811944918940e+00 3.714161304994456625e-01 9.569300753274749549e-02 9.235220133728434533e-01 2.318674958729404167e+01
9.245492418357400544e-01 -1.686888588793113489e-04 -3.810625512383484237e-01 -6.580070855903508154e+00 -3.464892407280055486e-02 9.958202373318111311e-01 -8.450743760639906066e-02 -1.423399411486368171e+00 3.794840621555182203e-01 9.133469526966665752e-02 9.206790010578635997e-01 2.391241445933289000e+01
9.210501085881145356e-01 3.626856470776252967e-03 -3.894271950524379466e-01 -6.907020815396716529e+00 -3.795257029876019511e-02 9.960328693701021585e-01 -8.048680379635311799e-02 -1.496403725596767487e+00 3.875903790360358259e-01 8.891214283728501866e-02 9.175338315435915826e-01 2.466601032552615536e+01
9.171798862153084375e-01 3.924076687356769892e-03 -3.984540810125452026e-01 -7.248272429464550193e+00 -3.831791304457497077e-02 9.961860024720142759e-01 -7.839123717273950576e-02 -1.572914024363742502e+00 3.966267716867904469e-01 8.716679525892731539e-02 9.138321273666957234e-01 2.539405499802429134e+01
9.130133498903799660e-01 4.749305778981063354e-03 -4.079020269683061861e-01 -7.594618844241527889e+00 -3.986818307199108125e-02 9.961840963702185414e-01 -7.763874141958904129e-02 -1.654815731756561936e+00 4.059767889620180537e-01 8.714752050246778181e-02 9.097187256808799694e-01 2.617547315066678237e+01
9.092747342315254944e-01 5.025856921696051499e-03 -4.161660665070259779e-01 -7.952483534655120145e+00 -4.060688475471225384e-02 9.962277215520013440e-01 -7.669033691721180435e-02 -1.719645522033482310e+00 4.142107446482607980e-01 8.663179363892199725e-02 9.060487817069496908e-01 2.692586537158075188e+01
9.054950676106213736e-01 4.774148446496937273e-03 -4.243299263243959785e-01 -8.344494021259938776e+00 -4.045921630961636650e-02 9.963527976051714807e-01 -7.512758864758001254e-02 -1.789803863356177471e+00 4.224236461692394418e-01 8.519571763636894779e-02 9.023857027138943998e-01 2.771681401983272508e+01
9.015892208183782230e-01 6.346808572427737813e-03 -4.325466346274240981e-01 -8.740207764818288538e+00 -4.181427012548372124e-02 9.964889566231854845e-01 -7.253499985752345780e-02 -1.864647161225647665e+00 4.305675862434173995e-01 8.348339620051545285e-02 8.986890897137157497e-01 2.849673011996974026e+01
8.978820462918172263e-01 6.239558324131607055e-03 -4.401918842260826858e-01 -9.134707448673752950e+00 -4.045528545481973798e-02 9.968381647077901864e-01 -6.838891228802798650e-02 -1.936837606994874283e+00 4.383733608952800620e-01 7.921326516883828162e-02 8.952955148640766581e-01 2.927866831798215586e+01
8.938003723512139009e-01 7.608832074147026461e-03 -4.484004861758745242e-01 -9.529126005131862698e+00 -3.998906085760148971e-02 9.972253732114635394e-01 -6.278877369591641389e-02 -1.993634101846941675e+00 4.466786005996945530e-01 7.405174391222538177e-02 8.916246805574319367e-01 3.007286038986401167e+01
8.901350139135226769e-01 7.615653329009612962e-03 -4.556332457724189267e-01 -9.950298347195792203e+00 -3.844780727424711164e-02 9.975503255146831449e-01 -5.843897884433406353e-02 -2.066296508995032699e+00 4.540720494243173921e-01 6.953668069301237320e-02 8.882472786781944185e-01 3.088195837177333658e+01
8.862855095506252390e-01 6.485270429061026735e-03 -4.630938701041620864e-01 -1.037765425921355167e+01 -3.677525033821087835e-02 9.977302075528646785e-01 -5.640934287398714081e-02 -2.130036267921653348e+00 4.616769212189885119e-01 6.702517639186721110e-02 8.845123234749189267e-01 3.169678487253433019e+01
8.831608033369471311e-01 6.637330856031667739e-03 -4.690233862901936890e-01 -1.083935030204585814e+01 -3.692975835229071746e-02 9.977800573995572186e-01 -5.541795800394292565e-02 -2.193797693682367100e+00 4.676143620020280500e-01 6.626388881126434038e-02 8.814453527160497348e-01 3.251038546704364762e+01
8.801468241480114862e-01 6.111448156624225969e-03 -4.746622100464227834e-01 -1.128752573258012504e+01 -3.584513475171674513e-02 9.979179712694143944e-01 -5.361761833888586959e-02 -2.247414249643561845e+00 4.733462765246625459e-01 6.420570754042177752e-02 8.785333995089479320e-01 3.334086015153781091e+01
8.773662098151338018e-01 5.198349916975100564e-03 -4.797931913309848584e-01 -1.177061307540257395e+01 -3.453925851997514951e-02 9.980315079619080931e-01 -5.234643061373380618e-02 -2.308905213196830619e+00 4.785766154146495754e-01 6.249869063724746571e-02 8.758186692291143327e-01 3.417300902934194085e+01
8.746307891728003492e-01 4.275065728166016835e-03 -4.847707723995827722e-01 -1.224537021241695633e+01 -3.363844019296689802e-02 9.980861556488541675e-01 -5.188912509765083308e-02 -2.377101573945587187e+00 4.836211754870216595e-01 6.169075919797351037e-02 8.731006891884243171e-01 3.501941742389524137e+01
8.725552895589758773e-01 4.130956812907032351e-03 -4.884978987893900393e-01 -1.271873964907889487e+01 -3.397035867123528174e-02 9.980567220346825419e-01 -5.223786360131270345e-02 -2.435922496332821208e+00 4.873328276039656237e-01 6.217487316360763294e-02 8.710000028489828239e-01 3.585801423984375447e+01
8.710093696800353946e-01 3.970613243694545887e-03 -4.912503510171888910e-01 -1.321926275624402614e+01 -3.421388295216452879e-02 9.980295922072892623e-01 -5.259603932553136296e-02 -2.490992048890244170e+00 4.900735573899943076e-01 6.261922520333396136e-02 8.694289768041725264e-01 3.670741805033794236e+01
8.704219345007788711e-01 3.915681900786483448e-03 -4.922908881658616953e-01 -1.370987801796113992e+01 -3.377403792149846762e-02 9.980873861462795649e-01 -5.177725406489926130e-02 -2.551329323853484876e+00 4.911465909789292095e-01 6.169470889506625116e-02 8.688894025178544034e-01 3.760090620953148033e+01
8.702358122160600562e-01 4.213694443288784619e-03 -4.926173678479546791e-01 -1.422114432731514810e+01 -3.340122373563762098e-02 9.981670351955382881e-01 -5.046709980005167906e-02 -2.610671561391687767e+00 4.915017730625423908e-01 6.037230061500166445e-02 8.687814438308735232e-01 3.848893052264561021e+01
8.700006875477723778e-01 2.957502025532092373e-03 -4.930416331631615190e-01 -1.473323813703026097e+01 -3.164600174452168041e-02 9.982550723117566971e-01 -4.985319682703043959e-02 -2.673240690145294973e+00 4.920338786960308797e-01 5.897511199751780120e-02 8.685761930537559961e-01 3.937112244407470740e+01
8.695592021965408147e-01 1.507139502178393925e-03 -4.938264042940979093e-01 -1.525329749769480614e+01 -3.029773706706020975e-02 9.982743195995329444e-01 -5.030337970337022541e-02 -2.735971685856313673e+00 4.928984120122990586e-01 5.870358937284494982e-02 8.681042845219811843e-01 4.025638245857121689e+01
8.683353924781792577e-01 -6.545195877689613225e-04 -4.959770286119224436e-01 -1.580995509839337920e+01 -2.822879459429292540e-02 9.983129113757773787e-01 -5.073919770555804232e-02 -2.795430897464975306e+00 4.951734897239966071e-01 5.805947490760447749e-02 8.668519581010040165e-01 4.119207241770418193e+01
8.668181209512021423e-01 -1.400432243994122064e-03 -4.986224815131934940e-01 -1.632873696474169023e+01 -2.669063581077181155e-02 9.984320646679065714e-01 -4.920388448109928869e-02 -2.861280944831700701e+00 4.979095889791062546e-01 5.595936981913926522e-02 8.654216284545085403e-01 4.210735967131196844e+01
8.648091022526310789e-01 -1.096761394298333050e-03 -5.020996004799652690e-01 -1.687170507482209558e+01 -2.512500652409759699e-02 9.986503163403438466e-01 -4.545635009786588854e-02 -2.928427268515903403e+00 5.014717882550040473e-01 5.192632108586079515e-02 8.636143280958193946e-01 4.303648790399776658e+01
8.619422097914705150e-01 -1.228545340676185553e-03 -5.070050419802557551e-01 -1.741413942014643368e+01 -2.274876954334454152e-02 9.988962428412361261e-01 -4.109488487158964587e-02 -2.986247838859549031e+00 5.064959271883821001e-01 4.695515671296499743e-02 8.609628877145057979e-01 4.393714761723950346e+01
8.580099410745513078e-01 -2.528937039051789779e-03 -5.136268492900553095e-01 -1.795852995621258685e+01 -2.041624179521884033e-02 9.990296779131484506e-01 -3.902409199668324669e-02 -3.045625499785951984e+00 5.132271641284872343e-01 4.396938876814410896e-02 8.571257644001839537e-01 4.483221744853528890e+01
8.528873137545174288e-01 -4.848377737275341541e-03 -5.220725217172542676e-01 -1.852598974246142660e+01 -1.927870978790551318e-02 9.989824645168942086e-01 -4.077213472115381876e-02 -3.114994267298235364e+00 5.217389821016104046e-01 4.483892104103584519e-02 8.519260009062434857e-01 4.574429469853666319e+01
8.469677735865899226e-01 -7.778682110843425021e-03 -5.315873184115872396e-01 -1.909037398411323494e+01 -1.844215056639686434e-02 9.988613043806744418e-01 -4.399979230484531156e-02 -3.171393792204942219e+00 5.313242718116695240e-01 4.707001945460732167e-02 8.458598802031385144e-01 4.662977628160130195e+01
8.407505157899078929e-01 -8.050149485732715701e-03 -5.413628723782508700e-01 -1.967359777016471867e+01 -1.863648875176253730e-02 9.988666426955903344e-01 -4.379624900647285241e-02 -3.232502901845855980e+00 5.411018904869141499e-01 4.691082197645592838e-02 8.396476192818154161e-01 4.753006917634713346e+01
8.352557697401080672e-01 -5.360759087252137470e-03 -5.498354803991339912e-01 -2.028214571591497517e+01 -1.914210885155813099e-02 9.990628772304810390e-01 -3.881941579143406706e-02 -3.280645666590761511e+00 5.495283280595890663e-01 4.294915154136649121e-02 8.343704170692484157e-01 4.839111850314692731e+01
8.298718968731896295e-01 -1.179670529604376914e-03 -5.579527194293816272e-01 -2.087185082783625845e+01 -2.135488367975389365e-02 9.991979114617988156e-01 -3.387480943393037652e-02 -3.343721881203283619e+00 5.575451626767334856e-01 4.002676765410050769e-02 8.291810751850594574e-01 4.927614021832709312e+01
8.259707893737343598e-01 -1.181552914986941675e-03 -5.637116753089892462e-01 -2.149964507274227543e+01 -2.256442749490832067e-02 9.991270556938293135e-01 -3.515641101431664362e-02 -3.392912435664886761e+00 5.632611352829028917e-01 4.175799966434860094e-02 8.252231025942130538e-01 5.016714040259945762e+01
8.223123905846442261e-01 -2.691395844737617601e-03 -5.690299486138740148e-01 -2.212088336666349164e+01 -2.403173432399565226e-02 9.989323861423633488e-01 -3.945331045347675453e-02 -3.444562713029695633e+00 5.685286386293024741e-01 4.611772250136556700e-02 8.213698003609776199e-01 5.103784917977571922e+01
8.195125331928078127e-01 -5.180005949432295483e-03 -5.730378426771418621e-01 -2.272132554402837457e+01 -2.589817786734578339e-02 9.986027011423018740e-01 -4.606440816518337505e-02 -3.522020143097773559e+00 5.724757613225892605e-01 5.259099577613783605e-02 8.182332773448141028e-01 5.188512442034412686e+01
8.162230056619030893e-01 -6.064058026987773770e-03 -5.777051374150211638e-01 -2.335904713237263408e+01 -2.646350592976361854e-02 9.985029228081644392e-01 -4.787061774011318327e-02 -3.576458292959395546e+00 5.771305683728676916e-01 5.436120281358260836e-02 8.148405813812269471e-01 5.275917600913990668e+01
8.130312243186716969e-01 -4.700048545059566998e-03 -5.822011089813577955e-01 -2.397725359517770016e+01 -2.587869460995873352e-02 9.986874061761644716e-01 -4.420133433069416140e-02 -3.640053123787061029e+00 5.816446738389676741e-01 5.100366962187150022e-02 8.118424142412692390e-01 5.360959032297195392e+01
8.099170173148740881e-01 -3.187215404510798308e-03 -5.865358131454476709e-01 -2.462862645651609839e+01 -2.416193122554025074e-02 9.989551353328899319e-01 -3.879225072803749869e-02 -3.699974239776962381e+00 5.860466119593668033e-01 4.559034188212032074e-02 8.089937551752320877e-01 5.449573403524379245e+01
8.068174689688802914e-01 -1.266088322569872788e-03 -5.907994262655332784e-01 -2.527647812119606385e+01 -2.467411380036683630e-02 9.990530054756679990e-01 -3.583685820123419519e-02 -3.755040017208234548e+00 5.902853252489119740e-01 4.349125538134453184e-02 8.060221784572267900e-01 5.535560296136936387e+01
8.039053881756392794e-01 -7.761702511894397628e-04 -5.947566877527628026e-01 -2.590467392906232291e+01 -2.568165375439105183e-02 9.990211546058015424e-01 -3.601645957494669509e-02 -3.810187221465890950e+00 5.942024780571361076e-01 4.422816111615421319e-02 8.030985565797872372e-01 5.619113429586365527e+01
8.001741337584351577e-01 -1.412291003551795340e-03 -5.997660829002445793e-01 -2.657087097309454293e+01 -2.633515824161290417e-02 9.989500353671298960e-01 -3.748714887885805369e-02 -3.861959796959817837e+00 5.991893028174699598e-01 4.579118147080400714e-02 7.992967871438696470e-01 5.706219878876210316e+01
7.962233023132129217e-01 -4.035427647648304195e-03 -6.049893893024212987e-01 -2.723303476330584516e+01 -2.526262547970515443e-02 9.988838407598131797e-01 -3.991080642935970757e-02 -3.929901376906693944e+00 6.044751923965798746e-01 4.706153435181805594e-02 7.952326456598414195e-01 5.792640162995834174e+01
7.920522554474145327e-01 -4.844770128762669777e-03 -6.104340633666588412e-01 -2.787927014370696810e+01 -2.504209833191945941e-02 9.988689058320961989e-01 -4.042032062229366368e-02 -3.979606606837216010e+00 6.099394426335745800e-01 4.730155585044220484e-02 7.910350473982941111e-01 5.875153396649034221e+01
7.875933450005805359e-01 -5.368871640678387833e-03 -6.161719653470024705e-01 -2.856849132313475792e+01 -2.408807962815165751e-02 9.989294442791692985e-01 -3.949341484957675369e-02 -4.037858148125732072e+00 6.157243646149480609e-01 4.594714995149128123e-02 7.866208574877898707e-01 5.961026635524986972e+01
7.827899658172543518e-01 -5.071151527022336666e-03 -6.222653336446363204e-01 -2.925456299138235750e+01 -2.448531643307580788e-02 9.989414104850592446e-01 -3.894262116257277834e-02 -4.098406623284358119e+00 6.218041047406399624e-01 4.572025655959629370e-02 7.818371446818311865e-01 6.044648476882463939e+01
7.772223604428194488e-01 -5.838595620522079276e-03 -6.291989396801767054e-01 -2.994815475499356694e+01 -2.446000450408904528e-02 9.989207870484435592e-01 -3.948378689513019901e-02 -4.157207575698070201e+00 6.287504407414786778e-01 4.607789081767417472e-02 7.762407608042769525e-01 6.129125047773680279e+01
7.718516386660274620e-01 -6.970168890743414468e-03 -6.357644665716200016e-01 -3.064475781076493632e+01 -2.426323097663432571e-02 9.988886228075725127e-01 -4.040810429431935386e-02 -4.216947449861452313e+00 6.353395547096476470e-01 4.661476148359542521e-02 7.708247024244787582e-01 6.212600776282651793e+01
7.666254616187186954e-01 -8.111536334052487848e-03 -6.420432981951577078e-01 -3.133183757622956023e+01 -2.380236086965303519e-02 9.988739208189546526e-01 -4.104068673787295701e-02 -4.276933649633238410e+00 6.416532206890518397e-01 4.674498155933586030e-02 7.655691078238067160e-01 6.292912677554328127e+01
7.608587609782440087e-01 -9.526460197071297265e-03 -6.488475818150464258e-01 -3.205086756690631233e+01 -2.335679889566092543e-02 9.988422890883018601e-01 -4.205403090972817393e-02 -4.331054581759930855e+00 6.484970411229483700e-01 4.715218019970000146e-02 7.597553997749278976e-01 6.377678962445334321e+01
7.546762544852105847e-01 -1.138555172092487258e-02 -6.559985609702536635e-01 -3.277372229689218841e+01 -2.241567502811980458e-02 9.988182707683852524e-01 -4.312307423095846498e-02 -4.400201814121499133e+00 6.557143395936357866e-01 4.724861056549084504e-02 7.535292175789939373e-01 6.457544448537781534e+01
7.484345097111880785e-01 -1.225659378640654891e-02 -6.630954322614173169e-01 -3.352016868068251654e+01 -2.177450214440890264e-02 9.988360705288263919e-01 -4.303922982968160643e-02 -4.464008427892658837e+00 6.628511617334664763e-01 4.665061763817881374e-02 7.472965044219784803e-01 6.542142887783769822e+01
7.421505646324589867e-01 -1.228956776714239425e-02 -6.701205096696259966e-01 -3.426845439882328037e+01 -2.119385859991372231e-02 9.989015570690517043e-01 -4.179114355305734579e-02 -4.519369859274000589e+00 6.698980271780605733e-01 4.521775994290339051e-02 7.410748921612628770e-01 6.623501931516599939e+01
7.360354081438266194e-01 -1.320197994982721598e-02 -6.768142855078532749e-01 -3.501244833492519604e+01 -1.975339269124140595e-02 9.989651907122156782e-01 -4.096768551554325760e-02 -4.586213728983505433e+00 6.766547780350242736e-01 4.352304530080283035e-02 7.350129689145341594e-01 6.704610875515362522e+01
7.294979340107566879e-01 -1.444728412308154790e-02 -6.838304113402886575e-01 -3.579973736245384686e+01 -1.909215945064020314e-02 9.989572319069146555e-01 -4.147213884841594728e-02 -4.646571025208274364e+00 6.837165063750794136e-01 4.330963866348349484e-02 7.284614079403897158e-01 6.786136862912530887e+01
7.230197211073866592e-01 -1.655977024637170572e-02 -6.906288786003850211e-01 -3.657865206663112900e+01 -1.815191136309246903e-02 9.989120974638184824e-01 -4.295497274701724766e-02 -4.713555238598847730e+00 6.905888780859031906e-01 4.359352640733710899e-02 7.219325555980903308e-01 6.865861492943693634e+01
7.172623283807640915e-01 -1.551751574222372428e-02 -6.966304256224092883e-01 -3.737105523159122811e+01 -2.021592320332086037e-02 9.988677401100111153e-01 -4.306453587899311541e-02 -4.771029147652493307e+00 6.965099255622461127e-01 4.497159627021049544e-02 7.161365010781132190e-01 6.943124033295160302e+01
7.117037731072748397e-01 -1.562362019415341682e-02 -7.023059394672463984e-01 -3.817944233301373913e+01 -1.964120870081988504e-02 9.989192204917609619e-01 -4.212616628712517047e-02 -4.838996213910234268e+00 7.022050769369557743e-01 4.377548881591765417e-02 7.106277124456026328e-01 7.025522038678522563e+01
7.069011787797485624e-01 -1.546100871672161266e-02 -7.071433173727347254e-01 -3.897867546076687262e+01 -2.021310413544636850e-02 9.989111719452684612e-01 -4.204641505057888501e-02 -4.894521262054884581e+00 7.070234520781042420e-01 4.401622166752678506e-02 7.058189709490373387e-01 7.105513140833178909e+01
7.023205249200885625e-01 -1.549120456285161054e-02 -7.116922743721511013e-01 -3.981485467069525441e+01 -2.131312670021960967e-02 9.988574014910084342e-01 -4.277431651623044007e-02 -4.965428784586062960e+00 7.115417338031969630e-01 4.520966784339896377e-02 7.011878895199548101e-01 7.185080621835078318e+01
6.967426877579141475e-01 -1.809286632780000154e-02 -7.170929267929792017e-01 -4.063960001208065620e+01 -2.061572540447288021e-02 9.987638400998886112e-01 -4.523033946964281210e-02 -5.033715773610229149e+00 7.170248441275598461e-01 4.629729896523391425e-02 6.955084058199486607e-01 7.263632514483859381e+01
6.916654240064178394e-01 -2.013075923219422719e-02 -7.219374516261999331e-01 -4.146402219862515892e+01 -2.053422537988088686e-02 9.986591912448501418e-01 -4.752015743034757739e-02 -5.095377578716808742e+00 7.219261008711534977e-01 4.769247599673375609e-02 6.903246644069191973e-01 7.341229768610234885e+01
6.866002031119666782e-01 -2.022068444257542341e-02 -7.267539302821763858e-01 -4.233233088210387507e+01 -2.203408151312611155e-02 9.985752387195900859e-01 -4.860032821549493953e-02 -5.160813095308698806e+00 7.267012238563351767e-01 4.938235039254979669e-02 6.851764185284212605e-01 7.420814876935935445e+01
6.817620670099577840e-01 -2.045725488515230672e-02 -7.312878877489367158e-01 -4.319467667128499500e+01 -2.078505444405932129e-02 9.986637761114771639e-01 -4.731430890536574008e-02 -5.236140373626410494e+00 7.312786568959226408e-01 4.745695940701732257e-02 6.804258761101310560e-01 7.499579531743918892e+01
6.769885827969506220e-01 -2.029077225854672428e-02 -7.357137577013910246e-01 -4.404645472993119881e+01 -2.044114745954058246e-02 9.987159171691916137e-01 -4.635381662747500853e-02 -5.305011124788858723e+00 7.357096077259853706e-01 4.641983782920938023e-02 6.757045077367161978e-01 7.576868872652444509e+01
6.717457979008272240e-01 -2.137049610102732117e-02 -7.404734125721266214e-01 -4.491503408314105883e+01 -1.931853833995996264e-02 9.987384562994217063e-01 -4.634964956766124411e-02 -5.379750804940448994e+00 7.405298007856683240e-01 4.544004612375123625e-02 6.704855155030473579e-01 7.653369595157232652e+01
6.671272395808973688e-01 -2.203910254310794542e-02 -7.446176964658690611e-01 -4.579233802292648647e+01 -1.904348853206642295e-02 9.987310622472425070e-01 -4.662199991669582072e-02 -5.442312368100858500e+00 7.447003428460118313e-01 4.528292444924331139e-02 6.658609962802130022e-01 7.731563096987427741e+01
6.624844069959382464e-01 -2.291527612836148295e-02 -7.487251099197268500e-01 -4.668828199318553374e+01 -1.799734286841063111e-02 9.987565209018689494e-01 -4.649201687005428962e-02 -5.517495217113146388e+00 7.488594762223466095e-01 4.427529850926673755e-02 6.612482084435681307e-01 7.811145692893029491e+01
6.586901952902584068e-01 -2.335391882677506983e-02 -7.520517340154267982e-01 -4.757307826243152249e+01 -1.728025197380858927e-02 9.987850048255950686e-01 -4.615091605662131891e-02 -5.581900773875877242e+00 7.522158125167995868e-01 4.339479912644533116e-02 6.574863293264449071e-01 7.888160300314633844e+01
6.547235360293121031e-01 -2.563669548548658944e-02 -7.554335448334746905e-01 -4.849117219264415013e+01 -1.508546157605657190e-02 9.987824092324598668e-01 -4.696943556358083166e-02 -5.652897893425792297e+00 7.557178900842373981e-01 4.214805839381613461e-02 6.535396103635411347e-01 7.964779761479150011e+01
6.505468926885560332e-01 -3.057812610087976696e-02 -7.588502539879948827e-01 -4.939904108326753374e+01 -1.131677091162934697e-02 9.986878978771047688e-01 -4.994410215692494937e-02 -5.735572811129886261e+00 7.593817751211155986e-01 4.107871468008192362e-02 6.493472641380700905e-01 8.043163527584241024e+01
6.455680209185736818e-01 -3.449832222554763406e-02 -7.629231844603276969e-01 -5.030192204849994653e+01 -7.740389085865152959e-03 9.986323268661345676e-01 -5.170649974979254354e-02 -5.810098537144278374e+00 7.636635555920588958e-01 3.928538471843286140e-02 6.444180655057589746e-01 8.119249344620385500e+01
6.393130180262958095e-01 -3.826766293342345748e-02 -7.679937760690752624e-01 -5.122429888472269255e+01 -2.437860019984191846e-03 9.986549981895371797e-01 -5.179045684815676565e-02 -5.884353159314254178e+00 7.689427360765542785e-01 3.498257426966955297e-02 6.383598507240989539e-01 8.195175686953331251e+01
6.309229881969791176e-01 -4.209971171198421958e-02 -7.747023855572422457e-01 -5.215255941357781921e+01 2.595754657113490821e-03 9.986356317546514205e-01 -5.215493292849415069e-02 -5.972063101544173414e+00 7.758411272682210758e-01 3.089480844170767321e-02 6.301714585093326493e-01 8.272038650088386191e+01
6.218784456445616282e-01 -4.291075009033561843e-02 -7.819372450056968349e-01 -5.309115124101422367e+01 4.697630967990304614e-03 9.986840675436445824e-01 -5.106922239169905259e-02 -6.049126693929426146e+00 7.830997005788964405e-01 2.808559562747610719e-02 6.212616755730709928e-01 8.346164859497368127e+01
6.130156143335828700e-01 -4.254297068065088228e-02 -7.889245469621254392e-01 -5.404676821375265661e+01 7.030685801705296827e-03 9.988033994865782583e-01 -4.839771282597594981e-02 -6.114646610755268163e+00 7.900395155795266744e-01 2.412187261064335092e-02 6.125811868956964057e-01 8.419698406026212467e+01
6.040282687201689038e-01 -4.207788380777498921e-02 -7.958512993422843795e-01 -5.504557135812548552e+01 6.239820923357131295e-03 9.988243088099474365e-01 -4.807353474003046162e-02 -6.200390388420277787e+00 7.969384703670654435e-01 2.407180392577260714e-02 6.035806775766670018e-01 8.494155423202411725e+01
5.947956458163451421e-01 -4.286188229471115524e-02 -8.027334470178659753e-01 -5.603073797504402620e+01 4.396810663957333686e-03 9.987360552564839011e-01 -5.006955128525536480e-02 -6.265109999692839438e+00 8.038649254054290871e-01 2.625168368244558056e-02 5.942323136875370393e-01 8.565288247877130345e+01
5.845837427855720136e-01 -4.500018663570794913e-02 -8.100844516903270565e-01 -5.701872151762555063e+01 5.578035022620351190e-03 9.986599802124974667e-01 -5.145026164447754485e-02 -6.359803846069325139e+00 8.113142078963709869e-01 2.555830663607725969e-02 5.840514027502222705e-01 8.636359741995390493e+01
5.747016825427699871e-01 -4.630471564380346516e-02 -8.170519182996485164e-01 -5.801913703225385177e+01 5.196759777136611587e-03 9.985843124067917964e-01 -5.293736561703465265e-02 -6.422505530711902999e+00 8.183464918432554747e-01 2.617717010523341187e-02 5.741287201247127214e-01 8.705786843031414435e+01
5.645307366723897324e-01 -4.760634854692275680e-02 -8.240380273643068687e-01 -5.905428192168843538e+01 8.486936112912669278e-03 9.986173700919280805e-01 -5.187793400421995132e-02 -6.501292680589641826e+00 8.253684210215672667e-01 2.229312972795891371e-02 5.641542327808481971e-01 8.775467309233054891e+01
5.542488544779046178e-01 -4.743973328545675328e-02 -8.309979942419098986e-01 -6.008781673380813970e+01 9.667184149756974723e-03 9.986740211539165690e-01 -5.056426596141105900e-02 -6.586965519626017063e+00 8.322948781648301653e-01 1.999177534197989908e-02 5.539725420195380501e-01 8.845275033145365740e+01
5.438232719627118517e-01 -4.797319493841818716e-02 -8.378274337034857799e-01 -6.113612901987137604e+01 1.034320797205747801e-02 9.986720492849087139e-01 -5.046935698168628082e-02 -6.669075194610122104e+00 8.391360309777949888e-01 1.878058693391592912e-02 5.435972993623453542e-01 8.913453920099945549e+01
5.335238435224495257e-01 -4.889532855315799342e-02 -8.443705005987508505e-01 -6.218177006523239925e+01 9.392645435794877429e-03 9.986085300579726765e-01 -5.189202131352763092e-02 -6.746768498076916032e+00 8.457328764849475489e-01 1.975475741312507708e-02 5.332407187945612526e-01 8.976726000897367896e+01
5.234928372363315541e-01 -4.964743113500470068e-02 -8.505823703855300844e-01 -6.326525668115043999e+01 8.469208851574983044e-03 9.985547731951460726e-01 -5.307200203672012007e-02 -6.824945882176373324e+00 8.519879892441392100e-01 2.057905266947567327e-02 5.231567470067393089e-01 9.042343327378615925e+01
5.137193723711913629e-01 -4.997011477185553385e-02 -8.565018276562033073e-01 -6.431876707983582264e+01 6.660947185869908402e-03 9.985046401930539606e-01 -5.425970205791946777e-02 -6.918659668805914542e+00 8.579324276227793256e-01 2.216914614372079637e-02 5.132840265608074048e-01 9.105988951671285747e+01
