1.000000000000000000e+00 4.398956837314658088e-19 2.733407509747682871e-20 -8.673617379884035472e-19 -5.583667658079949532e-19 1.000000000000000000e+00 -6.100159232558060012e-19 0.000000000000000000e+00 4.145284534913582806e-20 -2.210423569125054137e-19 1.000000000000000222e+00 0.000000000000000000e+00
9.999410282767475788e-01 -1.454268309251038937e-03 1.076220647959470408e-02 7.098527412803212755e-02 1.450314654660087932e-03 9.999988779187709564e-01 3.751611057037615481e-04 -7.659638257049405929e-03 -1.076274017430168053e-02 -3.595303883521981593e-04 9.999420153932939703e-01 2.917080114374018263e-01
9.998497656739255834e-01 -3.094387214804129437e-03 1.705493694299750271e-02 8.291507953350632509e-02 3.083832983487324025e-03 9.999950368927772448e-01 6.451032299241979059e-04 -8.300128084855501465e-03 -1.705684879116572614e-02 -5.924117236746478119e-04 9.998543458618672775e-01 5.595154258861185781e-01
9.997793301422510659e-01 -6.392032884202637072e-03 2.001082128751574540e-02 8.012615376421630686e-02 6.413078800781873111e-03 9.999789481791406809e-01 -9.877284503354317059e-04 -9.706050665297602520e-03 -2.000408677726822973e-02 1.115841495494961913e-03 9.997992755491600381e-01 9.290934913925378291e-01
9.998228971823500677e-01 -7.078551224089976376e-03 1.743755758107370588e-02 8.314634452471947323e-02 7.112563652203741232e-03 9.999729206599252684e-01 -1.889278366900298649e-03 -1.833585859018589670e-02 -1.742371233261306648e-02 2.012969548217780069e-03 9.998461692593613170e-01 1.194358099889428981e+00
9.998883584654867374e-01 -1.070665401534224084e-02 1.042296486834795588e-02 9.362168253448271971e-02 1.074592136341538835e-02 9.999353461516443664e-01 -3.718692283054985705e-03 -2.303708047553973404e-02 -1.038247641404333073e-02 3.830281535717633065e-03 9.999387646818973518e-01 1.535580387039031214e+00
9.999353489999571742e-01 -1.132610581291196468e-02 -1.008546442852639247e-03 6.638808805348123121e-02 1.132097442124029713e-02 9.999236333830846535e-01 -4.956099369061024197e-03 -2.925376318510046481e-02 1.064602744532407511e-03 4.944361276201503057e-03 9.999872098748343596e-01 1.861823967987949136e+00
9.997942077252371940e-01 -1.115154383453038391e-02 -1.694654123965978060e-02 2.646765637695678783e-02 1.106533875322366842e-02 9.999254006637773307e-01 -5.172172362069945260e-03 -3.726322300341530780e-02 1.700295503673956640e-02 4.983588787351517051e-03 9.998430193739011873e-01 2.161076695878657361e+00
9.993448977020766844e-01 -6.553666543949929896e-03 -3.559248279473800625e-02 1.397817221648099857e-02 6.351073205281753883e-03 9.999629990047469441e-01 -5.802109961828084798e-03 -4.044949681944176589e-02 3.562919154382436504e-02 5.572258545386033282e-03 9.993495438110554518e-01 2.526831290987076706e+00
9.984357182806292696e-01 -3.689082927680088341e-03 -5.578984677468855347e-02 -5.290601881812141000e-02 3.327892588235689154e-03 9.999729083658078777e-01 -6.565642408439189594e-03 -6.010960270256687776e-02 5.581255749672210664e-02 6.369709286119455693e-03 9.984209459741177906e-01 2.868222888212671240e+00
9.971630237254168749e-01 -3.194452113545580025e-03 -7.520438413418251145e-02 -9.969012378187368240e-02 2.698573777283866729e-03 9.999739507718873321e-01 -6.694435993314779704e-03 -5.833503388127192490e-02 7.522381147000981039e-02 6.472499450696437250e-03 9.971456689672900664e-01 3.222037235465249339e+00
9.953475799020631287e-01 -3.674129679624661172e-03 -9.627925875133956646e-02 -1.364656466208107044e-01 3.074625179310200036e-03 9.999749569032791996e-01 -6.374342446039601810e-03 -6.874552369848047073e-02 9.630026944346767315e-02 6.048663663489471827e-03 9.953339500218857383e-01 3.604753539352562264e+00
9.932796280506579478e-01 -4.335862969457890057e-03 -1.156580321751309731e-01 -2.022411560118088369e-01 3.684949092893719923e-03 9.999761508306563851e-01 -5.841139808638195867e-03 -7.636220483720912444e-02 1.156806022073393059e-01 5.375691161890770037e-03 9.932719167521728565e-01 3.997509267282408185e+00
9.911292537535910663e-01 -4.230082569301172636e-03 -1.328341382039940621e-01 -2.853207694413218420e-01 3.573140739518896030e-03 9.999801814575455250e-01 -5.183565539245688254e-03 -8.205413184627642631e-02 1.328534348316250113e-01 4.662948297716689068e-03 9.911247258822731832e-01 4.413586419688713569e+00
9.888456452592701007e-01 -3.176122219077458404e-03 -1.489100450417381871e-01 -3.626003373521017314e-01 2.524045298600656722e-03 9.999863822120070855e-01 -4.567776483886122965e-03 -9.038395603395910083e-02 1.489225276077078830e-01 4.140970089179238540e-03 9.888401962534758560e-01 4.826761359889566450e+00
9.867103867015345475e-01 -2.868292937838069507e-03 -1.624634881869537195e-01 -4.669217252701671206e-01 2.176229424708471093e-03 9.999877857408007165e-01 -4.437611007284724199e-03 -9.210623961661583425e-02 1.624742349938394781e-01 4.025078939673465417e-03 9.867045770558702245e-01 5.212830148360681370e+00
9.845801513066203547e-01 -3.547443695060499124e-03 -1.748980861273809750e-01 -5.238937488125164910e-01 2.641450667359282467e-03 9.999818628940321252e-01 -5.412634974887895606e-03 -1.029630617220898409e-01 1.749141180244658533e-01 4.867188183229801714e-03 9.845716645141359136e-01 5.674984552093429002e+00
9.828231001883109830e-01 -6.780304416677651602e-03 -1.844255415512776886e-01 -6.360077057910737963e-01 5.553008972117091588e-03 9.999588740626383920e-01 -7.170374166780908720e-03 -1.189739612090833371e-01 1.844665773866723257e-01 6.023092572429296528e-03 9.828203320159427658e-01 6.117040930481413064e+00
9.811973244672536065e-01 -5.830518204908092909e-03 -1.929191919317371218e-01 -7.303413384147502407e-01 4.192579661362516065e-03 9.999516276837718820e-01 -8.897446927945784276e-03 -1.186538067870730045e-01 1.929617400440804820e-01 7.921321940247208482e-03 9.811743068612087670e-01 6.545679582271532126e+00
9.795900327204485336e-01 -6.060961305722494322e-03 -2.009144882229859930e-01 -8.350338259870084823e-01 3.994558066070063099e-03 9.999348942642198868e-01 -1.068881342982918453e-02 -1.179876366079200128e-01 2.009661954931628303e-01 9.668090417263538669e-03 9.795504669325145741e-01 7.021921354679923510e+00
9.781617999735175983e-01 -6.702334062932655510e-03 -2.077367824184748191e-01 -9.407825028158653957e-01 4.004917307040461831e-03 9.999021601552763316e-01 -1.340263959038245564e-02 -1.441411652576881641e-01 2.078062900389600620e-01 1.227798135848238298e-02 9.780929393576498487e-01 7.521547630285329689e+00
9.763337513904563059e-01 -1.040979127824183045e-02 -2.160186127505636378e-01 -1.059560527997436941e+00 7.274056135364441976e-03 9.998563962771626068e-01 -1.530604190728035094e-02 -1.497117530883530501e-01 2.161469281060336700e-01 1.337247373154996054e-02 9.762692679355661207e-01 8.021530862934062256e+00
9.744815996973557048e-01 -1.582638909567228233e-02 -2.239087673824733393e-01 -1.172255666432367116e+00 1.248826038155372194e-02 9.997888808790521553e-01 -1.631677057868861566e-02 -1.683598107230713237e-01 2.241197353900915012e-01 1.310416163347906914e-02 9.744735123780601249e-01 8.536333969538077326e+00
9.724742134811853456e-01 -1.671143835291487995e-02 -2.324104789304178575e-01 -1.309017704509169544e+00 1.272866279231198335e-02 9.997454933257226006e-01 -1.862604887227236813e-02 -1.822704330084319313e-01 2.326626009956706542e-01 1.515507755024520647e-02 9.724394268898556293e-01 9.033208524462605027e+00
9.703660379062827301e-01 -1.300281614410297992e-02 -2.412896142290711921e-01 -1.458330306748045535e+00 7.829661536846055370e-03 9.997187410204281255e-01 -2.238605008972311544e-02 -1.845913803377146056e-01 2.415128352160276770e-01 1.983344668922985832e-02 9.701949217286400806e-01 9.562789074566353520e+00
9.682135557586167840e-01 -9.977860129839873082e-03 -2.499258917112734957e-01 -1.600218565421517969e+00 3.715499281006130403e-03 9.996675053744787931e-01 -2.551614696518437683e-02 -2.059103240564169046e-01 2.500973935495783285e-01 2.377647990893167265e-02 9.679287030330117059e-01 1.010475378641691258e+01
9.659412041859928300e-01 -1.263491408556133462e-02 -2.584529889848096174e-01 -1.765682740886572732e+00 5.688941219782409596e-03 9.996027085527737777e-01 -2.760545218028986197e-02 -2.226594675177742677e-01 2.586991047957875045e-01 2.519491986336412984e-02 9.656293236481572340e-01 1.068037967713023484e+01
9.636520613533551272e-01 -1.427110447988548872e-02 -2.667790071501270344e-01 -1.927935701993353845e+00 6.696097329405432431e-03 9.995487468770651862e-01 -2.928250131095126718e-02 -2.592811272891111796e-01 2.670765205260751118e-01 2.643176456221216566e-02 9.633127714248250761e-01 1.123113425254792297e+01
9.615528713839481822e-01 -1.436157164352181576e-02 -2.742440867980540098e-01 -2.095534763190320504e+00 5.764322368492126245e-03 9.994671045283879396e-01 -3.212910736219292546e-02 -2.815963083947034540e-01 2.745593725704622567e-01 2.931300414465665485e-02 9.611232493206193217e-01 1.180574975301379581e+01
9.591726272793319463e-01 -1.399994423971030223e-02 -2.824745491185044477e-01 -2.283465742457825520e+00 4.085141499670542388e-03 9.993556903241176403e-01 -3.565832054265547640e-02 -3.018840040131888780e-01 2.827917673985686497e-01 3.304853655227027454e-02 9.586118152176118512e-01 1.239733680937519367e+01
9.570090265429862519e-01 -1.507557560157664345e-02 -2.896660979772023303e-01 -2.481661954070398579e+00 3.407320991196366878e-03 9.991638119224072190e-01 -4.074392096075248049e-02 -3.316870746387847735e-01 2.900381256869929425e-01 3.800531485616032157e-02 9.562601547287956638e-01 1.298898208490241757e+01
9.551768665649347234e-01 -1.617969698695905650e-02 -2.955932494166226832e-01 -2.686479078336006854e+00 2.113007423707292422e-03 9.988525087199818797e-01 -4.784559549667478928e-02 -3.701270650355567571e-01 2.960281910612541645e-01 4.507641541148851155e-02 9.541149976651516207e-01 1.359894080922221171e+01
9.536936752766764780e-01 -1.733743388694379203e-02 -3.002795117671850922e-01 -2.894205611809896883e+00 6.270974760653056290e-04 9.984497803723000331e-01 -5.565647136929059019e-02 -4.196207666088746513e-01 3.007789581250532307e-01 5.289092043401763532e-02 9.522261132940917916e-01 1.421923249326561312e+01
9.523923310729361935e-01 -1.660621363198394942e-02 -3.044225343112061943e-01 -3.082732162847519941e+00 -3.258854082904947928e-03 9.979039142538399521e-01 -6.463093507378260549e-02 -4.509368116287461037e-01 3.048577189102288365e-01 6.254607584265432785e-02 9.503419182703491952e-01 1.483365830437396937e+01
9.510862389587291243e-01 -1.488299852896367292e-02 -3.085667843122751886e-01 -3.306749633569573632e+00 -8.182515253244324396e-03 9.972747560792469823e-01 -7.332194292073933306e-02 -4.956571875812302297e-01 3.088171202053289766e-01 7.226034373890379003e-02 9.483725170235943747e-01 1.548003598746980813e+01
9.498188551555806214e-01 -1.471150688983220364e-02 -3.124543356587167753e-01 -3.554606256483764160e+00 -1.101118740825124571e-02 9.967017832044632319e-01 -8.040092716437638454e-02 -5.546291685137401117e-01 3.126066176503805583e-01 7.980681029903051449e-02 9.465241559173955821e-01 1.613568625701282855e+01
9.481898802850722285e-01 -1.373575692539022799e-02 -3.174071167463772269e-01 -3.788605158601250356e+00 -1.466079724723337412e-02 9.961089223135785042e-01 -8.690268057270864044e-02 -6.286054461732797360e-01 3.173657405037456636e-01 8.705368419367998101e-02 9.442990230794847673e-01 1.680738007502612774e+01
9.466031518601382144e-01 -1.217185193745772172e-02 -3.221712536876977229e-01 -4.027959120447329511e+00 -1.874460235325083393e-02 9.955188625267916702e-01 -9.268675318656226236e-02 -6.881554694849557618e-01 3.218557349273852286e-01 9.377654532035208101e-02 9.421331369121931365e-01 1.744584161572634429e+01
9.448922595062170249e-01 -1.059916132857479341e-02 -3.272098308933235056e-01 -4.265594539075799219e+00 -2.283982187123228397e-02 9.949062775857671070e-01 -9.818269368232381000e-02 -7.625755510655423119e-01 3.265837746096237892e-01 1.002454821624151199e-01 9.398371581063875713e-01 1.813805063829815722e+01
9.431684696932558509e-01 -7.281130778446740469e-03 -3.322351886413793531e-01 -4.532714013745811066e+00 -2.792642015815002821e-02 9.944868933036039582e-01 -1.010739041169781693e-01 -8.414176705627370856e-01 3.311394785423980580e-01 1.046078596073748840e-01 9.377653458139607601e-01 1.882134057206245359e+01
9.415224174409655422e-01 -6.249508446667679379e-03 -3.368923844491171771e-01 -4.798809366576665347e+00 -3.015871486995017753e-02 9.942520601097020183e-01 -1.027292211434216312e-01 -9.182907867440357474e-01 3.355979601139125745e-01 1.068821066795824642e-01 9.359221264869591606e-01 1.950810921723491376e+01
9.392666157087410372e-01 -6.087425934929360967e-03 -3.431343255623098831e-01 -5.073520139706105603e+00 -3.081271078624473608e-02 9.943087489430236792e-01 -1.019837664725611742e-01 -1.009591262829068858e+00 3.418022864069741873e-01 1.063628465982493221e-01 9.337334439535454056e-01 2.023730866411446527e+01
9.369868976732314003e-01 -5.548305833658091248e-03 -3.493204364584852617e-01 -5.351264618638796655e+00 -3.156018766271927178e-02 9.944415111336810664e-01 -1.004491686763024777e-01 -1.099989855713418008e+00 3.479360713303046859e-01 1.051441741158519877e-01 9.316035613292525941e-01 2.096781387566280230e+01
9.346991123004069202e-01 -6.166890774329693639e-03 -3.553864604617947842e-01 -5.640673965816178637e+00 -3.095949429202766653e-02 9.946369212660917114e-01 -9.868588839190403639e-02 -1.178391142766417099e+00 3.540890860166386322e-01 1.032441980030775475e-01 9.294953240258082561e-01 2.167147291681009591e+01
9.316111206062123173e-01 -5.364441381133898921e-03 -3.634170331421649469e-01 -5.931939169179866411e+00 -3.145056929156459652e-02 9.949507437598855697e-01 -9.530938668097539701e-02 -1.262573448059130632e+00 3.620933352078857248e-01 1.002209577097517984e-01 9.267384630956058134e-01 2.237859852636435321e+01
9.279863621233077620e-01 -3.095596597628202072e-03 -3.726012964422283913e-01 -6.248638551917661488e+00 -3.269314775243962329e-02 9.954326051321930047e-01 -8.969440756057761588e-02 -1.345019282219931611e+00 3.711771432281203986e-01 9.541669675553067498e-02 9.236466776813679891e-01 2.317294768691408180e+01
9.244275595219652031e-01 -2.154245197950485863e-04 -3.813576245149087329e-01 -6.556255336238540288e+00 -3.475478822936026863e-02 9.957908567351608786e-01 -8.480963605302307973e-02 -1.428364562198939369e+00 3.797707121978080025e-01 9.165436885917213616e-02 9.205290249682639425e-01 2.391286704944910824e+01
9.207879870670985234e-01 3.286792993470337865e-03 -3.900495823875433921e-01 -6.898587299012804763e+00 -3.773839344095741150e-02 9.960241029652796563e-01 -8.069572488783646746e-02 -1.492531206655825837e+00 3.882335618997786453e-01 8.902349915097651500e-02 9.172510676554709308e-01 2.466786378394828461e+01
9.172261528213844217e-01 4.091731373272555587e-03 -3.983458786626291603e-01 -7.240141495807997707e+00 -3.857096050292112277e-02 9.961613153452831826e-01 -7.858062650934256876e-02 -1.572682603879379304e+00 3.964952304140745287e-01 8.744078933443451274e-02 9.138630334134583144e-01 2.538785308314891864e+01
9.132015165724778338e-01 4.485550364799577305e-03 -4.074835782736738743e-01 -7.592004053080406045e+00 -3.964861741337927931e-02 9.961732655156180227e-01 -7.788974425379925626e-02 -1.653607213179943969e+00 4.055748753773563142e-01 8.728519350811050903e-02 9.098847832616299147e-01 2.615585399450725745e+01
9.095081606796302509e-01 4.274393884575444606e-03 -4.156640851512217738e-01 -7.970013249138219180e+00 -3.978826623908476856e-02 9.962511208292532672e-01 -7.681535112541837407e-02 -1.726262270655410713e+00 4.137774787313956981e-01 8.640274241778975184e-02 9.062685957675410409e-01 2.691312422005529115e+01
9.055194215705216765e-01 4.853208839018337793e-03 -4.242770555406817357e-01 -8.341077540179222538e+00 -4.056526316545076144e-02 9.963445294669639463e-01 -7.518003778816113869e-02 -1.795158486960635180e+00 4.223612660701810961e-01 8.528789514420556661e-02 9.024061942792112045e-01 2.771414021100060410e+01
9.016225884933146695e-01 5.304903049074790808e-03 -4.324911121946136139e-01 -8.738869485398348402e+00 -4.081409940910114831e-02 9.965065036046603097e-01 -7.286286861286184191e-02 -1.869016858701490147e+00 4.305936829714992475e-01 8.334654382462158839e-02 8.986892886604335162e-01 2.848631230651254853e+01
8.976959263451764759e-01 5.772106264897726088e-03 -4.405776919986287288e-01 -9.116165262238588696e+00 -4.000686749454529512e-02 9.968516758207509598e-01 -6.845573042903016492e-02 -1.941341322430027549e+00 4.387954843661014404e-01 7.907856401341824271e-02 8.951006130470811062e-01 2.927394988997862058e+01
8.941009019330249386e-01 7.255799998702083115e-03 -4.478067959318495772e-01 -9.543803019520137099e+00 -3.963384928021700809e-02 9.972277630015207173e-01 -6.297576324575868134e-02 -1.997014566150363768e+00 4.461084374712214751e-01 7.405499404842287581e-02 8.919098182291103072e-01 3.007273132153891027e+01
8.903083561479477881e-01 7.113615835410164005e-03 -4.553025623393786581e-01 -9.958501313382019049e+00 -3.791101735372424258e-02 9.975645870113355462e-01 -5.854613197873834857e-02 -2.073308481702837991e+00 4.537772456613327621e-01 6.938509408719248372e-02 8.884097726516997362e-01 3.088156312386776037e+01
8.865866405856915877e-01 6.153971267481947449e-03 -4.625216244488959960e-01 -1.038838121888101007e+01 -3.644648140837172118e-02 9.977321822741034296e-01 -5.658751196980704723e-02 -2.134974536853200267e+00 4.611244797048249522e-01 6.702701811979913660e-02 8.848003149215450946e-01 3.169226830556737795e+01
8.834378881413780249e-01 6.352246029180587394e-03 -4.685052212887248491e-01 -1.085093272184116664e+01 -3.666739085289285466e-02 9.977788526192133967e-01 -5.561352154526789937e-02 -2.199649313135173756e+00 4.671113393937371128e-01 6.630995627667131409e-02 8.817085633221025676e-01 3.250267251178410532e+01
8.804053694957633125e-01 6.277131999893449318e-03 -4.741803227544424404e-01 -1.128770132557664319e+01 -3.614874460948203777e-02 9.978914272500295501e-01 -5.390702875110994774e-02 -2.249475716351605925e+00 4.728421056346182039e-01 6.460106111649670246e-02 8.787758818187407783e-01 3.333058461100776526e+01
8.773888316961074851e-01 4.909117752018119819e-03 -4.797548686504106707e-01 -1.177066549332684353e+01 -3.430918117052893235e-02 9.980296315950771824e-01 -5.253317624823743148e-02 -2.315250095415231524e+00 4.785516914905234565e-01 6.255201898123219362e-02 8.758284809344055732e-01 3.417435852327819390e+01
8.746707744081442248e-01 3.949813151126358758e-03 -4.847013830215155528e-01 -1.223306655881915006e+01 -3.333111044167583886e-02 9.980899425573726003e-01 -5.201445665990453437e-02 -2.380784399842871935e+00 4.835701364638044231e-01 6.165116054543676172e-02 8.731317553119105623e-01 3.500875682092330976e+01
8.728126093974062361e-01 3.785311182655692192e-03 -4.880407929343449913e-01 -1.271335931497798200e+01 -3.372474589658328720e-02 9.980474874088812731e-01 -5.257237345492464520e-02 -2.436320689385293115e+00 4.868888927161227342e-01 6.234488231947724057e-02 8.712360911180975220e-01 3.583790685971349177e+01
8.709806257251822004e-01 3.885831474928273972e-03 -4.913019897565903960e-01 -1.320962342850936899e+01 -3.425967782177436610e-02 9.980150268607969055e-01 -5.284203531634477230e-02 -2.494717341572926017e+00 4.901214416831826681e-01 6.285623700170096806e-02 8.693848805896819965e-01 3.670803504608199574e+01
8.705211403282558935e-01 3.915587340045779616e-03 -4.921154413513871839e-01 -1.371595941800134710e+01 -3.391754089808368677e-02 9.980679830624105131e-01 -5.205671585543496932e-02 -2.555986839943285460e+00 4.909608418047947120e-01 6.200781738330662235e-02 8.689720865126199234e-01 3.759385429684457591e+01
8.705101594801084586e-01 3.516503965038570573e-03 -4.921378786895988511e-01 -1.423257588476038471e+01 -3.267326109902107117e-02 9.981812964518784748e-01 -5.066120291903018075e-02 -2.610953208509425139e+00 4.910646839051143742e-01 6.018084134951541542e-02 8.690418558952817119e-01 3.847484865314240210e+01
8.701314112461993044e-01 2.420046026243209344e-03 -4.928138246121575583e-01 -1.474442868454816313e+01 -3.117258438546362947e-02 9.982557327297617578e-01 -5.013743222382738979e-02 -2.677183601294515825e+00 4.918328991511189963e-01 5.898843529024279386e-02 8.686891092736105380e-01 3.937210506322292503e+01
8.695937747932888096e-01 1.119145969857071382e-03 -4.937665536738217731e-01 -1.526146564400724692e+01 -2.993915354277702431e-02 9.982770061996517619e-01 -5.046450267373575604e-02 -2.746367104874975151e+00 4.928593282935913034e-01 5.866657013393267867e-02 8.681289770748005230e-01 4.027566185099747997e+01
8.684616042171074968e-01 -2.158285289863662065e-04 -4.957563822673839438e-01 -1.578979079006400887e+01 -2.886811887518766356e-02 9.982810571682381173e-01 -5.100551598251781144e-02 -2.801280120622470893e+00 4.949152223443676335e-01 5.860788650522988363e-02 8.669625384883105079e-01 4.117955144224400499e+01
8.670161176558925931e-01 -1.829777734658907589e-03 -4.982767290727581622e-01 -1.632468045356644382e+01 -2.630166128699795713e-02 9.984311137839331218e-01 -4.943211188778559584e-02 -2.865129823997986769e+00 4.975854479185505830e-01 5.596394356096903028e-02 8.656077425137389536e-01 4.209663433935615018e+01
8.651808117303780854e-01 -1.417718016228410429e-03 -5.014580222990047131e-01 -1.687173300366330508e+01 -2.493489768215124622e-02 9.986373481403023611e-01 -4.584427794106644971e-02 -2.929495132949591518e+00 5.008397124713890314e-01 5.216739411139009047e-02 8.639665215280696309e-01 4.302234148306280304e+01
8.620354324007591940e-01 -1.464190718989926169e-03 -5.068458980515664347e-01 -1.741725832222471482e+01 -2.254874065017892573e-02 9.988949555592425700e-01 -4.123617457458460256e-02 -2.995496690470582202e+00 5.063461971545141216e-01 4.697578026350970187e-02 8.610498299837918701e-01 4.394044996539987125e+01
8.581558704524830938e-01 -2.647625405828046320e-03 -5.133823983243789302e-01 -1.795294487111942061e+01 -2.033469992229697265e-02 9.990266842951233128e-01 -3.914312304324063518e-02 -3.055761089026404420e+00 5.129863603393265414e-01 4.403037778952754999e-02 8.572667759103154150e-01 4.482949671008354642e+01
8.529781062512805656e-01 -5.531043520127287838e-03 -5.219173808944478354e-01 -1.851871195700075390e+01 -1.869693283012524576e-02 9.989782998757116284e-01 -4.114342124510898119e-02 -3.119004988158326164e+00 5.216117128825029647e-01 4.485269170077196138e-02 8.520032055885942146e-01 4.573888539022728139e+01
8.472877690302861309e-01 -8.430012451945096547e-03 -5.310671952193886103e-01 -1.909210191090550168e+01 -1.784325680261862959e-02 9.988578705057005180e-01 -4.432350102858884783e-02 -3.177269297106234180e+00 5.308343045230305979e-01 4.703072860895366608e-02 8.461696385380863550e-01 4.661628186957242548e+01
8.410298263527140605e-01 -8.525696447980698686e-03 -5.409215636224675716e-01 -1.967737919159628390e+01 -1.821606171369891114e-02 9.988625344539406870e-01 -4.406600037218548482e-02 -3.242976699011798303e+00 5.406819866393330898e-01 4.691428117992202385e-02 8.399178800392524957e-01 4.752270812057340521e+01
8.352524715919238396e-01 -5.087163760951240836e-03 -5.498430899736854727e-01 -2.028100499816109448e+01 -1.970417206125228693e-02 9.990380609052701422e-01 -3.917522815267494851e-02 -3.291552288215277233e+00 5.495134746822287752e-01 4.355540890400658866e-02 8.343487719986850681e-01 4.841676291196309023e+01
8.299143081048913073e-01 -1.215233578285783217e-03 -5.578895575044822142e-01 -2.087327453292531843e+01 -2.148582781569998226e-02 9.991861220192566062e-01 -3.413872885985821254e-02 -3.355805249054732542e+00 5.574769996201806022e-01 4.031893838752689113e-02 8.292127495995185171e-01 4.928730692542950464e+01
8.257921965849451817e-01 -8.684657760818206753e-04 -5.639738359769159715e-01 -2.148471962729552232e+01 -2.300807111026813290e-02 9.991144217441332298e-01 -3.522784368434864893e-02 -3.400437007007244716e+00 5.635049969026714178e-01 4.206682842371071984e-02 8.250409120329748047e-01 5.018429236725464193e+01
8.225684636330105048e-01 -2.695407747608705770e-03 -5.686596971486200802e-01 -2.211515612783056639e+01 -2.415429223972524048e-02 9.989206858359882535e-01 -3.967409255375707600e-02 -3.458591253622615103e+00 5.681528823308368281e-01 4.637022978890680686e-02 8.216155489620567964e-01 5.104893453629863842e+01
8.196567280450861581e-01 -5.328460537981370530e-03 -5.728302098745837734e-01 -2.272162527726609227e+01 -2.596298393211043595e-02 9.985836695487008141e-01 -4.643897523713121089e-02 -3.537316139663857495e+00 5.722663511080084975e-01 5.293640001118066207e-02 8.183574813197829201e-01 5.189938370767254838e+01
8.163937706240225189e-01 -6.157555405022148952e-03 -5.774628034514848185e-01 -2.334990337144673589e+01 -2.647331832519476957e-02 9.984928929348267923e-01 -4.807396614331695822e-02 -3.590749493900278200e+00 5.768885332251479925e-01 5.453464309640852770e-02 8.150003676797371588e-01 5.277040728032444150e+01
8.133020198431792913e-01 -4.995213877578449230e-03 -5.818203037348951279e-01 -2.396474384501885524e+01 -2.564338558111079608e-02 9.986837741184846351e-01 -4.441999700506537446e-02 -3.652338512188678443e+00 5.812763941921895716e-01 5.104671562771674609e-02 8.121034372862697692e-01 5.362686545440721630e+01
8.099982975003852115e-01 -2.947786426474238719e-03 -5.864248135815082197e-01 -2.462756744286036792e+01 -2.443881715408297711e-02 9.989489725380042984e-01 -3.877750026838990699e-02 -3.710214156936933794e+00 5.859227828866424570e-01 4.574123789277714791e-02 8.090749274463234775e-01 5.449975335314695002e+01
8.068170574906075032e-01 -1.537928607161556530e-03 -5.907993430995324147e-01 -2.527240164192249949e+01 -2.450879676082818107e-02 9.990486571133482263e-01 -3.607075891090087694e-02 -3.771588795457540222e+00 5.902927747764467048e-01 4.358228446818552398e-02 8.060118058633878313e-01 5.536704568962150574e+01
8.038128445127598054e-01 -6.592195937304599299e-04 -5.948818955286446775e-01 -2.590398283989983241e+01 -2.618835613692387099e-02 9.989907021041032342e-01 -3.649311117394591492e-02 -3.823638853695764173e+00 5.943055497025591105e-01 4.491261032135380332e-02 8.029842948490237831e-01 5.620759464215053924e+01
8.001745689525517902e-01 -1.968535204999319593e-03 -5.997639345367248298e-01 -2.656748083989647569e+01 -2.590908049236210348e-02 9.989476724328438806e-01 -3.784530801248247450e-02 -3.871787118769928870e+00 5.992072965652648353e-01 4.582218497121276490e-02 7.992815210910776402e-01 5.705986532482826590e+01
7.965515857086445939e-01 -4.355676926358417224e-03 -6.045548712769183153e-01 -2.721244309429234320e+01 -2.511106224807790541e-02 9.988727392630953883e-01 -4.028256888934428348e-02 -3.944019483192800823e+00 6.040488485750381553e-01 4.726815903022997534e-02 7.955442895461308783e-01 5.792773582495284046e+01
7.922250493051694598e-01 -4.839247279714162936e-03 -6.102098375307384304e-01 -2.787090193112376824e+01 -2.527155238308489288e-02 9.988505075380069709e-01 -4.073097442822808806e-02 -3.996743002338441819e+00 6.097055236889544760e-01 4.768904799790364690e-02 7.911920981389231056e-01 5.876448879523209001e+01
7.875554392653298930e-01 -5.448929326404215213e-03 -6.162197108202026596e-01 -2.855115420472186472e+01 -2.442778301023397491e-02 9.988989326855995943e-01 -4.005253727074856857e-02 -4.053719101870218111e+00 6.157594654984966942e-01 4.659647485119986637e-02 7.865551833055661746e-01 5.961458825476653800e+01
7.828279251363852165e-01 -5.416338601292852890e-03 -6.222146699670596526e-01 -2.923762329854291764e+01 -2.429286880756058656e-02 9.989337143168046662e-01 -3.925927879440527929e-02 -4.112731088994893369e+00 6.217638636399241969e-01 4.584863898136994076e-02 7.818616293888486224e-01 6.045210003203554550e+01
7.774486814046839278e-01 -6.384205109054070029e-03 -6.289139704124965258e-01 -2.993096741587587317e+01 -2.415449173125849142e-02 9.989077123275652559e-01 -3.999928532065271519e-02 -4.166556345474044853e+00 6.284823899133391567e-01 4.628848879949119116e-02 7.764452774383151512e-01 6.127764323173509098e+01
7.721288463185523865e-01 -7.018840856191561374e-03 -6.354272364986512933e-01 -3.063556053637977072e+01 -2.446827970313333531e-02 9.988690954354766394e-01 -4.076559231837918046e-02 -4.230807645650864757e+00 6.349947670894254825e-01 4.702410099347997807e-02 7.710839042033748036e-01 6.213025072244474956e+01
7.666916772914166289e-01 -9.087575413599138091e-03 -6.419511508904015562e-01 -3.133301963971855386e+01 -2.289138919773269290e-02 9.988770746011735868e-01 -4.147980445479117206e-02 -4.293806764837572842e+00 6.416072495525780850e-01 4.649737435675665304e-02 7.656227134002501211e-01 6.293968623789957206e+01
7.609892775422869571e-01 -1.031694140762180745e-02 -6.486824124475533138e-01 -3.205554774756632952e+01 -2.283150903485512556e-02 9.988283031274197699e-01 -4.267016647292845577e-02 -4.352024667626821497e+00 6.483625900803459130e-01 4.728193738444366051e-02 7.598620783460146022e-01 6.378887564299281365e+01
7.546420490536425163e-01 -1.233322453950860820e-02 -6.560207780550474377e-01 -3.277304946508884598e+01 -2.144974182452840869e-02 9.988252129909053201e-01 -4.345230150182626677e-02 -4.419281330699597277e+00 6.557860116669258499e-01 4.686241002065620609e-02 7.534909618072395121e-01 6.459739457562481846e+01
7.490200214953290914e-01 -1.297721753234818906e-02 -6.624202525168664257e-01 -3.352979578128804405e+01 -2.125562079946210353e-02 9.988228406468299125e-01 -4.360196810439850162e-02 -4.476949005744023324e+00 6.622063219655667243e-01 4.673890063656067906e-02 7.478624676769909385e-01 6.541736028880018239e+01
7.423429641142554880e-01 -1.305809445027253032e-02 -6.698928282535813183e-01 -3.427350901577786857e+01 -2.036010339495492386e-02 9.989087248585821754e-01 -4.203362494419359691e-02 -4.539016467238642605e+00 6.697106814588968948e-01 4.484245280909097964e-02 7.412670004694196235e-01 6.624709258881557616e+01
7.363505095326263739e-01 -1.389249338540435655e-02 -6.764576240469570845e-01 -3.501308579726520520e+01 -1.907016376936783789e-02 9.989658374714484035e-01 -4.127450122180178343e-02 -4.603863715317935146e+00 6.763314743230613990e-01 4.329265748860899182e-02 7.353240722447216271e-01 6.704330232828992564e+01
7.297075743638169465e-01 -1.519989471580147911e-02 -6.835903819843339724e-01 -3.577825030014088270e+01 -1.823842175104456800e-02 9.989644825163673802e-01 -4.168120287511547367e-02 -4.668693473702613339e+00 6.835160738801758784e-01 4.288269893897407592e-02 7.286747282732372044e-01 6.786034505384962756e+01
7.233833817237511621e-01 -1.666330590890966953e-02 -6.902454696331220552e-01 -3.656631449048995819e+01 -1.832029612772090310e-02 9.988935090406014794e-01 -4.331425141812664942e-02 -4.731662302320697400e+00 6.902034897902210586e-01 4.397831087856843291e-02 7.222776888130694184e-01 6.865866275210130709e+01
7.174648114752368855e-01 -1.587317411234609107e-02 -6.964138694453508860e-01 -3.734816460974396080e+01 -2.008204216807482970e-02 9.988535007776989660e-01 -4.345567396662500248e-02 -4.793713085154253761e+00 6.963052229764364887e-01 4.516332943433536834e-02 7.163234738435553250e-01 6.945442229314450344e+01
7.118863665634546090e-01 -1.617659590481916598e-02 -7.021083318302253629e-01 -3.815918759056454945e+01 -1.930769168760806953e-02 9.989059941786668784e-01 -4.259140603195037816e-02 -4.856221706359191259e+00 7.020292173045740158e-01 4.387633228457619300e-02 7.107952269848336613e-01 7.026530361785911794e+01
7.070098663337808231e-01 -1.578927575181626394e-02 -7.070273957469553894e-01 -3.897042646646004016e+01 -2.030592078973191342e-02 9.988853035539244640e-01 -4.261243901998613276e-02 -4.911446358112609545e+00 7.069121065678298788e-01 4.448425690657854120e-02 7.059011501493230867e-01 7.104799622136896176e+01
7.022383949412909221e-01 -1.627665901022833789e-02 -7.117557850728987168e-01 -3.979470924483908334e+01 -2.057943658932591055e-02 9.988567826948443473e-01 -4.314643077770451834e-02 -4.991892478794639487e+00 7.116443855611455094e-01 4.494661314018319476e-02 7.011006203740286491e-01 7.185167992400586456e+01
6.968023310193083297e-01 -1.896955155546616381e-02 -7.170123137123926016e-01 -4.062760315916382581e+01 -1.959979624806361745e-02 9.987733531154182609e-01 -4.547127801996142527e-02 -5.050883207916165851e+00 7.169953749137335519e-01 4.573778757704443504e-02 6.955758022626765680e-01 7.264857786996138600e+01
6.917906243800060473e-01 -2.050481093558245010e-02 -7.218069513697947803e-01 -4.145532885652531263e+01 -2.029798923869900740e-02 9.986495573568352491e-01 -4.782314560035958589e-02 -5.124807299808456840e+00 7.218128094922877658e-01 4.773483330370594663e-02 6.904401953925678459e-01 7.343774351823149971e+01
6.871968468252792617e-01 -2.092969203773856895e-02 -7.261696991014866542e-01 -4.231971906116516635e+01 -2.137141501728069548e-02 9.985698513502905271e-01 -4.900525101777843812e-02 -5.185321037412942147e+00 7.261568458234625156e-01 4.919552781765262200e-02 6.857667570573986460e-01 7.421149585870223575e+01
6.819694858858170727e-01 -2.086823862392284817e-02 -7.310828455122567737e-01 -4.316133714677018673e+01 -2.052743636558159585e-02 9.986529405952951910e-01 -4.765426138868111838e-02 -5.260818149284067324e+00 7.310925065994394734e-01 4.750600853702290072e-02 6.806224620523675384e-01 7.499996860820472477e+01
6.771342556262534007e-01 -2.093398065525074736e-02 -7.355616617681649538e-01 -4.402953083198389095e+01 -1.998717308650958813e-02 9.987032425584106976e-01 -4.682249722638112677e-02 -5.330502577796531583e+00 7.355880106513777994e-01 4.640691485009734718e-02 6.758377666697220620e-01 7.577718850285596375e+01
6.724272554940035063e-01 -2.196908229073056204e-02 -7.398371005403907574e-01 -4.490630250513291344e+01 -1.908211608370419254e-02 9.987126210472033749e-01 -4.699971740182481983e-02 -5.407022727142942742e+00 7.399172032542867816e-01 4.572154820255142776e-02 6.711423712487178950e-01 7.654976272170948448e+01
6.674855755922201039e-01 -2.273510073759370601e-02 -7.442755614031167921e-01 -4.578043491520033825e+01 -1.858918022697273256e-02 9.987134846156739965e-01 -4.717857620952893571e-02 -5.468796665167818816e+00 7.443906619702391758e-01 4.532649142508607398e-02 6.662042192808443897e-01 7.732789237853556585e+01
6.629387431782648443e-01 -2.361306817671967456e-02 -7.483011662646396056e-01 -4.668255489798516322e+01 -1.761454344312290629e-02 9.987338784703208017e-01 -4.712077971189668202e-02 -5.537423948806593721e+00 7.484664051470221180e-01 4.441917364927038675e-02 6.616834497887625899e-01 7.811670575265448235e+01
6.590224792777757967e-01 -2.410416236533232531e-02 -7.517368892794853430e-01 -4.755738053482625816e+01 -1.668081824431801030e-02 9.987720675692089989e-01 -4.664876600955603775e-02 -5.612229671029403733e+00 7.519382495808467626e-01 4.328217160335835062e-02 6.578111680978405706e-01 7.888196862122002528e+01
6.548313980373000609e-01 -2.702834951346747352e-02 -7.552915317395729744e-01 -4.847779198002733381e+01 -1.351848866108783936e-02 9.987815558615883438e-01 -4.746213387182893900e-02 -5.680602768185647022e+00 7.556540873865176255e-01 4.129009522037554308e-02 6.536681411738547443e-01 7.965735620857550714e+01
6.511364460980118007e-01 -3.101510761863782856e-02 -7.583266980901806065e-01 -4.937956343438137452e+01 -1.115046465274114468e-02 9.986658972090861619e-01 -5.041917194119897860e-02 -5.760461203596477731e+00 7.588787814693276346e-01 4.128545521105159155e-02 6.499219313424556832e-01 8.043794749882223982e+01
6.460411480925219996e-01 -3.520108623649802898e-02 -7.624904640498354480e-01 -5.028810578993152802e+01 -7.171888674175435491e-03 9.986120239522048303e-01 -5.217844028969023662e-02 -5.830234048862989127e+00 7.632688965035089312e-01 3.917791590951560932e-02 6.448920012430753301e-01 8.119514756104584308e+01
6.394100695760113195e-01 -3.897843682229164969e-02 -7.678772255485848408e-01 -5.121520353442873130e+01 -1.978670545600850171e-03 9.986274019430871896e-01 -5.233924857051993479e-02 -5.906832001425273759e+00 7.688633541341342026e-01 3.498561829428886022e-02 6.384552921419159865e-01 8.195087992924331388e+01
6.310430964473831006e-01 -4.288965105099731140e-02 -7.745612159233008498e-01 -5.214889352037516090e+01 3.283946165758665301e-03 9.986091896448662242e-01 -5.262035759845723470e-02 -5.994110798560042142e+00 7.757408303424290219e-01 3.066209569285029829e-02 6.303062835592044832e-01 8.272820347465280122e+01
6.221068371429661070e-01 -4.377051779668948012e-02 -7.817078825980441348e-01 -5.308101983303205884e+01 5.645421000351496903e-03 9.986608684071436315e-01 -5.142566586771556147e-02 -6.074964385637960262e+00 7.829120144298595818e-01 2.757918784388322525e-02 6.215208583138613907e-01 8.346877980518551965e+01
6.132681007129486828e-01 -4.286813592142060120e-02 -7.887106872275300162e-01 -5.404290885741189499e+01 7.011050497216522737e-03 9.987822776442734085e-01 -4.883448586755985421e-02 -6.145960969648633032e+00 7.898437136232212552e-01 2.441894150578819561e-02 6.128218622029919516e-01 8.420927860408700383e+01
6.043556326743638740e-01 -4.268499112616026825e-02 -7.955703923467468686e-01 -5.502776365958385441e+01 6.646825986559619023e-03 9.987991413730105128e-01 -4.853962168177589770e-02 -6.228057848042139355e+00 7.966869518711778841e-01 2.404717536868115901e-02 6.039136078177109734e-01 8.494426145068835865e+01
5.945771710980719549e-01 -4.360809942717540355e-02 -8.028550986743451245e-01 -5.601911663576241551e+01 5.236695738099767482e-03 9.987169773860424815e-01 -5.036840354901574168e-02 -6.299660625731172914e+00 8.040215016748868404e-01 2.574359458724844243e-02 5.940426786104815449e-01 8.565916770685187487e+01
5.848409849184701415e-01 -4.582792293097925906e-02 -8.098523395303963701e-01 -5.700794861087701548e+01 5.836038123113714525e-03 9.986146238309930867e-01 -5.229506386675452506e-02 -6.383311256023855407e+00 8.111269775762529610e-01 2.585796709355302203e-02 5.842982147905756429e-01 8.636963810865076141e+01
5.748505948233516571e-01 -4.711352782414573309e-02 -8.169009101090703995e-01 -5.801755709225729873e+01 5.644626204397707771e-03 9.985455929942093078e-01 -5.361750536068891904e-02 -6.449002318805993283e+00 8.182389276767203512e-01 2.621095412748988829e-02 5.742804674844037560e-01 8.706419342396434047e+01
5.647297233520742754e-01 -4.846128275818934600e-02 -8.238518260304750207e-01 -5.904911661424434755e+01 8.997096711862273555e-03 9.985766158628357481e-01 -5.257180300976702775e-02 -6.533401070808189992e+00 8.252268796895017022e-01 2.227658473570450631e-02 5.643619080198455373e-01 8.776627476461601418e+01
5.544261528412076645e-01 -4.795126856372763924e-02 -8.308503501301431893e-01 -6.006778344187017638e+01 9.750565376772218559e-03 9.986444723477366781e-01 -5.112870321958045555e-02 -6.617917418757786940e+00 8.321758100761916799e-01 2.024582906508409080e-02 5.541421659991011550e-01 8.845545769300944983e+01
5.439759839357166671e-01 -4.855286248535910926e-02 -8.376948941449107178e-01 -6.111687396703855768e+01 1.040137360741676641e-02 9.986380047404620486e-01 -5.112677266069570042e-02 -6.707852022439456441e+00 8.390363233435594870e-01 1.909855838170755604e-02 5.437401088566354845e-01 8.914327400315141858e+01
5.338032036079475295e-01 -4.933801598742502958e-02 -8.441681627760903028e-01 -6.216470541951954942e+01 9.528728872054002125e-03 9.985839899338682102e-01 -5.233754237725512376e-02 -6.787195883709562061e+00 8.455550572857493119e-01 1.989409772850813524e-02 5.335174626545674537e-01 8.979270767700779743e+01
5.236292869337898503e-01 -4.985237283125093510e-02 -8.504863888727234311e-01 -6.323012498537559622e+01 8.290512919360660399e-03 9.985373817005288588e-01 -5.342625489210090645e-02 -6.863397151810291419e+00 8.519058922267054301e-01 2.092458284710852282e-02 5.232767200851055067e-01 9.043662827918063840e+01
5.137961903675860587e-01 -5.077316113700890837e-02 -8.564085167563449952e-01 -6.431326752129690760e+01 7.369959396111639728e-03 9.984715794543030931e-01 -5.477397822616774520e-02 -6.948805116154216144e+00 8.578806272408324718e-01 2.183096484249076250e-02 5.133850910455411976e-01 9.106178331559158323e+01
