7.776336732731418122e-01 -6.283715025543548105e-01 2.085964930919433080e-02 -6.595401570465706698e+01 6.274293835140424269e-01 7.777358794475500714e-01 3.820039951538974077e-02 2.570545568335890252e+01 -4.022734014211584025e-02 -1.661796008926712601e-02 9.990523532365869208e-01 -9.118658200245405299e-01 -4.809208017785018303e-24 -1.416202385148814181e-23 -3.430527606006730092e-24 9.999999999999997780e-01
7.495102762648296890e-01 -6.614286379039908681e-01 2.732220221522272188e-02 -6.555375620259324876e+01 6.607111705457983097e-01 7.499887935448064091e-01 3.126593470868559155e-02 2.609288962516381005e+01 -4.117153008354319799e-02 -5.382055153676221226e-03 9.991375974273524196e-01 -9.177838746874571463e-01 -4.809208017785018303e-24 -1.416202385148814181e-23 -3.430527606006730092e-24 9.999999999999997780e-01
7.210348043184948708e-01 -6.928092036787573127e-01 1.114532455318485195e-02 -6.520047991941247290e+01 6.924877790069096095e-01 7.210677992527212421e-01 2.284523597855019073e-02 2.648503214407384476e+01 -2.386392439367504906e-02 -8.754209207257543368e-03 9.996768862656013610e-01 -9.245947142538551988e-01 6.806795232739601740e-19 -2.087373751044535298e-19 -5.363914313038615256e-20 9.999999999999997780e-01
6.909967202368276773e-01 -7.227068742449775929e-01 -1.477520020175008934e-02 -6.486804503125715371e+01 7.228493633664571094e-01 6.909434998735847211e-01 9.267030978170748279e-03 2.689895955267910566e+01 3.511481546964791058e-03 -1.708373207169597285e-02 9.998478962301456940e-01 -9.331256097955786810e-01 3.183389104835665687e-18 7.041524651629245900e-19 2.686766588567897758e-20 9.999999999999995559e-01
6.561019301193506958e-01 -7.541035617415161596e-01 -2.929292512577231014e-02 -6.452783673591724778e+01 7.541459492326674230e-01 6.565996708048620345e-01 -1.186421320219927314e-02 2.731460263185377002e+01 2.818057042753252181e-02 -1.430700764346644338e-02 9.995004577200894413e-01 -9.532042617648547322e-01 3.568319236510191900e-18 1.685792536725487157e-18 4.907377552236842157e-21 9.999999999999993339e-01
6.188232460656875045e-01 -7.849974962743826445e-01 -2.892612956618826822e-02 -6.418990306560952774e+01 7.842455613801689873e-01 6.194973300445979492e-01 -3.437960911819183674e-02 2.776257736043474722e+01 4.490756711544985347e-02 -1.410287407201618647e-03 9.989901508549515752e-01 -9.695530239941886341e-01 6.146003638750793368e-18 1.565502177390856758e-18 -1.381328068986241712e-19 9.999999999999990008e-01
5.861271661177547276e-01 -8.099496049626356831e-01 -2.089455813474919502e-02 -6.386770534503386187e+01 8.090338692982351754e-01 5.864694990687894238e-01 -3.895799007046424345e-02 2.825469849987932847e+01 4.380802971026025866e-02 5.929931102612089229e-03 9.990223683431819213e-01 -9.536712149338344435e-01 9.410426643355471228e-18 2.505207984968394416e-18 -4.017260523226241176e-19 9.999999999999986677e-01
5.573535019733826257e-01 -8.301477461020674298e-01 -1.455312611338865914e-02 -6.356558723013690582e+01 8.298296974868576426e-01 5.575429825142039775e-01 -2.298903690972897013e-02 2.876197996267874402e+01 2.719829051383211918e-02 7.364039884716456303e-04 9.996297868222445704e-01 -9.227977298180057852e-01 1.405038218051036007e-17 1.254336056395589934e-18 -7.296754768684141355e-19 9.999999999999983347e-01
5.285316798493088220e-01 -8.488703616063913993e-01 -8.565779702545624902e-03 -6.328120637868595821e+01 8.488227105431158659e-01 5.285958338749541241e-01 -9.297874825986915392e-03 2.927676610230042087e+01 1.242052583036195798e-02 -2.356606944222281765e-03 9.999200852777191395e-01 -9.031546338862034284e-01 1.768643981895765855e-17 -3.992002939671570014e-19 -9.720292799237296392e-19 9.999999999999980016e-01
4.985890375483768566e-01 -8.668121772553801785e-01 -6.754331823617594835e-03 -6.300803335109573311e+01 8.667927467014843179e-01 4.986276400250467256e-01 -6.388338496674588092e-03 2.979228235358372601e+01 8.905386138502479829e-03 -2.669450290936306158e-03 9.999567831325812950e-01 -8.943076618043859227e-01 1.979313144717959546e-17 4.604717965357005905e-19 -1.130868467746372505e-18 9.999999999999977796e-01
4.711893516398095172e-01 -8.820165112659584805e-01 -5.241064347897888588e-03 -6.274716065412258814e+01 8.818751071653214701e-01 4.712092767384477021e-01 -1.606589175178474785e-02 3.031766055262463766e+01 1.664001993399726043e-02 2.948112934576277173e-03 9.998571989872915289e-01 -8.925499620058021666e-01 2.265404482449834669e-17 -6.466569651646485250e-19 -1.295997313436592964e-18 9.999999999999975575e-01
4.457146744146133766e-01 -8.951532143458590385e-01 -6.257144538032494499e-03 -6.250314547357658768e+01 8.948687887004869168e-01 4.457341192378750927e-01 -2.304226457960760130e-02 3.085228525906469699e+01 2.341538001384610088e-02 4.670952101402435844e-03 9.997149104546071419e-01 -8.872031625475055305e-01 2.598598470696054517e-17 -3.460504758860567530e-18 -1.476337946508319744e-18 9.999999999999973355e-01
4.226003982781055823e-01 -9.062927200149882845e-01 -6.512221052899684094e-03 -6.226377781989934590e+01 9.060150835363721677e-01 4.226343062524027805e-01 -2.273568963388085742e-02 3.140684585093729808e+01 2.335747802655941188e-02 3.707940993155360316e-03 9.997203005810266774e-01 -8.812116802866312160e-01 2.922731778327438437e-17 -5.018810320054171598e-18 -1.656055203240481772e-18 9.999999999999971134e-01
4.030459375496518448e-01 -9.151622768861314983e-01 -5.655014530343914492e-03 -6.203228627512989846e+01 9.150425210639003826e-01 4.030848114173783414e-01 -1.482630937337608805e-02 3.198768033752994455e+01 1.584792950948155435e-02 8.011050092945237906e-04 9.998740927541893697e-01 -8.715872175664247656e-01 3.225373647096847455e-17 -7.571618678653238346e-18 -1.854331275432069759e-18 9.999999999999967804e-01
3.858026395338033931e-01 -9.225772538582924787e-01 -2.744811846217361153e-03 -6.180448374498856623e+01 9.225597256527087175e-01 3.858122585364954227e-01 -5.696820741801241969e-03 3.256927856905290497e+01 6.314739293338975275e-03 -3.344043846771856728e-04 9.999800059207933911e-01 -8.629071333154844092e-01 3.601885055606744963e-17 -1.138729532991321889e-17 -2.051874873136486725e-18 9.999999999999962252e-01
3.695804754889835397e-01 -9.291982826023714725e-01 9.076046348239392991e-04 -6.158289104800645219e+01 9.291979803885066502e-01 3.695812399519804448e-01 9.057137924472034992e-04 3.315504559278007690e+01 -1.177021346797609827e-03 5.086102595994785756e-04 9.999991779678306658e-01 -8.585620857951070661e-01 4.059093308496243909e-17 -1.471075720112828892e-17 -2.217153427791168309e-18 9.999999999999957812e-01
3.553278456256836471e-01 -9.347408605880569432e-01 1.282836757336351923e-03 -6.136721588098153291e+01 9.347364324955527159e-01 3.553301182892127374e-01 2.882499272691888340e-03 3.375422214174962221e+01 -3.150220387532755035e-03 1.748819974426961410e-04 9.999950227515032042e-01 -8.580273900579794555e-01 4.423891253813665199e-17 -1.614837584158987283e-17 -2.344411322380290617e-18 9.999999999999955591e-01
3.424364562303798265e-01 -9.395409590004414335e-01 -2.445505065963729865e-04 -6.116096308406446980e+01 9.395394552953291178e-01 3.424354143858065469e-01 1.897081382609185985e-03 3.435728183001197067e+01 -1.698642907456415557e-03 -8.793946756022035524e-04 9.999981706369559520e-01 -8.611308688673161571e-01 4.722896879366854156e-17 -1.685721344606774802e-17 -2.466275212200713867e-18 9.999999999999954481e-01
3.302966846633942355e-01 -9.438643814559294354e-01 -4.912180700049867399e-03 -6.096323869921240401e+01 9.438771553193516795e-01 3.302915164532334025e-01 1.851978743349811827e-03 3.497112347468191018e+01 -1.255651585523690774e-04 -5.248197584574754507e-03 9.999862202328010374e-01 -8.649749041056991050e-01 5.003409408560598137e-17 -1.798545726077095274e-17 -2.596811891038804942e-18 9.999999999999956701e-01
3.198286892047224050e-01 -9.474429094053902212e-01 -7.844933338479216992e-03 -6.076638544201178860e+01 9.474753076048241240e-01 3.198210953515077670e-01 2.237956053821711557e-03 3.560139055807797348e+01 3.886395785147147338e-04 -8.148643179208436838e-03 9.999667237331425484e-01 -8.697538825698704068e-01 5.393199979348831839e-17 -2.115915124787716314e-17 -2.747019237906420607e-18 9.999999999999961142e-01
3.116181474561409703e-01 -9.501571407853069973e-01 -9.774353725061021153e-03 -6.057286716383138270e+01 9.502072776932209974e-01 3.116071312724608133e-01 2.669299342172960516e-03 3.622891833875538481e+01 5.095044934461371742e-04 -1.011946416031688466e-02 9.999486671075958899e-01 -8.737721371942832604e-01 5.796098311099915329e-17 -2.668944617959260194e-17 -2.911032379890511540e-18 9.999999999999964473e-01
3.057369252911775748e-01 -9.520451914816958627e-01 -1.161403849356778747e-02 -6.037598867482735443e+01 9.521142808503387789e-01 3.057369916500446427e-01 1.813322259016960465e-03 3.686775608050710673e+01 1.824476452623891498e-03 -1.161229148010789816e-02 9.999309105994438340e-01 -8.732489190326218065e-01 6.171878221060917971e-17 -3.335623425811138095e-17 -3.107883454183208425e-18 9.999999999999966693e-01
3.012135627966849860e-01 -9.534633445093979587e-01 -1.334317294854472577e-02 -6.017803689220678365e+01 9.535541453270454104e-01 3.012156854996008160e-01 1.898088144746125274e-03 3.751420500029948357e+01 2.209415515768553464e-03 -1.329516776948452307e-02 9.999091743738715010e-01 -8.745702742053664824e-01 6.523771481405884665e-17 -3.814813621012842228e-17 -3.332355554593237816e-18 9.999999999999968914e-01
2.977359821358361858e-01 -9.545553060934045542e-01 -1.332113173088292878e-02 -5.997685556485104286e+01 9.546448520443338026e-01 2.977431751063184806e-01 1.485982116781260501e-03 3.817587100702657921e+01 2.547823943225158844e-03 -1.315938017527107720e-02 9.999101656181588194e-01 -8.783878048355541202e-01 6.759709144945791847e-17 -4.384433149880560549e-17 -3.587770153495674688e-18 9.999999999999970024e-01
2.955540883372189120e-01 -9.552460237291409140e-01 -1.236183711583665676e-02 -5.977356210264674985e+01 9.553177898719072969e-01 2.955804729940872400e-01 -3.230152283664060363e-04 3.883279337161867062e+01 3.962476674271650165e-03 -1.171401444092202114e-02 9.999235373988655251e-01 -8.843829457314590359e-01 6.974742308487785140e-17 -4.913856237309873380e-17 -3.833365462049276043e-18 9.999999999999971134e-01
2.947719359412037110e-01 -9.554991083511401584e-01 -1.144376344169159218e-02 -5.957040343651262759e+01 9.555544515076949130e-01 2.948096390300824488e-01 -1.722480413254884931e-03 3.949906508271565286e+01 5.019560268403806293e-03 -1.042740021267698353e-02 9.999330344275528804e-01 -8.831040820102391553e-01 7.249719114968769052e-17 -5.652074648728809627e-17 -4.107798240513857000e-18 9.999999999999971134e-01
2.944364894126352272e-01 -9.556045727194130146e-01 -1.127183659257286787e-02 -5.936375689944424039e+01 9.556597723570765535e-01 2.944698317511874053e-01 -1.384805705843297459e-03 4.017824837117105119e+01 4.642542489769176106e-03 -1.036430346156094057e-02 9.999355119271263748e-01 -8.822795328952985905e-01 7.545979209968935146e-17 -6.241789883485321462e-17 -4.376895247587896581e-18 9.999999999999972244e-01
2.933660940579795873e-01 -9.559161258712791653e-01 -1.267655933082269086e-02 -5.915651294545467209e+01 9.559950384810499413e-01 2.933821938033763788e-01 6.121754080503032493e-04 4.086817525271148810e+01 3.133888441933750050e-03 -1.229831933361912912e-02 9.999194617991887801e-01 -8.824174484269502461e-01 7.772935315882463097e-17 -6.817871007674690047e-17 -4.665991277460072941e-18 9.999999999999975575e-01
2.929857839667102670e-01 -9.560517822323308934e-01 -1.114989165214613775e-02 -5.894865633902825408e+01 9.561165768606183502e-01 2.929578717242479757e-01 4.095954971742359063e-03 4.156597128248464657e+01 -6.494965223135521675e-04 -1.186065281730903746e-02 9.999294490457778517e-01 -8.829008389628140163e-01 8.015886921390051348e-17 -7.559116865520295306e-17 -4.991166997697912054e-18 9.999999999999975575e-01
2.923657204471252213e-01 -9.562802210926237834e-01 -7.101003769474273190e-03 -5.873235371010147787e+01 9.563026027949058649e-01 2.923350123114786259e-01 5.056922437203573845e-03 4.226579922566404690e+01 -2.759962881928854517e-03 -8.269179158806830299e-03 9.999620009184890801e-01 -8.872342712868791503e-01 8.165770338222556306e-17 -8.466848272841540759e-17 -5.329618175605646959e-18 9.999999999999976685e-01
2.917799259619824337e-01 -9.564822055727499883e-01 -2.503043820102672339e-03 -5.851110813753192730e+01 9.564847051686469204e-01 2.917753578056670460e-01 2.036996765603220697e-03 4.296769469159858090e+01 -1.218024652899890245e-03 -2.988477895751221695e-03 9.999947926943369980e-01 -8.934192270676784009e-01 8.396823901167235648e-17 -9.386541355055374907e-17 -5.658662371755878335e-18 9.999999999999977796e-01
2.914463489936526264e-01 -9.565870766669748448e-01 -4.363623023565509095e-04 -5.828974607288536447e+01 9.565828252225420103e-01 2.914463688871714586e-01 -2.883149622401144727e-03 4.367859569153055332e+01 2.885159877422125829e-03 4.228667470390440005e-04 9.999957485090494869e-01 -8.934323792588370061e-01 8.527829597570704907e-17 -1.048353100537028770e-16 -5.933240242387597938e-18 9.999999999999980016e-01
2.911509168458416008e-01 -9.566686521871542448e-01 -4.029087030236931655e-03 -5.807320246152178100e+01 9.566562747768541097e-01 2.911697987621107986e-01 -5.377752217077758946e-03 4.440410454209582980e+01 6.317875425091984756e-03 -2.288713900529733194e-03 9.999774228645224028e-01 -8.932333581265528011e-01 8.628758502819897582e-17 -1.149147498594803897e-16 -6.172263518970394535e-18 9.999999999999982236e-01
2.908463525638243508e-01 -9.567146773644756852e-01 -1.026768307673524110e-02 -5.785464577827548283e+01 9.567204746775824775e-01 2.909235589572597980e-01 -7.029664028163400136e-03 4.514321230368798155e+01 9.712493655608384416e-03 -7.778750484676444019e-03 9.999225762567134357e-01 -8.969031836268597235e-01 8.708770063457236705e-17 -1.243902515111348652e-16 -6.438841939536931891e-18 9.999999999999984457e-01
2.903209373700876839e-01 -9.568855669046385515e-01 -9.152331626377140789e-03 -5.762941169229737426e+01 9.568786728316783785e-01 2.903907046801095237e-01 -7.512929873357413087e-03 4.587974667902282988e+01 9.846766191426343379e-03 -6.576510096738021061e-03 9.999298928977436995e-01 -8.971475685857999149e-01 8.790262530953677136e-17 -1.313144524357077819e-16 -6.750570216989265320e-18 9.999999999999986677e-01
2.898365219034571560e-01 -9.570657395046052729e-01 -4.467755305112156364e-03 -5.739339132396447951e+01 9.570394054459349098e-01 2.898631459950163358e-01 -7.411681156889669483e-03 4.662567281338166936e+01 8.388503715660905816e-03 -2.127641992915668082e-03 9.999625523713049358e-01 -8.996691199440143283e-01 8.901755324899883856e-17 -1.379711055454250611e-16 -7.057830808424116703e-18 9.999999999999991118e-01
2.900904427055066570e-01 -9.569868975408941658e-01 -4.859319503022956586e-03 -5.716397850836037975e+01 9.569866977328261859e-01 2.901088934412864861e-01 -3.645587566082768381e-03 4.738557454346486253e+01 4.898511338473058967e-03 -3.592754013463766646e-03 9.999815481823836061e-01 -8.940805891780820858e-01 8.991180191272952757e-17 -1.461934089842282769e-16 -7.341637956562946806e-18 9.999999999999996669e-01
2.912529936706694800e-01 -9.566235603544716026e-01 -6.561817786305348260e-03 -5.693452366244903828e+01 9.566460646201137008e-01 2.912459489460905715e-01 2.025899639986624735e-03 4.815819852636242615e+01 -2.692047854687228120e-05 -6.867386497049785508e-03 9.999764188609436832e-01 -8.925507914542667454e-01 9.161197377680762669e-17 -1.547596960889053880e-16 -7.633123045045715085e-18 1.000000000000000222e+00
2.911336230864024488e-01 -9.566438171865652151e-01 -8.591888462603235882e-03 -5.669818430805067067e+01 9.566709500460921500e-01 2.910744594940979924e-01 7.506821440425948642e-03 4.894490567602992570e+01 -4.680475027427142068e-03 -1.040509822202697124e-02 9.999349114239760583e-01 -9.010158882515164613e-01 9.309291549450462502e-17 -1.605028157342634040e-16 -7.921931170952550406e-18 1.000000000000000444e+00
2.908980995997842434e-01 -9.567451363934686981e-01 -4.127909486285588972e-03 -5.645530492552519064e+01 9.567234595072625636e-01 2.908515974983170160e-01 9.250419511889637625e-03 4.972511616401919099e+01 -7.649684809190915140e-03 -6.640197300765590845e-03 9.999486937348791571e-01 -9.162129193212057432e-01 9.375300129159371123e-17 -1.642281069301774716e-16 -8.204849754751815784e-18 1.000000000000000666e+00
2.903056375775251996e-01 -9.569320452783639519e-01 1.922891084189494058e-03 -5.620864978798664424e+01 9.568995585000421578e-01 2.903116526400097430e-01 7.898055701609434792e-03 5.050455666435635749e+01 -8.116140284767182911e-03 -4.528364665775778692e-04 9.999669610572010647e-01 -9.261884223743953592e-01 9.378780718312345336e-17 -1.702317675137194838e-16 -8.458166925133142810e-18 1.000000000000000666e+00
2.895025470025407999e-01 -9.571767815873546414e-01 9.402495206848096023e-04 -5.596976386981626916e+01 9.571578168802201692e-01 2.895027901133904735e-01 6.086715178939080921e-03 5.129863513407306641e+01 -6.098267305062827527e-03 -8.621523686440609510e-04 9.999810337347037059e-01 -9.281556492748120890e-01 9.329718160843237242e-17 -1.731547098160515932e-16 -8.696472588120767688e-18 1.000000000000000666e+00
2.900867542874151495e-01 -9.569741541276718388e-01 -7.081194720066039637e-03 -5.574102051213950659e+01 9.569957738304925021e-01 2.900545358994943701e-01 5.239759033044180322e-03 5.210720467907430731e+01 -2.960381320343955999e-03 -8.296658111921817458e-03 9.999612000505648801e-01 -9.382199194629895489e-01 9.327753950075438363e-17 -1.757362890452332395e-16 -8.930046151395927870e-18 1.000000000000000666e+00
2.893133788986501642e-01 -9.571870220766844906e-01 -9.527515849173499168e-03 -5.549681227930955174e+01 9.572333980044587243e-01 2.893134037422637195e-01 1.405759554185531798e-03 5.290916543509072767e+01 1.410863238099404606e-03 -9.526761417389837880e-03 9.999536240655211294e-01 -9.468882438948807989e-01 9.225037392075410941e-17 -1.785280667578621102e-16 -9.188241217438714237e-18 1.000000000000000666e+00
2.884852016734734681e-01 -9.574461010238911607e-01 -8.558741122555548961e-03 -5.524956076105868163e+01 9.574686318787111183e-01 2.885201644814618938e-01 -3.151770283924258589e-03 5.371229305469096005e+01 5.487019566093465604e-03 -7.285487067234201926e-03 9.999584062821913477e-01 -9.498691946891063553e-01 9.037639099443944796e-17 -1.799634854497669825e-16 -9.426953086109180439e-18 1.000000000000000888e+00
2.886430150125392502e-01 -9.573776977980782421e-01 -1.063737013353882772e-02 -5.500621793029646511e+01 9.574107052631243286e-01 2.886993497674870679e-01 -4.174552841076050597e-03 5.452498552036091439e+01 7.067625629107623757e-03 -8.979376523322177978e-03 9.999347076010319801e-01 -9.479846798066278168e-01 8.832088005690078384e-17 -1.802653820208279511e-16 -9.672799999546050476e-18 1.000000000000001332e+00
2.889397144011564000e-01 -9.572085920976390883e-01 -1.629578645737891213e-02 -5.477030168740822091e+01 9.573317588105839659e-01 2.889901356470309102e-01 -7.778633383677308099e-04 5.535253730104405179e+01 5.453899009749030476e-03 -1.537571829961691464e-02 9.998669122799800357e-01 -9.451259265541851473e-01 8.589292194381497982e-17 -1.824489586071882965e-16 -9.895814492076785068e-18 1.000000000000001554e+00
2.890603044446318215e-01 -9.572197802159730928e-01 -1.320729940930228524e-02 -5.452218801989956631e+01 9.573108898721287563e-01 2.890324629780444132e-01 4.011916887156566879e-03 5.617869861669389309e+01 -2.294792341694417952e-05 -1.380317746713877886e-02 9.999047313445110774e-01 -9.452156127619220083e-01 8.289051575923388586e-17 -1.825141664956527363e-16 -1.011776909373062228e-17 1.000000000000001554e+00
2.881801993866554001e-01 -9.575526068177303562e-01 -6.721447616273555810e-03 -5.426470257073408732e+01 9.575616823364513364e-01 2.881300849746356585e-01 7.528522665712454078e-03 5.700852196529096716e+01 -5.272305231217029597e-03 -8.605771850071055121e-03 9.999490704472626668e-01 -9.499881909453028461e-01 8.140589745064627291e-17 -1.844829232187658150e-16 -1.033783124076042923e-17 1.000000000000001554e+00
2.877118925795986715e-01 -9.576675061358983498e-01 -9.737276812938931020e-03 -5.401734681035407704e+01 9.576856686465486934e-01 2.876053573212415948e-01 1.101446817464975247e-02 5.784924184494889943e+01 -7.747705291116417127e-03 -1.249424393968650258e-02 9.998919276256932331e-01 -9.613436882030583774e-01 8.038275256658396150e-17 -1.879308272749280025e-16 -1.054007504169843839e-17 1.000000000000001554e+00
2.881418676068711049e-01 -9.575262111539589727e-01 -1.085445001742002015e-02 -5.377112029007428617e+01 9.575610508401110055e-01 2.880307118403835354e-01 1.073046833760503242e-02 5.868012597463381752e+01 -7.148289726068793142e-03 -1.348569575207043784e-02 9.998835121972946549e-01 -9.737283957287179437e-01 7.990790606224105457e-17 -1.904414718313143873e-16 -1.071900368458543105e-17 1.000000000000001332e+00
2.863376797874834234e-01 -9.581056929245033160e-01 -6.649384902738980294e-03 -5.351543421545144952e+01 9.581255980624121538e-01 2.863119897434179273e-01 4.558822956977725063e-03 5.950934093217139065e+01 -2.464035606049602267e-03 -7.676308674750428884e-03 9.999675008786936825e-01 -9.722800419369920233e-01 7.919841089684784077e-17 -1.935087351607872999e-16 -1.091580654392651852e-17 1.000000000000001110e+00
2.859063550364201456e-01 -9.582400400977908461e-01 -5.794972232291902524e-03 -5.326105812113039661e+01 9.582546417066688527e-01 2.859151868130016538e-01 -7.399982140236277713e-04 6.034669097922105152e+01 2.365966486642879802e-03 -5.341488848052984746e-03 9.999829352040880970e-01 -9.761470722585965376e-01 7.805448458307952952e-17 -1.948121621504778796e-16 -1.110845292109673989e-17 1.000000000000000888e+00
2.858363768264236549e-01 -9.582424970894615202e-01 -8.299545438723389401e-03 -5.301583069051831387e+01 9.582704686329329702e-01 2.858586019017360647e-01 -1.602705479412622940e-03 6.119552743677243001e+01 3.908276956217066056e-03 -7.495097769653577893e-03 9.999642738021019550e-01 -9.825101103436025829e-01 7.636567595004429206e-17 -1.925253003818218697e-16 -1.128998986174976082e-17 1.000000000000000666e+00
2.852446521148521152e-01 -9.584307500187061457e-01 -6.781287373625771372e-03 -5.276380894498337426e+01 9.584544426077004076e-01 2.852429966995269628e-01 1.230560640396730987e-03 6.204190802996428289e+01 7.549075744067965154e-04 -6.850565851630482581e-03 9.999762496489453811e-01 -9.852397287640717316e-01 7.555469805657206744e-17 -1.915429662961524658e-16 -1.146979856812502819e-17 1.000000000000000444e+00
2.844496876447681899e-01 -9.586878835375998165e-01 -2.432520702934046555e-03 -5.250857749037611910e+01 9.586844498719454544e-01 2.844374798808339544e-01 4.409717998162544436e-03 6.289203154299031695e+01 -3.535643156163671176e-03 -3.586362679076596227e-03 9.999873185346429549e-01 -9.885464432467264695e-01 7.489543981664348390e-17 -1.904445081616233074e-16 -1.165571555608493009e-17 1.000000000000000000e+00
2.836692237529071514e-01 -9.589221787865559454e-01 -1.628700067883685505e-04 -5.225533834583396242e+01 9.589015158012023088e-01 2.836619876528157502e-01 6.615115650720980976e-03 6.374581662821114492e+01 -6.297181082868079371e-03 -2.032681018067080542e-03 9.999781066194319834e-01 -9.894167866367187258e-01 7.328252622625842328e-17 -1.872890547067487040e-16 -1.185464506235226050e-17 9.999999999999996669e-01
2.834815742901663493e-01 -9.589610105652827121e-01 -5.654843370484276613e-03 -5.201258710314002798e+01 9.589713821810056382e-01 2.834534068782997851e-01 5.296629777805433523e-03 6.459676324369235090e+01 -3.476376825596361013e-03 -6.924329910858299277e-03 9.999699837791858892e-01 -9.897931875451686512e-01 7.264608641373571978e-17 -1.851264377702778600e-16 -1.205733900594672547e-17 9.999999999999993339e-01
2.835383826848299482e-01 -9.589498889509494584e-01 -4.593040974055408003e-03 -5.176059330244121526e+01 9.589603434645278535e-01 2.835400755315441446e-01 2.919418303360348898e-04 6.544636293627735313e+01 1.022353598913682687e-03 -4.487320864441092863e-03 9.999894093161534325e-01 -9.977975515879473623e-01 7.248186427805327775e-17 -1.844211336948772990e-16 -1.224654412328908215e-17 9.999999999999991118e-01
2.831708746817016564e-01 -9.590639991060935232e-01 -3.240578741003810430e-03 -5.150763902690175655e+01 9.590596310970379568e-01 2.831816601660384070e-01 -3.573701959707445766e-03 6.629918351827971890e+01 4.345081360858157361e-03 -2.095939942108158201e-03 9.999883635841050333e-01 -1.006672415173521351e+00 7.334371853234784847e-17 -1.834911369675012057e-16 -1.244135281861613098e-17 9.999999999999988898e-01
2.836969790980205519e-01 -9.588993309924482844e-01 -5.300667206584490192e-03 -5.126187451014455831e+01 9.589121878661854836e-01 2.837028058366170558e-01 -3.659538198348181678e-04 6.715546204861746560e+01 1.854727032318867009e-03 -4.979054395042657559e-03 9.999858844028025606e-01 -1.011083175510178567e+00 7.379282589389684351e-17 -1.836150290614876661e-16 -1.264457565580044645e-17 9.999999999999988898e-01
2.839786056736689490e-01 -9.588162564639052254e-01 -5.247652819822571160e-03 -5.101327834147456031e+01 9.588218269536585847e-01 2.839483149102340898e-01 5.835976094353521187e-03 6.802044544144256122e+01 -4.105566576188136863e-03 -6.688856417943741216e-03 9.999692012871174152e-01 -1.002065020716375709e+00 7.504260356372342190e-17 -1.844983711251393550e-16 -1.285568666749587598e-17 9.999999999999986677e-01
2.832005438738719461e-01 -9.590523417745067114e-01 -4.007204300602081742e-03 -5.075850244515565635e+01 9.590261879135897338e-01 2.831524238913313840e-01 9.668285291816770821e-03 6.887776179432547963e+01 -8.137742039327945306e-03 -6.581077517571695852e-03 9.999452317867684181e-01 -9.969426610332408067e-01 7.587861658478051592e-17 -1.875431245615108187e-16 -1.305834431885174711e-17 9.999999999999982236e-01
2.834125041336814088e-01 -9.589872851377551077e-01 -4.554058049243788452e-03 -5.050870913799543871e+01 9.589562189426440453e-01 2.833525526095166946e-01 1.069116836441840780e-02 6.972521254530872170e+01 -8.962290551769811625e-03 -7.397153086026972933e-03 9.999324774574384067e-01 -1.002661870311333026e+00 7.585671432538687513e-17 -1.889173442009476833e-16 -1.325024774057817505e-17 9.999999999999980016e-01
2.837056035781576613e-01 -9.588970183448816131e-01 -5.257252853338143656e-03 -5.025669242588540442e+01 9.588553522575027355e-01 2.836254568786896746e-01 1.236986894018734032e-02 7.058964645677578176e+01 -1.037033970161897051e-02 -8.550346170457322204e-03 9.999096697375813303e-01 -1.020193812774386144e+00 7.653869005891121680e-17 -1.932963152527138621e-16 -1.344552266679194770e-17 9.999999999999975575e-01
2.837042997684653400e-01 -9.588819231528759035e-01 -7.571508663086480920e-03 -5.001143117251110226e+01 9.588610251742911705e-01 2.835991621375125726e-01 1.253194465022199923e-02 7.144421915379230370e+01 -9.869381674093694046e-03 -1.081539114053596019e-02 9.998928055645396329e-01 -1.032489818479108923e+00 7.660669522110521803e-17 -1.976522013901019829e-16 -1.367096357913674877e-17 9.999999999999972244e-01
2.838869902296372594e-01 -9.588058245731208018e-01 -9.978353717797004696e-03 -4.976451125920924312e+01 9.588391382671767049e-01 2.838012777809807430e-01 9.183771396048132085e-03 7.229410214447969452e+01 -5.973583970829298220e-03 -1.217478930068258657e-02 9.999080411717383710e-01 -1.040731993041139614e+00 7.691197128645679156e-17 -2.024686558072990843e-16 -1.390755308841359324e-17 9.999999999999968914e-01
2.838281339017066918e-01 -9.588237860456133577e-01 -9.926616690786425543e-03 -4.951329155408259197e+01 9.588729669669381339e-01 2.838344605952269339e-01 7.951092744776247718e-04 7.313184037354594125e+01 2.055146209079501858e-03 -9.744038779863326699e-03 9.999504138116993568e-01 -1.039316363339473082e+00 7.713989934403449830e-17 -2.065420063740978372e-16 -1.415803789570708597e-17 9.999999999999966693e-01
2.834222160591999273e-01 -9.589476132092865646e-01 -9.556284015936170745e-03 -4.926036476633652228e+01 9.589539495718486517e-01 2.834884013755437637e-01 -6.453594829042493507e-03 7.397782598750902139e+01 8.897755036688506647e-03 -7.334944152318223498e-03 9.999335120644073926e-01 -1.038126010000409050e+00 7.727570485244427487e-17 -2.112069385264623770e-16 -1.440226498086366363e-17 9.999999999999963363e-01
2.836410574004338270e-01 -9.588773895845034145e-01 -1.009466692139117903e-02 -4.900947271018031159e+01 9.588920839165741006e-01 2.837082286386816699e-01 -5.967613003892059502e-03 7.482918425298430520e+01 8.586149250177595171e-03 -7.987036138117494313e-03 9.999312402833762103e-01 -1.033604847568705187e+00 7.852246116498912442e-17 -2.191034494402483329e-16 -1.467320934497140384e-17 9.999999999999958922e-01
2.838195456027535757e-01 -9.588377505585271576e-01 -8.754064061004309880e-03 -4.875682768506300135e+01 9.588747601710596591e-01 2.838294948964597553e-01 1.101537662946451297e-04 7.568861653318569438e+01 2.379041991225287322e-03 -8.425314868916544339e-03 9.999616763798653274e-01 -1.025657303565675749e+00 8.074239388416630183e-17 -2.294015470743398336e-16 -1.497280867817351445e-17 9.999999999999955591e-01
2.835740176835547244e-01 -9.589189777079055732e-01 -7.756976621060405856e-03 -4.850714557773457614e+01 9.589383116385833405e-01 2.835206456960503996e-01 7.304651667472557806e-03 7.654995138187737780e+01 -4.805306089245450080e-03 -9.509871485548096123e-03 9.999432340776061023e-01 -1.021941417043597866e+00 8.411777286147814837e-17 -2.401460334788236814e-16 -1.524735351002449754e-17 9.999999999999952260e-01
2.834154869596163251e-01 -9.589667325349401361e-01 -7.646413706090953409e-03 -4.825633259438242817e+01 9.589558963558848514e-01 2.833202509111111822e-01 1.154228175439498717e-02 7.740142439104340610e+01 -8.902280370243409111e-03 -1.060383491348482893e-02 9.999041494509364192e-01 -1.026102594318307970e+00 8.787915713674290361e-17 -2.512758496642499228e-16 -1.552049390230522814e-17 9.999999999999951150e-01
2.832081233558959577e-01 -9.590285886323131059e-01 -7.571330860521760867e-03 -4.800369067274296242e+01 9.590162381058807695e-01 2.831127353761287435e-01 1.162041811849545345e-02 7.825326886436135965e+01 -9.000772997151710794e-03 -1.055202604726831681e-02 9.999038157901055657e-01 -1.034168938214482747e+00 9.089726288272871945e-17 -2.623369244440491928e-16 -1.580427665659671190e-17 9.999999999999950040e-01
2.838849688168146868e-01 -9.588016628097990601e-01 -1.042573128796053274e-02 -4.775564220028969942e+01 9.588388670647628453e-01 2.837931182400176833e-01 9.460076412706948032e-03 7.910767203107205603e+01 -6.111586202682257711e-03 -1.268216987390133853e-02 9.999009006302757019e-01 -1.045432062856166411e+00 9.435923276664617455e-17 -2.757262051661174800e-16 -1.610983140831514011e-17 9.999999999999950040e-01
2.841824403756966766e-01 -9.586801052726079408e-01 -1.314520203180056038e-02 -4.750745450196777853e+01 9.587644699856268105e-01 2.841065279250276632e-01 7.360155143552381957e-03 7.996251398792742293e+01 -3.321396599729749266e-03 -1.469477950911704696e-02 9.998865094497793038e-01 -1.057262185530149834e+00 9.689673714214846301e-17 -2.881472074059712986e-16 -1.641345596051169659e-17 9.999999999999950040e-01
2.834101062432111684e-01 -9.589081853409801015e-01 -1.318346559583060025e-02 -4.725558898378931616e+01 9.589947966796779077e-01 2.833423841169314117e-01 6.787731905070213193e-03 8.081497925986140274e+01 -2.773377110840007358e-03 -1.456658672897901199e-02 9.998900554212567515e-01 -1.062633588546443075e+00 1.000591640773667819e-16 -2.986958909013807240e-16 -1.677982137359558650e-17 9.999999999999948930e-01
2.824332422744892379e-01 -9.592012398211613444e-01 -1.282361819835554397e-02 -4.700412731718426329e+01 9.592776871131765137e-01 2.823465130297721504e-01 8.171021166851281589e-03 8.167294071812266054e+01 -4.216949751132583434e-03 -1.460917880659438894e-02 9.998843879315484351e-01 -1.068461558136217349e+00 1.040283570343366513e-16 -3.099238385488949639e-16 -1.722830058770365106e-17 9.999999999999945599e-01
2.824262687105727476e-01 -9.591840820210435492e-01 -1.418800688949776491e-02 -4.675745457226407353e+01 9.592591870219445704e-01 2.822699769386510238e-01 1.206118705786196274e-02 8.252397610469134293e+01 -7.564050258691415625e-03 -1.701637201126079968e-02 9.998265990796151303e-01 -1.068900036307621093e+00 1.076704090684781680e-16 -3.226186546276858052e-16 -1.768240016005497578e-17 9.999999999999943379e-01
2.821120652031042786e-01 -9.592797164681513555e-01 -1.397169422232744790e-02 -4.650859419765554037e+01 9.593359645566781335e-01 2.819269475728357066e-01 1.384569754732095995e-02 8.337650214869151455e+01 -9.342899712992593780e-03 -1.730958708252763531e-02 9.998065254937246182e-01 -1.071910008572892536e+00 1.121565207121985817e-16 -3.379353882073857407e-16 -1.821247954313095223e-17 9.999999999999937828e-01
2.811398795468259548e-01 -9.595861454821217329e-01 -1.244176542839929567e-02 -4.625164283378791197e+01 9.596260347547682645e-01 2.809848118322031962e-01 1.286114072192615781e-02 8.423057047206333436e+01 -8.845425334113494326e-03 -1.555522157680887599e-02 9.998398839475252098e-01 -1.081587250635411168e+00 1.159425447287224955e-16 -3.519373030303419156e-16 -1.876940914154729815e-17 9.999999999999931166e-01
2.806096691659928921e-01 -9.597129189630365653e-01 -1.446812862157327052e-02 -4.601253117010131888e+01 9.597940513007429120e-01 2.804546565715338446e-01 1.185599828209800422e-02 8.508054817988103480e+01 -7.320700674753708934e-03 -1.721333154002000973e-02 9.998250389737034505e-01 -1.095715045761243234e+00 1.197202948796645661e-16 -3.660733872666603498e-16 -1.924321306549592315e-17 9.999999999999926725e-01
2.798541738191794859e-01 -9.599420849885934581e-01 -1.388649932640807598e-02 -4.576556463184199686e+01 9.600176323838379711e-01 2.797134907529386649e-01 1.124760432974144901e-02 8.593475835569930155e+01 -6.912807550507632515e-03 -1.647897322259084946e-02 9.998403155170032530e-01 -1.106684252529400725e+00 1.233937094695434432e-16 -3.781119184814589234e-16 -1.972183860819909535e-17 9.999999999999923395e-01
2.784343708963590291e-01 -9.604078351035451044e-01 -9.544180167592678649e-03 -4.551119858040745925e+01 9.604396693076672209e-01 2.783594898196333767e-01 8.463808112311486248e-03 8.678301930824950716e+01 -5.471994503694841902e-03 -1.152322433112230350e-02 9.999186329782071558e-01 -1.106069930354652842e+00 1.258542232826062173e-16 -3.915537767176912084e-16 -2.020418027251895430e-17 9.999999999999917843e-01
2.770419220903900803e-01 -9.607507214647633687e-01 -1.434658876508724396e-02 -4.527083185092607920e+01 9.608570096232761371e-01 2.769912666358240183e-01 5.444746599635951444e-03 8.763351019755819493e+01 -1.257164429864329313e-03 -1.529344344238183287e-02 9.998822581309807500e-01 -1.109771100813575551e+00 1.254234938984112488e-16 -4.028003968498566711e-16 -2.064204747746985438e-17 9.999999999999910072e-01
2.763963586740591505e-01 -9.607957535927560411e-01 -2.183054716763237549e-02 -4.504004667437385478e+01 9.610351399936876149e-01 2.764186177059740346e-01 2.051215024249667708e-03 8.848431507135006768e+01 4.063570986820419506e-03 -2.154687131695021823e-02 9.997595809629044039e-01 -1.121946632134674493e+00 1.248237593944881564e-16 -4.158018643702563146e-16 -2.112937491690233450e-17 9.999999999999898970e-01
2.750601895856351065e-01 -9.611513638214874700e-01 -2.302059792864605617e-02 -4.480346515902932225e+01 9.614134061740431392e-01 2.751048056870837866e-01 1.268194364813912851e-03 8.933391811731904397e+01 5.114150376611913996e-03 -2.248114124916552117e-02 9.997341865485519508e-01 -1.124506312345294301e+00 1.271332277100725671e-16 -4.301364589352412257e-16 -2.174496443836962456e-17 9.999999999999890088e-01
2.737520544110831899e-01 -9.615592233509511200e-01 -2.153306049320097629e-02 -4.456500131010726307e+01 9.617974786168601575e-01 2.737368427273837446e-01 3.708242191523077828e-03 9.018776552570224680e+01 2.328697511970735570e-03 -2.172558220745503949e-02 9.997612596242553273e-01 -1.108558010788122328e+00 1.308840413635916128e-16 -4.437896273857320948e-16 -2.242898482431072573e-17 9.999999999999880096e-01
2.732389533430726880e-01 -9.617643969524694025e-01 -1.870077887160773514e-02 -4.432569863310239100e+01 9.619444102681308228e-01 2.731494028528633211e-01 7.235694526749387144e-03 9.104266118819563758e+01 -1.850926801406593564e-03 -1.996618330241085523e-02 9.997989425850288825e-01 -1.100398596721213318e+00 1.354246431042992464e-16 -4.584216624369860460e-16 -2.317243043808123499e-17 9.999999999999870104e-01
2.722106337650248564e-01 -9.620384831234353173e-01 -1.957876029186492520e-02 -4.409389845174735001e+01 9.622294301050822174e-01 2.720676399190833372e-01 9.681071674994556203e-03 9.189973209106581464e+01 -3.986816404091216882e-03 -2.147455001398921107e-02 9.997614460442486584e-01 -1.104315895193894503e+00 1.391080255111876765e-16 -4.743151044865501366e-16 -2.382306075752748436e-17 9.999999999999860112e-01
2.712214217847940811e-01 -9.623600655277646521e-01 -1.737943158412862815e-02 -4.386213028931168623e+01 9.625046739993181610e-01 2.710824257686283434e-01 9.953440065397063663e-03 9.275225884542976473e+01 -4.867534761275891901e-03 -1.942737029737159893e-02 9.997994220785020314e-01 -1.115779541802321306e+00 1.450615121922518351e-16 -4.900535862087929539e-16 -2.450967498425457643e-17 9.999999999999851230e-01
2.697619062921768895e-01 -9.628283412715759049e-01 -1.378764510660590061e-02 -4.362861022610641726e+01 9.629078436000503283e-01 2.696384227529051714e-01 1.017868896788582528e-02 9.359899151788039262e+01 -6.082651335265538105e-03 -1.602205415746714087e-02 9.998531367821669180e-01 -1.128660033943284624e+00 1.529102961179241984e-16 -5.067904220215295526e-16 -2.513090148863791092e-17 9.999999999999842348e-01
2.689269695925088355e-01 -9.630699649955505315e-01 -1.321088751756366482e-02 -4.340266416835215324e+01 9.631261610011496721e-01 2.687761238913655704e-01 1.214056100041115485e-02 9.444842044192287744e+01 -8.141438517576210163e-03 -1.598867565721403747e-02 9.998390266585036601e-01 -1.135938289590172845e+00 1.605428646532408491e-16 -5.222798031111175415e-16 -2.568794042991501156e-17 9.999999999999835687e-01
2.685888712718979554e-01 -9.630790811738312307e-01 -1.840384834735707409e-02 -4.318252431433056415e+01 9.632210280074473552e-01 2.683701555830692032e-01 1.351705577726583507e-02 9.530182442347599192e+01 -8.078950013858429702e-03 -2.135750447858102141e-02 9.997392597917483803e-01 -1.133227219489209014e+00 1.690392920610273405e-16 -5.376907597677988199e-16 -2.619731001846508577e-17 9.999999999999829026e-01
2.682588986775930606e-01 -9.630718065709658049e-01 -2.301865913012256931e-02 -4.296444669942610517e+01 9.633214981238912289e-01 2.680018808392842233e-01 1.366320311069917255e-02 9.615509127928082478e+01 -6.989601762118437603e-03 -2.583964501692851551e-02 9.996416649041990343e-01 -1.136665488587178308e+00 1.780139446932991997e-16 -5.558968330904440455e-16 -2.677037922964124282e-17 9.999999999999821254e-01
2.686924083399939156e-01 -9.628891665730250349e-01 -2.547238890405209566e-02 -4.273744867108406709e+01 9.632148626412225800e-01 2.684679699270602349e-01 1.191962711648680666e-02 9.700253887414150711e+01 -4.638759281814577862e-03 -2.773809689581454088e-02 9.996044617211137240e-01 -1.145688107333173944e+00 1.868403608979427957e-16 -5.747510046168050346e-16 -2.741356523408130682e-17 9.999999999999812372e-01
2.701869282436981656e-01 -9.624401166643470340e-01 -2.660912702560107312e-02 -4.250608392751151854e+01 9.627988713870575532e-01 2.699616065561715739e-01 1.179255026392455122e-02 9.784768465600983234e+01 -4.166180770916458505e-03 -2.880543040082352013e-02 9.995763553211143293e-01 -1.158607978936190275e+00 1.952936140460217599e-16 -5.934027174716990651e-16 -2.805278964831287022e-17 9.999999999999801270e-01
2.712900440359511944e-01 -9.621745593315931266e-01 -2.493650700741756321e-02 -4.226886830594051503e+01 9.624710334748204366e-01 2.709988345856686465e-01 1.446172103982655034e-02 9.869688941177575714e+01 -7.156935731047936282e-03 -2.792398660842366001e-02 9.995844282714045903e-01 -1.171956495682898280e+00 2.041268480710661728e-16 -6.103316110972935931e-16 -2.862170643514704540e-17 9.999999999999789058e-01
