1.000000000000000000e+00 4.398956837314658088e-19 2.733407509747682871e-20 -8.673617379884035472e-19 -5.583667658079949532e-19 1.000000000000000000e+00 -6.100159232558060012e-19 0.000000000000000000e+00 4.145284534913582806e-20 -2.210423569125054137e-19 1.000000000000000222e+00 0.000000000000000000e+00
9.998884979158720876e-01 3.942723051278924440e-04 1.492770247762219282e-02 -6.403920518617677027e-02 -3.908491692536740351e-04 9.999998966531461475e-01 -2.322313435026914939e-04 -9.679183763223173087e-03 -1.492779275600218843e-02 2.263709847387814194e-04 9.998885486605335604e-01 3.107968240660796688e-02
9.993337486902933442e-01 3.416510604442141944e-03 3.633711883994569791e-02 9.455881992133161398e-03 -3.405199336559226915e-03 9.999941326663357444e-01 -3.731713489233997173e-04 -1.338532234562289647e-03 -3.633818121159312214e-02 2.491876236387957134e-04 9.993395191142973033e-01 2.333339361662368494e-01
9.979427529956181875e-01 5.037149261232345965e-03 6.391313542699605943e-02 9.371098679615448568e-03 -5.098297522431833803e-03 9.999866886304755731e-01 7.936836246856245145e-04 2.459606064238326062e-03 -6.390828785880893481e-02 -1.117898955891699327e-03 9.979551498069191284e-01 4.089738271103788292e-01
9.953252119560312972e-01 4.528254768719533127e-03 9.647392040610171249e-02 7.413956918506597882e-02 -4.785788328938768606e-03 9.999855755152872172e-01 2.438237045162613449e-03 5.327229738351840771e-03 -9.646148952903259299e-02 -2.888542506090048360e-03 9.953325260366412408e-01 5.572968454042711572e-01
9.910069292802997643e-01 1.336269190733295866e-03 1.338038877491649348e-01 1.606924034792690525e-01 -1.960871115804135693e-03 9.999877880917028561e-01 4.536370182691715561e-03 3.087967540434749525e-03 -1.337961942491250611e-01 -4.757946383425865587e-03 9.909974472593001682e-01 7.545526397097819249e-01
9.847622080167900416e-01 -1.878121255205913000e-03 1.738961357902725768e-01 2.041338007577301328e-01 9.391973199525537226e-04 9.999845355848255846e-01 5.481468456702662424e-03 -9.690506564893897057e-03 -1.739037444568451718e-01 -5.234620080198698101e-03 9.847487429285278759e-01 9.364522178736480740e-01
9.760701382799351622e-01 -2.149212549972458804e-03 2.174453161760540043e-01 3.007306276387441413e-01 7.606048713166132721e-04 9.999787832753536110e-01 6.469503553701995424e-03 -6.922229574461022383e-03 -2.174546107963360175e-01 -6.149299112828937597e-03 9.760510636660748585e-01 1.175398433871770232e+00
9.643556946968673271e-01 -2.051423246369996588e-03 2.646013698342778442e-01 4.116392836442201997e-01 -4.723870078146974049e-04 9.999550074036075431e-01 9.474176323946471162e-03 7.162195540581978159e-03 -2.646089048503828534e-01 -9.261469975022914441e-03 9.643113363950162054e-01 1.365490630298816788e+00
9.498785149210917655e-01 -5.900764765096789925e-03 3.125635720974194731e-01 5.393743457503344940e-01 7.970816915619561866e-04 9.998643106801295977e-01 1.645371938270828380e-02 1.858502391360972172e-02 -3.126182554852245388e-01 -1.537989567409843439e-02 9.497543295073834768e-01 1.626303813202532922e+00
9.330688630812932205e-01 -1.558487389572497939e-02 3.593599959856139670e-01 6.627143089905357387e-01 7.226206041765661885e-03 9.996714657465564091e-01 2.459151266085090812e-02 -4.862845149939010181e-03 -3.596251957487667794e-01 -2.034876522206010771e-02 9.328749370087504600e-01 1.808741018577796567e+00
9.119375384538961349e-01 -2.128478381237538727e-02 4.097766240137266647e-01 8.264891090291013320e-01 1.002520876494492237e-02 9.995113581292681681e-01 2.960642038837874371e-02 -4.682890932472871803e-03 -4.102065633356304919e-01 -2.289110973534188090e-02 9.117053114201265629e-01 2.053927496024315236e+00
8.869107528994828460e-01 -2.321283071361630868e-02 4.613572128043857412e-01 1.010660863270022691e+00 8.684006123673605401e-03 9.993979739189127187e-01 3.358984566718124787e-02 -3.978653509113846964e-03 -4.618591871032625140e-01 -2.578476623074575300e-02 8.865783892167193869e-01 2.282587335113801075e+00
8.587384806683537875e-01 -2.527439242684053830e-02 5.117904092755644063e-01 1.188976707163123425e+00 6.837030425364549156e-03 9.992590668512389973e-01 3.787574814450574839e-02 2.020826461826674691e-02 -5.123685021625439262e-01 -2.902623557629377751e-02 8.582750139398444000e-01 2.508853322868478841e+00
8.266359140859931287e-01 -3.051512227797042315e-02 5.619091457553783142e-01 1.419153825095633259e+00 7.988952969400541296e-03 9.990644137989370677e-01 4.250263135062107289e-02 1.955737676645692702e-02 -5.626804140190975190e-01 -3.064513550047999815e-02 8.261063080262751601e-01 2.748779260506359456e+00
7.908385944870052198e-01 -3.627705921674028583e-02 6.109486776375165906e-01 1.638382447332092484e+00 1.009700184921115233e-02 9.988792499967742433e-01 4.624169582733429068e-02 2.126100223404335521e-02 -6.119414802097816741e-01 -3.040096747270687461e-02 7.903185508130942116e-01 2.934899276002162605e+00
7.528768498784615959e-01 -4.068073735572223792e-02 6.569029759385264233e-01 1.900157696190897250e+00 1.114285972786049385e-02 9.987327530028353717e-01 4.907876022470166605e-02 3.362709691404094925e-02 -6.580670891354233332e-01 -2.963048428719088773e-02 7.523760677861792701e-01 3.144980366086499668e+00
7.128389116164018935e-01 -4.393509983546393244e-02 6.999502734868437992e-01 2.220115597382085859e+00 1.214393380903598142e-02 9.986594538335273885e-01 5.031719473831850614e-02 4.246858585711728307e-02 -7.012226609205737260e-01 -2.736790408378148021e-02 7.124168621147624059e-01 3.395294806847926949e+00
6.713759286618677935e-01 -4.582735562651109318e-02 7.396987272938683189e-01 2.496170643982786874e+00 1.128418026986736586e-02 9.986027557610661631e-01 5.162560806129953134e-02 5.362681692232489777e-02 -7.410310654143200670e-01 -2.631329626027216831e-02 6.709549756240783536e-01 3.584870194558777090e+00
6.287457109158343105e-01 -4.621750655343398462e-02 7.762362806448118713e-01 2.847590010382325509e+00 7.124321878474040338e-03 9.985326401687379949e-01 5.368249719825975846e-02 8.294252513649323644e-02 -7.775783473103460297e-01 -2.822248221611501143e-02 6.281523820262777669e-01 3.818161053482928669e+00
5.873737501553819573e-01 -4.727733331280194878e-02 8.079337353944875399e-01 3.169892905361952895e+00 4.385424466472136705e-03 9.984635738763051327e-01 5.523820821813462539e-02 9.723126312061895760e-02 -8.093039340650554081e-01 -2.890234058277767887e-02 5.866786238288055344e-01 4.002183830729278746e+00
5.470079414976561916e-01 -4.831827020914408050e-02 8.357318022483932740e-01 3.554155432018852423e+00 2.231991542227979106e-03 9.984134935589589199e-01 5.626290117234894472e-02 1.188625236691671222e-01 -8.371244488910247750e-01 -2.891090684845735309e-02 5.462479546799829944e-01 4.212916436237155615e+00
5.080302996585756015e-01 -5.071432866225109026e-02 8.598449042385812868e-01 3.983964738108154435e+00 1.109093645091713569e-03 9.983028467115178106e-01 5.822539062667141108e-02 1.297411194785467181e-01 -8.613384921164600749e-01 -2.862661350763094290e-02 5.072243401051114153e-01 4.430900842036264109e+00
4.707258401284745153e-01 -5.059306390874834108e-02 8.808277428082486038e-01 4.395026769600697492e+00 -1.673914592288844577e-03 9.983014934590797029e-01 5.823509360243855210e-02 1.516552358315059745e-01 -8.822779581886595057e-01 -2.888719313100187105e-02 4.698416195132990025e-01 4.619333487402532690e+00
4.345554311937451786e-01 -4.983110285170950365e-02 8.992654919346687592e-01 4.848914356178064544e+00 -3.076138529635018964e-03 9.983802770574736751e-01 5.680985582015197349e-02 1.807184900726189758e-01 -9.006398443243492924e-01 -2.745329594470245077e-02 4.336982831616537082e-01 4.802776219014698533e+00
4.010760490769644249e-01 -4.863674136391538810e-02 9.147526749341189367e-01 5.365985773552768734e+00 -1.801605997429188682e-03 9.985456913408782276e-01 5.388187529784056740e-02 1.951860394403956978e-01 -9.160429968714159932e-01 -2.325875283576755645e-02 4.004051351835186678e-01 4.990868463125774923e+00
3.713850922161069934e-01 -4.698838874480609773e-02 9.272891621395379369e-01 5.856118706308072852e+00 1.096295729793743320e-04 9.987208103406742810e-01 5.056412700229553220e-02 2.186462755230722810e-01 -9.284789263478184784e-01 -1.867710386824837643e-02 3.709151702677742635e-01 5.167722829976041155e+00
3.456647925264924037e-01 -4.511800267617752103e-02 9.372727470205818312e-01 6.402669154480928881e+00 1.162163976444368415e-03 9.988632165703483778e-01 4.765421203505799258e-02 2.415590442986361164e-01 -9.383573499922924777e-01 -1.538311786616089125e-02 3.453242797251994123e-01 5.364340446461064893e+00
3.250432549932403825e-01 -4.459821787766018314e-02 9.446469532821024639e-01 6.974808924096589813e+00 2.308125904415541437e-03 9.989218328055081697e-01 4.636641527782678351e-02 2.672736673194640589e-01 -9.456963417801167449e-01 -1.289072558211667649e-02 3.247957409998271650e-01 5.535936004548452694e+00
3.105602195466259929e-01 -4.506091447113350773e-02 9.494850440343410858e-01 7.561922255036479079e+00 3.323481998923256270e-03 9.989211234958008667e-01 4.632001150687149738e-02 2.937905428399653629e-01 -9.505479054541007278e-01 -1.122955561052420628e-02 3.103749212326720741e-01 5.712631122216709656e+00
2.983775647773141970e-01 -4.667652912772077278e-02 9.533058875027325962e-01 8.171438214932319255e+00 4.286986157311560922e-03 9.988589385732422610e-01 4.756514000550739196e-02 3.136147419382918078e-01 -9.544382990858459870e-01 -1.010556060303565741e-02 2.982371979483312008e-01 5.903671075521677025e+00
2.877193185408162823e-01 -4.847262451686411983e-02 9.564873145907022423e-01 8.816009692572356116e+00 3.267000760348980331e-03 9.987622156406811280e-01 4.963228058184256108e-02 3.435045013635787958e-01 -9.577092130254986069e-01 -1.115532027015385397e-02 2.875215428319551347e-01 6.077995819797437527e+00
2.774343918842144818e-01 -5.013705842429268950e-02 9.594354683995008903e-01 9.479423853166521141e+00 1.491428419372427998e-03 9.986586738179976663e-01 5.175547131679573976e-02 3.743251592968553365e-01 -9.607434361982604143e-01 -1.292781750611551525e-02 2.771370363629492850e-01 6.250799260490063070e+00
2.671834759222000422e-01 -5.187993751699999934e-02 9.622481211311572080e-01 1.016973709832019068e+01 8.413893657093104951e-04 9.985619077521497022e-01 5.360418277676624876e-02 4.026179352347959428e-01 -9.636453178938405584e-01 -1.351252566114843033e-02 2.668428913192457674e-01 6.442789709074707716e+00
2.565100492179108738e-01 -5.390457533892516195e-02 9.650372405472127380e-01 1.087641329509311561e+01 -1.447195003496128921e-04 9.984414572792720266e-01 5.580891866194007817e-02 4.310209482432134642e-01 -9.665415615638319746e-01 -1.445520730266528983e-02 2.561024649558410471e-01 6.645173413651754402e+00
2.464066915326657004e-01 -5.546347341212171794e-02 9.675781775241918403e-01 1.159718513280466290e+01 -6.192352438946497999e-04 9.983519206617614827e-01 5.738518116605431652e-02 4.623083739619141541e-01 -9.691663301593036461e-01 -1.473925026352873764e-02 2.459662474657720033e-01 6.830382963496357540e+00
2.358335294055797504e-01 -5.694498419680121132e-02 9.701235999699194812e-01 1.237240343569602175e+01 -1.169012638937999603e-03 9.982643248666439595e-01 5.888099070018361358e-02 4.882101039564872846e-01 -9.717927744591501327e-01 -1.502019772007544621e-02 2.353576282509948492e-01 7.005019837887130230e+00
2.259278810161943762e-01 -5.970342653717826409e-02 9.723127466955129306e-01 1.313546513422196682e+01 -2.291111575176524653e-03 9.980847910894092845e-01 6.181828661269912067e-02 5.260396770953762458e-01 -9.741413450454255996e-01 -1.619415061540833284e-02 2.253583933552168184e-01 7.188731319005742471e+00
2.140392482879520941e-01 -6.341834281004087026e-02 9.747642267922888015e-01 1.390606369681102272e+01 -3.851403591519241346e-03 9.978277357858664764e-01 6.576455230703169563e-02 5.726511767537610931e-01 -9.768174771660811384e-01 -1.783040491676216727e-02 2.133300474937089020e-01 7.359382054682084728e+00
2.013125303878367800e-01 -6.690863258400300828e-02 9.772392152065358939e-01 1.469530316146674487e+01 -4.523353475451446365e-03 9.975902051164829976e-01 6.923382033716364570e-02 6.107891968126830662e-01 -9.795166263373729088e-01 -1.835803309254125520e-02 2.005247557216708054e-01 7.513961865795209860e+00
1.893259233191936231e-01 -6.937710241746841699e-02 9.794603085722616287e-01 1.550172087670425469e+01 -5.383152790526257725e-03 9.974124900967938911e-01 7.168923358702714022e-02 6.524590187121053209e-01 -9.818995536100713073e-01 -1.884521396509695329e-02 1.884625717075582851e-01 7.688088363568467365e+00
1.755030089035230501e-01 -7.005132706787549346e-02 9.819834463903109878e-01 1.631109732094047260e+01 -6.215699090613366513e-03 9.973664907366556198e-01 7.225958890323401496e-02 6.886249920674167857e-01 -9.844592810135709415e-01 -1.878548801541825644e-02 1.746054007627274585e-01 7.821259253218201479e+00
1.607555227995587643e-01 -6.929910325633954760e-02 9.845584185873504923e-01 1.710442917357377013e+01 -7.585420911086750151e-03 9.974158685074330233e-01 7.144261047139241483e-02 7.231046946456018976e-01 -9.869651160847032756e-01 -1.895308333726492683e-02 1.598144451487410744e-01 7.966392231956107572e+00
1.447356666703462635e-01 -6.841277621538092990e-02 9.871024577864149219e-01 1.789296747025317202e+01 -8.564249711412307009e-03 9.974829264803944939e-01 7.038796035002525819e-02 7.613195188795327528e-01 -9.894333012247377157e-01 -1.864143942407145427e-02 1.437854508790183672e-01 8.079827036811328966e+00
1.236587406584962329e-01 -6.699076145248801517e-02 9.900609763701871957e-01 1.871581338998720057e+01 -1.107560958764683412e-02 9.975633496185852822e-01 6.888174164692982548e-02 8.028663012465862003e-01 -9.922630014024098610e-01 -1.948335739055917504e-02 1.226154626384943214e-01 8.167259455360447618e+00
9.886258666874254974e-02 -6.562275415178706051e-02 9.929349556502514718e-01 1.952242805143343674e+01 -1.535254680383344068e-02 9.976038589872779916e-01 6.745991263811700056e-02 8.491466828797943345e-01 -9.949826659524559913e-01 -2.191334097967298153e-02 9.761822017928441231e-02 8.253695375679246382e+00
6.876291448236292181e-02 -6.515851658688469328e-02 9.955028941354899796e-01 2.035920216900249002e+01 -1.950252278135132175e-02 9.975863353361343888e-01 6.664199230398580587e-02 8.872682256227950592e-01 -9.974423945895464216e-01 -2.399731464356848892e-02 6.732618702155510060e-02 8.301039325992325857e+00
3.494379798776155871e-02 -6.470240773940223733e-02 9.972925910816357042e-01 2.122556039260462768e+01 -2.245657553171200721e-02 9.975992448338270036e-01 6.550915136574639308e-02 9.281660666946476290e-01 -9.991369528443100334e-01 -2.468491410607437722e-02 3.340691058543732161e-02 8.320466202790454346e+00
8.187532369808632905e-04 -6.423620673394872527e-02 9.979343776648482711e-01 2.204609338480423020e+01 -2.435091021683607332e-02 9.976375248808736496e-01 6.423707743461713748e-02 9.586693153376665277e-01 -9.997031460040701756e-01 -2.435320389661054311e-02 -7.473925433315349717e-04 8.303430546700413473e+00
-3.310528231794428178e-02 -6.348902788269479569e-02 9.974332891604015261e-01 2.289018605236568860e+01 -2.534876089164737195e-02 9.977126234816087180e-01 6.266547109250322767e-02 9.910482707938943481e-01 -9.991303707997128969e-01 -2.320913897587403157e-02 -3.463892765242160970e-02 8.277467662562999706e+00
-6.564156131590991039e-02 -6.166441512080207688e-02 9.959360762840603343e-01 2.371130195829046627e+01 -2.733191624657886967e-02 9.978253207989822293e-01 5.997995944708323784e-02 1.022676722523839565e+00 -9.974688811851979420e-01 -2.328366237392006863e-02 -6.718421999817109080e-02 8.215150742000794537e+00
-9.811288103116796999e-02 -5.859263463553065349e-02 9.934489158936570252e-01 2.454812510947797932e+01 -2.996181955744551401e-02 9.979866435494029187e-01 5.590124046581644579e-02 1.060457041328052963e+00 -9.947241672741327090e-01 -2.428090454840423768e-02 -9.967088816315436417e-02 8.132562066279856339e+00
-1.310095673338944611e-01 -5.422630333691999538e-02 9.898969563134987215e-01 2.539498768133639217e+01 -2.699911837868035694e-02 9.983277592395201072e-01 5.111489761002983162e-02 1.084026893723156748e+00 -9.910133993618057691e-01 -2.002980359613750275e-02 -1.322545515618210876e-01 8.002344155149319960e+00
-1.620995121775088699e-01 -4.862863207852261699e-02 9.855754599354250578e-01 2.622837397523792546e+01 -2.259747705281902122e-02 9.987059899842943844e-01 4.555984653344246488e-02 1.102397792940120080e+00 -9.865156455043238015e-01 -1.488628900944525407e-02 -1.629886395610511962e-01 7.851915920070992705e+00
-1.934679921154435767e-01 -4.245319406690568897e-02 9.801876582661803727e-01 2.707514763512983791e+01 -1.618845461362700133e-02 9.990655048609784483e-01 4.007556539914521043e-02 1.120427511015543498e+00 -9.809730303994453893e-01 -8.114383259629371140e-03 -1.939744501945622479e-01 7.670806651224286732e+00
-2.221606198741557792e-01 -3.671371666575464626e-02 9.743186056040624710e-01 2.789598241846584514e+01 -1.112582126413415307e-02 9.993212062436958032e-01 3.511898140826796855e-02 1.128440143749775082e+00 -9.749466094305958563e-01 -3.038038952806150234e-03 -2.224182902467083944e-01 7.476055467619222128e+00
-2.497490303243041498e-01 -3.036650619790023584e-02 9.678343249646019775e-01 2.870542182523327668e+01 -2.290556775116194335e-03 9.995238757030856513e-01 3.076971300076747004e-02 1.150316306514429510e+00 -9.683079009790757086e-01 5.467827613984153207e-03 -2.496996763061369584e-01 7.249052347808120800e+00
-2.765608106833943869e-01 -2.076730223000609887e-02 9.607719920907684674e-01 2.951335312565660729e+01 3.580085378865400635e-03 9.997372702801011757e-01 2.264008360614227708e-02 1.139630651448778620e+00 -9.609897588411098202e-01 9.701006764513147099e-03 -2.764138025719925507e-01 7.011180030375622430e+00
-3.015701441370300939e-01 -5.691124582396846557e-03 9.534269993662009002e-01 3.028260218669085546e+01 7.907933421747908101e-03 9.999328594630428890e-01 8.470014084262338094e-03 1.132635687079690756e+00 -9.534112061875750221e-01 1.009394171754374701e-02 -3.015048928603801248e-01 6.725465885574458902e+00
-3.266672292653853282e-01 1.152248602485802208e-02 9.450691708785277090e-01 3.106356715634248999e+01 8.937606001350739682e-03 9.999186339975539850e-01 -9.101899174432269077e-03 1.111912022321129401e+00 -9.450971672525469991e-01 5.473364765204624151e-03 -3.267436344277627192e-01 6.451956824670894264e+00
-3.519777754778530277e-01 2.657147830817871079e-02 9.356311166781943189e-01 3.185015579401569497e+01 7.536463804942770614e-03 9.996450273017900567e-01 -2.555427732775293267e-02 1.086840409403698304e+00 -9.359780243057126414e-01 -1.943186670442790002e-03 -3.520530892783226284e-01 6.160896901184400143e+00
-3.765507251275499456e-01 3.707209811750855621e-02 9.256539286520788501e-01 3.260345281969549092e+01 1.188674017725787659e-02 9.993100683963553887e-01 -3.518653981609467379e-02 1.056734867750426909e+00 -9.263197456450844580e-01 -2.246508383369833200e-03 -3.767315985838799453e-01 5.860456588830214031e+00
-4.004815443843988132e-01 4.181864014335020391e-02 9.153500526740677712e-01 3.339176408712528143e+01 1.517481585984228887e-02 9.991237182673550210e-01 -3.900667284498084836e-02 1.000319307819089953e+00 -9.161791700193901988e-01 -1.731183135934201466e-03 -4.007652011764010203e-01 5.504657358998551686e+00
-4.227596659694153325e-01 4.122767237890942460e-02 9.053035563510812844e-01 3.411061798689393498e+01 1.801197756918002449e-02 9.991495819554233604e-01 -3.709018072077732014e-02 9.639284516409832859e-01 -9.060628273775230834e-01 6.260759028052920302e-04 -4.231427367068864576e-01 5.136366585771454218e+00
-4.428445055552673870e-01 3.739313572481250264e-02 8.958183313932933656e-01 3.485266973477707353e+01 2.176470832738527580e-02 9.992838582301358796e-01 -3.095267536865093164e-02 9.173440359037082770e-01 -8.963342315824431861e-01 5.790003485919524399e-03 -4.433412180620002196e-01 4.753448406315442298e+00
-4.609829552399764552e-01 3.628315154665100878e-02 8.866669237763142863e-01 3.556963481973912167e+01 2.902745418079866538e-02 9.992456393034103712e-01 -2.579843383478262753e-02 8.836010919423983312e-01 -8.869341209499825851e-01 1.384504630992811937e-02 -4.616884165852992439e-01 4.348864119947127627e+00
-4.757382036026633898e-01 3.711284038319450501e-02 8.788036098963639686e-01 3.626702509138927866e+01 3.267888669669651719e-02 9.991654441321998759e-01 -2.450521501908616701e-02 8.360579856557693867e-01 -8.789796725530153454e-01 1.706025772364008070e-02 -4.765539810377790730e-01 3.975569611997203712e+00
-4.858979367846219533e-01 4.028125465342787676e-02 8.730868237312157110e-01 3.697508747177674593e+01 3.495465475140931838e-02 9.990338078364665586e-01 -2.663874723136786318e-02 7.845766308829129621e-01 -8.733163113795546773e-01 1.757473727087828161e-02 -4.868364845860699286e-01 3.550013842549080145e+00
-4.964590959208081689e-01 4.319588334056177759e-02 8.669846989060178144e-01 3.768219526330543090e+01 3.714094975237820090e-02 9.989035325751949301e-01 -2.850056841328547919e-02 7.494187183711422673e-01 -8.672652006843417638e-01 1.805126980590278374e-02 -4.975190820496389055e-01 3.179432227020749124e+00
-5.067067763650401346e-01 4.221693590835007975e-02 8.610841768808559227e-01 3.835850125758538098e+01 3.087159700088729433e-02 9.990482515748649872e-01 -3.081453343643622556e-02 6.980515919627204857e-01 -8.615655514801416892e-01 1.096911181657159347e-02 -5.075278244345524659e-01 2.773006579079525746e+00
-5.181891160991379808e-01 4.115573105363289769e-02 8.542752674157843007e-01 3.905256060165188359e+01 2.920856654713100201e-02 9.991104703934032827e-01 -3.041590932568229502e-02 6.743852024777181597e-01 -8.547671680633636138e-01 9.190963835208393676e-03 -5.189302726519923192e-01 2.369930382866594964e+00
-5.268782265044031909e-01 4.248673627304441064e-02 8.488782000914536496e-01 3.971889242964992661e+01 3.145575031128744481e-02 9.990403351126388998e-01 -3.047859145022743105e-02 6.389245708114911215e-01 -8.493585120797887411e-01 1.064359551160509211e-02 -5.277090533349952928e-01 1.943430208715700269e+00
-5.341707646309377111e-01 4.538764400636075697e-02 8.441572975656580491e-01 4.042030214329010818e+01 3.511417416282242021e-02 9.988871555831589921e-01 -3.148722161312574735e-02 5.888005057401015652e-01 -8.446470272693122894e-01 1.282233415122914326e-02 -5.351700665048073624e-01 1.489114092105600307e+00
-5.379123079382656103e-01 4.849298173775914989e-02 8.416048757055889507e-01 4.110154895265531394e+01 3.606703907275657373e-02 9.987538354359647430e-01 -3.449557700561855372e-02 5.580566968557013618e-01 -8.422289055093307164e-01 1.179860151058115085e-02 -5.389909801358130359e-01 1.048045234067308096e+00
-5.375829509098732917e-01 4.987013419311048246e-02 8.417348321911134468e-01 4.181448863161048735e+01 3.512724515107079615e-02 9.987074407303067058e-01 -3.673587370172346628e-02 5.061091379735919160e-01 -8.424788775759262105e-01 9.819247410218254896e-03 -5.386398947004262805e-01 6.186781637916255461e-01
-5.338487313754823882e-01 5.112475349518810774e-02 8.440330435719202162e-01 4.253876098388822413e+01 3.784286525655154720e-02 9.986149544065435757e-01 -3.655256926611766960e-02 4.705170000905412042e-01 -8.447327750523651035e-01 1.242708702999275119e-02 -5.350440348912250954e-01 1.344327045917741714e-01
-5.285102336691546165e-01 4.978910590972468464e-02 8.474656127506603465e-01 4.330168257181994562e+01 3.615336047740672770e-02 9.986930236928535098e-01 -3.612725966613107575e-02 4.191244471111024716e-01 -8.481567539248355825e-01 1.154510435869990533e-02 -5.296195280050571830e-01 -3.159579854956143796e-01
-5.214547364864658974e-01 4.857287510635256017e-02 8.518953107213531606e-01 4.403573824354552357e+01 3.380948468883471225e-02 9.987705942071631871e-01 -3.625215624986745377e-02 3.823679617634210826e-01 -8.526088719184741205e-01 9.898283885767118415e-03 -5.224558820915951030e-01 -7.722445096252139596e-01
-5.147136967078488334e-01 4.798188631051792524e-02 8.560184201985586716e-01 4.482644924700915112e+01 3.215261810175289170e-02 9.988106853906528748e-01 -3.665274670922415157e-02 3.365938629639865787e-01 -8.567590277511044627e-01 8.657563597432429980e-03 -5.156442846624544885e-01 -1.240732899280527990e+00
-5.077524344117946287e-01 4.620912651514759439e-02 8.602628485329206764e-01 4.563399714327869816e+01 2.892880593745458806e-02 9.989118471676293742e-01 -3.658204098210954269e-02 2.837827467224520173e-01 -8.610171901494146907e-01 6.311757616803850487e-03 -5.085366982287455873e-01 -1.710113716686627816e+00
-5.032806633512026950e-01 4.419900125013697528e-02 8.629918937610240315e-01 4.644511066398441557e+01 2.528996740137598107e-02 9.990166259470212307e-01 -3.641700952692491361e-02 2.441334977535574158e-01 -8.637528603311922515e-01 3.497061107298416339e-03 -5.039035427229131558e-01 -2.173729136146947738e+00
-5.018041505986174933e-01 4.140639514759908435e-02 8.639896361449220796e-01 4.728001233261500857e+01 2.045529606446651674e-02 9.991423100723939577e-01 -3.600312550761192165e-02 2.039947884297444169e-01 -8.647393755484241717e-01 -3.933530849052897078e-04 -5.022207395222917370e-01 -2.621721828470715110e+00
-5.024947321492621022e-01 3.913471154946607938e-02 8.636941038383837421e-01 4.810548306372727012e+01 1.771593609288325821e-02 9.992313640919828766e-01 -3.496893747691440929e-02 1.503508829327530882e-01 -8.643987517812206089e-01 -2.270556414145738500e-03 -5.028018059201807555e-01 -3.089955613580188665e+00
-5.039150161355343549e-01 3.769046396035571900e-02 8.629305139767382560e-01 4.895692629276077668e+01 1.623717430365247474e-02 9.992843246262504975e-01 -3.416420194714952369e-02 1.148766655860684605e-01 -8.636006154295234882e-01 -3.204300306772040700e-03 -5.041663644164680047e-01 -3.578735800910987308e+00
-5.043036259211203243e-01 3.743199427729686224e-02 8.627147183199889158e-01 4.982231959985146830e+01 1.637517660164807681e-02 9.992949367905660241e-01 -3.378583821274957349e-02 6.234798101568193862e-02 -8.633711361594570421e-01 -2.911213942134833858e-03 -5.045610167201546314e-01 -4.072753513815063009e+00
-5.040136948307989417e-01 3.655791853533917751e-02 8.629216074058768671e-01 5.069387711279838271e+01 1.579137984737149364e-02 9.993268421843501947e-01 -3.311336257987605031e-02 9.856295597249216389e-03 -8.635512955411711600e-01 -3.062864437738985028e-03 -5.042517152663480440e-01 -4.586359794531143841e+00
-5.037551525617607329e-01 3.613429135822898708e-02 8.630904041658389314e-01 5.158043919578650360e+01 1.638767822848417530e-02 9.993447071928248659e-01 -3.227383113785052549e-02 -3.164181264160122187e-02 -8.636910342008664587e-01 -2.114059990548435974e-03 -5.040172037891289536e-01 -5.098925819296574069e+00
-5.040203143537781427e-01 3.540421423321343103e-02 8.629658456997391092e-01 5.246337498974709490e+01 1.575115208140335024e-02 9.993701065094681146e-01 -3.180080805481552697e-02 -9.320454606572202427e-02 -8.635481667006619233e-01 -2.435546085874997890e-03 -5.042604936167357499e-01 -5.619238303491438380e+00
-5.043491572854663652e-01 3.391427329776301736e-02 8.628335506495640184e-01 5.334948951447388055e+01 1.402289224671130451e-02 9.994183379376266885e-01 -3.108607823023926478e-02 -1.396484424579383932e-01 -8.633859498046576597e-01 -3.578814550759072503e-03 -5.045313739295163025e-01 -6.131468499869985322e+00
-5.044607557377445151e-01 3.336237072962026234e-02 8.627898264672043682e-01 5.425583372638232049e+01 1.382615823189536387e-02 9.994372332791124913e-01 -3.056229796941568183e-02 -1.890027398070586728e-01 -8.633239227247732073e-01 -3.488410367588210253e-03 -5.046381366439534055e-01 -6.646705597275732735e+00
-5.036411763257512275e-01 3.245896555770932945e-02 8.633029407830652424e-01 5.513469686492905453e+01 1.236939871508539561e-02 9.994624228941747512e-01 -3.036219975042626223e-02 -2.392229860453962687e-01 -8.638243894342295670e-01 -4.613114819478343447e-03 -5.037719294620749411e-01 -7.152109802158528318e+00
-5.023782043866943381e-01 3.121505230185364285e-02 8.640843400645481509e-01 5.604012450363447329e+01 1.184969958011642018e-02 9.995028336112969924e-01 -2.921763508372820020e-02 -2.948043200388736906e-01 -8.645667913455669096e-01 -4.439162312899416415e-03 -5.024983290375838463e-01 -7.667185564729871672e+00
-5.006269237754070733e-01 2.877758586876092220e-02 8.651846740368209776e-01 5.695098755699231674e+01 1.242093607548580905e-02 9.995831927604652556e-01 -2.606071900133887995e-02 -3.488839800787402745e-01 -8.655740383640181390e-01 -2.300293137944251203e-03 -5.007757046214998953e-01 -8.177281041763837521e+00
-4.984184798912669190e-01 2.771494690305710551e-02 8.664934431538429127e-01 5.781134447071440974e+01 1.317903273294293229e-02 9.996155947197032932e-01 -2.439212712417853160e-02 -3.944485636758813807e-01 -8.668364000142998460e-01 -7.379405389257820110e-04 -4.985921426077659646e-01 -8.693602228564559553e+00
-4.957625332474999702e-01 2.698703823201637278e-02 8.680387069471255934e-01 5.872605412535535407e+01 1.269416151657788532e-02 9.996354681133992059e-01 -2.382832621676804138e-02 -4.559114689230244766e-01 -8.683653501439696498e-01 -7.941668850972154756e-04 -4.959243910397536093e-01 -9.200355247968596828e+00
-4.940166291582325786e-01 2.745257467005746133e-02 8.690189368443492768e-01 5.961984258686955229e+01 1.347794177227475132e-02 9.996231018083506781e-01 -2.391650878579034203e-02 -4.984248782948654810e-01 -8.693479899731325622e-01 -1.025654804939200474e-04 -4.942004406100535263e-01 -9.710011741127903662e+00
-4.927513195505301979e-01 2.781876135801942054e-02 8.697253818950547721e-01 6.049643346240998909e+01 1.329052438669263946e-02 9.996128655267759733e-01 -2.444342469703105619e-02 -5.432510614337391353e-01 -8.700686820793455123e-01 -4.854224379347975315e-04 -4.929302856783523978e-01 -1.020541194634909665e+01
-4.936598365964040003e-01 2.874481487755742304e-02 8.691798937389436652e-01 6.137393082933632371e+01 1.245652325834694166e-02 9.995847823731659476e-01 -2.598264523351043187e-02 -5.881850973161463214e-01 -8.695658763068435659e-01 -1.999627915153132877e-03 -4.938129220090452520e-01 -1.069644061743539254e+01
-4.961125318246579763e-01 3.072287724432605852e-02 8.677144962220402213e-01 6.226947412975544438e+01 1.162589480451288980e-02 9.995192357587500132e-01 -2.874257983927445970e-02 -6.361244337375296931e-01 -8.681803999001973526e-01 -4.171595701074407025e-03 -4.962312008200924773e-01 -1.118418449707092321e+01
-5.000262037742284615e-01 3.153632212816563640e-02 8.654358684298421034e-01 6.313745849804934807e+01 1.052698096790787366e-02 9.994842368115413045e-01 -3.033880379737085783e-02 -6.866682861886842515e-01 -8.659462977435932185e-01 -6.059769092801175171e-03 -5.001002921461357165e-01 -1.168316671405479390e+01
-5.058548008932713946e-01 3.028549746109392843e-02 8.620868260166341113e-01 6.403323564552283642e+01 1.083892436683933473e-02 9.995277568435784188e-01 -2.875379969207950484e-02 -7.280792818875424510e-01 -8.625505494694750697e-01 -5.201152825928320213e-03 -5.059441778552251634e-01 -1.219037789911002712e+01
-5.108674248401843254e-01 2.809598394175876965e-02 8.592002540385286213e-01 6.490288686617867597e+01 1.341137084286717247e-02 9.996046224716106376e-01 -2.471302978748532789e-02 -7.943002843772849486e-01 -8.595548973345662480e-01 -1.102027727960233324e-03 -5.110422462095559615e-01 -1.270673153270398537e+01
-5.164669923272563468e-01 2.577722612446846709e-02 8.559190190425307598e-01 6.575217291350399762e+01 1.080010866333502503e-02 9.996633913838268715e-01 -2.358943747326758961e-02 -8.356155550943733523e-01 -8.562389944117925200e-01 -2.939146503197582680e-03 -5.165715431352114750e-01 -1.320145541383158516e+01
-5.215235820516855858e-01 2.831229546252262905e-02 8.527669987102021176e-01 6.658653649643034100e+01 1.183432785097185240e-02 9.995932027564135014e-01 -2.594952149032827768e-02 -8.891397503890283716e-01 -8.531548007332078187e-01 -3.441362259021786985e-03 -5.216464858829332751e-01 -1.372006441927819154e+01
-5.265994451266001741e-01 3.064531302988996245e-02 8.495609902020312409e-01 6.742758262012628734e+01 1.232235206704064383e-02 9.995202121394339834e-01 -2.841663493066363955e-02 -9.348753503540691012e-01 -8.500242325375546582e-01 -4.495593678941167161e-03 -5.267244126376805502e-01 -1.425377270093519577e+01
-5.314905798776063950e-01 3.081579991262190996e-02 8.465034772256387896e-01 6.825723029958574273e+01 1.122028038746725707e-02 9.995064886274324101e-01 -2.934083294240148743e-02 -9.773484754211889669e-01 -8.469898940287254874e-01 -6.096369084123576948e-03 -5.315740463389336812e-01 -1.476674655280949011e+01
-5.349958270446144581e-01 3.109743879069962538e-02 8.442821811375192942e-01 6.909316568696745264e+01 1.052254079098003010e-02 9.994901054486678982e-01 -3.014639654242415312e-02 -1.020732787808629194e+00 -8.447891765944874898e-01 -7.244201805843626663e-03 -5.350502608439736685e-01 -1.528189375345368184e+01
-5.382143365400924306e-01 3.046052354538639900e-02 8.422573665725386904e-01 6.990958443666522726e+01 1.047212661276221250e-02 9.995112250290975053e-01 -2.945582428567791039e-02 -1.077233396222455619e+00 -8.427429466663525215e-01 -7.033320286376898781e-03 -5.382702584881446928e-01 -1.578812090251782685e+01
-5.414849782414229429e-01 2.400896982370998717e-02 8.403675236793156644e-01 7.073535782546089479e+01 1.178205187200832664e-02 9.997106865226105255e-01 -2.096965630454823357e-02 -1.126492874910304254e+00 -8.406278684270861445e-01 -1.453499222527947264e-03 -5.416111954496278802e-01 -1.633765566132534985e+01
-5.428818644966215690e-01 1.564142409824639812e-02 8.396633934000397037e-01 7.156461646484929418e+01 1.248819274431638149e-02 9.998663463704597909e-01 -1.055151254282847215e-02 -1.160420594048251264e+00 -8.397162245652667334e-01 4.757654466625588913e-03 -5.430046406647351942e-01 -1.685804602005396902e+01
-5.448867015306150252e-01 1.303879107088967877e-02 8.384082893312089224e-01 7.236972949786594711e+01 1.289450711548056731e-02 9.998911559920873326e-01 -7.169925624069904864e-03 -1.188975016362853854e+00 -8.384105352970493419e-01 6.904065521507745870e-03 -5.449955238412556024e-01 -1.738082152079650911e+01
-5.459763798118295597e-01 1.792428241706997896e-02 8.376087989088911723e-01 7.315033471170711721e+01 1.266799596105437284e-02 9.998334378172072379e-01 -1.313843520992343319e-02 -1.225192738688647642e+00 -8.377047964889676734e-01 3.437550545951379745e-03 -5.461125067095778940e-01 -1.789861663870084385e+01
-5.475654156058663569e-01 2.311920337086955518e-02 8.364434262552046251e-01 7.395027770004993783e+01 1.311694296721992517e-02 9.997325681474411585e-01 -1.904568113695044237e-02 -1.272527666359792198e+00 -8.366600701016302377e-01 5.428253359205832684e-04 -5.477222336212613785e-01 -1.840491730797364767e+01
-5.476347719573252393e-01 2.843498482403743893e-02 8.362341750056312417e-01 7.475436876495298577e+01 1.938671038987496362e-02 9.995852851013132812e-01 -2.129350220398224316e-02 -1.307693395959911298e+00 -8.364928711326851118e-01 4.550768503933860093e-03 -5.479589216512977812e-01 -1.894841451057017423e+01
-5.473580878464284760e-01 2.859158997352298850e-02 8.364099664118505029e-01 7.554044379854386193e+01 2.203719839092318014e-02 9.995621073290917868e-01 -1.974728948607556295e-02 -1.355754797968338421e+00 -8.366083295125669173e-01 7.623294739560472835e-03 -5.477484834695397486e-01 -1.945074392602508695e+01
-5.471201091495652147e-01 2.624606946664057722e-02 8.366425265639662046e-01 7.632723537586039697e+01 2.207272177569618785e-02 9.996131087821394923e-01 -1.692417406702560398e-02 -1.390288967659167207e+00 -8.367630444611121598e-01 9.207422754917243130e-03 -5.474877565509879140e-01 -1.998525906451962797e+01
-5.469918320515017029e-01 2.072899275354339252e-02 8.368812530894198520e-01 7.714606345196662573e+01 1.989834901617755503e-02 9.997328785376680127e-01 -1.175700831411515858e-02 -1.419131402739358894e+00 -8.369014295838685946e-01 1.022156875837033213e-02 -5.472581927035570226e-01 -2.049849294789364151e+01
-5.451238219356607795e-01 1.517053692509727318e-02 8.382182655914418579e-01 7.794350202072284617e+01 1.873517704402102163e-02 9.998070086180561589e-01 -5.910890651975308184e-03 -1.439416018873292957e+00 -8.381461825970215607e-01 1.248200134625460610e-02 -5.453028416100677012e-01 -2.101084648545876732e+01
-5.449290119559631052e-01 8.620450448955645217e-03 8.384378611177535356e-01 7.877560969246860623e+01 9.744808383919749059e-03 9.999447263919380990e-01 -3.947512366814544260e-03 -1.470883468521629656e+00 -8.384255614886352292e-01 6.019303272240623427e-03 -5.449828975795948383e-01 -2.154417334681111740e+01
-5.439775957575503362e-01 3.343128860828136102e-03 8.390930734870349905e-01 7.954959835809681579e+01 1.427403962357271829e-03 9.999943030590763282e-01 -3.058817622448055037e-03 -1.504280176651890732e+00 -8.390985337731763360e-01 -4.662025460601842454e-04 -5.439792699233146900e-01 -2.201426992139957051e+01
-5.429174377636774018e-01 3.834099538026402611e-03 8.397773172721013646e-01 8.031011900527150260e+01 4.596905685601042173e-03 9.999881642920949165e-01 -1.593651721974475395e-03 -1.515529604121410578e+00 -8.397735026752995990e-01 2.995156778983855406e-03 -5.429286381252064198e-01 -2.250571017504093163e+01
-5.382740844684570369e-01 6.985563998122727020e-03 8.427408848254072105e-01 8.115011243630706872e+01 9.444345105183302863e-03 9.999528553115754059e-01 -2.256431565251328097e-03 -1.544939871941997556e+00 -8.427169311129205642e-01 6.744558114227446402e-03 -5.383146829659951615e-01 -2.304325887154791985e+01
-5.332866571260886923e-01 1.011505322249967552e-02 8.458741123917904448e-01 8.196986578526799860e+01 1.043075996051484253e-02 9.999311188891413238e-01 -5.381143570536201307e-03 -1.577910463704708999e+00 -8.458702928475250182e-01 5.953418748490709768e-03 -5.333554326299357884e-01 -2.354836398297527111e+01
-5.262458290963270002e-01 1.148473013684591683e-02 8.502549118908937498e-01 8.267345289331314007e+01 1.506601691417841851e-02 9.998777597980771370e-01 -4.180977172776278311e-03 -1.591300112701048652e+00 -8.501990086827446724e-01 1.060973412185231557e-02 -5.263545310339369232e-01 -2.398513961882352774e+01
-5.177411535347729021e-01 1.387309067609544463e-02 8.554248196122472558e-01 8.345979373990402905e+01 2.151231124180536317e-02 9.997634822759414730e-01 -3.193734015526365506e-03 -1.630110272137048177e+00 -8.552668182646284700e-01 1.674863852537651632e-02 -5.179171420232511203e-01 -2.447248816652267678e+01
-5.088872328854335825e-01 1.423147960565336080e-02 8.607155370743004852e-01 8.428703098143181194e+01 2.186429717327939906e-02 9.997544537613568538e-01 -3.603423013201738443e-03 -1.639540981236531358e+00 -8.605554885667412446e-01 1.698520541922630619e-02 -5.090734400495685597e-01 -2.494865354833519788e+01
-4.962380936401147302e-01 1.141017627290027113e-02 8.681114839992641885e-01 8.515207402862830577e+01 1.759831161919676173e-02 9.998403880196048421e-01 -3.081863624599905007e-03 -1.666111842742965310e+00 -8.680081026537427302e-01 1.374795936456621112e-02 -4.963596891537022660e-01 -2.542349255933331520e+01
-4.856511424817872014e-01 9.761386881330035362e-03 8.740982034719788629e-01 8.592438685498690631e+01 2.008788464691672881e-02 9.997982180612715597e-01 -4.246508528999111294e-06 -1.690439730973055887e+00 -8.739218828397358196e-01 1.755672267909153678e-02 -4.857492336955910872e-01 -2.585601690275792564e+01
-4.743008390215900927e-01 8.581375950268702729e-03 8.803209983243404091e-01 8.673388052490956568e+01 1.976178716565421545e-02 9.998043106480671849e-01 9.011903249861504678e-04 -1.717049311859700556e+00 -8.801410106797344923e-01 1.782415266083366492e-02 -4.743776079607806562e-01 -2.629107475439886343e+01
-4.622160786722335768e-01 7.141425925253339080e-03 8.867385648919315910e-01 8.755296642519040518e+01 1.867340033342041947e-02 9.998242230152613041e-01 1.681416029884604587e-03 -1.730553206031339109e+00 -8.865707043177215585e-01 1.733560286569031661e-02 -4.622681876756499775e-01 -2.671090691552196361e+01
-4.490860994564845332e-01 8.856445352937560370e-03 8.934445837715782046e-01 8.840243665528269901e+01 2.175907422954213508e-02 9.997627160539396263e-01 1.026762153528643648e-03 -1.746798203320389042e+00 -8.932235057345226936e-01 1.990163278444711734e-02 -4.491722478430171805e-01 -2.711647993876776042e+01
