1 0 0 0 0 1 0 0 0 0 1 0
0.99988652 0.00076040925 0.015045277 -0.0065766844 -0.00075338582 0.9999996 -0.00047248519 -0.0043259337 -0.015045632 0.0004610967 0.9998867 0.10945878
0.9993507 0.0029894357 0.035905961 0.016690741 -0.0029812719 0.99999552 -0.00028091011 0.00050351036 -0.035906643 0.00017368232 0.99935513 0.26001992
0.99800099 0.0050827822 0.062993558 0.048752261 -0.0051312813 0.99998665 0.00060814484 -0.0016549543 -0.062989631 -0.00093016679 0.99801375 0.40206315
0.99537136 0.0043821656 0.096003354 0.097533218 -0.0047002918 0.99998419 0.0030878007 0.0025091143 -0.095988312 -0.0035247521 0.99537622 0.57691015
0.99105652 0.0014005246 0.13343539 0.17374373 -0.0020786525 0.99998562 0.0049428983 -0.0010254517 -0.13342656 -0.0051760574 0.99104519 0.77383021
0.98478385 -0.0018209228 0.17377415 0.24368747 0.00088369672 0.99998465 0.0054705758 -0.0067575592 -0.17378146 -0.005233771 0.98477034 0.96574449
0.97614747 -0.0020716959 0.21709864 0.31946835 0.00060681067 0.9999766 0.006814003 -0.0064001493 -0.21710769 -0.0065197339 0.97612589 1.1838884
0.96449422 -0.0019515259 0.26409674 0.4034866 -0.00076502136 0.99994786 0.010182946 0.0018804367 -0.26410286 -0.010023432 0.96444244 1.3791635
0.9502527 -0.0060762741 0.31142073 0.54636361 0.00090705041 0.99985945 0.016740995 0.012048074 -0.31147871 -0.015625701 0.95012465 1.6133654
0.93312168 -0.015473719 0.35922762 0.70265672 0.0069199493 0.99966136 0.025085279 -0.001203324 -0.35949416 -0.020921781 0.93291277 1.8349425
0.91213769 -0.021339726 0.40932803 0.8644288 0.0099378691 0.99950163 0.029962244 -0.0028407336 -0.40976346 -0.023261844 0.91189518 2.0555242
0.88707721 -0.023201335 0.46103764 1.0394156 0.0084564684 0.9993853 0.034022239 -0.0030690201 -0.46154364 -0.026281602 0.88672812 2.2931958
0.85897401 -0.025325969 0.51139244 1.2197785 0.0065596993 0.99923831 0.038467655 0.020618516 -0.51197719 -0.029688135 0.85848587 2.5138356
0.82731101 -0.030547391 0.56091294 1.4511623 0.0077541908 0.99904622 0.042971247 0.018379951 -0.56169066 -0.03120116 0.8267588 2.753948
0.79198033 -0.036355827 0.60946319 1.6654718 0.010266598 0.99887741 0.046244089 0.027995677 -0.61046031 -0.030367295 0.79146451 2.9434583
0.7538148 -0.040775111 0.65582055 1.9537037 0.011125876 0.99872173 0.049306382 0.033683239 -0.65699277 -0.029871302 0.75330488 3.1569512
0.71348733 -0.043993437 0.69928561 2.2398506 0.012187484 0.99865513 0.050392366 0.046071769 -0.70056216 -0.027431782 0.71306395 3.3834116
0.67189456 -0.045903673 0.73922291 2.540283 0.011597819 0.99860723 0.051469223 0.06269614 -0.74055604 -0.026008517 0.67149115 3.5997646
0.62971336 -0.046379055 0.77544182 2.8537579 0.0070566695 0.99851651 0.053990605 0.083609015 -0.77679556 -0.028526569 0.62910647 3.8034662
0.58767506 -0.047109895 0.80772435 3.209484 0.0042821364 0.99847058 0.055119472 0.099866701 -0.80908574 -0.028933553 0.58697799 4.0086245
0.54764524 -0.048169808 0.83532287 3.57754 0.0021428457 0.99841892 0.056170051 0.11983396 -0.83670793 -0.028971292 0.54688258 4.1994846
0.50849311 -0.050811843 0.8595655 4.0120647 0.0011693697 0.9982972 0.058320981 0.13626761 -0.8610653 -0.028650667 0.50768666 4.4041948
0.47145837 -0.050680724 0.88043081 4.4188631 -0.0018475265 0.99828837 0.058454348 0.15711769 -0.88188642 -0.029185411 0.47055777 4.6164539
0.43543048 -0.049903389 0.89883807 4.867269 -0.0031338974 0.99837224 0.056947691 0.18174444 -0.90021694 -0.027613626 0.43456532 4.8064937
0.40137193 -0.04882961 0.91461258 5.3744099 -0.0013712365 0.99854473 0.053912363 0.20027379 -0.91591417 -0.022893059 0.40072086 4.9834907
0.37135995 -0.046984065 0.92729942 5.8726253 0.00052009797 0.99872923 0.050394958 0.22048454 -0.92848887 -0.018232382 0.37091248 5.1537921
0.34653674 -0.045075878 0.93695271 6.4206993 0.001113494 0.99886383 0.047642529 0.24540047 -0.93803578 -0.015466595 0.34619321 5.353411
0.32579102 -0.04463429 0.94438759 7.0048931 0.0021360684 0.99891719 0.046474613 0.27289257 -0.94543944 -0.013123734 0.32553359 5.5343623
0.31133669 -0.045136897 0.94922708 7.5865809 0.0035086857 0.99891915 0.046349002 0.29647201 -0.95029323 -0.011099605 0.31115855 5.7140682
0.29917701 -0.046672439 0.95305547 8.2022399 0.0046206276 0.99886221 0.04746518 0.31621478 -0.95418648 -0.0097967756 0.29905226 5.9103224
0.28828451 -0.048413074 0.9563201 8.8488049 0.0032934519 0.99876527 0.049569015 0.34540981 -0.95753918 -0.011140384 0.288088 6.1155535
0.27780305 -0.050173923 0.95932683 9.493244 0.0018561348 0.99866126 0.051693658 0.37514529 -0.9606363 -0.012580015 0.27752427 6.298882
0.26693906 -0.051926655 0.9623134 10.175297 0.0009015456 0.99856034 0.053632465 0.40271855 -0.96371303 -0.01344903 0.26660157 6.4784435
0.25825301 -0.05389709 0.96457265 10.894582 3.3776101e-05 0.99844305 0.05578061 0.43239602 -0.96607736 -0.014372931 0.25785275 6.6880169
0.24732849 -0.055498787 0.9673409 11.635425 -0.00020819182 0.99835518 0.057331384 0.46659652 -0.96893171 -0.014381076 0.24691012 6.8579025
0.2368164 -0.056826182 0.96989107 12.392617 -0.0010708353 0.99827212 0.058750499 0.4941551 -0.97155387 -0.014951675 0.23634636 7.0358232
0.22670943 -0.059662601 0.97213329 13.156576 -0.0020253493 0.99809095 0.061728024 0.52919028 -0.97396038 -0.015963234 0.22615579 7.2347331
0.21617634 -0.063233254 0.9743045 13.915114 -0.0041442108 0.99783215 0.065679727 0.56876616 -0.97634558 -0.018236126 0.21544565 7.4151652
0.2028529 -0.066993236 0.9769148 14.720889 -0.0040846074 0.99759033 0.069259241 0.60861251 -0.97920074 -0.018039751 0.20209045 7.549994
0.18988729 -0.069491213 0.97934351 15.47569 -0.0050276037 0.99741012 0.071747978 0.64720205 -0.98179306 -0.01854778 0.18904613 7.7122029
0.17549838 -0.070097851 0.98198092 16.295637 -0.0060021889 0.99736713 0.072268884 0.68377458 -0.98446146 -0.018577106 0.17461557 7.8562451
0.16214558 -0.069377913 0.98432486 17.091529 -0.0071903455 0.99741575 0.071485043 0.72433909 -0.98674069 -0.018668619 0.1612277 7.9927612
0.1451522 -0.06824128 0.98705313 17.906412 -0.0079790904 0.99750544 0.070137287 0.76316093 -0.98937721 -0.018056367 0.14424561 8.0924956
0.12445888 -0.066866698 0.98996906 18.707808 -0.010751571 0.9975772 0.06873227 0.80070126 -0.99216656 -0.019198064 0.12343842 8.1953468
0.10043028 -0.065408654 0.99279171 19.540816 -0.015340294 0.99761631 0.067278331 0.84436699 -0.99482587 -0.021986497 0.099187491 8.2876497
0.069544362 -0.064822418 0.99547052 20.369322 -0.019672061 0.99760343 0.066335613 0.88625586 -0.99738492 -0.024196224 0.068102502 8.3576726
0.036606263 -0.064587868 0.99724034 21.22736 -0.022504124 0.99760288 0.065437419 0.92230599 -0.99907639 -0.024837439 0.035065019 8.3716841
0.0035871759 -0.064111802 0.99793623 22.053056 -0.024285087 0.99764279 0.064180244 0.96120729 -0.99969868 -0.024465193 0.002021758 8.3869949
-0.031504232 -0.062997147 0.99751629 22.911971 -0.02551036 0.99773729 0.062205418 0.99114524 -0.99917806 -0.023487265 -0.033040028 8.3236744
-0.065125872 -0.061070055 0.99600652 23.746058 -0.027021765 0.99786743 0.059417285 1.0242897 -0.99751117 -0.023044251 -0.066637209 8.2882497
-0.096174171 -0.057891217 0.99367955 24.61539 -0.029755632 0.99802827 0.055264645 1.0614115 -0.9949197 -0.024252531 -0.097707132 8.1974484
-0.13068736 -0.053486493 0.98997976 25.433247 -0.026240735 0.99838047 0.050476323 1.0821332 -0.99107634 -0.019381179 -0.13187923 8.0126415
-0.1607804 -0.047866991 0.98582875 26.282092 -0.022133021 0.99874697 0.044884526 1.101257 -0.98674205 -0.014602816 -0.16163838 7.9141187
-0.19041554 -0.041846596 0.98081125 27.09426 -0.016878864 0.99908295 0.039349286 1.1161968 -0.98155851 -0.0090622633 -0.19094725 7.7272002
-0.21965319 -0.036192504 0.9749064 27.917268 -0.0099435935 0.99934276 0.034859321 1.128765 -0.97552739 -0.0020371112 -0.21986871 7.5565905
-0.24888289 -0.029348702 0.96808878 28.716066 -0.001597806 0.99955186 0.029891767 1.1485137 -0.96853231 0.0058927322 -0.24881825 7.3037764
-0.27631281 -0.019499782 0.96086987 29.49216 0.0047342866 0.99975439 0.021650317 1.14623 -0.96105614 0.010531294 -0.27615263 7.0591959
-0.30008164 -0.0039790876 0.95390518 30.30626 0.0091873795 0.99993286 0.0070612731 1.1325108 -0.95386932 0.010882848 -0.30002493 6.8013991
-0.32508881 0.012736527 0.94559768 31.080353 0.009342003 0.99990376 -0.010256286 1.1098609 -0.94563739 0.0054995735 -0.32517651 6.5372049
-0.34991357 0.027432742 0.93638019 31.88985 0.0075686952 0.9996213 -0.026457162 1.0789448 -0.93675145 -0.0021705428 -0.34998869 6.2431419
-0.37469188 0.038468703 0.92635095 32.645697 0.012934122 0.99925851 -0.03626473 1.0456896 -0.92705921 -0.0016065624 -0.37491161 5.9161944
-0.39821051 0.043488053 0.91626257 33.40734 0.015996387 0.99905288 -0.040465403 0.99938321 -0.91715461 -0.0014568572 -0.39852902 5.5842079
-0.4204159 0.042256181 0.90634696 34.13095 0.018631133 0.99910637 -0.037938665 0.95295671 -0.90714024 0.00093625316 -0.42082749 5.2179951
-0.44121886 0.038931382 0.89655462 34.883632 0.022618646 0.9992236 -0.03225836 0.91240275 -0.89711447 0.0060458556 -0.44175688 4.8533533
-0.4596342 0.038134198 0.8872892 35.625791 0.029964816 0.99917477 -0.027420456 0.87269952 -0.88760272 0.013984079 -0.46039758 4.4660103
-0.47309287 0.038791332 0.88015811 36.327767 0.03385754 0.99909271 -0.025834422 0.83137726 -0.88036178 0.017577909 -0.47397702 4.0469417
-0.48465263 0.041957251 0.87369981 37.010674 0.036462588 0.99894977 -0.027745796 0.77904935 -0.87394644 0.018410285 -0.48567351 3.6640526
-0.49452592 0.04478332 0.86800836 37.724889 0.037920783 0.99883247 -0.029928541 0.73742685 -0.8683353 0.018115119 -0.49564676 3.2709004
-0.50488152 0.043745007 0.86207944 38.392233 0.031347998 0.99898543 -0.032332981 0.6821892 -0.86261928 0.010700141 -0.5057406 2.8916026
-0.51623717 0.042815928 0.85537472 39.092885 0.0303024 0.99903738 -0.031718832 0.66070837 -0.85590946 0.0095454676 -0.51703766 2.4424548
-0.52468553 0.044107791 0.85015265 39.764707 0.032178395 0.99897073 -0.03196938 0.61832834 -0.85068778 0.010582678 -0.5255648 2.0274278
-0.53178042 0.047243877 0.84556345 40.456488 0.036278083 0.99879706 -0.03298992 0.57385615 -0.84610493 0.013132028 -0.53285464 1.6001248
-0.53544589 0.050631641 0.84305046 41.154633 0.037054288 0.99864856 -0.036442242 0.53837236 -0.84375633 0.011725787 -0.53659839 1.1269683
-0.535193 0.05174347 0.84314352 41.84566 0.036061194 0.99861177 -0.038394339 0.49045997 -0.84395977 0.0098563816 -0.53631596 0.69203895
-0.53235301 0.052908397 0.84486739 42.569822 0.038936704 0.998519 -0.037996456 0.45394267 -0.84562655 0.012668825 -0.53362468 0.24575774
-0.5260976 0.051656315 0.84885386 43.333894 0.036900412 0.99860003 -0.037899079 0.40281788 -0.84962329 0.011384443 -0.52726722 -0.21159968
-0.51918376 0.050249403 0.85318413 44.076623 0.034630607 0.99868714 -0.037745408 0.36430021 -0.85396078 0.009949483 -0.52024231 -0.66949616
-0.51214871 0.049587145 0.85746414 44.864319 0.032995136 0.99873099 -0.038049173 0.31473117 -0.85826283 0.0088053126 -0.51313492 -1.1243059
-0.50542539 0.048243833 0.86152054 45.667549 0.03028124 0.99881246 -0.038166975 0.26828373 -0.86233884 0.0067973528 -0.50628607 -1.5892934
-0.50163976 0.04585809 0.86386024 46.482708 0.025879911 0.99894253 -0.038000595 0.21905318 -0.86468945 0.0032940179 -0.5022961 -2.0310245
-0.49999962 0.043064146 0.86495422 47.313379 0.020844383 0.99907198 -0.037692165 0.17043973 -0.86577477 -0.00081663034 -0.50043325 -2.5165294
-0.50063309 0.040823306 0.86469642 48.151559 0.018127377 0.99916277 -0.036676411 0.11496271 -0.86546979 -0.0026867467 -0.50095397 -2.9763876
-0.50175626 0.039603205 0.86410195 49.019306 0.016547584 0.99920804 -0.036186686 0.069496604 -0.8648508 -0.0038580953 -0.50201422 -3.4709014
-0.50218925 0.039055993 0.86387529 49.882639 0.016889871 0.99923201 -0.035357054 0.020411266 -0.86459283 -0.0031651893 -0.50246322 -3.964739
-0.50170619 0.038369679 0.86418667 50.761544 0.016489677 0.99925847 -0.0347937 -0.031111712 -0.86488095 -0.0032060549 -0.50196686 -4.4751544
-0.50244639 0.037700216 0.863786 51.641828 0.01674731 0.99928583 -0.033872585 -0.079810079 -0.86444619 -0.0025530649 -0.50271893 -4.9675846
-0.50244275 0.037127828 0.86381291 52.540332 0.016422791 0.99930716 -0.033399119 -0.13694273 -0.86445453 -0.0025949253 -0.50270438 -5.4961088
-0.50262148 0.035593978 0.8637735 53.433922 0.014572805 0.99935892 -0.032701343 -0.18438538 -0.86438379 -0.0038487943 -0.50281797 -5.9927754
-0.50232363 0.035305985 0.86395856 54.343506 0.014236926 0.99936832 -0.032561906 -0.24381954 -0.86456251 -0.0040565003 -0.50250898 -6.5065352
-0.50212613 0.034297247 0.86411399 55.227317 0.013163283 0.99940061 -0.032017836 -0.28797766 -0.86469425 -0.0047024145 -0.50227663 -7.0176382
-0.50024716 0.032756297 0.86526282 56.124767 0.01241903 0.99945283 -0.030656336 -0.34517837 -0.86579363 -0.0045900196 -0.50038024 -7.5352757
-0.49850196 0.030579119 0.86634904 57.021604 0.012993203 0.99952896 -0.027803547 -0.40140882 -0.86679123 -0.0026034732 -0.49866446 -8.0466513
-0.49616827 0.029774998 0.86771564 57.899283 0.013748799 0.99955592 -0.026437297 -0.44673989 -0.86811755 -0.001187299 -0.4963573 -8.5560464
-0.49334183 0.029008099 0.86935166 58.793092 0.01353297 0.99957877 -0.025673729 -0.49997406 -0.86973028 -0.00090101364 -0.49352659 -9.0542721
-0.49125645 0.02957034 0.87051286 59.691316 0.01417497 0.99956262 -0.025954654 -0.5527026 -0.87089967 -0.00041089625 -0.49146074 -9.5655006
-0.49015813 0.029756615 0.87112541 60.565713 0.014339711 0.99955713 -0.026075131 -0.5954352 -0.8715156 -0.00028924994 -0.49036776 -10.050852
-0.49104203 0.031334978 0.8705721 61.470829 0.01366577 0.99950697 -0.028267688 -0.64755677 -0.87102872 -0.0019835839 -0.49122815 -10.535886
-0.49391045 0.033157332 0.86888031 62.341687 0.012365294 0.99943946 -0.03111061 -0.69789111 -0.86942488 -0.0046218944 -0.4940436 -11.034775
-0.49819497 0.033609103 0.86641337 63.223127 0.011227395 0.99941475 -0.032312521 -0.75661673 -0.86699237 -0.0063703701 -0.49828075 -11.523423
-0.50394202 0.032334099 0.86313202 64.092481 0.010879458 0.99945741 -0.03108903 -0.80177192 -0.863669 -0.0062766588 -0.50402036 -12.031432
-0.50859029 0.030135135 0.8604811 64.9669 0.014077856 0.99954477 -0.026684554 -0.86495009 -0.8608936 -0.0014577753 -0.50878301 -12.554236
-0.51404635 0.028112662 0.85730156 65.816994 0.011199018 0.99959755 -0.026063795 -0.91187201 -0.85768934 -0.0037970619 -0.5141543 -13.066025
-0.51910233 0.030127756 0.85418091 66.667615 0.012421796 0.99953894 -0.027705701 -0.96112263 -0.85462187 -0.0037716317 -0.51923723 -13.569135
-0.524312 0.032681671 0.8508988 67.505914 0.013093686 0.9994545 -0.03031931 -1.005414 -0.85142559 -0.0047553753 -0.52445391 -14.073245
-0.52904897 0.032936028 0.84795185 68.344318 0.011558399 0.9994335 -0.03160841 -1.0590876 -0.84851261 -0.00692143 -0.52912995 -14.592008
-0.53256687 0.033366749 0.84572994 69.169679 0.010304122 0.99940418 -0.032941051 -1.118363 -0.84632524 -0.0088288072 -0.53259337 -15.11156
-0.53598993 0.032355314 0.84360409 69.997486 0.010320749 0.99944176 -0.031774897 -1.1754844 -0.84416132 -0.0083243977 -0.53602465 -15.631829
-0.53859751 0.025629814 0.84217324 70.818494 0.011972366 0.99966913 -0.022766154 -1.2219062 -0.84247815 -0.0021789867 -0.53872616 -16.15269
-0.54077735 0.01807459 0.84097153 71.63857 0.013196863 0.99982837 -0.013002726 -1.25274 -0.84106228 0.0040666068 -0.54092307 -16.674156
-0.54252629 0.015130607 0.83990251 72.4606 0.013376069 0.99986661 -0.0093721817 -1.2921177 -0.83993236 0.0061499396 -0.54265631 -17.194313
-0.54478017 0.020531924 0.83832747 73.2688 0.013697575 0.99978472 -0.015585003 -1.3244491 -0.83846705 0.0029926536 -0.54494413 -17.693274
-0.54490564 0.025754166 0.83810173 74.063892 0.013884561 0.99966829 -0.021691694 -1.3709733 -0.83838245 -0.00018325092 -0.54508247 -18.225372
-0.54494728 0.030842727 0.83790282 74.84642 0.020086113 0.99951664 -0.023728223 -1.4047445 -0.83822972 0.0038995813 -0.54530339 -18.745936
-0.54539136 0.031660984 0.8375833 75.650561 0.02356336 0.99947053 -0.022437132 -1.4441327 -0.83785028 0.0074992602 -0.54584864 -19.266888
-0.54482962 0.029129981 0.83804061 76.45591 0.023294242 0.99953651 -0.019599392 -1.491695 -0.83822319 0.0088431928 -0.54525566 -19.793067
-0.54477632 0.023677367 0.83824703 77.251362 0.021137855 0.99967142 -0.014499525 -1.5211814 -0.83831498 0.0098197469 -0.54509781 -20.302543
-0.54359482 0.017992811 0.83915485 78.049768 0.019663693 0.99976881 -0.0086987145 -1.5469508 -0.83911743 0.011772308 -0.54382296 -20.811181
-0.54326899 0.011541237 0.83947933 78.849153 0.01103613 0.99991729 -0.0066049204 -1.5830713 -0.83948619 0.0056763553 -0.54335143 -21.309743
-0.54180209 0.0059625393 0.84048491 79.654074 0.0019656378 0.99998109 -0.0058269204 -1.6066921 -0.84050383 -0.001504948 -0.54180357 -21.805099
-0.54010317 0.0067603037 0.84157162 80.447797 0.0054070015 0.99997497 -0.0045626476 -1.6316732 -0.84158148 0.0020860795 -0.54012621 -22.310468
-0.53751393 0.010126124 0.84319403 81.23856 0.010932333 0.99992754 -0.0050393011 -1.659593 -0.84318403 0.0065093839 -0.53758569 -22.811543
-0.53113968 0.013326384 0.84717943 82.026211 0.01189757 0.99989503 -0.008269456 -1.6874809 -0.84720077 0.005687141 -0.53124248 -23.308204
-0.52386622 0.015481228 0.85165982 82.815383 0.017169074 0.99982361 -0.0076136018 -1.7095525 -0.85162754 0.010633702 -0.52403962 -23.789254
-0.5154261 0.018138395 0.85674201 83.628296 0.024719192 0.99967463 -0.0062931143 -1.7494439 -0.85657747 0.017934336 -0.51570676 -24.287463
-0.50574234 0.017567085 0.86250566 84.421773 0.022945721 0.99971285 -0.0069071048 -1.7699298 -0.86237941 0.0162976 -0.50600021 -24.746948
-0.4950588 0.014800187 0.86873337 85.243562 0.018836135 0.99980274 -0.006299139 -1.7930992 -0.86865531 0.013245136 -0.49523993 -25.202044
-0.48301528 0.011867158 0.87553147 86.06098 0.020641085 0.99978461 -0.0021639904 -1.8172273 -0.87536864 0.01702668 -0.48315619 -25.644117
-0.47196468 0.010653643 0.88155304 86.878092 0.020129328 0.99979653 -0.0013058119 -1.8389337 -0.88138766 0.017128774 -0.47208311 -26.072916
-0.46025371 0.0096363277 0.88773509 87.713568 0.019447812 0.99981058 -0.00077002007 -1.8623142 -0.88757443 0.016910102 -0.46035394 -26.501769
-0.44833857 0.011464294 0.89379026 88.528564 0.023126141 0.99973181 -0.0012227448 -1.8794707 -0.89356464 0.020121717 -0.44848346 -26.905223
-0.43699096 0.01467228 0.89934618 89.343882 0.023239593 0.99971733 -0.0050176891 -1.9079704 -0.89916566 0.018707756 -0.43720841 -27.287472
-0.42520098 0.02415097 0.90477665 90.190226 0.024942459 0.99957695 -0.014959708 -1.9376803 -0.90475526 0.016206473 -0.42562348 -27.685726
-0.41195931 0.029501318 0.91072451 91.013483 0.025698394 0.99945434 -0.020751091 -1.9623337 -0.91083983 0.014855553 -0.41249266 -28.040165
-0.4012425 0.024730607 0.91563791 91.858145 0.021074997 0.99962008 -0.0177636 -2.0000939 -0.91572942 0.012169557 -0.40161125 -28.406168
-0.38833144 0.022222038 0.92125176 92.717225 0.024500204 0.99960478 -0.013784565 -2.0305458 -0.92119406 0.017217877 -0.38872242 -28.756024
-0.37866118 0.022414127 0.92526388 93.56128 0.020701501 0.99966172 -0.015744362 -2.06754 -0.92530386 0.013192574 -0.37899709 -29.082795
-0.37161223 0.026233243 0.92801729 94.407914 0.014798236 0.99964108 -0.02233215 -2.1103255 -0.92827013 0.0054341198 -0.37186706 -29.414671
-0.3665771 0.031685189 0.92984795 95.249769 0.0082267407 0.99949125 -0.030815074 -2.1464524 -0.93035135 -0.0036464816 -0.36665127 -29.730131
-0.36330864 0.03386259 0.93105321 96.087906 0.0059929934 0.99940353 -0.034009961 -2.1910178 -0.93164961 -0.0067763161 -0.36329487 -30.042857
-0.36019791 0.03356096 0.93227198 96.931475 0.0047230932 0.99940546 -0.034152863 -2.2369119 -0.93286399 -0.0078985818 -0.36014228 -30.362259
-0.35454185 0.03325132 0.93444869 97.792552 0.0033354513 0.99940611 -0.034297242 -2.2897444 -0.93503424 -0.009042999 -0.3544422 -30.682366
-0.34928453 0.029369116 0.9365563 98.629523 0.0011411089 0.99952127 -0.030918037 -2.3338257 -0.93701606 -0.0097304787 -0.34915083 -30.990099
-0.34358439 0.025137348 0.93878528 99.495261 0.00023331583 0.99964396 -0.026681536 -2.3859618 -0.93912182 -0.0089483251 -0.34346793 -31.301783
-0.33815602 0.022328168 0.94082511 100.33698 -0.00095865038 0.99970981 -0.024070212 -2.4205796 -0.94108961 -0.0090414089 -0.33803649 -31.602264
-0.33233499 0.021475755 0.94291684 101.17869 -0.0046762073 0.99969092 -0.024416981 -2.4628101 -0.94314986 -0.012523891 -0.33213185 -31.875845
-0.32574517 0.020974608 0.94522488 102.0435 -0.016400186 0.99947812 -0.027830352 -2.5011131 -0.94531539 -0.024567466 -0.32523118 -32.151802
-0.31933726 0.024534611 0.94732344 102.89119 -0.013762673 0.99943929 -0.030523669 -2.5480043 -0.94754123 -0.022785047 -0.31882054 -32.432936
-0.3122169 0.028350797 0.94958768 103.7563 -0.012124303 0.99935429 -0.033822997 -2.5964067 -0.94993352 -0.0220732 -0.31167156 -32.709886
-0.30575605 0.026478586 0.95174159 104.60083 -0.014414764 0.99936991 -0.032434541 -2.639714 -0.9520008 -0.023636187 -0.30518171 -32.964385
-0.29881782 0.021684134 0.95406375 105.45273 -0.013985032 0.99953496 -0.027097796 -2.6793844 -0.95420774 -0.021439916 -0.2983756 -33.219857
-0.2919338 0.018764431 0.9562544 106.30124 -0.014490842 0.99960599 -0.024039003 -2.7204361 -0.95632879 -0.020874728 -0.29154686 -33.465308
-0.2854773 0.02153239 0.95814351 107.16071 -0.017382869 0.99946678 -0.027640245 -2.7654949 -0.95822786 -0.024545945 -0.28495078 -33.71938
-0.27903483 0.024455404 0.95996949 108.02706 -0.017602211 0.99937745 -0.030575771 -2.8112543 -0.96011968 -0.02542929 -0.27843064 -33.959942
-0.27215292 0.025679738 0.96191126 108.87773 -0.018001783 0.99933302 -0.031772001 -2.8438692 -0.96208565 -0.02596296 -0.27150911 -34.184299
-0.26512525 0.024547236 0.96390143 109.755 -0.019050669 0.99934739 -0.030689889 -2.8943692 -0.96402581 -0.026499631 -0.26448458 -34.424187
-0.25706758 0.024399833 0.96608531 110.6019 -0.016145222 0.99943325 -0.029538195 -2.9371565 -0.96625859 -0.023190974 -0.25652795 -34.643083
-0.24969105 0.025664373 0.96798535 111.46587 -0.011485818 0.99949989 -0.02946268 -2.987039 -0.96825747 -0.01847467 -0.24927141 -34.860252
-0.24275893 0.026128658 0.96973466 112.34766 -0.0099607602 0.99951737 -0.029424656 -3.0278144 -0.97003555 -0.016802392 -0.2423815 -35.078615
-0.23614237 0.025186262 0.97139197 113.19826 -0.016438682 0.99941744 -0.029909097 -3.0660913 -0.97157945 -0.023031209 -0.23559077 -35.267143
-0.23017251 0.023147725 0.97287446 114.07459 -0.021213445 0.99936016 -0.028796793 -3.1126885 -0.97291864 -0.027266248 -0.2295342 -35.462302
-0.22544814 0.023479546 0.97397216 114.96344 -0.018390414 0.99942887 -0.028350111 -3.1525084 -0.97408162 -0.02430323 -0.22488758 -35.657818
-0.2213091 0.023495726 0.97492059 115.81246 -0.016346019 0.9994799 -0.027798189 -3.1979158 -0.97506675 -0.022088062 -0.22080993 -35.845812
-0.21620534 0.02495479 0.97602891 116.69477 -0.016184411 0.99944435 -0.029138561 -3.2405155 -0.97621381 -0.022096365 -0.21568133 -36.039828
-0.2106314 0.023991278 0.97727107 117.5524 -0.010711213 0.99958215 -0.026847586 -3.2791714 -0.97750691 -0.016122702 -0.21028641 -36.223548
-0.20531007 0.02306045 0.97842522 118.42305 -0.0022381153 0.99970869 -0.024031717 -3.3183289 -0.97869446 -0.0071237813 -0.20519865 -36.412715
-0.1999204 0.021994347 0.97956521 119.31806 0.00016974505 0.99974879 -0.022412888 -3.3628485 -0.97981217 -0.0043145162 -0.19987391 -36.602266
-0.19597365 0.023401669 0.98032985 120.16889 -0.00160805 0.99970619 -0.024185663 -3.3995305 -0.98060788 -0.0063161714 -0.19587844 -36.757157
-0.19285076 0.025286981 0.98090217 121.04294 -0.0047738776 0.99963187 -0.026708389 -3.4390429 -0.98121653 -0.0098334391 -0.19265905 -36.917927
-0.190447 0.024656196 0.98138776 121.9288 -0.0052497657 0.99964467 -0.026133642 -3.4779152 -0.98168348 -0.010129129 -0.19024989 -37.086964
-0.1895816 0.023417416 0.98158564 122.78025 -0.0079601378 0.99964604 -0.025385682 -3.5222216 -0.98183274 -0.012626214 -0.18932809 -37.238753
-0.1884984 0.019248793 0.9818848 123.66706 -0.0070974858 0.99975509 -0.020961667 -3.5549681 -0.98204789 -0.010920153 -0.18831562 -37.405841
-0.18786506 0.013685423 0.98209946 124.52258 -0.0060716482 0.99986764 -0.01509446 -3.5939299 -0.98217612 -0.0087986833 -0.1877571 -37.557645
-0.18687582 0.011718353 0.98231361 125.38869 -0.0038347975 0.99991253 -0.012657829 -3.625182 -0.9823761 -0.0061324153 -0.18681454 -37.722616
-0.18577474 0.016173323 0.9824592 126.25736 -0.006738424 0.99982005 -0.017733296 -3.6595703 -0.98256929 -0.0099146246 -0.18563233 -37.878234
-0.18565803 0.020208819 0.98240654 127.09729 -0.0063164145 0.99974329 -0.021759141 -3.6953894 -0.98259416 -0.010245046 -0.18548273 -38.032234
-0.18570727 0.01957391 0.98241009 127.94843 -0.0081250372 0.9997368 -0.021455027 -3.7235852 -0.98257156 -0.011966472 -0.18549935 -38.185511
-0.18529572 0.018483434 0.98250892 128.81872 -0.010327451 0.99973125 -0.020755127 -3.7641532 -0.98262858 -0.013992648 -0.18505503 -38.342101
-0.18443219 0.018769027 0.98266597 129.64688 -0.0046458935 0.99978982 -0.01996806 -3.8016466 -0.9828343 -0.0082481137 -0.18430623 -38.499678
-0.18399696 0.021428861 0.98269316 130.50449 -0.0072121705 0.99970598 -0.023150234 -3.8416811 -0.98290039 -0.011346923 -0.18378832 -38.64835
-0.18406875 0.02260944 0.98265326 131.33403 -0.017328731 0.99950538 -0.026243167 -3.8704147 -0.98276065 -0.021858681 -0.18358592 -38.784156
-0.18352349 0.024231167 0.98271659 132.16803 -0.021186846 0.99936642 -0.028598375 -3.9106175 -0.98278702 -0.026069139 -0.18289383 -38.927377
-0.18374163 0.027255255 0.9825966 133.00733 -0.022655774 0.99923256 -0.03195324 -3.9603563 -0.98271349 -0.028132627 -0.18298313 -39.07642
-0.18288732 0.028327293 0.98272565 133.82578 -0.018113764 0.99931805 -0.03217658 -4.0004543 -0.98296704 -0.023685549 -0.18224949 -39.224488
-0.1813684 0.029443774 0.98297431 134.64821 -0.019938978 0.99923612 -0.033609811 -4.0500018 -0.98321311 -0.025695261 -0.18064278 -39.367605
-0.17911304 0.028958093 0.98340219 135.47268 -0.012252824 0.99942354 -0.031661551 -4.0803718 -0.98375224 -0.01772045 -0.17865497 -39.523132
-0.1761241 0.025973864 0.98402519 136.31092 -0.004468861 0.99962042 -0.027185358 -4.1321586 -0.98435787 -0.0091854679 -0.17594118 -39.67313
-0.1739835 0.02124838 0.98451926 137.11001 0.00045152905 0.9997688 -0.021497708 -4.1667436 -0.98474851 -0.0032957065 -0.17395287 -39.820026
-0.16994002 0.020978846 0.98523104 137.93658 0.0039975923 0.99977982 -0.020599102 -4.2002906 -0.98544634 0.00043794117 -0.16998647 -39.960742
-0.16524372 0.025097654 0.98593333 138.74219 0.00030079329 0.9996774 -0.025397104 -4.251773 -0.98625276 -0.003900149 -0.16519796 -40.087565
-0.15869531 0.028759263 0.98690862 139.56108 0.0036183596 0.99958591 -0.028546854 -4.2842634 -0.98732102 -0.0009592608 -0.15873366 -40.213555
-0.15103218 0.029094061 0.98810057 140.34042 -0.0012549386 0.99956035 -0.029623305 -4.3240051 -0.98852809 -0.0057140771 -0.15092926 -40.326092
-0.14085779 0.025605089 0.98969863 141.12069 0.0076079902 0.99966398 -0.024780108 -4.3503613 -0.99000065 0.0040391471 -0.14100526 -40.438832
-0.12901336 0.02408537 0.99135027 141.94937 0.015628927 0.99963021 -0.022252601 -4.3920117 -0.99151973 0.012622859 -0.12934208 -40.540882
-0.11525211 0.026214941 0.99299025 142.74617 0.01432304 0.99959163 -0.024726802 -4.4341333 -0.99323305 0.011372824 -0.11558052 -40.633351
-0.10092522 0.027519358 0.9945133 143.53372 0.013988894 0.99955781 -0.026239323 -4.4655608 -0.9947957 0.011263932 -0.10126556 -40.708106
-0.087336883 0.027396682 0.99580199 144.29885 0.015731217 0.99953504 -0.026119678 -4.5007508 -0.99605466 0.013383967 -0.087727259 -40.772053
-0.073794537 0.028943639 0.99685332 145.06835 0.020026863 0.99942019 -0.027535628 -4.537164 -0.9970724 0.017931867 -0.074331402 -40.822779
-0.05929817 0.03490264 0.99762992 145.91452 0.017498403 0.99927136 -0.033919976 -4.589503 -0.99808698 0.015445539 -0.059865705 -40.861771
-0.04670212 0.043995782 0.99793948 146.65005 0.0092480404 0.99900583 -0.043609997 -4.6340646 -0.99886609 0.0071923063 -0.047062566 -40.876584
-0.033298292 0.052505891 0.99806526 147.42286 0.0007389443 0.9986201 -0.052510425 -4.6801223 -0.99944523 -0.001010992 -0.033291144 -40.881756
-0.019759639 0.053715236 0.99836073 148.19127 0.0014929122 0.9985562 -0.053696204 -4.7281843 -0.99980369 0.00042944821 -0.019811303 -40.889348
-0.0080823789 0.0496001 0.99873641 148.95239 0.0010618506 0.99876894 -0.049593121 -4.7762413 -0.99996682 0.00065967928 -0.0081250984 -40.878727
0.0030938711 0.046911196 0.99889423 149.71724 0.0015909209 0.99889756 -0.046916278 -4.8322964 -0.99999399 0.0017343155 0.0030158268 -40.867655
0.011841066 0.052764061 0.99853676 150.46329 -0.0049137793 0.99859782 -0.052709016 -4.8976208 -0.99991786 -0.0042824575 0.012083732 -40.841184
0.018188508 0.061501204 0.99794123 151.22223 -0.012593581 0.9980413 -0.061277838 -4.9461386 -0.9997553 -0.011453101 0.018927401 -40.80999
0.021510238 0.064884415 0.99766088 151.96592 -0.018484507 0.99774705 -0.064491479 -5.0003993 -0.99959778 -0.017054042 0.022661131 -40.788282
0.021499319 0.060808181 0.99791786 152.73606 -0.020170412 0.99797183 -0.060376913 -5.0551925 -0.99956541 -0.018830352 0.022682239 -40.758943
0.019843222 0.055144963 0.99828112 153.48144 -0.011900907 0.99842005 -0.054916076 -5.1226675 -0.99973231 -0.010790738 0.020468144 -40.737442
0.016989667 0.052487085 0.99847703 154.24214 -0.015830882 0.99851015 -0.052219453 -5.1781575 -0.99973037 -0.01491958 0.01779527 -40.721104
0.014111905 0.052606792 0.99851555 154.992 -0.013813266 0.99852999 -0.05241233 -5.2279873 -0.99980505 -0.013053123 0.01481783 -40.706763
0.010338591 0.052987954 0.99854159 155.73426 -0.013874132 0.99850648 -0.05284244 -5.2821176 -0.99985034 -0.01330758 0.011058311 -40.692429
0.005928338 0.051074106 0.99867723 156.48329 -0.012416994 0.99862158 -0.050997549 -5.3394259 -0.99990537 -0.012098238 0.0065543516 -40.687646
0.00075413502 0.051706943 0.99866197 157.22173 -0.013911342 0.9985662 -0.051691478 -5.3857263 -0.99990299 -0.013853746 0.0014723652 -40.684536
-0.0055086111 0.049829617 0.9987425 157.95142 -0.014855081 0.99864341 -0.049906605 -5.4344181 -0.99987453 -0.015111316 -0.0047609167 -40.680616
-0.011041433 0.04682334 0.99884212 158.6975 -0.012688168 0.99881607 -0.046962375 -5.4869246 -0.99985858 -0.013192008 -0.01043426 -40.690633
-0.016340868 0.046887629 0.99876646 159.43278 -0.013116342 0.99880387 -0.047103981 -5.5351 -0.99978049 -0.013869882 -0.015706329 -40.700903
-0.021591684 0.048031289 0.99861239 160.1454 -0.014200225 0.9987298 -0.048343967 -5.58304 -0.99966606 -0.015224347 -0.020882204 -40.707722
-0.026250454 0.050416171 0.99838321 160.8642 -0.017616703 0.99854899 -0.050887736 -5.6368423 -0.9995002 -0.018924046 -0.025324199 -40.715857
-0.028300123 0.052408257 0.99822462 161.59352 -0.015489685 0.99848175 -0.052860894 -5.6888488 -0.99947949 -0.016958155 -0.02744537 -40.741743
-0.030176733 0.054163332 0.99807596 162.31085 -0.014721741 0.99839836 -0.054625936 -5.7449885 -0.9994362 -0.016341847 -0.029331024 -40.754112
-0.029378246 0.052337434 0.99819719 163.02786 -0.010055253 0.99856227 -0.052652514 -5.7923094 -0.99951783 -0.011583963 -0.028809743 -40.781957
-0.025745281 0.048456347 0.9984934 163.73717 -0.0056805767 0.9988013 -0.048617757 -5.8378669 -0.99965244 -0.0069236955 -0.025439161 -40.800167
-0.01859897 0.048065978 0.99867094 164.44134 -0.005664119 0.99882267 -0.048178765 -5.8951002 -0.99981102 -0.0065526658 -0.018304822 -40.802023
-0.0074629101 0.049154472 0.99876326 165.13551 -0.003070368 0.99878529 -0.049178496 -5.9436284 -0.99996748 -0.0034335847 -0.007302924 -40.801513
0.0066689267 0.049444763 0.99875455 165.82158 -0.00067363528 0.9987768 -0.049441365 -5.9922247 -0.99997758 -0.00034307463 0.0066940755 -40.792921
0.022061909 0.047466409 0.99862912 166.51183 -0.0020984705 0.99887228 -0.047431606 -6.0366432 -0.99975445 -0.0010491611 0.022136635 -40.769325
0.037974191 0.042228357 0.99838602 167.20871 -0.0055491815 0.9991002 -0.042047496 -6.0801182 -0.99926335 -0.0039435048 0.038174353 -40.719691
0.054841487 0.035943154 0.99784789 167.89231 -0.0075152705 0.99933844 -0.035583806 -6.1187745 -0.99846683 -0.0055476273 0.055075327 -40.671301
0.071741089 0.028407862 0.99701862 168.56255 -0.0072332899 0.99958286 -0.027960447 -6.1549075 -0.9973971 -0.005205811 0.071916644 -40.612995
0.089088129 0.020834784 0.99580577 169.24877 -0.0081135575 0.9997632 -0.020191716 -6.190291 -0.99599074 -0.0062806844 0.089236076 -40.538505
0.10661233 0.014748834 0.99419123 169.90251 -0.0093044776 0.999861 -0.013835176 -6.2197769 -0.99425717 -0.007775429 0.10673474 -40.450732
0.12472275 0.01213319 0.9921174 170.57068 -0.0097369766 0.99989204 -0.011004198 -6.2481889 -0.9921439 -0.0082877494 0.12482742 -40.355415
0.14281861 0.011373007 0.98968349 171.21061 -0.0095554668 0.99990322 -0.010111523 -6.2667299 -0.98970279 -0.0080127734 0.14291346 -40.249874
0.16026498 0.010605215 0.98701701 171.8499 -0.0097894628 0.99991018 -0.0091542028 -6.2846595 -0.98702552 -0.0081952675 0.1603544 -40.130733
0.17646145 0.010328998 0.98425331 172.49527 -0.015806646 0.99984573 -0.0076587396 -6.3030334 -0.98418067 -0.014206271 0.1765975 -39.99892
0.19051182 0.0068278726 0.98166112 173.10652 -0.019153265 0.99981132 -0.003237024 -6.3201765 -0.98149808 -0.018185324 0.19060664 -39.857409
0.20328625 0.0026829526 0.97911563 173.73241 -0.015565907 0.99987872 0.00049198288 -6.3403287 -0.97899565 -0.015340836 0.20330336 -39.716236
0.21400476 0.00091232001 0.97683215 174.36885 -0.011772418 0.99992935 0.0016452145 -6.3545425 -0.97676172 -0.01185176 0.21400038 -39.58092
0.2236129 0.0043759576 0.97466817 174.95661 -0.014976076 0.9998873 -0.0010533022 -6.3699093 -0.97456301 -0.014361172 0.22365324 -39.427574
0.23267221 0.011319657 0.97248929 175.57238 -0.01892383 0.99979565 -0.0071098917 -6.3918544 -0.97237113 -0.016748947 0.23283888 -39.265927
0.24172367 0.021506271 0.97010673 176.14648 -0.019526325 0.99965973 -0.017296012 -6.4086162 -0.97014869 -0.014761763 0.24206135 -39.114012
0.24989545 0.02853293 0.96785229 176.72021 -0.016641879 0.99954465 -0.025170376 -6.4252252 -0.96812984 -0.0098169179 0.2502565 -38.957925
0.25662317 0.026969592 0.96613514 177.33067 -0.015678935 0.99959523 -0.023739015 -6.4403144 -0.96638439 -0.009055988 0.25694215 -38.792669
0.26249695 0.019468274 0.96473637 177.9267 -0.01718853 0.99973215 -0.015497625 -6.4576082 -0.96477976 -0.01251432 0.26276127 -38.61313
0.26689164 0.0088107118 0.96368623 178.54028 -0.021620495 0.99976128 -0.003152768 -6.4811218 -0.96348404 -0.019993925 0.26701841 -38.436292
0.26898786 -0.00045773521 0.96314342 179.15131 -0.020937424 0.9997608 0.0063225669 -6.5058519 -0.96291601 -0.021866436 0.26891393 -38.256029
0.26993661 -0.0014839131 0.96287691 179.75289 -0.017478827 0.99982649 0.0064409387 -6.5217263 -0.96271948 -0.018568604 0.26986383 -38.091613
0.27104511 0.0018398784 0.96256485 180.35971 -0.016149685 0.99986611 0.0026363536 -6.5248602 -0.9624312 -0.016259689 0.27103853 -37.916269
0.27276362 0.0014128159 0.96208 180.96387 -0.012608146 0.9999183 0.0021062108 -6.5344145 -0.9619985 -0.012704542 0.27275914 -37.748132
0.27431869 -0.0005208072 0.96163866 181.57599 -0.013674016 0.99989664 0.0044422006 -6.5295973 -0.96154165 -0.014368041 0.27428322 -37.566877
0.27683131 -0.0047378229 0.96090681 182.18784 -0.013924623 0.99986307 0.0089414976 -6.5456033 -0.96081768 -0.015855551 0.27672743 -37.385162
0.28024995 -0.010474228 0.95986988 182.80228 -0.012109314 0.99982233 0.01444571 -6.5557107 -0.95985072 -0.015671775 0.28007332 -37.197134
0.28401458 -0.013247515 0.9587284 183.41838 -0.011385415 0.99978746 0.017187686 -6.5605361 -0.9587524 -0.015797073 0.28380339 -37.012704
0.29046552 -0.014812115 0.95677077 184.02587 -0.010130729 0.99977654 0.018553485 -6.5567671 -0.95683187 -0.015081932 0.29025056 -36.822967
0.2982356 -0.018115947 0.95432031 184.6567 -0.008007459 0.9997372 0.021480518 -6.5588864 -0.95445874 -0.014047936 0.29801216 -36.624052
0.3076828 -0.020510439 0.95126786 185.26356 -0.0058750569 0.99970763 0.023455114 -6.5605006 -0.95147089 -0.012805487 0.30747234 -36.420409
0.31890178 -0.018401417 0.94760908 185.89321 -0.0076006126 0.99972971 0.021971394 -6.5618426 -0.94775733 -0.014209125 0.31867572 -36.190762
0.330199 -0.014896854 0.94379374 186.5114 -0.0078035902 0.9997982 0.01851102 -6.5598633 -0.94387913 -0.013477299 0.33001611 -35.974073
0.3417515 -0.011006805 0.93972586 187.11614 -0.0096857667 0.99983705 0.015233311 -6.55747 -0.93974048 -0.014307972 0.3415892 -35.732137
0.35362553 -0.010338223 0.9353299 187.74119 -0.0089895637 0.99985518 0.014450159 -6.554641 -0.93534392 -0.013518152 0.35348138 -35.48627
0.3647683 -0.013676327 0.93099784 188.36899 -0.0074477295 0.99981728 0.017605329 -6.5593995 -0.93106858 -0.013355686 0.36459979 -35.234455
0.37597536 -0.015499299 0.92649999 188.97031 -0.0072090672 0.99978092 0.019650658 -6.5567203 -0.92660166 -0.014067363 0.37578126 -34.964173
0.38735724 -0.015465353 0.92179994 189.60689 -0.010695716 0.99971662 0.021267124 -6.5631596 -0.92186769 -0.018097284 0.38708205 -34.693879
0.3967537 -0.017204328 0.91776383 190.22092 -0.0122359 0.99963639 0.024028743 -6.5482272 -0.91784359 -0.020763159 0.39639892 -34.403932
0.40382036 -0.015924085 0.91469966 190.85559 -0.017006224 0.99954506 0.02490905 -6.5490589 -0.91468026 -0.025614369 0.40336584 -34.113272
0.40797828 -0.018155834 0.91281105 191.50156 -0.017536109 0.99946198 0.027717036 -6.5388787 -0.91282324 -0.027315102 0.4074404 -33.825439
0.41029944 -0.023335004 0.91165223 192.13963 -0.012053064 0.9994465 0.031006838 -6.5301008 -0.91187124 -0.023710291 0.40979108 -33.526541
0.41071014 -0.021633427 0.91150924 192.78828 -0.0096134808 0.99956016 0.028054862 -6.5249656 -0.91171532 -0.020285193 0.41032152 -33.236932
0.40975878 -0.021276694 0.91194571 193.45181 -0.008002666 0.99960562 0.026917682 -6.5196412 -0.91215885 -0.018327753 0.4094269 -32.938533
0.40814267 -0.020405762 0.91269003 194.1197 -0.0048295605 0.99968791 0.02451056 -6.5164203 -0.91290542 -0.014411696 0.40791674 -32.647529
0.4085798 -0.021679212 0.91246506 194.79031 -0.0017751879 0.99969711 0.02454664 -6.5019962 -0.91272091 -0.011649058 0.40841756 -32.343512
0.40744549 -0.02804301 0.91279882 195.48025 0.0020902741 0.99955443 0.029775282 -6.4955629 -0.91322717 -0.010223804 0.40732257 -32.043954
0.40712909 -0.031016674 0.9128438 196.15043 0.0027334453 0.99946014 0.032740612 -6.4868775 -0.91336658 -0.010834446 0.40699408 -31.739069
0.40559743 -0.033559099 0.91343552 196.83973 0.0037029071 0.99937792 0.035072352 -6.4767872 -0.91404436 -0.010842888 0.40546937 -31.422459
0.40335313 -0.033798585 0.91441994 197.52605 0.0028328805 0.99935895 0.03568849 -6.4651668 -0.91504005 -0.011804621 0.40319031 -31.123392
0.40219879 -0.033977101 0.91492165 198.20404 0.0014522386 0.99933357 0.036473471 -6.4500686 -0.91555125 -0.013340901 0.40198009 -30.806195
0.40025444 -0.033048719 0.91580789 198.88967 0.00036174754 0.99935512 0.035905582 -6.4442537 -0.91640402 -0.014040077 0.40000828 -30.500787
0.3994443 -0.030059428 0.91626449 199.58276 0.0016171886 0.99948385 0.032084553 -6.438298 -0.91675608 -0.011334219 0.39928674 -30.197558
0.39833493 -0.023770449 0.91693194 200.27643 0.00088426926 0.99967363 0.025531291 -6.4352566 -0.91723965 -0.0093591897 0.39822594 -29.901679
0.39647758 -0.020314256 0.91781958 200.95954 -0.0019591036 0.99973415 0.022973574 -6.4229438 -0.91804235 -0.01090661 0.39633238 -29.607668
0.39622637 -0.023284313 0.91785752 201.6482 -0.002227543 0.99965106 0.02632086 -6.4160561 -0.91815019 -0.012473586 0.39603625 -29.297143
0.39457765 -0.026463929 0.91848139 202.34403 -0.0034803231 0.99953496 0.03029444 -6.4087524 -0.91885605 -0.01515012 0.39430205 -28.992431
0.3916915 -0.025785575 0.91973518 203.02018 -0.0077489529 0.99947933 0.031321351 -6.4066086 -0.92006402 -0.019395291 0.39128774 -28.697559
0.38751259 -0.026005044 0.92149751 203.71392 -0.010021887 0.99942413 0.032418618 -6.3976512 -0.92180997 -0.021797767 0.38702882 -28.40208
0.38081542 -0.02718633 0.92425129 204.39613 -0.0099174465 0.99939009 0.033482739 -6.3892386 -0.92459793 -0.021916955 0.38031353 -28.121908
0.3721639 -0.027297401 0.92776549 205.08782 -0.010409935 0.9993818 0.03358039 -6.3779018 -0.92810869 -0.022155388 0.37164967 -27.83459
