1 0 0 0 0 1 0 0 0 0 1 0
0.99987275 0.000965157 0.015923566 -0.0037952619 -0.00095424113 0.9999993 -0.0006931044 -0.0034501942 -0.015924225 0.00067782131 0.99987297 0.096553093
0.999345 0.0034375327 0.036024295 0.027168127 -0.0034240408 0.99999404 -0.0004362159 0.0010524403 -0.036025583 0.00031258156 0.99935082 0.2671519
0.99793205 0.0053725463 0.064052764 0.04875472 -0.0054463812 0.99998469 0.00097816087 0.0023561112 -0.064046533 -0.0013249938 0.99794603 0.41001408
0.99522495 0.0049048458 0.097484545 0.082798242 -0.005200403 0.99998262 0.0027779782 0.00071969976 -0.097469234 -0.0032716722 0.99523316 0.56727767
0.99085102 0.0017782028 0.13494845 0.16220237 -0.0024906848 0.99998384 0.0051110129 -0.0028357167 -0.1349372 -0.0054003664 0.99083944 0.76471718
0.98472722 -0.0017982348 0.174095 0.23137593 0.00083243372 0.99998386 0.0056204123 -0.010009024 -0.17410231 -0.0053896504 0.98471282 0.96193981
0.97610006 -0.0020531585 0.2173119 0.31306725 0.00058932838 0.9999767 0.0068006735 -0.0093689553 -0.21732081 -0.0065100696 0.97607852 1.1735249
0.96421703 -0.0017012024 0.26510869 0.42201163 -0.00092375073 0.99995178 0.0097764297 0.0019800369 -0.26511257 -0.0096714943 0.96416897 1.3785632
0.95005326 -0.0058190907 0.31203353 0.54256449 0.00065998621 0.99986138 0.016636872 0.0076659655 -0.31208712 -0.015599977 0.94992541 1.6239173
0.93318224 -0.015339666 0.35907602 0.69147227 0.0068894736 0.99966867 0.024801013 -0.0034174877 -0.35933752 -0.02067002 0.93297873 1.8354433
0.91172373 -0.021296845 0.41025147 0.86264885 0.0098453075 0.99950123 0.030006041 -0.0042745681 -0.41068592 -0.023318168 0.91147866 2.0459847
0.88690655 -0.023137194 0.46136908 1.0374247 0.0087253725 0.99940578 0.033346091 -0.0020605464 -0.4618665 -0.02554925 0.88658141 2.2957667
0.85877585 -0.025164596 0.5117331 1.2218947 0.0064063686 0.99924241 0.038386997 0.020200987 -0.51231145 -0.029687475 0.85828646 2.5268932
0.82673272 -0.030344347 0.56177594 1.4372226 0.0076078897 0.99905607 0.042767962 0.020325241 -0.56254348 -0.031083744 0.82618319 2.7544365
0.79130784 -0.036013708 0.61035636 1.68305 0.0097814698 0.99888168 0.046257042 0.023214607 -0.61133972 -0.030633378 0.79077517 2.9610551
0.752929 -0.040549689 0.65685129 1.9496115 0.010770981 0.99872553 0.049308309 0.033222111 -0.65801364 -0.030050723 0.75240617 3.1645185
0.71367708 -0.043861538 0.69910025 2.2460751 0.012428945 0.99867345 0.049968656 0.041401803 -0.70036461 -0.026972406 0.7132755 3.4234745
0.67149149 -0.04556664 0.73960991 2.5326281 0.011369905 0.99862362 0.051201489 0.06217663 -0.74092507 -0.025972069 0.67108535 3.6127957
0.62912302 -0.046183258 0.77593253 2.8572731 0.0068360774 0.99852352 0.053889138 0.080588399 -0.77727572 -0.028598562 0.62850984 3.8081821
0.58566913 -0.046763482 0.80920009 3.222946 0.0035868768 0.99847409 0.055105533 0.09980952 -0.81054233 -0.029371108 0.58494319 4.03317
0.54575444 -0.04792349 0.83657359 3.5916829 0.0019717387 0.9984339 0.055909429 0.11900773 -0.83794288 -0.028863314 0.54499422 4.2284114
0.50773446 -0.050540326 0.86002984 4.0171599 0.00097935756 0.99831097 0.058088342 0.13260331 -0.8615131 -0.028651176 0.50692637 4.4380293
0.46987889 -0.050266336 0.88129851 4.4430076 -0.0019074462 0.99831722 0.05795768 0.15523645 -0.88272887 -0.02891412 0.46899231 4.6385396
0.43376165 -0.04957915 0.89966253 4.8858877 -0.0029055217 0.99840281 0.056421451 0.17885221 -0.90102301 -0.027087451 0.4329248 4.8118751
0.39919712 -0.048417173 0.9155858 5.393187 -0.0021036203 0.99855373 0.053721789 0.19715173 -0.91686275 -0.023371628 0.39851792 5.0033688
0.37007373 -0.046669278 0.92782937 5.8969043 0.00027844704 0.99874291 0.050125125 0.21835266 -0.92900238 -0.01829164 0.36962151 5.1899812
0.34553084 -0.044825341 0.93733615 6.4509202 0.0012317863 0.99887929 0.047314385 0.24256926 -0.93840663 -0.015193981 0.34519881 5.358827
0.32503993 -0.044350263 0.94465974 7.0094729 0.0022905876 0.99893373 0.046110191 0.26739031 -0.94569756 -0.012823827 0.32479494 5.5317567
0.30920992 -0.044701224 0.9499426 7.6036895 0.0033353894 0.9989395 0.045921177 0.29281351 -0.950988 -0.011030854 0.3090311 5.7182634
0.29721445 -0.046044829 0.95369983 8.2494015 0.0040803885 0.99888868 0.046954929 0.31076513 -0.95480207 -0.010064217 0.29707203 5.9422038
0.28690553 -0.04791123 0.95675998 8.8888777 0.0033009017 0.99879204 0.049026202 0.34214005 -0.95795323 -0.010907717 0.28671711 6.1192796
0.27573084 -0.049640097 0.95995223 9.560714 0.0016403555 0.99868851 0.051172023 0.37268552 -0.96123353 -0.012535042 0.27545065 6.3179316
0.26613615 -0.051449088 0.96256141 10.240177 0.001120193 0.99859043 0.053065126 0.40320549 -0.96393484 -0.013044293 0.26581864 6.488792
0.25621959 -0.053519467 0.9651358 10.954562 0.00013797746 0.99846805 0.055331202 0.42788016 -0.96661863 -0.01404377 0.25583445 6.6857416
0.24557868 -0.055094001 0.96780973 11.677038 -2.452947e-05 0.99838326 0.056840668 0.46217032 -0.9693767 -0.013982596 0.24518029 6.8787692
0.2344631 -0.056354145 0.97049018 12.436399 -0.00086529202 0.99830583 0.058178383 0.48775956 -0.97212468 -0.014480441 0.23401712 7.0524267
0.22544349 -0.059402589 0.97244356 13.194073 -0.0018087452 0.99811222 0.061389906 0.52401883 -0.97425461 -0.015598857 0.22491046 7.2124575
0.21417498 -0.062972654 0.97476327 13.968757 -0.0038707144 0.99785718 0.065315063 0.56538954 -0.97678768 -0.017761882 0.21347229 7.405283
0.20056533 -0.0662943 0.97743467 14.799721 -0.0041518801 0.99764133 0.068516759 0.60231805 -0.97967157 -0.017800277 0.19981701 7.5499748
0.1878575 -0.06901192 0.97976877 15.547857 -0.0048065363 0.99745197 0.071179059 0.64521488 -0.98218458 -0.018080814 0.18704712 7.7079196
0.17300068 -0.069943336 0.98243504 16.35419 -0.0053167738 0.99739446 0.071944604 0.68013468 -0.9849074 -0.017669849 0.17217804 7.8392392
0.1581092 -0.069023692 0.98500616 17.145776 -0.0069586921 0.99745113 0.071012746 0.72049737 -0.98739715 -0.018082122 0.15722588 7.9804604
0.14191769 -0.067942472 0.98754398 17.947191 -0.0084896696 0.99752145 0.069848947 0.75906882 -0.9898421 -0.018296723 0.14098913 8.0926387
0.12284912 -0.066630856 0.99018601 18.774696 -0.010238975 0.99760541 0.068400432 0.79714371 -0.99237258 -0.018541422 0.12187272 8.186935
0.0975206 -0.065130302 0.99310004 19.580544 -0.014571613 0.99765596 0.066859997 0.83999064 -0.99512687 -0.020991296 0.096342953 8.2712366
0.067180473 -0.064434389 0.99565803 20.418948 -0.019222886 0.9976437 0.065859926 0.87640594 -0.99755569 -0.023563922 0.065783559 8.3221341
0.034808703 -0.064481465 0.99731159 21.260429 -0.02236402 0.99761623 0.065281722 0.91313654 -0.99914378 -0.024576268 0.033283661 8.3328136
0.00055870334 -0.063988867 0.99795041 22.079101 -0.023594288 0.99767195 0.06398422 0.94889778 -0.9997215 -0.023581678 -0.00095237064 8.338153
-0.034083123 -0.062737818 0.99744785 22.94925 -0.024638679 0.99777716 0.061916618 0.98274466 -0.99911529 -0.022465485 -0.03555314 8.2841096
-0.069866359 -0.060789282 0.9957024 23.773364 -0.026840976 0.99789472 0.059039751 1.0138462 -0.99719524 -0.022600732 -0.071350916 8.2245185
-0.10041836 -0.057507323 0.99328192 24.622816 -0.028918523 0.99807513 0.05486124 1.0517267 -0.99452499 -0.02321517 -0.10188809 8.1557509
-0.13454549 -0.052867663 0.98949605 25.47385 -0.026292486 0.99841462 0.049769084 1.0730653 -0.99055858 -0.019320104 -0.13572221 8.0204422
-0.16471516 -0.04772648 0.98518578 26.268858 -0.022189794 0.99875515 0.044673881 1.0879311 -0.98609158 -0.014502603 -0.16556916 7.8760838
-0.19554629 -0.04100155 0.97983695 27.115876 -0.015171759 0.99913254 0.038781148 1.1094265 -0.98057715 -0.0072823395 -0.19599873 7.6788684
-0.22219975 -0.035209879 0.97436515 27.957462 -0.01013384 0.99937715 0.03380274 1.1193746 -0.97494854 -0.0023630996 -0.22241817 7.5007707
-0.25231277 -0.02895934 0.96721225 28.738408 -0.0016292752 0.99956337 0.029502944 1.1372593 -0.9676444 0.0058681156 -0.25224978 7.2832847
-0.28019557 -0.018773806 0.9597593 29.545937 0.0048084564 0.99976875 0.020960227 1.1335454 -0.95993094 0.010487925 -0.2800405 6.9988356
-0.30358403 -0.0036204896 0.95279775 30.337467 0.0098172436 0.99992781 0.0069275848 1.1222485 -0.95275413 0.011456953 -0.30352657 6.7551569
-0.32778251 0.013493612 0.9446568 31.119606 0.010106021 0.99989087 -0.010775936 1.1038723 -0.94469919 0.0060145591 -0.32788311 6.4741717
-0.35414143 0.028010995 0.93477225 31.866567 0.0077515707 0.99960492 -0.027017035 1.0692887 -0.93515979 -0.0023218973 -0.35421864 6.1551819
-0.37765888 0.038909178 0.9251269 32.637525 0.012705203 0.99924042 -0.036839691 1.0395809 -0.92585767 -0.00215891 -0.37786636 5.8350382
-0.40179656 0.044005447 0.91467096 33.427174 0.016903635 0.99903091 -0.040638634 0.98560447 -0.91557297 -0.00086719836 -0.40215104 5.5062862
-0.42407686 0.04304181 0.90460276 34.155361 0.019179498 0.99907277 -0.038545446 0.94101445 -0.90542312 0.0010035958 -0.42450917 5.1514288
-0.44395629 0.039825004 0.89516295 34.880846 0.022808789 0.99919039 -0.033141066 0.89789384 -0.89575814 0.0057043991 -0.44450522 4.7590901
-0.46284124 0.038596831 0.88560048 35.623228 0.030287965 0.99915686 -0.027716526 0.85921135 -0.88592364 0.013994686 -0.46362002 4.3612642
-0.47726945 0.039335913 0.87787613 36.278637 0.034152659 0.99907318 -0.026198952 0.81676788 -0.87809312 0.017477846 -0.47817053 3.9807061
-0.48779305 0.042696711 0.87191448 36.992608 0.036899444 0.99891896 -0.028272568 0.7655716 -0.87217913 0.018381998 -0.48884122 3.5788586
-0.49755417 0.045604308 0.86623324 37.686358 0.038542913 0.99879306 -0.030444547 0.72501486 -0.86657622 0.018239342 -0.49871138 3.1811628
-0.50765842 0.044311173 0.86041815 38.361317 0.032032328 0.99895679 -0.032546345 0.67617409 -0.86096279 0.011038771 -0.50854821 2.7693948
-0.51963982 0.043252479 0.85328988 39.059754 0.030537956 0.99901988 -0.032042273 0.64410394 -0.85383954 0.0094072888 -0.52045136 2.3656196
-0.52769323 0.04468007 0.84825909 39.740329 0.03276317 0.99894317 -0.032235371 0.59959011 -0.84880298 0.010781271 -0.52859941 1.9386037
-0.53469168 0.048260169 0.843668 40.425473 0.03650058 0.99875513 -0.033998604 0.5524647 -0.84425859 0.012615602 -0.53578758 1.5011036
-0.53919279 0.051661213 0.84059633 41.110788 0.037571781 0.99859861 -0.037271613 0.52135206 -0.8413439 0.011486118 -0.54037818 1.0489074
-0.53860974 0.052699806 0.84090559 41.814508 0.036693018 0.99856224 -0.039077893 0.47257137 -0.84175604 0.0098076314 -0.53976907 0.60572128
-0.53517473 0.053550607 0.84304228 42.553068 0.03903263 0.99849032 -0.038646324 0.42858996 -0.84383916 0.012223622 -0.53645701 0.1581874
-0.52962189 0.052549179 0.8466045 43.294692 0.037531716 0.99855346 -0.038501503 0.38397094 -0.84740314 0.011383282 -0.53082803 -0.31066321
-0.52238507 0.051119669 0.85117599 44.047507 0.03532041 0.9986419 -0.038299233 0.33985445 -0.85197792 0.010056938 -0.52348118 -0.77058607
-0.51554115 0.050548903 0.85537247 44.837563 0.033758473 0.99868158 -0.038671311 0.29722907 -0.8561996 0.0089394175 -0.51656791 -1.228571
-0.50922119 0.048932642 0.85924345 45.625439 0.030526798 0.99878107 -0.03878773 0.24922389 -0.86009416 0.0064784178 -0.51009424 -1.6940227
-0.50480056 0.047244269 0.86194218 46.434075 0.026650974 0.9988782 -0.039141654 0.19856302 -0.86282454 0.0032128707 -0.50549338 -2.1423042
-0.50392734 0.043757769 0.8626369 47.272093 0.021463152 0.99904192 -0.038138846 0.14914121 -0.86347937 -0.00070429941 -0.50438372 -2.6198303
-0.50386068 0.041294647 0.86279726 48.120153 0.018719351 0.99914404 -0.036888567 0.099464941 -0.86358211 -0.0024356926 -0.5042024 -3.1029245
-0.50513401 0.040402564 0.86209466 48.977593 0.01706137 0.99917589 -0.036830049 0.044501419 -0.8628723 -0.003895594 -0.50540705 -3.5852816
-0.50582041 0.039758119 0.86172208 49.830595 0.017446448 0.99920451 -0.035860426 0.00037124809 -0.8624624 -0.0031049453 -0.50611168 -4.0895672
-0.50564769 0.038884016 0.86186332 50.705444 0.016907589 0.99923858 -0.035162332 -0.050331685 -0.86257441 -0.003207721 -0.50592012 -4.5856297
-0.50580284 0.038434283 0.86179245 51.583174 0.017317301 0.99925806 -0.034401121 -0.099901282 -0.86247531 -0.0024762647 -0.50609315 -5.0959348
-0.50632972 0.037746952 0.86151339 52.476514 0.01693804 0.99928411 -0.033828487 -0.15524687 -0.86217364 -0.0025360193 -0.5066066 -5.6214904
-0.50607515 0.036619262 0.86171161 53.378987 0.015632898 0.99932359 -0.03328616 -0.2021441 -0.86234773 -0.0033742483 -0.50630531 -6.1428024
-0.50600402 0.036070962 0.86177651 54.25765 0.015028567 0.9993422 -0.033004749 -0.25963252 -0.86240022 -0.0037492689 -0.50621327 -6.6603123
-0.50573912 0.035311943 0.86196342 55.161519 0.013870672 0.9993656 -0.03280255 -0.31403239 -0.86257499 -0.0046335202 -0.50590808 -7.149255
-0.50396376 0.033764704 0.86306454 56.049044 0.013290643 0.99942046 -0.031338482 -0.36794166 -0.86362257 -0.0043227761 -0.50412045 -7.684946
-0.50183555 0.031731184 0.86438079 56.954867 0.013856439 0.99949356 -0.028646471 -0.42344792 -0.86485209 -0.0023985765 -0.50202108 -8.1991398
-0.49991615 0.0305023 0.86553647 57.830501 0.014546076 0.99953436 -0.026822992 -0.47282921 -0.86595168 -0.00081908703 -0.50012706 -8.6993373
-0.49740159 0.03000164 0.86700144 58.717485 0.014054893 0.99954934 -0.026524976 -0.52688892 -0.86740658 -0.0010079516 -0.49759911 -9.2191766
-0.49547873 0.030439314 0.86808652 59.61292 0.01504535 0.99953662 -0.026461138 -0.57523068 -0.8684898 -5.0264588e-05 -0.4957071 -9.7088595
-0.49434506 0.031026617 0.86871183 60.494253 0.015101393 0.99951852 -0.027104936 -0.6227754 -0.86913461 -0.00028043206 -0.49457559 -10.199709
-0.49502906 0.032544794 0.86826667 61.39637 0.01470972 0.99946896 -0.029076057 -0.67434501 -0.86875193 -0.0016215323 -0.4952449 -10.688329
-0.49755863 0.03418021 0.86675663 62.261184 0.013026987 0.99940511 -0.031933053 -0.73129004 -0.86733256 -0.0045973381 -0.49770791 -11.195793
-0.50167974 0.034841981 0.86435144 63.140342 0.012017425 0.99937283 -0.033309633 -0.78377876 -0.86496999 -0.0063234891 -0.50178382 -11.703565
-0.50832052 0.033331822 0.86052262 64.035012 0.011675697 0.99942557 -0.031815175 -0.8412195 -0.86108884 -0.0061251039 -0.5084177 -12.184486
-0.51319243 0.03140004 0.85769896 64.884673 0.01572787 0.99950679 -0.027181015 -0.88517089 -0.85812949 -0.00045931277 -0.51343317 -12.710562
-0.51896304 0.029134661 0.85429999 65.733301 0.012535141 0.9995709 -0.02647417 -0.94284237 -0.8547048 -0.0030303437 -0.51910556 -13.215292
-0.52368192 0.031334177 0.85133739 66.579581 0.013347532 0.99950247 -0.028577066 -0.99578963 -0.85180934 -0.0036020388 -0.52383961 -13.734794
-0.52840395 0.034226169 0.84830288 67.408824 0.01409292 0.999403 -0.031544135 -1.03975 -0.84887615 -0.0047129799 -0.52857085 -14.249879
-0.53348583 0.034076439 0.84512224 68.249669 0.012511563 0.9993967 -0.032399027 -1.0994478 -0.84571649 -0.0067106212 -0.53359033 -14.772337
-0.53696833 0.034656275 0.84289021 69.081366 0.011371535 0.99936238 -0.033845478 -1.1493107 -0.84352579 -0.0085889934 -0.53702004 -15.295802
-0.54025781 0.033934091 0.84081503 69.893536 0.011673791 0.99939267 -0.032833171 -1.2064035 -0.84141861 -0.0079228772 -0.54032583 -15.814862
-0.54331651 0.027248132 0.8390856 70.724087 0.013223621 0.99962692 -0.023899056 -1.2546895 -0.83942383 -0.001889001 -0.54347413 -16.340166
-0.54463025 0.019438286 0.83845095 71.541105 0.014315296 0.99980119 -0.013880212 -1.2911145 -0.83855413 0.0044430912 -0.54480023 -16.882008
-0.54702486 0.016123151 0.83696104 72.357251 0.014323818 0.99984841 -0.0098991712 -1.3288038 -0.83699384 0.0065733861 -0.54717288 -17.393243
-0.54806146 0.021876271 0.8361519 73.139313 0.014413973 0.99975649 -0.016708925 -1.3663851 -0.83631389 0.0028947534 -0.54824333 -17.900193
-0.54926491 0.027052228 0.83521026 73.936866 0.01505497 0.999634 -0.022477166 -1.4060967 -0.8355127 0.00022814761 -0.54947115 -18.434519
-0.54990064 0.032740156 0.83458811 74.742379 0.021487322 0.99945525 -0.025049995 -1.4439667 -0.83495368 0.0041580558 -0.55030458 -18.958424
-0.54959343 0.033237506 0.83477079 75.531491 0.02455525 0.99941924 -0.023626603 -1.4877391 -0.83507135 0.007512981 -0.55009041 -19.487709
-0.54870157 0.030675055 0.8354553 76.329418 0.024567921 0.99948667 -0.020562262 -1.5295855 -0.83565726 0.0092428556 -0.54917353 -20.016226
-0.54838327 0.025434855 0.83584018 77.131978 0.022499331 0.99962424 -0.015657348 -1.5625877 -0.83592442 0.010219618 -0.54874948 -20.532683
-0.54761167 0.019327254 0.83650933 77.929666 0.020558834 0.99974217 -0.0096400749 -1.5936447 -0.83648004 0.01191864 -0.54786782 -21.046901
-0.54735826 0.012523788 0.83680465 78.722042 0.011426584 0.99990666 -0.0074906162 -1.6308615 -0.83682042 0.0054617691 -0.54745028 -21.550214
-0.54545188 0.0073436374 0.83810993 79.531069 0.0029440606 0.99997223 -0.0068458667 -1.6540812 -0.838137 -0.0012666437 -0.54545836 -22.057537
-0.54441263 0.0081342459 0.83877808 80.334035 0.0063729673 0.99996423 -0.0055609822 -1.6812818 -0.83879338 0.0023180372 -0.54444499 -22.563133
-0.54200451 0.011382621 0.84029845 81.104498 0.011610754 0.99991426 -0.006055661 -1.7108083 -0.8402954 0.0064743043 -0.5420902 -23.061195
-0.53508212 0.014483538 0.84467585 81.889437 0.012411286 0.99987989 -0.0092825436 -1.7413797 -0.84470891 0.0055165911 -0.53519761 -23.555495
-0.52718556 0.016516885 0.84958962 82.682872 0.017312538 0.99981232 -0.0086946269 -1.7653908 -0.84957385 0.010124872 -0.52737257 -24.056997
-0.52020543 0.019715232 0.85381354 83.477854 0.025394243 0.99964854 -0.0076106535 -1.8002657 -0.85366358 0.017722846 -0.52052326 -24.540086
-0.51001189 0.019115476 0.85995489 84.280147 0.023915185 0.99968168 -0.0080380516 -1.8203006 -0.85983487 0.01646648 -0.51030669 -25.014636
-0.50009565 0.016292008 0.86581687 85.092589 0.019658817 0.99977893 -0.007457832 -1.8488772 -0.86574704 0.013291307 -0.50030538 -25.464764
-0.48749658 0.013687217 0.87301757 85.911018 0.021517888 0.99976177 -0.003658642 -1.8716323 -0.87285974 0.01700192 -0.48767496 -25.91586
-0.47702402 0.012186215 0.87880573 86.726016 0.020777855 0.99978077 -0.0025853353 -1.9000636 -0.87864466 0.017026432 -0.47717265 -26.350008
-0.46579072 0.011220096 0.88482374 87.544459 0.020592258 0.99978627 -0.0018376702 -1.9198646 -0.88465532 0.017364551 -0.46592221 -26.775877
-0.45347181 0.013253731 0.89117203 88.36423 0.02458303 0.99969501 -0.0023586659 -1.9362353 -0.89093157 0.020838122 -0.45365933 -27.187899
-0.441754 0.016415284 0.89698599 89.186544 0.023776872 0.9996956 -0.0065851178 -1.9675859 -0.89682113 0.01841852 -0.44200984 -27.573248
-0.43034975 0.026070142 0.90228564 90.025611 0.025890256 0.99952809 -0.016531321 -1.9959902 -0.90229089 0.016246158 -0.43082163 -27.97132
-0.41740728 0.030905891 0.90819377 90.838429 0.026131593 0.9994164 -0.02200008 -2.0263045 -0.90834375 0.014549558 -0.41797131 -28.345138
-0.40613473 0.027738476 0.91339208 91.689695 0.024711445 0.99950703 -0.019365862 -2.0548277 -0.91347906 0.014706091 -0.40661998 -28.707169
-0.39433347 0.024091083 0.91865154 92.5252 0.025167881 0.99956447 -0.015409599 -2.0984537 -0.91862275 0.017043993 -0.39476805 -29.056814
-0.3841987 0.024097109 0.92293587 93.374458 0.021200102 0.99962601 -0.017274272 -2.1364851 -0.92300704 0.012929583 -0.38456587 -29.393317
-0.37759533 0.028680602 0.9255264 94.222254 0.016907322 0.99956712 -0.024077173 -2.1770683 -0.92581639 0.0065567459 -0.37791679 -29.728952
-0.37285973 0.033505706 0.92728254 95.054389 0.0095298835 0.99943341 -0.032280788 -2.2135696 -0.92783882 -0.0031993104 -0.37296778 -30.050166
-0.36907963 0.035060045 0.92873621 95.898202 0.0053049372 0.99935141 -0.035617605 -2.2650758 -0.92938267 -0.0082188449 -0.36902625 -30.376454
-0.36596547 0.035123666 0.92996534 96.729217 0.0050790374 0.99934802 -0.035745431 -2.3108232 -0.93061461 -0.0083582643 -0.36590527 -30.693198
-0.36090117 0.035049969 0.93194516 97.593479 0.0045737343 0.99934802 -0.035813749 -2.3607219 -0.93259289 -0.0086627535 -0.36082618 -31.022286
-0.35583893 0.03146287 0.93401749 98.424363 0.003116422 0.99946752 -0.032480302 -2.406499 -0.93454214 -0.0086469628 -0.35574751 -31.324005
-0.35011912 0.027712525 0.93629512 99.282736 0.0033947547 0.99959324 -0.028316587 -2.4535321 -0.93669907 -0.0067356855 -0.35007078 -31.644689
-0.34433233 0.024250285 0.93853455 100.13133 0.0006701581 0.99967245 -0.025584123 -2.4992834 -0.93884763 -0.0081804736 -0.3442358 -31.945336
-0.3390512 0.023305475 0.94047917 100.96751 -0.0033190102 0.99965725 -0.025968465 -2.5441567 -0.94076211 -0.011926098 -0.33885764 -32.232625
-0.33248203 0.02244539 0.94284242 101.81801 -0.016122417 0.9994354 -0.029478022 -2.5815142 -0.94297181 -0.02500181 -0.33193244 -32.509813
-0.32553441 0.026546859 0.94515741 102.66903 -0.012360373 0.99940089 -0.032327609 -2.6302575 -0.94544944 -0.022206247 -0.32501125 -32.791313
-0.31887379 0.029910304 0.94732508 103.52625 -0.011592701 0.99930408 -0.035453611 -2.6808508 -0.94772633 -0.022287284 -0.31830514 -33.074255
-0.31196783 0.028375303 0.9496688 104.37164 -0.012915662 0.9993349 -0.034102099 -2.7217706 -0.95000491 -0.022904359 -0.31139386 -33.348596
-0.30528655 0.023292118 0.95197559 105.23399 -0.013291843 0.99949919 -0.028717409 -2.7669366 -0.9521678 -0.021420548 -0.30482407 -33.610208
-0.29838906 0.021144183 0.95421005 106.09012 -0.011913774 0.99959418 -0.025875373 -2.8058814 -0.95437 -0.019089171 -0.29801606 -33.865291
-0.29189804 0.02361427 0.95615784 106.93475 -0.015738333 0.99944123 -0.029487874 -2.855143 -0.95631999 -0.023655783 -0.29136329 -34.116489
-0.28522562 0.026523481 0.9580933 107.8022 -0.015785615 0.99935145 -0.032365052 -2.9000287 -0.95833044 -0.024355434 -0.28462195 -34.367551
-0.27853937 0.027532696 0.96003005 108.65249 -0.016976668 0.9992917 -0.033584223 -2.9413748 -0.9602748 -0.02565264 -0.27787467 -34.600628
-0.2715643 0.02623565 0.9620626 109.53174 -0.018035614 0.99931411 -0.032342472 -2.9930241 -0.96225133 -0.02613445 -0.27090486 -34.838804
-0.26404471 0.026130999 0.96415636 110.3762 -0.015526301 0.99938825 -0.031337914 -3.036454 -0.96438551 -0.023244392 -0.26347746 -35.064523
-0.2561415 0.027671683 0.9662431 111.24142 -0.010232107 0.99945655 -0.031335293 -3.0808551 -0.96658518 -0.017912971 -0.25571916 -35.291106
-0.24904081 0.028396953 0.96807655 112.11241 -0.0082068943 0.99947229 -0.031429144 -3.1253138 -0.96845826 -0.015772041 -0.24867634 -35.521451
-0.24252219 0.027103957 0.96976713 112.97108 -0.014970043 0.99938609 -0.031675525 -3.1686662 -0.97003039 -0.022199473 -0.24196756 -35.714802
-0.23668253 0.025102603 0.97126266 113.84548 -0.019458094 0.99934321 -0.030570006 -3.2146124 -0.97139222 -0.026134306 -0.23603864 -35.914493
-0.23186428 0.025398712 0.97241647 114.7266 -0.016583516 0.99941058 -0.030057969 -3.2571666 -0.97260682 -0.023095453 -0.23130641 -36.12273
-0.2273376 0.02535557 0.97348581 115.57437 -0.015609941 0.99943765 -0.029676895 -3.3033037 -0.97369093 -0.02194273 -0.22681396 -36.31075
-0.22240748 0.026988436 0.97458014 116.46185 -0.014247029 0.99942008 -0.030927605 -3.3461542 -0.97484974 -0.020763402 -0.221894 -36.514593
-0.21694307 0.025812484 0.97584289 117.31113 -0.0095074015 0.99954706 -0.028553117 -3.3879779 -0.976138 -0.01547213 -0.2165994 -36.69976
-0.21117976 0.025192518 0.97712249 118.18159 -0.0013571598 0.99965928 -0.026066883 -3.4308735 -0.97744634 -0.0068309089 -0.21107362 -36.895823
-0.20638297 0.02422706 0.97817127 119.07119 0.0022682271 0.99970258 -0.02428177 -3.4713679 -0.97846871 -0.0027926283 -0.20637654 -37.083823
-0.20207985 0.025649904 0.97903306 119.92489 -6.3170197e-05 0.99965663 -0.026203263 -3.5095753 -0.97936909 -0.0053569964 -0.20200884 -37.250681
-0.19865111 0.027810198 0.97967558 120.79239 -0.0016985607 0.99958606 -0.02871982 -3.5496311 -0.98006884 -0.0073692617 -0.19852164 -37.41364
-0.19661555 0.026843973 0.98011308 121.68245 -0.00456635 0.99958923 -0.02829343 -3.5940663 -0.98047007 -0.010038467 -0.19641221 -37.591515
-0.19602053 0.025548298 0.98026688 122.52782 -0.0050183711 0.99962132 -0.02705623 -3.6378971 -0.98058699 -0.010222919 -0.19581809 -37.744787
-0.19508276 0.021647712 0.98054781 123.41466 -0.0044827755 0.99972627 -0.022962978 -3.6734878 -0.98077658 -0.0088752561 -0.19493232 -37.920683
-0.194091 0.015791048 0.98085638 124.27513 -0.0053783472 0.99983828 -0.017160903 -3.71468 -0.98096883 -0.0086061624 -0.19397469 -38.079415
-0.19348825 0.013985515 0.98100287 125.13722 -0.0035080211 0.99988214 -0.014946568 -3.7467509 -0.98109636 -0.0063333633 -0.19341638 -38.244008
-0.19223552 0.018459116 0.98117516 126.00275 -0.004875316 0.99979278 -0.019764563 -3.7832202 -0.98133675 -0.0085829892 -0.19210569 -38.408774
-0.1921331 0.022174559 0.98111828 126.84501 -0.0055083426 0.99970457 -0.023673335 -3.8245837 -0.98135346 -0.0099527661 -0.1919542 -38.567294
-0.19220559 0.021333663 0.98112273 127.69344 -0.0080226296 0.99969611 -0.023309187 -3.8541424 -0.98132193 -0.01235134 -0.19197603 -38.723768
-0.19200413 0.020589937 0.98117806 128.55975 -0.0085790158 0.99970647 -0.022657557 -3.8964307 -0.98135666 -0.012767886 -0.19177113 -38.885266
-0.19115965 0.021240241 0.98132908 129.39312 -0.0032337122 0.99974679 -0.022268796 -3.9318405 -0.98155367 -0.0074302304 -0.19104257 -39.047868
-0.19031612 0.023621645 0.98143859 130.24728 -0.0054609983 0.99966954 -0.025119405 -3.9760113 -0.98170771 -0.010140262 -0.19012423 -39.207107
-0.19067252 0.024859445 0.98133884 131.07136 -0.015517267 0.99947807 -0.028333929 -4.0084216 -0.98153109 -0.020630198 -0.19018725 -39.34464
-0.19028465 0.026217311 0.98137879 131.90646 -0.019210394 0.99935251 -0.030422277 -4.0472638 -0.98154103 -0.024641565 -0.1896578 -39.494418
-0.19016185 0.029408095 0.98131216 132.74362 -0.020810396 0.99920593 -0.033977043 -4.0986872 -0.98153221 -0.026882632 -0.18939886 -39.650878
-0.18962743 0.030657537 0.98137733 133.56845 -0.015900709 0.99928545 -0.0342894 -4.1426228 -0.9817274 -0.022106806 -0.18900445 -39.804199
-0.18794318 0.031751011 0.98166652 134.39659 -0.017195429 0.99921779 -0.035610807 -4.1906161 -0.98202941 -0.023572985 -0.1872502 -39.952777
-0.18592852 0.030914256 0.98207679 135.22035 -0.011712646 0.99936417 -0.033675893 -4.2308479 -0.9824935 -0.017764026 -0.18544822 -40.11115
-0.18268037 0.028593033 0.98275645 136.03301 -0.002591336 0.99955954 -0.029563605 -4.2770428 -0.98316898 -0.0079473417 -0.18252581 -40.262009
-0.18045584 0.023746934 0.98329634 136.84036 0.0023134975 0.99971599 -0.023718897 -4.3124971 -0.98358041 -0.0020053589 -0.18045952 -40.419732
-0.17654172 0.023676497 0.98400831 137.66531 0.0067366369 0.9997163 -0.022845825 -4.3478224 -0.98427015 0.0025956664 -0.17665114 -40.564167
-0.17188922 0.027242449 0.98473949 138.4825 0.0018086243 0.9996246 -0.027338538 -4.4030904 -0.98511467 -0.0029181754 -0.17187397 -40.696073
-0.16530743 0.030960683 0.98575596 139.27846 0.0048029543 0.99952055 -0.030587564 -4.4397612 -0.98623043 -0.00032180987 -0.16537687 -40.828589
-0.15734966 0.03136114 0.98704482 140.08715 4.8518527e-05 0.99949587 -0.031749008 -4.4804658 -0.98754299 -0.004947805 -0.15727186 -40.941839
-0.14724109 0.028179066 0.9886991 140.87813 0.010573192 0.99958182 -0.026914631 -4.5052446 -0.98904416 0.0064907673 -0.14747746 -41.063847
-0.13541639 0.026671671 0.99042967 141.65789 0.01793223 0.99953984 -0.024465219 -4.5483721 -0.99062653 0.014447622 -0.13583236 -41.171461
-0.12165865 0.028567951 0.99216075 142.47564 0.015339751 0.99952046 -0.026898904 -4.5937999 -0.9924535 0.011947016 -0.12203853 -41.270577
-0.10735801 0.030057304 0.99376593 143.27724 0.016223549 0.99946279 -0.028476954 -4.6298644 -0.99408809 0.013065182 -0.10778798 -41.347816
-0.093764896 0.029836573 0.99514714 144.04414 0.0175352 0.99944528 -0.028313235 -4.6661582 -0.99543998 0.014795318 -0.094236075 -41.415076
-0.08007571 0.031620776 0.99628707 144.85807 0.020724659 0.99933347 -0.030051737 -4.7084145 -0.99657336 0.018241297 -0.080677668 -41.471323
-0.066434737 0.037345258 0.99709161 145.62284 0.017729401 0.99918575 -0.036242407 -4.7579723 -0.99763329 0.015270083 -0.067042753 -41.513436
-0.053323168 0.046587121 0.99748995 146.39379 0.010746723 0.99888006 -0.046077553 -4.8035344 -0.99851952 0.0082627486 -0.05376411 -41.539234
-0.039769079 0.055281265 0.99767846 147.15682 0.0042370096 0.99846875 -0.055156159 -4.8486786 -0.99919996 0.0020336645 -0.039942411 -41.547248
-0.02668233 0.056117342 0.99806754 147.9209 0.0019534376 0.99842408 -0.056085164 -4.9024589 -0.9996421 0.00045318064 -0.026749904 -41.560143
-0.014530452 0.052252504 0.99852815 148.68739 0.0026035566 0.99863221 -0.052220061 -4.9560141 -0.99989108 0.0018409443 -0.014646622 -41.558384
-0.0036096532 0.049367256 0.99877413 149.47009 0.0026158078 0.99877773 -0.049357978 -5.0088699 -0.99999011 0.0024344369 -0.003734378 -41.552092
0.0051641134 0.055255842 0.99845883 150.20121 -0.0030197739 0.9984685 -0.055240756 -5.0746163 -0.99998215 -0.0027298496 0.0053230632 -41.526523
0.011536904 0.063965209 0.9978854 150.9615 -0.011104943 0.99789851 -0.063837659 -5.1291875 -0.99987182 -0.010344971 0.012222988 -41.501249
0.014556549 0.067235506 0.9976309 151.70375 -0.017642066 0.99759861 -0.06697591 -5.1824217 -0.99973844 -0.016625332 0.015707765 -41.478312
0.014981001 0.063139046 0.99789225 152.47175 -0.016160376 0.99788922 -0.062896243 -5.2369527 -0.99975722 -0.015184065 0.015969729 -41.461175
0.013695484 0.057623894 0.99824438 153.22294 -0.010206844 0.99829409 -0.057486729 -5.3110094 -0.99985416 -0.0094016157 0.014260278 -41.452278
0.010632771 0.055127729 0.99842265 153.96845 -0.011152886 0.99842357 -0.055009004 -5.3613393 -0.99988131 -0.010550395 0.011230841 -41.436321
0.0076574949 0.055128732 0.99844985 154.7283 -0.011518268 0.99841779 -0.055038622 -5.4192213 -0.99990438 -0.011078954 0.0082803651 -41.425987
0.0038565979 0.055450793 0.99845393 155.46693 -0.011711691 0.99839542 -0.055402305 -5.4740086 -0.99992402 -0.011479919 0.0044998307 -41.419244
-0.00094127199 0.053595881 0.99856222 156.22802 -0.012994325 0.99847774 -0.053603594 -5.5362891 -0.99991517 -0.013026097 -0.00024339838 -41.412192
-0.00598842 0.054026228 0.99852152 156.96297 -0.014240486 0.9984336 -0.054106873 -5.5856554 -0.99988071 -0.014543446 -0.0052096815 -41.414244
-0.011942107 0.052230864 0.99856359 157.70943 -0.013432847 0.99853635 -0.052390085 -5.6354574 -0.9998385 -0.0140392 -0.01122302 -41.420794
-0.017799141 0.04937205 0.9986218 158.44716 -0.011068647 0.99870914 -0.04957365 -5.6898409 -0.99978036 -0.01193576 -0.017229684 -41.432494
-0.022751018 0.049313267 0.99852417 159.18212 -0.012519023 0.99869037 -0.049606715 -5.7409661 -0.99966282 -0.013629149 -0.02210387 -41.445944
-0.028522006 0.05045085 0.99831915 159.89354 -0.011659304 0.99864078 -0.050800209 -5.7867356 -0.99952521 -0.013088629 -0.027895018 -41.461989
-0.032693106 0.052816656 0.99806887 160.61514 -0.015454357 0.99845663 -0.053343403 -5.8435661 -0.99934599 -0.017168474 -0.031826403 -41.476998
-0.035069251 0.055052807 0.99786735 161.32959 -0.015235555 0.99833609 -0.055614107 -5.8986709 -0.99926879 -0.017153407 -0.03417214 -41.498885
-0.036790064 0.056598169 0.99771893 162.04734 -0.013313473 0.9982785 -0.057120833 -5.9550043 -0.99923437 -0.015384582 -0.035973213 -41.52746
-0.035609471 0.054828701 0.99786056 162.77056 -0.0078217894 0.99844799 -0.055140104 -6.0036969 -0.99933521 -0.0097685644 -0.035125347 -41.55527
-0.032008699 0.051533448 0.99815813 163.47786 -0.0044685164 0.99865255 -0.051702268 -6.051127 -0.99947764 -0.0061152076 -0.031735292 -41.57424
-0.02468302 0.050850878 0.99840115 164.17742 -0.0039335019 0.9986928 -0.050962976 -6.1093539 -0.99968763 -0.0051851323 -0.024450734 -41.586835
-0.013924806 0.051893583 0.99855549 164.88105 -0.0015453951 0.99865005 -0.051920046 -6.1622675 -0.99990189 -0.0022661386 -0.013825813 -41.592176
0.00026175716 0.05212651 0.99864041 165.55227 0.0012290558 0.99863972 -0.052126794 -6.2103247 -0.99999925 0.0012410302 0.00019733317 -41.584164
0.015656326 0.05015248 0.99861881 166.24118 -0.001767805 0.99874109 -0.050130904 -6.2600295 -0.99987591 -0.00098049672 0.015725275 -41.562291
0.03147279 0.045122865 0.99848551 166.94154 -0.0042509132 0.99897744 -0.045011104 -6.3023936 -0.99949561 -0.0028278494 0.031632419 -41.521992
0.048162665 0.038625264 0.99809236 167.61196 -0.006803844 0.99924153 -0.038341417 -6.3453783 -0.99881637 -0.0049442391 0.048388934 -41.47585
0.065192258 0.031378989 0.99737919 168.2882 -0.0068303929 0.99949607 -0.030999129 -6.382168 -0.99784939 -0.0047915878 0.065373735 -41.423643
0.082896514 0.023772058 0.99627455 168.9797 -0.0072355744 0.99970346 -0.023251827 -6.4182899 -0.99653194 -0.0052811224 0.083043934 -41.347821
0.099931545 0.017614151 0.99483835 169.63152 -0.0094637874 0.99981489 -0.016751625 -6.4524508 -0.99494935 -0.0077409221 0.10007974 -41.267848
0.11827513 0.015086404 0.99286621 170.30816 -0.009618034 0.99985508 -0.014046849 -6.4822135 -0.99293432 -0.0078880273 0.11840309 -41.175069
0.13627727 0.013975693 0.99057211 170.94253 -0.008130187 0.99988259 -0.012988546 -6.501209 -0.99063741 -0.006283492 0.1363749 -41.074379
0.15367761 0.013505196 0.9880287 171.57575 -0.0097045401 0.999879 -0.012157734 -6.5239367 -0.98807343 -0.007719992 0.15379007 -40.961063
0.17021113 0.013201443 0.98531914 172.23442 -0.015485452 0.99982262 -0.010720693 -6.5422154 -0.98528598 -0.013433331 0.17038537 -40.831087
0.18434498 0.0094732582 0.98281591 172.84198 -0.017435403 0.99982772 -0.0063669062 -6.5602002 -0.98270698 -0.015962084 0.18447839 -40.69627
0.19676927 0.005475765 0.98043449 173.46832 -0.014761914 0.9998876 -0.0026217539 -6.5814147 -0.98033873 -0.013957208 0.19682799 -40.559915
0.20758922 0.0037490446 0.97820886 174.1043 -0.011536724 0.99993249 -0.0013840515 -6.6012476 -0.9781481 -0.010998011 0.20761846 -40.422771
0.21727639 0.0071971005 0.97608355 174.69623 -0.015381463 0.9998739 -0.0039486002 -6.6202857 -0.97598897 -0.014155655 0.21735969 -40.275118
0.22634454 0.014228245 0.97394334 175.31008 -0.019089358 0.99976607 -0.010169117 -6.638343 -0.97386027 -0.016290229 0.2265632 -40.115694
0.23548245 0.024349205 0.97157349 175.8855 -0.019971149 0.99959625 -0.020211048 -6.6605797 -0.97167343 -0.014644092 0.23587365 -39.965853
0.24359874 0.031170345 0.96937505 176.45987 -0.015619309 0.99947989 -0.02821332 -6.6747909 -0.96975036 -0.0082682381 0.2439589 -39.820574
0.25011522 0.029688548 0.96776076 177.07979 -0.014706157 0.99953096 -0.026862412 -6.6931013 -0.96810443 -0.0075133428 0.25043451 -39.657725
0.25603418 0.022300956 0.96641041 177.67467 -0.017587796 0.99967584 -0.018409001 -6.714236 -0.96650776 -0.012283695 0.25634341 -39.483464
0.26058108 0.011300721 0.96538579 178.28964 -0.021256522 0.99975626 -0.0059654064 -6.7396063 -0.96521798 -0.018966271 0.26075778 -39.306254
0.26265016 0.0020213192 0.96488897 178.90058 -0.019652081 0.99980158 0.0032549904 -6.7652093 -0.96469102 -0.019817 0.26263777 -39.133911
0.26359301 0.0012057518 0.96463319 179.50032 -0.016808602 0.99985314 0.0033432973 -6.7829753 -0.96448757 -0.017095405 0.26357457 -38.966922
0.26485592 0.0043003237 0.96427837 180.1189 -0.014597469 0.99989335 -0.00044970286 -6.7872041 -0.96417754 -0.013956916 0.26489044 -38.799237
0.26634122 0.0038362889 0.96387113 180.7136 -0.011780892 0.99993034 -0.00072445813 -6.7975459 -0.96380685 -0.011162308 0.26636786 -38.636067
0.26803352 0.0021086361 0.96340724 181.32799 -0.013234587 0.9999113 0.0014935159 -6.7998769 -0.96331872 -0.013150608 0.26803765 -38.457488
0.27035121 -0.002330217 0.96275891 181.94548 -0.012862204 0.99989908 0.0060319302 -6.8157321 -0.96267589 -0.01401394 0.27029396 -38.282605
0.27353148 -0.007647052 0.96183261 182.56576 -0.011620625 0.99986914 0.011254202 -6.8272771 -0.96179289 -0.014255474 0.27340682 -38.103478
0.27787581 -0.010683958 0.96055755 183.18214 -0.010817776 0.99983994 0.014250314 -6.8342559 -0.96055613 -0.014350914 0.27771576 -37.919673
0.283883 -0.012161039 0.95878177 183.78891 -0.0095855457 0.99983361 0.015519892 -6.8325521 -0.95881106 -0.013596279 0.28371919 -37.738644
0.29196497 -0.015218389 0.95630789 184.42467 -0.0082096601 0.99979669 0.018416902 -6.8357077 -0.95639382 -0.013228052 0.29178067 -37.536324
0.30174223 -0.017579406 0.95322742 185.03203 -0.0055155882 0.99978107 0.020183897 -6.8388486 -0.95337363 -0.011347943 0.30157921 -37.334905
0.31287734 -0.015492711 0.94966714 185.66009 -0.007463508 0.99979598 0.018769432 -6.8417378 -0.94976426 -0.012960378 0.31269788 -37.115175
0.3241432 -0.011976483 0.94593217 186.27028 -0.0074411956 0.99985665 0.015209102 -6.8439158 -0.9459788 -0.011968793 0.32400761 -36.892571
0.33580603 -0.008291299 0.94189463 186.87326 -0.0093099436 0.9998832 0.012120959 -6.8460737 -0.94188519 -0.012839276 0.33568962 -36.662566
0.34741672 -0.0077494551 0.93767878 187.49669 -0.0082709431 0.99990163 0.01132814 -6.8421231 -0.9376744 -0.011691073 0.34731845 -36.419254
0.3585939 -0.011126191 0.93342731 188.1291 -0.0070757729 0.99986785 0.014636437 -6.8477056 -0.93346688 -0.011853256 0.35846778 -36.172724
0.36989799 -0.012793829 0.92898424 188.73885 -0.0075463641 0.99983082 0.016774289 -6.8489995 -0.92904176 -0.013215229 0.36973887 -35.908058
0.38129751 -0.01287949 0.92436262 189.37479 -0.010850763 0.99977171 0.018406109 -6.8545226 -0.92438874 -0.017048243 0.38107071 -35.633718
0.39118794 -0.014363847 0.92019868 189.97955 -0.012850926 0.99969545 0.021067841 -6.8456768 -0.92022113 -0.02006689 0.39088422 -35.346956
0.39772876 -0.013145795 0.91740883 190.62815 -0.017166669 0.9996157 0.021766109 -6.8466614 -0.91734247 -0.024405861 0.39735024 -35.068199
0.40245758 -0.015371645 0.91530953 191.27331 -0.01740002 0.99954993 0.024437084 -6.8389365 -0.9152733 -0.025761294 0.40200898 -34.770059
0.40429658 -0.020786442 0.91439167 191.91418 -0.011659359 0.99954335 0.027877319 -6.8312226 -0.91455367 -0.021931925 0.4038696 -34.484672
0.4049611 -0.018860762 0.91413933 192.57426 -0.009874122 0.99963871 0.024999015 -6.8307835 -0.91428063 -0.019149951 0.40462856 -34.195894
0.40375941 -0.018962008 0.91466864 193.23906 -0.0075334575 0.99968237 0.0240499 -6.8247036 -0.91483423 -0.01660099 0.40348831 -33.909439
0.40243275 -0.017742742 0.91527756 193.905 -0.0041791561 0.99976614 0.021218068 -6.820615 -0.91544005 -0.012363933 0.40226448 -33.616591
0.4027315 -0.019222859 0.91511625 194.57581 -0.0010355263 0.99976924 0.021456796 -6.8121702 -0.91531762 -0.0095889538 0.40261865 -33.320958
0.4014887 -0.025333276 0.9155135 195.25719 0.0024643432 0.99964364 0.026580539 -6.8082403 -0.9158607 -0.0084156458 0.40140806 -33.024052
0.40100783 -0.028740767 0.91562362 195.9442 0.0031625304 0.9995452 0.029989939 -6.8013342 -0.9160692 -0.0091305121 0.40091635 -32.718741
0.39918804 -0.03103424 0.91634367 196.63686 0.0043459941 0.99947981 0.031956599 -6.7919823 -0.91685882 -0.0087742672 0.39911526 -32.425497
0.397253 -0.030843519 0.91719063 197.32295 0.0026389996 0.99946931 0.032467405 -6.7876017 -0.91770538 -0.010477308 0.39712358 -32.122234
0.39624504 -0.031356756 0.91760915 198.00509 0.0015994667 0.9994387 0.033462368 -6.774771 -0.91814344 -0.011791612 0.39607278 -31.813869
0.39391174 -0.030590135 0.91863905 198.69036 0.0011309074 0.99946141 0.032796539 -6.7659464 -0.91914761 -0.011880046 0.39373418 -31.511968
0.3932247 -0.027389609 0.91903432 199.38942 0.0022755429 0.99958213 0.028816512 -6.7658749 -0.91943963 -0.0092400618 0.39312271 -31.216083
0.39244367 -0.02131557 0.91952898 200.07358 0.0013485168 0.99974369 0.022599494 -6.766026 -0.91977509 -0.0076290274 0.39237183 -30.934361
0.39073299 -0.018062919 0.92032678 200.76051 -0.00094891307 0.99979902 0.020025561 -6.7541153 -0.92050361 -0.0086979569 0.39063732 -30.626222
0.38992338 -0.020831896 0.9206116 201.46488 -0.0014457576 0.999729 0.023234538 -6.7482425 -0.92084621 -0.01039067 0.38978759 -30.321131
0.38840947 -0.023547012 0.92118595 202.16008 -0.0031480517 0.99963372 0.026879611 -6.744597 -0.92148155 -0.013340236 0.38819307 -30.022719
0.38533563 -0.02349749 0.92247724 202.83614 -0.0071796701 0.99956914 0.028460267 -6.7448664 -0.9227486 -0.017589837 0.3850009 -29.736138
0.3814095 -0.023563368 0.92410578 203.52996 -0.0099550925 0.9995124 0.029594929 -6.7397549 -0.92435262 -0.020487345 0.38098894 -29.442335
0.37403842 -0.024354555 0.92709333 204.21602 -0.0102573 0.99948535 0.030394615 -6.7343121 -0.92735652 -0.020878228 0.37359611 -29.164065
0.36568169 -0.024495109 0.93041755 204.91014 -0.010023251 0.99949201 0.030253067 -6.7256513 -0.93068604 -0.0203888 0.36525041 -28.882547
