1.000000000000000000e+00 4.398956837314658088e-19 2.733407509747682871e-20 -8.673617379884035472e-19 -5.583667658079949532e-19 1.000000000000000000e+00 -6.100159232558060012e-19 0.000000000000000000e+00 4.145284534913582806e-20 -2.210423569125054137e-19 1.000000000000000222e+00 0.000000000000000000e+00
9.999430056989337956e-01 -1.330164112338044682e-03 1.059320690812255369e-02 5.362211051859652744e-02 1.324322997375895587e-03 9.999989671780877831e-01 5.583984246945160887e-04 -8.637316176958120817e-03 -1.059393891156088820e-02 -5.443377659033734814e-04 9.999437344880502954e-01 2.906092503907556357e-01
9.998510863682775751e-01 -2.691705958055506422e-03 1.704581564619526979e-02 6.289490534639265162e-02 2.682148842276363757e-03 9.999962327872005119e-01 5.835100398492179758e-04 -1.103865630411907106e-02 -1.704732236282199831e-02 -5.377037198131405689e-04 9.998545392486662964e-01 5.749957240655985125e-01
9.998026407558039397e-01 -4.747918859763208821e-03 1.929084843865908061e-02 7.461949788423842544e-02 4.755373867154216727e-03 9.999886351375377735e-01 -3.405974168844601042e-04 -1.317197134582205609e-02 -1.928901240579988102e-02 4.322654185479790265e-04 9.998138562384015771e-01 8.920196063895979854e-01
9.998239239348638563e-01 -6.289640118334459407e-03 1.767941134265812314e-02 6.153301351892399851e-02 6.317768140063644358e-03 9.999788636401776287e-01 -1.535600061529569663e-03 -1.803242355925703533e-02 -1.766937959929569188e-02 1.647024136745139054e-03 9.998425277594458205e-01 1.189676009587581129e+00
9.998983452715528575e-01 -9.685764973841673453e-03 1.046351327514570030e-02 6.937789658777901436e-02 9.723958660854107108e-03 9.999462211074319207e-01 -3.605482532758001908e-03 -1.821440204999462409e-02 -1.042802888549847727e-02 3.706862839463803162e-03 9.999387558086295646e-01 1.516233183868879175e+00
9.999515149604510933e-01 -9.771446186072145143e-03 -1.219255221872194263e-03 5.389397883916264426e-02 9.765896911259213525e-03 9.999422889952540583e-01 -4.477267006926505429e-03 -2.526014833836943974e-02 1.262934249837416876e-03 4.465142852378735372e-03 9.999892336907548751e-01 1.840414025980730228e+00
9.998020600928729795e-01 -9.770047978743690714e-03 -1.733166997925893876e-02 2.215896550124454509e-02 9.687958269352876794e-03 9.999414824248470390e-01 -4.814060047539397980e-03 -3.428287164924891106e-02 1.737768966723534508e-02 4.645198690928579663e-03 9.998382059411669021e-01 2.142568847334286541e+00
9.993135566390126678e-01 -6.241900663215321950e-03 -3.651649121208312698e-02 -4.393028327931213645e-03 6.059753718239779471e-03 9.999686513841083979e-01 -5.096628669764772038e-03 -4.369832868179980567e-02 3.654715974944572343e-02 4.871849194863542114e-03 9.993200539731755816e-01 2.495925704069767992e+00
9.984329059329593026e-01 -2.855998358542043061e-03 -5.588895683740412179e-02 -5.579159908336485396e-02 2.519848066882901440e-03 9.999783164589371998e-01 -6.084157622611127345e-03 -5.117348530075366275e-02 5.590512227385394800e-02 5.933791500430799989e-03 9.984184531312192412e-01 2.851555408952129333e+00
9.971157703953579254e-01 -2.286339310198401333e-03 -7.586114209330271918e-02 -9.908541792231141676e-02 1.819883800190763914e-03 9.999790159678936252e-01 -6.217366358299249857e-03 -5.251290889699995745e-02 7.587376653809137228e-02 6.061375570041785399e-03 9.970990078631389864e-01 3.212805491521914192e+00
9.953333357169460438e-01 -2.727888830438611033e-03 -9.645781016637186567e-02 -1.538189884004981522e-01 2.179627556929100880e-03 9.999808689808517004e-01 -5.788859379149202851e-03 -6.005518616184059300e-02 9.647175786048352297e-02 5.551602578895035306e-03 9.953202398917803118e-01 3.595923654202762165e+00
9.931903864779793034e-01 -3.906758033006352618e-03 -1.164370776823582115e-01 -2.143333520689112981e-01 3.344412148519957349e-03 9.999817840184057616e-01 -5.024592864213028864e-03 -7.342196728731013866e-02 1.164545885477214354e-01 4.600963689559519308e-03 9.931853605117179074e-01 3.980484264496094049e+00
9.910238071165280438e-01 -3.447361867930641335e-03 -1.336410450995990096e-01 -2.919232651701180736e-01 2.883045942897189025e-03 9.999860937944758943e-01 -4.415909784132955596e-03 -7.806417247725350173e-02 1.336544122095838782e-01 3.990978369657554627e-03 9.910199648252300264e-01 4.384128234107557809e+00
9.886830632553148535e-01 -2.849017221877478325e-03 -1.499922762685409749e-01 -3.723850324834151460e-01 2.280628738776931379e-03 9.999895532532702136e-01 -3.961327224503037418e-03 -8.330409458410287238e-02 1.500019978209049809e-01 3.574420336280313085e-03 9.886792324941576782e-01 4.793294468638786832e+00
9.865564924466041496e-01 -2.029216929238083101e-03 -1.634079826843707339e-01 -4.515673329996270358e-01 1.410310294102118649e-03 9.999913871611300076e-01 -3.903412162899166579e-03 -8.928981730016267993e-02 1.634144989740908827e-01 3.620480536801656650e-03 9.865508574487085180e-01 5.215552450661519401e+00
9.844137086197239928e-01 -2.713465881399968176e-03 -1.758473389356388361e-01 -5.427369144472181661e-01 1.937041284853502571e-03 9.999876043411267679e-01 -4.586832497541985798e-03 -9.460733803832307998e-02 1.758576084467927403e-01 4.174717113576135140e-03 9.844067625046656334e-01 5.660570238769496498e+00
9.827255958358971366e-01 -5.270882936862894726e-03 -1.849935681134398380e-01 -6.383023344010529954e-01 4.136198008687678833e-03 9.999701966227113603e-01 -6.519027979506674710e-03 -1.122926617269361382e-01 1.850224189125328211e-01 5.641245513554422539e-03 9.827181089682267556e-01 6.088116473133618811e+00
9.811025033592641886e-01 -5.111446643484185599e-03 -1.934211728585763790e-01 -7.356051899765508884e-01 3.601197778973460814e-03 9.999602312694961803e-01 -8.158875444441179500e-03 -1.194038642163248176e-01 1.934551877438465406e-01 7.308145118783471172e-03 9.810818937585278343e-01 6.544915042832534446e+00
9.795282418212416520e-01 -4.834677052016707680e-03 -2.012487227354748942e-01 -8.468962070262623376e-01 2.859772941406721683e-03 9.999448757115592112e-01 -1.010283291160563382e-02 -1.215036735877683127e-01 2.012864764541792695e-01 9.320484412518623835e-03 9.794880723831125291e-01 7.022771830789047875e+00
9.780323093974409021e-01 -5.594252191864709095e-03 -2.083782740323757432e-01 -9.572365731277799883e-01 3.039547217043350388e-03 9.999162724263868096e-01 -1.257812725428071078e-02 -1.351304712686928200e-01 2.084311958395050901e-01 1.166843916410218937e-02 9.779674254090512386e-01 7.500751444786772026e+00
9.762756064873252537e-01 -9.232288401108828396e-03 -2.163347034974051064e-01 -1.072553669878248073e+00 6.224766711547502843e-03 9.998743380971311101e-01 -1.457944731445047319e-02 -1.437601240103174305e-01 2.164421238656048241e-01 1.288692563543418490e-02 9.762103949793831115e-01 8.001883604933897942e+00
9.744131700416301944e-01 -1.476365633568654627e-02 -2.242788606786740302e-01 -1.188706627098739199e+00 1.154883351514690397e-02 9.998110028516437042e-01 -1.563914964873424490e-02 -1.621387971507511905e-01 2.244673675205005048e-01 1.264883408464014848e-02 9.743995120523762932e-01 8.514306386058027698e+00
9.724136767046466234e-01 -1.556849219977176312e-02 -2.327429100486209379e-01 -1.318889385345745069e+00 1.180369614057045005e-02 9.997761370750158916e-01 -1.755985400405206745e-02 -1.864329419459558601e-01 2.329641920118148690e-01 1.432821553534454652e-02 9.723797554096175189e-01 9.030582645525592866e+00
9.702470340406448290e-01 -1.210893470519311919e-02 -2.418141131398725829e-01 -1.465524038200683110e+00 7.045142936442492024e-03 9.997376474340916586e-01 -2.179454636661766823e-02 -1.822476185881783117e-01 2.420145854987949263e-01 1.944247894574522434e-02 9.700777967528849688e-01 9.561557836670424138e+00
9.683003403951476740e-01 -9.546101400495370787e-03 -2.496063327248938535e-01 -1.609870926425560178e+00 3.377336457866916570e-03 9.996784716661570869e-01 -2.513059646873737341e-02 -1.979161075639200851e-01 2.497659807418623201e-01 2.349096054222513455e-02 9.680212451418480635e-01 1.010911523826059977e+01
9.659948715430538568e-01 -1.146031027256250168e-02 -2.583071194413197880e-01 -1.788453172098559696e+00 4.649280954203858715e-03 9.996256095438368350e-01 -2.696339965788279933e-02 -2.234231078640575019e-01 2.585194251006500687e-01 2.484556341890152564e-02 9.656864948421620687e-01 1.067521761308593220e+01
9.635947250134144770e-01 -1.312288957507232005e-02 -2.670449290300243028e-01 -1.935244093231607510e+00 5.697679264681817027e-03 9.995758129847690521e-01 -2.856099674103243155e-02 -2.496729626347730380e-01 2.673064594497300273e-01 2.599968945058069719e-02 9.632607510283958119e-01 1.123419912647725027e+01
9.613972018607648273e-01 -1.367428008344168458e-02 -2.748243669358760854e-01 -2.121505428749217881e+00 5.247513965823984682e-03 9.994939312361964534e-01 -3.137427301198531665e-02 -2.802876598646709683e-01 2.751143122420851572e-01 2.872099360356787298e-02 9.609824251228198388e-01 1.180574737566759502e+01
9.591000804708468275e-01 -1.312114957395148565e-02 -2.827629207136755918e-01 -2.315161757702410394e+00 3.402871207144613549e-03 9.993873614846984221e-01 -3.483277425082224876e-02 -2.951863188035971919e-01 2.830467401696540319e-01 3.244591083546691235e-02 9.585571487938140400e-01 1.239301100409512024e+01
9.569002012568378346e-01 -1.428460086823751807e-02 -2.900654291514259686e-01 -2.493613262831850808e+00 2.798022376097671939e-03 9.991967167557047613e-01 -3.997614643576018895e-02 -3.332375626524981538e-01 2.904034727419753659e-01 3.744157309853373555e-02 9.561715083909971824e-01 1.298376637543465328e+01
9.549702134888293781e-01 -1.504493852669477709e-02 -2.963199947352685437e-01 -2.703471340987873006e+00 1.248292498129026764e-03 9.989084495776290318e-01 -4.669423000388473605e-02 -3.621877123182119518e-01 2.966990634356333478e-01 4.422170491623977212e-02 9.539465962396624921e-01 1.358684505884421512e+01
9.534845313173544445e-01 -1.550953187906982736e-02 -3.010426896829824228e-01 -2.906674404826522284e+00 -1.075850730808864536e-03 9.984940641921046245e-01 -5.484930541303997126e-02 -3.977311938659932045e-01 3.014400309373189146e-01 5.262184148304299702e-02 9.520319592898862648e-01 1.419093775902400623e+01
9.522531862617964471e-01 -1.590131985119617661e-02 -3.048950889877726778e-01 -3.102613372713267648e+00 -3.725733168458924063e-03 9.979631938594452079e-01 -6.368345623188741145e-02 -4.418935046109090381e-01 3.052867330321276662e-01 6.177873215643410465e-02 9.502543874651002698e-01 1.481406030638815707e+01
9.509994334795628390e-01 -1.454265916058123699e-02 -3.088504274643465441e-01 -3.341895728506458330e+00 -8.147731001205790746e-03 9.973676965629691971e-01 -7.205062328682411421e-02 -4.872457975260729435e-01 3.090852523627317106e-01 7.103653251247195322e-02 9.483776251461445428e-01 1.545816173476547739e+01
9.496074801942476773e-01 -1.389507746249132869e-02 -3.131334512440860918e-01 -3.577365096109403453e+00 -1.152508698682409502e-02 9.967934753217350119e-01 -7.918295213343835848e-02 -5.453005243665379753e-01 3.132296397058548787e-01 7.880161436333951719e-02 9.464023988210723548e-01 1.611928188840770204e+01
9.480877166343362195e-01 -1.236535195180281203e-02 -3.177684337475090159e-01 -3.815158203361606937e+00 -1.587252593725830760e-02 9.961582769425936235e-01 -8.612055609577994042e-02 -6.093517128377811121e-01 3.176125718299310230e-01 8.669362960788117023e-02 9.442491572512681230e-01 1.678828382091990790e+01
9.462845434381252918e-01 -1.142193532581029826e-02 -3.231332542842640376e-01 -4.056377769883836137e+00 -1.926527739043092102e-02 9.956085938096869148e-01 -9.160991759856113026e-02 -6.817509246431966430e-01 3.227606129626222620e-01 9.291430139600759253e-02 9.419089773179838421e-01 1.745165819634679494e+01
9.446101973768920024e-01 -9.112619325804328582e-03 -3.280678784893053535e-01 -4.294071797093486076e+00 -2.401857262338640345e-02 9.950144767623143593e-01 -9.679514031646666017e-02 -7.507236957914080744e-01 3.273143512933938126e-01 9.931339938649655363e-02 9.396819496177897246e-01 1.813287280345415908e+01
9.425722771771065656e-01 -6.947415794691946117e-03 -3.339299827050559166e-01 -4.542221927316711039e+00 -2.811053725387900604e-02 9.945863454627085209e-01 -1.000389879271826182e-01 -8.292458315078455877e-01 3.328172192439511345e-01 1.036809285319118951e-01 9.372742213482470053e-01 1.882027670330768743e+01
9.410278562122785795e-01 -5.929772982859696229e-03 -3.382771189514851007e-01 -4.813116938778977172e+00 -3.028331438945666351e-02 9.943568073412105690e-01 -1.016733030718771635e-01 -9.056102057138799566e-01 3.369710613323961268e-01 1.059215634397877026e-01 9.355378819951684077e-01 1.949987529303334099e+01
9.388605434679282435e-01 -5.293132317791506523e-03 -3.442569682258264097e-01 -5.105669733436309699e+00 -3.132788346295528603e-02 9.944207118334629225e-01 -1.007274123178054787e-01 -9.935603145980963502e-01 3.428694287503692983e-01 1.053538359138757874e-01 9.334565477761042063e-01 2.022337912002731031e+01
9.363908106979290658e-01 -5.025519011711540585e-03 -3.509230559731557619e-01 -5.361466185817290508e+00 -3.189436446228938182e-02 9.945414153539614555e-01 -9.934849099395082206e-02 -1.078633098959294490e+00 3.495067964463474119e-01 1.042214825135660272e-01 9.311191569313759242e-01 2.095872474973159783e+01
9.339784511840056869e-01 -4.887693236511954364e-03 -3.572959004908788372e-01 -5.644721268387429269e+00 -3.209725739416730700e-02 9.947168013596525693e-01 -9.751026184696107157e-02 -1.160849837917508731e+00 3.558848415828119727e-01 1.025407024418120983e-01 9.288871764324299063e-01 2.166830838555708993e+01
9.313483999887919307e-01 -5.972185347890513786e-03 -3.640803319031232221e-01 -5.964423454708890127e+00 -3.059431907540657164e-02 9.950465556003837975e-01 -9.458509308399153104e-02 -1.254054067626947155e+00 3.628417661132675165e-01 9.923046553757611243e-02 9.265523030186788578e-01 2.238277207891253084e+01
9.275272560565367419e-01 -1.909530944190981254e-03 -3.737506388775451160e-01 -6.284380703253343192e+00 -3.374759015049234173e-02 9.954743475465311908e-01 -8.883649901671945848e-02 -1.328151149444389834e+00 3.722288157762272953e-01 9.501145808773395207e-02 9.232651484912647311e-01 2.318802743447664483e+01
9.239928272912081297e-01 6.845046565818455921e-04 -3.824091833865674861e-01 -6.595883853516269824e+00 -3.523390068397376507e-02 9.958971778129136476e-01 -8.335096579898103319e-02 -1.404588987217398222e+00 3.807831788833546671e-01 9.048946222096555803e-02 9.202259673053592159e-01 2.390978354640611414e+01
9.206407992130061224e-01 4.599630900507837086e-03 -3.903836050206231367e-01 -6.926817478079837720e+00 -3.874385172225216362e-02 9.960709916132354236e-01 -7.963349588394912082e-02 -1.479880569371079480e+00 3.884835065122983488e-01 8.843881026088815100e-02 9.172018017384820920e-01 2.463343088736669273e+01
9.167768514081677811e-01 4.654210880494076726e-03 -3.993726827909754307e-01 -7.262728093956457798e+00 -3.896108669859597862e-02 9.962052775130617599e-01 -7.782723705392061153e-02 -1.555698591387006946e+00 3.974949567131876860e-01 8.691020349578754134e-02 9.134792713304381584e-01 2.537273930729969251e+01
9.126629077099965848e-01 5.874021142604613985e-03 -4.086709059141439560e-01 -7.623080554259088260e+00 -4.073775887207257279e-02 9.962248482459751253e-01 -7.665824674745125300e-02 -1.629445907492948820e+00 4.066778260196310946e-01 8.661147562439508452e-02 9.094567617453548358e-01 2.612488103684033192e+01
9.088541045838431920e-01 5.416467179571441380e-03 -4.170789792247878158e-01 -7.983579786623717034e+00 -4.062049534823370528e-02 9.963122405012482252e-01 -7.557707880701326764e-02 -1.698183601357174055e+00 4.151315385928008861e-01 8.563049343029689731e-02 9.057224893739285188e-01 2.690475496937590449e+01
9.051013596530415040e-01 5.546374364605513932e-03 -4.251596909472181718e-01 -8.375249963223541982e+00 -4.093771024373434736e-02 9.964063539940586356e-01 -7.415174750900400957e-02 -1.769431352651555933e+00 4.232205514138778768e-01 8.451991211761220035e-02 9.020758022125863196e-01 2.770151325413730348e+01
9.011843141622529751e-01 6.799995287376716692e-03 -4.333827271135200498e-01 -8.767692824053082035e+00 -4.193158268623358581e-02 9.965547426582646029e-01 -7.155688172717628026e-02 -1.840375380792198756e+00 4.314030330194621454e-01 8.265836340573769203e-02 8.983646374432679993e-01 2.848332011614095549e+01
8.973581942164002845e-01 6.902759502606065772e-03 -4.412489311550299997e-01 -9.152178742477829587e+00 -4.078516744278372352e-02 9.968955377111696770e-01 -6.734877187648535823e-02 -1.916549636766649689e+00 4.394142056430136445e-01 7.843238417506033511e-02 8.948539103480299683e-01 2.925341274653892398e+01
8.936119423716878396e-01 8.236872841672814027e-03 -4.487648006616568042e-01 -9.572455140016140618e+00 -4.039447753336727898e-02 9.972501543882217323e-01 -6.213224465892740189e-02 -1.971110702230992162e+00 4.470189990114228906e-01 7.364973576031080826e-02 8.914873722829574909e-01 3.005327165853796245e+01
8.897864794736626282e-01 8.258027848053628439e-03 -4.563023358840491150e-01 -9.981279220906356997e+00 -3.882335914325331372e-02 9.975816103892732878e-01 -5.765134401372858097e-02 -2.039824717206492277e+00 4.547227404555144181e-01 6.901257611011780979e-02 8.879552341032445062e-01 3.085935638475331544e+01
8.861492676475444252e-01 7.030512957252720713e-03 -4.633465690280877958e-01 -1.042682578099541857e+01 -3.706460578744055073e-02 9.977567454797285906e-01 -5.574667625212902794e-02 -2.109978465158365513e+00 4.619152449442618935e-01 6.657363445006511671e-02 8.844219931253023415e-01 3.166822388063109273e+01
8.828768293789914789e-01 7.368541821441454073e-03 -4.695468073853016344e-01 -1.086627588749699136e+01 -3.712605461773065690e-02 9.978424898047141278e-01 -5.414814563626282884e-02 -2.168088891027896814e+00 4.681347705258294689e-01 6.523856372621147925e-02 8.812455791503691627e-01 3.249479402540056583e+01
8.795512551026117842e-01 7.384709740969976934e-03 -4.757468351877390811e-01 -1.131109992352366334e+01 -3.680624659385063613e-02 9.979394455806013253e-01 -5.255628633470750544e-02 -2.221121893273072079e+00 4.743784281742282616e-01 6.373640309569268692e-02 8.780106959794641286e-01 3.331079635074848966e+01
8.768607140972067837e-01 6.485812036533208404e-03 -4.807007569289040161e-01 -1.179873011951577766e+01 -3.547095170458024194e-02 9.980563792117453925e-01 -5.123744299659136608e-02 -2.283894891818694095e+00 4.794341487595465967e-01 6.197901432228098556e-02 8.753864879726398485e-01 3.415817728380281437e+01
8.740801920853464857e-01 5.793470210796994660e-03 -4.857471037651324153e-01 -1.227562922531737399e+01 -3.486324624884354351e-02 9.980985942908741082e-01 -5.083060297947086109e-02 -2.347598547004793534e+00 4.845290241927909802e-01 6.136474423415293200e-02 8.726201908659472206e-01 3.499274563305920083e+01
8.720992468902101225e-01 5.259835579291561800e-03 -4.893007591965740088e-01 -1.275219827920638771e+01 -3.473614694630696581e-02 9.980850457563621436e-01 -5.118243444750244370e-02 -2.403711253509503099e+00 4.880945678311843783e-01 6.163258573263013379e-02 8.706119238325049636e-01 3.582404482530016310e+01
8.704923673595041933e-01 4.745249154177389600e-03 -4.921590354512663246e-01 -1.324207304087572368e+01 -3.454166471489057005e-02 9.980769333651074993e-01 -5.147143426866098576e-02 -2.458933562689098018e+00 4.909683444903959471e-01 6.180548318090337001e-02 8.689822620155599475e-01 3.668094086979160551e+01
8.700377084014699891e-01 4.904401396219502593e-03 -4.929607773331312615e-01 -1.375479986229210461e+01 -3.447735942091158939e-02 9.981074500546287531e-01 -5.091983793644409839e-02 -2.518484929968268116e+00 4.917781015703629466e-01 6.129816512947440510e-02 8.685602100732696673e-01 3.755967485441378528e+01
8.698261702667520190e-01 4.279466197109877031e-03 -4.933397560148242156e-01 -1.426185921570635706e+01 -3.304643864857231828e-02 9.982219893268265976e-01 -4.960638040675374033e-02 -2.575566867605306509e+00 4.922503122988174384e-01 5.945204997165923905e-02 8.684210318498974956e-01 3.844786244786219953e+01
8.696750454665038710e-01 3.491247529815027627e-03 -4.936123191903692420e-01 -1.478009097324243726e+01 -3.179468159549479062e-02 9.982947043089936967e-01 -4.895693646715990749e-02 -2.633872835957681069e+00 4.925996519170146581e-01 5.827087255925544190e-02 8.683029961436589117e-01 3.934426921523964893e+01
8.689624227614773933e-01 2.248608924304500590e-03 -4.948729602016007645e-01 -1.528919882012630715e+01 -3.061281851547695970e-02 9.983188184276985400e-01 -4.921780338475492678e-02 -2.702341368714713976e+00 4.939303258029281163e-01 5.791787787856567116e-02 8.675703760892328198e-01 4.023377165260123434e+01
8.679432757868812409e-01 6.055671729638766173e-04 -4.966629626087778471e-01 -1.582591045101935379e+01 -2.923445015910688602e-02 9.983276956717846984e-01 -4.987142497638060584e-02 -2.760586027411048082e+00 4.958021990161137205e-01 5.780523667440173180e-02 8.665095145990004966e-01 4.116706547290814200e+01
8.665393078885197387e-01 -2.445107660083690689e-04 -4.991087688853736992e-01 -1.635551617405873870e+01 -2.747028723215453119e-02 9.984607390979056696e-01 -4.818231882109393766e-02 -2.821579410060894855e+00 4.983522999409977783e-01 5.546253450790276235e-02 8.651987617202443470e-01 4.206246918667908830e+01
8.641877672251413456e-01 1.309371992794650238e-04 -5.031694355177648292e-01 -1.691200061941515997e+01 -2.599854830845387682e-02 9.986758215829296681e-01 -4.439232949382708460e-02 -2.889190792105575500e+00 5.024973454533914197e-01 5.144498300590510248e-02 8.630468333086281918e-01 4.300541494280746235e+01
8.616789713579050547e-01 -1.913341879588167861e-04 -5.074537502455769289e-01 -1.746344620483247922e+01 -2.358963313748487639e-02 9.989037549777882719e-01 -4.043287700191021405e-02 -2.944139739427262370e+00 5.069052015201149786e-01 4.681080764247081555e-02 8.607298472745582574e-01 4.391784381949507576e+01
8.574650202389061393e-01 -1.174641069962921881e-03 -5.145409158492990631e-01 -1.798835874769241627e+01 -2.189854124727998522e-02 9.990080310116649098e-01 -3.877380437024210980e-02 -3.002943266072579664e+00 5.140760613776748089e-01 4.451487636749929672e-02 8.565887193178024495e-01 4.478771121228439256e+01
8.523005124504147156e-01 -3.875410165045583676e-03 -5.230380601022676101e-01 -1.855241755250145630e+01 -2.015747461970798446e-02 9.989863373160154936e-01 -4.024890194978503893e-02 -3.065624642807890599e+00 5.226638659477885751e-01 4.484728612586588031e-02 8.513584494686424753e-01 4.570042576540451051e+01
8.464611017555220274e-01 -7.255747401125375862e-03 -5.324011192830281347e-01 -1.913438363122394037e+01 -1.840299393033904135e-02 9.989110546338441088e-01 -4.287230778365554162e-02 -3.133167222278796071e+00 5.321324433555374434e-01 4.608751540050081558e-02 8.454058251238496524e-01 4.658838943152639445e+01
8.404036439400167646e-01 -7.610530857023560525e-03 -5.419075468736395118e-01 -1.971397797772081972e+01 -1.839064460366712783e-02 9.989250828738654997e-01 -4.254953615080076662e-02 -3.194708522318649102e+00 5.416488750621801795e-01 4.572481427291145289e-02 8.393603178535704590e-01 4.748719989398653496e+01
8.347398056387053122e-01 -4.458700023858953344e-03 -5.506265258661329209e-01 -2.032446598794055603e+01 -1.991795563690883231e-02 9.990683245943523527e-01 -3.828521739750892494e-02 -3.237130012057575890e+00 5.502842324597125856e-01 4.292554954982417958e-02 8.338732916668590844e-01 4.836955535498100289e+01
8.295142613006941668e-01 -3.415721958421063549e-05 -5.584855262949087740e-01 -2.091083281181318299e+01 -2.267794229190650893e-02 9.991731685935546503e-01 -3.374448310366490872e-02 -3.291970063948842729e+00 5.580249151611089697e-01 4.065683238619855616e-02 8.288276190180274838e-01 4.922591351582844510e+01
8.254308203539235667e-01 -1.870927546691323923e-04 -5.645032503311504524e-01 -2.153492411238494242e+01 -2.347341653713242229e-02 9.991236462178270106e-01 -3.465455712795400406e-02 -3.352563736047212917e+00 5.640150391133922358e-01 4.185575933203729976e-02 8.247030600107578824e-01 5.014090124022759909e+01
8.220592731818698873e-01 -2.010403258520278985e-03 -5.693983696728969202e-01 -2.215957864179361891e+01 -2.442976834271831654e-02 9.989484327727750079e-01 -3.879710202061264351e-02 -3.402625154273796859e+00 5.688776166329115869e-01 4.580378766920041589e-02 8.211457096958093560e-01 5.099530462074700665e+01
8.191294644929859592e-01 -3.974469757177689910e-03 -5.735949072633023116e-01 -2.275396097697391795e+01 -2.681215598776759412e-02 9.986176758313159985e-01 -4.520891346131772348e-02 -3.478630257802926007e+00 5.729817044882092869e-01 5.241126917457112483e-02 8.178905987286316792e-01 5.185740602594692206e+01
8.157240902345150868e-01 -5.200569170035675148e-03 -5.784178042235479378e-01 -2.340091036218377596e+01 -2.686648668022514896e-02 9.985397794454548004e-01 -4.686684121443988188e-02 -3.536003540598999795e+00 5.778169308575604735e-01 5.377046562718986594e-02 8.143932329300381801e-01 5.272449272660695385e+01
8.128577305526044627e-01 -3.850603930585356355e-03 -5.824495481984155454e-01 -2.401312179363388921e+01 -2.608990204301471147e-02 9.987337827121079981e-01 -4.301335058221604501e-02 -3.599560303964298491e+00 5.818776779131941135e-01 5.015978614022793824e-02 8.117280149699516167e-01 5.355933663554350943e+01
8.093216251513544179e-01 -1.510674310500042389e-03 -5.873637870063348476e-01 -2.465711997228745744e+01 -2.574406645758373427e-02 9.989444795103334940e-01 -3.804168696443812475e-02 -3.647500202010268477e+00 5.868012912080871057e-01 4.590909218514056811e-02 8.084284795090346254e-01 5.443962611161921927e+01
8.065771842471545217e-01 -4.014894487739280034e-04 -5.911286475368500160e-01 -2.532530935063330446e+01 -2.550642464658642999e-02 9.990447940554368911e-01 -3.548128833732530629e-02 -3.703406374149885494e+00 5.905782534837672459e-01 4.369597582120566398e-02 8.057964971870417159e-01 5.531007428552923244e+01
8.033839946686457401e-01 2.142972723201001567e-04 -5.954612534627469200e-01 -2.593729020855923295e+01 -2.664753191113888517e-02 9.990110429080089061e-01 -3.559276953397915583e-02 -3.759029929529968062e+00 5.948647506552388053e-01 4.446223400178849622e-02 8.025951936902886441e-01 5.614957660917851712e+01
7.995070814875101517e-01 -4.871888848807020222e-04 -6.006564595320471600e-01 -2.660663279105533974e+01 -2.708614737328491825e-02 9.989531669060484065e-01 -3.686341006392472586e-02 -3.811032824565429689e+00 6.000456422597236772e-01 4.574202666412037488e-02 7.986569357802032476e-01 5.700894453591383382e+01
7.956330580648257600e-01 -3.054048140353020184e-03 -6.057711636234548447e-01 -2.725655775774190559e+01 -2.587705324642606414e-02 9.989031690973128041e-01 -3.902354329791200144e-02 -3.879902826815239347e+00 6.052259253038870801e-01 4.672399363995784205e-02 7.946813542144710585e-01 5.785416543110085286e+01
7.917631812297235561e-01 -4.016791462182264273e-03 -6.108149663370440186e-01 -2.791483852948270439e+01 -2.552784162104841312e-02 9.988871262853072919e-01 -3.965902534649228678e-02 -3.927369917903377861e+00 6.102945189712160046e-01 4.699334368517911475e-02 7.907795096290807235e-01 5.870188816310290747e+01
7.870917023280069591e-01 -4.742356031867915080e-03 -6.168177647590087354e-01 -2.859459286541978784e+01 -2.469061196816356787e-02 9.989268129322010914e-01 -3.918668309296284569e-02 -3.985276044136008000e+00 6.163416517396151928e-01 4.607312106786527056e-02 7.861299148761868860e-01 5.956281540010004960e+01
7.823536872289084121e-01 -4.154519743562130885e-03 -6.228205525266078402e-01 -2.926713369577249679e+01 -2.517291242882885305e-02 9.989497652095169489e-01 -3.828434556463888860e-02 -4.044291924087485057e+00 6.223255085136281117e-01 4.563010601264668592e-02 7.814274516718749952e-01 6.037504727595327125e+01
7.769286857890979059e-01 -5.118424733572389355e-03 -6.295677972887402385e-01 -2.998086724988796092e+01 -2.498711010429765372e-02 9.989284198053247632e-01 -3.895711078533341948e-02 -4.102635777843656406e+00 6.290925747921728428e-01 4.599797662131072107e-02 7.759682506291782911e-01 6.123089946784782711e+01
7.715375345652615291e-01 -6.664026337278376212e-03 -6.361488943807561691e-01 -3.068151571896333962e+01 -2.432983665936349141e-02 9.989045513682585087e-01 -3.997194452077160176e-02 -4.155452567677951237e+00 6.357184109971482089e-01 4.631725408486023210e-02 7.705302210403631724e-01 6.206682567357131575e+01
7.664047371462425762e-01 -7.790808667832477448e-03 -6.423107303749632235e-01 -3.136489658121928414e+01 -2.402626616137417195e-02 9.988790788693832079e-01 -4.078387395964500756e-02 -4.216790385597617430e+00 6.419085011317445799e-01 4.668928263337351198e-02 7.653584747316114489e-01 6.287006963951444050e+01
7.601050526999030277e-01 -8.961706019148705030e-03 -6.497384001987500657e-01 -3.207777404901113272e+01 -2.389075467184647444e-02 9.988434278564174429e-01 -4.172575358474611001e-02 -4.280556280711686590e+00 6.493608759981567280e-01 4.723869671237415635e-02 7.590118353526067452e-01 6.371447846692237960e+01
7.545990583480846059e-01 -1.110592918338398558e-02 -6.560921515622333278e-01 -3.281107478336122085e+01 -2.257584169731911838e-02 9.988254318108663599e-01 -4.287293060706507536e-02 -4.337029600089910453e+00 6.557976816313423329e-01 4.716370547755056181e-02 7.534620055111185266e-01 6.451707738920819679e+01
7.482009668349225429e-01 -1.187686482468743726e-02 -6.633658455229425321e-01 -3.356598482227254010e+01 -2.202127313879023371e-02 9.988443333768958210e-01 -4.272073557864503740e-02 -4.403254762258612232e+00 6.631066155934782769e-01 4.657185598837383644e-02 7.470747531878231262e-01 6.535341027320583862e+01
7.420063679514202759e-01 -1.210612806262144868e-02 -6.702835095084186401e-01 -3.431287117975367096e+01 -2.122436927616055957e-02 9.989115094037231968e-01 -4.153700237870543849e-02 -4.464239420534899416e+00 6.700567760389278815e-01 4.504706482583639704e-02 7.409417569970272455e-01 6.617774885446347355e+01
7.359858307920738030e-01 -1.277023085133483123e-02 -6.768764802081276288e-01 -3.505885876650734190e+01 -2.025667568670918434e-02 9.989590153662877281e-01 -4.087239586469568198e-02 -4.525918801809297065e+00 6.766938237974733372e-01 4.379277137960578548e-02 7.349609993682858500e-01 6.697830808859738738e+01
7.289975651532832890e-01 -1.389778976014045299e-02 -6.843751841242913247e-01 -3.582466442057882006e+01 -1.961549937488436812e-02 9.989591538325943709e-01 -4.118059241841844770e-02 -4.587418351105344350e+00 6.842351858569445389e-01 4.344491240545420713e-02 7.279661796972541898e-01 6.780343753607986912e+01
7.226538139142246742e-01 -1.581971219939821635e-02 -6.910290825923819380e-01 -3.661768812652610450e+01 -1.865945963823383708e-02 9.989272275039245974e-01 -4.238182096327215709e-02 -4.655791332809108951e+00 6.909582457296123970e-01 4.352161363619995449e-02 7.215833844585193280e-01 6.859707060194800476e+01
7.166917247332934560e-01 -1.499208159217652048e-02 -6.972289438091467950e-01 -3.738643338821155027e+01 -2.054128619798603964e-02 9.988813197860928472e-01 -4.259301091294359631e-02 -4.709874868393647773e+00 6.970875375055815004e-01 4.484803754063313580e-02 7.155820202124889562e-01 6.938061445044348829e+01
7.115245855200295066e-01 -1.479795118537542871e-02 -7.025053562854163269e-01 -3.819736011691133371e+01 -2.061371794083262377e-02 9.989083018830571259e-01 -4.191991289581649405e-02 -4.770193787048252254e+00 7.023587734529007642e-01 4.430829571274115530e-02 7.104427756553689521e-01 7.019834815152005092e+01
7.068776304919579534e-01 -1.467683704846321074e-02 -7.071835664226514551e-01 -3.903051424840402461e+01 -2.108913963931647803e-02 9.989029351152612923e-01 -4.181117606507493700e-02 -4.831122441005604173e+00 7.070214081806646123e-01 4.446927784356641267e-02 7.057926189836600805e-01 7.098471644073227083e+01
7.015632300317139469e-01 -1.486283776984739444e-02 -7.124521884627882384e-01 -3.984122043943957436e+01 -2.176222434156436028e-02 9.988692906676496230e-01 -4.226755009037575644e-02 -4.902997287568877205e+00 7.122748401524827688e-01 4.515790312274184370e-02 7.004465185215519307e-01 7.177941166535576656e+01
6.966519794455486858e-01 -1.703353682296916347e-02 -7.172069914374357147e-01 -4.068109370031290695e+01 -2.151738556915544845e-02 9.987722143951230924e-01 -4.462136154901143181e-02 -4.970779365607310929e+00 7.170864869927954244e-01 4.651797902426236392e-02 6.954301239916450550e-01 7.258046134609320177e+01
6.914644248559598250e-01 -1.914795719753212278e-02 -7.221566971103003940e-01 -4.149207370242675808e+01 -2.134345793279894890e-02 9.986707866504509479e-01 -4.691606045502866307e-02 -5.034580913684161274e+00 7.220951559610645498e-01 4.785410766231802671e-02 6.901366384968633527e-01 7.334447954188594565e+01
6.866476518245578919e-01 -1.985288680734586392e-02 -7.267192410436886796e-01 -4.236013526692803310e+01 -2.196185274269897569e-02 9.986043641158958151e-01 -4.803125053200536787e-02 -5.102020149600061671e+00 7.266585771067041177e-01 4.894064617346303991e-02 6.852533365556363609e-01 7.414230666489014254e+01
6.816053116777336385e-01 -1.929528577998261551e-02 -7.314655706821534542e-01 -4.321654098079632433e+01 -2.220693264131816044e-02 9.986462969761603636e-01 -4.703642965328049680e-02 -5.170749608694582555e+00 7.313829774953708451e-01 4.830388676590643970e-02 6.802541324117419297e-01 7.493561734734794300e+01
6.772200816554386771e-01 -1.951772915227021829e-02 -7.355215898958792353e-01 -4.406690123850724206e+01 -2.124803730202498922e-02 9.987124147545961561e-01 -4.606553549394432068e-02 -5.239775712245847927e+00 7.354736504822767529e-01 4.682489568479519110e-02 6.759333906564102268e-01 7.568901781338597345e+01
6.712784715451701745e-01 -2.036101869880630605e-02 -7.409255241739545195e-01 -4.495154732846823720e+01 -2.057275405733577367e-02 9.987256823286364549e-01 -4.608441472615706219e-02 -5.315699812741033092e+00 7.409196880984721956e-01 4.617835385083041838e-02 6.700041683271917847e-01 7.648241725243757116e+01
6.669200833831454567e-01 -2.153866669297335029e-02 -7.448178823938592652e-01 -4.582697650181403048e+01 -1.970473909542851468e-02 9.987227587315609112e-01 -4.652498768987855388e-02 -5.378492109407635446e+00 7.448686693118197200e-01 4.570489049676292048e-02 6.656438527585233356e-01 7.725665798879933277e+01
6.623452118132842070e-01 -2.277503313804616833e-02 -7.488525274493651462e-01 -4.673336440011292581e+01 -1.799500917955726420e-02 9.987658565907140407e-01 -4.629193645050243971e-02 -5.448650464495712775e+00 7.489826493497476756e-01 4.413685032332084063e-02 6.611179469472540093e-01 7.804384207878153745e+01
6.581456569363486331e-01 -2.331801590256013176e-02 -7.525294372378564800e-01 -4.763230671680328498e+01 -1.710671407263066046e-02 9.987990891716146402e-01 -4.591012773850292744e-02 -5.521885085402753468e+00 7.526962625670611251e-01 4.308885684648890158e-02 6.569563891070177020e-01 7.879755663696668933e+01
6.545807238471189615e-01 -2.578890902174876473e-02 -7.555521144051484672e-01 -4.852494322330303334e+01 -1.484576406331202837e-02 9.987867777047656492e-01 -4.695291249030173614e-02 -5.589891056147977544e+00 7.558463391694687505e-01 4.195121961329918020e-02 6.534037169119987221e-01 7.957662628782205161e+01
6.499409525476719240e-01 -2.980789900284677024e-02 -7.593999188200598605e-01 -4.943129277834017898e+01 -1.203024475863877056e-02 9.987018087499297536e-01 -4.949717590727486377e-02 -5.672552900713009549e+00 7.598894924276057283e-01 4.130600828499426946e-02 6.487386096264768920e-01 8.036356244218117695e+01
6.453036123819947401e-01 -3.366725864476285968e-02 -7.631839573726786341e-01 -5.033932533875588433e+01 -8.494311415846387756e-03 9.986503992421192910e-01 -5.123696683704234700e-02 -5.739567685495632787e+00 7.638789851282836718e-01 3.954612170656777309e-02 6.441467310208843777e-01 8.112435455502834714e+01
6.388818152458094479e-01 -3.792852018500334627e-02 -7.683693399790733070e-01 -5.125737322862364920e+01 -3.034526582128340387e-03 9.986518853481309854e-01 -5.181894953739750453e-02 -5.814997502796314777e+00 7.692989193738455356e-01 3.543782141014459319e-02 6.379054352776293291e-01 8.189018882664487364e+01
6.305715847766596438e-01 -4.109703716863802314e-02 -7.750422562341574562e-01 -5.220460996246328733e+01 1.199659449537299151e-03 9.986475205064152538e-01 -5.197778936616588574e-02 -5.893036975113224329e+00 7.761301740261866700e-01 3.184592988957862109e-02 6.297680531683297334e-01 8.265610700428248947e+01
6.219788544467805824e-01 -4.240654933184661440e-02 -7.818848879174994382e-01 -5.312340131763070872e+01 4.575043558594180451e-03 9.987122124926135491e-01 -5.052707762270490510e-02 -5.981418962611099843e+00 7.830206788686480124e-01 2.784961603923974752e-02 6.213718907490747290e-01 8.338679996727344701e+01
6.124820543115022664e-01 -4.196429278065178653e-02 -7.893698245031428584e-01 -5.406864886223421962e+01 6.318739783156037716e-03 9.988179045015765922e-01 -4.819613212313688527e-02 -6.042210930884247766e+00 7.904592442506941374e-01 2.453144306319715931e-02 6.120232045801200504e-01 8.413252586414742495e+01
6.038675169228049366e-01 -4.135281462624227494e-02 -7.960112782536592491e-01 -5.508242951919221753e+01 5.120651752806621229e-03 9.988339768888113701e-01 -4.800484889488942919e-02 -6.127346328426021671e+00 7.970682601022694991e-01 2.491247191729775712e-02 6.033751479155790021e-01 8.486975528598506457e+01
5.947116070387999942e-01 -4.211063903681770693e-02 -8.028354667846563375e-01 -5.606075518988862427e+01 3.518841075866449390e-03 9.987539883312263056e-01 -4.978040308182780233e-02 -6.201389783291419988e+00 8.039314229054015382e-01 2.677993267258946958e-02 5.941187712033784152e-01 8.558419914723019417e+01
5.843249836152568655e-01 -4.448038037161628627e-02 -8.102998193729505916e-01 -5.703676576672110343e+01 4.430166454011641788e-03 9.986566986643358179e-01 -5.162530209156100669e-02 -6.279742243448688477e+00 8.115076696437786286e-01 2.657619028961061974e-02 5.837371157038067082e-01 8.628917171667072239e+01
5.745248194713443723e-01 -4.586866834291200568e-02 -8.172008840408433450e-01 -5.806576870245292810e+01 4.739139706751908585e-03 9.985981669302603780e-01 -5.271851226061424062e-02 -6.353365823613054353e+00 8.184734469188292838e-01 2.641526414375654913e-02 5.739368107476197078e-01 8.699103170200265822e+01
5.644014944586742688e-01 -4.696338938739869073e-02 -8.241634429642917814e-01 -5.906818726218187265e+01 7.541948078601853032e-03 9.986320947498609213e-01 -5.174029693507797151e-02 -6.430001711927033625e+00 8.254659794477727797e-01 2.298650254499200879e-02 5.639836432859917092e-01 8.767456888397698833e+01
5.543049974696362403e-01 -4.675072691733604680e-02 -8.309995949042711105e-01 -6.008992631737363155e+01 8.674418515605537144e-03 9.986915077965751175e-01 -5.039867745916002534e-02 -6.512856101074891768e+00 8.322684276123423208e-01 2.072780000904713912e-02 5.539852302336913947e-01 8.836530734547683608e+01
5.435448517400263135e-01 -4.767684429769025040e-02 -8.380249995591577683e-01 -6.114884967855880404e+01 9.737513759206107428e-03 9.986765469431215791e-01 -5.050084534747942971e-02 -6.598292024808388945e+00 8.393236482680976884e-01 1.928919401547286167e-02 5.432897507421859951e-01 8.904799986276900370e+01
5.333985111151978709e-01 -4.819798953228764116e-02 -8.444897685492430695e-01 -6.220999898361424130e+01 8.345930604049591264e-03 9.986265620129398668e-01 -5.172364116519639204e-02 -6.676561031842441984e+00 8.458229043638757494e-01 2.054125967185792614e-02 5.330681795929256284e-01 8.968782497719590197e+01
5.236493783623050735e-01 -4.894918272277070520e-02 -8.505264798463263443e-01 -6.328080399691940272e+01 7.565222490982586104e-03 9.985758194825297140e-01 -5.281193165227162506e-02 -6.756955470882815895e+00 8.519002922280028978e-01 2.122051261651459325e-02 5.232739197652688246e-01 9.033490537320413694e+01
5.138623963536268491e-01 -4.953262079526124517e-02 -8.564414421259248789e-01 -6.432969935831964392e+01 5.751874305379566822e-03 9.985082088831199743e-01 -5.429799912071524987e-02 -6.842484895811083767e+00 8.578533474234856238e-01 2.297555592361679583e-02 5.133807275998336639e-01 9.096211810126781927e+01
