7.775851027636732082e-01 -6.284195689518206063e-01 2.121917336787990105e-02 -6.596205703153162858e+01 6.274536246146225071e-01 7.776945972117118577e-01 3.864016596349751503e-02 2.571408272655138205e+01 -4.078427292450673841e-02 -1.673197018052924312e-02 9.990278696091999810e-01 -8.846809761448671816e-01 -4.809208017785018303e-24 -1.416202385148814181e-23 -3.430527606006730092e-24 9.999999999999997780e-01
7.494818730028297571e-01 -6.614477154519977642e-01 2.763768737616811855e-02 -6.556255335405333540e+01 6.606940253742347169e-01 7.499688973173306294e-01 3.209451497402899395e-02 2.609358291874487890e+01 -4.195624953401735219e-02 -5.794202271257344744e-03 9.991026475518310912e-01 -8.923029939017698142e-01 -4.809208017785018303e-24 -1.416202385148814181e-23 -3.430527606006730092e-24 9.999999999999997780e-01
7.210208386745247111e-01 -6.928205476243233241e-01 1.134191282884721742e-02 -6.520828427125593407e+01 6.924614394847535825e-01 7.210451213199813303e-01 2.431229827385985101e-02 2.649147548186795476e+01 -2.502209071577838478e-02 -9.675836407549294818e-03 9.996400718088612747e-01 -9.027546558970072077e-01 1.649127480292260682e-18 1.592412281188137513e-18 1.546423980707081686e-20 9.999999999999997780e-01
6.909721836700202235e-01 -7.227403382907441332e-01 -1.427742279487332309e-02 -6.487181020373941465e+01 7.228775369209202717e-01 6.908978816148561020e-01 1.040114393942431249e-02 2.690366353075951977e+01 2.346914874507284587e-03 -1.750772936402652039e-02 9.998439735294141206e-01 -9.073724873314343853e-01 1.975403590699870108e-18 2.884086916645833780e-18 2.692972371826047224e-21 9.999999999999998890e-01
6.562837725778616349e-01 -7.539727386376668949e-01 -2.857830019759762669e-02 -6.453253272556914055e+01 7.540281194623591476e-01 6.567496853281039604e-01 -1.102024870383705620e-02 2.732779186960908291e+01 2.707775675768449644e-02 -1.431643156132442370e-02 9.995308073672980465e-01 -9.269612817581681652e-01 9.344121043683522746e-19 3.765458906696919166e-18 1.890819592628232066e-20 9.999999999999998890e-01
6.188195606934721038e-01 -7.850352609117863256e-01 -2.796409176602518074e-02 -6.419369334059763332e+01 7.843261031534707328e-01 6.194497692439173697e-01 -3.338483631450681749e-02 2.777644413933700207e+01 4.353062387823630058e-02 -1.273777381105589603e-03 9.990512811042066010e-01 -9.383187448193726077e-01 -1.602361048153412811e-18 5.427076790809745607e-18 7.784657676208862141e-20 9.999999999999996669e-01
5.859362601528884662e-01 -8.100464245121311579e-01 -2.243856441829781764e-02 -6.386935971238785470e+01 8.090772301720543513e-01 5.863421519298729345e-01 -3.996143750365281633e-02 2.826585157126222470e+01 4.552729571544115311e-02 5.260323692630573464e-03 9.989492451268426887e-01 -9.615639628163198394e-01 -3.322319314263436484e-18 8.659849440547008351e-18 1.493949067623768414e-19 9.999999999999993339e-01
5.571962394905966010e-01 -8.302270230171648890e-01 -1.598252012627121924e-02 -6.356616025840997253e+01 8.298792759874391578e-01 5.574253984014134744e-01 -2.402732826560541671e-02 2.877080351904299960e+01 2.885719986585569621e-02 1.243747237574294618e-04 9.995835365525140848e-01 -9.314103715583252896e-01 -3.448469508542153394e-18 1.408476762942251118e-17 1.186302018872264209e-19 9.999999999999990008e-01
5.285074341608476667e-01 -8.488914970115838399e-01 -7.944705037920449589e-03 -6.328624452413456680e+01 8.488525016971721904e-01 5.285622346477758526e-01 -8.449524637155567813e-03 2.928124614361698974e+01 1.137200066673267097e-02 -2.278246160822200873e-03 9.999327413357693706e-01 -8.753531045949852762e-01 -4.014548643731304253e-18 2.019782471022720352e-17 8.205536328980995536e-20 9.999999999999984457e-01
4.987112343346957744e-01 -8.667451492873343710e-01 -6.320675219387957879e-03 -6.301278016451357900e+01 8.667312951449070990e-01 4.987440310651309328e-01 -5.590482387555552671e-03 2.979952306831564357e+01 7.997922529562041111e-03 -2.690290647065430446e-03 9.999643971519408536e-01 -8.680915644469575643e-01 -5.436288373428271882e-18 2.665864684797139600e-17 8.052749274984512250e-20 9.999999999999976685e-01
4.711623629481270226e-01 -8.820357034050755329e-01 -4.364133343166756371e-03 -6.274978449147089066e+01 8.819158080754159190e-01 4.711719546200843212e-01 -1.488276339134360533e-02 3.032378701763949280e+01 1.518338591401880572e-02 3.163399782776470277e-03 9.998797216135539845e-01 -8.632593409593285472e-01 -6.065080737848952020e-18 3.311139674951313313e-17 8.013465294102340279e-20 9.999999999999966693e-01
4.457509304329511646e-01 -8.951400585213272754e-01 -5.512136480122060977e-03 -6.250125396484539664e+01 8.948913974122761905e-01 4.457602091632008046e-01 -2.161533632092866100e-02 3.086163068360689721e+01 2.180584452959100430e-02 4.702292759252616784e-03 9.997511658343561924e-01 -8.589954160328758803e-01 -5.949563026518710906e-18 4.001516927036705687e-17 4.261319168331711028e-20 9.999999999999956701e-01
4.227277520440651526e-01 -9.062382270630032766e-01 -5.789944857635421875e-03 -6.226248481502329213e+01 9.059970827834136209e-01 4.227509378108901816e-01 -2.123512580459384000e-02 3.141748825054780170e+01 2.169178737905541957e-02 3.731003845255563989e-03 9.997577436412307117e-01 -8.551870281742033342e-01 -5.688549141821077818e-18 4.714888712039558053e-17 -8.501779223160753953e-21 9.999999999999946709e-01
4.031403442417160754e-01 -9.151240517826545462e-01 -5.082587288391857659e-03 -6.203036267940426285e+01 9.150171854525661619e-01 4.031711378860693418e-01 -1.402083813799073937e-02 3.199401532953287486e+01 1.487995870669501369e-02 1.001710798067100526e-03 9.998887855178495432e-01 -8.484781032595317685e-01 -5.346153667166118204e-18 5.464179262525983017e-17 -9.205914533763311807e-20 9.999999999999938938e-01
3.859177537646337752e-01 -9.225303898384911161e-01 -2.273137407915229967e-03 -6.180455618046436683e+01 9.225158452270371123e-01 3.859244360254366346e-01 -5.181214477868860760e-03 3.257595374074075067e+01 5.657087084265328102e-03 -9.748262410636638568e-05 9.999839938033280307e-01 -8.436888227143732877e-01 -5.997619832267119425e-18 6.364799968577524102e-17 -1.408212477984480603e-19 9.999999999999932276e-01
3.696405907261443025e-01 -9.291737257215134660e-01 1.421659734595066013e-03 -6.158046606570405856e+01 9.291729419195970952e-01 3.696424843622960199e-01 1.441443345478965682e-03 3.316579467721375352e+01 -1.864857119946419480e-03 7.881517882833600922e-04 9.999979505602378804e-01 -8.401234909795038952e-01 -6.134071017622513860e-18 7.259591064250473278e-17 -1.843187216246686391e-19 9.999999999999923395e-01
3.554740575950992576e-01 -9.346842301162394673e-01 1.893237665729594153e-03 -6.136442004826719199e+01 9.346780499926974350e-01 3.554786801250967021e-01 3.442504659587597958e-03 3.376090656091948006e+01 -3.890660443992366088e-03 5.458465899456913699e-04 9.999922823766214108e-01 -8.418664124848427299e-01 -6.742032325873224339e-18 8.141661318267054481e-17 -2.329767191314988300e-19 9.999999999999912292e-01
3.425520252469210214e-01 -9.394987785907082944e-01 3.937331183112843325e-04 -6.116042711435523671e+01 9.394957088758224550e-01 3.425519314561459305e-01 2.446887725151111487e-03 3.436031023109187998e+01 -2.433722069281113974e-03 -4.682757707037607780e-04 9.999969288526271427e-01 -8.470282329743954453e-01 -7.411324047394344712e-18 9.236144373099532748e-17 -2.790561324711281695e-19 9.999999999999902300e-01
3.303616812310050110e-01 -9.438443023853035907e-01 -4.369488412769163832e-03 -6.096162675795984143e+01 9.438542777267964201e-01 3.303555820528174536e-01 2.071671626416028613e-03 3.497786387308636336e+01 -5.118505731296692663e-04 -4.808561251328013347e-03 9.999883078054847552e-01 -8.513929224717600164e-01 -8.318325423395620833e-18 1.044473598862338164e-16 -3.134505453591745482e-19 9.999999999999891198e-01
3.199930688914485177e-01 -9.473904919256067592e-01 -7.462685197285350534e-03 -6.076786620107389325e+01 9.474198810577564300e-01 3.199837192054284518e-01 2.447124827435911195e-03 3.560292805184334952e+01 6.955497062205765434e-05 -7.853359305471678195e-03 9.999691594792904370e-01 -8.579641599636443905e-01 -8.133287937271230053e-18 1.150653911035885556e-16 -3.002211701692835247e-19 9.999999999999878986e-01
3.119660967003015095e-01 -9.500459552051992995e-01 -9.478265019552704548e-03 -6.057283719857864668e+01 9.500931854048616509e-01 3.119537678763499300e-01 2.790296568783858823e-03 3.623246097622038064e+01 3.058705167875871403e-04 -9.875712933734140386e-03 9.999511871772894800e-01 -8.607331493292058600e-01 -7.299851445048046936e-18 1.238124234547757992e-16 -2.676009870736334542e-19 9.999999999999862332e-01
3.059337889967883028e-01 -9.519870838820957415e-01 -1.118520771788177916e-02 -6.037486772410908742e+01 9.520512190085689275e-01 3.059335188873310019e-01 1.777190327217969840e-03 3.687459698269396569e+01 1.730067719509456418e-03 -1.119259321324336809e-02 9.999358643047269180e-01 -8.589425258743154101e-01 -5.940104971923967708e-18 1.311438758364069468e-16 -2.529867828002712646e-19 9.999999999999845679e-01
3.013976324735034851e-01 -9.534123161697590776e-01 -1.282273430825521879e-02 -6.017510024817725167e+01 9.534960211278993292e-01 3.014004965748283138e-01 1.754524907979481026e-03 3.752501464115396601e+01 2.191992831665114626e-03 -1.275523579627777307e-02 9.999162460562379673e-01 -8.595967309802402534e-01 -5.418763898600550962e-18 1.395974324992426040e-16 -2.112076247521653310e-19 9.999999999999827915e-01
2.980876794793753115e-01 -9.544514758751408978e-01 -1.288858185848876410e-02 -5.997524965745718362e+01 9.545350341962212104e-01 2.980957760986322480e-01 1.332953153570051643e-03 3.818055705869143424e+01 2.569792707224131251e-03 -1.269993983743084552e-02 9.999160503230053454e-01 -8.651979945348304835e-01 -5.038768849881661216e-18 1.508036443632401691e-16 -1.359708655346957821e-19 9.999999999999809042e-01
2.958185679265514789e-01 -9.551719216997890394e-01 -1.174627030897839111e-02 -5.977081994710977852e+01 9.552350920097467668e-01 2.958469316296027385e-01 -7.155685933221892078e-04 3.883976426213288846e+01 4.158589057399569335e-03 -1.100877112283325278e-02 9.999307541502101548e-01 -8.677509716228802850e-01 -3.981390998375121428e-18 1.612934093778354435e-16 -6.350101410699153841e-20 9.999999999999791278e-01
2.949501243866289868e-01 -9.554499005738558148e-01 -1.095041632433376745e-02 -5.956683196560539528e+01 9.554990047353747462e-01 2.949877891699304033e-01 -1.963718481030667269e-03 3.950918949835479310e+01 5.106473729466408547e-03 -9.883912889092943271e-03 9.999381141810936846e-01 -8.655386660111906716e-01 -3.474814640769287295e-18 1.730548899991087882e-16 2.731233521467656011e-20 9.999999999999773515e-01
2.946323406391940236e-01 -9.555512303842252919e-01 -1.065973548538873966e-02 -5.936077393278132064e+01 9.555994886278850187e-01 2.946645582184667100e-01 -1.554176297357039377e-03 4.018666415772665346e+01 4.626141320706635141e-03 -9.728527178483699009e-03 9.999419756042889906e-01 -8.639469490222956294e-01 -2.415125805315136701e-18 1.836657795478736217e-16 1.282078200332780676e-19 9.999999999999756861e-01
2.936673871088287813e-01 -9.558310874259154932e-01 -1.209950655277307156e-02 -5.915315845596693123e+01 9.559026391777833975e-01 2.936833658988199369e-01 4.743492454388634552e-04 4.087609390757698691e+01 3.100026055051417068e-03 -1.170525115002343797e-02 9.999266857794936181e-01 -8.648645235336255288e-01 -2.182309076056745524e-18 1.959703905733401233e-16 2.589273978022764225e-19 9.999999999999740208e-01
2.930507295747321606e-01 -9.560383504019919210e-01 -1.058028621118272880e-02 -5.894448898076284138e+01 9.560965730078486713e-01 2.930236255791687783e-01 4.061765010571612329e-03 4.157195034527593691e+01 -7.829292951553277211e-04 -1.130607858765652479e-02 9.999357777420893045e-01 -8.660879001940415822e-01 -1.934633256665691337e-18 2.097911063995541743e-16 4.517197318593754808e-19 9.999999999999724665e-01
2.925693400486052420e-01 -9.562227042019256773e-01 -6.428159319382137186e-03 -5.872729819203780721e+01 9.562400382425743084e-01 2.925413280463390331e-01 4.955869917029881618e-03 4.227221383255663767e+01 -2.858413069543443239e-03 -7.596798904380584402e-03 9.999670585179883942e-01 -8.716254798798749315e-01 -2.735088124608152615e-18 2.266553573504470265e-16 6.582247201965760051e-19 9.999999999999712452e-01
2.919487824832961986e-01 -9.564320463774235170e-01 -1.910253587970235211e-03 -5.850649988608606833e+01 9.564330746342124545e-01 2.919452233443753375e-01 1.939152406488761681e-03 4.297407369282565526e+01 -1.296978093984816087e-03 -2.393162896590218195e-03 9.999962953027182744e-01 -8.773052420251771233e-01 -3.880141764776873815e-18 2.461285536534256088e-16 8.119123028599943098e-19 9.999999999999700240e-01
2.917006802365921803e-01 -9.565095930414971859e-01 3.340195424754299346e-04 -5.828289595378932830e+01 9.565057895880521022e-01 2.916984924435463422e-01 -2.943465746489994095e-03 4.369070475005707976e+01 2.718020226326704151e-03 1.178102586724818351e-03 9.999956122105393419e-01 -8.776500815403218692e-01 -5.057287646353738360e-18 2.660559376152955910e-16 8.452972402949006583e-19 9.999999999999688027e-01
2.915624119431666217e-01 -9.565460606291360524e-01 -3.315695510950417840e-03 -5.806817715453463080e+01 9.565318446926458495e-01 2.915769697305565789e-01 -5.449845092086100067e-03 4.441175839865589836e+01 6.179808303513099378e-03 -1.582598363755865220e-03 9.999796524688575605e-01 -8.767814448454639420e-01 -6.740424443293254166e-18 2.873176008598604485e-16 8.096274101830105516e-19 9.999999999999676925e-01
2.909916961291603710e-01 -9.566759829590791853e-01 -9.741479000245209172e-03 -5.784982832096505234e+01 9.566765188737572645e-01 2.910648040758898047e-01 -7.163662732662275795e-03 4.515101965667992800e+01 9.688705762980077268e-03 -7.234877849554252269e-03 9.999268900890340150e-01 -8.788762435114167992e-01 -7.564729112215751103e-18 3.081972525517320293e-16 8.322400381408973620e-19 9.999999999999664713e-01
2.904250961039305245e-01 -9.568597807393666166e-01 -8.521945575543284426e-03 -5.762419912532421051e+01 9.568457731982429326e-01 2.904906141704968747e-01 -7.833861844203664562e-03 4.588630305775639329e+01 9.971452530761946986e-03 -5.879037524408541916e-03 9.999330012816866065e-01 -8.790012759570816625e-01 -7.010203464134559601e-18 3.288763186299288165e-16 9.610554154272644654e-19 9.999999999999654721e-01
2.899200586692792236e-01 -9.570435123287810431e-01 -3.751678364562143972e-03 -5.738962185572221131e+01 9.570146281315614623e-01 2.899409662125433940e-01 -7.565557073452304666e-03 4.662782797532597101e+01 8.328332564248376244e-03 -1.397004324321472323e-03 9.999643429920921367e-01 -8.809794211984616208e-01 -7.147011420785021077e-18 3.478631016142496501e-16 1.068300481999930441e-18 9.999999999999642508e-01
2.901934781320332224e-01 -9.569604828049959044e-01 -3.792044201071792953e-03 -5.716023517603547788e+01 9.569560241554676550e-01 2.902073902645089243e-01 -3.852073247610127843e-03 4.739184657684576507e+01 4.786761126202165526e-03 -2.510973008327640772e-03 9.999853908595177643e-01 -8.763828319754523033e-01 -7.049401081585369081e-18 3.671685620048389823e-16 1.089065867556525499e-18 9.999999999999630296e-01
2.914704710758100337e-01 -9.565639044783919021e-01 -5.519161155616526468e-03 -5.692875153724613568e+01 9.565797744575212924e-01 2.914637003286497108e-01 2.011588776775748242e-03 4.816316885422718741e+01 -3.155780813826339283e-04 -5.865836661803211331e-03 9.999827460365116050e-01 -8.752882028321216090e-01 -7.613706218960847319e-18 3.882116717530207515e-16 1.140647342484255026e-18 9.999999999999616973e-01
2.912996232288802001e-01 -9.566015278570372260e-01 -7.618819348101215153e-03 -5.669423480318258157e+01 9.566183946283272066e-01 2.912440144552038146e-01 7.626998270177321772e-03 4.894696663793861546e+01 -5.077062665855335520e-03 -9.510044456204616234e-03 9.999418895561479337e-01 -8.806995101627074218e-01 -6.995460002432656503e-18 4.076180695637091439e-16 1.258274385999432796e-18 9.999999999999600320e-01
2.909195936764255586e-01 -9.567416671016037988e-01 -3.342521017762967520e-03 -5.645006293552487620e+01 9.567137788602857462e-01 2.908782284325377443e-01 9.412840309449464760e-03 4.973329054743000199e+01 -8.033389937668760500e-03 -5.936215591980386480e-03 9.999501117508552417e-01 -8.964561501551027156e-01 -6.036739320587807005e-18 4.267721211527270836e-16 1.438443369634929634e-18 9.999999999999584777e-01
2.904591446931454879e-01 -9.568834152945876470e-01 2.759492392115146450e-03 -5.620444151609920169e+01 9.568497028893537815e-01 2.904720917443505135e-01 8.038034466445638515e-03 5.051549587403703612e+01 -8.493017399788560171e-03 3.056988593931678211e-04 9.999638869497483595e-01 -9.075918000504888949e-01 -5.061232214631142952e-18 4.457203645926112313e-16 1.554078740513328669e-18 9.999999999999571454e-01
2.895721444961320556e-01 -9.571547713588605122e-01 1.648270867343591770e-03 -5.596769909079191052e+01 9.571349778783710960e-01 2.895767623483360143e-01 6.158963345273659427e-03 5.130540501296275835e+01 -6.372382093781378716e-03 -2.058465236009995067e-04 9.999796749802750684e-01 -9.106340754397104220e-01 -3.228150899353459060e-18 4.647302500380227155e-16 1.567724078175867819e-18 9.999999999999560352e-01
2.901568319975177945e-01 -9.569574925097872331e-01 -6.431980606446095067e-03 -5.573824182058496035e+01 9.569730257330902878e-01 2.901244716365832255e-01 5.515340126166393825e-03 5.211361275995746922e+01 -3.411871082442486779e-03 -7.755545560793960722e-03 9.999641046801481803e-01 -9.198408180959511959e-01 -9.635125056212390566e-19 4.845462078149357039e-16 1.595715810525821268e-18 9.999999999999552580e-01
2.893603532732575978e-01 -9.571819114722536215e-01 -8.565880216236023553e-03 -5.549500420023790781e+01 9.572193312155923284e-01 2.893608170051499839e-01 1.212241371522607570e-03 5.291401973325849895e+01 1.318294584588975554e-03 -8.550200723363906088e-03 9.999625773832639952e-01 -9.297004334213559984e-01 2.817068038654868870e-18 5.014162266350915818e-16 1.746301697061259128e-18 9.999999999999543698e-01
2.885718763132903431e-01 -9.574265193632564008e-01 -7.793088025355095726e-03 -5.524715032065147113e+01 9.574415953747289487e-01 2.886052887145351686e-01 -3.546656474324433924e-03 5.371464627086164256e+01 5.644789383135360994e-03 -6.437961318446361152e-03 9.999633438316057887e-01 -9.307433033836240988e-01 7.755588051207127887e-18 5.169075023849659442e-16 1.874757377938984543e-18 9.999999999999533706e-01
2.887753051797656290e-01 -9.573468482753151321e-01 -9.789546242875805937e-03 -5.500390191728847356e+01 9.573706545913429622e-01 2.888280037306052428e-01 -4.451290620386955457e-03 5.452536913505888805e+01 7.088924144953807557e-03 -8.086801487337142227e-03 9.999421737261496856e-01 -9.268883164742549585e-01 1.185965577710392313e-17 5.359417923899667822e-16 1.980830652342534657e-18 9.999999999999522604e-01
2.890947151775319912e-01 -9.571774438066129598e-01 -1.534883462192662001e-02 -5.476869276691861188e+01 9.572854993483868036e-01 2.891427796114554583e-01 -9.621516083256039312e-04 5.535251946990514682e+01 5.358954523403164534e-03 -1.441506387028910520e-02 9.998817367769241571e-01 -9.260366462390411391e-01 1.755262216072895667e-17 5.522138629718805683e-16 2.083546367913496489e-18 9.999999999999511502e-01
2.890134696064963760e-01 -9.572457839239733035e-01 -1.231761120459964366e-02 -5.452001038539979305e+01 9.573250183527257651e-01 2.889874758421867584e-01 3.879180603908164229e-03 5.617930669996157178e+01 -1.536939077361250026e-04 -1.291309281805898095e-02 9.999166107291460603e-01 -9.276159198587226040e-01 2.306094795366525785e-17 5.680135932375857137e-16 2.277406494629745240e-18 9.999999999999500400e-01
2.880956382637621660e-01 -9.575834492505584938e-01 -5.902621010800607193e-03 -5.426372068595674136e+01 9.575857073766262939e-01 2.880498133061033528e-01 7.544407343485968337e-03 5.700761210747432983e+01 -5.524150726336224913e-03 -7.825776364934495383e-03 9.999541194390110244e-01 -9.346963804595502801e-01 2.823729592987590965e-17 5.848966750000498023e-16 2.477747009353704492e-18 9.999999999999487077e-01
2.876422636098864838e-01 -9.576950072530617808e-01 -9.066491490150777044e-03 -5.401607495191353081e+01 9.577053541463301789e-01 2.875415247178576550e-01 1.096933007153037473e-02 5.784668328957553740e+01 -7.898279855482836717e-03 -1.183827037548564054e-02 9.998987311372343756e-01 -9.435401279242983108e-01 3.494605575184029277e-17 5.997454570299615314e-16 2.656962799066482590e-18 9.999999999999473754e-01
2.881939658036462570e-01 -9.575191520018511149e-01 -1.006536755558257688e-02 -5.376774634461845892e+01 9.575435594182709620e-01 2.880883798219866510e-01 1.074324103631969438e-02 5.867649259366493197e+01 -7.387143615434110452e-03 -1.273416511585401603e-02 9.998916297019484478e-01 -9.608413971812480581e-01 4.154519493172720787e-17 6.134984613086813814e-16 2.890900743340051997e-18 9.999999999999457101e-01
2.863902384763558073e-01 -9.580948359954912785e-01 -5.909022274288824178e-03 -5.351405909849680853e+01 9.581094651906697512e-01 2.863668290373049263e-01 4.504657478468734703e-03 5.950644609306304744e+01 -2.623741096637070922e-03 -6.951580100518227161e-03 9.999723953773808072e-01 -9.571310846929198535e-01 4.722953920241182973e-17 6.272034989317782801e-16 3.143153562227497478e-18 9.999999999999439337e-01
2.858874558583380243e-01 -9.582496319398843276e-01 -5.099555856648669942e-03 -5.326319854082495198e+01 9.582606705634351130e-01 2.858948826904968432e-01 -7.767255180840061711e-04 6.034551459153735919e+01 2.202233865245794339e-03 -4.664647732489144924e-03 9.999866955252696421e-01 -9.607803509800978414e-01 5.299693034707510428e-17 6.419616906931124929e-16 3.238016998877614452e-18 9.999999999999418243e-01
2.858219739861264097e-01 -9.582521261080263475e-01 -7.659111967810818163e-03 -5.301552893403898281e+01 9.582755659217202515e-01 2.858416214265094846e-01 -1.583419557650391331e-03 6.119488873802563234e+01 3.706608141219405218e-03 -6.886963751782344996e-03 9.999694149254684250e-01 -9.678606072557605078e-01 5.862464064368930473e-17 6.560766353631754067e-16 3.259552101866680189e-18 9.999999999999396039e-01
2.850370053737959486e-01 -9.584966813699410393e-01 -6.165822764567743808e-03 -5.275976065877981114e+01 9.585163107458520848e-01 2.850352260316896813e-01 1.184041826364863950e-03 6.203846133545022212e+01 6.225765242103713020e-04 -6.247537425416608246e-03 9.999802901430627777e-01 -9.706862727033279681e-01 6.417417220893835875e-17 6.676192640868494480e-16 3.314329752761230294e-18 9.999999999999374944e-01
2.842940879959094391e-01 -9.587347386956054374e-01 -2.138305137296279447e-03 -5.250225288277659530e+01 9.587309716751227784e-01 2.842835671116186180e-01 4.216327903209747194e-03 6.289064957539076062e+01 -3.434455018520062540e-03 -3.248736457938004255e-03 9.999888250526437483e-01 -9.695301843300587752e-01 7.136652819880183071e-17 6.776120391787144540e-16 3.371765553054580113e-18 9.999999999999353850e-01
2.836167445049211366e-01 -9.589377144218880211e-01 -4.577961921597502760e-05 -5.225483984708113638e+01 9.589175089618716674e-01 2.836104579467657039e-01 6.505317010014811073e-03 6.374414116332003033e+01 -6.225210246387308244e-03 -1.888915710757490315e-03 9.999788391535292531e-01 -9.657570468624386839e-01 7.908584097512908789e-17 6.855518798567254295e-16 3.418268941083599987e-18 9.999999999999334976e-01
2.834246181984286794e-01 -9.589784186436643987e-01 -5.556831362473975237e-03 -5.201444116514935700e+01 9.589888906532374468e-01 2.833983463408317194e-01 5.068026713336362850e-03 6.459584219040462472e+01 -3.285331424163182718e-03 -6.765343080077753507e-03 9.999717179652911625e-01 -9.660105295379649570e-01 8.630400341451020066e-17 6.956099700123593622e-16 3.479066949576322332e-18 9.999999999999311662e-01
2.834648721283302697e-01 -9.589740966126117927e-01 -4.043302525826050590e-03 -5.176138870398702352e+01 9.589822466268307366e-01 2.834659647359967227e-01 3.122349364304524331e-04 6.544594819752327908e+01 8.467134351242836324e-04 -3.965962976322677178e-03 9.999917770732129618e-01 -9.746340231566978929e-01 9.313585458762655126e-17 7.082250395482130274e-16 3.584604146248245706e-18 9.999999999999291678e-01
2.829402338410167972e-01 -9.591334262621803441e-01 -2.809750982612463366e-03 -5.150858566132101402e+01 9.591284492877544254e-01 2.829490931949729116e-01 -3.525397398163150880e-03 6.629841165740960207e+01 4.176342978085568688e-03 -1.697435338603713820e-03 9.999898383846773653e-01 -9.875331295700598977e-01 1.008988341602459040e-16 7.178127252340873986e-16 3.611536531499984295e-18 9.999999999999269473e-01
2.834681411065057555e-01 -9.589689174570267260e-01 -4.942502295866576557e-03 -5.125909375941124324e+01 9.589799365951306998e-01 2.834736229405867003e-01 -4.316303266060663151e-04 6.715643984792372123e+01 1.814989099265039256e-03 -4.617407091967521728e-03 9.999876926074280359e-01 -9.917885053454034150e-01 1.100620599774425782e-16 7.264117409750225994e-16 3.578380334095617176e-18 9.999999999999245048e-01
2.837674958776398304e-01 -9.588817681104950807e-01 -4.665090422463047393e-03 -5.101075822772127566e+01 9.588838987753067755e-01 2.837400783161221907e-01 5.765121544843296135e-03 6.801914106439807028e+01 -4.204396818452034446e-03 -6.109234196624816100e-03 9.999724997743362209e-01 -9.839396255711509998e-01 1.192653358569050790e-16 7.354676923672338409e-16 3.593487379648496143e-18 9.999999999999219513e-01
2.830955829029030424e-01 -9.590854604171070719e-01 -3.459849331571332974e-03 -5.075785200037370259e+01 9.590575105129747202e-01 2.830531888415634412e-01 9.464872691852373177e-03 6.887646690252299209e+01 -8.098300397223196292e-03 -5.997658138471695377e-03 9.999492215245439075e-01 -9.798828456578807522e-01 1.278163835426836904e-16 7.477741039088736982e-16 3.686320716681491756e-18 9.999999999999195088e-01
2.831553423076985099e-01 -9.590666882591569742e-01 -3.760265183371769640e-03 -5.050967509107508846e+01 9.590327141938765898e-01 2.831045539143891010e-01 1.039541527083405123e-02 6.972404273412080045e+01 -8.905348299519832977e-03 -6.549734694324427578e-03 9.999388960067053800e-01 -9.867876579739197629e-01 1.364419395219646143e-16 7.611666500999061895e-16 3.809211070461370118e-18 9.999999999999168443e-01
2.835303289066889443e-01 -9.589527135270488056e-01 -4.499534331576121073e-03 -5.025572449293077426e+01 9.589076892321589662e-01 2.834602582931336490e-01 1.209650774478019872e-02 7.058988686650549482e+01 -1.032453976221044296e-02 -7.744364887995015302e-03 9.999167108770559143e-01 -1.004441056316849545e+00 1.439542094268498143e-16 7.728578046816078506e-16 3.919219808776354244e-18 9.999999999999141798e-01
2.836201754769908656e-01 -9.589107011805588776e-01 -7.061389653300572007e-03 -5.001133656126868487e+01 9.588869688489355392e-01 2.835227821499766709e-01 1.227244773554841961e-02 7.144717247944976179e+01 -9.766116622927043314e-03 -1.025178830078587490e-02 9.998997568770339184e-01 -1.018525738083728926e+00 1.504036887011472886e-16 7.888948659438577727e-16 4.076822343038033357e-18 9.999999999999115152e-01
2.837463010885622472e-01 -9.588521072375488785e-01 -9.522240529253852073e-03 -4.976565849117629625e+01 9.588810296022398649e-01 2.836654295123546277e-01 9.005285575638058079e-03 7.229317032286049027e+01 -5.933606600805076819e-03 -1.168591227512775360e-02 9.999141121951476974e-01 -1.027248762265596804e+00 1.559189803341701210e-16 8.034428514206922190e-16 4.261748091596865199e-18 9.999999999999087397e-01
2.836834462892739994e-01 -9.588704329420936201e-01 -9.549614175903366198e-03 -4.951442490410027375e+01 9.589153296436965235e-01 2.836920301396316235e-01 4.718149519890881254e-04 7.313040284222860521e+01 2.256740025349805723e-03 -9.291117517031243986e-03 9.999542900851745575e-01 -1.022564335733185503e+00 1.615758610179116345e-16 8.199139733158180768e-16 4.463450266900764224e-18 9.999999999999057421e-01
2.834053889921939740e-01 -9.589576992651369647e-01 -9.028649418582959663e-03 -4.926170283775041980e+01 9.589619095554139383e-01 2.834656443913049495e-01 -6.267732558483327110e-03 7.397560694516739943e+01 8.569802319333573101e-03 -6.881821703298690758e-03 9.999395976849058121e-01 -1.020224715632263468e+00 1.664331332849062988e-16 8.390426350156839760e-16 4.596341034259727571e-18 9.999999999999028555e-01
2.835062235847271572e-01 -9.589235688021718884e-01 -9.476834094665639863e-03 -4.900847486869945158e+01 9.589359543596509550e-01 2.835659529039232796e-01 -5.673252136036827792e-03 7.483222028917785451e+01 8.127522675589223325e-03 -7.479274658328318240e-03 9.999390000523731281e-01 -1.018229736413014841e+00 1.705395560573143265e-16 8.619433351174234750e-16 4.663671642623701381e-18 9.999999999998999689e-01
2.837385354312112473e-01 -9.588681185086259662e-01 -8.023391994853367598e-03 -4.875731176826618452e+01 9.588995366592735214e-01 2.837456829828937654e-01 2.568714886332582460e-04 7.568839236069004528e+01 2.030296960436167239e-03 -7.766511206262477832e-03 9.999677790798706667e-01 -1.011125235658178356e+00 1.750360212004062445e-16 8.834708785163863135e-16 4.753727910087428783e-18 9.999999999998967493e-01
2.835005368163244222e-01 -9.589453961412037764e-01 -7.153519725884233474e-03 -4.850662369730230949e+01 9.589575123121593103e-01 2.834472297371725680e-01 7.626108716371269962e-03 7.654643086172046651e+01 -5.285376494841646441e-03 -9.021927395502869068e-03 9.999453333164610713e-01 -1.008849063329631868e+00 1.804669561607460414e-16 9.012398582778052695e-16 4.843109940104140131e-18 9.999999999998936406e-01
2.833762661806112360e-01 -9.589825692895184162e-01 -7.093910376607783300e-03 -4.825660856454159386e+01 9.589636766143363467e-01 2.832834159015755193e-01 1.179716954201093411e-02 7.740030506357878437e+01 -9.303692794132805213e-03 -1.014584023262045040e-02 9.999052471241229867e-01 -1.013941721402772389e+00 1.860653296455770097e-16 9.163772228176752923e-16 4.980922352293546986e-18 9.999999999998904210e-01
2.832111831494473764e-01 -9.590318850170976850e-01 -7.019206483968006352e-03 -4.800581888319928225e+01 9.590131324439552518e-01 2.831200198603703866e-01 1.169898089778549123e-02 7.825253947139005106e+01 -9.232417824012965207e-03 -1.004479341914679864e-02 9.999069279619343664e-01 -1.024320797340133593e+00 1.927429714717208793e-16 9.317010267394778832e-16 5.155613408519474814e-18 9.999999999998870903e-01
2.838649616199651060e-01 -9.588104947216132823e-01 -1.015474156308180699e-02 -4.775929443076619663e+01 9.588437937538759614e-01 2.837737755915197280e-01 9.540621885130752544e-03 7.910166104558481948e+01 -6.265999036097846461e-03 -1.244505919017009285e-02 9.999029241670475132e-01 -1.034066973661164068e+00 1.988226644864792917e-16 9.482506346625801898e-16 5.338595472583098530e-18 9.999999999998835376e-01
2.841980241293090015e-01 -9.586810835960387633e-01 -1.273039811411398430e-02 -4.751079043448363137e+01 9.587584809236924244e-01 2.841196775342112457e-01 7.627849925930335791e-03 7.995093144679779584e+01 -3.695718825410157071e-03 -1.437319703472753757e-02 9.998898703704024449e-01 -1.041598189354066673e+00 2.056459684810905159e-16 9.642361868130303036e-16 5.569721343574027820e-18 9.999999999998800959e-01
2.833960103613087922e-01 -9.589208001309108553e-01 -1.255389929896843886e-02 -4.725800216202662796e+01 9.589982749116452432e-01 2.833293660500311728e-01 6.839521175842762542e-03 8.080748748634596268e+01 -3.001670788594056061e-03 -1.397746078512203220e-02 9.998978050593220201e-01 -1.044559700415685910e+00 2.112224695200197838e-16 9.834570926734438309e-16 5.844411262142685330e-18 9.999999999998768763e-01
2.824916825475139448e-01 -9.591902763699072798e-01 -1.234759121920972133e-02 -4.700533095108897896e+01 9.592599635341172437e-01 2.824072612254676096e-01 8.152371887358325978e-03 8.166299255803468782e+01 -4.332626424731560698e-03 -1.414752715386706668e-02 9.998905319202012754e-01 -1.048844906112621711e+00 2.178547239730484167e-16 1.003237922453816027e-15 6.147717110087346057e-18 9.999999999998734346e-01
2.824011119290608107e-01 -9.591993140528891626e-01 -1.364873260480183211e-02 -4.675810815269770160e+01 9.592652757024157095e-01 2.822487227476997984e-01 1.207432559575552684e-02 8.251876285681272805e+01 -7.729347484243537757e-03 -1.650255821914913337e-02 9.998339475931271592e-01 -1.049815277560429916e+00 2.237275516992778174e-16 1.020302115128121904e-15 6.476105760934867510e-18 9.999999999998698819e-01
2.821319651529172190e-01 -9.592843882662215327e-01 -1.322938651919085273e-02 -4.650776872851868404e+01 9.593282243048669722e-01 2.819541587690897466e-01 1.382788503763178641e-02 8.337326654983722563e+01 -9.534793692263834539e-03 -1.659261225765387357e-02 9.998168696954825574e-01 -1.055869211937126462e+00 2.303411395205907918e-16 1.035736263978830430e-15 6.819795717884628088e-18 9.999999999998662181e-01
2.811991224511488641e-01 -9.595750960081310676e-01 -1.194523560706717107e-02 -4.625384350753726181e+01 9.596082648987920294e-01 2.810499612034129124e-01 1.276312051239389400e-02 8.422406557492492141e+01 -8.889964587084853154e-03 -1.505172510250829890e-02 9.998471953758909514e-01 -1.062074832860766094e+00 2.372162214200096590e-16 1.050020266342420185e-15 7.132107700914601241e-18 9.999999999998624434e-01
2.805431607518777404e-01 -9.597442897633172709e-01 -1.365405515109901699e-02 -4.601292564260469931e+01 9.598131709274456691e-01 2.803973992949580496e-01 1.166084827723765614e-02 8.507788612560342756e+01 -7.362870993649879917e-03 -1.637671320331897731e-02 9.998387827021607555e-01 -1.077382247290389783e+00 2.437652596810719970e-16 1.063450714679163588e-15 7.344108456551580297e-18 9.999999999998587796e-01
2.797920909115348964e-01 -9.599679313211891829e-01 -1.334004116499759238e-02 -4.576680589396648458e+01 9.600367685756965308e-01 2.796601951936877328e-01 1.093518205962805412e-02 8.593534376738048763e+01 -6.766745584279083674e-03 -1.586650746565265030e-02 9.998512214799694098e-01 -1.090915116115283023e+00 2.501520294884077892e-16 1.077684133148923327e-15 7.522654088188970176e-18 9.999999999998552269e-01
2.783804955796622127e-01 -9.604269012556255758e-01 -9.190594396038562902e-03 -4.551307096876183778e+01 9.604557042955457202e-01 2.783095744342359290e-01 8.283771127422902628e-03 8.677710292179347107e+01 -5.398126219434883945e-03 -1.113319912524188791e-02 9.999234531255372094e-01 -1.093044134109393939e+00 2.545371195664758357e-16 1.093907540187843667e-15 7.702131955101787255e-18 9.999999999998518962e-01
2.770354439300007909e-01 -9.607567083160565291e-01 -1.406805715853687994e-02 -4.527306755430806362e+01 9.608592148631113217e-01 2.769908990819842654e-01 5.060734937254793633e-03 8.762494500667314412e+01 -9.654112392694514776e-04 -1.491942530593588431e-02 9.998882331188903017e-01 -1.093907514640305889e+00 2.583864529670882316e-16 1.108844668177970961e-15 7.824830599440127852e-18 9.999999999998485656e-01
2.763742790049779074e-01 -9.608021388664622631e-01 -2.182905985424473533e-02 -4.504141284021113023e+01 9.610411468653797806e-01 2.763983467933055493e-01 1.966703156302521908e-03 8.847861158251019731e+01 4.143903456702316586e-03 -2.152217088413790891e-02 9.997597832602124202e-01 -1.104768836631645490e+00 2.615848823798538819e-16 1.122513430520451717e-15 7.951680766275655311e-18 9.999999999998450129e-01
2.749689912331723662e-01 -9.611781136392023583e-01 -2.299321032834081985e-02 -4.480577044766107520e+01 9.614385485168511769e-01 2.750177421094804342e-01 1.076545638818291817e-03 8.932637506122979687e+01 5.288788682010991948e-03 -2.240257543212673466e-02 9.997350415626189424e-01 -1.106133381907677737e+00 2.642639595042534845e-16 1.137904388678246800e-15 8.227523772689718769e-18 9.999999999998415712e-01
2.737026821401269405e-01 -9.615762272173826730e-01 -2.140095884975053847e-02 -4.456596023215651314e+01 9.618115119346051234e-01 2.736881559525719543e-01 3.661802977458265395e-03 9.018050547800268646e+01 2.336086271356389420e-03 -2.158593388450897113e-02 9.997642672946397413e-01 -1.094530398010306049e+00 2.683204055007591559e-16 1.156143507048044082e-15 8.508598644279680814e-18 9.999999999998381295e-01
2.731845773382229337e-01 -9.617825680051967918e-01 -1.856013431702057195e-02 -4.432770921043510270e+01 9.619597520006214486e-01 2.730950173531743186e-01 7.248932850143101347e-03 9.103530545954816944e+01 -1.903217048494007654e-03 -1.983439886149906267e-02 9.998014674857127471e-01 -1.085401346178785476e+00 2.719933939030235721e-16 1.170385104035067083e-15 8.719040204349840046e-18 9.999999999998346878e-01
2.721351742111244865e-01 -9.620621188671366619e-01 -1.946603190054973717e-02 -4.409605317834007820e+01 9.622499836809015328e-01 2.719891927850314195e-01 9.841133773243778207e-03 9.189147325367403596e+01 -4.173231706553012614e-03 -2.140930753243247206e-02 9.997620845421247848e-01 -1.089301173778834064e+00 2.743870391700310581e-16 1.187097818096768641e-15 8.914967728468016062e-18 9.999999999998312461e-01
2.712122990274708489e-01 -9.623590288773864465e-01 -1.757806571839948262e-02 -4.386529257808112447e+01 9.625056590456000372e-01 2.710650297848170576e-01 1.032501489777703368e-02 9.274258275013126251e+01 -5.171572402620735510e-03 -1.971925875693332150e-02 9.997921812421143306e-01 -1.097756156127304150e+00 2.744884941854362553e-16 1.205816572102564347e-15 9.134180100186816422e-18 9.999999999998278044e-01
2.698551355447161293e-01 -9.627956427845594245e-01 -1.423924349114172490e-02 -4.362871832020611151e+01 9.628794512940064276e-01 2.697208312219943060e-01 1.066937113206153399e-02 9.359721724283625122e+01 -6.431803446765627791e-03 -1.658985955259030531e-02 9.998416917014135707e-01 -1.110160509142174901e+00 2.751230210489186354e-16 1.229010520659550167e-15 9.339873403162997977e-18 9.999999999998244737e-01
2.689137751133245380e-01 -9.630591454812952312e-01 -1.422897955321125035e-02 -4.340199825860740646e+01 9.631274076226494785e-01 2.687449205188958135e-01 1.271866270673713793e-02 9.444921381601237442e+01 -8.424858458890160592e-03 -1.712454379304007707e-02 9.998178692940620227e-01 -1.115358430279093982e+00 2.773233963298666622e-16 1.252171049609357264e-15 9.469175789138045306e-18 9.999999999998213651e-01
2.684878350658614909e-01 -9.630940786599460068e-01 -1.908082995527538364e-02 -4.318394362996912861e+01 9.632473478244428788e-01 2.682546028803670102e-01 1.392892466595917374e-02 9.529937753231125441e+01 -8.296344405572770447e-03 -2.211930567704587999e-02 9.997209145485317361e-01 -1.113776159079454597e+00 2.809275120683299539e-16 1.274259515621996324e-15 9.597613539218764582e-18 9.999999999998180344e-01
2.681893662701910763e-01 -9.630737596538738732e-01 -2.373599135761866527e-02 -4.296582184721616926e+01 9.633383634388406058e-01 2.679128485052851283e-01 1.420926220574982891e-02 9.615183315928790364e+01 -7.325390517649543222e-03 -2.667656409515329480e-02 9.996172765522399750e-01 -1.118371883541688705e+00 2.831112379077343486e-16 1.294690719826378429e-15 9.737630647783173820e-18 9.999999999998140376e-01
2.687172940346646555e-01 -9.628595834561233247e-01 -2.631422492434613153e-02 -4.273956401508900171e+01 9.632057651051620928e-01 2.684695846129581676e-01 1.259905574203090510e-02 9.700061547562317799e+01 -5.066552528827900082e-03 -2.873159731777453346e-02 9.995743220796098338e-01 -1.127719958149056234e+00 2.867213154628373274e-16 1.313740179242858691e-15 9.890180186093551430e-18 9.999999999998100408e-01
2.702497588248906069e-01 -9.623882294016363748e-01 -2.782020424528984168e-02 -4.250687958337618966e+01 9.627784538113353108e-01 2.699905594234189299e-01 1.275722142725184242e-02 9.784553903437389977e+01 -4.766207233964358039e-03 -3.023232924196637972e-02 9.995315350388256359e-01 -1.141271654235716415e+00 2.907892092417787305e-16 1.333401595607083136e-15 1.020824101137547376e-17 9.999999999998063771e-01
2.713079902782317698e-01 -9.621100624939781243e-01 -2.713304367362950539e-02 -4.226695319139397355e+01 9.624614556246182673e-01 2.709646723425613857e-01 1.568734454534088246e-02 9.869683365829796173e+01 -7.740855752166772054e-03 -3.037061063102605013e-02 9.995087319088202804e-01 -1.152764089613406151e+00 2.946156900414830198e-16 1.353429562593953003e-15 1.058793303432588771e-17 9.999999999998027134e-01
