1.000000000000000000e+00 -3.306050084167601550e-19 -2.270457535318767223e-19 -8.673617379884035472e-19 7.546676715296109287e-19 1.000000000000000000e+00 6.237773588823049983e-19 1.387778780781445676e-17 -3.447385680526250622e-20 4.770700176052009879e-20 1.000000000000000222e+00 5.551115123125782702e-17
8.977488018048713769e-01 2.261771887448294632e-03 4.405192615904661158e-01 -5.688642140589111662e+00 -4.012580400710126505e-03 9.999872548294631569e-01 3.043854446269209871e-03 -6.022375786910268147e-02 -4.405068063106732934e-01 -4.500663104300705458e-03 8.977466980730021140e-01 7.288765139870009513e+00
8.416193180129161178e-01 -1.169265605012858103e-02 5.398027218041379083e-01 -7.134479607779998567e+00 6.520379164054363602e-03 9.999127087775516731e-01 1.149194801041991676e-02 -1.045438354294855876e-02 -5.398900388610193835e-01 -6.151971771446119661e-03 8.416220793496692609e-01 1.518268942533439336e+01
3.538060986531403329e-01 -6.535142936665582630e-03 9.353070764726374442e-01 -7.440179002434704536e+00 -2.016295030229439678e-02 9.996899920631451275e-01 1.461806429304279321e-02 8.114027750091476476e-02 -9.351126237436208077e-01 -2.403340465093362771e-02 3.535646337805560813e-01 2.179582847485266583e+01
1.112490669020601702e-01 -7.780299502359265366e-03 9.937754823666682391e-01 -3.654616931367532739e+00 -1.852413698054636293e-02 9.997794262172917668e-01 9.904663979107259861e-03 1.832721466478938466e-01 -9.936334419688203079e-01 -1.950914214226181359e-02 1.110803999770951234e-01 2.687258200983771061e+01
-1.134060883715337364e-01 -2.058953840975046023e-02 9.933063143067365486e-01 4.453024575667560159e-01 -2.390428719869102520e-02 9.995523788284594868e-01 1.798297293984059061e-02 4.559988825408703428e-01 -9.932320421135277799e-01 -2.170419536340192218e-02 -1.138473732825864004e-01 3.184303855902246028e+01
-7.180908671811477018e-02 -1.766231818018912728e-02 9.972819149806911865e-01 6.328692504889373183e+00 -8.506754922088310272e-03 9.998176049114022579e-01 1.709993557667660938e-02 4.663889520318978410e-01 -9.974021358209739230e-01 -7.255223678500483109e-03 -7.194623259119467540e-02 3.516247906112664623e+01
-4.562500616537554232e-01 -1.757021208787640579e-02 8.898450027888469283e-01 1.157408254162847427e+01 -1.777063488999387764e-02 9.997855584417592034e-01 1.066358475439458872e-02 4.233311935870585074e-01 -8.898419278928005882e-01 -1.093286223741512034e-02 -4.564644058513431246e-01 3.865635497041607493e+01
-1.839138775664566905e-01 -3.601031490712017225e-02 9.823046825609850208e-01 1.793385362322210241e+01 4.746495130375845417e-03 9.992849955003195728e-01 3.750132066406827031e-02 8.332309436822585846e-01 -9.829528099722657508e-01 1.156105337671919919e-02 -1.836117873035603976e-01 4.088040572423285823e+01
3.917868056190242088e-02 -4.561470049980036884e-02 9.982066999843666188e-01 2.402697276245063307e+01 1.102895533395824301e-02 9.989159495141898271e-01 4.520686703823511426e-02 7.388938463060311657e-01 -9.991878754246843464e-01 9.262360511198712565e-03 3.963977323611411752e-02 4.412917401224382274e+01
3.059576490024906170e-01 -6.137178102882063363e-02 9.501306595736399574e-01 2.875937181280778887e+01 2.263412501874951382e-02 9.981066075253164360e-01 5.718147304112884688e-02 1.138420511836110816e+00 -9.518418997171657070e-01 4.015981052395198488e-03 3.067677492114051496e-01 4.807492291079956459e+01
4.986508283925888962e-01 -4.229803418321448349e-02 8.656942079732666828e-01 3.272094026731272010e+01 4.407246225783663374e-02 9.987541602714240518e-01 2.341618949372662253e-02 9.200753342420450176e-01 -8.656056841125036039e-01 2.647139110032330905e-02 4.998933712068978630e-01 5.289204396105706962e+01
7.442885425551913903e-01 -2.902008647583519466e-02 6.671406963023137626e-01 3.565406921055413392e+01 2.434659764261604131e-02 9.995704849074023013e-01 1.631723355915008430e-02 8.562130377571203210e-01 -6.673276044942931806e-01 4.098158472536636739e-03 7.446754230684122788e-01 5.797179922278032649e+01
7.340057130480966974e-01 -3.246242864326237543e-02 6.783436767757755614e-01 3.632918673197058013e+01 4.455964472503802509e-02 9.990064874233876013e-01 -4.095934435553514989e-04 6.723953583537333190e-01 -6.776567146578172940e-01 3.053000592864632545e-02 7.347232688697938885e-01 6.317931633038713812e+01
4.111654166481348294e-01 -3.322436629089339094e-02 9.110631596815870203e-01 3.630403446024998715e+01 2.409751320097318003e-02 9.993827330873513715e-01 2.556630873137298934e-02 7.449539155171432947e-01 -9.113502463413873933e-01 1.143334497228797736e-02 4.117117830209379159e-01 6.772525057163171880e+01
3.216386495126655198e-01 -6.206929272890394228e-02 9.448802191899842162e-01 3.826581969036543995e+01 4.911416451809999528e-02 9.975992738984389430e-01 4.879686787673213899e-02 3.356743392733505527e-01 -9.456422762971563589e-01 3.072630194485378649e-02 3.239151479923990662e-01 7.133270787842444349e+01
-4.012550983637310775e-01 -3.076301105592849777e-02 9.152751158722447489e-01 3.967659150357133768e+01 2.232182932989216356e-02 9.988097113918329439e-01 4.335817914334239020e-02 6.526261665929891098e-01 -9.155198871422849383e-01 3.785039509529290747e-02 -4.000903257470655450e-01 7.439541440457992394e+01
-3.235666323301756853e-01 -5.767171957631091195e-02 9.443280976845380703e-01 4.361399269545799484e+01 3.450338764489432886e-02 9.967563837844416463e-01 7.269252230970943418e-02 4.238292988387963867e-01 -9.454582597435555735e-01 5.612967661221632959e-02 -3.205263238629421085e-01 7.513549948933111011e+01
7.508184196457766413e-02 -5.927633230334573844e-02 9.954154580209061409e-01 4.796897554684222342e+01 5.865523172874493457e-02 9.967672794884074872e-01 5.491529387620174701e-02 6.051701256306063481e-01 -9.954524080234780081e-01 5.425554113846937920e-02 7.831448435622666293e-02 7.688921201436932051e+01
-2.015289075460078017e-01 -6.550415802934399234e-02 9.772855892231346875e-01 5.119743130328679825e+01 5.027156219578875901e-02 9.957526144297317305e-01 7.715109212568584118e-02 5.387873650162968708e-01 -9.781877382444941205e-01 6.465976488288460722e-02 -1.973783780758931461e-01 8.047205270197267168e+01
3.169812839714696295e-01 -7.047507859029442101e-02 9.456645117546442769e-01 5.546280391346534344e+01 7.354108491552825699e-02 9.960614594870279559e-01 4.955912918640862502e-02 5.688724230317525610e-01 -9.454311832179893571e-01 5.382883931760830409e-02 3.209128842213274102e-01 8.366377089904911202e+01
5.390402242126868249e-01 -7.238948569340832029e-02 8.390785520950898579e-01 5.806232694072956946e+01 7.725413340929740413e-02 9.963513557636437534e-01 3.631583459191611157e-02 4.085904104958975047e-01 -8.386448001061129753e-01 4.523617101619012426e-02 5.426629673335452431e-01 8.840820857431883439e+01
8.881288753813479930e-01 -7.032802819738281919e-02 4.542137189688060239e-01 5.917037146187605146e+01 7.656551562436579583e-02 9.970538908753193708e-01 4.663900794244848179e-03 1.617813228506366774e-01 -4.532039888324331245e-01 3.063165544126377968e-02 8.908965904137126079e-01 9.356547366339223970e+01
8.759471720256081229e-01 -7.064207328361978011e-02 4.772006231971954726e-01 5.758041956143964768e+01 7.761829682408659392e-02 9.969697610768636364e-01 5.116675838243839140e-03 -1.680765525139462646e-01 -4.761156865887347100e-01 3.255905958591421429e-02 8.787766136695316366e-01 9.828741532517922508e+01
9.088217441344056402e-01 -7.902838482820009891e-02 4.096637709669683214e-01 5.567402394111681474e+01 8.847967228802477990e-02 9.960699621301473128e-01 -4.140091774031601224e-03 -5.210067676502921907e-01 -4.077269474096552049e-01 4.000430979972618983e-02 9.122413627738383823e-01 1.027652369413694089e+02
9.963254007691549896e-01 -7.007324220964888939e-02 -4.926438933543871718e-02 5.331141433934941176e+01 6.859362963909616806e-02 9.971595125328821529e-01 -3.111451878323231307e-02 -8.885017390666369863e-01 5.130484239619219344e-02 2.762176674729936721e-02 9.983014474386248116e-01 1.070799516195716166e+02
9.495283323670185016e-01 -7.434478899954886921e-02 -3.048048721080141577e-01 4.926160153724057267e+01 6.347054797137825777e-02 9.969483752085088746e-01 -4.544087607734757089e-02 -1.290311145578886265e+00 3.072539331457387890e-01 2.380494214019661381e-02 9.513490103504983475e-01 1.097147612485334633e+02
9.524214368490648841e-01 -6.918220005313427401e-02 -2.968772976969663024e-01 4.495408432835631629e+01 5.714427670643176804e-02 9.971600063363349475e-01 -4.904430885912845067e-02 -1.702518111279173407e+00 2.994282281415922009e-01 2.974716432513093561e-02 9.536702047638193624e-01 1.113234640570133109e+02
7.353341175134194829e-01 -4.403801156830198377e-02 -6.762895341515339220e-01 4.072910282367848112e+01 1.055974844496838927e-02 9.985098368914285816e-01 -5.354257223955274925e-02 -1.997488740195685120e+00 6.776397371455201712e-01 3.223072761707764661e-02 7.347035090122053802e-01 1.131488542361695266e+02
2.813921705746253443e-01 -4.110148686603880969e-02 -9.586794401047188385e-01 3.644178977714076950e+01 -2.895141376144981515e-02 9.982638874349009095e-01 -5.128606425160687349e-02 -2.309496519220004540e+00 9.591225511542295079e-01 4.219976135099105102e-02 2.797136848608046678e-01 1.134188525757254098e+02
-1.254731650039218535e-02 -3.837899057952327830e-02 -9.991823331555961252e-01 3.273098100947154165e+01 -4.615868806208228703e-02 9.982199610788989874e-01 -3.773391438347249716e-02 -2.480350543461983914e+00 9.988525775476353452e-01 4.563406034055981358e-02 -1.429640432505823767e-02 1.120127709353654382e+02
1.104191578030782189e-01 -3.331714768042680352e-02 -9.933681516904762088e-01 2.964213622363572043e+01 -3.303184616506893434e-02 9.987628139095811042e-01 -3.717528043226598494e-02 -2.306686339592318280e+00 9.933777509130486960e-01 3.691836609963934646e-02 1.091819764537111104e-01 1.105767692367353447e+02
-7.215557421929559567e-02 -2.146364358126114785e-02 -9.972085658612517278e-01 2.668689440540688906e+01 -4.473258377979216077e-02 9.988323409823166577e-01 -1.829252375044169640e-02 -2.399042693105331470e+00 9.964366944040297103e-01 4.329422967986039372e-02 -7.303174752979416096e-02 1.092638996532912188e+02
-5.624266516667949523e-01 -2.339474346541177766e-02 -8.259671210551285947e-01 2.429613233952145279e+01 -5.623788993804691022e-02 9.983640110418631197e-01 1.011339046484081329e-02 -2.525429370978670374e+00 8.243794245033952972e-01 5.216902253189534266e-02 -5.628207469406808494e-01 1.077914641637808586e+02
-8.183918145156670043e-01 -1.465743748417937600e-02 -5.738342452069377098e-01 2.239977086863055789e+01 -4.976004078679757692e-02 9.977229824971084460e-01 4.551843445799760163e-02 -2.348800009011384748e+00 5.718604090478774937e-01 6.582110667610875654e-02 -8.172569120381432128e-01 1.059074833859414753e+02
-6.663426481584289185e-01 -1.201707904833962740e-02 -7.461069956645064449e-01 2.086165023981273592e+01 -5.883998309857058767e-02 9.976008305806514098e-01 3.646989455779227340e-02 -2.210638807881216472e+00 7.438794619450385115e-01 6.819493779616697671e-02 -6.654515313068051219e-01 1.034155402218752471e+02
-5.761144455192529490e-01 -1.348383653782752462e-02 -8.172235602239277252e-01 1.906469208947765637e+01 -5.735051279074301206e-02 9.980658902127291787e-01 2.395768179446360752e-02 -2.258266784680846406e+00 8.153198590164232318e-01 6.070148538777888486e-02 -5.757732706746163664e-01 1.015109996784085951e+02
-7.752491141098326599e-01 -1.331318766352296463e-02 -6.311536759687305098e-01 1.798094895312966557e+01 -5.666265560111602428e-02 9.972091771432672891e-01 4.859498902064351977e-02 -2.151511927680973990e+00 6.287453284756105987e-01 7.346072049682332572e-02 -7.738390517762631093e-01 1.002016743959997882e+02
-5.919574492132234633e-01 -1.110610776911881079e-02 -8.066321483353710020e-01 1.763496225794234107e+01 -6.720898084746589063e-02 9.971091818121873285e-01 3.551298795502470101e-02 -2.062603533605401385e+00 8.039062821649972657e-01 7.517680051238595507e-02 -5.909953195206556487e-01 9.970809994482270611e+01
-5.566558957522745876e-01 1.097823827984939667e-03 -8.302499308035131698e-01 1.716551434462246917e+01 -5.888047181898199700e-02 9.974288395617428860e-01 4.082681998753615732e-02 -2.212834637804911075e+00 8.281597339996061846e-01 7.164262967557137596e-02 -5.551587274818011730e-01 9.996710996441292707e+01
-7.240293128965097358e-01 -3.772355376867790686e-03 -6.904839715454637039e-01 1.719251773877950740e+01 -5.924796487768856784e-02 9.966397145362317911e-01 5.658996119876161940e-02 -2.153689377684197659e+00 6.879497479273520844e-01 8.184033712508197167e-02 -7.218228335473758639e-01 9.986203155722985514e+01
-6.103139405601326617e-01 -4.768836895201597134e-03 -7.922865036616235646e-01 1.664432913787792501e+01 -6.629742337878989644e-02 9.967837511647702486e-01 4.506117386216969278e-02 -2.066197845704084823e+00 7.895231889283033100e-01 7.997918549775760721e-02 -6.086682969327626980e-01 9.928895650020467656e+01
-5.259255197959042949e-01 3.751019381282886199e-04 -8.505174247979913060e-01 1.520141006936562000e+01 -6.318212285544497209e-02 9.972210659675959654e-01 3.948331377170657269e-02 -2.164568125136643317e+00 8.481683573549182453e-01 7.450321424064491882e-02 -5.244410740113523151e-01 9.882344957566851917e+01
-5.797373082302675895e-01 -5.758274798180094793e-03 -8.146229235813217118e-01 1.438585439276206124e+01 -6.567927269699379289e-02 9.970475892617167712e-01 3.972020778752313047e-02 -2.066110317018947207e+00 8.119896377353631456e-01 7.658828974768165654e-02 -5.784022047451331527e-01 9.770389737253779572e+01
-5.596804404434847502e-01 -8.900661125161982157e-03 -8.288997320530466784e-01 1.404776221547691684e+01 -6.956487128106922380e-02 9.969202841127668968e-01 3.622953411518214234e-02 -2.031816615361786926e+00 8.260246285088934659e-01 7.792232724125858212e-02 -5.585771382478343927e-01 9.748983092859148769e+01
-4.800688860111364531e-01 -5.517408622349118975e-03 -8.774768744682125421e-01 1.309851436026776916e+01 -7.135276235524930233e-02 9.969142179407334270e-01 3.275523128617046503e-02 -2.101000532167109025e+00 8.745888427467983783e-01 7.830344178316400727e-02 -4.789820773824778888e-01 9.756625934720247528e+01
-5.185396314255825700e-01 -1.103736041531696438e-02 -8.552218005646669008e-01 1.290089151384472643e+01 -7.664051980050962110e-02 9.964966675109898642e-01 3.354736333835063589e-02 -2.019824987459392762e+00 8.518549754015825037e-01 8.290488286601202517e-02 -5.175711770728035344e-01 9.669337336665002169e+01
-4.972766866134385455e-01 -1.231524760824985465e-02 -8.677410838100607648e-01 1.195334949391793344e+01 -7.871240961812506209e-02 9.964166640975713474e-01 3.094423807976314986e-02 -2.010389202476464909e+00 8.642509850256122617e-01 8.370053869844158723e-02 -4.964644739917773442e-01 9.626061254517033206e+01
-3.926982617888140070e-01 -6.550193565099191560e-03 -9.193381830452856951e-01 1.077363316598616194e+01 -7.557477547352871305e-02 9.968201212538341238e-01 2.521684997934701619e-02 -2.076328035982018427e+00 9.162492092138899702e-01 7.940118203405498176e-02 -3.919432715515068777e-01 9.643570447519699940e+01
-4.274379319737425242e-01 -1.274005497024781504e-02 -9.038218418618194638e-01 1.055358491073769578e+01 -7.918648203189181112e-02 9.965841175001151075e-01 2.341715103025943101e-02 -2.006829054606652729e+00 9.004359465152065312e-01 8.159411893329551746e-02 -4.269860679001823422e-01 9.558377168945490610e+01
-4.014813883672658235e-01 -1.500146668410000383e-02 -9.155542212020011394e-01 9.580419610831862443e+00 -8.049045877179430986e-02 9.965750439509838410e-01 1.898388229585216622e-02 -2.012068364563456946e+00 9.121334199253769981e-01 8.130021027400428923e-02 -4.013137400125052490e-01 9.513326986962529475e+01
-3.132664389645166136e-01 -1.362210966659486468e-02 -9.494325559423258953e-01 8.351606458439922775e+00 -7.978225958735805923e-02 9.967398440124960457e-01 1.202214614745946916e-02 -2.079254358378144651e+00 9.461731005187211663e-01 7.952415536698489995e-02 -3.133318988529110172e-01 9.566367831281951339e+01
-3.298950967193504669e-01 -1.828528769988377670e-02 -9.439436562229022165e-01 7.860399557303310303e+00 -7.708470848851387003e-02 9.969954125674861389e-01 7.626340246154577306e-03 -2.053687473120020979e+00 9.409682830422930744e-01 7.527327208341284825e-02 -3.303133602531191371e-01 9.506096876565230502e+01
-3.120079785186656296e-01 -2.279165511806082248e-02 -9.498636856938087458e-01 7.163216318769280555e+00 -7.116764835924700716e-02 9.974645129155399470e-01 -5.689983855499683918e-04 -2.042692899049683763e+00 9.474683376173178573e-01 6.742095580309087621e-02 -3.128391406648032835e-01 9.431088998624916542e+01
-2.630088975488856229e-01 -2.314873782062860236e-02 -9.643580425050243266e-01 6.210341190550791701e+00 -6.295128982958649033e-02 9.979924142873277670e-01 -6.741741881432438202e-03 -2.098275798520868651e+00 9.625782017109039135e-01 5.893867714109184835e-02 -2.639374564147269342e-01 9.454307469641643991e+01
-2.411898020862997816e-01 -2.529758744563205888e-02 -9.699791362582205201e-01 5.410005861842527075e+00 -5.593876812262150999e-02 9.983600207749758759e-01 -1.208588612260486778e-02 -2.123055008619993522e+00 9.686945743105160878e-01 5.133345178805296533e-02 -2.422089909140559272e-01 9.433258939332542070e+01
-2.217675588524924413e-01 -2.846099395707896509e-02 -9.748295240642373960e-01 4.641948383621211427e+00 -4.671802825815384724e-02 9.987359265289409427e-01 -1.853400983581950101e-02 -2.130455679965423954e+00 9.741246169949016043e-01 4.144590966518520159e-02 -2.228167730376239275e-01 9.379417176207556395e+01
-1.853550289329751466e-01 -3.470089768449707152e-02 -9.820112024208639268e-01 3.742273219974583842e+00 -3.930918660321950503e-02 9.988380182869801560e-01 -2.783951428570724876e-02 -2.196447198387490474e+00 9.818362938418070396e-01 3.344619474674590670e-02 -1.865036830137873636e-01 9.406027349638610247e+01
-1.621887827575062557e-01 -4.793231299546376473e-02 -9.855424472770629718e-01 2.909963507690756401e+00 -3.403239460863102112e-02 9.984969073552111274e-01 -4.294653278135354690e-02 -2.245691615211867997e+00 9.861207032120078431e-01 2.655142548824160342e-02 -1.635762333232526344e-01 9.389349378857016859e+01
-1.325050443136380762e-01 -6.610988840226124374e-02 -9.889052933675992474e-01 2.116449813463442187e+00 -3.073859385123187127e-02 9.975672385742249126e-01 -6.256039819774412980e-02 -2.297508706477950469e+00 9.906359351823810222e-01 2.209845332465867548e-02 -1.342147610511673916e-01 9.351743456046911263e+01
-1.093421264160566730e-01 -8.145168049162537782e-02 -9.906713653895308225e-01 1.269022022505957858e+00 -3.024531184156986977e-02 9.964479549474083431e-01 -7.858802715904611436e-02 -2.376446590500401967e+00 9.935544061057617338e-01 2.136163511876495308e-02 -1.114171356039910937e-01 9.365333507108128686e+01
-8.579737628005798533e-02 -9.213099829130089180e-02 -9.920464988841798393e-01 4.237558424102483290e-01 -2.534958235063934640e-02 9.955946561755619761e-01 -9.024951826634025620e-02 -2.458270993688193684e+00 9.959931369759583708e-01 1.738138761311049801e-02 -8.775476253147876382e-02 9.357904897039203718e+01
-5.390224990572971969e-02 -9.543678974576155771e-02 -9.939970560491174778e-01 -3.904419990073653146e-01 -2.060453692932001646e-02 9.953167004615888214e-01 -9.447621338689986270e-02 -2.557012810606845488e+00 9.983552947586314952e-01 1.542351801205328436e-02 -5.561649546009096029e-02 9.339951603542527891e+01
-3.300764505546511379e-02 -9.442306785217181864e-02 -9.949895788213221071e-01 -1.248736944238674651e+00 -1.652265547433509618e-02 9.954446899989792819e-01 -9.388912715389229058e-02 -2.640466481800982645e+00 9.993207526813737696e-01 1.335890808796666267e-02 -3.441925730818772011e-02 9.348121841804581322e+01
-1.133698306444453664e-02 -8.878675814283934487e-02 -9.959917630704513414e-01 -2.103074562331764152e+00 -1.090237638358224070e-02 9.960031803546768314e-01 -8.865859193969602425e-02 -2.732646500441161752e+00 9.998803863736162034e-01 9.880796634238440262e-03 -1.226088470738170497e-02 9.347420680447351060e+01
1.275843588574874544e-02 -8.422222864992598423e-02 -9.963656085466890966e-01 -2.917520166265499704e+00 -3.494020838399372521e-03 9.964364087382827639e-01 -8.429230358691509883e-02 -2.830740257956705364e+00 9.999131716682534421e-01 4.571119747766649172e-03 1.241892367787275978e-02 9.340128591357471066e+01
2.322454804481863255e-02 -8.324710864977299951e-02 -9.962630463718823437e-01 -3.777222334149100913e+00 1.033470138827313669e-03 9.965263124030792063e-01 -8.327162208195670878e-02 -2.923993567498162083e+00 9.997367841354399820e-01 8.774151194042391962e-04 2.323213319955843084e-02 9.350886910812513975e+01
3.737727819647364280e-02 -8.677537869173065910e-02 -9.955319785200000826e-01 -4.605466362355593368e+00 4.502031797432222773e-03 9.962250051897714176e-01 -8.668206346949836050e-02 -3.016214776055390345e+00 9.992987246070259566e-01 -1.274408795481848889e-03 3.762907809232210465e-02 9.352506072600877474e+01
4.963530092218671613e-02 -8.826006600625586895e-02 -9.948712178482541635e-01 -5.401390544832612939e+00 6.661652376698480246e-03 9.960953794225668734e-01 -8.800896345719989855e-02 -3.111514098605398182e+00 9.987560130599939523e-01 -2.275271806176615199e-03 5.002895358378382784e-02 9.353777484751823579e+01
5.943401961692861002e-02 -9.199768909665695382e-02 -9.940008450663837536e-01 -6.224049872155895002e+00 1.484353109038835357e-03 9.957507827870263339e-01 -9.206405113480189972e-02 -3.195996157581514563e+00 9.982486536828747425e-01 3.979143298630482412e-03 5.931850672671390434e-02 9.361129022363120100e+01
7.258343124151481196e-02 -9.071016985862871695e-02 -9.932566487698839541e-01 -7.027512829321343801e+00 4.136327500124020512e-04 9.958567738075919662e-01 -9.092897115704802469e-02 -3.280429061734663421e+00 9.973917383509227630e-01 6.168871627086784659e-03 7.232168446820053109e-02 9.364792713136939994e+01
8.271761601273865117e-02 -9.104498230907870360e-02 -9.923970932246368726e-01 -7.836913074004736579e+00 3.705924195300028517e-03 9.958391684188603321e-01 -9.104958876285383640e-02 -3.370692060186555761e+00 9.965579961784750695e-01 3.849284473089290524e-03 8.271102513823669344e-02 9.371725058817057175e+01
9.147974869048247637e-02 -9.238264377664233418e-02 -9.915148064827641328e-01 -8.660311245028278648e+00 8.223906593378595836e-03 9.957220483786429766e-01 -9.201601688297397774e-02 -3.460923959439949016e+00 9.957767441956049126e-01 2.343428465780259028e-04 9.184977352518539084e-02 9.379238552898010539e+01
9.505611744498772275e-02 -9.606250000863017502e-02 -9.908232449831049227e-01 -9.482341085585904494e+00 9.197081343941385101e-03 9.953763111365349081e-01 -9.558382524963508764e-02 -3.548128785701447185e+00 9.954256035872699471e-01 -4.059300200990901961e-05 9.549889637727880520e-02 9.386034721467559905e+01
9.492409678060856337e-02 -9.878768276984864483e-02 -9.905529380915669702e-01 -1.032120543647495481e+01 8.330642447791429886e-03 9.951080759409819398e-01 -9.841939253722634118e-02 -3.634919306365092861e+00 9.954319180310144954e-01 1.072266246677617456e-03 9.528252728584822584e-02 9.394003113449095110e+01
9.037427829345044683e-02 -9.838371366562648213e-02 -9.910767956052677352e-01 -1.118660716189214099e+01 1.102450580536047144e-02 9.951437680249809459e-01 -9.782141209373115820e-02 -3.734472377706325119e+00 9.958896210158472151e-01 -2.100268092702721554e-03 9.102284252748919779e-02 9.401815686262699501e+01
8.408316002636469222e-02 -9.696051934211570578e-02 -9.917065967976093077e-01 -1.205806703546013736e+01 8.439919089873099134e-03 9.952893962408680961e-01 -9.656859795398034518e-02 -3.836572970587996956e+00 9.963983791572048609e-01 -2.496532566918207565e-04 8.450414115384127789e-02 9.407560363669753656e+01
7.588005899231881068e-02 -9.653294639819413880e-02 -9.924276233301070338e-01 -1.295080691599355660e+01 5.994009455200365044e-03 9.953301951080588683e-01 -9.632709600287847618e-02 -3.929816205021762876e+00 9.970921623709400050e-01 1.359471076803573167e-03 7.610291603464360011e-02 9.413266928657942856e+01
6.689168421103232343e-02 -9.627401115681986921e-02 -9.930880774879370376e-01 -1.386637872544177696e+01 3.588520451056060115e-03 9.953505031265499348e-01 -9.623719202426481156e-02 -4.024622233442556762e+00 9.977374545343669077e-01 2.858010669291582463e-03 6.692638270407429146e-02 9.418721810718574261e+01
6.056926161842585837e-02 -9.625152804786814287e-02 -9.935093363884708317e-01 -1.480111176219108593e+01 4.704994091936920420e-04 9.953400936367482466e-01 -9.642606837976420986e-02 -4.131962919032658554e+00 9.981633979177101379e-01 5.347009643626146960e-03 6.033489006538459570e-02 9.422647195801754094e+01
5.486507017819109572e-02 -9.625035273023005433e-02 -9.938552873237439522e-01 -1.574075780264209712e+01 -3.323272641712718498e-03 9.953194148138233555e-01 -9.658058893072289652e-02 -4.232028735467744163e+00 9.985003196942332515e-01 8.593044579100142175e-03 5.428903880359030321e-02 9.426209476122080844e+01
5.322954550815229419e-02 -9.459712027543401569e-02 -9.940803340474037020e-01 -1.670459651385268529e+01 -8.997514982036308034e-03 9.954167172231807026e-01 -9.521771468811614236e-02 -4.327575882281219144e+00 9.985311129167485644e-01 1.401602533709776950e-02 5.213481292508115317e-02 9.429427342301460158e+01
5.340627916764691119e-02 -9.345608366607281725e-02 -9.942160337457299768e-01 -1.770256982327790496e+01 -1.202171598166214272e-02 9.954786476292629693e-01 -9.419785489812361468e-02 -4.446434823592444907e+00 9.985264734127512476e-01 1.696095529273649108e-02 5.204123774075842396e-02 9.433358059683816066e+01
5.543287666612635445e-02 -9.292363886533590300e-02 -9.941469645569492863e-01 -1.870050041455930412e+01 -1.313716286975209410e-02 9.955048265230340698e-01 -9.380252974650953035e-02 -4.549491850040295660e+00 9.983951083017839068e-01 1.825369582260993537e-02 5.396397194573693962e-02 9.437158995814206719e+01
5.548735682561425214e-02 -9.225110686397591797e-02 -9.941970375592285025e-01 -1.968945185524116326e+01 -1.364289319352200193e-02 9.955598075441338679e-01 -9.313991018594128257e-02 -4.654477160800350788e+00 9.983742275103612007e-01 1.873953678811080339e-02 5.398206097967829520e-02 9.440841984855386215e+01
5.418430182479295337e-02 -9.151970356368072101e-02 -9.943429904458704893e-01 -2.073554262317720998e+01 -1.389646617191235035e-02 9.956256563542131843e-01 -9.235575881198947179e-02 -4.766547589630659942e+00 9.984487113723635732e-01 1.879321930627391932e-02 5.267509878753712238e-02 9.446635264551152034e+01
5.555177520978813593e-02 -9.069861693106863465e-02 -9.943410653496436158e-01 -2.177418079166744391e+01 -1.323745912138700291e-02 9.957104730118716551e-01 -9.158352827878546432e-02 -4.872652947937052836e+00 9.983823885145609589e-01 1.825114341184675207e-02 5.411357813713543047e-02 9.451886259275175917e+01
5.562778111674723802e-02 -8.950386797544392092e-02 -9.944311231263559536e-01 -2.278304605551154438e+01 -1.363819605584785932e-02 9.958135518720413470e-01 -9.037965347056918508e-02 -4.984558517462834182e+00 9.983569527283961964e-01 1.859511039800570975e-02 5.417356760020081152e-02 9.454657954286749089e+01
5.436794654117466097e-02 -8.861788703116985078e-02 -9.945808037372126931e-01 -2.386842492941778104e+01 -1.496544496385792539e-02 9.958712127247403290e-01 -8.953426856037735582e-02 -5.097578728766255729e+00 9.984067686369653138e-01 1.977435226923682579e-02 5.281578515990646705e-02 9.459497687461059456e+01
5.576223622895640220e-02 -8.837030549544541702e-02 -9.945397304021075247e-01 -2.488307238492260254e+01 -1.603237632143060531e-02 9.958672738789877688e-01 -8.940429855018570959e-02 -5.211083844101199958e+00 9.983301275011982057e-01 2.093073257271120535e-02 5.411552232175101396e-02 9.463169370097016042e+01
5.385894844938066139e-02 -8.834688454486808173e-02 -9.946254733888665323e-01 -2.592438136927263770e+01 -1.773669594522796211e-02 9.958355190415901781e-01 -8.943708728260982288e-02 -5.320911696134032809e+00 9.983855361099321923e-01 2.244965383703304354e-02 5.206878840321342572e-02 9.466998048483222306e+01
5.259349900220384316e-02 -8.693281154043461245e-02 -9.947921633330845115e-01 -2.696897628185621443e+01 -1.829817280058692458e-02 9.959518745122744043e-01 -8.802016049735109093e-02 -5.436501023924044773e+00 9.984165429948553827e-01 2.283563173526947584e-02 5.079048694651848439e-02 9.471815968692753529e+01
5.014828339045962480e-02 -8.381206122183731955e-02 -9.952106304633606682e-01 -2.802011805027058244e+01 -1.768963991229081933e-02 9.962407209742295544e-01 -8.480659856009691022e-02 -5.551861317213475644e+00 9.985786415796126247e-01 2.184244429449969799e-02 4.847823627285172826e-02 9.475879799401978687e+01
4.821779156959544316e-02 -8.266563731839489393e-02 -9.954266468612230634e-01 -2.905574202733583178e+01 -1.703457069064790580e-02 9.963553648092584591e-01 -8.356178256265670012e-02 -5.659871727888087456e+00 9.987096031624391745e-01 2.094894046411132499e-02 4.663488806070036075e-02 9.478600884206888111e+01
4.432739265731647227e-02 -8.181014069120941257e-02 -9.956822857511546943e-01 -3.009633747122809311e+01 -1.717943254727528554e-02 9.964302341293551635e-01 -8.265565529484276974e-02 -5.771678404192748246e+00 9.988922512608290338e-01 2.074207338863201869e-02 4.276522199825199405e-02 9.482086152222277065e+01
4.235508282732451668e-02 -8.180800580701060032e-02 -9.957612235766547526e-01 -3.113367794821505186e+01 -1.709769152512726972e-02 9.964348697692473333e-01 -8.260587952694677105e-02 -5.876418347561644495e+00 9.989730680226249770e-01 2.047616521583799087e-02 4.080739761337962707e-02 9.484736824402153843e+01
4.039465693286395376e-02 -8.133520372833275003e-02 -9.958763856442752749e-01 -3.215878129393998108e+01 -1.668359281897392396e-02 9.964868321660016459e-01 -8.207976749676546002e-02 -5.982013549612604564e+00 9.990542656406683486e-01 1.992428137417558143e-02 3.889650723258782083e-02 9.486534062839319859e+01
4.230308235326989130e-02 -8.352009871799905005e-02 -9.956265337340318711e-01 -3.316923139989174985e+01 -1.794364538646063198e-02 9.962746717168941002e-01 -8.432322253983193239e-02 -6.091863030471914797e+00 9.989638870142155680e-01 2.139046123232462779e-02 4.064772648632405949e-02 9.490495345468592348e+01
4.482199621748356871e-02 -8.625622218192280366e-02 -9.952596635540279513e-01 -3.418765247205337232e+01 -2.000318822460608187e-02 9.959897252778137089e-01 -8.720159299902324745e-02 -6.204376002260674206e+00 9.987879460402054876e-01 2.384158616246649653e-02 4.291539985785227523e-02 9.495478998785773683e+01
5.002997757886272490e-02 -8.791790390121476118e-02 -9.948999957926083493e-01 -3.520876416323810076e+01 -2.010769365880988799e-02 9.958256112536272298e-01 -8.901028147507505928e-02 -6.317936874894658494e+00 9.985778935599415318e-01 2.440135278905380609e-02 4.805516489446927386e-02 9.498370344945035981e+01
5.598557213436342050e-02 -8.593607863201209451e-02 -9.947383542237377974e-01 -3.623288350922814516e+01 -1.951586074496936343e-02 9.960041996536321829e-01 -8.714014986281407027e-02 -6.413432290431966720e+00 9.982534109019984836e-01 2.427811390628153293e-02 5.408503824008067951e-02 9.504153162215419570e+01
6.122478197979122627e-02 -8.166724722488107047e-02 -9.947823682679574064e-01 -3.725380780671442693e+01 -1.677139342872002031e-02 9.964222399062964142e-01 -8.282547804785483914e-02 -6.533472276317063177e+00 9.979878993365507434e-01 2.175175775242562184e-02 5.963589397432696865e-02 9.509471447130952981e+01
6.850306986553084121e-02 -8.111313983806137107e-02 -9.943251080589435853e-01 -3.825687905442860881e+01 -1.913200415021365161e-02 9.963998879295421496e-01 -8.258146524850336345e-02 -6.641223495570603319e+00 9.974433156217359375e-01 2.468996826798334002e-02 6.670379984576574328e-02 9.514038069289917132e+01
7.229196781396177163e-02 -8.250372285396903593e-02 -9.939734180908985639e-01 -3.925595474733462709e+01 -1.781020245755296494e-02 9.963083009371039855e-01 -8.397139779781148672e-02 -6.745724121202524515e+00 9.972305830557864903e-01 2.379265818238892119e-02 7.055433681638960397e-02 9.517959772217484726e+01
7.738664495597848136e-02 -8.447537656431987341e-02 -9.933987449436549877e-01 -4.025054418351090391e+01 -1.692666036366867466e-02 9.961477716979574293e-01 -8.605678748406968281e-02 -6.848959169861413621e+00 9.968422178659405164e-01 2.346856259438334300e-02 7.565987607019679373e-02 9.526397190756986788e+01
8.448110194720089006e-02 -8.610985287860913051e-02 -9.926990065983098965e-01 -4.123921191220958349e+01 -1.837953916684555503e-02 9.959525459070498465e-01 -8.799884737183072403e-02 -6.957949214398107429e+00 9.962609130358964782e-01 2.565597612425001353e-02 8.255881466158036808e-02 9.533103495905388058e+01
8.760252693415282454e-02 -8.691304549032084770e-02 -9.923572739342755300e-01 -4.222499970422877169e+01 -1.922913320710139054e-02 9.958543499913404817e-01 -8.888977912344053767e-02 -7.063182400649751891e+00 9.959688010277364389e-01 2.687401972290407934e-02 8.556697959515952023e-02 9.539651211960364208e+01
9.150647644372950085e-02 -8.599344952160645206e-02 -9.920514147638292979e-01 -4.320821462425573145e+01 -1.976259711868795163e-02 9.959117271865407517e-01 -8.815415035576287806e-02 -7.176682649099139333e+00 9.955745046880801752e-01 2.769367182843791159e-02 8.943239840048396172e-02 9.548318982289126211e+01
9.377176098027993623e-02 -7.678587742492415380e-02 -9.925850696720147637e-01 -4.418432329967842520e+01 -1.787967199984319758e-02 9.967316585434043974e-01 -7.876971494404674812e-02 -7.279552774498498913e+00 9.953881816933207727e-01 2.515159524252829834e-02 9.209117036536529355e-02 9.556342167909298269e+01
9.665948511344969740e-02 -6.714968204635843319e-02 -9.930240730770234503e-01 -4.516792095776135341e+01 -1.774109640671024321e-02 9.974479107091095420e-01 -6.915375328800987820e-02 -7.375136577512225067e+00 9.951315736314461091e-01 2.432968124372474755e-02 9.522024649902749438e-02 9.566862805320815255e+01
1.000302772080040037e-01 -6.291298970322999062e-02 -9.930268341716085301e-01 -4.614229811332865694e+01 -1.721458858180187346e-02 9.977398001940419592e-01 -6.495235537013749338e-02 -7.468475930582560096e+00 9.948695571267494042e-01 2.357894762527679502e-02 9.872155148322327156e-02 9.575398801020315886e+01
9.981104635506048151e-02 -6.879278981195066645e-02 -9.925949621450355087e-01 -4.711584456233511276e+01 -1.682819899276803005e-02 9.973483741289000948e-01 -7.081540767127747493e-02 -7.550763442688388949e+00 9.948324937919050814e-01 2.380277437395672199e-02 9.838790691529342158e-02 9.584604880354386580e+01
1.008318493295006918e-01 -7.553784679422924364e-02 -9.920230122813017415e-01 -4.807011897615334561e+01 -1.564569683842023662e-02 9.968695760866412847e-01 -7.751895995736383937e-02 -7.647810002683701036e+00 9.947722539146885978e-01 2.335010756873485624e-02 9.933460994276394063e-02 9.594428898640659042e+01
1.018797843568044204e-01 -7.789985530989630702e-02 -9.917419154287893113e-01 -4.903112225949240610e+01 -9.595022905494628856e-03 9.968040403595805898e-01 -7.933131024355297156e-02 -7.743454152774941868e+00 9.947531073977371463e-01 1.758736432537974514e-02 1.008087341205521070e-01 9.603839479649828093e+01
1.011751383342129884e-01 -7.589492463138633460e-02 -9.919853774523823553e-01 -4.999473663313201399e+01 -6.818380250335255750e-03 9.970103033606407816e-01 -7.693817227040213036e-02 -7.842038120541590551e+00 9.948601702748062214e-01 1.453459568721097127e-02 1.003544114011546001e-01 9.614715972943723443e+01
9.877791736053331828e-02 -7.342381722789553811e-02 -9.923793578308046648e-01 -5.096072454319927658e+01 -6.980206316339493747e-03 9.971979710860336965e-01 -7.446556420705578716e-02 -7.936118113586288381e+00 9.950680342662479028e-01 1.426191508321346217e-02 9.798912934899589589e-02 9.622450906819609884e+01
9.779075181601347422e-02 -6.728797525622394471e-02 -9.928891052751750435e-01 -5.192377503156097873e+01 -9.666877582956746179e-03 9.976003320226176641e-01 -6.857765595378194357e-02 -8.023921557058503851e+00 9.951196242357502886e-01 1.632240887211749286e-02 9.690569680721626555e-02 9.631714404068438284e+01
9.674323391902100999e-02 -6.147024793874571874e-02 -9.933607026728165090e-01 -5.288820394985591378e+01 -1.172221552866505208e-02 9.979518163689421462e-01 -6.289124560484529725e-02 -8.101001626892932350e+00 9.951911998882473354e-01 1.774245037164437835e-02 9.582408143210301155e-02 9.640394061954697236e+01
9.831661413247484715e-02 -5.854801824802315091e-02 -9.934792007715005369e-01 -5.383199109899766199e+01 -2.051523745547683200e-02 9.979362921631994565e-01 -6.082341294955360272e-02 -8.188747723183823268e+00 9.949917928458826832e-01 2.633768106672538037e-02 9.691274615822516314e-02 9.646608533177473532e+01
9.524482271295504898e-02 -5.658287452583122407e-02 -9.938450530742554134e-01 -5.478950048729551980e+01 -2.861514385908764044e-02 9.978154360755135954e-01 -5.953633519846211059e-02 -8.258182252431133463e+00 9.950417556523866169e-01 3.412509011627824773e-02 9.341721607982911291e-02 9.654016413698926158e+01
9.332601647762180097e-02 -5.558648291326854368e-02 -9.940734598990510484e-01 -5.574175792828245335e+01 -2.611945528196225885e-02 9.979606235780106305e-01 -5.823058702565008654e-02 -8.337302577188644648e+00 9.952817854846717216e-01 3.142187538293748916e-02 9.168308656647226884e-02 9.662572794680225741e+01
8.940053234176967289e-02 -5.646127499400232369e-02 -9.944121851665874701e-01 -5.669196648502386182e+01 -2.168637101114531673e-02 9.980449319665725127e-01 -5.861950762955584621e-02 -8.415335857594325120e+00 9.957778208559899813e-01 2.680512853207196386e-02 8.800133657924257002e-02 9.669830960013793231e+01
8.287722099074476545e-02 -6.023517475646035513e-02 -9.947201258871700702e-01 -5.764066326387373351e+01 -2.017912245677253719e-02 9.978650176269932004e-01 -6.210836542805446558e-02 -8.490000169608720171e+00 9.963390840775719903e-01 2.519530661970612387e-02 8.148539199749649242e-02 9.678020754946351190e+01
7.377426206974388445e-02 -5.933531813099194446e-02 -9.955183145177093351e-01 -5.857038100276214720e+01 -1.648329561889335521e-02 9.980200785281472253e-01 -6.069108590592666580e-02 -8.564635632541795829e+00 9.971478499087318426e-01 2.089715025091928163e-02 7.264958114693242930e-02 9.684675426314585422e+01
6.525377803468937477e-02 -5.911381231024831484e-02 -9.961120714450170111e-01 -5.951253897036833251e+01 -9.030138156725965592e-03 9.981672121582029211e-01 -5.985322917367638662e-02 -8.642825109095785052e+00 9.978247567255947859e-01 1.289730370616060280e-02 6.460113666057384907e-02 9.690372496886382692e+01
5.281168883750980703e-02 -6.022054487869720613e-02 -9.967796649197470105e-01 -6.045807574867598788e+01 -1.185805558756861458e-02 9.980723355904368432e-01 -6.090222220786298268e-02 -8.733180962137719661e+00 9.985260161343122443e-01 1.503540805559913825e-02 5.199519060391565722e-02 9.694421175481625141e+01
4.117905302977575843e-02 -5.796058191722705533e-02 -9.974654421164131923e-01 -6.139410141317091529e+01 -1.593682927199047486e-02 9.981517326475541907e-01 -5.863357250249465191e-02 -8.796647424815333238e+00 9.990196169732453724e-01 1.832320181458167024e-02 4.017846514235319522e-02 9.697106929853362089e+01
2.826275948290903409e-02 -5.284928157019257861e-02 -9.982113895595277064e-01 -6.233536528048859537e+01 -1.631749575589701989e-02 9.984435485102707286e-01 -5.334495219533553351e-02 -8.866322464029106953e+00 9.994772098488351464e-01 1.779617757371672673e-02 2.735676070963724907e-02 9.699261525673897211e+01
1.436030430936895662e-02 -5.213954618896432525e-02 -9.985289970387065672e-01 -6.327876285844811122e+01 -1.662592743344442486e-02 9.984895529817107152e-01 -5.237314717743962733e-02 -8.940512073514010893e+00 9.997502096191047682e-01 1.737560396281544531e-02 1.347130890389575467e-02 9.699791992955178443e+01
1.789171878694882038e-03 -5.041814473988932843e-02 -9.987257545456116326e-01 -6.421409387461227425e+01 -1.738763616481674157e-02 9.985755025098745907e-01 -5.045485210027316619e-02 -9.001643881526524282e+00 9.998468470925699902e-01 1.746066352852321951e-02 9.100780420484466844e-04 9.698695440081932873e+01
