1.0 0.0 0.0 0.0 0.0 1.0 0.0 0.0 0.0 0.0 1.0 0.0
0.8977604 0.44041568 0.008713974 7.336426 -0.4404619 0.8977696 0.004285594 5.821533 -0.0059355143 -0.00768494 0.9999528 0.060546875
0.8415942 0.53984594 0.011503625 15.251953 -0.5397656 0.841671 -0.00947954 7.2852783 -0.0148003455 0.0017678674 0.9998889 -0.025878906
0.35365212 0.93470544 0.035736017 22.031372 -0.93521506 0.35406342 -0.00571555 7.7095947 -0.0179991 -0.031394303 0.9993452 -0.15710449
0.111179404 0.99325734 0.03325302 27.181274 -0.9937391 0.11151886 -0.008526979 3.93396 -0.01218152 -0.03209725 0.9994106 -0.32458496
-0.11377715 0.9927925 0.036877256 32.21753 -0.9932991 -0.1129755 -0.023149148 -0.17492676 -0.018809875 -0.03926577 0.9990516 -0.6604004
-0.071965106 0.99718004 0.02219931 35.510864 -0.9972611 -0.07152927 -0.019838499 -6.062256 -0.018199407 -0.023566373 0.99955666 -0.7397461
-0.4564019 0.88951594 0.02750193 39.12329 -0.889901 -0.4558711 -0.023543494 -11.352051 -0.008423935 -0.03523877 0.9993441 -0.7648926
-0.18387926 0.9829628 0.003955841 41.2406 -0.9822459 -0.18358733 -0.039148238 -17.681396 -0.037733935 -0.011081911 0.9992259 -1.2304688
0.039328445 0.9992308 0.0049185734 44.404297 -0.99813604 0.03951681 -0.046854492 -23.775146 -0.04700518 -0.003091391 0.99888915 -1.203125
0.30640286 0.95193404 0.00801862 48.24951 -0.9500552 0.30631045 -0.060778186 -28.5271 -0.060307804 0.01099701 0.9981187 -1.6618652
0.49959084 0.86603075 -0.016341772 52.993896 -0.8657623 0.4986684 -0.040666185 -32.52466 -0.027070915 0.03447531 0.9990391 -1.5175781
0.7445541 0.6674693 0.0028754266 57.987305 -0.6671761 0.7443421 -0.026743913 -35.531372 -0.01999183 0.017994948 0.99963826 -1.5126953
0.734538 0.67814046 -0.023416433 63.196045 -0.6785366 0.7339263 -0.03014429 -36.213867 -0.003257148 0.038029686 0.99927115 -1.3736572
0.4114971 0.9115189 -0.00034504195 67.85205 -0.9110559 0.41127598 -0.03203468 -36.120483 -0.029047847 0.0135002425 0.99948686 -1.467041
0.3234293 0.94611955 -0.018854287 71.48657 -0.94487894 0.32178426 -0.06133235 -38.083374 -0.051945716 0.037628796 0.9979395 -1.0893555
-0.40055755 0.91584617 -0.021463614 74.785645 -0.9151516 -0.40109798 -0.036035888 -39.508545 -0.04161667 0.0051917443 0.9991198 -1.44104
-0.3213041 0.9460106 -0.04007757 75.49219 -0.94414043 -0.3232984 -0.062081214 -43.440918 -0.071689725 0.017873984 0.99726593 -1.2387695
0.07764555 0.9961638 -0.040388357 77.10376 -0.9953585 0.075144954 -0.06014896 -47.77832 -0.05686535 0.044877406 0.9973731 -1.4713135
-0.1982459 0.9789138 -0.049161673 80.77222 -0.97710675 -0.20133232 -0.06869453 -51.02173 -0.07718874 0.03442743 0.99642354 -1.4475098
0.32027075 0.9462498 -0.041961595 83.7832 -0.9457148 0.31699955 -0.06971731 -55.300537 -0.052658845 0.062030576 0.9966853 -1.5406494
0.5421527 0.839436 -0.035668634 88.44971 -0.83924156 0.5390303 -0.07055189 -57.944336 -0.03998721 0.06819765 0.99687153 -1.4362793
0.8906705 0.45391306 -0.026418656 93.48901 -0.4546192 0.88808703 -0.06820476 -59.190063 -0.007492966 0.072755806 0.99732184 -1.2426758
0.87853545 0.47684515 -0.028083935 98.21997 -0.477604 0.87590027 -0.0684638 -57.60376 -0.008050768 0.07356333 0.9972578 -0.930542
0.91200894 0.40859112 -0.036317397 102.69141 -0.41019902 0.9087543 -0.077001944 -55.731323 0.0015464261 0.08512241 0.99636984 -0.5946045
0.9983202 -0.050638046 -0.028168075 106.98242 0.048552766 0.9963411 -0.07034603 -53.531616 0.031626347 0.06886041 0.997125 -0.24621582
0.95148647 -0.30663964 -0.02611827 109.641846 0.30393445 0.9496237 -0.07665437 -49.575806 0.048302233 0.064996235 0.99671555 0.16540527
0.9537922 -0.29880646 -0.03200158 111.26001 0.2960131 0.95252615 -0.07140794 -45.271606 0.051816665 0.05863423 0.9969333 0.60058594
0.7348498 -0.6772881 -0.03605826 113.166016 0.67552453 0.7356235 -0.05047613 -41.178467 0.06071235 0.012736492 0.9980742 0.9145508
0.2798011 -0.9589535 -0.045342248 113.5957 0.9579155 0.2820036 -0.05300265 -36.990845 0.063604206 -0.028596357 0.99756503 1.2580566
-0.014305472 -0.99878037 -0.047186233 112.29541 0.99852806 -0.011801839 -0.052902598 -33.293945 0.052252755 -0.047886796 0.99748355 1.4715576
0.1092202 -0.99328554 -0.039213773 110.82349 0.99275666 0.11101098 -0.04683443 -30.198242 0.050874867 -0.033809755 0.99813277 1.3326416
-0.073148124 -0.99637896 -0.04441019 109.57715 0.9968158 -0.071554914 -0.03646613 -27.24292 0.033185005 -0.046927206 0.99834806 1.4631348
-0.56315684 -0.8243601 -0.04873059 108.273926 0.82577354 -0.56168807 -0.0412155 -24.796265 0.0065526706 -0.06343936 0.9979615 1.6270752
-0.8178994 -0.57171845 -0.058685478 106.47778 0.5739798 -0.8177606 -0.032878105 -22.811768 -0.029221904 -0.060591843 0.99773425 1.4898682
-0.66605675 -0.7437598 -0.06342481 103.936035 0.74619615 -0.6656698 -0.03012402 -21.324585 -0.019788226 -0.0673475 0.9975332 1.3770752
-0.5762532 -0.8152415 -0.05708852 102.00537 0.81720424 -0.5754467 -0.03134184 -19.547974 -0.0072801597 -0.0646945 0.9978781 1.4473877
-0.7745521 -0.62858176 -0.06706501 100.76367 0.6313316 -0.7745769 -0.031539913 -18.400024 -0.032133862 -0.066768594 0.99725 1.3660889
-0.5916419 -0.8037777 -0.07137401 100.20801 0.80672026 -0.5912304 -0.028989363 -18.109863 -0.01884501 -0.07472599 0.9970287 1.2786865
-0.5558193 -0.8280036 -0.06824225 100.45703 0.83045936 -0.5560953 -0.016665105 -17.648926 -0.024182502 -0.06595036 0.9975288 1.4328613
-0.7226439 -0.6877311 -0.076243594 100.40723 0.69078636 -0.7234169 -0.0219526 -17.629883 -0.039995287 -0.06853958 0.9968484 1.3793945
-0.609407 -0.78935295 -0.07593557 99.79639 0.7924912 -0.60964435 -0.022696722 -17.113403 -0.028393332 -0.07403633 0.9968529 1.2961426
-0.52511233 -0.84801435 -0.07146578 99.30615 0.850712 -0.52532697 -0.01726452 -15.689087 -0.02288425 -0.06987538 0.9972938 1.4073486
-0.5790858 -0.8118394 -0.072922304 98.20557 0.8147791 -0.57906634 -0.02359267 -14.859497 -0.02306641 -0.07303796 0.99706024 1.3227539
-0.55924726 -0.8258866 -0.07450475 97.98511 0.8290082 -0.5589546 -0.026661968 -14.525635 -0.019597687 -0.076675914 0.99686456 1.2913818
-0.47963545 -0.87445265 -0.075786725 98.036865 0.87758094 -0.47936103 -0.022951841 -13.592651 -0.016251545 -0.07751436 0.9968597 1.3665771
-0.51825714 -0.8517189 -0.07996787 97.17651 0.855296 -0.51774323 -0.028624848 -13.385986 -0.016985338 -0.083253846 0.99638623 1.2928467
-0.49713942 -0.8641199 -0.08100318 96.73828 0.8677868 -0.4964549 -0.029810222 -12.441772 -0.014422802 -0.08507803 0.9962698 1.2929688
-0.39255825 -0.9161242 -0.077787 96.8811 0.91937786 -0.39195403 -0.023549 -11.279175 -0.008949243 -0.08077537 0.99669087 1.3654785
-0.4276017 -0.90031874 -0.079638615 96.04077 0.90380657 -0.4266131 -0.029911276 -11.05249 -0.0070559685 -0.08477003 0.9963749 1.3026123
-0.40189978 -0.91202456 -0.07960981 95.583496 0.91548985 -0.40062952 -0.03203969 -10.08252 -0.0026975628 -0.08579686 0.9963092 1.3171387
-0.31386527 -0.9460672 -0.078674816 96.08716 0.94932425 -0.31243667 -0.030173995 -8.865967 0.0039685923 -0.084171735 0.99644345 1.3885498
-0.33079052 -0.94087964 -0.07427933 95.49121 0.9437697 -0.32904777 -0.03494475 -8.37207 0.008436181 -0.08165151 0.99662524 1.3693848
-0.31321406 -0.9474026 -0.06659856 94.73706 0.9495957 -0.31117186 -0.039362982 -7.675659 0.01657879 -0.07556669 0.9970033 1.3662109
-0.26422048 -0.96252406 -0.05855259 94.95557 0.96403974 -0.26223788 -0.03943923 -6.7282715 0.02256915 -0.06687352 0.9975044 1.4260254
-0.24240984 -0.96865463 -0.051139478 94.73999 0.9696047 -0.24045825 -0.04146551 -5.9296875 0.027832307 -0.05965836 0.9978293 1.4569092
-0.22291355 -0.9741032 -0.041425318 94.197266 0.9743832 -0.22108473 -0.04452483 -5.1624756 0.034212302 -0.050260793 0.9981499 1.4719238
-0.18649079 -0.9818288 -0.033734582 94.45386 0.981451 -0.18468276 -0.050532814 -4.2664795 0.043353345 -0.042526238 0.99815285 1.5404053
-0.16342321 -0.9861326 -0.02705057 94.28174 0.98477614 -0.16145231 -0.06360868 -3.4362793 0.058345675 -0.03705892 0.9976074 1.5924072
-0.13390934 -0.9906599 -0.022865016 93.89795 0.98786515 -0.13164829 -0.0815672 -2.6447754 0.07779381 -0.03352365 0.99640507 1.6464844
-0.11100639 -0.993579 -0.02233589 94.02832 0.98940456 -0.10836507 -0.0967241 -1.7998047 0.09367953 -0.03284388 0.99506015 1.7259521
-0.08724571 -0.9960168 -0.018554535 93.94849 0.99061745 -0.08477318 -0.107221834 -0.95617676 0.1052007 -0.027756471 0.9940614 1.8111572
-0.05506947 -0.9983626 -0.016831998 93.7605 0.9925136 -0.052890897 -0.11028455 -0.14318848 0.10924125 -0.022744797 0.9937583 1.9162598
-0.03386343 -0.99931765 -0.014909755 93.8374 0.9935178 -0.032038692 -0.10911417 0.7141113 0.10853319 -0.018488709 0.9939199 2.0063477
-0.011716366 -0.99986863 -0.011565436 93.82544 0.9945987 -0.010460855 -0.10332178 1.5678711 0.103181705 -0.012686051 0.99458253 2.1072998
0.012969314 -0.999896 -0.006404536 93.746826 0.99503726 0.013536029 -0.098579854 2.381958 0.09867538 -0.00507975 0.9951084 2.2139893
0.0237996 -0.9997201 -0.002777107 93.85327 0.99494904 0.02395707 -0.09752762 3.2408447 0.09759275 -0.00046827924 0.9952263 2.3138428
0.038231432 -0.9992766 -0.0007236982 93.86694 0.9941679 0.038109954 -0.100938395 4.0683594 0.10090795 0.003107706 0.99489 2.411499
0.050645657 -0.99872756 0.00019755121 93.877686 0.99348724 0.050361987 -0.102320805 4.8636475 0.10215212 0.0053611146 0.994752 2.5126953
0.05991977 -0.99820197 -0.006122114 93.94971 0.99256164 0.06023245 -0.10595895 5.685547 0.10612791 0.00025524106 0.9943511 2.6019287
0.07290107 -0.99733347 -0.00838598 93.98389 0.99183595 0.07337902 -0.104557745 6.4886475 0.10490151 -0.0007140734 0.9944818 2.6929932
0.083305776 -0.99649704 -0.0061277635 94.052 0.9909733 0.083488815 -0.10480961 7.2974854 0.10495374 0.002654191 0.9944732 2.7893066
0.09247368 -0.99571586 -0.0025690896 94.126465 0.9900743 0.092225015 -0.10607671 8.120239 0.10586117 0.007236742 0.9943529 2.885376
0.096146874 -0.99536055 -0.002324171 94.19531 0.98933023 0.09582359 -0.10972055 8.941406 0.10939886 0.008232951 0.99396086 2.977539
0.09594111 -0.99536335 -0.0034425547 94.2771 0.98901963 0.09572101 -0.11244043 9.779297 0.112229995 0.0073627275 0.9936526 3.06958
0.09169845 -0.9958299 -0.00024519768 94.35913 0.98955005 0.09114646 -0.11208274 10.643555 0.111669004 0.010023624 0.993696 3.1757812
0.08516013 -0.9963404 -0.002054012 94.4209 0.99019927 0.08486485 -0.11071214 11.513916 0.1104599 0.007392804 0.9938517 3.284912
0.07674729 -0.9970371 -0.0036132066 94.48291 0.99092495 0.076678455 -0.110352606 12.405518 0.110274486 0.0048855515 0.9938874 3.3850098
0.06756085 -0.997686 -0.00505686 94.542725 0.9915877 0.067707896 -0.11016765 13.319946 0.11024512 0.0024119874 0.9938998 3.4868164
0.060954683 -0.99811196 -0.007506571 94.586426 0.9920078 0.06141078 -0.11019402 14.25354 0.11047435 -0.00075429655 0.9938788 3.6013184
0.05488902 -0.998447 -0.0107162185 94.62622 0.9923529 0.055737432 -0.11023474 15.192139 0.11066379 -0.0045917663 0.9938471 3.7086182
0.05269122 -0.99847007 -0.016121604 94.66113 0.9926006 0.054133944 -0.10858698 16.155151 0.1093072 -0.010277203 0.9939559 3.8121338
0.052572194 -0.9984608 -0.019063257 94.70288 0.9927525 0.05432552 -0.107440546 17.1521 0.108284086 -0.013298637 0.99402845 3.939087
0.054484017 -0.998326 -0.020366184 94.742676 0.9926904 0.056356546 -0.10688921 18.14917 0.107873954 -0.014398122 0.9940611 4.050049
0.0544948 -0.9983044 -0.02085033 94.78198 0.9927502 0.056409538 -0.10621619 19.137207 0.10721114 -0.014902822 0.9941249 4.162964
0.053182602 -0.9983802 -0.020894334 94.84302 0.99290717 0.055102583 -0.10549675 20.182251 0.10643669 -0.015165547 0.9941999 4.283325
0.05461967 -0.998314 -0.020358948 94.897705 0.9929167 0.056457937 -0.10466646 21.21997 0.105656974 -0.014495331 0.9942982 4.397705
0.054669853 -0.9982884 -0.020700157 94.92798 0.99302423 0.05652732 -0.10347203 22.227905 0.10445353 -0.014894339 0.9944177 4.5179443
0.05329919 -0.9983372 -0.021868924 94.97949 0.9931866 0.055270914 -0.10259554 23.312256 0.103616215 -0.016230352 0.99448484 4.6396484
0.05459059 -0.99825794 -0.023032637 95.01831 0.99314845 0.056671627 -0.102334306 24.325928 0.103475556 -0.017286273 0.9944828 4.7611084
0.052534346 -0.998312 -0.024538875 95.059814 0.9932343 0.054781917 -0.10232366 25.36621 0.10351899 -0.019005295 0.994447 4.8790283
0.05124468 -0.9983436 -0.024913378 95.111084 0.9934215 0.05350942 -0.10092126 26.40979 0.1021116 -0.019575203 0.99458176 5.003174
0.04891867 -0.9985101 -0.023898754 95.15527 0.99388564 0.051033862 -0.09782751 27.45996 0.09891976 -0.018982036 0.9949147 5.1278076
0.047073305 -0.9986443 -0.02299147 95.18579 0.9941188 0.04908884 -0.09670077 28.494629 0.0976907 -0.018340422 0.9950459 5.244385
0.043199416 -0.9988298 -0.022758905 95.22461 0.99438703 0.045192834 -0.095879346 29.53418 0.09681203 -0.018514423 0.9951306 5.364624
0.041243073 -0.99891233 -0.022480939 95.254395 0.99446625 0.043219984 -0.09589413 30.570557 0.096775755 -0.018447978 0.9951343 5.477539
0.039332505 -0.9989955 -0.021916108 95.275635 0.9945885 0.041252486 -0.09543937 31.594727 0.0962641 -0.018048644 0.995193 5.5914307
0.041088343 -0.99890107 -0.023398388 95.31714 0.99430686 0.04318881 -0.09760253 32.604126 0.09849026 -0.019296084 0.9949483 5.708374
0.043358266 -0.99871814 -0.025869759 95.36865 0.99389976 0.045746505 -0.10030875 33.62146 0.101345055 -0.02133916 0.99462235 5.827759
0.048505604 -0.99850386 -0.026465332 95.39844 0.9935152 0.050968647 -0.10192359 34.6416 0.10311608 -0.02140495 0.9944365 5.9487305
0.054524243 -0.9981764 -0.026373625 95.45679 0.9933816 0.056902826 -0.09989474 35.66504 0.10120806 -0.020765506 0.99464774 6.0527344
0.06006395 -0.9979138 -0.023870343 95.51099 0.99348766 0.06208467 -0.095592715 36.68518 0.09686601 -0.017976537 0.9951343 6.182129
0.067111075 -0.9973601 -0.02684898 95.55664 0.9930368 0.06937683 -0.09497147 37.6875 0.09656815 -0.020281443 0.99511886 6.2977295
0.07097601 -0.99714595 -0.025978146 95.59717 0.992665 0.07316631 -0.09633004 38.68567 0.097931944 -0.018932262 0.9950123 6.409546
0.07609659 -0.9967542 -0.02568878 95.68237 0.992061 0.07826978 -0.098256014 39.67932 0.099979945 -0.01801262 0.9948279 6.5195312
0.08299338 -0.996164 -0.027920514 95.74951 0.99133587 0.08538883 -0.099822976 40.667114 0.10186756 -0.019413963 0.99461025 6.635376
0.08599918 -0.99586725 -0.029157817 95.81641 0.9909822 0.08852344 -0.10059566 41.651978 0.10273397 -0.020241074 0.99450123 6.7478027
0.08985453 -0.99546957 -0.029997202 95.9043 0.9906885 0.09242385 -0.09964172 42.634277 0.101970345 -0.020744853 0.9945722 6.8688965
0.09247035 -0.9952922 -0.027448153 95.98633 0.9913567 0.094598345 -0.09043198 43.609863 0.09258286 -0.018835189 0.9955259 6.9823
0.095543735 -0.99504167 -0.026621573 96.09302 0.9919352 0.09740584 -0.08078399 44.593018 0.08295624 -0.018664032 0.99637806 7.088379
0.09902309 -0.9947824 -0.025881518 96.17969 0.99199915 0.10073756 -0.07652451 45.566772 0.078735545 -0.018107131 0.996731 7.1904297
0.09872519 -0.9947408 -0.026116546 96.27417 0.9914822 0.10056334 -0.08239892 46.539185 0.08459473 -0.017729841 0.9962588 7.277954
0.0997172 -0.9946763 -0.025685411 96.37451 0.9908128 0.10162986 -0.089128144 47.492188 0.09128576 -0.016547395 0.995689 7.3797607
0.10123991 -0.994665 -0.019937083 96.47095 0.9905009 0.10264861 -0.09148985 48.45215 0.0930966 -0.010491218 0.99560404 7.4819336
0.1007902 -0.99477917 -0.016877163 96.58252 0.99077606 0.10190529 -0.089499824 49.414795 0.09071501 -0.0077171074 0.99584436 7.588379
0.09841114 -0.99499047 -0.016584948 96.663086 0.99120575 0.09948927 -0.08705291 50.379883 0.088262126 -0.007894068 0.9960646 7.6905518
0.09727715 -0.9950428 -0.018624568 96.7583 0.9918028 0.09847348 -0.08092852 51.342285 0.08238381 -0.01058124 0.99654615 7.7874756
0.096150324 -0.9951163 -0.020024855 96.84766 0.9923579 0.097394936 -0.07512323 52.306152 0.07670746 -0.012637389 0.9969739 7.873657
0.09717035 -0.99490374 -0.02861992 96.91113 0.9925132 0.09901475 -0.07217326 53.249268 0.074617766 -0.021415057 0.99698055 7.9692383
0.093616664 -0.9949429 -0.036381982 96.98804 0.99290293 0.09599184 -0.07021991 54.206055 0.07334099 -0.02953591 0.99686897 8.046265
0.09189169 -0.99518895 -0.033666693 97.07666 0.9931478 0.094045095 -0.06924681 55.15747 0.07205393 -0.027053066 0.99703294 8.132935
0.08824229 -0.99569404 -0.029031295 97.153076 0.9934769 0.09009158 -0.070164606 56.10669 0.07247795 -0.022649838 0.99711293 8.218018
0.08175916 -0.9962588 -0.027392127 97.2395 0.9937319 0.08358746 -0.07399406 57.0542 0.07601263 -0.021196123 0.996881 8.298584
0.072942436 -0.99707913 -0.023040619 97.31152 0.99454623 0.07444816 -0.07318207 57.98291 0.07466688 -0.01756719 0.9970533 8.380737
0.06494069 -0.9977734 -0.014992886 97.37402 0.99514663 0.0658667 -0.07304918 58.924072 0.0739005 -0.01017816 0.99721473 8.466431
0.052328102 -0.9984761 -0.017057633 97.4209 0.9957983 0.053457137 -0.07425546 59.86841 0.075030655 -0.013102633 0.997094 8.563721
0.0404762 -0.9989699 -0.020267969 97.45361 0.99651676 0.041839477 -0.07208836 60.80371 0.07283748 -0.017268376 0.9971936 8.635254
0.027624777 -0.99943507 -0.019649986 97.48169 0.9973375 0.02888536 -0.06708989 61.744385 0.06763979 -0.017743146 0.99755293 8.714111
0.013736425 -0.9997142 -0.019140009 97.4939 0.9976668 0.01498049 -0.066495374 62.68701 0.066760354 -0.018160356 0.99760425 8.796143
0.0011629385 -0.99981576 -0.019140635 97.48926 0.99788946 0.0024022416 -0.064877205 63.621826 0.064924434 -0.019019933 0.9977096 8.8654785
-0.012786393 -0.9998035 -0.015285941 97.48413 0.9978348 -0.011771206 -0.06474981 64.568115 0.064544216 -0.016076002 0.99778503 8.948364
-0.026387932 -0.9995573 -0.014756661 97.45996 0.9972808 -0.025303125 -0.069440424 65.495605 0.06902 -0.016526157 0.99747837 9.013794
-0.03878844 -0.9991781 -0.012575688 97.4209 0.9962246 -0.037689086 -0.07832547 66.39624 0.07780437 -0.015555276 0.9968485 9.093506
-0.054031726 -0.99846655 -0.0128076635 97.37329 0.99517363 -0.052790996 -0.0828365 67.32373 0.08202938 -0.017218089 0.9964811 9.17981
-0.06560778 -0.99775094 -0.014152347 97.29761 0.99464285 -0.064254515 -0.08105704 68.25 0.07996275 -0.019372635 0.9966101 9.253418
-0.077720754 -0.99685377 -0.0135946665 97.2229 0.9940031 -0.076436386 -0.077819064 69.144775 0.076545864 -0.01959034 0.99687326 9.343262
-0.08900582 -0.9958669 -0.016799722 97.134766 0.99300957 -0.08741652 -0.07904433 70.07495 0.07722651 -0.023712294 0.9967305 9.4279785
-0.09566043 -0.99517906 -0.020840216 97.02661 0.9919383 -0.09356332 -0.08525835 70.99072 0.082908995 -0.028841957 0.9961399 9.513672
-0.10271382 -0.99443424 -0.025429953 96.92041 0.9906441 -0.099935174 -0.093456805 71.87598 0.09040805 -0.03474939 0.99530035 9.591919
-0.10658954 -0.99387 -0.0292692 96.8064 0.98988736 -0.10329949 -0.09718566 72.82129 0.09357692 -0.039353438 0.9948341 9.691284
-0.110236995 -0.9934652 -0.030030679 96.6897 0.98949134 -0.10684466 -0.09757729 73.740234 0.093696244 -0.040480897 0.99477506 9.793945
-0.1152599 -0.9928676 -0.031023867 96.57031 0.9888306 -0.111701734 -0.098867506 74.630615 0.0946661 -0.042055883 0.9946188 9.890259
-0.12186015 -0.9920256 -0.03210484 96.46069 0.9884364 -0.118354216 -0.09474718 75.55835 0.09022827 -0.04327984 0.99498266 9.986572
-0.12777185 -0.99129313 -0.029631497 96.34839 0.98803 -0.1246549 -0.09012481 76.48096 0.08564316 -0.04083518 0.9954874 10.078247
-0.13334213 -0.9904632 -0.0326777 96.21582 0.98754907 -0.1300546 -0.08772646 77.393555 0.08265279 -0.04399559 0.99560684 10.179321
-0.13864827 -0.9895993 -0.03624027 96.06958 0.98664594 -0.13492334 -0.090392314 78.30078 0.084553145 -0.048304662 0.99524623 10.265747
-0.14660871 -0.9881929 -0.045819078 95.92456 0.98544616 -0.14182879 -0.09435096 79.18091 0.0867269 -0.058939658 0.99448705 10.346313
-0.15284659 -0.98723346 -0.043025956 95.778564 0.98415166 -0.1481564 -0.09664887 80.082275 0.08902721 -0.05712939 0.994388 10.444336
-0.16198467 -0.9860515 -0.03855237 95.63623 0.9825537 -0.1575414 -0.09895673 80.981445 0.09149922 -0.05390082 0.9943453 10.539551
-0.16989754 -0.98459214 -0.041956253 95.47339 0.9814314 -0.16518772 -0.09776845 81.875244 0.08930034 -0.057742666 0.99432796 10.635864
-0.17526852 -0.9836414 -0.04322784 95.3064 0.98097366 -0.17069791 -0.093226716 82.74878 0.08432579 -0.05871238 0.9947078 10.727661
-0.18127 -0.98240787 -0.04289218 95.14331 0.98006535 -0.17693174 -0.08938609 83.6521 0.08021943 -0.05830108 0.9950697 10.825195
-0.18956445 -0.9809216 -0.044900186 94.95825 0.9783741 -0.18478143 -0.09378537 84.539795 0.08371801 -0.061675463 0.9945809 10.904541
-0.1960312 -0.979655 -0.04357355 94.772705 0.9768271 -0.19117475 -0.09647306 85.41699 0.086213425 -0.061484106 0.9943801 10.991455
-0.20334612 -0.9781591 -0.043455765 94.59033 0.97524816 -0.19839716 -0.097800724 86.29053 0.08703636 -0.062244754 0.99425846 11.069458
-0.21034348 -0.97660345 -0.043833453 94.38501 0.9738164 -0.20538677 -0.097034045 87.17456 0.08577437 -0.0631257 0.9943134 11.1623535
-0.21863018 -0.97489816 -0.04020215 94.19263 0.9719958 -0.21401155 -0.09623612 88.05591 0.085253365 -0.060129326 0.9945452 11.2404785
-0.22621585 -0.97342473 -0.035315342 93.98999 0.9703403 -0.22203387 -0.095482565 88.93677 0.0850992 -0.055886358 0.9948034 11.32959
-0.234115 -0.9716268 -0.034463402 93.77368 0.968548 -0.22999421 -0.095256254 89.826904 0.084623575 -0.055680033 0.994856 11.424194
-0.2403152 -0.9699057 -0.03994881 93.545166 0.96707183 -0.23563959 -0.09649714 90.71338 0.08417549 -0.061799355 0.99453276 11.5078125
-0.24705967 -0.9680563 -0.044804357 93.31885 0.9655801 -0.24196911 -0.09634632 91.58765 0.08244081 -0.06705503 0.99433905 11.592407
-0.25083807 -0.9670158 -0.042337444 93.0813 0.96470076 -0.24618305 -0.09259388 92.49487 0.07915142 -0.06410452 0.99480104 11.696045
-0.25528574 -0.96599716 -0.040483527 92.84497 0.9634848 -0.25068644 -0.09389327 93.37109 0.08053614 -0.062973656 0.99475926 11.775879
-0.2610686 -0.96460223 -0.039296407 92.61963 0.961995 -0.25651464 -0.09447694 94.2395 0.081040666 -0.062446292 0.9947524 11.8573
-0.2669493 -0.9630864 -0.03459426 92.38867 0.96057683 -0.26301876 -0.09005922 95.11377 0.077615045 -0.057258576 0.99533653 11.935547
-0.2713574 -0.9621799 -0.026529474 92.140625 0.9596067 -0.2682726 -0.08553295 95.98584 0.075150974 -0.048660144 0.9959828 12.015015
-0.27684796 -0.9607067 -0.023217699 91.906494 0.9582075 -0.27413023 -0.08268521 96.855225 0.073040545 -0.045095116 0.99630773 12.093994
-0.2807475 -0.9595163 -0.024396664 91.64844 0.9568104 -0.2777604 -0.0863201 97.72119 0.07602152 -0.047568038 0.99596953 12.165405
-0.2837683 -0.95844525 -0.026532713 91.37964 0.95561373 -0.2804545 -0.089399934 98.58569 0.07825406 -0.050745994 0.9956412 12.242065
-0.28534853 -0.95800215 -0.028033236 91.12378 0.9553411 -0.28197372 -0.08826666 99.42456 0.0766696 -0.051965766 0.99570215 12.3220215
-0.28677514 -0.9573901 -0.029006448 90.86377 0.95475876 -0.2833018 -0.08861446 100.28735 0.07663818 -0.053130608 0.9956424 12.39917
-0.28732076 -0.9574641 -0.029375501 90.590576 0.9552621 -0.28410885 -0.08314309 101.148926 0.071233004 -0.051933017 0.99610555 12.4782715
-0.2883266 -0.9570083 -0.030262291 90.33472 0.9552568 -0.28535503 -0.07725622 101.99072 0.06530599 -0.05121033 0.9965505 12.55542
-0.2882691 -0.95683163 -0.031369485 90.07178 0.9552493 -0.28531465 -0.075515136 102.84473 0.063316636 -0.051793408 0.9966485 12.624878
-0.29005662 -0.95664525 -0.029582601 89.80835 0.95468 -0.28698742 -0.08003139 103.6853 0.06806077 -0.051411074 0.9963554 12.691162
-0.2915912 -0.9559706 -0.029283099 89.555664 0.95379126 -0.2883844 -0.08295972 104.51709 0.07084255 -0.05212864 0.99612284 12.768188
-0.29107088 -0.95625937 -0.03243977 89.29199 0.95425105 -0.28764725 -0.082901284 105.3479 0.06992076 -0.055063903 0.9960307 12.838013
-0.29172963 -0.9558663 -0.03227349 89.02637 0.9538617 -0.2883221 -0.08276342 106.18091 0.069774844 -0.054940753 0.99604654 12.908447
-0.2936661 -0.9556413 -0.027583553 88.778564 0.95348877 -0.29065502 -0.08145122 107.017334 0.06979495 -0.050160762 0.9962987 12.985107
-0.2922355 -0.95571643 -0.027915485 88.51514 0.9534314 -0.28909564 -0.083465666 107.85034 0.07168854 -0.05107827 0.99611664 13.0616455
-0.29315904 -0.95528454 -0.036238614 88.24658 0.95297027 -0.28902578 -0.090210095 108.66992 0.07568739 -0.060994223 0.9952629 13.12854
-0.29434207 -0.95485985 -0.04060392 87.97632 0.95257646 -0.28966224 -0.09346773 109.48706 0.07748115 -0.066207655 0.9947928 13.198242
-0.2936524 -0.95521003 -0.03767678 87.72046 0.9525734 -0.28907648 -0.09547766 110.295166 0.080311306 -0.06391559 0.99471885 13.277466
-0.2947209 -0.9549246 -0.034994487 87.45459 0.95225394 -0.29045707 -0.09386938 111.127686 0.0794908 -0.060993865 0.99496883 13.371216
-0.29671463 -0.954421 -0.037181165 87.200195 0.95161235 -0.2920505 -0.097382136 111.913086 0.082080014 -0.06421682 0.9945554 13.433594
-0.29754508 -0.9541787 -0.032405704 86.94653 0.95133406 -0.29345682 -0.09425475 112.72754 0.08044464 -0.0588861 0.9950194 13.503418
-0.29969504 -0.9536316 -0.026598435 86.68628 0.9509886 -0.29641727 -0.08770595 113.55737 0.07576969 -0.051610216 0.9957894 13.586548
-0.30203485 -0.9529022 -0.024730084 86.433105 0.95072985 -0.2992696 -0.080038086 114.36792 0.06890938 -0.047707595 0.99648345 13.666016
-0.30623057 -0.95183945 -0.018880615 86.194336 0.94950914 -0.3039199 -0.07874139 115.123535 0.069195956 -0.042000927 0.9967182 13.726929
-0.31080127 -0.9503761 -0.019279253 85.92212 0.94779724 -0.30828336 -0.0826136 115.93994 0.07258346 -0.043926284 0.99639577 13.805664
-0.31745458 -0.94827044 -0.016725203 85.64136 0.94539934 -0.3149903 -0.0852924 116.738525 0.07561888 -0.04286424 0.99621624 13.872681
-0.325249 -0.94536155 -0.0135429315 85.38843 0.94242203 -0.32302403 -0.08470376 117.498535 0.07571522 -0.040328547 0.9963135 13.933472
-0.33402434 -0.9424151 -0.015740458 85.09302 0.93987703 -0.33177644 -0.080778874 118.31885 0.070891075 -0.041739218 0.9966098 14.012573
-0.34521413 -0.9383904 -0.01130415 84.80249 0.9360661 -0.34344923 -0.075507335 119.081055 0.06696129 -0.036643967 0.99708176 14.091797
-0.35827887 -0.9336869 -0.004166412 84.51904 0.9311625 -0.35697436 -0.07522039 119.845215 0.06873576 -0.030823562 0.9971585 14.166504
-0.37227574 -0.92811346 -0.006112542 84.194824 0.92554647 -0.37073997 -0.07703022 120.641846 0.069264434 -0.034343775 0.99700874 14.237305
-0.38638854 -0.9224403 -0.0033127256 83.88623 0.9197107 -0.38496432 -0.07834009 121.36255 0.070991024 -0.033306986 0.99692124 14.295776
-0.3979901 -0.91756725 0.0012257239 83.593506 0.9148287 -0.39690414 -0.07670845 122.05591 0.070835516 -0.029390225 0.9970541 14.357544
-0.41072452 -0.9116071 0.0002293 83.24341 0.90839833 -0.40929863 -0.08371269 122.80884 0.07640706 -0.034209084 0.99648875 14.436279
-0.4213276 -0.90649956 -0.0053846175 82.89795 0.90254056 -0.41891432 -0.09600981 123.498535 0.08478108 -0.045376122 0.99536365 14.495605
-0.43463933 -0.9007097 -0.0053718686 82.555176 0.89600694 -0.4317453 -0.10481407 124.17651 0.0920778 -0.050354585 0.994478 14.57019
