1 0 0 0 0 1 0 0 0 0 1 0
0.99993082 -0.0022204045 0.011551077 -0.001894636 0.0022088328 0.99999705 0.0010144539 -0.0091453995 -0.011553296 -0.00098886932 0.99993277 0.31183736
0.99984426 -0.0036310318 0.017270649 0.013772592 0.0036058056 0.99999239 0.0014915707 -0.014397559 -0.017275935 -0.0014290638 0.99984974 0.59122063
0.99978026 -0.0072511344 0.019668466 0.020093338 0.007256187 0.99997366 -0.00018550925 -0.017815342 -0.019666604 0.00032818658 0.99980654 0.89577726
0.99980496 -0.0082233446 0.017956179 0.022333388 0.0082507559 0.99996491 -0.0014529905 -0.022104269 -0.017943602 0.0016008592 0.99983772 1.2087993
0.99987676 -0.011366104 0.010829378 0.023120272 0.011401688 0.99992978 -0.0032297963 -0.02281635 -0.010791908 0.0033528715 0.99993614 1.5176514
0.99992736 -0.012048123 -0.00033572925 0.0065189758 0.012046541 0.99991788 -0.004373004 -0.035860465 0.00038838819 0.0043686421 0.99999038 1.8507393
0.99980963 -0.011169075 -0.015998413 -0.0078995397 0.011091745 0.99992641 -0.0049142748 -0.040299408 0.016052125 0.0047358891 0.99985994 2.1791434
0.99934871 -0.0076555216 -0.035264051 -0.050761154 0.0074694459 0.99995749 -0.0054053781 -0.045439768 0.035303936 0.0051384547 0.99936341 2.525246
0.99845493 -0.003687137 -0.055445046 -0.092074107 0.0033454078 0.99997484 -0.0062549408 -0.050881016 0.055466719 0.0060597903 0.99844215 2.8631781
0.99722618 -0.00319642 -0.074362078 -0.13928999 0.002717621 0.99997493 -0.0065390486 -0.055676138 0.074381121 0.0063188226 0.99720987 3.238153
0.99533636 -0.0042851745 -0.09636999 -0.18063405 0.003730128 0.99997541 -0.0059389579 -0.062532108 0.096393078 0.0055517883 0.99532786 3.597049
0.99333703 -0.0055573751 -0.1151115 -0.24822404 0.0049930375 0.99997406 -0.0051902918 -0.071262508 0.11513737 0.004580953 0.99333902 4.002647
0.99116914 -0.0046000461 -0.13252383 -0.31698501 0.0040397151 0.99998173 -0.004496711 -0.077807591 0.1325421 0.0039216427 0.99116962 4.3960952
0.98891907 -0.0037213289 -0.14840898 -0.39728273 0.003133446 0.99998629 -0.0041948512 -0.086331583 0.14842257 0.0036833367 0.98891717 4.8088211
0.98689106 -0.002965522 -0.16136058 -0.48082846 0.0023193128 0.99998852 -0.0041929638 -0.093803749 0.16137118 0.0037637527 0.98688661 5.2260983
0.98464593 -0.0044485519 -0.17450675 -0.56880859 0.0036323535 0.99998092 -0.0049962838 -0.10179984 0.17452566 0.0042857002 0.9846433 5.6543792
0.98291659 -0.0071241422 -0.18391364 -0.65423888 0.0059606256 0.99995858 -0.0068784985 -0.11350249 0.18395504 0.0056647499 0.98291834 6.1001233
0.98143422 -0.0065673746 -0.19168655 -0.75755308 0.0049953505 0.99994982 -0.0086831204 -0.12148404 0.19173397 0.0075643701 0.98141778 6.5567241
0.97984425 -0.0062491563 -0.1996652 -0.86771119 0.0042244907 0.99993527 -0.010564731 -0.12469865 0.19971832 0.0095083067 0.97980722 7.0309783
0.97821328 -0.0068424532 -0.20748965 -0.96702679 0.0042369675 0.99990653 -0.012998991 -0.13523209 0.20755922 0.011836658 0.97815084 7.4943254
0.97645263 -0.010795469 -0.21546164 -1.0919365 0.0077518947 0.99985795 -0.014965903 -0.14722717 0.21559262 0.01294326 0.97639761 8.0028081
0.97460523 -0.016211499 -0.2233424 -1.2055869 0.012956384 0.99978753 -0.016032316 -0.16316979 0.22355487 0.012731469 0.97460819 8.5142306
0.97274229 -0.01714178 -0.23125438 -1.3288047 0.013196303 0.99973996 -0.018597361 -0.189424 0.23151306 0.015038737 0.97271555 9.0346043
0.97067538 -0.013787607 -0.23999833 -1.4910132 0.0085612323 0.99970326 -0.022805738 -0.19223119 0.24024157 0.020082287 0.97050538 9.5775572
0.96854365 -0.010844911 -0.24860728 -1.6457551 0.0045995392 0.99965941 -0.025688559 -0.21026645 0.24880121 0.023737012 0.96826366 10.107721
0.96620326 -0.01354001 -0.25742557 -1.8068091 0.0065951306 0.99959112 -0.027822556 -0.23168186 0.25769705 0.025184489 0.9658975 10.666204
0.96382944 -0.015305801 -0.26607996 -1.9669856 0.0076986856 0.9995319 -0.029609207 -0.26057049 0.26640862 0.02648976 0.96349611 11.231613
0.96172505 -0.015202695 -0.27359423 -2.1371311 0.006586755 0.99945384 -0.03238279 -0.2866074 0.27393713 0.029341243 0.96129993 11.796737
0.95933107 -0.014756354 -0.28189739 -2.3281869 0.0048374909 0.99934548 -0.035849713 -0.30877904 0.28224191 0.033028068 0.95877456 12.400848
0.95735289 -0.015544482 -0.28850271 -2.5135077 0.0038545928 0.99914994 -0.04104316 -0.33816448 0.28889548 0.038180727 0.956599 12.988884
0.95542717 -0.016680105 -0.29475529 -2.7143915 0.002601752 0.99883959 -0.048090621 -0.38013438 0.29521543 0.045180207 0.95436188 13.605296
0.9540705 -0.016600087 -0.29912189 -2.9154074 -0.00026691954 0.99841614 -0.056259521 -0.41601272 0.29958206 0.053755392 0.95255496 14.221102
0.95284037 -0.016979024 -0.30299659 -3.1216664 -0.0028576901 0.99788734 -0.064905268 -0.46162901 0.30345851 0.062710231 0.95077882 14.837236
0.95138683 -0.016316455 -0.30756603 -3.3490337 -0.0068152888 0.99723605 -0.073985195 -0.51028571 0.30792313 0.072484693 0.94864605 15.487381
0.95013625 -0.014916461 -0.31147808 -3.5753801 -0.010865481 0.99666513 -0.080873759 -0.56755997 0.31164572 0.08022545 0.94680559 16.130848
0.94855203 -0.014060873 -0.31630891 -3.8189058 -0.014406019 0.9960622 -0.087478919 -0.6308537 0.3162934 0.08753506 0.94461426 16.797674
0.94689492 -0.012719152 -0.32129148 -4.0587301 -0.018242129 0.99548299 -0.093171085 -0.69924111 0.32102529 0.094084269 0.94238576 17.454991
0.94538124 -0.010767613 -0.32578882 -4.3100834 -0.022589155 0.9948874 -0.098431624 -0.77417049 0.3251831 0.10041471 0.94030466 18.123007
0.94340569 -0.0081572708 -0.33154059 -4.5767965 -0.027262642 0.99440635 -0.10204292 -0.85130147 0.33051849 0.10530655 0.93790622 18.827254
0.94168817 -0.0074407297 -0.33640453 -4.8287263 -0.02899713 0.99424181 -0.10316192 -0.92846783 0.33523508 0.10690113 0.93605 19.49992
0.93959747 -0.00690349 -0.34221181 -5.1158178 -0.029930961 0.99430951 -0.10223861 -1.0156275 0.34097029 0.10630587 0.93404408 20.22356
0.93730847 -0.0069666778 -0.34843117 -5.3962702 -0.030075229 0.99445321 -0.10078834 -1.1011371 0.34720068 0.10494892 0.9318999 20.951274
0.93504736 -0.0062279025 -0.35446811 -5.6641966 -0.030935664 0.99459852 -0.099079635 -1.1874186 0.35317055 0.10360986 0.92980405 21.688853
0.9320268 -0.0062847293 -0.36233484 -5.9592546 -0.03056798 0.99492281 -0.09588643 -1.2706694 0.36109785 0.10044457 0.92710261 22.382111
0.92812819 -0.003240621 -0.37224663 -6.2959711 -0.032859055 0.99534576 -0.090593032 -1.3554628 0.37080772 0.096313621 0.92370197 23.185771
0.92485165 -0.0020837319 -0.38032233 -6.6062718 -0.032747992 0.99583485 -0.085091203 -1.4328085 0.37891557 0.091151534 0.92093127 23.906447
0.92095961 0.0013668826 -0.38965564 -6.94283 -0.035701855 0.99608359 -0.08088792 -1.506912 0.38801906 0.088405938 0.91740156 24.64476
0.9179094 0.0018700066 -0.39678562 -7.2952485 -0.036230526 0.99620654 -0.079119361 -1.5851766 0.39513251 0.087000158 0.9144951 25.400391
0.9139217 0.0038934372 -0.40587184 -7.6406159 -0.038997172 0.99617029 -0.078255817 -1.6622434 0.40401282 0.087347545 0.91057348 26.176345
0.909845 0.0036888798 -0.41493187 -7.9963494 -0.039312632 0.99622893 -0.077346264 -1.7323354 0.41308185 0.086685177 0.90655892 26.918938
0.90636484 0.0041653881 -0.42247533 -8.3757973 -0.039803229 0.99634583 -0.075569093 -1.8079769 0.42061679 0.085309053 0.90321863 27.725359
0.90285617 0.0043585173 -0.42992059 -8.7789025 -0.039630284 0.99653524 -0.073122871 -1.8815251 0.42811235 0.083057312 0.89990072 28.494459
0.89884324 0.0047070449 -0.43824498 -9.1659014 -0.038852923 0.99686114 -0.068980629 -1.9543175 0.43654473 0.079029872 0.89620477 29.25673
0.89515711 0.0047293365 -0.44572567 -9.5867925 -0.036932679 0.99729243 -0.063590719 -2.0142121 0.44421813 0.073385528 0.89290808 30.083804
0.89210643 0.0050382034 -0.4517972 -10.000842 -0.035702969 0.99759716 -0.059373427 -2.0841951 0.45041251 0.069097918 0.89014272 30.863002
0.88752408 0.0045802506 -0.46073856 -10.411608 -0.034940805 0.99774032 -0.057388083 -2.151882 0.45943462 0.067031883 0.8856786 31.704002
0.88413443 0.0049684884 -0.46720618 -10.877627 -0.035256155 0.99780208 -0.056107156 -2.2132224 0.46590057 0.066078162 0.88236634 32.511733
0.88177574 0.0042024527 -0.47165015 -11.321668 -0.033832558 0.99794807 -0.054359989 -2.2655349 0.47045395 0.063890451 0.88010858 33.32466
0.87883843 0.0031355619 -0.47710917 -11.789596 -0.032372198 0.99806591 -0.053070522 -2.331934 0.47602003 0.062085488 0.87724019 34.17795
0.87607735 0.0019826656 -0.48216649 -12.267691 -0.031271213 0.99811989 -0.052714283 -2.3914715 0.48115549 0.061259721 0.87449223 35.0025
0.87406918 0.0013802859 -0.48579948 -12.732571 -0.031188964 0.9980924 -0.053280537 -2.453343 0.48479927 0.061722459 0.87244486 35.828111
0.87207892 0.0011018528 -0.489364 -13.230671 -0.03129062 0.99807669 -0.053514673 -2.5082937 0.48836388 0.061981522 0.87043612 36.692272
0.87243901 0.0017122281 -0.48871998 -13.74022 -0.031561796 0.99810379 -0.052845718 -2.5714634 0.48770282 0.061529547 0.87083873 37.564491
0.87238976 0.00085806432 -0.48881014 -14.24556 -0.029768602 0.99823559 -0.05137633 -2.6345991 0.48790364 0.05937138 0.87087605 38.482956
0.87178736 0.00022342404 -0.4898844 -14.774105 -0.028729724 0.99830206 -0.050671471 -2.6974563 0.48904133 0.058248992 0.87031354 39.372234
0.87140651 -0.001577635 -0.49055905 -15.292902 -0.027051283 0.99831874 -0.051263237 -2.7594172 0.4898152 0.057941371 0.86989878 40.262362
0.86998962 -0.002294932 -0.49306468 -15.828905 -0.026895463 0.99827952 -0.052102201 -2.8316026 0.49233598 0.058589577 0.86843109 41.206545
0.86828139 -0.0033091186 -0.49606093 -16.324241 -0.024848131 0.99843238 -0.050153313 -2.8904103 0.4954493 0.055873376 0.86683803 42.085485
0.8664183 -0.0030034541 -0.4993098 -16.875381 -0.023268177 0.99865271 -0.046382787 -2.9526779 0.49877644 0.051804926 0.8651811 43.008008
0.86381725 -0.0016313987 -0.50380262 -17.422778 -0.022644908 0.99885838 -0.042061307 -3.0253093 0.50329612 0.047741847 0.86279415 43.950703
0.86026166 -0.0050660215 -0.5098276 -17.976219 -0.017814321 0.99904141 -0.039986343 -3.0798789 0.5095415 0.043480951 0.85934678 44.857829
0.8554943 -0.0075727433 -0.51775683 -18.533605 -0.016672411 0.9989718 -0.042158996 -3.1438783 0.51754378 0.044699036 0.85448842 45.753091
0.84926412 -0.0097888419 -0.52787746 -19.098841 -0.01676205 0.99882419 -0.045489229 -3.2046844 0.5277021 0.047480679 0.84810147 46.615971
0.84356269 -0.010707817 -0.53692393 -19.656841 -0.016252712 0.9988342 -0.045454324 -3.2660973 0.53678474 0.047070043 0.84240523 47.54539
0.83870808 -0.0066770894 -0.54454031 -20.276417 -0.018154582 0.99902623 -0.040211863 -3.3296297 0.5442786 0.043611917 0.83777015 48.454773
0.83377983 -0.0039821709 -0.55208271 -20.877111 -0.018331327 0.99922295 -0.034892174 -3.3870383 0.5517927 0.0392128 0.83305894 49.298172
0.82901701 -0.0036631129 -0.55921136 -21.498173 -0.020121417 0.99913564 -0.036374337 -3.4405208 0.5588613 0.04140707 0.82822674 50.190536
0.82540496 -0.0042915123 -0.56452476 -22.105783 -0.022805006 0.99890143 -0.040937374 -3.4976125 0.56408032 0.046663902 0.82440033 51.081389
0.82265634 -0.007289621 -0.5684922 -22.704356 -0.024219295 0.99856079 -0.04785164 -3.5629991 0.56802289 0.053133936 0.82129581 51.914132
0.81837646 -0.0065895782 -0.5746447 -23.328223 -0.026773209 0.99841135 -0.049577891 -3.6272594 0.57405853 0.055958462 0.81689992 52.799055
0.81637182 -0.0063597917 -0.57749163 -23.939191 -0.024645517 0.99864482 -0.045838027 -3.6916206 0.57700059 0.051653454 0.81510874 53.641114
0.8128827 -0.0043101607 -0.58241147 -24.579407 -0.023367345 0.99892613 -0.040006838 -3.7527382 0.58195852 0.046130277 0.81190905 54.52315
0.81042152 -0.002419654 -0.58584219 -25.250137 -0.023746425 0.99903399 -0.036975707 -3.8183393 0.58536578 0.043877567 0.80958119 55.411658
0.80789963 -0.0011999263 -0.58931887 -25.860126 -0.025858666 0.99896261 -0.037483759 -3.8677886 0.58875254 0.045522115 0.80703049 56.236495
0.80409178 -0.0034073 -0.59449539 -26.529541 -0.024663381 0.99893151 -0.039084037 -3.9252004 0.5939934 0.04608942 0.80314858 57.135555
0.79981129 -0.0046750407 -0.6002333 -27.181281 -0.025522813 0.99880043 -0.041788527 -3.9903655 0.59970869 0.048742579 0.79873255 58.002445
0.79707955 -0.0058079499 -0.60384636 -27.823928 -0.024983326 0.99878045 -0.042584614 -4.0431551 0.60335731 0.049029416 0.79596237 58.814963
0.79135924 -0.0066652103 -0.61131506 -28.505654 -0.023359666 0.99888068 -0.041130405 -4.1036102 0.610905 0.046829042 0.79031776 59.682262
0.78718896 -0.0070799136 -0.61667121 -29.171258 -0.022731276 0.99892154 -0.040485247 -4.158757 0.61629284 0.045887264 0.78617907 60.500027
0.78338727 -0.0052643735 -0.62151157 -29.856457 -0.02609158 0.9988041 -0.0413474 -4.2354137 0.62098602 0.048607247 0.78231306 61.340577
0.77733306 -0.0077492728 -0.62904151 -30.547399 -0.024279069 0.99880961 -0.042307176 -4.2902698 0.62862061 0.048159309 0.77621959 62.182502
0.77276378 -0.010435624 -0.63460792 -31.214071 -0.021906832 0.99883051 -0.043100982 -4.3463025 0.63431559 0.047209127 0.77163143 63.003297
0.76600127 -0.010418708 -0.6427546 -31.962546 -0.023284061 0.99876288 -0.043938133 -4.41206 0.64241727 0.048622604 0.76481104 63.847633
0.76012275 -0.014340516 -0.64962121 -32.668949 -0.019868448 0.998776 -0.045296275 -4.4693181 0.6494757 0.047337695 0.75890743 64.649379
0.75367168 -0.013887255 -0.65710433 -33.399044 -0.02074983 0.99877564 -0.044907344 -4.5378711 0.65692349 0.047480197 0.75246076 65.480149
0.74771331 -0.01292488 -0.66389586 -34.142497 -0.021466468 0.99881746 -0.043621839 -4.6022326 0.66367465 0.046868129 0.74655166 66.323438
0.74268694 -0.015054668 -0.66946951 -34.873461 -0.018221992 0.99892269 -0.042678094 -4.6633412 0.66939085 0.043895531 0.74161251 67.137786
0.73533321 -0.017304383 -0.67748476 -35.641742 -0.016256374 0.99893593 -0.043159377 -4.7279099 0.67751077 0.042749969 0.73426946 67.945862
0.73038389 -0.018369695 -0.68278978 -36.396483 -0.01691933 0.99884498 -0.044971502 -4.7955122 0.68282732 0.044398806 0.72922948 68.750309
0.72396246 -0.017560952 -0.68961579 -37.16786 -0.018818602 0.99880114 -0.045190176 -4.858 0.68958267 0.045693596 0.72276405 69.539796
0.71873894 -0.015746395 -0.69510168 -37.979083 -0.020835077 0.99880675 -0.044169919 -4.9280535 0.69496782 0.046229138 0.71755323 70.373088
0.71553368 -0.017472604 -0.69835967 -38.776733 -0.018572282 0.99885801 -0.044019928 -4.98803 0.69833135 0.044467873 0.71439204 71.190907
0.70994621 -0.016836043 -0.7040546 -39.608696 -0.020531887 0.99879446 -0.044587849 -5.060258 0.70395657 0.046110544 0.70874467 71.966213
0.70496474 -0.01852013 -0.70900048 -40.420379 -0.021432733 0.99864617 -0.047396831 -5.1269713 0.70891847 0.048608913 0.7036134 72.763964
0.70064803 -0.02035299 -0.71321669 -41.248082 -0.022027432 0.9984996 -0.050133331 -5.1968432 0.713167 0.050836153 0.69914845 73.556591
0.6948693 -0.022305589 -0.71879 -42.101559 -0.020810407 0.99847656 -0.051102713 -5.2687653 0.71883491 0.05046802 0.69334652 74.368547
0.68980102 -0.02061533 -0.72370541 -42.919857 -0.022013685 0.99853514 -0.049426454 -5.3454691 0.72366428 0.050025841 0.68833674 75.176832
0.6861405 -0.021264779 -0.72715815 -43.785774 -0.020388697 0.99861789 -0.048441866 -5.4162539 0.72718331 0.048063734 0.68475861 75.933047
0.68024762 -0.02314738 -0.73261677 -44.641749 -0.018322581 0.99865192 -0.048565727 -5.4877508 0.73275337 0.04646015 0.67890647 76.716833
0.67653853 -0.024376462 -0.73600364 -45.5197 -0.017347816 0.99864706 -0.049021425 -5.5551125 0.7362029 0.045932939 0.67520034 77.501142
0.67139186 -0.022817812 -0.74075115 -46.378283 -0.019754616 0.99861973 -0.048666012 -5.6394944 0.74083923 0.047307219 0.6700144 78.307981
0.66727117 -0.025215429 -0.74438788 -47.267214 -0.016383416 0.99868804 -0.048515738 -5.7052895 0.74463469 0.04456877 0.66598262 79.077711
0.66406135 -0.027054314 -0.74718842 -48.14654 -0.014803111 0.9986735 -0.04931634 -5.7796697 0.74753156 0.043809789 0.66277999 79.837175
0.65875197 -0.032115811 -0.75167437 -49.054634 -0.010944622 0.99857372 -0.052256398 -5.8606538 0.7522806 0.042650798 0.65746092 80.633298
0.65457924 -0.036944767 -0.7550901 -49.969934 -0.006253193 0.99850643 -0.054275373 -5.9311721 0.75596757 0.040249256 0.65337055 81.420941
0.64759432 -0.040824292 -0.76089087 -50.868883 -0.00086236724 0.99852386 -0.054308042 -6.012813 0.76198484 0.035825747 0.64660318 82.183803
0.64058549 -0.04324415 -0.76666819 -51.802386 0.0023313514 0.99851793 -0.054373755 -6.0978682 0.76788335 0.033043666 0.63973692 82.956931
0.63132325 -0.044657457 -0.77423292 -52.717107 0.0053840589 0.998569 -0.053206819 -6.1806551 0.77550114 0.029422186 0.63066027 83.712401
0.62203638 -0.043702427 -0.78176774 -53.687136 0.0067959295 0.99870487 -0.05042228 -6.2537018 0.78295888 0.026051654 0.62152776 84.473337
0.6136316 -0.04272381 -0.78843572 -54.635834 0.0052643346 0.99873423 -0.050022302 -6.3393378 0.78957495 0.026544675 0.61307979 85.208101
0.60624141 -0.044540885 -0.79403238 -55.605346 0.0046932864 0.99861339 -0.052433453 -6.409786 0.79526686 0.028060709 0.60560983 85.925975
0.5965551 -0.045698303 -0.80127001 -56.59703 0.0041198488 0.99853883 -0.053881728 -6.4988951 0.80256158 0.028842308 0.5958717 86.650083
0.58535071 -0.047022235 -0.80941547 -57.608118 0.0033265883 0.99844768 -0.055598172 -6.5749391 0.81077342 0.029851837 0.58459848 87.369624
0.57625544 -0.049191045 -0.81578787 -58.612463 0.0083710684 0.99848987 -0.054294612 -6.6563939 0.81722681 0.024458549 0.575797 88.084185
0.56593895 -0.049791203 -0.82294221 -59.654093 0.011126982 0.99854503 -0.05276381 -6.7407425 0.8243721 0.020704232 0.56566955 88.785741
0.55456633 -0.050292492 -0.83061832 -60.666344 0.011120747 0.99853076 -0.053034477 -6.827274 0.83206524 0.020174039 0.55431083 89.449907
0.54529396 -0.050175378 -0.83674182 -61.717043 0.0084342683 0.99848481 -0.054377821 -6.91001 0.83820249 0.022594592 0.54489093 90.118851
0.5362353 -0.052238702 -0.84245045 -62.789737 0.0098964065 0.99840353 -0.055609801 -6.9867854 0.84401056 0.021482705 0.53589619 90.774589
0.52622914 -0.051858634 -0.84875998 -63.850374 0.0063478657 0.99835041 -0.057062841 -7.0798297 0.85031915 0.024640316 0.52569027 91.453074
0.51651647 -0.052881 -0.85464278 -64.912327 0.0073293283 0.99832769 -0.057341908 -7.1578364 0.85624592 0.023354082 0.51604028 92.054471
0.50836968 -0.050261286 -0.85967087 -66.04473 0.0055277507 0.99846515 -0.055107138 -7.2528921 0.86112123 0.023262752 0.50786724 92.70797
0.50136223 -0.048793467 -0.86386055 -67.122837 0.0065442732 0.99859393 -0.05260549 -7.3375022 0.86521278 0.020721066 0.50097659 93.316789
0.49229738 -0.049528928 -0.86901675 -68.212752 0.0072226459 0.99857785 -0.052821538 -7.4219549 0.87039715 0.019727304 0.49195499 93.93336
0.48535045 -0.051537717 -0.87279937 -69.342976 0.0073543123 0.9984665 -0.054868584 -7.5135441 0.87428881 0.020211652 0.48498519 94.565275
0.47980602 -0.055772093 -0.87560013 -70.426998 0.011173028 0.99828505 -0.057464085 -7.5945804 0.87730349 0.017788509 0.47960632 95.128423
0.47304653 -0.05844105 -0.87909701 -71.576052 0.011972246 0.99813186 -0.059911982 -7.6924309 0.88095613 0.017816389 0.47286249 95.747726
0.46801459 -0.062132161 -0.88153382 -72.689382 0.014001094 0.99792149 -0.06290207 -7.7860463 0.88360986 0.017096648 0.46791174 96.32029
0.46272839 -0.063314845 -0.88423617 -73.812401 0.016219714 0.99788395 -0.062964565 -7.8855983 0.88635175 0.014793434 0.46277619 96.924164
0.45840366 -0.060257575 -0.88669896 -74.949 0.017051638 0.99811154 -0.059013544 -7.9869081 0.88858055 0.011932354 0.45856548 97.506694
0.4553859 -0.059378217 -0.88831179 -76.059496 0.022231094 0.99822069 -0.055328364 -8.0807507 0.89001659 0.0054476132 0.45589567 98.106679
0.45245123 -0.057467174 -0.88993558 -77.14529 0.021534838 0.99833462 -0.053518486 -8.1740515 0.89152914 0.0050498858 0.45293528 98.641245
0.44922633 -0.058051462 -0.89152996 -78.253047 0.02385665 0.99831038 -0.05298346 -8.2615307 0.89309945 0.0025326463 0.44985222 99.176565
0.44819974 -0.056904912 -0.89212037 -79.373217 0.02512528 0.99837949 -0.051059874 -8.3499562 0.89358032 0.00047024717 0.44890318 99.786115
0.44476402 -0.057426985 -0.89380481 -80.461615 0.029457145 0.99834036 -0.049485301 -8.4282106 0.89516329 -0.0043196579 0.44571751 100.28776
0.4419091 -0.0576212 -0.89520728 -81.569087 0.030234685 0.99832463 -0.04933347 -8.5170975 0.89655021 -0.0052654013 0.4429109 100.84024
0.43899531 -0.058211298 -0.89660164 -82.685813 0.032826093 0.99827195 -0.048739824 -8.6046816 0.89788955 -0.0080353755 0.44014755 101.40837
0.43763668 -0.057289569 -0.8973249 -83.753675 0.035684858 0.99828852 -0.046331621 -8.6809146 0.89844354 -0.011744496 0.43893205 101.90453
0.43430234 -0.056586601 -0.89898797 -84.860827 0.038205623 0.99828392 -0.044379574 -8.7667641 0.8999566 -0.015072244 0.43571897 102.45757
0.43342454 -0.058518562 -0.89928787 -85.944463 0.041325367 0.99813037 -0.045033107 -8.8498405 0.90024189 -0.017644949 0.43503249 102.98125
0.43272036 -0.058327211 -0.89963935 -87.005837 0.040198151 0.9981607 -0.04537971 -8.919477 0.9006316 -0.016527115 0.4342691 103.45471
0.43167074 -0.060541975 -0.89999721 -88.058752 0.043086317 0.99799012 -0.046468135 -9.0013761 0.90100167 -0.018718632 0.43341167 103.92641
0.43278132 -0.0606676 -0.89945522 -89.108521 0.040417931 0.99803553 -0.047869305 -9.0860481 0.90059246 -0.015637179 0.4343832 104.44368
0.43521373 -0.059639885 -0.89834961 -90.114036 0.036887685 0.99814691 -0.048394679 -9.1591963 0.89957122 -0.012076009 0.43660722 104.94457
0.43899311 -0.059503038 -0.89651791 -91.099643 0.03482794 0.9981817 -0.049196583 -9.2411457 0.8978152 -0.0096269121 0.44026726 105.44572
0.44391147 -0.059710991 -0.89407893 -92.141406 0.033020277 0.99818969 -0.050269405 -9.3173766 0.89546208 -0.007207569 0.44507952 105.92879
0.45058384 -0.059534837 -0.89074673 -93.16028 0.031893972 0.99821042 -0.050583837 -9.4005626 0.89216424 -0.0056171928 0.45167629 106.4272
0.45703708 -0.058892265 -0.88749577 -94.142538 0.031769664 0.99824975 -0.049881111 -9.4768543 0.88888011 -0.0053979261 0.45810814 106.92439
0.46532787 -0.058262216 -0.88321879 -95.119614 0.031657158 0.9982884 -0.049174155 -9.5509687 0.88457214 -0.0050780925 0.46637583 107.44982
0.47394106 -0.056937368 -0.8787138 -96.101074 0.029474845 0.9983739 -0.04879341 -9.6266312 0.88006316 -0.0027747534 0.4748486 107.97081
0.48406665 -0.057577459 -0.87313472 -97.072968 0.030820381 0.99833554 -0.048746779 -9.7033612 0.87448822 -0.0033136549 0.48503551 108.46307
0.49374581 -0.058157109 -0.86765936 -98.027465 0.029646872 0.99830693 -0.050043403 -9.7763414 0.8691008 -0.001014666 0.49463404 109.02841
0.50485679 -0.059059804 -0.86118029 -98.991716 0.027548569 0.99825084 -0.052310088 -9.8481539 0.86276344 0.0026848177 0.50560073 109.56099
0.51587353 -0.057910092 -0.85470513 -99.889419 0.022536273 0.99828464 -0.054036049 -9.9263808 0.85636831 0.0086138986 0.5162937 110.13128
0.52783966 -0.056970351 -0.84743119 -100.83436 0.021227315 0.9983211 -0.053892382 -10.002111 0.84907877 0.010457847 0.52816279 110.70858
0.54008 -0.054582727 -0.83984181 -101.755 0.02028447 0.99844904 -0.051846472 -10.075974 0.84136924 0.010965496 0.54034954 111.26834
0.5527088 -0.052913574 -0.8316929 -102.66322 0.020302239 0.99854101 -0.050036675 -10.148059 0.83312716 0.010770482 0.55297667 111.85843
0.56475711 -0.051907797 -0.82362305 -103.54858 0.019682142 0.99858322 -0.049438424 -10.226785 0.82502247 0.011710035 0.56497863 112.45947
0.57507582 -0.052749888 -0.81639769 -104.40322 0.020835096 0.99853976 -0.049842254 -10.29983 0.8178348 0.011653351 0.57533512 113.05584
0.58620533 -0.054296905 -0.80834096 -105.27616 0.021942471 0.99844969 -0.051154076 -10.378486 0.80986536 0.012249794 0.58648794 113.68441
0.59707749 -0.054737556 -0.80031383 -106.09778 0.021325579 0.99839973 -0.052375627 -10.445207 0.80190009 0.014205152 0.59728931 114.31488
0.60717805 -0.053867467 -0.7927377 -106.94738 0.021335993 0.99844486 -0.051503731 -10.522741 0.79427932 0.014358089 0.60738312 114.94258
0.61815104 -0.052687519 -0.78429157 -107.77841 0.021827407 0.99851691 -0.049875259 -10.59399 0.78575627 0.013711392 0.6183843 115.57331
0.62758065 -0.050757178 -0.77689522 -108.54638 0.022597948 0.99863972 -0.046989734 -10.663474 0.77822356 0.01193361 0.62787398 116.23115
0.63864503 -0.049116668 -0.76793231 -109.33707 0.021708052 0.99871363 -0.045824021 -10.730354 0.76919526 0.012594968 0.63888972 116.83746
0.64751177 -0.047776047 -0.76055631 -110.10178 0.018628545 0.99872693 -0.046877558 -10.796521 0.76182776 0.016185713 0.64757744 117.52041
0.6573955 -0.047382237 -0.75205454 -110.85414 0.01731185 0.9987074 -0.047789432 -10.867531 0.75334687 0.018397102 0.65736603 118.1608
0.66730774 -0.047111449 -0.74329055 -111.60421 0.017396073 0.99871103 -0.047682822 -10.936194 0.74457894 0.018888779 0.66726716 118.81258
0.67541969 -0.045156189 -0.73604967 -112.3101 0.016950761 0.99881038 -0.045721905 -10.997383 0.73723874 0.018404872 0.67538163 119.48329
0.68446944 -0.044161415 -0.72770276 -113.04774 0.017898536 0.99888072 -0.043782966 -11.06098 0.72882184 0.016943288 0.68449375 120.148
0.69197879 -0.043399776 -0.72061208 -113.73781 0.018022831 0.99891875 -0.042854449 -11.126846 0.72169285 0.0166669 0.69201278 120.78684
0.69993201 -0.043768852 -0.71286705 -114.39363 0.018944893 0.99890702 -0.042730096 -11.193356 0.7139582 0.016402971 0.69999619 121.46555
0.70743247 -0.040512102 -0.7056189 -115.05829 0.015189703 0.99899678 -0.042127232 -11.243488 0.70661773 0.01908403 0.70733813 122.1229
0.71460215 -0.038162947 -0.69848931 -115.7546 0.014597467 0.99910686 -0.039653408 -11.300975 0.69937882 0.018140236 0.71452099 122.7989
0.7213009 -0.035753435 -0.69169839 -116.37176 0.013775041 0.99920977 -0.037283927 -11.357199 0.69248487 0.017364757 0.72122341 123.47532
0.72886699 -0.035114796 -0.68375422 -117.01092 0.014267307 0.99924603 -0.036108519 -11.412006 0.68450668 0.016562976 0.72881843 124.1365
0.73610542 -0.033036514 -0.67606017 -117.63566 0.012351238 0.99929747 -0.035383673 -11.468803 0.67675423 0.017695933 0.73599633 124.80749
0.74393016 -0.03033146 -0.66756864 -118.24018 0.010002901 0.99936291 -0.034259663 -11.514506 0.66818254 0.018809174 0.74375961 125.46495
0.75306465 -0.027827674 -0.65735776 -118.83372 0.0094942897 0.99946076 -0.031433196 -11.565899 0.65787805 0.017430083 0.75292277 126.1241
0.76220342 -0.02416392 -0.6468864 -119.40998 0.0074069059 0.99956319 -0.028610581 -11.603647 0.64729523 0.017015656 0.76204946 126.77486
0.77210721 -0.021979903 -0.63511204 -119.96493 0.0058874108 0.9996062 -0.027436947 -11.654795 0.63546505 0.017445099 0.77193256 127.45762
0.78200404 -0.0213434 -0.62290778 -120.49831 0.0043637346 0.99957649 -0.028771358 -11.688903 0.62325811 0.019781114 0.781766 128.13685
0.79133149 -0.021910791 -0.61099457 -120.99729 0.0045580607 0.99954127 -0.029941025 -11.738291 0.61137037 0.020908325 0.79106836 128.79237
0.80062348 -0.021195769 -0.59879274 -121.50211 0.0042303462 0.99954915 -0.029725307 -11.779752 0.59915288 0.021265678 0.80035219 129.45723
0.81067309 -0.019805166 -0.58516396 -122.00696 0.0041061004 0.99959547 -0.028143307 -11.816212 0.58548468 0.02041228 0.81042647 130.1468
0.82038821 -0.018182861 -0.57151774 -122.4907 0.0041969411 0.99965884 -0.025779666 -11.854149 0.57179156 0.018750708 0.82018464 130.84723
0.82978934 -0.016833644 -0.55782278 -122.96597 0.0044949667 0.99971415 -0.02348229 -11.891438 0.55805867 0.016977959 0.82962781 131.55024
0.83854376 -0.015295997 -0.54461947 -123.44387 0.0048704978 0.99977634 -0.020580333 -11.927902 0.5448125 0.014604942 0.83843071 132.26144
0.84639435 -0.014967786 -0.53234626 -123.87545 0.0059303669 0.99980788 -0.018682354 -11.955218 0.53252367 0.01265563 0.84632051 132.96533
0.85369853 -0.015045532 -0.52055012 -124.31564 0.007144375 0.99982686 -0.01718141 -11.987189 0.52071854 0.010948739 0.85365822 133.68331
0.85999164 -0.014831131 -0.51009254 -124.74711 0.0073467759 0.99983382 -0.016684229 -12.020384 0.51025526 0.010600761 0.85995768 134.40789
0.86678756 -0.013852679 -0.49848511 -125.18378 0.0064991328 0.999843 -0.016484217 -12.045295 0.49863524 0.011048593 0.86674151 135.13061
0.8727231 -0.012383622 -0.48805842 -125.57946 0.0053363435 0.9998605 -0.015827501 -12.073962 0.48818638 0.011208578 0.87266743 135.87359
0.87872111 -0.011332865 -0.47720097 -125.99393 0.0046451762 0.99987381 -0.015191966 -12.098656 0.47731296 0.011132819 0.87866286 136.6306
0.88433345 -0.011904912 -0.46670398 -126.38796 0.005171104 0.99986327 -0.015706538 -12.126725 0.46682719 0.011476442 0.8842741 137.39481
0.88934916 -0.012842981 -0.45704825 -126.77801 0.0059953404 0.99984705 -0.016429483 -12.157919 0.45718939 0.011871387 0.88929014 138.15396
0.89359931 -0.0134273 -0.44866464 -127.1806 0.0065358179 0.99983574 -0.016905037 -12.186614 0.44881797 0.012173939 0.89354029 138.91346
0.8969201 -0.01289804 -0.44200447 -127.56034 0.0063862767 0.9998481 -0.016217259 -12.209406 0.44214654 0.011722823 0.89686623 139.69816
0.89986313 -0.011364655 -0.43602429 -127.97021 0.0062050223 0.99989289 -0.013255608 -12.239165 0.43612827 0.0092226927 0.89983726 140.48613
0.90311583 -0.0072245369 -0.42933623 -128.33551 0.0037329416 0.99995276 -0.0089741256 -12.261983 0.42938082 0.0065019876 0.90310014 141.29106
0.90663426 -0.0044718168 -0.42189371 -128.71734 0.0021629978 0.99997995 -0.0059509763 -12.273687 0.4219119 0.0044828036 0.90662576 142.11729
0.90957295 -0.0017958758 -0.41554039 -129.09772 0.0001946078 0.99999239 -0.0038957759 -12.297021 0.41554426 0.0034626247 0.90956638 142.96304
0.91241939 -0.00025811581 -0.40925637 -129.48249 -0.00065654751 0.99999759 -0.0020944376 -12.303295 0.40925596 0.0021797014 0.91241702 143.79584
0.91570117 0.0010168553 -0.40185857 -129.88038 -0.000783842 0.99999942 0.00074426578 -12.323279 0.40185913 -0.00036653175 0.91570144 144.64082
0.91904499 0.0012971124 -0.39415049 -130.26512 -0.00012728914 0.99999551 0.0029940899 -12.336373 0.39415264 -0.0027015326 0.91904103 145.53425
0.92219317 0.00083528837 -0.38672864 -130.63536 0.00064820803 0.99999292 0.0037055836 -12.35104 0.38672903 -0.0036679449 0.92218611 146.41881
0.92561606 -7.4453757e-05 -0.37846386 -131.00647 0.0016117325 0.99999169 0.003745119 -12.343607 0.37846046 -0.0040765252 0.92560849 147.32516
0.92956785 -0.0021537513 -0.36864477 -131.37073 0.0036736606 0.9999874 0.0034211587 -12.369789 0.36863279 -0.0045344753 0.92956405 148.23714
0.93337806 -0.0039885815 -0.3588725 -131.73483 0.0050399652 0.99998531 0.001994217 -12.373808 0.35885931 -0.0036700637 0.93338445 149.16825
0.93757444 -0.004958858 -0.34774928 -132.09365 0.0053820277 0.99998549 0.00025094306 -12.392953 0.34774302 -0.0021068744 0.93758752 150.10768
0.94262469 -0.0033549859 -0.33383743 -132.4556 0.0033052798 0.99999428 -0.00071690184 -12.402679 0.33383796 -0.00042765701 0.94263039 151.07908
0.9481733 0.00028354618 -0.31775353 -132.79885 -0.0002006422 0.99999994 0.00029363178 -12.415605 0.31775362 -0.00021465931 0.9481733 152.06683
0.95407885 0.0039748629 -0.29952921 -133.10007 -0.0031347805 0.99998969 0.0032851361 -12.422234 0.2995392 -0.0021953208 0.95408147 153.0686
0.96028694 0.0070029772 -0.27892642 -133.42687 -0.0058326918 0.99997036 0.0050253832 -12.434222 0.27895337 -0.0031989183 0.96029932 154.08463
0.96604633 0.0086250509 -0.25822488 -133.6996 -0.0072872969 0.99995461 0.0061372608 -12.445419 0.25826612 -0.0040471172 0.96606534 155.12431
0.97164584 0.010057077 -0.23622704 -133.97 -0.008632132 0.99993778 0.0070655598 -12.4465 0.23628342 -0.0048260791 0.9716722 156.17511
0.9765461 0.010800842 -0.21503734 -134.20839 -0.0089754903 0.99991494 0.0094632123 -12.47003 0.21512128 -0.0073111978 0.97655998 157.25978
0.98132999 0.012675419 -0.19191346 -134.43048 -0.010342156 0.99985999 0.013154768 -12.457016 0.19205335 -0.010924369 0.98132368 158.34766
0.98530337 0.014535906 -0.17019394 -134.63686 -0.011772435 0.99978216 0.017235165 -12.468255 0.17040741 -0.01497827 0.98525985 159.4368
0.9889714 0.016287738 -0.14720827 -134.81328 -0.013411041 0.99969963 0.020513182 -12.458818 0.14749818 -0.018312734 0.98889278 160.57495
0.99200061 0.017683803 -0.12498828 -134.97406 -0.015217759 0.99967079 0.020657581 -12.447629 0.12531245 -0.018590292 0.99194314 161.68401
0.99448483 0.017758209 -0.10336619 -135.09692 -0.015924506 0.99970133 0.018538229 -12.448388 0.10366453 -0.016789932 0.99447059 162.84786
0.99652257 0.01750358 -0.081464023 -135.21315 -0.0161216 0.99971528 0.01759131 -12.435605 0.081748747 -0.016216807 0.99652103 164.00544
0.99801159 0.01637998 -0.060865146 -135.28718 -0.015238221 0.9997 0.019175935 -12.434277 0.061160993 -0.01821033 0.99796178 165.19097
0.99900468 0.016599193 -0.041401783 -135.34133 -0.015734632 0.99965309 0.021121432 -12.425819 0.041738023 -0.020448968 0.9989193 166.36174
0.99964712 0.016961394 -0.020443506 -135.37481 -0.016513288 0.99962395 0.021892309 -12.420222 0.020807144 -0.021546994 0.99955129 167.60091
0.9998334 0.018249515 0.00036127903 -135.38837 -0.018253019 0.99957789 0.022602488 -12.404722 5.135793e-05 -0.022605318 0.99974447 168.79163
0.99962314 0.018624632 0.02016703 -135.3898 -0.019086577 0.99955415 0.022960944 -12.398335 -0.019730401 -0.023337211 0.99953293 170.03652
0.9989367 0.020593033 0.041248044 -135.34518 -0.021529577 0.99951744 0.022391053 -12.382571 -0.040767043 -0.023255298 0.99889801 171.25509
0.99789487 0.021728014 0.061104256 -135.296 -0.023073576 0.99950466 0.021401955 -12.372733 -0.060608972 -0.022766795 0.99790191 172.51158
0.99648565 0.022051781 0.080808797 -135.18195 -0.023666139 0.99953793 0.019074352 -12.370221 -0.080350842 -0.020919751 0.99654709 173.78838
0.99479535 0.023978977 0.099031457 -135.08742 -0.02575649 0.99952859 0.016709458 -12.362058 -0.098584105 -0.019173194 0.994944 175.03472
0.99262101 0.024423083 0.11877304 -134.9356 -0.02633848 0.9995467 0.014583397 -12.358808 -0.11836304 -0.017604088 0.99281433 176.3478
0.99010182 0.024082735 0.13826931 -134.77267 -0.025959481 0.99959352 0.011785563 -12.361006 -0.13792929 -0.015258307 0.99032454 177.64342
0.98748346 0.025249867 0.15568834 -134.59348 -0.026553472 0.99962755 0.0062988002 -12.360842 -0.15547132 -0.010354027 0.98778614 178.91935
0.98419104 0.02727575 0.1749972 -134.35179 -0.02769534 0.99961641 -4.4476264e-05 -12.388212 -0.1749313 -0.0048028338 0.98456893 180.23952
0.98105334 0.029672018 0.19145209 -134.11482 -0.029166201 0.99955966 -0.0054601387 -12.395478 -0.19152982 -0.00022724282 0.98148677 181.5295
0.97745302 0.031687611 0.20876181 -133.86617 -0.030407727 0.99949396 -0.0093381664 -12.427835 -0.20895209 0.002779647 0.97792193 182.8423
0.9732742 0.03409464 0.22710105 -133.57013 -0.032132072 0.99940752 -0.012334266 -12.459533 -0.22738705 0.0047073955 0.97379309 184.16729
0.96917333 0.033625734 0.24407449 -133.25088 -0.031532953 0.99942482 -0.01247774 -12.494133 -0.2443537 0.0043967036 0.96967621 185.52555
0.96466952 0.032216915 0.26148572 -132.89671 -0.029860427 0.99946978 -0.012981172 -12.519273 -0.26176531 0.004714466 0.96512004 186.82298
0.95995552 0.032000223 0.27831886 -132.51752 -0.028257684 0.99944836 -0.017449242 -12.581398 -0.27872373 0.0088858506 0.96033022 188.18188
0.9552027 0.03355203 0.2940443 -132.15058 -0.02844598 0.99936137 -0.021625745 -12.63198 -0.29458213 0.012292592 0.9555471 189.50581
0.94996243 0.035650518 0.31032308 -131.70893 -0.03020309 0.99929403 -0.022343005 -12.664929 -0.31090057 0.011852299 0.95036854 190.85905
0.9440958 0.037653654 0.32751383 -131.26682 -0.031979884 0.99923084 -0.022694065 -12.726349 -0.32811646 0.010951518 0.9445738 192.20031
0.9378248 0.041435827 0.34462691 -130.79088 -0.034542865 0.99906182 -0.026120417 -12.765766 -0.34538593 0.012591975 0.93837626 193.53869
0.93098417 0.042596149 0.3625659 -130.30091 -0.03428912 0.9989818 -0.029319228 -12.83356 -0.36344565 0.014863672 0.93149683 194.85723
0.924085 0.04338142 0.37971693 -129.77457 -0.033521875 0.99890803 -0.032542633 -12.889045 -0.38071407 0.017343336 0.92453016 196.20872
0.91705499 0.04360934 0.39636896 -129.21691 -0.031411071 0.99881339 -0.037217634 -12.964061 -0.39752169 0.021680244 0.91733662 197.52453
0.90822917 0.047016073 0.41582357 -128.62264 -0.031912779 0.99855657 -0.043201239 -13.055094 -0.41725455 0.025966541 0.90841862 198.89807
0.89913609 0.050336816 0.43476486 -128.03856 -0.033343034 0.99835548 -0.046632362 -13.131123 -0.43639724 0.027432461 0.89933583 200.16522
0.88680694 0.053353447 0.45904994 -127.38214 -0.034982054 0.99821338 -0.048438733 -13.213372 -0.46081421 0.026897295 0.88708896 201.50764
0.87398346 0.057612597 0.48252843 -126.69423 -0.037793587 0.99799835 -0.050704389 -13.307987 -0.48448383 0.026078318 0.87441143 202.81715
0.85983399 0.061989 0.50679665 -125.98502 -0.040150048 0.99773775 -0.053919834 -13.406365 -0.50899263 0.026014198 0.8603777 204.10639
0.84440457 0.065620111 0.53167179 -125.23051 -0.041497142 0.99749951 -0.057207576 -13.515942 -0.53409636 0.02624348 0.8450162 205.39229
0.82942581 0.067382465 0.55453801 -124.41513 -0.041148894 0.99737117 -0.059644919 -13.624568 -0.55709929 0.026652411 0.83001811 206.63011
0.81320147 0.068320174 0.57795821 -123.56252 -0.040006107 0.99729879 -0.061600652 -13.732402 -0.58060564 0.026971884 0.81373806 207.87737
0.79724641 0.070441412 0.59952993 -122.72012 -0.038217992 0.99706569 -0.066327896 -13.851497 -0.602443 0.029966849 0.79759918 209.08902
0.78093097 0.073147 0.62031952 -121.7859 -0.036535098 0.99676821 -0.071542511 -13.981663 -0.62354795 0.033206329 0.78107959 210.27928
0.76393807 0.074990052 0.64091738 -120.83687 -0.034699501 0.99656138 -0.075242023 -14.116317 -0.64435596 0.035240734 0.76391329 211.44131
0.74731169 0.076670102 0.66003552 -119.85354 -0.032800365 0.99636641 -0.07860095 -14.258162 -0.66366362 0.037090004 0.74711108 212.61542
0.73174859 0.077136457 0.67719564 -118.83228 -0.030810677 0.99630314 -0.080191931 -14.394453 -0.68087792 0.037815477 0.73142005 213.74196
0.71573561 0.077515908 0.69405603 -117.80672 -0.028931582 0.99625888 -0.081432255 -14.541493 -0.69777184 0.038203827 0.71530061 214.85179
0.70137042 0.078071802 0.7085085 -116.74847 -0.026137484 0.99613205 -0.083891395 -14.68721 -0.71231763 0.040320315 0.70069815 215.91921
0.68563635 0.079470361 0.72359327 -115.66008 -0.023157743 0.99590109 -0.087434242 -14.840386 -0.72757581 0.043191309 0.68466634 216.99943
0.67110237 0.081828627 0.73683488 -114.53784 -0.020967409 0.99558732 -0.091467256 -15.005819 -0.74106816 0.045934376 0.66985675 218.03398
0.65611788 0.084550938 0.74990694 -113.40629 -0.019925838 0.99529836 -0.094784708 -15.164846 -0.75439535 0.047247418 0.65471779 219.04427
0.63876282 0.084838587 0.76471199 -112.25044 -0.018388843 0.99530164 -0.095060463 -15.339994 -0.76918396 0.046658922 0.63732177 220.06301
0.62361922 0.086272031 0.77695312 -111.07218 -0.018996983 0.99527058 -0.095265889 -15.507609 -0.78149743 0.044649876 0.62230877 221.04017
0.60630224 0.087148568 0.7904446 -109.88638 -0.021040667 0.99538706 -0.093604982 -15.677603 -0.79495593 0.04012143 0.60533907 221.97264
0.58714049 0.088059884 0.80468096 -108.67464 -0.023407108 0.99549655 -0.091862555 -15.847773 -0.80914659 0.035100973 0.58655755 222.89253
0.56960948 0.089381918 0.81704092 -107.46697 -0.025037188 0.99549493 -0.091449308 -16.013754 -0.82153408 0.031633987 0.56928122 223.78185
0.55150126 0.092568153 0.82902198 -106.23452 -0.026589298 0.99526953 -0.093442915 -16.189361 -0.83375022 0.029490774 0.55135372 224.63272
0.53344535 0.096488702 0.84031299 -105.01019 -0.029498146 0.99499001 -0.095523508 -16.362535 -0.84532004 0.026168898 0.53361904 225.44422
0.5130102 0.09626704 0.85296725 -103.79057 -0.029289412 0.99507587 -0.094689733 -16.530771 -0.8578827 0.023593891 0.51330368 226.23298
0.49235489 0.095236383 0.86516856 -102.5219 -0.029103552 0.9952414 -0.092992184 -16.707598 -0.86990788 0.020605679 0.49278368 226.97693
0.47111283 0.093203825 0.87713493 -101.26123 -0.029075877 0.99550235 -0.090164699 -16.866086 -0.88159365 0.01697428 0.47170391 227.67777
0.44997033 0.091737872 0.88831909 -100.00604 -0.028996328 0.99568615 -0.08813797 -17.030234 -0.89257268 0.01390148 0.45068928 228.34463
0.42780259 0.090858189 0.89929398 -98.739099 -0.028123053 0.99579123 -0.087229174 -17.188302 -0.90343462 0.012025976 0.42855728 228.98026
