1.000000000000000000e+00 4.398956837314658088e-19 2.733407509747682871e-20 -8.673617379884035472e-19 -5.583667658079949532e-19 1.000000000000000000e+00 -6.100159232558060012e-19 0.000000000000000000e+00 4.145284534913582806e-20 -2.210423569125054137e-19 1.000000000000000222e+00 0.000000000000000000e+00
9.998967191586964898e-01 3.344227093993627840e-04 1.436799196498510581e-02 -5.540678422627023231e-02 -3.307101242332192623e-04 9.999999113157025388e-01 -2.607682264495989619e-04 -6.992754929627129079e-03 -1.436807814664028439e-02 2.559896691027095227e-04 9.998967410603030181e-01 3.237104172906496435e-02
9.993080669873578570e-01 3.871001225503427345e-03 3.699192647605893669e-02 4.525984003161560854e-02 -3.856183651975238127e-03 9.999924535526035774e-01 -4.719034249887533615e-04 5.299655388733573447e-03 -3.699347469841177821e-02 3.289292719022176409e-04 9.993154530012072767e-01 2.742069234925773591e-01
9.979912609896649522e-01 5.058711617134580875e-03 6.314944524593089914e-02 2.235119878316537551e-02 -5.114257439061254025e-03 9.999866643537390631e-01 7.179798358697771395e-04 1.953046915641076797e-03 -6.314497214724806851e-02 -1.039500076359473491e-03 9.980038235962646054e-01 4.109957055924479685e-01
9.953521725558203137e-01 4.630438615149715630e-03 9.619049637093418648e-02 7.694300542180428082e-02 -4.907679684523769993e-03 9.999844570361710039e-01 2.645822145617049165e-03 5.301193823938996075e-03 -9.617675163142634653e-02 -3.105596908041190381e-03 9.953594264080622978e-01 5.736284802272326733e-01
9.909820717082410413e-01 1.523145332622685309e-03 1.339858703516948191e-01 1.713819764172909432e-01 -2.171293175833622323e-03 9.999866378178523529e-01 4.691446956382777818e-03 5.053781801805393159e-03 -1.339769365680186786e-01 -4.940062351661712176e-03 9.909721370332245094e-01 7.836459039520609071e-01
9.848563837925484732e-01 -1.764783027694785721e-03 1.733631695792247907e-01 2.115320969940551743e-01 8.283276390545029049e-04 9.999846750409565610e-01 5.473897478661778754e-03 -1.039061952872737116e-02 -1.733701760340736753e-01 -5.247401256116151352e-03 9.848427524850323911e-01 9.504701903354360049e-01
9.761002081021781240e-01 -1.858988914880493198e-03 2.173129710502703094e-01 3.141033150409900387e-01 4.899878374879883518e-04 9.999796969698291349e-01 6.353389444980254118e-03 -5.758526905768793225e-03 -2.173203735762181676e-01 -6.095063897781987164e-03 9.760813008882952557e-01 1.200511169052340898e+00
9.644091900678009033e-01 -2.035682798641540951e-03 2.644064470840569170e-01 4.142943027260609368e-01 -5.420876428394642930e-04 9.999530400384827322e-01 9.675942170445803181e-03 7.711445301402622410e-03 -2.644137322861375150e-01 -9.474898856655910098e-03 9.643627975615643999e-01 1.387453413215484987e+00
9.500017228215459353e-01 -5.751065296193662996e-03 3.121916889079319191e-01 5.566644846972997884e-01 6.031705159457739383e-04 9.998623008076108487e-01 1.658359436080106275e-02 1.903185154273883545e-02 -3.122440790906157448e-01 -1.556613823612912513e-02 9.498743767895044821e-01 1.634712029863984117e+00
9.332341060655477971e-01 -1.527511968372784711e-02 3.589439681341146104e-01 6.786124141412817057e-01 6.908837216873457698e-03 9.996740107908078654e-01 2.457926147901276157e-02 -3.190754361705946951e-03 -3.592024136346698149e-01 -2.045831950624363293e-02 9.330354146331781839e-01 1.825372748253068833e+00
9.121629353069374835e-01 -2.110682279765780864e-02 4.092838613251651436e-01 8.436562449727958990e-01 9.870325955917434724e-03 9.995146490605110179e-01 2.954730017572523501e-02 -5.737340988898262384e-03 -4.097088717195114804e-01 -2.291218674637559780e-02 9.119285468206926870e-01 2.055629426202130627e+00
8.869519409546798849e-01 -2.303576102574150797e-02 4.612869010459880736e-01 1.041514977849955281e+00 8.552870157979374985e-03 9.994033608409906844e-01 3.346297535550534635e-02 1.542131060664225783e-03 -4.617825322920322551e-01 -2.573472375268305579e-02 8.866197719256891929e-01 2.311191396622392258e+00
8.585385347573588621e-01 -2.505142301897643475e-02 5.121367069980821141e-01 1.202500795087216190e+00 6.598039262775262474e-03 9.992628385703024030e-01 3.781858402578507777e-02 2.456702135859898523e-02 -5.127065977675484554e-01 -2.908961337594866137e-02 8.580709428237440761e-01 2.535848511404902972e+00
8.266341301607447178e-01 -3.030355305626037873e-02 5.619232196243685307e-01 1.439855456707461734e+00 7.801064606272839139e-03 9.990701684529531557e-01 4.240214451527957173e-02 2.230818106048941540e-02 -5.626856710377926563e-01 -3.066746023004668018e-02 8.261018988618951120e-01 2.771112443957264748e+00
7.906265508878673742e-01 -3.603412448016077990e-02 6.112374278138584804e-01 1.665176246917038805e+00 9.904528332075586763e-03 9.988888394912186497e-01 4.607587885585511661e-02 2.549109467258522943e-02 -6.122185594485382021e-01 -3.037479442297605706e-02 7.901049380431605096e-01 2.970328310036819186e+00
7.532494280075809900e-01 -4.057323150053650240e-02 6.564823724768730218e-01 1.924076653557327043e+00 1.109122440354709006e-02 9.987372024058350783e-01 4.899984919054511945e-02 3.561516851015344987e-02 -6.576414616997732221e-01 -2.962791467458047653e-02 7.527482323430019218e-01 3.168040323125953961e+00
7.129884047706723793e-01 -4.366833807638307446e-02 6.998146920304270102e-01 2.239359090492520465e+00 1.190734638737639406e-02 9.986689393034233753e-01 5.018530381375295446e-02 4.221548901836093270e-02 -7.010747171250826248e-01 -2.744860330696655484e-02 7.125593469801426716e-01 3.414187300800767932e+00
6.716584244999735942e-01 -4.561098918399528190e-02 7.394556036304773539e-01 2.504667367352405360e+00 1.101500796350720138e-02 9.986075565561188805e-01 5.159086677608464011e-02 5.067892687844278987e-02 -7.407790767908228879e-01 -2.650633042650952370e-02 6.712255825082117378e-01 3.591911647822745302e+00
6.287979641689285248e-01 -4.610382146698351058e-02 7.762007138623598923e-01 2.861434006640785288e+00 7.092220170451364603e-03 9.985391987462152175e-01 5.356462387185265128e-02 8.498412960538521965e-02 -7.775363861788685549e-01 -2.817633955114254643e-02 6.282063926846859214e-01 3.841047802190439064e+00
5.869418585365288044e-01 -4.688574120344669860e-02 8.082703578412893108e-01 3.198203419128090363e+00 4.170281956143048058e-03 9.984836325963558634e-01 5.489120274801936178e-02 1.017070676601961876e-01 -8.096183517355454162e-01 -2.884722870898244126e-02 5.862473646677669459e-01 4.044969987388649990e+00
5.469300298926027537e-01 -4.800382900367363564e-02 8.358009113343589647e-01 3.567593509914572358e+00 2.047306531181223611e-03 9.984284145308439662e-01 5.600454936174528026e-02 1.206978059853324181e-01 -8.371758260471749979e-01 -2.891942860191476505e-02 5.461687599918801928e-01 4.238265643236112545e+00
5.079701441926528505e-01 -5.057969087651395523e-02 8.598883737592052379e-01 4.007858247227283677e+00 1.115899336771252002e-03 9.983123116906023053e-01 5.806275097249315870e-02 1.321575661450621331e-01 -8.613739610877115815e-01 -2.853459449583438043e-02 5.071692895628122644e-01 4.456805187180340688e+00
4.710846906831732683e-01 -5.043813185873643329e-02 8.806447616635471043e-01 4.409156048376935644e+00 -1.645253728458497466e-03 9.983118845682790177e-01 5.805750795247979767e-02 1.549244877411968813e-01 -8.820864591404088406e-01 -2.879888661076993733e-02 4.702064605941297937e-01 4.638906457484397450e+00
4.344688326764174491e-01 -4.964607143875466450e-02 8.993175677132354551e-01 4.860627923095146130e+00 -3.157072374320831626e-03 9.983896481651982624e-01 5.664047399936813360e-02 1.807290668327148353e-01 -9.006813426072524109e-01 -2.744773059415407321e-02 4.336124474989045963e-01 4.831707723940762200e+00
4.015604143856541519e-01 -4.847743506108011941e-02 9.145486088492635890e-01 5.377891540828351857e+00 -1.769228571625826177e-03 9.985551594482926507e-01 5.370720002776227520e-02 1.968279239235875555e-01 -9.158308350710816503e-01 -2.318473029636282032e-02 4.008944546746961990e-01 5.007234337889000741e+00
3.715637255044887399e-01 -4.680966493482062452e-02 9.272266383030424164e-01 5.876675340031714434e+00 3.668282444851851405e-05 9.987288770635196489e-01 5.040464998195345880e-02 2.190623189631669132e-01 -9.284074600909150154e-01 -1.869452545196479201e-02 3.710931381457008849e-01 5.185142198222728815e+00
3.458534851409726385e-01 -4.490084744001716227e-02 9.372135647666024472e-01 6.425012617868008924e+00 1.058847702445857904e-03 9.988723826393165472e-01 4.746411285843870481e-02 2.424467821695609204e-01 -9.382879416028679920e-01 -1.542326159480506692e-02 3.455110365957647645e-01 5.374248431599339959e+00
3.251058311459101846e-01 -4.443091230636295880e-02 9.446333032381875050e-01 6.994250802220404850e+00 2.057028772555868044e-03 9.989265439285343051e-01 4.627665107350659168e-02 2.681621935018060343e-01 -9.456754110713257999e-01 -1.310167036894799991e-02 3.248482386615769713e-01 5.539667988693447676e+00
3.106895530088477630e-01 -4.488411820541316627e-02 9.494511058543664284e-01 7.580157798666365743e+00 3.375435792178314680e-03 9.989302666567115851e-01 4.611863782890333191e-02 2.972175918286675822e-01 -9.505054571877952219e-01 -1.112376684566198683e-02 3.105087001656490209e-01 5.728232456045486920e+00
2.985041613899516166e-01 -4.659506650447301640e-02 9.532702398023821244e-01 8.187699673894671903e+00 4.319590956588305851e-03 9.988632768792176098e-01 4.747099322581596614e-02 3.147678494382132319e-01 -9.543985660825040629e-01 -1.005255061911316042e-02 2.983661151025341352e-01 5.930445003514990709e+00
2.880959380183661933e-01 -4.837350014610292126e-02 9.563789623089264946e-01 8.823647915285354415e+00 3.180164561189218007e-03 9.987661122185741425e-01 4.955945518864184746e-02 3.449239022825228429e-01 -9.575962788758353161e-01 -1.123643435575908019e-02 2.878942943139382038e-01 6.101344735033348066e+00
2.776358665192155684e-01 -4.992984896516178966e-02 9.593879925540461651e-01 9.500759012348689581e+00 1.429519935854362727e-03 9.986688510327844659e-01 5.156047334752460187e-02 3.751783818963418948e-01 -9.606853274876782089e-01 -1.294357155355398657e-02 2.773376661953409483e-01 6.270456483371500411e+00
2.665789450239295921e-01 -5.156063226592555448e-02 9.624329335628686310e-01 1.018889052228460201e+01 5.504003159109405706e-04 9.985760177943380222e-01 5.334448150613675665e-02 4.038685117694394422e-01 -9.638129380615441111e-01 -1.369079133289627728e-02 2.662277189926458565e-01 6.474801363477741489e+00
2.568840740367070441e-01 -5.370701785517100618e-02 9.649487618408236766e-01 1.089235280527918626e+01 -2.220485984417539145e-04 9.984513823716116843e-01 5.563081605458883305e-02 4.306389411062191974e-01 -9.664422071296394634e-01 -1.450493531357193409e-02 2.564743319144207057e-01 6.674433469893300774e+00
2.471135728287482958e-01 -5.532729768303294021e-02 9.674056834636307611e-01 1.162311059310025563e+01 -5.459887885580921602e-04 9.983604633666652850e-01 5.723711244789952274e-02 4.641922481998115857e-01 -9.689863779299197066e-01 -1.467225913293253130e-02 2.466782116372005784e-01 6.849972702979740369e+00
2.357545579375637801e-01 -5.667828823538070826e-02 9.701584118528457923e-01 1.240797838362833438e+01 -1.115213620172484212e-03 9.982813734769295788e-01 5.859228298773216242e-02 4.911569459638740476e-01 -9.718119989917068935e-01 -1.489533076661833828e-02 2.352861741465341050e-01 7.020175272740710071e+00
2.258840909111016204e-01 -5.936874478424566948e-02 9.723434133897125298e-01 1.317448058593050675e+01 -2.549008464589787391e-03 9.981017552052725561e-01 6.153363932694633914e-02 5.239702279750440006e-01 -9.741508593482636202e-01 -1.637798089724928213e-02 2.253039748198045200e-01 7.216623498630005962e+00
2.144249677757589512e-01 -6.317358668771363983e-02 9.746953447045734187e-01 1.393500218782187794e+01 -4.209240237853120389e-03 9.978371555814790073e-01 6.559949078984894655e-02 5.695364592683693772e-01 -9.767314023327660077e-01 -1.816889469971712592e-02 2.136952857665847805e-01 7.390675585182565399e+00
2.015514021942910183e-01 -6.671541843163347751e-02 9.772031871425573835e-01 1.471008140825501798e+01 -4.612830119831943035e-03 9.976018791236946903e-01 6.905948535190704896e-02 6.082401274811274350e-01 -9.794670851843823023e-01 -1.842670753477418377e-02 2.007603093127776628e-01 7.544733969781948879e+00
1.892184480775765953e-01 -6.921795131413518987e-02 9.794923367596182207e-01 1.551529597119381698e+01 -5.659229387399427637e-03 9.974189488006011128e-01 7.157802486985902213e-02 6.493977147007070627e-01 -9.819187181150162980e-01 -1.908705373244560730e-02 1.883383439433468365e-01 7.702006475963673715e+00
1.747284370003073517e-01 -6.999951781412898366e-02 9.821252589899361896e-01 1.632248024588215429e+01 -6.237032838735391028e-03 9.973709802829400228e-01 7.219575513113349330e-02 6.846828305777105106e-01 -9.845969173989904677e-01 -1.874019806964600382e-02 1.738324818316412113e-01 7.846893838935375065e+00
1.610144859109456372e-01 -6.925324722847853165e-02 9.845193276471545518e-01 1.711495432122401184e+01 -7.708673468861551234e-03 9.974164580011435355e-01 7.142118462941711432e-02 7.226607767343128375e-01 -9.869219466442665789e-01 -1.908918247245264613e-02 1.600646461799106191e-01 7.979900056633531413e+00
1.443191425562576347e-01 -6.820519230165081326e-02 9.871778057451707777e-01 1.790582639052272640e+01 -8.837576867189602878e-03 9.974930923604846678e-01 7.020988451968970812e-02 7.585933983944092018e-01 -9.894917379546527281e-01 -1.885688919275037290e-02 1.433545777870076088e-01 8.100168535367565426e+00
1.231253370841828843e-01 -6.683468931099781352e-02 9.901379999078885330e-01 1.872918150129532577e+01 -1.127091549326058456e-02 9.975710782702189583e-01 6.873798240879797072e-02 8.012054062212987660e-01 -9.923271310684127489e-01 -1.962314810137021776e-02 1.220729857595262424e-01 8.184074092365920094e+00
9.875964591577109097e-02 -6.543660068356380033e-02 9.929574848331806924e-01 1.955956197263257224e+01 -1.565993972342677454e-02 9.976098323577660132e-01 6.730073286847436387e-02 8.445721978968045995e-01 -9.949880983753714991e-01 -2.219625005112666957e-02 9.749885919692194425e-02 8.290838903890074718e+00
6.927681770369610581e-02 -6.515646464272767391e-02 9.954673980448381920e-01 2.036132302525979654e+01 -1.915431744684559581e-02 9.975939732117371506e-01 6.662864786655653404e-02 8.820284013907313536e-01 -9.974135812084342634e-01 -2.368331839348592968e-02 6.786210682722257359e-02 8.331173874028506177e+00
3.542478379321796489e-02 -6.485967105296572277e-02 9.972654062871419978e-01 2.121642001206167549e+01 -2.241011105539893189e-02 9.975892676252182678e-01 6.567678456972123047e-02 9.224512899762846718e-01 -9.991210582092653336e-01 -2.467541355564543612e-02 3.388587029649541005e-02 8.336093599420738798e+00
1.358492327086921990e-03 -6.393092413299726606e-02 9.979533927875949839e-01 2.206161023514868802e+01 -2.411735142549106814e-02 9.976619565209948748e-01 6.394508477591386020e-02 9.579694510840868205e-01 -9.997082200198572632e-01 -2.415486073430156075e-02 -1.865298446930166258e-04 8.316648141879856126e+00
-3.279162130025393973e-02 -6.340933651406559235e-02 9.974487196440411374e-01 2.290794038817719169e+01 -2.546492900102411902e-02 9.977144617477053945e-01 6.258905823991985085e-02 9.877851886342222665e-01 -9.991377603787665596e-01 -2.334756326959033443e-02 -3.433139044060427164e-02 8.283093978694301640e+00
-6.548611689169836492e-02 -6.145456211237834698e-02 9.959592802910757214e-01 2.373456894021666486e+01 -2.754283552481298289e-02 9.978327682918098906e-01 5.975917288329655325e-02 1.019948450101933801e+00 -9.974732968138927403e-01 -2.351814560374372587e-02 -6.703682759015437698e-02 8.224037749551561305e+00
-9.847799629007242261e-02 -5.857444018314635764e-02 9.934138623718983263e-01 2.456792376921789867e+01 -3.004764426630464683e-02 9.979860711886743285e-01 5.586538111829467829e-02 1.058212142592808824e+00 -9.946854982021412495e-01 -2.434823469806021712e-02 -1.000396939452802003e-01 8.135814529622937386e+00
-1.305187779684263694e-01 -5.379709564077973794e-02 9.899852038902691165e-01 2.542108600660744955e+01 -2.702455566691013347e-02 9.983488017603926457e-01 5.068869138443899552e-02 1.082412213989104144e+00 -9.910774635881822725e-01 -2.013808330706197761e-02 -1.317571095814152604e-01 8.024170878204847313e+00
-1.620061918019471969e-01 -4.835334246402584607e-02 9.856043481147571672e-01 2.624534215143171778e+01 -2.259160939890640304e-02 9.987187005690384423e-01 4.528328979388637765e-02 1.104164158674176832e+00 -9.865311093145494592e-01 -1.493021419097860861e-02 -1.628909945650501845e-01 7.866387173289222545e+00
-1.932559764405455682e-01 -4.216286795860633291e-02 9.802420125720029409e-01 2.710092587580210832e+01 -1.591727413984870762e-02 9.990794825809210522e-01 3.983500818918759429e-02 1.121308435069769072e+00 -9.810192578958978338e-01 -7.904426443254414930e-03 -1.937492002477796682e-01 7.696773015045827115e+00
-2.224604976129180844e-01 -3.671417025755462082e-02 9.742501629184047163e-01 2.789042103328566213e+01 -1.111418574127530715e-02 9.993212595712189783e-01 3.512114813878847858e-02 1.124034989044212729e+00 -9.748783606359874288e-01 -3.014928148814623003e-03 -2.227175541515216128e-01 7.478010590963780402e+00
-2.498856017659406847e-01 -3.031615759400821397e-02 9.678006509845289429e-01 2.869128869269040649e+01 -2.484795971640620538e-03 9.995265256671816978e-01 3.066839197147993787e-02 1.151434674950346793e+00 -9.682721867918098191e-01 5.258803521018347651e-03 -2.498426181703617133e-01 7.255738292038699022e+00
-2.763384494165022631e-01 -2.058030461433190544e-02 9.608399950397759071e-01 2.952657959351065386e+01 3.357541255407314133e-03 9.997439158402067205e-01 2.237922344235000749e-02 1.139612794169083454e+00 -9.610545270212559332e-01 9.410300952781809961e-03 -2.761985856431600217e-01 7.000169915129299980e+00
-3.015044654678660230e-01 -5.502662991892401725e-03 9.534488774216762774e-01 3.028786330881199618e+01 7.834712819578532397e-03 9.999352877826708230e-01 8.248485058100834752e-03 1.132892042516659092e+00 -9.534325827811219733e-01 9.956954335558074881e-03 -3.014418440001757071e-01 6.726187296033320884e+00
-3.267137492294387990e-01 1.175782912218881725e-02 9.450501910610575873e-01 3.108040234006804781e+01 9.003915085706377247e-03 9.999159583003471852e-01 -9.327691808337135876e-03 1.109532749287864384e+00 -9.450804572112763147e-01 5.461667565636221799e-03 -3.267921594743661839e-01 6.461006282882122420e+00
-3.520021156958059172e-01 2.645114189168655539e-02 9.356253694854386183e-01 3.187088867666021130e+01 7.735681620710355838e-03 9.996486858257007668e-01 -2.535082133067389706e-02 1.082482894336612933e+00 -9.359672454072662795e-01 -1.685841794281051943e-03 -3.520830712919783556e-01 6.178145629590122923e+00
-3.765529742743335406e-01 3.724731635345898684e-02 9.256459796659854966e-01 3.262971418047509786e+01 1.187269076971776693e-02 9.993033544762396359e-01 -3.538142056160066551e-02 1.051476073434511438e+00 -9.263190115382075041e-01 -2.333069713470171946e-03 -3.767328775032403598e-01 5.857358261830979629e+00
-4.005683161975019391e-01 4.184587726761525989e-02 9.153108387875286134e-01 3.340861732720189536e+01 1.545111564090765645e-02 9.991230315791418404e-01 -3.891568784369169032e-02 9.973310281063941796e-01 -9.161366170440033985e-01 -1.445816983463592623e-03 -4.008635972124439117e-01 5.514385115493400491e+00
-4.229640021945132999e-01 4.151946678061180229e-02 9.051947702076786895e-01 3.412937957000340816e+01 1.791495407507100526e-02 9.991376254212311903e-01 -3.745744053768589737e-02 9.590932151380381354e-01 -9.059693818926151110e-01 3.733747376601501871e-04 -4.233430694075648870e-01 5.140105807228330548e+00
-4.432586616144110758e-01 3.781180738691171384e-02 8.955958975411734135e-01 3.486413317978804116e+01 2.183622349999287185e-02 9.992689257792393143e-01 -3.138141608252613401e-02 9.142273142030368227e-01 -8.961277540483553183e-01 5.646348698379961319e-03 -4.437602749727628804e-01 4.757452201905991274e+00
-4.609112616022656983e-01 3.656819895715831409e-02 8.866924842240588855e-01 3.559858448065249803e+01 2.907763882315597681e-02 9.992364845775141280e-01 -2.609480333145289960e-02 8.781510677048234292e-01 -8.869697361652941758e-01 1.375553615381596047e-02 -4.616226668768874108e-01 4.357497381090305488e+00
-4.756621228866278472e-01 3.731871717748024009e-02 8.788360735959749315e-01 3.629486099284316936e+01 3.290590342587196987e-02 9.991552234267196964e-01 -2.461789928596992347e-02 8.326400658514573339e-01 -8.790123771232666305e-01 1.720909383005961649e-02 -4.764883020105034617e-01 3.993355017260499462e+00
-4.859261760575427913e-01 4.048889953133604641e-02 8.730615022200146624e-01 3.698970707914244116e+01 3.509857848541634434e-02 9.990245707502033445e-01 -2.679546171483613431e-02 7.787736355644560016e-01 -8.732948263854458659e-01 1.762260250935298450e-02 -4.868732935010340879e-01 3.554704181698469689e+00
-4.962333639674454955e-01 4.340163838686920267e-02 8.671036458605929642e-01 3.769881071124494554e+01 3.710803346502399014e-02 9.988972659733017512e-01 -2.876188142247579696e-02 7.418622056216589433e-01 -8.673957889747420102e-01 1.790390702997167113e-02 -4.972967012242944795e-01 3.170249298231789581e+00
-5.064214677226940298e-01 4.245453910338127523e-02 8.612403240100887647e-01 3.838965921999453457e+01 3.075384907691579989e-02 9.990410531369124936e-01 -3.116367855616204371e-02 6.894789697915316706e-01 -8.617374948410356783e-01 1.070450013387430274e-02 -5.072414781472239786e-01 2.768297948235431516e+00
-5.184584655498466477e-01 4.127166610310330219e-02 8.541062321761156984e-01 3.906571652716097276e+01 2.930020183237216566e-02 9.991054536309608158e-01 -3.049246869095393817e-02 6.696637292898032223e-01 -8.546006843371251049e-01 9.216407466888225375e-03 -5.192039497627105593e-01 2.371412222925362023e+00
-5.269423962956704122e-01 4.280823604126372806e-02 8.488222150891953088e-01 3.974042012458031792e+01 3.162348836543239089e-02 9.990266671679159938e-01 -3.075180022434298097e-02 6.334993158946242708e-01 -8.493124735942211290e-01 1.063829315674331283e-02 -5.277832529118278160e-01 1.939824382837561867e+00
-5.342715125602178761e-01 4.544180431792186475e-02 8.440906232964826561e-01 4.043221005542168456e+01 3.519734340606200246e-02 9.988839266493606539e-01 -3.149679411721179045e-02 5.837957787166965229e-01 -8.445798420339587498e-01 1.288190872953900480e-02 -5.352746583449752293e-01 1.499305297211661170e+00
-5.381553382561444776e-01 4.885401170520093511e-02 8.414286093142122613e-01 4.113016150343839428e+01 3.632058705648943259e-02 9.987355593424370737e-01 -3.475769553410845009e-02 5.485612943149790199e-01 -8.420627402227865987e-01 1.185614267484201220e-02 -5.392492803385278144e-01 1.061596994844570707e+00
-5.378612444478242383e-01 5.004134730769743689e-02 8.415468688095726346e-01 4.182725623348777333e+01 3.516210443246370332e-02 9.986996863364154819e-01 -3.691290914978112570e-02 4.988917461901181127e-01 -8.422997802148145530e-01 9.736536629857456618e-03 -5.389214163897453336e-01 6.155077570289106959e-01
-5.342168827162556699e-01 5.138450466824831531e-02 8.437842982423954252e-01 4.255449462271145933e+01 3.793053964651859483e-02 9.986026147408587628e-01 -3.679798812120151780e-02 4.640634956576162873e-01 -8.444960675251853566e-01 1.234708829341135856e-02 -5.354194191012897619e-01 1.384456913120608312e-01
-5.287311254365164581e-01 4.991110165040878177e-02 8.473206393603091025e-01 4.330864950581086248e+01 3.624155244189157521e-02 9.986867434853848868e-01 -3.621240396008475193e-02 4.162260313078837148e-01 -8.480153056767359976e-01 1.156159130254656026e-02 -5.298456228448531480e-01 -2.911893708597996788e-01
-5.215211945108110259e-01 4.871687955566351286e-02 8.518464040853135355e-01 4.405770610303988377e+01 3.404080909517437359e-02 9.987617869477209975e-01 -3.627831569182326382e-02 3.745395463013908022e-01 -8.525590178537171271e-01 1.007763129273160120e-02 -5.225338033590136710e-01 -7.570779012686150722e-01
-5.143850009437893611e-01 4.807739027068990562e-02 8.562106178126704936e-01 4.485582374430475028e+01 3.196306438335856648e-02 9.988083295619291091e-01 -3.688201805422101909e-02 3.229537639304642660e-01 -8.569635029499255152e-01 8.395559206834374635e-03 -5.153087254726461675e-01 -1.224510447803083268e+00
-5.080380373867855459e-01 4.664980862614088314e-02 8.600704241626097035e-01 4.564310705444808036e+01 2.902372843661900695e-02 9.988923908788439610e-01 -3.703531529295819857e-02 2.761283510476806868e-01 -8.608455075954494218e-01 6.147102510686438225e-03 -5.088292824127450542e-01 -1.685569801890320907e+00
-5.035326026131470289e-01 4.458948583115327630e-02 8.628248271669973768e-01 4.646919951876210320e+01 2.536631202108052124e-02 9.989997944735771185e-01 -3.682337312769658200e-02 2.341637468502149877e-01 -8.636037752349524643e-01 3.344915834091871914e-03 -5.041600385481633806e-01 -2.144449707276522066e+00
-5.016782129176901028e-01 4.174168110624060929e-02 8.640466360234920762e-01 4.731053859526532079e+01 2.047883798546286382e-02 9.991282821445967022e-01 -3.637709407768580094e-02 1.974976791652275354e-01 -8.648118871752984438e-01 -5.549235533284649965e-04 -5.020957134041191816e-01 -2.616801557816316404e+00
-5.022442123629788924e-01 3.913872805520903636e-02 8.638396249310105190e-01 4.812514541459029971e+01 1.771720628018224469e-02 9.992312313837341531e-01 -3.497208592584333253e-02 1.441005046797295130e-01 -8.645443100642213885e-01 -2.259702012952561918e-03 -5.025515329103309448e-01 -3.089405312565886241e+00
-5.033262566189575793e-01 3.775899699576179547e-02 8.632710605868013642e-01 4.896959026010810589e+01 1.611036143700355847e-02 9.992812125394208156e-01 -3.431493097835670858e-02 1.025090888101784226e-01 -8.639462645036114496e-01 -3.363996051271480291e-03 -5.035727843222354005e-01 -3.576870358901725666e+00
-5.041222756255737680e-01 3.732782492843079308e-02 8.628252147565689256e-01 4.984281331716113073e+01 1.611583305865690180e-02 9.992981336367030565e-01 -3.381597260426223717e-02 5.027931090813732989e-02 -8.634819184127677794e-01 -3.142237039895243340e-03 -5.043700193676600163e-01 -4.074048370329157009e+00
-5.038080840968534035e-01 3.659722033876089409e-02 8.630400016055597145e-01 5.071178910493158298e+01 1.587057688517681461e-02 9.993256391092734114e-01 -3.311180721465167148e-02 1.230995477647378600e-03 -8.636698162358980024e-01 -2.985052549192425235e-03 -5.040491558432492747e-01 -4.582253954561007703e+00
-5.037923816468569127e-01 3.615347200032081182e-02 8.630678705439077669e-01 5.159457736418509910e+01 1.633630303075860393e-02 9.993438580035878260e-01 -3.232612940334993884e-02 -3.819933891078743093e-02 -8.636702922333687749e-01 -2.186318540424655576e-03 -5.040524375975908855e-01 -5.105647564289957252e+00
-5.048230682988964491e-01 3.556163600805696545e-02 8.624900151783796431e-01 5.248249148418958754e+01 1.584865363852305808e-02 9.993644840964578391e-01 -3.192879693682319775e-02 -9.962832164437582239e-02 -8.630773442522751138e-01 -2.449086810135488266e-03 -5.050658504771307067e-01 -5.611452288993183046e+00
-5.048657794009228095e-01 3.411630649698096235e-02 8.625233961720965015e-01 5.337576713034535203e+01 1.411226125262780157e-02 9.994113308048447886e-01 -3.127036798176908994e-02 -1.454373605293766136e-01 -8.630824996165058494e-01 -3.615182300322111134e-03 -5.050500399136986784e-01 -6.127655377512659207e+00
-5.048453157104655364e-01 3.357507010957159338e-02 8.625566117041709724e-01 5.427856347956071659e+01 1.386683558009544313e-02 9.994297807985876858e-01 -3.078675197162100002e-02 -1.980640783555692175e-01 -8.630984476575908060e-01 -3.581615905421468068e-03 -5.050230244090283538e-01 -6.634079167255495513e+00
-5.042991873349540466e-01 3.267247625470738603e-02 8.629106706145983630e-01 5.515893957124628599e+01 1.260940315592596825e-02 9.994560405781426349e-01 -3.047336343791205021e-02 -2.449198272136382248e-01 -8.634369374133756825e-01 -4.486902990838697626e-03 -5.044368506806490293e-01 -7.137398370449933083e+00
-5.028643849436688074e-01 3.136792107023564369e-02 8.637959541286681642e-01 5.607129889704841474e+01 1.188396606591446587e-02 9.994977416005987880e-01 -2.937747202825657239e-02 -3.056854886824247330e-01 -8.642836305388221785e-01 -4.507561701655545504e-03 -5.029845936081090985e-01 -7.673456173002715985e+00
-5.010558573603474120e-01 2.867734481148115008e-02 8.649396650356020455e-01 5.696724760293098200e+01 1.217761468813617978e-02 9.995854978215131803e-01 -2.608712753238793744e-02 -3.595709205734330394e-01 -8.653292701911424745e-01 -2.538205167448327314e-03 -5.011973914887005721e-01 -8.179473258873395380e+00
-4.984059490665166403e-01 2.782148405130155031e-02 8.664972367917743723e-01 5.785311946329633770e+01 1.339375768464279998e-02 9.996127556336058539e-01 -2.439151503207735369e-02 -4.030814760227560134e-01 -8.668403137722533458e-01 -5.512212396703205499e-04 -4.985855796059384670e-01 -8.683713534876028817e+00
-4.954795038519178019e-01 2.728071137386929926e-02 8.681911139883171646e-01 5.875018589500750466e+01 1.290790407864047043e-02 9.996275622264921834e-01 -2.404418487290393633e-02 -4.597024564655411427e-01 -8.685237243270991225e-01 -7.068722348010942486e-04 -4.956471065961784439e-01 -9.213851607750008554e+00
-4.940225916843755116e-01 2.737351327810761889e-02 8.690180412461092629e-01 5.962277471786572391e+01 1.350781284404946325e-02 9.996252749234102453e-01 -2.380858463473177825e-02 -5.051173725762060362e-01 -8.693441380529813856e-01 -2.344468424878937097e-05 -4.942072265482013171e-01 -9.705206828054643964e+00
-4.927095591032296662e-01 2.797784064591695222e-02 8.697439376709650283e-01 6.050149239346988139e+01 1.374484193429566063e-02 9.996085422529816800e-01 -2.436886436373627424e-02 -5.435285256422408562e-01 -8.700852729366223004e-01 -5.227852796305930167e-05 -4.929012363508027406e-01 -1.020524110540355878e+01
-4.936572921340480202e-01 2.886334415120569985e-02 8.691774108996243031e-01 6.138695286037690835e+01 1.255732257425138179e-02 9.995814628977788274e-01 -2.606170864958940944e-02 -6.010433793429539318e-01 -8.695658710241114253e-01 -1.951010473943013725e-03 -4.938131257879748715e-01 -1.068839274202596634e+01
-4.958314931279088622e-01 3.090361886125180327e-02 8.678687015516600711e-01 6.228985704795297096e+01 1.173602225479176801e-02 9.995138059526338381e-01 -2.888628513773414466e-02 -6.464980726366861274e-01 -8.683394547315277379e-01 -4.137402594076961329e-03 -4.959531095878384477e-01 -1.118710671336190998e+01
-5.006477829019744252e-01 3.160353064574940307e-02 8.650739857235393293e-01 6.316754434529346440e+01 1.063725922559774321e-02 9.994824955592349625e-01 -3.035769697387917521e-02 -6.975497794043167277e-01 -8.655857314819129789e-01 -5.996496567110446742e-03 -5.007248716167254088e-01 -1.165300860589215581e+01
-5.059590907905964219e-01 3.010910959463493700e-02 8.620318013286739633e-01 6.402746331480101105e+01 1.071797414879235334e-02 9.995328734209949495e-01 -2.862097063491495647e-02 -7.374820802137688203e-01 -8.624908902319141646e-01 -5.241804830811386783e-03 -5.060454537230045791e-01 -1.217560019475651956e+01
-5.107271479112380774e-01 2.809990551159469163e-02 8.592835168387008560e-01 6.489702407155130004e+01 1.349344187791330293e-02 9.996046152705452270e-01 -2.466860619817965242e-02 -7.999770918300914690e-01 -8.596369696434564833e-01 -1.004233770097591374e-03 -5.109043798472547859e-01 -1.270616368470728297e+01
-5.166649837023760128e-01 2.568745315136055501e-02 8.558022178509875344e-01 6.575785033115812439e+01 1.079993952366275003e-02 9.996658411589259829e-01 -2.348547012061389175e-02 -8.420446548121482966e-01 -8.561195407070393282e-01 -2.891506933052671868e-03 -5.167697596749362132e-01 -1.320256739311101235e+01
-5.213861979812746128e-01 2.778875424328819399e-02 8.528682222294026172e-01 6.659294881372859720e+01 1.171833841153731293e-02 9.996085275166537443e-01 -2.540614569928438191e-02 -8.954704698541363639e-01 -8.532403676972111217e-01 -3.252214362890065453e-03 -5.215077288580949322e-01 -1.372591457067705534e+01
-5.263397706126697884e-01 3.024185225370477556e-02 8.497363491871758878e-01 6.744307213247961386e+01 1.221733017060865935e-02 9.995331062923357157e-01 -2.800546814308923008e-02 -9.410969174937421355e-01 -8.501865645781200298e-01 -4.358881256464416758e-03 -5.264635017757138824e-01 -1.426510572658050435e+01
-5.314962839819815654e-01 3.051795775042837749e-02 8.465106859016955365e-01 6.826903643820418210e+01 1.119003440097282587e-02 9.995165372310441665e-01 -2.900818694782120871e-02 -9.816633334070106187e-01 -8.469867147841108057e-01 -5.945259003106052355e-03 -5.315808235054220177e-01 -1.476154795785465978e+01
-5.353092796159942823e-01 3.119871066445943295e-02 8.440797371436239427e-01 6.908410902034979983e+01 1.021765117292358117e-02 9.994836766756397539e-01 -3.046275829345046829e-02 -1.028355396540426625e+00 -8.445943324856786116e-01 -7.682484030496673603e-03 -5.353516656798893436e-01 -1.526456418702827023e+01
-5.389064161860058766e-01 3.029581480477246819e-02 8.418206610132369372e-01 6.991022433316082640e+01 1.019049988348752489e-02 9.995143861516981865e-01 -2.944733549434610381e-02 -1.086076567715648977e+00 -8.423040068417281256e-01 -7.290783836595296843e-03 -5.389534464494382116e-01 -1.578126867930729382e+01
-5.410916148093157796e-01 2.390139437578559650e-02 8.406239199967464604e-01 7.074473003373094571e+01 1.148042287489186609e-02 9.997128219799139570e-01 -2.103505263655020344e-02 -1.140437480635994927e+00 -8.408852929296752876e-01 -1.731171610948614714e-03 -5.412106244881196293e-01 -1.633713927581839798e+01
-5.428816533791976928e-01 1.594477242745295092e-02 8.396578242475117859e-01 7.155651330052452863e+01 1.253921151474296676e-02 9.998621901190543060e-01 -1.087974834283769558e-02 -1.166772745614639284e+00 -8.397156007567586622e-01 4.622232260090058421e-03 -5.430067749779968755e-01 -1.685856785839802541e+01
-5.450313642303105111e-01 1.290807002068943520e-02 8.383162773875199036e-01 7.236987465950291210e+01 1.269281426462655175e-02 9.998939240513404769e-01 -7.143744815301530764e-03 -1.199368887192659106e+00 -8.383195786718166120e-01 6.747028812643374868e-03 -5.451373904252930780e-01 -1.738264779015088379e+01
-5.456741021665669766e-01 1.768836278878838444e-02 8.378107681708080179e-01 7.318297540630685205e+01 1.234603567980896953e-02 9.998383870771602178e-01 -1.306809509013728832e-02 -1.237291868727509181e+00 -8.379065348407329639e-01 3.212721536417241768e-03 -5.458042965164170424e-01 -1.790749384794927579e+01
-5.472269801870647266e-01 2.331565590777931810e-02 8.366594286785149492e-01 7.398452561750222856e+01 1.306018118561458677e-02 9.997280898869296273e-01 -1.931781395330782816e-02 -1.285130001261918675e+00 -8.368823545112958895e-01 3.556956596977936817e-04 -5.473826915047649289e-01 -1.841579059862046464e+01
-5.479035646843323226e-01 2.868457133953004543e-02 8.360495598016861596e-01 7.477798719648254178e+01 1.957448124039013262e-02 9.995779131983438814e-01 -2.146707005647545061e-02 -1.317111372926946800e+00 -8.363124625025574188e-01 4.603353175906901157e-03 -5.482337886016583894e-01 -1.893977446513352092e+01
-5.473148078552092510e-01 2.845975480730303375e-02 8.364427838883732313e-01 7.556574748553146037e+01 2.172693798773168983e-02 9.995679888975966820e-01 -1.979332464487143506e-02 -1.370825437848209205e+00 -8.366447589766266013e-01 7.340161805369336753e-03 -5.476967062871569425e-01 -1.945315873222238068e+01
-5.472738852064760184e-01 2.655959630683111389e-02 8.365320493991167394e-01 7.633429700092170833e+01 2.213074138412351316e-02 9.996061041073255327e-01 -1.725882036996639890e-02 -1.397408272788444261e+00 -8.366609446555596241e-01 9.067773768420947858e-03 -5.476461010056544731e-01 -1.998360687214650255e+01
-5.469159974374017130e-01 2.134275228108110933e-02 8.369153875486139427e-01 7.714654846356134499e+01 2.028683647238005774e-02 9.997193072576321393e-01 -1.223727620535565615e-02 -1.426653651166264192e+00 -8.369416631271490159e-01 1.028560450331865612e-02 -5.471954601892949910e-01 -2.049840024592793597e+01
-5.458318766321164084e-01 1.522438032798739162e-02 8.377563893592996358e-01 7.794599248042143813e+01 1.831091954683962061e-02 9.998128744001281154e-01 -6.239100796089321228e-03 -1.458265782103113084e+00 -8.376946246496670412e-01 1.193459078608603147e-02 -5.460085110964322253e-01 -2.101925347309595793e+01
-5.459883100420857005e-01 8.356778486877823250e-03 8.377511066914284932e-01 7.874944359223866286e+01 9.316820798225156075e-03 9.999489816551508925e-01 -3.902681275257746142e-03 -1.486386814804786738e+00 -8.377409943692084582e-01 5.674359564497721484e-03 -5.460383144072611383e-01 -2.152884723094681263e+01
-5.440095503210822248e-01 3.210358202518034422e-03 8.390728752204963392e-01 7.953977738015392163e+01 1.164953789535107904e-03 9.999946066347559226e-01 -3.070762523858924439e-03 -1.507492552691621412e+00 -8.390782225694727314e-01 -6.930420838921815549e-04 -5.440103573763924727e-01 -2.202055875618550118e+01
-5.431633694571994520e-01 3.905661130979129828e-03 8.396179411181172725e-01 8.031799638699011723e+01 4.584031205280908287e-03 9.999880716756301968e-01 -1.686166175037074689e-03 -1.524058919418564750e+00 -8.396145260167502400e-01 2.932972104917290403e-03 -5.431747952803969159e-01 -2.251613874693979866e+01
-5.392418219572633342e-01 6.933103876753807931e-03 8.421224237670114077e-01 8.115989348084978872e+01 9.238159663883012060e-03 9.999546429538346271e-01 -2.316986210796348304e-03 -1.564000803883551116e+00 -8.421003060734307821e-01 6.530246537774804690e-03 -5.392814138451318406e-01 -2.305694160395372450e+01
-5.343220568213860044e-01 1.013757433511437538e-02 8.452201820734160931e-01 8.192756383117574615e+01 1.045585021599830348e-02 9.999308451957376054e-01 -5.383307972529396794e-03 -1.584122252875842518e+00 -8.452163193612163283e-01 5.961076426037189083e-03 -5.343911040310619365e-01 -2.351665423346368655e+01
-5.265861069402997252e-01 1.179928507335984908e-02 8.500399024267545345e-01 8.270883970176396360e+01 1.519793039417873838e-02 9.998745388414396196e-01 -4.464242687127545177e-03 -1.606507533873439586e+00 -8.499859450335658373e-01 1.056804012820114491e-02 -5.266993667457353645e-01 -2.398454882269328792e+01
-5.175087561226803246e-01 1.394538559296542961e-02 8.555642584108865689e-01 8.353005526833631222e+01 2.158323464013657197e-02 9.997618028294797954e-01 -3.240609504246577850e-03 -1.647206989819661960e+00 -8.554056717990893288e-01 1.678880144099151664e-02 -5.176864747341107797e-01 -2.449947267024551323e+01
-5.087499581097091328e-01 1.432510337363100163e-02 8.607951313182173880e-01 8.430330283127533164e+01 2.148630719835554342e-02 9.997613836224747974e-01 -3.938830387324876968e-03 -1.655395494531435086e+00 -8.606461705698019715e-01 1.649142992834449345e-02 -5.089363568202259769e-01 -2.495321654199204531e+01
-4.971420840574233835e-01 1.200853095414311858e-02 8.675860359712619374e-01 8.515691809763610820e+01 1.837664519739029209e-02 9.998256603025785783e-01 -3.308758234777772495e-03 -1.683070509310540697e+00 -8.674745296415810047e-01 1.429839887988867096e-02 -4.972760901897181340e-01 -2.542872702898912962e+01
-4.858006017926298492e-01 9.359761753228562284e-03 8.740195400221462130e-01 8.594817472103412115e+01 1.929177504218424280e-02 9.998138962470813906e-01 1.594618444460496766e-05 -1.704757377548429709e+00 -8.738567475975307364e-01 1.686913612788687802e-02 -4.858907601246957308e-01 -2.588250721880508110e+01
-4.746125199154943575e-01 8.294999110696971503e-03 8.801557447033877546e-01 8.675589368419389302e+01 1.943735196669291176e-02 9.998105163266606255e-01 1.058658605483899428e-03 -1.728659111603069176e+00 -8.799802032386581097e-01 1.761035074913829337e-02 -4.746838226467001154e-01 -2.629844905638258723e+01
-4.629747771521138811e-01 7.293155250876167013e-03 8.863414417892361286e-01 8.756448954039754540e+01 1.918028322396091168e-02 9.998144357796950876e-01 1.791845172757645238e-03 -1.732731229680273932e+00 -8.861639156840031006e-01 1.782986013876931494e-02 -4.630287516281242355e-01 -2.670852858876957114e+01
-4.505401978028660825e-01 7.938551979826662802e-03 8.927208383346328935e-01 8.841846800668679407e+01 2.088382705167141085e-02 9.997805490048216059e-01 1.649110025629809979e-03 -1.759206355150989776e+00 -8.925118537821357112e-01 1.938641910133449137e-02 -4.506071149100384088e-01 -2.711220226688846324e+01
