1.000000000000000000e+00 4.398956837314658088e-19 2.733407509747682871e-20 -8.673617379884035472e-19 -5.583667658079949532e-19 1.000000000000000000e+00 -6.100159232558060012e-19 0.000000000000000000e+00 4.145284534913582806e-20 -2.210423569125054137e-19 1.000000000000000222e+00 0.000000000000000000e+00
9.998979729890279389e-01 3.252640372037488925e-04 1.428068036393704936e-02 -9.383244637146703759e-02 -3.210241386476295590e-04 9.999999037150026915e-01 -2.991891459097183333e-04 -1.044875453769257556e-02 -1.428077655196797503e-02 2.945741931251009017e-04 9.998979811113447580e-01 2.218718298203964379e-02
9.995524703729492533e-01 1.644266605524789078e-03 2.986897022110311661e-02 -9.619014137413406385e-02 -1.630804309893701433e-03 9.999985573946781336e-01 -4.750673674966366614e-04 -1.757704953612819476e-02 -2.986970878713184410e-02 4.261443458515910094e-04 9.995537098482629723e-01 1.007824160923564971e-02
9.979519472238379540e-01 5.125667791595691324e-03 6.376236014338093616e-02 -7.817261571733170183e-03 -5.207172086678898797e-03 9.999858241617471943e-01 1.112134889829628033e-03 8.326402632290536010e-03 -6.375575692762253111e-02 -1.441878718449471526e-03 9.979644905634323937e-01 4.151179019738309717e-01
9.954259677459679212e-01 4.148055231456239042e-03 9.544598651917926557e-02 1.913537932406831482e-02 -4.440230345734020277e-03 9.999860837606204811e-01 2.848973018272992364e-03 1.281279020717056294e-02 -9.543284222240955295e-02 -3.259743833612214255e-03 9.954305333472487360e-01 5.435067290201889278e-01
9.908818849797620398e-01 1.718107963057969494e-03 1.347224479957013776e-01 1.472748300434006119e-01 -2.379706271918316952e-03 9.999858874167383282e-01 4.749944067525341956e-03 1.507194805780233404e-02 -1.347123881253494138e-01 -5.027233307452062816e-03 9.908719894807993533e-01 8.135957215555555955e-01
9.851044330072995514e-01 -2.439427240365682741e-03 1.719398295758254036e-01 1.493984670243612700e-01 1.460508202933408694e-03 9.999819991105207695e-01 5.819653469635098324e-03 -1.601816865908423093e-02 -1.719509340992589896e-01 -5.481846788004594156e-03 9.850902628144980744e-01 9.032219431374746144e-01
9.763966732808366800e-01 -2.547987698402331014e-03 2.159700063850924223e-01 2.667065473807907483e-01 1.152808079519111956e-03 9.999776489602560936e-01 6.585788453519795908e-03 -5.114654551146083361e-03 -2.159819634727414839e-01 -6.181369821358328499e-03 9.763777868388413550e-01 1.179467898949104754e+00
9.647735748396085720e-01 -2.544510675387620224e-03 2.630693329131731373e-01 3.533679087540181896e-01 -1.255423575795294071e-04 9.999486589495114597e-01 1.013230977346593793e-02 3.233644179853167877e-03 -2.630816129738629550e-01 -9.808410907030778655e-03 9.647237225395868254e-01 1.341250870736046208e+00
9.504310119624650444e-01 -6.049560710508500826e-03 3.108766524965921318e-01 5.410313514747436825e-01 9.066349143945685472e-04 9.998603822186714618e-01 1.668514533786365564e-02 2.522913707697577168e-02 -3.109341917571691871e-01 -1.557622778699054022e-02 9.503037992030181069e-01 1.632570479881909398e+00
9.334998801659338818e-01 -1.579000806032979098e-02 3.582298810117451326e-01 6.326287746519567712e-01 7.332505690167159980e-03 9.996616737500040317e-01 2.495540766649332817e-02 -3.292368988343535863e-03 -3.585027347153572075e-01 -2.066914726545266215e-02 9.332998324776049515e-01 1.807282794650435953e+00
9.124674590927157602e-01 -2.153171512198308671e-02 4.085823283112380300e-01 8.102096594961443188e-01 1.016533865470108620e-02 9.994990940666041990e-01 2.997043239561631225e-02 -7.080662741152071726e-03 -4.090229888709664974e-01 -2.319366637075134449e-02 9.122292753359722006e-01 2.035273177680866130e+00
8.876015583657201891e-01 -2.348691373389576870e-02 4.600128644024142344e-01 9.992406900325165875e-01 8.882631954060034307e-03 9.993862111063838150e-01 3.388657354988992149e-02 -7.820518884825364281e-03 -4.605264125942543085e-01 -2.599165030643581231e-02 8.872653833576207294e-01 2.292476193389681782e+00
8.591972256510355122e-01 -2.544018776273030205e-02 5.110116636762420672e-01 1.167067655991024466e+00 6.838454491764383442e-03 9.992448612960380672e-01 3.824843369656332620e-02 2.656519483135405535e-02 -5.115988351564251246e-01 -2.936841787469366902e-02 8.587223834269791523e-01 2.507417580482095065e+00
8.270884237606149769e-01 -3.074896402050205854e-02 5.612301094327308837e-01 1.398612226842538275e+00 7.933875547767000116e-03 9.990416829745133453e-01 4.304380627327261677e-02 2.376713109688220749e-02 -5.620158352160337101e-01 -3.114830376785765811e-02 8.265397685154268759e-01 2.764970694227621983e+00
7.916397324783330802e-01 -3.654516836997931395e-02 6.098942358435508471e-01 1.608511850901834572e+00 1.022929747547383222e-02 9.988624295715649026e-01 4.657475943506862032e-02 2.278031031183311295e-02 -6.109025311704036065e-01 -3.063164020117971689e-02 7.911130170781847104e-01 2.934101940573482281e+00
7.539662158537812076e-01 -4.100365917941600075e-02 6.556322433998588162e-01 1.876309267521450996e+00 1.131514272174725944e-02 9.987126077705541505e-01 4.944789756275005249e-02 3.041014986012457316e-02 -6.568157436273749372e-01 -2.986347141242608194e-02 7.534595269487694980e-01 3.135751585498536276e+00
7.136916516214716344e-01 -4.426650014273425526e-02 6.990598655759534541e-01 2.181755348510216574e+00 1.230673560850121563e-02 9.986394991167953927e-01 5.067242847481527590e-02 4.048841040423383636e-02 -7.003518971737726639e-01 -2.756134377391520132e-02 7.132654486383147585e-01 3.398874378134240537e+00
6.725950573213934636e-01 -4.626852005659746331e-02 7.385628640939936318e-01 2.471791463372479125e+00 1.153362352858024534e-02 9.985776596386061188e-01 5.205413666323819438e-02 5.293953899854095951e-02 -7.399208569754337494e-01 -2.649304849823548233e-02 6.721720408862010832e-01 3.575385376604488741e+00
6.298923918597759686e-01 -4.651634250140319199e-02 7.752882011742278090e-01 2.841737747962754135e+00 7.236984560114695202e-03 9.985130986682039245e-01 5.402978615466476342e-02 8.430273974088463296e-02 -7.766487055743905854e-01 -2.842220196222594586e-02 6.292924409948956743e-01 3.824357431878430358e+00
5.882167437013587907e-01 -4.744005187752747127e-02 8.073106547856898629e-01 3.146503164938892372e+00 4.371293765416907860e-03 9.984498409488679060e-01 5.548699714764013247e-02 1.032400492855364976e-01 -8.086915148658346819e-01 -2.910938819069189970e-02 5.875122874693167185e-01 4.029479922831140648e+00
5.479624432108953780e-01 -4.833395003138780954e-02 8.351053698249164547e-01 3.555465675714793328e+00 2.061041507920115257e-03 9.984042646765667328e-01 5.643293664883334421e-02 1.218020282416735767e-01 -8.365004038848468104e-01 -2.920194242597936446e-02 5.471876572969035513e-01 4.227537681370054479e+00
5.093790133464781711e-01 -5.107742931519228952e-02 8.590250897676312558e-01 3.978842060788115642e+00 1.262746448386821516e-03 9.982802321706462090e-01 5.860873213634892887e-02 1.309227365840708313e-01 -8.605413643006054603e-01 -2.876932664874107606e-02 5.085674963506436885e-01 4.441662023101027756e+00
4.719009089047286887e-01 -5.092061714290348901e-02 8.801798737341373080e-01 4.375037181993967295e+00 -1.815632063697093139e-03 9.982724876161271910e-01 5.872600708473928871e-02 1.570620483344953300e-01 -8.816497318647157355e-01 -2.931093828263062542e-02 4.709932399076477427e-01 4.633383074432670945e+00
4.355064218041792001e-01 -5.020433433597415451e-02 8.987845503640649047e-01 4.827415176692460008e+00 -3.050383848825239958e-03 9.983555440177608320e-01 5.724423858082452327e-02 1.838526900520685015e-01 -9.001804631878683738e-01 -2.767187071612745367e-02 4.346371069187380809e-01 4.808456362967713282e+00
4.027120565081855341e-01 -4.901674286070338560e-02 9.140133174852429487e-01 5.347726944085315459e+00 -1.629893938194022568e-03 9.985251264795718118e-01 5.426707288168647336e-02 2.022535868796573322e-01 -9.153252744310323985e-01 -2.334374855694004713e-02 4.020382137913283138e-01 5.007982066053374481e+00
3.725683179661079536e-01 -4.726618376786605874e-02 9.268002708003940660e-01 5.861404878121917683e+00 1.129129221883419987e-04 9.987043674567914753e-01 5.088785354784745862e-02 2.226384181755302061e-01 -9.280047688970347597e-01 -1.885455348991379662e-02 3.720909419967059484e-01 5.186490379516577320e+00
3.469245837750766781e-01 -4.547236704548749536e-02 9.367900417331364027e-01 6.373666718141516974e+00 1.254244550764295777e-03 9.988455824198666511e-01 4.802009285098445684e-02 2.473226350935127660e-01 -9.378921983530477124e-01 -1.548438609410011761e-02 3.465811200955439819e-01 5.363686933841678162e+00
3.267328079224461890e-01 -4.486273469621192278e-02 9.440513716339344885e-01 6.966506804234928296e+00 2.181754879460459911e-03 9.989059035330070113e-01 4.671440675879776072e-02 2.680129929247255793e-01 -9.451142407527870493e-01 -1.320343974885591042e-02 3.264732088818105837e-01 5.532763718426751964e+00
3.117845957462401785e-01 -4.535258438025815270e-02 9.490698044840089054e-01 7.542730588883399534e+00 3.312032684396643001e-03 9.989059912544732134e-01 4.664601847743542890e-02 2.978345744853554411e-01 -9.501470477477390597e-01 -1.140015892344070809e-02 3.115937085861418265e-01 5.714761426449697090e+00
2.996167940773844518e-01 -4.694171047624269566e-02 9.529041070435321226e-01 8.165057216894620495e+00 4.284158955530751461e-03 9.988449718438775493e-01 4.785779106537088601e-02 3.155516856927478297e-01 -9.540500190514886736e-01 -1.025660437167994106e-02 2.994718326606563563e-01 5.913930559768228790e+00
2.890762356034410341e-01 -4.885003778906250871e-02 9.560588833306040701e-01 8.799425232236480099e+00 3.260641446091403287e-03 9.987416399690242086e-01 5.004502742628594986e-02 3.514567152228365021e-01 -9.573005350903643906e-01 -1.134946202876321690e-02 2.888717547435122324e-01 6.105592125226143807e+00
2.780155343901999365e-01 -5.042370905743157744e-02 9.592522070133694401e-01 9.468213348001572882e+00 1.390637878376216503e-03 9.986413643960034836e-01 5.209118356537881245e-02 3.863261342127732312e-01 -9.605755801164528318e-01 -1.314818490278357038e-02 2.777079323653609544e-01 6.296207992026993772e+00
2.673535266225602336e-01 -5.223255468095391180e-02 9.621818104596643328e-01 1.015543576021574879e+01 8.273976343059179098e-04 9.985418645380639280e-01 5.397647764001426568e-02 4.121021816404183968e-01 -9.635981650329790149e-01 -1.363469381808989599e-02 2.670069047116294669e-01 6.474827606310297412e+00
2.576252712083865748e-01 -5.425903712827777337e-02 9.647202500061700103e-01 1.085540837482905552e+01 -7.828898985576390399e-05 9.984209134932408025e-01 5.617538010098606371e-02 4.389789351944583529e-01 -9.662449120284648529e-01 -1.454772363123403231e-02 2.572142093852350375e-01 6.661875948596561514e+00
2.476662070191165133e-01 -5.591393296553527625e-02 9.672306168388110637e-01 1.157719780309784774e+01 -5.677123523035921713e-04 9.983247310941048003e-01 5.785679689245227381e-02 4.671976138622999652e-01 -9.688452632867144976e-01 -1.487828132738028449e-02 2.472195551412903203e-01 6.844184677423172936e+00
2.370268470442883635e-01 -5.712745616382735453e-02 9.698219999463214558e-01 1.235510565189640175e+01 -1.282353941410695674e-03 9.982503294612302680e-01 5.911544008678341899e-02 4.996295638065906264e-01 -9.715022624851664679e-01 -1.525560056059088211e-02 2.365388691792743303e-01 7.030289979334701123e+00
2.270159849270940999e-01 -6.003803275273528195e-02 9.720386623837086182e-01 1.312049173490136234e+01 -2.407768177555201245e-03 9.980603281403128690e-01 6.220758796567369547e-02 5.315626871334484527e-01 -9.738880643957252836e-01 -1.646255973749246454e-02 2.264310893866788299e-01 7.210913935562778043e+00
2.159439441824639039e-01 -6.346184206853686116e-02 9.743412089384065888e-01 1.390754324041952117e+01 -4.286204234240477765e-03 9.978143394118693665e-01 6.594067387565481775e-02 5.808881007859210133e-01 -9.763963632801795356e-01 -1.841571375306098879e-02 2.151999522374044016e-01 7.379983634784237800e+00
2.029127432045136903e-01 -6.742317981477197186e-02 9.768728255132309579e-01 1.466950168759703388e+01 -4.382825025267806859e-03 9.975541073665475933e-01 6.976097526106027347e-02 6.160240195535607866e-01 -9.791870231830644977e-01 -1.843685265744526847e-02 2.021209350567403640e-01 7.556826202014334193e+00
1.902013624374888079e-01 -6.987528773190729292e-02 9.792552627115220787e-01 1.546960745166494533e+01 -5.234205422516547378e-03 9.973775217919614855e-01 7.218505429819313535e-02 6.573820288663100309e-01 -9.817311555462842065e-01 -1.885531801213469194e-02 1.893368205320903885e-01 7.704190191131105259e+00
1.757507786817563422e-01 -7.042351101753505094e-02 9.819125095618311816e-01 1.628213110233937400e+01 -5.979314104253097804e-03 9.973431827771076508e-01 7.260043744984154279e-02 6.961623712454879653e-01 -9.844165422307812330e-01 -1.863074585644034636e-02 1.748627553222679154e-01 7.849105747618841278e+00
1.622302085505334390e-01 -6.976807520966751830e-02 9.842833730996126684e-01 1.706795254481477642e+01 -7.588033882515088889e-03 9.973795902127445823e-01 7.194702717893926291e-02 7.347552397510267452e-01 -9.867237699874360501e-01 -1.914075593491475907e-02 1.612756950312986826e-01 7.972599687146297853e+00
1.450083808286443954e-01 -6.858879609082764450e-02 9.870502164866419292e-01 1.788683373725620385e+01 -8.700946682836054394e-03 9.974673996112239927e-01 7.059093564221476103e-02 7.730332521832034010e-01 -9.893921771306647406e-01 -1.882454770522784537e-02 1.440443437108118729e-01 8.094336835525496099e+00
1.244021707592284920e-01 -6.722997592430338121e-02 9.899516217697837961e-01 1.871071373405348481e+01 -1.145198652261968791e-02 9.975381613723500740e-01 6.918430872051681280e-02 8.146079036014001185e-01 -9.921657972001978187e-01 -1.994358994398654286e-02 1.233259945293298937e-01 8.199122970353904805e+00
9.965872122885609252e-02 -6.585885024665182053e-02 9.928397323782885975e-01 1.951497284898163898e+01 -1.589049725441377472e-02 9.975745553027676182e-01 6.776797682483795549e-02 8.557210435211889399e-01 -9.948947927596620833e-01 -2.253038609776760251e-02 9.837047324671567561e-02 8.276081057804949737e+00
6.956130357724535362e-02 -6.549919273971314959e-02 9.954250668547428571e-01 2.034046097997539704e+01 -1.968190790631273515e-02 9.975578293509945738e-01 6.701492060715628918e-02 8.971848766176637735e-01 -9.973835094247333055e-01 -2.425350888634085836e-02 6.810227253426123784e-02 8.333003782602315113e+00
3.617995060528269441e-02 -6.529881167997809988e-02 9.972096365273770413e-01 2.119496626354709434e+01 -2.265174420455617552e-02 9.975529986442613906e-01 6.614312791302875971e-02 9.391077723968745961e-01 -9.990885481278570790e-01 -2.498159186375176199e-02 3.461228484595893495e-02 8.343386974434151782e+00
1.945890465769969284e-03 -6.450664172214889969e-02 9.979153718747535429e-01 2.204829401313801895e+01 -2.453530749321975249e-02 9.976137798921458355e-01 6.453498935968218775e-02 9.705849880682692055e-01 -9.996970788762100657e-01 -2.460973767266955506e-02 3.585554595680562838e-04 8.337775155218485779e+00
-3.216415673871027281e-02 -6.357377604671762827e-02 9.974586832170556638e-01 2.288471040411449664e+01 -2.570963814144634069e-02 9.976974501826741948e-01 6.275995862665491309e-02 1.002955883234684542e+00 -9.991518897448248282e-01 -2.362567979989996930e-02 -3.372455733575731307e-02 8.295869343232212145e+00
-6.537059773421127762e-02 -6.168256005057164149e-02 9.959527747064947922e-01 2.371528924804644234e+01 -2.805331343496821755e-02 9.978067355549462558e-01 5.995606805573575060e-02 1.037519676832419968e+00 -9.974666479179108425e-01 -2.402041049120667154e-02 -6.695762430785527630e-02 8.232321522018423821e+00
-9.695129746601911791e-02 -5.841242083988210099e-02 9.935735593084888961e-01 2.455754335334824745e+01 -2.978998500306208330e-02 9.979993673100173712e-01 5.576575707297225931e-02 1.075741859516616827e+00 -9.948432136438944973e-01 -2.419197807433661612e-02 -9.849744005953176007e-02 8.159553363979716423e+00
-1.283409852389958139e-01 -5.412551951433799968e-02 9.902519893756102087e-01 2.537376989880180389e+01 -2.705678384706665038e-02 9.983289910614114859e-01 5.106031799216252665e-02 1.095241988729680704e+00 -9.913609528381268632e-01 -2.023990162503363360e-02 -1.295909901714641654e-01 8.059310135053005197e+00
-1.603860179825468690e-01 -4.871875101130796609e-02 9.858513029161705132e-01 2.621491405183414969e+01 -2.282833006390518407e-02 9.986970950422555671e-01 4.563967262017860210e-02 1.115357561349709536e+00 -9.867903572877964047e-01 -1.518537265362100187e-02 -1.612892193516353156e-01 7.908189794443267751e+00
-1.916315042777973487e-01 -4.265197298769680956e-02 9.805397283312633494e-01 2.705721241812490874e+01 -1.649109445681272781e-02 9.990541714956510111e-01 4.023439112480215601e-02 1.135515193749415230e+00 -9.813283990558818726e-01 -8.459995398135820854e-03 -1.921536328264247251e-01 7.717196755815503018e+00
-2.207238020352405017e-01 -3.709682591335144303e-02 9.746306028203313154e-01 2.785652747330270174e+01 -1.064221672733470236e-02 9.993085267975294617e-01 3.562599463580783804e-02 1.145745392896406756e+00 -9.752783000829944315e-01 -2.508724083262410358e-03 -2.209659712673607557e-01 7.510482183229792774e+00
-2.490017384757276797e-01 -3.021344714169650614e-02 9.680316447661493351e-01 2.868598239258106375e+01 -1.953690037124756074e-03 9.995269213884464543e-01 3.069391639102420077e-02 1.171504951113194970e+00 -9.685010754951520751e-01 5.751605863515661665e-03 -2.489429701467880118e-01 7.291188882650857295e+00
-2.758855944680284056e-01 -1.996160905075130068e-02 9.609831718387703559e-01 2.952510280968981249e+01 3.979347518562575958e-03 9.997520421053590622e-01 2.190933781197276428e-02 1.168390719983292136e+00 -9.611822507620537692e-01 9.868557815127765656e-03 -2.757377536257939465e-01 7.045217777188052644e+00
-3.001777591110666443e-01 -5.053236221200342777e-03 9.538698871336590557e-01 3.027936704749384589e+01 8.498415817016527832e-03 9.999321124431607144e-01 7.971663330499775477e-03 1.160069194357410849e+00 -9.538454304598894540e-01 1.049930009048805415e-02 -3.001144376135148062e-01 6.790693134252774321e+00
-3.246576433287366448e-01 1.171152034150103882e-02 9.457590808469285015e-01 3.106232715269775113e+01 8.766380052223986252e-03 9.999176464919369289e-01 -9.372875773157308271e-03 1.131990004232145353e+00 -9.457909812743878764e-01 5.247908835279278816e-03 -3.247335756008747354e-01 6.484610462355126614e+00
-3.500414852430991930e-01 2.627634829192114149e-02 9.363655784434958829e-01 3.185355603311725758e+01 7.906698679697572729e-03 9.996537628691227750e-01 -2.509658308785867042e-02 1.099214806169870551e+00 -9.367008366871606428e-01 -1.381283758268350096e-03 -3.501280483695691781e-01 6.205552064755048391e+00
-3.749007326777213378e-01 3.716306232646464369e-02 9.263197785314132293e-01 3.260365295618827020e+01 1.181852904177336551e-02 9.993065926558962753e-01 -3.530801920827886242e-02 1.064832507523983285e+00 -9.269896317599604085e-01 -2.289264110886631096e-03 -3.750799877925274362e-01 5.914907403700131461e+00
-3.980649696693577821e-01 4.198660086902221422e-02 9.163958698210626919e-01 3.337139873046681515e+01 1.573235282066229312e-02 9.991175850755801280e-01 -3.894283289361395034e-02 1.016046922052524559e+00 -9.172223214894512644e-01 -1.084713490981275555e-03 -3.983742605092958078e-01 5.550422652445331728e+00
-4.205803356133579474e-01 4.123667220960908208e-02 9.063176614261074793e-01 3.409943157451856166e+01 1.772997215379266966e-02 9.991493227442801439e-01 -3.723276663108986140e-02 9.686033132646103549e-01 -9.070820487029196411e-01 4.096183775465122223e-04 -4.209536838148723592e-01 5.184079869594542700e+00
-4.408754758322061540e-01 3.791764983005981721e-02 8.967669999355951660e-01 3.485838662851050174e+01 2.205461306192557300e-02 9.992632692593816923e-01 -3.140879990506304648e-02 9.376623118107397792e-01 -8.972972875361026057e-01 5.930480596488695369e-03 -4.413869296752194193e-01 4.808709965604559322e+00
-4.588573000156265236e-01 3.655887469452080013e-02 8.877575190887629919e-01 3.557393609401453460e+01 2.919271393588651273e-02 9.992340193658252323e-01 -2.606069734655806075e-02 9.060389501072136920e-01 -8.880302791765544157e-01 1.395791115596121089e-02 -4.595730782318130370e-01 4.398501663434701392e+00
-4.734771919952047159e-01 3.737749185785369660e-02 8.800126463767747875e-01 3.628995661263319050e+01 3.298539957046881660e-02 9.991508117535755629e-01 -2.469045835226088559e-02 8.580437698714892258e-01 -8.801882326403307477e-01 1.733720098060638481e-02 -4.743080334730256920e-01 4.041803014996356858e+00
-4.844870293772289838e-01 4.047527701130172739e-02 8.738615774336482289e-01 3.697254463315966433e+01 3.556204271148419305e-02 9.990145813036542810e-01 -2.655574143529957840e-02 8.010036549516506010e-01 -8.740753240363813292e-01 1.821039156358020272e-02 -4.854489915621960638e-01 3.627343905858424922e+00
-4.942108103727420043e-01 4.319163095563936794e-02 8.682684747740342379e-01 3.769094149402462079e+01 3.691728859565088922e-02 9.989067690778445918e-01 -2.867717616890450710e-02 7.557247243719580343e-01 -8.685578858910198985e-01 1.788154848294730426e-02 -4.952650429620896744e-01 3.238554509630679590e+00
-5.047335767984146848e-01 4.252256829430343943e-02 8.622272520464540069e-01 3.839037051666483791e+01 3.109476394138132108e-02 9.990335084884989225e-01 -3.106709705242582942e-02 7.041148134229735511e-01 -8.627149844279300428e-01 1.113014687915159576e-02 -5.055679865197632017e-01 2.839053252403941574e+00
-5.160865829552838679e-01 4.129392409915807333e-02 8.555404358944694865e-01 3.907594083456806544e+01 2.929385840182353179e-02 9.991038110904788550e-01 -3.055232354199254388e-02 6.896031453907466302e-01 -8.560353502017888916e-01 9.294437135954977322e-03 -5.168337314546719297e-01 2.418221322996547240e+00
-5.245895422293022081e-01 4.266000302348012946e-02 8.502857891320180217e-01 3.974275521003243483e+01 3.151220304303874176e-02 9.990323557134319632e-01 -3.068115453005491530e-02 6.500106072160800608e-01 -8.507718878294424636e-01 1.069936663768951760e-02 -5.254262380318081016e-01 1.996163352663860246e+00
-5.319717938073745822e-01 4.569413507089131049e-02 8.455282630539239230e-01 4.043548129245817080e+01 3.528258057283046450e-02 9.988718605291150299e-01 -3.178278924111374582e-02 5.982908876708517010e-01 -8.460266909689719839e-01 1.292487269365884262e-02 -5.329838636241500671e-01 1.559853826797096055e+00
-5.359310318392317418e-01 4.897085010004736949e-02 8.428403004354531047e-01 4.111731393581443683e+01 3.617574150216178869e-02 9.987314553555050045e-01 -3.502564415288984129e-02 5.657622696042838850e-01 -8.434863700683354892e-01 1.171904423979230198e-02 -5.370227374023001099e-01 1.107028125459613488e+00
-5.352707590194937248e-01 5.036492236309971643e-02 8.431776658632434973e-01 4.185171698927939588e+01 3.516685484637164377e-02 9.986840586740067804e-01 -3.732885223093915239e-02 5.132288957312421962e-01 -8.439481728909795644e-01 9.670864514007867022e-03 -5.363375512107502185e-01 6.755083009302658148e-01
-5.322807651089024317e-01 5.114459635329750981e-02 8.450215407807217805e-01 4.255262143280425136e+01 3.772919743758518935e-02 9.986147640961990923e-01 -3.667506680368014249e-02 4.774161182520869628e-01 -8.457267327428394932e-01 1.236055295382906469e-02 -5.334730764481616649e-01 2.202702449063937973e-01
-5.263727856435371777e-01 5.012978046430549561e-02 8.487748126343865884e-01 4.331022616516560220e+01 3.618089323545955333e-02 9.986768131104747370e-01 -3.654539447742308211e-02 4.319329990761921478e-01 -8.494837522486134995e-01 1.147293080014036813e-02 -5.274900375069448977e-01 -2.232214009166944291e-01
-5.192632111070195622e-01 4.879736364422583572e-02 8.532200898266688593e-01 4.405837462618989520e+01 3.403091393287246275e-02 9.987573331895601703e-01 -3.640997441928357781e-02 3.926984973324014749e-01 -8.539365470933961699e-01 1.012950021815708576e-02 -5.202785600345921635e-01 -6.874181443718524465e-01
-5.118449550926011948e-01 4.806729308563377490e-02 8.577320467049007746e-01 4.484341128856262770e+01 3.215780315672015638e-02 9.988057250322368574e-01 -3.678313854963051466e-02 3.437247879372591353e-01 -8.584757595635532645e-01 8.755515420096603510e-03 -5.127794112345024358e-01 -1.172055938249793261e+00
-5.058304886127964473e-01 4.667891908294111852e-02 8.613690160794882367e-01 4.565453368354376096e+01 2.917371761360366272e-02 9.988893533137128689e-01 -3.699937815400585611e-02 2.973878653279080631e-01 -8.621394453463742114e-01 6.413923888456015548e-03 -5.066304884753518589e-01 -1.620483737220946185e+00
-5.009971568952246157e-01 4.443739764068533465e-02 8.643073255203309602e-01 4.644743985007916365e+01 2.503799339453076714e-02 9.990071128931158340e-01 -3.684952141499896888e-02 2.491397294798214090e-01 -8.650866777360624038e-01 3.179016601668240190e-03 -5.016123477646544648e-01 -2.080773518789880150e+00
-4.998211715459243143e-01 4.135551924175996652e-02 8.651407422799058944e-01 4.730479266500690017e+01 2.014406760688853062e-02 9.991442974205509975e-01 -3.612325335396950748e-02 2.075448074793459496e-01 -8.658943500047744379e-01 -6.277122853680741112e-04 -5.002265428748675635e-01 -2.528964321336872434e+00
-5.004244768729876336e-01 3.898591298447715014e-02 8.649019759438090205e-01 4.814989476917336475e+01 1.748153959755851389e-02 9.992369775696500200e-01 -3.492647128186713440e-02 1.581519564451646653e-01 -8.656036916904006340e-01 -2.358242070124257940e-03 -5.007241767725169046e-01 -3.021492350661373116e+00
-5.015147347977222392e-01 3.763966367009635716e-02 8.643299213680141202e-01 4.899127504836874181e+01 1.616164244954715681e-02 9.992864047762624047e-01 -3.413916388246087535e-02 1.172890120263102576e-01 -8.649981412838320116e-01 -3.152301670276346293e-03 -5.017651762819951289e-01 -3.484984260838114967e+00
-5.016296735053856759e-01 3.716236798663644092e-02 8.642838743943941360e-01 4.987050122818514097e+01 1.609223036587522498e-02 9.993048551059907636e-01 -3.362806345466171076e-02 6.663432173929745295e-02 -8.649327853128921939e-01 -2.960578378206983694e-03 -5.018789948031369130e-01 -4.010235694514412863e+00
-5.017405309739454422e-01 3.652173827075053808e-02 8.642468331942316784e-01 5.073724535367966126e+01 1.591722382924511819e-02 9.993289483154688124e-01 -3.298931665084695042e-02 2.073813469232665962e-02 -8.648717210605073591e-01 -2.795666058364416635e-03 -5.019851630453971980e-01 -4.494376177536218542e+00
-5.019174176364282758e-01 3.599233173671364389e-02 8.641663291323641305e-01 5.162127309380397833e+01 1.625196713030511997e-02 9.993498407831996611e-01 -3.218336930146282332e-02 -2.560021281690467998e-02 -8.647628529027467925e-01 -2.108989921019496262e-03 -5.021760388107325834e-01 -5.015238665576142729e+00
-5.030987759332402609e-01 3.542154885887457277e-02 8.635027052803946335e-01 5.251170415552572024e+01 1.583937796605419668e-02 9.993698034064104618e-01 -3.176649358249068050e-02 -8.396017858573544268e-02 -8.640837621793860945e-01 -2.304337401859184870e-03 -5.033427813150448404e-01 -5.496092486878563221e+00
-5.026069780898000383e-01 3.391274379724769361e-02 8.638496037325539278e-01 5.341508216073293625e+01 1.412790332110154014e-02 9.994190686333281892e-01 -3.101495723679321276e-02 -1.326638731863047926e-01 -8.643995836628294294e-01 -3.383949343950426545e-03 -5.027941151132310216e-01 -6.031221827231319388e+00
-5.027484476120224199e-01 3.339433377333030084e-02 8.637874758194179492e-01 5.431663302628888346e+01 1.400754780652718225e-02 9.994370435607327074e-01 -3.048580876388297389e-02 -1.760298525748422716e-01 -8.643192693322400144e-01 -3.227147763358694053e-03 -5.029331960791563194e-01 -6.541128010332656117e+00
-5.022416360188103335e-01 3.246531903127870128e-02 8.641176589947472397e-01 5.520628171472549894e+01 1.253777548998276196e-02 9.994633296794983579e-01 -3.026312586690908107e-02 -2.283562387922780934e-01 -8.646364296957385065e-01 -4.365287745943567145e-03 -5.023791419368266453e-01 -7.056258627809057771e+00
-5.007531033442258472e-01 3.102658217947107736e-02 8.650339109768521162e-01 5.612413672043453516e+01 1.197513685156599735e-02 9.995100612806953055e-01 -2.891770172357319840e-02 -2.900484447498257734e-01 -8.655073298005192539e-01 -4.121728515476785239e-03 -5.008793137954226093e-01 -7.569533714943906588e+00
-4.985240126669011063e-01 2.858739818431017821e-02 8.664043835703773011e-01 5.702079789324649539e+01 1.228039423540001895e-02 9.995886968829774677e-01 -2.591580518825776364e-02 -3.436225882827810829e-01 -8.667889091940710333e-01 -2.279862877826636589e-03 -4.986700339258901549e-01 -8.085852497275759276e+00
-4.962463293070981663e-01 2.761265437271940432e-02 8.677425357439865206e-01 5.791221086984698019e+01 1.327046292544640203e-02 9.996185710669899249e-01 -2.421997456375506869e-02 -3.862895571925315519e-01 -8.680803464499919908e-01 -5.037273871869119100e-04 -4.964234805266234951e-01 -8.568505586151250242e+00
-4.937169091724796233e-01 2.688507688301484955e-02 8.692069906342929642e-01 5.879938545936034444e+01 1.257809323299740462e-02 9.996382067900032586e-01 -2.377492531414204802e-02 -4.459861627851706145e-01 -8.695317231958673565e-01 -8.051151395512643350e-04 -4.938764499739569103e-01 -9.103189461704236152e+00
-4.917521442624630534e-01 2.725263313677131136e-02 8.703086285325433158e-01 5.970719034428100258e+01 1.335249827050721816e-02 9.996285761143666182e-01 -2.375753736425201615e-02 -4.869721254448957648e-01 -8.706328456436506213e-01 -6.202454121114422026e-05 -4.919333877319863602e-01 -9.588424129981124366e+00
-4.907864892390995659e-01 2.775177592558243991e-02 8.708377846626199625e-01 6.057389540675619344e+01 1.336982569708086016e-02 9.996148022867853422e-01 -2.432066581993561766e-02 -5.353507174118353751e-01 -8.711772966903906790e-01 -2.933038616605519039e-04 -4.909684770383545560e-01 -1.008945173596732836e+01
-4.911617171219158084e-01 2.882840941655254868e-02 8.705912225232799173e-01 6.145236265934551056e+01 1.267611966430341568e-02 9.995829139528382701e-01 -2.594829667772014306e-02 -5.780611571652635172e-01 -8.709761742699450027e-01 -1.709090510449160936e-03 -4.913222940156850571e-01 -1.057880657565934079e+01
-4.940771105635324290e-01 3.056604293119843246e-02 8.688806087010333412e-01 6.233392229931248352e+01 1.154098360496538279e-02 9.995243300861970104e-01 -2.859928742013074718e-02 -6.244338398784136102e-01 -8.693414904315170944e-01 -4.102515530685539938e-03 -4.941948563703397745e-01 -1.106989730429358865e+01
-4.986931264352984505e-01 3.125270162129577256e-02 8.662149968133068256e-01 6.324131684158613353e+01 1.026088545450029935e-02 9.994925978283353274e-01 -3.015395654774310694e-02 -6.842417550409615190e-01 -8.667178850499054343e-01 -6.149437122824023307e-03 -4.987607700707285541e-01 -1.154105521109488208e+01
-5.038573341064058742e-01 2.997384366504641032e-02 8.632666691491892585e-01 6.411309689317631921e+01 1.039445219087487514e-02 9.995357899252984568e-01 -2.863843574255823393e-02 -7.186381036727698124e-01 -8.637243510091986431e-01 -5.456500879637777093e-03 -5.039350013556935792e-01 -1.207450240689796139e+01
-5.091201776498541776e-01 2.776795628048685585e-02 8.602473899409061042e-01 6.495798335626935227e+01 1.345020959097982180e-02 9.996140723735058575e-01 -2.430633972090142161e-02 -7.863279670603786631e-01 -8.605903489852283483e-01 -8.043393738080040255e-04 -5.092971801507314433e-01 -1.256413379587446677e+01
-5.146750840873073329e-01 2.562829531757970444e-02 8.570021790969392095e-01 6.582074422985199647e+01 1.057774592165239454e-02 9.996668842742503225e-01 -2.354212729300416557e-02 -8.258514105135273953e-01 -8.573200576253043881e-01 -3.051394132808298021e-03 -5.147747285252814997e-01 -1.309326194047495129e+01
-5.193342293430189827e-01 2.775572589284286754e-02 8.541203455449186688e-01 6.667032154701644231e+01 1.151641846852540646e-02 9.996089641311833862e-01 -2.548118743300032199e-02 -8.824677310569574162e-01 -8.544936174985481303e-01 -3.396844616760538033e-03 -5.194507987877418076e-01 -1.358916813928849976e+01
-5.241705502652964643e-01 2.986118803369086985e-02 8.510896136903386422e-01 6.748690757731249334e+01 1.176616892379205893e-02 9.995436078631430021e-01 -2.782324974598283929e-02 -9.233832022158430242e-01 -8.515320331140775467e-01 -4.570063080329983193e-03 -5.242826759283888416e-01 -1.412904753843931260e+01
-5.294705462566069443e-01 3.043410916790389650e-02 8.477822200232616456e-01 6.834228984762364689e+01 1.085164656312908975e-02 9.995174850535869515e-01 -2.910393131176837456e-02 -9.704352392902031443e-01 -8.482589193342484624e-01 -6.209840528384719983e-03 -5.295453301937838031e-01 -1.464237750021661633e+01
-5.331068779241308064e-01 3.063296798389890732e-02 8.454931489899526476e-01 6.915377618990233088e+01 9.745917876072809558e-03 9.995003500432501076e-01 -3.006771239257885475e-02 -1.015562761281179061e+00 -8.459917762857620538e-01 -7.789196634191863922e-03 -5.331390586759182648e-01 -1.514511218147375615e+01
-5.366638843976471174e-01 2.968309195883220980e-02 8.432738441951727060e-01 6.997911639764436131e+01 9.232062360888783348e-03 9.995277974162839474e-01 -2.930786922011627271e-02 -1.083909331150706645e+00 -8.437456108854165526e-01 -7.943317373723177491e-03 -5.366845076676575177e-01 -1.567005335615391282e+01
-5.392248536641368606e-01 2.351976844238361578e-02 8.418333355182981981e-01 7.083069170960250460e+01 1.153295108515590278e-02 9.997224348574778041e-01 -2.054371587027391949e-02 -1.117408579834831661e+00 -8.420828699469563583e-01 -1.368858591519733943e-03 -5.393464371641311095e-01 -1.620842103483892416e+01
-5.411936968236823464e-01 1.579197934625915442e-02 8.407496553906257386e-01 7.161715648941148515e+01 1.219272419234210258e-02 9.998659033499821547e-01 -1.093218983353854562e-02 -1.155269806844388958e+00 -8.408095691557505580e-01 4.334597401442655089e-03 -5.413136729928543778e-01 -1.671618934786098265e+01
-5.428264284588174560e-01 1.371725511594109638e-02 8.397328698096823141e-01 7.246112316537715969e+01 1.359618602385949740e-02 9.998791060461801328e-01 -7.544335302846409512e-03 -1.173770488935779399e+00 -8.397348533002917392e-01 7.321900717682179420e-03 -5.429473075587322173e-01 -1.724577989571671566e+01
-5.439845180427117510e-01 1.757177844841763953e-02 8.389112372101527049e-01 7.326805938890794323e+01 1.198514721598939806e-02 9.998414286073432633e-01 -1.317094782410707654e-02 -1.230291389725762130e+00 -8.390096613929522995e-01 2.889683927794663675e-03 -5.441088591914884365e-01 -1.775868861544263666e+01
-5.450101582872622918e-01 2.229290281038055072e-02 8.381330091685165185e-01 7.404537452032082001e+01 1.204781234313070069e-02 9.997514745290468907e-01 -1.875738185427118163e-02 -1.276795284489922855e+00 -8.383428827728891530e-01 -1.252935190017771643e-04 -5.451432912697343758e-01 -1.826143616663068769e+01
-5.457763586288876256e-01 2.802691829240765500e-02 8.374620262700068762e-01 7.484264957863551615e+01 1.914593412618596779e-02 9.995966487087997177e-01 -2.097553489043747429e-02 -1.292198994519811572e+00 -8.377121289902563772e-01 4.586042695529590763e-03 -5.460928217402210016e-01 -1.880953219631189555e+01
-5.457212604204488837e-01 2.905311882858697264e-02 8.374629600425956832e-01 7.565372400097588468e+01 2.263903165994648678e-02 9.995451581520480300e-01 -1.992362975203371828e-02 -1.336143093584189812e+00 -8.376609049343536340e-01 8.086603117587931946e-03 -5.461307792100021929e-01 -1.931749404486587451e+01
-5.453878181935415403e-01 2.598390452066306686e-02 8.377809688060039450e-01 7.642339222200399718e+01 2.218311365128474918e-02 9.996167270779848790e-01 -1.656225763725404157e-02 -1.370999955072942811e+00 -8.378902366819314107e-01 9.551737896147929549e-03 -5.457551908972306798e-01 -1.984037580371885667e+01
-5.447495975260780998e-01 2.097598321384495923e-02 8.383363712298808057e-01 7.724550319351570238e+01 2.013379584502649616e-02 9.997261008323322651e-01 -1.193120054156895753e-02 -1.403678823763055972e+00 -8.383570347816113877e-01 1.037937767365159844e-02 -5.450227184080360665e-01 -2.037000007082934161e+01
-5.440622851432799223e-01 1.548748125374475003e-02 8.389018744725618149e-01 7.805918528493734243e+01 1.896371044946484202e-02 9.998012012167016849e-01 -6.159196396391301322e-03 -1.428695164206811086e+00 -8.388305067733674569e-01 1.255770682005411323e-02 -5.442478275130249177e-01 -2.086113423005529910e+01
-5.429935952820753586e-01 8.617018042535702985e-03 8.396926161640863029e-01 7.889318621813205823e+01 9.764446762847303965e-03 9.999445357107437093e-01 -3.947285773877615665e-03 -1.462586950053331725e+00 -8.396800715862696718e-01 6.055783942578165172e-03 -5.430476201223908284e-01 -2.139921598766647293e+01
-5.418990587700261985e-01 3.401675802070675339e-03 8.404366875850585172e-01 7.964925336454084004e+01 1.122834197723612728e-03 9.999938467783251461e-01 -3.323499266890036271e-03 -1.488281278541354613e+00 -8.404428362101334926e-01 -8.573291411414389130e-04 -5.418995450433949923e-01 -2.187853983316257356e+01
-5.398828347123476590e-01 4.007468505535294323e-03 8.417306291660909823e-01 8.046262367419568307e+01 4.544815477086321630e-03 9.999879685752580682e-01 -1.845900623336554393e-03 -1.500313478501978937e+00 -8.417279139125777299e-01 2.828941293846103447e-03 -5.398945535400663243e-01 -2.237455696183722509e+01
-5.367251041705604075e-01 6.849230832199477287e-03 8.437293627895454673e-01 8.127578462757814748e+01 9.761688599700496863e-03 9.999505339056825592e-01 -1.907658375088757156e-03 -1.529787667237382021e+00 -8.437007074001450224e-01 7.212336165665989354e-03 -5.367654157202487175e-01 -2.287936638747199680e+01
-5.318389275533061955e-01 9.899010311523818648e-03 8.467876662380644515e-01 8.205331796146572287e+01 1.022282321052676683e-02 9.999338652170970398e-01 -5.268686773163716933e-03 -1.555853761942850522e+00 -8.467838335706636688e-01 5.854468877252977550e-03 -5.319049515239719916e-01 -2.338121870698108751e+01
-5.239959348545365492e-01 1.201835690712725786e-02 8.516359587151095534e-01 8.282641018628558527e+01 1.563351965268008556e-02 9.998677023419215715e-01 -4.491196998206614839e-03 -1.573646663946775437e+00 -8.515772808342660927e-01 1.096069956836127728e-02 -5.241145018359435470e-01 -2.384745503140762324e+01
-5.155483248104496541e-01 1.436455122668653037e-02 8.567400837670448022e-01 8.361520434204079777e+01 2.302950080360995078e-02 9.997305685093591521e-01 -2.903866876133277646e-03 -1.601766613717334753e+00 -8.565509785993679071e-01 1.823321385358435409e-02 -5.157402295060220521e-01 -2.434913519344409494e+01
-5.060791183244103264e-01 1.459131148979861230e-02 8.623636159676592028e-01 8.438737600847477438e+01 2.250929706652569223e-02 9.997397642096176318e-01 -3.706125561754883713e-03 -1.618840301448541297e+00 -8.621932902657482023e-01 1.753560716159120042e-02 -5.062758598030971946e-01 -2.477724418366574710e+01
-4.948952468768036406e-01 1.159695736875307470e-02 8.688752450900538715e-01 8.523252119870987542e+01 1.803385608740038643e-02 9.998326540095360260e-01 -3.073106022345766658e-03 -1.659798777908516598e+00 -8.687654960349856514e-01 1.414830664723295932e-02 -4.950215672236690234e-01 -2.524492842875357823e+01
-4.835838793968023630e-01 8.575044628244996373e-03 8.752560118866887784e-01 8.602518025084775388e+01 1.937460334356115241e-02 9.998118813054539533e-01 9.092374600408048438e-04 -1.678388919853998074e+00 -8.750835782826478226e-01 1.739743175220456392e-02 -4.836590475477613449e-01 -2.571375447885549903e+01
-4.719256247967067441e-01 7.584421921081815031e-03 8.816057322676640329e-01 8.684730380543386730e+01 1.971475908012744818e-02 9.998037395467538335e-01 1.952083254099102293e-03 -1.687263666638188608e+00 -8.814179177806136245e-01 1.830188385791507374e-02 -4.719825307502423795e-01 -2.612963953408118911e+01
-4.598624033561505287e-01 6.532099838395546108e-03 8.879661521866902829e-01 8.768991737061908509e+01 1.916961615060150045e-02 9.998129358911495013e-01 2.572743350030777532e-03 -1.706121555748402185e+00 -8.877832555600646547e-01 1.820507937003051219e-02 -4.599015987005127259e-01 -2.654934217274259112e+01
-4.478179189787326320e-01 8.692837370325763244e-03 8.940825082851411310e-01 8.851893870135771181e+01 2.297998537778676853e-02 9.997343229451183255e-01 1.789904727027662830e-03 -1.724768855693842307e+00 -8.938294272207868429e-01 2.134755554636405192e-02 -4.478987065659899014e-01 -2.694814116084220501e+01
