1.000000000000000000e+00 -3.306050084167601550e-19 -2.270457535318767223e-19 -8.673617379884035472e-19 7.546676715296109287e-19 1.000000000000000000e+00 6.237773588823049983e-19 1.387778780781445676e-17 -3.447385680526250622e-20 4.770700176052009879e-20 1.000000000000000222e+00 5.551115123125782702e-17
9.999133184578249400e-01 -2.612252192245927314e-03 1.290630564611527573e-02 1.523588322223566778e-02 2.587484337253827867e-03 9.999948044277724435e-01 1.935426103757325721e-03 -7.108985665582934210e-03 -1.291129565867562938e-02 -1.901867576614565784e-03 9.999148513194199284e-01 2.984534092335560662e-01
9.998073989407663120e-01 -5.246934077709294701e-03 1.890497718713749983e-02 2.854656104554260942e-02 5.214257575423211603e-03 9.999847972354557468e-01 1.776425642284796625e-03 -1.485969490346548960e-02 -1.891401434768163678e-02 -1.677466999014955032e-03 9.998195987723561551e-01 5.876939684879818326e-01
9.997470660867819880e-01 -7.244532307363363635e-03 2.128937640193488690e-02 3.786323152814043830e-02 7.217949027971923802e-03 9.999730704882171528e-01 1.325580923713416117e-03 -7.760581393514570658e-03 -2.129840421330490147e-02 -1.171585063726083816e-03 9.997724490840282918e-01 8.905082359074850684e-01
9.997837824396963446e-01 -8.883262179847084550e-03 1.880095056906974996e-02 4.191747956048727519e-02 8.888434131040940864e-03 9.999604449401591211e-01 -1.915219499766872919e-04 -1.446603113260257201e-02 -1.879850628094669254e-02 3.586383724472004043e-04 9.998232217130098576e-01 1.200806235149059820e+00
9.998486750134171208e-01 -1.159992804040800227e-02 1.296900235662003242e-02 4.119865930171624779e-02 1.162072102753008117e-02 9.999313287385837024e-01 -1.528882275993658771e-03 -2.381986094189196546e-02 -1.295037849621085910e-02 1.679301090907286270e-03 9.999147608621047345e-01 1.519639382427856233e+00
9.999261694118591892e-01 -1.211528629210700293e-02 9.347317792784396893e-04 3.199322385343484482e-02 1.211783234518584718e-02 9.999227142187462336e-01 -2.769035905061659718e-03 -2.984196510733133634e-02 -9.011112873339784547e-04 2.780155869190266936e-03 9.999957270604654669e-01 1.844717490384867320e+00
9.998144640192033750e-01 -1.143188444866328514e-02 -1.549933779805397552e-02 1.420068687946250859e-02 1.138355470062903628e-02 9.999300212164576873e-01 -3.202877338206185955e-03 -3.448327242166071560e-02 1.553487355503127380e-02 3.025795540698851972e-03 9.998747602935139644e-01 2.175905966693896687e+00
9.993755042259503396e-01 -6.718718521462928653e-03 -3.467883335718774385e-02 -2.619578151631955787e-02 6.622259649776022182e-03 9.999739102971141325e-01 -2.895314547160467936e-03 -3.601991347867442017e-02 3.469738102703065485e-02 2.663776084122712780e-03 9.993939407511363004e-01 2.524010733101973880e+00
9.985555065719603496e-01 -2.998067211025849232e-03 -5.364921274752074143e-02 -7.060080579883269702e-02 2.800726494296254879e-03 9.999890414144269046e-01 -3.753821244998422225e-03 -4.821854849945010624e-02 5.365988275829790266e-02 3.598146479937048420e-03 9.985529442316304349e-01 2.880194227460426859e+00
9.972915952435078557e-01 -1.178800408485521914e-03 -7.353445105839048757e-02 -1.208598858392483655e-01 8.648797885114665540e-04 9.999903668551969327e-01 -4.299853057919111529e-03 -4.738432162556939498e-02 7.353881222677464968e-02 4.224604103183539697e-03 9.972829883674516616e-01 3.245933717232502236e+00
9.955080551908480624e-01 -1.881379347086351277e-03 -9.465461698576387028e-02 -1.753498069912196033e-01 1.590843718244117815e-03 9.999938119221094546e-01 -3.144981648297221280e-03 -5.349489004657563551e-02 9.465995431914872582e-02 2.980228885476924553e-03 9.955048648740422168e-01 3.628040641480536177e+00
9.932663482407759759e-01 -3.123274009686549842e-03 -1.157935996082850860e-01 -2.305236211885730024e-01 2.869151919126828806e-03 9.999931019571060009e-01 -2.361577517912986923e-03 -6.325183985232350758e-02 1.158001843306957768e-01 2.013418242325164600e-03 9.932684099667606903e-01 4.008403965045451933e+00
9.910663050015026121e-01 -2.658059941208962707e-03 -1.333538556938823616e-01 -3.025340237554159373e-01 2.402017593007606776e-03 9.999949611331443444e-01 -2.081025121147939139e-03 -6.474580525819985388e-02 1.333587350487592249e-01 1.742189735939060451e-03 9.910676520362824427e-01 4.408854068021320849e+00
9.889325421579251429e-01 -1.670578284532217269e-03 -1.483469360764919365e-01 -3.883654829499275096e-01 1.507849746404718539e-03 9.999981296515689788e-01 -1.209871978599488720e-03 -7.162531279055495137e-02 1.483486985151568904e-01 9.727824923984830421e-04 9.889331763998872038e-01 4.822153701008371485e+00
9.869854146291739960e-01 -7.401741654608753797e-04 -1.607666930744605649e-01 -4.712431619898685975e-01 6.342299916816344224e-04 9.999995671325783153e-01 -7.098226124101471518e-04 -7.310969058096336570e-02 1.607671639136234454e-01 5.986096169363576327e-04 9.869854314462557232e-01 5.247779378167136244e+00
9.848623704582093463e-01 -2.078946662533131141e-03 -1.733036738688022715e-01 -5.606380530411871899e-01 1.741207328623806377e-03 9.999962479265805948e-01 -2.101035812334009750e-03 -8.246398870768351097e-02 1.733074119654876011e-01 1.767297659262292465e-03 9.848622816739567298e-01 5.688172405191411762e+00
9.830470965520780036e-01 -4.650362767091712965e-03 -1.832888640017523163e-01 -6.445431066432563139e-01 4.106218390473996907e-03 9.999859904050998338e-01 -3.348081325008490320e-03 -9.488778378586378015e-02 1.833018731861980333e-01 2.538636979882020073e-03 9.830523470027832111e-01 6.133744318367015502e+00
9.815796682551294339e-01 -3.941311286593128863e-03 -1.910599633996869218e-01 -7.448828436213277282e-01 2.933365114772665174e-03 9.999802213930608641e-01 -5.559122484964425064e-03 -9.847586067432978485e-02 1.910781288576094417e-01 4.896223765966614683e-03 9.815718361399263792e-01 6.598236327016987701e+00
9.800750210780327931e-01 -3.429036950790770658e-03 -1.986194736067076194e-01 -8.613045133809247300e-01 2.123621069240587238e-03 9.999746948143565239e-01 -6.785485890477361941e-03 -1.010984714381047700e-01 1.986377445589564417e-01 6.228453804972461198e-03 9.800575510105346000e-01 7.078850639086649466e+00
9.785949773021749287e-01 -3.582774332936349004e-03 -2.057270031217426909e-01 -9.686456744577239819e-01 1.675914439067344251e-03 9.999540505551073322e-01 -9.441128705825375597e-03 -1.097998340221016944e-01 2.057513916928692121e-01 8.894213622874645730e-03 9.785559530883053414e-01 7.565160633882401342e+00
9.768948387257514465e-01 -7.817463718394044095e-03 -2.135745580583336967e-01 -1.079366136881089400e+00 5.554143486564331461e-03 9.999218533612592719e-01 -1.119322513548712261e-02 -1.172920088145058132e-01 2.136453908469195251e-01 9.748952894512287123e-03 9.768618562490185564e-01 8.068489983763514672e+00
9.750130530913828641e-01 -1.357875472506622598e-02 -2.217132657082111491e-01 -1.196618006115157229e+00 1.113161253129132423e-02 9.998625465214235897e-01 -1.228175770341870081e-02 -1.338575084895677891e-01 2.218495673255228562e-01 9.506735908775459931e-03 9.750301535228751426e-01 8.583097210251024123e+00
9.736345192713237173e-01 -1.338789454307237094e-02 -2.277401157409678634e-01 -1.327925116383532611e+00 1.037913423386589012e-02 9.998423835170420215e-01 -1.440641502692358369e-02 -1.545740943355371488e-01 2.278970976583548358e-01 1.166323419956731729e-02 9.736198026483411372e-01 9.115780802147718020e+00
9.712900513617248599e-01 -1.070135856736567984e-02 -2.376809896367704511e-01 -1.481322295858775950e+00 6.423779596317588311e-03 9.998031919472821771e-01 -1.876025378401439611e-02 -1.588461965971502132e-01 2.378350690452804561e-01 1.669494643360593805e-02 9.711676180877826248e-01 9.637798224146054693e+00
9.690160057571171048e-01 -8.025364167140780491e-03 -2.468660517083124672e-01 -1.633232247389682756e+00 2.792119462596024445e-03 9.997640771116158565e-01 -2.153780317526511612e-02 -1.691454056562404773e-01 2.469807233316845818e-01 2.018122967633602036e-02 9.688096221216542236e-01 1.019008592648551570e+01
9.666729249376664335e-01 -1.058051131474049139e-02 -2.557546895319736668e-01 -1.789919383681482623e+00 4.593366929829745086e-03 9.997015578455490381e-01 -2.399720914502536176e-02 -1.885173490134322005e-01 2.559322270041007319e-01 2.202257871661950431e-02 9.664330223475525727e-01 1.075511754105830953e+01
9.643779062564163951e-01 -1.259156908240239431e-02 -2.642178340789047009e-01 -1.956265352288801385e+00 6.035647558917595253e-03 9.996537989756579812e-01 -2.560863955687319587e-02 -2.162159657640086996e-01 2.644488064487820478e-01 2.310155969334258194e-02 9.641199618859984666e-01 1.132333424764140517e+01
9.625323568541838126e-01 -1.237136221812480501e-02 -2.709196435122048774e-01 -2.127063633723158542e+00 4.970860218289424419e-03 9.995958647260594354e-01 -2.799195387078169325e-02 -2.346224607253383221e-01 2.711565198159325840e-01 2.559628567546155808e-02 9.622047547610046436e-01 1.191075269994141372e+01
9.602707092108584419e-01 -1.118690775300733645e-02 -2.788177109475951099e-01 -2.316884830983094279e+00 2.567618949541186375e-03 9.995080466427312960e-01 -3.125839281264111702e-02 -2.548989348335561900e-01 2.790302234645200552e-01 2.930072680361460805e-02 9.598270357151666987e-01 1.249928686696047642e+01
9.581221009740766847e-01 -1.311422649366101451e-02 -2.860219255068794930e-01 -2.509932432049038376e+00 2.628158888422481212e-03 9.993114577154944556e-01 -3.700282313348596946e-02 -2.807982638719355162e-01 2.863102666637589166e-01 3.470170219831534425e-02 9.574967253337139939e-01 1.309780932400915887e+01
9.566141950668900495e-01 -1.370542657893745846e-02 -2.910445221635052926e-01 -2.704110475030383043e+00 9.676113029678334952e-04 9.990369501119999995e-01 -4.387391978399057813e-02 -3.200996882919676101e-01 2.913656061745211190e-01 4.168817669080639859e-02 9.557060788086895187e-01 1.371007985278904862e+01
9.552632918797614447e-01 -1.396279151363110337e-02 -2.954164160830494712e-01 -2.913386463798365078e+00 -1.568335323710525094e-03 9.986318079313627472e-01 -5.227663081964485647e-02 -3.500538873090408010e-01 2.957419653920448366e-01 5.040206173985972010e-02 9.539342444614897776e-01 1.434387844591795158e+01
9.539988881034627832e-01 -1.436273515666067029e-02 -2.993567976507086614e-01 -3.126760910899334167e+00 -4.321154489864873285e-03 9.980894352768874267e-01 -6.163677636871288390e-02 -3.910329271979635646e-01 2.996696878874543502e-01 6.009666935665314985e-02 9.521140186530364646e-01 1.497545619713437404e+01
9.528284816247531985e-01 -1.490464329511376716e-02 -3.031115255833806144e-01 -3.342382132463866729e+00 -6.734914828738686014e-03 9.975091748592067598e-01 -7.023330000785105165e-02 -4.364846100983490462e-01 3.034031882608927977e-01 6.896215240133501956e-02 9.503547468325382885e-01 1.564211468550269046e+01
9.516170142566532375e-01 -1.294720388485756657e-02 -3.070847263922611980e-01 -3.562093018045133785e+00 -1.131664889131621214e-02 9.969576021662575060e-01 -7.712045820460253220e-02 -4.912418474696622073e-01 3.071490046807702767e-01 7.686421256373741906e-02 9.485753636452962656e-01 1.629202212025300156e+01
9.497244261472562732e-01 -1.258678355838098104e-02 -3.128858258038548223e-01 -3.802976027262746861e+00 -1.432939488691981761e-02 9.963969758751636263e-01 -8.357731643991020420e-02 -5.496766627437476016e-01 3.128110309494836483e-01 8.385696857567008500e-02 9.461224005250353786e-01 1.695489020842961381e+01
9.484211669116091592e-01 -1.141375551728584375e-02 -3.167852483321536017e-01 -4.035720954371435631e+00 -1.805363578774648106e-02 9.957851138811658620e-01 -8.992849262198204796e-02 -6.211653296153105686e-01 3.164764519580964830e-01 9.100938961212275136e-02 9.442178773035386774e-01 1.763056826928006160e+01
9.468135093565447358e-01 -8.571408286744564703e-03 -3.215912486884158206e-01 -4.293698261782656900e+00 -2.313628652458487103e-02 9.952445554070689093e-01 -9.460805380287123922e-02 -6.928203190404260692e-01 3.208724702201328216e-01 9.701820558179341525e-02 9.421127654861729539e-01 1.831691219621343691e+01
9.450557530067019707e-01 -6.258850182324132184e-03 -3.268449541426198257e-01 -4.548947365323525283e+00 -2.723224916110054961e-02 9.948344625360099336e-01 -9.778843504694940958e-02 -7.626029845054796974e-01 3.257688288743495475e-01 1.013156664356076320e-01 9.400036834212165404e-01 1.901608558635000534e+01
9.436562240054824358e-01 -5.806027314634202435e-03 -3.308256948336368852e-01 -4.816056913389453520e+00 -2.886302161588437387e-02 9.945917734631177787e-01 -9.977536645288145878e-02 -8.369612614086870961e-01 3.296152367487211188e-01 1.037051994218835954e-01 9.383854082168248123e-01 1.972926132348386474e+01
9.414502585946761259e-01 -4.433231873517067857e-03 -3.371051050655765047e-01 -5.085931374523060100e+00 -3.064582107333485225e-02 9.946489433359466670e-01 -9.865443158505868282e-02 -9.218912169467218254e-01 3.357381402211591093e-01 1.032107449784663705e-01 9.362769420017200694e-01 2.044980608058321181e+01
9.388712144299373730e-01 -3.677521237619352148e-03 -3.441839324551541068e-01 -5.361619477389573341e+00 -3.158870374656850416e-02 9.948044078708228044e-01 -9.677019837314410067e-02 -1.004398282107073159e+00 3.427513059796969963e-01 1.017285599570628418e-01 9.338771349624236384e-01 2.118325089867356326e+01
9.370067142697316998e-01 -5.649028716656572142e-03 -3.492896315176917676e-01 -5.651137579093676422e+00 -2.957980176094229807e-02 9.949946698902871756e-01 -9.545724636706355570e-02 -1.086526861480276329e+00 3.480806619764875154e-01 9.977586510813882259e-02 9.321497360258336196e-01 2.192466742793860845e+01
9.342630488032731551e-01 -5.554448215314149347e-03 -3.565145404993295686e-01 -5.941181115664910806e+00 -2.899689689511702681e-02 9.953838427784725829e-01 -9.147008060078000435e-02 -1.166090122664763085e+00 3.553768102334852741e-01 9.579479368850911392e-02 9.297893819930835857e-01 2.265378082044725616e+01
9.299260946911771519e-01 -2.073025363647013584e-03 -3.678114123897763266e-01 -6.253373691093114140e+00 -3.182176473196203503e-02 9.957795703670480059e-01 -8.608179096229366667e-02 -1.240169756874440532e+00 3.664379398062369564e-01 9.175152586091193940e-02 9.259356322821681307e-01 2.342317482767946046e+01
9.266807459726890128e-01 8.162355164299936114e-04 -3.758425035528281666e-01 -6.578830901819763710e+00 -3.328363472007753177e-02 9.962471038240776622e-01 -7.990836272959267461e-02 -1.323475146112188972e+00 3.743668253432169135e-01 8.655921636710844913e-02 9.232302374568041037e-01 2.416957102733536189e+01
9.238653806881418351e-01 3.510385526282002767e-03 -3.827463116056328829e-01 -6.913111627974217299e+00 -3.566141730609407451e-02 9.963971776764316557e-01 -7.697025767756997261e-02 -1.392079516751128621e+00 3.810978202140147264e-01 8.475706294532499296e-02 9.206618238452044523e-01 2.493697175121975818e+01
9.197615576952918870e-01 4.190522493916044693e-03 -3.924156540567302343e-01 -7.255677376015625235e+00 -3.636927635297694528e-02 9.965505806917498433e-01 -7.459006455160049898e-02 -1.462721421224695728e+00 3.907493815231521950e-01 8.287769020714529089e-02 9.167412716662116656e-01 2.569841044030027533e+01
9.158698740192592336e-01 5.860551105918067154e-03 -4.014315822061818584e-01 -7.604709592145283636e+00 -3.864894709404455980e-02 9.965365633762588438e-01 -7.365080879314760132e-02 -1.537288256045126644e+00 3.996099785204775268e-01 8.297011353003308498e-02 9.129241776481223924e-01 2.646926738656988221e+01
9.121914190193448624e-01 5.435669112724652273e-03 -4.096864138694585877e-01 -7.963388533234748934e+00 -3.838279601097156074e-02 9.966490174013502568e-01 -7.221009951363893675e-02 -1.608917936913796698e+00 4.079202716892142977e-01 8.159750379134592113e-02 9.093436413190204570e-01 2.724253437851240989e+01
9.082101059347351679e-01 5.656752312179246130e-03 -4.184716853960436800e-01 -8.340586783844917917e+00 -3.893212983676230116e-02 9.967149759851310353e-01 -7.101792683748897606e-02 -1.671082480243620605e+00 4.166954812470413105e-01 8.078958975039546297e-02 9.054464958198494839e-01 2.803334558135737709e+01
9.048244872842660103e-01 7.160543792742615592e-03 -4.257377509169594787e-01 -8.726040158297449167e+00 -3.960523745107853710e-02 9.969389942117969916e-01 -6.741184581351170046e-02 -1.741266504467435805e+00 4.239513310772698995e-01 7.786101841853321215e-02 9.023388797061773214e-01 2.882369558649338614e+01
9.012121619511852533e-01 6.620866618890032529e-03 -4.333065086398592003e-01 -9.114319861241551024e+00 -3.790377674530844704e-02 9.972558144653793644e-01 -6.358511523399232312e-02 -1.810545289011781689e+00 4.316962777736820800e-01 7.372815938129904934e-02 8.989901954279180263e-01 2.962340124258106044e+01
8.974913944419055101e-01 8.479288609375048441e-03 -4.409097862454829375e-01 -9.530696524540513082e+00 -3.801002514631063312e-02 9.975823042059401846e-01 -5.819827057596858172e-02 -1.868794516714184173e+00 4.393505796512354733e-01 6.899298759548419535e-02 8.956437243143433591e-01 3.043650671095616644e+01
8.938619042832636197e-01 7.955706705457296635e-03 -4.483044961891712865e-01 -9.950135475350910141e+00 -3.583103581022278883e-02 9.979121607060694732e-01 -5.374595832611685220e-02 -1.929791656240992470e+00 4.469410680388147261e-01 6.410372349800842751e-02 8.922805719659284707e-01 3.125409034572525968e+01
8.904880430125120538e-01 7.366982104791629585e-03 -4.549366533111522948e-01 -1.037834585729617132e+01 -3.480097217169875884e-02 9.980429565757721333e-01 -5.196629241153945256e-02 -1.989219982526375441e+00 4.536638888451633433e-01 6.210582728152541643e-02 8.890013991124302573e-01 3.207691434992467805e+01
8.873259568075128056e-01 7.943531420879475571e-03 -4.610929409495469478e-01 -1.082084241359938304e+01 -3.496378063883318760e-02 9.981325757727549375e-01 -5.009113573521833951e-02 -2.047579140284145893e+00 4.598344147592706710e-01 6.056443038944091944e-02 8.859463894282469942e-01 3.290714824576666331e+01
8.848422184871378438e-01 7.686787402939909350e-03 -4.658858834663772708e-01 -1.126594583945158234e+01 -3.404081185378603214e-02 9.982580910113151296e-01 -4.818922113316816830e-02 -2.099325295352656440e+00 4.647041431935109990e-01 5.849626587947705930e-02 8.835624669717317969e-01 3.374065040852895692e+01
8.815342760632346453e-01 8.227100790377936054e-03 -4.720778123324704256e-01 -1.173174145889610109e+01 -3.460357566744691471e-02 9.982849056254711195e-01 -4.722362905618338047e-02 -2.149750603543742589e+00 4.708798010822925484e-01 5.796292991192061178e-02 8.803069322028960197e-01 3.458970075541539302e+01
8.791157061456893462e-01 6.868528932998948545e-03 -4.765042522102509448e-01 -1.220731538085661327e+01 -3.324818830620714788e-02 9.983438853558812554e-01 -4.694584557074023973e-02 -2.211581158564969840e+00 4.753922977849884823e-01 5.711881136200455678e-02 8.778883756462568799e-01 3.544488995114822671e+01
8.778033729148747577e-01 5.814357885774343662e-03 -4.789647095583060565e-01 -1.268566548390001003e+01 -3.272684514446938531e-02 9.983177547146798725e-01 -4.785960857374552818e-02 -2.262124720746107709e+00 4.778805672253108039e-01 5.768931488341679653e-02 8.765170931574940427e-01 3.630852717202748181e+01
8.755473313293929971e-01 6.434498048147361399e-03 -4.831154177817883477e-01 -1.318220297359837012e+01 -3.370469876934389930e-02 9.982884884108558232e-01 -4.778393856857685723e-02 -2.317923872715268452e+00 4.819810044476409705e-01 5.812095755814065262e-02 8.742657723236553213e-01 3.716935740698946233e+01
8.757905933713151514e-01 6.975150970576653175e-03 -4.827044603643831366e-01 -1.367798904815064986e+01 -3.365809554879962973e-02 9.983440952605143748e-01 -4.665042911336610143e-02 -2.372563686538965655e+00 4.815798525379177963e-01 5.710187161986514381e-02 8.745753476459415809e-01 3.805985002032502251e+01
8.751499373848279362e-01 6.194419248189439973e-03 -4.837056552992061720e-01 -1.418446007654777752e+01 -3.205102379708103799e-02 9.984639443073994869e-01 -4.519873196665139675e-02 -2.422071641816735177e+00 4.826825419744596446e-01 5.506323424570018499e-02 8.740043763071930760e-01 3.896122535278851018e+01
8.749283683873830819e-01 5.476493943366485435e-03 -4.841811898302589845e-01 -1.470417276582207222e+01 -3.070709639761565884e-02 9.985510768943999249e-01 -4.419091627346545537e-02 -2.483664956339543650e+00 4.832375670338924234e-01 5.353398583730680643e-02 8.738287493555157992e-01 3.987475043462600865e+01
8.752000173683912587e-01 3.414852661978022650e-03 -4.838466366070469649e-01 -1.522146781940108440e+01 -2.883505686773261273e-02 9.985654467408695556e-01 -4.512176955294514014e-02 -2.538765662809506107e+00 4.829989733105792826e-01 5.343699740948022053e-02 8.740425750791244175e-01 4.079490515285198882e+01
8.742399980873442056e-01 1.313481984350680417e-03 -4.854748052929434565e-01 -1.575288050522467032e+01 -2.746707886955253308e-02 9.985283823294286432e-01 -4.676525402136674781e-02 -2.593974541336734774e+00 4.846988982291057790e-01 5.422177394866308647e-02 8.729894378052732717e-01 4.172921326871281877e+01
8.730325182782693316e-01 1.114897440274755999e-03 -4.877010937849891592e-01 -1.628496778954562529e+01 -2.608547963436699466e-02 9.986724045304096187e-01 -4.441948164449653624e-02 -2.649622568892364693e+00 4.870040057346258222e-01 5.150355683444824556e-02 8.719025982484502890e-01 4.265689548451007340e+01
8.699696472381172052e-01 1.073761388784333186e-03 -4.929989691195235113e-01 -1.682290593939674750e+01 -2.405584265418136275e-02 9.988993887403099237e-01 -4.026718586662347832e-02 -2.710904296194272867e+00 4.924128567386597544e-01 4.689508638862651541e-02 8.690379564570284154e-01 4.359296609980793846e+01
8.671277712442988506e-01 4.820921309237492639e-04 -4.980477416501923882e-01 -1.736153087703530318e+01 -2.122972718466979367e-02 9.991265407975588042e-01 -3.599215035834575638e-02 -2.772959689938584660e+00 4.975953761493248639e-01 4.178403975639151391e-02 8.663805899585699244e-01 4.452442254545487543e+01
8.647431592436078951e-01 -6.063284601820213403e-04 -5.021880743683210246e-01 -1.790429286254089192e+01 -1.962471159155480122e-02 9.991947727751253616e-01 -3.499757779858991835e-02 -2.824436483102571227e+00 5.018050421162346675e-01 4.011859685940686454e-02 8.640347542720080432e-01 4.544714331981735000e+01
8.589758938947267275e-01 -2.695052826727148843e-03 -5.121346563708868427e-01 -1.846409646513138370e+01 -1.845004492968577159e-02 9.991737693923042896e-01 -3.619854524361681286e-02 -2.877241354694634268e+00 5.118092244649439237e-01 4.053919418751442127e-02 8.582163893405329036e-01 4.636494703466497924e+01
8.537406389773137816e-01 -4.956681456502507778e-03 -5.205204752484199338e-01 -1.902634779049013503e+01 -1.784607157715561304e-02 9.990886726548544594e-01 -3.876883962237857861e-02 -2.934979254075555044e+00 5.202382743866892367e-01 4.238957811486806365e-02 8.528741256961706041e-01 4.727918841570335928e+01
8.467960813279479249e-01 -4.795728662810258905e-03 -5.318522447006501785e-01 -1.960758357432059995e+01 -1.846871989856305879e-02 9.990914263941891305e-01 -3.840391714832742942e-02 -2.991053253511736010e+00 5.315534203777696476e-01 4.234154791857267647e-02 8.459380013492134864e-01 4.818529617678370158e+01
8.414929388457876858e-01 -3.084563273509014283e-03 -5.401830818934645340e-01 -2.020542403224094130e+01 -1.868959208597606447e-02 9.992189506188834391e-01 -3.482280892897783586e-02 -3.034184309392547796e+00 5.398684947780086896e-01 3.940396536044740716e-02 8.407780549933371317e-01 4.909242509083050265e+01
8.377713194984446332e-01 5.364231537688707481e-04 -5.460040880590980583e-01 -2.080748763968101400e+01 -1.965073931218622866e-02 9.993813420140903458e-01 -2.917847429384784128e-02 -3.088855850765671818e+00 5.456505850311674788e-01 3.517831703585046210e-02 8.372635229128191359e-01 4.999087459182805304e+01
8.328376754568324047e-01 3.066866554867969837e-03 -5.535014102237933997e-01 -2.141509941125103822e+01 -2.346290468454860501e-02 9.992816114278697537e-01 -2.975904678169195849e-02 -3.135513879129934622e+00 5.530127354460453448e-01 3.776727255961456753e-02 8.323110929828517746e-01 5.087768892025747647e+01
8.294260144316248917e-01 -2.284649906525072652e-04 -5.587629103744227166e-01 -2.202741877697916451e+01 -2.328655974528257011e-02 9.991165018678983545e-01 -3.497535597280208852e-02 -3.185903936542216819e+00 5.582774013477729280e-01 4.201771801977369908e-02 8.286878608977424898e-01 5.177138327462269274e+01
8.269592995463095342e-01 -1.883644798501936521e-03 -5.624178265182904202e-01 -2.263349844376680409e+01 -2.581028928665533850e-02 9.988130410466188325e-01 -4.131174612751041531e-02 -3.244932279538478070e+00 5.618283053558713602e-01 4.867580735188055396e-02 8.259291693596171324e-01 5.264937814251761239e+01
8.234868343553436443e-01 -1.701444602436987105e-03 -5.673034147646335290e-01 -2.325900730173367492e+01 -2.703858835677228414e-02 9.987416380828566531e-01 -4.223856440650110983e-02 -3.299902802005240332e+00 5.666616479836914522e-01 5.011849996708271637e-02 8.224044630857867411e-01 5.352696363605611651e+01
8.205865652200104998e-01 -6.589813024711641074e-04 -5.715323041110195179e-01 -2.388147305167053247e+01 -2.644700663186256434e-02 9.988843035791036273e-01 -3.912681731159253773e-02 -3.359034509031188165e+00 5.709205160971323467e-01 4.722138037735911648e-02 8.196536438733104113e-01 5.440738543198536092e+01
8.175287659372272309e-01 1.391918040245014370e-03 -5.757193881190828533e-01 -2.452087662116096567e+01 -2.521090707123716315e-02 9.991248003408731426e-01 -3.338199421477894280e-02 -3.408491369585310515e+00 5.751689235847832204e-01 4.181109900736754842e-02 8.168484998573064537e-01 5.529055969945486737e+01
8.141370692012960264e-01 2.739556811894295479e-03 -5.806764859429454084e-01 -2.515678801437993428e+01 -2.458474719175653828e-02 9.992548164048882242e-01 -2.974159073161580444e-02 -3.457322991308916293e+00 5.801621697262770994e-01 3.848859339089154979e-02 8.135978366457080613e-01 5.616960717626179189e+01
8.121743148332438711e-01 4.406618770876494749e-03 -5.833077661000876102e-01 -2.579557210272059820e+01 -2.669755217620761040e-02 9.992045516148398976e-01 -2.960990777864050405e-02 -3.511181928726349266e+00 5.827132070013110177e-01 3.962240199806715130e-02 8.116460740426389986e-01 5.704204773663622774e+01
8.082695971366243848e-01 3.278512497858555950e-03 -5.888032856739354726e-01 -2.645585154665648986e+01 -2.666537635432024780e-02 9.991623863186535059e-01 -3.103589909159883489e-02 -3.560191403162562107e+00 5.882083289200552567e-01 4.078416896217908205e-02 8.076799039997091256e-01 5.790333031738952485e+01
8.032638526744720897e-01 4.471495778789964836e-04 -5.957411285089314612e-01 -2.710563136089733405e+01 -2.539717811222392402e-02 9.991158756936801000e-01 -3.349724219048223067e-02 -3.605347001347202873e+00 5.951994969040517169e-01 4.203504325200505681e-02 8.025651564089172352e-01 5.878138103250530122e+01
8.004960637223130782e-01 -1.860703834311914866e-04 -5.993597171514475352e-01 -2.776321568124636130e+01 -2.546565413698262739e-02 9.990862196247312088e-01 -3.430882228298604703e-02 -3.658133709470752670e+00 5.988181071277455247e-01 4.272849729781920403e-02 7.997601224490069605e-01 5.965226359385930266e+01
7.961708346590803398e-01 -2.890067132664008755e-04 -6.050768338273159186e-01 -2.843901690341820654e+01 -2.476639140354947727e-02 9.991461850264182765e-01 -3.306670517776694185e-02 -3.708316844749936614e+00 6.045696084888038113e-01 4.131488326769158781e-02 7.954840405142390436e-01 6.051370093009617079e+01
7.917939732836702937e-01 -8.201297386904983716e-04 -6.109284233250158458e-01 -2.910984492707700966e+01 -2.433910431865481810e-02 9.991624514100040377e-01 -3.288343921839573247e-02 -3.752690591809211718e+00 6.104438931436447779e-01 4.090179238010593216e-02 7.911108265117701155e-01 6.137791478968347292e+01
7.860925416614326089e-01 -1.473623549730536126e-03 -6.182659797548322178e-01 -2.979738267021719267e+01 -2.408083908165648337e-02 9.991649798989516995e-01 -3.300429036607799294e-02 -3.809792973031187913e+00 6.177983021883335368e-01 4.083090211091936622e-02 7.854008641932476165e-01 6.223208074364131193e+01
7.814391071156787660e-01 -2.559365013620158464e-03 -6.239704365490831295e-01 -3.049838536848882953e+01 -2.389909294121271219e-02 9.991350045136708768e-01 -3.403436488506290936e-02 -3.860494140564058263e+00 6.235176366394558078e-01 4.151360023348538847e-02 7.807021454087671453e-01 6.308616112679854382e+01
7.757702410018982864e-01 -4.575625827570781699e-03 -6.309210417359266687e-01 -3.119425912551712798e+01 -2.254423909716907204e-02 9.991343228414595323e-01 -3.495336493143322287e-02 -3.910353873620337595e+00 6.305348012994792528e-01 4.133862977297929342e-02 7.749956699022173545e-01 6.394181697056479408e+01
7.698498150490930003e-01 -4.405666469404696459e-03 -6.381472365983698047e-01 -3.191183273073810156e+01 -2.304255020595842932e-02 9.991322981125043690e-01 -3.469604361876877513e-02 -3.966672715203506616e+00 6.377463015020029546e-01 4.141967249418486430e-02 7.690805189222956750e-01 6.478781633846659815e+01
7.651993707945563550e-01 -6.879251930836495846e-03 -6.438189620414964676e-01 -3.262909154969894843e+01 -2.143267239559255508e-02 9.991164530796862175e-01 -3.616106871299570868e-02 -4.011799076467077008e+00 6.434989641575254993e-01 4.146803159557350960e-02 7.643760043766427703e-01 6.562818320765994429e+01
7.591442613038236198e-01 -8.607228892306912141e-03 -6.507990991738975550e-01 -3.336627369256130748e+01 -2.044040015304138605e-02 9.991042552963319556e-01 -3.705355183458823587e-02 -4.071018957932728277e+00 6.505352412196130363e-01 4.143085371397206562e-02 7.582884344649082342e-01 6.647333036021673536e+01
7.519936645746090331e-01 -8.618143935882106171e-03 -6.591157630573806214e-01 -3.411445542977430279e+01 -1.932661707347991739e-02 9.991964004752784678e-01 -3.511543850009431894e-02 -4.121250309054138583e+00 6.588887966270619012e-01 3.914584462084443744e-02 7.512227905752654200e-01 6.731582714154563973e+01
7.470059157171115016e-01 -8.767282859711539311e-03 -6.647318266807461518e-01 -3.486500536500381031e+01 -1.786358610250692036e-02 9.992872826393385255e-01 -3.326404794569379209e-02 -4.170682083552654795e+00 6.645496731678925961e-01 3.672589764188105566e-02 7.463167197610732773e-01 6.814852342900702808e+01
7.398402401612169665e-01 -1.012978207938322953e-02 -6.726766065508562598e-01 -3.562892758677127603e+01 -1.748732498096663632e-02 9.992592203271122298e-01 -3.426966060569141409e-02 -4.227424240029481695e+00 6.725258109245767502e-01 3.711328822425773860e-02 7.391150418462658633e-01 6.897645524766016933e+01
7.334566036996821303e-01 -1.207700349607657153e-02 -6.797246919402576415e-01 -3.641150102516276377e+01 -1.708170852773982160e-02 9.991987791365884997e-01 -3.618587149312817858e-02 -4.285595079330967394e+00 6.796172956342025895e-01 3.815149822991324019e-02 7.326627605314970371e-01 6.979414018976822831e+01
7.279072647896375203e-01 -1.170640279351049806e-02 -6.855124250840018973e-01 -3.720346254708741185e+01 -1.868941297799116621e-02 9.991438966508300323e-01 -3.690029507758683935e-02 -4.338099792635902396e+00 6.853577463797744240e-01 3.966936974629888674e-02 7.270653618253712924e-01 7.062070014517128413e+01
7.210381880821377099e-01 -1.174134080445591796e-02 -6.927531137087248325e-01 -3.800266750615605105e+01 -1.753170338071106948e-02 9.992271275573048062e-01 -3.519122252526875327e-02 -4.391645345548432111e+00 6.926307411239676082e-01 3.752494537993724538e-02 7.202750576859059395e-01 7.144266931598467352e+01
7.179324663592050459e-01 -1.128059308834155824e-02 -6.960563311953166243e-01 -3.880696061250573337e+01 -1.832530490938965445e-02 9.992157715202338863e-01 -3.510021807557087148e-02 -4.446959092375607270e+00 6.959063373160488952e-01 3.795690546358816697e-02 7.171627944157884516e-01 7.225380969894408167e+01
7.125946435495955633e-01 -1.175794509505409535e-02 -7.014047614554489440e-01 -3.962778743189590358e+01 -1.902024569880435279e-02 9.991682116839165628e-01 -3.607179747798770764e-02 -4.501995666358271642e+00 7.012457069252693298e-01 3.904378591658523578e-02 7.117782137972501477e-01 7.308009337637267322e+01
7.070080444383752827e-01 -1.409746329373081503e-02 -7.071532904987777313e-01 -4.045607919461019719e+01 -1.840173006801981703e-02 9.990960452256952840e-01 -3.832585243929770985e-02 -4.559860181059146811e+00 7.070542738855434273e-01 4.011208317943164986e-02 7.061095338596419246e-01 7.389062874464482888e+01
7.039904222422878055e-01 -1.692781743136387643e-02 -7.099958226071568790e-01 -4.128309676083190283e+01 -1.870496801091264469e-02 9.989271913226904775e-01 -4.236698640945062849e-02 -4.624047707327146206e+00 7.099515711361532588e-01 4.310481278192841020e-02 7.029183129677673003e-01 7.469817608172975554e+01
6.968101699841153795e-01 -1.738223639008967814e-02 -7.170310938870888551e-01 -4.213085431122742364e+01 -1.954815604374577145e-02 9.988746409779878377e-01 -4.320567401056038537e-02 -4.682841167535341853e+00 7.169753437730131962e-01 4.412237812183967406e-02 6.956862007719057939e-01 7.550253134087382989e+01
6.928306271908970526e-01 -1.708695502939354405e-02 -7.208713723954826014e-01 -4.298474360738488542e+01 -1.830597480827991438e-02 9.989802799950975309e-01 -4.127605561795582439e-02 -4.747627644228612276e+00 7.208416316830208448e-01 4.179381886222572479e-02 6.918112623086345447e-01 7.631379243310514937e+01
6.884231617716926044e-01 -1.722365712041699568e-02 -7.250040234111824189e-01 -4.384543218121858388e+01 -1.728955632057169525e-02 9.990441931005172860e-01 -4.014640438641304404e-02 -4.807488886665507444e+00 7.250022971938663296e-01 4.017788946202235922e-02 6.874673780417612790e-01 7.712253042875768472e+01
6.833984487791758822e-01 -1.745041320328418258e-02 -7.298156054626744327e-01 -4.471923350410781239e+01 -1.768752177286045738e-02 9.990251350995864588e-01 -4.043775368513256863e-02 -4.876009409199096645e+00 7.298099186000563954e-01 4.054258234936414934e-02 6.824234205348427285e-01 7.792719979692067511e+01
6.789073143507833308e-01 -2.025754012404338764e-02 -7.338591900276647539e-01 -4.558885288304828265e+01 -1.576033789112323003e-02 9.989869031469859051e-01 -4.214596428768913050e-02 -4.935122886365107320e+00 7.339696897162905076e-01 4.017721196460724564e-02 6.779002718859283849e-01 7.872961660124116179e+01
6.742184109419840921e-01 -1.949400147945907005e-02 -7.381492258073749646e-01 -4.648030913894498894e+01 -1.497432203932133610e-02 9.990852446970210909e-01 -4.005290131152786093e-02 -4.998988368032001084e+00 7.382546476035757310e-01 3.806224518920780370e-02 6.733096322867154759e-01 7.952838508116695948e+01
6.698602476412466311e-01 -2.137635478086059512e-02 -7.421698385552525368e-01 -4.737130862895106986e+01 -1.356855158210944733e-02 9.990660024636796033e-01 -4.102538392881580759e-02 -5.058063296648324325e+00 7.423540515757277580e-01 3.754665780609266201e-02 6.689445265483638936e-01 8.031395607692873284e+01
6.670526318246761122e-01 -2.436476014707449761e-02 -7.446136465109697289e-01 -4.826182082615512314e+01 -9.740433824708981392e-03 9.990943384745917255e-01 -4.141728977306326220e-02 -5.124710433029105339e+00 7.449488068395413443e-01 3.487602929037127153e-02 6.662113303866148417e-01 8.111377276404338943e+01
6.621907539587323921e-01 -2.885383947423689893e-02 -7.487229420486202214e-01 -4.917180719445823200e+01 -6.843247902347425297e-03 9.989837258575925416e-01 -4.454631620785325791e-02 -5.191778345223953650e+00 7.492477479461481238e-01 3.461789685595217936e-02 6.613203250428364433e-01 8.191448716552730502e+01
6.576674611553740002e-01 -3.381141157899705818e-02 -7.525414049701759645e-01 -5.008757959048924846e+01 -2.770187331647845815e-03 9.988767815792710669e-01 -4.729548318404026841e-02 -5.258398448696929961e+00 7.532957165700125968e-01 3.318491449282943290e-02 6.568352237990160436e-01 8.271157871367645953e+01
6.522794267329723450e-01 -3.792369229464311736e-02 -7.569517900377014108e-01 -5.100721372043260970e+01 3.566888281403187474e-03 9.988898991409115302e-01 -4.697091384616028376e-02 -5.332219408915848113e+00 7.578929612528036985e-01 2.793465184529230969e-02 6.516908149265924211e-01 8.350445003079894946e+01
6.429428094247505721e-01 -4.198032268643054482e-02 -7.648331340612990470e-01 -5.193747344609681704e+01 8.568834345609201847e-03 9.988280910174824889e-01 -4.763566378104323179e-02 -5.402741069424228826e+00 7.659372761198803836e-01 2.406478692705350461e-02 6.425496924380161845e-01 8.427340468449861532e+01
6.356699259378840727e-01 -4.234491603426526751e-02 -7.707573399439692219e-01 -5.287832236090308413e+01 1.101378116410422180e-02 9.988903313994424993e-01 -4.579494277377126055e-02 -5.473932753314310062e+00 7.718410110219637854e-01 2.062046850842831971e-02 6.354310213110501149e-01 8.506328879250017394e+01
6.254214153078092586e-01 -4.156781565693323799e-02 -7.792235087241686786e-01 -5.384793584153160850e+01 1.290563340255579741e-02 9.989946139220700072e-01 -4.292952407661634884e-02 -5.538665197140638874e+00 7.802247516442386566e-01 1.679126134099303419e-02 6.253290417044168326e-01 8.582846558356003186e+01
6.158876390226345476e-01 -4.164842400453996896e-02 -7.867252340843010616e-01 -5.482809343874460950e+01 1.272834172670997931e-02 9.989975463229883168e-01 -4.292252924506054917e-02 -5.614712629790910903e+00 7.877239868723112659e-01 1.642348930599494411e-02 6.158002275381357915e-01 8.658349815745886247e+01
6.072941075705372560e-01 -4.282723779324205948e-02 -7.933107259743829021e-01 -5.580884911790372627e+01 1.126500416826139127e-02 9.989099056242745078e-01 -4.530085735155758159e-02 -5.674078082078183094e+00 7.943860757788688831e-01 1.857231609959425489e-02 6.071146327593204273e-01 8.733471021600657025e+01
5.974582091254193594e-01 -4.516201277760469035e-02 -8.005877665949283628e-01 -5.680306822107877451e+01 1.204749010939569660e-02 9.988057306154553006e-01 -4.734463831362909630e-02 -5.761330949136217683e+00 8.017699601022953981e-01 1.863857215674700335e-02 5.972888523314218157e-01 8.807224639852043424e+01
5.884438699185563504e-01 -4.586365435101703858e-02 -8.073054742365064484e-01 -5.781484041431917831e+01 1.215184169202905215e-02 9.987788035762278360e-01 -4.789190041618574672e-02 -5.825045284089241271e+00 8.085159816517289988e-01 1.837288933860345419e-02 5.882827262091955278e-01 8.880013506750643160e+01
5.779387938557133397e-01 -4.722103313324516050e-02 -8.147173396934933587e-01 -5.883084769171441053e+01 1.526076767509291013e-02 9.987754664217003420e-01 -4.706485389135254410e-02 -5.895873440866696846e+00 8.159418853121561677e-01 1.476948872084535465e-02 5.779516866830358701e-01 8.951654061433305287e+01
5.673554852865080322e-01 -4.707015285872290927e-02 -8.220361426019595630e-01 -5.987115504838575930e+01 1.667161520150443541e-02 9.988173230061042629e-01 -4.567160079133086859e-02 -5.970927491863938563e+00 8.232134950818996710e-01 1.221211592840149712e-02 5.674685538976346200e-01 9.022801446015056115e+01
5.552431633264579558e-01 -4.791428611269139132e-02 -8.302347800577702941e-01 -6.091520342952184564e+01 1.820217495308661462e-02 9.988000601729404293e-01 -4.545681358169712666e-02 -6.045105654494975056e+00 8.314170211418702161e-01 1.012222539597243572e-02 5.554490188368750303e-01 9.091631031477005820e+01
5.478590552514274181e-01 -4.903106708962461785e-02 -8.352368631852743475e-01 -6.197256021029087947e+01 1.723627010856584527e-02 9.987304133908659898e-01 -4.732920639542945174e-02 -6.118013382126643585e+00 8.364974854009931127e-01 1.153102504883527293e-02 5.480088246621502845e-01 9.160074820829423459e+01
5.359707669736467617e-01 -5.014155419771724326e-02 -8.426937100557939653e-01 -6.304051878448289870e+01 1.709189049824222720e-02 9.986743525722817649e-01 -4.856168433616656066e-02 -6.191438708562551518e+00 8.440111608001534815e-01 1.162537452868872036e-02 5.361175743360602208e-01 9.227748809677291320e+01
5.277514702768477672e-01 -5.078598414805701039e-02 -8.478965475241557748e-01 -6.411743529630594196e+01 1.573532144059465107e-02 9.986237866873399760e-01 -5.002069029622398938e-02 -6.269839646793418986e+00 8.492709227121418847e-01 1.304672787342090606e-02 5.278248558554838876e-01 9.293178442744822121e+01
5.159016399932819796e-01 -5.069408505025736755e-02 -8.551501783614373631e-01 -6.521305137755361159e+01 1.414758045959905661e-02 9.986155598318765536e-01 -5.065427177607999265e-02 -6.348478602303682550e+00 8.565347167783838866e-01 1.402946532487045657e-02 5.159045340310428607e-01 9.357382309819072930e+01
