1.0 0.0 0.0 0.0 0.0 1.0 0.0 0.0 0.0 0.0 1.0 0.0
0.99991465 0.012912117 0.0020015645 0.29870605 -0.012907032 0.9999135 -0.0025327306 -0.01171875 -0.00203409 0.0025066806 0.9999948 0.0057373047
0.999819 0.01893336 0.0018213022 0.5880127 -0.0189238 0.99980766 -0.0051288307 -0.023803711 -0.0019180981 0.005093417 0.99998516 0.011474609
0.9997715 0.02133468 0.0013312616 0.8907471 -0.0213247 0.9997473 -0.007110384 -0.032958984 -0.0014826178 0.0070803766 0.99997383 0.0021972656
0.99982214 0.018858047 -0.00022240609 1.2009277 -0.018859273 0.99978375 -0.0087619675 -0.03857422 5.707724e-05 0.008764603 0.99996156 0.0063476562
0.99991375 0.013038556 -0.0015957992 1.5196533 -0.01305608 0.99984854 -0.011513161 -0.040649414 0.0014455012 0.011533005 0.99993247 0.013183594
0.9999956 0.0010020102 -0.0027951533 1.8446045 -0.0010357734 0.9999262 -0.01210376 -0.036132812 0.0027828212 0.0121066 0.9999228 0.016723633
0.99987584 -0.015435882 -0.00317107 2.1757812 0.015398379 0.9998149 -0.011527379 -0.024414062 0.0033484679 0.011477117 0.9999285 0.019165039
0.99939543 -0.034631155 -0.0029514506 2.5240479 0.034609992 0.99937636 -0.0069431863 0.009277344 0.0031901458 0.006836821 0.99997157 0.018798828
0.998554 -0.05360996 -0.004026208 2.8804932 0.053596623 0.9985572 -0.0033505613 0.046875 0.004200017 0.0031299628 0.9999863 0.028686523
0.9972836 -0.07349542 -0.0048011853 3.246582 0.073488176 0.9972943 -0.0016692412 0.08996582 0.004910885 0.0013118066 0.99998707 0.025634766
0.9955061 -0.094620824 -0.0037166416 3.6293945 0.09461183 0.9955107 -0.0025253901 0.13659668 0.003938964 0.0021624109 0.9999899 0.030029297
0.99327093 -0.11575952 -0.00290784 4.01062 0.11574779 0.99326885 -0.0039241 0.18383789 0.003342587 0.003561129 0.9999881 0.037963867
0.9910702 -0.13332246 -0.0027628841 4.411865 0.13331227 0.99106896 -0.0035909456 0.24926758 0.0032168692 0.0031906029 0.99998975 0.037475586
0.9889352 -0.14832373 -0.0020985538 4.82605 0.14831786 0.9889346 -0.0027193096 0.3293457 0.002478717 0.002378014 0.9999941 0.04260254
0.9869867 -0.16075031 -0.0018100644 5.2524414 0.16074692 0.9869871 -0.001885819 0.40734863 0.0020897505 0.0015701338 0.9999966 0.042114258
0.98486507 -0.17327341 -0.0030683847 5.6936035 0.17326324 0.9848661 -0.0033206881 0.49157715 0.0035975785 0.0027387405 0.99998975 0.048828125
0.9830583 -0.18324588 -0.0039131814 6.1398926 0.18322106 0.9830526 -0.005969826 0.5710449 0.004940884 0.0051516653 0.99997455 0.05859375
0.98157686 -0.19101043 -0.0063224807 6.6048584 0.19097853 0.981589 -0.0053185252 0.66796875 0.0072218445 0.0040133866 0.99996585 0.0592041
0.98006195 -0.19856425 -0.007704842 7.0860596 0.19853105 0.98008686 -0.004864841 0.78100586 0.00851734 0.0032383236 0.99995846 0.0592041
0.9785603 -0.20565902 -0.010418499 7.572876 0.20561582 0.97861177 -0.0050714016 0.88500977 0.01123888 0.0028200885 0.9999329 0.064697266
0.976872 -0.21352063 -0.011333701 8.076904 0.21342126 0.9769147 -0.009368629 0.9918213 0.013071822 0.0067327805 0.9998918 0.06921387
0.9750489 -0.22169028 -0.011156532 8.592407 0.22151315 0.97503465 -0.015197581 1.1048584 0.014247341 0.012346685 0.9998222 0.08300781
0.97363836 -0.22772504 -0.013352323 9.125732 0.22752383 0.97366077 -0.015052684 1.2330322 0.016428078 0.011618571 0.9997976 0.10058594
0.97118187 -0.23764762 -0.01844343 9.6484375 0.23744673 0.97132665 -0.012439808 1.3823242 0.020870272 0.0077011157 0.99975234 0.10119629
0.96881944 -0.2467883 -0.021983393 10.201538 0.2466264 0.96906036 -0.009834901 1.5302734 0.023730136 0.0041056843 0.9997099 0.1081543
0.9664468 -0.25571287 -0.023886435 10.767578 0.25547814 0.9667236 -0.012462461 1.6826172 0.026279215 0.0059420606 0.99963707 0.12426758
0.9641372 -0.26421103 -0.025022954 11.336914 0.26391473 0.96443343 -0.014544351 1.8447266 0.027975969 0.0074184863 0.99958104 0.14904785
0.9622213 -0.2709052 -0.027559208 11.925171 0.2705985 0.9625948 -0.014377297 2.012085 0.03042324 0.0063784267 0.99951684 0.16418457
0.9598409 -0.2787642 -0.031309985 12.514648 0.2784777 0.96034306 -0.013254627 2.19812 0.03376362 0.004002757 0.99942183 0.18103027
0.95751274 -0.28599977 -0.036759153 13.114014 0.28562307 0.95820975 -0.015234141 2.387329 0.039579693 0.0040842304 0.9992078 0.20263672
0.9557213 -0.29100898 -0.043777443 13.726929 0.2905868 0.9567201 -0.015854696 2.5783691 0.046497717 0.0024339282 0.9989158 0.23718262
0.9539475 -0.29533076 -0.052518003 14.361206 0.29489 0.95539176 -0.016131658 2.78479 0.054939497 -9.666057e-05 0.9984901 0.26184082
0.95212513 -0.2991972 -0.062236488 14.993286 0.29875332 0.95415276 -0.016544756 2.9953613 0.06433422 -0.0028469819 0.99792445 0.2972412
0.9503642 -0.30287382 -0.0711252 15.660522 0.3024363 0.95300615 -0.0170991 3.20813 0.072963834 -0.0052570403 0.9973221 0.3371582
0.94857866 -0.30658463 -0.07904575 16.311157 0.30636767 0.9518154 -0.015157983 3.4250488 0.079882346 -0.009832392 0.9967559 0.38708496
0.9461225 -0.3122087 -0.08607105 16.975098 0.31211987 0.949944 -0.014832769 3.6623535 0.08639241 -0.012830956 0.99617726 0.44091797
0.9442133 -0.31583953 -0.09324234 17.651733 0.31597674 0.9486609 -0.013677208 3.8920898 0.09277633 -0.016548607 0.99555 0.5076904
0.94210035 -0.32021913 -0.09927113 18.339233 0.3207642 0.9470706 -0.01086344 4.1468506 0.09749533 -0.021619871 0.9949999 0.5753174
0.93998474 -0.32510668 -0.10359273 19.039673 0.3260077 0.9453266 -0.008587806 4.3986816 0.10072148 -0.025700716 0.99458253 0.6414795
0.93836415 -0.3289439 -0.10600346 19.75415 0.32997555 0.9439364 -0.008165618 4.6625977 0.10274632 -0.027319476 0.99433285 0.7126465
0.936252 -0.33508232 -0.10554181 20.47644 0.33627227 0.9417336 -0.0068527013 4.928467 0.101686805 -0.029078696 0.99439055 0.79541016
0.9338498 -0.3421136 -0.104098216 21.211792 0.34337032 0.9391561 -0.006167667 5.199829 0.0998745 -0.029994626 0.99454683 0.87597656
0.9321262 -0.3474457 -0.102179654 21.954956 0.34847313 0.93729186 -0.008192358 5.4854736 0.09861873 -0.027965296 0.99473304 0.9560547
0.9297658 -0.35477054 -0.098239444 22.686157 0.35572946 0.9345431 -0.0081772655 5.771118 0.09470878 -0.02735297 0.9951274 1.0345459
0.925904 -0.36588305 -0.09425147 23.45813 0.36709055 0.9302007 -0.004814869 6.077759 0.089434154 -0.030134287 0.9955366 1.1079102
0.92319256 -0.37386394 -0.08909729 24.20691 0.37518844 0.9269439 -0.0020174056 6.3986816 0.08334363 -0.031563297 0.9960216 1.19104
0.9206172 -0.3806251 -0.087326854 24.976318 0.3821324 0.92412585 0.000604633 6.728882 0.0804746 -0.033915896 0.9961813 1.2583008
0.9166936 -0.3902964 -0.08549761 25.740234 0.39182425 0.9200225 0.0011842924 7.066284 0.07819749 -0.03459106 0.9963373 1.3275146
0.9128703 -0.3991709 -0.0856337 26.513428 0.40085778 0.91613567 0.0027647817 7.4104004 0.0773514 -0.03684274 0.99632466 1.4001465
0.90928936 -0.40749043 -0.08430489 27.289062 0.40912062 0.91245884 0.0022533424 7.764282 0.076001614 -0.03655057 0.9964359 1.4700928
0.9053899 -0.4162756 -0.08354158 28.082275 0.4179161 0.9084804 0.002383394 8.136597 0.07490491 -0.037073385 0.99650127 1.5305176
0.90227807 -0.42355967 -0.080647156 28.875 0.42521983 0.9050883 0.0038054672 8.5177 0.0713779 -0.0377219 0.996736 1.5998535
0.8989312 -0.43132707 -0.07655397 29.677246 0.43281475 0.9014672 0.003177379 8.901367 0.06763912 -0.035994858 0.99705976 1.668335
0.8955806 -0.43902063 -0.07185332 30.49292 0.4404721 0.8977327 0.004944953 9.3133545 0.062337406 -0.036074214 0.99740416 1.7264404
0.8922201 -0.4466366 -0.06700228 31.31311 0.4478981 0.8940905 0.004332415 9.7282715 0.05797272 -0.033869762 0.9977441 1.7869873
0.8889423 -0.45336878 -0.06503753 32.138306 0.45454 0.89071345 0.0036687737 10.152222 0.05627049 -0.032821074 0.99787664 1.8450928
0.88588524 -0.4595528 -0.06352442 32.970825 0.46071443 0.88754827 0.004176321 10.590698 0.05446509 -0.032966625 0.9979714 1.9022217
0.88350236 -0.46443322 -0.061479706 33.806396 0.4655204 0.8850595 0.003863635 11.032227 0.05261979 -0.03202962 0.99810094 1.9527588
0.8802442 -0.47061676 -0.06097385 34.657715 0.47172302 0.8817519 0.004335942 11.494019 0.05172436 -0.03257742 0.99813 2.001709
0.87782925 -0.47512713 -0.060152512 35.515015 0.4761425 0.8793337 0.0029272265 11.965942 0.051500708 -0.031212218 0.99818504 2.0618896
0.8764602 -0.47760725 -0.060736258 36.38025 0.47858867 0.87802577 0.0018478882 12.441406 0.05244387 -0.03068676 0.99815226 2.1103516
0.87420577 -0.48171046 -0.06118538 37.243042 0.48274368 0.87577266 0.0024239807 12.93457 0.05241426 -0.031655807 0.99812317 2.1645508
0.8745146 -0.48131734 -0.060163733 38.134766 0.48234525 0.8760112 0.0029668596 13.428467 0.051275954 -0.03160823 0.99818426 2.2177734
0.87394726 -0.4824261 -0.058130957 39.03772 0.4833528 0.8753641 0.0021697255 13.932495 0.049839765 -0.029997496 0.9983069 2.2659912
0.8737749 -0.48298478 -0.056605812 39.95276 0.48383164 0.8751377 0.0014433963 14.449829 0.048839953 -0.028650627 0.9983956 2.3261719
0.8739952 -0.4827347 -0.056511972 40.874146 0.48347634 0.87541103 -0.00061407173 14.964966 0.049770117 -0.026779767 0.9984018 2.3791504
0.8729475 -0.48441923 -0.05730769 41.81006 0.48507768 0.8744571 -0.0027318285 15.49353 0.05143564 -0.025411194 0.9983532 2.4320068
0.871863 -0.4867374 -0.054600462 42.739624 0.4873211 0.87324035 -0.002960824 16.022705 0.04911839 -0.024021264 0.99850416 2.4866943
0.86900127 -0.4921704 -0.050015654 43.678345 0.49265125 0.8701619 -0.0030714474 16.55664 0.045032676 -0.021975491 0.99874383 2.5476074
0.8663492 -0.4973759 -0.044928804 44.612427 0.49772975 0.8673025 -0.0037301285 17.091309 0.040822316 -0.019132715 0.9989832 2.609375
0.8640077 -0.5015885 -0.043283634 45.537354 0.5018706 0.864914 -0.0048681996 17.630493 0.039879657 -0.017518349 0.999051 2.659546
0.85819453 -0.51158136 -0.043751046 46.458374 0.5117932 0.8591546 -0.007066729 18.184692 0.041200288 -0.016327264 0.99901694 2.7104492
0.85285705 -0.5199912 -0.045639362 47.37561 0.52014315 0.8539331 -0.009420543 18.741821 0.043873064 -0.015714768 0.9989133 2.7658691
0.8459192 -0.53131056 -0.04563719 48.2854 0.5314779 0.8469927 -0.009389052 19.317139 0.043643232 -0.016319308 0.99891365 2.8208008
0.84075534 -0.5396508 -0.0427292 49.1958 0.5398477 0.84167784 -0.0077812322 19.910278 0.040163297 -0.016523482 0.99905676 2.8640137
0.8372319 -0.5454734 -0.038519688 50.097168 0.5457367 0.837935 -0.004237423 20.508545 0.034588315 -0.017468162 0.99924934 2.9195557
0.83226687 -0.5528393 -0.0411318 50.986816 0.5532452 0.8330117 -0.0017897654 21.111816 0.03525382 -0.021272546 0.9991518 2.965088
0.82865 -0.5580681 -0.045408227 51.882812 0.5584433 0.82962537 -0.0051371176 21.720093 0.040534846 -0.021097662 0.998955 3.0128174
0.82588947 -0.5615812 -0.052081957 52.762695 0.5620368 0.82719225 -0.0068207486 22.322754 0.046911605 -0.023627259 0.9986198 3.0688477
0.82236165 -0.5664107 -0.05354084 53.642822 0.5669158 0.8237283 -0.006694882 22.94458 0.04789786 -0.024853269 0.99854296 3.1228027
0.8196095 -0.57068926 -0.050657384 54.52588 0.5711758 0.82081515 -0.005709849 23.563599 0.044840183 -0.02425293 0.99869984 3.182251
0.81680226 -0.5749736 -0.04525787 55.411865 0.5754215 0.8177312 -0.0037229678 24.199707 0.039151423 -0.023005433 0.9989686 3.2330322
0.81354964 -0.5799897 -0.041951224 56.2937 0.5804159 0.8143239 -0.0024421583 24.832031 0.035574213 -0.022368658 0.9991162 3.2824707
0.8115899 -0.5825453 -0.043090172 57.168213 0.58305883 0.8123647 -0.00080551906 25.468018 0.03547226 -0.024480073 0.99907035 3.3358154
0.8076256 -0.58803064 -0.044272818 58.032227 0.5885352 0.80846906 -0.0019980755 26.12439 0.036967874 -0.024445945 0.99901724 3.3840332
0.8025188 -0.5950032 -0.045552336 58.91333 0.5954344 0.80347633 -0.0049117827 26.769653 0.039520003 -0.0231768 0.99894977 3.4278564
0.7997146 -0.59861654 -0.0462581 59.78662 0.5990421 0.8007144 -0.0055891485 27.42395 0.040378515 -0.023245323 0.9989134 3.4799805
0.7954398 -0.6043749 -0.044862904 60.651123 0.6047679 0.7963847 -0.0057670996 28.095825 0.03921186 -0.022541827 0.9989766 3.5303955
0.7910682 -0.61024964 -0.04446965 61.51831 0.610617 0.792009 -0.0063722567 28.762695 0.039104924 -0.022111487 0.99899006 3.574585
0.7853597 -0.6176028 -0.044422165 62.375977 0.61794865 0.78631115 -0.0071193147 29.445679 0.039322313 -0.021851674 0.99898756 3.6315918
0.7806634 -0.62331533 -0.045122653 63.233154 0.6236373 0.7816653 -0.008277886 30.1427 0.04042881 -0.021671925 0.99894756 3.6820068
0.7749641 -0.63032496 -0.04497093 64.092285 0.63056684 0.7760023 -0.010385012 30.834106 0.04144309 -0.020318864 0.99893385 3.7315674
0.769047 -0.63753897 -0.04507141 64.941895 0.6377955 0.77008486 -0.010309391 31.547241 0.041281383 -0.020817593 0.99893075 3.788208
0.7643517 -0.6432806 -0.045140266 65.7854 0.64343894 0.76544183 -0.012856776 32.260498 0.04282522 -0.019210372 0.99889827 3.83313
0.7582703 -0.65031064 -0.045123566 66.63428 0.65040004 0.75939316 -0.014678582 32.993164 0.043814965 -0.018222732 0.9988735 3.892456
0.7512072 -0.65867543 -0.042859484 67.48096 0.6587312 0.7522342 -0.014806012 33.736572 0.041992325 -0.017109597 0.99897146 3.9438477
0.7463049 -0.6643464 -0.04045304 68.31714 0.66436046 0.7472363 -0.015036987 34.483276 0.04022129 -0.015647413 0.9990687 3.9945068
0.7391075 -0.67231685 -0.040860683 69.14917 0.6722876 0.7400791 -0.016507601 35.24243 0.041337933 -0.0152787035 0.9990279 4.0516357
0.73266107 -0.67939717 -0.041918162 69.9707 0.67930704 0.7337084 -0.018549297 36.020508 0.043352872 -0.014881458 0.9989487 4.1101074
0.72705877 -0.6851357 -0.043445643 70.80078 0.68509096 0.72816926 -0.0182576 36.808594 0.044146862 -0.016497448 0.9988885 4.16333
0.7202715 -0.6924186 -0.04131533 71.62695 0.69234425 0.72129166 -0.018399475 37.603394 0.042542826 -0.015345475 0.9989772 4.218506
0.71715605 -0.6956958 -0.041752715 72.44092 0.6956509 0.71818876 -0.017984265 38.404663 0.04249709 -0.016142579 0.9989662 4.2750244
0.71177095 -0.70103085 -0.042848878 73.27075 0.70098794 0.7128607 -0.018536778 39.22168 0.04354498 -0.016847227 0.9989094 4.3309326
0.70611006 -0.7068266 -0.043932 74.08496 0.7067027 0.70728844 -0.020955743 40.0459 0.045882497 -0.01623949 0.9988151 4.3894043
0.7029256 -0.7097015 -0.04693368 74.89526 0.7094944 0.70429635 -0.023821577 40.86975 0.049965218 -0.01655413 0.99861395 4.4536133
0.69569266 -0.7167224 -0.047962114 75.70386 0.71651936 0.697127 -0.024377009 41.713135 0.050905474 -0.017410647 0.99855137 4.513672
0.69182044 -0.7205996 -0.04563837 76.518555 0.72037643 0.6931354 -0.02414392 42.56372 0.049034946 -0.016172819 0.99866635 4.5806885
0.68747985 -0.7247668 -0.044027653 77.33081 0.7245167 0.6887212 -0.024346437 43.42102 0.047969036 -0.015163389 0.9987337 4.642578
0.68243563 -0.729574 -0.044398915 78.13916 0.729324 0.6837018 -0.024643963 44.291138 0.048330937 -0.015570993 0.99870956 4.7127686
0.6779259 -0.7337242 -0.044043183 78.94507 0.7333352 0.6792183 -0.027513599 45.157227 0.050104063 -0.01365575 0.9986503 4.7730713
0.6733356 -0.73802125 -0.041930944 79.74756 0.73764634 0.6745172 -0.026820455 46.045288 0.0480775 -0.012876733 0.99876046 4.8395996
0.6689802 -0.7421157 -0.0414237 80.53662 0.74164647 0.67016333 -0.028764607 46.93286 0.049112942 -0.011481056 0.99872726 4.9003906
0.6662667 -0.7447072 -0.038761638 81.3396 0.74406725 0.66734946 -0.03179647 47.820312 0.049549237 -0.00765966 0.99874216 4.968872
0.66139746 -0.7489894 -0.038515475 82.14404 0.7481218 0.6625011 -0.036350533 48.726562 0.052747235 -0.0047784615 0.99859625 5.0369873
0.6569392 -0.75302255 -0.03709593 82.944824 0.7518854 0.6579857 -0.041370682 49.63867 0.055562563 -0.00071964227 0.9984546 5.1048584
0.6518266 -0.7576214 -0.031856954 83.74194 0.75627065 0.6525805 -0.045564577 50.554443 0.055318292 0.005604321 0.998453 5.1810303
0.642715 -0.7656648 -0.028000616 84.51636 0.76411897 0.64323723 -0.049753882 51.479736 0.05611421 0.010582563 0.9983684 5.253784
0.63560706 -0.77158076 -0.02455803 85.311035 0.7700546 0.63594806 -0.05022237 52.416504 0.054372247 0.013010031 0.99843615 5.328003
0.62551194 -0.7799834 -0.020728812 86.08203 0.7785475 0.6256786 -0.04959075 53.381348 0.051644754 0.014878025 0.9985545 5.3964844
0.6159859 -0.78748685 -0.020359833 86.84253 0.7860479 0.6161475 -0.049797412 54.356934 0.05175959 0.014672608 0.998552 5.475464
0.60730195 -0.79414105 -0.022508778 87.59863 0.792606 0.60757595 -0.051083192 55.333496 0.0542438 0.013179764 0.99844074 5.5369873
0.5974892 -0.80151945 -0.022575857 88.3418 0.7998505 0.5977534 -0.053543106 56.322998 0.05641036 0.013928145 0.9983102 5.626709
0.58848864 -0.80826706 -0.022307638 89.07495 0.80655843 0.5887445 -0.054361045 57.330566 0.057070013 0.014002922 0.99827224 5.6936035
0.578176 -0.81570226 -0.018699696 89.79736 0.8139668 0.5782261 -0.055857647 58.34204 0.056375194 0.017076924 0.99826384 5.7681885
0.567701 -0.82298565 -0.016132444 90.51489 0.82129663 0.5676308 -0.055844545 59.37793 0.05511171 0.018451871 0.99830955 5.847412
0.5556941 -0.8311964 -0.014032459 91.20972 0.82949024 0.5555138 -0.05684301 60.417236 0.05504345 0.019938638 0.99828434 5.925537
0.54825705 -0.8362718 -0.015436491 91.898926 0.8344695 0.5481471 -0.0580483 61.470947 0.057001956 0.018943474 0.99819416 6.001831
0.53637356 -0.8437859 -0.015516749 92.58203 0.8419082 0.5362698 -0.059302043 62.534424 0.058370765 0.018750383 0.99811935 6.0789795
0.5280813 -0.849043 -0.016928254 93.241455 0.8470946 0.52806723 -0.06004318 63.607666 0.05992248 0.017359586 0.9980516 6.161255
0.5161592 -0.8563093 -0.017892137 93.88989 0.8543429 0.5162302 -0.060091734 64.698975 0.06068872 0.01572252 0.99803233 6.2442627
0.5078287 -0.8611854 -0.01732523 94.53906 0.8593484 0.5079143 -0.05809445 65.80127 0.058827978 0.014611853 0.9981611 6.324585
0.50141495 -0.8649346 -0.015273326 95.17456 0.8631916 0.5014111 -0.057004984 66.89624 0.056973137 0.015396609 0.998257 6.406616
0.49218222 -0.8703266 -0.014438193 95.799805 0.868559 0.49213797 -0.05765925 68.0271 0.057304192 0.015852418 0.99823195 6.4870605
0.48354927 -0.87506455 -0.013879204 96.427246 0.8731617 0.48345092 -0.06012315 69.147705 0.05933321 0.01695897 0.9980946 6.5706787
0.48008755 -0.8770444 -0.012396259 97.04028 0.875014 0.47986197 -0.06267975 70.25781 0.060920954 0.019248089 0.99795717 6.6586914
0.47133058 -0.8818199 -0.011782183 97.6499 0.8795813 0.47101834 -0.06615626 71.387695 0.0638875 0.020814061 0.9977397 6.743042
0.46778294 -0.883739 -0.010978498 98.24902 0.88129765 0.46735433 -0.06950864 72.5188 0.06655365 0.022839341 0.9975213 6.835083
0.46358198 -0.8859798 -0.009150423 98.85034 0.88354826 0.46303296 -0.06997285 73.65918 0.06622434 0.024348639 0.9975072 6.934082
0.45947316 -0.8880321 -0.0053267865 99.43921 0.8857823 0.4587207 -0.06863448 74.7876 0.063403256 0.026819188 0.99762774 7.0300293
0.45541868 -0.8901373 0.0009429124 100.026855 0.88819003 0.45435226 -0.06659649 75.92505 0.058855377 0.031165153 0.99777985 7.121704
0.4504016 -0.8927594 0.0023767338 100.6001 0.8908732 0.44927296 -0.06622311 77.05591 0.058064748 0.031953827 0.997802 7.20813
0.449138 -0.8934787 0.0034386818 101.17505 0.89163804 0.44795957 -0.065980285 78.18286 0.05740983 0.032686472 0.99781466 7.296631
0.44923678 -0.8934983 0.00637822 101.73535 0.8918399 0.4479428 -0.064500034 79.30957 0.054774035 0.034651197 0.9978967 7.381714
0.44342694 -0.89629245 0.007640739 102.28662 0.89472 0.44210622 -0.06358831 80.43164 0.05362525 0.035036802 0.9979466 7.4644775
0.44347727 -0.8962356 0.010207847 102.84741 0.8947307 0.44200197 -0.06408455 81.54614 0.052922487 0.037566196 0.9978926 7.550049
0.44042945 -0.897687 0.012904524 103.39258 0.89627355 0.43881306 -0.06422016 82.6499 0.051980074 0.039852273 0.9978529 7.628662
0.43896735 -0.89837813 0.01586757 103.92749 0.89712876 0.43723878 -0.063324876 83.762695 0.049943555 0.042030882 0.9978673 7.7077637
0.43751147 -0.89895594 0.020286689 104.47266 0.8979198 0.43558842 -0.06286446 84.861084 0.04768138 0.045718923 0.99781567 7.782593
0.43390715 -0.9008846 0.021226358 104.993164 0.8998458 0.43190634 -0.063665874 85.93872 0.04817438 0.04672125 0.9977457 7.855591
0.43495113 -0.90006745 0.022135772 105.5105 0.8990235 0.43285498 -0.064726554 87.018555 0.048674904 0.048068482 0.9976584 7.9282227
0.43493897 -0.90023 0.022082034 106.02246 0.89911765 0.43278128 -0.06603766 88.08618 0.04989462 0.048577756 0.9975726 8.005371
0.43386295 -0.90090734 0.020534974 106.512695 0.8996503 0.43172276 -0.067347325 89.1355 0.051798806 0.04767499 0.99751794 8.082397
0.43793592 -0.89880645 0.018526021 107.014404 0.89748096 0.43590808 -0.067059435 90.18408 0.052191556 0.04599643 0.9975774 8.160156
0.43996727 -0.89777464 0.015618673 107.50244 0.8963701 0.4381274 -0.06618201 91.19873 0.052582398 0.04312583 0.9976853 8.23584
0.44504467 -0.8954284 0.013413522 107.99658 0.89397454 0.44333988 -0.065543845 92.22363 0.052744307 0.041164115 0.99775946 8.309814
0.45291066 -0.891487 0.012076399 108.50708 0.8899885 0.4512607 -0.0656358 93.254395 0.053054243 0.040472984 0.9977711 8.3828125
0.4574755 -0.889202 0.011236825 109.01099 0.88772917 0.45589983 -0.06465851 94.243164 0.052385136 0.039552424 0.9978432 8.450806
0.46751872 -0.8839493 0.010483501 109.52002 0.88253564 0.4660216 -0.06327239 95.24121 0.051040225 0.0388154 0.997941 8.522339
0.47724256 -0.8787121 0.009679826 110.04541 0.87729967 0.4757815 -0.062974885 96.22949 0.050737765 0.038546115 0.9979678 8.593506
0.48414996 -0.87484765 0.008572012 110.57715 0.87340516 0.48273477 -0.06295304 97.20459 0.050950475 0.037966497 0.99797916 8.659668
0.49515688 -0.8687091 0.007269837 111.11841 0.8672328 0.49378857 -0.06299475 98.183105 0.051140625 0.037494257 0.99798715 8.728027
0.50427735 -0.8635237 0.003156839 111.66333 0.8618758 0.5030822 -0.063686796 99.13403 0.05341569 0.03483147 0.9979643 8.796143
0.51593894 -0.8565922 -0.0009828019 112.22363 0.8547824 0.5149224 -0.06438943 100.076416 0.055668484 0.032384645 0.99792415 8.864868
0.529167 -0.84858674 -0.004799098 112.79248 0.8468254 0.528418 -0.061649352 101.02075 0.0548427 0.028547987 0.9980861 8.929932
0.5420946 -0.84028274 -0.0044530947 113.378174 0.83864415 0.541354 -0.059775162 101.947754 0.05264334 0.028673429 0.99820185 9.001953
0.55390894 -0.8326521 -0.0041205343 113.978516 0.8311007 0.5531663 -0.058469705 102.86011 0.050969183 0.028957054 0.99828 9.068359
0.56600344 -0.82442474 -0.0048847203 114.57764 0.82295537 0.5653304 -0.056627534 103.75903 0.04943555 0.0280346 0.998384 9.138794
0.57722497 -0.81666756 -0.00588105 115.19409 0.8151472 0.57656306 -0.057266407 104.63599 0.05014647 0.028260969 0.99834186 9.20105
0.5878107 -0.8089623 -0.0076318006 115.81714 0.80728996 0.58715546 -0.05941897 105.51099 0.05255424 0.02877456 0.998204 9.265259
0.59772277 -0.8016996 -0.0069563547 116.43872 0.8000829 0.5970279 -0.058891516 106.36011 0.05136509 0.029640881 0.99824035 9.343018
0.6089795 -0.7930479 -0.0073489184 117.083984 0.79141957 0.6082772 -0.059066165 107.19946 0.05132175 0.03014643 0.9982266 9.405151
0.6199002 -0.78469914 -0.007680772 117.729004 0.7831551 0.61924195 -0.057405718 108.02051 0.04980183 0.029575316 0.9983215 9.468262
0.6296915 -0.7768488 -0.005536097 118.36548 0.7755196 0.6290024 -0.05441121 108.82568 0.04575327 0.029960843 0.99850285 9.530762
0.6407016 -0.76792717 -0.0065895496 119.02612 0.76661384 0.640066 -0.053591624 109.61987 0.045364633 0.029281156 0.998541 9.590698
0.6495006 -0.76025236 -0.00876777 119.66846 0.75902414 0.6490339 -0.050491057 110.39087 0.04407881 0.026135562 0.99868596 9.649658
0.65914965 -0.7520955 -0.01135792 120.32422 0.75078917 0.65877295 -0.050869733 111.15454 0.0457358 0.025004273 0.99864054 9.705566
0.66871405 -0.74340725 -0.012278159 120.992676 0.7420906 0.6683672 -0.050689843 111.90991 0.045897074 0.024780897 0.99863845 9.761108
0.67627 -0.7367354 -0.011023766 121.657715 0.7355662 0.6759175 -0.048166107 112.63867 0.04292405 0.024464639 0.99877876 9.816162
0.68488705 -0.728659 -0.009712808 122.32617 0.72757983 0.68449765 -0.04688663 113.3584 0.040813453 0.025043713 0.9988527 9.869141
0.69487435 -0.719168 -0.009949877 123.00952 0.7181313 0.69450647 -0.045827184 114.05762 0.039863847 0.024701621 0.9988998 9.927734
0.70071775 -0.7133846 -0.011464074 123.66431 0.7123532 0.700425 -0.044846598 114.74463 0.040027816 0.023258734 0.9989278 9.9765625
0.70969534 -0.7045286 -0.011944771 124.349365 0.7035198 0.70942676 -0.044075683 115.430176 0.039530985 0.022871928 0.9989562 10.028931
0.71565187 -0.6982846 -0.011547709 125.02319 0.6974044 0.7154278 -0.04101934 116.092285 0.036908586 0.021302996 0.9990916 10.07666
0.722459 -0.69141674 -0.010690352 125.69238 0.69065994 0.72225714 -0.03809962 116.754395 0.0340615 0.020141091 0.99921674 10.125977
0.7314761 -0.6818155 -0.010525311 126.36865 0.6810948 0.73127717 -0.037207104 117.38721 0.033062123 0.020050492 0.9992523 10.168091
0.7369828 -0.67581826 -0.011060891 127.03296 0.67513293 0.73682225 -0.03584833 118.006836 0.032375693 0.018951232 0.99929607 10.216675
0.74452317 -0.6674257 -0.012252562 127.69702 0.66678685 0.7444306 -0.03377605 118.62085 0.031662766 0.016975999 0.9993545 10.2508545
0.75459623 -0.6560778 -0.010474978 128.3789 0.6555795 0.75450325 -0.030062838 119.21802 0.027626492 0.015817057 0.9994931 10.291748
0.76294047 -0.6462908 -0.009369382 129.04492 0.6459056 0.7628683 -0.026378525 119.791504 0.024196621 0.014071472 0.9996082 10.325195
0.7742302 -0.632925 -0.009912457 129.72974 0.6325999 0.7742013 -0.023548447 120.35425 0.022573872 0.01196309 0.9996737 10.3654785
0.7828093 -0.6221419 -0.011440486 130.39087 0.6218071 0.78281486 -0.023209846 120.89307 0.023396105 0.011053128 0.99966514 10.391602
0.792795 -0.6093091 -0.012842711 131.06543 0.6089592 0.79282826 -0.023192847 121.42432 0.024318377 0.01056861 0.9996486 10.4227295
0.8024045 -0.59645367 -0.012952552 131.76147 0.5960751 0.8024229 -0.024286706 121.940674 0.02488241 0.011762502 0.9996211 10.446289
0.81258595 -0.5827447 -0.011799837 132.44238 0.582459 0.8126095 -0.020836096 122.437256 0.021729514 0.010056697 0.99971324 10.480469
0.823201 -0.5677919 -0.010955134 133.15967 0.5675296 0.8232089 -0.020115525 122.93457 0.020436812 0.010343708 0.9997377 10.504761
0.83156526 -0.5554096 -0.008328865 133.8523 0.55522627 0.83155006 -0.01727917 123.40137 0.016522422 0.009745184 0.9998161 10.531982
0.8403962 -0.5419605 -0.006196136 134.5647 0.54181737 0.840358 -0.016054584 123.86743 0.01390771 0.010135683 0.999852 10.553589
0.8484495 -0.52933973 -0.0038077915 135.29932 0.5292378 0.84839284 -0.014788881 124.32153 0.011058334 0.01053158 0.9998834 10.572998
0.8551017 -0.51851845 -0.0021880833 136.01074 0.51842445 0.85501397 -0.01588917 124.75806 0.010109537 0.012452031 0.9998714 10.592773
0.86108273 -0.5084158 -0.0021607145 136.74268 0.5083283 0.8609998 -0.0153799085 125.19385 0.009679801 0.012145094 0.99987954 10.609009
0.8687006 -0.49525315 -0.0017356579 137.49121 0.49519566 0.868644 -0.01258969 125.627686 0.007744128 0.010077046 0.9999193 10.630371
0.87427324 -0.48534098 -0.0011239653 138.23145 0.4852986 0.8742233 -0.011393143 126.04956 0.006514008 0.009415392 0.9999345 10.643799
0.8813914 -0.47240955 -0.0012111221 138.99365 0.47237548 0.8813537 -0.010012855 126.457275 0.0057980297 0.008252587 0.99994916 10.656738
0.88633513 -0.46311435 7.183291e-05 139.75342 0.46308646 0.8862801 -0.011109823 126.862305 0.0050805565 0.009880382 0.99993837 10.6657715
0.89179194 -0.4525276 -0.0010858737 140.5271 0.45248622 0.89173824 -0.01160056 127.25879 0.006215904 0.009854023 0.9999322 10.681641
0.89584124 -0.4444643 -0.00095412624 141.30688 0.44442096 0.8957802 -0.01218972 127.64502 0.006272796 0.010495752 0.99992514 10.692505
0.89833486 -0.43934685 -0.00050687674 142.08325 0.43931133 0.89827573 -0.011731974 128.04004 0.005608463 0.010316827 0.99993104 10.697266
0.90134406 -0.43309116 0.0028102777 142.8789 0.4330974 0.9012953 -0.009500572 128.42017 0.0015816563 0.009780469 0.9999509 10.713989
0.90504193 -0.42528617 0.0051662857 143.69531 0.42531216 0.9050248 -0.005961271 128.80884 -0.002140054 0.007592409 0.9999688 10.713623
0.90803576 -0.41879043 0.0072034104 144.52002 0.4188172 0.908048 -0.0026532365 129.20557 -0.005429417 0.005425868 0.9999705 10.717285
0.9110834 -0.41216552 0.008570546 145.354 0.41217896 0.91111743 0.00020414218 129.58691 -0.007893051 0.0033453782 0.9999632 10.721313
0.9140697 -0.40544504 0.010706711 146.20508 0.4054475 0.914129 0.0020355154 129.97461 -0.010612376 0.0024809288 0.9999405 10.714844
0.9174954 -0.39756328 0.012834428 147.06348 0.39754993 0.9175834 0.0036776895 130.36035 -0.013239218 0.0017273156 0.9999108 10.706787
0.9205963 -0.39011264 0.015491744 147.94824 0.39009592 0.92072415 0.004210907 130.72778 -0.015906787 0.0021685539 0.9998711 10.702148
0.92370594 -0.38268837 0.016615242 148.8601 0.38267383 0.92385197 0.0041778334 131.10791 -0.016948797 0.0025002684 0.99985313 10.689087
0.927003 -0.3747453 0.016799528 149.74243 0.37474316 0.9271501 0.0033922011 131.47559 -0.016846739 0.0031484566 0.9998532 10.672852
0.9309028 -0.3648803 0.017714245 150.68408 0.36492637 0.93105316 0.0006752191 131.82886 -0.016738988 0.005834974 0.9998428 10.670166
0.9351605 -0.3538336 0.016701197 151.62622 0.35388437 0.9352905 -8.9768786e-05 132.18506 -0.0155886365 0.0059959767 0.9998604 10.6501465
0.9395859 -0.34194562 0.015274042 152.57617 0.34199965 0.9396899 -0.0009962525 132.53589 -0.014012201 0.00616021 0.9998828 10.650635
0.94352794 -0.3310784 0.013295574 153.55884 0.33110034 0.94361395 0.0005809753 132.89136 -0.012738176 0.0038538706 0.9999114 10.634277
0.9492598 -0.3142861 0.013834373 154.54126 0.31425294 0.9493607 0.0045701326 133.23462 -0.014569423 8.915784e-06 0.9998938 10.624634
0.9553831 -0.29501173 0.016312463 155.54858 0.29491386 0.9555177 0.008167276 133.5603 -0.01799553 -0.0029934891 0.9998336 10.602905
0.96106666 -0.27574217 0.016914872 156.59814 0.27557483 0.96119374 0.011580893 133.86914 -0.019452382 -0.0064676367 0.99978983 10.589111
0.96715176 -0.25360462 0.017338773 157.63867 0.25339484 0.96726924 0.0134220105 134.15479 -0.020174328 -0.008587532 0.9997596 10.57312
0.97233975 -0.23281875 0.018833762 158.67334 0.23256339 0.9724707 0.014800439 134.4336 -0.021761062 -0.01001129 0.99971306 10.554565
0.97734344 -0.21051525 0.022095786 159.80127 0.21018994 0.97752947 0.01616067 134.67896 -0.025001753 -0.011150886 0.9996252 10.536987
0.9817576 -0.1884312 0.025424791 160.87451 0.18800567 0.98199934 0.018225513 134.89453 -0.02840091 -0.013112884 0.9995106 10.516602
0.9856776 -0.16592102 0.030098649 162.0 0.16537197 0.98602855 0.019905705 135.08936 -0.032981854 -0.014641602 0.99934834 10.498535
0.98937136 -0.14159858 0.03326138 163.146 0.14091916 0.9897833 0.021962741 135.271 -0.036031354 -0.017045064 0.9992056 10.461304
0.9921309 -0.12079396 0.032971375 164.27222 0.12006711 0.99249566 0.023204532 135.42383 -0.03552699 -0.019063618 0.9991869 10.417847
0.99451447 -0.09948514 0.03227965 165.44434 0.09876142 0.99483764 0.023294209 135.5498 -0.034430664 -0.019978318 0.99920744 10.395264
0.9966186 -0.07604673 0.031071194 166.604 0.07532637 0.99687505 0.023731876 135.64624 -0.03277954 -0.021310717 0.9992354 10.358032
0.9978554 -0.05614074 0.03365792 167.79053 0.055426963 0.9982253 0.021781351 135.73169 -0.034820914 -0.019869296 0.9991962 10.327026
0.9987084 -0.036713317 0.0351106 169.00342 0.035943083 0.99910444 0.022322929 135.78638 -0.035898697 -0.021031816 0.999134 10.289917
0.9992114 -0.015684485 0.03647595 170.20654 0.014878582 0.9996415 0.022262141 135.82227 -0.036812045 -0.021701904 0.99908656 10.25293
0.9992741 0.0055261264 0.037685096 171.4353 -0.0064224103 0.99969846 0.023704095 135.83032 -0.037542764 -0.02392895 0.9990084 10.220337
0.99892277 0.026658393 0.03798383 172.67651 -0.027589308 0.99932647 0.024203135 135.8147 -0.0373132 -0.025224818 0.99898535 10.177734
0.9982865 0.044767343 0.03767494 173.94067 -0.045753896 0.9986209 0.025743013 135.77466 -0.036470454 -0.027422938 0.99895835 10.132568
0.99703276 0.06738733 0.03721542 175.19653 -0.06843056 0.997277 0.027506014 135.7102 -0.035260618 -0.02997103 0.9989286 10.089844
0.9957032 0.0855625 0.03544513 176.479 -0.08656101 0.99586356 0.02766966 135.60596 -0.032931693 -0.030618222 0.9989888 10.054199
0.99408174 0.10376471 0.032153707 177.73755 -0.10469649 0.99408704 0.02880056 135.4956 -0.028975613 -0.03199617 0.9990682 10.013428
0.99200547 0.12201168 0.03217089 179.02759 -0.12298335 0.9919482 0.03017284 135.3435 -0.028229358 -0.033888638 0.99902666 9.980225
0.98889595 0.14553893 0.030097965 180.3772 -0.14647193 0.9887136 0.031535607 135.16406 -0.025169227 -0.035594102 0.9990494 9.94812
0.98632985 0.16274598 0.02563174 181.66968 -0.16353524 0.98599726 0.032489084 134.97827 -0.0199846 -0.03623719 0.9991435 9.916382
0.98302686 0.18241751 0.019445572 183.00098 -0.18300518 0.9824985 0.03467206 134.73755 -0.01278043 -0.037641965 0.9992096 9.89502
0.97996736 0.19852924 0.015329828 184.32227 -0.19897227 0.9793002 0.036965795 134.48828 -0.007673438 -0.03927628 0.9991991 9.883789
0.97626185 0.21617799 0.013231735 185.65454 -0.21654023 0.9754553 0.03991501 134.2229 -0.004278899 -0.041832644 0.99911565 9.881226
0.9720707 0.23444721 0.011147667 187.01001 -0.23471056 0.9711402 0.04252948 133.91748 -0.0008550193 -0.043957558 0.9990328 9.881348
0.9678105 0.25140303 0.011250771 188.34619 -0.25165424 0.9669245 0.04140078 133.5857 -0.00046743266 -0.042899646 0.99907887 9.90332
0.9628358 0.26979887 0.011097632 189.70801 -0.27002606 0.9619113 0.04220175 133.20386 0.0007104678 -0.043630965 0.99904794 9.89856
0.95839584 0.28535536 0.008262846 191.01733 -0.28544745 0.95749986 0.041608818 132.84595 0.00396416 -0.04223601 0.99909925 9.920532
0.9536567 0.3009538 0.0050227595 192.35254 -0.3008844 0.952717 0.04310477 132.4458 0.008184014 -0.042618033 0.9990577 9.932983
0.94759965 0.31947955 0.0062122326 193.77612 -0.31942818 0.9465742 0.044874184 131.97974 0.00845355 -0.044506796 0.99897313 9.942871
0.9402446 0.34043097 0.0063884286 195.15332 -0.34034866 0.93914396 0.04653132 131.4956 0.009842388 -0.045925207 0.99889624 9.975098
0.9353317 0.35374042 0.005312072 196.44556 -0.35354888 0.93407196 0.05019007 131.04858 0.01279014 -0.0488217 0.9987258 9.991333
0.928343 0.37177798 0.004649626 197.78516 -0.37151054 0.9270304 0.05153845 130.53198 0.014843842 -0.0495725 0.9986605 10.02124
0.92049026 0.3907841 0.001553122 199.18335 -0.39032382 0.9191978 0.05233171 129.95142 0.019026075 -0.048776124 0.9986281 10.047607
0.9126619 0.4087016 -0.0030056096 200.50928 -0.40800118 0.911482 0.05228184 129.3789 0.024108618 -0.04648981 0.99862784 10.097778
0.90424484 0.42691973 -0.006095926 201.82886 -0.42595005 0.9029901 0.05596148 128.78442 0.029399581 -0.048005655 0.9984142 10.146484
0.89432645 0.44731683 -0.00835271 203.17993 -0.44610244 0.8930056 0.05929244 128.14185 0.033983152 -0.049300898 0.9982058 10.19812
0.88067454 0.4736635 -0.007420459 204.52075 -0.4723666 0.8792307 0.061825655 127.444824 0.035812266 -0.05094698 0.9980593 10.262573
0.8683298 0.49603698 -0.005973003 205.83325 -0.49461395 0.8666352 0.06620453 126.74487 0.038020086 -0.054533973 0.9977872 10.321167
0.8539102 0.5203433 -0.0052771494 207.11353 -0.518734 0.8519856 0.070580214 126.025635 0.04123215 -0.057529587 0.99749136 10.387207
0.8394348 0.54334575 -0.005058249 208.38306 -0.54158276 0.83739316 0.07321082 125.223145 0.044029318 -0.058713228 0.99730253 10.460327
0.82355374 0.56731504 -0.004954788 209.66064 -0.56543255 0.8214727 0.07470186 124.40674 0.046440553 -0.058721423 0.9971939 10.539795
0.80751336 0.5899269 -0.005659644 210.89331 -0.5878781 0.80543905 0.07608618 123.56055 0.04944006 -0.058110666 0.9970846 10.616943
0.79148954 0.6112117 -0.008633593 212.125 -0.6088511 0.7895294 0.077800415 122.625244 0.054365195 -0.056331836 0.99693173 10.710449
0.77484405 0.6319951 -0.011017061 213.3518 -0.62936157 0.7729976 0.07939585 121.70264 0.05869192 -0.054597598 0.99678373 10.806152
0.7577557 0.6522922 -0.012093192 214.48389 -0.6493928 0.7559078 0.08197344 120.76367 0.06261773 -0.054262344 0.9965617 10.90332
0.7425152 0.66969 -0.013351844 215.64966 -0.6666055 0.7407513 0.08317389 119.76807 0.0655881 -0.052870374 0.9964467 11.011841
0.72525984 0.6882824 -0.013145998 216.78662 -0.68515104 0.72355366 0.08333215 118.745605 0.0668786 -0.051419973 0.99643403 11.124023
0.71097076 0.7031542 -0.013140883 217.90063 -0.69995916 0.709306 0.08377513 117.686035 0.06822905 -0.050360978 0.99639726 11.237915
0.6948848 0.7188791 -0.0156438 219.00488 -0.7155008 0.6934505 0.08413877 116.612305 0.07135269 -0.047268845 0.99632984 11.356567
0.6803156 0.7326565 -0.01789582 220.04785 -0.72906953 0.67906624 0.085215025 115.509766 0.07459124 -0.044926506 0.99620175 11.47168
0.665972 0.7457278 -0.019895988 221.08789 -0.7418162 0.6648258 0.08796027 114.39404 0.078830816 -0.043815367 0.995924 11.611572
0.6497729 0.75988114 -0.020832596 222.11816 -0.7557929 0.64872706 0.089390256 113.24487 0.08142696 -0.042346027 0.99578017 11.739502
0.63412094 0.7729596 -0.02028213 223.10156 -0.76881 0.6330804 0.090130754 112.086914 0.08252841 -0.041565005 0.995722 11.875
0.6173731 0.78641695 -0.017570876 224.11328 -0.78226745 0.6161551 0.09124053 110.861084 0.082564965 -0.042581376 0.9956754 12.015747
0.60057837 0.79953444 -0.012848941 225.05127 -0.7955069 0.5990292 0.091880746 109.673096 0.08117542 -0.04495562 0.9956848 12.158691
0.582743 0.81264657 -0.008465763 225.98413 -0.8087847 0.58092916 0.09189693 108.45044 0.07959461 -0.04672204 0.9957335 12.292236
0.5649015 0.82516164 -0.004468349 226.87769 -0.82130635 0.56276816 0.093665734 107.216064 0.07980692 -0.04924951 0.99559367 12.434692
0.5454279 0.83819145 -0.0017009671 227.73071 -0.8341203 0.54297507 0.09735991 105.98169 0.082537636 -0.051686592 0.9952469 12.58313
0.530235 0.84793335 0.000505649 228.52832 -0.84369063 0.5275228 0.100236654 104.74365 0.0847076 -0.053572245 0.99496436 12.721802
0.50965476 0.8603594 0.0037947134 229.3247 -0.85624284 0.5067755 0.10004766 103.46973 0.08414456 -0.054238737 0.9949764 12.878052
0.4879448 0.87267137 0.007678172 230.07031 -0.8688024 0.48491466 0.098716706 102.20557 0.082437985 -0.054829508 0.9950857 13.018677
0.4692578 0.88287115 0.010700704 230.76807 -0.8792954 0.46618912 0.096360415 100.94849 0.08010868 -0.054626733 0.995288 13.157837
0.4466656 0.89475685 0.014200661 231.46265 -0.89146584 0.44352934 0.094172806 99.64526 0.07794598 -0.054699276 0.99545395 13.303711
0.42563346 0.9045909 0.016065728 232.10449 -0.9014463 0.42250848 0.092692204 98.35327 0.077060506 -0.053945865 0.99556667 13.438843
0.40476647 0.91433877 0.018467316 232.68701 -0.911272 0.40154272 0.09238791 97.093994 0.07705917 -0.05421027 0.9955506 13.562866
0.38286978 0.92364115 0.017626172 233.25684 -0.92051333 0.3798236 0.091675445 95.79883 0.07797049 -0.051336978 0.9956342 13.699585
0.35895905 0.9332458 0.017013999 233.7876 -0.93006307 0.3560771 0.090986244 94.50171 0.07884815 -0.048466295 0.99570644 13.828613
0.33965552 0.94034797 0.016811524 234.27002 -0.93715245 0.3368882 0.090305686 93.236084 0.07924726 -0.04642162 0.9957729 13.954956
0.3162073 0.9486019 0.015938524 234.72412 -0.9455236 0.313709 0.08751385 91.91553 0.078023635 -0.04275871 0.9960355 14.093628
0.29744744 0.95450926 0.015819391 235.14209 -0.95140517 0.2950349 0.08716931 90.65332 0.07854316 -0.040997796 0.99606866 14.211304
0.2766588 0.9608343 0.018188309 235.54297 -0.95735174 0.27390885 0.09233368 89.39526 0.08372224 -0.04295199 0.99556255 14.337769
0.25729796 0.9661288 0.01979387 235.91333 -0.96194214 0.2541248 0.10041823 88.120605 0.09200591 -0.044871017 0.9947467 14.469849
0.23706138 0.9712925 0.022332735 236.24731 -0.9663976 0.23338069 0.1082232 86.85913 0.09988515 -0.047207266 0.9938757 14.612183
0.21798606 0.97560275 0.026710365 236.56299 -0.9704958 0.21378824 0.11163778 85.61206 0.10320844 -0.05025323 0.99338925 14.756836
0.1963397 0.9801274 0.030419024 236.85571 -0.975017 0.19182439 0.11255588 84.34961 0.10445978 -0.051744364 0.9931807 14.904785
0.1781786 0.9833168 0.035893995 237.10498 -0.97844464 0.17320208 0.11224131 83.11792 0.10411613 -0.055114437 0.9930355 15.056519
0.15607925 0.9868707 0.04093842 237.34497 -0.98221236 0.15070467 0.111799456 81.86572 0.10416199 -0.05766891 0.99288756 15.203369
0.13932954 0.98945594 0.041312385 237.52905 -0.98491704 0.13409775 0.10995357 80.64331 0.10328222 -0.055973575 0.9930737 15.350586
