1.000000000000000000e+00 4.398956837314658088e-19 2.733407509747682871e-20 -8.673617379884035472e-19 -5.583667658079949532e-19 1.000000000000000000e+00 -6.100159232558060012e-19 0.000000000000000000e+00 4.145284534913582806e-20 -2.210423569125054137e-19 1.000000000000000222e+00 0.000000000000000000e+00
9.999407254219643271e-01 -1.047807942790615751e-03 1.083733160089123473e-02 7.854691868383829878e-02 1.043685886541472754e-03 9.999993808582269272e-01 3.860063839894500902e-04 -5.706451622922700806e-03 -1.083772953879917622e-02 -3.746727262585146921e-04 9.999411998841132299e-01 2.933766357943567993e-01
9.998538828353458197e-01 -2.431275377433363746e-03 1.692045810198788275e-02 1.056510916660030192e-01 2.418553528472301879e-03 9.999967770795075150e-01 7.722854617465770054e-04 -1.024656455468561655e-02 -1.692228149939912357e-02 -7.312495732804076337e-04 9.998565405318158295e-01 5.397409441359253268e-01
9.997843220140626430e-01 -6.251704535491824782e-03 1.980468827250037381e-02 8.878746225214262378e-02 6.275717210447125972e-03 9.999796455880416435e-01 -1.150552926141216016e-03 -1.310052275732372096e-02 -1.979709258606056690e-02 1.274593434682274413e-03 9.998032058937897926e-01 9.300330575690756163e-01
9.998244286815923809e-01 -6.804105778289218191e-03 1.745898014083830871e-02 9.177155630012698295e-02 6.835641473320675995e-03 9.999751102809852910e-01 -1.747229874168063123e-03 -1.737543124518932391e-02 -1.744665755792519646e-02 1.866266477533784539e-03 9.998460537352564792e-01 1.186684781455917159e+00
9.998878533601461838e-01 -1.059312181166553908e-02 1.058614683244056727e-02 9.426252412631444533e-02 1.063110971242412460e-02 9.999372267954282911e-01 -3.538637700305837051e-03 -1.780661472243758037e-02 -1.054799727073509226e-02 3.650783393136218784e-03 9.999377038199598333e-01 1.540408146043176218e+00
9.999380092153067334e-01 -1.105497338438307837e-02 -1.328648773447867800e-03 7.092230477763522556e-02 1.104833570304896047e-02 9.999269423658556644e-01 -4.903487569736649995e-03 -2.787936098677981644e-02 1.382759650702189078e-03 4.888504292419386561e-03 9.999870951680751574e-01 1.854302586051674862e+00
9.997945964132745056e-01 -1.097948057778141626e-02 -1.703572655952033041e-02 3.299227192920055340e-02 1.089359977329335330e-02 9.999275248900970636e-01 -5.125859216715517898e-03 -3.836639926874207962e-02 1.709077145761452032e-02 4.939225997160979868e-03 9.998417422800549570e-01 2.166869008462644075e+00
9.993334075564006547e-01 -6.423382612780782763e-03 -3.593717624163788454e-02 1.668627253113673728e-02 6.230425994204697240e-03 9.999655822617444789e-01 -5.478692679526057235e-03 -4.161013765787556495e-02 3.597113172324870739e-02 5.251136726926904953e-03 9.993390332201119719e-01 2.520975317181139097e+00
9.984316504612982257e-01 -3.657495076002772409e-03 -5.586467543213926440e-02 -4.900765517355083756e-02 3.306144630789719947e-03 9.999741793591220285e-01 -6.380440238768046377e-03 -5.391463005085700422e-02 5.588657036145920631e-02 6.185736789407030901e-03 9.984179626010618591e-01 2.871161062018869448e+00
9.971516707735292862e-01 -3.018804927428637291e-03 -7.536200695277291139e-02 -9.077108093970225056e-02 2.538016769269528863e-03 9.999758182514967286e-01 -6.474672149118751094e-03 -5.907088201959562190e-02 7.537973163951365574e-02 6.264960104046615047e-03 9.971352197846383714e-01 3.219292312863869299e+00
9.953241362543123749e-01 -3.428556902665986367e-03 -9.653035013433179656e-02 -1.308414333098084636e-01 2.844829463877799128e-03 9.999768318652437760e-01 -6.184066121744294549e-03 -6.525525428627614033e-02 9.654931779535209924e-02 5.880537854557827196e-03 9.953108302445936584e-01 3.605560860845579363e+00
9.932468329339526614e-01 -4.302205049105362923e-03 -1.159405861274398902e-01 -2.004802308581596360e-01 3.690653223460780164e-03 9.999781255190014484e-01 -5.488857478484126216e-03 -7.734010923486263345e-02 1.159616661812514077e-01 5.023893751619885016e-03 9.932409842836347202e-01 3.995583781799719958e+00
9.910997407016856053e-01 -4.220450815415813586e-03 -1.330544673873258477e-01 -2.839880514646974663e-01 3.601034533379026195e-03 9.999815323918259669e-01 -4.895653154773926125e-03 -8.212877617977513978e-02 1.330726743533777734e-01 4.372946761344727665e-03 9.910966356350306983e-01 4.390992019840615157e+00
9.887916292870332358e-01 -3.477470445018431260e-03 -1.492615840205940847e-01 -3.702686312901191101e-01 2.867038057140544171e-03 9.999866248951136960e-01 -4.304662488246826547e-03 -8.638276789180558690e-02 1.492745595492639687e-01 3.828475494120286374e-03 9.887883743441496787e-01 4.817515387012043071e+00
9.866695866032226814e-01 -2.758922471306729778e-03 -1.627129820881907107e-01 -4.527016527430981485e-01 2.073391911198846360e-03 9.999882460145878005e-01 -4.382793125609787607e-03 -9.282753842272717382e-02 1.627231641626765701e-01 3.987000789929221085e-03 9.866637098584540855e-01 5.227174597012772317e+00
9.845462228652506198e-01 -3.352655874512713505e-03 -1.750928153104376606e-01 -5.252599768969046234e-01 2.480042545669843522e-03 9.999833926407480922e-01 -5.202290645437897612e-03 -9.730096790198250467e-02 1.751073519993312233e-01 4.687657858848426860e-03 9.845381871264885509e-01 5.668210766299049297e+00
9.827848414993066717e-01 -6.556682927609270954e-03 -1.846373862314626413e-01 -6.333538333877439808e-01 5.345171888716992482e-03 9.999608022378166927e-01 -7.058549192147788032e-03 -1.140917259734404859e-01 1.846764327207997269e-01 5.950116472757151220e-03 9.827813653880238531e-01 6.111014184878490241e+00
9.812372381925419385e-01 -5.867595543320111746e-03 -1.927149522178791818e-01 -7.272464517282397622e-01 4.283792532294667353e-03 9.999535502589599334e-01 -8.634027990679686571e-03 -1.208425962813355070e-01 1.927566649733394588e-01 7.646478804901575034e-03 9.812167958078447105e-01 6.553452636318932711e+00
9.796478244711090966e-01 -5.769667891211360811e-03 -2.006410974310230411e-01 -8.339480981328757370e-01 3.684704858540026849e-03 9.999352839317582342e-01 -1.076340526303179099e-02 -1.210911549110298274e-01 2.006902174680353923e-01 9.805043233922698317e-03 9.796056853185877156e-01 7.039754463769213544e+00
9.780495272195368628e-01 -6.448743704788991761e-03 -2.082727418175199796e-01 -9.387436471857265596e-01 3.791335689087226794e-03 9.999062690164114420e-01 -1.315594730840603972e-02 -1.378695521094422671e-01 2.083380631374927017e-01 1.207753609106881204e-02 9.779823033173767888e-01 7.505465002668731067e+00
9.762970814032592148e-01 -1.003548123371283095e-02 -2.162019816536628891e-01 -1.048560602252768925e+00 6.946005139357160248e-03 9.998626924540743310e-01 -1.504490742982333637e-02 -1.471434170814072129e-01 2.163232821104162651e-01 1.318655906858956853e-02 9.762327352518683776e-01 8.015256351927888545e+00
9.744435033111413791e-01 -1.561957351507507231e-02 -2.240890149633290862e-01 -1.167383014365161786e+00 1.232273152629908067e-02 9.997943970208478248e-01 -1.610322801836043538e-02 -1.624477636872223574e-01 2.242944710210865722e-01 1.293029708039199720e-02 9.744356309466029042e-01 8.532942104732752497e+00
9.724936998713027414e-01 -1.651976629104439515e-02 -2.323426345012958860e-01 -1.302373869405103246e+00 1.255194325924732443e-02 9.997492229216249360e-01 -1.854561852557670004e-02 -1.838665009458622934e-01 2.325907415925934640e-01 1.511914554960077685e-02 9.724571762345612935e-01 9.038798817814408082e+00
9.703554160206366852e-01 -1.268635545830022922e-02 -2.413491696028181865e-01 -1.436395643286100032e+00 7.543831132686814635e-03 9.997246536482438106e-01 -2.221952938629135482e-02 -1.862142161269185192e-01 2.415646040024581609e-01 1.974014327185724324e-02 9.701839362548565493e-01 9.565530168395241617e+00
9.683262219641872726e-01 -9.436513657057882601e-03 -2.495100772815040113e-01 -1.592492054362746767e+00 3.216899450142860981e-03 9.996741367010802959e-01 -2.532334816586045631e-02 -2.024520109037794557e-01 2.496677395265847754e-01 2.371861322346298720e-02 9.680410366479982320e-01 1.010789266106217887e+01
9.659376841989019136e-01 -1.257797664543088348e-02 -2.584689212674066705e-01 -1.760568386501882410e+00 5.669702310640730575e-03 9.996069413503582135e-01 -2.745573288572325174e-02 -2.247723873811900974e-01 2.587126698460439633e-01 2.505508520479099097e-02 9.656293277779746109e-01 1.066974004309931701e+01
9.635810033359090143e-01 -1.385180973835357932e-02 -2.670576263715994103e-01 -1.915416819105834945e+00 6.317664074659373914e-03 9.995579857035674642e-01 -2.905030677293627545e-02 -2.563953126344226119e-01 2.673419870101228502e-01 2.630514338344586839e-02 9.632425982068192338e-01 1.122263057198869873e+01
9.614673148549813808e-01 -1.407196562289551693e-02 -2.745588836583651715e-01 -2.093177957078701024e+00 5.511073608534676656e-03 9.994750073069648133e-01 -3.192707038826137628e-02 -2.800688372102737578e-01 2.748640236201043696e-01 2.918372044749907926e-02 9.610401035578006734e-01 1.178601001267424131e+01
9.591296707839629399e-01 -1.383917469416931847e-02 -2.826282896739980566e-01 -2.288949854181867138e+00 3.958450758356523054e-03 9.993617901311991902e-01 -3.550131098776847932e-02 -3.008351803453659379e-01 2.829392272235811134e-01 3.293159060739265370e-02 9.585723268440834444e-01 1.240158506904726643e+01
9.568543475752769867e-01 -1.501161608754077517e-02 -2.901799563799267734e-01 -2.479546234882576528e+00 3.312894146841616379e-03 9.991632819951911104e-01 -4.076469835583389212e-02 -3.396587253977870202e-01 2.905491065828845754e-01 3.804454346625375100e-02 9.561034626092171917e-01 1.299490347258213419e+01
9.550409276962104066e-01 -1.618975083355113712e-02 -2.960316140282502340e-01 -2.675969451878402516e+00 2.140123516237564267e-03 9.988583408066735725e-01 -4.772247748505677872e-02 -3.701126818426944132e-01 2.964662669254104488e-01 4.494337510540819675e-02 9.539852449138545021e-01 1.360059398870473046e+01
9.537485977425849137e-01 -1.628183933957558574e-02 -3.001641418878288614e-01 -2.888187059236983156e+00 -4.957674791211177110e-04 9.984455260398367171e-01 -5.573406256283360005e-02 -4.016287760958067721e-01 3.006050027524099222e-01 5.330509586381995679e-02 9.522579487867625092e-01 1.421469079719732242e+01
9.524365491107542603e-01 -1.647712716999472429e-02 -3.042911799802452411e-01 -3.097098243176171550e+00 -3.317021622408515644e-03 9.979174408669720941e-01 -6.441877492604262956e-02 -4.489567348135354297e-01 3.047189171675687702e-01 6.236413641980880634e-02 9.503983891039511356e-01 1.483938637208309963e+01
9.511567896314565562e-01 -1.495302634116354133e-02 -3.083458553420860282e-01 -3.320990013449341749e+00 -8.040685361072063414e-03 9.972873665927267650e-01 -7.316594696860335978e-02 -4.955110995598486223e-01 3.086034836802054038e-01 7.207159962669462683e-02 9.484564177862501166e-01 1.547809148053990747e+01
9.496804025156332374e-01 -1.423550467471954885e-02 -3.128969181604997485e-01 -3.541336667233890179e+00 -1.151656359922844687e-02 9.967042032854631639e-01 -8.030006162607165876e-02 -5.527974715463792599e-01 3.130087907705990102e-01 7.986289256475623266e-02 9.463865052928347454e-01 1.613311227870379838e+01
9.481605597517743789e-01 -1.290851014135183453e-02 -3.175294020228702219e-01 -3.785328090118221134e+00 -1.544841893672149226e-02 9.961211951139826715e-01 -8.662511748062189099e-02 -6.168586229397483578e-01 3.174159740454937095e-01 8.703984762695798905e-02 9.442834142949206866e-01 1.679193428885379547e+01
9.465851695273381772e-01 -1.224588879945049183e-02 -3.222212792969184059e-01 -4.041399372317996175e+00 -1.863251165672897072e-02 9.955317129626038986e-01 -9.257125890526751721e-02 -6.871840464228264889e-01 3.219151249562532957e-01 9.363037312364860809e-02 9.421273840514323705e-01 1.746312892267205896e+01
9.448910848780061045e-01 -1.029617448277393536e-02 -3.272228968720456432e-01 -4.289329375272220801e+00 -2.315127824676259730e-02 9.949016445031905187e-01 -9.815669137942270583e-02 -7.603427266513973493e-01 3.265652421938306516e-01 1.003230115726492927e-01 9.398353250593765029e-01 1.814331625160667016e+01
9.430254405324101086e-01 -6.896055578964548072e-03 -3.326491553886156138e-01 -4.532743317888541235e+00 -2.837074336803527275e-02 9.944773245585714072e-01 -1.010443063693004656e-01 -8.353858547412764679e-01 3.315088548565717774e-01 1.047248560129230288e-01 9.376217713129432196e-01 1.884014618617559478e+01
9.414394545991671137e-01 -6.551460519776325549e-03 -3.371184202712324551e-01 -4.801012320207409090e+00 -2.984204835225143584e-02 9.942688207560872460e-01 -1.026594574966258472e-01 -9.163293842010394874e-01 3.358589092705759893e-01 1.067079685539602529e-01 9.358483877864592904e-01 1.952841577659612327e+01
9.391844281625368884e-01 -6.086177105371615853e-03 -3.433592373315199064e-01 -5.086594728723730086e+00 -3.077832634082628901e-02 9.943273908214614876e-01 -1.018122511518326778e-01 -1.005820904828201634e+00 3.420311477791828092e-01 1.061885042068466400e-01 9.336694800692444396e-01 2.024127860597755202e+01
9.369976140480418270e-01 -5.948265060543177565e-03 -3.492851082548736330e-01 -5.357497930890492199e+00 -3.110358386763740005e-02 9.944634374009080346e-01 -1.003744924831404123e-01 -1.094008457867181150e+00 3.479483293952759237e-01 1.049146792794037053e-01 9.316248562094484598e-01 2.096170862224923326e+01
9.345380456760582488e-01 -5.719123726473259589e-03 -3.558172707413720381e-01 -5.638636135804548921e+00 -3.138812398271081938e-02 9.946491702203090757e-01 -9.842669279506295610e-02 -1.175122811521151167e+00 3.544762735623893102e-01 1.031519263672278919e-01 9.293579795839229662e-01 2.168090328002778833e+01
9.314865958173723648e-01 -5.361400482509428786e-03 -3.637361329857119463e-01 -5.937969460266002031e+00 -3.142974149796444461e-02 9.949663147749928660e-01 -9.515358017037627014e-02 -1.262334896371576143e+00 3.624153624138260477e-01 1.000664177012670769e-01 9.266292785608070126e-01 2.238891982684626569e+01
9.278966476920695872e-01 -2.307337357803528142e-03 -3.728303696149845581e-01 -6.253854150857851124e+00 -3.354358808412560844e-02 9.954089185682675200e-01 -8.964325157682324907e-02 -1.340050466538552865e+00 3.713255185854594242e-01 9.568574151500573721e-02 9.235592027513898072e-01 2.318656410168104287e+01
9.244933659370477841e-01 -7.964552803252235682e-05 -3.811981203838092358e-01 -6.582935354480147438e+00 -3.469023466187440286e-02 9.958330039439570180e-01 -8.433988324136920678e-02 -1.421884814151847420e+00 3.796163930964240874e-01 9.119551528421634967e-02 9.206382433210276162e-01 2.391443582610424556e+01
9.210480595632672962e-01 3.930147427983463927e-03 -3.894290985273742289e-01 -6.904360380110709627e+00 -3.821464261577354332e-02 9.960354834617198838e-01 -8.033029826326777700e-02 -1.495984010237896289e+00 3.875694971326932303e-01 8.886995962761237711e-02 9.175467390057303607e-01 2.465350638316587961e+01
9.171349982614416252e-01 4.289163085918532188e-03 -3.985536284783321448e-01 -7.241788460443542519e+00 -3.862902392950171709e-02 9.961913198055221130e-01 -7.817066522797395944e-02 -1.570138189882892776e+00 3.967003852172658607e-01 8.708879100865671297e-02 9.138076110823815101e-01 2.539283470939203369e+01
9.131078554616787191e-01 5.041857165871462682e-03 -4.076869148765353001e-01 -7.605992623441075295e+00 -4.014960877202030515e-02 9.961754599891636808e-01 -7.760452231173092796e-02 -1.651698681408577229e+00 4.057364359798224518e-01 8.722976950780612915e-02 9.098180670807503034e-01 2.617241965123856673e+01
9.092286763671072469e-01 4.659391981187480797e-03 -4.162709461379905940e-01 -7.962038626210284242e+00 -4.019350823042437681e-02 9.962483267952255694e-01 -7.664041562697535004e-02 -1.718247864676751613e+00 4.143521429334554584e-01 8.641505377349030514e-02 9.060048253809761531e-01 2.692885861083878751e+01
9.053708300834879541e-01 4.895598669168820319e-03 -4.245935579802048720e-01 -8.350236593164996890e+00 -4.054109116733721485e-02 9.963621986164428179e-01 -7.495858290824541914e-02 -1.789991318527897279e+00 4.226820110423518129e-01 8.507880096997658126e-02 9.022757443152167323e-01 2.772064605366654888e+01
9.015957275068497978e-01 5.747356770237096665e-03 -4.325414526205434429e-01 -8.731523813076554674e+00 -4.111012692091943477e-02 9.965244874471926861e-01 -7.244931637585098894e-02 -1.865881157305174565e+00 4.306217646763090823e-01 8.310182849264503846e-02 8.986984953943273347e-01 2.849632130135180930e+01
8.977517551900894288e-01 6.374858114202341768e-03 -4.404556087875488024e-01 -9.121843660703348178e+00 -4.055095573539125448e-02 9.968455312960723402e-01 -6.822467872826820656e-02 -1.935512177767764630e+00 4.386312902229729249e-01 7.910972129839025091e-02 8.951783325654005807e-01 2.927633828633411994e+01
8.938752268671058543e-01 7.978272220882079782e-03 -4.482448236299578226e-01 -9.533816803688695884e+00 -4.036490668222999373e-02 9.972129815165043931e-01 -6.274507049769824374e-02 -1.991140611498416257e+00 4.464949674250382472e-01 7.417962487668847138e-02 8.917060229154019080e-01 3.007922887624268782e+01
8.901085547469222981e-01 7.318114367034516191e-03 -4.556898087422764365e-01 -9.955899688626525190e+00 -3.807168405083329044e-02 9.975702037908040776e-01 -5.834582631552953647e-02 -2.065690209044207748e+00 4.541556017368415521e-01 6.928299778377747242e-02 8.882243859182711310e-01 3.088188631329011713e+01
8.864204757637224041e-01 6.505876503236362150e-03 -4.628351860242328475e-01 -1.039973633861676205e+01 -3.673838222957779426e-02 9.977356821784960639e-01 -5.633648767294457960e-02 -2.129669501843150403e+00 4.614206697550874980e-01 6.694163237501338237e-02 8.846523540968114219e-01 3.169455661607299390e+01
8.833290729142666553e-01 6.617109831783429819e-03 -4.687066869654470946e-01 -1.085430553051235769e+01 -3.685120080186336106e-02 9.977859809408315961e-01 -5.536357378995201972e-02 -2.192821229880499434e+00 4.673026226038933251e-01 6.617665873106111374e-02 8.816172145988837583e-01 3.251304166093647297e+01
8.801484774640321307e-01 6.661401354843945848e-03 -4.746517448104217163e-01 -1.128793557289157157e+01 -3.640086741459354347e-02 9.979045222066098564e-01 -5.349337787720024467e-02 -2.246323256855740080e+00 4.733007898903701105e-01 6.435985048545490861e-02 8.785466273153346162e-01 3.333494618308388624e+01
8.771031129086072076e-01 5.679272219082032863e-03 -4.802685400885787770e-01 -1.175547742388197214e+01 -3.498612383028949779e-02 9.980292327055577672e-01 -5.209243580025730430e-02 -2.306707364790397286e+00 4.790262036654783784e-01 6.249317235477019200e-02 8.755732431624656531e-01 3.417590257652854291e+01
8.745921986644088486e-01 4.598016698059111292e-03 -4.848374362660291537e-01 -1.224607967422440424e+01 -3.392977046716964123e-02 9.980840343751783417e-01 -5.174003345727311992e-02 -2.371156842300587542e+00 4.836706111797104413e-01 6.170185267626340092e-02 8.730725203952989233e-01 3.500892349337748755e+01
8.726356217912407676e-01 4.289091354596289915e-03 -4.883530183605673258e-01 -1.272638131160658226e+01 -3.409160707461431072e-02 9.980570561372218430e-01 -5.215242163725215124e-02 -2.430561288510557638e+00 4.871804977332101494e-01 6.215880022986754877e-02 8.710863624555479356e-01 3.584373621477104876e+01
8.708935169446566649e-01 4.218973883559207563e-03 -4.914536372981423429e-01 -1.322296745782154126e+01 -3.450785750008711350e-02 9.980201643634946107e-01 -5.258288082826562820e-02 -2.485927717637650858e+00 4.902588024983798864e-01 6.275310223311415803e-02 8.693148793509493100e-01 3.670805875344714053e+01
8.703942088274854161e-01 4.408898794159850365e-03 -4.923357371198858190e-01 -1.371896915530283323e+01 -3.433319603580501506e-02 9.980692314347873184e-01 -5.175945300010282440e-02 -2.550225487904552946e+00 4.911569570075362545e-01 6.195458764680705777e-02 8.688650513149317467e-01 3.759665234780099752e+01
8.702710874924172169e-01 3.863266049469424399e-03 -4.925579200880479958e-01 -1.423505821083460887e+01 -3.291329842553715468e-02 9.981904952148128451e-01 -5.032345485730244788e-02 -2.609312915861088378e+00 4.914722297298232956e-01 6.000675370843604889e-02 8.688234813028979930e-01 3.848084952281365645e+01
8.701397144773076464e-01 2.749571871063922947e-03 -4.927974353957139675e-01 -1.474900790952234253e+01 -3.136474227596677128e-02 9.982660381105384895e-01 -4.981134562362125179e-02 -2.668564926590454967e+00 4.918059920056023215e-01 5.879929471118319068e-02 8.687171656669107067e-01 3.936908875261795515e+01
8.695438240157454812e-01 1.904322763386322214e-03 -4.938521102941845209e-01 -1.526203834679704130e+01 -3.070318365477823011e-02 9.982665894452126265e-01 -5.021086500749692011e-02 -2.732137287867137942e+00 4.929004526163481836e-01 5.882337970335807520e-02 8.680950170262613508e-01 4.026531700620343202e+01
8.682566856351824347e-01 -2.071384608218264118e-04 -4.961151883153207542e-01 -1.579228632468993077e+01 -2.869988495415029192e-02 9.983042727553577134e-01 -5.064479885271064297e-02 -2.794260673272474627e+00 4.952844112775859897e-01 5.821113411590236181e-02 8.667784149526673865e-01 4.118180707247909567e+01
8.668061797059564144e-01 -1.145901321537738660e-03 -4.986438897882743970e-01 -1.632837846197219278e+01 -2.686881645846226838e-02 9.984372517639540368e-01 -4.900123506349123720e-02 -2.857410771955047224e+00 4.979207940750686179e-01 5.587254458672760021e-02 8.654207915540392815e-01 4.208977636946638512e+01
8.647799751599234419e-01 -6.122320087248206595e-04 -5.021505897232647619e-01 -1.686869699430581093e+01 -2.571049011768977016e-02 9.986336570230229803e-01 -4.549494261775993698e-02 -2.920275822443000990e+00 5.014923418831200852e-01 5.225365315244961950e-02 8.635826490236431230e-01 4.303401822288170564e+01
8.618959351489733356e-01 -6.730599887338251141e-04 -5.070847452831779290e-01 -1.742227155711373143e+01 -2.332873296211217598e-02 9.988876737034096953e-01 -4.097786699961702278e-02 -2.983205042174489563e+00 5.065482908731779865e-01 4.714830158955560235e-02 8.609215247010848504e-01 4.393726072999658783e+01
8.580155855740919657e-01 -2.283969395787950000e-03 -5.136185678229314711e-01 -1.796408754755024972e+01 -2.069248605647828337e-02 9.990245480261292776e-01 -3.900991539430205546e-02 -3.047356741691582549e+00 5.132066638725529817e-01 4.409916040026059386e-02 8.571313722848936667e-01 4.483020902213068837e+01
8.528689765869558181e-01 -4.777576489603867389e-03 -5.221031298508198581e-01 -1.853066559940720026e+01 -1.932155128355526885e-02 9.989844316993604645e-01 -4.070359826215812216e-02 -3.108627983878032630e+00 5.217673720067753651e-01 4.480267853981022286e-02 8.519105204245337459e-01 4.574383544533095147e+01
8.471098334334435931e-01 -7.850899754755015156e-03 -5.313598479029846278e-01 -1.909711858973855669e+01 -1.829653225746852990e-02 9.988671750590564224e-01 -4.392725265774707205e-02 -3.171394128924834188e+00 5.311027878216557641e-01 4.693325024112373484e-02 8.460065627822430656e-01 4.662444928191509774e+01
8.408539778349888305e-01 -8.200900181346544235e-03 -5.411998960606225761e-01 -1.969029781849771155e+01 -1.834955366280149880e-02 9.988785485964020161e-01 -4.364560761136020844e-02 -3.231812095306865196e+00 5.409509092696080934e-01 4.663035926066306375e-02 8.397605188536938492e-01 4.753150924082413553e+01
8.351606372138969947e-01 -4.841785741276903067e-03 -5.499847827745294460e-01 -2.028747453134999645e+01 -1.976306642941286218e-02 9.990513206491425935e-01 -3.880566903965108894e-02 -3.277546065747553250e+00 5.496509217772742595e-01 4.327835298974461870e-02 8.342726497929502383e-01 4.839925302633242410e+01
8.298692628422209561e-01 -1.005720728071005272e-03 -5.579569778005325498e-01 -2.087408705644000406e+01 -2.154877341039803870e-02 9.991945451912565002e-01 -3.385131113814136838e-02 -3.343172859219698978e+00 5.575416232488912271e-01 4.011545097925233588e-02 8.291791693812136099e-01 4.928130393095028694e+01
8.259891152265531611e-01 -5.172436564981583744e-04 -5.636858236921316045e-01 -2.150240596307974528e+01 -2.328527022328012036e-02 9.991146915801135675e-01 -3.503754135335489933e-02 -3.391636854032590964e+00 5.632049205422011706e-01 4.206620439205243506e-02 8.252458167329255190e-01 5.016662211442957897e+01
8.222922015246627581e-01 -2.497233604900105444e-03 -5.690600081496721696e-01 -2.211999930532958558e+01 -2.418080287260238048e-02 9.989338502049435187e-01 -3.932495050220599642e-02 -3.441056962569100985e+00 5.685515183250803295e-01 4.609692792111260568e-02 8.213551305387859491e-01 5.104619019557657822e+01
8.194797801086702860e-01 -4.675910420394171867e-03 -5.730890153500379780e-01 -2.273002794152645833e+01 -2.642969980200812405e-02 9.985944872660890148e-01 -4.594040723184410202e-02 -3.520623967754036077e+00 5.724983545304270782e-01 5.279380542976378626e-02 8.182044087278147471e-01 5.189435196703355047e+01
8.162816601485101131e-01 -5.738985936974120086e-03 -5.776255784797251769e-01 -2.335504891877790712e+01 -2.680383107772170773e-02 9.984972833163209271e-01 -4.779884826739511094e-02 -3.575260934240542365e+00 5.770318977410757721e-01 5.449990163898676965e-02 8.149011940695868317e-01 5.276636752394691854e+01
8.131182994693594290e-01 -4.351018037158526156e-03 -5.820822048342231270e-01 -2.398416523055520599e+01 -2.624161354107457447e-02 9.986814300390590704e-01 -4.412231930663210872e-02 -3.636102263567669191e+00 5.815066757490907623e-01 5.115144146644019091e-02 8.119319691781319293e-01 5.361988012352712474e+01
8.097769384245456781e-01 -2.498131900868638591e-03 -5.867325308078652490e-01 -2.463178967610555858e+01 -2.492075907122773964e-02 9.989421037402860248e-01 -3.864749913132851239e-02 -3.693868094792272405e+00 5.862083853129345101e-01 4.591767346523561999e-02 8.088580239016329720e-01 5.450023964163210621e+01
8.066867262689186857e-01 -9.933979434970287986e-04 -5.909784531661103069e-01 -2.528868987736053953e+01 -2.495028980916290731e-02 9.990497401241785758e-01 -3.573653374994190807e-02 -3.752878715018349798e+00 5.904523808338613122e-01 4.357327097158625318e-02 8.058953794951941862e-01 5.536233927366079399e+01
8.037608150186718037e-01 -5.759086677589900054e-04 -5.949522785653048595e-01 -2.592000664978584368e+01 -2.589418414199751162e-02 9.990180901600780317e-01 -3.594922545527561020e-02 -3.808023323589782905e+00 5.943888027867488821e-01 4.430038248632823389e-02 8.029566825070174607e-01 5.619598923691641801e+01
8.001089110389717485e-01 -1.388531895244757373e-03 -5.998531449886440603e-01 -2.657109167048327336e+01 -2.628545102713509760e-02 9.989556220280945142e-01 -3.737298935547540141e-02 -3.858405935145627463e+00 5.992785754962028921e-01 4.566987216880518535e-02 7.992367975632536092e-01 5.706175959822588339e+01
7.962523783315500481e-01 -3.523433315016257731e-03 -6.049543192758365384e-01 -2.722730742767821610e+01 -2.596363694970741862e-02 9.988626377876185236e-01 -3.999150455954982725e-02 -3.921515911888757699e+00 6.044071849101882998e-01 4.755014483713054796e-02 7.952552706614474110e-01 5.792451090764818389e+01
7.920705735948132542e-01 -4.411587975976169473e-03 -6.104135788233043813e-01 -2.788279738829145771e+01 -2.554622833259142037e-02 9.988582694438510323e-01 -4.036765820667463645e-02 -3.973568870100113060e+00 6.098947469768970508e-01 4.756779875022151133e-02 7.910535438321529833e-01 5.875620596465028456e+01
7.874948407969891706e-01 -4.773908324557829715e-03 -6.163027488704928558e-01 -2.857086014254440087e+01 -2.483183987162184900e-02 9.989122736632970456e-01 -3.946706601305481621e-02 -4.032972972291034353e+00 6.158208029108191983e-01 4.638404192128876835e-02 7.865197178476577289e-01 5.961943389554244987e+01
7.827622841422007260e-01 -4.800425318476239829e-03 -6.223023019867086614e-01 -2.925146887470855361e+01 -2.475551181122088995e-02 9.989385721169192767e-01 -3.884448247000264060e-02 -4.092681993882365532e+00 6.218282537300504620e-01 4.581140768343969910e-02 7.818126023069725816e-01 6.044270034552116044e+01
7.772022189485081611e-01 -5.589039712018220064e-03 -6.292260849340980400e-01 -2.994786670096561565e+01 -2.471882064866220280e-02 9.989175359895554607e-01 -3.940477438497019119e-02 -4.151948662784094246e+00 6.287652160326040462e-01 4.617920470012848444e-02 7.762227719217085209e-01 6.128996898240320945e+01
7.718349344509528587e-01 -7.075143603768051064e-03 -6.357835863127248022e-01 -3.065302259437536492e+01 -2.414540462310134361e-02 9.988906663032830480e-01 -4.042816162013770226e-02 -4.209519595595429209e+00 6.353643361606489126e-01 4.655511928727671528e-02 7.708078806281635220e-01 6.212362473366145110e+01
7.665548617723374480e-01 -8.122634419789076868e-03 -6.421274475386619107e-01 -3.134164103487296771e+01 -2.379293954675322856e-02 9.988742264012040462e-01 -4.103871223877226387e-02 -4.274320883186005560e+00 6.417379109328832376e-01 4.673652379414566793e-02 7.654986340894414099e-01 6.293092210738958414e+01
7.608140379495937911e-01 -9.277218349761928023e-03 -6.489036329883161036e-01 -3.205593144446194742e+01 -2.362251162733700061e-02 9.988392960866364634e-01 -4.197663135347056568e-02 -4.328845686182232200e+00 6.485398855591847367e-01 4.726514388086452967e-02 7.597118078216730241e-01 6.378044564212408574e+01
7.546582437231889040e-01 -1.163451327751889933e-02 -6.560149122910097219e-01 -3.277040545799957982e+01 -2.201978047644002554e-02 9.988304346723613225e-01 -4.304523292977530807e-02 -4.396291924090959036e+00 6.557484816369253400e-01 4.692974409993377199e-02 7.535194330903757232e-01 6.457769956248399978e+01
7.485720248537213184e-01 -1.225221831132826920e-02 -6.629402676412671225e-01 -3.352882967427691341e+01 -2.180339060028751302e-02 9.988336912169042403e-01 -4.307980368831337142e-02 -4.455912582920602993e+00 6.626949091722461604e-01 4.670268132843871656e-02 7.474318197461364832e-01 6.542325920773990333e+01
7.421883560219367792e-01 -1.280122161542610049e-02 -6.700690743889071710e-01 -3.428505137267887193e+01 -2.042773549154129967e-02 9.989209061869445128e-01 -4.171008080148339708e-02 -4.517780229895697275e+00 6.698799585390614597e-01 4.464472993890523933e-02 7.411259661214576466e-01 6.623682708623104531e+01
7.361167685844398623e-01 -1.328376870578938315e-02 -6.767241948412483499e-01 -3.502199888663924554e+01 -1.957927177927845999e-02 9.989711069697718715e-01 -4.090696260826696962e-02 -4.579699115564319634e+00 6.765713283354122254e-01 4.336206786784228134e-02 7.350992975954107056e-01 6.703571521426245283e+01
7.292253691148559147e-01 -1.458829222941482491e-02 -6.841180702047982010e-01 -3.579774256064150961e+01 -1.882140253410459138e-02 9.989668290032219788e-01 -4.136459101248354114e-02 -4.640363960317550607e+00 6.840147097990613156e-01 4.304017053096913237e-02 7.281973834447855731e-01 6.785698005361282981e+01
7.229958001406916468e-01 -1.649543193997119600e-02 -6.906554602411946187e-01 -3.658012061572669893e+01 -1.818023385911775314e-02 9.989144025378846603e-01 -4.288934050208062509e-02 -4.710393501737586419e+00 6.906131765384867505e-01 4.356509063921053249e-02 7.219110278854194984e-01 6.864759290219225818e+01
7.172066940484436159e-01 -1.514806085284603997e-02 -6.966958340441182784e-01 -3.736516067314070710e+01 -2.057581469521512288e-02 9.988674860481101536e-01 -4.289966433866357343e-02 -4.772501900033459421e+00 6.965566750339411417e-01 4.510301062677929407e-02 7.160827647369530924e-01 6.944878636995434817e+01
7.117207790374777687e-01 -1.546965866791107785e-02 -7.022921138110916894e-01 -3.818001420768008103e+01 -1.985195669969640198e-02 9.989152313636432412e-01 -4.212197049677729455e-02 -4.832743954283454713e+00 7.021819139732078385e-01 4.392095408564904852e-02 7.106416246415933058e-01 7.025892020162704910e+01
7.070535819151038126e-01 -1.524205831753363410e-02 -7.069956878357426255e-01 -3.899077357782060460e+01 -2.057410935133192550e-02 9.989010804159657031e-01 -4.211101522707060701e-02 -4.888872631228596610e+00 7.068606271737458702e-01 4.432055054168208136e-02 7.059629960960517314e-01 7.105358058251361797e+01
7.021845341595175372e-01 -1.562752130038149931e-02 -7.118234690609184234e-01 -3.981770047268856416e+01 -2.096483895066483111e-02 9.988717786731183823e-01 -4.261038997731560196e-02 -4.958312597665035959e+00 7.116862816974395267e-01 4.484362102271553102e-02 7.010646871157225624e-01 7.184465857039288039e+01
6.967375314588577506e-01 -1.778906170347475946e-02 -7.171055375273210908e-01 -4.064100875312981032e+01 -2.080706898144668582e-02 9.987706218253542545e-01 -4.499234260554750564e-02 -5.032084470238787688e+00 7.170243275587144804e-01 4.626871791407195789e-02 6.955108403076133428e-01 7.264384689060501898e+01
6.916575354926723929e-01 -2.000625580426047476e-02 -7.219484701959639761e-01 -4.147673062206754935e+01 -2.060176813457684220e-02 9.986629504777974065e-01 -4.741179731781156037e-02 -5.091958079422592931e+00 7.219317343370891260e-01 4.766614169082293573e-02 6.903205918758053006e-01 7.341823350140879256e+01
6.866622339745431791e-01 -2.033499261456278226e-02 -7.266921319812195135e-01 -4.232793173527540631e+01 -2.175651730676499140e-02 9.985861322770668291e-01 -4.850144753211427934e-02 -5.154030442146902757e+00 7.266509745418368027e-01 4.911440208585813455e-02 6.852489667968068021e-01 7.421151454915923296e+01
6.818836000936399078e-01 -2.009644113374028929e-02 -7.311845724841554706e-01 -4.319349491296344468e+01 -2.112530948219972990e-02 9.986644558842934227e-01 -4.714897545175611437e-02 -5.230961011311449305e+00 7.311555824532575132e-01 4.759661331264377487e-02 6.805483719423051081e-01 7.499320518994706219e+01
6.770154715037732807e-01 -2.047393631358259553e-02 -7.356839397626031563e-01 -4.405643557669710475e+01 -2.012853624505754613e-02 9.987239451754309494e-01 -4.631763588171992213e-02 -5.299277809011599061e+00 7.356934837418891426e-01 4.616599673378719154e-02 6.757394532992777592e-01 7.577221843596250039e+01
6.718649639245704019e-01 -2.096170908711908476e-02 -7.403769761629258594e-01 -4.492022980153475942e+01 -1.986913550309079082e-02 9.987296440008835985e-01 -4.630675630479792054e-02 -5.374227402080588689e+00 7.404071153587843401e-01 4.582253740226940875e-02 6.705949662288581692e-01 7.654029293106512455e+01
6.670867976147346612e-01 -2.175186678683904001e-02 -7.446623734686179663e-01 -4.580258479485087975e+01 -1.936107667740392946e-02 9.987298334949773482e-01 -4.651739918532219603e-02 -5.436790956261678076e+00 7.447283813845646527e-01 4.544860794636156748e-02 6.658183477838189868e-01 7.731912070600832010e+01
6.624219963160913327e-01 -2.265149376534830380e-02 -7.487883534364621063e-01 -4.669857765268178440e+01 -1.823532621530623773e-02 9.987590202978940956e-01 -4.634535876440899760e-02 -5.510054702692476880e+00 7.489089268172471892e-01 4.435458472999553176e-02 6.611868877284193813e-01 7.810723549345716776e+01
6.586364133836832835e-01 -2.344115173005427780e-02 -7.520961221155575416e-01 -4.757985658202579771e+01 -1.711682817165494780e-02 9.987892553212645019e-01 -4.611981866187939150e-02 -5.574345863008571378e+00 7.522666403875961638e-01 4.324969179403111846e-02 6.574377357315283055e-01 7.886939345857140893e+01
6.546930280451621620e-01 -2.617082613250512960e-02 -7.554416697102153133e-01 -4.849660543706115590e+01 -1.427350532939075656e-02 9.987942577264261601e-01 -4.697124436185826091e-02 -5.645539874671314351e+00 7.557600910684199036e-01 4.153454663814444559e-02 6.535300886105298579e-01 7.964001809871385262e+01
6.503423680116007244e-01 -3.013241037763182348e-02 -7.590433660660153015e-01 -4.939735950687763477e+01 -1.180723658722702615e-02 9.986912963962518708e-01 -4.976227163246911556e-02 -5.730552712439138219e+00 7.595494735788038687e-01 4.132471790917927046e-02 6.491354831693324501e-01 8.042585261896327609e+01
6.456908990952693328e-01 -3.464746574719858307e-02 -7.628124312057338319e-01 -5.031078798652156081e+01 -7.552261577239404930e-03 9.986314507158816633e-01 -5.175122208596964063e-02 -5.799139814986902230e+00 7.635615466768446158e-01 3.917625184796928034e-02 6.445455736154104276e-01 8.119048406852314770e+01
6.393340248244724355e-01 -3.849596748754070819e-02 -7.679648783081930441e-01 -5.124225352928517196e+01 -2.231851367571859208e-03 9.986488807618689734e-01 -5.191754792942614161e-02 -5.872004790817049624e+00 7.689258957047113707e-01 3.490663801494982982e-02 6.383842921162441453e-01 8.194668783799959044e+01
6.308245232868446850e-01 -4.189876191054729693e-02 -7.747934586181780547e-01 -5.215711609246928759e+01 2.395695751013094364e-03 9.986414331149573442e-01 -5.205332544086774260e-02 -5.960742966013718558e+00 7.759218331779256239e-01 3.098034444502422227e-02 6.300678837452087233e-01 8.271735379880618666e+01
6.218158442281852549e-01 -4.294457011798461649e-02 -7.819851715477823539e-01 -5.309285587340578871e+01 4.981628565044496533e-03 9.986921316796374404e-01 -5.088427532703623107e-02 -6.041462112723126943e+00 7.831476547791718090e-01 2.774508855266589677e-02 6.212165259723121391e-01 8.345877264893626091e+01
6.130102492894833333e-01 -4.226060962024058565e-02 -7.889438913575933521e-01 -5.405626280523419780e+01 6.765730628037051365e-03 9.988125948897000894e-01 -4.824546771385759825e-02 -6.109267510079546604e+00 7.900459918838099727e-01 2.423718390288740962e-02 6.125682827887336535e-01 8.420870554602615243e+01
6.042521223436498889e-01 -4.197029443803369092e-02 -7.956870335854502319e-01 -5.505264551139195817e+01 6.250386343644319734e-03 9.988307106996314744e-01 -4.793896130625287244e-02 -6.192814064652233164e+00 7.967686713458387304e-01 2.399386729806814167e-02 6.038079084680313402e-01 8.493732938228866658e+01
5.947610344897824586e-01 -4.269236556434962554e-02 -8.027681246607147880e-01 -5.603478240474605343e+01 4.209630012378898049e-03 9.987405664323871779e-01 -4.999559937710572333e-02 -6.257624757004603744e+00 8.038915358376921283e-01 2.635607718589268525e-02 5.941916926616939154e-01 8.565014570783951342e+01
5.846240397593661653e-01 -4.490057442968407864e-02 -8.100608980495215272e-01 -5.703009972000305083e+01 5.314136068228348872e-03 9.986578747957123303e-01 -5.151901632229051453e-02 -6.349989380244748460e+00 8.112869423518177525e-01 2.581448117274694892e-02 5.840780099929204772e-01 8.636258443851599509e+01
5.747547755265698388e-01 -4.612018575435505863e-02 -8.170250083574963629e-01 -5.802752750550626359e+01 5.077158187985587184e-03 9.985923153453286627e-01 -5.279782357176271423e-02 -6.413004077043130913e+00 8.183099543661604969e-01 2.619763558499018513e-02 5.741798626675291839e-01 8.706027158599090399e+01
5.646385134548772555e-01 -4.753983152295815362e-02 -8.239680219258922467e-01 -5.905208484547017633e+01 8.489534769469425646e-03 9.986214418676634397e-01 -5.179906960604310773e-02 -6.494232642140637779e+00 8.252946674205439148e-01 2.225264400963591557e-02 5.642637186432050145e-01 8.775374351199531020e+01
5.544800127238025400e-01 -4.735199029118630776e-02 -8.308487780142499446e-01 -6.009891718958562734e+01 9.596313369283992686e-03 9.986773154290243815e-01 -5.051267550519789734e-02 -6.579476727820583015e+00 8.321417172655974914e-01 2.003518321474633684e-02 5.542010162637918125e-01 8.845510018727964052e+01
5.439702867190577829e-01 -4.806203960956981908e-02 -8.377268974702865023e-01 -6.114776691513294793e+01 1.052877140966827427e-02 9.986706366874523733e-01 -5.045893735287843018e-02 -6.662670604841414601e+00 8.390384280241626191e-01 1.862792708869361047e-02 5.437531879753746411e-01 8.913406245032165032e+01
5.335070038538120007e-01 -4.862320108665431351e-02 -8.443968546820342924e-01 -6.219096323483236688e+01 8.973521226484593161e-03 9.986153991704492805e-01 -5.183396980802911641e-02 -6.741595458433559784e+00 8.457480502598759831e-01 2.007657231617326204e-02 5.332046321199184202e-01 8.978116543152830786e+01
5.234292085935589034e-01 -4.960582943255222033e-02 -8.506239546021262532e-01 -6.326875266749413385e+01 8.691933992013159763e-03 9.985628008782954090e-01 -5.288461926578608141e-02 -6.817252214786941877e+00 8.520248387392286293e-01 2.028778662662435867e-02 5.231081083775501739e-01 9.041425594626761608e+01
5.139045150536974971e-01 -4.987740480929860748e-02 -8.563961586778068291e-01 -6.433451056559673020e+01 6.476877315628524860e-03 9.985054346721202734e-01 -5.426736554039011257e-02 -6.903481785294364848e+00 8.578229488639362854e-01 2.234147081564342649e-02 5.134595022110012286e-01 9.105490069678840825e+01
