1 0 0 0 0 1 0 0 0 0 1 0
0.99993755 -0.0024244655 0.010909643 0.011713378 0.0024129433 0.99999652 0.001069198 -0.0086680896 -0.010912198 -0.0010428069 0.99993992 0.29337471
0.99983874 -0.0043892441 0.017413581 0.014947447 0.0043667579 0.99998958 0.0013291327 -0.015977251 -0.017419235 -0.0012528775 0.99984749 0.58260305
0.99977446 -0.0073314768 0.019931782 0.025586667 0.007334745 0.9999731 -9.0845281e-05 -0.018694711 -0.019930581 0.00023701935 0.99980134 0.8882562
0.9998083 -0.0084610363 0.017657071 0.027996651 0.0084849717 0.99996318 -0.0012810634 -0.025475878 -0.017645584 0.0014306376 0.99984328 1.1937233
0.99987475 -0.011264222 0.011117995 0.030051483 0.011301698 0.99993064 -0.0033135969 -0.024592138 -0.0110799 0.0034388342 0.9999327 1.5177163
0.99992474 -0.012216495 -0.0011243754 0.016574137 0.012211377 0.99991553 -0.0044516394 -0.03427028 0.001178664 0.0044375743 0.99998946 1.8340632
0.99980583 -0.011452879 -0.016035266 -0.0031989584 0.011376546 0.99992355 -0.0048435416 -0.040091753 0.016089514 0.0046601753 0.9998597 2.1652216
0.99932018 -0.0078222463 -0.036027586 -0.041838121 0.0076275902 0.99995558 -0.0055372709 -0.046470701 0.036069303 0.005258703 0.99933546 2.5007608
0.99843619 -0.0040493509 -0.055756428 -0.084739544 0.0037011271 0.99997301 -0.0063472965 -0.052937203 0.05578063 0.006131009 0.99842422 2.847049
0.99717766 -0.0036016469 -0.074991639 -0.12996177 0.0031170665 0.99997351 -0.0065778345 -0.056296891 0.07501335 0.0063255157 0.99716247 3.2074276
0.99538566 -0.0044886611 -0.095850111 -0.18344008 0.0039267401 0.99997399 -0.0060503198 -0.063610077 0.095874784 0.0056460231 0.99537739 3.6014941
0.9932061 -0.0055516548 -0.11623604 -0.24553556 0.0049702972 0.99997365 -0.0052907798 -0.07237368 0.11626236 0.0046771071 0.99320753 3.9769413
0.99103363 -0.0047865661 -0.1335269 -0.31036148 0.0041849259 0.99997979 -0.0047860569 -0.077670452 0.13354712 0.0041843432 0.99103363 4.3651951
0.98876888 -0.0041245653 -0.14939576 -0.38800281 0.0035399764 0.999985 -0.0041787345 -0.089108038 0.14941077 0.0036029451 0.98876865 4.7849355
0.9867997 -0.0032222789 -0.16191347 -0.47015861 0.002577278 0.99998789 -0.0041934924 -0.092372379 0.16192504 0.003720841 0.98679605 5.2088814
0.98459189 -0.0043485325 -0.17481389 -0.56690452 0.0035310491 0.99998133 -0.0049870707 -0.10125803 0.17483233 0.0042929529 0.98458886 5.6468732
0.98284154 -0.0070469556 -0.18431727 -0.65385907 0.0058827013 0.99995915 -0.0068626501 -0.11319573 0.18435811 0.0056606141 0.98284284 6.0870535
0.98140118 -0.0068331578 -0.19184637 -0.75183905 0.0052581965 0.99994818 -0.0087174115 -0.12122003 0.19189601 0.007546512 0.98138625 6.5465565
0.97981544 -0.0065947903 -0.19979541 -0.86483687 0.0045458937 0.99993229 -0.010711994 -0.12573032 0.19985254 0.0095875284 0.97977908 7.0259265
0.97823635 -0.0072059369 -0.20736854 -0.97144263 0.0045534289 0.99990164 -0.013265747 -0.13651047 0.20744376 0.012032798 0.97817294 7.4933817
0.97635704 -0.010696863 -0.21589928 -1.0886256 0.0076363594 0.99985826 -0.015004839 -0.14448593 0.2160292 0.013001396 0.97630034 7.9890012
0.97451482 -0.016625191 -0.22370621 -1.2003452 0.013323971 0.99977904 -0.016258425 -0.16622495 0.2239271 0.012863421 0.97452101 8.5022337
0.97269908 -0.017682938 -0.23139534 -1.3263007 0.013760132 0.99973313 -0.018555912 -0.18928188 0.23166173 0.014865288 0.97268282 9.0232072
0.9706252 -0.013710103 -0.24020562 -1.4852294 0.0084941834 0.99970541 -0.022736338 -0.1945081 0.2404466 0.020028113 0.97045573 9.5645587
0.96853136 -0.011148217 -0.24864174 -1.6437079 0.0048084064 0.99964802 -0.026090556 -0.21256986 0.2488451 0.024073952 0.96824406 10.094363
0.96607561 -0.013706551 -0.25789541 -1.7973502 0.0067430074 0.99958891 -0.027866573 -0.23426481 0.25817136 0.025182227 0.96577089 10.655599
0.96379086 -0.015691248 -0.26619722 -1.9610432 0.0081053666 0.99952979 -0.029572029 -0.26263068 0.2665361 0.026343625 0.96346486 11.227596
0.96164335 -0.015377476 -0.27387148 -2.1360272 0.006776397 0.99945447 -0.032323957 -0.28562569 0.27421916 0.029228257 0.96122295 11.788097
0.95937247 -0.014689595 -0.28175996 -2.3267222 0.004777763 0.99934637 -0.035833122 -0.30894501 0.28210219 0.033031129 0.95881557 12.397418
0.95732886 -0.015645744 -0.28857696 -2.5063776 0.004007544 0.99915617 -0.040876458 -0.33945213 0.28897302 0.037975729 0.95658374 12.959795
0.9554747 -0.016573724 -0.29460721 -2.7136077 0.0024876558 0.99883829 -0.048123661 -0.38325741 0.29506258 0.04524806 0.95440594 13.595285
0.95391747 -0.016941798 -0.29959043 -2.9204255 4.8044709e-05 0.99841349 -0.056307168 -0.41707593 0.30006909 0.053697998 0.95240489 14.207509
0.95256054 -0.017407314 -0.30385094 -3.1238435 -0.0024274912 0.99789671 -0.064778582 -0.46063967 0.3043395 0.062443117 0.95051477 14.800262
0.95122175 -0.016621855 -0.30805987 -3.3476853 -0.0065583158 0.99723238 -0.074057887 -0.50773195 0.30843829 0.072465829 0.94848012 15.464976
0.94992438 -0.015529908 -0.31209372 -3.5693034 -0.010312739 0.9966621 -0.080983339 -0.56758454 0.31230967 0.080146591 0.94659347 16.101732
0.94841556 -0.014611575 -0.31669293 -3.8155519 -0.013755066 0.99610015 -0.087151011 -0.62674833 0.31673132 0.087011509 0.9445159 16.766779
0.94671628 -0.012890692 -0.32181066 -4.0641724 -0.018100281 0.99548995 -0.093124273 -0.6989048 0.32155974 0.09398713 0.94221323 17.437179
0.94518879 -0.011071327 -0.32633658 -4.3010767 -0.022347614 0.99488813 -0.098479439 -0.77769909 0.32575872 0.10037451 0.94010969 18.126373
0.94337228 -0.0085344241 -0.33162614 -4.5725006 -0.026893491 0.99441108 -0.10209478 -0.85278581 0.33064405 0.10523197 0.93787033 18.812775
0.94198487 -0.0077844157 -0.33556505 -4.8234606 -0.028545155 0.99425142 -0.10319539 -0.92996668 0.33443937 0.10678726 0.93634758 19.504187
0.93966724 -0.0066397097 -0.34202542 -5.1132557 -0.030222328 0.99429091 -0.10233372 -1.0174495 0.34075226 0.10649645 0.93410193 20.223649
0.93747553 -0.0070595005 -0.34797956 -5.3885965 -0.029978208 0.99444104 -0.10093722 -1.1050842 0.34675775 0.10505798 0.93205252 20.950481
0.93486862 -0.0063724818 -0.35493668 -5.669545 -0.030845308 0.99459925 -0.099100418 -1.1886454 0.35365131 0.103594 0.92962307 21.681061
0.93207897 -0.0065606364 -0.36219572 -5.9473812 -0.030220021 0.99494268 -0.095790478 -1.2721201 0.36099245 0.10022985 0.92716689 22.376843
0.92845927 -0.0026997595 -0.37142439 -6.287137 -0.033377312 0.99532162 -0.090668792 -1.3587752 0.36993154 0.09657943 0.92402548 23.199014
0.92518828 -0.0021213571 -0.37950249 -6.6007262 -0.032561675 0.99585313 -0.084948685 -1.436388 0.37810898 0.090950765 0.92128257 23.907756
0.9216584 0.0012040622 -0.38800043 -6.9380978 -0.03542377 0.99607996 -0.081054729 -1.5120127 0.38638189 0.088449211 0.91808811 24.671109
0.91807028 0.0018074731 -0.39641352 -7.2575927 -0.036125109 0.99621022 -0.079121324 -1.5869366 0.39476822 0.086959419 0.91465629 25.394846
0.91463818 0.003328522 -0.4042597 -7.6330318 -0.03826295 0.99618997 -0.078367722 -1.6668963 0.40245864 0.087146281 0.91128074 26.184423
0.9108696 0.003804728 -0.41267672 -7.9888982 -0.039149436 0.99624464 -0.077226524 -1.734968 0.41083318 0.086499356 0.90759792 26.91644
0.90721195 0.00450651 -0.42064968 -8.3731746 -0.040000523 0.99633598 -0.075594854 -1.8059754 0.41876778 0.085406763 0.90406817 27.712862
0.903279 0.0041225487 -0.42903384 -8.7530013 -0.0392664 0.9965517 -0.073094884 -1.8824662 0.4272531 0.082871689 0.9003261 28.500332
0.89946571 0.0052244798 -0.4369601 -9.1562779 -0.039230352 0.9968564 -0.06883534 -1.9560108 0.43522688 0.079057127 0.8968431 29.283797
0.8956924 0.0060818869 -0.44463257 -9.568039 -0.038411026 0.99722727 -0.063736757 -2.0212139 0.44301212 0.074167323 0.89344249 30.087503
0.8923049 0.0056378286 -0.45139801 -9.9814176 -0.03626593 0.99758541 -0.059229435 -2.0888408 0.44997418 0.069221085 0.89035481 30.887451
0.88835925 0.0046861761 -0.4591251 -10.413959 -0.034917379 0.99774173 -0.057377783 -2.1517787 0.45781943 0.06700353 0.88651673 31.715771
0.88464677 0.0054688548 -0.46622973 -10.864108 -0.035708019 0.99778922 -0.056050087 -2.2158693 0.46489251 0.066232669 0.8828863 32.517687
0.88227556 0.0058041813 -0.47069749 -11.307789 -0.035463501 0.9979019 -0.054167644 -2.2705847 0.46939556 0.06448337 0.8806303 33.333866
0.8789894 0.0044419443 -0.4768206 -11.77025 -0.033791251 0.9980229 -0.052994747 -2.3360486 0.47564252 0.062694186 0.87740165 34.18502
0.87653218 0.0026720483 -0.48133583 -12.240565 -0.031965532 0.99810025 -0.052669761 -2.3912676 0.48028071 0.061552897 0.8749524 35.012272
0.87428012 0.00084402057 -0.48542099 -12.703966 -0.030520273 0.99811556 -0.053233865 -2.4506471 0.48446136 0.061356492 0.87265835 35.84736
0.87318665 0.0021941905 -0.487381 -13.223727 -0.032402552 0.99803884 -0.053558892 -2.5148602 0.48630769 0.062559299 0.87154529 36.732778
0.87265457 0.0016138212 -0.48833531 -13.710437 -0.031384262 0.9981126 -0.052785128 -2.5753333 0.48732848 0.061389227 0.87105817 37.600429
0.87249348 0.0023474208 -0.4886201 -14.221011 -0.031374428 0.99819406 -0.051227529 -2.6390099 0.48761747 0.060025862 0.87099146 38.505117
0.87196384 0.00091536684 -0.4895694 -14.721948 -0.029510901 0.99827809 -0.050694847 -2.6998556 0.48868004 0.058651708 0.87048941 39.37702
0.87178945 -0.0021843794 -0.48987586 -15.250506 -0.026285036 0.99834098 -0.051228837 -2.7613428 0.48917509 0.057537165 0.87028572 40.289294
0.87091896 -0.0022740813 -0.49142137 -15.783558 -0.026762569 0.99828584 -0.052049445 -2.8336441 0.4906974 0.058482548 0.86936521 41.234495
0.87011377 -0.0040067709 -0.4928346 -16.302457 -0.023747851 0.99846459 -0.050045085 -2.8914736 0.49227846 0.055248681 0.86868264 42.111183
0.86699615 -0.0020438984 -0.49831063 -16.846002 -0.024373117 0.9986208 -0.04650207 -2.9592594 0.49771845 0.0524625 0.86575057 43.060867
0.86462256 -0.0019771247 -0.50241805 -17.369847 -0.022185933 0.99886658 -0.042111027 -3.0274881 0.5019319 0.047556758 0.86359872 43.977065
0.86204428 -0.0065626768 -0.50679046 -17.894794 -0.015823381 0.99908026 -0.039852951 -3.077208 0.50658592 0.042374147 0.86114758 44.882067
0.85666412 -0.0080482316 -0.51581178 -18.472163 -0.015951193 0.99898694 -0.042079093 -3.1445429 0.51562794 0.044275463 0.85566789 45.788288
0.85083228 -0.0094848325 -0.52535174 -19.03865 -0.01698246 0.9988183 -0.045536821 -3.2066948 0.52516288 0.047665962 0.84966577 46.657059
0.84432072 -0.010097787 -0.53574297 -19.617148 -0.016867235 0.99882609 -0.045408507 -3.2666378 0.53557263 0.047375847 0.84315925 47.569878
0.8391761 -0.0073264088 -0.54381042 -20.220011 -0.017295162 0.99904404 -0.040148349 -3.3271351 0.54358474 0.043096825 0.83824717 48.463377
0.83411897 -0.0044613803 -0.55156651 -20.830012 -0.017646772 0.99923956 -0.034769141 -3.3884436 0.55130225 0.038734969 0.83340594 49.324536
0.82931658 -0.0028869028 -0.55877155 -21.403193 -0.02095479 0.99912257 -0.036262625 -3.4426263 0.558386 0.041782137 0.82852843 50.222381
0.82740429 -0.005792184 -0.56157686 -22.033708 -0.020909602 0.99893579 -0.041110513 -3.4941844 0.56121739 0.045757364 0.82640264 51.104446
0.82409167 -0.0060538253 -0.56642408 -22.637805 -0.02565472 0.99851796 -0.047997064 -3.5671974 0.56587523 0.054085433 0.82271503 51.952071
0.82050235 -0.0062413138 -0.57160906 -23.255331 -0.026985332 0.99840271 -0.049636847 -3.629817 0.57100588 0.05615221 0.81902335 52.829042
0.8183284 -0.0040330712 -0.57473675 -23.886861 -0.027318128 0.99857227 -0.045903645 -3.7005247 0.57410136 0.053264989 0.81704987 53.700809
0.815177 -0.0045247519 -0.57919422 -24.517576 -0.022929282 0.99893354 -0.040075241 -3.754557 0.57875792 0.045948923 0.8142039 54.582152
0.81189184 -0.0043945703 -0.58379132 -25.149688 -0.021128195 0.99909543 -0.036904288 -3.8124856 0.58342547 0.042296747 0.81106457 55.438586
0.80996457 -0.001558675 -0.58647672 -25.790635 -0.025321517 0.99897103 -0.037625707 -3.8726053 0.58593195 0.04532597 0.80909168 56.292451
0.80569695 -0.0045464859 -0.59231049 -26.447178 -0.023222986 0.99895924 -0.039257183 -3.9218689 0.59187257 0.045384612 0.80475283 57.150051
0.80239488 -0.0039702458 -0.59678024 -27.110339 -0.026127841 0.99878537 -0.04177462 -3.9920178 0.59622128 0.049112322 0.80131654 58.012838
0.79836076 -0.0055186685 -0.60215415 -27.739619 -0.025048526 0.99878819 -0.042364135 -4.0446632 0.6016583 0.048904937 0.79725506 58.843287
0.79318374 -0.006017628 -0.60895264 -28.397148 -0.024090144 0.99885844 -0.041248967 -4.1047447 0.60850575 0.047387767 0.79213331 59.685009
0.78913519 -0.0064275304 -0.61418589 -29.075347 -0.023487476 0.99889811 -0.040631413 -4.1652821 0.61377033 0.046489355 0.78811468 60.545853
0.78301599 -0.0049149973 -0.62198212 -29.773636 -0.026373012 0.99880717 -0.041093823 -4.2379658 0.62144223 0.048580663 0.78195237 61.395927
0.77850655 -0.0078194252 -0.62758775 -30.445957 -0.0240901 0.99881331 -0.042327858 -4.2923705 0.62717402 0.048071166 0.77739433 62.21757
0.7736481 -0.010373523 -0.63353056 -31.127789 -0.02190227 0.9988306 -0.043101379 -4.3483587 0.63323687 0.047221057 0.77251619 63.049748
0.76749918 -0.0096160184 -0.64097778 -31.849706 -0.02414302 0.99874452 -0.043891836 -4.4161756 0.64059516 0.049162088 0.76630344 63.903774
0.76129115 -0.015286897 -0.64822994 -32.561833 -0.018555014 0.99879903 -0.045345492 -4.4696097 0.64814468 0.046549038 0.76009322 64.719116
0.75543381 -0.01316567 -0.65509266 -33.32202 -0.021894228 0.99873258 -0.04531973 -4.5425353 0.6548591 0.048578804 0.7541881 65.534748
0.75016729 -0.01404013 -0.66109899 -34.057097 -0.019909661 0.99884169 -0.043805001 -4.6010679 0.66094832 0.046023336 0.74901883 66.351849
0.74416439 -0.015583951 -0.66781469 -34.769039 -0.017425313 0.99893475 -0.04272839 -4.6664953 0.66776924 0.043433827 0.74310012 67.181043
0.73785146 -0.015938959 -0.67477488 -35.547818 -0.018064175 0.99889672 -0.043347865 -4.732897 0.67472139 0.044173537 0.73674948 68.014132
0.7291561 -0.019836514 -0.68405984 -36.300743 -0.015301075 0.99885738 -0.045274869 -4.7953348 0.68417637 0.043479297 0.72801943 68.793977
0.72612895 -0.015411877 -0.68738576 -37.088377 -0.021825491 0.99872825 -0.045448129 -4.8713279 0.68721208 0.048003734 0.72486912 69.625125
0.72198139 -0.016838117 -0.69170753 -37.876906 -0.019201336 0.99883124 -0.044356092 -4.9285653 0.69164602 0.045305982 0.72081425 70.412329
0.71725474 -0.016846721 -0.69660733 -38.658647 -0.019416725 0.99883629 -0.044148047 -4.9925941 0.6965405 0.045191229 0.71609296 71.235062
0.71155846 -0.016908673 -0.70242338 -39.493852 -0.020608292 0.99877805 -0.044918799 -5.0625905 0.70232464 0.046438098 0.71034052 72.047262
0.70637481 -0.01941353 -0.7075717 -40.292638 -0.020126127 0.99866882 -0.047492396 -5.1295756 0.70755184 0.04778811 0.70504378 72.856739
0.70153761 -0.019701486 -0.71236001 -41.111294 -0.022904087 0.998478 -0.050170667 -5.20562 0.7122643 0.051512566 0.70001862 73.628056
0.697442 -0.020894523 -0.71633653 -41.963002 -0.022756724 0.99842505 -0.051279123 -5.2746573 0.71627985 0.052065688 0.69586808 74.433925
0.69109145 -0.019403839 -0.72250678 -42.796817 -0.023796307 0.99848677 -0.04957725 -5.3532262 0.72237551 0.051455408 0.68958394 75.255905
0.68731772 -0.021052988 -0.72605171 -43.641006 -0.020576577 0.99861436 -0.048435202 -5.4191202 0.72606542 0.048230031 0.68593215 76.015688
0.68207151 -0.021981266 -0.73095501 -44.527486 -0.019945604 0.9986171 -0.048642111 -5.4948822 0.73101345 0.047756738 0.68068985 76.817138
0.67842326 -0.02329486 -0.73430183 -45.365344 -0.018528689 0.99863673 -0.048799272 -5.5633425 0.73443761 0.046712212 0.67706677 77.56778
0.67372486 -0.022765851 -0.73863149 -46.283623 -0.019980912 0.99859872 -0.049003578 -5.6431006 0.73871214 0.04777346 0.6723259 78.374734
0.66921769 -0.024450851 -0.74266399 -47.145622 -0.017293029 0.9986753 -0.048462374 -5.7129137 0.74286519 0.045274788 0.66790834 79.173595
0.66646438 -0.02855246 -0.74498989 -48.04699 -0.012579587 0.99869344 -0.049529531 -5.7827864 0.74543077 0.042381334 0.66523442 79.933086
0.66108808 -0.032822811 -0.74959 -48.955772 -0.0099128561 0.99857342 -0.052467692 -5.8639448 0.75024285 0.042116343 0.65981961 80.72634
0.65704802 -0.035686005 -0.75300356 -49.858701 -0.0080955199 0.99848729 -0.054383763 -5.9428628 0.75380529 0.041828699 0.6557652 81.523672
0.65156609 -0.039819336 -0.75754604 -50.746517 -0.0022122959 0.9985174 -0.054388452 -6.023767 0.75858868 0.037113587 0.65051199 82.311095
0.64258107 -0.042792564 -0.76502178 -51.678268 0.001642802 0.99851387 -0.054473397 -6.1067096 0.76621598 0.033746795 0.64169641 83.060665
0.63332068 -0.044203776 -0.77262597 -52.614332 0.0045255288 0.99856185 -0.053420535 -6.1872138 0.77387627 0.030335789 0.63260992 83.815689
0.62555015 -0.043546638 -0.77896768 -53.555244 0.0063812146 0.99869326 -0.050705524 -6.2625075 0.7801579 0.026748088 0.6250106 84.573374
0.61917914 -0.041100539 -0.78417338 -54.470173 0.0025145841 0.99872794 -0.050360392 -6.3500723 0.78524577 0.029210235 0.61849486 85.349651
0.61021691 -0.043422458 -0.79104346 -55.471441 0.0027482629 0.99860681 -0.052696126 -6.4259252 0.79222965 0.029982072 0.6094861 86.070964
0.59811071 -0.04679895 -0.80004586 -56.463667 0.0053654687 0.99850499 -0.054396683 -6.5035675 0.80139556 0.028242617 0.59746763 86.777643
0.59045938 -0.047397546 -0.80567434 -57.470269 0.0037271931 0.99842351 -0.056005343 -6.5841563 0.80705879 0.030065976 0.58970519 87.530953
0.57954641 -0.047496412 -0.81355393 -58.462352 0.0054300446 0.99850305 -0.054425831 -6.6706536 0.81492118 0.027124661 0.57893676 88.223171
0.56959217 -0.048325924 -0.82050552 -59.480173 0.0084128561 0.99856052 -0.052972785 -6.7542826 0.82188445 0.023270089 0.56917881 88.946194
0.55978577 -0.049535146 -0.82715543 -60.524771 0.0097482497 0.99853623 -0.053201254 -6.8373958 0.82858006 0.021717987 0.55944925 89.60963
0.54903954 -0.050348388 -0.83427847 -61.563615 0.008428529 0.9984667 -0.054710261 -6.920323 0.83575391 0.023006356 0.54862206 90.25543
0.54111099 -0.050892472 -0.83940979 -62.61489 0.0072215065 0.99841152 -0.055877349 -7.0014501 0.84092021 0.024174044 0.54061897 90.951118
0.53021529 -0.050852456 -0.84633664 -63.657398 0.0049544483 0.99836853 -0.056883473 -7.0898598 0.84784861 0.025967356 0.52960221 91.589574
0.51977224 -0.050786251 -0.85279394 -64.768643 0.0038185213 0.99835958 -0.057127725 -7.1844117 0.85429638 0.026436994 0.51911352 92.226164
0.50968878 -0.049691266 -0.85892262 -65.880701 0.0042954488 0.99846523 -0.055215287 -7.2637836 0.86034816 0.024453154 0.50911997 92.881521
0.50441981 -0.047983791 -0.86212421 -66.912497 0.0047871085 0.99859477 -0.052778532 -7.3500461 0.86344531 0.022495455 0.50394068 93.476463
0.49526844 -0.047920821 -0.86741726 -68.056308 0.0044839306 0.99860516 -0.052608164 -7.4392776 0.86872846 0.022165724 0.49479249 94.129612
0.48864895 -0.051086797 -0.87098351 -69.13052 0.0062271525 0.99846306 -0.055070374 -7.5244183 0.87245831 0.021486333 0.48821605 94.718955
0.48259049 -0.054759048 -0.8741326 -70.272922 0.0091818516 0.99830509 -0.057468583 -7.6121174 0.87579802 0.019707636 0.48227534 95.335673
0.47484331 -0.057798991 -0.87817028 -71.393972 0.010686901 0.99814616 -0.059916896 -7.7013445 0.88000551 0.019066218 0.47458072 95.962175
0.47062326 -0.06132222 -0.88020069 -72.523639 0.012557051 0.99794641 -0.062811413 -7.7993463 0.88224494 0.018507787 0.47042683 96.523706
0.46637178 -0.062394984 -0.88238549 -73.668743 0.014596929 0.99791627 -0.062849372 -7.9019334 0.8844684 0.016431055 0.46631077 97.137599
0.46137122 -0.059830451 -0.88518747 -74.768166 0.016263606 0.99812624 -0.058987261 -7.9961326 0.88705815 0.012818684 0.46147978 97.710198
0.45872288 -0.057235556 -0.88673409 -75.922381 0.018777823 0.99832492 -0.054724258 -8.1056444 0.88838099 0.0084523327 0.45902924 98.310923
0.45457216 -0.056632355 -0.88890768 -77.022046 0.020168693 0.99837524 -0.053292615 -8.1859514 0.89048158 0.0062972327 0.45497579 98.888496
0.45027391 -0.056889521 -0.89107627 -78.140357 0.021646393 0.9983704 -0.052801325 -8.2785649 0.89262809 0.0044864719 0.4507716 99.495006
0.44886401 -0.055974836 -0.89184519 -79.254752 0.023906319 0.99843119 -0.050632483 -8.3662118 0.89328028 0.0014063631 0.44949798 100.02462
0.44409991 -0.0558442 -0.89423522 -80.384163 0.026465292 0.99843785 -0.049208227 -8.4505025 0.89558636 -0.0018128277 0.44488409 100.5537
0.44374217 -0.05745982 -0.89431046 -81.459721 0.029852267 0.99833625 -0.049331317 -8.5391062 0.89565719 -0.0048068097 0.4447192 101.09873
0.44210719 -0.057059817 -0.89514543 -82.562524 0.030698731 0.99835244 -0.04847668 -8.6195268 0.89643677 -0.0060479407 0.44313046 101.6294
0.43965655 -0.056765415 -0.89637031 -83.632695 0.034332577 0.99833356 -0.046382925 -8.6988533 0.89750959 -0.010382147 0.44087279 102.17366
0.43761282 -0.056291825 -0.89739968 -84.719398 0.036584591 0.99832665 -0.044782437 -8.7809299 0.89841898 -0.013233633 0.43893995 102.69979
0.4346432 -0.056507793 -0.89882817 -85.834041 0.037492735 0.99829973 -0.04463117 -8.8639681 0.89982201 -0.014300893 0.43602283 103.23995
0.43334803 -0.057287392 -0.89940401 -86.859985 0.038316557 0.9982464 -0.045121579 -8.9351371 0.90041179 -0.014908719 0.43478317 103.70123
0.43362942 -0.06046148 -0.89906055 -87.913271 0.04208585 0.99801648 -0.046817637 -9.0248239 0.90010798 -0.017536224 0.43531388 104.19856
0.43464747 -0.059806105 -0.89861268 -88.985249 0.038697192 0.99811132 -0.047710784 -9.0994829 0.89976896 -0.014036417 0.43614089 104.67708
0.43724121 -0.060604495 -0.89729992 -89.986302 0.03873393 0.9980701 -0.048536129 -9.1816943 0.89850981 -0.013533958 0.43874483 105.17908
0.4402836 -0.059241582 -0.89590218 -90.997163 0.034311462 0.99820217 -0.049144096 -9.2556176 0.89720295 -0.0091023746 0.44152472 105.67293
0.44534127 -0.059920546 -0.89335358 -91.999858 0.033097218 0.99817791 -0.050452374 -9.3346192 0.89474901 -0.0070989948 0.44651302 106.14181
0.45162313 -0.059940427 -0.89019303 -93.017018 0.032302996 0.99818509 -0.050823652 -9.4168037 0.89162387 -0.0058027657 0.45273973 106.67523
0.45806703 -0.05892651 -0.88696234 -94.036022 0.031822766 0.99824785 -0.04988521 -9.4918729 0.88834789 -0.0053748263 0.45913963 107.1564
0.46540891 -0.057249394 -0.88324231 -94.985602 0.029453612 0.99835503 -0.049190632 -9.567155 0.88460561 -0.003120918 0.46632953 107.66873
0.47487901 -0.057100327 -0.87819668 -95.979654 0.029767074 0.99836406 -0.048817261 -9.6436736 0.87954756 -0.0029590537 0.47580185 108.19134
0.48472959 -0.057529362 -0.87277003 -96.96004 0.030515689 0.99833946 -0.048858203 -9.7225035 0.87413162 -0.0029501628 0.48568022 108.73014
0.49537546 -0.05825817 -0.86672318 -97.905492 0.030049505 0.99830069 -0.049927572 -9.7910674 0.86815911 -0.0013117089 0.4962843 109.27577
0.50523369 -0.058970655 -0.86096534 -98.868345 0.026732448 0.99825321 -0.052686805 -9.8682161 0.86256846 0.0036034369 0.50592759 109.80858
0.51535952 -0.058447166 -0.85497861 -99.769477 0.023015048 0.99825565 -0.054368833 -9.9437014 0.85666501 0.0083421216 0.51580572 110.37396
0.52846831 -0.057245727 -0.84702072 -100.7059 0.021689804 0.9983087 -0.053937916 -10.020466 0.84867594 0.010132766 0.52881616 110.91959
0.54087023 -0.055093261 -0.83929975 -101.63977 0.020663742 0.99842169 -0.052221991 -10.097934 0.84085222 0.010902247 0.541155 111.53583
0.55344577 -0.053050439 -0.83119394 -102.54534 0.020123655 0.99852982 -0.050331326 -10.172943 0.8326421 0.011128999 0.55369967 112.10752
0.56552076 -0.051887899 -0.82310015 -103.41261 0.01959937 0.99858258 -0.04948426 -10.246576 0.82450118 0.011852132 0.56573615 112.71232
0.57577265 -0.052164294 -0.81594404 -104.27338 0.019269937 0.99855122 -0.050240721 -10.314696 0.81738276 0.013204043 0.57594369 113.32139
0.58668686 -0.052787205 -0.80809157 -105.14196 0.019109836 0.99849781 -0.051351135 -10.393579 0.80958841 0.014684539 0.5868143 113.96377
0.59859924 -0.05576921 -0.79910493 -105.9992 0.022868253 0.9983567 -0.052544597 -10.471904 0.8007222 0.013179022 0.59889091 114.56333
0.60920022 -0.053888898 -0.7911833 -106.82525 0.021189382 0.99843836 -0.051689877 -10.545145 0.79273334 0.014724799 0.60939075 115.18975
0.61955608 -0.052323967 -0.78320649 -107.63684 0.020886861 0.99852146 -0.050186027 -10.615563 0.78467449 0.014734332 0.61973293 115.83966
0.62878374 -0.051120288 -0.77589798 -108.41061 0.022869784 0.99862074 -0.047260894 -10.681926 0.77724387 0.011972262 0.62908559 116.47795
0.63951638 -0.049980943 -0.767151 -109.19461 0.022927154 0.99868047 -0.045952754 -10.750277 0.76843555 0.011798949 0.63981844 117.08562
0.64907208 -0.048779797 -0.75916132 -109.95473 0.020142745 0.99869417 -0.046949187 -10.818296 0.76046022 0.015181814 0.64920707 117.75028
0.65818947 -0.047235503 -0.75136901 -110.7002 0.016614543 0.99869807 -0.048229949 -10.887348 0.752669 0.019260791 0.65811735 118.39647
0.66692637 -0.047298227 -0.74362091 -111.42554 0.017383531 0.99869933 -0.047931913 -10.957092 0.74492086 0.019040299 0.66688112 119.065
0.67572376 -0.04547332 -0.735751 -112.16344 0.017245162 0.9987975 -0.045892799 -11.023676 0.73695322 0.018322709 0.6756954 119.72841
0.68502161 -0.044160557 -0.72718306 -112.88982 0.0176674 0.99887456 -0.044016849 -11.079988 0.72830852 0.017305059 0.68503086 120.38594
0.69287313 -0.043605874 -0.71973975 -113.57951 0.018278263 0.99891114 -0.042923677 -11.146163 0.72082784 0.016585069 0.69291573 121.05035
0.70062514 -0.042432 -0.71226673 -114.25029 0.016755562 0.99893335 -0.043027943 -11.202709 0.71333282 0.018212029 0.70058879 121.70549
0.70813686 -0.04064744 -0.7049042 -114.91861 0.015206869 0.998988 -0.042328816 -11.266141 0.70591145 0.019255209 0.70803835 122.38431
0.71484163 -0.038568998 -0.69822191 -115.58331 0.014965726 0.99909292 -0.039866823 -11.320428 0.69912625 0.018049067 0.71477042 123.02268
0.72259649 -0.035975094 -0.6903333 -116.23308 0.014045362 0.99920281 -0.03736932 -11.377653 0.6911274 0.017306958 0.72252573 123.70772
0.72963041 -0.034969883 -0.68294695 -116.87311 0.014089207 0.99924837 -0.036113618 -11.434933 0.68369657 0.016727413 0.72957469 124.38464
0.73687257 -0.033235626 -0.67521416 -117.48427 0.012282504 0.9992841 -0.035783006 -11.488566 0.67592011 0.018074195 0.73675326 125.04915
0.74471615 -0.031092125 -0.66665665 -118.08202 0.010775827 0.99934416 -0.034570722 -11.534875 0.66729436 0.018561598 0.74456278 125.69221
0.75296866 -0.0280424 -0.65745858 -118.64998 0.0096178025 0.99945386 -0.031614435 -11.586729 0.65798612 0.017481372 0.75282715 126.37289
0.76271034 -0.024293473 -0.64628378 -119.24099 0.0073116331 0.9995543 -0.028943922 -11.622295 0.64669893 0.017350439 0.76254802 127.03052
0.77198571 -0.02216154 -0.63525341 -119.75606 0.0061818142 0.99960653 -0.027360023 -11.675194 0.63560985 0.017194528 0.77181895 127.6895
0.78163294 -0.021452225 -0.62336965 -120.29792 0.0046123471 0.99957985 -0.028615525 -11.712047 0.62372166 0.019491639 0.78140348 128.38954
0.79126921 -0.022203995 -0.61106463 -120.82379 0.0049293473 0.99953964 -0.029936821 -11.760282 0.61144809 0.020675935 0.79101439 129.04858
0.80113363 -0.021202449 -0.5981098 -121.32561 0.0044249994 0.9995548 -0.029506277 -11.806783 0.59846918 0.020991835 0.80087078 129.71819
0.81102145 -0.02025463 -0.58466566 -121.8435 0.0045367926 0.99958817 -0.0283356 -11.84229 0.58499886 0.020328272 0.81077933 130.41183
0.82058326 -0.0179988 -0.57124349 -122.31155 0.0039252435 0.9996579 -0.02585877 -11.878499 0.57151354 0.018977004 0.82037319 131.10709
0.82997606 -0.016850181 -0.55754443 -122.80093 0.0044305768 0.99971124 -0.023617926 -11.913419 0.55778144 0.01713207 0.82981105 131.81381
0.83886263 -0.01526802 -0.54412898 -123.25012 0.0049150521 0.99977826 -0.020475993 -11.94884 0.544321 0.014502123 0.83875167 132.5201
0.84632797 -0.014949961 -0.5324523 -123.69117 0.0056882493 0.99980272 -0.019030602 -11.981453 0.53263181 0.013077409 0.84624604 133.22474
0.85399087 -0.015143155 -0.52006754 -124.1443 0.0072002649 0.9998246 -0.017289176 -12.011348 0.52023818 0.011020174 0.85395012 133.9544
0.86066217 -0.014995644 -0.50895553 -124.59005 0.0073387922 0.99982773 -0.017048327 -12.043303 0.50912355 0.010937731 0.86062396 134.68399
0.86695389 -0.014066046 -0.49818979 -124.99869 0.0066969213 0.99984018 -0.016575763 -12.069931 0.49834337 0.011034084 0.86690954 135.4104
0.87318462 -0.012390962 -0.48723203 -125.40595 0.0051680917 0.99985597 -0.016165768 -12.100377 0.48736221 0.01159764 0.8731229 136.15191
0.87940591 -0.011452636 -0.47593494 -125.82549 0.0047667549 0.99987231 -0.015252634 -12.121591 0.47604889 0.011144591 0.87934821 136.89205
0.8849746 -0.011767081 -0.46549058 -126.22382 0.0051225115 0.99986618 -0.015536757 -12.150888 0.46561114 0.011365154 0.88491644 137.65619
0.88982892 -0.012839299 -0.45611361 -126.608 0.0061610403 0.99985099 -0.016125619 -12.1819 0.45625272 0.011538908 0.88977543 138.4046
0.8943156 -0.013422452 -0.44723532 -127.00563 0.0064283931 0.99983222 -0.017152465 -12.21359 0.44739055 0.012464712 0.89425183 139.19982
0.89718911 -0.012985897 -0.4414556 -127.38992 0.0064457863 0.99984618 -0.016311516 -12.238 0.44159955 0.011788986 0.89713481 139.95834
0.90049949 -0.011266348 -0.43471109 -127.76975 0.0061407159 0.9998941 -0.01319369 -12.262682 0.43481373 0.0092114737 0.90047331 140.76929
0.90341529 -0.0074343211 -0.42870214 -128.16611 0.0038659765 0.99995026 -0.0091937244 -12.286006 0.4287492 0.0066483986 0.9033991 141.57454
0.90652277 -0.004756661 -0.4221301 -128.54112 0.0022166156 0.99997637 -0.0065077954 -12.299904 0.42215111 0.0049637644 0.90651189 142.38643
0.90988115 -0.0020760705 -0.41486379 -128.92805 0.00033849568 0.99999086 -0.0042617862 -12.319263 0.41486888 0.0037372891 0.90987354 143.22071
0.9129987 -0.00035499227 -0.4079623 -129.31114 -0.0005864035 0.99999745 -0.0021824984 -12.330112 0.40796206 0.0022318484 0.91299616 144.05577
0.91598076 0.0010019572 -0.40122093 -129.70015 -0.00079730966 0.99999945 0.00067702424 -12.346022 0.40122142 -0.00030024418 0.91598106 144.91021
0.91920954 0.0010567781 -0.39376731 -130.07018 3.640305e-06 0.99999638 0.0026922508 -12.362941 0.39376876 -0.0024761764 0.9192062 145.79427
0.92243334 0.00087075877 -0.38615535 -130.4524 0.00062772364 0.99999276 0.00375441 -12.37448 0.38615586 -0.0037055922 0.92242611 146.69099
0.9259624 -3.6164523e-05 -0.3776157 -130.81848 0.0015489407 0.99999195 0.003702432 -12.369199 0.37761256 -0.0040132175 0.925955 147.59726
0.9296966 -0.0024178829 -0.3683183 -131.1891 0.0039354799 0.99998658 0.0033692367 -12.395532 0.36830524 -0.0045818776 0.92969364 148.4961
0.93366089 -0.004128204 -0.35813446 -131.54897 0.0051862895 0.99998456 0.0019939298 -12.395285 0.35812073 -0.0037190436 0.93366789 149.43688
0.93792385 -0.0048356628 -0.34680752 -131.90678 0.0053144492 0.99998579 0.000429501 -12.419089 0.34680054 -0.0022459305 0.93793622 150.37962
0.94279507 -0.0033625081 -0.33335588 -132.24574 0.0032142525 0.99999434 -0.00099625634 -12.426401 0.33335737 -0.00013222469 0.94280054 151.35548
0.94814013 0.00014726658 -0.31785257 -132.5784 -2.8248944e-05 0.99999993 0.00037905167 -12.44119 0.31785263 -0.00035041537 0.94814007 152.32941
0.95450594 0.0040048745 -0.29816501 -132.91247 -0.0031701768 0.99998959 0.0032830154 -12.448002 0.29817508 -0.0021884222 0.95450869 153.3372
0.96027597 0.0069352953 -0.27896586 -133.22232 -0.0058375555 0.99997161 0.0047655808 -12.461706 0.27899101 -0.0029477943 0.96028919 154.34645
0.96627532 0.0086546334 -0.25736568 -133.49736 -0.007441796 0.99995614 0.0056861911 -12.476535 0.25740363 -0.0035791635 0.96629735 155.40131
0.9716469 0.0098725827 -0.23623048 -133.7665 -0.0085025122 0.99994061 0.0068177368 -12.470724 0.23628377 -0.0046158806 0.97167313 156.45704
0.97678244 0.010476139 -0.21397734 -134.01468 -0.0086608918 0.99991813 0.0094191017 -12.490516 0.21405852 -0.0073471789 0.97679321 157.52015
0.98135766 0.012693174 -0.19177073 -134.2222 -0.010388041 0.99986126 0.013020914 -12.486009 0.19190942 -0.010786052 0.98135337 158.6146
0.98546434 0.014376507 -0.16927302 -134.42975 -0.011638754 0.9997851 0.017154778 -12.494344 0.16948329 -0.014935295 0.98541989 159.72229
0.98916487 0.016284336 -0.14590298 -134.61553 -0.013450447 0.99970165 0.020388674 -12.482935 0.14619148 -0.0182053 0.98908878 160.84241
0.99213176 0.017818307 -0.1239237 -134.76653 -0.01538044 0.99966946 0.020601354 -12.477225 0.12424983 -0.018533257 0.99207787 161.94533
0.99452436 0.017646195 -0.10300444 -134.8863 -0.015827057 0.99970448 0.018451516 -12.473969 0.10329961 -0.016720225 0.99450974 163.11251
0.9966109 0.017733471 -0.080325871 -135.0047 -0.016383213 0.99971372 0.017437809 -12.463339 0.080612114 -0.016062715 0.99661611 164.27344
0.99801623 0.016151499 -0.060850166 -135.08884 -0.015019406 0.99970636 0.019016331 -12.462829 0.061139445 -0.018064674 0.99796575 165.45763
0.9990437 0.016609356 -0.040445288 -135.13858 -0.015765312 0.99965308 0.021099117 -12.454977 0.040781703 -0.020441308 0.99895896 166.63762
0.99966204 0.017028367 -0.019642986 -135.18013 -0.016596491 0.99962144 0.021943685 -12.450717 0.020009217 -0.021610265 0.99956622 167.85472
0.99983442 0.018196989 -7.7745954e-06 -135.18741 -0.01819225 0.99958353 0.022401246 -12.438892 0.00041540664 -0.022397396 0.99974906 169.06262
0.9996046 0.018415802 0.021248457 -135.17838 -0.01890062 0.99956032 0.022845946 -12.424211 -0.02081839 -0.023238522 0.99951316 170.31799
0.99892842 0.020714952 0.041387276 -135.14071 -0.021659523 0.99951205 0.022506133 -12.414924 -0.040900871 -0.023378444 0.99888967 171.54676
0.99788536 0.021882679 0.061204188 -135.0603 -0.023222406 0.99950415 0.021264391 -12.404514 -0.060708524 -0.022640733 0.99789873 172.78153
0.99641765 0.022005962 0.081655443 -134.99745 -0.023642285 0.9995375 0.01912677 -12.400212 -0.081196781 -0.020988772 0.99647707 174.06084
0.99471978 0.023967211 0.099790399 -134.86429 -0.025730313 0.99953408 0.016418466 -12.391104 -0.099350408 -0.018899411 0.99487301 175.32522
0.99262795 0.024442903 0.11871095 -134.72854 -0.026362839 0.99954538 0.014629637 -12.38915 -0.1182994 -0.017651344 0.99282107 176.5877
0.99022305 0.024224429 0.13737353 -134.55639 -0.026097636 0.99958915 0.011850923 -12.394771 -0.13703002 -0.015320182 0.99044842 177.89916
0.98734191 0.025593819 0.15652767 -134.36195 -0.026919437 0.99961741 0.0063545307 -12.394737 -0.15630516 -0.010487731 0.98765313 179.17545
0.98411412 0.027155978 0.17544783 -134.14187 -0.027571568 0.99961983 -6.8887628e-05 -12.418675 -0.17538302 -0.0047695786 0.98448873 180.47702
0.98104284 0.030139712 0.19143287 -133.92809 -0.02963534 0.99954566 -0.0054979179 -12.433661 -0.19151162 -0.00027948507 0.98149031 181.79778
0.97745077 0.031649402 0.20877811 -133.65245 -0.030376273 0.99949525 -0.0093023041 -12.457449 -0.20896716 0.0027506435 0.97791879 183.10645
0.97306237 0.034209683 0.22798975 -133.33608 -0.032211105 0.99940314 -0.012482371 -12.491484 -0.22828071 0.0048023236 0.97358351 184.44163
0.96899395 0.033572913 0.24479295 -133.0383 -0.031502935 0.99942714 -0.012367715 -12.525916 -0.24506796 0.0042725446 0.96949649 185.77049
0.96460768 0.032273399 0.26170681 -132.68403 -0.029983548 0.99946921 -0.012739104 -12.554464 -0.26197905 0.004441339 0.96506334 187.07866
0.95990519 0.032120058 0.27847857 -132.30925 -0.028286148 0.99944181 -0.017775551 -12.615934 -0.27889411 0.0091857583 0.96027793 188.44066
0.95501406 0.033645885 0.29464571 -131.91771 -0.028420698 0.99935394 -0.021999246 -12.660791 -0.29519556 0.012635553 0.9553533 189.76663
0.94959362 0.035789246 0.31143389 -131.51178 -0.030280733 0.99928801 -0.022506782 -12.699132 -0.31201768 0.01194185 0.95000124 191.11994
0.94378135 0.037492869 0.32843728 -131.06577 -0.031734527 0.99923448 -0.022877169 -12.75437 -0.32904361 0.011168244 0.94424869 192.45127
0.93734353 0.041645674 0.34590856 -130.58748 -0.034730368 0.99905405 -0.026168752 -12.79855 -0.34667119 0.012515579 0.93790322 193.76784
0.93070996 0.042589222 0.36327004 -130.09222 -0.034133751 0.99897686 -0.029666711 -12.864684 -0.36416188 0.015211334 0.93121144 195.14612
0.92350302 0.043727032 0.38109069 -129.53493 -0.033798995 0.99889326 -0.032709184 -12.931909 -0.38209923 0.017326549 0.92395886 196.47419
0.91668093 0.043535035 0.39724143 -128.99001 -0.031202092 0.99881086 -0.037460604 -12.998216 -0.39839994 0.021944659 0.91694925 197.79522
0.90818389 0.046867249 0.41593926 -128.42346 -0.031908499 0.99857199 -0.042846494 -13.082189 -0.41735342 0.025640499 0.90838246 199.10623
0.89810063 0.050716307 0.43685593 -127.80058 -0.033457313 0.99832888 -0.047117412 -13.173954 -0.43851555 0.027700153 0.89829662 200.40831
0.88605889 0.053412049 0.46048537 -127.14864 -0.034887901 0.9982063 -0.048651949 -13.249904 -0.46225804 0.027043125 0.886333 201.74239
0.87316016 0.057642947 0.48401302 -126.45644 -0.03770041 0.9979948 -0.050843398 -13.342343 -0.48597328 0.026146942 0.87358247 203.0687
0.8586943 0.062176518 0.50870242 -125.74852 -0.040142472 0.9977236 -0.05418663 -13.441567 -0.51091359 0.026109179 0.85923549 204.36675
0.84338765 0.065741552 0.5332685 -124.9766 -0.041520015 0.99749294 -0.057305592 -13.55167 -0.53569897 0.026189513 0.84400281 205.62377
0.82802588 0.067457975 0.55661705 -124.18275 -0.0411154 0.99736863 -0.059710449 -13.658381 -0.55918038 0.026556265 0.8286206 206.88431
0.81223619 0.068408917 0.57930351 -123.33615 -0.039754701 0.99728238 -0.062027591 -13.768799 -0.58197247 0.027351017 0.81274842 208.1117
0.79583569 0.070651493 0.60137666 -122.44538 -0.038103684 0.99704451 -0.066710956 -13.889237 -0.60431258 0.030176294 0.79617569 209.3326
0.77965855 0.073401178 0.62188808 -121.55225 -0.036554705 0.99674773 -0.071817216 -14.020301 -0.62513705 0.033259973 0.77980605 210.52022
0.76300184 0.074894502 0.64204281 -120.59053 -0.034464214 0.99656573 -0.075292543 -14.147262 -0.64547691 0.035320849 0.76296267 211.67947
0.74697983 0.076798766 0.66039612 -119.60453 -0.032877974 0.99635763 -0.078679827 -14.294516 -0.66403328 0.037059758 0.74678404 212.87388
0.73100395 0.077358505 0.67797408 -118.58624 -0.030904917 0.99628696 -0.080356544 -14.432065 -0.68167305 0.03778822 0.73068046 213.98488
0.71516136 0.077831006 0.6946125 -117.56078 -0.029036581 0.9962313 -0.081731677 -14.578222 -0.69835603 0.038282167 0.71472608 215.09048
0.70047319 0.078433196 0.70935569 -116.50963 -0.026212513 0.99609947 -0.084254067 -14.725916 -0.71319721 0.040423721 0.69979691 216.17448
0.6851107 0.079494856 0.72408829 -115.41654 -0.023074919 0.99589698 -0.087502882 -14.874275 -0.72807344 0.043240883 0.68413401 217.24759
0.67005597 0.08206417 0.73776041 -114.30791 -0.020958311 0.99556555 -0.091705949 -15.049148 -0.74201468 0.045985909 0.66880457 218.27697
0.65515924 0.08453019 0.75074694 -113.14981 -0.020136961 0.99532166 -0.094494974 -15.203883 -0.75522243 0.046791495 0.65379636 219.2782
0.63883399 0.084948607 0.76464032 -112.00034 -0.018382727 0.99528704 -0.095214357 -15.3777 -0.769125 0.046769994 0.63738478 220.30296
0.62304509 0.086306752 0.77740974 -110.81113 -0.018992336 0.99527007 -0.095272082 -15.546431 -0.78195534 0.044593977 0.6217373 221.26293
0.60468438 0.08740554 0.79165461 -109.63168 -0.020959943 0.99536221 -0.093886929 -15.717419 -0.79618939 0.040178925 0.60371199 222.22685
0.58629622 0.088196494 0.80528136 -108.43391 -0.022912683 0.99546352 -0.09234384 -15.878819 -0.80977269 0.035689689 0.58565732 223.15665
0.56911462 0.089466423 0.81737644 -107.21557 -0.025102949 0.99549013 -0.091483533 -16.050183 -0.82187496 0.031546058 0.56879386 224.02209
0.55040261 0.092628864 0.82974502 -105.9966 -0.026583128 0.99526684 -0.093473309 -16.226105 -0.8344761 0.029390737 0.55025983 224.86932
0.53252756 0.096447593 0.84089964 -104.76426 -0.029074264 0.99498473 -0.095708252 -16.397313 -0.84591321 0.026518744 0.53266093 225.68154
0.51345932 0.096416499 0.85268009 -103.52362 -0.028911332 0.99504732 -0.095105053 -16.567993 -0.8576268 0.02418046 0.51370384 226.44431
0.49183461 0.095283365 0.86545926 -102.27665 -0.029190009 0.99523971 -0.092983152 -16.738434 -0.87019924 0.02046957 0.49227465 227.19834
0.47064652 0.093380733 0.87736642 -101.02588 -0.028918929 0.99548202 -0.09043912 -16.905185 -0.88184784 0.017192361 0.47122062 227.90298
0.44863557 0.091830416 0.88898438 -99.764531 -0.028883836 0.99567728 -0.088275051 -17.066549 -0.89324796 0.01392605 0.44934866 228.58385
0.4267491 0.090834917 0.89979673 -98.504104 -0.027662799 0.99578864 -0.087405634 -17.223675 -0.90394692 0.012409381 0.42746466 229.22292
