1.000000000000000000e+00 4.398956837314658088e-19 2.733407509747682871e-20 -8.673617379884035472e-19 -5.583667658079949532e-19 1.000000000000000000e+00 -6.100159232558060012e-19 0.000000000000000000e+00 4.145284534913582806e-20 -2.210423569125054137e-19 1.000000000000000222e+00 0.000000000000000000e+00
9.999411435151116523e-01 -1.360035946501767260e-03 1.076382011780335421e-02 5.562238123343503371e-02 1.352661237459657417e-03 9.999988454498069945e-01 6.923900583417371248e-04 -7.706805841985117644e-03 -1.076474955142188439e-02 -6.777894997648868484e-04 9.999418286858057225e-01 2.923214250210476317e-01
9.998565108469879004e-01 -2.808951636385857709e-03 1.670531446451140739e-02 6.905936118784217204e-02 2.798841893523095186e-03 9.999958857052192451e-01 6.285311768170143620e-04 -1.021870334321146878e-02 -1.670701153604606942e-02 -5.816854433446676980e-04 9.998602589307477029e-01 5.771536265329655357e-01
9.998013702873931319e-01 -4.871323099158935722e-03 1.932589486210095978e-02 7.925846268892014490e-02 4.877082258113132895e-03 9.999880754885086542e-01 -2.508797629995941376e-04 -1.450760895845872034e-02 -1.932444262825984763e-02 3.450839342685213139e-04 9.998132059607235389e-01 8.922320665400962358e-01
9.998260603580955141e-01 -6.484785599604666120e-03 1.748704135852281738e-02 6.411898355974507413e-02 6.510669433661628487e-03 9.999777919572802043e-01 -1.423644735469281131e-03 -1.895684611744574699e-02 -1.747742127802502654e-02 1.537249487738225322e-03 9.998460764487603347e-01 1.189685447918112260e+00
9.998954585801674844e-01 -9.686668604429706647e-03 1.073500779530417795e-02 6.717666833335690646e-02 9.725917524719749144e-03 9.999461857626880112e-01 -3.609998658813213298e-03 -2.046926256926084875e-02 -1.069946142602170788e-02 3.714029115708894491e-03 9.999358616927875865e-01 1.523465196207693717e+00
9.999476102278328504e-01 -1.016040464071125450e-02 -1.242172842821994859e-03 4.941671311722500154e-02 1.015482536945572570e-02 9.999386771741916036e-01 -4.418302341226846078e-03 -2.647583686275442605e-02 1.286988428190802020e-03 4.405456865503622199e-03 9.999894677503702312e-01 1.839571708462658384e+00
9.997965813234458432e-01 -9.865301685699927325e-03 -1.759181013902742438e-02 3.082602724442912862e-02 9.781382912202533919e-03 9.999403991550207538e-01 -4.850017467888052825e-03 -3.247178557030172552e-02 1.763860883991875267e-02 4.676958686267778872e-03 9.998334889194582242e-01 2.153788282205900906e+00
9.993060664411962390e-01 -6.278029988895346761e-03 -3.671473613768862221e-02 7.081220233132234920e-03 6.091068739588718223e-03 9.999679189963402992e-01 -5.201908262378000282e-03 -4.470557306861602798e-02 3.674621666047487439e-02 4.974666518293337052e-03 9.993122476623427231e-01 2.511419548214520958e+00
9.984236733157535459e-01 -2.950500208593917744e-03 -5.604875541493639646e-02 -5.096667608322649062e-02 2.615604535373712049e-03 9.999782929573530765e-01 -6.047497262708213459e-03 -5.060098982157404390e-02 5.606538286972904961e-02 5.891363057043623452e-03 9.984097179096889096e-01 2.860290852231574643e+00
9.971019321140905944e-01 -2.317003375676582062e-03 -7.604188495363971290e-02 -1.004810454087954330e-01 1.848850044622815615e-03 9.999789070032206739e-01 -6.226339189370574782e-03 -5.152019345778627302e-02 7.605470876277445336e-02 6.067704780658686285e-03 9.970851841435428575e-01 3.217844953536612707e+00
9.953326829406278220e-01 -2.863919267294038826e-03 -9.646060307636786235e-02 -1.543411565985640110e-01 2.323033390996532416e-03 9.999809471765042090e-01 -5.719160469449344891e-03 -6.155344997844301724e-02 9.647514610901924970e-02 5.468386095860274139e-03 9.953203721570791362e-01 3.602841387465068657e+00
9.931872683217936038e-01 -3.979002275253533220e-03 -1.164612261407068083e-01 -2.109017968095202589e-01 3.426607501850585311e-03 9.999819124085215227e-01 -4.942996193691095129e-03 -7.253423908598005676e-02 1.164787898437310010e-01 4.510253912959860147e-03 9.931829385978320213e-01 3.986507966897247623e+00
9.909877242887341620e-01 -3.395857300177574159e-03 -1.339096634729161628e-01 -2.865724500555009158e-01 2.832140144738821974e-03 9.999863096511258931e-01 -4.399941826675660313e-03 -7.498486530882794709e-02 1.339227740929509192e-01 3.981037320139947308e-03 9.909837750520198441e-01 4.378068475336609922e+00
9.886443725044783415e-01 -2.815280022570847401e-03 -1.502477231745917297e-01 -3.655602871514232466e-01 2.263642632224943576e-03 9.999900558228730363e-01 -3.842417717332171842e-03 -8.474278544637714461e-02 1.502570491651807616e-01 3.458677397414450586e-03 9.886409142478335133e-01 4.796106563057051630e+00
9.866160564128388932e-01 -1.961317474282399560e-03 -1.630487957005700705e-01 -4.505642015112182874e-01 1.339731321086568613e-03 9.999914109305537702e-01 -3.922140145332087685e-03 -8.950736870140355017e-02 1.630550906451874726e-01 3.651204749898192929e-03 9.866102101656403223e-01 5.224251884824804293e+00
9.844756841400222891e-01 -2.820426963696566567e-03 -1.754983525786730780e-01 -5.411729953057503595e-01 2.053119507961117998e-03 9.999875247307046244e-01 -4.553578838013343580e-03 -9.489209566755105185e-02 1.755090092613199315e-01 4.122568429659500752e-03 9.844691934599134608e-01 5.658437425934311982e+00
9.827294216395604520e-01 -5.421772083878864841e-03 -1.849688822293826529e-01 -6.330366152345007213e-01 4.298570890034182461e-03 9.999698117722464197e-01 -6.472852973396578911e-03 -1.125929855791081152e-01 1.849983958787216887e-01 5.565961091799920442e-03 9.827230609101165193e-01 6.093736859574653053e+00
9.810312615575632611e-01 -5.079608814502699875e-03 -1.937830243150802101e-01 -7.313766344435963518e-01 3.579072236062575286e-03 9.999608484403799125e-01 -8.092701827340937834e-03 -1.163988790173098309e-01 1.938165485165606050e-01 7.245629933765942998e-03 9.810110332110530962e-01 6.538870311304125771e+00
9.796055399928640384e-01 -5.267231341973163151e-03 -2.008612489344065444e-01 -8.467000910909130429e-01 3.293531961809588286e-03 9.999429710726351894e-01 -1.015909665195027095e-02 -1.231925131608980345e-01 2.009033078154687235e-01 9.290364323663251322e-03 9.795670222145038686e-01 7.033074275665661901e+00
9.780345018294913650e-01 -5.535281361653507891e-03 -2.083695583883379276e-01 -9.605845634636518415e-01 2.985899242001288992e-03 9.999168193776313274e-01 -1.254745899081211036e-02 -1.341847638427365874e-01 2.084216833929695145e-01 1.164967721728232472e-02 9.779696763934557779e-01 7.501253716493888390e+00
9.762662232591062805e-01 -9.299865421101751600e-03 -2.163741498768697036e-01 -1.073787995895259861e+00 6.331270634229284495e-03 9.998761420001097688e-01 -1.440887437446698900e-02 -1.424203034815672564e-01 2.164813545372205883e-01 1.269697399127244636e-02 9.762041851432520234e-01 7.997183996020869046e+00
9.744464556496414964e-01 -1.476111749076656002e-02 -2.241343644555273407e-01 -1.190825704441410116e+00 1.157077516391278801e-02 9.998122814391184887e-01 -1.554088241024046552e-02 -1.621695270444793724e-01 2.243216949400626270e-01 1.255034936553600482e-02 9.744343318469105286e-01 8.522624223874165850e+00
9.724513331011709338e-01 -1.535264886180071932e-02 -2.325998703637200404e-01 -1.329407419723313444e+00 1.166931879588169706e-02 9.997839132677783791e-01 -1.720330636656841258e-02 -1.871016330057857502e-01 2.328137289591138415e-01 1.401509609782222200e-02 9.724203545477897448e-01 9.048345983360935207e+00
9.702444095015623216e-01 -1.227071094718541928e-02 -2.418164886066059005e-01 -1.470648631386485494e+00 7.195048180145592782e-03 9.997351148670660104e-01 -2.186164153295152082e-02 -1.840273789583375952e-01 2.420206970711475947e-01 1.947125416036016646e-02 9.700756948740184571e-01 9.558655609400060982e+00
9.681781197308926279e-01 -9.242599527177503688e-03 -2.500913861385736237e-01 -1.610997672462696428e+00 3.123933071254641255e-03 9.996862697854077551e-01 -2.485162043904248080e-02 -1.975779632550285214e-01 2.502426228011779274e-01 2.327952638919954242e-02 9.679032466101968879e-01 1.010418629021429027e+01
9.658413457454932960e-01 -1.169538055734661852e-02 -2.588700666934274364e-01 -1.782202801064173281e+00 4.890560369023634960e-03 9.996257614777146472e-01 -2.691504039273539400e-02 -2.237674958935799152e-01 2.590879736458191474e-01 2.472963914418059919e-02 9.655370880304026127e-01 1.067674632878502194e+01
9.635434059056477984e-01 -1.364126526489771972e-02 -2.672040778917061932e-01 -1.946208356068430234e+00 6.237745772101562641e-03 9.995732844139684214e-01 -2.853663611220979765e-02 -2.532022671870297059e-01 2.674793381779032031e-01 2.582953644880526742e-02 9.632173380309680955e-01 1.122517430168383790e+01
9.613198707914578645e-01 -1.344499059104072025e-02 -2.751060460792084661e-01 -2.120698645637999036e+00 5.054659304812735357e-03 9.995008538339450466e-01 -3.118482952952084108e-02 -2.772013946490681224e-01 2.753880124327682255e-01 2.858802897979462188e-02 9.609079918906324735e-01 1.180226175840942027e+01
9.589765444566966668e-01 -1.273952825360438398e-02 -2.831990286922495548e-01 -2.314402521503811094e+00 3.101660578997759900e-03 9.994014541449690592e-01 -3.445450834217986952e-02 -2.889754550512739772e-01 2.834684601483906108e-01 3.216267813421034433e-02 9.584420671043939466e-01 1.238409208990533195e+01
9.567812650251514839e-01 -1.428418158933080634e-02 -2.904575205170488172e-01 -2.487766972256837406e+00 2.812970618305910518e-03 9.992008022972452830e-01 -3.987284631574667532e-02 -3.310371512617646395e-01 2.907949435114960401e-01 3.733254395568111339e-02 9.560567890192233076e-01 1.297410805159975489e+01
9.548891423507418486e-01 -1.514282349516042452e-02 -2.965761602363579108e-01 -2.703351799514725151e+00 1.342547950818050520e-03 9.989089699699422731e-01 -4.668048056541997115e-02 -3.598867473289017460e-01 2.969594661175896655e-01 4.417651648207548271e-02 9.538676599949036383e-01 1.358700661141694432e+01
9.535272871015949558e-01 -1.549920344349443348e-02 -3.009077690904519153e-01 -2.913441932571812387e+00 -1.116686447415634904e-03 9.984874459172325967e-01 -5.496883974578676418e-02 -3.979253215240269870e-01 3.013046082131645154e-01 5.275030848739009626e-02 9.520677181715361259e-01 1.420440215864210565e+01
9.521719237760981613e-01 -1.614337867453185041e-02 -3.051360629336072883e-01 -3.112693266816614734e+00 -3.398387359420478298e-03 9.979821963202344381e-01 -6.340336563808617043e-02 -4.430605944671992535e-01 3.055439080356300852e-01 6.140787547071819424e-02 9.501957667261624607e-01 1.482083606943521481e+01
9.508507908834519240e-01 -1.449231387014920762e-02 -3.093101101940815556e-01 -3.323223139836183559e+00 -8.229557379886202548e-03 9.973685955354982813e-01 -7.202887621561004927e-02 -4.843328194699012545e-01 3.095400605622611323e-01 7.103419959788420668e-02 9.482294529581557496e-01 1.545318020270407722e+01
9.496361001797405388e-01 -1.342121494297691432e-02 -3.130673188494046411e-01 -3.574426697694927491e+00 -1.200884293915967932e-02 9.967896511592176934e-01 -7.915920045590217613e-02 -5.414249583143928568e-01 3.131246815344606582e-01 7.893201112618637716e-02 9.464262641871058479e-01 1.613282022752308720e+01
9.480493806430493331e-01 -1.238223895164929783e-02 -3.178821320358529712e-01 -3.812910065717680208e+00 -1.579371184469033698e-02 9.961780145374067308e-01 -8.590647240868472256e-02 -6.074493439163667352e-01 3.177309110343912169e-01 8.646411726908447004e-02 9.442303886065742669e-01 1.679267228288834701e+01
9.461029630815811498e-01 -1.144985961428251348e-02 -3.236635316765980042e-01 -4.046177537369361588e+00 -1.926874567127524057e-02 9.956144737567779179e-01 -9.154526240838099793e-02 -6.754526089575287884e-01 3.232922826741606026e-01 9.284783486351912141e-02 9.417331797101744506e-01 1.743541925210908161e+01
9.446378302583599007e-01 -9.566304877650663382e-03 -3.279753850115608715e-01 -4.299372748605855499e+00 -2.350006239486820622e-02 9.950353263988175323e-01 -9.670804656840724378e-02 -7.477474543912273619e-01 3.272722385024631753e-01 9.906152191083701652e-02 9.397232034377670518e-01 1.811123923835514660e+01
9.424858366769255369e-01 -7.287410097702898965e-03 -3.341666335130435983e-01 -4.540883039983375724e+00 -2.774180600669503421e-02 9.946073246579192340e-01 -9.993328738032200564e-02 -8.270779945190117610e-01 3.330928418610261676e-01 1.034560945431515222e-01 9.372011510751104835e-01 1.880858558583961582e+01
9.409595002195327851e-01 -5.973079411234889953e-03 -3.384664515839161392e-01 -4.815150850054061848e+00 -3.017507033219820473e-02 9.943842216868001849e-01 -1.014370976746720998e-01 -9.012714328149107335e-01 3.371715965983446139e-01 1.056614503828456619e-01 9.354950426258741292e-01 1.950156875829699388e+01
9.387328553623293104e-01 -5.786760273198624481e-03 -3.445970649437193334e-01 -5.093480146138404940e+00 -3.082370701364627388e-02 9.944425042837051754e-01 -1.006677940386801612e-01 -9.931702236205078860e-01 3.432645144620812272e-01 1.051219253675830939e-01 9.333374825980164102e-01 2.021366186738654847e+01
9.364964019759666192e-01 -5.294408782233249108e-03 -3.506372138554843532e-01 -5.375665970026886065e+00 -3.154095840309632109e-02 9.945617038361467266e-01 -9.925817450621331195e-02 -1.079356705680592388e+00 3.492558641353689097e-01 1.040143577117682572e-01 9.312364669285094765e-01 2.094079765679417449e+01
9.340324707738327792e-01 -4.785046060527378513e-03 -3.571560502145938454e-01 -5.660203133265540032e+00 -3.216582032523131879e-02 9.947208081640730448e-01 -9.744677425834261109e-02 -1.156637625948998327e+00 3.557368482711798507e-01 1.025066692919817668e-01 9.289476197273194291e-01 2.166821925936703863e+01
9.313171100993676843e-01 -5.665641578310136664e-03 -3.641652621794489453e-01 -5.958024211721124175e+00 -3.081427068567225980e-02 9.950681875265063869e-01 -9.428564525629676285e-02 -1.250004626955490528e+00 3.629034622544455857e-01 9.903132221265038837e-02 9.265494466359686099e-01 2.237687838144909591e+01
9.274686001108768396e-01 -1.733269136324424795e-03 -3.738970295170860325e-01 -6.283485050469642452e+00 -3.388564726197992177e-02 9.954845339963180884e-01 -8.866964252805439872e-02 -1.323536050802064601e+00 3.723624048992096314e-01 9.490805261891531452e-02 9.232219147356990341e-01 2.317207860132077002e+01
9.239546837497620846e-01 6.880221284878641676e-04 -3.825013280652879710e-01 -6.607837924705576071e+00 -3.520949265755168173e-02 9.959057136901049434e-01 -8.325924032209953973e-02 -1.400545302690273219e+00 3.808779804194188379e-01 9.039544324894967231e-02 9.201959741649365920e-01 2.391285340614178878e+01
9.205364932508494080e-01 4.368463408939361921e-03 -3.906321517316803105e-01 -6.933592567291565700e+00 -3.847546950298998125e-02 9.960897212235898524e-01 -7.952927489307209941e-02 -1.476065519133970216e+00 3.887572570352685331e-01 8.823935571822542900e-02 9.171050181486390951e-01 2.463690493294400241e+01
9.167306009122057064e-01 4.805499112680276970e-03 -3.994770447022855109e-01 -7.278348858267905008e+00 -3.912314185352623597e-02 9.962012841315066591e-01 -7.779705210198559207e-02 -1.551253004405612979e+00 3.975856980459157031e-01 8.694773584635234753e-02 9.134362085971708956e-01 2.538106138353013108e+01
9.125216895378259752e-01 5.833536979779084530e-03 -4.089867143800022253e-01 -7.617607354184851687e+00 -4.071857328442690660e-02 9.962269777924134262e-01 -7.664076306557285334e-02 -1.626892485208564221e+00 4.069965186589952211e-01 8.658971452620639608e-02 9.093162587970795574e-01 2.612644656960876333e+01
9.087724201857364514e-01 5.445313939553922747e-03 -4.172565557422252547e-01 -7.983438561831381008e+00 -4.063486547365958296e-02 9.963175506429140516e-01 -7.549931155263338300e-02 -1.691684096235861468e+00 4.153089192585662226e-01 8.556685650051040759e-02 9.056471819383181687e-01 2.689348135621667879e+01
9.047746847647613055e-01 5.443466312601469119e-03 -4.258557675942304943e-01 -8.368608179651687351e+00 -4.086551961251524284e-02 9.964141749040010820e-01 -7.408644555810309229e-02 -1.765166111068105614e+00 4.239254434805879157e-01 8.443435803781849935e-02 9.017527716532571791e-01 2.770003568909547553e+01
9.010584975764156512e-01 6.591547958860838503e-03 -4.336474739062932127e-01 -8.767413135232947852e+00 -4.172921233270584368e-02 9.965630538648799774e-01 -7.155943384930217588e-02 -1.837695066720046899e+00 4.316853708485407504e-01 8.257500383307858627e-02 8.982366687514032888e-01 2.848604660611061590e+01
8.973299862426190598e-01 6.575668755334402454e-03 -4.413112874505954464e-01 -9.156808401643679929e+00 -4.041601254545405114e-02 9.969122004040685825e-01 -6.732466620458234241e-02 -1.910710634351650894e+00 4.395059094630973107e-01 7.824848464783791535e-02 8.948249739877387476e-01 2.925097477107732047e+01
8.932730278276929115e-01 8.004050421739612384e-03 -4.494432431998617861e-01 -9.558083114922647283e+00 -4.019114135381808561e-02 9.972591139417390504e-01 -6.212030171516014915e-02 -1.968017672730666190e+00 4.477141641318085341e-01 7.355402718795291117e-02 8.911463607770636619e-01 3.005487380461323710e+01
8.896066067063178595e-01 8.295491374876961393e-03 -4.566522374112721439e-01 -9.978601805855063844e+00 -3.891840292449919025e-02 9.975753654537771187e-01 -5.769530502899015978e-02 -2.037776824294643241e+00 4.550664195257159705e-01 6.909830052141939516e-02 8.877724836977533007e-01 3.086157201333712052e+01
8.861347358511419969e-01 7.312367755612791259e-03 -4.633699978308826184e-01 -1.043131071497504792e+01 -3.733075896902377649e-02 9.977525076250247649e-01 -5.564483829754351962e-02 -2.107433374939670756e+00 4.619216897040042125e-01 6.660677798034297936e-02 8.844161316641213633e-01 3.167277776835706860e+01
8.828530283099425002e-01 6.803058715511937742e-03 -4.696000898474134710e-01 -1.087409369181517427e+01 -3.659959957749128051e-02 9.978508640399761376e-01 -5.435183999608132754e-02 -2.166170395164727758e+00 4.682211046906021301e-01 6.517186195798456427e-02 8.812046469901879675e-01 3.249446647937879362e+01
8.796205399885920206e-01 7.218614062002766570e-03 -4.756212702616854915e-01 -1.131833146109764066e+01 -3.652285001403095949e-02 9.979580959137188678e-01 -5.239962112321736726e-02 -2.219353231992088560e+00 4.742718527528708150e-01 6.346282749685169811e-02 8.780880842270820663e-01 3.330787041959128914e+01
8.767672048483732272e-01 6.167048342488725375e-03 -4.808754843110927824e-01 -1.179897025332684990e+01 -3.513074247134406747e-02 9.980676091468114741e-01 -5.125308351152096237e-02 -2.281359999696916496e+00 4.796301729227828714e-01 6.183053570345616035e-02 8.752896015709944466e-01 3.414226829015478160e+01
8.739595369237752598e-01 5.261296213526799048e-03 -4.859702067908053813e-01 -1.227909994888666212e+01 -3.422601142769507443e-02 9.981249881085815234e-01 -5.074532803281357751e-02 -2.344304170097470941e+00 4.847920290050474201e-01 6.098218536119062033e-02 8.725009262536151944e-01 3.498483352169125027e+01
8.719010084678879835e-01 4.823778271664701071e-03 -4.896584093399551363e-01 -1.275243972260509828e+01 -3.428031642012818736e-02 9.980994940079445099e-01 -5.120800747150833221e-02 -2.398359769035129929e+00 4.884808029216749503e-01 6.143395868869964277e-02 8.704093166972542983e-01 3.581883907196873906e+01
8.704636436558884638e-01 4.344261670739358455e-03 -4.922135386806411050e-01 -1.324504354255497596e+01 -3.414425087021770444e-02 9.980853171394282741e-01 -5.157392659659073425e-02 -2.454601327790831178e+00 4.910470636625563490e-01 6.169949073260447281e-02 8.689453140754361815e-01 3.667329827874489467e+01
8.702206985542496609e-01 4.912573574833097728e-03 -4.926375925737049855e-01 -1.376122940092856872e+01 -3.450061865667545385e-02 9.981030326480625492e-01 -5.099062260575278754e-02 -2.516125650978247918e+00 4.914525884070853889e-01 6.136939706050317106e-02 8.687394058067938740e-01 3.756133273787077087e+01
8.697379135581040366e-01 4.147860758993121566e-03 -4.934964560609761408e-01 -1.427352205714770683e+01 -3.280747167711350887e-02 9.982386396193749789e-01 -4.942962909598067056e-02 -2.572076675760821995e+00 4.924222122034915272e-01 5.918119358193105195e-02 8.683420731608387788e-01 3.843983563977648998e+01
8.695045524312032814e-01 3.331092856780783380e-03 -4.939136891093580672e-01 -1.478115513335933784e+01 -3.159305076521521510e-02 9.983046422487011906e-01 -4.888476720805610271e-02 -2.630443089882473107e+00 4.929134974859051832e-01 5.810976797497698770e-02 8.681356712158171396e-01 3.933529227894785407e+01
8.687046325057351526e-01 2.103521065887329570e-03 -4.953259853940340518e-01 -1.529499939234426265e+01 -3.045805449679633500e-02 9.983255223751018592e-01 -4.917782370907904793e-02 -2.698519557541373182e+00 4.943931350290215465e-01 5.780766921560917537e-02 8.673140758788903115e-01 4.022802130641996143e+01
8.679336571642735088e-01 5.174770582436498314e-04 -4.966798708437493715e-01 -1.583050901081502104e+01 -2.906394001590722684e-02 9.983388198064478969e-01 -4.974824930096691245e-02 -2.758028936749823412e+00 4.958290610299371792e-01 5.761365401087874261e-02 8.665069035714458856e-01 4.115906966227276342e+01
8.663438811631595238e-01 -6.993614896941410461e-04 -4.994474802608476205e-01 -1.635865923242608488e+01 -2.689917180741962718e-02 9.984823005323317791e-01 -4.805757095403942469e-02 -2.818551200946514790e+00 4.987230872809688131e-01 5.506910617913807204e-02 8.650102199610452125e-01 4.204835329252828302e+01
8.641832542589507060e-01 6.875051383887497715e-05 -5.031771987452524630e-01 -1.691357539710896773e+01 -2.584139375815390494e-02 9.986864416281833190e-01 -4.424492878021309833e-02 -2.886912792996657817e+00 5.025132129117946267e-01 5.123852668083910683e-02 8.630498764157300551e-01 4.300574319414995728e+01
8.615950567980402708e-01 -8.061194869563903563e-04 -5.075956099084666384e-01 -1.747781930979041221e+01 -2.291797512997431271e-02 9.989171794865573384e-01 -4.048746699833110502e-02 -2.943303407841529662e+00 5.070786214395525127e-01 4.651686496547248473e-02 8.606436300732004385e-01 4.390404641387406315e+01
8.575526989534263400e-01 -2.125049079492402192e-03 -5.143917257171277679e-01 -1.800582568529260286e+01 -2.069536181510176973e-02 9.990392947681083768e-01 -3.862886933176874760e-02 -2.999003124027399547e+00 5.139796439944313011e-01 4.377181397459965762e-02 8.566848656427414888e-01 4.477785018724075172e+01
8.521669285135682337e-01 -4.295043324283378053e-03 -5.232523991248095863e-01 -1.856171321542571206e+01 -1.958586320381622628e-02 9.990037901871998693e-01 -4.009764566965470095e-02 -3.060280130540650845e+00 5.229033600857956321e-01 4.441823740425174943e-02 8.512338700518974344e-01 4.570089055250238630e+01
8.461845226663556874e-01 -7.297283728306962376e-03 -5.328400301320119770e-01 -1.913867080311104729e+01 -1.844348156940203709e-02 9.989061301337442966e-01 -4.296953803401916405e-02 -3.125487910531100422e+00 5.325707425662206118e-01 4.618758325873677240e-02 8.451243203364631196e-01 4.657769827277919461e+01
8.402213908717962587e-01 -7.555865356818970355e-03 -5.421908497021832307e-01 -1.971179428849120896e+01 -1.841228788371884403e-02 9.989287490907652334e-01 -4.245399775158864575e-02 -3.189230451827247848e+00 5.419308132909076425e-01 4.565373099183205746e-02 8.391821829266478128e-01 4.748356897957672373e+01
8.343969299021285480e-01 -4.607728288456254713e-03 -5.511447417067006915e-01 -2.032112464296190169e+01 -1.967596258824622774e-02 9.990786473676224189e-01 -3.814069880759658054e-02 -3.235363405433739903e+00 5.508126945200665370e-01 4.266878521108742606e-02 8.335374953701281120e-01 4.836985307436575710e+01
8.294526819644210125e-01 -5.933999613482190059e-06 -5.585769797385161661e-01 -2.091543921373500226e+01 -2.265039747771876305e-02 9.991771458357442404e-01 -3.364507062594888909e-02 -3.287529133941105020e+00 5.581175616178845056e-01 4.055898455286557902e-02 8.287700297398392646e-01 4.922687629698582157e+01
8.251964723046215644e-01 -1.830477558321829312e-04 -5.648457686934513777e-01 -2.154398453070536945e+01 -2.348160464389120045e-02 9.991243533999030202e-01 -3.462861146318798461e-02 -3.348523791714538067e+00 5.643575118362406107e-01 4.183889292633454632e-02 8.244695943490231160e-01 5.014146212732694607e+01
8.220905172768825375e-01 -1.967397796106258676e-03 -5.693534091246954532e-01 -2.216729244100140406e+01 -2.446100531550729831e-02 9.989486757264175454e-01 -3.877115589114570049e-02 -3.397715223503751769e+00 5.688311221557589281e-01 4.580035628369628214e-02 8.211781098233130738e-01 5.098673818702771854e+01
8.188776749410592304e-01 -4.206129167388960623e-03 -5.739526597223448823e-01 -2.276571445142555561e+01 -2.646692029286135117e-02 9.986327318461510893e-01 -4.507958587627092228e-02 -3.474628113361718729e+00 5.733575329656741548e-01 5.210542573680429501e-02 8.176467270841540902e-01 5.186252127888088381e+01
8.153812171154817268e-01 -5.313605140156381183e-03 -5.789000172027177760e-01 -2.340241854339466343e+01 -2.660755341243334696e-02 9.985572254256463998e-01 -4.664231660311603939e-02 -3.535017480036040993e+00 5.783126437903243211e-01 5.343438198828108499e-02 8.140634245964459836e-01 5.272753957565876703e+01
8.124425610280275878e-01 -3.857382396765016153e-03 -5.830284719338891808e-01 -2.400975053469938203e+01 -2.612052874774058522e-02 9.987332837494039550e-01 -4.300634786290195855e-02 -3.593613657869379363e+00 5.824558422583375750e-01 5.016919930470811056e-02 8.113126707740490051e-01 5.356254098223577387e+01
8.090304554406818616e-01 -1.634870673316101732e-03 -5.877644449267483973e-01 -2.466318475128704790e+01 -2.554925742974635886e-02 9.989531218117562172e-01 -3.794596046974104547e-02 -3.644745055067494910e+00 5.872111740093715060e-01 4.571638269053535097e-02 8.081417301877613646e-01 5.442916076904376865e+01
8.061865730619852677e-01 -7.128011050422225275e-04 -5.916609625444205767e-01 -2.533223592196604201e+01 -2.502602267608434669e-02 9.990632373896454199e-01 -3.530362494276777230e-02 -3.699844980972235131e+00 5.911318913317611390e-01 4.326822894607060266e-02 8.054135298689794054e-01 5.530088768964974832e+01
8.031908701870069667e-01 -9.003931961722973297e-05 -5.957217564640107099e-01 -2.594715551323129077e+01 -2.612748886688635863e-02 9.990324154581936567e-01 -3.537777890650443263e-02 -3.756751824122807726e+00 5.951485409533372462e-01 4.397982245927780504e-02 8.024113634433887032e-01 5.613760105653774701e+01
7.993361042056771337e-01 -4.533917645800841778e-04 -6.008839988080620920e-01 -2.661713684229624732e+01 -2.722570882836935005e-02 9.989453893144525365e-01 -3.697120500012528871e-02 -3.802326456497540530e+00 6.002670729096454272e-01 4.591191165174864780e-02 7.984807727313341097e-01 5.699825852854807096e+01
7.955062838348117005e-01 -3.105865344248921658e-03 -6.059373721348084718e-01 -2.726964557256515320e+01 -2.599600202208692673e-02 9.988912493324173525e-01 -3.924894820318713951e-02 -3.872731477167313585e+00 6.053874510523200581e-01 4.697473397610296003e-02 7.945435264712294998e-01 5.786145201048525166e+01
7.915391802616734696e-01 -4.007454892607747836e-03 -6.111052767532466623e-01 -2.792753030580159646e+01 -2.539139821269598835e-02 9.988993186313511741e-01 -3.943891710226471448e-02 -3.923641487438573883e+00 6.105907047678715838e-01 4.673426543477024464e-02 7.905661937991488308e-01 5.869921628096008703e+01
7.867453249222351452e-01 -4.737515249171213479e-03 -6.172595421613712441e-01 -2.860759439132872117e+01 -2.463947379237949389e-02 9.989325752310938000e-01 -3.907181233859383790e-02 -3.979876567523573438e+00 6.167857779778055383e-01 4.594851588318817764e-02 7.857888044503040792e-01 5.955595723966652599e+01
7.822864353960706785e-01 -4.510599297072291798e-03 -6.229025446186997605e-01 -2.929139179842580987e+01 -2.469659969752578677e-02 9.989629876046984824e-01 -3.824954124958668961e-02 -4.039194212577306153e+00 6.224291260448800989e-01 4.530567194125146441e-02 7.813637990662669619e-01 6.037455640415036839e+01
7.763227391451185122e-01 -5.333088774809089869e-03 -6.303130613360202750e-01 -2.998569940193143779e+01 -2.472879789577066972e-02 9.989367169924174839e-01 -3.890915117727952038e-02 -4.097729500014662740e+00 6.298503769859856716e-01 4.579294298997699242e-02 7.753654083696203125e-01 6.122179679891740278e+01
7.712029546198098107e-01 -6.542680570174970976e-03 -6.365557229491392022e-01 -3.068948943680941710e+01 -2.433550467739971010e-02 9.989132640480099523e-01 -3.975014674228707912e-02 -4.149384859433529193e+00 6.361240384407925719e-01 4.614633525168705674e-02 7.702056420936952419e-01 6.205851456175468428e+01
7.663197865833401012e-01 -7.972855021953264773e-03 -6.424098461623665157e-01 -3.138340924179539115e+01 -2.388192238531235481e-02 9.988783951251684057e-01 -4.088527337230753872e-02 -4.214707175412761408e+00 6.420152995744061730e-01 4.667317591579930869e-02 7.652698723628467148e-01 6.286422153273677793e+01
7.599257815148744433e-01 -9.580073745286261239e-03 -6.499392439141428168e-01 -3.209756672386830445e+01 -2.307022442597463432e-02 9.988638958645852384e-01 -4.169750980886009761e-02 -4.274217098086011468e+00 6.496003216717197715e-01 4.668125680905035879e-02 7.588414131437341004e-01 6.370548344517792572e+01
7.544552221404214887e-01 -1.134935971692660646e-02 -6.562533822236824577e-01 -3.282421300233955463e+01 -2.224595022194173974e-02 9.988338672679075714e-01 -4.284884287780806045e-02 -4.331152386669081977e+00 6.559744219169851842e-01 4.692651320392256936e-02 7.533229508316020562e-01 6.451238372772701268e+01
7.480328186031134363e-01 -1.212098485403463773e-02 -6.635510347455987334e-01 -3.357521583024128375e+01 -2.171599129566204392e-02 9.988507631519801810e-01 -4.272667445786810375e-02 -4.399767353189244723e+00 6.633063582590086327e-01 4.637062306650211602e-02 7.469099334451352323e-01 6.534499283715609863e+01
7.417144322863374883e-01 -1.245592553042911867e-02 -6.706001359874105283e-01 -3.431954375527033108e+01 -2.062164569860337748e-02 9.989313568780541219e-01 -4.136293038691612328e-02 -4.459693395483408374e+00 6.703987289089392565e-01 4.450836066410386593e-02 7.406649435092325096e-01 6.616430908020531376e+01
7.358309152589350699e-01 -1.290730206701908890e-02 -6.770422860356738459e-01 -3.506907845823397452e+01 -2.022612072840640138e-02 9.989533100361197571e-01 -4.102667965107311548e-02 -4.519757866714993355e+00 6.768631880931936795e-01 4.388263806718784715e-02 7.347996647166412654e-01 6.696798097168641561e+01
7.289452227552880581e-01 -1.427630329407733947e-02 -6.844231444001008802e-01 -3.584259313910552436e+01 -1.925350618940241398e-02 9.989594824379484095e-01 -4.134313702929091200e-02 -4.581859147497815421e+00 6.843012290676250275e-01 4.331442728158862998e-02 7.279118745075409125e-01 6.779159590005177449e+01
7.224046530174746961e-01 -1.622945109006278600e-02 -6.912800541442568614e-01 -3.663346277342397173e+01 -1.819184145659530696e-02 9.989323949274717673e-01 -4.246324644488046196e-02 -4.651658897758911948e+00 6.912312071591443230e-01 4.325130375966863838e-02 7.213381675060439591e-01 6.858513026069313412e+01
7.165189220045975471e-01 -1.519312490463937959e-02 -6.974021754037359466e-01 -3.739197599609752132e+01 -2.039074019506177671e-02 9.988793842262730927e-01 -4.271057850862861743e-02 -4.703353573511458663e+00 6.972695747081404383e-01 4.482348404863756991e-02 7.154061815057976004e-01 6.937086943171200915e+01
7.113267543299431894e-01 -1.487335309374748782e-02 -7.027040790445414631e-01 -3.820891495250697290e+01 -2.041867032589502612e-02 9.989168231572538303e-01 -4.181217945279257220e-02 -4.765268505879189043e+00 7.025648256885892451e-01 4.409040462428676088e-02 7.102525685462315330e-01 7.017800491121442974e+01
7.065031032175170811e-01 -1.479391474031502458e-02 -7.075552952777619531e-01 -3.904031031763815207e+01 -2.098412033796158427e-02 9.989040030435887285e-01 -4.183849224626030178e-02 -4.826799599016220910e+00 7.073987841192912462e-01 4.440644986267755501e-02 7.054183416639457915e-01 7.097216959546121018e+01
7.012632197859683947e-01 -1.525682378483802885e-02 -7.127391643660522247e-01 -3.985371250306528879e+01 -2.129463073377966392e-02 9.988765708611377914e-01 -4.233361457924420673e-02 -4.894284666964684227e+00 7.125843412120088649e-01 4.486452397486746096e-02 7.001505128137913703e-01 7.177182216716030894e+01
6.962466158903500846e-01 -1.704600577729207395e-02 -7.176002187481312911e-01 -4.068284296433284197e+01 -2.171931874961039594e-02 9.987599478753439453e-01 -4.479774268201158066e-02 -4.961878717407731898e+00 7.174739920293550233e-01 4.677606443765764538e-02 6.950130071601431370e-01 7.256776629013940294e+01
6.913318708394203815e-01 -1.973183378807677815e-02 -7.222678792402587034e-01 -4.151177157704821497e+01 -2.073975322519266626e-02 9.986732225126065954e-01 -4.713445984760226970e-02 -5.027081971310801478e+00 7.222396522640124328e-01 4.756521170062128628e-02 6.900053949177197277e-01 7.334047322453045581e+01
6.863397804987899642e-01 -2.001453082203800277e-02 -7.270055807403905668e-01 -4.237054969510062108e+01 -2.162255276821632363e-02 9.986178274423741508e-01 -4.790511413453317491e-02 -5.096287599769859789e+00 7.269595444998592226e-01 4.859890187331547540e-02 6.849583762508896223e-01 7.413233324982778072e+01
6.813129569586119372e-01 -1.979960952102365404e-02 -7.317244154673321344e-01 -4.322556094485959477e+01 -2.142507668357604075e-02 9.986664204810755674e-01 -4.697176521004548660e-02 -5.166504588391698682e+00 7.316786380046861327e-01 4.767972377012164031e-02 6.799801648185055392e-01 7.492157172298942669e+01
6.768144017452947248e-01 -1.965295663297851603e-02 -7.358913077541416881e-01 -4.407880456306422445e+01 -2.111210708186547769e-02 9.987142042085426219e-01 -4.608923172313434541e-02 -5.234892953401448779e+00 7.358509041747969270e-01 4.673007168196235961e-02 6.755292423346346276e-01 7.568891626848126464e+01
6.707529845897303167e-01 -2.052968629962114572e-02 -7.413966249231559447e-01 -4.495386204614879944e+01 -2.034541581958948173e-02 9.987313623073146296e-01 -4.606224084174997263e-02 -5.307232991824790247e+00 7.414017173660187865e-01 4.598040792847368080e-02 6.694843580980442965e-01 7.645838394556541573e+01
6.664281487058524300e-01 -2.164861710653030388e-02 -7.452548890783070590e-01 -4.583754755108815004e+01 -1.935301324918303062e-02 9.987392571210529368e-01 -4.631800075078605639e-02 -5.372998688588885408e+00 7.453180478075864812e-01 4.529054701140726447e-02 6.651689892263142889e-01 7.722682560541173302e+01
6.622031379726661671e-01 -2.236153136013584175e-02 -7.489906244968973503e-01 -4.674163743329355469e+01 -1.861686092664213699e-02 9.987551016976382590e-01 -4.627806554571808201e-02 -5.441804280355770906e+00 7.490930686803585203e-01 4.458933428325792536e-02 6.609624619332603590e-01 7.803446378624678914e+01
6.578282856780481858e-01 -2.282941732667516377e-02 -7.528218605871070945e-01 -4.763078541534117250e+01 -1.801837420069877724e-02 9.987774121420504025e-01 -4.603280583774618795e-02 -5.511630775242641889e+00 7.529523848503286709e-01 4.384630749806970457e-02 6.566126848670037486e-01 7.877989442289707256e+01
6.544340688281284901e-01 -2.605251043929507349e-02 -7.556701037468860349e-01 -4.853361267678744184e+01 -1.439657587077116524e-02 9.987957263424583898e-01 -4.690240571780866091e-02 -5.581097111508848130e+00 7.559820086107085224e-01 4.157359393087425165e-02 6.532708852273695355e-01 7.955351692770499028e+01
6.497049202500612131e-01 -2.994392321050748720e-02 -7.595965161887198169e-01 -4.945294215830357132e+01 -1.178542196525129981e-02 9.987070513918667736e-01 -4.945027139368417257e-02 -5.665054679790485714e+00 7.600951451806161607e-01 4.108024983095573401e-02 6.485119844649165355e-01 8.034856477930989627e+01
6.447543653601012226e-01 -3.346971807635976126e-02 -7.636567131620320970e-01 -5.034398287251753601e+01 -8.602563797023312503e-03 9.986599356313540232e-01 -5.103262549390916863e-02 -5.736190900912712110e+00 7.643414247950928164e-01 3.947291337343182549e-02 6.436024286868886612e-01 8.111244361110911427e+01
6.385150844880130849e-01 -3.785699442971177803e-02 -7.686776463257878333e-01 -5.126465197615337388e+01 -2.894193866332446085e-03 9.986642674682808529e-01 -5.158783302207975430e-02 -5.809027871369129237e+00 7.696038721866504950e-01 3.516431136552418402e-02 6.375526347075638478e-01 8.187353563658534483e+01
6.301118524047294445e-01 -4.115983780104380541e-02 -7.754127353492483721e-01 -5.221325488359531874e+01 1.416443823403388310e-03 9.986534279117218471e-01 -5.185869831126828366e-02 -5.886111904416067908e+00 7.765030952294560418e-01 3.157845151617581780e-02 6.293216630507068032e-01 8.262893085995456488e+01
6.217608763197500776e-01 -4.262316218081686758e-02 -7.820464612019526474e-01 -5.313735014790901090e+01 5.017300934834682466e-03 9.987143366714595905e-01 -5.044304110586064066e-02 -5.975359471629697161e+00 7.831910682031318904e-01 2.743974659854399659e-02 6.211753554842313063e-01 8.337563902150779427e+01
6.123085696993852967e-01 -4.216653616094896001e-02 -7.894936271154856522e-01 -5.409156133372131592e+01 6.548903920127371880e-03 9.988129969987996626e-01 -4.826705771283545943e-02 -6.034156220736627496e+00 7.905917641119400985e-01 2.438401472515367915e-02 6.118579032852612398e-01 8.410231844587595162e+01
6.038868493842335372e-01 -4.142699127127782988e-02 -7.959927549384927525e-01 -5.508225372900859185e+01 5.226286874007693602e-03 9.988327631694730036e-01 -4.801871639117739898e-02 -6.121460663776799649e+00 7.970529276010186459e-01 2.483778442751000820e-02 6.033984808637575803e-01 8.483650375408852540e+01
5.944156736928130069e-01 -4.214250006591622327e-02 -8.030529277355885620e-01 -5.607827129406013000e+01 3.773603221935900153e-03 9.987610580027520557e-01 -4.961964244757326170e-02 -6.195497435343336079e+00 8.041491014217981848e-01 2.646428964977363268e-02 5.938382573453675484e-01 8.556610415904012257e+01
5.837729770360483572e-01 -4.464110382930509824e-02 -8.106887634052625247e-01 -5.706383495596417532e+01 4.836053601804596487e-03 9.986607958816053898e-01 -5.150948778644004467e-02 -6.274880178756661486e+00 8.119025401009809517e-01 2.614931228066822225e-02 5.832070737630824508e-01 8.628260305937406827e+01
5.739793079309154500e-01 -4.610626373626906110e-02 -8.175707640947906807e-01 -5.809547776897603910e+01 4.996780763908051544e-03 9.985922452947856298e-01 -5.280681580234012490e-02 -6.346651829411152690e+00 8.188545641354967319e-01 2.622479728159940807e-02 5.734016698919078836e-01 8.696598241376251792e+01
5.640844830129878584e-01 -4.714501999037837288e-02 -8.243700811632264092e-01 -5.907884836977619614e+01 8.066348727146869721e-03 9.986356881014321063e-01 -5.159163149007533339e-02 -6.427391015532072593e+00 8.256776860269458007e-01 2.245238174325704661e-02 5.636951851637908018e-01 8.764852310857446582e+01
5.537404542659787321e-01 -4.693037925954698930e-02 -8.313657656049084910e-01 -6.010645147335722527e+01 8.962898129140908429e-03 9.986885974127107657e-01 -5.040587094431627641e-02 -6.510666443889622457e+00 8.326410914281401343e-01 2.046032270665933128e-02 5.534349109709527648e-01 8.834414541587889858e+01
5.432150920058311794e-01 -4.782502246382780431e-02 -8.382303491636884374e-01 -6.117334951486434136e+01 9.953240736452052470e-03 9.986730041154878723e-01 -5.052884145363779195e-02 -6.592743582184744433e+00 8.395345784373323683e-01 1.910492028170511503e-02 5.429702629468531327e-01 8.903625733562896016e+01
5.333613971412858312e-01 -4.835165510410582845e-02 -8.445044254040428022e-01 -6.219857278972826720e+01 8.463082832836865688e-03 9.986200378284657564e-01 -5.183045675051024120e-02 -6.667458176212870846e+00 8.458451442394112618e-01 2.049725341074443846e-02 5.330345838309877848e-01 8.966653890613137889e+01
5.230164212306833704e-01 -4.907708655676000509e-02 -8.509084848299182102e-01 -6.329753640034982709e+01 7.917045683754191446e-03 9.985775380901019682e-01 -5.272779893351631914e-02 -6.750499403109792240e+00 8.522858414122013171e-01 2.084082283799404758e-02 5.226609970176778752e-01 9.031945470946715204e+01
5.134844970895130478e-01 -4.965092325819596419e-02 -8.566612187801824208e-01 -6.434222341223411945e+01 5.976328818293323228e-03 9.985073306466640819e-01 -5.428990801096749558e-02 -6.835936687263409084e+00 8.580780657258543220e-01 2.275733648391051883e-02 5.130147659567086960e-01 9.093381063031283418e+01
