1.000000000000000000e+00 -3.306050084167601550e-19 -2.270457535318767223e-19 -8.673617379884035472e-19 7.546676715296109287e-19 1.000000000000000000e+00 6.237773588823049983e-19 1.387778780781445676e-17 -3.447385680526250622e-20 4.770700176052009879e-20 1.000000000000000222e+00 5.551115123125782702e-17
9.990595047105547133e-01 4.440007222463540366e-04 -4.335323326721324949e-02 1.998688294006000649e-02 -4.579056395909810221e-04 9.999998467681716630e-01 -3.108523626690916689e-04 -4.051727378908076549e-03 4.335309454891616426e-02 3.304147351402680075e-04 9.990595855368074041e-01 2.452007982287540688e-01
9.992984253606499445e-01 4.612818377188793520e-03 3.715976523861103803e-02 4.414723252120603125e-02 -4.617685074507381880e-03 9.999893656501730455e-01 4.518824327467925233e-05 4.898893255390654455e-03 -3.715916289781142495e-02 -2.167600640347101836e-04 9.993090560465199834e-01 2.765274640319017041e-01
9.979464554985814084e-01 6.239365851031618629e-03 6.375392259093141945e-02 7.209736601065273864e-02 -6.336784466494984822e-03 9.999790486806122702e-01 1.326011824527158992e-03 7.398470892673272847e-03 -6.374431861377372055e-02 -1.727300231549207948e-03 9.979650535867672367e-01 4.018686844438275063e-01
9.953496180225892553e-01 6.176412491819418572e-03 9.610895179659391385e-02 1.044799272295957732e-01 -6.477582251298131567e-03 9.999750446821163985e-01 2.821539885656994002e-03 5.568078721303895695e-03 -9.608913465052046354e-02 -3.431125355405170285e-03 9.953647937581546756e-01 6.009453417747552262e-01
9.907994812637520576e-01 2.211392804886660752e-03 1.353135115525233023e-01 1.886743824400040903e-01 -2.933931077633041354e-03 9.999824776945317462e-01 5.140628967088248409e-03 5.587175309972838844e-03 -1.352997902993681167e-01 -5.490331605577316795e-03 9.907886425050345114e-01 7.987954094325968590e-01
9.846374745498112091e-01 -9.468236335506615428e-04 1.746220955533598906e-01 2.542573182930292219e-01 -7.340160122192212545e-05 9.999829387489065358e-01 5.835016395064889817e-03 -1.153131321208200610e-03 -1.746246520184321915e-01 -5.758210149976055597e-03 9.846206097649421451e-01 9.798118839954282899e-01
9.759896931331404346e-01 3.300324410198069510e-04 2.178294699687537972e-01 3.484746986211623709e-01 -1.941685217842788799e-03 9.999723236574905583e-01 7.186396590277538930e-03 5.875824391165490601e-03 -2.178210902714611263e-01 -7.436767266284536465e-03 9.759633205239750531e-01 1.198099901860153027e+00
9.642721440452629578e-01 -4.010131735436346808e-04 2.649437047468666817e-01 4.365928199853145175e-01 -2.240450595952839762e-03 9.999507238683680299e-01 9.669859861051269614e-03 6.563440684415000614e-03 -2.649345862304488541e-01 -9.917785532857534281e-03 9.642237825914350413e-01 1.407289037561425538e+00
9.498616767692382723e-01 -4.261250116330933015e-03 3.125445688597734972e-01 5.706483416635580452e-01 -8.176729848363389723e-04 9.998698585245147097e-01 1.610825978885408946e-02 1.543680760853669010e-02 -3.125725586024076796e-01 -1.555571764362860369e-02 9.497346216657809315e-01 1.648537430553097982e+00
9.327550343263141253e-01 -1.409917376733618201e-02 3.602382199150273578e-01 7.119790833200969615e-01 5.396633428028411832e-03 9.996690686125936365e-01 2.514752904525564825e-02 4.198969056845969217e-03 -3.604736935851634017e-01 -2.151179241583056276e-02 9.325224412314719880e-01 1.860042786518832258e+00
9.115720652840119120e-01 -1.954925691430580564e-02 4.107415617243844186e-01 8.790301619753854157e-01 7.925804039786153374e-03 9.995188893003885688e-01 2.998440224131526319e-02 5.340298098425025342e-03 -4.111302010695470077e-01 -2.407821865702429107e-02 9.112883960778314085e-01 2.096210635312003134e+00
8.862589982154158719e-01 -2.181132038669054973e-02 4.627813125902733860e-01 1.072224964643191836e+00 6.730853088721609236e-03 9.993916757338476842e-01 3.421942135079605180e-02 9.593557319384535265e-03 -4.632462410986419310e-01 -2.721337804034731217e-02 8.858666624192971240e-01 2.331976477334103404e+00
8.581639031142784813e-01 -2.353748306618415331e-02 5.128495128010477355e-01 1.253807409125739625e+00 4.489619793299450684e-03 9.992543098308174221e-01 3.835131140571731989e-02 2.739349842931432938e-02 -5.133696398921381299e-01 -3.061113255166713135e-02 8.576296233586154782e-01 2.555995442928917782e+00
8.260664035980477271e-01 -2.907285722685725576e-02 5.626783377371996631e-01 1.479260824153955323e+00 5.866206376528892812e-03 9.990579680406741492e-01 4.299740874278697861e-02 3.520066633589538641e-02 -5.633982874254436224e-01 -3.221617928402551595e-02 8.254587763639028575e-01 2.768594620853971122e+00
7.910086766767064903e-01 -3.513875569434078694e-02 6.108193756964398480e-01 1.708794845537223273e+00 7.984145823769208880e-03 9.988572695060146112e-01 4.711841123271152260e-02 4.020416313708169431e-02 -6.117769511882219513e-01 -3.239737898211766942e-02 7.903850918917725288e-01 3.003766331658728195e+00
7.529643120851016169e-01 -3.882573766564845208e-02 6.569254897858936015e-01 1.992931554250265247e+00 9.096103351624383604e-03 9.987766106974610425e-01 4.859689153111179660e-02 5.108289666273582719e-02 -6.580091828818448452e-01 -3.061226831480686264e-02 7.523964740298765275e-01 3.163800603499535846e+00
7.132173320805154093e-01 -4.279147276766974428e-02 6.996589886738622255e-01 2.265588518464463519e+00 1.058309147503861541e-02 9.986783530772039841e-01 5.029313585411903514e-02 6.144234789621381976e-02 -7.008866397772511858e-01 -2.846415629666541186e-02 7.127276850128739794e-01 3.427299640914521994e+00
6.727668413252503310e-01 -4.438600191418783786e-02 7.385819123894444838e-01 2.573786656004266593e+00 9.701926634063490554e-03 9.986422445817586535e-01 5.118120447297680453e-02 7.375569985048652244e-02 -7.398509790289623522e-01 -2.726749213376103084e-02 6.722840512618755149e-01 3.621233807985985376e+00
6.284649151375170106e-01 -4.481321139372629325e-02 7.765350119738951840e-01 2.895620057903367517e+00 4.968648264726173262e-03 9.985498206705846203e-01 5.360638028524800092e-02 9.360256205108230532e-02 -7.778113140449008922e-01 -2.982969364218746033e-02 6.277763451435891540e-01 3.858533941023368108e+00
5.877914060484641379e-01 -4.536691600136831537e-02 8.076458895301203977e-01 3.250743498820491517e+00 2.050530084018762494e-03 9.985066716953376886e-01 5.459325022602080912e-02 1.098897787244565022e-01 -8.089166341851823372e-01 -3.043029343884709123e-02 5.870068376843601277e-01 4.059340652411274064e+00
5.478068727166572893e-01 -4.660201083259504773e-02 8.353034755574453296e-01 3.632407203955571262e+00 2.218217468897268807e-04 9.984551909363880151e-01 5.557599851354959319e-02 1.293883390448276605e-01 -8.366028533109812759e-01 -3.026060971011666073e-02 5.469712832860417207e-01 4.258462464591424634e+00
5.074091946685715948e-01 -4.937961462128472034e-02 8.602126268129945963e-01 4.040458790020588609e+00 -1.122773070983257770e-03 9.983181819433896154e-01 5.796450944895910340e-02 1.451817519568249226e-01 -8.616276885557575538e-01 -3.038308941491966314e-02 5.065001586358419683e-01 4.464168021930793984e+00
4.706637357414800715e-01 -4.822327883076023280e-02 8.810222135313685587e-01 4.466548776244419372e+00 -4.240570711623884749e-03 9.983701966111514503e-01 5.690677609844377316e-02 1.660519857257476972e-01 -8.823306994889664745e-01 -3.051991804942171677e-02 4.696920159811089346e-01 4.666797813207119283e+00
4.349347853522364526e-01 -4.796515699501924940e-02 8.992047207565926348e-01 4.926689678916794435e+00 -5.579614295447017647e-03 9.984176934288567784e-01 5.595725581897055545e-02 1.931284848895117034e-01 -9.004656591447324221e-01 -2.935927696183728702e-02 4.339787876221051222e-01 4.855234886733719613e+00
4.015689165305380004e-01 -4.627551756832491009e-02 9.146181408250089184e-01 5.439095258043555425e+00 -4.644387027217357529e-03 9.986067542496520621e-01 5.257476796879900077e-02 2.142699083933807258e-01 -9.157765472067227464e-01 -2.536228975488812043e-02 4.007947047576824184e-01 5.037967477603377375e+00
3.726671171908359503e-01 -4.525023026860656994e-02 9.270208669436407201e-01 5.958558705975883996e+00 -2.170727577920529474e-03 9.987652338409966912e-01 4.962300142555021304e-02 2.370393215190333414e-01 -9.281223515436765048e-01 -2.050104211869881871e-02 3.721085916370823754e-01 5.210097283699187010e+00
3.469833220161127607e-01 -4.407805026640478074e-02 9.368526759984370234e-01 6.506734532287065775e+00 -1.023865793547549174e-03 9.988766298178316516e-01 4.737348123117525456e-02 2.636090920643010538e-01 -9.378885422177999365e-01 -1.739465309362997134e-02 3.465484310586643968e-01 5.397515342837721164e+00
3.253568840707092846e-01 -4.239522279307861991e-02 9.445745330060557610e-01 7.090497235113558894e+00 -3.097834403256597758e-04 9.989895661161052320e-01 4.494465260712992433e-02 2.859625717733524919e-01 -9.455257269347239202e-01 -1.491285058810493461e-02 3.250150708188161985e-01 5.579569065647109305e+00
3.112261658678221465e-01 -4.407678091337733500e-02 9.493934371014859375e-01 7.680569249338390136e+00 8.825204805233308972e-04 9.989366337968272891e-01 4.609351156150597040e-02 3.158820466911567704e-01 -9.504162237603116514e-01 -1.349881799224744022e-02 3.109343478001028727e-01 5.768496643546569658e+00
2.969653590046087976e-01 -4.508104492884958125e-02 9.538364778041110714e-01 8.302201581155312482e+00 1.688199468834765101e-03 9.989082891710887591e-01 4.667698295993674001e-02 3.338546065194870072e-01 -9.548996816318549019e-01 -1.224854699401912821e-02 2.967171904950332562e-01 5.961745778739575563e+00
2.889291405767773213e-01 -4.755818043245910870e-02 9.561083197793771582e-01 8.951197078486931247e+00 8.987175019093845453e-04 9.987781357907249413e-01 4.941299306386837120e-02 3.646064832229377606e-01 -9.572905348804846559e-01 -1.341057486317829422e-02 2.886191832787228795e-01 6.161152782012476514e+00
2.761972112739843332e-01 -4.814474820052419557e-02 9.598784091982038857e-01 9.612405224051878250e+00 -1.291205529105265591e-03 9.987256072043361188e-01 5.044740635271230400e-02 3.945759628827432142e-01 -9.610835653066618356e-01 -1.518270249945245613e-02 2.757823461926239839e-01 6.358579500060623779e+00
2.663183881145744780e-01 -5.037702091807259863e-02 9.624669865993242812e-01 1.031363699565637582e+01 -2.151439740845550053e-03 9.985994192886451515e-01 5.286847524726867587e-02 4.255115542960366537e-01 -9.637825617446073023e-01 -1.614639633146875558e-02 2.658373548358551886e-01 6.561143590642140921e+00
2.581211896357190616e-01 -5.254439308794895541e-02 9.646905706060741048e-01 1.103848584937800048e+01 -2.672528109415641014e-03 9.984766061255586633e-01 5.511695568715263560e-02 4.570707411849765367e-01 -9.661179003045530234e-01 -1.679192318962350466e-02 2.575883779161668996e-01 6.743106993067951471e+00
2.462917661133973146e-01 -5.404442676655377836e-02 9.677129251638340035e-01 1.177728701532285527e+01 -2.759987876224875413e-03 9.984013910735516362e-01 5.645691465052010694e-02 4.892287633323000318e-01 -9.692164588669541780e-01 -1.658882501463635611e-02 2.457482545466785073e-01 6.938121236901771738e+00
2.362489662410035274e-01 -5.477079727680118221e-02 9.701770750279038458e-01 1.256445044447304227e+01 -2.927115422241992337e-03 9.983652417724827588e-01 5.707830382467948827e-02 5.215515757551598686e-01 -9.717182029261580700e-01 -1.631123870879158666e-02 2.357028726034648691e-01 7.124558363422049290e+00
2.266243337880718967e-01 -5.928077004701249458e-02 9.722589552513095645e-01 1.331793025135636377e+01 -4.485841343752236705e-03 9.980718423730940980e-01 6.189859249310801503e-02 5.588754572692407052e-01 -9.740546571184492963e-01 -1.837843440046463966e-02 2.259216438633245005e-01 7.301596568282493926e+00
2.145397445308646900e-01 -6.188010853923301552e-02 9.747262344695586389e-01 1.411993155552499601e+01 -6.413062792344018277e-03 9.978813026279431675e-01 6.472835781225806662e-02 6.031505051974802578e-01 -9.766661313938694855e-01 -2.014539612168675387e-02 2.136872088235912404e-01 7.486886450589865127e+00
2.018369657249332871e-01 -6.583475163819479947e-02 9.772094599954435079e-01 1.492081347653038925e+01 -6.857328719474782043e-03 9.976186415070646962e-01 6.863611789953463771e-02 6.375511814551582113e-01 -9.794011712887897847e-01 -2.055141416226521217e-02 2.009052005444532107e-01 7.651760332568995793e+00
1.883994051660847213e-01 -6.877672534164998297e-02 9.797241554459418245e-01 1.572748334173044249e+01 -8.045236856129518721e-03 9.974038649105820831e-01 7.156258516037411477e-02 6.805591339995131772e-01 -9.821018905147436140e-01 -2.137350078232082631e-02 1.873564216147319272e-01 7.805673834293093805e+00
1.742620347786092427e-01 -6.836129025755331712e-02 9.823151789667182721e-01 1.654732471139780614e+01 -8.806422855248156531e-03 9.974401092737760210e-01 7.097508100790506091e-02 7.168453168158167577e-01 -9.846505810429071470e-01 -2.104356779285996085e-02 1.732130373460065709e-01 7.955067241972851200e+00
1.601195767284028237e-01 -6.765432867499965308e-02 9.847881438106974583e-01 1.735942301545143707e+01 -9.689939363693503976e-03 9.974931908374656819e-01 7.010359807662604192e-02 7.605229339857104698e-01 -9.870613070559017821e-01 -2.078089782470878694e-02 1.590621950739403434e-01 8.089228914438287177e+00
1.445769336301406804e-01 -6.701490552088497366e-02 9.872037531129103094e-01 1.818197413130037532e+01 -1.038521570591624359e-02 9.975464075405958697e-01 6.924548211234507478e-02 7.975471388573758258e-01 -9.894212675082961761e-01 -2.027506099400434858e-02 1.435260478578128107e-01 8.201437436897982991e+00
1.226892752658023389e-01 -6.570086469413234653e-02 9.902648338621833357e-01 1.901630344741337098e+01 -1.360414534432138368e-02 9.976020783887609156e-01 6.786342421123796320e-02 8.408215756025688714e-01 -9.923476572061991074e-01 -2.181783217662911639e-02 1.215003417018058751e-01 8.302111055564997955e+00
9.864108198803750449e-02 -6.368481535226644397e-02 9.930764347727568664e-01 1.984645348561124933e+01 -1.782481099542056885e-02 9.976765401494627206e-01 6.576334547579476553e-02 8.795423204829914132e-01 -9.949576019769462709e-01 -2.418372732372279718e-02 9.727712415413730662e-02 8.375344271465193557e+00
6.839759346163212794e-02 -6.378343063687477721e-02 9.955955194372153594e-01 2.068794723543650349e+01 -2.124424941990986707e-02 9.976350616004634464e-01 6.537043833574994467e-02 9.195514558306169262e-01 -9.974100468195451485e-01 -2.562963859239040382e-02 6.688057678757486357e-02 8.433670408145404807e+00
3.311544969548461254e-02 -6.391062995962919213e-02 9.974029790951394192e-01 2.154410797439562586e+01 -2.562605825270194981e-02 9.975713281849285519e-01 6.475887970676488803e-02 9.573612715152187702e-01 -9.991191997694184312e-01 -2.770993216016038457e-02 3.139687995054059322e-02 8.459872258683585500e+00
-6.312891438351817680e-04 -6.328263302953078540e-02 9.979951055057684206e-01 2.238784780395961604e+01 -2.636500043607758678e-02 9.976492800114031834e-01 6.326454823430993635e-02 9.881439995061547243e-01 -9.996532090705455564e-01 -2.626429650453371983e-02 -2.297709998635257163e-03 8.452567206829380453e+00
-3.427058024713403039e-02 -6.195948996103587542e-02 9.974843278509899491e-01 2.325890527540634878e+01 -2.658514591469535171e-02 9.977799653710129890e-01 6.105989355916999900e-02 1.019588668610692084e+00 -9.990526635101933950e-01 -2.443514415103050300e-02 -3.584189398589744668e-02 8.424040292799457319e+00
-6.618344133573718369e-02 -6.040019041876891481e-02 9.959908725193247214e-01 2.411114919169270365e+01 -2.971412490765517472e-02 9.978427945493807405e-01 5.852645958378428770e-02 1.047645299792806739e+00 -9.973785062419782133e-01 -2.570198563893882557e-02 -6.783528371367406051e-02 8.356690404433170016e+00
-9.916089157881388672e-02 -5.708480718628453077e-02 9.934616219468438425e-01 2.496989042379723855e+01 -3.223252874112039756e-02 9.980136831370850503e-01 5.413516454354651286e-02 1.086400392310108654e+00 -9.945777086868672345e-01 -2.667263602678920237e-02 -1.008041537509018204e-01 8.268863476452441574e+00
-1.332300227138495385e-01 -5.284780904452037603e-02 9.897505256401468721e-01 2.582863329478256986e+01 -3.004472295213771876e-02 9.983340364786041921e-01 4.925751055022616065e-02 1.112928534434380667e+00 -9.907042147669700149e-01 -2.318894589890720462e-02 -1.345960588096536126e-01 8.145004267061281666e+00
-1.619239091991418744e-01 -4.732117793882753554e-02 9.855827749800354365e-01 2.666621263760755411e+01 -2.442611074921462178e-02 9.987354501747998103e-01 4.394053573541275431e-02 1.131742262268899513e+00 -9.864168033277821435e-01 -1.693726219803259186e-02 -1.628746971035875679e-01 7.996247017504047427e+00
-1.944090301845974866e-01 -4.025248985443852928e-02 9.800799141320111207e-01 2.752183256711612103e+01 -1.755723131600104431e-02 9.991401707453020364e-01 3.756087839586296634e-02 1.149158060984149632e+00 -9.807493461052816386e-01 -9.901354297880759353e-03 -1.949484149881183792e-01 7.797118278131942581e+00
-2.215661470495050855e-01 -3.505023650863411944e-02 9.744198128242606005e-01 2.835512274407961542e+01 -1.214031304937484949e-02 9.993755518288091055e-01 3.317517053033175456e-02 1.158961721360282304e+00 -9.749742824230793747e-01 -4.474594914887059481e-03 -2.218533689268717413e-01 7.601700940615302216e+00
-2.503140512174247267e-01 -2.891837949136760386e-02 9.678977957771215390e-01 2.918666855110633307e+01 -3.936200108990211763e-03 9.995761764675717975e-01 2.884529959400871507e-02 1.169288287258185122e+00 -9.683216155907673484e-01 3.397158485168148660e-03 -2.503220746481878423e-01 7.369445438688226879e+00
-2.783838786452456637e-01 -1.880757238290656913e-02 9.603587373474450350e-01 3.000994445873911332e+01 2.653628865278808563e-03 9.997892583429035529e-01 2.035365076492765338e-02 1.166849220896244432e+00 -9.605393236562858039e-01 8.217382907995032099e-03 -2.782753037661086504e-01 7.112151724674420805e+00
-3.014529714007046501e-01 -3.394105050974600100e-03 9.535801026036733186e-01 3.081895158064920537e+01 7.713592031314683503e-03 9.999521915365464642e-01 5.998119492474397740e-03 1.155645639127904412e+00 -9.535549621021127686e-01 9.162173602461399363e-03 -3.014124209910968299e-01 6.849514665196290153e+00
-3.255463383143494260e-01 1.375849450624844900e-02 9.454061383042152711e-01 3.161268347337333751e+01 7.772126128994529329e-03 9.998992139438842575e-01 -1.187556022601860342e-02 1.135377971618386717e+00 -9.454745164698471482e-01 3.478047666497974168e-03 -3.256205233727599291e-01 6.572532095462061186e+00
-3.520725487399233855e-01 2.956531812043725407e-02 9.354979797822280396e-01 3.239904591746893914e+01 7.818804829452399505e-03 9.995588582648515796e-01 -2.865092155180589198e-02 1.115627943172468495e+00 -9.359326724480143689e-01 -2.776532454012553639e-03 -3.521483941043960231e-01 6.276539679264963922e+00
-3.749774713181187047e-01 3.962020630537135130e-02 9.261350904430561970e-01 3.318774285873666940e+01 1.175440808663470380e-02 9.992091142506880352e-01 -3.797936790819780167e-02 1.076558494115861242e+00 -9.269076023570202993e-01 -3.362814479540538349e-03 -3.751466934391610719e-01 5.956001287143859457e+00
-4.000193672723356686e-01 4.444934990845979261e-02 9.154195021807919330e-01 3.396610537042144529e+01 1.510594807881020588e-02 9.990072708238418864e-01 -4.190964346997776840e-02 1.024825419095566792e+00 -9.163734567279554488e-01 -2.931178453848962747e-03 -4.002937638324968184e-01 5.619700682937496694e+00
-4.213507647363104458e-01 4.406195349562427171e-02 9.061003892485632871e-01 3.473145716039039144e+01 1.810053295873764040e-02 9.990291229284995467e-01 -4.017592124473649828e-02 9.793864668438098109e-01 -9.069900871967846445e-01 -4.988837480947471608e-04 -4.217396136472062462e-01 5.264517512494216511e+00
-4.403443801576515382e-01 4.065153839248241557e-02 8.964256130917809262e-01 3.549012881717519008e+01 2.146077332870943710e-02 9.991654202521970118e-01 -3.475048187564491742e-02 9.303661425331780643e-01 -8.970904486851438708e-01 3.923631501492749578e-03 -4.408491727716237207e-01 4.890322173481965962e+00
-4.593462469186176955e-01 3.890971832025259813e-02 8.868620563995113226e-01 3.623598203802642814e+01 2.917626093005177418e-02 9.991619923808338077e-01 -2.868386332865419108e-02 8.864739684838796041e-01 -8.872354621786756601e-01 1.267361046338179136e-02 -4.600965894353759023e-01 4.491747008648792949e+00
-4.720197901986764588e-01 3.961680546253995572e-02 8.805178394038245537e-01 3.697201338663751358e+01 3.287898635314961959e-02 9.990860122600614401e-01 -2.729122226322712105e-02 8.382415414429751355e-01 -8.807943200964100106e-01 1.606629307779447458e-02 -4.728909345762622451e-01 4.081695346332316454e+00
-4.837703321488232566e-01 4.217536868176903486e-02 8.740251805402960983e-01 3.769230115400412728e+01 3.538468038302287899e-02 9.989642886212696249e-01 -2.858792903964751941e-02 7.952813359811830018e-01 -8.743258523198866872e-01 1.708829293780342665e-02 -4.847616427917975646e-01 3.679723747119061805e+00
-4.941836665854763555e-01 4.535916319148552284e-02 8.680310244907687434e-01 3.840336850464529306e+01 3.685439582506361278e-02 9.988334288933750083e-01 -3.118444585467694194e-02 7.475461426748546412e-01 -8.684328625724416773e-01 1.657774453266133707e-02 -4.952788988702460649e-01 3.280606893561447190e+00
-5.023793476569623495e-01 4.529724315850129635e-02 8.630164338045150929e-01 3.910850459142336177e+01 3.104871417430708422e-02 9.989277598524809454e-01 -3.433472413030422971e-02 7.072651631640050063e-01 -8.636467086135002358e-01 9.531119212861732803e-03 -5.032469609893113205e-01 2.875669288329433915e+00
-5.156741213972759752e-01 4.320514878380864870e-02 8.554670116996936358e-01 3.980166753849528050e+01 2.900500979173800675e-02 9.990358141667992076e-01 -3.295108886872349235e-02 6.696695027866483851e-01 -8.560659749187661260e-01 7.816320032308319080e-03 -5.164299324583965234e-01 2.455953586484786566e+00
-5.222587640002741560e-01 4.483519413843278789e-02 8.514695414859627665e-01 4.050167883596435559e+01 3.159361288779905658e-02 9.989486071870636863e-01 -3.322842938058559459e-02 6.291802802340137335e-01 -8.520640843364110095e-01 9.550737612349095157e-03 -5.231259741873084401e-01 2.036193740943033070e+00
-5.288435498512573663e-01 4.758456761902514487e-02 8.468644472698525494e-01 4.120216122141896165e+01 3.498709526253108992e-02 9.988004529504281859e-01 -3.424509735188403792e-02 5.795949634837658238e-01 -8.474785819966967892e-01 1.150086322375244892e-02 -5.298740550271188177e-01 1.587203411720046420e+00
-5.327480139299218820e-01 5.132838790411067831e-02 8.448049551609420060e-01 4.191408010140175122e+01 3.541405115492343020e-02 9.986370885184562285e-01 -3.832300275158784936e-02 5.454589600272063965e-01 -8.456208125980310131e-01 9.496751410191732468e-03 -5.338398597485989328e-01 1.143604312772233955e+00
-5.317462889199060516e-01 5.314072565965706485e-02 8.452738405296640334e-01 4.264862444607153691e+01 3.541805791101464151e-02 9.985514059694199362e-01 -4.052330849320506800e-02 4.990661461588785097e-01 -8.462025878908477905e-01 8.400081250757276269e-03 -5.328579711106405936e-01 6.853119968526684147e-01
-5.288594953804025556e-01 5.362421383908841377e-02 8.474190082680416181e-01 4.338743253819824020e+01 3.779601122429271376e-02 9.984995556798893501e-01 -3.965520336533081419e-02 4.543037283784431835e-01 -8.482738735762558324e-01 1.106192782736102435e-02 -5.300925811468073512e-01 2.260638016047747945e-01
-5.222323502829491204e-01 5.128761943367132065e-02 8.507097109453080064e-01 4.414631165220909992e+01 3.581433893789512379e-02 9.986282001547259757e-01 -3.817252806872854787e-02 4.083248824753688555e-01 -8.515012178082790317e-01 1.050942961463484891e-02 -5.233528062583430174e-01 -2.269435103779232077e-01
-5.170535185322638894e-01 5.056308209170720658e-02 8.547714172240505892e-01 4.492950305843346115e+01 3.368247823142200836e-02 9.986823161385414149e-01 -3.873823369996054478e-02 3.602224122117677618e-01 -8.556032961615879229e-01 8.773278748963702495e-03 -5.180752497470856310e-01 -6.962424703168550444e-01
-5.076788771584865856e-01 4.977838313205660420e-02 8.598003461238510337e-01 4.573575949659263529e+01 3.150457133398769372e-02 9.987344165743688995e-01 -3.919154012119321212e-02 3.171526235026452811e-01 -8.606634616019963602e-01 7.178071827800131671e-03 -5.086045177445871479e-01 -1.153196060193688588e+00
-5.024967777288874560e-01 4.797531685523931388e-02 8.628883020131883352e-01 4.651974987124827265e+01 2.925535611525969734e-02 9.988309481364654463e-01 -3.846495381188554802e-02 2.724986193718984540e-01 -8.637251926951111658e-01 5.899370202215490147e-03 -5.033128014271702755e-01 -1.599358161316077442e+00
-4.973928512959736592e-01 4.623360697491705334e-02 8.658139747666272479e-01 4.736705485331271603e+01 2.521355891237995334e-02 9.989270010378774600e-01 -3.884055002905397597e-02 2.246280399331264666e-01 -8.666810641125909376e-01 2.499176422166728747e-03 -4.980246580598512440e-01 -2.062789607390773661e+00
-4.961282895524795622e-01 4.256419867776328747e-02 8.669631990266180033e-01 4.820313676944860504e+01 1.968347798447874636e-02 9.990923018594829452e-01 -3.775510633417448331e-02 1.826449387355436604e-01 -8.677839874604864612e-01 -1.693499271891159763e-03 -4.965157732189448558e-01 -2.519216066888866568e+00
-4.962142734983717718e-01 4.088773215436308089e-02 8.670387175952581904e-01 4.907969896524051023e+01 1.661979049085611851e-02 9.991548511989123416e-01 -3.758533076402190837e-02 1.245984931361692749e-01 -8.678428042881978222e-01 -4.247923103237336885e-03 -4.964745168236942008e-01 -3.005453675878928088e+00
-4.976350269180823682e-01 3.967402388280953651e-02 8.666176794549498297e-01 4.995486856183755719e+01 1.536345408295549352e-02 9.992000609125020194e-01 -3.693313465389228001e-02 7.748009512506998098e-02 -8.673889846989546459e-01 -5.044784843367163506e-03 -4.978465982301069070e-01 -3.493063171698354008e+00
-4.989984937960187383e-01 3.977992414261519172e-02 8.655780909319322758e-01 5.083534674279223964e+01 1.628137303103789971e-02 9.991996518986602238e-01 -3.653966689397802892e-02 2.155338002698209410e-02 -8.663390117465814555e-01 -4.142370876458314165e-03 -4.992466791235307122e-01 -3.977793315083325787e+00
-4.961944311521107043e-01 3.811262795184368335e-02 8.671137023594331916e-01 5.174245335023366721e+01 1.535287170039762589e-02 9.992651634520217652e-01 -3.510794917818959443e-02 -2.609888373483230245e-02 -8.678145420866820725e-01 -4.114754571613131809e-03 -4.964150094433895100e-01 -4.492703781307274546e+00
-4.961793001262162495e-01 3.733847161287710825e-02 8.671916298516412214e-01 5.264823978204742616e+01 1.525753364555168697e-02 9.992952039824900545e-01 -3.428282887767460096e-02 -7.654522027144990137e-02 -8.678610633335278601e-01 -3.799500501840775459e-03 -4.963992352504694172e-01 -5.002929894702337066e+00
-4.989642725325408867e-01 3.650765547892251273e-02 8.659871499126314820e-01 5.355694390141552219e+01 1.507183446463968013e-02 9.993269755240881125e-01 -3.345264310681321518e-02 -1.327831726085843267e-01 -8.666251628211377733e-01 -3.619537171601473410e-03 -4.991788057346959184e-01 -5.509730103932437117e+00
-4.962095835358935059e-01 3.513742800214195161e-02 8.672391073694434294e-01 5.448532425288573222e+01 1.318152223162969566e-02 9.993701152988964109e-01 -3.293756207967865612e-02 -1.819200854286931457e-01 -8.678508767590428219e-01 -4.932073826504072139e-03 -4.963601484336113701e-01 -6.021047801313456738e+00
-4.976129462107072299e-01 3.368863240513851609e-02 8.664078070362339901e-01 5.538325111945223966e+01 1.221085245979509556e-02 9.994181632610644739e-01 -3.184677282005738547e-02 -2.353734670107266724e-01 -8.669769870064623074e-01 -5.281705316060814927e-03 -4.977345178354219413e-01 -6.516191224326867371e+00
-4.948564450033744455e-01 3.384894719176452516e-02 8.682125889597868129e-01 5.630820127708307865e+01 1.126439180256870627e-02 9.994069276896172527e-01 -3.252980596298010729e-02 -2.921076158110439414e-01 -8.687990781856639311e-01 -6.327685156002986130e-03 -4.949443597156618635e-01 -7.023648972310571281e+00
-4.938386091852460802e-01 3.230563499555642176e-02 8.690922179097889666e-01 5.723029905815568696e+01 1.025797742906750173e-02 9.994567041708798394e-01 -3.134209050165954330e-02 -3.452366611005739938e-01 -8.696320096327544436e-01 -6.533539009406281843e-03 -4.939016993691023316e-01 -7.535759675783022971e+00
-4.923503007348358773e-01 2.913460214859653688e-02 8.699624394490472756e-01 5.815176106370092413e+01 1.068781325751920822e-02 9.995666509275168421e-01 -2.743117623570970331e-02 -4.000272334345050806e-01 -8.703846264026567914e-01 -4.199532715190427458e-03 -4.924482563682943681e-01 -8.044024010219064991e+00
-4.881112555989535751e-01 2.792521792249652232e-02 8.724469328332877804e-01 5.907666563368054113e+01 1.123450525041753793e-02 9.996064375000534019e-01 -2.570180869178467081e-02 -4.483605985342847822e-01 -8.728211923817211781e-01 -2.741922073199118577e-03 -4.882330685683515803e-01 -8.552973534289163737e+00
-4.856881977081980439e-01 2.786832000771812326e-02 8.733291563547473935e-01 5.998448537000432168e+01 1.149532670473647419e-02 9.996088758204079161e-01 -2.549999822913383285e-02 -4.979907571163480484e-01 -8.736981185262060468e-01 -2.345023631490199441e-03 -4.858185186120878019e-01 -9.053109090515382817e+00
-4.828912004870001273e-01 2.838353356964249882e-02 8.754044030352381434e-01 6.091239447741675406e+01 1.184976765557040242e-02 9.995949338787993854e-01 -2.587569513512872482e-02 -5.484665946552941262e-01 -8.757842425102901895e-01 -2.119945511624729377e-03 -4.830319370699304171e-01 -9.552251995956389408e+00
-4.804817346632752062e-01 2.770497907727002829e-02 8.762483894459975886e-01 6.182131385446879790e+01 1.149858072339044260e-02 9.996139484020934995e-01 -2.529221566863850898e-02 -5.999787165150094470e-01 -8.766110830832115619e-01 -2.092532347905275147e-03 -4.806146790059996343e-01 -1.002666695817309872e+01
-4.829199987300052954e-01 2.950009335960221760e-02 8.750698984702097727e-01 6.272307777071724644e+01 1.165991060093441757e-02 9.995604718104021957e-01 -2.725095693300023589e-02 -6.450260540664964903e-01 -8.754893269692790581e-01 -2.963382626197847564e-03 -4.830516464240554031e-01 -1.051212433974591676e+01
-4.844550774397636261e-01 3.104650831770464428e-02 8.747398600993415707e-01 6.362373885794087158e+01 8.947069485734891747e-03 9.994943157720900251e-01 -3.052006709255491654e-02 -6.979736897227046821e-01 -8.752446849166519716e-01 -6.935064774045452199e-03 -4.844881623969626849e-01 -1.101437620213398283e+01
-4.897207380366895291e-01 3.147396020640792769e-02 8.719410869731359925e-01 6.451705389850680206e+01 7.871376087801272570e-03 9.994676350467517345e-01 -3.166417928527145986e-02 -7.550352405103252229e-01 -8.724734823643323089e-01 -8.631352531962038777e-03 -4.897079048435431514e-01 -1.149846832336141844e+01
-4.948926654102098754e-01 3.038521966691155526e-02 8.688470115375893643e-01 6.541028487261669966e+01 8.259082560881541787e-03 9.995081736858580923e-01 -3.024982642686782977e-02 -7.996408278892056520e-01 -8.693389255182685238e-01 -7.790723882442594089e-03 -4.949003684097729727e-01 -1.200011077061696163e+01
-4.989170270373773919e-01 2.667823694991479019e-02 8.660441181796854071e-01 6.630087504495104156e+01 1.066204088316376544e-02 9.996393232144239471e-01 -2.465163927270187100e-02 -8.600440753618849854e-01 -8.663896766591089316e-01 -3.075745483959798840e-03 -4.990213882314135652e-01 -1.251697569405066623e+01
-5.042274903768735328e-01 2.454885057636035581e-02 8.625996881163080499e-01 6.717657344666558572e+01 7.068758992536621107e-03 9.996792747755943731e-01 -2.431195754581356658e-02 -9.047874153500016225e-01 -8.629203639300125905e-01 -6.185531424256359399e-03 -5.042389991547326922e-01 -1.301564947820355478e+01
-5.108362182712120614e-01 2.760147702291659844e-02 8.593920916351600603e-01 6.806002215367969654e+01 9.355544752233291642e-03 9.996037403261488485e-01 -2.656075546629445977e-02 -9.556295580974822901e-01 -8.597843660531370169e-01 -5.516103559399858532e-03 -5.108921105444692579e-01 -1.352284847991063188e+01
-5.147223214719240936e-01 2.987392795551000596e-02 8.570638502493485023e-01 6.890823465002831938e+01 9.369299923650849585e-03 9.995294371601803896e-01 -2.922009687752363805e-02 -1.001938495260984219e+00 -8.575332239684446689e-01 -6.993931514603804987e-03 -5.147599994086542452e-01 -1.402943666934000255e+01
-5.200586470790421467e-01 3.024839707253870053e-02 8.539480254361787592e-01 6.975521183693166449e+01 7.345016177358444989e-03 9.994945668998180821e-01 -3.093559556222471793e-02 -1.055141024911989467e+00 -8.544520271448435844e-01 -9.801799565175760287e-03 -5.200180998439692948e-01 -1.451685517886089904e+01
-5.228713295477613876e-01 2.995130550978943734e-02 8.517202973728389415e-01 7.060960552489930819e+01 7.044928457059904461e-03 9.994998844531787219e-01 -3.082464592477344306e-02 -1.106560721203044384e+00 -8.522179006554240210e-01 -1.012954544621040391e-02 -5.228206644902255729e-01 -1.504060916329983577e+01
-5.266967923692478237e-01 2.905031025191312510e-02 8.492302444911474790e-01 7.144267714596966812e+01 6.932915695900452278e-03 9.995292974057889968e-01 -2.986805605555985579e-02 -1.160727981148811150e+00 -8.496988471454142156e-01 -9.874420322051474103e-03 -5.266501348506891222e-01 -1.554140505375288051e+01
-5.278961287897763199e-01 2.294856589387462426e-02 8.484386808977077976e-01 7.229546399144521729e+01 8.590807413898123024e-03 9.997277450514868713e-01 -2.169212751053393312e-02 -1.203105779533956143e+00 -8.487056966533317315e-01 -4.172942896278526888e-03 -5.279494489223856002e-01 -1.605856724714822548e+01
-5.291882558173511830e-01 1.372636667976035417e-02 8.481125086428541460e-01 7.313024316164880645e+01 7.873930519742659839e-03 9.999054874815291871e-01 -1.127038415768289760e-02 -1.248126123851327041e+00 -8.481870935882666052e-01 7.200891288528805511e-04 -5.292463106245967053e-01 -1.659708615207058813e+01
-5.316004291999145703e-01 9.492642296737106161e-03 8.466754974792648492e-01 7.396700718327403479e+01 7.836356046478016799e-03 9.999494586788287842e-01 -6.284190221044657666e-03 -1.284040979299561291e+00 -8.466925622749377212e-01 3.283265355279028040e-03 -5.316479105328387744e-01 -1.711067458095910609e+01
-5.330504323965687963e-01 1.615806086417143766e-02 8.458542044442558527e-01 7.478534490305536053e+01 8.346385503748538978e-03 9.998693018316228143e-01 -1.383909044382649126e-02 -1.314292157109086645e+00 -8.459674115709184816e-01 -3.239312210432485507e-04 -5.331156853072464008e-01 -1.763341315862397707e+01
-5.330842660704006031e-01 2.120226098588948865e-02 8.454155820759169382e-01 7.559838687447526695e+01 9.587222701777985828e-03 9.997731276977889214e-01 -1.901273542933600708e-02 -1.349260375454240268e+00 -8.456269938559864974e-01 -2.043259431264620330e-03 -5.331666372011186761e-01 -1.814569953255067603e+01
-5.344022296765690294e-01 2.631166674587718732e-02 8.447230388612290142e-01 7.641730083381608551e+01 1.483009829411725995e-02 9.996533054075239511e-01 -2.175049263386489087e-02 -1.387797338228656585e+00 -8.450027005955701442e-01 8.986652729327372722e-04 -5.346070999962442283e-01 -1.866471601987181472e+01
-5.328944393264309909e-01 2.634466511955659701e-02 8.458259790099379449e-01 7.723513109748387251e+01 1.825692846078996040e-02 9.996404707546164836e-01 -1.962698433720101721e-02 -1.425823209723543483e+00 -8.460392266640859305e-01 4.977442499911096351e-03 -5.331838122852717854e-01 -1.919784728297367948e+01
-5.328689409187477022e-01 2.406982226656059071e-02 8.461782176283662027e-01 7.806176401976203749e+01 1.825811001620999963e-02 9.996897567874309942e-01 -1.694847307428743247e-02 -1.467236862403030973e+00 -8.463236511409851781e-01 6.425874042929339593e-03 -5.331429637149051048e-01 -1.972101525511217801e+01
-5.328823538435378815e-01 1.782938016002162673e-02 8.463051177438805084e-01 7.888048841176572523e+01 1.561968377388947907e-02 9.998148578312088253e-01 -1.123625920531011284e-02 -1.499306571766163998e+00 -8.463488485039600828e-01 7.236159755221145858e-03 -5.330621884359131313e-01 -2.022171399568140515e+01
-5.314990875658168745e-01 1.121103705875237284e-02 8.470270151542884651e-01 7.969933247632789630e+01 1.331980366765852034e-02 9.998993284978473506e-01 -4.877439058912574378e-03 -1.526784816104769238e+00 -8.469963326344109866e-01 8.688374699824202504e-03 -5.315950522761768715e-01 -2.073786888579745380e+01
-5.330566283842220754e-01 5.073263236609736743e-03 8.464165456192881409e-01 8.051534498358282121e+01 4.309894101344695534e-03 9.999852211094822918e-01 -3.278661565503375019e-03 -1.559140932904995003e+00 -8.464207770699838651e-01 1.896253291481188449e-03 -5.330705557303261344e-01 -2.122120664487832542e+01
-5.293732440954893592e-01 -5.357190236433083787e-04 8.480326772267066104e-01 8.134296579109935976e+01 -4.613695788664139326e-03 9.999866756814528301e-01 -2.256226715003951076e-03 -1.572285665833959234e+00 -8.480202431836285637e-01 -5.107520778480533451e-03 -5.293687697779497769e-01 -2.171612330985465178e+01
-5.279002546394536699e-01 -4.017191961520747063e-04 8.491438840828873236e-01 8.215716665939314112e+01 -1.472627194741494422e-03 9.999987060055938182e-01 -4.421658389982660500e-04 -1.601408181783252838e+00 -8.491426564935943277e-01 -1.482043933489212307e-03 -5.279003198048607404e-01 -2.222175510080342065e+01
-5.264037632764170249e-01 3.005008085718844334e-03 8.507497958607994626e-01 8.296630097906124490e+01 3.889568337941704066e-03 9.999917071531655433e-01 -1.124443411706833700e-03 -1.625305925306551158e+00 -8.507462433799813928e-01 2.723432879826716280e-03 -5.264111297974638504e-01 -2.271217360259702289e+01
-5.197475084612286356e-01 6.219859673093120628e-03 8.540379150605714731e-01 8.378477521148774088e+01 5.018261296457052038e-03 9.999783548247905829e-01 -4.225067615945242612e-03 -1.642038782290379917e+00 -8.540456600450065938e-01 2.082314784285760507e-03 -5.197675609173949551e-01 -2.322106410306540880e+01
-5.116359216511543462e-01 7.587921328031552518e-03 8.596002212839587431e-01 8.459971089978319014e+01 8.969284589032924110e-03 9.999536242996102109e-01 -3.487419809794871633e-03 -1.669327258746347908e+00 -8.595867438502446944e-01 5.922279693922191321e-03 -5.116803988192628605e-01 -2.370384772765720527e+01
-5.038589624837953584e-01 1.046339169869349092e-02 8.635428845192941738e-01 8.541453483731324070e+01 1.674406439497744259e-02 9.998569929581672122e-01 -2.343382991935486631e-03 -1.700189605007307980e+00 -8.634439964496146702e-01 1.327998123124755903e-02 -5.039621050860356721e-01 -2.417760058414864943e+01
-4.944793264298437130e-01 8.366226253249887251e-03 8.697161851549379818e-01 8.623637408833546658e+01 1.458139030949888101e-02 9.998927372039063677e-01 -1.337579201138050424e-03 -1.724419912820361667e+00 -8.696342527085324514e-01 1.201840171550823573e-02 -4.945483184965357437e-01 -2.464112076336084201e+01
-4.827118143483139501e-01 6.206405452160002056e-03 8.755441813298394660e-01 8.707317176911190870e+01 1.162873518632467906e-02 9.999320790106654977e-01 -6.750772939015494203e-04 -1.737552964668445998e+00 -8.754890625749922606e-01 9.855754606721117347e-03 -4.827513158212565214e-01 -2.508256806321883303e+01
-4.709292298001253596e-01 2.974151751378769932e-03 8.821485670484362496e-01 8.790983534845912573e+01 1.249102485489553098e-02 9.999165237254954430e-01 3.295539858402315048e-03 -1.758353521265075825e+00 -8.820652990925077486e-01 1.256911261418159481e-02 -4.709271247053993803e-01 -2.552370949645677456e+01
-4.595752410292076040e-01 1.564997721863241320e-03 8.879022273595204018e-01 8.875321442390836069e+01 1.205354675498825946e-02 9.999172704898287023e-01 4.479273222057256025e-03 -1.773863303947417869e+00 -8.878218244558588879e-01 1.276346407060500489e-02 -4.595560993039133346e-01 -2.595499801021018982e+01
-4.478517889502915406e-01 1.009484301268882400e-03 8.942132303890281131e-01 8.959633995835983455e+01 1.199448258323432617e-02 9.999161234478594062e-01 4.876755296949490150e-03 -1.786719326848021483e+00 -8.941335513151540404e-01 1.290844493316074988e-02 -4.478264204121796821e-01 -2.636442604764084763e+01
-4.337491723202686611e-01 1.858154130646684108e-03 9.010460057222319241e-01 9.045349496241746579e+01 1.457531957097548368e-02 9.998814390726347145e-01 4.953092845126351798e-03 -1.806967075752818674e+00 -9.009300698072794100e-01 1.528166965397246072e-02 -4.337249889298715466e-01 -2.677573018545797012e+01
