1.0 0.0 0.0 0.0 0.0 1.0 0.0 0.0 0.0 0.0 1.0 0.0
0.9990595 -0.043351144 -0.00067258085 0.24523926 0.043351255 0.9990597 0.00015604074 -0.03491211 0.00066518324 -0.00018505234 0.99999976 0.0020751953
0.9993102 0.03712538 0.0005286832 0.27685547 -0.03712751 0.9992985 0.004847607 -0.03186035 -0.00034832777 -0.0048638955 0.99998814 -0.006958008
0.9979677 0.063685715 0.002264798 0.40283203 -0.06369947 0.9979474 0.0066328966 -0.05102539 -0.0018377148 -0.006763671 0.99997544 -0.010009766
0.9953689 0.09601406 0.0042456947 0.60302734 -0.096041285 0.9953524 0.0067556356 -0.07299805 -0.003577157 -0.007132181 0.9999682 -0.009155273
0.99079126 0.1352289 0.0066430867 0.8026123 -0.13525105 0.9908059 0.0030043018 -0.14477539 -0.0061757425 -0.0038751264 0.9999734 -0.010253906
0.98462075 0.17456779 0.007261873 0.98583984 -0.17457277 0.9846467 5.0816627e-05 -0.19787598 -0.0071414676 -0.0013178748 0.9999736 -0.0048828125
0.9759659 0.21773586 0.009346486 1.2071533 -0.2177591 0.97600424 0.0015350864 -0.2779541 -0.008788079 -0.0035330676 0.9999552 -0.013549805
0.96422684 0.2648244 0.012281343 1.4205322 -0.26485616 0.96429574 0.0010107148 -0.35083008 -0.011575462 -0.00422668 0.99992406 -0.015380859
0.94973314 0.31242317 0.018388977 1.6669922 -0.31242836 0.94990575 -0.0026666443 -0.46972656 -0.01830106 -0.003215997 0.99982727 -0.024658203
0.93250203 0.36031362 0.024822973 1.8847656 -0.3601113 0.93282896 -0.012342332 -0.59643555 -0.027602632 0.0025684438 0.99961555 -0.012817383
0.9112544 0.41096228 0.02792394 2.1281738 -0.4106094 0.91167057 -0.017639 -0.7475586 -0.03270483 0.0046089375 0.9994544 -0.015136719
0.8858267 0.4630415 0.031638343 2.3725586 -0.46262807 0.8863868 -0.01977216 -0.92407227 -0.037197076 0.0028814748 0.9993038 -0.020996094
0.85758615 0.5131192 0.035618395 2.606079 -0.5126727 0.85832536 -0.021404965 -1.0894775 -0.04155407 9.821169e-05 0.9991363 -0.040283203
0.82539725 0.5631398 0.037823357 2.8293457 -0.5624989 0.826263 -0.026876975 -1.2991943 -0.0463916 0.0009023957 0.9989229 -0.049682617
0.7902999 0.6115265 0.03860911 3.0760498 -0.61064535 0.79123884 -0.03291165 -1.5136719 -0.05067029 0.002433775 0.9987123 -0.056640625
0.7522919 0.6577758 0.037435345 3.248291 -0.6567631 0.7532174 -0.036602065 -1.783081 -0.052272264 0.002943134 0.9986281 -0.0703125
0.7126001 0.7006758 0.03588188 3.5245361 -0.69950855 0.71349263 -0.040606014 -2.0423584 -0.05405336 0.00383606 0.9985306 -0.083984375
0.6721447 0.7396399 0.035257958 3.7314453 -0.7384347 0.6730646 -0.04227135 -2.3381348 -0.054994546 0.002378676 0.99848384 -0.099731445
0.6276397 0.777545 0.03841254 3.9832764 -0.7763709 0.62880707 -0.04281293 -2.6478271 -0.05744619 -0.0029516388 0.9983443 -0.122924805
0.58686936 0.80862296 0.039526366 4.1971436 -0.80747765 0.58816415 -0.04349302 -2.993042 -0.058425006 -0.006396394 0.9982714 -0.1430664
0.54682803 0.83629525 0.039836414 4.4089355 -0.8351358 0.5482068 -0.044869892 -3.3659668 -0.059374686 -0.008724064 0.9981985 -0.16662598
0.5063441 0.86130714 0.04041666 4.6274414 -0.86004436 0.5078447 -0.047810223 -3.7663574 -0.06170482 -0.010550398 0.99803877 -0.1862793
0.469545 0.8819859 0.040961016 4.8415527 -0.8808556 0.47111762 -0.046815373 -4.185791 -0.06058156 -0.014100358 0.9980633 -0.21228027
0.4338318 0.90011865 0.040178623 5.0408936 -0.899045 0.43539977 -0.046725243 -4.6401367 -0.05954917 -0.015846668 0.9980997 -0.2446289
0.400645 0.9154648 0.03652456 5.2333984 -0.9144759 0.40201512 -0.04519868 -5.147583 -0.05607276 -0.015287346 0.99831027 -0.2722168
0.37194765 0.9278632 0.03195194 5.4136963 -0.926897 0.3730871 -0.044318296 -5.663086 -0.053029288 -0.013133545 0.9985062 -0.30126953
0.34638292 0.9376597 0.029092947 5.6082764 -0.93674034 0.34738642 -0.043284528 -6.20813 -0.0506904 -0.012262069 0.99863905 -0.33422852
0.32485 0.9453197 0.02681618 5.7961426 -0.9444717 0.32574224 -0.041722268 -6.7894287 -0.048182122 -0.0117772035 0.9987693 -0.36328125
0.31075338 0.9502283 0.025529534 5.9884033 -0.94929284 0.3116162 -0.043483377 -7.378174 -0.049276594 -0.010727939 0.99872756 -0.3988037
0.296525 0.954726 0.024405617 6.1850586 -0.9537383 0.29735783 -0.044571172 -7.998657 -0.04980234 -0.010064929 0.998708 -0.42285156
0.2884173 0.957102 0.02563392 6.3858643 -0.9560043 0.28934819 -0.047099214 -8.647217 -0.05250644 -0.010928335 0.99856097 -0.45922852
0.2755858 0.9608659 0.027518151 6.5863037 -0.95977014 0.2766394 -0.047766495 -9.307373 -0.053492445 -0.013242741 0.99847996 -0.4954834
0.26563194 0.9635511 0.02856305 6.7907715 -0.96235394 0.2667859 -0.05006213 -10.008057 -0.05587229 -0.014194353 0.9983373 -0.5325928
0.2573731 0.9658775 0.02927604 6.973999 -0.9645737 0.25861064 -0.052281164 -10.732422 -0.058086947 -0.014791311 0.99820244 -0.5704346
0.24552359 0.9689764 0.02917142 7.1713867 -0.9675954 0.2467946 -0.053855814 -11.470459 -0.059375122 -0.01499098 0.9981232 -0.609375
0.23547286 0.97147864 0.028977538 7.359497 -0.97005963 0.23675956 -0.05464624 -12.256958 -0.05995177 -0.015253722 0.99808466 -0.64904785
0.22567458 0.97378814 0.031116623 7.53833 -0.972132 0.2271839 -0.059221342 -13.010132 -0.06473018 -0.016893487 0.99775934 -0.6920166
0.21343398 0.9763725 0.032977726 7.726074 -0.9745936 0.21513624 -0.061903443 -13.811523 -0.06750533 -0.018927865 0.99753803 -0.743042
0.20063022 0.9791008 0.03347967 7.8935547 -0.97707134 0.20246918 -0.06594272 -14.611938 -0.0713527 -0.019482652 0.9972614 -0.7836914
0.18706866 0.98178667 0.034404453 8.050293 -0.9795819 0.18906537 -0.068976164 -15.417969 -0.074215166 -0.02078891 0.99702567 -0.83325195
0.17292745 0.9843322 0.034187675 8.202637 -0.9821755 0.17493178 -0.06865741 -16.236938 -0.07355805 -0.02168177 0.99705595 -0.87731934
0.15878104 0.98673844 0.034037724 8.339722 -0.9846515 0.16079178 -0.0680482 -17.048096 -0.07261608 -0.022696761 0.99710214 -0.92871094
0.14324772 0.989097 0.03365308 8.455322 -0.98707056 0.14525071 -0.06751774 -17.869751 -0.07167768 -0.023534458 0.99715096 -0.9733887
0.12124163 0.991989 0.035364628 8.5616455 -0.99013495 0.123380095 -0.066363156 -18.70288 -0.07018323 -0.026951248 0.99717 -1.0245361
0.09704798 0.9945514 0.037912276 8.641357 -0.99295115 0.099351645 -0.06452717 -19.53186 -0.067956306 -0.03138648 0.9971951 -1.071167
0.06666446 0.9969686 0.039574184 8.70813 -0.9954752 0.06913859 -0.06485499 -20.372437 -0.06739339 -0.035065312 0.9971102 -1.1185303
0.031199459 0.99863106 0.041897155 8.744507 -0.9972897 0.033895247 -0.06525746 -21.227905 -0.0665751 -0.03974236 0.99698895 -1.1636963
-0.002493506 0.99917 0.04067588 8.746582 -0.9978916 0.00015169987 -0.06489528 -22.07129 -0.06486805 -0.04075985 0.9970621 -1.2017822
-0.036033995 0.9985808 0.039062634 8.727295 -0.99739194 -0.033494115 -0.063844025 -22.94226 -0.06244146 -0.04125214 0.9971956 -1.2408447
-0.06800176 0.9968747 0.04052629 8.668945 -0.99591035 -0.06539188 -0.06255394 -23.794678 -0.059694216 -0.04463205 0.9972177 -1.2762451
-0.10093498 0.99404806 0.041694943 8.590332 -0.9933968 -0.09837303 -0.05952349 -24.653687 -0.05507265 -0.04740706 0.99735665 -1.322876
-0.13471664 0.9902146 0.038409192 8.475708 -0.9897 -0.13249135 -0.05558139 -25.513062 -0.04993997 -0.045480482 0.99771595 -1.3571777
-0.16300023 0.98601174 0.032319672 8.3342285 -0.98554176 -0.16127288 -0.050305307 -26.351318 -0.04439298 -0.04007911 0.99820995 -1.3835449
-0.19507697 0.9804431 0.02546238 8.143555 -0.9800472 -0.1938678 -0.043525115 -27.207886 -0.037745584 -0.033451244 0.9987275 -1.4086914
-0.22198762 0.97474515 0.020175193 7.955078 -0.9743909 -0.22110845 -0.03857087 -28.042358 -0.033128176 -0.028226452 0.9990521 -1.425415
-0.25047815 0.96820724 0.012447915 7.7301025 -0.9678664 -0.24996972 -0.032700986 -28.875244 -0.028544422 -0.020221636 0.9993879 -1.4423828
-0.27840665 0.96050495 0.0077667143 7.4802246 -0.96033233 -0.2781717 -0.02285892 -29.699951 -0.019797195 -0.013825893 0.9997084 -1.4477539
-0.301456 0.9535599 0.0069450643 7.223755 -0.9535709 -0.30140355 -0.007675655 -30.509766 -0.0052269194 -0.008935118 0.99994636 -1.446167
-0.32551003 0.94543296 0.012751361 6.9538574 -0.94543123 -0.32563376 0.009219572 -31.304688 0.012868531 -0.009050861 0.99987614 -1.4365234
-0.35188666 0.9358398 0.019127015 6.6657715 -0.93555766 -0.35228625 0.024739537 -32.092896 0.029892761 -0.009184163 0.9995108 -1.4268799
-0.37481895 0.9268347 0.01980586 6.3516846 -0.9262063 -0.37530282 0.03455043 -32.88379 0.03945048 -0.005389478 0.9992067 -1.3952637
-0.39994186 0.9163251 0.01946009 6.022583 -0.9154928 -0.40040925 0.039110463 -33.665283 0.043634906 -0.0021773875 0.99904525 -1.348999
-0.4214139 0.90698034 0.017091073 5.673218 -0.90616363 -0.4217602 0.03849488 -34.433594 0.042121135 0.00070885674 0.99911284 -1.3068848
-0.4405869 0.89713794 0.0127079915 5.303955 -0.8964686 -0.4407519 0.03487552 -35.195557 0.036904998 0.0039887307 0.9993107 -1.2597656
-0.45993 0.8874035 0.0040014796 4.910034 -0.88686854 -0.45980033 0.032933883 -35.944458 0.031055186 0.011625063 0.9994495 -1.2172852
-0.47275496 0.8810136 0.0006411895 4.5029297 -0.8805093 -0.47250846 0.033504173 -36.68225 0.029803224 0.015270075 0.9994387 -1.171875
-0.48462328 0.8745695 -0.00035183877 4.10376 -0.8740113 -0.48429906 0.03592855 -37.404175 0.031233089 0.017721284 0.99935466 -1.1325684
-0.49511972 0.8686818 0.00018441863 3.7071533 -0.8680181 -0.49474934 0.038989544 -38.1167 0.033947863 0.019141408 0.9992399 -1.0888672
-0.503021 0.86380064 0.007243667 3.3043213 -0.8630304 -0.5028975 0.0388162 -38.82312 0.03717944 0.013295193 0.99921995 -1.0527344
-0.5162014 0.8561924 0.008979501 2.8880615 -0.85548466 -0.51615804 0.03656441 -39.518555 0.03593886 0.011195615 0.9992912 -1.0175781
-0.52290654 0.8522213 0.0072589787 2.4693604 -0.85147923 -0.52277625 0.038119067 -40.21936 0.036296166 0.013756918 0.99924666 -0.98010254
-0.5296603 0.84767365 0.0053200983 2.0214844 -0.8468648 -0.5294101 0.04078988 -40.920776 0.037399143 0.017125882 0.99915326 -0.93359375
-0.5335861 0.8458024 0.0073405467 1.5782471 -0.8448141 -0.5333482 0.044486467 -41.63257 0.041518867 0.017527217 0.9989835 -0.9036865
-0.53258264 0.8463754 0.008438172 1.1186523 -0.8452889 -0.5323613 0.046308573 -42.366333 0.043708365 0.017532174 0.9988911 -0.8609619
-0.52984035 0.8484838 0.005776008 0.65722656 -0.84742343 -0.5294977 0.04683419 -43.10388 0.042809352 0.01992155 0.9988855 -0.81884766
-0.52310705 0.85169387 0.0063072206 0.20092773 -0.850717 -0.5228361 0.044570506 -43.86133 0.04125362 0.017974315 0.9989862 -0.7755127
-0.51781476 0.855768 0.008040932 -0.27111816 -0.85478765 -0.51763463 0.043910652 -44.6427 0.04174865 0.015856432 0.99900293 -0.73083496
-0.5083311 0.8608013 0.009614126 -0.7322998 -0.8598247 -0.50823677 0.043230962 -45.446777 0.04209623 0.013720294 0.9990189 -0.69140625
-0.50303614 0.8638381 0.010880275 -1.1812744 -0.86291826 -0.5030223 0.041486815 -46.22937 0.04130684 0.011493875 0.9990798 -0.64990234
-0.49772376 0.86674017 0.014266894 -1.6474609 -0.86585814 -0.49787214 0.039798684 -47.075317 0.041617453 0.0074732075 0.9991054 -0.60595703
-0.496195 0.8677731 0.018452361 -2.1053467 -0.8670227 -0.49653345 0.03613863 -47.910767 0.040503487 0.0019477326 0.9991767 -0.5673828
-0.49613836 0.8677913 0.021003934 -2.5926514 -0.8671079 -0.4965812 0.034457184 -48.786987 0.040327366 -0.0011167135 0.9991856 -0.5131836
-0.49750954 0.8673228 0.021803973 -3.0810547 -0.8666897 -0.4979819 0.03322766 -49.661865 0.039685365 -0.0023805029 0.9992099 -0.46972656
-0.49891797 0.8662861 0.020902507 -3.5666504 -0.8656463 -0.49935353 0.033317387 -50.542236 0.03931112 -0.0014661774 0.999226 -0.41760254
-0.49609601 0.8677559 0.02086576 -4.0838623 -0.867181 -0.49652866 0.031682275 -51.448364 0.037847407 -0.0023794193 0.9992804 -0.3734131
-0.4960877 0.86780435 0.02054959 -4.595459 -0.8672573 -0.49650648 0.030909104 -52.353638 0.03702161 -0.0024736468 0.99931085 -0.32666016
-0.49887377 0.8665686 0.020376392 -5.102661 -0.86605173 -0.49928305 0.03004817 -53.26233 0.036219027 -0.0026724543 0.9993407 -0.27416992
-0.49605015 0.8677715 0.021678086 -5.616211 -0.8673083 -0.49650222 0.028705735 -54.18982 0.035672277 -0.0045476253 0.99935275 -0.2290039
-0.49742937 0.86688846 0.022027178 -6.1121826 -0.8664778 -0.49788594 0.027239367 -55.087646 0.03459559 -0.0055221496 0.999386 -0.17919922
-0.4946281 0.868696 0.023069812 -6.621826 -0.86828685 -0.4951233 0.027431859 -56.011475 0.03524409 -0.0064592417 0.9993575 -0.12683105
-0.49359196 0.8695207 0.023273053 -7.13562 -0.86916685 -0.49408492 0.02590181 -56.93286 0.034040987 -0.0074609164 0.9993933 -0.07739258
-0.4921793 0.8702951 0.020930875 -7.645874 -0.87002593 -0.4925745 0.022751775 -57.85376 0.03011539 -0.007017753 0.9995219 -0.025390625
-0.48798504 0.8727471 0.019463789 -8.157715 -0.87250394 -0.48833036 0.021594916 -58.777344 0.028340103 -0.0064499667 0.9995775 0.01940918
-0.48557448 0.87362903 0.019058265 -8.660034 -0.8733847 -0.4859091 0.02156392 -59.684326 0.02811607 -0.006175015 0.99958575 0.06506348
-0.482787 0.8757193 0.01883281 -9.161499 -0.8754594 -0.4831193 0.022115573 -60.610962 0.028457573 -0.005812218 0.9995781 0.111206055
-0.48037386 0.8765442 0.01879526 -9.638062 -0.8763029 -0.48070168 0.021461837 -61.519165 0.027851112 -0.0061483905 0.9995931 0.1586914
-0.48279226 0.87541634 0.019675719 -10.124023 -0.87512875 -0.4831556 0.023228474 -62.420654 0.029834997 -0.006002613 0.9995367 0.19897461
-0.48418164 0.87512183 0.023656601 -10.626831 -0.8748153 -0.48468125 0.024753964 -63.3208 0.03311027 -0.0087312525 0.99941397 0.24682617
-0.4893827 0.8723298 0.025364792 -11.110352 -0.87202346 -0.48994136 0.025118124 -64.2146 0.034308437 -0.009833076 0.99936306 0.29943848
-0.49458966 0.86920446 0.024530962 -11.611694 -0.86892545 -0.49510726 0.023968875 -65.1084 0.03295372 -0.009464474 0.99941206 0.34057617
-0.49877763 0.866309 0.019813633 -12.128784 -0.8661017 -0.49912074 0.020218657 -65.999756 0.02741056 -0.007065967 0.9995993 0.39904785
-0.5039772 0.8627911 0.022925192 -12.626831 -0.86266893 -0.5043847 0.018018655 -66.87622 0.027125794 -0.010678612 0.99957466 0.44006348
-0.5106196 0.85967517 0.02227889 -13.133179 -0.8594601 -0.5110361 0.0209988 -67.76001 0.029447313 -0.008428596 0.9995311 0.48632812
-0.5144603 0.85741204 0.023767175 -13.639648 -0.85713893 -0.51494044 0.02322274 -68.60828 0.032149866 -0.008435814 0.9994479 0.52819824
-0.51968884 0.85429484 0.026584389 -14.126343 -0.8540351 -0.52026314 0.02352945 -69.45581 0.033920314 -0.010485608 0.9993698 0.57714844
-0.5224899 0.8520561 0.026911756 -14.650391 -0.85180867 -0.5230708 0.023194678 -70.310425 0.03384492 -0.010793641 0.9993686 0.6251221
-0.52632713 0.8495383 0.026659738 -15.151123 -0.8493171 -0.52688783 0.022247003 -71.14392 0.03293322 -0.010918582 0.99939734 0.67614746
-0.52771676 0.8486022 0.020949505 -15.669556 -0.8484991 -0.52805114 0.016139168 -71.996826 0.024777 -0.009250793 0.99965006 0.71777344
-0.5291133 0.84811854 0.0160455 -16.209229 -0.8481488 -0.529263 0.006912165 -72.83179 0.01436663 -0.0099569205 0.99984723 0.7630615
-0.5315639 0.84664446 0.013478679 -16.72351 -0.8466993 -0.53164065 0.0026540915 -73.6687 0.009408055 -0.009995437 0.99990565 0.7972412
-0.532959 0.8458934 0.017100845 -17.246826 -0.84589577 -0.53314835 0.009296423 -74.486084 0.016979128 -0.009505666 0.9998105 0.82177734
-0.532965 0.8455471 0.018826224 -17.760254 -0.84546614 -0.53323287 0.014334925 -75.29822 0.022158112 -0.008271808 0.9997201 0.85180664
-0.5344065 0.84498054 0.015897706 -18.280273 -0.84476244 -0.53463423 0.019434862 -76.11633 0.024919927 -0.0030404213 0.9996847 0.88623047
-0.53302354 0.8460723 0.011818609 -18.81543 -0.8458478 -0.53315437 0.01949428 -76.933105 0.022784933 0.00039525237 0.9997401 0.921875
-0.5330096 0.84636843 0.01036852 -19.339966 -0.8461932 -0.5331105 0.017224204 -77.759155 0.02010379 0.00039930735 0.99979794 0.9609375
-0.5329714 0.84638304 0.009547297 -19.842041 -0.84631467 -0.5330523 0.010985352 -78.57764 0.014386084 -0.0022294894 0.999894 0.99157715
-0.5315552 0.84702736 0.008079298 -20.360107 -0.84702826 -0.5315973 0.004385164 -79.395996 0.008008418 -0.0045110728 0.9999577 1.0179443
-0.5329971 0.8463386 0.014864582 -20.84375 -0.8464449 -0.5330328 -0.0017810245 -80.212036 0.0064074523 -0.013526056 0.9998879 1.0473633
-0.5292569 0.84782404 0.021845877 -21.34082 -0.84808886 -0.5292325 -0.007361517 -81.0387 0.005330936 -0.022427011 0.99973404 1.057373
-0.5278237 0.84899604 0.018220764 -21.84851 -0.84918445 -0.5277861 -0.0072023165 -81.85181 0.0035046213 -0.019278653 0.9998079 1.0838623
-0.5263573 0.8506682 0.014025401 -22.341064 -0.85077363 -0.52636033 -0.003766092 -82.659424 0.004174535 -0.013916887 0.99989444 1.104248
-0.5196897 0.8539699 0.014655793 -22.853516 -0.85406536 -0.51973945 -0.0004775785 -83.47571 0.007207541 -0.012761751 0.9998924 1.1166992
-0.5116325 0.85956764 0.010810941 -23.340576 -0.8596121 -0.51167125 0.0009985629 -84.287964 0.0063801613 -0.008780437 0.99994105 1.1408691
-0.50396967 0.8635348 0.0034400057 -23.818726 -0.8635262 -0.5039805 0.003975451 -85.100586 0.0051687206 -0.00096644904 0.9999861 1.1687012
-0.49455464 0.869701 0.004686585 -24.286621 -0.86970425 -0.49456722 0.0019915225 -85.9198 0.004048326 -0.0030918063 0.99998695 1.1896973
-0.48274842 0.8755196 0.006815868 -24.733276 -0.87554 -0.48275933 -3.9655017e-05 -86.75403 0.0032570562 -0.0059862733 0.9999767 1.1992188
-0.47096813 0.88212353 0.00407314 -25.179932 -0.8821325 -0.47095847 -0.003129192 -87.58801 -0.00084162364 -0.005064454 0.99998677 1.2175293
-0.45960653 0.8878791 0.0038488712 -25.616455 -0.88788486 -0.45959038 -0.0044092033 -88.42883 -0.002146165 -0.0054455763 0.99998283 1.2294922
-0.44788086 0.89419186 0.0036776753 -26.03125 -0.8941953 -0.44786274 -0.004829119 -89.269165 -0.0026705936 -0.0054503987 0.9999815 1.2384033
-0.43379593 0.9010246 0.0012694527 -26.448853 -0.9010209 -0.43378863 -0.0038182973 -90.12329 -0.0028886208 -0.0028000541 0.99999183 1.2545166
-0.42114413 0.90662766 0.0022286808 -26.84253 -0.90662974 -0.4211453 0.00011554989 -90.962036 0.00104432 -0.0019726572 0.99999744 1.263794
-0.41091076 0.9116304 0.0045808884 -27.218262 -0.9115758 -0.4109362 0.00997648 -91.800415 0.010975752 -7.818383e-05 0.9999397 1.279541
-0.3983512 0.917414 0.006189316 -27.589478 -0.9173128 -0.39839923 0.013632452 -92.642456 0.0149671445 -0.00025222916 0.9998879 1.2990723
-0.38717344 0.9218684 0.006854972 -27.934692 -0.9218116 -0.38722754 0.010488344 -93.502686 0.012325595 -0.0022577445 0.9999215 1.3126221
-0.37466696 0.9271422 0.0051321117 -28.2854 -0.9271243 -0.37469435 0.006265717 -94.36987 0.007732379 -0.0024106489 0.99996716 1.3444824
-0.3635782 0.9312735 0.008758272 -28.61377 -0.9312627 -0.36364126 0.0071538715 -95.228516 0.0098568015 -0.0055556507 0.9999359 1.3664551
-0.3585205 0.9333368 0.016192144 -28.922852 -0.9333352 -0.3587147 0.011230509 -96.09546 0.016294355 -0.011087897 0.99980575 1.3897705
-0.3511584 0.9359772 0.024822822 -29.240723 -0.9360002 -0.35159805 0.016251404 -96.96484 0.023938578 -0.017526774 0.99955976 1.4108887
-0.34748474 0.937167 0.02951197 -29.554077 -0.93723685 -0.3480791 0.018053493 -97.84021 0.02718722 -0.021373972 0.9994015 1.4450684
-0.34449688 0.93830526 0.031502616 -29.855835 -0.9383961 -0.34516677 0.018969283 -98.7124 0.028658511 -0.02302459 0.99932396 1.4777832
-0.3378514 0.94032556 0.033485115 -30.167236 -0.9404827 -0.33856633 0.018487457 -99.59241 0.028732715 -0.02524614 0.9992681 1.5235596
-0.33353272 0.9420879 0.03445255 -30.472778 -0.9423817 -0.33416685 0.014501355 -100.482544 0.025176425 -0.02763912 0.99930114 1.5571289
-0.32851827 0.9440946 0.030434867 -30.778442 -0.94436234 -0.32896987 0.011124334 -101.35474 0.020503141 -0.025090076 0.99947494 1.5869141
-0.32195047 0.9463425 0.032190748 -31.077759 -0.9467435 -0.32231203 0.0066240914 -102.24194 0.016629841 -0.028338065 0.9994601 1.6273193
-0.31607327 0.94793844 0.037261155 -31.351807 -0.9485057 -0.31650725 0.0062245512 -103.11987 0.01771006 -0.033384964 0.99928576 1.6529541
-0.30890787 0.9498451 0.047373362 -31.609863 -0.95078874 -0.30955985 0.0069064125 -103.98132 0.021242136 -0.042895757 0.99885315 1.6722412
-0.30297628 0.9516525 0.048718117 -31.873901 -0.95259583 -0.3037731 0.009682773 -104.84448 0.024037343 -0.043465286 0.9987652 1.7106934
-0.29565012 0.95425546 0.046503082 -32.148315 -0.95501 -0.29655182 0.013711777 -105.712524 0.026865883 -0.040360153 0.9988241 1.7491455
-0.28844142 0.95652705 0.044878744 -32.406372 -0.95728487 -0.2891973 0.011245853 -106.59534 0.023718212 -0.039707758 0.9989297 1.779541
-0.28199896 0.95839363 0.045275897 -32.64868 -0.95928806 -0.2825321 0.0057162256 -107.46338 0.018252714 -0.041807264 0.99895877 1.8172607
-0.27391866 0.9606819 0.04346935 -32.898926 -0.961545 -0.2743186 0.0033977097 -108.35156 0.015197485 -0.040875617 0.9990487 1.8509521
-0.26673865 0.96253973 0.047706883 -33.134888 -0.9635283 -0.26734802 0.0067716376 -109.23767 0.01926303 -0.044161364 0.9988388 1.8737793
-0.25951716 0.9646469 0.04827785 -33.358276 -0.96558464 -0.26030016 0.010608606 -110.108765 0.022780642 -0.043848462 0.9987782 1.8989258
-0.25435913 0.9660248 0.047788076 -33.585327 -0.9669251 -0.25516534 0.01151647 -110.98767 0.023299672 -0.043282714 0.9987916 1.9205322
-0.24792793 0.9676604 0.04906857 -33.796875 -0.96864665 -0.24871027 0.010455041 -111.86499 0.022301745 -0.04493642 0.9987412 1.9544678
-0.23853685 0.9701234 0.045598328 -34.00891 -0.970956 -0.23925437 0.010915629 -112.74194 0.021476489 -0.041659407 0.9989009 1.9836426
-0.23050639 0.97223765 0.04132271 -34.223633 -0.97290295 -0.23113643 0.0111054275 -113.615845 0.020359809 -0.037648913 0.9990837 2.0179443
-0.2234045 0.9738538 0.040498566 -34.425903 -0.97447187 -0.22404945 0.012105277 -114.51062 0.020847445 -0.036756646 0.99910665 2.053833
-0.21490486 0.9755431 0.046592236 -34.617676 -0.97645414 -0.2155819 0.009969614 -115.39038 0.01975488 -0.04333196 0.9988648 2.0837402
-0.20838782 0.97670233 0.05037077 -34.79541 -0.9778089 -0.20909154 0.009063171 -116.2948 0.019403623 -0.0473806 0.99868864 2.109253
-0.2026746 0.97805935 0.048173923 -34.987915 -0.97909164 -0.20326935 0.007731942 -117.20508 0.017363992 -0.04561342 0.9988085 2.1496582
-0.1991279 0.97887456 0.04578864 -35.167236 -0.97980016 -0.1996833 0.007849852 -118.083984 0.016822886 -0.04330227 0.99892044 2.17688
-0.1933776 0.9800492 0.043750335 -35.349243 -0.9808549 -0.19398236 0.009978679 -118.99414 0.0182764 -0.04098174 0.9989924 2.197876
-0.18917271 0.9812377 0.038114425 -35.526245 -0.981853 -0.1896237 0.008554984 -119.86609 0.015612169 -0.035791818 0.9992371 2.222046
-0.18192756 0.98274153 0.030395472 -35.70337 -0.9831302 -0.1822238 0.007248457 -120.74768 0.012678424 -0.028575536 0.9995113 2.2487793
-0.1790844 0.9834919 0.027324496 -35.870117 -0.9838109 -0.17931187 0.0061006355 -121.645996 0.010889008 -0.025788965 0.9996081 2.2757568
-0.17343608 0.98448837 0.029476376 -36.020752 -0.9848456 -0.17373489 0.0078918245 -122.53577 0.012882003 -0.027674373 0.9995343 2.2939453
-0.16908932 0.98511827 0.029651621 -36.174683 -0.9854484 -0.16945517 0.010272953 -123.422485 0.015153721 -0.02749842 0.99950725 2.3153076
-0.16846967 0.9851988 0.03286144 -36.31787 -0.9856373 -0.16885364 0.00926842 -124.31238 0.01467162 -0.030826554 0.9994171 2.3392334
-0.16631675 0.98543435 0.03262019 -36.46045 -0.9858781 -0.16667175 0.008460457 -125.19263 0.0137856295 -0.030762028 0.9994317 2.36438
-0.1663456 0.9855316 0.031137668 -36.60742 -0.98597395 -0.16657104 0.004768611 -126.07605 0.009893841 -0.029912174 0.9995035 2.387329
-0.16360809 0.98595774 0.030425822 -36.74695 -0.9864197 -0.16365027 -0.0011187117 -126.9624 0.0038879272 -0.030205423 0.99953616 2.4104004
-0.16364099 0.98596436 0.02998959 -36.88806 -0.9864194 -0.16360988 -0.0035087683 -127.8363 0.0014621188 -0.030170107 0.9995436 2.425293
-0.16292144 0.9861706 0.030743271 -37.0271 -0.9866297 -0.16303718 0.0012763662 -128.69812 0.0062740515 -0.030123299 0.99952644 2.442505
-0.1622287 0.98630595 0.03126467 -37.163086 -0.98675513 -0.16244578 0.004517474 -129.56213 0.009525859 -0.030109735 0.9995011 2.4604492
-0.1635716 0.9859929 0.033491664 -37.29785 -0.98651737 -0.16379166 0.0039212266 -130.42761 0.009351021 -0.032406792 0.99943113 2.475708
-0.16228688 0.9861567 0.034925472 -37.42798 -0.98673284 -0.16250478 0.003476124 -131.29639 0.009094763 -0.03389611 0.999384 2.4938965
-0.1607331 0.9865472 0.030853836 -37.57556 -0.9869911 -0.1609249 0.0038162612 -132.1466 0.008735896 -0.029841578 0.9995164 2.5144043
-0.16007994 0.9865596 0.03216046 -37.708252 -0.98703337 -0.16031528 0.0048613334 -133.0072 0.00995381 -0.03096644 0.9994708 2.5446777
-0.15863526 0.986465 0.04046826 -37.838257 -0.98718876 -0.15908478 0.008112049 -133.86804 0.014450026 -0.038658306 0.9991478 2.5557861
-0.1587076 0.9861406 0.047378004 -37.95288 -0.9871308 -0.15932976 0.00963185 -134.72998 0.01705323 -0.04524623 0.9988304 2.5777588
-0.15865077 0.9861912 0.046859644 -38.082886 -0.98710424 -0.15939496 0.01257031 -135.56506 0.019877454 -0.044269495 0.9988219 2.6044922
-0.1579949 0.9863739 0.045477968 -38.22473 -0.9872467 -0.15866648 0.011527869 -136.4403 0.018592887 -0.04306743 0.99889874 2.642212
-0.1564758 0.9865667 0.046182603 -38.33972 -0.9874311 -0.15724815 0.013571181 -137.25806 0.020653283 -0.043479532 0.9988408 2.6591797
-0.15445949 0.98724437 0.04025568 -38.479736 -0.98788685 -0.15507613 0.012669109 -138.11084 0.018733408 -0.037810657 0.9991094 2.684082
-0.15228057 0.987756 0.032779947 -38.61206 -0.98820317 -0.15264532 0.008915493 -138.95447 0.013805639 -0.031031504 0.9994229 2.7175293
-0.1507895 0.9881553 0.02784389 -38.74292 -0.9885102 -0.15096915 0.004454339 -139.78882 0.008609214 -0.026860036 0.99960214 2.7473145
-0.14515425 0.9890461 0.023343205 -38.864502 -0.98928475 -0.14531195 0.005193824 -140.62366 0.008535169 -0.02234108 0.99971396 2.762085
-0.14104654 0.9897108 0.024959639 -38.979126 -0.9899532 -0.14129566 0.008512295 -141.43994 0.011940939 -0.023498025 0.99965245 2.7904053
-0.13395561 0.9907125 0.02170412 -39.0885 -0.9908331 -0.13424422 0.012427971 -142.26538 0.015224041 -0.019836113 0.9996872 2.8052979
-0.12626255 0.9918499 0.020429535 -39.19629 -0.9918848 -0.12660073 0.016201228 -143.10986 0.018652573 -0.018216299 0.9996602 2.8095703
-0.1164999 0.99306536 0.019321598 -39.286377 -0.99317837 -0.11670791 0.010016585 -143.92651 0.012196042 -0.018023465 0.99976325 2.838623
-0.10464193 0.99445873 0.012311061 -39.374023 -0.994481 -0.1047573 0.00912364 -144.70923 0.010365092 -0.011290336 0.9998827 2.8652344
-0.09011949 0.99592566 0.008579463 -39.457764 -0.9959058 -0.090202935 0.00989537 -145.573 0.010630026 -0.007655085 0.99991435 2.8985596
-0.07632386 0.9970195 0.007608788 -39.508423 -0.99698126 -0.07640517 0.011023419 -146.3169 0.011577797 -0.0067439536 0.99991035 2.9118652
-0.061342843 0.99812424 0.0051712515 -39.558838 -0.99806654 -0.061399452 0.011623593 -147.1676 0.011914104 -0.0044504227 0.9999192 2.9317627
-0.04837788 0.998853 -0.0002598632 -39.60132 -0.99876577 -0.04837025 0.013238365 -147.94446 0.0132088605 0.0008963514 0.99991244 2.9484863
-0.033411037 0.99940157 0.006338113 -39.62317 -0.999219 -0.03353119 0.019916672 -148.77136 0.020122299 -0.0056674313 0.9997816 2.973999
-0.019979494 0.9997296 0.0111292545 -39.6261 -0.99936444 -0.020294681 0.028987106 -149.53796 0.029202044 -0.010527023 0.99951786 3.0064697
-0.007225871 0.99980676 0.018353375 -39.612305 -0.9992716 -0.007907987 0.03736422 -150.30261 0.03750807 -0.018068643 0.9991331 3.026001
