1 0 0 0 0 1 0 0 0 0 1 0
0.99994992 -0.0021917327 0.0097645683 0.012864172 0.0021809986 0.99999701 0.0011098207 -0.0076432079 -0.0097669724 -0.0010884686 0.99995171 0.28807107
0.99986314 -0.0038079591 0.016099984 0.020562468 0.0037837527 0.99999167 0.0015337094 -0.013002701 -0.016105692 -0.0014725811 0.99986921 0.5713612
0.99980468 -0.006820385 0.01854959 0.031632623 0.0068262761 0.99997667 -0.00025426174 -0.017111026 -0.018547424 0.00038083672 0.99982791 0.87212271
0.99983569 -0.0078579466 0.016335265 0.025397034 0.0078789191 0.99996822 -0.0012198879 -0.022552833 -0.016325162 0.0013483918 0.99986583 1.1762073
0.99988916 -0.0106571 0.010397162 0.02410994 0.010694307 0.99993659 -0.0035294605 -0.02054776 -0.010358889 0.0036402598 0.99993972 1.5071393
0.99992691 -0.011898372 -0.0021443935 0.017260487 0.01188897 0.99991988 -0.0043455686 -0.033973891 0.0021959271 0.0043197565 0.99998826 1.8226461
0.9997819 -0.011024663 -0.017737062 -0.0070927819 0.010938556 0.99992795 -0.00494439 -0.039185045 0.017790296 0.0047492939 0.99983046 2.1610895
0.99928048 -0.0077581469 -0.037125779 -0.04519769 0.007554947 0.99995572 -0.0056104634 -0.04481794 0.037167665 0.0053259434 0.99929485 2.4892587
0.99836495 -0.0036024794 -0.057047704 -0.08562897 0.0032421157 0.99997421 -0.0064081812 -0.051072011 0.057069323 0.0062127484 0.99835089 2.8356787
0.99705731 -0.0028072776 -0.076608406 -0.12477271 0.0023062044 0.99997537 -0.0066283946 -0.054202694 0.076625134 0.0064322147 0.99703922 3.1904519
0.99529754 -0.0041338086 -0.09677668 -0.18462286 0.0035650345 0.99997535 -0.0060493593 -0.061818034 0.096799309 0.0056759002 0.99528774 3.5957392
0.99307367 -0.0052781226 -0.11737474 -0.23574137 0.0046915303 0.99997509 -0.005273334 -0.069345141 0.11739966 0.004686142 0.99307369 3.9594667
0.9909123 -0.0041856843 -0.13444435 -0.3152422 0.0035963865 0.99998283 -0.004625773 -0.077947296 0.13446142 0.0041002215 0.99091035 4.3579614
0.98851403 -0.0036130029 -0.15108596 -0.38684855 0.0030249299 0.99998693 -0.0041219599 -0.085517665 0.15109889 0.0036175907 0.98851203 4.759511
0.98651083 -0.0030148514 -0.16366823 -0.47687406 0.0023825698 0.99998892 -0.0040593536 -0.091887895 0.16367867 0.0036146452 0.98650709 5.1858926
0.98424485 -0.0043244592 -0.17675793 -0.56641557 0.0034945386 0.99998136 -0.005006266 -0.10184627 0.1767763 0.0043097041 0.98424162 5.6148088
0.98253498 -0.0070253178 -0.18594529 -0.65381309 0.0058463662 0.99995919 -0.0068878978 -0.1127937 0.18598611 0.0056804962 0.98253595 6.0703328
0.98103472 -0.005788888 -0.1937456 -0.74691581 0.0042055762 0.99995433 -0.0085824277 -0.11907801 0.19378645 0.0076048477 0.98101426 6.5139005
0.97959858 -0.0061300227 -0.20087073 -0.85950636 0.0040790994 0.99993526 -0.010622484 -0.1238622 0.20092285 0.0095863989 0.97956016 7.0051187
0.97795425 -0.0064747288 -0.20871883 -0.96924899 0.0038429248 0.99990795 -0.013012378 -0.13550705 0.20878389 0.01192342 0.97788912 7.4772968
0.9760894 -0.010439153 -0.21711863 -1.0989432 0.0073664825 0.99986101 -0.014956602 -0.14721851 0.2172446 0.012999581 0.97603063 7.9852865
0.9741428 -0.015966185 -0.22536831 -1.2110593 0.01262907 0.99978834 -0.016241361 -0.16346645 0.22557994 0.012975213 0.97413826 8.4825643
0.97235773 -0.017233756 -0.23285926 -1.3433941 0.013201659 0.99973491 -0.018863126 -0.18720813 0.23312263 0.015267579 0.97232749 9.0180088
0.97035827 -0.013452986 -0.24129617 -1.4997116 0.0081684842 0.99970468 -0.022887465 -0.19315231 0.24153284 0.020238017 0.97018159 9.559258
0.96816568 -0.010564817 -0.25008719 -1.6512593 0.004181496 0.99965211 -0.02604196 -0.20968513 0.25027533 0.024167193 0.96787303 10.08284
0.96594472 -0.01320572 -0.25841129 -1.8080839 0.0062245282 0.9995937 -0.027815368 -0.23375054 0.25867364 0.025259619 0.96563446 10.65053
0.96356926 -0.014989929 -0.26703853 -1.9707022 0.0073413894 0.99953435 -0.029617495 -0.26334425 0.26735817 0.026578074 0.96323062 11.22441
0.96114433 -0.015194488 -0.27562781 -2.155324 0.0065223925 0.99945524 -0.032352507 -0.28516833 0.27596926 0.029297677 0.96071984 11.76634
0.9588608 -0.014486882 -0.28350678 -2.3377243 0.0045550568 0.9993536 -0.035660002 -0.30804012 0.28384014 0.032901589 0.95830698 12.372225
0.9568234 -0.015423997 -0.29026037 -2.5300636 0.0036811189 0.99915405 -0.040958978 -0.33966847 0.2906466 0.038122026 0.95607075 12.967725
0.95484844 -0.016522073 -0.29663355 -2.7322132 0.0022425417 0.99882481 -0.048414511 -0.38255768 0.29708488 0.045563308 0.95376337 13.574906
0.95359137 -0.016944356 -0.30062664 -2.939041 5.7846472e-06 0.99841639 -0.056255848 -0.41518543 0.30110381 0.053643353 0.95208135 14.190129
0.95242346 -0.0168019 -0.30431438 -3.1360623 -0.0031127563 0.99789095 -0.064837968 -0.46135968 0.30476199 0.062700459 0.95036245 14.810349
0.95083877 -0.016598827 -0.30924116 -3.3682369 -0.0066192583 0.99724512 -0.073880674 -0.50810792 0.3096156 0.072295558 0.94810946 15.444744
0.94962921 -0.015093332 -0.31301205 -3.5916989 -0.010890895 0.99664653 -0.081099203 -0.56789483 0.31318646 0.080423155 0.94628028 16.081049
0.94803056 -0.014359897 -0.31785505 -3.8303898 -0.01427484 0.99605562 -0.08757526 -0.63058447 0.31785891 0.087561354 0.94408619 16.777035
0.94635176 -0.012777948 -0.32288553 -4.079908 -0.01845839 0.99544871 -0.093494188 -0.70192325 0.32261068 0.094438338 0.94180877 17.424536
0.94471849 -0.010853332 -0.32770286 -4.3221543 -0.022851567 0.99484229 -0.098826266 -0.77774718 0.32708528 0.10085153 0.93959789 18.102828
0.94302631 -0.0078115617 -0.33262644 -4.5956537 -0.027804975 0.99437704 -0.10218207 -0.85322602 0.33155433 0.10560905 0.93750652 18.800139
0.94100739 -0.0079278419 -0.33829311 -4.8594023 -0.028775664 0.99422945 -0.10334294 -0.92824961 0.33716029 0.10698108 0.93534913 19.473965
0.93881877 -0.0070035838 -0.34434031 -5.1449461 -0.030120715 0.99429284 -0.10234498 -1.0170109 0.34309191 0.10645517 0.93324983 20.199016
0.93682355 -0.0069136235 -0.34973393 -5.419691 -0.030439491 0.99440082 -0.10119505 -1.1054798 0.34847536 0.10544763 0.93136767 20.930122
0.93403304 -0.0066262227 -0.35712514 -5.6994942 -0.030783093 0.99461464 -0.0989652 -1.1876633 0.35585769 0.10343018 0.92879896 21.646164
0.93140737 -0.0059634375 -0.36392958 -5.9857572 -0.031111646 0.99490205 -0.095926937 -1.2715797 0.36264637 0.10066951 0.92647357 22.351664
0.92767396 -0.0027342123 -0.37338123 -6.3247103 -0.033547982 0.99531857 -0.090639261 -1.3561181 0.37188113 0.09660987 0.92323939 23.180601
0.92459498 -0.0016257094 -0.38094811 -6.6378093 -0.033320631 0.99581324 -0.0851218 -1.433651 0.37949159 0.091396622 0.92066976 23.872024
0.92053946 0.0022677425 -0.39064299 -6.9881104 -0.036832491 0.99603229 -0.081012624 -1.5103591 0.38890935 0.088963673 0.91697055 24.625475
0.91724296 0.0014228342 -0.39832565 -7.3293984 -0.035877563 0.99622416 -0.079058373 -1.5865429 0.39670918 0.08680669 0.91383064 25.363
0.91321069 0.0034594714 -0.40747301 -7.6818687 -0.038814938 0.9961556 -0.078532911 -1.666112 0.40563487 0.087533135 0.90983422 26.141611
0.90907192 0.0029147222 -0.41662901 -8.0446117 -0.038607954 0.99626228 -0.077271566 -1.7307995 0.41484658 0.086330605 0.9057866 26.863122
0.90503014 0.0041618171 -0.42532707 -8.4468417 -0.040115979 0.99633007 -0.075611513 -1.8053429 0.4234515 0.085493111 0.90187569 27.661045
0.90149659 0.0032385238 -0.43277406 -8.8256175 -0.038721649 0.99656513 -0.073202244 -1.8817917 0.43105051 0.0827493 0.89852547 28.432129
0.89811658 0.0036056615 -0.43974264 -9.2326214 -0.037728202 0.99691124 -0.068880736 -1.951624 0.43813606 0.078453631 0.89547855 29.216354
0.89383959 0.0054856567 -0.44835329 -9.6257513 -0.038001695 0.9972543 -0.063558855 -2.0210299 0.44677363 0.073849608 0.89159384 30.036225
0.89052056 0.0045632896 -0.4549201 -10.042001 -0.035419183 0.99761003 -0.059327176 -2.0817637 0.45356216 0.068944969 0.88855387 30.813215
0.88619851 0.0059615632 -0.46326736 -10.497104 -0.036717766 0.99767583 -0.057399942 -2.150238 0.46184849 0.067877886 0.88435772 31.633508
0.88314378 0.0052683926 -0.4690728 -10.934092 -0.035791537 0.99777894 -0.056179722 -2.2092642 0.46773502 0.066403609 0.88137083 32.452787
0.88068673 0.0048815121 -0.47367397 -11.372776 -0.034836406 0.99790665 -0.054486136 -2.266189 0.47241647 0.064486317 0.8790132 33.270482
0.87800347 0.004775986 -0.47863042 -11.877447 -0.034353629 0.99800023 -0.05306008 -2.3295316 0.4774199 0.063029627 0.87641173 34.124983
0.87519445 0.0022009489 -0.48376628 -12.325443 -0.031787223 0.99809025 -0.052966183 -2.3898964 0.48272587 0.061733296 0.87359301 34.946593
0.87297658 0.0015220412 -0.48775972 -12.810614 -0.031468633 0.99808754 -0.053207032 -2.4476284 0.48674596 0.061797626 0.87135495 35.791741
0.8720832 0.0015501414 -0.48935516 -13.330904 -0.031879507 0.99805073 -0.053651137 -2.5111575 0.48831814 0.062388657 0.87043269 36.674009
0.87179381 0.0018364818 -0.48986954 -13.809685 -0.031713142 0.9981069 -0.052696304 -2.5717951 0.48884543 0.061475614 0.87020165 37.531827
0.87086028 0.0010012854 -0.4915296 -14.315583 -0.030097129 0.99823015 -0.051290661 -2.6321463 0.49060835 0.05946063 0.86934912 38.410729
0.87155861 0.0016125468 -0.49028866 -14.851303 -0.030525923 0.99823299 -0.050981052 -2.7015613 0.48934015 0.059399489 0.87006778 39.333206
0.87117089 -0.0013137733 -0.49097814 -15.355072 -0.027501994 0.99829581 -0.051469642 -2.7645545 0.49020907 0.058341733 0.86965012 40.237355
0.86969856 -0.0021339739 -0.4935786 -15.891373 -0.027196686 0.9982643 -0.052237246 -2.8330532 0.49283341 0.058854361 0.86813099 41.147232
0.86844804 -0.0039631702 -0.49576433 -16.415438 -0.024102647 0.99844815 -0.050203117 -2.8905596 0.49519398 0.055548032 0.86700482 42.040484
0.86594159 -0.0022772387 -0.50013994 -16.964472 -0.024157391 0.99863205 -0.046373043 -2.9564176 0.49956142 0.052238424 0.86470201 42.98912
0.86342956 -0.0025485605 -0.50446296 -17.480468 -0.021683651 0.99887556 -0.042159684 -3.0230022 0.50400321 0.047340517 0.86240342 43.884692
0.85999797 -0.0058745049 -0.51026362 -18.029482 -0.01693603 0.99905431 -0.040045771 -3.0813114 0.51001636 0.043081122 0.85908518 44.812258
0.85482867 -0.0050652536 -0.5188856 -18.612446 -0.019485075 0.99893381 -0.041851715 -3.1523945 0.51854441 0.045886572 0.85381856 45.717956
0.85022147 -0.0076539827 -0.52636949 -19.159713 -0.019151643 0.99878264 -0.045458184 -3.2118049 0.5260767 0.048730365 0.84903986 46.61052
0.84353123 -0.0097507655 -0.53699158 -19.749236 -0.017442005 0.99881045 -0.045535242 -3.2706696 0.53679685 0.047776609 0.84235774 47.514319
0.83700811 -0.0075041754 -0.54713901 -20.313578 -0.017457659 0.99903072 -0.040408565 -3.3256882 0.54691195 0.043374063 0.83606581 48.405721
0.83263803 -0.0053345952 -0.55379186 -20.924286 -0.016914136 0.9992422 -0.035056319 -3.3863912 0.55355925 0.038556136 0.83191683 49.275932
0.82868141 -0.0045852167 -0.55970177 -21.550857 -0.01935266 0.99913383 -0.036838248 -3.4425462 0.55938594 0.04135889 0.82787489 50.170945
0.82520937 -0.0037469642 -0.56481451 -22.188341 -0.023683447 0.99886901 -0.041228628 -3.5051067 0.56433024 0.047399005 0.82418732 51.05395
0.82327875 -0.0064027871 -0.56760116 -22.790393 -0.02546557 0.99851301 -0.048200267 -3.567063 0.56706581 0.054136543 0.8218915 51.892907
0.81844756 -0.0068595178 -0.57454026 -23.409308 -0.026542964 0.99840987 -0.049731297 -3.6313168 0.57396785 0.055952461 0.81696405 52.783843
0.81586407 -0.0056267434 -0.57821633 -23.992724 -0.025733592 0.99860864 -0.046027801 -3.6957241 0.57767086 0.052432013 0.81458412 53.611121
0.81325351 -0.0047381693 -0.58189024 -24.650414 -0.022936852 0.99892873 -0.040190685 -3.7598309 0.58145736 0.046031946 0.81227361 54.513922
0.81068899 -0.0041678728 -0.58546218 -25.291615 -0.021644468 0.99907774 -0.037083454 -3.8111636 0.58507684 0.042735165 0.80985111 55.367164
0.80737142 -0.0004698393 -0.59004334 -25.932586 -0.026777941 0.99894017 -0.037436375 -3.870481 0.58943563 0.046025206 0.80650316 56.20329
0.80387279 -0.0024660029 -0.59479612 -26.612874 -0.02609225 0.99888259 -0.039405259 -3.9316831 0.59422871 0.047196385 0.80291019 57.0975
0.80031309 -0.0032574762 -0.59957344 -27.249386 -0.027087742 0.99876779 -0.041583121 -3.9909551 0.59897015 0.049520607 0.7992387 57.953473
0.79736269 -0.0041362676 -0.60348621 -27.878028 -0.026766444 0.99875012 -0.042210839 -4.0500112 0.60290657 0.049810528 0.79625537 58.784542
0.79236975 -0.0067685317 -0.61000355 -28.562393 -0.023459513 0.99886072 -0.041556197 -4.1143836 0.60958991 0.04723826 0.79130823 59.638662
0.7883184 -0.0066048436 -0.61523203 -29.248423 -0.023627294 0.99887983 -0.040997986 -4.1703589 0.6148137 0.046855735 0.78727929 60.490343
0.78176108 -0.0082345855 -0.62352367 -29.940949 -0.022515578 0.99888804 -0.04142141 -4.2314889 0.62317148 0.046420643 0.78070639 61.305354
0.77551794 -0.0080433058 -0.63127427 -30.650684 -0.024291087 0.99879825 -0.04256757 -4.2947436 0.63085807 0.048346253 0.77439058 62.130438
0.77021703 -0.010629052 -0.63769328 -31.317765 -0.022003165 0.99882307 -0.043224156 -4.3518044 0.63740225 0.047323252 0.76907666 62.942871
0.76473172 -0.014040133 -0.64419581 -32.052165 -0.019008302 0.99883589 -0.044334406 -4.411637 0.64406841 0.046148995 0.76357461 63.810085
0.75956838 -0.015232872 -0.65024903 -32.784361 -0.018809226 0.99879319 -0.045369357 -4.4783396 0.65015547 0.046691811 0.7583652 64.616162
0.75258379 -0.016078761 -0.65830014 -33.521765 -0.01848642 0.99879194 -0.045529256 -4.54202 0.65823698 0.046434193 0.75137739 65.471233
0.7468828 -0.012467221 -0.66483879 -34.24612 -0.022250286 0.99879577 -0.043725732 -4.608112 0.66458336 0.047450851 0.74570598 66.260648
0.73965263 -0.016907492 -0.6727764 -34.965441 -0.016427615 0.9989329 -0.04316468 -4.6684478 0.67278834 0.042978981 0.7385856 67.055896
0.73364263 -0.016782477 -0.6793282 -35.738146 -0.017489966 0.99889746 -0.043565624 -4.7343647 0.67931041 0.043843027 0.73254024 67.903898
0.72645848 -0.01805426 -0.68697313 -36.492064 -0.017809302 0.99882449 -0.045082919 -4.8027713 0.68697958 0.044985381 0.72528299 68.699636
0.71895152 -0.023304201 -0.69466941 -37.43274 -0.012121028 0.99886542 -0.046053836 -4.8720277 0.69495456 0.041530583 0.71785334 69.500986
0.71426775 -0.019138912 -0.69961078 -38.160856 -0.016875974 0.99886438 -0.044554974 -4.9337464 0.69966908 0.043630795 0.71313363 70.229777
0.70921009 -0.019058497 -0.70473951 -38.965232 -0.017406345 0.99885643 -0.044529158 -4.9948935 0.70478232 0.043847467 0.70806732 71.047546
0.70441298 -0.018463617 -0.70955014 -39.818145 -0.019315724 0.99879274 -0.045166043 -5.0702052 0.70952752 0.045521022 0.70320593 71.884696
0.70010028 -0.021265591 -0.71372777 -40.645076 -0.018706098 0.99866714 -0.048104322 -5.1386059 0.71379949 0.047028911 0.69876935 72.663774
0.6950979 -0.023827459 -0.71852009 -41.471842 -0.017902307 0.99856698 -0.050433062 -5.2016132 0.71869219 0.047919083 0.69367524 73.441259
0.6903962 -0.023736214 -0.72304193 -42.337817 -0.019863743 0.99846278 -0.051744685 -5.2820326 0.72315874 0.050086653 0.68886342 74.250284
0.68524454 -0.022769451 -0.72795703 -43.150426 -0.019963845 0.99854839 -0.050025636 -5.3553963 0.72803943 0.048812615 0.68379526 75.035598
0.68073645 -0.023378329 -0.73215524 -44.007669 -0.018370162 0.99863144 -0.048967172 -5.4306097 0.73229807 0.046783549 0.67937536 75.798049
0.67536656 -0.025514997 -0.73704067 -44.908968 -0.015957939 0.99866173 -0.049194447 -5.5037237 0.73730957 0.044985935 0.67405557 76.614752
0.67089898 -0.024777606 -0.74113466 -45.74445 -0.01773952 0.99861934 -0.049444214 -5.5734001 0.74133658 0.046319447 0.66953315 77.333306
0.66537493 -0.025242038 -0.74608243 -46.66192 -0.017483023 0.99862713 -0.049378121 -5.6539984 0.74630462 0.04589874 0.66402015 78.15684
0.66164018 -0.026677269 -0.74934675 -47.57357 -0.01511373 0.99868938 -0.048898797 -5.7229074 0.74966919 0.043678834 0.66036983 78.952165
0.65799198 -0.029392098 -0.75245107 -48.458454 -0.01249092 0.99867446 -0.049932897 -5.8016132 0.75292136 0.042254252 0.65675265 79.710018
0.65420831 -0.034863465 -0.75551041 -49.347126 -0.0078553131 0.99856989 -0.052881624 -5.8740211 0.75627364 0.040530369 0.65299886 80.461398
0.64825762 -0.036448293 -0.76054818 -50.217763 -0.008054573 0.99846949 -0.054715726 -5.9567536 0.76137851 0.041595778 0.64697188 81.268271
0.64195224 -0.042134881 -0.765586 -51.154427 0.00012851228 0.99849484 -0.05484552 -6.0313507 0.76674465 0.035109817 0.64099141 82.020728
0.63748046 -0.045757343 -0.76910655 -52.157579 0.0048234488 0.99845236 -0.055404122 -6.1190272 0.77045146 0.031609299 0.63671458 82.791038
0.62583725 -0.047347034 -0.77851521 -53.066877 0.0082271381 0.99850097 -0.05411225 -6.2014829 0.77991031 0.02746051 0.62528863 83.528197
0.61672569 -0.045465355 -0.78586403 -54.004502 0.0081362255 0.99864549 -0.051390509 -6.277729 0.78713612 0.025299881 0.61626025 84.249971
0.60940476 -0.043639469 -0.79165736 -54.954316 0.0058642746 0.99870489 -0.050538574 -6.3674395 0.79283763 0.026155951 0.60887143 85.031262
0.60145279 -0.04700483 -0.79752432 -55.92813 0.0073876993 0.99855219 -0.053281666 -6.4336011 0.79887422 0.026154536 0.60092926 85.732785
0.59195635 -0.048722426 -0.80449596 -56.924924 0.0074322594 0.99845866 -0.055000594 -6.5217208 0.80593579 0.026578728 0.59140606 86.424448
0.57995282 -0.049712591 -0.81313181 -57.971885 0.0062480583 0.99837842 -0.056581724 -6.6024901 0.81462614 0.027734235 0.57932299 87.170686
0.57093782 -0.05121704 -0.81939414 -58.976709 0.010252348 0.99841917 -0.05526354 -6.6875224 0.82092932 0.023151331 0.57056036 87.875685
0.56025798 -0.051138737 -0.82673803 -59.998861 0.012305025 0.99849609 -0.053424227 -6.7701284 0.8282268 0.019758317 0.56004467 88.565013
0.55148647 -0.052026279 -0.83255984 -61.047154 0.012455525 0.99845553 -0.054142502 -6.8557339 0.83409088 0.019488887 0.55128273 89.224297
0.54006313 -0.052974973 -0.8399556 -62.069779 0.01178898 0.99839533 -0.055387656 -6.9375796 0.84154197 0.020010611 0.53982103 89.883115
0.53001547 -0.05322131 -0.84631615 -63.15623 0.010117963 0.99835439 -0.056445869 -7.02265 0.84792764 0.021354188 0.52968176 90.526113
0.51918463 -0.053617609 -0.85297855 -64.165328 0.0076207492 0.99828094 -0.05811267 -7.1097268 0.85462817 0.02367087 0.51870073 91.167969
0.51223905 -0.054748945 -0.85709606 -65.288306 0.008867265 0.99825002 -0.058465998 -7.1992799 0.85879718 0.022348469 0.51182811 91.795713
0.50202286 -0.051037673 -0.86334705 -66.402992 0.0048945161 0.99840889 -0.056175911 -7.2937226 0.86484053 0.023975925 0.5014739 92.450899
0.49602519 -0.050643214 -0.86682998 -67.500434 0.0080846129 0.9985238 -0.053710974 -7.3807557 0.86827053 0.019634011 0.49570238 93.077549
0.48606556 -0.050241605 -0.87247693 -68.606346 0.0074212182 0.99854739 -0.053366941 -7.4644989 0.87389088 0.01946499 0.48573235 93.682397
0.47944886 -0.053352046 -0.87594651 -69.719555 0.0089621131 0.99839588 -0.055904769 -7.5557959 0.8775241 0.018953146 0.47915791 94.287073
0.47229311 -0.057039736 -0.87959401 -70.811688 0.011624893 0.99822028 -0.058490466 -7.6430028 0.88136493 0.017399458 0.47211564 94.86169
0.46538809 -0.06048636 -0.88303752 -71.969254 0.013741379 0.99803575 -0.061121384 -7.7360938 0.88500009 0.01631101 0.46530512 95.476361
0.46064719 -0.063682059 -0.88529583 -73.070028 0.014721338 0.99783378 -0.064117287 -7.8331414 0.88746128 0.016502708 0.46058681 96.037333
0.45881049 -0.063269982 -0.88627861 -74.221436 0.014747601 0.9978664 -0.063601484 -7.9404611 0.88841179 0.016110544 0.45876465 96.671255
0.45222077 -0.062445813 -0.88971728 -75.374328 0.019151722 0.99799588 -0.060311134 -8.0383124 0.89170043 0.010234329 0.45251041 97.237092
0.45031063 -0.05990512 -0.89086006 -76.455424 0.022253095 0.99818981 -0.055873955 -8.135427 0.89259465 0.0053362419 0.45082856 97.793665
0.44640612 -0.059580245 -0.89284473 -77.631177 0.023735446 0.99821824 -0.054744614 -8.2315153 0.89451566 0.0032462624 0.4470249 98.368197
0.44263921 -0.058000329 -0.89482201 -78.706381 0.022372298 0.99830962 -0.053641316 -8.3148243 0.89642071 0.0037245241 0.44318858 98.920997
0.44092082 -0.060231457 -0.89552271 -79.841007 0.029699494 0.9981785 -0.05251304 -8.4082931 0.89705453 -0.0034424795 0.44190653 99.45753
0.4384016 -0.057016306 -0.89696885 -80.953797 0.027490182 0.99836952 -0.050025821 -8.4930387 0.89835872 -0.0027264378 0.43925418 100.00283
0.43660968 -0.05897673 -0.8977158 -82.059079 0.030898071 0.99824328 -0.050553558 -8.584798 0.89912033 -0.0056655147 0.43766495 100.54437
0.43310117 -0.05834116 -0.89945518 -83.1847 0.031398022 0.99827391 -0.049632199 -8.6718234 0.90079832 -0.0067453504 0.4341854 101.11223
0.43251391 -0.058195758 -0.89974713 -84.306048 0.035802277 0.99823626 -0.047355676 -8.7490044 0.90091619 -0.011731009 0.43383461 101.57585
0.42916655 -0.057961246 -0.90136369 -85.329754 0.038805337 0.99820067 -0.045711851 -8.833223 0.90239143 -0.015359725 0.43064354 102.12465
0.42852903 -0.059041067 -0.90159689 -86.414753 0.041100154 0.99810358 -0.045825904 -8.919095 0.90259278 -0.017418042 0.43014295 102.63239
0.42686596 -0.060180971 -0.90231016 -87.493195 0.041702689 0.99803168 -0.046836509 -8.9938351 0.90335287 -0.01763585 0.42853546 103.10385
0.4254743 -0.061233189 -0.90289648 -88.542312 0.041682393 0.99797536 -0.048039203 -9.0759354 0.90401011 -0.017195441 0.42716521 103.6011
0.4257696 -0.061831465 -0.90271648 -89.629505 0.041314721 0.99795039 -0.04886826 -9.1639109 0.90388794 -0.016488861 0.42745149 104.10435
0.42828204 -0.061499866 -0.90154988 -90.639574 0.039062399 0.99800881 -0.049523254 -9.2348792 0.90280047 -0.014006782 0.42983158 104.58341
0.43231574 -0.061244917 -0.89963998 -91.63001 0.036733981 0.99805874 -0.050292727 -9.3185513 0.9009738 -0.011305021 0.43372627 105.05495
0.43727865 -0.062475751 -0.89715333 -92.645407 0.035870022 0.99800188 -0.052015326 -9.4013101 0.89861048 -0.0094357189 0.43864592 105.54791
0.44309175 -0.06100211 -0.89439833 -93.656241 0.03292651 0.99811639 -0.051764119 -9.4751206 0.89587142 -0.006513162 0.44426573 106.04669
0.45025327 -0.059716566 -0.89090171 -94.664257 0.031270303 0.9982036 -0.051105228 -9.5555659 0.8923532 -0.0048484707 0.45131179 106.52626
0.45836868 -0.059804015 -0.88674775 -95.650998 0.032712995 0.99819269 -0.050410411 -9.6374019 0.88815994 -0.0059016216 0.45949663 107.05694
0.46789679 -0.058593586 -0.8818386 -96.593441 0.031041621 0.99827373 -0.049859649 -9.705428 0.88323784 -0.0040445313 0.46890791 107.57618
0.47754628 -0.058245296 -0.87667381 -97.616247 0.030167952 0.99829886 -0.049892696 -9.7814263 0.87808856 -0.0026213828 0.47849105 108.06947
0.48508993 -0.059237215 -0.87245553 -98.563684 0.030525656 0.99824196 -0.050805324 -9.859324 0.87393135 -0.001987127 0.48604538 108.57633
0.49574233 -0.060043855 -0.86639149 -99.499917 0.027402179 0.99819187 -0.053498758 -9.937318 0.86803729 0.0027805834 0.49649129 109.15765
0.50792433 -0.060550229 -0.8592709 -100.43317 0.024916006 0.99814175 -0.055607919 -10.019763 0.86104131 0.0068350154 0.50848915 109.68464
0.51941623 -0.057968565 -0.85255285 -101.37819 0.021408112 0.99826599 -0.054833347 -10.094106 0.85425321 0.010229783 0.51975655 110.25561
0.5316211 -0.056116788 -0.84512121 -102.29654 0.020960384 0.9983688 -0.053107492 -10.16764 0.84672294 0.010518998 0.53193015 110.8113
0.54441872 -0.05501748 -0.83700733 -103.23706 0.022146409 0.99844161 -0.05122395 -10.245968 0.83852123 0.0093505702 0.54478874 111.40163
0.55599299 -0.05378094 -0.8294452 -104.08487 0.020853735 0.99849297 -0.050763281 -10.321713 0.83092537 0.010926998 0.55627663 111.96567
0.56840224 -0.053934259 -0.82098108 -104.96556 0.021189989 0.9984777 -0.050924095 -10.392513 0.82247792 0.011548789 0.56867983 112.56943
0.57872615 -0.055543516 -0.81362823 -105.82834 0.022423146 0.99838452 -0.052206799 -10.474042 0.81521365 0.011969335 0.57903669 113.17714
0.591068 -0.056898178 -0.80461243 -106.64774 0.023856556 0.99830577 -0.053070189 -10.53765 0.8062689 0.012172809 0.591424 113.77784
0.60126573 -0.055962033 -0.79708702 -107.48323 0.023297708 0.99834817 -0.05251808 -10.62232 0.79870946 0.013007021 0.60157632 114.41252
0.61191952 -0.054634542 -0.78903075 -108.33065 0.022999029 0.9984186 -0.051296593 -10.698455 0.79058561 0.013242445 0.61220837 115.04935
0.62074426 -0.052777007 -0.78223468 -109.10134 0.024392114 0.99854873 -0.048015192 -10.76059 0.78363361 0.010724797 0.62113073 115.67534
0.63089514 -0.050919643 -0.77419536 -109.90856 0.022626342 0.99862716 -0.047242455 -10.831615 0.77553815 0.012287826 0.63118115 116.30904
0.64177387 -0.050667832 -0.76521828 -110.67491 0.02179378 0.99861704 -0.047843973 -10.904586 0.76658423 0.014028012 0.64199056 116.94024
0.6519492 -0.048493227 -0.75671038 -111.44477 0.017514039 0.9986497 -0.048908386 -10.966695 0.75806039 0.018632728 0.65191818 117.56623
0.66071454 -0.04802504 -0.74909935 -112.17617 0.017404085 0.99866307 -0.048674053 -11.032901 0.7504355 0.019122265 0.66066705 118.21749
0.66841557 -0.046700163 -0.74232046 -112.91148 0.017910608 0.99874815 -0.046704859 -11.100715 0.74357237 0.017922845 0.66841525 118.86017
0.67724115 -0.045566831 -0.73434872 -113.60571 0.018464105 0.99881863 -0.044949147 -11.16425 0.73552943 0.01688232 0.67728243 119.55757
0.68568854 -0.044963107 -0.72650499 -114.31324 0.018986283 0.99885554 -0.043899179 -11.226319 0.72764743 0.016307535 0.68575748 120.17663
0.69346986 -0.043580165 -0.71916637 -115.03386 0.017225739 0.99888651 -0.043920446 -11.289759 0.72027971 0.018069333 0.6934484 120.8547
0.70155002 -0.042211151 -0.71136892 -115.69662 0.016617509 0.99894172 -0.042886983 -11.352528 0.71242646 0.018266184 0.70150904 121.50799
0.70819995 -0.039438486 -0.7049095 -116.36338 0.015375873 0.99906332 -0.040448247 -11.404065 0.7058445 0.017806847 0.70814299 122.16938
0.71555466 -0.037367181 -0.69755658 -117.01281 0.015000037 0.99915995 -0.038136612 -11.464088 0.69839571 0.016825456 0.71551407 122.83532
0.72218153 -0.036478774 -0.69074097 -117.64018 0.015158105 0.99920322 -0.036920939 -11.520757 0.69153749 0.016193296 0.72215906 123.49191
0.72976687 -0.034911427 -0.68280412 -118.26804 0.014030909 0.99924985 -0.036095192 -11.577799 0.68355211 0.016760712 0.72970927 124.1512
0.73806553 -0.032207733 -0.67395986 -118.89466 0.011701027 0.99932083 -0.034942339 -11.624402 0.67462759 0.017903714 0.73794113 124.81204
0.74660573 -0.029757167 -0.6646009 -119.48227 0.01095217 0.99941352 -0.032444678 -11.675137 0.66517664 0.016944561 0.74649377 125.46701
0.75598103 -0.026094792 -0.65407317 -120.05357 0.0089082118 0.9995227 -0.029580632 -11.715113 0.65453294 0.016535774 0.75585266 126.14683
0.76667409 -0.023388299 -0.64161031 -120.62974 0.0070159059 0.99958179 -0.028053796 -11.762987 0.64199817 0.017006641 0.76651755 126.78272
0.77629909 -0.023205311 -0.62993746 -121.16675 0.0063294676 0.99955876 -0.029021155 -11.803658 0.630333 0.018541927 0.77610343 127.44938
0.78517865 -0.023573701 -0.61882044 -121.6745 0.0055792513 0.99950392 -0.030996549 -11.851725 0.61924421 0.020885273 0.78492066 128.1223
0.79558397 -0.02295826 -0.60540815 -122.19367 0.0058251218 0.99952542 -0.030248999 -11.897261 0.60581535 0.020539043 0.79534014 128.79749
0.80532844 -0.021585846 -0.59243576 -122.70634 0.0055144416 0.99956641 -0.028923895 -11.930999 0.59280328 0.020026283 0.80509829 129.48039
0.81588931 -0.019545936 -0.57787763 -123.1978 0.0053353592 0.99964042 -0.026278653 -11.969438 0.57818353 0.018357287 0.81570022 130.16366
0.82538968 -0.018315722 -0.56426624 -123.6865 0.0058475392 0.99969735 -0.023895954 -12.01025 0.56453318 0.016423905 0.82524698 130.86863
0.83394794 -0.017051681 -0.55157959 -124.14392 0.0064076662 0.99975432 -0.021218755 -12.042812 0.55180594 0.014160999 0.83385232 131.56213
0.84210719 -0.016578324 -0.5390553 -124.61129 0.0073404875 0.99978716 -0.019280617 -12.074376 0.53926026 0.012279417 0.84204965 132.26474
0.84878989 -0.016629536 -0.52846868 -125.02548 0.0084832587 0.99980494 -0.01783604 -12.106382 0.52866225 0.010655914 0.8487654 133.00058
0.85557363 -0.016372673 -0.51742215 -125.47227 0.0087338829 0.99981401 -0.017195144 -12.136131 0.51760749 0.010192607 0.85555749 133.68972
0.86166229 -0.015442433 -0.50724708 -125.89554 0.0081526449 0.99982915 -0.016589485 -12.167001 0.50741664 0.010159128 0.86164097 134.42765
0.86868884 -0.013432403 -0.49517598 -126.31822 0.0061123338 0.99984684 -0.016399482 -12.194587 0.49532046 0.011219366 0.86863789 135.17442
0.87477499 -0.012597836 -0.48436556 -126.72944 0.00558855 0.99985777 -0.015912198 -12.217522 0.48449717 0.011212691 0.87472098 135.90568
0.88077243 -0.013437149 -0.47334908 -127.14033 0.0065408961 0.99984718 -0.016212252 -12.243233 0.47349463 0.011183178 0.88072572 136.64195
0.88539962 -0.014431677 -0.46460653 -127.54745 0.0074527897 0.99983018 -0.016854111 -12.27464 0.4647709 0.011460008 0.88535682 137.39853
0.88965585 -0.014881778 -0.45638908 -127.94067 0.0079049695 0.99982095 -0.017192374 -12.305027 0.45656325 0.011687554 0.8896142 138.19019
0.89359022 -0.014433753 -0.4486515 -128.33317 0.0077350624 0.99982962 -0.016759819 -12.330478 0.44881701 0.011506062 0.89354962 138.94442
0.89618355 -0.012712555 -0.44350133 -128.73318 0.0074467532 0.99987961 -0.013612963 -12.359735 0.44362103 0.0088970684 0.89617032 139.74481
0.89933519 -0.0086868896 -0.43717358 -129.10705 0.0049385648 0.99994066 -0.009709986 -12.380787 0.43723202 0.0065735218 0.89932473 140.56322
0.90216292 -0.0062652832 -0.43134998 -129.5387 0.0035986765 0.99996904 -0.0069977909 -12.399468 0.4313805 0.0047608582 0.90215753 141.36604
0.90577276 -0.0034913398 -0.42374933 -129.92225 0.0016793649 0.99998778 -0.0046493861 -12.41899 0.42376042 0.0034996573 0.90576756 142.22031
0.90891309 -0.0015639075 -0.41698266 -130.31519 0.00057933651 0.99999674 -0.0024877197 -12.427448 0.41698522 0.0020195475 0.90891103 143.04604
0.91214895 -0.0004510504 -0.4098586 -130.70596 0.00074624699 0.99999956 0.00056028606 -12.44522 0.4098582 -0.00081692043 0.91214889 143.89784
0.91559588 -0.00024924285 -0.40209963 -131.09172 0.001175087 0.9999972 0.0020558649 -12.459823 0.40209802 -0.0023548439 0.9155936 144.77185
0.91905862 -0.00055655241 -0.39412044 -131.48134 0.0019087729 0.99999356 0.0030389824 -12.472522 0.39411625 -0.0035452898 0.91905377 145.68555
0.92241777 -0.0013087733 -0.38619131 -131.85681 0.0029039145 0.99998949 0.0035471085 -12.469132 0.38618265 -0.0043933829 0.92241188 146.5589
0.9262377 -0.0038065136 -0.37692071 -132.23279 0.0052855574 0.99998186 0.0028898321 -12.496152 0.37690291 -0.0046689078 0.92624101 147.4694
0.93020886 -0.0054067264 -0.36699078 -132.60134 0.0064541644 0.99997785 0.0016270539 -12.497314 0.36697389 -0.0038821192 0.93022315 148.40391
0.93444624 -0.0064897562 -0.35604507 -132.96579 0.0068180351 0.9999767 -0.00033287429 -12.518381 0.35603897 -0.002116475 0.93446872 149.35463
0.93961475 -0.0047632879 -0.34220086 -133.30956 0.0047646137 0.9999883 -0.0008367346 -12.522678 0.34220087 -0.00084424699 0.93962645 150.31298
0.94518643 -0.0014991195 -0.32652772 -133.68159 0.0014646079 0.99999887 -0.00035154878 -12.544809 0.3265279 -0.00014595619 0.94518756 151.29151
0.95167805 0.0023944301 -0.30708818 -134.0002 -0.0015743383 0.9999945 0.0029182292 -12.544099 0.30709351 -0.0022937543 0.95167659 152.30237
0.95799934 0.0054914998 -0.2867178 -134.30949 -0.0044291263 0.99998071 0.0043537374 -12.561146 0.2867362 -0.0029009685 0.95800519 153.3193
0.96401802 0.0070370201 -0.26574371 -134.62742 -0.0057674554 0.99996792 0.0055574737 -12.577411 0.26577432 -0.0038248401 0.96402769 154.35653
0.96959638 0.0083997594 -0.24456553 -134.87999 -0.0069864105 0.99995351 0.0066459523 -12.579233 0.24461001 -0.0047352564 0.96960999 155.3859
0.97494505 0.0095227263 -0.22224192 -135.13343 -0.0075883317 0.99992554 0.0095563035 -12.592363 0.22231639 -0.0076304257 0.97494472 156.49399
0.97949938 0.011176797 -0.20113686 -135.36469 -0.0088167051 0.99988142 0.012625805 -12.588836 0.20125415 -0.010593605 0.97948178 157.58262
0.98370153 0.013258796 -0.17931955 -135.58762 -0.010347493 0.9997992 0.017160922 -12.597627 0.17951109 -0.015025718 0.9836412 158.64559
0.98784651 0.014822055 -0.15472418 -135.77812 -0.011811804 0.999723 0.02035687 -12.587809 0.15498306 -0.018281892 0.98774796 159.78777
0.99092434 0.016430697 -0.1334128 -135.9339 -0.013856451 0.99969991 0.020201004 -12.581581 0.13370469 -0.018169039 0.99085465 160.90667
0.99357543 0.016585422 -0.11194993 -136.06634 -0.014629868 0.9997261 0.018267119 -12.577674 0.11222225 -0.016511949 0.99354593 162.08266
0.99575262 0.016582418 -0.090563464 -136.19057 -0.015089119 0.99973908 0.017148886 -12.574956 0.090824213 -0.015709526 0.99574303 163.23972
0.99745933 0.014819589 -0.069679765 -136.29151 -0.013511379 0.9997242 0.01920861 -12.56479 0.069945217 -0.018218338 0.99738446 164.40137
0.99862802 0.015214213 -0.050105859 -136.34982 -0.014180098 0.99968038 0.020929853 -12.555469 0.05040828 -0.020190632 0.99852458 165.59323
0.99942944 0.015857819 -0.02982161 -136.40402 -0.015211088 0.99964685 0.021789911 -12.556927 0.030156621 -0.021323859 0.9993177 166.80719
0.99981126 0.017116322 -0.009190626 -136.42811 -0.016904118 0.99959961 0.022690769 -12.541938 0.0095753294 -0.022531127 0.99970029 168.02649
0.99975859 0.017485081 0.013305081 -136.43753 -0.017785687 0.99958136 0.022820653 -12.530316 -0.012900491 -0.023051785 0.99965104 169.25181
0.99930097 0.019659341 0.031797596 -136.38952 -0.020374862 0.99954286 0.022337041 -12.523654 -0.031343931 -0.022969299 0.9992447 170.47631
0.99840286 0.020545965 0.052626964 -136.33356 -0.021683981 0.99954124 0.021145217 -12.504848 -0.052168376 -0.022252608 0.99839035 171.72914
0.9971129 0.020735188 0.073047341 -136.25992 -0.022192949 0.9995693 0.019201482 -12.502818 -0.072617739 -0.020767182 0.99714361 173.03752
0.99566303 0.022802222 0.090195247 -136.15863 -0.024385315 0.99956664 0.016488838 -12.498685 -0.089780186 -0.018616767 0.9957876 174.27147
0.9937494 0.023041009 0.10923026 -136.03565 -0.024790614 0.99958478 0.014686537 -12.490405 -0.10884652 -0.017302623 0.99390797 175.56704
0.99138828 0.023137631 0.12889505 -135.85274 -0.024859818 0.99962168 0.011768129 -12.494766 -0.12857401 -0.014871092 0.99158841 176.89152
0.98876123 0.024143342 0.14754094 -135.68183 -0.025381732 0.99965659 0.0065162917 -12.491983 -0.14733296 -0.010187901 0.98903448 178.16556
0.98574116 0.025866683 0.16626867 -135.51659 -0.026304839 0.99965387 0.00043322402 -12.520323 -0.16619993 -0.0048007174 0.98608039 179.44783
0.98272586 0.02841936 0.18287216 -135.26014 -0.027970547 0.99959607 -0.005033588 -12.53311 -0.18294136 -0.00016839699 0.98312381 180.7453
0.97952953 0.030417265 0.19898915 -135.0456 -0.029214238 0.99953284 -0.0089796296 -12.565594 -0.19916935 0.0029824962 0.97996055 182.07016
0.97538397 0.032860813 0.2180511 -134.75038 -0.030952342 0.99944685 -0.012163298 -12.595136 -0.2183302 0.0051146936 0.97586155 183.40609
0.97177779 0.032280888 0.23367899 -134.43564 -0.03033292 0.9994687 -0.011926108 -12.631109 -0.23393984 0.0045013604 0.97224065 184.73521
0.96720508 0.030864069 0.25211455 -134.10929 -0.028680195 0.99951255 -0.012333265 -12.651496 -0.25237233 0.0046981018 0.9676188 186.07247
0.9622782 0.030742965 0.27032487 -133.72785 -0.02705895 0.99948334 -0.017345224 -12.711167 -0.27071847 0.0093762246 0.9626129 187.40685
0.95807415 0.031912514 0.2847376 -133.36478 -0.026954906 0.9994094 -0.021313901 -12.765625 -0.28524964 0.012745223 0.95836851 188.73854
0.95283048 0.034126973 0.3015782 -132.96331 -0.02883218 0.99934231 -0.021992138 -12.793102 -0.30213041 0.012259623 0.95318777 190.08042
0.94702794 0.035763181 0.31915369 -132.53519 -0.03038744 0.99930024 -0.021808939 -12.845669 -0.31971034 0.010955411 0.947452 191.42213
0.94062771 0.04030021 0.33703917 -132.06343 -0.033564079 0.99910372 -0.025791629 -12.896904 -0.33777653 0.012947912 0.94113728 192.78414
0.93441804 0.040860536 0.35382669 -131.58291 -0.03280181 0.99904841 -0.028745857 -12.955198 -0.3546646 0.015254492 0.93486915 194.1335
0.92779692 0.042032718 0.37071027 -131.07116 -0.032509104 0.9989621 -0.031904289 -13.023742 -0.37166657 0.017549243 0.92820041 195.43704
0.92030794 0.042039103 0.38892931 -130.50204 -0.030237984 0.9988791 -0.036417225 -13.086945 -0.39002434 0.021754624 0.92054754 196.81286
0.91234091 0.045124349 0.40693714 -129.96171 -0.030478355 0.99863552 -0.042404899 -13.173581 -0.40829541 0.026284951 0.91247135 198.11219
0.9022244 0.048836811 0.42849281 -129.33786 -0.032064578 0.99841383 -0.046278266 -13.257515 -0.43007327 0.028013941 0.90235925 199.46729
0.89017129 0.051593804 0.45269542 -128.71199 -0.033688109 0.99830142 -0.047533024 -13.331906 -0.45437893 0.027062081 0.89039735 200.78514
0.87738358 0.056036783 0.47650595 -128.05449 -0.036662373 0.99808269 -0.049867964 -13.4319 -0.47838682 0.026283495 0.8777558 202.07698
0.86331773 0.060412241 0.50103177 -127.30256 -0.038915779 0.9978222 -0.053258089 -13.52963 -0.5031581 0.026480612 0.86378859 203.37991
0.84818343 0.064105967 0.52580916 -126.58166 -0.040434744 0.99758916 -0.056399434 -13.635478 -0.5281571 0.026576108 0.8487307 204.67432
0.83370525 0.065707165 0.54828652 -125.79771 -0.039964276 0.9974713 -0.058769612 -13.739376 -0.55076169 0.027084661 0.83422299 205.92348
0.81740167 0.066681795 0.57219579 -124.95841 -0.038766224 0.99739359 -0.06085403 -13.843319 -0.57476232 0.027560316 0.81785618 207.19358
0.80187196 0.068731474 0.59352954 -124.10317 -0.036973058 0.99716594 -0.065521637 -13.963498 -0.59635089 0.030595363 0.80214062 208.38418
0.78564014 0.071404365 0.6145494 -123.21198 -0.035416963 0.99687929 -0.070550139 -14.095112 -0.61766921 0.033661548 0.7857173 209.60116
0.76910543 0.073024308 0.63493642 -122.26802 -0.033340499 0.99668268 -0.07424319 -14.227204 -0.63825174 0.035931745 0.76898872 210.77725
0.75524705 0.074691764 0.65117048 -121.29152 -0.031843976 0.99649392 -0.077368097 -14.359335 -0.65466624 0.037696171 0.75497758 211.91469
0.73832665 0.075506973 0.67020327 -120.29582 -0.0302341 0.99641982 -0.07895217 -14.504686 -0.67376532 0.0380295 0.73796619 213.07021
0.72266155 0.075484174 0.68706796 -119.29394 -0.027771779 0.99638726 -0.080256796 -14.638574 -0.69064394 0.038917403 0.72214709 214.17299
0.70801312 0.07629694 0.70206564 -118.24151 -0.025227501 0.99624469 -0.082825618 -14.785175 -0.70574857 0.040930263 0.70727909 215.27083
0.692796 0.077573367 0.71694911 -117.1415 -0.022046399 0.99601101 -0.086463975 -14.941597 -0.72079657 0.044095752 0.69174266 216.35524
0.6782308 0.080057633 0.73047499 -116.04072 -0.019995757 0.99569036 -0.090558711 -15.105664 -0.73457688 0.046813308 0.67690868 217.40881
0.66339116 0.082683852 0.74369047 -114.9132 -0.019095154 0.99542315 -0.093638238 -15.262609 -0.74802914 0.047917897 0.66193378 218.44607
0.64736696 0.083111234 0.75763348 -113.76086 -0.01779395 0.995414 -0.093991186 -15.43756 -0.76197077 0.047365497 0.64587701 219.46336
0.63106451 0.084500188 0.77111429 -112.58394 -0.018141608 0.99538519 -0.094229494 -15.603895 -0.77551823 0.045475638 0.62968524 220.44645
0.613232 0.085478313 0.78526424 -111.42235 -0.020001547 0.99548924 -0.092742223 -15.776602 -0.78964961 0.041166 0.61217555 221.42015
0.59661826 0.08601182 0.79790261 -110.22693 -0.021973153 0.99561804 -0.090894972 -15.93013 -0.80222434 0.036697165 0.59589385 222.31107
0.57845824 0.08737522 0.81101885 -109.022 -0.023915215 0.99563582 -0.090207452 -16.10058 -0.81536138 0.032785555 0.57802334 223.20819
0.55975728 0.090924904 0.82365308 -107.79387 -0.025759431 0.99539083 -0.092377225 -16.270383 -0.82825618 0.030491992 0.55951944 224.06515
0.54133408 0.094523487 0.83547751 -106.5694 -0.028371496 0.99514844 -0.094205339 -16.439666 -0.84032883 0.027292814 0.54138953 224.90491
0.52312225 0.09472283 0.84697735 -105.33774 -0.028309909 0.99518726 -0.09381291 -16.61165 -0.85178737 0.02509777 0.5232862 225.68304
0.50159038 0.093456311 0.86004241 -104.107 -0.028084221 0.99538284 -0.091783883 -16.784352 -0.86464931 0.021884293 0.5018991 226.46707
0.48021873 0.091598081 0.87235297 -102.85326 -0.028466974 0.99563615 -0.088872268 -16.945694 -0.87668676 0.01784488 0.48073065 227.18396
0.45937161 0.089863809 0.88368668 -101.60479 -0.02815713 0.99584239 -0.086632066 -17.102684 -0.88779782 0.014914232 0.45999202 227.87304
0.4372294 0.08899927 0.89493548 -100.34784 -0.02714596 0.99594405 -0.085781917 -17.259234 -0.89894027 0.013212495 0.43787199 228.50362
