1.000000000000000000e+00 4.398956837314658088e-19 2.733407509747682871e-20 -8.673617379884035472e-19 -5.583667658079949532e-19 1.000000000000000000e+00 -6.100159232558060012e-19 0.000000000000000000e+00 4.145284534913582806e-20 -2.210423569125054137e-19 1.000000000000000222e+00 0.000000000000000000e+00
9.998977498646182127e-01 2.216540139568287237e-04 1.429827616523466835e-02 -9.303625146107441513e-02 -2.176904436258756564e-04 9.999999374514866313e-01 -2.787621834532763316e-04 -7.970729275260157731e-03 -1.429833730750803417e-02 2.756210975184095083e-04 9.998977355543237078e-01 1.100927239137072799e-02
9.995450719921215033e-01 1.629430090511679169e-03 3.011634169960710275e-02 -9.430067097189925862e-02 -1.618603800631021258e-03 9.999986163879650558e-01 -3.838580324458827284e-04 -1.485549707545959219e-02 -3.011692602205406216e-02 3.349370093868766877e-04 9.995463263688995070e-01 2.797230250673204965e-02
9.979497117192140943e-01 5.156884016242630972e-03 6.379482295536922920e-02 -3.248000707605086523e-03 -5.240412782480874214e-03 9.999856167695597708e-01 1.142075974689093750e-03 6.363655108801102855e-03 -6.378801693005309303e-02 -1.474045553310396415e-03 9.979623820901527553e-01 4.194253710735846852e-01
9.954175159780100923e-01 4.056381549307689141e-03 9.553802709243015834e-02 1.901035460264839660e-02 -4.357534888617374709e-03 9.999861729906589503e-01 2.943760297855511649e-03 1.672923394778206424e-02 -9.552476672364158816e-02 -3.346580794313352113e-03 9.954214280213489197e-01 5.444436668226134701e-01
9.908843983686227430e-01 1.674671970510708662e-03 1.347045077700025628e-01 1.593469870669116661e-01 -2.342889700088842710e-03 9.999857245297423258e-01 4.802250276816989565e-03 1.512530201741797697e-02 -1.346945449336575118e-01 -5.074072602396530011e-03 9.908741764114573636e-01 8.197895312621217290e-01
9.851106867129341138e-01 -2.469733985479386027e-03 1.719035632809647884e-01 1.430282955847237136e-01 1.462585360374691430e-03 9.999810188803182065e-01 5.985208340471564678e-03 -1.610674473801021467e-02 -1.719150852026336829e-01 -5.644668952867161298e-03 9.850956001656737682e-01 8.938120446149135923e-01
9.764153200771152896e-01 -2.642494503959704703e-03 2.158845511734749367e-01 2.629514888235130465e-01 1.221298109337671514e-03 9.999766998063889245e-01 6.716269141965500525e-03 -4.031521681658517542e-03 -2.158972724582334801e-01 -6.294208543548770150e-03 9.763957963828490128e-01 1.161411202804620846e+00
9.648372573342836045e-01 -2.674617604490448376e-03 2.628343821594934515e-01 3.458825005034004696e-01 -2.093060287622264243e-05 9.999474429968266964e-01 1.025235596987459502e-02 5.210714541759864371e-03 -2.628479940458712250e-01 -9.897356139453720655e-03 9.647864920311435277e-01 1.316447181046229264e+00
9.503927813008397063e-01 -6.234019245185271757e-03 3.109898664053392103e-01 5.142913149182452015e-01 1.062233398634138603e-03 9.998583615642175904e-01 1.679668009658622299e-02 2.744503812637413831e-02 -3.110505344854211929e-01 -1.563309953717165537e-02 9.502647907040159270e-01 1.616566740404487890e+00
9.334016502298725371e-01 -1.588068728954440331e-02 3.584817448500036141e-01 6.283565780172668536e-01 7.407613212573400246e-03 9.996600778771628226e-01 2.499711865634630242e-02 3.417816090699715703e-03 -3.587568665908902887e-01 -2.067685753516588718e-02 9.332020038496565695e-01 1.816764017218559069e+00
9.124246047585166108e-01 -2.160507248551662290e-02 4.086741478739519540e-01 7.963432521487623372e-01 1.022873125654693086e-02 9.994974835292295134e-01 3.000255728097619978e-02 -7.478964334904553146e-03 -4.091169968697282999e-01 -2.319485324902994389e-02 9.121870882779098411e-01 2.036842197192164861e+00
8.878355960378394585e-01 -2.359323927935018383e-02 4.595555574913319785e-01 9.973232048568538843e-01 8.952646038252257132e-03 9.993813432435332267e-01 3.401148147910172670e-02 -4.018990560187771233e-03 -4.600736993027983446e-01 -2.608236547569802236e-02 8.874975518284912157e-01 2.265340133618856555e+00
8.591863108455177755e-01 -2.549350258592417498e-02 5.110273580879720612e-01 1.151634775950929779e+00 6.919672683889706126e-03 9.992455760400305032e-01 3.821513915823649549e-02 3.097867358710085228e-02 -5.116160733848655884e-01 -2.929778214454782301e-02 8.587145260890566290e-01 2.502624756385758431e+00
8.271518145900716990e-01 -3.079697203064751809e-02 5.611340458188099900e-01 1.392465583830869491e+00 8.071319983633484102e-03 9.990453349250955073e-01 4.293334972085506573e-02 2.778138386356941714e-02 -5.619205776139314379e-01 -3.098330541560429321e-02 8.266107330760535943e-01 2.746797587166901700e+00
7.916006288483814490e-01 -3.656680781311247297e-02 6.099436918740518410e-01 1.607478898251109456e+00 1.028031451122627532e-02 9.988634827110038916e-01 4.654092814752342627e-02 2.727376386018017657e-02 -6.109523440475236322e-01 -3.057141467032417625e-02 7.910768784835712220e-01 2.931725534554415535e+00
7.539517838750784406e-01 -4.104584416772986272e-02 6.556461999953707709e-01 1.872675031619656538e+00 1.127608438785082136e-02 9.987076933573025839e-01 4.955595925625751880e-02 3.571063560757441191e-02 -6.568329815815212580e-01 -2.996968161626637622e-02 7.534402824659238718e-01 3.125945724491384858e+00
7.137559049051527271e-01 -4.426621937501702686e-02 6.989942791790214605e-01 2.191379513522675460e+00 1.229062930895097501e-02 9.986387018272581129e-01 5.069204660574208599e-02 4.434855242947562115e-02 -7.002866968985180796e-01 -2.759066756665666878e-02 7.133283290150049805e-01 3.393178825703483170e+00
6.725137696410184995e-01 -4.624760106215732719e-02 7.386381931212211427e-01 2.477491431735311167e+00 1.146083475475714181e-02 9.985767302754220420e-01 5.208803090939365804e-02 5.410829967930939205e-02 -7.399958710046247168e-01 -2.656450723779191572e-02 6.720866362369619651e-01 3.558497172550993959e+00
6.298397623772166165e-01 -4.651884323743737948e-02 7.753308076387801506e-01 2.834261375516531789e+00 7.163239811330271260e-03 9.985103557516062933e-01 5.409027085970626730e-02 8.565287898460664795e-02 -7.766920708130155004e-01 -2.851432230889563990e-02 6.292347497465815565e-01 3.806873632463187107e+00
5.878786671115100448e-01 -4.737397756879388466e-02 8.075607521546277479e-01 3.163854054722494258e+00 4.266273186049300212e-03 9.984514343458668062e-01 5.546649545853843399e-02 1.038145289473983018e-01 -8.089378738016420600e-01 -2.916229407951745692e-02 5.871704076029274910e-01 4.019236218997407128e+00
5.478583025703537279e-01 -4.843495088885418909e-02 8.351678420778526624e-01 3.537754291743560486e+00 2.093718588481005734e-03 9.983988209744552034e-01 5.652796276516375285e-02 1.267167611245206271e-01 -8.365685324050847749e-01 -2.922070670586592728e-02 5.470824913395340161e-01 4.209817323551871660e+00
5.091964358656489997e-01 -5.112110633288496214e-02 8.591307293184767824e-01 3.980495989261986889e+00 1.266172951593994012e-03 9.982777825021925677e-01 5.865036847629431782e-02 1.357368093061345760e-01 -8.606494059427605148e-01 -2.877674987972723628e-02 5.083842158177356296e-01 4.422342144876534320e+00
4.718103206887042655e-01 -5.101164813999726350e-02 8.802231650247788197e-01 4.359847096364521946e+00 -1.736444126208781238e-03 9.982692424517708440e-01 5.878353762361044482e-02 1.622991287620830225e-01 -8.816983725157381269e-01 -2.926313744393924110e-02 4.709051513101960018e-01 4.625580274254266655e+00
4.358724398219109841e-01 -5.037429851632709704e-02 8.985975922796827220e-01 4.819341772171044092e+00 -3.037494292640269614e-03 9.983443770392869121e-01 5.743934562225087859e-02 1.869878135127335528e-01 -9.000033357751432428e-01 -2.776571210390406386e-02 4.349977865044444836e-01 4.793744417203349428e+00
4.024581804089742421e-01 -4.910648976058365478e-02 9.141203158007882301e-01 5.334525789638975724e+00 -1.648801307422372367e-03 9.985196958990261162e-01 5.436633443887629868e-02 2.047969414683181166e-01 -9.154368954236870026e-01 -2.338737807629654233e-02 4.017814517930882734e-01 4.992668683523756812e+00
3.723334451823981928e-01 -4.737370878194466228e-02 9.268891643273677872e-01 5.835457568105868909e+00 1.564563567465163823e-04 9.986996047852150227e-01 5.098112286312347918e-02 2.258929215374485544e-01 -9.280990230141770159e-01 -1.883695862833449294e-02 3.718566751747331423e-01 5.168201398247296297e+00
3.464741544472621504e-01 -4.538825552985940176e-02 9.369608059233418551e-01 6.383810568702416255e+00 1.082104677587288543e-03 9.988474211893797472e-01 4.798602087718881887e-02 2.494332070412439428e-01 -9.380589027575824135e-01 -1.561202551292252896e-02 3.461239292121883193e-01 5.349479426378167091e+00
3.262112053273744650e-01 -4.485107650446005373e-02 9.442322889363125027e-01 6.965565834758177033e+00 2.148162394190518670e-03 9.989063715155692691e-01 4.670595583294429726e-02 2.750226151576054545e-01 -9.452944783629172454e-01 -1.320764099822975719e-02 3.259507975367533783e-01 5.526510471603016228e+00
3.116359310495595558e-01 -4.543531245700477283e-02 9.491146736285747121e-01 7.540002644951089295e+00 3.297021004465911388e-03 9.989018289007985940e-01 4.673612987237635297e-02 3.027023667224670311e-01 -9.501958704297158720e-01 -1.143540545354306166e-02 3.114435013286501186e-01 5.705445564173575512e+00
2.992207410844377469e-01 -4.696911255892866760e-02 9.530271954471231100e-01 8.171389046889103724e+00 4.183680862517939400e-03 9.988427247965915301e-01 4.791354606874955596e-02 3.212293397205429613e-01 -9.541747539556000302e-01 -1.034956422930190245e-02 2.990709627847729646e-01 5.918659089864809708e+00
2.887748362811687342e-01 -4.886065952474086260e-02 9.561494205699283544e-01 8.786045260767329168e+00 3.074153531260208176e-03 9.987390437911379815e-01 5.010860153939360878e-02 3.540093855709129933e-01 -9.573921139068564123e-01 -1.153075219929398237e-02 2.885609076903140058e-01 6.085439282630281888e+00
2.783509439815403108e-01 -5.049860913273052782e-02 9.591509927646630906e-01 9.468720459081726659e+00 1.460084353742590506e-03 9.986379946555627996e-01 5.215384689036504928e-02 3.866287530337154110e-01 -9.604783373338029451e-01 -1.311663027739828902e-02 2.780455593962957161e-01 6.275743093760232760e+00
2.678578116430256340e-01 -5.226830758495749213e-02 9.620396047538155582e-01 1.015354652736770724e+01 6.786422408997865811e-04 9.985373336827896296e-01 5.406230338187396900e-02 4.159113163734110552e-01 -9.634582235996138611e-01 -1.382812868509516492e-02 2.675014951806831132e-01 6.458476896173663384e+00
2.575822558744968460e-01 -5.432428963109540293e-02 9.647280638924097262e-01 1.085814759130013130e+01 -1.131978167282008784e-04 9.984166226006634393e-01 5.625153207015137075e-02 4.436047277552273016e-01 -9.662563765173483032e-01 -1.459860076161892915e-02 2.571682552127145804e-01 6.661066406085964786e+00
2.473953966936789650e-01 -5.590644741797658190e-02 9.673003519995593269e-01 1.158597612263727861e+01 -6.247016970095326319e-04 9.983245516197521985e-01 5.785930641819382603e-02 4.694085002125431560e-01 -9.689144152267438193e-01 -1.491839935748906845e-02 2.469459722725833029e-01 6.838984166599447079e+00
2.365718516576101882e-01 -5.706755100016874804e-02 9.699366152842470168e-01 1.238090979986276885e+01 -1.328859621984432651e-03 9.982536839420187436e-01 5.905773942669317877e-02 5.052586726414273199e-01 -9.716130967641986027e-01 -1.526030749584249627e-02 2.360828863145118250e-01 7.034044212813103769e+00
2.269082434090895495e-01 -6.010667601291715817e-02 9.720595766354787060e-01 1.313345386413974580e+01 -2.221484550458068582e-03 9.980591817447704850e-01 6.223290686313066866e-02 5.407905276784936710e-01 -9.739136156829398816e-01 -1.628057403530587879e-02 2.263343283377799164e-01 7.214723275964274762e+00
2.158624507812486604e-01 -6.355404118542269665e-02 9.743532573222698501e-01 1.388961187795686847e+01 -4.192549757356701066e-03 9.978099626129816047e-01 6.601288503312872924e-02 5.853290659122863948e-01 -9.764147897652672992e-01 -1.833472679708017875e-02 2.151232491027833538e-01 7.377531642853461413e+00
2.024607919993132166e-01 -6.742216988848775960e-02 9.769666639471564773e-01 1.468341011827983777e+01 -4.264526795831600527e-03 9.975570024483890741e-01 6.972690030163589126e-02 6.221122684441908746e-01 -9.792810926373100022e-01 -1.828326310665629242e-02 2.016786557657269940e-01 7.539981548651812915e+00
1.904415338323825480e-01 -6.993131056176754567e-02 9.792045841669769768e-01 1.546368601088235373e+01 -5.257464562883244243e-03 9.973726020845169460e-01 7.225130880325214555e-02 6.615223725370689145e-01 -9.816844697795682473e-01 -1.890778260235236388e-02 1.895735053890157673e-01 7.686288060435258807e+00
1.765069013690859223e-01 -7.057874653568298184e-02 9.817657245279181044e-01 1.628049404676061940e+01 -5.864927908612362246e-03 9.973327968747384142e-01 7.275228412379415588e-02 7.048162520247336360e-01 -9.842819379670323388e-01 -1.859926455995325120e-02 1.756221809789705879e-01 7.840206862012053080e+00
1.624095328379820402e-01 -6.979756834513121955e-02 9.842517089357488702e-01 1.708495089702578085e+01 -7.334490967928903628e-03 9.973820695561629313e-01 7.193894995534512449e-02 7.359245826176512573e-01 -9.866961872672103118e-01 -1.890255564830487997e-02 1.614724249686495527e-01 7.978968689572219830e+00
1.455573221451390564e-01 -6.864297919862220876e-02 9.869656481896433853e-01 1.788377789809145568e+01 -8.888526482433798531e-03 9.974591781358205234e-01 7.068367566132914559e-02 7.755709915735561344e-01 -9.893098994834328419e-01 -1.906119597173386304e-02 1.445773506019090160e-01 8.087422529956002748e+00
1.255223717926066407e-01 -6.746150468833966851e-02 9.897944548079982141e-01 1.866854707898231780e+01 -1.124735412930869677e-02 9.975244832660064009e-01 6.941471221444646400e-02 8.154646648632779549e-01 -9.920270401658348725e-01 -1.984566718822051642e-02 1.244528742452805509e-01 8.165180051798266447e+00
1.006165885375384927e-01 -6.592537783138723018e-02 9.927387016408172338e-01 1.952015328799161153e+01 -1.565688670095157289e-02 9.975738073443950471e-01 6.783333083458871482e-02 8.570415548162584329e-01 -9.948020814655510469e-01 -2.236835485731399759e-02 9.934028575191940214e-02 8.270305761156400592e+00
6.950597312891976243e-02 -6.543638392605136134e-02 9.954330626845083740e-01 2.034655558654904794e+01 -1.954305467982319147e-02 9.975655120123596564e-01 6.694115504982896259e-02 8.948187181703999293e-01 -9.973900972236870999e-01 -2.410661205325312362e-02 6.805793345347750656e-02 8.321605851360001083e+00
3.647584775990311140e-02 -6.531249922960673249e-02 9.971979606833851761e-01 2.118404118268281522e+01 -2.268306157034402290e-02 9.975508153988226212e-01 6.616531874600105334e-02 9.422807543399684960e-01 -9.990770784026385964e-01 -2.503293799211415982e-02 3.490502284183473469e-02 8.326349192922783971e+00
1.816398138855357001e-03 -6.459268713307711463e-02 9.979100501581027460e-01 2.202801429517726106e+01 -2.449750779069877898e-02 9.976093475083722684e-01 6.461781388982799912e-02 9.735013004521608782e-01 -9.996982495367325861e-01 -2.456368005556138975e-02 2.296945126240687769e-04 8.327585571048684798e+00
-3.210076729634174508e-02 -6.354218964564234406e-02 9.974627379399496618e-01 2.287163761782930749e+01 -2.570799251115550577e-02 9.976993817359092187e-01 6.272991954452473984e-02 1.004156820233836678e+00 -9.991539706736495274e-01 -2.362908518688657325e-02 -3.366045921319180817e-02 8.291968849703641453e+00
-6.467685249146767901e-02 -6.168655344698378840e-02 9.959978195674951129e-01 2.370831939252154541e+01 -2.815785179643631730e-02 9.978029612496430723e-01 5.996987505464044382e-02 1.039963708290772226e+00 -9.975089259189033886e-01 -2.416649537402338829e-02 -6.627171716096687260e-02 8.235172683877449273e+00
-9.714259055178260660e-02 -5.835474578428548331e-02 9.935582637627718983e-01 2.453884093814039957e+01 -3.001686719188976366e-02 9.979973214238301304e-01 5.568064416890593227e-02 1.070820339008548894e+00 -9.948177329561831428e-01 -2.441454358019793172e-02 -9.869967320877785777e-02 8.154607338732684951e+00
-1.288218693052821384e-01 -5.418808855817703468e-02 9.901861238503426588e-01 2.536956958991330069e+01 -2.709655646812866511e-02 9.983254576158145932e-01 5.110829015999812652e-02 1.104841355451775087e+00 -9.912974929201960883e-01 -2.024676785558849126e-02 -1.300744636104208540e-01 8.035366362733880052e+00
-1.610232190223658821e-01 -4.872167335873711647e-02 9.857472822226504006e-01 2.620976690386791574e+01 -2.289407136320520744e-02 9.986964012934130830e-01 4.562191969203871489e-02 1.118546391212288826e+00 -9.866850566830833724e-01 -1.522157932915714149e-02 -1.619287482076620377e-01 7.890135215858154361e+00
-1.917393192657188550e-01 -4.261422495466067606e-02 9.805202926747790260e-01 2.707052010742476611e+01 -1.651080738473183207e-02 9.990555875833611044e-01 4.019112049297624001e-02 1.140475235050918634e+00 -9.813070075709779960e-01 -8.482962620084832581e-03 -1.922618349042909958e-01 7.696267060245685521e+00
-2.208248858344731280e-01 -3.697834151344893405e-02 9.746122076432980341e-01 2.787557234891300340e+01 -1.086637487082577243e-02 9.993122516459970184e-01 3.545342873234220982e-02 1.147924643476144091e+00 -9.752529455823701898e-01 -2.761501218351242442e-03 -2.210748357687739307e-01 7.506118238139956489e+00
-2.485887055175649007e-01 -3.039413673677875821e-02 9.681321373443542155e-01 2.869903110905260490e+01 -2.106600087341904248e-03 9.995221542265830816e-01 3.083870027963762223e-02 1.174105637211444897e+00 -9.686068519442307956e-01 5.626686437827392064e-03 -2.485339481036399900e-01 7.283883640324376962e+00
-2.755462975070112619e-01 -2.006038980374835745e-02 9.610784579400759586e-01 2.951617499124021293e+01 4.085518880378093999e-03 9.997487664095980886e-01 2.203888793855682260e-02 1.175301712668268328e+00 -9.612791280844978914e-01 9.999239287637573526e-03 -2.753951152685849002e-01 7.039822660075580885e+00
-3.001524683767020085e-01 -5.049135213915195187e-03 9.538778673406578257e-01 3.031378899807506144e+01 8.426181365355184943e-03 9.999329411521140631e-01 7.944347003300112828e-03 1.169341352976567050e+00 -9.538540299966669078e-01 1.042206439194320877e-02 -3.000897969086990802e-01 6.769842095307556207e+00
-3.243307818091855088e-01 1.164521578758165310e-02 9.458720405011825649e-01 3.107015059619976682e+01 8.879027493990662018e-03 9.999176480386455790e-01 -9.266066958571886683e-03 1.131524269921024617e+00 -9.459020678150122929e-01 5.393154168346439049e-03 -3.244074720541715862e-01 6.466065078512012398e+00
-3.497976172221113345e-01 2.621313644657121550e-02 9.364584789648666696e-01 3.184516324306510526e+01 7.744159527587441208e-03 9.996552148238783131e-01 -2.508942912898164818e-02 1.095049331114081204e+00 -9.367932908107170498e-01 -1.524137698384847627e-03 -3.498800122171870641e-01 6.196027785763963180e+00
-3.741743127085978560e-01 3.702031736293220909e-02 9.266191582655740611e-01 3.261168622618183122e+01 1.194435300929452305e-02 9.993123771609792039e-01 -3.510135693391602807e-02 1.067625419530126907e+00 -9.272814731955982825e-01 -2.066158816888713588e-03 -3.743592069496885499e-01 5.875235936534517478e+00
-3.980056060838607634e-01 4.176170903499025477e-02 9.164319298991802087e-01 3.338834627492088458e+01 1.595854157446800758e-02 9.991273268786563522e-01 -3.859934716089497703e-02 1.015975718075773138e+00 -9.172441749713546866e-01 -7.378385481540081789e-04 -3.983247345506352177e-01 5.535973561640723517e+00
-4.205521615749315267e-01 4.113617213481161189e-02 9.063353021860512948e-01 3.411205347462122717e+01 1.787687613468224093e-02 9.991533574838894483e-01 -3.705381886016034798e-02 9.677761043179144984e-01 -9.070922281614329785e-01 6.193812829181211252e-04 -4.209314917658640298e-01 5.179270258998927901e+00
-4.407416864703050385e-01 3.792124518319935078e-02 8.968326100792407551e-01 3.486984905209364882e+01 2.209913035443520149e-02 9.992628167428102559e-01 -3.139190138357238896e-02 9.365250594963003827e-01 -8.973619156250358664e-01 5.983502209143458546e-03 -4.412548068825186132e-01 4.805206536330018707e+00
-4.589809986358378557e-01 3.671158752392746777e-02 8.876872692733559500e-01 3.560846308680965677e+01 2.928347342852078566e-02 9.992281553354354084e-01 -2.618342452491765476e-02 9.080559633888534155e-01 -8.879633630572525416e-01 1.397687330420443672e-02 -4.597017806496718761e-01 4.388676806524332008e+00
-4.736217634879291150e-01 3.731578000606360079e-02 8.799374658096983381e-01 3.629989755552063713e+01 3.278313447051336288e-02 9.991565851376200680e-01 -2.472618888906310403e-02 8.564758126578922992e-01 -8.801180057501921672e-01 1.713624818196074484e-02 -4.744456333274885695e-01 4.044032666485800398e+00
-4.841508714104517663e-01 4.053526958572940125e-02 8.740450856938439816e-01 3.698826532606164363e+01 3.543873318704932052e-02 9.990150982676117009e-01 -2.670074092366159918e-02 8.050727359670540872e-01 -8.742665740577306721e-01 1.804786470232379314e-02 -4.851105502142544212e-01 3.617041871192451907e+00
-4.943435387139358261e-01 4.329681465372920562e-02 8.681876743741991920e-01 3.769471991076928674e+01 3.692301509028041856e-02 9.989032605504217788e-01 -2.879178629652690696e-02 7.639744648484992906e-01 -8.684821063879447633e-01 1.782307417257078530e-02 -4.954000228185057031e-01 3.243843153654721867e+00
-5.048583569078409772e-01 4.253775389643844884e-02 8.621534466030515986e-01 3.840343687038135556e+01 3.093848875329098871e-02 9.990350165250518888e-01 -3.117443852421273795e-02 7.006638336688520985e-01 -8.626475883121239585e-01 1.093504992758320520e-02 -5.056872319722438558e-01 2.852965226719965219e+00
-5.160687426463135274e-01 4.131566813042433089e-02 8.555501476562222818e-01 3.908285983299602862e+01 2.942381091911962579e-02 9.991016067681620649e-01 -3.049948611878012736e-02 6.905866809637475345e-01 -8.560416486691484472e-01 9.433715333012245019e-03 -5.168207755938127868e-01 2.415988581964421122e+00
-5.246170177536074730e-01 4.266114918064096984e-02 8.502687798035111211e-01 3.976090940175151900e+01 3.137919245305482302e-02 9.990339870988854676e-01 -3.076424627226432770e-02 6.456274780123525403e-01 -8.507598620303250536e-01 1.054130155996243351e-02 -5.254489045554375792e-01 1.984507995341949105e+00
-5.317195738606417255e-01 4.583834862272669758e-02 8.456790925488547606e-01 4.044834699946569145e+01 3.553010836036812198e-02 9.988624801856504920e-01 -3.180183984704585548e-02 6.053150854939423064e-01 -8.461748743068316925e-01 1.313741009751630794e-02 -5.327433749959809006e-01 1.541908800536385460e+00
-5.358667470039487624e-01 4.896923567287188306e-02 8.428812671413293822e-01 4.113068814366343418e+01 3.627667355352930112e-02 9.987300754284932358e-01 -3.496053959062239008e-02 5.715329690989575662e-01 -8.435228770252225505e-01 1.184273896503381523e-02 -5.369626788205723589e-01 1.106647780717418428e+00
-5.352923336900072826e-01 5.048334501270455854e-02 8.431568872079296950e-01 4.184833444669550317e+01 3.537870410716503766e-02 9.986763770183431088e-01 -3.733418298533168478e-02 5.199651286323292432e-01 -8.439256344339364224e-01 9.845097089193680789e-03 -5.363698449703172555e-01 6.750622002889727913e-01
-5.321645290601935141e-01 5.125689094319171857e-02 8.450879434494354969e-01 4.258368711984601163e+01 3.773771673477870070e-02 9.986096840373751560e-01 -3.680439671544320085e-02 4.830155634409385446e-01 -8.457994977937071113e-01 1.230569600130862300e-02 -5.333589714442350527e-01 2.089357528725045987e-01
-5.267372500301247262e-01 5.014237846241727248e-02 8.485479351441175266e-01 4.332892561414480781e+01 3.623783970259260995e-02 9.986757125301143345e-01 -3.651903768470347172e-02 4.381668722353729839e-01 -8.492553798670869902e-01 1.151360758691501868e-02 -5.278567511601751638e-01 -2.158369224004244857e-01
-5.191611873259888155e-01 4.894773117922422007e-02 8.532735598720939674e-01 4.407260773285478450e+01 3.417570323613199762e-02 9.987491324216962729e-01 -3.649920184369477572e-02 3.958024108258861862e-01 -8.539927955541093407e-01 1.021225600524902459e-02 -5.201846097673775704e-01 -6.876083286280580964e-01
-5.119919709832756460e-01 4.820646532703118381e-02 8.576364876886837241e-01 4.486671766938064820e+01 3.221691895928836119e-02 9.987992084077377264e-01 -3.690814760052497923e-02 3.484406092588760995e-01 -8.583858712108650701e-01 8.733730984744931744e-03 -5.129302403256685849e-01 -1.177168552958389736e+00
-5.056728839802898667e-01 4.670634326513381507e-02 8.614600620237766737e-01 4.567226617447700221e+01 2.933333425675768366e-02 9.988869215825859627e-01 -3.693877825698239914e-02 2.993909880487863329e-01 -8.622264796112931728e-01 6.590558400198324833e-03 -5.064800844006267511e-01 -1.624231360580782324e+00
-5.011466207060579769e-01 4.447229675523085846e-02 8.642188761263185359e-01 4.647804111290520979e+01 2.516595386813217164e-02 9.990051703092726054e-01 -3.681500256488314665e-02 2.519866947551465675e-01 -8.649963882263479453e-01 3.299179199210172404e-03 -5.017672541553063192e-01 -2.083028248735470989e+00
-5.002278917149359794e-01 4.163555289916538726e-02 8.648922034232426892e-01 4.732026241456209448e+01 2.054709121647946626e-02 9.991328051350218953e-01 -3.621401255758130433e-02 2.143237831297641061e-01 -8.656499787676755764e-01 -3.442392297288667706e-04 -5.006495873780572037e-01 -2.527736319214721750e+00
-5.003619755271767611e-01 3.893203739232195537e-02 8.649405623314516678e-01 4.814506054576412453e+01 1.767255344837786665e-02 9.992396465246148329e-01 -3.475355569119793070e-02 1.614187810147621471e-01 -8.656359434833877931e-01 -2.103648552711642576e-03 -5.006695532903571166e-01 -3.015195865287435328e+00
-5.011857015004832494e-01 3.787591967876671739e-02 8.645104359042155018e-01 4.900884358148167053e+01 1.622569891761648300e-02 9.992773251638271681e-01 -3.437374107923487493e-02 1.190672121839732173e-01 -8.651876279989111351e-01 -3.200340589483630181e-03 -5.014380716924756731e-01 -3.507798715980240178e+00
-5.018837267771514288e-01 3.737989172057802623e-02 8.641269900711707752e-01 4.988977423177386328e+01 1.647021496638178401e-02 9.992975830680955740e-01 -3.366114170460062643e-02 7.434809759536054052e-02 -8.647782774436872932e-01 -2.661621054167145894e-03 -5.021468512188795863e-01 -4.004128903076354717e+00
-5.016891542312434948e-01 3.667641777495818378e-02 8.642701078828873840e-01 5.075473143775535334e+01 1.615647404033739368e-02 9.993237938962568068e-01 -3.302912756627110480e-02 2.607342494240284803e-02 -8.648970882137001492e-01 -2.606796603392968602e-03 -5.019424717719734863e-01 -4.512840090584590236e+00
-5.016360944321319737e-01 3.600289453467726136e-02 8.643292236295773145e-01 5.164168184860646704e+01 1.637838418898950738e-02 9.993497695867027408e-01 -3.212143407113648985e-02 -2.136384130333257581e-02 -8.649236900571662945e-01 -1.956953729683626013e-03 -5.018995858430911339e-01 -5.028105099999815586e+00
-5.021867756419917672e-01 3.556893397081106745e-02 8.640273605547054148e-01 5.252513706278847394e+01 1.609528774008644678e-02 9.993651114772328370e-01 -3.178546277281164845e-02 -7.346142840973989008e-02 -8.646093894939484992e-01 -2.055469164620197121e-03 -5.024404364656031019e-01 -5.537862046311332165e+00
-5.022905488182012324e-01 3.391834197945076124e-02 8.640334120422189512e-01 5.342518542654417502e+01 1.423267963747802851e-02 9.994193136057416549e-01 -3.095910842663168738e-02 -1.286359191963247217e-01 -8.645817761884393438e-01 -3.252955908612173430e-03 -5.024816256424213812e-01 -6.033407485111678348e+00
-5.026335051102521767e-01 3.323239682062318484e-02 8.638606101836925344e-01 5.432935866939773462e+01 1.378197958799508641e-02 9.994419054922880630e-01 -3.042917281056311748e-02 -1.790313809411861745e-01 -8.643897436298556558e-01 -3.389011587614856880e-03 -5.028109975426293676e-01 -6.540760632430814958e+00
-5.019503231387095754e-01 3.236179138883466672e-02 8.642907925179327266e-01 5.521558448841776823e+01 1.254504921566126918e-02 9.994670348352578948e-01 -3.013748485408846919e-02 -2.266687142876796512e-01 -8.648054735999887166e-01 -4.284948836289597697e-03 -5.020887825845239405e-01 -7.061395782332360760e+00
-5.006180791140701913e-01 3.113395223686680341e-02 8.651082026721718110e-01 5.610663205121039709e+01 1.204723371147429188e-02 9.995068307222119142e-01 -2.899930130739942005e-02 -2.863045955833877221e-01 -8.655844357290100044e-01 -4.095412913639849203e-03 -5.007462688743247181e-01 -7.578699489147543211e+00
-4.986763829580592167e-01 2.866623232602386745e-02 8.663140877402009110e-01 5.700831554280085101e+01 1.228997421950442717e-02 9.995863480766096210e-01 -2.600171628665891299e-02 -3.423142791383031458e-01 -8.667011214950127718e-01 -2.319463106102557636e-03 -4.988224129886781322e-01 -8.087027355347515822e+00
-4.959801464143840377e-01 2.756788902551694787e-02 8.678961298592684503e-01 5.791510719017644959e+01 1.327444410909773241e-02 9.996198253915262733e-01 -2.416596354278983255e-02 -3.852239355409536881e-01 -8.682323974207106776e-01 -4.649985308138721279e-04 -4.961575369799948176e-01 -8.589560713928767299e+00
-4.928187728424405223e-01 2.696208698510249580e-02 8.697141422986548465e-01 5.880365761002697411e+01 1.271144947518366292e-02 9.996362341328549617e-01 -2.378693839277297786e-02 -4.397439865101532286e-01 -8.700391305443793133e-01 -6.673214737532888940e-04 -4.929822306246423591e-01 -9.121039970986705825e+00
-4.913248059240147847e-01 2.734010361013419071e-02 8.705472072836130115e-01 5.968887982933319591e+01 1.329056592795252109e-02 9.996261752182417082e-01 -2.389289961573111062e-02 -4.890232145187740631e-01 -8.708750245925763744e-01 -1.691082729630753820e-04 -4.915045032104043976e-01 -9.612414725697053797e+00
-4.899264573202364303e-01 2.763923598591462583e-02 8.713254990647569809e-01 6.057246972730594337e+01 1.321075832841654175e-02 9.996178892709217667e-01 -2.428067730016403997e-02 -5.353052042050834292e-01 -8.716636707040007481e-01 -3.848746771852195768e-04 -4.901043876577745317e-01 -1.011009597108116331e+01
-4.907580937617565531e-01 2.870878371262421819e-02 8.708227634993149779e-01 6.148374258217633326e+01 1.252388998975755181e-02 9.995861927487407206e-01 -2.589585724664814417e-02 -5.816643937198546777e-01 -8.712058643719416962e-01 -1.802512121882716848e-03 -4.909145613785940165e-01 -1.061672377429540326e+01
-4.935701820137051721e-01 3.077452602553445299e-02 8.691613143178975598e-01 6.234750347946826565e+01 1.184380314143322101e-02 9.995189230496097643e-01 -2.866438155846582139e-02 -6.224283534561717568e-01 -8.696253286524489035e-01 -3.853707613504018907e-03 -4.936972254272489202e-01 -1.108434780022396993e+01
-4.984035930680307258e-01 3.146497680392613960e-02 8.663739377796559893e-01 6.324260023065053815e+01 1.064002679926509543e-02 9.994878939467894963e-01 -3.017846355082878795e-02 -6.756801939504089027e-01 -8.668798421008773181e-01 -5.822811866779849937e-03 -4.984831469870710241e-01 -1.156569944357705637e+01
-5.038009440769514180e-01 3.004696793100014238e-02 8.632970375052192447e-01 6.411179741630709827e+01 1.048487711547725458e-02 9.995339424122515748e-01 -2.866993716855299051e-02 -7.192600611501931418e-01 -8.637561510029223566e-01 -5.392377173046348365e-03 -5.038811838057917214e-01 -1.206333146553607349e+01
-5.091279528917834751e-01 2.784810501437393754e-02 8.602401973971691707e-01 6.497232206924989839e+01 1.345913775763092797e-02 9.996118119918676603e-01 -2.439419834577067139e-02 -7.823537631136439074e-01 -8.605856095645942894e-01 -8.416760170849480090e-04 -5.093051282182926576e-01 -1.258606345499666013e+01
-5.144981389210817602e-01 2.575579923458878526e-02 8.571045971920403517e-01 6.583096659630710690e+01 1.079461101196691093e-02 9.996641461873871926e-01 -2.355994866331748497e-02 -8.235082121684946799e-01 -8.574235554955117466e-01 -2.869438108913344686e-03 -5.146033677996089128e-01 -1.308917603739525326e+01
-5.193371330675562447e-01 2.780341557189217050e-02 8.541170289022097517e-01 6.666829081848462124e+01 1.174157406238042663e-02 9.996084075110528433e-01 -2.540013878210364492e-02 -8.771103397535477963e-01 -8.544887884944755152e-01 -3.162555999978968174e-03 -5.194602216121709803e-01 -1.359843029244504642e+01
-5.241787004215209267e-01 3.008130314231770297e-02 8.510768426375410201e-01 6.750483574102862860e+01 1.204414341781672761e-02 9.995378600346944697e-01 -2.791066003760623790e-02 -9.235795811489250218e-01 -8.515231297793186549e-01 -4.379681067296927431e-03 -5.242987612222849148e-01 -1.413719264533987285e+01
-5.293840948035909433e-01 3.016860837945488025e-02 8.478456947919346121e-01 6.835054356075808357e+01 1.074788872307143490e-02 9.995258251066219124e-01 -2.885494432438885648e-02 -9.704276229276371790e-01 -8.483141958468430888e-01 -6.162796531879485666e-03 -5.294573241960136567e-01 -1.463619110886150487e+01
-5.330980197228621931e-01 3.102816270898044182e-02 8.454843236236417869e-01 6.918055368440975883e+01 9.904359715570989348e-03 9.994876775965280125e-01 -3.043494654614203529e-02 -1.017869202778802551e+00 -8.459955181763940679e-01 -7.850828009018947715e-03 -5.331322169389370869e-01 -1.514800978007381005e+01
-5.365169751536768006e-01 2.989209301752869530e-02 8.433599381126359873e-01 6.997801228269439378e+01 9.429346778302582013e-03 9.995224115994966185e-01 -2.942849147991249276e-02 -1.079054704432538037e+00 -8.438368529961631781e-01 -7.836551067396689552e-03 -5.365426049675924292e-01 -1.567596182605310950e+01
-5.388684607836682350e-01 2.395767117732736790e-02 8.420491666554246191e-01 7.081770474691342088e+01 1.188314956521606229e-02 9.997122255091747123e-01 -2.083883161582458093e-02 -1.114155163592532860e+00 -8.423061108429774624e-01 -1.223192015557178491e-03 -5.389980819613062746e-01 -1.620732374688766342e+01
-5.408670268726836206e-01 1.604859411176464204e-02 8.409549863079098797e-01 7.163582207886328490e+01 1.287655449148883240e-02 9.998587734989877740e-01 -1.079941572749321989e-02 -1.139200609882441206e+00 -8.410095511826974901e-01 4.987555804412749372e-03 -5.409972938942033682e-01 -1.672914155056212238e+01
-5.432275649797299044e-01 1.383705976642869186e-02 8.394714620466262600e-01 7.244696565771774033e+01 1.374702666852848851e-02 9.998767341193497415e-01 -7.585235765524741755e-03 -1.169402837189347011e+00 -8.394729557591120717e-01 7.419728419075527319e-03 -5.433508231656053455e-01 -1.725197127359954408e+01
-5.439936173006739706e-01 1.777918621306194547e-02 8.389009667771328838e-01 7.325843765061962642e+01 1.241757727380163497e-02 9.998365894538021603e-01 -1.313766125552557479e-02 -1.219062369496272336e+00 -8.389974729667915021e-01 3.270314667046048899e-03 -5.441254986050652054e-01 -1.775689575557864686e+01
-5.454637738543465231e-01 2.260184027515781124e-02 8.378295861613577200e-01 7.405198694898948020e+01 1.245488695403776207e-02 9.997445349861017183e-01 -1.886108520134681388e-02 -1.270668058807176592e+00 -8.380418597591680063e-01 1.470349929318122808e-04 -5.456059314880649103e-01 -1.826728340644392290e+01
-5.457208698735661612e-01 2.824777292563100325e-02 8.374907657639654168e-01 7.486554371848109213e+01 1.931502583671660875e-02 9.995901575297674313e-01 -2.112928568630248471e-02 -1.292399480179554638e+00 -8.377443962518378306e-01 4.645464574799425261e-03 -5.460428179270595539e-01 -1.881416712393834700e+01
-5.454620187866301428e-01 2.943945151330755808e-02 8.376183450614420600e-01 7.565093535429349458e+01 2.309138440245524226e-02 9.995314218511920368e-01 -2.009290073629090359e-02 -1.331257868616620099e+00 -8.378173938972514057e-01 8.381853983606791375e-03 -5.458862260745098727e-01 -1.932690933324879978e+01
-5.453248579766684090e-01 2.613227331748369658e-02 8.378173373621555786e-01 7.643164328724402878e+01 2.229122847082146142e-02 9.996125355984766259e-01 -1.666972617892099884e-02 -1.374534719160428686e+00 -8.379283453250238045e-01 9.585562630542563203e-03 -5.456960856612994570e-01 -1.984807160845670992e+01
-5.443099981193689763e-01 2.134409125963893095e-02 8.386125702083990774e-01 7.725633173228750650e+01 2.042533728378412988e-02 9.997170988836397987e-01 -1.218719668238329307e-02 -1.400050907350367302e+00 -8.386354649429401675e-01 1.049533261354925612e-02 -5.445919736563089586e-01 -2.036899062961444429e+01
-5.435330595238498930e-01 1.551961129184304018e-02 8.392442684015778420e-01 7.805469051158553384e+01 1.901057222462449250e-02 9.998002042079308094e-01 -6.176550657167044142e-03 -1.426975291965943082e+00 -8.391724631335402140e-01 1.259735534626888268e-02 -5.437195017775373618e-01 -2.087200886883984197e+01
-5.436372756837553055e-01 8.611240565023235705e-03 8.392760846065719926e-01 7.885863456902320934e+01 9.964558624019074357e-03 9.999431122473039224e-01 -3.805236337871849891e-03 -1.453515368891224568e+00 -8.392611224182857654e-01 6.294348421474140268e-03 -5.436921577719369125e-01 -2.138898022692136536e+01
-5.416026959551104580e-01 3.674665251482701553e-03 8.406265542423581039e-01 7.965683310271457174e+01 1.508779400673796898e-03 9.999930843992734797e-01 -3.399225820115502061e-03 -1.488924004230493203e+00 -8.406332463765553431e-01 -5.727089074981851118e-04 -5.416044958871362169e-01 -2.186019972454705140e+01
-5.400277318668471604e-01 4.762550663694213246e-03 8.416337410218445170e-01 8.046098135280581687e+01 5.522527608949568019e-03 9.999825138414435433e-01 -2.115110061387086727e-03 -1.494781643461471354e+00 -8.416291119750376470e-01 3.505728451929492583e-03 -5.400445913563201028e-01 -2.235661621676413802e+01
-5.365404723278466292e-01 7.105328975618510623e-03 8.438446675155583110e-01 8.126751989356600347e+01 9.800137054699838840e-03 9.999495824940307642e-01 -2.188553576098217074e-03 -1.528514635152195877e+00 -8.438176879813283904e-01 7.095546827713380793e-03 -5.365830556791225669e-01 -2.289190117164538663e+01
-5.316308801221909519e-01 1.072967411279739276e-02 8.469081817707238002e-01 8.204884580645270375e+01 1.119361017064432473e-02 9.999214343330863342e-01 -5.641651683931148825e-03 -1.557022418238522832e+00 -8.469021916175454301e-01 6.480684783759630557e-03 -5.317092171673968304e-01 -2.336445631974205028e+01
-5.238141482172381513e-01 1.259941695379081066e-02 8.517393848124754641e-01 8.283279099764111209e+01 1.620395072621386157e-02 9.998570648057252264e-01 -4.825133343884772767e-03 -1.582482646229443235e+00 -8.516784499004474984e-01 1.127407095361280566e-02 -5.239434382694393433e-01 -2.384231821890438852e+01
-5.153673882061937661e-01 1.467314733476736063e-02 8.568437083844492319e-01 8.363674835682917319e+01 2.304159061359634109e-02 9.997291883426867587e-01 -3.261140879801532454e-03 -1.615068632204356147e+00 -8.566595311677434044e-01 1.806235739837882756e-02 -5.155659145689425182e-01 -2.435112586098450294e+01
-5.055005838542080410e-01 1.535452593512243342e-02 8.626896224988966910e-01 8.443652411087722953e+01 2.355335745733541652e-02 9.997146106712635483e-01 -3.992057663260713089e-03 -1.616781067219220436e+00 -8.625047311883499157e-01 1.830125068772440328e-02 -5.057179712335282407e-01 -2.479517857809157277e+01
-4.943698205723341399e-01 1.206990204330815608e-02 8.691678688812563003e-01 8.526040249110096170e+01 1.833642604694559614e-02 9.998259046583791720e-01 -3.454826075669987888e-03 -1.661075421549830455e+00 -8.690582652755064474e-01 1.422947168659617796e-02 -4.945050731780950004e-01 -2.526406400178669287e+01
-4.832597163332486012e-01 8.945734769148595833e-03 8.754313259992170249e-01 8.605269037537830457e+01 1.964883991679066896e-02 9.998067444286717897e-01 6.299615306225839120e-04 -1.675123859352783295e+00 -8.752565237185617741e-01 1.750564613376564410e-02 -4.833420982421003931e-01 -2.573104848806195477e+01
-4.721607527916565350e-01 7.834024102539456288e-03 8.814776443882567092e-01 8.686131791421767900e+01 1.985917044899555145e-02 9.998012523418718933e-01 1.751893494669916384e-03 -1.694321967535778795e+00 -8.812887436692329324e-01 1.833259127140488692e-02 -4.722224904071972151e-01 -2.613049848689116317e+01
-4.597586879735644505e-01 6.557393405875922184e-03 8.880196705034407723e-01 8.772925579963941800e+01 1.851236893927690058e-02 9.998262076926737185e-01 2.201493862279272403e-03 -1.723586192261108874e+00 -8.878509188419059228e-01 1.745150482622920274e-02 -4.598001795849030460e-01 -2.654916237706822812e+01
-4.477147474724177956e-01 8.712599076803309930e-03 8.941339838709780885e-01 8.854650572232813488e+01 2.245493120044335031e-02 9.997467278989139450e-01 1.502026119532138366e-03 -1.739530641676119371e+00 -8.938944536214461500e-01 2.075019750056004975e-02 -4.477969958879674528e-01 -2.697195768734535548e+01
