1.0 0.0 0.0 0.0 0.0 1.0 0.0 0.0 0.0 0.0 1.0 0.0
0.21862243 0.97510916 0.037098337 5.1760254 -0.9757519 0.21888104 -0.0030160903 7.859375 -0.01106062 -0.03553144 0.9993073 0.06311035
0.077512085 0.9957515 0.049660414 13.676025 -0.9969475 0.07786483 -0.005215005 4.388794 -0.009060455 -0.049088415 0.9987531 -0.05847168
-0.4951361 0.8663094 0.060086615 20.3208 -0.8683853 -0.49420777 -0.030494109 -0.040405273 0.0033102285 -0.06730862 0.9977261 -0.4066162
-0.60892653 0.79117644 0.06381392 22.060059 -0.79352313 -0.6086879 -0.025348851 -6.4854736 0.018747581 -0.06603622 0.9976414 -0.6933594
-0.9526966 0.30201137 0.047398023 21.668457 -0.30418855 -0.95194626 -0.048537344 -12.0772705 0.030433882 -0.060623445 0.99769706 -0.72473145
-0.9731968 0.2204723 0.043708455 17.810303 -0.22234884 -0.97275585 -0.044038363 -15.970337 0.032863066 -0.052617516 0.9980723 -0.7128906
-0.9843949 0.1715009 0.037380196 13.208496 -0.173142 -0.98372877 -0.04628693 -19.86267 0.028820671 -0.052039254 0.9982289 -0.68859863
-0.8620604 -0.5068385 0.014617322 7.729492 0.50559705 -0.86141497 -0.05082123 -23.088623 0.038350277 -0.03641494 0.9986009 -0.6413574
-0.5707219 -0.8207674 0.0026649681 2.0567627 0.8200449 -0.5703495 -0.04023088 -22.282593 0.034521297 -0.020778315 0.9991872 -0.5534668
-0.18727383 -0.982341 0.0016812838 -2.364746 0.9821583 -0.18727162 -0.019039368 -19.417603 0.019011516 -0.0019110062 0.99981743 -0.38500977
0.084775865 -0.9963455 0.008249026 -4.4345703 0.9963503 0.08470696 -0.008375438 -15.605103 0.00764504 0.008928494 0.99993086 -0.3034668
0.5325139 -0.8462807 0.016370814 -5.0428467 0.8463436 0.5326447 0.0047103064 -12.362061 -0.012707962 0.011348368 0.9998548 -0.21691895
0.5279124 -0.8490942 0.021792604 -3.796997 0.8491318 0.5282008 0.010330326 -10.42981 -0.020278847 0.013052309 0.99970895 -0.2310791
0.71090597 -0.70268154 0.03147322 -2.7269287 0.7026229 0.7115073 0.0147487 -9.785278 -0.032756194 0.011625506 0.9993958 -0.23730469
0.6334895 -0.7728041 0.0347722 -2.7646484 0.77287394 0.63419485 0.014405316 -9.884033 -0.03318386 0.017760154 0.9992912 -0.24060059
0.77729684 -0.62792253 0.041272428 -2.2265625 0.6279788 0.7782341 0.013198466 -9.541016 -0.040408064 0.015649013 0.999061 -0.25830078
0.7206924 -0.6919537 0.042824704 -2.2021484 0.6922139 0.7216335 0.010825277 -9.416138 -0.038391836 0.021846216 0.9990236 -0.26184082
0.8448469 -0.53293866 0.046726868 -1.5654297 0.533082 0.8459837 0.010373929 -9.156738 -0.0450625 0.016142307 0.99885416 -0.2821045
0.7999072 -0.5982182 0.04554185 -1.7093506 0.5982623 0.801044 0.0141661 -9.137207 -0.044959053 0.015918285 0.9988623 -0.2902832
0.89614636 -0.44093552 0.050115876 -0.7342529 0.44075403 0.8975072 0.015214215 -8.781494 -0.051688157 0.008458967 0.99862695 -0.3272705
0.851914 -0.5214514 0.04808002 -0.76049805 0.52139306 0.8531784 0.014747667 -8.724976 -0.048709672 0.012510142 0.9987342 -0.3461914
0.93417203 -0.35258102 0.054392282 0.15759277 0.35228378 0.9357417 0.015278912 -8.434937 -0.05628576 0.004894555 0.9984024 -0.36657715
0.8960354 -0.4410058 0.050406665 0.1418457 0.44079232 0.8974167 0.015881445 -8.321289 -0.05224105 0.007996472 0.9986023 -0.39904785
0.9600625 -0.27432555 0.05474489 1.1265869 0.27388468 0.9616236 0.0155487675 -8.124512 -0.05690892 7.607625e-05 0.99837786 -0.4248047
0.95011777 -0.30791607 0.049554836 1.2425537 0.30773988 0.951399 0.011337001 -8.071167 -0.05063787 0.0044814995 0.9987067 -0.45141602
0.97704154 -0.20719826 0.049259298 2.2216797 0.2070654 0.97827995 0.007842621 -7.928955 -0.049815014 0.0025448096 0.9987544 -0.4918213
0.9725997 -0.22752035 0.047144752 2.5072021 0.22752133 0.97372764 0.0054252935 -7.8739014 -0.04713998 0.0054620802 0.9988721 -0.51672363
0.98584145 -0.16063678 0.04777991 3.363037 0.16065423 0.98699117 0.0035058279 -7.753418 -0.04772124 0.0042289486 0.9988502 -0.5489502
0.987238 -0.15262279 0.04507717 3.9227295 0.15269534 0.98825514 0.0018562675 -7.623413 -0.044830896 0.0050605712 0.99898034 -0.5946045
0.98950404 -0.13580106 0.049032282 4.607422 0.1359326 0.99070233 0.0006703632 -7.579834 -0.0486667 0.0060139913 0.9987946 -0.614624
0.9902702 -0.13057102 0.04769946 5.2313232 0.13065344 0.9914092 0.0014097899 -7.485718 -0.047473285 0.004849826 0.998858 -0.66137695
0.99117583 -0.123312235 0.048268758 5.921631 0.1233048 0.99234873 0.0031483446 -7.461792 -0.0482877 0.0028429474 0.99882704 -0.68847656
0.99186647 -0.11782193 0.0477384 6.567627 0.11778606 0.99301606 0.0035789306 -7.3776855 -0.04782677 0.0020888373 0.9988497 -0.72631836
0.9919613 -0.11648565 0.04920947 7.286377 0.11641024 0.9931827 0.004408034 -7.352173 -0.04938753 0.0013651168 0.9987764 -0.7614746
0.9920386 -0.115486965 0.049824517 7.9001465 0.115392424 0.99329174 0.0047813584 -7.2562256 -0.050043054 0.0010204774 0.99874336 -0.78430176
0.992008 -0.1152713 0.050897777 8.63562 0.11519256 0.9933154 0.0044913148 -7.2301025 -0.051075764 0.0014232483 0.9986902 -0.8175049
0.9915321 -0.118528575 0.052717745 9.339722 0.11839089 0.9929361 0.00573934 -7.1761475 -0.05302613 0.0005654115 0.9985891 -0.854126
0.9905454 -0.12496073 0.056376766 10.054443 0.124761894 0.992152 0.007046739 -7.102051 -0.056815207 6.5558124e-05 0.99838114 -0.89001465
0.98943865 -0.13165466 0.060255747 10.729248 0.13133425 0.991274 0.009263344 -7.1343994 -0.06095123 -0.001236002 0.998137 -0.9112549
0.98982495 -0.12871177 0.06041494 11.538818 0.12844704 0.99166894 0.0082599865 -7.050537 -0.06097586 -0.0004055542 0.9981372 -0.9538574
0.98985636 -0.12743644 0.06259408 12.252197 0.12711357 0.9918359 0.009126674 -7.0080566 -0.06324713 -0.001066516 0.9979945 -0.98095703
0.9909256 -0.12013663 0.059750456 13.21106 0.11988028 0.9927315 0.007868545 -6.9837646 -0.060263164 -0.00060909154 0.99817616 -1.0334473
0.9915524 -0.11585227 0.05791388 13.892822 0.11553299 0.9932441 0.008839424 -6.9488525 -0.05854842 -0.0020559027 0.99827856 -1.0672607
0.9919317 -0.11308157 0.056835227 14.769775 0.11274763 0.99356097 0.00904895 -7.0076904 -0.05749481 -0.0025460673 0.99833703 -1.1090088
0.9926497 -0.107850246 0.054461494 15.75415 0.10734223 0.9941278 0.01215592 -7.026001 -0.055456206 -0.006201104 0.998437 -1.1490479
0.9933912 -0.10213839 0.05168129 16.73767 0.101596475 0.99471295 0.012969755 -7.0550537 -0.052738514 -0.007604178 0.99857146 -1.2041016
0.9937143 -0.09970664 0.050358087 17.868652 0.09914035 0.9949589 0.013589699 -7.0653076 -0.051463895 -0.008489491 0.99863285 -1.2404785
0.9942643 -0.09528955 0.048245564 18.7323 0.09472614 0.9953949 0.013812136 -7.119629 -0.049342707 -0.009150524 0.9987368 -1.2791748
0.9950712 -0.088118196 0.044999596 19.852173 0.08763561 0.9960563 0.012548708 -7.2043457 -0.045932177 -0.008525133 0.99890304 -1.3101807
0.99609196 -0.07829697 0.040257465 20.64685 0.07789084 0.9968751 0.011510544 -7.2177734 -0.04103792 -0.008310058 0.9991178 -1.3470459
0.99710673 -0.067231126 0.034761857 21.63623 0.06689954 0.9976842 0.010545661 -7.2321777 -0.035395745 -0.008169126 0.9993342 -1.3762207
0.99776417 -0.058860186 0.030665621 22.19934 0.058603186 0.9982147 0.009117333 -7.2928467 -0.031154167 -0.007274867 0.9994813 -1.3937988
0.9987891 -0.042846624 0.02254786 23.087646 0.04271935 0.9990394 0.005933273 -7.2786865 -0.022788003 -0.0049312413 0.9997192 -1.4112549
0.999206 -0.034877475 0.018490016 23.650757 0.034806907 0.9993745 0.0040603513 -7.326416 -0.018622499 -0.0034015006 0.99981743 -1.4152832
0.99971086 -0.020016989 0.010669246 24.57373 0.019995503 0.9997733 0.001907656 -7.3563232 -0.01070942 -0.0016673226 0.999934 -1.4202881
0.9997834 -0.017146816 0.009157248 25.109253 0.017136132 0.99983084 0.001107187 -7.400757 -0.009177249 -0.000927018 0.99995124 -1.420166
0.99996257 0.0038562173 -0.002064921 26.015503 -0.0038578256 0.99997085 -0.00018352456 -7.4610596 0.0020619258 0.00021463446 0.9999916 -1.4082031
0.99947774 0.028107285 -0.01503928 26.794556 -0.0281482 0.99958974 -0.002438033 -7.458374 0.014962554 0.0028716195 0.9998808 -1.3851318
0.99777114 0.05846074 -0.031459223 27.663208 -0.058656767 0.9982464 -0.0052726725 -7.5063477 0.03109216 0.0071249823 0.9994859 -1.3625488
0.99532276 0.084878616 -0.04585247 28.492798 -0.08516143 0.99634856 -0.004221957 -7.5147705 0.045325138 0.008118212 0.998936 -1.3337402
0.9926027 0.106701106 -0.05758831 29.335815 -0.10714626 0.99421805 -0.004660546 -7.643921 0.05675599 0.010813321 0.9983245 -1.2890625
0.9908276 0.118995324 -0.0637171 30.098633 -0.11974624 0.9927551 -0.00805334 -7.764038 0.062294114 0.015625425 0.9979314 -1.2374268
0.9904971 0.121515945 -0.06412699 30.858887 -0.12228147 0.992447 -0.008104924 -7.9466553 0.06265463 0.015883634 0.9979054 -1.1929932
0.99107105 0.11824761 -0.061364904 31.602661 -0.11918716 0.9927897 -0.011834117 -8.077637 0.05951987 0.019055238 0.9980414 -1.1369629
0.99199617 0.11244575 -0.057192933 32.331543 -0.11352004 0.9933982 -0.015832081 -8.239868 0.055030357 0.02221018 0.9982336 -1.0755615
0.9913565 0.11720055 -0.058735773 33.155884 -0.11848996 0.99276304 -0.01892974 -8.350708 0.056088533 0.025735222 0.9980918 -1.0159912
0.990098 0.12555864 -0.062408224 33.966675 -0.12708211 0.99165 -0.020987151 -8.464844 0.05924391 0.02872758 0.9978252 -0.9562988
0.9894391 0.12997296 -0.06398652 34.739136 -0.13161978 0.9910411 -0.022187278 -8.584961 0.06052565 0.030382382 0.9977025 -0.8996582
0.9880641 0.13831402 -0.06759334 35.552612 -0.13969636 0.99005204 -0.01611262 -8.717651 0.064689085 0.025376182 0.99757874 -0.84521484
0.9878599 0.13980176 -0.06749481 36.285156 -0.14099912 0.9899069 -0.013259608 -8.821411 0.06495615 0.022627478 0.9976286 -0.79089355
0.9871243 0.1442715 -0.06878409 37.08362 -0.1456478 0.9891986 -0.015377363 -8.963501 0.06581855 0.025210641 0.99751073 -0.73583984
0.98618174 0.14970666 -0.070810094 37.894043 -0.15132508 0.9883129 -0.018007547 -9.060913 0.06728309 0.028483216 0.99732417 -0.6647949
0.9849566 0.15621316 -0.07355005 38.72278 -0.15796661 0.9872472 -0.018592576 -9.208496 0.069703005 0.029947061 0.9971154 -0.60705566
0.98487127 0.15668394 -0.07388479 39.605103 -0.15836334 0.98721945 -0.017380621 -9.315918 0.07021316 0.028825799 0.9971131 -0.5316162
0.98545957 0.15350041 -0.07263143 40.4729 -0.1553145 0.9876495 -0.019960567 -9.481567 0.068666235 0.030962473 0.9971565 -0.46618652
0.9864182 0.14836225 -0.07033906 41.358032 -0.15000458 0.98850185 -0.018616706 -9.583374 0.06676542 0.028923487 0.997347 -0.39257812
0.9876459 0.14135185 -0.06744811 42.268066 -0.14275745 0.98961055 -0.016435718 -9.700317 0.06442005 0.025871787 0.9975845 -0.32141113
0.98840725 0.13675071 -0.06582822 43.22632 -0.1380078 0.99031174 -0.0149069615 -9.806641 0.063150056 0.023825096 0.9977182 -0.25256348
0.989461 0.13011013 -0.06321177 44.131836 -0.13114253 0.9912686 -0.012413612 -9.922485 0.061041225 0.020589568 0.99791855 -0.18408203
0.990159 0.12565891 -0.06139179 45.128906 -0.1264391 0.99192274 -0.008958539 -10.031616 0.059768267 0.01664232 0.99807143 -0.11730957
0.9903881 0.12417381 -0.060667716 46.054565 -0.12467666 0.9921741 -0.004539446 -10.1427 0.059627492 0.012072097 0.9981447 -0.068847656
0.9906211 0.12267272 -0.05980023 47.048462 -0.12298993 0.9923876 -0.0016187569 -10.259277 0.059144888 0.008975062 0.9982055 -0.0036621094
0.99041593 0.12417757 -0.060195636 48.04077 -0.12440048 0.99221927 5.6892633e-05 -10.370728 0.05973363 0.0074453987 0.9981832 0.05529785
0.9904823 0.12387504 -0.05973164 49.03174 -0.12410541 0.9922576 -0.00013187155 -10.484619 0.059251722 0.00755837 0.9982101 0.114746094
0.9906257 0.123056136 -0.059009127 50.061035 -0.12325671 0.9923592 0.00025427341 -10.617798 0.05858891 0.0070342366 0.9982548 0.18151855
0.9906631 0.12288761 -0.058647722 51.102295 -0.12310351 0.99237514 -5.0080504e-05 -10.740723 0.05819323 0.0072874553 0.99827427 0.25048828
0.99078006 0.12228319 -0.05796174 52.12793 -0.12245778 0.9924556 0.0005572063 -10.856323 0.05759193 0.006561604 0.99831504 0.319458
0.9908652 0.12192946 -0.057332683 53.195312 -0.121977106 0.99251574 0.0026892996 -10.969482 0.057231244 0.0043409755 0.99834853 0.39172363
0.9908041 0.12240785 -0.057209834 54.21338 -0.12243199 0.9924505 0.0031069827 -11.07959 0.05715814 0.0039443774 0.9983533 0.46276855
0.9910357 0.121067084 -0.05622346 55.27954 -0.121017486 0.9926283 0.004301886 -11.201538 0.05633013 0.002551586 0.9984066 0.5415039
0.9914188 0.118592806 -0.054804534 56.31201 -0.11851491 0.9929329 0.004683568 -11.33374 0.054972768 0.0018607411 0.9984837 0.6098633
0.9919729 0.11484263 -0.052732203 57.348877 -0.11479594 0.9933732 0.003926408 -11.456787 0.052833777 0.0021667331 0.99859905 0.6812744
0.99253213 0.11071621 -0.050598238 58.403564 -0.1107007 0.99382347 0.003129113 -11.595093 0.05063214 0.0025191156 0.9987087 0.7487793
0.99286836 0.108256996 -0.049304668 59.426758 -0.10821564 0.9940953 0.0035243882 -11.693359 0.049395394 0.0018595115 0.99877244 0.8220215
0.9929932 0.107310414 -0.04894906 60.45508 -0.1072896 0.9942012 0.0030682175 -11.794922 0.048994623 0.0022250605 0.998792 0.8931885
0.9932245 0.105640605 -0.048200324 61.495117 -0.10560446 0.9943936 0.0033057802 -11.910767 0.048279468 0.0018148825 0.99883044 0.96569824
0.99308443 0.106595494 -0.04877725 62.49121 -0.10650461 0.994285 0.004467748 -12.000732 0.048975367 0.0007738938 0.9987961 1.0308838
0.9925965 0.11019299 -0.0505466 63.49463 -0.110021956 0.99388725 0.0061602304 -12.109741 0.05091785 -0.0005328773 0.9986982 1.0964355
0.9920937 0.11397592 -0.052363817 64.52295 -0.113734126 0.9934762 0.007579838 -12.24231 0.052886616 -0.001555565 0.9985965 1.1589355
0.99147063 0.11847262 -0.053988233 65.55664 -0.11822322 0.9929418 0.0077977143 -12.37207 0.05453214 -0.0013346699 0.9985078 1.2163086
0.99104476 0.12178382 -0.054434244 66.586426 -0.12171662 0.99253875 0.0045646285 -12.523315 0.05458437 0.0021142885 0.99850446 1.2774658
0.9905565 0.12589087 -0.054292627 67.565674 -0.12559475 0.9920412 0.00884551 -12.648682 0.054974176 -0.0019426881 0.99848586 1.345459
0.9897202 0.131805 -0.05533324 68.583984 -0.13158517 0.99126697 0.007613473 -12.76062 0.055853993 -0.00024781126 0.99843776 1.4268799
0.9889106 0.13709493 -0.05688451 69.581055 -0.13693225 0.99054533 0.006767775 -12.884277 0.05727514 0.001103306 0.9983571 1.491333
0.9880693 0.14243256 -0.058165554 70.54053 -0.14207616 0.9897805 0.010234768 -13.008423 0.059031032 -0.0018337613 0.998252 1.5705566
0.98771495 0.14484061 -0.058370024 71.54126 -0.14444725 0.98943824 0.010921447 -13.144653 0.05933663 -0.0023432167 0.9982323 1.6446533
0.9871408 0.14834076 -0.059146225 72.529785 -0.14796543 0.98891306 0.010700382 -13.305298 0.060079005 -0.0017938463 0.99818844 1.7086182
0.98745656 0.14770247 -0.055513926 73.51904 -0.1474485 0.98901796 0.00866531 -13.465454 0.05618496 -0.00036033068 0.9984181 1.7789307
0.9879555 0.14677246 -0.04870743 74.51099 -0.14658102 0.9891565 0.007499932 -13.603149 0.04928064 -0.00026226253 0.9987838 1.845581
0.98740566 0.15231435 -0.04258713 75.46655 -0.15217625 0.9883245 0.006484651 -13.758179 0.043077916 8.292077e-05 0.9990708 1.9102783
0.9871188 0.1538836 -0.04359549 76.430664 -0.15371361 0.98808146 0.0072436943 -13.9104 0.044191133 -0.00044510188 0.99902236 1.9857178
0.9867261 0.1553261 -0.046990175 77.3916 -0.15512139 0.9878458 0.007994506 -14.047974 0.04766174 -0.0005890513 0.99886185 2.0552979
0.9863368 0.15699515 -0.04950283 78.35327 -0.15712573 0.98755777 0.0012753727 -14.20813 0.049086675 0.0065298015 0.998772 2.102539
0.9865367 0.15559971 -0.04976657 79.28955 -0.1558682 0.9877499 -0.0015201973 -14.376099 0.048918895 0.0092721 0.9987575 2.164917
0.98697585 0.15340793 -0.04801204 80.26343 -0.15365767 0.98810506 -0.0015188743 -14.529907 0.047206756 0.008888661 0.9988435 2.224121
0.9871567 0.15322316 -0.04497091 81.22266 -0.15344311 0.98814654 -0.0014498753 -14.678101 0.044214755 0.008338518 0.99898607 2.2647705
0.98765206 0.15107155 -0.040894106 82.1709 -0.15123536 0.9884746 -0.0009105422 -14.828857 0.040284067 0.007096138 0.9991614 2.3081055
0.9879924 0.15005222 -0.036740027 83.11743 -0.14982125 0.9886702 0.008976802 -14.952026 0.037670486 -0.003361741 0.99928397 2.380371
0.98813576 0.14958812 -0.034282133 84.07861 -0.14916138 0.98868674 0.0146836545 -15.071289 0.036093496 -0.009387475 0.99930316 2.4125977
0.9887251 0.14608441 -0.032468997 85.01587 -0.14572585 0.9892239 0.013152871 -15.212158 0.034042582 -0.008268427 0.99938583 2.473755
0.9890298 0.14412244 -0.032296933 85.94678 -0.14385636 0.98954105 0.0104240645 -15.353882 0.033462092 -0.0056622773 0.99942374 2.5379639
0.9898664 0.13807575 -0.03241998 86.90112 -0.13787548 0.9903913 0.008333739 -15.478882 0.033261266 -0.0037686874 0.9994383 2.576294
0.99120396 0.12842146 -0.031582043 87.832275 -0.12834793 0.9917078 0.0043511703 -15.599121 0.031879373 -0.00025352137 0.999491 2.62854
0.9922403 0.12022125 -0.031121641 88.76221 -0.12038229 0.99270415 -0.0033313148 -15.724609 0.030492578 0.007060399 0.99950904 2.675537
0.9935665 0.10929073 -0.029268064 89.70752 -0.109385885 0.9939864 -0.0016573621 -15.819824 0.028910287 0.0048539303 0.9995696 2.7208252
0.994917 0.096883826 -0.026585303 90.63452 -0.09686398 0.9952736 0.0020382772 -15.890747 0.026657457 0.00055846525 0.99964297 2.75354
0.9962538 0.08304568 -0.023147507 91.576904 -0.083048455 0.99652374 0.00084847864 -15.972656 0.023137435 0.0010887613 0.9997301 2.7972412
0.9971556 0.07221632 -0.020466749 92.52026 -0.072204545 0.99736744 0.001313447 -16.03601 0.020508058 0.00018008007 0.999788 2.8319092
0.99803436 0.059817944 -0.01720937 93.434814 -0.059794668 0.9981845 0.0018515866 -16.07483 0.017289996 -0.0008047428 0.99984807 2.8634033
0.9988111 0.046155013 -0.0135787325 94.38574 -0.04615315 0.99890584 0.0004554179 -16.121948 0.013585062 0.00018834947 0.9999053 2.906128
0.99934053 0.03412608 -0.0103545915 95.29883 -0.034121763 0.99939615 0.00058477174 -16.132935 0.010368792 -0.00021820131 0.99994427 2.940796
0.9996498 0.024578547 -0.007707515 96.20361 -0.024577301 0.9996812 0.00025352146 -16.15393 0.0077114985 -5.3486514e-05 0.9999686 2.9521484
0.9999064 0.011694316 -0.003728278 97.14014 -0.011692942 0.9999149 0.0003247124 -16.161255 0.003732603 -0.00027050715 0.9999913 2.9678955
0.9999789 0.0013461534 -0.00042925775 98.06836 -0.0013460355 0.9999808 2.0005304e-05 -16.146973 0.0004296517 -7.82407e-06 0.99999803 2.9794922
0.9998508 -0.014923177 0.004688401 98.99951 0.014921845 0.9998641 0.00027450756 -16.14087 -0.0046926206 -0.00018918025 0.9999865 2.9924316
0.9997094 -0.021781819 0.0067488207 99.92505 0.02177982 0.9997348 0.00034722875 -16.111084 -0.006755271 -0.00018296804 0.9999745 2.991455
0.99954337 -0.02795933 0.008484406 100.82593 0.027953971 0.9995817 0.0007169936 -16.057861 -0.008502044 -0.0004630535 0.9999612 3.0019531
0.99938655 -0.032925475 0.009649367 101.75464 0.032911714 0.99943435 0.0015308304 -16.02417 -0.009696194 -0.0011990049 0.9999504 3.0095215
0.99924695 -0.036641426 0.010311063 102.69287 0.0366196 0.9993004 0.0022256107 -15.978027 -0.010388309 -0.0018315134 0.99994224 3.0205078
0.9991269 -0.039859068 0.010807394 103.612305 0.039831977 0.99918425 0.002657732 -15.934082 -0.010906818 -0.002214897 0.99993676 3.020752
0.9988412 -0.046184182 0.012096002 104.54785 0.046148155 0.9989121 0.003198582 -15.877563 -0.012232736 -0.002627505 0.9999205 3.010254
0.9983774 -0.054674957 0.014010821 105.48193 0.054626685 0.99847287 0.003750869 -15.82373 -0.014197852 -0.0029655788 0.99989295 3.0054932
0.9979896 -0.06099019 0.015464848 106.40723 0.060936455 0.9981069 0.0038806838 -15.791138 -0.015675237 -0.0029165521 0.9998711 2.994873
0.9975507 -0.067519456 0.017135503 107.34546 0.06746004 0.9976951 0.003998993 -15.728638 -0.017367935 -0.0028235107 0.999844 2.9857178
0.9971222 -0.07330279 0.018226583 108.263916 0.07323238 0.99728525 0.0044776686 -15.644043 -0.018507369 -0.0031199208 0.99982256 2.9763184
0.99653316 -0.080646 0.019083068 109.104004 0.08054047 0.99670655 0.006199317 -15.571045 -0.01952362 -0.0046284692 0.99979705 2.9735107
0.99582744 -0.08878209 0.01937018 110.05029 0.08865476 0.9960019 0.0072945748 -15.485962 -0.019945137 -0.005532818 0.99978405 2.984253
0.9952461 -0.09528201 0.018283533 110.953125 0.09515776 0.995399 0.0075059254 -15.404785 -0.018919427 -0.005716524 0.99980307 2.9910889
0.99443674 -0.10374857 0.01666144 111.85474 0.10364288 0.9945628 0.007063628 -15.321777 -0.017306864 -0.0052891294 0.9998355 2.9736328
0.9934084 -0.11296012 0.018280046 112.78076 0.11284108 0.99356294 0.007403816 -15.221313 -0.019001283 -0.0052856854 0.99980485 2.9580078
0.9925954 -0.11951235 0.020500958 113.68359 0.11934629 0.99278575 0.009125541 -15.1015625 -0.021446705 -0.0066029215 0.99974734 2.9468994
0.9917887 -0.12609152 0.020389168 114.56592 0.12591416 0.9919735 0.00974546 -14.989014 -0.021457145 -0.0070913215 0.9997439 2.9464111
0.9910305 -0.13222313 0.017935358 115.48779 0.13209446 0.9911767 0.008169727 -14.864624 -0.018859915 -0.0057202326 0.9998052 2.9454346
0.99004567 -0.13985799 0.01541224 116.36548 0.13975285 0.9901505 0.0077054272 -14.7265625 -0.016338404 -0.0054737204 0.9998514 2.9230957
0.9890821 -0.14641522 0.01609307 117.25806 0.1462849 0.9891916 0.008994104 -14.59082 -0.017237147 -0.006538638 0.9998297 2.9180908
0.9875744 -0.1560526 0.01761643 118.16284 0.15595675 0.9877241 0.0066923015 -14.461182 -0.018445587 -0.003857312 0.9998221 2.9157715
0.9864013 -0.16321672 0.01852877 119.046875 0.1632066 0.98657507 0.002069858 -14.319336 -0.018617887 0.0009857281 0.9998259 2.9128418
0.98521584 -0.17019816 0.018643051 119.93945 0.1702057 0.98539037 0.0011963728 -14.174927 -0.01857423 0.00199818 0.99982524 2.9138184
0.9839412 -0.17755026 0.01689135 120.825195 0.17746286 0.9840804 0.0065453257 -14.010376 -0.017786074 -0.0034377736 0.9998356 2.899414
0.98280334 -0.18377002 0.016607206 121.75391 0.18362729 0.98292226 0.009745074 -13.831177 -0.018116735 -0.0065218075 0.99981415 2.8863525
0.98178804 -0.18893787 0.018528782 122.66333 0.18881641 0.9819529 0.008109144 -13.65979 -0.019728273 -0.004458524 0.9997952 2.8927002
0.98076314 -0.19425927 0.018099666 123.523926 0.19421686 0.98093015 0.004089088 -13.493652 -0.018549202 -0.00049125316 0.99982756 2.8685303
0.97965723 -0.19984868 0.01746132 124.42554 0.19984259 0.9798118 0.002111856 -13.315552 -0.017530996 0.001423134 0.9998451 2.862671
0.9783209 -0.20589185 0.021630134 125.32544 0.2059643 0.97854435 -0.0011494327 -13.14917 -0.020928953 0.005583508 0.9997651 2.857666
0.97724175 -0.21046935 0.025281915 126.21216 0.21078373 0.9774456 -0.01043752 -12.970093 -0.022511085 0.015536195 0.99962527 2.8341064
0.9757697 -0.21693256 0.027660066 127.10132 0.21733063 0.9759963 -0.012253217 -12.779663 -0.024335176 0.017972954 0.9995419 2.8375244
0.97508466 -0.22033875 0.025236672 127.96924 0.22066098 0.97527903 -0.010746646 -12.584473 -0.022242945 0.016049467 0.9996235 2.814331
0.97432697 -0.2238738 0.022800889 128.8352 0.22415599 0.9744708 -0.0106355455 -12.370605 -0.019835513 0.015477525 0.99968314 2.8000488
0.9739304 -0.22563492 0.022784725 129.71484 0.22586168 0.9741126 -0.007882649 -12.160889 -0.020415 0.012826672 0.99970907 2.7966309
0.97346044 -0.22751999 0.023855519 130.59106 0.22772564 0.9736847 -0.0062458045 -11.956787 -0.021805443 0.011516549 0.99969566 2.7904053
0.9732083 -0.22794785 0.029363912 131.4541 0.22825053 0.9735529 -0.0073483465 -11.745972 -0.026910946 0.013859997 0.99954134 2.782959
0.97271764 -0.22942434 0.033985686 132.32373 0.22972514 0.9732266 -0.00516842 -11.536743 -0.031888947 0.0128380945 0.9994088 2.7678223
0.9723555 -0.23057896 0.036125243 133.19653 0.23090905 0.97293454 -0.005179004 -11.335815 -0.03395131 0.013384603 0.99933326 2.751831
0.9721364 -0.23199448 0.033047624 134.04102 0.23232147 0.9725994 -0.0063605555 -11.12561 -0.03066466 0.0138663 0.9994331 2.7320557
0.97240865 -0.23145285 0.028447961 134.8894 0.23173164 0.97273445 -0.006864997 -10.91748 -0.02608046 0.013273991 0.99957114 2.7208252
0.97243 -0.23145515 0.027648082 135.74878 0.23167825 0.9727566 -0.005103614 -10.706055 -0.025712311 0.011374041 0.9996043 2.6973877
0.97216153 -0.23230888 0.029469756 136.59424 0.23249626 0.972559 -0.0030438495 -10.494019 -0.02795289 0.009818639 0.99956053 2.6872559
0.97206223 -0.23260558 0.030660542 137.44385 0.23292187 0.9724444 -0.007118081 -10.30249 -0.02815758 0.014067977 0.99950385 2.6757812
0.97184277 -0.23380366 0.028290173 138.2976 0.23409332 0.9721571 -0.007343734 -10.091187 -0.025783177 0.013764776 0.9995725 2.6716309
0.9718119 -0.234449 0.023717705 139.12744 0.23446563 0.9720952 0.0021182788 -9.878662 -0.023552338 0.003507358 0.9997162 2.65625
0.9716839 -0.23540024 0.01990237 139.96558 0.23532547 0.971887 0.0060517853 -9.66272 -0.020767964 -0.0011954112 0.9997835 2.640625
0.9720533 -0.23406121 0.017195523 140.80664 0.23402932 0.9722054 0.0038719797 -9.448608 -0.017624283 0.00026250444 0.99984455 2.6317139
0.97169244 -0.23554784 0.0180137 141.63452 0.23554656 0.97185713 0.0022249995 -9.24939 -0.018030824 0.002082453 0.99983513 2.6334229
0.97128 -0.23725846 0.016708221 142.44043 0.23726925 0.9714201 0.0013626763 -9.04541 -0.016553752 0.0026429715 0.99985945 2.6247559
0.9709226 -0.23854566 0.019905519 143.2959 0.23863332 0.97110283 -0.0021136645 -8.8342285 -0.018825423 0.006804279 0.9997995 2.6105957
0.97013104 -0.24123316 0.025388375 144.1211 0.24144243 0.97039574 -0.0054810517 -8.629272 -0.023314275 0.011448378 0.9996626 2.6105957
0.9695123 -0.24288018 0.03222835 144.94482 0.24319676 0.96994865 -0.0062324917 -8.423218 -0.029745305 0.013882563 0.99946094 2.6011963
0.9687008 -0.24582411 0.03349968 145.74146 0.24621336 0.96914893 -0.007960149 -8.21228 -0.030507343 0.015967382 0.9994064 2.5860596
0.96760964 -0.25056258 0.03001756 146.52759 0.25096393 0.9679159 -0.010373094 -7.996582 -0.02645294 0.017575964 0.99949515 2.5950928
0.9661498 -0.25647792 0.027690206 147.37842 0.25687283 0.96637094 -0.011721355 -7.7664795 -0.023751019 0.018440753 0.99954736 2.5722656
0.963896 -0.2649481 0.026720095 148.17114 0.26533082 0.9640877 -0.011907872 -7.5406494 -0.02260522 0.018567331 0.9995719 2.5473633
0.9610984 -0.27436125 0.03110029 148.96484 0.27481878 0.96140283 -0.011447512 -7.315674 -0.026757253 0.01955372 0.9994504 2.536377
0.9581808 -0.28409502 0.034273468 149.74072 0.28462803 0.9585638 -0.011720605 -7.078125 -0.029521775 0.02098621 0.99934363 2.5350342
0.95420426 -0.29724318 0.033534866 150.54663 0.29784015 0.9544996 -0.014359551 -6.819824 -0.027738294 0.023693893 0.99933386 2.5256348
0.949626 -0.31168035 0.033038 151.34497 0.3123321 0.9498396 -0.016714312 -6.562256 -0.026171183 0.026190627 0.9993141 2.506836
0.94522494 -0.3245183 0.034383837 152.08765 0.3252074 0.9454661 -0.016666742 -6.300415 -0.027098482 0.026937082 0.99926996 2.4997559
0.9408782 -0.33695862 0.033554528 152.82129 0.3377099 0.9409972 -0.01986466 -6.035034 -0.024877086 0.030025441 0.99923944 2.4921875
0.9361649 -0.35038787 0.02842934 153.59009 0.35102695 0.93610305 -0.021800492 -5.7474365 -0.018971954 0.030387951 0.99935806 2.4924316
0.93158686 -0.36307722 0.018325685 154.30371 0.36341187 0.93141127 -0.020483347 -5.4558105 -0.009631587 0.025741259 0.9996223 2.480835
0.9268292 -0.37545165 0.0067316853 154.95068 0.3755119 0.9266674 -0.017307524 -5.173706 0.00026169792 0.018568471 0.9998275 2.4812012
