1.000000000000000000e+00 4.398956837314658088e-19 2.733407509747682871e-20 -8.673617379884035472e-19 -5.583667658079949532e-19 1.000000000000000000e+00 -6.100159232558060012e-19 0.000000000000000000e+00 4.145284534913582806e-20 -2.210423569125054137e-19 1.000000000000000222e+00 0.000000000000000000e+00
9.999418860421896982e-01 -8.700046791906419471e-04 1.074558723115419563e-02 7.516297977033165045e-02 8.659289104683542135e-04 9.999995513760012722e-01 3.839443188925481054e-04 -4.234161441513159541e-03 -1.074591662940654023e-02 -3.746170846087649216e-04 9.999421907914559648e-01 2.948620370447790906e-01
9.998560857703105986e-01 -2.392416937854233584e-03 1.679535984595987436e-02 1.096399921550801071e-01 2.379729314060137404e-03 9.999968678373751807e-01 7.753704322776078586e-04 -7.773187528636399390e-03 -1.679716253942568210e-02 -7.352904247956371315e-04 9.998586473397391705e-01 5.353676475427899817e-01
9.997913041072522544e-01 -6.400894100827890162e-03 1.940043346131112983e-02 8.260006984012352449e-02 6.417263352271843080e-03 9.999791036792879950e-01 -7.816165600042459432e-04 -1.328157593425141614e-02 -1.939502535477555592e-02 9.059511612912696200e-04 9.998114883432340783e-01 9.124531724540972943e-01
9.998257193251030017e-01 -6.608974289951006012e-03 1.746002479976307628e-02 9.354256642843024327e-02 6.640957098479543380e-03 9.999763742670774169e-01 -1.774425226269429239e-03 -1.567195608859546507e-02 -1.744788546632489515e-02 1.890067292045762406e-03 9.998459875995175938e-01 1.191788388402789556e+00
9.998915947053438336e-01 -1.039974964491061950e-02 1.042324690625237409e-02 8.958441329609817538e-02 1.043626018148531044e-02 9.999395734767576593e-01 -3.454540589603131377e-03 -1.682141474768694689e-02 -1.038669089042027101e-02 3.562945865420470617e-03 9.999397092104231888e-01 1.536938628752618552e+00
9.999376019757364453e-01 -1.107280973658862286e-02 -1.478193805457133541e-03 7.514347472110868842e-02 1.106567038088434977e-02 9.999274741161890967e-01 -4.753675196919731130e-03 -2.904442246912425363e-02 1.530723162470811003e-03 4.737021421458003159e-03 9.999876086812471421e-01 1.843912119628217550e+00
9.997921595093103297e-01 -1.074788738785483096e-02 -1.732399173964736458e-02 2.532452116550714533e-02 1.066242535485581282e-02 9.999305637270851088e-01 -5.018006768583751533e-03 -3.738022316515705878e-02 1.737672209544816743e-02 4.832248090713251940e-03 9.998373362383885521e-01 2.156977963121602837e+00
9.993212212892130797e-01 -6.396270573589546427e-03 -3.627925497485152972e-02 2.045291610249542341e-02 6.206231018961815178e-03 9.999664378495678463e-01 -5.348444692651074459e-03 -3.971776736237349337e-02 3.631224808910436114e-02 5.119656862702437472e-03 9.993273787027621147e-01 2.499586758438455458e+00
9.984190345059190674e-01 -3.670947045474716799e-03 -5.608881847190966968e-02 -4.684751775119281453e-02 3.329076943982741191e-03 9.999753164983171683e-01 -6.187377121420081436e-03 -5.193949237022024712e-02 5.611014850356849798e-02 5.990871105190071107e-03 9.984066109706709602e-01 2.865474742878215242e+00
9.971251275971841910e-01 -3.106347746560262149e-03 -7.570885231148691275e-02 -1.020454944294875849e-01 2.635042098512785803e-03 9.999765293902156404e-01 -6.324335376805357255e-03 -5.602856331861234829e-02 7.572672226932131156e-02 6.106657695035776906e-03 9.971099099245152031e-01 3.202526584061099690e+00
9.953150814892595122e-01 -3.400544525816317706e-03 -9.662465816935793261e-02 -1.358969247804399094e-01 2.828678288182605218e-03 9.999776687695491884e-01 -6.054794555015521884e-03 -6.445635118897939664e-02 9.664309168866053179e-02 5.753108229596357384e-03 9.953024740597320452e-01 3.584781258390360215e+00
9.932456796816211408e-01 -4.161202967335576354e-03 -1.159556113196686666e-01 -1.959040119450872197e-01 3.574776029466381153e-03 9.999797510030704606e-01 -5.264841354861899553e-03 -7.502386851338065099e-02 1.159751734123370542e-01 4.814765530675583702e-03 9.932404429833133763e-01 3.981924769440655876e+00
9.910961660582523480e-01 -3.921578743009558610e-03 -1.330902339009897573e-01 -2.831787593277306225e-01 3.297103551591505123e-03 9.999824996318764647e-01 -4.912182094625277412e-03 -8.205466485382990893e-02 1.331071705827712170e-01 4.429632479330853842e-03 9.910917515476285189e-01 4.380854694163488716e+00
9.888166337250881011e-01 -3.230660443184212634e-03 -1.491013987708994237e-01 -3.630483512159005111e-01 2.622110027217525955e-03 9.999874121768755897e-01 -4.277852582870873485e-03 -9.027279269793969663e-02 1.491133447765908560e-01 3.839051418539868570e-03 9.888126580318793435e-01 4.822466558570996931e+00
9.866563637102019335e-01 -2.557562857225718998e-03 -1.627964316023759739e-01 -4.406092861727715082e-01 1.894285754797461838e-03 9.999892619966489482e-01 -4.229369943004423864e-03 -9.225818634785677708e-02 1.628055031888061555e-01 3.864551695517316407e-03 9.866506139735180536e-01 5.217666085062929504e+00
9.845179576523158671e-01 -3.413879003216408348e-03 -1.752504942138021493e-01 -5.247958086002061373e-01 2.578185721645118427e-03 9.999841962450785049e-01 -4.996019871452071076e-03 -9.721260035570988833e-02 1.752647834361084345e-01 4.466842841256218714e-03 9.845112004310164755e-01 5.648579585943002357e+00
9.827560589078102593e-01 -6.297581968126833921e-03 -1.847995354590261929e-01 -6.187573891932368619e-01 5.116436024257062752e-03 9.999633279058930402e-01 -6.867671911846149474e-03 -1.144271478871871361e-01 1.848360113954510275e-01 5.803731070025349575e-03 9.827522406185862369e-01 6.104927227158591485e+00
9.811610197451703375e-01 -5.921619958292777090e-03 -1.931009757826540330e-01 -7.282720785640781624e-01 4.338428344726022977e-03 9.999534305066249962e-01 -8.620606169721775972e-03 -1.262288845133942017e-01 1.931430344592351411e-01 7.620447891047581884e-03 9.811410183669261320e-01 6.544673506238495975e+00
9.795632831274009300e-01 -5.700788688398245561e-03 -2.010554012960857617e-01 -8.295287272936504586e-01 3.661762654271275876e-03 9.999380420787509216e-01 -1.051206413856631446e-02 -1.171351466837113192e-01 2.011028748512881381e-01 9.561014808069881465e-03 9.795234666380275845e-01 7.026103583923209328e+00
9.780324254046885990e-01 -6.441406002934078542e-03 -2.083532627988947949e-01 -9.374404686781641072e-01 3.795510948366766831e-03 9.999070350809436958e-01 -1.309638448125513728e-02 -1.361179121210964182e-01 2.084182559822748693e-01 1.201788151260129063e-02 9.779659514164257272e-01 7.507497857656001194e+00
9.762473036884679045e-01 -9.722811671828422361e-03 -2.164409108340452914e-01 -1.049453222099534955e+00 6.670442894510656036e-03 9.998677995607219149e-01 -1.482864060427221617e-02 -1.416078763262497153e-01 2.165564770687546658e-01 1.303266360026413863e-02 9.761830991272035796e-01 8.011068372809313942e+00
9.744127915780200766e-01 -1.523314938661163298e-02 -2.242491061658407059e-01 -1.156489782566088920e+00 1.192422231013693171e-02 9.997992406648567032e-01 -1.610252365635313904e-02 -1.578151993470062742e-01 2.244493820882617618e-01 1.301650875799791052e-02 9.743988128855854969e-01 8.524476599355100603e+00
9.724419141677781431e-01 -1.652296293209848388e-02 -2.325590549480341385e-01 -1.310037299013233181e+00 1.255190269441788450e-02 9.997492336548435832e-01 -1.854506737046982684e-02 -1.815826480251717112e-01 2.328071604428729735e-01 1.511494212169060478e-02 9.724054534092463342e-01 9.035198936380632873e+00
9.702885675858800019e-01 -1.276259986031775227e-02 -2.416137627244736574e-01 -1.444199273588256283e+00 7.642698324934037862e-03 9.997262026882238750e-01 -2.211580446544717665e-02 -1.852711136086981070e-01 2.418298688585362455e-01 1.961213110470880552e-02 9.701204462200597733e-01 9.559910536588008156e+00
9.682290214213248314e-01 -9.919046053605254723e-03 -2.498683117135082066e-01 -1.587761887981335551e+00 3.743880191797832602e-03 9.996760021146002817e-01 -2.517685742513029595e-02 -2.064906140592287498e-01 2.500370896250506125e-01 2.344148699881913253e-02 9.679524533317346302e-01 1.010158916256750317e+01
9.658578428303674634e-01 -1.223997938661102423e-02 -2.587833241480567703e-01 -1.755060642844728402e+00 5.363476807103059567e-03 9.996139393025346154e-01 -2.726179483488343908e-02 -2.243198465633114425e-01 2.590171063463935219e-01 2.494303999554215237e-02 9.655506122815507020e-01 1.066381801574395638e+01
9.635049979091638850e-01 -1.379920170552189143e-02 -2.673344337332185239e-01 -1.917809789421213384e+00 6.295629386045190241e-03 9.995623382965193038e-01 -2.890496318369403794e-02 -2.575234007772246869e-01 2.676163017167835778e-01 2.616703798136066350e-02 9.631701837000474775e-01 1.120933178736092017e+01
9.613652909096233046e-01 -1.367445991088485184e-02 -2.749359651308153629e-01 -2.077843749482083169e+00 5.080949488966073763e-03 9.994767336965661997e-01 -3.194436944843676712e-02 -2.733904138021402419e-01 2.752289271427346140e-01 2.931327230460639699e-02 9.609317204675467128e-01 1.177475525428070569e+01
9.590355741136582512e-01 -1.310890336067710785e-02 -2.829821946529200161e-01 -2.271618101217423913e+00 3.263934814340196423e-03 9.993737760915689661e-01 -3.523354055293650283e-02 -2.973950838660855966e-01 2.832668623894140092e-01 3.286658340876234818e-02 9.584777901045939963e-01 1.238613672353602269e+01
9.568569673815380261e-01 -1.446436434832689549e-02 -2.901991114946875783e-01 -2.467977215716542716e+00 2.802930147222437718e-03 9.991731835532841055e-01 -4.055974406619137357e-02 -3.293987135236608466e-01 2.905458460079176075e-01 3.799646596172038399e-02 9.561063653061474543e-01 1.297721772310456245e+01
9.549101979735467038e-01 -1.580184364811345818e-02 -2.964739679109472670e-01 -2.653610216810567746e+00 1.785867067513548147e-03 9.988702612540150128e-01 -4.748696502214703324e-02 -3.692990543588091090e-01 2.968894164774244504e-01 4.481632422782665798e-02 9.538596193230535203e-01 1.357477319011630179e+01
9.537113992374596227e-01 -1.611071804225311030e-02 -3.002915413235046072e-01 -2.890485545576028326e+00 -6.101616514861807729e-04 9.984582015841079183e-01 -5.550538151127688141e-02 -3.992322436624014537e-01 3.007227890088792210e-01 5.311934167525161898e-02 9.522311387811410732e-01 1.419946670239849063e+01
9.523958485756329750e-01 -1.589848872138559244e-02 -3.044493121771358890e-01 -3.090682883213745846e+00 -3.922046725472577190e-03 9.979176899268948908e-01 -6.438091070806321869e-02 -4.508632121151795458e-01 3.048389187089777241e-01 6.251017682240829487e-02 9.503503109053897946e-01 1.484405979194433733e+01
9.511227851761321350e-01 -1.500414857901510510e-02 -3.084482468883467110e-01 -3.324346611325076140e+00 -7.951298332880704645e-03 9.972979782880461164e-01 -7.303094782150598707e-02 -4.970696494825675993e-01 3.087105854962548523e-01 7.191396291829446619e-02 9.484335287163553341e-01 1.547355317828324495e+01
9.496462453981546759e-01 -1.419473901668029912e-02 -3.130024215466127857e-01 -3.542226677597824835e+00 -1.151726311819663458e-02 9.967167065632367429e-01 -8.014461609735598624e-02 -5.505359964900928826e-01 3.131123800035949811e-01 7.971396546950645923e-02 9.463647939920478702e-01 1.613511073528973938e+01
9.481001102197278430e-01 -1.355103381087358581e-02 -3.176830941912743844e-01 -3.781593339037286672e+00 -1.467678156831912946e-02 9.961616205001730950e-01 -8.629378833668856219e-02 -6.191341697713578229e-01 3.176330813740453340e-01 8.647771613056812190e-02 9.442620570575167571e-01 1.677336107348327943e+01
9.465166348723135226e-01 -1.262011489086623667e-02 -3.224081115631454164e-01 -4.054663995786130570e+00 -1.823821232057532687e-02 9.955445121703085931e-01 -9.251211746751901444e-02 -6.839198155397895329e-01 3.221391451834306197e-01 9.344440627808731081e-02 9.420692736231511821e-01 1.745573698744062341e+01
9.448383426447428679e-01 -1.059186742859327159e-02 -3.273657226094688899e-01 -4.269950193114826043e+00 -2.274000664474102804e-02 9.949439805422500838e-01 -9.782314481891718483e-02 -7.572306208242578496e-01 3.267466904867946664e-01 9.987135735921143231e-02 9.398203629026792294e-01 1.811930111458870130e+01
9.429297069590766300e-01 -6.656046708541301683e-03 -3.329253105834047988e-01 -4.530359320731516704e+00 -2.852123601146798471e-02 9.945117569644937872e-01 -1.006623283400463198e-01 -8.294404481212457325e-01 3.317681543666355370e-01 1.044129417841707791e-01 9.375648413279443760e-01 1.882308619183762843e+01
9.413855418764721650e-01 -5.988497144562728719e-03 -3.372794050072282501e-01 -4.807687632782004172e+00 -3.035905413130477598e-02 9.942810198010547662e-01 -1.023893621838111029e-01 -9.125570352968819243e-01 3.359636748829752384e-01 1.066273495952748673e-01 9.358199719446542719e-01 1.950277265163004969e+01
9.390056146662127956e-01 -6.134163364262637183e-03 -3.438470956318978033e-01 -5.067889242530309701e+00 -3.069734514792164110e-02 9.943546800175379063e-01 -1.015698937827728549e-01 -1.001609474309617553e+00 3.425290208991355057e-01 1.059298941831578744e-01 9.335163254362118801e-01 2.023454009990894065e+01
9.367044356180518339e-01 -5.780798509542751061e-03 -3.500733924321107748e-01 -5.341496341797402181e+00 -3.131922497644333558e-02 9.944718643838307282e-01 -1.002238349619920116e-01 -1.084758447078407295e+00 3.487175189728519697e-01 1.048441387510459788e-01 9.313451568057016239e-01 2.095473530540090934e+01
9.343996529136276985e-01 -6.151463724089033767e-03 -3.561733362772832590e-01 -5.636564522319289949e+00 -3.087163438710329583e-02 9.946907821867752020e-01 -9.816919080713445989e-02 -1.174943609656729171e+00 3.548862247147116511e-01 1.027249114599528279e-01 9.292488163708034765e-01 2.167903409566041972e+01
9.314272387650667229e-01 -5.702145441864651249e-03 -3.638829230182860641e-01 -5.942935849300641671e+00 -3.101809442827355504e-02 9.949950035488466238e-01 -9.498852950170345866e-02 -1.255854846398333002e+00 3.626033348699523873e-01 9.976185920773436577e-02 9.265885795443898898e-01 2.237416843239403619e+01
9.278462285694304423e-01 -2.810183079202514290e-03 -3.729523778054641414e-01 -6.251125288894819221e+00 -3.300349593161325257e-02 9.954301477073757010e-01 -8.960798128699924703e-02 -1.333069928513521685e+00 3.714998616971421086e-01 9.545116031353058361e-02 9.235133629920219134e-01 2.316594431210243599e+01
9.244715854718187353e-01 -5.767395739821200209e-04 -3.812505108402043930e-01 -6.584667045592467183e+00 -3.409558849636807470e-02 9.958668269842392284e-01 -8.418285921876000888e-02 -1.419442962591729529e+00 3.797232945874752241e-01 9.082362235487774493e-02 9.206309207016269980e-01 2.390627187893285210e+01
9.209665523296378664e-01 3.484169102821239438e-03 -3.896260603675228418e-01 -6.909708354326115298e+00 -3.771244340387361338e-02 9.960623464553911566e-01 -8.023449151864510409e-02 -1.487250029405826179e+00 3.878123040200648908e-01 8.858703424331616783e-02 9.174715021786038482e-01 2.465416486860550549e+01
9.170372699040285625e-01 4.470807750261252683e-03 -3.987764464090738370e-01 -7.253134450669119992e+00 -3.889538447486674128e-02 9.961726458351004565e-01 -7.827648947677820490e-02 -1.566764234564005598e+00 3.969002353653214854e-01 8.729302185065579422e-02 9.137013378173144407e-01 2.538616406132468839e+01
9.132613760280605675e-01 4.827433563238303117e-03 -4.073454940675150238e-01 -7.621863232946678224e+00 -3.987803111530054817e-02 9.961867151434430356e-01 -7.760007253722835119e-02 -1.641173161002188463e+00 4.054175674015879083e-01 8.711328574353700838e-02 9.099713593519649368e-01 2.615692859567122852e+01
9.092347779092340154e-01 5.148159155722456005e-03 -4.162518607257687520e-01 -7.970370361446236451e+00 -4.066970407646005453e-02 9.962386406003866934e-01 -7.651500637157296336e-02 -1.714705146195817820e+00 4.142922835330885012e-01 8.649894523952050829e-02 9.060241938063039457e-01 2.691964480063933962e+01
9.052392548831094121e-01 4.855914968498049357e-03 -4.248744612645386498e-01 -8.358405530710625086e+00 -4.045795239235722152e-02 9.963765775395987401e-01 -7.481223078536848592e-02 -1.782965020488606944e+00 4.229716870061760448e-01 8.491251917442198260e-02 9.021556515900529538e-01 2.770544122544836796e+01
9.014212237282400730e-01 6.060211665105816152e-03 -4.329007362480948862e-01 -8.730934210154059016e+00 -4.144879643972999850e-02 9.965171120143292427e-01 -7.235774179708701070e-02 -1.864216298263980942e+00 4.309544956225290768e-01 8.316801902399252600e-02 8.985328636479663622e-01 2.849087564818962548e+01
8.976035434255043022e-01 6.317972892088302359e-03 -4.407583897318051447e-01 -9.121127055931751215e+00 -4.040818918175847346e-02 9.968665585170181087e-01 -6.800178542447289642e-02 -1.932936022725004532e+00 4.389476731938611875e-01 7.884889227682258250e-02 8.950462536933636581e-01 2.925814067644270011e+01
8.940032858584908704e-01 7.701611977710011610e-03 -4.479942030843215295e-01 -9.543126031955535993e+00 -4.002177667375089731e-02 9.972282288277153350e-01 -6.272254051304607114e-02 -1.993463516896157195e+00 4.462694086504843671e-01 7.400368153595535126e-02 8.918335461309387924e-01 3.007339690982350788e+01
8.902253473757952840e-01 7.265000392463447781e-03 -4.554624534316096263e-01 -9.969379620645831608e+00 -3.791141140316590247e-02 9.975855528134470740e-01 -5.818753963835452542e-02 -2.054420623367836374e+00 4.539400386847557978e-01 6.906724735940610038e-02 8.883513723342935098e-01 3.087492294514638758e+01
8.862653181841770866e-01 6.511433279356226150e-03 -4.631321439069598367e-01 -1.040680325335149803e+01 -3.673749660381078058e-02 9.977392218959244552e-01 -5.627434138402315211e-02 -2.128675162617071681e+00 4.617186862050865481e-01 6.688831283110918680e-02 8.845008833528331671e-01 3.168893190293786688e+01
8.831605712192560631e-01 6.699751764548901069e-03 -4.690229358663078330e-01 -1.084675734264566316e+01 -3.690863806162365812e-02 9.977904144000668829e-01 -5.524528426396162900e-02 -2.192515484412384197e+00 4.676164678809474062e-01 6.610145477262040214e-02 8.814564316965323165e-01 3.250954591022567541e+01
8.800937002189194169e-01 7.286401760110505429e-03 -4.747441233797227156e-01 -1.130261606082170367e+01 -3.704310987719603571e-02 9.978882490904334990e-01 -5.335588444792231655e-02 -2.246797327237826991e+00 4.733528177663415271e-01 6.454417666082232219e-02 8.785050731812857894e-01 3.332607148688921228e+01
8.772443244197091206e-01 5.267792633825057851e-03 -4.800152508462484646e-01 -1.176598913201596019e+01 -3.455085614866094945e-02 9.980392900251863209e-01 -5.219017117603804573e-02 -2.308770929059411614e+00 4.787991613845168914e-01 6.236846947520591905e-02 8.757063101291580054e-01 3.416323252545601719e+01
8.746827168810624720e-01 4.076956205894212773e-03 -4.846787787272073267e-01 -1.226669115122815867e+01 -3.333792009870856221e-02 9.981025251528933273e-01 -5.176806376694874368e-02 -2.366550751897387617e+00 4.835480651179735467e-01 6.143881318964815319e-02 8.731589463347460001e-01 3.500240843617204689e+01
8.725350366125743662e-01 3.906500891145342665e-03 -4.885359192496974146e-01 -1.274071322462713951e+01 -3.359003374903694883e-02 9.980814174615966206e-01 -5.201147767856126314e-02 -2.425204257176160283e+00 4.873954482591609239e-01 6.179177472333537147e-02 8.709922262972316087e-01 3.584114941923000686e+01
8.708460778495462629e-01 3.719948526737172807e-03 -4.915417234443768546e-01 -1.322584437321374295e+01 -3.381459417015773850e-02 9.980558820380038831e-01 -5.235484323804148743e-02 -2.480541348271117830e+00 4.903913594576492230e-01 6.221429391525138547e-02 8.692788395746370300e-01 3.670691196900718012e+01
8.701508871895402564e-01 4.084243359322787224e-03 -4.927684523856949439e-01 -1.371200185959591522e+01 -3.391712953538510156e-02 9.980906931735544774e-01 -5.161973058059050878e-02 -2.544825356507804059e+00 4.916167871245051835e-01 6.163024591402104652e-02 8.686280286509309168e-01 3.759352861464028450e+01
8.703903879480429095e-01 3.254507221116654300e-03 -4.923514760273521307e-01 -1.424999010631856144e+01 -3.216190375109697491e-02 9.982182749837086311e-01 -5.025820821595546745e-02 -2.606981338302099882e+00 4.913106838316241842e-01 5.957922223467512074e-02 8.689442634470174731e-01 3.846824168708355529e+01
8.698668654629280184e-01 3.107876366582090072e-03 -4.932767708434814269e-01 -1.474750539843952524e+01 -3.172768875779953535e-02 9.982620822234430369e-01 -4.966053783206535177e-02 -2.665285107480172666e+00 4.922651660275386143e-01 5.884858833483109369e-02 8.684537147888363728e-01 3.935432739210605746e+01
8.694546220021882599e-01 1.568045023001749926e-03 -4.940103204211916954e-01 -1.527235329165798561e+01 -3.027195669648334586e-02 9.982848396155856729e-01 -5.010975637932920529e-02 -2.728837972199572803e+00 4.930844476153866118e-01 5.852281841307056115e-02 8.680108363511740421e-01 4.025755088666577564e+01
8.681962059699661616e-01 5.530334455123901921e-04 -4.962207545276597909e-01 -1.579174530321899006e+01 -2.954276838061324281e-02 9.982831754345364850e-01 -5.057594815350403838e-02 -2.790041484775290126e+00 4.953408688739759924e-01 5.856958121031284603e-02 8.667220042196399632e-01 4.116577112723474130e+01
8.664556565480693306e-01 -1.027374170067539647e-03 -4.992529767727249546e-01 -1.631395680875354870e+01 -2.702084000046590939e-02 9.984356924239595754e-01 -4.894938554805941533e-02 -2.853107636349956344e+00 4.985222894694836260e-01 5.590270686508885117e-02 8.650724935767103441e-01 4.208065438779556189e+01
8.648597199878778063e-01 -9.001880770092210568e-04 -5.020127980758084529e-01 -1.687483686332438282e+01 -2.539653499449368371e-02 9.986394788283535773e-01 -4.554346693007317592e-02 -2.918524068305177632e+00 5.013708053509421392e-01 5.213809568057019977e-02 8.636601990645753624e-01 4.301105956775503358e+01
8.617369842637704336e-01 -8.353127230965070975e-04 -5.073545773272379877e-01 -1.741684214538515363e+01 -2.323304102809101851e-02 9.988846527283350429e-01 -4.110567345467095596e-02 -2.977306059628728629e+00 5.068230456044608978e-01 4.720966876987225946e-02 8.607564421175208924e-01 4.393845529878395695e+01
8.578285774680380893e-01 -1.966326173383803420e-03 -5.139321551051191372e-01 -1.796790874247665215e+01 -2.099871784452502638e-02 9.990235237521467582e-01 -3.887226358937694720e-02 -3.038194015430687234e+00 5.135067569596253323e-01 4.413765484098938069e-02 8.569496386215843531e-01 4.482193002438495455e+01
8.527165322289417260e-01 -4.290827937886435711e-03 -5.223562951810031274e-01 -1.854240716796465094e+01 -1.985564625561955093e-02 9.989773954341701900e-01 -4.061916736896650781e-02 -3.094830439362683538e+00 5.219964301006392304e-01 4.500835730659338146e-02 8.517593439723266657e-01 4.572259803333600559e+01
8.469416729942387256e-01 -7.532819718750855334e-03 -5.316324422542714201e-01 -1.909751899122769458e+01 -1.867465248393505167e-02 9.988612168497568167e-01 -4.390360871320155706e-02 -3.169270254345980309e+00 5.313577553104310569e-01 4.711184688507728813e-02 8.458365180341211875e-01 4.662942032530725811e+01
8.407148414260398051e-01 -7.802200222626939907e-03 -5.414219014535412988e-01 -1.968694576428980625e+01 -1.885168415329442626e-02 9.988682639248378514e-01 -4.366698247997346377e-02 -3.226497583226273669e+00 5.411498626200073048e-01 4.691819488383705550e-02 8.396162902473692791e-01 4.751180237887109570e+01
8.350969640166234775e-01 -4.556123333259519403e-03 -5.500838995574053314e-01 -2.028964833898784192e+01 -1.999856711559265185e-02 9.990532446127071697e-01 -3.863511068775171697e-02 -3.269785050010787231e+00 5.497391404672552495e-01 4.326495333383303943e-02 8.342152162923812675e-01 4.839146454281694787e+01
8.297255945977749514e-01 -1.146245773452321884e-03 -5.581703304070455562e-01 -2.088554466060270798e+01 -2.128448417392990455e-02 9.992056100239746774e-01 -3.369153707921865304e-02 -3.337670525255302501e+00 5.577655538917187794e-01 3.983509806863022584e-02 8.290420724283648068e-01 4.928296713132647255e+01
8.256862540342626566e-01 -4.929300093553087760e-04 -5.641293829921670833e-01 -2.150828862459157875e+01 -2.331247158187740864e-02 9.991155746974530460e-01 -3.499424396220758571e-02 -3.381437876062084680e+00 5.636477121225772491e-01 4.204551630301566617e-02 8.249445055861536202e-01 5.016400995114842942e+01
8.223360604158747034e-01 -2.294004051937665201e-03 -5.689974824420226396e-01 -2.213977340055631160e+01 -2.453476445572923270e-02 9.989188723673622095e-01 -3.948584312120498319e-02 -3.436003715424725602e+00 5.684729140218210963e-01 4.643085180315917326e-02 8.213907281182010189e-01 5.102589647668546036e+01
8.193918385623221168e-01 -4.870048610143580710e-03 -5.732131289335601343e-01 -2.274298986636343045e+01 -2.622459149568464806e-02 9.985984661341872348e-01 -4.597145072008835404e-02 -3.515953760538239159e+00 5.726336443834019185e-01 5.270091165010284268e-02 8.181157189100116689e-01 5.188698565676354235e+01
8.161749885672153759e-01 -5.799871351241543509e-03 -5.777756857942651925e-01 -2.335806675844525415e+01 -2.659854011204773258e-02 9.985124220246913707e-01 -4.759685674647293196e-02 -3.565757423103622425e+00 5.771922649953735718e-01 5.421535375289220082e-02 8.148065973196887413e-01 5.274781757265318305e+01
8.130277620918495707e-01 -4.918484403244403023e-03 -5.822041395008146214e-01 -2.399294046574617312e+01 -2.562018893800824607e-02 9.986934795126993780e-01 -4.421470279436127970e-02 -3.627108549918536262e+00 5.816609572116709925e-01 5.086396087137282779e-02 8.118395129714326419e-01 5.360776823704271976e+01
8.096529190677405063e-01 -2.722501829310926789e-03 -5.869026597324747963e-01 -2.463611192758607871e+01 -2.458904405778798014e-02 9.989538843026036785e-01 -3.855536272950942783e-02 -3.694391890986060023e+00 5.863936688007367337e-01 4.564783723636614554e-02 8.087389855371990288e-01 5.449369594964797159e+01
8.066723253715615272e-01 -1.225599277839182393e-03 -5.909976739975427718e-01 -2.528626299772890818e+01 -2.451575978318054974e-02 9.990677138025678694e-01 -3.553422022303043964e-02 -3.746793453186593403e+00 5.904902559192356515e-01 4.315322893717091907e-02 8.058902302205797064e-01 5.533074216093961439e+01
8.036567687152788020e-01 -5.854172434303649185e-04 -5.950928066966822971e-01 -2.591621427139346068e+01 -2.589222334121235938e-02 9.990181302553728937e-01 -3.594952352683550983e-02 -3.801640812509004430e+00 5.945295587954581018e-01 4.429935365228278993e-02 8.028525255218434964e-01 5.617378153754545878e+01
8.000313779811122350e-01 -1.596852231671595053e-03 -5.999560295590355974e-01 -2.657342881944306257e+01 -2.618247885080965745e-02 9.989508338158316070e-01 -3.757272242138972457e-02 -3.852029744236689979e+00 5.993865843990894282e-01 4.576769283683815304e-02 7.991502033966226826e-01 5.705225163610849393e+01
7.961567325324337974e-01 -3.552314996785284947e-03 -6.050800205677363541e-01 -2.723307418187980744e+01 -2.589726739713175269e-02 9.988664429142029011e-01 -3.993946431528572205e-02 -3.919759905210312034e+00 6.045360158011441332e-01 4.746799239851123842e-02 7.951622490156466938e-01 5.792565831259955900e+01
7.919456404518838699e-01 -4.736365235394161821e-03 -6.105732243439249141e-01 -2.789154245898318862e+01 -2.508472336390391369e-02 9.988733146618627989e-01 -4.028471120200739775e-02 -3.970611512889880679e+00 6.100761140662284143e-01 4.721936173408600862e-02 7.909345573463724133e-01 5.874113965591999431e+01
7.875614566875261957e-01 -5.286821599421206823e-03 -6.162134323496020194e-01 -2.857853977807212686e+01 -2.417301217274556158e-02 9.989285139263381907e-01 -3.946504266012294815e-02 -4.032313993128675556e+00 6.157618234944903790e-01 4.597688116572642286e-02 7.865897980076920204e-01 5.961802246078805467e+01
7.827854897465470474e-01 -5.141859494453459439e-03 -6.222703841105031719e-01 -2.925426567456651838e+01 -2.437757662092666922e-02 9.989449218396427854e-01 -3.892013533330491992e-02 -4.087837709944030173e+00 6.218139728069781436e-01 4.563556103602226660e-02 7.818342446629036324e-01 6.043409509025931925e+01
7.770496773044993644e-01 -6.290671938618674387e-03 -6.294078319414498912e-01 -2.995931923430103438e+01 -2.387920332133786419e-02 9.989355996171115359e-01 -3.946456018275182331e-02 -4.146370610527992717e+00 6.289861594508122655e-01 4.569568121182410181e-02 7.760723699708196310e-01 6.129622848787240486e+01
7.717663234437991404e-01 -6.898559472000531829e-03 -6.358688105212627617e-01 -3.065975706493868103e+01 -2.441986444624354505e-02 9.988820664893943713e-01 -4.047576449093259754e-02 -4.203947683055441864e+00 6.354371868941239843e-01 4.676566197899588440e-02 7.707350790047475808e-01 6.212590351147289880e+01
7.666470017908446621e-01 -7.944153154238851530e-03 -6.420196704597433968e-01 -3.134241379710054076e+01 -2.408220457847064580e-02 9.988640903479828470e-01 -4.111662047952192173e-02 -4.264555293387824797e+00 6.416170419123501389e-01 4.698318273009523954e-02 7.655848482323888149e-01 6.292379979449891891e+01
7.608808989638891074e-01 -9.759734328907825399e-03 -6.488181541904747274e-01 -3.207185736408390397e+01 -2.300852592094680682e-02 9.988523268836052571e-01 -4.200758092236985680e-02 -4.322237961178722720e+00 6.484835170489421374e-01 4.689111511715206293e-02 7.597831002126240740e-01 6.377758616827281202e+01
7.546772301383860571e-01 -1.223564822590195861e-02 -6.559821332104263103e-01 -3.278523526062146232e+01 -2.140769824385887685e-02 9.988344950377532339e-01 -4.325924196124374121e-02 -4.387386919242468153e+00 6.557468989541280768e-01 4.668983231912148674e-02 7.535357139282888861e-01 6.457066744249628698e+01
7.481909924751644070e-01 -1.230648484149142116e-02 -6.633692643674392597e-01 -3.353269929682896588e+01 -2.175838258060515049e-02 9.988350785417005051e-01 -4.307039237635167800e-02 -4.452200957996581110e+00 6.631265478432160076e-01 4.665872171508898131e-02 7.470516404496737595e-01 6.540702021932486332e+01
7.420788903844351969e-01 -1.320183359655985149e-02 -6.701825300431599741e-01 -3.428673643995740861e+01 -1.994956461908900525e-02 9.989281719285320049e-01 -4.176747817448440980e-02 -4.510712894843015519e+00 6.700156284484314329e-01 4.436461337178289333e-02 7.410201394980051592e-01 6.622376152014265926e+01
7.360932305922489594e-01 -1.319116922731659869e-02 -6.767516090233570702e-01 -3.503432988466072118e+01 -1.980710700564185939e-02 9.989621620308725136e-01 -4.101557480731913424e-02 -4.576820139988586611e+00 6.765903055680450029e-01 4.359577831238139328e-02 7.350680071296493701e-01 6.703330744063539726e+01
7.294947102236696290e-01 -1.447966209667721736e-02 -6.838331655890496075e-01 -3.580359948654608360e+01 -1.895167649950867811e-02 9.989641642585935788e-01 -4.136946358132800872e-02 -4.635706340814439663e+00 6.837238544047395949e-01 4.313858958374355845e-02 7.284646606091081944e-01 6.784088150821909835e+01
7.230480192373130999e-01 -1.647239916388154243e-02 -6.906013415864497018e-01 -3.659712296478342353e+01 -1.817036445969320846e-02 9.989162502275289457e-01 -4.285047159914399245e-02 -4.703339717213459892e+00 6.905587645261941354e-01 4.353142648798462300e-02 7.219651075753336089e-01 6.864691891478317132e+01
7.172358167104874171e-01 -1.558147422535190174e-02 -6.966562938780527237e-01 -3.739367382186352273e+01 -1.999793634523214583e-02 9.988779333576195407e-01 -4.292967303214699493e-02 -4.768060213110499213e+00 6.965435186996637995e-01 4.472238712505865327e-02 7.161194339651205665e-01 6.943411198412393048e+01
7.114329710827993480e-01 -1.586420247046166007e-02 -7.025748682553473179e-01 -3.818110704689372881e+01 -1.922191791706490821e-02 9.989318382735501434e-01 -4.202023782997702656e-02 -4.829020680884914540e+00 7.024910343525488932e-01 4.339941888358463812e-02 7.103681061920216200e-01 7.024335331267128879e+01
7.069091891276300110e-01 -1.533962171142569386e-02 -7.071379532936543644e-01 -3.898619889974458630e+01 -2.049501731466552359e-02 9.989007630191717446e-01 -4.215708647457615255e-02 -4.878506410457494447e+00 7.070073270616870076e-01 4.429403620688856374e-02 7.058177435761185947e-01 7.103873955512106875e+01
7.019033110525274566e-01 -1.604688663345423330e-02 -7.120914477069497650e-01 -3.983627292064409176e+01 -2.048436066243055145e-02 9.988778839990462011e-01 -4.270086486896008948e-02 -4.954614916600237784e+00 7.119776267207018616e-01 4.455861626919953300e-02 7.007869848934881185e-01 7.183368803144111325e+01
6.968200858062595371e-01 -1.802247224529577793e-02 -7.170194899202418926e-01 -4.064921329812359829e+01 -2.061011962114640134e-02 9.987683226973971262e-01 -4.513380749551502980e-02 -5.021436566137838398e+00 7.169497884500145579e-01 4.622800087581079020e-02 6.955903840109737279e-01 7.261889977433447996e+01
6.915485807526662310e-01 -2.009802398050462499e-02 -7.220502892333625633e-01 -4.147440128176596374e+01 -2.052605960364904669e-02 9.986623908629195245e-01 -4.745640088651725819e-02 -5.089736376394875528e+00 7.220382605069508575e-01 4.763925377068442546e-02 6.902110268181330666e-01 7.340000832599473313e+01
6.866948336132450148e-01 -2.092939682746428748e-02 -7.266444495170595319e-01 -4.235235164439770017e+01 -2.113653803909225706e-02 9.985879973596416548e-01 -4.873662197492315690e-02 -5.154682770297001504e+00 7.266384662703733177e-01 4.882593439014648595e-02 6.852828447130361322e-01 7.419958122636946030e+01
6.818888569727468152e-01 -2.054353614156009117e-02 -7.311672448364608945e-01 -4.320912742982081056e+01 -2.062947783781131361e-02 9.986677466970669270e-01 -4.729858754203856985e-02 -5.224127328951442273e+00 7.311648377152977218e-01 4.733597807499879268e-02 6.805566068840831484e-01 7.499300180764385004e+01
6.770173581575715804e-01 -2.055200765376084468e-02 -7.356800266985494829e-01 -4.404928751664505171e+01 -2.010045237245006167e-02 9.987207811284264380e-01 -4.639798689979587193e-02 -5.295549411333042578e+00 7.356925153995331756e-01 4.619974364507827003e-02 6.757382011490069562e-01 7.576636222183641678e+01
6.719997442555877276e-01 -2.083401723986433307e-02 -7.402582503953430981e-01 -4.492576331146506874e+01 -2.006765302530208808e-02 9.987248010077340865e-01 -4.632559968089257352e-02 -5.370887418650575285e+00 7.402794349351400349e-01 4.598603664294717563e-02 6.707247220596589399e-01 7.652609381454328741e+01
6.670914110716197332e-01 -2.164825418052353581e-02 -7.446612599604401916e-01 -4.580568588869743252e+01 -1.959668439684486910e-02 9.987218793758878554e-01 -4.658945853952036614e-02 -5.435993811163029044e+00 7.447180863362161674e-01 4.567231911314056231e-02 6.658145548120975032e-01 7.732302460924337595e+01
6.625447088785637595e-01 -2.252936782652452397e-02 -7.486834617782407442e-01 -4.669904222249167702e+01 -1.848271120409358814e-02 9.987514425933869955e-01 -4.641061659007612861e-02 -5.508008776134724727e+00 7.487943022702787665e-01 4.458680843317104625e-02 6.613010810178069354e-01 7.808299696821519831e+01
6.587050936885199270e-01 -2.349532565011663507e-02 -7.520342803048553071e-01 -4.759348078704698537e+01 -1.691667973104262618e-02 9.987971745154936576e-01 -4.602206157523453661e-02 -5.574498317857329077e+00 7.522110306131151169e-01 4.303688920030743215e-02 6.575153245626879084e-01 7.885944904205693717e+01
6.546747897134738148e-01 -2.644361148741729631e-02 -7.554479760851164905e-01 -4.850458573704948861e+01 -1.377058088711762517e-02 9.988048681519320349e-01 -4.689569783653843582e-02 -5.643352024823562019e+00 7.557852208094287816e-01 4.110438831368552065e-02 6.535282241830731031e-01 7.962011574831535654e+01
6.506640870585532754e-01 -3.013909894233893563e-02 -7.587673358080986308e-01 -4.940932165292568357e+01 -1.210469387042690213e-02 9.986734294993718786e-01 -5.004855252825388817e-02 -5.728415849952418704e+00 7.592692088260608596e-01 4.174944179734500077e-02 6.494361117648408399e-01 8.041000139333823427e+01
6.459544761311906136e-01 -3.468186387458105369e-02 -7.625876817450693013e-01 -5.032311729830723834e+01 -7.650467196940714809e-03 9.986231412384696249e-01 -5.189693763607507171e-02 -5.796569152461973573e+00 7.633376019197184448e-01 3.935721092453749875e-02 6.447997566511000089e-01 8.117236670711146473e+01
6.391925559088504905e-01 -3.839709892240799477e-02 -7.680875785922859356e-01 -5.125229949488119274e+01 -2.215245493264781252e-03 9.986567397339050078e-01 -5.176687031293242258e-02 -5.871546542382827916e+00 7.690435479902270055e-01 3.479050036671697821e-02 6.382488960159560243e-01 8.194911861795031882e+01
6.309252809001532070e-01 -4.184101776952007384e-02 -7.747145332975048371e-01 -5.217308242692902809e+01 1.984784742849085484e-03 9.986285121998993430e-01 -5.231782901646262612e-02 -5.956018715507546801e+00 7.758410663842284505e-01 3.147099902209807287e-02 6.301430210682189559e-01 8.271202408257731520e+01
6.219550085707634679e-01 -4.270275421156567719e-02 -7.818877354553172010e-01 -5.310463637337874587e+01 4.529642437328548765e-03 9.986914249667979693e-01 -5.094035743400285310e-02 -6.040028467939404067e+00 7.830398837811577417e-01 2.814093818054257123e-02 6.213345630729282254e-01 8.345284165473844951e+01
6.130039585168662875e-01 -4.200301534343243992e-02 -7.889625353044404932e-01 -5.406576725284966045e+01 6.366343198667164319e-03 9.988160268770014394e-01 -4.822876843553024206e-02 -6.103448433025307374e+00 7.900541922255397420e-01 2.454161925943563680e-02 6.125455850177898842e-01 8.418892959604282566e+01
6.042606642749647206e-01 -4.191482604782492682e-02 -7.956834705807768193e-01 -5.506754510687714088e+01 6.235750959535361730e-03 9.988335945658687320e-01 -4.788074512745796318e-02 -6.188789314197976843e+00 7.967623079339358760e-01 2.397076644564356124e-02 6.038172228798392993e-01 8.493104564470664286e+01
5.947083424478344371e-01 -4.220027011502527903e-02 -8.028331786986370178e-01 -5.603939984340529890e+01 3.403655393905878623e-03 9.987445745434594402e-01 -4.997689397187821819e-02 -6.255043115969638912e+00 8.039343338088822399e-01 2.698910787204648887e-02 5.941053667525973969e-01 8.563702437256516475e+01
5.846304825961984308e-01 -4.461236145647311246e-02 -8.100721721067213332e-01 -5.704769700983426617e+01 4.466695033519397888e-03 9.986488353775683224e-01 -5.177404960335537515e-02 -6.348547061112832068e+00 8.112874078838921976e-01 2.665034182687738701e-02 5.840398215144505523e-01 8.635998542103783393e+01
5.749524922236102231e-01 -4.586455606340067437e-02 -8.169002766510313762e-01 -5.804309189229854127e+01 4.487618205530873212e-03 9.985893637434113401e-01 -5.290693601314673533e-02 -6.411448640515541086e+00 8.181744947776012911e-01 2.675303772878541084e-02 5.743472671487226400e-01 8.706413408456788261e+01
5.648254720705204734e-01 -4.695009018223172959e-02 -8.238736934439234716e-01 -5.907830076014293752e+01 7.393246606173153358e-03 9.986280253045440869e-01 -5.184020595449899405e-02 -6.499544377748748047e+00 8.251772761957893998e-01 2.318956694081023007e-02 5.643976605603709951e-01 8.776396935967753166e+01
5.546269064969120421e-01 -4.696082205157452866e-02 -8.307729311950727835e-01 -6.011665120899493076e+01 8.435441384609143264e-03 9.986721999795925564e-01 -5.082007760617607284e-02 -6.578214046881130095e+00 8.320563978892258072e-01 2.117824557015308626e-02 5.542866093009101158e-01 8.844842944341620239e+01
5.440743189716396033e-01 -4.755504068681642993e-02 -8.376882718360506574e-01 -6.114505295001671925e+01 9.291595775344390837e-03 9.986727757834527042e-01 -5.065918600658562976e-02 -6.667358375387174796e+00 8.389855858368985286e-01 1.977890080531503891e-02 5.437940737449002970e-01 8.912170341240384630e+01
5.337326105605703086e-01 -4.862041813050024114e-02 -8.442544299030572130e-01 -6.221238006328353976e+01 8.826158377181888767e-03 9.986117246588314122e-01 -5.192997469691335716e-02 -6.738413581525800389e+00 8.456072440031950910e-01 2.026519713931371550e-02 5.334207754282703773e-01 8.976408454359093980e+01
5.235485584218027011e-01 -4.922108498677973260e-02 -8.505728532195958591e-01 -6.328307744049552497e+01 7.684742051379716068e-03 9.985620326683525283e-01 -5.305479831115027939e-02 -6.818350072825579922e+00 8.519611867126356541e-01 2.124032969178902761e-02 5.231739652274844943e-01 9.042009459163074325e+01
5.140545354791685728e-01 -4.938018063472032759e-02 -8.563349338995108750e-01 -6.434161029693702005e+01 5.201798382235253530e-03 9.985026433890523689e-01 -5.445560038291485938e-02 -6.907297859765781922e+00 8.577417373386624355e-01 2.353866619368790922e-02 5.135416794611478153e-01 9.103473739012140697e+01
