1.000000000000000000e+00 4.398956837314658088e-19 2.733407509747682871e-20 -8.673617379884035472e-19 -5.583667658079949532e-19 1.000000000000000000e+00 -6.100159232558060012e-19 0.000000000000000000e+00 4.145284534913582806e-20 -2.210423569125054137e-19 1.000000000000000222e+00 0.000000000000000000e+00
9.998963114483040426e-01 2.524573662656368913e-04 1.439800797032445533e-02 -9.121237323724756818e-02 -2.483130840102528076e-04 9.999999272294112229e-01 -2.896244202665019282e-04 -8.497292739578943266e-03 -1.439808028998354472e-02 2.860191915511106804e-04 9.998963013534485356e-01 1.549939089760588029e-02
9.995380472278582173e-01 1.609024887602218635e-03 3.034968214783905632e-02 -1.035017359397289033e-01 -1.597210145369448850e-03 9.999986389583154223e-01 -4.135266991271662590e-04 -1.444544423258399546e-02 -3.035030674142479359e-02 3.648608794400002068e-04 9.995392567230831915e-01 3.003306791558507660e-02
9.979466165452113291e-01 5.134308142141922118e-03 6.384504221156198089e-02 3.387209948720975444e-03 -5.211718043674777069e-03 9.999858718638137134e-01 1.045981562134953684e-03 8.836430831344499470e-03 -6.383877091308828855e-02 -1.376576076372002053e-03 9.979592758964948018e-01 4.234752101502469168e-01
9.954010980321978952e-01 4.095106441949361055e-03 9.570728345816985339e-02 1.825613903935720261e-02 -4.389507693630651138e-03 9.999862598364034350e-01 2.865722978830323887e-03 1.533541021148752959e-02 -9.569423463817440523e-02 -3.272651600791562886e-03 9.954053964257539855e-01 5.480134865111512266e-01
9.908681100937682951e-01 1.699339666249324605e-03 1.348239611996937537e-01 1.639723082736627979e-01 -2.367831031426274272e-03 9.999856859174953705e-01 4.798055805519725429e-03 1.457545961742810758e-02 -1.348138801216909322e-01 -5.073480769375273564e-03 9.908579502867973510e-01 8.164239440581427809e-01
9.851254565038479738e-01 -2.569439153864367612e-03 1.718174399232462735e-01 1.416829875322299648e-01 1.578447224661779164e-03 9.999813250392546315e-01 5.904072547418454976e-03 -1.756867797296750300e-02 -1.718294043643954772e-01 -5.545047290923594240e-03 9.851111148086340030e-01 8.944580339125429713e-01
9.764343219120167339e-01 -2.687311706993738680e-03 2.157980371608969050e-01 2.624343952880573982e-01 1.288166257200554785e-03 9.999772315309991555e-01 6.623974874424379614e-03 -4.795616231766261506e-03 -2.158109281861019524e-01 -6.189892517877581754e-03 9.764155513999862590e-01 1.158876894216997799e+00
9.647945045624016780e-01 -2.722478340666284642e-03 2.629907816665221221e-01 3.400573208704242845e-01 5.191135610274637589e-05 9.999483741780659241e-01 1.016101769861398572e-02 4.063504786999919127e-03 -2.630048722467390743e-01 -9.789641669281985703e-03 9.647448372134220795e-01 1.324456189941472406e+00
9.503717890450386063e-01 -6.230459141769170879e-03 3.110540832670414813e-01 5.173807460197904495e-01 1.074241426417882860e-03 9.998592127446869204e-01 1.674516906094673796e-02 2.585363180614114881e-02 -3.111146262805439822e-01 -1.557998894195369508e-02 9.502446813931952896e-01 1.617756305414401741e+00
9.335070541929907373e-01 -1.585004052388295018e-02 3.582085346019783789e-01 6.331483594812752358e-01 7.437936503636872684e-03 9.996635304497033525e-01 2.484960694760476180e-02 1.248369797497761446e-03 -3.584818818019900877e-01 -2.053295088300386567e-02 9.333108485908178098e-01 1.805941962301963022e+00
9.123160422882090614e-01 -2.157473525004493728e-02 4.089180449008830709e-01 8.051617621649224121e-01 1.021527790515403857e-02 9.994993968572604137e-01 2.994334228403369366e-02 -5.394795265838012166e-03 -4.093593659904643522e-01 -2.314057986593423544e-02 9.120797253576119479e-01 2.047529924617475849e+00
8.875633055710623331e-01 -2.354338231260342390e-02 4.600837800855115400e-01 9.986989975726391355e-01 8.956027783916575835e-03 9.993863494874903886e-01 3.386316570044773516e-02 -3.837853736356811041e-03 -4.605987108449874357e-01 -2.593517995268396215e-02 8.872295064396708009e-01 2.279864714357610289e+00
8.592084974901260663e-01 -2.546476629591205507e-02 5.109914868680568434e-01 1.161968531807091809e+00 6.911593806523828355e-03 9.992471665709120598e-01 3.817499099692519410e-02 2.972767654969653978e-02 -5.115789214493157155e-01 -2.926851082334751622e-02 8.587376580207766175e-01 2.507908808985731763e+00
8.270325907039383084e-01 -3.076604392241347533e-02 5.613114462528004944e-01 1.403344302427969481e+00 8.008040324793904569e-03 9.990447135832646319e-01 4.295964980881649548e-02 2.583434333654902049e-02 -5.620969412290309775e-01 -3.103402550615392413e-02 8.264889126431944621e-01 2.753473578520535980e+00
7.915677235943729961e-01 -3.659587781059688016e-02 6.099846514247841966e-01 1.605919242875773589e+00 1.029444429154960199e-02 9.988620968269590339e-01 4.656754118446707752e-02 2.410001301505580729e-02 -6.109947385518580409e-01 -3.058190922417756974e-02 7.910437295462505736e-01 2.929382636850846655e+00
7.539218316745798232e-01 -4.109267057613733010e-02 6.556777085191479726e-01 1.873758364420390343e+00 1.138603695878400920e-02 9.987092661711356456e-01 4.949908861954879086e-02 3.547437082243584672e-02 -6.568654642074956973e-01 -2.985287254797543144e-02 7.534166010147848036e-01 3.133871611145109259e+00
7.137345183063452669e-01 -4.426829120073860757e-02 6.990159855549666901e-01 2.200175138862110025e+00 1.236796718765747864e-02 9.986416535326437804e-01 5.061502901625860446e-02 4.333844826180362902e-02 -7.003071326033140087e-01 -2.748028612450012162e-02 7.133125273434852698e-01 3.392762751195317783e+00
6.724483159597703930e-01 -4.625006732696380213e-02 7.386976275389980362e-01 2.479596726684537789e+00 1.151826672377329747e-02 9.985787802570849081e-01 5.203603652054805684e-02 5.289605125199273866e-02 -7.400544588677587798e-01 -2.648302831709187927e-02 6.720253387184640381e-01 3.572238001144373953e+00
6.296595062246148622e-01 -4.654584914183655664e-02 7.754755834106104029e-01 2.829069407701710226e+00 7.219273879420104456e-03 9.985109877564826153e-01 5.407115093677965223e-02 8.547423051989772036e-02 -7.768376918310099244e-01 -2.844804304755139263e-02 6.290579616622352654e-01 3.811647818925525844e+00
5.878346893816827068e-01 -4.740711034600775253e-02 8.075908204427356685e-01 3.162740664630611764e+00 4.294945495667818955e-03 9.984503005540851239e-01 5.548468905242451288e-02 1.034417729713860840e-01 -8.089696801525073644e-01 -2.914726584080110788e-02 5.871273321181440519e-01 4.008021440831084803e+00
5.478471828834655666e-01 -4.847664889386438941e-02 8.351727170606024764e-01 3.539120222435388818e+00 2.167589068001077139e-03 9.983986024091583422e-01 5.652903873260227419e-02 1.251940838011921797e-01 -8.365756263050813102e-01 -2.915896278181217757e-02 5.470749380140459417e-01 4.217245004811089437e+00
5.091174084178086146e-01 -5.111928748371898090e-02 8.591776712426258955e-01 3.976414298650617685e+00 1.276381512993507742e-03 9.982784281656039704e-01 5.863915639983546813e-02 1.334617272760234286e-01 -8.606961419335841246e-01 -2.875757622265085953e-02 5.083061727421697151e-01 4.429536474269518465e+00
4.718067764276380749e-01 -5.098804202164211596e-02 8.802264325094012465e-01 4.366101975036729144e+00 -1.721717117076255587e-03 9.982713148433175476e-01 5.874876688206473463e-02 1.595451517471559999e-01 -8.817002979758357117e-01 -2.923356659908965885e-02 4.709033828438172753e-01 4.624664804426152465e+00
4.359341646879236198e-01 -5.037066191970115264e-02 8.985678533504097842e-01 4.818759124191120513e+00 -2.931059778771776415e-03 9.983477647777739827e-01 5.738596879658112299e-02 1.853815856962872932e-01 -8.999737926850330805e-01 -2.765025979240290366e-02 4.350662582313792881e-01 4.794559983084902832e+00
4.025080284221599913e-01 -4.905449778461204446e-02 9.141011592695329480e-01 5.340969716841414971e+00 -1.643860011897022456e-03 9.985228369733050169e-01 5.430876293434947627e-02 2.009476968489973259e-01 -9.154149877548102276e-01 -2.336236670782230671e-02 4.018328184408992421e-01 4.989445233456249795e+00
3.723375767872776909e-01 -4.735437125733202302e-02 9.268884927906173576e-01 5.844300120569586809e+00 2.517405242596478725e-04 9.987025914519274128e-01 5.092219966706595241e-02 2.246954706760107556e-01 -9.280973445381363041e-01 -1.872691224781141903e-02 3.718664225514882737e-01 5.169166061342440166e+00
3.464953095473975453e-01 -4.545031176844895049e-02 9.369499745977336591e-01 6.383716727087116460e+00 1.125592594563477357e-03 9.988449465417336137e-01 4.803650461944646011e-02 2.494000288556268985e-01 -9.380510376285456919e-01 -1.558979875958394802e-02 3.461462461663482593e-01 5.346331154919465867e+00
3.263097806683745161e-01 -4.489801947684909922e-02 9.441959965511301789e-01 6.957261805398291976e+00 2.254757947419460187e-03 9.989054654316446014e-01 4.672030782783517799e-02 2.712796331841851316e-01 -9.452602070393247846e-01 -1.311635911655658661e-02 3.260538561793004386e-01 5.524089098888047111e+00
3.109718770418367639e-01 -4.535985190942857376e-02 9.493360629155391806e-01 7.549884707429669994e+00 3.345849125762555883e-03 9.989065159928525173e-01 4.663236606678141521e-02 3.038320191197055875e-01 -9.504132327779317713e-01 -1.132501829100780039e-02 3.107836001606708032e-01 5.723300797288783492e+00
2.992878950538923610e-01 -4.699471773903096672e-02 9.530048462999360925e-01 8.167328350521740887e+00 4.363106571513523414e-03 9.988433311762296984e-01 4.788489351625981050e-02 3.218515525762826179e-01 -9.541528888713799450e-01 -1.017330638185448555e-02 2.991467597051501448e-01 5.914559218438593113e+00
2.884800411966919609e-01 -4.886794685543467687e-02 9.562380321722135923e-01 8.783606188792514757e+00 3.166019595580244362e-03 9.987399482287458996e-01 5.008484893492812229e-02 3.516508020428824599e-01 -9.574806830499891230e-01 -1.142101004619031600e-02 2.882712569499116251e-01 6.083065007110284306e+00
2.777238976702360862e-01 -5.040218130497998300e-02 9.593378139303804231e-01 9.481692229139925487e+00 1.453615490232888037e-03 9.986436079179445979e-01 5.204643434704328553e-02 3.858500225751625434e-01 -9.606598461575035497e-01 -1.306002941992554477e-02 2.774204592246560241e-01 6.281357350939464901e+00
2.678336841009931746e-01 -5.222428576572793468e-02 9.620487128974731794e-01 1.016501130864561908e+01 8.574259913957621264e-04 9.985423721579638201e-01 5.396661733142200934e-02 4.134165969167508115e-01 -9.634647886233349556e-01 -1.362919148716018256e-02 2.674880593811299612e-01 6.467577851222400476e+00
2.574941657839843190e-01 -5.429430107455678750e-02 9.647532677861199168e-01 1.086446190970085013e+01 -6.033125072629834081e-05 9.984192446834941892e-01 5.620505462185808321e-02 4.418534578221876563e-01 -9.662798598044023413e-01 -1.453067754737604779e-02 2.570838535209355458e-01 6.666505835753780751e+00
2.473169524380158246e-01 -5.596763250981753868e-02 9.673168732602226427e-01 1.158364145312475557e+01 -4.016188430393950368e-04 9.983243729643395126e-01 5.786436732087387597e-02 4.693236346909631096e-01 -9.689345593647302746e-01 -1.469933078428860458e-02 2.468800624584203129e-01 6.840496783363305688e+00
2.363451330813174378e-01 -5.705361478075043902e-02 9.699927046890401972e-01 1.237922328456652821e+01 -1.149601648091395749e-03 9.982575440499483754e-01 5.899622124402335160e-02 5.032966651082971810e-01 -9.716684996205025016e-01 -1.505857409226367058e-02 2.358677218127941122e-01 7.036673782662342447e+00
2.268729650322640901e-01 -6.009576445260751687e-02 9.720684856475119151e-01 1.312173186661094348e+01 -2.218788992962895251e-03 9.980599630413696799e-01 6.222047174813466475e-02 5.354906213925270109e-01 -9.739218405222926922e-01 -1.627295689262353920e-02 2.262994819163850480e-01 7.215171263675901336e+00
2.155581004916528320e-01 -6.360206315190589099e-02 9.744175012464804109e-01 1.389315634775612907e+01 -4.172603307159980165e-03 9.978074694225258501e-01 6.605182283441368707e-02 5.847990209501370273e-01 -9.764821101787078961e-01 -1.830386229016373739e-02 2.148200952251114459e-01 7.376715457174730872e+00
2.021148976381406670e-01 -6.747631382653182519e-02 9.770345433892203557e-01 1.468624835829065312e+01 -4.135852224273119798e-03 9.975559895341504779e-01 6.974913919852938904e-02 6.200794679646197682e-01 -9.793530924869792154e-01 -1.813820974834714703e-02 2.013418532859604371e-01 7.536140601256609450e+00
1.899829911914191483e-01 -6.988889564990992398e-02 9.792966807755315584e-01 1.547697821552431385e+01 -5.261978905114965237e-03 9.973762942967431266e-01 7.219999376204337682e-02 6.621847163726523045e-01 -9.817732893019807117e-01 -1.886980838594809820e-02 1.891167764719207389e-01 7.687391574196057675e+00
1.763783176967803346e-01 -7.059400201845696110e-02 9.817877364664001627e-01 1.628731700799630744e+01 -5.933927967268258843e-03 9.973305405542128854e-01 7.277761553801390115e-02 7.012561862802664248e-01 -9.843045740848500591e-01 -1.866225022668648731e-02 1.754885818368103201e-01 7.833022997696292400e+00
1.621991136082641671e-01 -6.980672143371936811e-02 9.842857576092319816e-01 1.707816170087279772e+01 -7.245212027687918804e-03 9.973834000081038820e-01 7.192955054334344844e-02 7.338645878459526539e-01 -9.867314586706709134e-01 -1.879826747290884448e-02 1.612689375367695743e-01 7.970707772708909289e+00
1.446184191501001526e-01 -6.858393529589204562e-02 9.871077651327510027e-01 1.787452274812023489e+01 -8.956012445282362372e-03 9.974633989259816813e-01 7.061556202247991354e-02 7.737435318717650334e-01 -9.894469767683662376e-01 -1.905285949809851567e-02 1.436373399563086184e-01 8.087867269063918840e+00
1.250147903065797206e-01 -6.744580171532947588e-02 9.898597624090558211e-01 1.867881342868692585e+01 -1.118158239419074496e-02 9.975276065379322654e-01 6.938044660874069514e-02 8.153959762006415257e-01 -9.920918766106463504e-01 -1.974177960049305902e-02 1.239515523850987788e-01 8.171902906183120763e+00
1.001129662758241390e-01 -6.600827395791603047e-02 9.927841078587116286e-01 1.951183627948311283e+01 -1.556670340152757973e-02 9.975709351161159422e-01 6.789629687520808143e-02 8.595588400387468297e-01 -9.948543054176571809e-01 -2.225167457123619630e-02 9.884225277614440419e-02 8.268864909405245101e+00
6.994669125687494327e-02 -6.545965957636158683e-02 9.954006611809660399e-01 2.035644383202333074e+01 -1.973128929591549258e-02 9.975586559569120659e-01 6.698808946809749199e-02 8.973044206492396535e-01 -9.973555804882778819e-01 -2.432613278009251867e-02 6.848432244892913023e-02 8.329486230396041080e+00
3.644993822827001517e-02 -6.536998629130030825e-02 9.971951412396505843e-01 2.119477887727734711e+01 -2.245034306351435111e-02 9.975528465051426430e-01 6.621405073753694470e-02 9.394275883433313989e-01 -9.990832805332630073e-01 -2.480087023769295823e-02 3.489315962414704653e-02 8.331568036352981821e+00
1.770910458335227299e-03 -6.460008687487164836e-02 9.979096529203749233e-01 2.202958555163555943e+01 -2.441570073658753601e-02 9.976109472071330586e-01 6.462407883892123950e-02 9.758948454212419410e-01 -9.997003324749932363e-01 -2.447910605465337605e-02 1.894218778248997123e-04 8.341072108831136589e+00
-3.250154467425964838e-02 -6.355138188228356966e-02 9.974491737222145327e-01 2.288078924336816655e+01 -2.561814347393559163e-02 9.977015179392781929e-01 6.273270142151779472e-02 1.004692306156242942e+00 -9.991433218365873836e-01 -2.351388548107535489e-02 -3.405491026873294635e-02 8.291580390611043683e+00
-6.513578627658164755e-02 -6.152646858894234710e-02 9.959778138677708448e-01 2.372636034009495631e+01 -2.816887925777856322e-02 9.978129876459388425e-01 5.979762484513693327e-02 1.036221845686779108e+00 -9.974787520241820138e-01 -2.416061261445367689e-02 -6.672646656300708357e-02 8.242588133310071896e+00
-9.736827920556680172e-02 -5.846960822625772020e-02 9.935294187214185335e-01 2.454770454049990036e+01 -2.978614176118745197e-02 9.979968185337801945e-01 5.581340318387265770e-02 1.075740304138137038e+00 -9.948026040284130289e-01 -2.415895223047359944e-02 -9.891481830029869027e-02 8.162037035892865333e+00
-1.295364767368037962e-01 -5.422722038922792726e-02 9.900907496711207623e-01 2.536444909336565701e+01 -2.690358915529043535e-02 9.983281045254126518e-01 5.115850490492951375e-02 1.104060048748833012e+00 -9.912096220954741410e-01 -2.001010138503055147e-02 -1.307788135296133469e-01 8.029996979862353612e+00
-1.613230811075179183e-01 -4.874157996402716381e-02 9.856972683407353442e-01 2.621055476621438629e+01 -2.281978574528791340e-02 9.986968357515551009e-01 4.564961833975114680e-02 1.117608659865883425e+00 -9.866377944960612600e-01 -1.512906246110660123e-02 -1.622251244259084457e-01 7.885162342239440569e+00
-1.917490409419320696e-01 -4.263274380273197189e-02 9.805175865438444660e-01 2.706613898605504076e+01 -1.645533149111680013e-02 9.990553095102058245e-01 4.022077340570294479e-02 1.138836876633793294e+00 -9.813060398184453303e-01 -8.422446207153815034e-03 -1.922694347505459200e-01 7.700930063480313947e+00
-2.211263307767393493e-01 -3.691848106294052384e-02 9.745461276036770926e-01 2.790077559329009915e+01 -1.076062094681675546e-02 9.993147522380483316e-01 3.541518032675820132e-02 1.148246754412488357e+00 -9.751858135991563481e-01 -2.655491562653151776e-03 -2.213720715991079613e-01 7.499104112042426884e+00
-2.483692654849359860e-01 -3.042555778210619816e-02 9.681874698695261960e-01 2.867915771501312250e+01 -1.814477427901584712e-03 9.995194509338488631e-01 3.094470656761354188e-02 1.174718794485980267e+00 -9.686637350207031316e-01 5.928960834174338591e-03 -2.483051197114944098e-01 7.271495797927089555e+00
-2.752591052037635100e-01 -2.014023686556662071e-02 9.611590812578487686e-01 2.951447839339721213e+01 4.124246633468832759e-03 9.997465965695150336e-01 2.212991687417130773e-02 1.170175887696822681e+00 -9.613612386717249603e-01 1.005551935229987391e-02 -2.751062916467625352e-01 7.031414164868480476e+00
-3.004531606015651279e-01 -5.046206749045824627e-03 9.537832132754987535e-01 3.030284807237678990e+01 8.412384764999327955e-03 9.999330888555404417e-01 7.940376391336489981e-03 1.163373378302492434e+00 -9.537594798530315554e-01 1.040930367408988630e-02 -3.003906076435896577e-01 6.775787926559686092e+00
-3.248637418641819874e-01 1.168448214314735979e-02 9.456886412482800042e-01 3.106743979569306546e+01 8.850532801941039113e-03 9.999174537933819273e-01 -9.314164148680382019e-03 1.128284185988195576e+00 -9.457194258020922284e-01 5.344015177430564735e-03 -3.249403408166921525e-01 6.473928403214049609e+00
-3.499336539836808146e-01 2.619147463744593562e-02 9.364082596972596040e-01 3.185437838682119605e+01 7.912382688668695777e-03 9.996560458493795043e-01 -2.500368337023624668e-02 1.099780186620746836e+00 -9.367410777460735138e-01 -1.340408803242260213e-03 -3.500205311391777485e-01 6.198880482709915540e+00
-3.744977326540571139e-01 3.709813220071318807e-02 9.264853811483219070e-01 3.260852484386910533e+01 1.155161237871276184e-02 9.993084142468535713e-01 -3.534477955782471675e-02 1.064324096505498529e+00 -9.271558784130440323e-01 -2.534138854934246676e-03 -3.746672799057039760e-01 5.882451141877964140e+00
-3.979952605644569430e-01 4.174333844985910619e-02 9.164372598370139622e-01 3.339839024105673815e+01 1.574698356343630715e-02 9.991279059758700898e-01 -3.867117757913714204e-02 1.014258020807732086e+00 -9.172523203129768765e-01 -9.598219717973840168e-04 -3.983055042320254313e-01 5.525715921787115903e+00
-4.207050849383212610e-01 4.121675060477469899e-02 9.062606668231577567e-01 3.411602664850381217e+01 1.791673063985885217e-02 9.991500369935617520e-01 -3.712403941691916343e-02 9.702021877965412155e-01 -9.070205267601927357e-01 6.189570662045951405e-04 -4.210859718750987191e-01 5.183527346061896246e+00
-4.411071088958156694e-01 3.794090241341042946e-02 8.966521019555983019e-01 3.487250583606455479e+01 2.209403730259561910e-02 9.992622473752234002e-01 -3.141360288094889597e-02 9.395413108667926005e-01 -8.971824704934087125e-01 5.953902451026778925e-03 -4.416199499451018973e-01 4.810493429673696753e+00
-4.594132640869122985e-01 3.668446534229664879e-02 8.874647534337901655e-01 3.559848066440851966e+01 2.931714813292959909e-02 9.992286245547217227e-01 -2.612777538843964742e-02 9.095285019299594875e-01 -8.877386837666556563e-01 1.401449014259671666e-02 -4.601343691310539330e-01 4.401295178333280766e+00
-4.732352475917340762e-01 3.728717570258659880e-02 8.801466087995335474e-01 3.629517148874315779e+01 3.277485787550673407e-02 9.991573382714996621e-01 -2.470672005808273106e-02 8.587724278922475030e-01 -8.803262020044417824e-01 1.715459033014050602e-02 -4.740585534847561733e-01 4.018580912126532567e+00
-4.845184349357518627e-01 4.055253821379202483e-02 8.738405827444636342e-01 3.698806179301021047e+01 3.551033535040408473e-02 9.990133223429612519e-01 -2.667204167133692058e-02 8.030910453457288378e-01 -8.740600179027374628e-01 1.810727735175611183e-02 -4.854804068848523335e-01 3.620584396263919036e+00
-4.941813390784581816e-01 4.320885286557839960e-02 8.682843920631797552e-01 3.769551269131428484e+01 3.690606756976115566e-02 9.989064108468623804e-01 -2.870408482072828171e-02 7.600912349313049265e-01 -8.685751313005245500e-01 1.785994046417051576e-02 -4.952355777942562542e-01 3.230821954080531189e+00
-5.048546657429873186e-01 4.243417568605999113e-02 8.621607122497043640e-01 3.839098356553628122e+01 3.098089941934475955e-02 9.990382110690959605e-01 -3.102960911575089811e-02 7.033618091708485620e-01 -8.626482264489098162e-01 1.104507239943741496e-02 -5.056837522581277833e-01 2.841393101654311693e+00
-5.160611475102895307e-01 4.128573979335010274e-02 8.555561737513766030e-01 3.907521237360170119e+01 2.941680630697937962e-02 9.991027473929640079e-01 -3.046886292246123173e-02 6.923691823398594458e-01 -8.560464681189683400e-01 9.443934894232487720e-03 -5.168126061170319474e-01 2.413527829442446482e+00
-5.246637720957109119e-01 4.272152051440741144e-02 8.502368992291540195e-01 3.977049756484401399e+01 3.157844657720926956e-02 9.990293340257482280e-01 -3.071142155598181531e-02 6.505532446239834510e-01 -8.507236565644552551e-01 1.073599123649248560e-02 -5.255035792761603153e-01 1.985717157729046223e+00
-5.320269178593149961e-01 4.566673932045461903e-02 8.454950588876249951e-01 4.044374657825796504e+01 3.541768202210710675e-02 9.988708422927453645e-01 -3.166430416342168319e-02 6.000367668662260900e-01 -8.459863818067181462e-01 1.309921402896034419e-02 -5.330435868091625284e-01 1.547552327555757445e+00
-5.357782521611840210e-01 4.891599914458224369e-02 8.429406127491215761e-01 4.113546265549220493e+01 3.616385668459502073e-02 9.987338099320925977e-01 -3.497073499865240021e-02 5.675018304459122920e-01 -8.435839327751138983e-01 1.174742525441465311e-02 -5.368688474314473602e-01 1.106139139067246591e+00
-5.351578732379826953e-01 5.024185622380648863e-02 8.432566594275291427e-01 4.184155217586493336e+01 3.518016504930603083e-02 9.986892848709703063e-01 -3.717617798170697041e-02 5.132296848469140027e-01 -8.440192049756758408e-01 9.770785110713038277e-03 -5.362239517011011536e-01 6.650417825427026308e-01
-5.321915601159520337e-01 5.122484675157740197e-02 8.450728639825484390e-01 4.258319549547857008e+01 3.783761340402831685e-02 9.986096333721510288e-01 -3.670306640211181554e-02 4.803190711687574388e-01 -8.457780264790722979e-01 1.244247917814592617e-02 -5.333898458716060942e-01 2.011687431040289076e-01
-5.263571770424083640e-01 5.013763828014503043e-02 8.487840280786681513e-01 4.332791921637626587e+01 3.626674236238438404e-02 9.986753015273235334e-01 -3.650158154053115972e-02 4.375662168881939706e-01 -8.494897629814893714e-01 1.156976326805878724e-02 -5.274782425015567267e-01 -2.432792880652436263e-01
-5.192993646806686181e-01 4.885277537132270281e-02 8.531949149948816480e-01 4.408153790903170233e+01 3.413999685804888079e-02 9.987536871385199744e-01 -3.640786977893748638e-02 3.914754738170592718e-01 -8.539102074749950200e-01 1.022148908118555508e-02 -5.203199900047358328e-01 -6.938267142476690630e-01
-5.121641311027608223e-01 4.805061208422424512e-02 8.575424351939704426e-01 4.485463981111458764e+01 3.213024858297795772e-02 9.988068601577553274e-01 -3.677639420122161967e-02 3.438503174035040244e-01 -8.582864102662381978e-01 8.717502631644190314e-03 -5.130969269925532705e-01 -1.167619766322560038e+00
-5.056799094188000332e-01 4.651962624514516254e-02 8.614660411996333256e-01 4.565978145292186241e+01 2.905131584689565893e-02 9.988970446982703422e-01 -3.688787182158576039e-02 2.931929029899538741e-01 -8.622319076052181730e-01 6.373267354937421636e-03 -5.064736246516953200e-01 -1.629678601878775890e+00
-5.012869888088705705e-01 4.435231411698493942e-02 8.641436301694134237e-01 4.647768228378514266e+01 2.510115568898646163e-02 9.990105440713742402e-01 -3.671327784392969251e-02 2.485113201806136707e-01 -8.649169319393505972e-01 3.287116256078549507e-03 -5.019042829859298172e-01 -2.082017146276956332e+00
-5.001357843309600648e-01 4.162100406715614487e-02 8.649461692542760316e-01 4.731886694103845770e+01 2.044323271669397368e-02 9.991333687104420047e-01 -3.625721618537969954e-02 2.126882519422752804e-01 -8.657056565698744155e-01 -4.512345036566684647e-04 -5.005532201022162564e-01 -2.531683140772609697e+00
-5.003962268881659847e-01 3.898293274930127172e-02 8.649184548419690532e-01 4.815558668535567222e+01 1.760460314648334620e-02 9.992374257525895587e-01 -3.485175589065581808e-02 1.602948359717352167e-01 -8.656175289426824015e-01 -2.213140085547830697e-03 -5.007009178911006053e-01 -3.030527447424880449e+00
-5.011692290609133238e-01 3.779850647819067710e-02 8.645233734361730260e-01 4.901483607962897082e+01 1.610365915513146950e-02 9.992799466325450464e-01 -3.435491795656032271e-02 1.162677943016081072e-01 -8.651994500351082307e-01 -3.295637107702672867e-03 -5.014170559525469306e-01 -3.517745284617677104e+00
-5.018315605707627247e-01 3.716915093691298966e-02 8.641663760589106680e-01 4.988647744579522225e+01 1.615950255888214809e-02 9.993047924721214503e-01 -3.359765151713878240e-02 6.587168164812284843e-02 -8.648144122392840139e-01 -2.895862221724935202e-03 -5.020833196990309721e-01 -4.018530814348717506e+00
-5.014858777198483164e-01 3.647983856101157801e-02 8.643963918807218150e-01 5.076204300719390261e+01 1.592264867004114515e-02 9.993305948234253444e-01 -3.293678001905457620e-02 2.332758980517920383e-02 -8.650193038528810607e-01 -2.753849070199188964e-03 -5.017310373477487095e-01 -4.521676136228868437e+00
-5.017060167582227947e-01 3.589496514225329338e-02 8.642931277634617881e-01 5.165448109336350058e+01 1.622421709457702588e-02 9.993534130686809736e-01 -3.208629826477563812e-02 -2.819440706136015773e-02 -8.648860386519587884e-01 -2.075408642847807045e-03 -5.019639891287873690e-01 -5.037686733000875883e+00
-5.022539178339991972e-01 3.543905839565195809e-02 8.639936699085307703e-01 5.253653758346702318e+01 1.584654456589634081e-02 9.993692605227145753e-01 -3.177999554802384691e-02 -8.095879741186280676e-02 -8.645749830772784250e-01 -2.270312165681573086e-03 -5.024987142954528974e-01 -5.535418812499500518e+00
-5.023436812185290146e-01 3.379719959266697105e-02 8.640072694834631806e-01 5.342096933655955837e+01 1.407465899904529992e-02 9.994230386499045604e-01 -3.091106213865165916e-02 -1.290268297550923315e-01 -8.645534929846929728e-01 -3.367368151167294751e-03 -5.025295336059911744e-01 -6.049394063499099694e+00
-5.025726005622314085e-01 3.327481759148483154e-02 8.638944114660174201e-01 5.432414814455617602e+01 1.383850271187554368e-02 9.994406394291079909e-01 -3.044509933443692931e-02 -1.784351735832511998e-01 -8.644242530847415784e-01 -3.345866687305038261e-03 -5.027519561353266386e-01 -6.546678844637167316e+00
-5.021330419230407571e-01 3.221723201334956987e-02 8.641900512303880566e-01 5.521301697672434017e+01 1.244044818586836562e-02 9.994715143778195587e-01 -3.003210235720700852e-02 -2.269868119532604256e-01 -8.647009053899729070e-01 -4.329198461248748644e-03 -5.022684698521553415e-01 -7.064774693861190613e+00
-5.007589236589113924e-01 3.100031300378363469e-02 8.650314834849762713e-01 5.611626870100899112e+01 1.193122957299573919e-02 9.995107284416883120e-01 -2.891279073082752074e-02 -2.849000822015675949e-01 -8.655045687266527121e-01 -4.157447850336059257e-03 -5.008837896289710656e-01 -7.582441218721306164e+00
-4.988826716903007052e-01 2.872785682734083079e-02 8.661932674327260662e-01 5.700775484582738528e+01 1.236427364290816969e-02 9.995846778878522132e-01 -2.603068278569294763e-02 -3.404910369440912188e-01 -8.665813389450292004e-01 -2.276405069493271822e-03 -4.990306749875281778e-01 -8.081091565457580117e+00
-4.962077942265136765e-01 2.752399435235483582e-02 8.677673887941889097e-01 5.791607143658053758e+01 1.322300834450215734e-02 9.996210148458232192e-01 -2.414495196021594278e-02 -3.847975123738802683e-01 -8.681030983873405660e-01 -5.064169941524115275e-04 -4.963836900674321595e-01 -8.597183665602232239e+00
-4.931245867421222839e-01 2.684695746017209603e-02 8.695443457036501345e-01 5.880674833846526184e+01 1.258564166436748101e-02 9.996392694787644695e-01 -2.372619896363273306e-02 -4.419957289970496417e-01 -8.698676658326258693e-01 -7.561975764924724766e-04 -4.932845890630231933e-01 -9.125342130562811960e+00
-4.914162610168405498e-01 2.723532716283574504e-02 8.704988694162091312e-01 5.969593890128472680e+01 1.328046468120665929e-02 9.996290419549087591e-01 -2.377830343803419288e-02 -4.899459432535490100e-01 -8.708235758077155220e-01 -1.244145361835520579e-04 -4.915956652269465321e-01 -9.608289293545306364e+00
-4.903840210451331783e-01 2.770800186869691595e-02 8.710658785718998764e-01 6.057161326286267666e+01 1.335643927154272527e-02 9.996160228682522408e-01 -2.427781561468234442e-02 -5.314511600705832395e-01 -8.714041140414591213e-01 -2.711133935676032216e-04 -4.905658062655671725e-01 -1.009962951219499594e+01
-4.908824803384936875e-01 2.872622406078411891e-02 8.707520777083985752e-01 6.148809527859700808e+01 1.259345996753875180e-02 9.995858080978083926e-01 -2.587695871470639675e-02 -5.800485851279909566e-01 -8.711347816438469449e-01 -1.736763318513626390e-03 -4.910409245685369295e-01 -1.061011039776775355e+01
-4.938253233507600704e-01 3.071098510338179238e-02 8.690186256620358041e-01 6.235532754875059425e+01 1.173199341075590110e-02 9.995204785907330081e-01 -2.865611951728057674e-02 -6.239500886079210051e-01 -8.694819853357915740e-01 -3.955795792819890265e-03 -4.939488258339264082e-01 -1.108745265811149316e+01
-4.985069643103847703e-01 3.139630037011770236e-02 8.663169542788314859e-01 6.324551216083781213e+01 1.032994314981558297e-02 9.994881247848511618e-01 -3.027838614998768288e-02 -6.796712525994909049e-01 -8.668241524100204209e-01 -6.144980595315257567e-03 -4.985761141681708253e-01 -1.156413607046374992e+01
-5.039331923686325432e-01 3.001210895081878396e-02 8.632210594324077890e-01 6.412335956229443923e+01 1.049299366965487403e-02 9.995351224525433897e-01 -2.862579338956000238e-02 -7.189333844274958807e-01 -8.636789027219076154e-01 -5.367713447855325393e-03 -5.040138432262993851e-01 -1.206873786227605549e+01
-5.093263527351112874e-01 2.792589434890917210e-02 8.601202226575119791e-01 6.499021501646365095e+01 1.342031650425486687e-02 9.996095547842890339e-01 -2.450781639993581881e-02 -7.805452072372043304e-01 -8.604688104199303966e-01 -9.393901940340395034e-04 -5.095022642488619136e-01 -1.259882375849220359e+01
-5.145837931067804849e-01 2.570536417530979237e-02 8.570546895041490920e-01 6.585056802183912339e+01 1.066579916832959864e-02 9.996650847759014358e-01 -2.357878259753712694e-02 -8.249026059922469623e-01 -8.573737648757614460e-01 -2.992085284300502641e-03 -5.146856206181825710e-01 -1.309862872507845921e+01
-5.193634411000858098e-01 2.770650814734701428e-02 8.541041811256496752e-01 6.666388811232789635e+01 1.159178944825129537e-02 9.996107205561679532e-01 -2.537789875505043480e-02 -8.773918820051067602e-01 -8.544748436746517628e-01 -3.279756090011222425e-03 -5.194824327993754487e-01 -1.360244660920926840e+01
-5.242622432172066027e-01 2.987472650883908273e-02 8.510326597154087569e-01 6.749054260018549201e+01 1.178715660957982934e-02 9.995432616466842779e-01 -2.782680386555042365e-02 -9.217403741524691219e-01 -8.514752933527328649e-01 -4.557286490895665065e-03 -5.243749318214198096e-01 -1.414267539527226170e+01
-5.293619887721541240e-01 3.021602497145384897e-02 8.478578086080107434e-01 6.835191595145870735e+01 1.067471209179642749e-02 9.995236775054563427e-01 -2.895632239870308405e-02 -9.664509558050596860e-01 -8.483289145041352786e-01 -6.277737543975867203e-03 -5.294323903096315176e-01 -1.464516074889936625e+01
-5.331572390301219100e-01 3.079986884823401536e-02 8.454553291311740493e-01 6.917881292904846191e+01 9.776902385653029118e-03 9.994946668909291398e-01 -3.024604133707454665e-02 -1.015798929929311090e+00 -8.459596813069224508e-01 -7.859960816414289508e-03 -5.331889455260951927e-01 -1.515334077015927505e+01
-5.363093892830801401e-01 2.940519248073884817e-02 8.435090756381650179e-01 6.997439828955802454e+01 8.991156732006967342e-03 9.995352599545419547e-01 -2.912770485662035530e-02 -1.084065488255763654e+00 -8.439735835647962370e-01 -8.037338450987549163e-03 -5.363245327145329533e-01 -1.566977276241627592e+01
-5.391086192196582472e-01 2.349655868771609660e-02 8.419084246622917656e-01 7.082513981832890693e+01 1.130340826177701243e-02 9.997226001576936527e-01 -2.066290579346973313e-02 -1.121322480104084640e+00 -8.421604011560126501e-01 -1.623115058697324406e-03 -5.392246629537605918e-01 -1.621379531208203773e+01
-5.410413446047620534e-01 1.582126894536253076e-02 8.408471549617806406e-01 7.164483633197211532e+01 1.256374668987452099e-02 9.998635091417712450e-01 -1.072918146284269382e-02 -1.144990554944890215e+00 -8.409021508407639178e-01 4.759260867477963994e-03 -5.411662730051050030e-01 -1.672999747822354522e+01
-5.432488058499316264e-01 1.358008728025186101e-02 8.394619129773999155e-01 7.244529672447274038e+01 1.351007530593569851e-02 9.998811122560906650e-01 -7.432307592654520054e-03 -1.164994311668930305e+00 -8.394630571709186251e-01 7.303602433031903922e-03 -5.433676894072410057e-01 -1.724813935552111843e+01
-5.440660549604723339e-01 1.752715001696964273e-02 8.388592933495659931e-01 7.325135496210080532e+01 1.216214478358707864e-02 9.998414946099961620e-01 -1.300261012148352067e-02 -1.218024594914818293e+00 -8.389542428564494836e-01 3.128050340915772016e-03 -5.441929864741607004e-01 -1.775370045267186114e+01
-5.453661845787551865e-01 2.244193792525739709e-02 8.378974109977588292e-01 7.406196496420031394e+01 1.236921694498048160e-02 9.997481365259911490e-01 -1.872607710460241770e-02 -1.271088997691077305e+00 -8.381066392156069078e-01 1.515665552667851666e-04 -5.455064171345493929e-01 -1.827501900359409603e+01
-5.458509921370094942e-01 2.817998515976093479e-02 8.374082457514117062e-01 7.486272294988276599e+01 1.939332676796242175e-02 9.995914404173613654e-01 -2.099645418140652295e-02 -1.290140079305954091e+00 -8.376578088618489293e-01 4.779197363566811858e-03 -5.461744843228519830e-01 -1.881323675936560491e+01
-5.454070707155815878e-01 2.933186140963941688e-02 8.376578993516380356e-01 7.565874229602466983e+01 2.305116312256841674e-02 9.995343859339796966e-01 -1.999137753744105114e-02 -1.329226933280264422e+00 -8.378542728795241867e-01 8.405551211060614120e-03 -5.458292562132336379e-01 -1.933385039392026883e+01
-5.453560627992302123e-01 2.596965515717107945e-02 8.378020822366811782e-01 7.642642031609274511e+01 2.205215126841782169e-02 9.996184837319850303e-01 -1.663098221400067384e-02 -1.374382091171004516e+00 -8.379143625010053720e-01 9.405532275834635816e-03 -5.457206885326634227e-01 -1.985709465742145596e+01
-5.445347085161258427e-01 2.102534887393091648e-02 8.384747301652143436e-01 7.724769639731991333e+01 2.003268838880270866e-02 9.997265994549006107e-01 -1.205892637507217750e-02 -1.403211842355263084e+00 -8.384990483771024294e-01 1.023040005019415152e-02 -5.448070278720754667e-01 -2.037240458681263888e+01
-5.436391357829222226e-01 1.535808047770792148e-02 8.391785308180194081e-01 7.804593757650533803e+01 1.881420338218791483e-02 9.998043308995953060e-01 -6.109470873544094356e-03 -1.425687030839414504e+00 -8.391081737939352081e-01 1.246712912957226305e-02 -5.438217136323036938e-01 -2.087450832082575403e+01
-5.432208080565105179e-01 8.540269851098148193e-03 8.395464279282792708e-01 7.889184004959653862e+01 9.914280674806357635e-03 9.999437945454898724e-01 -3.756963099393677633e-03 -1.449412649602345393e+00 -8.395313408596237759e-01 6.282639386197573506e-03 -5.432749478964511436e-01 -2.140529400068019328e+01
-5.416147810861234868e-01 3.522645043357161207e-03 8.406194186485022035e-01 7.966501712023855930e+01 1.351536595988250041e-03 9.999935764307276154e-01 -3.319705441319812777e-03 -1.485228597778289306e+00 -8.406257275699599019e-01 -6.618726968511246369e-04 -5.416160641505083362e-01 -2.186937164957831214e+01
-5.401605243370161125e-01 4.244997131807798536e-03 8.415512908015376770e-01 8.044013399290449229e+01 4.891812884670885750e-03 9.999862217891528626e-01 -1.904308287319646980e-03 -1.502836975542120701e+00 -8.415477940873099527e-01 3.088080250552592120e-03 -5.401738488053920983e-01 -2.237190614107141684e+01
-5.366846589007053803e-01 7.176143000451351041e-03 8.437523729833312780e-01 8.126310275977877495e+01 9.855924625734617181e-03 9.999489302176430838e-01 -2.235551231487057505e-03 -1.526027352711221807e+00 -8.437253399832094214e-01 7.116174743470176332e-03 -5.367279792423371720e-01 -2.289452880125301348e+01
-5.318858069861376325e-01 9.900407878435886488e-03 8.467582046903854298e-01 8.204557258924135965e+01 1.002586883470170734e-02 9.999351929460722488e-01 -5.393685666350804889e-03 -1.564405048811396748e+00 -8.467567431395247590e-01 5.620662830987169928e-03 -5.319505984150140199e-01 -2.337223374202785919e+01
-5.238583890623447203e-01 1.235161529079343429e-02 8.517158050841189265e-01 8.284207719478516196e+01 1.591688166266208224e-02 9.998622241169988767e-01 -4.710162973348301640e-03 -1.577156293250278063e+00 -8.516566520630440840e-01 1.108920233386031899e-02 -5.239828144068291449e-01 -2.385133987292302038e+01
-5.153318909769614153e-01 1.449389347289263552e-02 8.568681087953421427e-01 8.364461649834234436e+01 2.279998670559539933e-02 9.997349307085356962e-01 -3.198263582638727863e-03 -1.610063561146345190e+00 -8.566873495122848681e-01 1.788841537539221857e-02 -5.155257541016307066e-01 -2.436634934510023598e+01
-5.055341277685514445e-01 1.489012175269804547e-02 8.626781070865791046e-01 8.442764285234014210e+01 2.275212315495241458e-02 9.997334404339935920e-01 -3.922873006569245480e-03 -1.619002494756458743e+00 -8.625065789897395918e-01 1.764461345992130933e-02 -5.057381559083625744e-01 -2.480601214928897491e+01
-4.944692424367286288e-01 1.181366002720014331e-02 8.691148324852288054e-01 8.527261888106242793e+01 1.837331520077089761e-02 9.998262745983990119e-01 -3.137177147934340233e-03 -1.646788214292238317e+00 -8.690009217643616113e-01 1.441728424066176552e-02 -4.946003978906198806e-01 -2.527201895862712533e+01
-4.832605110477650734e-01 8.794582455084612796e-03 8.754324188211053404e-01 8.605353195845955838e+01 1.972784800572014233e-02 9.998050289243468614e-01 8.462370537275874923e-04 -1.668989853789501598e+00 -8.752543076884896633e-01 1.767935177100851338e-02 -4.833397886430620405e-01 -2.572124977545362157e+01
-4.722200366228015422e-01 7.653102594548384652e-03 8.814474760302490886e-01 8.685958081997662816e+01 1.975445689662530535e-02 9.998030517627116698e-01 1.902389268681990491e-03 -1.689261817461629178e+00 -8.812593325971669334e-01 1.831086363517799714e-02 -4.722782178437101019e-01 -2.613674786848219966e+01
-4.596479854445156277e-01 6.594337154330867992e-03 8.880767027510358957e-01 8.772424140115501245e+01 1.901009798922503186e-02 9.998163747649769784e-01 2.415138407372631989e-03 -1.709954240838803097e+00 -8.878977186093889307e-01 1.799253978057172715e-02 -4.596889427192709654e-01 -2.655633932307985035e+01
-4.474275010883095316e-01 8.679888877878473227e-03 8.942780755417614191e-01 8.855485841526108004e+01 2.316903738891315859e-02 9.997297779426905784e-01 1.888587371589354720e-03 -1.718835183219284080e+00 -8.940200446493096198e-01 2.156456926811676014e-02 -4.475077022361289569e-01 -2.697147078331434500e+01
