1.000000000000000000e+00 4.398956837314658088e-19 2.733407509747682871e-20 -8.673617379884035472e-19 -5.583667658079949532e-19 1.000000000000000000e+00 -6.100159232558060012e-19 0.000000000000000000e+00 4.145284534913582806e-20 -2.210423569125054137e-19 1.000000000000000222e+00 0.000000000000000000e+00
9.999419995200435896e-01 -1.076807729630330918e-03 1.071625382378595288e-02 7.643230242095591653e-02 1.072602388504518460e-03 9.999993454924435143e-01 3.981667250831776180e-04 -6.444713035240079435e-03 -1.071667574401145330e-02 -3.866493446508767712e-04 9.999425000220248938e-01 2.946198370112618203e-01
9.998559139433967902e-01 -2.530672135555708455e-03 1.678532318086102537e-02 1.046035035584520351e-01 2.517544222903879848e-03 9.999965084182855790e-01 8.031920966745926919e-04 -1.070729824110606965e-02 -1.678729747909183181e-02 -7.608185641579973558e-04 9.998587939203772423e-01 5.427906863838651841e-01
9.997868105508089798e-01 -6.188643600960822520e-03 1.969858297246685624e-02 9.033470894930713257e-02 6.212976585690431312e-03 9.999800097617456140e-01 -1.174303149065169735e-03 -1.504992331979350395e-02 -1.969092219091035656e-02 1.296439669300561296e-03 9.998052744441352502e-01 9.270379330917088989e-01
9.998254346178460095e-01 -6.807582040064170253e-03 1.739991808700786305e-02 9.086956274784432908e-02 6.840551107117417637e-03 9.999749177260452981e-01 -1.835964977807675582e-03 -1.967119477210077516e-02 -1.738698347741432504e-02 1.954669549658835399e-03 9.998469243104247672e-01 1.183318142420581642e+00
9.998898268338368700e-01 -1.050704688444312022e-02 1.048504608259040113e-02 8.945125974715566197e-02 1.054549509018113534e-02 9.999378478349816302e-01 -3.618422643375864781e-03 -1.805733397571671062e-02 -1.044637566109859333e-02 3.728594043592293409e-03 9.999384835121815085e-01 1.540034948587510222e+00
9.999369711232224400e-01 -1.112476859650304503e-02 -1.514371816813679227e-03 6.354561414474795000e-02 1.111726979089957754e-02 9.999263258864526938e-01 -4.873304092745823352e-03 -2.859442680901358447e-02 1.568474651014372659e-03 4.856161304796693425e-03 9.999869787082614758e-01 1.846660418176051532e+00
9.997925697616593110e-01 -1.086265588466356000e-02 -1.722846906372905995e-02 2.878161694332592030e-02 1.077592428089408153e-02 9.999288347007425637e-01 -5.119079181907714056e-03 -3.867457834475028500e-02 1.728285008602521364e-02 4.932364688964433960e-03 9.998384744047137396e-01 2.159493302163274731e+00
9.993321272405666367e-01 -6.264257825060435408e-03 -3.600081217139210893e-02 1.599065748521139724e-02 6.067688916333576626e-03 9.999660964113090689e-01 -5.566791630173466114e-03 -4.283235752739079916e-02 3.603446405232332839e-02 5.344632012940215941e-03 9.993362559123645239e-01 2.515725509629584966e+00
9.984226913974233453e-01 -3.511132695286195947e-03 -5.603392832327341172e-02 -4.883233000610141816e-02 3.159506420457544075e-03 9.999747671280244665e-01 -6.362595508551801768e-03 -5.586085334883297837e-02 5.605485530864429827e-02 6.175520183144237937e-03 9.984085918491513167e-01 2.866556819641202125e+00
9.971398350561118118e-01 -2.911367330591269845e-03 -7.552266603664274658e-02 -9.302296412690123917e-02 2.428742036985157785e-03 9.999760452232131502e-01 -6.481526700529796972e-03 -5.856061821411323587e-02 7.553972831552115130e-02 6.279563381495693701e-03 9.971230198588838523e-01 3.216733334324838545e+00
9.953272223636049354e-01 -3.365033984988371162e-03 -9.650075998738535943e-02 -1.321812179074316473e-01 2.787118849226207472e-03 9.999773708945784989e-01 -6.122880295468772528e-03 -6.681753174720311828e-02 9.651918162790994182e-02 5.825310317317423416e-03 9.953140778828800661e-01 3.597523822480972466e+00
9.932517457329436139e-01 -4.167063656627866160e-03 -1.159034287331143082e-01 -1.991292115847011490e-01 3.554773764943151143e-03 9.999786172166046372e-01 -5.488960504758238872e-03 -7.777054397324976998e-02 1.159238252459521834e-01 5.039909078580633722e-03 9.932453203762401373e-01 3.993249918582532754e+00
9.910686018577791190e-01 -4.146426450068988953e-03 -1.332885331661768369e-01 -2.831875642176063801e-01 3.534974761020057924e-03 9.999821175577643384e-01 -4.823744651834846117e-03 -8.233984276384617718e-02 1.333061532486613798e-01 4.309490187254218230e-03 9.910655368298318946e-01 4.390729255146758270e+00
9.887765534862706929e-01 -3.372748960979340873e-03 -1.493638217660043788e-01 -3.723020679689394430e-01 2.752813730404136267e-03 9.999867189495091901e-01 -4.357055984733122604e-03 -8.802569097709936341e-02 1.493765358967142909e-01 3.896983921703530036e-03 9.887727062534799050e-01 4.812155535946574858e+00
9.866684978421945695e-01 -2.669049175354792046e-03 -1.627210830320464374e-01 -4.555546633768118858e-01 1.992664732505131965e-03 9.999886843229289779e-01 -4.319781294443788763e-03 -9.192149353016328128e-02 1.627307742557509151e-01 3.937943446306871841e-03 9.866626517679037978e-01 5.220433968238478606e+00
9.845249036661870567e-01 -3.405736920415792547e-03 -1.752116270380074670e-01 -5.285631457555580726e-01 2.541005721150514131e-03 9.999834614972105129e-01 -5.159459095195755712e-03 -9.907692252993484383e-02 1.752263040903569435e-01 4.634402106437842186e-03 9.845172753403490518e-01 5.665325567122647676e+00
9.827705963319564031e-01 -6.500106177155216131e-03 -1.847151936645629045e-01 -6.297620889856198056e-01 5.289866509340233891e-03 9.999611991240903164e-01 -7.043972603420784601e-03 -1.158864893027518744e-01 1.847538163171351111e-01 5.945490329352796227e-03 9.827668489240287686e-01 6.106219414520340116e+00
9.812064593377304300e-01 -6.001706458511065802e-03 -1.928674746400535489e-01 -7.325349976119543971e-01 4.429043073503908384e-03 9.999533461023589753e-01 -8.584240746201799929e-03 -1.253165702052414787e-01 1.929100000474306686e-01 7.568694013287520332e-03 9.811872643176037245e-01 6.551854272834025217e+00
9.795819106522983821e-01 -5.686022973324688853e-03 -2.009650429791097481e-01 -8.338898021571501395e-01 3.613430051064704489e-03 9.999364540523630884e-01 -1.067852869159143826e-02 -1.196569267966093170e-01 2.010129942963400917e-01 9.734320322769553571e-03 9.795402085178804841e-01 7.023397597247987179e+00
9.780542918288872567e-01 -6.419250432184747668e-03 -2.082512771462246837e-01 -9.421131525961320419e-01 3.751618772520561376e-03 9.999058102121977099e-01 -1.320212311537081497e-02 -1.373472238181068783e-01 2.083164133332379431e-01 1.213111369906386475e-02 9.779862519729334291e-01 7.504026911967057956e+00
9.762497946596673248e-01 -1.003574178338305367e-02 -2.164153904486049995e-01 -1.052037799364634152e+00 6.958320100884128785e-03 9.998636220775191097e-01 -1.497728332708707887e-02 -1.440354115177325256e-01 2.165361880532075400e-01 1.311568214086233225e-02 9.761864879456674249e-01 8.012529548587782102e+00
9.744292498585971352e-01 -1.549597267572514099e-02 -2.241595652639810643e-01 -1.170422038744542093e+00 1.219170597880776634e-02 9.997957761593534443e-01 -1.611732789954784667e-02 -1.651439410831229138e-01 2.243635440834905459e-01 1.297230814803156107e-02 9.744191708293391541e-01 8.535504338792003765e+00
9.724084059042702455e-01 -1.651144686369297732e-02 -2.326999420294705856e-01 -1.298419633524280137e+00 1.254818484057373257e-02 9.997500826026018972e-01 -1.850176672057204236e-02 -1.842830299819390172e-01 2.329472812244872959e-01 1.507131153564640960e-02 9.723725731369096126e-01 9.033084712194133559e+00
9.703231964989229574e-01 -1.253811903642668840e-02 -2.414864149159428597e-01 -1.446194740572699589e+00 7.383462899918415319e-03 9.997254258273521321e-01 -2.223864691502482754e-02 -1.857541008623205814e-01 2.416989439529263484e-01 1.979566894525488022e-02 9.701493458816277116e-01 9.558335146472471067e+00
9.682316850670409369e-01 -9.627054070725426724e-03 -2.498694108076318088e-01 -1.600522338661858113e+00 3.432418233441094594e-03 9.996761482968038459e-01 -2.521541244204781110e-02 -2.019936924483171636e-01 2.500312446199979832e-01 2.355670495205172688e-02 9.679511660085421410e-01 1.009600881378428561e+01
9.659155138565641563e-01 -1.226712654954018739e-02 -2.585666958622437894e-01 -1.762051234143635403e+00 5.339689527834904151e-03 9.996081749681946516e-01 -2.747697657113431363e-02 -2.257269508647221923e-01 2.588024509654155980e-01 2.515977206976371949e-02 9.656025469845298526e-01 1.066681075386966882e+01
9.635708169732920547e-01 -1.388351922811130630e-02 -2.670927310823740242e-01 -1.928225153875102071e+00 6.327284201122559439e-03 9.995555889964443663e-01 -2.913056757601276484e-02 -2.580537797190520788e-01 2.673784715344328933e-01 2.637939318912971287e-02 9.632304408408285390e-01 1.122305811052918401e+01
9.614362437363497271e-01 -1.398442688369270354e-02 -2.746721379757888770e-01 -2.094733394296638629e+00 5.422398843315203408e-03 9.994761510891813083e-01 -3.190644107482493858e-02 -2.809179538617955219e-01 2.749744493022317493e-01 2.918662700242034835e-02 9.610084259269099372e-01 1.179711685168391178e+01
9.591039333755442264e-01 -1.352932513567142031e-02 -2.827306149000460289e-01 -2.284898075186839517e+00 3.621863674197092157e-03 9.993618548219694864e-01 -3.553540796745287278e-02 -3.040257850445786114e-01 2.830309666797417578e-01 3.305813786775099739e-02 9.585408875865063516e-01 1.240061223293153958e+01
9.568224031523023809e-01 -1.485874332979020447e-02 -2.902931358935922357e-01 -2.479705221333842857e+00 3.169846775986743213e-03 9.991666011948422410e-01 -4.069465708835862117e-02 -3.377432290314161811e-01 2.906558824028753207e-01 3.801737492528775575e-02 9.560720888440356058e-01 1.298506475506671443e+01
9.549640574348693400e-01 -1.624867280949052195e-02 -2.962762692957363053e-01 -2.677489759155791127e+00 2.201825544073554575e-03 9.988600687099599140e-01 -4.768348860931917454e-02 -3.706669116207086390e-01 2.967133332062272255e-01 4.488366925128833146e-02 9.539112411744113951e-01 1.359793258967032514e+01
9.536381224505965370e-01 -1.608336687434335985e-02 -3.005256308168775536e-01 -2.888439343521123970e+00 -7.009860346299345672e-04 9.984495973285253401e-01 -5.565887348537260082e-02 -4.028773645853553353e-01 3.009548823186728450e-01 5.328908810603239649e-02 9.521483255532248169e-01 1.420930094191841420e+01
9.523929260872999736e-01 -1.593339403125153611e-02 -3.044566295982652493e-01 -3.092954645133140890e+00 -3.883729434573501144e-03 9.979182918494984289e-01 -6.437390326005729135e-02 -4.484070458661989500e-01 3.048485397356902604e-01 6.249167757190809969e-02 9.503484413936658104e-01 1.483606573536615336e+01
9.510468055815465283e-01 -1.521438668262206119e-02 -3.086721464481838040e-01 -3.315060881887014421e+00 -7.756121174993692649e-03 9.972978331452746481e-01 -7.305391550038965731e-02 -4.939204900105273466e-01 3.089495386044093239e-01 7.187179193360176965e-02 9.483589142179108533e-01 1.547819650453495832e+01
9.497972961233902556e-01 -1.463878753707102860e-02 -3.125232792787824287e-01 -3.555025422368451871e+00 -1.105416113741145533e-02 9.967109305504456840e-01 -8.028154472257144347e-02 -5.539082641423703768e-01 3.126705983216206408e-01 7.970587725326827577e-02 9.465115277592953680e-01 1.612966694276190793e+01
9.480818838855296082e-01 -1.281666360950823799e-02 -3.177679537505475604e-01 -3.791186839193288360e+00 -1.556748956353044312e-02 9.961194791855255692e-01 -8.662353281642400094e-02 -6.174931050693733825e-01 3.176450786876930388e-01 8.707305200588066896e-02 9.442033095521827901e-01 1.678215896096358151e+01
9.464834073763191968e-01 -1.210635694465717928e-02 -3.225253377212541350e-01 -4.032808701869671886e+00 -1.881253510546635269e-02 9.955279260523287599e-01 -9.257557428100741947e-02 -6.870896581068572928e-01 3.222037389947034480e-01 9.368876480067409029e-02 9.420229127563646276e-01 1.746604850654409447e+01
9.447732008329730036e-01 -9.962583664327053987e-03 -3.275734171722501920e-01 -4.267617213571809565e+00 -2.350978534172441445e-02 9.949023620754533503e-01 -9.806416222569021290e-02 -7.637289737024048897e-01 3.268805444794862791e-01 1.003495737869885968e-01 9.397228713695612301e-01 1.813544423606463596e+01
9.429964403670013651e-01 -7.093344736406737364e-03 -3.327272089408784272e-01 -4.537117816028106709e+00 -2.813948592421831874e-02 9.944931961099549023e-01 -1.009527226606274364e-01 -8.360186805624296724e-01 3.316110435545952528e-01 1.045608313920626531e-01 9.376039412713638166e-01 1.883304622549249530e+01
9.414312639240884906e-01 -6.472713718537278886e-03 -3.371428137749131193e-01 -4.802368292416203666e+00 -2.991318727602775354e-02 9.942709873906840912e-01 -1.026177608966776234e-01 -9.152061466064800310e-01 3.358755394422472951e-01 1.066925851497452921e-01 9.358441732951513492e-01 1.951605112510323892e+01
9.392334105168990144e-01 -5.924278775070972516e-03 -3.432280597603838967e-01 -5.089092370140183341e+00 -3.089908497645172530e-02 9.943333844614280492e-01 -1.017170933929801291e-01 -1.004524021968230540e+00 3.418857245355202967e-01 1.061415261899223278e-01 9.337280815444035653e-01 2.024074604682603962e+01
9.367929276818266482e-01 -5.873359471551420179e-03 -3.498349778452737313e-01 -5.341355071198912619e+00 -3.124159022639718536e-02 9.944610676098746271e-01 -1.003551097185259311e-01 -1.093328815396963138e+00 3.484866931193332240e-01 1.049413587185630964e-01 9.314206023707107818e-01 2.097247735570674010e+01
9.343739548289174968e-01 -5.666197427913428203e-03 -3.562487952095421129e-01 -5.630985865007377633e+00 -3.152909190210515661e-02 9.946359926168232279e-01 -9.851476314170037885e-02 -1.173971330019180970e+00 3.548960841817878076e-01 1.032818304816579130e-01 9.291833164552231183e-01 2.167668643644327986e+01
9.315199172015248275e-01 -5.101860882964498120e-03 -3.636545230229892289e-01 -5.942541385299731971e+00 -3.171560046141737310e-02 9.949528260564274307e-01 -9.519976164434741650e-02 -1.261494764501998489e+00 3.623047975037285706e-01 1.002139962393216871e-01 9.266565660553023331e-01 2.238640652132660946e+01
9.278770599297668786e-01 -2.311803411537490145e-03 -3.728790880855514245e-01 -6.254441886848014498e+00 -3.352955817940515143e-02 9.954126723449123748e-01 -8.960681047521294740e-02 -1.339186300077589209e+00 3.713757291981978348e-01 9.564657547590856013e-02 9.235430705883278524e-01 2.317517908354865241e+01
9.244838318156728407e-01 -3.830497901773662181e-05 -3.812212484016506697e-01 -6.588321630777343785e+00 -3.472472237888990509e-02 9.958343710692521000e-01 -8.430954325016443152e-02 -1.423309926306719486e+00 3.796364580982280468e-01 9.118061211292423363e-02 9.206314456058604101e-01 2.391757560570050956e+01
9.208838360652351618e-01 4.007781839509848114e-03 -3.898164888978473686e-01 -6.907561764076032063e+00 -3.830984974508867824e-02 9.960374210956755014e-01 -8.026089479973304297e-02 -1.496698041086187425e+00 3.879501487744169141e-01 8.884477227010433020e-02 9.173882992515062229e-01 2.465486808742425495e+01
9.170921398303221173e-01 4.447688881578808207e-03 -3.986505008808913786e-01 -7.244736904327393034e+00 -3.884340107878522103e-02 9.961771711106531813e-01 -7.824470588399411175e-02 -1.568717397463092578e+00 3.967785269040068896e-01 8.724254648577843552e-02 9.137590174081828831e-01 2.539674720561480470e+01
9.130509800512940366e-01 5.358888214429388328e-03 -4.078102337278086131e-01 -7.594201605026227320e+00 -4.048416040053805925e-02 9.961661516673203653e-01 -7.755018428294847832e-02 -1.649696986530996279e+00 4.058311753141779499e-01 8.731712711026770601e-02 9.097674317177633085e-01 2.616476998312796454e+01
9.091973749767069402e-01 4.807998565052200302e-03 -4.163376189398715899e-01 -7.964787359842730119e+00 -4.031459717293262718e-02 9.962516212038027286e-01 -7.653391769436113101e-02 -1.715628220037667573e+00 4.144090599595720570e-01 8.636892087638364801e-02 9.059831919063104921e-01 2.692273378045558729e+01
9.054050534414931350e-01 5.012871581369262967e-03 -4.245192064592252512e-01 -8.354605184978204591e+00 -4.066049374409303613e-02 9.963576440811705570e-01 -7.495444874231486920e-02 -1.788716562985981806e+00 4.225972266209464534e-01 8.512529760543209589e-02 9.023110723976839331e-01 2.771580552323974445e+01
9.014800049671800597e-01 6.003614318904460130e-03 -4.327791046929189145e-01 -8.737054261540318834e+00 -4.145625703294135433e-02 9.965042973602700194e-01 -7.252974670315535943e-02 -1.866190683572396480e+00 4.308308043846724167e-01 8.332551859415412987e-02 8.985775869024662521e-01 2.849892829022794061e+01
8.975862439769860535e-01 6.568262816629856678e-03 -4.407899597499797539e-01 -9.120038430317485734e+00 -4.074404586970594572e-02 9.968452598248896956e-01 -6.811351374730952035e-02 -1.936220715428715211e+00 4.389520020166592373e-01 7.909731963441002378e-02 8.950222107961897100e-01 2.927616808634472179e+01
8.937310671028879661e-01 7.776211761826831541e-03 -4.485357356629712244e-01 -9.541508624996573928e+00 -4.012748416445167943e-02 9.972274533062357449e-01 -6.266730770273828965e-02 -1.992858804731402422e+00 4.468048427989542160e-01 7.400633068806870829e-02 8.915651964162897292e-01 3.007773013602304601e+01
8.901805300322505055e-01 7.504225953372938539e-03 -4.555461627206906505e-01 -9.970864781926298548e+00 -3.826570527017744694e-02 9.975630074468044839e-01 -5.834194066444944177e-02 -2.063443728194730653e+00 4.539981968006098212e-01 6.936665508712121231e-02 8.882983218333715403e-01 3.088752047972673509e+01
8.863629410313974555e-01 6.677317599008802083e-03 -4.629429186175045285e-01 -1.040248800951341934e+01 -3.692709547388815794e-02 9.977301703945040678e-01 -5.631071629158718173e-02 -2.129654132797260235e+00 4.615161204622542090e-01 6.700686965458968469e-02 8.845976227672488479e-01 3.168802268760225971e+01
8.832273109431525437e-01 6.873527174941307036e-03 -4.688947295810576565e-01 -1.085971478275732771e+01 -3.716466237696989389e-02 9.977735340375070150e-01 -5.537835959001930625e-02 -2.194239179862921496e+00 4.674701147938213897e-01 6.633799412493578129e-02 8.815162883596479038e-01 3.251686880932817303e+01
8.801366935122378887e-01 6.789390585832513758e-03 -4.746717817714723453e-01 -1.129749153003884210e+01 -3.651115058204979641e-02 9.979041222968447755e-01 -5.342563665614982749e-02 -2.246281742540927162e+00 4.733142083840749526e-01 6.435267625794979796e-02 8.785399237558494390e-01 3.332598444367076951e+01
8.771605379302874761e-01 5.570101255068542721e-03 -4.801649300787870778e-01 -1.177568291507729725e+01 -3.484328089564131536e-02 9.980352044461098249e-01 -5.207376043089264467e-02 -2.306743612666935839e+00 4.789314562708765211e-01 6.240756938599933967e-02 8.756311780693428748e-01 3.417485090601643805e+01
8.746640324100798392e-01 4.695869357893530868e-03 -4.847068955033290161e-01 -1.226505318788937515e+01 -3.399338657504843292e-02 9.980853793689220543e-01 -5.167228677061869863e-02 -2.370736231235033742e+00 4.835362276837592566e-01 6.167271971435507594e-02 8.731490117786775418e-01 3.500390435519864241e+01
8.725909897670451887e-01 4.298140095055623736e-03 -4.884326830108456363e-01 -1.273483061714987663e+01 -3.409411131513283982e-02 9.980583105088708384e-01 -5.212677295489569901e-02 -2.430197940637878418e+00 4.872602586049583628e-01 6.213803080120358646e-02 8.710432309520663718e-01 3.584155459108465891e+01
8.709572020753242327e-01 4.261654169255067563e-03 -4.913403969441706431e-01 -1.322149023024875092e+01 -3.453259073766435511e-02 9.980206922755879839e-01 -5.255661736036553594e-02 -2.486965989294920742e+00 4.901439133976949192e-01 6.274182138096813521e-02 8.693804763939311231e-01 3.670772006757929518e+01
8.703693186653792546e-01 4.431665908686830205e-03 -4.923795331416622179e-01 -1.372864048043924079e+01 -3.436306852334807677e-02 9.980681865170497602e-01 -5.175977826489645828e-02 -2.548067759307252711e+00 4.911989741190739278e-01 6.196979470508705984e-02 8.688402137983781692e-01 3.759252511880983860e+01
8.701926565315958317e-01 3.982559819863573831e-03 -4.926955194888468781e-01 -1.423879030718472727e+01 -3.307230886902224470e-02 9.981842353994524464e-01 -5.034336744473689312e-02 -2.608291653867916615e+00 4.916004133852404645e-01 6.010300716276641142e-02 8.687443046381604361e-01 3.847930959189194056e+01
8.700068171192294475e-01 2.795937840630191833e-03 -4.930317597093630821e-01 -1.475124024347679885e+01 -3.142648908976286570e-02 9.982649464205254342e-01 -4.979430276108193915e-02 -2.667869129560906938e+00 4.920371098754035555e-01 5.881564017024161484e-02 8.685851758672989975e-01 3.936653685152863602e+01
8.695125629099067499e-01 1.747229995073774564e-03 -4.939077295402105050e-01 -1.527012480889905355e+01 -3.052701956080164369e-02 9.982720041340380490e-01 -5.021062529422692933e-02 -2.733041855567732714e+00 4.929665379919108137e-01 5.873630050198879599e-02 8.680633872015008912e-01 4.026224122739868960e+01
8.682438929626707935e-01 -2.703740237759001772e-04 -4.961375458119310911e-01 -1.580513352136990868e+01 -2.864243659385658225e-02 9.983047209454213311e-01 -5.066848145262597275e-02 -2.792288726861721138e+00 4.953101621818826739e-01 5.820318787536481880e-02 8.667642337905193672e-01 4.118187935377397935e+01
8.667345084448299097e-01 -1.205126646154230539e-03 -4.987683175863892870e-01 -1.633083532075935196e+01 -2.681936642853741809e-02 9.984377693098552831e-01 -4.901777683032972066e-02 -2.857162033511036370e+00 4.980482076105576250e-01 5.586204904583801090e-02 8.653481491512903245e-01 4.208405696021633702e+01
8.648324099350823690e-01 -9.355762416829134032e-04 -5.020597797575089283e-01 -1.688441127264208674e+01 -2.534469109963773809e-02 9.986419153969758877e-01 -4.551891353624905323e-02 -2.920287426599091241e+00 5.014205351452223347e-01 5.209078175236810104e-02 8.636341831584277706e-01 4.302730437226634308e+01
8.617982175434150127e-01 -6.170539505320793731e-04 -5.072508712809273845e-01 -1.742926690583324500e+01 -2.336246513562365013e-02 9.988897909837819444e-01 -4.090697658519942131e-02 -2.982190572581858046e+00 5.067129673286210334e-01 4.710419028058202701e-02 8.608270261934224399e-01 4.393306677210675559e+01
8.579409007135999632e-01 -2.307762864784435129e-03 -5.137432042642987584e-01 -1.797103231028710368e+01 -2.068321792589917357e-02 9.990240245531097907e-01 -3.902823207612638595e-02 -3.046385989881002399e+00 5.133318802602805375e-01 4.410977917940422932e-02 8.570558402097769868e-01 4.482561102001690756e+01
8.526919429908981218e-01 -4.655096535885274583e-03 -5.223933145539174649e-01 -1.852460894237129807e+01 -1.951373999961548977e-02 9.989786463317994469e-01 -4.075387291900434139e-02 -3.106972843415084728e+00 5.220494884334319075e-01 4.494434635026531288e-02 8.517302053279399709e-01 4.574262295087530816e+01
8.469576031209394840e-01 -7.611388918748614694e-03 -5.316059440595163332e-01 -1.910462781714022995e+01 -1.861119684511668149e-02 9.988602346620940597e-01 -4.395287240471116436e-02 -3.174662638471684506e+00 5.313345895907002348e-01 4.712004229400046373e-02 8.458506138815524711e-01 4.662526500822806952e+01
8.406784892031170520e-01 -8.053346582257207148e-03 -5.414746676393915603e-01 -1.970213000377895085e+01 -1.852670393418863817e-02 9.988763831594732467e-01 -4.362032138158974254e-02 -3.233634554431612518e+00 5.412175564754350132e-01 4.670240668373636106e-02 8.395846874780761304e-01 4.753508333572965228e+01
8.350548350910325102e-01 -4.875056898954674596e-03 -5.501451175212201949e-01 -2.029919316642153504e+01 -1.968275419957959266e-02 9.990558767769922577e-01 -3.872911436421310610e-02 -3.276566570709317894e+00 5.498145288532723107e-01 4.316930523971849315e-02 8.341704866458029555e-01 4.838888745606284658e+01
8.297808525833879623e-01 -8.807620122338640899e-04 -5.580886622233396377e-01 -2.088046561330910222e+01 -2.172238782588845063e-02 9.991900063719365566e-01 -3.387431291108594644e-02 -3.342612112884128184e+00 5.576664587869982759e-01 4.023127448238034143e-02 8.290896039017207064e-01 4.927468646191531576e+01
8.256407347420763321e-01 -5.164526680214398492e-04 -5.641959803527026862e-01 -2.150602752476106616e+01 -2.325164291766633473e-02 9.991188600093250383e-01 -3.494087463048315551e-02 -3.391620423664267303e+00 5.637168997386751146e-01 4.196709275601567812e-02 8.249012220836120513e-01 5.016654694097392309e+01
8.221535845043459467e-01 -2.563461634635466526e-03 -5.692599633615472721e-01 -2.213344211574668208e+01 -2.409683580975641864e-02 9.989368528821283011e-01 -3.930020995571261583e-02 -3.441996388077664282e+00 5.687555106548063399e-01 4.602817227435081898e-02 8.212177437664933688e-01 5.104098391464069095e+01
8.192039838924783934e-01 -4.595469332504256363e-03 -5.734838341995500688e-01 -2.273193684103811307e+01 -2.652472861184013153e-02 9.985942052856645601e-01 -4.589174205330193157e-02 -3.521872791913283951e+00 5.728885376168683097e-01 5.280620096075623604e-02 8.179304584796077693e-01 5.189123019827471239e+01
8.160519257998674059e-01 -5.327447689904016639e-03 -5.779540347298987024e-01 -2.336237692455664572e+01 -2.722462605822762588e-02 9.984932922627940410e-01 -4.764415063247046805e-02 -3.574802470537826959e+00 5.773370585764254770e-01 5.461468334194755775e-02 8.146773370785249657e-01 5.275661550454158544e+01
8.130957894981400980e-01 -4.357951969933335570e-03 -5.821135961553858262e-01 -2.399085791913821097e+01 -2.627892459299425304e-02 9.986777701801619056e-01 -4.418290978833344651e-02 -3.635006263359798595e+00 5.815364652170250670e-01 5.122225717001576556e-02 8.119061685146976570e-01 5.360665373901747444e+01
8.095863647343898295e-01 -2.319351850560909343e-03 -5.869961942064320093e-01 -2.463567040192727475e+01 -2.516668839089441362e-02 9.989355719890622431e-01 -3.865696389713940001e-02 -3.693946001284809544e+00 5.864610482243594047e-01 4.606890108182654792e-02 8.086662487402257460e-01 5.449535494851355111e+01
8.065918672029949166e-01 -9.911893424829128652e-04 -5.911079178859816041e-01 -2.529496350791631798e+01 -2.486357319744166364e-02 9.990566820098578660e-01 -3.560265309461534133e-02 -3.754925477593356042e+00 5.905856143058381136e-01 4.341386529451356918e-02 8.058063508965990218e-01 5.535423845343657234e+01
8.036598028627192081e-01 -6.239870880197071921e-04 -5.950886699478289410e-01 -2.592134022081905087e+01 -2.585751274947470368e-02 9.990183721664454009e-01 -3.596777944949425265e-02 -3.807610461440579463e+00 5.945269680258508105e-01 4.429337129012139024e-02 8.028547741042756369e-01 5.619382973612204069e+01
8.000008444743170744e-01 -1.367731328414634314e-03 -5.999973093655165401e-01 -2.658115490275649151e+01 -2.630620925912284525e-02 9.989558485973463187e-01 -3.735232199247529722e-02 -3.857535338207308762e+00 5.994219196076389089e-01 4.566554379921379525e-02 7.991295434773330042e-01 5.704966038684844420e+01
7.962103414200458751e-01 -3.509672715761496219e-03 -6.050097250486664580e-01 -2.723354745564873980e+01 -2.592193936578189931e-02 9.988670417689198278e-01 -3.990846997692678449e-02 -3.924485717795887396e+00 6.044643503879069124e-01 4.745856181509738175e-02 7.952172916767669131e-01 5.791099985405991646e+01
7.920294994605532324e-01 -4.240764663844623535e-03 -6.104680833369569015e-01 -2.789534481166411339e+01 -2.575972077862464377e-02 9.988531046779838274e-01 -4.035978330635427158e-02 -3.977239467306655119e+00 6.099391072043148787e-01 4.769162624031819675e-02 7.910118844667348714e-01 5.875116889134339715e+01
7.873469747326631296e-01 -4.947053756260477719e-03 -6.164902763081353543e-01 -2.857498816639692407e+01 -2.459686943973702494e-02 9.989195657614207136e-01 -3.942962336267322870e-02 -4.033534937658726172e+00 6.160192701925201186e-01 4.620852538722999836e-02 7.863746169245576789e-01 5.961766519088185845e+01
7.825847900783761135e-01 -4.782129229633330127e-03 -6.225256381786992144e-01 -2.925427221882947748e+01 -2.475242528790179766e-02 9.989407553695488495e-01 -3.879026618222229661e-02 -4.094840176872909687e+00 6.220517420300333278e-01 4.576569153741611579e-02 7.816374729101184249e-01 6.043346747156031284e+01
7.770240213246221161e-01 -5.813834292220795667e-03 -6.294440897138166013e-01 -2.995224937635937579e+01 -2.439264020888563811e-02 9.989281736387112254e-01 -3.933831541621672645e-02 -4.152620232967841218e+00 6.289981522379782808e-01 4.592061911644729905e-02 7.760493726017276828e-01 6.128214742277668137e+01
7.717351675454127147e-01 -7.213863266744925673e-03 -6.359031244368142932e-01 -3.065586841203543855e+01 -2.399283280152253450e-02 9.988934768629146310e-01 -4.044954757137968204e-02 -4.210914895994931406e+00 6.354912913792929441e-01 4.647345558293126261e-02 7.707081445951684540e-01 6.211951737180568500e+01
7.664243583622263323e-01 -8.537900474107063681e-03 -6.422778209940553928e-01 -3.135135524759125047e+01 -2.329609389312809267e-02 9.988843494733319339e-01 -4.107734690192082344e-02 -4.270557577188764498e+00 6.419119887728708118e-01 4.644524352938701056e-02 7.653703977845538464e-01 6.291533867418507242e+01
7.606538331601482295e-01 -9.525730563687502539e-03 -6.490878203902736843e-01 -3.206776492233804987e+01 -2.336432306475068332e-02 9.988427545436519006e-01 -4.203879333388057388e-02 -4.330485050792497681e+00 6.487371278638529581e-01 4.714246668873991325e-02 7.595510086234319447e-01 6.377268688237904826e+01
7.544698341017962440e-01 -1.162992920935119849e-02 -6.562316710116609109e-01 -3.278794196678309447e+01 -2.199932811418229064e-02 9.988330812608191556e-01 -4.299424821428338844e-02 -4.395551057349854851e+00 6.559659333521649094e-01 4.687451902494822048e-02 7.533335793975144412e-01 6.457117651482609233e+01
7.483744396470058957e-01 -1.227630441873203866e-02 -6.631628624516994197e-01 -3.353639357644550500e+01 -2.171965703048839291e-02 9.988389228571500356e-01 -4.300072931217590461e-02 -4.459248743013900729e+00 6.629207806856144414e-01 4.658431648109646189e-02 7.472388829909409891e-01 6.540590976796585210e+01
7.422050102860716647e-01 -1.267710670035935780e-02 -6.700529868704465652e-01 -3.429733779878278455e+01 -2.058378796072640043e-02 9.989181502351076603e-01 -4.169936257952267661e-02 -4.513605903297554178e+00 6.698567290270939223e-01 4.474170426390526589e-02 7.411411140256339847e-01 6.622839054579307572e+01
7.359935670643792394e-01 -1.300219730321490116e-02 -6.768636520654064404e-01 -3.502629585910007393e+01 -1.989390743865359842e-02 9.989683877629838005e-01 -4.082147390092154965e-02 -4.583529619826886226e+00 6.766961717708820379e-01 4.350980484263037434e-02 7.349756435261054488e-01 6.703190478401913310e+01
7.292361079053938377e-01 -1.452433674399613260e-02 -6.841079840061240480e-01 -3.580796855573940718e+01 -1.889451541925485714e-02 9.989660518564620340e-01 -4.135002487649270392e-02 -4.641122184008693807e+00 6.840012453126125269e-01 4.307981985672103969e-02 7.282076862325899125e-01 6.784644647903510872e+01
7.229887711696761921e-01 -1.624020294395873629e-02 -6.906688668437847012e-01 -3.659520385139653342e+01 -1.851613822713530505e-02 9.989090335344357197e-01 -4.287068204145252914e-02 -4.710223973048433876e+00 6.906116107626040224e-01 4.378354173998539461e-02 7.218993097835469941e-01 6.863906803809156543e+01
7.171463660424649555e-01 -1.514129002554020012e-02 -6.967580799078436637e-01 -3.737407563316533299e+01 -2.059078425446926944e-02 9.988671741326815567e-01 -4.289974450767573139e-02 -4.769849995699840584e+00 6.966183438224633484e-01 4.511219098923775761e-02 7.160221940212025959e-01 6.942984867235701074e+01
7.117081404165239711e-01 -1.583505574184854853e-02 -7.022967781849787094e-01 -3.819979395964966074e+01 -1.945492233108208485e-02 9.989181110223188664e-01 -4.223876775387485488e-02 -4.830491004939873712e+00 7.022058363988216145e-01 4.372480391815986023e-02 7.106300824216371659e-01 7.025653710149903475e+01
7.069248273867730914e-01 -1.515982130091230763e-02 -7.071261972930273920e-01 -3.899208114473792364e+01 -2.070325875938683335e-02 9.988983544110575652e-01 -4.211238139966486105e-02 -4.886663111608504195e+00 7.069856232108873151e-01 4.441010438541358879e-02 7.058321900496398182e-01 7.103998472126681918e+01
7.021294653458113322e-01 -1.559619892220128791e-02 -7.118784748900141013e-01 -3.982838334352724274e+01 -2.105060602003783199e-02 9.988684532163993879e-01 -4.264604543548800031e-02 -4.956598028775198728e+00 7.117380795784044034e-01 4.492851818647663337e-02 7.010066645590795620e-01 7.183256404310543530e+01
6.966672174333523593e-01 -1.798099547593001724e-02 -7.171690612163750256e-01 -4.065753786950763526e+01 -2.060544737924239686e-02 9.987718514665686609e-01 -4.505778833887271601e-02 -5.023295608492172271e+00 7.170984673446483271e-01 4.616787318402811729e-02 6.954411011533336850e-01 7.262868069739717214e+01
6.917936106043409694e-01 -2.004799279023495098e-02 -7.218169218082971517e-01 -4.148763692206351550e+01 -2.062681608440341402e-02 9.986579598251736911e-01 -4.750593403180332353e-02 -5.094307747432198497e+00 7.218006255739429777e-01 4.775308633929577218e-02 6.904516705296841472e-01 7.341331911739273153e+01
6.868324225277150363e-01 -2.043269138843716373e-02 -7.265285394714200429e-01 -4.234657724319092154e+01 -2.174453424811697774e-02 9.985796425728269421e-01 -4.864023749367835103e-02 -5.153552372443369833e+00 7.264904727564042153e-01 4.920571668623372613e-02 6.854125766474142845e-01 7.419747937358704348e+01
6.818325403326355172e-01 -2.030330006841679288e-02 -7.312264717655739821e-01 -4.321180665885512440e+01 -2.099189211423630602e-02 9.986599957071623512e-01 -4.730278504250751137e-02 -5.231303123639554187e+00 7.312070404067538831e-01 4.760240510541031284e-02 6.804926781338511699e-01 7.498674249345931742e+01
6.769735965124229482e-01 -2.036448767997361964e-02 -7.357255107808217121e-01 -4.406858749767709327e+01 -2.026053696240771168e-02 9.987227091185368888e-01 -4.628672558150233318e-02 -5.299956548796418865e+00 7.357283934407524706e-01 4.624108478560592234e-02 6.756963098786865629e-01 7.577015748621654723e+01
6.717364465361055359e-01 -2.092055981521340549e-02 -7.404947443421900921e-01 -4.492976758526328496e+01 -1.991326140285578500e-02 9.987299830432628811e-01 -4.628048208547654030e-02 -5.372525989337591845e+00 7.405225298309353610e-01 4.583395177691824279e-02 6.704667343124509626e-01 7.653032769551815306e+01
6.669199892318046219e-01 -2.179433960085328317e-02 -7.448105292228082153e-01 -4.581289790383515736e+01 -1.928534979725680595e-02 9.987324333262556086e-01 -4.649303103950615246e-02 -5.437772964903044404e+00 7.448797299778897596e-01 4.537106312711305239e-02 6.656543132529131324e-01 7.731591932054074334e+01
6.624440689633467327e-01 -2.275578299209654251e-02 -7.487656639107108658e-01 -4.671316239699092421e+01 -1.821550167824888614e-02 9.987536506983367701e-01 -4.646870713527861962e-02 -5.509710380125707907e+00 7.488898850869541990e-01 4.442206140860379543e-02 6.612039252993313632e-01 7.809683128329078272e+01
6.585975883599886060e-01 -2.328554874362747523e-02 -7.521349542174025071e-01 -4.759306034096628935e+01 -1.733078267699802652e-02 9.987866104976799164e-01 -4.609718742081924531e-02 -5.577896898508317491e+00 7.522957328473750538e-01 4.339458365589034250e-02 6.573948972221435039e-01 7.886719101274380250e+01
6.546261054913948829e-01 -2.625282210370480721e-02 -7.554968171907442409e-01 -4.851995725674775173e+01 -1.408856831198714542e-02 9.987995320581390946e-01 -4.691489125610508182e-02 -5.644119658009952190e+00 7.558215288221159511e-01 4.135558080655735158e-02 6.534703842121359907e-01 7.963474799918405722e+01
6.505117347693551988e-01 -3.038394560041606310e-02 -7.588881921180704593e-01 -4.941256782718179608e+01 -1.154996533803586724e-02 9.986881599136984144e-01 -4.988544436737619991e-02 -5.731808719328110868e+00 7.594083819034338489e-01 4.121619900383803603e-02 6.493074349370390186e-01 8.040912483520170895e+01
6.456064869628056480e-01 -3.452170471148909014e-02 -7.628895759888434380e-01 -5.031576749523541281e+01 -7.682836998439377361e-03 9.986335670966441924e-01 -5.169112772059804295e-02 -5.799354922710594273e+00 7.636316176022598379e-01 3.923328335051710913e-02 6.444590854484677500e-01 8.117839561117177993e+01
6.390401506349731031e-01 -3.879254822112177675e-02 -7.681945152101892216e-01 -5.124785231968445487e+01 -1.724353233981316394e-03 9.986526298004319013e-01 -5.186474320883629335e-02 -5.874285774133998217e+00 7.691714516502400345e-01 3.446829167974276020e-02 6.381122359940730737e-01 8.193909831749462569e+01
6.306599399370927950e-01 -4.221776233980981813e-02 -7.749101171399334076e-01 -5.218146672362131966e+01 2.772054922507414566e-03 9.986353909504539494e-01 -5.215047107591995468e-02 -5.961844734449232242e+00 7.760543573839313591e-01 3.074111918464839457e-02 6.299163667120624144e-01 8.271530601089139623e+01
6.218201497272110023e-01 -4.320835415739923691e-02 -7.819672168839656434e-01 -5.311447581363376003e+01 5.218841429870516892e-03 9.986833217470698632e-01 -5.103319052694551411e-02 -6.039914776325012724e+00 7.831426913596545303e-01 2.765250286585393957e-02 6.212269112982818919e-01 8.344183900224655304e+01
6.129728476894154010e-01 -4.238509521665282526e-02 -7.889662732134610224e-01 -5.407408048854451010e+01 6.925394147755434271e-03 9.988099371185936715e-01 -4.827782518812305523e-02 -6.107480276510901085e+00 7.900736276126322233e-01 2.412909313568672304e-02 6.125369060475343019e-01 8.419721672088334685e+01
6.040742348876081413e-01 -4.205316635999866576e-02 -7.958177167722370049e-01 -5.507173785962018542e+01 6.248770233867785226e-03 9.988259877233931494e-01 -4.803747595561647793e-02 -6.192128540087114885e+00 7.969035587470925108e-01 2.404531902844670235e-02 6.036278260047976962e-01 8.492886261335713982e+01
5.945031081172873488e-01 -4.272011606911469556e-02 -8.029576790297791034e-01 -5.605828302656283313e+01 4.169090849009592092e-03 9.987380345194510900e-01 -5.004954610539214671e-02 -6.256974527281981224e+00 8.040825104735529472e-01 2.640700677904955079e-02 5.939309708820696976e-01 8.564959517388892607e+01
5.844964024263760161e-01 -4.492846021613173396e-02 -8.101514531297401289e-01 -5.704933863063191524e+01 5.377822754598290955e-03 9.986583832190591981e-01 -5.150254969481640049e-02 -6.347625363167879620e+00 8.113784846254211702e-01 2.574620365418148205e-02 5.839538506705842513e-01 8.635441748086682878e+01
5.745159059405295920e-01 -4.600110716352068946e-02 -8.171997061688129893e-01 -5.804069213782868530e+01 4.796437218188755007e-03 9.985914818973464779e-01 -5.283981877792197357e-02 -6.414629262180434388e+00 8.184793699028237723e-01 2.643766883224396569e-02 5.739273324493718853e-01 8.705215160365401061e+01
5.645360988212828612e-01 -4.734493572588226867e-02 -8.240494146595171987e-01 -5.906591131154157637e+01 8.073022848717765348e-03 9.986225523348741806e-01 -5.184423055152866111e-02 -6.497090196901979198e+00 8.253689057514034255e-01 2.261536943207844916e-02 5.641406977882673646e-01 8.775105551100187995e+01
5.542584622285464668e-01 -4.751214812429638973e-02 -8.309874489108191042e-01 -6.010646113831265325e+01 9.837680858538661727e-03 9.986736814348055047e-01 -5.053808478595603337e-02 -6.576768915861101128e+00 8.322864821936147850e-01 1.983617132999755672e-02 5.539907494507843033e-01 8.844188315136213419e+01
5.439819534774626986e-01 -4.797736641910921307e-02 -8.377241752702565547e-01 -6.115774416343943898e+01 1.017150165442188246e-02 9.986677167084341278e-01 -5.058984213146848485e-02 -6.662331129580606692e+00 8.390352712527767709e-01 1.899904779394151824e-02 5.437452184418466450e-01 8.911068990264678291e+01
5.337349143902483384e-01 -4.864377504683954634e-02 -8.442516279854191952e-01 -6.219991276608828201e+01 8.888566618434592254e-03 9.986117782090933037e-01 -5.191829904038706284e-02 -6.743873569351770847e+00 8.456051361613778905e-01 2.020642154196319526e-02 5.334263465655381120e-01 8.976865489776746188e+01
5.232662716882529041e-01 -4.946958511403180131e-02 -8.507321293595102585e-01 -6.327828746275943672e+01 8.448589722199553037e-03 9.985656908714029001e-01 -5.286948378775928326e-02 -6.819003757488744988e+00 8.521273626647718480e-01 2.047733042781097260e-02 5.229336955143785159e-01 9.041277765044176817e+01
5.135739400945589228e-01 -4.979354115991169172e-02 -8.565993217426055573e-01 -6.433507150059867286e+01 6.355800183420344876e-03 9.985081348880874286e-01 -5.423198630702833617e-02 -6.905812204601750715e+00 8.580218085781652348e-01 2.240776025870644048e-02 5.131242360448328155e-01 9.104369595548604366e+01
