1.000000000000000000e+00 -3.306050084167601550e-19 -2.270457535318767223e-19 -8.673617379884035472e-19 7.546676715296109287e-19 1.000000000000000000e+00 6.237773588823049983e-19 1.387778780781445676e-17 -3.447385680526250622e-20 4.770700176052009879e-20 1.000000000000000222e+00 5.551115123125782702e-17
9.999351768356685710e-01 -2.703664233197499225e-03 1.106049091818394822e-02 1.367618180377474027e-02 2.691967801171306351e-03 9.999957939330510470e-01 1.072330987433640307e-03 -1.436178129045520557e-03 -1.106334516726075259e-02 -1.042485032610412964e-03 9.999382566406433970e-01 3.029646487862125426e-01
9.998288862957258605e-01 -5.206942945315923624e-03 1.774818205259826032e-02 3.137493496574878665e-02 5.177917547348882994e-03 9.999851670193735664e-01 1.681075646138063600e-03 -1.098825735662146974e-02 -1.775667367461431292e-02 -1.588858370539391555e-03 9.998410146055857206e-01 5.842043071499192219e-01
9.997689040242698777e-01 -6.847509284476422341e-03 2.038007563788952689e-02 3.740790036771115407e-02 6.823855499688076705e-03 9.999759415869099444e-01 1.230420874666310381e-03 -1.642160844540507814e-02 -2.038800997295245679e-02 -1.091080914091957640e-03 9.997916090664020761e-01 8.846091325722266197e-01
9.998044805941566082e-01 -8.223693337358112601e-03 1.797665197063990153e-02 4.312110052838039748e-02 8.230869959041386269e-03 9.999660952588359519e-01 -3.250536308207436294e-04 -1.844148319046050311e-02 -1.797337001957235655e-02 4.729859152957415825e-04 9.998382984679915486e-01 1.202387755461217012e+00
9.998725887941669610e-01 -1.079968013209009654e-02 1.175028882397738048e-02 4.600039887124646870e-02 1.082244040135407932e-02 9.999396297167999492e-01 -1.874846204394389759e-03 -2.093305551230247030e-02 -1.172932614782795473e-02 2.001811796862555150e-03 9.999292165399977783e-01 1.520435203081200504e+00
9.999319858374619008e-01 -1.165653844889889997e-02 2.871758365998403214e-04 4.044562767092829692e-02 1.165745980175416155e-02 9.999261168645622311e-01 -3.444104688724667924e-03 -3.487671746403242512e-02 -2.470128427307270117e-04 3.447218683059833245e-03 9.999940181742883460e-01 1.841213757126086925e+00
9.998168901679271858e-01 -1.046243562794452187e-02 -1.602657990687815157e-02 1.501263321153123963e-02 1.040495609575129050e-02 9.999391522154474909e-01 -3.665482024187971793e-03 -4.316247358203578743e-02 1.606395585028208908e-02 3.498131361877114456e-03 9.998648720758541719e-01 2.171003404465638109e+00
9.993428648058272357e-01 -7.077954020590432153e-03 -3.555466821539539357e-02 -1.266547950288399171e-02 6.949240541117689476e-03 9.999688648913719335e-01 -3.744182948575514557e-03 -4.566186275931465033e-02 3.558005514224889254e-02 3.494679877778398679e-03 9.993608748636533257e-01 2.519513238091446006e+00
9.984926265922410282e-01 -3.326015611226624744e-03 -5.478467104544469668e-02 -5.806408771095071530e-02 3.041989936259319356e-03 9.999815223131872655e-01 -5.267310680180429215e-03 -5.107722028439377893e-02 5.480117780191990501e-02 5.092733509557092163e-03 9.984842856763285202e-01 2.869552771897554422e+00
9.972219943560761690e-01 -1.989642729805371751e-03 -7.444809885919287384e-02 -1.079659828154988233e-01 1.635057937652401559e-03 9.999870367137638771e-01 -4.822510723703215749e-03 -5.624761915607615070e-02 7.445673316176153189e-02 4.687354543831573871e-03 9.972122722024077124e-01 3.233343207921060003e+00
9.952931024202398280e-01 -3.820488989193735092e-03 -9.684241563866410885e-02 -1.553675512043570239e-01 3.391381919079174915e-03 9.999836936193597925e-01 -4.595764158378604081e-03 -5.930057067082705746e-02 9.685839599358579688e-02 4.245711141094456534e-03 9.952898152503787399e-01 3.614526279553455623e+00
9.932732767526741835e-01 -4.559732608930574735e-03 -1.156875756406870182e-01 -2.138849213956761641e-01 4.168736519421260486e-03 9.999847389157716648e-01 -3.620672680011403216e-03 -6.658041062853563286e-02 1.157023272487703730e-01 3.114087873267579968e-03 9.932771758675041918e-01 4.004104710142684098e+00
9.911503343439349578e-01 -3.872652709235830087e-03 -1.326607106168827821e-01 -2.896055851012074855e-01 3.512049157076617065e-03 9.999894572543291948e-01 -2.951885855104144189e-03 -7.212526227687209024e-02 1.326707724565525104e-01 2.459601546159474478e-03 9.911535161829557738e-01 4.395115610921655147e+00
9.888269478068800744e-01 -3.074052904392051561e-03 -1.490425439964310761e-01 -3.685798360708209542e-01 2.768509434448557585e-03 9.999936190569799210e-01 -2.258076840090909518e-03 -7.682670600843748143e-02 1.490485428325710182e-01 1.820171915755790628e-03 9.888291218568435736e-01 4.812058305244154788e+00
9.867650055769627837e-01 -1.250544297657677937e-03 -1.621684187100344565e-01 -4.509322128765525517e-01 8.815156273219953813e-04 9.999968683827158422e-01 -2.347092336158883123e-03 -8.327180926070149036e-02 1.621708687075854582e-01 2.173049104980646386e-03 9.867629945286333637e-01 5.236572944917100791e+00
9.844712041521194168e-01 -3.480733972301567995e-03 -1.755229342015281468e-01 -5.391864797134885423e-01 2.950348850977457978e-03 9.999902465578971444e-01 -3.282648589813309294e-03 -9.147952633426019442e-02 1.755326807393396971e-01 2.713598498527200215e-03 9.844718931773126513e-01 5.672970545206156068e+00
9.828340237558370607e-01 -6.083493943680672381e-03 -1.844060990585557613e-01 -6.298157010689421353e-01 5.286633810588549191e-03 9.999744556361225278e-01 -4.813615301590943446e-03 -1.044544680342705950e-01 1.844306904831422289e-01 3.756036825518378839e-03 9.828410658007591394e-01 6.122385064453739645e+00
9.813794591422481117e-01 -5.909311012843739518e-03 -1.919377648110071888e-01 -7.311169961570813669e-01 4.663196475053145787e-03 9.999650118060910975e-01 -6.942383751384308826e-03 -1.116540989059399691e-01 1.919720924083726521e-01 5.918102615954465989e-03 9.813726449307198507e-01 6.584887007657568070e+00
9.796944815914946370e-01 -5.588309496903163219e-03 -2.004239504660177418e-01 -8.394076601042680386e-01 3.837140158059905177e-03 9.999509760157194727e-01 -9.125526917404680124e-03 -1.109910113061567255e-01 2.004651587922458844e-01 8.171046122104598519e-03 9.796679350319461577e-01 7.063717725186391405e+00
9.785733275302438416e-01 -6.984436581678417355e-03 -2.057535692897745627e-01 -9.515023479419091323e-01 4.590617184970117309e-03 9.999161575002083469e-01 -1.210839387855905912e-02 -1.212099660395036388e-01 2.058209019846398147e-01 1.090414912113873459e-02 9.785233471343124378e-01 7.548659687886191350e+00
9.767196393099725205e-01 -1.083310390840073849e-02 -2.142681936956955524e-01 -1.061118252641259474e+00 8.003758453615367197e-03 9.998689046012215753e-01 -1.406898037384107618e-02 -1.338000272948444702e-01 2.143924962586177818e-01 1.202697004697571119e-02 9.766783747480163314e-01 8.053396279944838199e+00
9.746836183035698653e-01 -1.634814480731811015e-02 -2.229832135960747308e-01 -1.180739223131569648e+00 1.329723048711859909e-02 9.997962363561738730e-01 -1.517473275976553154e-02 -1.498700436963350258e-01 2.231859581972334694e-01 1.182484381391027753e-02 9.747025365069434955e-01 8.568326533797046451e+00
9.729713451071735353e-01 -1.714971428430017708e-02 -2.302833779077493592e-01 -1.302417998021743628e+00 1.363014776592217682e-02 9.997647060958859688e-01 -1.686729697891904689e-02 -1.724298296639725780e-01 2.305185673121331880e-01 1.327146528981538141e-02 9.729762767540939272e-01 9.094272632398126888e+00
9.710491050504281851e-01 -1.367661835754453541e-02 -2.384747688495217344e-01 -1.460916559448551366e+00 8.749623540634247215e-03 9.997260458276517880e-01 -2.170561028999019523e-02 -1.756645935746683485e-01 2.387063531643121017e-01 1.899004796030972012e-02 9.709028366974513657e-01 9.626221554029724459e+00
9.689380662662020471e-01 -1.140788317276027718e-02 -2.470561597345051208e-01 -1.618211815820713273e+00 5.318248597426947569e-03 9.996655763216963919e-01 -2.529996237504348114e-02 -1.943681001327034474e-01 2.472622125319547115e-01 2.320017888580164916e-02 9.686748665521165425e-01 1.017805165598809403e+01
9.664566996870794791e-01 -1.299821325990963179e-02 -2.565900487846241029e-01 -1.772978174781454141e+00 6.417333464868659083e-03 9.996286782530523496e-01 -2.647142892205585005e-02 -2.160880598579035250e-01 2.568390140489333340e-01 2.393725690256138725e-02 9.661813938532339829e-01 1.073562765712292411e+01
9.642889646521137781e-01 -1.444357011094505455e-02 -2.644342769489191336e-01 -1.930914477105548643e+00 7.110006407739520411e-03 9.995635706775637397e-01 -2.866457541108609688e-02 -2.454181184328607934e-01 2.647330517222075685e-01 2.575972264854340180e-02 9.639709486142619133e-01 1.130759828152310753e+01
9.620970743492220922e-01 -1.506882190158773636e-02 -2.722612328374762747e-01 -2.108634722518373916e+00 6.754699212884559233e-03 9.994824985221574254e-01 -3.143806733033795153e-02 -2.669123856392972005e-01 2.725942568394271737e-01 2.840689036539328916e-02 9.617010834663589636e-01 1.188865803202540228e+01
9.598872872370821652e-01 -1.467633142444069519e-02 -2.799880158436045541e-01 -2.294847675547490695e+00 5.150274478951288176e-03 9.993834924195021951e-01 -3.472523289458575441e-02 -2.925089890380938029e-01 2.803250727669735487e-01 3.189022605393981163e-02 9.593710855968643481e-01 1.248302298609865701e+01
9.579508228911635115e-01 -1.564186845708330845e-02 -2.865016160454388894e-01 -2.482498344076697006e+00 4.303263115018113837e-03 9.991838244696137350e-01 -4.015521313328431624e-02 -3.215457452471094935e-01 2.868959936878376360e-01 3.723353601974996319e-02 9.572362470712908467e-01 1.308513170426625649e+01
9.559353945556745558e-01 -1.629479461332641529e-02 -2.930348372432773352e-01 -2.682786324693734237e+00 2.520435076075919559e-03 9.988771559424298729e-01 -4.731681998591119598e-02 -3.585898394905081554e-01 2.934764228736872482e-01 4.449450058054676971e-02 9.549029231537817797e-01 1.369835195341590683e+01
9.546789903085217688e-01 -1.727577942369874775e-02 -2.971074516539988775e-01 -2.889618575791172983e+00 7.304049357672049705e-04 9.984470254524259181e-01 -5.571126569322038674e-02 -3.959528734395832972e-01 2.976082272203895984e-01 5.297050969866263365e-02 9.532089804625021312e-01 1.432405751577380215e+01
9.538999175283587872e-01 -1.704734806750238946e-02 -2.996688556826367922e-01 -3.101773152075661066e+00 -2.290853750789851109e-03 9.979427197420319695e-01 -6.407357266962715459e-02 -4.381018137832362047e-01 3.001449879068735505e-01 6.180478345387376699e-02 9.518985436263684985e-01 1.496097646490777500e+01
9.523205337674669479e-01 -1.716153714189687027e-02 -3.046358333285705267e-01 -3.319946827015746837e+00 -5.359717691488824487e-03 9.973216004601096474e-01 -7.292999997991043981e-02 -4.849819507362366777e-01 3.050717420454742701e-01 7.108507142316861094e-02 9.496778721429682824e-01 1.561029198517210936e+01
9.512990067694163665e-01 -1.546907992069072521e-02 -3.078365599971510935e-01 -3.547988261376842978e+00 -9.517239491786630770e-03 9.967902488618484158e-01 -7.948825418441303470e-02 -5.407133509132123761e-01 3.080779574182750946e-01 7.854746777560384086e-02 9.480983478423989919e-01 1.626911873943089404e+01
9.496386902111858541e-01 -1.419450057242158288e-02 -3.129466698230808364e-01 -3.783015391489754187e+00 -1.350845304065284407e-02 9.961901703545826825e-01 -8.615382284300308890e-02 -6.057614070655727989e-01 3.129768023937035126e-01 8.604423911557218529e-02 9.458289687188995432e-01 1.693534540822214751e+01
9.481015196592584848e-01 -1.321937186042409715e-02 -3.177214128072391452e-01 -4.022743139553520031e+00 -1.714312438316876672e-02 9.955570071425747791e-01 -9.261448152483744978e-02 -6.730645583836725176e-01 3.175342096392148039e-01 9.325451149759476921e-02 9.436625281336222804e-01 1.760802972027786950e+01
9.472096488495853617e-01 -1.036408939286358709e-02 -3.203611705434409873e-01 -4.275596292716727476e+00 -2.217220163409111197e-02 9.949670425639183247e-01 -9.772634439920240002e-02 -7.440656479014955416e-01 3.197608702506474776e-01 9.967360817744466694e-02 9.422126494640293837e-01 1.829731119012285845e+01
9.447294253332340075e-01 -7.580289275248018425e-03 -3.277717275920128959e-01 -4.534442902980456935e+00 -2.705403904428120565e-02 9.945205675221456820e-01 -1.009654508850711674e-01 -8.251180141177434368e-01 3.267413085516394644e-01 1.042513601605427886e-01 9.393477435032631107e-01 1.900179975627531448e+01
9.434567694944026028e-01 -7.631135750239855312e-03 -3.314067741580790649e-01 -4.800502836583022237e+00 -2.798366448866448225e-02 9.943331700363723380e-01 -1.025623148260444290e-01 -9.013843599584420163e-01 3.303120288579678987e-01 1.060352576476289166e-01 9.378966463723930058e-01 1.970923668119008809e+01
9.407896818490484314e-01 -6.430728343075303548e-03 -3.389019746098019259e-01 -5.073499537330305564e+00 -2.966392897850284385e-02 9.944229723543142052e-01 -1.012153981083555726e-01 -9.876933367608425884e-01 3.376627231477247748e-01 1.052762563463006118e-01 9.353521045742562157e-01 2.043180510429980501e+01
9.387163405674067151e-01 -6.481230134432582404e-03 -3.445950954445975434e-01 -5.352692039681962832e+00 -2.991380452843564464e-02 9.945191351325723961e-01 -1.002021173548949123e-01 -1.072018435675615944e+00 3.433551895903123041e-01 1.043730028383635794e-01 9.333775547336760070e-01 2.116089425652006994e+01
9.366040395860345535e-01 -5.679932229678670563e-03 -3.503192130596944343e-01 -5.639315402211868999e+00 -3.060164106083562013e-02 9.947220699258869647e-01 -9.791327431150093075e-02 -1.158590218802237226e+00 3.490267827811686652e-01 1.024241652344014403e-01 9.314867671894337953e-01 2.189808220123999405e+01
9.342073917802722338e-01 -6.162435278214358630e-03 -3.566231634717997867e-01 -5.937067348437074621e+00 -2.976380505623089923e-02 9.950179845969621129e-01 -9.514479803352678122e-02 -1.240780894839639270e+00 3.554329187917513733e-01 9.949957986574216318e-02 9.293696968458801111e-01 2.263989446771752156e+01
9.291457453374963871e-01 -3.268779146263623044e-03 -3.697064532013440985e-01 -6.252228588662343434e+00 -3.194622537935547235e-02 9.955111144259967126e-01 -8.911371866034965838e-02 -1.318672169734407040e+00 3.683385077729981472e-01 9.461030571707702841e-02 9.248702608267171943e-01 2.339434031208230280e+01
9.264894996383860049e-01 -1.722143368151247966e-04 -3.762776338894848749e-01 -6.573764145442032358e+00 -3.354117579788076092e-02 9.959821349677030478e-01 -8.303255490106777048e-02 -1.400263077095004860e+00 3.747798936995875851e-01 8.955113259929628478e-02 9.227613289559229992e-01 2.414986737776720815e+01
9.230972640983571287e-01 2.798540688031485486e-03 -3.845546171207671615e-01 -6.905230472826182186e+00 -3.606237953798123452e-02 9.961971133443494608e-01 -7.932147975736707213e-02 -1.476246595710872134e+00 3.828706328325114927e-01 8.708823227575593351e-02 9.196874893938417062e-01 2.490541688990300884e+01
9.197574680072152509e-01 3.481550367945424052e-03 -3.923968521070224091e-01 -7.248317554799063700e+00 -3.665091591358650425e-02 9.963531048706681936e-01 -7.705473541345000954e-02 -1.550485909156236186e+00 3.906975347133189169e-01 8.525553852258557774e-02 9.165307306613929006e-01 2.567159689802081601e+01
9.158806522355517066e-01 4.421815740928604008e-03 -4.013919555523555172e-01 -7.599833234083090971e+00 -3.819889822184543982e-02 9.963621513944297403e-01 -7.615521076873568718e-02 -1.624551325899008303e+00 3.995945954059237915e-01 8.508273822939406428e-02 9.127179049881829487e-01 2.644219061261172854e+01
9.126565928517745840e-01 4.146187613971322530e-03 -4.087171426259209039e-01 -7.959296374185534262e+00 -3.818388353605239177e-02 9.964405970157631520e-01 -7.515928145200245769e-02 -1.695882046708326429e+00 4.069516940095008750e-01 8.419594146366175813e-02 9.095658707975931012e-01 2.722271291481132849e+01
9.081340847402231686e-01 5.850158618371240765e-03 -4.186375628561384565e-01 -8.339126411728015498e+00 -4.015516690418335227e-02 9.965097675341662020e-01 -7.317150981889425365e-02 -1.765025330693305916e+00 4.167479801004332352e-01 8.326150892401333603e-02 9.051996879172613530e-01 2.800293555395082024e+01
9.045845806269927625e-01 6.976942824898997066e-03 -4.262400493822994241e-01 -8.721153591674974948e+00 -4.108257727482245159e-02 9.966390558724740334e-01 -7.088032538205267519e-02 -1.830726471099910491e+00 4.243134219325100376e-01 8.162647464225163130e-02 9.018306366290430587e-01 2.880041345589554425e+01
9.017815576078614948e-01 6.623860969115046536e-03 -4.321380497759040318e-01 -9.114264939454328029e+00 -3.929112337696980678e-02 9.969985344302575436e-01 -6.671590786918940585e-02 -1.903294304284331329e+00 4.303992017487321964e-01 7.714299496749095486e-02 8.993350422010778500e-01 2.960509910990436566e+01
8.970134140862119354e-01 8.906561798446389205e-03 -4.419514141756770709e-01 -9.526868513250237314e+00 -3.984088411148149073e-02 9.973563872814235065e-01 -6.079374194028209361e-02 -1.966611689809809160e+00 4.402419557683184825e-01 7.214155228935235920e-02 8.949968611346535985e-01 3.041197909658259135e+01
8.944497168803798859e-01 8.330556370514670406e-03 -4.470539323781286822e-01 -9.950095949610366475e+00 -3.732142737973864061e-02 9.977288621117818002e-01 -5.610157751351502881e-02 -2.032843370816193929e+00 4.455715287538797864e-01 6.686790830181357781e-02 8.927290004298356063e-01 3.122752720548989203e+01
8.901664102138289181e-01 8.095656551854445507e-03 -4.555590600429803017e-01 -1.037489281778227657e+01 -3.669349242056611088e-02 9.978681554481391158e-01 -5.398527381550158322e-02 -2.094128611367531256e+00 4.541506956120116012e-01 6.477738802475128954e-02 8.885661528362620576e-01 3.204736724914846491e+01
8.870770103709072485e-01 7.688914031512102641e-03 -4.615388718321520312e-01 -1.081872850604638536e+01 -3.596776553191556591e-02 9.979730037910111706e-01 -5.249244973889100052e-02 -2.150169087786200972e+00 4.602001319954470149e-01 6.316088229684531374e-02 8.855551923276445692e-01 3.287933214797454440e+01
8.850484870344775823e-01 7.821696322156698397e-03 -4.654076701385392312e-01 -1.127291728315165997e+01 -3.557763067301800836e-02 9.980708577368181400e-01 -5.087167173156856986e-02 -2.204281776668446824e+00 4.641119626945203747e-01 6.158102472548137446e-02 8.836195468302669997e-01 3.371676733640982349e+01
8.815365471914264894e-01 7.186532825451317358e-03 -4.720238412538293460e-01 -1.173680419992008694e+01 -3.455774231907349225e-02 9.981840155386234592e-01 -4.933813559901953361e-02 -2.261847379888990428e+00 4.708119120695079540e-01 5.980896590359310871e-02 8.801843583247903613e-01 3.456599188757069641e+01
8.791046159404124483e-01 6.570060328582173585e-03 -4.765075201841200148e-01 -1.220658596557353270e+01 -3.391764486074857338e-02 9.982323318026121717e-01 -4.880872946550859903e-02 -2.320965220184545430e+00 4.753443877105878457e-01 5.907392232256370584e-02 8.777736141046623697e-01 3.542219613654631161e+01
8.777551727367174372e-01 4.398665090109954608e-03 -4.790208978585592248e-01 -1.269402305577896506e+01 -3.204855208424212121e-02 9.982571014513381691e-01 -4.955755021928227866e-02 -2.380536037494331847e+00 4.779679201425984791e-01 5.885576771942403751e-02 8.763665471849305666e-01 3.628715343209582755e+01
8.763502525035953283e-01 4.847166895768402137e-03 -4.815649508833085291e-01 -1.318964610960210493e+01 -3.299238415103145083e-02 9.982049718913487135e-01 -4.998003488953053908e-02 -2.432520654301640217e+00 4.804581529096689230e-01 5.969014450592670384e-02 8.749371824501490646e-01 3.715489852213427469e+01
8.768418706041942734e-01 4.942547503354969077e-03 -4.807502652494403672e-01 -1.368303974960385894e+01 -3.255914307088855764e-02 9.982620542422772081e-01 -4.912141845404131846e-02 -2.492475808404711390e+00 4.796721331205894834e-01 5.872303839581378970e-02 8.754787701608529593e-01 3.803897110876998511e+01
8.753815441357655214e-01 6.056317847635021498e-03 -4.833179013599916973e-01 -1.419643943849229117e+01 -3.277332096313675946e-02 9.983645443380851914e-01 -4.684486751575105135e-02 -2.549269717471750241e+00 4.822438486271220515e-01 5.684902161715450070e-02 8.741484966587484973e-01 3.894554413606249454e+01
8.754214734965698463e-01 4.211062498685803381e-03 -4.833357894638954377e-01 -1.471178902381546294e+01 -3.030976566671707631e-02 9.984722705482391714e-01 -4.620620670356312409e-02 -2.608573377723800935e+00 4.824028077812326232e-01 5.510227703361476881e-02 8.742118415302950751e-01 3.985927682177143794e+01
8.753864860654620994e-01 1.757775535363481460e-03 -4.834261775527732286e-01 -1.523040334225441761e+01 -2.836405950884718363e-02 9.984573021916912650e-01 -4.772705592692826071e-02 -2.670558615216165776e+00 4.825966295281013951e-01 5.549083319136015324e-02 8.740860232205079905e-01 4.077638057586923992e+01
8.747334146050209647e-01 3.953468964090684802e-04 -4.845910524722515933e-01 -1.575346332636457802e+01 -2.697523483240148526e-02 9.984888099267710260e-01 -4.788209528047981944e-02 -2.730321454591760233e+00 4.838399016174917966e-01 5.495762888002508201e-02 8.734222723859328408e-01 4.170850489339193246e+01
8.732796701477597567e-01 1.586327625574651386e-04 -4.872413621633712166e-01 -1.628523294450085857e+01 -2.578288589148964444e-02 9.986135901811846738e-01 -4.588999665486045293e-02 -2.788079316562475540e+00 4.865586290669264291e-01 5.263825648762777976e-02 8.720733191083116509e-01 4.264112377072286364e+01
8.708241128547693499e-01 1.484039033967001668e-03 -4.915668153155932640e-01 -1.682859440605281165e+01 -2.536627790573602742e-02 9.987989914513547562e-01 -4.192714269397970067e-02 -2.846157061346128447e+00 4.909145385538358219e-01 4.897898345915367713e-02 8.698157275000589772e-01 4.358748211829016128e+01
8.683680079680217156e-01 1.017222411621372538e-03 -4.960882309131616208e-01 -1.736310454478517329e+01 -2.255434611593147218e-02 9.990440747813384981e-01 -3.743927043784418124e-02 -2.907740503697079149e+00 4.955760962451820073e-01 4.369693351846607593e-02 8.675609902563162779e-01 4.450905789460411910e+01
8.647394465957027876e-01 -7.419555888900342643e-04 -5.020730219329988531e-01 -1.790419887448852876e+01 -1.988612526360363994e-02 9.991640063119967552e-01 -3.571725643708354575e-02 -2.970850618116154251e+00 5.016798770995106738e-01 4.087231761386510287e-02 8.640018205298005682e-01 4.543513107628890424e+01
8.593626283675658284e-01 -3.189883497591055727e-03 -5.113120562914141853e-01 -1.845735119354028342e+01 -1.850368294894903787e-02 9.991315928479154174e-01 -3.733088422365552633e-02 -3.027034736039403207e+00 5.109873068345877067e-01 4.154165943748974743e-02 8.585574040362891068e-01 4.635550702118437272e+01
8.542658236881465195e-01 -5.726333238805097342e-03 -5.198437569619339671e-01 -1.902262773545038144e+01 -1.754178982202922454e-02 9.990522803838700616e-01 -3.983000382089152414e-02 -3.088377930218001222e+00 5.195792802526394416e-01 4.314187810771104997e-02 8.533558756872000606e-01 4.726865014376662799e+01
8.476049338868113514e-01 -6.313752677749568006e-03 -5.304922166227657998e-01 -1.960463925971630772e+01 -1.747615714018546304e-02 9.990545950774148976e-01 -3.981725005233437836e-02 -3.141145390099273627e+00 5.302418994886863857e-01 4.302339891030144275e-02 8.466932299202040157e-01 4.817559380083148568e+01
8.423217025644487155e-01 -3.188944408911772912e-03 -5.389350627496997115e-01 -2.020074265802095326e+01 -1.808060318427981775e-02 9.992524361863658333e-01 -3.417889140200819353e-02 -3.188360254989032860e+00 5.386411160553771227e-01 3.853689314345822015e-02 8.416345056392920965e-01 4.908261543298877427e+01
8.379145726924950299e-01 1.752439683871035271e-04 -5.458014105136921312e-01 -2.080086559477345531e+01 -1.929945326947856907e-02 9.993841296918672956e-01 -2.930214089806111241e-02 -3.244166356227134340e+00 5.454602494476785690e-01 3.508456981845201744e-02 8.374019750105049509e-01 4.998112959994346483e+01
8.332711201629743325e-01 1.496614178194469874e-03 -5.530203192369468335e-01 -2.140497294643858339e+01 -2.209820381928942132e-02 9.992873547738110318e-01 -3.060575524160534175e-02 -3.294673474033506189e+00 5.525807371786947142e-01 3.772009477894033153e-02 8.327104230734686530e-01 5.087485249888650429e+01
8.300048809305644593e-01 -1.088991664275153421e-03 -5.576210356841130311e-01 -2.201310756398996205e+01 -2.222146676460279302e-02 9.991395018208428791e-01 -3.502039911062145711e-02 -3.346707628328441153e+00 5.571792107813208217e-01 4.146172796086031870e-02 8.292667624588589970e-01 5.175733045974351398e+01
8.281122261020000819e-01 -2.741387766417543656e-03 -5.606471485417446887e-01 -2.262178126310637438e+01 -2.501233055608312328e-02 9.988113899713941812e-01 -4.182819122590798050e-02 -3.405041605146184036e+00 5.600956875789805389e-01 4.865709502006331649e-02 8.270595000765085247e-01 5.263896426338870072e+01
8.242306343171773575e-01 -4.432814460035005080e-03 -5.661582985446477201e-01 -2.324106723051029633e+01 -2.436946546353659093e-02 9.987651828652460706e-01 -4.329208135813492064e-02 -3.462321527317000491e+00 5.656509915292613488e-01 4.948368654793083160e-02 8.231050615330918196e-01 5.351831597709337274e+01
8.214894358084745551e-01 -3.067543318834116926e-03 -5.702529401729579117e-01 -2.386409185575331904e+01 -2.354831503772907356e-02 9.989499719007044476e-01 -3.929602594750580130e-02 -3.522160097595825157e+00 5.697749745308283709e-01 4.570722143047920710e-02 8.205544854373364450e-01 5.440410301285485417e+01
8.178503062657220823e-01 -8.456479302592545457e-04 -5.755724509683731727e-01 -2.449972194233940215e+01 -2.248444742195587417e-02 9.991882594413958874e-01 -3.342607062242443361e-02 -3.572587661561661410e+00 5.751337479083969972e-01 4.027539430488274314e-02 8.171674312830859987e-01 5.528733194010113294e+01
8.150466391741346683e-01 1.056586900512292973e-03 -5.795828617683062012e-01 -2.514067468457196597e+01 -2.281768678732556260e-02 9.992811458933416047e-01 -3.028133629739162419e-02 -3.624145471924321793e+00 5.791343961677589691e-01 3.790244431609065406e-02 8.144848260355818104e-01 5.617173455707504814e+01
8.126336880289166675e-01 2.833413927836423481e-03 -5.827121324137393144e-01 -2.577629985164240622e+01 -2.553913371100589511e-02 9.992006131683870418e-01 -3.075767966992158306e-02 -3.676021439588010420e+00 5.821590375894953873e-01 3.988187385984654637e-02 8.120563967587817178e-01 5.704092669349221723e+01
8.082819892724104616e-01 1.905794508325725847e-03 -5.887915246040364980e-01 -2.642438269476327406e+01 -2.555612768851974956e-02 9.991660104882501559e-01 -3.183721069697421913e-02 -3.719025112027085189e+00 5.882400822857285494e-01 4.077530520366607486e-02 8.076563775090844777e-01 5.790088792593609668e+01
8.047987226442967490e-01 -3.573043762159728914e-04 -5.936090354517513656e-01 -2.707897017569961662e+01 -2.465035632113510289e-02 9.991170107535102263e-01 -3.402755928799947038e-02 -3.774738862723612254e+00 5.930972785598083163e-01 4.201453535468712558e-02 8.040790614477744125e-01 5.877154905067378365e+01
8.012861691028309030e-01 -1.953292427091658182e-03 -5.983220155596087331e-01 -2.773709545754773842e+01 -2.353762613315174904e-02 9.991175830873741948e-01 -3.478684653288495465e-02 -3.824579216652624680e+00 5.978621055330446410e-01 4.195585300436394105e-02 8.005331374582326243e-01 5.964361807513874680e+01
7.963458265278781090e-01 -2.567260997144475091e-03 -6.048046539640178354e-01 -2.840858133625893700e+01 -2.265287224316285195e-02 9.991628672892494123e-01 -3.407174705951809129e-02 -3.876256682638385076e+00 6.043859842091654500e-01 4.083347715727343036e-02 7.956209071846123138e-01 6.051414558289872048e+01
7.930697552628103164e-01 -2.427384601769755866e-03 -6.091443013623726310e-01 -2.909099043428554765e+01 -2.226146156413343763e-02 9.992085146333665735e-01 -3.296865733179141916e-02 -3.928012267947297964e+00 6.087422025837710970e-01 3.970665066763618550e-02 7.923880418446987983e-01 6.137494608536275109e+01
7.870660697053822874e-01 -3.980833907497231469e-03 -6.167876407090032709e-01 -2.977477091905524276e+01 -2.159146061632911603e-02 9.991885934964581661e-01 -3.399878996686268862e-02 -3.981936526892142059e+00 6.164226205111568158e-01 4.007709427096090710e-02 7.863415887627288603e-01 6.223321394079039237e+01
7.812968010345563430e-01 -4.321881749936131931e-03 -6.242302258748502197e-01 -3.046958486267388011e+01 -2.170887082580708061e-02 9.991828465458794106e-01 -3.408279785486342806e-02 -4.031641458581043835e+00 6.238675678390248613e-01 4.017569003629314905e-02 7.805645089709256634e-01 6.308667229705546475e+01
7.765913471869291262e-01 -5.888906380537956356e-03 -6.300437731334125324e-01 -3.117533959136937227e+01 -2.107473954196118632e-02 9.991537748707519651e-01 -3.531069190409224373e-02 -4.087971392189420072e+00 6.297187838982140073e-01 4.069664050801777982e-02 7.758101538593722424e-01 6.393872492701936494e+01
7.708520712441587763e-01 -6.425983850550895903e-03 -6.369767406868450665e-01 -3.188819628436827713e+01 -2.099999365473272789e-02 9.991492757658846369e-01 -3.549981224279371433e-02 -4.139737381663462834e+00 6.366631773717813525e-01 4.074003788473792159e-02 7.700611997199984238e-01 6.478847709237419394e+01
7.657009968898697005e-01 -9.012203336613535537e-03 -6.431045717944429141e-01 -3.260695254265153409e+01 -1.945962079794757646e-02 9.991194347695913081e-01 -3.717428800971600555e-02 -4.198253918795297857e+00 6.428733462613493987e-01 4.098183308295026001e-02 7.648515353701108577e-01 6.563226501107151023e+01
7.584712648629086118e-01 -1.015400214103875931e-02 -6.515245238842329867e-01 -3.334806774824058095e+01 -1.846019433245499677e-02 9.991426406098158353e-01 -3.705981691489970697e-02 -4.251117307029227632e+00 6.513420499903668226e-01 4.014085759567349171e-02 7.576336183119131151e-01 6.647579429559795017e+01
7.526830197279698043e-01 -1.057038472170520986e-02 -6.582560668633928858e-01 -3.408962388842228108e+01 -1.712405090903692043e-02 9.992184911714792062e-01 -3.563334331131298022e-02 -4.301156739999358436e+00 6.581181779571322332e-01 3.809780946509634669e-02 7.519137824126241876e-01 6.731168426132900606e+01
7.471717706971271467e-01 -1.113341888681083393e-02 -6.645021729284761314e-01 -3.484267185371808750e+01 -1.569332240919013230e-02 9.992853528458143231e-01 -3.438222538640649945e-02 -4.357380497404194308e+00 6.644098129841498057e-01 3.612297525767743656e-02 7.464630367506379649e-01 6.814662886850761936e+01
7.407114017577202114e-01 -1.286127677761804422e-02 -6.717604812196672492e-01 -3.560446901646145079e+01 -1.443833310533007737e-02 9.992810465972844503e-01 -3.505631392285585290e-02 -4.416038021509464784e+00 6.717285491800005781e-01 3.566435148453016291e-02 7.399930867898012465e-01 6.898449610316721703e+01
7.343360662652049786e-01 -1.432102886700847670e-02 -6.786378729745480287e-01 -3.638489519627005819e+01 -1.464909601860019117e-02 9.992102682077159681e-01 -3.694086073277968313e-02 -4.476900940265069906e+00 6.786307776079686382e-01 3.707281382464635427e-02 7.335462987744546526e-01 6.980170717241057332e+01
7.291655180415373971e-01 -1.383663670604707956e-02 -6.840659309955832157e-01 -3.717511729799937115e+01 -1.518169570731245886e-02 9.992224378644500860e-01 -3.638338716596425937e-02 -4.525939875428622194e+00 6.840374419629099423e-01 3.691567297232047073e-02 7.283883650283083933e-01 7.062953277349738812e+01
7.235829788355392367e-01 -1.372163053623067994e-02 -6.901249099591663105e-01 -3.797476781286111702e+01 -1.491339665677428837e-02 9.992582464798257513e-01 -3.551450826984391129e-02 -4.580844907727169790e+00 6.901002723149618490e-01 3.598781882432339208e-02 7.228415387379798496e-01 7.144881830159768299e+01
7.193985980168272620e-01 -1.272172482413761775e-02 -6.943292508186510448e-01 -3.877777182961668956e+01 -1.627947047354996388e-02 9.992488614228245414e-01 -3.517463496922738908e-02 -4.638216625834013840e+00 6.942548488569816323e-01 3.661485365965103794e-02 7.186510768610077093e-01 7.226741879526682055e+01
7.133336284604657740e-01 -1.469330074797037776e-02 -7.006122577410204277e-01 -3.960278091996842420e+01 -1.477550950369185302e-02 9.992426761220183362e-01 -3.599530005502326463e-02 -4.691166189345395310e+00 7.006106320710099311e-01 3.602839427378782405e-02 7.125762356244252915e-01 7.308725648859352475e+01
7.084995878700154348e-01 -1.600648909702998696e-02 -7.056003476710190903e-01 -4.043003390145269549e+01 -1.533525444772303355e-02 9.991573919893251832e-01 -3.805994817352297693e-02 -4.751563850210274609e+00 7.056153799944648863e-01 3.778117089482718738e-02 7.076572772855876936e-01 7.390124706483476302e+01
7.045547168594121779e-01 -1.805398056219792782e-02 -7.093915000797766934e-01 -4.125461610967882820e+01 -1.513046009325365662e-02 9.990668520900378713e-01 -4.045460684171168358e-02 -4.812794201116641801e+00 7.094599668122300029e-01 3.923510083179649471e-02 7.036242458508126241e-01 7.471159932822213534e+01
6.987189039442963656e-01 -1.802579456423889642e-02 -7.152567370507068034e-01 -4.210096600980114090e+01 -1.621924539118180242e-02 9.990263626184099355e-01 -4.101597655248082758e-02 -4.871745736367113722e+00 7.152999395365375879e-01 4.025338497383695868e-02 6.977463334739150147e-01 7.551615731732756842e+01
6.945445832975024603e-01 -1.867360305139278975e-02 -7.193147890932400923e-01 -4.295422259909316409e+01 -1.475860600673797700e-02 9.990828846888397674e-01 -4.018325544169056712e-02 -4.930824410730399343e+00 7.194059744337008011e-01 3.851758819542408507e-02 6.936320749557051135e-01 7.633059784610922804e+01
6.895806635478007873e-01 -1.856641394795553734e-02 -7.239861484351156617e-01 -4.381642615591317025e+01 -1.329159307310387624e-02 9.991784416609074126e-01 -3.827764418978575611e-02 -4.990200298252582378e+00 7.241020594791549581e-01 3.601983498328464872e-02 6.887674760786761663e-01 7.714422578137254050e+01
6.843714178559905381e-01 -1.952098035111856852e-02 -7.288863450277620615e-01 -4.468716158240784608e+01 -1.257143362012083133e-02 9.991769592263644029e-01 -3.856266127483310574e-02 -5.060838025069548607e+00 7.290394592014997066e-01 3.555048531733075862e-02 6.835628289723325590e-01 7.795267931421473406e+01
6.806688826305419271e-01 -2.059551610973661684e-02 -7.321763667657935626e-01 -4.555673973098185314e+01 -1.166478548185484812e-02 9.991733331182058864e-01 -3.894671659296768118e-02 -5.116693253784723616e+00 7.323729283250922650e-01 3.505429768692785997e-02 6.798660934248365040e-01 7.875415548841677094e+01
6.753898797556200373e-01 -2.122503495862312212e-02 -7.372063615384472079e-01 -4.644722064843139719e+01 -1.042003138086873559e-02 9.992113684392955886e-01 -3.831455126981746229e-02 -5.170838821071784608e+00 7.374386273169405426e-01 3.355368299645995755e-02 6.746361938216862697e-01 7.953915572798243261e+01
6.716374817755544901e-01 -2.199172117493500278e-02 -7.406151828590628039e-01 -4.734002946652879729e+01 -9.568503440981878522e-03 9.992186607003431531e-01 -3.835088841145493227e-02 -5.244211340475098737e+00 7.408798068240485257e-01 3.284595891560479486e-02 6.709022875282224518e-01 8.034020291320257456e+01
6.694098702898303443e-01 -2.545075146593169316e-02 -7.424922418687763814e-01 -4.823470975720331211e+01 -5.645608892648749932e-03 9.992098043904963367e-01 -3.934836294101205778e-02 -5.300228826460964271e+00 7.429072156737072108e-01 3.052930699918421364e-02 6.687374291442890195e-01 8.115030486238093488e+01
6.635451176596179890e-01 -3.054281244675326884e-02 -7.474156391643691499e-01 -4.913751618147068712e+01 -2.121365592072140070e-03 9.990856366759985896e-01 -4.269995944535215360e-02 -5.365102123344353657e+00 7.480361731721013596e-01 2.992399761128467645e-02 6.628735486428993795e-01 8.193068146499754789e+01
6.590370097281302852e-01 -3.454576302586159775e-02 -7.512673991746537938e-01 -5.004742050373319273e+01 1.470000299050065046e-03 9.990016985722423026e-01 -4.464725488622444532e-02 -5.440693598936636732e+00 7.520602412239965062e-01 2.831563844633280813e-02 6.584301265766417943e-01 8.271454096851277882e+01
6.540164877134936328e-01 -3.968066143224596026e-02 -7.554548860743032224e-01 -5.096749519030015563e+01 8.651625430781193296e-03 9.989503798430566794e-01 -4.498825508594109235e-02 -5.504724162282342625e+00 7.564469476498228984e-01 2.288934236491335650e-02 6.536735786295156947e-01 8.352639124483435751e+01
6.447258326216565028e-01 -4.246911187484380540e-02 -7.632381336185644072e-01 -5.189686683960054125e+01 1.319424604488912689e-02 9.989247642866834198e-01 -4.444470390276412247e-02 -5.568693647225297916e+00 7.643054108443794181e-01 1.857954783191417131e-02 6.445934717142494108e-01 8.430636095282090992e+01
6.368200508104825408e-01 -4.371407552684054149e-02 -7.698444613270867265e-01 -5.283824918844347707e+01 1.595213885243268112e-02 9.989250316696758336e-01 -4.352591846161101702e-02 -5.642664317682072550e+00 7.709194144003558291e-01 1.544490787413748192e-02 6.368323224957328499e-01 8.508163553186926720e+01
6.272337870763587953e-01 -4.246317949417829224e-02 -7.776033684684584557e-01 -5.380168775301714845e+01 1.724471334504539682e-02 9.990253227118338630e-01 -4.064024209692160272e-02 -5.701007348032545607e+00 7.785707150051902614e-01 1.208860722480497620e-02 6.273540641734470791e-01 8.585271955390778942e+01
6.179251095851541198e-01 -4.247704837366933495e-02 -7.850861730531774052e-01 -5.477967558483266686e+01 1.747467135216058953e-02 9.990346115941821648e-01 -4.029407177965549369e-02 -5.781129097008077977e+00 7.860405394780712873e-01 1.117085485805182146e-02 6.180712875410619978e-01 8.661118870507580425e+01
6.100089413516176506e-01 -4.356511469579835150e-02 -7.912159113183550030e-01 -5.576053170136624715e+01 1.624345345113429109e-02 9.989648264544764844e-01 -4.248569272542546821e-02 -5.842390318361162294e+00 7.922482746177034185e-01 1.305668008095420274e-02 6.100857591142248015e-01 8.736406479416473303e+01
5.993079553953984950e-01 -4.615199502244383967e-02 -7.992371866733120056e-01 -5.675535504629588246e+01 1.785630767714517855e-02 9.988593472193335598e-01 -4.428051283905910102e-02 -5.911451970696418812e+00 8.003692753997649900e-01 1.227205720479046872e-02 5.994479036268758332e-01 8.809601634951506810e+01
5.898767466263346027e-01 -4.703581249072699005e-02 -8.061283381644060997e-01 -5.776431986625253501e+01 1.717528652042384779e-02 9.988073541414295153e-01 -4.571135670111870636e-02 -5.981355996732609093e+00 8.073166374226672382e-01 1.312624853644659556e-02 5.899805835278904009e-01 8.882477788066404401e+01
5.806940906559092674e-01 -4.848386638485138733e-02 -8.126633256801057970e-01 -5.877934283981979036e+01 2.082956941597761610e-02 9.987832626746966369e-01 -4.468833147346294721e-02 -6.054875372268719858e+00 8.138417910793664944e-01 9.019176177305722464e-03 5.809973046817845654e-01 8.955182985961673126e+01
5.687936776171111930e-01 -4.843532835472303538e-02 -8.211248039144820599e-01 -5.981730856408754704e+01 2.241559024806422454e-02 9.988069580824977534e-01 -4.338719384970150111e-02 -6.123395609958341090e+00 8.222463270687453418e-01 6.280526570029964020e-03 5.692003091055366504e-01 9.026363707409446135e+01
5.573935011637431991e-01 -4.923208091203912923e-02 -8.287496195113569497e-01 -6.086729412498414149e+01 2.313840411894783206e-02 9.987737848748521330e-01 -4.377133644969341542e-02 -6.199622370371415059e+00 8.298881938909358214e-01 5.222719697303965236e-03 5.578490084407751182e-01 9.096172751163898340e+01
5.488748072033314829e-01 -5.009660456844122062e-02 -8.343951496887956898e-01 -6.192141238999206365e+01 2.279648350018888270e-02 9.987288666350497834e-01 -4.496568396477627211e-02 -6.268925974468507967e+00 8.355865264627957423e-01 5.669067422149508782e-03 5.493183065426310296e-01 9.164844737673580255e+01
5.384314182941918325e-01 -5.080160535801776789e-02 -8.411307423442612174e-01 -6.298856511464417451e+01 2.210255857729008511e-02 9.986891162204984962e-01 -4.616338313815226968e-02 -6.338408941924835283e+00 8.423735595414276744e-01 6.263113255437617079e-03 5.388483270652048018e-01 9.232108284450609403e+01
5.276102298029095028e-01 -5.196028875315114592e-02 -8.477290374930260830e-01 -6.406891145770357809e+01 2.123989595356822607e-02 9.986228032389783404e-01 -4.798711911604638253e-02 -6.415901908588195646e+00 8.490538514237632173e-01 7.319970859260355872e-03 5.279866897059151132e-01 9.297010783849643190e+01
5.177085417723030769e-01 -5.117688805533870261e-02 -8.540441694886818924e-01 -6.516271032485342118e+01 1.958540503147958994e-02 9.986567504143610829e-01 -4.797112781856595343e-02 -6.494050603664640597e+00 8.553518964587071283e-01 8.109876174164478216e-03 5.180154417801634548e-01 9.362572290792721219e+01
