1.0 0.0 0.0 0.0 0.0 1.0 0.0 0.0 0.0 0.0 1.0 0.0
0.9999381 0.0110718515 0.001127022 0.3031006 -0.011068851 0.99993527 -0.0026343402 -0.0107421875 -0.0011561181 0.002621703 0.9999959 -0.00024414062
0.99984044 0.017776558 0.0017233136 0.58447266 -0.017767573 0.9998291 -0.0050960034 -0.026977539 -0.0018136391 0.005064572 0.9999855 0.0075683594
0.9997907 0.020422427 0.0012440407 0.8848877 -0.020413628 0.9997691 -0.0067189606 -0.032836914 -0.001380957 0.0066921692 0.99997663 0.010864258
0.99983734 0.018029613 -0.00034226445 1.2025146 -0.018031796 0.99980444 -0.008107422 -0.040039062 0.00019599256 0.008112276 0.9999671 0.010253906
0.99992836 0.011814994 -0.0019267264 1.5203857 -0.011834997 0.99987245 -0.010720104 -0.045776367 0.0017997844 0.010742141 0.99994063 0.010131836
0.9999939 0.00035033288 -0.003466599 1.8410645 -0.0003906858 0.99993205 -0.01164796 -0.044799805 0.0034622827 0.0116492435 0.99992615 0.021484375
0.9998659 -0.015967473 -0.003645776 2.1708984 0.015928194 0.99981743 -0.010560546 -0.025390625 0.0038136586 0.010501057 0.9999376 0.027709961
0.99936247 -0.03550498 -0.0037899027 2.5195312 0.03547662 0.999344 -0.0073067658 -0.004638672 0.004046807 0.0071677193 0.99996614 0.028076172
0.99848545 -0.0547376 -0.005530135 2.869751 0.05471773 0.99849504 -0.0036835242 0.033935547 0.0057234243 0.0033753673 0.99997795 0.03100586
0.99721324 -0.07440457 -0.005272343 3.2340088 0.074392304 0.99722505 -0.002485655 0.076660156 0.005442704 0.002086418 0.999983 0.034301758
0.99529225 -0.09679729 -0.00500197 3.6158447 0.09677524 0.9952969 -0.0044779154 0.115722656 0.0054118773 0.0039728316 0.99997747 0.03527832
0.9932807 -0.11564438 -0.0040104026 4.0062256 0.11562231 0.9932769 -0.005357654 0.16711426 0.0046030073 0.004857851 0.9999776 0.040771484
0.99115705 -0.13262156 -0.0034775292 4.3980713 0.13260427 0.99115384 -0.0047989497 0.2364502 0.0040835193 0.004295268 0.9999824 0.044555664
0.9888324 -0.14900854 -0.0029534542 4.815918 0.14899588 0.98883015 -0.004126481 0.3092041 0.0035353925 0.0036404396 0.9999871 0.04736328
0.98676467 -0.16213968 -0.0033952664 5.241211 0.16213208 0.98676884 -0.0024040705 0.3864746 0.0037401053 0.0018217377 0.99999136 0.051635742
0.9844762 -0.17548312 -0.0040326305 5.678467 0.17546375 0.9844765 -0.004738146 0.46923828 0.0048016747 0.003957006 0.9999806 0.057373047
0.9828486 -0.1843572 -0.0051409453 6.12854 0.18431713 0.9828416 -0.0074094976 0.55578613 0.0064187665 0.0063350545 0.99995935 0.06762695
0.98138 -0.1918849 -0.007353911 6.5915527 0.19183236 0.9813908 -0.0072917263 0.6536865 0.008616415 0.005744948 0.99994636 0.071899414
0.9796749 -0.20036481 -0.009663649 7.070923 0.20030259 0.97971 -0.007034974 0.7583008 0.010877256 0.004956478 0.99992853 0.068237305
0.9785319 -0.20569341 -0.012435154 7.5562744 0.20559886 0.9785941 -0.008469228 0.8675537 0.013911445 0.0057304176 0.9998868 0.07519531
0.9766923 -0.21423346 -0.013622309 8.061768 0.21407215 0.9767442 -0.01238538 0.97302246 0.01595828 0.009180924 0.9998304 0.0847168
0.9747249 -0.22299391 -0.013488683 8.577637 0.22274177 0.9747102 -0.017972881 1.0882568 0.017155992 0.014513493 0.9997473 0.09802246
0.9730002 -0.23031239 -0.014984794 9.10437 0.23002267 0.9730019 -0.01883255 1.2062988 0.018918829 0.014877295 0.9997102 0.11755371
0.97092116 -0.23848526 -0.020749684 9.636841 0.23819749 0.9710911 -0.015417123 1.3613281 0.023827275 0.01002584 0.99966574 0.11694336
0.9686893 -0.24702898 -0.025010452 10.189453 0.24676439 0.9689895 -0.013212707 1.5147705 0.02749842 0.006626852 0.9995997 0.13208008
0.9661987 -0.2565923 -0.025811609 10.748169 0.25627792 0.9665123 -0.014883052 1.6650391 0.028764475 0.0077661807 0.99955577 0.15100098
0.9639906 -0.2644668 -0.027686333 11.321167 0.26409468 0.9643509 -0.016392693 1.8189697 0.031035809 0.008489068 0.999482 0.17712402
0.9617216 -0.27230856 -0.030383706 11.903198 0.2718949 0.9621671 -0.017080668 1.9927979 0.033885717 0.008162643 0.999392 0.1953125
0.9593904 -0.28002125 -0.033914056 12.498535 0.27959752 0.9599672 -0.016748725 2.175171 0.037246495 0.006585327 0.99928427 0.21740723
0.9572561 -0.28655407 -0.039299387 13.10144 0.28606114 0.95804554 -0.017760394 2.359253 0.042739656 0.0057569733 0.9990693 0.2421875
0.9549221 -0.29308683 -0.04660125 13.715454 0.2925327 0.9560499 -0.01845577 2.5559082 0.049963422 0.0039899237 0.9987435 0.27441406
0.9532275 -0.2971611 -0.055103954 14.341675 0.29653203 0.954816 -0.019453865 2.7598877 0.0583952 0.002204638 0.9982915 0.30651855
0.9519141 -0.29964533 -0.06395283 14.979004 0.29902855 0.95405936 -0.019227691 2.9697266 0.0667775 -0.00081770774 0.99776775 0.3433838
0.94969076 -0.304516 -0.07326245 15.629028 0.30392447 0.9525056 -0.01936437 3.1846924 0.075678304 -0.0038785618 0.99712366 0.38476562
0.94810575 -0.30748802 -0.080739036 16.288574 0.30708432 0.9515036 -0.017682677 3.4101562 0.08226131 -0.0080325315 0.9965783 0.43579102
0.9458314 -0.31235117 -0.08826198 16.95581 0.31214994 0.9498648 -0.016435735 3.6418457 0.08897131 -0.0120127 0.9959616 0.49609375
0.94366056 -0.31687284 -0.0954971 17.629517 0.31687996 0.9483487 -0.015485337 3.878296 0.09547347 -0.015636908 0.9953118 0.5587158
0.942203 -0.3190794 -0.101923235 18.319702 0.31949806 0.9474736 -0.012637675 4.128662 0.10060285 -0.020663306 0.99471277 0.6254883
0.9393303 -0.32605374 -0.10653639 19.025757 0.3269009 0.9450096 -0.009909784 4.383301 0.10390832 -0.025522126 0.99425787 0.70288086
0.93787813 -0.32961568 -0.10834092 19.734497 0.33052287 0.9437448 -0.009989563 4.64624 0.10554087 -0.02644024 0.9940637 0.77612305
0.93533015 -0.33698335 -0.10762189 20.458984 0.33803594 0.94108146 -0.00886137 4.914795 0.10426839 -0.028092518 0.99415314 0.86035156
0.933355 -0.3426847 -0.10675119 21.18982 0.3437363 0.9390107 -0.008967902 5.1900635 0.10331394 -0.028321063 0.9942474 0.9425049
0.93146217 -0.34837663 -0.10483305 21.928833 0.3494832 0.9368975 -0.008226007 5.4727783 0.10108361 -0.028986536 0.9944532 1.0273438
0.929346 -0.35480115 -0.10194537 22.672607 0.35580528 0.93449837 -0.00877648 5.7663574 0.09838314 -0.028123744 0.9947507 1.1080322
0.92483974 -0.36776084 -0.09712252 23.429932 0.36895385 0.929431 -0.0060215974 6.0753174 0.092486106 -0.030256089 0.99525636 1.1855469
0.92272455 -0.37425408 -0.09209296 24.187622 0.37559253 0.92676264 -0.0030024175 6.3928223 0.08647201 -0.03182328 0.9957458 1.2668457
0.9196431 -0.38238132 -0.08966854 24.945435 0.38391745 0.92336667 -0.000119088916 6.7197266 0.08284454 -0.03431423 0.9959721 1.3417969
0.9164837 -0.39022687 -0.08787621 25.713867 0.39178142 0.9200263 0.00048149843 7.0582275 0.080661446 -0.034875985 0.9961313 1.4145508
0.9126665 -0.3991352 -0.08774859 26.486816 0.40078908 0.91615444 0.0013318339 7.404785 0.07985635 -0.03639588 0.99613976 1.4866943
0.90951383 -0.40649924 -0.08690063 27.269531 0.4081198 0.91293275 0.0009805092 7.7597656 0.07894039 -0.03635791 0.9962165 1.5561523
0.90514123 -0.41631582 -0.08601326 28.052368 0.41806623 0.90841246 0.0025813994 8.134399 0.07705778 -0.03829897 0.99628985 1.6239014
0.90176815 -0.42390054 -0.08441445 28.852173 0.42569354 0.9048615 0.00362618 8.511963 0.07484892 -0.03920273 0.9964246 1.6882324
0.8992744 -0.43001115 -0.0799622 29.65918 0.43162167 0.90204746 0.0032010167 8.901001 0.07075393 -0.03738967 0.99679327 1.7601318
0.8949304 -0.43989822 -0.0750055 30.468994 0.4414959 0.89726573 0.005369343 9.308472 0.06494055 -0.037906047 0.9971705 1.8234863
0.89266604 -0.44525427 -0.0697588 31.286865 0.4466314 0.894687 0.0047267526 9.727905 0.060311366 -0.035367116 0.99755454 1.8894043
0.8885031 -0.45384616 -0.06770995 32.109375 0.4551511 0.89040095 0.0043972163 10.147827 0.058292653 -0.03471529 0.9976967 1.9494629
0.8854929 -0.45990387 -0.06612274 32.943604 0.46113965 0.8873093 0.0039229915 10.5876465 0.056869544 -0.03397333 0.997803 2.0041504
0.883557 -0.46382594 -0.06456099 33.78296 0.46502185 0.8852768 0.0040106056 11.038574 0.055293884 -0.033571992 0.9979051 2.0570068
0.8801234 -0.4705335 -0.062821075 34.634644 0.47164553 0.88176215 0.0033000845 11.498169 0.05383852 -0.03253505 0.9980194 2.1132812
0.877714 -0.47506765 -0.062107734 35.49292 0.47612906 0.8793303 0.0026332403 11.964355 0.05336232 -0.031884566 0.9980663 2.1707764
0.87631303 -0.47768062 -0.061905406 36.35962 0.4786222 0.87798357 0.0004342054 12.44873 0.054143954 -0.030010896 0.9980822 2.2283936
0.87488115 -0.48017016 -0.06275008 37.229004 0.48116562 0.8765826 0.00085687544 12.941528 0.054594122 -0.030950233 0.99802864 2.2785645
0.8754234 -0.47938922 -0.061779622 38.114258 0.48035842 0.87707 0.0009592087 13.433105 0.05372664 -0.03051703 0.9980893 2.3370361
0.87409055 -0.48197758 -0.059915017 39.022705 0.48295113 0.87560254 0.0020401697 13.9436035 0.0514798 -0.030722966 0.9982015 2.3928223
0.8741608 -0.48213464 -0.05817267 39.937866 0.4829621 0.87563777 0.00019106966 14.456665 0.05084603 -0.028257776 0.998307 2.4505615
0.87404215 -0.48231253 -0.058566555 40.856323 0.48302448 0.8756071 -0.0022620943 14.9729 0.052371714 -0.026313752 0.9982806 2.510254
0.87338275 -0.48355103 -0.05804136 41.79004 0.48417917 0.874954 -0.0036385092 15.493286 0.052543115 -0.024922665 0.99830776 2.5681152
0.87203586 -0.4862808 -0.0557348 42.72461 0.48684353 0.8734928 -0.0039094565 16.021973 0.050584164 -0.023721773 0.99843794 2.6247559
0.86977637 -0.4906637 -0.052092396 43.67334 0.4912087 0.8710234 -0.002640303 16.561768 0.04667296 -0.02329097 0.99863905 2.682373
0.86752665 -0.49534976 -0.046832614 44.597412 0.49576238 0.86854887 -0.0031680814 17.09253 0.04224301 -0.020462405 0.99889755 2.7437744
0.8639746 -0.50145894 -0.04403657 45.526245 0.5017489 0.86491346 -0.0050014365 17.629272 0.04059791 -0.017781664 0.99901724 2.8057861
0.85853636 -0.51075166 -0.04475027 46.449707 0.51095843 0.8595457 -0.0075508594 18.177002 0.04232335 -0.016384836 0.99896955 2.8598633
0.85334074 -0.5193241 -0.046391115 47.365845 0.51945305 0.854462 -0.010179826 18.73706 0.0449259 -0.015412169 0.9988712 2.9189453
0.84667903 -0.52998704 -0.04631639 48.276367 0.5300969 0.8478058 -0.010890079 19.313354 0.04504217 -0.015331013 0.9988679 2.970459
0.8416132 -0.5384265 -0.04185778 49.186768 0.5386042 0.84250253 -0.00787275 19.904785 0.039505135 -0.015914883 0.99909294 3.0184326
0.8373717 -0.5452815 -0.038425952 50.08838 0.5455307 0.8380783 -0.0045963116 20.500732 0.03471009 -0.017117204 0.99925065 3.074829
0.8326719 -0.55239874 -0.041086577 50.984863 0.5527472 0.83344686 -0.0033534477 21.100464 0.03609649 -0.019908745 0.99915016 3.1239014
0.8292327 -0.5569675 -0.044848584 51.86963 0.55729556 0.83020264 -0.0059867622 21.704834 0.040569 -0.0200353 0.9989758 3.173584
0.82702315 -0.55984354 -0.052058205 52.75293 0.5602566 0.82834566 -0.007657702 22.310303 0.047407854 -0.02283218 0.9986143 3.2287598
0.8230729 -0.5653878 -0.052907303 53.63501 0.56574464 0.82447284 -0.009414054 22.925537 0.04894248 -0.022186821 0.9985551 3.28479
0.820521 -0.5695371 -0.04914386 54.523438 0.56987953 0.8217143 -0.008106078 23.545166 0.04499886 -0.021355245 0.9987586 3.3452148
0.8171312 -0.57493305 -0.04372767 55.409668 0.5752597 0.818049 -0.005960253 24.177124 0.03919754 -0.020277215 0.99902576 3.3969727
0.81444377 -0.5789551 -0.04136548 56.29663 0.57930714 0.8152329 -0.004111925 24.81482 0.036102705 -0.020602137 0.999136 3.4489746
0.8120059 -0.5819814 -0.043350756 57.16797 0.5824439 0.81282747 -0.002370542 25.44751 0.036614545 -0.023323601 0.99905735 3.500122
0.80760723 -0.5880552 -0.04426656 58.03076 0.5885081 0.80848366 -0.0033705723 26.091553 0.037771195 -0.023337875 0.9990135 3.5423584
0.80403614 -0.5928963 -0.045526184 58.904053 0.5932931 0.80501163 -0.005690056 26.74231 0.040024653 -0.022432225 0.998947 3.5969238
0.80049556 -0.5976542 -0.045485824 59.77881 0.5979892 0.8015033 -0.007344875 27.396729 0.0408468 -0.021318259 0.998938 3.6461182
0.7955861 -0.60418135 -0.044384997 60.652588 0.60447294 0.7965612 -0.008043068 28.063965 0.040217645 -0.020430049 0.9989823 3.697754
0.7923535 -0.6085441 -0.043271758 61.516113 0.60882187 0.7932811 -0.007960193 28.74292 0.039171517 -0.02003514 0.9990317 3.7497559
0.7863115 -0.616217 -0.04366785 62.37793 0.6164462 0.787285 -0.009610545 29.421997 0.040303353 -0.019365374 0.9989998 3.8032227
0.78053457 -0.6236618 -0.04378962 63.234863 0.6238852 0.7815198 -0.010046016 30.112305 0.040484454 -0.01948106 0.9989898 3.8529053
0.7757849 -0.62950456 -0.04432995 64.09009 0.62967825 0.7768222 -0.011687272 30.813965 0.04179081 -0.018848853 0.99894816 3.9089355
0.7700371 -0.636448 -0.04439303 64.94336 0.63660556 0.77108705 -0.012315328 31.52246 0.042073082 -0.018775586 0.9989384 3.9608154
0.7648368 -0.6426461 -0.04465603 65.79053 0.64270264 0.7659449 -0.014981847 32.23694 0.04383308 -0.017239198 0.9988903 4.019043
0.7576238 -0.651115 -0.04383844 66.63818 0.65111524 0.7587169 -0.016238105 32.973145 0.043835107 -0.01624304 0.99890685 4.0723877
0.7519081 -0.65789896 -0.04181319 67.47778 0.65785474 0.7529217 -0.016749144 33.71045 0.04250288 -0.0149075985 0.99898547 4.123413
0.7464622 -0.66419727 -0.039854325 68.31641 0.6641065 0.7474039 -0.017401246 34.45935 0.041340455 -0.013478728 0.999054 4.180664
0.7399998 -0.6715115 -0.039415933 69.1582 0.67134744 0.7409479 -0.019228851 35.216553 0.042117063 -0.012229473 0.99903786 4.239746
0.7335563 -0.67840356 -0.04084134 69.97925 0.67819965 0.7345865 -0.020781158 35.992554 0.04409776 -0.012449624 0.9989499 4.3009033
0.728396 -0.68381494 -0.040693343 70.81055 0.68363476 0.7294166 -0.020373996 36.779053 0.04361657 -0.012987879 0.9989637 4.351074
0.7228498 -0.68988353 -0.03977793 71.633545 0.6897008 0.72383136 -0.020345245 37.574707 0.04283319 -0.012723933 0.9990016 4.4073486
0.7186533 -0.6940419 -0.04040947 72.45532 0.69391394 0.7196501 -0.01940509 38.37439 0.042551834 -0.014096059 0.9989951 4.4659424
0.7125877 -0.7003926 -0.03983852 73.27905 0.7001769 0.71358943 -0.02146711 39.19519 0.043465026 -0.012601139 0.9989754 4.5198975
0.7076709 -0.7053867 -0.041602686 74.096436 0.7051395 0.7087708 -0.02284744 40.018677 0.045599975 -0.013170366 0.9988725 4.5809326
0.70364404 -0.7092181 -0.0430658 74.90991 0.7088979 0.70484114 -0.02494762 40.839844 0.048050866 -0.012975971 0.99876064 4.6427
0.69776344 -0.71505684 -0.044093225 75.71826 0.7147583 0.6990142 -0.025002176 41.68225 0.048695274 -0.01407454 0.99871397 4.703003
0.69365513 -0.7191675 -0.042364683 76.53613 0.71881825 0.6948337 -0.025713565 42.532104 0.04792493 -0.012619842 0.9987707 4.763916
0.68879455 -0.72387433 -0.03987243 77.353516 0.7235049 0.6898575 -0.025682101 43.390747 0.046091847 -0.01115969 0.99887455 4.8255615
0.68359494 -0.72881085 -0.039410897 78.16577 0.72839606 0.68465054 -0.026711153 44.25769 0.04645129 -0.01044995 0.9988657 4.897827
0.679904 -0.73214245 -0.038919616 78.97046 0.7316756 0.6809497 -0.027837634 45.124146 0.04688735 -0.009552154 0.99885464 4.9553223
0.6746799 -0.73721224 -0.03742684 79.75928 0.73670596 0.67566615 -0.028545331 46.010986 0.04633209 -0.0083162235 0.9988914 5.0117188
0.6709509 -0.74065363 -0.036724012 80.56372 0.7401091 0.6719134 -0.029365646 46.900513 0.046421632 -0.0074727153 0.99889416 5.087036
0.6688073 -0.74267435 -0.03441615 81.37671 0.7419553 0.6696825 -0.032858785 47.79236 0.04745513 -0.0035563405 0.9988673 5.1446533
0.66296893 -0.74778533 -0.0338244 82.16113 0.74681807 0.6638312 -0.038029674 48.691162 0.05088957 -5.1069073e-05 0.9987042 5.2105713
0.6585484 -0.75179917 -0.03222764 82.94873 0.7506276 0.65932703 -0.042095892 49.597412 0.052902382 0.0035272744 0.9985934 5.2877197
0.6538291 -0.75618345 -0.026815763 83.76465 0.7547779 0.6542908 -0.04730773 50.51367 0.05332041 0.010696701 0.99852055 5.35376
0.64477366 -0.76404756 -0.022515811 84.55005 0.76254606 0.6449868 -0.05022908 51.438232 0.052906364 0.015216652 0.9984836 5.420288
0.6370272 -0.7706692 -0.019386495 85.33032 0.7691506 0.6370694 -0.051586293 52.375244 0.05209607 0.017955422 0.9984808 5.4970703
0.6275526 -0.77833945 -0.016027467 86.10693 0.7769397 0.6274631 -0.05047008 53.33423 0.049337488 0.019224789 0.99859744 5.559082
0.618274 -0.7858153 -0.015109708 86.87085 0.78442425 0.6181533 -0.05060916 54.307617 0.049112204 0.019428793 0.99860376 5.642212
0.6102906 -0.7920158 -0.016996246 87.62842 0.7905287 0.61025643 -0.051796436 55.284424 0.051402055 0.01817076 0.9985125 5.7056885
0.5996697 -0.8001329 -0.016213607 88.36621 0.79851764 0.5995642 -0.054521814 56.274414 0.053332414 0.01974777 0.9983813 5.7773438
0.5902064 -0.8070778 -0.017064387 89.10034 0.8053908 0.5901463 -0.055524074 57.279053 0.054878384 0.01903375 0.998312 5.8500977
0.5812435 -0.8136128 -0.012954561 89.83301 0.8119233 0.5809465 -0.0570958 58.289795 0.053972658 0.022658424 0.99828464 5.927368
0.56945646 -0.8220295 -0.0102069555 90.55127 0.8203943 0.5690336 -0.05720323 59.322998 0.052819192 0.024205264 0.99831086 6.0
0.55811495 -0.82967544 -0.009138865 91.255615 0.8280097 0.55763483 -0.05814279 60.36841 0.05333931 0.024885438 0.9982665 6.079956
0.54958934 -0.8353725 -0.009577737 91.94751 0.8336393 0.5491265 -0.059111163 61.4187 0.05463336 0.024510132 0.99820614 6.152832
0.5391236 -0.8421594 -0.010160182 92.62598 0.84035987 0.53869516 -0.059942342 62.48169 0.055951502 0.023774346 0.9981501 6.226074
0.5282672 -0.8488369 -0.011203054 93.281006 0.84693515 0.5278911 -0.061228223 63.55786 0.057896577 0.022865193 0.9980614 6.307373
0.5182912 -0.8551394 -0.011977395 93.94238 0.8532548 0.517997 -0.060564287 64.647705 0.05799328 0.021171607 0.99809253 6.3900146
0.51044255 -0.85995424 -0.011177664 94.59326 0.8582068 0.51016504 -0.058400802 65.73706 0.055910528 0.0202088 0.9982306 6.470337
0.5030847 -0.864342 -0.008524904 95.22974 0.8627296 0.5027076 -0.05689794 66.84619 0.05344444 0.021272192 0.9983442 6.5476074
0.49385893 -0.86954635 -0.007999611 95.85962 0.867923 0.49346367 -0.057216868 67.963135 0.0537006 0.02130823 0.99832934 6.625122
0.48624834 -0.8738146 -0.0069672796 96.488525 0.8720695 0.48575398 -0.059782613 69.0813 0.055633385 0.02298939 0.99818635 6.7094727
0.4802921 -0.8770691 -0.005711489 97.10547 0.8751126 0.47963694 -0.06395177 70.19971 0.05883267 0.025721353 0.9979367 6.791626
0.47405764 -0.8804729 -0.0046653673 97.71387 0.8783745 0.47328135 -0.06668596 71.33838 0.060928896 0.027510382 0.99776274 6.8671875
0.4690102 -0.8832143 -0.004809978 98.31421 0.88091 0.46816644 -0.06984609 72.45801 0.06394297 0.028526 0.99754614 6.9698486
0.464577 -0.8855409 -0.00197382 98.91797 0.883295 0.46355528 -0.07018036 73.5918 0.063058086 0.030860215 0.99753255 7.057129
0.45969364 -0.8880962 0.0013628271 99.49463 0.88606864 0.45853943 -0.0682431 74.7439 0.059990652 0.032570694 0.99766695 7.1427
0.4588442 -0.88859695 0.006660772 100.08472 0.8868378 0.45743567 -0.06675418 75.86963 0.056270923 0.036524415 0.99774647 7.2365723
0.4520785 -0.89187914 0.008893637 100.67041 0.89022195 0.45057797 -0.066234246 77.00195 0.055070005 0.03786449 0.99776447 7.3254395
0.45036036 -0.8927877 0.011192836 101.23682 0.8912636 0.44877285 -0.065352805 78.13599 0.05331977 0.03939755 0.99779934 7.406616
0.4478728 -0.893889 0.013670945 101.802734 0.89247507 0.4461697 -0.065083675 79.26099 0.05207879 0.041349728 0.99778646 7.482788
0.4464211 -0.89461917 0.01661263 102.36206 0.8933821 0.444615 -0.06400409 80.38135 0.04988387 0.04341197 0.9978109 7.5600586
0.44412264 -0.895716 0.01895401 102.91553 0.8945602 0.442188 -0.06438163 81.49707 0.0492729 0.045553774 0.99774635 7.64209
0.44007435 -0.897672 0.021333795 103.45996 0.8966035 0.43801385 -0.06467867 82.60303 0.04870529 0.047600314 0.997679 7.720093
0.43860343 -0.89826405 0.025507549 104.003174 0.89743185 0.43637982 -0.06398027 83.708984 0.046337944 0.05097555 0.99762577 7.7927246
0.43808523 -0.8984201 0.028377473 104.54785 0.89774203 0.43574038 -0.06381849 84.812256 0.044955608 0.05342807 0.9975592 7.8692627
0.43607348 -0.89941597 0.029872658 105.06665 0.89879024 0.43363294 -0.0643498 85.88818 0.044917613 0.054916043 0.99748063 7.935669
0.4350348 -0.9000248 0.030601041 105.58447 0.8993919 0.43250728 -0.06534535 86.95825 0.045554016 0.055955473 0.9973945 8.007446
0.43398264 -0.90027165 0.030011974 106.09912 0.8995378 0.43140593 -0.06671682 88.02344 0.047120098 0.05594847 0.99732083 8.084839
0.4339771 -0.90035707 0.029219389 106.58984 0.8995914 0.43145213 -0.06646642 89.05884 0.047231615 0.055130787 0.9973615 8.154175
0.43755808 -0.89892983 0.026221242 107.088135 0.8980202 0.43518144 -0.06630343 90.10718 0.048177574 0.05255153 0.99745524 8.224121
0.44113043 -0.8971714 0.023899216 107.57861 0.8961567 0.438867 -0.0661999 91.1355 0.04891126 0.050627224 0.99751955 8.297363
0.4472309 -0.89407045 0.021647736 108.08008 0.8929308 0.44504455 -0.06675394 92.156494 0.050058685 0.049187515 0.99753433 8.368164
0.45152912 -0.8919882 0.01984245 108.59448 0.89077735 0.44943336 -0.06664636 93.17334 0.05053203 0.04777603 0.9975795 8.440063
0.459122 -0.888202 0.019305674 109.09546 0.8870952 0.4571505 -0.06438027 94.173096 0.048349556 0.04668617 0.9977391 8.511597
0.4671566 -0.88384783 0.017722959 109.60571 0.88268375 0.46524918 -0.064422704 95.166016 0.048705902 0.045751087 0.9977654 8.577026
0.47737348 -0.8784139 0.017075878 110.13745 0.87730664 0.4755462 -0.06307549 96.1626 0.047282796 0.0450967 0.9978634 8.641846
0.4864895 -0.87362534 0.016127415 110.664795 0.87251675 0.48471802 -0.06256044 97.13452 0.04683566 0.044483494 0.9979103 8.706421
0.49602082 -0.86824834 0.014511462 111.210205 0.8670646 0.49429116 -0.06306753 98.10791 0.047575146 0.043858416 0.9979042 8.771484
0.5068419 -0.86199117 0.010368211 111.75708 0.8605932 0.50524706 -0.06427016 99.05054 0.050154507 0.041500628 0.9978792 8.835571
0.5170998 -0.8558069 0.006986137 112.31079 0.8542737 0.51564586 -0.0645913 99.99805 0.051688608 0.039372396 0.99788696 8.900879
0.5310362 -0.84732735 0.0040615527 112.88599 0.84580004 0.52977836 -0.062749185 100.94141 0.051016666 0.03676001 0.99802136 8.965576
0.5411335 -0.8409488 0.0031354763 113.46631 0.83956945 0.54002404 -0.05938704 101.86157 0.04825472 0.03477237 0.99822986 9.031982
0.55431455 -0.83223253 0.0029703034 114.068115 0.83094096 0.55324835 -0.05778081 102.78784 0.04644256 0.03449893 0.9983253 9.092529
0.5664066 -0.824133 0.0027554976 114.67261 0.8229012 0.5653711 -0.056638874 103.677734 0.04511976 0.034340635 0.99839085 9.156738
0.576538 -0.8170864 0.0023006862 115.28711 0.8158619 0.57551533 -0.056422304 104.56055 0.044774413 0.034406528 0.9984045 9.216919
0.58916026 -0.8080379 0.0007015106 115.913086 0.8067394 0.58816415 -0.057180356 105.43359 0.045791462 0.034251586 0.99836344 9.274902
0.59881103 -0.80089366 0.0012770784 116.53931 0.7995454 0.59770894 -0.058966063 106.278076 0.046469864 0.036328148 0.99825865 9.338013
0.61006397 -0.79241216 0.0010139132 117.178955 0.7910776 0.6089612 -0.058798004 107.11084 0.0459795 0.036667664 0.9982688 9.400024
0.62118906 -0.783646 0.001108184 117.822266 0.7824376 0.62015164 -0.056398384 107.93921 0.04351494 0.0358981 0.9984074 9.45813
0.6294656 -0.7770025 0.003276337 118.45996 0.77596813 0.62839895 -0.054397825 108.74609 0.040205125 0.036777988 0.99851406 9.513672
0.6400939 -0.76824737 0.0028401352 119.12207 0.76730037 0.6391121 -0.052135274 109.535645 0.03824368 0.035551623 0.99863577 9.568848
0.65010035 -0.7598371 -0.0004553211 119.76074 0.75885 0.6492864 -0.050567113 110.31421 0.038717568 0.032526538 0.99872065 9.619751
0.6585386 -0.7525907 -0.0038777024 120.42261 0.7515152 0.657857 -0.05030647 111.076416 0.04040026 0.030212149 0.9987267 9.668701
0.6689259 -0.7433553 -0.0046742074 121.09082 0.74230695 0.6682918 -0.049268097 111.826904 0.03974474 0.029493704 0.9987749 9.715332
0.67782056 -0.73533726 -0.0037262032 121.7522 0.73439765 0.6771944 -0.047369134 112.55469 0.037345875 0.029372226 0.99887073 9.767456
0.6854568 -0.7281383 -0.0018923483 122.41846 0.72732294 0.6848081 -0.04559999 113.276855 0.034497537 0.02987769 0.99895793 9.814209
0.69485873 -0.71911424 -0.0019772917 123.10303 0.7183362 0.6942302 -0.044671655 113.98364 0.033497006 0.029614491 0.99899966 9.866699
0.7016697 -0.7124024 -0.0032181754 123.76489 0.7116449 0.7011177 -0.04317047 114.67139 0.03301818 0.028011478 0.99906266 9.906128
0.7093379 -0.7049054 -0.0036710475 124.45117 0.7041639 0.7088129 -0.042458653 115.35547 0.03252753 0.02753045 0.9990915 9.955688
0.71638894 -0.6976365 -0.002850763 125.11792 0.69701874 0.7159151 -0.03935848 116.01465 0.029496774 0.02621347 0.9992214 9.992676
0.72318274 -0.6905833 -0.0011141561 125.791016 0.6900899 0.7227254 -0.03666369 116.67236 0.026124991 0.025744049 0.9993271 10.035156
0.7312864 -0.6822409 -0.0019328604 126.47095 0.68177885 0.73089 -0.034834396 117.31372 0.02517205 0.02415399 0.9993912 10.07312
0.7369758 -0.6758715 -0.0023723608 127.136475 0.67542297 0.73660606 -0.03400362 117.92944 0.024734044 0.023456084 0.99941874 10.117676
0.7450394 -0.66704684 -0.003966759 127.802 0.66664064 0.7447697 -0.03097317 118.538574 0.023614317 0.02043337 0.9995124 10.14978
0.75490165 -0.6558031 -0.0026821948 128.48828 0.65549004 0.7546562 -0.02807208 119.13745 0.020436363 0.019435268 0.99960226 10.185669
0.7623813 -0.64711285 -0.0015777098 129.14551 0.64690554 0.7621946 -0.023569664 119.71069 0.016452188 0.016947415 0.9997211 10.212891
0.77334964 -0.63396037 -0.0021591412 129.82935 0.63377464 0.7731974 -0.021803439 120.28052 0.015495256 0.015492261 0.99975985 10.24231
0.7825994 -0.62233347 -0.003969002 130.48926 0.6221294 0.7824791 -0.021397151 120.8125 0.016426336 0.014275813 0.9997632 10.266113
0.79260147 -0.60981786 -0.0053079408 131.16235 0.6095943 0.79249835 -0.021544136 121.3418 0.01734247 0.013842023 0.99975383 10.289795
0.8028408 -0.5962786 -0.005599067 131.86133 0.59607095 0.8027534 -0.020480363 121.86841 0.01670556 0.013107212 0.9997746 10.314575
0.8119403 -0.58371866 -0.00439304 132.54028 0.58355004 0.81184936 -0.019084327 122.36206 0.014702795 0.012930745 0.9998083 10.336304
0.8225867 -0.5686146 -0.0023509904 133.25122 0.5685088 0.8225012 -0.01632217 122.86084 0.011215878 0.012090781 0.999864 10.354248
0.83191824 -0.55493826 -0.00091788726 133.94458 0.55485886 0.83182466 -0.0156374 123.33716 0.00944069 0.012500501 0.9998773 10.376221
0.839897 -0.54284567 0.0018207629 134.66089 0.5428188 0.8398107 -0.013309773 123.80176 0.005694768 0.012167442 0.9999097 10.391846
0.8490166 -0.52846605 0.0040430706 135.39673 0.5284706 0.8489249 -0.012933538 124.26074 0.003402126 0.013116552 0.9999081 10.40625
0.8549904 -0.5185613 0.0056109405 136.10742 0.51858854 0.85489684 -0.012769733 124.70776 0.0018272209 0.013827891 0.9999026 10.421509
0.86109835 -0.50835633 0.006236117 136.83472 0.508393 0.86100024 -0.013051435 125.137695 0.0012668874 0.01440849 0.9998952 10.43396
0.8684579 -0.4957408 0.006079871 137.5957 0.495778 0.8683849 -0.0112520335 125.57202 0.00029822811 0.0127859 0.99991816 10.43811
0.8745187 -0.48504007 0.0063113323 138.32544 0.48508027 0.87446845 -0.00941202 125.98535 -0.00095329527 0.011291347 0.9999357 10.44751
0.8809727 -0.4731427 0.0064353454 139.09497 0.47318247 0.8809398 -0.007842971 126.413574 -0.0019576391 0.009954338 0.99994844 10.452637
0.8854544 -0.46470731 0.0067170947 139.84839 0.4647519 0.88541454 -0.008615166 126.809326 -0.0019447738 0.010750298 0.9999403 10.462036
0.891451 -0.45301846 0.006232708 140.62427 0.4530601 0.89139616 -0.009931115 127.19531 -0.0010554967 0.011676842 0.99993116 10.469116
0.8955074 -0.4449916 0.0060556787 141.4126 0.44503206 0.89544684 -0.010451464 127.600586 -0.000770328 0.012053989 0.99992704 10.4748535
0.8984399 -0.43912917 0.0067071356 142.18579 0.43917596 0.8983952 -0.009179072 127.98584 -0.0019950923 0.011192131 0.9999354 10.479126
0.90179974 -0.4321184 0.009711659 142.9856 0.43218893 0.9017918 -0.0068959156 128.37451 -0.005778479 0.010414975 0.9999291 10.485107
0.9050318 -0.42509776 0.012904986 143.80908 0.42516828 0.9050851 -0.0031859488 128.771 -0.010324984 0.008370868 0.9999116 10.485107
0.90779495 -0.4191482 0.014905844 144.6206 0.41919923 0.9078937 -0.00033027958 129.156 -0.013394331 0.006548223 0.99988884 10.477295
0.9111952 -0.41165605 0.015918972 145.46362 0.4116716 0.911324 0.0024496382 129.53247 -0.015515351 0.0043231123 0.9998702 10.473022
0.9133587 -0.40678066 0.01752013 146.30884 0.4067716 0.9135208 0.004244335 129.9253 -0.017731125 0.0032499116 0.99983746 10.460449
0.9173495 -0.39754066 0.020980313 147.18262 0.3975169 0.91758347 0.0054693464 130.30713 -0.021425955 0.0033211354 0.9997649 10.445068
0.92083734 -0.38934362 0.022735761 148.07715 0.3893108 0.9211122 0.006031789 130.68579 -0.023290701 0.003295754 0.9997233 10.437744
0.92353445 -0.382678 0.024704559 148.96289 0.3826744 0.9238522 0.005060552 131.06274 -0.02476089 0.0047794706 0.9996821 10.42395
0.9268376 -0.37466666 0.024508733 149.86768 0.37466377 0.9271499 0.004885292 131.43481 -0.024553481 0.0046548718 0.9996877 10.396484
0.9311857 -0.3636714 0.025332693 150.81738 0.3637185 0.93150735 0.0028825395 131.79224 -0.024646359 0.006528767 0.99967504 10.389038
0.9342052 -0.3559189 0.024572432 151.7456 0.35599864 0.934497 0.0011975439 132.15332 -0.023389567 0.007627514 0.99969745 10.366089
0.93922263 -0.34252164 0.023066651 152.71289 0.34259376 0.93947905 0.00087263994 132.51514 -0.02196947 0.0070820097 0.9997336 10.35083
0.94364005 -0.3302942 0.020833421 153.69116 0.33030847 0.9438606 0.002853982 132.86475 -0.020606538 0.0041889646 0.9997788 10.332642
0.94914466 -0.31406423 0.022019565 154.67944 0.31400773 0.9493992 0.006070099 133.21362 -0.02281258 0.0011525971 0.99973905 10.31604
0.9552911 -0.29468367 0.02383991 155.69604 0.29451647 0.9555842 0.010323375 133.53174 -0.025823385 -0.0028395792 0.99966246 10.290039
0.96115345 -0.27490425 0.024960695 156.7229 0.2746442 0.9614588 0.013376951 133.84546 -0.027675584 -0.0060017644 0.99959886 10.270142
0.96691424 -0.25376755 0.025958676 157.77051 0.25342888 0.967225 0.015649801 134.1355 -0.02907947 -0.008551671 0.9995404 10.250122
0.9720923 -0.23308566 0.026455194 158.8274 0.23270188 0.9723992 0.016802466 134.41333 -0.029641446 -0.010175852 0.9995087 10.226318
0.97700965 -0.21112356 0.029903367 159.9126 0.21068697 0.97741175 0.017105104 134.64722 -0.03283791 -0.010412368 0.9994064 10.201538
0.9815441 -0.18828471 0.033363365 161.01147 0.18772262 0.9820291 0.019276155 134.87427 -0.03639425 -0.012658085 0.99925756 10.165649
0.9853133 -0.16639122 0.03841193 162.13501 0.16564229 0.98594373 0.021936528 135.07397 -0.04152268 -0.01525228 0.9990212 10.140747
0.9886289 -0.14437263 0.0420412 163.2622 0.1434724 0.9893692 0.02371524 135.25708 -0.045017987 -0.017413676 0.99883455 10.099487
0.99167156 -0.12182261 0.041781865 164.40552 0.120862536 0.99235845 0.024799418 135.40405 -0.044483706 -0.019544192 0.99881953 10.057495
0.993972 -0.10192926 0.04035856 165.55273 0.10097599 0.99457353 0.02500487 135.53442 -0.04268842 -0.020779347 0.9988727 10.015503
0.99615264 -0.078200206 0.03957041 166.73071 0.077231124 0.99668866 0.025457323 135.63745 -0.041429803 -0.022303544 0.9988924 9.966797
0.9974015 -0.058061473 0.04267058 167.92725 0.057073556 0.9980814 0.024024913 135.71387 -0.043983273 -0.021527857 0.99880064 9.931641
0.9982857 -0.03840185 0.04416058 169.1167 0.03735885 0.99900866 0.02420383 135.78809 -0.045046326 -0.022512153 0.9987309 9.8897705
0.9988528 -0.015611639 0.04526934 170.33667 0.014507053 0.9995914 0.024627829 135.82129 -0.04563528 -0.023942837 0.99867105 9.846558
0.99890006 0.0041408637 0.04669851 171.5647 -0.005332406 0.99966276 0.025413381 135.82593 -0.04657752 -0.025634455 0.9985853 9.797607
0.9985323 0.024951875 0.048067253 172.80884 -0.026244245 0.99930567 0.026441768 135.81738 -0.04737396 -0.0276646 0.99849385 9.746216
0.99790573 0.043499094 0.047874622 174.05322 -0.04487743 0.9985969 0.028097944 135.78223 -0.04658485 -0.030187625 0.998458 9.69519
0.99679637 0.06466522 0.047074668 175.32617 -0.06608055 0.99738836 0.029155664 135.71191 -0.045066435 -0.032172766 0.99846584 9.6427
0.9953847 0.08487905 0.044787697 176.59521 -0.08623917 0.99584216 0.029374601 135.63501 -0.042109422 -0.03310118 0.998565 9.59314
0.99366254 0.10392782 0.042780057 177.8628 -0.1052686 0.99397755 0.030383326 135.51172 -0.03936442 -0.034694444 0.9986227 9.548462
0.99166185 0.12202786 0.041505747 179.16406 -0.123389736 0.99184585 0.031994887 135.36304 -0.037263766 -0.03684848 0.9986258 9.50354
0.98891205 0.14302391 0.039912585 180.47852 -0.144312 0.9890287 0.031492546 135.18262 -0.034969576 -0.036903914 0.9987066 9.467529
0.98603714 0.16270421 0.035533626 181.8125 -0.16388026 0.9859251 0.03316082 134.99219 -0.029639715 -0.038519595 0.9988187 9.425049
0.98287725 0.18191022 0.029353414 183.1394 -0.18290597 0.9824776 0.035825193 134.77246 -0.022321913 -0.040579494 0.99892694 9.39856
0.9801075 0.1968177 0.02539137 184.45483 -0.19769073 0.9795112 0.0383225 134.51929 -0.017327463 -0.042579897 0.9989427 9.374634
0.9765393 0.21413817 0.022286933 185.78223 -0.21489649 0.97579026 0.040413503 134.25122 -0.0130898785 -0.044256043 0.9989341 9.361572
0.97179854 0.23488912 0.020519372 187.1399 -0.23557673 0.9709075 0.0427603 133.94263 -0.009876587 -0.04638926 0.9988744 9.350586
0.96803546 0.24988762 0.021729521 188.5044 -0.25060838 0.96718603 0.0419015 133.61646 -0.010548945 -0.04600567 0.998886 9.344238
0.9635941 0.2664672 0.020991303 189.8501 -0.26713628 0.9627422 0.04152192 133.25098 -0.009139815 -0.045619383 0.99891675 9.340942
0.95801705 0.2861871 0.017493883 191.1853 -0.28668058 0.95712376 0.04163725 132.86572 -0.004827085 -0.044903364 0.99897945 9.3446045
0.9539308 0.29980293 0.013661007 192.5166 -0.30011415 0.9529382 0.04350967 132.47607 2.2019725e-05 -0.04560495 0.9989596 9.35022
0.94847333 0.31644875 0.015336453 193.8501 -0.31681985 0.9474229 0.044622634 132.06372 -0.0004060904 -0.047182437 0.9988859 9.348267
0.9424279 0.33400017 0.016488602 195.22388 -0.33440658 0.94123954 0.047321618 131.5857 0.00028218958 -0.050110277 0.998744 9.365601
0.93611324 0.3514708 0.014420136 196.56323 -0.35174143 0.9347707 0.050299574 131.10645 0.0041932007 -0.052157227 0.9986304 9.372192
0.928907 0.37015802 0.012435172 197.90894 -0.3702872 0.927487 0.051915668 130.60449 0.007679022 -0.052828677 0.99857426 9.386597
0.9228006 0.385108 0.010483459 199.26611 -0.38510305 0.9213534 0.052753467 130.06104 0.010656982 -0.05271749 0.9985526 9.404175
0.91517526 0.40303686 0.006068408 200.61646 -0.40277094 0.91377234 0.053080827 129.47778 0.015844751 -0.051021956 0.998572 9.436157
0.9061163 0.42308939 0.0027572764 201.94702 -0.42254427 0.9045765 0.05708008 128.89844 0.021647166 -0.05288764 0.99836636 9.475098
0.8959366 0.44416893 0.0011114189 203.29541 -0.4434333 0.8943027 0.059831873 128.26562 0.025580544 -0.054099992 0.9982081 9.518555
0.88414574 0.4672402 0.0018668948 204.61841 -0.46642032 0.88234323 0.062880285 127.593506 0.027727857 -0.05646539 0.99801964 9.560791
0.8693607 0.4941679 0.0030538961 205.9707 -0.4932292 0.867294 0.067273155 126.88208 0.03059398 -0.059989702 0.99773 9.612671
0.85564923 0.517542 0.0031130551 207.26392 -0.5164152 0.85335565 0.07137604 126.145996 0.03428599 -0.062685974 0.9974445 9.667358
0.8408484 0.5411803 0.0037250775 208.52759 -0.53990114 0.8383453 0.07482503 125.3916 0.037383758 -0.06493071 0.99718887 9.7323
0.8243136 0.566068 0.0035309764 209.81836 -0.56467015 0.8218071 0.07562167 124.5708 0.039911214 -0.06432727 0.99713 9.801025
0.8083222 0.58867586 0.0032931145 211.0581 -0.5871246 0.8057604 0.077274844 123.70288 0.04283523 -0.06439744 0.99700505 9.872437
0.7923523 0.6100946 0.00037894328 212.27197 -0.60818046 0.789817 0.079661325 122.81372 0.048289478 -0.063353345 0.99682313 9.953125
0.7762323 0.63035184 -0.002251314 213.48853 -0.6280861 0.77373457 0.0820258 121.89111 0.05345522 -0.062261138 0.99662775 10.040283
0.7591938 0.65094376 -0.0039306553 214.64746 -0.6483972 0.7567309 0.08398915 120.91089 0.05765203 -0.061210506 0.9964572 10.1328125
0.7424379 0.6697823 -0.004967157 215.81177 -0.667035 0.7400265 0.08527746 119.93262 0.060803358 -0.05999445 0.9963446 10.231812
0.72620857 0.68738717 -0.0061198045 216.95654 -0.6844735 0.7238955 0.08594798 118.90259 0.06352429 -0.058226306 0.9962798 10.33667
0.7102687 0.70394194 -0.0064159664 218.07373 -0.70095736 0.70804065 0.086000435 117.82202 0.06507118 -0.056591917 0.9962755 10.448853
0.6955266 0.7184697 -0.00814826 219.15405 -0.7152885 0.6934309 0.08681 116.74365 0.068029806 -0.054551367 0.9961906 10.558716
0.67980313 0.7333336 -0.010566761 220.21436 -0.72990596 0.67789274 0.08785284 115.65674 0.071596906 -0.051999874 0.996076 10.674805
0.66504294 0.7466577 -0.013057707 221.2351 -0.74287754 0.663258 0.09039556 114.52197 0.07616065 -0.05040818 0.99581957 10.801636
0.6504399 0.7595277 -0.013926348 222.27466 -0.75547236 0.64867127 0.092927985 113.37598 0.0796013 -0.049920913 0.9955756 10.925659
0.6343771 0.7728638 -0.013641399 223.26318 -0.7687639 0.6326554 0.09320118 112.20752 0.08067791 -0.04864468 0.99555314 11.065063
0.6187022 0.7855263 -0.010497034 224.24683 -0.78145933 0.61676025 0.0942654 111.01221 0.080506526 -0.05011404 0.9954932 11.202393
0.60149133 0.798827 -0.005277956 225.20801 -0.79491115 0.5991715 0.09514295 109.795166 0.07917754 -0.053027395 0.99544847 11.344116
0.58121437 0.8136814 -6.0880557e-06 226.1272 -0.8099108 0.57852083 0.096158475 108.5791 0.078255996 -0.055891026 0.99536604 11.475342
0.56448257 0.82540655 0.00420498 227.01025 -0.8217617 0.56149745 0.09687111 107.35156 0.07759058 -0.05813412 0.9952886 11.61499
0.54523426 0.8383151 0.00681133 227.87085 -0.83447903 0.5419233 0.100298196 106.10498 0.08039882 -0.06036779 0.99493265 11.757935
0.5284319 0.84894377 0.010031478 228.6753 -0.8449754 0.5247397 0.10350005 104.87402 0.08258878 -0.06316521 0.9945796 11.897583
0.50848097 0.8610122 0.012643529 229.45581 -0.8571219 0.504663 0.103482224 103.60718 0.08273143 -0.06345078 0.9945492 12.043091
0.48817936 0.87273484 0.016235182 230.20752 -0.86911726 0.48426223 0.10184622 102.338135 0.08100035 -0.063814856 0.9946679 12.188232
0.4677442 0.88348943 0.020288495 230.91016 -0.8802029 0.4637111 0.0998328 101.09253 0.078811005 -0.064568296 0.99479735 12.322388
0.4453551 0.8949617 0.023829058 231.59326 -0.8919218 0.44122586 0.09830225 99.79736 0.07745887 -0.06503968 0.9948724 12.464355
0.42478555 0.90496546 0.025656432 232.2373 -0.9020965 0.42070854 0.09636754 98.50708 0.076408274 -0.06405609 0.9950147 12.596558
0.40282166 0.91466874 0.027983401 232.82275 -0.9118861 0.39866173 0.095929205 97.25513 0.07660214 -0.064173974 0.99499524 12.723877
0.3803836 0.9245567 0.027569551 233.38428 -0.92168415 0.37635505 0.09542046 95.96069 0.0778605 -0.06168088 0.99505216 12.851807
0.35754108 0.93353415 0.027255327 233.92139 -0.9305795 0.35363638 0.09499926 94.66235 0.07904703 -0.059312485 0.99510336 12.987549
0.33767217 0.94102293 0.026381206 234.39575 -0.9380038 0.33394963 0.094162256 93.398926 0.07978266 -0.05652307 0.99520713 13.113892
0.3152743 0.9487056 0.026330438 234.85767 -0.945807 0.31176946 0.09154653 92.098145 0.078644395 -0.05376178 0.99545187 13.246338
0.29596937 0.9549476 0.02656851 235.27856 -0.9520263 0.29252985 0.091107525 90.81763 0.0792081 -0.052249737 0.9954873 13.373047
0.27631924 0.96074003 0.028096624 235.6748 -0.9573853 0.27253467 0.09644458 89.546875 0.08497959 -0.053541996 0.9949426 13.50647
0.25458243 0.96658033 0.030408712 236.04517 -0.96245664 0.25018093 0.105360046 88.27881 0.09423759 -0.0560928 0.99396855 13.639282
0.23730707 0.97091866 0.03278037 236.37964 -0.9660905 0.23231257 0.11301312 87.026855 0.10209635 -0.058477703 0.9930532 13.780151
0.2181937 0.97519726 0.036732897 236.68506 -0.97008157 0.21264191 0.11702125 85.781494 0.10630255 -0.06116816 0.9924505 13.930908
0.19598871 0.9798095 0.040194023 236.97437 -0.9748015 0.19019456 0.11681822 84.51636 0.106799714 -0.062096193 0.9923414 14.081177
0.17901413 0.98288727 0.044642277 237.22485 -0.9780292 0.17281032 0.11702895 83.29639 0.10734759 -0.0645996 0.9921204 14.244629
0.15691797 0.9863463 0.050336298 237.46216 -0.9817175 0.15020515 0.11709284 82.08374 0.10792453 -0.06781893 0.991846 14.39502
0.13949299 0.9888245 0.051487587 237.6521 -0.9843499 0.13285689 0.11530252 80.829346 0.10717927 -0.066805944 0.99199635 14.544556
0.119427666 0.99136394 0.054252323 237.8269 -0.98703134 0.1126445 0.11438068 79.606445 0.10731039 -0.06718615 0.99195117 14.687622
