1 0 0 0 0 1 0 0 0 0 1 0
0.99984002 0.00046350805 0.017880658 0.0077540882 -0.00046049559 0.99999988 -0.00017259429 -0.0026198444 -0.017880738 0.00016433273 0.99984011 0.10611625
0.99923333 0.0025280429 0.039068675 0.040199375 -0.0025288545 0.9999968 -2.8647504e-05 0.0054127605 -0.039068626 -7.0173427e-05 0.99923653 0.25149413
0.99782239 0.0049275406 0.06577378 0.019998518 -0.0050324751 0.99998631 0.0014297913 -0.00174678 -0.06576584 -0.0017576827 0.99783354 0.4002375
0.99518355 0.0042265183 0.097937933 0.10994884 -0.0046473469 0.99998092 0.0040691607 -0.0017897075 -0.097918875 -0.0045047134 0.99518421 0.58064579
0.99073796 0.0012087673 0.13578227 0.17540145 -0.0019802149 0.99998266 0.0055465826 -0.00095909595 -0.13577323 -0.005764088 0.99072317 0.7822704
0.98428534 -0.0018009075 0.1765761 0.26168705 0.00070541153 0.99998012 0.0062666774 -0.0052290066 -0.17658389 -0.0060436399 0.98426704 0.97479737
0.975387 -0.00248279 0.22048592 0.34444249 0.00093214582 0.9999741 0.0071366136 -0.0055289762 -0.22049795 -0.006755435 0.97536405 1.1613998
0.96371765 -0.0024349352 0.26691263 0.43704661 -0.00037440289 0.99994508 0.010473914 0.0061614921 -0.2669235 -0.010193829 0.96366381 1.3753795
0.94952243 -0.0063842402 0.31363418 0.5667229 0.0010486649 0.9998519 0.01717786 0.014440366 -0.31369742 -0.015981866 0.9493885 1.6329801
0.93233552 -0.016058249 0.36123759 0.7058928 0.0075030679 0.99965746 0.025073173 0.0035565284 -0.36151652 -0.020666219 0.93213665 1.8381757
0.91146155 -0.021725856 0.41081116 0.86415399 0.010267149 0.99949479 0.03007895 -0.00018945075 -0.41125714 -0.023197947 0.91122414 2.0675178
0.88663847 -0.023734949 0.46185372 1.0374198 0.0089120082 0.99937357 0.034249701 0.0007467691 -0.46237736 -0.026251058 0.88629458 2.3203326
0.85804406 -0.025473078 0.51294395 1.2456427 0.0063636154 0.99921985 0.038976856 0.020294284 -0.51353668 -0.030179682 0.85753675 2.5203043
0.82553587 -0.030847639 0.56350592 1.4575837 0.0076957828 0.99902749 0.043414796 0.023415635 -0.5642972 -0.031503852 0.82497042 2.7477829
0.78969285 -0.036339765 0.61242518 1.6826685 0.0095874015 0.99885325 0.046906938 0.026015614 -0.61342752 -0.031170508 0.78913567 2.9595318
0.75202342 -0.041096812 0.65785393 1.9616893 0.010957815 0.99869594 0.049863175 0.036872918 -0.65904533 -0.030289633 0.75149307 3.1884374
0.71163697 -0.044522808 0.70113515 2.2350946 0.012441645 0.99863205 0.05078617 0.05237567 -0.70243723 -0.027418042 0.71121743 3.4044968
0.67093782 -0.046115844 0.74007819 2.5385628 0.011281469 0.99858355 0.051996342 0.060965266 -0.74142782 -0.026537143 0.67050772 3.6017259
0.62723335 -0.046559256 0.77743843 2.8835955 0.0070062202 0.99850844 0.05414612 0.086464211 -0.7787999 -0.028515347 0.626624 3.8257308
0.58692163 -0.047415704 0.8082541 3.216366 0.004254364 0.99845051 0.055484104 0.10630219 -0.80963261 -0.029126214 0.58621392 4.0764335
0.54694681 -0.04862472 0.83575401 3.5969051 0.0022489217 0.99839353 0.056615421 0.12643356 -0.83716437 -0.029086079 0.54617751 4.2477645
0.50704281 -0.051254536 0.86039555 4.0024936 0.0011091448 0.99826834 0.058814107 0.13480826 -0.86192019 -0.028866967 0.50622163 4.4201326
0.47050951 -0.051002796 0.88091966 4.4411688 -0.0018995192 0.9982673 0.058811452 0.16377034 -0.88239292 -0.029344671 0.46959737 4.6476244
0.43407487 -0.050186748 0.89947776 4.8974356 -0.0030921086 0.99835818 0.05719603 0.18987414 -0.90087153 -0.027608642 0.43320701 4.8456356
0.39986079 -0.048973627 0.91526655 5.4020217 -0.0019093315 0.99852487 0.054262718 0.2045355 -0.91657393 -0.02344508 0.39917743 5.0212751
0.37041302 -0.047366401 0.92765864 5.9112892 0.00013261886 0.99870166 0.050940914 0.23190773 -0.92886719 -0.018746152 0.36993838 5.1864873
0.34508932 -0.045535605 0.93746456 6.4616862 0.0010535641 0.99884057 0.048129005 0.25277631 -0.9385693 -0.015621126 0.34473718 5.3512698
0.32332595 -0.044760214 0.94522843 6.9990524 0.0019922714 0.99891067 0.046620796 0.27586773 -0.9462856 -0.013190561 0.32306292 5.5467996
0.31130203 -0.045317858 0.94922983 7.5967804 0.0030693333 0.99890505 0.046682844 0.29837666 -0.95030611 -0.011618961 0.31110026 5.747417
0.29792768 -0.046881903 0.95343647 8.2706009 0.0045856745 0.99885203 0.047682132 0.3266461 -0.95457747 -0.0098336772 0.29780066 5.8958618
0.28598622 -0.048775614 0.95699151 8.8768846 0.0029404998 0.99874364 0.050024887 0.35375417 -0.95822926 -0.011492394 0.28577035 6.0857448
0.2760313 -0.050352387 0.95982878 9.5387152 0.0012008771 0.99864411 0.052043276 0.38552141 -0.96114794 -0.013212936 0.2757175 6.3158377
0.2667857 -0.052102859 0.9623464 10.201141 0.00060218372 0.99854638 0.053895839 0.41207619 -0.96375573 -0.013799129 0.26642927 6.4837042
0.25748729 -0.054180661 0.96476146 10.926316 -0.00021108236 0.99842359 0.05612745 0.43815942 -0.9662817 -0.014655749 0.25706995 6.6678947
0.24366229 -0.055462725 0.96827295 11.671498 -0.00060019131 0.99835471 0.057336845 0.47055157 -0.96985999 -0.014551975 0.2432281 6.8234381
0.23538589 -0.057307691 0.97021092 12.423959 -0.0010501519 0.9982445 0.059218337 0.50532728 -0.97190147 -0.014958029 0.23491249 7.0483721
0.22567558 -0.060151399 0.97234369 13.164933 -0.002342638 0.99805561 0.062285709 0.53427289 -0.97419974 -0.016334212 0.22509587 7.1780413
0.21434692 -0.063532278 0.97468916 13.935775 -0.0043448282 0.9978105 0.065994859 0.58107151 -0.97674797 -0.018380652 0.21360157 7.4101858
0.20136845 -0.067048416 0.97721808 14.76302 -0.00470909 0.99757671 0.069415621 0.62301248 -0.97950429 -0.018579924 0.20056474 7.530018
0.18725907 -0.069814791 0.97982644 15.479917 -0.0053527855 0.99738385 0.072088789 0.65453957 -0.98229602 -0.01874408 0.18639547 7.6705699
0.17438038 -0.070594108 0.98214453 16.356965 -0.0054911494 0.99734155 0.072661388 0.69625916 -0.9846631 -0.018063822 0.17352916 7.8002483
0.15972854 -0.069653751 0.9847005 17.112242 -0.0073434421 0.99739612 0.07174297 0.73427052 -0.9871337 -0.018690491 0.15880113 7.9304466
0.14306964 -0.068241123 0.98735715 17.94557 -0.008841338 0.99749216 0.070222726 0.76785048 -0.98967317 -0.018776298 0.1421075 8.0829134
0.12011399 -0.067032956 0.99049439 18.786535 -0.011361936 0.99755963 0.06888893 0.81231327 -0.99269513 -0.019528458 0.11905924 8.1624293
0.094396129 -0.065533318 0.99337539 19.587694 -0.015724073 0.99760842 0.067306761 0.85738186 -0.99541057 -0.021973405 0.09313992 8.1897709
0.066632961 -0.065313946 0.99563751 20.389575 -0.019765284 0.99757303 0.066763705 0.89640346 -0.99758181 -0.024127721 0.065180294 8.3111774
0.033008343 -0.064697371 0.99735882 21.247853 -0.023567889 0.99757478 0.065491376 0.92601614 -0.99917721 -0.025667403 0.031403508 8.3295075
0.00029845656 -0.064182173 0.99793811 22.094478 -0.024529045 0.99763747 0.064170172 0.95970164 -0.99969912 -0.024497621 -0.0012765775 8.3017906
-0.033629688 -0.063171352 0.99743588 22.937357 -0.025254096 0.99773548 0.062338856 1.0023344 -0.99911529 -0.023092905 -0.03514887 8.2911634
-0.069856095 -0.060887469 0.99569712 23.794623 -0.028163533 0.99785803 0.059043713 1.0269499 -0.99715948 -0.023917785 -0.071421273 8.1717616
-0.1014679 -0.057894841 0.99315274 24.631224 -0.029264338 0.99804691 0.055190278 1.0733426 -0.99440834 -0.023463916 -0.10296398 8.1764947
-0.13336766 -0.053535973 0.98961957 25.377999 -0.027069466 0.99836417 0.050360975 1.0890157 -0.99069692 -0.020071947 -0.13459868 7.9889667
-0.16781795 -0.048037728 0.98464686 26.236331 -0.02210837 0.99874423 0.044957462 1.113075 -0.98557011 -0.014224268 -0.16866925 7.8270553
-0.19646328 -0.042067111 0.97960832 27.09432 -0.016776305 0.9990772 0.039538623 1.1251302 -0.98036769 -0.0086663201 -0.19698772 7.63602
-0.22519543 -0.03593975 0.97365049 27.958771 -0.011372204 0.99934832 0.034258043 1.1349097 -0.97424728 -0.0033577962 -0.22545739 7.4642659
-0.25429767 -0.029148364 0.9666866 28.747232 -0.0024277675 0.9995618 0.029500994 1.1542118 -0.96712299 0.0051551447 -0.25425701 7.2301442
-0.28206677 -0.019099454 0.9592046 29.492734 0.00472238 0.99976207 0.021295703 1.1527658 -0.95938319 0.01053654 -0.28190947 6.9486736
-0.30495525 -0.0039117063 0.95235861 30.352725 0.0088165372 0.99993712 0.0069302784 1.1491446 -0.95232591 0.010509931 -0.30490159 6.7284656
-0.33005775 0.012829788 0.94387351 31.122728 0.0091123156 0.99990435 -0.010404964 1.117529 -0.9439168 0.0051666352 -0.33014309 6.4237499
-0.35425525 0.026696451 0.93476759 31.831843 0.0086973286 0.99964325 -0.025253177 1.0895001 -0.93510836 -0.00081608904 -0.35436106 6.1640518
-0.37720484 0.038154037 0.92534356 32.58572 0.012509732 0.99926978 -0.036102745 1.0623179 -0.9260454 -0.0020423294 -0.37740669 5.8726928
-0.39997584 0.043057001 0.91551371 33.394158 0.015438424 0.99907069 -0.040241876 1.0122643 -0.91639568 -0.0019616891 -0.40026888 5.4711914
-0.42245424 0.042152921 0.90540349 34.125747 0.018037001 0.99911114 -0.038099748 0.95830501 -0.90620481 0.00023536488 -0.42283905 5.1336341
-0.44270594 0.039011178 0.89581779 34.843795 0.022105268 0.99922432 -0.032590091 0.92520739 -0.89639438 0.0053744667 -0.44322489 4.7525253
-0.46100955 0.03744026 0.88660496 35.594475 0.029336515 0.99920646 -0.026941126 0.88595592 -0.88691016 0.013589784 -0.46174209 4.3341162
-0.47479728 0.038427308 0.87925583 36.267984 0.033517601 0.99911108 -0.025566033 0.84776105 -0.87945675 0.017331864 -0.47566322 3.9563621
-0.48643331 0.041642991 0.87272472 36.963846 0.035541811 0.99897985 -0.027857339 0.79301011 -0.87299455 0.01746748 -0.48741714 3.5591875
-0.49569788 0.04441616 0.86735849 37.637314 0.037570569 0.99885317 -0.029678121 0.75006288 -0.86768204 0.017875771 -0.49679815 3.1616604
-0.5061613 0.043638706 0.86133405 38.339303 0.031145073 0.99899249 -0.032310703 0.69746823 -0.86187632 0.010471885 -0.50701047 2.7528344
-0.51785962 0.042424792 0.85441295 39.059285 0.029665075 0.99905941 -0.031627028 0.67171937 -0.85495114 0.0089678649 -0.51863106 2.3587566
-0.52687099 0.044116234 0.84879954 39.726081 0.032297625 0.99896995 -0.031873379 0.63975661 -0.84933143 0.010621052 -0.52775314 1.9244712
-0.53326398 0.047334619 0.84462353 40.391311 0.035914532 0.99879991 -0.033299908 0.58996927 -0.84518621 0.012576618 -0.53432402 1.4900046
-0.5377249 0.050273449 0.84162013 41.10294 0.036685849 0.99867041 -0.036215521 0.54871227 -0.84232187 0.011401563 -0.53885427 1.0367962
-0.53730146 0.05186425 0.84179402 41.81285 0.035698295 0.99861144 -0.038740458 0.50193124 -0.84263446 0.0092353079 -0.53840685 0.58486106
-0.53357837 0.052715429 0.84410612 42.535004 0.03853575 0.99853441 -0.038000349 0.46568256 -0.84487228 0.012252099 -0.53482779 0.12641255
-0.52814448 0.051606568 0.84758487 43.28203 0.036785031 0.998605 -0.037880295 0.417482 -0.84835743 0.011172168 -0.52930607 -0.30237221
-0.52138488 0.050211975 0.851843 44.035708 0.034470807 0.99869176 -0.037769551 0.37522075 -0.85262514 0.0096712441 -0.52243363 -0.7580114
-0.51371798 0.049601042 0.85652409 44.825875 0.032370344 0.99873717 -0.038421775 0.32532373 -0.85734827 0.0079880237 -0.51467484 -1.2414398
-0.50779795 0.04810625 0.86013195 45.630299 0.029524693 0.99882492 -0.03843264 0.27885897 -0.86097015 0.005879117 -0.50862157 -1.6958247
-0.50384249 0.045892774 0.86257552 46.462392 0.025525782 0.99894258 -0.038238126 0.22609672 -0.86341834 0.0027519225 -0.50448117 -2.1467526
-0.50146241 0.043031634 0.8641086 47.285581 0.020539041 0.99907296 -0.03783342 0.17934002 -0.86493564 -0.0012240751 -0.50188136 -2.6270401
-0.50184232 0.040671204 0.86400236 48.09889 0.017768406 0.99916786 -0.036713349 0.13429188 -0.86477663 -0.0030723672 -0.50214739 -3.1042227
-0.5036338 0.039296316 0.86302302 48.967224 0.016362038 0.99921966 -0.035949417 0.086602596 -0.86376232 -0.0039845253 -0.50388376 -3.5756489
-0.5038999 0.038782576 0.86289092 49.815656 0.01619708 0.99924011 -0.035452218 0.030609919 -0.86361021 -0.0038880558 -0.50414516 -4.0735694
-0.50387181 0.038164021 0.8629349 50.708638 0.016319881 0.99926576 -0.03466411 -0.010172064 -0.8636243 -0.0033832717 -0.50412468 -4.5949373
-0.50384496 0.03748224 0.86298046 51.586544 0.016272173 0.99929267 -0.033902361 -0.0635851 -0.86364086 -0.0030389656 -0.50409849 -5.0971006
-0.50418918 0.037127709 0.86279472 52.478675 0.01600991 0.99930556 -0.03364636 -0.12070148 -0.86344485 -0.0031508636 -0.50443347 -5.6074815
-0.50378237 0.035577341 0.86309763 53.365385 0.014517546 0.9993591 -0.032720348 -0.16822906 -0.86370865 -0.003953874 -0.503976 -6.1520243
-0.50437776 0.034998287 0.86277351 54.27041 0.014018497 0.99937847 -0.032344427 -0.22242652 -0.86336934 -0.0042190211 -0.5045549 -6.6520041
-0.50448571 0.034000554 0.86275029 55.162625 0.012803003 0.99940907 -0.031899762 -0.27813833 -0.86332515 -0.0050471784 -0.50462291 -7.1415007
-0.5023894 0.032687836 0.86402334 56.044172 0.01212582 0.99945322 -0.030760833 -0.33069597 -0.86455648 -0.0049769244 -0.50251107 -7.6711696
-0.50083285 0.030476948 0.86500726 56.955023 0.01272621 0.99953115 -0.027848267 -0.38849602 -0.8654505 -0.0029390621 -0.50098589 -8.1744093
-0.49876857 0.029570033 0.8662306 57.825855 0.013469284 0.99956161 -0.026365973 -0.43056194 -0.86663057 -0.0014830124 -0.49894821 -8.6811428
-0.49572311 0.028998433 0.86799633 58.726261 0.013063198 0.99957831 -0.025933836 -0.48936408 -0.86838241 -0.0015171929 -0.49589288 -9.1872441
-0.49437504 0.029520468 0.86874726 59.616878 0.014031301 0.99956396 -0.025980939 -0.53293863 -0.8691355 -0.00065467249 -0.49457368 -9.6774078
-0.49339353 0.029980595 0.86928932 60.506244 0.014203551 0.99955025 -0.026411425 -0.58097482 -0.86969026 -0.00068423039 -0.49359746 -10.177163
-0.49346794 0.031034989 0.86921007 61.391293 0.013237305 0.99951543 -0.028172434 -0.63499479 -0.86966328 -0.0023961938 -0.49363964 -10.687463
-0.49587024 0.033011845 0.8677689 62.262774 0.01201903 0.99944236 -0.031152944 -0.68828702 -0.86831349 -0.005018077 -0.4959905 -11.167477
-0.50062311 0.033586686 0.86501351 63.146543 0.010680696 0.99941064 -0.032623636 -0.74181243 -0.86559949 -0.0070931995 -0.5006868 -11.67755
-0.50702726 0.031944318 0.86133783 64.023392 0.010237667 0.99946569 -0.031040634 -0.79798708 -0.86186925 -0.0069203574 -0.50708339 -12.157647
-0.51232088 0.030202538 0.85826282 64.879268 0.014063557 0.99954244 -0.026779283 -0.85047904 -0.85867898 -0.0016493569 -0.51251122 -12.683697
-0.51669825 0.028228658 0.85570205 65.747376 0.011517006 0.99959505 -0.026021217 -0.89004098 -0.85609015 -0.0035899913 -0.51681412 -13.196175
-0.52254748 0.03058361 0.85206145 66.578996 0.012712691 0.99952483 -0.028080242 -0.94716464 -0.85251544 -0.0038412652 -0.52268798 -13.709069
-0.5269711 0.032493028 0.8492618 67.410063 0.01254826 0.99945742 -0.030453302 -0.99815555 -0.8497906 -0.0053912512 -0.52709291 -14.215058
-0.53258978 0.032570318 0.84574656 68.235163 0.010898247 0.99944035 -0.031626252 -1.0547771 -0.84630338 -0.0076266628 -0.53264667 -14.729165
-0.53587268 0.033137297 0.84364823 69.084147 0.010110723 0.9994097 -0.032833204 -1.1028709 -0.8442383 -0.0090645227 -0.5358914 -15.246479
-0.53881637 0.032315387 0.84180317 69.885604 0.0097442835 0.99943621 -0.032129586 -1.1652149 -0.84236692 -0.0091091773 -0.53882748 -15.771687
-0.54066651 0.025443516 0.84085212 70.725196 0.011437677 0.99967245 -0.022894884 -1.2176399 -0.8411593 -0.0027611016 -0.54078043 -16.310964
-0.54293337 0.017955829 0.83958376 71.546535 0.012761839 0.99983235 -0.013130303 -1.2433952 -0.83967884 0.0035857539 -0.54307149 -16.844087
-0.54463177 0.016128772 0.83852015 72.365339 0.013738793 0.99985248 -0.010308409 -1.2808775 -0.83856278 0.0059059685 -0.54477301 -17.368171
-0.54611652 0.020266411 0.837464 73.169715 0.012796386 0.99979249 -0.015850098 -1.316479 -0.83761152 0.0020605134 -0.54626254 -17.886078
-0.54723584 0.025271759 0.8365968 73.960739 0.013007712 0.99968013 -0.021689526 -1.3643724 -0.83687741 -0.00098707536 -0.54738953 -18.402308
-0.54827106 0.030674722 0.8357379 74.771044 0.019619765 0.99952384 -0.023815081 -1.3998158 -0.83607055 0.0033398623 -0.54861183 -18.927905
-0.54713204 0.031691704 0.83644612 75.566775 0.023119888 0.99947392 -0.022745517 -1.4391937 -0.83672699 0.0068937403 -0.54757691 -19.457332
-0.54764501 0.028864916 0.83621271 76.378078 0.022712475 0.99954933 -0.019628419 -1.483472 -0.8364025 0.0082430553 -0.5480538 -19.979369
-0.54659043 0.023728753 0.83706379 77.155924 0.020806249 0.99967468 -0.014752205 -1.5080113 -0.8371416 0.0093527442 -0.54690632 -20.495097
-0.54567546 0.018108379 0.83780088 77.955039 0.019468567 0.9997706 -0.008928977 -1.5373011 -0.83777045 0.01143846 -0.54590282 -21.005214
-0.54598872 0.011514535 0.83771336 78.770761 0.01027239 0.99992239 -0.007048988 -1.5771043 -0.83772958 0.004756651 -0.54606463 -21.514256
-0.54379783 0.0056488994 0.8391972 79.557402 0.0012068264 0.99998158 -0.0059491672 -1.6001594 -0.83921542 -0.0022223781 -0.54379463 -21.997433
-0.54201551 0.0063456078 0.84034449 80.358566 0.0043275266 0.99997931 -0.0047598204 -1.626173 -0.84035738 0.0010567175 -0.54203175 -22.517941
-0.53934448 0.0096485959 0.84202991 81.128141 0.0096440018 0.99993955 -0.0052807774 -1.6575681 -0.84203003 0.0052723807 -0.53940493 -23.009349
-0.53407841 0.013161851 0.84533245 81.90904 0.011149484 0.99990151 -0.008524286 -1.680797 -0.84536146 0.0048723842 -0.53417256 -23.504581
-0.52583485 0.015143064 0.85045184 82.700811 0.016114047 0.99983943 -0.00783972 -1.7080942 -0.85043407 0.0095818241 -0.52599443 -23.991357
-0.51791341 0.017907803 0.85524555 83.509302 0.023940912 0.99969267 -0.006434386 -1.7410621 -0.855098 0.017142904 -0.51818297 -24.482579
-0.50688659 0.017451487 0.86183605 84.319502 0.022189435 0.99972791 -0.0071930285 -1.7662505 -0.86172715 0.015477606 -0.50713591 -24.958349
-0.49844138 0.014432786 0.86680322 85.108702 0.017915079 0.99981937 -0.0063458017 -1.7922991 -0.86673831 0.012365839 -0.49860991 -25.390777
-0.4857841 0.011462823 0.87400363 85.939068 0.019378863 0.99980947 -0.0023417469 -1.8146129 -0.87386402 0.015799614 -0.48591368 -25.845796
-0.47452138 0.010229737 0.8801845 86.761555 0.018695138 0.99982404 -0.0015413746 -1.8407892 -0.88004546 0.015723756 -0.47462913 -26.287054
-0.46353331 0.0096420856 0.88602699 87.588076 0.01904827 0.99981815 -0.00091512327 -1.8575922 -0.88587476 0.016453092 -0.46363268 -26.697625
-0.45186958 0.010874778 0.89201769 88.384784 0.021685136 0.99976413 -0.0012032933 -1.876083 -0.89182044 0.018799794 -0.45199882 -27.104944
-0.43960899 0.013686024 0.89808494 89.219823 0.020897495 0.99976909 -0.0050063595 -1.9134033 -0.89794615 0.016566886 -0.43979349 -27.502074
-0.42760488 0.022988976 0.90367334 90.053079 0.022199504 0.99964214 -0.014925894 -1.9385448 -0.90369316 0.013678716 -0.4279622 -27.900066
-0.41502652 0.029063628 0.90934494 90.881719 0.024266216 0.99948768 -0.020869544 -1.9607462 -0.90948568 0.013404947 -0.41551916 -28.263036
-0.4041297 0.024708799 0.91436786 91.725706 0.020054139 0.99963415 -0.018149463 -1.9946297 -0.91448187 0.011002124 -0.40447736 -28.615685
-0.39152716 0.021719501 0.91991015 92.577435 0.023013939 0.9996398 -0.013806886 -2.0300518 -0.91987875 0.015764986 -0.39188598 -28.978685
-0.38186993 0.022055686 0.92395283 93.411588 0.01943393 0.99968579 -0.01583146 -2.0665633 -0.92401177 0.011910477 -0.38217858 -29.302749
-0.37521462 0.026394929 0.92656205 94.25093 0.014703233 0.99963821 -0.022522518 -2.1060058 -0.92682138 0.0051726801 -0.37546696 -29.634716
-0.36906625 0.030751931 0.92889415 95.091383 0.006074943 0.99951092 -0.030676082 -2.1458741 -0.92938327 -0.0056785267 -0.36907256 -29.947111
-0.36572848 0.033691288 0.93011155 95.936759 0.0053465929 0.99940416 -0.034098932 -2.1872644 -0.93070627 -0.0074980223 -0.3656907 -30.271297
-0.36278324 0.032957494 0.93129053 96.777447 0.0033744596 0.9994143 -0.034053811 -2.2353723 -0.93186748 -0.009211549 -0.36268197 -30.595429
-0.35714849 0.033434402 0.93344899 97.635075 0.0036668462 0.99940163 -0.034393723 -2.2821634 -0.93404046 -0.0088608519 -0.35705739 -30.918152
-0.35189503 0.02862597 0.93560161 98.476762 -0.00066441109 0.99952437 -0.030831665 -2.3339132 -0.93603927 -0.011471133 -0.35170864 -31.218852
-0.3466434 0.024924722 0.93766574 99.328646 0.0002163053 0.99964899 -0.026492373 -2.380684 -0.937997 -0.0089805836 -0.34652712 -31.532078
-0.34083102 0.021622141 0.93987586 100.18552 -0.0027105248 0.99970873 -0.023981542 -2.4237135 -0.94012071 -0.010721209 -0.34067314 -31.829556
-0.3351991 0.020842694 0.9419167 101.03039 -0.0061473034 0.9996856 -0.024308635 -2.4663699 -0.9421273 -0.01393848 -0.33496559 -32.122928
-0.32890759 0.019906104 0.94415225 101.88834 -0.019214279 0.99942979 -0.027765091 -2.5030156 -0.94416666 -0.027273354 -0.32833757 -32.396211
-0.32233538 0.023692239 0.94632896 102.72754 -0.01610886 0.99940471 -0.030507984 -2.5511915 -0.9464885 -0.025078083 -0.32176184 -32.668369
-0.31516114 0.027906948 0.94862774 103.5851 -0.013805171 0.999327 -0.033984899 -2.593115 -0.9489378 -0.023806688 -0.31456378 -32.94995
-0.30864244 0.02603627 0.95082169 104.4257 -0.015038114 0.99936679 -0.032247037 -2.6357944 -0.95105929 -0.024251368 -0.30805547 -33.211626
-0.30176355 0.020900532 0.95315364 105.29735 -0.015630159 0.99951685 -0.0268656 -2.680434 -0.95325471 -0.023005001 -0.30129107 -33.475128
-0.29450506 0.01842678 0.95547221 106.14612 -0.015601351 0.99958814 -0.02408638 -2.7188032 -0.9555226 -0.022000218 -0.29409628 -33.728955
-0.28857791 0.020861327 0.95722908 107.00375 -0.019247235 0.99943418 -0.027583625 -2.7660723 -0.95726298 -0.026384038 -0.28801311 -33.982194
-0.28178131 0.024101954 0.95917585 107.86044 -0.018561078 0.99936045 -0.030564471 -2.8083946 -0.95929915 -0.026415834 -0.28115374 -34.222447
-0.27529939 0.024877045 0.96103658 108.71068 -0.020506084 0.99928574 -0.031741337 -2.8481459 -0.96113986 -0.028445467 -0.27459262 -34.452516
-0.26786959 0.023902232 0.9631586 109.59356 -0.020596299 0.99932169 -0.030527827 -2.893177 -0.96323505 -0.028014979 -0.26719559 -34.689759
-0.26044906 0.023721345 0.9651961 110.4408 -0.017800117 0.99941024 -0.029365408 -2.9400311 -0.96532353 -0.024828796 -0.25987322 -34.907966
-0.25264998 0.025028551 0.96723393 111.30206 -0.013387936 0.99947924 -0.029359989 -2.9852585 -0.96746516 -0.020367066 -0.25218333 -35.133211
-0.24549312 0.025886378 0.9690526 112.17933 -0.010671115 0.99951067 -0.029403351 -3.0255174 -0.96933964 -0.017559192 -0.24509676 -35.3611
-0.23911072 0.024590278 0.97068084 113.04097 -0.018043947 0.99939412 -0.02976249 -3.0677797 -0.97082468 -0.024631444 -0.23852214 -35.553304
-0.23315112 0.022799969 0.97217315 113.9108 -0.022635516 0.99932699 -0.02886535 -3.1112343 -0.97217708 -0.02873563 -0.23247812 -35.743281
-0.22825253 0.022953197 0.97333132 114.8112 -0.019439066 0.99941533 -0.028126898 -3.1518569 -0.97340792 -0.025340687 -0.22767289 -35.952017
-0.22372078 0.022875404 0.97438475 115.64842 -0.018366276 0.99944808 -0.027680744 -3.1968468 -0.97448026 -0.024088577 -0.22317717 -36.140577
-0.21894327 0.024766961 0.97542317 116.53555 -0.016701486 0.99943622 -0.029125486 -3.2367128 -0.97559468 -0.022667845 -0.21840619 -36.330945
-0.21330249 0.023306117 0.97670814 117.39108 -0.012215185 0.99957366 -0.026519395 -3.2796539 -0.97690988 -0.017587323 -0.21292686 -36.522937
-0.2080931 0.022289472 0.97785498 118.25871 -0.0046215123 0.99970675 -0.023771049 -3.3194186 -0.97809815 -0.0094657594 -0.20792907 -36.71002
-0.20302006 0.021342741 0.97894191 119.14554 -0.0018760959 0.99975211 -0.022185518 -3.3614238 -0.97917282 -0.0063406934 -0.20292969 -36.897904
-0.19932586 0.023010219 0.97966303 120.00928 -0.0028489498 0.99970644 -0.024060653 -3.3978521 -0.97992916 -0.0075869204 -0.19920179 -37.054714
-0.19551968 0.025116368 0.98037806 120.8748 -0.0051702033 0.9996317 -0.026640735 -3.4340992 -0.98068619 -0.010277541 -0.19531781 -37.221443
-0.19334158 0.023957376 0.98083892 121.7616 -0.0089229273 0.99961755 -0.026174925 -3.4794393 -0.98109097 -0.013812655 -0.19305387 -37.395473
-0.1925375 0.022987464 0.98102029 122.61323 -0.009262389 0.99963847 -0.025241588 -3.5201457 -0.98124594 -0.013946543 -0.19225497 -37.55015
-0.19108028 0.018475542 0.98140048 123.50276 -0.0090797111 0.9997468 -0.020588757 -3.5559348 -0.98153246 -0.012844938 -0.19086414 -37.724002
-0.19089125 0.012863302 0.98152686 124.3529 -0.0092036831 0.99984673 -0.014893359 -3.5986355 -0.98156808 -0.011876673 -0.19074361 -37.873463
-0.18951631 0.01091586 0.98181685 125.2211 -0.0059844023 0.99990679 -0.012272129 -3.6263634 -0.98185938 -0.0082013549 -0.18943332 -38.039305
-0.18881346 0.01550788 0.98189047 126.09435 -0.0089706231 0.99980634 -0.017515854 -3.6644639 -0.98197204 -0.012115398 -0.18863778 -38.201903
-0.18848512 0.019691334 0.98187857 126.92779 -0.0084333087 0.99972965 -0.021668222 -3.6959052 -0.98203988 -0.012364622 -0.1882681 -38.356591
-0.18850529 0.018955379 0.98188918 127.7783 -0.010772931 0.99971364 -0.021367691 -3.724698 -0.98201313 -0.014605746 -0.18824711 -38.513277
-0.18796286 0.018148288 0.98200841 128.64656 -0.011397179 0.99972165 -0.020657136 -3.7632435 -0.98211005 -0.0150749 -0.18770371 -38.669643
-0.18714278 0.018228044 0.98216355 129.48017 -0.0066461332 0.99978145 -0.019821378 -3.8019922 -0.98231028 -0.010237017 -0.18698074 -38.832257
-0.18668517 0.020929483 0.98219678 130.33727 -0.0092726276 0.99969097 -0.023064701 -3.8430117 -0.98237607 -0.013413382 -0.1864334 -38.985189
-0.18688983 0.02194758 0.98213564 131.16017 -0.020449995 0.99944685 -0.026225842 -3.8744047 -0.98216805 -0.024986012 -0.18633763 -39.114976
-0.18634793 0.023375081 0.98220567 132.00193 -0.024159725 0.99930561 -0.028365711 -3.9122592 -0.98218676 -0.02901571 -0.18565379 -39.263627
-0.18647098 0.026798553 0.98209487 132.84663 -0.024265292 0.99919735 -0.031872495 -3.959355 -0.98216081 -0.029774113 -0.18567103 -39.415314
-0.18586001 0.027685376 0.98218608 133.65642 -0.02078516 0.99926851 -0.032100081 -4.0026984 -0.98235641 -0.026381015 -0.18514861 -39.565776
-0.18393311 0.028879732 0.98251437 134.4952 -0.021747065 0.99920405 -0.033441494 -4.0486722 -0.9826982 -0.027517801 -0.18315866 -39.715287
-0.18202451 0.028149622 0.98289094 135.30593 -0.015316123 0.9993877 -0.03145852 -4.0846099 -0.98317474 -0.020780299 -0.18148191 -39.870285
-0.17920577 0.024951153 0.98349512 136.13271 -0.0086435013 0.99959983 -0.026934686 -4.1360233 -0.98377368 -0.013327692 -0.1789184 -40.017895
-0.17656052 0.020998152 0.98406574 136.92996 0.00089672682 0.99977544 -0.021172477 -4.1668552 -0.98428942 -0.0028557845 -0.1765397 -40.174011
-0.1727624 0.020853135 0.98474272 137.76627 0.004417746 0.99978221 -0.020396568 -4.198787 -0.98495366 0.00082658399 -0.1728169 -40.318777
-0.16830078 0.024734378 0.98542528 138.54714 -0.00040647264 0.99968331 -0.025161677 -4.249237 -0.98573565 -0.0046352776 -0.16823743 -40.438453
-0.16154033 0.028312539 0.98645985 139.35534 0.001207579 0.9995933 -0.028491732 -4.2851371 -0.98686541 -0.0034113348 -0.16150882 -40.567085
-0.15348693 0.028753481 0.98773221 140.15772 -0.0038022544 0.99955197 -0.029688405 -4.3268938 -0.9881434 -0.0083123905 -0.15330883 -40.681736
-0.14361036 0.0251688 0.98931416 140.96297 0.0051491589 0.99968202 -0.024685104 -4.349143 -0.98962095 0.0015491 -0.14369429 -40.799752
-0.13130653 0.023816559 0.99105564 141.76525 0.015054777 0.99964399 -0.022028317 -4.3906228 -0.99122754 0.012027661 -0.13161834 -40.908798
-0.11821855 0.02544765 0.99266143 142.54627 0.011058735 0.99964331 -0.024309622 -4.432432 -0.99292606 0.0081037327 -0.11845781 -41.001611
-0.10357447 0.027221278 0.99424909 143.3738 0.01181011 0.9995886 -0.026137165 -4.4664351 -0.99455162 0.0090350496 -0.10385335 -41.069447
-0.089701692 0.026987905 0.99560292 144.13093 0.013673901 0.99957196 -0.025863504 -4.5017612 -0.99587485 0.011293777 -0.090032327 -41.139928
-0.076197258 0.028294802 0.99669117 144.90011 0.016221397 0.99950017 -0.027134415 -4.5414029 -0.99696085 0.014100157 -0.076618155 -41.196302
-0.062240878 0.034265061 0.99747275 145.70798 0.014332721 0.99933812 -0.033434797 -4.591339 -0.99795828 0.012215489 -0.062690796 -41.238506
-0.04969857 0.043621763 0.99781116 146.45214 0.0069579125 0.99903664 -0.04332878 -4.6348841 -0.99874007 0.0047893053 -0.04995421 -41.248028
-0.036107437 0.052076539 0.99799008 147.22133 -0.0014004391 0.99863771 -0.052160999 -4.6808124 -0.99934697 -0.0032810235 -0.03598532 -41.262841
-0.022654086 0.053467999 0.99831252 147.9888 -0.0010941192 0.9985669 -0.05350645 -4.7256756 -0.99974281 -0.0023044119 -0.022563122 -41.27293
-0.010971434 0.04911987 0.99873259 148.76275 -0.0031949542 0.99878592 -0.049157589 -4.7796213 -0.99993475 -0.0037302334 -0.01080118 -41.260899
-5.2511803e-07 0.046101408 0.99893672 149.53464 -0.004340006 0.99892736 -0.046100976 -4.8373375 -0.99999062 -0.0043354148 0.0001995543 -41.247154
0.0091395541 0.052069447 0.9986016 150.28007 -0.0082324941 0.99861343 -0.051994715 -4.8993147 -0.99992439 -0.0077457726 0.0095555413 -41.228632
0.015738995 0.061155884 0.99800409 151.03121 -0.015198387 0.99802708 -0.060917606 -4.9442731 -0.99976066 -0.014209269 0.016637413 -41.206322
0.018512523 0.064539962 0.99774335 151.76577 -0.019417134 0.99774941 -0.064180079 -4.9951066 -0.99964011 -0.01818518 0.019724039 -41.172511
0.018815772 0.059930679 0.99802515 152.54844 -0.023115373 0.99796117 -0.059491041 -5.0560057 -0.99955577 -0.021950353 0.020162729 -41.150102
0.017516581 0.054576906 0.99835587 153.29125 -0.016093102 0.99839515 -0.054296691 -5.1234955 -0.99971709 -0.01511555 0.01836678 -41.136185
0.014016262 0.052026953 0.99854727 154.02533 -0.016621623 0.99851955 -0.051792195 -5.1705993 -0.99976365 -0.015871543 0.014860283 -41.115176
0.011186597 0.052259981 0.99857081 154.77426 -0.016963133 0.99849955 -0.052066219 -5.2221507 -0.99979358 -0.016356445 0.012056304 -41.106821
0.007127213 0.052615386 0.99858937 155.52112 -0.016950018 0.99847767 -0.052488522 -5.2773293 -0.99983098 -0.01655201 0.0080081932 -41.093753
0.003176107 0.050720565 0.99870779 156.26061 -0.015900379 0.99858917 -0.050663972 -5.3326962 -0.99986858 -0.015718918 0.0039781007 -41.094912
-0.002263351 0.051190661 0.99868629 157.01483 -0.017604801 0.99853208 -0.051222653 -5.3823926 -0.9998425 -0.017697608 -0.0013588287 -41.091073
-0.0086745383 0.049248338 0.99874885 157.77085 -0.018622436 0.9986053 -0.049403001 -5.4329726 -0.999789 -0.019027685 -0.0077453174 -41.083547
-0.014340163 0.046170517 0.9988306 158.49565 -0.015032605 0.9988105 -0.046385409 -5.4814934 -0.99978421 -0.0156802 -0.013629044 -41.096528
-0.019165291 0.046469888 0.99873578 159.22428 -0.01573113 0.99878163 -0.046773893 -5.5311857 -0.99969261 -0.016607677 -0.018410918 -41.107434
-0.024789319 0.047639488 0.9985569 159.95601 -0.016508801 0.99870818 -0.048056537 -5.5771126 -0.99955642 -0.017676266 -0.023970827 -41.123438
-0.029327191 0.050016803 0.99831766 160.671 -0.019341056 0.99853192 -0.050595711 -5.6312278 -0.99938277 -0.020792348 -0.02831676 -41.132628
-0.03161473 0.052016307 0.99814564 161.39117 -0.018612566 0.99844107 -0.052621225 -5.683226 -0.99932686 -0.020241657 -0.03059729 -41.156461
-0.032925465 0.053832215 0.99800697 162.11206 -0.017254952 0.99836898 -0.054421001 -5.7379954 -0.99930889 -0.019012398 -0.031942893 -41.17684
-0.032206873 0.052048664 0.99812503 162.83833 -0.012399506 0.99854548 -0.052470687 -5.7875574 -0.99940435 -0.014066173 -0.031514651 -41.20358
-0.028648671 0.048026817 0.99843507 163.55393 -0.0068037217 0.99881259 -0.048240198 -5.831064 -0.99956643 -0.0081750912 -0.028287894 -41.22499
-0.0209426 0.047694204 0.99864237 164.2549 -0.0074031795 0.9988267 -0.047858259 -5.8865441 -0.99975331 -0.0083954044 -0.020564941 -41.230589
-0.010039784 0.049129801 0.9987419 164.93576 -0.0054581071 0.99877471 -0.049186281 -5.9355399 -0.99993475 -0.0059450592 -0.0097593284 -41.233289
0.0038143171 0.049346053 0.99877442 165.6246 -0.0037881894 0.99877527 -0.049331626 -5.9839168 -0.99998559 -0.0035953794 0.0039965762 -41.224303
0.019480964 0.047259618 0.99869261 166.31869 -0.0053380736 0.99887289 -0.047164021 -6.0300077 -0.99979602 -0.0044122933 0.019711281 -41.194244
0.035233706 0.042020504 0.99849526 167.01894 -0.0086880292 0.99909077 -0.041738991 -6.076386 -0.99934138 -0.0072043359 0.035566745 -41.155541
0.051712597 0.035432427 0.9980332 167.68036 -0.0099411112 0.99933914 -0.034963696 -6.114027 -0.99861257 -0.0081134948 0.052030658 -41.101676
0.068757351 0.028193273 0.99723492 168.36721 -0.01038598 0.99956666 -0.027543101 -6.1500525 -0.99757939 -0.0084634704 0.069020369 -41.04672
0.086547722 0.020531916 0.99603607 169.04856 -0.010900051 0.99974728 -0.019661288 -6.1831199 -0.99618812 -0.0091552039 0.086749647 -40.976206
0.10372715 0.014353067 0.99450218 169.70987 -0.013007508 0.99982993 -0.013073268 -6.2182504 -0.99452077 -0.011579941 0.10389621 -40.889052
0.1215701 0.012001248 0.99251025 170.37123 -0.013111342 0.99985908 -0.010484133 -6.2419636 -0.99249629 -0.011738584 0.12171032 -40.797897
0.13997892 0.011091204 0.99009232 171.01282 -0.01230918 0.99987948 -0.0094605734 -6.2602391 -0.99007801 -0.010862943 0.14009857 -40.691438
0.15751376 0.010477655 0.98746116 171.64334 -0.013535031 0.99987269 -0.0084503235 -6.2786705 -0.98742407 -0.012034275 0.15763552 -40.578828
0.17345107 0.010152659 0.98479011 172.28927 -0.018581633 0.9998026 -0.007034646 -6.2920646 -0.98466722 -0.017078841 0.17360548 -40.445545
0.18804606 0.0066144856 0.9821379 172.91545 -0.021252379 0.99977059 -0.0026641287 -6.310172 -0.98193029 -0.020371788 0.18814349 -40.305197
0.20051351 0.0024305612 0.97968788 173.54469 -0.017832526 0.9998403 0.0011692395 -6.32915 -0.97952867 -0.017704758 0.20052483 -40.168986
0.2112828 0.00067259103 0.9774247 174.18188 -0.014258326 0.99989548 0.0023940655 -6.3456281 -0.97732101 -0.014442265 0.21127031 -40.027388
0.22085281 0.0040225203 0.97529881 174.76771 -0.017736099 0.9998427 -0.00010747477 -6.3628691 -0.97514591 -0.01727426 0.22088941 -39.879539
0.22973919 0.011210779 0.97318762 175.37421 -0.022070757 0.99973652 -0.0063063968 -6.3825838 -0.97300199 -0.02003016 0.22992608 -39.726585
0.23914124 0.021200091 0.97075329 175.95645 -0.022206056 0.99961955 -0.016360121 -6.3974791 -0.97073088 -0.017644221 0.23952103 -39.572599
0.24721901 0.027986245 0.96855534 176.53355 -0.018123908 0.99954149 -0.024255545 -6.4106163 -0.96879015 -0.011557575 0.24761288 -39.418433
0.25359928 0.026757979 0.96693916 177.15159 -0.017989614 0.99957491 -0.022942964 -6.4265989 -0.96714211 -0.011576543 0.25397284 -39.254486
0.25950389 0.019247935 0.96555019 177.76312 -0.020287582 0.99968938 -0.014475943 -6.4458513 -0.96552899 -0.015832114 0.25981378 -39.077558
0.2637828 0.0086385875 0.96454338 178.36118 -0.024337433 0.99970116 -0.0022976776 -6.4685197 -0.96427507 -0.022868421 0.26391421 -38.899693
0.2659136 -0.00083409155 0.96399646 178.97911 -0.024227301 0.99967798 0.0075479446 -6.4943473 -0.96369242 -0.025362134 0.26580776 -38.722676
0.26679775 -0.0020133916 0.9637504 179.57633 -0.018703168 0.99979868 0.0072663519 -6.5053956 -0.96357108 -0.019963832 0.26670638 -38.560542
0.26801171 0.001530387 0.9634144 180.1799 -0.018096925 0.9998303 0.0034461399 -6.5072122 -0.96324571 -0.018358444 0.26799392 -38.392527
0.26968652 0.0012502519 0.96294732 180.78362 -0.014900269 0.99988485 0.0028748133 -6.5175865 -0.96283293 -0.015123472 0.26967409 -38.221538
0.27154411 -0.00017294226 0.96242594 181.39437 -0.01823131 0.99981962 0.0053235432 -6.5172991 -0.96225334 -0.018991862 0.27149198 -38.042736
0.27392131 -0.0044620534 0.96174172 182.01172 -0.018953151 0.99977 0.010036686 -6.5351898 -0.96156538 -0.020977298 0.27377374 -37.858263
0.27716932 -0.010534806 0.96076329 182.6245 -0.015388837 0.99976295 0.015401944 -6.5406432 -0.96069789 -0.019053976 0.2769415 -37.674432
0.28149753 -0.013521584 0.95946664 183.23829 -0.014146994 0.99973355 0.018239639 -6.545477 -0.9594577 -0.018707981 0.28123123 -37.489679
0.28768112 -0.014818115 0.95761157 183.85064 -0.013791321 0.99971253 0.01961271 -6.5401832 -0.95762699 -0.018848934 0.28739406 -37.301873
0.29513066 -0.018137039 0.9552847 184.49013 -0.011148825 0.99968638 0.022424426 -6.5378795 -0.9553919 -0.017268437 0.29483589 -37.109116
0.30512237 -0.020249683 0.9520978 185.09118 -0.009620364 0.99965734 0.024344277 -6.543929 -0.9522646 -0.01658751 0.30482301 -36.902132
0.31609333 -0.018375326 0.94855009 185.73094 -0.010952596 0.99967511 0.023015546 -6.5432242 -0.94866492 -0.017664146 0.31578938 -36.683963
0.32762022 -0.014701499 0.94469508 186.32769 -0.011532459 0.99974222 0.019557607 -6.5433294 -0.94473916 -0.017302124 0.32736622 -36.455349
0.33907319 -0.011221123 0.94069303 186.94693 -0.012584509 0.99978529 0.016462101 -6.5399168 -0.94067586 -0.017420016 0.33885918 -36.227493
0.35108139 -0.01014452 0.93628995 187.57597 -0.012551075 0.99980049 0.015538931 -6.5321689 -0.93626086 -0.017206874 0.35088402 -35.978249
0.36240519 -0.013718738 0.93191963 188.18814 -0.010966412 0.99975968 0.018982029 -6.5356482 -0.93195617 -0.017099 0.36216765 -35.721095
0.37317279 -0.015121794 0.92763857 188.79706 -0.011632356 0.9997123 0.02097619 -6.5335576 -0.92768897 -0.018618365 0.37288953 -35.460534
0.38468236 -0.015771979 0.92291422 189.43993 -0.013425304 0.99965265 0.022679224 -6.5370653 -0.92295141 -0.021114701 0.384337 -35.190036
0.39372642 -0.016685712 0.91907618 190.05643 -0.017239848 0.99952535 0.025531698 -6.5290669 -0.91906603 -0.025897237 0.39325187 -34.911242
0.40183671 -0.015952834 0.91557233 190.68465 -0.020218441 0.99944993 0.026288005 -6.524389 -0.91548815 -0.02907493 0.40129313 -34.604739
0.40519165 -0.018439674 0.91404575 191.35012 -0.019930715 0.9993808 0.028996376 -6.5173369 -0.91401453 -0.029966675 0.40457323 -34.31814
0.4076673 -0.023893392 0.91281784 191.96806 -0.013949128 0.999378 0.032388864 -6.5048971 -0.91302402 -0.025936894 0.40708044 -34.031332
0.40826922 -0.021202433 0.91261527 192.63374 -0.014495931 0.9994536 0.029704839 -6.4978008 -0.9127465 -0.025356779 0.40773879 -33.736377
0.40675478 -0.021394537 0.91328679 193.28877 -0.01114376 0.99953514 0.028378127 -6.4906044 -0.91346945 -0.021720387 0.40632728 -33.44575
0.40562169 -0.020262308 0.9138164 193.95468 -0.0080487692 0.99963632 0.025737877 -6.4838776 -0.91400565 -0.017794938 0.40531108 -33.15486
0.40587646 -0.021696686 0.91367034 194.62595 -0.0046440445 0.9996563 0.025801579 -6.4678276 -0.91391619 -0.014715379 0.4056362 -32.857964
0.40489691 -0.02776742 0.91394058 195.32094 -0.0018294057 0.99951218 0.031177733 -6.46513 -0.91436055 -0.014295735 0.4046486 -32.553556
0.40414604 -0.031045567 0.91416743 195.99952 -0.0010492154 0.99940745 0.034404209 -6.4578317 -0.91469391 -0.014863483 0.40387399 -32.253739
0.40237616 -0.033322316 0.91486774 196.67979 -1.3168592e-05 0.99933713 0.036404745 -6.4426857 -0.91547446 -0.014660449 0.402109 -31.94259
0.40056243 -0.033577725 0.91565398 197.3751 -0.00073544741 0.9993162 0.036967411 -6.4316162 -0.91626921 -0.015481171 0.40026383 -31.64617
0.39937417 -0.033447548 0.91617764 198.04359 -0.0029115122 0.99928295 0.0377507 -6.4141748 -0.91678344 -0.017744116 0.39899041 -31.328769
0.39700475 -0.032705697 0.91723361 198.7478 -0.0035186687 0.99930332 0.037155027 -6.4055669 -0.91780985 -0.017978163 0.39661308 -31.035161
0.39636922 -0.029801554 0.91760734 199.42923 -0.0023082808 0.99943752 0.033456274 -6.4029158 -0.91808833 -0.015379132 0.39607748 -30.738925
0.39546512 -0.023867171 0.9181708 200.10816 -0.0033388646 0.99961836 0.027422421 -6.4010405 -0.91847496 -0.013910259 0.39523451 -30.449015
0.39412073 -0.020679241 0.91882596 200.7912 -0.0046813338 0.99968869 0.02450716 -6.3829362 -0.91904679 -0.01396011 0.39390123 -30.15044
0.3935574 -0.023563192 0.91899797 201.48996 -0.0048682828 0.99960402 0.027714762 -6.3736625 -0.91928719 -0.015381291 0.39328685 -29.838223
0.39164523 -0.027207215 0.91971393 202.19199 -0.0053209081 0.99947905 0.03183267 -6.3709152 -0.92010096 -0.017360826 0.39129643 -29.532599
0.38875192 -0.026385123 0.92096455 202.87454 -0.0094515549 0.99942305 0.032622547 -6.3679353 -0.92129403 -0.021386625 0.38827825 -29.243444
0.38449003 -0.026425723 0.92275079 203.57034 -0.012361095 0.99935318 0.033770058 -6.3592014 -0.92304642 -0.024390461 0.38391469 -28.95419
0.37795866 -0.027380271 0.92541747 204.23752 -0.01248575 0.99932095 0.034666273 -6.3480451 -0.92573832 -0.024656949 0.37736014 -28.683833
0.3693328 -0.027899706 0.92887826 204.93536 -0.01183731 0.99932689 0.034722347 -6.333421 -0.92922184 -0.023819522 0.36875394 -28.391062
