1.000000000000000000e+00 -3.306050084167601550e-19 -2.270457535318767223e-19 -8.673617379884035472e-19 7.546676715296109287e-19 1.000000000000000000e+00 6.237773588823049983e-19 1.387778780781445676e-17 -3.447385680526250622e-20 4.770700176052009879e-20 1.000000000000000222e+00 5.551115123125782702e-17
9.999256516822667695e-01 -3.448503398876675945e-03 1.169843724987748405e-02 1.472617293011643097e-02 3.438251469845398939e-03 9.999936886826626958e-01 8.962093581725153260e-04 2.190347792966534923e-03 -1.170145540558657250e-02 -8.559294441061944840e-04 9.999311711859742990e-01 2.988479540793808620e-01
9.998243998281948208e-01 -5.888477964788005163e-03 1.779831382613202354e-02 2.882658146018514042e-02 5.865008083814272043e-03 9.999818828752601307e-01 1.371312533006182341e-03 -2.152931351652574710e-02 -1.780606689981518651e-02 -1.266726809643262943e-03 9.998407981948304046e-01 5.784178547616396493e-01
9.997552735216367337e-01 -7.836776044598602747e-03 2.068651452965972540e-02 3.651444520396350535e-02 7.831643877852801847e-03 9.999692671556311696e-01 3.290804521964136014e-04 -2.632362467127227768e-02 -2.068845997601397035e-02 -1.669684685299014856e-04 9.997859263751922576e-01 8.798487798390048908e-01
9.997831480287783235e-01 -8.458822712047347689e-03 1.902772654314655379e-02 4.534213780619795325e-02 8.475157921189909599e-03 9.999637923894433289e-01 -7.778846093152589009e-04 -1.390158642714874049e-02 -1.902046144450732224e-02 9.389371711966765580e-04 9.998186013260107474e-01 1.192190122398083973e+00
9.998581854138688385e-01 -1.175605987677889354e-02 1.206104426016397016e-02 4.361174790419512087e-02 1.178252069220619980e-02 9.999282977250032456e-01 -2.124923762731465576e-03 -2.080780182102349996e-02 -1.203518817893672703e-02 2.266700188580255109e-03 9.999250303804152473e-01 1.510682759211533721e+00
9.999137835308794520e-01 -1.313122182049042928e-02 -9.312260475550991862e-05 3.118650494758045191e-02 1.313080707687470407e-02 9.999074407636840967e-01 -3.567637510840639993e-03 -3.587563453669118108e-02 1.399528524141709779e-04 3.566107380373829874e-03 9.999936436787645322e-01 1.831557424152690405e+00
9.997929946939138057e-01 -1.168420371302077501e-02 -1.665029592756660584e-02 9.788055226426955677e-03 1.161520629824219775e-02 9.999235649946622839e-01 -4.234184255559352537e-03 -3.366206013878073056e-02 1.669848116786644410e-02 4.039866860311470097e-03 9.998523199157639541e-01 2.170729404539092577e+00
9.993873335714090755e-01 -7.792361664658344240e-03 -3.412162505203175655e-02 -2.535573576743284374e-02 7.650417839338491573e-03 9.999615467840514693e-01 -4.288320873881031753e-03 -4.004532628743441569e-02 3.415372850860718540e-02 4.024696753917934508e-03 9.994084820102625555e-01 2.508099530087073425e+00
9.984675255405612848e-01 -2.581850144721329655e-03 -5.528378286749584258e-02 -7.158354983865887478e-02 2.332864851605265070e-03 9.999868345793465618e-01 -4.567556859932184014e-03 -5.090577091320644398e-02 5.529485528179212822e-02 4.431582834185159199e-03 9.984604438618736033e-01 2.857632277322696090e+00
9.972927138961016347e-01 -3.154504863327118377e-03 -7.346267144661768056e-02 -1.145842219888724145e-01 2.738152314192346826e-03 9.999795913201539044e-01 -5.767371361235089887e-03 -4.774571812918919356e-02 7.347937546833578637e-02 5.550536791569731648e-03 9.972810223441694877e-01 3.219552869723911748e+00
9.954923221999292249e-01 -3.687525701366196115e-03 -9.477447439460290335e-02 -1.688783291146842280e-01 3.207878733907038385e-03 9.999812496884428192e-01 -5.212727834726621490e-03 -5.416711457641378014e-02 9.479193044690395475e-02 4.885237558980215153e-03 9.954855359874520415e-01 3.599377764345869313e+00
9.932196910657169475e-01 -5.259493081083061773e-03 -1.161448335595158809e-01 -2.268539736951369901e-01 4.832742272485089294e-03 9.999804944935700712e-01 -3.955957755594863116e-03 -6.486182861981630576e-02 1.161633854945927358e-01 3.367853826586328109e-03 9.932256910581448439e-01 3.982855754329677200e+00
9.911063425613593214e-01 -4.363930451529839799e-03 -1.330086981695464132e-01 -2.960601658414042658e-01 3.827075633206130853e-03 9.999834859604925796e-01 -4.293690325532689527e-03 -7.129528480942544377e-02 1.330252460517492297e-01 3.746526966950615520e-03 9.911066813162526801e-01 4.375538892974971006e+00
9.886193903086840651e-01 -4.220846618479969815e-03 -1.503852159689817447e-01 -3.798035506829708918e-01 3.768767071739364573e-03 9.999874943641811065e-01 -3.289628875895579761e-03 -7.583230070920578270e-02 1.503972453350067295e-01 2.685413194438660261e-03 9.886229489300405460e-01 4.788976358890762342e+00
9.867191320025489043e-01 -2.976796924880782506e-03 -1.623861633354236333e-01 -4.690283767085206001e-01 2.457256514409586218e-03 9.999911950611939382e-01 -3.399752411270314054e-03 -8.330721849701307191e-02 1.623948723923981374e-01 2.955480454632865121e-03 9.867178030860989102e-01 5.211193885213688759e+00
9.844412733747199828e-01 -4.977349913437227602e-03 -1.756012526781338401e-01 -5.518269409805557357e-01 4.300213593495083586e-03 9.999817985855868896e-01 -4.236522071979533823e-03 -8.967257107962531282e-02 1.756191391116613543e-01 3.415658970185569271e-03 9.844447664224142969e-01 5.644072597702429306e+00
9.829487265313650024e-01 -7.215750477116036725e-03 -1.837403139449451106e-01 -6.363165040665085259e-01 6.209174418105028494e-03 9.999623824678622874e-01 -6.053719686496840217e-03 -1.020649665803960160e-01 1.837771161270398967e-01 4.808976609026448593e-03 9.829565891933693678e-01 6.094304709314233293e+00
9.816215545111348639e-01 -6.469778462750060306e-03 -1.907221517556026147e-01 -7.428992186263434494e-01 5.139462446046566893e-03 9.999588770768262913e-01 -7.467855556059991261e-03 -1.106954394334843939e-01 1.907626452907152104e-01 6.350263032900614613e-03 9.816144751236175470e-01 6.557267880221507639e+00
9.801382216490254207e-01 -6.814558400709967018e-03 -1.982035260981400981e-01 -8.520176720736815090e-01 4.987026447842801344e-03 9.999403211188113705e-01 -9.719440274044900685e-03 -1.121193498087806051e-01 1.982579606371787928e-01 8.537691515896558142e-03 9.801137799631816083e-01 7.036263760670716572e+00
9.786214660007980237e-01 -7.291746524018079788e-03 -2.055483582887727423e-01 -9.609451921142290187e-01 4.873616838698167225e-03 9.999128606075547987e-01 -1.227040683177810405e-02 -1.252267130335535383e-01 2.056199150512610652e-01 1.100647911585802413e-02 9.785717272208406259e-01 7.512871657443650264e+00
9.766668449871227509e-01 -1.085357043403737537e-02 -2.145320787804782248e-01 -1.078106704727279430e+00 8.048633682852955953e-03 9.998702105520941297e-01 -1.394606671659828594e-02 -1.331453030892201239e-01 2.146556393308071686e-01 1.189390455459408621e-02 9.766277007588485271e-01 8.017453942923543408e+00
9.749495347406779144e-01 -1.678398137688706659e-02 -2.218048353893183056e-01 -1.197033271365356866e+00 1.380812243582948441e-02 9.997926545753849092e-01 -1.496172345371886599e-02 -1.499058376651923319e-01 2.220099719476251177e-01 1.152444271241432130e-02 9.749793854672628157e-01 8.530639095125886584e+00
9.728860169134374569e-01 -1.799348656340537742e-02 -2.305954969911356844e-01 -1.326314971058802916e+00 1.429811107700524990e-02 9.997412482324490313e-01 -1.768786493479561003e-02 -1.723764749948623054e-01 2.308541066096901351e-01 1.391182882038860709e-02 9.728915861343260252e-01 9.054699282342806299e+00
9.708135934410886403e-01 -1.371478927558974700e-02 -2.394521745851952155e-01 -1.472269169777241204e+00 8.751253621933295299e-03 9.997244359216784781e-01 -2.177566955590773054e-02 -1.744688779313017524e-01 2.396849160711326532e-01 1.904503630565395830e-02 9.706661012867997540e-01 9.583657190926611946e+00
9.688757373540552997e-01 -1.158039839845929203e-02 -2.472430423438187197e-01 -1.628278888061050811e+00 5.538653891883792667e-03 9.996691055808449855e-01 -2.511179427256208380e-02 -1.888704090749532827e-01 2.474520769610943915e-01 2.296099418463067032e-02 9.686192252871458352e-01 1.012444299846229256e+01
9.665767361193789986e-01 -1.350232202063127510e-02 -2.561227667502293803e-01 -1.779807488269177673e+00 6.834363710730399430e-03 9.996141992995813963e-01 -2.691668271237922239e-02 -2.102648265902539726e-01 2.563875266533518493e-01 2.426699190011280538e-02 9.662962543507848112e-01 1.068957021758568260e+01
9.640095704177559233e-01 -1.580660816612266401e-02 -2.653800880205041124e-01 -1.948976521055163280e+00 8.436487113407872829e-03 9.995469482100982628e-01 -2.889393935779486361e-02 -2.353565135895282490e-01 2.657165404653933360e-01 2.561505597666819539e-02 9.637062048180385920e-01 1.125406883234409783e+01
9.620942715625506736e-01 -1.527595280148025085e-02 -2.722067132015949520e-01 -2.115514075097780555e+00 6.852640949083522830e-03 9.994687482272522905e-01 -3.186531037760693269e-02 -2.558693167268856761e-01 2.725488329150067002e-01 2.879191551216347955e-02 9.616878938301923752e-01 1.182892556459607114e+01
9.598864767883521498e-01 -1.472696088059162120e-02 -2.799499895822224471e-01 -2.303393270270204241e+00 5.123092889142259916e-03 9.993741257801210809e-01 -3.501317301806008281e-02 -2.777186777627131398e-01 2.802901853440098456e-01 3.217476791911276501e-02 9.593612951289758328e-01 1.241939887431884237e+01
9.578401513830143710e-01 -1.599015957152988970e-02 -2.868720805288637044e-01 -2.496579985279522518e+00 4.576098609793145464e-03 9.991723555257844280e-01 -4.040826579222556170e-02 -3.081450302086112814e-01 2.872808672758384585e-01 3.739265743388308499e-02 9.571206841999050363e-01 1.301851623574193795e+01
9.557177927111658589e-01 -1.628385615299777350e-02 -2.938438730339203997e-01 -2.686226900814859597e+00 2.349987966347889725e-03 9.988583088614798600e-01 -4.771582971465358064e-02 -3.450203983214125136e-01 2.942853198774268431e-01 4.491266074369366923e-02 9.546649787114732666e-01 1.362209429060452059e+01
9.543868566137764242e-01 -1.711168178094406994e-02 -2.980768633740743523e-01 -2.891594772832653870e+00 5.426316510176446483e-04 9.984540492965013891e-01 -5.557174481266129173e-02 -3.761340902014773668e-01 2.985669839339123999e-01 5.287591042071860398e-02 9.529207532350776333e-01 1.425145047302199330e+01
9.534546265306514945e-01 -1.705174941951542386e-02 -3.009862979075937361e-01 -3.101816993325798855e+00 -2.348167041346934953e-03 9.979495886352668377e-01 -6.397182348042571021e-02 -4.206127572258478997e-01 3.014595978977785973e-01 6.170203970723709547e-02 9.514597641736814992e-01 1.488550136947558755e+01
9.519804473691144686e-01 -1.723059512317993980e-02 -3.057470879793904861e-01 -3.320351781559837789e+00 -5.396398835304048319e-03 9.973154123814174099e-01 -7.303487215141662992e-02 -4.612900635795733062e-01 3.061847648373370867e-01 7.117785030429385484e-02 9.493319578802362768e-01 1.552818713457144106e+01
9.510718552076802279e-01 -1.484216741436290669e-02 -3.086490285080281115e-01 -3.544120548594458686e+00 -1.043057530328392150e-02 9.967337253304665579e-01 -8.008770224679367944e-02 -5.216000993302059019e-01 3.088295657249786053e-01 7.938863072121131459e-02 9.478106528106999829e-01 1.618364757168660262e+01
9.491689991269027793e-01 -1.482936229632925151e-02 -3.144138207225607995e-01 -3.785503002073108192e+00 -1.332924490524303729e-02 9.960999055287357296e-01 -8.720785961520656493e-02 -5.784699063780621708e-01 3.144808460476264389e-01 8.696580406002185626e-02 9.452695494001477350e-01 1.685325377923481582e+01
9.480232716708664187e-01 -1.341654350235810082e-02 -3.178833423959226967e-01 -4.030024318263460081e+00 -1.690916151537546000e-02 9.955748757237350421e-01 -9.246599869391732007e-02 -6.466771114775278217e-01 3.177169633937624305e-01 9.303624207134535140e-02 9.436013140655122866e-01 1.752807148265437576e+01
9.462568910319034687e-01 -1.145237350088417448e-02 -3.231735603592444384e-01 -4.280291827448548858e+00 -2.136964034463466333e-02 9.949748191500642491e-01 -9.782424588773924734e-02 -7.187342529327838125e-01 3.226693432870684775e-01 9.947521157462325958e-02 9.412570769922573577e-01 1.821255228633835799e+01
9.445030752549571362e-01 -9.489900665098657470e-03 -3.282794311736003112e-01 -4.541159973442341347e+00 -2.481132367023346219e-02 9.946666062206315218e-01 -1.001161390286148117e-01 -7.915829251193291505e-01 3.274781438298301484e-01 1.027077827429267315e-01 9.392304058809790579e-01 1.891176437231572294e+01
9.432049014438640411e-01 -7.104176108681955169e-03 -3.321794198496400563e-01 -4.807252651157586598e+00 -2.861706924775179323e-02 9.943175621659792185e-01 -1.025291453041998341e-01 -8.666071394868554156e-01 3.310206184181028188e-01 1.062103388998208303e-01 9.376419856050923762e-01 1.962661554305540790e+01
9.406651317694421088e-01 -6.793465599174737871e-03 -3.392885108938992200e-01 -5.082762874181257828e+00 -2.950708065319020829e-02 9.943750833806273004e-01 -1.017064171619816437e-01 -9.547804075664515500e-01 3.380720214332007534e-01 1.056789129040659608e-01 9.351733530605325084e-01 2.034957505826000812e+01
9.385487827538103733e-01 -6.432110837731538217e-03 -3.450199072001387535e-01 -5.359341912313801082e+00 -2.969080048334222718e-02 9.946153677478200006e-01 -9.927892778649875793e-02 -1.034969132995055219e+00 3.438002880479465451e-01 1.034238331282087420e-01 9.333042790637994246e-01 2.107679782614311748e+01
9.361809722705286552e-01 -6.764320702283359819e-03 -3.515265617045357782e-01 -5.647639670650143273e+00 -2.948529381555288487e-02 9.947802462955932512e-01 -9.769262586002253057e-02 -1.117324446010761863e+00 3.503526670650268793e-01 1.018216977868338785e-01 9.310949771698098232e-01 2.182589857635911557e+01
9.336860622988196745e-01 -6.815670849452668163e-03 -3.579522909595486135e-01 -5.940395237687064345e+00 -2.882836274443983243e-02 9.951429038476641287e-01 -9.410520398634758532e-02 -1.203188872132226583e+00 3.568545872029556532e-01 9.818600089545355403e-02 9.289545898380136002e-01 2.254956820731514711e+01
9.291190499344992304e-01 -5.039036157216942799e-03 -3.697040096768601236e-01 -6.261784740870008470e+00 -3.023295878952690294e-02 9.955243457131736085e-01 -8.951768084270336767e-02 -1.279384582285123084e+00 3.685002294434164272e-01 9.435044781564468075e-02 9.248085038808305791e-01 2.331470353876893498e+01
9.259984041506152952e-01 -2.104363364205056458e-03 -3.774901605663660842e-01 -6.585064787456709645e+00 -3.182870012632072615e-02 9.959890313297213860e-01 -8.361639036457199636e-02 -1.360250116251859431e+00 3.761519952684870272e-01 8.944419947165559159e-02 9.222172287500103316e-01 2.406349720082593535e+01
9.227351264277731113e-01 1.554433179199519620e-03 -3.855106740862700443e-01 -6.913456772796623184e+00 -3.486179301133852243e-02 9.962295564025811512e-01 -7.944796679118963645e-02 -1.434178925704809870e+00 3.839336824993456743e-01 8.674849874052632803e-02 9.193102729191577893e-01 2.482325216549993030e+01
9.189982616078413713e-01 1.916769754939367121e-03 -3.942871415915629174e-01 -7.257356585807130500e+00 -3.535194323992393167e-02 9.963605802653620058e-01 -7.756159042237954770e-02 -1.507666901751545607e+00 3.927033626925354737e-01 8.521867819852764481e-02 9.157215352286950383e-01 2.558602347310944225e+01
9.151038830241530198e-01 2.657311023964521648e-03 -4.031191562346377322e-01 -7.610569846258002258e+00 -3.696604089757257045e-02 9.963199485444731440e-01 -7.734043399633910854e-02 -1.585370043250373451e+00 4.014298134370703486e-01 8.568119795135539785e-02 9.118345087901081891e-01 2.635710118556878356e+01
9.114474449650193932e-01 2.598811692340028540e-03 -4.114288680362379047e-01 -7.974778307069415817e+00 -3.736616153877262564e-02 9.963701634675693475e-01 -7.650776169467617127e-02 -1.648592399009740195e+00 4.097371123770776613e-01 8.510542968829613864e-02 9.082358416749860552e-01 2.712607151479137713e+01
9.074805115613220341e-01 4.349325696146520009e-03 -4.200111552720571795e-01 -8.356403814579628886e+00 -3.895938125468377533e-02 9.965083417966299484e-01 -7.386559912847787124e-02 -1.721705227768407731e+00 4.182235754363313185e-01 8.339762430001670945e-02 9.044810977948497532e-01 2.791604776754998340e+01
9.036401977545951425e-01 3.398268237133326725e-03 -4.283208317346068883e-01 -8.740582641846435408e+00 -3.779641060966892896e-02 9.966998249367583496e-01 -7.185356490405162000e-02 -1.796434374711228799e+00 4.266633742892821934e-01 8.111832445155725546e-02 9.007864574111860145e-01 2.870257012329088298e+01
9.006597966143202738e-01 2.533223148287169248e-03 -4.344723049763635769e-01 -9.132658814423081139e+00 -3.574149907759938127e-02 9.970262987255431586e-01 -6.825404944390536799e-02 -1.862823507997156902e+00 4.330072259228923137e-01 7.700275186842231445e-02 8.980719732216909668e-01 2.950261555102222388e+01
8.965857380323262182e-01 5.014358509185410859e-03 -4.428576085241440197e-01 -9.545136549031228768e+00 -3.655930002968815762e-02 9.973611275753144767e-01 -6.271684319838329025e-02 -1.924974261759631711e+00 4.413748278526203328e-01 7.241783986194444411e-02 8.944028820501352950e-01 3.031707463134873137e+01
8.932136412265244685e-01 4.888581028352590591e-03 -4.495831380675097688e-01 -9.964564793449811830e+00 -3.456668216914531716e-02 9.977281014411585325e-01 -5.783396301186395638e-02 -1.986532442263519549e+00 4.482789374126620596e-01 6.720202361424081061e-02 8.913535439877433575e-01 3.113106860985117663e+01
8.893743744930420192e-01 3.899669397083497299e-03 -4.571653993915268388e-01 -1.039656095737242048e+01 -3.321775107136500788e-02 9.978717986732661416e-01 -5.610350502068532641e-02 -2.049928635486177431e+00 4.559736827192041875e-01 6.508226346423451325e-02 8.876112286815315278e-01 3.194649930893742251e+01
8.861988027968628057e-01 3.741015213037033639e-03 -4.632719379247596247e-01 -1.084289413695774762e+01 -3.327730608740638724e-02 9.978986946370452804e-01 -5.557681272902838254e-02 -2.110188448119513893e+00 4.620907099610692126e-01 6.466481917987895733e-02 8.844611835772923092e-01 3.277859834131583483e+01
8.834052111028812826e-01 3.442787440376578190e-03 -4.685131789023043725e-01 -1.129405055355859133e+01 -3.246396382605844233e-02 9.980200851552148977e-01 -5.387527887421569156e-02 -2.166957419963610576e+00 4.673999711560803405e-01 6.280748197927996102e-02 8.817680726536473168e-01 3.361160551352560333e+01
8.803885217156712795e-01 3.690378054396857479e-03 -4.742453880566669389e-01 -1.176661440495079347e+01 -3.223284574005529091e-02 9.981231711905623749e-01 -5.207670500521523888e-02 -2.224863238167430257e+00 4.731634065645894394e-01 6.113210154712295230e-02 8.788551431647809720e-01 3.446233037221663409e+01
8.775351504869476349e-01 1.689819185462030455e-03 -4.795471429593288204e-01 -1.224386323537137855e+01 -3.059516972193498247e-02 9.981534831217662163e-01 -5.246501552730926249e-02 -2.285331246222359614e+00 4.785732226208465057e-01 6.070831246621764127e-02 8.759666469813438550e-01 3.531923664143711505e+01
8.771256077734135292e-01 9.146487145881506981e-04 -4.802192175002881203e-01 -1.272678428192266509e+01 -2.968436453816197459e-02 9.981895400157142495e-01 -5.232207739431222332e-02 -2.345196545014017975e+00 4.793021342867341272e-01 6.014801017108373921e-02 8.755647359770467597e-01 3.617644189674300748e+01
8.740070972981139885e-01 1.314890503204668888e-03 -4.858657667849309303e-01 -1.322436525774565830e+01 -3.090402927661492147e-02 9.981222357612857810e-01 -5.289864569432073393e-02 -2.403472420245740704e+00 4.848841419260618846e-01 6.124995337925173700e-02 8.724067091540405050e-01 3.704653167834641891e+01
8.747013132413170577e-01 -2.030696912383132282e-04 -4.848181220610568998e-01 -1.372462816607047209e+01 -2.918915537547076000e-02 9.981626327548266397e-01 -5.311496701709604584e-02 -2.462756470218139704e+00 4.839385543390400946e-01 6.060777339611249370e-02 8.730883025771599693e-01 3.793164464610079278e+01
8.737797359637142769e-01 1.110461280386653435e-03 -4.862596753492091084e-01 -1.423649716077952299e+01 -2.969822842634266963e-02 9.982528932239359554e-01 -5.107260802192441218e-02 -2.517369023408530637e+00 4.853532210715307826e-01 5.906941385151154300e-02 8.722862137002284078e-01 3.882707715465462428e+01
8.738694744611424925e-01 -7.481787183281821520e-04 -4.861108607455766895e-01 -1.475218043094082887e+01 -2.745620004969056421e-02 9.983270275850802955e-01 -5.088547727761632417e-02 -2.579749644257466112e+00 4.853358839821112491e-01 5.781210222768994045e-02 8.723866874412348205e-01 3.974022727891495776e+01
8.731314508323932966e-01 -6.847560532463505944e-04 -4.874574251918162848e-01 -1.527259750847264641e+01 -2.761903217143426084e-02 9.983234948921962948e-01 -5.086852550765218195e-02 -2.639834679078256308e+00 4.866750043830065375e-01 5.787773702825223937e-02 8.716484392470293940e-01 4.065088868143613610e+01
8.716757293327105360e-01 -3.495698966074902141e-03 -4.901397045657066576e-01 -1.580671979696744422e+01 -2.514491449389685482e-02 9.983386390066030236e-01 -5.184394763835516173e-02 -2.709281226533206688e+00 4.895068560040807815e-01 5.751256142526989246e-02 8.701394807855953317e-01 4.157900801720607120e+01
8.714543321222255612e-01 -5.716082798720794299e-03 -4.904447662674517039e-01 -1.633735522093335391e+01 -2.196527324407331061e-02 9.984740939221702360e-01 -5.067666173602060342e-02 -2.768368020001579666e+00 4.899859727929182784e-01 5.493667801839855619e-02 8.699989850350111631e-01 4.250601341488388130e+01
8.681037807654649052e-01 -4.031257508643499611e-03 -4.963349800433817238e-01 -1.688405546451832251e+01 -2.192854447340768578e-02 9.986794299334901259e-01 -4.645549018190853197e-02 -2.830240903503509653e+00 4.958668750506329825e-01 5.121149620260100760e-02 8.668689041692090314e-01 4.345168616576914644e+01
8.663665154235640209e-01 -4.043054604563217115e-03 -4.993057801260339379e-01 -1.742765155313501069e+01 -1.982511257930107823e-02 9.989006830697479966e-01 -4.249550284161278391e-02 -2.890021015750374733e+00 4.989284543993483534e-01 4.672072645038347072e-02 8.653338738180896828e-01 4.438062792082878616e+01
8.624440435498590407e-01 -5.739695157854887535e-03 -5.060783839293138131e-01 -1.797311995623460135e+01 -1.730715169537892784e-02 9.990166022074554730e-01 -4.081952096799430080e-02 -2.951801683124427367e+00 5.058147621622384182e-01 4.396656847380239069e-02 8.614966076988015420e-01 4.529245773397253316e+01
8.564897108853931629e-01 -8.814829721886739342e-03 -5.159133928734216390e-01 -1.853446580709282898e+01 -1.556644908577961041e-02 9.989584043355582699e-01 -4.289918523676082562e-02 -3.010015733701201235e+00 5.157536978186644250e-01 4.477927491529924003e-02 8.554602381077537343e-01 4.621030321154194098e+01
8.518637092755728668e-01 -1.115405073050062743e-02 -5.236520814447398475e-01 -1.910081026638070512e+01 -1.508157579736988871e-02 9.988362661141904075e-01 -4.580596882311260137e-02 -3.074004775738897521e+00 5.235537249848843944e-01 4.691866493960315104e-02 8.507040000969923188e-01 4.711616563491219267e+01
8.451474369898825945e-01 -1.204679847551320612e-02 -5.343898892526171007e-01 -1.967890085542838463e+01 -1.460256255702133479e-02 9.988526079043997807e-01 -4.561561851748192203e-02 -3.133221223029247327e+00 5.343261312608142966e-01 4.635819419373675421e-02 8.440015877961476454e-01 4.802449415958761136e+01
8.402452126008135291e-01 -8.298198624727548892e-03 -5.423305290120918887e-01 -2.027778334769262614e+01 -1.603254259424679792e-02 9.990654561039697956e-01 -4.014155935164488015e-02 -3.190068955137836060e+00 5.421572445110182104e-01 4.241984447809464542e-02 8.393268954774985025e-01 4.892477784141419050e+01
8.344124078097491237e-01 -4.692752710410251146e-03 -5.511296446644956548e-01 -2.088915056992559371e+01 -1.789893540402890879e-02 9.992055151653566059e-01 -3.560599600416392702e-02 -3.245633373551112033e+00 5.508589373505401454e-01 3.957541495929364772e-02 8.336654332146221646e-01 4.981845633929037831e+01
8.302990068446203242e-01 -4.275236933436790503e-03 -5.574671666903563416e-01 -2.150282093078156009e+01 -1.994037301309057458e-02 9.991024592004953409e-01 -3.737329090338678550e-02 -3.299515617615180751e+00 5.571267948164888573e-01 4.214410121578585772e-02 8.294683965113422985e-01 5.071327291888994182e+01
8.267114229790776259e-01 -5.999027309149231914e-03 -5.627252009604366556e-01 -2.211347023426112202e+01 -2.061538570201192772e-02 9.989486867461815356e-01 -4.093219642679134934e-02 -3.357074188979165985e+00 5.623795373332607372e-01 4.543417261191239759e-02 8.257184622618932712e-01 5.159044949423187632e+01
8.253832856323586320e-01 -8.240621657410265172e-03 -5.645205843183759287e-01 -2.272708398375329963e+01 -2.275630237110425058e-02 9.985953186796953096e-01 -4.786079524711708832e-02 -3.425111549436802516e+00 5.641220892062319692e-01 5.235079709716130431e-02 8.240361795471989881e-01 5.246312665586817303e+01
8.211660335299743041e-01 -9.975294274974238692e-03 -5.704765494352442845e-01 -2.334985698019193023e+01 -2.296488975370636690e-02 9.984598380838334286e-01 -5.049558980117786061e-02 -3.487644440215577735e+00 5.701016269213592391e-01 5.456805996335738207e-02 8.196720309702684171e-01 5.334167552096653253e+01
8.192862949243108206e-01 -8.324401170692073693e-03 -5.733162073777097190e-01 -2.397537484999403645e+01 -2.200345682951228982e-02 9.987016089737174029e-01 -4.595104219032937476e-02 -3.551214030518891729e+00 5.729544599832641083e-01 5.026226962155588840e-02 8.180392534086431411e-01 5.421450942538794493e+01
8.147341661242515354e-01 -6.529558834150586688e-03 -5.799541828839785973e-01 -2.461065967753883399e+01 -2.092786892958008182e-02 9.989538872822361082e-01 -4.064836032160652757e-02 -3.606342143315304227e+00 5.796131030714515298e-01 4.525060970124087506e-02 8.137453658211128982e-01 5.509573577770043329e+01
8.114670588814900665e-01 -4.796342672803808639e-03 -5.843818857522607990e-01 -2.525899592253534820e+01 -2.092753191982990937e-02 9.990864853573749871e-01 -3.725824767518754604e-02 -3.663546517183827511e+00 5.840268922208807778e-01 4.246198700060206666e-02 8.106253211938744263e-01 5.596941489205450182e+01
8.097944677224411247e-01 -3.205319092565001114e-03 -5.866911065307250928e-01 -2.590211812603688912e+01 -2.332577741244870606e-02 9.990184536970726503e-01 -3.764763157376104646e-02 -3.723405836459315221e+00 5.862357539243840954e-01 4.417493075949250475e-02 8.089249678703422930e-01 5.684193428083597865e+01
8.046455732563354557e-01 -4.792502500090650014e-03 -5.937660703399305628e-01 -2.655274712047431152e+01 -2.284431161125010865e-02 9.989771464546235435e-01 -3.901523974243405884e-02 -3.776398027084563847e+00 5.933455819486613825e-01 4.495832000699145903e-02 8.037131457866302231e-01 5.770521526817000790e+01
8.003493168981252737e-01 -7.665632007339578946e-03 -5.993463938698544435e-01 -2.720670315074503876e+01 -2.197261339563848226e-02 9.988714017749378282e-01 -4.211398145230878937e-02 -3.839691064863882453e+00 5.989927029645055745e-01 4.687896672159028166e-02 7.992775661436790635e-01 5.856632056344584925e+01
7.980339751255828284e-01 -8.745939729794545425e-03 -6.025067761652824760e-01 -2.787430445874204210e+01 -2.105379206378298410e-02 9.988796040859663217e-01 -4.238773750760277403e-02 -3.896151716479451466e+00 6.022023388301013247e-01 4.651313287158083398e-02 7.969556896826466286e-01 5.942405706009329691e+01
7.921056107102043553e-01 -9.643525217145450940e-03 -6.103153255330933113e-01 -2.854970396782800535e+01 -2.003955462313398647e-02 9.989252330844985428e-01 -4.178359119710146896e-02 -3.952560585372499879e+00 6.100625797498513414e-01 4.532520005478288955e-02 7.910610241290340072e-01 6.028836168056712097e+01
7.875245885860455708e-01 -9.713290782318577399e-03 -6.162983873666780799e-01 -2.922734097356759619e+01 -1.942197860560689743e-02 9.989879468283043851e-01 -4.056877000609136058e-02 -4.009045441250689734e+00 6.160686462737010594e-01 4.391962060381154886e-02 7.865389172223691272e-01 6.114332681912018330e+01
7.817511211977538066e-01 -1.118033765434668994e-02 -6.233950839601360983e-01 -2.992139476868450032e+01 -1.967130203088458471e-02 9.988995917573998407e-01 -4.258385362245318412e-02 -4.076106340388149896e+00 6.231847043554119558e-01 4.555940326091178355e-02 7.806708436129923268e-01 6.199285303514690071e+01
7.762390997328592057e-01 -1.272333722281285447e-02 -6.302401738109532081e-01 -3.061890258266666720e+01 -1.819339205992013750e-02 9.989279043874184083e-01 -4.255953377353599576e-02 -4.141232778998968911e+00 6.301058396982781584e-01 4.450395369851947031e-02 7.751753172755966315e-01 6.284425960647087095e+01
7.718045283990763172e-01 -1.535844297478377793e-02 -6.357247691747881513e-01 -3.132495240852092877e+01 -1.662820738279122482e-02 9.988788734966909111e-01 -4.432398141496617094e-02 -4.195822740262323158e+00 6.356928586218691946e-01 4.477940667708499300e-02 7.706837116944734722e-01 6.368369692606488996e+01
7.651612280237419794e-01 -1.594022267737437923e-02 -6.435255953966683151e-01 -3.204455441302403784e+01 -1.682043758560407276e-02 9.988573758828992455e-01 -4.473751228642640354e-02 -4.260541199323463424e+00 6.435034054065178477e-01 4.505480490728172582e-02 7.640187057399653314e-01 6.453111570076164583e+01
7.602649066847877446e-01 -1.914070969446015485e-02 -6.492471528177472528e-01 -3.277349123496956906e+01 -1.467641272054895883e-02 9.988046759941731079e-01 -4.661272902323339989e-02 -4.323852353932415404e+00 6.493631614407742170e-01 4.496868538260808540e-02 7.590750844696294575e-01 6.536393042779243956e+01
7.539726048565930094e-01 -1.992673928109889997e-02 -6.567644994902744893e-01 -3.351654584479989296e+01 -1.464323022173888260e-02 9.987816545940845225e-01 -4.712432246517692797e-02 -4.387851855560035652e+00 6.569039159512397585e-01 4.514088220241606331e-02 7.527621504232849814e-01 6.620018835092419351e+01
7.465637004130564192e-01 -2.075970320134846309e-02 -6.651308364506270943e-01 -3.426781568737557393e+01 -1.271049846439038788e-02 9.988856589012283793e-01 -4.544912839088297712e-02 -4.450880222423843513e+00 6.653332508805892553e-01 4.238376983364843670e-02 7.454677272869727478e-01 6.703027913476937272e+01
7.413222435520911979e-01 -2.181530530446711136e-02 -6.708347575778074168e-01 -3.502408113703632608e+01 -1.094491292861484583e-02 9.989457157279277855e-01 -4.457750779165300936e-02 -4.516694000557448518e+00 6.711003885457941243e-01 4.038393224873647325e-02 7.403019994068097409e-01 6.786060822219853605e+01
7.347824391695875201e-01 -2.298649657818064088e-02 -6.778454414309134091e-01 -3.579922487561110245e+01 -1.048552727045481275e-02 9.989212345688792682e-01 -4.523416399829785495e-02 -4.583814456686178929e+00 6.781540691879671678e-01 4.034676420233544725e-02 7.337489119587075059e-01 6.868374869335735866e+01
7.275917022469238216e-01 -2.582793994358529091e-02 -6.854651865903794716e-01 -3.658870758843819715e+01 -9.034284709295159130e-03 9.988435959485194582e-01 -4.721818309700154259e-02 -4.649625322220226842e+00 6.858921421209630553e-01 4.054836167724681917e-02 7.265172059625769618e-01 6.949861180642538727e+01
7.243637530767071953e-01 -2.457622188241065375e-02 -6.888121049124962259e-01 -3.737407701322227638e+01 -1.151097542131681965e-02 9.987939710284841066e-01 -4.772733293333605853e-02 -4.708287641689262948e+00 6.891541283531584794e-01 4.250383056625686717e-02 7.232074535261872050e-01 7.031835780827421445e+01
7.168794685476900241e-01 -2.586222945670735296e-02 -6.967772207770613901e-01 -3.817546073570117215e+01 -9.809365909146449541e-03 9.988386534759396973e-01 -4.717947317208200098e-02 -4.781891640496176876e+00 6.971882249912852991e-01 4.065926178943691377e-02 7.157934589204318909e-01 7.112609706083920003e+01
7.121146210008074684e-01 -2.426762967265299123e-02 -7.015041192363328237e-01 -3.898975797987414893e+01 -1.158627855419227907e-02 9.988600200887916003e-01 -4.632005107836681401e-02 -4.848315142365124508e+00 7.018281394830861997e-01 4.111912392925950316e-02 7.110217139671637376e-01 7.193147318694494174e+01
7.083835058421239506e-01 -2.592165001110147485e-02 -7.054926133396940413e-01 -3.981661757701284188e+01 -1.136631397637489875e-02 9.987768191456826150e-01 -4.812935833883034281e-02 -4.913400931979801101e+00 7.058775226295198602e-01 4.211032684426110201e-02 7.072226095825061565e-01 7.274818798490879601e+01
7.023553842908630829e-01 -2.864731461786653235e-02 -7.113434853588705975e-01 -4.064590041755879213e+01 -1.156112043643897115e-02 9.985990177903552034e-01 -5.162195965212915127e-02 -4.984036277757375011e+00 7.118261611569751679e-01 4.447833142273904111e-02 7.010400647003982577e-01 7.354342895569249094e+01
6.974123779355542174e-01 -3.087615433258621492e-02 -7.160539382971138345e-01 -4.148437740379640815e+01 -1.098570210360502730e-02 9.984936978676325348e-01 -5.376707080690717316e-02 -5.063604434744175542e+00 7.166347533634228606e-01 4.537213002623476793e-02 6.960224181734064874e-01 7.434960906790598756e+01
6.918807419392920544e-01 -3.178820200084787884e-02 -7.212290742569291702e-01 -4.234093619676897902e+01 -1.140279114666827368e-02 9.984246759614948674e-01 -5.495113585489118380e-02 -5.138160213872100535e+00 7.218393907428773959e-01 4.624496172311150927e-02 6.904284297173163276e-01 7.515071105965684239e+01
6.866971725908891377e-01 -3.201005450655909634e-02 -7.262615056099241961e-01 -4.320165148281764544e+01 -1.101618134451123540e-02 9.984571276697522535e-01 -5.442182447460660460e-02 -5.209907220260190819e+00 7.268836056523034772e-01 4.536365651654331727e-02 6.852852291583042543e-01 7.595281723727767087e+01
6.830227817952030378e-01 -3.187395698319506893e-02 -7.296472707265142521e-01 -4.406901709562513503e+01 -1.079076083467515185e-02 9.984980274829341473e-01 -5.372402226327331609e-02 -5.289837504928227574e+00 7.302633125326249974e-01 4.457123518784175675e-02 6.816529735473330076e-01 7.673607223243125475e+01
6.761772996420567505e-01 -3.306087654764566092e-02 -7.360001741396245967e-01 -4.494075518709801287e+01 -9.376812467699604733e-03 9.985255661516879711e-01 -5.347016388705539552e-02 -5.374964572659468587e+00 7.366826909979300453e-01 4.305637491573160308e-02 6.748704483961662781e-01 7.754847188145957659e+01
6.730035017486446502e-01 -3.474838482142570545e-02 -7.388692795632949561e-01 -4.582253344437897624e+01 -8.014818103348586575e-03 9.984946466377085939e-01 -5.426864640324571137e-02 -5.444229805106868270e+00 7.396428380081917497e-01 4.244354716886272055e-02 6.717120123459163761e-01 7.834121936908965722e+01
6.682318139642701160e-01 -3.589666595355901768e-02 -7.431819532095312875e-01 -4.671702409141487777e+01 -6.178133428479695884e-03 9.985329509979575802e-01 -5.378879236368316191e-02 -5.521461014094719566e+00 7.440229408671664713e-01 4.053232667454358812e-02 6.670298288488076821e-01 7.912621198722477800e+01
6.633794932271345202e-01 -3.885096701577808731e-02 -7.474279117992856936e-01 -4.762090255605421873e+01 -3.332403429717882646e-03 9.984879362048110218e-01 -5.486201398519317818e-02 -5.597239894600358312e+00 7.484296803958531141e-01 3.888303605352286946e-02 6.622470124396976354e-01 7.991973100601606461e+01
6.602975964984492130e-01 -4.152561473882281085e-02 -7.498946470947539522e-01 -4.852128494890258992e+01 -7.043922708274261060e-04 9.984355535511815205e-01 -5.590727112110541880e-02 -5.681300132171696049e+00 7.510430796914903118e-01 3.744511897247598115e-02 6.592352184806429261e-01 8.070842886483234224e+01
6.547106025853119959e-01 -4.648913362696103363e-02 -7.544312248055338177e-01 -4.943623157002028989e+01 2.704880599197174301e-03 9.982446593918627986e-01 -5.915318264761326023e-02 -5.770812561482979497e+00 7.558570755291033061e-01 3.668775104111170193e-02 6.536870319528791384e-01 8.148676236612753598e+01
6.517006726825766982e-01 -5.097490714262540440e-02 -7.566837146931592040e-01 -5.035204397078428684e+01 7.498828637490555921e-03 9.981230169133997743e-01 -6.078116314303523560e-02 -5.852763307389710512e+00 7.583621873877542940e-01 3.393044871712701249e-02 6.508602260191055366e-01 8.227882907784008637e+01
6.443253386321783349e-01 -5.560134353244230998e-02 -7.626653632723769949e-01 -5.127989853962180433e+01 1.357253655020896135e-02 9.980271989357822893e-01 -6.129431133245882846e-02 -5.938719244528805064e+00 7.645697410962881690e-01 2.913053443823056254e-02 6.438097792312034162e-01 8.306246842589489177e+01
6.344094988666931778e-01 -5.946393532399240484e-02 -7.707830272244942105e-01 -5.221574999033188647e+01 1.818871968448666776e-02 9.979091671478085290e-01 -6.201871514043767741e-02 -6.026486766745544621e+00 7.728593169633002358e-01 2.532961935607121531e-02 6.341644620563298140e-01 8.383919586071893093e+01
6.273443645505829558e-01 -6.179595481803044910e-02 -7.762464634965956511e-01 -5.315966134875243654e+01 2.236407063772978890e-02 9.978647474262987149e-01 -6.136017849414827224e-02 -6.121091048880856533e+00 7.783812302695874985e-01 2.112865777168310838e-02 6.273872663495346780e-01 8.460578788408432160e+01
6.172490890741086922e-01 -6.044902418182079851e-02 -7.844185184209390149e-01 -5.413267425763693552e+01 2.275229787427573633e-02 9.979980704347933829e-01 -5.901320957548750190e-02 -6.203603819978352973e+00 7.864155055828210283e-01 1.857576141626210431e-02 6.173894114215792150e-01 8.536022832993769782e+01
6.071366235066743000e-01 -6.133964937110739785e-02 -7.921462419811976519e-01 -5.512311792084490492e+01 2.351770146438394299e-02 9.979667818690298731e-01 -5.924736936356787831e-02 -6.299946823679666963e+00 7.941689275526925273e-01 1.734936974379191338e-02 6.073440590903907976e-01 8.610144866461945412e+01
5.994389479254629283e-01 -6.074067888261831805e-02 -7.980739377297174642e-01 -5.610803568026479127e+01 1.994636847111198527e-02 9.979409076120000499e-01 -6.096390205687798880e-02 -6.376334335000674258e+00 8.001329393496131592e-01 2.063402113791173997e-02 5.994153696059699721e-01 8.684359585503744938e+01
5.889738105286502767e-01 -6.396891284799108290e-02 -8.056079321652824810e-01 -5.710850224164207134e+01 2.225906701218773390e-02 9.977684206552435153e-01 -6.295360065479037315e-02 -6.466685234770872981e+00 8.078368671586795280e-01 1.915110466923332366e-02 5.890830666485953326e-01 8.756104334948298629e+01
5.783022477433799047e-01 -6.492922920395335917e-02 -8.131705262723881722e-01 -5.812500062985176186e+01 2.198734932207220896e-02 9.977065272173527566e-01 -6.402789126999032521e-02 -6.566476242013026265e+00 8.154617359424248813e-01 1.915684787583704640e-02 5.784030177943944029e-01 8.827594887271654045e+01
5.684571739550817737e-01 -6.725116031201812394e-02 -8.199111473421811791e-01 -5.915466233445778244e+01 2.618263668170225239e-02 9.976280491291928954e-01 -6.366114314772816640e-02 -6.654326313410271254e+00 8.222471634823568243e-01 1.472715695920768716e-02 5.688685737792814612e-01 8.899413082190153546e+01
5.575642021922210256e-01 -6.678591931503495560e-02 -8.274241585369933594e-01 -6.020194503568595223e+01 2.669530695924151459e-02 9.976862306037281858e-01 -6.253398182291269869e-02 -6.746007114498669743e+00 8.296850888019194903e-01 1.278898353719761655e-02 5.580559107595015611e-01 8.968491250487102207e+01
5.459196785814031117e-01 -6.918704256336379033e-02 -8.349672578356277519e-01 -6.125098652466162008e+01 2.829882086525909932e-02 9.975392094460781012e-01 -6.414726470164347494e-02 -6.849997718110207856e+00 8.373502990968030302e-01 1.139815000838253697e-02 5.465333371426543962e-01 9.036345852258462230e+01
5.376001969903511091e-01 -6.952724345691431440e-02 -8.403882907175156403e-01 -6.231051596050956931e+01 2.641407846979727456e-02 9.974946216318385517e-01 -6.563766774948275040e-02 -6.940903144536653357e+00 8.428454404750614914e-01 1.309976564954679241e-02 5.380893139537994418e-01 9.103989473930165843e+01
5.251799641405867636e-01 -6.980157424024165114e-02 -8.479560489986516236e-01 -6.339369680644771421e+01 2.460968809966316423e-02 9.974594927156268387e-01 -6.685432738298872912e-02 -7.032498515048245302e+00 8.504675175096064743e-01 1.424277661821250589e-02 5.255631770015136706e-01 9.169462494665519614e+01
5.151699932428620565e-01 -7.095858536597338118e-02 -8.541982521133993922e-01 -6.447165530329796468e+01 2.372843180006759325e-02 9.973656090042968270e-01 -6.854803539263719381e-02 -7.133720043755817919e+00 8.568123192193748405e-01 1.504419182996413230e-02 5.154969986325106390e-01 9.233568858996690665e+01
