1.0 0.0 0.0 0.0 0.0 1.0 0.0 0.0 0.0 0.0 1.0 0.0
0.9999309 0.011716271 0.00094429863 0.2989502 -0.011713022 0.99992573 -0.0033747414 -0.01159668 -0.000983759 0.0033634463 0.99999386 -0.00390625
0.99984014 0.017832994 0.001400341 0.57873535 -0.017824627 0.9998246 -0.00577661 -0.024536133 -0.0015030687 0.005750741 0.99998236 0.018066406
0.9997849 0.020736823 0.00032058818 0.88012695 -0.020733738 0.9997553 -0.00770456 -0.031982422 -0.00048029958 0.0076962546 0.99997026 0.020507812
0.99981755 0.019081978 -0.00080007955 1.1922607 -0.019087987 0.99978304 -0.008335022 -0.041870117 0.0006408999 0.008348776 0.99996495 0.0056152344
0.99992406 0.012129188 -0.0021909154 1.5106201 -0.0121539775 0.999858 -0.011673981 -0.04333496 0.0020490391 0.011699727 0.9999294 0.010009766
0.99999356 -2.6117279e-05 -0.003591381 1.8314209 -2.1012882e-05 0.9999139 -0.01312485 -0.0357666 0.0035914145 0.01312484 0.99990743 0.022583008
0.9998535 -0.016589768 -0.0041948296 2.1705322 0.016539346 0.99979365 -0.011785387 -0.020385742 0.0043895273 0.011714271 0.99992174 0.018066406
0.99941015 -0.034069914 -0.004310064 2.5080566 0.034034636 0.9993886 -0.008010466 0.008544922 0.0045802966 0.007859044 0.99995863 0.022460938
0.99846137 -0.05524118 -0.0048714457 2.8579102 0.055227272 0.99846965 -0.002944088 0.04736328 0.005026625 0.0026705088 0.9999838 0.03125
0.9972825 -0.07341315 -0.0061302297 3.2200928 0.07339177 0.9972963 -0.0036418624 0.083618164 0.0063810893 0.003182035 0.99997455 0.025634766
0.9954878 -0.094726965 -0.0056258817 3.600586 0.09470333 0.9954965 -0.004328738 0.13000488 0.006010552 0.0037764185 0.9999748 0.030151367
0.99322975 -0.11609907 -0.004268835 3.9849854 0.1160723 0.9932236 -0.0060602813 0.17993164 0.0049434626 0.0055238167 0.9999725 0.03918457
0.99111056 -0.13296361 -0.0047678985 4.378418 0.13293827 0.9911113 -0.0052903728 0.24279785 0.0054289023 0.0046098004 0.99997467 0.04345703
0.9886273 -0.15034373 -0.0038303141 4.7928467 0.15032272 0.9886238 -0.005281947 0.3199463 0.0045808083 0.004645896 0.9999787 0.04626465
0.9867212 -0.16234715 -0.0041823545 5.2158203 0.16233014 0.9867242 -0.0041305413 0.40441895 0.004797565 0.0033966394 0.9999827 0.051635742
0.9844507 -0.17555517 -0.0047379625 5.649536 0.17552467 0.9844478 -0.0062340815 0.48181152 0.0057586865 0.0053054783 0.99996936 0.055541992
0.9829653 -0.18368919 -0.0061914767 6.100342 0.18363406 0.982958 -0.008534413 0.5625 0.007654288 0.0072520785 0.9999444 0.06506348
0.9816224 -0.19066894 -0.007778946 6.563843 0.19060896 0.98163354 -0.00784149 0.66589355 0.009131325 0.006214397 0.99993896 0.07104492
0.98012215 -0.1981473 -0.010017696 7.043335 0.19806956 0.98015434 -0.008242447 0.77160645 0.011452375 0.0060946043 0.99991584 0.06945801
0.97858065 -0.20548977 -0.012536756 7.520508 0.20539036 0.97864246 -0.008774592 0.8770752 0.014071972 0.006012226 0.99988294 0.07946777
0.9766417 -0.21449737 -0.013491066 8.025879 0.21433687 0.9766912 -0.012408241 0.98999023 0.015837913 0.009227295 0.99983186 0.084472656
0.9750023 -0.22181709 -0.0131814275 8.539917 0.22156233 0.9749755 -0.018399458 1.1049805 0.016932607 0.015019316 0.99974376 0.09851074
0.97291666 -0.23063843 -0.01562898 9.064819 0.23032269 0.97291803 -0.019677613 1.2301025 0.019743469 0.015545417 0.99968415 0.11767578
0.9706845 -0.23946333 -0.020811098 9.59436 0.23917402 0.9708559 -0.015463406 1.3724365 0.023906726 0.010031803 0.9996637 0.11608887
0.968634 -0.24721934 -0.024772732 10.135864 0.24695164 0.9689268 -0.013387404 1.5249023 0.027312545 0.0068483017 0.9996033 0.1270752
0.96631426 -0.25613546 -0.026139455 10.702026 0.25580382 0.9666331 -0.015382413 1.6721191 0.029205857 0.008180543 0.99953985 0.14538574
0.96372825 -0.26544282 -0.02755046 11.2677 0.2650297 0.96407187 -0.017764192 1.836792 0.031276766 0.0098193735 0.9994626 0.16748047
0.96170866 -0.27225938 -0.030768737 11.843384 0.27183563 0.9621652 -0.017286628 1.9998779 0.034312673 0.008259592 0.9993771 0.18457031
0.9593806 -0.27998424 -0.0341984 12.434814 0.27955687 0.959967 -0.016798504 2.18396 0.03753407 0.006557459 0.99927425 0.20300293
0.9571411 -0.28693587 -0.039461564 13.03479 0.2864273 0.9579355 -0.018111572 2.373413 0.042996842 0.0060310382 0.9990566 0.22924805
0.954684 -0.2938934 -0.047024477 13.63916 0.2933386 0.9558336 -0.01845089 2.5593262 0.050370038 0.003822391 0.99872345 0.26123047
0.95293903 -0.2981218 -0.055014867 14.269043 0.29750356 0.95452404 -0.01929864 2.7618408 0.058265064 0.0020209327 0.9982986 0.28723145
0.9514753 -0.3009611 -0.0638578 14.903564 0.30034667 0.9536146 -0.019244459 2.9696045 0.06668914 -0.00086994655 0.99777406 0.32641602
0.94934493 -0.30562845 -0.07336212 15.546875 0.30503437 0.9521664 -0.019443138 3.1850586 0.07579425 -0.003910904 0.9971165 0.36157227
0.9478166 -0.30823866 -0.0815836 16.203003 0.3078961 0.9512786 -0.017060852 3.406372 0.08286712 -0.008943458 0.996521 0.4169922
0.9452728 -0.3138464 -0.089193754 16.873657 0.31360456 0.9493989 -0.017081399 3.644165 0.09004046 -0.011828724 0.9958668 0.46899414
0.94359976 -0.31705585 -0.095280156 17.549438 0.31704175 0.9482702 -0.015684731 3.8858643 0.09532723 -0.015402262 0.9953295 0.532959
0.9412492 -0.32198414 -0.10174401 18.235107 0.3223024 0.94652337 -0.0137522295 4.1326904 0.10073106 -0.019849792 0.9947162 0.600708
0.93921703 -0.3267886 -0.10500055 18.935669 0.32740277 0.944781 -0.01182849 4.3901367 0.10306887 -0.023276087 0.99440205 0.6702881
0.93762225 -0.33032694 -0.1085192 19.651733 0.33129916 0.94349366 -0.0094692055 4.6531982 0.10551433 -0.027070884 0.99404854 0.74194336
0.93515193 -0.33738828 -0.10802765 20.376587 0.33841625 0.9409586 -0.009226456 4.9243164 0.10476362 -0.027934533 0.994103 0.82788086
0.93328184 -0.34313613 -0.105804436 21.10559 0.34416863 0.938841 -0.008925439 5.1970215 0.10239571 -0.028095603 0.9943456 0.9063721
0.93107265 -0.34970012 -0.104240336 21.856567 0.35068512 0.93647444 -0.00932317 5.481079 0.100877605 -0.027865065 0.9945091 0.98669434
0.92893255 -0.35622746 -0.10064096 22.582275 0.35713822 0.933975 -0.009445961 5.7696533 0.09735948 -0.027182382 0.994876 1.0714111
0.924782 -0.36791345 -0.09686671 23.350098 0.36893672 0.9294051 -0.0077925622 6.085205 0.092893586 -0.028542845 0.9952648 1.1467285
0.92218465 -0.37561578 -0.091997035 24.101196 0.3767878 0.92627364 -0.004946538 6.4040527 0.087072216 -0.030106993 0.9957464 1.2272949
0.9192687 -0.38343924 -0.08933699 24.86316 0.38486436 0.9230051 -0.0013731443 6.7280273 0.08298352 -0.033110164 0.9960011 1.300293
0.91567785 -0.3922244 -0.08785307 25.628296 0.39365742 0.9192695 -0.0011016931 7.0670166 0.08119111 -0.03357111 0.996133 1.3721924
0.91178674 -0.40095735 -0.08835959 26.401733 0.40249535 0.9153822 -0.00044856267 7.415283 0.08106307 -0.035159208 0.9960894 1.4477539
0.90818655 -0.40927172 -0.0878272 27.172974 0.41081065 0.9117297 -0.0005918164 7.7747803 0.08032025 -0.035533756 0.9961372 1.5091553
0.9044261 -0.4177824 -0.08615935 27.965454 0.4194245 0.9077616 0.0010667494 8.151611 0.077769674 -0.037100136 0.9962823 1.5810547
0.9007331 -0.426233 -0.083924614 28.754517 0.42774326 0.90392005 2.5162473e-05 8.530884 0.0758519 -0.03591121 0.9964733 1.654419
0.89802176 -0.43259692 -0.079842076 29.556885 0.43391705 0.90093064 -0.0009140484 8.918823 0.0723255 -0.03383521 0.99680567 1.7199707
0.8943467 -0.44100723 -0.075294144 30.374023 0.44236156 0.89684343 0.0014685132 9.32666 0.06688059 -0.034624122 0.9971596 1.7819824
0.89129937 -0.44794077 -0.0701121 31.190552 0.44912437 0.8934569 0.0012592557 9.741821 0.06207785 -0.03260793 0.99753904 1.8432617
0.88755953 -0.45564377 -0.06803097 32.008545 0.45671332 0.8896152 0.00018521564 10.169189 0.060436126 -0.031238012 0.9976827 1.9053955
0.8844089 -0.46176443 -0.067642495 32.842896 0.46282253 0.8864416 -3.9565348e-05 10.61145 0.059979096 -0.031282715 0.9977082 1.9639893
0.8817168 -0.4670834 -0.06581025 33.6781 0.4680749 0.88364416 -0.00039870053 11.058838 0.05833955 -0.030455312 0.9978324 2.0195312
0.87880313 -0.47285885 -0.06416131 34.531128 0.4738225 0.8806239 -0.0002165355 11.527466 0.056607187 -0.030208657 0.9979398 2.076294
0.8759198 -0.47826123 -0.06376584 35.39026 0.47910777 0.8777738 -0.00227535 12.000732 0.057059996 -0.028559826 0.99796164 2.1348877
0.8755205 -0.47898874 -0.063209996 36.2489 0.47977588 0.8773633 -0.0030594736 12.481323 0.056926947 -0.027647626 0.99799603 2.1931152
0.87235934 -0.48456958 -0.06433611 37.121216 0.48542002 0.8742515 -0.002718334 12.974976 0.05756677 -0.028856697 0.9979252 2.2495117
0.8730463 -0.48361802 -0.06369326 38.007446 0.48436087 0.87494427 -0.004225365 13.473389 0.057773564 -0.027143095 0.9979617 2.3070068
0.872241 -0.48504856 -0.06215813 38.90454 0.48582703 0.8740162 -0.0029322891 13.982788 0.055747807 -0.027647417 0.9980616 2.3605957
0.8723482 -0.4850268 -0.060904272 39.81909 0.48566762 0.8741031 -0.0047920994 14.496216 0.055563338 -0.025405046 0.9981319 2.4212646
0.87160945 -0.48636642 -0.060975812 40.731323 0.48701462 0.87336594 -0.0047431956 15.014038 0.055561695 -0.025565075 0.998128 2.4796143
0.87010896 -0.48918498 -0.06062872 41.661377 0.48967066 0.8719133 -0.0075838873 15.5448 0.056572955 -0.02308622 0.9981316 2.546997
0.8699773 -0.48966432 -0.05805901 42.589966 0.48997048 0.87168455 -0.009813841 16.072998 0.055415686 -0.019904235 0.99826556 2.6047363
0.8668442 -0.49557522 -0.05435654 43.53833 0.49590465 0.86832035 -0.008202917 16.6156 0.051263876 -0.019850314 0.9984876 2.6662598
0.8653125 -0.49865958 -0.04987913 44.469482 0.49890655 0.86656654 -0.008258184 17.156006 0.04734321 -0.017735602 0.998722 2.725708
0.8614822 -0.5055517 -0.04715796 45.384155 0.50568086 0.86263794 -0.010036308 17.6969 0.04575198 -0.015202461 0.9988371 2.786499
0.8554541 -0.5154724 -0.04801759 46.305298 0.5154785 0.85669494 -0.013220928 18.252563 0.047952533 -0.013448562 0.9987593 2.8425293
0.8507029 -0.52325165 -0.05019403 47.21399 0.5231782 0.8520843 -0.015642382 18.813965 0.05095231 -0.012954647 0.9986168 2.9041748
0.8440031 -0.53402525 -0.04967842 48.125977 0.5339108 0.84537184 -0.016659908 19.38623 0.0508928 -0.01245963 0.9986267 2.9621582
0.8393189 -0.5418976 -0.045764633 49.02954 0.5419187 0.84045106 -0.01301159 19.98059 0.04551214 -0.013870064 0.99886763 3.0197754
0.8336469 -0.55063444 -0.042946097 49.926758 0.5507766 0.83460444 -0.0095168315 20.587158 0.04108197 -0.01571988 0.999032 3.0759277
0.82944494 -0.5568946 -0.045537926 50.82422 0.55710226 0.83050424 -0.0091678575 21.196655 0.04292303 -0.017756157 0.9989207 3.128296
0.8256969 -0.56212485 -0.04885012 51.703857 0.56232035 0.8269362 -0.010947056 21.803345 0.046546105 -0.0184312 0.9987455 3.183838
0.8240148 -0.56382495 -0.055776197 52.578125 0.564046 0.8256433 -0.013194956 22.414062 0.053493448 -0.020581214 0.9983567 3.2487793
0.81965345 -0.5697876 -0.058017373 53.459473 0.5699693 0.821442 -0.014996791 23.032593 0.056203023 -0.020788653 0.99820244 3.3096924
0.8180192 -0.57266927 -0.053719427 54.334717 0.5728555 0.8195414 -0.0133895995 23.655151 0.051695522 -0.019817568 0.99846655 3.3741455
0.8137236 -0.5793616 -0.04872869 55.21924 0.57954663 0.8149665 -0.011686012 24.286255 0.046478033 -0.018727876 0.9987433 3.43042
0.81059986 -0.58379805 -0.045951378 56.095703 0.58401215 0.8116856 -0.0100142285 24.931152 0.04314488 -0.018720148 0.9988934 3.4882812
0.8088912 -0.5860086 -0.047668584 56.970215 0.58632845 0.81001943 -0.008447964 25.571533 0.043559108 -0.021117684 0.9988273 3.5474854
0.8036833 -0.5931088 -0.04847863 57.83667 0.5933816 0.80487984 -0.010120533 26.217651 0.045017935 -0.020633709 0.99877274 3.5996094
0.7992554 -0.59873444 -0.050421957 58.700684 0.5989181 0.8006001 -0.013059747 26.867432 0.04819099 -0.019764734 0.9986428 3.661499
0.79693764 -0.601941 -0.050068863 59.56079 0.60206896 0.7982863 -0.014179857 27.53186 0.048506908 -0.018844303 0.9986453 3.7176514
0.7910469 -0.60980415 -0.0489074 60.42871 0.60987574 0.7923575 -0.015178315 28.202515 0.04800597 -0.017826095 0.99868745 3.7740479
0.7865262 -0.61581755 -0.04752062 61.286865 0.61586744 0.7877724 -0.015326883 28.876099 0.046870213 -0.017204762 0.99875283 3.8308105
0.78066075 -0.62292176 -0.049182937 62.139893 0.6229379 0.7820132 -0.01688249 29.565552 0.048979275 -0.017457344 0.99864763 3.8972168
0.775172 -0.62984174 -0.048150282 62.994873 0.6297725 0.7765022 -0.01851633 30.258545 0.049048495 -0.015979111 0.99866813 3.9624023
0.77069 -0.6354162 -0.048446793 63.837402 0.63522536 0.7720767 -0.021221574 30.960571 0.050888546 -0.01441619 0.99860036 4.0166016
0.76402617 -0.64322567 -0.04874311 64.68872 0.64301836 0.7654401 -0.021906648 31.675415 0.05140754 -0.014611818 0.99857104 4.081421
0.7590952 -0.64907205 -0.04867839 65.5249 0.6487036 0.7605529 -0.025183132 32.400146 0.053364195 -0.012472171 0.9984966 4.1445312
0.75278467 -0.6566111 -0.048872005 66.36499 0.656211 0.7542671 -0.026067957 33.13855 0.053977072 -0.012441475 0.99846464 4.2088623
0.74549747 -0.6650502 -0.0461364 67.19946 0.66458434 0.74684995 -0.027020752 33.884888 0.05242075 -0.010511543 0.99856967 4.2730713
0.74033916 -0.6708221 -0.044151116 68.03345 0.67028767 0.74160326 -0.028159685 34.637085 0.051632132 -0.0087496685 0.99862754 4.3398438
0.73379076 -0.677873 -0.044130612 68.860596 0.6772848 0.7350697 -0.029428734 35.407715 0.05238829 -0.00829817 0.99859214 4.407593
0.72657067 -0.6855999 -0.044353418 69.67969 0.6848694 0.72789085 -0.03237621 36.192383 0.054482438 -0.006857578 0.998491 4.473755
0.7232518 -0.6888621 -0.0463117 70.5022 0.6882202 0.7246728 -0.03116817 36.97473 0.055035174 -0.0093396045 0.99844056 4.533203
0.7158464 -0.69690007 -0.044485897 71.31445 0.6961804 0.7171858 -0.032569777 37.77124 0.054602847 -0.0076455195 0.99847937 4.6081543
0.7110665 -0.7015478 -0.044949114 72.12329 0.7009241 0.71242255 -0.031043591 38.58203 0.053809416 -0.009429316 0.9985073 4.6761475
0.7072727 -0.7055876 -0.0459519 72.943115 0.70488703 0.70870334 -0.03275082 39.405396 0.05567515 -0.009215707 0.9984069 4.7419434
0.7010975 -0.71151817 -0.04833392 73.74219 0.7106918 0.7026993 -0.0355568 40.23047 0.05925311 -0.009425297 0.9981977 4.812866
0.69608796 -0.7163157 -0.04923873 74.552 0.7153702 0.6977701 -0.037853237 41.065063 0.061468817 -0.008861488 0.9980704 4.8931885
0.69049615 -0.7215159 -0.05011936 75.35693 0.72052944 0.6922496 -0.038841065 41.917725 0.062729485 -0.009290913 0.9979881 4.968994
0.6853554 -0.72656476 -0.049245562 76.16284 0.72556406 0.68706506 -0.039139155 42.77466 0.062274948 -0.008912623 0.99801904 5.0426025
0.68172395 -0.7299495 -0.048456315 76.94946 0.72895586 0.683388 -0.03905641 43.638794 0.06162866 -0.008693937 0.99806184 5.124634
0.67494977 -0.736372 -0.04695124 77.76636 0.73530227 0.67654127 -0.040342577 44.506104 0.06147261 -0.007293227 0.9980823 5.211548
0.67180043 -0.73932827 -0.046345122 78.562256 0.73815364 0.6733705 -0.04207499 45.384766 0.06231682 -0.0059387693 0.99803925 5.2824707
0.6671276 -0.743712 -0.04444074 79.351074 0.74246204 0.6685937 -0.043293443 46.275635 0.061905593 -0.0041115405 0.9980733 5.3619385
0.66236234 -0.7481137 -0.042801734 80.14844 0.74667954 0.6637429 -0.046316814 47.17578 0.06304869 -0.00127786 0.9980092 5.439453
0.6593665 -0.75072175 -0.041370664 80.94043 0.74912006 0.6606619 -0.049034316 48.072998 0.06413759 0.0013408321 0.99794 5.5252686
0.65384394 -0.7555198 -0.04062657 81.7229 0.7535977 0.6550883 -0.054071665 48.983887 0.06746055 0.004732067 0.99771005 5.615967
0.6510452 -0.75801635 -0.037880268 82.51831 0.7558073 0.6520766 -0.058600098 49.896484 0.06913263 0.009516079 0.9975621 5.699585
0.6440291 -0.76422375 -0.03309393 83.306885 0.7617534 0.6446906 -0.063332535 50.819824 0.06974982 0.01557051 0.99744266 5.7877197
0.6344132 -0.7725145 -0.02930527 84.089355 0.76983863 0.6347697 -0.06733341 51.75049 0.07060949 0.020160278 0.99730027 5.8776855
0.62765914 -0.77804375 -0.025109544 84.86084 0.77529097 0.6276903 -0.069765046 52.690186 0.07004608 0.024316091 0.9972469 5.9750977
0.6176633 -0.78609633 -0.022553254 85.62109 0.78348947 0.6175815 -0.06855831 53.658447 0.067831434 0.024678286 0.99739176 6.0612793
0.6076278 -0.7938549 -0.021326108 86.368164 0.79120845 0.60747075 -0.069582365 54.644043 0.068194024 0.025412409 0.9973489 6.1606445
0.5996892 -0.7998153 -0.024606453 87.11499 0.797126 0.59979755 -0.06907739 55.625 0.07000291 0.021814963 0.9973085 6.239502
0.5893795 -0.8075165 -0.023125794 87.83838 0.8046218 0.5893408 -0.07243976 56.620605 0.072123036 0.02409122 0.997105 6.3325195
0.5787067 -0.8151432 -0.023125956 88.559326 0.8121686 0.57868 -0.07353435 57.632324 0.0733264 0.023781646 0.99702513 6.435425
0.5691989 -0.8219378 -0.018694036 89.28345 0.8188956 0.5688206 -0.07598668 58.65747 0.07308272 0.02794296 0.9969343 6.5269775
0.5583921 -0.8293883 -0.016744507 89.98047 0.82641953 0.55792034 -0.07566194 59.700195 0.07208749 0.028417727 0.9969939 6.622925
0.54688925 -0.8370547 -0.015346218 90.66553 0.8339328 0.54628325 -0.078206845 60.744385 0.073837906 0.02997553 0.99681973 6.7303467
0.53844404 -0.8425483 -0.017038302 91.34717 0.8393392 0.53798234 -0.078645505 61.80005 0.07542284 0.028057186 0.99675775 6.824829
0.5259188 -0.85017294 -0.018162295 92.008545 0.84689456 0.52557975 -0.079066336 62.878662 0.07677798 0.026200399 0.9967041 6.92041
0.5158586 -0.8565171 -0.01895237 92.65552 0.8531149 0.51558703 -0.08034195 63.952393 0.07858479 0.02527748 0.996587 7.0255127
0.50551194 -0.8626286 -0.019118464 93.2937 0.85923964 0.50530237 -0.08008174 65.048584 0.07873124 0.024039794 0.99660456 7.1308594
0.49906024 -0.86640596 -0.018380035 93.92212 0.86314994 0.4988522 -0.07858676 66.14331 0.07725735 0.023350282 0.99673736 7.23584
0.48968843 -0.87179345 -0.01586956 94.54736 0.8687123 0.48935968 -0.07704398 67.25659 0.074933745 0.023946386 0.9969013 7.3377686
0.48333278 -0.875221 -0.015652232 95.15918 0.8721598 0.4830153 -0.0768173 68.39014 0.07480375 0.023483444 0.9969223 7.4421387
0.4761095 -0.8792666 -0.013936297 95.773926 0.8759545 0.47559485 -0.08060812 69.5022 0.07749927 0.026158702 0.996648 7.547241
0.46863398 -0.8833241 -0.012024748 96.375 0.87977105 0.46789616 -0.084241554 70.62671 0.08005313 0.028888669 0.9963712 7.652954
0.4632392 -0.88622075 -0.013249053 96.96362 0.8824372 0.46255484 -0.08659437 71.76294 0.08287557 0.028431334 0.9961551 7.7608643
0.45713007 -0.88916713 -0.012336895 97.553955 0.88510567 0.45629036 -0.090142615 72.9043 0.08580893 0.030307025 0.9958526 7.878662
0.45268545 -0.8916394 -0.009033572 98.13989 0.8875894 0.4515537 -0.09118506 74.041016 0.085358866 0.033263884 0.99579465 8.000122
0.44935694 -0.8934499 -0.0049166526 98.70068 0.88967955 0.44795394 -0.08948393 75.186035 0.08212745 0.035831902 0.9959769 8.116089
0.44633052 -0.89489466 0.00039487612 99.29175 0.891499 0.44459897 -0.08722285 76.33862 0.0778792 0.03927428 0.99618834 8.231079
0.44130868 -0.8973207 0.0029273713 99.85156 0.89398277 0.43938157 -0.08768161 77.4707 0.07737851 0.041316416 0.99614567 8.342285
0.43932167 -0.8982722 0.0049810275 100.39551 0.89504755 0.43726036 -0.08726904 78.59131 0.076215595 0.042802375 0.9961726 8.456055
0.43791083 -0.89901185 0.007529263 100.953125 0.89599997 0.43572533 -0.08586046 79.730225 0.07390405 0.04433603 0.99627864 8.564087
0.43336532 -0.901074 0.010691616 101.49292 0.89821345 0.43097425 -0.08563308 80.85156 0.07253587 0.046726506 0.9962718 8.668579
0.43289977 -0.9012431 0.012632217 102.02734 0.8983548 0.4302905 -0.08723945 81.967285 0.07319258 0.04911031 0.99610764 8.776978
0.42983592 -0.90268743 0.015037545 102.56055 0.89990073 0.42705697 -0.08735282 83.06885 0.07242117 0.051055025 0.99606436 8.879761
0.42841023 -0.9032163 0.018719256 103.08765 0.90067774 0.42541245 -0.08653577 84.17969 0.07022586 0.053934712 0.9960717 8.981689
0.42694137 -0.904151 0.02165847 103.60913 0.90177566 0.42374915 -0.08644617 85.28027 0.06896943 0.05642707 0.996021 9.079468
0.42382815 -0.905416 0.023630373 104.121826 0.90309274 0.42046684 -0.08717402 86.356445 0.06897894 0.058282584 0.99591386 9.177734
0.42227882 -0.9060776 0.02439006 104.625 0.9037078 0.41879547 -0.08838799 87.434814 0.06988177 0.059360143 0.99578685 9.278198
0.4233058 -0.9058531 0.024025261 105.12573 0.9033879 0.41978166 -0.0894764 88.50122 0.0709447 0.059558906 0.99569917 9.375977
0.4232437 -0.9058025 0.022653323 105.61035 0.90312266 0.41970837 -0.091333866 89.546875 0.07320077 0.059110247 0.99556375 9.476074
0.42578477 -0.90450716 0.019974882 106.08984 0.90174025 0.42248192 -0.09057082 90.595215 0.07347873 0.05659864 0.99569136 9.573975
0.42832536 -0.9033807 0.018055793 106.56372 0.9005233 0.42516476 -0.090439394 91.62256 0.07401446 0.05498821 0.9957392 9.672119
0.43444315 -0.90051556 0.015660184 107.052246 0.8974612 0.43137595 -0.091617756 92.657715 0.075751886 0.053865075 0.9956714 9.769897
0.44157872 -0.8969682 0.013374336 107.54736 0.89379704 0.43864694 -0.09187029 93.678955 0.07655654 0.052537844 0.9956813 9.866943
0.44694114 -0.8944833 0.012336055 108.03638 0.89134234 0.44411603 -0.09099557 94.67578 0.075913325 0.051675405 0.9957754 9.964966
0.45556492 -0.8900832 0.011165888 108.54248 0.8869979 0.45285758 -0.08982728 95.67261 0.07490243 0.05084545 0.9958954 10.060059
0.4666158 -0.8845612 0.00960276 109.045166 0.8815283 0.46405584 -0.088476874 96.66748 0.07379621 0.049734134 0.9960312 10.150879
0.4733 -0.8809529 0.008404377 109.55884 0.87781686 0.47076425 -0.089339204 97.64917 0.07472003 0.049652632 0.995967 10.24585
0.48536476 -0.8744128 0.0068078707 110.09326 0.87111324 0.48282477 -0.0908948 98.61865 0.07619332 0.050043143 0.9958361 10.339233
0.49477336 -0.86895186 0.0028990242 110.622314 0.8653869 0.4924362 -0.092164785 99.57178 0.07868647 0.048096336 0.9957373 10.4313965
0.50555533 -0.86280173 -0.00055945385 111.16504 0.85906154 0.5034225 -0.09268808 100.5188 0.080263495 0.046386234 0.9956945 10.533691
0.5182187 -0.8552361 -0.003260517 111.730225 0.85153943 0.5163238 -0.09098606 101.47705 0.07951482 0.044384472 0.99584603 10.624634
0.5295982 -0.8483772 -0.004254773 112.29712 0.8448269 0.52782905 -0.08886851 102.40552 0.07762714 0.043453418 0.99603343 10.723877
0.5434424 -0.8394632 -0.004943913 112.87964 0.8360811 0.54176426 -0.08668276 103.33154 0.075429805 0.042970702 0.9962245 10.820923
0.555413 -0.8315407 -0.0060291816 113.4729 0.8282029 0.5538064 -0.08578422 104.230225 0.074666925 0.042647984 0.9962958 10.907227
0.5651731 -0.8248369 -0.0068415394 114.076416 0.8214075 0.5635426 -0.08681485 105.11743 0.07545912 0.043460067 0.99620277 10.996948
0.57707214 -0.8167409 -0.0075972634 114.690186 0.81326824 0.5754309 -0.08721332 105.99292 0.0756046 0.044133946 0.9961592 11.090942
0.5875089 -0.8090987 -0.007187171 115.30615 0.8055164 0.58570004 -0.0891961 106.84033 0.07639768 0.04660999 0.995987 11.180176
0.59755623 -0.80181175 -0.0082831895 115.93115 0.7981618 0.5957632 -0.08969949 107.68652 0.076861255 0.046981826 0.99593353 11.277832
0.6091577 -0.7930222 -0.007024825 116.55884 0.7896267 0.6073236 -0.087480955 108.52075 0.07364832 0.04774655 0.99614096 11.3671875
0.6182414 -0.7859413 -0.0055913017 117.18994 0.78281283 0.61638594 -0.08503015 109.329834 0.07027558 0.048189536 0.9963628 11.448975
0.62984353 -0.77671915 -0.0065150294 117.833496 0.7736261 0.62804216 -0.084284715 110.12744 0.069553286 0.048047483 0.9964207 11.53479
0.6382601 -0.7696531 -0.010189809 118.46167 0.7664856 0.636734 -0.08317244 110.9082 0.070503585 0.045281813 0.9964841 11.6154785
0.6480281 -0.7616098 -0.013826339 119.11011 0.7584252 0.64679533 -0.08138639 111.67578 0.07093517 0.042253304 0.9965852 11.702393
0.6589627 -0.7520324 -0.014212561 119.772705 0.74886227 0.6577201 -0.08121776 112.437744 0.070426874 0.04287337 0.996595 11.782959
0.66799575 -0.74403524 -0.013962613 120.41504 0.74096024 0.6667399 -0.080227695 113.16797 0.06900908 0.043248534 0.99667835 11.858032
0.6747873 -0.7380256 -0.012862399 121.07788 0.73514205 0.6735164 -0.07826656 113.89917 0.0664161 0.04334595 0.99684876 11.932495
0.6841742 -0.7292577 -0.0123467585 121.74512 0.7264048 0.68282574 -0.07841205 114.60791 0.065608695 0.044675622 0.99684453 12.014282
0.69087756 -0.7228524 -0.014379639 122.39966 0.7200728 0.68973565 -0.076119944 115.296875 0.06493807 0.042230368 0.9969949 12.087402
0.70015985 -0.7137677 -0.01545091 123.07495 0.7109922 0.699075 -0.07556528 115.98291 0.064747065 0.04190696 0.9970199 12.158569
0.7073662 -0.7067042 -0.014791166 123.73413 0.70413655 0.70632195 -0.072907515 116.65698 0.061982445 0.041155275 0.99722797 12.230469
0.7141171 -0.69978046 -0.01361268 124.4021 0.69741505 0.71307534 -0.07056797 117.32349 0.05908846 0.040907294 0.9974153 12.299927
0.7223269 -0.6914436 -0.014882895 125.072754 0.68910784 0.721379 -0.06937972 117.97485 0.058711186 0.039865743 0.9974792 12.36438
0.7286511 -0.68480384 -0.015172703 125.72778 0.68251884 0.72773635 -0.06846013 118.5957 0.057915833 0.039530907 0.9975387 12.431763
0.73664844 -0.6762037 -0.017227873 126.37793 0.67404366 0.73595357 -0.065087385 119.211426 0.056681056 0.03633499 0.99773073 12.48877
0.74691373 -0.66486174 -0.015251743 127.055664 0.6629112 0.74616283 -0.062786676 119.81494 0.053122908 0.036783986 0.99790984 12.549072
0.7555907 -0.65493673 -0.014527243 127.718994 0.653248 0.7549371 -0.058372505 120.391846 0.04919264 0.03461594 0.9981893 12.608398
0.766065 -0.6426617 -0.014913786 128.39697 0.6410914 0.7654894 -0.05584854 120.964355 0.04730758 0.033220887 0.9983275 12.664551
0.77511734 -0.6314455 -0.015705302 129.04834 0.629814 0.77452576 -0.05675709 121.50781 0.048015412 0.034103125 0.99826455 12.712524
0.78539 -0.6188643 -0.01813788 129.71338 0.6171846 0.78490686 -0.05625079 122.042725 0.04903684 0.032986615 0.99825215 12.767944
0.7950195 -0.6062347 -0.018252434 130.40088 0.60453886 0.7945009 -0.05666287 122.565674 0.048858628 0.034015547 0.99822646 12.811279
0.80615896 -0.5915022 -0.017585639 131.0747 0.5899628 0.80566746 -0.054037068 123.081055 0.046127804 0.033187836 0.998384 12.859131
0.81643325 -0.5772202 -0.015746828 131.77539 0.5758849 0.8159356 -0.051000483 123.58301 0.042281512 0.032572076 0.9985749 12.906982
0.8255431 -0.56407773 -0.013659024 132.46362 0.5628178 0.82493633 -0.051072568 124.059814 0.040079635 0.034473006 0.9986017 12.951172
0.8349809 -0.5500514 -0.011919146 133.17969 0.54892534 0.83434296 -0.04943696 124.534424 0.037146363 0.034734976 0.9987058 12.993042
0.84197485 -0.5394211 -0.009688639 133.90234 0.53841823 0.8412792 -0.04843785 124.99707 0.0342769 0.03556953 0.9987796 13.029053
0.8493352 -0.5277742 -0.007837374 134.61523 0.5268447 0.84856033 -0.04855313 125.4397 0.032275796 0.03710806 0.99878985 13.068481
0.856096 -0.51677036 -0.0075921896 135.33887 0.5158516 0.8552905 -0.0488329 125.88501 0.031729683 0.037892893 0.99877816 13.102295
0.8640068 -0.5034676 -0.0064482386 136.10889 0.5026876 0.8632577 -0.046041775 126.31299 0.028746868 0.03653866 0.9989186 13.151978
0.8695428 -0.49385536 -0.007087107 136.83105 0.49308679 0.8688371 -0.045109842 126.73926 0.028435702 0.035728455 0.9989566 13.179199
0.8758239 -0.4824915 -0.0075468323 137.58105 0.481757 0.87517273 -0.043652102 127.17383 0.027668256 0.03459822 0.99901855 13.214478
0.8819545 -0.47126222 -0.007153073 138.3396 0.47053736 0.8812673 -0.044117272 127.56787 0.027090302 0.035545263 0.99900126 13.248779
0.8870011 -0.4616832 -0.0069955285 139.11523 0.46096155 0.88628805 -0.044495426 127.96533 0.026741099 0.03624637 0.9989856 13.278076
0.89090884 -0.4540682 -0.0069649834 139.88403 0.45332754 0.8901525 -0.045471143 128.36865 0.026849974 0.037355464 0.9989414 13.312378
0.89442164 -0.4472021 -0.0066585448 140.65869 0.44649005 0.89366806 -0.04502479 128.76392 0.026088126 0.037296407 0.99896324 13.339722
0.8974234 -0.44118875 -0.0037082152 141.45996 0.44063798 0.8966655 -0.04312544 129.15918 0.02234601 0.037068848 0.99906313 13.371338
0.90064526 -0.43452033 -0.0009577698 142.26562 0.4341494 0.8999631 -0.03938362 129.54712 0.017978251 0.035055403 0.99922353 13.393555
0.90358186 -0.4284417 0.00069454825 143.08667 0.42819017 0.9029934 -0.0357754 129.95068 0.014694177 0.032624133 0.99936 13.416504
0.90725744 -0.4204978 0.0021714526 143.91968 0.4203328 0.9067305 -0.033151187 130.34326 0.011975911 0.030988509 0.9994477 13.434937
0.91028625 -0.4139561 0.0030574407 144.75806 0.41383514 0.90978384 -0.03200702 130.74341 0.010463174 0.030401366 0.99948335 13.451294
0.9133688 -0.40707892 0.0059302053 145.63403 0.40706414 0.9128963 -0.030170577 131.125 0.006867582 0.029971605 0.99952716 13.463745
0.9171361 -0.39854708 0.0077163265 146.51099 0.3985885 0.9166371 -0.030687489 131.51001 0.0051541757 0.031220721 0.9994994 13.478394
0.9207189 -0.39019778 0.009760028 147.40381 0.39030743 0.92020136 -0.03102862 131.89307 0.0031204082 0.032378178 0.99947107 13.489746
0.9237505 -0.38287374 0.010106119 148.30005 0.3829951 0.9231904 -0.032295123 132.27002 0.0030380094 0.033703156 0.9994271 13.486694
0.92779315 -0.37297913 0.010751062 149.24219 0.3731219 0.92714524 -0.034792647 132.64111 0.0030080439 0.036290757 0.9993367 13.505371
0.93141484 -0.3638696 0.009678876 150.18213 0.36397424 0.9307175 -0.036271773 133.0105 0.0041888584 0.03730698 0.99929506 13.511719
0.93595105 -0.3520245 0.008128327 151.13306 0.35207826 0.9352476 -0.03666416 133.36475 0.0053059915 0.037176993 0.9992945 13.522095
0.94112897 -0.33798054 0.006980745 152.10449 0.33801007 0.9404819 -0.035290197 133.73022 0.0053651603 0.0355721 0.99935246 13.527832
0.9461661 -0.3235826 0.007263821 153.07056 0.32364762 0.94565356 -0.031306647 134.08374 0.0032602276 0.03197191 0.9994836 13.536011
0.952414 -0.30468857 0.008764596 154.10571 0.30481464 0.95200646 -0.027860207 134.41528 0.00014306672 0.029206948 0.9995735 13.543701
0.95845026 -0.28505903 0.009819401 155.11816 0.28521976 0.95811754 -0.025352899 134.73364 -0.0021806897 0.027100964 0.99963033 13.547974
0.9647271 -0.26299924 0.0105962735 156.15698 0.26318136 0.9644509 -0.023446117 135.03296 -0.004053564 0.025408423 0.999669 13.5546875
0.9701812 -0.24207467 0.0122967325 157.22144 0.24229108 0.9699751 -0.021130513 135.31592 -0.00681216 0.023479981 0.999701 13.553345
0.975466 -0.21960926 0.015383204 158.29688 0.21989745 0.97530574 -0.020568455 135.56299 -0.010487286 0.02344662 0.99967015 13.558105
0.97989863 -0.19865434 0.01839627 159.39624 0.19898571 0.979832 -0.018372238 135.79907 -0.014375978 0.021663785 0.9996619 13.542358
0.9842328 -0.175315 0.0231285 160.50464 0.17572778 0.9842808 -0.017201532 136.0039 -0.019748949 0.020996636 0.99958444 13.534058
0.9879617 -0.15247369 0.026233746 161.63159 0.152898 0.9881306 -0.0150039885 136.19922 -0.02363535 0.018833812 0.99954325 13.519531
0.99110764 -0.1302741 0.02723509 162.77637 0.13066722 0.99134225 -0.013186779 136.36816 -0.025281591 0.016626969 0.9995421 13.496338
0.99375695 -0.108621314 0.025545748 163.93701 0.108968884 0.9939672 -0.0126245245 136.51367 -0.024020484 0.015329265 0.99959385 13.475708
0.99583644 -0.087987065 0.023919614 165.10767 0.08832012 0.996006 -0.013246452 136.62183 -0.022658871 0.015302813 0.9996263 13.447632
0.9973824 -0.06707246 0.027039805 166.30078 0.06750149 0.99760294 -0.015281365 136.70752 -0.025950404 0.017066207 0.9995176 13.430298
0.99841464 -0.04826572 0.028955612 167.49292 0.048705865 0.998705 -0.014694439 136.78052 -0.028208967 0.016081514 0.9994727 13.401978
0.9992095 -0.025450254 0.030535318 168.69604 0.025913136 0.9995537 -0.0148556465 136.83936 -0.03014354 0.015635272 0.9994232 13.378052
0.999475 -0.007728761 0.031463362 169.92285 0.008126903 0.9998883 -0.01254658 136.86987 -0.031362902 0.012795625 0.9994262 13.343872
0.99935776 0.014059173 0.03297027 171.16284 -0.013655717 0.9998294 -0.012431 136.86353 -0.03313949 0.011972832 0.99937934 13.311035
0.9989152 0.033003695 0.032849547 172.40796 -0.032710843 0.9994205 -0.009413116 136.84082 -0.03314118 0.008328334 0.999416 13.275024
0.99801767 0.05443911 0.031584702 173.67847 -0.054192796 0.9984938 -0.008603064 136.802 -0.03200537 0.0068743723 0.999464 13.236084
0.9967023 0.075305946 0.030220686 174.95605 -0.07507842 0.99714047 -0.008596537 136.72144 -0.03078164 0.0062993206 0.9995064 13.204834
0.99523175 0.09320249 0.02879803 176.22656 -0.093062766 0.99564236 -0.006158779 136.61108 -0.029246328 0.0034494463 0.9995662 13.167358
0.99334794 0.11182179 0.027585205 177.52563 -0.11172777 0.9937292 -0.004930575 136.48633 -0.027963536 0.0018168085 0.99960744 13.136963
0.991015 0.13117586 0.02615459 178.84937 -0.13106388 0.9913569 -0.0059581744 136.33716 -0.02671001 0.0024772552 0.9996402 13.109863
0.9883886 0.15055783 0.020673098 180.13818 -0.15049066 0.9886034 -0.0047760867 136.16113 -0.021156617 0.0016103962 0.999775 13.081177
0.9856447 0.16809402 0.015689747 181.46411 -0.16807862 0.9857696 -0.0023029197 135.94946 -0.01585357 -0.00036778217 0.9998742 13.060303
0.98249924 0.18595093 0.010986775 182.79321 -0.18596388 0.9825583 0.00016080309 135.71875 -0.0107652005 -0.0022012903 0.99993956 13.039307
0.9792427 0.20251592 0.0077607725 184.12695 -0.20253748 0.97926676 0.0020956278 135.45996 -0.007175318 -0.0036242148 0.99996763 13.039429
0.9749735 0.22218724 0.0070374077 185.46729 -0.22222282 0.97497916 0.0047558267 135.17676 -0.0058046943 -0.0062005315 0.9999639 13.034546
0.9714465 0.23716278 0.006740896 186.79199 -0.23719405 0.9714528 0.0042873835 134.86084 -0.005531609 -0.005763678 0.99996805 13.030273
0.9669702 0.2548153 0.006262241 188.16235 -0.2548419 0.9669757 0.0038898191 134.52051 -0.0050639343 -0.0053571947 0.99997276 13.030762
0.96160436 0.27440315 0.0033604836 189.51196 -0.27441517 0.96159893 0.003898707 134.14453 -0.0021612723 -0.0046711382 0.99998677 13.037598
0.9574064 0.28868717 0.00035257102 190.84717 -0.28868476 0.9573919 0.005403084 133.77734 0.0012228636 -0.005274732 0.99998534 13.043945
0.95185655 0.30656 0.00041935244 192.21143 -0.306555 0.9518313 0.0071693966 133.35986 0.0017982954 -0.0069527808 0.99997425 13.046387
0.9457267 0.3249827 0.0016585892 193.58594 -0.3249825 0.94567466 0.010060234 132.90332 0.0017008123 -0.010053156 0.9999481 13.062012
0.93998986 0.34127077 -1.722225e-05 194.92114 -0.34124067 0.9399078 0.013229158 132.44434 0.0045301933 -0.012429314 0.9999125 13.064209
0.93364936 0.35818228 -0.0020469169 196.24243 -0.3581196 0.9335672 0.014231531 131.96802 0.007007403 -0.012554418 0.99989665 13.079834
0.9271274 0.37471342 -0.0037722965 197.60205 -0.37461457 0.9270413 0.015751338 131.42627 0.009398543 -0.013190117 0.9998688 13.100342
0.91890025 0.39439324 -0.008374752 198.95117 -0.3942359 0.91886973 0.015822854 130.88354 0.013935449 -0.011237306 0.99983966 13.131714
0.9107894 0.4127833 -0.011906316 200.27612 -0.4125271 0.91077965 0.019258324 130.31543 0.018791385 -0.0126292715 0.99974364 13.162598
0.90096337 0.43370357 -0.013323065 201.61597 -0.43335265 0.9009391 0.022928704 129.69995 0.021946952 -0.014881537 0.99964815 13.202148
0.8898658 0.4560987 -0.012548463 202.94727 -0.4556973 0.8897894 0.025682071 129.05396 0.022877652 -0.017134663 0.99959135 13.240601
0.87689126 0.48057345 -0.012564057 204.28345 -0.4800845 0.8767626 0.029206559 128.34375 0.025050476 -0.019579796 0.9994944 13.282349
0.8626896 0.50553393 -0.011888015 205.5979 -0.50492716 0.8624545 0.034055773 127.63623 0.027471876 -0.023377575 0.99934924 13.3289795
0.8485263 0.52892244 -0.011226568 206.86938 -0.5282312 0.8482101 0.037337244 126.89307 0.029268662 -0.025748342 0.99924004 13.3845215
0.8326648 0.5536542 -0.011987286 208.14062 -0.5528997 0.83236307 0.038480736 126.09204 0.03128465 -0.025414422 0.9991874 13.439209
0.8174979 0.57582235 -0.012415489 209.4043 -0.5750071 0.81719846 0.0397747 125.25049 0.03304658 -0.025374291 0.9991315 13.495361
0.80116534 0.59816575 -0.014659809 210.64746 -0.59722424 0.8009232 0.04157921 124.371826 0.036613703 -0.024556287 0.99902785 13.5616455
0.78521293 0.6189012 -0.017702667 211.84595 -0.61776763 0.7850468 0.044450533 123.47363 0.04141365 -0.023960695 0.9988544 13.627075
0.7682086 0.6398102 -0.01891012 213.021 -0.6385545 0.7680767 0.046546422 122.53906 0.044306643 -0.023681033 0.9987374 13.69812
0.7526028 0.6580104 -0.021061782 214.22095 -0.65666276 0.7525801 0.047434367 121.55542 0.04707034 -0.02186515 0.99865216 13.779663
0.7360548 0.67661387 -0.020584986 215.37231 -0.6752427 0.7360284 0.048143372 120.53613 0.047715865 -0.021532772 0.99862856 13.859985
0.7198231 0.6937682 -0.021597618 216.51709 -0.6923205 0.7198552 0.049275644 119.48511 0.04973043 -0.02051552 0.9985519 13.952637
0.7051945 0.7085674 -0.022823382 217.62671 -0.70711964 0.705326 0.048827775 118.440186 0.05070883 -0.018298848 0.9985463 14.030884
0.6906884 0.7228021 -0.025217865 218.6709 -0.72123796 0.69095004 0.050335214 117.34961 0.05379956 -0.016578645 0.998414 14.1241455
0.6763897 0.7358973 -0.028401384 219.74731 -0.734199 0.67683405 0.051978797 116.22803 0.057482388 -0.01431101 0.9982447 14.224609
0.6602605 0.7504079 -0.028723937 220.81226 -0.74855846 0.6607251 0.054630242 115.08203 0.05997364 -0.0145576615 0.9980931 14.316772
0.64404887 0.76435655 -0.027931016 221.80591 -0.7625041 0.644499 0.055028275 113.95117 0.060073204 -0.014137234 0.99809384 14.423096
0.62938213 0.7767498 -0.025994983 222.81592 -0.7748705 0.6297367 0.05607184 112.75513 0.05992291 -0.015143432 0.99808776 14.526611
0.6119747 0.79068244 -0.021269534 223.78076 -0.7888483 0.6120812 0.056726333 111.57959 0.057870775 -0.017937789 0.998163 14.635254
0.59458506 0.8038033 -0.016381826 224.72485 -0.8020051 0.594433 0.05777569 110.34375 0.056173675 -0.02120708 0.9981954 14.736572
0.57788473 0.81600356 -0.012618948 225.64136 -0.81421113 0.5775295 0.059091352 109.13916 0.055507172 -0.023873242 0.99817294 14.844116
0.5589152 0.8292319 -0.011065583 226.5061 -0.82734346 0.5584609 0.06129539 107.91943 0.05700855 -0.025096366 0.9980578 14.951904
0.5430625 0.83977115 -0.007331881 227.3396 -0.8377104 0.54230434 0.06582459 106.658936 0.059247915 -0.029607786 0.99780434 15.061279
0.52414006 0.85178703 -0.0045746975 228.13843 -0.8497967 0.5232679 0.065725125 105.42236 0.05837344 -0.030563222 0.99782705 15.168823
0.5000211 0.8659823 -0.0020350022 228.90869 -0.8641574 0.4991178 0.06374136 104.167725 0.05622023 -0.030105703 0.99796396 15.2771
0.48330837 0.87537736 0.0035117455 229.61963 -0.87378466 0.4821785 0.062356275 102.914795 0.052908532 -0.03320884 0.99804723 15.373657
0.46095434 0.8873101 0.005792874 230.31934 -0.88588387 0.45982108 0.06005502 101.64819 0.050631244 -0.032823794 0.9981783 15.4748535
0.43734917 0.899271 0.007915143 230.98877 -0.8979734 0.43620542 0.058255944 100.35571 0.048934724 -0.032585822 0.9982702 15.569092
0.41716334 0.90890634 0.009841785 231.60547 -0.9076352 0.41594636 0.058468442 99.08887 0.049049843 -0.033323042 0.99824023 15.65979
0.3981771 0.9173264 0.009525896 232.18677 -0.9160659 0.39703217 0.05754716 97.82422 0.049007937 -0.031639285 0.998297 15.744019
0.3756739 0.92654544 0.008874728 232.74854 -0.92529076 0.37462443 0.05649213 96.52222 0.04901563 -0.029444428 0.99836427 15.837402
0.35660407 0.9342757 0.008469715 233.24023 -0.9329551 0.35558167 0.057149205 95.27075 0.05037647 -0.028287984 0.9983298 15.928467
0.3328756 0.94294995 0.00807498 233.7251 -0.94178635 0.3320083 0.053239126 93.968994 0.04753046 -0.025331592 0.9985487 16.010864
0.31266814 0.9499244 0.008660886 234.16675 -0.9487312 0.3117848 0.05377567 92.69165 0.048378196 -0.025032647 0.99851537 16.09497
0.29213247 0.95630974 0.009835345 234.58398 -0.9549469 0.29112568 0.05734143 91.42676 0.051987156 -0.026150046 0.99830556 16.180542
0.2706666 0.96255445 0.012161659 234.96948 -0.96068066 0.2692915 0.06704878 90.174805 0.06126989 -0.02985543 0.9976759 16.272827
0.2524167 0.9674941 0.01379516 235.32544 -0.9651952 0.25076172 0.07394529 88.9353 0.06808503 -0.032000832 0.99716735 16.369751
0.23351195 0.972085 0.018118218 235.65869 -0.96961546 0.2314652 0.077945106 87.681885 0.07159398 -0.035781596 0.9967926 16.477905
0.21321367 0.9767272 0.02298544 235.96387 -0.9742975 0.2108204 0.07927199 86.45801 0.07254744 -0.039278135 0.99658954 16.586914
0.19459529 0.9804634 0.027757749 236.24341 -0.9782042 0.19191086 0.07894758 85.21387 0.072095625 -0.042521324 0.99649143 16.692139
0.17449601 0.984105 0.03243287 236.50562 -0.98202884 0.17154206 0.07845562 83.964355 0.07165174 -0.045538228 0.9963895 16.796875
0.16036536 0.9865044 0.033561964 236.7229 -0.9845809 0.15745123 0.076425485 82.73096 0.07013621 -0.04529075 0.9965083 16.900024
