1.0 0.0 0.0 0.0 0.0 1.0 0.0 0.0 0.0 0.0 1.0 0.0
0.9999359 0.011181846 0.0017795761 0.29675293 -0.011176692 0.9999334 -0.0028810212 -0.005859375 -0.0018116606 0.0028609498 0.9999943 0.009643555
0.99983543 0.018104855 0.0012370175 0.58081055 -0.018098772 0.99982494 -0.0047650044 -0.021362305 -0.0013230342 0.0047418433 0.9999879 0.016967773
0.99978644 0.02066715 0.00041630713 0.8803711 -0.020663287 0.99975634 -0.0077822353 -0.031982422 -0.0005770072 0.0077719702 0.9999696 0.01940918
0.9998241 0.01872041 -0.0011839118 1.1870117 -0.018730544 0.99978215 -0.009217661 -0.033569336 0.0010110735 0.009238211 0.9999568 0.01953125
0.9999308 0.011531627 -0.002336824 1.5025635 -0.011558723 0.999862 -0.011937027 -0.0390625 0.0021989092 0.0119632045 0.99992603 0.021606445
0.999991 0.00025636633 -0.004239651 1.8249512 -0.00031114073 0.99991643 -0.012923599 -0.03857422 0.0042359843 0.0129248025 0.9999075 0.026733398
0.99987304 -0.015287601 -0.0044871783 2.152954 0.015227347 0.9997974 -0.013166711 -0.024291992 0.004687529 0.013096686 0.99990326 0.032470703
0.9993629 -0.035366897 -0.0048701344 2.4990234 0.035320904 0.9993338 -0.009226799 0.008422852 0.0051931366 0.009048985 0.9999456 0.032104492
0.99849415 -0.05453462 -0.0059748176 2.8504639 0.05449893 0.99849606 -0.005981694 0.04663086 0.00629207 0.005647071 0.99996424 0.0357666
0.997247 -0.07385302 -0.0066625406 3.2144775 0.07381443 0.9972549 -0.0058624865 0.08483887 0.00707727 0.005354468 0.9999606 0.03845215
0.99546313 -0.0949742 -0.005764569 3.591919 0.09493498 0.99546075 -0.00673292 0.13317871 0.0063779643 0.0061550634 0.9999607 0.041992188
0.9934466 -0.114184156 -0.0044567753 3.9748535 0.11414602 0.99342847 -0.008036241 0.1821289 0.00534535 0.0074746916 0.9999578 0.050048828
0.9912153 -0.13220032 -0.0047206506 4.3771973 0.13216002 0.99119943 -0.008018054 0.24499512 0.005738966 0.0073238513 0.9999567 0.051513672
0.9891184 -0.14706099 -0.003788652 4.7927246 0.14703146 0.98910415 -0.007157356 0.3173828 0.00480006 0.0065222727 0.9999672 0.05810547
0.9870685 -0.16026148 -0.003674551 5.211548 0.1602382 0.98706126 -0.0059357453 0.3947754 0.0045782123 0.0052703414 0.9999756 0.06384277
0.9849851 -0.17255978 -0.0044148527 5.651245 0.17252417 0.9849729 -0.0074688084 0.48242188 0.0056376113 0.0065949373 0.99996233 0.06774902
0.9832031 -0.18242376 -0.0056902613 6.0981445 0.18235786 0.98317564 -0.010504663 0.5609131 0.0075111333 0.009290632 0.9999286 0.07800293
0.98156244 -0.19094193 -0.0077233836 6.562134 0.19086029 0.98155564 -0.010206275 0.6557617 0.0095301615 0.00854366 0.9999181 0.083740234
0.98020667 -0.19772738 -0.009854382 7.0404053 0.19762737 0.9802226 -0.010267055 0.7618408 0.011689923 0.008116242 0.99989873 0.079833984
0.97887677 -0.20411874 -0.012574121 7.524414 0.20396848 0.978912 -0.012264243 0.8696289 0.014812306 0.009440893 0.9998457 0.08935547
0.97679263 -0.21371031 -0.01359068 8.02417 0.2134949 0.97680765 -0.015723798 0.9781494 0.016636215 0.01245692 0.99978405 0.09863281
0.97504437 -0.22159356 -0.013683356 8.541504 0.22128507 0.97498417 -0.021006588 1.0860596 0.01799657 0.017455034 0.99968565 0.11218262
0.9734614 -0.22836164 -0.014867738 9.063599 0.22801569 0.9734104 -0.02186527 1.2126465 0.019466931 0.017895313 0.99965024 0.13317871
0.9711666 -0.23753364 -0.020524105 9.599121 0.23717533 0.971296 -0.018447695 1.3604736 0.024316173 0.0130468765 0.999619 0.13415527
0.96918374 -0.2451236 -0.024358084 10.144897 0.24480398 0.96944845 -0.0153841125 1.5081787 0.027385011 0.008947899 0.999585 0.14916992
0.9669006 -0.2538175 -0.026203917 10.70459 0.25342017 0.9672005 -0.017562997 1.6552734 0.029801762 0.010339995 0.9995021 0.1665039
0.9644225 -0.26299563 -0.026930217 11.276855 0.26253304 0.96472687 -0.019535517 1.8123779 0.031117443 0.011769923 0.99944633 0.19226074
0.96237653 -0.27001178 -0.030453393 11.863281 0.2695064 0.9627978 -0.019712 1.9869385 0.034643196 0.010765169 0.999342 0.20983887
0.959716 -0.27893227 -0.034168556 12.458496 0.2784294 0.9602859 -0.018781843 2.1690674 0.038050354 0.008516291 0.9992399 0.22875977
0.9576437 -0.28531113 -0.039006382 13.057373 0.28472817 0.95840484 -0.019881029 2.3574219 0.043056004 0.007933277 0.99904114 0.2557373
0.9552756 -0.2919924 -0.046435907 13.667114 0.29133227 0.9563843 -0.020550538 2.545288 0.05041226 0.006099275 0.9987096 0.2874756
0.95352745 -0.2962997 -0.054736078 14.298462 0.29557994 0.95509 -0.020998232 2.746582 0.058497507 0.0038416293 0.99827963 0.31848145
0.9523224 -0.298345 -0.06411982 14.931274 0.29756665 0.9544773 -0.021584628 2.954956 0.06763932 0.0014797589 0.99770874 0.3577881
0.9501697 -0.3028681 -0.07378942 15.578247 0.3022174 0.95302474 -0.020099398 3.1707764 0.076411024 -0.0032016216 0.99707174 0.40075684
0.9483887 -0.30648267 -0.08153254 16.235962 0.305885 0.95186955 -0.020032912 3.388916 0.083746344 -0.005941196 0.99646837 0.45446777
0.94620323 -0.31105664 -0.08894538 16.902222 0.31067365 0.9503213 -0.01847154 3.623413 0.09027394 -0.010162747 0.9958643 0.5106201
0.94382674 -0.3162794 -0.09562071 17.581055 0.31620565 0.9485443 -0.016330965 3.8642578 0.09586415 -0.014830137 0.995282 0.57751465
0.94197536 -0.31962466 -0.10223601 18.26831 0.31982708 0.9473218 -0.0148574645 4.107422 0.10160066 -0.018711615 0.99465 0.647583
0.9398332 -0.3243987 -0.10693075 18.972534 0.32511967 0.9455837 -0.01110483 4.366699 0.1047176 -0.024335735 0.9942047 0.7188721
0.937894 -0.32932097 -0.10922668 19.685791 0.33018774 0.94387084 -0.010571219 4.6362305 0.10657792 -0.026145972 0.99396074 0.7960205
0.935906 -0.33513495 -0.10835135 20.41626 0.33613247 0.9417554 -0.009478474 4.904907 0.10521606 -0.02755661 0.99406636 0.8833008
0.93378025 -0.34139645 -0.10717208 21.142456 0.3422342 0.9395393 -0.011047931 5.178467 0.10446538 -0.026360417 0.9941805 0.96606445
0.9316603 -0.34750402 -0.105798155 21.880615 0.34837252 0.9372662 -0.010765968 5.461792 0.10290195 -0.02684136 0.9943274 1.0498047
0.9297589 -0.35376766 -0.10208741 22.615967 0.3546984 0.9349465 -0.009486498 5.746582 0.09880542 -0.027388334 0.99472976 1.133667
0.925789 -0.36514452 -0.0979123 23.38794 0.36624226 0.9304941 -0.007166093 6.058838 0.093722805 -0.02922709 0.9951686 1.2126465
0.9229856 -0.37343252 -0.09282109 24.141113 0.37456915 0.92716783 -0.0055216122 6.374878 0.08812247 -0.029680818 0.995666 1.2949219
0.92005354 -0.38112724 -0.09063183 24.90564 0.3825528 0.92391545 -0.0017656533 6.7003174 0.08441109 -0.033049095 0.99588335 1.369873
0.917014 -0.38881543 -0.089215435 25.666992 0.3902433 0.9207386 -0.0015583308 7.036255 0.08274778 -0.033380944 0.996011 1.4454346
0.91280735 -0.39855704 -0.08945804 26.442749 0.40020555 0.91646266 0.0005460782 7.3790283 0.081769966 -0.036295004 0.99599 1.5236816
0.90950656 -0.40610394 -0.088546164 27.222412 0.40767935 0.9131023 -0.00031273998 7.739868 0.08098059 -0.035808913 0.9960741 1.5931396
0.9048773 -0.4164586 -0.088215664 27.99414 0.41816363 0.9083839 0.00094218645 8.114014 0.07974372 -0.03773994 0.9961008 1.6657715
0.9019866 -0.4233431 -0.085005194 28.795044 0.42493588 0.9052368 0.000714506 8.491089 0.07664696 -0.036762163 0.99638057 1.736206
0.8991896 -0.42984977 -0.08123661 29.599121 0.43133244 0.9021422 0.00078731496 8.87915 0.07295142 -0.03574898 0.99669594 1.8048096
0.89542407 -0.4386634 -0.07605294 30.419556 0.44015387 0.8979134 0.0031828866 9.289673 0.06688904 -0.036325622 0.9970985 1.8688965
0.8923923 -0.44561923 -0.07143524 31.227783 0.4468627 0.89462584 0.0016053217 9.691284 0.06319363 -0.033353973 0.9974435 1.9447021
0.8886903 -0.45319948 -0.06938714 32.049927 0.45439136 0.89078856 0.0015538017 10.119385 0.061099775 -0.03292175 0.9975869 1.9992676
0.88628256 -0.458109 -0.06839777 32.881958 0.45923707 0.88833654 0.00086118747 10.55957 0.06036319 -0.03217806 0.99765664 2.0599365
0.8833736 -0.46378615 -0.066729486 33.724854 0.46486706 0.88532466 0.00074539613 11.007568 0.05872933 -0.031694286 0.99776953 2.1184082
0.88043606 -0.4697845 -0.06460604 34.576416 0.47074902 0.8822891 -0.00032803102 11.463989 0.057156585 -0.030121021 0.99791086 2.1783447
0.8779124 -0.47439992 -0.06492725 35.433716 0.4753599 0.8797921 -0.0007580909 11.936401 0.05747945 -0.03019962 0.99788934 2.232544
0.87692344 -0.4763439 -0.06410939 36.290405 0.47720292 0.878795 -0.002155422 12.4140625 0.05736598 -0.028700557 0.9979408 2.3032227
0.8744313 -0.48060808 -0.065426365 37.168457 0.48151907 0.8763734 -0.0020920872 12.907715 0.05834308 -0.029683994 0.9978549 2.3518066
0.874665 -0.4803654 -0.06471434 38.057495 0.48128706 0.87654966 -0.0015320473 13.403442 0.05746006 -0.029811598 0.9979021 2.4111328
0.8747704 -0.4805425 -0.06303452 38.955933 0.48142937 0.876552 -0.0012719277 13.906616 0.055861678 -0.029230513 0.9980099 2.47583
0.873687 -0.48252755 -0.06145763 39.871704 0.48328733 0.87542284 -0.0028283389 14.41687 0.055164985 -0.027237777 0.9981052 2.5350342
0.8744197 -0.4813491 -0.060900863 40.78662 0.4819838 0.8761767 -0.0047706896 14.934326 0.055655304 -0.025184462 0.99813193 2.5993652
0.87250084 -0.4846613 -0.06085512 41.724 0.48517665 0.8743068 -0.007000806 15.457642 0.05659846 -0.023426749 0.998122 2.6606445
0.8721542 -0.48575053 -0.058128092 42.656982 0.4861525 0.873829 -0.007964945 15.981201 0.054663055 -0.021311017 0.99827766 2.7208252
0.8693695 -0.49116066 -0.054099485 43.59082 0.49154592 0.870807 -0.006851534 16.515991 0.050478842 -0.020640196 0.9985118 2.784668
0.86686367 -0.4960376 -0.04946216 44.523315 0.4963543 0.86806726 -0.006522437 17.052368 0.046174534 -0.018892929 0.99875534 2.8417969
0.86393 -0.501415 -0.046748072 45.447388 0.5015678 0.86505574 -0.009260237 17.589478 0.04508007 -0.015446218 0.99886394 2.9101562
0.8577402 -0.5120461 -0.046826135 46.36731 0.5120958 0.8589064 -0.011838185 18.138672 0.04627905 -0.01382247 0.99883276 2.9693604
0.8531321 -0.5192434 -0.0494837 47.283447 0.5191991 0.8544655 -0.0147593105 18.694458 0.049947117 -0.013104541 0.9986659 3.0299072
0.84651625 -0.5302833 -0.048830375 48.19922 0.5302785 0.84780854 -0.014113192 19.271362 0.048882227 -0.013934521 0.9987078 3.0844727
0.84118474 -0.5389094 -0.044530068 49.114746 0.53899395 0.84223557 -0.011120596 19.85791 0.04349547 -0.01465035 0.99894583 3.1403809
0.83637905 -0.5467007 -0.041600063 50.016113 0.5468867 0.83725524 -0.0077747195 20.463135 0.039080165 -0.016240349 0.9991042 3.2021484
0.8327817 -0.5519529 -0.043929324 50.903564 0.5521772 0.8337533 -0.007950794 21.059937 0.04101301 -0.017631773 0.99900293 3.253662
0.828461 -0.55785644 -0.048030593 51.78784 0.5580586 0.8296517 -0.010351931 21.668701 0.045621727 -0.01823382 0.9987921 3.3083496
0.826378 -0.56043875 -0.05488034 52.66919 0.5607009 0.8279347 -0.011952347 22.276611 0.052133836 -0.020893984 0.9984213 3.369995
0.82166785 -0.567091 -0.05647358 53.546143 0.56735456 0.82332575 -0.012813303 22.895996 0.053760834 -0.021521818 0.99832135 3.4311523
0.81942767 -0.5706114 -0.052509364 54.42871 0.5708634 0.8208512 -0.011546919 23.511108 0.049693234 -0.020516204 0.9985542 3.49646
0.8166406 -0.57523036 -0.047051396 55.315918 0.57546896 0.8177698 -0.009665105 24.147339 0.044036157 -0.01918162 0.9988459 3.5524902
0.81350327 -0.5798001 -0.04502295 56.19165 0.58008045 0.81451064 -0.007903147 24.780518 0.041254986 -0.019694472 0.99895424 3.610962
0.8110792 -0.58303016 -0.046161674 57.070312 0.58337086 0.8121155 -0.007103614 25.415405 0.04163428 -0.021166647 0.9989091 3.664795
0.8066687 -0.5891167 -0.04685885 57.939697 0.58942735 0.80775815 -0.008355054 26.063843 0.042772304 -0.020875115 0.99886715 3.7131348
0.8028975 -0.5940067 -0.04895322 58.81299 0.59428126 0.80411905 -0.010324856 26.70813 0.045498952 -0.020804316 0.9987479 3.7734375
0.8000023 -0.5980166 -0.04816205 59.671875 0.5982211 0.8012139 -0.011641351 27.36377 0.045550365 -0.019506663 0.9987712 3.8291016
0.7947969 -0.60507536 -0.046803843 60.541992 0.6052451 0.79595274 -0.01205929 28.033081 0.044554356 -0.018737998 0.9988317 3.883789
0.7913676 -0.6095768 -0.046354704 61.409424 0.6097347 0.79250765 -0.012297507 28.703613 0.04422881 -0.018532487 0.99884933 3.9440918
0.78512305 -0.61770976 -0.04744086 62.273438 0.61783165 0.7863387 -0.013803067 29.38623 0.045827746 -0.018469151 0.9987783 4.003174
0.77997714 -0.6239628 -0.047471836 63.128174 0.62405854 0.7812076 -0.014595329 30.076294 0.046194274 -0.018243544 0.99876595 4.0629883
0.7757667 -0.6292777 -0.0468686 63.97876 0.62929916 0.7769958 -0.016147804 30.772827 0.046579663 -0.016964601 0.9987707 4.1203613
0.7693009 -0.6371344 -0.04773074 64.8291 0.63712025 0.7705937 -0.01748801 31.482422 0.047919564 -0.016953746 0.9987072 4.1794434
0.7649487 -0.64236456 -0.04771119 65.68286 0.6422507 0.7662774 -0.019715097 32.195557 0.049219012 -0.015559646 0.99866664 4.2441406
0.7577447 -0.6508581 -0.046727564 66.52881 0.6506672 0.75904924 -0.021270312 32.92505 0.049314834 -0.014280309 0.99868166 4.3060303
0.75170153 -0.6580167 -0.0445233 67.36572 0.6577745 0.7529103 -0.02195922 33.664062 0.047968328 -0.01277508 0.99876726 4.361084
0.7460588 -0.6644349 -0.043110594 68.1936 0.66412973 0.74721646 -0.023125252 34.413208 0.047580667 -0.011377043 0.99880284 4.4230957
0.7388975 -0.67244565 -0.042248424 69.0271 0.6720288 0.74004257 -0.025517283 35.171997 0.048429664 -0.00953559 0.9987814 4.487915
0.7324447 -0.67936563 -0.043484505 69.858154 0.67890584 0.7336686 -0.02686831 35.94568 0.050152894 -0.00984651 0.9986927 4.5529785
0.72744524 -0.68482834 -0.04388055 70.68408 0.68445027 0.7286769 -0.02549019 36.734863 0.04942715 -0.011489091 0.9987115 4.6120605
0.7211683 -0.6913116 -0.042948104 71.50781 0.6909357 0.722357 -0.025448544 37.531128 0.048622806 -0.011322049 0.9987534 4.677002
0.7169506 -0.69582623 -0.043391302 72.32764 0.69546604 0.71816313 -0.025388706 38.33203 0.048822396 -0.011979059 0.9987351 4.73999
0.71211743 -0.7006293 -0.04429194 73.14575 0.7002574 0.7133847 -0.026027756 39.14807 0.049826518 -0.012486309 0.99867934 4.805298
0.7066418 -0.7061733 -0.045605596 73.95947 0.7057277 0.708003 -0.027976211 39.971558 0.05204851 -0.012412287 0.9985676 4.8725586
0.70294034 -0.709711 -0.04762095 74.778564 0.7091762 0.70444053 -0.030259257 40.791626 0.05501461 -0.012496004 0.99840724 4.9414062
0.69707656 -0.715333 -0.04820284 75.58594 0.71482366 0.6986116 -0.030154454 41.636475 0.055245724 -0.013434587 0.99838257 5.010376
0.6921964 -0.72009337 -0.046763476 76.40112 0.7195441 0.6936634 -0.030735347 42.480103 0.05456808 -0.012373205 0.9984334 5.0809326
0.6873127 -0.72492963 -0.044820063 77.20996 0.7243711 0.6886787 -0.030657684 43.333252 0.0530879 -0.011403453 0.9985241 5.1536865
0.68285984 -0.72928876 -0.044601154 78.01636 0.7286595 0.68423325 -0.032081984 44.202393 0.053912222 -0.010592211 0.9984892 5.226074
0.67898804 -0.73284686 -0.044276245 78.819824 0.73221153 0.6803491 -0.032264356 45.075317 0.053769395 -0.0105124395 0.99849796 5.2962646
0.67317843 -0.73819566 -0.04235141 79.62451 0.73748446 0.67445374 -0.033531643 45.959717 0.05332166 -0.008663867 0.99853987 5.368164
0.67029023 -0.74093384 -0.040455524 80.42334 0.74016273 0.671475 -0.034481198 46.84619 0.05271457 -0.006829583 0.9985865 5.4385986
0.6675263 -0.74346876 -0.03920899 81.21509 0.7425539 0.6686626 -0.037119217 47.739258 0.053825337 -0.00434028 0.9985412 5.5043945
0.6622702 -0.7482595 -0.038843073 82.00391 0.74710673 0.66340625 -0.041539676 48.63867 0.056856696 -0.0015053004 0.9983816 5.588745
0.6574605 -0.7525824 -0.036588125 82.813965 0.7511688 0.6584709 -0.046199076 49.539307 0.058862068 0.0028984137 0.9982625 5.6610107
0.652131 -0.7575259 -0.03172852 83.60742 0.75587386 0.6528393 -0.05083145 50.452637 0.059207603 0.0091552315 0.9982026 5.743286
0.6436673 -0.7648885 -0.027543059 84.39307 0.7630826 0.6441053 -0.054344982 51.384033 0.05930542 0.013957365 0.9981418 5.821411
0.63675994 -0.7708083 -0.024023203 85.17969 0.7689397 0.6369752 -0.056388017 52.313477 0.058757283 0.01742221 0.9981192 5.904907
0.6269083 -0.7787819 -0.020100245 85.94922 0.77705884 0.6269437 -0.055141386 53.272705 0.05554775 0.0189571 0.9982766 5.97583
0.61783653 -0.7859386 -0.01981655 86.7063 0.7842518 0.6178874 -0.0545844 54.243896 0.05514681 0.018175554 0.99831235 6.062622
0.60896826 -0.7929283 -0.021757388 87.46094 0.7911338 0.60912406 -0.05590831 55.216553 0.05758414 0.016835844 0.99819875 6.1330566
0.5978983 -0.8012313 -0.02059564 88.19751 0.7992816 0.5979589 -0.058935013 56.20874 0.059533585 0.01876826 0.99804926 6.211426
0.58930653 -0.8077604 -0.0213804 88.93213 0.8057647 0.5894251 -0.05946481 57.208496 0.06063235 0.017811129 0.99800074 6.2890625
0.5803373 -0.8141457 -0.017556578 89.663574 0.81211746 0.5802121 -0.061248578 58.21875 0.06005827 0.021286884 0.99796796 6.3775635
0.56856865 -0.8225264 -0.014401995 90.37964 0.8205633 0.5682849 -0.061286047 59.25586 0.058589306 0.023026884 0.9980165 6.460205
0.5579185 -0.8298117 -0.012778744 91.081055 0.82782364 0.557541 -0.06228309 60.297363 0.058812022 0.024169924 0.9979764 6.54126
0.54914343 -0.8355853 -0.013801856 91.77222 0.8335133 0.5488254 -0.06322245 61.341553 0.060415797 0.023217984 0.99790365 6.624878
0.53796726 -0.84276676 -0.014097478 92.451416 0.8406412 0.53768 -0.06392625 62.408936 0.06145827 0.022538183 0.9978551 6.706299
0.5294692 -0.84819824 -0.01452091 93.11206 0.84598804 0.52920437 -0.06508491 63.470215 0.06288755 0.022168852 0.9977739 6.791504
0.51807153 -0.85520995 -0.01520202 93.768555 0.8529697 0.5178752 -0.06527738 64.55444 0.06369914 0.020846644 0.99775106 6.8814697
0.5087985 -0.86070836 -0.014594112 94.420654 0.85863096 0.5086364 -0.06284999 65.651855 0.06152009 0.019440524 0.99791604 6.966797
0.50242007 -0.8644992 -0.011769729 95.05713 0.8625482 0.50212574 -0.061672762 66.752686 0.059232056 0.020834569 0.9980269 7.0527344
0.49440393 -0.86918414 -0.011105814 95.686035 0.86726475 0.49409643 -0.06132512 67.867676 0.05878104 0.020679701 0.9980561 7.1384277
0.48750338 -0.8731141 -0.010329597 96.31299 0.8710137 0.48709497 -0.064568564 68.9812 0.061392926 0.022478154 0.99786025 7.2247314
0.47910714 -0.87766564 -0.008562445 96.93213 0.87536615 0.47851858 -0.06833287 70.1001 0.06406546 0.025248257 0.99762654 7.3146973
0.47338545 -0.8807379 -0.007483488 97.53955 0.87826693 0.47266364 -0.071314186 71.232666 0.0663503 0.027183084 0.99742585 7.404419
0.468548 -0.8834873 -0.0068811425 98.143555 0.8807499 0.46768376 -0.07540223 72.354004 0.06982759 0.029267583 0.99712956 7.500122
0.46387163 -0.8858215 -0.005666449 98.73682 0.8831647 0.4629578 -0.074707456 73.50659 0.068796605 0.02966202 0.9971904 7.6029053
0.45952383 -0.8881135 -0.0010639065 99.32666 0.88569885 0.4583635 -0.07314053 74.62598 0.065440424 0.03265541 0.99732125 7.7001953
0.45795918 -0.8890839 0.004547282 99.91406 0.88696456 0.4565024 -0.071514904 75.75757 0.061504517 0.036768332 0.9974284 7.7978516
0.452971 -0.8914611 0.006580402 100.49585 0.88944113 0.4514197 -0.07102377 76.89722 0.060350362 0.038035978 0.9974531 7.890991
0.4502177 -0.89286447 0.008004704 101.06421 0.89094734 0.44862172 -0.070140064 78.024414 0.059033353 0.038721673 0.99750555 7.97876
0.44774875 -0.8940229 0.010037883 101.62622 0.89226896 0.44610047 -0.068603195 79.15039 0.056864314 0.039666377 0.99759316 8.067139
0.44605035 -0.89492995 0.013501682 102.18506 0.89336836 0.44425192 -0.06763308 80.26196 0.05453436 0.04221732 0.99761826 8.1501465
0.44531545 -0.8951457 0.015505274 102.737305 0.8935995 0.443352 -0.0689315 81.386475 0.05484013 0.044557717 0.99750084 8.23645
0.4410065 -0.89729524 0.01758545 103.27637 0.89583117 0.43893364 -0.068981715 82.483154 0.05419464 0.04618827 0.9974623 8.31189
0.44108775 -0.8973297 0.021859173 103.82129 0.89612526 0.43883967 -0.06794804 83.58203 0.05136958 0.0495686 0.9974495 8.393921
0.43856615 -0.8984424 0.024881886 104.357666 0.8973771 0.43615997 -0.06809424 84.68091 0.050320882 0.05219153 0.9973685 8.473755
0.43599924 -0.8995595 0.024747916 104.88086 0.8984937 0.43361577 -0.06784946 85.76074 0.050302003 0.051833585 0.9973891 8.550903
0.43649912 -0.8994095 0.026389128 105.396484 0.8983513 0.4339499 -0.06940065 86.82568 0.050956883 0.05398634 0.99724 8.627563
0.43544474 -0.89984393 0.026220985 105.910645 0.8986895 0.43281722 -0.07102365 87.891846 0.052556567 0.054482207 0.9971301 8.707886
0.435436 -0.89980185 0.025536422 106.40259 0.89861333 0.43284887 -0.07096378 88.937256 0.05278656 0.053835314 0.9971529 8.783325
0.43850952 -0.8984379 0.022464123 106.89746 0.89711565 0.43609685 -0.070633814 89.977295 0.053675957 0.05113866 0.99724865 8.856934
0.44103074 -0.8974001 0.020376883 107.39111 0.8959456 0.4386984 -0.07121895 90.998535 0.054977246 0.049649734 0.9972512 8.9375
0.4468565 -0.89455706 0.01792387 107.89404 0.8930169 0.44466686 -0.0708808 92.02222 0.055433955 0.047661766 0.9973229 9.01416
0.4542319 -0.8906723 0.016467964 108.40332 0.88910997 0.45213318 -0.07040504 93.03735 0.05525544 0.04664033 0.9973836 9.091919
0.459277 -0.88806516 0.01588568 108.90674 0.8865291 0.45723632 -0.06962765 94.03223 0.05458894 0.046067543 0.99744576 9.159912
0.46780026 -0.88379484 0.013932593 109.42554 0.88229716 0.46594107 -0.06764366 95.02783 0.053282667 0.0439393 0.9976125 9.233643
0.4782691 -0.87814665 0.013492592 109.95361 0.87667805 0.47643724 -0.06714318 96.02124 0.052532487 0.043944217 0.99765193 9.309448
0.48564366 -0.8742053 0.012160884 110.48218 0.8727154 0.48388773 -0.066714935 96.99927 0.052438784 0.043000117 0.99769706 9.3811035
0.49662635 -0.8679576 0.010462899 111.024414 0.86640453 0.49493057 -0.06697588 97.96094 0.052940603 0.042329986 0.9977004 9.443726
0.50527704 -0.8627948 0.0070181387 111.57031 0.86102706 0.50368273 -0.068613335 98.906494 0.0556685 0.040733855 0.99761957 9.517212
0.5179069 -0.85540026 0.0033796001 112.12866 0.85347486 0.51646745 -0.06921564 99.84912 0.057465672 0.03873304 0.99759597 9.59375
0.5302152 -0.8478931 0.0017299121 112.70557 0.84604317 0.5289204 -0.06714096 100.79248 0.056018144 0.037070952 0.9977419 9.660889
0.5412062 -0.84096193 -0.00018159673 113.26807 0.83920825 0.5400919 -0.06442253 101.71484 0.054273967 0.03470549 0.99792224 9.734009
0.55441755 -0.8322871 -0.0003291471 113.8772 0.8306599 0.55335844 -0.06227976 102.63428 0.05201568 0.034249794 0.9980584 9.804077
0.5653901 -0.8248195 0.00015416369 114.48926 0.8232494 0.5643015 -0.061778937 103.529785 0.050881784 0.03506046 0.9980893 9.871704
0.57682705 -0.81698674 -0.0016916106 115.099365 0.815372 0.5758147 -0.0616883 104.41211 0.051363524 0.03420245 0.99809414 9.943848
0.5885521 -0.80843526 -0.0030882258 115.72217 0.80674005 0.58755755 -0.062595256 105.27954 0.052411795 0.03434604 0.9980346 10.011597
0.5992958 -0.80064493 -0.0022884596 116.34839 0.79887444 0.5981559 -0.064809725 106.12158 0.05325722 0.03700601 0.99789435 10.07605
0.6094565 -0.7927264 -0.0031610793 116.98364 0.79096 0.6083558 -0.06440874 106.95825 0.052981667 0.03675073 0.99791884 10.148071
0.6205895 -0.7841206 -0.0031939738 117.62793 0.7824732 0.61954033 -0.062377095 107.77783 0.050895635 0.03620292 0.9980469 10.214478
0.62953013 -0.77690417 -0.0013026372 118.268555 0.7754657 0.6284645 -0.059792086 108.579346 0.047277987 0.036634084 0.99820995 10.277466
0.6407744 -0.76780385 -0.0017160471 118.92505 0.7664606 0.6397823 -0.057732083 109.374756 0.045426995 0.035676338 0.9983301 10.340576
0.64931875 -0.760396 -0.005191835 119.56445 0.7589817 0.64849937 -0.056913327 110.14551 0.04665291 0.033017125 0.9983656 10.40332
0.65837735 -0.7526379 -0.0077424645 120.218994 0.7511898 0.65768766 -0.056082465 110.90527 0.04730136 0.031106137 0.99839616 10.457031
0.66875774 -0.74340963 -0.008359608 120.88672 0.74195355 0.6680783 -0.056041274 111.65869 0.0472507 0.031273894 0.9983932 10.518188
0.6770538 -0.73582053 -0.008572059 121.54712 0.73446333 0.6764329 -0.05393707 112.38281 0.045493048 0.030227626 0.9985075 10.579712
0.6860443 -0.72762966 -0.0073300526 122.22168 0.726365 0.685385 -0.052879 113.10156 0.04349475 0.030949332 0.9985738 10.631348
0.69375706 -0.72003925 -0.0063990187 122.90088 0.71887374 0.6930913 -0.051394697 113.80835 0.041451506 0.03105267 0.99865764 10.691162
0.70188093 -0.7123524 -0.007678798 123.5603 0.7111711 0.70126647 -0.05100389 114.48828 0.041720953 0.030339764 0.99866843 10.742676
0.71047145 -0.70357937 -0.008343495 124.24634 0.7024382 0.7099091 -0.049720038 115.16846 0.040917315 0.029459925 0.99872774 10.797485
0.71641415 -0.6976797 -0.00789065 124.91675 0.696653 0.7158948 -0.04730931 115.82861 0.038649663 0.02839918 0.99884933 10.844849
0.7230213 -0.6907249 -0.007159974 125.59448 0.6898287 0.7225448 -0.044467602 116.49097 0.035892952 0.027207337 0.9989849 10.895142
0.73116225 -0.6820401 -0.0059716986 126.27466 0.6812206 0.7306637 -0.04337889 117.13257 0.033957273 0.02764744 0.99904066 10.94043
0.7379045 -0.67484736 -0.007236127 126.934814 0.6740545 0.73748446 -0.04171942 117.74414 0.0334992 0.02591077 0.9991029 10.983398
0.74560153 -0.6663701 -0.00851861 127.59839 0.6656201 0.74526876 -0.039584212 118.35791 0.032728877 0.023841007 0.99917966 11.022949
0.7549466 -0.65579927 -0.0075181983 128.281 0.6551647 0.754638 -0.03679888 118.95239 0.029803433 0.022856632 0.99929446 11.070923
0.76328605 -0.64594465 -0.0062965816 128.9436 0.6454416 0.7630154 -0.03320707 119.52832 0.0262551 0.021281317 0.9994288 11.105225
0.7739108 -0.63316417 -0.006876797 129.63184 0.63272226 0.77370197 -0.030495383 120.095215 0.02462906 0.019250222 0.99951136 11.138794
0.7825016 -0.62245715 -0.008157838 130.29224 0.6220002 0.7823233 -0.030235248 120.63257 0.025206864 0.018587623 0.9995096 11.171265
0.7921762 -0.61032593 -0.009777682 130.97314 0.6098341 0.7920266 -0.030531768 121.15723 0.02637823 0.018227577 0.9994859 11.206421
0.8028806 -0.59605485 -0.010064831 131.66455 0.59557444 0.80274 -0.029994775 121.67944 0.025954492 0.018088318 0.99949956 11.237549
0.81199884 -0.5834876 -0.008751959 132.3418 0.58307755 0.8118512 -0.028189823 122.17676 0.023555689 0.017786097 0.9995643 11.270142
0.8226485 -0.56859076 -0.006979328 133.0586 0.5682496 0.82248205 -0.026654325 122.6709 0.02089127 0.017961038 0.9996205 11.297974
0.8314313 -0.5556493 -0.005158129 133.74902 0.55537546 0.83125395 -0.02501647 123.15259 0.018186675 0.017935364 0.9996737 11.322754
0.8398627 -0.54289055 -0.002207302 134.46216 0.5427108 0.8396767 -0.022629485 123.614746 0.0141389165 0.017807607 0.9997413 11.35022
0.8481903 -0.5295677 -0.00025244616 135.18994 0.5294317 0.8479831 -0.02226236 124.07153 0.012004863 0.018749455 0.9997521 11.3688965
0.8545861 -0.51932204 0.001836272 135.90356 0.5192224 0.85434115 -0.02292874 124.50464 0.0103369225 0.020547789 0.9997354 11.3914795
0.8612236 -0.50826436 0.0018089125 136.63403 0.50817555 0.86099446 -0.02209568 124.94141 0.009669385 0.019949531 0.9997543 11.407349
0.8682035 -0.49616346 0.001223322 137.39429 0.49608135 0.8680093 -0.020490885 125.37793 0.009104941 0.018397426 0.9997893 11.421997
0.87427473 -0.48553336 0.0012262827 138.12085 0.48546848 0.8741105 -0.018747155 125.80005 0.008031267 0.016984588 0.99982333 11.437012
0.88050056 -0.47413903 0.0013999185 138.88354 0.4740867 0.88035095 -0.017746318 126.21265 0.007181814 0.016288992 0.9998414 11.449707
0.8866841 -0.46231818 0.0017368663 139.63672 0.46227184 0.88652754 -0.017982505 126.60986 0.0067761373 0.016748141 0.9998367 11.46875
0.89190656 -0.4522867 0.0010263417 140.40918 0.45222142 0.89173454 -0.019148167 127.01465 0.0077456497 0.017541766 0.99981606 11.482666
0.8956152 -0.44486153 0.00019413792 141.19604 0.4447738 0.89542973 -0.020250613 127.40137 0.008837226 0.018222826 0.9997948 11.496094
0.8989943 -0.43795258 0.0011292831 141.96484 0.4378951 0.898828 -0.018729588 127.78735 0.0071857306 0.017333178 0.99982405 11.505371
0.90199345 -0.43171617 0.004430354 142.76807 0.4317283 0.9018522 -0.016247943 128.17773 0.0030207895 0.016568504 0.9998581 11.526245
0.9052029 -0.42490342 0.0063656424 143.58716 0.424951 0.90511334 -0.012744381 128.55469 -0.00034486037 0.014241271 0.9998985 11.534546
0.9079852 -0.41892087 0.008555215 144.40161 0.41899273 0.9079379 -0.009946956 128.95435 -0.00360071 0.012616471 0.9999139 11.540161
0.9111854 -0.41180354 0.01030159 145.24536 0.41188332 0.9111778 -0.007361495 129.3501 -0.006355499 0.0109507525 0.99991983 11.5407715
0.9141223 -0.4052596 0.0119899865 146.09009 0.40533933 0.9141514 -0.005099412 129.7268 -0.008894032 0.009521303 0.9999151 11.536621
0.91719335 -0.39816839 0.014719739 146.9646 0.39826035 0.91726357 -0.0038374104 130.10034 -0.011974353 0.0093809385 0.99988425 11.5373535
0.92079854 -0.38967222 0.016545322 147.8418 0.38977703 0.9208961 -0.0035347342 130.47583 -0.013858618 0.009704602 0.99985677 11.536011
0.9235135 -0.3831401 0.018407237 148.74316 0.38327447 0.9236312 -0.0042973747 130.85498 -0.015356145 0.011022605 0.9998215 11.524048
0.927365 -0.37375218 0.018855901 149.6377 0.37388694 0.9274934 -0.0040867855 131.2351 -0.015962107 0.010837281 0.99981403 11.510742
0.93107086 -0.36424324 0.019938156 150.57031 0.36443955 0.93117994 -0.007174286 131.57202 -0.015951725 0.013947533 0.9997755 11.510376
0.9349217 -0.35428482 0.019359669 151.5044 0.35449177 0.9350056 -0.008453231 131.94556 -0.01510531 0.014768097 0.99977684 11.489258
0.93923855 -0.34285665 0.017225124 152.46631 0.34304032 0.93928564 -0.009070467 132.30078 -0.01306959 0.014428288 0.9998105 11.4921875
0.9437577 -0.33031106 0.015850365 153.43433 0.33045596 0.94381016 -0.00752795 132.65552 -0.012473329 0.012341695 0.9998461 11.474731
0.9491715 -0.31441396 0.015938455 154.42798 0.3145109 0.9492651 -0.0039261393 132.99756 -0.013895623 0.008738313 0.9998653 11.466675
0.95531034 -0.29501942 0.017515803 155.43115 0.29506135 0.955458 0.00019888999 133.3186 -0.016794551 0.004979131 0.9998466 11.455688
0.96108663 -0.27560335 0.018855633 156.4624 0.2755935 0.9612692 0.0031735566 133.62549 -0.019000089 0.002147663 0.9998171 11.444092
0.967129 -0.25361568 0.019627888 157.50757 0.25356883 0.96732795 0.004879214 133.91309 -0.020223906 0.000255596 0.99979556 11.430054
0.9722838 -0.23285477 0.021114327 158.56567 0.23276831 0.9725121 0.006498719 134.19434 -0.022046631 -0.001403013 0.99975586 11.410889
0.9774508 -0.20971401 0.024921665 159.66113 0.20958464 0.97776574 0.00772345 134.4331 -0.02598682 -0.002325696 0.9996594 11.39856
0.9815156 -0.18918815 0.028694283 160.74414 0.1889902 0.9819271 0.009484857 134.6521 -0.029970657 -0.0038865013 0.99954337 11.368652
0.9856221 -0.1658641 0.032168195 161.8706 0.1655572 0.9861257 0.011998458 134.85693 -0.033711836 -0.0064989356 0.9994103 11.350586
0.9890064 -0.1434199 0.03618892 163.00195 0.14298636 0.9896279 0.0143057555 135.03711 -0.037864625 -0.0089741545 0.99924225 11.31189
0.99190134 -0.121800944 0.03600946 164.13623 0.12135874 0.9925071 0.014226826 135.2002 -0.037472427 -0.009741252 0.9992501 11.278687
0.9944141 -0.099446975 0.035386607 165.28442 0.09896144 0.99497586 0.015218824 135.3269 -0.036721963 -0.011631096 0.9992575 11.246704
0.9962917 -0.07885498 0.034367707 166.45361 0.078357965 0.9968017 0.015580761 135.43164 -0.03548668 -0.012829406 0.99928796 11.206665
0.9975965 -0.05889876 0.03648591 167.64917 0.058409944 0.99818933 0.01432015 135.51025 -0.0372636 -0.012154349 0.99923164 11.169922
0.9985341 -0.037627943 0.038904753 168.84546 0.03708787 0.9992067 0.014507493 135.56348 -0.039419785 -0.013043212 0.99913734 11.140747
0.9990841 -0.015358493 0.039940897 170.07495 0.014801855 0.99978954 0.014195968 135.59937 -0.040150516 -0.013591817 0.99910134 11.10144
0.9991613 0.0019554119 0.040911324 171.2749 -0.002576894 0.9998819 0.015146146 135.61792 -0.040876884 -0.015238808 0.9990484 11.057007
0.99879545 0.025002504 0.04221305 172.52759 -0.025700787 0.9995403 0.016083673 135.60571 -0.041791644 -0.017149374 0.9989791 11.013794
0.99814016 0.044444595 0.04173609 173.77393 -0.045239344 0.9988088 0.018298434 135.56665 -0.040873248 -0.020152116 0.9989613 10.96875
0.9970583 0.06428168 0.04171438 175.03589 -0.06516073 0.99767214 0.020061681 135.49829 -0.040327374 -0.022722002 0.99892783 10.920898
0.99548614 0.08577238 0.04067981 176.31812 -0.086612776 0.99605566 0.019367088 135.40967 -0.03885854 -0.02280164 0.99898475 10.880981
0.99404985 0.10173525 0.03889043 177.59204 -0.102635786 0.99447685 0.02190106 135.29956 -0.036447734 -0.02576346 0.99900323 10.839111
0.99183565 0.12196132 0.037287503 178.9043 -0.12284688 0.99217355 0.02244588 135.15234 -0.034258496 -0.026843885 0.99905217 10.794312
0.98925596 0.14193329 0.035203524 180.20874 -0.14276618 0.98951006 0.022377223 134.99414 -0.031659752 -0.027163215 0.99912924 10.760254
0.9863481 0.16189376 0.030107189 181.54736 -0.16263837 0.9863889 0.024175368 134.7976 -0.025783699 -0.028742366 0.9992542 10.724976
0.983379 0.17977545 0.025163174 182.86719 -0.18042281 0.98322856 0.026377209 134.5752 -0.019998401 -0.030479213 0.9993354 10.705322
0.980475 0.19552313 0.021070048 184.17432 -0.19608226 0.98016363 0.028907713 134.33594 -0.015000341 -0.03247477 0.99935997 10.67749
0.97691 0.21296208 0.017760206 185.49487 -0.21343043 0.97647977 0.030931313 134.07422 -0.010758717 -0.034006733 0.999364 10.671387
0.972766 0.23121741 0.015631273 186.8418 -0.23162365 0.9722261 0.033271223 133.7688 -0.0075042043 -0.03598676 0.9993244 10.668091
0.9687949 0.24725673 0.016613264 188.19263 -0.24768351 0.9682829 0.03249704 133.43628 -0.008047024 -0.035598967 0.9993334 10.663086
0.9640292 0.26536357 0.016526122 189.5249 -0.26576984 0.9635459 0.031449683 133.08765 -0.0075805467 -0.034710236 0.9993687 10.659302
0.9588892 0.28348812 0.013155433 190.8628 -0.28377178 0.95835656 0.03214315 132.70703 -0.003494498 -0.034555104 0.9993965 10.66748
0.9543152 0.29863802 0.009486293 192.21118 -0.29878682 0.9537176 0.033789404 132.3125 0.0010425271 -0.035080723 0.99938416 10.66394
0.9486512 0.31618947 0.010343495 193.54834 -0.31635594 0.94800115 0.035129394 131.90063 0.0013029526 -0.036596805 0.999329 10.672485
0.9431098 0.3322921 0.011387981 194.91992 -0.3324834 0.94238585 0.036979415 131.43604 0.0015551233 -0.038660996 0.9992513 10.685547
0.9366461 0.35021845 0.010015995 196.27002 -0.35032365 0.93573976 0.041528706 130.95776 0.0051645236 -0.042406544 0.9990876 10.695068
0.92973596 0.36811483 0.008198036 197.5918 -0.36812252 0.92881995 0.042003945 130.45312 0.007846476 -0.042071432 0.9990841 10.715454
0.92274916 0.38533476 0.005810923 198.95557 -0.38521427 0.9218109 0.04309679 129.90796 0.011251807 -0.042006373 0.99905396 10.732666
0.915056 0.40327814 0.0009541088 200.30103 -0.40294462 0.914198 0.042889565 129.3169 0.016425833 -0.039630827 0.9990794 10.7677
0.9067695 0.42159098 -0.002504889 201.63403 -0.42101777 0.9058167 0.047073983 128.74341 0.022117682 -0.041629095 0.9988881 10.80542
0.89661753 0.44268268 -0.0041871956 202.9768 -0.44193852 0.8955856 0.050243873 128.11304 0.026001815 -0.043198843 0.9987277 10.849243
0.8841664 0.46716776 -0.0031473688 204.34033 -0.46635544 0.8829888 0.053371817 127.42798 0.027714249 -0.045719914 0.9985694 10.896362
0.8710657 0.4911329 -0.0019858568 205.65796 -0.4902164 0.86967343 0.0576786 126.70703 0.030057527 -0.04926869 0.99833316 10.955444
0.85652643 0.51613134 -0.00202802 206.96167 -0.51505876 0.85498744 0.061194178 125.98999 0.03331261 -0.051367696 0.9981241 11.011353
0.84093404 0.54114497 -0.0018892812 208.21411 -0.53989244 0.83921576 0.065156356 125.22363 0.0368401 -0.053769782 0.9978736 11.072388
0.8269885 0.5623162 -0.0024362814 209.49072 -0.56092346 0.82523024 0.06690412 124.41016 0.039619654 -0.053962633 0.9977571 11.141724
0.80961776 0.58690506 -0.002730047 210.73267 -0.58541214 0.8078737 0.06768235 123.548096 0.0419215 -0.053199507 0.9977043 11.213501
0.7935373 0.60851735 -0.0057692956 211.99341 -0.6067104 0.7918446 0.070102036 122.625 0.047218777 -0.052134484 0.997524 11.297363
0.7782783 0.62791157 -0.008099293 213.20557 -0.6258259 0.77662724 0.072463244 121.718506 0.0517744 -0.051335897 0.9973399 11.380737
0.7611537 0.648422 -0.009883288 214.36841 -0.64612144 0.7595811 0.07393515 120.74048 0.055458732 -0.049883664 0.9972133 11.473511
0.7435631 0.66852397 -0.011823188 215.5542 -0.66603464 0.74211854 0.07491027 119.718506 0.058843173 -0.047832757 0.9971219 11.575195
0.7282856 0.6850962 -0.012556251 216.71436 -0.68250906 0.7269176 0.07539779 118.70288 0.060795963 -0.046337005 0.9970735 11.673096
0.712769 0.7012087 -0.013010092 217.80786 -0.69854337 0.71146566 0.07587689 117.64966 0.062467616 -0.045006514 0.997033 11.776733
0.698874 0.71503305 -0.014151072 218.89355 -0.7122439 0.69766426 0.07662485 116.57178 0.06466699 -0.043471623 0.9969597 11.889893
0.6822435 0.73093295 -0.017074035 219.97314 -0.7279055 0.68123925 0.07795739 115.450195 0.0686129 -0.04075338 0.9968102 11.999512
0.66738886 0.74452794 -0.018934697 221.00781 -0.7412757 0.66650236 0.07981882 114.35449 0.07205291 -0.039242037 0.99662906 12.118164
0.65341294 0.75672466 -0.020263188 222.0437 -0.75322765 0.6525949 0.0822145 113.211426 0.07543959 -0.03845638 0.9964084 12.23938
0.63722986 0.77031237 -0.019984996 223.05786 -0.7668115 0.63646483 0.08218026 112.03174 0.07604636 -0.03704866 0.99641645 12.372559
0.6209817 0.7837183 -0.017289015 224.04321 -0.7802484 0.6200611 0.08288255 110.85156 0.075658746 -0.037978258 0.99641 12.500977
0.6053079 0.79599905 -0.012919803 225.0144 -0.7926022 0.6040866 0.083905846 109.65405 0.07458017 -0.04054931 0.9963901 12.637451
0.585799 0.8103335 -0.008070823 225.94458 -0.807082 0.58428806 0.08422108 108.40381 0.07296617 -0.042819176 0.9964145 12.766235
0.56804127 0.8228802 -0.0037340047 226.83691 -0.8197058 0.5662377 0.08530846 107.2124 0.07230715 -0.045401428 0.9963489 12.893799
0.54954755 0.8353917 -0.0016308494 227.69727 -0.8320224 0.547504 0.08870176 105.97168 0.07497744 -0.047403194 0.9960593 13.026733
0.5337413 0.8457475 0.0012515092 228.51318 -0.8422222 0.5313814 0.092015855 104.73193 0.07713336 -0.05016105 0.99575764 13.166138
0.5149079 0.85726696 0.0043295315 229.29785 -0.85390055 0.5124251 0.09126087 103.48828 0.076017596 -0.05068214 0.9958169 13.297607
0.4923083 0.8703637 0.008049985 230.05981 -0.8672285 0.48970458 0.089842156 102.2229 0.07424229 -0.0512128 0.9959246 13.428589
0.47194985 0.88137865 0.011630222 230.77075 -0.8785184 0.46925887 0.08777852 100.95117 0.07192492 -0.051667124 0.9960726 13.55957
0.4514597 0.8920597 0.015969303 231.4314 -0.88946486 0.4485999 0.08631755 99.69043 0.06986305 -0.05318153 0.99613833 13.684692
0.42839783 0.90341556 0.01684113 232.09204 -0.9009328 0.42564926 0.08434736 98.37329 0.069009766 -0.051314846 0.99629605 13.807617
0.40756458 0.91301304 0.018778816 232.67822 -0.91059804 0.40476054 0.08387623 97.11206 0.06897904 -0.051294304 0.99629927 13.929932
0.38735354 0.92162645 0.019164678 233.25195 -0.9192345 0.38462535 0.082939364 95.829346 0.06905606 -0.049742177 0.9963717 14.044312
0.3630156 0.93165183 0.01824599 233.79004 -0.9292268 0.3604697 0.08176795 94.53613 0.06959849 -0.046626903 0.99648404 14.167236
0.3448671 0.93851066 0.017246008 234.2771 -0.9360091 0.34245023 0.08153199 93.264404 0.0706079 -0.04425196 0.99652153 14.283813
0.3197876 0.9473374 0.017561825 234.74438 -0.9449755 0.31752986 0.07884209 91.96973 0.06910387 -0.041792713 0.9967326 14.400269
0.30107665 0.95348513 0.017312905 235.17212 -0.95110065 0.29890183 0.07841256 90.687256 0.06955293 -0.040071663 0.99677277 14.513062
0.279806 0.9599775 0.019046877 235.56543 -0.9573001 0.27738488 0.082724005 89.430664 0.074117355 -0.04136442 0.9963903 14.630981
0.25813413 0.9657709 0.021342197 235.94214 -0.96243817 0.25522023 0.091535136 88.16333 0.082968764 -0.04417814 0.9955731 14.749756
0.24156928 0.9700887 0.023913566 236.281 -0.9661616 0.23814674 0.099092424 86.91528 0.090445 -0.047063053 0.9947907 14.880737
0.22246231 0.97464025 0.026155995 236.59692 -0.97039115 0.2187277 0.10291993 85.67676 0.09461926 -0.04827765 0.9943429 15.023804
0.19969244 0.9793972 0.03139462 236.88843 -0.97527176 0.19553357 0.1033933 84.41138 0.09515981 -0.051271632 0.99414206 15.153809
0.1820993 0.9826424 0.03590482 237.14429 -0.97873443 0.17761928 0.10279745 83.17578 0.09462509 -0.053864613 0.99405485 15.292114
0.16312288 0.9857973 0.040561255 237.38501 -0.9820105 0.15825005 0.103243954 81.934326 0.095346875 -0.056643106 0.9938286 15.430054
0.14388347 0.9887788 0.041272037 237.58203 -0.98513067 0.13912868 0.10122805 80.70215 0.09433631 -0.055196855 0.9940068 15.564819
