1 0 0 0 0 1 0 0 0 0 1 0
0.99986094 0.0017543071 0.016583909 -0.0027179318 -0.0017469605 0.99999837 -0.00045747956 -0.0054967192 -0.016584686 0.00042844453 0.99986237 0.11063716
0.99929325 0.0035537503 0.037421414 0.019108624 -0.0035292665 0.99999351 -0.00072031683 0.0017954043 -0.037423735 0.00058773764 0.99929931 0.27936593
0.9979398 0.0054171278 0.063928123 0.059654858 -0.005476379 0.99998472 0.00075164386 0.00034622953 -0.06392308 -0.0011001899 0.99795422 0.41932866
0.99525716 0.0049033408 0.097155277 0.1231634 -0.0051896529 0.9999829 0.0026944684 0.0025693725 -0.097140412 -0.0031858911 0.99526559 0.58913488
0.99083784 0.0019813332 0.13504239 0.17536792 -0.002685147 0.99998375 0.0050298583 -1.6155482e-05 -0.13503024 -0.0053463826 0.99082705 0.75380889
0.98465738 -0.0011460968 0.17449505 0.24317664 0.00016209987 0.99998401 0.0056532583 -0.0040621267 -0.17449876 -0.0055382369 0.98464182 0.94291738
0.97584922 -0.0017959322 0.21843779 0.33344209 0.00026952252 0.99997534 0.0070174421 -0.0029824086 -0.21844502 -0.0067890915 0.97582564 1.1926873
0.9640959 -0.0016911097 0.26554893 0.42330683 -0.0010294817 0.99994841 0.010105638 0.0065700266 -0.26555235 -0.010016182 0.96404441 1.3916263
0.94978973 -0.005723277 0.31283654 0.56951248 0.00061193747 0.99986476 0.016434433 0.011152117 -0.31288831 -0.015417819 0.94966478 1.6476662
0.93276019 -0.015009584 0.36018486 0.69530962 0.006590391 0.99967586 0.024591441 0.00051991086 -0.36043725 -0.020564158 0.93255676 1.8465579
0.91111559 -0.020582005 0.41163666 0.83183164 0.0093689225 0.99952852 0.029239693 -0.0011903232 -0.41204443 -0.022784149 0.91087885 2.0502468
0.88734007 -0.023097378 0.46053674 1.0628805 0.0084630662 0.99939223 0.033816461 0.0072657811 -0.46103795 -0.026109148 0.88699624 2.3110664
0.85879549 -0.024603956 0.5117274 1.2563087 0.0060886578 0.99926576 0.037826739 0.018704974 -0.5122824 -0.0293697 0.85831474 2.5236258
0.82665617 -0.030040672 0.56190489 1.4538716 0.0074687693 0.99907175 0.042424764 0.022982879 -0.56265782 -0.030873955 0.82611319 2.7427623
0.79010322 -0.036176017 0.61190536 1.6816393 0.0099382329 0.99888177 0.046221746 0.030340262 -0.61289328 -0.030438692 0.78957922 2.9453857
0.75155031 -0.040501701 0.65843124 1.9497695 0.011052564 0.99874646 0.048819634 0.04276357 -0.65958321 -0.029413058 0.75105586 3.1666835
0.71225082 -0.043908144 0.70055036 2.259071 0.012157443 0.99866356 0.050232383 0.052292936 -0.70181979 -0.027261154 0.71183275 3.4091814
0.67124024 -0.045541294 0.7398395 2.5410338 0.01100807 0.99861321 0.051482894 0.062129032 -0.74115815 -0.026413185 0.67081069 3.5812122
0.62809437 -0.045920846 0.77678098 2.8621985 0.0069709334 0.99854917 0.053394483 0.085965202 -0.77810598 -0.028121885 0.62750322 3.8468519
0.5875817 -0.046852987 0.80780721 3.2245782 0.0044073897 0.99849273 0.054706945 0.10891678 -0.80915288 -0.028584479 0.58690255 4.0508584
0.54689238 -0.047613052 0.83584787 3.5790441 0.0020780503 0.99845563 0.055516142 0.12361758 -0.83720038 -0.02862442 0.54614671 4.2337592
0.50843256 -0.050259904 0.85963377 4.023792 0.0006819981 0.99831839 0.057964959 0.13311491 -0.86110158 -0.028885004 0.50761185 4.4662613
0.47194137 -0.049809002 0.88022176 4.4269373 -0.0015394605 0.99835472 0.057319177 0.15403887 -0.88162863 -0.028406357 0.47108821 4.6689274
0.43529362 -0.049459622 0.89892889 4.8830119 -0.0030638722 0.99840263 0.056416365 0.17959754 -0.90028337 -0.027311886 0.43444675 4.8182423
0.40033588 -0.047990431 0.91511094 5.370159 -0.0015945831 0.99858974 0.053065829 0.2000613 -0.91636713 -0.022703375 0.39969477 5.0021153
0.3713695 -0.046471111 0.92732144 5.9309745 0.00039216828 0.99875445 0.049893799 0.22415994 -0.92848512 -0.018165368 0.37092516 5.1866632
0.34543483 -0.044673943 0.93737876 6.4303119 0.0013875172 0.99888949 0.047094128 0.24621665 -0.93844176 -0.014967322 0.3451132 5.3701444
0.32510149 -0.043744143 0.94466682 7.0426884 0.0027925602 0.99896963 0.045297669 0.27448663 -0.94567505 -0.0120883 0.32488867 5.5513587
0.30965505 -0.044422754 0.94981066 7.6201562 0.0037691601 0.99895757 0.045492548 0.29691449 -0.95084153 -0.010507008 0.30949969 5.7405358
0.29736637 -0.04616168 0.95364682 8.2027762 0.0045631696 0.99888782 0.046928701 0.31504711 -0.95475258 -0.0096033647 0.29724629 5.875803
0.28855488 -0.04769323 0.95627473 8.8522072 0.0030948844 0.99879985 0.048880249 0.33439017 -0.9574584 -0.011145074 0.28835617 6.0803705
0.27768932 -0.049270599 0.95940657 9.5359677 0.0015869822 0.99870608 0.050829502 0.36441312 -0.96066966 -0.012592248 0.27740821 6.289792
0.26763728 -0.051342918 0.96215078 10.222421 0.0013257853 0.99859793 0.052919046 0.39990711 -0.96351887 -0.012887503 0.2673301 6.4935803
0.25620065 -0.053150631 0.96516121 10.950096 0.00073223571 0.99849752 0.054792063 0.42717329 -0.96662339 -0.013331036 0.25585463 6.6707299
0.24696476 -0.054972871 0.96746386 11.645447 0.00049795777 0.99839662 0.056603407 0.45949436 -0.96902438 -0.01349729 0.24659615 6.8703285
0.23524195 -0.05586297 0.97033009 12.404667 -0.00093724927 0.99833339 0.057702372 0.48068638 -0.97193643 -0.014483459 0.23479753 7.0227418
0.22692355 -0.058861879 0.97213214 13.166233 -0.0010635295 0.99815635 0.060685883 0.52058659 -0.97391203 -0.014804947 0.22644258 7.2393647
0.21530212 -0.062341743 0.9745555 13.951991 -0.0028937819 0.9979151 0.064475347 0.55654743 -0.97654324 -0.016701829 0.21467283 7.3972098
0.2018795 -0.066324759 0.97716202 14.729695 -0.0018610846 0.99767665 0.068101683 0.60283752 -0.97940864 -0.015566914 0.20128702 7.5758664
0.18843481 -0.068500761 0.97969377 15.534424 -0.0045025753 0.99749374 0.070611372 0.62639894 -0.98207542 -0.017716785 0.18765411 7.7011924
0.17423108 -0.069072289 0.98227922 16.339659 -0.00487821 0.99746401 0.071005326 0.67019371 -0.98469275 -0.017163098 0.17345228 7.8838181
0.159529 -0.068250416 0.9848311 17.122623 -0.0068002423 0.99750761 0.070230464 0.70509187 -0.98716986 -0.017900885 0.15866727 7.9899527
0.14373258 -0.067071132 0.98734104 17.963995 -0.0072561485 0.99760239 0.068824513 0.74955736 -0.98959 -0.017056618 0.14290129 8.117863
0.12375976 -0.065973768 0.99011661 18.750092 -0.010118521 0.99765166 0.067740611 0.78555375 -0.99226066 -0.018402077 0.12280157 8.1976847
0.098146479 -0.064457299 0.99308229 19.580295 -0.014800503 0.99769531 0.066219448 0.82418334 -0.99506196 -0.021197323 0.096966279 8.2921135
0.068453603 -0.063981136 0.99560054 20.419679 -0.017997464 0.99769986 0.065353481 0.86418634 -0.99749199 -0.022391965 0.067144651 8.3697025
0.035087521 -0.06395775 0.99733554 21.242244 -0.021797736 0.9976637 0.064745665 0.90287849 -0.99914654 -0.024011421 0.03361141 8.379602
0.0022435969 -0.063495908 0.99797953 22.105724 -0.022058219 0.99773612 0.06353001 0.9358985 -0.99975421 -0.022156187 0.00083790947 8.3781031
-0.033035789 -0.062025663 0.99752763 22.949849 -0.024315712 0.9978269 0.061238992 0.97057926 -0.99915838 -0.022232515 -0.034472199 8.3297176
-0.066321814 -0.059759051 0.99600712 23.808393 -0.0266748 0.99795435 0.058099668 0.99709593 -0.99744171 -0.022715015 -0.067780205 8.2675609
-0.096850765 -0.057109502 0.99365907 24.638928 -0.02710703 0.99813347 0.054724573 1.031654 -0.99492976 -0.021635029 -0.098218061 8.1977419
-0.1280776 -0.052425731 0.9903775 25.44444 -0.025800896 0.99844003 0.049515899 1.0540538 -0.99142853 -0.019210749 -0.12923043 8.1293298
-0.15969637 -0.046926179 0.98605016 26.299038 -0.020805817 0.99880763 0.044163689 1.0740747 -0.98694694 -0.013462798 -0.16048229 7.9805394
-0.19323043 -0.041021876 0.98029543 27.131124 -0.014788222 0.99913386 0.038895225 1.0989825 -0.98104199 -0.0069810847 -0.19366971 7.7853539
-0.22156329 -0.035000571 0.97451762 27.948989 -0.0089336016 0.99938657 0.033862643 1.1102156 -0.97510511 -0.0012032326 -0.22174006 7.5601891
-0.25041374 -0.028020593 0.96773329 28.738287 -0.0011967922 0.99958927 0.028633293 1.1161212 -0.96813822 0.0060119953 -0.25034442 7.3194101
-0.27549944 -0.018506317 0.96112304 29.55761 0.0077302436 0.9997397 0.021465699 1.1264305 -0.96127019 0.013343504 -0.27528467 7.0553059
-0.2992985 -0.002889181 0.95415511 30.322334 0.011267174 0.99991499 0.0065620195 1.111311 -0.95409304 0.012714636 -0.29924051 6.8271153
-0.32288463 0.014629312 0.94632522 31.160903 0.01195636 0.99986379 -0.011377477 1.0853758 -0.94636285 0.0076409933 -0.32301557 6.5454796
-0.34848696 0.029687795 0.93684331 31.926147 0.010873108 0.99955906 -0.027630625 1.0657137 -0.9372506 0.00055748678 -0.3486561 6.2108404
-0.37257337 0.039561998 0.92715903 32.663092 0.013487887 0.99921619 -0.037216658 1.022404 -0.92790476 -0.0013605182 -0.37281495 5.9269453
-0.39690341 0.044599966 0.91677612 33.450111 0.017840338 0.99900492 -0.040876603 0.97263735 -0.91768703 0.00013153338 -0.39730414 5.5907507
-0.41933612 0.044072697 0.90676058 34.19981 0.019928012 0.99902709 -0.039341457 0.92264142 -0.90761234 0.0015726427 -0.41980642 5.1968835
-0.43997744 0.040703742 0.89708583 34.932861 0.023613684 0.99915119 -0.033753407 0.87915365 -0.89769834 0.0063327648 -0.44056515 4.845106
-0.45723507 0.0398104 0.88845436 35.685667 0.031628041 0.99909356 -0.0284909 0.83876297 -0.88878334 0.015073033 -0.45807974 4.4372118
-0.47165281 0.040154206 0.88086957 36.3621 0.035414962 0.99901923 -0.026577439 0.79426852 -0.88107291 0.01866064 -0.47261229 4.0642845
-0.48283621 0.043957021 0.87460672 37.04076 0.038667918 0.99883545 -0.028853609 0.75421163 -0.87485659 0.019887655 -0.48397365 3.6632395
-0.49307775 0.045921715 0.86877239 37.719655 0.039553086 0.99875663 -0.030343817 0.71105301 -0.8690857 0.01940077 -0.49428102 3.2904579
-0.50384711 0.045752742 0.86258027 38.429247 0.033021854 0.99888651 -0.033694059 0.65709031 -0.86316146 0.011507346 -0.50479692 2.8727455
-0.51560527 0.043966326 0.85569744 39.159802 0.031925412 0.99897494 -0.032091187 0.61854451 -0.8562313 0.010772109 -0.51648039 2.4737187
-0.52401562 0.046300469 0.85044919 39.867183 0.034425176 0.99885672 -0.033168594 0.57834098 -0.85101269 0.011896003 -0.52501043 2.0419686
-0.53204818 0.049263391 0.84527971 40.53759 0.03778226 0.99869293 -0.034422944 0.53886075 -0.84587073 0.013621914 -0.53321404 1.6125508
-0.53446591 0.051767441 0.84360314 41.235121 0.03796724 0.99858544 -0.037223684 0.49094135 -0.84433686 0.012134494 -0.53567534 1.1675667
-0.53478169 0.054715477 0.84321688 41.929316 0.038047265 0.99844846 -0.040658107 0.45396163 -0.84413329 0.010338886 -0.53603373 0.6985778
-0.53247966 0.054772908 0.84466874 42.597626 0.040629213 0.99840781 -0.039129504 0.41399607 -0.84546717 0.013482562 -0.53385723 0.28514699
-0.52556924 0.05373198 0.84905229 43.385946 0.038451676 0.99848392 -0.039386855 0.35958214 -0.84988147 0.011946966 -0.52683852 -0.1785491
-0.51851965 0.051795803 0.85349546 44.135624 0.035336635 0.99860894 -0.039134376 0.31576429 -0.85433527 0.0098677158 -0.51962865 -0.63029015
-0.5115712 0.05189126 0.85767251 44.944291 0.034850791 0.99860644 -0.039630843 0.27390053 -0.85853386 0.0096165688 -0.51266675 -1.099909
-0.5056675 0.050545281 0.86124647 45.730074 0.032122795 0.99869312 -0.03975142 0.21991084 -0.86213025 0.0075646443 -0.50663031 -1.53786
-0.50090241 0.048685096 0.86413336 46.548175 0.02792418 0.99880596 -0.040086028 0.17207878 -0.86505322 0.0040510289 -0.50166381 -2.0044936
-0.49997043 0.044618798 0.86489229 47.390401 0.021828288 0.99900392 -0.038919129 0.11562574 -0.86576738 -0.00057929451 -0.50044637 -2.4665216
-0.50005352 0.042902714 0.86493108 48.208536 0.019923387 0.99907765 -0.038038154 0.071068429 -0.86576533 -0.0017887553 -0.50044706 -2.9398312
-0.50138685 0.041963199 0.86420498 49.083334 0.018682656 0.99911539 -0.037674903 0.02280951 -0.86502153 -0.0027440563 -0.5017273 -3.426556
-0.50126417 0.041822275 0.86428298 49.960061 0.018885108 0.99912213 -0.037394154 -0.034375349 -0.86508823 -0.0024222709 -0.50161394 -3.925406
-0.50176177 0.040971677 0.86403494 50.822341 0.018926139 0.99915849 -0.036388325 -0.08059195 -0.86479881 -0.0019054248 -0.50211497 -4.4261851
-0.50135552 0.040333716 0.86430074 51.728573 0.019421754 0.99918582 -0.035362312 -0.12888261 -0.86502341 -0.00094285363 -0.50173068 -4.93002
-0.50218063 0.040221384 0.86382683 52.610083 0.018874607 0.99918959 -0.035551484 -0.18973995 -0.86455678 -0.0015488739 -0.50253282 -5.4576673
-0.50227702 0.038275664 0.8638592 53.505939 0.016736732 0.99926303 -0.0345438 -0.24480232 -0.86454482 -0.0028923759 -0.50254746 -5.9597592
-0.5026419 0.037230662 0.86369261 54.407427 0.016094186 0.99930206 -0.033709984 -0.29899199 -0.86434493 -0.0030436197 -0.50289029 -6.4784059
-0.5014184 0.036248418 0.86444524 55.302423 0.014318344 0.99933281 -0.033599295 -0.35722916 -0.86508649 -0.0044698798 -0.50160288 -6.979764
-0.50055142 0.035446842 0.86498077 56.189019 0.01450421 0.99936452 -0.032560507 -0.41439929 -0.86558533 -0.0037523442 -0.50074746 -7.4929062
-0.49828592 0.032872107 0.86638935 57.087461 0.014828965 0.99945795 -0.029392354 -0.46394605 -0.86688598 -0.0017981387 -0.49850329 -8.0007861
-0.4961321 0.031784236 0.86766505 57.976571 0.01533115 0.99949462 -0.027847031 -0.51633772 -0.86811172 -0.00051350199 -0.49636866 -8.4999414
-0.4939868 0.031484532 0.86889913 58.867832 0.015397705 0.99950422 -0.027463094 -0.57278134 -0.86933308 -0.00018735226 -0.49422669 -8.981091
-0.49121429 0.032013781 0.87045021 59.756128 0.016302236 0.99948721 -0.027559844 -0.61986603 -0.87088623 0.00065249626 -0.4914843 -9.5020857
-0.49067759 0.03267683 0.87072824 60.640266 0.016570871 0.99946579 -0.028170004 -0.67081026 -0.87118366 0.00060633639 -0.49095695 -9.9815892
-0.49164559 0.033732869 0.87014174 61.542915 0.01569661 0.99943035 -0.029876147 -0.72449216 -0.87065395 -0.0010302001 -0.49189502 -10.459803
-0.49428141 0.035317488 0.86858419 62.413326 0.013768723 0.99936709 -0.032799941 -0.78314439 -0.86919295 -0.0042531048 -0.49445485 -10.973013
-0.49776715 0.03566966 0.86657687 63.289264 0.012080935 0.99934216 -0.034195121 -0.83651912 -0.8672266 -0.0065521484 -0.49787062 -11.474615
-0.50467139 0.034267422 0.86263113 64.149742 0.012325403 0.99939608 -0.032489492 -0.88943045 -0.86322357 -0.0057642399 -0.50478897 -11.9803
-0.50931855 0.032331813 0.85997047 65.015213 0.015871366 0.99947694 -0.028176921 -0.94733588 -0.86043174 -0.00070212187 -0.5095653 -12.493743
-0.51464497 0.030566476 0.85685832 65.893095 0.01336297 0.9995289 -0.027629877 -0.99401387 -0.85729927 -0.0027694045 -0.51481098 -12.994839
-0.51968734 0.032822418 0.85372577 66.723097 0.014765557 0.99945757 -0.029437017 -1.0494209 -0.85422896 -0.002692308 -0.51989009 -13.509147
-0.52479514 0.034920253 0.85051195 67.554714 0.014763802 0.99938129 -0.031922744 -1.0970728 -0.85110055 -0.0041961104 -0.524986 -14.012235
-0.52954208 0.034999917 0.84756128 68.39774 0.012894387 0.99936513 -0.033212436 -1.1534914 -0.8481857 -0.0066585984 -0.5296572 -14.531797
-0.53302396 0.035497518 0.84535515 69.232948 0.012041518 0.9993366 -0.034370821 -1.2088065 -0.84601449 -0.0081411112 -0.53309779 -15.055033
-0.53644022 0.034172503 0.84324615 70.059701 0.011872185 0.99938657 -0.032947464 -1.2691986 -0.84385484 -0.0076631704 -0.53651686 -15.57704
-0.53916767 0.027304573 0.84175568 70.877798 0.012972797 0.99962499 -0.024116048 -1.3156735 -0.84209856 -0.0020826673 -0.5393197 -16.103727
-0.54094376 0.021376557 0.84078703 71.699533 0.016667137 0.9997531 -0.014694916 -1.3450293 -0.84089364 0.0060643903 -0.54116649 -16.622225
-0.54247136 0.020684508 0.83981957 72.524073 0.0192825 0.99974003 -0.012168001 -1.3779537 -0.839853 0.0095930301 -0.54272918 -17.143255
-0.54374212 0.021901352 0.8389665 73.32782 0.014052412 0.99975688 -0.016991308 -1.4338692 -0.83913473 0.0025506143 -0.54391769 -17.663371
-0.54562006 0.02642785 0.83761582 74.110004 0.014685893 0.99965067 -0.021973915 -1.4711461 -0.83790401 0.00031172811 -0.54581758 -18.163146
-0.54557722 0.032635877 0.83742482 74.919225 0.021881604 0.99945553 -0.024694756 -1.5057118 -0.83777488 0.0048513028 -0.5459943 -18.693835
-0.54566421 0.033252481 0.83734389 75.717664 0.024372519 0.99941945 -0.023806186 -1.5472979 -0.83764946 0.0074179972 -0.54615787 -19.230582
-0.54425296 0.030985829 0.83834869 76.527509 0.025011868 0.99947275 -0.020703447 -1.5921975 -0.83854826 0.0097007552 -0.54474102 -19.761261
-0.54390311 0.025090229 0.83877281 77.310352 0.021667022 0.99963956 -0.015852235 -1.6297935 -0.83886829 0.0095516294 -0.5442507 -20.261245
-0.54377554 0.020415451 0.8389823 78.126951 0.021502591 0.9997148 -0.010390021 -1.6594883 -0.83895522 0.012390455 -0.54405945 -20.777223
-0.54283798 0.013770687 0.8397245 78.941629 0.012968986 0.99988379 -0.0080133755 -1.6898407 -0.83973733 0.0065404117 -0.54295349 -21.290023
-0.54182974 0.0073160947 0.84045639 79.735629 0.002324431 0.99997133 -0.0072061299 -1.7236159 -0.84048509 -0.0019509119 -0.54183122 -21.776406
-0.54024268 0.0087225062 0.84146403 80.529094 0.0071996256 0.99995759 -0.005743074 -1.7378846 -0.8414785 0.0029555731 -0.54028257 -22.28096
-0.53775018 0.012400329 0.843013 81.321137 0.013243215 0.99989271 -0.006260232 -1.772856 -0.84300025 0.0077977623 -0.53785671 -22.778183
-0.53184582 0.013662185 0.84673095 82.102214 0.01132923 0.99989516 -0.0090174429 -1.8050397 -0.84676545 0.0047969215 -0.53194485 -23.27138
-0.52451676 0.016398942 0.85124214 82.891764 0.017265714 0.99981376 -0.0086223763 -1.8267029 -0.85122507 0.010174724 -0.52470221 -23.754407
-0.51682804 0.019343242 0.85587064 83.697395 0.02540434 0.99965095 -0.0072520474 -1.8627004 -0.85571225 0.017994768 -0.51713905 -24.250701
-0.50679711 0.019222201 0.86185099 84.493238 0.024060638 0.9996773 -0.0081477367 -1.8884226 -0.86172956 0.016607437 -0.50709606 -24.712799
-0.49607892 0.016508481 0.86812044 85.313354 0.020656046 0.99976066 -0.0072081014 -1.9070321 -0.86803173 0.01435615 -0.49630119 -25.168248
-0.48382779 0.01320496 0.87506356 86.134252 0.021144318 0.99977067 -0.0033960069 -1.9412581 -0.8749078 0.016859541 -0.48399604 -25.614496
-0.47298126 0.012315332 0.88098638 86.95084 0.021221639 0.99977146 -0.0025824234 -1.9612538 -0.88081691 0.017474538 -0.47313452 -26.041084
-0.46177587 0.011213848 0.88692572 87.778658 0.020420957 0.99978945 -0.0020087149 -1.9852395 -0.88676158 0.017184297 -0.46190765 -26.464419
-0.4490389 0.012929182 0.89341862 88.602919 0.023794864 0.99971372 -0.0025079621 -2.0039733 -0.89319535 0.020132603 -0.449218 -26.873068
-0.43761446 0.015684772 0.89902586 89.427555 0.023771561 0.99970018 -0.0058700087 -2.030628 -0.89884847 0.018802449 -0.43785611 -27.259669
-0.42617009 0.02523701 0.90429092 90.268848 0.025072318 0.99955631 -0.016079714 -2.0630526 -0.90429558 0.015819977 -0.42661376 -27.654615
-0.41282255 0.030872351 0.91028807 91.084451 0.025781211 0.999421 -0.022203312 -2.0918246 -0.91044656 0.014302302 -0.41337945 -28.020488
-0.4018361 0.026213591 0.91533629 91.934841 0.021561658 0.9995839 -0.019160641 -2.1278264 -0.91545776 0.012036732 -0.4022341 -28.382174
-0.38877281 0.022823865 0.92105087 92.787372 0.023836842 0.99960765 -0.014709061 -2.162845 -0.92102529 0.016236462 -0.38916433 -28.728153
-0.37970275 0.02381548 0.92480191 93.621591 0.021555104 0.99962494 -0.016892282 -2.194733 -0.92485743 0.013520157 -0.38007368 -29.052322
-0.37297247 0.027505051 0.9274346 94.476387 0.015704092 0.99960447 -0.023329922 -2.2342996 -0.92770954 0.0058631005 -0.37325689 -29.388569
-0.36808969 0.033746963 0.92917762 95.312111 0.010173085 0.99942747 -0.032268355 -2.2783074 -0.92973467 -0.0024250455 -0.36822226 -29.710163
-0.36429476 0.034887439 0.93062996 96.156055 0.0058750299 0.99936427 -0.03516437 -2.3231957 -0.93126521 -0.0073427161 -0.36426813 -30.031952
-0.36037855 0.034932465 0.93215179 97.01086 0.0053804233 0.99935977 -0.035370966 -2.371114 -0.93279067 -0.0077315654 -0.36033577 -30.348436
-0.35537158 0.034463792 0.93408951 97.874297 0.0038489457 0.99936553 -0.035407869 -2.4212137 -0.93471723 -0.0089876898 -0.35527876 -30.662667
-0.35053157 0.030272264 0.9360615 98.701546 0.0011370772 0.99949049 -0.031897751 -2.4688157 -0.93655026 -0.010116794 -0.3503874 -30.96911
-0.34463639 0.026786557 0.93835396 99.554278 0.0022363622 0.99961339 -0.027713921 -2.5121194 -0.93873363 -0.0074527256 -0.34456306 -31.273965
-0.33900262 0.023773543 0.94048497 100.41172 0.00020842467 0.99968254 -0.025194808 -2.5560997 -0.94078545 -0.0083450847 -0.33889995 -31.577145
-0.33319769 0.022197632 0.94259561 101.26046 -0.0046686006 0.99967173 -0.025192045 -2.6015745 -0.94284547 -0.012794533 -0.33298468 -31.857329
-0.32674613 0.021707226 0.94486279 102.10687 -0.0167485 0.99944622 -0.028753075 -2.6405145 -0.94496377 -0.02521999 -0.32620163 -32.127219
-0.32027105 0.025140696 0.94699225 102.94842 -0.01451136 0.9994003 -0.031439735 -2.6890084 -0.94721484 -0.023811382 -0.31971416 -32.403755
-0.31294588 0.029155944 0.9493233 103.82027 -0.012828512 0.99930777 -0.034920022 -2.7390001 -0.94968436 -0.023106482 -0.31235523 -32.695008
-0.30672724 0.027598448 0.95139721 104.66516 -0.013453371 0.99935395 -0.033326913 -2.778177 -0.95170241 -0.023021771 -0.30615779 -32.953205
-0.29989165 0.022229818 0.95371419 105.52116 -0.014471155 0.99950743 -0.027847594 -2.8248366 -0.95386354 -0.022152607 -0.29942224 -33.208779
-0.29329492 0.019690872 0.95581917 106.37173 -0.014077223 0.99959052 -0.024912229 -2.8632269 -0.95591841 -0.020761909 -0.29289763 -33.458492
-0.28615807 0.022762706 0.95791197 107.23777 -0.016922318 0.9994418 -0.028804792 -2.9091911 -0.95803302 -0.024452814 -0.28561315 -33.711375
-0.27981211 0.025344669 0.95972014 108.10238 -0.017865679 0.99934092 -0.031599833 -2.9567843 -0.95988858 -0.025988068 -0.27917489 -33.956436
-0.27312173 0.026366506 0.96161804 108.95352 -0.019133485 0.99927768 -0.032833441 -2.9949518 -0.96178922 -0.02736663 -0.27241996 -34.187299
-0.26610732 0.025381483 0.96360915 109.829 -0.019631302 0.99930325 -0.031742984 -3.0452661 -0.96374353 -0.027363942 -0.26542364 -34.424516
-0.25843315 0.025378064 0.9656957 110.67492 -0.016068249 0.99940365 -0.030563972 -3.087172 -0.96589554 -0.023415782 -0.25787125 -34.640491
-0.2504353 0.026460823 0.96777162 111.54766 -0.012063674 0.99946352 -0.030449122 -3.1358837 -0.96805821 -0.019300416 -0.24998173 -34.861049
-0.24362124 0.026954364 0.96949578 112.42849 -0.01109558 0.99947086 -0.030575912 -3.180915 -0.96980702 -0.018206059 -0.24319326 -35.085089
-0.23701192 0.025998946 0.97115875 113.27464 -0.017164133 0.99937376 -0.030943207 -3.2220453 -0.97135515 -0.024003006 -0.23641724 -35.271101
-0.23097464 0.02401085 0.97266341 114.15332 -0.021192115 0.99933413 -0.029701643 -3.2650805 -0.97272899 -0.027473121 -0.23031201 -35.470452
-0.22610188 0.024308636 0.97380026 115.0377 -0.018300792 0.99940613 -0.029196995 -3.306985 -0.97393177 -0.024422811 -0.22552274 -35.67127
-0.2220091 0.02427491 0.97474233 115.88763 -0.016785364 0.99944675 -0.028713211 -3.3521961 -0.97490014 -0.022735998 -0.22147882 -35.851129
-0.21711378 0.025838863 0.97580422 116.77173 -0.016834366 0.99940182 -0.030209316 -3.397232 -0.97600117 -0.022985904 -0.21654893 -36.049481
-0.21147993 0.024822037 0.97706705 117.6276 -0.011352279 0.99954764 -0.027850275 -3.4359869 -0.97731645 -0.016981711 -0.21110248 -36.233504
-0.20573785 0.024004124 0.97831266 118.50454 -0.0027623747 0.99968089 -0.025109343 -3.4767682 -0.97860328 -0.0078684076 -0.20560589 -36.42335
-0.2009517 0.022885603 0.97933374 119.39262 -0.00066242219 0.99972366 -0.023498008 -3.5196512 -0.97960097 -0.0053706965 -0.20088101 -36.613109
-0.19726089 0.024627917 0.98004159 120.24695 -0.00083796058 0.9996798 -0.025290076 -3.5569069 -0.98035071 -0.0058099783 -0.19717709 -36.766897
-0.1933097 0.026453533 0.98078106 121.11168 -0.0050114925 0.99959679 -0.027948781 -3.5981987 -0.98112503 -0.010317947 -0.19309919 -36.930182
-0.19138026 0.026091009 0.98116909 122.00312 -0.004648828 0.99961132 -0.027488188 -3.6371488 -0.981505 -0.0098219822 -0.19118458 -37.100289
-0.1906183 0.024478711 0.98135894 122.85412 -0.0078703369 0.99961881 -0.026462906 -3.6819134 -0.98163272 -0.012767939 -0.19035298 -37.253672
-0.18950414 0.02015378 0.98167302 123.74599 -0.0068266261 0.99973812 -0.021842482 -3.715982 -0.98185623 -0.010840755 -0.18931693 -37.421892
-0.18881032 0.01460875 0.98190487 124.59433 -0.0067132257 0.99984678 -0.016166573 -3.7596001 -0.98199067 -0.0096441642 -0.18868332 -37.572302
-0.18796312 0.013530818 0.98208284 125.46642 0.00094691974 0.99990713 -0.013595161 -3.7812234 -0.98217567 -0.0016254343 -0.18795848 -37.739749
-0.1866946 0.017061651 0.98226979 126.33361 -0.0064036845 0.99980681 -0.018583374 -3.8263106 -0.98239717 -0.0097595606 -0.18654928 -37.898012
-0.18658665 0.021137538 0.98221105 127.1735 -0.0065616309 0.99971941 -0.022760809 -3.8593029 -0.98241664 -0.010691769 -0.1863956 -38.050769
-0.18662584 0.020609438 0.98221483 128.02331 -0.0076377438 0.99971929 -0.022427937 -3.8891002 -0.98240142 -0.011687537 -0.18641604 -38.201418
-0.18653532 0.01937153 0.98225721 128.89241 -0.010620467 0.99970741 -0.021732549 -3.9316035 -0.98239089 -0.014485918 -0.18627501 -38.358719
-0.18566777 0.019356938 0.98242186 129.72136 -0.0056192211 0.99976868 -0.020760701 -3.9736586 -0.98259655 -0.0093750382 -0.18551605 -38.517101
-0.18474858 0.022908117 0.98251875 130.5793 -0.0057843651 0.99968564 -0.02439604 -4.0119393 -0.98276884 -0.01019038 -0.18455799 -38.669493
-0.18496422 0.024277034 0.98244531 131.40285 -0.016102356 0.99948576 -0.027729694 -4.0434759 -0.98261337 -0.020948685 -0.18447819 -38.807006
-0.1844657 0.025231361 0.98251499 132.23916 -0.020352205 0.99935801 -0.02948499 -4.0839031 -0.98262825 -0.025435315 -0.18383376 -38.94818
-0.18465978 0.02855782 0.98238747 133.0823 -0.021284282 0.9992271 -0.033048158 -4.1290039 -0.98257205 -0.027012077 -0.18390923 -39.100819
-0.18398472 0.029193238 0.98249544 133.89688 -0.018777113 0.99927206 -0.033207978 -4.1733183 -0.98274978 -0.024558188 -0.18330262 -39.249891
-0.18230058 0.030002173 0.98278496 134.72485 -0.020429199 0.99920301 -0.034292867 -4.2177793 -0.98303063 -0.026329118 -0.18154237 -39.390777
-0.18041819 0.02797761 0.98319197 135.56342 -0.015373456 0.99939306 -0.031259692 -4.2508378 -0.98346989 -0.020754875 -0.17987858 -39.550889
-0.17706297 0.026785047 0.98383494 136.38625 -0.0040356792 0.99960144 -0.027940601 -4.3076739 -0.98419129 -0.0089176874 -0.17688431 -39.696139
-0.17450343 0.02285576 0.98439123 137.19474 0.0045042423 0.99973864 -0.022413629 -4.3386471 -0.9846463 0.00052268237 -0.17456077 -39.85284
-0.17068909 0.022560002 0.9850666 138.01941 0.0077187649 0.99973779 -0.021558518 -4.3761649 -0.98529475 0.0039236946 -0.17081847 -39.990737
-0.16600054 0.026491277 0.98576972 138.82057 0.0018844823 0.99964579 -0.026546836 -4.4263687 -0.9861239 -0.0025491227 -0.16599167 -40.118097
-0.1594725 0.02989106 0.9867497 139.62517 0.0032786065 0.99955202 -0.029749004 -4.4652668 -0.98719697 -0.0015089833 -0.15949906 -40.242981
-0.15192182 0.029873634 0.98794091 140.41775 -0.0026731601 0.99952706 -0.030635046 -4.502598 -0.98838894 -0.0072950555 -0.15177011 -40.355342
-0.14169471 0.026908955 0.98954456 141.22023 0.0089088714 0.99962465 -0.025907386 -4.5292857 -0.98987036 0.0051447865 -0.14188126 -40.471061
-0.12952201 0.025529397 0.99124781 142.03489 0.018706985 0.9995535 -0.023298948 -4.5731563 -0.99140011 0.015525532 -0.12994176 -40.580216
-0.1159518 0.027248614 0.99288096 142.84106 0.01587037 0.99954684 -0.025578159 -4.6133549 -0.99312809 0.012791556 -0.11633171 -40.665228
-0.10172727 0.029401012 0.99437772 143.61004 0.017288761 0.99946447 -0.027782729 -4.6540593 -0.99466213 0.014365299 -0.1021811 -40.737158
-0.087756603 0.02939793 0.99570802 144.39717 0.020190558 0.99941158 -0.027727783 -4.6855337 -0.99593735 0.017670606 -0.088298527 -40.804766
-0.07435126 0.030238365 0.99677352 145.19931 0.021409407 0.9993582 -0.028719804 -4.7278926 -0.99700231 0.019204977 -0.074950928 -40.856872
-0.060372716 0.036517886 0.99750764 145.97637 0.020518572 0.9991648 -0.035336695 -4.771443 -0.99796503 0.018334061 -0.061071589 -40.890576
-0.047552529 0.045119543 0.99784914 146.73981 0.0095978238 0.99895381 -0.044712107 -4.824082 -0.99882267 0.0074510074 -0.047935831 -40.910144
-0.03416075 0.053517013 0.99798241 147.48385 0.0015832405 0.99856691 -0.053494161 -4.8719124 -0.99941514 -0.00024735362 -0.034196527 -40.917291
-0.020430769 0.054871844 0.99828432 148.24988 0.00083291085 0.99849336 -0.054866286 -4.9184445 -0.99979097 -0.00028947772 -0.020445692 -40.925484
-0.0087871094 0.050517326 0.99868449 149.02704 -0.00030405763 0.9987229 -0.050521943 -4.9697456 -0.99996139 -0.00074759865 -0.0087605288 -40.919136
0.0027240321 0.048363236 0.99882606 149.80531 0.0046121738 0.99881857 -0.04837545 -5.0193686 -0.9999857 0.0047385366 0.0024977527 -40.909079
0.011241713 0.054095608 0.99847244 150.54536 -0.0045167088 0.99852814 -0.054047771 -5.0917972 -0.99992665 -0.003902219 0.011469499 -40.878069
0.017756544 0.062631123 0.99787873 151.30452 -0.01038083 0.99799388 -0.062453629 -5.1423132 -0.99978849 -0.0092498483 0.018371084 -40.854789
0.021127358 0.066007738 0.99759537 152.05797 -0.014208337 0.99773719 -0.065716211 -5.1978355 -0.99967587 -0.012785761 0.02201741 -40.827951
0.020773045 0.061434133 0.99789491 152.80718 -0.016995864 0.99798779 -0.061086049 -5.2549271 -0.99963979 -0.015691142 0.02177537 -40.801436
0.019349436 0.056259775 0.99822861 153.56176 -0.013857971 0.99833475 -0.055997136 -5.3242989 -0.99971678 -0.012749909 0.02009686 -40.781997
0.016575622 0.054112398 0.99839722 154.31893 -0.011259157 0.99848124 -0.053930023 -5.3744106 -0.99979926 -0.010347187 0.017159706 -40.765374
0.013395916 0.053885008 0.99845725 155.06379 -0.013101862 0.99847062 -0.053709945 -5.4259212 -0.99982447 -0.012362154 0.014081421 -40.748208
0.010308979 0.05444976 0.99846325 155.81546 -0.0098380053 0.99847355 -0.054348744 -5.4779083 -0.99989851 -0.009262606 0.010828918 -40.7456
0.0057721909 0.052586012 0.99859967 156.56572 -0.0075958227 0.99858985 -0.052541587 -5.5324294 -0.99995453 -0.0072819053 0.0061634837 -40.739973
4.9419012e-05 0.053044297 0.99859212 157.29262 -0.012722036 0.99851138 -0.053039377 -5.5875829 -0.99991911 -0.012701503 0.00072417536 -40.731857
-0.0058499579 0.051057556 0.99867854 158.02688 -0.011460181 0.99862666 -0.051122032 -5.6359039 -0.99991726 -0.011744098 -0.0052567966 -40.728769
-0.01140708 0.048364848 0.99876455 158.77173 -0.0077239441 0.99879552 -0.048454562 -5.6877703 -0.99990515 -0.0082671259 -0.011019775 -40.739536
-0.016802074 0.04812608 0.9986999 159.50482 -0.0084005738 0.99879889 -0.04827218 -5.7409401 -0.99982359 -0.0092007243 -0.016377608 -40.75122
-0.02244139 0.04933992 0.99852986 160.22938 -0.011398227 0.99870389 -0.049604686 -5.7871612 -0.99968322 -0.012494668 -0.021849917 -40.759063
-0.026612819 0.051577708 0.99831429 160.9443 -0.012622483 0.99857108 -0.051927461 -5.8395146 -0.99956616 -0.01398314 -0.025923754 -40.772704
-0.029210712 0.053993175 0.99811391 161.6581 -0.014765711 0.9984078 -0.054441203 -5.8972519 -0.99946425 -0.016328127 -0.028366957 -40.787816
-0.030825487 0.055514428 0.99798189 162.37379 -0.012301631 0.99835972 -0.055915414 -5.9526847 -0.99944912 -0.014000424 -0.030092008 -40.810216
-0.029811932 0.053608744 0.99811686 163.09983 -0.0051960995 0.99853893 -0.05378661 -6.0008652 -0.99954206 -0.0067897966 -0.02948982 -40.83423
-0.025847582 0.049726212 0.99842833 163.80067 -0.0019501709 0.99875765 -0.049793098 -6.0502308 -0.99966404 -0.0032341363 -0.025718498 -40.85071
-0.018755158 0.049597533 0.99859313 164.51385 -0.0015239452 0.99876627 -0.049634753 -6.1033692 -0.99982299 -0.002452708 -0.018656437 -40.861316
-0.0079649407 0.050748033 0.99867968 165.20944 -0.00073135641 0.99871084 -0.050755447 -6.1559573 -0.99996805 -0.0011346541 -0.0079175593 -40.855773
0.0062664669 0.051081672 0.99867478 165.88913 0.0029733214 0.99868906 -0.051101058 -6.2034645 -0.99997599 0.0032896051 0.0061063682 -40.85116
0.021928738 0.048663696 0.99857443 166.57749 0.001789189 0.99881114 -0.048714521 -6.2479611 -0.99975798 0.0028548872 0.021815597 -40.824951
0.037934645 0.043692907 0.9983245 167.2749 -0.00026115362 0.99904403 -0.043714474 -6.2872426 -0.99928023 0.0013975779 0.03790979 -40.777954
0.054177927 0.037438555 0.99782916 167.9485 -0.0043539545 0.99929622 -0.037257197 -6.3349709 -0.99852185 -0.0023259842 0.054302802 -40.731323
0.071222745 0.02989973 0.99701216 168.6247 -0.0039403472 0.99955126 -0.029694391 -6.3704891 -0.99745269 -0.0018136572 0.071308598 -40.671026
0.089261755 0.022391867 0.99575643 169.32169 -0.0042543847 0.99974671 -0.022100225 -6.4034598 -0.99599916 -0.0022636253 0.089334408 -40.594371
0.10639239 0.015912647 0.99419684 169.9669 -0.0042312784 0.99987013 -0.015550647 -6.4353039 -0.99431526 -0.0025522524 0.1064459 -40.508389
0.12416275 0.013713972 0.99216705 170.6353 -0.0072614399 0.99989027 -0.012912005 -6.4706638 -0.99223534 -0.0056013706 0.12424871 -40.411108
0.14232496 0.012642954 0.9897392 171.26366 -0.0048474337 0.99991533 -0.01207588 -6.4832902 -0.98980816 -0.0030789951 0.1423742 -40.309635
0.15975529 0.012287361 0.98708013 171.9082 -0.0077390707 0.99990739 -0.011194496 -6.510526 -0.98712635 -0.0058507022 0.15983559 -40.191189
0.17620094 0.011920271 0.984282 172.5597 -0.013344273 0.99986372 -0.0097201536 -6.523926 -0.98426381 -0.011421827 0.17633599 -40.056335
0.1903173 0.0083004045 0.9816875 173.17316 -0.015452589 0.9998657 -0.0054583502 -6.5444564 -0.98160105 -0.014130795 0.19042 -39.917707
0.20256223 0.003893177 0.97926161 173.80447 -0.009034881 0.99995697 -0.0021065702 -6.5644617 -0.97922775 -0.0084207999 0.20258869 -39.785088
0.21346602 0.0018597153 0.97694868 174.43463 -0.0064991063 0.99997876 -0.00048348187 -6.5795025 -0.97692891 -0.0062460857 0.21347357 -39.640013
0.22321383 0.0053539404 0.97475476 175.02543 -0.0091168031 0.99995265 -0.0034046408 -6.5974662 -0.97472691 -0.0081266836 0.22325207 -39.489442
0.23202616 0.012759509 0.97262582 175.64054 -0.015018278 0.99984177 -0.0095338374 -6.6210271 -0.97259364 -0.012395065 0.23218107 -39.329365
0.24117404 0.023054353 0.97020797 176.20958 -0.016638737 0.99966908 -0.019618362 -6.6388269 -0.97033928 -0.011411595 0.24147783 -39.174922
0.24965548 0.030036376 0.96786873 176.80046 -0.01284533 0.99953359 -0.027705677 -6.6549757 -0.96824956 -0.0055157185 0.24992487 -39.019006
0.25598023 0.02841842 0.96626416 177.3978 -0.011962535 0.99958437 -0.026229302 -6.6715346 -0.96660804 -0.0048447855 0.2562138 -38.856945
0.26175051 0.021361574 0.9648991 178.00876 -0.015980026 0.9997139 -0.017797386 -6.6965555 -0.96500331 -0.010760637 0.26201698 -38.67308
0.26658551 0.010238061 0.96375685 178.61505 -0.018531454 0.99981318 -0.0054950898 -6.7169206 -0.96363314 -0.016394904 0.26672543 -38.496195
0.26860632 0.00052430376 0.96324986 179.22362 -0.015727453 0.99986894 0.0038414315 -6.7408631 -0.96312168 -0.016181299 0.26857936 -38.318661
0.26912717 -0.00048660744 0.96310449 179.83441 -0.012955253 0.99990757 0.0041253812 -6.7596808 -0.96301755 -0.013587514 0.26909599 -38.149904
0.27027946 0.0030138093 0.96277716 180.43545 -0.011442346 0.99993453 8.2074436e-05 -6.7636079 -0.96271396 -0.011038612 0.27029625 -37.985095
0.27203381 0.0024762001 0.96228447 181.03903 -0.0072915922 0.99997328 -0.00051187976 -6.7767858 -0.96226011 -0.0068773366 0.2720446 -37.815501
0.27408578 0.00062951189 0.961705 181.64837 -0.007650986 0.99996957 0.0015259712 -6.7765454 -0.96167485 -0.0077762378 0.27408226 -37.632642
0.276355 -0.0036038221 0.96104883 182.25556 -0.0090880158 0.99993846 0.0063629641 -6.7919348 -0.9610127 -0.010492463 0.27630524 -37.447683
0.27946433 -0.0092242291 0.96011172 182.8864 -0.0077664613 0.99989942 0.011867109 -6.8023389 -0.9601247 -0.010773104 0.27936458 -37.26807
0.28403866 -0.012606561 0.95872991 183.50399 -0.0047654666 0.99988265 0.014559531 -6.809216 -0.95880103 -0.0087042645 0.28394525 -37.07984
0.29015701 -0.013607996 0.95688226 184.10367 -0.005507252 0.99985859 0.015889144 -6.8062899 -0.95696325 -0.0098801375 0.29004104 -36.890728
0.29835491 -0.016833081 0.95430651 184.73238 -0.0032813895 0.99982047 0.018661801 -6.8110976 -0.9544494 -0.0086992905 0.29824611 -36.685001
0.30727374 -0.019501528 0.95142129 185.34137 -0.0012003407 0.99978126 0.020880441 -6.8149448 -0.95162045 -0.0075580401 0.30718311 -36.485822
0.3182109 -0.017409356 0.94786004 185.97458 -0.0021617888 0.99981544 0.019089367 -6.818663 -0.94801752 -0.0081235172 0.31811454 -36.26772
0.33009481 -0.013822745 0.94384653 186.5728 -0.0025213194 0.9998763 0.015525098 -6.817716 -0.94394445 -0.007504492 0.33001913 -36.031198
0.34159011 -0.0099170321 0.93979667 187.19275 -0.0051828772 0.99990925 0.012435192 -6.8177944 -0.93983478 -0.0091185887 0.34150771 -35.798315
0.35346169 -0.009086716 0.93540483 187.8194 -0.0039432728 0.99992946 0.011203567 -6.817048 -0.93544073 -0.0076485876 0.35340092 -35.554932
0.36464216 -0.012425181 0.93106479 188.4386 -0.0028354993 0.99989151 0.014454178 -6.8223848 -0.93114345 -0.0079106355 0.36456736 -35.299756
0.3755354 -0.014662944 0.92669201 189.0525 -0.0023427412 0.99985663 0.016769999 -6.8185653 -0.92680513 -0.0084687273 0.37544721 -35.034633
0.38697747 -0.014841853 0.92196968 189.68913 -0.0051762259 0.99981973 0.018267694 -6.8268816 -0.92207468 -0.011841509 0.38683089 -34.762623
0.39657214 -0.015553095 0.91787176 190.29444 -0.0076969321 0.99976499 0.020266261 -6.8235585 -0.91797133 -0.01510183 0.39635923 -34.477056
0.40337569 -0.014201529 0.9149242 190.93283 -0.012896509 0.99969201 0.021203169 -6.8191767 -0.91494361 -0.02035217 0.4030683 -34.176617
0.40802466 -0.016973072 0.91281308 191.57428 -0.012601546 0.99962722 0.024220168 -6.8171746 -0.91288397 -0.021385282 0.40765867 -33.882243
0.40990595 -0.021382081 0.9118771 192.22087 -0.0078557209 0.99960536 0.026970465 -6.8100386 -0.912094 -0.018218806 0.40957621 -33.590421
0.41023125 -0.020116341 0.91175961 192.86867 -0.0067709014 0.99966196 0.025102204 -6.8078165 -0.91195644 -0.016471143 0.40995637 -33.30517
0.40973398 -0.018161512 0.91202421 193.52695 -0.005406046 0.99973588 0.022336859 -6.8062534 -0.91218908 -0.014082614 0.40952758 -33.004709
0.40807652 -0.018765887 0.9127548 194.19626 -0.00085707172 0.9997804 0.020938281 -6.799559 -0.91294737 -0.0093267166 0.40797082 -32.710574
0.40828263 -0.02053311 0.91262457 194.86744 0.00032693707 0.99975022 0.022347085 -6.7896646 -0.91285555 -0.0088255552 0.40818736 -32.411584
0.40707945 -0.025772974 0.91302903 195.55688 0.0047931686 0.99964834 0.026081 -6.784335 -0.91338022 -0.0062407362 0.40705983 -32.110825
0.40659844 -0.029925935 0.91311668 196.23445 0.0045791801 0.99951758 0.03071854 -6.7793776 -0.91359554 -0.0083087839 0.40653933 -31.806858
0.40509989 -0.031795973 0.91371933 196.92252 0.0060650962 0.99946655 0.032090863 -6.7711674 -0.91425235 -0.0074582088 0.40507664 -31.500259
0.40311305 -0.032271261 0.91458098 197.60032 0.0060895409 0.99945052 0.032581866 -6.7611965 -0.91512997 -0.0075647965 0.40308806 -31.183547
0.4016408 -0.032136228 0.91523323 198.28988 0.0046842256 0.99944314 0.033037433 -6.7494243 -0.91578535 -0.0089820213 0.40156767 -30.886099
0.39973392 -0.031273882 0.91609752 198.9742 0.0035942547 0.9994636 0.032551514 -6.7449146 -0.91662421 -0.009719256 0.39963191 -30.57394
0.39911742 -0.028231385 0.91646506 199.65843 0.0046308217 0.99957519 0.028774856 -6.7415449 -0.91688817 -0.0072405595 0.3990786 -30.266624
0.39813325 -0.023001931 0.91703913 200.35345 0.0038658909 0.99971877 0.02339739 -6.7434968 -0.91731949 -0.0057701051 0.3981102 -29.977514
0.39674939 -0.019922251 0.91771071 201.0313 0.0023091664 0.99978295 0.020705617 -6.7304988 -0.9179241 -0.0060957935 0.39670928 -29.6756
0.39616141 -0.022794778 0.91789785 201.72145 0.0021247457 0.99971187 0.023909489 -6.7269692 -0.91817847 -0.0075217165 0.39609569 -29.37183
0.3938861 -0.025569249 0.91880351 202.41598 0.0012344707 0.99962682 0.027289258 -6.7143676 -0.91915847 -0.0096146227 0.39377067 -29.068384
0.391272 -0.024727703 0.91994276 203.09612 -0.0032838486 0.99959506 0.028265419 -6.7188431 -0.92026926 -0.014080419 0.39103236 -28.773634
0.38761879 -0.025141206 0.92147682 203.78306 -0.0049812244 0.99955629 0.029366845 -6.7074569 -0.92180634 -0.015973223 0.38732156 -28.47824
0.38026569 -0.026426236 0.92449964 204.47003 -0.0058111264 0.99950372 0.030960415 -6.704001 -0.92485908 -0.017145567 0.3799234 -28.203179
0.37196271 -0.027180189 0.92784961 205.15567 -0.0045380508 0.99950602 0.031098518 -6.6913994 -0.92823662 -0.015778117 0.37165562 -27.906876
