1.000000000000000000e+00 4.398956837314658088e-19 2.733407509747682871e-20 -8.673617379884035472e-19 -5.583667658079949532e-19 1.000000000000000000e+00 -6.100159232558060012e-19 0.000000000000000000e+00 4.145284534913582806e-20 -2.210423569125054137e-19 1.000000000000000222e+00 0.000000000000000000e+00
9.999023947494198872e-01 3.081601920508709514e-04 1.396803591541984947e-02 -7.197004943931224752e-02 -3.026609096266250055e-04 9.999998758628538820e-01 -3.958172476999058018e-04 -1.218348152752321556e-02 -1.396815639883834670e-02 3.915510517187780425e-04 9.999023638727362329e-01 1.441447521313637958e-02
9.995627143174141693e-01 1.755540172201430294e-03 2.951776157114980106e-02 -6.818704240975911879e-02 -1.751380053135654377e-03 9.999984524249262430e-01 -1.667901772582719379e-04 -2.570996678692874515e-02 -2.951800920844560583e-02 1.150204506541417638e-04 9.995642419956315416e-01 1.174222980013234219e-02
9.979742063405120378e-01 5.243299785679388612e-03 6.340340129407082137e-02 2.676781869234983596e-02 -5.334769433304169944e-03 9.999849591666722937e-01 1.273454095281837577e-03 1.066732653133339870e-03 -6.339577164925026820e-02 -1.609116826845323825e-03 9.979871676835072591e-01 4.134940491319815670e-01
9.954001665618258388e-01 4.352267339348507569e-03 9.570562232503147804e-02 5.736048647388194976e-02 -4.643381002230273502e-03 9.999852452874679054e-01 2.819260242252959094e-03 6.904434561505773393e-03 -9.569194169618744361e-02 -3.250689727143015687e-03 9.954056888202436060e-01 5.638772175685826671e-01
9.909383680411545381e-01 1.530890615665119608e-03 1.343086258940432709e-01 1.442545362253927765e-01 -2.217200438703550384e-03 9.999852385125964638e-01 4.960522349255118077e-03 5.172318658595700946e-03 -1.342990516026345282e-01 -5.213360989434537990e-03 9.909271344207303267e-01 7.894608214454653661e-01
9.849280614938201728e-01 -2.060413397653744656e-03 1.729522133530971839e-01 1.951475461890687657e-01 1.033265302544806056e-03 9.999812931888347745e-01 6.028733839127322844e-03 -1.707618510115620214e-02 -1.729614026420600859e-01 -5.759163502246238825e-03 9.849117653425935037e-01 9.348988186929274580e-01
9.763206432273858759e-01 -2.353226700999382168e-03 2.163156569063846846e-01 3.019508368177962199e-01 9.267924855488529276e-04 9.999771558747304612e-01 6.695429848319237043e-03 -9.575908284649811697e-03 -2.163264749684420674e-01 -6.336406504807077372e-03 9.763005206867251262e-01 1.174311047707467193e+00
9.645940264326969826e-01 -2.206657720978747513e-03 2.637299641470610134e-01 3.796490763723492368e-01 -5.048612571106964519e-04 9.999477164000124541e-01 1.021320612407192185e-02 -4.719025618652936127e-03 -2.637387170027241656e-01 -9.984744501714515677e-03 9.645424795602426382e-01 1.356172399108497517e+00
9.502016584990777837e-01 -5.995416844803030422e-03 3.115780189742416439e-01 5.397658979640667098e-01 8.559282178371941871e-04 9.998613595723317982e-01 1.662916153798229060e-02 2.184429533555820591e-02 -3.116345258011891106e-01 -1.553436829933063472e-02 9.500750533470252446e-01 1.632444458115383412e+00
9.334756017208646339e-01 -1.563719089877937604e-02 3.582998430444626625e-01 6.482962452108853579e-01 7.220305530631788288e-03 9.996659318277070216e-01 2.481716961146627001e-02 -6.982078211759959463e-03 -3.585682234784624001e-01 -2.057918783712646416e-02 9.332766620300779747e-01 1.816437803852927857e+00
9.121690646802615987e-01 -2.131859299450351505e-02 4.092592243203722613e-01 8.211462067081275462e-01 9.975525352258537287e-03 9.995051728802599733e-01 2.983116236205575825e-02 -8.581605752901927398e-03 -4.096926772376356940e-01 -2.312848751159008939e-02 9.119303622847090285e-01 2.062373179837853954e+00
8.875195699200810751e-01 -2.329631322151284184e-02 4.601807163953006152e-01 1.018926957216099716e+00 8.680635517113902827e-03 9.993891716141936055e-01 3.385159072533464042e-02 -1.082571235940325838e-02 -4.606882501637094562e-01 -2.604928795563062408e-02 8.871796739375013008e-01 2.286520251219597011e+00
8.591396419298501508e-01 -2.526661418180300989e-02 5.111170805240534687e-01 1.168626356649178355e+00 6.661399166347799390e-03 9.992479199871252549e-01 3.819973991413273123e-02 2.140894826554184949e-02 -5.116978665062312803e-01 -2.941415574189593443e-02 8.586618104684816677e-01 2.513469961453970392e+00
8.269675827092702880e-01 -3.058702957948054857e-02 5.614169983237194961e-01 1.421796058988858524e+00 7.866522893392001795e-03 9.990508585580528678e-01 4.284273325246534120e-02 2.319430027947172457e-02 -5.621945758388654513e-01 -3.101315160962762885e-02 8.264232862926331746e-01 2.760278980305116647e+00
7.913142602078497845e-01 -3.627025295510975800e-02 6.103328637863678630e-01 1.631519037983904630e+00 9.970295876698077528e-03 9.988716403331350246e-01 4.643317016720705653e-02 1.859404348236096127e-02 -6.113283421830359998e-01 -3.065803013353176482e-02 7.907829974166274978e-01 2.957575952560092869e+00
7.536081311370773639e-01 -4.084715314353278698e-02 6.560535710252953789e-01 1.896054960999337347e+00 1.126984105505035409e-02 9.987235500585813774e-01 4.923678695175991160e-02 3.063755488607900618e-02 -6.572273454114165858e-01 -2.971162313931488205e-02 7.531065280919050364e-01 3.150457872579955687e+00
7.133027957543687236e-01 -4.398012847153678906e-02 6.994747044364896249e-01 2.221372682264202147e+00 1.205874022747047657e-02 9.986515611144111126e-01 5.049402156279742676e-02 3.828774122818770498e-02 -7.007522512078953048e-01 -2.758274253733409426e-02 7.128712944968340626e-01 3.402110885744385360e+00
6.722539208397223520e-01 -4.604962489713557844e-02 7.388870612306478458e-01 2.501264520858326623e+00 1.128480216943011233e-02 9.985850079896355647e-01 5.196763419284437108e-02 4.689669388429040797e-02 -7.402346447954215591e-01 -2.659725102420735371e-02 6.718223467894449685e-01 3.579582608802404309e+00
6.294971860834612798e-01 -4.634614068268799736e-02 7.756193127238223406e-01 2.847897342563049605e+00 7.151685822374816322e-03 9.985228263340358845e-01 5.386110497891231919e-02 8.020679285515058821e-02 -7.769698560755254890e-01 -2.835842785152688228e-02 6.288987613731286119e-01 3.825460549133038235e+00
5.877571476391101335e-01 -4.719845724717389862e-02 8.076594767881780657e-01 3.174243769259777803e+00 4.124270103262871537e-03 9.984586545756800602e-01 5.534713589784485271e-02 9.257086734847047582e-02 -8.090269079579284206e-01 -2.919966833497591660e-02 5.870458689088748905e-01 4.006483283849238575e+00
5.477689732264302558e-01 -4.829706473044535764e-02 8.352344186578372076e-01 3.551490678788571831e+00 2.159662966832039468e-03 9.984106423979052236e-01 5.631629389182489509e-02 1.183071922147541782e-01 -8.366268586360425807e-01 -2.904449304990077904e-02 5.470026766618362180e-01 4.220711866532701251e+00
5.087970229170504233e-01 -5.088972499648900666e-02 8.593810640355938890e-01 3.993015629804777866e+00 1.214494790577564124e-03 9.982927250929936047e-01 5.839657509706778354e-02 1.289949912212104977e-01 -8.608856648369094255e-01 -2.866828911218926093e-02 5.079901706342483392e-01 4.440543829592426661e+00
4.714946598068296413e-01 -5.075541505020184779e-02 8.804070994780404114e-01 4.391830111726148012e+00 -1.858701523127589787e-03 9.982829601626672655e-01 5.854636314083055959e-02 1.548487560429571142e-01 -8.818669656192833495e-01 -2.924071095043537932e-02 4.705907442974530119e-01 4.640529833310357510e+00
4.354207618524853496e-01 -5.009774337760334456e-02 8.988319992337959752e-01 4.840266148165341065e+00 -3.019659976124316851e-03 9.983634347240598617e-01 5.710808894584014361e-02 1.801565234328557086e-01 -9.002220039424108089e-01 -2.758021393615166933e-02 4.345568879483539537e-01 4.805031969483835930e+00
4.018701404924631682e-01 -4.879881288743335988e-02 9.143954571772446860e-01 5.354588741130874574e+00 -1.757033120877312792e-03 9.985360688234615756e-01 5.406137306910727830e-02 1.986831055790475031e-01 -9.156949918228833862e-01 -2.333227396443220136e-02 4.011960878575254741e-01 5.008614614295731293e+00
3.722846821994047484e-01 -4.708424165413712531e-02 9.269235001978288757e-01 5.869797775350156677e+00 1.419043016011650921e-04 9.987152375014958228e-01 5.067399935862812455e-02 2.164875623793948711e-01 -9.281185865304506510e-01 -1.873361852949465695e-02 3.718130649621674833e-01 5.165801364196799028e+00
3.463570680081085040e-01 -4.521439349713610167e-02 9.370125000960162209e-01 6.402426702965312799e+00 1.045172280792409968e-03 9.988557945661847848e-01 4.781222901671634135e-02 2.440220647693295275e-01 -9.381021824674664611e-01 -1.558076314010283479e-02 3.460080198896944292e-01 5.363029932672991329e+00
3.258181157542216488e-01 -4.471165684857720396e-02 9.443746122157919975e-01 6.974729353676506705e+00 2.205874611397807411e-03 9.989143266713819136e-01 4.653280621543267465e-02 2.674854759836401419e-01 -9.454299051086735295e-01 -1.307805840434444512e-02 3.255630107039951815e-01 5.517829941908454217e+00
3.108656895382043706e-01 -4.519211215748945160e-02 9.493788395015354542e-01 7.565365555872431536e+00 3.445578845352628965e-03 9.989159780055053561e-01 4.642194347626520806e-02 3.018824031469367619e-01 -9.504476140809121620e-01 -1.115982894187668613e-02 3.106844159511403802e-01 5.726636618842671389e+00
2.987735751772708781e-01 -4.676761767868879704e-02 9.531773840153920929e-01 8.183784931579854316e+00 4.173017707895754387e-03 9.988529588229587697e-01 4.770065550492839923e-02 3.155854236420752024e-01 -9.543149128406166470e-01 -1.027406838619348076e-02 2.986260303474211897e-01 5.926216816532676290e+00
2.881933601351407970e-01 -4.868778144318029050e-02 9.563336612709648632e-01 8.806321601184400549e+00 3.012482112824444586e-03 9.987477115280030127e-01 4.993929945841980161e-02 3.457137130702235828e-01 -9.575675059184096671e-01 -1.151123557609866691e-02 2.879791286458752153e-01 6.084665222476457913e+00
2.776079845385815426e-01 -5.011767004513243556e-02 9.593862676326538885e-01 9.503275550292995533e+00 1.351964371378413902e-03 9.986577056787596662e-01 5.177797835825774520e-02 3.753264492339638547e-01 -9.606934971509938359e-01 -1.307692328352124192e-02 2.773031088803288857e-01 6.272328471715956866e+00
2.675881023987417007e-01 -5.203179990160379520e-02 9.621274778329822475e-01 1.018125167502627448e+01 7.605707231681386711e-04 9.985519747202145080e-01 5.379010387884798627e-02 4.033712576207847400e-01 -9.635331055154293667e-01 -1.366182495376558337e-02 2.672402005805789016e-01 6.476087116723824977e+00
2.575336281700246754e-01 -5.403011386855822301e-02 9.647575661288504412e-01 1.088752977651073373e+01 6.667121052210290969e-05 9.984364563205613274e-01 5.589846334569462810e-02 4.351737814361980039e-01 -9.662693425916663026e-01 -1.433141164150865399e-02 2.571345639980786024e-01 6.677773743660220696e+00
2.469243246872002695e-01 -5.573235565981055767e-02 9.674307554300740630e-01 1.159779545211933893e+01 -4.868670390416546603e-04 9.983374808869257544e-01 5.763711629718627077e-02 4.636034943944143949e-01 -9.690346523387807220e-01 -1.470301528628301449e-02 2.464866726788752516e-01 6.849583805126908231e+00
2.362598806136120277e-01 -5.680280249335996345e-02 9.700281926216596240e-01 1.239298560563768170e+01 -1.262742115337875609e-03 9.982710925361050203e-01 5.876420038834277715e-02 4.940313018473709850e-01 -9.716890917187887000e-01 -1.510851753970102185e-02 2.357796804960255177e-01 7.054356380332563070e+00
2.271713458321493739e-01 -5.990700396998635546e-02 9.720104497726925752e-01 1.314364680044896083e+01 -2.182813994276164900e-03 9.980723084615027441e-01 6.202340171976536420e-02 5.287280453354281651e-01 -9.738523664741902675e-01 -1.621165677883488337e-02 2.266026623463300860e-01 7.220842491312097877e+00
2.149888681376907751e-01 -6.313779275084044351e-02 9.745734397969956220e-01 1.391484778797818933e+01 -4.403353852535965042e-03 9.978352205943643582e-01 6.561617918455910081e-02 5.725136217356900925e-01 -9.766065809015200827e-01 -1.839813894384221410e-02 2.142454452593810232e-01 7.376838506180833477e+00
2.027593573690486539e-01 -6.730005658655190126e-02 9.769131635608861997e-01 1.471007317609226206e+01 -4.099035276843897638e-03 9.975683881816364007e-01 6.957376487370448004e-02 6.146580117534070631e-01 -9.792200252191188836e-01 -1.811113250487180609e-02 2.019904586490384180e-01 7.571302131522948287e+00
1.898271928814793674e-01 -6.972095468745688474e-02 9.793388631999790928e-01 1.548922588879071505e+01 -5.243995453809990881e-03 9.973892256797729505e-01 7.202244758521214596e-02 6.540143206552324617e-01 -9.818035212333011685e-01 -1.880746672635753847e-02 1.889659791841551695e-01 7.695186618679350943e+00
1.757021964151967153e-01 -7.038640349805701246e-02 9.819238646261452264e-01 1.630737391438256978e+01 -6.056356011924875736e-03 9.973445333141549574e-01 7.257549426248967317e-02 6.915159261365110277e-01 -9.844247435680162361e-01 -1.869855337368387174e-02 1.748093385969421987e-01 7.831150407393679735e+00
1.616887155797764875e-01 -6.961698499865016931e-02 9.843831663000547350e-01 1.709634336011784939e+01 -7.714172155129548139e-03 9.973889401838433866e-01 7.180385434221996099e-02 7.277994651483026267e-01 -9.868116678916897255e-01 -1.920357332027313596e-02 1.607294978901076254e-01 7.958318750241955897e+00
1.446304023313144116e-01 -6.835681731879907075e-02 9.871217632950526344e-01 1.789227947860233314e+01 -8.904782030820687991e-03 9.974805869939521452e-01 7.037885607971504365e-02 7.634794310282576602e-01 -9.894456876104356091e-01 -1.896902553148698684e-02 1.436573146776276011e-01 8.073527511814809543e+00
1.240554982295164060e-01 -6.699338329350616739e-02 9.900111631433914372e-01 1.871242379339550155e+01 -1.117515080032685862e-02 9.975606622698239834e-01 6.890457937497544705e-02 8.083548746379785044e-01 -9.922123596204239782e-01 -1.961151508995159776e-02 1.230042224286226615e-01 8.178259951576087872e+00
9.963132598169617549e-02 -6.566604554338820177e-02 9.928552524951226310e-01 1.953592293839930250e+01 -1.559240912810080405e-02 9.975944382180325087e-01 6.754416027460426186e-02 8.470223873619531219e-01 -9.949022529580994201e-01 -2.221051869526049702e-02 9.836776343743787454e-02 8.283522426553458828e+00
6.948615441462986653e-02 -6.525223852842380878e-02 9.954465342943903394e-01 2.035539329373368744e+01 -1.959372732257165170e-02 9.975766851127039203e-01 6.675959220692047336e-02 8.874761785064795294e-01 -9.973904839735411310e-01 -2.414337444536837282e-02 6.803923162356367849e-02 8.338167115463912538e+00
3.585494909253930662e-02 -6.502863630972649522e-02 9.972390294706954261e-01 2.122667919668495529e+01 -2.273082206465277047e-02 9.975694404949326799e-01 6.586745106080262036e-02 9.268710230203124345e-01 -9.990984684681070149e-01 -2.502973619809603645e-02 3.428964575199812403e-02 8.331061231094261998e+00
1.323246375845987723e-03 -6.435925137366270421e-02 9.979259083320589641e-01 2.205439538309152070e+01 -2.452266323922942456e-02 9.976245993920713762e-01 6.437233623076134281e-02 9.605111606197158647e-01 -9.996984071823841189e-01 -2.455698059891084015e-02 -2.581585054327461973e-04 8.322560409502537837e+00
-3.257032209333546313e-02 -6.335888766331432276e-02 9.974591761957040115e-01 2.290115958198051160e+01 -2.557233223345285050e-02 9.977147845347177357e-01 6.254010350315906963e-02 9.969772845196981370e-01 -9.991422557347030553e-01 -2.347040526635257515e-02 -3.411612780770358760e-02 8.293732626965859112e+00
-6.476328297333600048e-02 -6.134797038311398665e-02 9.960131155841327466e-01 2.372862929990769842e+01 -2.809320085897910879e-02 9.978249805448701215e-01 5.963287915952662083e-02 1.025525047770291520e+00 -9.975051410381760020e-01 -2.411917463046451757e-02 -6.634588381808392832e-02 8.231062756151560578e+00
-9.712639387578832217e-02 -5.831654072552409918e-02 9.935620903780365554e-01 2.455117233174148339e+01 -2.981190943987238259e-02 9.980044492754207575e-01 5.566299759978185491e-02 1.064790577392909166e+00 -9.948254775022340457e-01 -2.421363597781801824e-02 -9.867110204880437385e-02 8.161646455587138860e+00
-1.295077478417376582e-01 -5.403136913127223190e-02 9.901052152268122741e-01 2.539175012357015149e+01 -2.711787990355199462e-02 9.983338195362571055e-01 5.093334251032732851e-02 1.088332010240280923e+00 -9.912075366380791452e-01 -2.025329095214533151e-02 -1.307571821251881650e-01 8.022856658550777453e+00
-1.609746371144245014e-01 -4.848462414574767482e-02 9.857669046764925280e-01 2.623138802487504861e+01 -2.265571987887592120e-02 9.987109665839504213e-01 4.542162037850266953e-02 1.108190045505435650e+00 -9.866984854617796286e-01 -1.502152906961724300e-02 -1.618655908697258505e-01 7.898266477909968941e+00
-1.919426098096854716e-01 -4.236384710903944029e-02 9.804913676654555266e-01 2.707796939279034731e+01 -1.628856208959725271e-02 9.990677946661218334e-01 3.997779901753448217e-02 1.124496870152336125e+00 -9.812709787330473610e-01 -8.297350455902430602e-03 -1.924537274113770624e-01 7.695985044138286213e+00
-2.208521960808780549e-01 -3.667363597114286361e-02 9.746175327497296204e-01 2.788687161203546694e+01 -1.120338820470524049e-02 9.993222523700484583e-01 3.506451216400604393e-02 1.131924358299998712e+00 -9.752429480660780303e-01 -3.174943027275951412e-03 -2.211133843741411864e-01 7.510425826950985595e+00
-2.486298764664945371e-01 -2.986423159489586671e-02 9.681380560733369167e-01 2.872988384618654933e+01 -2.059908621282231875e-03 9.995386106533028503e-01 3.030383768898532379e-02 1.159758702856165336e+00 -9.685963850915569884e-01 5.540164592161717430e-03 -2.485766802356177696e-01 7.278876694158689098e+00
-2.755805805339706649e-01 -1.968117983665731638e-02 9.610764685593083945e-01 2.954657314735722906e+01 3.792464542104554987e-03 9.997603454721610827e-01 2.156081673984789476e-02 1.155702220351976450e+00 -9.612705011963870172e-01 9.586591948712698888e-03 -2.754398975718927445e-01 7.028509406520386804e+00
-2.996600397539369021e-01 -4.925145959316963237e-03 9.540333261206666027e-01 3.029970489320089655e+01 8.319881570671440116e-03 9.999351594726202386e-01 7.775371642715920087e-03 1.149903188013041033e+00 -9.540097774640687867e-01 1.026741358059098282e-02 -2.995996343478122270e-01 6.784038148282648173e+00
-3.243324891372098007e-01 1.183739433979388682e-02 9.458690695159713835e-01 3.107246517254267459e+01 8.985391375400934855e-03 9.999151394981432572e-01 -9.432737106350907313e-03 1.115654840304888928e+00 -9.459004780031995407e-01 5.439661730608050770e-03 -3.244113310702846920e-01 6.471947034578473534e+00
-3.505516638303178278e-01 2.637866516309917558e-02 9.361718225733561827e-01 3.187106556804431889e+01 8.296116770605788462e-03 9.996515036092374906e-01 -2.506084122169737610e-02 1.089182289094877243e+00 -9.365066578251317608e-01 -1.018527849157925807e-03 -3.506483396445665424e-01 6.207588774922072616e+00
-3.745146489826568503e-01 3.714358387664477151e-02 9.264767220668931325e-01 3.261271199618857963e+01 1.159624532457996168e-02 9.993067990669803891e-01 -3.537581670983178800e-02 1.063067123902872613e+00 -9.271484882039785491e-01 -2.505109267668051073e-03 -3.746857624943944476e-01 5.890407449519836192e+00
-3.978589894226058354e-01 4.204047347488230890e-02 9.164828465817385084e-01 3.340253784521733138e+01 1.582847459129510179e-02 9.991154141709774894e-01 -3.895957551379188033e-02 1.005468500760925199e+00 -9.173100337248679681e-01 -9.938909346861176611e-04 -3.981724868564017195e-01 5.530580280752953826e+00
-4.205912146400926921e-01 4.132214337653189462e-02 9.063087199663603100e-01 3.413170435783343493e+01 1.785355118288152465e-02 9.991457476012859384e-01 -3.726963541736306312e-02 9.583636534769203186e-01 -9.070745804914327470e-01 5.055488543339067657e-04 -4.209696718651022018e-01 5.168555151500763500e+00
-4.414241784714851846e-01 3.813644192776993735e-02 8.964877534012705151e-01 3.488329150835479453e+01 2.251865120748920701e-02 9.992525671440468660e-01 -3.142001532220898424e-02 9.317250866090334149e-01 -8.970159521247240697e-01 6.318141592337159565e-03 -4.419530260344218253e-01 4.827029233309766632e+00
-4.592699162834251725e-01 3.678087541685824691e-02 8.875349553692498672e-01 3.560932657923182632e+01 2.942507711241476240e-02 9.992240079857390711e-01 -2.618294583489109983e-02 8.973776092223715306e-01 -8.878092823830961988e-01 1.409074623870048767e-02 -4.599958078421906293e-01 4.408262291162761137e+00
-4.733551816210207486e-01 3.757360695499817327e-02 8.800699302394097145e-01 3.631272761941028904e+01 3.318237914353728418e-02 9.991413349955911016e-01 -2.480972316654151549e-02 8.473937706311768236e-01 -8.802464510304446321e-01 1.745900418609360946e-02 -4.741955110041246590e-01 4.024963050490034888e+00
-4.844211117591477600e-01 4.070588899788320919e-02 8.738874088124565231e-01 3.700540635369570452e+01 3.544985747931161946e-02 9.990098093397060675e-01 -2.688323622793541839e-02 7.899509233677047826e-01 -8.741164148407093437e-01 1.795637801553840243e-02 -4.853844616942502577e-01 3.622439607983558574e+00
-4.940801074830128425e-01 4.316098594236110475e-02 8.683443804391138832e-01 3.769953376896014419e+01 3.709021445688663599e-02 9.989041076321681922e-01 -2.854644788349279538e-02 7.503097271982630545e-01 -8.686248763494989200e-01 1.810284835133349132e-02 -4.951395003134119732e-01 3.222206598760100960e+00
-5.045550799404027176e-01 4.272889072134985339e-02 8.623215176110545777e-01 3.840357414989955487e+01 3.084601541953813433e-02 9.990290976115637767e-01 -3.145449737357997044e-02 6.929262487255231084e-01 -8.628283183180358584e-01 1.072865741722397320e-02 -5.053832234459870731e-01 2.842805799052911198e+00
-5.161236760388960843e-01 4.158831093884137603e-02 8.555037990277536419e-01 3.909520846090104129e+01 2.948744013595881036e-02 9.990911663702414236e-01 -3.077876060234049915e-02 6.821204476652282800e-01 -8.560063398987997063e-01 9.340971002072085555e-03 -5.168809395201134915e-01 2.417179306066597810e+00
-5.249481638635787872e-01 4.283941201047289371e-02 8.500554081444315901e-01 3.977705579108224043e+01 3.158343350456856852e-02 9.990251328641638340e-01 -3.084267465528789387e-02 6.346381053562155650e-01 -8.505480138447465421e-01 1.065686404464605795e-02 -5.257894260696566180e-01 1.986231674412407333e+00
-5.321812837047776856e-01 4.585360353579922416e-02 8.453877899110050498e-01 4.045635157824663963e+01 3.552164783345396204e-02 9.988623067773758635e-01 -3.181673419705260963e-02 5.900869085404046865e-01 -8.458849245231320202e-01 1.309729793965369767e-02 -5.332046214140391260e-01 1.558776278235518786e+00
-5.354787986992024518e-01 4.912667392332184524e-02 8.431186234041804228e-01 4.114629662977594649e+01 3.620603536836369818e-02 9.987242836512659760e-01 -3.519841169894347838e-02 5.548904477262596169e-01 -8.437722387041415306e-01 1.167798050108440067e-02 -5.365743629242752943e-01 1.097116512627962948e+00
-5.353422163566562419e-01 5.051331122595519030e-02 8.431234214831256901e-01 4.186496495609086566e+01 3.543856675006243351e-02 9.986743759000359377e-01 -3.733093683884349673e-02 5.007383560780047649e-01 -8.438914806053520179e-01 9.894260182572483381e-03 -5.364226743540732034e-01 6.776661159179218075e-01
-5.319853258771158888e-01 5.117113589613562358e-02 8.452059600604981959e-01 4.256976739826923506e+01 3.763419613687146725e-02 9.986148060402512128e-01 -3.677140701198768763e-02 4.691679655042501063e-01 -8.459168351903632033e-01 1.224679895520126502e-02 -5.331742087744706371e-01 1.970868753870890777e-01
-5.263331461138379685e-01 5.018887764616457997e-02 8.487959017219679492e-01 4.333464455644281088e+01 3.609759925919082957e-02 9.986753598455642145e-01 -3.666727290681137674e-02 4.209383978818540539e-01 -8.495118565778649877e-01 1.134029422029882161e-02 -5.274476432839363405e-01 -2.475102413972764814e-01
-5.193170701922108501e-01 4.910483034374883704e-02 8.531696683760984223e-01 4.409236354360923116e+01 3.414185457340275509e-02 9.987428747505723292e-01 -3.670155093720018497e-02 3.763170163796296652e-01 -8.538993654676958478e-01 1.006905384786683025e-02 -5.203407547707943337e-01 -7.009680411432920311e-01
-5.122417375259628036e-01 4.828415241949226416e-02 8.574829617150143690e-01 4.486364288231240494e+01 3.228020758444986871e-02 9.987953276296954730e-01 -3.695783605321813908e-02 3.332534594896965907e-01 -8.582344683377309824e-01 8.748382848839995549e-03 -5.131832777304822235e-01 -1.166482193748678897e+00
-5.058060775058254022e-01 4.683198090438672745e-02 8.613750426390016646e-01 4.567880036867254034e+01 2.922709932779275419e-02 9.988823615959045998e-01 -3.714571716887031527e-02 2.789900349258020995e-01 -8.621519592596352810e-01 6.386965414273933390e-03 -5.066095333809382817e-01 -1.610855303551661288e+00
-5.010700563489927095e-01 4.454937683377954705e-02 8.642593002854028761e-01 4.648323767326056100e+01 2.515338233625290590e-02 9.990019177192333011e-01 -3.691172852786494402e-02 2.369759193881743331e-01 -8.650411078744753013e-01 3.243683681136193264e-03 -5.016905159311164653e-01 -2.091014966585205581e+00
-4.998948558863454128e-01 4.182931783083082555e-02 8.650753884373617586e-01 4.734067026724829930e+01 2.048081863864233479e-02 9.991246375047021511e-01 -3.647594767681471700e-02 1.992111395045408351e-01 -8.658439128849452215e-01 -5.166855431292209774e-04 -5.003139665693234761e-01 -2.540903459836825196e+00
-5.003904171995738892e-01 3.897867481955642754e-02 8.649220078943029577e-01 4.817292457074748313e+01 1.757207083450750690e-02 9.992375141323257548e-01 -3.486563698761541152e-02 1.448618835189746379e-01 -8.656215483976055225e-01 -2.247958938431355181e-03 -5.006938138316304743e-01 -3.022087796230383816e+00
-5.013904194046339136e-01 3.794752001956618048e-02 8.643885813246611205e-01 4.903119644622933748e+01 1.625797278379455951e-02 9.992745648161328598e-01 -3.443867593460685217e-02 1.028656643170308693e-01 -8.650684007537877696e-01 -3.214015238669108102e-03 -5.016436441188514284e-01 -3.515000343628077228e+00
-5.018320169517035412e-01 3.744312036076669764e-02 8.641542836654176885e-01 4.990283327159106364e+01 1.626764681085903289e-02 9.992944647648249745e-01 -3.385168128026374429e-02 4.808963028557042968e-02 -8.648121199161575845e-01 -2.930099912421331877e-03 -5.020870694563711600e-01 -4.015512157102342883e+00
-5.016217898412550502e-01 3.687895895879185482e-02 8.643005893875730372e-01 5.077501234944469388e+01 1.614199397298898483e-02 9.993159885219760064e-01 -3.327147551968744066e-02 9.547261715493991774e-03 -8.649364302164015417e-01 -2.738161288945291112e-03 -5.018739759300091530e-01 -4.518650111565261085e+00
-5.019459197485749424e-01 3.611524609706592837e-02 8.641446459502762911e-01 5.166751426201387432e+01 1.634612363634654203e-02 9.993454820044581632e-01 -3.227091271964526581e-02 -4.162788873540176904e-02 -8.647445346529195609e-01 -2.072836830131700569e-03 -5.022077326062807101e-01 -5.024900519903725105e+00
-5.025334829796176406e-01 3.561556744760585591e-02 8.638238340809161198e-01 5.253987785942496203e+01 1.606783879931072273e-02 9.993632964921979056e-01 -3.185633609822811907e-02 -9.533977712280042316e-02 -8.644084308662464133e-01 -2.129092504145162646e-03 -5.027857845613098453e-01 -5.532092562195823682e+00
-5.024486288846619075e-01 3.419555049333396213e-02 8.639305678938833388e-01 5.344281793829930649e+01 1.415010855798584308e-02 9.994089755554392829e-01 -3.132848511223852717e-02 -1.471642580245649257e-01 -8.644912735683695226e-01 -3.516242165851140265e-03 -5.026355414310669234e-01 -6.037805371659872300e+00
-5.025666488244947550e-01 3.341647718398331468e-02 8.638924059313604076e-01 5.436255802815701088e+01 1.396018856783430226e-02 9.994361071571357114e-01 -3.053818623884528918e-02 -1.978444308165808463e-01 -8.644257567534154862e-01 -3.287372125942324488e-03 -5.027497566273205765e-01 -6.547216282452031244e+00
-5.014648503611840447e-01 3.255582576541668494e-02 8.645652714083437163e-01 5.523193657794060130e+01 1.244867394235916677e-02 9.994598362836223382e-01 -3.041490010817199385e-02 -2.483481561515122338e-01 -8.650884617804442955e-01 -4.489311271622290801e-03 -5.015992553210556482e-01 -7.079120910109775622e+00
-5.007191410745078786e-01 3.104687573109659107e-02 8.650528421541252566e-01 5.613699561333836385e+01 1.179048808581550749e-02 9.995084837393573007e-01 -2.904781060501125667e-02 -3.081834407341672577e-01 -8.655295133633961191e-01 -4.345398650278962070e-03 -5.008390885107848467e-01 -7.583010158873439543e+00
-4.988085096572362209e-01 2.901617647481810267e-02 8.662263668418218598e-01 5.703340918770266654e+01 1.248271773204485263e-02 9.995762884279451033e-01 -2.629496810280587682e-02 -3.586521825242141026e-01 -8.666223311431935361e-01 -2.303293703551023090e-03 -4.989593606792909752e-01 -8.077712609378352226e+00
-4.961779597167792488e-01 2.780550971102257671e-02 8.677754734329649056e-01 5.792032206981729558e+01 1.325079705072272802e-02 9.996131507257359772e-01 -2.445332799020231637e-02 -4.001448597000619167e-01 -8.681197273993007668e-01 -6.344847711529064431e-04 -4.963544600205879731e-01 -8.594753376803806688e+00
-4.935343996811201728e-01 2.699519120318453688e-02 8.693072197501953147e-01 5.880529228839205302e+01 1.281202538410750741e-02 9.996353875465218142e-01 -2.376854954105711570e-02 -4.566687596166748575e-01 -8.696319111072791097e-01 -5.930097256809523142e-04 -4.937003151911484311e-01 -9.105950407164275617e+00
-4.917383111829009557e-01 2.773012090776663316e-02 8.703013616027590604e-01 5.970759872240624588e+01 1.389880576336056592e-02 9.996154025249384123e-01 -2.399729585607836627e-02 -4.968685886986826672e-01 -8.706321088859599877e-01 2.957607889987392278e-04 -4.919346066592663602e-01 -9.608519411278575006e+00
-4.903787835866947331e-01 2.773442712042678213e-02 8.710679861161632065e-01 6.058478661735646398e+01 1.313144168336586107e-02 9.996151788259362014e-01 -2.443480051935159603e-02 -5.535606732947425668e-01 -8.714104809918971073e-01 -5.439283553591081882e-04 -4.905542696858005147e-01 -1.010235097084173184e+01
-4.913125163510494997e-01 2.887676731028324117e-02 8.705045260532736640e-01 6.148368130517966534e+01 1.253904242491001540e-02 9.995811755905540386e-01 -2.608152213600660116e-02 -6.009672910918392175e-01 -8.708931026315197554e-01 -1.898884162717274756e-03 -4.914688309121932885e-01 -1.058648722402806719e+01
-4.940225571377356295e-01 3.069917173534059823e-02 8.689069341610180519e-01 6.236655495466845167e+01 1.152288147668279264e-02 9.995198578957462665e-01 -2.876242083497938806e-02 -6.530105702706074933e-01 -8.693727329020852768e-01 -4.196972172364327007e-03 -4.941391002480523542e-01 -1.106984774454496367e+01
-4.984483543708968512e-01 3.143868431075333425e-02 8.663491406856009824e-01 6.325691906997317915e+01 1.016457925451816520e-02 9.994854622206118533e-01 -3.042190194130473327e-02 -7.028209900079581685e-01 -8.668598108965369642e-01 -6.357671577741288473e-03 -4.985114460793314550e-01 -1.156821886938147337e+01
-5.037869386065637611e-01 2.992746024393126009e-02 8.633093617657249252e-01 6.413575564860758504e+01 1.013463862581004404e-02 9.995356643467530056e-01 -2.873577524540483000e-02 -7.452313435199378056e-01 -8.637685001702692933e-01 -5.727378951880716593e-03 -5.038563175789712023e-01 -1.207977443251765948e+01
-5.089878680469460681e-01 2.805201639122419793e-02 8.603164656926537424e-01 6.499658014603221545e+01 1.320741125019600677e-02 9.996056830859494369e-01 -2.477988309973728695e-02 -8.044823316350186992e-01 -8.606723689457208559e-01 -1.250105577789354392e-03 -5.091576612492662024e-01 -1.259549755801170789e+01
-5.143121257049554362e-01 2.560306090762466333e-02 8.572208042837251574e-01 6.583528849100568436e+01 1.047499445868444422e-02 9.996672426361704611e-01 -2.357283335336310751e-02 -8.459584475932663272e-01 -8.575391092810543681e-01 -3.144409950265874588e-03 -5.144091776851148490e-01 -1.308968020460349990e+01
-5.195006611484067616e-01 2.753436899757319423e-02 8.540262925424355611e-01 6.667398083332210490e+01 1.155086187606944523e-02 9.996156464785896922e-01 -2.520192222596456116e-02 -8.994139862989545264e-01 -8.543919783451411343e-01 -3.227674613550475871e-03 -5.196190361349264375e-01 -1.358635932951740166e+01
-5.241063581216549583e-01 3.003880534401538044e-02 8.511228950021609840e-01 6.749224620234527094e+01 1.177244013846001289e-02 9.995378255599673967e-01 -2.802757402276894252e-02 -9.420902192446962697e-01 -8.515714573345034566e-01 -4.669635531958453087e-03 -5.242177607948137474e-01 -1.413319181642968836e+01
-5.294945479891981499e-01 3.070297291146995011e-02 8.477575349394388393e-01 6.836348875395064795e+01 1.072652282950325650e-02 9.995072467192342991e-01 -2.949924477984718421e-02 -9.903074595290505266e-01 -8.482455288263660576e-01 -6.526197864149865455e-03 -5.295629751466565116e-01 -1.463542279942694613e+01
-5.334306500590042521e-01 3.146593420661066703e-02 8.452583176612556981e-01 6.920448568926866528e+01 1.035227535096727713e-02 9.994758392101967814e-01 -3.067372180242453061e-02 -1.034728283930145487e+00 -8.457804583425041489e-01 -7.611955661891868681e-03 -5.334767918330290959e-01 -1.514319569926580300e+01
-5.362218222468542184e-01 2.963266380441519424e-02 8.435567850730820716e-01 7.000636323572751962e+01 8.978527822499148686e-03 9.995272757229125560e-01 -2.940427019990584159e-02 -1.105982861491926261e+00 -8.440293567607015657e-01 -8.193312437396470943e-03 -5.362343960571607226e-01 -1.566794003693058102e+01
-5.390314496557032653e-01 2.354983870840164639e-02 8.419563459479296741e-01 7.084605103377988655e+01 1.097531946995900821e-02 9.997205736768652873e-01 -2.093601945116309315e-02 -1.149745956695259697e+00 -8.422141356431055437e-01 -2.044432132413091883e-03 -5.391392982674840795e-01 -1.620628565144443556e+01
-5.411089174074856789e-01 1.599803986808324627e-02 8.408003266852303037e-01 7.166757931404330861e+01 1.241055445448571541e-02 9.998620658632425551e-01 -1.103754343685344440e-02 -1.171379251880860339e+00 -8.408609452402752149e-01 4.462286029639136835e-03 -5.412328257434221301e-01 -1.673344309382923356e+01
-5.427650209459896624e-01 1.342631174733028079e-02 8.397772641296072926e-01 7.248521028960622914e+01 1.335797005980505353e-02 9.998837454982284489e-01 -7.352557511606782129e-03 -1.192779419988251988e+00 -8.397783685175091994e-01 7.227009515660651716e-03 -5.428812715200626027e-01 -1.725392612224030131e+01
-5.440560200208831576e-01 1.781090775721176286e-02 8.388598248998173634e-01 7.328929224922853791e+01 1.245202610382433080e-02 9.998359615230828501e-01 -1.315283506665717271e-02 -1.244657779891020999e+00 -8.389564980721965215e-01 3.289626295157677734e-03 -5.441885569681291779e-01 -1.774994101896409759e+01
-5.451881953934891722e-01 2.244321627256982976e-02 8.380131985000376371e-01 7.408428640064201431e+01 1.209405621921227046e-02 9.997481044012689333e-01 -1.890665304651526976e-02 -1.296522570036429123e+00 -8.382264472794493937e-01 -1.727043994862096071e-04 -5.453222955848662235e-01 -1.827945258860848909e+01
-5.459381893066669322e-01 2.809608267008583543e-02 8.373542206435993229e-01 7.487128117997710319e+01 1.898011052676331495e-02 9.995958134491005342e-01 -2.116518620310978843e-02 -1.323753988989868624e+00 -8.376104466559541883e-01 4.338193183576997090e-03 -5.462507963661277222e-01 -1.880963086782280058e+01
-5.456036778198334325e-01 2.953788995638615203e-02 8.375226128510094847e-01 7.567359467724372735e+01 2.262554271733944675e-02 9.995335559782460022e-01 -2.051231952594219712e-02 -1.360309857826904611e+00 -8.377378605825139823e-01 7.757807668105735910e-03 -5.460174962163077961e-01 -1.932295497708825494e+01
-5.456304321428491200e-01 2.603233403597412718e-02 8.376214755665709610e-01 7.643316448554986664e+01 2.193888491740555308e-02 9.996185539776577533e-01 -1.677593025590950332e-02 -1.396872539162833826e+00 -8.377386993185257369e-01 9.223024085884351519e-03 -5.459934251444693576e-01 -1.984669553941778020e+01
-5.445926938383401916e-01 2.134850900747141747e-02 8.384289034749199399e-01 7.726548833023879581e+01 1.988910016929296837e-02 9.997235889605854409e-01 -1.253671956631587786e-02 -1.433850570565988303e+00 -8.384648072659770524e-01 9.848191579338290078e-03 -5.448667662196732264e-01 -2.037538594009529191e+01
-5.437248380284428473e-01 1.551683352981997159e-02 8.391200841158188428e-01 7.806531052622351297e+01 1.876862453903188968e-02 9.998038368460273606e-01 -6.326652338281462187e-03 -1.459004049007281312e+00 -8.390536638223751176e-01 1.230917282501268854e-02 -5.439094100521617570e-01 -2.088049279486302368e+01
-5.435297854614031809e-01 8.780145301479556214e-03 8.393439512693496862e-01 7.888428994938419692e+01 9.894578779457449333e-03 9.999428346576249016e-01 -4.052741144346208926e-03 -1.481853622658380942e+00 -8.393315680787180044e-01 6.102170313075907723e-03 -5.435855914142511125e-01 -2.139197022626963474e+01
-5.416056370011819165e-01 3.757258472008767440e-03 8.406242942631267923e-01 7.967056525330882266e+01 9.670779323046747563e-04 9.999921346071170003e-01 -3.846489706291866383e-03 -1.514748406277624193e+00 -8.406321492330159906e-01 -1.270330377588016046e-03 -5.416050118025723670e-01 -2.186412388257351935e+01
-5.405115606334883749e-01 4.597804426407160923e-03 8.413240161347343982e-01 8.047785491138604641e+01 5.008301770546448421e-03 9.999849332100321231e-01 -2.247277830994179500e-03 -1.531560072498323599e+00 -8.413216871961161081e-01 2.998925876839894471e-03 -5.405264452333937708e-01 -2.238229755441264501e+01
-5.367370976586347542e-01 7.710033218355752567e-03 8.437143061658597398e-01 8.129006109218067877e+01 1.048595751312397101e-02 9.999419777891734862e-01 -2.466927649181406383e-03 -1.551399002066154997e+00 -8.436843867048456902e-01 7.523061787134323157e-03 -5.367868032522001842e-01 -2.290050258732715349e+01
-5.315992954230418510e-01 1.038722881217797080e-02 8.469322768313173322e-01 8.207191222962012489e+01 1.062971582342750118e-02 9.999278688179944474e-01 -5.591626299375952562e-03 -1.578287902587385272e+00 -8.469292827759323794e-01 6.030145816269677495e-03 -5.316713650185372897e-01 -2.337044555072560215e+01
-5.241528115658932174e-01 1.286500448216923616e-02 8.515270451455315692e-01 8.285030018971410470e+01 1.639429135893389830e-02 9.998530300914809654e-01 -5.014518948188610020e-03 -1.599732927125170345e+00 -8.514664228542691005e-01 1.133180931606542902e-02 -5.242866907044123614e-01 -2.386444624552881422e+01
-5.153787252493530202e-01 1.496135331800405553e-02 8.568319054195759898e-01 8.363348236986573170e+01 2.323918245992294754e-02 9.997238830898266260e-01 -3.478209351953730818e-03 -1.629895196684790548e+00 -8.566473732075797765e-01 1.811947899362579412e-02 -5.155841112931579540e-01 -2.436289186273488383e+01
-5.058108050567934333e-01 1.472808908756822327e-02 8.625186950988920076e-01 8.442276628957375806e+01 2.174403301717575329e-02 9.997542369932889139e-01 -4.320023881207016303e-03 -1.658752858648723905e+00 -8.623703605526703564e-01 1.656952132521007787e-02 -5.060067447412378572e-01 -2.482065862476745366e+01
-4.944858075454057200e-01 1.222118292657748025e-02 8.690997728395303268e-01 8.526934937355819955e+01 1.861598394278871429e-02 9.998206945143807145e-01 -3.467554112771588804e-03 -1.670003867319585389e+00 -8.689863311537733281e-01 1.446449220581133392e-02 -4.946246540949523207e-01 -2.527682343627950345e+01
-4.831541064479333847e-01 9.175816675867970798e-03 8.754872357442752273e-01 8.608092731212789772e+01 1.998035940131009588e-02 9.998002225927205000e-01 5.478210619649368559e-04 -1.698566409440470215e+00 -8.753073216388339572e-01 1.775723273977724767e-02 -4.832409205193397561e-01 -2.572622213995020957e+01
-4.723183853925068676e-01 7.760687711210969945e-03 8.813938396174187950e-01 8.688472687761078816e+01 1.944106585724121247e-02 9.998097007705969430e-01 1.614673380766112496e-03 -1.716992561407196138e+00 -8.812135953457681525e-01 1.789787673557792502e-02 -4.723793808479462841e-01 -2.616560147372635825e+01
-4.599704737648183106e-01 6.894519193869559290e-03 8.879074358566865222e-01 8.773500645902102235e+01 1.885072982263119590e-02 9.998203050336513797e-01 2.001897893424562508e-03 -1.738823854358499510e+00 -8.877340966218552065e-01 1.765851823571802648e-02 -4.600177873530017503e-01 -2.657797783714752171e+01
-4.476606785321021187e-01 9.285452895594745529e-03 8.941552901260104713e-01 8.855286759022426679e+01 2.314418945878001996e-02 9.997314107021925134e-01 1.205367582021981982e-03 -1.757675702405232965e+00 -8.939039526957462956e-01 2.123409627789890966e-02 -4.477553472034118687e-01 -2.697188468849768483e+01
