7.776056568112669209e-01 -6.283905423146388669e-01 2.132530948502234583e-02 -6.595709081173677646e+01 6.274244007272691270e-01 7.777200947448806856e-01 3.860149740674080621e-02 2.571366831084949922e+01 -4.084193760273446133e-02 -1.663672322090342659e-02 9.990271045238587888e-01 -8.902769885204527833e-01 -4.809208017785018303e-24 -1.416202385148814181e-23 -3.430527606006730092e-24 9.999999999999997780e-01
7.495711038169000640e-01 -6.613425480064925033e-01 2.773435629312535552e-02 -6.556361262266018741e+01 6.605925396666550986e-01 7.500626693276818413e-01 3.199200865517139170e-02 2.608901183000503465e+01 -4.196018183316325978e-02 -5.659176381281107518e-03 9.991032563570260150e-01 -8.994621139595682102e-01 -4.809208017785018303e-24 -1.416202385148814181e-23 -3.430527606006730092e-24 9.999999999999997780e-01
7.210757603013494554e-01 -6.927622901080612294e-01 1.140865066805234369e-02 -6.520655289654082765e+01 6.924182698720944273e-01 7.211076396125267740e-01 2.367935049335198952e-02 2.648943950796080316e+01 -2.463102623044882006e-02 -9.175047503288069617e-03 9.996545058419672447e-01 -9.121595416959488167e-01 -2.908317528111213192e-19 -1.956831966026024200e-18 -6.659037118532991075e-21 9.999999999999998890e-01
6.909516588452823127e-01 -7.227605964942958039e-01 -1.424518494660987657e-02 -6.486897742385829702e+01 7.228966924674421479e-01 6.908811605355045238e-01 1.017811557946964561e-02 2.690103414161628947e+01 2.485389020551715018e-03 -1.733038292504501462e-02 9.998467285884821143e-01 -9.137884954517333513e-01 7.366637375915687447e-19 -3.453118557767115401e-18 1.148633444200192983e-19 9.999999999999997780e-01
6.562897868125656675e-01 -7.539693187066975888e-01 -2.853037284153712994e-02 -6.453118243259000053e+01 7.540211002086435466e-01 6.567559330634140657e-01 -1.112766040795848746e-02 2.732183411150954910e+01 2.712740617277922470e-02 -1.420953324247715283e-02 9.995309865128603199e-01 -9.312906466388806148e-01 3.075261462179607375e-18 -4.102953651496509067e-18 1.577956150544935619e-19 9.999999999999996669e-01
6.189923744681484763e-01 -7.849047988043656998e-01 -2.780102811342763727e-02 -6.419597101075167700e+01 7.841933630374989805e-01 6.196153868650478014e-01 -3.342965342356316732e-02 2.776809104448798848e+01 4.346504018426972094e-02 -1.108681181870418498e-03 9.990543334112624851e-01 -9.423770550157288817e-01 4.975257214387335591e-18 -4.106566108369779767e-18 1.838395163855142048e-19 9.999999999999994449e-01
5.860395977680246116e-01 -8.099755231145246981e-01 -2.229891932909583777e-02 -6.386770158625283500e+01 8.089941145630089592e-01 5.864374672470091809e-01 -4.024449790137197419e-02 2.825477440288906195e+01 4.567398001384642692e-02 5.545174864142124981e-03 9.989410085612806522e-01 -9.723557255158692403e-01 7.730495581304345635e-18 -6.126345866085742390e-18 1.320737843439355776e-19 9.999999999999990008e-01
5.572393357541087777e-01 -8.301975680869774221e-01 -1.601001657679599136e-02 -6.356253642058906195e+01 8.298475230661339630e-01 5.574692604149230624e-01 -2.410626792870728882e-02 2.876318432244893231e+01 2.893805711036430764e-02 1.470881276012736213e-04 9.995811959094522692e-01 -9.385047494767292386e-01 9.334041454133764542e-18 -8.568022340839171051e-18 1.487893446546426926e-19 9.999999999999985567e-01
5.285921842338565657e-01 -8.488392303261668159e-01 -7.890743067812342956e-03 -6.328497293150911673e+01 8.487993367495659802e-01 5.286465180084959359e-01 -8.517331213623342487e-03 2.928045446591782053e+01 1.140125871910553125e-02 -2.195462772368317328e-03 9.999325933495961660e-01 -8.803285960808652222e-01 1.197525918662219381e-17 -1.216469730651404750e-17 1.463500021702777275e-19 9.999999999999980016e-01
4.987967555279668730e-01 -8.666959741585554822e-01 -6.315461355003715305e-03 -6.301173180287967313e+01 8.666806565596286704e-01 4.988299821715112548e-01 -5.769612825528346554e-03 2.979599961914702533e+01 8.150841683462511228e-03 -2.595624035605882760e-03 9.999634125885477065e-01 -8.734776162295498914e-01 1.548684239812168166e-17 -1.211053214715824263e-17 2.273690532455904505e-19 9.999999999999976685e-01
4.712526258236739429e-01 -8.819879979124783942e-01 -4.258426074421756136e-03 -6.274946703360686939e+01 8.818677001403302240e-01 4.712604430502756458e-01 -1.493165313290341530e-02 3.031715186747614155e+01 1.517636661074435282e-02 3.281212338300702920e-03 9.998794485047227676e-01 -8.666652384195883130e-01 1.941597144023234776e-17 -1.333208231173687990e-17 3.081034317620010147e-19 9.999999999999973355e-01
4.457749468782399305e-01 -8.951291610354468187e-01 -5.336834237742410329e-03 -6.250296755657802805e+01 8.948786044591100497e-01 4.457797899481741877e-01 -2.174079472095071311e-02 3.085542290624248096e+01 2.183987218430020333e-02 4.915682836921579993e-03 9.997493966215964534e-01 -8.636943743323078904e-01 2.344496208741912933e-17 -1.412371387553354554e-17 3.685577549727792124e-19 9.999999999999968914e-01
4.226858843819237266e-01 -9.062580503699930734e-01 -5.743629849850066284e-03 -6.226301259237470020e+01 9.060188243142820452e-01 4.227083796651852077e-01 -2.115456804153386175e-02 3.140936936140598590e+01 2.159937805696949403e-02 3.737900537495331393e-03 9.997597186160060989e-01 -8.591910653741428039e-01 2.797474221603129128e-17 -1.538053639303750306e-17 4.020193071716846293e-19 9.999999999999964473e-01
4.031603037163509762e-01 -9.151154699712461538e-01 -5.044415391917069988e-03 -6.203097688865923942e+01 9.150088787759642628e-01 4.031905438123004060e-01 -1.400489705502348282e-02 3.198586460288975530e+01 1.484995853549216094e-02 1.030533678380788319e-03 9.998892022278617064e-01 -8.521373777354744883e-01 3.325294955431456416e-17 -1.791574327721512981e-17 4.268195481257061079e-19 9.999999999999961142e-01
3.858986936133052548e-01 -9.225383101854349732e-01 -2.294451513442685373e-03 -6.180392252291443356e+01 9.225238073888706314e-01 3.859054960129665313e-01 -5.174258184417075516e-03 3.257250086879773221e+01 5.658892851291775355e-03 -1.199466722661884704e-04 9.999839811439663606e-01 -8.477929802507611079e-01 3.932020637291516957e-17 -2.150429299883002606e-17 4.771493008796672447e-19 9.999999999999958922e-01
3.696813867164418510e-01 -9.291575498132499389e-01 1.385619156359742688e-03 -6.157858355603581657e+01 9.291568310984890111e-01 3.696831744901313832e-01 1.390583311845595711e-03 3.315834001038156487e+01 -1.804311071199008777e-03 7.733847373644555257e-04 9.999980731669707579e-01 -8.441145366842761621e-01 4.449350915272493652e-17 -2.796533426309924566e-17 5.749012676298474301e-19 9.999999999999954481e-01
3.555059623756084974e-01 -9.346723647136619961e-01 1.755379150638914157e-03 -6.136450889165912770e+01 9.346670650145010306e-01 3.555099341756025044e-01 3.188146746049923003e-03 3.375702155670660431e+01 -3.603927384477276664e-03 5.072899015662029470e-04 9.999933771602766974e-01 -8.453137006642867934e-01 4.912519055640895077e-17 -3.454323315823322452e-17 7.112875271780659192e-19 9.999999999999947820e-01
3.425971363461851049e-01 -9.394823532584521963e-01 3.317881128629278408e-04 -6.115987408274851589e+01 9.394799994393987497e-01 3.425970355869332185e-01 2.145194730849914449e-03 3.435643245786139488e+01 -2.129042217841978224e-03 -4.232292756071314192e-04 9.999976440253603993e-01 -8.501211117400282458e-01 5.359359738040922764e-17 -4.095463121832513601e-17 8.567097335879219032e-19 9.999999999999940048e-01
3.303494594368539539e-01 -9.438487019349559581e-01 -4.343098602811926341e-03 -6.096409625175907365e+01 9.438586150581853573e-01 3.303440499057608837e-01 1.929630106235788282e-03 3.497147943528197089e+01 -3.865620893879596160e-04 -4.736723294818160311e-03 9.999887069473536449e-01 -8.544771114854731175e-01 5.675009898205991965e-17 -4.540167582735513798e-17 9.863701169178438005e-19 9.999999999999932276e-01
3.199303080751166872e-01 -9.474117892623542536e-01 -7.449801451151562975e-03 -6.076708838650225175e+01 9.474410643717251501e-01 3.199217894070695567e-01 2.340556514165478136e-03 3.559875779060783429e+01 1.658829760290792899e-04 -7.807062782879525993e-03 9.999695106620037910e-01 -8.615399000138387331e-01 5.864441447638675417e-17 -4.793457014263156129e-17 1.100088287362966563e-18 9.999999999999924505e-01
3.117789820654121025e-01 -9.501076864092071750e-01 -9.447251896436510352e-03 -6.057205745115555118e+01 9.501545384935071725e-01 3.117684332205025721e-01 2.607110943174901184e-03 3.622744865132597170e+01 4.683187755640221407e-04 -9.789191661682933310e-03 9.999519750489043179e-01 -8.639899580277867752e-01 5.990348551609047791e-17 -4.859890105886386918e-17 1.221859981294805145e-18 9.999999999999916733e-01
3.057943952106566554e-01 -9.520323178920736540e-01 -1.114690749895838086e-02 -6.037425473288167410e+01 9.520957749437113371e-01 3.057956107043763860e-01 1.637012009543616737e-03 3.686923488367820312e+01 1.850187048250974279e-03 -1.111351263085479275e-02 9.999365313083444784e-01 -8.625266175330114082e-01 6.121532861990676862e-17 -4.755279802260486120e-17 1.344325709281167504e-18 9.999999999999910072e-01
3.012041339369192494e-01 -9.534728302701175329e-01 -1.286979549168888390e-02 -6.017591507911831172e+01 9.535570205883403538e-01 3.012077539013185423e-01 1.702197538473099354e-03 3.751896176303252162e+01 2.253483088539078114e-03 -1.278479277999807449e-02 9.999157318932526683e-01 -8.636923895413164409e-01 6.168625189308265860e-17 -4.775373604720183713e-17 1.470759124776886627e-18 9.999999999999905631e-01
2.978412009299312713e-01 -9.545292797969870957e-01 -1.282470424053693339e-02 -5.997477113144478267e+01 9.546117702036822639e-01 2.978503802249722887e-01 1.232553643061822489e-03 3.817451753572894546e+01 2.643334493099055299e-03 -1.260971887465387777e-02 9.999170004419070112e-01 -8.675597888860938633e-01 6.202789604672107433e-17 -4.837102337130059683e-17 1.592393885816882305e-18 9.999999999999900080e-01
2.956431225806935292e-01 -9.552254899739924809e-01 -1.180709001736904643e-02 -5.977296604660566715e+01 9.552894593236129772e-01 2.956714022547446419e-01 -6.861442740107039605e-04 3.883159879667425685e+01 4.146441362323861728e-03 -1.107633480316400770e-02 9.999300584698123107e-01 -8.703765823068640994e-01 6.180787717509374492e-17 -4.959511593798455076e-17 1.712314774832731790e-18 9.999999999999894529e-01
2.947439362602173318e-01 -9.555126922529838529e-01 -1.102302051539550722e-02 -5.956616891358689259e+01 9.555622019829168590e-01 2.947825845377780585e-01 -2.026325452752704946e-03 3.950173206079210786e+01 5.185574165687771749e-03 -9.935934616100879080e-03 9.999371915395313115e-01 -8.677835718407636012e-01 6.237592921255097886e-17 -5.269228690171584122e-17 1.843556004300441967e-18 9.999999999999886757e-01
2.944751651665806214e-01 -9.555988675923051678e-01 -1.073225775008803014e-02 -5.936113108201538324e+01 9.556477218780543570e-01 2.945079578520355956e-01 -1.579376827560572977e-03 4.017980244876697782e+01 4.669986021045007853e-03 -9.791170417318447242e-03 9.999411603752064170e-01 -8.662251791877230156e-01 6.152509034660364749e-17 -5.534337783360322972e-17 1.987414668205579652e-18 9.999999999999880096e-01
2.934971541499537540e-01 -9.558819137674844368e-01 -1.221423096573886861e-02 -5.915331370548938139e+01 9.559549015488429946e-01 2.935131597860944352e-01 5.012356530436132664e-04 4.086998778006434918e+01 3.105915429838240847e-03 -1.182336519806893686e-02 9.999252778707171663e-01 -8.668671950017767802e-01 6.013196693017445397e-17 -5.871657140840846803e-17 2.119962989012759413e-18 9.999999999999874545e-01
2.928853800265566187e-01 -9.560886966585147029e-01 -1.060934910898107472e-02 -5.894586432493951378e+01 9.561473366363566484e-01 2.928597177106085914e-01 3.931461015925483832e-03 4.156512638635277312e+01 -6.517744535230062973e-04 -1.129556834770064667e-02 9.999359906143303611e-01 -8.694203436304204224e-01 5.831788474889072377e-17 -6.153981198950407937e-17 2.269730473095043025e-18 9.999999999999870104e-01
2.923784708065627624e-01 -9.562811131364992168e-01 -6.423586788261041736e-03 -5.872726599854569685e+01 9.562986784999746304e-01 2.923511996228629894e-01 4.859380447211287916e-03 4.226896231757434919e+01 -2.768990439775166190e-03 -7.563645781060982301e-03 9.999675614511419619e-01 -8.752554853948830704e-01 5.659086301070045540e-17 -6.644837107138846553e-17 2.391360086211587434e-18 9.999999999999866773e-01
2.918627068411845382e-01 -9.564580986245598826e-01 -2.016415338866536962e-03 -5.850672159639896819e+01 9.564595312152532891e-01 2.918593091221741154e-01 1.819017944110020660e-03 4.297039792339362663e+01 -1.151304856473861580e-03 -2.459523170702077391e-03 9.999963126147032311e-01 -8.814433864281927544e-01 5.337413317176549903e-17 -7.121532124443607123e-17 2.544174610795394766e-18 9.999999999999862332e-01
2.914760375560444539e-01 -9.565781153879591159e-01 1.693854632553033724e-04 -5.828416015634703484e+01 9.565738389254765384e-01 2.914741949378237273e-01 -3.047026219093956940e-03 4.368063475013288155e+01 2.865347106671066370e-03 1.050164831521657434e-03 9.999953434591037915e-01 -8.806504968468260586e-01 5.035124007518503821e-17 -7.557624918110477840e-17 2.719772156047432353e-18 9.999999999999857891e-01
2.912676388306192354e-01 -9.566350297550997306e-01 -3.547170066306670755e-03 -5.806806945346346538e+01 9.566202287841061302e-01 2.912839161838559066e-01 -5.605180969111333254e-03 4.440550529788680478e+01 6.395346051461679206e-03 -1.760686814267769769e-03 9.999779995234563401e-01 -8.810321160110654581e-01 4.707724690700477274e-17 -7.577310289558664426e-17 2.910558997161694763e-18 9.999999999999852340e-01
2.909464384243061197e-01 -9.566902377934987101e-01 -9.693238819390371380e-03 -5.785053648207863830e+01 9.566903241066412322e-01 2.910191573612965210e-01 -7.174525036898535615e-03 4.514441826699635385e+01 9.684716256935985840e-03 -7.186025280885777709e-03 9.999272810118735588e-01 -8.824800186733355867e-01 4.490744945366953195e-17 -7.581586563176899089e-17 3.102966545361472813e-18 9.999999999999847899e-01
2.902755901469389332e-01 -9.569045137672825829e-01 -8.592630366845795467e-03 -5.762387552691210146e+01 9.568914285294760624e-01 2.903415207505791185e-01 -7.784300553827205524e-03 4.587991860534333455e+01 9.943629704445898151e-03 -5.962621909404881675e-03 9.999327834251570124e-01 -8.826871188395016832e-01 4.390627570193208215e-17 -7.826746334192102200e-17 3.269991298960815755e-18 9.999999999999840128e-01
2.897796503354196918e-01 -9.570858886114133046e-01 -3.788940795524940817e-03 -5.739002742313468275e+01 9.570563272142422750e-01 2.898009969523046570e-01 -7.653019318263333710e-03 4.662565311846439897e+01 8.422635614727381342e-03 -1.408540499732033975e-03 9.999635369467628765e-01 -8.844228469172017437e-01 4.266528104220811269e-17 -7.870198186702630739e-17 3.443952250262626102e-18 9.999999999999834577e-01
2.900949102606361074e-01 -9.569897444872934589e-01 -3.946135702269817740e-03 -5.715971040739189135e+01 9.569852093189029629e-01 2.901098221108220909e-01 -3.949716411406299470e-03 4.738628385344082972e+01 4.924650825970860318e-03 -2.630600873106445081e-03 9.999844137552390544e-01 -8.805513897257600808e-01 4.029681054645769646e-17 -7.968648263250118113e-17 3.620332039720123876e-18 9.999999999999827915e-01
2.913164204513560285e-01 -9.566101246573238681e-01 -5.640264042060276137e-03 -5.693093286017120391e+01 9.566267366404765937e-01 2.913102860750400591e-01 1.898412893916943435e-03 4.815675023117349696e+01 -1.729740634578580015e-04 -5.948666233131635547e-03 9.999822915682770041e-01 -8.785800931437656169e-01 3.799016125461172778e-17 -8.205703296827387361e-17 3.779446300679046363e-18 9.999999999999821254e-01
2.910821894697477874e-01 -9.566661524872560607e-01 -7.812276152189690480e-03 -5.669419063137788584e+01 9.566859753286555135e-01 2.910277839264208133e-01 7.400918346951962205e-03 4.894576377862352246e+01 -4.806618663845600367e-03 -9.628170546701640686e-03 9.999420956980800135e-01 -8.846094570887943487e-01 3.580200297833721195e-17 -8.371663504141307450e-17 3.917186997977154597e-18 9.999999999999814593e-01
2.908414032813682049e-01 -9.567646561044548248e-01 -3.559630120229686709e-03 -5.644783516115547428e+01 9.567403831820164850e-01 2.908001007536633042e-01 9.118146216591046030e-03 4.973225852394551794e+01 -7.688779231605274642e-03 -6.057576326162394248e-03 9.999520930740167790e-01 -8.999763210727870222e-01 3.287539230970924195e-17 -8.816305198053948632e-17 4.013421350241549571e-18 9.999999999999806821e-01
2.902127353226571227e-01 -9.569587810475789214e-01 2.541580691340033279e-03 -5.620331367013893242e+01 9.569275581084513149e-01 2.902238033381884241e-01 7.732561577484288462e-03 5.051251428189222281e+01 -8.137369916282534421e-03 1.880207582574444690e-04 9.999668733808982912e-01 -9.105897299554369662e-01 2.981106593456314787e-17 -9.391649289497064592e-17 4.121258843207595529e-18 9.999999999999799050e-01
2.894036190903253036e-01 -9.572061295569596062e-01 1.403850397205048907e-03 -5.596671303309798162e+01 9.571876534098314737e-01 2.894067732649939773e-01 5.959509053405128397e-03 5.130261153814734598e+01 -6.110762408657300325e-03 -3.809552206066605848e-04 9.999812565523599206e-01 -9.128018726580058306e-01 2.665992212328269792e-17 -9.679321042036919007e-17 4.271597948190132429e-18 9.999999999999792388e-01
2.899980516377992368e-01 -9.570049395229407452e-01 -6.532669813946936389e-03 -5.573843914146089418e+01 9.570218818907446634e-01 2.899668406137280163e-01 5.324371025640932571e-03 5.211107384076163385e+01 -3.201191744654214959e-03 -7.795965182734295763e-03 9.999644870186227275e-01 -9.219778965816286531e-01 2.428192582496534199e-17 -1.021758636361268890e-16 4.436993400716481404e-18 9.999999999999784617e-01
2.893102016378315544e-01 -9.571953734887889143e-01 -8.753524995955523288e-03 -5.549394548986313680e+01 9.572343230003527159e-01 2.893114849040927528e-01 1.146984162504066391e-03 5.290912556856560656e+01 1.434607380925480681e-03 -8.711008792685962995e-03 9.999610293544503037e-01 -9.322353345203324704e-01 2.237117929868125796e-17 -1.051109844186848774e-16 4.592495137533356094e-18 9.999999999999777955e-01
2.884725763387931408e-01 -9.574556494762783698e-01 -7.889992796689532240e-03 -5.524676502276450663e+01 9.574711769125617833e-01 2.885067426063847584e-01 -3.578386835776618726e-03 5.370847780140094585e+01 5.702462812901344484e-03 -6.522174219210362910e-03 9.999624708765121328e-01 -9.344197174166999353e-01 2.045590568670892593e-17 -1.097066573551700900e-16 4.745710846810587871e-18 9.999999999999770184e-01
2.886350610668894090e-01 -9.573887980604447456e-01 -9.822976697458756304e-03 -5.500203714001699495e+01 9.574128006587426798e-01 2.886880873834502537e-01 -4.462884457730870863e-03 5.452463461131041811e+01 7.108491942086361814e-03 -8.116498702712863361e-03 9.999417942016712857e-01 -9.300129695702349375e-01 1.952725249548791146e-17 -1.166851710966201083e-16 4.877070394125510150e-18 9.999999999999757971e-01
2.889317807340584521e-01 -9.572249983034859522e-01 -1.545084802335714748e-02 -5.476690421929173169e+01 9.573343605192601302e-01 2.889808509537254988e-01 -9.949629395518400348e-04 5.535304286616353409e+01 5.417402607886563984e-03 -1.450415129801565541e-02 9.998801334881342040e-01 -9.289154452599786005e-01 1.803281445473967710e-17 -1.230087059118810147e-16 5.023789972101200367e-18 9.999999999999746869e-01
2.890008801698908392e-01 -9.572481334383412532e-01 -1.242989500106883236e-02 -5.451869906674445332e+01 9.573288276226423754e-01 2.889753778920635674e-01 3.840152966167581158e-03 5.617905285940929616e+01 -8.404565387272930322e-05 -1.300930439603898044e-02 9.999153718868422080e-01 -9.289327005556542449e-01 1.732092326562965782e-17 -1.289520565855147008e-16 5.148963982740953638e-18 9.999999999999737987e-01
2.880650556817503927e-01 -9.575911728393421418e-01 -6.137539827585036106e-03 -5.426238093332687384e+01 9.575953913733918910e-01 2.880180840997100256e-01 7.526596307530472423e-03 5.700658227086600505e+01 -5.439679723372360491e-03 -8.045429237672875947e-03 9.999528393644533386e-01 -9.367455547292753426e-01 1.610406371606173173e-17 -1.347787270260151688e-16 5.333152513393392479e-18 9.999999999999731326e-01
2.876598186712178151e-01 -9.576893213534634075e-01 -9.110021266179886557e-03 -5.401381913980566196e+01 9.577015416822306504e-01 2.875607957457564923e-01 1.079563845011727481e-02 5.784659269858497055e+01 -7.719182696289069584e-03 -1.183015281036233456e-02 9.999002258741263027e-01 -9.472430641017890451e-01 1.441292196297015095e-17 -1.379922323384117460e-16 5.522994846434434309e-18 9.999999999999725775e-01
2.881812482863078673e-01 -9.575219346263253994e-01 -1.016429267010321609e-02 -5.376659874295981467e+01 9.575483577830703474e-01 2.880762519912806741e-01 1.064027939470760589e-02 5.867683102299307052e+01 -7.260209574421242450e-03 -1.279913075234828494e-02 9.998917299433296435e-01 -9.630517063100615394e-01 1.165996073752165787e-17 -1.394651459524801605e-16 5.705459971605575402e-18 9.999999999999722444e-01
2.863618812392941804e-01 -9.581027418562448883e-01 -6.000751662093087302e-03 -5.351196188096123763e+01 9.581182542490255249e-01 2.863388985750349724e-01 4.409766164833081939e-03 5.950582069096020632e+01 -2.506760431906833019e-03 -7.012218641435850365e-03 9.999722720865847903e-01 -9.594562581397830803e-01 9.749379425075687482e-18 -1.389144535330735900e-16 5.880475109750135831e-18 9.999999999999720224e-01
2.859227356605376080e-01 -9.582385308148693159e-01 -5.206466557975354160e-03 -5.326090877143023761e+01 9.582500772018162083e-01 2.859303917490697566e-01 -7.749947910799599889e-04 6.034581928453225430e+01 2.231316892563041387e-03 -4.767508350321973849e-03 9.999861459486324433e-01 -9.628929835428836626e-01 8.203447760797533639e-18 -1.371989204068072740e-16 6.055094724431546754e-18 9.999999999999718003e-01
2.858250131668803040e-01 -9.582508134917927523e-01 -7.709752935557969908e-03 -5.301287347113935056e+01 9.582744347522020867e-01 2.858451606993482330e-01 -1.628436396481017104e-03 6.119485443240076705e+01 3.764246068483908386e-03 -6.922611281916158342e-03 9.999689534704164773e-01 -9.698260703711255593e-01 6.609100364301886864e-18 -1.359084248445458978e-16 6.237709134692885623e-18 9.999999999999712452e-01
2.851259980492012458e-01 -9.584700475430604216e-01 -6.191381033297975629e-03 -5.275699393698091200e+01 9.584898163455534137e-01 2.851244377208781433e-01 1.151944531632342981e-03 6.203805495707698725e+01 6.612097058543566852e-04 -6.262825003790682687e-03 9.999801697158005043e-01 -9.734018685922429803e-01 4.688924997640982214e-18 -1.357335158098911204e-16 6.434091661626428143e-18 9.999999999999709122e-01
2.843666254748504763e-01 -9.587129220101873184e-01 -2.270569658735840674e-03 -5.249963907849446798e+01 9.587096568573683086e-01 2.843557152541684729e-01 4.197743524681408003e-03 6.288980160279766807e+01 -3.378781501031421185e-03 -3.370515219100573764e-03 9.999886116665882563e-01 -9.727537561881010042e-01 3.058516257081123732e-18 -1.370509897146154890e-16 6.640396091070571202e-18 9.999999999999705791e-01
2.837354369917407526e-01 -9.589025930223502581e-01 -1.374407175553443651e-04 -5.225407243389544476e+01 9.588828213836332326e-01 2.837286601612830639e-01 6.463919741624762731e-03 6.374112495592740402e+01 -6.159273530667066544e-03 -1.965832635572273886e-03 9.999790992074625295e-01 -9.683076150583566077e-01 2.524263282023287247e-18 -1.357044490321584905e-16 6.848183079541901355e-18 9.999999999999704681e-01
2.834845869473262558e-01 -9.589601174762326652e-01 -5.655267730036239206e-03 -5.201308759038283114e+01 9.589711909512202981e-01 2.834578450174898845e-01 5.089697792311085461e-03 6.459644504690508882e+01 -3.277787189058228162e-03 -6.866089706539912213e-03 9.999710560428384243e-01 -9.671794238534601185e-01 7.542313525720220356e-19 -1.312451492867548376e-16 7.039000171517130970e-18 9.999999999999704681e-01
2.835141217652095702e-01 -9.589590328297168398e-01 -4.161263487645232469e-03 -5.176039824247838794e+01 9.589676109389314584e-01 2.835155252189640596e-01 2.610169886899954160e-04 6.544546133115602515e+01 9.294782042705143155e-04 -4.064518907527320257e-03 9.999913078404543132e-01 -9.757112760544951469e-01 -7.998641760800238397e-19 -1.266734514625381742e-16 7.253325131795783260e-18 9.999999999999704681e-01
2.829765790430663341e-01 -9.591226002359446445e-01 -2.844895346689770704e-03 -5.150625743019527647e+01 9.591174026200501856e-01 2.829856996596233909e-01 -3.591904716744798859e-03 6.629879421416156049e+01 4.250141691888645150e-03 -1.712163726627840199e-03 9.999895023404573591e-01 -9.892675279096544427e-01 -3.085081080318533167e-18 -1.212960746657733020e-16 7.470915789445544800e-18 9.999999999999702460e-01
2.835256650530812439e-01 -9.589516026035886931e-01 -5.002111556147425045e-03 -5.125731815761508159e+01 9.589627800180001715e-01 2.835315526636617567e-01 -4.951608338838370043e-04 6.715628849578619963e+01 1.893091731334371275e-03 -4.656447999085253954e-03 9.999873667681360434e-01 -9.935472578570941904e-01 -5.769373487854258517e-18 -1.151063100702110459e-16 7.686618528006299913e-18 9.999999999999699130e-01
2.839332576454613455e-01 -9.588319523889603513e-01 -4.815836438909174184e-03 -5.100990710604691003e+01 9.588353597663838990e-01 2.839057251084852185e-01 5.682614914120099822e-03 6.801812927897496763e+01 -4.081429216563907565e-03 -6.231077628965012681e-03 9.999722574188111279e-01 -9.852575660750770847e-01 -9.223346665084070079e-18 -1.054366168997601855e-16 7.932950682281626741e-18 9.999999999999696909e-01
2.832379372095413794e-01 -9.590431582433278646e-01 -3.534338939008454042e-03 -5.075641113581546193e+01 9.590162075115837848e-01 2.831953460042507809e-01 9.397325768360961437e-03 6.887611545319511208e+01 -8.011532645176878964e-03 -6.051167491241335461e-03 9.999495980882279200e-01 -9.808501937956816130e-01 -1.311755791881862229e-17 -9.538521930301869142e-17 8.169148437674814030e-18 9.999999999999694689e-01
2.832293219048298005e-01 -9.590445266470208896e-01 -3.840198107412789563e-03 -5.050943145071929052e+01 9.590115512397247022e-01 2.831781698343119880e-01 1.034256825109234300e-02 6.972359386132241355e+01 -8.831523200799972981e-03 -6.612112936544774743e-03 9.999391402283482888e-01 -9.874762308208477890e-01 -1.592468316128036597e-17 -8.888306683675295827e-17 8.386891198043139865e-18 9.999999999999693578e-01
2.836156216146253350e-01 -9.589272208335808401e-01 -4.556788376717806240e-03 -5.025480001150589260e+01 9.588835707526477403e-01 2.835456565906048221e-01 1.200659690397335930e-02 7.058857386312061521e+01 -1.022139504854991526e-02 -7.774687954203010620e-03 9.999175352550906393e-01 -1.005836881178477027e+00 -1.802353940033793984e-17 -8.342451334717834374e-17 8.614414349680937523e-18 9.999999999999691358e-01
2.836188995936285151e-01 -9.589103245474823733e-01 -7.163048883724979464e-03 -5.001046102928464165e+01 9.588877968192869305e-01 2.835206824566282036e-01 1.225625270378691289e-02 7.144667093815988324e+01 -9.721774749914624189e-03 -1.034466506758746976e-02 9.998992324231927853e-01 -1.019033543820653920e+00 -1.978278913405046184e-17 -7.589539835769510929e-17 8.842837175005020941e-18 9.999999999999689138e-01
2.837915050011496909e-01 -9.588370927109343134e-01 -9.685624945696278548e-03 -4.976393444841574620e+01 9.588688094875992274e-01 2.837114344345061379e-01 8.855967643579763446e-03 7.229391883920769146e+01 -5.743507721747816153e-03 -1.180049204660920184e-02 9.999138765446987653e-01 -1.029632514708000546e+00 -2.081403025954195040e-17 -6.918450417031179532e-17 9.093065277344156323e-18 9.999999999999686917e-01
2.837710466559026368e-01 -9.588441300046852689e-01 -9.587879594985375745e-03 -4.951358590276351634e+01 9.588898670377390410e-01 2.837776210431819934e-01 6.961949232961399782e-04 7.313035282853860508e+01 2.053283246798759312e-03 -9.391280552041950461e-03 9.999537928712707302e-01 -1.023189124701886499e+00 -2.201070914595728159e-17 -6.402385635390524444e-17 9.346560257079232149e-18 9.999999999999684697e-01
2.834720747221385895e-01 -9.589365916146581625e-01 -9.175844099494187903e-03 -4.926153111047337063e+01 9.589412590198926889e-01 2.835340510358347887e-01 -6.332744468265497952e-03 7.397332307927679551e+01 8.674364645195612594e-03 -7.003939280206500188e-03 9.999378481849263700e-01 -1.021313289764665067e+00 -2.265241062219203048e-17 -5.842467086731119252e-17 9.613300613053329631e-18 9.999999999999683586e-01
2.835621275765630722e-01 -9.589060735482760611e-01 -9.574022990599811989e-03 -4.900777688807497157e+01 9.589192879467092201e-01 2.836225551538114620e-01 -5.660866695726160351e-03 7.483207780076453730e+01 8.143648319802391025e-03 -7.575507904735110168e-03 9.999381444230283078e-01 -1.020368951259666535e+00 -2.368864442285339967e-17 -5.249092906611474195e-17 9.869598295783523968e-18 9.999999999999682476e-01
2.838453262105845032e-01 -9.588346608902926782e-01 -8.241593507426481224e-03 -4.875620558697083595e+01 9.588678803294312658e-01 2.838526016584128064e-01 2.976646435481414819e-04 7.568950040982386440e+01 2.053986581367142194e-03 -7.987090014823110262e-03 9.999659931879480990e-01 -1.014817900111299354e+00 -2.455074364304485304e-17 -4.853688509103308377e-17 1.013732616173827361e-17 9.999999999999681366e-01
2.835334645973527357e-01 -9.589338305178215505e-01 -7.394805039403301757e-03 -4.850632844715774183e+01 9.589485986359125302e-01 2.834796859322303852e-01 7.540082090306382198e-03 7.654779272664411849e+01 -5.134162791147367511e-03 -9.229103528105447179e-03 9.999442304552002003e-01 -1.011469252459449297e+00 -2.607646058712601375e-17 -4.489216827965734391e-17 1.040973813129024304e-17 9.999999999999680256e-01
2.833652194060820029e-01 -9.589839692698219897e-01 -7.341601607577842754e-03 -4.825643821791887689e+01 9.589682395116866376e-01 2.832707741255964806e-01 1.172962634044490485e-02 7.740129400176083152e+01 -9.168862455282247512e-03 -1.036413091029709035e-02 9.999042537922779861e-01 -1.017919816521354770e+00 -2.699086796315931482e-17 -4.317078766917724911e-17 1.066495939279951490e-17 9.999999999999680256e-01
2.832307826086729596e-01 -9.590248341011511357e-01 -7.189670357879090513e-03 -4.800543164875571733e+01 9.590072333466436172e-01 2.831374101201947768e-01 1.176152112565852746e-02 7.825433035775716917e+01 -9.243926201534415424e-03 -1.022617071164269587e-02 9.999049831164457114e-01 -1.026766599976837169e+00 -2.782584026888777318e-17 -3.988765861367977165e-17 1.091128608598488086e-17 9.999999999999679146e-01
2.839509711010567705e-01 -9.587826520421406373e-01 -1.037651933525694618e-02 -4.775873102190983133e+01 9.588197575177073162e-01 2.838604987817862635e-01 9.374957332388174011e-03 7.910296002013585337e+01 -6.043062499774123214e-03 -1.261123999144029423e-02 9.999022142297940841e-01 -1.036537167087316247e+00 -2.830186341446242277e-17 -3.830135220872864558e-17 1.116635334025412261e-17 9.999999999999679146e-01
2.841956835281764793e-01 -9.586807120547873318e-01 -1.281037851819977896e-02 -4.751148301210555047e+01 9.587592120463807044e-01 2.841168460656117722e-01 7.641406799525781411e-03 7.994978202336781692e+01 -3.686024970141572963e-03 -1.445372324260097568e-02 9.998887453634477396e-01 -1.044015883181465876e+00 -3.032285443365165692e-17 -3.555225386259630542e-17 1.143226442014859181e-17 9.999999999999678035e-01
2.834203708501916164e-01 -9.589114804433669370e-01 -1.271479692108385892e-02 -4.725696004973408293e+01 9.589912237277687934e-01 2.833532742643103397e-01 6.837746467575497866e-03 8.080714997641049990e+01 -2.954014248893286222e-03 -1.413133529838739126e-02 9.998957841508520072e-01 -1.047433030084600425e+00 -3.204084724710421664e-17 -3.353931004703935638e-17 1.174544262830340599e-17 9.999999999999676925e-01
2.825319546881481236e-01 -9.591775378765268201e-01 -1.241553111653577977e-02 -4.700508000005854825e+01 9.592481156419651045e-01 2.824469911449427051e-01 8.170056943048982848e-03 8.166430843590815414e+01 -4.329805695581354606e-03 -1.421787698623109240e-02 9.998895462783823351e-01 -1.051211104575278554e+00 -3.418092437562386717e-17 -3.355189159526315847e-17 1.207273511150265741e-17 9.999999999999671374e-01
2.824443902129257222e-01 -9.591880232489481406e-01 -1.354630919120939497e-02 -4.675796020914897611e+01 9.592502662714841311e-01 2.822885416138809500e-01 1.233312334895134491e-02 8.251863024617873066e+01 -8.005816339697227613e-03 -1.647772220234495003e-02 9.998321817064622641e-01 -1.056849121155670979e+00 -3.633387646940099183e-17 -3.384731142122947753e-17 1.238134570810762265e-17 9.999999999999665823e-01
2.821471548815475128e-01 -9.592781903017526535e-01 -1.335427284866103244e-02 -4.650630766580803055e+01 9.593240742826932843e-01 2.819680992992487090e-01 1.383153929135726504e-02 8.337375900209811164e+01 -9.502815047808227389e-03 -1.671360489691470913e-02 9.998151588757122621e-01 -1.060532106627113391e+00 -3.883079796368345325e-17 -3.567847557050862394e-17 1.267041413701720990e-17 9.999999999999661382e-01
2.811986827806280953e-01 -9.595742635693526035e-01 -1.202220850935106604e-02 -4.625233335175011717e+01 9.596086800167078490e-01 2.810489849094659487e-01 1.275340416896965888e-02 8.422693304002150683e+01 -8.859008915485690541e-03 -1.512285609179263475e-02 9.998463967954350773e-01 -1.068424235574939152e+00 -4.182209019923945009e-17 -3.753667318280753317e-17 1.295523266815503938e-17 9.999999999999655831e-01
2.805895174374080647e-01 -9.597289398722321785e-01 -1.377986486242842486e-02 -4.601241610939661797e+01 9.597994498955408904e-01 2.804418334632263754e-01 1.172151969449067299e-02 8.507717891369522079e+01 -7.385031103157028293e-03 -1.651484226926834900e-02 9.998363472591816903e-01 -1.080575985579184550e+00 -4.469922879631176309e-17 -3.769906088032623128e-17 1.320522538416489295e-17 9.999999999999651390e-01
2.799447433907032434e-01 -9.598965565816366396e-01 -1.515062078882390036e-02 -4.576320804118754637e+01 9.599928463633956577e-01 2.797932179640708616e-01 1.137937223066787934e-02 8.593712088821273198e+01 -6.683979275586944373e-03 -1.773008301426068356e-02 9.998204681729174759e-01 -1.103556258445698823e+00 -4.752818933158484738e-17 -4.012621424769589705e-17 1.348201888594685967e-17 9.999999999999643618e-01
2.784494669093777186e-01 -9.603988683936559578e-01 -9.995397226636578911e-03 -4.550971745962880988e+01 9.604353437473451827e-01 2.783706886140103753e-01 8.585464543615948380e-03 8.677974509232630851e+01 -5.463044823338953672e-03 -1.199055079655942345e-02 9.999131871482744849e-01 -1.100566518586872489e+00 -4.985685652677377478e-17 -4.613358889905129112e-17 1.371579231673086118e-17 9.999999999999636957e-01
2.770431881051522716e-01 -9.607537253894670171e-01 -1.411917399983141606e-02 -4.527295812576959122e+01 9.608569293611690654e-01 2.769975764503656013e-01 5.128736608453306027e-03 8.762611889175238389e+01 -1.016475823643845158e-03 -1.498738771551420650e-02 9.998871661275275935e-01 -1.097001281641605708e+00 -5.269731329724892030e-17 -5.273227430302902662e-17 1.401380909949810649e-17 9.999999999999628075e-01
2.763883434067407885e-01 -9.607856071473493964e-01 -2.237187356961923765e-02 -4.503876971069155388e+01 9.610376681532188936e-01 2.764081833550433576e-01 2.261982523952548504e-03 8.848154555257812603e+01 4.010488679029643698e-03 -2.212539881013573378e-02 9.997471593899265319e-01 -1.111008739270525236e+00 -5.602548804850714741e-17 -6.062909485954357600e-17 1.427304174468067421e-17 9.999999999999619194e-01
2.750216562533827624e-01 -9.611639142334770236e-01 -2.295688495114621419e-02 -4.480555526562118729e+01 9.614238141789879233e-01 2.750690323688994576e-01 1.130027042604940871e-03 8.932912073274304987e+01 5.228586914291393807e-03 -2.238207780022673232e-02 9.997358173399664150e-01 -1.110438766314061576e+00 -5.797134249234774172e-17 -6.580103269463254825e-17 1.454310802059795635e-17 9.999999999999612532e-01
2.737496138308659344e-01 -9.615550398503298624e-01 -2.174981070051882834e-02 -4.456527854152589896e+01 9.617977905158203722e-01 2.737370495869723142e-01 3.610795239409125747e-03 9.018348931739924979e+01 2.481750649949204281e-03 -2.190737367826579851e-02 9.997569244033401858e-01 -1.098592119673333700e+00 -6.195318803125416743e-17 -7.042851829120863000e-17 1.488495577763639384e-17 9.999999999999605871e-01
2.733205111580357394e-01 -9.617440650193043172e-01 -1.855401789570389551e-02 -4.432692406609177027e+01 9.619212610053222701e-01 2.732322659408588095e-01 7.184460641798964819e-03 9.103533952173262378e+01 -1.840056030629024994e-03 -1.981116474592118162e-02 9.998020463798900082e-01 -1.087242504291407563e+00 -6.336481137549770430e-17 -7.622721633802901696e-17 1.522984442265277322e-17 9.999999999999601430e-01
2.722306825546491615e-01 -9.620348478759659372e-01 -1.947837127970861518e-02 -4.409482646767037295e+01 9.622230680669768832e-01 2.720850626821029183e-01 9.822725946154905324e-03 9.189199090383728219e+01 -4.150030790716215459e-03 -2.141658556253615842e-02 9.997620252377502625e-01 -1.091570068680745242e+00 -6.360982010234661178e-17 -8.507632843623723276e-17 1.554695200366061746e-17 9.999999999999594769e-01
2.713219516635569928e-01 -9.623288627248158811e-01 -1.753734620311653628e-02 -4.386495844203076899e+01 9.624750095062830635e-01 2.711760636459807361e-01 1.026638112079206189e-02 9.274263903033225631e+01 -5.123926358077765357e-03 -1.966475201573299539e-02 9.997935001324295134e-01 -1.101199722202881315e+00 -6.346449742876880969e-17 -9.315106485110212258e-17 1.580124598584890561e-17 9.999999999999589217e-01
2.698787619767889501e-01 -9.627908280419480436e-01 -1.411648935734501238e-02 -4.362835623782655858e+01 9.628726927912265587e-01 2.697454615312430692e-01 1.065661579666861945e-02 9.359733514677914457e+01 -6.452233010065574169e-03 -1.646837639829136155e-02 9.998435683986839351e-01 -1.113258301722118482e+00 -6.367681443369833928e-17 -9.912531824353140502e-17 1.610132245825921379e-17 9.999999999999584777e-01
2.689633088196251576e-01 -9.630459849162632535e-01 -1.418342148625581153e-02 -4.340182343043457536e+01 9.631140586949302751e-01 2.687960247430421501e-01 1.264938838394851980e-02 9.444783372342615735e+01 -8.369495382011328186e-03 -1.706247398805801896e-02 9.998193954553443730e-01 -1.118266039345837681e+00 -6.288881031502779588e-17 -1.047585767574490362e-16 1.646991938806268462e-17 9.999999999999579225e-01
2.686483799122827421e-01 -9.630487960015063909e-01 -1.910666088417371095e-02 -4.318356318771309077e+01 9.632020095867680487e-01 2.684131856504248237e-01 1.400894346396299936e-02 9.529788736738888133e+01 -8.362816421123223445e-03 -2.216705412596123304e-02 9.997193031111901718e-01 -1.116856773218782628e+00 -6.253662012182505297e-17 -1.113053560752137174e-16 1.682962355157411925e-17 9.999999999999573674e-01
2.683737341222861006e-01 -9.630242082647516577e-01 -2.366248357405038166e-02 -4.296501163860451555e+01 9.632866806514021052e-01 2.680969909989172062e-01 1.423988402015274012e-02 9.615063680047080652e+01 -7.369512388489094998e-03 -2.661536610592573140e-02 9.996185835479710624e-01 -1.120260386351575210e+00 -6.189455292102056216e-17 -1.186149443633932092e-16 1.718533840428061716e-17 9.999999999999567013e-01
2.687475271420188272e-01 -9.628542981422355540e-01 -2.619861071987148946e-02 -4.273845178460135230e+01 9.631971937207345347e-01 2.685005444148842457e-01 1.259458841696998836e-02 9.699980481534063870e+01 -5.092412349376343114e-03 -2.861919281714675467e-02 9.995774152806852220e-01 -1.129547064446232651e+00 -6.186693846291219662e-17 -1.250143892401707119e-16 1.751883727827515709e-17 9.999999999999562572e-01
2.702685517026405249e-01 -9.623893737962289086e-01 -2.759715862608941653e-02 -4.250509453779261548e+01 9.627728532535206885e-01 2.700102569907648076e-01 1.276299956275333061e-02 9.784534883624161239e+01 -4.831459264077717780e-03 -3.001923255928819201e-02 9.995376444527721560e-01 -1.143450378041247051e+00 -6.363481794467309581e-17 -1.325525885023901269e-16 1.788342366781858814e-17 9.999999999999555911e-01
2.714096800206173277e-01 -9.620897961751163630e-01 -2.683299622478751978e-02 -4.226571246971160889e+01 9.624325197911451912e-01 2.710701521534101821e-01 1.564025127609436003e-02 9.869693320927390801e+01 -7.773701792923429221e-03 -3.006986376440621417e-02 9.995175700576245381e-01 -1.155006519418373179e+00 -6.620826530367504933e-17 -1.357505559906239991e-16 1.832584480397301658e-17 9.999999999999550360e-01
