1.0 0.0 0.0 0.0 0.0 1.0 0.0 0.0 0.0 0.0 1.0 0.0
0.99787134 0.06520385 0.00047516392 0.04626465 -0.065204866 0.99786806 0.002593163 0.056762695 -0.00030504353 -0.002618628 0.99999654 -0.009399414
0.9993481 0.036081046 0.0012772596 0.2541504 -0.03608467 0.99934447 0.0029401253 -0.027954102 -0.0011703657 -0.0029842975 0.9999949 0.0064697266
0.99803174 0.06263776 0.0028979485 0.40112305 -0.06265366 0.99801826 0.005763776 -0.05480957 -0.002531143 -0.0059340275 0.9999792 0.0030517578
0.9955405 0.09419687 0.004884054 0.51660156 -0.09422796 0.9955278 0.0065827705 -0.09082031 -0.0042421 -0.0070136786 0.9999664 -0.0020751953
0.9908667 0.13462707 0.007585641 0.786499 -0.13464457 0.99089164 0.0018433651 -0.14807129 -0.0072682737 -0.0028479747 0.99996954 0.0078125
0.98512435 0.17163941 0.007934848 0.90063477 -0.17164057 0.985156 -0.0005383828 -0.1887207 -0.00790941 -0.0008320458 0.99996835 -0.00048828125
0.9755318 0.21957253 0.010882227 1.1877441 -0.21957706 0.9755912 -0.0007905829 -0.28479004 -0.010790251 -0.0016182624 0.99994045 0.0
0.96382433 0.26629508 0.012878359 1.3602295 -0.2663098 0.9639061 -0.000588513 -0.36535645 -0.012570245 -0.0028613368 0.9999169 -0.009521484
0.94931906 0.3136707 0.019525345 1.6181641 -0.31364533 0.94951785 -0.004427605 -0.4868164 -0.01992867 -0.0019213478 0.99979955 -0.0064697266
0.93243873 0.36049777 0.025253754 1.81604 -0.36025393 0.932773 -0.013776243 -0.61364746 -0.028521666 0.0037501846 0.9995862 0.0057373047
0.91102976 0.4113541 0.028184311 2.0648193 -0.41094264 0.91144544 -0.019364107 -0.7406006 -0.03365592 0.0060589192 0.99941516 0.0061035156
0.8862791 0.46200246 0.03150263 2.3013916 -0.4615113 0.8868256 -0.02183247 -0.9324951 -0.03802775 0.0048094215 0.9992652 -0.0031738281
0.85743994 0.5134788 0.035450842 2.5444336 -0.51293766 0.85816985 -0.023658175 -1.1025391 -0.042569168 0.0021062456 0.9990914 -0.020996094
0.82625747 0.5620347 0.03757713 2.7666016 -0.56134707 0.82710946 -0.02786111 -1.317749 -0.046738416 0.0019243276 0.9989051 -0.028320312
0.7903349 0.6114069 0.0376695 3.0117188 -0.61050504 0.7912246 -0.033371106 -1.5205078 -0.050213497 0.00337605 0.9987331 -0.036010742
0.7505298 0.65986764 0.03775247 3.2609863 -0.6587659 0.7514685 -0.038307726 -1.7786865 -0.05364598 0.003886925 0.9985526 -0.052978516
0.71239614 0.7009836 0.036015168 3.4803467 -0.69976497 0.7132927 -0.04154808 -2.0523682 -0.05480404 0.004397476 0.9984871 -0.06958008
0.6694995 0.7419608 0.036086075 3.6881104 -0.74064887 0.67046547 -0.0441935 -2.3422852 -0.056982946 0.0028576981 0.9983708 -0.08947754
0.62613666 0.7787094 0.038723234 3.9429932 -0.7774885 0.6273265 -0.043673076 -2.6708984 -0.05830748 -0.0027607847 0.9982951 -0.12036133
0.58482444 0.8100517 0.039874397 4.156372 -0.80882573 0.5861522 -0.044955008 -3.0180664 -0.059789233 -0.0059693214 0.9981928 -0.13891602
0.5437505 0.83818346 0.040217333 4.3848877 -0.8369403 0.5451703 -0.046411 -3.3839111 -0.06083065 -0.0084215235 0.99811286 -0.16101074
0.50554776 0.8618111 0.04063265 4.6046143 -0.86040676 0.5070863 -0.05010889 -3.7998047 -0.063797064 -0.009625692 0.99791694 -0.17785645
0.46897465 0.8822464 0.041138902 4.811035 -0.8809519 0.47059482 -0.049501896 -4.218994 -0.06305008 -0.0130248945 0.9979262 -0.20141602
0.4321978 0.90105593 0.04038516 5.0007324 -0.8998154 0.43382436 -0.049547486 -4.6879883 -0.06216487 -0.014924904 0.99795437 -0.23425293
0.39687103 0.91719913 0.03624044 5.228882 -0.9160889 0.39826164 -0.047359604 -5.1827393 -0.057871092 -0.014399154 0.99822026 -0.26538086
0.36810657 0.92908263 0.03213957 5.3969727 -0.92807627 0.36927038 -0.045206342 -5.691162 -0.053879593 -0.013170909 0.9984613 -0.29333496
0.3430607 0.93885565 0.028903302 5.591797 -0.9378624 0.3440753 -0.044749502 -6.2391357 -0.0519585 -0.011754271 0.99858 -0.32910156
0.32251436 0.9461243 0.027045095 5.7695312 -0.9451888 0.32344216 -0.043607764 -6.8327637 -0.050005157 -0.011504434 0.9986823 -0.3590088
0.3078885 0.95114243 0.024910849 5.972534 -0.95010895 0.3087424 -0.045368996 -7.4123535 -0.050844975 -0.009704175 0.9986593 -0.39123535
0.29648244 0.95467067 0.024171568 6.1660156 -0.9535851 0.2973208 -0.04645747 -8.049683 -0.051544007 -0.009261354 0.99862826 -0.4173584
0.2872038 0.95757705 0.025416838 6.356079 -0.95638025 0.28814408 -0.048951376 -8.692017 -0.054190498 -0.0102475565 0.99847776 -0.45202637
0.27440155 0.9612176 0.027247926 6.559204 -0.95994234 0.27548248 -0.050961263 -9.364868 -0.056501977 -0.0121824965 0.9983281 -0.49316406
0.26505667 0.96387136 0.02774332 6.762085 -0.9625608 0.26619035 -0.051880315 -10.060913 -0.057394136 -0.01297072 0.9982669 -0.5308838
0.2543312 0.96662974 0.029643357 6.9492188 -0.96518946 0.25563076 -0.054743655 -10.783325 -0.06051612 -0.014687737 0.99805987 -0.56689453
0.24366753 0.96937835 0.029679291 7.1311035 -0.96788216 0.24500345 -0.05591467 -11.526245 -0.061478823 -0.015106719 0.997994 -0.6072998
0.23114061 0.9723468 0.029346121 7.3270264 -0.9707343 0.2325059 -0.05797497 -12.289551 -0.06321241 -0.015074091 0.9978872 -0.649292
0.22261666 0.9744682 0.031270966 7.502075 -0.97273785 0.22416265 -0.060467668 -13.070557 -0.06592468 -0.016967677 0.9976797 -0.6915283
0.2127465 0.97656286 0.033508673 7.6726074 -0.97463846 0.21453004 -0.06416907 -13.851929 -0.069830686 -0.019016175 0.99737626 -0.74279785
0.1992508 0.9793119 0.03397063 7.843628 -0.9771033 0.20118 -0.06857613 -14.658569 -0.07399573 -0.019527588 0.9970675 -0.7866211
0.18630564 0.9819067 0.033542607 8.003784 -0.979461 0.1882992 -0.0719589 -15.46167 -0.076953456 -0.019432943 0.9968448 -0.8391113
0.17154734 0.98464406 0.03455729 8.148682 -0.9821681 0.17367907 -0.07298274 -16.281006 -0.077861264 -0.021443767 0.9967329 -0.88879395
0.1579998 0.9868991 0.03462734 8.282959 -0.9845616 0.16013952 -0.071589164 -17.098755 -0.07619325 -0.02281114 0.9968311 -0.9423828
0.14182921 0.98929876 0.035052888 8.396118 -0.9870416 0.14402628 -0.07110858 -17.917603 -0.0754285 -0.024539191 0.99685025 -0.99121094
0.11916832 0.9922183 0.035564184 8.502197 -0.99011624 0.12142166 -0.069944054 -18.742432 -0.07370254 -0.026852842 0.9969185 -1.0412598
0.09436798 0.9948159 0.03818956 8.597656 -0.9930178 0.09679282 -0.06757528 -19.581787 -0.0709391 -0.031571798 0.9969814 -1.095459
0.06457351 0.9971215 0.039072495 8.655029 -0.9953789 0.067133486 -0.068267666 -20.427002 -0.07071585 -0.034450505 0.99690324 -1.1431885
0.02987277 0.99874204 0.040368784 8.687622 -0.9971088 0.03259964 -0.06867384 -21.281006 -0.06992861 -0.0382056 0.99682146 -1.189209
-0.0032359373 0.99919564 0.03995944 8.679565 -0.9976935 -0.0005168912 -0.06786698 -22.133423 -0.06779786 -0.040089544 0.99689364 -1.2340088
-0.036903147 0.998546 0.039652552 8.649414 -0.99713326 -0.034162164 -0.06772281 -22.988892 -0.06627314 -0.042027336 0.99691635 -1.2783203
-0.07025863 0.9967298 0.040101256 8.600464 -0.9955175 -0.06750453 -0.06634734 -23.847046 -0.06343417 -0.044571895 0.99699086 -1.3173828
-0.101121776 0.99399185 0.041716214 8.518311 -0.99315 -0.09839583 -0.062915206 -24.695679 -0.05842252 -0.04778769 0.997147 -1.3642578
-0.13487495 0.9902364 0.037641067 8.411499 -0.9894928 -0.13251923 -0.059326667 -25.557495 -0.05375177 -0.04522148 0.99752986 -1.401001
-0.166021 0.98547 0.03288502 8.252319 -0.9848436 -0.16410184 -0.05431813 -26.40271 -0.0481181 -0.041431755 0.99798125 -1.4307861
-0.19677612 0.98014855 0.025178686 8.075195 -0.97955906 -0.1954204 -0.04816839 -27.245728 -0.042294916 -0.034141894 0.9985218 -1.4603271
-0.22278593 0.9747087 0.020758044 7.874756 -0.9742532 -0.22178829 -0.04197207 -28.075317 -0.036310326 -0.029566843 0.9989033 -1.4836426
-0.24969244 0.96823215 0.012117549 7.651367 -0.96776056 -0.24911131 -0.03672803 -28.907959 -0.03255953 -0.02090289 0.99925166 -1.5019531
-0.2762344 0.9609544 0.008508196 7.4017334 -0.9607178 -0.27593315 -0.026332542 -29.73352 -0.022955643 -0.015456507 0.9996169 -1.5119629
-0.30083036 0.95374316 0.0077885482 7.145508 -0.9537295 -0.3007263 -0.012216672 -30.534546 -0.009309325 -0.011099869 0.9998951 -1.5106201
-0.32551536 0.9455674 0.012768827 6.8878174 -0.9456113 -0.32559896 0.005074419 -31.33789 0.00895527 -0.010422507 0.9999056 -1.5064697
-0.3498069 0.936724 0.019082263 6.5981445 -0.936568 -0.35016048 0.020223077 -32.117065 0.02560956 -0.010801312 0.9996137 -1.5010986
-0.37407422 0.9274008 0.020570228 6.2904053 -0.92692536 -0.37456262 0.030657843 -32.90625 0.03613154 -0.0076181553 0.9993184 -1.4709473
-0.39849007 0.9170072 0.019274605 5.965576 -0.91635704 -0.39893767 0.034743994 -33.68457 0.039540783 -0.003826648 0.9992107 -1.4276123
-0.41994584 0.907327 0.016814336 5.6014404 -0.9067042 -0.42028078 0.033635825 -34.456055 0.03758402 -0.0011246206 0.9992928 -1.3856201
-0.43911186 0.89821714 0.012134528 5.2318115 -0.8977317 -0.4392742 0.02960385 -35.230713 0.03191338 0.0021102172 0.99948823 -1.3469238
-0.4598216 0.88817227 0.0030296817 4.843872 -0.88781387 -0.45972848 0.027035272 -35.979614 0.025413303 0.009744635 0.99962974 -1.3071289
-0.47262028 0.8816795 0.0008113049 4.4450684 -0.8813352 -0.47246122 0.027539264 -36.71411 0.024660315 0.012278253 0.99962074 -1.2645264
-0.4831206 0.875632 -0.0007983167 4.043457 -0.875211 -0.4828595 0.031476058 -37.43982 0.027167926 0.01588962 0.9995046 -1.2288818
-0.49257064 0.86996824 -0.00041348673 3.6462402 -0.86947775 -0.4922768 0.03380203 -38.139526 0.029213075 0.017023692 0.99942833 -1.1906738
-0.501474 0.8656982 0.006690939 3.2425537 -0.8651574 -0.5014108 0.032317355 -38.855225 0.031327188 0.010401104 0.99945545 -1.1502686
-0.5132661 0.858426 0.008139575 2.8344727 -0.85794437 -0.51326215 0.029946383 -39.562378 0.029877856 0.008385219 0.9995185 -1.12146
-0.52139515 0.8535778 0.0063547147 2.402954 -0.8530172 -0.52129936 0.033117644 -40.26172 0.031579547 0.01184595 0.9994313 -1.0845947
-0.52670485 0.849899 0.004867848 1.9665527 -0.84929776 -0.52653265 0.035032026 -40.975708 0.032326635 0.014308607 0.9993746 -1.045044
-0.53343207 0.84631765 0.006265485 1.5285645 -0.8455748 -0.53325033 0.038602006 -41.6792 0.036005832 0.015263844 0.99923533 -1.0134277
-0.53099835 0.8468886 0.007794319 1.0667725 -0.84607637 -0.5308555 0.039834857 -42.429077 0.037887234 0.014581874 0.9991754 -0.9824219
-0.5282331 0.84929097 0.005005326 0.6074219 -0.84852254 -0.5279904 0.039821584 -43.163086 0.0364692 0.016777148 0.9991942 -0.9449463
-0.52154547 0.8534085 0.0060273195 0.15637207 -0.85265213 -0.521359 0.0390021 -43.910156 0.03642661 0.015191193 0.999221 -0.90527344
-0.51484334 0.8574433 0.007466073 -0.30578613 -0.85672015 -0.514736 0.037493743 -44.68347 0.03598947 0.012894576 0.99926907 -0.8696289
-0.50678027 0.86213106 0.009265017 -0.76953125 -0.8613913 -0.5067469 0.037351348 -45.486572 0.03688543 0.010929193 0.99925965 -0.83288574
-0.4990502 0.8662137 0.011445485 -1.2254639 -0.8655406 -0.49912414 0.03495599 -46.28174 0.035999756 0.007560746 0.9993229 -0.79296875
-0.49478236 0.86882997 0.014025516 -1.6907959 -0.8682191 -0.49496412 0.03284068 -47.128296 0.03546325 0.0040646074 0.9993624 -0.7515869
-0.49367166 0.86937565 0.018188158 -2.1513672 -0.86886847 -0.49400556 0.029718231 -47.97229 0.034836058 -0.0011417456 0.99939257 -0.7159424
-0.4946489 0.8687245 0.020204099 -2.640503 -0.8682935 -0.49504593 0.027634928 -48.835815 0.03400148 -0.003867907 0.9994139 -0.671875
-0.4960178 0.8679064 0.021291751 -3.1108398 -0.8675496 -0.4964408 0.025554633 -49.714966 0.03275613 -0.0057977275 0.9994465 -0.6320801
-0.49601546 0.86766875 0.021182885 -3.5958252 -0.8673214 -0.49643278 0.025237134 -50.594116 0.032423332 -0.0058438065 0.99945694 -0.5897217
-0.49600446 0.8684053 0.020511135 -4.1138916 -0.8681034 -0.4963917 0.023690648 -51.493286 0.030751511 -0.006072417 0.9995089 -0.55029297
-0.49460077 0.86930525 0.020544225 -4.605835 -0.8690226 -0.49498552 0.023088712 -52.395996 0.030215224 -0.0064426465 0.9995226 -0.5119629
-0.49599427 0.86792314 0.020235684 -5.114502 -0.8676613 -0.49636412 0.022286428 -53.314087 0.029389596 -0.0064930394 0.99954677 -0.46691895
-0.49597958 0.86849135 0.022022478 -5.63501 -0.86827284 -0.49639487 0.02128789 -54.251343 0.029423216 -0.008582644 0.99953085 -0.42321777
-0.4959831 0.8680787 0.021723667 -6.1153564 -0.86784685 -0.49639216 0.021638006 -55.153687 0.029560823 -0.008116588 0.99952996 -0.38049316
-0.49596545 0.8683921 0.022365505 -6.630005 -0.86824656 -0.49636748 0.018836385 -56.06421 0.027458765 -0.010091925 0.9995724 -0.3380127
-0.49214846 0.86963165 0.022314843 -7.1604004 -0.8695009 -0.49254417 0.018310897 -56.99048 0.026929263 -0.010381303 0.9995833 -0.29296875
-0.49456066 0.8694045 0.020844562 -7.619751 -0.8693127 -0.4948964 0.016184295 -57.873413 0.024368854 -0.010116018 0.99965197 -0.25195312
-0.48934785 0.87240577 0.019425778 -8.143677 -0.87233555 -0.48963654 0.014740876 -58.809937 0.022354027 -0.009738123 0.9997029 -0.21142578
-0.4855369 0.8735556 0.019106852 -8.671509 -0.873505 -0.4858093 0.01373623 -59.734253 0.021293174 -0.010014154 0.999723 -0.17150879
-0.48553813 0.87438214 0.01823872 -9.15918 -0.87432164 -0.48579293 0.013831105 -60.644653 0.020947997 -0.00923944 0.99973804 -0.1315918
-0.48414448 0.8750875 0.01809333 -9.636597 -0.8750072 -0.4844043 0.014712321 -61.544678 0.021632778 -0.008711051 0.99972814 -0.09643555
-0.48414287 0.87455535 0.020441517 -10.13147 -0.8744787 -0.48446333 0.015531142 -62.441772 0.023480637 -0.010349384 0.99967057 -0.053833008
-0.48795182 0.8724538 0.023172095 -10.621338 -0.8723586 -0.48836088 0.017406695 -63.33667 0.026490942 -0.011706509 0.99958014 -0.0126953125
-0.49214026 0.870366 0.025000323 -11.118164 -0.8702995 -0.49259508 0.017134886 -64.22595 0.027240109 -0.013334881 0.9995404 0.030273438
-0.49735177 0.86704004 0.024285795 -11.612183 -0.8669954 -0.49777016 0.015844101 -65.11401 0.02584235 -0.013183004 0.9995793 0.06640625
-0.503969 0.8637238 0.019089252 -12.12439 -0.8636941 -0.5042274 0.012476116 -66.004395 0.020401446 -0.010211855 0.9997398 0.11462402
-0.50779533 0.86103046 0.022208251 -12.61731 -0.86107916 -0.5080919 0.010378953 -66.883545 0.02022659 -0.013845785 0.99969935 0.1484375
-0.5116227 0.858979 0.022041272 -13.116577 -0.8589547 -0.51195693 0.013590436 -67.75488 0.022938985 -0.011966508 0.9996649 0.18835449
-0.5172292 0.8554971 0.022805763 -13.63208 -0.8554291 -0.5176063 0.01568012 -68.63013 0.025220634 -0.011396711 0.99961686 0.22131348
-0.5224657 0.8525064 0.025286635 -14.1102295 -0.8524628 -0.5229088 0.015836783 -69.47888 0.02671979 -0.013286124 0.99955475 0.25842285
-0.52490383 0.85086566 0.026851349 -14.640625 -0.8508289 -0.52539617 0.01631529 -70.33069 0.027976358 -0.014271829 0.9995064 0.30651855
-0.52770925 0.8486052 0.026227375 -15.15332 -0.8486272 -0.5281469 0.013714683 -71.16846 0.025504185 -0.0150192715 0.9995618 0.34899902
-0.53156066 0.8465889 0.020819856 -15.678345 -0.8466616 -0.5317959 0.0077131893 -72.00452 0.01759449 -0.013523448 0.99975353 0.38757324
-0.5344022 0.8447506 0.0147026125 -16.204834 -0.84485626 -0.5344333 -0.0020605957 -72.84265 0.006118167 -0.013520881 0.99988973 0.4227295
-0.53582406 0.8435307 0.012912591 -16.733765 -0.8436255 -0.53580564 -0.005135333 -73.66943 0.002596872 -0.013656149 0.99990326 0.44970703
-0.5382417 0.84260213 0.015745033 -17.233154 -0.8427046 -0.5383113 0.00021990552 -74.48755 0.008655624 -0.013145449 0.999876 0.46520996
-0.5382208 0.8430626 0.018771198 -17.764404 -0.84313124 -0.53840405 0.006266457 -75.30054 0.015372785 -0.012448569 0.99980426 0.4880371
-0.5382185 0.8426019 0.014810591 -18.281372 -0.84255034 -0.5383842 0.011302365 -76.11194 0.01748962 -0.0063945143 0.9998265 0.5155029
-0.5396286 0.8422386 0.010594392 -18.828491 -0.8421766 -0.53972334 0.010686867 -76.94629 0.014708322 -0.0031580925 0.9998867 0.5534668
-0.5382185 0.8434262 0.009816666 -19.349121 -0.8433907 -0.53829557 0.00857245 -77.75696 0.01250528 -0.0036693802 0.999915 0.5780029
-0.5357696 0.8436768 0.008730935 -19.853882 -0.84369814 -0.53580356 0.0019724888 -78.579834 0.006348666 -0.0063094134 0.9999598 0.5975342
-0.53823733 0.8434689 0.0070249317 -20.37024 -0.84349793 -0.53822386 -0.0038478395 -79.38977 0.0005324826 -0.007991923 0.99996793 0.6158447
-0.53728706 0.84340775 0.013039693 -20.864014 -0.8435068 -0.5371914 -0.010268652 -80.21094 -0.0016626981 -0.016526591 0.9998622 0.63720703
-0.5346285 0.8447502 0.020269534 -21.36621 -0.84499097 -0.5344173 -0.015166815 -81.03943 -0.0019777096 -0.02523071 0.9996795 0.6390381
-0.53179353 0.84657574 0.016400171 -21.87268 -0.84672123 -0.5315774 -0.015890798 -81.8374 -0.004733333 -0.022327298 0.9997393 0.6516113
-0.5292664 0.8476465 0.013312887 -22.385254 -0.8477427 -0.52912676 -0.012722894 -82.64636 -0.0037360457 -0.018035136 0.99983025 0.6743164
-0.52500206 0.85169023 0.013768479 -22.882202 -0.85180134 -0.5249346 -0.008414052 -83.44922 4.993842e-05 -0.01613868 0.9998699 0.6816406
-0.51589125 0.8563949 0.009511254 -23.375 -0.85644585 -0.515835 -0.007831426 -84.26111 -0.0018004854 -0.0121901035 0.99992406 0.69873047
-0.5078257 0.8609936 0.0033383537 -23.848877 -0.8609876 -0.50779366 -0.007354088 -85.06799 -0.0046363864 -0.006614605 0.9999674 0.7155762
-0.4973714 0.8670554 0.003984942 -24.329346 -0.867061 -0.49735108 -0.005133916 -85.894165 -0.0024667683 -0.006013047 0.99997884 0.7282715
-0.4894045 0.87248784 0.0062892837 -24.768555 -0.87249684 -0.4893439 -0.009115156 -86.717285 -0.0048773396 -0.00994451 0.99993867 0.7373047
-0.4738274 0.8801757 0.0035788051 -25.232544 -0.8801312 -0.47375128 -0.012786521 -87.56409 -0.009557527 -0.0092169 0.9999118 0.74694824
-0.46484894 0.885441 0.0035192785 -25.659424 -0.88539493 -0.46477392 -0.012792623 -88.39258 -0.009694044 -0.009068201 0.99991184 0.7528076
-0.45310354 0.89147055 0.0025704182 -26.085938 -0.8914147 -0.453038 -0.012873799 -89.22778 -0.010311861 -0.008120575 0.9999139 0.7459717
-0.44040155 0.8979366 0.0013542776 -26.513306 -0.8978606 -0.44034353 -0.013767356 -90.07703 -0.0117691215 -0.0072790105 0.9999042 0.7579346
-0.4287065 0.9033572 0.004281587 -26.89502 -0.90333563 -0.42864695 -0.010408176 -90.919556 -0.0075663175 -0.008332953 0.99993664 0.7684326
-0.41601962 0.9089397 0.004116021 -27.28186 -0.90894836 -0.4160203 -0.000754633 -91.74744 0.0010276295 -0.0040556276 0.99999124 0.7713623
-0.4034264 0.91482025 0.0072987108 -27.66919 -0.9148261 -0.40346017 0.0039196284 -92.597046 0.0065315263 -0.0050940905 0.9999656 0.78222656
-0.39322263 0.9196658 0.007330471 -28.01941 -0.9196863 -0.39324114 0.0012253507 -93.45105 0.0040061097 -0.00626102 0.99997234 0.7849121
-0.37975803 0.9250007 0.0063154553 -28.366455 -0.9250223 -0.37974873 -0.002647344 -94.31189 -4.88637e-05 -0.006850822 0.99997646 0.8051758
-0.37030628 0.9286938 0.009341294 -28.700928 -0.92874014 -0.37029842 -0.0026341476 -95.17029 0.0010149605 -0.009650435 0.99995285 0.8253174
-0.36523575 0.931059 0.015585205 -29.014038 -0.93115604 -0.36531323 0.0023600054 -96.02405 0.007880332 -0.0136543345 0.9998757 0.8404541
-0.35787633 0.9337037 0.0246511 -29.338501 -0.93391734 -0.35811713 0.006024966 -96.89075 0.014442702 -0.020865237 0.999678 0.8496094
-0.3542068 0.9349624 0.029922929 -29.653809 -0.935265 -0.35457972 0.008074367 -97.766846 0.018145613 -0.025123341 0.9995197 0.88952637
-0.35054198 0.9360036 0.03158715 -29.956177 -0.93635696 -0.3509356 0.007741255 -98.64258 0.01832745 -0.02686088 0.99947107 0.91430664
-0.3446099 0.93795663 0.035645653 -30.262207 -0.93845725 -0.34503326 0.006295183 -99.51233 0.01821796 -0.031280518 0.99934447 0.9407959
-0.34165266 0.93910986 0.03468586 -30.562012 -0.93962806 -0.34197137 0.0035237542 -100.40137 0.015186656 -0.031396117 0.9993917 0.96569824
-0.33666638 0.9409358 0.032843437 -30.87439 -0.9414496 -0.33683154 -0.00054357667 -101.27539 0.010559698 -0.0310933 0.9994604 0.98742676
-0.33010182 0.94324464 0.03387545 -31.176514 -0.9438223 -0.33016637 -0.0038339328 -102.15259 0.0075707594 -0.033237904 0.99941874 1.0128174
-0.32427505 0.9450169 0.0400699 -31.46045 -0.9458301 -0.32434303 -0.0049719308 -103.0238 0.008307998 -0.039528467 0.9991841 1.0318604
-0.31581903 0.9475298 0.049250513 -31.743408 -0.94875634 -0.31591994 -0.0059290216 -103.89551 0.009935487 -0.04858491 0.9987693 1.045044
-0.30915943 0.94970685 0.049516264 -32.02368 -0.95091563 -0.30939242 -0.0030790372 -104.74719 0.012386467 -0.048028026 0.99876904 1.0814209
-0.3024311 0.952119 0.04617421 -32.309692 -0.9531214 -0.30279574 0.0009565251 -105.62573 0.014876665 -0.04371493 0.9989333 1.1064453
-0.29524565 0.95436525 0.04667054 -32.571533 -0.9554209 -0.29551846 -0.0010951459 -106.491455 0.012743712 -0.04491505 0.9989097 1.126709
-0.2872368 0.95660895 0.04649946 -32.82617 -0.95771027 -0.28726423 -0.0062474217 -107.36218 0.0074004154 -0.046331022 0.9988984 1.1494141
-0.282395 0.9583554 0.047014315 -33.081055 -0.9595 -0.28224862 -0.009854348 -108.24402 0.0038058097 -0.0478772 0.9988462 1.1744385
-0.2729807 0.96062857 0.051461637 -33.311523 -0.96198153 -0.27296695 -0.007448914 -109.111206 0.0069143125 -0.0515242 0.99864703 1.1931152
-0.26998258 0.96161336 0.05188058 -33.545288 -0.96296096 -0.27013016 -0.0042681685 -109.99072 0.009895523 -0.051107105 0.9986445 1.2143555
-0.2589914 0.96428657 0.052813105 -33.773926 -0.96566844 -0.25921363 -0.0027236482 -110.868164 0.011078366 -0.051706046 0.9986005 1.2242432
-0.25327992 0.96592313 0.052672602 -33.999756 -0.9673292 -0.25331828 -0.006054918 -111.75513 0.007494728 -0.05248796 0.9985935 1.2492676
-0.24469723 0.96840465 0.049025442 -34.2063 -0.96961564 -0.24476825 -0.004640901 -112.60095 0.007498606 -0.048666116 0.9987869 1.2601318
-0.23949373 0.96985793 0.04512007 -34.432373 -0.97088236 -0.23956001 -0.004005991 -113.48926 0.006919193 -0.044774335 0.99897355 1.282959
-0.23150744 0.9717306 0.044169784 -34.639282 -0.9727166 -0.23153792 -0.004497625 -114.38464 0.0058698393 -0.044014487 0.9990136 1.3023682
-0.2245766 0.9733341 0.04947158 -34.83838 -0.9745766 -0.22455716 -0.006011619 -115.274536 0.005247571 -0.049569044 0.9987574 1.3239746
-0.21747318 0.97449327 0.055298325 -35.027344 -0.9760483 -0.21741697 -0.0070875967 -116.17078 0.005111731 -0.055541676 0.9984442 1.34375
-0.21251515 0.9758872 0.050971705 -35.228638 -0.977209 -0.21243557 -0.007032148 -117.076416 0.003948081 -0.05128882 0.9986761 1.3565674
-0.20876399 0.9766666 0.05002958 -35.4032 -0.9779409 -0.20868109 -0.0069217123 -117.92346 0.0036825086 -0.05039852 0.99872315 1.3710938
-0.20449618 0.9778012 0.047761418 -35.59839 -0.97895694 -0.20446992 -0.005485179 -118.84277 0.004394822 -0.047867183 0.9988441 1.3830566
-0.19722214 0.97931457 0.043823775 -35.794067 -0.9802927 -0.19712102 -0.006663213 -119.70715 0.002124212 -0.044279564 0.9990168 1.3867188
-0.19224 0.98085296 0.034436315 -35.992798 -0.98145664 -0.19209385 -0.007529911 -120.62305 -0.00078810024 -0.035237532 0.9993788 1.4001465
-0.189389 0.98147887 0.030812431 -36.144165 -0.98195416 -0.18916845 -0.00995153 -121.47815 -0.0039491393 -0.032126244 0.99947596 1.4174805
-0.1837329 0.98237956 0.03417581 -36.305054 -0.98297286 -0.18357372 -0.007777834 -122.37268 -0.0013633089 -0.035005547 0.9993858 1.4162598
-0.1815479 0.98288125 0.035036135 -36.462036 -0.9835053 -0.18143313 -0.006446268 -123.24939 3.7170248e-06 -0.035627272 0.9993655 1.4257812
-0.17944743 0.98296523 0.037786853 -36.6084 -0.98369133 -0.17929806 -0.0073374095 -124.13904 -0.00043235708 -0.038484886 0.9992589 1.4321289
-0.1766726 0.9834823 0.038101446 -36.760986 -0.9842172 -0.17644797 -0.009209157 -125.0188 -0.0023322129 -0.039124932 0.9992315 1.4439697
-0.17888679 0.983388 0.03439843 -36.91687 -0.98395836 -0.17849469 -0.014171384 -125.89563 -0.007805392 -0.036377788 0.99930775 1.4556885
-0.17532396 0.98388106 0.034303006 -37.056763 -0.98440236 -0.17476918 -0.018576233 -126.76428 -0.012278131 -0.037031353 0.9992387 1.4615479
-0.17621385 0.98389745 0.032589305 -37.214355 -0.98431873 -0.17558277 -0.021326778 -127.6449 -0.015260136 -0.035833832 0.9992413 1.4608154
-0.17460895 0.9840859 0.03426058 -37.36194 -0.98462903 -0.17413223 -0.016453806 -128.50781 -0.010230646 -0.03661383 0.99927735 1.4593506
-0.17386009 0.9841507 0.035001826 -37.5166 -0.9847549 -0.17353249 -0.012205568 -129.36792 -0.0059486693 -0.036596306 0.99931276 1.4556885
-0.17392491 0.98402876 0.036816966 -37.659546 -0.98469466 -0.17354643 -0.013268107 -130.23486 -0.0066639166 -0.038556673 0.9992341 1.4575195
-0.17396449 0.98402697 0.03749046 -37.806152 -0.98471296 -0.17354488 -0.0142008765 -131.10449 -0.00745223 -0.039384946 0.99919593 1.463623
-0.17168139 0.9845563 0.033154327 -37.959106 -0.9850877 -0.17133142 -0.013147341 -131.94922 -0.0072592003 -0.034915157 0.9993638 1.4676514
-0.1717001 0.9844752 0.03512423 -38.10669 -0.985083 -0.17136873 -0.0122566195 -132.80359 -0.0060507823 -0.036709137 0.99930775 1.4783936
-0.17122328 0.98423153 0.045682017 -38.243286 -0.9852886 -0.17093636 -0.010138161 -133.66003 -0.002181841 -0.046745412 0.99890476 1.4769287
-0.17130648 0.9839049 0.05157066 -38.379517 -0.98525476 -0.17112054 -0.008046786 -134.51208 0.00091253687 -0.052166298 0.9986374 1.4976807
-0.17124306 0.9840143 0.05012068 -38.515015 -0.9852885 -0.17110324 -0.0070971255 -135.34448 0.0015874804 -0.050595287 0.9987181 1.5025635
-0.1696396 0.9842718 0.048194807 -38.664307 -0.9854463 -0.16958773 -0.0051915934 -136.1903 0.003062629 -0.048382267 0.99882436 1.5250244
-0.16895619 0.9845035 0.04883111 -38.801758 -0.98570186 -0.16898286 -0.0036032293 -137.01758 0.004680672 -0.0487302 0.99880123 1.5405273
-0.1666789 0.98501813 0.04232971 -38.951416 -0.9859238 -0.16664764 -0.004293866 -137.87708 0.0028518275 -0.04246863 0.99909365 1.5435791
-0.16533983 0.98564523 0.03601519 -39.085205 -0.9863003 -0.16514345 -0.008382135 -138.69714 -0.0023145787 -0.036901675 0.9993162 1.5594482
-0.16380692 0.9861108 0.028121352 -39.230103 -0.9864717 -0.1634767 -0.013674497 -139.55261 -0.008886859 -0.029987806 0.9995109 1.574585
-0.15966071 0.9869101 0.02564305 -39.363037 -0.9871904 -0.15933023 -0.014461629 -140.39905 -0.010196765 -0.027620323 0.9995667 1.5690918
-0.15529396 0.987469 0.027417371 -39.474976 -0.98783493 -0.155081 -0.00973909 -141.16467 -0.0053680073 -0.028596386 0.9995767 1.579956
-0.14744045 0.9887206 0.023829764 -39.594482 -0.9890038 -0.14732811 -0.0064212894 -142.03284 -0.0028255587 -0.024509894 0.99969536 1.5905762
-0.13972151 0.9898348 0.023513032 -39.715332 -0.99010813 -0.13959979 -0.006749078 -142.94934 -0.0033944084 -0.024220064 0.9997009 1.5860596
-0.12985447 0.9913111 0.017779145 -39.81787 -0.9914489 -0.12971233 -0.008934856 -143.69714 -0.006548959 -0.018788278 0.9998021 1.5939941
-0.11871926 0.99283314 0.011784265 -39.901245 -0.9928669 -0.11860513 -0.0099500995 -144.45349 -0.008480959 -0.012879931 0.9998812 1.6038818
-0.10616388 0.9943376 0.0055158176 -40.01526 -0.99431056 -0.10610638 -0.009827821 -145.38245 -0.009185702 -0.0065250862 0.99993664 1.6103516
-0.09161222 0.9958206 0.0031149313 -40.087524 -0.99578345 -0.09157906 -0.009470539 -146.24426 -0.009146148 -0.003969431 0.99995035 1.6158447
-0.07778837 0.9970154 0.00010481663 -40.13806 -0.99696875 -0.07778368 -0.009683264 -147.01245 -0.009648811 -0.00085382164 0.99995315 1.6243896
-0.064677365 0.99789906 -0.0030728206 -40.178955 -0.99786913 -0.064700365 -0.008117922 -147.7533 -0.008300672 0.0025419593 0.99996245 1.631958
-0.04896607 0.9987751 -0.0044966564 -40.231934 -0.99878496 -0.048969373 -0.0006351569 -148.70789 -0.0008558091 0.004462406 0.99998975 1.6367188
-0.03745174 0.9992887 0.0050621107 -40.242065 -0.9992637 -0.037493832 0.008496037 -149.43274 0.008679576 -0.0047423877 0.9999512 1.6385498
-0.024590258 0.99961895 0.012616367 -40.239746 -0.99954927 -0.024802923 0.01698098 -150.18396 0.017284619 -0.0121941725 0.99977636 1.6541748
