7.776414634712105478e-01 -6.283451925197125476e-01 2.135587337761439899e-02 -6.595492578396179795e+01 6.273863316108564403e-01 7.777602554777385269e-01 3.841062232087295164e-02 2.570826264108394810e+01 -4.074487941113440204e-02 -1.647130949771617725e-02 9.990338086197094736e-01 -8.936047858713578318e-01 -4.809208017785018303e-24 -1.416202385148814181e-23 -3.430527606006730092e-24 9.999999999999997780e-01
7.495992055798419429e-01 -6.613136503231138441e-01 2.766381915769448863e-02 -6.555814092813041327e+01 6.605723121524361696e-01 7.500888978174714561e-01 3.179411562783159700e-02 2.608724811418535694e+01 -4.177620628605331621e-02 -5.558890832771118916e-03 9.991115289701414381e-01 -9.012003601853840751e-01 -4.809208017785018303e-24 -1.416202385148814181e-23 -3.430527606006730092e-24 9.999999999999997780e-01
7.210277879740818463e-01 -6.928124212999420273e-01 1.139639687424145835e-02 -6.520581555261259155e+01 6.924683420482042884e-01 7.210593245775807070e-01 2.368640328826631877e-02 2.648432620250212466e+01 -2.462771264678924668e-02 -9.186910919171389564e-03 9.996544785262300170e-01 -9.096197462399797651e-01 5.696855558130607418e-19 1.533700873789161806e-18 8.297392883091932338e-21 9.999999999999998890e-01
6.909314923501106431e-01 -7.227788686112255334e-01 -1.429615220702077326e-02 -6.486972960020366941e+01 7.229152658969697498e-01 6.908649808129148084e-01 9.954728498786532404e-03 2.689724141831829840e+01 2.681643518517053126e-03 -1.721294209164880504e-02 9.998482501922910659e-01 -9.170106897859360284e-01 1.331436128154253767e-18 2.238305767809102458e-18 5.625091756409304480e-20 9.999999999999997780e-01
6.562288038058540218e-01 -7.540146352664185425e-01 -2.873476743576063031e-02 -6.452846152887208575e+01 7.540607728605785987e-01 6.567049871162171648e-01 -1.144162268194714137e-02 2.732074393944244406e+01 2.749741603207285154e-02 -1.415943857440666795e-02 9.995215867657951669e-01 -9.366594930386252793e-01 1.603433702803412662e-18 2.136857810916434587e-18 7.177805672595259472e-20 9.999999999999996669e-01
6.189099423194766025e-01 -7.849556886554681645e-01 -2.819663358488027141e-02 -6.419015328980201218e+01 7.842253405222916474e-01 6.195508439664304534e-01 -3.387280654418079601e-02 2.777000142215381473e+01 4.405790032210533946e-02 -1.148297830227335611e-03 9.990283193339891676e-01 -9.503575589075300423e-01 1.632081115674718983e-18 7.794141038196870375e-19 7.605925908287469093e-20 9.999999999999994449e-01
5.861659250991781978e-01 -8.099094582377561746e-01 -2.135831710706221839e-02 -6.386778388834407849e+01 8.089762031594096570e-01 5.865266939197510965e-01 -3.929300244766079780e-02 2.825666899580827263e+01 4.435099744541420863e-02 5.753848850511481330e-03 9.989994405649053055e-01 -9.514610353188399650e-01 2.119265718506295416e-18 3.968945096745494286e-19 1.145695813658597200e-19 9.999999999999991118e-01
5.574457840582802692e-01 -8.300735387305610002e-01 -1.523542368848673258e-02 -6.356715817936704127e+01 8.297391731103359591e-01 5.576537244902861623e-01 -2.356328008335900961e-02 2.876359089807060698e+01 2.805534604696466663e-02 4.938232877821169351e-04 9.996062493285714501e-01 -9.222555848013497259e-01 3.627062030071785818e-18 5.980360312007745778e-19 4.774375993836625521e-20 9.999999999999988898e-01
5.286292758429349536e-01 -8.488144473673407964e-01 -8.069861352200462593e-03 -6.328202432326273197e+01 8.487716934242974798e-01 5.286862973625394702e-01 -8.798376142029261729e-03 2.928210376769252932e+01 1.173461390124967869e-02 -2.198390677052111143e-03 9.999287304178263724e-01 -8.869150282017472797e-01 5.231981559795993411e-18 -1.033691375042707023e-18 -1.646769342411404602e-20 9.999999999999985567e-01
4.987639547322059719e-01 -8.667138470517011806e-01 -6.451727576547498094e-03 -6.301068463500199357e+01 8.666963296811850404e-01 4.987991066173478871e-01 -6.076459075391261143e-03 2.979825985555229551e+01 8.484667173004016918e-03 -2.560969851486327806e-03 9.999607251569265776e-01 -8.787769405764472852e-01 7.422001779472713729e-18 -2.446286731501020866e-18 -2.231739278911609152e-20 9.999999999999982236e-01
4.712556978492106752e-01 -8.819852790555020583e-01 -4.476022121494004601e-03 -6.274996527011373360e+01 8.818599393130605035e-01 4.712659370949307536e-01 -1.521393994985253788e-02 3.032385794243669608e+01 1.552786783174680933e-02 3.222431291679109678e-03 9.998742427211287920e-01 -8.736180160285780261e-01 9.387308666234730134e-18 -3.032271128603029042e-18 -9.530972338966634935e-21 9.999999999999980016e-01
4.458498487106959396e-01 -8.950904984577140455e-01 -5.559853897252372244e-03 -6.250170499047716532e+01 8.948277596834667280e-01 4.458571319973055891e-01 -2.224181528112750827e-02 3.086024364681364318e+01 2.238733803954068638e-02 4.941398371096438792e-03 9.997371602964544302e-01 -8.699003002161738163e-01 1.091071084400781046e-17 -5.618579153709691195e-18 1.771038022413608694e-21 9.999999999999975575e-01
4.226494817467083553e-01 -9.062737010153784079e-01 -5.949321567570401738e-03 -6.226221357102722465e+01 9.060188991046959073e-01 4.226739483854133894e-01 -2.182860099489997846e-02 3.141934746547866908e+01 2.229731024881418180e-02 3.835649120680564069e-03 9.997440261144177054e-01 -8.631533392123470483e-01 1.247568971148969858e-17 -8.578994638430133580e-18 1.080627158382812266e-20 9.999999999999968914e-01
4.032091632825617888e-01 -9.150934657815682494e-01 -5.130256215747872398e-03 -6.203164734431042859e+01 9.149838913074335167e-01 4.032404820375075083e-01 -1.419832011401197906e-02 3.199258437373285702e+01 1.506151695082006553e-02 1.030790977499900646e-03 9.998860375948213086e-01 -8.545742002078785537e-01 1.458622324766735839e-17 -1.159093200893244947e-17 2.120771491614881910e-20 9.999999999999961142e-01
3.858852469162308285e-01 -9.225436051580441221e-01 -2.423384901651253441e-03 -6.180240690477166510e+01 9.225278671193055668e-01 3.858928250736634591e-01 -5.390913184849456703e-03 3.257531968811813528e+01 5.908519330582692394e-03 -1.553662390895987758e-04 9.999825324777530389e-01 -8.491592690472244964e-01 1.594493652961749041e-17 -1.574101761381441971e-17 3.325420772118553862e-20 9.999999999999951150e-01
3.697364572301389818e-01 -9.291357774117877666e-01 1.288149168254359165e-03 -6.158061952588224131e+01 9.291351117325029607e-01 3.697380210711415094e-01 1.319060354735664825e-03 3.315988690554461726e+01 -1.701863892466593323e-03 7.091599189417893126e-04 9.999983003742889398e-01 -8.451660369968788666e-01 1.722476453505153731e-17 -2.056091934689346151e-17 5.994313209952221338e-20 9.999999999999942268e-01
3.555449251049809245e-01 -9.346579050716767867e-01 1.551360402200973590e-03 -6.136516592386764302e+01 9.346525080781559192e-01 3.555481699824609709e-01 3.191859227755505009e-03 3.376201147564111693e+01 -3.534879811084842404e-03 3.151335407728907611e-04 9.999937026379394078e-01 -8.464265868025907524e-01 1.895612334625905272e-17 -2.493359002353513802e-17 1.038373928892022517e-19 9.999999999999934497e-01
3.425529796211989608e-01 -9.394985004144158491e-01 1.545046283897793355e-04 -6.116326785558016610e+01 9.394961978106959322e-01 3.425524959024369154e-01 2.163758362480294045e-03 3.435917535402064260e+01 -2.085773682894118825e-03 -5.960453633306178872e-04 9.999976471362462815e-01 -8.521351649896682368e-01 1.931709900134847986e-17 -2.903419852977097953e-17 1.455806939780940579e-19 9.999999999999925615e-01
3.303476019912583439e-01 -9.438487017509668009e-01 -4.482193839621344440e-03 -6.096458496008320083e+01 9.438592654103564739e-01 3.303419076975052660e-01 1.977654618504016363e-03 3.497124685172938996e+01 -3.859502805377799397e-04 -4.883873645680294334e-03 9.999879993382676524e-01 -8.551704059913509681e-01 1.977314130064260546e-17 -3.131134751264690234e-17 1.829124115303387308e-19 9.999999999999916733e-01
3.199195550234550378e-01 -9.474147644210338948e-01 -7.532759826692906821e-03 -6.076923514721015351e+01 9.474446982076228929e-01 3.199106884842951581e-01 2.386468471694997394e-03 3.559921268284858797e+01 1.488349174335150947e-04 -7.900351292212063475e-03 9.999687806614675489e-01 -8.596655853204947517e-01 2.016146233732403382e-17 -3.410776010222765032e-17 2.052265220081350915e-19 9.999999999999906741e-01
3.118455709676440923e-01 -9.500853264230653128e-01 -9.498019973425364526e-03 -6.057326421595814736e+01 9.501326891759879212e-01 3.118348061529489512e-01 2.631849303270072157e-03 3.623276085864465301e+01 4.613318128548017974e-04 -9.845109807874855012e-03 9.999514293133356935e-01 -8.630409520077787500e-01 2.092722243550939730e-17 -3.782427787935175011e-17 2.077902500642001107e-19 9.999999999999896749e-01
3.058358835393332753e-01 -9.520187591860460596e-01 -1.116666904445444419e-02 -6.037777889673596832e+01 9.520828116515811512e-01 3.058347483719263682e-01 1.851066151779006850e-03 3.687030556457357022e+01 1.652905716374013364e-03 -1.119771611264352290e-02 9.999359374762494257e-01 -8.625753847176241829e-01 2.145769296354961393e-17 -4.213463738286617660e-17 2.027820975580738178e-19 9.999999999999884537e-01
3.012426656297656491e-01 -9.534610286188446304e-01 -1.284224705167069137e-02 -6.017920890850750482e+01 9.535452774320163360e-01 3.012437910341491665e-01 1.892683404948276556e-03 3.751969050524155591e+01 2.064047321109376779e-03 -1.281582102183293631e-02 9.999157436705077284e-01 -8.642655985072558167e-01 2.217264641491522981e-17 -4.803744654557248475e-17 1.855056135540402634e-19 9.999999999999870104e-01
2.979463251034156768e-01 -9.544949009976152476e-01 -1.294107131912933077e-02 -5.997913341483448590e+01 9.545795137814689912e-01 2.979525842267541913e-01 1.486412234685917074e-03 3.817287803250962952e+01 2.437052743408117499e-03 -1.279615263053614227e-02 9.999151560266167360e-01 -8.687931653914546803e-01 2.268935319622154374e-17 -5.394817981101827651e-17 1.493659227979086645e-19 9.999999999999853451e-01
2.957483235240027653e-01 -9.551914036408859499e-01 -1.192944019037558805e-02 -5.977779302506856141e+01 9.552576040724419792e-01 2.957747226144080699e-01 -4.725718419313080631e-04 3.883348690019838756e+01 3.979823424268325721e-03 -1.125592612418433065e-02 9.999287300265701228e-01 -8.731654329541042037e-01 2.206666479500269166e-17 -5.618047685975158564e-17 9.740373679473476099e-20 9.999999999999839018e-01
2.949014551977859888e-01 -9.554629475102872638e-01 -1.112149527442401684e-02 -5.956958326486872579e+01 9.555149342938228374e-01 2.949376459826121843e-01 -1.730700351380196154e-03 3.950259409327212978e+01 4.933767695031608148e-03 -1.011636877425286553e-02 9.999366565033535048e-01 -8.728348922646009811e-01 2.147790592826556730e-17 -6.154882986074505706e-17 3.916922575160284747e-20 9.999999999999822364e-01
2.945950861992531755e-01 -9.555603431199763964e-01 -1.087041138321130467e-02 -5.936593830280328632e+01 9.556116152597404767e-01 2.946262394270435236e-01 -1.349007690400185746e-03 4.018506682926861373e+01 4.491766678370339404e-03 -9.990480343606980909e-03 9.999400053676031908e-01 -8.721165872013328935e-01 1.887115795516942366e-17 -6.429375007559960550e-17 5.619601526512084605e-21 9.999999999999806821e-01
2.935325762206965616e-01 -9.558708676645953917e-01 -1.222747101096487155e-02 -5.915733820552242861e+01 9.559445728463059622e-01 2.935464216407312477e-01 6.870135492755382375e-04 4.086999838146566333e+01 2.932634123540758721e-03 -1.189044540957997532e-02 9.999250056704305223e-01 -8.725261549452146825e-01 1.740235008282165796e-17 -6.635094763555318432e-17 -3.131967181006969723e-20 9.999999999999789058e-01
2.930471388823333578e-01 -9.560388095691120247e-01 -1.063809148766450136e-02 -5.895093911526581820e+01 9.560977186030671371e-01 2.930204669759799985e-01 4.019753125497882093e-03 4.156700400531251915e+01 -7.258614574143971120e-04 -1.134903215408220555e-02 9.999353342062982097e-01 -8.732191458261252537e-01 1.622119869647400171e-17 -6.867539970882295090e-17 -1.123815621544704707e-19 9.999999999999771294e-01
2.924404114629628459e-01 -9.562613717959892456e-01 -6.541754670507380839e-03 -5.873314098427328389e+01 9.562796237849621184e-01 2.924122180316274244e-01 4.937193485792144669e-03 4.227140716384675301e+01 -2.808358422524011386e-03 -7.699581589658217699e-03 9.999664142191309057e-01 -8.775866408045494005e-01 1.490123810857785246e-17 -7.091302783351890268e-17 -1.979555850651477252e-19 9.999999999999754641e-01
2.919573890940623806e-01 -9.564291820282673218e-01 -2.025516738452558859e-03 -5.850865472939673140e+01 9.564306277897454134e-01 2.919539604984489611e-01 1.827340960142774095e-03 4.297433623839480532e+01 -1.156364585948510201e-03 -2.470771941458623378e-03 9.999962790465322104e-01 -8.837967083038054117e-01 1.299298867023354131e-17 -7.187024606803473923e-17 -2.553265784946332399e-19 9.999999999999737987e-01
2.915622874327591374e-01 -9.565518146342271155e-01 2.417992577561222528e-04 -5.828871367737665565e+01 9.565475426240127588e-01 2.915602084928045623e-01 -3.073031661933350953e-03 4.368232325250057357e+01 2.869014970646907928e-03 1.127272626528454244e-03 9.999952489934524902e-01 -8.843860803935365000e-01 1.318681534399281737e-17 -7.466399872894292028e-17 -3.206201507806379134e-19 9.999999999999720224e-01
2.912851847371420444e-01 -9.566300445177954304e-01 -3.449504089615472099e-03 -5.807157660437570712e+01 9.566158785419652810e-01 2.913006240296659444e-01 -5.477897526622346226e-03 4.440926082023821664e+01 6.245164048655461701e-03 -1.704219992200765432e-03 9.999790465605657985e-01 -8.847302779341688073e-01 1.454447041128796095e-17 -7.982936358755548079e-17 -3.783120127142211508e-19 9.999999999999700240e-01
2.909199227565029688e-01 -9.566982435185411582e-01 -9.698937664572764364e-03 -5.785244728061941544e+01 9.566997143255939751e-01 2.909916911149664220e-01 -7.035077212123976194e-03 4.514768528650412094e+01 9.552756284889742794e-03 -7.232326773813362204e-03 9.999282165719465265e-01 -8.860353910781039177e-01 1.676072884271342776e-17 -8.587831961620860276e-17 -4.627291543758035384e-19 9.999999999999681366e-01
2.904323210948817624e-01 -9.568565127125193692e-01 -8.641813641061306395e-03 -5.762849017660461470e+01 9.568462335696730214e-01 2.904971886758274668e-01 -7.527859919892136015e-03 4.588182025744540482e+01 9.713504358926056820e-03 -6.082553004240630508e-03 9.999343230342557787e-01 -8.868175928729585822e-01 1.967092475710518283e-17 -8.966149454232391955e-17 -5.773142600358511481e-19 9.999999999999661382e-01
2.897665646178442245e-01 -9.570889216488901452e-01 -4.016725839069436831e-03 -5.739348235643003449e+01 9.570612479340656620e-01 2.897895343093371823e-01 -7.469505182341247551e-03 4.662765356747061674e+01 8.312985770571474850e-03 -1.679839788057594470e-03 9.999640355561897342e-01 -8.877208446928750440e-01 2.274098741073493599e-17 -9.274153178009663069e-17 -6.910790172002040312e-19 9.999999999999644729e-01
2.901606839670439753e-01 -9.569684807513035851e-01 -4.254918124520328838e-03 -5.716358957462576740e+01 9.569660762086000805e-01 2.901763580092389661e-01 -3.689205661609887190e-03 4.738738905515599242e+01 4.765130182172222853e-03 -3.001349864134110566e-03 9.999841425909196113e-01 -8.839580923638157284e-01 2.665514692072105616e-17 -9.603758805470319365e-17 -7.820574895126145631e-19 9.999999999999625855e-01
2.912971287377904006e-01 -9.566152551193407572e-01 -5.765107284595701390e-03 -5.693341378260207364e+01 9.566325154258016328e-01 2.912888961519557451e-01 2.238170834260541121e-03 4.816018706955345152e+01 -4.617566264880067781e-04 -6.167061820998122508e-03 9.999808768817889382e-01 -8.826463969491714634e-01 3.236818717322985989e-17 -1.009735207455073031e-16 -8.733546483405731353e-19 9.999999999999606981e-01
2.911037509317376260e-01 -9.566582251351732902e-01 -7.977874066237847922e-03 -5.669665774662397695e+01 9.566793510869832096e-01 2.910479284728021421e-01 7.464752875000779143e-03 4.894543020728015392e+01 -4.819273515874362979e-03 -9.805284946424340856e-03 9.999403137137024000e-01 -8.905728228517779677e-01 3.724845328500147363e-17 -1.042915959179068873e-16 -9.384394621338155870e-19 9.999999999999585887e-01
2.908451041901244372e-01 -9.567633486566787804e-01 -3.608328673527806067e-03 -5.645300805293231861e+01 9.567386620948078457e-01 2.908028648014068795e-01 9.210118149992937986e-03 4.972681771087417957e+01 -7.762591167302312738e-03 -6.130945320438168679e-03 9.999510756471073902e-01 -9.048932151005122382e-01 4.202113200927536983e-17 -1.064271167986985997e-16 -9.847340884789590362e-19 9.999999999999564793e-01
2.902973715215734218e-01 -9.569332029883336199e-01 2.506213493413206751e-03 -5.620763282269628291e+01 9.569016897638039643e-01 2.903081543229679706e-01 7.767345799741358359e-03 5.050718342103191105e+01 -8.160405308474194888e-03 1.433598574016781331e-04 9.999666930618807958e-01 -9.146403125064838102e-01 4.566647540106334099e-17 -1.071651965915830346e-16 -1.027287065029985328e-18 9.999999999999543698e-01
2.895756771304461297e-01 -9.571539881134888406e-01 1.473177791513970679e-03 -5.596885173498240107e+01 9.571352728065831705e-01 2.895792411313898307e-01 5.994385309612920015e-03 5.129821232898731864e+01 -6.164151512300496821e-03 -3.257977576282622217e-04 9.999809483644760411e-01 -9.179172911783699540e-01 4.955758915567053199e-17 -1.105343625559158630e-16 -1.073056360016567799e-18 9.999999999999520384e-01
2.901719917842429108e-01 -9.569515150578227214e-01 -6.634230356247224937e-03 -5.573829478081217559e+01 9.569690689422948315e-01 2.901399886776421799e-01 5.384055892990210861e-03 5.210798906281240050e+01 -3.227424923504157699e-03 -7.911055469502442303e-03 9.999634987986736334e-01 -9.286308017479193433e-01 5.358274078036239542e-17 -1.135450591517852181e-16 -1.120392295776984492e-18 9.999999999999497069e-01
2.893971312849489275e-01 -9.571683538888750009e-01 -8.834178944250380833e-03 -5.549306867981879776e+01 9.572082987364531892e-01 2.893966511149662080e-01 1.360571023524823021e-03 5.290840547986748987e+01 1.254286274882950025e-03 -8.849894749065114266e-03 9.999600522665071933e-01 -9.377399633248795219e-01 5.759960773835986756e-17 -1.196628183298369946e-16 -1.228450260290658223e-18 9.999999999999472644e-01
2.884867570648037560e-01 -9.574514047489637303e-01 -7.886605250898796188e-03 -5.524513899645312875e+01 9.574679454729857486e-01 2.885196963260374670e-01 -3.393850861885339479e-03 5.371350235945175200e+01 5.524888227256553354e-03 -6.572090697214980244e-03 9.999631409376600333e-01 -9.409730529846728198e-01 6.138713689112994532e-17 -1.266083243202931188e-16 -1.380763393730969453e-18 9.999999999999445999e-01
2.886181785091095908e-01 -9.573938183971842930e-01 -9.829726794616720081e-03 -5.500256782681171330e+01 9.574188428239116533e-01 2.886701357036762783e-01 -4.325755257213202698e-03 5.452323070014021766e+01 6.978999910890672405e-03 -8.162674049950814290e-03 9.999423304933970913e-01 -9.377300049182465402e-01 6.634283777655717107e-17 -1.342775516257431088e-16 -1.511912092370386894e-18 9.999999999999418243e-01
2.889046227108765241e-01 -9.572367426965258108e-01 -1.522949138825419220e-02 -5.476624411967529227e+01 9.573448131843972364e-01 2.889472492359737577e-01 -6.291485503864313643e-04 5.535155591130281039e+01 5.002763752946530126e-03 -1.439811066338974981e-02 9.998838266339379333e-01 -9.368002635603066564e-01 7.023283446826768234e-17 -1.380404189561775927e-16 -1.653579734328782839e-18 9.999999999999392708e-01
2.890505336474962772e-01 -9.572330111874453040e-01 -1.243990719529107156e-02 -5.451762405906737285e+01 9.573137827697317803e-01 2.890216022729670264e-01 4.103015802614080020e-03 5.617936330561693126e+01 -3.321402619720051526e-04 -1.309487352172488024e-02 9.999142033045975708e-01 -9.368860256843909440e-01 7.387002609859773567e-17 -1.419687898443116083e-16 -1.819689752917650234e-18 9.999999999999368283e-01
2.881686333920882581e-01 -9.575612868750493778e-01 -5.934695194397923354e-03 -5.426142964470911778e+01 9.575637123846657550e-01 2.881225068695015268e-01 7.560275083141735665e-03 5.700694090021809757e+01 -5.529507480821499281e-03 -7.861482900982890223e-03 9.999538097500257905e-01 -9.411995495504130727e-01 7.693916603109036034e-17 -1.431402455383334729e-16 -1.929037232939922479e-18 9.999999999999346079e-01
2.876401523972829111e-01 -9.576953310699203303e-01 -9.099207419324718826e-03 -5.401361126221359399e+01 9.577063041202487081e-01 2.875395146645197686e-01 1.093903811247432661e-02 5.784894171249923289e+01 -7.859884041523415923e-03 -1.186087489772331797e-02 9.998987658105642495e-01 -9.519930387654060855e-01 7.999655063332329419e-17 -1.439337201776782721e-16 -2.024054967091577159e-18 9.999999999999323874e-01
2.881771245075956389e-01 -9.575220253483585076e-01 -1.027209244648391410e-02 -5.376703402685804178e+01 9.575492366028610647e-01 2.880702866285819175e-01 1.072238047284725104e-02 5.867801215169409801e+01 -7.307830851577574484e-03 -1.292597905297220538e-02 9.998897512594794312e-01 -9.651707861467508920e-01 8.339134362142516572e-17 -1.444013981251326364e-16 -2.114148637698974741e-18 9.999999999999300559e-01
2.864477597323679126e-01 -9.580774871020505401e-01 -5.933772193766968100e-03 -5.351058913283255691e+01 9.580923069387535795e-01 2.864243313945618041e-01 4.498196299994807086e-03 5.950741605599471740e+01 -2.610043874337764774e-03 -6.973599742929968877e-03 9.999722779045316923e-01 -9.648227869458309014e-01 8.738220563394549699e-17 -1.430077515390274350e-16 -2.222760561717773079e-18 9.999999999999277245e-01
2.858968460504300868e-01 -9.582473886086841919e-01 -4.993560150434533940e-03 -5.325923811470505598e+01 9.582582541644808494e-01 2.859033511198913469e-01 -6.262140643405558239e-04 6.034415718853733068e+01 2.027743572898355311e-03 -4.606087605857065934e-03 9.999873360262868660e-01 -9.695822815667901606e-01 9.111022791416632151e-17 -1.391819876387763489e-16 -2.312708235781646778e-18 9.999999999999256151e-01
2.858974536706447855e-01 -9.582303441794757237e-01 -7.566602820875407108e-03 -5.301138785202057591e+01 9.582533853769275023e-01 2.859163211860609732e-01 -1.518780129766405694e-03 6.119279824253625577e+01 3.618756448905749695e-03 -6.816507397103865711e-03 9.999702194708849357e-01 -9.757769223480804444e-01 9.478020215256603136e-17 -1.358024728226447821e-16 -2.421585569071196802e-18 9.999999999999231726e-01
2.851606196496228596e-01 -9.584607516552955397e-01 -6.033948734886878697e-03 -5.275947658361653936e+01 9.584795696510146623e-01 2.851587216030024297e-01 1.190821288737240391e-03 6.204113081704303312e+01 5.792776399744540769e-04 -6.122991923281998969e-03 9.999810865247926728e-01 -9.779542973369889092e-01 9.853580692768609496e-17 -1.316663402182711032e-16 -2.536274723978066164e-18 9.999999999999208411e-01
2.845079037645771858e-01 -9.586723251368917120e-01 -1.620404900151072155e-03 -5.250401678224306323e+01 9.586666818652157529e-01 2.844989510750677852e-01 4.305800589563132941e-03 6.288844698388682275e+01 -3.666848368355521328e-03 -2.778462488653815100e-03 9.999894171286142219e-01 -9.818176904088459223e-01 1.020217140119194997e-16 -1.282916375415984954e-16 -2.657870586967609273e-18 9.999999999999183986e-01
2.836782078282687469e-01 -9.589193277426577566e-01 6.303053561359340607e-04 -5.225348833703159812e+01 9.588978732856434650e-01 2.836761564713598527e-01 6.535048423679169771e-03 6.374418675108920951e+01 -6.445386842024813587e-03 -1.249452359363751068e-03 9.999784476963703428e-01 -9.832009815634850103e-01 1.064049006083244602e-16 -1.278925560174901278e-16 -2.772700362980581963e-18 9.999999999999158451e-01
2.835671190923160223e-01 -9.589395874328139335e-01 -4.955464035056333406e-03 -5.200906261188294621e+01 9.589460293154427051e-01 2.835426280175101232e-01 5.107930800492621083e-03 6.459439903516633308e+01 -3.493111758906731860e-03 -6.200463781433639826e-03 9.999746758889040965e-01 -9.837908547860106934e-01 1.115611428676971140e-16 -1.242782086912207138e-16 -2.870484378721724783e-18 9.999999999999132916e-01
2.835789202293926836e-01 -9.589411977809598753e-01 -3.843852219589124694e-03 -5.175689711301850338e+01 9.589484217025221469e-01 2.835805105506477020e-01 1.361986328492012109e-04 6.544452833722465357e+01 9.594350947989915921e-04 -3.724679080454072061e-03 9.999926030976580282e-01 -9.907918983443499972e-01 1.167210437786260473e-16 -1.199603094325309842e-16 -2.960207777310284345e-18 9.999999999999106270e-01
2.831206396112818102e-01 -9.590809750569013747e-01 -2.527194084487126031e-03 -5.150271770889092693e+01 9.590748501390470304e-01 2.831285657950330381e-01 -3.694192957073013078e-03 6.629711743518338096e+01 4.258551019951974277e-03 -1.377866014978149957e-03 9.999899830640505138e-01 -1.000355147037508274e+00 1.199822371472928401e-16 -1.145723752541684172e-16 -3.072533267234347008e-18 9.999999999999079625e-01
2.836331172863174044e-01 -9.589222734377070845e-01 -4.508689770475635301e-03 -5.125740484649667650e+01 9.589309702981858585e-01 2.836387855382542234e-01 -6.584385753298166791e-04 6.715338424062302636e+01 1.910230706448309531e-03 -4.136767270693801971e-03 9.999896190337089763e-01 -1.003352728211720502e+00 1.224673685362654116e-16 -1.096588655784902137e-16 -3.188142019243290647e-18 9.999999999999051870e-01
2.839317106356852860e-01 -9.588346430522487474e-01 -4.348675465496687834e-03 -5.100807889352024915e+01 9.588357292775713248e-01 2.839067887007136193e-01 5.565931224048422700e-03 6.801888641047520423e+01 -4.102189191945293870e-03 -5.750009785056520162e-03 9.999750544045047373e-01 -9.959643443421640763e-01 1.256847368618622495e-16 -1.050217712122264484e-16 -3.284456377238135175e-18 9.999999999999024114e-01
2.831418185515463537e-01 -9.590720417361859873e-01 -3.395489250901706328e-03 -5.075497900644506188e+01 9.590455718156498666e-01 2.831013181287612701e-01 9.232272447580959843e-03 6.887574349065175738e+01 -7.893146903535709982e-03 -5.870471340377348204e-03 9.999516167286237600e-01 -9.893807876204405716e-01 1.296453490559008784e-16 -1.004152558659451553e-16 -3.353363236424885607e-18 9.999999999998997469e-01
2.832859679596975711e-01 -9.590284943765139403e-01 -3.661602245322677016e-03 -5.050612024243952192e+01 9.589935651125014449e-01 2.832358235179120443e-01 1.043121991629148218e-02 6.972385674768692354e+01 -8.966740203473913887e-03 -6.466471222233849056e-03 9.999388892927626449e-01 -9.960160299132272410e-01 1.353970373751654805e-16 -9.433692386397011947e-17 -3.397487496634660217e-18 9.999999999998969713e-01
2.836091082361073545e-01 -9.589284979970745804e-01 -4.691423509515943446e-03 -5.025265731527864688e+01 9.588847466220772331e-01 2.835368753921085339e-01 1.211952921501811831e-02 7.059026217653497781e+01 -1.029157038355119590e-02 -7.935743316112478518e-03 9.999155502126416684e-01 -1.014208045356002952e+00 1.417927147043427590e-16 -9.118535941147730396e-17 -3.429376358829374693e-18 9.999999999998940847e-01
2.836798864939763520e-01 -9.588938079015332239e-01 -6.956088470873217182e-03 -5.000823839078104527e+01 9.588693726773641623e-01 2.835839007499331155e-01 1.223508793471610179e-02 7.144546469718179083e+01 -9.759515357189649243e-03 -1.014082854489886491e-02 9.999009528230310417e-01 -1.026629218229891727e+00 1.465606455636972653e-16 -8.814819839685083970e-17 -3.457672096482415612e-18 9.999999999998913092e-01
2.838247376374281594e-01 -9.588279447840737379e-01 -9.617203655383748523e-03 -4.976258145180424464e+01 9.588580390305928569e-01 2.837434082598920271e-01 8.996624670840976459e-03 7.229391940506825165e+01 -5.897397000019717270e-03 -1.177499767476252249e-02 9.999132813091211602e-01 -1.034829741814912385e+00 1.520898857052884073e-16 -8.708746236121518517e-17 -3.525648748954128778e-18 9.999999999998884226e-01
2.838340169300320182e-01 -9.588230171412254199e-01 -9.832224240553735436e-03 -4.950728056910605801e+01 9.588702176692114332e-01 2.838446783166199694e-01 3.228905956129040971e-04 7.313164455260866248e+01 2.481229591613115862e-03 -9.519474332471928452e-03 9.999516103832916114e-01 -1.032391491388424898e+00 1.580843789065385234e-16 -8.783138743432504786e-17 -3.641590789665929504e-18 9.999999999998854250e-01
2.833875633376469194e-01 -9.589598013730062931e-01 -9.358861904865428682e-03 -4.925542348097716427e+01 9.589632065584615672e-01 2.834531979050536887e-01 -6.622164639763205782e-03 7.397755767751448275e+01 9.003189023301027757e-03 -7.098165120720828329e-03 9.999342771599148971e-01 -1.031373957695566723e+00 1.647976534708996451e-16 -9.182447323819016488e-17 -3.798282464888833518e-18 9.999999999998820943e-01
2.836363202037185949e-01 -9.588820200118470805e-01 -9.783126251532782078e-03 -4.900490106659826495e+01 9.588947363522500877e-01 2.837004089909200277e-01 -5.912912509077873809e-03 7.482881435817853344e+01 8.445262409636240114e-03 -7.703871521879034068e-03 9.999346618186605307e-01 -1.025084965928696690e+00 1.723998014876103155e-16 -9.664737962545429623e-17 -3.993322087958491879e-18 9.999999999998785416e-01
2.838390363728404697e-01 -9.588346645082034270e-01 -8.455032131182619801e-03 -4.875202237066115885e+01 9.588693968629506958e-01 2.838475651570547820e-01 1.987815387929011974e-04 7.568842440716970543e+01 2.209341653711248844e-03 -8.163693520480186372e-03 9.999642358192377678e-01 -1.016641316485145552e+00 1.785711160348990111e-16 -9.975642176039275556e-17 -4.164301917736726655e-18 9.999999999998749889e-01
2.835986519019539909e-01 -9.589126824948809302e-01 -7.633609226875547396e-03 -4.850197865556395271e+01 9.589309630966820208e-01 2.835460917089403510e-01 7.281613218438454972e-03 7.654830080736284970e+01 -4.817951202259182497e-03 -9.385159940229209283e-03 9.999443515111726688e-01 -1.013641050633616647e+00 1.844467352338652017e-16 -1.048958551201567371e-16 -4.303664519217696337e-18 9.999999999998712141e-01
2.834439913966204649e-01 -9.589599216489422817e-01 -7.441264151436524296e-03 -4.825166634645149344e+01 9.589480161360253163e-01 2.833518515763944201e-01 1.142061981761788997e-02 7.740305970346827280e+01 -8.843420710096184384e-03 -1.037289156087038353e-02 9.999070941996566209e-01 -1.017886717295585219e+00 1.894870552385394201e-16 -1.121111238966646066e-16 -4.408394898258445571e-18 9.999999999998673283e-01
2.833073065257605827e-01 -9.590015231740397494e-01 -7.283448287538758954e-03 -4.799910691027719167e+01 9.589873351665640921e-01 2.832158290909171927e-01 1.149283004684618741e-02 7.825491259512290299e+01 -8.958853675098975983e-03 -1.024073738899726124e-02 9.999074288345636274e-01 -1.025896930696960530e+00 1.948498732974759557e-16 -1.189438015934242072e-16 -4.502654735213723762e-18 9.999999999998634426e-01
2.839476444033725566e-01 -9.587842988051329396e-01 -1.031521218848937584e-02 -4.775355727750702073e+01 9.588218809631676720e-01 2.838601660129276838e-01 9.165518936523901067e-03 7.910471227689060925e+01 -5.859677802446487498e-03 -1.249297866483783069e-02 9.999047902976172519e-01 -1.037562228382671092e+00 1.998833676239886368e-16 -1.252826800008048572e-16 -4.589779269212851165e-18 9.999999999998598899e-01
2.842617023020285183e-01 -9.586599195947703711e-01 -1.290128547355649108e-02 -4.750179090815360894e+01 9.587403775774049342e-01 2.841851133941071805e-01 7.463894956586945503e-03 7.995403540469382619e+01 -3.488983663702578761e-03 -1.449068279228934823e-02 9.998889173829248467e-01 -1.047606677151893040e+00 2.042095915984557808e-16 -1.317806329594085093e-16 -4.720055191458881736e-18 9.999999999998561151e-01
2.834368024495496075e-01 -9.589032006639386374e-01 -1.297038062657008065e-02 -4.724874692140974020e+01 9.589862866165030919e-01 2.833674790083431372e-01 6.940743616915049513e-03 8.081482199689297374e+01 -2.980117209307050000e-03 -1.440567933045183886e-02 9.998917917977103720e-01 -1.052911076931194456e+00 2.079956757307763296e-16 -1.366489013232886663e-16 -4.819249583630135381e-18 9.999999999998524514e-01
2.824794393458151531e-01 -9.591894444310962164e-01 -1.268763330205513115e-02 -4.699791908370091420e+01 9.592631709547612129e-01 2.823907920298678875e-01 8.343226388439962948e-03 8.167275568029423027e+01 -4.419863867127477898e-03 -1.452756926575630471e-02 9.998847006203325227e-01 -1.059465588567038763e+00 2.124411234042577728e-16 -1.418768319588951388e-16 -4.906509582096733637e-18 9.999999999998485656e-01
2.824305835189144798e-01 -9.591863900782510166e-01 -1.394398012716416974e-02 -4.675160791060845611e+01 9.592547204447869902e-01 2.822704235885122315e-01 1.240118024882083843e-02 8.252435905364289681e+01 -7.959070138560200153e-03 -1.687830133274247427e-02 9.998258729131971334e-01 -1.061948876724314816e+00 2.168646118301549788e-16 -1.486682155693735805e-16 -5.005328749905678042e-18 9.999999999998446798e-01
2.822208538398524591e-01 -9.592514561360200309e-01 -1.371253290964293513e-02 -4.650210592714061875e+01 9.593021882575620829e-01 2.820362210002529957e-01 1.396000172486627777e-02 8.337733879757634270e+01 -9.523721020050000471e-03 -1.709426643314588060e-02 9.998085240649978722e-01 -1.065068088987817019e+00 2.203132475208040434e-16 -1.546892721387525504e-16 -5.131404994112232794e-18 9.999999999998404610e-01
2.812198908212156789e-01 -9.595610996167538431e-01 -1.256459743717008339e-02 -4.624549904956499091e+01 9.596013695616323336e-01 2.810610052303360029e-01 1.303544684165168499e-02 8.422785976476004066e+01 -8.976889319352900076e-03 -1.572283184628732108e-02 9.998360905752825545e-01 -1.075005600980410536e+00 2.233400205503307582e-16 -1.597271816889996874e-16 -5.212761148618827933e-18 9.999999999998362421e-01
2.806009985478285507e-01 -9.597153356976050320e-01 -1.447598151291585103e-02 -4.600667748075553476e+01 9.597944756629782637e-01 2.804410052301273826e-01 1.214113142804163284e-02 8.507851703943543953e+01 -7.592371217024222914e-03 -1.730078068807766253e-02 9.998215035129357497e-01 -1.088221150727378239e+00 2.256272157705779578e-16 -1.643379466642551672e-16 -5.291418222539165795e-18 9.999999999998321343e-01
2.798978083073169754e-01 -9.599236089521224757e-01 -1.427872126838184395e-02 -4.575850556849304951e+01 9.600035888919051796e-01 2.797493022483831249e-01 1.155150233571591335e-02 8.593638398849250848e+01 -7.094097499077278365e-03 -1.694086384882962162e-02 9.998313262309345140e-01 -1.101565800896076697e+00 2.279397983711778989e-16 -1.684764779876192288e-16 -5.370124286543026690e-18 9.999999999998281375e-01
2.784450417587679416e-01 -9.604052843827532993e-01 -9.489386155452163990e-03 -4.550485016714752362e+01 9.604356563031838379e-01 2.783687391174696768e-01 8.613662614030508091e-03 8.678083186712413521e+01 -5.631058633298907656e-03 -1.151237646635655532e-02 9.999178748110992831e-01 -1.099670309586362027e+00 2.303522038392403174e-16 -1.679690755188882387e-16 -5.427069613990348090e-18 9.999999999998245848e-01
2.771114544687072190e-01 -9.607275874362342094e-01 -1.455144464158913443e-02 -4.526384311333171695e+01 9.608369839048874761e-01 2.770599339419747564e-01 5.484830410493524155e-03 8.762925477101634897e+01 -1.237805596597809374e-03 -1.550147551341949856e-02 9.998790787361193644e-01 -1.103658609276791491e+00 2.316757404643314447e-16 -1.689430788869309471e-16 -5.436275584884528500e-18 9.999999999998210320e-01
2.763699330049115832e-01 -9.607971223453972698e-01 -2.210316320419868780e-02 -4.503664439432541400e+01 9.610434436275273606e-01 2.763877389491258829e-01 2.305909611433248733e-03 8.848132692406699107e+01 3.893531982590716679e-03 -2.187938416562083821e-02 9.997530359829930324e-01 -1.113241105464285452e+00 2.327338529222560752e-16 -1.701343648463015396e-16 -5.450591062240138449e-18 9.999999999998177014e-01
2.751063647795873313e-01 -9.611348139022145576e-01 -2.315939470028304664e-02 -4.479829189736356199e+01 9.614013087229820176e-01 2.751457393679353491e-01 1.531565673012582219e-03 8.933038576379203732e+01 4.900167690025773910e-03 -2.268681583877665831e-02 9.997306120869184909e-01 -1.115047233532210802e+00 2.328728899181302874e-16 -1.679694469688150090e-16 -5.387688269933083911e-18 9.999999999998144817e-01
2.736716902433634080e-01 -9.615812213029025779e-01 -2.157222280913389731e-02 -4.456029352836850421e+01 9.618204286341331954e-01 2.736555955891704084e-01 3.752074731148238081e-03 9.018507170298551046e+01 2.295434878631876299e-03 -2.177544122243364397e-02 9.997602518295390928e-01 -1.101854327868243111e+00 2.328645307276086408e-16 -1.622643963247843542e-16 -5.262365047973884890e-18 9.999999999998110400e-01
2.732517820198980263e-01 -9.617580519221307078e-01 -1.883913973265160038e-02 -4.432210959196013533e+01 9.619406005894433065e-01 2.731594241201758533e-01 7.362740790842853440e-03 9.103832320046049631e+01 -1.935086679503539948e-03 -2.013401543063262494e-02 9.997954175040800751e-01 -1.092305053052443853e+00 2.331333989743094756e-16 -1.541433015696065257e-16 -5.105580045267700434e-18 9.999999999998079314e-01
2.722096028728737682e-01 -9.620374561930672419e-01 -1.964344637107659497e-02 -4.408857671935849254e+01 9.622291218582734729e-01 2.720627703109570472e-01 9.847134536479911285e-03 9.189674152163826193e+01 -4.129061822081380242e-03 -2.158198073349114690e-02 9.997585553302670291e-01 -1.096967624225005045e+00 2.329294169942945801e-16 -1.458694747690570628e-16 -4.907204818793185281e-18 9.999999999998048228e-01
2.712792527916666474e-01 -9.623393098501761278e-01 -1.762440699286929591e-02 -4.385906812216678219e+01 9.624877581394813975e-01 2.711352287435215280e-01 1.014904753302433259e-02 9.274783217506009692e+01 -4.988229777071128204e-03 -1.971650200637906775e-02 9.997931671662374509e-01 -1.107224110087847047e+00 2.284801337402162933e-16 -1.399863077511741573e-16 -4.753935680804969848e-18 9.999999999998013811e-01
2.698011207355023866e-01 -9.628103582707683294e-01 -1.426776984500905884e-02 -4.362417846687289114e+01 9.628950734082419860e-01 2.696677727614739117e-01 1.060046885725738665e-02 9.359695696256081021e+01 -6.358683501900517197e-03 -1.659838367025969277e-02 9.998420179226459314e-01 -1.119586253369570628e+00 2.254713339117456241e-16 -1.304646700732760334e-16 -4.607133631352095864e-18 9.999999999997980504e-01
2.690342557577029559e-01 -9.630231018215977823e-01 -1.439008640613218849e-02 -4.339839172652573751e+01 9.630958054141689484e-01 2.688674896049937368e-01 1.251968957801689701e-02 9.444743585632515703e+01 -8.187723884032363855e-03 -1.722725722520046521e-02 9.998180748446512389e-01 -1.125877008845876492e+00 2.237695351611420670e-16 -1.228912885893133485e-16 -4.521877173431794403e-18 9.999999999997943867e-01
2.687082928961659345e-01 -9.630293360343563647e-01 -1.924451262109511812e-02 -4.318019767139186627e+01 9.631875538906807810e-01 2.684771754334630001e-01 1.377469786750563224e-02 9.529809613727788076e+01 -8.098725750295715509e-03 -2.223745058643681119e-02 9.997199139922160471e-01 -1.123937645959622422e+00 2.222360484108872446e-16 -1.171759107445307284e-16 -4.454015695662317878e-18 9.999999999997909450e-01
2.683978834969130145e-01 -9.630146101899668132e-01 -2.377891282231968384e-02 -4.296243403226858248e+01 9.632825796944451957e-01 2.681291524278461846e-01 1.390788537199351589e-02 9.615252919559858924e+01 -7.017677069356473632e-03 -2.663865948354198279e-02 9.996204950026955638e-01 -1.127803430449243915e+00 2.212045208181450242e-16 -1.134495233333526965e-16 -4.383077542146049045e-18 9.999999999997876143e-01
2.687012834542596429e-01 -9.628635659389157553e-01 -2.633198924115126571e-02 -4.273503047624858198e+01 9.632106922414416239e-01 2.684559856155712687e-01 1.251183994911640729e-02 9.700045143953730076e+01 -4.978214704895080576e-03 -2.872520103773251038e-02 9.995749497679777829e-01 -1.135371874798940972e+00 2.187719917231662301e-16 -1.108341062378264155e-16 -4.423746501361135032e-18 9.999999999997839506e-01
2.702710226425960038e-01 -9.623907874905446302e-01 -2.752356214265698833e-02 -4.250310600913037717e+01 9.627735714717825521e-01 2.700227102398401469e-01 1.244130339536101033e-02 9.784421453046938666e+01 -4.541408926838816015e-03 -2.986148201534901542e-02 9.995437296570697239e-01 -1.148926020390290459e+00 2.195080302416316954e-16 -1.071367174403080055e-16 -4.423595798256593970e-18 9.999999999997803979e-01
2.714024793540468772e-01 -9.620975077486417781e-01 -2.662855205025005390e-02 -4.226468362175942417e+01 9.624376908924678897e-01 2.710786299122218135e-01 1.516797792919436297e-02 9.869677980102791537e+01 -7.374642356918701888e-03 -2.974494896378991268e-02 9.995303160290870403e-01 -1.161780180859426137e+00 2.205945815062383067e-16 -1.043779097336353233e-16 -4.524351673892739459e-18 9.999999999997767341e-01
