7.775192876295771160e-01 -6.285065213852729649e-01 2.105492674361907415e-02 -6.596056216685337859e+01 6.275435963573140485e-01 7.776223012250215172e-01 3.863406927094142213e-02 2.570681525029703351e+01 -4.065454507093438363e-02 -1.682584956804356741e-02 9.990315804574894099e-01 -8.845744257058812954e-01 -4.809208017785018303e-24 -1.416202385148814181e-23 -3.430527606006730092e-24 9.999999999999997780e-01
7.494094704320669598e-01 -6.615351643648128555e-01 2.750767048569772999e-02 -6.556593989273400780e+01 6.607841421851624597e-01 7.498913890416865069e-01 3.205030542366653357e-02 2.608466509038868963e+01 -4.183016929620868296e-02 -5.842169969332049878e-03 9.991076548534195689e-01 -8.931450009560959469e-01 -4.809208017785018303e-24 -1.416202385148814181e-23 -3.430527606006730092e-24 9.999999999999997780e-01
7.210354579123580132e-01 -6.928040327243383256e-01 1.142106273564002204e-02 -6.520412677801000711e+01 6.924488029891124885e-01 7.210634888463115511e-01 2.412675468709068669e-02 2.648775505021555787e+01 -2.495042428626069453e-02 -9.487744393588041711e-03 9.996436660301794008e-01 -9.028663497579991759e-01 2.664392043459310916e-18 -1.161899700183229573e-18 4.127960870724171883e-20 9.999999999999996669e-01
6.910721690729411115e-01 -7.226446355578239888e-01 -1.428243089676851062e-02 -6.486854333543050188e+01 7.227812794194490298e-01 6.910025403514294950e-01 1.013466075680722646e-02 2.690163293448408055e+01 2.545437802955334821e-03 -1.732685566881134870e-02 9.998466386496597247e-01 -9.092095767968226827e-01 6.270165571903999603e-18 -1.065142982393497830e-18 7.047531920290796712e-20 9.999999999999995559e-01
6.562234725087751075e-01 -7.540288765886122846e-01 -2.848170288168176342e-02 -6.453213392685573524e+01 7.540777363319683957e-01 6.566894792640523004e-01 -1.121139564740127742e-02 2.732338550037515290e+01 2.715735069892516798e-02 -1.412023705249078505e-02 9.995314388295134522e-01 -9.281639499085978517e-01 1.184518804021830644e-17 -1.068634130032418101e-18 -2.710319137421058822e-21 9.999999999999994449e-01
6.190740431292682810e-01 -7.848347023274508949e-01 -2.796102906121356382e-02 -6.419339480860381286e+01 7.841249682036679491e-01 6.197038990216482413e-01 -3.339328940018120723e-02 2.776584516363922717e+01 4.353577107601695750e-02 -1.252022341210015308e-03 9.990510843179514211e-01 -9.388488944635116074e-01 1.766536413783807335e-17 -1.827742821554025377e-18 -2.653726457932444600e-19 9.999999999999992228e-01
5.859952051597790978e-01 -8.100072107832769763e-01 -2.231452461612008081e-02 -6.387144190197744109e+01 8.090440333453294830e-01 5.863960164736351510e-01 -3.984299150634239978e-02 2.825814481759704222e+01 4.535825876370944143e-02 5.294368984329059051e-03 9.989567548292482835e-01 -9.624163233006594043e-01 2.242201994941828425e-17 -4.242682152881153384e-18 -5.161733255146217498e-19 9.999999999999990008e-01
5.572045988420727403e-01 -8.302213162298278659e-01 -1.598752972964269034e-02 -6.356648879485344139e+01 8.298734228752803199e-01 5.574338982157874822e-01 -2.403229338239916413e-02 2.875856601062205442e+01 2.886411326399165519e-02 1.232783733360738826e-04 9.995833370799689366e-01 -9.361391581430260622e-01 2.605494058803905351e-17 -5.661984822206828854e-18 -6.943517974454404692e-19 9.999999999999991118e-01
5.286341821752935655e-01 -8.488125609317815901e-01 -7.945932310780319183e-03 -6.328186205874601455e+01 8.487741642624303529e-01 5.286888688417044069e-01 -8.396311302725494030e-03 2.928651983468217779e+01 1.132782046452507005e-02 -2.305724897562513344e-03 9.999331798256425596e-01 -8.766644744430012182e-01 2.739292374508723352e-17 -4.850688414996854908e-18 -8.180383785966656443e-19 9.999999999999991118e-01
4.988794215342586269e-01 -8.666482463001065062e-01 -6.335610040949211236e-03 -6.301375130273339664e+01 8.666338329596851020e-01 4.989125330774111244e-01 -5.664265873564385684e-03 2.979432261385500169e+01 8.069841340021461848e-03 -2.664868331504999591e-03 9.999638874167023905e-01 -8.680684378109533306e-01 2.742222541480796286e-17 -3.643733877584459646e-18 -9.182366169904697864e-19 9.999999999999990008e-01
4.712591269789430104e-01 -8.819839338393296035e-01 -4.379005405600366711e-03 -6.274303331585281995e+01 8.818643490423089260e-01 4.712690056713482734e-01 -1.485914471712952017e-02 3.032450774435078955e+01 1.516921643442697802e-02 3.140818815586481679e-03 9.998800078659113577e-01 -8.623566981107233520e-01 2.613443557356335534e-17 -2.402589784646729188e-18 -1.010302159928428247e-18 9.999999999999987788e-01
4.455543732307089555e-01 -8.952384424335431135e-01 -5.425097616588082060e-03 -6.249534854029977993e+01 8.949869473806136844e-01 4.455610948853097608e-01 -2.176406999933609004e-02 3.086042395371393354e+01 2.190124456112521600e-02 4.841685012392370202e-03 9.997484151389877116e-01 -8.604454017350785522e-01 2.507185119349645961e-17 1.968526180300649484e-18 -1.124572959539478879e-18 9.999999999999986677e-01
4.225838733511869116e-01 -9.063058419346113892e-01 -5.708840398773577275e-03 -6.226139243389184230e+01 9.060620790932398805e-01 4.226048232789454961e-01 -2.136988934479992774e-02 3.141821096883395725e+01 2.178023904253791054e-02 3.858006811488590929e-03 9.997553385557376160e-01 -8.538065049167021803e-01 2.391373560342812616e-17 4.908408864725639176e-18 -1.249810212502374795e-18 9.999999999999985567e-01
4.032861505661468615e-01 -9.150593530626135452e-01 -5.163442085096126184e-03 -6.202740252312548108e+01 9.149522361553749095e-01 4.033181211329777693e-01 -1.403206043486487919e-02 3.199011316875154876e+01 1.492267790400079140e-02 9.346327552720581303e-04 9.998882138248222917e-01 -8.464735295510943391e-01 2.251227215799688756e-17 7.739604295895454325e-18 -1.384671764269745319e-18 9.999999999999983347e-01
3.860684763783387430e-01 -9.224679009531248086e-01 -2.025650028998295452e-03 -6.180313586187671149e+01 9.224546305258635170e-01 3.860737882402399124e-01 -4.948197169538675298e-03 3.256910091554514963e+01 5.346603436828510983e-03 4.177269299059775968e-05 9.999857059412103899e-01 -8.431214028355077383e-01 2.030731420660411541e-17 1.121308784481665605e-17 -1.529118589248657541e-18 9.999999999999982236e-01
3.695692320234797990e-01 -9.292021918800339453e-01 1.367240619296661731e-03 -6.157784199913596979e+01 9.292014968390813756e-01 3.695709708284504735e-01 1.369595902318144391e-03 3.315740678089181159e+01 -1.777923957456097959e-03 7.642815241890504657e-04 9.999981274283296084e-01 -8.408186899604167541e-01 1.824080833354484135e-17 1.349179250095869627e-17 -1.677432089077027686e-18 9.999999999999983347e-01
3.554969380015005065e-01 -9.346756508033076116e-01 1.831629592794329449e-03 -6.136147326009494662e+01 9.346700957464193493e-01 3.555012313300320304e-01 3.269042707224811481e-03 3.375919338629522315e+01 -3.706641195460878922e-03 5.498347342561820273e-04 9.999929792217686630e-01 -8.412992094429805334e-01 1.556576808483264213e-17 1.613786317977739648e-17 -1.844769031180300931e-18 9.999999999999983347e-01
3.429287559315808420e-01 -9.393613355722224556e-01 3.867650231608153483e-04 -6.116041937631209890e+01 9.393588244587578462e-01 3.429287480707937097e-01 2.207409810762893908e-03 3.436255499975747796e+01 -2.206188273186554961e-03 -3.936731627361643709e-04 9.999974888742285684e-01 -8.468654986221642034e-01 1.216986792357563205e-17 1.915262960543047836e-17 -2.017443580005340949e-18 9.999999999999984457e-01
3.304447550476207751e-01 -9.438158908025954252e-01 -4.222337032447240693e-03 -6.095912370093940069e+01 9.438252568262430753e-01 3.304395946489190883e-01 1.886495468225370771e-03 3.497079577341517620e+01 -3.852770633682999239e-04 -4.608530866950640188e-03 9.999893064452510805e-01 -8.503654976520861331e-01 8.585543676773538982e-18 2.317276689860912495e-17 -2.183065421571307682e-18 9.999999999999986677e-01
3.200044423458563436e-01 -9.473879416614867655e-01 -7.296908477030383464e-03 -6.076167014375340614e+01 9.474160321556921449e-01 3.199960650178428345e-01 2.319566227051239691e-03 3.560813069074853843e+01 1.374529260482494067e-04 -7.655479573281040451e-03 9.999706869399820341e-01 -8.563268554144760625e-01 5.805351478243647377e-18 2.593120551703575860e-17 -2.331711735755606549e-18 9.999999999999987788e-01
3.115978051819207062e-01 -9.501681740925390640e-01 -9.340703798578590955e-03 -6.057219480196633299e+01 9.502140147211624033e-01 3.115865141112891257e-01 2.677769872545225291e-03 3.622624225826780986e+01 3.661056255055167730e-04 -9.710054871833682585e-03 9.999527892861155287e-01 -8.606045064781917553e-01 2.531921906587846756e-18 2.767536761251445396e-17 -2.491850776691880616e-18 9.999999999999985567e-01
3.057764101380164301e-01 -9.520374327433901440e-01 -1.120328784217577978e-02 -6.037270034408781072e+01 9.521013878957406140e-01 3.057784930271664758e-01 1.568556364031840292e-03 3.687716177357881264e+01 1.932400099400392781e-03 -1.114629343762159677e-02 9.999360109389432427e-01 -8.587245404473812238e-01 -7.018767733537485868e-19 3.133464202097396330e-17 -2.647419381521248716e-18 9.999999999999983347e-01
3.015239257707284515e-01 -9.533778632997994551e-01 -1.240854373841597871e-02 -6.017270962103763310e+01 9.534561977612913131e-01 3.015269056274321735e-01 1.674554674478115693e-03 3.752393444844928183e+01 2.145026439250887797e-03 -1.233592123194898402e-02 9.999216088818984050e-01 -8.583375506653155851e-01 -4.846890810750620007e-18 3.456911729185282437e-17 -2.773934532492933818e-18 9.999999999999981126e-01
2.979936469267895904e-01 -9.544812847886433582e-01 -1.285548052324432186e-02 -5.997221874225846250e+01 9.545642376831287024e-01 2.980025599787339274e-01 1.261103716442221918e-03 3.817213161882659023e+01 2.627266210157941893e-03 -1.264718286133451400e-02 9.999165696386703717e-01 -8.648393019410903770e-01 -7.158398372901906753e-18 3.623963665560667854e-17 -2.905023138384574884e-18 9.999999999999978906e-01
2.958816447861200571e-01 -9.551518627924858729e-01 -1.178860817470347641e-02 -5.977600770948427567e+01 9.552156230665224124e-01 2.959098570390473193e-01 -6.855339560966691725e-04 3.883232109036188007e+01 4.143154394834576947e-03 -1.105782578819798460e-02 9.999302769496151155e-01 -8.680066772552251786e-01 -9.866641637300314668e-18 3.613489382609612504e-17 -3.037360637880807703e-18 9.999999999999974465e-01
2.950315184840163751e-01 -9.554229055685045102e-01 -1.111191324864078261e-02 -5.956828093144915925e+01 9.554737180869508073e-01 2.950698154374526982e-01 -1.943723964075374285e-03 3.949939455129943866e+01 5.135868588808458618e-03 -1.004368123410175062e-02 9.999363716362880128e-01 -8.660772751491990773e-01 -1.307420674925160394e-17 3.560046355296277101e-17 -3.171367435307217767e-18 9.999999999999965583e-01
2.944507109164973269e-01 -9.556064467843349286e-01 -1.072835984583922660e-02 -5.935819656793794508e+01 9.556551247178547426e-01 2.944837746126906519e-01 -1.609065073492872613e-03 4.018149620370783026e+01 4.696960860325815820e-03 -9.778821711690978760e-03 9.999411548709493669e-01 -8.633864978509860899e-01 -1.490928948480883103e-17 3.651074308043827294e-17 -3.319032135148629808e-18 9.999999999999954481e-01
2.933544527837487204e-01 -9.559258345882352126e-01 -1.220507266382288118e-02 -5.915209748911347987e+01 9.559987716110746048e-01 2.933702085489169886e-01 5.190511855492739449e-04 4.087230115330475400e+01 3.084430274994273864e-03 -1.182030045054051869e-02 9.999253806095634856e-01 -8.633613437425649018e-01 -1.592981996577032926e-17 3.885872235040628520e-17 -3.481791281311630627e-18 9.999999999999940048e-01
2.925587929322351899e-01 -9.561869710826340629e-01 -1.076238866833752715e-02 -5.894676109013951759e+01 9.562472827537380482e-01 2.925319723520581339e-01 4.022359750628676060e-03 4.155956373270646509e+01 -6.977852021965765678e-04 -1.146828163341896689e-02 9.999339936276963048e-01 -8.663794186270488140e-01 -1.642112914321411598e-17 3.886204886603239713e-17 -3.657393482029087967e-18 9.999999999999925615e-01
2.923094234633133448e-01 -9.563025033596642688e-01 -6.381459283156285661e-03 -5.872974480417526877e+01 9.563197789343687027e-01 2.922823491278925823e-01 4.848588171996428414e-03 4.227743431363904136e+01 -2.771529096502284902e-03 -7.520003744112791280e-03 9.999678835693696088e-01 -8.720587434651615455e-01 -1.634275571482852276e-17 4.031844774654364498e-17 -3.833117091435407886e-18 9.999999999999907851e-01
2.922129761041161733e-01 -9.563507907849204681e-01 -2.177512670748727765e-03 -5.851060858130727382e+01 9.563526041161505287e-01 2.922093288571729897e-01 1.845190820285351604e-03 4.296286789023051966e+01 -1.128360184038922683e-03 -2.621658614241291312e-03 9.999959268464329032e-01 -8.794081914049414195e-01 -1.583023089207729793e-17 4.115030443891867021e-17 -3.986155318559193598e-18 9.999999999999886757e-01
2.914505081834896649e-01 -9.565858866250678272e-01 2.068557933350741857e-04 -5.828000905478582183e+01 9.565822574101766618e-01 2.914487913151819209e-01 -2.826101385318153386e-03 4.368070025213621221e+01 2.643120828414884972e-03 1.021543266676185231e-03 9.999959851727873161e-01 -8.780752845764665526e-01 -1.556315062524659314e-17 3.779021297827117380e-17 -4.134056151693537965e-18 9.999999999999864553e-01
2.914340637759284536e-01 -9.565840576925340732e-01 -3.623125658426116190e-03 -5.806852453843902850e+01 9.565693720377327347e-01 2.914508303930238853e-01 -5.608024842089987666e-03 4.440867691863919475e+01 6.420510140845087262e-03 -1.831401566407502360e-03 9.999777112605500173e-01 -8.786447628325489978e-01 -1.643444440333119742e-17 3.582863867459127587e-17 -4.275479908414923533e-18 9.999999999999843459e-01
2.911461278768710526e-01 -9.566301588392314148e-01 -9.626599687057074001e-03 -5.785151324811729268e+01 9.566303992951500357e-01 2.912177239482942603e-01 -7.107489209008884673e-03 4.514006443021780512e+01 9.602674981179471284e-03 -7.139779940354012283e-03 9.999284035248044988e-01 -8.779772531852867434e-01 -1.749815808025848387e-17 3.505688154643535660e-17 -4.414958725612203064e-18 9.999999999999822364e-01
2.904993778350469236e-01 -9.568358877194995671e-01 -8.671530977431313181e-03 -5.762824710189408250e+01 9.568233405193566909e-01 2.905660423829131145e-01 -7.776249185537489721e-03 4.587321760297752604e+01 9.960246730075334246e-03 -6.038127686954013543e-03 9.999321649487871166e-01 -8.792727551655667995e-01 -1.730860067306226622e-17 3.340983963250886506e-17 -4.573178246885797361e-18 9.999999999999799050e-01
2.897981938188428086e-01 -9.570795512917477099e-01 -3.967286040763814622e-03 -5.739274474199579856e+01 9.570498961058404586e-01 2.898211132366023679e-01 -7.695367839661146001e-03 4.662130197663384479e+01 8.514882455859849528e-03 -1.566786992430506181e-03 9.999625202753054110e-01 -8.823498500715677428e-01 -1.666899335525042929e-17 3.266881143614527770e-17 -4.719170618258183028e-18 9.999999999999779066e-01
2.900726433922246050e-01 -9.569968920210256691e-01 -3.848404546336695650e-03 -5.716129281575247489e+01 9.569922334822232868e-01 2.900870084198497456e-01 -3.923340518479654163e-03 4.738880808711769532e+01 4.870996844550479730e-03 -2.544839507019662495e-03 9.999848984768130444e-01 -8.769772502185736451e-01 -1.559297440305942663e-17 3.322849443312526780e-17 -4.870954166206383559e-18 9.999999999999759082e-01
2.915407916548076739e-01 -9.565394024232801717e-01 -6.028135118879048536e-03 -5.693124476530550027e+01 9.565583675189959223e-01 2.915334298803644031e-01 2.085375669776043210e-03 4.816193550464149098e+01 -2.373410900181187626e-04 -6.374235162164005111e-03 9.999796561907462467e-01 -8.733595005906671371e-01 -1.398787010214779145e-17 3.350289905925231287e-17 -5.013210859363687854e-18 9.999999999999737987e-01
2.910538374696571839e-01 -9.566744231276018695e-01 -7.855687599919718156e-03 -5.669058633660214497e+01 9.566945145739220724e-01 2.909989238659680399e-01 7.431829728942537447e-03 4.894853596918258631e+01 -4.823844780927075485e-03 -9.678555797080471215e-03 9.999415263300508450e-01 -8.788557568642278994e-01 -1.153443934246365680e-17 3.166919869371927455e-17 -5.147510444116736054e-18 9.999999999999716893e-01
2.908417352922453847e-01 -9.567652673998484625e-01 -3.362753262487399881e-03 -5.644664990314002040e+01 9.567393917759846600e-01 2.908016280218627680e-01 9.173296248405123782e-03 4.973646438493273791e+01 -7.798797114689125926e-03 -5.885255910282763056e-03 9.999522701241768674e-01 -8.972826900820551899e-01 -1.049793997904946206e-17 3.021091415866315871e-17 -5.281984362762484569e-18 9.999999999999696909e-01
2.902971028023668687e-01 -9.569331409956360890e-01 2.560423557140829171e-03 -5.620327285042235843e+01 9.569007638383952852e-01 2.903083475004637481e-01 7.873470464635020163e-03 5.051604450179214467e+01 -8.277697154047927719e-03 1.644255926914163978e-04 9.999657257596944460e-01 -9.076293512622233273e-01 -9.220415258735987158e-18 2.854257422039628743e-17 -5.418911228091226474e-18 9.999999999999676925e-01
2.891936110304781371e-01 -9.572697381590703491e-01 1.305275462480144730e-03 -5.596916821135560127e+01 9.572514010102077808e-01 2.891961757597730220e-01 5.943668062062297183e-03 5.130353590593419710e+01 -6.067174241551188604e-03 -4.693940644742995282e-04 9.999814843615850712e-01 -9.122416897296513616e-01 -7.747566775127322128e-18 2.587988813221037926e-17 -5.531190877421583337e-18 9.999999999999658051e-01
2.899864719094261134e-01 -9.570100380981111376e-01 -6.295481633107830391e-03 -5.573870937452119279e+01 9.570255327576351334e-01 2.899569090011205885e-01 5.207741602472087949e-03 5.210965316434808159e+01 -3.158442594392186099e-03 -7.535111277810970995e-03 9.999666226122121415e-01 -9.201924093073299282e-01 -6.475860400057213166e-18 2.411537443347983542e-17 -5.649393922885009293e-18 9.999999999999639178e-01
2.890549124145853632e-01 -9.572739922107030841e-01 -8.588448404633424252e-03 -5.549121782523091895e+01 9.573113953504595042e-01 2.890566817291824742e-01 1.061640236161174580e-03 5.291115890430008761e+01 1.466267809869079399e-03 -8.528691851618136824e-03 9.999625550359751980e-01 -9.310549627399672401e-01 -4.522367327483029093e-18 2.375462278997019770e-17 -5.768436679958127442e-18 9.999999999999621414e-01
2.885103579219903680e-01 -9.574422579380005294e-01 -8.129949958649547795e-03 -5.524564501544129058e+01 9.574595529683673778e-01 2.885456946173122206e-01 -3.547752464680445968e-03 5.371480874243489012e+01 5.742630188395689110e-03 -6.760534919664716244e-03 9.999606579091924186e-01 -9.322684026897486431e-01 -3.479951365315825296e-18 2.444991484290330112e-17 -5.868326116824678105e-18 9.999999999999606981e-01
2.885082345571471918e-01 -9.574286048597231424e-01 -9.667739606866834409e-03 -5.500479833996187295e+01 9.574512492911243511e-01 2.885602891073319465e-01 -4.479372867364336298e-03 5.452134507823170395e+01 7.078405451002833457e-03 -7.964053406534412488e-03 9.999432334036140180e-01 -9.293536976663210325e-01 -2.654817881987277170e-18 2.600120803473805919e-17 -5.927329867658895751e-18 9.999999999999592548e-01
2.890688856559636699e-01 -9.571813803517044139e-01 -1.558795861078391375e-02 -5.476882242594044214e+01 9.572931495926741974e-01 2.891175931197592641e-01 -9.182002532126488578e-04 5.535109037942660137e+01 5.385637260992854475e-03 -1.465682287023714961e-02 9.998780787949641535e-01 -9.279071325943105686e-01 -1.722543361498962512e-18 2.828723030690496004e-17 -5.987157656520089258e-18 9.999999999999578115e-01
2.890072283899943750e-01 -9.572470620640296524e-01 -1.236463133887850951e-02 -5.452411678043689847e+01 9.573268969421314667e-01 2.889806164871909222e-01 3.926281442543554101e-03 5.617675736475074899e+01 -1.852825887829916466e-04 -1.297171786907597504e-02 9.999158465620752168e-01 -9.290585590716373687e-01 -2.122779507192502064e-18 3.253620860141720362e-17 -6.009647164164344985e-18 9.999999999999563682e-01
2.885022838208244345e-01 -9.574592374127720573e-01 -6.183924575332217129e-03 -5.426438126300136844e+01 9.574640935963584232e-01 2.884554244056213301e-01 7.481818282586568183e-03 5.699986951840357108e+01 -5.379749439454867103e-03 -8.079407400053726512e-03 9.999528896263540911e-01 -9.362624261160624739e-01 -2.741530776607003004e-18 3.724808320459499429e-17 -6.032331786802805006e-18 9.999999999999550360e-01
2.876451250005921390e-01 -9.576910372869714694e-01 -9.389311137290046530e-03 -5.402002884362641311e+01 9.577052261388824261e-01 2.875418044306723431e-01 1.097317324957625129e-02 5.784184088504751031e+01 -7.809090204957804503e-03 -1.214857213706068036e-02 9.998957097143997830e-01 -9.447414322915493878e-01 -2.994652591485473394e-18 4.175151996689996757e-17 -6.067796075839467924e-18 9.999999999999538147e-01
2.879852097849193160e-01 -9.575827649906566430e-01 -9.988350115126241879e-03 -5.376808303549839252e+01 9.576072438772822437e-01 2.878820343105765733e-01 1.059720694819608379e-02 5.867398498581953703e+01 -7.272236180102253922e-03 -1.261675529074482612e-02 9.998939604112702106e-01 -9.619893368809322443e-01 -1.878286391065246475e-18 4.876343483875599314e-17 -6.055988576737207422e-18 9.999999999999527045e-01
2.863261442884094676e-01 -9.581141264608306063e-01 -5.887255147584807315e-03 -5.351450135602548386e+01 9.581287586955211655e-01 2.863032052827400031e-01 4.444817831605072343e-03 5.951149430329234491e+01 -2.573102734954607011e-03 -6.913416018475407321e-03 9.999727915405151046e-01 -9.567309515035337109e-01 -5.421110808049800484e-19 5.478590557354060900e-17 -6.067055384566083906e-18 9.999999999999514833e-01
2.857746570927128249e-01 -9.582825834321224701e-01 -5.228351006044951003e-03 -5.326345984733203665e+01 9.582942062469076427e-01 2.857824228688178869e-01 -7.880691515722057072e-04 6.034678651569490881e+01 2.249363760588018665e-03 -4.785088285771413319e-03 9.999860215487159643e-01 -9.600550462797715623e-01 8.134649960187196302e-19 5.938829118813792389e-17 -6.125670762568881233e-18 9.999999999999500400e-01
2.858471272048732081e-01 -9.582432552177586604e-01 -7.828390539543704160e-03 -5.301937010100551362e+01 9.582672734117368973e-01 2.858685087674268654e-01 -1.740230811138779787e-03 6.118650844787539711e+01 3.905454766864009837e-03 -7.004250479503038029e-03 9.999678434321489506e-01 -9.670064710772880989e-01 3.311068236196893353e-18 6.329933339137087520e-17 -6.198782843958139435e-18 9.999999999999484857e-01
2.852204508019632323e-01 -9.584416116957310550e-01 -6.242708904121812598e-03 -5.276255698435179653e+01 9.584617002424420384e-01 2.852189559007408115e-01 1.147328816637344963e-03 6.203121290726154768e+01 6.808912354420960326e-04 -6.310639032672931900e-03 9.999798559081990446e-01 -9.710572564845516563e-01 5.527484167310776042e-18 7.004833141427703343e-17 -6.269533512231646802e-18 9.999999999999470424e-01
2.843539615981660051e-01 -9.587160979655438009e-01 -2.503602444500933628e-03 -5.250311961446929132e+01 9.587136665783849709e-01 2.843422961290485995e-01 4.190960277299279543e-03 6.289017314697316863e+01 -3.306061016138955519e-03 -3.591954036983863088e-03 9.999880838424083374e-01 -9.676135217631667285e-01 7.511642552043650896e-18 7.570435815509866167e-17 -6.350625386274586168e-18 9.999999999999455991e-01
2.836224421797273743e-01 -9.589360292815424236e-01 -4.514207585691270663e-05 -5.225459762218248727e+01 9.589164603572269963e-01 2.836163529429380770e-01 6.402062126508241413e-03 6.374751077144071587e+01 -6.126365003911105750e-03 -1.859055974912433200e-03 9.999795055713783798e-01 -9.668045046686123412e-01 1.146267169841256840e-17 7.955264181507345265e-17 -6.452660604718737141e-18 9.999999999999438227e-01
2.835120892325544428e-01 -9.589543033676373174e-01 -5.247791129094767776e-03 -5.201259964935398727e+01 9.589628039739607201e-01 2.834869841257948719e-01 5.046823339596146103e-03 6.459504727124782164e+01 -3.351992479355335626e-03 -6.463271924835116942e-03 9.999734947799872042e-01 -9.659387064725377670e-01 1.566120524167976891e-17 8.604609889256130374e-17 -6.550075348879081893e-18 9.999999999999422684e-01
2.834598025604251337e-01 -9.589755992378422578e-01 -4.042325924633990292e-03 -5.175754132474602187e+01 9.589836019888682284e-01 2.834615081601865039e-01 1.565508601738046178e-04 6.544453209895918633e+01 9.957153481024924591e-04 -3.920900151547361198e-03 9.999918175130246834e-01 -9.737108895090077487e-01 2.040871902271467954e-17 9.400896728830059642e-17 -6.615751845017787527e-18 9.999999999999409361e-01
2.830616468223554616e-01 -9.590980357689928848e-01 -2.657420240052715734e-03 -5.150803034252830770e+01 9.590918524252968203e-01 2.830702156023406912e-01 -3.751219857980077690e-03 6.629738885582293051e+01 4.350024117800874168e-03 -1.486883630126535844e-03 9.999894331778205192e-01 -9.877111032233192311e-01 2.460200788026220639e-17 1.010719485345888244e-16 -6.729135792076033158e-18 9.999999999999396039e-01
2.832490521344610546e-01 -9.590331465830307378e-01 -5.039664675254235462e-03 -5.125833546838708088e+01 9.590444501535166921e-01 2.832551328897962017e-01 -5.218443172438896188e-04 6.715419959222563762e+01 1.927976884878248448e-03 -4.685450529230887270e-03 9.999871646468879716e-01 -9.931827425851315061e-01 2.944206992635134260e-17 1.079231021554087390e-16 -6.864901055076820735e-18 9.999999999999381606e-01
2.839421880874724580e-01 -9.588288356136133173e-01 -4.908953045450617850e-03 -5.101491150882097259e+01 9.588326437463708940e-01 2.839139913707188212e-01 5.727721227783121212e-03 6.801447314933453470e+01 -4.098183822993971617e-03 -6.333206124782966157e-03 9.999715472900142510e-01 -9.827777472840193429e-01 3.356619636638681547e-17 1.173156903063333640e-16 -6.956334797916816635e-18 9.999999999999367173e-01
2.831241028672246696e-01 -9.590765740658946381e-01 -3.587123321057340223e-03 -5.075822907208844725e+01 9.590495615125619322e-01 2.830808048736084270e-01 9.444388537446609527e-03 6.888028573047077430e+01 -8.042446045761115353e-03 -6.114163079961116437e-03 9.999489667335439425e-01 -9.795743132260574804e-01 3.751489114232209405e-17 1.248763821432836367e-16 -7.000471218285752833e-18 9.999999999999350520e-01
2.831909133848770077e-01 -9.590554602301585296e-01 -3.940910938662992545e-03 -5.050891775561153452e+01 9.590203717153469309e-01 2.831367763698520168e-01 1.065328597293711127e-02 6.972292976186034252e+01 -9.101275262630912494e-03 -6.796327658536084615e-03 9.999354862784897158e-01 -9.846844112537277427e-01 4.168481405615459627e-17 1.319302236672100737e-16 -7.021968394658484547e-18 9.999999999999334976e-01
2.834626325239198996e-01 -9.589714598627259168e-01 -4.761841181060336159e-03 -5.025312090453784464e+01 9.589294169544488877e-01 2.833905875402520924e-01 1.200617312750944417e-02 7.059069517592777743e+01 -1.016411640140487543e-02 -7.969571028662122969e-03 9.999165848586791805e-01 -1.004802522611247362e+00 4.495495533651288623e-17 1.401288146140279236e-16 -7.015387434313018814e-18 9.999999999999320544e-01
2.835585161668365828e-01 -9.589308760129524600e-01 -6.792859366218441906e-03 -5.001380412051444324e+01 9.589051752762229874e-01 2.834645271225296748e-01 1.219535533937359147e-02 7.144304308018165273e+01 -9.768968110846839789e-03 -9.971804865367531884e-03 9.999025604376764464e-01 -1.019138627033144173e+00 4.814822582341363167e-17 1.466672628048304721e-16 -7.008262448944824105e-18 9.999999999999306111e-01
2.838788732198574971e-01 -9.588135178558424565e-01 -9.456390241945984362e-03 -4.976661734934850045e+01 9.588420352123872004e-01 2.837990860011459504e-01 8.945965283868680465e-03 7.229021246370535891e+01 -5.893797536935241159e-03 -1.160675501001644586e-02 9.999152696047672872e-01 -1.027027530430276947e+00 5.122904557110444532e-17 1.557796604721439025e-16 -6.961261748149387665e-18 9.999999999999290567e-01
2.838317944398746628e-01 -9.588308276653623174e-01 -9.108039508058333317e-03 -4.951619894559512147e+01 9.588726216278826708e-01 2.838351559831580606e-01 9.485360665525510541e-04 7.313405281212212117e+01 1.675696192679928609e-03 -9.002674414861985483e-03 9.999580710688282803e-01 -1.022289248841665499e+00 5.413560086235521801e-17 1.655756061781215559e-16 -6.909481579133332818e-18 9.999999999999275024e-01
2.834205771528863771e-01 -9.589522052161372212e-01 -9.134799259957688058e-03 -4.926532339076959488e+01 9.589561256340699558e-01 2.834825686958686308e-01 -6.386106378026071284e-03 7.397373171350263021e+01 8.713527152659014327e-03 -6.949917751374669848e-03 9.999378846147639610e-01 -1.019163944742976780e+00 5.804664678275170405e-17 1.746924022965887851e-16 -6.896043096788814155e-18 9.999999999999260591e-01
2.837039201674682043e-01 -9.588646870596256866e-01 -9.518276721560003581e-03 -4.900841723376985470e+01 9.588772384499250068e-01 2.837641114551317512e-01 -5.689519567834411956e-03 7.482921281157058502e+01 8.156424736380181451e-03 -7.512719892328677262e-03 9.999385139974243941e-01 -1.018797148444186451e+00 6.186948207910173760e-17 1.862402763548557806e-16 -6.917897826008364391e-18 9.999999999999245048e-01
2.839589363359933394e-01 -9.588020159889302230e-01 -8.125060651478215046e-03 -4.876228833115828820e+01 9.588339496547845231e-01 2.839673239113882364e-01 1.262545049099267087e-04 7.568152949587320677e+01 2.186198655953170995e-03 -7.826435090584876048e-03 9.999669831795678920e-01 -1.010970508364926523e+00 6.618363806216858062e-17 1.997712500365470745e-16 -6.917817570233241089e-18 9.999999999999230615e-01
2.833101619159791862e-01 -9.590012102974194708e-01 -7.213238061082290556e-03 -4.850848020441345199e+01 9.590135630634176733e-01 2.832560341310211283e-01 7.681470494953861021e-03 7.654770069824607504e+01 -5.323346295130030291e-03 -9.093831783883010722e-03 9.999444805626680477e-01 -1.009859326798917545e+00 6.995134135155969120e-17 2.144316369281155989e-16 -6.889310157965031857e-18 9.999999999999215072e-01
2.832464351646667988e-01 -9.590220704314027511e-01 -6.937246721738634346e-03 -4.825776645313135305e+01 9.590034222618346593e-01 2.831570245222045368e-01 1.159894624580679913e-02 7.740524796967194732e+01 -9.159315303403380015e-03 -9.938203523035274434e-03 9.999086653559617899e-01 -1.014775261064269074e+00 7.318878536261306335e-17 2.291108840267763136e-16 -6.816607942181794595e-18 9.999999999999201750e-01
2.834769506058362198e-01 -9.589533856549865565e-01 -7.015883135015258190e-03 -4.800505361806409610e+01 9.589337393649454144e-01 2.833848526107071164e-01 1.179444015476861958e-02 7.825312773565205759e+01 -9.322123310201824165e-03 -1.007121897880680801e-02 9.999058298486418472e-01 -1.023047765833742240e+00 7.694466580866344350e-17 2.422235262751815501e-16 -6.722809710928587209e-18 9.999999999999186207e-01
2.839203054101931412e-01 -9.588004347913038350e-01 -9.538680197162878807e-03 -4.776218511484631790e+01 9.588294018543386255e-01 2.838390218387473185e-01 9.032597714388431939e-03 7.910287835521297950e+01 -5.953008959086943629e-03 -1.171050492966504292e-02 9.999137091562722013e-01 -1.032026666412755089e+00 8.073748804228251326e-17 2.568813245280104226e-16 -6.657481894877172823e-18 9.999999999999168443e-01
2.840312674796316439e-01 -9.587324865253031847e-01 -1.258007849906625161e-02 -4.751071684237611237e+01 9.588081874892564471e-01 2.839552703318014570e-01 7.500936912033726901e-03 7.995314607948664332e+01 -3.619212305977793139e-03 -1.419238288259537170e-02 9.998927330321114582e-01 -1.042511605145256759e+00 8.396568146786723528e-17 2.750288636457143254e-16 -6.566350162127735285e-18 9.999999999999148459e-01
2.833027037626340561e-01 -9.589433517533715312e-01 -1.293159576054453593e-02 -4.725807529481989633e+01 9.590259089238566403e-01 2.832336719405411096e-01 6.927704673881339426e-03 8.080789662375596549e+01 -2.980612988651823274e-03 -1.436437284309566645e-02 9.998923845789913223e-01 -1.044505091923027651e+00 8.688748574551433169e-17 2.957557221819756355e-16 -6.401318268188255836e-18 9.999999999999128475e-01
2.824746534220859417e-01 -9.591940592471778215e-01 -1.244294495369435011e-02 -4.700668883448066282e+01 9.592644033909106804e-01 2.823875570061996076e-01 8.310958750510846413e-03 8.165695842636095847e+01 -4.458089432734831624e-03 -1.428370936011173417e-02 9.998880442757323017e-01 -1.049728651155823700e+00 9.037334909643029120e-17 3.157571047444635040e-16 -6.220790472092467827e-18 9.999999999999107381e-01
2.825535937158252242e-01 -9.591558683880502256e-01 -1.354573051432105338e-02 -4.675915589412130657e+01 9.592180065254635180e-01 2.823975241831174765e-01 1.234723826477138880e-02 8.252027146701054505e+01 -8.017645279578352116e-03 -1.648206516507928765e-02 9.998320153366194729e-01 -1.049714931532205187e+00 9.423014629868208863e-17 3.379802017673857002e-16 -5.999693039317922296e-18 9.999999999999087397e-01
2.820508503336885964e-01 -9.593072147000778482e-01 -1.330359539948751738e-02 -4.650913964148642776e+01 9.593552084373746514e-01 2.818775482987511682e-01 1.351413368939803628e-02 8.336947530717780808e+01 -9.214221093928701492e-03 -1.657454643608445924e-02 9.998201751015475258e-01 -1.054743592200462432e+00 9.684539061536915719e-17 3.588953707029570781e-16 -5.711682255408226223e-18 9.999999999999064082e-01
2.811405699741497122e-01 -9.595934714392108100e-01 -1.184691883941928203e-02 -4.625466210343719808e+01 9.596255970065491470e-01 2.809930235814578348e-01 1.271354665641575080e-02 8.422348979573119720e+01 -8.870934825556149941e-03 -1.494290031736889013e-02 9.998489967217261132e-01 -1.062635647259452920e+00 9.792326123931462133e-17 3.822132634084298904e-16 -5.442394553815908387e-18 9.999999999999040767e-01
2.804171442673433767e-01 -9.597811983257000801e-01 -1.364831643706595696e-02 -4.601190020113937607e+01 9.598507693890876435e-01 2.802732116680433649e-01 1.155107461103221413e-02 8.508090178190674635e+01 -7.261246750482554420e-03 -1.633946638865388379e-02 9.998401352885254445e-01 -1.079197939963670416e+00 9.977104955213298518e-17 4.032752621007426382e-16 -5.205295005507264164e-18 9.999999999999016342e-01
2.798706605433267658e-01 -9.599448772775167615e-01 -1.335087846670199654e-02 -4.576841964751836400e+01 9.600126117489407029e-01 2.797357134129245804e-01 1.112276604786564642e-02 8.593824867336677187e+01 -6.942524776268029288e-03 -1.592994758687251572e-02 9.998490076604680254e-01 -1.093648065148433490e+00 1.006660205623056799e-16 4.222062912215936500e-16 -4.969759043227520247e-18 9.999999999998989697e-01
2.784976695500277488e-01 -9.603954551640292436e-01 -8.922878213952689305e-03 -4.551173660934856002e+01 9.604210318833946713e-01 2.784276354501115658e-01 8.336266185435974030e-03 8.678210151680599438e+01 -5.521736275046113668e-03 -1.089135060703413579e-02 9.999254416757654695e-01 -1.092636176529631298e+00 1.008752774621054878e-16 4.400525826316318944e-16 -4.792400518659696363e-18 9.999999999998963052e-01
2.768948228764072650e-01 -9.607958919261704311e-01 -1.416019499089653591e-02 -4.527340171493109722e+01 9.608994995828712415e-01 2.768463421079281339e-01 5.315502146653158094e-03 8.762197706468757019e+01 -1.186914439300592499e-03 -1.507835930617252782e-02 9.998856106149136558e-01 -1.092894068876252733e+00 9.867873124421991979e-17 4.592350077629270984e-16 -4.742982361650112339e-18 9.999999999998935296e-01
2.762009296437098471e-01 -9.608618470207856976e-01 -2.139059148081017339e-02 -4.504198344819883459e+01 9.610909455055095529e-01 2.762260904056808575e-01 1.827962457441951105e-03 8.847754296314533917e+01 4.152220073030641299e-03 -2.106318872134077883e-02 9.997695240150928919e-01 -1.104032991933234786e+00 9.608154336897996675e-17 4.783538979722625865e-16 -4.600301176926476077e-18 9.999999999998906430e-01
2.750997233058774527e-01 -9.611366548985111891e-01 -2.316188350882486535e-02 -4.480036504543680564e+01 9.614025031932946774e-01 2.751423169542688285e-01 1.390062924691852020e-03 8.932403703225948277e+01 5.036773864069241102e-03 -2.265029871004398121e-02 9.997307611939323380e-01 -1.104720661123224978e+00 9.157559781268431478e-17 4.995264406533938685e-16 -4.278699167442966234e-18 9.999999999998875344e-01
2.740192160315175762e-01 -9.614913649045093713e-01 -2.116186333205574352e-02 -4.456697680735248923e+01 9.617213874509923377e-01 2.740054398367856581e-01 3.604422203644670492e-03 9.017655659572957916e+01 2.332844845753566290e-03 -2.133949751127024383e-02 9.997695652903738628e-01 -1.093887178810671656e+00 8.509417369845532913e-17 5.221177549536899223e-16 -3.897074368719339690e-18 9.999999999998839817e-01
2.732459848556288429e-01 -9.617665149568681571e-01 -1.848790058791926344e-02 -4.432641293260198978e+01 9.619422537890569558e-01 2.731563650609240557e-01 7.259518039838310996e-03 9.103980632458413425e+01 -1.931873643276976141e-03 -1.976792691577209521e-02 9.998027290069226858e-01 -1.085695923629037329e+00 7.862417002151648657e-17 5.484357583994851066e-16 -3.537284992307599346e-18 9.999999999998803180e-01
2.720296660310054793e-01 -9.620902345982472736e-01 -1.955099204394432008e-02 -4.409748373457603066e+01 9.622804975436399788e-01 2.718864201256632751e-01 9.696318819931505281e-03 9.189050222659734857e+01 -4.013084411513627089e-03 -2.145122472186281049e-02 9.997618416960354359e-01 -1.089430867451568252e+00 7.149460729404175464e-17 5.736626634272304124e-16 -3.241739345071152755e-18 9.999999999998762101e-01
2.712202448232957641e-01 -9.623569576471235898e-01 -1.756886070066437586e-02 -4.386958905531762554e+01 9.625033906069158096e-01 2.710729599887855557e-01 1.032828317554651543e-02 9.273986234651795257e+01 -5.177052100817678554e-03 -1.971132748499482279e-02 9.997923092824499980e-01 -1.098274863288444037e+00 6.684693855266460853e-17 5.944021050008320221e-16 -2.993172590645460472e-18 9.999999999998722133e-01
2.699749114793835170e-01 -9.627645629198263721e-01 -1.406924154502705790e-02 -4.362836844795261015e+01 9.628453774347028871e-01 2.698411986918421990e-01 1.070077760836203248e-02 9.358895487163179894e+01 -6.505868473863165441e-03 -1.643544567324907446e-02 9.998437626954177482e-01 -1.110373944658239909e+00 6.302792416285965073e-17 6.141060745972806412e-16 -2.839756750679453088e-18 9.999999999998682165e-01
2.690186481561734344e-01 -9.630274572772034025e-01 -1.439039521998085672e-02 -4.340249188726790663e+01 9.630974582555513752e-01 2.688462788434513029e-01 1.284384109132866852e-02 9.444907510317698041e+01 -8.500167421918480501e-03 -1.731458582720788245e-02 9.998139588300606340e-01 -1.117103232073366037e+00 5.814772267314139445e-17 6.335689607965214826e-16 -2.776880194882197884e-18 9.999999999998641087e-01
2.684942652692733356e-01 -9.630927865712061164e-01 -1.905554964260006492e-02 -4.318356663661572981e+01 9.632434816188976123e-01 2.682559432617862560e-01 1.416841641438561748e-02 9.530477340656256047e+01 -8.533735202127161121e-03 -2.215927253713874737e-02 9.997180312488768150e-01 -1.114843781884689689e+00 5.379995742457771939e-17 6.569589285567251591e-16 -2.679564500273500517e-18 9.999999999998598899e-01
2.681019083453290985e-01 -9.631011037469999758e-01 -2.361420553531888220e-02 -4.296793429033774459e+01 9.633619688920989077e-01 2.678245687544887899e-01 1.427295568802706277e-02 9.614821408917794088e+01 -7.421834962937562570e-03 -2.657563419604522595e-02 9.996192535324966988e-01 -1.118651826213262979e+00 4.792483069045374610e-17 6.776166329764032269e-16 -2.505911264297548648e-18 9.999999999998554490e-01
2.687116497763639145e-01 -9.628597819422328730e-01 -2.636455182214971632e-02 -4.273765234270447166e+01 9.632069741990652023e-01 2.684612211618147004e-01 1.268454125513721054e-02 9.700923327339511104e+01 -5.135574849444262714e-03 -2.880300419408127546e-02 9.995719147817054839e-01 -1.127265767587134704e+00 4.256422872162742635e-17 6.971498151499525302e-16 -2.314301793167765267e-18 9.999999999998511191e-01
2.699871601201433990e-01 -9.624627860979536598e-01 -2.779062336452819970e-02 -4.250598718167019285e+01 9.628523179746795169e-01 2.697297257040299767e-01 1.269995443628555050e-02 9.784864803299674918e+01 -4.727276312850840594e-03 -3.018709075643528569e-02 9.995330872013826751e-01 -1.142022597525009564e+00 3.758501675543611351e-17 7.220711360885863477e-16 -1.967481535698671048e-18 9.999999999998469002e-01
2.713030312139801947e-01 -9.621218268053605138e-01 -2.676295273299779398e-02 -4.226909890531879199e+01 9.624623342384311941e-01 2.709637267955665174e-01 1.564972631199661526e-02 9.869645200921920036e+01 -7.805153855761037991e-03 -3.000415214465802088e-02 9.995192996772844785e-01 -1.152880531135209496e+00 3.244264275547749322e-17 7.459002178161941979e-16 -1.554574838558710432e-18 9.999999999998424594e-01
