1.000000000000000000e+00 4.398956837314658088e-19 2.733407509747682871e-20 -8.673617379884035472e-19 -5.583667658079949532e-19 1.000000000000000000e+00 -6.100159232558060012e-19 0.000000000000000000e+00 4.145284534913582806e-20 -2.210423569125054137e-19 1.000000000000000222e+00 0.000000000000000000e+00
9.999485314279069614e-01 -1.421880395165390793e-03 1.004553464433305746e-02 3.247288162926113136e-02 1.411905659639559312e-03 9.999985032833064169e-01 9.999753702928072200e-04 -1.274493165468690292e-02 -1.004694162728928322e-02 -9.857405545302361065e-04 9.999490423353256663e-01 2.047611338465660513e-01
9.998627148628632666e-01 -3.514228056350468445e-03 1.619264193522306633e-02 5.392876533534210481e-02 3.498612430507840650e-03 9.999933872087826137e-01 9.925941663754824732e-04 -7.995530727886890343e-03 -1.619602333812552794e-02 -9.358061107268280613e-04 9.998683978789068005e-01 4.698990714991277962e-01
9.998046507366149527e-01 -6.455183388684298910e-03 1.868130093621560989e-02 2.270518649407183079e-02 6.459108700721696676e-03 9.999791285157832998e-01 -1.497865933037346791e-04 -2.044136046197674028e-02 -1.867994445280662594e-02 2.704219103383710015e-04 9.998254780345408044e-01 8.129572673707496921e-01
9.998383799602618138e-01 -7.312772410226541474e-03 1.642368258416611673e-02 3.058377170029043940e-02 7.336583598748916586e-03 9.999721207960611258e-01 -1.390021168354060692e-03 -1.643995423351024554e-02 -1.641306008131842437e-02 1.510290267568274464e-03 9.998641560049258414e-01 1.086597529043740407e+00
9.998787418537765648e-01 -1.076541746342368766e-02 1.125199574993828409e-02 2.933707768208337202e-02 1.080041487187379662e-02 9.999370094684312260e-01 -3.054196359024574300e-03 -3.056924128348861847e-02 -1.121840747793455446e-02 3.175352282194676690e-03 9.999320299187639538e-01 1.452982789139247721e+00
9.999274281544930920e-01 -1.175770971421672556e-02 -2.625776730266120816e-03 4.097671933749798961e-02 1.174656491805326636e-02 9.999221007936064387e-01 -4.220253211279784665e-03 -3.425986623793914054e-02 2.675192740244367387e-03 4.189103127167809713e-03 9.999876473046714898e-01 1.732747491032161191e+00
9.997573923634944792e-01 -1.103970054819264877e-02 -1.905994262037158035e-02 1.418876925268100671e-02 1.095358284272545529e-02 9.999293497512814488e-01 -4.616764050540937518e-03 -3.962790295377695282e-02 1.910956405129531077e-02 4.406869358442251465e-03 9.998076835554305930e-01 2.043303457962610814e+00
9.992934931060699633e-01 -7.020841233648725255e-03 -3.692184125083749352e-02 -3.813255123155374904e-02 6.845683043527278980e-03 9.999647174512824588e-01 -4.868312306907485176e-03 -4.454037235289694252e-02 3.695471883828707615e-02 4.612117601309973815e-03 9.993062979893755360e-01 2.424709278051246475e+00
9.984000731473006152e-01 -3.188003197243393077e-03 -5.645467603761183950e-02 -7.745391154721070759e-02 2.863446381251583215e-03 9.999789118425631562e-01 -5.828939924543696804e-03 -5.149346470190396818e-02 5.647206916449834524e-02 5.657959111387565569e-03 9.983881474836743264e-01 2.786313575559341338e+00
9.970369901703564075e-01 -2.525047723679620885e-03 -7.688214461501839680e-02 -1.219978174016768530e-01 2.033736282230400906e-03 9.999770137023284988e-01 -6.468073974205778079e-03 -5.310061025938332679e-02 7.689671090046099056e-02 6.292550989251714452e-03 9.970192073691135359e-01 3.117525855370370635e+00
9.952233079505771185e-01 -3.354219518558267370e-03 -9.756698328924996722e-02 -1.622594251893335893e-01 2.797055446314868424e-03 9.999789955017094334e-01 -5.846796730118205936e-03 -6.223007613525943782e-02 9.758454706825218927e-02 5.545968084212551941e-03 9.952117858581055465e-01 3.512014459988525683e+00
9.930632085257491415e-01 -4.542335834184015042e-03 -1.174939601124277144e-01 -2.445791983266645542e-01 3.971241797129191134e-03 9.999791385600251825e-01 -5.094278842315780320e-03 -7.184175543265110264e-02 1.175146509754889795e-01 4.592343904361664148e-03 9.930605306751457695e-01 3.899760706800333931e+00
9.909053375091205762e-01 -4.043561561056716915e-03 -1.345000416825742617e-01 -3.022113081013754199e-01 3.450605010579880540e-03 9.999832751346499071e-01 -4.641419018780621950e-03 -8.098077890188400130e-02 1.345165623766983176e-01 4.135100278912445283e-03 9.909027176725248021e-01 4.292629612035804954e+00
9.884956336737543703e-01 -2.847471484112749310e-03 -1.512225959082911519e-01 -3.792622620053860971e-01 2.258872145034349424e-03 9.999891909933097400e-01 -4.063913105646544191e-03 -8.339182485971588510e-02 1.512325358343344639e-01 3.675567748028432408e-03 9.884913813034095220e-01 4.697489054284757160e+00
9.863728488352209167e-01 -2.008392723304737622e-03 -1.645131263651204434e-01 -4.763451091570118923e-01 1.429015339929683420e-03 9.999923539572390663e-01 -3.640046734209108955e-03 -8.943432073285846606e-02 1.645191819797727217e-01 3.355351367382180573e-03 9.863681772405434867e-01 5.122725545894429189e+00
9.841400779423581380e-01 -3.657553445772833596e-03 -1.773553734936382797e-01 -5.720342169885939132e-01 2.871638169662076197e-03 9.999848890626288345e-01 -4.687785846563486715e-03 -9.936371419080311518e-02 1.773698423826181036e-01 4.104137346141651689e-03 9.841357100815025793e-01 5.556220723804328188e+00
9.825335987585838149e-01 -6.297192017050113125e-03 -1.859786865170069969e-01 -6.474305630499718189e-01 5.177822501690008440e-03 9.999654440091997332e-01 -6.503916757937862857e-03 -1.139746997290897734e-01 1.860132194682390938e-01 5.427351994351231092e-03 9.825322523390448426e-01 6.021656878278783154e+00
9.809023670244564341e-01 -6.139253753231118868e-03 -1.944038451718279048e-01 -7.548441563171576218e-01 4.572231944476278821e-03 9.999533503195285888e-01 -8.508341352801885790e-03 -1.183160946963031507e-01 1.944470145215543011e-01 7.456992596334376805e-03 9.808846786059370881e-01 6.436699485881467453e+00
9.794216633356066515e-01 -5.865474294417527545e-03 -2.017394374636489185e-01 -8.557669181806001335e-01 3.810904878303208315e-03 9.999368617240457224e-01 -1.057116661879519380e-02 -1.259148036247197122e-01 2.017887083748987342e-01 9.584819694472042004e-03 9.793821773861687285e-01 6.924400231187547661e+00
9.778723284142837313e-01 -6.544470110391407969e-03 -2.091001630788690557e-01 -9.579125548977401872e-01 3.924224263234238688e-03 9.999085293675524788e-01 -1.294346769327289932e-02 -1.309940296387103742e-01 2.091657483032538234e-01 1.183650287975411379e-02 9.778085640734246464e-01 7.405690773012889139e+00
9.760256586606473883e-01 -1.010447930863404842e-02 -2.174208178496235544e-01 -1.073398642956081783e+00 7.010448493752791978e-03 9.998629584722941166e-01 -1.499726226072065939e-02 -1.475951995160333929e-01 2.175425654500806605e-01 1.311349525997557858e-02 9.759627398475041460e-01 7.917869115302652361e+00
9.742445388299872944e-01 -1.567834595741770740e-02 -2.249483648964552551e-01 -1.175938694507836946e+00 1.240779472874826983e-02 9.997958726116790151e-01 -1.594552343624276031e-02 -1.624904148274632365e-01 2.251524500951336827e-01 1.274372591284437216e-02 9.742402028480339204e-01 8.431549275227336437e+00
9.721645713962177027e-01 -1.691289842204746208e-02 -2.336878232849226023e-01 -1.329269343982679930e+00 1.301103581272294862e-02 9.997491851242117367e-01 -1.822854268194123301e-02 -1.891142646549545114e-01 2.339375124316904198e-01 1.468062267906777504e-02 9.721407927119423142e-01 8.953274817176311018e+00
9.700783971265627414e-01 -1.308330287964101779e-02 -2.424391249109016377e-01 -1.483298277180218783e+00 7.934359714427153057e-03 9.997220124539790698e-01 -2.220233628729589501e-02 -1.841486091656155677e-01 2.426622139280358026e-01 1.961440754022431010e-02 9.699125353810098549e-01 9.464436819240265919e+00
9.680231678620869751e-01 -1.047331737247145234e-02 -2.506420848427391990e-01 -1.631985740584604105e+00 4.174156979755174607e-03 9.996622566182380432e-01 -2.565051847543479979e-02 -2.015643145550564119e-01 2.508260824794202870e-01 2.378407674126058885e-02 9.677399420614635206e-01 9.997761033589947388e+00
9.658121976388478469e-01 -1.244711430658756481e-02 -2.589437520883027255e-01 -1.791064588525308920e+00 5.489915562134033492e-03 9.996047053421397433e-01 -2.757342694813754228e-02 -2.292115789102981971e-01 2.591846070682555236e-01 2.520917274711961462e-02 9.654987512014089335e-01 1.056798406802424495e+01
9.633616551648780391e-01 -1.479229356929669809e-02 -2.677975127380198272e-01 -1.943013510523420084e+00 7.347484785226720064e-03 9.995587367832436954e-01 -2.878100367619206013e-02 -2.532974542360141301e-01 2.681050852206408042e-01 2.575887719134887024e-02 9.630452456245028880e-01 1.112398020513643360e+01
9.609315476477131579e-01 -1.420450796023887095e-02 -2.764214011536530458e-01 -2.101347892273678575e+00 5.602474338721262492e-03 9.994758684383329150e-01 -3.188417597694664929e-02 -2.810152284455795235e-01 2.767294237693807557e-01 2.908986678575310389e-02 9.605074738683083702e-01 1.169465557330599914e+01
9.587254079690541442e-01 -1.304893654732235640e-02 -2.840340043221086797e-01 -2.313998880372530653e+00 3.180641877104229635e-03 9.993760403692052430e-01 -3.517688791360174677e-02 -2.995826746680642083e-01 2.843158044404347495e-01 3.282156581947348606e-02 9.581687064034088985e-01 1.231285817052873277e+01
9.568026923792001259e-01 -1.506653463446883980e-02 -2.903473877343117349e-01 -2.503915830962275546e+00 3.429168341935915579e-03 9.991717055754200105e-01 -4.054804026045290971e-02 -3.353531343031162515e-01 2.907178180634233389e-01 3.780082411526816677e-02 9.560618441270197776e-01 1.289492667947614990e+01
9.546294133784642977e-01 -1.612501959197224638e-02 -2.973594877442904405e-01 -2.701195312609591781e+00 2.071316831295222892e-03 9.988683137247068577e-01 -4.751632844243571657e-02 -3.762178755345808590e-01 2.977891769345317186e-01 4.474455918678715144e-02 9.535824728060130484e-01 1.351230574475077439e+01
9.535351958098110536e-01 -1.626775127713996766e-02 -3.008421324813256303e-01 -2.919342143016104174e+00 -4.641076787209108068e-04 9.984607006448813493e-01 -5.546182341099601537e-02 -4.096752835865393738e-01 3.012812906959453918e-01 5.302442401482147794e-02 9.520598701208994319e-01 1.413257710752876051e+01
9.520351988579214275e-01 -1.666824525391960576e-02 -3.055342006010172140e-01 -3.114652632112139941e+00 -3.121200626766569824e-03 9.979342739841269294e-01 -6.416730394973232943e-02 -4.510880037888032601e-01 3.059726122523521163e-01 6.204316581824453197e-02 9.500165304581683623e-01 1.472540261067779177e+01
9.507371752682289845e-01 -1.549446080677617348e-02 -3.096106315978908730e-01 -3.339090070964202184e+00 -7.447791636078651169e-03 9.973201236273718795e-01 -7.278118842926331600e-02 -4.983125894685896395e-01 3.099086239503759388e-01 7.150169735883288302e-02 9.480739180798590793e-01 1.535468113997395179e+01
9.495409007997773765e-01 -1.535121005431262266e-02 -3.132673234879734814e-01 -3.574160614912385014e+00 -1.033947703938306768e-02 9.967265328959455939e-01 -8.018300203041583973e-02 -5.605751385286604771e-01 3.134727646676446211e-01 7.937606073075868796e-02 9.462738868364475309e-01 1.601001133416982114e+01
9.477672336491829164e-01 -1.346428175653763964e-02 -3.186784928049243293e-01 -3.798315377348038258e+00 -1.494935251012731794e-02 9.961355758448019460e-01 -8.654727827240261961e-02 -6.106970950926935426e-01 3.186122863116638282e-01 8.679071215226542846e-02 9.439033771929237204e-01 1.668355714196864170e+01
9.458515815041526054e-01 -1.198923667560533937e-02 -3.243779304087738291e-01 -4.036986782375636906e+00 -1.915531080480398912e-02 9.955144875198979060e-01 -9.264976625573607960e-02 -6.884330468983337337e-01 3.240337346478649461e-01 9.384648859100080953e-02 9.413792953118158557e-01 1.734084222060162617e+01
9.445247162321859236e-01 -1.011846111619896238e-02 -3.282844420404819608e-01 -4.304061540106957295e+00 -2.330160457904281376e-02 9.949422382604342641e-01 -9.770863693953248108e-02 -7.571434805240798704e-01 3.276127241675723112e-01 9.993777746494293679e-02 9.395117593202151340e-01 1.802776692447397977e+01
9.428099534301048745e-01 -8.415444370276112945e-03 -3.332245033890585129e-01 -4.572874089714418666e+00 -2.694414305078915786e-02 9.944859100009366681e-01 -1.013498295557951207e-01 -8.462328593539207855e-01 3.322399829893865619e-01 1.045320774362332727e-01 9.373844680035219312e-01 1.872461374841083881e+01
9.412138608888240832e-01 -7.057731451867257401e-03 -3.377375520836227163e-01 -4.839383491329183329e+00 -2.933423926775094448e-02 9.942975815135576267e-01 -1.025271758749818213e-01 -9.181261187595398665e-01 3.365352462185252080e-01 1.064072738915573801e-01 9.356396328371547888e-01 1.941653956925934210e+01
9.389219921892225651e-01 -6.603384715904529571e-03 -3.440666874327197866e-01 -5.114561957403068959e+00 -3.030867267871793086e-02 9.943438082604934003e-01 -1.017928058759733495e-01 -1.011630133845105473e+00 3.427927631662235353e-01 1.060037093607830716e-01 9.334111300074479090e-01 2.013256591480358537e+01
9.364801468789515360e-01 -5.908145700469099454e-03 -3.506708224747233094e-01 -5.385001835750415466e+00 -3.130111242653665221e-02 9.944601522895050172e-01 -1.003456320306067573e-01 -1.094427782625843282e+00 3.493210220804370270e-01 1.049480797138298421e-01 9.311072584184344469e-01 2.084379764876290864e+01
9.337110109527835267e-01 -6.404468374767567640e-03 -3.579702894549570136e-01 -5.659265664276412089e+00 -3.094589606610146856e-02 9.946544747657772856e-01 -9.851308210347345384e-02 -1.179126302790882708e+00 3.566876802321670148e-01 1.030604614837692390e-01 9.285216436501659842e-01 2.156250815551467426e+01
9.314662826337365420e-01 -5.587720573293104842e-03 -3.637847425840444182e-01 -5.991199006163526519e+00 -3.130523790967295467e-02 9.949429067892331391e-01 -9.543895596280736748e-02 -1.264340216608136558e+00 3.624783416266369462e-01 1.002865380410677687e-01 9.265808463872018397e-01 2.229236135924772100e+01
9.275888311919334717e-01 -2.972110954386275768e-03 -3.735908509398584987e-01 -6.305574272611317532e+00 -3.290761762905659860e-02 9.954317435866133490e-01 -8.962551300046836533e-02 -1.346599673053768376e+00 3.721505754570043623e-01 9.542961026394584934e-02 9.232535629781666309e-01 2.308265709686727263e+01
9.238004399539382350e-01 -1.174596780319168412e-03 -3.828725172042309333e-01 -6.632428444334910189e+00 -3.388890458809355050e-02 9.958195901039130771e-01 -8.482267467226450863e-02 -1.424256334970371185e+00 3.813715920975433438e-01 9.133435488062797980e-02 9.198987701726049071e-01 2.382624019465508525e+01
9.204798864969341299e-01 1.866342144904227073e-03 -3.907854810112321164e-01 -6.949007671145150944e+00 -3.631919059121947735e-02 9.960691128969775265e-01 -8.079132853314860419e-02 -1.500984596900124535e+00 3.890985697914470243e-01 8.855980574419439200e-02 9.169293685483558276e-01 2.454985570906070436e+01
9.166737161166023107e-01 3.257690470084961126e-03 -3.996231754401225467e-01 -7.279154315305633283e+00 -3.790707564114882688e-02 9.961669144240403728e-01 -7.883230472578554859e-02 -1.573597209234497196e+00 3.978345811639090179e-01 8.741204810410928283e-02 9.132835173790003758e-01 2.528309979620680537e+01
9.125581077021978071e-01 4.730725917249762116e-03 -4.089196948939582965e-01 -7.632361722500259127e+00 -3.995355547654784456e-02 9.961808148449944333e-01 -7.763696021482020815e-02 -1.653606956354784607e+00 4.069906826456272109e-01 8.718603364734969774e-02 9.092618892001077535e-01 2.604751416119778185e+01
9.088935753913425231e-01 4.685551514744445457e-03 -4.170018113492512946e-01 -7.992536100327811255e+00 -4.026306874678409892e-02 9.962514802763182686e-01 -7.656287217860582861e-02 -1.718474658971823610e+00 4.150799396535451158e-01 8.637727565059455381e-02 9.056752251471150705e-01 2.680315715791921249e+01
9.045941509402347647e-01 5.149407622404685893e-03 -4.262427735342794732e-01 -8.371714666458498044e+00 -4.112202688518108717e-02 9.963175701132508388e-01 -7.523482203162662474e-02 -1.791591238793257101e+00 4.242857569007335572e-01 8.558494715011603915e-02 9.014748010624004104e-01 2.759762374252799688e+01
9.008104143687691856e-01 4.678198694078035229e-03 -4.341874111495679367e-01 -8.781215618671977197e+00 -4.007366607704861139e-02 9.965700459201424222e-01 -7.240334881685907276e-02 -1.864542952992267022e+00 4.323594584189585088e-01 8.262117234507698749e-02 8.979081491772675783e-01 2.837495130921553610e+01
8.970606647085800356e-01 5.900204699875552516e-03 -4.418680204204009643e-01 -9.171967705847698937e+00 -4.029189338575526330e-02 9.968379689945130462e-01 -6.848815197483835993e-02 -1.928302517382531667e+00 4.400667334636662043e-01 7.924172663231604519e-02 8.944618620953946886e-01 2.914649006914651963e+01
8.934239541541314500e-01 6.854125550311115228e-03 -4.491621700886153090e-01 -9.589248769576370179e+00 -3.943096900104927499e-02 9.972207099503448413e-01 -6.321435276266028358e-02 -1.997509819906110762e+00 4.474805467019319360e-01 7.418811688387667858e-02 8.912111352754487070e-01 2.994673176585158103e+01
8.897049132739761612e-01 6.917778948169818129e-03 -4.564836332674909181e-01 -9.995558774367273358e+00 -3.789354139066847954e-02 9.975539363051640906e-01 -5.873860526354965361e-02 -2.072836598169516265e+00 4.549607123458477842e-01 6.955780737825691118e-02 8.877907781558723732e-01 3.075787622756352135e+01
8.857749431137189600e-01 7.132534368124283930e-03 -4.640602038399008755e-01 -1.042159407496234280e+01 -3.767718745055474716e-02 9.976867756824445710e-01 -5.658203991306436781e-02 -2.132115175783474204e+00 4.625831630890937518e-01 6.760343667395102285e-02 8.839946814473857994e-01 3.155832431800476812e+01
8.827128285068138736e-01 6.283752470778706904e-03 -4.698708039761731459e-01 -1.087993954088281612e+01 -3.664652392306121109e-02 9.977858587633091636e-01 -5.550146305363564542e-02 -2.200033574975868156e+00 4.684816942429694264e-01 6.621098527994911942e-02 8.809886559643629322e-01 3.238792589822759993e+01
8.796391209651777121e-01 7.248716489350780050e-03 -4.755864468859037908e-01 -1.132455136170283794e+01 -3.746048082733718920e-02 9.978338034081883912e-01 -5.407784407708744745e-02 -2.251589637332787497e+00 4.741642463300049792e-01 6.538468437270850142e-02 8.780051907586857718e-01 3.319784755548931088e+01
8.765958688743581417e-01 5.625702880401979404e-03 -4.811943781146189592e-01 -1.181736597975537073e+01 -3.510929077112814878e-02 9.980145245175293667e-01 -5.229098026315218140e-02 -2.303906998067945633e+00 4.799448132036666648e-01 6.273245075820954586e-02 8.750529243696516524e-01 3.403622791996892261e+01
8.737163823097726656e-01 4.317328664944541754e-03 -4.864165285601381727e-01 -1.229331485124368406e+01 -3.388281683031273833e-02 9.980719789710663647e-01 -5.200268816965002150e-02 -2.371249451414524589e+00 4.852542029081653996e-01 6.191676284870894359e-02 8.721781226779754537e-01 3.486734236025810674e+01
8.719370884462407378e-01 3.837672187086524529e-03 -4.896028812293588550e-01 -1.275638877231627788e+01 -3.382679354842395986e-02 9.980520855167892558e-01 -5.241929696051324250e-02 -2.432152297571713362e+00 4.884480170031398893e-01 6.226802488530563257e-02 8.703684463826549811e-01 3.572586389856475364e+01
8.703114324036965721e-01 4.093678263909559904e-03 -4.924847689197214828e-01 -1.324828297352802409e+01 -3.441051339714024104e-02 9.980271611669714327e-01 -5.251382867523355508e-02 -2.491338621922715824e+00 4.912982095680112349e-01 6.265003932610553605e-02 8.687353144624084811e-01 3.655386172672802303e+01
8.703033965578508280e-01 3.938536284174185345e-03 -4.925002345826722250e-01 -1.377020704778798965e+01 -3.412033226388002521e-02 9.980476676265093161e-01 -5.231305890790603763e-02 -2.551086524086947804e+00 4.913326819951211455e-01 6.233250462500277561e-02 8.687386599073739779e-01 3.745175061337535283e+01
8.697948542373354908e-01 2.967549548213246815e-03 -4.934046010825615669e-01 -1.427553290393272434e+01 -3.216751653375911346e-02 9.981956157110524197e-01 -5.070269926168154140e-02 -2.618270136670920678e+00 4.923638552653152312e-01 5.997254768412894899e-02 8.683208694474082723e-01 3.832833687402789735e+01
8.692424172450564646e-01 2.682664038498356815e-03 -4.943788208814318130e-01 -1.479358679591444314e+01 -3.163247651456408543e-02 9.982380666234896838e-01 -5.020108394772923588e-02 -2.680363877103464798e+00 4.933730941772048184e-01 5.927533810001310577e-02 8.677957300070561208e-01 3.921421637200451471e+01
8.692895530687955175e-01 5.448532855247903168e-04 -4.943029144416100640e-01 -1.531240556889932414e+01 -2.975864127370369053e-02 9.982432212358324231e-01 -5.123372499824456472e-02 -2.740497914180654249e+00 4.934066271993411967e-01 5.924672511853429357e-02 8.677786184174146600e-01 4.011489499561528049e+01
8.684172084541930126e-01 -1.253898717422303674e-03 -4.958326077810537025e-01 -1.584365304594807711e+01 -2.794434174172520310e-02 9.982836499674975217e-01 -5.146715475567043008e-02 -2.802780445550710819e+00 4.950461285814060086e-01 5.855067879331685848e-02 8.668916618601342217e-01 4.104123836328194841e+01
8.669027297134554999e-01 -2.177586339962854327e-03 -4.984725774073873183e-01 -1.638219800381363456e+01 -2.620284422332301577e-02 9.984088668143932255e-01 -4.993140959766339398e-02 -2.875920843588027687e+00 4.977881796660930114e-01 5.634707464687408601e-02 8.654663137442052401e-01 4.195198460467817370e+01
8.647106898177016054e-01 -2.306194806218913804e-03 -5.022649693199549015e-01 -1.692912836110319574e+01 -2.404249882533482721e-02 9.986531062358016131e-01 -4.597751294633325297e-02 -2.941376877459629391e+00 5.016945135018145985e-01 5.183295189884446624e-02 8.634905703904665053e-01 4.288779061708720519e+01
8.611388372141526304e-01 -8.764307028367723795e-04 -5.083690881853067944e-01 -1.747843038972695595e+01 -2.339515650272620817e-02 9.988707147587957413e-01 -4.135168547338446271e-02 -2.995019778437983060e+00 5.078312451096407276e-01 4.750291670657239701e-02 8.601458623053748198e-01 4.380204518333555086e+01
8.578908361694196349e-01 -2.596627719128062443e-03 -5.138254232269603428e-01 -1.800965262819982726e+01 -2.129176485063993818e-02 9.989487087596436998e-01 -4.059726659058412318e-02 -3.058906234974622773e+00 5.133906678922546263e-01 4.576827302961886806e-02 8.569336569735417353e-01 4.468263036903076824e+01
8.525714371851828011e-01 -5.708688641178047245e-03 -5.225795155035475315e-01 -1.856407863007628123e+01 -1.908932045216640838e-02 9.989328758428350774e-01 -4.205600357851839444e-02 -3.124510254500090678e+00 5.222619519062271509e-01 4.583143520391062126e-02 8.515526633464053363e-01 4.557901450457537607e+01
8.465895838367074600e-01 -8.490806174488911215e-03 -5.321785200709929775e-01 -1.914553709557686290e+01 -1.812602666098097823e-02 9.988328181416065155e-01 -4.477106866136638247e-02 -3.187456949604325018e+00 5.319375225869161783e-01 4.754900239610071466e-02 8.454475559913081639e-01 4.645738707742535922e+01
8.397504238873896298e-01 -8.521508546787879418e-03 -5.429057042811198386e-01 -1.971661838708033798e+01 -1.833781282927940057e-02 9.988613377199825338e-01 -4.404262319703266398e-02 -3.249745476629325669e+00 5.426628369740628122e-01 4.694051464004284080e-02 8.386379666789817167e-01 4.736360777312837200e+01
8.343600633295387148e-01 -5.840424936130757423e-03 -5.511888680471582758e-01 -2.034238691839115276e+01 -1.925646111206831892e-02 9.990246792375523377e-01 -3.973511058589142969e-02 -3.302859970958126112e+00 5.508833615261529149e-01 4.376733630188489599e-02 8.334338294857860374e-01 4.826234944964602391e+01
8.304634896221809726e-01 -2.208582827142330490e-03 -5.570686748926213516e-01 -2.094707502714673097e+01 -2.147238218965195206e-02 9.991221036666174671e-01 -3.597163894089749209e-02 -3.350294137854200827e+00 5.566590822865116195e-01 4.183472418429180079e-02 8.296870060088852306e-01 4.912726223639752021e+01
8.253761303520996684e-01 -2.103551377535268184e-03 -5.645793233426205093e-01 -2.155115344542546651e+01 -2.270993163563463091e-02 9.990600437977233961e-01 -3.692272924067953321e-02 -3.414126303633039150e+00 5.641263220886942875e-01 4.329669711452933251e-02 8.245525422152645278e-01 4.999715157577416136e+01
8.213947563037942157e-01 -4.514796595126299543e-03 -5.703422346663802323e-01 -2.216164703544847470e+01 -2.315271729882258100e-02 9.988805213001720196e-01 -4.125113198810524684e-02 -3.468237635908963501e+00 5.698899989741762484e-01 4.708843595688018413e-02 8.203706933520484856e-01 5.084897791800511868e+01
8.186323252830263186e-01 -5.787615629353739556e-03 -5.742887889764490827e-01 -2.278325631658298889e+01 -2.566920837138412376e-02 9.985812270602471008e-01 -4.665431114810342922e-02 -3.547807231206396406e+00 5.737440306851534499e-01 5.293426578802590959e-02 8.173223091763532899e-01 5.173521356319745479e+01
8.153657319719358476e-01 -7.116967121401557295e-03 -5.789024662659147946e-01 -2.340980741247531327e+01 -2.588904443006802628e-02 9.984759695554481507e-01 -4.873905664110260438e-02 -3.610398721271971034e+00 5.783670855065560223e-01 5.472738825589935907e-02 8.139388390966394438e-01 5.259795644440777806e+01
8.124672880017250742e-01 -5.682570053130752037e-03 -5.829790800555594288e-01 -2.402231656061687559e+01 -2.585977679843203328e-02 9.986170777304967938e-01 -4.577339898000020585e-02 -3.666654121985097436e+00 5.824329858821754025e-01 5.226509818546858782e-02 8.111967597106638506e-01 5.343871818985735445e+01
8.091501775690070897e-01 -4.126035277244424586e-03 -5.875874056960973535e-01 -2.468421566646875931e+01 -2.417923150235543051e-02 9.988945921548284534e-01 -4.031077488891853661e-02 -3.732338415503880125e+00 5.871042157664533301e-01 4.682488247961665018e-02 8.081559730682825737e-01 5.432523660554930700e+01
8.066162675045837060e-01 -2.233309576979984352e-03 -5.910712331094903904e-01 -2.532096314839169082e+01 -2.487059673615257122e-02 9.989790073112237989e-01 -3.771467110611641249e-02 -3.788080588180273711e+00 5.905519924184871039e-01 4.512156140898434392e-02 8.057371752718942570e-01 5.519606443852784849e+01
8.034275624894695600e-01 -8.292626720551809182e-04 -5.954019292434452604e-01 -2.595651450865575427e+01 -2.703733142689560692e-02 9.989166433436252879e-01 -3.787508960449259554e-02 -3.841020246742911315e+00 5.947883152503773418e-01 4.652797011172585262e-02 8.025347436688347047e-01 5.602640140989884543e+01
8.004839728344738115e-01 -2.757272143357395681e-03 -5.993478120387027985e-01 -2.662582707697730910e+01 -2.629357116485664392e-02 9.988651304964131228e-01 -3.971270883882984520e-02 -3.896864262109922095e+00 5.987771395509220440e-01 4.754838119757104353e-02 7.995030302863495031e-01 5.689750449699735668e+01
7.955308119755715168e-01 -4.460869540748957883e-03 -6.058967080393248272e-01 -2.725722595512491964e+01 -2.603400566279221937e-02 9.987977843379456377e-01 -4.153572677558646509e-02 -3.962590715617035908e+00 6.053535854187436227e-01 4.881686868913921035e-02 7.944582789118513899e-01 5.774501546729634782e+01
7.916494253483828958e-01 -5.851967685704723490e-03 -6.109475711427426736e-01 -2.793142057839342840e+01 -2.501871300761276604e-02 9.988049210035510050e-01 -4.198563830594286700e-02 -4.018346995524521681e+00 6.104631496529895340e-01 4.852302829006137352e-02 7.905569338956259795e-01 5.858131790443128750e+01
7.876279883980146224e-01 -6.713520992317255007e-03 -6.161144968935413635e-01 -2.861476479597787304e+01 -2.392741480570358473e-02 9.988531033894596511e-01 -4.147236083395160894e-02 -4.077331413166417562e+00 6.156863134438363971e-01 4.740681916583799893e-02 7.865640241817172251e-01 5.943365502580710569e+01
7.827510847463292620e-01 -6.110714753294527180e-03 -6.223049020471559389e-01 -2.926635254730861035e+01 -2.458023297437245472e-02 9.988679610404179732e-01 -4.072601869748370546e-02 -4.134772998186138082e+00 6.218493044569014527e-01 4.717473467161797940e-02 7.817147780947953928e-01 6.025626077480323772e+01
7.772817397599269817e-01 -7.930339327119175288e-03 -6.291026937030014254e-01 -2.997693824204232982e+01 -2.364115728244619088e-02 9.988462266085295083e-01 -4.180085303676077391e-02 -4.197342711588551545e+00 6.287083575422074411e-01 4.736375538310270972e-02 7.761974512453664321e-01 6.110199690854447141e+01
7.719209620671744210e-01 -8.339996019718083631e-03 -6.356637988059724576e-01 -3.066951221690574059e+01 -2.397994237502367593e-02 9.988203184606146978e-01 -4.222480120534128495e-02 -4.262842552947841313e+00 6.352660835832639741e-01 4.783739031651244172e-02 7.708103494173016434e-01 6.193495300315076690e+01
7.668907025025974988e-01 -9.436321492788194917e-03 -6.417083437528059431e-01 -3.137767405115341290e+01 -2.403236103572423815e-02 9.987683629970051102e-01 -4.340740422681924754e-02 -4.319507200343303488e+00 6.413276092890723978e-01 4.871050120347418522e-02 7.657193953423657717e-01 6.276676956247334260e+01
7.605695961015127571e-01 -1.117990663280432617e-02 -6.491601429515327926e-01 -3.208961484067602044e+01 -2.299985418726758005e-02 9.987602177623587929e-01 -4.414786701808792041e-02 -4.382505509482046868e+00 6.488489059548341320e-01 4.850811389728435646e-02 7.593695201050379984e-01 6.357999802681606383e+01
7.550415229775909731e-01 -1.320309732774923618e-02 -6.555440249745974057e-01 -3.281446026842824182e+01 -2.210631558675688751e-02 9.987162274840629683e-01 -4.557639529303578185e-02 -4.462920694060504623e+00 6.553042164533261493e-01 4.890373388917396147e-02 7.537803504962177215e-01 6.442105723729287092e+01
7.484522459367631830e-01 -1.400318326703873552e-02 -6.630408268858938303e-01 -3.356730700575389648e+01 -2.158520168963199218e-02 9.987329929611251655e-01 -4.545863916295285467e-02 -4.521770525630482318e+00 6.628373265755361787e-01 4.833549042278680041e-02 7.472016910588757943e-01 6.523528810753128937e+01
7.425613421373760126e-01 -1.405864937767681115e-02 -6.696304944476315635e-01 -3.430923680724230707e+01 -2.086139539087171826e-02 9.988091508172322053e-01 -4.410308901747112681e-02 -4.580508199708303252e+00 6.694531069308055082e-01 4.671867533060616168e-02 7.413837814572842300e-01 6.604864251364703875e+01
7.356071313165986059e-01 -1.507891661915324033e-02 -6.772405525403253357e-01 -3.504958789119226026e+01 -1.925962968629989225e-02 9.988825235064150432e-01 -4.315983004524909239e-02 -4.646429783792140000e+00 6.771345673011829325e-01 4.479208084173601223e-02 7.344946942303991477e-01 6.683118128008557335e+01
7.295476534508862354e-01 -1.694801015007110084e-02 -6.837199554785887701e-01 -3.584069437348058074e+01 -1.821082729219490257e-02 9.988571050952611552e-01 -4.419105564334176867e-02 -4.705682052127078130e+00 6.836874976787110647e-01 4.469058679208645635e-02 7.284052208199723877e-01 6.766998065964658338e+01
7.232285997524334764e-01 -1.766273815223892707e-02 -6.903828005140979496e-01 -3.661665154208284889e+01 -1.888651465658839138e-02 9.987931469492069558e-01 -4.533816495040563638e-02 -4.781534150207025213e+00 6.903504179690246323e-01 4.582878225697668839e-02 7.220221825072986599e-01 6.847191587468049079e+01
7.174603189749974019e-01 -1.707349678979624974e-02 -6.963901042682943965e-01 -3.739930488060396385e+01 -2.073940531911908774e-02 9.987328877777748026e-01 -4.585298214454253118e-02 -4.837376256768078697e+00 6.962905826085268313e-01 4.734041166059572980e-02 7.161971230337846883e-01 6.927822369591604001e+01
7.117974045633640445e-01 -1.760885341129059950e-02 -7.021640648151692421e-01 -3.820000347162878995e+01 -1.970157937649674382e-02 9.987918140128719813e-01 -4.501955200348874836e-02 -4.896841935329968365e+00 7.021084748348436211e-01 4.587854114369537689e-02 7.105904996667258278e-01 7.005694282097945802e+01
7.075851532422504642e-01 -1.666154703915299906e-02 -7.064316204952929557e-01 -3.901759124713249349e+01 -2.130416237045754113e-02 9.987645084365857073e-01 -4.489531588522082534e-02 -4.972757165539862356e+00 7.063068677887207603e-01 4.681719273640730372e-02 7.063559784338570013e-01 7.085840053781188885e+01
7.022950678825818915e-01 -1.763334504028693170e-02 -7.116675440940645192e-01 -3.983948880800144110e+01 -2.089002990905087370e-02 9.987521920138593412e-01 -4.536149944629399439e-02 -5.043929082967057553e+00 7.115794068949804485e-01 4.672391342906705852e-02 7.010503783726014237e-01 7.166261207177072379e+01
6.968604952388683937e-01 -2.001840011722137713e-02 -7.169272656626629603e-01 -4.064573408567385826e+01 -2.059634404167379890e-02 9.986395558776779424e-01 -4.790436389745300616e-02 -5.108543208947275538e+00 7.169109072673981453e-01 4.814873919128632995e-02 6.955001506147220347e-01 7.243382461582717724e+01
6.923870115946765269e-01 -2.115423974769805801e-02 -7.212161358624062935e-01 -4.149551583075935923e+01 -2.206292318246017362e-02 9.984819609381905270e-01 -5.046782277004308037e-02 -5.181254373274769343e+00 7.211889224554641764e-01 5.085540104026870650e-02 6.908692177007683677e-01 7.321729910508943817e+01
6.870109049860604333e-01 -2.229742957564244746e-02 -7.263049161686830901e-01 -4.235219399087176129e+01 -2.190342504413966482e-02 9.984394468110143750e-01 -5.137033244526240106e-02 -5.253405674769092037e+00 7.263169176108963399e-01 5.120054372028701867e-02 6.854503988591906793e-01 7.402692576843818983e+01
6.826173995886062329e-01 -2.208505337748020020e-02 -7.304421443743837061e-01 -4.318855144069261343e+01 -2.172268169691654593e-02 9.984883051563867573e-01 -5.048989600415135226e-02 -5.322711909251348850e+00 7.304530233972634790e-01 5.033244355176026003e-02 6.811057448158633898e-01 7.481782055608626081e+01
6.787722890619939387e-01 -2.204752302217295387e-02 -7.340177629470828746e-01 -4.406332830227458430e+01 -2.071529632952892261e-02 9.985765548395952873e-01 -4.915018467904650606e-02 -5.402020665750978168e+00 7.340565814050303839e-01 4.856717864947220770e-02 6.773493739798971403e-01 7.560215202766337939e+01
6.721940748905104179e-01 -2.282556272970622316e-02 -7.400230464032736544e-01 -4.493434902245422080e+01 -2.074867317375617484e-02 9.985513043334706129e-01 -4.964660317197130968e-02 -5.472033189060924840e+00 7.400842026440458410e-01 4.872664863510479255e-02 6.707466711349656663e-01 7.637999010405422950e+01
6.681975279352071473e-01 -2.432607924401656782e-02 -7.435861048189716938e-01 -4.580960073077344674e+01 -1.918003631494563654e-02 9.985698746904945189e-01 -4.990322229014391986e-02 -5.544046985414559536e+00 7.437366460813052971e-01 4.760721806539408574e-02 6.667753476895160736e-01 7.714073034323057243e+01
6.630516572668959663e-01 -2.478284864080204306e-02 -7.481632842112506676e-01 -4.670229737294693706e+01 -1.845079099978377130e-02 9.986071222300880734e-01 -4.943059547381847829e-02 -5.627427286790521066e+00 7.483462280818024004e-01 4.657924242784932528e-02 6.616708452332020762e-01 7.792296942739463361e+01
6.595420083094584163e-01 -2.549699558008079389e-02 -7.512351376538450864e-01 -4.760976830839133100e+01 -1.759273029097392985e-02 9.986271406506500581e-01 -4.933892804929971426e-02 -5.693559815182084094e+00 7.514618048683127105e-01 4.575737263430236512e-02 6.581879891756988732e-01 7.870817931829492409e+01
6.555981429649542225e-01 -2.846044813533716439e-02 -7.545734340028041887e-01 -4.849127159265189846e+01 -1.508803145426486532e-02 9.985962265017659378e-01 -5.077329751996657176e-02 -5.773439349295522049e+00 7.549592276425921566e-01 4.467190704134861579e-02 6.542484205795706664e-01 7.945607270312645198e+01
6.521062333051815818e-01 -3.264954334224959981e-02 -7.574242253866575458e-01 -4.942270551979145665e+01 -1.220233031670203694e-02 9.984907940980495278e-01 -5.354658948859605111e-02 -5.859658681352224896e+00 7.580294010518603409e-01 4.416040512981121713e-02 6.507236712704171921e-01 8.024208466191861078e+01
6.466629791868642174e-01 -3.699280612639292698e-02 -7.618782796016894121e-01 -5.031207440860028157e+01 -7.763575694160828634e-03 9.984523614902545141e-01 -5.506912679630276974e-02 -5.930211046002864528e+00 7.627363421341347705e-01 4.152606502780667452e-02 6.453749832672854847e-01 8.100391372953286862e+01
6.413033133852353851e-01 -4.109421769648037570e-02 -7.661862141065162168e-01 -5.120918255337085867e+01 -2.352319803018561219e-03 9.984547600667087464e-01 -5.552079501938032846e-02 -6.006088268273610531e+00 7.672838694591799236e-01 3.740798451238643713e-02 6.402156802209063580e-01 8.176944309256471399e+01
6.317438437892065606e-01 -4.498581857482408103e-02 -7.738707779302611556e-01 -5.214777254441761301e+01 3.059454643763232905e-03 9.984515895662778862e-01 -5.554334350177419360e-02 -6.092194068539948049e+00 7.751711845086485253e-01 3.272154242927892420e-02 6.309032781799532863e-01 8.251704795986078977e+01
6.218829343747747096e-01 -4.477740142061614748e-02 -7.818290024146458128e-01 -5.307211269771680406e+01 3.741863565611057776e-03 9.985224561825543077e-01 -5.421164942620828459e-02 -6.175133085852960946e+00 7.831012861245694179e-01 3.078780179334832459e-02 6.211316271067196526e-01 8.327048292722759015e+01
6.134107140472669917e-01 -4.451125156607200345e-02 -7.885087399378534201e-01 -5.406752909603165591e+01 6.013116400037075288e-03 9.986447862277930687e-01 -5.169558343081030044e-02 -6.259468797265593132e+00 7.897411908025111504e-01 2.696922949870397823e-02 6.128470638362346623e-01 8.400965742062037123e+01
6.050357492013592742e-01 -4.389832079069266174e-02 -7.949872124931901540e-01 -5.504217208919605753e+01 4.539701621640373011e-03 9.986528852320243343e-01 -5.168951445597624872e-02 -6.337162835047820408e+00 7.961853701263206240e-01 2.766499895689018482e-02 6.044199829954243208e-01 8.474811869079127291e+01
5.959556730904095323e-01 -4.471556050463019322e-02 -8.017713780024616765e-01 -5.600740497043484112e+01 2.936802759864818712e-03 9.985631074316259070e-01 -5.350790264434524685e-02 -6.415305113463487530e+00 8.030119684025999183e-01 2.953369334266106941e-02 5.952306707122200224e-01 8.546072222485280179e+01
5.852055583721402776e-01 -4.779326994045820370e-02 -8.094752904276824035e-01 -5.703587157991610468e+01 4.790701239741720040e-03 9.984479034819544463e-01 -5.548723446383134472e-02 -6.499250734797895390e+00 8.108708370366733975e-01 2.859348333919513319e-02 5.845262272690785466e-01 8.616430706384147697e+01
5.759761552584095057e-01 -4.877239902309739306e-02 -8.160102386012118014e-01 -5.804765804022347453e+01 4.282906722779406157e-03 9.983849270293653211e-01 -5.664974991008324412e-02 -6.580426954055939248e+00 8.174552808554137462e-01 2.913400900298525678e-02 5.752548005118899299e-01 8.688119528668187286e+01
5.662568491251810388e-01 -4.988644824688667073e-02 -8.227177588635633532e-01 -5.903199968811607334e+01 6.649405082833776889e-03 9.984106916516494179e-01 -5.596316805045933179e-02 -6.661694082190916966e+00 8.242020245947738744e-01 2.621894311873565475e-02 5.656886087378252270e-01 8.757536998221266344e+01
5.564373219517897429e-01 -4.922032282023915128e-02 -8.294304395324568757e-01 -6.004849867957743470e+01 7.333685899540105975e-03 9.984959326453476391e-01 -5.433313457215070696e-02 -6.751758697326597947e+00 8.308572290731903731e-01 2.415020110986353455e-02 5.559613702858766660e-01 8.825789941481919243e+01
5.456579491006178229e-01 -4.965124414007170139e-02 -8.365357994743383152e-01 -6.111206592215930300e+01 7.718218205611077423e-03 9.984986503440366201e-01 -5.422982886630308558e-02 -6.839276072028300568e+00 8.379724597008321174e-01 2.313437088196776056e-02 5.452219460305247623e-01 8.894411364105717155e+01
5.355139956891005193e-01 -5.105865628745301366e-02 -8.429814713986022445e-01 -6.215326153710710599e+01 7.449104552747243604e-03 9.984174654343183075e-01 -5.574114751540211465e-02 -6.923347119246443526e+00 8.444935067749197444e-01 2.357070703367023998e-02 5.350468687260337974e-01 8.958474530128762581e+01
5.254411203974076461e-01 -5.226871619465698476e-02 -8.492229372834820822e-01 -6.326258154915731069e+01 6.967722765545296404e-03 9.983421079789356334e-01 -5.713568276130837759e-02 -7.004766207537248768e+00 8.508014408481209268e-01 2.410428669249126132e-02 5.249341908652351840e-01 9.024708335059270325e+01
5.169346709814075513e-01 -5.291702713102795774e-02 -8.543876877247119639e-01 -6.431536482289935464e+01 5.100298589383571966e-03 9.982601688266590223e-01 -5.874199740785203405e-02 -7.094936121219340919e+00 8.560096640598146012e-01 2.600814231921499964e-02 5.163051857571163694e-01 9.087378573510079605e+01
