1.000000000000000000e+00 4.398956837314658088e-19 2.733407509747682871e-20 -8.673617379884035472e-19 -5.583667658079949532e-19 1.000000000000000000e+00 -6.100159232558060012e-19 0.000000000000000000e+00 4.145284534913582806e-20 -2.210423569125054137e-19 1.000000000000000222e+00 0.000000000000000000e+00
9.998967257407972431e-01 2.726573417153725664e-04 1.436883874577195123e-02 -8.955442440666748494e-02 -2.687151886752571581e-04 9.999999257297769173e-01 -2.762845335817899306e-04 -1.017636647078845602e-02 -1.436891325867834836e-02 2.723948909042076872e-04 9.998967247251777657e-01 1.518949444766870549e-02
9.995483073391656648e-01 1.601566816764164345e-03 3.001026995341940506e-02 -1.064773953284836594e-01 -1.588920534420867111e-03 9.999986385463134342e-01 -4.452416293117965503e-04 -1.564137175640464839e-02 -3.001094270021651897e-02 3.973566131049808691e-04 9.995494912206078775e-01 2.442065234403512086e-02
9.979580364813142035e-01 5.130924001795929106e-03 6.366656147875981997e-02 3.455411733043766559e-03 -5.206588736477687704e-03 9.999859227699943176e-01 1.022597278866235315e-03 7.584608157839983766e-03 -6.366041946257045003e-02 -1.351994731329547511e-03 9.979707025184618718e-01 4.141834583752065369e-01
9.954230299531980908e-01 4.114610321805029988e-03 9.547806757845755943e-02 2.086151698945169775e-02 -4.407797897120068094e-03 9.999861956864949386e-01 2.860028281150521837e-03 1.365191349885264138e-02 -9.546498331779854074e-02 -3.267785986983144132e-03 9.954274250589210116e-01 5.438362082217181870e-01
9.908532641792796580e-01 1.760598465363843535e-03 1.349322386515192929e-01 1.622123830833533398e-01 -2.420950412803131793e-03 9.999858828291666724e-01 4.730025875326540098e-03 1.350011384471334203e-02 -1.349220084455437230e-01 -5.013425758600149017e-03 9.908435382676081815e-01 8.252270721022848532e-01
9.851479649474538247e-01 -2.586456226763036298e-03 1.716880809373871331e-01 1.417012324938545509e-01 1.604997100492535451e-03 9.999815707884548432e-01 5.855088665325557280e-03 -1.838382304065981632e-02 -1.717000637596909629e-01 -5.492569699378028678e-03 9.851339604620344970e-01 8.917151610846314469e-01
9.764460509748965622e-01 -2.655406141806103230e-03 2.157453541759490334e-01 2.614522120589606868e-01 1.261724531080356650e-03 9.999774414790619792e-01 6.597316128440096003e-03 -6.155825104337542264e-03 -2.157580095636293105e-01 -6.169711927552576879e-03 9.764273738856446005e-01 1.156958061263385629e+00
9.648349617621063690e-01 -2.647094406300234352e-03 2.628430874446520127e-01 3.453283651424873812e-01 -2.031229865470165149e-05 9.999485374513685798e-01 1.014504969116580141e-02 2.801042844300910550e-03 -2.628564203160824730e-01 -9.793637419390106846e-03 9.647852547603730233e-01 1.326560335659366263e+00
9.503933561710212752e-01 -6.164499218005774391e-03 3.109894953961676034e-01 5.216382914943218374e-01 1.001545036276834787e-03 9.998590620987346522e-01 1.675866458434237954e-02 2.271668100621732078e-02 -3.110489793354175303e-01 -1.561585333999021552e-02 9.502655833162633181e-01 1.616646191975487312e+00
9.335421883320529357e-01 -1.588052956949347408e-02 3.581156093502089743e-01 6.268444999808633344e-01 7.452761462122831776e-03 9.996621231091132875e-01 2.490172571443561439e-02 -2.355491911024326646e-03 -3.583900691388905990e-01 -2.057786114375094802e-02 9.333451193004144164e-01 1.799905431738611838e+00
9.124761595027861549e-01 -2.158289469731943314e-02 4.085601971109478758e-01 7.990690870520024136e-01 1.024521745524463456e-02 9.994998288705128076e-01 2.991868270705082614e-02 -7.648001388933942102e-03 -4.090015859335717208e-01 -2.311429644063174929e-02 9.122408861524772261e-01 2.035656946118555410e+00
8.876253964861121615e-01 -2.357947053933737158e-02 4.599621299939330443e-01 9.938832848643668338e-01 8.985670375913341543e-03 9.993851040598259461e-01 3.389205626703536284e-02 -4.953424057515642964e-03 -4.604784658382550799e-01 -2.595038158032983086e-02 8.872914759433349063e-01 2.280214785897947127e+00
8.592336011162027276e-01 -2.544729710664089123e-02 5.109501442576366292e-01 1.159564095665026606e+00 6.902652149189447695e-03 9.992478526385886184e-01 3.815864721218584221e-02 2.681271284167523195e-02 -5.115368777173642245e-01 -2.926028050944265435e-02 8.587629839595095627e-01 2.505437732065403544e+00
8.271825740335140287e-01 -3.079799029252630257e-02 5.610886456282813128e-01 1.400747777789335569e+00 8.073117711591833515e-03 9.990452263579094883e-01 4.293553798441174241e-02 2.442662285562156865e-02 -5.618752709602896633e-01 -3.098579386981532152e-02 8.266414369348350499e-01 2.747891691192361652e+00
7.916424618183491857e-01 -3.660149163184609616e-02 6.098873156095727666e-01 1.604554769034702844e+00 1.032840128804223684e-02 9.988630816851168381e-01 4.653888832050165347e-02 2.395974420509028313e-02 -6.108973268305132320e-01 -3.054299885215966404e-02 7.911204630489240275e-01 2.930451024871355781e+00
7.539366507997051770e-01 -4.108258623281269006e-02 6.556613005121326720e-01 1.873406632485602241e+00 1.137961389866952618e-02 9.987096846680716400e-01 4.949212144995756429e-02 3.458955041020765619e-02 -6.568485663756541415e-01 -2.985275145080144854e-02 7.534313378359380753e-01 3.135602260840551825e+00
7.138998168940005051e-01 -4.427958323673767543e-02 6.988464511181374794e-01 2.193828769743056295e+00 1.238167065762607079e-02 9.986409036628608460e-01 5.062647240526349512e-02 4.086322728142162408e-02 -7.001383826614454575e-01 -2.748934232587110088e-02 7.134778125101964852e-01 3.383683406944544725e+00
6.725306396869052961e-01 -4.626562718563793225e-02 7.386217040691652747e-01 2.474658814658827755e+00 1.153863481644713286e-02 9.985782053524632218e-01 5.204255610941731225e-02 5.100156891414686644e-02 -7.399793299697730031e-01 -2.647752693230987289e-02 6.721082803698102959e-01 3.560065502697968842e+00
6.297498936702392580e-01 -4.652201336703618711e-02 7.754036136193508399e-01 2.829238167788299840e+00 7.254131738324611986e-03 9.985136938125976913e-01 5.401648628755134629e-02 8.357574531117642480e-02 -7.767640955507937317e-01 -2.839199600318334515e-02 6.291513682392796403e-01 3.814599498698017843e+00
5.878877559503121741e-01 -4.737925595570194326e-02 8.075538260234014221e-01 3.160360915514403679e+00 4.290918049868404013e-03 9.984519374073066444e-01 5.545553770837695351e-02 1.023858165382612179e-01 -8.089311382486527036e-01 -2.913648377286624097e-02 5.871809682850843704e-01 4.002119810783301368e+00
5.478561460788979876e-01 -4.845038345007946640e-02 8.351683615600858923e-01 3.540746393391189795e+00 2.127398369535765232e-03 9.983989573573860410e-01 5.652429635915538070e-02 1.237781276706315381e-01 -8.365698596907582552e-01 -2.919044676523046417e-02 5.470820771289763851e-01 4.212571971702844031e+00
5.090914920694817880e-01 -5.108665297380565046e-02 8.591949688276040442e-01 3.976039239418733828e+00 1.257883406032591885e-03 9.982800959571546118e-01 5.861115677939778001e-02 1.334835516132643618e-01 -8.607114986308810334e-01 -2.875767354342468121e-02 5.082801634087054099e-01 4.422124754716932671e+00
4.718621740166438761e-01 -5.096665263195702955e-02 8.801979756016058420e-01 4.366411047342727336e+00 -1.722726647739568741e-03 9.982725861631458475e-01 5.872713075804238125e-02 1.587391728249381018e-01 -8.816706499526197893e-01 -2.922745146270641289e-02 4.709592699296888951e-01 4.623803997601090288e+00
4.359288996318974041e-01 -5.033118377866217796e-02 8.985726197721320974e-01 4.821035177612763789e+00 -2.938431673113814716e-03 9.983500689882792711e-01 5.734549095954993847e-02 1.837036244016484465e-01 -8.999763189432057331e-01 -2.763895034610493878e-02 4.350617510230260776e-01 4.790473236636914933e+00
4.026317608718169572e-01 -4.902605441319970309e-02 9.140481919476920458e-01 5.341484895729989191e+00 -1.648044563983617821e-03 9.985242321291597500e-01 5.428297858851575952e-02 1.996468070780820780e-01 -9.153605650840263008e-01 -2.336244267902252633e-02 4.019567714565301375e-01 4.986871077801623642e+00
3.723436507501176052e-01 -4.736833392450614383e-02 9.268853393597624724e-01 5.833595631909912704e+00 2.420600547828457639e-04 9.987016220608457839e-01 5.094125503931381388e-02 2.228502837605387810e-01 -9.280949103150935020e-01 -1.874329017345523554e-02 3.718716726545686080e-01 5.162229803962541830e+00
3.465954606661330040e-01 -4.541542437811251637e-02 9.369146231927124591e-01 6.383957993195546798e+00 1.134023710774855268e-03 9.988467892903385437e-01 4.799797372112945409e-02 2.481080631895922761e-01 -9.380140277883892708e-01 -1.557339558993950553e-02 3.462472639272670683e-01 5.353685435264337933e+00
3.261233800748539746e-01 -4.482936185674409046e-02 9.442636571941063206e-01 6.961948707377766610e+00 2.263734385324964963e-03 9.989091117505553008e-01 4.664184746080370786e-02 2.701951880021006280e-01 -9.453245116796381575e-01 -1.307343398046647252e-02 3.258690963590840650e-01 5.533829021138029880e+00
3.110569478868500659e-01 -4.535334249165268866e-02 9.493085032408122848e-01 7.545108640272509604e+00 3.440779791069716390e-03 9.989079123890973744e-01 4.659553160011702111e-02 3.036276909441855132e-01 -9.503850547339515176e-01 -1.122750145087926359e-02 3.108732959843014121e-01 5.722880308531062887e+00
2.990254919950013912e-01 -4.695255397992471186e-02 9.530892914628257273e-01 8.158155118296200214e+00 4.356500583903395382e-03 9.988455186546322251e-01 4.783984456001518643e-02 3.193376304529808585e-01 -9.542351870522021162e-01 -1.015319810556272739e-02 2.988848201384140535e-01 5.923447111581191749e+00
2.886987974549621305e-01 -4.882841713108329595e-02 9.561740294539680107e-01 8.788937130084590876e+00 3.159106822515404811e-03 9.987417988317841555e-01 5.004836931670247901e-02 3.490559372318667863e-01 -9.574147693936110315e-01 -1.142824724654026985e-02 2.884898091392823494e-01 6.091872542038030858e+00
2.781562651484684734e-01 -5.038575055581878681e-02 9.592134031374137670e-01 9.471793767155753940e+00 1.548721164520121783e-03 9.986454703128941901e-01 5.200794216055310698e-02 3.815685514303201464e-01 -9.605345959268257738e-01 -1.298077997007360089e-02 2.778575263668402462e-01 6.286526119835777138e+00
2.677808773647155083e-01 -5.223047253020456776e-02 9.620630768338634953e-01 1.015612166896665514e+01 8.197958833842247184e-04 9.985415339788064060e-01 5.398270847585314586e-02 4.115632322900841245e-01 -9.634794995682860463e-01 -1.366684080880966982e-02 2.674331450354262563e-01 6.462194420956526741e+00
2.575514987759432994e-01 -5.427003348821554662e-02 9.647393291402414084e-01 1.085994208279616480e+01 -7.456761561771750818e-05 9.984203938185930438e-01 5.618462072588663314e-02 4.410034651641315251e-01 -9.662645788984288719e-01 -1.454237071111075079e-02 2.571406207010437650e-01 6.667913902447544672e+00
2.474356537085327934e-01 -5.591362141244204942e-02 9.672896403670318000e-01 1.158022382224698532e+01 -4.582088763483969408e-04 9.983266349124011452e-01 5.782490836170232212e-02 4.672748660276797583e-01 -9.689042284507911607e-01 -1.475116382112908603e-02 2.469959820546945017e-01 6.837325977720912107e+00
2.366701881656216866e-01 -5.703875513557898902e-02 9.699143191488902582e-01 1.237581851347707662e+01 -1.142472514565611753e-03 9.982582518202892663e-01 5.898438256787571360e-02 5.015902829806115903e-01 -9.715893852126483710e-01 -1.506794449159023878e-02 2.361928017307567962e-01 7.035647922448036162e+00
2.268346038830473255e-01 -6.002958726310627519e-02 9.720815269772880018e-01 1.311710957511875542e+01 -2.319436394797009995e-03 9.980625524014976602e-01 6.217524961072497941e-02 5.323723022895233692e-01 -9.739305413784465904e-01 -1.635817851503338152e-02 2.262558875569119499e-01 7.212033080227394422e+00
2.156362764554901890e-01 -6.353604439812796101e-02 9.744045110729999681e-01 1.388960498124108867e+01 -4.220104424678821319e-03 9.978109519521576320e-01 6.599617289383111207e-02 5.837305931487869470e-01 -9.764646454427070577e-01 -1.834325690988757376e-02 2.148961081824583841e-01 7.376319500862048351e+00
2.022058398970097703e-01 -6.741062905732783661e-02 9.770202603595099511e-01 1.468608704031835899e+01 -4.245746082854820989e-03 9.975585155103414703e-01 6.970639655929872225e-02 6.190252344726714373e-01 -9.793338495303361979e-01 -1.824321953621582670e-02 2.014259476965267193e-01 7.536514776774705382e+00
1.901537216091616911e-01 -6.988600274986979388e-02 9.792637501890759655e-01 1.546850701622056334e+01 -5.280691959822662873e-03 9.973759054728352780e-01 7.220399864990763306e-02 6.609543767370116285e-01 -9.817401353721743051e-01 -1.890104840179304690e-02 1.892856924488156845e-01 7.687113494835052130e+00
1.765636282507701826e-01 -7.056033214055061620e-02 9.817568478288436484e-01 1.628639684754272565e+01 -5.918930812517838799e-03 9.973330598416024761e-01 7.274430528725590872e-02 6.981189701385401847e-01 -9.842714404345493939e-01 -1.865494845789024761e-02 1.756751005252047138e-01 7.833692456951093064e+00
1.621830751602952037e-01 -6.979949851675761041e-02 9.842889126589019488e-01 1.707223096317645528e+01 -7.255708776272351557e-03 9.973837501364518632e-01 7.192363731311991748e-02 7.344968895266705822e-01 -9.867340178106520643e-01 -1.880650950102433563e-02 1.612523175036695289e-01 7.976377535270748886e+00
1.454414167050775419e-01 -6.874142193733361050e-02 9.869758834672692771e-01 1.786824349719552529e+01 -8.774961171899901824e-03 9.974544653647839931e-01 7.076432388823081232e-02 7.733116818020564498e-01 -9.893279595324889764e-01 -1.895273769432367222e-02 1.444679858548437168e-01 8.076135892317664045e+00
1.256198262239897334e-01 -6.755725274265116098e-02 9.897755604509376193e-01 1.866649280989550164e+01 -1.106724351022713403e-02 9.975212168754378217e-01 6.949056026401879971e-02 8.130260195295735404e-01 -9.920167299979512077e-01 -1.968347837632956898e-02 1.245607679695246717e-01 8.158552284854360792e+00
1.000537548982340652e-01 -6.595599446993517800e-02 9.927935515443949699e-01 1.951119639251910698e+01 -1.552796978934418461e-02 9.975754648054298013e-01 6.783858890822473675e-02 8.566661216331733497e-01 -9.948608674405203800e-01 -2.220357296541333389e-02 9.878700697242859263e-02 8.265727013821942748e+00
6.919285259469432070e-02 -6.544441001172555950e-02 9.954543491663435661e-01 2.035129290955202563e+01 -1.965847516089707855e-02 9.975626870614743291e-01 6.694945645314220872e-02 8.988677633829371683e-01 -9.974096003303476454e-01 -2.420153762435970149e-02 6.773766926148497292e-02 8.329153457792141779e+00
3.610315349322253120e-02 -6.531159821846113656e-02 9.972115824946493623e-01 2.119972982237627335e+01 -2.246150630050910285e-02 9.975570156232254071e-01 6.614742100016057780e-02 9.366876593988787691e-01 -9.990956212416002291e-01 -2.478700389292561035e-02 3.454795578627398861e-02 8.332464709536772318e+00
1.688169178623558650e-03 -6.454051746238706477e-02 9.979136507885101315e-01 2.203057490867202262e+01 -2.448744478873847094e-02 9.976131752290974264e-01 6.456250965560487998e-02 9.740140662373438785e-01 -9.996987208401035829e-01 -2.454534701687155485e-02 1.037060633731232362e-04 8.341671578810260002e+00
-3.217293000783436052e-02 -6.357407498020782588e-02 9.974583812218792422e-01 2.287440241074881442e+01 -2.565517751926187778e-02 9.976987306745940254e-01 6.276188873696482429e-02 1.002660099514531611e+00 -9.991530071484976405e-01 -2.357073712385074349e-02 -3.372989700296882137e-02 8.294954089403566044e+00
-6.456589368671614149e-02 -6.159329909909540268e-02 9.960107898943185711e-01 2.370929637399127188e+01 -2.814080324098651789e-02 9.978088232164660232e-01 5.988027650923768985e-02 1.034359854650273469e+00 -9.975165952101573419e-01 -2.416231924122922911e-02 -6.615770470127775582e-02 8.246806209520155306e+00
-9.694979242738858971e-02 -5.848342269425861606e-02 9.935695294059631033e-01 2.454409076748464713e+01 -2.978089925840928312e-02 9.979955984514362610e-01 5.583801151909591198e-02 1.073188358801102638e+00 -9.948436323401754766e-01 -2.417590958042932156e-02 -9.849715642059717058e-02 8.164197455334052833e+00
-1.293397001397391111e-01 -5.417916136309366276e-02 9.901191055938483032e-01 2.536971094660186665e+01 -2.688779392004326391e-02 9.983307003940566915e-01 5.111613451434653815e-02 1.101549472544057551e+00 -9.912357466094990910e-01 -2.001077206708537504e-02 -1.305805529384718722e-01 8.042704272603160121e+00
-1.612945092477594267e-01 -4.871022159701942494e-02 9.857034942253932730e-01 2.621158735647420102e+01 -2.271232140682756875e-02 9.986999098577931111e-01 4.563595646337101353e-02 1.116205159929914092e+00 -9.866449454543209097e-01 -1.502678443975359775e-02 -1.621911354334983069e-01 7.888582917992306598e+00
-1.915307395546795022e-01 -4.261879884757648757e-02 9.805608583139252543e-01 2.706345560601904054e+01 -1.653033107346207203e-02 9.990551570260391978e-01 4.019379781542348901e-02 1.136372272954526919e+00 -9.813474106465985836e-01 -8.510646819504140079e-03 -1.920542773084394639e-01 7.698166882750794748e+00
-2.209803548554697405e-01 -3.692781870234372599e-02 9.745788845481037077e-01 2.788847826073789804e+01 -1.083101078087248849e-02 9.993142038966774665e-01 3.540919509517738428e-02 1.145279483927464259e+00 -9.752181233681741501e-01 -2.730936876518911052e-03 -2.212287743567078191e-01 7.500574877298650023e+00
-2.490445602614015652e-01 -3.023656796289142870e-02 9.680199070179938969e-01 2.869042192689168402e+01 -1.941682498284534640e-03 9.995261084417559339e-01 3.072113931412315257e-02 1.173841520391304405e+00 -9.684900891474380602e-01 5.771346421482166991e-03 -2.489852513185770444e-01 7.284116520451028087e+00
-2.754523897783691111e-01 -1.996131686080784146e-02 9.611074395816326943e-01 2.952492181139654548e+01 4.124422534687164320e-03 9.997506509616088666e-01 2.194595689840209835e-02 1.166856195801431184e+00 -9.613058752188925471e-01 1.000908058529733496e-02 -2.753013784333318004e-01 7.035420650134186715e+00
-3.000872196816152804e-01 -5.055249255891769954e-03 9.538983640197292724e-01 3.030081455494840625e+01 8.488549222495925944e-03 9.999322124945423385e-01 7.969625498075902717e-03 1.159861160780276457e+00 -9.538740065975527260e-01 1.048879709314123540e-02 -3.000239671252328266e-01 6.773260007079316303e+00
-3.247208056977632928e-01 1.174634248142735274e-02 9.457369644202715531e-01 3.106795308153384738e+01 8.846987201252818830e-03 9.999168543594000313e-01 -9.381640089970923191e-03 1.125655859469684827e+00 -9.457685468520051764e-01 5.320510146284095597e-03 -3.247977276496124555e-01 6.478189951899407717e+00
-3.496987164962839234e-01 2.622625146315591543e-02 9.364950484523604235e-01 3.185534876100082613e+01 7.807263404428385796e-03 9.996549682096954603e-01 -2.507969611218118997e-02 1.096463776140861768e+00 -9.368296905250506068e-01 -1.458873043391905157e-03 -3.497828158931809428e-01 6.195396639916433301e+00
-3.743744374749076176e-01 3.722013889865972980e-02 9.265303160079256806e-01 3.261637952779841498e+01 1.166677944858791893e-02 9.993040767900753796e-01 -3.542948409020293954e-02 1.059851717146034211e+00 -9.272042284263455336e-01 -2.454267373261628197e-03 -3.745481420713048237e-01 5.889861112361574946e+00
-3.978566925810169685e-01 4.193724616375001796e-02 9.164885730359455529e-01 3.340187544844323497e+01 1.574905790140364650e-02 9.991197102042915779e-01 -3.888151003791439492e-02 1.012959009128538979e+00 -9.173123968356831082e-01 -1.035436426741655723e-03 -3.981669368040201551e-01 5.526913260657218885e+00
-4.205364028795968157e-01 4.128434696122759012e-02 9.063358769247724656e-01 3.411926344534931133e+01 1.786629149071541911e-02 9.991472922302756521e-01 -3.722209049738706144e-02 9.658458496389490389e-01 -9.070997426844931155e-01 5.396178848633777139e-04 -4.209154076754925144e-01 5.179961181941045822e+00
-4.410070809116483637e-01 3.797652135217624569e-02 8.966997958883144992e-01 3.486752193119638576e+01 2.208761649706806121e-02 9.992610179610708077e-01 -3.145719537002598237e-02 9.373734650557963288e-01 -8.972318012355063876e-01 5.933116310382311430e-03 -4.415199967028699546e-01 4.815912606309458610e+00
-4.592046371160640184e-01 3.675571837187471824e-02 8.875697742818671188e-01 3.559697087574582497e+01 2.928740132415338232e-02 9.992268945318028006e-01 -2.622711038098407207e-02 9.054067575364663778e-01 -8.878476009021709636e-01 1.395100255488087616e-02 -4.599261042258325771e-01 4.403941622893515095e+00
-4.730352305135538948e-01 3.739345844538661395e-02 8.802496157181326497e-01 3.630073979635712789e+01 3.282195734749149274e-02 9.991533214958678855e-01 -2.480643477281689949e-02 8.550143015654737555e-01 -8.804319409356925474e-01 1.715719885228654193e-02 -4.738620494910215086e-01 4.017548653052279484e+00
-4.843193470682608526e-01 4.066095089469513868e-02 8.739459041176651510e-01 3.699169617293417645e+01 3.554254581588615208e-02 9.990092136039331328e-01 -2.678280257245459553e-02 8.019487151078776854e-01 -8.741690397750243591e-01 1.809083398585640753e-02 -4.852846849900794846e-01 3.624758192316239302e+00
-4.940842817090905226e-01 4.329615472840634555e-02 8.683352762108403899e-01 3.769595064473801216e+01 3.690763887278915301e-02 9.989034214780917464e-01 -2.880591418403398093e-02 7.564781094926892324e-01 -8.686302787683363169e-01 1.781565647052055570e-02 -4.951404395655612523e-01 3.232584089696836305e+00
-5.046627254125773954e-01 4.252704638382137636e-02 8.622685025196503705e-01 3.839071035804112597e+01 3.102082825223510462e-02 9.990342643669631872e-01 -3.111666405743395564e-02 6.993682613722843611e-01 -8.627590938633393769e-01 1.104486366320360340e-02 -5.054945800535859401e-01 2.851775773382725809e+00
-5.159199381640592330e-01 4.128211197506163888e-02 8.556415086689380667e-01 3.907532193724698288e+01 2.935183833986708402e-02 9.991035354755274378e-01 -3.050565415965010227e-02 6.877242361216738820e-01 -8.561338090716361648e-01 9.376177040422300352e-03 -5.166691413251598419e-01 2.413703072423329932e+00
-5.246724159618452177e-01 4.277339971556037845e-02 8.502289568588792257e-01 3.976409104513471249e+01 3.150950575509522955e-02 9.990283262870341963e-01 -3.081483846135350119e-02 6.464920735453453249e-01 -8.507208818714335763e-01 1.062259948141612217e-02 -5.255103754505144886e-01 1.996336238070762770e+00
-5.317822817996891160e-01 4.569584417832620732e-02 8.456473742612083955e-01 4.045190218154211692e+01 3.542086854110309407e-02 9.988695605369023456e-01 -3.170115211125743016e-02 5.976051804984584548e-01 -8.461400466645723206e-01 1.309545450273397367e-02 -5.327997218046771621e-01 1.546709761777520731e+00
-5.357882251320829070e-01 4.904711645415135712e-02 8.429266547338654103e-01 4.113977632320331423e+01 3.623008864960709785e-02 9.987274451483488802e-01 -3.508377006359849476e-02 5.661530264637720800e-01 -8.435747567000014824e-01 1.174183754835675733e-02 -5.368833877929722886e-01 1.104713935727218654e+00
-5.352096051548773659e-01 5.035154344157113937e-02 8.432172837996299020e-01 4.184469085390563237e+01 3.525215073042693714e-02 9.986836361596300726e-01 -3.725963867288320519e-02 5.114933313136803550e-01 -8.439833979925089880e-01 9.783507281623745472e-03 -5.362800759721558785e-01 6.750104815846046380e-01
-5.320809412604088351e-01 5.124546728770849185e-02 8.451412669199206418e-01 4.258182673951565533e+01 3.779233663791539688e-02 9.986093310228318920e-01 -3.675790011277456359e-02 4.770902960118277303e-01 -8.458496456006169284e-01 1.238168619687051060e-02 -5.332776799454530536e-01 2.039236539763787659e-01
-5.263607069926972137e-01 5.029559241481579290e-02 8.487724939204523977e-01 4.333585236084939396e+01 3.634356990051656328e-02 9.986674519498227598e-01 -3.663966812068745332e-02 4.336323354062365798e-01 -8.494842923190570882e-01 1.156174186394148470e-02 -5.274872286350159589e-01 -2.365975573867480086e-01
-5.192428200215826184e-01 4.891480358454293464e-02 8.532257747148744853e-01 4.408490786359637781e+01 3.419899679585894359e-02 9.987503025844475246e-01 -3.644532405713513806e-02 3.868960710252215551e-01 -8.539422313297042599e-01 1.025549370541940265e-02 -5.202667620260102987e-01 -6.818174851553313598e-01
-5.120247202496850392e-01 4.810022471073384376e-02 8.576229013395306744e-01 4.486134978487756797e+01 3.213930000328363290e-02 9.988045784307042485e-01 -3.683041465641511553e-02 3.395224098857164141e-01 -8.583692465140270178e-01 8.705317954192798302e-03 -5.129585436169579182e-01 -1.166039069658660221e+00
-5.056841537441310042e-01 4.674040032261883582e-02 8.614515994448916913e-01 4.567468797586816009e+01 2.923601470747809461e-02 9.988861993398236994e-01 -3.703533662635952184e-02 2.902355460489690064e-01 -8.622231754775000478e-01 6.457229753294486778e-03 -5.064874266459632457e-01 -1.619288105184726101e+00
-5.012062660707182760e-01 4.446969470016553377e-02 8.641844198911110553e-01 4.648194042452271901e+01 2.515461770084671464e-02 9.990053339753065531e-01 -3.681830862261197684e-02 2.455164552928514321e-01 -8.649621589309715031e-01 3.284662674775454087e-03 -5.018263526142834330e-01 -2.080211680973591104e+00
-4.997875831913907718e-01 4.169231704448769088e-02 8.651439815643725550e-01 4.732039465661367927e+01 2.037984845719039567e-02 9.991303466637844188e-01 -3.637598263288707723e-02 2.084708488809892679e-01 -8.659082202059975586e-01 -5.487602837693348777e-04 -5.002026255746863104e-01 -2.532303368933066068e+00
-5.001721012843001191e-01 3.908695930832744442e-02 8.650433891783589901e-01 4.815372664442981687e+01 1.764006588345705742e-02 9.992333423761272648e-01 -3.495075857012478610e-02 1.566034248601350098e-01 -8.657463309337152246e-01 -2.221971067401911411e-03 -5.004781382856959837e-01 -3.029025291921400243e+00
-5.010922195903505516e-01 3.792778050161815795e-02 8.645623502085315604e-01 4.901506309750406842e+01 1.623503020811723277e-02 9.992753099549863682e-01 -3.442787644030378263e-02 1.152383774469588895e-01 -8.652415983978828384e-01 -3.215344246562724419e-03 -5.013448429272095996e-01 -3.516032713781490848e+00
-5.017621129876799202e-01 3.730336386714145497e-02 8.642009184734896765e-01 4.989523877827335241e+01 1.622910501607148850e-02 9.992998075454845308e-01 -3.371217521815303431e-02 6.239703544405854341e-02 -8.648534040207620510e-01 -2.890283904584558736e-03 -5.020161843691485215e-01 -4.013383288134890314e+00
-5.013893469551516935e-01 3.660999605744435365e-02 8.644468852494281430e-01 5.076626730792225572e+01 1.603148427164612436e-02 9.993259835832978277e-01 -3.302377955265479309e-02 2.035709802138502278e-02 -8.650732492712851496e-01 -2.699403711544097473e-03 -5.016383160976910505e-01 -4.518155000487038997e+00
-5.016667876394378389e-01 3.599757757392471613e-02 8.643116307564905343e-01 5.164853267733425923e+01 1.623946286990850599e-02 9.993496376545540905e-01 -3.219598630309693232e-02 -3.106636824396095953e-02 -8.649085075039602000e-01 -2.115699474380281983e-03 -5.019251049925450570e-01 -5.028919675118828536e+00
-5.021764733842616346e-01 3.555758535250568703e-02 8.640338154167974682e-01 5.253617033957137039e+01 1.594977188684925870e-02 9.993651708698122471e-01 -3.185686736541704089e-02 -8.262700971196997035e-02 -8.646180698289438471e-01 -2.216626135568918257e-03 -5.024248137225668653e-01 -5.533490579328701031e+00
-5.022002577953322833e-01 3.397567322865208822e-02 8.640836424661568760e-01 5.342873613781022613e+01 1.414172441116803153e-02 9.994169186500662105e-01 -3.107787507533905230e-02 -1.343161211835717794e-01 -8.646357181042535478e-01 -3.387683231601570227e-03 -5.023879100152903732e-01 -6.040914601373692960e+00
-5.024064433495187831e-01 3.325695732831750184e-02 8.639917400943148973e-01 5.433019449847806470e+01 1.379702560232990392e-02 9.994411303431849358e-01 -3.044780839712959639e-02 -1.837325911786282795e-01 -8.645214977563043801e-01 -3.376658062772936852e-03 -5.025845119411740392e-01 -6.548472760815636562e+00
-5.017947738514749734e-01 3.235936471841201201e-02 8.643812023175896364e-01 5.522556401955422700e+01 1.260517634560620603e-02 9.994674412276126629e-01 -3.009889417692479183e-02 -2.302871534784500795e-01 -8.648948645903583587e-01 -4.207789414843921341e-03 -5.019354353583586059e-01 -7.060308575900084982e+00
-5.004713223666469313e-01 3.113817440170814702e-02 8.651929588418437733e-01 5.612045655871739314e+01 1.195883738957075754e-02 9.995062893777072466e-01 -2.905449499826754864e-02 -2.875289775719842011e-01 -8.656705228040982858e-01 -4.194238728718815631e-03 -5.005966119408544746e-01 -7.576039126834439585e+00
-4.985989750807564014e-01 2.876627631133423998e-02 8.663553253760776229e-01 5.701350562422918955e+01 1.230752451913389063e-02 9.995833929353939995e-01 -2.610680725822296655e-02 -3.461969642904915156e-01 -8.667454062625138400e-01 -2.354137014479302376e-03 -4.987452980957475246e-01 -8.085233332036315446e+00
-4.962173493991403062e-01 2.754071296396704699e-02 8.677613944258181222e-01 5.790765138863125117e+01 1.321577228369557114e-02 9.996205449813535537e-01 -2.416835514400628160e-02 -3.904192285054194356e-01 -8.680977467708315132e-01 -5.246192071461181156e-04 -4.963930302479481749e-01 -8.581504177905159736e+00
-4.928683284527242692e-01 2.695864370705047461e-02 8.696861667597700629e-01 5.881701404487699847e+01 1.262821922537859208e-02 9.996362588857874432e-01 -2.383019045936488403e-02 -4.473660321918784266e-01 -8.700122708207875810e-01 -7.625576312186563071e-04 -4.930294928644740060e-01 -9.115292719287813483e+00
-4.912903120660320200e-01 2.738725447502270843e-02 8.705651921900295909e-01 5.970259590377978043e+01 1.335592108621774972e-02 9.996248916602775703e-01 -2.391015100720603886e-02 -4.932362089763870361e-01 -8.708934843943932913e-01 -1.196246002428189009e-04 -4.914718082075496541e-01 -9.607892528338281224e+00
-4.901443080863921442e-01 2.772192857961663232e-02 8.712003433187220924e-01 6.058481374209012671e+01 1.325329976590116331e-02 9.996155975896118262e-01 -2.435173663230039837e-02 -5.395375973043035067e-01 -8.715405439995481673e-01 -3.895848560857858678e-04 -4.903233036886605611e-01 -1.009238110203599703e+01
-4.908608160698863521e-01 2.879467277417718796e-02 8.707620296914218017e-01 6.148339301493930265e+01 1.256149289495006420e-02 9.995837063743245876e-01 -2.597350234507935993e-02 -5.834378499549515151e-01 -8.711474505907613741e-01 -1.811302582155359170e-03 -4.910181791441451948e-01 -1.059960589435047318e+01
-4.936072153670099105e-01 3.071304591847822882e-02 8.691424578747218854e-01 6.235409335376306217e+01 1.161522270098971389e-02 9.995199040840132554e-01 -2.872364738493390565e-02 -6.332940619052038755e-01 -8.696073918836250138e-01 -4.082915491149728855e-03 -4.937269766504285284e-01 -1.108232623753037771e+01
-4.982048806837373611e-01 3.148097450385300977e-02 8.664876407174859629e-01 6.324966417033451904e+01 1.036022579986469946e-02 9.994854514749887953e-01 -3.035618537296759165e-02 -6.856224780403106234e-01 -8.669974480830316965e-01 -6.146591219962461300e-03 -4.982746813211950121e-01 -1.156443881995201473e+01
-5.037509672721404153e-01 2.998200374043019298e-02 8.633284594655340483e-01 6.411890893614217646e+01 1.038197420374759559e-02 9.995354625458354736e-01 -2.865438368995997312e-02 -7.255226387004763966e-01 -8.637865418501255999e-01 -5.471618818832277298e-03 -5.038282296848067832e-01 -1.205972018383590516e+01
-5.090776169158458542e-01 2.800076361501259090e-02 8.602650311259879556e-01 6.498190767139942636e+01 1.344563767157442961e-02 9.996074540724779744e-01 -2.457951517208489464e-02 -7.841371689323088923e-01 -8.606155976848521849e-01 -9.460681720375359056e-04 -5.092542699034239284e-01 -1.259064643756862800e+01
-5.143561392919390185e-01 2.581847705192460637e-02 8.571879344042717674e-01 6.584243611527618611e+01 1.064449441820116901e-02 9.996619104644286491e-01 -2.372255226325072422e-02 -8.307886075625726674e-01 -8.575106231486779862e-01 -3.077507306869542089e-03 -5.144570667046944878e-01 -1.309612196410887641e+01
-5.193489177594546868e-01 2.774768458207001187e-02 8.541116755925880488e-01 6.666771134379699504e+01 1.159356192907235600e-02 9.996095044469924806e-01 -2.542494679787337189e-02 -8.810703754442605895e-01 -8.544836469768781750e-01 -3.302221097647988803e-03 -5.194678100182124059e-01 -1.359582089546351469e+01
-5.241864275327366984e-01 3.018520139089294479e-02 8.510684048041943228e-01 6.750252939954347653e+01 1.201042310266033607e-02 9.995342671908273857e-01 -2.805349221295454915e-02 -9.296331134967000809e-01 -8.515188493760376121e-01 -4.483567346139758283e-03 -5.243048349534004116e-01 -1.413362816770743358e+01
-5.290939862979586739e-01 3.034449075625283293e-02 8.480204906008976806e-01 6.836472169861383463e+01 1.072356749230216760e-02 9.995197112988591925e-01 -2.907493429556343156e-02 -9.756795674846722166e-01 -8.484954747006236975e-01 -6.289567055192992785e-03 -5.291652708227420066e-01 -1.464392128099768620e+01
-5.331438199302453995e-01 3.077506117728450938e-02 8.454646946425613541e-01 6.918535318568630998e+01 9.804882739528078539e-03 9.994958172829279119e-01 -3.019893191151885870e-02 -1.020981807307152600e+00 -8.459678145723167342e-01 -7.810690875157060009e-03 -5.331767650866561237e-01 -1.514167040568183786e+01
-5.362340493936531560e-01 2.961602629834955702e-02 8.435495968335788852e-01 6.997932940320340833e+01 9.192534933617543119e-03 9.995298941264059156e-01 -2.924872699359316180e-02 -1.087551651366247762e+00 -8.440192848871047593e-01 -7.929803329426367287e-03 -5.362542101609175660e-01 -1.566735484357150554e+01
-5.388472312781752427e-01 2.358959813938092676e-02 8.420731436777390000e-01 7.082305851649606154e+01 1.131240910643119615e-02 9.997203412848144621e-01 -2.076700753045646400e-02 -1.129716186905939557e+00 -8.423275505286658138e-01 -1.664367701517229870e-03 -5.389633943233091973e-01 -1.620556335795147973e+01
-5.412009767025591778e-01 1.595791092544212794e-02 8.407418361353398151e-01 7.164233250349290927e+01 1.262129127836483442e-02 9.998614419941478371e-01 -1.085356157216127784e-02 -1.151891201694113631e+00 -8.407985593533776614e-01 4.737290452640758980e-03 -5.413273995987740728e-01 -1.671226745172056738e+01
-5.431985986478747863e-01 1.381863596961032704e-02 8.394905091148232579e-01 7.246344799308148765e+01 1.361072245556443558e-02 9.998780915514764445e-01 -7.651813305505890915e-03 -1.174120695421063010e+00 -8.394939202930259414e-01 7.269619055181164059e-03 -5.433204609488326842e-01 -1.723988652242096720e+01
-5.438509064777979907e-01 1.774200735949523627e-02 8.389942788132540574e-01 7.326165894739678208e+01 1.232146648416139294e-02 9.998375330588749055e-01 -1.315632660772910086e-02 -1.224913931533646583e+00 -8.390914041531856160e-01 3.182560690849000912e-03 -5.439811574136167449e-01 -1.774740914929019553e+01
-5.453952197703840765e-01 2.241274470709907901e-02 8.378792934208240117e-01 7.405575708362108855e+01 1.216706371817087920e-02 9.997488003602219564e-01 -1.882282438558352533e-02 -1.279165431785936891e+00 -8.380907041119758372e-01 -7.134676966521277949e-05 -5.455309151593404904e-01 -1.826672427589572223e+01
-5.458204794247416558e-01 2.822609538837071025e-02 8.374265812667969211e-01 7.485669446886637957e+01 1.914185204600899262e-02 9.995916593595192134e-01 -2.121565474965974446e-02 -1.302583296715201122e+00 -8.376834755616794359e-01 4.449957830000179741e-03 -5.461378996612190617e-01 -1.880892669772575232e+01
-5.454384729027156320e-01 2.926678131012509787e-02 8.376397286520540497e-01 7.565830535174619342e+01 2.286975146210555240e-02 9.995377491930432790e-01 -2.003153433956991747e-02 -1.338034555244380419e+00 -8.378388020589752072e-01 8.230643901874687071e-03 -5.458556687225339932e-01 -1.932636870331718271e+01
-5.453581880097633228e-01 2.598332580805915934e-02 8.378002749890303136e-01 7.642822872917210475e+01 2.211580075435273449e-02 9.996174960331687398e-01 -1.660581057578760372e-02 -1.379341709683816974e+00 -8.379113017619873593e-01 9.472510194225191443e-03 -5.457242295753503836e-01 -1.984102479899151916e+01
-5.443442524608567146e-01 2.107784414641203016e-02 8.385970704070031534e-01 7.725674237227063657e+01 2.014100929150151875e-02 9.997244832515520541e-01 -1.205393292795658294e-02 -1.406721632617945694e+00 -8.386201083167769132e-01 1.032870329654650421e-02 -5.446188067371864339e-01 -2.035841043376282400e+01
-5.436176713186992027e-01 1.551580541374526605e-02 8.391895342464873453e-01 7.804421707502521599e+01 1.888078522181310323e-02 9.998021782969945814e-01 -6.254613557013150027e-03 -1.432509690946534908e+00 -8.391205842495240708e-01 1.244443994191031175e-02 -5.438030837151217600e-01 -2.086880169500743065e+01
-5.432249591838413938e-01 8.821177053824623068e-03 8.395408374327516521e-01 7.888800072420291087e+01 1.003141761959934486e-02 9.999416206935495266e-01 -4.015700212270420510e-03 -1.458740253261993525e+00 -8.395272633645918248e-01 6.240357155378471569e-03 -5.432817361784310073e-01 -2.140312716995033782e+01
-5.414759118302865382e-01 3.485117799755673394e-03 8.407090328924482492e-01 7.966692981688308350e+01 1.196471023042923422e-03 9.999935895334864933e-01 -3.374810723763081374e-03 -1.494576259446973587e+00 -8.407154197242976412e-01 -8.214937871924615689e-04 -5.414766117404197221e-01 -2.186384612988275933e+01
-5.397136584568237305e-01 4.353609347331684719e-03 8.418373952582968167e-01 8.044393970440225416e+01 4.906722274990166568e-03 9.999859101765109504e-01 -2.025713815344275769e-03 -1.510475753456987702e+00 -8.418343676631844241e-01 3.037357850719425104e-03 -5.397274171213192195e-01 -2.236223021402800626e+01
-5.365894475172803268e-01 7.304431343100932332e-03 8.438118256679058016e-01 8.126989910085589486e+01 9.975877466036304347e-03 9.999475663214822951e-01 -2.312241181596921130e-03 -1.531832240302888337e+00 -8.437844857325452752e-01 7.177040162297078536e-03 -5.366341814566687463e-01 -2.288677356975077259e+01
-5.312299094635811736e-01 1.032446419381845455e-02 8.471647866142542060e-01 8.206278298690887141e+01 1.038395132199654639e-02 9.999299827490595316e-01 -5.674780778617954762e-03 -1.567327147900658968e+00 -8.471640742086365972e-01 5.782305617487286734e-03 -5.312999241301896713e-01 -2.336180308078223433e+01
-5.237847724307547193e-01 1.258643967214930805e-02 8.517576418949091011e-01 8.283610357156493365e+01 1.619327446360138353e-02 9.998572773565079785e-01 -4.816923524148360863e-03 -1.580806423967855423e+00 -8.516967194658532359e-01 1.126971512284199832e-02 -5.239138333533098768e-01 -2.384575194699335299e+01
-5.152967740213708625e-01 1.466767704116108025e-02 8.568862705221547138e-01 8.364883527833626431e+01 2.303403676469900976e-02 9.997293627395298365e-01 -3.261041078712519255e-03 -1.618268724465731445e+00 -8.567022119148729464e-01 1.805714701829380306e-02 -5.154951725317720168e-01 -2.435282400961087390e+01
-5.057197672923129383e-01 1.506889380670348687e-02 8.625661898796802562e-01 8.439230612472526616e+01 2.285823377967038245e-02 9.997304585311598268e-01 -4.063421720815866417e-03 -1.624215318782293416e+00 -8.623949387386661281e-01 1.766178803972545328e-02 -5.059279043543108978e-01 -2.478610365003795124e+01
-4.943434586285635479e-01 1.179148818428019281e-02 8.691866842287069295e-01 8.526693758831143555e+01 1.806001357785031944e-02 9.998314840190068997e-01 -3.292331037970238836e-03 -1.660518703177787048e+00 -8.690790489237170124e-01 1.406998208895418948e-02 -4.944731095147399391e-01 -2.526436417220508091e+01
-4.830748617567303671e-01 8.939844716822390250e-03 8.755334049903579219e-01 8.606629220815374026e+01 1.960989019942571340e-02 9.998075209219687842e-01 6.109672345657181066e-04 -1.684998918459908568e+00 -8.753594363465008188e-01 1.746425797033928154e-02 -4.831571905571719894e-01 -2.572506519233352051e+01
-4.719577909270761262e-01 7.685563872296271963e-03 8.815876369678886659e-01 8.687665469142756081e+01 1.956608684133732956e-02 9.998070192928254496e-01 1.758517862749346163e-03 -1.701142436073425301e+00 -8.814040076370588395e-01 1.807916760009805474e-02 -4.720170898285714900e-01 -2.613870030903134278e+01
-4.597807008568994824e-01 6.648266171035332496e-03 8.880075976326738951e-01 8.772443656341181395e+01 1.882418948163076464e-02 9.998202523475290260e-01 2.261162017933530249e-03 -1.723238763948869101e+00 -8.878329629318993943e-01 1.775566306986949699e-02 -4.598232058259270061e-01 -2.654535744197930214e+01
-4.473612552215699423e-01 8.693263429590604094e-03 8.943110868664819746e-01 8.856123794105521085e+01 2.281872812779671064e-02 9.997381794162915059e-01 1.696533440673501014e-03 -1.734936658675242382e+00 -8.940622049014330663e-01 2.116600605033347807e-02 -4.474424973090902480e-01 -2.696729290581032146e+01
