1.000000000000000000e+00 4.398956837314658088e-19 2.733407509747682871e-20 -8.673617379884035472e-19 -5.583667658079949532e-19 1.000000000000000000e+00 -6.100159232558060012e-19 0.000000000000000000e+00 4.145284534913582806e-20 -2.210423569125054137e-19 1.000000000000000222e+00 0.000000000000000000e+00
9.999414457703704739e-01 -1.466150075096584598e-03 1.072172795693730578e-02 7.813461288828478513e-02 1.460206251974021643e-03 9.999987758735366938e-01 5.621799758176815407e-04 -6.880174587662449270e-03 -1.072253925740005928e-02 -5.464911176739783863e-04 9.999423625821504125e-01 2.900692700206560226e-01
9.998542131455963045e-01 -1.841935217732990765e-03 1.697526883105106299e-02 1.057354652497943248e-01 1.832322891666992356e-03 9.999981520523764100e-01 5.817913420051902410e-04 -5.076648953472095993e-03 -1.697630937684558791e-02 -5.506023388492237158e-04 9.998557404637238299e-01 5.361453587942544008e-01
9.997864493043105982e-01 -5.497840162463733804e-03 1.992058161985751918e-02 1.000039939503598874e-01 5.527998819315631945e-03 9.999836558546818521e-01 -1.459192534956133642e-03 -8.582329036979322034e-03 -1.991223397329204212e-02 1.569001911773161085e-03 9.998005006749358659e-01 9.259768905596613697e-01
9.998338464275822179e-01 -5.915420790841565205e-03 1.724202321179812980e-02 1.051452258779513316e-01 5.949751575208977322e-03 9.999804172767862154e-01 -1.940491889495016406e-03 -1.085632862777029251e-02 -1.723020703955494698e-02 2.042755263483213811e-03 9.998494622176525848e-01 1.174224392697517771e+00
9.998966325180911330e-01 -9.777364201468621493e-03 1.054170092855682972e-02 9.978336809703901300e-02 9.811553016825826090e-03 9.999467569144682155e-01 -3.196364622076132075e-03 -8.276424269476903572e-03 -1.050988781881020441e-02 3.299464726376483917e-03 9.999393260479257917e-01 1.518905570326412935e+00
9.999449669032275390e-01 -1.041370470571751153e-02 -1.271981044158370907e-03 8.547614551872817490e-02 1.040786870982617074e-02 9.999356582591000242e-01 -4.511717320197723528e-03 -1.154057722141653419e-02 1.318882914372187078e-03 4.498230462140910373e-03 9.999890131754840539e-01 1.845358612539665266e+00
9.998166816517181088e-01 -9.095837716184202934e-03 -1.684840689029611788e-02 4.620349507076573076e-02 9.016493232094885402e-03 9.999479291435754424e-01 -4.779313337956757508e-03 -1.736682935424616048e-02 1.689100172699205260e-02 4.626523688722000878e-03 9.998466329227456706e-01 2.157471853000667128e+00
9.993336945083336476e-01 -6.958212769306546495e-03 -3.582946043821705340e-02 1.609102949851898279e-02 6.797695690236599947e-03 9.999663155334297393e-01 -4.599904382342989012e-03 -2.539231391975585450e-02 3.586026127297971960e-02 4.353281683768929142e-03 9.993473323482569004e-01 2.510356422434972590e+00
9.984330235053633373e-01 -2.896387022661891728e-03 -5.588477779297978260e-02 -3.426644674314120037e-02 2.574793650440087341e-03 9.999797154820262435e-01 -5.825723845647474454e-03 -3.763751224997563538e-02 5.590051871107020592e-02 5.672703304912308370e-03 9.984202284489475110e-01 2.856928926404002311e+00
9.971546393934831443e-01 -2.547917943745610109e-03 -7.534011581510030586e-02 -9.778904797420080730e-02 2.097713442843195022e-03 9.999794731720248464e-01 -6.054158073977959631e-03 -4.448667957672605699e-02 7.535399611901287542e-02 5.878889823756739894e-03 9.971395158780113066e-01 3.214795414147034958e+00
9.953193335848055101e-01 -3.609249760017889906e-03 -9.657327383116240394e-02 -1.401911623437551713e-01 3.098124395979356786e-03 9.999803927016933658e-01 -5.442043052790672582e-03 -5.108429358552366017e-02 9.659102365080664276e-02 5.117374609675848923e-03 9.953110001009729535e-01 3.584817091911101983e+00
9.931878576201211839e-01 -4.997380505026905763e-03 -1.164169458277625746e-01 -2.160922032225933154e-01 4.473924709905555130e-03 9.999786759815629811e-01 -4.757265233039077723e-03 -7.366619744226114708e-02 1.164382392278958817e-01 4.204017349470496809e-03 9.931890369306155542e-01 3.977341835019081451e+00
9.910656408209647106e-01 -3.623159212865218002e-03 -1.333257957581496511e-01 -2.856250840432330573e-01 3.076854642799636830e-03 9.999860070985935323e-01 -4.303320534086811470e-03 -6.805635406392253339e-02 1.333395240643911184e-01 3.854648944628554213e-03 9.910629210577907022e-01 4.363461356542208236e+00
9.887448870338644280e-01 -3.466561506282604763e-03 -1.495711560656367844e-01 -3.745180689694494469e-01 2.938933066965231447e-03 9.999886556508907898e-01 -3.748497996287468697e-03 -7.560501813809381022e-02 1.495824562643790767e-01 3.266728506701956861e-03 9.887438585682368775e-01 4.787530172003833684e+00
9.866509050041285533e-01 -3.350314576012934035e-03 -1.628151294201558019e-01 -4.549306627183384855e-01 2.780037362520302799e-03 9.999891780043279610e-01 -3.730316615589438813e-03 -8.691509572745892420e-02 1.628258679862808200e-01 3.227888004521719742e-03 9.866495416999175871e-01 5.183600668924268184e+00
9.844480955018908297e-01 -4.013073419118266816e-03 -1.756298429497994695e-01 -5.499347662255568148e-01 3.213607831701867801e-03 9.999831419496066909e-01 -4.836169580856335658e-03 -9.502249143302862744e-02 1.756462931144046058e-01 4.196552375121754934e-03 9.844443963161529920e-01 5.643028330624192179e+00
9.827298880537030934e-01 -5.514641212549794419e-03 -1.849636586472934441e-01 -6.172438922987448784e-01 4.386314763877182527e-03 9.999691967952577532e-01 -6.508893640179130163e-03 -9.639467976230743640e-02 1.849938585854044859e-01 5.585175377516562664e-03 9.827238060344147819e-01 6.101817096524528417e+00
9.811708871581494851e-01 -5.763471024965673671e-03 -1.930556181354427525e-01 -7.268930322061682991e-01 4.265148313100131615e-03 9.999574813871053847e-01 -8.175813178921865695e-03 -1.072302641309953869e-01 1.930945340779016417e-01 7.198458919503279534e-03 9.811537514612509447e-01 6.528330523084391324e+00
9.796281020254309357e-01 -6.657760238257577276e-03 -2.007098776554214481e-01 -8.531172865164202701e-01 4.796502449692611504e-03 9.999408832631634381e-01 -9.758254739377858478e-03 -1.053229863572187619e-01 2.007629839315280273e-01 8.596755049637432380e-03 9.796021238519796448e-01 7.023139333867882250e+00
9.779254713403290333e-01 -6.889622473551497255e-03 -2.088403806158414810e-01 -9.628613123867758583e-01 4.419153876423986653e-03 9.999146637493787626e-01 -1.229375008232542858e-02 -1.175175140217263603e-01 2.089072618650017199e-01 1.109947348212615877e-02 9.778724654399375549e-01 7.496048762307456315e+00
9.761909452977617363e-01 -1.024417094226534770e-02 -2.166709352628023444e-01 -1.069096769207634079e+00 7.329140688764061023e-03 9.998715593511382504e-01 -1.425301671044518215e-02 -1.233242699921232310e-01 2.167891199899286414e-01 1.232565401059728706e-02 9.761406439709664484e-01 7.986922861946704089e+00
9.745335775824639502e-01 -1.456634865471423228e-02 -2.237680193902240045e-01 -1.173370571556670017e+00 1.136352449197241231e-02 9.998138270620170465e-01 -1.559427803861474816e-02 -1.420452837581676897e-01 2.239535153987681215e-01 1.265435411990780377e-02 9.745176711742529196e-01 8.523069137459978961e+00
9.724475274136125114e-01 -1.520748992488488334e-02 -2.326253155772531611e-01 -1.299839896429848984e+00 1.140908859194475489e-02 9.997788611540306958e-01 -1.766526160478915433e-02 -1.514470635204215321e-01 2.328425213906788749e-01 1.452449706615595304e-02 9.724059854128884739e-01 9.029090352597938463e+00
9.703451248323737843e-01 -1.300805377463769980e-02 -2.413734201080753039e-01 -1.446497453030804348e+00 8.195015061864428449e-03 9.997472846794921431e-01 -2.093342995399250644e-02 -1.642758474190609275e-01 2.415847286961990970e-01 1.833459284578401599e-02 9.702065052847331783e-01 9.542461036042190869e+00
9.682532993150186895e-01 -1.000269118351569501e-02 -2.497708812720891569e-01 -1.581821692368985399e+00 4.171203013919603381e-03 9.997064699957929346e-01 -2.386576849879775905e-02 -1.667404554898982427e-01 2.499362922438863044e-01 2.206626401881081612e-02 9.680108115216440323e-01 1.006747631274293475e+01
9.659526534730389358e-01 -1.234916913552408339e-02 -2.584240077534060709e-01 -1.767001353752483572e+00 5.855991555196410174e-03 9.996478847614334029e-01 -2.588076203319217630e-02 -2.052171853670347879e-01 2.586526230872138732e-01 2.348626194158752109e-02 9.656848438120581024e-01 1.063366126253828448e+01
9.635373254212925564e-01 -1.408332957012315735e-02 -2.672030702913393840e-01 -1.922420214426662666e+00 7.010559469581876396e-03 9.995998229979222716e-01 -2.740521673823261353e-02 -2.221355336917613943e-01 2.674821030762560281e-01 2.453270621551733796e-02 9.632504723324593066e-01 1.118695565315276319e+01
9.614454587127433394e-01 -1.418409987451232576e-02 -2.746296407481658708e-01 -2.092995038909736039e+00 6.075408499844890328e-03 9.995207449812364420e-01 -3.035407304521316185e-02 -2.502488709107961729e-01 2.749285730534897221e-01 2.751529844156068091e-02 9.610708557321097079e-01 1.178803259824691629e+01
9.591717401766532980e-01 -1.471893135457788201e-02 -2.824410100677005597e-01 -2.277271565122824359e+00 5.534997546366876922e-03 9.994305167421585478e-01 -3.328672397870147820e-02 -2.688739041947317832e-01 2.827701145147018535e-01 3.036437469777381742e-02 9.587069775683246808e-01 1.238469631905104862e+01
9.568800575285369980e-01 -1.475698804680574891e-02 -2.901082297769729257e-01 -2.471730223151475503e+00 3.743716654115687627e-03 9.992523175158395388e-01 -3.848104094626857152e-02 -2.998076243613999603e-01 2.904591901924723496e-01 3.573565773769373649e-02 9.562198614518306883e-01 1.297665848909120001e+01
9.550235217821948508e-01 -1.663838899196561083e-02 -2.960628902207043112e-01 -2.672052558103445108e+00 3.413852402658258071e-03 9.989753331931543467e-01 -4.512902910250998767e-02 -3.403964391690438296e-01 2.965104038402152642e-01 4.208856942785850486e-02 9.541017422908009138e-01 1.356588163976459249e+01
9.537370383488559256e-01 -1.592495896793806598e-02 -3.002200117009862779e-01 -2.891321105864560703e+00 1.057058704612771601e-04 9.986138141431275539e-01 -5.263495999978385492e-02 -3.671327501564563001e-01 3.006420657033494481e-01 5.016817604509680312e-02 9.524166653278480776e-01 1.418812516252382849e+01
9.526961450631407091e-01 -1.566764747493125734e-02 -3.035203090863291542e-01 -3.086267467228561490e+00 -2.887022219882017047e-03 9.981587712329809126e-01 -6.058657027759788150e-02 -4.107425199022986528e-01 3.039107129930935236e-01 5.859686209591430384e-02 9.508967810821946642e-01 1.481494965484674253e+01
9.517276682021209577e-01 -1.455246495427032875e-02 -3.065985474979616709e-01 -3.354245944896814269e+00 -6.061817424811348151e-03 9.977895459266861167e-01 -6.617610138581589418e-02 -4.806011581338604510e-01 3.068838561374976903e-01 6.484017140755780895e-02 9.495357039325941217e-01 1.541282224678721846e+01
9.499514925204204374e-01 -1.798324047404547057e-02 -3.118794043341630018e-01 -3.569510522272953068e+00 -3.588092981851214672e-03 9.976478077599163496e-01 -6.845419811058431336e-02 -6.207353440024823144e-01 3.123768376711107964e-01 6.614722030311910583e-02 9.476524988764796209e-01 1.606221392154857242e+01
9.479684406137487418e-01 -2.283367249357702577e-02 -3.175444171551815575e-01 -3.743620875604826814e+00 2.689482929699621092e-03 9.979634487863765502e-01 -6.373163687586234916e-02 -9.976476307663670884e-01 3.183529544670631317e-01 5.956155041196420363e-02 9.460992655414547370e-01 1.666941538013332291e+01
9.460197324545277509e-01 -2.453137704518935924e-02 -3.231793235117674246e-01 -4.015819334063201573e+00 6.603590000340945482e-03 9.983833926679533954e-01 -5.645346591782260393e-02 -1.194109553133902768e+00 3.240417562688008291e-01 5.127194916893912380e-02 9.446523856180409906e-01 1.737309528294596106e+01
9.450036608753573653e-01 -2.267297518213419807e-02 -3.262729147297581678e-01 -4.254415035986577998e+00 3.034316487410940611e-03 9.981590712071651827e-01 -6.057442912249123845e-02 -1.240752571365996593e+00 3.270456776647420183e-01 5.625304222772889440e-02 9.433327738555647990e-01 1.796363031447487657e+01
9.434292099956514965e-01 -2.023874982908005840e-02 -3.309557620406891609e-01 -4.552647776984076522e+00 -2.433336541322817165e-04 9.980928887790020410e-01 -6.172945922275369091e-02 -1.276811783708183379e+00 3.315739253614641835e-01 5.831790787226619199e-02 9.416250612466628978e-01 1.870962295733159308e+01
9.416098161857381355e-01 -2.220188800028688111e-02 -3.359732546889187543e-01 -4.843076981023701322e+00 1.746668200766649881e-03 9.981323477671140143e-01 -6.106361818881642090e-02 -1.343474024286958723e+00 3.367015068778061448e-01 5.691126873137854203e-02 9.398899963017022241e-01 1.938368193443804088e+01
9.392733679418332482e-01 -1.995268176354805800e-02 -3.425892997622198011e-01 -5.109014822361588770e+00 -1.028824374335311244e-03 9.981400939880378242e-01 -6.095321381691840013e-02 -1.383927874083382914e+00 3.431683018289947151e-01 5.760419488297927743e-02 9.375058804216189756e-01 2.007545279216909151e+01
9.370120580891385664e-01 -2.139381657493924158e-02 -3.486412268741699294e-01 -5.353980133024361265e+00 5.268900092407245240e-04 9.982079997248990422e-01 -5.983737670369713296e-02 -1.441886804420444479e+00 3.492966175564424236e-01 5.588464812861113074e-02 9.353442048893616523e-01 2.086730683144240572e+01
9.346724186202417517e-01 -2.084053298583611255e-02 -3.548987735111567288e-01 -5.659297468924618713e+00 9.008798843846037361e-05 9.982941345181588488e-01 -5.838503962108770873e-02 -1.502299740403047368e+00 3.555101453920357368e-01 5.453891427109158058e-02 9.330798711731129735e-01 2.156291591334115765e+01
9.318241802614265490e-01 -2.031668525360533564e-02 -3.623408984135282895e-01 -5.966916583240523764e+00 4.418805038794394727e-06 9.984323737977893742e-01 -5.597137586252190489e-02 -1.582386791505768775e+00 3.629100423881284621e-01 5.215388048239245899e-02 9.303635185339227398e-01 2.227704167214133335e+01
9.281591167679186238e-01 -1.660785440290561688e-02 -3.718128968707147819e-01 -6.307389101851248014e+00 -2.702884823871987575e-03 9.986767851788775907e-01 -5.135536145538242142e-02 -1.592150734093095599e+00 3.721738172986971405e-01 4.867091448818341298e-02 9.268860742624923654e-01 2.309589570619446519e+01
9.244633198104417193e-01 -1.415105070433633414e-02 -3.810082874456623414e-01 -6.582455669495023365e+00 -3.565462534734087450e-03 9.989464191980432783e-01 -4.575302225669965889e-02 -1.659587897462277972e+00 3.812543243263532555e-01 4.365546168745574468e-02 9.234388684892755883e-01 2.379409781557543369e+01
9.211278023949445171e-01 -1.181870153116582750e-02 -3.890808230210437424e-01 -6.904302284122088906e+00 -5.650362573934869168e-03 9.990276984470827237e-01 -4.372334777874683359e-02 -1.707519793636190109e+00 3.892192790286799764e-01 4.247323902025663261e-02 9.201654089908478662e-01 2.455520180721395462e+01
9.176799891772562390e-01 -8.900266950731863455e-03 -3.972206181477098141e-01 -7.252661683386337543e+00 -8.223162688114826410e-03 9.991094761082601750e-01 -4.138398670105678662e-02 -1.737106117431235663e+00 3.972352190645249137e-01 4.124366626047275275e-02 9.167895854279495271e-01 2.531953850449304610e+01
9.134125319598004333e-01 -1.099467874584476000e-02 -4.068865445381683044e-01 -7.594721102239609500e+00 -6.287433416336563573e-03 9.991347345832997107e-01 -4.111265420296290191e-02 -1.808829472977322883e+00 4.069865071165676973e-01 4.011108563682366096e-02 9.125530599370785811e-01 2.608028626637776526e+01
9.097390708402501858e-01 -1.079194124599721326e-02 -4.150401829874691972e-01 -7.974634355199996527e+00 -6.792095864012755169e-03 9.991414833646427018e-01 -4.086763585332651993e-02 -1.824897496447510425e+00 4.151249123605538216e-01 3.999787777950572498e-02 9.088847453889867811e-01 2.681266801961633206e+01
9.054396440434254734e-01 -1.151722951676534615e-02 -4.243187490306723486e-01 -8.312574236310460662e+00 -5.995227780994295819e-03 9.991851420656590044e-01 -3.991377111406754774e-02 -1.861640935444483391e+00 4.244326929061614795e-01 3.868339824300027346e-02 9.046327915387288865e-01 2.761155131082012915e+01
9.014110328970297292e-01 -9.085926623167770236e-03 -4.328690239902004411e-01 -8.704452279226966738e+00 -7.637572373517879411e-03 9.992905265698471817e-01 -3.687968283816912135e-02 -1.906914955236666653e+00 4.328970084715516031e-01 3.654982145118775699e-02 9.007021118975465646e-01 2.842835257639531932e+01
8.978023887747689225e-01 -7.420981176533027884e-03 -4.403360033513454286e-01 -9.108996594259002322e+00 -8.842382709395362958e-03 9.993527086250020286e-01 -3.487084807500218792e-02 -1.930564608077518063e+00 4.403097611514207865e-01 3.520075009479001205e-02 8.971556304873898879e-01 2.922807847944892856e+01
8.940532218505679030e-01 -1.519817811473049259e-03 -4.479581706117788387e-01 -9.520011923349859018e+00 -1.388847638651637302e-02 9.994194709991170988e-01 -3.110998613006512453e-02 -1.899096343526636144e+00 4.477454071329323160e-01 3.403543971674977131e-02 8.935130906952249985e-01 3.002705932881807271e+01
8.898864431305928413e-01 -1.706346696534957340e-04 -4.561820744429944119e-01 -9.954670160298057624e+00 -1.544660504731849501e-02 9.994152242949110310e-01 -3.050593170342869379e-02 -1.856519066116214534e+00 4.559205234789362460e-01 3.419327929566169655e-02 8.893634240656348444e-01 3.082513777054478155e+01
8.859882087915300630e-01 -3.073317005276545149e-03 -4.636975785031914321e-01 -1.036265961767398380e+01 -1.188314870798864130e-02 9.994991545498406182e-01 -2.932969234095299596e-02 -1.894707481672186278e+00 4.635554851186730607e-01 3.149594873717864035e-02 8.855079455899292906e-01 3.164824377822478141e+01
8.831211925010040709e-01 -1.409719670297783023e-03 -4.691428009204308136e-01 -1.082944971963487824e+01 -1.375658264118346900e-02 9.994876727861350396e-01 -2.889893438404505036e-02 -1.928615219995334140e+00 4.689431937809292461e-01 3.197506297989766155e-02 8.826493532080684767e-01 3.249508348225054988e+01
8.796338817314721670e-01 3.430016969925006121e-04 -4.756512503446007067e-01 -1.124618321016125755e+01 -1.507902993375585809e-02 9.995172192532731925e-01 -2.716525909511641884e-02 -1.951555462396280971e+00 4.754123055499049899e-01 3.106784160613677501e-02 8.792143842237185591e-01 3.331025830268877286e+01
8.768300748923104626e-01 -1.316590564481510441e-03 -4.807985875197208769e-01 -1.174696107373065246e+01 -1.300059677194034119e-02 9.995656951427288606e-01 -2.644627766706943509e-02 -2.004065659661676602e+00 4.806246015705211150e-01 2.943956003206077421e-02 8.764321475379207582e-01 3.415435770210765298e+01
8.739916359748198804e-01 -3.240930544444203636e-03 -4.859301512924978361e-01 -1.223098680320057419e+01 -1.102467294654960878e-02 9.995881319849830859e-01 -2.649571667467920041e-02 -2.011593681449828530e+00 4.858158913671552503e-01 2.851425558379898709e-02 8.735959372517946298e-01 3.498635109922130937e+01
8.726633708865889627e-01 -3.605250663366269415e-03 -4.883089580980267685e-01 -1.271297985292988919e+01 -1.063703672203275032e-02 9.995951357580810104e-01 -2.638973358518344539e-02 -2.077039511611316058e+00 4.882064092921415965e-01 2.822351400984705536e-02 8.722717121886967018e-01 3.579219401836239456e+01
8.712720515714313940e-01 -4.373333439297523786e-03 -4.907808893391525928e-01 -1.324632231392884663e+01 -9.123782754208099172e-03 9.996431833315404525e-01 -2.510503185422862174e-02 -2.143660683127623034e+00 4.907155716836874015e-01 2.635109062741889871e-02 8.709212665201959691e-01 3.663406890752523282e+01
8.706085153464971915e-01 -3.713066005390508462e-03 -4.919624186463321669e-01 -1.372743113588046526e+01 -1.065702878186251812e-02 9.995945522587210696e-01 -2.640376587546245171e-02 -2.108149871705650824e+00 4.918610010093978357e-01 2.823020088408911832e-02 8.702159595241629741e-01 3.752897980194482130e+01
8.706882176003684082e-01 -2.867778697067093364e-03 -4.918270008771051249e-01 -1.424744953889395660e+01 -1.110171274002628647e-02 9.996136318026749290e-01 -2.548213314913706437e-02 -2.136097992592092876e+00 4.917100601708910279e-01 2.764711498856951485e-02 8.703199747930022712e-01 3.841129983401296499e+01
8.702376036424194217e-01 -5.891253679865048748e-03 -4.925969970898031458e-01 -1.474321487433495470e+01 -7.521178926512508967e-03 9.996530616615407761e-01 -2.524258687923664965e-02 -2.169363398726585679e+00 4.925748152930469193e-01 2.567195826728239927e-02 8.698913763674971378e-01 3.932994486661345235e+01
8.687956801090800374e-01 -6.325716052258522487e-03 -4.951303330442519135e-01 -1.523401907200922345e+01 -7.774609358730501067e-03 9.996208832551758405e-01 -2.641297453461194378e-02 -2.196818582188815761e+00 4.951097103680298650e-01 2.679692290201459576e-02 8.684171258373940550e-01 4.023328036273006347e+01
8.684010472774134071e-01 -7.182155566264376498e-03 -4.958104808070927239e-01 -1.582088036639355622e+01 -6.735537454587814214e-03 9.996319950376596486e-01 -2.627750072750577315e-02 -2.230122251105755904e+00 4.958167577477461396e-01 2.615895901601315160e-02 8.680330963956428558e-01 4.113260549030702151e+01
8.668591244721682854e-01 -6.891885618350333115e-03 -4.985055218672941324e-01 -1.633078447951959689e+01 -6.202446328678312346e-03 9.996779810934329769e-01 -2.460617378036822345e-02 -2.277802574114442091e+00 4.985145852076858231e-01 2.442203978585118923e-02 8.665372335890023647e-01 4.205195182246338703e+01
8.648245921797158564e-01 -6.953901341193417449e-03 -5.020259585457249596e-01 -1.684877836194284484e+01 -4.980381436416897283e-03 9.997360651259277198e-01 -2.242757001865960942e-02 -2.304016466172120747e+00 5.020494241687815107e-01 2.189619461534194830e-02 8.645617024290782604e-01 4.298372374845941124e+01
8.620075350550073789e-01 -6.239903338169622282e-03 -5.068570489416763802e-01 -1.743530356831590566e+01 -6.061346199702117264e-03 9.997258489654275992e-01 -2.261607844794263911e-02 -2.213547062897532225e+00 5.068592244552447834e-01 2.256746584026309704e-02 8.617333932901005689e-01 4.386366509651988110e+01
8.590060974792489423e-01 -3.026893808837369595e-03 -5.119564017140069145e-01 -1.795255809695872173e+01 -1.017250479809409663e-02 9.996841958963464947e-01 -2.297887380129376780e-02 -2.247621389733831521e+00 5.118642872308182268e-01 2.494687143401071172e-02 8.587040294506373961e-01 4.478806349309404311e+01
8.547403506446424881e-01 -6.732373454908547293e-03 -5.190121413319042087e-01 -1.853298954963025480e+01 -7.416330290311810673e-03 9.996554057700450802e-01 -2.518070240579274588e-02 -2.287941611026575117e+00 5.190028275971684257e-01 2.537212764160317116e-02 8.543958832700409012e-01 4.564853271091811138e+01
8.500203029441776303e-01 -8.688365228587737257e-03 -5.266782618190787302e-01 -1.917963153911848195e+01 -6.549212997014448867e-03 9.996123545365047658e-01 -2.706009014727465967e-02 -2.349237837708437748e+00 5.267092144209711835e-01 2.645095391988658631e-02 8.496338952093867025e-01 4.650571190216653150e+01
8.420731195204912423e-01 -8.636022438656769037e-03 -5.392942377179410496e-01 -1.962385160993707345e+01 -6.810662317450477676e-03 9.996218400725651598e-01 -2.664191699271713579e-02 -2.388206165696213024e+00 5.393203877542456226e-01 2.610739285853351868e-02 8.416958649299182138e-01 4.751847714513164078e+01
8.351043515036926657e-01 -7.019893910056690736e-03 -5.500467592078107648e-01 -2.027410523106500051e+01 -7.853573042123251913e-03 9.996645111449790067e-01 -2.468170501882731641e-02 -2.410783226230914345e+00 5.500354971007944682e-01 2.493163140627980764e-02 8.347690528186116898e-01 4.847634278199694080e+01
8.312746832184665369e-01 -4.164343148295657909e-03 -5.558462496890557158e-01 -2.087622885037068698e+01 -8.705146818924815524e-03 9.997517762557706078e-01 -2.050868863950956744e-02 -2.409803828559668570e+00 5.557936902709402771e-01 2.188707657191928807e-02 8.310320906616778247e-01 4.918626587032344588e+01
8.284763802790222620e-01 -3.339959398060358530e-03 -5.600140408184981489e-01 -2.149415201530124975e+01 -9.892584621336191972e-03 9.997389068774895637e-01 -2.059744801494507380e-02 -2.466862181972900636e+00 5.599366293171277320e-01 2.260448517240851510e-02 8.282270307448156288e-01 5.010267760462728859e+01
8.233946584243120315e-01 -7.061782266093968863e-03 -5.674252034304045900e-01 -2.210431057993454473e+01 -8.609840491473858687e-03 9.996520032034957870e-01 -2.493477800804647093e-02 -2.525930716218636185e+00 5.674038350503827211e-01 2.541660324535300469e-02 8.230473196935434999e-01 5.101283782633566943e+01
8.196356929419030823e-01 -8.068930044943530000e-03 -5.728282612558514009e-01 -2.266219283083493607e+01 -9.610341897320847510e-03 9.995664430653568022e-01 -2.783104820024529663e-02 -2.595147631525604126e+00 5.728044842623744026e-01 2.831639567093476376e-02 8.192027898253639862e-01 5.185088555896763296e+01
8.175594281556310960e-01 -8.025313381139285995e-03 -5.757883025801314725e-01 -2.336103684574289474e+01 -1.150723851632324060e-02 9.994755259708451023e-01 -3.026972857202160638e-02 -2.640663500159488031e+00 5.757292505649865832e-01 3.137303509495143611e-02 8.170382910750759731e-01 5.276351093962908578e+01
8.140915069735875642e-01 -9.014706327806206593e-03 -5.806666400381119697e-01 -2.394980750029892747e+01 -8.392262883944909616e-03 9.995924844892654093e-01 -2.728433417876760872e-02 -2.671057286442452217e+00 5.806759796638258919e-01 2.708505155705886666e-02 8.136840990817260089e-01 5.362262788020629500e+01
8.099909014735496848e-01 -6.801282423272610178e-03 -5.864029974986308957e-01 -2.458640035146620306e+01 -8.066966340938390434e-03 9.997089175243806247e-01 -2.273772838316065123e-02 -2.700848023490841410e+00 5.863869617055746941e-01 2.314784604854943154e-02 8.097002624189781894e-01 5.444318770509782723e+01
8.076465838816089260e-01 -7.358500165730791527e-03 -5.896209302094125304e-01 -2.526778867322064670e+01 -7.566715181755212342e-03 9.997104721630044599e-01 -2.284111826720907137e-02 -2.731674894122499975e+00 5.896183050963896832e-01 2.290904447506241989e-02 8.073570688613869173e-01 5.527483882113190106e+01
8.047427968917298946e-01 -5.689148911630565082e-03 -5.935963760596854044e-01 -2.589242981419743472e+01 -9.624906588613814720e-03 9.996975795925661101e-01 -2.262985967351132874e-02 -2.776381191403035853e+00 5.935456152971503307e-01 2.392452593309429831e-02 8.044446695490204968e-01 5.615036093835573183e+01
8.002800266895959691e-01 -4.727865125037541451e-03 -5.996078045524463329e-01 -2.657323404724741422e+01 -1.113061319965573739e-02 9.996794922064592415e-01 -2.273812511222159799e-02 -2.825422764476615001e+00 5.995231387230368636e-01 2.487086961386020256e-02 7.999709075030163596e-01 5.703392912074829724e+01
7.965997398453389389e-01 -7.602386448378834968e-03 -6.044593048385029643e-01 -2.720108330078213044e+01 -9.379250327418748798e-03 9.996451158367742895e-01 -2.493335246014791867e-02 -2.866452743938359582e+00 6.044343552256269403e-01 2.553127691818811093e-02 7.962457353711634989e-01 5.790738771636863191e+01
7.922391087857605374e-01 -9.037804670547365873e-03 -6.101438399949493663e-01 -2.786645104975140796e+01 -8.874394905235725647e-03 9.996139191623903963e-01 -2.632978823352561878e-02 -2.886418334514897932e+00 6.101462491723275150e-01 2.627414505491199384e-02 7.918530362506179809e-01 5.874997315005556686e+01
7.879057349893909823e-01 -9.236023333138816335e-03 -6.157265963150420074e-01 -2.855331314438060630e+01 -7.618818656436762010e-03 9.996647758259048500e-01 -2.474448604500526297e-02 -2.956285100959766599e+00 6.157487411640218955e-01 2.418743142488062256e-02 7.875712432127599527e-01 5.960918077211969290e+01
7.833588023625939201e-01 -1.011681256643586976e-02 -6.214874331034745403e-01 -2.926420049789708600e+01 -6.430762911068433826e-03 9.996821062953951120e-01 -2.437891821435495335e-02 -2.991448087103728781e+00 6.215365138467324746e-01 2.309407817686909281e-02 7.830447195756354839e-01 6.039155481060736719e+01
7.783818678417907533e-01 -1.111138779954244649e-02 -6.276927571524679728e-01 -2.991666586565774466e+01 -5.640781699227584781e-03 9.996792109463468190e-01 -2.469122909032523891e-02 -3.049612687702828673e+00 6.277657648564237691e-01 2.275988249538614741e-02 7.780694954225954030e-01 6.126733575839134716e+01
7.739412954938176270e-01 -9.712937022212720858e-03 -6.331828506565315706e-01 -3.062268025645438385e+01 -8.567418632677176529e-03 9.996302520933715297e-01 -2.580617084686382540e-02 -3.091896054558532114e+00 6.331993972743409360e-01 2.539720352772651193e-02 7.735719184061317089e-01 6.206630618294896351e+01
7.680681868094767495e-01 -9.092629774387846892e-03 -6.403035035953440479e-01 -3.128229264604943793e+01 -1.002318083131245423e-02 9.996059962428657242e-01 -2.621808803581164929e-02 -3.121904140345889367e+00 6.402896240377806691e-01 2.655515682516434994e-02 7.676744288792887172e-01 6.294073837199238142e+01
7.626692456822160571e-01 -1.267656924821058441e-02 -6.466644557761223044e-01 -3.202148948118249194e+01 -6.913077930725547958e-03 9.995910396547783572e-01 -2.774820368254777084e-02 -3.164705400782690692e+00 6.467517588562659014e-01 2.563314302047449769e-02 7.622697109956556583e-01 6.376020641110025622e+01
7.563784337577045269e-01 -1.368694590398356753e-02 -6.539910736191266727e-01 -3.274644071788663524e+01 -6.420135041501967219e-03 9.995775891812835878e-01 -2.834475407594195043e-02 -3.198436917704160720e+00 6.541027851310344809e-01 2.563807136745324330e-02 7.559710601960256682e-01 6.454054587286833566e+01
7.506132723477347835e-01 -1.361729157841130335e-02 -6.606014505801155456e-01 -3.349022503834601849e+01 -7.054410405840461605e-03 9.995654669255489289e-01 -2.862014388439014859e-02 -3.255616068002188612e+00 6.607041376599049887e-01 2.614281326797315494e-02 7.501910450133557617e-01 6.539613611399715865e+01
7.441706943282323516e-01 -1.604216635995292864e-02 -6.677968390160005097e-01 -3.423651518069776500e+01 -3.314332644827470194e-03 9.996106052301308997e-01 -2.770655365960010552e-02 -3.294659193113727902e+00 6.679812871069437108e-01 2.283170576794503123e-02 7.438277500089051086e-01 6.622975169204914891e+01
7.382287686827859741e-01 -1.516606304631084104e-02 -6.743799130043308665e-01 -3.497628622830058021e+01 -4.327817322281423199e-03 9.996201551501626703e-01 -2.721792464588619967e-02 -3.358707241246216224e+00 6.745365536862631961e-01 2.301164769230684692e-02 7.378827212784893064e-01 6.706458454685208892e+01
7.312009739399041308e-01 -1.546773277169611986e-02 -6.819867126384937528e-01 -3.574153650757588707e+01 -4.281132221200870981e-03 9.996191595750002490e-01 -2.726183641302599645e-02 -3.399504996207035390e+00 6.821486751190177777e-01 2.285355624453209653e-02 7.308562845936205088e-01 6.783110631128488421e+01
7.244455213419713768e-01 -1.756697230547245650e-02 -6.891081766941147269e-01 -3.652656663882367383e+01 -3.352901503774149711e-03 9.995736054893746836e-01 -2.900629699351812973e-02 -3.434878710772968358e+00 6.893239094797063427e-01 2.332399340746692598e-02 7.240777223829192311e-01 6.866580090408879755e+01
7.189430518288750793e-01 -1.682127832174621501e-02 -6.948653997562331819e-01 -3.731425112754545381e+01 -3.643755021983090953e-03 9.996021680893690808e-01 -2.796835007749023591e-02 -3.498445684254592347e+00 6.950594355407891944e-01 2.263956985564923724e-02 7.185957416941759490e-01 6.946321435523279320e+01
7.126988400110977340e-01 -1.694853291436125217e-02 -7.012653573930081041e-01 -3.808732435705184827e+01 -4.180497659923218534e-03 9.995876923965756333e-01 -2.840719372279464430e-02 -3.517789474406192163e+00 7.014576927354899682e-01 2.317741180589884611e-02 7.123341365377110490e-01 7.029251359137960264e+01
7.084887281493202904e-01 -1.818662681276678530e-02 -7.054877457399412188e-01 -3.895714939483780626e+01 -2.520170873641514996e-03 9.995963181574537559e-01 -2.829928388202629028e-02 -3.582114476707834783e+00 7.057176338606231392e-01 2.182767290472724386e-02 7.081568916925332635e-01 7.107091300935631750e+01
7.037150107953152878e-01 -1.720287634499909069e-02 -7.102740564086085229e-01 -3.974783773235906637e+01 -4.628440253848167471e-03 9.995746093117464648e-01 -2.879545046433983069e-02 -3.647298272031790134e+00 7.104672892916760185e-01 2.355125137066414395e-02 7.033360354892422839e-01 7.189317971250972050e+01
6.983291767663748484e-01 -1.816533962958307921e-02 -7.155462051914924793e-01 -4.056758978892937506e+01 -5.592246852664324933e-03 9.995089398119944013e-01 -3.083189938406829742e-02 -3.701655391657898697e+00 7.157549132298903771e-01 2.553232554584543637e-02 6.978846710452233371e-01 7.267209158273627168e+01
6.925701877893561953e-01 -2.152967158359701122e-02 -7.210291246159875600e-01 -4.136301666542164668e+01 -2.472632921602144207e-03 9.994777718971370462e-01 -3.221908707489940654e-02 -3.727658257676431663e+00 7.213462617747766759e-01 2.409681913832656397e-02 6.921552742061720664e-01 7.344421349825060474e+01
6.879995615707461543e-01 -2.093597514436935925e-02 -7.254090421485202000e-01 -4.228088352914497250e+01 -4.699568103536561590e-03 9.994342918234843109e-01 -3.330180765112222135e-02 -3.802369628937064316e+00 7.256958906794755970e-01 2.632073787796810130e-02 6.875119655649364336e-01 7.428477699153667402e+01
6.826805715319692602e-01 -2.183038006745843460e-02 -7.303907596910261812e-01 -4.308464186293391407e+01 -3.326504955019754777e-03 9.994504291943596685e-01 -3.298141827346905836e-02 -3.850504978118660215e+00 7.307093677772880103e-01 2.494542155997043695e-02 6.822327723726243631e-01 7.500743805259169505e+01
6.782960586018301763e-01 -2.154034002911128093e-02 -7.344729134668269710e-01 -4.392497899484943957e+01 -2.530958241653337350e-03 9.994958022677263854e-01 -3.165020540009793465e-02 -3.895543323290015181e+00 7.347843627763488428e-01 2.332712943393902560e-02 6.778995465919976926e-01 7.577946328039415391e+01
6.740017965965380276e-01 -2.293994323539242861e-02 -7.383734333458180643e-01 -4.483572769793770618e+01 -1.597065210377459753e-03 9.994701477824914360e-01 -3.250958434876897313e-02 -3.937024763015986473e+00 7.387279853335785296e-01 2.309074835945502252e-02 6.736080396960287819e-01 7.657377137312624882e+01
6.698630312783871998e-01 -2.326849255358489840e-02 -7.421199945881217230e-01 -4.572929156360921610e+01 -1.545115892114714683e-03 9.994629727894439597e-01 -3.273192080755991246e-02 -3.979623947241000881e+00 7.424830912473469047e-01 2.307256466534897063e-02 6.694673451221522242e-01 7.734462701850186761e+01
6.643918640476724757e-01 -2.249370019493928188e-02 -7.470458313241237214e-01 -4.667710940841126899e+01 -1.965027433186865118e-03 9.994909677288651428e-01 -3.184248885899532838e-02 -4.052645446175596966e+00 7.473818292052608614e-01 2.262385564886022771e-02 6.640094674538121744e-01 7.817211395748728364e+01
6.595294124779986777e-01 -2.382549037466249325e-02 -7.513010645781350583e-01 -4.752692537776947290e+01 -7.200317571623796606e-04 9.994770605964544696e-01 -3.232780373459500506e-02 -4.078180511503886052e+00 7.516784184189420071e-01 2.186209758744956169e-02 6.591673645003266468e-01 7.892967028070987112e+01
6.563416522245579809e-01 -2.615458768691025435e-02 -7.540103199433556558e-01 -4.841593771209004871e+01 8.956237933073580779e-04 9.994252436437480736e-01 -3.388775915482775125e-02 -4.151902666855008306e+00 7.544632811309733844e-01 2.156663780558118471e-02 6.559878414124402646e-01 7.972237656139493822e+01
6.529256464289183715e-01 -3.083894387500135323e-02 -7.567939278230774169e-01 -4.931839357546564884e+01 5.143246599465102313e-03 9.993282567184013088e-01 -3.628473955466273576e-02 -4.209130897360115142e+00 7.574045527295719671e-01 1.979885877277742789e-02 6.526456613630505776e-01 8.045470989518589988e+01
6.486210305386941322e-01 -3.560443024107285553e-02 -7.602782862978199052e-01 -5.025644035116420838e+01 1.049389329965556145e-02 9.992286353148847056e-01 -3.784194162430769975e-02 -4.257003270655813409e+00 7.610391884106726401e-01 1.656679946950992410e-02 6.484943373361210517e-01 8.123472626173168010e+01
6.421922223143040620e-01 -3.980766506517210285e-02 -7.655093001343105108e-01 -5.114510024631252350e+01 1.638459026413842737e-02 9.991353428842326689e-01 -3.821140886052604158e-02 -4.297404853354509946e+00 7.663685172966472336e-01 1.199651281449351514e-02 6.422891795913741042e-01 8.198522934855445499e+01
6.341042578583376832e-01 -4.155202210221572295e-02 -7.721303054813160038e-01 -5.202618358993510128e+01 1.857867655647879590e-02 9.990855645452106915e-01 -3.850801808332715570e-02 -4.367737131281494101e+00 7.730243415503957882e-01 1.007293846823415981e-02 6.342963931016373236e-01 8.274288948986807668e+01
6.242878901160271443e-01 -4.261332700315659250e-02 -7.800312323391966896e-01 -5.297583390386451185e+01 2.075850820913889908e-02 9.990634209981592573e-01 -3.796531468508002743e-02 -4.415734011950632087e+00 7.809185133526435063e-01 7.509000878240662535e-03 6.245877853766852450e-01 8.350236311805296907e+01
6.160910860713848525e-01 -4.103620577475890902e-02 -7.866052327001078481e-01 -5.397261658289968977e+01 1.844609039780067614e-02 9.991197681564673028e-01 -3.767533132651695871e-02 -4.462084030205318186e+00 7.874589040037651699e-01 8.701643985762638409e-03 6.163057417405560789e-01 8.428707762151078953e+01
6.063518987214977507e-01 -4.132418954607082473e-02 -7.941219520358911987e-01 -5.490511404086051073e+01 2.069594685901447739e-02 9.991306046006431796e-01 -3.618995293859160467e-02 -4.578401824408008913e+00 7.949270803005640262e-01 5.508740345484933014e-03 6.066799835125530338e-01 8.501773049403580274e+01
5.969842318594223984e-01 -4.172863342067630738e-02 -8.011669840323094594e-01 -5.594487231743860178e+01 1.996088805341628136e-02 9.991097768219779907e-01 -3.716472477049386630e-02 -4.637725522282152291e+00 8.020046136730056840e-01 6.194749575484665392e-03 5.972857243607384570e-01 8.575689320697449602e+01
5.867045373111619000e-01 -4.343901007982543111e-02 -8.086351626895279532e-01 -5.694249764238435318e+01 2.123505806875123497e-02 9.990421486433151976e-01 -3.826039075622653107e-02 -4.698460802428630068e+00 8.095226179160192048e-01 5.276129593166974802e-03 5.870649926072224467e-01 8.644795442656290163e+01
5.772557667232961487e-01 -4.515656245511236178e-02 -8.153138368168910688e-01 -5.790406605092002934e+01 2.136111401734784240e-02 9.989631311753348619e-01 -4.020404602671450583e-02 -4.747001102233429748e+00 8.162839539635614594e-01 5.792004960376516062e-03 5.776218238349384304e-01 8.712923826691312001e+01
5.671982052463634405e-01 -4.621526797019277766e-02 -8.222836083933955376e-01 -5.898768528947883283e+01 2.316663451253206038e-02 9.989245362720178267e-01 -4.016314022762782626e-02 -4.806885109579934756e+00 8.232554367405029438e-01 3.730916583280738733e-03 5.676588575227993205e-01 8.789432584401565407e+01
5.564154652279044155e-01 -4.674647645869985796e-02 -8.295882017311383416e-01 -5.997642328073857954e+01 2.542969177648907869e-02 9.989065170880747635e-01 -3.923137578612882065e-02 -4.876389552043154829e+00 8.305150041759384871e-01 7.327712557640046016e-04 5.569957840741590616e-01 8.858999975939407534e+01
5.465961556467977545e-01 -4.738562220839543510e-02 -8.360545632414029260e-01 -6.097102357578425114e+01 2.616894003900326060e-02 9.988766296891335994e-01 -3.950525519236110922e-02 -4.944926524459821060e+00 8.369873599604039649e-01 -2.852418150507945310e-04 5.472221584303865738e-01 8.919622276032542629e+01
5.365894426301710540e-01 -4.719206057611711330e-02 -8.425227988434844661e-01 -6.204855001024823480e+01 2.429245842593742710e-02 9.988850473641686101e-01 -4.047886569392296352e-02 -5.008271512035963546e+00 8.434937215168464286e-01 1.253581230001137850e-03 5.371375831657703159e-01 8.990952015747690496e+01
5.264815928568364889e-01 -4.773462514017616509e-02 -8.488454069272450830e-01 -6.318694006754703452e+01 2.340205177318287894e-02 9.988579157475651060e-01 -4.165582881023983941e-02 -5.072422964489422093e+00 8.498643940446416467e-01 2.066302259274237392e-03 5.269973958774842870e-01 9.056324515463445834e+01
5.161156449533494950e-01 -4.825047958840486539e-02 -8.551587682940682278e-01 -6.420723786281760681e+01 2.274661524325593404e-02 9.988320139169983847e-01 -4.262862210470299423e-02 -5.153447608309856598e+00 8.562168210403895419e-01 2.549330632601138399e-03 5.166103653542072349e-01 9.120125461436799696e+01
