1 0 0 0 0 1 0 0 0 0 1 0
0.99986844 0.00095841976 0.016191895 0.011959262 -0.00095163061 0.99999946 -0.00042699713 -0.0024225718 -0.016192297 0.00041153227 0.99986881 0.14186769
0.99927727 0.0034758411 0.037853052 0.028176407 -0.0034671104 0.99999395 -0.00029629546 -0.0012521271 -0.037853856 0.00016484064 0.99928327 0.29934711
0.99798093 0.0053455755 0.063288948 0.059754066 -0.0053861214 0.99998538 0.00047004524 -0.0022555952 -0.063285516 -0.00080997811 0.99799513 0.43269297
0.99517953 0.0050076006 0.097941909 0.078191003 -0.005333224 0.99998109 0.0030631325 0.00027598831 -0.097924726 -0.0035707129 0.99518742 0.60332711
0.99094887 0.0014781429 0.13423171 0.1708597 -0.0022182243 0.99998315 0.0053640729 -0.0037381152 -0.13422153 -0.0056132781 0.99093545 0.79378087
0.98457311 -0.0016635064 0.17496577 0.24248958 0.00068047642 0.99998365 0.0056782559 -0.008145169 -0.17497237 -0.005471598 0.98455814 0.99264013
0.97585101 -0.0019496552 0.21842849 0.32881427 0.00038189749 0.99997387 0.00721943 -0.008359626 -0.21843688 -0.0069616707 0.97582625 1.2119594
0.96406511 -0.0016269116 0.2656611 0.42778639 -0.00093249815 0.99995437 0.0095077006 0.00395798 -0.26566447 -0.0094137709 0.96401959 1.4118211
0.95024889 -0.0056697087 0.31144003 0.56391519 0.00046589379 0.99985908 0.016780742 0.0085735415 -0.31149131 -0.015800783 0.95011763 1.6438254
0.93332353 -0.015517033 0.35870099 0.67878664 0.007018362 0.99966324 0.02498294 -0.0041154428 -0.35896788 -0.020799673 0.93311813 1.8624699
0.91211376 -0.021051667 0.40939626 0.848984 0.0095209419 0.99949903 0.030183322 -0.008237476 -0.40982661 -0.023632785 0.91185726 2.074657
0.88714972 -0.022898227 0.46091326 1.0330366 0.0083458271 0.99940096 0.033586607 -0.0061296108 -0.46140627 -0.025949646 0.88680939 2.3373367
0.85927598 -0.025135535 0.51089429 1.2056271 0.0062841801 0.99923529 0.03859207 0.015817528 -0.51147368 -0.029950687 0.85877684 2.5260561
0.82747299 -0.030471942 0.56067805 1.4536023 0.0079089069 0.99905984 0.042624972 0.02304878 -0.56144984 -0.030836663 0.82693603 2.784893
0.79127957 -0.036086502 0.61038871 1.6493401 0.0098402002 0.99887921 0.046297886 0.021739653 -0.61137537 -0.030628225 0.79074781 2.9726105
0.75298822 -0.040657852 0.65677671 1.9441327 0.011050284 0.99872991 0.049157466 0.035120237 -0.65794124 -0.029757423 0.75248114 3.1831814
0.71332748 -0.043849753 0.69945769 2.2234734 0.012031428 0.99865981 0.050337051 0.047356393 -0.70072762 -0.027491327 0.71289906 3.4389863
0.67173556 -0.045536731 0.73939009 2.519542 0.011073368 0.99861462 0.051441412 0.060587793 -0.74070829 -0.026367487 0.6713092 3.6128877
0.62989901 -0.046013743 0.77531279 2.852566 0.0067635836 0.99853064 0.053766373 0.078611414 -0.77664763 -0.028623492 0.62928467 3.8478252
0.58793938 -0.046962815 0.80754054 3.178476 0.0041795416 0.9984763 0.055023789 0.094681285 -0.80889423 -0.028975503 0.58723982 4.0410258
0.54747221 -0.048045171 0.83544346 3.5591139 0.0017348787 0.99841349 0.056280467 0.11714297 -0.8368221 -0.029362598 0.54668699 4.2362943
0.50859461 -0.050617457 0.85951692 3.9752644 0.00090089485 0.99830119 0.058257464 0.13028613 -0.86100568 -0.028855097 0.5077762 4.4476871
0.47103789 -0.050411616 0.88067128 4.4142674 -0.0018703853 0.99830635 0.058145711 0.15428063 -0.88211103 -0.029036027 0.47014583 4.6616993
0.43542636 -0.049850568 0.898843 4.8618279 -0.0029159635 0.99838225 0.056783676 0.17691083 -0.90021967 -0.027346103 0.43457659 4.8310329
0.40101939 -0.048493435 0.91478509 5.3599506 -0.0019413286 0.99855066 0.05378494 0.19868358 -0.91606755 -0.023344702 0.40034403 5.00974
0.3715766 -0.046920831 0.92721583 5.8576407 0.00010488137 0.99872419 0.050497409 0.22039968 -0.92840233 -0.018666408 0.37110746 5.1884698
0.34599233 -0.044852968 0.93716458 6.4241616 0.0011731877 0.99887656 0.047373391 0.2443857 -0.93823665 -0.01529136 0.34565625 5.3707557
0.32610878 -0.044350676 0.94429127 6.9845734 0.0021822202 0.99893152 0.046163348 0.26573734 -0.94532977 -0.012993621 0.32585712 5.5504546
0.31174716 -0.045006821 0.94909853 7.5833176 0.0035475545 0.99892571 0.046204402 0.29590673 -0.95015851 -0.011037111 0.31157191 5.7374925
0.29808198 -0.046501703 0.95340686 8.1657916 0.0047629426 0.99887268 0.047230133 0.3118591 -0.95452843 -0.0095374287 0.29796743 5.9458076
0.28856799 -0.04826253 0.95624221 8.8178922 0.0034342726 0.99877451 0.049372808 0.34011598 -0.95745329 -0.010963415 0.2883801 6.1068279
0.27717299 -0.049763101 0.95953045 9.5050006 0.0014207474 0.99867801 0.051382967 0.37221592 -0.96081902 -0.01287872 0.27687727 6.3115297
0.26810708 -0.051715585 0.96200001 10.188585 0.0010086116 0.99857266 0.053400574 0.40043761 -0.96338863 -0.013346787 0.26777656 6.5090242
0.25704011 -0.053475909 0.96492001 10.908566 -0.00030971591 0.99846323 0.055417379 0.4253887 -0.96640073 -0.01454334 0.25662854 6.6952118
0.24602363 -0.05519676 0.96769087 11.635706 -0.0002043096 0.99837422 0.056998871 0.45688991 -0.96926385 -0.014220777 0.24561237 6.8890264
0.23610598 -0.056640475 0.97007512 12.385119 -0.0011804627 0.99828233 0.05857474 0.48216772 -0.97172663 -0.014974983 0.23563356 7.0305343
0.22702422 -0.059567403 0.97206566 13.159162 -0.0022327183 0.99809324 0.0616838 0.52157315 -0.97388659 -0.016174065 0.22645835 7.2339716
0.2149925 -0.063069567 0.97457702 13.924662 -0.0040113962 0.9978471 0.065460402 0.56336645 -0.9766075 -0.01798291 0.21427665 7.4172319
0.20227028 -0.066648131 0.9770592 14.723084 -0.0037656486 0.99762128 0.068830294 0.59929753 -0.97932254 -0.017601584 0.20153816 7.553819
0.18924994 -0.069109373 0.97949389 15.512446 -0.0049132137 0.99744103 0.071324946 0.64240299 -0.9819167 -0.018310704 0.18842611 7.7565296
0.17579251 -0.07004166 0.98193232 16.30352 -0.0054636293 0.99738087 0.072121749 0.67890298 -0.98441212 -0.018043377 0.1749494 7.8677353
0.16102535 -0.069009107 0.98453466 17.105757 -0.0074011956 0.99744001 0.071124184 0.7218609 -0.98692256 -0.01873953 0.16010237 8.0055834
0.14259989 -0.067998391 0.98744185 17.93072 -0.0080587739 0.9975245 0.069856509 0.76418543 -0.98974765 -0.0179191 0.14169889 8.1400629
0.1239755 -0.066741616 0.99003816 18.735719 -0.010606114 0.99758932 0.068578792 0.80109459 -0.99222864 -0.019002546 0.12296876 8.2117145
0.099732759 -0.0654841 0.99285705 19.542218 -0.014296484 0.99763472 0.067235297 0.83939588 -0.99491159 -0.020899926 0.098560668 8.3266666
0.069417349 -0.064882311 0.99547548 20.36698 -0.018818975 0.99761997 0.066334383 0.87811948 -0.99741023 -0.023338584 0.068031114 8.371237
0.034792946 -0.064449459 0.99731421 21.219793 -0.022581045 0.99761299 0.065256543 0.91466264 -0.99913945 -0.024790864 0.033254557 8.3859296
0.0014844321 -0.063820573 0.99796024 22.053058 -0.022883378 0.99769789 0.063837833 0.95356645 -0.99973708 -0.022931464 2.0582918e-05 8.3980158
-0.033282943 -0.062815336 0.99747 22.897157 -0.024865128 0.9977661 0.062004299 0.98264185 -0.99913666 -0.022738533 -0.034770505 8.3372953
-0.063683617 -0.060995313 0.99610435 23.730183 -0.02712313 0.99786754 0.059369225 1.0146278 -0.99760153 -0.02323662 -0.065202199 8.2735727
-0.098553586 -0.057594909 0.9934636 24.617155 -0.028879681 0.99806878 0.054996966 1.0508394 -0.99471264 -0.023270763 -0.10002658 8.1981482
-0.12991643 -0.053121089 0.9901009 25.452179 -0.02624961 0.99839809 0.0501219 1.0774921 -0.99117746 -0.019478103 -0.13110272 8.0553091
-0.16315717 -0.047492925 0.98545628 26.295365 -0.022363341 0.99876209 0.044431594 1.0888286 -0.98634664 -0.014788761 -0.16401729 7.9083864
-0.19445853 -0.041157091 0.98004688 27.112409 -0.015901821 0.99912035 0.038802881 1.1097169 -0.98078188 -0.0080389783 -0.19494195 7.7347071
-0.221979 -0.035479009 0.97440571 27.945632 -0.0095545277 0.99936895 0.03421133 1.1194727 -0.97500467 -0.0017157884 -0.22217791 7.5283514
-0.25071916 -0.028789452 0.96763164 28.755698 -0.0011663007 0.99956595 0.029437382 1.1336991 -0.9680592 0.0062519673 -0.25064392 7.2978844
-0.27930149 -0.018743604 0.96002046 29.548955 0.0052404772 0.99976481 0.021044208 1.1330693 -0.9601892 0.010908645 -0.27913757 7.0537145
-0.30367864 -0.003525044 0.95276796 30.327148 0.009225826 0.99993539 0.0066401301 1.121823 -0.95272989 0.010806538 -0.3036265 6.7698579
-0.32836603 0.013617949 0.94445234 31.113463 0.010364981 0.99988781 -0.010813581 1.1008751 -0.94449372 0.0062384192 -0.32847034 6.5241215
-0.35406139 0.027741875 0.93481059 31.855321 0.0088375187 0.99961456 -0.026317799 1.0762195 -0.93518047 -0.0010567095 -0.35417009 6.226173
-0.37734797 0.038730346 0.92526126 32.625861 0.012729097 0.9992476 -0.036636037 1.0382343 -0.9259841 -0.0020467933 -0.37755706 5.8873793
-0.4012978 0.043905665 0.91489469 33.416156 0.016345494 0.99903469 -0.04077395 0.98977328 -0.91580182 -0.0014080902 -0.40162809 5.5753555
-0.42361052 0.042856802 0.90483001 34.131679 0.019018066 0.99908079 -0.03841733 0.93657481 -0.9056448 0.00093413312 -0.42403619 5.2253894
-0.44466726 0.039635507 0.89481841 34.853341 0.023433021 0.99919328 -0.03261403 0.90255226 -0.89538929 0.0064659082 -0.44523732 4.8256199
-0.4631491 0.038574231 0.8854405 35.605141 0.030269876 0.99915801 -0.027695012 0.8584929 -0.88576335 0.013975255 -0.46392677 4.4444836
-0.47628356 0.039175261 0.87841858 36.315098 0.034562111 0.99906906 -0.025816195 0.82121863 -0.87861226 0.018064173 -0.47719415 4.014571
-0.48716746 0.042711877 0.87226343 37.010342 0.03705615 0.99891472 -0.028217361 0.77003544 -0.87252207 0.018576145 -0.48822149 3.6201403
-0.49808893 0.045539779 0.86592926 37.68356 0.038924458 0.99878758 -0.030137246 0.73144483 -0.86625191 0.0186948 -0.49925765 3.2289669
-0.50762209 0.044450645 0.86043239 38.376596 0.032200616 0.99894932 -0.032609415 0.67783506 -0.86097793 0.011153195 -0.50852008 2.8305593
-0.51904928 0.043232147 0.85365026 39.074748 0.030803051 0.99901742 -0.031864766 0.64989439 -0.85418913 0.009755649 -0.51987096 2.4000235
-0.52821075 0.044395078 0.8479519 39.716809 0.032948748 0.99895178 -0.031776164 0.6091823 -0.84847383 0.011154443 -0.52911983 1.9946493
-0.53469646 0.048124497 0.84367272 40.419865 0.037057739 0.99875198 -0.033484304 0.56430824 -0.84423129 0.013360665 -0.53581254 1.5512613
-0.53944201 0.051157816 0.84046722 41.112848 0.037738324 0.99861855 -0.03656241 0.5261869 -0.84117668 0.011994526 -0.54062741 1.1137759
-0.53883371 0.052611738 0.84076762 41.802443 0.036732936 0.99856598 -0.038944587 0.47594092 -0.84161095 0.0098992075 -0.53999359 0.65423784
-0.53542593 0.05364604 0.84287669 42.530799 0.039301246 0.99848218 -0.038584183 0.43694644 -0.84366732 0.012467133 -0.53672161 0.20053401
-0.52947843 0.052620339 0.84668981 43.290608 0.037655617 0.99854846 -0.038510114 0.38875445 -0.84748729 0.011492353 -0.53069132 -0.25972602
-0.52292534 0.050937837 0.85085508 44.03346 0.035355673 0.99864992 -0.038056643 0.34474021 -0.85164495 0.010181772 -0.5240203 -0.70513883
-0.51560555 0.050367649 0.85534435 44.809699 0.03336024 0.99869388 -0.038699194 0.29893242 -0.85617643 0.0085809738 -0.51661239 -1.168769
-0.50875089 0.048967809 0.85952 45.617812 0.030555646 0.9987791 -0.038815631 0.25072039 -0.8603714 0.0065157031 -0.509626 -1.6508401
-0.50454745 0.046813249 0.86211387 46.424488 0.026572102 0.99889792 -0.038689517 0.20238463 -0.862975 0.0033874814 -0.50523533 -2.0963694
-0.50339876 0.043922783 0.86293708 47.278947 0.021612685 0.99903475 -0.03824217 0.15852517 -0.86378391 -0.00060067341 -0.50386215 -2.5700191
-0.50415331 0.041497662 0.86261656 48.096243 0.018859822 0.9991357 -0.037042591 0.10450437 -0.86340825 -0.0024063491 -0.50450021 -3.0361437
-0.50447279 0.040217426 0.86249041 48.965953 0.017270352 0.99918478 -0.036489932 0.055203998 -0.86325489 -0.0035126641 -0.5047561 -3.547512
-0.50536114 0.039726293 0.86199297 49.823567 0.017469219 0.99920598 -0.035808278 0.0069311827 -0.86273113 -0.0030377676 -0.50565386 -4.0405781
-0.50597875 0.038944959 0.86166626 50.683958 0.017147389 0.99923691 -0.035093663 -0.040917443 -0.86237552 -0.0029813205 -0.50626044 -4.546608
-0.50586637 0.038308612 0.86176076 51.55996 0.017404723 0.9992633 -0.034204301 -0.09288541 -0.86243629 -0.0023040982 -0.50616045 -5.0612821
-0.50614567 0.037901077 0.86161477 52.469853 0.017254658 0.99927896 -0.033820657 -0.1476796 -0.86227542 -0.0022513103 -0.50643469 -5.5755112
-0.50582569 0.036504499 0.86186294 53.361752 0.015282195 0.99932663 -0.033357728 -0.20090305 -0.86250037 -0.0037020371 -0.50604295 -6.1070737
-0.5061103 0.03579785 0.86172549 54.267494 0.015020295 0.99935256 -0.032693411 -0.25646633 -0.862338 -0.0036031004 -0.50632032 -6.6155276
-0.50541792 0.035093237 0.86216073 55.166365 0.013909318 0.99937415 -0.032524392 -0.30884186 -0.86276261 -0.004446342 -0.50558973 -7.1249118
-0.50390214 0.034180188 0.86308417 56.049994 0.013794462 0.99940776 -0.031525182 -0.35969208 -0.86365063 -0.003979824 -0.5040752 -7.6401538
-0.50155945 0.031506002 0.86454926 56.944062 0.01363624 0.99950041 -0.028512979 -0.41753391 -0.86501574 -0.002511752 -0.50173849 -8.1761467
-0.49956209 0.030425303 0.86574359 57.81685 0.014505765 0.99953672 -0.026756971 -0.46460594 -0.86615666 -0.00080849435 -0.49977199 -8.6667436
-0.49762579 0.030024026 0.866872 58.722644 0.014622211 0.99954911 -0.026225438 -0.51190034 -0.8672686 -0.00037486805 -0.49784043 -9.1474637
-0.49475386 0.030496728 0.86849784 59.619636 0.015062777 0.99953487 -0.026517251 -0.56992315 -0.86890264 -3.7522281e-05 -0.4949831 -9.6743722
-0.49378726 0.031020533 0.86902923 60.506776 0.014965267 0.99951866 -0.027175084 -0.62206538 -0.86945399 -0.00041345434 -0.49401381 -10.173079
-0.49452071 0.032204186 0.86856899 61.395111 0.014528129 0.99948 -0.028786404 -0.66559098 -0.86904446 -0.0016167897 -0.49473142 -10.656227
-0.49711248 0.034273208 0.86700892 62.263464 0.013122065 0.99940227 -0.031983037 -0.72314149 -0.86758692 -0.0045222184 -0.49726508 -11.155707
-0.50137944 0.034800037 0.86452735 63.132636 0.012206897 0.99937588 -0.033148782 -0.77198907 -0.86514144 -0.0060669211 -0.50149132 -11.651845
-0.50836797 0.032866448 0.86051249 64.004431 0.011544654 0.99944172 -0.03135244 -0.83215362 -0.86106259 -0.0060042562 -0.50846359 -12.143395
-0.51314964 0.030888819 0.85774312 64.872111 0.015337262 0.99952264 -0.026818941 -0.88080414 -0.85816215 -0.00060669812 -0.51337843 -12.670814
-0.51820137 0.028908144 0.85476991 65.71953 0.012404773 0.99957752 -0.026285154 -0.93269373 -0.85516871 -0.0030177752 -0.51834104 -13.17793
-0.52312022 0.031437505 0.85167885 66.564868 0.013693137 0.99950047 -0.028483322 -0.98470542 -0.85214893 -0.0032380458 -0.52328939 -13.696113
-0.52800718 0.03409212 0.84855529 67.4019 0.014149986 0.99940836 -0.031348169 -1.033767 -0.84912205 -0.0045450121 -0.52817719 -14.218954
-0.53348912 0.033742636 0.84513356 68.23754 0.012227822 0.99940718 -0.032183341 -1.0927655 -0.84571857 -0.0068353186 -0.53358546 -14.727881
-0.53744476 0.034825272 0.84257954 69.069639 0.011855111 0.99936021 -0.033743429 -1.1404786 -0.84321566 -0.0081463541 -0.53751376 -15.23262
-0.53988107 0.033828808 0.84106122 69.883779 0.011404157 0.99939435 -0.032876833 -1.1979513 -0.84166409 -0.0081579854 -0.53993988 -15.771351
-0.54277038 0.027434578 0.83943291 70.714902 0.013296537 0.99962179 -0.024072484 -1.2449985 -0.83977591 -0.0019042797 -0.54292988 -16.300944
-0.54490862 0.01904746 0.83827903 71.5396 0.013993427 0.9998093 -0.013621583 -1.2843662 -0.8383787 0.0043078793 -0.54507124 -16.836958
-0.54685556 0.015598215 0.83708162 72.366862 0.013811058 0.99985845 -0.0096088032 -1.3278015 -0.83711308 0.0063063561 -0.54699358 -17.355988
-0.54760023 0.022011134 0.8364505 73.161742 0.014573836 0.9997532 -0.016767357 -1.3572366 -0.8366132 0.0030084848 -0.54778587 -17.877977
-0.54888825 0.026886188 0.8354632 73.947671 0.014849047 0.9996385 -0.022413914 -1.4010945 -0.83576387 0.00010309891 -0.54908906 -18.396561
-0.5495944 0.032346645 0.83480514 74.742943 0.02172533 0.9994656 -0.024423949 -1.4334384 -0.83514913 0.0047131528 -0.55000344 -18.916517
-0.54925661 0.03297073 0.83500302 75.535883 0.024167332 0.99943012 -0.02356623 -1.4789421 -0.83530424 0.0072358887 -0.54974042 -19.447658
-0.54893687 0.030368138 0.83531193 76.331457 0.024360222 0.99949654 -0.020328482 -1.5238343 -0.83550879 0.0091893316 -0.54940028 -19.971569
-0.54811038 0.025136339 0.83602818 77.133833 0.02207316 0.99963489 -0.015583963 -1.5557261 -0.83611473 0.0099120524 -0.5484651 -20.492127
-0.54738347 0.01918079 0.83666204 77.944101 0.020630413 0.99974277 -0.0094220947 -1.5841326 -0.83662762 0.012103185 -0.54763838 -21.014992
-0.54764221 0.012795871 0.83661473 78.737539 0.01172844 0.99990222 -0.007615967 -1.6234479 -0.83663045 0.0056413616 -0.54773874 -21.505911
-0.54570305 0.0074126832 0.83794581 79.541097 0.0031906977 0.99997201 -0.0067681 -1.6457943 -0.83797259 -0.0010197403 -0.54571142 -22.006017
-0.54385728 0.0076031609 0.83914325 80.329668 0.0058808273 0.99996893 -0.0052489165 -1.6740565 -0.83915716 0.0020801959 -0.5438851 -22.519389
-0.5415121 0.011171689 0.84061869 81.126706 0.011357478 0.99991767 -0.005972454 -1.7027565 -0.84061627 0.0063131535 -0.5415944 -23.032771
-0.53509544 0.014672847 0.84466414 81.898801 0.013040753 0.99987349 -0.0091076938 -1.7275364 -0.84469099 0.0061415715 -0.53521909 -23.521695
-0.52784214 0.016858826 0.84917513 82.682366 0.017990131 0.9998006 -0.0086666622 -1.7516042 -0.84915198 0.010702144 -0.52804018 -24.004591
-0.51992368 0.019644184 0.85398677 83.494335 0.025538833 0.9996461 -0.0074462369 -1.7906892 -0.85383089 0.017938352 -0.52024137 -24.508046
-0.51020905 0.018898539 0.85984272 84.291498 0.023678025 0.99968825 -0.007922268 -1.8157283 -0.85972446 0.016317366 -0.51049747 -24.977446
-0.50016866 0.016810764 0.86576478 85.097237 0.020562903 0.99976018 -0.0075330067 -1.8365032 -0.86568386 0.014034864 -0.50039439 -25.425682
-0.48761258 0.013923799 0.87294905 85.912676 0.022061077 0.99975006 -0.0036234182 -1.8601836 -0.87278139 0.017491373 -0.48779788 -25.875506
-0.47693424 0.012124242 0.87885531 86.739757 0.020781662 0.99978088 -0.0025147464 -1.8897278 -0.8786933 0.017064706 -0.4770817 -26.310017
-0.4651358 0.011285908 0.88516736 87.567038 0.020819067 0.99978163 -0.0018072847 -1.9060216 -0.88499453 0.017587727 -0.46526919 -26.737226
-0.45320551 0.013139659 0.89130918 88.368646 0.024318215 0.99970145 -0.0023724506 -1.9313275 -0.89107433 0.020599842 -0.45338974 -27.141252
-0.44054074 0.016133988 0.89758759 89.212486 0.023435497 0.99970443 -0.0064672544 -1.9606856 -0.89742671 0.018186324 -0.44078864 -27.545946
-0.42990558 0.02637861 0.90248839 90.033842 0.026724989 0.99950691 -0.016483736 -1.9849275 -0.90247828 0.017032544 -0.43039856 -27.936628
-0.4168776 0.030893563 0.90843744 90.85348 0.02630148 0.99941375 -0.021917803 -2.0172113 -0.90858206 0.014756209 -0.41744575 -28.30634
-0.40577801 0.027630357 0.91355388 91.705873 0.024309208 0.9995156 -0.019432713 -2.0477129 -0.91364837 0.014322405 -0.40625312 -28.66904
-0.39375822 0.023583259 0.91891143 92.542656 0.024203365 0.99959024 -0.015282562 -2.0917205 -0.91889539 0.016223115 -0.39416766 -29.017989
-0.38386595 0.024223886 0.92307099 93.388861 0.021505725 0.99961922 -0.017289402 -2.1247736 -0.9231384 0.013214499 -0.38424074 -29.360071
-0.37716041 0.028956404 0.92569513 94.233652 0.017510397 0.99955541 -0.024132459 -2.1630795 -0.92598244 0.0071074822 -0.37749977 -29.698689
-0.37190329 0.033609458 0.9276628 95.077539 0.009653258 0.99943032 -0.032339586 -2.2023725 -0.92822133 -0.0030722295 -0.37201587 -30.010419
-0.36811706 0.035628403 0.92909653 95.922489 0.0069676105 0.9993432 -0.035561541 -2.2523412 -0.92975338 -0.0066172267 -0.36812353 -30.337633
-0.36561349 0.035242986 0.93009926 96.752969 0.0053663615 0.99934609 -0.035757393 -2.3015757 -0.93075133 -0.0080821359 -0.36556355 -30.662727
-0.36007654 0.034518268 0.93228391 97.606971 0.003441103 0.9993576 -0.035672643 -2.3544056 -0.93291646 -0.0096367966 -0.35996401 -30.988658
-0.35470648 0.031414104 0.93444978 98.441648 0.003224483 0.99947056 -0.032375978 -2.3961767 -0.93497219 -0.0084708508 -0.35461998 -31.289525
-0.34900796 0.027927213 0.9367035 99.300433 0.0039032504 0.9995905 -0.028347828 -2.4398224 -0.93711167 -0.0062374283 -0.34897404 -31.602241
-0.3436236 0.024513031 0.93878744 100.14705 0.00096839222 0.99966799 -0.025748244 -2.4894414 -0.939107 -0.0079385893 -0.34353325 -31.914845
-0.33795424 0.022982183 0.94088186 100.98864 -0.0040636755 0.99965686 -0.025877459 -2.5356653 -0.94115381 -0.012568835 -0.33774489 -32.197547
-0.33176054 0.02270928 0.94309022 101.83893 -0.01516734 0.99945259 -0.029402035 -2.5716347 -0.94324173 -0.024058605 -0.33123449 -32.478394
-0.32522021 0.026428752 0.94526888 102.68724 -0.012550589 0.9994007 -0.032260257 -2.6192486 -0.94555506 -0.022355369 -0.32469361 -32.755622
-0.31787813 0.030141644 0.94765231 103.5528 -0.011041445 0.99930909 -0.035488386 -2.6672146 -0.94806733 -0.021744433 -0.3173257 -33.040338
-0.31167317 0.028400736 0.94976479 104.39376 -0.012911008 0.99933435 -0.034119863 -2.7125808 -0.95010169 -0.022896666 -0.31109902 -33.308005
-0.30473107 0.023224401 0.9521552 105.24979 -0.013748702 0.99949124 -0.028779174 -2.7549744 -0.95233924 -0.021860806 -0.30425673 -33.567684
-0.29769887 0.02083187 0.95443247 106.11109 -0.012934898 0.9995821 -0.025851873 -2.7990356 -0.95457223 -0.020041559 -0.29730501 -33.822567
-0.29112 0.023195739 0.95640526 106.96191 -0.017088501 0.99942045 -0.029440551 -2.8485717 -0.95653395 -0.024914265 -0.2905549 -34.079127
-0.28421107 0.026574401 0.95839334 107.82733 -0.016064756 0.99934347 -0.032473862 -2.8891724 -0.95862718 -0.024625786 -0.28359757 -34.324536
-0.27766175 0.027309753 0.96029061 108.67999 -0.017385261 0.99928932 -0.033445671 -2.9316557 -0.96052162 -0.025981486 -0.27698963 -34.563601
-0.27078616 0.026338154 0.96227911 109.5542 -0.01805517 0.99931084 -0.032432473 -2.9814542 -0.96247023 -0.026156377 -0.270124 -34.799386
-0.26345079 0.026019145 0.96432184 110.39808 -0.015750663 0.99938692 -0.031268312 -3.026505 -0.96454428 -0.023426369 -0.26287945 -35.024686
-0.25524539 0.027658164 0.96648059 111.25852 -0.010574155 0.99945114 -0.031394305 -3.0723712 -0.96681852 -0.018232966 -0.25481283 -35.250821
-0.24859238 0.028150704 0.96819899 112.13716 -0.0091308373 0.99946506 -0.031404184 -3.1171514 -0.96856519 -0.016647308 -0.24820236 -35.475256
-0.24175658 0.027251908 0.96995413 112.99085 -0.015413619 0.99937156 -0.031920194 -3.1590438 -0.97021454 -0.02266742 -0.24118461 -35.672332
-0.23581145 0.024854523 0.9714809 113.86265 -0.020616747 0.99931995 -0.030571145 -3.2065604 -0.97158015 -0.027237802 -0.23513867 -35.868923
-0.23109423 0.025349134 0.97260105 114.74795 -0.016853616 0.99940623 -0.030052254 -3.2440585 -0.97278543 -0.023336746 -0.23052979 -36.076145
-0.22665391 0.025128742 0.9736511 115.58983 -0.016603174 0.99942218 -0.029658873 -3.297417 -0.97383388 -0.022887998 -0.22610573 -36.265708
-0.22219568 0.02682205 0.97463305 116.47896 -0.015015883 0.99940884 -0.030927185 -3.3370475 -0.9748865 -0.021506862 -0.22166157 -36.461303
-0.21628496 0.026061021 0.97598236 117.32656 -0.009041399 0.99954735 -0.028693902 -3.3767934 -0.97628846 -0.015030305 -0.21595143 -36.648934
-0.21088748 0.025288713 0.97718313 118.20627 -0.00056785131 0.99966196 -0.025992995 -3.4191713 -0.97751022 -0.006036491 -0.21080183 -36.844587
-0.20596305 0.02406217 0.97826385 119.09691 0.0014345078 0.99970399 -0.024287507 -3.4648911 -0.97855876 -0.0035990012 -0.2059366 -37.036215
-0.20189627 0.025613496 0.97907189 119.95402 -0.0004344547 0.99965554 -0.026241573 -3.5018803 -0.97940685 -0.0057234375 -0.2018156 -37.196652
-0.19863326 0.027457219 0.97968916 120.81694 -0.003432675 0.99958187 -0.028710719 -3.5416848 -0.98006792 -0.0090658575 -0.19845595 -37.360106
-0.19681496 0.026801611 0.98007421 121.7089 -0.0047050435 0.99958896 -0.028280119 -3.5860033 -0.9804294 -0.010177242 -0.19660796 -37.539148
-0.19587638 0.025455794 0.9802981 122.55653 -0.0061508388 0.99961146 -0.027186328 -3.6302496 -0.98060935 -0.011354814 -0.1956437 -37.694454
-0.19466422 0.021662998 0.98063065 123.44605 -0.0049996268 0.99972118 -0.023077195 -3.666765 -0.98085724 -0.0093950907 -0.19450164 -37.868973
-0.19406074 0.015908856 0.98086047 124.30033 -0.0048343695 0.99984084 -0.017173171 -3.7043511 -0.98097764 -0.0080744794 -0.19395295 -38.025354
-0.19300371 0.013646257 0.98110309 125.16257 -0.0050656708 0.9998761 -0.014903896 -3.7387789 -0.98118499 -0.0078464518 -0.19291067 -38.19286
-0.19195686 0.018412136 0.98123059 126.03297 -0.0054252114 0.99978881 -0.019821694 -3.7759559 -0.98138841 -0.0091282928 -0.19181643 -38.355426
-0.19179014 0.022245033 0.98118378 126.87855 -0.0056214153 0.9997018 -0.023763673 -3.8159311 -0.9814199 -0.010073279 -0.1916079 -38.512943
-0.19176278 0.021571668 0.98120417 127.73421 -0.0074896964 0.99969714 -0.02344199 -3.8446109 -0.98141277 -0.011844222 -0.19154314 -38.671086
-0.19145604 0.020649556 0.9812839 128.59437 -0.0094050468 0.99969416 -0.022871966 -3.88667 -0.98145617 -0.013607997 -0.19120328 -38.834601
-0.19054027 0.021181043 0.98145081 129.42826 -0.0041877069 0.99974057 -0.022388767 -3.9253245 -0.98167049 -0.0083759893 -0.19040214 -38.99477
-0.18999469 0.023653085 0.98150011 130.27778 -0.0055425141 0.99966798 -0.025163806 -3.9655649 -0.98176951 -0.010220967 -0.18980051 -39.151958
-0.19016056 0.0249472 0.98143595 131.10273 -0.015437827 0.99947751 -0.028396993 -3.9997624 -0.98163166 -0.020551226 -0.18967608 -39.294441
-0.18969445 0.026186459 0.98149386 131.93744 -0.020154426 0.99932979 -0.030557593 -4.0396469 -0.98163634 -0.025578051 -0.18903954 -39.441132
-0.18955301 0.029550229 0.98142568 132.77719 -0.02004546 0.99922223 -0.033957662 -4.0897835 -0.98166589 -0.026109906 -0.18881324 -39.593617
-0.18902461 0.030471974 0.9814994 133.60595 -0.017449817 0.99925635 -0.034383879 -4.1347612 -0.98181734 -0.023626384 -0.18835231 -39.746922
-0.18750964 0.031728803 0.98175014 134.42317 -0.017498821 0.99921165 -0.035635325 -4.1827099 -0.98210692 -0.023861437 -0.1868066 -39.897948
-0.18536855 0.030712638 0.98218896 135.24803 -0.012968886 0.99934795 -0.033696808 -4.2211565 -0.98258353 -0.018984224 -0.18484937 -40.052555
-0.18219741 0.028115578 0.98285988 136.07832 -0.0055973964 0.99954525 -0.029630492 -4.2718083 -0.98324608 -0.010900055 -0.18195719 -40.204921
-0.17991317 0.023595202 0.98339943 136.88132 0.0006787654 0.99971502 -0.023862488 -4.3070547 -0.9836823 -0.0036256776 -0.17987791 -40.362745
-0.1759184 0.023648467 0.98412061 137.70801 0.0061187667 0.99971836 -0.022929509 -4.3416855 -0.98438578 0.0019878828 -0.17601356 -40.509156
-0.17127218 0.02731225 0.98484506 138.50175 0.00089801572 0.99961959 -0.027565811 -4.3954065 -0.98522338 -0.0038368496 -0.17123156 -40.638098
-0.16487383 0.030981273 0.98582793 139.31499 0.0026370845 0.99951682 -0.030970431 -4.4326699 -0.98631118 -0.0025065012 -0.16487587 -40.769111
-0.15691776 0.031178188 0.98711937 140.10807 -0.00025577198 0.99950025 -0.031609895 -4.4722544 -0.98761168 -0.0052126307 -0.15683137 -40.883952
-0.1469291 0.028083448 0.98874824 140.89471 0.0082470932 0.99959691 -0.027166054 -4.5000911 -0.98911269 0.0041628158 -0.14710149 -41.004992
-0.1349382 0.026343841 0.99050371 141.72887 0.014936169 0.999587 -0.02455064 -4.5454294 -0.99074148 0.011481513 -0.13527595 -41.114733
-0.12117184 0.028656411 0.99221777 142.50828 0.014437044 0.99952835 -0.027104464 -4.5858869 -0.99252659 0.011040395 -0.12152841 -41.206063
-0.10716745 0.029783753 0.99379474 143.29524 0.012349864 0.99951397 -0.028623389 -4.6245841 -0.99416432 0.0092057355 -0.10748319 -41.287713
-0.093210529 0.029767034 0.9952013 144.06945 0.015788094 0.99947149 -0.028416043 -4.659993 -0.99552128 0.013063658 -0.093631233 -41.355337
-0.079564423 0.03149309 0.99633208 144.84825 0.020114154 0.99934803 -0.029982158 -4.7006271 -0.99662681 0.017654865 -0.080146008 -41.413387
-0.06576778 0.037239775 0.99713977 145.66779 0.016324299 0.99920976 -0.036240389 -4.7526206 -0.99770146 0.013894159 -0.066323723 -41.448145
-0.053220012 0.046345392 0.99750672 146.39756 0.0077910041 0.99891129 -0.045994975 -4.7993585 -0.99855246 0.0053237267 -0.05352315 -41.473346
-0.039516807 0.055062465 0.99770059 147.17946 0.0017007599 0.9984828 -0.055038269 -4.8427234 -0.9992175 -0.0004780867 -0.039550501 -41.484666
-0.026459747 0.056084527 0.99807531 147.93325 0.001806159 0.99842597 -0.056056347 -4.8937306 -0.99964829 0.00031944675 -0.026519398 -41.492347
-0.014073545 0.052153871 0.99853985 148.70967 0.0018130431 0.99863848 -0.052133468 -4.9456086 -0.99989936 0.001076694 -0.014148943 -41.494163
-0.0033729066 0.049274992 0.99877951 149.4922 0.0003781876 0.99878523 -0.049273995 -5.0062906 -0.99999428 0.00021153029 -0.003387446 -41.478146
0.0056895026 0.055307056 0.99845314 150.23185 -0.0045870258 0.99846028 -0.055281311 -5.067234 -0.99997334 -0.0042654064 0.0059344357 -41.460649
0.0120693 0.063992674 0.99787734 150.97424 -0.011543811 0.99789248 -0.063854021 -5.1200329 -0.99986057 -0.010748633 0.012782582 -41.435182
0.015467604 0.067292273 0.99761336 151.72859 -0.016221772 0.99761834 -0.067041094 -5.1727364 -0.99974881 -0.015146091 0.016522364 -41.417753
0.015429883 0.063086739 0.99788872 152.48949 -0.017379605 0.99787372 -0.062817056 -5.230557 -0.99972994 -0.016373651 0.016493496 -41.396492
0.013706727 0.057469378 0.99825313 153.24309 -0.012706296 0.99827636 -0.057296247 -5.3034837 -0.99982536 -0.011898755 0.014413323 -41.376041
0.010941468 0.055153743 0.99841788 154.00442 -0.013006426 0.99840107 -0.055010278 -5.3552296 -0.99985559 -0.012383955 0.011641325 -41.366578
0.0081579923 0.055117651 0.9984465 154.74139 -0.013310149 0.9983973 -0.055006181 -5.4091191 -0.99987818 -0.012840731 0.0088785401 -41.359813
0.0044424473 0.055491617 0.99844923 155.47709 -0.01343042 0.99837238 -0.055427588 -5.4654716 -0.99989998 -0.013163358 0.0051804909 -41.352881
-3.5131373e-05 0.053610199 0.9985619 156.23738 -0.010774152 0.99850396 -0.053607466 -5.5232536 -0.999942 -0.01076054 0.00054252409 -41.351718
-0.0056083648 0.053923601 0.99852927 156.96409 -0.015275036 0.99842389 -0.054003703 -5.5759175 -0.99986764 -0.015555442 -0.004775842 -41.343965
-0.011371417 0.051896529 0.99858768 157.71032 -0.014437627 0.99853967 -0.05205844 -5.6244309 -0.99983115 -0.015009214 -0.01060555 -41.348833
-0.017469153 0.049309337 0.99863073 158.45465 -0.011807489 0.99870336 -0.049519471 -5.6784048 -0.99977772 -0.012656384 -0.016864284 -41.363877
-0.022553552 0.049377913 0.99852545 159.189 -0.012811984 0.99868325 -0.049675097 -5.7305887 -0.99966358 -0.013913441 -0.021891227 -41.375694
-0.028139326 0.050423556 0.99833139 159.9152 -0.012917983 0.99862517 -0.050802504 -5.7759815 -0.99952058 -0.014325975 -0.027449271 -41.390315
-0.032031971 0.052954274 0.99808302 160.61607 -0.016232041 0.99843624 -0.053493955 -5.8321114 -0.99935507 -0.017914441 -0.031122326 -41.408075
-0.03471195 0.054922995 0.997887 161.34322 -0.015677708 0.99833598 -0.055493061 -5.8887675 -0.99927442 -0.017570852 -0.033793123 -41.429544
-0.036468727 0.056518807 0.99773522 162.05479 -0.013557 0.99827955 -0.057045169 -5.9450255 -0.99924288 -0.015606661 -0.03563976 -41.451507
-0.035471416 0.054988233 0.9978567 162.77643 -0.010170892 0.99841352 -0.055380467 -5.9959403 -0.99931898 -0.012113516 -0.034855863 -41.47887
-0.031678712 0.05134869 0.99817818 163.49318 -0.0051108592 0.99865808 -0.051535576 -6.0406377 -0.99948508 -0.0067341281 -0.031373767 -41.503612
-0.023918627 0.05067626 0.99842863 164.20204 -0.0047649392 0.99869727 -0.050804044 -6.0994175 -0.9997026 -0.005972614 -0.023646 -41.512654
-0.013547279 0.052012248 0.99855451 164.88759 -0.0035663666 0.99863733 -0.052064945 -6.1523566 -0.99990191 -0.004266549 -0.013343326 -41.518515
0.00043423434 0.052100195 0.99864173 165.56908 -0.00084331157 0.99864153 -0.052099816 -6.2025023 -0.99999959 -0.00081954176 0.00047757961 -41.510829
0.016018606 0.050108043 0.99861529 166.27512 -0.0017984246 0.99874331 -0.050085616 -6.2471004 -0.99987012 -0.00099363172 0.01608859 -41.495757
0.031789632 0.045184782 0.99847267 166.96556 -0.0051610814 0.99897172 -0.045043044 -6.2920708 -0.9994813 -0.0037212961 0.031990144 -41.448846
0.048547345 0.038539966 0.99807702 167.63504 -0.0059193827 0.99924886 -0.038297291 -6.3297979 -0.99880338 -0.0040487673 0.04873901 -41.406468
0.065233826 0.031098668 0.99738525 168.30714 -0.0065320609 0.99950615 -0.030737568 -6.3721883 -0.99784867 -0.0045098512 0.065404747 -41.348219
0.083184029 0.023500849 0.99625702 168.99942 -0.0068631192 0.99971169 -0.023009294 -6.4060639 -0.99651061 -0.0049234241 0.083321334 -41.279262
0.10048927 0.017351283 0.99478679 169.6423 -0.009554387 0.99981865 -0.016473904 -6.4393292 -0.99489231 -0.0078491267 0.10063682 -41.195529
0.118959 0.014911358 0.99278715 170.31364 -0.0096039657 0.99985773 -0.013866777 -6.4702776 -0.99285276 -0.0078851152 0.11908528 -41.102115
0.13684962 0.013910962 0.99049411 170.95904 -0.0078515426 0.99988521 -0.012958062 -6.4874135 -0.99056076 -0.0060036001 0.13694313 -41.003457
0.15458686 0.013309343 0.98788951 171.59384 -0.0099421347 0.99987958 -0.011915114 -6.5132242 -0.98792922 -0.0079798098 0.15470057 -40.885534
0.17051151 0.01282884 0.98527213 172.25452 -0.015374494 0.99982816 -0.010357653 -6.5317739 -0.98523577 -0.013381961 0.17067944 -40.757371
0.18500624 0.009368884 0.98269265 172.86312 -0.018043524 0.99981838 -0.0061352015 -6.5482142 -0.98257173 -0.016596187 0.18514168 -40.615673
0.19738326 0.0049621653 0.9803138 173.49005 -0.013951786 0.99990013 -0.0022521566 -6.5683278 -0.98022716 -0.01323259 0.19743278 -40.486441
0.20776244 0.0036486518 0.97817247 174.12477 -0.011945088 0.99992794 -0.0011926811 -6.5878155 -0.97810642 -0.011436561 0.20779105 -40.352516
0.21781189 0.0071834279 0.97596429 174.71105 -0.015191606 0.99987672 -0.0039690281 -6.6062334 -0.97587257 -0.013961962 0.21789416 -40.199832
0.22670388 0.0141466 0.97386095 175.3263 -0.019342746 0.9997627 -0.010020082 -6.6271326 -0.97377168 -0.016565553 0.22692372 -40.044529
0.23579091 0.024257115 0.97150098 175.90547 -0.019909097 0.99959919 -0.020126596 -6.6461831 -0.97159989 -0.014596038 0.23617934 -39.890541
0.24426339 0.030949974 0.96921485 176.48492 -0.01503965 0.99949123 -0.028126468 -6.6622231 -0.96959233 -0.0077063849 0.24460459 -39.741634
0.25055941 0.029300821 0.96765767 177.09719 -0.014558165 0.99954289 -0.026496707 -6.6803364 -0.9679918 -0.00744832 0.25087144 -39.580969
0.25660248 0.022037463 0.96626572 177.69976 -0.017309696 0.99968447 -0.018202859 -6.7011128 -0.96636205 -0.012054867 0.25690298 -39.406742
0.2610432 0.011131385 0.9652629 178.31295 -0.02092837 0.99976375 -0.0058694333 -6.7250858 -0.96510027 -0.018669203 0.26121449 -39.227861
0.26286218 0.0019046345 0.96483147 178.91409 -0.020064222 0.99979259 0.0034927195 -6.7503289 -0.96462479 -0.020276696 0.26284587 -39.056635
0.26396338 0.0010209773 0.96453212 179.52216 -0.016276073 0.99986177 0.0033958966 -6.768955 -0.96439541 -0.016595187 0.26394351 -38.894052
0.2648862 0.0043392522 0.96426988 180.13747 -0.015473231 0.99988025 -0.00024898333 -6.7715467 -0.96415557 -0.014854417 0.26492162 -38.730258
0.26668692 0.0038925386 0.96377531 180.73409 -0.011769825 0.99993043 -0.00078172676 -6.7842361 -0.96371139 -0.01113499 0.26671418 -38.560399
0.26838703 0.0021305114 0.96330877 181.3458 -0.013233678 0.99991134 0.0014755657 -6.78423 -0.9632203 -0.01314414 0.26839143 -38.381335
0.27070131 -0.0022672884 0.96266068 181.95114 -0.013504621 0.99988988 0.0061524871 -6.8022739 -0.9625687 -0.014665853 0.27064088 -38.20195
0.27426192 -0.0078125441 0.96162325 182.56934 -0.011489307 0.99986901 0.011400099 -6.8119374 -0.96158643 -0.014174997 0.27413624 -38.020678
0.2785186 -0.010766071 0.96037045 183.19343 -0.0104169 0.99984449 0.01422961 -6.8192457 -0.96037438 -0.013967294 0.27836314 -37.836969
0.28458743 -0.012375213 0.95857017 183.80206 -0.0094253911 0.99983222 0.01570619 -6.8166145 -0.95860379 -0.013504682 0.28442304 -37.652577
0.29265164 -0.015508866 0.95609331 184.43077 -0.0079607575 0.9997943 0.01865446 -6.8190358 -0.95618603 -0.013070485 0.29246798 -37.452316
0.30217036 -0.017638916 0.95309069 185.03944 -0.0056116027 0.99977855 0.020282089 -6.8225334 -0.95323746 -0.011477012 0.30200446 -37.251083
0.31336181 -0.015831307 0.9495018 185.67 -0.0066249048 0.99980025 0.018856349 -6.8276689 -0.94961074 -0.012199218 0.31319434 -37.03292
0.3249866 -0.011921055 0.94564344 186.27254 -0.0073766841 0.99985818 0.015139626 -6.8284596 -0.94568989 -0.011895888 0.32485257 -36.805635
0.33650701 -0.008261733 0.94164468 186.89026 -0.009211224 0.99988479 0.012064447 -6.8267591 -0.94163595 -0.012733471 0.33639214 -36.571815
0.34807943 -0.0078680494 0.93743199 187.51872 -0.0079991184 0.99990345 0.011362551 -6.8273605 -0.93743096 -0.011453699 0.34798288 -36.337372
0.35917825 -0.011151036 0.93320232 188.14641 -0.007241938 0.99986521 0.01473494 -6.8338936 -0.93324092 -0.012050663 0.35904908 -36.088295
0.37041692 -0.01298541 0.92877479 188.75683 -0.0071030392 0.99983344 0.016811753 -6.8323905 -0.92883848 -0.012824481 0.37026299 -35.825263
0.38202106 -0.013263754 0.92405839 189.38845 -0.0096079346 0.99978596 0.018322811 -6.839858 -0.92410371 -0.015877992 0.38181185 -35.552371
0.39192934 -0.015006714 0.91987288 189.99697 -0.011108829 0.99971687 0.021042408 -6.8294177 -0.91992829 -0.018465847 0.39165166 -35.26387
0.39862614 -0.013456472 0.91701475 190.64638 -0.016620362 0.99962215 0.021893539 -6.8319387 -0.91696294 -0.023968453 0.39825187 -34.975911
0.40340024 -0.015997943 0.91488373 191.28834 -0.016115376 0.99956785 0.024584519 -6.8222688 -0.91488175 -0.024661096 0.4029681 -34.682737
0.4047006 -0.020993914 0.91420819 191.9393 -0.011443375 0.99954188 0.02801926 -6.8184791 -0.91437768 -0.021801038 0.40427495 -34.405996
0.40557248 -0.019203264 0.91386111 192.59422 -0.0094972109 0.9996368 0.025220568 -6.8174972 -0.91401359 -0.0189079 0.40524279 -34.110218
0.40436629 -0.01927297 0.914394 193.25972 -0.0066683981 0.99968925 0.024019685 -6.8101134 -0.91457285 -0.015810294 0.40411211 -33.815981
0.40312268 -0.018155037 0.91496581 193.92612 -0.0037427198 0.99976213 0.021486588 -6.8062421 -0.91513833 -0.012086191 0.40295884 -33.526658
0.40322331 -0.019317556 0.91489766 194.59094 -0.00079252957 0.99976942 0.021458868 -6.7984866 -0.91510131 -0.0093777988 0.40311502 -33.232524
0.40201888 -0.02589871 0.91526499 195.28381 0.0033242516 0.99963459 0.02682593 -6.7908663 -0.91562538 -0.0077419583 0.40195807 -32.937288
0.40146107 -0.028720883 0.91542561 195.96397 0.0033540991 0.99954759 0.029889211 -6.7880415 -0.91586999 -0.0089289255 0.40137577 -32.635241
0.39984677 -0.031241506 0.91604937 196.65261 0.0045940309 0.9994747 0.032081444 -6.7773338 -0.91657052 -0.0086193022 0.39978026 -32.32876
0.3980999 -0.031318369 0.91680726 197.35016 0.0034962477 0.99946159 0.032623707 -6.7716794 -0.91733544 -0.0097821085 0.39799506 -32.022626
0.39681709 -0.031502459 0.91735692 198.02389 0.0021078107 0.99943953 0.033409447 -6.7617628 -0.91789532 -0.011323824 0.39666109 -31.717169
0.39412503 -0.030680737 0.91854455 198.72623 0.0014929873 0.99946269 0.032742918 -6.7515268 -0.91905566 -0.011533428 0.39395907 -31.431304
0.39371359 -0.027500657 0.91882167 199.41019 0.0023880032 0.99957961 0.028894516 -6.7511227 -0.9192301 -0.0091820138 0.39361375 -31.126984
0.39314313 -0.021176424 0.91923336 200.09239 0.0011466144 0.99974527 0.02254079 -6.7504455 -0.91947661 -0.0078077496 0.39306726 -30.837382
0.39149347 -0.018251248 0.91999983 200.77794 -0.00087955448 0.9997954 0.02020854 -6.7382915 -0.9201805 -0.008720701 0.39139732 -30.539422
0.3905078 -0.020936318 0.92036148 201.47611 -0.0016225378 0.99972416 0.023430095 -6.7335817 -0.92059823 -0.010642956 0.39036611 -30.233539
0.38923551 -0.023646664 0.92083467 202.16301 -0.0029342678 0.99963354 0.026910498 -6.728888 -0.92113364 -0.013176496 0.38902348 -29.934133
0.3862915 -0.023575058 0.92207539 202.8378 -0.0068819517 0.99957182 0.028439543 -6.7283666 -0.92235112 -0.017331632 0.38596385 -29.64775
0.38211782 -0.02357481 0.92381282 203.54122 -0.0095892017 0.99951957 0.029473166 -6.7235455 -0.9240639 -0.020120849 0.38170818 -29.351041
0.37494935 -0.024305248 0.92672659 204.22799 -0.010450827 0.99948191 0.030441757 -6.7205067 -0.92698643 -0.021099175 0.37450108 -29.075707
0.36643797 -0.024811713 0.93011156 204.91757 -0.0095511271 0.99949141 0.030425371 -6.7094365 -0.9303935 -0.020032624 0.36601462 -28.794477
