1.000000000000000000e+00 -3.306050084167601550e-19 -2.270457535318767223e-19 -8.673617379884035472e-19 7.546676715296109287e-19 1.000000000000000000e+00 6.237773588823049983e-19 1.387778780781445676e-17 -3.447385680526250622e-20 4.770700176052009879e-20 1.000000000000000222e+00 5.551115123125782702e-17
9.998638727966482342e-01 1.237571705924391668e-03 1.645879950300880787e-02 -5.424350015336515396e-02 -1.227988131929509804e-03 9.999990559294960057e-01 -5.927499256049473426e-04 1.969767947493900051e-03 -1.645951871724365967e-02 5.724598798653993863e-04 9.998644992332983428e-01 1.527785251514236220e-01
9.993074315435461763e-01 5.091896615948131311e-03 3.687337837870044432e-02 2.132446960851943837e-02 -5.081738479814168138e-03 9.999870230396189497e-01 -3.693449501528161464e-04 8.605917165890708542e-03 -3.687478200506643516e-02 1.817680317840020916e-04 9.993203334722549069e-01 2.573790104004655688e-01
9.979246875531379013e-01 5.957570335000399522e-03 6.411974686725564754e-02 4.879024568690426555e-02 -6.070929432296537191e-03 9.999803315523599911e-01 1.573247301044073624e-03 4.614804998663984970e-04 -6.410911914173304804e-02 -1.959222096239666457e-03 9.979412524093951298e-01 4.216508917631635600e-01
9.951664724924956795e-01 5.004315933588575002e-03 9.809229004536917929e-02 9.711671288833648163e-02 -5.375797314664301427e-03 9.999793367533402755e-01 3.524699457132250951e-03 6.331386703834429586e-03 -9.807263672243048125e-02 -4.035029800574828525e-03 9.951728467218766694e-01 6.053327768425666999e-01
9.909171133160820100e-01 1.615978539012939219e-03 1.344466331116373203e-01 1.768685189379470279e-01 -2.314196607980617375e-03 9.999846432438536104e-01 5.036696343860237388e-03 2.566888914358633755e-03 -1.344364416381060856e-01 -5.302125081053720573e-03 9.909055945524305464e-01 7.845291727840680851e-01
9.848183743286273994e-01 -6.759913011444561868e-04 1.735825101422288075e-01 2.432981633867504767e-01 -3.674935510968159545e-04 9.999820590476264925e-01 5.978663118829549879e-03 -1.778023368918982272e-03 -1.735834499349117321e-01 -5.951683868129016737e-03 9.848004229279151422e-01 9.836228870983998451e-01
9.761781091793154674e-01 -1.547894199640605225e-03 2.169868997380614006e-01 3.385541097868219329e-01 -2.386814803833052924e-04 9.999662631920849254e-01 8.207198696108307032e-03 -7.822059728938762779e-03 -2.169923143441668256e-01 -8.063561686716874677e-03 9.761448512995593019e-01 1.192272374174334848e+00
9.641745435810824549e-01 -1.363595612915388579e-03 2.652553986744012882e-01 4.351198964153726312e-01 -1.467988386690507454e-03 9.999440692917543894e-01 1.047603588674394202e-02 1.128110744727087167e-03 -2.652548467693385814e-01 -1.049030167556249532e-02 9.641185869104885731e-01 1.404484960980040054e+00
9.497812337057909282e-01 -5.332629829909991612e-03 3.128507743931617791e-01 5.555936002227912507e-01 -1.249145516260833299e-04 9.998482416458344124e-01 1.742515226678082590e-02 9.013941272425773921e-03 -3.128962161674525566e-01 -1.658932357910218938e-02 9.496364100014633713e-01 1.652627293659069130e+00
9.329693301769141911e-01 -1.519456459724778143e-02 3.597338280451735093e-01 6.995860826232096485e-01 6.515281649483451766e-03 9.996578143875319844e-01 2.533768088092881038e-02 -1.779229216019209692e-03 -3.599957889119617671e-01 -2.129556904270242870e-02 9.327490894901196983e-01 1.866300613116240070e+00
9.114470979724312860e-01 -2.130683848463601690e-02 4.109102834006913008e-01 8.609395590872972459e-01 9.384366005928084301e-03 9.994749482287970110e-01 3.100448860372532686e-02 -4.512158576210234529e-03 -4.113553047280089636e-01 -2.440340293905882141e-02 9.111684007477771630e-01 2.090796912380917583e+00
8.868223473209180252e-01 -2.320682246038393778e-02 4.614708681482412866e-01 1.046819353441461820e+00 8.224554123047263590e-03 9.993726390392603243e-01 3.444445600904241789e-02 3.102940671946136098e-04 -4.619808435288019766e-01 -2.674918180849429616e-02 8.864569244216821131e-01 2.338698789041026682e+00
8.589184865844318173e-01 -2.542383209221886486e-02 5.115668335450053172e-01 1.234011713527870535e+00 6.112707101090601378e-03 9.992047266677788198e-01 3.940552316653515852e-02 1.959895754992187211e-02 -5.121618108121136492e-01 -3.072027507552500467e-02 8.583908377083305785e-01 2.556891334790337034e+00
8.260495919045871549e-01 -3.014095072368055614e-02 5.628446170740035726e-01 1.461066182366096200e+00 6.915371072953041195e-03 9.990358261497507275e-01 4.334899695779544093e-02 2.382659102802231477e-02 -5.636087985865755323e-01 -3.191584822188123921e-02 8.254616095335529646e-01 2.775344425197900922e+00
7.911393896411852422e-01 -3.651991442314762165e-02 6.105685046381211789e-01 1.695841616512301142e+00 9.845844883010552995e-03 9.988466444194280536e-01 4.699812358638916915e-02 3.183057103945881317e-02 -6.115810687589613437e-01 -3.116509552823262807e-02 7.905869883049571056e-01 3.007143304797302630e+00
7.531142569485522742e-01 -3.968313095164378856e-02 6.567523621985335014e-01 1.959323433061627373e+00 9.479327335888949532e-03 9.987302581450970829e-01 4.948092760159158998e-02 4.478469272425962544e-02 -6.578817818379180116e-01 -3.104375098586428100e-02 7.525339229022613985e-01 3.224014628578603325e+00
7.131875186841205583e-01 -4.391262686159155132e-02 6.995575590883726935e-01 2.248363016739117537e+00 1.174908180698568463e-02 9.986447194412195749e-01 5.070515672917222383e-02 6.165105175150329547e-02 -7.008356864096820793e-01 -2.794720854304466595e-02 7.127365341906390928e-01 3.438051858506643299e+00
6.721522544368226937e-01 -4.560319260637202277e-02 7.390025485491373836e-01 2.546208954846529871e+00 9.965998476325338765e-03 9.985681595692322832e-01 5.255814800190312941e-02 7.287384693460947915e-02 -7.403413747116101007e-01 -2.796041946171793496e-02 6.716444932586546068e-01 3.635555787008901696e+00
6.280176554177222537e-01 -4.594551490285538053e-02 7.767858869292773027e-01 2.884901609381006704e+00 5.646383454521429653e-03 9.984981956372693812e-01 5.449142078737484463e-02 1.003585494836916198e-01 -7.781231625021056697e-01 -2.983205864979504227e-02 6.273341321603405074e-01 3.873055316334092613e+00
5.866716987657961679e-01 -4.616819752748826944e-02 8.085703823004422031e-01 3.235124938600078437e+00 2.816000676599913610e-03 9.984838858191917854e-01 5.495998099025801303e-02 1.130082673800106713e-01 -8.098826290194736099e-01 -2.996112206088712149e-02 5.859122493154637068e-01 4.068760650237480014e+00
5.468340110672537113e-01 -4.847903870197468879e-02 8.357542481881693464e-01 3.613028185699071138e+00 1.576822463884868311e-03 9.983799837898167384e-01 5.688069806145386320e-02 1.365809253255328426e-01 -8.371576518195538164e-01 -2.978649194913061959e-02 5.460247422492527924e-01 4.275764753759213832e+00
5.076148864957271689e-01 -5.145465028367532390e-02 8.600124491596659038e-01 4.028564021098651082e+00 -2.808428897899223039e-04 9.982046062125655705e-01 5.991067266498206062e-02 1.547280356209564112e-01 -8.615512963249549738e-01 -3.064682701004860232e-02 5.066899129046530392e-01 4.480362058784049140e+00
4.706075783351083008e-01 -5.088816290209027815e-02 8.809930832882455487e-01 4.457737745761589210e+00 -3.192837840975084728e-03 9.982311790485107750e-01 5.935409624944087970e-02 1.772318658226161858e-01 -8.824551873170702887e-01 -3.075170657610657929e-02 4.696119963051932911e-01 4.678767859155874120e+00
4.344142934138624512e-01 -4.916361483338781146e-02 8.993305878685694532e-01 4.925906470644733304e+00 -4.014928452861938994e-03 9.983932123372658562e-01 5.652988027119835307e-02 2.010344440673138555e-01 -9.006652602522998707e-01 -2.815879206704767837e-02 4.335194819922494891e-01 4.890862554599451073e+00
4.004396854265628303e-01 -4.907675620789674065e-02 9.148782194169683413e-01 5.427020780569598024e+00 -3.168423860958094387e-03 9.984847509030336798e-01 5.495318989149780564e-02 2.236242924075087513e-01 -9.161877009392146443e-01 -2.491859694860116756e-02 3.996771612179348399e-01 5.068664669355589680e+00
3.721072275277295116e-01 -4.735648598299090767e-02 9.270371530445533637e-01 5.943392977203151517e+00 -1.431045062742732164e-03 9.986668194647542185e-01 5.160469111062996467e-02 2.482593729950470229e-01 -9.282454495377544523e-01 -2.052490491121166521e-02 3.715436295517059451e-01 5.256334588633114535e+00
3.458196462518033365e-01 -4.615055214133913231e-02 9.371560066059577698e-01 6.494373151182275983e+00 -1.074879448372474924e-05 9.987899129364030681e-01 4.917770381615525765e-02 2.749508049181740299e-01 -9.382911706571930299e-01 -1.702636323081370764e-02 3.454000347754168643e-01 5.431506174352989547e+00
3.258335262347090699e-01 -4.486257788852106299e-02 9.443036945826014383e-01 7.075627538675235861e+00 1.069456165869502040e-03 9.988905055901459162e-01 4.709298708022986030e-02 3.022674882705068122e-01 -9.453680599395489770e-01 -1.434722787375275824e-02 3.255197273304186178e-01 5.622457296165813467e+00
3.100326470675504598e-01 -4.593316019717669230e-02 9.495467751843966742e-01 7.672592716316887440e+00 2.066611271241379066e-03 9.988628115028699295e-01 4.762938277888364991e-02 3.292040784873171422e-01 -9.506543963663687258e-01 -1.281167652057802614e-02 3.097744685497885730e-01 5.798134805866776986e+00
2.980692831790391351e-01 -4.736805065300613710e-02 9.532723913357108447e-01 8.295930571400424114e+00 2.717405783829026419e-03 9.988063358527851099e-01 4.877317521253277804e-02 3.484572768586174929e-01 -9.544441875743122639e-01 -1.195843317557345777e-02 2.978417345505580682e-01 5.990056633185951718e+00
2.871722727052946622e-01 -4.938124571849934752e-02 9.565718257060142893e-01 8.944430195596725142e+00 1.568725647401501095e-03 9.986926029149650885e-01 5.110179892668057638e-02 3.779943306371509881e-01 -9.578449654976523009e-01 -1.316699665003638609e-02 2.868749937358958113e-01 6.186413414593120663e+00
2.767452020916169042e-01 -5.118673003013647638e-02 9.595509676786316833e-01 9.628252294760129004e+00 7.163240633193458141e-04 9.985907176699404530e-01 5.306850095067880413e-02 4.069350515103353771e-01 -9.609155192421924285e-01 -1.399152274889899766e-02 2.763922692299893291e-01 6.375089554331302644e+00
2.662639733875938330e-01 -5.232416661099474620e-02 9.624312748237622284e-01 1.032356673200741071e+01 -6.506257909643166663e-04 9.985155014688614772e-01 5.446257022182405400e-02 4.401081983766689243e-01 -9.638523916926504675e-01 -1.512436100975025552e-02 2.658346627930809336e-01 6.582567954160267298e+00
2.568615454294088662e-01 -5.514427880927581099e-02 9.647728123787905341e-01 1.104545723529114554e+01 -1.891173196134292300e-03 9.983400871071481664e-01 5.756461670130472857e-02 4.704945016676415626e-01 -9.663457259648876585e-01 -1.660765645927908193e-02 2.563310913670991953e-01 6.765500104446585006e+00
2.474385638918273622e-01 -5.596682213030763908e-02 9.673902636283923107e-01 1.178897100568226719e+01 -1.796183441399263952e-03 9.983018872218364370e-01 5.822415740034455472e-02 5.063964740485017435e-01 -9.690066580164170551e-01 -1.613972690091747958e-02 2.469180298881903102e-01 6.964799160275775058e+00
2.349652196700976470e-01 -5.774108573688231660e-02 9.703849249072556971e-01 1.255854186137833395e+01 -2.894143171103999955e-03 9.981876890415816161e-01 6.009592490480293592e-02 5.414687703201648272e-01 -9.720977289023030599e-01 -1.691383278799534276e-02 2.343726628730224415e-01 7.149937426283208275e+00
2.253525506292366198e-01 -6.103383305959481087e-02 9.723187424048865823e-01 1.333284031675497516e+01 -3.629243108432394886e-03 9.979761623118394986e-01 6.348679437723950270e-02 5.812199665667490134e-01 -9.742259371644017563e-01 -1.783464718950803635e-02 2.246751453867895931e-01 7.325559116638598489e+00
2.138904320047078922e-01 -6.477483586958714123e-02 9.746561047991839644e-01 1.412520867256860591e+01 -5.792188712847270993e-03 9.976981585781156125e-01 6.755867356489940467e-02 6.262595194406772592e-01 -9.767878087956533006e-01 -2.010953988976871970e-02 2.130219794903043529e-01 7.505375396916916131e+00
2.017789453883497564e-01 -6.771186548788077353e-02 9.771597042458327609e-01 1.492606407334199226e+01 -6.404999665809183590e-03 9.974938967274796786e-01 7.045896251889209594e-02 6.620283551202438277e-01 -9.794836004424212206e-01 -2.045608041647585529e-02 2.008406063848039436e-01 7.671808065489929440e+00
1.889175995010333453e-01 -7.058378571595930184e-02 9.794225176681510270e-01 1.573292342405234834e+01 -7.729438548567165584e-03 9.972769029016127496e-01 7.333997007134208934e-02 7.084155578260993291e-01 -9.819301782580652782e-01 -2.145168645881900815e-02 1.878560552107268466e-01 7.829094902171237713e+00
1.735869240851811435e-01 -7.137370051463258480e-02 9.821914077941042986e-01 1.654871759249192209e+01 -7.970047798495930036e-03 9.972366923265250094e-01 7.385237070118667868e-02 7.449160070120823818e-01 -9.847475273139906227e-01 -2.066055422737789193e-02 1.725373142695226514e-01 7.968598171808905839e+00
1.607016045814816940e-01 -7.097478067915653777e-02 9.844477764974624012e-01 1.736135623403299633e+01 -8.831651553339715452e-03 9.972666524359645734e-01 7.336957053152073915e-02 7.922235567104100040e-01 -9.869653150806735331e-01 -2.047240901278387856e-02 1.596368510052436351e-01 8.108323857305924420e+00
1.445003147416032974e-01 -7.006773467885228646e-02 9.870125800113174197e-01 1.817801310890272504e+01 -1.103042062484135138e-02 9.973146271272681496e-01 7.237931506568640039e-02 8.319264504993499898e-01 -9.894335745646947178e-01 -2.134980754467718025e-02 1.433382831954063408e-01 8.220670638056482460e+00
1.220349333542120746e-01 -6.816607056586848623e-02 9.901675323533045692e-01 1.901349565836201450e+01 -1.386613698052069528e-02 9.974235569394785950e-01 7.040288179496795307e-02 8.733974008432860980e-01 -9.924155843634957508e-01 -2.232037629323288530e-02 1.207761678283721524e-01 8.323517774629463517e+00
9.856284615717114672e-02 -6.690860152246286274e-02 9.929341830797505652e-01 1.985433512157681690e+01 -1.766572311663673622e-02 9.974617460297922067e-01 6.896128870058204630e-02 9.171693115945412922e-01 -9.950301956290784622e-01 -2.430769803321640096e-02 9.713124040170942330e-02 8.410329163034521827e+00
6.773387311380699161e-02 -6.670754423051457327e-02 9.954980421810635249e-01 2.069821278046833868e+01 -2.240842770578100121e-02 9.974085861890746862e-01 6.837131166613816258e-02 9.599219227001865029e-01 -9.974795474635431702e-01 -2.693208195123466750e-02 6.606387433435606527e-02 8.464094856094112274e+00
3.381342700473805030e-02 -6.605987407868026129e-02 9.972427070494996881e-01 2.154732755089678875e+01 -2.429764966464728962e-02 9.974634114227383108e-01 6.692180219682972164e-02 9.961947072473393838e-01 -9.991338542023279201e-01 -2.649664918285141862e-02 3.212294211418219997e-02 8.489754655478421341e+00
-6.885466361546640525e-04 -6.604952260780513895e-02 9.978163609909130871e-01 2.240057659951588320e+01 -2.639274124019888937e-02 9.974694506405578087e-01 6.601711326329581797e-02 1.034592186017520898e+00 -9.996527729017894437e-01 -2.627358754646375028e-02 -2.429470006894892623e-03 8.491661085692323141e+00
-3.495939795870792871e-02 -6.490725162636101775e-02 9.972858611106910631e-01 2.327240446736352908e+01 -2.671763993669521234e-02 9.975927426489755723e-01 6.398408702488378452e-02 1.070807945930843941e+00 -9.990387885818760028e-01 -2.439866463225183815e-02 -3.660945163196752811e-02 8.450261671679974995e+00
-6.623183069532491418e-02 -6.303789215867024176e-02 9.958337871565654531e-01 2.412130737975375183e+01 -2.951292142400423202e-02 9.976901639295338020e-01 6.118183977650992061e-02 1.104037786836800539e+00 -9.973887788062971715e-01 -2.536280621225348725e-02 -6.793988655032512369e-02 8.385868716396428724e+00
-1.013125654981344437e-01 -6.030139856673707305e-02 9.930534125730501316e-01 2.497847073341158364e+01 -3.205826539530809427e-02 9.978407520796119812e-01 5.732589651786164364e-02 1.145910601327868594e+00 -9.943661358524701344e-01 -2.602399469785716263e-02 -1.030268988827317683e-01 8.297496558088981899e+00
-1.332664061815856671e-01 -5.535656221182772008e-02 9.895899046244749364e-01 2.583784737040616619e+01 -2.991456329719030527e-02 9.982086525476870920e-01 5.182983839792065089e-02 1.172708723075872372e+00 -9.906855892393868768e-01 -2.271103792650512251e-02 -1.346836772447405350e-01 8.176050022868627920e+00
-1.641207103330738493e-01 -5.007079825002241913e-02 9.851991105766597645e-01 2.668512960267188205e+01 -2.415179447669140930e-02 9.986155419538904621e-01 4.674099399218324680e-02 1.195220205710166184e+00 -9.861748934196663541e-01 -1.613652111320737839e-02 -1.651027972093861429e-01 8.020906862536461901e+00
-1.944694569297440445e-01 -4.417646148813019619e-02 9.799401397020213178e-01 2.754000796224407566e+01 -1.913246664033833519e-02 9.989658366235504294e-01 4.124957016029177220e-02 1.214772727815103925e+00 -9.807491771360056232e-01 -1.072194030739509127e-02 -1.951134671772122853e-01 7.838715470563462517e+00
-2.238345045252769228e-01 -3.895027914315454809e-02 9.739364980968160390e-01 2.836371710191502871e+01 -1.238736661326559317e-02 9.992340567092498071e-01 3.711921393484272913e-02 1.229952111732808051e+00 -9.746363714685258861e-01 -3.755350725593736751e-03 -2.241456373509039812e-01 7.630633677030889572e+00
-2.510472023480603831e-01 -3.255008814427694935e-02 9.675631378430027407e-01 2.919562033617426522e+01 -4.092234237880388280e-03 9.994610325446643406e-01 3.257799676378958509e-02 1.245200448296983842e+00 -9.681021245151791854e-01 4.214657041364915958e-03 -2.510450176355686902e-01 7.400895001832139997e+00
-2.784493825696668368e-01 -2.303640585495442608e-02 9.603018484937420052e-01 3.001869058133366153e+01 1.350231503262095106e-03 9.997020455972980280e-01 2.437553944623912019e-02 1.243046032338421369e+00 -9.605771582724954571e-01 8.071544846200514114e-03 -2.783354650848974265e-01 7.152174545211255285e+00
-3.021689424413428471e-01 -7.079823178795998685e-03 9.530600056482601001e-01 3.082107780945987585e+01 6.580313064408810711e-03 9.999330925460508945e-01 9.511395930825521441e-03 1.239399900577470071e+00 -9.530635864231375987e-01 9.151074005345699938e-03 -3.021020211793846166e-01 6.873874359260069511e+00
-3.262225142579692205e-01 1.018398694326644142e-02 9.452286487448654517e-01 3.161887392751168946e+01 7.220607610595117416e-03 9.999395733380477269e-01 -8.284926635750098148e-03 1.223883965880799840e+00 -9.452559015832437961e-01 4.123317939259449338e-03 -3.262762500686190448e-01 6.598574816596197046e+00
-3.520274207591904125e-01 2.543952045873736773e-02 9.354626692696001999e-01 3.240574772636878720e+01 7.080974298325381187e-03 9.996741759355524115e-01 -2.452547965757581258e-02 1.206374081828560429e+00 -9.357818042182085572e-01 -2.008343100240939354e-03 -3.520927729185188704e-01 6.305040261584283989e+00
-3.762988717205282274e-01 3.572547814787741666e-02 9.257149393750057076e-01 3.319151705345526437e+01 1.083775784935281893e-02 9.993576479639398880e-01 -3.416268495807115585e-02 1.168049286513320295e+00 -9.263406228527247821e-01 -2.816667618374661501e-03 -3.764442902643314603e-01 5.988796713333919719e+00
-4.006322637503073603e-01 4.026698748738197914e-02 9.150787155680324414e-01 3.396598336279627262e+01 1.446446241888564403e-02 9.991867916329706389e-01 -3.763459596793022194e-02 1.117576019959591438e+00 -9.158505120402489208e-01 -1.856417044289333882e-03 -4.008885384837069799e-01 5.656919806092996161e+00
-4.227010505825384290e-01 3.983981535323798812e-02 9.052909068320519337e-01 3.474266805590050211e+01 1.649735460439243420e-02 9.992055827463356410e-01 -3.628265884620521936e-02 1.074004826182322958e+00 -9.060174005099788097e-01 -4.028135045221811609e-04 -4.230223334485871400e-01 5.298785917659045275e+00
-4.440623614537766994e-01 3.607666322954627969e-02 8.956069456943395179e-01 3.549784657967570212e+01 2.053317974618857830e-02 9.993363570013363839e-01 -3.009447754262576866e-02 1.034590950024239842e+00 -8.960981653557995585e-01 5.040247766006834655e-03 -4.445084191849498212e-01 4.917211962966035799e+00
-4.617456907088537399e-01 3.398600517497563783e-02 8.865393907446871280e-01 3.624372265208324251e+01 2.700634182545941578e-02 9.993410710732558710e-01 -2.424903120938281739e-02 9.926323310913689468e-01 -8.867792694879725879e-01 1.275110308620262811e-02 -4.623593876943429271e-01 4.528803061624936177e+00
-4.734297986574011463e-01 3.501240303255914038e-02 8.804510475677707060e-01 3.698628772123642960e+01 3.071155753613960190e-02 9.992581917581326856e-01 -2.324606237892877861e-02 9.504036239993980395e-01 -8.806117225166413265e-01 1.604316466237519154e-02 -4.741539973010947540e-01 4.106432702012968505e+00
-4.851653506780595482e-01 3.854610029397072257e-02 8.738065829732903911e-01 3.770794012411046481e+01 3.420779199438849644e-02 9.990997192839394803e-01 -2.510417391231942880e-02 9.066573937565463037e-01 -8.739874285091351336e-01 1.772145563068181287e-02 -4.860472328617850835e-01 3.701327182450458331e+00
-4.941715415508313169e-01 4.085247819271693726e-02 8.682739352494847074e-01 3.840767512723612498e+01 3.560108856877071404e-02 9.990082368090122955e-01 -2.672239648238287218e-02 8.646036831481944684e-01 -8.685049455613551572e-01 1.769617255285869245e-02 -4.951359499140189357e-01 3.301025533880885821e+00
-5.037543109880732173e-01 4.135190414472104947e-02 8.630610718574968088e-01 3.912119742839654180e+01 2.982062690419196027e-02 9.990906737136132643e-01 -3.048132893941652571e-02 8.234413156168176595e-01 -8.635367001230351836e-01 1.038593828030547755e-02 -5.045293062985380939e-01 2.895482589114996230e+00
-5.156352490558598900e-01 3.895335837667075057e-02 8.562015573576410299e-01 3.981411216229576411e+01 2.804594897289047414e-02 9.991980840914314044e-01 -2.858940823845582124e-02 7.910918880759874039e-01 -8.566283371668899083e-01 9.285161273734795356e-03 -5.163142760374633822e-01 2.484852804300415663e+00
-5.236355997626205294e-01 4.024225034538683049e-02 8.509067961294218829e-01 4.051796325698245482e+01 3.011772712209845673e-02 9.991335725715848604e-01 -2.872225687174979891e-02 7.509666557041461132e-01 -8.513257505422677784e-01 1.057697513023683929e-02 -5.243938086854291747e-01 2.048134805815234216e+00
-5.302072085723222861e-01 4.305500912259041524e-02 8.467551165926089363e-01 4.122123841362705576e+01 3.406726422055505327e-02 9.989848657172801794e-01 -2.949818524960319543e-02 7.107158253372817258e-01 -8.471658488802491505e-01 1.321014795150863771e-02 -5.311356192764580264e-01 1.599991954056056986e+00
-5.340916773947147478e-01 4.644018002632160219e-02 8.447119114912761129e-01 4.193329346545148439e+01 3.454619730844168957e-02 9.988552020553391753e-01 -3.310897909912523945e-02 6.804184767020489133e-01 -8.452819643623112889e-01 1.151839802157174179e-02 -5.350846077294719727e-01 1.153515905141027531e+00
-5.327338046021863338e-01 4.848314505057026158e-02 8.455017974961401839e-01 4.267232083353326999e+01 3.423516811340749505e-02 9.987753008541790933e-01 -3.573123557396801903e-02 6.432805996268982085e-01 -8.461984068530432612e-01 9.923993302672509328e-03 -5.337414054621979487e-01 6.903701501462748968e-01
-5.288127604616708055e-01 4.829817967994701200e-02 8.470727318453367127e-01 4.341972740100473516e+01 3.626965131283270416e-02 9.987536338085108989e-01 -3.426875710276752751e-02 6.039071149467956090e-01 -8.476724630638621250e-01 1.259021560296620830e-02 -5.299055897813188531e-01 2.297016063866437474e-01
-5.235958753064797744e-01 4.675911268232444545e-02 8.508119030025770302e-01 4.417041140527148713e+01 3.457185216845121145e-02 9.988361670702642359e-01 -3.366379170298111623e-02 5.607572530848221604e-01 -8.513958172011547587e-01 1.179839394528455453e-02 -5.246028320088406138e-01 -2.245333859546631006e-01
-5.155917307518788073e-01 4.585361712342563706e-02 8.560159775138435068e-01 4.495833966650977231e+01 3.283062215285839636e-02 9.988911665271457130e-01 -3.376214125339584843e-02 5.220837420346059465e-01 -8.566142323936951630e-01 1.072194411634593003e-02 -5.165255085635050980e-01 -6.971806181427691040e-01
-5.076241188493949563e-01 4.503874450825482573e-02 8.602459178244559190e-01 4.575457078471610828e+01 3.038123268267103536e-02 9.989474487723020157e-01 -3.435934898892876316e-02 4.811154499852596245e-01 -8.608882717337988932e-01 8.684001093414528069e-03 -5.084580559704228175e-01 -1.154147504512978095e+00
-5.024619072504451500e-01 4.373239731077782633e-02 8.631469189209242110e-01 4.654657941557751144e+01 2.781571898762737888e-02 9.990204778719833367e-01 -3.440537238525728791e-02 4.360933547670582389e-01 -8.638066234139130106e-01 6.709802371734911904e-03 -5.031861898880481965e-01 -1.593882454969364204e+00
-4.973299143312819304e-01 4.117428140940339321e-02 8.664168681621408075e-01 4.739156625409707857e+01 2.390724542437048031e-02 9.991441656208952526e-01 -3.376072629598848157e-02 3.955854259972341191e-01 -8.670655632825609027e-01 3.917843513287827019e-03 -4.978884211638046065e-01 -2.063696294442943113e+00
-4.960614663223816279e-01 3.824903292327078846e-02 8.671067969591625957e-01 4.822303430442492100e+01 1.875194760998635107e-02 9.992681054289469511e-01 -3.333674519003250458e-02 3.530653649016696205e-01 -8.677476383240870783e-01 -2.925699726354303773e-04 -4.964155242994363615e-01 -2.522463879102993189e+00
-4.961182927069187065e-01 3.533217645874848351e-02 8.673212971136089466e-01 4.909522002351075542e+01 1.557810573130461763e-02 9.993730294416715010e-01 -3.179027499872722623e-02 3.033271977774384398e-01 -8.679011089589011574e-01 -2.276331563602796305e-03 -4.963574958576012497e-01 -3.008367514946764132e+00
-4.975538654645070835e-01 3.454616860130358541e-02 8.670871785303022605e-01 4.996418929893218319e+01 1.417042699420186305e-02 9.993973676094974889e-01 -3.169790959593233454e-02 2.625448013765576127e-01 -8.676595588431178507e-01 -3.468547030693889480e-03 -4.977435966541151613e-01 -3.496713554972767479e+00
-4.975325651962184126e-01 3.403672000189672531e-02 8.663863972708533145e-01 5.084226305856953587e+01 1.443754458699706734e-02 9.994162241552811965e-01 -3.096141623085342867e-02 2.167742781265711849e-01 -8.669349018355164693e-01 -2.917602992795478682e-03 -4.977332385317403962e-01 -3.983014712591504303e+00
-4.975450500835693068e-01 3.235574016327681657e-02 8.670540665656437662e-01 5.173859160887726460e+01 1.310770431934406288e-02 9.994707562809541646e-01 -2.978549932517511253e-02 1.727613060701047865e-01 -8.675584292861150404e-01 -3.430486168022964417e-03 -4.977059059635439708e-01 -4.495962944907366143e+00
-4.975192478308091970e-01 3.248398300550122547e-02 8.664708942371844858e-01 5.264181758630479635e+01 1.387737959574765999e-02 9.994686931456266965e-01 -2.949074811120614911e-02 1.263165582588380298e-01 -8.669687854057647192e-01 -2.656589719648584213e-03 -4.977055051998425794e-01 -5.007233551115721326e+00
-4.974976288885084585e-01 3.138099906281701518e-02 8.669834820670457853e-01 5.355077567621763990e+01 1.381808208709330542e-02 9.995053419023276486e-01 -2.825366033828477855e-02 7.752246897440222273e-02 -8.674411460055996281e-01 -2.068625946177213987e-03 -4.976852735816749695e-01 -5.509978264033208006e+00
-4.975466108353429617e-01 2.994722330220058251e-02 8.672759683283977061e-01 5.448298979379850238e+01 1.168145723329958377e-02 9.995446683991795478e-01 -2.783500970220614129e-02 3.029364635000702383e-02 -8.677142679818350413e-01 -3.690346585612520446e-03 -4.976699854927612021e-01 -6.025648116355941220e+00
-4.975420921269887997e-01 2.892091155204349132e-02 8.669526828017878328e-01 5.538835858058128281e+01 1.123068337165411545e-02 9.995749028468929875e-01 -2.690774607213591851e-02 -1.853045467979942684e-02 -8.673623301076399672e-01 -3.645020971710170778e-03 -4.976554456075995003e-01 -6.517205546434493790e+00
-4.961851232909763043e-01 2.874011011098325657e-02 8.679162326980873754e-01 5.631306249302974010e+01 9.996444654654351725e-03 9.995748398549497704e-01 -2.738632311337867511e-02 -6.808394247556372181e-02 -8.683344566165620559e-01 -4.914726318108348160e-03 -4.962615672929620581e-01 -7.030222840023964359e+00
-4.947675402492605623e-01 2.611267461822068536e-02 8.692720415527857014e-01 5.723874711729305886e+01 8.993802185519213233e-03 9.996491943434426819e-01 -2.491292544006386278e-02 -1.106566163463140323e-01 -8.696173942675903268e-01 -4.491455788621927410e-03 -4.948291519388781090e-01 -7.545383191797972344e+00
-4.922945565548094704e-01 2.460055274694040658e-02 8.701737029492244702e-01 5.816244330381228878e+01 9.771249825487533444e-03 9.996936227105855943e-01 -2.274500406831162294e-02 -1.635992172643490061e-01 -8.704666663793397818e-01 -2.692405456369874328e-03 -4.923840302880850839e-01 -8.054679159423589141e+00
-4.894652282732250281e-01 2.325353595926078765e-02 8.718863050508568469e-01 5.909907102573841797e+01 1.009846261112645749e-02 9.997285305159174795e-01 -2.100057886976713223e-02 -2.065632704643866613e-01 -8.721378391901687399e-01 -1.465156561524017182e-03 -4.895672284721693246e-01 -8.559291062694796892e+00
-4.870412590140878462e-01 2.291319802123958221e-02 8.732532483199622053e-01 6.000977168926400651e+01 1.024958643723046514e-02 9.997369097083578238e-01 -2.052695149852201695e-02 -2.505958810767214273e-01 -8.734937913984788249e-01 -1.033998625536899354e-03 -4.871479972576093220e-01 -9.064877339182507043e+00
-4.842381941764325459e-01 2.298593274923962926e-02 8.746430375810021474e-01 6.092607178278588975e+01 1.059157270006134619e-02 9.997354417546102656e-01 -2.040905095146326731e-02 -2.990192407303198241e-01 -8.748810168572728196e-01 -6.227596397170625988e-04 -4.843536418691017365e-01 -9.558516208218756915e+00
-4.828516262835015893e-01 2.247941846224276244e-02 8.757003604973498945e-01 6.183128751370234966e+01 1.001339177062967288e-02 9.997467965827134817e-01 -2.014878676574837976e-02 -3.402129458632559000e-01 -8.759315773641842551e-01 -9.534687171256720634e-04 -4.829546166340508151e-01 -1.005533327081172246e+01
-4.842778061581266003e-01 2.337184208840996716e-02 8.745141135444927105e-01 6.272795168895099494e+01 9.538445589020389317e-03 9.997246686639109647e-01 -2.143069890496779317e-02 -3.872384985967554094e-01 -8.747745323262395845e-01 -2.043794158799740971e-03 -4.843673913944868126e-01 -1.053328583564415233e+01
-4.857777798831676153e-01 2.487348246004982000e-02 8.737398221358569916e-01 6.365293356865097962e+01 7.332370635545034515e-03 9.996757055791102298e-01 -2.438959374071948683e-02 -4.348492254406046142e-01 -8.740631128627102120e-01 -5.433728058989745896e-03 -4.858027399392592649e-01 -1.104395814565287992e+01
-4.896251934721200239e-01 2.549039016385506312e-02 8.714540205127071504e-01 6.453406736407288236e+01 6.712564714917128826e-03 9.996529541909670025e-01 -2.545759115036348719e-02 -4.847498299526257215e-01 -8.718009822838354017e-01 -6.632560378319630849e-03 -4.896263425097710509e-01 -1.153912359246307417e+01
-4.948458023867917110e-01 2.461649033112513901e-02 8.685798393310342203e-01 6.544035093226102617e+01 6.046403338961726416e-03 9.996720606031039846e-01 -2.487435258574577021e-02 -5.262174080822423772e-01 -8.689075238675746382e-01 -7.064050514086255006e-03 -4.948323772291449707e-01 -1.203874355908777716e+01
-5.012845108730328292e-01 2.029132503890298048e-02 8.654739564206409552e-01 6.632244664400241163e+01 9.047518861835824114e-03 9.997934071459402272e-01 -1.820786307789675623e-02 -5.749782564101892923e-01 -8.656645835869551941e-01 -1.284149402150728137e-03 -5.013646144087411383e-01 -1.255407931495738261e+01
-5.066009369960867703e-01 1.990730968252848315e-02 8.625986496830676531e-01 6.720001603421290781e+01 6.015614534674151165e-03 9.997908968582663869e-01 -1.955328140030339681e-02 -6.225517363218685540e-01 -8.628073791271623216e-01 -4.697727245296991552e-03 -5.066149524235200596e-01 -1.304401179430635516e+01
-5.107902495408660482e-01 2.165554835383865992e-02 8.596193751173731856e-01 6.807485509282838620e+01 7.322882341754113032e-03 9.997560531702149866e-01 -2.084192544693938901e-02 -6.647110972201972778e-01 -8.598609498397099538e-01 -4.336391950700960000e-03 -5.108243765892488408e-01 -1.354940330985784058e+01
-5.160798824219462455e-01 2.384816464475907061e-02 8.565025231847667175e-01 6.893810198374004017e+01 6.985671648447264355e-03 9.996964128583336606e-01 -2.364117210041521977e-02 -7.046019469292716941e-01 -8.568060891347468733e-01 -6.191556266593106067e-03 -5.160899753750470831e-01 -1.405592352970741388e+01
-5.199461938738001443e-01 2.296423077810462107e-02 8.536487874563579714e-01 6.979505304594262327e+01 5.751647406043856880e-03 9.997097452699095221e-01 -2.338868126942063308e-02 -7.494511239019880922e-01 -8.539385326443138524e-01 -7.270661224141564995e-03 -5.199273068129794950e-01 -1.455475855782383654e+01
-5.252465042134868423e-01 2.367680521266265006e-02 8.509643216825618639e-01 7.065159552618091254e+01 4.745023191927442811e-03 9.996790739310390528e-01 -2.487741417242879047e-02 -7.954690581804580995e-01 -8.512803657725747097e-01 -9.033059022126773904e-03 -5.251903950921554820e-01 -1.507609893968382409e+01
-5.266481069323508679e-01 2.407642380350973749e-02 8.498316457238525023e-01 7.149089037073525787e+01 5.050757842692921856e-03 9.996699327992876194e-01 -2.518404679620698389e-02 -8.445987439639095484e-01 -8.501576758258126976e-01 -8.976637663789527669e-03 -5.265959111025324546e-01 -1.557801375462351778e+01
-5.317125541608214156e-01 1.600701114927775143e-02 8.469703233311777213e-01 7.232709690192453422e+01 6.009055538735867674e-03 9.998675113644173162e-01 -1.512905476805990329e-02 -8.833071042306152032e-01 -8.471003828540569769e-01 -2.949644589317079475e-03 -5.317383312270332896e-01 -1.609472622810924847e+01
-5.316278936650372655e-01 7.957645252010210613e-03 8.470346396110745024e-01 7.316771602698210586e+01 6.176216750986977463e-03 9.999656719984980624e-01 -5.519378329226005964e-03 -9.246053063949228878e-01 -8.470496018176751907e-01 2.289188084169491415e-03 -5.316587727105970274e-01 -1.661575778958562566e+01
-5.358293270045311196e-01 5.121868639289206548e-03 8.445201674243456580e-01 7.399603760972975408e+01 6.100090537739894132e-03 9.999789553134834641e-01 -2.192338233673159654e-03 -9.481204249636138170e-01 -8.445138142297087258e-01 3.985274900787564786e-03 -5.358492476021654571e-01 -1.714116427457789626e+01
-5.344140971341865276e-01 1.019580070842512030e-02 8.445795746367360524e-01 7.482376719088688333e+01 7.766981013403485845e-03 9.999442640534994542e-01 -7.149154993329479880e-03 -9.708836719942366411e-01 -8.446056139748315816e-01 2.732491239824098167e-03 -5.344635942531444917e-01 -1.765832639499704726e+01
-5.358766955775942087e-01 1.561224104775403056e-02 8.439593973444058372e-01 7.563314915163421404e+01 7.481721513692627702e-03 9.998775063602221014e-01 -1.374808511515003204e-02 -1.001885554257353927e+00 -8.440707502999305056e-01 -1.051114543212876935e-03 -5.359278814003035629e-01 -1.817487544361535612e+01
-5.357558802211572768e-01 2.023561105534966986e-02 8.436034679022167415e-01 7.645450445641684212e+01 1.378788513215158974e-02 9.997891293735576834e-01 -1.521297371053934727e-02 -1.036434001257424242e+00 -8.437336154073948880e-01 3.471645309951211598e-03 -5.359218747741960609e-01 -1.869863798331660476e+01
-5.356934095802466933e-01 2.037855516664770564e-02 8.435271561863785239e-01 7.727926711345661204e+01 1.628919278288767231e-02 9.997720148200176515e-01 -1.379985307775828847e-02 -1.075112805193197962e+00 -8.436162622610482442e-01 6.337447276307647294e-03 -5.359032750777226184e-01 -1.923450825940385656e+01
-5.356712486112815697e-01 1.793759852744714056e-02 8.444859707112807312e-01 7.810020656611904144e+01 1.653479158883863417e-02 9.998054773832540931e-01 -1.075705369766873955e-02 -1.103559698175184067e+00 -8.445147276824742644e-01 8.200567277596573085e-03 -5.358635907829283340e-01 -1.975452497729930457e+01
-5.357025028578752401e-01 1.227017933407205906e-02 8.440184773353150982e-01 7.891576750562765596e+01 1.389659815110095946e-02 9.998871174532572015e-01 -5.713729499916289645e-03 -1.130099178834806040e+00 -8.439935037163699416e-01 8.668911878628324241e-03 -5.358125295009301681e-01 -2.025449195192145879e+01
-5.329298754296080132e-01 6.100057290768200191e-03 8.458447230131465044e-01 7.974432106026397094e+01 1.174796599548108555e-02 9.999309338151601834e-01 1.913316606327755502e-04 -1.154400018166229502e+00 -8.457852333346893570e-01 1.003981521676479069e-02 -5.329646842934501194e-01 -2.076832716244020816e+01
-5.344668050334138165e-01 1.574884622988615259e-04 8.450548465365768092e-01 8.054720329394370992e+01 3.320341088026481161e-03 9.999925935328398685e-01 1.913383582423933572e-03 -1.174400630963347458e+00 -8.450484372248021625e-01 3.827820427549736074e-03 -5.344633881583922275e-01 -2.125169590416220800e+01
-5.331991198899069806e-01 -5.126999675633165006e-03 8.458269297604326109e-01 8.137006924319757672e+01 -4.817616009608684767e-03 9.999837990929691944e-01 3.022485276586157291e-03 -1.182741082951045630e+00 -8.458287721259867276e-01 -2.468225144351318331e-03 -5.332151882934859088e-01 -2.174356934550801768e+01
-5.317431652112694085e-01 -4.673413743681526476e-03 8.475799416228290140e-01 8.218335535172954565e+01 -1.903406468322072160e-03 9.999888039427041742e-01 4.325416857211944119e-03 -1.203602102071294366e+00 -8.475907035849717941e-01 6.807373043498996098e-04 -5.317461622986344727e-01 -2.224943058999066281e+01
-5.278320700727432424e-01 -1.622079622921323476e-03 8.493868446165953046e-01 8.299439466764678741e+01 2.100040138235628306e-03 9.999926352305023025e-01 3.213016963415923390e-03 -1.228182494519780343e+00 -8.493858549664233815e-01 3.482796808951083446e-03 -5.278248660763381617e-01 -2.275330116118087176e+01
-5.211481585858055432e-01 2.071665020139571312e-03 8.531567533303552331e-01 8.380757585707117130e+01 4.454379218254590246e-03 9.999899623004107063e-01 2.952299629874698648e-04 -1.241705703160898677e+00 -8.531477047670117386e-01 3.951442723221547208e-03 -5.211522204130607516e-01 -2.325037355037090236e+01
-5.130318546236944943e-01 3.108910191633218727e-03 8.579405851940300476e-01 8.461852358402711616e+01 9.461982347926360323e-03 9.999530739943338631e-01 2.037530200810789942e-03 -1.260632092712559826e+00 -8.578939875737243703e-01 9.163479333351546435e-03 -5.130373521068454234e-01 -2.374190966251122248e+01
-5.063001398326073543e-01 6.479661257548367456e-03 8.628788678139266421e-01 8.542878246608773907e+01 1.723407141200714726e-02 9.998481886063016466e-01 2.595523779826316123e-03 -1.280827168607214794e+00 -8.627311643286875720e-01 1.617921305328557519e-02 -5.063350332173587320e-01 -2.420974464634090850e+01
-4.958881178548618096e-01 5.060975784339252076e-03 8.679836647671875793e-01 8.625839958747901903e+01 1.506510955823497228e-02 9.998826051507258006e-01 2.781997233379815936e-03 -1.305194945329120948e+00 -8.678676416006824157e-01 1.445952189089383735e-02 -4.959062562091331450e-01 -2.468514580908506773e+01
-4.869234329150380902e-01 1.900961591136388811e-03 8.735287791721858541e-01 8.708651808844568620e+01 1.121241987172380029e-02 9.999288428869288481e-01 4.076980347021367385e-03 -1.312075368981488577e+00 -8.734587318458806315e-01 1.178058092337752778e-02 -4.869101388613562009e-01 -2.512680938291151023e+01
-4.737658000654412782e-01 -1.872306953690551458e-03 8.801835727267467435e-01 8.792261305292505824e+01 1.135913878526197476e-02 9.999014785696233032e-01 8.244532988344195276e-03 -1.327268391438929607e+00 -8.801121786672863045e-01 1.391291149999488580e-02 -4.736978664142619255e-01 -2.557494174067236514e+01
-4.634134416017331448e-01 -3.437856532379467752e-03 8.865067619971734869e-01 8.876471721421701488e+01 1.087989374624795565e-02 9.998950893748564939e-01 9.565241552837246836e-03 -1.340411635765635268e+00 -8.864467180908920385e-01 1.407341729811250296e-02 -4.633274963334566565e-01 -2.600509248617157354e+01
-4.516768865540256583e-01 -3.884995998074092585e-03 8.927135664865607501e-01 8.960813649736103059e+01 1.138828029096174144e-02 9.998840841495251208e-01 1.011301612287031880e-02 -1.343934257902956064e+00 -8.926494501881404586e-01 1.472131588838517663e-02 -4.515803794154152895e-01 -2.641539310871488055e+01
-4.375697949435801148e-01 -3.227018240495430762e-03 8.992054386020448264e-01 9.046043300954774224e+01 1.390509970757890235e-02 9.998497790128454410e-01 1.035284939955349003e-02 -1.362561284257830518e+00 -8.991036302203516684e-01 1.703173668726169765e-02 -4.374593046430719778e-01 -2.683645813932141166e+01
