1.0 0.0 0.0 0.0 0.0 1.0 0.0 0.0 0.0 0.0 1.0 0.0
0.99986464 0.016455255 -0.00043680446 0.1529541 -0.016454656 0.9998638 0.0013441963 0.059570312 0.00045886033 -0.0013368311 0.999999 -0.0026855469
0.9993216 0.0368412 0.00012865564 0.25769043 -0.036841363 0.9993074 0.00532565 -0.009033203 6.757118e-05 -0.005326774 0.9999858 -0.010498047
0.9979438 0.06405036 0.0024993028 0.4227295 -0.06406511 0.99792576 0.0063528623 -0.027709961 -0.002087245 -0.0064999126 0.9999767 -0.0029296875
0.9951763 0.09799977 0.0048647057 0.60754395 -0.09802647 0.9951698 0.005593789 -0.06506348 -0.0042930003 -0.0060434807 0.9999725 -0.009643555
0.99090767 0.13437115 0.006446121 0.7883301 -0.13438891 0.99092335 0.0024045557 -0.13330078 -0.0060644536 -0.0032490797 0.99997634 -0.007080078
0.9848009 0.17352319 0.0074462714 0.989624 -0.17353031 0.98482776 0.00031601306 -0.18725586 -0.0072784442 -0.0016034769 0.9999722 -0.0041503906
0.9761449 0.21691318 0.009961987 1.201416 -0.21692054 0.976194 -0.00034786685 -0.2685547 -0.009800196 -0.0018212784 0.9999503 0.00061035156
0.96412015 0.26514506 0.012855319 1.4178467 -0.2651676 0.96419966 4.8378482e-05 -0.34936523 -0.012382087 -0.0034555458 0.9999174 -0.009643555
0.9496331 0.31274304 0.019423708 1.6712646 -0.31273088 0.9498283 -0.0037383996 -0.4547119 -0.019618634 -0.00252337 0.99980444 -0.017700195
0.9327261 0.35984474 0.024599407 1.8909912 -0.35961252 0.933043 -0.013438772 -0.5843506 -0.02778822 0.0036923103 0.99960715 -0.006713867
0.91113 0.41119424 0.028248258 2.1229248 -0.41078132 0.9115479 -0.019396722 -0.72961426 -0.0337231 0.006067232 0.99941254 -0.004760742
0.88641256 0.4617896 0.031157538 2.3791504 -0.46132496 0.88694924 -0.021170616 -0.899292 -0.03741277 0.004388408 0.9992901 -0.011474609
0.85834134 0.51192117 0.035709172 2.6068115 -0.51139385 0.85908186 -0.023293346 -1.0703125 -0.04260022 0.0017374903 0.99909085 -0.031982422
0.82539594 0.5633595 0.037522666 2.8361816 -0.56266934 0.82624626 -0.027943399 -1.2811279 -0.046742756 0.0019508349 0.9989048 -0.038085938
0.7904947 0.6113525 0.03737149 3.0793457 -0.61040455 0.79136556 -0.034291066 -1.5009766 -0.05054593 0.0042975266 0.9987128 -0.048217773
0.7524265 0.6576475 0.037863042 3.3085938 -0.6565884 0.75337106 -0.037459776 -1.7497559 -0.05315538 0.003330404 0.9985809 -0.06384277
0.71260303 0.7006365 0.03536228 3.5352783 -0.69941115 0.71346235 -0.04172686 -2.0252686 -0.05446268 0.0050030984 0.9985034 -0.083984375
0.67150086 0.74012643 0.035956256 3.7460938 -0.7388521 0.6724576 -0.0434914 -2.3105469 -0.05637071 0.0026377942 0.99840647 -0.0982666
0.6271919 0.7778612 0.038417917 3.9979248 -0.776622 0.6283634 -0.043946788 -2.637085 -0.05832945 -0.002277499 0.9982947 -0.12939453
0.5857695 0.80959755 0.03907052 4.206909 -0.80840445 0.5870447 -0.044296294 -2.9771729 -0.058790807 -0.0056453943 0.99825364 -0.1459961
0.5458702 0.83686256 0.039369084 4.4265137 -0.83558834 0.547238 -0.046750363 -3.3465576 -0.06067483 -0.0073775537 0.99813056 -0.17333984
0.50652313 0.8612342 0.040674068 4.6435547 -0.85984194 0.50806004 -0.04988444 -3.7546387 -0.063649744 -0.009701816 0.99792624 -0.19519043
0.4694509 0.8821154 0.041188613 4.8535156 -0.880824 0.47107416 -0.049480163 -4.177124 -0.06302705 -0.013048256 0.9979257 -0.22265625
0.43336117 0.90033793 0.038980532 5.076538 -0.89917415 0.4348762 -0.04792474 -4.6394043 -0.060117055 -0.014286358 0.9980896 -0.25256348
0.39950946 0.9158891 0.036085635 5.2644043 -0.9147351 0.4008963 -0.048005518 -5.13562 -0.05844403 -0.0138178365 0.9981958 -0.2808838
0.3713702 0.9279909 0.031976026 5.460083 -0.926911 0.37253803 -0.046428174 -5.6480713 -0.05500667 -0.012394727 0.99840945 -0.31201172
0.34522066 0.9380718 0.028731085 5.642578 -0.93704265 0.34623113 -0.04536305 -6.195801 -0.05248826 -0.01125695 0.9985578 -0.34509277
0.32533723 0.9451756 0.026240995 5.838745 -0.9441996 0.32622737 -0.04418571 -6.7747803 -0.05032957 -0.01038842 0.99867916 -0.37902832
0.30957928 0.95047957 0.024848077 6.0183105 -0.94944596 0.310428 -0.045346532 -7.3702393 -0.050804414 -0.009551655 0.99866265 -0.41174316
0.2976342 0.9542796 0.0240998 6.2128906 -0.95317215 0.29847157 -0.04685158 -7.992676 -0.051899977 -0.009019235 0.99861157 -0.43688965
0.28666082 0.95766264 0.025402293 6.411621 -0.95646614 0.28760052 -0.048932265 -8.640381 -0.05418694 -0.010272282 0.99847853 -0.47216797
0.27617127 0.9607205 0.026315443 6.602417 -0.9594414 0.27719533 -0.050802954 -9.323486 -0.056111913 -0.011223935 0.9983616 -0.50720215
0.26561248 0.96363884 0.027537655 6.8120117 -0.9623181 0.26673484 -0.052007437 -10.018066 -0.057463776 -0.012690935 0.9982668 -0.546875
0.25609905 0.96611184 0.029096197 6.996704 -0.96465313 0.2573654 -0.05488918 -10.739502 -0.060526498 -0.014015968 0.9980683 -0.58325195
0.24667914 0.9687765 0.028708993 7.19751 -0.967271 0.2479488 -0.055769444 -11.4823 -0.06114615 -0.014012575 0.99803054 -0.6262207
0.23412733 0.9718536 0.029585222 7.385254 -0.9702624 0.23549919 -0.057625078 -12.251099 -0.062963486 -0.01522645 0.99789906 -0.6680908
0.22441451 0.9739693 0.030578569 7.5625 -0.9721905 0.22591917 -0.06098249 -13.025024 -0.066309765 -0.016044592 0.9976702 -0.7141113
0.21275052 0.97649854 0.03294075 7.744629 -0.97451943 0.21450488 -0.06480225 -13.816895 -0.07033074 -0.018306294 0.99735516 -0.76538086
0.20055342 0.979187 0.033381227 7.913452 -0.9770191 0.20242237 -0.06781941 -14.6171875 -0.07317465 -0.019026954 0.99713767 -0.80773926
0.18755747 0.9816165 0.034473922 8.073364 -0.9792776 0.18959527 -0.07078008 -15.423462 -0.07599356 -0.020463504 0.9968978 -0.8607178
0.172231 0.9844377 0.033803098 8.216187 -0.98204815 0.17427377 -0.07167368 -16.238403 -0.07642965 -0.020844528 0.99685615 -0.904541
0.15933292 0.98665065 0.033717304 8.358398 -0.98430634 0.16139309 -0.07136373 -17.05017 -0.07588282 -0.021825325 0.9968791 -0.95947266
0.14304695 0.98909676 0.034721985 8.474487 -0.98687375 0.14520346 -0.07057236 -17.865845 -0.07481142 -0.02417253 0.9969028 -1.0068359
0.12050455 0.99205136 0.03586673 8.58313 -0.9900331 0.122747414 -0.068833634 -18.700073 -0.072718814 -0.02721272 0.9969827 -1.0563965
0.09688253 0.99462426 0.038030528 8.676147 -0.99280393 0.09929764 -0.0677509 -19.539795 -0.071153186 -0.031220792 0.99697566 -1.1080322
0.06583703 0.9970204 0.040875547 8.738647 -0.99537224 0.068507485 -0.067785434 -20.38269 -0.0703918 -0.03622769 0.9968618 -1.1582031
0.03190392 0.99866414 0.040674843 8.773804 -0.997126 0.034599416 -0.06739908 -21.23108 -0.06873957 -0.038403697 0.99689645 -1.2020264
-0.0026427503 0.9991695 0.040679827 8.7854 -0.9977085 0.00011657359 -0.06766226 -22.083984 -0.06761947 -0.040781453 0.9968776 -1.2476807
-0.03682041 0.99856657 0.039024446 8.753418 -0.9971889 -0.034158476 -0.066796936 -22.955688 -0.06536047 -0.041383106 0.9970028 -1.2913818
-0.068125494 0.9968892 0.04018213 8.697754 -0.9957489 -0.06542101 -0.065191135 -23.804688 -0.06234819 -0.04442515 0.99706495 -1.3320312
-0.1031822 0.99384296 0.0410521 8.619263 -0.99298376 -0.100500494 -0.06275739 -24.662231 -0.058246385 -0.047241442 0.997184 -1.3815918
-0.1348238 0.9902008 0.03792638 8.506348 -0.98953485 -0.13250889 -0.058089532 -25.522095 -0.052510925 -0.045344718 0.99759126 -1.4163818
-0.16525134 0.9857781 0.03152573 8.359131 -0.98515344 -0.16344993 -0.053072616 -26.370117 -0.047176074 -0.03981478 0.9980933 -1.4464111
-0.19526042 0.98042643 0.026275625 8.184814 -0.979903 -0.19388425 -0.047450308 -27.225952 -0.041436095 -0.03501847 0.9985276 -1.4735107
-0.2243098 0.9744115 0.019460129 7.984253 -0.9739012 -0.22334361 -0.042489722 -28.050903 -0.03705472 -0.028481085 0.9989073 -1.4953613
-0.2512304 0.9679934 0.011626052 7.7612305 -0.9675253 -0.2506726 -0.036338232 -28.884033 -0.032270648 -0.02037428 0.9992718 -1.517334
-0.27849182 0.96053326 0.007904915 7.5197754 -0.96027046 -0.27819288 -0.027087968 -29.708496 -0.023821143 -0.015121706 0.9996019 -1.5229492
-0.30216828 0.9530611 0.0069497935 7.2478027 -0.9530465 -0.30208078 -0.011370163 -30.511719 -0.0087336935 -0.010064142 0.9999112 -1.5289307
-0.3261933 0.945216 0.012102374 6.979492 -0.94524807 -0.32627666 0.005639471 -31.310547 0.009282928 -0.009600002 0.9999108 -1.5240479
-0.35186303 0.9356904 0.018350529 6.6936035 -0.9355159 -0.35220182 0.020614527 -32.099243 0.025766753 -0.009913839 0.9996188 -1.5164795
-0.3761451 0.9262662 0.019257441 6.3842773 -0.9257808 -0.3765852 0.03064233 -32.88733 0.035644963 -0.0063070916 0.99934477 -1.4857178
-0.40057167 0.9158067 0.018378597 6.059326 -0.91514474 -0.400983 0.03492164 -33.664917 0.039366584 -0.002813872 0.99922067 -1.4405518
-0.4227228 0.905998 0.016988873 5.7072754 -0.9053504 -0.42306325 0.03425565 -34.444702 0.03824095 -0.0008928689 0.99926823 -1.4005127
-0.44428378 0.8961485 0.011599945 5.331299 -0.8956424 -0.4444251 0.030266263 -35.203125 0.03227885 0.0030449855 0.99947447 -1.3626709
-0.46222228 0.8869336 0.0039270725 4.9471436 -0.88654244 -0.46214232 0.0279878 -35.951904 0.026634831 0.009445854 0.9996006 -1.3222656
-0.47404432 0.8808165 0.00066365115 4.5273438 -0.8804401 -0.4738637 0.028886892 -36.696045 0.025763944 0.013098886 0.9995824 -1.282959
-0.48593578 0.87422836 -0.0009851251 4.125 -0.8737884 -0.48565513 0.0322869 -37.41931 0.02775822 0.016540864 0.99947804 -1.243042
-0.49501333 0.8687546 -0.00094138645 3.7266846 -0.8682545 -0.4946906 0.03448539 -38.12036 0.029481888 0.017894726 0.99940467 -1.2045898
-0.50433415 0.8636894 0.0063901637 3.3237305 -0.8630698 -0.5042305 0.034860536 -38.835205 0.033332895 0.012062715 0.9993717 -1.1678467
-0.5161239 0.8567603 0.0075078383 2.9160156 -0.8562117 -0.516077 0.032319248 -39.53015 0.031569958 0.010240076 0.99944943 -1.1378174
-0.5242106 0.85148156 0.0062278714 2.480835 -0.85091025 -0.5241039 0.03351202 -40.23523 0.031801347 0.012281755 0.9994186 -1.1005859
-0.5309641 0.8473686 0.0036095358 2.0336914 -0.84674686 -0.53072953 0.036250446 -40.93921 0.032660972 0.016204473 0.99933565 -1.0633545
-0.5348782 0.8454741 0.005316902 1.5875244 -0.844711 -0.5346451 0.039588947 -41.651123 0.03631369 0.01665869 0.9992022 -1.0371094
-0.53350747 0.8463757 0.006913008 1.1229248 -0.84550864 -0.5333014 0.041645706 -42.38916 0.038919624 0.016348539 0.99910897 -1.0037842
-0.5296987 0.8478847 0.0042336835 0.65966797 -0.84706855 -0.5293954 0.04150729 -43.135498 0.03742349 0.018407548 0.9991294 -0.96691895
-0.52439505 0.85159063 0.0050186687 0.20263672 -0.8508125 -0.52415276 0.04003258 -43.88452 0.036751363 0.016728338 0.99918526 -0.92663574
-0.51631045 0.8567891 0.0060832826 -0.2738037 -0.85602266 -0.5161278 0.03922307 -44.670166 0.03675248 0.015017377 0.9992122 -0.89123535
-0.5082262 0.8610309 0.0081018945 -0.7344971 -0.8602622 -0.5081345 0.038495895 -45.464478 0.037258983 0.012603279 0.999226 -0.85388184
-0.5029415 0.86391664 0.010063183 -1.177002 -0.8631718 -0.5029414 0.037246045 -46.255127 0.03724303 0.010060156 0.9992553 -0.8123779
-0.49763012 0.8671276 0.012842705 -1.6496582 -0.866453 -0.49775764 0.03474485 -47.098633 0.036531057 0.006172703 0.9993136 -0.7753906
-0.49613285 0.86774206 0.017043859 -2.1098633 -0.8671587 -0.49642414 0.031826258 -47.929565 0.0360829 0.001023828 0.9993481 -0.7364502
-0.49607217 0.8678588 0.01902349 -2.5969238 -0.86737984 -0.4964318 0.02890629 -48.80139 0.034528993 -0.0021489463 0.9994012 -0.6900635
-0.49745113 0.8675984 0.02022128 -3.0860596 -0.86715025 -0.49784958 0.028105013 -49.66992 0.034444954 -0.00356641 0.9994006 -0.6530762
-0.49744916 0.86688 0.019663697 -3.5737305 -0.86644685 -0.4978263 0.027592026 -50.54773 0.033714708 -0.0032932651 0.9994259 -0.6109619
-0.49742624 0.8674907 0.020178596 -4.0880127 -0.867116 -0.49781448 0.02591408 -51.44336 0.0325311 -0.00462531 0.9994605 -0.5704346
-0.49743277 0.86691236 0.019400286 -4.600708 -0.8665296 -0.4977959 0.026040088 -52.34619 0.03224252 -0.003851173 0.9994726 -0.52783203
-0.49742445 0.8673891 0.018814277 -5.1048584 -0.8670393 -0.4977649 0.024941403 -53.254517 0.031001365 -0.003911373 0.9995118 -0.48266602
-0.49740145 0.8676352 0.020435471 -5.621826 -0.8673378 -0.49778506 0.023506127 -54.186157 0.030576434 -0.006049358 0.9995146 -0.43945312
-0.49739328 0.8672807 0.020385526 -6.114746 -0.86701375 -0.4977686 0.022477666 -55.091187 0.029651057 -0.0064962795 0.99953926 -0.39440918
-0.49598813 0.8682346 0.021653507 -6.6295166 -0.86798227 -0.49640033 0.022311864 -56.015015 0.030110449 -0.0077265706 0.9995166 -0.3491211
-0.49457473 0.86951447 0.021226969 -7.1466064 -0.86933506 -0.4949535 0.019704962 -56.93982 0.02761554 -0.008722011 0.99958074 -0.30981445
-0.49215552 0.87038344 0.019416658 -7.658203 -0.8702288 -0.49247473 0.018221455 -57.862793 0.025426406 -0.007926664 0.9996453 -0.2602539
-0.4893582 0.87206674 0.018182518 -8.165283 -0.87193584 -0.48963735 0.016910259 -58.79834 0.023650885 -0.00758464 0.9996916 -0.22094727
-0.48694494 0.8734272 0.017746082 -8.673096 -0.87330097 -0.487212 0.016599003 -59.708008 0.023150943 -0.007422014 0.9997046 -0.18078613
-0.48415413 0.87482005 0.017328082 -9.169067 -0.8746891 -0.48441246 0.016704034 -60.62329 0.023004398 -0.007066282 0.9997102 -0.13647461
-0.48275474 0.8758642 0.01765727 -9.667725 -0.8757475 -0.48301724 0.016214916 -61.527588 0.022725532 -0.007639629 0.9997125 -0.099243164
-0.48415202 0.87469524 0.018748788 -10.146484 -0.87456596 -0.4844467 0.017086398 -62.424072 0.024025029 -0.008120654 0.9996782 -0.056762695
-0.48554605 0.873942 0.02214427 -10.657837 -0.873806 -0.48594093 0.018565383 -63.348633 0.026994754 -0.01033887 0.9995822 -0.014282227
-0.48935476 0.8716661 0.023350498 -11.152954 -0.87152517 -0.4897881 0.019134559 -64.22998 0.028104538 -0.010976659 0.99954426 0.03137207
-0.4945616 0.8687647 0.023790888 -11.652222 -0.8686524 -0.49499592 0.018199153 -65.13672 0.02757705 -0.011665063 0.9995514 0.06896973
-0.5011745 0.8655879 0.018020844 -12.167114 -0.8655212 -0.5014235 0.013811311 -66.01965 0.020984795 -0.008683994 0.99974227 0.11621094
-0.5063938 0.8626833 0.021444239 -12.656372 -0.86265975 -0.506712 0.013360012 -66.897705 0.022381477 -0.011742124 0.9996808 0.15942383
-0.51059693 0.8597482 0.021089524 -13.161743 -0.8596799 -0.5109257 0.015055973 -67.77283 0.023723602 -0.0104517825 0.99966407 0.1973877
-0.515832 0.856676 0.022957627 -13.667725 -0.85657185 -0.51623 0.017182905 -68.63635 0.026580881 -0.010816372 0.99958855 0.23266602
-0.5196639 0.85379165 0.024036821 -14.166504 -0.8537222 -0.52007896 0.016247435 -69.493774 0.02637396 -0.012062369 0.9995791 0.27392578
-0.5249056 0.85111254 0.025812801 -14.687256 -0.8510456 -0.52537656 0.01689708 -70.350586 0.027916199 -0.013096746 0.99952435 0.31591797
-0.52630943 0.8499923 0.02575714 -15.189941 -0.84991294 -0.52678376 0.01727821 -71.1897 0.02824157 -0.012795555 0.9995191 0.3614502
-0.5315563 0.84699 0.019726085 -15.706665 -0.8470232 -0.5317905 0.009158885 -72.026855 0.018246608 -0.01184153 0.9997634 0.40014648
-0.5315733 0.8469827 0.0144728245 -16.22937 -0.84706223 -0.5316424 0.0011194777 -72.86743 0.008637379 -0.011656565 0.9998947 0.44128418
-0.5357962 0.84446007 0.0127785625 -16.754883 -0.8445397 -0.5358201 -0.0017633894 -73.696045 0.0053578657 -0.011744081 0.99991673 0.46264648
-0.53437024 0.8445526 0.014032088 -17.273804 -0.84460604 -0.53445923 0.0033200467 -74.52258 0.0103079295 -0.01007547 0.99989605 0.48046875
-0.53576696 0.8439852 0.017829925 -17.790894 -0.84400403 -0.53596306 0.008714287 -75.331055 0.01692 -0.010380545 0.99980295 0.5061035
-0.5357806 0.8437255 0.01331304 -18.316284 -0.8436298 -0.53593034 0.013344462 -76.15149 0.018399179 -0.0040742457 0.9998223 0.5369873
-0.5357898 0.84364754 0.010446737 -18.853638 -0.8435411 -0.53588915 0.013492478 -76.975586 0.016991325 -0.0015693633 0.99985427 0.57299805
-0.53578204 0.8445626 0.008586559 -19.375122 -0.8444912 -0.5358493 0.011061048 -77.795654 0.013941404 -0.0013241451 0.99990195 0.59924316
-0.5357669 0.84402806 0.008103798 -19.876465 -0.84401995 -0.5358136 0.00539094 -78.611084 0.00889725 -0.003950189 0.9999526 0.6241455
-0.5329665 0.84581697 0.006717927 -20.3927 -0.8458385 -0.53297424 -0.00074252853 -79.43872 0.0029555042 -0.006077285 0.9999771 0.6470947
-0.5344361 0.84497553 0.012922222 -20.876465 -0.8450734 -0.5343954 -0.0067133284 -80.24158 0.0012338284 -0.0145084495 0.9998939 0.66430664
-0.5331545 0.8456526 0.01920573 -21.369751 -0.8458706 -0.53301966 -0.011992971 -81.06372 9.479001e-05 -0.022637801 0.99974364 0.66955566
-0.5317143 0.8474587 0.016062755 -21.877686 -0.84761006 -0.531591 -0.011510952 -81.87561 -0.0012260764 -0.019721426 0.9998048 0.6876221
-0.5278041 0.8493024 0.013255804 -22.3844 -0.8494059 -0.52773696 -0.008411856 -82.68506 -0.00014598574 -0.015700858 0.99987674 0.70861816
-0.5211158 0.8530834 0.012781082 -22.885132 -0.8531748 -0.52110213 -0.0046393173 -83.49585 0.0027025468 -0.013322802 0.9999075 0.7178955
-0.5130463 0.85790426 0.0075570876 -23.381104 -0.8579372 -0.51303506 -0.0034965165 -84.30432 0.00087860425 -0.008277949 0.99996525 0.73413086
-0.50639343 0.8628484 0.00054340996 -23.853027 -0.8628485 -0.50639343 -2.6873196e-05 -85.11194 0.00025168294 -0.00048242416 0.9999999 0.75109863
-0.49595514 0.86795723 0.00223422 -24.33313 -0.8679602 -0.49595323 -0.0013317679 -85.93921 -4.7422636e-05 -0.0026004154 0.9999966 0.77197266
-0.48695043 0.87350196 0.004893953 -24.779053 -0.87351465 -0.48693272 -0.0043884143 -86.76489 -0.0014523963 -0.0064145178 0.9999784 0.7755127
-0.4737796 0.88017386 0.0027227227 -25.233154 -0.8801594 -0.47374684 -0.008008439 -87.59827 -0.005758858 -0.00619712 0.99996424 0.7883301
-0.46341926 0.8865068 0.002543103 -25.668213 -0.8864812 -0.46337873 -0.009449214 -88.43762 -0.007198598 -0.0066315 0.99995214 0.79797363
-0.4516804 0.8927183 0.0018682103 -26.083984 -0.8926856 -0.45164344 -0.009760392 -89.2782 -0.0078715645 -0.006067792 0.99995065 0.7976074
-0.43757647 0.8992078 -0.00048044533 -26.511353 -0.8991702 -0.4375628 -0.00894254 -90.12756 -0.008250587 -0.0034788966 0.99995995 0.81225586
-0.4262877 0.9046466 0.0011804164 -26.901611 -0.9046397 -0.4262782 -0.004701698 -90.97632 -0.0037504947 -0.0030716853 0.99998826 0.81481934
-0.41463464 0.9102354 0.0021189197 -27.286743 -0.9102284 -0.41463965 0.0036212606 -91.81287 0.0041735116 -0.00042826915 0.99999124 0.8302002
-0.3997085 0.91630137 0.00430188 -27.65918 -0.91626465 -0.39973098 0.008229082 -92.65625 0.009263481 -0.0006488689 0.9999568 0.84521484
-0.39088026 0.9204821 0.004212317 -28.01001 -0.9204641 -0.39089987 0.005964774 -93.51453 0.007136781 -0.0015447256 0.9999733 0.85424805
-0.37905455 0.925273 0.0039038444 -28.363281 -0.9252711 -0.37906682 0.0030927728 -94.377686 0.004342267 -0.0024400877 0.99998754 0.87609863
-0.36727104 0.9298061 0.0069694538 -28.69043 -0.929819 -0.3672955 0.0025856402 -95.24304 0.0049667913 -0.0055323825 0.9999723 0.8922119
-0.3615239 0.93238163 0.012970612 -29.00769 -0.93240815 -0.3616267 0.0066650603 -96.10718 0.010899386 -0.009681525 0.99989367 0.9145508
-0.35552597 0.9343561 0.02171168 -29.331177 -0.9344275 -0.35581827 0.011406975 -96.97888 0.018393334 -0.016236976 0.999699 0.93151855
-0.35116768 0.93603426 0.027619926 -29.640747 -0.9361679 -0.35162514 0.013810718 -97.85315 0.02262548 -0.021000022 0.9995232 0.95910645
-0.34979847 0.93645865 0.027895853 -29.944824 -0.936583 -0.3502766 0.01449676 -98.732056 0.023330359 -0.021054711 0.99950594 0.9938965
-0.34383705 0.9386409 0.030893559 -30.259155 -0.93887657 -0.34434384 0.012779609 -99.61157 0.022624379 -0.02461578 0.9994411 1.0285645
-0.3395065 0.9402841 0.029933697 -30.564209 -0.94056964 -0.33990633 0.009322921 -100.47681 0.018927675 -0.024978632 0.99950874 1.0488281
-0.33289295 0.94240886 0.029660149 -30.870117 -0.9427462 -0.33320308 0.0060648946 -101.360596 0.015592933 -0.025930163 0.9995419 1.0744629
-0.32768682 0.9441988 0.031460322 -31.17041 -0.9446419 -0.32791352 0.0021882178 -102.23718 0.012397771 -0.029004676 0.9995024 1.1054688
-0.3220536 0.94628024 0.03564981 -31.450928 -0.9468648 -0.32230496 0.0014013629 -103.11597 0.012791243 -0.033295587 0.9993639 1.1295166
-0.31393412 0.9484225 0.043613218 -31.719238 -0.9492933 -0.31432393 0.0022230875 -103.96985 0.015808191 -0.04072251 0.99904597 1.1477051
-0.30661744 0.95058435 0.044065237 -31.995483 -0.95142144 -0.30713853 0.0054099746 -104.83667 0.018687997 -0.040261034 0.99901396 1.178833
-0.29995635 0.9529725 0.041096035 -32.277344 -0.9536304 -0.30054867 0.008929972 -105.70105 0.020882037 -0.036524236 0.99911475 1.2120361
-0.2920666 0.95550865 0.04062801 -32.542725 -0.9561889 -0.29257783 0.0071285386 -106.58008 0.01869764 -0.036755998 0.999149 1.2368164
-0.28561556 0.9573561 0.041677814 -32.80005 -0.9581581 -0.28595623 0.002324704 -107.45215 0.014143059 -0.039260842 0.9991285 1.2689209
-0.27848163 0.95956004 0.042755075 -33.04895 -0.9604429 -0.27871954 -0.0004057032 -108.33447 0.011522062 -0.04117719 0.9990855 1.298706
-0.27105725 0.9613464 0.045553677 -33.287964 -0.9623178 -0.27142975 0.0020684334 -109.21521 0.01437314 -0.043270737 0.9989595 1.3210449
-0.26539442 0.9630767 0.04600899 -33.52368 -0.9640144 -0.26591706 0.0055332533 -110.082275 0.017541213 -0.042868126 0.9989264 1.3413086
-0.25734285 0.9651648 0.04650977 -33.74951 -0.96612376 -0.25788027 0.0058392696 -110.95349 0.017641015 -0.043421783 0.9989006 1.3635254
-0.25154257 0.96669924 0.046266273 -33.968872 -0.96765554 -0.25205716 0.0055569536 -111.82861 0.01702546 -0.04336962 0.9989139 1.3869629
-0.24439518 0.96884936 0.04372909 -34.190063 -0.969716 -0.24482462 0.0046739453 -112.70447 0.0152268335 -0.041253023 0.9990327 1.4136963
-0.23564744 0.9710082 0.039243024 -34.40271 -0.97168005 -0.23606312 0.0062498082 -113.579834 0.015338727 -0.036663413 0.99920994 1.4414062
-0.22919297 0.9727495 0.03740055 -34.62317 -0.9733516 -0.22959077 0.0066593187 -114.48486 0.0150567535 -0.034876924 0.9992783 1.4708252
-0.22133698 0.9741509 0.043728992 -34.79785 -0.97501457 -0.22178341 0.005575 -115.362915 0.015131685 -0.04140695 0.9990277 1.494751
-0.21571088 0.97537756 0.04777871 -34.98694 -0.9764514 -0.2161162 0.0034308794 -116.25952 0.0136626195 -0.04591173 0.99885225 1.5229492
-0.21060501 0.9765252 0.044048727 -35.18579 -0.9774445 -0.21092832 0.0027737184 -117.17273 0.01200125 -0.042476106 0.99902546 1.5455322
-0.2048564 0.97770053 0.042958677 -35.370605 -0.9785624 -0.20520842 0.0038867034 -118.0564 0.012637135 -0.041235484 0.9990689 1.5635986
-0.20066012 0.97881985 0.042905692 -35.5625 -0.9796646 -0.20105791 0.0051210052 -118.95911 0.013630671 -0.04099199 0.9990663 1.5916748
-0.19489527 0.9802534 0.0363762 -35.756348 -0.9808637 -0.19517255 0.004207137 -119.83728 0.011208388 -0.034855533 0.9993296 1.602417
-0.18915176 0.9816165 0.02904348 -35.934692 -0.9820123 -0.18930711 0.0026703342 -120.71777 0.008113292 -0.02801214 0.99957466 1.6314697
-0.1847906 0.9823255 0.025216378 -36.106323 -0.9826372 -0.18485403 0.00017805072 -121.61084 0.0048550535 -0.024747811 0.99968183 1.6539307
-0.18062355 0.98319435 0.026657544 -36.263916 -0.9835242 -0.18076684 0.0030477315 -122.50391 0.007814252 -0.025658954 0.99964017 1.659668
-0.1769494 0.98378474 0.028271783 -36.416138 -0.9841523 -0.17712367 0.0037665558 -123.3833 0.008713674 -0.027163234 0.9995932 1.6730957
-0.17632474 0.98380923 0.030583434 -36.569336 -0.98424804 -0.17649972 0.0031037624 -124.2749 0.008445302 -0.029557375 0.9995276 1.6970215
-0.17570378 0.9840562 0.031247832 -36.72119 -0.9845302 -0.17582285 0.001090023 -125.16113 0.006554181 -0.030575262 0.9995112 1.706665
-0.17421976 0.98418826 0.028423583 -36.873047 -0.98459655 -0.17420733 -0.0029347201 -126.04834 0.0020752354 -0.028502287 0.9995915 1.727417
-0.17299344 0.9845735 0.028417228 -37.02417 -0.98497885 -0.17283428 -0.007990732 -126.93359 -0.0029573557 -0.029361079 0.9995644 1.7424316
-0.17150486 0.98471004 0.027412299 -37.174683 -0.9850793 -0.17129602 -0.0098104365 -127.8064 -0.0049551167 -0.028700186 0.9995758 1.7513428
-0.16928484 0.98511505 0.028298924 -37.32312 -0.9855211 -0.16918494 -0.0059031085 -128.67017 -0.00102037 -0.028894681 0.999582 1.7570801
-0.17008698 0.98498183 0.029552724 -37.47534 -0.9854201 -0.17010368 -0.0019789655 -129.53284 0.003081683 -0.029439494 0.99956155 1.7720947
-0.16862561 0.98508054 0.031370632 -37.61609 -0.98557764 -0.168612 -0.0030963207 -130.40088 0.0022492693 -0.03144928 0.99950284 1.7807617
-0.1686783 0.9850109 0.03319996 -37.75659 -0.9855695 -0.16862334 -0.0044717137 -131.2644 0.0011942657 -0.033473935 0.9994388 1.793335
-0.16862252 0.9852299 0.029713085 -37.912964 -0.9856776 -0.16856873 -0.0043238816 -132.11743 0.00074919965 -0.03001306 0.99954915 1.8098145
-0.16793181 0.98532 0.030713258 -38.05432 -0.9857912 -0.16797009 -0.0013499735 -132.98169 0.0038359151 -0.030503685 0.9995272 1.8282471
-0.16652466 0.98514944 0.03948046 -38.18103 -0.98591495 -0.16667567 0.0005327491 -133.82703 0.0071205683 -0.038836733 0.99922 1.8394775
-0.1666225 0.9849171 0.04608716 -38.314453 -0.9859537 -0.1668613 0.0013620509 -134.69287 0.009029614 -0.045225315 0.9989365 1.8466797
-0.16808294 0.9847391 0.045960262 -38.44934 -0.98575 -0.1684079 0.003273095 -135.5343 0.010948866 -0.044758502 0.99893814 1.871582
-0.16585004 0.98515165 0.043585967 -38.592407 -0.98603994 -0.16622327 0.0050527016 -136.37476 0.012234508 -0.042145476 0.9990365 1.8985596
-0.16367912 0.98545897 0.043410808 -38.716797 -0.9863328 -0.16407439 0.0056724837 -137.20984 0.01272747 -0.041890845 0.99904084 1.9169922
-0.16358398 0.9857884 0.036324713 -38.862183 -0.9863922 -0.16388546 0.0054536583 -138.05957 0.011341786 -0.03493034 0.99932504 1.9315186
-0.16073048 0.9865177 0.02955688 -39.00183 -0.98693085 -0.16088521 0.0029223831 -138.90588 0.0076340814 -0.028712686 0.99955875 1.9527588
-0.15945707 0.98697233 0.023638068 -39.137207 -0.9872549 -0.15939079 -0.0046665594 -139.73303 -0.0008466244 -0.024083296 0.99970967 1.9807129
-0.15510166 0.9876402 0.020241618 -39.265503 -0.9878476 -0.15506135 -0.003558 -140.57654 -0.00036606938 -0.020549769 0.9997887 1.9864502
-0.15160513 0.98830384 0.021200566 -39.382812 -0.98852146 -0.15166341 0.0011623099 -141.3883 0.0043546655 -0.020774001 0.9997747 2.00354
-0.14513992 0.98918855 0.02061701 -39.506836 -0.9893746 -0.14526343 0.0046163695 -142.22192 0.007562215 -0.01973732 0.9997767 2.0046387
-0.13610183 0.9905936 0.017909052 -39.6167 -0.9907195 -0.13622867 0.006056043 -143.06274 0.008435555 -0.01691989 0.9998213 2.0179443
-0.1269735 0.9917349 0.017952176 -39.720703 -0.9918927 -0.12700723 0.00074924156 -143.87573 0.003026009 -0.017709281 0.9998385 2.029419
-0.11439481 0.9933501 0.0077537876 -39.819824 -0.9933791 -0.11437892 -0.002455532 -144.67004 -0.001549298 -0.007986092 0.99996686 2.0511475
-0.10190011 0.9948263 0.0038156398 -39.90857 -0.99483275 -0.101894364 -0.0016916171 -145.53296 -0.0012951856 -0.0039678523 0.9999913 2.0810547
-0.08739102 0.99621326 0.003746219 -39.975586 -0.99622023 -0.0873885 -0.0008211043 -146.29944 -0.0004917239 -0.0038035475 0.9999926 2.0993652
-0.07296575 0.99733347 0.0011924896 -40.035645 -0.99733406 -0.07296525 -0.00047018612 -147.10718 -0.00038200337 -0.0012229383 0.99999917 2.1051025
-0.059906602 0.9982101 -0.0031518098 -40.080566 -0.9982128 -0.059899572 0.0022997907 -147.87878 0.0021074386 0.0032835472 0.9999924 2.1103516
-0.045657996 0.99898326 0.0011565387 -40.11499 -0.9989484 -0.04566608 0.0083764475 -148.69348 0.008418789 -0.0007747803 0.9999642 2.12146
-0.03338505 0.9993986 0.009388664 -40.122192 -0.99926466 -0.03355492 0.01855357 -149.44946 0.018859655 -0.008763047 0.99978375 2.1333008
-0.019296763 0.9996982 0.015174127 -40.124756 -0.9994896 -0.019674182 0.025144223 -150.25659 0.025427302 -0.014671734 0.9995689 2.1552734
