7.776369229234026959e-01 -6.283509831064152396e-01 2.135083453694159791e-02 -6.595501814195377221e+01 6.273875845222669501e-01 7.777536444852696240e-01 3.852385335344106487e-02 2.571243899422973911e+01 -4.081219050159024669e-02 -1.656232227325596731e-02 9.990295564133122586e-01 -8.874486604771708587e-01 -4.809208017785018303e-24 -1.416202385148814181e-23 -3.430527606006730092e-24 9.999999999999997780e-01
7.495389555958541505e-01 -6.613805072393418305e-01 2.769799068717261961e-02 -6.555799544082533714e+01 6.606312566501539862e-01 7.500291037658947113e-01 3.197946592688061945e-02 2.609043837889922557e+01 -4.192489452717968607e-02 -5.671697096996254628e-03 9.991046667246261670e-01 -8.963777796500107531e-01 -4.809208017785018303e-24 -1.416202385148814181e-23 -3.430527606006730092e-24 9.999999999999997780e-01
7.210724618833160848e-01 -6.927661405245841841e-01 1.138328846181340184e-02 -6.520614179849701486e+01 6.924187450001848543e-01 7.211023658047043261e-01 2.382560813974584149e-02 2.648588810392583781e+01 -2.471409083707401186e-02 -9.297987606489772211e-03 9.996513197813375884e-01 -9.045254725125810857e-01 1.319581745128291396e-18 -1.842389717268808569e-18 5.036993108317718329e-20 9.999999999999996669e-01
6.910086060769020655e-01 -7.227062558283290361e-01 -1.423987760666218377e-02 -6.486980551427646446e+01 7.228423084058337444e-01 6.909378041639165913e-01 1.019548702478033884e-02 2.689799678520934734e+01 2.470527511084421885e-03 -1.733835527788469069e-02 9.998466272034328695e-01 -9.113578896351850478e-01 1.612953296156596217e-18 -4.839378434431065172e-18 7.331546753596443009e-20 9.999999999999994449e-01
6.562982791915460412e-01 -7.539585780294278949e-01 -2.861872369718732045e-02 -6.453269267607690551e+01 7.540077600515298073e-01 6.567688387048696841e-01 -1.126899677581975207e-02 2.731972842476979224e+01 2.729224271273194766e-02 -1.418291655826397178e-02 9.995268772602456941e-01 -9.310427121958916308e-01 -5.771393799676123822e-19 -7.294831348823642057e-18 1.133153448872700843e-19 9.999999999999991118e-01
6.189551487896346460e-01 -7.849296332354142036e-01 -2.792838440933710642e-02 -6.419247253084674298e+01 7.842137626346697976e-01 6.195838602326617650e-01 -3.353527446689390928e-02 2.776988745948235504e+01 4.362680691014599044e-02 -1.144992624595764924e-03 9.990472414809639101e-01 -9.418189129820968564e-01 -1.685373315098523935e-18 -9.225182204702915636e-18 2.271663000055039778e-19 9.999999999999987788e-01
5.861707551290640250e-01 -8.098987816443403709e-01 -2.162890016696925391e-02 -6.386966748836398011e+01 8.089558436355666071e-01 5.865425174339368164e-01 -3.947554040328653258e-02 2.825719392103479422e+01 4.465746163063420704e-02 5.642582145842846633e-03 9.989864225240736584e-01 -9.533645140886385372e-01 -2.539879245941769381e-18 -1.122969634519527391e-17 3.940931835758747323e-19 9.999999999999984457e-01
5.574466843602482458e-01 -8.300676321013830128e-01 -1.552160537337877490e-02 -6.356788606456105128e+01 8.297317769935295129e-01 5.576626629360006415e-01 -2.361212854212955611e-02 2.876590786738412575e+01 2.825548341339807409e-02 2.837335582529339401e-04 9.996006938534791608e-01 -9.239220255676606763e-01 -3.653889877457039407e-18 -1.267078683736533022e-17 5.678142912956671379e-19 9.999999999999981126e-01
5.285943027879681511e-01 -8.488371514264273499e-01 -7.972039787210769002e-03 -6.328270705628452930e+01 8.487966288950465898e-01 5.286497236622487161e-01 -8.587924559068772432e-03 2.928097103115556976e+01 1.150416604991730436e-02 -2.227112502104233033e-03 9.999313447099337226e-01 -8.795284968585085350e-01 -3.661794233927789664e-18 -1.437031801410401194e-17 7.021165434982707751e-19 9.999999999999977796e-01
4.987796265344263680e-01 -8.667061243048592711e-01 -6.275208891105800262e-03 -6.300983052475911705e+01 8.666904831373111184e-01 4.988125949405126103e-01 -5.796685943208388335e-03 2.979864489876553080e+01 8.154176438415577238e-03 -2.547394975728285629e-03 9.999635094269536673e-01 -8.725673146567373140e-01 -5.002438183042584013e-18 -1.293379098664999852e-17 8.605926165641133094e-19 9.999999999999975575e-01
4.712636528510657508e-01 -8.819817551093193098e-01 -4.330491398685042993e-03 -6.274871941797863428e+01 8.818609541412602004e-01 4.712725065400562574e-01 -1.494931906524984977e-02 3.032244917429806819e+01 1.522586820286515354e-02 3.226179433581702685e-03 9.998788750162465044e-01 -8.664860031074685942e-01 -4.628115295947370518e-18 -1.229274966492921462e-17 1.010312925325459836e-18 9.999999999999973355e-01
4.458458080993194517e-01 -8.950933962537340749e-01 -5.415476269016515458e-03 -6.250080533680219474e+01 8.948404852617412031e-01 4.458519126482293760e-01 -2.183066477322613552e-02 3.085742776242537744e+01 2.195498432678402723e-02 4.887122964675054936e-03 9.997470153455649822e-01 -8.616817606954130238e-01 -4.021065846783558246e-18 -1.420935214487095527e-17 1.168602674902422153e-18 9.999999999999968914e-01
4.226948767864883161e-01 -9.062532039162277675e-01 -5.845641968835296222e-03 -6.226187752783985019e+01 9.060098743690085943e-01 4.227189435294153030e-01 -2.132609498290671118e-02 3.141305580586338309e+01 2.179790550259631116e-02 3.718221745347027006e-03 9.997554831771530148e-01 -8.571585348197815479e-01 -3.091431850100877425e-18 -1.570727394345530078e-17 1.314291658254993692e-18 9.999999999999964473e-01
4.031673049142587839e-01 -9.151120777246056770e-01 -5.099946149562922977e-03 -6.203042082551959879e+01 9.150033740100254054e-01 4.031982307057888626e-01 -1.414257069914923864e-02 3.199178674956212376e+01 1.499832652106223609e-02 1.035354179216989171e-03 9.998869827352114825e-01 -8.498572426904833499e-01 -2.911964130142534915e-18 -1.720967389934099313e-17 1.486483300006513353e-18 9.999999999999961142e-01
3.859393963221008916e-01 -9.225213396828763068e-01 -2.271606533451430831e-03 -6.180220504415800775e+01 9.225065044416371762e-01 3.859460739813480590e-01 -5.232326561213698594e-03 3.257789481456624259e+01 5.703650532123302232e-03 -7.621084824488133503e-05 9.999837311489381264e-01 -8.445641956070332190e-01 -2.903894124744553115e-18 -2.155413734212743424e-17 1.650243408696078492e-18 9.999999999999955591e-01
3.695906566122033610e-01 -9.291937327169885741e-01 1.324244852122438611e-03 -6.157662337840504563e+01 9.291930147014548780e-01 3.695923155623137557e-01 1.364443950693423196e-03 3.316206421779040170e+01 -1.757263488897125268e-03 7.261933307005247759e-04 9.999981923325249600e-01 -8.416738173920078614e-01 -2.833597502703787775e-18 -2.723610612245969738e-17 1.796632284582012898e-18 9.999999999999948930e-01
3.555099301250871369e-01 -9.346709941110036279e-01 1.679985119384721885e-03 -6.136409497821586712e+01 9.346656199392772146e-01 3.555136359164731696e-01 3.198996867549865238e-03 3.376039528025255976e+01 -3.587267200430806387e-03 4.329491802468710495e-04 9.999934720132341859e-01 -8.424663408851098545e-01 -4.303253629776280612e-18 -3.376963068402974361e-17 1.942539981966612347e-18 9.999999999999941158e-01
3.426290954217427465e-01 -9.394707208428496603e-01 2.600951593175568777e-04 -6.116124549908511909e+01 9.394684035695689550e-01 3.426288437078067184e-01 2.143397741406758913e-03 3.435827263472292969e+01 -2.102775524865514636e-03 -4.900392451655526289e-04 9.999976690956210446e-01 -8.487752580328598029e-01 -5.061165680526529087e-18 -3.947963051451394246e-17 2.084412177256134606e-18 9.999999999999932276e-01
3.303651127288564915e-01 -9.438427744463419033e-01 -4.439528925242266361e-03 -6.096357012739928649e+01 9.438531338691402706e-01 3.303594741579840011e-01 1.969649573397884261e-03 3.497100704770801372e+01 -3.923990767931151966e-04 -4.840966792343090810e-03 9.999882054622079020e-01 -8.522157103477340234e-01 -6.082820294883085756e-18 -4.331622929529532608e-17 2.222024029338009425e-18 9.999999999999925615e-01
3.199371100244410848e-01 -9.474097929344416080e-01 -7.411469565652704754e-03 -6.076779421191741903e+01 9.474387588321181441e-01 3.199290427857111596e-01 2.281632058628563393e-03 3.559910766597176490e+01 2.095038075542156536e-04 -7.751892293379329321e-03 9.999699316849858244e-01 -8.568889295811920048e-01 -6.835077752944473803e-18 -4.506404337977826316e-17 2.352278343540397118e-18 9.999999999999918954e-01
3.117950027922278822e-01 -9.501028000189647438e-01 -9.409868751046599963e-03 -6.057130220107624297e+01 9.501492773684697690e-01 3.117846382208411815e-01 2.586519988032462067e-03 3.623292495734243346e+01 4.763926413131909358e-04 -9.747244000828417590e-03 9.999523810084606223e-01 -8.605010440978603237e-01 -8.277005342000532602e-18 -4.738306697923728972e-17 2.480232620945175371e-18 9.999999999999910072e-01
3.057557140996594591e-01 -9.520440892820026813e-01 -1.120247109357414179e-02 -6.037546265490166775e+01 9.521083335862665642e-01 3.057559986858547907e-01 1.729272439484886431e-03 3.686931142822714946e+01 1.778879132192305200e-03 -1.119470101455746075e-02 9.999357550654339732e-01 -8.595189557325134677e-01 -1.017048130768132934e-17 -5.083535694707097477e-17 2.592520473192624693e-18 9.999999999999901190e-01
3.012870319905385785e-01 -9.534479114944427458e-01 -1.277514857877235649e-02 -6.017664498686913532e+01 9.535309898847862398e-01 3.012899045544195076e-01 1.744919166478237603e-03 3.751949154387364871e+01 2.185333760958387255e-03 -1.270722158697244232e-02 9.999168719628381830e-01 -8.603017978470773874e-01 -1.236690362252858353e-17 -5.343250618874490004e-17 2.720734874161137152e-18 9.999999999999892308e-01
2.978640236646618034e-01 -9.545204755793464946e-01 -1.294932840219205003e-02 -5.997807747584340632e+01 9.546049313827983385e-01 2.978716481151634232e-01 1.380662437191853848e-03 3.817294398660951060e+01 2.539367226979275492e-03 -1.277274241969140328e-02 9.999152007371537865e-01 -8.652135792397138703e-01 -1.576218164159970951e-17 -5.524698207062929444e-17 2.855392871685806259e-18 9.999999999999881206e-01
2.957208412567807199e-01 -9.552005619099434020e-01 -1.187731338733053095e-02 -5.977558842680701190e+01 9.552657129207263731e-01 2.957483250353782900e-01 -5.881809145443086606e-04 3.883258758383878018e+01 4.074526280297275163e-03 -1.117205288567002866e-02 9.999292892349780359e-01 -8.695797470476103186e-01 -1.961957733404209378e-17 -5.652849511520836835e-17 2.989013593763835401e-18 9.999999999999868994e-01
2.948545348563785251e-01 -9.554774248598569830e-01 -1.112177403991438870e-02 -5.956919278418032349e+01 9.555289452390891558e-01 2.948916802628725464e-01 -1.825300516288741546e-03 3.950243939494405510e+01 5.023752071029659837e-03 -1.008897888284259609e-02 9.999364851930794273e-01 -8.681168790266131641e-01 -2.353038806378492205e-17 -5.961994206081339423e-17 3.127815191484500060e-18 9.999999999999854561e-01
2.945903881284402392e-01 -9.555623484389691447e-01 -1.082134317571121530e-02 -5.936306089478329540e+01 9.556128418111257128e-01 2.946219597325288042e-01 -1.413297204110063477e-03 4.018098643955051585e+01 4.538698928764180011e-03 -9.924670732454425257e-03 9.999404487883002401e-01 -8.678491985190477376e-01 -2.761328073758391234e-17 -6.302382848439277646e-17 3.284923863947418000e-18 9.999999999999840128e-01
2.935087662230153049e-01 -9.558782216340198090e-01 -1.222413825248529380e-02 -5.915624916776103248e+01 9.559517796325572858e-01 2.935230348109749143e-01 6.504249819743938670e-04 4.087031096515088535e+01 2.966339082738600821e-03 -1.187659215091686586e-02 9.999250708885087935e-01 -8.685563270631608823e-01 -3.241343187056619271e-17 -6.716255484806773081e-17 3.441971143632114097e-18 9.999999999999825695e-01
2.929777943163163201e-01 -9.560605498504310962e-01 -1.059419922535155371e-02 -5.894656567159864835e+01 9.561189806133688629e-01 2.929514759017234904e-01 3.990949486853154725e-03 4.156969591758915072e+01 -7.120030617663654663e-04 -1.129857454164335737e-02 9.999359155791091025e-01 -8.696291677734564463e-01 -3.839875062110018195e-17 -7.083847629763212312e-17 3.578818158878048719e-18 9.999999999999810152e-01
2.924141753715481795e-01 -9.562696277118897248e-01 -6.507623032325215127e-03 -5.873046852070929447e+01 9.562877246728090919e-01 2.923863729444490800e-01 4.898628016128234522e-03 4.226992923619108922e+01 -2.781668894374738927e-03 -7.655588294398046369e-03 9.999668265928097766e-01 -8.743608837985672455e-01 -4.393946088209326693e-17 -7.511618833218691810e-17 3.691312856536831681e-18 9.999999999999794609e-01
2.918551614436810659e-01 -9.564604814475392569e-01 -1.977920072901952035e-03 -5.850710428865235713e+01 9.564618530369862759e-01 2.918518777151044574e-01 1.790295832440028925e-03 4.297289114722938308e+01 -1.135087526586786447e-03 -2.414312177295060632e-03 9.999964413302102617e-01 -8.806920184466664470e-01 -4.943694716468905461e-17 -7.701270043409087841e-17 3.798790225408499175e-18 9.999999999999776845e-01
2.915393242911689109e-01 -9.565588055692361147e-01 2.718083816794370357e-04 -5.828571160390885808e+01 9.565546062501874003e-01 2.915371750483962687e-01 -3.059546746385418542e-03 4.368124235910270414e+01 2.847394133551405665e-03 1.151977750591643736e-03 9.999952826358631253e-01 -8.802116481442022744e-01 -5.449788198776850810e-17 -7.950032733662309807e-17 3.950473573364959093e-18 9.999999999999759082e-01
2.912816096458105686e-01 -9.566311409705632318e-01 -3.447318885188525341e-03 -5.806858000668836439e+01 9.566164380565593817e-01 2.912971787194059137e-01 -5.562743031829268589e-03 4.440752701158403681e+01 6.325687478861153831e-03 -1.677437168436682943e-03 9.999785857119829480e-01 -8.805097879175216580e-01 -5.915256137873918300e-17 -8.086719640423297637e-17 4.128495884253785541e-18 9.999999999999741318e-01
2.909390557781001974e-01 -9.566930709549241740e-01 -9.635030346438581972e-03 -5.785100875970536549e+01 9.566937138237219251e-01 2.910104889634841929e-01 -7.073418081159324640e-03 4.514556484771665623e+01 9.570984958502030612e-03 -7.159839387282217887e-03 9.999285639219162025e-01 -8.814833006486597622e-01 -6.430534052271133209e-17 -8.110941873816995267e-17 4.321521615475872863e-18 9.999999999999722444e-01
2.903051588647580505e-01 -9.568953802817085075e-01 -8.610803216048481395e-03 -5.762667218320081730e+01 9.568828062768238718e-01 2.903710258339171624e-01 -7.743539752088364481e-03 4.588153650489586255e+01 9.910085178893442495e-03 -5.991540007764382947e-03 9.999329435817965184e-01 -8.817574382723766258e-01 -6.990262614774137327e-17 -8.398482439469946415e-17 4.522777285648680788e-18 9.999999999999704681e-01
2.897798148901573057e-01 -9.570855358168504079e-01 -3.864713753054662554e-03 -5.739177699360129736e+01 9.570566087278978840e-01 2.898017076051824237e-01 -7.590649466225995838e-03 4.662774143129193050e+01 8.384901456615398430e-03 -1.499132840983640174e-03 9.999637223561473887e-01 -8.827198216751809268e-01 -7.530272162341171133e-17 -8.749285408863831112e-17 4.721868727869457680e-18 9.999999999999688027e-01
2.900875028303182002e-01 -9.569916931803430504e-01 -4.017447633225321516e-03 -5.716094578941692106e+01 9.569880701332150741e-01 2.901023637144595768e-01 -3.801603600044823478e-03 4.739022359928937789e+01 4.803574120499219668e-03 -2.741851762293846979e-03 9.999847038453419934e-01 -8.787304137809048843e-01 -8.143501105180962713e-17 -8.973088103891539818e-17 4.924363906947045771e-18 9.999999999999670264e-01
2.912230120054067339e-01 -9.566381049925001268e-01 -5.717810319839760833e-03 -5.693094391815584743e+01 9.566551290176268374e-01 2.912156140822521055e-01 2.104813271669350293e-03 4.815735504705327230e+01 -3.484289360805964105e-04 -6.082942629909033824e-03 9.999814380308822415e-01 -8.767742795694974944e-01 -8.900281721430997009e-17 -9.071978575848134146e-17 5.113685981006715285e-18 9.999999999999654721e-01
2.911394591251288966e-01 -9.566491389807014745e-01 -7.761457840370290101e-03 -5.669627365979656730e+01 9.566684099647837503e-01 2.910851663470399031e-01 7.414803309160277432e-03 4.894490684356581056e+01 -4.834119954865326134e-03 -9.583883356103677434e-03 9.999423885725374772e-01 -8.848390988995168405e-01 -9.616586970625648384e-17 -9.195616415966893525e-17 5.260991178598437633e-18 9.999999999999638067e-01
2.908547058692724785e-01 -9.567609878533219758e-01 -3.457194763646033366e-03 -5.645060146619838548e+01 9.567358138368995402e-01 2.908139714863507419e-01 9.155135724133366126e-03 4.972728307376836199e+01 -7.753876159941075832e-03 -5.970436354025451288e-03 9.999521145006453615e-01 -8.999512181556037493e-01 -1.039739659416412902e-16 -9.347402635864269611e-17 5.379867342407773848e-18 9.999999999999619194e-01
2.902857520804764113e-01 -9.569365274620281747e-01 2.581578584422994978e-03 -5.620611213690286689e+01 9.569054304348812989e-01 2.902971401089752268e-01 7.718008080584457670e-03 5.050931540681190768e+01 -8.135068731588927099e-03 2.298987862931477796e-04 9.999668833533202905e-01 -9.112880979008707305e-01 -1.122293126694232888e-16 -9.517896995333616675e-17 5.482065522019409911e-18 9.999999999999599209e-01
2.894866096612246920e-01 -9.571808844152497331e-01 1.502443640077510967e-03 -5.596653944938935865e+01 9.571627093284899024e-01 2.894903813853622609e-01 5.904824828185698329e-03 5.129967835133869869e+01 -6.086928433742186395e-03 -2.712846950049848239e-04 9.999814376811843042e-01 -9.132220316684168671e-01 -1.206597491166238386e-16 -9.621120981965198162e-17 5.577338167982519742e-18 9.999999999999579225e-01
2.900794728559059621e-01 -9.569804791570468705e-01 -6.500918395999528802e-03 -5.573835581042515486e+01 9.569972519238664210e-01 2.900485465963833498e-01 5.300983629903161312e-03 5.210664701016146694e+01 -3.187355921853336944e-03 -7.759067576932964644e-03 9.999648181974373218e-01 -9.242108843792671280e-01 -1.303283648935351234e-16 -9.577992968429757052e-17 5.682434297871250323e-18 9.999999999999559241e-01
2.893254084900425682e-01 -9.571908533787789608e-01 -8.745182106642058681e-03 -5.549243310903258930e+01 9.572298726343976272e-01 2.893257827569176155e-01 1.249947352723543466e-03 5.290866142062865407e+01 1.333768485117512500e-03 -8.732791082523548923e-03 9.999609789494813272e-01 -9.334245881424346747e-01 -1.413053293722189699e-16 -9.506108320103901777e-17 5.812696114843373911e-18 9.999999999999541478e-01
2.884615240586512752e-01 -9.574592702740253314e-01 -7.854610371980956171e-03 -5.524539171046830432e+01 9.574751096014706420e-01 2.884948647655909415e-01 -3.482455669397037552e-03 5.371199122462650166e+01 5.600324221026937478e-03 -6.516039456928715730e-03 9.999630881179970565e-01 -9.359124474056081944e-01 -1.510414545648000269e-16 -9.716744800334982161e-17 5.984175877417838772e-18 9.999999999999524825e-01
2.886223672373661175e-01 -9.573936132237884644e-01 -9.726175435595006344e-03 -5.500246838779792569e+01 9.574173180337460787e-01 2.886741561580005166e-01 -4.394393643110201288e-03 5.452365237914980867e+01 7.014859894413310801e-03 -8.043688504426167729e-03 9.999430437859795351e-01 -9.325951986633391755e-01 -1.599640402932596108e-16 -1.009455132522219404e-16 6.195635087007367555e-18 9.999999999999509281e-01
2.889223057516245863e-01 -9.572301456356943072e-01 -1.530847887417021574e-02 -5.476610131879094467e+01 9.573385773747269401e-01 2.889675364062754270e-01 -7.817757857994288512e-04 5.535375762731962368e+01 5.171992775685244591e-03 -1.442952492455553196e-02 9.998825127489938680e-01 -9.316458312465708547e-01 -1.698812407453025797e-16 -1.041821482523629678e-16 6.443437752672164236e-18 9.999999999999493738e-01
2.890264514522127848e-01 -9.572416636476864804e-01 -1.233319658327279404e-02 -5.451665399491009367e+01 9.573210445234578980e-01 2.889976290093806410e-01 4.097333209710319300e-03 5.617944001987527969e+01 -3.578734875158991581e-04 -1.299106631343190793e-02 9.999155484953051731e-01 -9.327199536647483580e-01 -1.789781554573051697e-16 -1.075821335713792855e-16 6.647123532709994888e-18 9.999999999999479305e-01
2.880128349967359669e-01 -9.576083687973278025e-01 -5.900753043105299613e-03 -5.426078647516249731e+01 9.576108555329412297e-01 2.879673712420353082e-01 7.499497675303306264e-03 5.700715829366052390e+01 -5.482357393481328452e-03 -7.810576756412313491e-03 9.999544682875319834e-01 -9.369454349812731397e-01 -1.867059930627160171e-16 -1.115461958737091601e-16 6.804923131178891294e-18 9.999999999999463762e-01
2.876224010723390512e-01 -9.577010125999216861e-01 -9.062277113399134360e-03 -5.401400074346202018e+01 9.577121133062943548e-01 2.875229083958489307e-01 1.086670023272520887e-02 5.784724709528962450e+01 -7.801437544173153195e-03 -1.180455897831051738e-02 9.998998899688057440e-01 -9.474804629574590242e-01 -1.939728416239914419e-16 -1.198322509615019368e-16 6.956354665774909230e-18 9.999999999999445999e-01
2.882038893686697523e-01 -9.575161886274832224e-01 -1.006313415808642898e-02 -5.376891912060896317e+01 9.575411576193004759e-01 2.880993394774751803e-01 1.066311669725304723e-02 5.867764802296485982e+01 -7.310924554831951978e-03 -1.270901683595269949e-02 9.998925098595720096e-01 -9.623977380450977615e-01 -2.013229374808659314e-16 -1.288479117562903321e-16 7.075614833101425438e-18 9.999999999999429345e-01
2.863674716992744007e-01 -9.581018672533654357e-01 -5.872232811648181623e-03 -5.351223726324500518e+01 9.581165425586688489e-01 2.863449661410378821e-01 4.387623625529674283e-03 5.950601323728334080e+01 -2.522306082807575234e-03 -6.882756083007039033e-03 9.999731324594585136e-01 -9.596564039950861158e-01 -2.086663088281992102e-16 -1.406727181174831710e-16 7.167940515821206033e-18 9.999999999999413802e-01
2.858585571334909536e-01 -9.582584558034847877e-01 -5.061343171015137213e-03 -5.326024426773234666e+01 9.582694958859764300e-01 2.858655140859296950e-01 -6.936215070358094483e-04 6.034557291103709531e+01 2.111532141785336675e-03 -4.651853125796931096e-03 9.999869507621409470e-01 -9.643313507295540044e-01 -2.163131360250645820e-16 -1.540044657334864417e-16 7.343843550263363923e-18 9.999999999999396039e-01
2.858002146189027037e-01 -9.582593305423171559e-01 -7.569197605797256707e-03 -5.301284960822990655e+01 9.582822112104273371e-01 2.858194260795991481e-01 -1.568232494010252977e-03 6.119516974190558045e+01 3.666197135410625800e-03 -6.805226235412013824e-03 9.999701235009489375e-01 -9.714955166020716737e-01 -2.240420976414228957e-16 -1.656181332365765191e-16 7.575543602613524910e-18 9.999999999999378275e-01
2.851260800380072680e-01 -9.584708924349801817e-01 -6.055314778739641357e-03 -5.276017649595375758e+01 9.584898094004788982e-01 2.851245155670901199e-01 1.138375175506110577e-03 6.204185482680140495e+01 6.354192224949171530e-04 -6.128537959539099092e-03 9.999810184523221235e-01 -9.742760554531829653e-01 -2.307125363372273014e-16 -1.794014732073466235e-16 7.777462167683151053e-18 9.999999999999363842e-01
2.844608367207900335e-01 -9.586859785089019148e-01 -1.796380403836626664e-03 -5.250392803655576301e+01 9.586812292782866951e-01 2.844515647496357325e-01 4.196181708646786433e-03 6.288894798540314923e+01 -3.511837350604464156e-03 -2.915805533676073865e-03 9.999895824840197012e-01 -9.767820857463107576e-01 -2.371399829910860758e-16 -1.917074424539935384e-16 7.984578335270593056e-18 9.999999999999348299e-01
2.836977394730788027e-01 -9.589136187712304915e-01 5.141526511753302707e-04 -5.225321291942299951e+01 9.588925027989116945e-01 2.836949805656855395e-01 6.505849510257446719e-03 6.374114604809741991e+01 -6.384410223451077171e-03 -1.352677676906353064e-03 9.999787045578781841e-01 -9.776423233951254677e-01 -2.428431027429853317e-16 -2.038577115178492068e-16 8.197275275794109595e-18 9.999999999999332756e-01
2.834137444865088007e-01 -9.589843001413168588e-01 -5.075580619662966447e-03 -5.200992498964808419e+01 9.589913604341037123e-01 2.833885997162460257e-01 5.145110648853871288e-03 6.459579219088378466e+01 -3.495718650193531049e-03 -6.325633038233337280e-03 9.999738828178637018e-01 -9.772427745798210053e-01 -2.479767413310005172e-16 -2.177122271396233512e-16 8.417514415886331576e-18 9.999999999999318323e-01
2.835500513955076518e-01 -9.589494981191243328e-01 -3.902359633497436142e-03 -5.175807728684932130e+01 9.589569940743621901e-01 2.835514889366821945e-01 1.914095935591883957e-04 6.544457458487291035e+01 9.229677507597194895e-04 -3.796469264028100397e-03 9.999923674467260382e-01 -9.842567949887859324e-01 -2.523170724881412122e-16 -2.308194230159558330e-16 8.590359842461393839e-18 9.999999999999306111e-01
2.830278056760543448e-01 -9.591082005696659474e-01 -2.592453324933248048e-03 -5.150487080869012146e+01 9.591020713825898492e-01 2.830360434887254639e-01 -3.716820664842779808e-03 6.629756115332726552e+01 4.298590911709558246e-03 -1.434463757045514355e-03 9.999897321622621682e-01 -9.943584965712325419e-01 -2.576064531768852126e-16 -2.450410083371695638e-16 8.813736888118267525e-18 9.999999999999291678e-01
2.836331703607685717e-01 -9.589217493467898645e-01 -4.615549893620509228e-03 -5.125874737824801741e+01 9.589308829310340121e-01 2.836390679423024808e-01 -6.640014410701120754e-04 6.715381425902373280e+01 1.945875693301280657e-03 -4.237660500848191777e-03 9.999891278415554696e-01 -9.978372518490298271e-01 -2.634299922182938012e-16 -2.589651400197882631e-16 9.083116135110457226e-18 9.999999999999277245e-01
2.839145340659295358e-01 -9.588390252394699553e-01 -4.501224719986095767e-03 -5.101035013871376833e+01 9.588411895354997938e-01 2.838892671264801604e-01 5.518809701836110450e-03 6.801674621127557430e+01 -4.013800728068258120e-03 -5.882829949974675322e-03 9.999746405362206492e-01 -9.899411839076691644e-01 -2.675792202204586123e-16 -2.751823457453527497e-16 9.292109842400375893e-18 9.999999999999263922e-01
2.832384902000434912e-01 -9.590430469856848772e-01 -3.520184319680828237e-03 -5.075495087271513484e+01 9.590173573859162026e-01 2.831970330918776035e-01 9.227604265541764286e-03 6.887630071105439811e+01 -7.852763955939008958e-03 -5.989530564108630321e-03 9.999512286216368784e-01 -9.843687295911621726e-01 -2.708491376784786564e-16 -2.927397383998980553e-16 9.431979795518425771e-18 9.999999999999248379e-01
2.832390463547250214e-01 -9.590419523304010152e-01 -3.765141483388207561e-03 -5.050816807765981764e+01 9.590075117700792573e-01 2.831878419968413829e-01 1.045172300269166070e-02 6.972326267234386421e+01 -8.957398542230213950e-03 -6.571135021494240065e-03 9.999382906939461302e-01 -9.908328588200692177e-01 -2.741299779118400541e-16 -3.103210355960577215e-16 9.569824087667394628e-18 9.999999999999231726e-01
2.836292136327177582e-01 -9.589230378006239341e-01 -4.590942097312061820e-03 -5.025363081485102157e+01 9.588796460904213115e-01 2.835588923834695407e-01 1.200745034393897563e-02 7.058869658780994882e+01 -1.021241830394520322e-02 -7.807824632279418593e-03 9.999173687795118726e-01 -1.009415439875914533e+00 -2.782941855991914468e-16 -3.288473536110148789e-16 9.673986562901248646e-18 9.999999999999215072e-01
2.836171906908395157e-01 -9.589103932237200700e-01 -7.221281894437854912e-03 -5.000995557132797842e+01 9.588886603636989081e-01 2.835186127430112113e-01 1.223655401596191600e-02 7.144563310926059785e+01 -9.686390998217385070e-03 -1.039490239561211872e-02 9.998990548218656960e-01 -1.021138965084050110e+00 -2.809031973870224523e-16 -3.496432242465964290e-16 9.723631176005186219e-18 9.999999999999198419e-01
2.838125719105197842e-01 -9.588306296554136576e-01 -9.708123411513553194e-03 -4.976398728054874709e+01 9.588618491906489849e-01 2.837308116382546985e-01 8.987808063487295190e-03 7.229376717560707277e+01 -5.863291929707453026e-03 -1.185960208887387561e-02 9.999124819933418173e-01 -1.029469171769327840e+00 -2.829940198452394486e-16 -3.711521823833808954e-16 9.707588630649077845e-18 9.999999999999180655e-01
2.838522596740674087e-01 -9.588163598787986519e-01 -9.954029673115757232e-03 -4.951245360443324017e+01 9.588650603942779904e-01 2.838619123875580352e-01 4.589670571343462029e-04 7.313133745773995997e+01 2.385504775942482673e-03 -9.674850099965130387e-03 9.999503520888177732e-01 -1.026923006299681251e+00 -2.857533750100014178e-16 -3.930208213686405135e-16 9.659722674405439673e-18 9.999999999999160671e-01
2.835378432165119311e-01 -9.589156899784692101e-01 -9.326895372300404025e-03 -4.925906762492066093e+01 9.589201726350256028e-01 2.836021470725304527e-01 -6.474927757858722072e-03 7.397461090462978461e+01 8.854037371588433999e-03 -7.107861069112582884e-03 9.999355400891031254e-01 -1.024988188840564307e+00 -2.887813778959459818e-16 -4.131451958956646802e-16 9.689804955488201132e-18 9.999999999999142908e-01
2.836112170204141414e-01 -9.588901647242373816e-01 -9.712341394796314767e-03 -4.900754480013331005e+01 9.589031713572127025e-01 2.836739489863033814e-01 -5.813658710590090435e-03 7.483215637802179288e+01 8.329798396008778957e-03 -7.664376142526021889e-03 9.999359338462977531e-01 -1.021315508783764869e+00 -2.938034383312214873e-16 -4.294625612350417806e-16 9.810410746073217158e-18 9.999999999999124034e-01
2.838277730663931187e-01 -9.588390045659407335e-01 -8.340177409143985018e-03 -4.875639687447591086e+01 9.588726894481796048e-01 2.838364742492114345e-01 1.460006814624026459e-04 7.568780528114794492e+01 2.227255402340680337e-03 -8.038607391070274819e-03 9.999652094571204186e-01 -1.013113682744574140e+00 -2.980571114419625300e-16 -4.466951532174120239e-16 9.903954428464104496e-18 9.999999999999107381e-01
2.835246905561507047e-01 -9.589361602956903985e-01 -7.429018942515925455e-03 -4.850458031474970255e+01 9.589519945952786895e-01 2.834721083613342407e-01 7.391606247915332578e-03 7.654809299260699618e+01 -4.982158851106447892e-03 -9.219775406968725578e-03 9.999450854095257579e-01 -1.009951421296147123e+00 -3.024092416290701040e-16 -4.610819469663093034e-16 9.982282645720940681e-18 9.999999999999090727e-01
2.834191725890163327e-01 -9.589675211040948888e-01 -7.407163862014194862e-03 -4.825502426982024673e+01 9.589548699345388227e-01 2.833268800253500030e-01 1.146457517490532749e-02 7.740090710944332386e+01 -8.895506609133475504e-03 -1.035241626804202057e-02 9.999068443808227791e-01 -1.014841351324235141e+00 -3.070109095400187235e-16 -4.748970045108099313e-16 1.000804673293950022e-17 9.999999999999074074e-01
2.832822324743857201e-01 -9.590090360735024078e-01 -7.269490611867678899e-03 -4.800341830598741666e+01 9.589936658018840543e-01 2.831897025773773002e-01 1.160781228356439453e-02 7.825307133216816169e+01 -9.073351984723141903e-03 -1.025968242822362583e-02 9.999062022011199202e-01 -1.022532791535992747e+00 -3.124664131528437154e-16 -4.889987708776116843e-16 9.978341951333686830e-18 9.999999999999057421e-01
2.839258031992185072e-01 -9.587927192318663749e-01 -1.013211851981273871e-02 -4.775704846658754121e+01 9.588276226919802969e-01 2.838385613328087698e-01 9.233691752371649825e-03 7.910390813945195987e+01 -5.977310479891446461e-03 -1.233663846047661564e-02 9.999060351407803582e-01 -1.033774130459069740e+00 -3.182504346492512063e-16 -5.019342007063341096e-16 9.914534080727742791e-18 9.999999999999040767e-01
2.842564509509398207e-01 -9.586646712732165287e-01 -1.266168019855896942e-02 -4.750888503148095054e+01 9.587415344714366183e-01 2.841801095280999667e-01 7.505693036896492719e-03 7.995467880560131846e+01 -3.597245082260691965e-03 -1.427282036715391347e-02 9.998916673453266402e-01 -1.041815509316313060e+00 -3.229576328257623869e-16 -5.165147434466237378e-16 9.845010720079425833e-18 9.999999999999024114e-01
2.834029198472361455e-01 -9.589165014747551563e-01 -1.272510202463658646e-02 -4.725501721363220753e+01 9.589963623311692498e-01 2.833356626881589624e-01 6.846844868974524649e-03 8.080984920731793864e+01 -2.960077312975210612e-03 -1.414374237953383052e-02 9.998955907962756573e-01 -1.047037544122675801e+00 -3.275668239813979951e-16 -5.301129028201956039e-16 9.741241379842954074e-18 9.999999999999007461e-01
2.824864675247550361e-01 -9.591901202687644901e-01 -1.247833499470174697e-02 -4.700217129514514625e+01 9.592612251477701246e-01 2.824000350326455466e-01 8.253613849261185603e-03 8.166759806826300405e+01 -4.392902621074269882e-03 -1.430151713541930394e-02 9.998880782438687165e-01 -1.052764575854452600e+00 -3.323861754765774592e-16 -5.450331685381124784e-16 9.663283626302496153e-18 9.999999999998987477e-01
2.823891041302930560e-01 -9.592025529978763787e-01 -1.366953513870852038e-02 -4.675671418498428267e+01 9.592661482114724913e-01 2.822308645883816469e-01 1.241756696103092292e-02 8.252170229753079411e+01 -8.052997210325974625e-03 -1.661930792996019549e-02 9.998294593778924710e-01 -1.055662281476913433e+00 -3.369367596069120407e-16 -5.618032093564426308e-16 9.552619357549865891e-18 9.999999999998969713e-01
2.822355707636170496e-01 -9.592503165292806111e-01 -1.348750659954601333e-02 -4.650510957141122503e+01 9.592974459640983831e-01 2.820534721487069629e-01 1.393732455053945003e-02 8.337400253952790763e+01 -9.565184919647440678e-03 -1.687213938281442033e-02 9.998119013845196967e-01 -1.060700107073161869e+00 -3.416058787016373496e-16 -5.777890878660033903e-16 9.347607632309636557e-18 9.999999999998950839e-01
2.812525254543437603e-01 -9.595563709270720221e-01 -1.218966524906044818e-02 -4.624915446025659804e+01 9.595918713744805428e-01 2.810988179102115181e-01 1.291878328307175840e-02 8.422743222560374932e+01 -8.969800311667075823e-03 -1.533054411194271702e-02 9.998422461066691636e-01 -1.068712643227220482e+00 -3.465332860174498028e-16 -5.917921266952866485e-16 9.094814592961287476e-18 9.999999999998929745e-01
2.806449258390598112e-01 -9.597060456938770745e-01 -1.423837980508281705e-02 -4.601067140699370839e+01 9.597816686163670452e-01 2.804880011835047537e-01 1.206771643998798792e-02 8.507929816794798228e+01 -7.587765733557689206e-03 -1.705247931307060649e-02 9.998258042081520358e-01 -1.084004513010553561e+00 -3.515201354748563661e-16 -6.060730239624275739e-16 8.857476845843048033e-18 9.999999999998909761e-01
2.798877250274705020e-01 -9.599322699466015241e-01 -1.388879023442252635e-02 -4.576197027941741169e+01 9.600072654416113016e-01 2.797456182829953231e-01 1.133310861132836439e-02 8.593506627121570318e+01 -6.993688463493297203e-03 -1.650533751996177342e-02 9.998393181682020403e-01 -1.097169662572795135e+00 -3.559449503930241776e-16 -6.199099289049760265e-16 8.600335188643627264e-18 9.999999999998888667e-01
2.784853741851300302e-01 -9.603951009406909156e-01 -9.335226518512193539e-03 -4.550861255661212112e+01 9.604242691711071256e-01 2.784110671018053540e-01 8.514746172988746711e-03 8.677941043707598112e+01 -5.578490133636686971e-03 -1.133701038067303282e-02 9.999201731355777945e-01 -1.094898073095276425e+00 -3.622493519053632935e-16 -6.344133851147107001e-16 8.260020842059538623e-18 9.999999999998866462e-01
2.770532734688654353e-01 -9.607490395744359146e-01 -1.423961435745505454e-02 -4.526955028670169412e+01 9.608538003518890536e-01 2.770040056110089632e-01 5.362389840337103246e-03 8.762956536716660594e+01 -1.207480673556739605e-03 -1.516785522979616219e-02 9.998842323780174901e-01 -1.099230082912546758e+00 -3.673312822201499284e-16 -6.512542754775151580e-16 7.954250843634838816e-18 9.999999999998840927e-01
2.764082409302605625e-01 -9.607906300731322569e-01 -2.190546757267607114e-02 -4.503756512728280370e+01 9.610323157787519222e-01 2.764271196397742880e-01 2.221611261892349459e-03 8.848155814841108224e+01 3.920762021386702684e-03 -2.166593389052494031e-02 9.997575780827316905e-01 -1.109359501163192707e+00 -3.725837919612960477e-16 -6.708880395710464297e-16 7.562390309321279705e-18 9.999999999998815392e-01
2.750987810795946786e-01 -9.611400647877428316e-01 -2.303120727189330447e-02 -4.480278319582849633e+01 9.614029156597944104e-01 2.751409210282214635e-01 1.381063575746613878e-03 8.932912107433568849e+01 5.009432046512273494e-03 -2.252219872865417888e-02 9.997337926443341516e-01 -1.110402925824971465e+00 -3.776378791555083241e-16 -6.902094687225735988e-16 7.052166400098169920e-18 9.999999999998788747e-01
2.737088045810451842e-01 -9.615734803109140527e-01 -2.144603127941619586e-02 -4.456373639551499366e+01 9.618099244463758080e-01 2.736926506835927198e-01 3.741951129745730090e-03 9.018390170341774592e+01 2.271460176524508871e-03 -2.165121069506315346e-02 9.997630046886766264e-01 -1.097204331474450845e+00 -3.819953491817688112e-16 -7.056209249336061598e-16 6.609600788509992177e-18 9.999999999998767652e-01
2.733024052397344250e-01 -9.617473316574379760e-01 -1.865114849119354351e-02 -4.432492239035141068e+01 9.619261883560813464e-01 2.732111547657414263e-01 7.326190437213807478e-03 9.103672078050168182e+01 -1.950242287217577013e-03 -1.994329364434208052e-02 9.997992106386475175e-01 -1.088482984914800777e+00 -3.857198558191378410e-16 -7.195685008988527175e-16 6.219518237564061444e-18 9.999999999998747668e-01
2.722361239449792025e-01 -9.620330333797728617e-01 -1.949193437280078225e-02 -4.409295475565082967e+01 9.622213523250574552e-01 2.720894579398497326e-01 9.868941571881824013e-03 9.189454132259552921e+01 -4.190697938949761864e-03 -2.144223785260669299e-02 9.997613057558704108e-01 -1.092327974653824141e+00 -3.890189970545103691e-16 -7.348984738079988769e-16 5.847270775513385340e-18 9.999999999998724354e-01
2.712349289124878493e-01 -9.623521585760518304e-01 -1.760500559268313864e-02 -4.386161151422769677e+01 9.624999107246542396e-01 2.710897903102217343e-01 1.021016378938489379e-02 9.274814759676547737e+01 -5.053235887597812628e-03 -1.971416936087400096e-02 9.997928867187950708e-01 -1.103497209913949506e+00 -3.936366964646034719e-16 -7.524332955883816481e-16 5.378960961248241301e-18 9.999999999998699929e-01
2.698742511035239211e-01 -9.627898235087357648e-01 -1.427040081412401726e-02 -4.362720820346217465e+01 9.628742636366135477e-01 2.697400370656928281e-01 1.065198714147243091e-02 9.359518760456073494e+01 -6.406326375410506882e-03 -1.661529872827929161e-02 9.998414328435125675e-01 -1.116169454818229712e+00 -3.974752350909725953e-16 -7.702783791624551959e-16 4.898775978899396599e-18 9.999999999998674394e-01
2.689800117227576504e-01 -9.630372968890396068e-01 -1.445399925078187479e-02 -4.339909554670365566e+01 9.631097203916629823e-01 2.688098365354525954e-01 1.268614476079029003e-02 9.444746836583234995e+01 -8.331853382487274667e-03 -1.733310654344719093e-02 9.998150547160171708e-01 -1.121593767856511548e+00 -4.027560150922640262e-16 -7.861417247199162921e-16 4.449349028680573412e-18 9.999999999998646638e-01
2.686958302998312398e-01 -9.630323441784618410e-01 -1.926797461290731886e-02 -4.318219380189372458e+01 9.631900952682179717e-01 2.684618264142169530e-01 1.389561569562974483e-02 9.529774845758467450e+01 -8.209211701279986451e-03 -2.229241629990819790e-02 9.997177886877780528e-01 -1.119345637352764378e+00 -4.086355866237855937e-16 -7.977084383216820396e-16 4.025276003009521144e-18 9.999999999998618883e-01
2.682865563482913496e-01 -9.630470972744958891e-01 -2.371944590423481769e-02 -4.296341565354835268e+01 9.633119854973450913e-01 2.680127409800661664e-01 1.411344286602910988e-02 9.615202143850191874e+01 -7.234796473354408557e-03 -2.663567351366282268e-02 9.996190267379304606e-01 -1.122350711748333119e+00 -4.157141963354928876e-16 -8.094951369773106520e-16 3.543954675448616872e-18 9.999999999998588907e-01
2.687115864420128730e-01 -9.628607391974435270e-01 -2.633021503955133499e-02 -4.273644258421473552e+01 9.632073322538020621e-01 2.684635281421010045e-01 1.260829687262711614e-02 9.699911733192128338e+01 -5.071331620537962263e-03 -2.874945164090330491e-02 9.995737844831492636e-01 -1.131620417200850381e+00 -4.222594914143423326e-16 -8.226689563179716134e-16 3.008772093704059468e-18 9.999999999998555600e-01
2.702353496302462021e-01 -9.623967671836869409e-01 -2.766438729964333307e-02 -4.250447923677219109e+01 9.627827636309440607e-01 2.699799033824405448e-01 1.265708595172826065e-02 9.784509969976916466e+01 -4.712309991614496707e-03 -3.005518730598571650e-02 9.995371328022618629e-01 -1.144420080035225107e+00 -4.311787286396092400e-16 -8.338629384814671808e-16 2.474404716413237865e-18 9.999999999998520073e-01
2.713518352738978345e-01 -9.621091005290868248e-01 -2.672564634684435059e-02 -4.226528944559468215e+01 9.624499919370816947e-01 2.710186019623123665e-01 1.545737399187363005e-02 9.869682455539997079e+01 -7.628532878399640720e-03 -2.991648491225680148e-02 9.995232910826229444e-01 -1.156583968408034124e+00 -4.411906115463584905e-16 -8.450685248792169280e-16 1.860737377687313702e-18 9.999999999998484546e-01
