1 0 0 0 0 1 0 0 0 0 1 0
0.99994231 -0.0023687045 0.010476693 0.0099472348 0.0023572515 0.99999661 0.001105421 -0.0092997343 -0.010479277 -0.001080661 0.99994451 0.28664008
0.99986164 -0.0040563649 0.016132068 0.032295142 0.0040339788 0.99999086 0.0014199924 -0.011838328 -0.016137682 -0.0013547195 0.99986886 0.55897375
0.99979141 -0.0074603641 0.019012841 0.035909719 0.0074687029 0.99997204 -0.00036759399 -0.017375505 -0.019009569 0.0005095186 0.99981917 0.87358749
0.99982433 -0.0081857735 0.01686102 0.030684294 0.0082080151 0.99996553 -0.0012502986 -0.021361963 -0.016850206 0.0013884745 0.99985706 1.1769559
0.99987878 -0.01123373 0.010781309 0.035329572 0.011269183 0.99993127 -0.0032332378 -0.023178074 -0.010744247 0.0033543425 0.99993665 1.5018351
0.99992501 -0.012195467 -0.0011154703 0.019534638 0.012190298 0.99991543 -0.0045301859 -0.032740387 0.0011706238 0.0045162484 0.99998912 1.8253805
0.99978348 -0.011567746 -0.017296565 -0.005055646 0.011485553 0.99992231 -0.0048438229 -0.040480346 0.017351255 0.0046441136 0.99983867 2.1560544
0.99928924 -0.0080298564 -0.036831179 -0.035618872 0.0078366749 0.99995479 -0.0053864379 -0.043567795 0.036872769 0.0050939756 0.99930699 2.4876416
0.99839647 -0.0039276732 -0.056471783 -0.086576008 0.0035770199 0.9999737 -0.0063090996 -0.049167132 0.056495082 0.0060969822 0.99838426 2.8395125
0.99712908 -0.0031570428 -0.075654671 -0.12973988 0.0026776286 0.99997569 -0.0064374731 -0.055238493 0.075673162 0.0062164166 0.9971133 3.1953897
0.99525513 -0.0045052216 -0.097195262 -0.18108091 0.003939804 0.99997419 -0.0060084768 -0.062668123 0.09721983 0.0055970372 0.99524719 3.5772314
0.99316095 -0.0056817459 -0.11661497 -0.23901218 0.0050963905 0.99997288 -0.0053171226 -0.072696979 0.11664202 0.0046864431 0.99316297 3.9653764
0.99104694 -0.0045226254 -0.13343726 -0.31195308 0.0039246289 0.99998104 -0.0047441659 -0.076609713 0.1334562 0.0041779994 0.99104591 4.3651229
0.98869124 -0.0036605904 -0.14992076 -0.38877373 0.003077129 0.99998676 -0.004123589 -0.084994881 0.14993389 0.0036156307 0.98868942 4.7780291
0.98666462 -0.0028880468 -0.16274087 -0.47977681 0.0022612679 0.9999893 -0.0040364973 -0.093053574 0.1627508 0.0036146683 0.98666059 5.1951827
0.98447538 -0.0041904778 -0.17547268 -0.56730508 0.0033852316 0.99998232 -0.0048880926 -0.10080234 0.17549008 0.0042181911 0.98447216 5.6373488
0.9827955 -0.0072920936 -0.18455305 -0.65406017 0.0061393619 0.99995792 -0.0068167383 -0.11485716 0.18459501 0.0055664217 0.98279891 6.086242
0.98123396 -0.0065933341 -0.19270815 -0.7554908 0.0050171757 0.99994986 -0.0086658538 -0.12089276 0.19275564 0.0075363794 0.98121785 6.5295388
0.97963986 -0.0064716927 -0.20065854 -0.86676676 0.0044355455 0.99993403 -0.010595257 -0.12563643 0.20071389 0.0094895058 0.97960394 7.0010587
0.97810025 -0.0070127136 -0.20801616 -0.97365823 0.0043600367 0.99990326 -0.013208024 -0.13625598 0.20808868 0.012011814 0.97803621 7.4859313
0.97630635 -0.010886313 -0.21611893 -1.0899092 0.0078521806 0.99985826 -0.014892897 -0.1480571 0.21625045 0.012843025 0.97625345 7.9850236
0.9743826 -0.016561801 -0.22428607 -1.2059219 0.013269575 0.99978107 -0.016178148 -0.16371055 0.22450493 0.012787525 0.97438905 8.4897855
0.97258305 -0.017281209 -0.23191283 -1.3346971 0.013428857 0.99974455 -0.018179747 -0.18944991 0.23216778 0.014566989 0.97256667 9.0158009
0.97047776 -0.014023967 -0.24078255 -1.4907804 0.0087355037 0.99969691 -0.023017053 -0.19362395 0.24103238 0.020234181 0.97030613 9.5469996
0.96837174 -0.011009005 -0.24926886 -1.6429237 0.0047177205 0.99965542 -0.025822335 -0.21157843 0.24946727 0.023829639 0.96808999 10.089162
0.96604735 -0.013349555 -0.25801998 -1.7958343 0.0063894452 0.99959323 -0.02779482 -0.23665755 0.2582861 0.025202508 0.96573968 10.651449
0.96380045 -0.015748942 -0.26615909 -1.9652633 0.008161779 0.99952885 -0.029588304 -0.2629853 0.2664997 0.026344889 0.96347489 11.22453
0.96168234 -0.015238573 -0.27374232 -2.128991 0.0066356885 0.99945537 -0.03232547 -0.28710648 0.27408585 0.029270365 0.96125969 11.785445
0.9590527 -0.014439709 -0.28285934 -2.327928 0.0045033849 0.99935073 -0.035746921 -0.30911106 0.28319188 0.033009357 0.95849504 12.366094
0.95698129 -0.015541903 -0.28973306 -2.5078198 0.003797555 0.99914974 -0.041053304 -0.34051644 0.29012478 0.038186967 0.95622663 12.948465
0.95522071 -0.016589058 -0.29542883 -2.7084769 0.0025045611 0.9988447 -0.047989508 -0.37891491 0.29588365 0.045100653 0.95415869 13.57528
0.95373849 -0.016894671 -0.30016238 -2.9208386 -5.9314778e-05 0.99840915 -0.056384031 -0.41385793 0.30063748 0.053793426 0.95222024 14.192906
0.95258595 -0.016930824 -0.3037982 -3.1281719 -0.0029307954 0.99789378 -0.064802879 -0.46033483 0.30425553 0.062620684 0.95052997 14.802847
0.95148981 -0.016434046 -0.30724104 -3.3542631 -0.0066013686 0.99725226 -0.073785792 -0.50759947 0.30760945 0.072234642 0.94876688 15.454024
0.94980048 -0.015410443 -0.31247648 -3.5695956 -0.010463594 0.99666262 -0.080957573 -0.56681389 0.31268124 0.08016317 0.94646939 16.07317
0.9483501 -0.014569736 -0.31689085 -3.8132974 -0.013932226 0.99606789 -0.087490921 -0.63321146 0.31691954 0.08738702 0.94441809 16.760776
0.94657866 -0.012886989 -0.32221538 -4.0638899 -0.018237611 0.99546251 -0.093390471 -0.69962706 0.32195688 0.094277867 0.94204854 17.432542
0.94509133 -0.011076726 -0.32661855 -4.3028252 -0.022382367 0.99488485 -0.098504649 -0.77354243 0.32603899 0.10040639 0.94000912 18.092199
0.94312085 -0.0086594584 -0.33233727 -4.5798776 -0.026794954 0.9944285 -0.10195092 -0.84970677 0.33136852 0.105057 0.93763423 18.794388
0.94165781 -0.0078091474 -0.33648118 -4.8334488 -0.028696118 0.99422772 -0.10338169 -0.93292593 0.33534627 0.10700588 0.9359982 19.497532
0.93941967 -0.0068042589 -0.34270157 -5.1167023 -0.030091098 0.99430577 -0.10222795 -1.0164197 0.34144577 0.10634722 0.93386566 20.202222
0.9371544 -0.0068901994 -0.34884687 -5.3976765 -0.030222587 0.99444426 -0.10083263 -1.100128 0.34760355 0.1050388 0.93173957 20.932915
0.93479343 -0.0067131253 -0.35512837 -5.6693806 -0.030481974 0.99461664 -0.099038362 -1.1868242 0.35388148 0.10340543 0.92955647 21.645642
0.93187839 -0.0067964214 -0.36270713 -5.9560288 -0.030007896 0.99495389 -0.095740697 -1.2702513 0.36152759 0.10010277 0.92697209 22.357579
0.92786807 -0.0033668181 -0.37289342 -6.3015536 -0.032756497 0.99535808 -0.090494746 -1.3558333 0.37146719 0.096181869 0.9234507 23.154326
0.92469782 -0.0010694742 -0.3807004 -6.6023312 -0.033894395 0.99579362 -0.085124802 -1.4359427 0.3791901 0.09161833 0.92077194 23.870365
0.92124529 0.00063362596 -0.38898163 -6.953226 -0.034858601 0.99610965 -0.080934821 -1.5089106 0.3874171 0.088120179 0.91768341 24.622492
0.91732932 0.0015133033 -0.39812639 -7.2831989 -0.035920491 0.99622897 -0.078978237 -1.5848057 0.39650556 0.086749949 0.9139244 25.359724
0.91357676 0.0037281415 -0.40664923 -7.6431917 -0.039014508 0.99614904 -0.078517204 -1.6669135 0.40479055 0.087596713 0.91020407 26.126859
0.90919698 0.0042647332 -0.41634439 -7.983768 -0.040017214 0.99621349 -0.07718356 -1.7335596 0.41443877 0.086836003 0.90592496 26.884964
0.9055914 0.0044976458 -0.4241273 -8.3874787 -0.040323822 0.9963276 -0.075533396 -1.8087113 0.42223005 0.085504829 0.90244708 27.676687
0.9020314 0.0046887178 -0.43164493 -8.7866161 -0.040187652 0.99651036 -0.073157735 -1.8824538 0.42979567 0.083337372 0.89907207 28.470443
0.89831028 0.0045145631 -0.43933842 -9.1558484 -0.038783651 0.99685855 -0.069056945 -1.9530939 0.43764653 0.079073712 0.89566337 29.21343
0.89453213 0.0038073597 -0.44698743 -9.5916061 -0.036018086 0.99732618 -0.063586023 -2.0132175 0.44555021 0.072979373 0.89227745 30.043673
0.89122968 0.0047956584 -0.45352689 -10.003246 -0.035617488 0.99759604 -0.05944351 -2.0837183 0.4521516 0.06913131 0.88925801 30.824698
0.8872468 0.003664423 -0.46128046 -10.435444 -0.033848178 0.99779001 -0.057178577 -2.1467347 0.46005155 0.066345014 0.88541004 31.649511
0.88340607 0.00496343 -0.46858197 -10.894436 -0.035378007 0.99779658 -0.056128174 -2.2113932 0.46727094 0.066161466 0.88163516 32.457829
0.8807719 0.0053742086 -0.47351025 -11.326124 -0.035326616 0.99789494 -0.054384869 -2.266734 0.47222125 0.06462818 0.87910768 33.263397
0.87754765 0.0033895053 -0.47947744 -11.807533 -0.032799685 0.99805702 -0.052975097 -2.3298832 0.47836631 0.062214882 0.87595377 34.117452
0.87557199 0.0027115336 -0.48308003 -12.285576 -0.032198102 0.99808821 -0.052756071 -2.3933082 0.48201347 0.061745999 0.87398539 34.980114
0.87310134 0.0026753519 -0.48753141 -12.770763 -0.032793447 0.99804251 -0.053251718 -2.4543108 0.48643464 0.062481982 0.87147998 35.803004
0.87095481 0.0020262042 -0.49135892 -13.272127 -0.032629996 0.99802263 -0.053722545 -2.5120818 0.49027851 0.06282295 0.86929873 36.672907
0.87139453 0.0028185548 -0.49057478 -13.754159 -0.032995222 0.99805592 -0.05287426 -2.5747489 0.48947207 0.062260966 0.86979347 37.527583
0.87141571 0.0013318845 -0.49054344 -14.279737 -0.030348088 0.99822716 -0.05120092 -2.6328434 0.48960563 0.059504342 0.86991125 38.441641
0.87113953 0.00024684923 -0.49103547 -14.803076 -0.028863014 0.99829658 -0.050703632 -2.7001505 0.49018656 0.058342702 0.86966274 39.341536
0.87063119 -0.00094762162 -0.49193538 -15.302321 -0.027771845 0.99830866 -0.051073886 -2.7618956 0.49115179 0.058128472 0.86913234 40.238534
0.86899519 -0.0018451612 -0.49481707 -15.853599 -0.027501042 0.99826732 -0.052019699 -2.8295363 0.49405574 0.058812854 0.86743876 41.158883
0.867621 -0.0041301459 -0.49720893 -16.367891 -0.023844547 0.99846943 -0.049902267 -2.8872588 0.49665406 0.055151977 0.86619457 42.045919
0.86535346 -0.0028146279 -0.50115412 -16.903461 -0.02363601 0.99864227 -0.046421464 -2.9561058 0.50060439 0.052016259 0.86411202 42.982465
0.86269337 -0.0034155284 -0.50571579 -17.429819 -0.020652499 0.99890509 -0.041977256 -3.0169781 0.50530549 0.046657796 0.86167827 43.878071
0.85965457 -0.0053244456 -0.51084797 -17.996023 -0.017485435 0.99905317 -0.039837365 -3.0797109 0.51057644 0.043178773 0.85874753 44.803282
0.85396174 -0.0079781534 -0.52027462 -18.589014 -0.016249776 0.99898584 -0.041990801 -3.1435763 0.52008203 0.044312884 0.85296604 45.710664
0.84806017 -0.010252055 -0.52980074 -19.120962 -0.016368337 0.9988289 -0.045529159 -3.2027764 0.5296471 0.047283424 0.8468992 46.579279
0.84155207 -0.011328854 -0.54005717 -19.726248 -0.015667476 0.99884752 -0.045367037 -3.2639037 0.53994876 0.046640057 0.8404047 47.484128
0.83618326 -0.0072414977 -0.54840231 -20.298463 -0.017596326 0.99904384 -0.040022307 -3.3210106 0.54816782 0.04311585 0.8352563 48.364064
0.83069321 -0.0055055516 -0.5567032 -20.890667 -0.016714341 0.99925373 -0.034822742 -3.3786296 0.55647951 0.038231943 0.82998127 49.225448
0.82639143 -0.0035016904 -0.56308517 -21.515303 -0.020442789 0.99913489 -0.03621549 -3.4360908 0.56272491 0.041439203 0.82560493 50.120863
0.82354504 -0.0053632677 -0.5672255 -22.135356 -0.02161542 0.99893234 -0.040828228 -3.4934975 0.56683892 0.045884702 0.82254985 51.00754
0.82052191 -0.006834396 -0.57157419 -22.723235 -0.02489351 0.99855263 -0.047675652 -3.5591511 0.57107279 0.053347406 0.81916418 51.832575
0.816855 -0.0077322479 -0.57679121 -23.371266 -0.025457402 0.99845272 -0.0494378 -3.6217872 0.57628106 0.055067121 0.81539425 52.68955
0.81372786 -0.0062399324 -0.58121252 -23.982602 -0.024972073 0.99864378 -0.045683702 -3.6836138 0.58070938 0.051688183 0.81246844 53.524249
0.8101554 -0.006153832 -0.58618284 -24.612565 -0.021291686 0.99897623 -0.039914347 -3.7460576 0.5858284 0.044817645 0.80919497 54.439385
0.80872766 -0.0047964393 -0.58816369 -25.290858 -0.021059302 0.99908948 -0.037104145 -3.8071613 0.58780617 0.042393466 0.80789029 55.319538
0.80475753 -0.002807165 -0.593597 -25.909495 -0.024007549 0.99901673 -0.037272188 -3.8613704 0.59311801 0.044245884 0.80389885 56.145317
0.80130133 -0.003731571 -0.59824929 -26.567995 -0.024562299 0.99893221 -0.03912982 -3.9192501 0.59775655 0.046049156 0.80035405 57.023369
0.79793136 -0.0051387333 -0.6027264 -27.242513 -0.025012691 0.99881999 -0.0416293 -3.9896012 0.60222915 0.048293133 0.79686125 57.892903
0.7953712 -0.007779139 -0.60607269 -27.903831 -0.022589525 0.99884253 -0.042465518 -4.0336692 0.60570157 0.047466745 0.79427486 58.673192
0.78903073 -0.007288254 -0.61431047 -28.569387 -0.022856649 0.9988891 -0.041208404 -4.099241 0.61392843 0.046555776 0.78798761 59.545505
0.78486053 -0.0069061799 -0.61963393 -29.244759 -0.02306784 0.99891919 -0.040352457 -4.1563372 0.61924296 0.045964668 0.78385294 60.378781
0.77935445 -0.0090468023 -0.62651797 -29.937042 -0.021635166 0.99891099 -0.041337062 -4.2195637 0.62620971 0.045771044 0.77831 61.236671
0.77438519 -0.010662794 -0.63262457 -30.647691 -0.0207447 0.99889255 -0.042229427 -4.2775613 0.63237431 0.04582545 0.77330641 62.084492
0.76866858 -0.011092975 -0.63955103 -31.312796 -0.021240403 0.99885555 -0.04285367 -4.3383628 0.63929452 0.046524592 0.76755326 62.874432
0.76378059 -0.010343798 -0.64539304 -32.032288 -0.023609486 0.99875483 -0.043947458 -4.4104739 0.64504406 0.048803613 0.76258534 63.736766
0.75701468 -0.014755159 -0.65323121 -32.762884 -0.019603985 0.998782 -0.045279053 -4.4679661 0.65310373 0.047082844 0.75580338 64.540051
0.75099861 -0.014692037 -0.66014029 -33.506183 -0.020056586 0.99878356 -0.045045928 -4.5301424 0.65999914 0.04706959 0.74979039 65.34997
0.74458564 -0.015199199 -0.66735386 -34.235498 -0.018583344 0.99888128 -0.043483805 -4.5939586 0.66726826 0.044779083 0.74347021 66.185949
0.7379775 -0.015366235 -0.67465031 -34.973583 -0.01834565 0.99891437 -0.042819559 -4.6632416 0.67457593 0.043976771 0.73689443 67.004573
0.73145702 -0.017217612 -0.68167011 -35.731124 -0.016876834 0.99891782 -0.043340109 -4.7208196 0.68167869 0.04320586 0.73037487 67.787426
0.72555244 -0.018480892 -0.68791865 -36.529228 -0.01730159 0.99883347 -0.045081701 -4.7924487 0.68794938 0.044611225 0.72438632 68.609734
0.72003968 -0.017644059 -0.69370851 -37.301641 -0.01916796 0.99878956 -0.04529913 -4.8526958 0.69366814 0.045914149 0.71882991 69.363279
0.71456229 -0.018953582 -0.69931498 -38.094858 -0.016917399 0.99887242 -0.044358758 -4.915639 0.69936726 0.043527687 0.71343592 70.156605
0.71090368 -0.015979741 -0.70310779 -38.921022 -0.020997038 0.99881393 -0.043930189 -4.9829075 0.7029759 0.045993314 0.70972497 70.982341
0.704949 -0.016952059 -0.70905536 -39.748492 -0.021234379 0.99876175 -0.044989747 -5.0549717 0.70894009 0.046771827 0.70371612 71.794497
0.69932063 -0.021164217 -0.71449471 -40.573482 -0.018041986 0.99872051 -0.047242155 -5.1166338 0.71458043 0.045928317 0.69804401 72.560606
0.69554344 -0.021169035 -0.71817209 -41.378227 -0.021423667 0.99851034 -0.050180994 -5.1904997 0.7181646 0.050288941 0.6940538 73.350836
0.69012288 -0.021713767 -0.72336635 -42.25962 -0.022265784 0.9984395 -0.051213341 -5.2639953 0.72334963 0.051449818 0.68856246 74.143462
0.68518565 -0.02222764 -0.7280292 -43.083404 -0.020349771 0.99855987 -0.049639491 -5.3351063 0.72808417 0.048827495 0.68374657 74.949274
0.68068781 -0.022686892 -0.73222221 -43.96438 -0.018724449 0.998655 -0.048348549 -5.4048486 0.73233431 0.046620725 0.67934749 75.708591
0.67524129 -0.023490856 -0.73722272 -44.828387 -0.018373317 0.99864691 -0.048649466 -5.4816904 0.73736807 0.046395355 0.67389602 76.494406
0.67178051 -0.02402633 -0.74036047 -45.691881 -0.01825727 0.99863318 -0.048973937 -5.5536609 0.74052526 0.046416698 0.67042365 77.284754
0.66740639 -0.023682698 -0.744317 -46.601303 -0.018935757 0.99863133 -0.048753594 -5.635922 0.74445295 0.046632667 0.66604448 78.073868
0.66141785 -0.024340192 -0.74962253 -47.460151 -0.018215357 0.99865715 -0.048498366 -5.7037832 0.74979642 0.045732327 0.6600863 78.844233
0.65987813 -0.028960974 -0.75081427 -48.390739 -0.012151569 0.99871488 -0.049202993 -5.7737485 0.75127441 0.041591551 0.65867818 79.596754
0.65484956 -0.032363276 -0.75506597 -49.287805 -0.011337974 0.99854958 -0.052632489 -5.857201 0.75567423 0.043027281 0.65353282 80.398666
0.64985163 -0.035840787 -0.75921554 -50.19679 -0.008415065 0.99848708 -0.054339122 -5.9314583 0.76001453 0.041701215 0.64856686 81.187774
0.64497869 -0.039437794 -0.76318222 -51.075202 -0.0033658632 0.9985112 -0.054443077 -6.0149196 0.76419317 0.037683392 0.64388571 81.934577
0.63522754 -0.043331618 -0.77110849 -52.039095 0.0016881987 0.99850037 -0.054718949 -6.099561 0.77232323 0.033457199 0.63434808 82.713223
0.62776805 -0.044816481 -0.7771092 -52.954769 0.0050909855 0.99855622 -0.053474876 -6.178711 0.77838384 0.029613567 0.62708985 83.448975
0.61856588 -0.044301881 -0.78448297 -53.964157 0.0073551676 0.99869195 -0.050599282 -6.2536067 0.78569854 0.025528986 0.61808262 84.200748
0.61023986 -0.043600041 -0.79101599 -54.898318 0.0063926233 0.9987229 -0.050116971 -6.3348915 0.79219095 0.025526706 0.60973924 84.942092
0.60053139 -0.043908258 -0.79839467 -55.867574 0.003314141 0.99861926 -0.052426935 -6.4125609 0.79959434 0.028838028 0.59984774 85.637668
0.58963968 -0.046756799 -0.80631184 -56.88529 0.004886426 0.99851114 -0.054328799 -6.4912491 0.80765167 0.028094433 0.58899027 86.350114
0.58061188 -0.048366529 -0.81274256 -57.892686 0.0048727803 0.9984225 -0.055935347 -6.5703396 0.81416592 0.028516411 0.57993165 87.055099
0.57089064 -0.049314451 -0.81954371 -58.887002 0.0082221768 0.99848785 -0.054354533 -6.6547144 0.82098497 0.024292061 0.57043284 87.752644
0.55875642 -0.049991369 -0.82782369 -59.914437 0.010826012 0.99853618 -0.052993273 -6.7340495 0.82926119 0.020648302 0.55847972 88.470066
0.54914744 -0.050250988 -0.83421332 -60.951429 0.010919747 0.99853687 -0.052961169 -6.8205129 0.83565418 0.019974092 0.5488927 89.153299
0.53989172 -0.051819961 -0.84013782 -62.005928 0.010648097 0.99844378 -0.054741611 -6.9010503 0.84166716 0.020608673 0.53960331 89.761214
0.52927735 -0.051612527 -0.84687754 -63.058714 0.0079339662 0.99840548 -0.05588879 -6.9909251 0.84841181 0.022861573 0.5288429 90.428574
0.52083842 -0.05234029 -0.85204916 -64.122427 0.0068507504 0.99834272 -0.057139206 -7.0738284 0.85362783 0.023923118 0.52033381 91.051992
0.5116276 -0.052092179 -0.85762669 -65.204103 0.0051069717 0.99832716 -0.057591688 -7.1688627 0.85919217 0.025085621 0.51103776 91.704981
0.50285673 -0.050135942 -0.8629145 -66.313283 0.0043549297 0.9984507 -0.055472889 -7.2528367 0.86435884 0.024136983 0.50229599 92.313074
0.49517591 -0.048863524 -0.8674175 -67.410631 0.0060860813 0.99858771 -0.052778314 -7.3360251 0.86877146 0.020855376 0.49477396 92.939869
0.48598266 -0.049473204 -0.87256701 -68.539808 0.0072138222 0.99858957 -0.052600697 -7.4186907 0.87393872 0.019268483 0.48565411 93.56595
0.48036835 -0.051693221 -0.87554212 -69.641117 0.0072083405 0.99846058 -0.054995623 -7.5139185 0.87703726 0.020106951 0.48000148 94.15309
0.47245181 -0.055328095 -0.87961811 -70.76379 0.0098824839 0.99829745 -0.057485059 -7.6008528 0.88130113 0.018466108 0.47219422 94.736188
0.46582956 -0.058884765 -0.88291298 -71.877612 0.012199787 0.99811591 -0.060131407 -7.6873501 0.8847904 0.017239637 0.46567028 95.349298
0.46094689 -0.061508077 -0.88529354 -72.995972 0.012435927 0.99794489 -0.062859793 -7.7884741 0.88734062 0.01796558 0.4607645 95.905026
0.45597258 -0.06314134 -0.88775115 -74.154427 0.015752186 0.99789648 -0.06288469 -7.8857796 0.88985445 0.014689673 0.45600805 96.475672
0.45194077 -0.059685673 -0.89004892 -75.271861 0.016415104 0.99814661 -0.058599472 -7.9829696 0.89189694 0.011873244 0.4520829 97.059135
0.44748895 -0.058574306 -0.89236911 -76.40972 0.021170972 0.9982669 -0.05490891 -8.0794594 0.89403887 0.0056788087 0.44795348 97.634238
0.44369015 -0.058433708 -0.89427316 -77.480364 0.023289187 0.99828682 -0.053675343 -8.166415 0.89587763 0.0029883257 0.4442909 98.159988
0.44084177 -0.05786712 -0.89571751 -78.623338 0.023559144 0.99832183 -0.05290078 -8.2582086 0.89727564 0.002218535 0.44146526 98.734958
0.43856799 -0.057730566 -0.89684181 -79.784907 0.026707088 0.99833108 -0.051203395 -8.3526025 0.89830113 -0.0014958641 0.43937787 99.295788
0.43483743 -0.056368222 -0.89874299 -80.824825 0.027364882 0.99840517 -0.049379022 -8.4287492 0.90009313 -0.0031221495 0.43568644 99.82693
0.43352718 -0.057552772 -0.89930073 -81.976206 0.030221757 0.99832564 -0.049321049 -8.5215719 0.90063361 -0.0057964334 0.43454064 100.34332
0.43128296 -0.05743823 -0.90038647 -83.064294 0.03151987 0.99832145 -0.048587841 -8.6049361 0.901666 -0.0074249574 0.43236948 100.87849
0.42924708 -0.057393851 -0.90136165 -84.156469 0.035851856 0.99827511 -0.046491382 -8.6855144 0.9024753 -0.012359199 0.43056435 101.40228
0.42590637 -0.057436932 -0.90294224 -85.238559 0.039192461 0.9982174 -0.045010882 -8.7665893 0.90391802 -0.016218109 0.42739824 101.91756
0.4259158 -0.057397819 -0.90294028 -86.319503 0.039171399 0.99821973 -0.044977414 -8.8447567 0.90391449 -0.016212844 0.42740591 102.41782
0.42490255 -0.058891877 -0.90332137 -87.382919 0.041519531 0.99809927 -0.045541029 -8.9231503 0.90428647 -0.018154982 0.42654009 102.9123
0.42277791 -0.060797508 -0.90419159 -88.44447 0.043305903 0.99796258 -0.046853853 -9.0027502 0.90519805 -0.01934806 0.42454942 103.35991
0.42456664 -0.060512229 -0.90337222 -89.479173 0.040520878 0.99803424 -0.047809157 -9.085891 0.90448952 -0.016307263 0.42618406 103.9119
0.42753653 -0.060432515 -0.90197581 -90.524098 0.038497625 0.998075 -0.048623302 -9.1630539 0.90317801 -0.013935689 0.42904003 104.35605
0.4300413 -0.060527599 -0.9007779 -91.54879 0.036768113 0.99809645 -0.049513399 -9.2446561 0.90206023 -0.011827098 0.43144818 104.83767
0.43593005 -0.06213143 -0.89783328 -92.544727 0.037263736 0.99800472 -0.050970575 -9.3257129 0.8992088 -0.011237017 0.4373755 105.33062
0.44179179 -0.060034441 -0.89510659 -93.5612 0.033404822 0.99816731 -0.050459287 -9.3991906 0.89649551 -0.0076083784 0.44298756 105.80197
0.4494038 -0.060126144 -0.89130298 -94.579974 0.033945839 0.99816118 -0.050218832 -9.4806463 0.89268358 -0.0076874945 0.45061846 106.32241
0.45651273 -0.058542113 -0.88778876 -95.53528 0.032175603 0.9982665 -0.04928206 -9.5527602 0.88913493 -0.0060672521 0.45760499 106.83684
0.46537125 -0.057403775 -0.88325214 -96.54626 0.030196455 0.9983435 -0.0489737 -9.6263077 0.88460038 -0.0038801322 0.46633376 107.32554
0.47769057 -0.05727402 -0.87665919 -97.514808 0.030390244 0.99835272 -0.048664911 -9.7005334 0.8780024 -0.0033951181 0.47864426 107.79713
0.48560027 -0.058327679 -0.87223288 -98.471906 0.029584345 0.99829653 -0.050287206 -9.7768869 0.87368027 -0.0013849587 0.48649865 108.37339
0.49483652 -0.06025168 -0.86689474 -99.447541 0.029176551 0.9981829 -0.052722173 -9.8536082 0.86849618 0.00079585765 0.49569529 108.88054
0.50789929 -0.059302938 -0.85937269 -100.35393 0.024940454 0.9982216 -0.054144419 -9.9230917 0.86105537 0.0060667665 0.50847508 109.40085
0.52010496 -0.057966975 -0.85213297 -101.32309 0.023327872 0.99828616 -0.053670835 -10.008422 0.85378375 0.0080360186 0.52056583 109.99493
0.53196263 -0.055127801 -0.84497138 -102.22787 0.021015317 0.99843066 -0.05190936 -10.080682 0.84650705 0.0098564978 0.53228632 110.56559
0.54469797 -0.054013666 -0.83689102 -103.13984 0.021516516 0.99849531 -0.05043953 -10.154099 0.83835626 0.0094673302 0.54504056 111.14067
0.55651622 -0.052448149 -0.82917961 -104.01319 0.020761604 0.99857175 -0.049228262 -10.23055 0.83057734 0.010181227 0.55681028 111.72527
0.5674713 -0.052848764 -0.82169537 -104.88974 0.020776077 0.99853937 -0.04987462 -10.297878 0.82313106 0.011230809 0.56774043 112.33715
0.57791621 -0.05392296 -0.81431266 -105.7418 0.021202757 0.99846997 -0.051070114 -10.376154 0.81582066 0.012248573 0.5781753 112.93353
0.58980956 -0.056862731 -0.80553787 -106.59302 0.02558207 0.99833282 -0.051741059 -10.447732 0.8071371 0.0099100445 0.59028091 113.54333
0.60068526 -0.055888405 -0.79752971 -107.45158 0.024800102 0.99837613 -0.0512841 -10.530431 0.79910088 0.011026784 0.60109587 114.14617
0.611066 -0.054043692 -0.78973259 -108.26619 0.023892585 0.99847134 -0.049841088 -10.599514 0.79121902 0.011587441 0.61142313 114.77647
0.6201199 -0.05180307 -0.7827948 -109.04546 0.024622357 0.99861107 -0.046579647 -10.663936 0.78412059 0.0096107126 0.62053411 115.40797
0.6301388 -0.051185067 -0.77479361 -109.84875 0.024673386 0.998641 -0.045906224 -10.734651 0.77609044 0.0098105102 0.63054535 116.03281
0.64064453 -0.049154519 -0.7662626 -110.62497 0.020816314 0.99869387 -0.046660844 -10.800999 0.76755541 0.013942251 0.64083098 116.68366
0.64965417 -0.048397237 -0.75868776 -111.36392 0.018691345 0.99868672 -0.047701796 -10.864532 0.76000009 0.016808776 0.64970561 117.33094
0.65898599 -0.047786343 -0.75063565 -112.12523 0.01825204 0.99870185 -0.047554989 -10.936188 0.75193375 0.01763744 0.65900273 117.99711
0.66761702 -0.046835395 -0.74303023 -112.83402 0.019228381 0.99877111 -0.045678687 -11.001447 0.74425656 0.0162086 0.66769716 118.63798
0.67664328 -0.045769127 -0.73488707 -113.56413 0.019966658 0.99883972 -0.043824037 -11.063672 0.73604025 0.014980001 0.67677205 119.30584
0.68574513 -0.044983744 -0.72645029 -114.27227 0.020789073 0.99889161 -0.042229839 -11.125233 0.72754482 0.013856679 0.68592023 119.94265
0.69321753 -0.045116897 -0.71931487 -114.96948 0.020911516 0.99887765 -0.042498817 -11.191127 0.72042502 0.01441896 0.69338296 120.59737
0.70009067 -0.041916445 -0.71282257 -115.64312 0.017287543 0.99897791 -0.041764608 -11.249418 0.71384468 0.016916062 0.70009975 121.26956
0.70751722 -0.040431538 -0.70553854 -116.32468 0.018032037 0.99906985 -0.039170013 -11.307045 0.70646605 0.014991161 0.70758818 121.93407
0.71438716 -0.03821926 -0.69870611 -116.96952 0.017528969 0.99917139 -0.036732356 -11.362319 0.6995311 0.013993525 0.71446516 122.61196
0.72179822 -0.036554446 -0.69113751 -117.59816 0.016438122 0.99922799 -0.035682073 -11.413082 0.69190834 0.014394254 0.72184188 123.26206
0.72994089 -0.034685057 -0.68262962 -118.22954 0.014785747 0.9992792 -0.034963814 -11.468269 0.68335036 0.015428329 0.7299276 123.92702
0.73768802 -0.031881458 -0.67438856 -118.84299 0.012147914 0.99934951 -0.033955721 -11.515314 0.67503249 0.016856314 0.73759545 124.59183
0.74632963 -0.029585842 -0.66491858 -119.43602 0.012058683 0.99944863 -0.030935783 -11.56354 0.66546729 0.015070249 0.74627489 125.22985
0.7558088 -0.026014578 -0.65427537 -120.01974 0.0099879289 0.99955225 -0.028205198 -11.600321 0.65471622 0.01478288 0.75573022 125.89939
0.76650064 -0.023323026 -0.64181988 -120.59761 0.0079922417 0.9996094 -0.026779878 -11.653312 0.64219384 0.015397214 0.76638766 126.57292
0.77600684 -0.023202468 -0.63029755 -121.13047 0.0071536656 0.99958263 -0.027989147 -11.687254 0.63068395 0.017210832 0.77584894 127.22143
0.78583088 -0.023793471 -0.61798355 -121.65971 0.0073815589 0.99954931 -0.029098008 -11.7413 0.61839743 0.018304431 0.78565234 127.89952
0.795439 -0.022882952 -0.60560146 -122.16189 0.0067875808 0.9995606 -0.028853614 -11.781674 0.60599567 0.018840721 0.79524481 128.56066
0.80522714 -0.021620142 -0.59257219 -122.67643 0.006556148 0.99959861 -0.027561665 -11.817048 0.59293027 0.018308409 0.80504567 129.25371
0.81481113 -0.019750858 -0.57938994 -123.14594 0.0064967631 0.99966781 -0.024941168 -11.850985 0.57969013 0.016558182 0.81466877 129.93007
0.82477154 -0.018395065 -0.56516679 -123.6459 0.0069565476 0.99972517 -0.022387103 -11.892692 0.56542333 0.014532635 0.82467284 130.62541
0.83336303 -0.016849078 -0.55246913 -124.09858 0.007215489 0.99978173 -0.01960703 -11.919084 0.55267895 0.012353438 0.8333027 131.3213
0.84190589 -0.01656659 -0.53936999 -124.5624 0.0082019664 0.99980603 -0.017906248 -11.952272 0.53956206 0.010651481 0.84187847 132.03755
0.84872425 -0.016646395 -0.52857357 -125.00549 0.0094299277 0.99982193 -0.016345923 -11.982449 0.52875159 0.00888877 0.84873009 132.77139
0.85504249 -0.016518459 -0.51829477 -125.42863 0.0096664989 0.99982657 -0.015918215 -12.014659 0.51846787 0.0086006538 0.85505387 133.44574
0.86194617 -0.01552722 -0.50676196 -125.86134 0.0090330043 0.99984259 -0.0152711 -12.039794 0.50691935 0.0085852834 0.86195075 134.18828
0.86833887 -0.014074146 -0.49577163 -126.29967 0.0076576728 0.99985859 -0.014972018 -12.066411 0.49591228 0.0092043279 0.86832385 134.92783
0.87443866 -0.013009176 -0.48496161 -126.68714 0.0069060676 0.99987291 -0.014369366 -12.087442 0.48508695 0.0092159509 0.87441737 135.67142
0.88041002 -0.013456164 -0.47402227 -127.10997 0.0075759641 0.99986887 -0.014312503 -12.11633 0.47415274 0.0090096948 0.88039652 136.42165
0.88508897 -0.0146813 -0.46519024 -127.49391 0.0085608863 0.99984681 -0.015266669 -12.146557 0.46534315 0.0095299193 0.88507907 137.16003
0.88948405 -0.015092106 -0.45671692 -127.88963 0.0089189967 0.99983745 -0.015669112 -12.176733 0.4568792 0.0098639681 0.88947407 137.94122
0.89249842 -0.01463175 -0.45081312 -128.2942 0.0087584226 0.99984745 -0.015111893 -12.195532 0.4509655 0.0095389289 0.89249042 138.70874
0.89588486 -0.012906374 -0.44409877 -128.67508 0.008351718 0.99989057 -0.012210763 -12.226368 0.44420781 0.0072304497 0.89589461 139.50544
0.89907237 -0.009115204 -0.43770512 -129.08815 0.0061563174 0.9999476 -0.0081784556 -12.245439 0.43775677 0.0046583716 0.89908138 140.31616
0.9024098 -0.0063214135 -0.43083243 -129.47698 0.0044414939 0.99997572 -0.0053691703 -12.258286 0.43085595 0.002931652 0.90241596 141.11665
0.90550405 -0.0035937664 -0.42432239 -129.87109 0.0026006173 0.99999236 -0.0029196424 -12.278322 0.42432967 0.0015402476 0.90550647 141.95288
0.90866422 -0.0016298945 -0.41752445 -130.27067 0.0014780643 0.99999867 -0.00068697403 -12.289492 0.41752505 7.1004329e-06 0.90866542 142.78302
0.91170019 -0.00038729979 -0.41085594 -130.67388 0.0013822389 0.99999679 0.0021245615 -12.305953 0.41085383 -0.0025048646 0.9116978 143.64933
0.91501108 -0.00039043359 -0.40342851 -131.04747 0.0021384038 0.99999018 0.0038823066 -12.319143 0.40342307 -0.004415047 0.91500292 144.52903
0.91839506 -0.00067027296 -0.39566407 -131.43349 0.0027700905 0.99998495 0.0047357706 -12.32753 0.39565497 -0.005445334 0.91838309 145.39207
0.92219802 -0.0015296298 -0.38671496 -131.82427 0.0036329619 0.99998232 0.0047081374 -12.32089 0.38670096 -0.0057467561 0.92218727 146.29576
0.92588342 -0.0039258956 -0.37778892 -132.19084 0.0060928339 0.99997113 0.004540819 -12.347724 0.37776022 -0.0065060747 0.92588061 147.22651
0.92977775 -0.0056392076 -0.36807815 -132.55887 0.0073262445 0.99996809 0.0031861465 -12.348024 0.36804846 -0.005659039 0.92978939 148.14753
0.93408114 -0.0064005867 -0.35700343 -132.91237 0.0074649325 0.99997085 0.0016034916 -12.369572 0.35698279 -0.0041627982 0.93410169 149.08439
0.9390462 -0.0047126213 -0.34375866 -133.28043 0.0052850446 0.99998577 0.00072826187 -12.374695 0.34375037 -0.0025006517 0.93905774 150.03654
0.94477498 -0.0013951473 -0.32771677 -133.6254 0.0020484468 0.99999654 0.0016483092 -12.385283 0.32771336 -0.002228592 0.94477457 151.01494
0.95118327 0.0022104621 -0.30861867 -133.96435 -0.00083176762 0.99998908 0.0045987964 -12.391168 0.30862549 -0.0041175995 0.95117473 152.00764
0.95730009 0.0054737031 -0.28904423 -134.29848 -0.0038207197 0.99997296 0.0062827062 -12.405869 0.28907083 -0.0049100786 0.95729512 153.0333
0.96345256 0.0066713876 -0.26779591 -134.58371 -0.0049519246 0.99996256 0.0070956784 -12.414577 0.26783324 -0.0055102447 0.96344953 154.06809
0.96912785 0.0083053049 -0.24641881 -134.86162 -0.0063743312 0.99994242 0.0086328031 -12.41195 0.24647634 -0.0067955351 0.96912499 155.10683
0.97445263 0.0091087031 -0.22440833 -135.12031 -0.0068395787 0.99991734 0.010886873 -12.426901 0.22448897 -0.0090738843 0.97443439 156.18845
0.97935825 0.01111068 -0.20182659 -135.34945 -0.0083117854 0.99985725 0.014710046 -12.421187 0.20196123 -0.012728866 0.9793108 157.2754
0.98353162 0.013041363 -0.18026499 -135.55385 -0.0098026731 0.99977435 0.018845487 -12.429396 0.1804701 -0.016768054 0.98343753 158.36262
0.98753271 0.014504274 -0.15674428 -135.75648 -0.011194131 0.99969573 0.021980327 -12.410691 0.15701541 -0.019951677 0.9873946 159.50367
0.9905902 0.016457769 -0.13586831 -135.90555 -0.013556635 0.99966051 0.022250315 -12.409856 0.13618839 -0.020199028 0.99047702 160.65584
0.9933473 0.016048907 -0.11403325 -136.0548 -0.013824863 0.999699 0.020267661 -12.398262 0.11432421 -0.018556332 0.99327017 161.79143
0.99568567 0.016093068 -0.091384117 -136.17217 -0.01439093 0.99971104 0.019254724 -12.387324 0.091667585 -0.017856551 0.99562955 162.94529
0.99734253 0.014942894 -0.071306297 -136.25809 -0.013465522 0.99968553 0.02115462 -12.389076 0.071599991 -0.020138226 0.99723011 164.12594
0.99859298 0.015382405 -0.050748727 -136.34055 -0.014225694 0.9996325 0.023075947 -12.37766 0.051085045 -0.022321544 0.99844482 165.31253
0.99941242 0.0155595 -0.030540255 -136.3837 -0.014834269 0.99960593 0.023831401 -12.36683 0.030899027 -0.023364356 0.9992494 166.53368
0.9998133 0.016590825 -0.0099051638 -136.42227 -0.01634562 0.99957002 0.024343245 -12.350176 0.01030478 -0.024176794 0.99965459 167.72066
0.99979291 0.017191959 0.01088879 -136.3999 -0.01745978 0.99953502 0.024998008 -12.340003 -0.010453963 -0.025182948 0.9996282 168.96032
0.99933433 0.019270067 0.030976756 -136.38968 -0.020026237 0.99950438 0.024288784 -12.325209 -0.030493359 -0.024892964 0.99922495 170.20857
0.99850098 0.020458285 0.050766678 -136.33857 -0.021664912 0.99949298 0.023332684 -12.30693 -0.050263595 -0.024397564 0.99843794 171.45366
0.99725896 0.020713592 0.071031831 -136.27672 -0.022266472 0.99952854 0.02113997 -12.303623 -0.070560463 -0.022663653 0.99725001 172.73902
0.99574872 0.022391836 0.089348155 -136.17607 -0.0241446 0.99953571 0.018584749 -12.291367 -0.088890533 -0.020663016 0.99582705 174.02983
0.99382248 0.022779592 0.10861841 -136.03939 -0.024733066 0.99955507 0.016671374 -12.28344 -0.10819032 -0.019254853 0.99394371 175.2959
0.99145609 0.022622942 0.12846406 -135.87882 -0.024608805 0.99960063 0.013892145 -12.285444 -0.12809849 -0.016934799 0.99161686 176.58147
0.98909451 0.024181104 0.1452836 -135.72072 -0.025672255 0.99963514 0.0083973952 -12.287177 -0.14502755 -0.012035575 0.98935441 177.87508
0.98612169 0.025653661 0.16403018 -135.502 -0.026373881 0.9996497 0.002214101 -12.312081 -0.16391593 -0.0065094853 0.98645284 179.17327
0.98299288 0.028154984 0.18147255 -135.28446 -0.02807191 0.99960132 -0.0030267595 -12.314724 -0.18148544 -0.002118998 0.98339135 180.49527
0.97942781 0.030354096 0.19949887 -135.0211 -0.029535684 0.99953867 -0.007077856 -12.350243 -0.19962169 0.0010399136 0.97987249 181.81451
0.97569508 0.032258858 0.21674517 -134.747 -0.030829437 0.9994749 -0.0099738777 -12.373005 -0.21695312 0.0030493319 0.97617726 183.15042
0.97173492 0.031932779 0.23390498 -134.43547 -0.030462827 0.99948692 -0.009895489 -12.403652 -0.23410098 0.0024903854 0.9722091 184.45895
0.96750016 0.030940368 0.25097037 -134.10466 -0.029201138 0.9995168 -0.010651908 -12.431803 -0.2511787 0.0029771027 0.96793616 185.84385
0.96272553 0.030425145 0.26876358 -133.7247 -0.027311626 0.99950961 -0.015316906 -12.486087 -0.26909782 0.0074056065 0.96308438 187.18637
0.95817462 0.031618516 0.28443218 -133.37651 -0.027190543 0.99943998 -0.019503851 -12.526406 -0.2848896 0.01095423 0.95849775 188.48508
0.95292513 0.034043792 0.30128842 -132.95973 -0.029382158 0.99936831 -0.019991779 -12.561843 -0.30177872 0.010198165 0.95332345 189.84536
0.94741722 0.035774108 0.317995 -132.53872 -0.030929389 0.99931596 -0.020272655 -12.617907 -0.31850274 0.0093712718 0.94787562 191.19532
0.94086709 0.039966214 0.33641018 -132.0651 -0.033896877 0.99913958 -0.023897531 -12.659482 -0.33707585 0.011081147 0.94141229 192.51736
0.93458627 0.041150471 0.35334846 -131.59614 -0.033715498 0.99906198 -0.02717383 -12.724155 -0.35413526 0.013482969 0.93509702 193.8784
0.92779089 0.041699626 0.37076299 -131.0627 -0.032864654 0.99900592 -0.030118023 -12.770275 -0.37165037 0.01575823 0.92823903 195.23863
0.92079323 0.041761869 0.38780893 -130.5157 -0.030586377 0.99892098 -0.034947827 -12.842895 -0.38884999 0.020318053 0.92107702 196.56041
0.91242988 0.045250694 0.40672357 -129.95926 -0.031425808 0.99868074 -0.040610265 -12.930628 -0.40802468 0.024272403 0.91264819 197.90274
0.90251124 0.048939584 0.42787659 -129.33162 -0.03295913 0.99845745 -0.044681361 -13.011806 -0.42940329 0.026222991 0.90273207 199.23146
0.89055865 0.051307482 0.45196551 -128.69379 -0.034215978 0.9983592 -0.045914928 -13.077829 -0.45357974 0.025425495 0.89085295 200.53088
0.87753261 0.055966004 0.47623976 -128.02256 -0.03721323 0.99811874 -0.04872524 -13.180747 -0.47807083 0.025035569 0.87796442 201.8844
0.86348422 0.060269983 0.50076193 -127.30253 -0.039704709 0.99787635 -0.051636519 -13.270448 -0.50281066 0.024704714 0.86404348 203.16312
0.84888807 0.063822034 0.52470542 -126.58038 -0.0411908 0.9976524 -0.054708466 -13.377691 -0.52696527 0.024828329 0.84952409 204.42492
0.8339965 0.0654935 0.54786897 -125.77972 -0.040861787 0.99753502 -0.057045527 -13.479188 -0.55025464 0.025188866 0.8346169 205.70515
0.81765926 0.066511573 0.57184746 -124.92513 -0.039526978 0.99744572 -0.059495035 -13.583598 -0.57434396 0.026043265 0.81819973 206.94941
0.80217387 0.068694912 0.59312567 -124.07223 -0.038047243 0.99722181 -0.064039653 -13.705474 -0.5958771 0.028804141 0.80255893 208.17695
0.78572046 0.07165785 0.61441718 -123.14852 -0.036477956 0.99690654 -0.069618339 -13.833791 -0.61750526 0.032287872 0.7859038 209.38854
0.76931925 0.07291691 0.63468968 -122.23651 -0.034369312 0.99675032 -0.072852897 -13.955057 -0.6379394 0.034233289 0.76932531 210.54649
0.7526939 0.074777758 0.65411019 -121.22599 -0.032793951 0.99655393 -0.076189398 -14.097611 -0.65755341 0.035896439 0.75255232 211.72957
0.73715413 0.075580038 0.67148449 -120.22542 -0.031046166 0.99646387 -0.078076216 -14.239362 -0.67501109 0.036707187 0.73689392 212.88961
0.72145621 0.075802719 0.68829851 -119.21931 -0.029100011 0.99643108 -0.079235681 -14.374062 -0.69184837 0.037135582 0.72108725 213.98185
0.70681104 0.076484713 0.70325543 -118.1538 -0.026442012 0.99629958 -0.081779933 -14.522332 -0.70690807 0.039207472 0.70621796 215.08651
0.69162165 0.077665333 0.71807211 -117.06755 -0.023518694 0.99609621 -0.085083526 -14.668861 -0.72187701 0.041957492 0.69074829 216.14887
0.67674094 0.079926469 0.7318698 -115.95537 -0.021082934 0.99578578 -0.08925352 -14.833695 -0.73591932 0.04497155 0.67557409 217.1928
0.66176939 0.082503947 0.7451539 -114.82377 -0.020224268 0.99552912 -0.092264537 -14.984962 -0.74943466 0.045987655 0.66047928 218.23925
0.64572673 0.082960032 0.75904847 -113.69276 -0.019050639 0.99552124 -0.092598786 -15.154101 -0.76333094 0.045333154 0.64441511 219.24362
0.62940121 0.08410914 0.77251519 -112.5234 -0.019289617 0.99550982 -0.09267205 -15.318984 -0.77684109 0.04342638 0.62819752 220.20973
0.61217466 0.085276724 0.78611069 -111.33904 -0.021528119 0.9955965 -0.091236818 -15.485256 -0.79042949 0.038929385 0.61131479 221.18679
0.59286908 0.086102647 0.80068254 -110.15925 -0.023571469 0.99569704 -0.089620232 -15.645765 -0.80495385 0.034259802 0.59234756 222.09021
0.57537408 0.087672263 0.81317783 -108.94397 -0.025684782 0.9956847 -0.08917554 -15.812661 -0.81748701 0.030423 0.57514301 222.99606
0.55738224 0.090457964 0.82531348 -107.73695 -0.026692621 0.99548555 -0.091082486 -15.982001 -0.82982685 0.028737982 0.55728053 223.85878
0.53977459 0.094428902 0.83649657 -106.52918 -0.029521176 0.99520076 -0.093294982 -16.151965 -0.84129184 0.025663899 0.53997173 224.67027
0.52043022 0.094544728 0.848654 -105.28218 -0.029730071 0.99525524 -0.092645186 -16.32064 -0.85338653 0.022984812 0.52077173 225.44989
0.49854343 0.093366256 0.86182198 -104.04612 -0.029884882 0.995443 -0.090554518 -16.48911 -0.86634947 0.019389913 0.49906181 226.21505
0.4777725 0.091522513 0.87370304 -102.80146 -0.030005774 0.99567803 -0.087891443 -16.64799 -0.87797104 0.01577598 0.47845379 226.93592
0.45631208 0.090063844 0.88525009 -101.52042 -0.030001678 0.99585608 -0.085852008 -16.807593 -0.88931392 0.012616321 0.45712322 227.61454
0.43420889 0.088929329 0.89641182 -100.26943 -0.028603528 0.99597445 -0.084951392 -16.961792 -0.90035801 0.01124611 0.43500465 228.25912
