1 0 0 0 0 1 0 0 0 0 1 0
0.9998617 0.0011754694 0.016589243 0.012816425 -0.0011653672 0.99999913 -0.00061861872 -0.0043798013 -0.016589957 0.00059920063 0.9998622 0.10888044
0.99931453 0.0036934877 0.036835147 0.038210685 -0.0036854787 0.99999317 -0.00028533464 -0.0022844162 -0.036835952 0.00014938393 0.99932131 0.25600985
0.99798321 0.0054245555 0.063246244 0.072614905 -0.0054815969 0.99998471 0.00072840233 -0.0014832627 -0.063241331 -0.0010736237 0.99799769 0.41861834
0.99525537 0.0050109171 0.097168097 0.12048401 -0.0053342182 0.99998107 0.0030677432 -0.00072800668 -0.097150893 -0.0035715037 0.99526326 0.58531754
0.99091832 0.0015225754 0.13445658 0.1839648 -0.0022040632 0.99998547 0.0049197534 -0.002169229 -0.13444714 -0.0051714245 0.99090727 0.77252546
0.98465732 -0.0015885113 0.17449191 0.24730007 0.00057336753 0.99998262 0.005867969 -0.0088656303 -0.17449822 -0.0056778907 0.98464112 0.96412444
0.97608996 -0.0017031327 0.21736027 0.35602437 0.00012349865 0.99997349 0.0072807314 -0.0088525091 -0.21736692 -0.0070798051 0.97606429 1.1826011
0.9641228 -0.0014789387 0.26545252 0.43768607 -0.0011705966 0.99995107 0.0098227171 0.00094228121 -0.26545408 -0.0097810432 0.96407389 1.389979
0.9500761 -0.0055515799 0.31196887 0.56677389 0.00028474251 0.99985671 0.016925591 0.0062164081 -0.31201815 -0.015991768 0.94994155 1.6236684
0.9326513 -0.015219024 0.36045795 0.71076937 0.0067252369 0.99966965 0.024806488 -0.0047988887 -0.36071643 -0.020711638 0.93244555 1.8356364
0.9114531 -0.021069549 0.41086409 0.86328689 0.0094338799 0.9994955 0.030327258 -0.0059676073 -0.41129582 -0.023765831 0.91119205 2.0501684
0.88665976 -0.02279842 0.46186003 1.0541041 0.0081191834 0.99939748 0.033745572 0.00013370252 -0.46235114 -0.026170914 0.88631063 2.2889831
0.85853496 -0.024881318 0.51215098 1.2217475 0.0061424053 0.99924937 0.038248821 0.014256324 -0.51271827 -0.029692111 0.85804334 2.5151417
0.8261536 -0.03032949 0.56262804 1.4721488 0.0074958358 0.99905344 0.042849036 0.021908348 -0.56339512 -0.031182518 0.82559894 2.7483325
0.79037493 -0.035767695 0.61157837 1.6987437 0.0094454879 0.99888699 0.046212243 0.022180912 -0.61255064 -0.030748342 0.78983308 2.9614478
0.7527324 -0.040433207 0.65708375 1.9499452 0.010650279 0.99872942 0.049255553 0.033574708 -0.65824049 -0.030078126 0.75220662 3.1665221
0.71302859 -0.043633483 0.6997759 2.2427486 0.011820606 0.99866792 0.050225979 0.044860924 -0.70103534 -0.027540783 0.71259455 3.3900234
0.67116702 -0.045409808 0.73991401 2.5359697 0.010921941 0.99861946 0.051379851 0.057325765 -0.74122574 -0.026403163 0.6707364 3.6016459
0.62811003 -0.045809216 0.77677491 2.8852853 0.006626013 0.99854426 0.053529875 0.08172832 -0.77809636 -0.028475731 0.6274992 3.807261
0.58681882 -0.046890409 0.80835939 3.2092017 0.0042081407 0.99848496 0.054864151 0.097294766 -0.80970737 -0.028793626 0.58612708 4.0097069
0.54705998 -0.048064146 0.83571236 3.5916154 0.0020449862 0.99842399 0.05608349 0.11653705 -0.83709095 -0.028972013 0.5462961 4.2233264
0.50829255 -0.05033992 0.85971188 4.0075958 0.00093555603 0.99832178 0.057903006 0.12841173 -0.861184 -0.028627357 0.50748661 4.4290002
0.47070232 -0.050140475 0.88086616 4.4318585 -0.0019864921 0.99832112 0.057887728 0.15291174 -0.88228989 -0.028997722 0.46981247 4.6288457
0.4347704 -0.049464542 0.89918179 4.8843735 -0.0030485986 0.99840378 0.056396855 0.178656 -0.90053621 -0.027260927 0.43392561 4.8005697
0.40075614 -0.048331369 0.91490902 5.3679176 -0.0018199221 0.99856363 0.05354772 0.19499827 -0.91618299 -0.02312464 0.40009255 4.9881764
0.37155537 -0.046698718 0.92723555 5.8761691 0.00022456244 0.99873866 0.050209871 0.21599181 -0.92841081 -0.018447525 0.3710972 5.1680936
0.34625311 -0.044830967 0.93706931 6.4214064 0.0014536499 0.99888199 0.047251056 0.23903494 -0.93814004 -0.014998654 0.34593117 5.3421604
0.32507081 -0.04423753 0.9446544 6.9969072 0.0025631112 0.99894285 0.045897813 0.26691577 -0.94568625 -0.012498784 0.32484054 5.5361845
0.31030797 -0.044826035 0.9495786 7.5945046 0.0033682968 0.99893322 0.046055172 0.28904461 -0.95063016 -0.011092824 0.31012793 5.7194915
0.2982212 -0.046111915 0.95338226 8.2227193 0.0039605701 0.99888356 0.047073781 0.31018581 -0.95448861 -0.010262461 0.29807088 5.9116457
0.28774211 -0.047926562 0.95650794 8.870291 0.0032214388 0.99878985 0.049076038 0.33777526 -0.95770255 -0.01103991 0.28754829 6.0960828
0.27773624 -0.049711016 0.95937027 9.5236805 0.0019167362 0.99868692 0.051193366 0.36670832 -0.9606555 -0.012379393 0.27746683 6.2944088
0.26647752 -0.051438823 0.96246751 10.208377 0.0011640165 0.99859133 0.05304717 0.39489906 -0.96384047 -0.01301555 0.26616201 6.4782951
0.25702126 -0.053287922 0.96493543 10.930978 0.00021601061 0.99848176 0.055082958 0.42156235 -0.96640577 -0.013949055 0.25664255 6.67848
0.24619947 -0.054779078 0.96766988 11.659141 -0.00031772513 0.99839692 0.05659935 0.45533374 -0.96921917 -0.014242182 0.24578738 6.8562068
0.23584502 -0.056396014 0.97015284 12.427446 -0.00054512846 0.99830683 0.058165155 0.48453286 -0.97179057 -0.01424682 0.23541495 7.0404487
0.22555782 -0.059218741 0.97242826 13.183517 -0.0021901856 0.99811753 0.061291181 0.51975695 -0.97422736 -0.015954503 0.22500351 7.2248979
0.21445069 -0.062739526 0.97471769 13.982251 -0.0041125187 0.99786802 0.065134448 0.56100466 -0.9767262 -0.017976671 0.21373546 7.4039133
0.20189225 -0.066543904 0.97714449 14.756408 -0.0040947108 0.99762314 0.068784533 0.59701302 -0.97939922 -0.017888188 0.2011399 7.5510648
0.18818937 -0.069078697 0.97970037 15.527923 -0.0052622265 0.99743816 0.071340202 0.63661914 -0.98211871 -0.018580872 0.18734375 7.712583
0.1737424 -0.069737072 0.98231881 16.335353 -0.0052829283 0.99740918 0.071742761 0.673482 -0.98477701 -0.017654279 0.17292385 7.8554852
0.15859112 -0.068900198 0.98493733 17.150738 -0.006683326 0.9974644 0.07085264 0.71611967 -0.98732177 -0.017819256 0.15772852 7.9846688
0.14254343 -0.067736192 0.98746802 17.973999 -0.0080878733 0.99754256 0.069594766 0.75407229 -0.98975555 -0.017906792 0.14164529 8.1040643
0.12096716 -0.066150376 0.99044989 18.776802 -0.010196466 0.99764166 0.067876031 0.79356215 -0.99260418 -0.018309859 0.12000738 8.2009248
0.096939424 -0.064798204 0.99317866 19.599118 -0.014725505 0.99767583 0.066528899 0.83347848 -0.99518139 -0.02107433 0.095759933 8.2881938
0.066771732 -0.064314678 0.99569326 20.428902 -0.019221557 0.99765228 0.065730224 0.8718158 -0.99758316 -0.023527696 0.06537874 8.343645
0.034147583 -0.063956508 0.99736825 21.249847 -0.021549352 0.99767117 0.064713732 0.90829607 -0.99918449 -0.023702457 0.032689836 8.3657941
-0.00023877174 -0.063341443 0.99799184 22.088932 -0.023114202 0.99772563 0.063319016 0.94347895 -0.99973284 -0.023052666 -0.0017023171 8.364091
-0.0348043 -0.062464762 0.99744009 22.939932 -0.024124447 0.99780649 0.061645918 0.97254046 -0.99910298 -0.021917147 -0.036234886 8.3206945
-0.066629055 -0.060505244 0.99594156 23.753301 -0.02742908 0.99789354 0.058788809 1.0054892 -0.99740077 -0.023400717 -0.068148308 8.2641328
-0.099701585 -0.057153417 0.99337455 24.609983 -0.029482205 0.99808033 0.054465135 1.0410519 -0.99458055 -0.023856611 -0.1011952 8.1747518
-0.13183933 -0.052640932 0.98987234 25.461445 -0.026156701 0.998426 0.049612047 1.065768 -0.99092598 -0.019350975 -0.13300873 8.0566215
-0.16267582 -0.047193928 0.98555022 26.280948 -0.021585938 0.9987866 0.044264769 1.0832131 -0.98644346 -0.014073218 -0.16349716 7.8945584
-0.19597354 -0.040797102 0.97976012 27.09918 -0.015339453 0.99913948 0.038535829 1.0974763 -0.98048924 -0.0074769805 -0.19643071 7.7082402
-0.22427852 -0.03501591 0.97389576 27.929777 -0.0095944659 0.99938517 0.033722858 1.1124141 -0.9744779 -0.0017806959 -0.22447659 7.5140284
-0.25182097 -0.028612695 0.96735073 28.75484 -0.0016721929 0.99957422 0.02913051 1.1256531 -0.96777243 0.0057180771 -0.2517616 7.2796451
-0.27966512 -0.018467198 0.95991995 29.552418 0.0046090656 0.99977765 0.020576807 1.1280667 -0.96008659 0.01017895 -0.27951782 7.0295042
-0.30353322 -0.0031931968 0.95281547 30.330924 0.0091151483 0.99993889 0.0062548866 1.1141047 -0.9527773 0.010583621 -0.30348557 6.7534756
-0.32833036 0.01396176 0.94445972 31.113631 0.010028851 0.99988592 -0.011294701 1.0919605 -0.94450975 0.0057634539 -0.32843293 6.4791418
-0.3517784 0.028691948 0.93564344 31.877106 0.0084134888 0.99958668 -0.027489536 1.0656239 -0.93604553 -0.0017981987 -0.35187441 6.1871594
-0.37747788 0.039578015 0.92517239 32.628779 0.012620672 0.99921332 -0.037596078 1.0208684 -0.92593263 -0.0025153896 -0.37768043 5.8809969
-0.40132538 0.044270962 0.91486499 33.41723 0.016694101 0.99901885 -0.041019996 0.97663951 -0.91578344 -0.0011895164 -0.40167069 5.538853
-0.42313725 0.043334638 0.90502868 34.143253 0.019189888 0.99906019 -0.038865015 0.92922515 -0.9058624 0.00092216398 -0.42357117 5.186122
-0.44398222 0.040329767 0.89512749 34.890483 0.023321241 0.99916826 -0.03344999 0.88652694 -0.89573209 0.0060242838 -0.44455349 4.8000296
-0.46183278 0.039136851 0.88610311 35.642249 0.030530222 0.99913548 -0.028216985 0.84762947 -0.88644146 0.014021398 -0.46262837 4.3954966
-0.4750329 0.03981365 0.87906686 36.318351 0.034525146 0.99905002 -0.026590977 0.80269939 -0.87929052 0.017718324 -0.4759562 4.010409
-0.48661697 0.043014844 0.87255578 37.026026 0.036883917 0.9989081 -0.028673852 0.75151788 -0.87283651 0.018230093 -0.48767218 3.6223381
-0.49653176 0.046005323 0.86679851 37.740078 0.038725242 0.99877428 -0.030826796 0.70964007 -0.86715433 0.0182605 -0.49770472 3.2131133
-0.50709382 0.044940515 0.86071839 38.40994 0.031831159 0.99893491 -0.0334038 0.65280336 -0.86130291 0.010458805 -0.50798423 2.8193402
-0.51825929 0.043986161 0.8540916 39.07673 0.031218909 0.9989839 -0.032504683 0.63400791 -0.85465358 0.0098179549 -0.51910589 2.4155244
-0.52655349 0.04558383 0.848919 39.757708 0.03307254 0.99890391 -0.033123777 0.58586309 -0.84949849 0.010634468 -0.52748392 1.9868309
-0.53434413 0.048408749 0.84387966 40.431631 0.036639625 0.99874684 -0.034092439 0.54145378 -0.84447258 0.01270234 -0.53544819 1.552926
-0.53735268 0.051765494 0.84176741 41.151755 0.037753626 0.99859036 -0.037309012 0.50216846 -0.84251221 0.011731675 -0.53854954 1.1036374
-0.5373309 0.053364201 0.84168148 41.843148 0.036947955 0.99852747 -0.039720895 0.46029691 -0.84256182 0.0097551461 -0.53851136 0.65434342
-0.53457313 0.054061857 0.84339127 42.55008 0.039449401 0.99846029 -0.038997353 0.41655564 -0.84420103 0.012424344 -0.53588275 0.20195003
-0.52854746 0.053223304 0.84723362 43.326694 0.038055243 0.99851484 -0.038986008 0.36839514 -0.84805038 0.011635726 -0.52978791 -0.26990119
-0.52128214 0.051673014 0.85181851 44.081725 0.035320252 0.99861621 -0.038963338 0.32296907 -0.85265319 0.0097755527 -0.5223859 -0.71948104
-0.51318665 0.051085281 0.85675533 44.861601 0.0335056 0.99865857 -0.039476996 0.27684065 -0.85762282 0.0084470351 -0.51420989 -1.1720964
-0.50704926 0.049587561 0.86048943 45.673925 0.030560405 0.99875026 -0.039547212 0.22620309 -0.86137516 0.0062445215 -0.50793099 -1.6535616
-0.5018528 0.047839959 0.86362899 46.491234 0.026605595 0.9988506 -0.039869989 0.17756599 -0.86454379 0.0029684987 -0.50254879 -2.1076984
-0.500572 0.04464947 0.86454267 47.336861 0.02174396 0.99900245 -0.039003871 0.1301903 -0.86542183 -0.00072566409 -0.50104351 -2.5779463
-0.50159938 0.042414823 0.86405959 48.174498 0.019001746 0.99909658 -0.038012701 0.078393466 -0.86489136 -0.0026485051 -0.50195218 -3.0545294
-0.50199384 0.040972117 0.86390011 49.035698 0.017433621 0.99915365 -0.037256471 0.027995331 -0.86469551 -0.0036416105 -0.50228327 -3.5399815
-0.50356146 0.040539627 0.86300772 49.877912 0.017859414 0.9991735 -0.036515093 -0.018968172 -0.86377483 -0.0029747807 -0.50386929 -4.0288985
-0.50304234 0.039901914 0.86334013 50.771488 0.017392495 0.99919874 -0.036046951 -0.073183783 -0.86408678 -0.0031175032 -0.50333327 -4.5411125
-0.50255973 0.03933059 0.86364736 51.657553 0.017803277 0.99922364 -0.03514495 -0.12230805 -0.8643592 -0.0022866829 -0.50286977 -5.0473658
-0.50371694 0.038889461 0.86299293 52.52408 0.017707467 0.99924111 -0.034693675 -0.17508026 -0.8636873 -0.0021943725 -0.5040233 -5.559221
-0.50319783 0.037535699 0.86335563 53.451683 0.015903725 0.99928927 -0.034176299 -0.22335002 -0.86402493 -0.0034668682 -0.50343715 -6.0842703
-0.50369288 0.036644331 0.86310521 54.325877 0.01508973 0.99932072 -0.033621449 -0.2882138 -0.86375103 -0.0039108594 -0.50390369 -6.5892943
-0.50266402 0.036010512 0.86373148 55.235769 0.01399343 0.99934006 -0.033520548 -0.34132838 -0.86436863 -0.0047630069 -0.50283621 -7.0998847
-0.50125883 0.034477449 0.86461022 56.132547 0.013138257 0.99939396 -0.032235203 -0.39880255 -0.86519769 -0.0047987084 -0.50140802 -7.6110127
-0.49935429 0.032592346 0.8657846 57.017607 0.014312196 0.99946614 -0.029369995 -0.45130373 -0.8662797 -0.0022747534 -0.49955417 -8.1214323
-0.4969574 0.031358282 0.86720813 57.909535 0.014831882 0.99950783 -0.027642768 -0.50210057 -0.86764821 -0.000874949 -0.49717792 -8.6244705
-0.49496197 0.03080935 0.86836822 58.801533 0.014545153 0.99952494 -0.027172131 -0.55606988 -0.86879293 -0.00081862193 -0.49517496 -9.127544
-0.49312586 0.031104781 0.8694017 59.691138 0.015213589 0.99951612 -0.027130743 -0.60722308 -0.86982498 -0.00015215051 -0.49336046 -9.6123303
-0.491081 0.031915275 0.87052903 60.59322 0.015496679 0.99949056 -0.027901298 -0.65578295 -0.8709761 -0.00021148822 -0.49132541 -10.120311
-0.49225911 0.033107383 0.86981883 61.474876 0.01451892 0.99944969 -0.029824707 -0.71078173 -0.87032766 -0.0020526527 -0.4924689 -10.609741
-0.49479073 0.035285403 0.86829546 62.361521 0.013672891 0.99936773 -0.032820478 -0.76044484 -0.86890463 -0.0043671582 -0.49496034 -11.102066
-0.49924632 0.035526676 0.86573143 63.228106 0.011898853 0.99934595 -0.034147981 -0.82008647 -0.86637844 -0.0067470419 -0.49934252 -11.592349
-0.50497739 0.034216404 0.86245406 64.106897 0.011825133 0.99939442 -0.032725519 -0.87185098 -0.8630516 -0.0063270122 -0.5050762 -12.094193
-0.51034254 0.032313272 0.85936388 64.968636 0.015418901 0.999477 -0.028425037 -0.92801363 -0.85983301 -0.0012560584 -0.51057387 -12.61259
-0.51611674 0.02982647 0.85599873 65.821148 0.012483675 0.99954929 -0.027301433 -0.97957473 -0.85642731 -0.0034047164 -0.51625647 -13.114823
-0.5207354 0.03247408 0.85310024 66.667787 0.013810225 0.99946595 -0.02961582 -1.0299735 -0.85360646 -0.0036404987 -0.52090577 -13.627493
-0.52552905 0.034922333 0.85005858 67.50232 0.01430552 0.99937865 -0.032212682 -1.0800932 -0.85065541 -0.0047681688 -0.5257021 -14.15088
-0.53063128 0.034982688 0.84688051 68.333645 0.01224475 0.99936004 -0.033609052 -1.1417665 -0.84751435 -0.0074641735 -0.53072006 -14.65739
-0.53439806 0.035519775 0.84448623 69.167991 0.011852314 0.99933329 -0.034532522 -1.1880267 -0.84514987 -0.0084449961 -0.53446276 -15.172256
-0.53753641 0.034889856 0.84251839 69.987019 0.011980969 0.9993588 -0.033740838 -1.2476379 -0.84315546 -0.0080427417 -0.53760976 -15.700297
-0.54032398 0.027692791 0.84100122 70.812078 0.013496241 0.99961495 -0.024244654 -1.2956509 -0.84134886 -0.0017496119 -0.54048968 -16.222321
-0.54220193 0.020401392 0.84000047 71.63802 0.014408592 0.99978395 -0.014981678 -1.3343255 -0.8401247 0.0039801305 -0.54237874 -16.757836
-0.54427513 0.01686898 0.83873712 72.461432 0.01415257 0.99984016 -0.010925224 -1.3740065 -0.83878742 0.0059239591 -0.54442688 -17.278315
-0.54514781 0.022580619 0.83803575 73.262872 0.014525272 0.99974154 -0.017488946 -1.409497 -0.83821414 0.0026386375 -0.5453349 -17.792789
-0.54641109 0.028101352 0.8370455 74.054637 0.015274056 0.99960507 -0.023588131 -1.4529038 -0.83737786 -0.00010373574 -0.54662452 -18.31156
-0.54682577 0.033033338 0.83659447 74.855562 0.02158525 0.99944545 -0.025354754 -1.4888972 -0.83696816 0.0041934689 -0.54723557 -18.835745
-0.54619405 0.033924382 0.83697141 75.652165 0.024876083 0.99939579 -0.024274086 -1.5350172 -0.83728926 0.0075622102 -0.54670794 -19.371608
-0.5461373 0.031511823 0.83710274 76.44715 0.024887173 0.99946147 -0.021386908 -1.5758734 -0.83732594 0.0091529329 -0.54662743 -19.884692
-0.54546841 0.025949533 0.83772954 77.249287 0.022596356 0.99961258 -0.016250925 -1.6096649 -0.83782676 0.01006527 -0.54584345 -20.403651
-0.54458875 0.020114219 0.83846196 78.052657 0.020936957 0.99972687 -0.010384124 -1.6412004 -0.83844189 0.011899766 -0.54486113 -20.916683
-0.54417728 0.013703424 0.8388583 78.85357 0.011679432 0.99989344 -0.0087574753 -1.6816276 -0.83888899 0.0050317704 -0.54427934 -21.417778
-0.54300977 0.0082155884 0.83968615 79.660112 0.0033030731 0.9999653 -0.0076477398 -1.7058854 -0.83971991 -0.001379252 -0.54301807 -21.915359
-0.54113685 0.0088134898 0.84088833 80.458424 0.0063255153 0.99995945 -0.0064100806 -1.7316521 -0.84091079 0.001850322 -0.54117065 -22.429108
-0.53857997 0.012240192 0.84248545 81.244348 0.011639981 0.99990714 -0.0070861689 -1.7642066 -0.84249403 0.0059900472 -0.53867243 -22.923734
-0.53175636 0.015625056 0.8467532 82.038946 0.012941602 0.99986296 -0.01032312 -1.7899608 -0.84679853 0.0054689586 -0.5318857 -23.426177
-0.5244314 0.017468366 0.85127346 82.830666 0.017647423 0.99979776 -0.0096443384 -1.8177417 -0.85126983 0.0099649902 -0.52463361 -23.915614
-0.51705278 0.020481193 0.85570841 83.625769 0.025580427 0.99963689 -0.0084693858 -1.855719 -0.85557123 0.017510268 -0.51738895 -24.403307
-0.50675503 0.019976418 0.86185858 84.435182 0.02417617 0.9996676 -0.0089555078 -1.8825699 -0.86175107 0.016298193 -0.50706954 -24.874586
-0.49704054 0.017336528 0.86755408 85.239049 0.020353343 0.99975825 -0.0083175214 -1.9045203 -0.86748862 0.013523482 -0.49727324 -25.318062
-0.48436739 0.014653232 0.87474193 86.06484 0.02203324 0.9997469 -0.0045468716 -1.9307687 -0.87458723 0.017071044 -0.48456766 -25.770207
-0.4733328 0.013265913 0.88078375 86.886023 0.02149178 0.99976287 -0.0035082415 -1.9576805 -0.8806215 0.017269046 -0.47350567 -26.203387
-0.46255587 0.012633183 0.88650009 87.703278 0.021752876 0.99975918 -0.0028970326 -1.9767384 -0.88632327 0.017943888 -0.46271929 -26.618137
-0.44986096 0.0142252 0.89298527 88.528189 0.025111293 0.9996793 -0.0032744627 -1.9974253 -0.89274554 0.020950963 -0.45007391 -27.031537
-0.43811139 0.017230118 0.89875551 89.355386 0.024256757 0.99967881 -0.0073406186 -2.0317161 -0.89859339 0.018584887 -0.43838862 -27.423989
-0.42725805 0.026887062 0.90372981 90.180075 0.026350759 0.99950342 -0.017278544 -2.0600331 -0.90374568 0.016431571 -0.42775438 -27.809055
-0.41462379 0.031823915 0.90943624 91.004382 0.026434882 0.99938776 -0.022919583 -2.0913019 -0.90960892 0.014537836 -0.4152112 -28.177607
-0.40315214 0.02788479 0.91470799 91.849231 0.023481899 0.99952176 -0.020120821 -2.124913 -0.91483169 0.01336733 -0.40361413 -28.537103
-0.39121768 0.024507188 0.91997177 92.694657 0.024708643 0.99956472 -0.016120127 -2.1665477 -0.91996646 0.016424776 -0.39165293 -28.890349
-0.38152706 0.025381333 0.9240091 93.540219 0.022394817 0.99958334 -0.018210349 -2.1997418 -0.92408639 0.013745275 -0.3819365 -29.22194
-0.37482835 0.029544949 0.92662329 94.381118 0.017131333 0.99954215 -0.024940136 -2.2433745 -0.92693597 0.0065260231 -0.37516288 -29.552124
-0.36879951 0.034375302 0.92887307 95.233447 0.0096284274 0.99940359 -0.033162593 -2.2814696 -0.92945914 -0.0032867602 -0.36891054 -29.873613
-0.36562068 0.03625241 0.93005764 96.072495 0.0062670543 0.99931443 -0.036488265 -2.3299738 -0.93074288 -0.007512142 -0.36559722 -30.190858
-0.3627706 0.036587873 0.93115989 96.907605 0.0067619048 0.99930598 -0.03663115 -2.377314 -0.93185398 -0.0069922889 -0.36276623 -30.515665
-0.35696569 0.035708146 0.93343471 97.766068 0.0045083809 0.99932332 -0.036504582 -2.4300743 -0.93410666 -0.0088226034 -0.35688512 -30.833518
-0.35238131 0.03206031 0.93530715 98.594959 0.0029666798 0.99944628 -0.033141149 -2.477233 -0.93585185 -0.008903564 -0.35228131 -31.14191
-0.34632634 0.028088706 0.93769345 99.468487 0.0024153237 0.99957503 -0.029050302 -2.524558 -0.93811103 -0.0077960509 -0.34624701 -31.455446
-0.34088407 0.025488964 0.9397597 100.31588 0.0019658978 0.99964952 -0.026400245 -2.5668819 -0.94010332 -0.0071519506 -0.34081471 -31.752772
-0.33552257 0.023837694 0.94173048 101.14568 -0.0040244873 0.99963439 -0.02673725 -2.6169514 -0.94202361 -0.012760933 -0.33530397 -32.032338
-0.32880502 0.023685844 0.94410072 102.00689 -0.01500486 0.99942823 -0.030299704 -2.6538423 -0.94427866 -0.024128794 -0.32826161 -32.314205
-0.32222722 0.027383545 0.94626618 102.856 -0.011870614 0.99938608 -0.032962994 -2.7011223 -0.94658797 -0.021854334 -0.32170434 -32.58893
-0.31554731 0.030970262 0.94840427 103.70928 -0.010622733 0.99928933 -0.036166249 -2.7530354 -0.94885043 -0.021486807 -0.31499407 -32.870439
-0.30904934 0.029062334 0.95060181 104.55637 -0.013142483 0.99930704 -0.034824117 -2.7979532 -0.95095523 -0.023255638 -0.30845323 -33.140833
-0.3018236 0.024297592 0.95305407 105.41956 -0.013000973 0.99947732 -0.029598416 -2.8408691 -0.95327518 -0.02132413 -0.30134995 -33.401586
-0.29486733 0.021663366 0.95529256 106.27627 -0.012783351 0.99956407 -0.026613118 -2.8844978 -0.95545273 -0.020059179 -0.29446186 -33.65399
-0.28849795 0.024437237 0.95716857 107.12391 -0.0155918 0.99942179 -0.03021548 -2.9309282 -0.9573536 -0.023641085 -0.28795012 -33.89894
-0.28175541 0.02720641 0.95910042 107.99143 -0.016027669 0.99932498 -0.033055898 -2.9760529 -0.95935243 -0.024685821 -0.28112916 -34.147632
-0.27519305 0.028161916 0.96097638 108.84218 -0.016962518 0.99927304 -0.034141743 -3.0168497 -0.96123937 -0.02569615 -0.2745153 -34.379431
-0.26823795 0.026938432 0.96297593 109.71572 -0.018127846 0.99929081 -0.033003839 -3.0692742 -0.96318215 -0.026309561 -0.26755939 -34.614542
-0.26048442 0.027301785 0.96509191 110.56576 -0.01403097 0.99938749 -0.032059028 -3.1113165 -0.96537613 -0.021892052 -0.2599418 -34.839968
-0.25287615 0.028347664 0.96708324 111.4283 -0.010090535 0.99943902 -0.0319346 -3.1629105 -0.96744608 -0.017833885 -0.25244825 -35.065898
-0.24599123 0.028993477 0.96883828 112.31241 -0.0084202115 0.99945088 -0.032047508 -3.2059919 -0.96923552 -0.016041229 -0.24561203 -35.288016
-0.23950131 0.027967924 0.97049309 113.15896 -0.014977446 0.99935964 -0.032495987 -3.2501842 -0.97078055 -0.022318339 -0.23892905 -35.476784
-0.23365399 0.025768022 0.97197826 114.02866 -0.01982897 0.9993146 -0.03125942 -3.2958973 -0.97211764 -0.026577215 -0.23298289 -35.668226
-0.22901039 0.02592414 0.97307867 114.91763 -0.01698666 0.99938666 -0.030622765 -3.3394816 -0.9732758 -0.023542287 -0.22842956 -35.879166
-0.22428685 0.025978163 0.97417681 115.766 -0.01554098 0.99942216 -0.030229408 -3.3868009 -0.97439928 -0.021919721 -0.22375353 -36.063524
-0.21976543 0.027612774 0.97516184 116.65176 -0.014575422 0.99939483 -0.031583717 -3.4309739 -0.9754439 -0.021154404 -0.21922997 -36.264107
-0.21372286 0.026631808 0.97653121 117.50388 -0.0089302682 0.9995333 -0.029213588 -3.4717905 -0.97685356 -0.014964297 -0.21338529 -36.448754
-0.20861864 0.025637067 0.97766094 118.3738 -0.00070190204 0.99965218 -0.026363514 -3.5133852 -0.97799686 -0.006186142 -0.20852808 -36.639843
-0.20381522 0.02466191 0.97869866 119.26298 0.0013583226 0.99968883 -0.024907961 -3.5587114 -0.97900847 -0.0037472323 -0.2037853 -36.829601
-0.19953581 0.026070261 0.97954363 120.1201 -0.00032640695 0.99964419 -0.02667172 -3.5980658 -0.97989052 -0.0056416923 -0.1994563 -36.988719
-0.19584154 0.0280115 0.98023536 120.98714 -0.0028749413 0.99957125 -0.029138432 -3.6386503 -0.98063138 -0.008524634 -0.19567705 -37.152986
-0.19413916 0.02734453 0.98059277 121.87618 -0.00440477 0.99957704 -0.028745981 -3.6822987 -0.98096415 -0.0099000057 -0.1939366 -37.323744
-0.19334931 0.02605224 0.98078399 122.72918 -0.0056192063 0.9996016 -0.027659841 -3.7260971 -0.98111393 -0.010859238 -0.19312589 -37.478441
-0.19222311 0.022057732 0.98110328 123.61443 -0.0043714851 0.9997182 -0.023332727 -3.7620643 -0.98134155 -0.008773967 -0.19207252 -37.654083
-0.19129869 0.016787317 0.98138826 124.46963 -0.0038153712 0.99983346 -0.017846551 -3.8031298 -0.9815245 -0.0071583815 -0.19120278 -37.810571
-0.19044006 0.014656943 0.98158936 125.33633 -0.0026789699 0.99987706 -0.015449763 -3.8364315 -0.98169521 -0.0055719013 -0.19037738 -37.9704
-0.18951619 0.018994595 0.98169381 126.20358 -0.005080307 0.99978051 -0.020325304 -3.8743825 -0.98186449 -0.0088392794 -0.1893781 -38.137151
-0.18928179 0.022785971 0.98165835 127.04359 -0.0048972951 0.99969638 -0.024148951 -3.9126779 -0.98191064 -0.0093784268 -0.18911273 -38.288505
-0.18930962 0.02203866 0.98167005 127.89887 -0.0072785203 0.99968913 -0.023846812 -3.94411 -0.98189051 -0.011659536 -0.18909036 -38.447425
-0.18907404 0.0212884 0.98173201 128.76261 -0.0083182506 0.99969438 -0.023279935 -3.9836868 -0.98192764 -0.012567924 -0.18883917 -38.607912
-0.18847184 0.02170066 0.98183877 129.59824 -0.0035447081 0.99973429 -0.022776622 -4.0235367 -0.98207224 -0.0077730829 -0.18834484 -38.767081
-0.1875688 0.024072381 0.98195641 130.44893 -0.0057409454 0.99965571 -0.025602882 -4.0663186 -0.98223473 -0.010439659 -0.18736602 -38.924104
-0.18799214 0.025209028 0.98184692 131.27572 -0.015480988 0.99947032 -0.028625621 -4.0989752 -0.98204856 -0.020581352 -0.18750231 -39.060066
-0.18742421 0.026912247 0.98191029 132.11493 -0.01916724 0.99933409 -0.031048385 -4.1393273 -0.98209208 -0.024639729 -0.18678357 -39.205748
-0.18760589 0.029909952 0.98178885 132.94664 -0.019968226 0.99921357 -0.034256434 -4.1906758 -0.98204144 -0.02603129 -0.1868611 -39.358726
-0.18669159 0.031215743 0.98192247 133.77249 -0.015780406 0.99927083 -0.034767561 -4.2341745 -0.98229187 -0.021985946 -0.18606287 -39.511277
-0.18547966 0.03231255 0.98211665 134.60302 -0.016692159 0.99921139 -0.036027413 -4.2817541 -0.98250636 -0.023075999 -0.18479402 -39.659537
-0.18324005 0.031388271 0.98256693 135.4149 -0.011860193 0.99934682 -0.034136126 -4.3199669 -0.9829967 -0.017908539 -0.18274809 -39.813789
-0.18004374 0.028713403 0.9832394 136.24446 -0.003814384 0.99954597 -0.029888063 -4.3721898 -0.98365125 -0.0091316105 -0.17985247 -39.965112
-0.17790892 0.023840251 0.98375809 137.05025 0.0022311842 0.99971369 -0.023823414 -4.4087771 -0.98404447 -0.0020434515 -0.17791117 -40.121203
-0.17377632 0.024058222 0.98449119 137.87283 0.0067081715 0.99970727 -0.023245974 -4.4427956 -0.98476234 0.0025645368 -0.17388684 -40.260013
-0.16924054 0.027876308 0.98518042 138.67312 0.0024437482 0.99960872 -0.027864762 -4.4946529 -0.98557179 -0.0023083137 -0.16924244 -40.390876
-0.16262215 0.031404853 0.98618846 139.47652 0.00535917 0.99950671 -0.030945241 -4.5325394 -0.98667391 0.0002527707 -0.16271024 -40.519531
-0.15496334 0.031460981 0.9874191 140.27453 -0.00090762859 0.99948784 -0.031987953 -4.5737049 -0.98791985 -0.005853169 -0.15485542 -40.634437
-0.14478865 0.028405615 0.98905474 141.07494 0.0084317619 0.99958696 -0.027473765 -4.6035266 -0.98942672 0.0043615857 -0.14496836 -40.751409
-0.13292244 0.02685603 0.99076248 141.88697 0.015641431 0.99956517 -0.024996157 -4.6461397 -0.99100305 0.012174394 -0.13328472 -40.860157
-0.11931866 0.028979193 0.99243296 142.66225 0.015148606 0.99951073 -0.027364571 -4.6885316 -0.99274048 0.011768873 -0.11969928 -40.950257
-0.10538499 0.029837498 0.99398372 143.45981 0.013097421 0.99950471 -0.0286146 -4.7268629 -0.99434528 0.010003075 -0.10572359 -41.023216
-0.091280834 0.030010018 0.99537286 144.25566 0.015978039 0.99946128 -0.028668012 -4.7641392 -0.99569704 0.013287267 -0.091711162 -41.093384
-0.077747874 0.031767494 0.99646676 145.02828 0.020053868 0.99933983 -0.030294413 -4.803351 -0.99677139 0.017627688 -0.07833361 -41.147469
-0.063895688 0.037414014 0.99725496 145.81964 0.016816317 0.99919546 -0.036409367 -4.8539518 -0.99781493 0.014443755 -0.064473449 -41.187246
-0.051141283 0.046619497 0.99760268 146.58024 0.0089252675 0.99889131 -0.046222168 -4.8996297 -0.99865159 0.0065400108 -0.051500676 -41.207123
-0.037583394 0.055206621 0.99776732 147.34593 0.0023155458 0.99847492 -0.055158549 -4.9456988 -0.99929085 0.00023733133 -0.037653911 -41.215018
-0.0244635 0.056363199 0.99811054 148.10997 0.0012286541 0.99841032 -0.056350012 -4.9977884 -0.99970001 -0.00015218508 -0.024493864 -41.222036
-0.012407955 0.052052419 0.99856723 148.88604 -0.0006841535 0.99864347 -0.052064892 -5.0534788 -0.99992283 -0.0013291913 -0.012355513 -41.223492
-0.0018194934 0.049385441 0.9987781 149.64106 -0.00046904301 0.99877964 -0.04938637 -5.1099313 -0.99999828 -0.00055832723 -0.0017941106 -41.204383
0.0069721713 0.055335621 0.99844343 150.38469 -0.0057430867 0.99845348 -0.055296072 -5.1732332 -0.99995924 -0.0053486127 0.0072791844 -41.180656
0.013787484 0.064013864 0.99785372 151.13761 -0.012350378 0.99788339 -0.063845119 -5.2242124 -0.99982871 -0.011443607 0.014548895 -41.161674
0.016852505 0.067505195 0.99757654 151.88623 -0.016661819 0.99759869 -0.067225216 -5.278876 -0.99971919 -0.015488526 0.017936795 -41.138906
0.017205244 0.063183525 0.99785357 152.66475 -0.019612659 0.99783064 -0.062843905 -5.3369342 -0.99965965 -0.018489316 0.018407115 -41.115992
0.015875002 0.057722055 0.99820642 153.41982 -0.012996606 0.99825984 -0.05751845 -5.4101558 -0.99978956 -0.01206019 0.016597567 -41.099841
0.012784076 0.055240783 0.99839118 154.17099 -0.012893968 0.9983989 -0.055076106 -5.4608816 -0.99983519 -0.012169126 0.013475879 -41.085603
0.0097146605 0.055190359 0.99842855 154.91631 -0.014522153 0.99837819 -0.055046274 -5.5168501 -0.9998474 -0.013964576 0.010500386 -41.074216
0.0062595874 0.055559661 0.99843571 155.64848 -0.013471859 0.99836938 -0.055471508 -5.5727907 -0.9998897 -0.013103556 0.0069978708 -41.068478
0.001752209 0.053740573 0.99855335 156.39823 -0.012386426 0.99847949 -0.053714861 -5.6290784 -0.99992179 -0.012274387 0.0024151969 -41.064584
-0.0035775006 0.054078416 0.99853024 157.14375 -0.014421918 0.99843003 -0.054124657 -5.680306 -0.99988964 -0.014594352 -0.0027919711 -41.062216
-0.0096291479 0.052183209 0.99859106 157.88756 -0.014267013 0.99852858 -0.052317515 -5.7306728 -0.9998519 -0.014750685 -0.0088704824 -41.061916
-0.014971232 0.049326299 0.99867046 158.63607 -0.011639291 0.99870618 -0.049502548 -5.7844533 -0.99982022 -0.01236493 -0.01437774 -41.076704
-0.020394122 0.04926563 0.99857743 159.37021 -0.01286635 0.99868956 -0.049533932 -5.8370557 -0.99970927 -0.013858247 -0.019733529 -41.088023
-0.025845558 0.050546452 0.99838719 160.09079 -0.012944413 0.9986202 -0.050893343 -5.8836738 -0.99958218 -0.014238902 -0.025155604 -41.10035
-0.030003903 0.052924544 0.99814762 160.80551 -0.016632244 0.99843256 -0.053439609 -5.9421625 -0.99941144 -0.018204831 -0.029076621 -41.114584
-0.032615818 0.054795012 0.99796474 161.51956 -0.015251125 0.99835248 -0.055314742 -5.9959504 -0.99935164 -0.01702422 -0.031726398 -41.133641
-0.034100462 0.056449239 0.99782291 162.2367 -0.013444783 0.99828736 -0.056934985 -6.0500396 -0.99932801 -0.015357021 -0.033283114 -41.15861
-0.033072301 0.054828287 0.99794789 162.96566 -0.0099222646 0.99842693 -0.055183431 -6.1009156 -0.99940375 -0.011726945 -0.032476257 -41.185209
-0.02931033 0.051222441 0.99825702 163.66984 -0.0049967312 0.99866615 -0.051390144 -6.1472295 -0.99955791 -0.0064942834 -0.029015291 -41.205039
-0.02204994 0.050598526 0.99847559 164.3739 -0.0033606496 0.99870906 -0.050684571 -6.204223 -0.99975126 -0.0044731176 -0.021851432 -41.215349
-0.011392146 0.051545637 0.99860562 165.07389 -0.0018443267 0.99866769 -0.05156988 -6.2578411 -0.99993345 -0.0024292458 -0.011281902 -41.216949
0.0023772534 0.051957279 0.99864644 165.75161 -0.0011032357 0.99864883 -0.051954775 -6.3094161 -0.99999661 -0.0009782319 0.0024313609 -41.208877
0.017846096 0.049801774 0.99859963 166.44133 -0.0016082537 0.99875886 -0.049780972 -6.3534707 -0.99983949 -0.00071760469 0.017904039 -41.188605
0.033656681 0.044869123 0.99842571 167.14308 -0.0044601549 0.99898853 -0.044744063 -6.3985807 -0.99942354 -0.0029471959 0.033822759 -41.144743
0.049775174 0.038515001 0.99801751 167.80739 -0.0067565581 0.9992463 -0.038225443 -6.4404634 -0.99873764 -0.0048404844 0.049997886 -41.096098
0.067594437 0.031263888 0.99722288 168.49081 -0.0069756502 0.9994993 -0.030862426 -6.4771692 -0.99768854 -0.0048701489 0.067778677 -41.040722
0.085131705 0.023363443 0.99609571 169.17791 -0.0065777793 0.99971644 -0.022886194 -6.5104573 -0.99634804 -0.0046037563 0.085261243 -40.969603
0.10220479 0.017126905 0.99461589 169.82454 -0.0087417813 0.99982863 -0.016318377 -6.5459858 -0.99472501 -0.0070268976 0.10233699 -40.883709
0.12040552 0.014603154 0.99261734 170.50045 -0.0093022464 0.9998645 -0.013581399 -6.5756573 -0.99268125 -0.007598295 0.12052504 -40.790052
0.13855512 0.013869303 0.99025756 171.12974 -0.0085019309 0.99988175 -0.012814521 -6.5954019 -0.99031827 -0.0066435832 0.13865665 -40.688907
0.1561345 0.013141943 0.98764833 171.76858 -0.010081053 0.99988061 -0.011711024 -6.6188069 -0.9876844 -0.0081280399 0.15624834 -40.573852
0.17257261 0.012542848 0.98491689 172.42445 -0.014387096 0.99984435 -0.010212107 -6.6331554 -0.98489176 -0.012407763 0.17272621 -40.441669
0.18650294 0.0091553132 0.9824117 173.03651 -0.01841609 0.99981346 -0.0058213373 -6.6551955 -0.98228182 -0.017006486 0.18663676 -40.30575
0.19886536 0.0049260418 0.9800144 173.6609 -0.014067371 0.99989869 -0.0021714267 -6.6740956 -0.97992589 -0.013354404 0.19891451 -40.172021
0.20998667 0.0032534968 0.9776988 174.29791 -0.011638568 0.99993193 -0.00082779164 -6.6921625 -0.97763502 -0.011205188 0.21001024 -40.031385
0.21959333 0.0068858594 0.97556715 174.88146 -0.015055537 0.99987993 -0.0036685703 -6.7113822 -0.97547536 -0.013882093 0.21967064 -39.881847
0.22854145 0.01388685 0.97343509 175.50041 -0.020027992 0.99975371 -0.0095601679 -6.7332068 -0.97332819 -0.017311055 0.22876328 -39.72339
0.23773059 0.024021017 0.97103403 176.06333 -0.020333398 0.99959817 -0.019749559 -6.7523923 -0.97111832 -0.015049346 0.23812349 -39.571607
0.24587163 0.030706162 0.96881587 176.64967 -0.015570075 0.99949426 -0.027727036 -6.7680962 -0.96917738 -0.0082672435 0.24622538 -39.422358
0.25249087 0.029284434 0.96715599 177.26841 -0.015427481 0.99953669 -0.026237306 -6.7866232 -0.96747632 -0.0082960994 0.25282567 -39.256467
0.25820135 0.021867954 0.96584356 177.86426 -0.017577483 0.99968463 -0.017935127 -6.8051972 -0.96593125 -0.012346224 0.2585043 -39.083011
0.26253108 0.01092608 0.96486163 178.46792 -0.021217691 0.99975949 -0.0055480997 -6.8295329 -0.96469027 -0.019015586 0.26269976 -38.903132
0.26494772 0.0018112732 0.96426104 179.08671 -0.020389404 0.99978518 0.0037243464 -6.8535499 -0.96404723 -0.020647465 0.26492773 -38.727625
0.26596814 0.00087855071 0.96398138 179.68337 -0.016866379 0.99985075 0.0037422923 -6.8731216 -0.9638343 -0.017254206 0.26594326 -38.564352
0.26695225 0.0038131859 0.96370217 180.29514 -0.014534286 0.99989437 6.9707924e-05 -6.878549 -0.96360019 -0.014025331 0.26697948 -38.401828
0.2686934 0.0034857249 0.96321941 180.89059 -0.011953729 0.99992851 -0.00028403425 -6.8883465 -0.96315162 -0.011437745 0.26871585 -38.231443
0.27076835 0.0015700161 0.96264321 181.50021 -0.013434491 0.99990745 0.0021480071 -6.8869473 -0.96255083 -0.013514234 0.27076438 -38.049645
0.27316695 -0.0025235259 0.96196329 182.11344 -0.013518128 0.99988775 0.0064617315 -6.905817 -0.9618717 -0.014769074 0.27310217 -37.874378
0.27656294 -0.0080354563 0.96096217 182.73238 -0.011810361 0.9998611 0.011759723 -6.9152298 -0.96092327 -0.014601614 0.27642962 -37.688356
0.28085727 -0.011164082 0.95968457 183.35274 -0.01095952 0.99982984 0.014838462 -6.9220013 -0.95968701 -0.014685172 0.28068712 -37.504116
0.28643463 -0.012679836 0.95801584 183.96092 -0.0096491061 0.99982353 0.016118144 -6.9206548 -0.95805124 -0.01386079 0.28626174 -37.32036
0.2945478 -0.016118418 0.95550077 184.59489 -0.0073505551 0.99978996 0.019131458 -6.9231174 -0.95560852 -0.012658589 0.29436745 -37.12175
0.30410838 -0.017871441 0.95246975 185.19929 -0.0054152944 0.99977543 0.020488067 -6.9257546 -0.95262209 -0.011388496 0.3039433 -36.916805
0.3149205 -0.016353176 0.94897712 185.82772 -0.0063572772 0.99979278 0.019338531 -6.9274156 -0.9490968 -0.01212301 0.31475128 -36.700458
0.32627564 -0.012744441 0.94518872 186.44507 -0.0071277024 0.99984751 0.015941888 -6.931316 -0.94524784 -0.011938473 0.32613505 -36.473999
0.33776795 -0.008908846 0.94118721 187.05035 -0.0090180276 0.99987868 0.012700731 -6.9291997 -0.94118625 -0.012777552 0.33764663 -36.242769
0.34988055 -0.0083056421 0.93675746 187.6776 -0.0084360938 0.99989221 0.012016314 -6.9283871 -0.93675638 -0.012106848 0.34977276 -35.995851
0.36100945 -0.011474115 0.93249153 188.30434 -0.0076406547 0.99985435 0.015261042 -6.9327069 -0.9325309 -0.012634225 0.3608692 -35.743938
0.37196129 -0.013389475 0.92815163 188.91914 -0.0073442149 0.99982222 0.017366621 -6.9330196 -0.92821923 -0.013276255 0.37179683 -35.484029
0.38351277 -0.013217789 0.92344094 189.55142 -0.010829798 0.99976446 0.018807961 -6.9396559 -0.92347211 -0.017213771 0.38327929 -35.204819
0.39290245 -0.014895092 0.91945948 190.16436 -0.012724893 0.99968501 0.02163232 -6.9288435 -0.91949215 -0.020199415 0.39258915 -34.926313
0.39968975 -0.013605343 0.91654947 190.81114 -0.017306455 0.99959962 0.022385161 -6.9305313 -0.91648713 -0.024809342 0.39929426 -34.636761
0.40414551 -0.01563628 0.91456101 191.4571 -0.018128142 0.99952057 0.025099681 -6.9237821 -0.91451509 -0.026723215 0.40366829 -34.343811
0.40638775 -0.021337408 0.9134515 192.09211 -0.011539032 0.99952771 0.0284817 -6.9151243 -0.91362789 -0.02211496 0.4059496 -34.05103
0.40673365 -0.019813501 0.91333187 192.75707 -0.0088781701 0.99963183 0.025639373 -6.9090758 -0.91350369 -0.018537111 0.40640799 -33.770407
0.40594121 -0.019691501 0.91368699 193.4151 -0.0067569484 0.99967585 0.024546745 -6.9051452 -0.91387425 -0.016138271 0.40567657 -33.470789
0.40464245 -0.018329309 0.91429123 194.08236 -0.0042824474 0.99975016 0.021937856 -6.9054769 -0.91446499 -0.012792392 0.40446286 -33.184565
0.40481935 -0.019881067 0.91418049 194.75223 -0.00084860874 0.99975501 0.022117874 -6.8934228 -0.91439633 -0.0097295245 0.4047033 -32.887025
0.40367364 -0.026147443 0.9145293 195.43782 0.0033347646 0.99962693 0.027108515 -6.8883956 -0.91489701 -0.0078932525 0.40361024 -32.588472
0.40297424 -0.029195252 0.9147455 196.12245 0.0035170852 0.99953309 0.030351967 -6.8840057 -0.9152046 -0.0090138223 0.40288876 -32.284789
0.40128858 -0.031432506 0.91541215 196.81317 0.0044135152 0.99946576 0.032383905 -6.8726539 -0.91594108 -0.0089551051 0.40121292 -31.98308
0.39939284 -0.031918012 0.91622406 197.4966 0.0032895179 0.99943722 0.033382925 -6.8657202 -0.91677402 -0.010318965 0.39927306 -31.679445
0.39826988 -0.031759667 0.91671825 198.18227 0.0020732207 0.99942902 0.033724463 -6.8556531 -0.91726598 -0.011530878 0.39810832 -31.36712
0.39606147 -0.030902574 0.91770381 198.87178 0.0012250664 0.99945041 0.03312658 -6.8480078 -0.91822322 -0.011995913 0.39588165 -31.078445
0.39543976 -0.027831718 0.91807011 199.56223 0.0022595729 0.99956726 0.029329078 -6.8435209 -0.91848918 -0.0095234362 0.39533152 -30.772302
0.39481563 -0.021455512 0.91850977 200.24796 0.0010029465 0.99973676 0.022921786 -6.8447686 -0.91875986 -0.0081286628 0.39473322 -30.479232
0.39322608 -0.018666661 0.91925227 200.9286 -0.0012106909 0.99978251 0.02081983 -6.8337543 -0.91944106 -0.0092998301 0.39311796 -30.18229
0.39216979 -0.0211457 0.91964974 201.62189 -0.0021367402 0.99971212 0.023897769 -6.8275127 -0.91989041 -0.011337035 0.39201171 -29.879408
0.39074541 -0.024119186 0.92018271 202.32081 -0.003504443 0.99961044 0.027689213 -6.8238228 -0.92049216 -0.01404416 0.39050867 -29.580569
0.38778559 -0.024034706 0.92143616 202.99804 -0.0069621895 0.9995551 0.029002389 -6.8229978 -0.92172335 -0.017661921 0.38744573 -29.289104
0.38356064 -0.023975922 0.92320438 203.69424 -0.0099304886 0.99949807 0.030083081 -6.8171358 -0.92346234 -0.020706556 0.38313002 -28.987169
0.3762395 -0.024987752 0.92618539 204.37425 -0.0099039587 0.99947068 0.030988165 -6.8079665 -0.92646955 -0.020831873 0.37579287 -28.709105
0.36806325 -0.025223 0.92945854 205.07202 -0.0094972355 0.99947785 0.030884016 -6.7990116 -0.92975229 -0.020194558 0.36763152 -28.433319
