1.000000000000000000e+00 4.398956837314658088e-19 2.733407509747682871e-20 -8.673617379884035472e-19 -5.583667658079949532e-19 1.000000000000000000e+00 -6.100159232558060012e-19 0.000000000000000000e+00 4.145284534913582806e-20 -2.210423569125054137e-19 1.000000000000000222e+00 0.000000000000000000e+00
9.998960261775046154e-01 2.995206941385062283e-04 1.441690458723405080e-02 -8.675326109463114832e-02 -2.960966468442537028e-04 9.999999274508705183e-01 -2.396364496166923685e-04 -8.638998526022720337e-03 -1.441697556725345455e-02 2.353427518955711524e-04 9.998960423026962419e-01 1.249493407373009068e-02
9.995328768394614594e-01 1.581471706773321384e-03 3.052092868878998611e-02 -9.522498000843435118e-02 -1.572360587911397160e-03 9.999987118324646929e-01 -3.225191317833390765e-04 -1.241261051690090156e-02 -3.052139995649611609e-02 2.743785999501786020e-04 9.995340758745181464e-01 3.291742233621586244e-02
9.979605233326001024e-01 5.007006453442188788e-03 6.363743996770863942e-02 6.223015169377565936e-03 -5.090869408769291456e-03 9.999863735670201370e-01 1.155741454796503902e-03 6.600676391091006567e-03 -6.363078711239707197e-02 -1.477354201458075866e-03 9.979724146173116761e-01 4.089650881281939321e-01
9.954210896812442089e-01 4.087129055308689161e-03 9.549947414370313359e-02 2.477712823512866550e-02 -4.389492742788514770e-03 9.999859963300419263e-01 2.956265352245900438e-03 1.161474158234949983e-02 -9.548605581325081415e-02 -3.361923071954639897e-03 9.954250904227271990e-01 5.419539757118021495e-01
9.908915396264236231e-01 1.665982312706164445e-03 1.346520741392939202e-01 1.627305015749370698e-01 -2.313691557244684522e-03 9.999864939243655604e-01 4.653901950425137247e-03 1.263844653518080702e-02 -1.346425045268800080e-01 -4.923055356910878422e-03 9.908820109514786534e-01 7.984133539604421070e-01
9.851261841437337630e-01 -2.462244491838418235e-03 1.718148375360646074e-01 1.486789146523312399e-01 1.497307513904720883e-03 9.999823734220486537e-01 5.745512262848614764e-03 -1.803601530341890358e-02 -1.718259588543642191e-01 -5.402794811590597504e-03 9.851125062373228269e-01 8.908641584336460806e-01
9.763705647313619673e-01 -2.525328350745968155e-03 2.160882748676649645e-01 2.650543342075010744e-01 1.188588920275442844e-03 9.999793486710857326e-01 6.315812208778491532e-03 -4.762261223354199990e-03 -2.160997655934225326e-01 -5.909732853825559740e-03 9.763534026568126967e-01 1.167169753132766497e+00
9.649452308808158518e-01 -2.663751327530520727e-03 2.624378116757563606e-01 3.545246294383986307e-01 -5.344121631205515193e-06 9.999482928069496346e-01 1.016915339774558669e-02 1.287357608396752506e-03 -2.624513343843043467e-01 -9.814078414646836349e-03 9.648953216696223301e-01 1.312102480886438993e+00
9.503917364865557271e-01 -6.147923335710557026e-03 3.109947732808994170e-01 5.236203155524082886e-01 1.027734975334511488e-03 9.998612652586984506e-01 1.662510114820415358e-02 2.387969678722698386e-02 -3.110538427203162759e-01 -1.548073838880543486e-02 9.502662021373058376e-01 1.610072254987134910e+00
9.337579701473912586e-01 -1.593912382327855939e-02 3.575499906305655284e-01 6.183762263156050709e-01 7.664371263009691834e-03 9.996692685999166716e-01 2.454813243225817745e-02 -4.795429912639259662e-03 -3.578230195203584429e-01 -2.018161827384329365e-02 9.335713099315838814e-01 1.777303996166652800e+00
9.124502984421605234e-01 -2.139378648444689376e-02 4.086278948374919562e-01 8.104961616213387510e-01 1.018408959035771617e-02 9.995102718934534280e-01 2.958886051963717165e-02 -7.116902461508270439e-03 -4.090608030973578724e-01 -2.283686132876596581e-02 9.122213215547998466e-01 2.027845562145313529e+00
8.878289382307553712e-01 -2.334618301177812660e-02 4.595810365222259830e-01 1.010307953178936291e+00 9.066557681858945436e-03 9.994058187409240457e-01 3.325367597352365395e-02 -8.975679995972055125e-03 -4.600843164305164490e-01 -2.535675763392102045e-02 8.875130757897478073e-01 2.260481005140094979e+00
8.592987092174579900e-01 -2.534887438659527009e-02 5.108455334445450857e-01 1.158797988989680228e+00 7.123625455752177066e-03 9.992673910638134593e-01 3.760232816728518307e-02 2.762988555708366378e-02 -5.114244689633952179e-01 -2.867255956947726420e-02 8.588497544802767836e-01 2.502583455714057159e+00
8.270949642399919588e-01 -3.056179186738294459e-02 5.612306943205337406e-01 1.405433923498588200e+00 8.101449073453203739e-03 9.990651163768318188e-01 4.246480569125563043e-02 2.514959790922143695e-02 -5.620038191910928793e-01 -3.057564477758902000e-02 8.265693207225361938e-01 2.744459004093060539e+00
7.916252816032965933e-01 -3.631128009588000666e-02 6.099269618143993155e-01 1.606030979371166678e+00 1.044844312431427585e-02 9.988910854762541591e-01 4.590674618809346269e-02 2.210997006446509261e-02 -6.109175482166521176e-01 -2.996815337096759083e-02 7.911268323267869329e-01 2.924522333006990049e+00
7.538822621860261641e-01 -4.068785948975484068e-02 6.557484473096772959e-01 1.887045278449349439e+00 1.135340996684439281e-02 9.987383069925431789e-01 4.891721758609105658e-02 3.433125171491137329e-02 -6.569114423011092052e-01 -2.943284130454841552e-02 7.533930392434053935e-01 3.134048682490660376e+00
7.141198522857159503e-01 -4.405921012389511088e-02 6.986355379401810728e-01 2.190890217875782309e+00 1.258676527012442432e-02 9.986641539392718814e-01 5.011467771114660325e-02 4.094163558381593016e-02 -6.999102936173707823e-01 -2.699432425860925563e-02 7.137204600560980161e-01 3.380829212311998511e+00
6.726311452314310824e-01 -4.597323503056256061e-02 7.385484381039615354e-01 2.480652372087758906e+00 1.160917013725816342e-02 9.986009746740808213e-01 5.158798788365103610e-02 5.034226968047431777e-02 -7.398868696123329647e-01 -2.612575238673552763e-02 6.722238273015790355e-01 3.553762346954068008e+00
6.297268822354356033e-01 -4.627748041639855037e-02 7.754369341955945627e-01 2.824293810564536322e+00 7.381850879922670881e-03 9.985353583724100313e-01 5.359707368284506723e-02 8.010954017618177048e-02 -7.767815479335383744e-01 -2.802735775975175384e-02 6.291461704079370776e-01 3.810863824864693328e+00
5.880329833793048744e-01 -4.719321162278302534e-02 8.074589776909193439e-01 3.158447057121136048e+00 4.586401367453778709e-03 9.984748631769626570e-01 5.501738342482830058e-02 1.010407149792376114e-01 -8.088239532680545629e-01 -2.864870459213754439e-02 5.873525985074496969e-01 3.995364782385510072e+00
5.476681012378270541e-01 -4.808642674754341068e-02 8.353127169201959301e-01 3.555827467928151187e+00 2.406875022481851610e-03 9.984335417072025542e-01 5.589874508399166053e-02 1.254390656866388731e-01 -8.366922197595133559e-01 -2.860346567489072817e-02 5.469259388533003197e-01 4.217246619132636987e+00
5.097606090424415815e-01 -5.087357161241196080e-02 8.588107993384207495e-01 3.985633846295355553e+00 1.477989379307208771e-03 9.983003924569802123e-01 5.825926468476354259e-02 1.310827256095106197e-01 -8.603150297702407689e-01 -2.842896438589675653e-02 5.089694054667524004e-01 4.424436726068313064e+00
4.720603743943369568e-01 -5.074818741025384494e-02 8.801043185927686086e-01 4.356588369041967113e+00 -1.446736216667665479e-03 9.982957657776176941e-01 5.833927445413390755e-02 1.549270419551184164e-01 -8.815650423654638468e-01 -2.881293789093016672e-02 4.711824524808269077e-01 4.615052024142515918e+00
4.355843959015449629e-01 -5.000960690336093278e-02 8.987576201942775178e-01 4.823590356373623322e+00 -2.595382723203388045e-03 9.983815863527449874e-01 5.681084388865707824e-02 1.809886581186447851e-01 -9.001441621286228045e-01 -2.707853643730714216e-02 4.347496448466694474e-01 4.781859713654464272e+00
4.025612245331490757e-01 -4.883595295044468321e-02 9.140894356009691135e-01 5.347617929377010526e+00 -1.455504072481097338e-03 9.985404795659047483e-01 5.398881495876010905e-02 1.994502423554368742e-01 -9.153919144475014535e-01 -2.306426362498063820e-02 4.019025959951094129e-01 4.968507218083477284e+00
3.720868241608435989e-01 -4.699655693901323705e-02 9.270073918531035462e-01 5.847470754638075974e+00 3.177880569569201379e-04 9.987237671038980968e-01 5.050481163145299074e-02 2.205218854538543716e-01 -9.281978828350622157e-01 -1.849758229917387517e-02 3.716268883647912968e-01 5.161563117647598453e+00
3.468362712896080891e-01 -4.519477756185658751e-02 9.368361747285550711e-01 6.386437149474325281e+00 1.477909853393495534e-03 9.988634800426428040e-01 4.763994107971494807e-02 2.453878489873710655e-01 -9.379245344855079436e-01 -1.513869928586240345e-02 3.465088774426817730e-01 5.337925631583530617e+00
3.262107186754664157e-01 -4.461607544597013392e-02 9.442435903130653729e-01 6.971095783058967044e+00 2.058448549386943539e-03 9.989167147696911275e-01 4.648827497365904532e-02 2.682681227671037116e-01 -9.452948459168746265e-01 -1.322129588515238117e-02 3.259491779972878422e-01 5.524914940402905650e+00
3.110261761171955741e-01 -4.516681931641870762e-02 9.493274782872589412e-01 7.537246546879187825e+00 3.281824185006798969e-03 9.989151846595167861e-01 4.645087137291272622e-02 3.020027491084433802e-01 -9.503956878353818638e-01 -1.133191014339347824e-02 3.108369983822403260e-01 5.706916629806369379e+00
2.985671596862203292e-01 -4.671036168889269174e-02 9.532448677812417337e-01 8.152533348972925253e+00 4.269648081685466570e-03 9.988569653479060229e-01 4.760811740590763230e-02 3.168129955161963496e-01 -9.543790847640488684e-01 -1.014419937450557543e-02 2.984253225495470119e-01 5.899733808600283069e+00
2.881570198990239806e-01 -4.850254858398039826e-02 9.563540240051455754e-01 8.797909054333290513e+00 2.844570556439039201e-03 9.987553644063933422e-01 4.979588787796088850e-02 3.530053383315395199e-01 -9.575789557873548574e-01 -1.162861726796741296e-02 2.879363369997261501e-01 6.075418578154282656e+00
2.784723218341121354e-01 -5.020120378978898401e-02 9.591313724263309526e-01 9.472193835532589645e+00 1.571865329061299457e-03 9.986555394762058890e-01 5.181353756059409871e-02 3.783541413590403302e-01 -9.604429767351932989e-01 -1.292100987567010306e-02 2.781768349811402086e-01 6.261992296568601013e+00
2.677596445650660684e-01 -5.195738820188333662e-02 9.620837733289876459e-01 1.014779554814634288e+01 3.794300301460930779e-04 9.985505179562370603e-01 5.382117690630562612e-02 4.084942481965793126e-01 -9.634856746268471994e-01 -1.404609484762138136e-02 2.673912446167056589e-01 6.444037845187604141e+00
2.573561220964876162e-01 -5.387941759235918143e-02 9.648133596832203507e-01 1.087722155657832346e+01 -1.702942278924122501e-04 9.984417951285375903e-01 5.580280190400369045e-02 4.364620316827576008e-01 -9.663166219912731059e-01 -1.452549396986280335e-02 2.569459318309819662e-01 6.666596575246945378e+00
2.473217464272798871e-01 -5.562545990176570587e-02 9.673353844971608329e-01 1.159077453001881786e+01 -3.886926557269204056e-04 9.983449694261002927e-01 5.750800724968352373e-02 4.678682792638511057e-01 -9.689333409757324711e-01 -1.459897606568614711e-02 2.468907988156600342e-01 6.833107663365644235e+00
2.368529721774663699e-01 -5.674202815963816371e-02 9.698871046962683762e-01 1.239096412971096406e+01 -1.229195381862046525e-03 9.982747358035378715e-01 5.870298879332108005e-02 4.996923264134342513e-01 -9.715447366518003003e-01 -1.509615724125198608e-02 2.363745898303672710e-01 7.036009189783719364e+00
2.269520069734756174e-01 -5.967103870575399954e-02 9.720761994963239561e-01 1.311573993172187613e+01 -2.467681099914043399e-03 9.980828025636107048e-01 6.184359088063158538e-02 5.291021136369938871e-01 -9.739028256523202254e-01 -1.643430026084008802e-02 2.263696447149702584e-01 7.202137005403654868e+00
2.160452776360221039e-01 -6.294311079812724141e-02 9.743523934786582075e-01 1.390342302296797605e+01 -4.297882939451832564e-03 9.978489570796998942e-01 6.541396648899365507e-02 5.754682957778713970e-01 -9.763738950910966219e-01 -1.832003021880333760e-02 2.153100314881584154e-01 7.374409598459883419e+00
2.019897955698663206e-01 -6.663537389750026629e-02 9.771181265227341095e-01 1.469126192621053484e+01 -4.260134915253742209e-03 9.976135269227360824e-01 6.891372940690858317e-02 6.107335721757051195e-01 -9.793783694882871593e-01 -1.808252429144219589e-02 2.012238753133315516e-01 7.525745073403213858e+00
1.915084481276542738e-01 -6.931005083670348232e-02 9.790406604504029442e-01 1.547897838711217489e+01 -5.578131216326064762e-03 9.974105260049740407e-01 7.170165280034800082e-02 6.509523077860105422e-01 -9.814751222983655321e-01 -1.919268866084172798e-02 1.906259200562170353e-01 7.697983134228188362e+00
1.766889548158400713e-01 -7.006306536652777417e-02 9.817699138134510228e-01 1.630696977414871185e+01 -5.621790234338276855e-03 9.973751651089064474e-01 7.218847169431051591e-02 6.901385402252423473e-01 -9.842506925261755857e-01 -1.827420924892137269e-02 1.758312942547871904e-01 7.827352136112065928e+00
1.622780652946746727e-01 -6.930567625064133763e-02 9.843081510423159486e-01 1.709138143695833278e+01 -7.617900985952286326e-03 9.974126342395878142e-01 7.148429614687037970e-02 7.279228139914585283e-01 -9.867156703890657132e-01 -1.909869443792811677e-02 1.613302274310070283e-01 7.959632038532354237e+00
1.452828509545772417e-01 -6.815322581433443105e-02 9.870400267247064763e-01 1.787614616503831044e+01 -8.741943328040069350e-03 9.974973035346178518e-01 7.016201125923864079e-02 7.650582383547213094e-01 -9.893515496502841566e-01 -1.882198412056914141e-02 1.443234590609669132e-01 8.078588553559683305e+00
1.243575728910820688e-01 -6.659924445299915396e-02 9.899998575245565480e-01 1.872958943461659587e+01 -1.110805395867395934e-02 9.975889245370944680e-01 6.850510011015283063e-02 8.053054551242733172e-01 -9.921752982315817926e-01 -1.951609893944502780e-02 1.233179480149513008e-01 8.173239705026848156e+00
1.001458401361833006e-01 -6.524649067244828182e-02 9.928311483941090199e-01 1.954427955777937598e+01 -1.527579506794239476e-02 9.976291312838568848e-01 6.710265622198431645e-02 8.429732587654525933e-01 -9.948555061253124832e-01 -2.188633618296408068e-02 9.891171409005397597e-02 8.248197362476179961e+00
7.010390535798600997e-02 -6.502806848231483527e-02 9.954178899799409619e-01 2.036213290781421392e+01 -1.966718650112195266e-02 9.975889109230590135e-01 6.655498900460547762e-02 8.912167347743504831e-01 -9.973458084108602906e-01 -2.424283309570320413e-02 6.865595805721860789e-02 8.307564956533635581e+00
3.649316331812280795e-02 -6.486622738711046721e-02 9.972264559223825708e-01 2.118549510455967066e+01 -2.245659406420371165e-02 9.975859426485181869e-01 6.571140238271593048e-02 9.300661718986917847e-01 -9.990815621137721925e-01 -2.479232580639430944e-02 3.494839079984929375e-02 8.352376561912734587e+00
1.190353086441630660e-03 -6.408631563588984559e-02 9.979436406660816550e-01 2.205247199654730395e+01 -2.465199012487152494e-02 9.976391934955491925e-01 6.409616978765619866e-02 9.645083643255863981e-01 -9.996953934866951164e-01 -2.467759300026120886e-02 -3.923137203573828845e-04 8.331312281913024975e+00
-3.190736552388664937e-02 -6.293360042688916911e-02 9.975075261202542842e-01 2.287082643870158449e+01 -2.609718417119456096e-02 9.977278915951226512e-01 6.211273069530135610e-02 9.980564347750666698e-01 -9.991500759430206324e-01 -2.405028316323626694e-02 -3.347725968427941318e-02 8.288300761524553195e+00
-6.479216652966607315e-02 -6.130306449921832379e-02 9.960140019831984493e-01 2.370565453202386408e+01 -2.789285792221674054e-02 9.978325342143778975e-01 5.960052139512581060e-02 1.029648172292589425e+00 -9.975088875728553850e-01 -2.392002928026833175e-02 -6.636165078476699564e-02 8.207255392356607615e+00
-9.650472709774549074e-02 -5.850646423395964441e-02 9.936115005552040857e-01 2.452813075825588385e+01 -2.909629478157908788e-02 9.980101101376063211e-01 5.593948257649423300e-02 1.077591503610646262e+00 -9.949071616488169845e-01 -2.351198775765970736e-02 -9.801501603747134195e-02 8.154166941623081755e+00
-1.283176532892062460e-01 -5.397359993718643667e-02 9.902633049755611427e-01 2.538355520016132871e+01 -2.704093105475151998e-02 9.983371120529797027e-01 5.090971189130710089e-02 1.090210376047546781e+00 -9.913644056342554300e-01 -2.024502610862555230e-02 -1.295637731887460398e-01 8.036350249401348123e+00
-1.602990598359198549e-01 -4.832875077730736796e-02 9.858846414207195208e-01 2.622083916067324694e+01 -2.254204016771870281e-02 9.987193931685889314e-01 4.529271630211978428e-02 1.101960877047055254e+00 -9.868110682878200590e-01 -1.496347041551921581e-02 -1.611832097848838741e-01 7.884330453343759260e+00
-1.918015549958692889e-01 -4.247276079106981905e-02 9.805142585195733007e-01 2.709032919747527757e+01 -1.632781642721461632e-02 9.990629669785280331e-01 4.008229573041377503e-02 1.128637797443179380e+00 -9.812979070252968450e-01 -8.321809181857044505e-03 -1.923153194190084514e-01 7.685963678691653200e+00
-2.217386387382640489e-01 -3.665322859183405002e-02 9.744170052714226093e-01 2.787337765153327496e+01 -1.127791814222534571e-02 9.993228462985062066e-01 3.502366958108012879e-02 1.138047505323921849e+00 -9.750409226379219696e-01 -3.223293378562185844e-03 -2.220018610747657162e-01 7.475853755250083665e+00
-2.487216969584459259e-01 -3.003201234922992652e-02 9.681092805644637700e-01 2.869533710255710091e+01 -2.612122828557410757e-03 9.995363496693142613e-01 3.033582855318206484e-02 1.159245755062177086e+00 -9.685714791297433957e-01 5.016359498764446159e-03 -2.486848257236164150e-01 7.271606281071115063e+00
-2.764862228511016373e-01 -1.990136224152014646e-02 9.608117859329226018e-01 2.953842640805374486e+01 3.600130615227007790e-03 9.997570887103515158e-01 2.174402487099722295e-02 1.161549228206286921e+00 -9.610111462665485993e-01 9.470972356614256599e-03 -2.763474150707577737e-01 7.034535358812381567e+00
-3.002361480369198921e-01 -4.963389049108649781e-03 9.538519822400579606e-01 3.028974634489739870e+01 8.409606604478111688e-03 9.999338242346497152e-01 7.850200705390927847e-03 1.156808741634451021e+00 -9.538278404794362508e-01 1.037843506881842848e-02 -3.001745408704459828e-01 6.757791802722758590e+00
-3.253222495962280192e-01 1.142393400848000506e-02 9.455341938506841570e-01 3.106997487664982671e+01 9.582949156711519090e-03 9.999155020434056240e-01 -8.783839865301443228e-03 1.120788887897593789e+00 -9.455546605273607019e-01 6.203428623825298256e-03 -3.254042368390731021e-01 6.470670679835066608e+00
-3.500667338114164528e-01 2.548267681875289459e-02 9.363780750449398615e-01 3.184018719886190851e+01 8.583538448206893406e-03 9.996751980301231688e-01 -2.399627669720281672e-02 1.091365623173357946e+00 -9.366854431830048400e-01 -3.628600103695433913e-04 -3.501717643005742286e-01 6.179108010159763964e+00
-3.745742973142095478e-01 3.650265377117233034e-02 9.264780821567196734e-01 3.258945228227495505e+01 1.170742882411344304e-02 9.993312893799370933e-01 -3.463971927875603152e-02 1.064091369299333234e+00 -9.271229941534652186e-01 -2.128471346864092839e-03 -3.747511690294296760e-01 5.862568854721291522e+00
-3.982924830208409706e-01 4.116628528450155811e-02 9.163342293520938542e-01 3.338814530073438647e+01 1.585745383484632801e-02 9.991521277945393242e-01 -3.799429757369899435e-02 1.007926009585308869e+00 -9.171213949990891789e-01 -6.021144208433889481e-04 -3.986075756545827131e-01 5.518825201871058184e+00
-4.212216246853420776e-01 4.001211481438055745e-02 9.060746982589610310e-01 3.410457545682736225e+01 1.869108236463485131e-02 9.991971741315518463e-01 -3.543516065743728544e-02 9.669098350754428139e-01 -9.067651294698827469e-01 2.009461849393451120e-03 -4.216313280790919271e-01 5.163411769888651470e+00
-4.412429684796230767e-01 3.733598025935441073e-02 8.966106473170315505e-01 3.485630532864468734e+01 2.270342541508318240e-02 9.992787713867975485e-01 -3.043832270731736470e-02 9.409701333374567156e-01 -8.971004462166187743e-01 6.925438109895630696e-03 -4.417723873318768479e-01 4.802874433558570466e+00
-4.591760680436088315e-01 3.612628792134224553e-02 8.876103963206167791e-01 3.556673018248281437e+01 2.877696697282678892e-02 9.992532723564315766e-01 -2.578340180414591398e-02 9.057572484852600692e-01 -8.878790670818221820e-01 1.370361507403677903e-02 -4.598727948255066922e-01 4.376011465617214213e+00
-4.731291843500196603e-01 3.677084993035913824e-02 8.802253492860304673e-01 3.627835496892571854e+01 3.316405324689922912e-02 9.991637967501421080e-01 -2.391344354862463828e-02 8.587660632048534914e-01 -8.803686348895305436e-01 1.787769341986159694e-02 -4.739530238540792806e-01 4.007417059654187597e+00
-4.848038647038278026e-01 4.020083567186858581e-02 8.736985130941444799e-01 3.699296635616479989e+01 3.509729957543761963e-02 9.990326900726845816e-01 -2.649270978182558314e-02 7.991662801195039689e-01 -8.739184200666670899e-01 1.782069146433061524e-02 -4.857458511172024207e-01 3.600813623692124210e+00
-4.941279992926145836e-01 4.232348736329984151e-02 8.683583529223990460e-01 3.768509087936917723e+01 3.699288313781751852e-02 9.989332829045169948e-01 -2.763734507592693554e-02 7.610774001808395806e-01 -8.686017841010941209e-01 1.846669414414400454e-02 -4.951665735548785308e-01 3.197236681940570868e+00
-5.038853800654818915e-01 4.163381263470944393e-02 8.627665593425680735e-01 3.836954372853040240e+01 3.061926149203052921e-02 9.990708857678844979e-01 -3.032863307642747613e-02 7.066815262984861290e-01 -8.632276622346188866e-01 1.113512111251881501e-02 -5.046920107997434624e-01 2.799747842346249627e+00
-5.159212372003151303e-01 4.063553268556606424e-02 8.556716760590203918e-01 3.906359492793050237e+01 2.899653795378973400e-02 9.991302695175394710e-01 -2.996506750452880563e-02 6.919151598713941809e-01 -8.561451336295711201e-01 9.351902540135558287e-03 -5.166508157456449757e-01 2.373696540588983606e+00
-5.244700355237477130e-01 4.207523478723997762e-02 8.503886425196750531e-01 3.975244678403916510e+01 3.181987045479551385e-02 9.990490979706311281e-01 -2.980596642414644337e-02 6.533171678300164764e-01 -8.508341140090399657e-01 1.142692119499715345e-02 -5.253101456217552645e-01 1.974928575164609734e+00
-5.326544179276402335e-01 4.524637407734121569e-02 8.451224903621487039e-01 4.042391224642200598e+01 3.515825364205252268e-02 9.988908714396086408e-01 -3.131970779775720970e-02 6.058752124348829593e-01 -8.456022587366572862e-01 1.303045117969233585e-02 -5.336544203878942350e-01 1.547412445218440791e+00
-5.355330241186346818e-01 4.801872497064497980e-02 8.431480114473648424e-01 4.110438442504422341e+01 3.582263848820873425e-02 9.987752286614035580e-01 -3.412888985995474883e-02 5.652736682460172135e-01 -8.437541883220307515e-01 1.192663982772874248e-02 -5.365972772344079766e-01 1.063360042742684364e+00
-5.357764046763098253e-01 4.955636424367897835e-02 8.429043825009109314e-01 4.184016023327306044e+01 3.538121554499453619e-02 9.987170439562125246e-01 -3.622755355329390636e-02 5.185018990375659387e-01 -8.436182936824280221e-01 1.041311425109794908e-02 -5.368423926938361568e-01 6.617309360194181256e-01
-5.326884312060989890e-01 5.050602424532572854e-02 8.448030325494381154e-01 4.254570790589939833e+01 3.770984366030753765e-02 9.986427460320126404e-01 -3.592538690686452457e-02 4.839664591972500651e-01 -8.454708833913687771e-01 1.272035331425014695e-02 -5.338700131892759604e-01 1.971870423759622681e-01
-5.264727190601090623e-01 4.930475127850356826e-02 8.487611586926010476e-01 4.331533060308363048e+01 3.624690329906246622e-02 9.987109883397961019e-01 -3.553200962959444931e-02 4.410342770839916215e-01 -8.494190072752675347e-01 1.205833094247274993e-02 -5.275812353356152951e-01 -2.610704752131169926e-01
-5.198304108894373776e-01 4.818467554010649745e-02 8.529094721938682566e-01 4.405843371568398936e+01 3.411764053476498693e-02 9.987824428216545147e-01 -3.563170576974225567e-02 3.977184925436478835e-01 -8.535879231116815236e-01 1.057681554306016611e-02 -5.208414362835708245e-01 -7.039761926933756353e-01
-5.122702871059829910e-01 4.712876387747508972e-02 8.575301856099960540e-01 4.483160748595865641e+01 3.165237693191300800e-02 9.988508671996092492e-01 -3.598710981511495793e-02 3.377346787040541587e-01 -8.582408124132204774e-01 8.707742588416439791e-03 -5.131733591244131976e-01 -1.179873797531659996e+00
-5.061008887602739259e-01 4.599114433329817148e-02 8.612471721876064912e-01 4.565314150299695939e+01 2.951038217705066399e-02 9.989159327020225021e-01 -3.600134281526500696e-02 3.019908083687118383e-01 -8.619692801754142986e-01 7.195422594587469467e-03 -5.069094587978222322e-01 -1.633637127032370628e+00
-5.014145185630417556e-01 4.379657670375516898e-02 8.640979845616069133e-01 4.644865253048934761e+01 2.543716094999678989e-02 9.990324943721464734e-01 -3.587514437649269583e-02 2.643887216775896998e-01 -8.648331883869393444e-01 3.991882227986828617e-03 -5.020434589832737382e-01 -2.093789352285290395e+00
-5.001313399160639550e-01 4.092942349172930261e-02 8.649817406054368663e-01 4.731308083995793368e+01 2.046819243014294867e-02 9.991620398467480069e-01 -3.544391609818339089e-02 2.189897671662057732e-01 -8.657076344134785328e-01 -2.199960495260498523e-05 -5.005500023168292234e-01 -2.539436639843986931e+00
-5.005112832560667524e-01 3.818480086381179084e-02 8.648874856147176216e-01 4.811885097790077026e+01 1.702606578808682491e-02 9.992677539799528219e-01 -3.426468891011888451e-02 1.582117743753415073e-01 -8.655625805015857432e-01 -2.424231277820479945e-03 -5.007949240109048628e-01 -3.029255131161678438e+00
-5.010448219645591283e-01 3.762492381366086547e-02 8.646030522471851443e-01 4.899040053965836705e+01 1.614062928054650625e-02 9.992869778724904339e-01 -3.413232937932930700e-02 1.174684392102649522e-01 -8.652708124095548348e-01 -3.146588652828287164e-03 -5.012948570844938390e-01 -3.539238967996749086e+00
-5.013497938349305016e-01 3.672340973290603300e-02 8.644650148315117244e-01 4.988037080233769416e+01 1.607362856982167201e-02 9.993217806053682484e-01 -3.313030698351383807e-02 7.157953343288307735e-02 -8.650953907054282910e-01 -2.714782108267780811e-03 -5.016000483467257798e-01 -4.050885174691024382e+00
-5.015810063743146863e-01 3.608441625640121386e-02 8.643577936359863045e-01 5.074569619166990719e+01 1.579013846731146253e-02 9.993451476864705363e-01 -3.255683172389201019e-02 2.418518914326944075e-02 -8.649665761758682514e-01 -2.681558265358502651e-03 -5.018223240384505068e-01 -4.530638485374965718e+00
-5.024134124271142365e-01 3.543232999440574377e-02 8.639012093339963894e-01 5.161466115229406881e+01 1.659713743105422495e-02 9.993710895973413333e-01 -3.133624537969811885e-02 -1.612504374890548486e-02 -8.644682240289914832e-01 -1.405461955620255013e-03 -5.026855158727401296e-01 -5.034363439770808135e+00
-5.025888274123749833e-01 3.529024673331625228e-02 8.638049869806890824e-01 5.250334217159441152e+01 1.621818393702573538e-02 9.993755409462469208e-01 -3.139265259825576443e-02 -6.556248484798295195e-02 -8.643734455550867724e-01 -1.768247377376178401e-03 -5.028473261980368481e-01 -5.541285724892020426e+00
-5.024025723611132976e-01 3.357073165781949975e-02 8.639818561418517451e-01 5.339258279586424294e+01 1.475792347020634873e-02 9.994333457044759506e-01 -3.025212654681967706e-02 -1.140338930617083163e-01 -8.645078780994037704e-01 -2.448167172091327091e-03 -5.026133192906254710e-01 -6.054344995061797796e+00
-5.029459397132076681e-01 3.302907993697474370e-02 8.636865450464344951e-01 5.431097413540405938e+01 1.422859548641739608e-02 9.994505614584706654e-01 -2.993530096095418577e-02 -1.714796263946027355e-01 -8.642007527788013732e-01 -2.766790686816178891e-03 -5.031395604634231189e-01 -6.562253107725643630e+00
-5.019823952899590269e-01 3.186864413471768298e-02 8.642904898308528816e-01 5.521644982515103095e+01 1.259115004430316591e-02 9.994842745421516073e-01 -2.954061372384592099e-02 -2.192490665951817019e-01 -8.647861874973779006e-01 -3.946455896634334243e-03 -5.021247742860824870e-01 -7.087995732580924191e+00
-5.008977699174834708e-01 3.090394523552481010e-02 8.649545402582318188e-01 5.610494769441812934e+01 1.229891886533987511e-02 9.995155760140033152e-01 -2.858933151766867090e-02 -2.687129320904555474e-01 -8.654190736477268553e-01 -3.682325784736638265e-03 -5.010352093558695374e-01 -7.586734258910639461e+00
-4.979955531326205054e-01 2.816108621594810846e-02 8.667221981029623601e-01 5.699593194813750330e+01 1.230446753693858510e-02 9.996014194052131874e-01 -2.540870675885020802e-02 -3.161362804119776659e-01 -8.670922912459954057e-01 -1.988866904861400810e-03 -4.981435701598560528e-01 -8.139863321854567957e+00
-4.962764860384853982e-01 2.746299338802621684e-02 8.677300385324042686e-01 5.787023106828336694e+01 1.373625465050722604e-02 9.996228140032468179e-01 -2.378119021151309936e-02 -3.634779451784007631e-01 -8.680558606115537090e-01 1.173162075526643317e-04 -4.964665373893668576e-01 -8.611000377372274528e+00
-4.929862627499178029e-01 2.696213601905896734e-02 8.696192122295214322e-01 5.879070104581527545e+01 1.312392370808781843e-02 9.996364358132010519e-01 -2.355331818934302407e-02 -4.215914917780142490e-01 -8.699381126579838197e-01 -1.986451719336296664e-04 -4.931608808401999888e-01 -9.134866048740025946e+00
-4.912020989437186902e-01 2.714585975853589170e-02 8.706225281831397877e-01 5.966697010094652143e+01 1.359327551571437066e-02 9.996314406716485523e-01 -2.349905651837922577e-02 -4.655936070619904887e-01 -8.709395693008246120e-01 2.918269570773863856e-04 -4.913900642041901801e-01 -9.660259482659363073e+00
-4.908207814066782304e-01 2.774788831384677329e-02 8.708185812881893417e-01 6.052715307949298307e+01 1.397566032466449233e-02 9.996148720189889092e-01 -2.397474779793954541e-02 -5.130237945611180184e-01 -8.711484683933018447e-01 4.029611953496164945e-04 -4.910195488775784822e-01 -1.013586942461010132e+01
-4.907618637316897847e-01 2.850887802024512294e-02 8.708272063181918821e-01 6.146415713557649951e+01 1.334148411183228369e-02 9.995932565956863192e-01 -2.520567685825087292e-02 -5.543135727058716711e-01 -8.711916037453281136e-01 -7.518566783745060569e-04 -4.909426015494063322e-01 -1.064187880621060245e+01
-4.931459242085634020e-01 3.045106868165155245e-02 8.694134897603279510e-01 6.233775912039523348e+01 1.263350515110593132e-02 9.995324847984388139e-01 -2.784252783823081695e-02 -5.969350533767011635e-01 -8.698548755225937734e-01 -2.746688406497740584e-03 -4.933000759493153531e-01 -1.111685677371723457e+01
-4.988999056686303502e-01 3.108106316855300394e-02 8.661020944761936846e-01 6.316391055533529908e+01 1.137778491366981878e-02 9.995054819207136454e-01 -2.931446057336174402e-02 -6.463531562928261920e-01 -8.665849309321060900e-01 -4.770657376758717302e-03 -4.990068255163249700e-01 -1.156512412648150345e+01
-5.039335218690077500e-01 2.999583796177318629e-02 8.632214326253599967e-01 6.407663080642052478e+01 1.124897025012863878e-02 9.995399689506633267e-01 -2.816577918020801707e-02 -6.904600760801898884e-01 -8.636691950613547553e-01 -4.483327188563625276e-03 -5.040391203060274883e-01 -1.209012410980019503e+01
-5.090433040008301990e-01 2.756896594435350595e-02 8.602992812698828651e-01 6.494135687402189205e+01 1.371388575557138008e-02 9.996198324606080376e-01 -2.391902724573069516e-02 -7.647785415391856745e-01 -8.606316611566400265e-01 -3.777736665090780481e-04 -5.092278611206864092e-01 -1.261145371245804014e+01
-5.147201765922515548e-01 2.522337968906854591e-02 8.569871105239720288e-01 6.579728159656445996e+01 1.060685398898329225e-02 9.996779866215425026e-01 -2.305249864266359708e-02 -8.099633872330249673e-01 -8.572926259755969669e-01 -2.775648111153769266e-03 -5.148219717205057000e-01 -1.313957214389760608e+01
-5.195119913019686786e-01 2.867264006856172498e-02 8.539819420632773772e-01 6.658249393161572982e+01 1.096432500835494914e-02 9.995782393028823654e-01 -2.689102208085392132e-02 -9.178257040937922717e-01 -8.543928174296543387e-01 -4.606871977441692051e-03 -5.196072589087885607e-01 -1.365776075821649194e+01
-5.239210166795497114e-01 3.049209409168164228e-02 8.512208804556281594e-01 6.745923013565604265e+01 1.293722522493358576e-02 9.995286163651027067e-01 -2.784193323746498097e-02 -8.998406980758121287e-01 -8.516686024528715704e-01 -3.574536827442042954e-03 -5.240685331733826446e-01 -1.417409657170807158e+01
-5.297647128960106810e-01 2.997070288131846449e-02 8.476149437599889147e-01 6.834493057102019975e+01 1.070171261416884290e-02 9.995321104697605374e-01 -2.865368154664780717e-02 -9.627504379399516310e-01 -8.480771392558738020e-01 -6.108776973986301123e-03 -5.298375805754323986e-01 -1.466096266254143821e+01
-5.337331896944076393e-01 3.084869982290095944e-02 8.450900703213803933e-01 6.912577589763574792e+01 1.096367706571177783e-02 9.995028497832005865e-01 -2.956097154846029640e-02 -9.749035687900443614e-01 -8.455818657815248329e-01 -6.512376150409174974e-03 -5.338060604957171051e-01 -1.515794292115010755e+01
-5.364599535727520019e-01 2.972225268564037196e-02 8.434022130473227685e-01 6.994361012296573676e+01 1.023330799015136766e-02 9.995352430398386501e-01 -2.871545418134471145e-02 -1.037093220301373409e+00 -8.438637385878750008e-01 -6.773895751997168792e-03 -5.365147882283903824e-01 -1.569419480340354589e+01
-5.397791441665918954e-01 2.441238051012588339e-02 8.414526120455678715e-01 7.078818119037210010e+01 1.337360254857402654e-02 9.997019473364976427e-01 -2.042457400484130187e-02 -1.080533324142016527e+00 -8.417004418985896130e-01 2.284946463776248030e-04 -5.399447442131692920e-01 -1.622652534782895728e+01
-5.410834496898188073e-01 1.709209118737869959e-02 8.407951879161242870e-01 7.161127254035999101e+01 1.412105481137511040e-02 9.998371412394477797e-01 -1.123773934637585167e-02 -1.129288530579163341e+00 -8.408503480828212195e-01 5.792361142812704582e-03 -5.412366890488978788e-01 -1.673567889150455912e+01
-5.432364945760876918e-01 1.594697495746790622e-02 8.394282531106476153e-01 7.242916867401979175e+01 1.579472597818309260e-02 9.998367693590282101e-01 -8.772755708630012444e-03 -1.153960723706211278e+00 -8.394311461554232467e-01 8.492859183197825138e-03 -5.433997010151342399e-01 -1.723666478239958977e+01
-5.431796341355182856e-01 1.888059351904874603e-02 8.394041907336182717e-01 7.328163978554019309e+01 1.365456314204347918e-02 9.998135600123089217e-01 -1.365276887896602412e-02 -1.208077166196738439e+00 -8.395054791446233677e-01 4.045792482481336445e-03 -5.433361711682834772e-01 -1.776663476145197507e+01
-5.454905635669778929e-01 2.282796524463457516e-02 8.378060135147682441e-01 7.405425651543171739e+01 1.297069856509700664e-02 9.997392192731535676e-01 -1.879506327669285340e-02 -1.245131566074669571e+00 -8.380165974143541918e-01 6.144005258210818521e-04 -5.456444059760804377e-01 -1.828782416708518355e+01
-5.463185846030726989e-01 2.763017215002241955e-02 8.371215950774839598e-01 7.481983332346865723e+01 1.859768884984117077e-02 9.996094976135848631e-01 -2.085613143453064061e-02 -1.276567398842569867e+00 -8.373709700999274474e-01 4.174435705539982118e-03 -5.466191044149280032e-01 -1.883519515401408029e+01
-5.456152845144158769e-01 2.940844874356089364e-02 8.375196067419359292e-01 7.564801813829112120e+01 2.301107997408148934e-02 9.995330020764964241e-01 -2.010641489617685101e-02 -1.323589487546561250e+00 -8.377197998071856944e-01 8.301864359811134825e-03 -5.460372046547193881e-01 -1.935581975912258201e+01
-5.451349077228915263e-01 2.553348406060275758e-02 8.379594028293037011e-01 7.639217605589180948e+01 2.178007074172186308e-02 9.996300520751139063e-01 -1.629071732138919620e-02 -1.354344670685782681e+00 -8.380653747758047833e-01 9.370177394743297444e-03 -5.454893584636334447e-01 -1.986762605182933683e+01
-5.441502961830434471e-01 2.146761084711219791e-02 8.387130522661567777e-01 7.725667256621825629e+01 2.026723334314969177e-02 9.997172098361742920e-01 -1.243943634870053709e-02 -1.394076993991592905e+00 -8.387429319736847688e-01 1.022947118217040242e-02 -5.444315060902027437e-01 -2.037189785302576084e+01
-5.431934673784108991e-01 1.645589359684510727e-02 8.394462744769027873e-01 7.806377240973391451e+01 1.870808856282754964e-02 9.997969063723299854e-01 -7.493557215308764390e-03 -1.439562912401362693e+00 -8.393991160110383376e-01 1.163398495424337181e-02 -5.433910077421921780e-01 -2.087785285773961874e+01
-5.438218585022098761e-01 9.865297930172153146e-03 8.391426870836860008e-01 7.884711233311473677e+01 1.014273494004270908e-02 9.999351314533735380e-01 -5.182450781102903616e-03 -1.461840305223987890e+00 -8.391393940719970024e-01 5.692872820816125001e-03 -5.438866438501791523e-01 -2.140838687915154281e+01
-5.418301059177400569e-01 5.309182564562957979e-03 8.404712583040560014e-01 7.963192851593308319e+01 3.113414334052135891e-03 9.999858665402009406e-01 -4.309682826269356330e-03 -1.478222293356024064e+00 -8.404822749830506146e-01 2.816202994580896770e-04 -5.418389788495767689e-01 -2.188955680033848594e+01
-5.395819676869078041e-01 6.252081801180761102e-03 8.419098518927847774e-01 8.047155615279594087e+01 6.116557692220616661e-03 9.999751483413824582e-01 -3.505768276485455009e-03 -1.510354690780145726e+00 -8.419108619666000326e-01 3.257941802373872080e-03 -5.396068005820842117e-01 -2.239967495254698449e+01
-5.360478056665018975e-01 8.732897492797465910e-03 8.441424486272195438e-01 8.124201767927459628e+01 1.113371764057344976e-02 9.999326568736883747e-01 -3.274451094724290315e-03 -1.521955340298267956e+00 -8.441142115031384785e-01 7.643182354079403051e-03 -5.361089373328362662e-01 -2.290189087028253212e+01
-5.317166535825821327e-01 1.344102504271749154e-02 8.468156387959139275e-01 8.202427026361759488e+01 1.348859130204003304e-02 9.998816341719652945e-01 -7.401049095986537985e-03 -1.554973643908406755e+00 -8.468148971159932259e-01 7.487090005609914507e-03 -5.318350181848252589e-01 -2.337036104413030202e+01
-5.239718604317187278e-01 1.464370956907409468e-02 8.516096747169675796e-01 8.278195143649067234e+01 1.804393903032141047e-02 9.998186459537748982e-01 -6.090274006769287075e-03 -1.570056810638984057e+00 -8.515444308143066410e-01 1.217526189619627143e-02 -5.241410674151484317e-01 -2.386620864700874023e+01
-5.159343244988816579e-01 1.498490737363957805e-02 8.564970589804249412e-01 8.355749517837482188e+01 2.201938565507074314e-02 9.997486071114539685e-01 -4.227197402322559194e-03 -1.626212287742113460e+00 -8.563451007130560289e-01 1.667858391241168470e-02 -5.161345819380767086e-01 -2.435237149810616941e+01
-5.062208891101142028e-01 1.549031537144856564e-02 8.622647204202410487e-01 8.435674985354302180e+01 2.194692151349436973e-02 9.997462539401026360e-01 -5.075463801291333309e-03 -1.622324206879952602e+00 -8.621245596203663819e-01 1.635475144035604400e-02 -5.064324035027695237e-01 -2.481024181607581625e+01
-4.944548558236814828e-01 1.364964363836815298e-02 8.690961219033849217e-01 8.520963003573591266e+01 1.925308142316607338e-02 9.998033644458570457e-01 -4.748817380372215291e-03 -1.649438704554109680e+00 -8.689900614286834024e-01 1.438470367029425975e-02 -4.946204273418784436e-01 -2.527645678588655187e+01
-4.827875811491156299e-01 1.280464389185820458e-02 8.756438652333639050e-01 8.604336162701982005e+01 2.257714577219755575e-02 9.997427456222313102e-01 -2.171411343195056836e-03 -1.672056963133962126e+00 -8.754464213379985482e-01 1.872120988890736693e-02 -4.829524754737598569e-01 -2.572896195600818814e+01
-4.725649950464957949e-01 9.586012490662185886e-03 8.812436778755852185e-01 8.684595108005217412e+01 2.082741092281114800e-02 9.997830429435702326e-01 2.931922331986437798e-04 -1.696031106661106902e+00 -8.810496905671110213e-01 1.849257772180207607e-02 -4.726621217967555411e-01 -2.614834165427772916e+01
-4.599810570129235221e-01 9.385950589435121047e-03 8.878791116491872026e-01 8.770294306763773307e+01 2.128636293634624671e-02 9.997733143427357527e-01 4.589611085563331111e-04 -1.698884722998070806e+00 -8.876735497884031822e-01 1.911083157396164731e-02 -4.600765799040946180e-01 -2.657004959792337928e+01
-4.473754853246528773e-01 1.045669133218996190e-02 8.942850878402007764e-01 8.850942798884773310e+01 2.350233328330560839e-02 9.997237797034174145e-01 6.772555129617299839e-05 -1.735334944960820858e+00 -8.940373754600889900e-01 2.104808610165777305e-02 -4.474976690380136346e-01 -2.699270865506967354e+01
