1.000000000000000000e+00 -3.306050084167601550e-19 -2.270457535318767223e-19 -8.673617379884035472e-19 7.546676715296109287e-19 1.000000000000000000e+00 6.237773588823049983e-19 1.387778780781445676e-17 -3.447385680526250622e-20 4.770700176052009879e-20 1.000000000000000222e+00 5.551115123125782702e-17
9.999139038883164687e-01 6.608183691996413192e-04 -1.310170059298208789e-02 -6.579101568507115909e-03 -6.635260090455136900e-04 9.999997361626346004e-01 -2.022825877970100389e-04 -9.058112540110546673e-04 1.310156564957121877e-02 2.109583262027224081e-04 9.999141025256481630e-01 9.379200770094997530e-02
9.993294123225379133e-01 4.243636468526866892e-03 3.636268065904230129e-02 2.791800177376694420e-02 -4.242461098176777794e-03 9.999909901988143224e-01 -1.094665319205259077e-04 -5.936022207318827903e-03 -3.636282266366926835e-02 -4.486586492206015266e-05 9.993384333665568109e-01 2.652234627539185596e-01
9.978694551961669879e-01 5.437466656595895884e-03 6.502668591525137542e-02 5.539466803498308001e-02 -5.489947430750982856e-03 9.999847177083318606e-01 6.282956879145843061e-04 2.207186217663956174e-03 -6.502228076370877852e-02 -9.838536570379492491e-04 9.978840353894161685e-01 4.352742118399949844e-01
9.951964775271776587e-01 5.313720275709856063e-03 9.776303643674508215e-02 1.137310869912826344e-01 -5.514060784148898040e-03 9.999832158673596094e-01 1.779382995168517397e-03 4.366789196652426375e-04 -9.775195205405404208e-02 -2.309974664314352021e-03 9.952090576354313267e-01 5.943609299280407932e-01
9.909739164943501821e-01 1.904585241987230906e-03 1.340586505689277397e-01 1.856560993908910051e-01 -2.580743355149120542e-03 9.999848161682357572e-01 4.870859870438116503e-03 1.792563657417520218e-03 -1.340473581940794801e-01 -5.172809287565177834e-03 9.909637746234861710e-01 7.900651183429938662e-01
9.847126678018441881e-01 -1.441327090355951947e-03 1.742032305164847861e-01 2.529085400942707729e-01 4.458591634152838019e-04 9.999833469006904618e-01 5.754126432558302577e-03 -1.080075124250944041e-02 -1.742086323682601190e-01 -5.588492186824835575e-03 9.846969406006575998e-01 9.780782457321042234e-01
9.758063470014424201e-01 -1.619518678375601916e-03 2.186476843673592352e-01 3.385369155356454107e-01 1.383321886371200740e-04 9.999769294531932751e-01 6.790439784443013695e-03 -5.044468151803149780e-03 -2.186536553689592821e-01 -6.595998272687531895e-03 9.757840753634491326e-01 1.181529181757618563e+00
9.642416600970837859e-01 -1.184458773352044074e-03 2.650408864579304469e-01 4.320249989889148323e-01 -1.410339862773262809e-03 9.999529350212507106e-01 9.601472303300018565e-03 -3.476042505764012636e-03 -2.650397964156528952e-01 -9.632174967468570825e-03 9.641945965091682780e-01 1.376952225742297697e+00
9.501306019024824412e-01 -5.873761972614049108e-03 3.117937498538172481e-01 5.633857895077621913e-01 7.621994771463152683e-04 9.998633332129809315e-01 1.651577394527798531e-02 1.904113123506467886e-03 -3.118481689394093648e-01 -1.545482680658962632e-02 9.500052661822967481e-01 1.620094212052278326e+00
9.328775906849653410e-01 -1.550864682542587442e-02 3.597639348317974717e-01 7.024027415950648834e-01 6.961049603868187628e-03 9.996622639846802771e-01 2.503966892938629812e-02 -5.616648877044994048e-03 -3.600307911764455970e-01 -2.085300549918525648e-02 9.326705592631548969e-01 1.837234307881853379e+00
9.115549137036857985e-01 -2.096254471320707635e-02 4.105644475535189519e-01 8.612775466770772326e-01 9.524243968269025667e-03 9.995080674588294745e-01 2.988204052910570577e-02 -3.485871738458143354e-03 -4.109888755696912144e-01 -2.332800175649974578e-02 9.113061771054598026e-01 2.063100780459458772e+00
8.868304086334095615e-01 -2.259951626682664416e-02 4.615848886872489509e-01 1.047191165713012406e+00 7.661212977641949744e-03 9.993851131534902121e-01 3.421110802804382817e-02 -1.631268554926373904e-03 -4.620744532388601500e-01 -2.680226748084259258e-02 8.864583235042382547e-01 2.305479501671083398e+00
8.580148017384472414e-01 -2.517174823203432651e-02 5.129137923661813980e-01 1.235714712009816418e+00 5.838613668396135624e-03 9.992117503725012062e-01 3.926692434882674693e-02 1.331793032605556315e-02 -5.134980455226008100e-01 -3.069403726720306563e-02 8.574855908333877119e-01 2.518703754934838113e+00
8.272008217514296158e-01 -3.001948487497861293e-02 5.611759057989300636e-01 1.461227386865630917e+00 7.041044614156120700e-03 9.990473461009710121e-01 4.307718835444226957e-02 1.615843467155153590e-02 -5.619341058578994907e-01 -3.168682846849729673e-02 8.266239773235335431e-01 2.757642835762369682e+00
7.916223635474357589e-01 -3.594934339330851242e-02 6.101477724376700440e-01 1.687376584245008804e+00 8.898635525103554614e-03 9.988400352939114102e-01 4.732187394870142338e-02 2.661342426983254184e-02 -6.111416006641321452e-01 -3.203184551214362241e-02 7.910241243100508690e-01 2.953343547355776533e+00
7.525898255204430676e-01 -4.033165641092386483e-02 6.572637662364614330e-01 1.957620660660510659e+00 9.660387063359868881e-03 9.986913437195840126e-01 5.023674860112343349e-02 3.570354695624591151e-02 -6.584292447323776276e-01 -3.146153113064677903e-02 7.519945828275389488e-01 3.177959936284235010e+00
7.128140803097540168e-01 -4.417511188887145862e-02 6.999601241610768909e-01 2.243756467908126329e+00 1.139310472706872926e-02 9.986121804780473399e-01 5.142612514751381675e-02 4.313317777898731387e-02 -7.012600715590705525e-01 -2.868664578878786856e-02 7.123278948480327166e-01 3.399153662563537015e+00
6.711426547003457310e-01 -4.664643452573490057e-02 7.398781489387598054e-01 2.544870132841509758e+00 1.057928861530503702e-02 9.985193411968279475e-01 5.336524317902802128e-02 5.684130819334000384e-02 -7.412718464396967910e-01 -2.798946515116614020e-02 6.706424980069404240e-01 3.609592725805522484e+00
6.288461915423966264e-01 -4.649148745206918565e-02 7.761826502197197719e-01 2.887746279586576037e+00 6.033765923613531972e-03 9.984725416535636944e-01 5.491881113704490808e-02 7.939463094039281299e-02 -7.775504417513801059e-01 -2.985308590619726102e-02 6.281660862162713466e-01 3.829989429826068381e+00
5.870892443399656768e-01 -4.739007143885635986e-02 8.080962488898139062e-01 3.232932567069728869e+00 3.100638449894348950e-03 9.984091441356213181e-01 5.630419368849536726e-02 9.254070129083201424e-02 -8.094789921988341241e-01 -3.054767523977716670e-02 5.863025229509574165e-01 4.039413189307561325e+00
5.475159599554527690e-01 -4.881688297610759647e-02 8.352790575831934294e-01 3.612343588706131481e+00 1.335764971133850338e-03 9.983467796918055193e-01 5.746013849391500700e-02 1.126825015403283975e-01 -8.367029247024027061e-01 -3.034837715801783076e-02 5.466757363430372330e-01 4.245023643513530232e+00
5.080739148576105535e-01 -5.154227040259110743e-02 8.599389363656468888e-01 4.025199202077755167e+00 1.141689138370075121e-04 9.982118493458089770e-01 5.977418179441957441e-02 1.270942930126236770e-01 -8.614825938886498946e-01 -3.026995279254962590e-02 5.071713552614548481e-01 4.447284003498019445e+00
4.708649755399497150e-01 -5.117318133229604299e-02 8.806802735154317663e-01 4.455141433322558520e+00 -3.148231058214249426e-03 9.982125164061210754e-01 5.968551334583620249e-02 1.528614294181546707e-01 -8.821600079366084257e-01 -3.088070584444835287e-02 4.698620794345446661e-01 4.654265452164531247e+00
4.343878694114547412e-01 -5.046466773645832266e-02 8.994119179207897830e-01 4.917276082226697653e+00 -3.881976984617963207e-03 9.983147625892344612e-01 5.790670753442254959e-02 1.729530610100301624e-01 -9.008189759063076618e-01 -2.863899205383142743e-02 4.334603833649115501e-01 4.840433938898046407e+00
4.015060359572220072e-01 -4.926237535129290163e-02 9.146762783792240503e-01 5.419606123601061753e+00 -3.194761875619879510e-03 9.984707799720533572e-01 5.517652588971165561e-02 1.986014409363512923e-01 -9.159967019904174945e-01 -2.506796099668655645e-02 4.007347860433048692e-01 5.032575860396568679e+00
3.709984096148567501e-01 -4.770968133664206523e-02 9.274944009903212105e-01 5.941564689564901691e+00 -3.447958167297295907e-04 9.986717210918972798e-01 5.151613345685980561e-02 2.229213076869406840e-01 -9.287213627931645288e-01 -1.941909089143331602e-02 3.704896788826321785e-01 5.208895595398342238e+00
3.453009332448593871e-01 -4.582502313743821304e-02 9.372373459448842814e-01 6.488547003453914996e+00 6.733514143765303062e-05 9.988081990678853161e-01 4.881472735244743455e-02 2.487712153088389444e-01 -9.383571658814146010e-01 -1.679450093221217244e-02 3.448927557239834241e-01 5.391133642287984529e+00
3.246798549784913890e-01 -4.575666402833274138e-02 9.447180654394590205e-01 7.068992199049942471e+00 7.857790174648657212e-04 9.988419361872875601e-01 4.810745018621261082e-02 2.806746363679570866e-01 -9.458249823429810688e-01 -1.488680250933505089e-02 3.243394809308551285e-01 5.585488966560784974e+00
3.100284261925457807e-01 -4.619848160834384015e-02 9.495704314933651746e-01 7.660109380741292107e+00 1.704512770079737649e-03 9.988437716881951589e-01 4.804438772468344609e-02 3.047371985528125604e-01 -9.506923516975184230e-01 -1.327198041392514336e-02 3.097490322446864730e-01 5.767147302168492473e+00
2.992234562382131702e-01 -4.763565562468139586e-02 9.531095025859580572e-01 8.280486985280262502e+00 2.452570702612594244e-03 9.987878584821607841e-01 4.914231615414907384e-02 3.276500116317345723e-01 -9.542965840367897412e-01 -1.234831968169687773e-02 2.989779593045895356e-01 5.961190620887927949e+00
2.877014371993196207e-01 -5.000952055042889866e-02 9.563618305543325482e-01 8.931633606470184006e+00 1.628481179210059535e-03 9.986597224627499214e-01 5.172154146491186183e-02 3.571544747506176232e-01 -9.576672503374135115e-01 -1.331555606711451803e-02 2.873973232709750580e-01 6.153213973898553846e+00
2.767772278420569942e-01 -5.018729137844766403e-02 9.596400073723403423e-01 9.603598856502109982e+00 -5.917261413251861382e-04 9.986255345045805809e-01 5.240410743714006558e-02 3.895960710495338097e-01 -9.609521665130698054e-01 -1.505680831920616115e-02 2.763677757450221373e-01 6.352750889281391089e+00
2.662697309069742002e-01 -5.220480736139177652e-02 9.625050383694458978e-01 1.030801078382553193e+01 -1.026123050974733645e-03 9.985165050371754836e-01 5.443950020902236370e-02 4.220055872283090537e-01 -9.639190076991908107e-01 -1.548933394775351725e-02 2.658208981596255072e-01 6.549430288945488954e+00
2.568687506411220234e-01 -5.477575753406688230e-02 9.648230713423382454e-01 1.102881705228529086e+01 -1.722688565267119568e-03 9.983642650653470341e-01 5.715448704963040777e-02 4.531199237391652646e-01 -9.663760454647541964e-01 -1.633580337575101307e-02 2.563550213075386219e-01 6.734012374800137479e+00
2.462369531608052664e-01 -5.615111173224261731e-02 9.675502353700868863e-01 1.177513757266517658e+01 -2.301242370175874546e-03 9.982836589300675412e-01 5.852645617508260567e-02 4.883129426550066876e-01 -9.691755905333533372e-01 -1.664433909266470335e-02 2.456850781738292300e-01 6.923799727574229124e+00
2.349393280929089611e-01 -5.837264367920743519e-02 9.702009507638922337e-01 1.253979098588844998e+01 -1.851175148134063869e-03 9.981661064758707846e-01 6.051781739630082702e-02 5.211649135695434198e-01 -9.719541322433626895e-01 -1.601800054716112642e-02 2.344007357040475414e-01 7.107364612763385381e+00
2.253625010719036148e-01 -6.073267779378375975e-02 9.724380234677840740e-01 1.333314793498167283e+01 -3.853571684690371320e-03 9.979913011876931916e-01 6.323556097121205144e-02 5.587641736137365367e-01 -9.743259765178202692e-01 -1.799037869158074884e-02 2.246763119142925202e-01 7.292565389376525431e+00
2.139199250477016589e-01 -6.362792715775913988e-02 9.747440101372011334e-01 1.410798395157219964e+01 -5.659665978221661148e-03 9.977796141562335075e-01 6.635201422995695708e-02 6.019491521080495566e-01 -9.768010809986077403e-01 -1.972103400725233602e-02 2.130839588448473487e-01 7.468493327990939790e+00
2.017702831494805893e-01 -6.805824690852796399e-02 9.770770554315926226e-01 1.490724627096418153e+01 -6.481302167746222712e-03 9.974675561490132791e-01 7.084930424580969388e-02 6.428966474467296965e-01 -9.794239944183801283e-01 -2.063600828986360616e-02 2.008189251849580581e-01 7.634273845657473245e+00
1.883623520904417481e-01 -7.000481906701429280e-02 9.795971036179214053e-01 1.570322051790844853e+01 -7.904712086546944461e-03 9.973160916228324124e-01 7.278848598081658072e-02 6.820053229362128544e-01 -9.820633357852380785e-01 -2.145901483978842131e-02 1.873032089041804515e-01 7.787789228571993405e+00
1.730329118142368561e-01 -7.089298342661511099e-02 9.823915790497389500e-01 1.651393567527534856e+01 -8.744686421619279199e-03 9.972562472858231830e-01 7.350392958548639111e-02 7.248231557722639717e-01 -9.849075659050194886e-01 -2.130684621547050336e-02 1.719381806445079985e-01 7.929214292785330187e+00
1.600261942189086795e-01 -7.067080721266984222e-02 9.846008899834098882e-01 1.733628256519873645e+01 -9.082688572263396612e-03 9.972860882515488523e-01 7.305762438896673538e-02 7.681733770866048250e-01 -9.870924443676512006e-01 -2.062832085445193142e-02 1.589501713240219494e-01 8.066986052552781672e+00
1.439308482765280783e-01 -6.930953377195434029e-02 9.872039574900456360e-01 1.815616821817330617e+01 -1.061581448460121799e-02 9.973794597999388056e-01 7.155144752393900742e-02 8.099685233234625859e-01 -9.895760489355233114e-01 -2.078658153697397065e-02 1.428168975338085234e-01 8.184954570536653762e+00
1.226317498231595388e-01 -6.783157772298244181e-02 9.901231929903370199e-01 1.898933749424249484e+01 -1.341028153663410827e-02 9.974579474015629055e-01 6.998401078143630383e-02 8.492962566722017659e-01 -9.923519642986783351e-01 -2.187976065778420368e-02 1.214094883374114281e-01 8.284498304409925851e+00
9.665209882318978596e-02 -6.655251531232965478e-02 9.930692139450881806e-01 1.982325648288732012e+01 -1.707043428126857679e-02 9.975049113132432588e-01 6.851677354835122857e-02 8.888033433957215346e-01 -9.951496423351979814e-01 -2.359768370516880653e-02 9.527435916822403483e-02 8.358004864520225397e+00
6.640826699960503121e-02 -6.594965456379073276e-02 9.955848651690981654e-01 2.066712578207695472e+01 -2.193236828559640486e-02 9.974757462252209494e-01 6.756498749417456928e-02 9.287406126271946505e-01 -9.975261037338878367e-01 -2.634389725129556228e-02 6.479430116297241193e-02 8.413527558339984225e+00
3.246123757729810211e-02 -6.561034413626176676e-02 9.973233662774418917e-01 2.152563747502549774e+01 -2.471336884476494494e-02 9.974852130631605140e-01 6.642627681933166439e-02 9.686721037874961304e-01 -9.991739706534450427e-01 -2.679845509855121460e-02 3.075827422271302722e-02 8.442793111766254910e+00
-6.611383026282513682e-04 -6.463997707272331472e-02 9.979082339620761744e-01 2.237447053177498546e+01 -2.582184833964082729e-02 9.975772461294379889e-01 6.459831167388321860e-02 1.005334919502751223e+00 -9.996657488783159407e-01 -2.573207431579658047e-02 -2.328826690036066467e-03 8.427776836655752390e+00
-3.493310784605725694e-02 -6.385903358726567614e-02 9.973430280104469414e-01 2.323802715708734823e+01 -2.776244892941911666e-02 9.976332436489242506e-01 6.290929926844412989e-02 1.038917847628396229e+00 -9.989999953039467862e-01 -2.548921786859974226e-02 -3.662331382000633129e-02 8.404009322589175213e+00
-6.684292201587871407e-02 -6.171533482543314214e-02 9.958165990556605562e-01 2.408924634582157509e+01 -2.965919057891367935e-02 9.977669942606856024e-01 5.982893870551694859e-02 1.070991986406266028e+00 -9.972868401579141340e-01 -2.551031724535041123e-02 -6.852396515910202934e-02 8.332168412110782185e+00
-9.982759808914024036e-02 -5.867602550163440733e-02 9.932339147705780968e-01 2.494243351427880384e+01 -3.219370501513680455e-02 9.979273493403867379e-01 5.572111167735172010e-02 1.106839080049148771e+00 -9.944456805363838248e-01 -2.639607078287336053e-02 -1.015094155841130691e-01 8.243458152969534325e+00
-1.325963464954232618e-01 -5.398234029512628818e-02 9.897324945401408947e-01 2.580447029452151497e+01 -2.978261841821285699e-02 9.982827684378958732e-01 5.043326269747898383e-02 1.133600605050101073e+00 -9.907538519297249824e-01 -2.281719311244346030e-02 -1.339769416568279692e-01 8.116027277665860851e+00
-1.634506304677298683e-01 -4.908123185947214223e-02 9.853532693614591720e-01 2.663061301222731458e+01 -2.441066372829060055e-02 9.986572734438908805e-01 4.569858801761728095e-02 1.154268650708696331e+00 -9.862729614376937182e-01 -1.658860778166859964e-02 -1.644293519166669382e-01 7.950053126320887564e+00
-1.931334835409601325e-01 -4.317856970645581743e-02 9.802058896340672955e-01 2.748549436371484944e+01 -1.863487989979287565e-02 9.990127062106776146e-01 4.032165822328159788e-02 1.171595053549486787e+00 -9.809791440357631398e-01 -1.047685837198799111e-02 -1.937474780465332502e-01 7.779115369983077954e+00
-2.215913871590239337e-01 -3.668989423155035595e-02 9.745693459841601181e-01 2.831717492540007797e+01 -1.291236711941509858e-02 9.993149097461064834e-01 3.469805777414249753e-02 1.178644022034258887e+00 -9.751739674918478151e-01 -4.917445238465443028e-03 -2.219134138062216210e-01 7.570938978696264421e+00
-2.481157425654056115e-01 -3.075391698677208685e-02 9.681929538148935643e-01 2.914534573856212774e+01 -4.694457121615108579e-03 9.995225617277726515e-01 3.053035253669885568e-02 1.189401638500476421e+00 -9.686697138760023140e-01 3.036931221195927552e-03 -2.481417214250547509e-01 7.342118808655897055e+00
-2.768320257664170225e-01 -2.049156215343680282e-02 9.607043319695027783e-01 2.996929413324676617e+01 1.570785939929081072e-03 9.997614284802739393e-01 2.179046362078315008e-02 1.192581227169936753e+00 -9.609218379744172145e-01 7.544998262913225721e-03 -2.767335618782855167e-01 7.089387738392219696e+00
-2.985311105688005506e-01 -5.168505416840186821e-03 9.544351122381448116e-01 3.077568902451670496e+01 6.381277637155858759e-03 9.999521839696097203e-01 7.414578288788047089e-03 1.183380552604621938e+00 -9.544278357558065862e-01 8.304866489237320085e-03 -2.984837505458134421e-01 6.822078776044496529e+00
-3.232694873320353102e-01 1.196981580527348328e-02 9.460821331367093023e-01 3.156409657948215397e+01 6.758864597205823700e-03 9.999237611252508318e-01 -1.034609741812135553e-02 1.163511775455527752e+00 -9.461339479510499917e-01 3.049965191567242939e-03 -3.233255689592310911e-01 6.552722286799993689e+00
-3.490755653014706583e-01 2.722542585233471771e-02 9.365866829912908864e-01 3.235810236194253520e+01 6.670480887648163638e-03 9.996246227932503725e-01 -2.657203602491841829e-02 1.142017756960077790e+00 -9.369588481256918566e-01 -3.031067168558126794e-03 -3.491261038861278032e-01 6.262844789903605047e+00
-3.742740201399360478e-01 3.725411660837759514e-02 9.265504076870220151e-01 3.313510147496556613e+01 1.075516176530830204e-02 9.993001946254141954e-01 -3.582574415495624887e-02 1.104778708424835942e+00 -9.272364591015823665e-01 -3.436740564571223299e-03 -3.744128128884169349e-01 5.941304913376251662e+00
-3.986433863532850008e-01 4.261265997214164908e-02 9.161859062868421555e-01 3.391610109545131735e+01 1.384499132334892149e-02 9.990863004903252076e-01 -4.042714457636121389e-02 1.057553844186609249e+00 -9.170712083915407709e-01 -3.427304122597837205e-03 -3.988694528428659569e-01 5.606214042451363788e+00
-4.190041681095510451e-01 4.218455786822087467e-02 9.070699945189417690e-01 3.469127503747967722e+01 1.653981770470860577e-02 9.991091901302477929e-01 -3.884144626185116050e-02 1.008738003454056287e+00 -9.078997348160257053e-01 -1.243622397482450166e-03 -4.193286750987759159e-01 5.243891248126713478e+00
-4.389607262350804784e-01 3.879730574752027206e-02 8.974433178455594184e-01 3.545440807191297949e+01 2.030830544849508007e-02 9.992403991564493548e-01 -3.325428474187207273e-02 9.655017883689902547e-01 -8.980521429578286474e-01 3.621934550157429426e-03 -4.394151027805302534e-01 4.865296805714399930e+00
-4.579788709024240068e-01 3.691236175351376991e-02 8.878980587294955651e-01 3.620355011629895614e+01 2.745503982881858027e-02 9.992482475715563917e-01 -2.736201548317265808e-02 9.215142474179887078e-01 -8.882408391138512105e-01 1.183866219903570785e-02 -4.586480406858560177e-01 4.468035834630911474e+00
-4.696354342363975309e-01 3.755451165965086047e-02 8.815369517917448494e-01 3.694469731209266428e+01 3.149723116792557676e-02 9.991715461203831694e-01 -2.576427872728804039e-02 8.755459567417740452e-01 -8.817744174581092498e-01 1.566162000844089144e-02 -4.704291658924694697e-01 4.071317759879422127e+00
-4.813974389850475544e-01 4.090685352087775062e-02 8.751729137359601784e-01 3.766824544796298113e+01 3.349119668891581414e-02 9.990393414612420697e-01 -2.824745387304649843e-02 8.306864423775512929e-01 -8.754878414892334204e-01 1.571233671629737594e-02 -4.823050802048474694e-01 3.670733309481274631e+00
-4.917857945243258033e-01 4.271434747644570207e-02 8.692185958333146223e-01 3.837501625233063862e+01 3.508042610193429223e-02 9.989569010934855608e-01 -2.921790227346988608e-02 7.925331583304293659e-01 -8.695606831614541843e-01 1.610028755578271284e-02 -4.927711310309059733e-01 3.276755385252649422e+00
-5.038126035764999289e-01 4.310947238112716740e-02 8.629844862285690477e-01 3.907947579999873966e+01 2.890401129864244092e-02 9.990359012849927556e-01 -3.305973333850324714e-02 7.454731316682513542e-01 -8.635775277931513338e-01 8.299358949312659467e-03 -5.045728822879607112e-01 2.863608675261948289e+00
-5.142816614751557491e-01 4.143804723322462580e-02 8.568193769017812267e-01 3.977803159496274077e+01 2.779895385989742881e-02 9.991127807625534984e-01 -3.163873505771433448e-02 7.094072281372049149e-01 -8.573701775527263758e-01 7.552713428253344206e-03 -5.149773008708022903e-01 2.449909362717741068e+00
-5.208748466526831322e-01 4.274169175727317999e-02 8.528106702387869831e-01 4.047887433018377124e+01 2.993509008769123028e-02 9.990461010313528289e-01 -3.179988341924888662e-02 6.659997439220401994e-01 -8.533561244013370128e-01 8.975481445986253567e-03 -5.216575515092545245e-01 2.014366987430490141e+00
-5.288588660326352109e-01 4.560979251014964791e-02 8.478109032616555352e-01 4.118021837642651661e+01 3.350793093506922171e-02 9.988983208801683888e-01 -3.286693351899522275e-02 6.196459936026116333e-01 -8.483759286814889222e-01 1.103128488575184571e-02 -5.298044957220142681e-01 1.571167703285803574e+00
-5.317039961392006076e-01 4.948924889253797366e-02 8.455577293106871783e-01 4.189120293009747087e+01 3.446530110188058410e-02 9.987284138199608030e-01 -3.680871983611562481e-02 5.814252988892111285e-01 -8.463037426305045630e-01 9.588567052600431920e-03 -5.327335317554672267e-01 1.126219649241574805e+00
-5.303540560299274675e-01 5.043702324808516796e-02 8.464405849874605536e-01 4.262526877037188910e+01 3.354526925962823120e-02 9.986950039279571811e-01 -3.852023838356413016e-02 5.426301352897533459e-01 -8.472790368765021896e-01 7.963428713532632111e-03 -5.313536670523876237e-01 6.705082189266895476e-01
-5.274718567874965292e-01 5.147815076663447148e-02 8.485592896377789351e-01 4.337606575473505188e+01 3.613706634417995084e-02 9.986186555850613544e-01 -3.816186808269683706e-02 4.954451546928638206e-01 -8.493510945105425813e-01 1.055644161111632742e-02 -5.286034113845400340e-01 2.047876602500718901e-01
-5.222550352889523406e-01 4.959449587863572206e-02 8.517594673142140360e-01 4.414007643119420266e+01 3.424707213060188687e-02 9.987218318943962281e-01 -3.718262189026601966e-02 4.502343373923358705e-01 -8.525148554586740035e-01 9.758083579274530114e-03 -5.232859470532894575e-01 -2.490630363416976301e-01
-5.142809391484205461e-01 4.844127500742714115e-02 8.562641318112717004e-01 4.492270969706597583e+01 3.163370567540742251e-02 9.987955926530264206e-01 -3.750481759328259251e-02 4.077118958762864231e-01 -8.570493468856388297e-01 7.807644321274037624e-03 -5.151939390308815092e-01 -7.175274756402252319e-01
-5.062917434686491358e-01 4.783620622594154936e-02 8.608713481012572055e-01 4.572586752684144784e+01 3.000737172786600154e-02 9.988331042450966368e-01 -3.781683967346586434e-02 3.598477255086340310e-01 -8.616761734210625079e-01 6.673098475265076129e-03 -5.071365117240183018e-01 -1.177395591216809922e+00
-5.011388669698901843e-01 4.574860765478809543e-02 8.647260043864476442e-01 4.652903685796891153e+01 2.683315816478513971e-02 9.989433895192725288e-01 -3.731652310561057312e-02 3.165871902010997108e-01 -8.655185328927375021e-01 4.532942795135510260e-03 -5.018374324195299385e-01 -1.629436947167288263e+00
-4.960416304692534806e-01 4.457723030543780246e-02 8.671789439822178425e-01 4.737122129376614765e+01 2.300835299673795534e-02 9.990054742779145291e-01 -3.818979126351911002e-02 2.671664020200756884e-01 -8.680191518347452062e-01 1.003482638082240459e-03 -4.965739874701600165e-01 -2.099372081468186657e+00
-4.947612857129789488e-01 4.184995999783905352e-02 8.680092532730439014e-01 4.820603684530733801e+01 1.845836067767321273e-02 9.991208602533737659e-01 -3.763065517868222770e-02 2.249890968001477254e-01 -8.688211342428541206e-01 -2.597800655161572499e-03 -4.950989796955767575e-01 -2.551250728021965841e+00
-4.948202425773336466e-01 3.928176764905805946e-02 8.681565470924568206e-01 4.908567060711905583e+01 1.547506187879623893e-02 9.992180982525434851e-01 -3.637510449073726865e-02 1.736665752255701911e-01 -8.689067173522576626e-01 -4.563996188337968336e-03 -4.950414463639153384e-01 -3.042886161500062414e+00
-4.948187931622403113e-01 3.713829871390510184e-02 8.680639512939041236e-01 4.995611223945392254e+01 1.418902757528358108e-02 9.992984398609134900e-01 -3.464504020831115499e-02 1.286738871277451624e-01 -8.687421694070025513e-01 -4.846889746544737546e-03 -4.949987530867652197e-01 -3.513626448954755510e+00
-4.948237913201522509e-01 3.678400727441329121e-02 8.681634027386988528e-01 5.084503115324879019e+01 1.384339565409162774e-02 9.993108643992557605e-01 -3.442836901945989930e-02 7.474386934961414763e-02 -8.688318293545558291e-01 -5.027116864454401167e-03 -4.949921425733508906e-01 -4.005755947312469090e+00
-4.948188177731903670e-01 3.576091737595275127e-02 8.682175712992321603e-01 5.174212154938219044e+01 1.334378323765881766e-02 9.993477887660056069e-01 -3.354507676539689176e-02 2.342542323097265150e-02 -8.688514866717930163e-01 -5.030330992067459824e-03 -4.949732735517142213e-01 -4.518589676754187323e+00
-4.948078372480811948e-01 3.464824514466829930e-02 8.684288870859679932e-01 5.264962760002977404e+01 1.292511981228165047e-02 9.993879170182813354e-01 -3.249936658049367572e-02 -2.651864702071601854e-02 -8.690237291894062910e-01 -4.861905637861008503e-03 -4.949529163600133730e-01 -5.021861526821323807e+00
-4.962041687852956073e-01 3.411831175108154257e-02 8.672806702578552684e-01 5.356631716000366339e+01 1.268804942623651469e-02 9.994056370461579242e-01 -3.203914795700329304e-02 -8.293267292241764121e-02 -8.678587414703031744e-01 -4.912179850032117635e-03 -4.963422849493999145e-01 -5.530153400413835740e+00
-4.948424337374811022e-01 3.169790807814114320e-02 8.684530588833762055e-01 5.450067541908921243e+01 1.029681477606708695e-02 9.994782328315869879e-01 -3.060896517376848064e-02 -1.331710588874069345e-01 -8.689704975712834178e-01 -6.208112688928239115e-03 -4.949106158455860993e-01 -6.039611003498338349e+00
-4.976555013337348177e-01 3.198687413657406997e-02 8.669532644479653882e-01 5.540422942197200484e+01 1.011467726649359529e-02 9.994659223117505764e-01 -3.108007844734296532e-02 -1.893545078555605721e-01 -8.674840318794524441e-01 -6.680713113988810160e-03 -4.977133467077672901e-01 -6.540734541293874216e+00
-4.948870975535776262e-01 3.085453856600621839e-02 8.683839977120962894e-01 5.633140766844606873e+01 8.693137602773119699e-03 9.994951750859324413e-01 -3.055314580736629218e-02 -2.443758227507238368e-01 -8.688885758865729780e-01 -7.577166063534731058e-03 -4.949055142465271784e-01 -7.045841002845954826e+00
-4.924559189673611836e-01 2.989543965149932259e-02 8.692865308734699648e-01 5.726068094852655577e+01 8.437631997306438078e-03 9.995263308587588602e-01 -2.958161650672236007e-02 -2.959556209184775466e-01 -8.697599950965942961e-01 -7.266001509367939551e-03 -4.924746052927342910e-01 -7.571220824107706804e+00
-4.909825969366751752e-01 2.668871320372230571e-02 8.703028913731478688e-01 5.816835199381018384e+01 8.494932915630415415e-03 9.996294832055310220e-01 -2.585713316900052280e-02 -3.520382003603009791e-01 -8.706707151544825773e-01 -5.313798770293544881e-03 -4.910271870291250118e-01 -8.061360713160373948e+00
-4.895290808137834904e-01 2.584623097785828869e-02 8.721336875310172765e-01 5.909057838655736816e+01 9.531509013538080888e-03 9.996598433217770419e-01 -2.427870225436541685e-02 -4.014618361673294999e-01 -8.724642313197110699e-01 -3.553124564374644193e-03 -4.896092111373728240e-01 -8.558168708538417491e+00
-4.871170742435409484e-01 2.487426599391765261e-02 8.730312398570130306e-01 6.000308152288611296e+01 8.961106306299789284e-03 9.996839882175333480e-01 -2.348344959376478733e-02 -4.522922381182423179e-01 -8.733395327016574283e-01 -3.608398672852932733e-03 -4.871860939380579514e-01 -9.056015417363704856e+00
-4.843155862061713779e-01 2.549743484107715868e-02 8.746072873711624451e-01 6.093268617341858828e+01 9.509507809116544974e-03 9.996697042734822292e-01 -2.387053867912897892e-02 -5.009246988687351410e-01 -8.749272123569166171e-01 -3.243382544656094914e-03 -4.843980583730206901e-01 -9.559768550437704349e+00
-4.805355397695560415e-01 2.485858895190345974e-02 8.760777200482889882e-01 6.184282731017046331e+01 8.430511204260597927e-03 9.996823831718860687e-01 -2.373521373657381736e-02 -5.521498371691082596e-01 -8.763901746074255206e-01 -4.046610960125760111e-03 -4.805923835920730691e-01 -1.004647465911877724e+01
-4.819737747379018167e-01 2.665577414739431564e-02 8.755768269968670081e-01 6.275510565712252742e+01 8.244191046279197160e-03 9.996304818497088185e-01 -2.590188728771803534e-02 -5.962982690060949498e-01 -8.759439949046518015e-01 -5.274923369897210022e-03 -4.820151858963681590e-01 -1.054331639972131285e+01
-4.858717727281067766e-01 2.806566931178170604e-02 8.737850009967236264e-01 6.365766399210861692e+01 6.698328989839380521e-03 9.995745563904252506e-01 -2.839095598647614974e-02 -6.513732933661797730e-01 -8.742099209701859053e-01 -7.928815138934893619e-03 -4.858531094374649584e-01 -1.103773243800232784e+01
-4.873631061038891654e-01 2.839696139672885991e-02 8.725507146906836820e-01 6.455156333470631580e+01 4.630581645496075795e-03 9.995407541204532897e-01 -2.995514486044688340e-02 -7.055559425520129269e-01 -8.730005245477540088e-01 -1.054965734111128380e-02 -4.872706551042715883e-01 -1.153525902118320801e+01
-4.963559948237364905e-01 2.650779400010520176e-02 8.682089152355246808e-01 6.544270781769145628e+01 4.342126972602995509e-03 9.995972754470283661e-01 -2.804127872415856579e-02 -7.510722671630531977e-01 -8.686025609864598263e-01 -1.013629226759357738e-02 -4.962713518818367420e-01 -1.203979559237399499e+01
-5.000043275380116059e-01 2.323870027857768278e-02 8.657266888774869384e-01 6.633345200603392300e+01 6.956918256451413360e-03 9.997154006536682624e-01 -2.281707034945973378e-02 -8.100127440601695428e-01 -8.660106408988007543e-01 -5.384852324180891200e-03 -5.000237292798259681e-01 -1.255664818317277920e+01
-5.066928467163354100e-01 2.114074429714898548e-02 8.622379394806304331e-01 6.719933398415982140e+01 4.065524751867583865e-03 9.997470396031985507e-01 -2.211959507800702329e-02 -8.554974719379714321e-01 -8.624873229353088311e-01 -7.696092353364525004e-03 -5.066508468251567088e-01 -1.304220757276102916e+01
-5.095127986967616929e-01 2.435167314290411986e-02 8.598795095620921369e-01 6.807963260626181068e+01 5.455398137236430745e-03 9.996704374062760357e-01 -2.507550275748475846e-02 -9.128809639487466265e-01 -8.602071033939037159e-01 -8.102188198351066226e-03 -5.094777094530750228e-01 -1.355118865739589928e+01
-5.133843765541434845e-01 2.616947805519714496e-02 8.577599074196212703e-01 6.894564164230459369e+01 5.554953866616367704e-03 9.996153662745168589e-01 -2.716079345052090435e-02 -9.520465086739060556e-01 -8.581411453892423546e-01 -9.189882659167106227e-03 -5.133323276300718607e-01 -1.405961980345966822e+01
-5.201048693241658860e-01 2.565077059590062381e-02 8.535392528798474432e-01 6.979930553362584078e+01 3.408716669092516638e-03 9.996030771841339924e-01 -2.795884964622570926e-02 -1.000915852156237129e+00 -8.539179768973569340e-01 -1.164370503251163994e-02 -5.199858549165476962e-01 -1.455585664838834603e+01
-5.229534538738933591e-01 2.633641151197437316e-02 8.513581255159141659e-01 7.064922449529784387e+01 2.890343905699955650e-03 9.995709416149586302e-01 -2.913880927409410668e-02 -1.055741201499178938e+00 -8.517606515433604475e-01 -1.279776783950666713e-02 -5.228051269775154664e-01 -1.506774177840570950e+01
-5.267833582685677030e-01 2.655143228054528820e-02 8.494099192236905793e-01 7.147225787900219984e+01 3.369639691564778328e-03 9.995691750331091585e-01 -2.914642724330723800e-02 -1.103835714255702038e+00 -8.498180726026458576e-01 -1.250695995292838876e-02 -5.266459446904144803e-01 -1.558170318457354497e+01
-5.307614277622038079e-01 1.831859944748196606e-02 8.472761946264633082e-01 7.232084989659071539e+01 4.424159069427872730e-03 9.998125125520798129e-01 -1.885447667363539248e-02 -1.152132026061215786e+00 -8.474627639836207482e-01 -6.253573370979712345e-03 -5.307429650160113699e-01 -1.610895786236541127e+01
-5.316803185892353678e-01 8.861596259253697733e-03 8.473123875501940017e-01 7.316296446353030092e+01 4.185110833435408927e-03 9.999605334896950470e-01 -7.830131141175875401e-03 -1.191098279077573485e+00 -8.473484088445497608e-01 -6.216417085329560815e-04 -5.316965767092366457e-01 -1.663639396890336286e+01
-5.344815636825648308e-01 5.936286238328776672e-03 8.455521797755218838e-01 7.399669769010108666e+01 3.547102350290732512e-03 9.999823061169517135e-01 -4.776359721291281030e-03 -1.224314280978979097e+00 -8.455656076709295865e-01 4.479857803178620575e-04 -5.344932975758359683e-01 -1.715460110667001814e+01
-5.359100413719211087e-01 1.160760603485015176e-02 8.441603879623097439e-01 7.481489581407726064e+01 4.583090124166185747e-03 9.999307567478468162e-01 -1.083940919594932745e-02 -1.252396593224668342e+00 -8.442277548814470789e-01 -1.933597325551085879e-03 -5.359261495075480219e-01 -1.767075425843297509e+01
-5.373744172887326975e-01 1.678088039120356062e-02 8.432786173927652174e-01 7.563425578949005512e+01 4.983500803509089208e-03 9.998478413986232605e-01 -1.672528427310869883e-02 -1.288035103359545852e+00 -8.434308239498432558e-01 -4.775333931363026294e-03 -5.373763758272672719e-01 -1.818186990960716898e+01
-5.372509558093362392e-01 2.132919172581278569e-02 8.433139477118811733e-01 7.645839371873272228e+01 1.111806264142637529e-02 9.997725371246756199e-01 -1.821156312476597539e-02 -1.325438635984829139e+00 -8.435102374524643398e-01 -3.964791796994598309e-04 -5.373659416669016586e-01 -1.870272729123740874e+01
-5.371703353083491228e-01 2.150588599784741817e-02 8.432648629878846114e-01 7.728301516639672286e+01 1.393539068529062348e-02 9.997648030721530965e-01 -1.663067731032881122e-02 -1.368080790725225926e+00 -8.434239775500529390e-01 2.828631213030282938e-03 -5.373436394976601749e-01 -1.923945097744826427e+01
-5.357456231771409172e-01 1.885668569220405946e-02 8.434873726615648160e-01 7.810914713112265417e+01 1.364514442247205007e-02 9.998133793916900158e-01 -1.367033518384417820e-02 -1.402811920933011880e+00 -8.435878962592909813e-01 4.180649032450557689e-03 -5.359029760746261140e-01 -1.976126150083481647e+01
-5.343522242686989943e-01 1.295526541866310645e-02 8.445603215574869482e-01 7.893142981986477480e+01 1.131967520338794664e-02 9.999025588257588470e-01 -8.171512006063790662e-03 -1.430460861856210242e+00 -8.445838253160915521e-01 5.187651276037697629e-03 -5.344469858250653349e-01 -2.026182226549582310e+01
-5.343703790165230672e-01 7.260602796542891223e-03 8.449610089408614577e-01 7.975232114595389987e+01 9.375780530453252729e-03 9.999524862563927696e-01 -2.662571770324408723e-03 -1.456396888056853411e+00 -8.449405096445228303e-01 6.502758132559902267e-03 -5.344129549800430423e-01 -2.078040191617940025e+01
-5.345272432124262840e-01 3.645868526860805117e-04 8.453869197334743513e-01 8.056732651542182566e+01 3.682184061733478621e-05 9.999999055858331820e-01 -4.009542664047264821e-04 -1.486137157686649335e+00 -8.453872120603772577e-01 -1.762475438843437664e-04 -5.345271467407773924e-01 -2.127388882598044262e+01
-5.294418902283963835e-01 -5.017635443614984481e-03 8.477929328968677458e-01 8.140359370335299616e+01 -8.956787100634595183e-03 9.999598287767770266e-01 3.189734712507213445e-04 -1.506674881528178522e+00 -8.477606483498852930e-01 -7.418262656711378973e-03 -5.294655613244122483e-01 -2.176547446364086369e+01
-5.293595459082313104e-01 -4.879454880685911433e-03 8.478578540550091303e-01 8.221253498941045734e+01 -5.179506768254506406e-03 9.999833882897836146e-01 2.520347921097010769e-03 -1.522577263205348030e+00 -8.478562893294985248e-01 -3.054067757966522599e-03 -5.293760215273651815e-01 -2.226923466153506936e+01
-5.278798785283469464e-01 -1.556161200852661675e-03 8.497162776017752606e-01 8.302501343479745799e+01 -6.595625839324185165e-04 9.999987605732931772e-01 1.431015420499533305e-03 -1.552675825986771008e+00 -8.497177014070569356e-01 1.966877848233397218e-04 -5.278801597205748930e-01 -2.277013166038279124e+01
-5.212186553243287612e-01 1.575756438795596417e-03 8.528717209675059641e-01 8.383755295245788375e+01 6.453349038243903421e-04 9.999988044652503572e-01 -1.457972256730987902e-03 -1.570088626579612345e+00 -8.528731312588844204e-01 -2.095302298399992003e-04 -5.212191330581578130e-01 -2.326863800164374751e+01
-5.130915346202958860e-01 3.175566428952206980e-03 8.580695355671444924e-01 8.464924672988212251e+01 5.490429664414746974e-03 9.999848635577850420e-01 -4.206421100402446458e-04 -1.593204039190390331e+00 -8.580578888284519090e-01 4.497144897475654352e-03 -5.131012528266493122e-01 -2.375352284496844391e+01
-5.063418894071786136e-01 5.962404095028353383e-03 8.625114822119847036e-01 8.545706222901695526e+01 1.343645649697892269e-02 9.999093423501991262e-01 9.731024706524358560e-04 -1.619044029147013397e+00 -8.624275955607386690e-01 1.207818944943519004e-02 -5.063760142680939769e-01 -2.422696438890434578e+01
-4.959465684744777669e-01 4.559287041403793130e-03 8.685278229436993458e-01 8.628332014832196251e+01 1.017951432134809979e-02 9.999480275338819002e-01 5.639797508665669911e-04 -1.642527914786051868e+00 -8.684801672672793904e-01 9.119635390873424841e-03 -4.959673191878068987e-01 -2.469624157268557241e+01
-4.855713501571584101e-01 1.789025604854602896e-03 8.743553579774345774e-01 8.711799056735942770e+01 7.504850297533146967e-03 9.999695754355396593e-01 2.126396917700010183e-03 -1.655108239876722287e+00 -8.743250795058754576e-01 7.597084643677849344e-03 -4.855699917979277025e-01 -2.513676876351697231e+01
-4.737856735069417846e-01 -1.732781421717602107e-03 8.809993453968458788e-01 8.795466979025727028e+01 8.627737270941791478e-03 9.999410435559809018e-01 6.606518052481435456e-03 -1.674469428396008208e+00 -8.809589331625440334e-01 1.072405808956940730e-02 -4.737427409215367868e-01 -2.558531729187469850e+01
-4.620417437237399616e-01 -3.508498131844054423e-03 8.868597959852179136e-01 8.879623068860847468e+01 7.923044223577669146e-03 9.999360144258107042e-01 8.078564429086099868e-03 -1.688557237871799233e+00 -8.868313636894411545e-01 1.075570049893168241e-02 -4.619843879181809165e-01 -2.601184494907071354e+01
-4.516970712675164590e-01 -3.677384201491233108e-03 8.926682049527595586e-01 8.963719852108600605e+01 7.914403131321013501e-03 9.999357159028402497e-01 8.123467959052714515e-03 -1.695834986886321838e+00 -8.926407533117075577e-01 1.072373740334546695e-02 -4.516388869639675896e-01 -2.643160061753202683e+01
-4.375759483717748255e-01 -2.929621893936306364e-03 8.990171175802357251e-01 9.049174396575429569e+01 1.166341076328991991e-02 9.998920353762605906e-01 8.934805755870557642e-03 -1.716522099844228322e+00 -8.989464463041108022e-01 1.439810764639703512e-02 -4.374946029155880600e-01 -2.684634174869906431e+01
