1.0 0.0 0.0 0.0 0.0 1.0 0.0 0.0 0.0 0.0 1.0 0.0
0.99991405 -0.013103484 -0.00031469477 0.09375 0.013103663 0.99991393 0.0005755857 0.0020751953 0.00030712597 -0.0005796607 0.99999976 0.00024414062
0.99933946 0.036332905 0.00034953744 0.265625 -0.036334105 0.99932945 0.0044738217 -0.015991211 -0.00018676158 -0.004483571 0.9999899 0.0040283203
0.9978864 0.06497509 0.0015307849 0.4362793 -0.06498298 0.99787 0.005839975 -0.034057617 -0.0011481754 -0.0059271036 0.99998176 -0.005126953
0.9952127 0.09769206 0.0031374842 0.59643555 -0.09770927 0.9951984 0.005904457 -0.08178711 -0.0025455435 -0.0061827046 0.99997765 -0.0043945312
0.9909661 0.13398139 0.0063138213 0.79382324 -0.1340004 0.99097997 0.0026913378 -0.14221191 -0.0058963564 -0.0035129501 0.99997646 -0.0064697266
0.9846965 0.17415653 0.0070874314 0.98413086 -0.17415778 0.98472166 -0.00044547932 -0.19677734 -0.0070567573 -0.0007954838 0.9999748 0.004760742
0.9757838 0.21858864 0.008510146 1.1906738 -0.21859314 0.9758198 -0.00040910044 -0.26794434 -0.008393751 -0.0014607746 0.9999637 -0.0025634766
0.96419626 0.26493728 0.01199539 1.3902588 -0.26495898 0.96426487 0.00022816972 -0.34631348 -0.011506146 -0.0033976748 0.99992806 -0.005126953
0.9500005 0.3117099 0.018277569 1.6385498 -0.31168476 0.95017487 -0.0042816056 -0.46289062 -0.01870144 -0.0016285154 0.9998238 -0.0107421875
0.93264663 0.35988617 0.024157124 1.8619385 -0.3596471 0.9329502 -0.013752621 -0.5871582 -0.027489105 0.004136497 0.9996136 -0.0028076172
0.91126806 0.41083732 0.02716991 2.0950928 -0.41044235 0.91165185 -0.019052107 -0.72998047 -0.03259831 0.00620797 0.99944925 -0.0059814453
0.8864158 0.46187913 0.031212535 2.3459473 -0.4614369 0.886957 -0.020562707 -0.89953613 -0.037181303 0.003824016 0.9993011 -0.009399414
0.85743684 0.5132557 0.035700057 2.5689697 -0.51274025 0.85817844 -0.023039814 -1.0715332 -0.042467058 0.0014471598 0.9990969 -0.025512695
0.82655853 0.5616876 0.03727294 2.8181152 -0.5610021 0.82739544 -0.027823163 -1.2818604 -0.04646474 0.0020960178 0.9989182 -0.030395508
0.7909353 0.61090004 0.038232785 3.0255127 -0.6099774 0.7918516 -0.03372085 -1.4925537 -0.05087091 0.003357783 0.99869967 -0.04248047
0.75188506 0.65819275 0.03828728 3.2628174 -0.6570979 0.75285035 -0.038109645 -1.7479248 -0.053911734 0.003505418 0.99854034 -0.05419922
0.71219456 0.70105267 0.03610704 3.496704 -0.69980955 0.7130939 -0.04199081 -2.02063 -0.055185102 0.0046430137 0.9984657 -0.064941406
0.67049396 0.74106055 0.035997096 3.720581 -0.739728 0.6714514 -0.044536747 -2.309082 -0.057177532 0.0032387897 0.99835914 -0.08178711
0.62802124 0.7772909 0.038427796 3.954712 -0.77601886 0.62919307 -0.04448983 -2.6402588 -0.05875682 -0.0018787533 0.9982705 -0.10803223
0.58615494 0.80919117 0.039648566 4.1776123 -0.80792737 0.58746964 -0.04551832 -2.9753418 -0.060133673 -0.0053516664 0.99817634 -0.12487793
0.54652107 0.8364019 0.039922215 4.395752 -0.8351106 0.5479245 -0.04708653 -3.3461914 -0.061255325 -0.007608788 0.9980929 -0.14904785
0.507003 0.86117107 0.040293448 4.6104736 -0.8597701 0.50851655 -0.049968228 -3.7514648 -0.063515 -0.009303017 0.99793756 -0.1673584
0.46969968 0.88181955 0.04131297 4.8291016 -0.8805104 0.47133344 -0.049765214 -4.1748047 -0.0633576 -0.012998894 0.99790645 -0.19799805
0.43329638 0.90048873 0.039459456 5.026367 -0.8992528 0.43485904 -0.04922568 -4.6309814 -0.0614944 -0.014151402 0.9980076 -0.22363281
0.40056658 0.9156968 0.03622617 5.2281494 -0.9145325 0.40196428 -0.04818401 -5.128418 -0.058672734 -0.013833813 0.99818075 -0.25549316
0.37030974 0.9284826 0.030880386 5.413086 -0.9273714 0.37142333 -0.04678541 -5.64624 -0.054912895 -0.011320819 0.99842674 -0.28637695
0.34471422 0.9381401 0.028503772 5.602539 -0.93712485 0.34570923 -0.045040913 -6.1900635 -0.052122388 -0.011184312 0.9985784 -0.3187256
0.32415402 0.9456263 0.02678991 5.802368 -0.9446116 0.32508317 -0.04508694 -6.7681885 -0.051340554 -0.010682015 0.9986241 -0.35681152
0.30955416 0.9505115 0.0253082 5.987549 -0.94946796 0.3104288 -0.045612387 -7.35791 -0.051220242 -0.009913058 0.9986383 -0.38684082
0.29877055 0.95412725 0.02448049 6.183838 -0.95300794 0.29962993 -0.04711148 -7.977417 -0.052275784 -0.009272945 0.9985888 -0.4156494
0.28718013 0.9574842 0.025544673 6.378418 -0.9562552 0.28813416 -0.049557626 -8.627808 -0.05480847 -0.010205688 0.9984442 -0.45080566
0.2761579 0.96074015 0.027383089 6.5803223 -0.9595292 0.27722996 -0.04980485 -9.298828 -0.055450324 -0.012533339 0.9983827 -0.4897461
0.26560122 0.9637001 0.027903434 6.7790527 -0.96239126 0.26674268 -0.051888205 -10.002563 -0.057441913 -0.013066824 0.99826324 -0.5284424
0.25612384 0.9661454 0.028825287 6.965332 -0.96470433 0.25736833 -0.05452 -10.7229 -0.06011646 -0.013848609 0.99809587 -0.5656738
0.24544756 0.9689381 0.029222444 7.1571045 -0.9674297 0.2467528 -0.055963103 -11.468506 -0.06144281 -0.014527629 0.99800533 -0.607666
0.23414694 0.9717239 0.028686877 7.3427734 -0.97007924 0.2354699 -0.05825628 -12.232544 -0.063382246 -0.014181921 0.99788934 -0.6472168
0.22441828 0.9740666 0.030735722 7.529663 -0.9723098 0.22592854 -0.060680885 -13.025391 -0.06605983 -0.016270056 0.9976833 -0.6915283
0.21281768 0.9765157 0.032554593 7.7078857 -0.9746097 0.21452422 -0.063654535 -13.799683 -0.06912443 -0.01817656 0.9974416 -0.74108887
0.20053041 0.9791255 0.03356 7.8760986 -0.9769355 0.20241706 -0.068166494 -14.598511 -0.07356449 -0.019101985 0.9971093 -0.78808594
0.1870082 0.9817484 0.034487203 8.032471 -0.9794529 0.18903689 -0.070204794 -15.393799 -0.07543998 -0.020645443 0.99693656 -0.8339844
0.17163827 0.98458755 0.03445548 8.177246 -0.98224795 0.17372225 -0.07119742 -16.203613 -0.07608028 -0.021625381 0.9968668 -0.8840332
0.15864925 0.98677486 0.033879343 8.317505 -0.98446 0.16071735 -0.071064636 -17.025146 -0.07556801 -0.022083333 0.99689585 -0.9350586
0.14252722 0.9892463 0.034165144 8.439087 -0.987067 0.14462468 -0.06981706 -17.843994 -0.073980525 -0.023765562 0.9969753 -0.9847412
0.12113768 0.9919942 0.03542238 8.544067 -0.98999 0.123337865 -0.06849414 -18.676025 -0.07230262 -0.026752764 0.99702364 -1.0319824
0.09502399 0.99475306 0.037334517 8.624634 -0.9929404 0.09737939 -0.067408435 -19.50879 -0.070696324 -0.030642923 0.997028 -1.0792236
0.06456887 0.9970746 0.040297844 8.688721 -0.9954608 0.06717211 -0.06703719 -20.351685 -0.06957662 -0.03576472 0.99693733 -1.126709
0.030544402 0.99869907 0.040986728 8.727539 -0.99720776 0.033247128 -0.06696062 -21.209473 -0.06823651 -0.03883161 0.9969132 -1.1741943
-0.0025365436 0.9991904 0.040141094 8.72168 -0.9978028 0.0001281969 -0.066251874 -22.057861 -0.066200316 -0.04021402 0.9969956 -1.2182617
-0.036820415 0.99851227 0.040116806 8.70752 -0.9972479 -0.034132008 -0.0657504 -22.921387 -0.064287804 -0.042429637 0.99702924 -1.2592773
-0.06869996 0.996785 0.040335484 8.644531 -0.9957341 -0.06604135 -0.06387453 -23.772705 -0.06099118 -0.0445788 0.9971414 -1.2988281
-0.10165213 0.9939186 0.04141846 8.565063 -0.9931666 -0.0990274 -0.061120305 -24.62622 -0.05665263 -0.047369108 0.99726987 -1.3424072
-0.13410747 0.990269 0.038031477 8.446411 -0.9896798 -0.13185084 -0.056709833 -25.48877 -0.05111939 -0.045211032 0.9976678 -1.3770752
-0.16456833 0.98587084 0.03197626 8.288452 -0.98530954 -0.16278565 -0.052077822 -26.315674 -0.04613953 -0.040071126 0.9981313 -1.4049072
-0.19389011 0.9806616 0.026025705 8.125122 -0.9801697 -0.19256033 -0.046439942 -27.171509 -0.040517956 -0.03451379 0.9985822 -1.4298096
-0.2220546 0.97493637 0.020616591 7.9243164 -0.97453874 -0.22111438 -0.04020996 -28.004272 -0.034653693 -0.02899657 0.9989791 -1.4440918
-0.24830641 0.9685477 0.01279306 7.7020264 -0.96815974 -0.24775079 -0.03451701 -28.83374 -0.030247722 -0.020960772 0.9993223 -1.4614258
-0.2768699 0.96087515 0.008428831 7.456909 -0.96067715 -0.27659774 -0.024529023 -29.659058 -0.021248981 -0.0148956645 0.9996635 -1.4725342
-0.2985311 0.95441735 0.007787047 7.1953125 -0.9544258 -0.2984569 -0.009422369 -30.466064 -0.0066717397 -0.010246731 0.9999253 -1.4729004
-0.32322237 0.9460825 0.013166695 6.9332275 -0.9461064 -0.3233345 0.0074527785 -31.255737 0.011317033 -0.010047274 0.99988556 -1.463623
-0.34887648 0.93685657 0.019366313 6.651001 -0.9366446 -0.34926128 0.022430014 -32.051514 0.02778384 -0.010311518 0.9995607 -1.4521484
-0.37409878 0.9271565 0.019873906 6.33667 -0.9266196 -0.3745722 0.032191988 -32.830933 0.03728753 -0.006381791 0.9992843 -1.4222412
-0.39852417 0.91701066 0.019949662 6.008545 -0.9162591 -0.3990083 0.037288453 -33.61487 0.04213517 -0.003429491 0.99910593 -1.3807373
-0.41900703 0.90787387 0.01782446 5.6517334 -0.9071346 -0.41938597 0.03664087 -34.392944 0.04076082 -0.0008367976 0.99916935 -1.3353271
-0.43916076 0.8980897 0.013005159 5.2783203 -0.8974862 -0.43934405 0.033038035 -35.1593 0.03538966 0.0028435057 0.9993694 -1.2939453
-0.45848477 0.8883909 0.004831885 4.885742 -0.88790685 -0.45840305 0.030952267 -35.9115 0.02971293 0.009910352 0.99950916 -1.2514648
-0.47030067 0.88198143 0.0010344833 4.491577 -0.88152945 -0.47009647 0.031466454 -36.65442 0.028250098 0.01390351 0.9995041 -1.208374
-0.48216012 0.87570804 0.0010154918 4.093872 -0.87516445 -0.48190087 0.034683708 -37.379517 0.03086432 0.015839705 0.9993978 -1.1676025
-0.49262187 0.8697942 0.0006505437 3.7022705 -0.86920696 -0.49231595 0.03637012 -38.08777 0.031953 0.017382344 0.9993378 -1.1329346
-0.50434726 0.8637074 0.008479947 3.2926025 -0.8630026 -0.5042957 0.03661385 -38.793945 0.035909947 0.011141226 0.9992934 -1.09021
-0.5147557 0.8574866 0.009241383 2.8813477 -0.85683787 -0.51474166 0.034816355 -39.494263 0.034604456 0.009994302 0.9993512 -1.0566406
-0.52144384 0.85349786 0.007831793 2.4468994 -0.8528224 -0.5213621 0.036043793 -40.195923 0.03484483 0.01210327 0.9993197 -1.0161133
-0.52959675 0.8485575 0.0057933615 2.005249 -0.84781307 -0.52939755 0.038819678 -40.898315 0.036010776 0.015642762 0.99922925 -0.9729004
-0.5324904 0.8464799 0.0072442563 1.5603027 -0.84556663 -0.5322817 0.042660188 -41.609253 0.039990205 0.016584644 0.99906296 -0.9388428
-0.53108877 0.8474361 0.008869603 1.1031494 -0.84645706 -0.5309322 0.043621954 -42.342407 0.041683596 0.015666442 0.99900824 -0.90356445
-0.5283578 0.8495461 0.006277239 0.6352539 -0.84856564 -0.5280794 0.044705037 -43.09192 0.041294854 0.018268846 0.9989806 -0.8592529
-0.52304184 0.8526911 0.0070636584 0.17858887 -0.85176986 -0.52283245 0.042882092 -43.854492 0.040252477 0.016401617 0.99905515 -0.81689453
-0.51493543 0.85719293 0.008996199 -0.2935791 -0.85628414 -0.51482856 0.041818444 -44.63513 0.04048141 0.013822294 0.9990847 -0.77770996
-0.50686896 0.86180013 0.010114712 -0.75720215 -0.86089724 -0.50682193 0.041305386 -45.43628 0.040701233 0.012229672 0.99909574 -0.73339844
-0.50155956 0.8656045 0.012247989 -1.2120361 -0.8647612 -0.50162697 0.03927987 -46.237793 0.04013019 0.009072584 0.9991536 -0.69348145
-0.49626777 0.86805177 0.01576119 -1.6846924 -0.8672286 -0.49648985 0.038158957 -47.078735 0.040942613 0.005271131 0.9991475 -0.6480713
-0.49477324 0.868795 0.019354561 -2.1380615 -0.86807233 -0.4951509 0.035440452 -47.912964 0.040359274 0.00072709564 0.9991847 -0.6094971
-0.49471128 0.8688452 0.02131668 -2.6308594 -0.86822635 -0.49516502 0.03286876 -48.792236 0.03909713 -0.0022552162 0.9992327 -0.5616455
-0.49467814 0.86867005 0.021594495 -3.1029053 -0.8681338 -0.49513584 0.030723728 -49.662354 0.037365675 -0.003537428 0.9992949 -0.52001953
-0.4946718 0.868756 0.0217748 -3.5963135 -0.8682338 -0.4951352 0.030369658 -50.55078 0.03714759 -0.0038833274 0.9993019 -0.4699707
-0.4946587 0.8687724 0.0217764 -4.1104736 -0.8682875 -0.4951179 0.029346732 -51.447388 0.036263064 -0.004381619 0.9993323 -0.4222412
-0.4946463 0.8689433 0.021607459 -4.6151123 -0.8684976 -0.49509454 0.02823557 -52.35437 0.03521503 -0.004799645 0.999368 -0.37597656
-0.49603832 0.86777633 0.02165649 -5.1242676 -0.86734927 -0.49648458 0.027686756 -53.270996 0.034772743 -0.0050396607 0.9993821 -0.32348633
-0.49460775 0.8688621 0.022947907 -5.635498 -0.8685258 -0.49508408 0.025282284 -54.20459 0.033319797 -0.0074247043 0.999417 -0.27697754
-0.49740422 0.86737055 0.023427095 -6.136963 -0.8670282 -0.49789783 0.025538137 -55.108154 0.033820692 -0.007620586 0.9993991 -0.22497559
-0.4945942 0.8687587 0.024314625 -6.644287 -0.86846185 -0.495109 0.024435675 -56.034424 0.033261534 -0.009027978 0.99940574 -0.1739502
-0.49217176 0.86963105 0.023993194 -7.171875 -0.8693626 -0.49266815 0.023502361 -56.96289 0.032266747 -0.009267986 0.9994357 -0.12609863
-0.49076143 0.870558 0.022033965 -7.6639404 -0.87036955 -0.49116945 0.020316862 -57.869995 0.028525675 -0.00919873 0.9995506 -0.07287598
-0.48936522 0.8723725 0.02027743 -8.16272 -0.87219286 -0.48971757 0.019500807 -58.791138 0.026925586 -0.008159598 0.99960434 -0.02709961
-0.48694706 0.87324375 0.020322397 -8.66272 -0.87309015 -0.48729327 0.018553866 -59.70288 0.026106507 -0.008714897 0.99962115 0.019897461
-0.48415896 0.874838 0.0199532 -9.168823 -0.874665 -0.48450142 0.01921051 -60.631348 0.02646378 -0.008154921 0.99961644 0.064208984
-0.48034915 0.8762876 0.020742327 -9.658081 -0.87613827 -0.48070776 0.018610196 -61.540527 0.026289972 -0.009212645 0.9996114 0.111328125
-0.48174977 0.8758302 0.021979075 -10.155762 -0.8756433 -0.48215893 0.020390723 -62.45227 0.028469093 -0.009411183 0.9995502 0.15063477
-0.4855541 0.87406445 0.024645746 -10.650024 -0.8738628 -0.4860556 0.021753386 -63.35486 0.030994 -0.010981051 0.9994594 0.20080566
-0.48694444 0.8728204 0.02726606 -11.148193 -0.87263924 -0.48753285 0.022060398 -64.24866 0.03257304 -0.013055222 0.9993843 0.25048828
-0.49595997 0.8684237 0.026872572 -11.651123 -0.86829495 -0.49650756 0.02007106 -65.14087 0.030752365 -0.01338445 0.99943745 0.2927246
-0.49977705 0.8658872 0.022119995 -12.168335 -0.865792 -0.5001503 0.016763974 -66.03223 0.025578516 -0.010774018 0.9996147 0.34960938
-0.50639355 0.8623263 0.024441827 -12.652832 -0.86231184 -0.50679815 0.0145854615 -66.898926 0.024946762 -0.013694912 0.99959505 0.3914795
-0.5091983 0.86005175 0.024853269 -13.162109 -0.8599567 -0.50965506 0.017758066 -67.7793 0.02794199 -0.012317994 0.9995333 0.4440918
-0.5130321 0.8579775 0.025952164 -13.670532 -0.85784245 -0.5135419 0.019529384 -68.64526 0.030069048 -0.012239611 0.9994726 0.47888184
-0.5196643 0.8537204 0.028413728 -14.165649 -0.8536323 -0.5202404 0.018925106 -69.49988 0.030939952 -0.014413577 0.99941707 0.5238037
-0.52246827 0.85155034 0.029569592 -14.677734 -0.8514565 -0.5230902 0.019571885 -70.349976 0.03215447 -0.014942712 0.9993708 0.57470703
-0.52631074 0.84961313 0.02928847 -15.19165 -0.8495073 -0.52692544 0.019743932 -71.173096 0.03220357 -0.014481733 0.99937606 0.61950684
-0.5305153 0.8473154 0.023029925 -15.719238 -0.8473441 -0.5308453 0.011474687 -72.02246 0.021959512 -0.013427239 0.9996687 0.6678467
-0.5315772 0.8472451 0.017387528 -16.248047 -0.84735274 -0.531686 0.0020197635 -72.864624 0.010942156 -0.013653892 0.9998469 0.7071533
-0.53440064 0.8454668 0.016316555 -16.766724 -0.84558713 -0.5344584 -0.00093761575 -73.69849 0.007919765 -0.014297372 0.9998665 0.7380371
-0.5357785 0.84411633 0.01870647 -17.28357 -0.8442076 -0.53594077 0.0047090505 -74.51599 0.014004631 -0.013275079 0.99981385 0.76086426
-0.5371719 0.8432989 0.021559818 -17.795288 -0.84333986 -0.53744996 0.009860185 -75.334595 0.019906912 -0.012891475 0.9997189 0.79125977
-0.53718 0.84345347 0.017190088 -18.317749 -0.8433575 -0.53741264 0.014417512 -76.157715 0.021404056 -0.0067595732 0.9997483 0.8249512
-0.5371889 0.84341156 0.0139648765 -18.855957 -0.84329444 -0.53735614 0.014600142 -76.98169 0.01982887 -0.0039385473 0.99979585 0.86499023
-0.5357764 0.8435846 0.012600448 -19.379639 -0.8435102 -0.5359078 0.011966001 -77.80725 0.01685732 -0.0042133043 0.99984896 0.89746094
-0.53436285 0.8445736 0.011581831 -19.88208 -0.8445771 -0.5344482 0.006084235 -78.62891 0.011336833 -0.0065242653 0.9999144 0.923584
-0.5343732 0.8449283 0.010259351 -20.4021 -0.84497035 -0.5344049 0.00039433237 -79.44934 0.0058213365 -0.008460603 0.99994725 0.9481201
-0.53445894 0.84526074 0.01692929 -20.896362 -0.84542274 -0.534431 -0.006511537 -80.26404 0.0035395194 -0.017798405 0.99983543 0.9752197
-0.5293555 0.84751785 0.024146363 -21.390503 -0.84785736 -0.52923006 -0.011848957 -81.09912 0.0027499176 -0.026763316 0.99963796 0.99243164
-0.52930844 0.8476731 0.019783389 -21.895996 -0.84790367 -0.5291794 -0.0117023755 -81.90723 0.0005549677 -0.022982776 0.99973565 1.0058594
-0.52782655 0.8495899 0.016544636 -22.398926 -0.8497492 -0.527763 -0.008349904 -82.71814 0.0016283644 -0.018465854 0.9998283 1.0323486
-0.5211444 0.8527506 0.016938824 -22.901001 -0.8529071 -0.5211379 -0.005144843 -83.528564 0.0044511245 -0.017133288 0.9998433 1.0455322
-0.513064 0.8580048 0.0122248195 -23.390259 -0.8580855 -0.51306325 -0.0034378064 -84.33765 0.0033286002 -0.012255152 0.99991935 1.0656738
-0.50639725 0.8624872 0.004641111 -23.867798 -0.86249757 -0.50640047 -0.0005543692 -85.14307 0.0018703458 -0.00428125 0.99998915 1.088623
-0.49596715 0.86849505 0.007578171 -24.341675 -0.86852545 -0.4959683 -0.0018400927 -85.966675 0.0021575368 -0.0074942443 0.9999696 1.1083984
-0.48557055 0.8743106 0.009075201 -24.786987 -0.8743575 -0.48554996 -0.0044916365 -86.79883 0.00047589187 -0.010120116 0.99994874 1.1176758
-0.47379315 0.8809772 0.0059187463 -25.241089 -0.88098735 -0.47374582 -0.007869612 -87.63281 -0.00413219 -0.00893705 0.9999516 1.1347656
-0.46204504 0.88684565 0.0058548767 -25.672974 -0.88684654 -0.46198273 -0.009512568 -88.4718 -0.005728952 -0.009582376 0.99993765 1.1453857
-0.45170006 0.89265496 0.005866249 -26.097656 -0.89265484 -0.4516373 -0.00956056 -89.31006 -0.0058876993 -0.009545284 0.9999371 1.1486816
-0.43758547 0.8990149 0.0021525961 -26.518799 -0.89899135 -0.4375533 -0.008651316 -90.16174 -0.0068348916 -0.005722203 0.99996024 1.1655273
-0.42630705 0.9045687 0.005836458 -26.905518 -0.9045841 -0.4262791 -0.005469137 -91.003296 -0.0024605105 -0.0076126605 0.999968 1.170044
-0.4146328 0.90996414 0.006377835 -27.283936 -0.9099649 -0.41466093 0.003962988 -91.843506 0.0062514995 -0.00415977 0.9999718 1.180542
-0.40205082 0.9158364 0.0077951513 -27.660278 -0.9158017 -0.4021101 0.008752407 -92.6864 0.011145755 -0.0036217205 0.99993134 1.1951904
-0.3908768 0.92033553 0.009088324 -28.006714 -0.9203348 -0.3909365 0.0060787424 -93.54053 0.009150026 -0.005989218 0.9999402 1.210083
-0.37837088 0.9256492 0.0072844164 -28.358032 -0.9256678 -0.3783917 0.0016907663 -94.40881 0.004321277 -0.006103456 0.99997205 1.2310791
-0.36891317 0.9294993 0.010673672 -28.69336 -0.9295376 -0.3689606 0.0028161677 -95.26892 0.0065471623 -0.008879878 0.99993914 1.2548828
-0.36152956 0.9321582 0.016918203 -29.007568 -0.932227 -0.36168167 0.0069129574 -96.125854 0.012562308 -0.01326748 0.999833 1.2758789
-0.35417184 0.9349072 0.027303468 -29.328125 -0.9350846 -0.3545719 0.011401753 -96.99805 0.020330068 -0.021488193 0.9995623 1.2972412
-0.35118255 0.93589157 0.031443894 -29.64685 -0.9361254 -0.35171604 0.013270656 -97.87451 0.0234715 -0.024776822 0.99941754 1.3271484
-0.34684637 0.9374647 0.033816848 -29.953003 -0.937799 -0.34739265 0.011720614 -98.74524 0.022723809 -0.02764474 0.9993595 1.361206
-0.34155905 0.9391242 0.03433396 -30.270264 -0.9394768 -0.3421147 0.011689218 -99.623535 0.022730961 -0.028269429 0.9993419 1.4003906
-0.33955058 0.94014955 0.033420194 -30.57788 -0.9405706 -0.33995435 0.007084921 -100.49829 0.018007634 -0.02902501 0.9994166 1.4313965
-0.33292198 0.9426322 0.03061265 -30.881592 -0.9430247 -0.3331927 0.0040722685 -101.37671 0.014029562 -0.027518729 0.99952304 1.453125
-0.32566893 0.9448704 0.031625293 -31.172974 -0.94533616 -0.3258512 0.0006388519 -102.25293 0.01091191 -0.029675867 0.99949986 1.4855957
-0.32052958 0.94627786 0.038034525 -31.453735 -0.9469815 -0.32070518 -0.0015644329 -103.12903 0.010735153 -0.03653365 0.9992748 1.5189209
-0.31411958 0.94803613 0.048448108 -31.717651 -0.94918895 -0.31436267 -0.0027280385 -103.98743 0.012658086 -0.04684083 0.9988218 1.5356445
-0.30677044 0.9505555 0.04797203 -32.000977 -0.9516423 -0.30715096 0.0005834736 -104.851074 0.015293856 -0.045466185 0.9988486 1.5626221
-0.29940256 0.9531241 0.04547228 -32.281494 -0.9540382 -0.2999091 0.0046011815 -105.72339 0.018023344 -0.042014804 0.99895483 1.5853271
-0.29222253 0.955229 0.045241393 -32.546143 -0.9561837 -0.29259634 0.0017218792 -106.60535 0.014884318 -0.042748585 0.9989747 1.6115723
-0.28577712 0.9571511 0.04517245 -32.804443 -0.9581618 -0.28594828 -0.002772794 -107.48718 0.01027414 -0.04407183 0.9989752 1.6408691
-0.28002563 0.95893615 0.047007866 -33.050293 -0.9600564 -0.28007758 -0.0056032254 -108.372314 0.0077910745 -0.046708368 0.99887854 1.668457
-0.27282658 0.9608368 0.049593244 -33.28247 -0.96205926 -0.27300322 -0.00329562 -109.24536 0.01034249 -0.048601918 0.9987649 1.6900635
-0.2646897 0.9629838 0.050418038 -33.523315 -0.96421105 -0.26502466 -4.2481814e-05 -110.12195 0.013326749 -0.048636366 0.99872786 1.7061768
-0.25750127 0.96487033 0.05045793 -33.75 -0.96608233 -0.2578975 0.001378882 -110.997314 0.0143633485 -0.048383206 0.9987249 1.7235107
-0.25106174 0.9666034 0.05191496 -33.969116 -0.9678916 -0.25146195 0.0012342476 -111.88049 0.014229927 -0.0499425 0.998651 1.74646
-0.24164954 0.96929157 0.047797877 -34.195312 -0.97039026 -0.24196231 0.00079469196 -112.75391 0.012304027 -0.04617645 0.9988577 1.7689209
-0.23579384 0.97097003 0.043297827 -34.399536 -0.9718683 -0.23606491 0.0011945786 -113.63159 0.011367008 -0.04179685 0.9990617 1.7947998
-0.22778274 0.97273016 0.040763896 -34.607178 -0.9735276 -0.22802055 0.0012168188 -114.52515 0.010487193 -0.039410103 0.999168 1.8218994
-0.22087432 0.9742059 0.047771815 -34.799683 -0.97532827 -0.22108665 -0.00086189434 -115.42932 0.009730755 -0.046779446 0.9988578 1.8443604
-0.21444775 0.975204 0.053810034 -34.989136 -0.9766477 -0.21461165 -0.002781383 -116.324585 0.008841472 -0.05315816 0.998547 1.8653564
-0.21076585 0.9764209 0.047821406 -35.18567 -0.9775529 -0.21093822 -0.0014546242 -117.229004 0.0086533725 -0.04707074 0.9988548 1.8883057
-0.20439385 0.97770345 0.04744754 -35.36084 -0.97882116 -0.20454383 -0.0017303134 -118.0918 0.008016752 -0.04678979 0.9988724 1.9060059
-0.20084633 0.9785893 0.04644939 -35.555176 -0.97965527 -0.20101775 -0.0009978217 -119.01111 0.008353464 -0.045697276 0.9989204 1.9299316
-0.1942172 0.98006994 0.041170288 -35.742188 -0.9809154 -0.19430506 -0.001890996 -119.877686 0.0061520813 -0.040769234 0.9991499 1.9425049
-0.18846227 0.9814434 0.0338926 -35.941895 -0.9820258 -0.18843484 -0.004025956 -120.79578 0.0024461695 -0.03406121 0.9994169 1.9674072
-0.18365659 0.9825806 0.03003499 -36.09839 -0.98303777 -0.18351461 -0.007443371 -121.68347 -0.0018064522 -0.030884732 0.99952126 1.9835205
-0.17930996 0.98328656 0.03373037 -36.258545 -0.98386294 -0.17927219 -0.0041620852 -122.573 0.001953386 -0.033936348 0.99942213 1.9937744
-0.17647241 0.98372626 0.035039727 -36.40857 -0.98434263 -0.1764965 -0.0024294925 -123.46423 0.0037929812 -0.034917157 0.999383 2.0006104
-0.17436779 0.98388183 0.0371695 -36.561646 -0.98457974 -0.17434907 -0.0037777126 -124.34851 0.0027747792 -0.037256513 0.9993016 2.0170898
-0.17374372 0.9840456 0.037811078 -36.711426 -0.98476994 -0.17368819 -0.004776644 -125.23877 0.0018688394 -0.03806762 0.99927336 2.0338135
-0.17313755 0.9843418 0.034971207 -36.859863 -0.984957 -0.17291048 -0.009440286 -126.11267 -0.0032617725 -0.036069695 0.999344 2.0430908
-0.1717583 0.98443663 0.035247643 -37.01355 -0.98503315 -0.1713444 -0.014468303 -127.00366 -0.008206536 -0.037207246 0.99927384 2.0557861
-0.17113791 0.98464227 0.034037597 -37.1593 -0.9851715 -0.17064774 -0.016848432 -127.86755 -0.010771225 -0.036409803 0.99927855 2.0629883
-0.1710582 0.9847083 0.03531722 -37.305054 -0.98532027 -0.1707102 -0.01266274 -128.74084 -0.006447473 -0.036962956 0.99929595 2.0656738
-0.16946924 0.98482925 0.035522074 -37.451904 -0.9854659 -0.1692544 -0.008990657 -129.6001 -0.0028289426 -0.03654217 0.99932796 2.0761719
-0.16889511 0.98481596 0.03820297 -37.592773 -0.9855504 -0.16862711 -0.010164364 -130.46704 -0.0035530403 -0.039368432 0.999218 2.0789795
-0.16960464 0.9847008 0.039458435 -37.732178 -0.98548144 -0.1692891 -0.011216564 -131.32935 -0.0043710982 -0.04080821 0.9991578 2.0905762
-0.16820322 0.98515356 0.035553973 -37.884644 -0.98578286 -0.16791724 -0.010904509 -132.17725 -0.0047873347 -0.03687084 0.9993086 2.1026611
-0.16669309 0.98522216 0.03679155 -38.02942 -0.9859034 -0.16645037 -0.009590967 -133.04285 -0.003317216 -0.03787766 0.99927664 2.1177979
-0.16620731 0.984988 0.046885926 -38.161133 -0.986103 -0.16603146 -0.007652779 -133.89746 0.0002465211 -0.047495496 0.9988712 2.1176758
-0.16567789 0.98481476 0.052626863 -38.289795 -0.9862177 -0.1655321 -0.007150662 -134.74707 0.0016520461 -0.05306436 0.9985895 2.1292725
-0.16620122 0.9847888 0.052284032 -38.420776 -0.9861575 -0.16627967 -0.002876873 -135.58545 0.005843376 -0.05201602 0.998629 2.1430664
-0.16612898 0.98492724 0.04992666 -38.5636 -0.986172 -0.16622986 -0.0021306898 -136.42969 0.006169692 -0.04960117 0.99875104 2.1646729
-0.16397737 0.98527735 0.049658578 -38.691162 -0.9865119 -0.16405402 -0.002561649 -137.25342 0.005626391 -0.04939791 0.998763 2.17688
-0.16167532 0.9859269 0.04179632 -38.84143 -0.986806 -0.16168678 -0.0031379953 -138.12085 0.003684477 -0.041752405 0.99912083 2.197876
-0.158798 0.9866716 0.034720775 -38.982544 -0.98728234 -0.15868998 -0.0058525214 -138.97449 -0.00026953546 -0.035222106 0.99937975 2.2147217
-0.15813623 0.9869832 0.030147927 -39.114014 -0.98743325 -0.15792225 -0.009363734 -139.79309 -0.004486086 -0.03125026 0.9995016 2.2202148
-0.15462995 0.98773485 0.026389187 -39.239258 -0.98806983 -0.15441382 -0.010047247 -140.62573 -0.005863492 -0.027624588 0.99960136 2.2280273
-0.15027438 0.9882373 0.025969142 -39.357178 -0.98857397 -0.15014325 -0.0069393255 -141.41968 -0.0029553408 -0.026714737 0.9996386 2.2475586
-0.14395261 0.9893866 0.023838539 -39.474243 -0.98967355 -0.14391194 -0.0034171704 -142.27417 3.8105063e-05 -0.02408309 0.99971 2.2519531
-0.13621795 0.9904743 0.023231968 -39.58362 -0.99074596 -0.13620591 -0.0021070268 -143.08423 0.0010747698 -0.02329508 0.99972796 2.2543945
-0.12493801 0.9919222 0.019289646 -39.686646 -0.9921026 -0.124838576 -0.006280372 -143.89685 -0.0038154104 -0.019925721 0.9997942 2.269287
-0.1144887 0.99336284 0.012967791 -39.78003 -0.993419 -0.114376895 -0.009061487 -144.65295 -0.007519359 -0.013918987 0.9998749 2.2891846
-0.100490674 0.99491316 0.0072070435 -39.872192 -0.9949134 -0.10043333 -0.007931313 -145.48853 -0.007167169 -0.007971012 0.9999426 2.3049316
-0.08598878 0.99625635 0.007489154 -39.932617 -0.9962644 -0.0859368 -0.007003369 -146.19763 -0.0063323434 -0.008066242 0.9999475 2.3135986
-0.07300031 0.997365 0.00474968 -39.98938 -0.997354 -0.072965965 -0.0070523266 -147.02136 -0.006688496 -0.0052493922 0.9999639 2.317749
-0.05991126 0.9982085 0.0022041388 -40.032227 -0.9982009 -0.059900515 -0.004646849 -147.74475 -0.004506804 -0.0024773888 0.99998677 2.3182373
-0.04564823 0.99896765 0.0054492913 -40.057373 -0.9989815 -0.045655828 0.0012843343 -148.57007 0.0015300587 -0.0053852275 0.9999844 2.3348389
-0.03273296 0.99938923 0.012115031 -40.06189 -0.99939466 -0.032869812 0.011274245 -149.33374 0.011667327 -0.011737133 0.9998631 2.347046
-0.019271012 0.99967074 0.017546663 -40.057495 -0.9996324 -0.019608378 0.019275645 -150.068 0.019600851 -0.017174514 0.99966043 2.359253
