1.000000000000000000e+00 4.398956837314658088e-19 2.733407509747682871e-20 -8.673617379884035472e-19 -5.583667658079949532e-19 1.000000000000000000e+00 -6.100159232558060012e-19 0.000000000000000000e+00 4.145284534913582806e-20 -2.210423569125054137e-19 1.000000000000000222e+00 0.000000000000000000e+00
9.999443129740497316e-01 -2.159041279622654023e-03 1.033002943986714023e-02 5.060103215654324776e-02 2.151261148684008914e-03 9.999973940233066738e-01 7.642106768611235494e-04 1.362669419548712124e-04 -1.033165266042625902e-02 -7.419455249810455455e-04 9.999463517897496656e-01 2.569676972395062431e-01
9.998582624697726073e-01 -3.311042126572503932e-03 1.650733156726194237e-02 7.137774298651745897e-02 3.295984231375840429e-03 9.999941270641053981e-01 9.393183870275291329e-04 -5.245510981668186079e-03 -1.651034502821779534e-02 -8.847773363286368185e-04 9.998633034859406576e-01 5.376820647012753307e-01
9.997831770755496450e-01 -6.714672180725710093e-03 1.971070894859599729e-02 6.540059488734975557e-02 6.728402770302149838e-03 9.999771653497374624e-01 -6.303675950535470767e-04 -1.330300614413945648e-02 -1.970602649088691594e-02 7.628525355791122625e-04 9.998055263674423543e-01 9.123603321876196937e-01
9.998208114332702845e-01 -7.461733951687797919e-03 1.739734416275106818e-02 6.298429917036586778e-02 7.492486797160839533e-03 9.999704804991054186e-01 -1.703161439282761987e-03 -9.177014999362007042e-03 -1.738412236619165524e-02 1.833205661855746502e-03 9.998472041402561850e-01 1.183481244665836929e+00
9.998860350172769085e-01 -1.044527106386371022e-02 1.090015236331361680e-02 7.377260939381785620e-02 1.048107054620521332e-02 9.999398476817269454e-01 -3.232361440986976538e-03 -1.579901316768733688e-02 -1.086573399254986069e-02 3.346238378997801102e-03 9.999353671611815875e-01 1.518830784630232689e+00
9.999370226142438867e-01 -1.113638804931590433e-02 -1.389850418714538285e-03 5.453187950983444388e-02 1.113010427343023336e-02 9.999281568662908848e-01 -4.449928756930267293e-03 -2.409382556136754894e-02 1.439306722960475128e-03 4.434179379200188509e-03 9.999891331662977834e-01 1.821115027356017269e+00
9.997888678455286726e-01 -1.091493130027957476e-02 -1.740930775078209161e-02 -3.485116124579064854e-03 1.083428360546274428e-02 9.999301672053516610e-01 -4.720062823421964857e-03 -3.013835436417791613e-02 1.745961147091342619e-02 4.530448921999562055e-03 9.998373052795799243e-01 2.134868929870770149e+00
9.993482090240857207e-01 -7.037889305962442311e-03 -3.540656966770278080e-02 -1.317238389471919562e-02 6.860538418582844827e-03 9.999633177047022592e-01 -5.127986552956756948e-03 -4.655695853124085237e-02 3.544136168505820916e-02 4.881736063201607377e-03 9.993598343966392239e-01 2.500864099946264574e+00
9.984533185811597100e-01 -3.487932513241184373e-03 -5.548697879906852592e-02 -4.516676265230287063e-02 3.155082248474916883e-03 9.999765077413613756e-01 -6.085180075562558744e-03 -4.885906394191939783e-02 5.550690093800675351e-02 5.900702264264283056e-03 9.984408674481903834e-01 2.855502518500178333e+00
9.971314290345749676e-01 -2.759592067991880303e-03 -7.563926019662138567e-02 -1.036283957880154982e-01 2.297026609371573356e-03 9.999781308625153020e-01 -6.201730580256697642e-03 -4.969017925223989662e-02 7.565472158238280287e-02 6.010195070072281605e-03 9.971159615916197483e-01 3.185836595824629747e+00
9.953033302110034786e-01 -3.372946297315337644e-03 -9.674659587254003101e-02 -1.581821070319272826e-01 2.821351619244739407e-03 9.999789805650354246e-01 -5.837670673244794647e-03 -5.544007059439710894e-02 9.676425413407237219e-02 5.537296861057638964e-03 9.952919258995576168e-01 3.574497549601729052e+00
9.932740699568582965e-01 -4.573281950860069722e-03 -1.156966147236352105e-01 -2.174976447217187026e-01 3.985521563769396300e-03 9.999779541460025456e-01 -5.311010583947286048e-03 -6.868899514050820498e-02 1.157183548414190133e-01 4.814177686560859593e-03 9.932703994569869188e-01 3.965415203913521314e+00
9.911119688438468911e-01 -4.120311826421994839e-03 -1.329664911210208800e-01 -2.881979404950869572e-01 3.532353165007517861e-03 9.999829151999291010e-01 -4.657443901051228248e-03 -7.300822190686043212e-02 1.329834118354200623e-01 4.146363707692978136e-03 9.911095904763418396e-01 4.375016156648587007e+00
9.888405406226137284e-01 -3.965039795188353595e-03 -1.489250250857142854e-01 -3.830284158626584001e-01 3.341664885413991957e-03 9.999845782556229246e-01 -4.435822511820416633e-03 -8.360082494866508118e-02 1.489403191904706547e-01 3.888663505697462306e-03 9.888385410190888569e-01 4.810839996321602641e+00
9.866629494912713128e-01 -2.942057455978576604e-03 -1.627500160374216187e-01 -4.523413839631295619e-01 2.266114689336946528e-03 9.999880199338468945e-01 -4.338745161140690823e-03 -8.514063234144743364e-02 1.627608339338187660e-01 3.912068784580547548e-03 9.866577964711716886e-01 5.201095866699772863e+00
9.845932033762615498e-01 -3.696090984496483867e-03 -1.748215147294147620e-01 -5.426885287719793727e-01 2.876059340413424266e-03 9.999836434405527941e-01 -4.943797080048834523e-03 -9.346028637435371822e-02 1.748369309982795161e-01 4.364831836110204949e-03 9.845877292405302850e-01 5.639302853185372832e+00
9.828348808034412798e-01 -6.296779367399767471e-03 -1.843798980731185810e-01 -6.286164571115657740e-01 5.104582614198418557e-03 9.999628895992316302e-01 -6.939931730501477762e-03 -1.070671993343244727e-01 1.844167580683931662e-01 5.879624442652389531e-03 9.828305500952100315e-01 6.085911631937061195e+00
9.811864446554930952e-01 -6.217292425578687005e-03 -1.929624450491343457e-01 -7.274308679065553118e-01 4.676935552433999707e-03 9.999534691115588014e-01 -8.437172404672187848e-03 -1.127179250154304729e-01 1.930059260387517739e-01 7.375966170706895961e-03 9.811698673238244961e-01 6.527871117449567606e+00
9.796968491929241019e-01 -5.643348652890249097e-03 -2.004051779172731917e-01 -8.378795246826770127e-01 3.656423460175114819e-03 9.999404404050324935e-01 -1.028329735792505618e-02 -1.114729625049414308e-01 2.004512775608502939e-01 9.341747733284696056e-03 9.796591335971986947e-01 7.017989810713937793e+00
9.780565952672678476e-01 -6.750051056833253349e-03 -2.082299984145219718e-01 -9.638920862177090543e-01 4.090922940900734370e-03 9.999045319208782479e-01 -1.319815847942041806e-02 -1.296030003480806991e-01 2.082992109360615185e-01 1.205669299381088855e-02 9.779908363113730685e-01 7.508913183892886423e+00
9.763325961260845842e-01 -1.021821567530221096e-02 -2.160329806371623917e-01 -1.054051985905582800e+00 7.191882331825656498e-03 9.998647546905625738e-01 -1.479017052544873492e-02 -1.433199387010291315e-01 2.161548960736465186e-01 1.288644173782087059e-02 9.762740402273328844e-01 8.003938372519261435e+00
9.744746425261324729e-01 -1.554546006390194156e-02 -2.239587207396839252e-01 -1.184936113777998345e+00 1.228684754976577982e-02 9.997975120920864489e-01 -1.593637885472688059e-02 -1.596284436065870671e-01 2.241611140187073914e-01 1.277785035206771905e-02 9.744683282039731109e-01 8.517648003478603513e+00
9.723484325465419076e-01 -1.650680934896750843e-02 -2.329507453054841803e-01 -1.299261985619622362e+00 1.261156831584927390e-02 9.997548069254252878e-01 -1.820094372670755245e-02 -1.784949913696355084e-01 2.331940709294705039e-01 1.475978479925411056e-02 9.723181965224230172e-01 9.016661715442797487e+00
9.703258881933258806e-01 -1.264912332393936141e-02 -2.414698098378230406e-01 -1.463695992838198290e+00 7.514124025117837995e-03 9.997258739928458482e-01 -2.217464308269960840e-02 -1.826954678739313720e-01 2.416841106452017884e-01 1.970219611460275605e-02 9.701549440482609699e-01 9.545158684501746649e+00
9.682570645601099590e-01 -1.027192489736512143e-02 -2.497453564849368424e-01 -1.630982766407327311e+00 4.046421917057806995e-03 9.996684648612960133e-01 -2.542807156349666600e-02 -2.021192109221080779e-01 2.499237566707112612e-01 2.361033484163582719e-02 9.679776182076265112e-01 1.010818809145012764e+01
9.659154186308560597e-01 -1.285538497460204758e-02 -2.585384722651816736e-01 -1.773953129261937045e+00 5.980500990682861839e-03 9.996077474770561633e-01 -2.736027740392754995e-02 -2.212328034092520823e-01 2.587887912544980518e-01 2.488152421480090831e-02 9.656134178712667548e-01 1.065756066383749179e+01
9.636137871607793892e-01 -1.448369036579985787e-02 -2.669057705177788065e-01 -1.933970447326980091e+00 6.982558055081838216e-03 9.995541011243698204e-01 -2.903175492485175757e-02 -2.585142872323871188e-01 2.672072490869275008e-01 2.611171427992458466e-02 9.632852464345972310e-01 1.121422434685808867e+01
9.614815047677740534e-01 -1.416711968332234027e-02 -2.745042933303099009e-01 -2.121640902772008452e+00 5.644953020016235494e-03 9.994779669223564644e-01 -3.181081780009858972e-02 -2.790834787288679064e-01 2.748116654040069773e-01 2.903594915327509587e-02 9.610595527230824109e-01 1.180415629741114536e+01
9.592314373309164255e-01 -1.388792693464702653e-02 -2.822803099471314914e-01 -2.317088298845209060e+00 4.065690472120615448e-03 9.993666501309617090e-01 -3.535206861509874315e-02 -2.942577846274485043e-01 2.825924995585009647e-01 3.276315127734737848e-02 9.586803726273779303e-01 1.238453213173540668e+01
9.569591673293739165e-01 -1.588228306128674008e-02 -2.897876866443007682e-01 -2.502186221321790693e+00 4.255350198456871354e-03 9.991620101539235854e-01 -4.070834613716785982e-02 -3.290517705232465784e-01 2.901913939713500201e-01 3.772307702678395075e-02 9.562248303393972026e-01 1.296993140347709073e+01
9.550692691781025312e-01 -1.600612588275695386e-02 -2.959501530960252924e-01 -2.694856464633633930e+00 2.150102223189410185e-03 9.988885680418092550e-01 -4.708508979767928038e-02 -3.689081053587541792e-01 2.963748796025368892e-01 4.433319936932438726e-02 9.540421898831776826e-01 1.357448826410537990e+01
9.537419670757628642e-01 -1.630634813206053788e-02 -3.001838791679857787e-01 -2.899385180702712894e+00 -4.150395707258192199e-04 9.984554888062745492e-01 -5.555595916627031894e-02 -4.004956174665796342e-01 3.006261617725034530e-01 5.311063819265277736e-02 9.522621345623831779e-01 1.417860247949636054e+01
9.523525785041727643e-01 -1.661669847856351787e-02 -3.045463011774658946e-01 -3.106653736587725145e+00 -3.039474383631431218e-03 9.979481555820457483e-01 -6.395498688658279862e-02 -4.446970500678799620e-01 3.049841455045170791e-01 6.183335765348287744e-02 9.503479935674234991e-01 1.480799367425792212e+01
9.512003038291639845e-01 -1.549468015648850470e-02 -3.081848387741948359e-01 -3.347109223632008135e+00 -7.382184062800678688e-03 9.973099743625217783e-01 -7.292680149805555456e-02 -4.899161567520058935e-01 3.084857963933222424e-01 7.164307333647698672e-02 9.485271664623592391e-01 1.547738838269581940e+01
9.497932673802483849e-01 -1.453230802240568567e-02 -3.125404920603949144e-01 -3.560317048897291059e+00 -1.112725277754751316e-02 9.967199038248144571e-01 -8.015994976055820787e-02 -5.480421444359923067e-01 3.126802436056762002e-01 7.961309811237726741e-02 9.465161498740771728e-01 1.611066817633751569e+01
9.480114046701422215e-01 -1.260439523678904584e-02 -3.179866407286622842e-01 -3.757012452669848290e+00 -1.581493216564973381e-02 9.961147517369333126e-01 -8.663307263944218517e-02 -6.130757215446220876e-01 3.178431465916120580e-01 8.715807855780048630e-02 9.441288077792817646e-01 1.677422932946085155e+01
9.465904273680852965e-01 -1.201791576005307484e-02 -3.222144166684125510e-01 -4.018847524509522984e+00 -1.886519640056037728e-02 9.955290609580836891e-01 -9.255265060192298388e-02 -6.791822260564542857e-01 3.218861110929953639e-01 9.368809191816238058e-02 9.421315593611800931e-01 1.744779671660099396e+01
9.450075598624383399e-01 -1.081429366484015948e-02 -3.268696385240141278e-01 -4.289809568626319347e+00 -2.249172086775203319e-02 9.949378920665358228e-01 -9.794239839599362674e-02 -7.548955047319937384e-01 3.262741725431999029e-01 9.990816821482131904e-02 9.399805979597697370e-01 1.809654186780403151e+01
9.428987789576646072e-01 -7.926530268812572236e-03 -3.329850753562965671e-01 -4.538911329656778015e+00 -2.728675274741901649e-02 9.945181858455441892e-01 -1.009406317327260771e-01 -8.341709414029195857e-01 3.319598276745038823e-01 1.042628804905042783e-01 9.375136942586641542e-01 1.880691093996770391e+01
9.413797320245450573e-01 -6.691911668855106757e-03 -3.372823980684705458e-01 -4.807420695773680919e+00 -2.967429286731661578e-02 9.942850956621882563e-01 -1.025504016456468825e-01 -9.171463232944025989e-01 3.360411253710017254e-01 1.065474869586466033e-01 9.358012596145380835e-01 1.948525991173388050e+01
9.392389230134341460e-01 -6.589112912539731547e-03 -3.432008546115161152e-01 -5.079169168707863946e+00 -3.012661522820885354e-02 9.943753295994068875e-01 -1.015386179369981573e-01 -1.003289818826321733e+00 3.419395181575234366e-01 1.057085029144597815e-01 9.337575064339277420e-01 2.021589458817810936e+01
9.369496326380536422e-01 -6.515537974836406107e-03 -3.494036792897348143e-01 -5.367614809692569544e+00 -3.051361666658298361e-02 9.944822658068670496e-01 -1.003690300341679997e-01 -1.087798190342540217e+00 3.481297268119776800e-01 1.047022964018730212e-01 9.315809814528569488e-01 2.094987399223033009e+01
9.344632135653690996e-01 -5.979074453834626150e-03 -3.560094809266226012e-01 -5.653299010163818750e+00 -3.112708498651657954e-02 9.946592020505024001e-01 -9.840821285623385650e-02 -1.167135483026716658e+00 3.546965022917162869e-01 1.030403928255840956e-01 9.292863236696375928e-01 2.166892663885040093e+01
9.315619331202943387e-01 -5.513788174258837764e-03 -3.635408644788561405e-01 -5.951494926039215372e+00 -3.116723378779611558e-02 9.949934467553998019e-01 -9.495601328126125618e-02 -1.250445091514009288e+00 3.622443513005867421e-01 9.978797100133453279e-02 9.267261696655192393e-01 2.235295987982378563e+01
9.278040568015643030e-01 -2.825429524239763106e-03 -3.730571621606040278e-01 -6.270675633929824855e+00 -3.298616332151983743e-02 9.954335392195716725e-01 -8.957668248428704572e-02 -1.326692966076981950e+00 3.716067102036592074e-01 9.541533442570672430e-02 9.234740763879173420e-01 2.316406444375963503e+01
9.245431405441563166e-01 -5.648499627992798356e-04 -3.810769728138365675e-01 -6.580524379163127158e+00 -3.409181982686775719e-02 9.958665736294808335e-01 -8.418738252951493695e-02 -1.423249216785828830e+00 3.795493789266446982e-01 9.082647502726079458e-02 9.207023532988447556e-01 2.387953874367507368e+01
9.209537806158004658e-01 2.977124015767421052e-03 -3.896604516296204856e-01 -6.910816218892125384e+00 -3.720789136582021428e-02 9.960736467643520609e-01 -8.032971482105000227e-02 -1.489724687710002549e+00 3.878913621594524685e-01 8.847839877449804880e-02 9.174485637945529737e-01 2.463022525734895751e+01
9.172376904802390651e-01 3.860799230105452316e-03 -3.983216164422659356e-01 -7.249602911897411239e+00 -3.825186636233489368e-02 9.961855655430527090e-01 -7.842903652339568155e-02 -1.571329294757615846e+00 3.964994527580526507e-01 8.717461400897895396e-02 9.138866307453193949e-01 2.538327146560888181e+01
9.130865128357866789e-01 3.738511757477038042e-03 -4.077487464107274473e-01 -7.616676544698455231e+00 -3.878233112785943459e-02 9.962211972416933348e-01 -7.771265667411030031e-02 -1.645975209442921194e+00 4.059174215841523381e-01 8.677182601443474141e-02 9.097811277574209265e-01 2.616475898870512040e+01
9.094399325006209400e-01 4.781508165959763579e-03 -4.158078195758141971e-01 -7.965362122682674517e+00 -4.025103735471886185e-02 9.962506950168472653e-01 -7.657941449350871843e-02 -1.713988004161487444e+00 4.138826712300246458e-01 8.638107404312429793e-02 9.062226260590368065e-01 2.690485107832974165e+01
9.055166756675055995e-01 5.282673313344104886e-03 -4.242777861092015823e-01 -8.345354110876529674e+00 -4.095069640597985561e-02 9.963428010441983673e-01 -7.499375526493841371e-02 -1.789804360574530184e+00 4.223299575504851355e-01 8.528256717331494929e-02 9.024213507554396108e-01 2.767816200972815821e+01
9.015251170051221674e-01 4.821578087192931669e-03 -4.326999098638674157e-01 -8.740515475586860816e+00 -4.017167521256981289e-02 9.965523310515650435e-01 -7.259261701016139767e-02 -1.859976724226081624e+00 4.308581002265341464e-01 8.282634815686129581e-02 8.986106483119121746e-01 2.846170899910235619e+01
8.976556477228022635e-01 6.130719358821947601e-03 -4.406549085894185813e-01 -9.108251606637287168e+00 -4.040453092901054311e-02 9.968367783102595192e-01 -6.843910688643981000e-02 -1.934670019905129212e+00 4.388414459865039308e-01 7.923920603347565927e-02 8.950638733499556299e-01 2.923345749308303709e+01
8.942163102360253246e-01 7.087352206423738234e-03 -4.475789940383879673e-01 -9.551244074933537220e+00 -3.940294326065184316e-02 9.972396867786754715e-01 -6.293183011467681776e-02 -1.989771319072247246e+00 4.458975234251479347e-01 7.391059890112572361e-02 8.920272562819684392e-01 3.005104024998506773e+01
8.905373384969094142e-01 7.055703267992124994e-03 -4.548554293747696375e-01 -9.967595646262779496e+00 -3.783577083142874997e-02 9.975641360417755177e-01 -5.860246576845791477e-02 -2.068049255725633806e+00 4.533339895988305890e-01 6.939748990693246633e-02 8.886350692867284184e-01 3.085487650148206384e+01
8.865842528636084241e-01 5.951705142846925103e-03 -4.625288482793345479e-01 -1.040377279950654454e+01 -3.627619415057154600e-02 9.977322098139296269e-01 -5.669634292154944466e-02 -2.134092385074101816e+00 4.611424978982179845e-01 6.704487132685148232e-02 8.847895716426619206e-01 3.166520530417697898e+01
8.833764722197514629e-01 6.506658087774710476e-03 -4.686188934891850066e-01 -1.084519339553653516e+01 -3.685799924312091469e-02 9.977711414067490514e-01 -5.562586927749323118e-02 -2.190903309447404634e+00 4.672124777524531147e-01 6.641093917377738354e-02 8.816473740216939081e-01 3.248301123812342439e+01
8.806143269132006290e-01 5.832405442547152277e-03 -4.737978322026393241e-01 -1.129321383668378687e+01 -3.562568086761846997e-02 9.979089560410546733e-01 -5.393075541061831402e-02 -2.244973544926968767e+00 4.724925621931859165e-01 6.437156640453445267e-02 8.789807077117223200e-01 3.331012703572645961e+01
8.773448990509472578e-01 5.048187022502302959e-03 -4.798337621837423517e-01 -1.177657395194586520e+01 -3.438375753642337190e-02 9.980357229789222906e-01 -5.236843454834130135e-02 -2.308267104915229684e+00 4.786268783239732150e-01 6.244366679936258491e-02 8.757951269256617488e-01 3.415389194942166284e+01
8.748605521674511776e-01 3.871518023685573909e-03 -4.843593923382175648e-01 -1.224751451966668547e+01 -3.337783884782849486e-02 9.980729289531100612e-01 -5.231011779564592040e-02 -2.362719643432006578e+00 4.832234861181529673e-01 6.193092841304351226e-02 8.733038572993592208e-01 3.499150446264082603e+01
8.726176293917702331e-01 3.450068911881911272e-03 -4.883918152112405875e-01 -1.271355448264200483e+01 -3.335632255154058479e-02 9.980611606042942840e-01 -5.254784008701835624e-02 -2.430659677621130665e+00 4.872636166247090173e-01 6.214512669737679018e-02 8.710408462389533923e-01 3.581709017563537856e+01
8.714773433300814220e-01 3.181177396302586544e-03 -4.904254432664695296e-01 -1.322955927448531632e+01 -3.349219010312079470e-02 9.980305107471371118e-01 -5.304123752939286784e-02 -2.490866804070742013e+00 4.892908304501330519e-01 6.264965908067986200e-02 8.698675233421199193e-01 3.666927575616193025e+01
8.706864762702593019e-01 3.975640799878901732e-03 -4.918223759900982595e-01 -1.373652873699100851e+01 -3.397776385496167201e-02 9.980645158392522642e-01 -5.208391159081204175e-02 -2.542100532668774449e+00 4.906634030812409009e-01 6.205978213052175396e-02 8.691363604485710104e-01 3.754358252873079493e+01
8.705089254807676369e-01 2.851128336408022181e-03 -4.921443659392707448e-01 -1.424924285812712554e+01 -3.194520679978325728e-02 9.982017703856848057e-01 -5.072208018196739526e-02 -2.611860646957218535e+00 4.911147706496457044e-01 5.987567717012375057e-02 8.690346311145171754e-01 3.846202161716882983e+01
8.701489866464292566e-01 2.778866409295962635e-03 -4.927808987051341960e-01 -1.475265861141100743e+01 -3.154941872331831765e-02 9.982467533357790579e-01 -5.008047213086343902e-02 -2.673394719329323710e+00 4.917777737525771964e-01 5.912442308761023391e-02 8.687110731379537043e-01 3.936134489294452976e+01
8.696992710154173301e-01 1.250960027820559838e-03 -4.935803969681759606e-01 -1.527464492755606607e+01 -3.013327472948339192e-02 9.982660592120403686e-01 -5.056541141574757980e-02 -2.732333062502822596e+00 4.926613109489983988e-01 5.884989524764808883e-02 8.682289601793130585e-01 4.024741394347014278e+01
8.684300500210772045e-01 -1.684948197955627065e-03 -4.958088384764356982e-01 -1.579665968213983618e+01 -2.739602872673111561e-02 9.983034446489191804e-01 -5.137791410053946933e-02 -2.793677575902567600e+00 4.950542489762053133e-01 5.820131778605511230e-02 8.669105501676420689e-01 4.114942654253652421e+01
8.672695073978385905e-01 -1.316276853454348547e-03 -4.978371862943142823e-01 -1.631429152863560006e+01 -2.701946120453807554e-02 9.983981657288382161e-01 -4.970967140282085694e-02 -2.859664854036033876e+00 4.971051738688647137e-01 5.656297484647399010e-02 8.658447209745926409e-01 4.207277568277784496e+01
8.653528455642199857e-01 -1.002715033311484590e-03 -5.011620918226673549e-01 -1.688114832464439274e+01 -2.542603387725643135e-02 9.986223601322693488e-01 -4.590096610406791539e-02 -2.921489507714551959e+00 5.005177051478825190e-01 5.246309599091232567e-02 8.641352066110867813e-01 4.301373341516628557e+01
8.624245850254032009e-01 -1.530021298925967211e-03 -5.061832564707731130e-01 -1.741990837133782577e+01 -2.269503145922683457e-02 9.988729471137820504e-01 -4.168658191247173045e-02 -2.990102233095425444e+00 5.056765512375754890e-01 4.743937802039721596e-02 8.614178637272890127e-01 4.394151572348547319e+01
8.584389659140283513e-01 -2.768973242922423590e-03 -5.129082465882591757e-01 -1.796286892358726917e+01 -2.034507359220098788e-02 9.990146316065787735e-01 -3.944418655002075724e-02 -3.042480445459708083e+00 5.125120717408352400e-01 4.429558268594788184e-02 8.575367530361179824e-01 4.479983014133659935e+01
8.532914635331632081e-01 -5.352727639692011867e-03 -5.214067713827413852e-01 -1.850977539041119257e+01 -1.904284970917892797e-02 9.989603684896786184e-01 -4.141922372659551099e-02 -3.108524769923975306e+00 5.210864152751529810e-01 4.527174077000459956e-02 8.523024243750707551e-01 4.572812523149286079e+01
8.474212718245467402e-01 -9.044176076664299166e-03 -5.308440311804291101e-01 -1.908940100417872898e+01 -1.719821311230452718e-02 9.988625572755229776e-01 -4.447261140501953397e-02 -3.176161391049671767e+00 5.306424537695824117e-01 4.681660565754679204e-02 8.463018357324649799e-01 4.660544228879935247e+01
8.412275970735351160e-01 -8.793181939114481233e-03 -5.406096597234066881e-01 -1.968840148427949899e+01 -1.803849595655641208e-02 9.988547019831205409e-01 -4.431587772129802483e-02 -3.235321194342651641e+00 5.403801874382488935e-01 4.703152444383901926e-02 8.401055257474107085e-01 4.750520508319461754e+01
8.351902144180642917e-01 -5.716996197273825110e-03 -5.499314646583274291e-01 -2.027630626190930840e+01 -1.901972352182585563e-02 9.990475458246564910e-01 -3.927150789205314380e-02 -3.285161231587042874e+00 5.496322046741136669e-01 4.325872342102712181e-02 8.342859990874595955e-01 4.839862725057928827e+01
8.305840598137589348e-01 -1.944907204610095202e-03 -5.568898732268647844e-01 -2.088072024413612482e+01 -2.071948394044245689e-02 9.991936181377267800e-01 -3.439209934329211932e-02 -3.343073583535237425e+00 5.565077063717029926e-01 4.010400015585250527e-02 8.298739951931701775e-01 4.927285670676212703e+01
8.261792008584244451e-01 -1.523708744438161209e-03 -5.634053604935520543e-01 -2.149203574369688141e+01 -2.245736719675115248e-02 9.991125625465934190e-01 -3.563360861226838594e-02 -3.395104595785346735e+00 5.629596784219887962e-01 4.209234723354114693e-02 8.254118007882775832e-01 5.014384720386271965e+01
8.224519096098005244e-01 -3.473763943166652789e-03 -5.688240352592666138e-01 -2.212609250974509578e+01 -2.327202750241523857e-02 9.989386506934841981e-01 -3.974902425418219004e-02 -3.457586571684212906e+00 5.683584027866068755e-01 4.592934941293305012e-02 8.214981601053251703e-01 5.100995456865717159e+01
8.198550810981055648e-01 -6.230685949573665922e-03 -5.725371762808283416e-01 -2.273467190224217305e+01 -2.491720380586433248e-02 9.986052331339542176e-01 -4.654805425109158346e-02 -3.525678825223708568e+00 5.720286565579578708e-01 5.242868427672530557e-02 8.185563239176137929e-01 5.186818319396331844e+01
8.168752161052909022e-01 -6.565508098549807485e-03 -5.767770531178382232e-01 -2.336926345772228331e+01 -2.617245112357294984e-02 9.984834624249442347e-01 -4.843323353234769979e-02 -3.587396234517583160e+00 5.762203477542381380e-01 5.465957733342655805e-02 8.154645595048510831e-01 5.275677543339866560e+01
8.134760229753759120e-01 -5.653606857120423504e-03 -5.815709675186122585e-01 -2.398694807053600186e+01 -2.494229964192724858e-02 9.986936518660348705e-01 -4.459676507168799930e-02 -3.651299978411461034e+00 5.810633759578449631e-01 5.078411637568404358e-02 8.122723269407529090e-01 5.360160367343506493e+01
8.105584976382962381e-01 -2.937884389059861132e-03 -5.856503087510828154e-01 -2.464136703574709486e+01 -2.480977374574509786e-02 9.989174983983023504e-01 -3.934852686740906991e-02 -3.714124576133228661e+00 5.851319528619189914e-01 4.642413438343392929e-02 8.096081793323852693e-01 5.447337159589811506e+01
8.074849150830925026e-01 -1.845303960786449276e-03 -5.898853279029476759e-01 -2.528015924427170447e+01 -2.444450829463044525e-02 9.990314625791660852e-01 -3.658692167777052862e-02 -3.769600977710879430e+00 5.893815260416180868e-01 4.396284401519962720e-02 8.066577289976430976e-01 5.534540745709098530e+01
8.039365802401734484e-01 -1.376710890362579194e-03 -5.947134375691391917e-01 -2.590028082195700776e+01 -2.546457937349429906e-02 9.990005206366285861e-01 -3.673574572608610117e-02 -3.824545689621281053e+00 5.941696185057654400e-01 4.467733720951298088e-02 8.030980056812261347e-01 5.621162398276658934e+01
8.009006205250226440e-01 -2.090640838972215431e-03 -5.987936358918030111e-01 -2.656203662233853890e+01 -2.579964754647123826e-02 9.989448081639247246e-01 -3.799537442915366936e-02 -3.875706757486767629e+00 5.982412387298893242e-01 4.587918360701592063e-02 8.000015797636141901e-01 5.704020652510361344e+01
7.964939736753301469e-01 -3.829312129060293782e-03 -6.046343351697922586e-01 -2.721372483431282063e+01 -2.563804251524647373e-02 9.988667193515619047e-01 -4.009947375785646168e-02 -3.948388096486986854e+00 6.041026785922835041e-01 4.744062988810777287e-02 7.954931472406970849e-01 5.791009133805008702e+01
7.922919350754979995e-01 -5.220371666581248224e-03 -6.101198490596022594e-01 -2.788432904891921993e+01 -2.498967703042232619e-02 9.988466899772120433e-01 -4.099763419214878801e-02 -3.998678475836652257e+00 6.096302251186844767e-01 4.772879280558201681e-02 7.912477222909823915e-01 5.875023254526728778e+01
7.879150325273133193e-01 -5.811766695657035776e-03 -6.157565408880667501e-01 -2.855937670408524909e+01 -2.397115321530497029e-02 9.989080376609631440e-01 -4.010132359198570473e-02 -4.058560203226249108e+00 6.153172280803536065e-01 4.635682995044569654e-02 7.869153450908167313e-01 5.960190023132506099e+01
7.832704740417586464e-01 -5.682908158746363680e-03 -6.216550986529989498e-01 -2.922544580589722685e+01 -2.420507613290354479e-02 9.989212254956657544e-01 -3.962952924755989287e-02 -4.115295638411202717e+00 6.212096946674834363e-01 4.608784902668912331e-02 7.822879474633801511e-01 6.041901751639047546e+01
7.776429327602142338e-01 -6.785295495853327363e-03 -6.286695645343383099e-01 -2.992882424515327955e+01 -2.368237734427925539e-02 9.989159540605861975e-01 -4.007570049145104535e-02 -4.180574984212054090e+00 6.282599941481697980e-01 4.605297498487959801e-02 7.766392410418030412e-01 6.127587677072855143e+01
7.727555642292758264e-01 -7.840626453712687058e-03 -6.346553039849526234e-01 -3.063650450410337811e+01 -2.352142022236260177e-02 9.988830672613744355e-01 -4.098000453558067052e-02 -4.238114209568735191e+00 6.342677565417926822e-01 4.659552049919814254e-02 7.717080264527641509e-01 6.211707764540774690e+01
7.672216839105157060e-01 -9.028880521786235291e-03 -6.413184538531353507e-01 -3.133587173908889767e+01 -2.333992961667424870e-02 9.988456134762748739e-01 -4.198438002708414912e-02 -4.294783507306457082e+00 6.409572074748767223e-01 4.717965418852797937e-02 7.661252809929676166e-01 6.291851989226712050e+01
7.613307387705420259e-01 -1.081612612791436195e-02 -6.482734836947053880e-01 -3.207702658560283027e+01 -2.228624024490064026e-02 9.988334362868813709e-01 -4.283795151256345607e-02 -4.357993508114205383e+00 6.479805832321176018e-01 4.706142774019040492e-02 7.602015480723058882e-01 6.378051643562863404e+01
7.552086504931432298e-01 -1.236715130029966692e-02 -6.553677896200431618e-01 -3.277449943967096857e+01 -2.166601526997982349e-02 9.988047143919273063e-01 -4.381468164368826357e-02 -4.421008059595479267e+00 6.551263120267779572e-01 4.728843499618159973e-02 7.540380144837717236e-01 6.456935382114866684e+01
7.489631887202349292e-01 -1.270204751505844137e-02 -6.624898426763183856e-01 -3.350480931310688959e+01 -2.189204865840739880e-02 9.987960533400356278e-01 -4.389968194789009570e-02 -4.484769953334035719e+00 6.622498675087924447e-01 4.738250550513672249e-02 7.477834040690347628e-01 6.538286178045962060e+01
7.434033219588666030e-01 -1.350803785878832743e-02 -6.687069802149020470e-01 -3.425791484370366646e+01 -2.035793171878464911e-02 9.988758191160225230e-01 -4.280949235629200045e-02 -4.543190057367602286e+00 6.685335163848626916e-01 4.543820970766869471e-02 7.422926073725049090e-01 6.623855379211846639e+01
7.367112515204077283e-01 -1.436199849437054879e-02 -6.760549210568175260e-01 -3.501881327514527698e+01 -1.880579489325511985e-02 9.989525663937404154e-01 -4.171465216571099838e-02 -4.607604478768432266e+00 6.759459158454592664e-01 4.344540359737952828e-02 7.356695075398557160e-01 6.701721231190970229e+01
7.300310050984890609e-01 -1.583797187605937018e-02 -6.832304746392121597e-01 -3.579463063005302814e+01 -1.792000097828829602e-02 9.989440637106890009e-01 -4.230403256613467916e-02 -4.667225828520037645e+00 6.831790486517604899e-01 4.312674599169397105e-02 7.289763233468011805e-01 6.784327977074923410e+01
7.241095065127415298e-01 -1.702695069421160390e-02 -6.894747976639429288e-01 -3.658269964732873092e+01 -1.793239583157968386e-02 9.988924158883468740e-01 -4.350138720877125276e-02 -4.737128978756976139e+00 6.894518542023482244e-01 4.386370281818689765e-02 7.230021612675937570e-01 6.865736942565145284e+01
7.177632597234788747e-01 -1.677175097815235619e-02 -6.960851975774905442e-01 -3.736202887494798830e+01 -1.936988426076500722e-02 9.988419897091656008e-01 -4.403960954684794926e-02 -4.796797317588446852e+00 6.960177571268078012e-01 4.509310322993068804e-02 7.166072165751210532e-01 6.945949714738819125e+01
7.123041830699521348e-01 -1.552159944724419878e-02 -7.016992386488752897e-01 -3.815166392924598426e+01 -2.070905105702306251e-02 9.988553863326763427e-01 -4.311673032025770125e-02 -4.856671174419399328e+00 7.015653168301765330e-01 4.524375253514821560e-02 7.111674333472790543e-01 7.025145842546197628e+01
7.076371758572604920e-01 -1.638849897640014958e-02 -7.063858967456342342e-01 -3.896314087070798138e+01 -2.005371987842470560e-02 9.988624188279809912e-01 -4.326334020387084811e-02 -4.922101194679949998e+00 7.062913588409979182e-01 4.478041257977066758e-02 7.065035317443267848e-01 7.104174905920483241e+01
7.026952962402076563e-01 -1.593153271499019030e-02 -7.113125174357914915e-01 -3.977722231365548566e+01 -2.170002974760411318e-02 9.988042805810076752e-01 -4.380773720298793833e-02 -4.990689565280260531e+00 7.111599239119323901e-01 4.621899346892697352e-02 7.015093560843301823e-01 7.184581340547879336e+01
6.972073564243889132e-01 -1.847382731220794522e-02 -7.166314326601445073e-01 -4.062739471838798977e+01 -2.100066046639351147e-02 9.987125017498477142e-01 -4.617695466787105629e-02 -5.053853933176308821e+00 7.165618483913090975e-01 4.724464570460813750e-02 6.959217415945827545e-01 7.263088617399569102e+01
6.927386109245273760e-01 -1.995816587539104084e-02 -7.209125320511777790e-01 -4.144125699120562700e+01 -2.191842826839275615e-02 9.985725911786903497e-01 -4.870690590926532448e-02 -5.122195254622193161e+00 7.208556080833548041e-01 4.954242379827529519e-02 6.913123390953187508e-01 7.339498404323813929e+01
6.885807816715728835e-01 -2.097138649955994014e-02 -7.248563294076588726e-01 -4.230654504538729554e+01 -2.202404037930619229e-02 9.985158171554139317e-01 -4.981068730368053837e-02 -5.198570477401203149e+00 7.248251217544354752e-01 5.026294690604499182e-02 6.870969282325871674e-01 7.422049254077558089e+01
6.831861640432035365e-01 -2.094641983774446839e-02 -7.299437669092152525e-01 -4.317474408308839884e+01 -2.113969215951489594e-02 9.986022959782693276e-01 -4.844138638679517522e-02 -5.268250087628370437e+00 7.299382077780620648e-01 4.852527129140393747e-02 6.817884721417640792e-01 7.500562220370795785e+01
6.781205527823231938e-01 -2.093757133128897052e-02 -7.346523830872133676e-01 -4.402104619637682248e+01 -2.036541053918072830e-02 9.986749702199412271e-01 -4.726049028026155924e-02 -5.334750017055092108e+00 7.346684793621781617e-01 4.700980697965223554e-02 6.767956216413213433e-01 7.576277310290358002e+01
6.732036977849600312e-01 -2.164832645402698166e-02 -7.391401227857963274e-01 -4.491276070323709035e+01 -2.003703091004230274e-02 9.986702889852678844e-01 -4.749917179556154695e-02 -5.414941851087990088e+00 7.391855703530268995e-01 4.678679137727288079e-02 6.718747642546276655e-01 7.656956647918514136e+01
6.679468511333639391e-01 -2.243469947344613885e-02 -7.438707401570828770e-01 -4.572805465723956075e+01 -1.916869294794422765e-02 9.986952572151056584e-01 -4.733227710307170294e-02 -5.475492182757498938e+00 7.439620784244326268e-01 4.587447504296673917e-02 6.666453094679386515e-01 7.728976322091769191e+01
6.634537712310287771e-01 -2.271899675855754835e-02 -7.478722686826274613e-01 -4.664719856360957095e+01 -1.945788754821315900e-02 9.986769638147218187e-01 -4.759950196676859813e-02 -5.551389735763659239e+00 7.479642324453640301e-01 4.613208337632906247e-02 6.621339352407284995e-01 7.811018892829363836e+01
6.596026743165154249e-01 -2.405217406511457948e-02 -7.512295218577706990e-01 -4.756170026547123086e+01 -1.739713634637684442e-02 9.987315043724954711e-01 -4.725168617068625093e-02 -5.630465686814794424e+00 7.514131092417002389e-01 4.423658074736466772e-02 6.583475333020663012e-01 7.888393961043894365e+01
6.555921780885750616e-01 -2.688705772156980284e-02 -7.546363174559340692e-01 -4.844089831989193584e+01 -1.439801147500730828e-02 9.987391073605247360e-01 -4.809254320977349867e-02 -5.702253916418779767e+00 7.549778820938153334e-01 4.239435725711358099e-02 6.543784276215709461e-01 7.964141744413623769e+01
6.514250407804803578e-01 -3.073087036929091770e-02 -7.580903766903870356e-01 -4.933770572027117396e+01 -1.212354825163915704e-02 9.986301963025400186e-01 -5.089941671463282802e-02 -5.778047046902488937e+00 7.586161381603437892e-01 4.234789961549106918e-02 6.501601502164031654e-01 8.041584490477229963e+01
6.465267587051375386e-01 -3.488005625881881316e-02 -7.620935121306836590e-01 -5.029186925579253398e+01 -8.451524538731476285e-03 9.985654808086483758e-01 -5.287298244477646458e-02 -5.846948557908111965e+00 7.628445001334236419e-01 4.062464971089223970e-02 6.453045150715613909e-01 8.119860354217807696e+01
6.404516402219047055e-01 -3.906287387689321572e-02 -7.670044182226228857e-01 -5.117305461412762924e+01 -2.574758180672537169e-03 9.985908053608868462e-01 -5.300730194345056739e-02 -5.925336080440013475e+00 7.679941905221977505e-01 3.592346405865181475e-02 6.394485428182544728e-01 8.195216919295947378e+01
6.318697700335584866e-01 -4.254123084079904776e-02 -7.739062129013140057e-01 -5.211990620924910189e+01 2.259896442683490946e-03 9.985894689784967637e-01 -5.304682171717381434e-02 -6.008733260070893145e+00 7.750712846588995175e-01 3.176973478533534623e-02 6.310746379763053637e-01 8.271187332947708626e+01
6.230098792746560088e-01 -4.358860651252742524e-02 -7.809985355245294691e-01 -5.306788687480612765e+01 4.699403708919615286e-03 9.986367285707333785e-01 -5.198653606042148712e-02 -6.090330045242840384e+00 7.821998567162297133e-01 2.871789775081835458e-02 6.223653892543042909e-01 8.346957116530730048e+01
6.142035526103372112e-01 -4.201775859196557605e-02 -7.880282307875402514e-01 -5.401839925043639568e+01 5.185689351578462794e-03 9.987748454718804458e-01 -4.921297244558436867e-02 -6.164311238724781816e+00 7.891306068678278773e-01 2.614031248559083032e-02 6.136689504894452529e-01 8.421092452759069147e+01
6.048685061258285423e-01 -4.174658880538862499e-02 -7.952303446301121070e-01 -5.499369391219151026e+01 5.201540729732054454e-03 9.988107360423094105e-01 -4.847739183886710934e-02 -6.245119606203123119e+00 7.963083853515375843e-01 2.518602412085641992e-02 6.043663055040920939e-01 8.493312773891409506e+01
5.955528313059443857e-01 -4.349280740702395065e-02 -8.021378865512140965e-01 -5.597946097697761303e+01 4.229577352288961881e-03 9.986891984699750591e-01 -5.100975900404967206e-02 -6.315850601444114254e+00 8.033050144906865864e-01 2.698630173851825770e-02 5.949561370557034934e-01 8.565797177073380908e+01
5.856153484634282202e-01 -4.522887725099365708e-02 -8.093262632117965705e-01 -5.696841568557340452e+01 4.812724649556126763e-03 9.986185122767147204e-01 -5.232499017163286942e-02 -6.407164494829989287e+00 8.105748034830443371e-01 2.674725246733943365e-02 5.850240033104643356e-01 8.637241335506476503e+01
5.761516696796475934e-01 -4.611882084731318970e-02 -8.160406213678005338e-01 -5.798662587921874234e+01 3.491024331716686795e-03 9.985365703453604747e-01 -5.396786460473993602e-02 -6.480021001848678353e+00 8.173353517281631841e-01 2.824485721645808578e-02 5.754695153046154310e-01 8.709281772295098278e+01
5.666853632515141959e-01 -4.749960184565637372e-02 -8.225639638071948756e-01 -5.898774705902869897e+01 6.744624291417759127e-03 9.985708478206990479e-01 -5.301671338860605709e-02 -6.559668621603893968e+00 8.239066817464022474e-01 2.449591013515419607e-02 5.661958517459940721e-01 8.778125203376687580e+01
5.554520758868551900e-01 -4.801547078690139581e-02 -8.301611249630495015e-01 -6.003634735361347907e+01 9.315293518577742043e-03 9.986281750206353891e-01 -5.152662739653342261e-02 -6.647117358060242509e+00 8.314963788461533500e-01 2.088737710712334703e-02 5.551373722172340264e-01 8.846368051206643202e+01
5.453768071321596356e-01 -4.806754825858393365e-02 -8.368115894885163053e-01 -6.107828398911275514e+01 8.871848952789725476e-03 9.986294314411852113e-01 -5.158050916385809037e-02 -6.725315706851620945e+00 8.381440449416873717e-01 2.070674687045049797e-02 5.450557800237367800e-01 8.915122820599285092e+01
5.351018707985901735e-01 -4.883803055800052528e-02 -8.433746627151358366e-01 -6.212093056287943682e+01 7.796971818673523701e-03 9.985705355321159438e-01 -5.287809346489714957e-02 -6.803674920121006942e+00 8.447515651534125425e-01 2.171939776067241881e-02 5.347177516129885122e-01 8.978411331495506431e+01
5.251273738948742942e-01 -4.940385674875260452e-02 -8.495884221312940410e-01 -6.318991866442414107e+01 6.788521949419062951e-03 9.985249566523457521e-01 -5.386860759421402411e-02 -6.887053310792024874e+00 8.509965740683245183e-01 2.252043029386065209e-02 5.246881686072867312e-01 9.043538759954491013e+01
5.151619249891593588e-01 -5.022168266264867564e-02 -8.556202196975868368e-01 -6.426519486252205127e+01 4.868162188691633162e-03 9.984371644839316051e-01 -5.567341868628836871e-02 -6.981792850587136279e+00 8.570790536136687621e-01 2.451552705822698450e-02 5.146013001269791332e-01 9.109076496388321686e+01
