1.000000000000000000e+00 4.398956837314658088e-19 2.733407509747682871e-20 -8.673617379884035472e-19 -5.583667658079949532e-19 1.000000000000000000e+00 -6.100159232558060012e-19 0.000000000000000000e+00 4.145284534913582806e-20 -2.210423569125054137e-19 1.000000000000000222e+00 0.000000000000000000e+00
9.999407649991530755e-01 -1.449140413716729081e-03 1.078733056738533438e-02 6.064436353219391368e-02 1.443644927440657479e-03 9.999988241898604135e-01 5.172092955906129955e-04 -9.380548256278820052e-03 -1.078806757860307011e-02 -5.016055772484050200e-04 9.999416812878282323e-01 3.012936303275484673e-01
9.998541520722076248e-01 -2.971296856414355238e-03 1.681802613598876173e-02 9.570342008223370334e-02 2.954654441555776886e-03 9.999951205707462432e-01 1.014320567989454927e-03 -1.253523014665351709e-02 -1.682095821118253717e-02 -9.644811670158068891e-04 9.998580524866510499e-01 5.489393909372912717e-01
9.997872868383244072e-01 -6.475387681343235287e-03 1.958189120993988203e-02 7.549552609925204438e-02 6.495935264367037366e-03 9.999784151872556093e-01 -9.858869803147144416e-04 -1.432347890319884964e-02 -1.957508487735012612e-02 1.112879999736112466e-03 9.998077702884288209e-01 9.256315620415860312e-01
9.998234585849188338e-01 -7.331474264976039525e-03 1.730032313732047383e-02 7.162318557061220226e-02 7.360328880502204317e-03 9.999716247132284241e-01 -1.604778575075518302e-03 -2.224242096316898787e-02 -1.728806714301741113e-02 1.731831370297632483e-03 9.998490503446924027e-01 1.189446898924241047e+00
9.998824579434325566e-01 -1.114448105846546633e-02 1.052952379920895319e-02 7.612109813091456900e-02 1.118103363807576231e-02 9.999316452514991349e-01 -3.418960704543304741e-03 -1.914688656479916762e-02 -1.049070169714800063e-02 3.536289842694417037e-03 9.999387180315922885e-01 1.545830124123456439e+00
9.999328160150485756e-01 -1.149626930727223016e-02 -1.482992347852108046e-03 5.540045235698944082e-02 1.148912029898035807e-02 9.999227519608000492e-01 -4.742384044372129764e-03 -2.962897518690107979e-02 1.537397537229138154e-03 4.725027204696139946e-03 9.999876551878653652e-01 1.855835248047772668e+00
9.997883141182802857e-01 -1.147635916937539066e-02 -1.707688858773351998e-02 2.118784812722554131e-02 1.139273777598192976e-02 9.999226695698267831e-01 -4.986019156980182714e-03 -4.072642528316051946e-02 1.713278966472056228e-02 4.790411209651041814e-03 9.998417472314986565e-01 2.175725997833743097e+00
9.993278559411544748e-01 -6.560637834985463823e-03 -3.606652616830333807e-02 9.076852541535314692e-03 6.367820323190630238e-03 9.999648275349948268e-01 -5.458438111041072523e-03 -4.596824996280041153e-02 3.610106907619205219e-02 5.225104115266082649e-03 9.993344841295994652e-01 2.527246885155987055e+00
9.984227455656436989e-01 -4.054591991342191247e-03 -5.599626144174257164e-02 -5.982381017591643230e-02 3.708001590989017104e-03 9.999733301154141163e-01 -6.292040707750707479e-03 -5.696453300897130756e-02 5.602028065052339773e-02 6.074482339136015249e-03 9.984111522571572639e-01 2.875262555634171768e+00
9.971435743603681567e-01 -3.273587716160329068e-03 -7.545843582357732171e-02 -1.037907965469159199e-01 2.794742467959280500e-03 9.999752896926991097e-01 -6.450535976327233766e-03 -5.995492424243972773e-02 7.547768891919102996e-02 6.221223594754099820e-03 9.971280835754817717e-01 3.231519512733752375e+00
9.953072576188668474e-01 -3.611390162018540424e-03 -9.669757236727370697e-02 -1.472858781460781585e-01 3.038156454094312689e-03 9.999769336084840532e-01 -6.074689432402346871e-03 -6.531104414937960456e-02 9.671728164650444937e-02 5.752400092678463389e-03 9.952952715748741852e-01 3.607655037766456907e+00
9.932301272785905022e-01 -4.238929808553629219e-03 -1.160859395126076082e-01 -1.960598411550208975e-01 3.649986347318153000e-03 9.999793706129983528e-01 -5.285446270514196181e-03 -6.971073178550182825e-02 1.161059513728632531e-01 4.825952318265853448e-03 9.932251097478106416e-01 3.995808896268300714e+00
9.910823958408989665e-01 -4.555993413034370096e-03 -1.331725463221271055e-01 -2.874006277697923606e-01 3.945663101600991804e-03 9.999804711598342388e-01 -4.846548797530816563e-03 -8.444044599327449330e-02 1.331920287638173883e-01 4.277875111865140842e-03 9.910810177523675657e-01 4.398948651596667148e+00
9.887778115124292722e-01 -3.710740062043160238e-03 -1.493474783244317372e-01 -3.760082390265509500e-01 3.098158097286476346e-03 9.999858080873916810e-01 -4.334170656075411049e-03 -9.103754272780369139e-02 1.493614443617277687e-01 3.822829577480340267e-03 9.887752755323886422e-01 4.826098563899750005e+00
9.866596489066535858e-01 -3.013240236325762707e-03 -1.627687221911532922e-01 -4.640345641020329759e-01 2.346081060471319653e-03 9.999880420615850918e-01 -4.290877989220421955e-03 -9.187355315454132088e-02 1.627797080741997804e-01 3.851767442285053064e-03 9.866549200249105089e-01 5.225454258739389957e+00
9.845118592202902752e-01 -3.697749649001751820e-03 -1.752789917084697502e-01 -5.405772873218508412e-01 2.850425575668598908e-03 9.999830054299854165e-01 -5.085658350219346424e-03 -9.871927189282229953e-02 1.752948214400921467e-01 4.507271120351079990e-03 9.845056682698852812e-01 5.660708774631760143e+00
9.827753341095415429e-01 -6.880384317782485028e-03 -1.846762089278878027e-01 -6.409127040571235279e-01 5.669460940196777501e-03 9.999588343654953748e-01 -7.084262685063263953e-03 -1.157048055789270113e-01 1.847173522579379223e-01 5.915223964229569288e-03 9.827738858674810452e-01 6.115774289186758139e+00
9.811970532568381476e-01 -6.239279157042663081e-03 -1.929077841257443027e-01 -7.411706005433442712e-01 4.670262746402688465e-03 9.999522233830111517e-01 -8.587175895500636161e-03 -1.250869369035538248e-01 1.929521487664768442e-01 7.524781543757655573e-03 9.811793143232806491e-01 6.557161256640921643e+00
9.796092060706397264e-01 -6.100616444882132547e-03 -2.008197821346212331e-01 -8.481821535972218218e-01 4.036383177530917209e-03 9.999347467918519028e-01 -1.068689678817945701e-02 -1.217753985694091517e-01 2.008718781274077825e-01 9.658396797043561008e-03 9.795699081327087221e-01 7.039730505174549791e+00
9.780322460380388438e-01 -6.618471067158023836e-03 -2.083485553683404878e-01 -9.548576213587547379e-01 3.968081034278086484e-03 9.999058410634452665e-01 -1.313633639947233214e-02 -1.387095327080866691e-01 2.084158835502742668e-01 1.202101656701412731e-02 9.779664184813359196e-01 7.508269387713042420e+00
9.762431268865565670e-01 -1.021568291051220406e-02 -2.164370484430405694e-01 -1.061167298487653898e+00 7.139723066682702492e-03 9.998621679976074095e-01 -1.498897427437537871e-02 -1.474392145934795284e-01 2.165603428379246631e-01 1.308758245676411650e-02 9.761815067895472930e-01 8.011632285526882669e+00
9.744602660698490348e-01 -1.583904865270624115e-02 -2.240006991937871783e-01 -1.184581773900343693e+00 1.256801707833597563e-02 9.997926635840677090e-01 -1.602107265303439471e-02 -1.626610838658250346e-01 2.242080181124923577e-01 1.279665403112556152e-02 9.744572907164616993e-01 8.534920015134547455e+00
9.724515191000987491e-01 -1.682317600650790751e-02 -2.324973602487934166e-01 -1.314498863668796202e+00 1.287403202409685005e-02 9.997461051357348083e-01 -1.849282410323984174e-02 -1.818402434991957528e-01 2.327494424153170594e-01 1.499019636739530766e-02 9.724212010834557551e-01 9.036617179179511794e+00
9.703076481410249921e-01 -1.296103381254607237e-02 -2.415265580502933274e-01 -1.457407507155776827e+00 7.817992257721350507e-03 9.997220899080309087e-01 -2.224009741208882868e-02 -1.890820386283979249e-01 2.417476942052101119e-01 1.969148382299817923e-02 9.701393194502079265e-01 9.567944076300783252e+00
9.682426871427318726e-01 -9.600141444392333231e-03 -2.498278100501122034e-01 -1.608667699164503695e+00 3.395120765299469365e-03 9.996752438220534165e-01 -2.525628708757677796e-02 -2.025149463864805988e-01 2.499891451606346127e-01 2.360601968700803618e-02 9.679608383337022781e-01 1.011400647646488693e+01
9.658810254687667518e-01 -1.259627526935170466e-02 -2.586796802993681643e-01 -1.769943308872298449e+00 5.677278530860325328e-03 9.996063140823584492e-01 -2.747699662529461823e-02 -2.253176040350928777e-01 2.589239540255510175e-01 2.507091308518722902e-02 9.655722846319826358e-01 1.067520991202228409e+01
9.635647679393712917e-01 -1.427083480089259490e-02 -2.670941401198735354e-01 -1.936655265498731238e+00 6.775800187601068586e-03 9.995575457226963945e-01 -2.896206668358550923e-02 -2.600064593824220616e-01 2.673892806504259978e-01 2.609705054457658879e-02 9.632351312809511734e-01 1.122540400732593646e+01
9.614025784368179783e-01 -1.443631319243718868e-02 -2.747665798117106539e-01 -2.106016206266480228e+00 5.913194336078828918e-03 9.994760406357250382e-01 -3.182260696968913782e-02 -2.814858144377184734e-01 2.750820191465883635e-01 2.896958823567609073e-02 9.609842076580893400e-01 1.180092964944809353e+01
9.590095463387323660e-01 -1.370372285483776806e-02 -2.830422164002119323e-01 -2.300979165260865322e+00 3.793690770131652630e-03 9.993613724641015050e-01 -3.553104453557472814e-02 -3.035678323538487100e-01 2.833483703096795203e-01 3.300083631215163654e-02 9.584490845126404368e-01 1.239931952936418114e+01
9.568421326176107522e-01 -1.514218002957861027e-02 -2.902134487019398801e-01 -2.491649314129649628e+00 3.474180371998733790e-03 9.991662661420774860e-01 -4.067803659547197803e-02 -3.393599811615705120e-01 2.905874470733698645e-01 3.791420551429873498e-02 9.560969879991471077e-01 1.298628942146438625e+01
9.549581014084894681e-01 -1.622878444940507522e-02 -2.962965562028423983e-01 -2.691092915398024310e+00 2.230930228781299353e-03 9.988678028784698792e-01 -4.751984120401479134e-02 -3.658647602376728925e-01 2.967322844507793156e-01 4.471844054407438790e-02 9.539131062873859035e-01 1.359993792330499573e+01
9.536904349783225099e-01 -1.646404898740124606e-02 -3.003389541559901010e-01 -2.902402137900309320e+00 -2.821132388961134635e-04 9.984514597494867916e-01 -5.562915530573316059e-02 -4.023107812876856038e-01 3.007897534926771699e-01 5.313772314262307089e-02 9.522089626376804006e-01 1.421864076536914290e+01
9.524226987845568759e-01 -1.671459543669984518e-02 -3.043215785232142312e-01 -3.101294662443725869e+00 -3.053601268570690398e-03 9.979216419790187809e-01 -6.436669923664362081e-02 -4.501675452564853352e-01 3.047649578845198493e-01 6.223358246377896225e-02 9.503921841336920862e-01 1.484928767792133897e+01
9.511342291028210827e-01 -1.513499300570314912e-02 -3.084065631283874342e-01 -3.324687121054893613e+00 -7.799972245926718728e-03 9.973016066314331907e-01 -7.299771109670762093e-02 -4.969152435612149143e-01 3.086791860260820197e-01 7.183618469349291324e-02 9.484496426990525197e-01 1.548139419400095029e+01
9.498360038299159536e-01 -1.483845492171459793e-02 -3.123961971612230215e-01 -3.569833288543268424e+00 -1.080624152999599616e-02 9.967202730941995270e-01 -8.019926637334751085e-02 -5.558112110682267293e-01 3.125616614818954586e-01 7.955197989937115577e-02 9.465604536262448576e-01 1.612990892310363478e+01
9.481552354556194162e-01 -1.381783232880585792e-02 -3.175070311683134694e-01 -3.795651842699210299e+00 -1.448266718023378911e-02 9.961378408051991817e-01 -8.660054530249315652e-02 -6.152687242969698822e-01 3.174774056956772283e-01 8.670910960000022261e-02 9.442931903557529871e-01 1.678192298491515899e+01
9.465149747625312138e-01 -1.261744686444492974e-02 -3.224130896480836284e-01 -4.048344971530549508e+00 -1.824485495955624481e-02 9.955434889985153024e-01 -9.252181774890046173e-02 -6.889355328748020257e-01 3.221436467726702113e-01 9.345566662462802265e-02 9.420666173094360829e-01 1.746963123256003314e+01
9.448512854812892714e-01 -1.067463057268536880e-02 -3.273256762217519600e-01 -4.289047775956289499e+00 -2.274016819218618868e-02 9.949179796416703914e-01 -9.808719854108216563e-02 -7.625955111163479350e-01 3.267092506380961936e-01 1.001212571929011308e-01 9.398067895566415419e-01 1.815005635855194299e+01
9.430014299498751251e-01 -7.561813991224278567e-03 -3.327027498183117160e-01 -4.546690215512885658e+00 -2.764947291860010703e-02 9.945049554165372729e-01 -1.009722748466979764e-01 -8.339027577457501783e-01 3.316380725746611025e-01 1.044160559008846384e-01 9.376105153237204171e-01 1.883395565397636062e+01
9.414156437138447853e-01 -6.475392924917769931e-03 -3.371863767316446436e-01 -4.811056770334533716e+00 -2.991489177158255033e-02 9.942711406031952137e-01 -1.026157795138119555e-01 -9.166487441207700204e-01 3.359191665921056891e-01 1.066909947734312469e-01 9.358286956291251846e-01 1.952915902262170889e+01
9.391785445339807525e-01 -6.314434152204543085e-03 -3.433712086419090093e-01 -5.100909679861934443e+00 -3.052736060580883357e-02 9.943381303459332132e-01 -1.017829199265981588e-01 -1.006370797945205231e+00 3.420697929789981995e-01 1.060745519721689456e-01 9.336682754839578102e-01 2.024146166597298802e+01
9.369244392852180692e-01 -6.426348521336704839e-03 -3.494728809944996351e-01 -5.370332417360535793e+00 -3.061314733645995045e-02 9.944801231880566750e-01 -1.003599511295195368e-01 -1.095487517963514401e+00 3.481887876908072998e-01 1.047281563862024201e-01 9.315560015124283444e-01 2.097125017181462425e+01
9.345023190758583453e-01 -6.351828933806722387e-03 -3.559003614229289125e-01 -5.645798920398006793e+00 -3.074895353152156535e-02 9.946627934976010055e-01 -9.849075635944727625e-02 -1.178498485976426924e+00 3.546264501738601860e-01 1.029834045303981704e-01 9.293193756069501044e-01 2.169094663710096071e+01
9.314353492347156038e-01 -5.566406774690522107e-03 -3.638642639119090139e-01 -5.946904542882176514e+00 -3.123939336592489874e-02 9.949689211307328751e-01 -9.518900300112478896e-02 -1.265263070055945738e+00 3.625635009921470697e-01 1.000293017207933011e-01 9.265753338497422220e-01 2.240667412718272899e+01
9.279310816408480322e-01 -2.994115582271939316e-03 -3.727397753261659230e-01 -6.269937034587223401e+00 -3.283133047104295349e-02 9.954249247017744606e-01 -8.972916493612827227e-02 -1.337837288652637957e+00 3.713031286125412223e-01 9.550002436117928373e-02 9.235874267755659339e-01 2.318398651709088654e+01
9.244209991802185833e-01 -2.468334915076053539e-04 -3.813735076467853480e-01 -6.589127221725439298e+00 -3.455403977821395328e-02 9.958325656970389295e-01 -8.440094467447831206e-02 -1.422639123394919380e+00 3.798049980742002063e-01 9.120000145619747145e-02 9.205600068195564090e-01 2.392489164279028913e+01
9.208996280943787527e-01 3.195979557263002938e-03 -3.897866821098979195e-01 -6.912057435808300454e+00 -3.743353672787435443e-02 9.960698132426522022e-01 -8.027239573474315160e-02 -1.496466085771153143e+00 3.879982053477609716e-01 8.851391391971710765e-02 9.173999579176943531e-01 2.465897998207567099e+01
9.171166540758636243e-01 4.282756092764328747e-03 -3.985959075875744051e-01 -7.254706023131004322e+00 -3.873058486988329580e-02 9.961685250720270224e-01 -7.841053181324296462e-02 -1.572005275419297243e+00 3.967328909605503107e-01 8.734945764987485373e-02 9.137686187990705644e-01 2.540191305101478036e+01
9.130481154193672566e-01 4.258085254536365938e-03 -4.078296264732545473e-01 -7.615174573938798375e+00 -3.935475952064525912e-02 9.961992525150747957e-01 -7.770619178480488165e-02 -1.652667495060231140e+00 4.059486963987444241e-01 8.699952927087817312e-02 9.097454265663443840e-01 2.617469748947301511e+01
9.091554559309935613e-01 4.384644755542163597e-03 -4.164338222332025219e-01 -7.970692526354421936e+00 -3.988715787548616915e-02 9.962643881009460856e-01 -7.659166855053377299e-02 -1.719997873751367923e+00 4.145423669253812116e-01 8.624409536920547847e-02 9.059340955756547409e-01 2.692890046678654770e+01
9.052819379399010824e-01 4.732650741906585350e-03 -4.247848999019192551e-01 -8.343533839807024677e+00 -4.040157475152956340e-02 9.963646599318980446e-01 -7.500118167350017240e-02 -1.790559918941752926e+00 4.228857151739919829e-01 8.505919437694997587e-02 9.021821373590495075e-01 2.771828268070660073e+01
9.015742957933713386e-01 5.470933036061048985e-03 -4.325897066038816297e-01 -8.744494944420267757e+00 -4.083987251028158710e-02 9.965309934807499159e-01 -7.251264652123423637e-02 -1.866690344713771266e+00 4.306923456323570876e-01 8.304244706164107259e-02 8.986701614811646310e-01 2.849981170954954734e+01
8.977089339275012847e-01 6.371554512010891777e-03 -4.405429256198682975e-01 -9.134013147685541512e+00 -4.058846681147145613e-02 9.968394486044594993e-01 -6.829121562441274607e-02 -1.938391415879310298e+00 4.387154533754346053e-01 7.918659661844944242e-02 8.951302909342873093e-01 2.928191353728431068e+01
8.938642088259571850e-01 7.604154263847146510e-03 -4.482732971786743126e-01 -9.546050502618873779e+00 -3.994337203855204133e-02 9.972308092183915784e-01 -6.273149323113576259e-02 -1.993213982469205892e+00 4.465549306026388443e-01 7.397898392219270924e-02 8.916926644755825970e-01 3.008497873498284747e+01
8.901634951099166582e-01 7.161557297251387386e-03 -4.555849645191358821e-01 -9.980111573775623413e+00 -3.791727692616960604e-02 9.975726268790370277e-01 -5.840491655550766187e-02 -2.066499960018846505e+00 4.540608274582150772e-01 6.926446613867322244e-02 8.882742835451588048e-01 3.089146421557584432e+01
8.864171550451362958e-01 6.277749012285446101e-03 -4.628446962141673504e-01 -1.041772929650830548e+01 -3.654993890007694063e-02 9.977352853664275267e-01 -5.646593986606553844e-02 -2.132817585940377736e+00 4.614420139821292510e-01 6.696932333592504893e-02 8.846391251214823503e-01 3.170126485102415614e+01
8.832277223402693611e-01 6.073179652251327332e-03 -4.689050037910182933e-01 -1.086562619308194400e+01 -3.629705212568989925e-02 9.978017369401960268e-01 -5.544562949456736944e-02 -2.198444331770753823e+00 4.675375040030606555e-01 6.599098659870243633e-02 8.815065946280031817e-01 3.251687506770315395e+01
8.801065673919579169e-01 6.646691659762545522e-03 -4.747296567774575426e-01 -1.130315159898503374e+01 -3.641022329212231790e-02 9.979022340841178229e-01 -5.352968256389486340e-02 -2.250113968065162506e+00 4.733779979215230194e-01 6.439683814331305378e-02 8.785023180133278986e-01 3.334178187771021840e+01
8.770904646789938752e-01 5.193376126194712214e-03 -4.802971382588084315e-01 -1.177936990075319201e+01 -3.446793182765743591e-02 9.980441723521166208e-01 -5.215162290180051091e-02 -2.309453974656919595e+00 4.790869250762856968e-01 6.229654032175020034e-02 8.755540324943392738e-01 3.418537748492388317e+01
8.746382829119496716e-01 4.208582004929023977e-03 -4.847578335948592998e-01 -1.226568820703935359e+01 -3.352607691884913754e-02 9.980932617786431038e-01 -5.182511956756374188e-02 -2.372929641244667653e+00 4.836154253520094648e-01 6.158026213509968511e-02 8.731116745800842072e-01 3.501343152528476566e+01
8.725372187870352736e-01 3.940569068533058238e-03 -4.885317482105824283e-01 -1.274144942797649982e+01 -3.374635770225883208e-02 9.980651616160894912e-01 -5.222180167359696118e-02 -2.430142530284796099e+00 4.873807429929072343e-01 6.205163284631363962e-02 8.709819808112830852e-01 3.584878535829302848e+01
8.707748945785981354e-01 3.695287449274264283e-03 -4.916680008193847207e-01 -1.323497466273221868e+01 -3.396458797194561174e-02 9.980351372531048870e-01 -5.265236587524635414e-02 -2.487906550856106236e+00 4.905073834844749237e-01 6.254765954313670773e-02 8.691894510204720703e-01 3.671000218973720308e+01
8.704065123872785081e-01 4.135441680045000463e-03 -4.923163581591460392e-01 -1.373588526509192498e+01 -3.407843286725681375e-02 9.980724168192124379e-01 -5.186628248673621350e-02 -2.551999746384273848e+00 4.911528958834591174e-01 6.192212013611902988e-02 8.688696614837898569e-01 3.759901480073482816e+01
8.702699261478078485e-01 3.415761793537835499e-03 -4.925632785804576752e-01 -1.425091328964278503e+01 -3.248176355830373341e-02 9.981973728852140404e-01 -5.046721568764624827e-02 -2.610949392009749292e+00 4.915029951220190596e-01 5.991942412888785069e-02 8.688121046280447013e-01 3.848489286406572774e+01
8.699930712782669717e-01 2.295674609546092138e-03 -4.930585979279141773e-01 -1.476014087251963325e+01 -3.095674877527651234e-02 9.982706095040664307e-01 -4.997469319897710621e-02 -2.666268833732403198e+00 4.920911899023251435e-01 5.874112806651998059e-02 8.685595808317088107e-01 3.937338208911045712e+01
8.694890975071846162e-01 1.628154252037548096e-03 -4.939494443763283171e-01 -1.526883775358093409e+01 -3.046849982021237677e-02 9.982671456217790951e-01 -5.034259175005896536e-02 -2.734267282245715247e+00 4.930115448920027732e-01 5.882223332113155345e-02 8.680320076167948873e-01 4.026333088453825582e+01
8.682214318192896796e-01 -6.781259723915478328e-04 -4.961764611588394547e-01 -1.581161916232573539e+01 -2.821184363606499615e-02 9.983138500205379628e-01 -5.073015654837356725e-02 -2.796895418510293663e+00 4.953742431854341044e-01 5.804306198239399250e-02 8.667383497707297213e-01 4.119617275220005581e+01
8.667845719318157949e-01 -1.378288025767255816e-03 -4.986808611449072282e-01 -1.632994733184134972e+01 -2.663415126602161967e-02 9.984409561772999986e-01 -4.905383837270074071e-02 -2.864070886347308331e+00 4.979710147138057819e-01 5.580105185177421101e-02 8.653965079563307183e-01 4.208686572065050768e+01
8.647531255643114978e-01 -9.626637308779910449e-04 -5.021962764995738793e-01 -1.688565571319880476e+01 -2.547009575654609476e-02 9.986271422942080145e-01 -4.577231630356363296e-02 -2.924796073036596056e+00 5.015509044526672566e-01 5.237274087102897213e-02 8.635414241293170035e-01 4.303967578781474401e+01
8.619796031507950262e-01 -1.699533495885942151e-03 -5.069401052166168098e-01 -1.742760153181948013e+01 -2.224850220870691273e-02 9.989040351975648768e-01 -4.117927458072764835e-02 -2.987395694062308760e+00 5.064545109837500503e-01 4.677435278873019048e-02 8.609970924728853614e-01 4.394902348947024251e+01
8.581818156580958146e-01 -2.340512821640005053e-03 -5.133405186574306889e-01 -1.797613449680626019e+01 -2.067011592405800652e-02 9.990210833992799744e-01 -3.911037290025165536e-02 -3.045249606190975733e+00 5.129295482687861174e-01 4.417461880373888677e-02 8.572933492727958793e-01 4.481778869734101534e+01
8.529339175237665716e-01 -5.030267797053469825e-03 -5.219946584089371067e-01 -1.854029179972103947e+01 -1.906530525267420909e-02 9.989862647091066750e-01 -4.077937089689355477e-02 -3.112817891419465965e+00 5.216706341468679842e-01 4.473409602354357084e-02 8.519733654435278636e-01 4.574732864808626687e+01
8.469568795118150861e-01 -7.998600055329310385e-03 -5.316014118965602941e-01 -1.910603719855649985e+01 -1.822448230378320710e-02 9.988624386417103151e-01 -4.406469044963578358e-02 -3.168655415450094104e+00 5.313491476619160991e-01 4.700905320579158719e-02 8.458476444851461551e-01 4.662143439411311618e+01
8.408621995467246979e-01 -8.622398329024222666e-03 -5.411805705327622507e-01 -1.970553971014218320e+01 -1.793993930168466880e-02 9.988797135674076788e-01 -4.378899895869232256e-02 -3.234062552396885781e+00 5.409518687942889148e-01 4.652926051688834747e-02 8.397655084805477621e-01 4.752804534646230650e+01
8.351741806473229612e-01 -4.937315165246602272e-03 -5.499633669834899097e-01 -2.030372440644723753e+01 -1.977255722605663485e-02 9.990437394035051044e-01 -3.899554813613939630e-02 -3.276453011206886590e+00 5.496300014712087734e-01 4.344225702093956754e-02 8.342779139039139258e-01 4.840151217062906852e+01
8.296174166532589433e-01 -1.153611503618519850e-03 -5.583310891573086687e-01 -2.089317323814579908e+01 -2.148420715994790731e-02 9.991913079271050879e-01 -3.398763078912483276e-02 -3.344810151405944065e+00 5.579187893736942128e-01 4.019203110864504741e-02 8.289217279723161136e-01 4.928500512347969931e+01
8.258928762216833919e-01 -9.262242039535744211e-04 -5.638262967953541205e-01 -2.151521688900725593e+01 -2.279827566407583925e-02 9.991259686524786021e-01 -3.503623031335742488e-02 -3.396583639601786775e+00 5.633659560549750811e-01 4.179044024825213227e-02 8.251499044268130190e-01 5.017244462754739232e+01
8.222467237891447622e-01 -2.787216158729961812e-03 -5.691243716293024058e-01 -2.212741136318351565e+01 -2.395632962432194327e-02 9.989322243228661025e-01 -3.950323435540702144e-02 -3.447148105546108177e+00 5.686267883210014418e-01 4.611553599016181282e-02 8.213019780577065498e-01 5.105257607149841448e+01
8.194133384995166969e-01 -5.149902813747418880e-03 -5.731799480520429757e-01 -2.274314267652694710e+01 -2.608329466228093835e-02 9.985888147124306613e-01 -4.626057626376486182e-02 -3.522163283783359855e+00 5.726093322762131343e-01 5.285695469535339058e-02 8.181226688132983149e-01 5.189974483086490409e+01
8.161885033021911706e-01 -5.952032693550498611e-03 -5.777550466678633700e-01 -2.336663408481154747e+01 -2.662232323841591183e-02 9.984975030509466443e-01 -4.789559846303838297e-02 -3.579229700096565825e+00 5.771720575803834796e-01 5.447301841945996481e-02 8.148037264279912595e-01 5.276638748123992428e+01
8.130613981275082169e-01 -4.720928923989448425e-03 -5.821588006536596582e-01 -2.399956029116437151e+01 -2.582253101098976392e-02 9.986905428781999161e-01 -4.416329362635944972e-02 -3.641999686772813938e+00 5.816049904561418904e-01 5.094028289798935988e-02 8.118748235628554522e-01 5.362116268541376485e+01
8.096902733022660614e-01 -2.934287021646809178e-03 -5.868501040750797593e-01 -2.463934923247938613e+01 -2.445980509368595943e-02 9.989498148165785185e-01 -3.874255358719880249e-02 -3.700451371509716925e+00 5.863474946700963919e-01 4.572370786712618568e-02 8.087681773003144725e-01 5.450626860956734276e+01
8.066667919240779749e-01 -1.485334044169080983e-03 -5.910046310092299526e-01 -2.529273521745249909e+01 -2.438908470239893947e-02 9.990613355274222673e-01 -3.579972693244017762e-02 -3.762836689645462585e+00 5.905030606934869031e-01 4.329251275444697539e-02 8.058733773487456453e-01 5.536921479720785300e+01
8.036855187673844769e-01 -7.378629261694599631e-04 -5.950538090629275967e-01 -2.592584061477325363e+01 -2.589819141306114181e-02 9.990083104182790885e-01 -3.621711538690770837e-02 -3.813016299805580989e+00 5.944904339157153217e-01 4.451798849643068268e-02 8.028694037228839564e-01 5.621014961321852610e+01
8.000044728747548461e-01 -1.848942204617547852e-03 -5.999911815088170286e-01 -2.658044194322658882e+01 -2.592262133057062976e-02 9.989549804993068660e-01 -3.764259141743282744e-02 -3.866481197103938783e+00 5.994337883334013295e-01 4.566758559190139261e-02 7.991205240047331015e-01 5.706885285326558943e+01
7.960842050066346820e-01 -3.783420371731355345e-03 -6.051740388155608663e-01 -2.723794307530776493e+01 -2.557960324045197714e-02 9.988764534573750797e-01 -3.989379242771633194e-02 -3.928935720293129652e+00 6.046450430258212272e-01 4.723892973265964024e-02 7.950929897987628614e-01 5.790769356069721141e+01
7.918970003476653030e-01 -4.872209427623511863e-03 -6.106352391457763318e-01 -2.789269857107809258e+01 -2.502052386451312713e-02 9.988695586576739061e-01 -4.041754840170332097e-02 -3.981734767365457728e+00 6.101418851041856550e-01 4.728494880963656638e-02 7.908799028552879751e-01 5.875240371132658623e+01
7.874383070183705868e-01 -5.257048997291358279e-03 -6.163710480083343102e-01 -2.858187777290589793e+01 -2.437416728816368949e-02 9.989159543511101358e-01 -3.965874628552044229e-02 -4.039858639904537085e+00 6.159113722464362173e-01 4.625234695055076978e-02 7.864565526123795669e-01 5.962002871003761584e+01
7.825895507433433540e-01 -5.215682328968353557e-03 -6.225161719487319889e-01 -2.925922581121909261e+01 -2.437809357282678252e-02 9.989411627103775837e-01 -3.901617667110700294e-02 -4.100497141613206331e+00 6.220605353210824084e-01 4.570940953420381259e-02 7.816337682176465185e-01 6.044975114083948853e+01
7.772148314383143797e-01 -6.131511577889483741e-03 -6.292054535873641274e-01 -2.996250858018492380e+01 -2.412135467702676561e-02 9.989271994857688020e-01 -3.952986745064787644e-02 -4.158021140662860660e+00 6.287728303345948566e-01 4.590048704596512430e-02 7.762331354762990188e-01 6.128886880681682925e+01
7.718830779336266490e-01 -7.345272138528806394e-03 -6.357220723706302756e-01 -3.065750690918784116e+01 -2.389679716453371391e-02 9.988914422374965962e-01 -4.055650075573912633e-02 -4.220035383008659657e+00 6.353152472217155067e-01 4.649659791868602371e-02 7.708518733607205853e-01 6.212848411208815946e+01
7.666399911795767075e-01 -8.924847941854449976e-03 -6.420151580734650976e-01 -3.136180691325639813e+01 -2.296849112108247104e-02 9.988822263202595808e-01 -4.131278734451619694e-02 -4.280826119033172894e+00 6.416662518371648583e-01 4.641815424695090037e-02 7.655780717769919974e-01 6.293812744395967229e+01
7.608193174586609375e-01 -9.950028722651780080e-03 -6.488874749432230749e-01 -3.207051024232472969e+01 -2.284917118540437039e-02 9.988517994570318415e-01 -4.210698443216344400e-02 -4.333099467543142680e+00 6.485613988799401319e-01 4.686234801373602432e-02 7.597183952973087795e-01 6.377897922235415251e+01
7.544568855901547799e-01 -1.196285778539304609e-02 -6.562405730226749112e-01 -3.279299506832560951e+01 -2.173356732798152613e-02 9.988302647290533409e-01 -4.319437868225984439e-02 -4.399410198403016281e+00 6.559896847994549640e-01 4.685074495063876188e-02 7.533143760974613246e-01 6.458370956740175473e+01
7.484887134139535103e-01 -1.247122540333835128e-02 -6.630302452636918087e-01 -3.354022486527451719e+01 -2.163368197727770156e-02 9.988317779606555868e-01 -4.320952646216257714e-02 -4.464856763753538793e+00 6.627945658924587757e-01 4.668562818729067587e-02 7.473445147999648874e-01 6.542255727129457910e+01
7.421607159284500099e-01 -1.258516235558801953e-02 -6.701037807398306789e-01 -3.429874328702321407e+01 -2.091989075121266153e-02 9.989015253843294140e-01 -4.192971251903294949e-02 -4.524672705742526446e+00 6.698953925408572818e-01 4.513708317784469876e-02 7.410821919314044548e-01 6.624650768030791426e+01
7.360493104847404267e-01 -1.336166248168836612e-02 -6.767960327120782216e-01 -3.503284448174304799e+01 -1.957364036092897053e-02 9.989670158132593070e-01 -4.100943737432976438e-02 -4.590932730379645221e+00 6.766448790464819618e-01 4.343233005502194349e-02 7.350274477517365623e-01 6.703804244903152210e+01
7.294100803336233119e-01 -1.490241806829275574e-02 -6.839143541849276309e-01 -3.581739188685325814e+01 -1.861224584724573486e-02 9.989602387680550644e-01 -4.161761281151814956e-02 -4.647716400523407287e+00 6.838234614163903879e-01 4.308548820491438919e-02 7.283743014925372350e-01 6.785462484112332504e+01
7.230692288765989684e-01 -1.643741730177485094e-02 -6.905799683041414783e-01 -3.658843516122261263e+01 -1.833302427113054495e-02 9.989080630499493907e-01 -4.297187248256981867e-02 -4.717378551310908108e+00 6.905322570333678467e-01 4.373205782313328155e-02 7.219783362584161202e-01 6.864249254041126846e+01
7.170999234735146999e-01 -1.544585446622839288e-02 -6.967991936288369104e-01 -3.737104862968316610e+01 -2.029675322995345282e-02 9.988675958269964683e-01 -4.302984835244799688e-02 -4.777186378002810763e+00 6.966747801078836400e-01 4.499946205413035694e-02 7.159743768003468123e-01 6.943970408884918299e+01
7.116625493118542423e-01 -1.589024630299901847e-02 -7.023417307499487672e-01 -3.819672438846092888e+01 -1.947293114205846457e-02 9.989138368598253770e-01 -4.233144830242138029e-02 -4.841748911061253047e+00 7.022515423061771456e-01 4.380235837037232266e-02 7.105801389876277296e-01 7.026546153036653664e+01
7.069694122719467622e-01 -1.523680115041931536e-02 -7.070799676553976010e-01 -3.899747909725621042e+01 -2.079195691060356857e-02 9.988880064599031661e-01 -4.231365162694412235e-02 -4.903157121954818010e+00 7.069384361911551506e-01 4.461603343911901137e-02 7.058664649231809474e-01 7.106152166868793074e+01
7.021530574120841139e-01 -1.588479227179804068e-02 -7.118488237552181852e-01 -3.982679366845512448e+01 -2.072395040366664665e-02 9.988716386817374504e-01 -4.273133922737876872e-02 -4.969376305776193270e+00 7.117243918042320816e-01 4.475625999954753464e-02 7.010315804057388744e-01 7.184874959510696613e+01
6.967276825755087666e-01 -1.818553008400050630e-02 -7.171051619120454301e-01 -4.065354927175359734e+01 -2.043530749740655669e-02 9.987696881449918962e-01 -4.518305305568517255e-02 -5.039727861503510375e+00 7.170445890705542391e-01 4.613454814407485366e-02 6.954988643460288111e-01 7.263597068908643450e+01
6.915349070813044952e-01 -2.054035007958072284e-02 -7.220509376754108422e-01 -4.149384005181692459e+01 -2.003949006850289441e-02 9.986653518943661156e-01 -4.760182553546657425e-02 -5.102967817020270580e+00 7.220650243757986697e-01 4.738785640739348604e-02 6.902003341901519207e-01 7.341990342482277754e+01
6.869211996034311207e-01 -2.066301291428356002e-02 -7.264380879430010207e-01 -4.235112216072079860e+01 -2.155937181309433917e-02 9.985763331077970317e-01 -4.879037279500725993e-02 -5.162913511186746796e+00 7.264120507201101695e-01 4.917669007391620856e-02 6.854977720656116880e-01 7.420524498640739353e+01
6.818851628729563075e-01 -2.037530069449068268e-02 -7.311753974509330734e-01 -4.321161178463856345e+01 -2.108892477350185826e-02 9.986487750638002314e-01 -4.749611930156323603e-02 -5.244623139593206140e+00 7.311551753462400827e-01 4.780660180951980948e-02 6.805340904704169080e-01 7.500209505845454316e+01
6.769728645432910863e-01 -2.074942488331283502e-02 -7.357154286724982839e-01 -4.406845359234466031e+01 -2.009537440133500955e-02 9.987087923576073445e-01 -4.665751843821797779e-02 -5.307930946228474944e+00 7.357335966556838303e-01 4.637035069561953882e-02 6.756817855686424457e-01 7.577632161192981641e+01
6.717595729503516022e-01 -2.129398614342397841e-02 -7.404631200344296005e-01 -4.493225893558075512e+01 -1.972548495221290721e-02 9.987181025131424139e-01 -4.661605932165675814e-02 -5.384502758335873551e+00 7.405065767193468318e-01 4.592077802084009591e-02 6.704784128688903166e-01 7.654126929928932555e+01
6.671239455163676668e-01 -2.196737916641863450e-02 -7.446227671062172204e-01 -4.580827518751248562e+01 -1.930429459397568770e-02 9.987196633414129332e-01 -4.675872426775101037e-02 -5.451117342683982514e+00 7.446965787552659588e-01 4.556828165864564018e-02 6.658457385502216663e-01 7.732577254047987481e+01
6.627142560601040344e-01 -2.283689004037876141e-02 -7.485240683439683407e-01 -4.671510625787573190e+01 -1.829437753123948351e-02 9.987429162925591797e-01 -4.666800760369538281e-02 -5.521718324596643690e+00 7.486488760097760320e-01 4.462133560734012766e-02 6.614633831197136438e-01 7.810177023062850310e+01
6.585284452852885329e-01 -2.366308821288644337e-02 -7.521837106285139685e-01 -4.759698845954017798e+01 -1.700314936308286451e-02 9.987825383484483233e-01 -4.630695441152954395e-02 -5.589768643341940901e+00 7.523637343374415254e-01 4.328393842905278038e-02 6.573243661804084592e-01 7.888193537242744924e+01
6.546241278650652973e-01 -2.616227923635037686e-02 -7.555016716106325303e-01 -4.850235588823482402e+01 -1.431801554738981741e-02 9.987925774433153991e-01 -4.699342181174977900e-02 -5.661374254660557881e+00 7.558189299205696488e-01 4.158031218665693418e-02 6.534591290579189193e-01 7.964338427066043380e+01
6.503850663590430292e-01 -3.063963574065870291e-02 -7.589864738818051793e-01 -4.940634857184541318e+01 -1.135660986186727735e-02 9.986822657627233424e-01 -5.004757210703324882e-02 -5.749316619567824027e+00 7.595197839094905978e-01 4.116970651418128818e-02 6.491800703568881836e-01 8.042741732020199663e+01
6.455377645518146634e-01 -3.472865687583628208e-02 -7.629383357683374722e-01 -5.031511045962965767e+01 -7.737260096886756575e-03 9.986169388625749654e-01 -5.200330974424010461e-02 -5.811237558578461915e+00 7.636891636914588943e-01 3.947315238116679698e-02 6.443762427681499760e-01 8.119267022539757761e+01
6.392453117235150639e-01 -3.875585913110505404e-02 -7.680256531828961730e-01 -5.125006105471879891e+01 -2.013457583736522841e-03 9.986414615982702747e-01 -5.206896537625795712e-02 -5.888962861003347093e+00 7.690002516088264573e-01 3.483122875271413982e-02 6.382988402110053583e-01 8.195401473240107748e+01
6.308171793132907323e-01 -4.216673046970470518e-02 -7.747849005190277083e-01 -5.216969750259462302e+01 2.531499908485369387e-03 9.986288350906905587e-01 -5.228805996278269169e-02 -5.974920513951063938e+00 7.759273725885522666e-01 3.102283822831835083e-02 6.300589710872133153e-01 8.271919414867522846e+01
6.218582967639812997e-01 -4.316919295116047883e-02 -7.819390438413343913e-01 -5.311380254089230135e+01 5.038836590293672112e-03 9.986794124100912828e-01 -5.112769632305985690e-02 -6.054615872336023941e+00 7.831135797655682795e-01 2.785411868889217310e-02 6.212546020141948011e-01 8.346285367616540896e+01
6.131227139042404461e-01 -4.262163466373686260e-02 -7.888370696957498485e-01 -5.408205403294309122e+01 6.960475918674401130e-03 9.987962131411047828e-01 -4.855590968733922846e-02 -6.124130377518462787e+00 7.899570238968937064e-01 2.428004925902048361e-02 6.126813128009247489e-01 8.421203307109136915e+01
6.042089898011735460e-01 -4.249778399845058341e-02 -7.956917891914864205e-01 -5.508428774334203837e+01 6.620802406066533981e-03 9.988100217265034608e-01 -4.831878982931115535e-02 -6.205908805731715105e+00 7.967983885179272807e-01 2.392652863289468010e-02 6.037713647717682930e-01 8.495081138413864608e+01
5.946865932135664279e-01 -4.300474298335316137e-02 -8.028065994547779471e-01 -5.606003141970779069e+01 4.479798980316729816e-03 9.987300669686464127e-01 -5.018151764214801025e-02 -6.271513986985747025e+00 8.039451460010890171e-01 2.624586315341065346e-02 5.941240347894404250e-01 8.565544454706355282e+01
5.846835604799407449e-01 -4.532150109287042677e-02 -8.099944960569749330e-01 -5.703978715378332964e+01 5.677191647377228048e-03 9.986424366598501967e-01 -5.177888732556838042e-02 -6.361702010478039071e+00 8.112415881449593913e-01 2.567576977258771709e-02 5.841471154902914131e-01 8.635619411114608113e+01
5.750430689855003941e-01 -4.668100632133018180e-02 -8.167902670045414926e-01 -5.804235417285459420e+01 5.654394202757254649e-03 9.985737544580977065e-01 -5.308940297554655408e-02 -6.428056554626100372e+00 8.181036044250772354e-01 2.591023862563780755e-02 5.744868703231030826e-01 8.705838191265861781e+01
5.646249895799335672e-01 -4.782923223931342949e-02 -8.239605411060363371e-01 -5.907197680836607390e+01 8.475224878338695131e-03 9.986028206766411897e-01 -5.215915135597233576e-02 -6.510833982414255594e+00 8.253040669082520875e-01 2.246710893628356409e-02 5.642414718682003949e-01 8.775200448493274052e+01
5.543018758228547282e-01 -4.774790985164154011e-02 -8.309449771097607851e-01 -6.010966291625805269e+01 9.938548510816457016e-03 9.986616552357777676e-01 -5.075552761967684623e-02 -6.597197467536710214e+00 8.322563710004602378e-01 1.987549669608340216e-02 5.540345748882784527e-01 8.845699702536199993e+01
5.439032416052798080e-01 -4.786801238574173861e-02 -8.377815373889424544e-01 -6.115443330227424923e+01 9.751982332886209234e-03 9.986648334881548239e-01 -5.072917468005748443e-02 -6.688255326602549289e+00 8.390912788095480357e-01 1.942173128463453927e-02 5.436438493925296322e-01 8.913592565795366340e+01
5.336900931257037017e-01 -4.886505630198959699e-02 -8.442671839042846793e-01 -6.219321163363989058e+01 8.922434309123816742e-03 9.985990164240521327e-01 -5.215740151098645361e-02 -6.758855222287238007e+00 8.456330684313200230e-01 2.030296946930386370e-02 5.333783985043879516e-01 8.978062916170378571e+01
5.234315870852942476e-01 -4.972130636269585235e-02 -8.506157488553401924e-01 -6.327888304858026913e+01 8.441562311691941031e-03 9.985495830256635452e-01 -5.317396199784252264e-02 -6.834836755886259496e+00 8.520258949238703750e-01 2.065240495929563172e-02 5.230921197200971706e-01 9.043072655574489715e+01
5.137266875551559364e-01 -5.027797990597934058e-02 -8.564794229454787411e-01 -6.435861726387322790e+01 6.700663967782859859e-03 9.984860937518950097e-01 -5.459506990580689778e-02 -6.927037442109752696e+00 8.579277380580964119e-01 2.230796310866592358e-02 5.132858505570503382e-01 9.106359128948213311e+01
