1.0 0.0 0.0 0.0 0.0 1.0 0.0 0.0 0.0 0.0 1.0 0.0
0.39285454 0.9193389 0.026213314 7.186035 -0.9196097 0.39307734 -0.0037488556 5.2834473 -0.01375203 -0.0226338 0.9996492 0.024047852
-0.19105792 0.9808222 0.036064625 14.064453 -0.98140854 -0.1904547 -0.019518755 1.2669678 -0.0122615835 -0.03912415 0.99915874 -0.1895752
-0.75133055 0.65945613 0.041786443 16.254639 -0.6607613 -0.75026226 -0.040302835 -4.7923584 0.0047366833 -0.057888128 0.9983135 -0.43078613
-0.77446747 0.631474 0.040904358 13.354858 -0.63278323 -0.77326655 -0.04333927 -9.781738 0.0042747185 -0.059414994 0.99822336 -0.5194092
-0.99833643 -0.05798458 0.02326584 11.064941 0.056572653 -0.9970399 -0.05735588 -13.8186035 0.026505727 -0.05592725 0.9980831 -0.64001465
-0.62321055 -0.78239393 0.004092252 7.479248 0.78114414 -0.62249565 -0.05348336 -15.484741 0.0444024 -0.030127063 0.99856013 -0.6680908
-0.7604721 -0.6488138 0.0047608055 4.0966797 0.6478604 -0.75971425 -0.049103394 -13.414307 0.03547183 -0.034280982 0.998782 -0.52111816
-0.09942614 -0.9949494 -0.0118764555 1.1689453 0.9945038 -0.09898281 -0.03340173 -11.997681 0.032051627 -0.015134362 0.99937147 -0.46166992
-0.37006578 -0.92893577 -0.008209193 1.1900635 0.92863154 -0.3696765 -0.030348234 -9.305176 0.025149843 -0.018845223 0.9995059 -0.37683105
0.13719444 -0.9906063 -0.001305989 1.0119629 0.9905591 0.13720067 -0.009671511 -7.687744 0.00975717 3.3823308e-05 0.99995244 -0.3284912
-0.12411069 -0.9922111 -0.00026316196 1.2576904 0.9921803 -0.12410474 -0.007916387 -7.000244 0.007821325 -0.001244396 0.99996865 -0.2998047
0.17029893 -0.98538774 0.00062863994 1.1975098 0.98537433 0.1702932 -0.0053715464 -7.111206 0.005185947 0.0015355134 0.9999854 -0.32836914
-0.0069954456 -0.9999702 -0.0023277942 1.2629395 0.9999722 -0.0069925836 -0.001230184 -6.468994 0.0012123697 -0.002336531 0.99999654 -0.3133545
0.26803067 -0.9633486 0.0051117167 1.2969971 0.9633593 0.268039 0.0009980798 -6.5458984 -0.0023309328 0.0046557025 0.99998647 -0.31677246
0.11708545 -0.9931366 0.0061889337 1.296875 0.9931332 0.1171226 0.006030295 -5.8095703 -0.00671101 0.0054389946 0.9999627 -0.30749512
0.37080044 -0.9286554 0.014786392 1.4398193 0.9287165 0.37090647 0.005128678 -6.1070557 -0.010246463 0.0118256295 0.99987763 -0.32141113
0.23381299 -0.9720836 0.014163958 1.4918213 0.9721319 0.23392963 0.007207688 -5.328125 -0.010321587 0.012080888 0.99987376 -0.31848145
0.45774817 -0.8888741 0.019651378 1.788208 0.88897514 0.4579339 0.006041389 -5.5617676 -0.014373288 0.014707939 0.9997886 -0.33361816
0.39576355 -0.9182431 0.017067444 1.5130615 0.91826576 0.39595637 0.009846641 -4.9282227 -0.015794482 0.011772246 0.99980587 -0.3355713
0.5413803 -0.8403847 0.018293677 2.1906738 0.8403548 0.5416124 0.01155648 -5.045166 -0.019621762 0.00911465 0.999766 -0.35351562
0.49381495 -0.8694409 0.018337572 1.9318848 0.86940664 0.49405837 0.012460481 -4.3640137 -0.019891463 0.009790136 0.99975425 -0.3548584
0.6178089 -0.78615177 0.021291213 2.7540283 0.7860568 0.61812663 0.014483502 -4.5126953 -0.024543528 0.0077856295 0.9996685 -0.3618164
0.56843907 -0.8224511 0.020314857 2.5211182 0.8223436 0.5687468 0.015462372 -3.7718506 -0.024276368 0.007913476 0.9996742 -0.3692627
0.677826 -0.7349185 0.021619178 3.354248 0.7348082 0.67814183 0.014190069 -3.9561768 -0.025088085 0.0062700193 0.9996655 -0.3812256
0.6823754 -0.73060656 0.02306925 3.2320557 0.7306112 0.6826897 0.009816675 -3.284546 -0.022921398 0.010159064 0.9996856 -0.39501953
0.72598267 -0.68733203 0.022884311 4.1572266 0.6874068 0.72625035 0.00566446 -3.2315674 -0.020514846 0.011618825 0.99972206 -0.4025879
0.7245337 -0.68888015 0.022682099 4.1640625 0.689038 0.7247376 0.0011495668 -2.5679932 -0.017228398 0.014794014 0.99974215 -0.42382812
0.7599068 -0.64959925 0.02304673 5.102295 0.6497674 0.7601125 0.00024841167 -2.392456 -0.017679362 0.0147902705 0.9997342 -0.43347168
0.7520774 -0.65860516 0.024600893 5.1204834 0.6588257 0.75228566 -0.0011625178 -1.8309326 -0.017739125 0.01708204 0.9996967 -0.4486084
0.77969706 -0.62560904 0.02615151 6.1105957 0.62584543 0.779945 -0.0011160774 -1.5428467 -0.019698234 0.017236726 0.9996574 -0.45812988
0.77310455 -0.6338135 0.027725555 6.269409 0.6340253 0.7734268 0.001459471 -1.1342773 -0.02236788 0.016450834 0.9996143 -0.46777344
0.79447323 -0.6065399 0.028597077 7.2489014 0.60672283 0.79484326 0.0027644865 -0.7034912 -0.024406623 0.015155407 0.99958724 -0.49328613
0.79024607 -0.61198145 0.029885503 7.385254 0.6121303 0.79068017 0.0049595716 -0.2803955 -0.026664395 0.014374677 0.9995411 -0.5008545
0.8077783 -0.5885736 0.031189429 8.469727 0.58869 0.8082707 0.006284372 0.19628906 -0.028909352 0.013281764 0.999494 -0.5194092
0.80245256 -0.59571046 0.033360317 8.609131 0.5958058 0.80303437 0.008096373 0.6101074 -0.031612225 0.013384482 0.9994104 -0.53686523
0.819096 -0.5725111 0.03447386 9.721191 0.572622 0.81970894 0.007543713 1.0999756 -0.032579456 0.013564109 0.99937713 -0.5596924
0.8164578 -0.576298 0.03701513 9.851929 0.5763341 0.81720024 0.01076037 1.5273438 -0.03644829 0.012544916 0.9992567 -0.58154297
0.83178973 -0.55363816 0.039295334 11.040283 0.5535811 0.83264863 0.013313867 2.0 -0.04009044 0.010677239 0.99913925 -0.61120605
0.82990557 -0.55628836 0.043350484 11.2282715 0.5561442 0.8309708 0.016434018 2.4285889 -0.045162775 0.010465441 0.99892485 -0.6307373
0.8447622 -0.5332351 0.04513245 12.429321 0.5330478 0.84591246 0.017098445 2.8580322 -0.047291867 0.009613911 0.99883467 -0.65771484
0.8473813 -0.52902377 0.046051025 12.602905 0.5287834 0.8485853 0.018250234 3.3048096 -0.0487324 0.008884168 0.9987724 -0.6842041
0.8593171 -0.50946546 0.045008298 13.814697 0.5092625 0.86045235 0.01672432 3.7180176 -0.0472498 0.008547657 0.99884677 -0.70739746
0.86297786 -0.50319207 0.04498552 14.038818 0.50298744 0.8641089 0.01658388 4.1191406 -0.047220413 0.008311956 0.9988505 -0.74401855
0.87825334 -0.4763266 0.04275228 15.27002 0.4760955 0.87927115 0.016090449 4.5286865 -0.04525303 0.006220367 0.9989562 -0.772583
0.8863529 -0.46105853 0.040950343 15.505615 0.46065634 0.88729644 0.01933411 4.9156494 -0.045252632 0.0017316006 0.9989742 -0.8067627
0.9015679 -0.43092698 0.03925747 16.758545 0.43045664 0.9024211 0.02016835 5.295532 -0.044116452 -0.0012880862 0.99902564 -0.8408203
0.9129069 -0.40625623 0.039021946 17.040771 0.4056528 0.91372764 0.022657225 5.6293945 -0.04486308 -0.0048513124 0.9989813 -0.8684082
0.9296974 -0.36614177 0.03875335 18.31604 0.36561927 0.9304943 0.020062665 5.9714355 -0.043408092 -0.0044738706 0.9990469 -0.89904785
0.93907666 -0.34158036 0.03858967 18.631226 0.34097633 0.9398427 0.021483844 6.2662354 -0.043605894 -0.007019769 0.9990244 -0.9165039
0.9515551 -0.30523953 0.036590524 19.92871 0.30471843 0.9522323 0.019187793 6.554077 -0.040701754 -0.007100786 0.9991454 -0.9465332
0.9589694 -0.28145847 0.03385572 20.247437 0.28085887 0.9595037 0.021421228 6.775757 -0.03851426 -0.011031336 0.99919695 -0.97302246
0.97009444 -0.24064799 0.031322934 21.576172 0.24029186 0.9705765 0.014732325 7.0108643 -0.033947587 -0.0067633553 0.9994006 -0.99450684
0.97497445 -0.22052686 0.027830165 21.922363 0.22034982 0.975367 0.00931576 7.1568604 -0.0291995 -0.0029502576 0.9995694 -1.0145264
0.9833489 -0.17999823 0.024533277 23.225586 0.18007506 0.9836406 -0.0009393245 7.329712 -0.02396275 0.0053436887 0.99969846 -1.0272217
0.9861003 -0.1644894 0.022447739 23.614502 0.16464823 0.9863148 -0.0053971037 7.444336 -0.02125107 0.009022985 0.99973315 -1.0311279
0.99186575 -0.12577292 0.01909562 24.907959 0.12609781 0.9918652 -0.016849434 7.525757 -0.016817614 0.01912335 0.99967504 -1.0471191
0.9941702 -0.107021645 0.011639787 25.351074 0.107261546 0.9939604 -0.022357173 7.6535645 -0.009168932 0.023478862 0.9996812 -1.0362549
0.9959712 -0.0892336 -0.003466256 26.445068 0.08911011 0.99563307 -0.026494501 7.6254883 0.0058347173 0.026075495 0.99964 -1.0313721
0.99546695 -0.09315534 -0.017825041 26.953491 0.09262892 0.99527454 -0.028233495 7.6032715 0.020384353 0.026444538 0.9994395 -1.0073242
0.994602 -0.09884513 -0.030528372 27.770874 0.09805378 0.9948028 -0.026280744 7.526245 0.032981995 0.023126874 0.9991836 -0.97546387
0.9920859 -0.11894639 -0.039725456 28.36206 0.11779913 0.99256486 -0.030018391 7.4971924 0.043008782 0.025089549 0.99875677 -0.9536133
0.9919314 -0.11971197 -0.041291066 29.13794 0.118534476 0.99248457 -0.0298346 7.4656982 0.04455911 0.024688423 0.998699 -0.90441895
0.99219394 -0.1177516 -0.04049278 29.871704 0.116558716 0.9926911 -0.030580435 7.567627 0.04380786 0.025606684 0.9987076 -0.85375977
0.9938078 -0.10498146 -0.03550388 30.725342 0.103945024 0.9941072 -0.029754816 7.5722656 0.038432766 0.025860095 0.99892116 -0.8078613
0.9943317 -0.1010787 -0.032383375 31.437866 0.10007751 0.9944753 -0.031071022 7.6505127 0.035355836 0.02764167 0.99898857 -0.7576904
0.99474674 -0.0975892 -0.03027657 32.302734 0.09663285 0.9948031 -0.031481385 7.6448975 0.033202045 0.028378412 0.9990419 -0.7010498
0.9939063 -0.10521649 -0.032384165 33.0271 0.10410288 0.9939602 -0.034273 7.7144775 0.03580328 0.030684266 0.99888504 -0.6588135
0.9939727 -0.10452448 -0.032522637 33.804443 0.10341489 0.9940387 -0.034036458 7.701416 0.035895087 0.030457824 0.9988884 -0.61987305
0.9947147 -0.09735314 -0.032034393 34.598022 0.09638714 0.99486256 -0.030340595 7.82666 0.034833297 0.02708062 0.99902266 -0.5797119
0.9955348 -0.089145 -0.030397087 35.38037 0.08833659 0.9957095 -0.026852926 7.8464355 0.03267133 0.024034586 0.9991729 -0.5500488
0.9951771 -0.09275106 -0.031442873 36.170654 0.09187841 0.995359 -0.028075753 7.9418945 0.033909034 0.025042433 0.9991086 -0.5057373
0.9949521 -0.094901115 -0.03190794 36.939697 0.09397363 0.9951215 -0.02928478 7.9714355 0.034543943 0.026123907 0.9990572 -0.4678955
0.9946969 -0.097210504 -0.03302702 37.743774 0.096228704 0.9948878 -0.03003083 8.072632 0.035787344 0.026682066 0.9989999 -0.43408203
0.9943841 -0.09981225 -0.034580357 38.624634 0.098782465 0.99463 -0.030207466 8.137451 0.03742089 0.02660863 0.9989413 -0.40856934
0.9940628 -0.10275669 -0.035062186 39.513916 0.10166815 0.99429774 -0.031410165 8.25415 0.03810326 0.027642492 0.99888647 -0.36730957
0.99371076 -0.10608238 -0.03547826 40.41272 0.1049542 0.99394166 -0.03222527 8.353394 0.038688872 0.028291026 0.9988485 -0.34033203
0.9931458 -0.110814154 -0.03659126 41.364624 0.10965931 0.9934301 -0.032105327 8.47583 0.039918967 0.02785938 0.9988107 -0.30908203
0.9924665 -0.11637696 -0.03782066 42.2854 0.115203574 0.9928159 -0.03178905 8.599243 0.041256465 0.027180897 0.99877584 -0.27697754
0.99179184 -0.121672034 -0.03879136 43.230957 0.120508775 0.99220943 -0.030986212 8.72522 0.042267192 0.026045572 0.9987642 -0.23632812
0.9913945 -0.124734476 -0.039395865 44.191406 0.123683736 0.99191314 -0.028032329 8.850342 0.04257981 0.022910336 0.9988283 -0.20092773
0.99133617 -0.1251718 -0.039255302 45.14673 0.12431604 0.9919441 -0.023489924 8.992554 0.041886542 0.018393535 0.9989504 -0.16149902
0.99115777 -0.12675989 -0.03887374 46.13977 0.12605101 0.9918062 -0.020162432 9.131958 0.04111434 0.015076641 0.9990394 -0.10266113
0.99128836 -0.1259062 -0.0379377 47.12793 0.12528798 0.991927 -0.01822546 9.267212 0.039932147 0.013298197 0.9991113 -0.057250977
0.99145085 -0.1249006 -0.036940973 48.12744 0.12430369 0.9920526 -0.018003268 9.407837 0.038902514 0.013241092 0.99915254 -0.007080078
0.99141085 -0.12552488 -0.036287952 49.164062 0.124944545 0.991989 -0.017823078 9.528809 0.038238216 0.013127248 0.9991809 0.037231445
0.99143076 -0.12553129 -0.035620287 50.208496 0.12495841 0.99198276 -0.017862627 9.661377 0.037581272 0.013249507 0.99920434 0.083496094
0.9914386 -0.12585154 -0.034538854 51.239258 0.12530929 0.9919562 -0.017429264 9.797241 0.03645697 0.012946693 0.9992503 0.13549805
0.99142706 -0.12590677 -0.034531195 52.289795 0.12543464 0.9919679 -0.015501011 9.936279 0.036208495 0.011029074 0.999282 0.17919922
0.9915093 -0.12540907 -0.033677872 53.31006 0.12496667 0.9920265 -0.014906392 10.082642 0.035283707 0.01055821 0.99931926 0.23144531
0.9912336 -0.12762232 -0.033655774 54.3667 0.12724152 0.99176663 -0.013212405 10.226807 0.035067927 0.008804957 0.9993447 0.2845459
0.99120754 -0.1281848 -0.03248339 55.400146 0.12782629 0.99170285 -0.012882087 10.351807 0.03386673 0.00861163 0.99938846 0.32580566
0.9909257 -0.13073874 -0.030445177 56.433594 0.130383 0.9913513 -0.01336662 10.495239 0.031933818 0.009264018 0.99944514 0.375
0.9905378 -0.13423032 -0.028350592 57.47583 0.13387553 0.9908923 -0.014057594 10.622925 0.029980525 0.010124877 0.9994985 0.41662598
0.990248 -0.13651599 -0.027070565 58.530273 0.13619688 0.9905735 -0.013286568 10.774658 0.02863249 0.0094618 0.99954414 0.4720459
0.9898854 -0.13912025 -0.026623636 59.541992 0.1387685 0.9901857 -0.014610135 10.9279785 0.028400708 0.010756871 0.9995376 0.50756836
0.98949695 -0.14189142 -0.027250612 60.58423 0.14153668 0.9898168 -0.01452907 11.06604 0.029036151 0.010514249 0.9995223 0.55578613
0.98958546 -0.14082539 -0.029058162 61.587646 0.14047123 0.98996556 -0.013884163 11.2039795 0.030724777 0.009649644 0.9994804 0.5991211
0.98997986 -0.1376609 -0.030554514 62.590332 0.1373681 0.9904264 -0.011475831 11.345215 0.031845454 0.0071528684 0.99946606 0.65649414
0.9905731 -0.13312769 -0.031717382 63.62451 0.13285491 0.99106216 -0.0105534885 11.461304 0.032840975 0.0062318426 0.9994401 0.70373535
0.99147195 -0.12653352 -0.03050641 64.6272 0.12627542 0.9919221 -0.010238793 11.616455 0.031558003 0.0062908567 0.9994812 0.7390137
0.99238247 -0.11998952 -0.027193269 65.6228 0.11968346 0.9927128 -0.0125947 11.754883 0.028510297 0.00923545 0.99954957 0.7874756
0.993218 -0.113198206 -0.0256701 66.646484 0.112992935 0.9935304 -0.009298297 11.865356 0.02655933 0.0063255676 0.9996261 0.8334961
0.9936988 -0.108899646 -0.025656115 67.64429 0.10868483 0.9940082 -0.009606632 11.984131 0.026551511 0.0067477096 0.99962336 0.88134766
0.9941709 -0.10424841 -0.026255338 68.63428 0.10401944 0.9944941 -0.00990737 12.101685 0.027148498 0.007102849 0.999604 0.92285156
0.99463123 -0.09974475 -0.026890738 69.62598 0.0995525 0.9949801 -0.008378713 12.2039795 0.027593851 0.005646852 0.99960166 0.9675293
0.99506617 -0.095059305 -0.027084718 70.636475 0.09488657 0.9954252 -0.0075568035 12.307495 0.027683763 0.0049298657 0.9996015 1.0074463
0.9954442 -0.09133096 -0.026808873 71.608154 0.091182105 0.9957973 -0.0067102 12.410278 0.027310863 0.0042267917 0.99961674 1.050415
0.99591464 -0.08668385 -0.024235118 72.58252 0.08652015 0.9961958 -0.0076887375 12.488159 0.024813166 0.0055467156 0.9996746 1.0825195
0.996369 -0.08261991 -0.019372506 73.57251 0.08246408 0.9965336 -0.00866778 12.60144 0.02002567 0.0070285285 0.9997734 1.1014404
0.99664545 -0.08029576 -0.013950704 74.56641 0.080184884 0.99671835 -0.0082713 12.67688 0.014574367 0.00711524 0.9998674 1.1434326
0.9964673 -0.0825449 -0.014327281 75.54785 0.08244163 0.9965502 -0.0076185693 12.743164 0.014909763 0.0064042127 0.9998676 1.1959229
0.99651223 -0.08141654 -0.016606594 76.51074 0.081304826 0.99663436 -0.0072451765 12.80896 0.017145133 0.00585812 0.9998345 1.2285156
0.9965627 -0.08059388 -0.01773661 77.45679 0.08042085 0.9966833 -0.010193055 12.872314 0.018505327 0.008720292 0.99978906 1.2684326
0.99651265 -0.08121703 -0.017802041 78.44141 0.08099596 0.9966089 -0.012725333 12.940918 0.01878226 0.011228541 0.9997589 1.3062744
0.99648535 -0.08175879 -0.016922401 79.40161 0.08152685 0.9965518 -0.013891408 13.028442 0.01800663 0.012453469 0.9997587 1.3278809
0.9965742 -0.08097401 -0.015433484 80.35376 0.08076583 0.9966183 -0.013588469 13.118286 0.016488623 0.012287138 0.9997873 1.3349609
0.99657154 -0.08133312 -0.013165833 81.32788 0.08115839 0.99658537 -0.013205133 13.206177 0.01420334 0.012082202 0.9998247 1.3543701
0.9966711 -0.08051592 -0.010921781 82.27612 0.08039498 0.99667984 -0.011028115 13.307007 0.0117791295 0.010107159 0.99987876 1.345581
0.9967021 -0.08026876 -0.009961285 83.21948 0.080190234 0.99672616 -0.008000777 13.40918 0.010574923 0.0071701454 0.9999178 1.3547363
0.99631965 -0.08482037 -0.009427259 84.19116 0.084767826 0.9963522 -0.005796493 13.4852295 0.009888487 0.0049686297 0.9999382 1.4147949
0.99602604 -0.08834881 -0.007938681 85.13135 0.08830013 0.9960426 -0.0062423637 13.558594 0.008463066 0.0055107265 0.99994856 1.4575195
0.995373 -0.095372185 -0.008031004 86.08179 0.09530416 0.9953764 -0.008410921 13.646973 0.008801935 0.007600512 0.9999318 1.4714355
0.9944185 -0.104906246 -0.00808892 87.028076 0.104817085 0.9944031 -0.010698402 13.740356 0.009172177 0.009785877 0.9999095 1.5135498
0.9935935 -0.11266573 -0.0059372084 87.96509 0.112574935 0.9935248 -0.013843466 13.8428955 0.0074635404 0.013083907 0.99988616 1.5455322
0.99209267 -0.1251927 -0.0048096552 88.90454 0.125102 0.9919879 -0.015905142 13.960693 0.006769403 0.015174721 0.9998614 1.5489502
0.9904885 -0.13738018 -0.0054262793 89.83667 0.1372798 0.9903907 -0.015817333 14.099976 0.0075506987 0.014920464 0.9998599 1.5554199
0.98859227 -0.15046446 -0.0004968648 90.77417 0.15044168 0.98849046 -0.014416044 14.244019 0.0026643318 0.014176382 0.99989575 1.5893555
0.98653203 -0.163491 0.0009988863 91.704346 0.16348964 0.9864424 -0.013347277 14.396362 0.0011984184 0.013330795 0.99991035 1.6025391
0.9844685 -0.17548986 0.0014330689 92.62036 0.17549211 0.9843629 -0.014450983 14.564331 0.0011271937 0.014478125 0.9998945 1.6040039
0.9816483 -0.19058618 0.0022087758 93.55737 0.190597 0.98151946 -0.015911344 14.737915 0.00086782314 0.016040511 0.99987084 1.6328125
0.9792394 -0.20257582 -0.0018287044 94.46924 0.2025166 0.9791064 -0.016960368 14.930542 0.005229113 0.016237384 0.9998543 1.6392822
0.9766854 -0.21438333 -0.009261708 95.362305 0.21415846 0.9765584 -0.020739306 15.1311035 0.0134958625 0.018270088 0.9997416 1.6616211
0.97300285 -0.23025171 -0.014491953 96.26367 0.22991876 0.9729514 -0.021521814 15.338989 0.01905888 0.017606325 0.999663 1.6832275
0.9705268 -0.2405258 -0.012700243 97.1543 0.2402297 0.97045195 -0.02118991 15.571411 0.017425608 0.017511096 0.9996945 1.6948242
0.96735096 -0.25318804 -0.00860795 98.059814 0.25299728 0.9672583 -0.018701829 15.808594 0.01306559 0.015912166 0.9997878 1.7316895
0.96451324 -0.26378858 -0.010495032 98.94043 0.26360554 0.96448565 -0.016122866 16.057373 0.014376933 0.012783626 0.99981475 1.7541504
0.9624409 -0.27085832 -0.017563002 99.81909 0.27063158 0.9625595 -0.014250003 16.324585 0.020766247 0.008959396 0.99974406 1.7813721
0.9607192 -0.27611896 -0.026873646 100.70825 0.27597293 0.9610943 -0.009072246 16.58899 0.028334249 0.0012961784 0.9995975 1.8066406
0.9592675 -0.28078264 -0.030458728 101.60205 0.28070763 0.9597486 -0.006799529 16.85791 0.031142553 -0.0020292387 0.9995129 1.8486328
0.95811033 -0.2845729 -0.031555407 102.4834 0.28457263 0.9586191 -0.0045991726 17.133545 0.03155831 -0.004577499 0.9994912 1.8890381
0.95656765 -0.28967538 -0.031942498 103.376465 0.28974205 0.957077 -0.0026266477 17.4104 0.031332385 -0.0067456514 0.9994862 1.9309082
0.95524323 -0.29438305 -0.028329957 104.25513 0.29445893 0.9556385 -0.0015518973 17.687744 0.02753021 -0.0068616504 0.99959743 1.9688721
0.953453 -0.30041704 -0.024798112 105.133545 0.30049205 0.9537514 -0.0007350715 17.956299 0.02387172 -0.00675375 0.99969226 1.9971924
0.9512775 -0.30750597 -0.021643246 106.038086 0.3075763 0.9515009 -8.6458866e-05 18.246338 0.020620327 -0.006576441 0.9997658 2.0374756
0.9493096 -0.31345928 -0.02351784 106.899414 0.31365716 0.9495216 0.005159937 18.540894 0.020713009 -0.01227622 0.9997101 2.0688477
0.9469579 -0.3199638 -0.029588714 107.72827 0.32041335 0.9471944 0.011817582 18.83374 0.024242254 -0.020674285 0.999492 2.0881348
0.9448797 -0.32585797 -0.031919148 108.60181 0.3263225 0.94520104 0.010463742 19.143188 0.026758038 -0.020307008 0.99943507 2.1315918
0.9422012 -0.33329394 -0.033041053 109.468994 0.33367026 0.9426252 0.006453027 19.442627 0.028993938 -0.017110154 0.999433 2.1723633
0.9397328 -0.34027332 -0.032466978 110.31177 0.34067145 0.94011974 0.007460642 19.757812 0.027982093 -0.018075863 0.99944466 2.2017822
0.93740684 -0.3470891 -0.027540954 111.15625 0.34747365 0.93760955 0.010530521 20.067993 0.02216675 -0.019441837 0.9995652 2.2368164
0.9347397 -0.3544424 -0.024203202 112.023926 0.35478893 0.9348471 0.011804357 20.403809 0.018439297 -0.019624403 0.99963707 2.2736816
0.9323762 -0.3602435 -0.02911824 112.86987 0.360712 0.9325633 0.012690898 20.744019 0.02258355 -0.02233762 0.99949545 2.3060303
0.9296185 -0.36718845 -0.031092163 113.694824 0.3676428 0.9299026 0.010225651 21.07483 0.025156574 -0.0209383 0.99946404 2.331543
0.9271794 -0.3732333 -0.03197733 114.52905 0.37371582 0.92747664 0.01052091 21.41455 0.025731267 -0.021704732 0.9994332 2.357788
0.9243751 -0.38016665 -0.031980675 115.36597 0.38068467 0.92463934 0.011825546 21.772095 0.025073636 -0.02310459 0.9994185 2.3912354
0.9212628 -0.3877803 -0.028888281 116.186035 0.3881448 0.92152673 0.008075014 22.119385 0.023487993 -0.01865559 0.99954987 2.4193115
0.91826314 -0.39503798 -0.026903152 117.0249 0.3952948 0.91853416 0.004781005 22.463867 0.022821404 -0.015025277 0.9996266 2.4577637
0.9150253 -0.40252107 -0.02649206 117.879395 0.40274358 0.9153044 0.0034426907 22.829102 0.022862917 -0.013821892 0.9996429 2.4934082
0.9123325 -0.40832993 -0.029122103 118.70703 0.40870902 0.9125899 0.008262267 23.208252 0.023200946 -0.019441057 0.99954176 2.5186768
0.9091264 -0.41538295 -0.029882504 119.52832 0.41586572 0.90931714 0.0120269405 23.59082 0.022173418 -0.02336426 0.99948084 2.5422363
0.9076976 -0.41858652 -0.027888797 120.368164 0.4189841 0.9078863 0.010102344 23.986206 0.021088315 -0.020858515 0.9995599 2.5809326
0.9054634 -0.42350885 -0.026830092 121.18799 0.42385292 0.90566003 0.008503329 24.366089 0.020695427 -0.019073505 0.99960375 2.6052246
0.9036497 -0.42746836 -0.02677979 122.01611 0.42776877 0.90388167 0.0064304112 24.758545 0.021456022 -0.017268997 0.9996203 2.6326904
0.9005907 -0.43416682 -0.022624046 122.83618 0.4343333 0.90079033 0.002797076 25.125977 0.019164357 -0.012343818 0.99974 2.6625977
0.898723 -0.4382046 -0.016642056 123.65747 0.4382196 0.8988649 -0.0029241769 25.521606 0.01624039 -0.004663731 0.9998572 2.6885986
0.89688045 -0.44217053 -0.012965156 124.44995 0.4421254 0.8969742 -0.006313788 25.916748 0.014420593 -6.91656e-05 0.99989593 2.7037354
0.8948707 -0.4460559 -0.015943658 125.24585 0.44604605 0.8950071 -0.004361675 26.312744 0.016214881 -0.0032097558 0.99986327 2.732666
0.8928603 -0.44980735 -0.018207265 126.05664 0.44979718 0.8930376 -0.0048848 26.73291 0.01845774 -0.0038301023 0.9998222 2.7502441
0.89213127 -0.451339 -0.018734021 126.8562 0.45135868 0.8923115 -0.003405904 27.14624 0.018253436 -0.0054193893 0.9998185 2.7677002
0.8918032 -0.45208305 -0.017592488 127.64429 0.4521216 0.8919551 -0.0019425703 27.552979 0.016569678 -0.0062225265 0.9998432 2.8023682
0.8917288 -0.4524372 -0.011552679 128.44531 0.4524507 0.89179546 -0.0015662096 27.968506 0.011011682 -0.0038307144 0.99993193 2.8258057
0.8909715 -0.45390692 -0.0075630243 129.23901 0.45392245 0.8909956 0.00038081652 28.371094 0.006565377 -0.0037733354 0.9999713 2.842163
0.89063376 -0.45460978 -0.0047044302 130.02686 0.45461902 0.89064085 0.0010632711 28.780273 0.0037065959 -0.0030860067 0.9999883 2.8585205
0.8902324 -0.45546132 -0.009306545 130.80957 0.45548055 0.8902712 -4.7684298e-05 29.19043 0.008307079 -0.00419681 0.99995655 2.8787842
0.89001834 -0.4556492 -0.0121256085 131.59155 0.45564878 0.8900961 -0.0029522777 29.586792 0.012138107 -0.0028989464 0.99992204 2.894043
0.8895637 -0.45673558 -0.012487828 132.3706 0.45676643 0.88963544 -0.0004220571 29.97998 0.011301829 -0.005329321 0.9999218 2.9090576
0.8894776 -0.4567877 -0.012740361 133.14673 0.4568412 0.8895402 0.0014910536 30.392212 0.010651532 -0.0071475245 0.99991757 2.9299316
0.88924205 -0.45721456 -0.010151147 133.9209 0.45720688 0.88929826 -0.0032009394 30.791382 0.0104912035 -0.001795978 0.9999433 2.9450684
0.8893825 -0.45708793 -0.012164169 134.6936 0.45708466 0.8894615 -0.0032142778 31.190674 0.0122887045 -0.002701464 0.99992085 2.9730225
0.8887594 -0.45790604 -0.019385474 135.45801 0.4580689 0.888874 0.0047532064 31.600708 0.0150527 -0.013104469 0.9998008 2.9995117
0.8885868 -0.4581484 -0.02393839 136.21655 0.45843914 0.8887213 0.008218657 32.011353 0.017508999 -0.018275883 0.99967957 3.0135498
0.8888006 -0.45761615 -0.025816863 136.9602 0.45790386 0.88900536 0.0062737577 32.40039 0.02007935 -0.017399032 0.9996468 3.0404053
0.88871676 -0.45774966 -0.025162406 137.72241 0.45798832 0.8889392 0.00437882 32.79297 0.020362373 -0.015417553 0.9996736 3.0738525
0.88745624 -0.46006766 -0.026105944 138.4768 0.4603189 0.8876996 0.0042566475 33.193848 0.021216976 -0.015795646 0.9996502 3.0969238
0.8868989 -0.4614184 -0.022214096 139.24048 0.4615253 0.88712144 -0.00035927794 33.587036 0.019871648 -0.009935606 0.9997531 3.1168213
0.885518 -0.46434683 -0.0140339965 139.99438 0.46431607 0.88562775 -0.0055722147 33.982178 0.015015995 -0.0015834973 0.999886 3.1617432
0.88453716 -0.46646655 -0.0068234857 140.75293 0.46643844 0.88456213 -0.0053413184 34.366333 0.008527518 0.001541323 0.99996245 3.1812744
0.88294894 -0.4694226 -0.0037071074 141.48364 0.46937138 0.88293004 -0.009770248 34.757446 0.007859469 0.006886867 0.9999454 3.1918945
0.88068604 -0.47361204 -0.008711169 142.19897 0.47351214 0.8807095 -0.011361751 35.14978 0.013054969 0.0058822646 0.9998975 3.2161865
0.87755394 -0.47927073 -0.010679301 142.95825 0.47913602 0.87759674 -0.012971612 35.561035 0.015591141 0.0062633203 0.99985874 3.2329102
0.8733056 -0.48701814 -0.010702518 143.68384 0.48685747 0.87333876 -0.014608704 35.972534 0.016459566 0.0075460877 0.999836 3.2435303
0.8688728 -0.49501523 -0.0059194593 144.38892 0.49490362 0.86884403 -0.013982864 36.37622 0.012062644 0.009220786 0.9998848 3.2713623
0.8630283 -0.50511825 -0.00031612837 145.06348 0.505031 0.86289054 -0.018049346 36.76465 0.009392578 0.015416863 0.999837 3.298584
0.8559573 -0.51710683 -0.00040522194 145.82349 0.51698464 0.8557717 -0.021076392 37.22522 0.0112452675 0.017830145 0.99977773 3.3306885
0.84848875 -0.5292387 -0.001005535 146.47949 0.5290849 0.84828526 -0.022565758 37.63684 0.012795888 0.018614408 0.99974483 3.3498535
0.8406197 -0.54160357 -4.985137e-05 147.14966 0.5414717 0.84041727 -0.021984186 38.070923 0.011946743 0.018455435 0.9997584 3.373413
0.83309454 -0.55321777 0.0024161667 147.80908 0.55303985 0.8326984 -0.029377524 38.497192 0.014233963 0.025811499 0.9995656 3.3966064
0.825575 -0.5642207 -0.0047560288 148.42456 0.5638644 0.8253027 -0.029566048 38.92981 0.020606887 0.02172891 0.9995516 3.4204102
0.81818265 -0.57449245 -0.01859741 149.08813 0.5740242 0.8183333 -0.025246684 39.412354 0.02972727 0.009978762 0.9995083 3.4437256
0.80952847 -0.5863811 -0.029054727 149.70996 0.585791 0.8100371 -0.026694901 39.875244 0.03918876 0.0045867413 0.999221 3.4749756
