1 0 0 0 0 1 0 0 0 0 1 0
0.99988071 0.0008518278 0.015422227 0.0053545838 -0.00084055221 0.99999937 -0.00073759682 -0.00069264024 -0.015422847 0.00072454567 0.9998808 0.11881805
0.99931573 0.0032751084 0.03684212 0.0054854113 -0.0032455877 0.99999436 -0.00086105909 0.0048501017 -0.036844735 0.0007408956 0.99932073 0.27570199
0.99795799 0.0052523614 0.063657379 0.043608237 -0.0053218715 0.99998541 0.00092242339 0.0036877847 -0.063651611 -0.0012593162 0.99797139 0.42897671
0.99524082 0.0047499275 0.097330104 0.097499981 -0.0050994878 0.99998141 0.0033430452 0.0039054248 -0.097312424 -0.0038234687 0.99524654 0.59641209
0.99096263 0.0013504341 0.13413142 0.16458419 -0.0021005953 0.99998293 0.0054513718 -1.558423e-05 -0.13412178 -0.0056838616 0.99094856 0.79100426
0.98471838 -0.0014684762 0.17414808 0.22275438 0.00045028365 0.99998258 0.0058860714 -0.0081229665 -0.17415371 -0.0057177066 0.98470188 0.98109081
0.97610157 -0.0021396011 0.21730427 0.32685246 0.0006626556 0.99997619 0.0068693132 -0.0037739589 -0.21731381 -0.0065611494 0.97607974 1.1807828
0.96429317 -0.0018934221 0.26483032 0.41844305 -0.00071970467 0.99995202 0.0097697932 0.0041713233 -0.26483613 -0.0096115445 0.96424553 1.390592
0.94993105 -0.0057115952 0.31240738 0.5496136 0.0004492585 0.99985685 0.016913855 0.0096710545 -0.31245929 -0.015926644 0.94979763 1.6391889
0.93263686 -0.015257262 0.36049369 0.70162256 0.0066652701 0.9996636 0.025065217 -0.00043315193 -0.36075488 -0.020973958 0.93242481 1.8661209
0.91173638 -0.021257533 0.41022541 0.84944525 0.0098495019 0.99950429 0.029902699 -0.0032742704 -0.41065775 -0.023222862 0.91149379 2.0775
0.8868913 -0.022878173 0.46141131 1.0345494 0.0081263817 0.99939107 0.033932901 -0.00045949771 -0.46190671 -0.026345191 0.88653716 2.3469878
0.85825646 -0.025070154 0.51260835 1.2172619 0.0063778513 0.99925007 0.038191967 0.019706392 -0.51318145 -0.029509162 0.85777272 2.5489783
0.82638332 -0.030279252 0.5622933 1.4330898 0.0074813023 0.99905549 0.042803693 0.019904473 -0.56305832 -0.031165572 0.82582932 2.7964548
0.79090274 -0.036096751 0.61087629 1.6722804 0.0097308709 0.99887438 0.046425025 0.026576547 -0.61186452 -0.030773321 0.79036374 2.9910302
0.75271701 -0.040627173 0.65708941 1.9327798 0.01095756 0.99872893 0.049198161 0.035005231 -0.65825304 -0.029832196 0.75220543 3.1903912
0.71275388 -0.043727006 0.70004986 2.227885 0.011810395 0.99866158 0.050354379 0.044993887 -0.70131481 -0.027622413 0.71231635 3.4257398
0.67096266 -0.045810592 0.74007463 2.5160857 0.01132583 0.99860642 0.051545535 0.063312134 -0.74140467 -0.02620317 0.67054646 3.6187163
0.62847915 -0.046072409 0.77646072 2.864267 0.0067322867 0.99852904 0.053799936 0.086678956 -0.77779733 -0.028584781 0.62786485 3.8382873
0.58654237 -0.046916708 0.80855848 3.1883354 0.0039704063 0.99847535 0.055056456 0.1028306 -0.80990885 -0.029082638 0.58583437 4.0698371
0.54633867 -0.04776377 0.8362013 3.5597285 0.0017848212 0.99843676 0.055864523 0.12022444 -0.83756249 -0.029028479 0.54556986 4.267202
0.5081649 -0.050735861 0.85976407 3.9926136 0.0011365392 0.998302 0.058239421 0.13799878 -0.86125908 -0.028618074 0.50735969 4.4705921
0.47061423 -0.050513922 0.88089189 4.3994984 -0.0018958769 0.99829968 0.058259429 0.15924822 -0.88233708 -0.029087778 0.46971826 4.6619221
0.43404286 -0.049625694 0.89952433 4.8680471 -0.0031602009 0.99839165 0.056604962 0.18082552 -0.90088672 -0.027411657 0.43318794 4.8554915
0.40040225 -0.048501248 0.91505497 5.3701112 -0.0020489849 0.99854837 0.05382328 0.19929622 -0.91633723 -0.023425896 0.39972164 5.0420908
0.37043972 -0.046679898 0.92768277 5.8745451 -7.4348524e-05 0.99873491 0.050284846 0.22207588 -0.92885654 -0.018696476 0.36996761 5.2272167
0.34534366 -0.044989309 0.93739727 6.4042787 0.0011600603 0.99886998 0.047512247 0.24651563 -0.93847562 -0.015320616 0.34500561 5.3884196
0.32444815 -0.044233985 0.9448686 7.0033389 0.0020043157 0.99893588 0.046076902 0.2713775 -0.9459014 -0.01305575 0.32419155 5.5780969
0.3104612 -0.044929198 0.94952364 7.5879089 0.0035018403 0.99892968 0.046121994 0.29720611 -0.95057964 -0.010994009 0.31028623 5.7592236
0.29650645 -0.046447032 0.95390069 8.1746719 0.0040337439 0.99886866 0.047382767 0.31439107 -0.95502237 -0.010201504 0.29635835 5.9121931
0.28575958 -0.048215453 0.95708759 8.8257462 0.0031159196 0.99877495 0.049385222 0.34353598 -0.95829632 -0.011130092 0.28555975 6.1259739
0.27635999 -0.049890062 0.95975833 9.4907789 0.001308972 0.99867029 0.051535864 0.37223873 -0.96105334 -0.012986153 0.27605782 6.3234725
0.26506953 -0.051688182 0.96284287 10.180283 0.00080532993 0.9985737 0.053384608 0.40194104 -0.96422901 -0.013375226 0.26473308 6.501632
0.2562898 -0.053593863 0.96511303 10.903142 -0.00025921127 0.99845785 0.055514374 0.43117238 -0.96659999 -0.014477936 0.25588067 6.6975768
0.24525249 -0.055173828 0.9678879 11.640504 -0.00064422128 0.9983697 0.057074662 0.46485159 -0.96945906 -0.014621237 0.24481712 6.8677366
0.23416901 -0.056699544 0.97054106 12.392798 -0.0011307268 0.99828132 0.058592962 0.49136373 -0.97219529 -0.014818072 0.23370244 7.0533969
0.22329016 -0.059706471 0.97292166 13.137516 -0.0021397645 0.99808984 0.061742083 0.5290727 -0.97474971 -0.015868222 0.22273589 7.2226234
0.21228761 -0.063179417 0.97516268 13.903564 -0.0042109297 0.9978394 0.065565305 0.56548277 -0.9771982 -0.018025043 0.2115629 7.3958688
0.20051041 -0.066828544 0.97740956 14.709868 -0.0047224866 0.9975932 0.069177355 0.60943275 -0.97968023 -0.018486583 0.19971223 7.5345308
0.18695618 -0.069255549 0.97992396 15.478302 -0.005240183 0.99742738 0.071492348 0.6495086 -0.98235432 -0.018500917 0.1861123 7.7328164
0.17208909 -0.069932336 0.98259592 16.297642 -0.0059507281 0.99738493 0.072027078 0.68458466 -0.98506346 -0.018242235 0.17122291 7.8621235
0.15957265 -0.06917221 0.98475971 17.092953 -0.007247316 0.9974331 0.071236794 0.7245712 -0.98715963 -0.018504309 0.15866173 8.0052754
0.14266388 -0.068070969 0.98742761 17.888366 -0.0088056418 0.99750546 0.070037954 0.76192117 -0.98973207 -0.01868682 0.14170859 8.0845103
0.12149884 -0.066769959 0.99034323 18.729735 -0.010695742 0.99758893 0.068570662 0.80449437 -0.99253399 -0.018923711 0.12049175 8.2082051
0.097270298 -0.065269476 0.99311545 19.540229 -0.015438614 0.99762827 0.067078195 0.84021349 -0.99513829 -0.021857042 0.096031928 8.3018571
0.067806222 -0.064833782 0.99558968 20.369026 -0.019146825 0.99761801 0.066269893 0.88048793 -0.99751481 -0.023555892 0.066403346 8.3536376
0.034541325 -0.06472851 0.99730488 21.200318 -0.022131284 0.99760616 0.065514573 0.92191483 -0.99915824 -0.024334597 0.033026112 8.3819836
0.00042717846 -0.064045333 0.99794686 22.025201 -0.023804271 0.99766356 0.064037341 0.95714316 -0.99971659 -0.023782753 -0.0010983736 8.3742515
-0.034107431 -0.062798978 0.99744317 22.912778 -0.02516322 0.99776147 0.061958565 0.98492867 -0.99910139 -0.022985634 -0.035611306 8.30318
-0.067985053 -0.060915029 0.99582494 23.71775 -0.026889799 0.9978836 0.05920519 1.0170192 -0.99732395 -0.022752464 -0.069479164 8.2678753
-0.099787039 -0.057639555 0.99333788 24.601186 -0.027533207 0.9980984 0.055149906 1.0589999 -0.99462785 -0.021846531 -0.10118429 8.205749
-0.13034342 -0.053172698 0.99004201 25.37363 -0.026278804 0.99839533 0.050161613 1.0802357 -0.99112063 -0.019478883 -0.13153158 8.0529905
-0.16263623 -0.047855464 0.98552485 26.251484 -0.021685014 0.99875523 0.044919341 1.0982447 -0.98644782 -0.014065607 -0.16347153 7.915273
-0.19527474 -0.041559264 0.9798676 27.05009 -0.01604694 0.99910342 0.039177172 1.1079195 -0.98061733 -0.0080735639 -0.19576656 7.6919142
-0.22204472 -0.03591458 0.97437478 27.883652 -0.0097994991 0.99935312 0.034602108 1.1232298 -0.97498728 -0.0018651687 -0.22225303 7.5259512
-0.24917555 -0.029302176 0.9680149 28.684747 -0.001599617 0.99955326 0.029845099 1.1412965 -0.96845705 0.0058882169 -0.24911111 7.2792835
-0.27855823 -0.018866275 0.96023398 29.538599 0.0048660172 0.99976649 0.021054597 1.1406539 -0.96040706 0.010537447 -0.27840138 7.0360842
-0.3038811 -0.0037851318 0.95270241 30.255802 0.0085335841 0.99994118 0.0066947503 1.1339552 -0.95267179 0.010164375 -0.30383092 6.7209413
-0.32850773 0.013367197 0.94440665 31.047843 0.0090389185 0.99989855 -0.011008484 1.1054631 -0.94445807 0.0049200435 -0.32859523 6.4724358
-0.35367519 0.027710373 0.93495771 31.833909 0.0081289163 0.99961439 -0.026551672 1.0760886 -0.93533302 -0.0017904739 -0.35376407 6.2144055
-0.37764748 0.038514008 0.92514808 32.56727 0.011865672 0.99925384 -0.036755443 1.0401275 -0.92587346 -0.0029030963 -0.3778227 5.8771493
-0.40128723 0.043602275 0.91491384 33.340135 0.015368669 0.99904623 -0.040870993 0.98906808 -0.91582336 -0.0023399984 -0.40157461 5.5493408
-0.42359946 0.042600802 0.90484728 34.079003 0.017897043 0.99909216 -0.038659505 0.94292312 -0.90567282 -0.00018205445 -0.42397733 5.1803275
-0.44432143 0.039542482 0.8949943 34.857477 0.022432766 0.99920324 -0.033009838 0.90241988 -0.89558657 0.0054102197 -0.44485446 4.7807091
-0.46251229 0.038110411 0.88579338 35.564598 0.02984048 0.99917885 -0.027407663 0.86429266 -0.8861106 0.013756119 -0.46326973 4.4015943
-0.47574233 0.039219486 0.87870985 36.257766 0.033848156 0.99908177 -0.026266317 0.8239956 -0.87893322 0.01724671 -0.476633 3.9984768
-0.4870703 0.042569949 0.87232463 36.979273 0.036239172 0.99893627 -0.028514202 0.76790255 -0.87261063 0.017723902 -0.48809489 3.6043893
-0.49696522 0.04498628 0.86660357 37.646296 0.038036081 0.99882481 -0.030037728 0.73090987 -0.8669365 0.018034499 -0.49809229 3.201646
-0.50785462 0.044009212 0.86031785 38.338313 0.031330202 0.99897705 -0.032607721 0.67985742 -0.86087291 0.010393951 -0.50871394 2.8092206
-0.51874114 0.043255594 0.85383635 39.046359 0.029898607 0.99902618 -0.032446303 0.64792771 -0.85440843 0.008697286 -0.51952927 2.3900001
-0.52729991 0.044482117 0.84851405 39.695272 0.032167008 0.9989579 -0.032379076 0.60551522 -0.84907017 0.010220675 -0.52818126 1.977813
-0.53426735 0.047796919 0.84396314 40.383938 0.035787961 0.99878394 -0.033909603 0.55815702 -0.84455768 0.012086927 -0.53532821 1.5223624
-0.53818825 0.05067804 0.84129964 41.069138 0.036571062 0.99865466 -0.036761866 0.5243808 -0.84203089 0.010982418 -0.53931755 1.0848752
-0.53762455 0.05236357 0.8415568 41.791446 0.035843236 0.9985869 -0.039236057 0.47411432 -0.8424222 0.0090698523 -0.53874171 0.62147185
-0.53428618 0.053316841 0.84362049 42.511281 0.038175931 0.99851249 -0.038928237 0.43038801 -0.8444412 0.01140718 -0.53552684 0.16551367
-0.52906741 0.052167827 0.8469747 43.253207 0.036764797 0.99858049 -0.038540369 0.38723881 -0.84778304 0.010748401 -0.53023433 -0.26906794
-0.52187744 0.050699629 0.85151243 44.027761 0.034464676 0.99867028 -0.038338695 0.34588921 -0.85232399 0.0093390011 -0.52293083 -0.74574868
-0.5142562 0.050222493 0.85616482 44.810619 0.032658655 0.99870664 -0.038967521 0.29801038 -0.8570146 0.0079219034 -0.51523128 -1.2108564
-0.50765612 0.048586858 0.86018866 45.58887 0.029597834 0.99880277 -0.038948625 0.24465351 -0.86105128 0.0056872142 -0.5084864 -1.6718994
-0.50383159 0.046490358 0.86254989 46.414129 0.025725152 0.99891527 -0.038813736 0.19894483 -0.86341879 0.0026336413 -0.50448104 -2.1245115
-0.50257065 0.043556697 0.86343818 47.269161 0.020422489 0.99904947 -0.038510633 0.15149788 -0.86429493 -0.001720756 -0.50298248 -2.6039505
-0.50265824 0.041372886 0.86349459 48.095487 0.018008562 0.99913851 -0.037388874 0.10047521 -0.86429766 -0.0032435294 -0.50297027 -3.0930655
-0.50447915 0.039482138 0.86252066 48.945411 0.016375613 0.99921179 -0.036161292 0.0573725 -0.86326861 -0.004118313 -0.50472806 -3.550918
-0.50445015 0.039327804 0.86254467 49.814922 0.016528942 0.99921895 -0.035892701 0.0046447108 -0.86328263 -0.0038491271 -0.50470619 -4.0640237
-0.50490079 0.038627565 0.86231261 50.703234 0.016176236 0.99924619 -0.035290046 -0.051465389 -0.86302583 -0.0038689987 -0.50514504 -4.5590481
-0.50452192 0.03833557 0.86254736 51.575578 0.016634157 0.99925996 -0.03468204 -0.096784327 -0.86323867 -0.0031501003 -0.50478624 -5.0672907
-0.50459521 0.037359485 0.86254732 52.477864 0.016137632 0.9992969 -0.033841905 -0.15617986 -0.86320525 -0.0031569911 -0.50484333 -5.5892615
-0.50525449 0.036051904 0.86221697 53.366229 0.014324161 0.99933969 -0.033391538 -0.20853279 -0.86285154 -0.0045206886 -0.50543728 -6.1134475
-0.50506203 0.035410343 0.8623563 54.267612 0.013896107 0.99936212 -0.032897491 -0.26450365 -0.86297121 -0.0046318779 -0.50523193 -6.6313869
-0.50449072 0.034423385 0.86273059 55.148005 0.012648425 0.99939235 -0.032479958 -0.31310592 -0.8633245 -0.0054736542 -0.50461957 -7.1374114
-0.50306954 0.033322557 0.86360326 56.060526 0.01216967 0.99943047 -0.031474391 -0.37308286 -0.86416029 -0.0053240404 -0.50318855 -7.6500801
-0.50146115 0.03117577 0.86461825 56.935047 0.012917797 0.99950896 -0.028547497 -0.42127093 -0.86508376 -0.0031464969 -0.50161764 -8.1537696
-0.4986029 0.029806861 0.86631786 57.831137 0.013137289 0.99955368 -0.026829951 -0.47512445 -0.866731 -0.0019964223 -0.49877195 -8.6575538
-0.49619037 0.029122031 0.86772516 58.719452 0.01305999 0.99957457 -0.026078994 -0.52559856 -0.86811556 -0.0016076627 -0.49635961 -9.171254
-0.49426919 0.030113328 0.86878714 59.609734 0.01425943 0.99954623 -0.026533157 -0.57584496 -0.86919198 -0.00072611134 -0.4944743 -9.6581122
-0.49315891 0.030226289 0.86941394 60.488906 0.014180631 0.99954273 -0.026706682 -0.61924941 -0.86982369 -0.00084179935 -0.49336203 -10.165948
-0.49408009 0.03186117 0.86883236 61.373024 0.013621058 0.99948931 -0.028906617 -0.67206452 -0.86930972 -0.0024477674 -0.49426175 -10.656928
-0.49724998 0.033377608 0.86696501 62.240096 0.012185582 0.99942984 -0.031488347 -0.72499869 -0.86752178 -0.0050931064 -0.49737319 -11.147019
-0.50161155 0.034181342 0.86441739 63.125799 0.011156347 0.99939161 -0.033044676 -0.77949671 -0.86502107 -0.0069318498 -0.50168771 -11.634432
-0.50744353 0.032473158 0.86107287 63.994378 0.010519473 0.99944863 -0.031492356 -0.83367441 -0.86162084 -0.0069225592 -0.50750535 -12.148991
-0.5116096 0.030503843 0.85867635 64.870888 0.014197325 0.99953329 -0.027048745 -0.88429001 -0.85910076 -0.0016474895 -0.5118039 -12.680586
-0.51726713 0.02823449 0.85535809 65.706383 0.011159009 0.9995932 -0.026247269 -0.93838543 -0.85575128 -0.0040319001 -0.51737177 -13.184766
-0.5219556 0.030697407 0.85242006 66.568077 0.012428971 0.99951981 -0.028384238 -0.98811824 -0.85288213 -0.0042206072 -0.52208651 -13.703165
-0.52711578 0.032968664 0.84915367 67.403392 0.012916556 0.99944255 -0.030785668 -1.0348164 -0.84969534 -0.0052594704 -0.52724779 -14.211945
-0.53217024 0.033377098 0.84597916 68.232513 0.011516742 0.99941554 -0.032186043 -1.0919163 -0.84655907 -0.00738553 -0.5322436 -14.725125
-0.53569404 0.033665181 0.84374077 69.049741 0.010493128 0.99939319 -0.033213572 -1.1430438 -0.84434699 -0.0089388326 -0.53572224 -15.244193
-0.53941747 0.032973466 0.84139259 69.887794 0.010296161 0.99941657 -0.032565413 -1.2011508 -0.84197556 -0.0089032386 -0.53944226 -15.763914
-0.54180005 0.025659341 0.84011561 70.710415 0.011649907 0.99966714 -0.023019307 -1.251155 -0.8404267 -0.0026845918 -0.54191864 -16.299784
-0.5439151 0.018298254 0.83894069 71.540549 0.012887897 0.99982646 -0.013451673 -1.2926918 -0.83904131 0.0034956139 -0.54405653 -16.823086
-0.54549061 0.015279736 0.83797761 72.353341 0.012884058 0.99986853 -0.0098446475 -1.3219003 -0.83801793 0.00542639 -0.54561576 -17.360008
-0.54638253 0.021015078 0.83727202 73.162003 0.013297291 0.99977682 -0.016416385 -1.3619021 -0.83743022 0.0021638246 -0.54654003 -17.875857
-0.54746841 0.025805242 0.83642834 73.936462 0.013459834 0.99966667 -0.022031541 -1.4035509 -0.83671813 -0.00080338592 -0.54763325 -18.390482
-0.54807703 0.031110394 0.83584906 74.753037 0.01997007 0.9995099 -0.024107235 -1.4369933 -0.83618946 0.0034793431 -0.5484297 -18.922836
-0.54768358 0.032036129 0.83607196 75.542285 0.023288848 0.99946322 -0.023041094 -1.478848 -0.8363614 0.0068519253 -0.54813568 -19.461004
-0.54764353 0.029118764 0.83620488 76.33736 0.022764982 0.99954282 -0.019897463 -1.5258004 -0.83640204 0.0081394727 -0.54805605 -19.966271
-0.5468898 0.023954192 0.83686181 77.146822 0.020620835 0.99967275 -0.015138733 -1.5574264 -0.83695065 0.008977571 -0.54720479 -20.490322
-0.54689379 0.018499237 0.83699755 77.928285 0.019778403 0.9997623 -0.0091734481 -1.5784936 -0.83696837 0.011537574 -0.54712969 -20.986484
-0.54611238 0.011706238 0.83763009 78.739854 0.010213806 0.99992108 -0.0073151944 -1.623197 -0.83764969 0.0045604743 -0.54618885 -21.498064
-0.54488062 0.0063539688 0.83848952 79.543138 0.0018261653 0.99997791 -0.0063909983 -1.6454026 -0.83851168 -0.0019511099 -0.54488018 -21.993363
-0.54337146 0.0068750281 0.83946419 80.33104 0.0049608927 0.9999753 -0.0049784729 -1.6702547 -0.83947776 0.0014593325 -0.54339215 -22.499001
-0.54061902 0.010126151 0.84120656 81.118318 0.010302207 0.99993226 -0.005415905 -1.70134 -0.8412045 0.0057383436 -0.54068672 -23.005411
-0.53332181 0.013699314 0.84580146 81.905632 0.011637209 0.99989306 -0.008857245 -1.7253226 -0.84583242 0.0051190073 -0.5334242 -23.506136
-0.52680456 0.015639369 0.84984252 82.704576 0.016632482 0.99982895 -0.0080892937 -1.7526751 -0.84982373 0.0098735147 -0.52697457 -24.003129
-0.5186314 0.018391224 0.85480008 83.499207 0.024325236 0.99968131 -0.0067495687 -1.7864445 -0.85465187 0.017292676 -0.51891349 -24.489249
-0.50863643 0.018153767 0.86078997 84.307595 0.023068916 0.9997061 -0.0074521546 -1.8095528 -0.86067234 0.016067055 -0.50890573 -24.96486
-0.49840127 0.015086875 0.86681515 85.11876 0.018557044 0.99980514 -0.0067316316 -1.8388949 -0.86674787 0.012730474 -0.49858412 -25.411525
-0.48606348 0.012456016 0.8738347 85.937886 0.020497587 0.99978584 -0.00284976 -1.8575727 -0.87368313 0.016526339 -0.4862147 -25.859683
-0.47503249 0.011183051 0.87989716 86.754643 0.020403063 0.9997904 -0.0016917763 -1.8811432 -0.87973173 0.017148949 -0.4751611 -26.291994
-0.46432662 0.0099116755 0.88560854 87.581866 0.019202434 0.99981499 -0.0011219851 -1.9065555 -0.88545588 0.016484873 -0.46443104 -26.711942
-0.450958 0.011704616 0.89246839 88.4048 0.022814156 0.99973847 -0.0015836168 -1.9236718 -0.89225359 0.019646769 -0.45110709 -27.125099
-0.43897602 0.014675996 0.89837888 89.235146 0.022076688 0.99974091 -0.0055444941 -1.9570243 -0.89822756 0.017399332 -0.43918628 -27.521897
-0.42798006 0.02412435 0.90346611 90.06476 0.023624089 0.99960074 -0.015500391 -1.9813192 -0.90347941 0.014709706 -0.4283791 -27.919833
-0.41543862 0.029353533 0.90914743 90.896806 0.024297248 0.99948066 -0.021167384 -2.0122908 -0.90929669 0.013296033 -0.41593608 -28.281085
-0.4039223 0.025199985 0.9144461 91.741382 0.020949023 0.99961317 -0.018293543 -2.0469417 -0.91455344 0.011767583 -0.40429396 -28.638315
-0.39199278 0.022347189 0.91969679 92.5734 0.023618874 0.99961986 -0.014222367 -2.0809555 -0.91966509 0.016147139 -0.39237159 -28.992515
-0.38211586 0.022916261 0.9238302 93.422161 0.020594744 0.99965537 -0.016278732 -2.1152898 -0.92388495 0.012805686 -0.38245612 -29.322644
-0.37509347 0.027528127 0.92657812 94.280087 0.016141164 0.99960138 -0.023163408 -2.1504044 -0.92684649 0.0062676071 -0.37538829 -29.665697
-0.36977739 0.031807144 0.92857574 95.117273 0.0075702817 0.99948383 -0.031221368 -2.1911489 -0.92908958 -0.0045153754 -0.36982731 -29.97459
-0.36626377 0.034048714 0.92988788 95.937984 0.0053095422 0.99939051 -0.034502297 -2.2385902 -0.93049596 -0.0076996619 -0.36622132 -30.293729
-0.36356837 0.033586921 0.93096181 96.788283 0.0038032431 0.99939502 -0.03457055 -2.2876934 -0.93155979 -0.0090280838 -0.36347616 -30.608422
-0.35819001 0.033255287 0.93305623 97.638647 0.0026783172 0.99939794 -0.03459161 -2.3371162 -0.93364491 -0.0098913479 -0.35806343 -30.93515
-0.35289768 0.029291806 0.93520326 98.474671 0.00035329486 0.99951395 -0.031172784 -2.3860128 -0.93566189 -0.0106704 -0.3527365 -31.240125
-0.34737386 0.025628177 0.9373764 99.342042 0.00053783932 0.99963174 -0.027130944 -2.4295805 -0.9377266 -0.0089204221 -0.34725972 -31.550281
-0.34136662 0.022661495 0.93965697 100.1974 -0.00099091002 0.99970009 -0.024469526 -2.4691235 -0.93992974 -0.0092841942 -0.34124178 -31.853208
-0.33578391 0.021445772 0.94169484 101.04019 -0.0054773973 0.99967942 -0.024719384 -2.5146567 -0.94192316 -0.013458408 -0.3355588 -32.130304
-0.32925205 0.020985563 0.9440088 101.8964 -0.017391386 0.99944863 -0.028283783 -2.5509105 -0.94408194 -0.025730114 -0.32870554 -32.416564
-0.32213302 0.024557398 0.94637581 102.73309 -0.014341133 0.9994222 -0.030815411 -2.5975366 -0.94658583 -0.023498763 -0.32159471 -32.690505
-0.31569753 0.02844392 0.94843341 103.59202 -0.012931284 0.99932879 -0.034274626 -2.6456765 -0.9487718 -0.023084876 -0.31511782 -32.962991
-0.30876822 0.026564946 0.95076622 104.43747 -0.014720013 0.99935671 -0.03270302 -2.6878673 -0.95102344 -0.024092944 -0.30817856 -33.228404
-0.30192954 0.021491 0.95308793 105.30336 -0.015011318 0.99951475 -0.027293316 -2.7323122 -0.95321209 -0.022547764 -0.30146042 -33.493276
-0.29557251 0.018788716 0.95513549 106.15532 -0.015524794 0.99958008 -0.024467237 -2.7732675 -0.95519419 -0.022060124 -0.2951567 -33.741364
-0.28870018 0.021522664 0.95717757 106.99925 -0.018679036 0.99943039 -0.028106638 -2.8194734 -0.95723737 -0.025993545 -0.28813372 -33.987824
-0.28241118 0.024428995 0.95898231 107.87376 -0.01845371 0.99935237 -0.030891817 -2.8634322 -0.95911598 -0.026420975 -0.28177748 -34.24517
-0.27623591 0.025363549 0.96075509 108.70713 -0.019738831 0.99929114 -0.032056184 -2.9003465 -0.96088718 -0.027819251 -0.27553945 -34.462903
-0.26869185 0.024256048 0.96292069 109.59877 -0.020413758 0.99931496 -0.030869042 -2.9508756 -0.96300989 -0.027951089 -0.26801263 -34.70581
-0.26061164 0.024277609 0.96513838 110.45291 -0.017502499 0.99940068 -0.029865575 -2.9932333 -0.96528509 -0.02467565 -0.26003053 -34.9361
-0.25292687 0.025614239 0.96714623 111.31924 -0.012448432 0.99948056 -0.02972609 -3.0385524 -0.96740535 -0.019557981 -0.25247663 -35.158173
-0.24590642 0.025962234 0.96894578 112.20045 -0.011486755 0.99949297 -0.029695919 -3.0845929 -0.96922555 -0.018432459 -0.24548352 -35.387775
-0.23924499 0.024983945 0.97063771 113.04403 -0.017943992 0.9993844 -0.030146751 -3.1234221 -0.97079345 -0.024629574 -0.2386494 -35.572579
-0.233627 0.022814568 0.97205856 113.91626 -0.022959775 0.99931649 -0.02897253 -3.1697453 -0.97205522 -0.029087011 -0.2329435 -35.768014
-0.22894418 0.023313361 0.9731603 114.79909 -0.019218468 0.99941007 -0.028463514 -3.2058065 -0.97324986 -0.025219205 -0.22836108 -35.972408
-0.22439424 0.023315627 0.97421944 115.65265 -0.018206641 0.99943894 -0.028112772 -3.2563009 -0.9743284 -0.024045608 -0.22384384 -36.157883
-0.21978892 0.025047535 0.97522581 116.54754 -0.016839066 0.99942399 -0.029464095 -3.294045 -0.97540215 -0.022897773 -0.21924054 -36.354107
-0.21400625 0.023896124 0.97653992 117.39053 -0.011843911 0.99956378 -0.027055083 -3.3336006 -0.97676053 -0.017356008 -0.21362987 -36.542937
-0.20868384 0.022942457 0.97771398 118.26514 -0.0035592331 0.99970036 -0.02421806 -3.3752032 -0.97797672 -0.008533829 -0.20853965 -36.73627
-0.20352471 0.021993931 0.9788227 119.15838 -0.00070767335 0.99974408 -0.022611174 -3.4171848 -0.9790696 -0.0052946185 -0.20345706 -36.921472
-0.19969018 0.023414226 0.97957926 120.00573 -0.0031186607 0.99969421 -0.024530767 -3.4556592 -0.97985417 -0.007953528 -0.1995561 -37.079061
-0.19620557 0.025432994 0.98023286 120.87819 -0.0056288274 0.99961789 -0.027062632 -3.4950587 -0.98054667 -0.0108274 -0.19598744 -37.245185
-0.19405622 0.024711883 0.98067906 121.76486 -0.0066459547 0.9996266 -0.026504433 -3.5356495 -0.98096794 -0.011660898 -0.19381952 -37.416356
-0.19361956 0.023563612 0.98079363 122.61247 -0.0085271063 0.99963334 -0.025699581 -3.5770427 -0.98103967 -0.013339272 -0.19334764 -37.568802
-0.1920852 0.019302562 0.98118836 123.50321 -0.0072827603 0.99975098 -0.021093467 -3.6108492 -0.98135127 -0.011197502 -0.1918968 -37.747657
-0.19162838 0.013849794 0.98136979 124.36952 -0.007045299 0.99985526 -0.015486382 -3.6514933 -0.98144231 -0.0098816732 -0.19150307 -37.901104
-0.19091378 0.011706306 0.98153696 125.22777 -0.0048091699 0.99990573 -0.012860787 -3.6819393 -0.98159507 -0.0071756787 -0.19083949 -38.063285
-0.18955133 0.01650966 0.98173196 126.0981 -0.0064553351 0.99981606 -0.018060163 -3.7174555 -0.98184963 -0.0097607359 -0.18940989 -38.228536
-0.18945447 0.020052536 0.98168468 126.92317 -0.0083887593 0.9997219 -0.022039913 -3.7548034 -0.98185371 -0.012410676 -0.18923357 -38.381705
-0.18953801 0.019498145 0.98167973 127.78713 -0.0093814971 0.99972121 -0.021667818 -3.7827508 -0.98182861 -0.0133165 -0.18930225 -38.540263
-0.18913736 0.018426247 0.9817777 128.65612 -0.011505421 0.9997137 -0.020979367 -3.8263815 -0.98188327 -0.015263747 -0.18887121 -38.699421
-0.18831853 0.018777051 0.98192845 129.48805 -0.0060117078 0.99977644 -0.020271302 -3.8630417 -0.98208965 -0.009720528 -0.18816355 -38.856221
-0.18750403 0.021274341 0.98203338 130.34097 -0.0086389635 0.99969104 -0.023306343 -3.9004687 -0.98222589 -0.012853783 -0.18726231 -39.01284
-0.18764486 0.022491687 0.98197935 131.16723 -0.019269335 0.99946111 -0.026574241 -3.9333323 -0.98204795 -0.023908608 -0.18711034 -39.149402
-0.18721865 0.024090885 0.98202277 132.00281 -0.022468791 0.99933266 -0.028799112 -3.9711125 -0.98206131 -0.027456594 -0.18655242 -39.295707
-0.18704497 0.02700383 0.98198009 132.83712 -0.024305842 0.99918886 -0.032106771 -4.0210788 -0.98205065 -0.029873262 -0.1862369 -39.451198
-0.18642534 0.028253943 0.98206274 133.66586 -0.019665989 0.99927881 -0.032482449 -4.0635004 -0.98227233 -0.025368786 -0.18573525 -39.603133
-0.18489655 0.029582688 0.9823126 134.48324 -0.019444875 0.99924104 -0.033752519 -4.1064232 -0.98256564 -0.02534167 -0.184181 -39.743797
-0.18299828 0.028942137 0.98268708 135.31228 -0.013582318 0.99939674 -0.0319636 -4.1442164 -0.98301945 -0.019196452 -0.18249478 -39.904595
-0.17966789 0.025856726 0.98338741 136.12978 -0.0061772144 0.99960514 -0.027411742 -4.1943297 -0.98370797 -0.010999604 -0.17943723 -40.057085
-0.17756283 0.02144523 0.98387574 136.95422 0.00046730725 0.99976426 -0.02170721 -4.2259385 -0.9841094 -0.0033946205 -0.17753099 -40.215383
-0.17388532 0.021045395 0.98454096 137.7653 0.0038907013 0.99977849 -0.02068395 -4.2612201 -0.98475826 0.0002339203 -0.17392869 -40.35022
-0.16911258 0.025051472 0.98527827 138.57737 -0.0011608219 0.99967117 -0.025616664 -4.3126858 -0.9855961 -0.0054758321 -0.16902789 -40.483735
-0.16261516 0.028666007 0.98627303 139.37165 0.0019699718 0.99958532 -0.028728122 -4.346742 -0.98668765 -0.0027286971 -0.16260419 -40.607059
-0.15488789 0.028834117 0.98751114 140.15681 -0.0042908642 0.99954493 -0.029858495 -4.3886529 -0.98792278 -0.0088619948 -0.15469368 -40.720458
-0.14464566 0.025760647 0.98914809 140.97294 0.0064032435 0.99966448 -0.025098165 -4.4110922 -0.98946284 0.0027034163 -0.14476209 -40.839552
-0.13266207 0.024052035 0.99086941 141.76343 0.013733832 0.99965416 -0.022426525 -4.4543099 -0.99106621 0.010633286 -0.13294652 -40.947703
-0.11884452 0.026198401 0.99256715 142.57475 0.012619894 0.99961095 -0.024873282 -4.494113 -0.99283272 0.0095700396 -0.11912891 -41.036809
-0.10495347 0.027480516 0.99409733 143.35478 0.012672095 0.99957393 -0.02629403 -4.5296811 -0.99439644 0.0098376468 -0.10525699 -41.114437
-0.090802443 0.027492467 0.99548933 144.13802 0.01501813 0.999543 -0.026234554 -4.5671371 -0.99575572 0.012568228 -0.091173833 -41.186832
-0.077596408 0.028848041 0.99656736 144.89959 0.017873532 0.99946089 -0.027540101 -4.6011311 -0.99682467 0.015675167 -0.078070193 -41.233981
-0.063334456 0.034939462 0.99738052 145.73472 0.015823768 0.9992965 -0.034001758 -4.6515431 -0.99786694 0.013628836 -0.063842776 -41.278707
-0.050602242 0.043896009 0.99775371 146.46278 0.0063694952 0.9990275 -0.043629011 -4.6968739 -0.99869862 0.0041474626 -0.050832628 -41.29474
-0.037174198 0.052292368 0.99793963 147.223 -0.0010412315 0.99862735 -0.05236719 -4.7439263 -0.9993083 -0.0029857937 -0.037068724 -41.307571
-0.024460309 0.053555443 0.99826521 148.00348 -0.0012177831 0.99856168 -0.053601186 -4.791167 -0.9997001 -0.0025267712 -0.02435991 -41.302775
-0.012278676 0.04951698 0.99869776 148.77455 -0.0017622914 0.99877047 -0.049542251 -4.8449896 -0.9999231 -0.0023683089 -0.012176318 -41.30781
-0.0013826821 0.04658992 0.9989131 149.54972 -0.0025280796 0.99891074 -0.046593308 -4.8978674 -0.99999589 -0.0025897548 -0.0012633945 -41.287417
0.0081188886 0.0526267 0.99858121 150.30794 -0.006378137 0.99859658 -0.052575651 -4.9602029 -0.99994674 -0.0059422312 0.0084431531 -41.273623
0.014189936 0.061430786 0.99801043 151.03679 -0.013966118 0.99802578 -0.061233156 -5.0068374 -0.99980182 -0.013069436 0.01501987 -41.242058
0.017206582 0.064555128 0.99776575 151.76863 -0.021640451 0.99770381 -0.064177927 -5.0628574 -0.99961778 -0.020487817 0.018564072 -41.22752
0.017334668 0.060438243 0.99802136 152.53415 -0.021957398 0.99795368 -0.060052763 -5.1161112 -0.99960866 -0.020872957 0.018626261 -41.201097
0.015779943 0.054760341 0.99837479 153.28817 -0.017568604 0.99836019 -0.054481856 -5.1904776 -0.99972117 -0.01668033 0.016716128 -41.182297
0.012639827 0.052397025 0.99854629 154.03652 -0.017467819 0.99848529 -0.052172711 -5.235299 -0.99976757 -0.016782971 0.013535942 -41.166993
0.010002475 0.052505618 0.99857049 154.7898 -0.016515953 0.99849294 -0.052336101 -5.2896965 -0.99981361 -0.015968853 0.01085458 -41.160217
0.006398706 0.05282092 0.99858346 155.534 -0.015405517 0.99849064 -0.052717293 -5.3434562 -0.9998609 -0.015046372 0.0072027801 -41.151307
0.0015669187 0.050883243 0.99870334 156.27485 -0.014959792 0.99859404 -0.050854202 -5.398096 -0.99988691 -0.014860709 0.0023259169 -41.142487
-0.0039691756 0.051353035 0.99867263 157.00709 -0.017928541 0.99851637 -0.051416254 -5.4475603 -0.99983143 -0.018108823 -0.0030426033 -41.140885
-0.009569567 0.049525793 0.99872696 157.7614 -0.018032433 0.99860177 -0.049692366 -5.4962129 -0.99979165 -0.018485011 -0.0086631175 -41.145377
-0.014963043 0.046700126 0.99879684 158.50224 -0.013455903 0.99880885 -0.046902269 -5.5470404 -0.99979754 -0.014141513 -0.014316829 -41.156811
-0.020218553 0.046627754 0.99870765 159.23929 -0.014968522 0.99878581 -0.046934435 -5.5959036 -0.99968357 -0.015898124 -0.019496057 -41.171105
-0.02636814 0.047772849 0.99851009 159.95864 -0.017471584 0.99868284 -0.048242493 -5.6435206 -0.99949965 -0.018717618 -0.025498743 -41.1778
-0.029859223 0.050088118 0.99829831 160.68975 -0.018790251 0.99853907 -0.050662214 -5.6969031 -0.99937753 -0.02027101 -0.028874434 -41.195097
-0.033238357 0.052414448 0.99807207 161.3962 -0.019152976 0.99840711 -0.053069884 -5.7511783 -0.99926396 -0.020880006 -0.032181521 -41.214027
-0.034443611 0.054029327 0.99794508 162.116 -0.017443419 0.99835301 -0.054653462 -5.8067838 -0.99925445 -0.019290036 -0.033444428 -41.234922
-0.033650993 0.051978288 0.99808105 162.83628 -0.012158499 0.99855149 -0.052412718 -5.8532625 -0.99935973 -0.013898907 -0.032970273 -41.261217
-0.0294088 0.048440529 0.99839299 163.54223 -0.0070394495 0.99879025 -0.048667157 -5.8956693 -0.99954272 -0.008459379 -0.02903223 -41.286129
-0.022275121 0.048005128 0.99859864 164.25295 -0.0070560361 0.99881409 -0.048172878 -5.9520938 -0.99972702 -0.008119204 -0.021909981 -41.295375
-0.011584898 0.049053787 0.99872891 164.93905 -0.0055412944 0.99877749 -0.049120449 -6.0040563 -0.99991758 -0.0061033056 -0.011298915 -41.296543
0.0025929715 0.049219148 0.9987846 165.63375 -0.0025968614 0.99878496 -0.049212423 -6.0513676 -0.99999331 -0.0024660979 0.0027176347 -41.289348
0.017915565 0.047366863 0.99871684 166.32088 -0.005210462 0.99886806 -0.047280565 -6.0992751 -0.99982597 -0.0043567174 0.018142088 -41.264564
0.033404536 0.042260691 0.99854799 167.01954 -0.0084084101 0.99908214 -0.042002009 -6.1407175 -0.99940658 -0.0069931426 0.033729219 -41.225774
0.050738503 0.035811112 0.99806968 167.6976 -0.0095454575 0.99932866 -0.035371024 -6.1783059 -0.9986664 -0.0077323582 0.051046272 -41.175638
0.067344066 0.028190377 0.99733144 168.37178 -0.0095148456 0.99957345 -0.027611265 -6.214198 -0.99768448 -0.0076299991 0.067583566 -41.117686
0.084753787 0.020683347 0.99618719 169.05423 -0.010114 0.99975088 -0.019896857 -6.2482083 -0.99635063 -0.0083891029 0.084941863 -41.043521
0.1020551 0.014279902 0.99467621 169.70912 -0.0097974558 0.9998629 -0.013349131 -6.2733234 -0.99473054 -0.0083829487 0.10218101 -40.959929
0.1202518 0.01187398 0.99267237 170.37677 -0.012010606 0.99987269 -0.010505148 -6.3066936 -0.99267081 -0.010659333 0.1203791 -40.866287
0.13844029 0.011116866 0.99030835 171.00982 -0.011532431 0.9998873 -0.0096122179 -6.3257129 -0.99030368 -0.010089944 0.13855289 -40.766064
0.15619496 0.010456294 0.98767085 171.66036 -0.012127559 0.99988889 -0.008667734 -6.3440095 -0.98765183 -0.010624179 0.15630442 -40.649638
0.1723785 0.010181807 0.98497812 172.30426 -0.018186665 0.99980903 -0.0071523132 -6.35969 -0.98486292 -0.016680562 0.17253075 -40.518621
0.18663697 0.0065692016 0.98240695 172.91209 -0.020869556 0.99977851 -0.0027205788 -6.3766114 -0.9822073 -0.019994636 0.18673272 -40.382067
0.19918286 0.0023360458 0.97995951 173.55311 -0.017267126 0.99985028 0.0011261892 -6.397193 -0.97981024 -0.017145401 0.19919338 -40.247872
0.21032052 0.00072635733 0.97763218 174.18346 -0.012819804 0.99991579 0.0020150441 -6.4080048 -0.97754847 -0.012956857 0.21031212 -40.10622
0.21928296 0.0042940753 0.97565181 174.76765 -0.017475367 0.99984718 -0.00047288244 -6.4286072 -0.97550483 -0.016946178 0.21932449 -39.960358
0.22851025 0.011174919 0.97347733 175.38127 -0.021411341 0.99974994 -0.0064504982 -6.4482635 -0.97330607 -0.019369449 0.22869237 -39.802907
0.23765198 0.021230086 0.97111829 175.94882 -0.02135763 0.99963363 -0.016626836 -6.4625773 -0.97111558 -0.016789384 0.23801833 -39.649231
0.24605119 0.028039141 0.96885114 176.54291 -0.016704351 0.9995557 -0.024685481 -6.4781173 -0.96911292 -0.010110137 0.24641025 -39.498552
0.25220644 0.026750585 0.96730359 177.14997 -0.016767862 0.99958855 -0.02327151 -6.4928713 -0.96752821 -0.010350388 0.25255121 -39.337241
0.25825825 0.019044797 0.96588814 177.75132 -0.018059492 0.99972613 -0.014883264 -6.5104153 -0.96590714 -0.013599723 0.25853146 -39.162208
0.26278868 0.0083954752 0.96481685 178.36401 -0.023237968 0.99972715 -0.0023698895 -6.5340234 -0.96457358 -0.021797603 0.26291207 -38.976089
0.26473854 -0.0010026893 0.96431967 178.97058 -0.021746599 0.99973894 0.0070096989 -6.5572762 -0.96407503 -0.02282641 0.26464762 -38.805226
0.26572514 -0.0019202824 0.96404688 179.57657 -0.018668333 0.99980026 0.007137147 -6.5737883 -0.9638681 -0.019893667 0.26563621 -38.640897
0.26680529 0.0015128641 0.96374923 180.18491 -0.017054759 0.99984959 0.0031519232 -6.5738114 -0.96359958 -0.01727746 0.26679096 -38.473535
0.26862475 0.00087056538 0.96324447 180.79359 -0.013948319 0.99989826 0.0029861446 -6.5836045 -0.96314395 -0.014237793 0.26860956 -38.304131
0.26986431 -0.0010152696 0.96289778 181.40782 -0.014619706 0.99987986 0.0051516213 -6.5817689 -0.96278741 -0.015467521 0.26981705 -38.125305
0.27302132 -0.0052025 0.96199387 182.0028 -0.015212563 0.99983699 0.0097246003 -6.5979201 -0.96188774 -0.017289415 0.27289767 -37.94552
0.27601524 -0.01084126 0.96109208 182.63189 -0.013509483 0.99979385 0.015157599 -6.6048545 -0.96105836 -0.017167585 0.27581187 -37.759436
0.28027602 -0.013768714 0.95982066 183.26268 -0.012480616 0.99976034 0.017986101 -6.6108983 -0.95983835 -0.017020226 0.280037 -37.57601
0.28697412 -0.015264098 0.95781668 183.86116 -0.010796283 0.999758 0.019167194 -6.6039238 -0.95787754 -0.015841348 0.28673987 -37.387612
0.29388973 -0.018311925 0.95566386 184.48657 -0.0099404358 0.99970385 0.02221272 -6.6056831 -0.95578768 -0.016027805 0.29362067 -37.193571
0.30397924 -0.020872282 0.95244994 185.10433 -0.0068470321 0.99968628 0.024092699 -6.6093296 -0.95265409 -0.013845135 0.30374096 -36.988394
0.31514766 -0.018956204 0.94885327 185.7237 -0.0081789303 0.99970912 0.022688714 -6.6096892 -0.94900745 -0.0149109 0.31490095 -36.768688
0.32650517 -0.015317375 0.94507126 186.34341 -0.0086141921 0.99977894 0.019180107 -6.6082397 -0.9451562 -0.014403429 0.32630104 -36.544366
0.33815468 -0.011568565 0.9410194 186.94747 -0.01021194 0.99982046 0.015961098 -6.6056025 -0.94103518 -0.015006953 0.33797583 -36.314236
0.34969258 -0.011128639 0.93679837 187.57494 -0.0093152945 0.99983872 0.015354781 -6.6014846 -0.93681823 -0.014096005 0.34953251 -36.071118
0.36099119 -0.014675064 0.93245372 188.20093 -0.0075880264 0.99979686 0.018672555 -6.6040298 -0.93253839 -0.013816111 0.3608065 -35.819984
0.37199903 -0.016139322 0.92809276 188.80777 -0.0079914485 0.99975609 0.020588672 -6.6020821 -0.92819875 -0.015075771 0.37177932 -35.560611
0.38332076 -0.016083738 0.92347519 189.45098 -0.011182861 0.99969426 0.022053049 -6.6056214 -0.92354762 -0.018780486 0.3830237 -35.281409
0.39311621 -0.01751641 0.9193219 190.05324 -0.013251049 0.99960677 0.02471248 -6.5935026 -0.91939335 -0.021896855 0.39272951 -34.996548
0.39983648 -0.016718744 0.91643396 190.70676 -0.017472863 0.99951292 0.025857714 -6.5918749 -0.91641997 -0.026351582 0.3993496 -34.708783
0.40445758 -0.019065153 0.91435798 191.34536 -0.017679628 0.99943287 0.028659453 -6.5798135 -0.9143859 -0.027757041 0.40389114 -34.419144
0.40662125 -0.023534782 0.9132936 191.98615 -0.013233563 0.99941153 0.031645881 -6.5729045 -0.91350101 -0.024954015 0.40607051 -34.124466
0.40692611 -0.021964684 0.91319692 192.64088 -0.011546472 0.99950731 0.029185844 -6.5683881 -0.91338814 -0.022420684 0.40647201 -33.842751
0.4058812 -0.021879619 0.91366387 193.30131 -0.0088885736 0.99957161 0.027885474 -6.561661 -0.91388266 -0.019439358 0.40551285 -33.547387
0.40463173 -0.020992883 0.9142387 193.9698 -0.0055242394 0.99966212 0.025399354 -6.5538069 -0.91446308 -0.015327857 0.40437904 -33.250008
0.40466298 -0.021929486 0.91420288 194.64551 -0.003123243 0.99967345 0.025362189 -6.5433319 -0.9144606 -0.013118416 0.40446235 -32.956784
0.40355647 -0.028735893 0.91450334 195.33256 0.0014063555 0.99952498 0.030786874 -6.5334973 -0.9149537 -0.011138125 0.40340519 -32.662172
0.40312753 -0.031486949 0.91460193 196.01804 0.0012574351 0.99942603 0.033852946 -6.5279726 -0.91514298 -0.012497002 0.40293574 -32.353816
0.4013659 -0.033935333 0.91528888 196.69955 0.0026058581 0.99935165 0.03590935 -6.5151662 -0.91591413 -0.012027675 0.40119411 -32.053522
0.39918172 -0.034049775 0.91623932 197.39133 0.0015229868 0.99933343 0.036474237 -6.5047094 -0.91687061 -0.013164428 0.39896749 -31.742084
0.39831598 -0.034548633 0.91659735 198.06296 0.00089150675 0.99930451 0.037278641 -6.4883113 -0.91724787 -0.014031525 0.39806976 -31.435064
0.39564138 -0.033370348 0.91779859 198.76468 -0.00065525337 0.99932915 0.036617191 -6.4782422 -0.91840489 -0.015088666 0.3953541 -31.150172
0.39516724 -0.030399558 0.91810601 199.44178 0.00036032118 0.99945733 0.032938106 -6.4740192 -0.91860916 -0.012685247 0.39496374 -30.837698
0.39447502 -0.023900849 0.91859574 200.13229 -0.00082169445 0.99965211 0.026362709 -6.4746277 -0.91890634 -0.011154234 0.39431814 -30.544407
0.39286624 -0.020916199 0.91935769 200.81403 -0.0030360663 0.99970635 0.024041595 -6.4606427 -0.91959066 -0.012236361 0.39268737 -30.241653
0.39197705 -0.023473557 0.91967544 201.5195 -0.00413218 0.99961942 0.027275213 -6.450523 -0.91996576 -0.014491521 0.39173087 -29.945089
0.39062313 -0.026597842 0.92016632 202.20767 -0.0047094447 0.99951168 0.030890581 -6.4403415 -0.92053868 -0.016400047 0.39030712 -29.641081
0.38777096 -0.026238303 0.9213822 202.88625 -0.0091978855 0.99943486 0.032332019 -6.4414583 -0.92170991 -0.021012186 0.38731048 -29.350156
0.383932 -0.026117491 0.92299189 203.57529 -0.012157528 0.99937026 0.033335837 -6.4342948 -0.92328137 -0.024019994 0.3833727 -29.055419
0.37656906 -0.027173923 0.92598987 204.26344 -0.011880964 0.99934582 0.034158202 -6.4231233 -0.9263124 -0.023864574 0.37599986 -28.776925
0.36826876 -0.027429675 0.92931462 204.95759 -0.011788551 0.99934656 0.034168306 -6.4087318 -0.92964467 -0.023538392 0.36770477 -28.495604
