1.000000000000000000e+00 -3.306050084167601550e-19 -2.270457535318767223e-19 -8.673617379884035472e-19 7.546676715296109287e-19 1.000000000000000000e+00 6.237773588823049983e-19 1.387778780781445676e-17 -3.447385680526250622e-20 4.770700176052009879e-20 1.000000000000000222e+00 5.551115123125782702e-17
-5.704948317819193843e-02 -1.183818890317218757e-02 9.982894055468648498e-01 -8.060786147571869620e+00 -2.928391943012465318e-02 9.995193737648883081e-01 1.017049109159814772e-02 -1.192094330966945309e-01 -9.979301454998881216e-01 -2.863228916951985129e-02 -5.736881809648095715e-02 4.401286725164932356e+00
-2.471070197924288628e-02 -1.378130772988052193e-02 9.996015772887144601e-01 -3.103832259185028697e+00 -3.478330358433533165e-02 9.993113104420789927e-01 1.292161986000135709e-02 5.452788471142450827e-02 -9.990910070840901547e-01 -3.446460409209597259e-02 -2.517288457825352793e-02 1.212633414719079816e+01
-6.734381486746549017e-01 -3.468069153616321759e-02 7.390532788622127258e-01 7.624396213651382093e-01 -5.888528038874574211e-02 9.982422682710232476e-01 -6.759135368244291280e-03 2.421712495813145294e-01 -7.375192417952061152e-01 -4.809468559031639806e-02 -6.742967290972533556e-01 1.870822065010413837e+01
-9.505412518435918390e-01 -4.380923304978379118e-02 3.067108308056994415e-01 6.905480014972049219e+00 -5.467495541356982847e-02 9.981432115990672704e-01 -2.687218967636555850e-02 5.267603055095427811e-01 -3.049641561531673539e-01 -4.229170470140240778e-02 -9.511712408567022381e-01 1.996375255265799353e+01
-7.761403091421185119e-01 -3.297283582143320513e-02 6.291070724239459233e-01 1.252394834211185248e+01 -5.071046905924091186e-02 9.986605935012411450e-01 -1.024510402966633156e-02 5.442876663112273805e-01 -6.279265358153560683e-01 -3.985863396437342582e-02 -7.767726704522623926e-01 1.693004594607077351e+01
-8.862314397582068404e-01 -3.418811031933696731e-02 4.625255710475330573e-01 1.772503589574554894e+01 -4.664876410279726604e-02 9.987930875682504706e-01 -1.544657502798156730e-02 5.704704778730266268e-01 -4.614393606315175811e-01 -3.523732672037153957e-02 -8.867570208683628330e-01 1.494512172515809212e+01
-9.911937666576556838e-01 -3.701679147807691861e-02 1.285250117373278600e-01 2.240755327014038656e+01 -4.040023415027911569e-02 9.989038596019043093e-01 -2.366193105739789609e-02 6.642630144690715444e-01 -1.275080982269128083e-01 -2.864055265923380611e-02 -9.916028317633709399e-01 1.233267003732751022e+01
-9.794274337876033298e-01 -3.872166144562977363e-02 -1.981681520724448420e-01 2.544884950205897312e+01 -3.455303274056300417e-02 9.991042184874907583e-01 -2.443215275359851904e-02 5.929868250501153515e-01 1.989363452554039069e-01 -1.706734221219335240e-02 -9.798880617079442912e-01 7.840499198651800228e+00
-7.700567713971991912e-01 -2.952853904113451888e-02 -6.372736345511469391e-01 2.645045215640554659e+01 -1.800648630188340926e-02 9.995364839971836446e-01 -2.454625739797432551e-02 5.610019910801966603e-01 6.377030450837471998e-01 -7.423609253299259456e-03 -7.702315274422084634e-01 2.935281010755055764e+00
-4.205754456259485630e-01 -1.024176835582103588e-02 -9.070263763274988289e-01 2.524048444589644191e+01 -1.970125415179705807e-03 9.999441319101644021e-01 -1.038308534966034431e-02 4.579945182222603384e-01 9.070821939349235086e-01 -2.584989000402903615e-03 -4.205721374408319946e-01 -1.148389710833281896e+00
-2.795809308434702989e-01 -2.078687576644814867e-03 -9.602394487431766823e-01 2.336296339977722525e+01 7.245050706396009670e-03 9.999646183608310590e-01 -4.272507577186445381e-03 3.784573749895457362e-01 9.602144365928675374e-01 -8.148204925250148237e-03 -2.795560496065178646e-01 -4.104278805289532706e+00
7.078435169004534955e-02 3.427981328132813539e-03 -9.975092768705801083e-01 2.163011207903052835e+01 1.313396477852602634e-02 9.999041969131517993e-01 4.366614231411220480e-03 3.320381994504048029e-01 9.974286459229927404e-01 -1.341416035608712989e-02 7.073260553822899310e-02 -6.025847963548240038e+00
1.097817778155722318e-01 9.111568135382448752e-03 -9.939444755237003548e-01 1.962866522092138055e+01 1.458912275471313524e-02 9.998354784332414980e-01 1.077616509510895271e-02 2.960448786933325138e-01 9.938792096287558664e-01 -1.568494358973739067e-02 1.096308374158324744e-01 -6.589287098306178869e+00
3.892515958111918417e-01 1.405320241710497110e-02 -9.211063488688751022e-01 1.871465746850005019e+01 1.648840572871858659e-02 9.996171888190895638e-01 2.221817831695957132e-02 2.763560164347651504e-01 9.210658559531499368e-01 -2.383854872799219538e-02 3.888708296179944623e-01 -6.770479789070779297e+00
2.377538746139230830e-01 1.678874898043219294e-02 -9.712690435940106726e-01 1.894787625023160516e+01 1.927651736849135544e-02 9.995721796617614840e-01 2.199671367462219945e-02 2.792253048014002870e-01 9.712229250197949026e-01 -2.395101360223357567e-02 2.373285606497000932e-01 -6.267021014465258943e+00
4.880339773908114465e-01 1.666908906817112651e-02 -8.727081779800598405e-01 1.833758739121213566e+01 2.004099431303111092e-02 9.993400689232484480e-01 3.029645743497026006e-02 2.834383185622895707e-01 8.726373325697001082e-01 -3.227518277849599632e-02 4.873777837869535112e-01 -6.400135860078716377e+00
3.445460055991179660e-01 1.731058265331052171e-02 -9.385146184679575843e-01 1.846997520847138929e+01 2.434462645614598325e-02 9.993290943341243127e-01 2.736592109205539247e-02 2.910653651965470212e-01 9.383586737415683388e-01 -3.227746471255248106e-02 3.438933295845038041e-01 -5.988162371918669180e+00
5.833266505157219672e-01 1.442985896319567800e-02 -8.119955173387477521e-01 1.778094963139075801e+01 2.337841821370116591e-02 9.991296784638131756e-01 3.454850572667508835e-02 3.019283024724510045e-01 8.117873845282465028e-01 -3.913586876129335201e-02 5.824815248336362439e-01 -5.933350184271215966e+00
4.483732330074650663e-01 1.899847082287041064e-02 -8.935079173543620801e-01 1.787205908465517368e+01 2.250017669014022642e-02 9.992174510407290100e-01 3.253675845211443513e-02 3.160233974930474754e-01 8.934267113040009756e-01 -3.469654588336903295e-02 4.475949653467951039e-01 -5.634954428066565768e+00
6.633931149590729381e-01 1.963646249073246197e-02 -7.479995249465786200e-01 1.717216681881821927e+01 1.662618962006679260e-02 9.990220773955525990e-01 4.096939577403498761e-02 3.259983529102027378e-01 7.480721747239462704e-01 -3.962134445708792585e-02 6.624177239051401989e-01 -5.312793530675738118e+00
5.371219114836223163e-01 2.140930326580634674e-02 -8.433491766483541818e-01 1.725614773464647911e+01 1.952776576549539525e-02 9.990942890740964755e-01 3.779995257475271542e-02 3.418880769665294528e-01 8.433948720794725018e-01 -3.676898685123082544e-02 5.362174499359032565e-01 -5.191473626481986514e+00
7.275832597016513859e-01 2.085571200955239207e-02 -6.858096242739256665e-01 1.652455270111138930e+01 1.472024220762735251e-02 9.988331211119351183e-01 4.599272294871967898e-02 3.531557538154953546e-01 6.859686526930748318e-01 -4.355793576455599392e-02 7.264272852630738742e-01 -4.537689348867024464e+00
6.989336242444438296e-01 2.201668392055243506e-02 -7.148571758250585884e-01 1.638656813124408274e+01 1.422612728971435654e-02 9.989002340491983656e-01 4.467923387677053687e-02 3.755100801090357487e-01 7.150548537075820388e-01 -4.139592507757471757e-02 6.978518740710126789e-01 -4.213278331502530172e+00
7.808938599964354577e-01 1.936361944156008222e-02 -6.241817667517208790e-01 1.596380859911062799e+01 1.171453937922356352e-02 9.988896849843637016e-01 4.563971957858187212e-02 3.960412691039469912e-01 6.243721583119943297e-01 -4.295577457870361493e-02 7.798001189596307503e-01 -3.769432985419978621e+00
7.622343351294338376e-01 1.602957487860812158e-02 -6.470784364762778296e-01 1.576422025826519047e+01 1.457747445978174912e-02 9.990145815709645660e-01 4.191495830835786918e-02 4.155462433388121823e-01 6.471129385190126371e-01 -4.137945907005895901e-02 7.612498697490344135e-01 -3.440169023239163071e+00
8.180628333704317301e-01 1.026909488988017767e-02 -5.750679192788206162e-01 1.537894921070231824e+01 1.518059171818235582e-02 9.991066491367945890e-01 3.943604124007704659e-02 4.348439452606119859e-01 5.749592557760716538e-01 -4.099132135519548831e-02 8.171762277703311650e-01 -2.873717712744484842e+00
8.010510295988716445e-01 7.385198886712345846e-03 -5.987111720331147469e-01 1.515410348726873835e+01 1.819513106048271239e-02 9.991613436131028259e-01 3.668080539508720289e-02 4.526457562986570538e-01 5.984799613582679756e-01 -4.027861926435939016e-02 8.002449970692450121e-01 -2.539881799119867445e+00
8.428003379378202764e-01 4.833906424203176719e-03 -5.383252609813302669e-01 1.472622849752788809e+01 1.741466019464845208e-02 9.991912126631997682e-01 3.625322711529200409e-02 4.730808588300165485e-01 5.380652903434445244e-01 -3.992915489540314194e-02 8.420345118875361967e-01 -1.869767165337825610e+00
8.248830517408123342e-01 3.818959088563889971e-03 -5.653506315067520216e-01 1.448172341686929343e+01 2.011753567321272057e-02 9.991454012325797773e-01 3.610650793592961455e-02 4.944342358491806699e-01 5.650054013706320433e-01 -4.115844551322258432e-02 8.241014274549224305e-01 -1.532624976199425948e+00
8.535814805656128934e-01 2.567683334887208967e-03 -5.209820973062252447e-01 1.405554826390372902e+01 2.006125838195300590e-02 9.990841283111302484e-01 3.779697523486296590e-02 5.157705897169115872e-01 5.206022365122885409e-01 -4.271248535676226005e-02 8.527482690872768556e-01 -8.308150741481745705e-01
8.403907707230660051e-01 4.588562413304400275e-03 -5.417948652753628025e-01 1.376981695692705721e+01 2.037435420576568304e-02 9.989898692276397707e-01 4.004906467369739875e-02 5.376342767409991730e-01 5.414313412167363060e-01 -4.469724664437136480e-02 8.394485531645288212e-01 -3.770557112947012235e-01
8.607548893604939355e-01 5.810665579705364021e-03 -5.088426754558416087e-01 1.332545748213250469e+01 1.782180554745449105e-02 9.989776900909336232e-01 4.153631964097220103e-02 5.699714543915813669e-01 5.085636616272261046e-01 -4.482451728646774658e-02 8.597717173282052316e-01 3.638057430537028347e-01
8.546869934506051703e-01 7.168830851027325167e-03 -5.189444627233030793e-01 1.303739975901050485e+01 1.805143607540328488e-02 9.988896123005652772e-01 4.351470472268327561e-02 5.881266707181340703e-01 5.186801254411955719e-01 -4.656149019218300961e-02 8.536087222555742704e-01 8.202475131354377558e-01
8.649817472408252161e-01 8.982427118970964450e-03 -5.017044663089672563e-01 1.261497928018404480e+01 1.625432250663785827e-02 9.988135119794181449e-01 4.589374520934201562e-02 6.171654840700734335e-01 5.015216876769905685e-01 -4.784922155416056894e-02 8.638096068075888923e-01 1.626472528532543871e+00
8.673517823751523137e-01 9.572898820511028736e-03 -4.975916839347869214e-01 1.226415252930203792e+01 1.633804140913333938e-02 9.987284265704344799e-01 4.769415998264887185e-02 6.404855852615753964e-01 4.974152436676238520e-01 -4.950084281495240046e-02 8.660926378485419574e-01 2.172986261869271463e+00
8.743587593715561601e-01 9.787230653607247380e-03 -4.852991624222408040e-01 1.186528333348093334e+01 1.580814196774092684e-02 9.986915392654435175e-01 4.862772258151187854e-02 6.679017921211818365e-01 4.851402032071089332e-01 -5.018833903619590586e-02 8.730600810588927674e-01 2.935756910634567785e+00
8.792080417826650951e-01 1.172575625505226787e-02 -4.762075832930079966e-01 1.147227698181762001e+01 1.465570523312924832e-02 9.985583813613921889e-01 5.162933607820358733e-02 6.983887248052167429e-01 4.761263884866910878e-01 -5.237247572923113548e-02 8.777688814022992503e-01 3.584423290716727273e+00
8.852138787859150648e-01 1.443348375567417297e-02 -4.648351031835278313e-01 1.109167416997485844e+01 1.281495218479384093e-02 9.983826208577516459e-01 5.538766679773492185e-02 7.393402768357181243e-01 4.648827213204704822e-01 -5.498598241566575451e-02 8.835971753975323528e-01 4.356192607075595191e+00
8.910420322439703833e-01 1.600994391455069082e-02 -4.536508016279054423e-01 1.071924598794184291e+01 1.241872100036079014e-02 9.981438951714827201e-01 5.961233208275269063e-02 7.684731356341095720e-01 4.537632581793058506e-01 -5.875005110261476149e-02 8.891895193809645770e-01 5.063160454259318044e+00
8.967109591829376392e-01 1.728199066950756799e-02 -4.420935744178450810e-01 1.034728261066239519e+01 1.133021480031840347e-02 9.980137400299643469e-01 6.194911509569515223e-02 8.021873480083661079e-01 4.422860826797402334e-01 -6.055915534752669832e-02 8.947341716748545837e-01 5.795069369492852118e+00
9.030069510175641190e-01 1.685903071901647537e-02 -4.293358605906706371e-01 9.997191586802522068e+00 1.124290859696402099e-02 9.979601953095807998e-01 6.285188873675978671e-02 8.369934759501543864e-01 4.295196777790238341e-01 -6.158285350286359094e-02 9.009755001763040116e-01 6.542205579430182105e+00
9.081900156943267799e-01 1.616103840358014410e-02 -4.181366670526338036e-01 9.644856219824180954e+00 1.041477700017161105e-02 9.980724046120393878e-01 6.118324430729644298e-02 8.738475699141151631e-01 4.183191066266985225e-01 -5.992230486231730352e-02 9.062710775039978239e-01 7.296204153366528722e+00
9.157749029953865527e-01 1.617975502316505720e-02 -4.012903945136684913e-01 9.319124107409736624e+00 9.050836432965638639e-03 9.981037076702196087e-01 6.088683173304118568e-02 9.095142846487273003e-01 4.015144967795976627e-01 -5.939039213825469954e-02 9.138919801165594770e-01 8.046876532029067164e+00
9.241505945653475385e-01 1.656034385550742699e-02 -3.816497935921266960e-01 9.004726323203126270e+00 6.730445538832859238e-03 9.981991378024926975e-01 5.960395654555641215e-02 9.370870397265763652e-01 3.819495151988864801e-01 -5.765234067529319967e-02 9.223749823881722820e-01 8.834014717658371652e+00
9.336279794984961855e-01 1.832180773024050593e-02 -3.577528090222887314e-01 8.687838351341362397e+00 2.545216804680603285e-03 9.983268067744650587e-01 5.775837305261372762e-02 9.774158946327696773e-01 3.582127771145151018e-01 -5.483437647167863777e-02 9.320192485132635651e-01 9.606173234489618906e+00
9.441471754846385567e-01 2.058399760091471353e-02 -3.288412471270710791e-01 8.418788036347496728e+00 -1.555704128811796500e-03 9.983143311863094116e-01 5.801201591132456453e-02 1.006297320930250816e+00 3.294811401618522595e-01 -5.425994805928199827e-02 9.425877768335385598e-01 1.040470465777825915e+01
9.551314487390187846e-01 2.096053463554186508e-02 -2.953925005433989393e-01 8.161140038750778203e+00 -4.206238600626200849e-03 9.983520310691897937e-01 5.722925079716408708e-02 1.040623477702744548e+00 2.961054736143346466e-01 -5.341770211938419444e-02 9.536457483068736529e-01 1.122200818335888606e+01
9.641006822369704299e-01 2.045527153552451072e-02 -2.646637590990649769e-01 7.953370258539059101e+00 -5.539422328072582564e-03 9.983607609836305796e-01 5.694457184951381978e-02 1.071009621460278449e+00 2.653952773624188577e-01 -5.343199893293726355e-02 9.626337573180345775e-01 1.204461967874321715e+01
9.729526494449073359e-01 1.930710966248383106e-02 -2.300150545319180340e-01 7.749741110276391787e+00 -6.542267977818958663e-03 9.984043028330641389e-01 5.604191957644386046e-02 1.099332842667247290e+00 2.307310310200051673e-01 -5.301736265744661641e-02 9.715267180520763546e-01 1.288698111431839344e+01
9.798579640785451961e-01 1.986248192991096201e-02 -1.985834354613041641e-01 7.588408341590632489e+00 -9.286235011048112400e-03 9.984966636993050093e-01 5.398135501032547828e-02 1.117507243760122781e+00 1.993583078010434384e-01 -5.104598019223816757e-02 9.785696914894231879e-01 1.373033662446082559e+01
9.855336914319609010e-01 1.955141150348427628e-02 -1.683237212214866441e-01 7.446522197826833001e+00 -1.110907455630852879e-02 9.986395037676052411e-01 5.092879663117110683e-02 1.153577035791319538e+00 1.690910166024670591e-01 -4.832065105094721091e-02 9.844103290275765250e-01 1.458180720694859822e+01
9.907884353157559998e-01 1.310780132306284262e-02 -1.346105899869681211e-01 7.329051758482648893e+00 -7.292942425978478360e-03 9.990246683503535285e-01 4.349350965177746497e-02 1.194085683929319686e+00 1.350505171737475252e-01 -4.210769930198798167e-02 9.899179792501504593e-01 1.544190949145117031e+01
9.938686890541635899e-01 6.235997866182243186e-03 -1.101492154859753658e-01 7.285557132642270339e+00 -2.133695464878054143e-03 9.993039430310675098e-01 3.716650095278647287e-02 1.211050996858034079e+00 1.103049593919841059e-01 -3.670164444924475800e-02 9.931903020273181726e-01 1.635385220813714469e+01
9.965025552191987268e-01 -1.087786702693931346e-03 -8.321571124553170384e-02 7.243589629001629504e+00 3.588642697520602869e-03 9.995498616634005407e-01 2.966608963933640292e-02 1.242487088477307822e+00 8.314543041875852025e-02 -2.986255861543581774e-02 9.960578354977722704e-01 1.719443826798321950e+01
9.979437467645443371e-01 -5.137838785087699318e-03 -6.361270708922640849e-02 7.248666643137903876e+00 6.637529040501456007e-03 9.997067069011422724e-01 2.318385607925416148e-02 1.246173544609307626e+00 6.347376713460828324e-02 -2.356165723968508402e-02 9.976854232759946317e-01 1.801010147469940037e+01
9.982766855139565410e-01 -7.318582325798868478e-03 -5.779929090900296634e-02 7.328896665500453267e+00 8.555759574727948846e-03 9.997417186745449769e-01 2.087529461381939372e-02 1.244401692422977490e+00 5.762908250322468923e-02 -2.134066941017614960e-02 9.980823791595823113e-01 1.870803388190099525e+01
9.990243774361353690e-01 -7.543790490452140576e-03 -4.284503237589449426e-02 7.354435068937815956e+00 8.217356592344775973e-03 9.998478106939651111e-01 1.509339722581683370e-02 1.221749467127450250e+00 4.272096517569427820e-02 -1.544108160001186718e-02 9.989362086861534040e-01 1.946848945826500099e+01
9.998298887707094407e-01 -3.282308244974888739e-03 -1.654974844901505732e-02 7.373024939806399836e+00 3.396890072207137037e-03 9.999731795467463602e-01 5.761134531277820568e-03 1.177105400444062422e+00 1.652662379066515558e-02 -5.827161513092760092e-03 9.998164156302983274e-01 2.024793843196064103e+01
9.997549016286322310e-01 3.907670016349791553e-03 2.096708249496378323e-02 7.363407277393767103e+00 -3.735730992152188571e-03 9.999608781432566262e-01 -7.645780348774193144e-03 1.131047850347592254e+00 -2.099842105427788749e-02 7.559323246150006365e-03 9.997316255663987183e-01 2.112830426174780385e+01
9.984267383092606529e-01 8.465796640366255940e-03 5.493112742416386696e-02 7.404943025108861931e+00 -7.292523127314379065e-03 9.997451614261401165e-01 -2.115579514214434992e-02 1.113090362402185507e+00 -5.509916591946456554e-02 2.071421483358864765e-02 9.982351918821837922e-01 2.197234430973319519e+01
9.964823134380398351e-01 9.173697385321631995e-03 8.324115553266649148e-02 7.468989014529228143e+00 -6.415916584500470400e-03 9.994242777627039276e-01 -3.328831970836722970e-02 1.070563688626708476e+00 -8.349908942083973662e-02 3.263599118393030463e-02 9.959675671816724529e-01 2.282571296393121330e+01
9.949283399792756555e-01 5.914580517434253441e-03 1.001828252657863683e-01 7.560449884100824747e+00 -1.912358867241046407e-03 9.992014530487309809e-01 -3.981221622908050206e-02 1.038322201987544657e+00 -1.003390416850451633e-01 3.941693557909194123e-02 9.941451984842922807e-01 2.364545121602581546e+01
9.937827267258305675e-01 2.804103884440029958e-03 1.110725093154796839e-01 7.690279129956752335e+00 1.923666512591526608e-03 9.991010348215916270e-01 -4.226253631115903242e-02 9.975362248230378315e-01 -1.110912436597442238e-01 4.221327740258898342e-02 9.928840201870448023e-01 2.443741384169380737e+01
9.937480486706480320e-01 8.651264364709113043e-04 1.114162911270672462e-01 7.832750061066695579e+00 3.629789355184204116e-03 9.991909326046046758e-01 -3.996802217545708524e-02 9.631232114787887655e-01 -1.113605536739970536e-01 4.012307420515028727e-02 9.929410360053261275e-01 2.520600910725718080e+01
9.934066690240237474e-01 -7.166126646388354393e-03 1.142169727132626711e-01 7.995442838087359227e+00 1.151220917419908812e-02 9.992349443600206937e-01 -3.731504021598807536e-02 9.082920602801874965e-01 -1.138610508413042122e-01 3.838781708696183126e-02 9.927295590440871065e-01 2.597724133633058230e+01
9.921773295799592995e-01 -8.959312097148394022e-03 1.243624292927389130e-01 8.109150295212238291e+00 1.377081328392452952e-02 9.991888330973588417e-01 -3.779819588341101766e-02 8.640202781639612084e-01 -1.239219350971385303e-01 3.921866190429251775e-02 9.914963098568618793e-01 2.680588195748038771e+01
9.904673033400445137e-01 -1.310612962834956791e-02 1.370258494100771163e-01 8.228337511291615058e+00 1.864451860577609477e-02 9.990577225812675710e-01 -3.914487870449229884e-02 8.138479279951293943e-01 -1.363826701186223178e-01 4.132954063811897227e-02 9.897787512965531276e-01 2.764772175497515150e+01
9.887589145965729465e-01 -1.276491717809378340e-02 1.488553637287724496e-01 8.353241308243008589e+00 1.914698128955717379e-02 9.989554426767032203e-01 -4.145348908877177774e-02 7.612131807122479721e-01 -1.481698836358256999e-01 4.384083082336760057e-02 9.879708219602753028e-01 2.845220637449484968e+01
9.871126643188342653e-01 -6.751929534325106126e-03 1.598496002444690089e-01 8.483255719940689943e+00 1.397707013073978301e-02 9.989287372770965234e-01 -4.409654054920850857e-02 7.063964366440110831e-01 -1.593802118349539332e-01 4.576397860545615426e-02 9.861499321748214975e-01 2.926518734711938308e+01
9.849347304044727691e-01 -4.052423708404498566e-03 1.727675537653292070e-01 8.614633457038268105e+00 1.176850908661996979e-02 9.989782941126443827e-01 -4.361259840439005858e-02 6.613325648836815285e-01 -1.724139592411994548e-01 4.499050645756093314e-02 9.839762248076816542e-01 3.005458604562674552e+01
9.832685002602794544e-01 -7.115778683683071648e-03 1.819564274986552321e-01 8.771768837078273151e+00 1.528672177863502415e-02 9.989352371821671461e-01 -4.353015416857358710e-02 6.153152424641056273e-01 -1.814527782389714072e-01 4.558511936159903577e-02 9.823303664279456893e-01 3.086446810103885952e+01
9.816008793043661251e-01 -9.507722021758507891e-03 1.906196279284758099e-01 8.914728032175135652e+00 1.835133218975620178e-02 9.988334864016662484e-01 -4.463845821335266778e-02 5.543003744705311542e-01 -1.899722383200402875e-01 4.731800495529165512e-02 9.806305094198528582e-01 3.168320877128706670e+01
9.806456104267020635e-01 -1.009642989990505030e-02 1.954927858022332543e-01 9.080011222286925587e+00 1.972268671222850850e-02 9.986837268759907182e-01 -4.732406012258481148e-02 5.111979127359294051e-01 -1.947572873877871924e-01 5.026453083020095136e-02 9.795540078244132642e-01 3.250816515498836878e+01
9.809954540528434963e-01 -9.015710173709943695e-03 1.938556021594098622e-01 9.250151885273011132e+00 1.899403582169139140e-02 9.985842428299765983e-01 -4.968180240047382484e-02 4.541189344610191414e-01 -1.931332237281445374e-01 5.241924129184806491e-02 9.797779224027637346e-01 3.336885119841886649e+01
9.814904277509478581e-01 -1.194144791240521301e-02 1.910668853059753758e-01 9.408635865335163828e+00 2.163548289040718997e-02 9.985784637373710249e-01 -4.868990347500334881e-02 4.006679444103267707e-01 -1.902131771548061789e-01 5.192497005134984189e-02 9.803536839854669616e-01 3.423617632907274810e+01
9.830253310603591643e-01 -1.046961225384889470e-02 1.830730302687781919e-01 9.562617390355240943e+00 1.946350366002572510e-02 9.986875114469260240e-01 -4.734940491171051036e-02 3.431702419431792439e-01 -1.823364981374354654e-01 5.011127859408353452e-02 9.819390530157864339e-01 3.510727305345934468e+01
9.845371073779098925e-01 -8.808624353324500875e-03 1.748525237098283447e-01 9.714202609396215493e+00 1.723760903050990459e-02 9.987592482501043145e-01 -4.669647006684143897e-02 2.924055740178743146e-01 -1.742234733229876265e-01 4.899177721634143806e-02 9.834676176080701104e-01 3.601775121948310954e+01
9.859757444575502072e-01 -7.297758845571085916e-03 1.665831198319332740e-01 9.855100438261077400e+00 1.524683688878329495e-02 9.988042622946591287e-01 -4.641870263358457288e-02 2.367153517615880609e-01 -1.660443595096268155e-01 4.831118938246172639e-02 9.849082299612003100e-01 3.692854783884198611e+01
9.870522155603663750e-01 -4.762690223187603794e-03 1.601857485992873309e-01 9.991656718386781932e+00 1.228260605104666489e-02 9.988683090669503439e-01 -4.589602717797528625e-02 1.790032124142957037e-01 -1.597851913205537988e-01 4.727154197344132086e-02 9.859939455684538778e-01 3.784929948169511960e+01
9.880078414064275005e-01 -1.227510885575383657e-03 1.543028522380998357e-01 1.013175138043572510e+01 8.291532301887387379e-03 9.989472463362776278e-01 -4.508450057591650850e-02 1.285870858238254144e-01 -1.540847940081330192e-01 4.582424588694455209e-02 9.869779533530288473e-01 3.880336333295606011e+01
9.883674229017556101e-01 3.322621957719617148e-03 1.519315231289060930e-01 1.026325368566788576e+01 3.535205335325356489e-03 9.989892245925583447e-01 -4.478376079419489619e-02 8.216500036862671441e-02 -1.519267945504817752e-01 4.479988023295192190e-02 9.873566780061745485e-01 3.974748201972493433e+01
9.883823033452883156e-01 5.989229735446662331e-03 1.517644566992270572e-01 1.040175054648132935e+01 7.361538958778564073e-04 9.990228128012582642e-01 -4.415980125366156944e-02 2.255604818441944021e-02 -1.518808160120513617e-01 4.375804018619421781e-02 9.874122194590749801e-01 4.073950383437691869e+01
9.883061146286569176e-01 7.618649012454938030e-03 1.522261530083432457e-01 1.054089048423996999e+01 -9.762648965602887001e-04 9.990465620145664305e-01 -4.363215605868586700e-02 -3.262038613035579682e-02 -1.524135133505564177e-01 4.297315747419819948e-02 9.873714969026143873e-01 4.173959626300504056e+01
9.881367571950716577e-01 7.316481032935083159e-03 1.533111593460982913e-01 1.068416548547333633e+01 -7.163203954618847010e-04 9.990731385582261037e-01 -4.301696514094691809e-02 -8.539362345635220786e-02 -1.534840799761368058e-01 4.239591921403108171e-02 9.872263277536300619e-01 4.272772619032832608e+01
9.882868088091493197e-01 7.499197944855336313e-03 1.523985368040428889e-01 1.084621985277291145e+01 -1.068590905047148891e-03 9.991073907462385550e-01 -4.222294804069674778e-02 -1.434349349953810970e-01 -1.525792885333662197e-01 4.156507746447660884e-02 9.874127648420427672e-01 4.376002764267375511e+01
9.883700199955316457e-01 6.928587679537181673e-03 1.518754857916496115e-01 1.100005276299575740e+01 -6.407687306090514498e-04 9.991423510933259422e-01 -4.138958369851041680e-02 -1.999530366907623646e-01 -1.520321477238862906e-01 4.081055716446129605e-02 9.875269322139075268e-01 4.479620953617740042e+01
9.883114914082254954e-01 7.177289400855011402e-03 1.522490105994804555e-01 1.114448721714819612e+01 -9.792303306212571390e-04 9.991693718034877492e-01 -4.072817854489149680e-02 -2.571383091503883223e-01 -1.524150593116544161e-01 4.010249728125997448e-02 9.874977029580257470e-01 4.582487398508527576e+01
9.880615286157033994e-01 9.028964110570358859e-03 1.537131116929335850e-01 1.129254306500284777e+01 -2.775978946502026187e-03 9.991625511034688545e-01 -4.080192691141403677e-02 -3.131779184974567976e-01 -1.539529847671355089e-01 3.988735766560338319e-02 9.872591718524831306e-01 4.687829492042314428e+01
9.880345577345515107e-01 9.625807751239414539e-03 1.538275634512820678e-01 1.143236484616490856e+01 -3.513775861484414852e-03 9.991963205419337468e-01 -3.990044731206767586e-02 -3.761848741205517377e-01 -1.540885030522947674e-01 3.888083561041530412e-02 9.872744270137372435e-01 4.790007071713883846e+01
9.883136210054992432e-01 1.088851694824751783e-02 1.519447817097848152e-01 1.157444730874613192e+01 -4.974592469216342766e-03 9.992181114606630832e-01 -3.919793462193008060e-02 -4.394681861016439539e-01 -1.522531266826984975e-01 3.798270256323222488e-02 9.875952492690674989e-01 4.895004677853029307e+01
9.886271925712546427e-01 1.145810734828988688e-02 1.498566296658335184e-01 1.174534152594951308e+01 -5.780807374743466079e-03 9.992517235462465841e-01 -3.821758785394487740e-02 -5.028829018779671367e-01 -1.501828400429994215e-01 3.691501146508989473e-02 9.879537250072246701e-01 4.999934392856606991e+01
9.892158120475755823e-01 9.963763829533407723e-03 1.460710243937449471e-01 1.188424697003382668e+01 -4.806081401698240017e-03 9.993542180723022916e-01 -3.558768197308802284e-02 -5.550496861917775249e-01 -1.463315659074742869e-01 3.450097797722531667e-02 9.886251135797682332e-01 5.104012135715853304e+01
9.896579175683969387e-01 9.281903965687518868e-03 1.430567202194255594e-01 1.206145757067720936e+01 -4.481256620266494718e-03 9.994177612295779278e-01 -3.380552741998794214e-02 -6.144351194364652269e-01 -1.432874659166592790e-01 3.281366059845340633e-02 9.891233859336232559e-01 5.210459826609800871e+01
9.902790592411276904e-01 8.887556908184920945e-03 1.387094403344790450e-01 1.218597336201836789e+01 -4.398828959452307993e-03 9.994584752982836884e-01 -3.258302946544140016e-02 -6.695799728697219289e-01 -1.389242847621990906e-01 3.165468225993017110e-02 9.897818922832511968e-01 5.313443661816251762e+01
9.903323824296068612e-01 8.136590166966235077e-03 1.383929896819091898e-01 1.232696594802912848e+01 -3.638646833580259227e-03 9.994584697965614994e-01 -3.268226117363048910e-02 -7.236646796200904008e-01 -1.385842297920680533e-01 3.186163558395756212e-02 9.898257301674781017e-01 5.415857318217084782e+01
9.907887514036600729e-01 8.332412173724547746e-03 1.350239853322411643e-01 1.247590504678380263e+01 -3.990557153858807250e-03 9.994682547165726350e-01 -3.233843777936225294e-02 -7.782087401803754467e-01 -1.352219944633923920e-01 3.150024881924093356e-02 9.902950711731636213e-01 5.518942918414753507e+01
9.904318347157076152e-01 9.379000239527599328e-03 1.375691066937874962e-01 1.260213348681993395e+01 -4.784398338403252071e-03 9.994217127470179651e-01 -3.364109491695666670e-02 -8.344112193003476730e-01 -1.378054267863388915e-01 3.265946980722503334e-02 9.899039999158147918e-01 5.619488076923324371e+01
9.900642095479226246e-01 1.109665675784580335e-02 1.400349549488676959e-01 1.274803743766578812e+01 -6.157087315704446416e-03 9.993463626344682993e-01 -3.558708841188893551e-02 -8.907539014646244091e-01 -1.403388390391793750e-01 3.436922895529854333e-02 9.894855092652107276e-01 5.720137744193711171e+01
9.894824829567174795e-01 1.268269295214845098e-02 1.440481676907165998e-01 1.290776865862072675e+01 -7.366528083114764862e-03 9.992744219632911928e-01 -3.735123431892180962e-02 -9.448322335426613261e-01 -1.444175956899488023e-01 3.589638440068164404e-02 9.888579746881457355e-01 5.820928740439380533e+01
9.885281150122136040e-01 1.291720757428712132e-02 1.503755587223405132e-01 1.304786234667077238e+01 -7.274378994076352231e-03 9.992516492147633933e-01 -3.796244561720404226e-02 -1.001836740986360441e+00 -1.507537928682533834e-01 3.643139134183722566e-02 9.878825268229806111e-01 5.922719245019075629e+01
9.878373926755605883e-01 8.535297543683789678e-03 1.551980349219313216e-01 1.320880913464818818e+01 -3.278988806013603992e-03 9.994137298702092664e-01 -3.407132224725013120e-02 -1.062109131161872666e+00 -1.553979667979629997e-01 3.314749935302837430e-02 9.872863692526314683e-01 6.024349635059710550e+01
9.866955837102499016e-01 1.208806063831225491e-02 1.620247761705377598e-01 1.335935200161835468e+01 -6.920970691713993622e-03 9.994510342865907671e-01 -3.238028938743801183e-02 -1.119044541356433831e+00 -1.623276315384699076e-01 3.082615820003528281e-02 9.862377156136942213e-01 6.124164703233049067e+01
9.857426300044324075e-01 1.172473767909193790e-02 1.677985043513592622e-01 1.351669318064824488e+01 -6.097258229671790632e-03 9.994030860685525486e-01 -3.400108350313497257e-02 -1.178706691610182267e+00 -1.680970301733990258e-01 3.249283068868689950e-02 9.852257686834849926e-01 6.223840233239641151e+01
9.847025904930011286e-01 1.125876230801953204e-02 1.738051715970337363e-01 1.368004772459408258e+01 -4.912158652501281975e-03 9.993073595538389808e-01 -3.687403550876273972e-02 -1.229169238643203155e+00 -1.741000662515428676e-01 3.545566306884164604e-02 9.840758753964281569e-01 6.323161674539122856e+01
9.836704573376441330e-01 1.364142310458409633e-02 1.793894472666703044e-01 1.384307419526022542e+01 -6.916368077938748332e-03 9.992520017729001891e-01 -3.803228778297052665e-02 -1.287002794988695298e+00 -1.797743607329184978e-01 3.616928948429536800e-02 9.830291028172513101e-01 6.420585073882357108e+01
9.831512450596083807e-01 1.485000545803252282e-02 1.821625080510089756e-01 1.403105725627204414e+01 -7.916212872489442401e-03 9.992184480494817889e-01 -3.871413183939531599e-02 -1.344241162158615222e+00 -1.825953193391188778e-01 3.661900844838902186e-02 9.825005213531904369e-01 6.519470776636227072e+01
9.823397921672997191e-01 1.449529672505654732e-02 1.865350945342390543e-01 1.420397987105140380e+01 -7.490456822701049150e-03 9.992420788138685062e-01 -3.819324824082136888e-02 -1.401926620860663775e+00 -1.869476325341908884e-01 3.612039727589948235e-02 9.817038136044032859e-01 6.616578547740229510e+01
9.815849071604334508e-01 1.090554326742158853e-02 1.907080476112595069e-01 1.439290771209422282e+01 -5.296559686968963648e-03 9.995390356423391465e-01 -2.988781100866931897e-02 -1.447008297588630921e+00 -1.909462893170807973e-01 2.832630654010766594e-02 9.811901860729599356e-01 6.714042542079363329e+01
9.812539210030161163e-01 9.051480927982063357e-03 1.924536705458937402e-01 1.457999280047391011e+01 -5.693373532118856627e-03 9.998220103331250108e-01 -1.798635122804580211e-02 -1.497993759364924626e+00 -1.925823364578534425e-01 1.655225751511318552e-02 9.811307899697063739e-01 6.811806213106281405e+01
9.807814719343933563e-01 9.073267727259949622e-03 1.947448943427364521e-01 1.477640457440510069e+01 -6.250101350072576056e-03 9.998665459720604831e-01 -1.508767841934899150e-02 -1.542959547315517321e+00 -1.948558884588901807e-01 1.357876471772114998e-02 9.807073702580667574e-01 6.908335555467762390e+01
9.808769720226386823e-01 9.600112134919545209e-03 1.942644427508942728e-01 1.497613386316157857e+01 -5.382198489917423834e-03 9.997389028017585888e-01 -2.220232626560049091e-02 -1.584360846797683964e+00 -1.944269257874163548e-01 2.073111995623630466e-02 9.806723389054614604e-01 7.005105210942841154e+01
9.805779846840422254e-01 9.907999677940614036e-03 1.957816976152087496e-01 1.515610704355250782e+01 -4.609486185901915702e-03 9.996115856532045152e-01 -2.747624707382578108e-02 -1.632172962276891903e+00 -1.959780270284313397e-01 2.603903296180711674e-02 9.802427802982822680e-01 7.099763621708711980e+01
9.803438196356391021e-01 4.568396033649308775e-03 1.971590933717513594e-01 1.535031205742988192e+01 1.083682520138829885e-03 9.995922639001839638e-01 -2.852871111608085847e-02 -1.671624632551528045e+00 -1.972090317293844486e-01 2.818141617341993199e-02 9.799390828803453690e-01 7.195069571392444630e+01
9.804214502361440209e-01 1.399174893958061213e-03 1.968551747713289113e-01 1.555356666661662324e+01 4.185598106120260592e-03 9.996007768096585311e-01 -2.793716174013012588e-02 -1.718098096369048200e+00 -1.968156509729104553e-01 2.821425891587177326e-02 9.800241835148058023e-01 7.290956611388710940e+01
9.805276215067739720e-01 4.838794062203814359e-04 1.963022800628651254e-01 1.573607978892205495e+01 4.445886999540975618e-03 9.996859291569720751e-01 -2.465185998947048984e-02 -1.758949502143205113e+00 -1.962526008555067203e-01 2.504476034015317223e-02 9.802174290649530164e-01 7.386115021071344700e+01
9.805938822429658419e-01 1.693862466715420189e-03 1.960158786687615784e-01 1.591947405268934013e+01 2.121403171652511653e-03 9.998124453004803014e-01 -1.924977630608261381e-02 -1.796525826204345089e+00 -1.960117176873746592e-01 1.929213806636913275e-02 9.804064795396841836e-01 7.480962996411021493e+01
9.810147785961446099e-01 2.670726180371605675e-03 1.938356995641460356e-01 1.610554846187078581e+01 -1.396811450487999090e-04 9.999145595970753142e-01 -1.306123342478673031e-02 -1.827111047620480377e+00 -1.938540562543960566e-01 1.278609666472783034e-02 9.809313781497064344e-01 7.577043289078955013e+01
9.809474975378743578e-01 1.101300566264278892e-02 1.938891904686422807e-01 1.627496284348524114e+01 -9.065407169401519874e-03 9.998991333657267777e-01 -1.092085864991136114e-02 -1.867606589209635848e+00 -1.939900379274138997e-01 8.953803602301182649e-03 9.809484607254274069e-01 7.669283192412301275e+01
9.813732612056643712e-01 1.867584764417365775e-02 1.911202322270012799e-01 1.644452451490711553e+01 -1.708739467304863993e-02 9.998042753298174157e-01 -9.951638395240528304e-03 -1.896266758893454973e+00 -1.912688497636551022e-01 6.497323987044944203e-03 9.815005979058941676e-01 7.764856538760228943e+01
9.817590417786484780e-01 1.622502025434442025e-02 1.893637206890639857e-01 1.662139384021067201e+01 -1.489542941696012437e-02 9.998533395894551035e-01 -8.439575236845024003e-03 -1.923486338927986594e+00 -1.894729659464798877e-01 5.463657335565651890e-03 9.818568259187314684e-01 7.859800769226562522e+01
9.824077628625604852e-01 1.184390154420753537e-02 1.863313225069367085e-01 1.679769656634104180e+01 -1.031868776585376062e-02 9.999047478304532444e-01 -9.149274570579572080e-03 -1.958080503143938778e+00 -1.864220019358895641e-01 7.064223492057446555e-03 9.824366467357280586e-01 7.951813921255104844e+01
9.836610308568415340e-01 9.990348434945050052e-03 1.795984560101881178e-01 1.696578068784056725e+01 -8.053030131882448622e-03 9.999013131087033379e-01 -1.149876441850056913e-02 -1.983580489083157650e+00 -1.796957654652669989e-01 9.861723325247635438e-03 9.836445513858652623e-01 8.046427053737824053e+01
9.852625482060579643e-01 5.952011343797277212e-03 1.709561453003027587e-01 1.712118076753363738e+01 -4.233007569404763359e-03 9.999366483574604336e-01 -1.041634982208691773e-02 -2.016060903745502841e+00 -1.710073428447513311e-01 9.538937872104772883e-03 9.852254555360910881e-01 8.139973377009519595e+01
9.865313181669264075e-01 -2.355408678023388110e-03 1.634295379734161668e-01 1.728165252100222204e+01 3.845932835507063531e-03 9.999537679575566385e-01 -8.792978119264655348e-03 -2.048943165761099472e+00 -1.634012230620669193e-01 9.303722660728663135e-03 9.864948767012923225e-01 8.232753109996920671e+01
9.886853595030093977e-01 -1.182479478843627028e-03 1.498484399125921684e-01 1.741821875206101211e+01 2.570852193422567232e-03 9.999555394146747433e-01 -9.053841083331185674e-03 -2.078051091503010372e+00 -1.498310210194958025e-01 9.337144445379952015e-03 9.886444862141521295e-01 8.327518923367243531e+01
9.902873576110550191e-01 3.330264749121113112e-03 1.388550944528814113e-01 1.752582783795409327e+01 -2.265195272963412085e-03 9.999667025569886070e-01 -7.814600972077451191e-03 -2.099130105263374180e+00 -1.388765078872783165e-01 7.423414929244699124e-03 9.902620159199082561e-01 8.420712610711733248e+01
9.921273354103027353e-01 4.256395791431521721e-04 1.250790348075345726e-01 1.764208167519531045e+01 4.795948510653948507e-06 9.999939759890387192e-01 -3.433226160703654536e-03 -2.118781098997751133e+00 -1.250797785341518642e-01 3.406748402958591215e-03 9.921213662892575114e-01 8.514878991232932037e+01
9.936089633758982131e-01 1.202382963188537929e-03 1.127881410193855433e-01 1.774255437672265501e+01 -9.573174920530510374e-04 9.999970045759635218e-01 -2.223543633015666061e-03 -2.148981041154461202e+00 -1.127904782740273282e-01 2.101085230735112806e-03 9.936070476044739364e-01 8.608456897690506082e+01
9.950530646918875899e-01 1.605986416954717933e-03 9.915750925963232043e-02 1.782424938940921777e+01 -1.417035613155244976e-03 9.999969487524421607e-01 -1.969230053202493825e-03 -2.163593755592782664e+00 -9.916037936428587218e-02 1.818476605804073866e-03 9.950523372674928702e-01 8.701902023616774784e+01
9.962837467109915135e-01 -1.609881081350653716e-03 8.593037843202354364e-02 1.790391557101433762e+01 1.703710870727664440e-03 9.999978771158217761e-01 -1.013510480318673959e-03 -2.183627982476695095e+00 -8.592856656011416128e-02 1.156797422038098253e-03 9.962844252721556604e-01 8.796456099751165425e+01
