1 0 0 0 0 1 0 0 0 0 1 0
0.99993463 -0.0025200067 0.011152963 -0.0083313084 0.0025064522 0.9999961 0.0012291537 -0.0070409008 -0.011156018 -0.001201119 0.99993705 0.31244568
0.99983547 -0.0046188951 0.017541143 0.0039772908 0.0045958624 0.99998852 0.0013531674 -0.011076383 -0.017547193 -0.0012723281 0.99984523 0.60895521
0.99977869 -0.0068659164 0.019885597 0.017450558 0.0068603974 0.99997641 0.00034576505 -0.022188239 -0.019887504 -0.00020926541 0.9998022 0.88789185
0.99980017 -0.0089984823 0.017850698 0.023542049 0.0090231221 0.99995845 -0.0013002313 -0.025149284 -0.017838258 0.0014610405 0.99983982 1.2119064
0.99986123 -0.012155551 0.011390954 0.021159493 0.01218886 0.99992163 -0.0028592201 -0.027164912 -0.011355306 0.0029976662 0.99993103 1.5285381
0.99991945 -0.012655801 -0.0009601367 0.014850744 0.012651716 0.99991136 -0.004148833 -0.035426348 0.0010125585 0.0041363516 0.99999093 1.8574839
0.99979636 -0.011611032 -0.016505123 -0.0043636496 0.011534934 0.99992243 -0.0046983482 -0.034797393 0.016558396 0.004507006 0.99985274 2.1711169
0.99930813 -0.0082418413 -0.03626748 -0.053485061 0.0080620884 0.9999545 -0.0050997835 -0.047804479 0.036307865 0.0048038635 0.99932911 2.523325
0.99847707 -0.0038111647 -0.055036474 -0.086137055 0.003486448 0.99997595 -0.0059948414 -0.051181399 0.055058003 0.00579383 0.99846635 2.8643756
0.99719093 -0.0036427926 -0.074812901 -0.14124797 0.0031711731 0.99997435 -0.0064218111 -0.057145972 0.074834382 0.0061665272 0.99717691 3.2221938
0.9952696 -0.0043011128 -0.09705631 -0.1864812 0.0037398584 0.99997522 -0.005963951 -0.064008706 0.097079565 0.0055727623 0.99526102 3.605539
0.99323752 -0.0053404451 -0.11597722 -0.24719525 0.0047831235 0.99997564 -0.0050832189 -0.069033752 0.11600155 0.0044941103 0.99323887 4.0169496
0.99105479 -0.0052694596 -0.13335157 -0.31966483 0.0047099803 0.99997873 -0.0045106282 -0.084315745 0.13337252 0.0038421963 0.99105853 4.3931446
0.98873784 -0.0040597084 -0.14960282 -0.39465878 0.0035146527 0.99998619 -0.0039075628 -0.081671298 0.14961663 0.0033377532 0.98873845 4.8020305
0.98664443 -0.0036755611 -0.16284736 -0.4836712 0.003107949 0.99998818 -0.0037401727 -0.091577811 0.1628592 0.0031840992 0.98664418 5.2050389
0.98459638 -0.0051212185 -0.17476767 -0.56614671 0.0043784251 0.99997967 -0.0046354868 -0.10607253 0.17478787 0.0037988763 0.98459879 5.6679267
0.98270718 -0.0078926749 -0.18499814 -0.65638327 0.0067853702 0.99995508 -0.0066178436 -0.11264594 0.18504207 0.0052481215 0.98271659 6.0788161
0.9813042 -0.0066516095 -0.19234818 -0.75619216 0.005097844 0.99995027 -0.0085716605 -0.11818139 0.19239564 0.0074308454 0.98128931 6.5540327
0.97969409 -0.0069870217 -0.20037633 -0.86929828 0.004990176 0.99993275 -0.010468832 -0.12798329 0.20043601 0.0092563402 0.97966307 7.0237256
0.9781836 -0.0074276115 -0.20760944 -0.96874936 0.0048121499 0.99990261 -0.013100186 -0.13680171 0.20768654 0.011815339 0.97812407 7.5033043
0.97648722 -0.011215711 -0.21528332 -1.0735755 0.0082059087 0.99985577 -0.014869379 -0.14632687 0.21541906 0.012753163 0.97643842 8.0059639
0.97452873 -0.01738248 -0.22358802 -1.1883848 0.014146133 0.99977082 -0.01606832 -0.16450568 0.22381611 0.012496133 0.97455128 8.5163956
0.97252383 -0.018176586 -0.23209265 -1.3388362 0.01433745 0.99973124 -0.018217683 -0.18957245 0.23236143 0.014389515 0.97252307 9.0342889
0.97066032 -0.014331381 -0.24002739 -1.4870427 0.0091179481 0.99969809 -0.022816662 -0.19103258 0.24028194 0.019958671 0.97049794 9.5728107
0.96866324 -0.010792342 -0.2481432 -1.6541961 0.0046083621 0.9996645 -0.025488391 -0.20946838 0.24833505 0.023546134 0.96838799 10.135
0.96604885 -0.013522149 -0.25800537 -1.8011921 0.0065581345 0.99959107 -0.027833304 -0.23554468 0.25827625 0.025196297 0.96574248 10.662274
0.96376542 -0.01573082 -0.26628698 -1.9673494 0.0080231976 0.99951746 -0.030008035 -0.26391752 0.26663056 0.026784233 0.96342657 11.226237
0.96170287 -0.016243275 -0.27361238 -2.1327316 0.0077279061 0.9994525 -0.032171177 -0.28824426 0.27398517 0.028824663 0.96130186 11.807697
0.95931779 -0.015307402 -0.28191321 -2.3309657 0.0054724766 0.99934968 -0.035640768 -0.30649669 0.28227547 0.03264806 0.9587777 12.38149
0.95703546 -0.015754606 -0.28954259 -2.504411 0.0041928562 0.99917041 -0.040508112 -0.33480251 0.2899406 0.03755369 0.95630757 12.967111
0.95535099 -0.01739589 -0.29496077 -2.6999602 0.0034004883 0.99884658 -0.047895065 -0.37429155 0.29545376 0.044753588 0.95430823 13.597342
0.95395534 -0.016954122 -0.29946913 -2.9193671 0.00016392582 0.99843059 -0.056002886 -0.40929527 0.29994864 0.053375162 0.95246098 14.221004
0.9531904 -0.016581618 -0.30191571 -3.1063424 -0.0030763243 0.99791173 -0.064519046 -0.45109644 0.30235509 0.062427727 0.95114888 14.857652
0.95166553 -0.01671261 -0.30668126 -3.3425767 -0.0062484406 0.99725828 -0.073735232 -0.50640081 0.30707276 0.072087559 0.9489519 15.48387
0.95037014 -0.015788116 -0.31072064 -3.5728609 -0.0097798219 0.99670208 -0.080556274 -0.56518297 0.31096777 0.079597072 0.9470815 16.132474
0.94836737 -0.015267393 -0.31680629 -3.8223248 -0.01300449 0.99612917 -0.086934284 -0.62384444 0.31690727 0.086565544 0.94449785 16.784689
0.94707221 -0.013207023 -0.3207488 -4.0474722 -0.017610861 0.99551127 -0.092990203 -0.69721483 0.32053719 0.093717102 0.94258847 17.460009
0.94526048 -0.011089344 -0.32612827 -4.3163801 -0.022272637 0.99489912 -0.098385275 -0.77090114 0.32555578 0.10026345 0.94019183 18.120295
0.94356624 -0.0088583356 -0.33106537 -4.5744466 -0.026275953 0.99448863 -0.10149843 -0.8508454 0.33013988 0.10446955 0.93813314 18.833392
0.94195997 -0.0082082886 -0.33562485 -4.809176 -0.027952137 0.99431256 -0.10276771 -0.92742231 0.33455958 0.1061845 0.93637319 19.527078
0.93951728 -0.0066300753 -0.3424373 -5.1058132 -0.029985769 0.99438127 -0.10152214 -1.0190615 0.34118637 0.10565006 0.93403958 20.237988
0.93694344 -0.007404255 -0.34940257 -5.3778791 -0.029540517 0.99451965 -0.10028967 -1.0991493 0.34823032 0.10428728 0.93158994 20.972873
0.93514046 -0.0067356491 -0.35421314 -5.6636319 -0.03025499 0.99464839 -0.098788727 -1.1836154 0.35298296 0.10309805 0.92993216 21.71238
0.93211767 -0.0071509753 -0.36208493 -5.9273552 -0.029272319 0.99504608 -0.095007528 -1.2666349 0.36097061 0.099157264 0.92729071 22.388848
0.92811971 -0.0033130642 -0.37226713 -6.3028049 -0.032620981 0.99539039 -0.090187832 -1.3540551 0.37084995 0.095848825 0.92373336 23.231388
0.92521049 -0.0025493652 -0.37944569 -6.5968465 -0.031838149 0.9959297 -0.084322938 -1.4307592 0.37811623 0.090097317 0.92136345 23.93644
0.92188017 0.00091936695 -0.387474 -6.9350183 -0.034952647 0.99611762 -0.080796007 -1.5041172 0.38589543 0.088027479 0.91833322 24.71444
0.91811189 0.0020261948 -0.39631609 -7.2467628 -0.036232222 0.99622841 -0.078842819 -1.5800743 0.39466163 0.086745944 0.91472256 25.432139
0.9140895 0.0024610257 -0.40550501 -7.6377148 -0.037421065 0.99622661 -0.078308428 -1.6599962 0.4037822 0.086755343 0.91073238 26.207783
0.91121917 0.0029102806 -0.41191158 -7.9928511 -0.03804752 0.99629493 -0.077128517 -1.7251654 0.41016098 0.085953198 0.90795376 26.94608
0.90708916 0.0031655458 -0.42092661 -8.3667911 -0.038380893 0.99642831 -0.075216555 -1.8009487 0.41918513 0.084383663 0.90397082 27.729962
0.90357356 0.0042681024 -0.42841171 -8.7517295 -0.039357397 0.9965491 -0.073081398 -1.8787604 0.42662142 0.08289559 0.9006234 28.508659
0.89870652 0.0050685153 -0.43852125 -9.1301457 -0.039069755 0.99688254 -0.068547479 -1.944437 0.43680678 0.078736986 0.89610286 29.285713
0.89616465 0.0055412242 -0.44368705 -9.5574209 -0.037834427 0.99723476 -0.063963941 -2.0166619 0.44210575 0.074108869 0.89389619 30.124576
0.89243923 0.0061963368 -0.45112505 -9.9469621 -0.03699966 0.99754278 -0.059493115 -2.0857465 0.44964793 0.069785464 0.89047557 30.920474
0.88977316 0.0036941528 -0.45638805 -10.401773 -0.033800986 0.99775452 -0.057822176 -2.1520966 0.45514968 0.066874987 0.88790006 31.752032
0.88536606 0.0017155383 -0.46489136 -10.858665 -0.031562826 0.99790767 -0.056427601 -2.205754 0.46382189 0.064632369 0.88356773 32.547498
0.88216023 0.0053610663 -0.47091886 -11.270903 -0.0351542 0.99789512 -0.054493151 -2.266831 0.46963553 0.064626467 0.88049185 33.358023
0.87965597 0.0021361913 -0.47560572 -11.740837 -0.031210299 0.99809379 -0.05324201 -2.3219225 0.47458542 0.06167845 0.87804583 34.192171
0.87696945 0.00080029917 -0.48054545 -12.251713 -0.029882609 0.9981541 -0.052871818 -2.3912037 0.47961613 0.060726922 0.87537456 35.061362
0.87459679 0.0013483188 -0.48484907 -12.710477 -0.03105549 0.99809851 -0.053243939 -2.4490377 0.48385539 0.061624205 0.87297563 35.886241
0.87431013 0.0027361427 -0.48535997 -13.235431 -0.033001057 0.99800514 -0.05382082 -2.5083614 0.48424452 0.063073481 0.87265629 36.759676
0.87282363 0.0030487589 -0.48802622 -13.707934 -0.033138819 0.99804274 -0.053033114 -2.5738178 0.48690938 0.062461169 0.87121632 37.630172
0.87361208 0.0011893673 -0.48662152 -14.267429 -0.029979846 0.99822899 -0.051381806 -2.6357381 0.48569864 0.059476605 0.87210056 38.531385
0.87292205 -0.0002287836 -0.48785963 -14.741869 -0.02800634 0.99832727 -0.050579611 -2.6942928 0.48705519 0.057815221 0.87145549 39.395594
0.87274158 -0.0020493416 -0.48817815 -15.242471 -0.0263222 0.99833899 -0.051248533 -2.7583285 0.48747235 0.057576649 0.871238 40.310648
0.87127007 -0.0021281437 -0.49079926 -15.788902 -0.02704068 0.99826361 -0.052331337 -2.8311415 0.49005845 0.058866274 0.86969966 41.259338
0.86983858 -0.0034327965 -0.49332448 -16.279612 -0.024686915 0.99842012 -0.050475911 -2.893445 0.4927184 0.056084555 0.8683796 42.157424
0.86825601 -0.0016411451 -0.49611369 -16.832725 -0.024855188 0.99859487 -0.046802788 -2.9615583 0.49549344 0.052967801 0.8669952 43.067354
0.86598153 -0.0003387044 -0.50007584 -17.34228 -0.023951339 0.99882404 -0.042153049 -3.0302889 0.49950209 0.048481249 0.86495506 43.984489
0.86079279 -0.0044312246 -0.50893626 -17.885428 -0.018734605 0.99900854 -0.040385101 -3.0788958 0.50861067 0.044297924 0.85985633 44.885903
0.8551822 -0.008703904 -0.5182544 -18.421911 -0.015548105 0.9989783 -0.04243374 -3.1412286 0.51809428 0.044346453 0.85417313 45.767997
0.84995645 -0.0094456831 -0.52676824 -19.006191 -0.017217822 0.99880721 -0.045691468 -3.203227 0.52657155 0.047905561 0.84878 46.660528
0.84440621 -0.010071315 -0.53560872 -19.612909 -0.017147544 0.99880277 -0.045814691 -3.2685873 0.53542893 0.047870584 0.84322256 47.587489
0.83926772 -0.007085413 -0.54367221 -20.200825 -0.017688482 0.99903001 -0.040325605 -3.3214903 0.54343062 0.043460715 0.83832831 48.496224
0.8335741 -0.0040856996 -0.55239253 -20.798773 -0.018497496 0.99920543 -0.035303673 -3.3881636 0.5520979 0.039646107 0.83283619 49.36458
0.82998394 -0.003064272 -0.55777884 -21.441876 -0.021012841 0.99910332 -0.036756223 -3.4439503 0.55739137 0.042227594 0.82917532 50.253964
0.82698581 -0.005812507 -0.56219272 -22.028408 -0.020935014 0.99893473 -0.041123395 -3.4917533 0.56183291 0.045777977 0.82598316 51.102176
0.82421317 -0.0067156456 -0.56623981 -22.647056 -0.024814834 0.99854082 -0.047962996 -3.5590143 0.56573571 0.053582881 0.82284385 51.960527
0.82047776 -0.0055580254 -0.5716514 -23.291241 -0.027993176 0.99836261 -0.049884775 -3.6293117 0.57099269 0.056931688 0.81897873 52.859067
0.81751539 -0.0042337569 -0.57589116 -23.888792 -0.027364521 0.99855794 -0.046186794 -3.6935155 0.57525629 0.053517401 0.81622063 53.672433
0.81467804 -0.0027585228 -0.57990693 -24.51511 -0.025365725 0.99886212 -0.040386276 -3.7570983 0.57935852 0.047611572 0.81368106 54.568943
0.81204018 -0.0031666157 -0.58359291 -25.172645 -0.023315402 0.99901091 -0.037862909 -3.8198112 0.58313563 0.044352908 0.81116317 55.459097
0.80965712 -0.00040707197 -0.58690301 -25.788762 -0.026998391 0.9989153 -0.037938241 -3.8713388 0.58628189 0.046562405 0.8087679 56.307103
0.80532831 -0.0016163339 -0.59282684 -26.466094 -0.027088787 0.99885144 -0.039522237 -3.9279089 0.59220987 0.047887337 0.80435956 57.169729
0.80240434 -0.0044741809 -0.59676396 -27.064819 -0.025906895 0.99876807 -0.042322382 -3.9980057 0.59621819 0.049419964 0.80129992 58.067336
0.79684663 -0.005272443 -0.60415861 -27.742555 -0.025704789 0.99876067 -0.042619075 -4.0467971 0.60363462 0.049490636 0.79572354 58.865562
0.79358001 -0.0049728127 -0.60844557 -28.414272 -0.025676219 0.9988022 -0.041652023 -4.1146911 0.60792395 0.048676795 0.79250178 59.701441
0.78840619 -0.0068958566 -0.61511633 -29.056178 -0.023252288 0.9988885 -0.041001087 -4.1648474 0.61471542 0.046628373 0.78736954 60.543345
0.78314119 -0.0049734265 -0.62182401 -29.754608 -0.02694897 0.99875711 -0.04192841 -4.2404229 0.62125973 0.049593382 0.78203381 61.408655
0.77750888 -0.0087369397 -0.62881124 -30.451609 -0.02341226 0.99880817 -0.042826469 -4.2932609 0.62843603 0.048019852 0.77637767 62.234079
0.77278347 -0.0088519182 -0.634608 -31.144089 -0.024362928 0.99875202 -0.043598785 -4.3606601 0.63420201 0.04915333 0.7716034 63.061425
0.76639402 -0.013190011 -0.64223531 -31.883818 -0.01967167 0.99883835 -0.043988452 -4.4075004 0.64206952 0.046346328 0.76524427 63.913833
0.76164116 -0.013444468 -0.64785952 -32.53119 -0.021456706 0.99871325 -0.045950512 -4.4779038 0.64764373 0.048898732 0.76037264 64.716989
0.75563651 -0.015414761 -0.65480975 -33.300141 -0.019300089 0.99876492 -0.045783638 -4.5456687 0.65470681 0.047233676 0.75440574 65.559947
0.74942913 -0.016304452 -0.66188375 -34.00504 -0.01755033 0.99885624 -0.044476891 -4.6156212 0.66185194 0.044948557 0.74828582 66.371466
0.74111711 -0.014370915 -0.67122193 -34.791165 -0.019113241 0.99891404 -0.042490353 -4.6694629 0.67110369 0.044319554 0.74003761 67.118717
0.73537344 -0.014854061 -0.67749924 -35.568844 -0.01995005 0.99885187 -0.043553912 -4.7545038 0.67736839 0.045544534 0.7342328 67.984189
0.7298275 -0.017043322 -0.68341883 -36.310801 -0.019768892 0.99874496 -0.046018357 -4.8204047 0.68334548 0.047095897 0.72857462 68.86186
0.72556064 -0.017226098 -0.68794257 -37.11764 -0.019484736 0.99877159 -0.045559461 -4.8792632 0.68788236 0.046460531 0.72433371 69.656584
0.72053531 -0.01582377 -0.69323764 -37.940006 -0.021321511 0.99876129 -0.044958708 -4.9393623 0.69309039 0.047175211 0.71930539 70.439526
0.71573227 -0.01685021 -0.69817143 -38.714083 -0.019891343 0.99881144 -0.044497749 -5.0041048 0.69809146 0.045736043 0.71454641 71.276501
0.71199892 -0.017978646 -0.70195033 -39.531498 -0.020108167 0.99874013 -0.04597617 -5.0729248 0.70189261 0.046849918 0.71074038 72.065702
0.70550756 -0.018302522 -0.70846599 -40.294931 -0.022078721 0.99861361 -0.047784723 -5.1515376 0.70835842 0.049354507 0.70412536 72.849872
0.70126864 -0.019051608 -0.71264247 -41.167862 -0.024542603 0.9984051 -0.050842014 -5.2183839 0.71247456 0.053144012 0.69968261 73.669846
0.69649652 -0.022416216 -0.71720992 -41.967363 -0.020843359 0.99845814 -0.051447949 -5.2823392 0.71725741 0.050782381 0.6949554 74.462482
0.68946043 -0.021471243 -0.72400501 -42.811489 -0.021303102 0.99852704 -0.049899187 -5.3586225 0.72401004 0.049827068 0.68798748 75.226322
0.68765384 -0.017977508 -0.72581607 -43.679956 -0.025304473 0.9984926 -0.04870535 -5.4455114 0.72559764 0.051858815 0.68616236 76.06907
0.68242979 -0.020956179 -0.73065065 -44.571898 -0.022223728 0.99853197 -0.049396449 -5.517381 0.73061326 0.04994739 0.68096224 76.844262
0.67554417 -0.023038381 -0.73695947 -45.38268 -0.019748601 0.99858776 -0.049320074 -5.5726006 0.73705503 0.047871807 0.67413516 77.557019
0.6717907 -0.02333541 -0.74037333 -46.265526 -0.019158084 0.99862196 -0.048858424 -5.655225 0.74049326 0.04700677 0.67041789 78.371577
0.66753565 -0.024468951 -0.74417563 -47.198737 -0.017931976 0.99864166 -0.048921175 -5.7255192 0.7443619 0.046001169 0.66619014 79.167273
0.66392094 -0.027297387 -0.74730435 -48.074886 -0.015037674 0.9986441 -0.049838062 -5.7972054 0.74765159 0.044326253 0.66261024 79.89436
0.65817061 -0.03203205 -0.75218705 -48.97239 -0.011775576 0.99853427 -0.052826536 -5.8787931 0.75277675 0.043626309 0.65682871 80.693033
0.65363322 -0.035878174 -0.75596053 -49.895897 -0.0088554764 0.9984447 -0.055043357 -5.9598529 0.7567597 0.042672557 0.65229891 81.520121
0.6476765 -0.038532861 -0.76094042 -50.777824 -0.0047857681 0.99849489 -0.054635675 -6.0456689 0.76190045 0.039027927 0.64651726 82.274337
0.63992152 -0.044379074 -0.76715768 -51.745412 0.0032987459 0.9984804 -0.055009156 -6.1282509 0.76843322 0.032670885 0.63909549 83.06455
0.63165244 -0.044381941 -0.77398023 -52.635522 0.0044677465 0.99855178 -0.05361326 -6.2057465 0.77523886 0.030406999 0.63093595 83.760619
0.62270145 -0.045197104 -0.78115304 -53.536996 0.0082605887 0.99865443 -0.051196635 -6.2759835 0.78241595 0.025427435 0.62223692 84.531866
0.61434554 -0.04327053 -0.78784971 -54.565114 0.0048543616 0.99868355 -0.051064702 -6.3637106 0.7890222 0.027546865 0.61374684 85.324298
0.60674915 -0.044471194 -0.79364837 -55.499347 0.0034976478 0.99857349 -0.053279969 -6.4413748 0.79488571 0.029551673 0.60603916 86.012654
0.59381801 -0.046839868 -0.8032348 -56.523949 0.0043443105 0.99847616 -0.055013505 -6.5313104 0.80458769 0.029178509 0.59311662 86.770635
0.58793013 -0.048094839 -0.80748064 -57.536944 0.0039682136 0.99839038 -0.056576454 -6.6034036 0.80890201 0.030058747 0.58717464 87.468853
0.57677602 -0.050421412 -0.81534474 -58.515628 0.0092634889 0.99843286 -0.055190687 -6.6823214 0.81684984 0.024279728 0.57633921 88.162864
0.5662205 -0.049842459 -0.82274542 -59.608898 0.0098655077 0.99850834 -0.053700765 -6.7707023 0.82419481 0.022289672 0.56586761 88.872713
0.5557505 -0.050287216 -0.8298268 -60.583388 0.010849525 0.99852259 -0.053243993 -6.8500724 0.83127837 0.020587149 0.55547503 89.550052
0.54633844 -0.050909072 -0.83601586 -61.595745 0.0077346025 0.99841515 -0.055743773 -6.9433798 0.83752883 0.023988716 0.54586634 90.229928
0.53600553 -0.051398275 -0.84264834 -62.728069 0.0070538992 0.99838274 -0.056410509 -7.0262881 0.84418503 0.024292388 0.53550123 90.90431
0.52749598 -0.052218525 -0.84795115 -63.725243 0.006234219 0.99832026 -0.057600353 -7.1114654 0.84953469 0.025097641 0.52693547 91.519526
0.51956558 -0.050980185 -0.8529083 -64.789957 0.002852375 0.99831634 -0.057933961 -7.204876 0.85442585 0.027667677 0.51883622 92.171948
0.50674 -0.049219869 -0.86069269 -65.911412 0.0018598742 0.99842895 -0.056001485 -7.299125 0.86209696 0.026777413 0.50603544 92.831821
0.50005695 -0.047450955 -0.8646915 -66.989251 0.0030657426 0.99858844 -0.053025766 -7.379146 0.86598713 0.023864981 0.49949656 93.424621
0.49059765 -0.04909148 -0.87000225 -68.118067 0.0057878187 0.99857335 -0.053082568 -7.4641597 0.87136704 0.021006768 0.49018187 94.063442
0.48752856 -0.051721582 -0.8715737 -69.234765 0.0059771444 0.99841817 -0.055905472 -7.5545669 0.87308662 0.022045992 0.48706652 94.658532
0.47797129 -0.053598633 -0.8767386 -70.286788 0.0063286497 0.99832076 -0.057581263 -7.6436074 0.8783527 0.021973619 0.47750787 95.26063
0.47304548 -0.057524373 -0.87915804 -71.452168 0.0087634969 0.99812408 -0.06059312 -7.7381882 0.88099446 0.020958803 0.4726622 95.898542
0.46550797 -0.060612047 -0.88296571 -72.547022 0.010419694 0.99795835 -0.063012467 -7.834631 0.88498239 0.020132572 0.46518912 96.465038
0.4619647 -0.059853674 -0.88487631 -73.698347 0.01022991 0.99801342 -0.062165651 -7.9340895 0.88683935 0.019666131 0.46165927 97.048989
0.45965466 -0.058883271 -0.88614349 -74.836148 0.013616606 0.99814954 -0.059262832 -8.0311776 0.88799338 0.015174169 0.45960588 97.632058
0.45407865 -0.0589088 -0.88901196 -75.950941 0.019343685 0.99822843 -0.056265705 -8.1335197 0.89075163 0.0083522878 0.45441373 98.22059
0.44943 -0.057304483 -0.89147563 -77.04949 0.019234817 0.9983298 -0.054476048 -8.2219227 0.89310848 0.0073357995 0.44978161 98.805934
0.44793999 -0.057159375 -0.89223456 -78.154894 0.02025525 0.99834691 -0.053788265 -8.3109229 0.89383419 0.0060214805 0.44835728 99.344288
0.44518255 -0.055649685 -0.89370887 -79.292007 0.021729931 0.99844443 -0.051347071 -8.4054416 0.89517617 0.0034385876 0.4456993 99.88687
0.44328357 -0.056428882 -0.89460348 -80.416665 0.025214953 0.9984066 -0.050482247 -8.4867497 0.89602676 -0.00017943491 0.4440001 100.39783
0.44080027 -0.055604845 -0.89588121 -81.506431 0.025232407 0.99845256 -0.049556066 -8.5692385 0.89725053 -0.00076091271 0.44152121 100.96552
0.43636233 -0.056559892 -0.89799155 -82.596266 0.028985998 0.99838798 -0.048798142 -8.6584092 0.89930406 -0.0047355113 0.43729835 101.51014
0.43443555 -0.05549328 -0.89899176 -83.699418 0.03171037 0.99842381 -0.0463071 -8.73899 0.90014458 -0.0083899118 0.43551051 102.06984
0.43261008 -0.054812889 -0.89991333 -84.766569 0.033274249 0.99844085 -0.044818375 -8.8181314 0.90096693 -0.01055506 0.43375944 102.56759
0.42970744 -0.055205589 -0.90127898 -85.842222 0.034436223 0.99840513 -0.044736473 -8.9014321 0.90231133 -0.011813049 0.43092318 103.10976
0.42871511 -0.056392992 -0.90167795 -86.844095 0.034924041 0.99833843 -0.045833247 -8.9751716 0.9027645 -0.011840833 0.42997224 103.56685
0.42844452 -0.058804378 -0.90165252 -87.94498 0.037807386 0.99817282 -0.047134083 -9.0648179 0.90277681 -0.013894786 0.42988491 104.05037
0.42991991 -0.057426119 -0.90103887 -89.025235 0.032944399 0.99830839 -0.047906395 -9.138365 0.90226582 -0.0090882718 0.43108452 104.57349
0.43277374 -0.057956289 -0.89963765 -89.998617 0.031448717 0.99829453 -0.049183434 -9.2177779 0.90095391 -0.0070071519 0.4338583 105.02736
0.43446519 -0.058512504 -0.89878597 -91.023191 0.031507159 0.99826419 -0.049758426 -9.2964909 0.90013741 -0.0066998894 0.43555461 105.54156
0.44164519 -0.058421793 -0.89528562 -92.048897 0.02873159 0.99828682 -0.050969809 -9.3774933 0.89672966 -0.0032124091 0.44256713 105.98982
0.44610908 -0.059155318 -0.89302143 -93.060359 0.029085832 0.99824441 -0.05159564 -9.4513772 0.89450588 -0.0029569883 0.44704648 106.47302
0.45348545 -0.058958766 -0.88931139 -94.091948 0.029403907 0.9982561 -0.051187587 -9.5396468 0.89077855 -0.0029364038 0.45442824 107.01298
0.46108391 -0.056838578 -0.88553427 -95.037123 0.02690725 0.99838311 -0.050071667 -9.6132628 0.88694853 -0.00074005254 0.46186776 107.50995
0.47087821 -0.055828276 -0.88042992 -96.000843 0.026194563 0.99844037 -0.049301773 -9.6861375 0.88180929 0.00015265325 0.47160622 108.02267
0.47949537 -0.054926895 -0.8758237 -97.012317 0.024502989 0.9984881 -0.049204858 -9.7612103 0.87720229 0.0021332023 0.4801163 108.54873
0.48939056 -0.056224296 -0.87025033 -97.947886 0.023839975 0.99840907 -0.051097698 -9.8317378 0.87173884 0.0042599843 0.48995236 109.09765
0.5022195 -0.057874922 -0.86280125 -98.903663 0.022492591 0.99829454 -0.053871041 -9.9088091 0.86444764 0.0076484516 0.50266475 109.61555
0.51248621 -0.057511324 -0.85676734 -99.839386 0.019311461 0.99827421 -0.055458713 -9.9940902 0.85847831 0.011876396 0.51271239 110.15078
0.52256064 -0.055277779 -0.85080825 -100.75327 0.016834048 0.99837046 -0.05452567 -10.070826 0.85243595 0.014170422 0.52263966 110.73226
0.53745479 -0.053952336 -0.84156487 -101.72359 0.016779608 0.99843791 -0.053293309 -10.150003 0.84312564 0.014521616 0.53752054 111.31309
0.54852731 -0.051614031 -0.83453803 -102.59347 0.015501182 0.99854912 -0.051569038 -10.217756 0.83598897 0.0153507 0.54853154 111.89446
0.5604678 -0.051905987 -0.82654798 -103.49488 0.016968632 0.9985442 -0.051200961 -10.300376 0.8280024 0.014671101 0.56053265 112.46774
0.57267843 -0.052859125 -0.81807413 -104.38567 0.01872794 0.99850216 -0.051407156 -10.376088 0.81956619 0.014118926 0.57281059 113.11096
0.58364294 -0.052857836 -0.81028817 -105.22471 0.016766947 0.99845081 -0.053055247 -10.456077 0.81183733 0.017379261 0.58362502 113.71851
0.59463807 -0.054916151 -0.80211578 -106.06261 0.019530949 0.99835679 -0.053872606 -10.520172 0.80375628 0.01636862 0.59473352 114.34335
0.60545222 -0.053627664 -0.79407281 -106.89418 0.018164311 0.99839849 -0.053577149 -10.603404 0.79567438 0.018014618 0.60545669 114.98381
0.6155794 -0.052762868 -0.78630658 -107.71413 0.019219835 0.99846459 -0.051952409 -10.669631 0.7878405 0.01686815 0.61564833 115.60004
0.62492173 -0.050836243 -0.77903046 -108.50298 0.020462277 0.99860138 -0.048750111 -10.746138 0.78041923 0.014524266 0.62508793 116.19885
0.63584266 -0.047724266 -0.77034178 -109.28213 0.016959557 0.99870941 -0.047873639 -10.811367 0.77163238 0.017375447 0.63583144 116.85093
0.64527675 -0.048138688 -0.76243067 -110.04789 0.016776817 0.99866496 -0.048855238 -10.889243 0.76376469 0.018733989 0.64522289 117.50387
0.65528413 -0.046979992 -0.75392011 -110.82303 0.01400098 0.99864803 -0.050060817 -10.955719 0.75525275 0.022248439 0.65505598 118.13739
0.66374849 -0.046102866 -0.74653361 -111.50762 0.013281125 0.99866764 -0.04986529 -11.024728 0.74783795 0.023183204 0.66347644 118.80425
0.67326194 -0.044151018 -0.73808469 -112.25579 0.012833792 0.99876307 -0.048037716 -11.089779 0.7392927 0.022869541 0.67299579 119.45255
0.68077373 -0.043111676 -0.73122395 -112.95966 0.013633422 0.99883931 -0.046197012 -11.155472 0.73236692 0.021480628 0.68057132 120.10827
0.68910295 -0.042568732 -0.72341204 -113.67436 0.013505719 0.9988542 -0.045911768 -11.217933 0.72453762 0.021867735 0.6888883 120.77865
0.6966983 -0.040932182 -0.7161955 -114.34276 0.011930006 0.99889384 -0.045483795 -11.278973 0.71726508 0.023144267 0.69641596 121.43929
0.70418126 -0.040151402 -0.70888404 -114.98851 0.011916756 0.9989275 -0.044741852 -11.340991 0.70992027 0.023058775 0.7039045 122.10111
0.71231257 -0.037029237 -0.70088487 -115.6794 0.01040958 0.99905483 -0.042202885 -11.408202 0.70178522 0.022765728 0.71202477 122.76625
0.71874368 -0.035021979 -0.6943925 -116.33439 0.009943147 0.99914618 -0.040100523 -11.459356 0.69520407 0.02191755 0.71847823 123.43554
0.72709623 -0.033856929 -0.68570018 -116.99194 0.0099921392 0.99919933 -0.038740801 -11.527955 0.68646287 0.021316678 0.72685237 124.08581
0.73257828 -0.033245394 -0.6798704 -117.60609 0.0096506255 0.99921345 -0.03846234 -11.582257 0.6806144 0.0216155 0.73232291 124.74403
0.74114148 -0.03023 -0.67066789 -118.19914 0.0067879483 0.99927205 -0.037540435 -11.626898 0.67131458 0.023270315 0.74080717 125.41063
0.75010028 -0.027148285 -0.6607666 -118.79139 0.0059277656 0.99939291 -0.034331918 -11.683328 0.66129757 0.021835512 0.74980583 126.08079
0.75981137 -0.023450511 -0.64972049 -119.39017 0.0038231876 0.99949316 -0.031603935 -11.724134 0.65013237 0.021529026 0.75951593 126.71459
0.76997646 -0.021352713 -0.63771488 -119.93789 0.0024363697 0.99953101 -0.030525792 -11.77172 0.63806766 0.021950432 0.76966738 127.39042
0.78001556 -0.020364294 -0.62542865 -120.48337 0.00059818489 0.99949414 -0.031798029 -11.815906 0.62575986 0.024428836 0.77963316 128.05392
0.78854648 -0.021869552 -0.61458615 -120.9734 0.0016995515 0.99944116 -0.033383692 -11.863947 0.61497284 0.025280072 0.78814298 128.72293
0.79908475 -0.020423014 -0.60087139 -121.50896 0.00078632919 0.99945752 -0.032924834 -11.916502 0.60121791 0.02583725 0.79866732 129.42204
0.8087336 -0.019557423 -0.58784985 -122.03176 0.0012511497 0.99950197 -0.031531582 -11.947736 0.58817381 0.024765162 0.8083553 130.10763
0.81851545 -0.017155623 -0.57422827 -122.4835 0.00057487875 0.99957797 -0.029043912 -11.992699 0.57448425 0.023442779 0.81817988 130.77022
0.82826399 -0.016105328 -0.56010655 -122.98728 0.0013282493 0.99964048 -0.026779542 -12.039435 0.56033653 0.021436569 0.82798761 131.48971
0.8366385 -0.014524831 -0.54756281 -123.42161 0.0013752512 0.99970091 -0.024417106 -12.069726 0.54775374 0.019675255 0.83640825 132.18727
0.84495101 -0.014176714 -0.53465576 -123.87901 0.0024523481 0.99974083 -0.022633116 -12.098774 0.53483811 0.017812712 0.84476679 132.88119
0.85163249 -0.014092539 -0.52394989 -124.31583 0.0036800419 0.99977461 -0.020909099 -12.13685 0.5241265 0.01587871 0.8514924 133.61272
0.85752545 -0.014559018 -0.51423547 -124.72401 0.0045937985 0.99977631 -0.020645138 -12.166564 0.51442106 0.015341437 0.85740051 134.32367
0.8640678 -0.013689791 -0.50318923 -125.13174 0.0040095727 0.99978559 -0.020315048 -12.195533 0.5033595 0.015536005 0.86393742 135.04788
0.87095832 -0.011852948 -0.4912139 -125.60127 0.0023952567 0.99979954 -0.019878108 -12.231899 0.49135108 0.01613642 0.87081212 135.78317
0.87627299 -0.010736496 -0.48169529 -125.96767 0.001524301 0.99980846 -0.019511788 -12.253163 0.48181256 0.016363404 0.87612152 136.54001
0.88216877 -0.011422284 -0.47079484 -126.40214 0.0025634511 0.99980747 -0.019453673 -12.288635 0.47092644 0.015954563 0.88202821 137.27678
0.88724067 -0.012899994 -0.46112642 -126.77485 0.0037567079 0.99977783 -0.020740569 -12.320437 0.46129156 0.016669559 0.88709201 138.06057
0.89179537 -0.013058367 -0.45225046 -127.15093 0.0039672477 0.99977067 -0.021044532 -12.35362 0.45242159 0.016973226 0.89164266 138.8258
0.89492444 -0.012514767 -0.44604217 -127.56762 0.0038395178 0.99978559 -0.020347864 -12.38742 0.44620122 0.016497214 0.89478061 139.5835
0.89759803 -0.010889209 -0.44068038 -127.95156 0.0037389997 0.99984696 -0.017090446 -12.420849 0.44079907 0.013692646 0.89750137 140.40345
0.90121626 -0.0066941099 -0.43331793 -128.32174 0.0011587319 0.99991434 -0.013037237 -12.445775 0.43336813 0.01124727 0.90114682 141.18978
0.90423907 -0.0043514289 -0.4270044 -128.72789 -0.00021592376 0.99994329 -0.010647265 -12.472751 0.42702655 0.0097198729 0.90418685 142.01108
0.90743808 -0.0018737244 -0.42018164 -129.11006 -0.0018037252 0.99996347 -0.0083545413 -12.484829 0.42018198 0.0083391209 0.90740155 142.84323
0.91043937 0.00012224294 -0.4136425 -129.49892 -0.0030326234 0.99997505 -0.0063793729 -12.500748 0.41363144 0.007062454 0.91041703 143.66481
0.9135138 0.0011208075 -0.40680619 -129.92138 -0.002728042 0.9999906 -0.0033709098 -12.514691 0.40679862 0.0041891568 0.91350826 144.51013
0.91694166 0.0013836674 -0.39901888 -130.28343 -0.0021980738 0.99999633 -0.0015834916 -12.538622 0.39901525 0.0023290421 0.91694134 145.39762
0.92053744 0.0011820398 -0.39065254 -130.67426 -0.0016461883 0.99999828 -0.00085329075 -12.556728 0.39065089 0.0014285735 0.92053781 146.29522
0.92384692 0.00047212949 -0.38276186 -131.05147 -0.00083900495 0.99999933 -0.0007915705 -12.556556 0.38276126 0.0010524288 0.9238467 147.16713
0.92796078 -0.0016064458 -0.3726744 -131.43675 0.001433252 0.9999987 -0.00074177964 -12.58807 0.37267514 0.0001542058 0.92796187 148.11475
0.93174196 -0.0036158132 -0.36310307 -131.78039 0.0028203395 0.99999232 -0.002720872 -12.594558 0.36311016 0.0015110763 0.931745 149.03374
0.93607413 -0.0043478544 -0.35177593 -132.15509 0.0030814524 0.9999866 -0.0041598313 -12.622042 0.35178933 0.0028099295 0.93607499 149.98386
0.94083122 -0.0034521734 -0.33885792 -132.49239 0.0016029792 0.99998226 -0.005736857 -12.623586 0.33887174 0.0048542318 0.94082006 150.93634
0.94635513 0.00034279448 -0.32312822 -132.82839 -0.001884889 0.99998828 -0.00445948 -12.646208 0.32312293 0.0048293125 0.94634468 151.91356
0.95241699 0.0039802122 -0.3047721 -133.1696 -0.0047083546 0.99998755 -0.0016542002 -12.666264 0.30476175 0.0030104633 0.95242387 152.91387
0.95890013 0.0071187595 -0.28365446 -133.49456 -0.0074252106 0.99997243 -5.1887708e-06 -12.673584 0.28364663 0.0021111695 0.95892656 153.95293
0.96449498 0.0087138034 -0.26395738 -133.77307 -0.0087605371 0.99996113 0.0010000522 -12.701806 0.26395586 0.0013478629 0.96453382 154.98167
0.97038881 0.010194881 -0.24133301 -134.05055 -0.010012667 0.99994791 0.0019813704 -12.703322 0.24134066 0.00049368732 0.97044034 156.05011
0.97541248 0.011393674 -0.22009241 -134.29829 -0.01061363 0.9999325 0.0047263719 -12.732579 0.22013142 -0.002274183 0.97546758 157.09975
0.98026336 0.012914675 -0.19727379 -134.54762 -0.01153504 0.99990033 0.0081410269 -12.720787 0.19735928 -0.0057047897 0.98031463 158.19565
0.98446949 0.014644554 -0.17494387 -134.72402 -0.0126751 0.99984315 0.012369731 -12.737695 0.1750976 -0.0099601916 0.9845007 159.27852
0.98819716 0.016795555 -0.15226384 -134.91562 -0.014593481 0.9997723 0.01556834 -12.737905 0.15249066 -0.01316253 0.98821726 160.39786
0.99122865 0.018598237 -0.13084288 -135.08481 -0.016645364 0.99973338 0.016003296 -12.746524 0.13110564 -0.013684998 0.99127395 161.51243
0.99394545 0.017982415 -0.10839318 -135.19139 -0.016615941 0.99977085 0.013496759 -12.740434 0.10861106 -0.011613988 0.99401648 162.67893
0.99602766 0.017745867 -0.087258138 -135.317 -0.016761257 0.99978746 0.012003703 -12.732037 0.087452616 -0.010493464 0.99611341 163.86021
0.9975808 0.01675882 -0.06746626 -135.3982 -0.015843288 0.99977531 0.014082527 -12.738726 0.067687113 -0.012979571 0.99762217 165.04202
0.99879673 0.016802347 -0.046073658 -135.45682 -0.01608712 0.99974495 0.015850698 -12.735525 0.046328239 -0.015090434 0.99881228 166.22152
0.99949215 0.017122034 -0.026875267 -135.52677 -0.016670527 0.99971761 0.016935232 -12.734817 0.027157645 -0.016478607 0.99949533 167.40823
0.99980569 0.018596969 -0.0065376734 -135.55363 -0.0184829 0.99968301 0.0170958 -12.737308 0.0068535317 -0.016971643 0.99983248 168.63838
0.99972149 0.0186495 0.014461653 -135.53824 -0.018904751 0.99966427 0.017719019 -12.730209 -0.014126348 -0.017987478 0.99973841 169.86124
0.99914572 0.021078514 0.035546007 -135.50555 -0.021696462 0.99961854 0.017089189 -12.725102 -0.035172236 -0.017845813 0.99922192 171.08438
0.99827966 0.02201956 0.054340222 -135.46873 -0.0229146 0.99961093 0.015903233 -12.720729 -0.053968903 -0.017121059 0.99839583 172.36952
0.99696816 0.022875434 0.074372055 -135.35911 -0.023961602 0.99961838 0.013745053 -12.729635 -0.074029255 -0.015485454 0.99713583 173.68786
0.99531976 0.024700776 0.093426185 -135.26474 -0.025900058 0.9995967 0.011645806 -12.72557 -0.093100854 -0.014011044 0.9955581 174.95419
0.99334087 0.024874863 0.11249517 -135.13344 -0.026048896 0.99962035 0.00897827 -12.718168 -0.11222914 -0.011848858 0.99361171 176.24202
0.99103838 0.024850663 0.1312455 -134.98566 -0.025943177 0.9996415 0.0066206383 -12.741384 -0.13103393 -0.009966232 0.99132779 177.49154
0.98848282 0.026322276 0.14902635 -134.80431 -0.026792707 0.99964035 0.0011495906 -12.748665 -0.14894251 -0.0051291698 0.98883256 178.82203
0.98552021 0.027235605 0.16735634 -134.58495 -0.026671307 0.99962847 -0.0056190037 -12.771482 -0.16744721 0.0010740296 0.98588046 180.08661
0.98238958 0.030096234 0.18440425 -134.35087 -0.028677481 0.99953506 -0.010356509 -12.790797 -0.18463022 0.0048858776 0.98279592 181.38796
0.97890021 0.031861592 0.20183958 -134.10898 -0.029543795 0.99945851 -0.014486326 -12.829944 -0.20219186 0.0082175611 0.97931146 182.72306
0.97471386 0.034414755 0.22079064 -133.79645 -0.031323012 0.99935628 -0.017490006 -12.867856 -0.22125044 0.010131924 0.97516439 184.05026
0.97110325 0.033350619 0.23631801 -133.50698 -0.03004861 0.99939415 -0.017561559 -12.903578 -0.23676054 0.0099530601 0.97151705 185.36498
0.96749976 0.0326584 0.25075416 -133.18184 -0.029020636 0.99941325 -0.018192245 -12.949766 -0.25120118 0.010323948 0.96787984 186.73285
0.96255021 0.032509913 0.26914716 -132.84629 -0.027339978 0.99936303 -0.022935799 -13.014026 -0.26972138 0.014718381 0.96282592 188.08377
0.95783849 0.033242691 0.28537754 -132.45432 -0.026625445 0.99927977 -0.027037427 -13.056101 -0.28607082 0.018299185 0.95803373 189.40562
0.9528781 0.035887886 0.30122315 -132.04164 -0.029011547 0.99920697 -0.027272007 -13.102626 -0.30196303 0.017247949 0.9531636 190.78709
0.94664791 0.037520559 0.32007802 -131.58985 -0.030128455 0.99915329 -0.028017397 -13.176369 -0.32085826 0.016879155 0.94697681 192.09331
0.9404887 0.04146371 0.33728585 -131.16863 -0.032895788 0.9989754 -0.031080792 -13.225047 -0.33822902 0.01813585 0.94088906 193.44238
0.93398666 0.042509112 0.35477018 -130.64055 -0.032301705 0.99887743 -0.034647875 -13.298608 -0.35584481 0.020900971 0.93431131 194.78262
0.9276038 0.043099204 0.37107092 -130.15256 -0.031347861 0.99879935 -0.037645265 -13.359236 -0.37224791 0.023287612 0.92784115 196.14201
0.92034905 0.04335896 0.38868704 -129.61013 -0.029265523 0.99868429 -0.0421095 -13.437972 -0.3900015 0.02738031 0.92040706 197.45534
0.91201822 0.046843047 0.40746593 -129.0401 -0.029860839 0.99840368 -0.047941782 -13.533619 -0.40906126 0.031556505 0.91196112 198.79741
0.90253754 0.050316022 0.4276614 -128.41528 -0.03113201 0.99817532 -0.051738138 -13.621792 -0.42948435 0.033381654 0.90245713 200.10664
0.89001045 0.053233996 0.45282174 -127.78478 -0.032506323 0.99804184 -0.053439991 -13.719402 -0.45477991 0.032842581 0.8899981 201.45413
0.87792071 0.057894915 0.47529294 -127.13665 -0.035638803 0.99781056 -0.055713253 -13.823539 -0.47747787 0.031972949 0.87806186 202.74367
0.86378412 0.061724004 0.50006711 -126.39637 -0.037511609 0.99759182 -0.058339031 -13.920791 -0.50246382 0.031634008 0.86401934 204.01704
0.84837864 0.06498804 0.52538578 -125.67069 -0.038237312 0.99736663 -0.061625545 -14.036112 -0.52800722 0.032192457 0.84862951 205.31921
0.83359506 0.067444109 0.54824314 -124.85516 -0.038347184 0.99718927 -0.064366552 -14.151662 -0.55104336 0.03263206 0.83383834 206.60328
0.81736429 0.068447655 0.57204066 -124.00689 -0.03701019 0.99710469 -0.066426523 -14.264911 -0.57493121 0.033123335 0.81753102 207.82843
0.80249927 0.070317394 0.59249503 -123.18325 -0.035204654 0.99688134 -0.070627411 -14.390113 -0.59561362 0.035819864 0.80247204 209.05694
0.78540358 0.073147977 0.6146467 -122.2685 -0.033184977 0.99654076 -0.076192294 -14.541257 -0.61809385 0.039444665 0.78511409 210.24959
0.76957563 0.074322266 0.63421567 -121.36203 -0.031097665 0.99638711 -0.079029493 -14.654501 -0.63779802 0.041096547 0.76910649 211.39946
0.75365178 0.076346156 0.65282481 -120.36216 -0.029552832 0.9961626 -0.08238143 -14.820169 -0.65660922 0.04279409 0.75301596 212.57952
0.73757931 0.077066995 0.67084827 -119.37165 -0.027682115 0.99608167 -0.083994055 -14.958149 -0.67469289 0.04338178 0.73682261 213.71909
0.72206538 0.077151207 0.68750945 -118.32946 -0.024990516 0.99602253 -0.085525448 -15.107319 -0.69137335 0.044573751 0.72112143 214.84461
0.70743161 0.078385974 0.70242161 -117.28012 -0.022575695 0.99582992 -0.088391838 -15.272618 -0.7064212 0.046673526 0.70625117 215.91507
0.69220786 0.079255746 0.71733309 -116.21107 -0.019357104 0.99563298 -0.09132507 -15.425583 -0.72143858 0.049330442 0.69071914 216.981
0.67699026 0.081798045 0.73143231 -115.0908 -0.017147796 0.99528802 -0.095434289 -15.598749 -0.73579222 0.052065634 0.67520295 218.04359
0.66236336 0.083956544 0.74446359 -113.96781 -0.01599123 0.99505895 -0.097989621 -15.756316 -0.74901209 0.052999848 0.66043316 219.07998
0.64675591 0.084424571 0.75801005 -112.82649 -0.01412921 0.99501043 -0.098765416 -15.939945 -0.7625662 0.053167034 0.64472173 220.08573
0.62979295 0.086232051 0.77196167 -111.64185 -0.015137691 0.99499257 -0.098795888 -16.123887 -0.77661557 0.050535238 0.62794466 221.0742
0.61309278 0.087115051 0.78519307 -110.46343 -0.016991936 0.99512577 -0.097138908 -16.295176 -0.78982819 0.046213214 0.61158468 222.01671
0.59569219 0.08826 0.79834888 -109.24764 -0.019485145 0.99523986 -0.095487978 -16.468727 -0.80297646 0.041325501 0.59457637 222.94232
0.57893725 0.089682282 0.810425 -108.04833 -0.021281774 0.99525616 -0.094932943 -16.6362 -0.81509435 0.037712937 0.57809947 223.7886
0.55925384 0.092597338 0.82380873 -106.83451 -0.02189427 0.99504535 -0.096981366 -16.819108 -0.82870733 0.036200512 0.55851028 224.68381
0.54118748 0.096310907 0.83536834 -105.61989 -0.024641187 0.99480918 -0.098729467 -16.995154 -0.84054089 0.032846684 0.54075148 225.51261
0.52134744 0.096512182 0.8478692 -104.39448 -0.024439366 0.99486488 -0.098217011 -17.176325 -0.85299451 0.030483802 0.52102895 226.27643
0.50023509 0.095424214 0.86061548 -103.13787 -0.024510557 0.99507124 -0.096085709 -17.352216 -0.86554269 0.02697128 0.50010845 227.0397
0.48004949 0.093536207 0.87224045 -101.89815 -0.02450191 0.99534099 -0.093252143 -17.525354 -0.8768992 0.023394088 0.48010475 227.79466
0.45813228 0.092112647 0.88409842 -100.65306 -0.025148009 0.99556121 -0.090694273 -17.682526 -0.88852825 0.01931666 0.45841518 228.44508
0.43665134 0.090793221 0.8950375 -99.379576 -0.023262719 0.99570111 -0.089655698 -17.844528 -0.89933004 0.018327276 0.43688632 229.10201
