1.000000000000000000e+00 4.398956837314658088e-19 2.733407509747682871e-20 -8.673617379884035472e-19 -5.583667658079949532e-19 1.000000000000000000e+00 -6.100159232558060012e-19 0.000000000000000000e+00 4.145284534913582806e-20 -2.210423569125054137e-19 1.000000000000000222e+00 0.000000000000000000e+00
9.999425959949689302e-01 -1.330589693975645473e-03 1.063175720808117418e-02 7.565492454351424589e-02 1.325296550402976130e-03 9.999989943346098142e-01 5.048923416879101201e-04 -7.884030082625156921e-03 -1.063241850414267317e-02 -4.907731214257340631e-04 9.999433537984135922e-01 2.907404101773497507e-01
9.998547425268148325e-01 -2.558931645062633917e-03 1.685068956768272230e-02 1.139147861127201289e-01 2.545137532685487567e-03 9.999964083255068470e-01 8.400036836865913637e-04 -7.759526758720242112e-03 -1.685277884829610578e-02 -7.969943343244982950e-04 9.998576641835201784e-01 5.105844192074667776e-01
9.997883861329617261e-01 -6.478871250959510747e-03 1.952452850762723124e-02 8.764469831876560424e-02 6.495739704606748322e-03 9.999785819166110423e-01 -8.006636071028046210e-04 -1.409553622272249895e-02 -1.951892327135026223e-02 9.273204617707553462e-04 9.998090576155662657e-01 9.210097083622013070e-01
9.998262290128618890e-01 -6.936287903000612834e-03 1.730317079684520060e-02 1.018548061114907533e-01 6.966077852845649343e-03 9.999743554802598133e-01 -1.661965402536205163e-03 -1.695336158123508796e-02 -1.729119949511903967e-02 1.782211873301290999e-03 9.998489076462847569e-01 1.178506980087639100e+00
9.998907218586289281e-01 -1.053337739461057687e-02 1.037267241386819090e-02 9.687709517102889578e-02 1.057022474426747363e-02 9.999379944187390956e-01 -3.503947574779738006e-03 -2.064157103550658123e-02 -1.033512102925787830e-02 3.613206198680741447e-03 9.999400632043113912e-01 1.527938393642792159e+00
9.999357394526084963e-01 -1.124275743608470733e-02 -1.455124837002467683e-03 7.217867413657357012e-02 1.123578279111888539e-02 9.999257565335033515e-01 -4.715780626884347529e-03 -3.014783653091181181e-02 1.508035204182635878e-03 4.699128171318014795e-03 9.999878219386529876e-01 1.845564054699925016e+00
9.997909679886626266e-01 -1.112131963754860002e-02 -1.715623991901948572e-02 1.643083722937385693e-02 1.103625273824061434e-02 9.999263712898374123e-01 -5.045107130093873238e-03 -3.699332115561722312e-02 1.721108527091476728e-02 4.854711977930749670e-03 9.998400923866496148e-01 2.148704348044912837e+00
9.993194346096824221e-01 -6.663130048964053913e-03 -3.628043891052832454e-02 7.073832945629831767e-03 6.475758189144559251e-03 9.999650945311179262e-01 -5.279608357897139746e-03 -4.298300953978688443e-02 3.631435186669591808e-02 5.041071907271016395e-03 9.993277017651205352e-01 2.502684076725296247e+00
9.984188348364232413e-01 -3.965212131484245443e-03 -5.607233908733623429e-02 -4.641949506092397232e-02 3.623623990156127524e-03 9.999742621704666989e-01 -6.192280688824726952e-03 -5.911313115119733175e-02 5.609545057966896370e-02 5.979304603217023596e-03 9.984075062179329496e-01 2.866305466576005490e+00
9.971372081340471594e-01 -3.013908952300699273e-03 -7.555332096123060226e-02 -9.046392863665998763e-02 2.541745075731427408e-03 9.999766413087538552e-01 -6.344790392559319578e-03 -5.846559454358993269e-02 7.557068005817846323e-02 6.134589285601130607e-03 9.971215770069086215e-01 3.208916543116367759e+00
9.953053744803511682e-01 -3.458796032962874276e-03 -9.672253082689111214e-02 -1.308272328675670337e-01 2.892967381709562590e-03 9.999778772032794638e-01 -5.989644344392058839e-03 -6.632497484868661586e-02 9.674110968220339668e-02 5.681710046072737177e-03 9.952933618605918076e-01 3.600900064015076119e+00
9.932280858033033510e-01 -4.370658370345207114e-03 -1.160985207888931697e-01 -1.963748179613969413e-01 3.772031097519012305e-03 9.999784381484423390e-01 -5.375408223949777915e-03 -7.655578992207714983e-02 1.161195135692277836e-01 4.901079131279338988e-03 9.932231563880136171e-01 3.973876779330963060e+00
9.910488841527640425e-01 -4.417049272405216588e-03 -1.334263782359447481e-01 -2.923762269341498854e-01 3.812431757404412432e-03 9.999812766738892522e-01 -4.786612537933531038e-03 -8.178657638175367006e-02 1.334450250608515409e-01 4.235087972425183138e-03 9.910471683066679471e-01 4.391286866754334994e+00
9.887829116383637373e-01 -3.737430947514061488e-03 -1.493130425486244861e-01 -3.655437897659793434e-01 3.126136540745233158e-03 9.999857454062799356e-01 -4.328538967091063311e-03 -9.285626606204872013e-02 1.493270943497435888e-01 3.813212305385752128e-03 9.887805008679670937e-01 4.823973651616852543e+00
9.866589877323407309e-01 -2.999624681007771222e-03 -1.627729814796547991e-01 -4.596804539443312687e-01 2.318873466224251421e-03 9.999877539517652014e-01 -4.372044011017316677e-03 -9.255308435890263752e-02 1.627841054601850967e-01 3.936266459532591563e-03 9.866538610365817030e-01 5.226173939408046643e+00
9.844597071194813864e-01 -3.544543055169056649e-03 -1.755748287838944377e-01 -5.252012385332649469e-01 2.697190960599964941e-03 9.999835375684795746e-01 -5.064558108085017753e-03 -1.004540156177345517e-01 1.755898929759960592e-01 4.512294433802001292e-03 9.844530610740175325e-01 5.652761901877176420e+00
9.827456935831888618e-01 -6.509722322949045882e-03 -1.848473002872646764e-01 -6.311844523154793718e-01 5.312631993529269223e-03 9.999615922362549147e-01 -6.970651691340265868e-03 -1.141221465550245756e-01 1.848855809191516930e-01 5.868352138963315971e-03 9.827425325361057729e-01 6.106279544209702870e+00
9.811872123647406019e-01 -5.935612226882699093e-03 -1.929674114948461416e-01 -7.334380689240014295e-01 4.358338947608435959e-03 9.999535449592429348e-01 -8.597255272941070614e-03 -1.221486983471246485e-01 1.930094804947561915e-01 7.594499447471657165e-03 9.811675009520547386e-01 6.560300393829387566e+00
9.795604585993210600e-01 -5.905269212806637212e-03 -2.010632606366025976e-01 -8.339532515993636208e-01 3.865001118473060208e-03 9.999369994401952066e-01 -1.053844917445105785e-02 -1.203802128738706845e-01 2.011128293918849896e-01 9.545938286958073962e-03 9.795215698944524929e-01 7.020152359892116500e+00
9.779569981365138220e-01 -6.458161002510449770e-03 -2.087064946821610423e-01 -9.434685244422701400e-01 3.828562852938777530e-03 9.999081535261019615e-01 -1.300102352315480811e-02 -1.383133026376535679e-01 2.087712920338438971e-01 1.191539592789874966e-02 9.778919020004325224e-01 7.502790086545607195e+00
9.762409611211639859e-01 -1.019971074079325211e-02 -2.164475701855218537e-01 -1.066119827397213671e+00 7.146323441064599338e-03 9.998636765549390182e-01 -1.488483642687030498e-02 -1.466921570819829101e-01 2.165698880716417363e-01 1.298438260353185214e-02 9.761807673232026916e-01 8.019342966596900268e+00
9.743454497572630046e-01 -1.574343865307555046e-02 -2.245063195600791317e-01 -1.176639795178019643e+00 1.245558366392587706e-02 9.997935479607611420e-01 -1.605365598760929990e-02 -1.661502431567581928e-01 2.247127134010851179e-01 1.284544934101368788e-02 9.743403881819155954e-01 8.543703873040396246e+00
9.724756771661957622e-01 -1.638220502190628966e-02 -2.324277940618495186e-01 -1.306745543188855940e+00 1.240309188535259309e-02 9.997506097019901450e-01 -1.857099057401546613e-02 -1.874142294195392799e-01 2.326740666160320159e-01 1.517701328623951781e-02 9.724363414844501285e-01 9.060723126377162373e+00
9.703189383229764431e-01 -1.268027449249336386e-02 -2.414961019406042797e-01 -1.457623315006439046e+00 7.558877025361012206e-03 9.997267110620020603e-01 -2.212163089985456910e-02 -1.880254074946864917e-01 2.417106162471092112e-01 1.963959804092453229e-02 9.701496098612275576e-01 9.563188631362679715e+00
9.681968445334678819e-01 -9.989936653325025631e-03 -2.499901397968911365e-01 -1.615707605378576828e+00 3.831102405745639202e-03 9.996773331702855092e-01 -2.511079832037795695e-02 -2.063637032411904659e-01 2.501603358656644405e-01 2.335445786506001181e-02 9.679227123435282243e-01 1.009659023306723213e+01
9.657969872624122543e-01 -1.274611725502623576e-02 -2.589859347491789698e-01 -1.772153383099657642e+00 5.862768256347429367e-03 9.996091880468138680e-01 -2.733311377897340577e-02 -2.296015829717418799e-01 2.592331154893267597e-01 2.487986442449632851e-02 9.654942701454454212e-01 1.065904711263930160e+01
9.635042095226984404e-01 -1.410629560280113326e-02 -2.673212469672308633e-01 -1.932548259650240574e+00 6.612815413782528393e-03 9.995601058504547387e-01 -2.891133775502740047e-02 -2.594433949722600996e-01 2.676114904012806828e-01 2.608844957342582038e-02 9.631736523566750696e-01 1.120658887096226941e+01
9.614228689029670205e-01 -1.425592514203427412e-02 -2.747049946653752905e-01 -2.094657862406613447e+00 5.746914845610640206e-03 9.994791576374102426e-01 -3.175510045589692576e-02 -2.785833411806515891e-01 2.750146197372932422e-01 2.895137359629289947e-02 9.610040471119126737e-01 1.177575255765936646e+01
9.589952379367427948e-01 -1.375514781514554016e-02 -2.830881978755932504e-01 -2.272996456705343338e+00 3.932062263711554387e-03 9.993711875853009685e-01 -3.523873294198727468e-02 -2.993216874473255129e-01 2.833949073594985713e-01 3.268065671423731056e-02 9.584462963137544422e-01 1.238782023661657306e+01
9.568410390420672984e-01 -1.497280076193148630e-02 -2.902258420912770531e-01 -2.489361313779578477e+00 3.326242834479497743e-03 9.991707093414635699e-01 -4.058114943948219061e-02 -3.376357958338359055e-01 2.905927789731950761e-01 3.786434766173745609e-02 9.560973432774980685e-01 1.299547945843415953e+01
9.549994474909196951e-01 -1.632071891994662030e-02 -2.961582136895280493e-01 -2.709597077763161277e+00 2.330369027176880208e-03 9.988670399372859832e-01 -4.753110446780404313e-02 -3.745716777216629989e-01 2.965984251508745895e-01 4.470202072966511508e-02 9.539555049613687165e-01 1.360131609556998100e+01
9.536810762098538730e-01 -1.682852733527698263e-02 -3.003484702958707508e-01 -2.917743812686746541e+00 1.574346311466483966e-04 9.984617899735727109e-01 -5.544392807332008954e-02 -4.082549428774077671e-01 3.008195160853695538e-01 5.282853996751429859e-02 9.522167642201239124e-01 1.421048043987245002e+01
9.524050094355704932e-01 -1.639638816419165118e-02 -3.043942418499747116e-01 -3.118132771220369914e+00 -3.273029794603810917e-03 9.979448032068515273e-01 -6.399575775491395113e-02 -4.512140720666316662e-01 3.048179562841077939e-01 6.194617199510343147e-02 9.503939642619203543e-01 1.482633885351309111e+01
9.510609658983928405e-01 -1.595823043205957248e-02 -3.085909460594369325e-01 -3.332815304959287239e+00 -6.915886427010950466e-03 9.973160936455440773e-01 -7.288881842127058197e-02 -5.021804140157410945e-01 3.089258986989814049e-01 7.145589037353103357e-02 9.483980424376993179e-01 1.549272096339852922e+01
9.497565398237872714e-01 -1.514579592127383335e-02 -3.126229643554996329e-01 -3.563768070121412723e+00 -1.047978200494462456e-02 9.967295804750988530e-01 -8.012688409180115934e-02 -5.564304882771744509e-01 3.128141468827126959e-01 7.937725315410382176e-02 9.464917132748651429e-01 1.612337617582392113e+01
9.480763092334557607e-01 -1.372715070446599121e-02 -3.177465578951816916e-01 -3.782274175734491539e+00 -1.453972951950375896e-02 9.961528377221574582e-01 -8.641828593158761007e-02 -6.197512910861213697e-01 3.177104175751543358e-01 8.655107910046200281e-02 9.442293171897256920e-01 1.676946289963235515e+01
9.465021745106036999e-01 -1.255201460593901620e-02 -3.224532188813646894e-01 -4.027972441828112871e+00 -1.825857580085903445e-02 9.955593338547122917e-01 -9.234845512603048756e-02 -6.884749116055841611e-01 3.221804764335900462e-01 9.329555070246117743e-02 9.420698928707723629e-01 1.742932353415430313e+01
9.449923910354797174e-01 -1.061669214707684078e-02 -3.269199664526821758e-01 -4.284922500156052472e+00 -2.272598039951074372e-02 9.949267303297176790e-01 -9.800168912681450628e-02 -7.655731938666462399e-01 3.263018726170214823e-01 1.000404279140525293e-01 9.399569154995703890e-01 1.811879443006936086e+01
9.428699093405806808e-01 -7.592341358485374045e-03 -3.330745983456585013e-01 -4.516633620387785264e+00 -2.754063006678601766e-02 9.945424121093501268e-01 -1.006325205883541185e-01 -8.335525574768865020e-01 3.320208565450933902e-01 1.040564605220244410e-01 9.375150165216689091e-01 1.880869455654312716e+01
9.414365987520375567e-01 -6.276296228429909321e-03 -3.371316304239893591e-01 -4.806520367874030697e+00 -3.004331495563621404e-02 9.942888890230219268e-01 -1.024060759125841602e-01 -9.185194016860972477e-01 3.358489708463614498e-01 1.065373802319907887e-01 9.358713895649777292e-01 1.950514430621972650e+01
9.392778756084148029e-01 -6.439217309709148636e-03 -3.430970801283277916e-01 -5.106475893050493653e+00 -3.021430552856749219e-02 9.943889919458164250e-01 -1.013786389358156265e-01 -1.009078527504473355e+00 3.418247645489858044e-01 1.055891532817292006e-01 9.338130238632389446e-01 2.022369062019945929e+01
9.368588665501702550e-01 -6.738743608215610852e-03 -3.496427475795597095e-01 -5.374236108570407566e+00 -3.022868535569004506e-02 9.945115944629627780e-01 -1.001644400796004725e-01 -1.096828190179161000e+00 3.483987547970727738e-01 1.044091850536934124e-01 9.315133022679520369e-01 2.096559001842124204e+01
9.343528894951155239e-01 -6.227100150439513447e-03 -3.562946792477773572e-01 -5.648617801512543224e+00 -3.086971630864001476e-02 9.946742119198447307e-01 -9.833754500286134848e-02 -1.180046006152328131e+00 3.550094930781902414e-01 1.028806856182795798e-01 9.291844956767829622e-01 2.168584968297426840e+01
9.312327247929143015e-01 -5.987520151963555970e-03 -3.643758486938485919e-01 -5.940099829247531105e+00 -3.074542124510202049e-02 9.950094236980028262e-01 -9.492610721016168929e-02 -1.262667690446444446e+00 3.631257813869142037e-01 9.960118702178985539e-02 9.264012484859786012e-01 2.240705456289783370e+01
9.276095887895585701e-01 -3.166520369125200383e-03 -3.735377103278629818e-01 -6.249808463132559666e+00 -3.261801176565739396e-02 9.954580316853832711e-01 -8.943921108528188335e-02 -1.341644482771172431e+00 3.721243313157418520e-01 9.514872778687089028e-02 9.232931303344283913e-01 2.320001007143166305e+01
9.243616314047348181e-01 -8.914167081361498886e-04 -3.815164174042470768e-01 -6.595176515377531246e+00 -3.376556676880067970e-02 9.958820146907709780e-01 -8.413619520920144479e-02 -1.424350683837873222e+00 3.800203453022106825e-01 9.065438921914693859e-02 9.205250251121377403e-01 2.391379141154050458e+01
9.207685383046378957e-01 3.057885014203801533e-03 -3.900973533148170413e-01 -6.913951668752443602e+00 -3.722260569048196216e-02 9.960955815117139567e-01 -8.005042261216714639e-02 -1.493618901418312994e+00 3.883294716445147010e-01 8.822835104034246201e-02 9.172872955772441994e-01 2.467444101025824921e+01
9.169754511355091564e-01 2.961225972650995825e-03 -3.989326382754289080e-01 -7.249953815116635170e+00 -3.719766901863124503e-02 9.962508273006303039e-01 -7.810648223157412584e-02 -1.574395129534429838e+00 3.972056867666369784e-01 8.646109145394687001e-02 9.136477030534306820e-01 2.539858930397362613e+01
9.130771001321923430e-01 3.779818361931017168e-03 -4.077694431651945894e-01 -7.628548602016384628e+00 -3.869219738482018722e-02 9.962486677159977377e-01 -7.740481887126084148e-02 -1.649927986549420522e+00 4.059471952755240309e-01 8.645406375909470142e-02 9.097980945609301928e-01 2.615782702118038472e+01
9.091605419358025353e-01 4.037627291873590631e-03 -4.164262275746125619e-01 -7.961518131978680302e+00 -3.947940561492140066e-02 9.962851121602206428e-01 -7.653333830488615042e-02 -1.715320927529979445e+00 4.145702448423964626e-01 8.602135169022956385e-02 9.059425161861138776e-01 2.690746972783048108e+01
9.052256120293858954e-01 4.792395194772069641e-03 -4.249042487435248927e-01 -8.348064468381060976e+00 -4.038444531757101608e-02 9.963806286931771172e-01 -7.479799059864826460e-02 -1.789895279050488730e+00 4.230079082061595219e-01 8.486857961198779332e-02 9.021428032232483574e-01 2.772379505427663915e+01
9.014391179606959792e-01 5.821372396628160875e-03 -4.328667513587635685e-01 -8.748707712163797723e+00 -4.115912344022367580e-02 9.965324727946253125e-01 -7.231152940167774601e-02 -1.868292903735747856e+00 4.309448291595274205e-01 8.300085770491490156e-02 8.985529564704236583e-01 2.850825969580884234e+01
8.976616220693254267e-01 6.243093988104808818e-03 -4.406411602583313325e-01 -9.142806114500418246e+00 -4.030423525183259026e-02 9.968720650654420146e-01 -6.798275204861639609e-02 -1.939509155659763673e+00 4.388384481884644583e-01 7.878521278577761688e-02 8.951054186531200996e-01 2.926683117776681087e+01
8.937696335342901754e-01 7.631510097923567028e-03 -4.484613675312820180e-01 -9.554464589477902337e+00 -3.990438957734938202e-02 9.972432666041970428e-01 -6.255802883954728055e-02 -1.993055034883414400e+00 4.467476745352780276e-01 7.380804390166668949e-02 8.916102803036028979e-01 3.008960339977186393e+01
8.898887370495586202e-01 6.955690590719168509e-03 -4.561245990485541246e-01 -9.975328689726721265e+00 -3.761975397832333784e-02 9.975968943348034745e-01 -5.818239071476210417e-02 -2.066923019975551057e+00 4.546237925356185205e-01 6.893514961092703230e-02 8.880119123790366498e-01 3.089578535715493501e+01
8.860390458466688157e-01 6.313976005802842371e-03 -4.635676203472127721e-01 -1.040361138884097514e+01 -3.648197444077967005e-02 9.977561706154095544e-01 -5.613991096931789798e-02 -2.125913120952143132e+00 4.621729955838462800e-01 6.665401541873663960e-02 8.842812723480527604e-01 3.171125358738618516e+01
8.829764481795587816e-01 6.709386491784992412e-03 -4.693693339853436952e-01 -1.085730360931400895e+01 -3.684479283969822189e-02 9.978036081417409608e-01 -5.504925871923456449e-02 -2.196684228764957503e+00 4.679690762856327790e-01 6.590101499506893779e-02 8.812842924985369031e-01 3.251506491263823051e+01
8.798397424541188894e-01 6.626676909851319901e-03 -4.752242736260299250e-01 -1.131546668056070537e+01 -3.629656632375048708e-02 9.979194758383026498e-01 -5.328488604897594488e-02 -2.247865993383112659e+00 4.738824644594625268e-01 6.413116994324798148e-02 8.782497408835440167e-01 3.332164154106045117e+01
8.770512082803442189e-01 4.801293177542458046e-03 -4.803728979065285398e-01 -1.177088619008013026e+01 -3.390898116133141127e-02 9.980746476701671810e-01 -5.193436949873912745e-02 -2.305908811504397082e+00 4.791986669298303747e-01 6.183805720016077867e-02 8.755253833147955689e-01 3.413970987933538481e+01
8.743302945002286997e-01 3.672630175779239333e-03 -4.853174664350590195e-01 -1.225717203297721625e+01 -3.284457264008282945e-02 9.981266387191775058e-01 -5.161828344113329747e-02 -2.370476552136944637e+00 4.842187249423229312e-01 6.107147386638985681e-02 8.728129846173501294e-01 3.501055507667549449e+01
8.721078113788408581e-01 3.536764780246033982e-03 -4.893009829100595787e-01 -1.272275396986156615e+01 -3.321612996829947928e-02 9.980951286625744379e-01 -5.198848823329462604e-02 -2.427657089078158581e+00 4.881850648294935313e-01 6.159225185731588559e-02 8.705640365187963248e-01 3.584928857477675734e+01
8.709553579631819087e-01 3.456428203707715297e-03 -4.913499900811846288e-01 -1.323800304714291443e+01 -3.348811009198000843e-02 9.980677068616471415e-01 -5.233926882979140355e-02 -2.485202713447326683e+00 4.902196593679614689e-01 6.203954930844538668e-02 8.693881668265602825e-01 3.670144604454216619e+01
8.702025990498791774e-01 3.691796897616210753e-03 -4.926802233009257570e-01 -1.373459940480652364e+01 -3.338703683164925828e-02 9.981152099435426361e-01 -5.149110127529183539e-02 -2.551552935670928779e+00 4.915615382771819641e-01 6.125682303848217075e-02 8.686857086823014384e-01 3.758249954018979366e+01
8.698793934659031502e-01 3.472509093877535011e-03 -4.932522454925459265e-01 -1.422929738760584328e+01 -3.240630531960954352e-02 9.982171713105946198e-01 -5.012295217082055748e-02 -2.608208267627155852e+00 4.921988172937722394e-01 5.958540620353704881e-02 8.684410793972190401e-01 3.846577393909076648e+01
8.694654977497284776e-01 1.921080222570598810e-03 -4.939899319239522413e-01 -1.472458349694648483e+01 -3.039206431774128456e-02 9.983061320814645700e-01 -4.961037319572697557e-02 -2.666762658872733560e+00 4.930578811986685572e-01 5.814788169810365670e-02 8.680511243122148723e-01 3.934166542620229023e+01
8.691171336591211327e-01 1.101562579182551035e-03 -4.946050845865702650e-01 -1.526016353160184558e+01 -2.967766173085749359e-02 9.983118898657331597e-01 -4.992601524793911089e-02 -2.730317883334089313e+00 4.937151485914708093e-01 5.807027774790794739e-02 8.676826607021094206e-01 4.023773236712229107e+01
8.678230737514879278e-01 -7.571443425447571670e-04 -4.968727548556263196e-01 -1.580561914875290164e+01 -2.805052179211835889e-02 9.983293831058132062e-01 -5.051347446096877969e-02 -2.792354754960943541e+00 4.960809253606722757e-01 5.777429879698576382e-02 8.663520362552387111e-01 4.118319500251905652e+01
8.662458107441554089e-01 -2.160071565882346143e-03 -4.996133750535823870e-01 -1.633680083576166098e+01 -2.569761212223804075e-02 9.984744047456567406e-01 -4.887223999313398265e-02 -2.852454298354647033e+00 4.989567433802366558e-01 5.517424393995655485e-02 8.648687622551282095e-01 4.210711697532563846e+01
8.644039933425340383e-01 -2.095015138366579897e-03 -5.027935383639910993e-01 -1.689383311810295041e+01 -2.390092755395845786e-02 9.986896503546128789e-01 -4.525182844549834743e-02 -2.917139416767065896e+00 5.022295149403296355e-01 5.113309317036938972e-02 8.632212497668722007e-01 4.301978217138505300e+01
8.614160229331787599e-01 -6.514304578506638918e-04 -5.078996022762012341e-01 -1.744945880372387492e+01 -2.327776654658903974e-02 9.988977311308807616e-01 -4.076111343230030132e-02 -2.984693874040354800e+00 5.073663221252104893e-01 4.693504457102812277e-02 8.604513477252583309e-01 4.393573129399926813e+01
8.576727352878593669e-01 -2.462594254551983032e-03 -5.141900520038825695e-01 -1.798949450319140553e+01 -2.042917501844502409e-02 9.990357840232200193e-01 -3.886066244595644259e-02 -3.041979139639436003e+00 5.137899686376121711e-01 4.383420916443784426e-02 8.567954454777122475e-01 4.482279797025529433e+01
8.523645605251912727e-01 -4.792405775600133179e-03 -5.229260783836529036e-01 -1.853853257248683661e+01 -1.919101390448425121e-02 9.989977917537556928e-01 -4.043658108036558840e-02 -3.104563398465837842e+00 5.225957950652773132e-01 4.450219024736008777e-02 8.514183433331236062e-01 4.571737873775587246e+01
8.465781840179945616e-01 -8.113969204129796789e-03 -5.322025331796568226e-01 -1.910853405762924240e+01 -1.797533073453584651e-02 9.988776131196055452e-01 -4.382238608270327962e-02 -3.170267661840079576e+00 5.319607786948462591e-01 4.666559253942995089e-02 8.454821452286882533e-01 4.661942157012192212e+01
8.404668695682466772e-01 -7.752659588791684098e-03 -5.418074673865046487e-01 -1.970983522213634132e+01 -1.885297229541914657e-02 9.988738687995607490e-01 -4.353802585836436673e-02 -3.229743962091081944e+00 5.415348659170678980e-01 4.680694942381673912e-02 8.393742336782064051e-01 4.753085034711760670e+01
8.344927544252300766e-01 -4.695924230254990180e-03 -5.509988976499321511e-01 -2.029677200809920024e+01 -1.976610960856973673e-02 9.990649910973528058e-01 -3.845054628828591808e-02 -3.274472900069989034e+00 5.506642791195085485e-01 4.297780679262284964e-02 8.336196768825605563e-01 4.839929452556239653e+01
8.292875802849963840e-01 -1.893842367696426223e-03 -5.588188583887823135e-01 -2.088337386756914427e+01 -2.034242874177983815e-02 9.992291696666967260e-01 -3.357457548091552502e-02 -3.335143533860340792e+00 5.584516984460842215e-01 3.921071112895697930e-02 8.286098156864976083e-01 4.926515374843705786e+01
8.254177501650175053e-01 -1.423443211962370329e-03 -5.645205978098611910e-01 -2.152863146187937815e+01 -2.208185379816686444e-02 9.991500884183222020e-01 -3.480650210157153895e-02 -3.392707037538609693e+00 5.640903600210568358e-01 4.119556583873979633e-02 8.246847865789868059e-01 5.017293109880938573e+01
8.218799692099968413e-01 -3.348952265130618073e-03 -5.696508531183883672e-01 -2.212456211506155412e+01 -2.310387281363126752e-02 9.989639887941669238e-01 -3.920663459021192510e-02 -3.437403655431424454e+00 5.691919994092996538e-01 4.538428840001273307e-02 8.209511193755875125e-01 5.102174189773808166e+01
8.189704362080360012e-01 -5.478495118625652596e-03 -5.738095540811998241e-01 -2.273416143268115164e+01 -2.552252241506275734e-02 9.986171175436431291e-01 -4.596143429816072074e-02 -3.513529315929075914e+00 5.732678522831452517e-01 5.228612307494699685e-02 8.176980721401422292e-01 5.187570777680606682e+01
8.155406777744753644e-01 -5.733761741542226474e-03 -5.786713405883517902e-01 -2.337295405661830117e+01 -2.662156485203875239e-02 9.985205798193351745e-01 -4.741248789199856845e-02 -3.566931403080884966e+00 5.780871043940022380e-01 5.407194911741752125e-02 8.141815095291101700e-01 5.276139481233837358e+01
8.123490332586733587e-01 -4.967168372932958924e-03 -5.831503827103966531e-01 -2.399259256946744756e+01 -2.548792673308286974e-02 9.987058008412291743e-01 -4.401237328673589938e-02 -3.630227475419800065e+00 5.826142968818378565e-01 5.061670306915849044e-02 8.111710898082225007e-01 5.360951893848638861e+01
8.093136892530149451e-01 -3.340383090971356904e-03 -5.873671659122430277e-01 -2.465608111653112999e+01 -2.381161971071509703e-02 9.989752207480483426e-01 -3.849045521328949004e-02 -3.689338075328106203e+00 5.868938272102059983e-01 4.513701578918025842e-02 8.084047822598020572e-01 5.449272071975743614e+01
8.061949945966481179e-01 -1.231486790335892170e-03 -5.916486350853770171e-01 -2.529523730505515644e+01 -2.438611319767912400e-02 9.990788841466875514e-01 -3.530865024904295685e-02 -3.750410979487141194e+00 5.911471504772415342e-01 4.289366755369924955e-02 8.054223652522612964e-01 5.535101955832767828e+01
8.030213035986103476e-01 -4.244739277349282407e-04 -5.959501648357056203e-01 -2.593694016698518112e+01 -2.593762936335909305e-02 9.990272721518687060e-01 -3.566158900453472724e-02 -3.804730955979215956e+00 5.953856151939918018e-01 4.409455006075270467e-02 8.022291733946460557e-01 5.620955822531943369e+01
7.995783130563719476e-01 -1.616373253854561228e-03 -6.005596570785128874e-01 -2.658348319996347797e+01 -2.595450891081261049e-02 9.989690848233241383e-01 -3.724420873556318068e-02 -3.847990000706434266e+00 6.000007419000382702e-01 4.536689244703637214e-02 7.987120642987581842e-01 5.703121597032016155e+01
7.955524989698000704e-01 -4.582056555807784495e-03 -6.058673279802049283e-01 -2.724563812270285368e+01 -2.444105951300035856e-02 9.989147594631678784e-01 -3.964767309442592674e-02 -3.918029017660236146e+00 6.053914945125230540e-01 4.634984471932949296e-02 7.945771436732002035e-01 5.789963503688930757e+01
7.913282235269104570e-01 -4.887118381532455993e-03 -6.113720238763932224e-01 -2.788342931446679884e+01 -2.490356117142989226e-02 9.988805110920526698e-01 -4.021861817025033925e-02 -3.964542645495320983e+00 6.108841633557181572e-01 4.705146815707736407e-02 7.903206345555806589e-01 5.873078498963506888e+01
7.868595429004007213e-01 -5.753963889752800910e-03 -6.171052944010072538e-01 -2.858634418033587465e+01 -2.347508161844744090e-02 9.989537492023340404e-01 -3.924700677588120051e-02 -4.026496524978637304e+00 6.166854839870012928e-01 4.536847883796371605e-02 7.859012165614476242e-01 5.962490682171192447e+01
7.818967873434754523e-01 -5.685559838747236347e-03 -6.233819703402929679e-01 -2.925021010929378207e+01 -2.346514109259754260e-02 9.989813887213245813e-01 -3.854312111762329962e-02 -4.087875954432630188e+00 6.229661363979323019e-01 4.476448832663360022e-02 7.809669268596742819e-01 6.043175004812190565e+01
7.763583631321249179e-01 -5.623739252896744339e-03 -6.302666562602323719e-01 -2.994666747618302693e+01 -2.447662786471751367e-02 9.989369053905394757e-01 -3.906345840790624580e-02 -4.150184598303620298e+00 6.298163167394711381e-01 4.575404489391533130e-02 7.753953714442067824e-01 6.127758833543898476e+01
7.711431917523823287e-01 -7.623637076390792945e-03 -6.366160933202006378e-01 -3.066943905318265706e+01 -2.320545304138979179e-02 9.989273140675339890e-01 -4.007153854304795065e-02 -4.204803783991186705e+00 6.362387060304711683e-01 4.567385884997846035e-02 7.701390882312004749e-01 6.212199916929144194e+01
7.657439451798733199e-01 -8.620399447076758370e-03 -6.430877788388321692e-01 -3.133736129289677663e+01 -2.305508740804443693e-02 9.988995778423946925e-01 -4.084233554050827053e-02 -4.263706150117180904e+00 6.427321991274633772e-01 4.610121595904093095e-02 7.647025604064865423e-01 6.289239668789076632e+01
7.602880359244053032e-01 -1.020668687632302757e-02 -6.495059029658227789e-01 -3.207143147383739290e+01 -2.235791743102394369e-02 9.988729537463512109e-01 -4.186819606310013958e-02 -4.318585266781661325e+00 6.492012265333148013e-01 4.635348775972520513e-02 7.592029567819978952e-01 6.375433378692876119e+01
7.541864870140084776e-01 -1.198201507993214635e-02 -6.565509622069639617e-01 -3.280464344507498708e+01 -2.145916194082841608e-02 9.988497736892180123e-01 -4.287929578021064392e-02 -4.386296903975612338e+00 6.563095717024575171e-01 4.642801872425629528e-02 7.530618787838546657e-01 6.456222743016789423e+01
7.479199809114362996e-01 -1.309048815301380730e-02 -6.636598021312981599e-01 -3.354754731915476640e+01 -2.062768883210755466e-02 9.988642988198418449e-01 -4.294893516135407652e-02 -4.442105465718722002e+00 6.634683168802605335e-01 4.581213449768227475e-02 7.468005417126698520e-01 6.537901838836106094e+01
7.415398588193904406e-01 -1.313324216621105864e-02 -6.707802525848545194e-01 -3.429412723418110431e+01 -1.978406252867325257e-02 9.989455393750935608e-01 -4.142946133249768986e-02 -4.504827074838535950e+00 6.706170559371932294e-01 4.399235518785735155e-02 7.404981062851156981e-01 6.620367847762231861e+01
7.352564448998480939e-01 -1.369844098174608296e-02 -6.776505768552077980e-01 -3.503373979385207093e+01 -1.878664200775131271e-02 9.989997417538237778e-01 -4.057804936083152930e-02 -4.566295481511406962e+00 6.775286189812971260e-01 4.256605090955099813e-02 7.342636518137805046e-01 6.701251556477120630e+01
7.288863025360733383e-01 -1.477285179129013241e-02 -6.844753553112865596e-01 -3.581858936216595879e+01 -1.841656724812487309e-02 9.989823194663790540e-01 -4.117226585104123010e-02 -4.630115389016992822e+00 6.843870216557940145e-01 4.261558683131726893e-02 7.278724648686244469e-01 6.779525997328667586e+01
7.224835030847076567e-01 -1.706325226849099430e-02 -6.911775634649838240e-01 -3.658389122735572840e+01 -1.731328456673896996e-02 9.989354178807222651e-01 -4.275840395338514205e-02 -4.698705968799036903e+00 6.911713575482753003e-01 4.285879511255277774e-02 7.214189400852951684e-01 6.860748632421457671e+01
7.166287630732033342e-01 -1.618235552659054097e-02 -6.972670494171175903e-01 -3.739223762046527355e+01 -1.907246409545829482e-02 9.989022462565669835e-01 -4.278485209086086566e-02 -4.754508343311419694e+00 6.971939936195383769e-01 4.395945619722394643e-02 7.155334447411161314e-01 6.940954773000781586e+01
7.111112398931909162e-01 -1.631993916886143037e-02 -7.028900730865175195e-01 -3.820104678467277637e+01 -1.859427257718472906e-02 9.989443348339167583e-01 -4.200558250327742632e-02 -4.819116615679590154e+00 7.028335971990558040e-01 4.294037125332870325e-02 7.100570881087628905e-01 7.019902509418467673e+01
7.063692211139469546e-01 -1.600544659830266739e-02 -7.076625889401562119e-01 -3.899580032877126712e+01 -1.935561647431945781e-02 9.989337422738528982e-01 -4.191346669366606548e-02 -4.878080413705885299e+00 7.075788941989260561e-01 4.330362827278527033e-02 7.053062551733052521e-01 7.099667923144811255e+01
7.016584653825428397e-01 -1.637560389015642673e-02 -7.123252263420741803e-01 -3.983585868315120138e+01 -1.995209931835800754e-02 9.988922474202290847e-01 -4.261680196973742507e-02 -4.940092369959527829e+00 7.122340343916579997e-01 4.411482332189579220e-02 7.005544747233063418e-01 7.179550631705627950e+01
6.961493949014707638e-01 -1.795955357448760642e-02 -7.176722544531203285e-01 -4.067275742081496048e+01 -2.044359659012454436e-02 9.987856593743572597e-01 -4.482483708850987930e-02 -5.015858234882770716e+00 7.176058023216324022e-01 4.587658507195087332e-02 6.949368755397419273e-01 7.260190455757458494e+01
6.909086382782573255e-01 -2.023092768011171966e-02 -7.226589468023827401e-01 -4.150065342526333723e+01 -2.052606956508694000e-02 9.986564257086169016e-01 -4.758176006639812383e-02 -5.081819038090105600e+00 7.226506364322048404e-01 4.770799668482974404e-02 6.895650907700369148e-01 7.337936849747404722e+01
6.861720722658699589e-01 -2.100375344713237627e-02 -7.271359706051204741e-01 -4.236599490690601755e+01 -2.091384001187275923e-02 9.986002790073470470e-01 -4.858079964914353149e-02 -5.146438505521720330e+00 7.271385748028910134e-01 4.854199314482644800e-02 6.847723546834001418e-01 7.416876105678279885e+01
6.810498015858111875e-01 -2.098650062690516488e-02 -7.319362845185726218e-01 -4.321273257600618223e+01 -1.991204745909258902e-02 9.986887362400257429e-01 -4.716268126488998985e-02 -5.218117086272173744e+00 7.319663152617188473e-01 4.669448455228120132e-02 6.797388824837694576e-01 7.496199712157886097e+01
6.761143295009494070e-01 -2.080932427675046339e-02 -7.365028006697591501e-01 -4.407710618556418325e+01 -1.954833094741243935e-02 9.987425740202573454e-01 -4.616420287599858063e-02 -5.287087500940537588e+00 7.365373614896087995e-01 4.560967935204288809e-02 6.748573792446386221e-01 7.573933135321429688e+01
6.710612421177466480e-01 -2.198133511745678850e-02 -7.410759880377855158e-01 -4.495505935124928243e+01 -1.810022068370706685e-02 9.987767408538582581e-01 -4.601525799167786868e-02 -5.363670459513728339e+00 7.411809496536050368e-01 4.429269488250049680e-02 6.698424943304158719e-01 7.651459023212166244e+01
6.663419155810426098e-01 -2.275476621713531239e-02 -7.452990419013979517e-01 -4.584016696724162898e+01 -1.778982397347854752e-02 9.987645874195014706e-01 -4.639850327672510183e-02 -5.427495154394875954e+00 7.454340900472047338e-01 4.417600608392243527e-02 6.651139061472429725e-01 7.728238875166083233e+01
6.618335103941910269e-01 -2.334514348266624253e-02 -7.492872602667349780e-01 -4.672825642979380234e+01 -1.706736840540688804e-02 9.987866736548298707e-01 -4.619399842348792529e-02 -5.497176482661230601e+00 7.494565487490029154e-01 4.336109760527622620e-02 6.606320512385326360e-01 7.807612793489390413e+01
6.578760116556295889e-01 -2.359285463564894658e-02 -7.527566140605377321e-01 -4.761579847188185965e+01 -1.685753755891205782e-02 9.987974861924282521e-01 -4.603699629524395098e-02 -5.571056108906471849e+00 7.529375709945207440e-01 4.297625815646260311e-02 6.566871902826534324e-01 7.884630520678813070e+01
6.539634798735933785e-01 -2.595045252035475120e-02 -7.560809020434571259e-01 -4.852127225901566732e+01 -1.442056081125229518e-02 9.988023329346906731e-01 -4.675411392736873034e-02 -5.640623545203774292e+00 7.563886723180694993e-01 4.147859340449672194e-02 6.528060303258762520e-01 7.960167883955583079e+01
6.502306917985674062e-01 -3.027922985363026495e-02 -7.591331932113805081e-01 -4.945369226339940383e+01 -1.163861123387706538e-02 9.986912276108754760e-01 -4.980335965295992068e-02 -5.720378936007114667e+00 7.596476811358785497e-01 4.121892884558343850e-02 6.490272806946819628e-01 8.038987072832317438e+01
6.449983640052459055e-01 -3.484400372601844514e-02 -7.633891504855717658e-01 -5.036317251039885434e+01 -7.064610335315564191e-03 9.986453759309893430e-01 -5.155098847591340488e-02 -5.790872004616236524e+00 7.641513011967655533e-01 3.864334982213673414e-02 6.438784754511124309e-01 8.114673721943063356e+01
6.384812631134987315e-01 -3.849957268916774644e-02 -7.686738246246435091e-01 -5.126992837849498130e+01 -1.919331799890635747e-03 9.986653109206532486e-01 -5.161310801798252995e-02 -5.866878321427432041e+00 7.696349799626440724e-01 3.442934218524236478e-02 6.375551967611740034e-01 8.192131827375028763e+01
6.301893817429743416e-01 -4.222693530073788615e-02 -7.752923435760573634e-01 -5.221367084526654168e+01 2.940937325723650547e-03 9.986426824679820458e-01 -5.200138095564810214e-02 -5.950520917398298693e+00 7.764358980503498486e-01 3.049063155298656694e-02 6.294582024976809187e-01 8.267652066759654872e+01
6.210766910210263614e-01 -4.304937113448898539e-02 -7.825666005243648859e-01 -5.314958852340480888e+01 5.281732947915261829e-03 9.986975722680758727e-01 -5.074704346071245986e-02 -6.029163331067201703e+00 7.837320059347436807e-01 2.738449763031633108e-02 6.204951598884473896e-01 8.343840686402035089e+01
6.121091171005037523e-01 -4.261347893483277000e-02 -7.896242832684675639e-01 -5.410648514252643082e+01 7.254060448909976574e-03 9.988075402447860185e-01 -4.827914800839570170e-02 -6.099213865273737767e+00 7.907400442155967379e-01 2.382412393701693193e-02 6.116883234667542801e-01 8.416653766725136165e+01
6.029963067387638098e-01 -4.186854097800225827e-02 -7.966445052204143007e-01 -5.510015325439766087e+01 6.443842058948488424e-03 9.988448375571284954e-01 -4.761793109909127908e-02 -6.180743747040626346e+00 7.977179584981508587e-01 2.357998476825366382e-02 6.025695434293144581e-01 8.490302584471268688e+01
5.939060242796871947e-01 -4.277360563819032624e-02 -8.033965653175457744e-01 -5.604045636013965037e+01 4.420179217496413883e-03 9.987441126801553937e-01 -4.990650640639501118e-02 -6.247134196522099003e+00 8.045222848883322175e-01 2.608861757217193975e-02 5.933492133583128103e-01 8.558387918383063209e+01
5.836026485811084408e-01 -4.495864501331452850e-02 -8.107938435786657960e-01 -5.707617154353827971e+01 5.269940148645820346e-03 9.986548418904847013e-01 -5.158230778097663144e-02 -6.335043467306160636e+00 8.120222823656876310e-01 2.583073597373812882e-02 5.830545412453286280e-01 8.633256217218598749e+01
5.740576877694628655e-01 -4.602345049397660315e-02 -8.175203978555453110e-01 -5.810778806084061898e+01 4.706967180696421636e-03 9.985881011419787123e-01 -5.291170658877754340e-02 -6.402459263326613303e+00 8.188013352011527246e-01 2.652632982128875702e-02 5.734638083872597436e-01 8.701577206560257594e+01
5.638957427120224741e-01 -4.724294872681118057e-02 -8.244935916951848798e-01 -5.909762505349274164e+01 8.088723966555773706e-03 9.986304844853526319e-01 -5.168876060079704432e-02 -6.485693680252431648e+00 8.258063786749911817e-01 2.247797049490843704e-02 5.635056150663008134e-01 8.771762927458374293e+01
5.536319604082887702e-01 -4.755579118814348694e-02 -8.314024816814057361e-01 -6.011179005819879251e+01 9.944080501327541219e-03 9.986744588395490840e-01 -5.050188603815198435e-02 -6.569424064248646999e+00 8.327020950188807058e-01 1.969192445555383031e-02 5.533709982339650724e-01 8.838800627597628079e+01
5.431122302442700223e-01 -4.784937334748866344e-02 -8.382956101776772861e-01 -6.115475681993589774e+01 1.010003664312640950e-02 9.986750035830845862e-01 -5.046014711417123877e-02 -6.650553094394441977e+00 8.395993724372744493e-01 1.893870613585028895e-02 5.428758900801996523e-01 8.906889708860222754e+01
5.322489899605160613e-01 -4.849188660110100024e-02 -8.451979274933810737e-01 -6.221523435500704835e+01 8.899353210695355731e-03 9.986235139772131619e-01 -5.169021971409694383e-02 -6.729536559658845007e+00 8.465410952724737870e-01 1.999035182757742321e-02 5.319479042722157214e-01 8.973333353830777526e+01
5.227542029667960888e-01 -4.929327489358988068e-02 -8.510571092376879587e-01 -6.329833947442892139e+01 8.088630482635594116e-03 9.985687084362672161e-01 -5.286878624713384212e-02 -6.807374504789566849e+00 8.524450887321670667e-01 2.075349322693435805e-02 5.224047055604387202e-01 9.037355166226943481e+01
5.125451405124817894e-01 -4.993719084658841678e-02 -8.572069426838767603e-01 -6.435034561682276433e+01 6.888256978657367538e-03 9.985144442313058644e-01 -5.405049998736330408e-02 -6.895557312126694427e+00 8.586326589458421754e-01 2.179865889784149413e-02 5.121277075224108799e-01 9.100242570937271580e+01
