7.776148077776250389e-01 -6.283657588939661753e-01 2.171828203560089918e-02 -6.596735486565253836e+01 6.274000652536406708e-01 7.777480927321429593e-01 3.843256914704540339e-02 2.570960221062183138e+01 -4.104106290893537456e-02 -1.625968330334699730e-02 9.990251517625465816e-01 -8.854440419414192354e-01 -4.809208017785018303e-24 -1.416202385148814181e-23 -3.430527606006730092e-24 9.999999999999997780e-01
7.498347000581676580e-01 -6.610508143082736154e-01 2.756344483271664855e-02 -6.557658948582806602e+01 6.602963514782351773e-01 7.503180771984073738e-01 3.211714890548113960e-02 2.608793033391013338e+01 -4.191241836507680202e-02 -5.882510659050594129e-03 9.991039711937573786e-01 -8.922474544592876589e-01 -4.809208017785018303e-24 -1.416202385148814181e-23 -3.430527606006730092e-24 9.999999999999997780e-01
7.208232663372207139e-01 -6.930238436250519829e-01 1.147914953726739996e-02 -6.520510860755088345e+01 6.926879934022444063e-01 7.208602307331110071e-01 2.332105365927867463e-02 2.649484696744784173e+01 -2.443690862839403496e-02 -8.858889014172860801e-03 9.996621217101913093e-01 -9.091524047632305594e-01 1.092369821452767260e-18 2.372711514312289794e-18 -3.573947624843958978e-20 9.999999999999998890e-01
6.910731570103895161e-01 -7.226430131214650610e-01 -1.431667721302513213e-02 -6.486871927401408300e+01 7.227808810802988093e-01 6.909991802177589681e-01 1.038897892827285799e-02 2.691483566634440550e+01 2.385289181659876016e-03 -1.752736503624853157e-02 9.998435386951327608e-01 -9.076310336570783122e-01 1.663196084210913540e-18 3.103644319501951957e-18 -2.981347670544539269e-20 9.999999999999998890e-01
6.564654642500380444e-01 -7.538202591372072936e-01 -2.842729606017666000e-02 -6.454107316261396932e+01 7.538685317943296660e-01 6.569298385409882979e-01 -1.119928590461277858e-02 2.731731774046819083e+01 2.711698761373532857e-02 -1.407849952312769347e-02 9.995331234301011447e-01 -9.283194037594219017e-01 3.502922969374927834e-18 3.803125702110379472e-18 -2.211156465078795300e-20 9.999999999999997780e-01
6.190573673870046756e-01 -7.848375259181370467e-01 -2.824949193463622069e-02 -6.419077927180975962e+01 7.841251554713296601e-01 6.196999242869659641e-01 -3.346258202518923031e-02 2.777486150249395536e+01 4.376889810052129320e-02 -1.435879320747540655e-03 9.990406507293099203e-01 -9.390916409586513858e-01 6.283939503802205667e-18 4.061260070899475122e-18 -7.590871966439608507e-20 9.999999999999996669e-01
5.864661086183632355e-01 -8.096911673914379826e-01 -2.139431911325506350e-02 -6.387486582214394559e+01 8.087623820279404852e-01 5.868287479929328310e-01 -3.918456259216793192e-02 2.827116363895785156e+01 4.428219572836777918e-02 5.677497453439092796e-03 9.990029295072871962e-01 -9.490778452345259852e-01 8.190045133201877030e-18 2.972000453171783586e-18 -1.364808815532167043e-19 9.999999999999994449e-01
5.573998140984549599e-01 -8.300900195140539228e-01 -1.600021081608137344e-02 -6.357264913674113416e+01 8.297589762635377841e-01 5.576293710875167564e-01 -2.344196686773402857e-02 2.877506806663398820e+01 2.838113022932381782e-02 -2.097705725756634425e-04 9.995971525785847245e-01 -9.288950491109887464e-01 1.026969158468616611e-17 7.683545378267820843e-19 -1.854195585178346995e-19 9.999999999999991118e-01
5.286338772005370057e-01 -8.488140595374930042e-01 -7.804883561092127060e-03 -6.328341930380007341e+01 8.487721126491464263e-01 5.286875714405063764e-01 -8.680587160183514048e-03 2.927598022689116419e+01 1.149454936189344550e-02 -2.035715062264102735e-03 9.999318632782707716e-01 -8.767833950574924762e-01 8.886763481609154436e-18 7.442961887586198629e-19 -1.364486773087931806e-19 9.999999999999990008e-01
4.987496126212918046e-01 -8.667239409666531724e-01 -6.199521379712209096e-03 -6.302877432611897746e+01 8.667102479459215525e-01 4.987812849429931195e-01 -5.529547552579396411e-03 2.979391006009746334e+01 7.884796486337683138e-03 -2.615329012336767463e-03 9.999654944239469989e-01 -8.674280683012146609e-01 7.413174191912992049e-18 -3.317103374594661219e-19 -8.487644457174071738e-20 9.999999999999987788e-01
4.716054299921204063e-01 -8.817983525808941181e-01 -4.470322981749769685e-03 -6.274394002104400414e+01 8.816752064842137138e-01 4.716159821332079338e-01 -1.507301123025921175e-02 3.032848474336596922e+01 1.539963223476543616e-02 3.167141004536767283e-03 9.998764026342928934e-01 -8.648466261700423763e-01 4.965616356090234003e-18 -1.466321838154939439e-18 -3.828007613243417479e-20 9.999999999999984457e-01
4.460890403126476222e-01 -8.949730446131357597e-01 -5.274232534502332377e-03 -6.250432950112666219e+01 8.947246302068470047e-01 4.460928470726919226e-01 -2.165659003162881055e-02 3.087883724211035741e+01 2.173486172398365196e-02 4.941781709596015752e-03 9.997515564275846200e-01 -8.622193491693698197e-01 2.962815051173346578e-18 1.093086239280948924e-19 9.068620404693592012e-21 9.999999999999980016e-01
4.221540163588192729e-01 -9.065063679844567179e-01 -5.673735607109439173e-03 -6.224842991419522065e+01 9.062633699605998627e-01 4.221744277581976346e-01 -2.134143422291444672e-02 3.141647442864823603e+01 2.174145210817457832e-02 3.867473420496362300e-03 9.997561462224551221e-01 -8.529066215017481190e-01 2.036415821236632491e-18 1.222907486255857347e-18 5.696717351568019095e-20 9.999999999999976685e-01
4.035742268591501203e-01 -9.149323246852805180e-01 -5.165719797014233297e-03 -6.203797852397929091e+01 9.148229807084778953e-01 4.036060548080748767e-01 -1.417979160322500702e-02 3.199203162738236728e+01 1.505846548260648086e-02 9.968792510860675134e-04 9.998861179399756161e-01 -8.477869628550841474e-01 8.952824780629122487e-19 4.158373624310099470e-19 1.029153209594139755e-19 9.999999999999973355e-01
3.857310950523198390e-01 -9.226079698368035986e-01 -2.460955778479047198e-03 -6.179827749569683704e+01 9.225943752213895399e-01 3.857388005835405420e-01 -5.019614947046693171e-03 3.258697132634537752e+01 5.580422885934644035e-03 -3.342423886278779823e-04 9.999843734591297162e-01 -8.462539016805120662e-01 3.579886709133668659e-19 -8.454965670634182904e-19 1.414751831409602858e-19 9.999999999999970024e-01
3.694917582864334360e-01 -9.292331407419920364e-01 1.269135598221908653e-03 -6.156844161193293274e+01 9.292324083810298285e-01 3.694933115983703442e-01 1.350517844797364956e-03 3.317217676908021673e+01 -1.723883053606152776e-03 6.803167154267260363e-04 9.999982826967224181e-01 -8.401946340183860107e-01 7.981103009518364985e-19 -4.320091696474816541e-18 1.712599055146741276e-19 9.999999999999967804e-01
3.550143205013744918e-01 -9.348592079344455463e-01 1.758857334127397363e-03 -6.135477697518147977e+01 9.348538298372481847e-01 3.550183191921416070e-01 3.210899656237859324e-03 3.375551885226399662e+01 -3.626165683851230621e-03 5.043591552892369954e-04 9.999932982496868572e-01 -8.434234443366680489e-01 2.662157601094171601e-19 -6.596536048163587928e-18 2.069272370331102266e-19 9.999999999999966693e-01
3.425730338440601819e-01 -9.394912000175182909e-01 3.965493341131988599e-05 -6.115616978098667289e+01 9.394893056619434413e-01 3.425724272632437173e-01 1.994147886526966788e-03 3.434856050184593812e+01 -1.887069077720791507e-03 -6.458859055642128229e-04 9.999980108988744121e-01 -8.478132895135118696e-01 7.757942161522942087e-20 -1.181251361281757387e-17 2.440871428711503290e-19 9.999999999999965583e-01
3.310087655266119033e-01 -9.436174911746258998e-01 -4.384916629397196675e-03 -6.096116082778964795e+01 9.436276133630057128e-01 3.310034313881975443e-01 1.911990601370488043e-03 3.497571866049294442e+01 -3.527653237369148269e-04 -4.770614062451514724e-03 9.999885583335975658e-01 -8.502342112797712792e-01 2.781554956368832785e-19 -1.730476567565393951e-17 2.741203730921891756e-19 9.999999999999964473e-01
3.197964102949822918e-01 -9.474566740474513749e-01 -7.490444938543606296e-03 -6.076351592158731307e+01 9.474862175313992774e-01 3.197893275508476574e-01 2.157214083003055130e-03 3.558670823346661649e+01 3.514974696588628387e-04 -7.786962662429544949e-03 9.999696193695273294e-01 -8.558263818278543100e-01 8.822732865669711426e-19 -2.345504525975396027e-17 2.796729357076576239e-19 9.999999999999962252e-01
3.120109896738376132e-01 -9.500301414651821652e-01 -9.585021147095475549e-03 -6.056729870082586586e+01 9.500784395917287739e-01 3.119984672013975113e-01 2.813376424178270878e-03 3.623575476544999674e+01 3.177195037252955774e-04 -9.984326297318473625e-03 9.999501048966001893e-01 -8.607941934887415325e-01 1.366353980868207736e-18 -3.109596042789463122e-17 2.529020284365508745e-19 9.999999999999958922e-01
3.056749459083654696e-01 -9.520729202895656940e-01 -1.095362475198484974e-02 -6.037139263830904667e+01 9.521345925982416247e-01 3.056735639498983081e-01 1.841162656340497930e-03 3.687601724335296183e+01 1.595312409154000383e-03 -1.099212233608993020e-02 9.999383122097501575e-01 -8.612573355770322125e-01 1.300636174424585228e-18 -3.751776346483628566e-17 2.188589640893237771e-19 9.999999999999954481e-01
3.007282296423294254e-01 -9.536221355347300754e-01 -1.293655728395677260e-02 -6.016956538215852390e+01 9.537074737516908485e-01 3.007302635411189806e-01 1.833875850558048040e-03 3.750555772291653511e+01 2.141589676399196368e-03 -1.288918960424795604e-02 9.999146375491381189e-01 -8.603284892199987155e-01 1.043389156636848180e-18 -4.167669985082559189e-17 2.267713904552849326e-19 9.999999999999953371e-01
2.977484725856230363e-01 -9.545631631172551979e-01 -1.245048964887532535e-02 -5.997023920804706165e+01 9.546405797675243665e-01 2.977586559322271120e-01 1.070643982066764094e-03 3.819564838158540709e+01 2.685243757447630577e-03 -1.220452526713457914e-02 9.999219164659758352e-01 -8.650589984699649237e-01 9.649857903284945304e-20 -4.556320543625296450e-17 2.363737763228433411e-19 9.999999999999954481e-01
2.957060912434074651e-01 -9.552045031608065173e-01 -1.192747847822522508e-02 -5.977884475858547120e+01 9.552706320494525061e-01 2.957326225673179154e-01 -4.852764910617104804e-04 3.882503793613750531e+01 3.990882780515150191e-03 -1.125047069030549879e-02 9.999287473434816942e-01 -8.668621195386099210e-01 -1.284250932842607440e-19 -5.093870464609786866e-17 2.317192908828857299e-19 9.999999999999955591e-01
2.950696364460370646e-01 -9.554129963872446396e-01 -1.095061559616398311e-02 -5.956773223913855730e+01 9.554619034486532270e-01 2.951076829281059077e-01 -2.001633097478941210e-03 3.949911711817619420e+01 5.143997070544348987e-03 -9.872274871072997046e-03 9.999380368218007131e-01 -8.621003655611948480e-01 -5.035299785563438177e-20 -5.717575880260480602e-17 2.158578993006343690e-19 9.999999999999955591e-01
2.942155678818705322e-01 -9.556756675081040653e-01 -1.100991139249547258e-02 -5.935600391994922376e+01 9.557279418619674116e-01 2.942482441536749538e-01 -1.439429311021091359e-03 4.016874057938076703e+01 4.615274663163580413e-03 -1.009897744306336234e-02 9.999383530470368209e-01 -8.638327716013738389e-01 2.233354225749748235e-19 -6.577649296348271046e-17 2.004409440241438802e-19 9.999999999999956701e-01
2.934845933433717358e-01 -9.558835110686124681e-01 -1.238978358155940276e-02 -5.916251085109677632e+01 9.559590378990598936e-01 2.934994037614310214e-01 6.464137685183639435e-04 4.086313476708359360e+01 3.018497831259497628e-03 -1.203383807438886642e-02 9.999230347442135125e-01 -8.636423652388179883e-01 1.201973067692642429e-18 -7.692762352513832589e-17 1.912608763241540473e-19 9.999999999999957812e-01
2.928977254227378424e-01 -9.560862901425046800e-01 -1.048466707654865764e-02 -5.893434128313656828e+01 9.561435400535974738e-01 2.928723215999748941e-01 3.915872110317191943e-03 4.156262483039685662e+01 -6.732428507213619566e-04 -1.117179672901116687e-02 9.999373668895207290e-01 -8.653206274479695592e-01 4.956298693552278309e-19 -8.603364287807046313e-17 1.792775917523579486e-19 9.999999999999960032e-01
2.926519516557922751e-01 -9.561977737076811090e-01 -6.375950792197750128e-03 -5.872938345943411775e+01 9.562147142253374366e-01 2.926240891621980089e-01 4.956081205564814504e-03 4.226574598957424200e+01 -2.873237021973454580e-03 -7.547184802047356665e-03 9.999673917236600040e-01 -8.739514518136428656e-01 1.021366146939764912e-19 -9.193780265841436045e-17 1.698719761570197907e-19 9.999999999999964473e-01
2.917413961484399132e-01 -9.564954162582696151e-01 -1.864524134862290605e-03 -5.851237306294126483e+01 9.564963302029990677e-01 2.917378872698507819e-01 1.943049016838542357e-03 4.296543455193672401e+01 -1.314565146311132658e-03 -2.350278325525924274e-03 9.999963740485814379e-01 -8.788839003947575002e-01 -1.102163170787977448e-18 -9.692845167740497361e-17 1.857553521084600236e-19 9.999999999999970024e-01
2.918064113219478450e-01 -9.564773942522151184e-01 -1.122313070053518487e-04 -5.828715534783292185e+01 9.564729181855834428e-01 2.918054009651745995e-01 -3.027332995838205934e-03 4.367050448304867416e+01 2.928325276925798984e-03 7.760489716711484838e-04 9.999954113190266947e-01 -8.765191824195821546e-01 -2.647792187946666817e-18 -1.033236870016534893e-16 1.968944867962022663e-19 9.999999999999974465e-01
2.915839383974915267e-01 -9.565387930960819185e-01 -3.513427224492231184e-03 -5.806864716336389876e+01 9.565245681106070430e-01 2.915998193483549383e-01 -5.504176303605087632e-03 4.439941518751624017e+01 6.289472902384727650e-03 -1.755750054253566199e-03 9.999786797089237345e-01 -8.750530609857913866e-01 -3.628639773747253492e-18 -1.081291929015457845e-16 2.287719204270871171e-19 9.999999999999977796e-01
2.907444880702212964e-01 -9.567486360229202624e-01 -9.984494229772796284e-03 -5.784504616338335836e+01 9.567508180218636804e-01 2.908200808897758449e-01 -7.180025467533491558e-03 4.514164812307230790e+01 9.773170992208863109e-03 -7.465120192977538031e-03 9.999243756951367024e-01 -8.783105605168508578e-01 -5.632873545625379110e-18 -1.099980324929104793e-16 2.663906295355785359e-19 9.999999999999982236e-01
2.905563218854598784e-01 -9.568171548808883653e-01 -8.829265993663220485e-03 -5.762633812199677408e+01 9.568059964526617334e-01 2.906242946780679404e-01 -7.733336605784410858e-03 4.586592770409329489e+01 9.965388330806188369e-03 -6.200924806930470379e-03 9.999311174110965261e-01 -8.795783748450568540e-01 -8.731521886949044864e-18 -1.130736837792199835e-16 2.977216133363747489e-19 9.999999999999987788e-01
2.900540968270610143e-01 -9.570021030928780315e-01 -3.949125168034166820e-03 -5.739558623650002289e+01 9.569728750190864552e-01 2.900767691299014350e-01 -7.640974336739029052e-03 4.661836895934925451e+01 8.457977979560341031e-03 -1.562909755739045259e-03 9.999630092766649270e-01 -8.818940128444143767e-01 -1.041857218382661967e-17 -1.151104308545813829e-16 3.309031835245142748e-19 9.999999999999994449e-01
2.902326677934675137e-01 -9.569474245256699430e-01 -4.077405929677490465e-03 -5.716219651573622684e+01 9.569434309986211140e-01 2.902481217343744757e-01 -3.911227199508792059e-03 4.739271466243389597e+01 4.926298207931257243e-03 -2.766680915456347541e-03 9.999840384039793140e-01 -8.754854400116922619e-01 -1.230302100981020844e-17 -1.173762775511890865e-16 3.444830946276637990e-19 9.999999999999997780e-01
2.912691058089942886e-01 -9.566275563747422828e-01 -5.101606183732184698e-03 -5.692999054923141955e+01 9.566410901823663160e-01 2.912629132247388508e-01 1.933896191935606784e-03 4.815653910373660551e+01 -3.641097091858390075e-04 -5.443690315835294710e-03 9.999851167192038703e-01 -8.770917160265072621e-01 -1.499748280544945757e-17 -1.179552134257327806e-16 3.602497323125632024e-19 1.000000000000000000e+00
2.908797685401046662e-01 -9.567239632441009167e-01 -8.259443594148464796e-03 -5.669052831401786818e+01 9.567475427774039254e-01 2.908218937121460068e-01 7.534290081225267742e-03 4.895245999015867255e+01 -4.806208839693269959e-03 -1.009377491834667628e-02 9.999375060795270276e-01 -8.816016708325687956e-01 -1.813879134559150147e-17 -1.175456180727925267e-16 3.548158626097068242e-19 9.999999999999998890e-01
2.907414413241680706e-01 -9.567949356007476869e-01 -3.586851743513748240e-03 -5.645081238781901334e+01 9.567715912636325370e-01 2.907005423818935230e-01 9.017583361107479878e-03 4.971657558541930655e+01 -7.585278343994418006e-03 -6.053583033933384282e-03 9.999529077336366534e-01 -8.983638960653189676e-01 -2.130286084845435034e-17 -1.156079162701653551e-16 3.609669254475739406e-19 9.999999999999998890e-01
2.904784309393507735e-01 -9.568780929049253148e-01 2.568360871018765361e-03 -5.620240487807789265e+01 9.568476648095416426e-01 2.904896862311128203e-01 7.634693302299550531e-03 5.051246956427676338e+01 -8.051553110581552083e-03 2.398163706714722310e-04 9.999675569640634754e-01 -9.101797162777525152e-01 -2.356942252822176325e-17 -1.110635713684137629e-16 3.293187146172263891e-19 1.000000000000000000e+00
2.895198752508278406e-01 -9.571706692171002562e-01 1.597443315412971606e-03 -5.596583878759843600e+01 9.571515823761709285e-01 2.895241969104261348e-01 6.048781539013566889e-03 5.131006728528369365e+01 -6.252214766663601389e-03 -2.222470794866205615e-04 9.999804300169136129e-01 -9.109028818587516785e-01 -2.640720301244733073e-17 -1.027659524177492506e-16 2.544673089326467594e-19 1.000000000000000000e+00
2.899898467201545982e-01 -9.570090126668882036e-01 -6.295909265336091347e-03 -5.574281202455877349e+01 9.570245043267615603e-01 2.899602674256264168e-01 5.209743997094435849e-03 5.211813120046488024e+01 -3.160208424655637765e-03 -7.536112307108453444e-03 9.999666094895739432e-01 -9.198437918880461028e-01 -2.861458168117784824e-17 -9.525003877425614166e-17 1.889886362036925559e-19 9.999999999999998890e-01
2.894653665437527668e-01 -9.571427955088123163e-01 -9.352570618355291604e-03 -5.549955677078844474e+01 9.571873242696642414e-01 2.894664328809090081e-01 1.269051859197076757e-03 5.291212677678409193e+01 1.492591410990804900e-03 -9.319508606807261342e-03 9.999554584731649154e-01 -9.305580123005570137e-01 -3.147712577945775909e-17 -8.623529362618845982e-17 1.996651380917418007e-19 9.999999999999998890e-01
2.884203245075638855e-01 -9.574667894657574729e-01 -8.429915835157357831e-03 -5.524613767436733980e+01 9.574876975638729748e-01 2.884554818214062344e-01 -3.277807339032654151e-03 5.371860442030352090e+01 5.570047103320960140e-03 -7.126154447260280023e-03 9.999590954124745190e-01 -9.354975959678166753e-01 -3.524374821223447346e-17 -7.709743435899105791e-17 2.519565613477138117e-19 1.000000000000000000e+00
2.883605476312550153e-01 -9.574703334871571547e-01 -9.937558135335361822e-03 -5.499960149381086438e+01 9.574957818483118555e-01 2.884138105038118738e-01 -4.393364689910238610e-03 5.451515199533783829e+01 7.072645363679756249e-03 -8.248296948524773062e-03 9.999409699002670404e-01 -9.256156418110031980e-01 -3.995626039109932262e-17 -6.905007762770713267e-17 3.362118080822187914e-19 1.000000000000000222e+00
2.888115858469632591e-01 -9.572583167020114470e-01 -1.563275360545999387e-02 -5.477371293649026285e+01 9.573707180445001352e-01 2.888606098915502685e-01 -9.253561346123394043e-04 5.535515428752468381e+01 5.401491596511564554e-03 -1.469908697155596425e-02 9.998773728466996413e-01 -9.280193986506483084e-01 -4.450787225643683723e-17 -6.220861475603425795e-17 4.233439345062778896e-19 1.000000000000000222e+00
2.892746235215541972e-01 -9.571661828027212549e-01 -1.237298206667373536e-02 -5.451757371799732255e+01 9.572461501604137002e-01 2.892506436255224966e-01 3.724669813968575164e-03 5.617744082154304408e+01 1.376503830044895959e-05 -1.292144190749973040e-02 9.999165145899140406e-01 -9.277323830275270300e-01 -4.823911078097173133e-17 -5.453095715920655042e-17 5.585089017846970352e-19 1.000000000000000222e+00
2.882604419636646265e-01 -9.575330104467675296e-01 -6.037508058107841913e-03 -5.426704841474636254e+01 9.575377296777456415e-01 2.882159267605159947e-01 7.285314344623112365e-03 5.700801681424551504e+01 -5.235822996181973936e-03 -7.881209691691789046e-03 9.999552353437827223e-01 -9.355215773890345199e-01 -5.217591074063385792e-17 -4.913780318133914855e-17 6.156355753527101368e-19 1.000000000000000222e+00
2.874616264789068842e-01 -9.577455225270162797e-01 -9.451316386575722359e-03 -5.401406252538397013e+01 9.577613319454647556e-01 2.873592138649411765e-01 1.085878616168507727e-02 5.784525382219985801e+01 -7.684030979612961609e-03 -1.217358970266368447e-02 9.998963743217350597e-01 -9.428148678933542248e-01 -5.753025339447007693e-17 -4.176820757876597521e-17 6.001914636607310527e-19 1.000000000000000000e+00
2.879708281261935676e-01 -9.575788566200451601e-01 -1.074874422634828491e-02 -5.376211556410788717e+01 9.576130309722222789e-01 2.878618762137667986e-01 1.062182351645272506e-02 5.867745700462849356e+01 -7.077079938182588049e-03 -1.335191285197576475e-02 9.998858141622178897e-01 -9.602671622114016259e-01 -6.359977900138744205e-17 -3.536502338527383798e-17 5.890214433578630065e-19 9.999999999999995559e-01
2.860092448507093321e-01 -9.582083446271014715e-01 -5.956521366959202819e-03 -5.351096671484285849e+01 9.582229483280314541e-01 2.859847941801900717e-01 4.634522108980559246e-03 5.950113166871000914e+01 -2.737363221041158069e-03 -7.033191634654363186e-03 9.999715201235128692e-01 -9.595502831299693725e-01 -7.045490070676931171e-17 -2.865594395774817416e-17 5.895838619637999637e-19 9.999999999999994449e-01
2.859665058683435457e-01 -9.582246475078985970e-01 -5.355597976692870812e-03 -5.325873378007044323e+01 9.582372141146525690e-01 2.859738314597259357e-01 -6.396920834694622181e-04 6.034269948127965932e+01 2.144529594331479050e-03 -4.949002775157117402e-03 9.999854540764363531e-01 -9.609623830714653092e-01 -7.777046700221956793e-17 -2.129823331842486352e-17 5.499873236589581728e-19 9.999999999999993339e-01
2.860037393144583273e-01 -9.582005872984546979e-01 -7.314068560852322008e-03 -5.301730849235556065e+01 9.582210701907443173e-01 2.860232506825396426e-01 -1.755195551426160351e-03 6.119094499011887223e+01 3.773823073672236215e-03 -6.506502112886234160e-03 9.999717114447657096e-01 -9.680771742660500001e-01 -8.532047302681188837e-17 -1.456505812514735776e-17 5.389783216317611789e-19 9.999999999999991118e-01
2.850179586659155051e-01 -9.585014213124601890e-01 -6.307818939409048573e-03 -5.276285748972230749e+01 9.585218884795685401e-01 2.850168046988207360e-01 1.100156697891174241e-03 6.203541048905155009e+01 7.433326401156632518e-04 -6.359746938228665221e-03 9.999795003276726879e-01 -9.702206343480734851e-01 -9.301341370048124943e-17 -6.440398148672118379e-18 5.489890071758564716e-19 9.999999999999990008e-01
2.847838505775619478e-01 -9.585898330713676918e-01 -1.921036773229090446e-03 -5.250029934990399738e+01 9.585861522277353552e-01 2.847747597766184247e-01 3.990607888122691890e-03 6.289162524333785598e+01 -3.278293363729197635e-03 -2.977939929256007406e-03 9.999901922851629488e-01 -9.710022983227881710e-01 -1.012320988969752755e-16 3.459028139361739125e-18 5.520988817478298088e-19 9.999999999999986677e-01
2.837757724419051608e-01 -9.588906104548614584e-01 -3.288713414204646026e-04 -5.225810112336262847e+01 9.588715120426880567e-01 2.837679192200890932e-01 6.418053785255011141e-03 6.374375398642066415e+01 -6.060888375848448237e-03 -2.136633530893112653e-03 9.999793500014751979e-01 -9.649816808792471834e-01 -1.098208131992428717e-16 1.141925773577032900e-17 4.901683466180385377e-19 9.999999999999980016e-01
2.837597085788359230e-01 -9.588805665496284991e-01 -5.337310237357980984e-03 -5.201138057780317325e+01 9.588900401489099945e-01 2.837350744134570779e-01 4.929345872346233351e-03 6.460371224175318616e+01 -3.212271845449454852e-03 -6.516643376001180626e-03 9.999736069861188126e-01 -9.671160675641735649e-01 -1.181185065681355061e-16 1.773429467130986008e-17 3.836870765966328443e-19 9.999999999999970024e-01
2.837707239042803753e-01 -9.588831716972737729e-01 -4.152022454865523723e-03 -5.176313274912876494e+01 9.588917836898667169e-01 2.837717928030786818e-01 3.417328008048915559e-04 6.543808944572913333e+01 8.505450238471439547e-04 -4.078313981925203550e-03 9.999913219265256226e-01 -9.728068072302781255e-01 -1.265902297710275855e-16 2.418303562936655892e-17 3.326962592334331337e-19 9.999999999999958922e-01
2.829717986341310221e-01 -9.591240351705017098e-01 -2.836606399085303196e-03 -5.150262534075796594e+01 9.591183858975188548e-01 2.829810561391465362e-01 -3.693737893225036793e-03 6.629444105854298641e+01 4.345458667656062340e-03 -1.675417695580932488e-03 9.999891549235174759e-01 -9.888826019108891696e-01 -1.358562395430042636e-16 3.163107839808236352e-17 2.999293795906938939e-19 9.999999999999948930e-01
2.833019253367026757e-01 -9.590179479469369550e-01 -4.959295918228037725e-03 -5.125870503837811043e+01 9.590286422674415556e-01 2.833084033645567601e-01 -6.417893760591360111e-04 6.715453414677807586e+01 2.020497738827284513e-03 -4.574286665154348591e-03 9.999874966671008503e-01 -9.899100225047970936e-01 -1.453149606060826548e-16 3.828801164781611058e-17 2.816327060938772980e-19 9.999999999999937828e-01
2.835256669867878832e-01 -9.589521395405062876e-01 -4.897982260000222250e-03 -5.100718135194053815e+01 9.589552290642022747e-01 2.834965464838928861e-01 5.880202550665337285e-03 6.801683551331785793e+01 -4.250271761463515416e-03 -6.364134050276906360e-03 9.999707160651716276e-01 -9.819589072790219086e-01 -1.545893250778380757e-16 4.444706137558596492e-17 2.630413069284403561e-19 9.999999999999930056e-01
2.832836536146789430e-01 -9.590296187036564390e-01 -3.544297345104869233e-03 -5.076097210955811079e+01 9.590011839985516096e-01 2.832398191087915351e-01 9.588219881733013247e-03 6.887460607324769057e+01 -8.191500718351150262e-03 -6.115171310147613296e-03 9.999477506329933485e-01 -9.802169861906047110e-01 -1.629790449499695658e-16 4.933766149300344328e-17 2.079546449092605715e-19 9.999999999999921174e-01
2.831690061293131166e-01 -9.590632712963677031e-01 -3.599391320126352472e-03 -5.050613911087146590e+01 9.590275835536874460e-01 2.831191737396600572e-01 1.047031250965889046e-02 6.971941892532129259e+01 -9.022635470510409483e-03 -6.416783547218875804e-03 9.999387065906766292e-01 -9.866848469130491406e-01 -1.714766167182869342e-16 5.528754278753556556e-17 1.186258194202611083e-19 9.999999999999911182e-01
2.838795710947482620e-01 -9.588505331537210408e-01 -4.247844831352814467e-03 -5.025521973451375857e+01 9.588072994714148534e-01 2.838147790787706182e-01 1.173599832571222377e-02 7.058475509076816934e+01 -1.004746710935103607e-02 -7.404474802385044990e-03 9.999221080452993515e-01 -1.006965464665716015e+00 -1.792508989194384130e-16 6.150405589481442620e-17 2.975026823918701339e-20 9.999999999999904521e-01
2.835759391052566358e-01 -9.589239489769096902e-01 -7.038951549781278551e-03 -5.000906526635662885e+01 9.588994018309607847e-01 2.834781596870766807e-01 1.233167257723853140e-02 7.143936798883061101e+01 -9.829747133819833477e-03 -1.024661206242093343e-02 9.998991864246624672e-01 -1.017101220598325861e+00 -1.869432958829506478e-16 6.700986997127683684e-17 -3.903494950313212485e-20 9.999999999999896749e-01
2.837805424275638422e-01 -9.588421051425586317e-01 -9.509003371454830683e-03 -4.977225785604156982e+01 9.588707964120806171e-01 2.836995945402256414e-01 9.018638792553556466e-03 7.228589220756390432e+01 -5.949750204432086888e-03 -1.167721984437048756e-02 9.999141178168213795e-01 -1.026665842125812134e+00 -1.942825164992786301e-16 7.559322625314681306e-17 -8.116948604813957293e-20 9.999999999999890088e-01
2.838494062126981077e-01 -9.588181223549790966e-01 -9.865233711362853333e-03 -4.951223844991738332e+01 9.588671525939805873e-01 2.838533602126884214e-01 1.026436639141523706e-03 7.312671439074536295e+01 1.816113687172140646e-03 -9.750801989013556728e-03 9.999508105861174556e-01 -1.022329339366066181e+00 -2.029044752723026671e-16 8.740404121424929204e-17 -6.562254625910664018e-20 9.999999999999884537e-01
2.839904220020159631e-01 -9.587858413418843817e-01 -8.896665288524382986e-03 -4.925941420104755508e+01 9.587866352105591794e-01 2.840514694524629014e-01 -6.553689297357422235e-03 7.397458400863824579e+01 8.810695355268020196e-03 -6.668818787342328455e-03 9.999389473880547774e-01 -1.020810257616270311e+00 -2.121942071419456586e-16 9.842509783343768638e-17 1.665032979153894201e-20 9.999999999999878986e-01
2.834171584992833393e-01 -9.589448500510026063e-01 -9.974408686800394913e-03 -4.901159258285019149e+01 9.589619608201485068e-01 2.834801128146691163e-01 -5.566267910647576186e-03 7.482637525771622222e+01 8.165290446688957052e-03 -7.987502677623768352e-03 9.999347617885356865e-01 -1.017878030318660754e+00 -2.217317391979965618e-16 1.092737833893703713e-16 1.578532734761991257e-19 9.999999999999874545e-01
2.838693806093922078e-01 -9.588260891221351834e-01 -8.408660475078866964e-03 -4.875472606396193953e+01 9.588611580239188026e-01 2.838749300667164910e-01 5.511012051601032287e-04 7.569048532477512481e+01 1.858597691038937905e-03 -8.219178678315232703e-03 9.999644947280292850e-01 -1.011088405098341081e+00 -2.317893137916410986e-16 1.222339418608131960e-16 3.097355141202896607e-19 9.999999999999871214e-01
2.835274506335522804e-01 -9.589346633937092523e-01 -7.516387365005009966e-03 -4.850688274058902039e+01 9.589502871554874686e-01 2.834725510815304106e-01 7.593388415373373244e-03 7.653843803664884149e+01 -5.150873862863742519e-03 -9.360775881113317723e-03 9.999429205577514690e-01 -1.005812317410712531e+00 -2.427097681712670825e-16 1.373363323140685403e-16 4.441379671226322523e-19 9.999999999999868994e-01
2.833762509165526078e-01 -9.589818226600662632e-01 -7.194735842199195645e-03 -4.825301206904137530e+01 9.589670226082265270e-01 2.832858922597238926e-01 1.146092476253827985e-02 7.739875466912629065e+01 -8.952651355543737519e-03 -1.014726830027943769e-02 9.999084372981201785e-01 -1.015302355461647821e+00 -2.530830737558239148e-16 1.549122447007935654e-16 5.506878881400572846e-19 9.999999999999867883e-01
2.834326259239742796e-01 -9.589675001553272793e-01 -6.876060460715397935e-03 -4.800658011016169979e+01 9.589492824675742710e-01 2.833448752590505548e-01 1.148718064813506953e-02 7.824925020883954119e+01 -9.067536416485427048e-03 -9.849635020558723808e-03 9.999103782207312552e-01 -1.023895230841502579e+00 -2.640496459719704466e-16 1.726607695749786196e-16 6.266285974896250266e-19 9.999999999999866773e-01
2.840366747633877864e-01 -9.587579839331066278e-01 -1.030997738372999711e-02 -4.775788319850109076e+01 9.587945572778168168e-01 2.839472252597982638e-01 9.325781553339157481e-03 7.910635351253472436e+01 -6.013678050105030100e-03 -1.253401418314524333e-02 9.999033624130898579e-01 -1.036823309084001332e+00 -2.754877726897514903e-16 1.934481273460809950e-16 7.027164994643929700e-19 9.999999999999866773e-01
2.842002532544095628e-01 -9.586803270877590766e-01 -1.273760200351270987e-02 -4.751007215359050662e+01 9.587581997657335098e-01 2.841233448220568669e-01 7.525909179552483889e-03 7.994862225935951017e+01 -3.595890987663008260e-03 -1.435114566100552380e-02 9.998905511037023963e-01 -1.040553477632649049e+00 -2.866106909183500178e-16 2.152616304075062398e-16 8.708458382831023768e-19 9.999999999999867883e-01
2.831493340644995471e-01 -9.589963828801916224e-01 -1.234472524177821287e-02 -4.725772444406328532e+01 9.590710693114060659e-01 2.830839002249719849e-01 6.796281569765245771e-03 8.080745284722985389e+01 -3.023016473819369054e-03 -1.376383143856825184e-02 9.999007042280657620e-01 -1.045634019200193388e+00 -2.969236112321600502e-16 2.330702546104640469e-16 1.070818235598926309e-18 9.999999999999867883e-01
2.827756880362655711e-01 -9.591061454945468689e-01 -1.238191947793024911e-02 -4.700363062988770935e+01 9.591762366040553767e-01 2.826907872438108593e-01 8.177159741287036779e-03 8.166841072112227096e+01 -4.342509595781181807e-03 -1.418874489878670618e-02 9.998899050039795622e-01 -1.050026082525425730e+00 -3.062117864570677281e-16 2.506950340189522826e-16 1.291934756312170508e-18 9.999999999999870104e-01
2.824128292583807376e-01 -9.591952987204702685e-01 -1.368841782549000928e-02 -4.675777548147183182e+01 9.592610236365954890e-01 2.822582293700696687e-01 1.218935947536750608e-02 8.252462093678286692e+01 -7.828307724913882021e-03 -1.657319719151633536e-02 9.998320092561967520e-01 -1.050797783706213240e+00 -3.151091511012929269e-16 2.708043066199996239e-16 1.534838916124516150e-18 9.999999999999873435e-01
2.822096670626668136e-01 -9.592587675567201266e-01 -1.342835364715840550e-02 -4.650857683807937093e+01 9.593036902178548875e-01 2.820260292864009144e-01 1.406231628233204842e-02 8.336436708969272047e+01 -9.702254927049373465e-03 -1.685039080342136050e-02 9.998109474192508062e-01 -1.057431942700704397e+00 -3.238398654179042189e-16 2.928732519802871651e-16 1.860799821353608138e-18 9.999999999999877875e-01
2.812114777151581979e-01 -9.595739711665128846e-01 -1.174302604569223835e-02 -4.625668465337572854e+01 9.596062527693017818e-01 2.810677045261999463e-01 1.252138643684682848e-02 8.422193325223271643e+01 -8.714611132890324324e-03 -1.478983880281264061e-02 9.998526472542219601e-01 -1.065080125904281916e+00 -3.324649187024909353e-16 3.131251885922850118e-16 2.099189999282761962e-18 9.999999999999882316e-01
2.801562762597438194e-01 -9.598529949575650422e-01 -1.395309797082682282e-02 -4.600948409732551170e+01 9.599257912516026003e-01 2.800061028856576373e-01 1.179227020711756321e-02 8.507113247194506300e+01 -7.411893289686931688e-03 -1.669761711991649827e-02 9.998331127846654676e-01 -1.080113703926919522e+00 -3.414569618556747178e-16 3.342377975658753445e-16 2.327342034391765352e-18 9.999999999999885647e-01
2.798319638968282952e-01 -9.599265662687336276e-01 -1.533164547174304358e-02 -4.575968711974031322e+01 9.600254857531768105e-01 2.796776700552290884e-01 1.146593113183099095e-02 8.593464950927634050e+01 -6.718533016832178503e-03 -1.792730441791571400e-02 9.998167197395291250e-01 -1.104972941976883671e+00 -3.498529952382275213e-16 3.553151668761932070e-16 2.593970960868794121e-18 9.999999999999891198e-01
2.784533761031635080e-01 -9.604108138186048249e-01 -8.647892039942671472e-03 -4.551501745013084843e+01 9.604350779294428264e-01 2.783880712157353332e-01 8.033858805709897730e-03 8.677196201034146839e+01 -5.308334888644111911e-03 -1.054279397287963792e-02 9.999303331113958970e-01 -1.092738397088339752e+00 -3.589222082062412046e-16 3.788725528110649291e-16 2.913744670914084483e-18 9.999999999999900080e-01
2.770255534277774601e-01 -9.607576770719802317e-01 -1.419608026801616983e-02 -4.527175458594999213e+01 9.608620652094186365e-01 2.769803138965570288e-01 5.098760154799118760e-03 8.761798233525622948e+01 -9.666381935669227142e-04 -1.505296185786774051e-02 9.998862305033646702e-01 -1.092636933094056406e+00 -3.685519574781166394e-16 4.040050770276937218e-16 3.067361573696662527e-18 9.999999999999904521e-01
2.764698087129279780e-01 -9.607397396802670464e-01 -2.331517679562263023e-02 -4.503643149874994833e+01 9.610135605118600433e-01 2.764910806951984545e-01 2.370402534748684321e-03 8.848059723193806292e+01 4.169098514617807123e-03 -2.306154580166122278e-02 9.997253541463975157e-01 -1.114553754929020091e+00 -3.800721149031352221e-16 4.275370440594366865e-16 3.345875381429252519e-18 9.999999999999907851e-01
2.753846466751085353e-01 -9.610639150396055319e-01 -2.279139276224464994e-02 -4.480221417745313062e+01 9.613201394392152377e-01 2.754311125472217459e-01 1.136551548558294893e-03 8.931872652119056966e+01 5.185159984072017399e-03 -2.222281371482462062e-02 9.997395964284251368e-01 -1.107580421752386801e+00 -3.918453643114077961e-16 4.498764493748294816e-16 3.865514318756525177e-18 9.999999999999907851e-01
2.738348532715283445e-01 -9.615385029833015684e-01 -2.140514924157682283e-02 -4.455975569542163583e+01 9.617739272712286791e-01 2.738199328995831738e-01 3.682005974593679978e-03 9.018266898390335484e+01 2.320766016215585446e-03 -2.159517601567764733e-02 9.997641033855402259e-01 -1.095294675054541145e+00 -4.043875342458941861e-16 4.701162157976371071e-16 4.353798189847034443e-18 9.999999999999907851e-01
2.732082359554076079e-01 -9.617765051575879465e-01 -1.852603391565387989e-02 -4.432972050459311930e+01 9.619523939362155662e-01 2.731127511848288614e-01 7.550956263027407307e-03 9.103783303239241320e+01 -2.202636234036907479e-03 -1.988414611568695492e-02 9.997998645365091530e-01 -1.085265024804333622e+00 -4.155890246970458012e-16 4.897548243246377784e-16 4.782739380834201687e-18 9.999999999999908962e-01
2.723884174332418251e-01 -9.619885557657895658e-01 -1.955936153122380533e-02 -4.410192556639000117e+01 9.621783078781336318e-01 2.722413016262343888e-01 9.878134311204022841e-03 9.188091300285994123e+01 -4.177786117489828803e-03 -2.151028275349274946e-02 9.997598980952278058e-01 -1.090122595152459795e+00 -4.242850292075395178e-16 5.072876020338721918e-16 5.097384522590360323e-18 9.999999999999911182e-01
2.716058890381933821e-01 -9.622527367159833256e-01 -1.731795952211543504e-02 -4.386057794933701359e+01 9.623949093173451708e-01 2.714622114097547390e-01 1.021304540413189507e-02 9.275001205008217653e+01 -5.126359301385443115e-03 -1.944063936060622805e-02 9.997978705628107754e-01 -1.098578441383746274e+00 -4.346055884832757557e-16 5.274176105274615256e-16 5.468844571362927036e-18 9.999999999999912292e-01
2.702335613041930706e-01 -9.626893653122902128e-01 -1.424809668345531841e-02 -4.363235355752376421e+01 9.627727336200337938e-01 2.700975898885755178e-01 1.076825584904058872e-02 9.359350845379037764e+01 -6.518108814165730382e-03 -1.662762311991633837e-02 9.998405054843717554e-01 -1.113243387298719744e+00 -4.463252930596301106e-16 5.492319431645745857e-16 5.822426816122700447e-18 9.999999999999912292e-01
2.690462624765517230e-01 -9.630193989811923760e-01 -1.441339075034491456e-02 -4.340084306029659444e+01 9.630916506744964245e-01 2.688775116518097863e-01 1.262363374164331663e-02 9.445066273552704672e+01 -8.281367539451543747e-03 -1.727775776661033894e-02 9.998164321707355695e-01 -1.114921686341377560e+00 -4.576511988828996261e-16 5.730831560197668619e-16 6.147477620483481055e-18 9.999999999999908962e-01
2.686751400082850738e-01 -9.630432230641604585e-01 -1.901104024867021972e-02 -4.318577220451518883e+01 9.631955836373352620e-01 2.684440828280834079e-01 1.385792394115189195e-02 9.529527859962847458e+01 -8.242378474136821676e-03 -2.203462966296419398e-02 9.997232308459668149e-01 -1.113794117218041668e+00 -4.679492235762127425e-16 6.004171193276114769e-16 6.567820980845207268e-18 9.999999999999906741e-01
2.683697403551906224e-01 -9.630230365360445965e-01 -2.375528493182410550e-02 -4.296235746194398786e+01 9.632860660788662432e-01 2.680854511012650265e-01 1.449640665713168228e-02 9.614788466567131309e+01 -7.591927280859569159e-03 -2.677353186119544107e-02 9.996126953136603710e-01 -1.120506435982419502e+00 -4.784145993397720139e-16 6.296668478138616328e-16 7.168311486994599138e-18 9.999999999999901190e-01
2.686638129520483309e-01 -9.628776850512662522e-01 -2.619769531818004482e-02 -4.274055757199379002e+01 9.632205097710567765e-01 2.684166749571015309e-01 1.259913335090716291e-02 9.700027520690005645e+01 -5.099526085763407719e-03 -2.861908864512783049e-02 9.995773819966279339e-01 -1.129697146498055194e+00 -4.910605210338369667e-16 6.578758707371863815e-16 7.872336772823364791e-18 9.999999999999890088e-01
2.702988255068837775e-01 -9.623592201215501740e-01 -2.834213076390940111e-02 -4.250125880447853177e+01 9.627645033154429433e-01 2.700315043829386030e-01 1.294209396844989667e-02 9.784395786081098834e+01 -4.801675250655932682e-03 -3.078503024706498448e-02 9.995144950564210928e-01 -1.143516163683289566e+00 -5.028599462940747044e-16 6.874248953558065823e-16 8.572600591099579298e-18 9.999999999999878986e-01
2.713555441015719771e-01 -9.621272599545175330e-01 -2.602507132255477140e-02 -4.227470190213723811e+01 9.624479905460898710e-01 2.710298617101167817e-01 1.538439322886470291e-02 9.869939652868231406e+01 -7.748172621837541747e-03 -2.922241799347975386e-02 9.995429035854657140e-01 -1.158626972848235015e+00 -5.137722686431213282e-16 7.143936358857386397e-16 9.223175052436066852e-18 9.999999999999866773e-01
