1.000000000000000000e+00 4.398956837314658088e-19 2.733407509747682871e-20 -8.673617379884035472e-19 -5.583667658079949532e-19 1.000000000000000000e+00 -6.100159232558060012e-19 0.000000000000000000e+00 4.145284534913582806e-20 -2.210423569125054137e-19 1.000000000000000222e+00 0.000000000000000000e+00
9.999011700324365037e-01 1.919881406478844579e-04 1.405750064126686828e-02 -8.242884354993207374e-02 -1.887796537300086871e-04 9.999999558308096947e-01 -2.295670234513679561e-04 -6.893115949653236263e-03 -1.405754433813937408e-02 2.268905802139537778e-04 9.999011620912776621e-01 -1.604435892972155830e-03
9.995884873149976091e-01 1.638057567201323724e-03 2.863865949480311895e-02 -6.755176463855092073e-02 -1.626734246410077144e-03 9.999985892217382322e-01 -4.186804794513068317e-04 -1.912088700394402874e-02 -2.863930541113390155e-02 3.719207277607964267e-04 9.995897417613305302e-01 -4.614698499553454569e-02
9.979711692013428781e-01 5.092793819708379272e-03 6.346344541177742493e-02 2.324647760632896076e-03 -5.166188284970322023e-03 9.999861626912449619e-01 9.924385092348168586e-04 1.009913195286615828e-02 -6.345751406185866361e-02 -1.318289084399698651e-03 9.979836702090412182e-01 4.120740072479392446e-01
9.954535770524469696e-01 4.169191417717245385e-03 9.515667997961585467e-02 4.107178839609950532e-02 -4.471621500075555894e-03 9.999856059460536795e-01 2.965216615647324472e-03 1.153626550452235833e-02 -9.514294937829971543e-02 -3.377240088314693335e-03 9.954578913529883444e-01 5.432492970469416926e-01
9.909202941998888070e-01 1.730179469365740593e-03 1.344394915666246859e-01 1.634703446636110169e-01 -2.395098392919193294e-03 9.999856869585516117e-01 4.784285209657132033e-03 1.425731376050386190e-02 -1.344292919797703267e-01 -5.062841040097986779e-03 9.909102548789633369e-01 8.082775554680239338e-01
9.851588657369320101e-01 -2.465780300255375566e-03 1.716272965450957588e-01 1.524899533488274506e-01 1.469621490946662178e-03 9.999813314757289850e-01 5.931012429645321320e-03 -1.559082839831177347e-02 -1.716387200569465532e-01 -5.590762203709609066e-03 9.851440977986467562e-01 8.861645037404046743e-01
9.764628773492961544e-01 -2.539454011708051646e-03 2.156705817376602108e-01 2.817247147866650536e-01 1.135283197170661694e-03 9.999773479932259068e-01 6.634352162555759262e-03 -4.692750676269799581e-03 -2.156825477270470914e-01 -6.233351267899447240e-03 9.764436412035343293e-01 1.176642034845367224e+00
9.649507845194112976e-01 -2.628441738452312777e-03 2.624177469559169085e-01 3.605874343971531837e-01 -4.246907107561569204e-05 9.999482640136698741e-01 1.017189704099933333e-02 1.775809103525580190e-03 -2.624309112886053508e-01 -9.826524509679171807e-03 9.649007498449188036e-01 1.303875027284650434e+00
9.505277107342847698e-01 -6.169729442537395282e-03 3.105784994492998274e-01 5.254968807081730198e-01 1.022021232613428213e-03 9.998594446632536048e-01 1.673458641069381150e-02 2.565401716436098434e-02 -3.106380992184396561e-01 -1.558927013653866288e-02 9.504004141535215000e-01 1.610975878543488893e+00
9.336170411687000348e-01 -1.586576387395199558e-02 3.579210754534412064e-01 6.361295424453113911e-01 7.473260718614579967e-03 9.996640255059926483e-01 2.481907450718663644e-02 -4.912808091303011437e-04 -3.581946028594166775e-01 -2.049667323124958543e-02 9.334219381475767907e-01 1.792219679822792955e+00
9.124984895203969160e-01 -2.156980066488640643e-02 4.085110133040541491e-01 8.002411898139303315e-01 1.022249580466259335e-02 9.994994106198986650e-01 2.994041946657916356e-02 -6.849868639889497568e-03 -4.089523329675067709e-01 -2.314458522921570074e-02 9.122621990955952498e-01 2.028763187201713780e+00
8.879113208180282601e-01 -2.358378844183231168e-02 4.594097171815370029e-01 1.007574118633620897e+00 8.964566449029223727e-03 9.993824004693361296e-01 3.397725926668040963e-02 -8.563370974294312599e-03 -4.599273063889934288e-01 -2.605038400180868102e-02 8.875743650024332521e-01 2.268853614746351166e+00
8.595388960384455768e-01 -2.546766118491666439e-02 5.104353833479523539e-01 1.168313163430066082e+00 6.803089639438032049e-03 9.992392859646685999e-01 3.840009534772167998e-02 2.731825171794417112e-02 -5.110250574261437917e-01 -2.953383766088223811e-02 8.590582908081968450e-01 2.499444210833653646e+00
8.271563186042125704e-01 -3.067811882706440729e-02 5.611339170475438953e-01 1.424653491226148816e+00 7.856502802038135141e-03 9.990425362770746220e-01 4.303819272660253104e-02 2.219093110556322190e-02 -5.619169921690813085e-01 -3.119076259058900860e-02 8.266053683817504716e-01 2.744593883398640077e+00
7.918009486303053679e-01 -3.660236083371248145e-02 6.096814899755064188e-01 1.625800359390570771e+00 1.021100747687120856e-02 9.988565164124671991e-01 4.670540546270610799e-02 2.222140750082575444e-02 -6.106938678466810044e-01 -3.075592176897582603e-02 7.912692833723657948e-01 2.919625188163375462e+00
7.540225280848553702e-01 -4.107179033680160435e-02 6.555632147101956297e-01 1.866806577904829068e+00 1.139036346514886097e-02 9.987106933973854961e-01 4.946928806595572714e-02 3.231008534282157896e-02 -6.567497962997116412e-01 -2.983385397202943656e-02 7.535181835678840256e-01 3.148659394751744500e+00
7.143423573275363703e-01 -4.432789908997988859e-02 6.983910267138263572e-01 2.208133957492605770e+00 1.239544923954498216e-02 9.986366792588936558e-01 5.070636667971749334e-02 4.139642972991333658e-02 -6.996866145356047673e-01 -2.756483452940342721e-02 7.139179428251867243e-01 3.378700067673682028e+00
6.727291060234399378e-01 -4.625179252757472687e-02 7.384418141601468699e-01 2.495400031378953276e+00 1.145183291083856636e-02 9.985755654037589135e-01 5.211233679637203298e-02 5.291221949323446361e-02 -7.398002538664391059e-01 -2.660097296886548487e-02 6.723005141811140284e-01 3.547414239417905790e+00
6.299478823728676957e-01 -4.654163319752525896e-02 7.752415960183273169e-01 2.839006694324347713e+00 7.252214293566111407e-03 9.985117515820608469e-01 5.405263443841946958e-02 8.446266226309506742e-02 -7.766035552451028279e-01 -2.842812388875932614e-02 6.293478922501190009e-01 3.815199684357960752e+00
5.881551413264919370e-01 -4.737246972215655022e-02 8.073595037314393874e-01 3.174105002748971227e+00 4.241799337435523190e-03 9.984499692304745766e-01 5.549473880216985316e-02 1.036602142722395647e-01 -8.087370084684639693e-01 -2.921485837879399597e-02 5.874444261450381122e-01 4.021835840407722351e+00
5.481283110663227598e-01 -4.832883487338687778e-02 8.349968065425903418e-01 3.568020738531263447e+00 2.048101924802659887e-03 9.984037669015837224e-01 5.644221355075847157e-02 1.237563766590756842e-01 -8.363917578768350625e-01 -2.922741603310870934e-02 5.473523517292016027e-01 4.236104971363607419e+00
5.096918053076241462e-01 -5.103064033466869764e-02 8.588423168594759849e-01 4.001056110014314271e+00 1.114308649940886102e-03 9.982777323765903432e-01 5.865430343451997347e-02 1.323889052487474405e-01 -8.603563420768606251e-01 -2.893860176660073558e-02 5.088708422994495661e-01 4.442216930290875609e+00
4.721721933688175499e-01 -5.091645785215734299e-02 8.800346137145536041e-01 4.387180124117730173e+00 -1.780846378194684762e-03 9.982733196985480451e-01 5.871292637376050727e-02 1.602110756912377143e-01 -8.815045447604403783e-01 -2.928981704191575830e-02 4.712662273264788260e-01 4.645460778749413322e+00
4.360594373817934244e-01 -5.024201669586360330e-02 8.985142700199799659e-01 4.835216211277708176e+00 -3.108112865562050967e-03 9.983502767381148280e-01 5.733292714191137729e-02 1.855320196594516247e-01 -8.999125075674111462e-01 -2.779324704377212837e-02 4.351839008720937430e-01 4.795488490866114617e+00
4.028960494043699048e-01 -4.905941759491128790e-02 9.139299387811699038e-01 5.363941440180356679e+00 -1.573631267620966652e-03 9.985237475252682904e-01 5.429409983630602288e-02 2.029110916289102451e-01 -9.152444001905655213e-01 -2.331306632835636328e-02 4.022240704046959325e-01 5.012052575469248872e+00
3.725423558236804489e-01 -4.732814852757889074e-02 9.268075448062516042e-01 5.849473095828956914e+00 1.327248617158476832e-04 9.987013947461500507e-01 5.094611350642302972e-02 2.242847300407828093e-01 -9.280151889375688468e-01 -1.885657395803247774e-02 3.720648506900820496e-01 5.186796669613481292e+00
3.470192388908569514e-01 -4.549606645569035518e-02 9.367538316231019957e-01 6.374330531624990748e+00 1.061893516714853365e-03 9.988410873937234591e-01 4.811813050200772213e-02 2.508884543311182269e-01 -9.378574176862253253e-01 -1.570318337912090731e-02 3.466653845887547880e-01 5.354678987292065706e+00
3.265451936306476011e-01 -4.489305026870563792e-02 9.441148423646400500e-01 6.987270618078357032e+00 2.186054198697611958e-03 9.989045927915870537e-01 4.674222537653019427e-02 2.730509641300798984e-01 -9.451790695876757242e-01 -1.319956196561225537e-02 3.262856309924504483e-01 5.540948766879703946e+00
3.121603822352920221e-01 -4.548265594673185641e-02 9.489400447938853844e-01 7.552856578378632335e+00 3.324107633043676697e-03 9.988995112279045463e-01 4.678372303816185490e-02 3.018982746394461292e-01 -9.500236113468167876e-01 -1.144964514180707785e-02 3.119680411561295830e-01 5.715725590950196278e+00
3.000079177301270827e-01 -4.685573507049774211e-02 9.527852717641791536e-01 8.196003490295641569e+00 4.235508175407026385e-03 9.988485511867551958e-01 4.778736469177972263e-02 3.196160813567265890e-01 -9.539273169007385089e-01 -1.030105707265024755e-02 2.998609304855691104e-01 5.924015693899778334e+00
2.893199495057330872e-01 -4.876253488337615322e-02 9.559896268215343218e-01 8.803019556208607099e+00 2.993130291971103207e-03 9.987428583060493636e-01 5.003742714151090260e-02 3.453435332792476053e-01 -9.572277807525407800e-01 -1.161542349531944490e-02 2.891021846177188048e-01 6.093809313622750246e+00
2.785572343030401909e-01 -5.036191339246839233e-02 9.590982897284952013e-01 9.477952606684024062e+00 1.393552091031179715e-03 9.986443558324000769e-01 5.203372500969230541e-02 3.843878032684951429e-01 -9.604186282957547505e-01 -1.315781622318862483e-02 2.782497904218084184e-01 6.314654963459402914e+00
2.680806212873378946e-01 -5.218537328571484779e-02 9.619820433138656091e-01 1.018066988633404613e+01 7.256880740976567705e-04 9.985424848635702233e-01 5.396646421545358424e-02 4.139979327689929378e-01 -9.633962166733077703e-01 -1.376926348087809636e-02 2.677277586822935374e-01 6.491030033174391534e+00
2.584689178100576523e-01 -5.427206981669126240e-02 9.644938285027347957e-01 1.088535859278408857e+01 -2.083584838716556200e-04 9.984174378464878430e-01 5.623678822874118161e-02 4.402826252888927261e-01 -9.660195606826933457e-01 -1.473642139204519447e-02 2.580485652886532200e-01 6.671050190279225411e+00
2.482772220295339227e-01 -5.591910138803281305e-02 9.670736576272989105e-01 1.161390441787375671e+01 -4.967588463437185541e-04 9.983249496634412079e-01 5.785367808618677166e-02 4.709133969951482812e-01 -9.686889030215780627e-01 -1.484415199585927686e-02 2.478335655253798009e-01 6.855406065569949803e+00
2.371276601602130829e-01 -5.715058005827868687e-02 9.697959929976714966e-01 1.236313874785765421e+01 -1.227323520980637536e-03 9.982496863119859620e-01 5.912746749711703109e-02 5.029430569709179011e-01 -9.714777316688311126e-01 -1.521101057224394891e-02 2.366424687644480829e-01 7.035216175711238584e+00
2.264940175109992904e-01 -5.991600790841057622e-02 9.721679463863003301e-01 1.312892841066586591e+01 -2.496875499462721578e-03 9.980671867993269331e-01 6.209393048587874553e-02 5.346797099706519507e-01 -9.740093646266130278e-01 -1.649128523255728382e-02 2.259066427136754984e-01 7.218882238026017362e+00
2.156953637106460431e-01 -6.347236989692039977e-02 9.743955830126568296e-01 1.390628598653431425e+01 -4.653264579372345076e-03 9.978069564591737217e-01 6.602745432651392632e-02 5.815122221572756045e-01 -9.764496269682820806e-01 -1.877593537075696040e-02 2.149269792950078417e-01 7.382294546846673633e+00
2.029294868326387002e-01 -6.741250588271828492e-02 9.768700840858504097e-01 1.471839965693568608e+01 -4.106588483416111386e-03 9.975600082760055498e-01 6.969336960894485788e-02 6.217242488394292277e-01 -9.791847507926876304e-01 -1.815444229733640877e-02 2.021575037797227470e-01 7.561069526885255243e+00
1.903516635533891166e-01 -6.990030202887317912e-02 9.792242723793609382e-01 1.547651459154661069e+01 -5.287831160505138475e-03 9.973744322146147478e-01 7.222382399557505939e-02 6.637928104112384986e-01 -9.817017367678404494e-01 -1.892589679791114449e-02 1.894822599952052100e-01 7.695072961808206102e+00
1.767118709139462174e-01 -7.057862566312622654e-02 9.817288606486225255e-01 1.629168051071108181e+01 -5.708013612625476886e-03 9.973354736618991190e-01 7.272806543923358846e-02 6.954381399432580935e-01 -9.842460821746620292e-01 -1.845563333518030966e-02 1.758381523527871582e-01 7.846048360520480713e+00
1.623172771838214401e-01 -6.976572614370440961e-02 9.842691849433509166e-01 1.708583770245816424e+01 -7.392755087214300871e-03 9.973834082333623563e-01 7.191442208444445705e-02 7.378641506136565109e-01 -9.867109332435175517e-01 -1.894941333144696538e-02 1.613767968315410195e-01 7.990049159026109571e+00
1.456566791249170045e-01 -6.864607694171663554e-02 9.869507744954637563e-01 1.788705358532473610e+01 -8.870207727554995161e-03 9.974591720674651496e-01 7.068606247860978464e-02 7.760934257827637461e-01 -9.892954403967607613e-01 -1.905035462952806360e-02 1.446776842257090634e-01 8.083990538632756184e+00
1.250163827075851941e-01 -6.724713319180010418e-02 9.898730778906996708e-01 1.871041488430560662e+01 -1.120955404560719515e-02 9.975409527424883294e-01 6.918376588346557277e-02 8.124378057031579337e-01 -9.920913602939341880e-01 -1.974513904217004359e-02 1.239551497583461642e-01 8.202351042870420272e+00
1.009150979407307663e-01 -6.601396221511143803e-02 9.927025147890704559e-01 1.951956157834193561e+01 -1.570096054294486954e-02 9.975662974438309627e-01 6.793351172321812625e-02 8.606999901338552306e-01 -9.947711496235123185e-01 -2.244189914962502891e-02 9.963301660690497552e-02 8.256328617850797968e+00
7.059332710585412840e-02 -6.557186175316739862e-02 9.953476257299327390e-01 2.032976902754258575e+01 -1.959667927223135778e-02 9.975533152004423254e-01 6.710703000491266557e-02 8.997963480539237224e-01 -9.973126739669674334e-01 -2.424281586238226371e-02 6.913561535188636475e-02 8.351509949481147999e+00
3.774341347337222680e-02 -6.538895511060184573e-02 9.971457777622648733e-01 2.121204375964482125e+01 -2.249658843419031704e-02 9.975482966725206513e-01 6.626687938820906287e-02 9.442750499984358115e-01 -9.990342114211632207e-01 -2.493351555730096911e-02 3.617984801768937136e-02 8.369799937034301252e+00
2.894946277688749837e-03 -6.476646790221064764e-02 9.978962404294899891e-01 2.203103430915060557e+01 -2.447006798183343559e-02 9.975970317672706589e-01 6.481803744086249430e-02 9.731517706875669749e-01 -9.996963800961561342e-01 -2.460623272923743304e-02 1.303148548044244385e-03 8.345833899478561690e+00
-3.109518527750715355e-02 -6.366467515316487358e-02 9.974867825166526814e-01 2.289065322320507789e+01 -2.554117769436785659e-02 9.976941114942061706e-01 6.288169950333243052e-02 1.006561466216459921e+00 -9.991900494650284292e-01 -2.352166820200743413e-02 -3.264955542099973185e-02 8.311272381641543916e+00
-6.393532611269270305e-02 -6.172140860504293086e-02 9.960435354449912460e-01 2.373969816424206769e+01 -2.798375382012760135e-02 9.978039884911926727e-01 6.003424092253800692e-02 1.038418809378151009e+00 -9.975616275466666627e-01 -2.403472746141509589e-02 -6.552212149552209819e-02 8.248998091310200564e+00
-9.629122881672975975e-02 -5.847876351806955558e-02 9.936338441372006836e-01 2.458876371478222111e+01 -2.969581516711545036e-02 9.979970272467105774e-01 5.585778538000532589e-02 1.078093077732916072e+00 -9.949101340511935510e-01 -2.412815133093886358e-02 -9.783493604949626554e-02 8.153171846727742533e+00
-1.279079273617988455e-01 -5.401762192310509414e-02 9.903139105634929384e-01 2.544649428461967133e+01 -2.703742318831195424e-02 9.983344889110183917e-01 5.096298674026027153e-02 1.100405432512004289e+00 -9.914174482649684705e-01 -2.025696539538988580e-02 -1.291553939779422899e-01 8.062199941831122985e+00
-1.595308658751774522e-01 -4.884448977232978828e-02 9.859838241951562887e-01 2.624247985082858392e+01 -2.285739241719436654e-02 9.986902067777447822e-01 4.577565416518410146e-02 1.121352642435532454e+00 -9.869282948141886447e-01 -1.523438851228220599e-02 -1.604383724773112418e-01 7.930830867802958650e+00
-1.910647522924530384e-01 -4.267463516573318655e-02 9.806493353943669389e-01 2.708859556400851076e+01 -1.659802051121721592e-02 9.990521108394703198e-01 4.024158981638360777e-02 1.140856011019526495e+00 -9.814371006706366085e-01 -8.588087408700047221e-03 -1.915919599271194984e-01 7.718955811143104029e+00
-2.202967694313774094e-01 -3.709604711542838912e-02 9.747272438459346766e-01 2.787008604473864537e+01 -1.090018947095606518e-02 9.993078122343567182e-01 3.556799514102487736e-02 1.148304162665692019e+00 -9.753719984836816126e-01 -2.789196184498517021e-03 -2.205486380101671084e-01 7.534131079702287792e+00
-2.485416506161237937e-01 -3.028387782022141927e-02 9.681476736896217350e-01 2.869205427639528949e+01 -2.023039466204214036e-03 9.995251819886804556e-01 3.074602202474861420e-02 1.174591647922145654e+00 -9.686191052879778995e-01 5.683067211926298538e-03 -2.484849054011246117e-01 7.292750185701259547e+00
-2.752030705635519214e-01 -1.999059868790297942e-02 9.611782506585490049e-01 2.953345211388723968e+01 4.229849024809028031e-03 9.997489373601307072e-01 2.200387711037854119e-02 1.175724708172055433e+00 -9.613768220414119492e-01 1.012117456197811696e-02 -2.750494214884554034e-01 7.059968309669621078e+00
-3.002019956994741445e-01 -5.165719814725026199e-03 9.538616571383242704e-01 3.027867268999608896e+01 8.320906019439962970e-03 9.999331064096851351e-01 8.034003477042262961e-03 1.161333516631441354e+00 -9.538393678426678735e-01 1.034881819991118578e-02 -3.001389319807897804e-01 6.788446739804051333e+00
-3.247114172610836014e-01 1.178206904371913687e-02 9.457397434996802632e-01 3.107245232880291042e+01 9.044592956711595966e-03 9.999153677866897683e-01 -9.351608804405879549e-03 1.132073279399522292e+00 -9.457699011327067584e-01 5.517257931261135284e-03 -3.247905015635226822e-01 6.497080605940777076e+00
-3.495967724036181390e-01 2.635496295941400918e-02 9.365294960715999650e-01 3.188832059902369309e+01 7.708612118071364420e-03 9.996513523157978254e-01 -2.525373433396402648e-02 1.095461493269414666e+00 -9.368685546841197809e-01 -1.609280416447428667e-03 -3.496780478032424644e-01 6.196339020318492707e+00
-3.744698601399074067e-01 3.710112192038513002e-02 9.264965273847928229e-01 3.265200348284347598e+01 1.170910448188048833e-02 9.993087191457745710e-01 -3.528428384312948946e-02 1.069850468683986477e+00 -9.271651606411295266e-01 -2.364455240002560042e-03 -3.746454185130739800e-01 5.912124908277992752e+00
-3.975597743486122826e-01 4.195440042095772981e-02 9.166166259970335295e-01 3.342825259431134555e+01 1.577326331374986901e-02 9.991190233062100523e-01 -3.888934813485433323e-02 1.017657894082483860e+00 -9.174407032791858096e-01 -1.002804112289060797e-03 -3.978712925497955855e-01 5.556268451801621211e+00
-4.201896289496028780e-01 4.111212393347292438e-02 9.065045252153073330e-01 3.414582197263381858e+01 1.795749158402351262e-02 9.991542684485645864e-01 -3.699021898705549816e-02 9.718634056415583755e-01 -9.072586279122997199e-01 7.356419581941017402e-04 -4.205725332198472777e-01 5.182254946303174847e+00
-4.406639213549825573e-01 3.780427168639674540e-02 8.968757611773843230e-01 3.488932223507982400e+01 2.184664764527098624e-02 9.992685453510502525e-01 -3.138627436830892375e-02 9.372856805179012873e-01 -8.974062880176821855e-01 5.762931004450701743e-03 -4.411674935478586690e-01 4.821554042424108566e+00
-4.589142378435793201e-01 3.660303246001309768e-02 8.877262675595958274e-01 3.560739674391553677e+01 2.925986307070491815e-02 9.992316916647989711e-01 -2.607463780769651157e-02 9.095823366004800459e-01 -8.879986462689168913e-01 1.400872757464477307e-02 -4.596326511782901636e-01 4.412263089535403360e+00
-4.731182277384834989e-01 3.744161174516470042e-02 8.802029619958791073e-01 3.633052986076552315e+01 3.306135314333677466e-02 9.991473139996039921e-01 -2.473038216227112576e-02 8.607388914309948014e-01 -8.803783858767884052e-01 1.740030748762664767e-02 -4.739526780379395565e-01 4.038505836345174238e+00
-4.839123115627449456e-01 4.062165038312372939e-02 8.741731764518476666e-01 3.703725474489210967e+01 3.564831444762480567e-02 9.990079589026643614e-01 -2.668886787271056854e-02 8.084744734030223645e-01 -8.743901217482662469e-01 1.824772963488748012e-02 -4.848803452608820841e-01 3.627286288575241269e+00
-4.938091510614968094e-01 4.324463326010799524e-02 8.684943352584107990e-01 3.771712664073221788e+01 3.689528904023930272e-02 9.989051954296404023e-01 -2.876018306830277829e-02 7.627899873574516265e-01 -8.687872423164615387e-01 1.784130903844538193e-02 -4.948640510143287319e-01 3.232751396126207322e+00
-5.043260854821121075e-01 4.232552576820174800e-02 8.624753537911912238e-01 3.841701690507172628e+01 3.095235150166697133e-02 9.990422369951595938e-01 -3.092831361636490251e-02 7.036218388745288932e-01 -8.629583788893204765e-01 1.109768600434317583e-02 -5.051531363820601639e-01 2.847429077907070560e+00
-5.157731803986563834e-01 4.134213767128083750e-02 8.557270831014882617e-01 3.911492294594637542e+01 2.929166340784623845e-02 9.991019900959515754e-01 -3.061391498141853920e-02 6.921254379275192381e-01 -8.562242912249932170e-01 9.275834400662650789e-03 -5.165209921618809652e-01 2.426139847125429405e+00
-5.241903830702594469e-01 4.265878196574501152e-02 8.505319849864763082e-01 3.977210583485214812e+01 3.170353527655269538e-02 9.990297837840727002e-01 -3.056757938324405899e-02 6.530536217906017793e-01 -8.510107755091650406e-01 1.094164066176783745e-02 -5.250342404583764333e-01 2.004463911059035652e+00
-5.310709603395213918e-01 4.547936215098204865e-02 8.461059329041012989e-01 4.047940185571859928e+01 3.526650180921728217e-02 9.988796309012176744e-01 -3.155561378936667244e-02 6.024309810428774004e-01 -8.465931258177887830e-01 1.308092732699518874e-02 -5.320798640470946195e-01 1.529571750880613479e+00
-5.351124746538320487e-01 4.891024782727230319e-02 8.433637496350241403e-01 4.117328912486328107e+01 3.612485576058521719e-02 9.987342068795886929e-01 -3.499969632776669254e-02 5.647541217120057855e-01 -8.440080840457523381e-01 1.173762071112458526e-02 -5.362020098024427028e-01 1.102095769757015287e+00
-5.349895692261784630e-01 5.013684899692781582e-02 8.433696960781398300e-01 4.186088190173305890e+01 3.539166394378016195e-02 9.986913218908075596e-01 -3.691982721314773785e-02 5.185789706241785701e-01 -8.441170550430892039e-01 1.009653540737334015e-02 -5.360638677889942860e-01 6.725918705920455043e-01
-5.319839772664348709e-01 5.116478952136629954e-02 8.452071930977956837e-01 4.258867600696897426e+01 3.777614128715911512e-02 9.986130115016094155e-01 -3.667446447223569883e-02 4.810466017760917090e-01 -8.459113563529778723e-01 1.241843989137025872e-02 -5.331789311191028613e-01 2.300283730290467177e-01
-5.264672075599472478e-01 5.006006356205574409e-02 8.487203640303483398e-01 4.336298006561708007e+01 3.614125855070651760e-02 9.986804025375258798e-01 -3.648647633381753991e-02 4.349871418376845544e-01 -8.494269248313902620e-01 1.146488982122759008e-02 -5.275817176664291397e-01 -2.096292571026043272e-01
-5.192681501348218598e-01 4.887070639487854640e-02 8.532128861567117584e-01 4.411076145413039740e+01 3.421793519450615217e-02 9.987519695965753064e-01 -3.638180971296759575e-02 3.932737877860480458e-01 -8.539260700670979753e-01 1.030326922770452742e-02 -5.202923435638262539e-01 -6.653881674685325764e-01
-5.123354740773515825e-01 4.798024618750217768e-02 8.574440183760368983e-01 4.487430491971819180e+01 3.228238488099987452e-02 9.988083822202891149e-01 -3.660140947292882946e-02 3.485988610409902488e-01 -8.581784323407609660e-01 8.928138342389211127e-03 -5.132738840007827763e-01 -1.126177092657373313e+00
-5.061005661473777506e-01 4.654310531532040301e-02 8.612177093255731775e-01 4.569455070404266905e+01 2.933958321076265974e-02 9.988939960859207767e-01 -3.674198398402724747e-02 2.987931113601235977e-01 -8.619753001269262471e-01 6.672630734252503991e-03 -5.069063734660883558e-01 -1.556213784710241965e+00
-5.010877767979827757e-01 4.436025225335792077e-02 8.642587543319072418e-01 4.648793732101628962e+01 2.518003177344016463e-02 9.990098702505484374e-01 -3.667758299728508115e-02 2.548293131875291606e-01 -8.650300678406588339e-01 3.383375330318403370e-03 -5.017086286627342462e-01 -2.046541365227861675e+00
-4.995972095154206927e-01 4.143473385737814901e-02 8.652663043947245169e-01 4.731538667968985123e+01 2.057949241073129751e-02 9.991411998229222657e-01 -3.596313763500562366e-02 2.228609398127090746e-01 -8.660133515688026584e-01 -1.603409348840133025e-04 -5.000208623537581998e-01 -2.516420802760944486e+00
-4.998326064044671946e-01 3.881426190530711667e-02 8.652518737881652600e-01 4.814323918428991789e+01 1.745939717969553426e-02 9.992438937030807544e-01 -3.473917547642879633e-02 1.615922450159965329e-01 -8.659460418433541085e-01 -2.256995586820691353e-03 -5.001323546571722067e-01 -3.020363591511982637e+00
-5.015015892792771268e-01 3.779288272975891982e-02 8.643308628284690487e-01 4.904579419247414052e+01 1.631549115495981028e-02 9.992808997578879193e-01 -3.422700826945673791e-02 1.228581022273304429e-01 -8.650028745785399709e-01 -3.062915592396961168e-03 -5.017575700264285121e-01 -3.467809093129207376e+00
-5.020086409051968124e-01 3.726867371964014131e-02 8.640592322843608786e-01 4.992128030521962501e+01 1.635467303708350653e-02 9.993015359048356139e-01 -3.360007404656496777e-02 6.991131807698530709e-02 -8.647079630993839139e-01 -2.736120371017533841e-03 -5.022675240843672562e-01 -3.990056709227814302e+00
-5.014358817982975669e-01 3.665049464746988894e-02 8.644181766697003333e-01 5.077654739258996131e+01 1.610242555349754995e-02 9.993246498538614908e-01 -3.302962388905783531e-02 2.629776485421539411e-02 -8.650449587555297803e-01 -2.643008335090471939e-03 -5.016874000813390522e-01 -4.487026256217038878e+00
-5.015700892939362054e-01 3.584080297062388482e-02 8.643742643316424390e-01 5.165832190574019478e+01 1.627095740077181066e-02 9.993555423980182706e-01 -3.199618402676299850e-02 -2.028594049031787194e-02 -8.649639956669620267e-01 -1.984131131266255767e-03 -5.018300140327144332e-01 -5.020901512631442465e+00
-5.022463539905399621e-01 3.539384855020610843e-02 8.639999200633107224e-01 5.254152078901569922e+01 1.574747943550234772e-02 9.993706591654050175e-01 -3.178525539178395781e-02 -8.064982117726056388e-02 -8.645811871144721827e-01 -2.358206746277749077e-03 -5.024876349699476386e-01 -5.512401010458594541e+00
-5.021133505833502708e-01 3.393131547334891918e-02 8.641358894718581540e-01 5.344073558828068826e+01 1.440371720482069677e-02 9.994194965013256660e-01 -3.087398445091360868e-02 -1.242451855506837982e-01 -8.646818654386994041e-01 -3.055469893888190357e-03 -5.023106103158809788e-01 -6.020773062768991934e+00
-5.022663167221846914e-01 3.340873146776739133e-02 8.640673528301912043e-01 5.435102118831972007e+01 1.409802146079270832e-02 9.994369298400218593e-01 -3.044780838851814109e-02 -1.708209084378244924e-01 -8.645980599080446138e-01 -3.111267581870458526e-03 -5.024545037767388367e-01 -6.539291661401533950e+00
-5.015805949467059266e-01 3.244603493883017886e-02 8.645022545117198032e-01 5.526371458748437249e+01 1.269229200327468693e-02 9.994648779171303454e-01 -3.014736321942329197e-02 -2.285644082597147186e-01 -8.650178176376049910e-01 -4.148816430543151093e-03 -5.017240038609145358e-01 -7.040756679321325429e+00
-5.001103245621258964e-01 3.081665892786850797e-02 8.654131864251147777e-01 5.615872584516190358e+01 1.202089762930371244e-02 9.995173562972340386e-01 -2.864528683246054738e-02 -2.808212154518321957e-01 -8.658782672224053512e-01 -3.922759472646478868e-03 -5.002393945837577682e-01 -7.568360160369921097e+00
-4.984387548405568857e-01 2.862157423660688718e-02 8.664523065756546405e-01 5.702605489881977974e+01 1.256517613388181270e-02 9.995883811600113633e-01 -2.579117243417603303e-02 -3.334743582579681731e-01 -8.668338574449075962e-01 -1.968193108769241903e-03 -4.985932243995228053e-01 -8.045978519142295227e+00
-4.958737456977150848e-01 2.752648218308922576e-02 8.679582406267004613e-01 5.792317849050905920e+01 1.321103464229685109e-02 9.996209440487190401e-01 -2.415443559843276702e-02 -3.801834735469467041e-01 -8.682941375639677828e-01 -5.109231337052343169e-04 -4.960494363346163449e-01 -8.560880835804802302e+00
-4.931981184918229344e-01 2.700752682148615386e-02 8.694976686180116987e-01 5.882898676433803331e+01 1.293872815907222244e-02 9.996351317123625124e-01 -2.371060389042916466e-02 -4.307535085470627356e-01 -8.698207963223004713e-01 -4.438303190386950234e-04 -4.933676104103588145e-01 -9.067946439139802806e+00
-4.913875970190707543e-01 2.727375445548210764e-02 8.705138471647899667e-01 5.973467021900970764e+01 1.349710525162808351e-02 9.996279966354237878e-01 -2.370013646295495921e-02 -4.805325022305206861e-01 -8.708364198644482634e-01 1.034648570509251269e-04 -4.915729171393483643e-01 -9.574253815079964980e+00
-4.900911889985576364e-01 2.748035499798354153e-02 8.712378795864663683e-01 6.062302877531079304e+01 1.310684153841475651e-02 9.996222555564029388e-01 -2.415692194052524236e-02 -5.353323256095223748e-01 -8.715726301985441404e-01 -4.199168263617315887e-04 -4.902662416596407224e-01 -1.007756496113725575e+01
-4.909834418664009159e-01 2.875612308448610710e-02 8.706941664473254461e-01 6.147664667826866491e+01 1.261493390282271594e-02 9.995849559282433683e-01 -2.589940735503745359e-02 -5.741349260103991714e-01 -8.710775716207579400e-01 -1.732429879487112218e-03 -4.911424199170569826e-01 -1.056546334707951829e+01
-4.936732942900233789e-01 3.059823223088100133e-02 8.691089764940793660e-01 6.237362302839775197e+01 1.140601660865807679e-02 9.995226835740528282e-01 -2.871076077031306864e-02 -6.272370455015928714e-01 -8.695726500807470227e-01 -4.260663529395602479e-03 -4.937866610860096039e-01 -1.104667555337324814e+01
-4.977810350841952447e-01 3.106591517746213477e-02 8.667461776241721649e-01 6.327834903861050009e+01 1.034587736133252105e-02 9.994998795129340641e-01 -2.988233014061806095e-02 -6.764488325961345305e-01 -8.672410370468082164e-01 -5.907606687185549925e-03 -4.978534899590552065e-01 -1.154731255012316637e+01
-5.032907167159991202e-01 3.004446738479144008e-02 8.635946797766291816e-01 6.418317068749881571e+01 1.043200770837603673e-02 9.995338004305179824e-01 -2.869416302550869755e-02 -7.170905912360832080e-01 -8.640541881088179554e-01 -5.432478631776823698e-03 -5.033695081314036868e-01 -1.205113613119581473e+01
-5.085267285783482416e-01 2.780412282643773825e-02 8.605971668856658985e-01 6.499752410837845673e+01 1.344346996912188993e-02 9.996130591793718212e-01 -2.435169417227929858e-02 -7.752401815117573314e-01 -8.609412591125576997e-01 -8.140742759670231308e-04 -5.087037439301637098e-01 -1.255550646106797430e+01
-5.146284474595871350e-01 2.565275435820066341e-02 8.570294533657928371e-01 6.586020265214631308e+01 1.085907640496631618e-02 9.996671683525866214e-01 -2.340155887874734164e-02 -8.183728448046951875e-01 -8.573445361237087559e-01 -2.736558689080388282e-03 -5.147357292511022253e-01 -1.306002645347861346e+01
-5.188626338342068323e-01 2.754272244951554496e-02 8.544138063041758491e-01 6.669305682375538424e+01 1.145362224714267796e-02 9.996150991915156991e-01 -2.526792402782836872e-02 -8.750344279976496331e-01 -8.547809039539795428e-01 -3.324447731693712469e-03 -5.189783883279596166e-01 -1.357097024359217130e+01
-5.237835158618704412e-01 2.998409457468828587e-02 8.513235398044038948e-01 6.752702237359309834e+01 1.216544974245878201e-02 9.995417096785820243e-01 -2.771953142418736790e-02 -9.123185945038533307e-01 -8.517645462606897588e-01 -4.162299000279838165e-03 -5.239082421399497980e-01 -1.409776182347457230e+01
-5.285264202014362533e-01 3.046419937867535579e-02 8.483700505264963887e-01 6.839466726124013007e+01 1.081690622599654553e-02 9.995164346055004367e-01 -2.915289817544245224e-02 -9.593816638336796210e-01 -8.488479425216909346e-01 -6.231336762173085575e-03 -5.286003726965841087e-01 -1.460936711088024786e+01
-5.332456485155875336e-01 3.078005667408684545e-02 8.454002918496485997e-01 6.918625915614350674e+01 1.010213313441918337e-02 9.994982908070616512e-01 -3.001855359019330385e-02 -1.004801867296753803e+00 -8.459001341710405963e-01 -7.466915922872789657e-03 -5.332890596919522830e-01 -1.511197655994608802e+01
-5.364948131084620320e-01 2.978333797730122953e-02 8.433778840783441311e-01 6.999795520181532993e+01 9.710745577538731910e-03 9.995287396087990661e-01 -2.912044122455753267e-02 -1.072864216622437361e+00 -8.438477520330784909e-01 -7.433136761253758724e-03 -5.365312039574675618e-01 -1.561124250052433382e+01
-5.389798356358040943e-01 2.324802441352321475e-02 8.419977750805918149e-01 7.084468416901079024e+01 1.126612383348605043e-02 9.997285961206409111e-01 -2.039138378716897487e-02 -1.115822434869762736e+00 -8.422433275870058189e-01 -1.504492569390154019e-03 -5.390954707240137589e-01 -1.615135705700705770e+01
-5.413257068511850845e-01 1.563255072275641228e-02 8.406676451457999466e-01 7.166881850132305942e+01 1.232102934512174265e-02 9.998672787874782752e-01 -1.065912873786376003e-02 -1.144498435055324226e+00 -8.407227146473367219e-01 4.587831298116099195e-03 -5.414464717453828513e-01 -1.668904796814129909e+01
-5.430282685019047761e-01 1.359357619645234529e-02 8.396043719857689824e-01 7.248024727378918897e+01 1.354760281602927774e-02 9.998806485351222628e-01 -7.426380024029580196e-03 -1.160545426368699173e+00 -8.396051295799153991e-01 7.341893265691017308e-03 -5.431476188343524747e-01 -1.720196766272679412e+01
-5.438090233184339484e-01 1.734773926267323477e-02 8.390296712762562725e-01 7.328487705757750348e+01 1.201205437758830902e-02 9.998448026637480890e-01 -1.288724624719628405e-02 -1.213046075540784363e+00 -8.391230352249533508e-01 3.070270195678013233e-03 -5.439330087739239206e-01 -1.771483472223609112e+01
-5.449189391343249866e-01 2.196503524950100747e-02 8.382009748306348262e-01 7.406222484150090679e+01 1.206220510206948079e-02 9.997587337482219949e-01 -1.835694641130941954e-02 -1.261701800392821537e+00 -8.384019707139787059e-01 1.075052347844460029e-04 -5.450524165237741192e-01 -1.824408834838449778e+01
-5.452786776870418572e-01 2.782063446655392777e-02 8.377930312313524031e-01 7.490307234998549291e+01 1.882116808210301112e-02 9.996034755518025117e-01 -2.094409856418057506e-02 -1.292485405197731918e+00 -8.380435184352335032e-01 4.347874046784287218e-03 -5.455860793770473949e-01 -1.878097160102000984e+01
-5.449592565589171933e-01 2.886379165114213649e-02 8.379655586239489473e-01 7.571232341280602895e+01 2.280105724626816516e-02 9.995478510288916540e-01 -1.960115440455106536e-02 -1.322505554190552823e+00 -8.381524515138685238e-01 8.424671135781523074e-03 -5.453709799373785971e-01 -1.930297287187330824e+01
-5.446819698749443273e-01 2.579095561193147854e-02 8.382460053649021248e-01 7.648116930595504925e+01 2.201910650642652928e-02 9.996222332621501616e-01 -1.644839446035513755e-02 -1.367893734123156957e+00 -8.383535782400982628e-01 9.498285182150878123e-03 -5.450441021224884386e-01 -1.982362167631645633e+01
-5.444724470490440726e-01 2.121319912599896676e-02 8.385104303382318047e-01 7.730352043376669258e+01 2.043596204482481249e-02 9.997188841960810146e-01 -1.202181365220704283e-02 -1.386494260801344414e+00 -8.385297474582864563e-01 1.059022205217039804e-02 -5.447529005514749612e-01 -2.031871472247919286e+01
-5.436735372702119484e-01 1.539785325343836012e-02 8.391555148866043368e-01 7.810164512144949356e+01 1.875219547957766505e-02 9.998049606159905567e-01 -6.196439405334251173e-03 -1.421437835439517849e+00 -8.390872729148700637e-01 1.236716916455922292e-02 -5.438562442528999119e-01 -2.083334243263059449e+01
-5.427166345165191919e-01 8.428427990248234594e-03 8.398735639209360393e-01 7.888359697627599587e+01 9.594588785228126693e-03 9.999466172588239443e-01 -3.834903165895650699e-03 -1.451218982884360020e+00 -8.398610659197135453e-01 5.976976725911767492e-03 -5.427685312960108810e-01 -2.136117543943640840e+01
-5.416527807876450051e-01 3.178837022822254398e-03 8.405963045294645442e-01 7.966332729382916966e+01 1.245259992215609233e-03 9.999947867761236342e-01 -2.979219088162926143e-03 -1.474945833456325017e+00 -8.406014073189603808e-01 -5.669404235308406507e-04 -5.416539166897019753e-01 -2.181928409273373859e+01
-5.397063636692983613e-01 4.027774523116934777e-03 8.418436940081578390e-01 8.051459617492994880e+01 5.032647953722853632e-03 9.999861224951189786e-01 -1.557967566557006550e-03 -1.487765541799710878e+00 -8.418383010392352928e-01 3.395858903221747258e-03 -5.397191454455265713e-01 -2.234421210020650861e+01
-5.360865704188606529e-01 6.860154488095423705e-03 8.441351280030224835e-01 8.132800240596985475e+01 9.689772110450158710e-03 9.999511070984896666e-01 -1.972742288792372813e-03 -1.519906587506751228e+00 -8.441074037254575613e-01 7.121917376108557671e-03 -5.361268341109542979e-01 -2.285954845958064752e+01
-5.310692133319784292e-01 9.842235665655453894e-03 8.472712717857716624e-01 8.210427320529210249e+01 9.997902597395729590e-03 9.999357131902578688e-01 -5.348963772839116469e-03 -1.558223693845863567e+00 -8.472694638553402990e-01 5.630266655750840871e-03 -5.311334754909974309e-01 -2.335281613680654189e+01
-5.236691156174313466e-01 1.204620593710739596e-02 8.518365647756283021e-01 8.283179027836946773e+01 1.575319923751782036e-02 9.998659848341199252e-01 -4.455228277428797262e-03 -1.561359445744942676e+00 -8.517760891115356836e-01 1.108608671263138119e-02 -5.237887034940394981e-01 -2.381521180832661599e+01
-5.148650163668032631e-01 1.441946706997190505e-02 8.571499755348351846e-01 8.367123248990951367e+01 2.313382263149703702e-02 9.997281065657634969e-01 -2.922183238637998323e-03 -1.595586180694461342e+00 -8.569590732621409357e-01 1.832462669218336629e-02 -5.150586065487632315e-01 -2.430983082812022644e+01
-5.054080143521010315e-01 1.458223477373070398e-02 8.627572566870960191e-01 8.443978989798084456e+01 2.224032184555538999e-02 9.997451666470534848e-01 -3.869084321993754641e-03 -1.611574299701240109e+00 -8.625938322080157761e-01 1.723253394339543249e-02 -5.056035343414618799e-01 -2.476799743728424019e+01
-4.943726755331175338e-01 1.155477232305600691e-02 8.691732458181068433e-01 8.530248918387275125e+01 1.842889677197922724e-02 9.998262258707421024e-01 -2.809589639841014730e-03 -1.643415556992176896e+00 -8.690546852220408791e-01 1.462892076439007566e-02 -4.944997092805881178e-01 -2.523240482773558213e+01
-4.826783244917643989e-01 8.765018810635566773e-03 8.757538442070781359e-01 8.609513027346876868e+01 1.995832723524267396e-02 9.998003189729950391e-01 9.936405735156534323e-04 -1.658405900290248258e+00 -8.755702786767385337e-01 1.795819169236604479e-02 -4.827568791333330944e-01 -2.567042609758255267e+01
-4.713261235396056792e-01 7.439627480724148728e-03 8.819276178720846238e-01 8.688980513540380457e+01 1.926209254470592769e-02 9.998127383157352499e-01 1.860123489021005315e-03 -1.683912229224737045e+00 -8.817486432770768046e-01 1.786449731614764280e-02 -4.713811662489479914e-01 -2.611014604846360143e+01
-4.598273794230882117e-01 6.634963742913537778e-03 8.879835269680460552e-01 8.772537804681780926e+01 1.905316705442176850e-02 9.998156014717609619e-01 2.395797583880661993e-03 -1.702803913583729845e+00 -8.878039034694126252e-01 1.802055294148998538e-02 -4.598690062521786359e-01 -2.651553249128453160e+01
-4.475742585586963140e-01 8.397449573730514025e-03 8.942073313912941579e-01 8.857031291835220088e+01 2.272713091627373561e-02 9.997397307287483326e-01 1.987029059898305031e-03 -1.717626947274768945e+00 -8.939579262205630261e-01 2.121211131350486667e-02 -4.476486199259913090e-01 -2.692629440026727394e+01
