1.000000000000000000e+00 4.398956837314658088e-19 2.733407509747682871e-20 -8.673617379884035472e-19 -5.583667658079949532e-19 1.000000000000000000e+00 -6.100159232558060012e-19 0.000000000000000000e+00 4.145284534913582806e-20 -2.210423569125054137e-19 1.000000000000000222e+00 0.000000000000000000e+00
9.999475485200959302e-01 -7.889374288831760154e-04 1.021165022775847794e-02 6.859985730367980372e-02 7.843099754614325098e-04 9.999995879342845617e-01 4.571515938009133753e-04 -5.612120137826082100e-03 -1.021200686021233976e-02 -4.491185105035237096e-04 9.999477552332441954e-01 2.750748454250827035e-01
9.998586980133072899e-01 -2.631263513330586376e-03 1.660302631504176687e-02 8.155714436588007432e-02 2.617716782401104374e-03 9.999962229825991589e-01 8.376003909180331636e-04 -7.265005457057577276e-03 -1.660516783897461254e-02 -7.940200057674498763e-04 9.998618094091191733e-01 5.328265477610055756e-01
9.997856774966314974e-01 -6.624922969163111845e-03 1.961401287494228193e-02 7.049865987893033648e-02 6.645481699783196625e-03 9.999774352152313028e-01 -9.831691596317161490e-04 -1.752146682252299359e-02 -1.960705720882537778e-02 1.113303041018746725e-03 9.998071433245985240e-01 9.260657199467551282e-01
9.998264886058165768e-01 -7.148547264971843833e-03 1.720148208813573193e-02 6.970638736924868184e-02 7.178024580075427659e-03 9.999728722037127815e-01 -1.652515424200345440e-03 -1.845908778192349720e-02 -1.718920266371808808e-02 1.775701392443802037e-03 9.998506779399829458e-01 1.174834690409099380e+00
9.998728691641717292e-01 -1.139863507659016721e-02 1.114973817460034045e-02 8.966485898900440621e-02 1.144406348987769655e-02 9.999264373964678043e-01 -4.019102756656210002e-03 -2.319566271556589010e-02 -1.110310588001457884e-02 4.146190172711785096e-03 9.999297625997455308e-01 1.541018883308482579e+00
9.999306800698567477e-01 -1.168047325007148113e-02 -1.483785047560996643e-03 7.629243284357221933e-02 1.167330635818381208e-02 9.999205808050081190e-01 -4.750366455892128525e-03 -3.584250914217805561e-02 1.539153758402645941e-03 4.732716533658757468e-03 9.999876161239793504e-01 1.823066038925244214e+00
9.997885968942404888e-01 -1.114768806410523089e-02 -1.727687938315629335e-02 2.891790805428210570e-02 1.105566749614904712e-02 9.999242349790706808e-01 -5.412624045394486341e-03 -3.695818459768548947e-02 1.733590894103067756e-02 5.220472405806439974e-03 9.998360930460440388e-01 2.133988044221316827e+00
9.993267159232597230e-01 -6.584260962313755357e-03 -3.609379847255043267e-02 2.152792190722543561e-02 6.388720726859476763e-03 9.999642998138679184e-01 -5.530220120226188134e-03 -4.291537149134468099e-02 3.612892295102316381e-02 5.295903532600630507e-03 9.993331048275472250e-01 2.491907970869986944e+00
9.984618712163028098e-01 -3.612013083946328910e-03 -5.532490365716880715e-02 -3.022002263045909035e-02 3.246253294247575683e-03 9.999722884370796372e-01 -6.699566590835954495e-03 -5.548563621878377372e-02 5.534757039244860011e-02 6.509663155188979457e-03 9.984459278630261059e-01 2.863757972126096618e+00
9.971274496846121993e-01 -2.864373590010629682e-03 -7.568780779886095933e-02 -9.249948007590372279e-02 2.356672457991421891e-03 9.999741278950819989e-01 -6.796295466152441241e-03 -5.660875185098460105e-02 7.570531803016014583e-02 6.598401386333848859e-03 9.971084023938572294e-01 3.196813510558425442e+00
9.953225833883139195e-01 -3.672225555340383803e-03 -9.653739931738709867e-02 -1.452192534524075207e-01 3.075596245223661575e-03 9.999752459182781328e-01 -6.328368963452207785e-03 -6.554367929276135041e-02 9.655825048760506568e-02 6.001858451365039634e-03 9.953092395091586164e-01 3.570847932657148505e+00
9.932123129636745151e-01 -4.376975433372520125e-03 -1.162331410361991668e-01 -1.933397781088255218e-01 3.751823999128483557e-03 9.999773003002596639e-01 -5.596668197782418870e-03 -7.231592123325274180e-02 1.162550010666041356e-01 5.122593420878667793e-03 9.932061891459792458e-01 3.966944103505475550e+00
9.909988645056335699e-01 -4.360410617866671348e-03 -1.337992409519943582e-01 -2.841907574114853063e-01 3.717732585168853979e-03 9.999803238196469657e-01 -5.052764789111652277e-03 -8.299545555044819667e-02 1.338186427365084807e-01 4.509854292307479209e-03 9.909955764607855100e-01 4.369866269922871638e+00
9.887457474695167114e-01 -3.081016707993094062e-03 -1.495739068400565863e-01 -3.554502661455523072e-01 2.470825370539346446e-03 9.999878515094171583e-01 -4.265190706306451994e-03 -8.716758928831888631e-02 1.495852334534388817e-01 3.847618069523166002e-03 9.887413485645637490e-01 4.789849985562556256e+00
9.866494975939097412e-01 -2.768397672460249943e-03 -1.628345915098772245e-01 -4.458720336677087226e-01 2.076283944150383691e-03 9.999880743146787321e-01 -4.420437798966227530e-03 -9.231888703681633002e-02 1.628448899416300444e-01 4.023331775246023409e-03 9.866434793299038164e-01 5.199137782919394546e+00
9.845378251626402122e-01 -3.720779915135989137e-03 -1.751325950648913998e-01 -5.402588910485147666e-01 2.819210209043307349e-03 9.999814650902300039e-01 -5.396436369373838055e-03 -9.991845608772714771e-02 1.751494309786296999e-01 4.819260013264737089e-03 9.845300667484823132e-01 5.656004647330784785e+00
9.827452965966881893e-01 -6.527458217198416242e-03 -1.848487854189019564e-01 -6.227402451066440525e-01 5.273422061166650569e-03 9.999596323058730363e-01 -7.274941231821407603e-03 -1.149559122280094242e-01 1.848888135707673908e-01 6.174628507660262500e-03 9.827400477355111574e-01 6.090100741233827719e+00
9.811853801496174254e-01 -5.653144524689573611e-03 -1.929852088545538913e-01 -7.181210700499005561e-01 4.021554226715122471e-03 9.999527938936365601e-01 -8.845172677470111364e-03 -1.226604849997836172e-01 1.930261051490744229e-01 7.902653533652669732e-03 9.811617969047315979e-01 6.516602989004711688e+00
9.796269067399121511e-01 -5.887575993379780270e-03 -2.007397795066347690e-01 -8.333292568305032955e-01 3.773592478599494329e-03 9.999333419914515630e-01 -1.091199193040503189e-02 -1.217047201170200904e-01 2.007906472422753830e-01 9.932170690831567880e-03 9.795838243534142897e-01 7.011064292163154299e+00
9.780661703223266779e-01 -6.662368775884148706e-03 -2.081878437572841356e-01 -9.608772671901113505e-01 3.983374099638133277e-03 9.999038193744710368e-01 -1.328475536037250840e-02 -1.346243307568321668e-01 2.082563316546093557e-01 1.216407966039926604e-02 9.779986383032074349e-01 7.503061143042753400e+00
9.762052720054152921e-01 -1.024058156534188475e-02 -2.166065472368918499e-01 -1.060387566619855670e+00 7.138910448378326702e-03 9.998605483707534436e-01 -1.509701154143414277e-02 -1.485258460979499429e-01 2.167309470202360699e-01 1.319144744541544088e-02 9.761422454857793252e-01 7.993245519237207830e+00
9.744129901013112161e-01 -1.560310528114312173e-02 -2.242228058772969823e-01 -1.162162421519834288e+00 1.225351166911861980e-02 9.997916922029076447e-01 -1.632248856870030518e-02 -1.630560185954409713e-01 2.244307839012410488e-01 1.315732805072264075e-02 9.744012054224409081e-01 8.522777368109839102e+00
9.723548352103961179e-01 -1.681448335774605660e-02 -2.329020102151749261e-01 -1.302374018590807925e+00 1.281428036360716775e-02 9.997434304905733482e-01 -1.867799206867250955e-02 -1.857685799880577360e-01 2.331563194718273835e-01 1.517716418230602611e-02 9.723208244349321738e-01 9.022464963059793064e+00
9.703927607842234293e-01 -1.261718026402043787e-02 -2.412026021095784734e-01 -1.443247417381052777e+00 7.376971935516759074e-03 9.997170072846532918e-01 -2.261604778684041597e-02 -1.916034845610334880e-01 2.414196984441951965e-01 2.016710419730751574e-02 9.702112236209794460e-01 9.527743030407645364e+00
9.681859972371751333e-01 -1.008525802357239202e-02 -2.500283202335226163e-01 -1.602251524771787894e+00 3.759673329835561909e-03 9.996609783482691691e-01 -2.576418476445799591e-02 -2.034316114889032634e-01 2.502033979807658515e-01 2.400449811143891971e-02 9.678956788428243474e-01 1.011182456281080810e+01
9.658396943548742675e-01 -1.242492176117896037e-02 -2.588422388962573484e-01 -1.758390692472868722e+00 5.354536051183996295e-03 9.995935099083944619e-01 -2.800256919452583093e-02 -2.317439960196539805e-01 2.590849562848370757e-01 2.566001278068190047e-02 9.655136201385576822e-01 1.065512902357127878e+01
9.637299276913012802e-01 -1.459382284406957747e-02 -2.664801028973626806e-01 -1.913617409477100573e+00 6.933858333151789351e-03 9.995358969944416749e-01 -2.966331427135818211e-02 -2.672221596612049388e-01 2.667893344293105207e-01 2.673968844869090838e-02 9.633838496039520694e-01 1.123481847564746872e+01
9.614313293670195826e-01 -1.442099779566318601e-02 -2.746667655180939360e-01 -2.115204347008417418e+00 5.789558209772122620e-03 9.994643556841006360e-01 -3.220997856632187156e-02 -2.883207301063345773e-01 2.749841465907323923e-01 2.937748331439285140e-02 9.609998357259531554e-01 1.180748111034926850e+01
9.591432681189812071e-01 -1.317621926944020916e-02 -2.826138296782138570e-01 -2.271351948940925070e+00 3.202167421696855074e-03 9.993565251441143271e-01 -3.572508594067086429e-02 -3.047392043139087736e-01 2.829027012181664635e-01 3.336049894304835006e-02 9.585682763926467453e-01 1.237790685775665622e+01
9.569248904739546813e-01 -1.495786036289148239e-02 -2.899500208367174481e-01 -2.482051789315242285e+00 3.175789561586782328e-03 9.991515180262380280e-01 -4.106285881046538994e-02 -3.398083286535873437e-01 2.903182209700610472e-01 3.837325151928781125e-02 9.561604603700230021e-01 1.298785807880657295e+01
9.551253318534010939e-01 -1.616367745424538913e-02 -2.957606026792927167e-01 -2.679159895875628639e+00 2.030310250746595376e-03 9.988437641117988708e-01 -4.803137225079731620e-02 -3.806924482018467781e-01 2.961950023510667163e-01 4.527549473515629641e-02 9.540537993528299676e-01 1.357767523394312192e+01
9.537546316291048987e-01 -1.624423268724108083e-02 -3.001470066718330276e-01 -2.894490982741632301e+00 -6.847682212321922748e-04 9.984186615293207945e-01 -5.621127455035409420e-02 -4.148719063716863054e-01 3.005854868404447267e-01 5.381729481681461064e-02 9.522352996144243242e-01 1.421194627994135296e+01
9.524170471695827533e-01 -1.636183822505933583e-02 -3.043584342929598341e-01 -3.091222310778929838e+00 -3.516050111388187033e-03 9.979019163111201296e-01 -6.464830079966588094e-02 -4.596414180218483247e-01 3.047776350830315173e-01 6.264228356917349305e-02 9.503612678691015780e-01 1.483099188483848963e+01
9.510644436392724499e-01 -1.517649935319376718e-02 -3.086196621652524397e-01 -3.315995167392945753e+00 -7.895894990850707562e-03 9.972732468139853257e-01 -7.337387827554055220e-02 -5.022501921709762174e-01 3.088916964132428222e-01 7.222011555811222450e-02 9.483512940105174316e-01 1.547732810198674791e+01
9.497600493053744986e-01 -1.435246816259171804e-02 -3.126497294324391274e-01 -3.537971247591068291e+00 -1.142221499173732766e-02 9.966930177584527595e-01 -8.045223015575028724e-02 -5.656106954140017740e-01 3.127704957393709351e-01 7.998146696720297155e-02 9.464552731338321534e-01 1.612577995164185651e+01
9.482942359511383756e-01 -1.350577332441529194e-02 -3.171050835396329592e-01 -3.783585412326205599e+00 -1.491233829192386076e-02 9.960949921822829234e-01 -8.701947308392947444e-02 -6.255017020309985298e-01 3.170420563921735324e-01 8.724884354429188194e-02 9.443897373124744421e-01 1.677937225436717128e+01
9.464116307610614953e-01 -1.238182900373139238e-02 -3.227254456314470610e-01 -4.016498217044013330e+00 -1.869725566309860323e-02 9.954882807487707153e-01 -9.302416622687348369e-02 -6.942674201793870292e-01 3.224212138354929924e-01 9.407323360553855596e-02 9.419101813978124627e-01 1.746186176044879090e+01
9.450153046896583309e-01 -1.013425355224985974e-02 -3.268690388208670972e-01 -4.284058370098523305e+00 -2.332675972409271187e-02 9.948848069835878327e-01 -9.828572173200772477e-02 -7.678507591158275636e-01 3.261930985698057173e-01 1.005063074338522350e-01 9.399449701427401438e-01 1.812143037069369811e+01
9.432618974157870317e-01 -7.867624075663322974e-03 -3.319564595544432506e-01 -4.545805135505068151e+00 -2.751765355167132623e-02 9.944282411099300001e-01 -1.017607587081761217e-01 -8.475470717162078005e-01 3.309074992206091359e-01 1.051217098612634987e-01 9.377897714432682497e-01 1.881587591167560092e+01
9.414426220442529969e-01 -7.379928040711730003e-03 -3.370924556546373019e-01 -4.813124747517952606e+00 -2.909561712552305793e-02 9.942530051934115320e-01 -1.030262428538181035e-01 -9.296259711115331115e-01 3.359155190317362205e-01 1.068012099194057263e-01 9.358174330744507552e-01 1.952167341938204359e+01
9.391704478853412086e-01 -5.139799837352272173e-03 -3.434129435387065499e-01 -5.081951390382205780e+00 -3.186959284940464598e-02 9.942698236307325743e-01 -1.020384577795801773e-01 -1.017388999182693210e+00 3.419695898685732316e-01 1.067759354591073101e-01 9.336250327092793233e-01 2.022252595998255131e+01
9.369137027996021772e-01 -6.156278526852897517e-03 -3.495065252266474354e-01 -5.358194403054034716e+00 -3.095057988367790058e-02 9.944570472124757421e-01 -1.004850379491387113e-01 -1.099647342668174321e+00 3.481878468644703517e-01 1.049632392632559585e-01 9.315298944569357920e-01 2.093871284755293516e+01
9.342116802152081734e-01 -5.896064984716438070e-03 -3.566703944905270651e-01 -5.625131017959459356e+00 -3.146187131789979219e-02 9.946050178936804986e-01 -9.884841442879530038e-02 -1.183680178020333873e+00 3.553289868191921719e-01 1.035668620186349365e-01 9.289861241577324069e-01 2.167586776432625584e+01
9.316603302791118812e-01 -5.382800589985572634e-03 -3.632905884964998111e-01 -5.956000730951291899e+00 -3.149418151293548879e-02 9.949302569150008102e-01 -9.550864051124069443e-02 -1.272617737705825647e+00 3.619629086818086927e-01 1.004231518982730692e-01 9.267675253519018774e-01 2.239295826562756631e+01
9.277742769390149302e-01 -2.154213585911123312e-03 -3.731356958543366464e-01 -6.249120653254748525e+00 -3.389892942703974510e-02 9.953616433305612077e-01 -9.003366920437036458e-02 -1.348267091071501333e+00 3.715989175028286406e-01 9.617982351595648349e-02 9.233979039028422653e-01 2.318617516885025864e+01
9.246527185770840873e-01 2.093979877658878831e-04 -3.808113747969059104e-01 -6.583809617850121754e+00 -3.506943103879316126e-02 9.957972373527118615e-01 -8.460494736150930839e-02 -1.432251627371329494e+00 3.791932053440603689e-01 9.158503332875489455e-02 9.207739666531236100e-01 2.389726206291764754e+01
9.211216782730187180e-01 3.062433685222009164e-03 -3.892627289931627210e-01 -6.915078295108956219e+00 -3.739113980659154041e-02 9.960414355654110263e-01 -8.064342094926904569e-02 -1.508263613701830819e+00 3.874748488901361698e-01 8.883738083182506073e-02 9.175898671711028021e-01 2.465190886642123402e+01
9.172741782169636648e-01 4.215630623367905630e-03 -3.982339854519498790e-01 -7.256090263600140311e+00 -3.884232145521831353e-02 9.961237146967203415e-01 -7.892286823368763193e-02 -1.585331939658243483e+00 3.963576140218015853e-01 8.786224202538515937e-02 9.138823072210443543e-01 2.539218486662024077e+01
9.131309233165864070e-01 5.288018177066493644e-03 -4.076321262342146867e-01 -7.597574002012275507e+00 -4.057267865773151599e-02 9.961302524033179839e-01 -7.796395350749966979e-02 -1.658647789329286137e+00 4.056424249259784065e-01 8.773002455633961694e-02 9.098118867364648477e-01 2.616332386410232758e+01
9.095406094772811034e-01 5.066353729240904644e-03 -4.155841770833219595e-01 -7.956394894394213324e+00 -4.067126718831122478e-02 9.962114240078278060e-01 -7.686772246012311960e-02 -1.725174587510679647e+00 4.136202728498721282e-01 8.681665066201514624e-02 9.063008013515037042e-01 2.691295424605322495e+01
9.053158753409596970e-01 5.915898656109017974e-03 -4.246977328948993158e-01 -8.331733725215990205e+00 -4.183417959619861737e-02 9.962830871373182795e-01 -7.529881646540090290e-02 -1.799763420415720017e+00 4.226737154940726771e-01 8.593609557702344692e-02 9.021983824639822069e-01 2.771437393946168370e+01
9.017023645053887648e-01 5.350622446354860381e-03 -4.323241988282543469e-01 -8.750049521599979840e+00 -4.089939790391017987e-02 9.964950796105777053e-01 -7.297119721209986698e-02 -1.874736609627173367e+00 4.304185029722511491e-01 8.348010087383533895e-02 8.987608073286215138e-01 2.849080636687881096e+01
8.978218204484799125e-01 5.936694649709784409e-03 -4.403188963256406963e-01 -9.125903814300221129e+00 -4.017621956112097520e-02 9.968431830760481338e-01 -6.848021465314460543e-02 -1.939708933253484924e+00 4.385223515715139797e-01 7.917337996872540751e-02 8.952260758802490503e-01 2.926475236926074786e+01
8.937529154225550831e-01 7.321493177427287370e-03 -4.484998526796229457e-01 -9.522403222098185793e+00 -4.003785923426399218e-02 9.971778990775236329e-01 -6.350753881237274079e-02 -2.005342909253383876e+00 4.467691784803757837e-01 7.471702221235611285e-02 8.915237920227644386e-01 3.006406396101242606e+01
8.899089001413225120e-01 7.440889160843498253e-03 -4.560776013291960029e-01 -9.951549747925888312e+00 -3.844822226878712862e-02 9.975322562809704197e-01 -5.874633563153133092e-02 -2.070789835978341209e+00 4.545150015209920569e-01 6.981426014431887928e-02 8.879989226286667536e-01 3.086149252547816246e+01
8.863524742326955863e-01 6.358187985811791093e-03 -4.629674508747509964e-01 -1.039852567335339018e+01 -3.678935059516302841e-02 9.977114391284132022e-01 -5.673119053286196367e-02 -2.141707035782583368e+00 4.615472220320293029e-01 6.731610315843319925e-02 8.845579168847857998e-01 3.166616766515200609e+01
8.832049167359965480e-01 7.086575043927166064e-03 -4.689337385037253836e-01 -1.083549904654361207e+01 -3.754966398510656972e-02 9.977443271295201033e-01 -5.564423134889379119e-02 -2.206504096537847293e+00 4.674816583979925499e-01 6.675356321567246787e-02 8.814787945225681653e-01 3.249930042733851110e+01
8.803501250133187739e-01 7.050228120369315607e-03 -4.742720181291110726e-01 -1.129335639649188039e+01 -3.701461787217390220e-02 9.978614979277639074e-01 -5.387345435418816608e-02 -2.261350867564092759e+00 4.728779744153923104e-01 6.498249996141912399e-02 8.787284565990042262e-01 3.331312694773563976e+01
8.770759840734505541e-01 5.207699045651104953e-03 -4.803234258681933211e-01 -1.176759126292312096e+01 -3.470728315579905271e-02 9.980146993557524882e-01 -5.255534633019714325e-02 -2.324869123222657041e+00 4.790961552671297863e-01 6.276575339166703960e-02 8.755154703041027053e-01 3.415865797491205313e+01
8.748829134822796449e-01 5.342286336424813264e-03 -4.843050103074225676e-01 -1.225864036289546455e+01 -3.495442311452003070e-02 9.980281173028776598e-01 -5.213506920118734372e-02 -2.383382809650633316e+00 4.830715054713434209e-01 6.254068362130883740e-02 8.733444842073527781e-01 3.499522043474372879e+01
8.728309779642262622e-01 4.074785653979351614e-03 -4.880056099061752528e-01 -1.273738997625621749e+01 -3.407269445565511146e-02 9.980337995226129522e-01 -5.260785648053183106e-02 -2.448873281856271511e+00 4.868317356710237243e-01 6.254543299436425563e-02 8.712536568775978152e-01 3.584068043511280877e+01
8.709292891351207988e-01 4.017123754093314750e-03 -4.913919324278663292e-01 -1.322087580360447134e+01 -3.454668099484662497e-02 9.979929845816736256e-01 -5.307098660598748990e-02 -2.504932404050602468e+00 4.901925169464977361e-01 6.319703710947903452e-02 8.693200995933869635e-01 3.668262635393469395e+01
8.705493659424572428e-01 4.196264928970675455e-03 -4.920631951461310605e-01 -1.370661547203383890e+01 -3.430704200313371838e-02 9.980480156020884452e-01 -5.218414973051376665e-02 -2.561745128371427427e+00 4.908837253863122529e-01 6.231011129334288606e-02 8.689940292778264297e-01 3.754957964838810369e+01
8.707328290608122856e-01 4.327037242189969192e-03 -4.917373408128176693e-01 -1.423855333852090688e+01 -3.364860749113676719e-02 9.981418710392384597e-01 -5.079937551679974961e-02 -2.624242473631382744e+00 4.906038270629774489e-01 6.077896084321144504e-02 8.692604946298183588e-01 3.844370402823092547e+01
8.700035348185811701e-01 2.606415671655970805e-03 -4.930385899553340612e-01 -1.474679662666946811e+01 -3.139236035323886287e-02 9.982498720678295578e-01 -5.011698997009052942e-02 -2.689459317535594973e+00 4.920450921000813493e-01 5.907960361191778864e-02 8.685627395513868532e-01 3.933730270591222933e+01
8.697279980463595850e-01 8.549066204434487915e-04 -4.935306208609939183e-01 -1.525725327814040533e+01 -2.983496243536604489e-02 9.982606821430811683e-01 -5.084767010496931555e-02 -2.750864364714204147e+00 4.926287527004866162e-01 5.894810995886463206e-02 8.682407713964780394e-01 4.022390256120559116e+01
8.685587009325058672e-01 -7.954403125526094591e-04 -4.955856590471871548e-01 -1.580489727587723792e+01 -2.831343562633753183e-02 9.982857482757050427e-01 -5.122415641224965094e-02 -2.815079099209585767e+00 4.947768547444463261e-01 5.852291949900464973e-02 8.670472517175292770e-01 4.116735433808094768e+01
8.672878236848329259e-01 -1.523597094856972336e-03 -4.978046852381929899e-01 -1.633389800623987398e+01 -2.685422228017324969e-02 9.983960353816220268e-01 -4.984182305029729448e-02 -2.883721462381857226e+00 4.970821715437491184e-01 5.659536398652364325e-02 8.658558103739992795e-01 4.208809967886148229e+01
8.646472007453754882e-01 -8.960161011230143892e-04 -5.023787519587730177e-01 -1.686186649140011085e+01 -2.559497369035995673e-02 9.986211773442108530e-01 -4.583275603805337522e-02 -2.942153563945066441e+00 5.017271362764058606e-01 5.248753518276427082e-02 8.634320727818732832e-01 4.300872346426083936e+01
8.621994498242580018e-01 -5.127466383808389812e-04 -5.065686930297195190e-01 -1.741488550908275457e+01 -2.376891842329214091e-02 9.988571244921480297e-01 -4.146665420653287970e-02 -3.005641482368109241e+00 5.060110186790756082e-01 4.779311636925917539e-02 8.612018764587386910e-01 4.393024837996727427e+01
8.575804745662055639e-01 -1.743961556587533043e-03 -5.143468509122163246e-01 -1.794851838277183376e+01 -2.153900951511750553e-02 9.989953002081221056e-01 -3.929963447709424601e-02 -3.071663925215341706e+00 5.138986326436465468e-01 4.478112085330481634e-02 8.566813011504615938e-01 4.480907967478749754e+01
8.529624187284237102e-01 -4.786968532668333005e-03 -5.219503729606217446e-01 -1.850759938023369955e+01 -1.966958340627877888e-02 9.989529373492253006e-01 -4.130540501707154200e-02 -3.130371274280060234e+00 5.216015948802087410e-01 4.549850451919027622e-02 8.519751566840354506e-01 4.572137581452588506e+01
8.474246611243790861e-01 -7.402851686837461261e-03 -5.308640466297325222e-01 -1.908280436400323055e+01 -1.916900646579166451e-02 9.988242017521012928e-01 -4.452822942967674114e-02 -3.194623024817623502e+00 5.305695026317979179e-01 4.791045604789046647e-02 8.462863561163084247e-01 4.660082755343739791e+01
8.411463717162684928e-01 -7.942737848027315098e-03 -5.407491919302255257e-01 -1.968935405071671241e+01 -1.905416099300745805e-02 9.988360848585519092e-01 -4.431043402984936180e-02 -3.253138856402605583e+00 5.404717612308479469e-01 4.757508293273023797e-02 8.400160072618799711e-01 4.751433366389542101e+01
8.350506037055609454e-01 -5.089234912148537897e-03 -5.501496006181456622e-01 -2.029098547806123065e+01 -1.993329236392349033e-02 9.990208244697911244e-01 -3.949754633368764839e-02 -3.304943562109550648e+00 5.498119293595513657e-01 4.394874265998806318e-02 8.341314981440680620e-01 4.838687236037576156e+01
8.295196961247846001e-01 -8.354684458389606029e-04 -5.584768300329732149e-01 -2.087066838091515208e+01 -2.186029923184889048e-02 9.991839401731459347e-01 -3.396440871624429453e-02 -3.369466473602479528e+00 5.580494653419443285e-01 4.038261648926052411e-02 8.288244956111104900e-01 4.926636639824486252e+01
8.252223127547935189e-01 -6.045439302117597540e-04 -5.648077220444084334e-01 -2.149374414095349550e+01 -2.347335820805288367e-02 9.990987334104000084e-01 -3.536555382219844224e-02 -3.427207718040603091e+00 5.643200694747648738e-01 4.244237798197641326e-02 8.244643775637153782e-01 5.014003355069552725e+01
8.222249381036221827e-01 -2.239173699374531496e-03 -5.691582653344756659e-01 -2.209671123643509461e+01 -2.493405219098094455e-02 9.988905146517909062e-01 -3.995037955119380702e-02 -3.476402238118737387e+00 5.686162582161605750e-01 4.703962017295978265e-02 8.212568606977109775e-01 5.102231774934828223e+01
8.199663029360215738e-01 -5.355309705158058618e-03 -5.723867367285243590e-01 -2.271153480399770430e+01 -2.606922019177532537e-02 9.985692948476297959e-01 -4.668789127042066722e-02 -3.544919678944160157e+00 5.718178580404571498e-01 5.320417345412125493e-02 8.186535649666312198e-01 5.186697690002961991e+01
8.160416871901670088e-01 -6.145665117498999054e-03 -5.779603698612503226e-01 -2.335651225165310407e+01 -2.665777284691107571e-02 9.984791946465124690e-01 -4.825620219687409146e-02 -3.607174743435245468e+00 5.773779810379735533e-01 5.478620890537642257e-02 8.146368176792988525e-01 5.273969498531467792e+01
8.128567654595278968e-01 -4.512634065525765979e-03 -5.824461421004579753e-01 -2.397080506998839056e+01 -2.661010122683481194e-02 9.986381859861196419e-01 -4.487400194518276902e-02 -3.667041427107842644e+00 5.818554687546749760e-01 5.197508683703746385e-02 8.116297248830846023e-01 5.357465748164946717e+01
8.093168743449902225e-01 -2.758279951525893000e-03 -5.873657992722429722e-01 -2.461109221568580452e+01 -2.493393678965442548e-02 9.989262453897752581e-01 -3.904683232169883778e-02 -3.726561090627068751e+00 5.868428247472106118e-01 4.624660190318528180e-02 8.083790926575622482e-01 5.446278448025999097e+01
8.064276452941764317e-01 -1.266539727196963139e-03 -5.913314147412729316e-01 -2.526157935164672352e+01 -2.490297714495995005e-02 9.990378098768192272e-01 -3.610119407714677126e-02 -3.786043806861653316e+00 5.908081752770231176e-01 4.383891351585367246e-02 8.056201687905589770e-01 5.532322130337057331e+01
8.037950296692535357e-01 -1.362679756530407271e-04 -5.949063160790429849e-01 -2.591017445971739619e+01 -2.693072617845207808e-02 9.989664792157094686e-01 -3.661569941030111408e-02 -3.844050725643515687e+00 5.942964678286225544e-01 4.545277618261698432e-02 8.029606218306014620e-01 5.617519737446774997e+01
8.005330535151297111e-01 -2.042969592703287440e-03 -5.992851154629916799e-01 -2.656757751477752905e+01 -2.607630015019691064e-02 9.989283504346362363e-01 -3.823842724458030584e-02 -3.894408160424287502e+00 5.987210220942474903e-01 4.623826336348701299e-02 7.996218903602612116e-01 5.703284172119465012e+01
7.960563969252020255e-01 -3.778303263217979314e-03 -6.052106495470958025e-01 -2.721576976228465483e+01 -2.602104100085726734e-02 9.988421883038698379e-01 -4.046218405005651275e-02 -3.951634500447675169e+00 6.046628184023173924e-01 4.795839147804495384e-02 7.950363989741422444e-01 5.789831818681403064e+01
7.925320515744116445e-01 -4.748496696092047338e-03 -6.098117675930511128e-01 -2.787478204647014479e+01 -2.572748857631487751e-02 9.988190562786950499e-01 -4.121394416410274070e-02 -4.007166458178999413e+00 6.092873289942000170e-01 4.835229691210946729e-02 7.914739497762307563e-01 5.873114434865912159e+01
7.877552256346140869e-01 -5.304617276300886003e-03 -6.159655495860213437e-01 -2.855242332117929394e+01 -2.474557450273665721e-02 9.988832037978624401e-01 -4.024924544301510670e-02 -4.068929289645569547e+00 6.154911590527541998e-01 4.694897471204988876e-02 7.867441986438802326e-01 5.957051654196271073e+01
7.832982254132717648e-01 -4.909933493340982655e-03 -6.216267169686223726e-01 -2.923135804681369976e+01 -2.506569165795168724e-02 9.989061347507660615e-01 -3.947461343439843950e-02 -4.122594109835769238e+00 6.211405695402170135e-01 4.650189814483897399e-02 7.823183326892590994e-01 6.039499427955291821e+01
7.771854375048596886e-01 -6.592040642516961042e-03 -6.292371041160876866e-01 -2.990852590312722370e+01 -2.402309085759722976e-02 9.989053869842541289e-01 -4.013625547511694841e-02 -4.190047969753067925e+00 6.288129236610197070e-01 4.630953326626771616e-02 7.761763598922666318e-01 6.122542554796884673e+01
7.719063248846921299e-01 -7.345249565493142639e-03 -6.356938455221567974e-01 -3.061683432108791081e+01 -2.438825516618267977e-02 9.988550641482663028e-01 -4.115548419973975164e-02 -4.252042364501963156e+00 6.352683251026932654e-01 4.727164214547175530e-02 7.708434047215868556e-01 6.209375420618019348e+01
7.672257444936351201e-01 -8.523624002254769766e-03 -6.413205103674500807e-01 -3.132171583695105355e+01 -2.389434274849171549e-02 9.988376991464017474e-01 -4.186061623340692900e-02 -4.307860943534449483e+00 6.409319181945991595e-01 4.744047441446279378e-02 7.661303318534717910e-01 6.290752269549520292e+01
7.612877931747913385e-01 -9.752727814788680200e-03 -6.483407840815587075e-01 -3.203435179467761884e+01 -2.347081913800759881e-02 9.988171428152822218e-01 -4.258445618826429274e-02 -4.367336653874487773e+00 6.479892153098466556e-01 4.763611582830951791e-02 7.601583948290743242e-01 6.371930695731442285e+01
7.550871925014384090e-01 -1.191864175600913615e-02 -6.555160330438289940e-01 -3.274934564946328663e+01 -2.237246908869350639e-02 9.987840414583244453e-01 -4.393075452735925590e-02 -4.439089824531585293e+00 6.552425589475476819e-01 4.783706215448582655e-02 7.539023892464300491e-01 6.456119125472909559e+01
7.489797720813778925e-01 -1.287250215577351309e-02 -6.624678040631243325e-01 -3.352617321873133704e+01 -2.158438675069497201e-02 9.988066410709384169e-01 -4.381104926567763042e-02 -4.497076691345516686e+00 6.622412114400131333e-01 4.711255084215067862e-02 7.478081262382718641e-01 6.538073958289805887e+01
7.423277211398460196e-01 -1.280643089902908267e-02 -6.699145776144704856e-01 -3.425605248510752432e+01 -2.096298606093178682e-02 9.988839883569108347e-01 -4.232411907643973681e-02 -4.559444541034620713e+00 6.697089776032055797e-01 4.546177665009995539e-02 7.412308146590147473e-01 6.620595067694567604e+01
7.366519727263769468e-01 -1.353215872702006294e-02 -6.761366305403169186e-01 -3.498909373953956248e+01 -1.989898614273421032e-02 9.989331446722629071e-01 -4.167256723119975442e-02 -4.621471640961334337e+00 6.759792220289164710e-01 4.415261211871433084e-02 7.355967963459486558e-01 6.700572200188615568e+01
7.292535375539705989e-01 -1.509918660966208005e-02 -6.840769574703087219e-01 -3.577329719761747384e+01 -1.870812824756850484e-02 9.989427535432108263e-01 -4.199263164091684986e-02 -4.686884036969497735e+00 6.839877859125345072e-01 4.342107443220846047e-02 7.282000602673581735e-01 6.781619992463744495e+01
7.234204893914352175e-01 -1.634721826165516298e-02 -6.902141370988926772e-01 -3.654852931329445198e+01 -1.913117602828502684e-02 9.988611175429257250e-01 -4.370887776882137477e-02 -4.753286008442533905e+00 6.901425947968591323e-01 4.482450571432305270e-02 7.222838579367402145e-01 6.863060243232197877e+01
7.176768454775904749e-01 -1.590415032058503653e-02 -6.961946526587908801e-01 -3.734256186559893820e+01 -2.006823325959284851e-02 9.988516033610834732e-01 -4.350563768261226510e-02 -4.821975489404565884e+00 6.960870772690997965e-01 4.519438530838040813e-02 7.165335005702396787e-01 6.942249580826637612e+01
7.119820476666045561e-01 -1.633528853203484663e-02 -7.020076302513046373e-01 -3.816022508364449806e+01 -1.945434078668087027e-02 9.988867520008416490e-01 -4.297424035434297546e-02 -4.875947366342503919e+00 7.019281303872186850e-01 4.425398311721028682e-02 7.108716437832427459e-01 7.024081743470559047e+01
7.075943962153815603e-01 -1.461256569970793492e-02 -7.064677162048368375e-01 -3.895714334470348206e+01 -2.201664323039466062e-02 9.988448157005147543e-01 -4.271184387536514082e-02 -4.944644178133871470e+00 7.062757575994002002e-01 4.577670884798044210e-02 7.064552756154209856e-01 7.102272897334722757e+01
7.020815205698540673e-01 -1.487185019255720525e-02 -7.119412595736411831e-01 -3.975273790608444813e+01 -2.306061192823243011e-02 9.987826665558336980e-01 -4.360496766604165381e-02 -5.009361669338281864e+00 7.117230884915006772e-01 4.703204292162985883e-02 7.008839002784723604e-01 7.180461235462713887e+01
6.974604244027152733e-01 -1.769197553181960092e-02 -7.164048721380111839e-01 -4.062040488434658414e+01 -2.194263772365024137e-02 9.986992287303825266e-01 -4.602576690454837638e-02 -5.079370051787913454e+00 7.162872923598161412e-01 4.782096331251601412e-02 6.961649803073322040e-01 7.259901836582204737e+01
6.926398393608915738e-01 -1.974670370552457019e-02 -7.210132529568309412e-01 -4.144340832201993408e+01 -2.197111597091102458e-02 9.985836812285046049e-01 -4.845515124050226580e-02 -5.138181955475661589e+00 7.209489103008760447e-01 4.940343380191571099e-02 6.912249844395340626e-01 7.337163678993229610e+01
6.875703474761202250e-01 -2.029321052791379504e-02 -7.258341360631074268e-01 -4.228537501400763432e+01 -2.262150450581418976e-02 9.985255224844311606e-01 -4.934621076232177661e-02 -5.206984795457822557e+00 7.257653155097686382e-01 5.034845129825913507e-02 6.860974785137459175e-01 7.416501500944018233e+01
6.828267025594476625e-01 -1.942592204226525551e-02 -7.303220645082117990e-01 -4.314041413995190766e+01 -2.288873360966115628e-02 9.985868907555104368e-01 -4.796172976465250259e-02 -5.280571893879884016e+00 7.302217530653808408e-01 4.946569679403906711e-02 6.814171600941937301e-01 7.498869041598072727e+01
6.781023897965686720e-01 -2.012489779552931179e-02 -7.346918588183979359e-01 -4.401344706512717408e+01 -2.137346417386373418e-02 9.986622962492320843e-01 -4.708283247174640390e-02 -5.353900442237966573e+00 7.346566086278737417e-01 4.762989114678745778e-02 6.767651519260302617e-01 7.575310134157926711e+01
6.729624026441288764e-01 -2.051383901863055442e-02 -7.393921671821162001e-01 -4.488551797429389723e+01 -2.187338611133920335e-02 9.986262741581902747e-01 -4.761427911765987037e-02 -5.424007514598492286e+00 7.393532094655933529e-01 4.821562984353498088e-02 6.715892307077828693e-01 7.652770991136401335e+01
6.683997637433912731e-01 -2.201833745170413484e-02 -7.434762527442997371e-01 -4.576386943278611596e+01 -2.006237352487584211e-02 9.986643930646188494e-01 -4.761230118658762306e-02 -5.496577565025829948e+00 7.435316172471130303e-01 4.673994894580537490e-02 6.670653053071453620e-01 7.730329585467471532e+01
6.636593343454743055e-01 -2.246496339782984644e-02 -7.476975344341105778e-01 -4.664835825128620428e+01 -1.956963190368958549e-02 9.986854028362209812e-01 -4.737610894655223948e-02 -5.572723174605129337e+00 7.477789288315118688e-01 4.607376223425890815e-02 6.623472596426136505e-01 7.807305796933077602e+01
6.589895771043317030e-01 -2.360394688056854928e-02 -7.517816042564235968e-01 -4.754325140343890865e+01 -1.818259061799372411e-02 9.987154472425188168e-01 -4.729533660385455696e-02 -5.640956055801505720e+00 7.519322707118962779e-01 4.483647078072976189e-02 6.577138903689462301e-01 7.885144880386542354e+01
6.554644101412354651e-01 -2.564659854000689299e-02 -7.547904666091163062e-01 -4.842737286525650831e+01 -1.572998380916017236e-02 9.987428169709881010e-01 -4.759572648394473637e-02 -5.706356367523897077e+00 7.550622383648584179e-01 4.307014635560096893e-02 6.542369518794886041e-01 7.961201601233513259e+01
6.516777160915794287e-01 -3.016390252273933384e-02 -7.578959577138899562e-01 -4.935224433907152530e+01 -1.296167114972110283e-02 9.986201637444175327e-01 -5.088972054565093356e-02 -5.790337652483970921e+00 7.583852310527560148e-01 4.298729477853546754e-02 6.503875340216431766e-01 8.039942730182771413e+01
6.472006244819756837e-01 -3.422455084678351772e-02 -7.615510626880939160e-01 -5.025917136491101900e+01 -9.029006104011482597e-03 9.985774799278074321e-01 -5.254991563720863568e-02 -5.861332691839015396e+00 7.622662514340707851e-01 4.088638714203199354e-02 6.459709559845238092e-01 8.115718314622762364e+01
6.397566008833662776e-01 -3.844464838240037319e-02 -7.676154569653053095e-01 -5.117783585534812829e+01 -3.087823779972586474e-03 9.986115634595532642e-01 -5.258717201767072746e-02 -5.940805342481252360e+00 7.685713802268800965e-01 3.601325136671917893e-02 6.387496302115260871e-01 8.190771413615861718e+01
6.317353140135312239e-01 -4.176040387676858978e-02 -7.740584930500455929e-01 -5.210998987013638128e+01 1.257577952353411584e-03 9.986017684102933556e-01 -5.284814668992850878e-02 -6.022240427071061220e+00 7.751831533544801811e-01 3.241260129817924440e-02 6.309045197831646412e-01 8.268826624156672267e+01
6.228679127393016435e-01 -4.303709440646167478e-02 -7.811423433432541641e-01 -5.304411834470290898e+01 4.177874253840510067e-03 9.986544609022334207e-01 -5.168958372063797713e-02 -6.098595786529496188e+00 7.823158687927191934e-01 2.893226824950499362e-02 6.222096242679412414e-01 8.342018378773238396e+01
6.137107537784713962e-01 -4.231425223264542040e-02 -7.883962223014973070e-01 -5.400963832450749891e+01 5.558253489887796106e-03 9.987696078081490514e-01 -4.927855836497270492e-02 -6.180976666076125170e+00 7.895113847404219287e-01 2.586067472273413659e-02 6.131908432991277635e-01 8.415296968099941921e+01
6.047335060299116050e-01 -4.141208146567647297e-02 -7.953504979506776928e-01 -5.499233336880265455e+01 4.031715013874538622e-03 9.987936104642924917e-01 -4.893944166443650601e-02 -6.265041032804174570e+00 7.964176933433383399e-01 2.638869317325365574e-02 6.041709246766747698e-01 8.491261999652198256e+01
5.956493514522264165e-01 -4.291051046535102054e-02 -8.020975791140270150e-01 -5.597857510664213265e+01 3.620655814424055506e-03 9.987053409074461152e-01 -5.073985489311028108e-02 -6.327266479418736544e+00 8.032364231471524896e-01 2.731904197680536453e-02 5.950335539115777506e-01 8.563536541533537161e+01
5.862362080910996642e-01 -4.522687594560236002e-02 -8.088767681452982972e-01 -5.699278736000432843e+01 4.481758498863533564e-03 9.986062847926768793e-01 -5.258708767853154109e-02 -6.419092056137869484e+00 8.101277879856231268e-01 2.720326412071286809e-02 5.856218588368289346e-01 8.636074531514086061e+01
5.758614441266070028e-01 -4.629644949766286571e-02 -8.162353972723407347e-01 -5.798829368008031082e+01 3.798597092197002548e-03 9.985360615771929904e-01 -5.395650440336043768e-02 -6.485936327376258248e+00 8.175384876230579190e-01 2.797092071682000594e-02 5.751942811293063729e-01 8.705712740645388692e+01
5.662853115895488676e-01 -4.770727175816879412e-02 -8.228274118824980832e-01 -5.901840443326756258e+01 7.149490785715014417e-03 9.985701724356782494e-01 -5.297636713946165393e-02 -6.573640603174942143e+00 8.241782827608756801e-01 2.411694111108550823e-02 5.658167050899420847e-01 8.776200342139189559e+01
5.562367407541821684e-01 -4.682250872356600452e-02 -8.297037594023410900e-01 -6.004709762067314927e+01 7.409278533645083029e-03 9.986512025093300382e-01 -5.138947646188506135e-02 -6.656569800952574667e+00 8.309908556318659212e-01 2.243720815921554368e-02 5.558334122010943901e-01 8.842890940434422475e+01
5.457177162292459194e-01 -4.771438904192844971e-02 -8.366095257245586003e-01 -6.108165335156113684e+01 8.222606158146685343e-03 9.986344162606405339e-01 -5.159158244204979649e-02 -6.739778646570698584e+00 8.379287406855594478e-01 2.127532941018675169e-02 5.453648307869555234e-01 8.909748076919217397e+01
5.355466059277276258e-01 -4.855129821427595777e-02 -8.431088846639410717e-01 -6.214171327423682101e+01 7.400978490815422056e-03 9.985775233781450932e-01 -5.280298564512371506e-02 -6.817403898855364019e+00 8.444732500905740569e-01 2.203862852834577099e-02 5.351441316917217028e-01 8.975540985548229855e+01
5.252207027504810499e-01 -4.952286963946907900e-02 -8.495237993615769589e-01 -6.320808428155371672e+01 6.804056833938872118e-03 9.985176556282009397e-01 -5.400181646199109231e-02 -6.900918406624741763e+00 8.509388521692684559e-01 2.258266328417633112e-02 5.247791024033290341e-01 9.040396135429507751e+01
5.156432637738826985e-01 -4.965480654007142780e-02 -8.553633213101460298e-01 -6.427830546469131434e+01 4.645512709493835289e-03 9.984666309408263274e-01 -5.516163598188494888e-02 -6.991857161376551666e+00 8.567907888347233714e-01 2.447012435031171648e-02 5.150832655763141199e-01 9.103818175174374971e+01
