1 0 0 0 0 1 0 0 0 0 1 0
0.99987979 0.00095069455 0.015475676 -0.007760874 -0.0009405853 0.99999934 -0.00066050417 -0.0036292411 -0.015476295 0.0006458686 0.99988003 0.0973966
0.99932272 0.0031801011 0.036660335 0.01453307 -0.0031760086 0.99999494 -0.00016987295 -0.00056979743 -0.036660693 5.3324381e-05 0.99932777 0.24683617
0.99794586 0.0053484013 0.063839246 0.043820082 -0.0054294725 0.99998466 0.001096505 -0.006169169 -0.063832408 -0.001440866 0.99795959 0.39782382
0.99520282 0.004835134 0.097713696 0.096358245 -0.00513573 0.99998282 0.0028250054 -0.0002997667 -0.097698367 -0.0033132845 0.99521056 0.58306692
0.99095068 0.0015406993 0.13421765 0.1728261 -0.0022634692 0.99998375 0.0052326345 -0.002709069 -0.13420742 -0.0054890802 0.99093806 0.76971583
0.98476416 -0.0017112734 0.1738868 0.23525417 0.00070837382 0.99998276 0.0058294403 -0.0095707055 -0.1738938 -0.005617447 0.98474839 0.95696359
0.97599702 -0.0018661531 0.21777586 0.31752953 0.00031863992 0.99997445 0.0071408915 -0.0093412615 -0.21778364 -0.0069000967 0.97597268 1.1710428
0.96419335 -0.0017395683 0.26519457 0.41824393 -0.00099405431 0.99994776 0.010173428 -0.0023962543 -0.26519843 -0.010072769 0.96414124 1.3719946
0.94987418 -0.005923489 0.31257632 0.55147212 0.00072085864 0.99985933 0.016757286 0.0089417791 -0.31263164 -0.01569199 0.94974482 1.623811
0.93236829 -0.01521141 0.36118966 0.68379181 0.00656164 0.99966184 0.025162407 -0.0068128673 -0.36145031 -0.021090634 0.93215281 1.8257638
0.91106539 -0.020970492 0.41172817 0.84372014 0.0093425225 0.99949917 0.030234368 -0.0093548791 -0.41215603 -0.023698906 0.91080502 2.0504864
0.88670394 -0.023073544 0.46176153 1.0299431 0.0084229429 0.99939434 0.033763993 -0.00020973281 -0.46226095 -0.026049275 0.88636125 2.3035021
0.85795799 -0.025075001 0.5131075 1.2016257 0.0061625784 0.99923854 0.038527354 0.014705237 -0.5136829 -0.029892786 0.85745922 2.4982122
0.82583609 -0.030361 0.5630923 1.4265958 0.0074023804 0.99904719 0.043010567 0.016405815 -0.56386168 -0.031351455 0.82527397 2.727348
0.79009552 -0.036031833 0.61192381 1.6587199 0.0096042522 0.99887602 0.046416003 0.022425068 -0.61290853 -0.030796006 0.78955353 2.9471094
0.75207936 -0.040441882 0.65783056 1.9301705 0.01057805 0.99872771 0.04930585 0.029613389 -0.65898769 -0.030123347 0.7515503 3.1605017
0.71186633 -0.043872614 0.70094327 2.2190229 0.011755876 0.99865146 0.050567341 0.040898696 -0.70221661 -0.027756985 0.71142212 3.3758326
0.67078511 -0.045703632 0.74024217 2.5103108 0.011012819 0.99860319 0.051675735 0.059513265 -0.74157002 -0.02651116 0.67035148 3.5862716
0.6275522 -0.046073666 0.77721001 2.8417365 0.0066506163 0.99852831 0.053823613 0.07851803 -0.77854612 -0.028608201 0.62693506 3.7980972
0.58652242 -0.046873219 0.80857548 3.1839144 0.0037797746 0.99847149 0.05513975 0.095304688 -0.80992421 -0.029284466 0.58580308 4.001737
0.54664796 -0.048005778 0.83598528 3.5670433 0.0018115807 0.99842076 0.056148917 0.11830813 -0.8373606 -0.029179236 0.54587164 4.2078474
0.50798484 -0.050699809 0.85987259 3.9711687 0.00088921756 0.9982966 0.058336244 0.13149611 -0.86136559 -0.028869314 0.50716462 4.4065037
0.4705914 -0.050388007 0.8809113 4.4090063 -0.0023807451 0.99829195 0.058373981 0.15263129 -0.88234808 -0.029567519 0.46966765 4.5979317
0.43464145 -0.049720835 0.89923 4.8573225 -0.0032538869 0.99838164 0.056775956 0.1789977 -0.90059774 -0.027603176 0.43377625 4.7920819
0.40011116 -0.048593049 0.91517742 5.3609545 -0.0020186768 0.99854418 0.053902118 0.19559242 -0.91646443 -0.023414286 0.39943058 4.9745288
0.37066658 -0.046842991 0.92758393 5.8618868 -0.0001341756 0.9987246 0.050489211 0.21998812 -0.92876603 -0.018839122 0.37018754 5.153986
0.34521268 -0.045205309 0.93743512 6.3962355 0.0011994242 0.99885976 0.047725657 0.24409033 -0.93852376 -0.015351119 0.34487328 5.3345825
0.3250866 -0.044572825 0.9446332 6.9891447 0.00218639 0.99892138 0.046382005 0.26746561 -0.94568176 -0.013012831 0.32483341 5.5160727
0.31018925 -0.044871729 0.94961523 7.5700023 0.0030479403 0.99892727 0.046206246 0.29279425 -0.95066998 -0.01143831 0.30999326 5.7029557
0.29825092 -0.046613473 0.95334857 8.1908049 0.004326145 0.99886256 0.047485439 0.30788615 -0.95447774 -0.010038251 0.29811333 5.8808618
0.28843162 -0.04840154 0.95627633 8.8225919 0.0030111357 0.99876245 0.04964374 0.33691291 -0.9574958 -0.011439346 0.28822041 6.0731038
0.2767815 -0.05014039 0.95962381 9.4847339 0.0013711454 0.99865735 0.051784418 0.36813438 -0.96093194 -0.013017185 0.27647863 6.2516242
0.26673685 -0.051850122 0.9623736 10.166932 0.00068460665 0.99856171 0.053610091 0.39680053 -0.96376919 -0.013640939 0.26638871 6.4405467
0.25696046 -0.053811753 0.96492256 10.887519 -0.00037488188 0.99844296 0.055780948 0.42521476 -0.96642188 -0.01469523 0.25654019 6.6345096
0.24643175 -0.055296147 0.96758134 11.616503 -0.00072851759 0.99836014 0.057240665 0.45575867 -0.96915991 -0.014810817 0.24598735 6.819768
0.23517103 -0.056882511 0.97028804 12.379784 -0.0010156157 0.99827108 0.058769156 0.4858552 -0.97195351 -0.014806242 0.23470667 6.9920124
0.22482652 -0.059644382 0.97257159 13.134325 -0.0024826172 0.99808652 0.06178302 0.52230343 -0.97439569 -0.016304984 0.22424824 7.1769868
0.21374169 -0.063222699 0.97484219 13.912525 -0.004529481 0.99782871 0.065706596 0.56312455 -0.97687975 -0.018459768 0.21299123 7.3440826
0.20106259 -0.066802222 0.97729792 14.704076 -0.0044664961 0.99759913 0.069108797 0.60264654 -0.97956826 -0.01826029 0.20028149 7.5128239
0.1883631 -0.069271332 0.97965338 15.479028 -0.0056240243 0.99741694 0.071608754 0.64147352 -0.98208339 -0.018998041 0.18748696 7.6679035
0.17423022 -0.069994283 0.98221411 16.31015 -0.0061882936 0.99737299 0.072172242 0.68035453 -0.98468554 -0.018652814 0.17333936 7.8177078
0.16029889 -0.069192037 0.98464036 17.086819 -0.0079166126 0.99741787 0.071378749 0.72157393 -0.98703682 -0.01923695 0.15933721 7.9406695
0.14377586 -0.068048076 0.98726789 17.900458 -0.0085589439 0.99751024 0.070000475 0.75932767 -0.98957331 -0.018514348 0.14283547 8.0524797
0.12358383 -0.066770319 0.99008519 18.730076 -0.011232678 0.99757567 0.068677547 0.79686119 -0.9922706 -0.019608742 0.12253421 8.1613051
0.098522915 -0.065308167 0.99298942 19.539991 -0.015375089 0.99762519 0.06713855 0.83570199 -0.99501604 -0.021881986 0.097284822 8.2463499
0.068323224 -0.064707595 0.99556254 20.373894 -0.019671995 0.99761304 0.066190913 0.87745954 -0.99746931 -0.024107078 0.06688721 8.3038294
0.03509986 -0.064498924 0.99730026 21.234742 -0.022551353 0.99760999 0.065312647 0.91546706 -0.99912938 -0.024782935 0.033561431 8.3186024
0.00086741264 -0.06368259 0.99796978 22.058092 -0.024251617 0.99767535 0.063684879 0.95171064 -0.99970555 -0.024257621 -0.00067901108 8.3204949
-0.032981622 -0.063046171 0.99746544 22.896573 -0.025038105 0.99774734 0.062236093 0.98329566 -0.99914233 -0.022921996 -0.034485884 8.2704065
-0.065905449 -0.060917682 0.99596457 23.7472 -0.027079171 0.99787625 0.059242713 1.0138399 -0.99745841 -0.023065477 -0.067415084 8.2166583
-0.099483275 -0.057565764 0.99337263 24.588998 -0.02994692 0.99804611 0.054837497 1.0491366 -0.99458853 -0.024293037 -0.10101281 8.1305807
-0.1309111 -0.053391338 0.98995534 25.419972 -0.027009532 0.9983702 0.050273454 1.0748661 -0.99102616 -0.020156877 -0.13213981 8.0071054
-0.16255343 -0.047815202 0.98554046 26.270382 -0.022944198 0.99873823 0.044671136 1.0915733 -0.98643298 -0.015350988 -0.16344541 7.8796113
-0.19412525 -0.041542591 0.98009669 27.086916 -0.016874668 0.9990965 0.039005599 1.1060055 -0.98083164 -0.0089668345 -0.19465087 7.6641726
-0.22130744 -0.035904883 0.97454285 27.904397 -0.010385638 0.9993521 0.034460466 1.122489 -0.97514883 -0.0024948912 -0.22153695 7.4787442
-0.24950215 -0.029150864 0.96793534 28.723734 -0.0018533385 0.99955935 0.02962554 1.1356155 -0.96837251 0.0055977251 -0.24944624 7.2479722
-0.27626186 -0.01886793 0.96089714 29.533246 0.0040386547 0.99977566 0.020792469 1.1354641 -0.96107396 0.0096248989 -0.27612368 7.0039667
-0.30149192 -0.0036324676 0.95346177 30.322001 0.0082987913 0.99994487 0.0064336996 1.1235575 -0.95343266 0.0098522898 -0.30144515 6.7327992
-0.32630261 0.01339007 0.94517048 31.092393 0.0092653644 0.99989694 -0.010966674 1.0980118 -0.94521999 0.0051788955 -0.32639305 6.4715129
-0.35164807 0.027732739 0.93572136 31.857733 0.008041289 0.9996137 -0.026604416 1.0703884 -0.93609778 -0.001830985 -0.35173524 6.181693
-0.37662179 0.038590417 0.92556293 32.619763 0.012252335 0.99925205 -0.036677198 1.0330374 -0.92628612 -0.0024731241 -0.37681292 5.8755722
-0.40080692 0.043656768 0.91512176 33.386273 0.016312062 0.99904573 -0.04051605 0.98992083 -0.91601736 -0.0013115897 -0.40113657 5.5378329
-0.42265147 0.042762416 0.90528285 34.126588 0.018271319 0.99908525 -0.038662941 0.93726745 -0.90610814 0.00019976349 -0.42304618 5.1781348
-0.44289251 0.039627906 0.89569849 34.869993 0.022664947 0.99919833 -0.032999945 0.89863943 -0.89628823 0.0056855305 -0.44343563 4.8000902
-0.4609545 0.03829194 0.88659721 35.605999 0.029621272 0.99917582 -0.027753664 0.85987326 -0.88692931 0.013468962 -0.46170884 4.3989766
-0.47489291 0.039303588 0.87916545 36.301137 0.033645851 0.99908269 -0.026490302 0.81404972 -0.87940022 0.017000214 -0.47577969 4.0039665
-0.48573018 0.042394691 0.87308008 36.995695 0.03628386 0.99894017 -0.028319961 0.76220429 -0.87335545 0.017922857 -0.48675363 3.6067103
-0.49571659 0.045010477 0.86731716 37.703374 0.037877884 0.99882634 -0.030186136 0.72465064 -0.86765799 0.017888372 -0.49683969 3.2018414
-0.50654062 0.043960911 0.86109464 38.373045 0.0314004 0.99897742 -0.032528804 0.67164416 -0.86164417 0.010561557 -0.50740304 2.806331
-0.51751032 0.04283424 0.85460414 39.081762 0.030012207 0.99904038 -0.031899574 0.64929802 -0.85515051 0.0091401986 -0.51829926 2.3880098
-0.52663062 0.044489823 0.8489292 39.746476 0.032414658 0.99895427 -0.032243851 0.60631105 -0.84947604 0.010537152 -0.52752203 1.9701224
-0.53342786 0.047719381 0.84449838 40.441891 0.036143751 0.99878135 -0.033607102 0.5577312 -0.84507302 0.012596376 -0.53450256 1.5311428
-0.5374777 0.050949656 0.84173736 41.129856 0.036996685 0.99863673 -0.036823011 0.52169536 -0.84246604 0.011349946 -0.53862994 1.0924748
-0.53701397 0.052249494 0.84195363 41.833487 0.036126903 0.99858875 -0.038927446 0.47576394 -0.84279944 0.009512596 -0.53814373 0.63988795
-0.53329636 0.05332579 0.84424599 42.569094 0.038789983 0.99850287 -0.038566244 0.43471605 -0.84503869 0.012181051 -0.53456645 0.18207469
-0.52776587 0.052153702 0.84778719 43.309945 0.037070436 0.99857641 -0.03835272 0.3874077 -0.84858059 0.011186585 -0.52894791 -0.27355024
-0.52080057 0.050803773 0.85216529 44.070022 0.03474111 0.99866198 -0.038305486 0.34242514 -0.85297121 0.0096556499 -0.52186871 -0.727197
-0.51340553 0.050117034 0.85668138 44.856258 0.032854203 0.99870921 -0.038736471 0.29442966 -0.85751701 0.0082580663 -0.51438939 -1.190629
-0.50702642 0.048685001 0.86055442 45.653607 0.029965777 0.99879562 -0.038850447 0.24516554 -0.8614095 0.0060889799 -0.50787466 -1.649097
-0.50295635 0.046549965 0.86305732 46.466699 0.02586591 0.99891202 -0.03880379 0.19715575 -0.86392472 0.0028071516 -0.5036132 -2.1095517
-0.50173415 0.043526929 0.86392603 47.307214 0.020868711 0.9990516 -0.038215196 0.15069994 -0.86477014 -0.0011448452 -0.50216666 -2.5702258
-0.50195747 0.04115806 0.86391241 48.149641 0.018135472 0.99914833 -0.037063677 0.098559124 -0.86470218 -0.0029369293 -0.50227639 -3.0523541
-0.50301539 0.039904517 0.86335571 49.011055 0.016687173 0.99919576 -0.036460658 0.051549129 -0.86411638 -0.0039333051 -0.50327673 -3.5413884
-0.50363952 0.039392503 0.8630153 49.871841 0.016988549 0.99921831 -0.035695317 0.004893373 -0.86374689 -0.0033161944 -0.50391505 -4.0439199
-0.50358217 0.038697384 0.86308021 50.750037 0.016289419 0.99924406 -0.035298074 -0.053224334 -0.86379379 -0.0037164047 -0.50383185 -4.5520385
-0.50344337 0.03808304 0.8631885 51.632903 0.016897124 0.99927107 -0.034231844 -0.094940313 -0.86386302 -0.0026483919 -0.50371989 -5.0620205
-0.5039397 0.03764763 0.86291794 52.528469 0.016589036 0.99928723 -0.033909273 -0.15461728 -0.86357955 -0.0027732512 -0.50420505 -5.5659817
-0.50406874 0.036332362 0.86289895 53.430115 0.014916815 0.99933197 -0.033363107 -0.20313108 -0.86353475 -0.0039455945 -0.50427397 -6.078607
-0.50412624 0.035569703 0.86289714 54.320199 0.014361941 0.9993586 -0.032804206 -0.26082155 -0.86351059 -0.0041445824 -0.50431375 -6.6015119
-0.50355887 0.034913223 0.86325516 55.215213 0.013191464 0.99937738 -0.032723588 -0.31473644 -0.86386024 -0.005090653 -0.50370591 -7.1083692
-0.50228837 0.033460942 0.86405248 56.110003 0.012768181 0.99942907 -0.031281119 -0.36983665 -0.86460594 -0.0046797627 -0.50242884 -7.6111789
-0.500089 0.031067621 0.86541651 56.99907 0.013193998 0.9995136 -0.028257302 -0.41907666 -0.86587353 -0.0027128616 -0.50025567 -8.1347124
-0.49816986 0.030123077 0.86655601 57.896447 0.013724133 0.99954509 -0.026856224 -0.47304105 -0.86697087 -0.0014862313 -0.49835666 -8.6264261
-0.49586724 0.029506632 0.86789687 58.784273 0.013613116 0.99956389 -0.026205262 -0.52589178 -0.86829167 -0.0011795489 -0.49605266 -9.1244197
-0.49323907 0.029932105 0.86937864 59.67729 0.014534226 0.9995519 -0.026167934 -0.57017938 -0.86977241 -0.00027130153 -0.49345309 -9.6381335
-0.4924097 0.030415411 0.86983189 60.562272 0.01446989 0.99953717 -0.026759445 -0.62441127 -0.87024328 -0.00059023827 -0.49262191 -10.126079
-0.49335391 0.031633002 0.86925325 61.449252 0.013791895 0.99949736 -0.028544979 -0.67364371 -0.86971936 -0.0020941265 -0.49354221 -10.625745
-0.49589202 0.0335005 0.86773773 62.332198 0.012237764 0.99942596 -0.031590949 -0.72722572 -0.868298 -0.0050465291 -0.49601733 -11.116349
-0.50008627 0.034205366 0.86529975 63.20007 0.011373975 0.99939285 -0.032932667 -0.77900606 -0.86590093 -0.0066272763 -0.5001717 -11.617954
-0.50620189 0.032453771 0.86180412 64.080536 0.010937415 0.99945291 -0.03121298 -0.83161218 -0.86234569 -0.0063741598 -0.50627991 -12.115438
-0.51121423 0.030711818 0.85890438 64.940339 0.014660783 0.99952754 -0.027014073 -0.88505232 -0.8593283 -0.0012177676 -0.51142297 -12.626487
-0.51665991 0.028450783 0.85571784 65.796791 0.011733423 0.99958917 -0.026149863 -0.93303409 -0.85611035 -0.0034700861 -0.51678148 -13.138262
-0.52163517 0.030516305 0.85262269 66.641993 0.012399605 0.99952573 -0.028188038 -0.99261986 -0.85307858 -0.0041316867 -0.52176616 -13.649487
-0.52634149 0.033169307 0.84962602 67.480297 0.01320543 0.99943718 -0.030837182 -1.037375 -0.85017075 -0.0050112112 -0.52648328 -14.172513
-0.53126042 0.033413224 0.84654938 68.321943 0.01191623 0.99941783 -0.031968778 -1.0901827 -0.8471248 -0.0068960685 -0.5313493 -14.691067
-0.5349498 0.033831903 0.84420617 69.15015 0.010723509 0.99938934 -0.033255743 -1.1459762 -0.84481583 -0.0087372999 -0.53498592 -15.205586
-0.53822351 0.032723669 0.84216658 69.971201 0.010390065 0.99942763 -0.032194059 -1.2065708 -0.84273813 -0.0085774331 -0.53825545 -15.72971
-0.54142603 0.026140493 0.84034188 70.795767 0.012381738 0.99965605 -0.023118812 -1.2492172 -0.84065725 -0.0021122333 -0.54156347 -16.246047
-0.54312349 0.018561403 0.83944761 71.618189 0.013523876 0.99981932 -0.013357491 -1.2810223 -0.83954395 0.0040978194 -0.54327638 -16.781799
-0.54458195 0.015308136 0.83856789 72.42592 0.013275802 0.99986549 -0.0096310795 -1.3229873 -0.83860259 0.0058877503 -0.54471193 -17.303271
-0.54579242 0.020537003 0.83766867 73.236457 0.013264445 0.99978609 -0.015869014 -1.356169 -0.83781546 0.0024500227 -0.54594809 -17.819231
-0.54704437 0.025809181 0.83670561 74.031171 0.013825766 0.99966682 -0.021796524 -1.4013006 -0.83698946 -0.0003555694 -0.54721894 -18.341812
-0.54785101 0.031158919 0.83599541 74.83685 0.020401099 0.99950656 -0.023883839 -1.4369988 -0.83632716 0.0039704408 -0.54821636 -18.868378
-0.54715542 0.03208304 0.83641591 75.62605 0.023838473 0.9994571 -0.022742599 -1.4748966 -0.83669154 0.0074951428 -0.54762318 -19.39845
-0.5465152 0.02924396 0.83693839 76.426881 0.023452226 0.99953259 -0.019611111 -1.5192124 -0.83712077 0.0089102987 -0.54694559 -19.91885
-0.54640713 0.023995032 0.83717586 77.22532 0.021292682 0.9996644 -0.01475497 -1.5484763 -0.83724902 0.0097634991 -0.54673468 -20.433497
-0.54550898 0.018094459 0.83790959 78.026522 0.019702798 0.99976748 -0.0087625185 -1.5809581 -0.83787339 0.011729132 -0.54573865 -20.947185
-0.54557451 0.011728877 0.83798021 78.830541 0.010966787 0.99991636 -0.0068554079 -1.6182525 -0.8379906 0.0054498152 -0.54565751 -21.447639
-0.54371236 0.0063502263 0.83924757 79.634387 0.00246237 0.99997914 -0.0059711482 -1.6383218 -0.83926805 -0.0011800483 -0.54371665 -21.946442
-0.54223602 0.0067665321 0.84019894 80.433653 0.0053552028 0.99997509 -0.0045972191 -1.6659237 -0.84020919 0.0020066588 -0.54225875 -22.454406
-0.53909639 0.010068172 0.84218386 81.216854 0.010546903 0.99993084 -0.0052027566 -1.6943477 -0.84217807 0.0060776448 -0.5391653 -22.960254
-0.53344017 0.013582432 0.84572871 82.002157 0.012204299 0.99989057 -0.0083604606 -1.7174293 -0.84574979 0.0058617216 -0.53354756 -23.451717
-0.5257511 0.015386308 0.85049925 82.795824 0.016989966 0.99982689 -0.007585133 -1.7455286 -0.8504688 0.010462063 -0.5259215 -23.944108
-0.51822683 0.018162798 0.85505029 83.588862 0.024562482 0.99967814 -0.0063481818 -1.7800905 -0.85489046 0.01771236 -0.51850616 -24.432872
-0.50786349 0.017460263 0.86126056 84.401852 0.022530193 0.99972178 -0.0069817928 -1.8047192 -0.86114292 0.01585857 -0.50811558 -24.905231
-0.49756018 0.014288438 0.86731173 85.211482 0.017998617 0.99981912 -0.0061459536 -1.8336567 -0.86724274 0.012552431 -0.49772736 -25.355543
-0.48570114 0.012332631 0.8740379 86.028744 0.020797647 0.99978045 -0.0025496397 -1.8501516 -0.87387752 0.01693957 -0.485851 -25.801141
-0.47463275 0.011004876 0.88011509 86.847856 0.020247706 0.99979374 -0.001582045 -1.8764292 -0.87995105 0.017069422 -0.47475768 -26.235029
-0.46337188 0.009959029 0.88610792 87.675542 0.019727873 0.99980496 -0.00092059252 -1.8968552 -0.88594434 0.017054449 -0.46347798 -26.655481
-0.4507356 0.011359824 0.89258518 88.502217 0.022641228 0.99974282 -0.0012902908 -1.9172934 -0.89237036 0.019627646 -0.45087688 -27.069482
-0.43857816 0.014887566 0.89856969 89.327722 0.022847568 0.99972431 -0.0054119528 -1.9435842 -0.89840261 0.018156569 -0.43879739 -27.463579
-0.42769545 0.024494947 0.90359091 90.151694 0.024868906 0.99957324 -0.015325713 -1.9720634 -0.90358077 0.015916581 -0.42812209 -27.852394
-0.41478848 0.0294022 0.90944266 90.980478 0.025004062 0.99946867 -0.020908608 -2.0013417 -0.90957429 0.014067112 -0.41530326 -28.21941
-0.40330966 0.025787825 0.91470008 91.829517 0.022703843 0.9995771 -0.018170152 -2.0293104 -0.9147819 0.01343901 -0.40372458 -28.58347
-0.39127273 0.023016202 0.91998687 92.674676 0.025360622 0.99957721 -0.014221453 -2.0637642 -0.9199253 0.017766973 -0.39169101 -28.93122
-0.38149092 0.02280938 0.92409109 93.514122 0.020971521 0.99965177 -0.01601681 -2.1036358 -0.9241347 0.013269329 -0.38183643 -29.259495
-0.37463019 0.027684204 0.92676088 94.3616 0.01728532 0.99958895 -0.022872373 -2.1387232 -0.92701322 0.0074506779 -0.37495474 -29.595697
-0.3692179 0.031582576 0.92880601 95.204465 0.0077060028 0.99949207 -0.03092286 -2.1785626 -0.92931095 -0.0042598909 -0.36927374 -29.911422
-0.36560292 0.033248528 0.93017685 96.049245 0.0035809329 0.99940463 -0.034315552 -2.2305856 -0.93076407 -0.0092149645 -0.36550431 -30.231049
-0.36258249 0.034079926 0.93132831 96.888251 0.0055117875 0.99939209 -0.034424734 -2.2705385 -0.93193542 -0.0073485212 -0.36254991 -30.555421
-0.35749143 0.033137032 0.93332831 97.746544 0.0025716408 0.99940146 -0.034497889 -2.3257404 -0.93391292 -0.0099325138 -0.35736267 -30.877527
-0.35234778 0.029422619 0.93540648 98.581568 0.000970676 0.99951663 -0.031073528 -2.3697116 -0.93586867 -0.010040712 -0.35220603 -31.185445
-0.34673889 0.025337837 0.93761936 99.4465 0.00076332138 0.99964235 -0.026731636 -2.417494 -0.93796142 -0.0085531925 -0.34663423 -31.495721
-0.34115911 0.022966233 0.93972493 100.29536 0.00060456962 0.99970665 -0.02421266 -2.4540088 -0.94000541 -0.0076922395 -0.34107291 -31.799395
-0.33558346 0.021620457 0.94176229 101.13407 -0.0043071911 0.99969091 -0.024485154 -2.5006736 -0.94200067 -0.012273162 -0.33538662 -32.078513
-0.32930059 0.020774217 0.94399655 101.99179 -0.016941876 0.999467 -0.027904882 -2.5373702 -0.94407318 -0.025182166 -0.32877312 -32.353544
-0.32239619 0.024325753 0.94629217 102.83907 -0.014466691 0.99942639 -0.030620357 -2.5867979 -0.94649431 -0.023561603 -0.32185935 -32.631134
-0.31573995 0.028304591 0.94842346 103.69589 -0.012445402 0.99934545 -0.033967499 -2.6333727 -0.94876418 -0.022528407 -0.31518102 -32.912213
-0.30865531 0.02650088 0.95080467 104.54973 -0.014568193 0.99936284 -0.032583498 -2.6753648 -0.95106243 -0.023908576 -0.30807257 -33.182781
-0.30195331 0.021472432 0.95308082 105.40482 -0.014523779 0.99952666 -0.027120228 -2.7181881 -0.95321212 -0.022031377 -0.30149852 -33.442219
-0.29477888 0.018959919 0.95537734 106.26259 -0.013869145 0.99961293 -0.024117078 -2.7564466 -0.95546488 -0.020359472 -0.29440183 -33.696635
-0.28850084 0.021847213 0.95723032 107.11627 -0.016780791 0.99947073 -0.027868863 -2.8022029 -0.95733262 -0.024103272 -0.28798154 -33.943452
-0.28203462 0.024811516 0.9590833 107.98101 -0.016900023 0.99938195 -0.030823778 -2.8455144 -0.95925541 -0.024901902 -0.281441 -34.191989
-0.27532433 0.025750301 0.96100643 108.83068 -0.017836199 0.99933231 -0.031887243 -2.8804249 -0.96118596 -0.025920036 -0.27468122 -34.419638
-0.26814076 0.024459484 0.96306915 109.70571 -0.019081684 0.99934668 -0.030693621 -2.9320766 -0.96319079 -0.026607192 -0.26749885 -34.654003
-0.26045222 0.024348919 0.96517962 110.55411 -0.015836713 0.99943971 -0.029486721 -2.9765337 -0.96535689 -0.022965154 -0.25992068 -34.878365
-0.25254681 0.025629461 0.96724514 111.4188 -0.011500271 0.99949901 -0.029486812 -3.02236 -0.96751637 -0.018570382 -0.25212554 -35.103608
-0.24602742 0.026212497 0.96890832 112.29936 -0.0098363037 0.99951525 -0.029538181 -3.0641846 -0.969213 -0.016797678 -0.24565033 -35.327939
-0.23926395 0.025209019 0.97062721 113.15403 -0.016389438 0.99941562 -0.029996776 -3.1067319 -0.97081627 -0.023085182 -0.23871097 -35.516809
-0.23322241 0.022990864 0.97215156 114.02157 -0.021332615 0.99935891 -0.028752067 -3.152859 -0.97218944 -0.027444161 -0.23258244 -35.710302
-0.22880073 0.023361587 0.97319288 114.9086 -0.017769311 0.99944521 -0.028169396 -3.1905275 -0.97331113 -0.023738145 -0.22825868 -35.916736
-0.22392125 0.023481086 0.97432429 115.75966 -0.016333117 0.99947892 -0.027841018 -3.2387815 -0.97447041 -0.022147948 -0.22342105 -36.103005
-0.21936443 0.025127423 0.97531932 116.64773 -0.015618594 0.99944975 -0.029261964 -3.2781504 -0.97551801 -0.02165215 -0.21885127 -36.299972
-0.21350283 0.024143914 0.97664402 117.50041 -0.0099492935 0.99958899 -0.026886143 -3.317291 -0.97689182 -0.015457185 -0.21317486 -36.484622
-0.20818915 0.023137524 0.97781483 118.37176 -0.002090833 0.99970735 -0.024100718 -3.3593388 -0.97808639 -0.0070619548 -0.20807985 -36.678462
-0.20333268 0.022168846 0.97885866 119.25953 0.00084914555 0.99974726 -0.022465534 -3.3994561 -0.97910938 -0.0037367829 -0.20330012 -36.867112
-0.19936546 0.023546472 0.97964223 120.11738 -0.0011192693 0.99970514 -0.02425648 -3.4375161 -0.97992461 -0.0059323869 -0.19928032 -37.026166
-0.19578504 0.025686882 0.98031032 120.9855 -0.0031799421 0.999635 -0.026828332 -3.4761779 -0.98064172 -0.0083699155 -0.1956319 -37.189554
-0.19366431 0.024923122 0.98075119 121.8732 -0.004814792 0.99964108 -0.02635391 -3.5153744 -0.98105608 -0.0098259241 -0.1934748 -37.362157
-0.19304506 0.023650455 0.98090478 122.72533 -0.0064436554 0.99965734 -0.025370725 -3.5586832 -0.98116877 -0.011218305 -0.19282652 -37.516918
-0.1919813 0.01924583 0.98120981 123.61052 -0.0065178796 0.99976064 -0.020884965 -3.5929314 -0.98137698 -0.01040493 -0.19180991 -37.690396
-0.19123372 0.014148684 0.98144251 124.4646 -0.0053665709 0.99986609 -0.015459955 -3.6305812 -0.9815299 -0.0082234449 -0.19113219 -37.845273
-0.19008784 0.012027417 0.98169337 125.32947 -0.0022708624 0.9999169 -0.012690398 -3.6652047 -0.9817645 -0.0046415802 -0.19004473 -38.009219
-0.18922818 0.01638518 0.98179638 126.1985 -0.005885238 0.99982388 -0.017820341 -3.6963709 -0.98191555 -0.0091502154 -0.18909842 -38.170415
-0.18883242 0.020396295 0.98179745 127.04137 -0.006340044 0.99973812 -0.021988403 -3.7347663 -0.9819889 -0.010376762 -0.18865366 -38.325393
-0.18899149 0.019606581 0.98178293 127.89192 -0.0077528836 0.9997397 -0.021457599 -3.7643299 -0.98194816 -0.011666952 -0.18879029 -38.480992
-0.18860569 0.018981487 0.9818694 128.75822 -0.0087492081 0.99974103 -0.021007601 -3.801829 -0.98201396 -0.012552732 -0.18839078 -38.64186
-0.18779539 0.019027072 0.98202382 129.59008 -0.0036787452 0.99979171 -0.020074828 -3.8389329 -0.98220132 -0.0073825748 -0.18768628 -38.801267
-0.18724519 0.021459166 0.98207875 130.44459 -0.006873743 0.99970826 -0.023154945 -3.8813771 -0.9822892 -0.011086208 -0.18704306 -38.956289
-0.1874294 0.022950887 0.98200988 131.27134 -0.015925759 0.9995246 -0.026399866 -3.9088922 -0.98214901 -0.020587363 -0.18697478 -39.094061
-0.1869533 0.024513199 0.98206287 132.10945 -0.018802211 0.99941621 -0.028525692 -3.9456289 -0.98218889 -0.023797925 -0.18638326 -39.237485
-0.18703441 0.027441301 0.98196997 132.94292 -0.020530038 0.99928225 -0.031835421 -3.9964741 -0.98213885 -0.0261142 -0.1863368 -39.389764
-0.18622556 0.028640797 0.98208944 133.76953 -0.016700693 0.99933834 -0.032310643 -4.0393539 -0.98236511 -0.022418641 -0.18562402 -39.541732
-0.18481801 0.029795735 0.98232094 134.59318 -0.01746436 0.99928289 -0.033596041 -4.0850305 -0.98261762 -0.02336476 -0.18416512 -39.686617
-0.18267089 0.029171315 0.98274122 135.41044 -0.011189351 0.99943331 -0.03174666 -4.1201466 -0.98311048 -0.016795427 -0.18224097 -39.843539
-0.17953588 0.026415142 0.98339668 136.24017 -0.0030754114 0.99961948 -0.027412373 -4.1690721 -0.98374666 -0.007945853 -0.17938632 -39.996786
-0.17747976 0.021553723 0.98388835 137.0498 0.001997709 0.99976597 -0.021541188 -4.2030993 -0.98412246 -0.0018576015 -0.17748128 -40.152685
-0.17340353 0.021302802 0.9846204 137.87313 0.0066162174 0.99976867 -0.020465346 -4.2353873 -0.98482868 0.0029657002 -0.17350437 -40.294542
-0.1686802 0.025616344 0.98533787 138.67301 0.0030645538 0.99967103 -0.025464348 -4.2852048 -0.98566611 -0.0012757096 -0.16870321 -40.422311
-0.16232472 0.028952249 0.98631251 139.47863 0.0043638505 0.99958074 -0.028623533 -4.3243158 -0.98672779 -0.00034218574 -0.16238301 -40.550928
-0.15441172 0.029437912 0.9875679 140.27396 -0.00015212899 0.9995553 -0.029819024 -4.3607946 -0.98800662 -0.0047546436 -0.15433857 -40.665129
-0.14453751 0.025695477 0.98916559 141.07747 0.0069800862 0.99966437 -0.024948267 -4.3922718 -0.98947474 0.0032985016 -0.14466836 -40.780088
-0.1323724 0.024071089 0.99090769 141.88755 0.015745528 0.99963 -0.022179572 -4.4317032 -0.99107503 0.012666403 -0.13270244 -40.88857
-0.11901166 0.026358409 0.99254288 142.66492 0.015452056 0.99957567 -0.024692382 -4.471229 -0.99277265 0.012398148 -0.11936846 -40.978047
-0.10464478 0.027539205 0.99412825 143.47555 0.014012512 0.99955812 -0.026214624 -4.5062135 -0.99441098 0.011187012 -0.10498444 -41.056835
-0.090740374 0.027878695 0.99548424 144.24468 0.018498822 0.9994828 -0.026304469 -4.5386297 -0.9957028 0.016028409 -0.091209167 -41.122919
-0.077347821 0.02903223 0.99658134 145.02436 0.021017799 0.99940129 -0.027483121 -4.5774485 -0.99678265 0.018820188 -0.077911707 -41.176416
-0.063332637 0.034801639 0.99738545 145.82197 0.01642808 0.99929274 -0.033825027 -4.6299663 -0.99785729 0.014242901 -0.06385957 -41.21598
-0.050504099 0.044263254 0.99774246 146.58001 0.010225762 0.99898795 -0.043800895 -4.6728329 -0.99867154 0.0079905536 -0.050905613 -41.236687
-0.037155585 0.052915661 0.99790747 147.33032 0.0039144945 0.99859709 -0.052806477 -4.7130367 -0.99930187 0.0019442486 -0.037310599 -41.244056
-0.023886598 0.053797137 0.9982661 148.10211 0.0014032555 0.99855188 -0.053778958 -4.7638787 -0.99971373 0.0001162269 -0.0239275 -41.252513
-0.012136374 0.049706468 0.99869009 148.87045 0.0014755522 0.99876349 -0.049692188 -4.8191464 -0.99992531 0.00087053726 -0.012194713 -41.246223
-0.00069755188 0.047014316 0.99889393 149.64856 0.0017830491 0.99889269 -0.047013011 -4.873887 -0.99999821 0.0017482838 -0.00078060984 -41.236678
0.0076566391 0.05274378 0.99857868 150.38775 -0.00493024 0.99859785 -0.052706988 -4.9362775 -0.99995858 -0.0045196734 0.0079059413 -41.209888
0.014614719 0.061658854 0.99799024 151.13915 -0.01116573 0.99804471 -0.061498705 -4.9830976 -0.9998309 -0.010244503 0.015274608 -41.191366
0.017848756 0.06497499 0.99772721 151.89305 -0.016889635 0.99776343 -0.064675201 -5.0382456 -0.99969808 -0.015696877 0.018906238 -41.164965
0.017534487 0.060671751 0.99800371 152.64369 -0.018918941 0.99799863 -0.060339044 -5.090879 -0.99966729 -0.017823158 0.018647238 -41.141901
0.016552975 0.05521048 0.99833748 153.41611 -0.011909606 0.99841437 -0.055017263 -5.1652746 -0.9997921 -0.010979106 0.017184261 -41.127295
0.013440484 0.052800058 0.99851461 154.15739 -0.01263634 0.99853408 -0.052630995 -5.2148701 -0.99982987 -0.011910183 0.01408798 -41.11133
0.010416527 0.052912758 0.99854477 154.9026 -0.011507511 0.9985392 -0.052792419 -5.2660325 -0.99987957 -0.01094085 0.011010204 -41.100753
0.006951612 0.05302338 0.99856903 155.64944 -0.01233033 0.99852183 -0.052935033 -5.3202356 -0.99989986 -0.011944701 0.0075951306 -41.094557
0.0023126019 0.051143711 0.99868858 156.39024 -0.010702427 0.99863536 -0.051116201 -5.3754231 -0.9999401 -0.01057018 0.0028568064 -41.088001
-0.0031246308 0.051594046 0.99866321 157.13199 -0.014259503 0.99856429 -0.051633549 -5.4254016 -0.99989349 -0.014401776 -0.0023844408 -41.08712
-0.0090215533 0.049750473 0.99872089 157.87564 -0.014292245 0.99865314 -0.0498762 -5.4749015 -0.9998572 -0.014723924 -0.0082983581 -41.087492
-0.014639834 0.046914994 0.99879156 158.61756 -0.010252039 0.9988391 -0.047067495 -5.5253479 -0.99984031 -0.01092871 -0.014141866 -41.100044
-0.019958597 0.046753839 0.99870699 159.3473 -0.012381734 0.99881784 -0.047006469 -5.5757318 -0.99972418 -0.013303907 -0.019356111 -41.110098
-0.02531503 0.048139799 0.99851972 160.06794 -0.012287692 0.99874942 -0.048462396 -5.6221436 -0.99960404 -0.013496329 -0.024691846 -41.123665
-0.02968224 0.050452007 0.99828527 160.79294 -0.015097807 0.9985888 -0.050916252 -5.6746295 -0.9994454 -0.016583226 -0.028878639 -41.138865
-0.032039356 0.05243793 0.99811004 161.51673 -0.014864906 0.99848732 -0.052934913 -5.7285373 -0.9993761 -0.016532812 -0.031211407 -41.158505
-0.03368215 0.054079475 0.99796836 162.22241 -0.013516386 0.998419 -0.054560081 -5.7829365 -0.99934124 -0.015326626 -0.032897942 -41.18102
-0.032718637 0.052456857 0.99808701 162.94215 -0.0089327511 0.99856648 -0.052774882 -5.8340048 -0.99942473 -0.010642384 -0.032203152 -41.20669
-0.029124945 0.048687726 0.99838928 163.64945 -0.004117232 0.99879873 -0.048827798 -5.8751022 -0.99956734 -0.0055327065 -0.028889501 -41.226006
-0.021659993 0.047952297 0.99861471 164.35554 -0.0028530421 0.99884205 -0.048025095 -5.9333093 -0.99976137 -0.0038893123 -0.021498103 -41.236322
-0.010887976 0.049337058 0.9987228 165.06649 -0.0017046069 0.99877967 -0.04935845 -5.984539 -0.99993931 -0.0022398426 -0.01079059 -41.239472
0.0031675629 0.049491951 0.99876946 165.74346 0.0009497173 0.99877391 -0.049495182 -6.0323296 -0.99999457 0.0011053286 0.0031166743 -41.230043
0.018467586 0.047357951 0.99870721 166.43733 -0.00057902597 0.99887794 -0.047355339 -6.0766733 -0.99982933 0.00029626223 0.018474284 -41.206835
0.034426594 0.042446212 0.99850541 167.13653 -0.0045657213 0.99909394 -0.042313811 -6.1212497 -0.99939684 -0.0031021762 0.034589197 -41.162528
0.051058684 0.035984385 0.99804712 167.80469 -0.0063311679 0.99934224 -0.035707186 -6.1611602 -0.99867563 -0.0044956412 0.051252922 -41.113307
0.068488065 0.028680889 0.99723954 168.48693 -0.0067061145 0.99957733 -0.028287563 -6.1968228 -0.99762944 -0.0047502413 0.068651453 -41.058406
0.08605908 0.021048904 0.99606762 169.17471 -0.0065903968 0.99976695 -0.020557675 -6.2279566 -0.99626828 -0.0047953054 0.086177743 -40.98502
0.10365622 0.014708237 0.99450439 169.82882 -0.0078866181 0.99987137 -0.013965597 -6.2598054 -0.99458196 -0.0063956546 0.10375888 -40.90113
0.12124294 0.012275621 0.99254691 170.49263 -0.0094450692 0.99989253 -0.011212722 -6.2906633 -0.99257797 -0.0080152102 0.12134585 -40.806102
0.13908271 0.01139101 0.99021521 171.12567 -0.007535559 0.99991706 -0.010444192 -6.3062311 -0.99025214 -0.0060092179 0.13915701 -40.704399
0.15712315 0.010647692 0.98752157 171.7687 -0.0091408228 0.99991472 -0.0093269342 -6.3282954 -0.98753676 -0.0075612817 0.15720708 -40.586312
0.17359064 0.010390737 0.98476304 172.41616 -0.015244662 0.99985288 -0.0078626805 -6.3452752 -0.98469994 -0.013647491 0.1737235 -40.454766
0.18755746 0.0068137829 0.98222996 173.03507 -0.017317565 0.99984345 -0.0036291677 -6.3617931 -0.982101 -0.016329153 0.1876461 -40.318568
0.20010911 0.0026040468 0.97977012 173.66316 -0.013735433 0.99990565 0.00014777398 -6.3825731 -0.97967738 -0.013487137 0.200126 -40.180779
0.21084518 0.00086266134 0.97751905 174.29395 -0.010175595 0.99994737 0.0013123628 -6.3980753 -0.97746655 -0.010223542 0.21084286 -40.043192
0.22063286 0.0042224327 0.97534775 174.89057 -0.013472975 0.99990841 -0.0012810453 -6.4146608 -0.97526391 -0.012858194 0.22066954 -39.889408
0.22955435 0.011348666 0.97322964 175.49422 -0.018190584 0.99980739 -0.0073679963 -6.4347476 -0.97312588 -0.01601226 0.22971658 -39.73392
0.23861274 0.021504685 0.97087663 176.07159 -0.018743646 0.99967053 -0.017535829 -6.4513574 -0.97093394 -0.014013495 0.2389372 -39.580168
0.24696443 0.02832101 0.96861056 176.6571 -0.014755209 0.99956684 -0.025464032 -6.4656313 -0.96891224 -0.0080033407 0.24727534 -39.427525
0.25342375 0.0266773 0.96698741 177.27279 -0.013210828 0.99962189 -0.024115387 -6.4824082 -0.9672652 -0.0066632915 0.25368035 -39.265802
0.2593648 0.019484862 0.96558281 177.86578 -0.016372755 0.99974149 -0.015776284 -6.5008319 -0.96564068 -0.011717438 0.25961677 -39.088201
0.26389506 0.0084959984 0.96451394 178.47655 -0.020045337 0.99979355 -0.0033222732 -6.5255254 -0.96434312 -0.018457275 0.26401088 -38.905104
0.26595133 -0.00085435884 0.96398604 179.09124 -0.017985244 0.99982115 0.005848016 -6.5462466 -0.96381871 -0.018892811 0.2658884 -38.733299
0.26690121 -0.0018866084 0.96372201 179.69363 -0.015019277 0.99986849 0.0061169338 -6.5664519 -0.96360689 -0.016107024 0.26683778 -38.565543
0.26783555 0.0013661903 0.96346364 180.30547 -0.013291081 0.99990908 0.0022769495 -6.5677274 -0.963373 -0.013415321 0.26782935 -38.401908
0.26988657 0.0010587383 0.9628915 180.89897 -0.010632683 0.9999417 0.0018807332 -6.5769971 -0.96283346 -0.010745704 0.26988209 -38.231318
0.27126058 -0.0010262007 0.96250536 181.51465 -0.011372354 0.99992621 0.0042711415 -6.5750319 -0.9624388 -0.012104543 0.27122889 -38.053987
0.27380137 -0.0051234623 0.96177257 182.12204 -0.011827556 0.99989226 0.0086936473 -6.5907877 -0.96171357 -0.013755751 0.27371127 -37.875578
0.27726876 -0.010725817 0.96073249 182.7429 -0.0098113489 0.99985394 0.013994146 -6.5999677 -0.96074234 -0.013306221 0.27712302 -37.690914
0.28152866 -0.013930547 0.95945165 183.36565 -0.008655099 0.99981707 0.017056261 -6.6058954 -0.95951383 -0.013105975 0.28135658 -37.502998
0.2874906 -0.015081985 0.95766467 183.97185 -0.0081666708 0.99980106 0.018197211 -6.6021174 -0.95774868 -0.013052458 0.28731023 -37.318945
0.29532838 -0.018245494 0.95522153 184.60627 -0.0066340038 0.99975436 0.021147159 -6.6026173 -0.95537281 -0.012582299 0.2951348 -37.118443
0.30505614 -0.020623369 0.952111 185.2119 -0.0035418495 0.99973401 0.022789723 -6.6057467 -0.95232782 -0.010324378 0.30490195 -36.913699
0.31593337 -0.018938291 0.94859231 185.83821 -0.0048630545 0.99975531 0.021579405 -6.6086985 -0.94876896 -0.01143071 0.31576396 -36.696213
0.3274055 -0.015069313 0.94476372 186.45195 -0.0058370556 0.99982148 0.017970321 -6.6084421 -0.94486594 -0.01139822 0.32725909 -36.469195
0.33881601 -0.011479114 0.94078258 187.05964 -0.0070784916 0.99986617 0.0147493 -6.6065779 -0.94082606 -0.01165662 0.33868941 -36.238828
0.35067859 -0.010660639 0.93643516 187.68598 -0.006577414 0.99988251 0.013846068 -6.6007638 -0.93647282 -0.011014841 0.35056727 -35.992479
0.36209988 -0.014080954 0.9320329 188.30614 -0.0054346813 0.99983701 0.017216727 -6.6058847 -0.9321235 -0.011299476 0.36196434 -35.736622
0.37310892 -0.015832882 0.9276524 188.92294 -0.0055172366 0.99979884 0.01928333 -6.6061591 -0.92777118 -0.01231286 0.37294651 -35.472668
0.38440541 -0.015694145 0.92303093 189.55557 -0.0091230709 0.99974208 0.020797846 -6.6105706 -0.92311935 -0.016415681 0.38416308 -35.199056
0.39381594 -0.017577556 0.9190212 190.16964 -0.010156484 0.99967289 0.023472355 -6.5986827 -0.91913324 -0.018577811 0.3935086 -34.921509
0.4009238 -0.016190005 0.9159683 190.81155 -0.014949406 0.99959508 0.02421156 -6.5979714 -0.91598946 -0.023400172 0.40051942 -34.627443
0.405391 -0.018393725 0.91395828 191.45483 -0.015847794 0.99950588 0.027144771 -6.5894564 -0.91400605 -0.025488468 0.40489919 -34.327897
0.40734321 -0.023682743 0.912968 192.09455 -0.0098809595 0.99949092 0.030335814 -6.5797139 -0.91322174 -0.021378087 0.40690183 -34.042901
0.40772898 -0.021455241 0.91285085 192.75041 -0.008963269 0.99958169 0.027497209 -6.5786562 -0.91305904 -0.019393536 0.40736611 -33.752903
0.40696765 -0.021635776 0.91318627 193.41475 -0.0058996989 0.99963634 0.026313245 -6.5718116 -0.91342356 -0.016096163 0.406692 -33.454286
0.40554369 -0.020547807 0.91384465 194.07996 -0.0032852777 0.99970809 0.02393638 -6.5675396 -0.9140698 -0.012709481 0.40535779 -33.16945
0.40583089 -0.021604839 0.91369276 194.75344 -0.00052039377 0.99971493 0.023870028 -6.5574236 -0.91394808 -0.010162674 0.40570395 -32.867847
0.40490687 -0.028142193 0.91392471 195.43274 0.0037607023 0.99956904 0.029113264 -6.5482939 -0.91435023 -0.0083511612 0.40483821 -32.566917
0.40414415 -0.031286279 0.91416005 196.11909 0.0039845542 0.9994656 0.032444237 -6.5434393 -0.91468667 -0.0094696279 0.40405284 -32.261938
0.40235582 -0.03375263 0.91486091 196.81205 0.0053277946 0.99938953 0.034528042 -6.5307491 -0.9154679 -0.0090183667 0.40229001 -31.961393
0.40025431 -0.033757892 0.91578208 197.49273 0.004062927 0.99937682 0.035063637 -6.5202407 -0.91639514 -0.010313615 0.40014203 -31.657469
0.39936494 -0.033832556 0.91616753 198.18308 0.0023822029 0.99935377 0.035866064 -6.5073174 -0.91678899 -0.012141151 0.39918745 -31.342956
0.39712164 -0.033103414 0.91716874 198.86423 0.0018591081 0.99937625 0.035265564 -6.5000599 -0.91776414 -0.012299602 0.39693547 -31.049784
0.39635816 -0.030103321 0.91760227 199.55366 0.0028342638 0.99949766 0.031565763 -6.493898 -0.91809163 -0.00991062 0.39624437 -30.744011
0.39569423 -0.023477557 0.91808214 200.24451 0.001475357 0.99968815 0.024928537 -6.4917739 -0.91838117 -0.0085095787 0.39560546 -30.450631
0.39424501 -0.020087219 0.91878578 200.92482 -0.0016615569 0.99974388 0.022570153 -6.4792974 -0.91900391 -0.010424784 0.39411066 -30.16121
0.39300398 -0.023649942 0.91923255 201.62388 -0.0012690761 0.9996543 0.0262616 -6.4737742 -0.91953594 -0.011487489 0.3928381 -29.85234
0.39186752 -0.02652951 0.91963904 202.3121 -0.0022821722 0.99955306 0.029807305 -6.4659663 -0.92001886 -0.013779289 0.39163184 -29.548304
0.38906915 -0.025873267 0.9208451 202.99315 -0.0065084286 0.99950335 0.030833248 -6.4632413 -0.9211856 -0.01798952 0.38870753 -29.255466
0.38469573 -0.025851187 0.92268133 203.68341 -0.0098895084 0.99943494 0.032124884 -6.4595985 -0.9229905 -0.02148317 0.3842227 -28.955741
0.37780914 -0.026823023 0.92549484 204.37033 -0.0099805038 0.99940422 0.033039371 -6.4500695 -0.92582974 -0.021719481 0.37731634 -28.680495
0.36916704 -0.027001001 0.9289707 205.06611 -0.0096396458 0.99941285 0.032879171 -6.4379142 -0.9293131 -0.021092854 0.36869 -28.396216
