1 0 0 0 0 1 0 0 0 0 1 0
0.9998678 0.00081844159 0.016238942 -0.0036623553 -0.00081163408 0.99999958 -0.000425798 -0.0046742748 -0.016239285 0.00041256166 0.99986805 0.11449214
0.99931478 0.0032510987 0.036870005 0.029441052 -0.0032576485 0.99999469 0.00011756394 0.00055086839 -0.03686943 -0.00023759288 0.99932006 0.27494317
0.99790098 0.0051891349 0.064550046 0.061541713 -0.0052905413 0.99998502 0.0014001359 -0.00052110802 -0.064541819 -0.0017387017 0.99791349 0.40299219
0.995189 0.0045875422 0.097866279 0.10940161 -0.0049437475 0.99998201 0.0033975244 0.0020167288 -0.09784894 -0.0038650051 0.99519377 0.60084387
0.99078942 0.0014402407 0.13540402 0.1671781 -0.0022177307 0.99998191 0.0055913349 -0.00035978312 -0.13539353 -0.0058401251 0.99077469 0.78807912
0.98456764 -0.0019598282 0.17499347 0.23892001 0.0009203962 0.99998145 0.0060207936 -0.0057023108 -0.17500204 -0.0057668152 0.98455118 0.96392492
0.97580281 -0.0019963288 0.21864331 0.32349087 0.00034827576 0.99997124 0.007575914 -0.0083247566 -0.21865216 -0.00731645 0.97577544 1.1906055
0.96407153 -0.0018942885 0.26563602 0.4104996 -0.00080048323 0.99994932 0.010035971 0.0033814904 -0.26564159 -0.0098880314 0.96402115 1.3898
0.95024804 -0.0059381511 0.31143761 0.56106595 0.0005920377 0.9998509 0.017257655 0.0078147302 -0.31149368 -0.016214671 0.95010988 1.6086411
0.9326944 -0.015467907 0.36033581 0.69862653 0.0068665591 0.9996604 0.025138365 0.00045167174 -0.36060231 -0.020972145 0.93248386 1.8456255
0.9117635 -0.021404985 0.41015746 0.8623298 0.0099025934 0.99949639 0.030147891 -0.0051351739 -0.41059625 -0.023426124 0.91151629 2.0733714
0.88629811 -0.022934908 0.46254689 1.0369887 0.0081871449 0.99939284 0.033866258 -0.00017653199 -0.46304281 -0.026228663 0.88594776 2.3024243
0.85843369 -0.025323589 0.51229903 1.2168678 0.0064487274 0.99923441 0.038587614 0.020379324 -0.51288404 -0.029821231 0.85793979 2.5162602
0.82592912 -0.030590791 0.56294339 1.4571119 0.0076245902 0.99904157 0.043102205 0.022890383 -0.56372243 -0.031307154 0.82537077 2.7505805
0.79099574 -0.036187103 0.61075053 1.6860795 0.0097083961 0.99886601 0.046609484 0.025685035 -0.61174465 -0.030938495 0.79045007 2.9580915
0.75248373 -0.040757925 0.65734846 1.9440399 0.011011633 0.99872237 0.049319014 0.034925139 -0.65851881 -0.029873275 0.75197114 3.1593886
0.7128221 -0.043916025 0.69996856 2.2363981 0.01204271 0.99865691 0.05039188 0.041844163 -0.70124152 -0.027490928 0.71239359 3.4000846
0.67100571 -0.045848737 0.74003323 2.5188573 0.011293239 0.9986025 0.051628541 0.061244712 -0.7413662 -0.026285673 0.67058576 3.5882587
0.62889545 -0.046330481 0.77610821 2.8474708 0.006776309 0.99851166 0.054116082 0.081309866 -0.77746038 -0.028774208 0.62827339 3.8082626
0.5863437 -0.047052283 0.80869469 3.194488 0.0037843471 0.99845987 0.055349551 0.10181803 -0.81005358 -0.029393479 0.58561871 4.0135204
0.54628866 -0.048063218 0.83621682 3.5814508 0.0018156244 0.99841788 0.056199923 0.11876061 -0.83759505 -0.029183125 0.54551163 4.225721
0.50760615 -0.05070904 0.86009565 4.0061594 0.00095987416 0.99829919 0.058290673 0.13122189 -0.86158873 -0.02876312 0.50679148 4.4342804
0.47046569 -0.050571458 0.88096793 4.4031124 -0.0023060017 0.99828256 0.058537316 0.15912498 -0.88241531 -0.029571312 0.46954107 4.6298008
0.43392582 -0.049853243 0.89956821 4.8755474 -0.0032129282 0.99837592 0.056878898 0.18250484 -0.90094291 -0.02757147 0.43306091 4.8084713
0.39961314 -0.048593926 0.91539494 5.3766068 -0.0022900344 0.99853792 0.054007295 0.20316476 -0.91668106 -0.02367831 0.39891759 5.0036589
0.37013754 -0.047000419 0.9277872 5.8845338 -6.899535e-05 0.99871792 0.050621196 0.22459942 -0.928977 -0.018800818 0.36965975 5.1791673
0.34522403 -0.045127413 0.9374347 6.4270172 0.00079521816 0.99885702 0.047791388 0.24877496 -0.93852001 -0.01575327 0.34486534 5.3524371
0.32448507 -0.044415393 0.94484741 7.0027417 0.0019792376 0.99892665 0.046277828 0.26901779 -0.94588879 -0.013146386 0.32422469 5.5409946
0.30954175 -0.044986834 0.94982104 7.5858336 0.0030160015 0.99892166 0.04632951 0.29744152 -0.95088111 -0.011476255 0.30934363 5.7329637
0.29688736 -0.046615838 0.95377397 8.1895409 0.0041069671 0.99886084 0.047541063 0.31895386 -0.95490371 -0.010197222 0.29674061 5.9132431
0.28749901 -0.048233136 0.95656563 8.841833 0.0030794507 0.99877256 0.049435806 0.3474932 -0.95777602 -0.011267048 0.28729465 6.120431
0.27633922 -0.0499106 0.95976325 9.4968287 0.00093035384 0.998664 0.051665685 0.37590183 -0.96105975 -0.013384335 0.27601647 6.2954815
0.26475002 -0.051817907 0.9629238 10.200691 0.00074050363 0.99856584 0.053532317 0.40853439 -0.96431683 -0.013459633 0.2644087 6.4796021
0.25625859 -0.053668683 0.96511716 10.917931 -0.00044677567 0.99845074 0.05564094 0.43042635 -0.9666082 -0.014689659 0.2558376 6.6704049
0.24606123 -0.055314416 0.96767459 11.643963 -0.00073578947 0.99835929 0.057255517 0.46165475 -0.96925405 -0.014800367 0.24561682 6.8519959
0.23482764 -0.056823476 0.97037467 12.408014 -0.0011752836 0.99827253 0.058741542 0.49563771 -0.97203636 -0.014934603 0.2343552 7.0381528
0.22508831 -0.059576823 0.97251518 13.15756 -0.002469747 0.99809074 0.061715218 0.53005213 -0.97433528 -0.01629324 0.22451142 7.2151659
0.21404277 -0.063382033 0.97476578 13.903399 -0.0044972647 0.99781818 0.065868491 0.5671467 -0.97681398 -0.018482454 0.21329072 7.3868854
0.2007486 -0.066848423 0.9773593 14.731113 -0.0041512661 0.9976021 0.069085633 0.60814564 -0.97963404 -0.017926122 0.19998972 7.5469754
0.18793227 -0.069319974 0.97973268 15.508825 -0.0055982025 0.99741449 0.071644879 0.65000616 -0.98216608 -0.018949126 0.1870583 7.7060853
0.17378951 -0.070028828 0.98228972 16.314249 -0.0061261489 0.99737223 0.072187937 0.68709139 -0.98476381 -0.018563158 0.17290382 7.8358223
0.15963137 -0.069225735 0.98474643 17.113424 -0.0076093916 0.99742229 0.071350335 0.72644832 -0.98714741 -0.018883073 0.15869312 7.9595467
0.14278177 -0.068290134 0.98739543 17.908535 -0.0084834561 0.99749578 0.070215437 0.76559531 -0.98971788 -0.01840201 0.14184487 8.0779161
0.12202853 -0.066881783 0.99027056 18.731402 -0.010883411 0.99757687 0.068716378 0.80569035 -0.99246696 -0.01916288 0.12100494 8.1742554
0.097939474 -0.065388808 0.99304183 19.537518 -0.01500697 0.99762862 0.067170906 0.84341187 -0.99507926 -0.021481231 0.096725933 8.2746562
0.067480581 -0.06506952 0.99559643 20.348008 -0.019254929 0.99760025 0.066505564 0.88254509 -0.99753481 -0.023657972 0.066065734 8.3218085
0.032884947 -0.064558133 0.99737192 21.245525 -0.022456883 0.99761203 0.065314113 0.92433298 -0.99920686 -0.024545715 0.031356642 8.3247891
-0.00027327794 -0.063941085 0.9979536 22.058055 -0.024053671 0.99766536 0.063916029 0.95302123 -0.99971067 -0.02398698 -0.0018106593 8.3106907
-0.035178515 -0.062847369 0.99740293 22.935977 -0.025193465 0.9977593 0.061981247 0.99052265 -0.99906348 -0.022947627 -0.036683035 8.2470428
-0.067828671 -0.060911844 0.9958358 23.772778 -0.027717729 0.99786434 0.059148004 1.0184348 -0.99731193 -0.023590376 -0.069372152 8.2174384
-0.10012256 -0.057591577 0.9933069 24.615837 -0.029719221 0.99805107 0.054871028 1.0576002 -0.99453121 -0.024026478 -0.10163901 8.126975
-0.13157686 -0.053335661 0.98987007 25.426048 -0.027289555 0.99836799 0.050166122 1.0796161 -0.99093032 -0.020412412 -0.13281763 7.9911845
-0.16471603 -0.047847907 0.98517974 26.271988 -0.022558095 0.99874416 0.044735124 1.1034167 -0.98608308 -0.014855186 -0.16558853 7.8841185
-0.19476359 -0.041450346 0.97997394 27.100896 -0.016833816 0.99910077 0.038913748 1.1156434 -0.98070579 -0.0089177188 -0.19528622 7.6531803
-0.22343519 -0.035773139 0.97406207 27.935683 -0.011026866 0.99935511 0.034172647 1.1283626 -0.97465645 -0.0031054793 -0.22368557 7.4720077
-0.25127038 -0.029207781 0.96747611 28.736019 -0.0010054177 0.99955194 0.029915015 1.1432541 -0.96791646 0.0065440407 -0.25118716 7.2229595
-0.27826474 -0.019035434 0.96031573 29.551667 0.0045351397 0.99976642 0.021131547 1.141081 -0.96049375 0.010235332 -0.27811341 6.9744618
-0.30314908 -0.0040240954 0.95293461 30.31121 0.0090346653 0.999934 0.0070966894 1.1275453 -0.95290036 0.010760801 -0.30309271 6.7087407
-0.32749803 0.013082595 0.94476125 31.101598 0.0089994676 0.99990197 -0.010726524 1.1091431 -0.94480904 0.0049894338 -0.32758366 6.4266166
-0.35316741 0.027891779 0.93514424 31.935598 0.0080450315 0.99960908 -0.026776223 1.0811648 -0.93552559 -0.0019332237 -0.35325374 6.134163
-0.37736142 0.038521499 0.92526449 32.670048 0.012267802 0.99925474 -0.03659861 1.0471871 -0.92598485 -0.0024599409 -0.37755276 5.8263545
-0.40198306 0.043622471 0.91460736 33.423113 0.016155335 0.99904692 -0.040549338 0.99620951 -0.91550461 -0.0015243583 -0.40230468 5.4905187
-0.42335184 0.042919433 0.9049481 34.177777 0.01865844 0.9990784 -0.038655026 0.94736081 -0.90577323 0.00052024417 -0.42376249 5.1253792
-0.44406498 0.039372428 0.89512906 34.918712 0.022636198 0.99920816 -0.032720765 0.90973472 -0.89570864 0.0057321733 -0.4446046 4.7459504
-0.46240945 0.038397521 0.88583467 35.634824 0.029043252 0.9991817 -0.028149977 0.86908206 -0.88619075 0.012710705 -0.46314626 4.3496273
-0.47557686 0.039061622 0.87880645 36.352299 0.034035368 0.99908266 -0.025989062 0.82793338 -0.87901554 0.017550705 -0.47647007 3.94321
-0.48746762 0.042150472 0.87212304 37.028639 0.03617713 0.9989514 -0.028059221 0.77544045 -0.87239131 0.017872948 -0.48848135 3.5671769
-0.49680957 0.044953109 0.86669453 37.745738 0.03796808 0.99882726 -0.030042285 0.7368419 -0.86702868 0.017981434 -0.49793373 3.1580158
-0.50752542 0.044210963 0.86050176 38.416657 0.031322979 0.99896932 -0.032850817 0.67991246 -0.86106729 0.010280855 -0.50838714 2.7528694
-0.51929884 0.042717689 0.85352437 39.123166 0.029625017 0.99904947 -0.031976647 0.64927083 -0.85407911 0.0086802389 -0.52007075 2.3469318
-0.52739404 0.044624362 0.84844807 39.802742 0.032378128 0.99894995 -0.032413853 0.61287942 -0.84900368 0.010376289 -0.5282851 1.9221027
-0.53431673 0.047610212 0.84394244 40.469447 0.0361183 0.9987866 -0.033478384 0.56888082 -0.84451238 0.012593707 -0.53538799 1.4730741
-0.53841967 0.050902735 0.84113798 41.169755 0.036783269 0.99864217 -0.036889051 0.52997498 -0.84187369 0.011078015 -0.53956096 1.0186835
-0.53776476 0.052290502 0.84147175 41.868391 0.035883468 0.99858994 -0.039121817 0.48243759 -0.84233099 0.0091565903 -0.53888285 0.57498829
-0.53465607 0.053233357 0.84339139 42.584751 0.038597076 0.99851074 -0.03855614 0.44140957 -0.8441879 0.011938168 -0.53591448 0.11596145
-0.52906242 0.052072175 0.8469837 43.351096 0.037150407 0.99857981 -0.038186494 0.39686563 -0.84776935 0.011262751 -0.53024555 -0.32066301
-0.52171494 0.050320536 0.85163449 44.096897 0.034518399 0.99868656 -0.037863284 0.3559022 -0.8524213 0.0096432195 -0.52276668 -0.80098002
-0.5141486 0.049957995 0.85624492 44.891454 0.032879535 0.99871646 -0.038527416 0.30859579 -0.85707072 0.0083441184 -0.51513126 -1.2608723
-0.50823544 0.04841675 0.85985609 45.685429 0.029808509 0.99880919 -0.03862199 0.257408 -0.86070219 0.0060019643 -0.50907346 -1.7274897
-0.50425997 0.046547199 0.86229646 46.483517 0.025956198 0.99891204 -0.038742923 0.21248722 -0.86316176 0.0028454337 -0.50491954 -2.1764745
-0.50271584 0.043604789 0.86335123 47.338083 0.021110581 0.9990484 -0.038166008 0.16450679 -0.86419395 -0.00096081033 -0.50315798 -2.6521175
-0.50309934 0.041355276 0.86323852 48.172877 0.018160021 0.99913976 -0.03728217 0.10858902 -0.86403781 -0.0030802047 -0.50341756 -3.1376006
-0.5038753 0.039797073 0.86285909 49.033039 0.016427095 0.9991989 -0.036492613 0.061343157 -0.86362023 -0.0042134575 -0.50412539 -3.6159649
-0.50414933 0.039526092 0.86271147 49.911575 0.016890377 0.9992123 -0.035909669 0.011997487 -0.86345135 -0.0035323126 -0.50441982 -4.1283831
-0.50443317 0.038410982 0.86259591 50.782749 0.016206272 0.99925523 -0.035019169 -0.043447256 -0.86329867 -0.0036853661 -0.50467999 -4.6212796
-0.50438849 0.03802131 0.86263931 51.662613 0.016831848 0.9992732 -0.034201879 -0.08535113 -0.86331281 -0.0027312193 -0.50466187 -5.1406278
-0.50506017 0.037664496 0.86226188 52.543227 0.016399394 0.99928578 -0.034044081 -0.14847166 -0.86292836 -0.0030537358 -0.50531712 -5.6574502
-0.50518756 0.0362177 0.86224924 53.440168 0.014745604 0.9993354 -0.033336455 -0.19563844 -0.86288363 -0.0041267757 -0.50538586 -6.1710101
-0.50512 0.035433938 0.86232138 54.349565 0.014137528 0.99936247 -0.032783832 -0.25446674 -0.86293336 -0.0043686761 -0.50529892 -6.680892
-0.5047929 0.034742154 0.86254104 55.231605 0.013349679 0.99938448 -0.032441291 -0.29636856 -0.86313729 -0.0048614865 -0.50494599 -7.177666
-0.50307986 0.03325997 0.86359965 56.124152 0.012815165 0.99943642 -0.03102615 -0.35291194 -0.86414495 -0.0045414588 -0.50322257 -7.700547
-0.50134518 0.030809531 0.86469863 57.000596 0.012944191 0.99952107 -0.028108367 -0.40834282 -0.86515058 -0.0028991698 -0.50150388 -8.2420133
-0.49882165 0.02966835 0.86619668 57.903007 0.013310322 0.99955831 -0.026571064 -0.46171336 -0.86660248 -0.0017248644 -0.49899622 -8.7308506
-0.49649961 0.029515362 0.86753496 58.800728 0.01365744 0.99956366 -0.026190955 -0.51235405 -0.86792953 -0.0011554916 -0.49668608 -9.2333076
-0.49459841 0.02974199 0.86861255 59.680279 0.014226804 0.99955745 -0.026124735 -0.56237464 -0.86900522 -0.00056367125 -0.49480266 -9.710767
-0.49362299 0.030372234 0.86914545 60.574633 0.01436028 0.99953839 -0.026773019 -0.61181536 -0.86955747 -0.00073460508 -0.49383128 -10.216852
-0.49432211 0.03153731 0.8687065 61.470799 0.013590716 0.99949991 -0.028552043 -0.66177874 -0.8691726 -0.0023075622 -0.49450352 -10.706825
-0.49702481 0.033126063 0.86710376 62.34592 0.011854746 0.99943702 -0.031386451 -0.7169249 -0.86765538 -0.0053205493 -0.4971377 -11.22493
-0.50117044 0.034110088 0.86467602 63.218733 0.011112436 0.99939411 -0.032983677 -0.77019272 -0.86527728 -0.0069217866 -0.50124584 -11.716521
-0.50677071 0.032361495 0.86147322 64.09101 0.010607835 0.9994536 -0.031304596 -0.82207034 -0.86201565 -0.0067258855 -0.5068371 -12.216437
-0.51245585 0.030693499 0.85816482 64.954452 0.01437314 0.99952758 -0.027166574 -0.87770306 -0.85859331 -0.0015871456 -0.51265492 -12.732475
-0.51728263 0.028230781 0.85534884 65.79912 0.011446485 0.99959461 -0.026069208 -0.92659852 -0.85573811 -0.0036944099 -0.51739607 -13.254969
-0.52204253 0.030678053 0.85236752 66.645211 0.012546273 0.99952101 -0.028290225 -0.97970753 -0.85282721 -0.0040746646 -0.52217738 -13.783053
-0.52744156 0.032976141 0.84895107 67.477162 0.012906227 0.99944214 -0.030803264 -1.0260354 -0.84949332 -0.0052901655 -0.52757292 -14.282992
-0.53216693 0.033150819 0.84599014 68.325365 0.011450559 0.99942355 -0.031960301 -1.0820332 -0.84656205 -0.0073211545 -0.53223976 -14.795379
-0.53632763 0.033567071 0.84334208 69.142906 0.010597371 0.99939788 -0.03303902 -1.1354444 -0.84394338 -0.0087825296 -0.53636042 -15.308507
-0.53946652 0.032734987 0.84137045 69.974977 0.010328151 0.99942607 -0.032262253 -1.1939519 -0.84194374 -0.0087146041 -0.539495 -15.835922
-0.54233134 0.026493965 0.83974682 70.794958 0.012370907 0.99964613 -0.02354931 -1.2435946 -0.84007365 -0.0023830978 -0.54246718 -16.355885
-0.5441855 0.018468263 0.83876159 71.612209 0.013239578 0.99982223 -0.013424783 -1.268831 -0.83886049 0.0037992784 -0.54433327 -16.890207
-0.54618219 0.015537438 0.83752227 72.441289 0.013460935 0.99986166 -0.0097706826 -1.3071987 -0.83755828 0.0059372612 -0.54631578 -17.407504
-0.54682282 0.020954051 0.83698607 73.249607 0.013560203 0.9997773 -0.016170346 -1.347501 -0.83713857 0.002507388 -0.54698518 -17.940127
-0.54854041 0.025863147 0.83572391 74.022991 0.013718797 0.99966533 -0.021932094 -1.3924091 -0.83601153 -0.0005655129 -0.54871164 -18.444195
-0.54871166 0.030699342 0.83544779 74.837734 0.019948443 0.99952181 -0.023626512 -1.4212382 -0.83577368 0.0037017414 -0.54906167 -18.976847
-0.5490024 0.031693737 0.83521962 75.633162 0.023489382 0.99947116 -0.022486599 -1.4659093 -0.83549068 0.0072735968 -0.54945654 -19.50798
-0.54867619 0.029571013 0.83551178 76.422557 0.023567063 0.99952419 -0.019899487 -1.507914 -0.83570275 0.0087721848 -0.54911203 -20.022851
-0.54773571 0.024152024 0.8363027 77.219847 0.021384892 0.99966082 -0.014863712 -1.5372821 -0.8363781 0.0097428575 -0.54806642 -20.538049
-0.54700105 0.018278143 0.83693231 78.009902 0.019747021 0.99976514 -0.0089280914 -1.5676095 -0.83689902 0.011643246 -0.54723353 -21.051749
-0.54663645 0.011461454 0.83729157 78.829817 0.010289474 0.99992277 -0.0069700528 -1.6120979 -0.83730686 0.0048052056 -0.54671216 -21.566342
-0.54487409 0.0063262071 0.83849398 79.603835 0.0022360695 0.99997895 -0.0060915123 -1.6276017 -0.83851493 -0.0014441757 -0.54487676 -22.052455
-0.54349642 0.0068578114 0.83938343 80.417973 0.0050729607 0.9999752 -0.0048851383 -1.6549404 -0.83939619 0.0016031048 -0.54351773 -22.564317
-0.54007185 0.010373012 0.84155495 81.205461 0.010576711 0.99992873 -0.005537473 -1.6870255 -0.84155249 0.0059102511 -0.54014307 -23.076292
-0.53510709 0.013034636 0.84468363 81.974179 0.01139454 0.99990136 -0.0082114183 -1.7123057 -0.84470742 0.005230794 -0.53520284 -23.558598
-0.52707143 0.015700995 0.84967589 82.772887 0.017122911 0.99982255 -0.0078538309 -1.7366502 -0.8496485 0.010409396 -0.52724675 -24.05111
-0.51883502 0.018369496 0.85467697 83.584567 0.024736482 0.99967307 -0.0064695048 -1.7715404 -0.85451647 0.017785097 -0.5191198 -24.554227
-0.50892114 0.018421981 0.86061597 84.375989 0.023913949 0.99968768 -0.0072574912 -1.7923058 -0.86048095 0.016887237 -0.50920273 -25.02873
-0.49799131 0.01513792 0.86704984 85.190071 0.018679152 0.9998029 -0.006727272 -1.8185961 -0.86698086 0.012845634 -0.49817592 -25.484834
-0.4870703 0.011901135 0.87328164 86.001282 0.02021588 0.99979288 -0.0023498885 -1.8459697 -0.8731288 0.016509597 -0.48721001 -25.92015
-0.47556685 0.010864561 0.87961245 86.833594 0.020108674 0.99979671 -0.0014771645 -1.8689125 -0.87944976 0.016985351 -0.47568865 -26.359413
-0.46416362 0.0099427672 0.88569363 87.663308 0.019688212 0.99980576 -0.00090582528 -1.8892162 -0.88553067 0.017017274 -0.46426922 -26.780679
-0.45203955 0.011899202 0.89191848 88.474974 0.023312976 0.99972706 -0.0015220748 -1.9062875 -0.89169323 0.020105237 -0.45219358 -27.187797
-0.43966531 0.01461065 0.8980428 89.299956 0.022316496 0.9997367 -0.0053394034 -1.9411941 -0.89788443 0.017693619 -0.4398756 -27.580722
-0.4282472 0.024414402 0.90333173 90.129988 0.02464002 0.99957877 -0.015334453 -1.9663224 -0.90332568 0.015691177 -0.42866838 -27.976131
-0.41539878 0.029430704 0.90916314 90.972675 0.025099789 0.99946675 -0.020885787 -1.9927136 -0.90929309 0.014143874 -0.41591597 -28.349129
-0.40406229 0.02507547 0.91438767 91.790348 0.0211919 0.99961251 -0.01804804 -2.0271025 -0.914486 0.012085081 -0.40443712 -28.706972
-0.39268833 0.022213185 0.91940327 92.636414 0.023817825 0.99961859 -0.013978339 -2.0652678 -0.91936318 0.016409057 -0.39306763 -29.05587
-0.38254139 0.022112091 0.92367368 93.480244 0.019616837 0.9996826 -0.015807335 -2.0982039 -0.92373012 0.012072597 -0.38285374 -29.382578
-0.37489979 0.026464753 0.92668748 94.346697 0.014735554 0.99963629 -0.022586655 -2.1427537 -0.92694826 0.005187522 -0.37515341 -29.72827
-0.36973151 0.031450677 0.92860616 95.190176 0.0074717377 0.99949527 -0.030876669 -2.1767999 -0.92910864 -0.0044777751 -0.36977989 -30.042406
-0.36705529 0.03390979 0.9295808 96.035718 0.0056052552 0.99939781 -0.034243317 -2.2177935 -0.93018228 -0.0073586524 -0.36702433 -30.371898
-0.36306502 0.033396624 0.93116507 96.884618 0.0034785958 0.99939907 -0.034487545 -2.2683798 -0.93175735 -0.0092820739 -0.36296302 -30.690478
-0.35788128 0.032856996 0.9331888 97.73705 0.0021256525 0.9994068 -0.034373293 -2.3209607 -0.93376472 -0.010317922 -0.35773883 -31.021992
-0.35281416 0.029486833 0.93522865 98.568012 0.0011326616 0.99951606 -0.031086454 -2.3600676 -0.93569277 -0.009908443 -0.35267682 -31.321074
-0.34722619 0.025878737 0.93742423 99.428141 0.00171605 0.99963503 -0.026960507 -2.4085871 -0.93777988 -0.0077527266 -0.34714387 -31.633261
-0.34109429 0.022197945 0.93976692 100.27416 -0.0012223026 0.99970983 -0.024057479 -2.4503244 -0.94002833 -0.0093545478 -0.34096819 -31.936293
-0.33562548 0.021340988 0.9417537 101.12499 -0.0054178089 0.99968307 -0.024584536 -2.4982276 -0.94197997 -0.013353438 -0.33540349 -32.216932
-0.32874306 0.020705625 0.94419235 101.98733 -0.01768225 0.99944945 -0.028073877 -2.534905 -0.94425389 -0.025924537 -0.32819595 -32.494993
-0.32247735 0.024080589 0.94627079 102.82195 -0.015258591 0.99941423 -0.030632914 -2.5800332 -0.94645423 -0.02431718 -0.32192102 -32.772812
-0.31579884 0.028051513 0.94841137 103.68175 -0.012949593 0.99934236 -0.033869828 -2.626991 -0.94873783 -0.022977593 -0.3152279 -33.051153
-0.30900265 0.026859375 0.95068179 104.53105 -0.013100028 0.9993861 -0.032493341 -2.6637264 -0.95097099 -0.022494486 -0.3084611 -33.319361
-0.30197259 0.021353379 0.95307739 105.40493 -0.014802257 0.99952356 -0.027083928 -2.7121902 -0.95320172 -0.0222863 -0.30151264 -33.582264
-0.294691 0.019068009 0.9554023 106.24031 -0.013842222 0.99961082 -0.024219918 -2.7483114 -0.95549238 -0.020362282 -0.29431237 -33.830731
-0.2886979 0.021755111 0.957173 107.09225 -0.016714178 0.99947493 -0.027757818 -2.7933709 -0.95727438 -0.024011984 -0.2881827 -34.077534
-0.28231321 0.024601913 0.95900674 107.96122 -0.017223504 0.99938 -0.030707898 -2.8403242 -0.9591677 -0.025186702 -0.28171444 -34.31984
-0.27544619 0.025694552 0.960973 108.79818 -0.018699246 0.99931039 -0.032079431 -2.8803088 -0.96113465 -0.026805627 -0.27477577 -34.549138
-0.26835 0.024460984 0.96301083 109.68275 -0.019499657 0.99933481 -0.030817353 -2.9281311 -0.96312414 -0.027048217 -0.26769452 -34.794616
-0.26040487 0.024435696 0.9651902 110.533 -0.016094104 0.99943092 -0.029644697 -2.9699188 -0.9653654 -0.023253494 -0.25986341 -35.024818
-0.25329857 0.025833065 0.96704313 111.39712 -0.010859604 0.99950447 -0.029544684 -3.0134018 -0.96732724 -0.017985331 -0.25289252 -35.232273
-0.24567947 0.026074843 0.96900032 112.28382 -0.010509324 0.99950775 -0.029560291 -3.062156 -0.96929419 -0.017445894 -0.24528451 -35.461658
-0.23956841 0.025071215 0.97055568 113.13336 -0.016990576 0.99940517 -0.03001034 -3.1024562 -0.97073085 -0.023679829 -0.23899994 -35.655321
-0.23337771 0.023202093 0.97210927 114.00189 -0.021014431 0.99936146 -0.028897549 -3.1452777 -0.9721591 -0.027172366 -0.23274111 -35.85473
-0.22885024 0.023256384 0.97318376 114.89193 -0.018783251 0.99942297 -0.028300425 -3.1862416 -0.97328045 -0.024756113 -0.22828136 -36.057408
-0.2243599 0.023371787 0.97422601 115.74248 -0.01688678 0.99946901 -0.027866318 -3.2313379 -0.97436007 -0.022703624 -0.2238461 -36.24296
-0.21950425 0.024844977 0.9752951 116.6284 -0.016342529 0.99944179 -0.029138218 -3.2736523 -0.9754747 -0.02233475 -0.21897569 -36.43949
-0.21389851 0.024078871 0.97655904 117.48156 -0.010525899 0.99958131 -0.026952044 -3.3094024 -0.97679922 -0.016044163 -0.21355551 -36.625673
-0.20859005 0.02332594 0.97772492 118.35372 -0.0014851699 0.99970683 -0.024167219 -3.3500067 -0.97800208 -0.0064931282 -0.20849425 -36.817536
-0.20349614 0.02228045 0.97882216 119.24185 0.0010651334 0.99974548 -0.022535276 -3.3921679 -0.97907521 -0.0035432645 -0.20346808 -37.005471
-0.199091 0.023758933 0.97969291 120.09699 -0.0011625512 0.99969963 -0.024480374 -3.4290682 -0.97998036 -0.0060127645 -0.19900358 -37.169072
-0.19549509 0.025699701 0.98036785 120.96558 -0.0034138707 0.99963269 -0.026885474 -3.4710551 -0.98069878 -0.0086028265 -0.19533555 -37.329578
-0.19407528 0.024704805 0.98067547 121.84877 -0.0059190989 0.99963515 -0.026353816 -3.510773 -0.98096882 -0.010919339 -0.19385825 -37.495305
-0.19305315 0.023577817 0.98090493 122.70148 -0.0074102851 0.99964769 -0.02548676 -3.5523515 -0.98116036 -0.012189084 -0.19281042 -37.653277
-0.19193291 0.019468248 0.98121489 123.59123 -0.0060985965 0.99976026 -0.021029136 -3.585761 -0.98138914 -0.010020216 -0.19176817 -37.829711
-0.19095576 0.013901024 0.98150017 124.44903 -0.0045273661 0.99987661 -0.01504211 -3.6254352 -0.98158825 -0.0073159874 -0.19086926 -37.992429
-0.19013589 0.011642943 0.9816887 125.30747 -0.0042658359 0.99991044 -0.012685271 -3.6599253 -0.98174856 -0.0065996475 -0.1900692 -38.147309
-0.1888147 0.016214546 0.98187882 126.18746 -0.0064352084 0.99982178 -0.017748337 -3.694284 -0.98199169 -0.0096697411 -0.1886767 -38.312103
-0.18894888 0.020204272 0.98177901 127.02657 -0.0066581489 0.99973897 -0.021855271 -3.7296812 -0.98196439 -0.010666359 -0.18876504 -38.468159
-0.1889637 0.019244946 0.98179543 127.87654 -0.0090226991 0.99973171 -0.021333104 -3.7580366 -0.98194266 -0.012889626 -0.18873937 -38.622831
-0.1887573 0.018443622 0.98185051 128.75033 -0.010845521 0.99972349 -0.02086437 -3.7974324 -0.98196392 -0.014586982 -0.18850508 -38.778699
-0.18795256 0.019028404 0.98199372 129.57685 -0.0045838516 0.99978443 -0.020250483 -3.8352381 -0.98216745 -0.008307443 -0.18782483 -38.942693
-0.18698927 0.021318476 0.98213057 130.43515 -0.0078970453 0.99969958 -0.023203364 -3.875866 -0.98233025 -0.012094709 -0.18676475 -39.097946
-0.18760341 0.022679756 0.98198295 131.2506 -0.01739807 0.99949983 -0.026408145 -3.9041856 -0.9820908 -0.022038866 -0.18711499 -39.232304
-0.18674433 0.023902225 0.98211769 132.09005 -0.021873221 0.99935499 -0.028480809 -3.9454841 -0.98216506 -0.026800707 -0.18610106 -39.378798
-0.18698594 0.02721119 0.98198561 132.937 -0.022547475 0.99923407 -0.031982553 -3.9944012 -0.98210384 -0.028121583 -0.18622918 -39.531258
-0.18631003 0.028387931 0.98208076 133.75333 -0.0184438 0.99930528 -0.032384783 -4.0371314 -0.98231791 -0.02414691 -0.18565702 -39.680752
-0.18465779 0.029672767 0.9823548 134.57715 -0.018794664 0.99925471 -0.03371616 -4.0809432 -0.98262319 -0.024688979 -0.18396248 -39.824279
-0.18265795 0.028789905 0.98275487 135.41429 -0.01465624 0.99938037 -0.032001004 -4.119747 -0.98306732 -0.020248728 -0.18212282 -39.984228
-0.1796304 0.025786256 0.98339611 136.22778 -0.0058346204 0.99961088 -0.027277204 -4.1691581 -0.98371691 -0.010637557 -0.17941005 -40.133661
-0.17707064 0.021440339 0.98396454 137.04029 0.0016942108 0.99976785 -0.021479804 -4.2017171 -0.98419673 -0.0021363985 -0.17706586 -40.294516
-0.17351533 0.020943183 0.98460842 137.85861 0.0038492189 0.99978064 -0.020587564 -4.2384814 -0.98482369 0.00021771631 -0.17355788 -40.430137
-0.16862145 0.025032386 0.98536293 138.66398 -0.00019758331 0.99967659 -0.025429824 -4.2870859 -0.98568091 -0.0044827044 -0.16856197 -40.557785
-0.16195893 0.02881586 0.98637664 139.48653 0.0025827594 0.9995825 -0.028777574 -4.3215049 -0.98679416 -0.0021132106 -0.16196573 -40.693413
-0.15421727 0.028938621 0.98761303 140.29604 -0.003010032 0.99955259 -0.029758488 -4.3641307 -0.98803242 -0.007562019 -0.15406117 -40.806854
-0.14413048 0.025635451 0.98922654 141.0642 0.0057881672 0.99966912 -0.025062729 -4.3908018 -0.98954181 0.0021135064 -0.14423117 -40.916414
-0.13213506 0.024332246 0.99093299 141.87867 0.015905679 0.999622 -0.022424675 -4.4256507 -0.99110414 0.012798377 -0.13247213 -41.026868
-0.11863607 0.02616876 0.99259286 142.65574 0.013452366 0.99960326 -0.024745736 -4.466804 -0.99284671 0.010416986 -0.11894104 -41.11636
-0.104763 0.027701263 0.9941113 143.46053 0.012859174 0.99956615 -0.026498117 -4.5060815 -0.99441412 0.010007429 -0.10507377 -41.190468
-0.090629961 0.02739343 0.99550777 144.23686 0.0149896 0.99954591 -0.026139909 -4.5395788 -0.99577186 0.012553205 -0.090999425 -41.263496
-0.076939213 0.028983939 0.99661437 145.01976 0.019904022 0.99942283 -0.027529012 -4.5747096 -0.99683713 0.017718575 -0.077471704 -41.315127
-0.062731125 0.035214291 0.99740898 145.83112 0.018171385 0.99925197 -0.034136485 -4.6236999 -0.99786507 0.015982884 -0.063324094 -41.357396
-0.050214458 0.043991848 0.99776908 146.58015 0.0090297555 0.99900861 -0.04359206 -4.6691805 -0.99869768 0.0068206602 -0.050561913 -41.376064
-0.036763406 0.052677027 0.99793462 147.32267 0.0009883437 0.99861115 -0.052676326 -4.715711 -0.99932355 -0.00095025798 -0.036764412 -41.382369
-0.023232253 0.053630463 0.99829051 148.09873 0.00099887086 0.99856082 -0.053621737 -4.7633406 -0.99972964 -0.0002485896 -0.023252389 -41.399522
-0.012138545 0.049606146 0.99869505 148.8547 -0.00065829565 0.99876806 -0.049617772 -4.8164781 -0.99992615 -0.0012597233 -0.012090937 -41.381206
-0.00068375115 0.046754516 0.99890613 149.64591 8.9487022e-05 0.99890641 -0.046754466 -4.868618 -0.9999998 5.7421563e-05 -0.00068718886 -41.374866
0.0082623636 0.052724211 0.99857489 150.38235 -0.0063075637 0.9985919 -0.052672918 -4.9347577 -0.99994601 -0.0058633712 0.0085832891 -41.351089
0.014743902 0.061425678 0.99800271 151.15886 -0.013589985 0.99803137 -0.061226669 -4.9841124 -0.99979899 -0.012660121 0.015549649 -41.328066
0.01821072 0.064927453 0.99772376 151.89383 -0.017104635 0.99776348 -0.064617838 -5.0367099 -0.99968789 -0.015888963 0.01928055 -41.306983
0.017938766 0.060484562 0.99800788 152.64863 -0.021316077 0.99796481 -0.060098802 -5.0933868 -0.99961188 -0.020195514 0.01919155 -41.281153
0.016876049 0.055174913 0.99833403 153.38976 -0.012895667 0.99840523 -0.054960855 -5.1595168 -0.99977447 -0.01194666 0.017560651 -41.269117
0.013506663 0.05258921 0.99852484 154.13852 -0.016295917 0.99849493 -0.052367204 -5.2117132 -0.99977602 -0.015564571 0.014343322 -41.24878
0.010498887 0.052652521 0.99855766 154.91163 -0.015087072 0.99850741 -0.052491243 -5.265529 -0.9998311 -0.014514211 0.011277588 -41.230947
0.0069572292 0.052973881 0.99857162 155.64709 -0.014353386 0.99849824 -0.052869984 -5.3175154 -0.99987282 -0.013965054 0.0077071341 -41.23069
0.0021729211 0.051039311 0.99869424 156.404 -0.014147197 0.99859826 -0.051003623 -5.3760259 -0.9998976 -0.014017897 0.0028919369 -41.223739
-0.0026907534 0.051529425 0.99866781 157.13829 -0.01562029 0.99854746 -0.051565299 -5.4229679 -0.99987442 -0.015738229 -0.001881942 -41.22266
-0.0087032226 0.049657728 0.99872833 157.88611 -0.015453609 0.99864025 -0.049788014 -5.4726156 -0.99984275 -0.015867273 -0.0079239987 -41.222743
-0.014684665 0.046853646 0.99879378 158.62054 -0.012384175 0.99881639 -0.047036782 -5.5206813 -0.99981552 -0.013059956 -0.014087042 -41.234356
-0.019624005 0.046777773 0.9987125 159.34772 -0.01418604 0.99879132 -0.047060209 -5.5726619 -0.99970683 -0.015091285 -0.018936696 -41.242867
-0.025297995 0.047848973 0.99853413 160.08324 -0.014382649 0.99873304 -0.04822289 -5.6190079 -0.99957653 -0.015581507 -0.02457775 -41.256687
-0.029141071 0.05032914 0.99830741 160.79215 -0.017360515 0.99855548 -0.050848406 -5.6720198 -0.99942458 -0.018812907 -0.028225238 -41.27016
-0.032153194 0.052559298 0.9981 161.51216 -0.018096 0.99842207 -0.053159208 -5.7281052 -0.99931916 -0.019770855 -0.031151347 -41.294904
-0.033978498 0.054137971 0.99795514 162.22975 -0.01634078 0.9983682 -0.05471675 -5.7826307 -0.99928901 -0.018166558 -0.033038397 -41.312767
-0.032504006 0.052355986 0.99809932 162.96155 -0.010729584 0.99855121 -0.052729107 -5.8307466 -0.99941405 -0.012423098 -0.031895158 -41.339124
-0.028893795 0.048640747 0.99839829 163.65237 -0.005901173 0.99878964 -0.048830593 -5.8712393 -0.99956511 -0.0073026215 -0.028571787 -41.357155
-0.021845056 0.048064641 0.99860528 164.34884 -0.0066495724 0.9988146 -0.048220177 -5.9304563 -0.9997393 -0.0076936699 -0.021499553 -41.369507
-0.010792877 0.049341633 0.9987236 165.05343 -0.0050766488 0.99876624 -0.049398599 -5.9822955 -0.99992891 -0.0056033213 -0.010529072 -41.368708
0.0036141858 0.049571561 0.99876399 165.73519 -0.0020744485 0.99876878 -0.04956429 -6.0300163 -0.99999136 -0.0018927491 0.003712568 -41.357653
0.01860399 0.0473683 0.99870419 166.44137 -0.0038074074 0.99887322 -0.047305391 -6.0763036 -0.99981972 -0.0029224039 0.018763376 -41.341414
0.034842278 0.042374157 0.99849405 167.13605 -0.0067492446 0.99908791 -0.042163844 -6.1170377 -0.99937008 -0.0052699954 0.03509649 -41.292578
0.052015888 0.035935042 0.99799947 167.80812 -0.0080115021 0.99933523 -0.035565577 -6.1535792 -0.99861416 -0.0061454991 0.052269201 -41.249286
0.068355508 0.028540974 0.99725265 168.48336 -0.008346522 0.99957209 -0.028035252 -6.1935503 -0.99762615 -0.0064072266 0.068564474 -41.190212
0.085828345 0.020651892 0.99609583 169.17565 -0.0082491436 0.9997656 -0.02001719 -6.2241498 -0.99627583 -0.0064988945 0.085978586 -41.111972
0.10387037 0.01474111 0.99448156 169.8207 -0.010009828 0.99985501 -0.013775266 -6.2576643 -0.99454051 -0.0085237464 0.10400286 -41.025977
0.12107786 0.012075428 0.99256952 170.49405 -0.010496408 0.99988568 -0.010884038 -6.2854965 -0.99258756 -0.0091005979 0.12119076 -40.936111
0.13943508 0.011238237 0.9901674 171.12427 -0.010306663 0.9998979 -0.0098972947 -6.3039112 -0.99017762 -0.0088252907 0.13953667 -40.833784
0.15685825 0.010755166 0.98756252 171.76724 -0.011800201 0.99988974 -0.0090151468 -6.3235235 -0.98755067 -0.010239335 0.15696786 -40.723106
0.17282288 0.010345423 0.98489854 172.4146 -0.017328884 0.999822 -0.007461432 -6.3408693 -0.98480051 -0.015777686 0.17297139 -40.584915
0.18773814 0.0067250828 0.98219605 173.03979 -0.019997419 0.99979546 -0.0030232543 -6.3552518 -0.98201557 -0.019073806 0.18783423 -40.447795
0.19981757 0.0024596354 0.97982999 173.66724 -0.014776142 0.9998907 0.00050331848 -6.37355 -0.97972174 -0.014578678 0.19983207 -40.314261
0.21077545 0.00092008992 0.97753403 174.28995 -0.013620568 0.99990524 0.0019957146 -6.3934073 -0.97743965 -0.013735216 0.21076801 -40.176577
0.22050911 0.0045286141 0.97537436 174.8817 -0.016092211 0.99987001 -0.0010042768 -6.4078843 -0.9752522 -0.015474478 0.22055332 -40.024856
0.22947206 0.011239968 0.97325031 175.49801 -0.019463951 0.99978635 -0.0069572373 -6.4272731 -0.97312065 -0.017346804 0.22964181 -39.867426
0.23921262 0.021172567 0.9707363 176.07298 -0.019075792 0.99967175 -0.017102941 -6.4404075 -0.97077985 -0.014426324 0.23953798 -39.708371
0.24698648 0.028369415 0.96860352 176.66594 -0.016055962 0.99955394 -0.025181773 -6.4580362 -0.96888594 -0.0093323033 0.2473318 -39.560049
0.25349242 0.026851371 0.96696459 177.26601 -0.016030484 0.99959401 -0.023555013 -6.4744898 -0.96720458 -0.0095298922 0.25381994 -39.393906
0.25962857 0.019459873 0.96551242 177.86423 -0.017534368 0.99972712 -0.015434436 -6.4928894 -0.96554939 -0.012922429 0.25989894 -39.215532
0.26359892 0.008619608 0.96459382 178.47668 -0.022122188 0.9997511 -0.0028883429 -6.5149408 -0.96437871 -0.020577561 0.26372399 -39.042272
0.26580231 -0.00064144479 0.9640273 179.09106 -0.021388832 0.99974969 0.0065625581 -6.5400241 -0.96379029 -0.022363761 0.26572206 -38.861355
0.26683367 -0.0016840111 0.96374108 179.69098 -0.017323577 0.99982852 0.0065434963 -6.5568446 -0.96358693 -0.018441468 0.26675874 -38.692924
0.26822738 0.0014959485 0.96335443 180.30302 -0.015514849 0.99987581 0.0027671485 -6.5583988 -0.96323073 -0.015688523 0.26821728 -38.523875
0.26951922 0.0011130876 0.96299433 180.90513 -0.012580275 0.99991807 0.002365154 -6.5695102 -0.96291287 -0.012752187 0.26951114 -38.359194
0.27161509 -0.00068863878 0.96240568 181.50977 -0.014321571 0.99988612 0.0047573652 -6.565448 -0.96229944 -0.015075333 0.2715743 -38.180021
0.27427644 -0.0049087517 0.96163832 182.12224 -0.014803657 0.99984693 0.0093260579 -6.5825377 -0.96153698 -0.016793681 0.27416179 -37.998457
0.27690453 -0.010431323 0.96084077 182.74791 -0.012664323 0.9998146 0.014504169 -6.5898069 -0.96081402 -0.016184667 0.27672108 -37.82473
0.28142045 -0.013729092 0.9594863 183.36154 -0.011197031 0.99978259 0.017589809 -6.5963738 -0.95951927 -0.015693529 0.28120553 -37.631114
0.28718187 -0.014895433 0.95776021 183.96699 -0.01057097 0.99976891 0.018718444 -6.5916671 -0.95781778 -0.015500051 0.28695805 -37.449787
0.29518403 -0.018391083 0.95526335 184.60321 -0.0085541067 0.99972378 0.021890339 -6.5920644 -0.95540216 -0.014633103 0.29494518 -37.245857
0.30469473 -0.020436655 0.95223074 185.2115 -0.0062075289 0.99970593 0.023441846 -6.5946715 -0.95242988 -0.013053606 0.30447826 -37.05059
0.31573513 -0.018510999 0.94866674 185.83473 -0.0077808413 0.99972555 0.022096909 -6.5958562 -0.9488155 -0.014358196 0.31550445 -36.825477
0.32771198 -0.014937777 0.94465954 186.44789 -0.008014792 0.99979507 0.01859004 -6.5926938 -0.94474372 -0.013663428 0.3275251 -36.602693
0.33894324 -0.010943856 0.94074313 187.05476 -0.010206049 0.99983073 0.015308403 -6.5922574 -0.9407515 -0.014789949 0.33877417 -36.365346
0.35049298 -0.010465746 0.93650684 187.68304 -0.0091286013 0.99985189 0.014590077 -6.5891569 -0.93652091 -0.013662716 0.35034553 -36.122749
0.36206034 -0.013371709 0.93205871 188.30715 -0.0088667347 0.99980247 0.017787893 -6.5920878 -0.93211253 -0.014704607 0.36187026 -35.868407
0.37274733 -0.015432194 0.92780451 188.91937 -0.0082718759 0.99976671 0.019952386 -6.5910388 -0.92789605 -0.015111882 0.37253272 -35.608764
0.38437902 -0.015705679 0.92304173 189.56346 -0.010789231 0.99971056 0.021503131 -6.5955315 -0.92311236 -0.018224262 0.38409831 -35.33496
0.39392479 -0.017576902 0.91897456 190.16971 -0.012353639 0.99962558 0.024414958 -6.5831915 -0.91905969 -0.020970336 0.39356015 -35.056679
0.40114808 -0.016147145 0.91587085 190.80555 -0.017005243 0.99954104 0.025070515 -6.5803879 -0.9158554 -0.025631596 0.40068938 -34.75442
0.40552099 -0.018551754 0.91389742 191.44515 -0.01726942 0.99946009 0.02795155 -6.5705279 -0.91392263 -0.027117418 0.40498166 -34.456004
0.40716025 -0.023324918 0.91305882 192.09585 -0.012773498 0.99943068 0.03122745 -6.5646259 -0.91326745 -0.024377531 0.4066305 -34.176283
0.40770009 -0.021386829 0.91286536 192.74544 -0.011261787 0.99953186 0.028446964 -6.5606807 -0.91304648 -0.021878325 0.40726837 -33.890103
0.40654908 -0.02172543 0.91337056 193.41395 -0.0077869735 0.99959852 0.027242497 -6.5508491 -0.9135958 -0.018187804 0.40621669 -33.588329
0.40581276 -0.020524714 0.91372571 194.07425 -0.0055040753 0.9996748 0.024899883 -6.5474031 -0.9139397 -0.015133905 0.40556782 -33.30471
0.40533112 -0.021607891 0.9139145 194.75818 -0.0020911305 0.99969609 0.024563484 -6.5339388 -0.91416759 -0.011867458 0.40516275 -33.007565
0.40444271 -0.027839593 0.91413948 195.4402 0.0013225751 0.99955334 0.029855677 -6.5284676 -0.91456242 -0.010865892 0.40429888 -32.701588
0.40383833 -0.031095439 0.91430171 196.11616 0.0016762516 0.99944563 0.033250803 -6.5208767 -0.91482887 -0.011895348 0.40366657 -32.402392
0.40252636 -0.033498017 0.91479524 196.8033 0.0027050333 0.9993694 0.035404694 -6.5085461 -0.91540444 -0.01177677 0.40236314 -32.09626
0.40010619 -0.033605453 0.91585241 197.49182 0.0015717031 0.99935118 0.035982655 -6.4960341 -0.91646748 -0.012957434 0.39989941 -31.794312
0.39890365 -0.033894101 0.91636619 198.17858 0.0011243232 0.99933399 0.036473443 -6.4806042 -0.91699219 -0.013519097 0.39867608 -31.479356
0.39671146 -0.032894961 0.91735373 198.86529 -6.4129286e-05 0.99935671 0.0358632 -6.474886 -0.9179434 -0.014286171 0.39645414 -31.175213
0.3962063 -0.029824071 0.91767697 199.55295 0.00044175505 0.99947838 0.032291851 -6.4707978 -0.91816145 -0.012388846 0.39601281 -30.874436
0.39538327 -0.023279054 0.91822115 200.23977 -0.0007458137 0.99967032 0.025665126 -6.4679753 -0.91851597 -0.010832383 0.39523556 -30.583568
0.39375074 -0.020449235 0.91898972 200.92304 -0.0025582033 0.99972427 0.023341818 -6.4536995 -0.91921373 -0.01154182 0.39358986 -30.286405
0.39282573 -0.023085521 0.91932308 201.62849 -0.003423838 0.99964121 0.026565426 -6.4453191 -0.9196066 -0.013583196 0.39260575 -29.977205
0.39146589 -0.026362696 0.91981487 202.30116 -0.0039342131 0.99953244 0.030321841 -6.4353911 -0.92018425 -0.015488714 0.39117914 -29.680217
0.38882 -0.025769791 0.92095323 202.98416 -0.0084322086 0.99946734 0.031526764 -6.4357786 -0.92127519 -0.020023906 0.38839559 -29.38698
0.38429846 -0.025658815 0.92285223 203.69018 -0.012098175 0.9993879 0.032824777 -6.4322801 -0.92312968 -0.023779339 0.38375281 -29.084535
0.37739414 -0.02648979 0.92567374 204.37022 -0.012409403 0.99935638 0.033657621 -6.4226687 -0.92596962 -0.024189247 0.37682252 -28.817393
0.36879637 -0.027014658 0.92911752 205.06349 -0.011417737 0.9993705 0.033589369 -6.4078192 -0.92944013 -0.022996057 0.36825576 -28.522597
