1 0 0 0 0 1 0 0 0 0 1 0
0.99987483 0.0012192433 0.015774571 0.010535291 -0.0012092438 0.99999906 -0.00064342787 -0.0056085686 -0.015775342 0.00062427205 0.99987537 0.10103282
0.9993395 0.0040237387 0.036116148 0.050825561 -0.0040120487 0.99999187 -0.00039615469 -0.0055974221 -0.036117451 0.00025099331 0.99934752 0.2603026
0.99798145 0.0055636482 0.063261961 0.056690889 -0.0056336703 0.9999837 0.00092852922 -0.0023246151 -0.063255769 -0.0012830519 0.99799652 0.41193407
0.9952203 0.0050608874 0.09752401 0.10821496 -0.0053621988 0.99998163 0.0028277582 -0.0013807878 -0.097507915 -0.0033371855 0.99522915 0.5833644
0.99083987 0.0017007108 0.1350313 0.18402238 -0.0024183274 0.99998381 0.0051505968 -0.00092891907 -0.13502037 -0.0054299666 0.99082795 0.78415198
0.98473982 -0.0012943688 0.17402817 0.24665229 0.00027533243 0.99998268 0.0058795973 -0.013069117 -0.17403278 -0.005741958 0.98472312 0.96629005
0.97599238 -0.0019951604 0.21779553 0.32758997 0.00050530994 0.99997609 0.0068960738 -0.010377656 -0.2178041 -0.0066204612 0.97597006 1.1791069
0.96426922 -0.0016632496 0.26491904 0.428916 -0.0010336576 0.99994906 0.010040384 -0.00044182631 -0.26492227 -0.009955469 0.96421838 1.3793539
0.95008932 -0.0055017863 0.31192949 0.55362651 0.00023476348 0.99985681 0.016920337 0.0021355039 -0.31197794 -0.016002602 0.94995457 1.6108148
0.932992 -0.01482023 0.35959181 0.70636026 0.0063863882 0.99967622 0.024630657 -0.0058485958 -0.35984044 -0.020683714 0.93278457 1.8532896
0.91189086 -0.020850372 0.40990281 0.84731561 0.0095125506 0.99951419 0.029679805 -0.008750567 -0.41032254 -0.023165522 0.91164619 2.0558956
0.88657528 -0.022643074 0.46202982 1.0491291 0.0080357236 0.99940443 0.033559122 -0.0034226151 -0.46251457 -0.026039944 0.88622921 2.2964819
0.85831874 -0.024843332 0.5125151 1.2097182 0.006027382 0.99924647 0.03834267 0.012201088 -0.51308151 -0.029821108 0.85782171 2.5009352
0.82659413 -0.030058293 0.56199522 1.4411598 0.0071730035 0.9990543 0.04288418 0.015195956 -0.56275281 -0.031416618 0.82602802 2.7618751
0.79092223 -0.035670951 0.61087607 1.6898102 0.0092920665 0.99888449 0.04629721 0.019418624 -0.61184615 -0.030941191 0.79037141 2.9556472
0.75250459 -0.040311629 0.6573521 1.9748984 0.010716276 0.99874229 0.04897966 0.033212497 -0.65849984 -0.029813052 0.75199014 3.1719394
0.71319284 -0.043502526 0.69961665 2.2449763 0.0119184 0.99868066 0.049948803 0.043825051 -0.70086658 -0.027284818 0.71277038 3.4073753
0.6715604 -0.045206123 0.73956947 2.5365604 0.01088571 0.99863132 0.051156571 0.055880279 -0.74086988 -0.026303988 0.67113334 3.5977099
0.62878756 -0.04560498 0.77623859 2.8886159 0.0066258297 0.9985566 0.053299224 0.080682663 -0.77754894 -0.028370664 0.62818214 3.8273264
0.58663458 -0.046624341 0.80850849 3.2113515 0.0035496872 0.99847983 0.055003868 0.093307881 -0.80984401 -0.029397219 0.5859083 4.023531
0.54606182 -0.04762603 0.83638998 3.5757512 0.0013429495 0.9984312 0.055976257 0.11442556 -0.83774384 -0.029443267 0.54526911 4.2005203
0.50786987 -0.050368484 0.85995997 3.9928742 0.00086225378 0.99831836 0.057963011 0.12709741 -0.86143341 -0.028696163 0.50705924 4.4057445
0.47015308 -0.050054597 0.88116432 4.4123 -0.0024809922 0.99831159 0.05803291 0.15200251 -0.88258144 -0.029470513 0.46923508 4.6134507
0.43382004 -0.049246878 0.89965263 4.8623397 -0.0032963644 0.9984117 0.056242472 0.17289818 -0.90099355 -0.027364694 0.43296867 4.8174312
0.39989801 -0.048018503 0.9153009 5.3762262 -0.0023614589 0.99856941 0.053418664 0.19328869 -0.91655664 -0.023523462 0.39921253 4.9746012
0.37083152 -0.046304131 0.92754506 5.8863388 -0.00041725878 0.99874785 0.050025476 0.21511422 -0.92870011 -0.018938049 0.37034786 5.1675411
0.34505349 -0.044714548 0.93751727 6.4296046 0.00030705328 0.99886987 0.047527727 0.24132695 -0.93858301 -0.01611174 0.34467727 5.3466334
0.32472029 -0.044165233 0.94477833 6.9916395 0.002138393 0.99894089 0.045962186 0.26389075 -0.94580772 -0.012904547 0.32447082 5.514417
0.3097358 -0.044561571 0.94977783 7.5835767 0.0031205121 0.99894343 0.045850674 0.28707955 -0.95081758 -0.011237801 0.30954759 5.721321
0.29692297 -0.045965324 0.95379445 8.1937659 0.0039773869 0.99889165 0.046900462 0.30597945 -0.95489319 -0.010132214 0.2967767 5.8936284
0.28609983 -0.048019668 0.95699578 8.8546384 0.0032735255 0.99878663 0.049137988 0.33922946 -0.95819427 -0.010925619 0.28590988 6.0896656
0.2752716 -0.049497322 0.96009139 9.5030499 0.00099746014 0.99868786 0.051201169 0.36438235 -0.96136602 -0.013136574 0.27495978 6.2831346
0.2658473 -0.051068568 0.96266149 10.193395 0.00059365052 0.99860433 0.052811371 0.39035704 -0.96401501 -0.013468275 0.26550658 6.4733418
0.25674739 -0.053278405 0.96500887 10.900785 -0.00049977999 0.99847194 0.05525888 0.42454764 -0.96647846 -0.014669865 0.25632844 6.6625018
0.24639633 -0.054783715 0.96761951 11.641558 -0.00058436871 0.99839252 0.056674795 0.45436802 -0.96916902 -0.014529907 0.24596823 6.8474708
0.2351637 -0.056066136 0.97033733 12.38882 -0.0011220539 0.99831858 0.057954825 0.47930665 -0.97195517 -0.014717642 0.23470538 7.0219972
0.22569199 -0.05911289 0.97240357 13.151152 -0.0023281713 0.99812179 0.061216673 0.5160538 -0.97419597 -0.016080034 0.22513047 7.1996838
0.21410747 -0.062671591 0.97479751 13.918852 -0.0044145143 0.99786739 0.065124414 0.5570871 -0.97680018 -0.01824688 0.21337419 7.3670707
0.20139026 -0.066164345 0.97727384 14.751816 -0.0044804098 0.99764334 0.068466714 0.59644567 -0.97950088 -0.018167116 0.20061921 7.5219139
0.18946375 -0.068605426 0.97948798 15.50452 -0.0053414881 0.99746926 0.070898084 0.63284533 -0.98187323 -0.01866454 0.18861781 7.707547
0.175166 -0.06959328 0.98207615 16.322298 -0.0055136926 0.99741362 0.071663584 0.67299267 -0.98452352 -0.017967888 0.17432923 7.8607999
0.16073206 -0.068723687 0.98460255 17.116085 -0.0071994194 0.99746478 0.070796723 0.71102802 -0.98697186 -0.018467869 0.15982979 7.9830284
0.14411955 -0.067707231 0.98724121 17.924559 -0.0085926171 0.99753326 0.069667451 0.75041307 -0.98952302 -0.018523427 0.14318227 8.0872123
0.12306281 -0.066172625 0.99019021 18.753502 -0.011007102 0.99762206 0.068037266 0.78470876 -0.99233788 -0.019271981 0.1220418 8.18316
0.099161217 -0.064588951 0.99297293 19.566241 -0.015511536 0.99766961 0.066443479 0.82686417 -0.99495052 -0.021991151 0.097928258 8.259044
0.067848591 -0.064191946 0.99562838 20.392045 -0.01915335 0.99766031 0.065628185 0.86785866 -0.99751181 -0.023522398 0.066460353 8.3299385
0.034956443 -0.063844919 0.99734738 21.245014 -0.021948671 0.99766759 0.064634704 0.90701993 -0.99914783 -0.024149848 0.033473597 8.3424155
0.0017402399 -0.063323777 0.99799148 22.083673 -0.023995033 0.99770304 0.063347316 0.93765185 -0.99971061 -0.024057078 0.00021678502 8.3487945
-0.032783407 -0.062103928 0.99753109 22.938551 -0.024811209 0.9978106 0.06130592 0.96776966 -0.99915451 -0.022740135 -0.034252506 8.3148521
-0.067199804 -0.060445331 0.99590686 23.770522 -0.027844537 0.99788804 0.058686739 1.0000191 -0.99735097 -0.023786828 -0.068740954 8.2484331
-0.099227595 -0.057155724 0.99342188 24.614048 -0.029004517 0.99809094 0.054527248 1.037698 -0.994642 -0.023403114 -0.10069594 8.1659272
-0.12994779 -0.052918502 0.99010763 25.442615 -0.026533728 0.99840273 0.049879403 1.0592693 -0.99116579 -0.019789528 -0.13114435 8.0453818
-0.16226476 -0.047171373 0.98561906 26.293081 -0.02278579 0.99876947 0.04404947 1.0799239 -0.98648418 -0.015310432 -0.16313993 7.8899932
-0.19358442 -0.040739461 0.98023736 27.122685 -0.015975328 0.99913589 0.038369975 1.0940488 -0.98095359 -0.0082317838 -0.19406797 7.6966949
-0.22160181 -0.035303612 0.97449793 27.929518 -0.0099241391 0.99937432 0.033948062 1.1085103 -0.97508678 -0.0021481 -0.22181352 7.4917594
-0.2499819 -0.028817876 0.96782152 28.742297 -0.0021731011 0.99957117 0.029201957 1.1201194 -0.96824811 0.0051967875 -0.24993732 7.2897514
-0.27817438 -0.018241346 0.96035732 29.547237 0.0051640586 0.99977681 0.020485899 1.1202547 -0.96051675 0.010657995 -0.27801809 6.9986971
-0.30285113 -0.0032675303 0.95303224 30.321402 0.0093496373 0.99993581 0.0063994367 1.1087184 -0.95299205 0.010848583 -0.30280114 6.752112
-0.32821485 0.013746477 0.94450303 31.09384 0.0097647842 0.99989005 -0.011159326 1.0872241 -0.94455267 0.0055602128 -0.32831299 6.4860174
-0.35397233 0.028281088 0.93482816 31.83682 0.008511933 0.99959872 -0.027017531 1.0575433 -0.9352172 -0.001606263 -0.35407102 6.1813462
-0.37744539 0.03894992 0.92521231 32.604345 0.01248285 0.99923827 -0.036973844 1.0204765 -0.92594775 -0.0024063199 -0.37764408 5.8556007
-0.40188522 0.044006924 0.91463194 33.362976 0.016134141 0.99902976 -0.040978399 0.97406509 -0.91554794 -0.0017118113 -0.40220531 5.517908
-0.42424895 0.043218044 0.90451366 34.105923 0.018661549 0.99906561 -0.038982846 0.9242327 -0.90535333 0.00034119558 -0.42465905 5.1649431
-0.4443177 0.039866801 0.89498176 34.852061 0.022764512 0.9991892 -0.033207157 0.88242315 -0.89558005 0.0056192959 -0.444865 4.7905883
-0.46277716 0.038580269 0.88563468 35.589037 0.030562196 0.99915296 -0.027555496 0.84733007 -0.88594769 0.014314888 -0.46356428 4.3921355
-0.47633613 0.039628329 0.87836975 36.276792 0.034388391 0.99905915 -0.026424647 0.80715551 -0.87859057 0.01761871 -0.47725072 3.9867511
-0.48769808 0.042408045 0.87198169 36.976555 0.036668638 0.99893308 -0.028073494 0.75009742 -0.87224197 0.018282993 -0.48873279 3.5963898
-0.49742554 0.045586889 0.86630803 37.67243 0.038632555 0.99879168 -0.030376015 0.7098669 -0.86664607 0.018357888 -0.49858563 3.1855789
-0.5079062 0.044613063 0.8602563 38.352093 0.031945484 0.99894652 -0.032944546 0.66000836 -0.86081986 0.010748566 -0.50879632 2.7918993
-0.51937724 0.042987845 0.8534631 39.049048 0.030496131 0.99903013 -0.031761368 0.6290135 -0.85400078 0.0095311921 -0.52018447 2.3955808
-0.52733344 0.044664389 0.84848363 39.72117 0.032588497 0.99894579 -0.03233097 0.58608782 -0.84903327 0.010601606 -0.52823306 1.9481397
-0.53505728 0.047765554 0.84346434 40.396757 0.03635659 0.9987773 -0.033497909 0.54228947 -0.84403315 0.012742188 -0.53613966 1.5126999
-0.5384301 0.051061003 0.84112171 41.112837 0.037263891 0.99862879 -0.036768742 0.5024353 -0.84184588 0.011546071 -0.53959454 1.0709856
-0.53817689 0.052844765 0.84117359 41.814757 0.03648635 0.99855761 -0.03938834 0.45814256 -0.84204183 0.0094934609 -0.53932875 0.62480577
-0.53540904 0.053485533 0.84289762 42.529157 0.038952306 0.99849462 -0.038616314 0.41671749 -0.84369422 0.012157284 -0.53668643 0.17254426
-0.52978666 0.052351051 0.84651368 43.278316 0.037429838 0.99856392 -0.038329022 0.37081981 -0.84730465 0.011378666 -0.53098533 -0.2869949
-0.52222643 0.05112004 0.8512733 44.046416 0.035076634 0.99864463 -0.038451584 0.32680542 -0.85208523 0.0097793692 -0.52331175 -0.75037491
-0.51510891 0.050348783 0.85564464 44.832895 0.033153431 0.99869656 -0.038807615 0.27940485 -0.85648335 0.0083774082 -0.51610673 -1.2028012
-0.50883652 0.048961263 0.85946968 45.627478 0.030190675 0.9987821 -0.039023499 0.23025331 -0.86033365 0.0060913892 -0.50969498 -1.6704827
-0.50448043 0.047171096 0.86213358 46.430151 0.026333591 0.9988826 -0.039244039 0.18248023 -0.86302149 0.0029052241 -0.50515891 -2.1264065
-0.50313951 0.043764204 0.86309632 47.265638 0.021025127 0.9990412 -0.038400893 0.13235526 -0.86394944 -0.0011742965 -0.50357725 -2.6008659
-0.50345141 0.041770912 0.86301321 48.128719 0.019091475 0.99912465 -0.037221582 0.083603473 -0.86381263 -0.0022630621 -0.50380818 -3.0714405
-0.50429964 0.040069836 0.86259853 48.958904 0.017013167 0.99918997 -0.036468464 0.037466212 -0.86336116 -0.0037155003 -0.50457286 -3.5655304
-0.50485409 0.039392882 0.86230533 49.828166 0.017078404 0.99921845 -0.035648615 -0.011246946 -0.86303577 -0.0032705493 -0.50513228 -4.0657469
-0.50446313 0.038817564 0.86256019 50.71793 0.016697029 0.99924068 -0.035203401 -0.067330989 -0.86327181 -0.003356625 -0.50472822 -4.5754959
-0.50510986 0.038273562 0.86220595 51.602511 0.017248667 0.99926435 -0.034252759 -0.11415303 -0.86288271 -0.0024295028 -0.50539844 -5.0890098
-0.50524841 0.037807512 0.86214533 52.499431 0.016805777 0.99928146 -0.033972523 -0.17252292 -0.86281033 -0.0026755402 -0.50552075 -5.6008116
-0.50519983 0.036283548 0.86223928 53.395222 0.014920296 0.99933367 -0.033310521 -0.22354042 -0.86287344 -0.0039636039 -0.50540457 -6.1137639
-0.50525343 0.035490838 0.86224086 54.28046 0.014662949 0.99936278 -0.032542782 -0.27603075 -0.86284647 -0.0037993576 -0.50545188 -6.6316076
-0.50495473 0.0350886 0.86243229 55.174904 0.013724614 0.99937345 -0.032624364 -0.32744361 -0.86303674 -0.0046372754 -0.50511992 -7.1388275
-0.50350192 0.033499037 0.86334441 56.076926 0.013020088 0.99942879 -0.031186004 -0.38429715 -0.86389603 -0.0044613919 -0.50365048 -7.6472977
-0.5013669 0.031196311 0.86467217 56.971026 0.013363435 0.99950979 -0.028312503 -0.43489629 -0.86513161 -0.0026399608 -0.50153802 -8.1666507
-0.49912193 0.030400657 0.86599829 57.851956 0.014385322 0.99953737 -0.026797469 -0.4883178 -0.86641239 -0.00091753981 -0.49932835 -8.667725
-0.49651497 0.029888631 0.86751339 58.745148 0.014237915 0.99955299 -0.026288853 -0.5380102 -0.86791142 -0.00070122628 -0.49671858 -9.1800986
-0.49521085 0.030045604 0.86825308 59.636006 0.014775547 0.99954852 -0.026161758 -0.59205745 -0.8686472 -0.00012667138 -0.49543121 -9.6613061
-0.49379514 0.030889864 0.86902941 60.516081 0.015029728 0.99952276 -0.026988172 -0.63864854 -0.86944841 -0.00026535184 -0.49402375 -10.162008
-0.49432294 0.031842449 0.8686949 61.400422 0.014126902 0.99949116 -0.028598065 -0.68510025 -0.86916358 -0.0018647115 -0.49452124 -10.666295
-0.49673029 0.034027968 0.8672376 62.288667 0.012926905 0.99941034 -0.031809871 -0.74497332 -0.86780872 -0.0045902277 -0.49687726 -11.16567
-0.50163105 0.034428376 0.86439627 63.159901 0.011753455 0.99938676 -0.032984136 -0.79807651 -0.86500186 -0.0063862235 -0.50172808 -11.658446
-0.50719709 0.032969586 0.86119919 64.03134 0.01166107 0.99943906 -0.031394166 -0.8440135 -0.86175123 -0.0058805247 -0.50729705 -12.167178
-0.51208446 0.031214668 0.85836769 64.898467 0.015052761 0.99951211 -0.027367238 -0.90735475 -0.85880323 -0.0010935329 -0.51230448 -12.684982
-0.51812386 0.029096291 0.85481051 65.749141 0.012221173 0.99957102 -0.026616106 -0.95459427 -0.85521831 -0.003343652 -0.51825719 -13.184875
-0.52292954 0.0310359 0.85181066 66.592256 0.012777116 0.99951003 -0.028573439 -1.010624 -0.85228018 -0.0040582112 -0.52306987 -13.704502
-0.52753103 0.033787634 0.84886356 67.42014 0.013693946 0.99941716 -0.031269994 -1.0551921 -0.84942542 -0.0048715994 -0.52768625 -14.222542
-0.53257214 0.033885292 0.845706 68.261644 0.012373521 0.99940319 -0.032251486 -1.1103648 -0.8462942 -0.0067118812 -0.53267358 -14.739968
-0.536029 0.034281239 0.8435032 69.094737 0.011232395 0.99937633 -0.033478199 -1.1591898 -0.84412487 -0.0084707237 -0.53607976 -15.268343
-0.53948912 0.033629851 0.84132067 69.911776 0.011199683 0.99940026 -0.032767022 -1.2175108 -0.84191812 -0.0082549264 -0.53954221 -15.786138
-0.54258093 0.02684776 0.83957434 70.734748 0.013046788 0.99963788 -0.023534663 -1.2659147 -0.83990224 -0.00181571 -0.54273473 -16.308781
-0.54419141 0.018855285 0.83874914 71.55659 0.01378485 0.99981341 -0.013532257 -1.3032754 -0.83884787 0.0041978935 -0.54434979 -16.843873
-0.54691744 0.015719102 0.83703892 72.38127 0.013978474 0.99985579 -0.0096432354 -1.3391523 -0.83706987 0.0064264743 -0.5470583 -17.35598
-0.54781104 0.021588645 0.83632346 73.175657 0.014255807 0.99976273 -0.016469744 -1.377142 -0.83648066 0.0029001591 -0.54798883 -17.880264
-0.54829087 0.026503492 0.83586759 73.972963 0.014235943 0.99964866 -0.022358495 -1.421666 -0.83616656 -0.00035959474 -0.54847553 -18.40385
-0.5491379 0.031764535 0.83512784 74.77357 0.020819591 0.99948726 -0.02432612 -1.457136 -0.83547242 0.0040286262 -0.54951767 -18.932118
-0.54875296 0.032598075 0.83534872 75.56399 0.023835156 0.99944332 -0.023343921 -1.5024524 -0.83564474 0.0071006223 -0.54922447 -19.460456
-0.54823521 0.029825777 0.83579215 76.362141 0.023866092 0.99951482 -0.020013437 -1.541096 -0.83598362 0.0089750224 -0.54868105 -19.981896
-0.5484387 0.024920126 0.83581931 77.156908 0.021938507 0.99964057 -0.015409122 -1.5735779 -0.83590296 0.0098856694 -0.54878828 -20.492402
-0.54770536 0.018694316 0.83646237 77.958665 0.020291232 0.99975309 -0.0090572901 -1.6014864 -0.83642523 0.012012127 -0.54794945 -21.008873
-0.54670382 0.012413148 0.83723401 78.763306 0.011301273 0.99990842 -0.0074454226 -1.6429361 -0.83724982 0.0053913701 -0.54679404 -21.518186
-0.5450676 0.0073048092 0.83836024 79.565709 0.0031281979 0.9999728 -0.0066791454 -1.663278 -0.8383863 -0.0010180282 -0.54507562 -22.017369
-0.54305008 0.0070451148 0.83967072 80.356945 0.00508697 0.99997406 -0.0051001558 -1.6928507 -0.83968494 0.0015017406 -0.54307183 -22.525968
-0.54062763 0.010446168 0.84119711 81.145775 0.011011037 0.99992511 -0.0053406194 -1.7168191 -0.84118998 0.0063751672 -0.54070217 -23.030215
-0.53434793 0.013986951 0.84514886 81.939517 0.0122572 0.99988617 -0.0087981529 -1.7501209 -0.84517579 0.0056578846 -0.53445855 -23.533072
-0.52701954 0.016425843 0.84969437 82.719028 0.017737685 0.99980801 -0.0083260313 -1.7742835 -0.84966807 0.010683631 -0.52720972 -24.017474
-0.51902869 0.019130514 0.85454267 83.523863 0.024958696 0.99966241 -0.0072199743 -1.8088939 -0.85439238 0.017580898 -0.51933095 -24.515304
-0.50913405 0.018737894 0.8604832 84.32535 0.023872709 0.99968578 -0.0076440731 -1.8294137 -0.86035613 0.016650209 -0.5094214 -24.982298
-0.49826851 0.015727625 0.86688008 85.146861 0.019210137 0.99979028 -0.0070973136 -1.8611212 -0.86680997 0.013116519 -0.49846614 -25.440003
-0.48688573 0.013329574 0.87336392 85.950302 0.021631317 0.9997609 -0.0031995901 -1.8791249 -0.87319782 0.017334178 -0.48705765 -25.884282
-0.47514574 0.012030129 0.87982483 86.777803 0.021242094 0.99977194 -0.0021984997 -1.9037205 -0.87965071 0.017644716 -0.47529292 -26.321313
-0.46424539 0.010829525 0.88564037 87.601562 0.020379225 0.99979113 -0.0015427268 -1.9253181 -0.88547217 0.017332462 -0.46436913 -26.738209
-0.45248035 0.012572242 0.89168571 88.415098 0.023718144 0.99971656 -0.0020597893 -1.9477612 -0.89145895 0.020217117 -0.45265029 -27.148361
-0.44010852 0.015848445 0.89780468 89.243715 0.024006516 0.99969452 -0.0058789298 -1.9765256 -0.89762367 0.018965796 -0.44035454 -27.54199
-0.42789945 0.025559882 0.90346482 90.090707 0.025885171 0.99953658 -0.016018096 -2.0023067 -0.90345564 0.016532208 -0.42836277 -27.940229
-0.41589923 0.030186051 0.90890954 90.907934 0.025566949 0.99944202 -0.021493814 -2.0351867 -0.90905128 0.014298784 -0.41643893 -28.305226
-0.40462958 0.025999755 0.91411096 91.74645 0.021700247 0.99958727 -0.018825353 -2.0720848 -0.91422321 0.012219141 -0.40502678 -28.665559
-0.39238702 0.023091014 0.91951028 92.592157 0.02432052 0.99959578 -0.014723732 -2.105682 -0.91947866 0.016585568 -0.39279 -29.017111
-0.3824139 0.023823187 0.92368392 93.443546 0.021205079 0.99963056 -0.017002859 -2.1419223 -0.92374781 0.013084662 -0.38277779 -29.352914
-0.37611342 0.02796548 0.92615148 94.279328 0.01635322 0.99958909 -0.023541853 -2.1837406 -0.92642935 0.0062911533 -0.3764162 -29.6888
-0.37058395 0.0323196 0.92823645 95.125861 0.0084707937 0.99947044 -0.031418012 -2.2164657 -0.92876039 -0.0037801106 -0.37066148 -30.010881
-0.36698639 0.034376752 0.92959085 95.978028 0.0048857818 0.99937437 -0.035028559 -2.2666256 -0.93021352 -0.008313226 -0.36692475 -30.330944
-0.36393429 0.034909203 0.93077017 96.814974 0.0056066642 0.9993614 -0.03528954 -2.3134497 -0.93140779 -0.0076245572 -0.36389761 -30.654351
-0.35897402 0.033620403 0.93274179 97.674513 0.0021588627 0.99937826 -0.035191435 -2.3690672 -0.9333451 -0.010619149 -0.35882341 -30.979767
-0.35348608 0.030583665 0.93493965 98.507723 0.0022868182 0.99949066 -0.03183064 -2.4073249 -0.93543703 -0.0091136505 -0.35337598 -31.284111
-0.34798251 0.026165181 0.93713579 99.371179 0.0011135727 0.99962128 -0.0274963 -2.4552831 -0.9375004 -0.008524662 -0.34787986 -31.597059
-0.34226234 0.023980372 0.93929833 100.21374 0.001050139 0.9996834 -0.025139356 -2.4987749 -0.93960389 -0.0076178604 -0.34217916 -31.902064
-0.33660951 0.022787044 0.94136853 101.05476 -0.003347229 0.99967189 -0.025395234 -2.5429674 -0.94163842 -0.011699253 -0.33642279 -32.181529
-0.33024982 0.02206638 0.94363555 101.90617 -0.01578347 0.99945782 -0.028895586 -2.580503 -0.94376163 -0.024436605 -0.32972248 -32.455251
-0.32308832 0.026032348 0.94601067 102.76243 -0.012139632 0.99942534 -0.031648226 -2.6292414 -0.94629099 -0.021709393 -0.32258663 -32.735762
-0.31671905 0.029393375 0.94806381 103.60828 -0.011335618 0.99933106 -0.034769723 -2.6765491 -0.9484517 -0.021759123 -0.316174 -33.014408
-0.3098 0.027884181 0.95039274 104.45844 -0.012521792 0.99936353 -0.033402699 -2.7203533 -0.95071933 -0.022248776 -0.30925367 -33.285456
-0.30294812 0.022848939 0.95273306 105.31965 -0.012677176 0.99952747 -0.028002247 -2.7618178 -0.95292277 -0.020561193 -0.30251531 -33.543824
-0.29596656 0.019984435 0.95498918 106.17031 -0.012821705 0.99960792 -0.024891794 -2.8007645 -0.95511228 -0.019611728 -0.29559429 -33.796029
-0.28953292 0.022693184 0.95689897 107.02584 -0.015496178 0.99947675 -0.028391672 -2.8491741 -0.95704265 -0.0230486 -0.28902977 -34.045312
-0.28330507 0.025851618 0.95868131 107.89144 -0.016621033 0.99935413 -0.031860162 -2.8979808 -0.95888584 -0.024960419 -0.28269242 -34.298699
-0.27606184 0.026661142 0.96076999 108.74433 -0.01687424 0.99932669 -0.032579622 -2.9331258 -0.96099178 -0.025206254 -0.27542607 -34.529829
-0.26950934 0.025687655 0.96265507 109.61789 -0.017522303 0.99934786 -0.031572394 -2.9814162 -0.96283839 -0.025376988 -0.26888348 -34.766997
-0.26170059 0.025340727 0.96481634 110.46052 -0.015796235 0.9994089 -0.030533926 -3.0306623 -0.96501987 -0.023231212 -0.26114562 -34.984097
-0.25342161 0.026500813 0.96699282 111.33375 -0.010678698 0.99948714 -0.030189917 -3.0752011 -0.96729702 -0.017977002 -0.25300865 -35.2142
-0.2469398 0.02744309 0.96864211 112.21324 -0.0084143911 0.99950049 -0.030462467 -3.1172177 -0.96899433 -0.015672929 -0.24658554 -35.439599
-0.2403083 0.026679755 0.97032986 113.06182 -0.015111127 0.99939826 -0.03122137 -3.1605906 -0.97057903 -0.022165532 -0.23976054 -35.632129
-0.23456894 0.024421978 0.97179262 113.93375 -0.019459034 0.9993661 -0.029811896 -3.2038165 -0.97190475 -0.02590309 -0.23394502 -35.824268
-0.23024291 0.024782893 0.97281752 114.81695 -0.016068891 0.99944254 -0.0292643 -3.2430203 -0.97300055 -0.022369996 -0.22971633 -36.031221
-0.2253364 0.024832309 0.97396447 115.6676 -0.014229966 0.99948461 -0.028775217 -3.2873171 -0.97417714 -0.020343585 -0.2248669 -36.219445
-0.22033753 0.026251365 0.97507034 116.55794 -0.014379903 0.99944173 -0.030156942 -3.3324937 -0.97531773 -0.020666122 -0.21983703 -36.418736
-0.2147788 0.025534391 0.97632883 117.40927 -0.0079054339 0.99957997 -0.027881573 -3.3722041 -0.97663077 -0.013706673 -0.21448673 -36.604703
-0.20950665 0.024254187 0.97750633 118.27751 -0.00026731184 0.99969086 -0.024861928 -3.4159791 -0.97780723 -0.0054700374 -0.2094354 -36.798
-0.20474867 0.023575936 0.97853057 119.16761 0.0025862226 0.99971943 -0.023545298 -3.4593273 -0.9788112 -0.0022901699 -0.2047522 -36.987413
-0.20080893 0.024974357 0.97931199 120.02576 0.00048788509 0.99967741 -0.025393672 -3.4963873 -0.97963035 -0.0046214836 -0.20075633 -37.145769
-0.19687242 0.026963707 0.98005823 120.89061 -0.0022353974 0.99960681 -0.027950576 -3.5369204 -0.98042661 -0.0076935165 -0.19673474 -37.312839
-0.19511057 0.026072432 0.9804346 121.77825 -0.0044250003 0.99961303 -0.02746303 -3.5771765 -0.98077131 -0.0096967503 -0.1949197 -37.483235
-0.19406894 0.024991984 0.98066945 122.63245 -0.00486808 0.99963858 -0.026438769 -3.6216175 -0.98097586 -0.0099049204 -0.19387713 -37.641083
-0.19324333 0.020814237 0.98093002 123.51441 -0.0043207264 0.99974721 -0.022064699 -3.6608829 -0.98114139 -0.0085021854 -0.19310455 -37.815894
-0.19204972 0.015231582 0.98126695 124.37456 -0.0031560081 0.99986479 -0.016137945 -3.6966586 -0.98138016 -0.0061961735 -0.19197569 -37.973048
-0.19131683 0.013056479 0.98144145 125.23729 -0.0023300311 0.99990266 -0.013756278 -3.7308903 -0.98152561 -0.0049185957 -0.19126778 -38.139805
-0.19039953 0.017637783 0.98154819 126.10432 -0.004495233 0.99981244 -0.018837958 -3.7665476 -0.98169644 -0.0079990255 -0.19028453 -38.302704
-0.19027074 0.02146459 0.98149694 126.94476 -0.0047913346 0.99972874 -0.022792142 -3.8016022 -0.98172001 -0.0090393571 -0.19011628 -38.456777
-0.19027319 0.020874984 0.98150918 127.79713 -0.0066279141 0.99972381 -0.022547248 -3.8317636 -0.98170885 -0.010795495 -0.19008228 -38.615209
-0.18974761 0.020222449 0.98162458 128.66414 -0.0075068804 0.99972876 -0.022046488 -3.8704285 -0.98180424 -0.011552206 -0.18954434 -38.773912
-0.18895862 0.020307178 0.98177501 129.49778 -0.0029692902 0.99976977 -0.021250871 -3.9100657 -0.9819806 -0.0069307095 -0.18885482 -38.934888
-0.18834429 0.022687176 0.98184094 130.34921 -0.0059144495 0.99968881 -0.024234136 -3.9513726 -0.9820853 -0.010371409 -0.18815149 -39.091905
-0.18858424 0.024093018 0.98176139 131.17601 -0.016010558 0.99949072 -0.027603536 -3.9851356 -0.98192654 -0.020924139 -0.18810245 -39.228459
-0.18813116 0.02588995 0.98180257 132.01442 -0.017666734 0.99940155 -0.029739296 -4.019954 -0.98198505 -0.022940133 -0.18756119 -39.374783
-0.18804588 0.028804031 0.98173774 132.8454 -0.019029443 0.99927538 -0.032963555 -4.071175 -0.98197592 -0.024880583 -0.18736149 -39.529776
-0.18750995 0.029560074 0.98181777 133.6678 -0.017333016 0.99929187 -0.033396475 -4.1155603 -0.9821098 -0.023280034 -0.1868648 -39.682008
-0.18602151 0.030968814 0.98205746 134.49392 -0.017483712 0.99924057 -0.034822444 -4.1628829 -0.98239015 -0.023647732 -0.18533879 -39.827834
-0.18407248 0.030103999 0.98245152 135.31532 -0.011168182 0.99940229 -0.032715873 -4.1997745 -0.98284926 -0.016994288 -0.18362625 -39.987876
-0.18091717 0.027323824 0.98311866 136.14579 -0.0029881091 0.99959411 -0.028331608 -4.2454789 -0.98349384 -0.0080633396 -0.1807621 -40.140159
-0.17858613 0.022862499 0.98365859 136.95287 0.0037975062 0.99973858 -0.022546785 -4.2839348 -0.983917 -0.0002910927 -0.17862626 -40.293104
-0.17464106 0.022819148 0.98436767 137.77195 0.0075998677 0.99973288 -0.021827009 -4.314454 -0.98460288 0.0036691729 -0.17476783 -40.435684
-0.16995535 0.026651053 0.98509127 138.57013 0.0039394324 0.99964462 -0.026365123 -4.3685418 -0.98544393 -0.0006001924 -0.16999994 -40.56381
-0.16346231 0.030441664 0.98607976 139.38618 0.006237453 0.99953573 -0.029823085 -4.4055563 -0.9865299 0.0012756765 -0.1635763 -40.694742
-0.15539976 0.030519287 0.98738007 140.17702 0.00091782819 0.99952668 -0.030750277 -4.4441307 -0.98785128 -0.0038723397 -0.15535422 -40.811181
-0.14557064 0.027187026 0.9889742 140.9691 0.0096313008 0.99961393 -0.026061847 -4.4723914 -0.98930102 0.0057312693 -0.14577629 -40.927817
-0.13349942 0.025614655 0.99071778 141.79143 0.017136766 0.99957614 -0.023534501 -4.5165773 -0.99090076 0.013835857 -0.13388179 -41.037232
-0.12013605 0.027459661 0.99237756 142.5503 0.015644123 0.99954563 -0.025764145 -4.5589045 -0.99263421 0.012429675 -0.12051105 -41.125308
-0.10614895 0.028677937 0.99393656 143.36475 0.014451577 0.99952293 -0.02729574 -4.5966329 -0.99424526 0.011466537 -0.10651275 -41.202408
-0.092130583 0.029036274 0.99532345 144.13569 0.019202685 0.99944067 -0.027378916 -4.6245688 -0.9955618 0.016590449 -0.092636627 -41.275747
-0.078419202 0.03035659 0.99645814 144.91683 0.021042212 0.999364 -0.028789136 -4.6685252 -0.99669842 0.018710064 -0.079008099 -41.328837
-0.064108234 0.036258546 0.997284 145.72507 0.019972205 0.99918619 -0.035043833 -4.7149995 -0.99774312 0.017671363 -0.064780227 -41.373555
-0.051735938 0.045284819 0.9976335 146.46332 0.010639125 0.99893966 -0.044792377 -4.7608089 -0.99860417 0.0082965726 -0.052162873 -41.386155
-0.038430081 0.054102822 0.99779553 147.19946 0.0047844181 0.99853172 -0.053958466 -4.804534 -0.99924988 0.0027002438 -0.038632507 -41.397716
-0.025139048 0.054923774 0.99817399 147.96948 0.0031058788 0.99848907 -0.054862888 -4.8551684 -0.99967918 0.0017210075 -0.025271653 -41.405657
-0.013213514 0.051040325 0.99860913 148.75922 0.0027445764 0.99869445 -0.051008368 -4.9095381 -0.99990897 0.0020667601 -0.013336349 -41.402146
-0.0020522368 0.048315845 0.99882996 149.52424 0.0030364041 0.9988278 -0.0483095 -4.9656272 -0.99999333 0.0029337097 -0.0021965391 -41.394457
0.0065545065 0.054184728 0.99850937 150.26854 -0.0020039411 0.99852957 -0.054172667 -5.0289268 -0.99997655 -0.001645878 0.00665345 -41.369113
0.013335989 0.063006824 0.99792395 151.00762 -0.0089601457 0.9979802 -0.062890633 -5.0821667 -0.99987097 -0.0081028345 0.013873602 -41.34968
0.016341489 0.066492028 0.99765309 151.76822 -0.013750934 0.99770695 -0.066270376 -5.1327908 -0.99977195 -0.012635704 0.017218343 -41.325275
0.016665941 0.062056842 0.99793342 152.52767 -0.014672275 0.99797979 -0.06181469 -5.188102 -0.9997535 -0.013611753 0.017542786 -41.30506
0.015182087 0.056638133 0.99827929 153.29151 -0.010675847 0.99834667 -0.056479593 -5.2634594 -0.99982779 -0.0097999986 0.015761644 -41.288376
0.012660108 0.054295165 0.99844463 154.04225 -0.0091027643 0.99848957 -0.054182186 -5.3133902 -0.99987847 -0.0084026531 0.013135221 -41.277418
0.0094296583 0.054202807 0.99848538 154.79229 -0.0095477798 0.99848918 -0.054112842 -5.3682212 -0.99991 -0.0090230523 0.0099329267 -41.266491
0.0056362007 0.053983757 0.99852586 155.52458 -0.012654524 0.99846566 -0.053909071 -5.4249201 -0.99990409 -0.012332027 0.0063106901 -41.257867
0.0010353887 0.052589011 0.99861566 156.27566 -0.0093244864 0.99857333 -0.052577112 -5.4816271 -0.99995603 -0.0092571397 0.0015242755 -41.256796
-0.0040872839 0.052841434 0.99859451 157.01082 -0.013538533 0.99850844 -0.052892292 -5.5303261 -0.99990004 -0.01373569 -0.0033657936 -41.254943
-0.01018092 0.050992324 0.99864711 157.75117 -0.011981746 0.99862099 -0.051113139 -5.5817632 -0.99987643 -0.012485914 -0.0095559044 -41.25358
-0.01581951 0.048080853 0.99871812 158.48914 -0.0088097142 0.99879768 -0.048224226 -5.6320417 -0.99983609 -0.0095613042 -0.015376913 -41.267455
-0.021065221 0.048220943 0.9986145 159.22796 -0.011568254 0.99875755 -0.048471876 -5.6839234 -0.99971122 -0.012573297 -0.020481218 -41.281043
-0.026469962 0.049341788 0.99843109 159.96367 -0.01000886 0.99871795 -0.049621313 -5.7308802 -0.99959954 -0.01130663 -0.025942173 -41.294781
-0.030435256 0.051925712 0.99818702 160.68112 -0.012721525 0.99854869 -0.05233241 -5.7860975 -0.99945582 -0.01429121 -0.029730512 -41.308753
-0.03286582 0.05376389 0.99801262 161.3971 -0.013483329 0.99843739 -0.054230794 -5.8404167 -0.99936886 -0.015238871 -0.032089548 -41.328619
-0.034744898 0.055370598 0.99786111 162.10383 -0.011825133 0.99837134 -0.055810652 -5.894778 -0.99932629 -0.013738975 -0.034033547 -41.353226
-0.033720972 0.053912728 0.99797607 162.82027 -0.0059579291 0.99851541 -0.054143177 -5.9421547 -0.99941357 -0.0077716305 -0.033349704 -41.381918
-0.029983374 0.049906552 0.99830369 163.52585 -0.00080724314 0.99875123 -0.049953168 -5.9911126 -0.99955011 -0.0023036375 -0.029905647 -41.402007
-0.022568309 0.049375803 0.99852522 164.23884 -0.00014064704 0.99877948 -0.049391553 -6.045073 -0.99974534 -0.0012551226 -0.022533821 -41.413313
-0.012105597 0.050837257 0.99863354 164.93402 -0.00038939805 0.99870645 -0.050845687 -6.101968 -0.99992669 -0.0010043825 -0.012070143 -41.413698
0.0022545041 0.050928962 0.99869969 165.62909 0.0020207823 0.9987 -0.050933538 -6.1474427 -0.99999546 0.0021329854 0.0021486554 -41.407458
0.017567635 0.048957789 0.9986463 166.31973 0.00064099756 0.99879972 -0.048976585 -6.1935094 -0.99984551 0.0015005335 0.017515166 -41.384465
0.033394617 0.043608153 0.99849038 167.01076 -0.002137601 0.99904848 -0.043561034 -6.2412459 -0.99944 -0.00067966918 0.033456057 -41.341921
0.049962269 0.03721878 0.99805734 167.68407 -0.0050689779 0.99930199 -0.037011442 -6.2799751 -0.99873828 -0.0032099541 0.050116055 -41.293136
0.066732942 0.030238622 0.99731252 168.36153 -0.0056485495 0.99953609 -0.02992808 -6.3195336 -0.99775493 -0.0036361795 0.066872787 -41.240571
0.085122665 0.022220335 0.99612264 169.04936 -0.0042321183 0.99975034 -0.021939605 -6.3494381 -0.99636153 -0.0023481504 0.085195451 -41.165738
0.10207146 0.016133961 0.99464618 169.70497 -0.0064436913 0.99985822 -0.015557246 -6.3834381 -0.99475624 -0.0048212414 0.10216094 -41.084313
0.12021474 0.013448212 0.99265678 170.37175 -0.0058106821 0.99990065 -0.012842651 -6.4101034 -0.99273095 -0.0042241362 0.12028094 -40.98913
0.1382377 0.012825651 0.99031599 171.00536 -0.0053515135 0.99991122 -0.012202904 -6.4325837 -0.99038466 -0.0036127872 0.13829406 -40.887354
0.15588037 0.01206957 0.98770216 171.63794 -0.0069091145 0.99991421 -0.011128394 -6.45387 -0.98775182 -0.0050894484 0.15595038 -40.77542
0.17224903 0.011881487 0.98498174 172.29147 -0.012951098 0.99986814 -0.0097962279 -6.4701275 -0.98496834 -0.011069204 0.17238019 -40.642581
0.18652873 0.0083327036 0.98241413 172.9086 -0.016956255 0.99984239 -0.0052610818 -6.4898237 -0.98230321 -0.015676721 0.18664062 -40.502686
0.19880038 0.0040143799 0.98003174 173.53372 -0.013836866 0.99990344 -0.0012889558 -6.5112173 -0.97994236 -0.013304323 0.19883672 -40.37072
0.20964114 0.0023309775 0.97777558 174.1664 -0.010070302 0.99994927 -0.00022470312 -6.5289497 -0.97772658 -0.0097993875 0.20965398 -40.231225
0.21920067 0.0061098305 0.97566062 174.76436 -0.013073733 0.99990901 -0.0033244172 -6.547741 -0.97559224 -0.012026812 0.21926061 -40.081962
0.22831707 0.012810705 0.9735025 175.37615 -0.017211407 0.99981028 -0.0091202809 -6.5683111 -0.97343473 -0.014673032 0.22849424 -39.923986
0.23795938 0.0229193 0.97100461 175.95376 -0.016946068 0.99966735 -0.019442955 -6.5873381 -0.97112731 -0.011828076 0.23826861 -39.769176
0.24590302 0.02989983 0.96883313 176.53611 -0.014130588 0.99952848 -0.027260604 -6.6017222 -0.96919147 -0.0069867159 0.24620957 -39.620839
0.25208521 0.028314856 0.96729067 177.14936 -0.01411233 0.99957311 -0.025582029 -6.6207816 -0.96760218 -0.0072018729 0.25237718 -39.457191
0.25833509 0.020824553 0.96583086 177.74888 -0.015549799 0.99972775 -0.017396238 -6.6398385 -0.96593026 -0.010524416 0.25858857 -39.280327
0.26273245 0.0098930083 0.96481797 178.36079 -0.018733168 0.99981125 -0.0051505359 -6.6644019 -0.9646869 -0.016720884 0.26286818 -39.099606
0.26468647 0.00092300389 0.96433404 178.97388 -0.019050323 0.9998094 0.0042718962 -6.6868237 -0.96414638 -0.019501587 0.26465361 -38.927287
0.26585411 -0.00026770686 0.9640132 179.57046 -0.014739978 0.99988193 0.0043426368 -6.7068531 -0.96390062 -0.015364041 0.26581877 -38.765923
0.26691717 0.002730359 0.96371557 180.17719 -0.013159715 0.99991308 0.00081189133 -6.7098754 -0.96362966 -0.012898929 0.2669299 -38.600088
0.26861457 0.0024955349 0.96324447 180.78078 -0.0099845778 0.99995013 0.00019371304 -6.7215426 -0.96319603 -0.0096696228 0.26862609 -38.430713
0.27027792 0.00075339443 0.96278201 181.39265 -0.011400561 0.99993209 0.0024179688 -6.7218855 -0.96271489 -0.011629778 0.27026815 -38.251561
0.27287787 -0.0033835319 0.96204269 182.0018 -0.011658982 0.99990875 0.0068237112 -6.7375894 -0.96197807 -0.013078478 0.27281352 -38.075221
0.27629265 -0.0092345862 0.96102914 182.62568 -0.0096141269 0.99987724 0.012371909 -6.7494027 -0.9610255 -0.012657723 0.27616995 -37.889883
0.28026531 -0.012196615 0.95984505 183.24441 -0.0082516806 0.99985172 0.015114384 -6.7561029 -0.95988715 -0.012156372 0.28012311 -37.705211
0.2866196 -0.013562736 0.95794842 183.84876 -0.0075746588 0.99983646 0.01642214 -6.7505364 -0.95801457 -0.011963039 0.28646999 -37.513416
0.29406908 -0.016780979 0.9556368 184.48865 -0.0064525663 0.99978822 0.019541865 -6.7559826 -0.95576243 -0.011912968 0.29389852 -37.320458
0.30381766 -0.018801088 0.95254463 185.09332 -0.0033366331 0.99977814 0.020797603 -6.7580179 -0.9527244 -0.0094969705 0.30368752 -37.116863
0.31489771 -0.017219605 0.94896936 185.72669 -0.0047674944 0.9997941 0.019723853 -6.7614122 -0.94911368 -0.010735202 0.31475077 -36.898383
0.32642733 -0.013876903 0.94512039 186.33216 -0.0055288019 0.99984709 0.016589985 -6.7627176 -0.94520617 -0.010640807 0.32630069 -36.67034
0.3375997 -0.0097430323 0.94123931 186.94055 -0.006800983 0.99989508 0.012789542 -6.7630534 -0.94126525 -0.010719098 0.33749802 -36.441201
0.34955277 -0.009700789 0.93686642 187.56463 -0.0055403105 0.99990751 0.012420685 -6.7584484 -0.93690034 -0.0095322152 0.34946669 -36.198186
0.36086151 -0.012186237 0.93253975 188.19436 -0.0056643402 0.99986755 0.015257972 -6.7623693 -0.93260225 -0.010788236 0.36074468 -35.946102
0.37196087 -0.014510647 0.92813495 188.81159 -0.0047097806 0.99983544 0.017519126 -6.7642974 -0.9282365 -0.010887741 0.37183132 -35.685378
0.38314512 -0.01430731 0.92357731 189.44598 -0.0083464483 0.99978559 0.018950382 -6.7712989 -0.92365049 -0.014969336 0.38294355 -35.41068
0.39261902 -0.016323918 0.91955629 190.06259 -0.010066596 0.9997063 0.022044828 -6.7582119 -0.91964615 -0.01791202 0.39233938 -35.130196
0.39998981 -0.015086908 0.91639536 190.69626 -0.01459599 0.99963285 0.022828155 -6.7597748 -0.91640339 -0.022506727 0.39962275 -34.832585
0.40421494 -0.01717399 0.91450274 191.34326 -0.01484719 0.99956878 0.02533403 -6.7507857 -0.91454355 -0.023818189 0.40378565 -34.543141
0.40623529 -0.022021648 0.91350308 191.98234 -0.010118346 0.99953986 0.028595354 -6.7461376 -0.91371253 -0.020859582 0.40582554 -34.249433
0.406886 -0.020168708 0.91325623 192.63353 -0.0081459931 0.99963636 0.025705671 -6.7451153 -0.91344266 -0.017898656 0.40657374 -33.96313
0.40603094 -0.020171177 0.91363665 193.30336 -0.0054486157 0.99968517 0.024492376 -6.7400708 -0.91384313 -0.014922717 0.4057932 -33.666107
0.40463147 -0.019311447 0.91427587 193.96766 -0.0022693877 0.99975272 0.022121263 -6.7358322 -0.91447706 -0.011025805 0.40448758 -33.379344
0.40502737 -0.019969969 0.91408641 194.6372 -0.00013025597 0.99976017 0.021899392 -6.7326744 -0.91430459 -0.0089889179 0.40492763 -33.08254
0.40369197 -0.026929844 0.9144985 195.32541 0.0045531363 0.99961346 0.027426365 -6.718956 -0.91488367 -0.0069079665 0.40365854 -32.787803
0.40304802 -0.029524848 0.91470241 196.01406 0.0046718996 0.99953282 0.030204418 -6.7166056 -0.91516694 -0.0079004326 0.40299766 -32.48237
0.4013553 -0.032184913 0.91535675 196.69971 0.006013963 0.99945348 0.032504909 -6.7062681 -0.91590274 -0.0075410951 0.40132951 -32.178194
0.39961821 -0.032586589 0.91610225 197.38266 0.0047742984 0.99942839 0.033467951 -6.6965778 -0.91666928 -0.0090006565 0.39954536 -31.871763
0.39826232 -0.032572509 0.91669301 198.0722 0.0033224925 0.99941398 0.034068327 -6.6833892 -0.91726559 -0.010522425 0.39813716 -31.563312
0.39607844 -0.031745813 0.9176677 198.76355 0.0030113693 0.9994417 0.033274954 -6.6768605 -0.91821178 -0.010416055 0.39595291 -31.272497
0.39548345 -0.028773964 0.91802224 199.44789 0.0035460914 0.99954954 0.029801655 -6.6785128 -0.9184663 -0.0085306698 0.39540733 -30.965191
0.39442824 -0.022134648 0.91866008 200.13065 0.0025915087 0.99973267 0.022975383 -6.6753174 -0.91892313 -0.0066814235 0.39438016 -30.669958
0.39327934 -0.01920356 0.91921842 200.81194 0.00065630817 0.99978746 0.020605947 -6.6621409 -0.91941884 -0.0075006019 0.39320836 -30.3759
0.39217547 -0.022094803 0.919625 201.51071 -0.00036195603 0.99970772 0.024173218 -6.6567235 -0.9198904 -0.0098130064 0.39205285 -30.075224
0.3905429 -0.025504696 0.92023132 202.20186 -0.00078830418 0.99960651 0.028039175 -6.6500765 -0.92058443 -0.011675922 0.39036912 -29.77299
0.38788482 -0.024915111 0.92137101 202.8831 -0.0048876341 0.99956493 0.029087208 -6.6509324 -0.92169493 -0.01578581 0.38759429 -29.479663
0.38346596 -0.024527908 0.92322921 203.57768 -0.0084698408 0.99951183 0.030072521 -6.6487896 -0.92351621 -0.019351392 0.38307102 -29.184888
0.37661886 -0.025853786 0.92600742 204.25902 -0.0082649939 0.99947691 0.031266503 -6.6410295 -0.92633147 -0.019429 0.37620817 -28.908029
