7.776375081642382670e-01 -6.283515327287769736e-01 2.131331071209752875e-02 -6.595831919125213005e+01 6.273841750287182384e-01 7.777508321576305228e-01 3.863599360245965897e-02 2.571157720165301086e+01 -4.085343094097270561e-02 -1.667316393222618293e-02 9.990260270807961307e-01 -8.850622023276104589e-01 -4.809208017785018303e-24 -1.416202385148814181e-23 -3.430527606006730092e-24 9.999999999999997780e-01
7.495151991023395466e-01 -6.614069873991414994e-01 2.770854262085762840e-02 -6.555795218095163079e+01 6.606539172548057115e-01 7.500053037370736364e-01 3.206939323002475778e-02 2.609130725664229544e+01 -4.199247468845711262e-02 -5.730740428001934034e-03 9.991014916832454684e-01 -8.931524787855433800e-01 -4.809208017785018303e-24 -1.416202385148814181e-23 -3.430527606006730092e-24 9.999999999999997780e-01
7.211179810723457040e-01 -6.927170747295474662e-01 1.148528416204786830e-02 -6.520609700030770739e+01 6.923646626308060936e-01 7.211488648702765181e-01 2.398934422703860245e-02 2.648778140583841889e+01 -2.490042799380787902e-02 -9.347142582176354991e-03 9.996462372315889633e-01 -9.018033056219906252e-01 1.482730324907845024e-18 1.612982664599178298e-18 -4.705787993802254789e-22 9.999999999999995559e-01
6.909968131804781200e-01 -7.227192105860342775e-01 -1.415439240387081181e-02 -6.486987185756669305e+01 7.228539274515023427e-01 6.909247489121929098e-01 1.025626191956317997e-02 2.690133391765236226e+01 2.367222499578545188e-03 -1.731860244139008312e-02 9.998472194626114584e-01 -9.077281941363131157e-01 1.212614294977449337e-18 4.688094498971350135e-18 -3.028108576126206486e-20 9.999999999999993339e-01
6.563077856031522828e-01 -7.539550871109796937e-01 -2.849240558746585217e-02 -6.453043874256809431e+01 7.540051909231980654e-01 6.567734923173839112e-01 -1.116923677341680361e-02 2.732360128377012387e+01 2.713415960666758914e-02 -1.415296466119982631e-02 9.995316057903023133e-01 -9.273007199062769379e-01 3.137444876114224630e-18 8.036988392133822129e-18 -1.749327465406471149e-20 9.999999999999991118e-01
6.189101641155787537e-01 -7.849669940516807998e-01 -2.787520410495837944e-02 -6.419328867078063183e+01 7.842584376676915436e-01 6.195364021022825574e-01 -3.336689103276448132e-02 2.776748020244485105e+01 4.346161181389148614e-02 -1.210256015907790758e-03 9.990543646763756502e-01 -9.385663105057920896e-01 4.504964004347089814e-18 1.050034141780998133e-17 -4.941041243391741158e-20 9.999999999999987788e-01
5.860824748454506183e-01 -8.099455767850995969e-01 -2.225972428579300888e-02 -6.386810141967435328e+01 8.089868725872874089e-01 5.864811937666032371e-01 -3.974983445930928977e-02 2.825826642275266209e+01 4.525011227030452388e-02 5.288856619989717317e-03 9.989616886223312564e-01 -9.605843287959850985e-01 3.788990933467963700e-18 1.400161908351564041e-17 -7.646629825681980220e-20 9.999999999999986677e-01
5.573229703056218343e-01 -8.301428808863068332e-01 -1.593436799800433332e-02 -6.356575832380993063e+01 8.297981467709447667e-01 5.575507019546714904e-01 -2.392175506440362073e-02 2.876328028625583855e+01 2.874269272751163451e-02 1.098345527061132235e-04 9.995868374239147425e-01 -9.315950894186073583e-01 2.248178205130853900e-18 1.640737095902942241e-17 -1.273467295753278704e-19 9.999999999999984457e-01
5.286087193605082390e-01 -8.488287376990493183e-01 -7.911755321931611060e-03 -6.328450446990032674e+01 8.487893434169493379e-01 5.286632034476307362e-01 -8.477489151643638129e-03 2.927601711578166999e+01 1.137859032883278311e-02 -2.234138921135968812e-03 9.999327658924924700e-01 -8.754059818050313746e-01 -8.682878557991018597e-19 1.639822058292625968e-17 -1.365676839568890611e-19 9.999999999999980016e-01
4.987657177318006729e-01 -8.667140400040044268e-01 -6.287422000248502583e-03 -6.301061576403770204e+01 8.666994636095817217e-01 4.987984559046478306e-01 -5.669229754231616854e-03 2.979436281992174074e+01 8.049757409345270620e-03 -2.621687827748056011e-03 9.999641634371627674e-01 -8.681174046466110239e-01 -2.804279865834433315e-18 1.579726582200902385e-17 -2.004353547637899009e-19 9.999999999999975575e-01
4.712475158727755797e-01 -8.819905720088094814e-01 -4.290649286354334888e-03 -6.274907219568845562e+01 8.818707780828149989e-01 4.712559532512117233e-01 -1.489151734736716796e-02 3.031713806911931997e+01 1.515617192279045990e-02 3.233792332883528992e-03 9.998799093090107171e-01 -8.630561536163443570e-01 -5.932727594819062899e-18 1.405474162048339184e-17 -2.668063337444015612e-19 9.999999999999972244e-01
4.457719173717751837e-01 -8.951302441050096315e-01 -5.407751028102928542e-03 -6.249966734892663567e+01 8.948790401512324300e-01 4.457782443918132942e-01 -2.175454722508574079e-02 3.085443389399218361e+01 2.188381092740025388e-02 4.858283178673502775e-03 9.997487163801970222e-01 -8.588171460328570817e-01 -8.322393377253320767e-18 1.497823247253161030e-17 -3.171211935425285393e-19 9.999999999999970024e-01
4.227004425887240235e-01 -9.062512446656896259e-01 -5.746074935802016927e-03 -6.226120656182658308e+01 9.060097280749330739e-01 4.227225908333141491e-01 -2.125991140068272597e-02 3.140982302086697686e+01 2.169581685233515009e-02 3.780574168378938484e-03 9.997574699846311086e-01 -8.544891027822264506e-01 -1.104442696877519388e-17 1.568013133276376482e-17 -3.447414165908236608e-19 9.999999999999967804e-01
4.030573128467016542e-01 -9.151608544827681824e-01 -5.041129153837802836e-03 -6.202835853523475151e+01 9.150531090496394349e-01 4.030874344248097652e-01 -1.408289130201299637e-02 3.198824220493077064e+01 1.492012665476231091e-02 1.063311419958601692e-03 9.998881233365236598e-01 -8.477418001215470955e-01 -1.523154362678922886e-17 1.630453702192948289e-17 -3.443801401449598582e-19 9.999999999999963363e-01
3.858676657003279331e-01 -9.225514491158292030e-01 -2.228968649884115714e-03 -6.180156192851684693e+01 9.225365176976519921e-01 3.858741022373379792e-01 -5.248879578708490548e-03 3.257250035693028423e+01 5.702462738260691451e-03 -3.093206574635904869e-05 9.999837403487782383e-01 -8.429024002204186239e-01 -1.918798400824553010e-17 1.857804045461234888e-17 -3.677320087143446338e-19 9.999999999999957812e-01
3.696037743626812144e-01 -9.291883522344153157e-01 1.433892858466848585e-03 -6.157715643643094694e+01 9.291877218653232795e-01 3.696056270718027226e-01 1.363074321742893105e-03 3.316122102887960921e+01 -1.796527652101282064e-03 8.285582245007832702e-04 9.999980429879213872e-01 -8.396983275896447996e-01 -2.309002577763284279e-17 2.077901193299423835e-17 -4.277408377175703909e-19 9.999999999999953371e-01
3.554699310059674100e-01 -9.346859157253377681e-01 1.834964652384569019e-03 -6.136132279345557095e+01 9.346805946829365164e-01 3.554742012611487589e-01 3.205957099037218695e-03 3.375868607589656278e+01 -3.648845541039081979e-03 5.754845037056055676e-04 9.999931773486330222e-01 -8.410104281881731758e-01 -2.802054089199723190e-17 2.440708995398760961e-17 -5.219595962666462948e-19 9.999999999999948930e-01
3.425176860122070566e-01 -9.395113159314560924e-01 3.492929441531058112e-04 -6.115731830089255538e+01 9.395088925844697902e-01 3.425176108485415427e-01 2.174169573402112352e-03 3.435859920544695001e+01 -2.162295901683102591e-03 -4.165277041361105078e-04 9.999975754876198053e-01 -8.457429461041477969e-01 -3.271066719399555707e-17 2.908251889645958786e-17 -6.252850156513777083e-19 9.999999999999946709e-01
3.303486246040789331e-01 -9.438489167589267925e-01 -4.359880177932158596e-03 -6.096080516139816297e+01 9.438588924421761339e-01 3.303430061965946796e-01 1.972159945888857496e-03 3.497123953079869096e+01 -4.211651039678100390e-04 -4.766612001552895765e-03 9.999885509494577107e-01 -8.506793532780811962e-01 -3.809426267545069239e-17 3.408400885067258271e-17 -7.193667119136262620e-19 9.999999999999946709e-01
3.198779759271599965e-01 -9.474301424641796698e-01 -7.362449797285988175e-03 -6.076482965354945520e+01 9.474587366333171445e-01 3.198695548706460001e-01 2.325993139270722283e-03 3.559878517281631360e+01 1.513075281051845761e-04 -7.719651360879290110e-03 9.999701916001872970e-01 -8.572883367051048475e-01 -4.318613672273304311e-17 3.756089189234863529e-17 -7.878324614345469754e-19 9.999999999999945599e-01
3.118105337812044353e-01 -9.500978615892763379e-01 -9.393850463649523752e-03 -6.057045219412762549e+01 9.501441978844428204e-01 3.117998465384205775e-01 2.618954978753451276e-03 3.622710234568617693e+01 4.407376080585578425e-04 -9.742130263711288804e-03 9.999524471935176129e-01 -8.599170917294918226e-01 -4.748300507677581192e-17 3.836449105749942047e-17 -8.579251324024507337e-19 9.999999999999943379e-01
3.058323962586781408e-01 -9.520208434409728193e-01 -1.108418028455596983e-02 -6.037335883773912570e+01 9.520835861735339467e-01 3.058336130469093694e-01 1.626674415502975821e-03 3.686900754643377809e+01 1.841286955038313761e-03 -1.105055584954700403e-02 9.999372454698277624e-01 -8.581086689417929403e-01 -5.040412428187954306e-17 3.875360785297396796e-17 -9.409514053841501663e-19 9.999999999999938938e-01
3.012014177492923217e-01 -9.534754094144053393e-01 -1.274164776682016643e-02 -6.017304322866392852e+01 9.535579774704877609e-01 3.012047031964263932e-01 1.705982059438077708e-03 3.752046829638030800e+01 2.211232291262606956e-03 -1.266374408913551602e-02 9.999173666045725328e-01 -8.590022000861388118e-01 -5.393706606871846287e-17 3.852786217307332139e-17 -1.006744617179827888e-18 9.999999999999932276e-01
2.978726943778521319e-01 -9.545196795327315353e-01 -1.280778391347345106e-02 -5.997448269481288463e+01 9.546020620989384975e-01 2.978813232718845461e-01 1.272903095879318299e-03 3.817405276810391968e+01 2.600188565171621981e-03 -1.260550000957894566e-02 9.999171667638081518e-01 -8.646785793866563763e-01 -5.635891591521439906e-17 3.875979055135568775e-17 -1.081553840264934660e-18 9.999999999999925615e-01
2.956364006045693604e-01 -9.552271445137303640e-01 -1.184149575360203543e-02 -5.977040666612934672e+01 9.552913035824156518e-01 2.956653332534200929e-01 -7.321284066032137392e-04 3.883352926830217200e+01 4.200468715465839088e-03 -1.109563410792441425e-02 9.999296190064297374e-01 -8.671474664338889582e-01 -5.881384553962345626e-17 3.925824119213873344e-17 -1.149487027128368703e-18 9.999999999999917843e-01
2.947884562262444996e-01 -9.554988916843417668e-01 -1.102878350973716601e-02 -5.956652223550101866e+01 9.555488754039694888e-01 2.948263276918113851e-01 -1.945048591905495540e-03 3.950286536481618782e+01 5.110067514923270944e-03 -9.965163808119972821e-03 9.999372893938417439e-01 -8.650218456282472435e-01 -6.073921002564948808e-17 4.274420150876112563e-17 -1.207405533095711370e-18 9.999999999999911182e-01
2.944856329506641557e-01 -9.555955754250505807e-01 -1.073816621564338374e-02 -5.936043384092165809e+01 9.556446756410519328e-01 2.945180567740353084e-01 -1.538880441915655177e-03 4.018080721341075190e+01 4.633131188552535099e-03 -9.808693189165704207e-03 9.999411600856057403e-01 -8.634745694028791441e-01 -6.350346476442419474e-17 4.744850066876426327e-17 -1.268702249152436651e-18 9.999999999999904521e-01
2.934301899061053098e-01 -9.559029148139680521e-01 -1.217953618932435603e-02 -5.915280495276281414e+01 9.559756275334444497e-01 2.934455706144179499e-01 5.446548264604953024e-04 4.087096795525405213e+01 3.053393810716302850e-03 -1.180315792082829891e-02 9.999256783628334144e-01 -8.644157425895301339e-01 -6.607607984711773021e-17 5.292602454753956362e-17 -1.327775458403539145e-18 9.999999999999898970e-01
2.928813011937894673e-01 -9.560897869844173780e-01 -1.062368274577756184e-02 -5.894432838984745615e+01 9.561485357875274538e-01 2.928547516854158039e-01 4.008980757024339578e-03 4.156659449243119298e+01 -7.217495855062924749e-04 -1.133197420263654456e-02 9.999355306409755118e-01 -8.659363706540453842e-01 -6.790425638213126981e-17 5.543997679363596678e-17 -1.420765527769322765e-18 9.999999999999891198e-01
2.923685239024366167e-01 -9.562835837658947291e-01 -6.507968263926041871e-03 -5.872666786224281310e+01 9.563017050540125741e-01 2.923407830577703370e-01 4.890344776449310690e-03 4.226852881159426545e+01 -2.774011890279647150e-03 -7.653364030907427833e-03 9.999668648895764234e-01 -8.719864155381059634e-01 -6.841357334317475166e-17 5.763226439468544283e-17 -1.515622086795376836e-18 9.999999999999882316e-01
2.918326561072844272e-01 -9.564673594035737469e-01 -1.972618786648508687e-03 -5.850706155560394706e+01 9.564685776850099241e-01 2.918290927202706331e-01 1.908020795908532945e-03 4.296776660557787153e+01 -1.249292061555648753e-03 -2.443570661972634638e-03 9.999962341088152185e-01 -8.772874587944164970e-01 -6.722618071589427393e-17 5.792840909279964407e-17 -1.614095826550742634e-18 9.999999999999873435e-01
2.914876626601330956e-01 -9.565745665055688240e-01 2.030555792192619902e-04 -5.828295484942907478e+01 9.565705202307177579e-01 2.914857974842030575e-01 -2.978202581429756010e-03 4.368193001378222107e+01 2.789685025858718026e-03 1.062346290423563273e-03 9.999955445290070744e-01 -8.777565766542856363e-01 -6.649802362052514135e-17 5.949018621574732405e-17 -1.702834790357358437e-18 9.999999999999865663e-01
2.912670579026860329e-01 -9.566355235427242976e-01 -3.460646876137571729e-03 -5.806719157237677820e+01 9.566213964486888210e-01 2.912825617045419757e-01 -5.474769720203059506e-03 4.440662565624320735e+01 6.245385284802974606e-03 -1.715908778183981810e-03 9.999790251899092208e-01 -8.775909103691890145e-01 -6.476571360660889913e-17 6.224842918670637153e-17 -1.810315627114296088e-18 9.999999999999856781e-01
2.908998633264159861e-01 -9.567046021640641662e-01 -9.673350749387870165e-03 -5.784935131677569586e+01 9.567051389683977058e-01 2.909719511433232486e-01 -7.113418264156687668e-03 4.514590934170364278e+01 9.620113732084467281e-03 -7.185251972172255162e-03 9.999279101844950057e-01 -8.788878385395996196e-01 -6.241460476060517897e-17 6.353632670620772913e-17 -1.924287162656166078e-18 9.999999999999846789e-01
2.902870393357793177e-01 -9.569020802432052220e-01 -8.476061576081493285e-03 -5.762457876419952640e+01 9.568885133031580503e-01 2.903516898139327229e-01 -7.763332452338772734e-03 4.587977321046720647e+01 9.889787774849842852e-03 -5.857051167250671916e-03 9.999339413428500745e-01 -8.795593265749953593e-01 -5.943473456285446418e-17 6.617032280212127948e-17 -2.042415713270525729e-18 9.999999999999839018e-01
2.897495448516499428e-01 -9.570951058715269077e-01 -3.762921069916211510e-03 -5.738965471286702069e+01 9.570659106898979918e-01 2.897706067386859874e-01 -7.605134168115333659e-03 4.662221625537665659e+01 8.369220613344422258e-03 -1.397779316904544742e-03 9.999640005316992042e-01 -8.810155033511505307e-01 -5.559374002204116733e-17 6.835777745167251606e-17 -2.197777440775382551e-18 9.999999999999826805e-01
2.900701634822608344e-01 -9.569976234042658625e-01 -3.853447275619588646e-03 -5.716017405877913404e+01 9.569933604027254237e-01 2.900843503744284790e-01 -3.844192120043026049e-03 4.738645228292678979e+01 4.796707472446429081e-03 -2.572638020730742998e-03 9.999851864558250147e-01 -8.773360901862603534e-01 -5.344130505230259806e-17 7.332650369272142720e-17 -2.365994790505034837e-18 9.999999999999814593e-01
2.912643985896835042e-01 -9.566262865862571463e-01 -5.585510390388057078e-03 -5.692995088399538872e+01 9.566425443979280629e-01 2.912575643990154006e-01 2.018273600802986904e-03 4.815883253554162735e+01 -3.039114278157467207e-04 -5.931188118168834525e-03 9.999823641671903296e-01 -8.757029793436389431e-01 -5.176667505102641571e-17 7.712918840528231044e-17 -2.523652798041711420e-18 9.999999999999800160e-01
2.910585254606082861e-01 -9.566743515452886815e-01 -7.688943492988892930e-03 -5.669469908223526033e+01 9.566930535946485126e-01 2.910048339824878871e-01 7.388355885695232529e-03 4.894389847486981182e+01 -4.830730851249585671e-03 -9.506402798913189678e-03 9.999431445563887744e-01 -8.818428315944514262e-01 -5.012631755609332698e-17 7.747794417950480266e-17 -2.688282225364093848e-18 9.999999999999783507e-01
2.907965701801472069e-01 -9.567787687562010479e-01 -3.426722744706467601e-03 -5.644937478888677873e+01 9.567535915479676856e-01 2.907562121990247550e-01 9.131819526651674748e-03 4.973005154539641381e+01 -7.740790117700269667e-03 -5.934031091113115518e-03 9.999524325903779154e-01 -8.982093662054042582e-01 -4.853520294244303867e-17 7.790641585779675781e-17 -2.839256850510241183e-18 9.999999999999764633e-01
2.902075813475266108e-01 -9.569601581732238849e-01 2.610631615846244636e-03 -5.620457621244219126e+01 9.569289253295690800e-01 2.902192129006219701e-01 7.735653241431157505e-03 5.051247534812382867e+01 -8.160367402210544352e-03 2.532436892209081569e-04 9.999666715803808836e-01 -9.086203562988425242e-01 -4.694444291603244672e-17 7.818106982681537501e-17 -2.987625694836861201e-18 9.999999999999746869e-01
2.893899498157902483e-01 -9.572100717552235460e-01 1.528226393096631785e-03 -5.596730182139135223e+01 9.571914820146284475e-01 2.893938633694702056e-01 5.971482468209938881e-03 5.130203854474600433e+01 -6.158222501874142593e-03 -2.652817257632158251e-04 9.999810027801896428e-01 -9.110150065475677295e-01 -4.448898715556350890e-17 7.695263288126712994e-17 -3.133439312231592765e-18 9.999999999999727995e-01
2.900045058150158006e-01 -9.570035743101877879e-01 -6.445569365528755652e-03 -5.573896480210862592e+01 9.570199169726745225e-01 2.899737558785238090e-01 5.300888553720043035e-03 5.211069377592369278e+01 -3.203923335224236404e-03 -7.705819824465933929e-03 9.999651770017523589e-01 -9.201552137182849034e-01 -4.230751140551533196e-17 7.880916399238340038e-17 -3.288284972572494303e-18 9.999999999999709122e-01
2.892589964928362067e-01 -9.572119805964000028e-01 -8.628855694993950790e-03 -5.549472592349856370e+01 9.572498176057235852e-01 2.892603080453770015e-01 1.122890666390309340e-03 5.290922977482327383e+01 1.421141057652979510e-03 -8.584776767534834860e-03 9.999621402663189107e-01 -9.306053068547949225e-01 -4.044257013383818744e-17 8.199055508417508317e-17 -3.425067701965804507e-18 9.999999999999692468e-01
2.884550608435985097e-01 -9.574617081753528103e-01 -7.794565515761749976e-03 -5.524692454497210292e+01 9.574764129437624005e-01 2.884889156516772246e-01 -3.614443610975127865e-03 5.370994777728527936e+01 5.709337107495301815e-03 -6.420508078792667821e-03 9.999630895917385187e-01 -9.318546145036535888e-01 -3.968847157623143836e-17 8.274827653250196495e-17 -3.582421498526710394e-18 9.999999999999673594e-01
2.886159256483187829e-01 -9.573949944886317454e-01 -9.781205968700428313e-03 -5.500386787851362413e+01 9.574183287732321856e-01 2.886690302204336644e-01 -4.509403599440729195e-03 5.452326756974456146e+01 7.140811675614621920e-03 -8.063220177991664225e-03 9.999419949622216919e-01 -9.278237324141697107e-01 -3.949432341917183978e-17 8.273494864661677008e-17 -3.737610308650067315e-18 9.999999999999654721e-01
2.888820965956203080e-01 -9.572416959981059348e-01 -1.534502229098785343e-02 -5.476778420171831385e+01 9.573494015738193141e-01 2.889309347581953680e-01 -1.018943653231187694e-03 5.535221681442971686e+01 5.409026985175961581e-03 -1.439619332858214917e-02 9.998817390295586804e-01 -9.265476160206760348e-01 -3.849192902033184268e-17 8.310545267240902809e-17 -3.908615891079324000e-18 9.999999999999638067e-01
2.890146255100579653e-01 -9.572450194834684067e-01 -1.234985486939638687e-02 -5.451998413702742852e+01 9.573246789253541111e-01 2.889895880338584910e-01 3.804882213233771234e-03 5.617953664675621184e+01 -7.322507734451808308e-05 -1.292248745561486514e-02 9.999164984918006427e-01 -9.278476839696374601e-01 -3.796921011962247121e-17 8.403708217104834391e-17 -4.082318435177465601e-18 9.999999999999622524e-01
2.880277908784809049e-01 -9.576035728938379066e-01 -5.948853884150014960e-03 -5.426311326219843068e+01 9.576066589877908486e-01 2.879823834087300027e-01 7.458787343966549396e-03 5.700791121768614289e+01 -5.429396289919770011e-03 -7.845000134152053592e-03 9.999544877787580610e-01 -9.349140832332699658e-01 -3.806027886845867689e-17 8.683583660075054119e-17 -4.237506426312704574e-18 9.999999999999605871e-01
2.876323992973211507e-01 -9.576982639070096281e-01 -9.035385098550603386e-03 -5.401587004389228497e+01 9.577098712252662960e-01 2.875343640740486983e-01 1.076067072244713853e-02 5.784700618482833079e+01 -7.707491960876527125e-03 -1.174839503717945224e-02 9.999012800180725469e-01 -9.446860276478392660e-01 -3.894858133773092806e-17 9.017115236348912014e-17 -4.390897019254507917e-18 9.999999999999588107e-01
2.881138993092005607e-01 -9.575428704362823895e-01 -1.010110396948132871e-02 -5.376716174097681034e+01 9.575686566966106206e-01 2.880096713578363388e-01 1.061588040563099522e-02 5.867548502596056181e+01 -7.255944961203878059e-03 -1.273108325750621495e-02 9.998926296267346414e-01 -9.610874670451553525e-01 -4.020703681228167056e-17 9.338663797983765085e-17 -4.544351180823251658e-18 9.999999999999570344e-01
2.863075493697603835e-01 -9.581195015104746471e-01 -5.916755792567364274e-03 -5.351334874377511142e+01 9.581344135484582969e-01 2.862847406774114423e-01 4.415068472093123565e-03 5.950656323812751225e+01 -2.536286305877794457e-03 -6.933114775998065055e-03 9.999727492143634100e-01 -9.572929858806263903e-01 -4.044193562256616097e-17 9.964960326267985639e-17 -4.690018288312523259e-18 9.999999999999551470e-01
2.858918526433214535e-01 -9.582481788001055989e-01 -5.126052902122096508e-03 -5.326266416271631954e+01 9.582592958686441120e-01 2.858994339721993017e-01 -7.972050597337375366e-04 6.034509100212995492e+01 2.229455919861565369e-03 -4.684173413142581587e-03 9.999865439323621930e-01 -9.609481475694399144e-01 -3.894720588087380851e-17 1.060216650583365017e-16 -4.848369379453681094e-18 9.999999999999530376e-01
2.858392300747475967e-01 -9.582466207991788831e-01 -7.703783299901984828e-03 -5.301563511018934349e+01 9.582701450953824418e-01 2.858594570303775173e-01 -1.643120622321485877e-03 6.119401431419639437e+01 3.776714095108609382e-03 -6.912637207010222454e-03 9.999689754575086242e-01 -9.674932860352103425e-01 -3.813483247703283416e-17 1.124777635480357461e-16 -5.032551891275459160e-18 9.999999999999507061e-01
2.850921998871209784e-01 -9.584797903035445765e-01 -6.239322326520932958e-03 -5.276018939915557837e+01 9.584998531737016769e-01 2.850907380017735360e-01 1.141302681786576919e-03 6.203779919337080884e+01 6.848574516012775112e-04 -6.305766026196652461e-03 9.999798839402437300e-01 -9.701016780578585186e-01 -3.504864314319394434e-17 1.189314270606004883e-16 -5.227402431264041713e-18 9.999999999999484857e-01
2.843452517248380995e-01 -9.587195114038442600e-01 -2.162469655142864634e-03 -5.250196624344347640e+01 9.587160463797171905e-01 2.843348616464083656e-01 4.150767011635155164e-03 6.288986154298996922e+01 -3.364555811122051012e-03 -3.253445249006335725e-03 9.999890473691463999e-01 -9.695559686768121521e-01 -3.273973951554991827e-17 1.258748625021112130e-16 -5.420611651428674752e-18 9.999999999999464873e-01
2.836531138221099480e-01 -9.589269564173867888e-01 -5.722763827516446494e-05 -5.225453706691745026e+01 9.589070780777173564e-01 2.836468484656454736e-01 6.456079940139031713e-03 6.374378583867834180e+01 -6.174676648128213027e-03 -1.886163165547137359e-03 9.999791576612230282e-01 -9.657397424108613571e-01 -2.947380396343330093e-17 1.285396765193797518e-16 -5.629632245905124467e-18 9.999999999999443778e-01
2.834542808230097188e-01 -9.589696223507973016e-01 -5.561842443789506880e-03 -5.201375920025228083e+01 9.589798056074294585e-01 2.834273338766983286e-01 5.165157202274494978e-03 6.459641737350257529e+01 -3.376850676346549330e-03 -6.797780505711309429e-03 9.999711931149566357e-01 -9.647889430361543672e-01 -2.652074511073119325e-17 1.311481632420082440e-16 -5.838042753370772977e-18 9.999999999999421574e-01
2.835176412810239688e-01 -9.589582423513400844e-01 -4.103231502044162905e-03 -5.176134802178537342e+01 9.589665864421439423e-01 2.835189902234316883e-01 2.612861211313051869e-04 6.544515213453455260e+01 9.127815726587432208e-04 -4.008941131699595047e-03 9.999915475747013227e-01 -9.740469888025146128e-01 -2.368427907538280455e-17 1.359046515987580935e-16 -6.036108978108771713e-18 9.999999999999397149e-01
2.830159731563369196e-01 -9.591111003118656386e-01 -2.802890796317362467e-03 -5.150830895701178491e+01 9.591057568132852484e-01 2.830249445408684617e-01 -3.609434237185871544e-03 6.629764275127831752e+01 4.255136454930932843e-03 -1.666741155327218114e-03 9.999895578393372952e-01 -9.868623426565358292e-01 -2.034024597277110508e-17 1.404772853810202488e-16 -6.256563683947709463e-18 9.999999999999371614e-01
2.835331858104471192e-01 -9.589493834924780469e-01 -5.001244190407336775e-03 -5.125889201374095450e+01 9.589605325049544993e-01 2.835391314593863066e-01 -5.079658839569150229e-04 6.715524495997452448e+01 1.905162005238672735e-03 -4.651970606700681077e-03 9.999873646837990071e-01 -9.915555835868701262e-01 -1.674527111473154495e-17 1.452506657955049355e-16 -6.494827335403815407e-18 9.999999999999343858e-01
2.839147262253746140e-01 -9.588377110100776424e-01 -4.761530972053095064e-03 -5.101120199759373008e+01 9.588406562597101557e-01 2.838872282698768901e-01 5.712926480560683376e-03 6.801762775828323981e+01 -4.126031519794281892e-03 -6.187533439760970096e-03 9.999723447645283425e-01 -9.831242347313576824e-01 -1.368674095317742574e-17 1.500218508751143722e-16 -6.704558964803120783e-18 9.999999999999317213e-01
2.832194861118437212e-01 -9.590487436184614856e-01 -3.497148876081103332e-03 -5.075755597231429306e+01 9.590215846808155531e-01 2.831772063187852906e-01 9.395208250606917541e-03 6.887549040432247693e+01 -8.020149819950837117e-03 -6.014747309698454357e-03 9.999497487432572607e-01 -9.793505070874256591e-01 -1.130969213457000385e-17 1.542898401847077309e-16 -6.883087515876510508e-18 9.999999999999290567e-01
2.832286121762694897e-01 -9.590449052655245499e-01 -3.797753126282847093e-03 -5.050935582474900087e+01 9.590112051001297155e-01 2.831775051694229717e-01 1.039274067396414418e-02 6.972343990063264130e+01 -8.891666739542459716e-03 -6.585609320148692360e-03 9.999387821324420278e-01 -9.860717268058292184e-01 -8.836679893249914689e-18 1.593359696507605069e-16 -7.064603139404216063e-18 9.999999999999263922e-01
2.835874680782070056e-01 -9.589355385969722256e-01 -4.558592390677467139e-03 -5.025504258022473891e+01 9.588923122361878715e-01 2.835177995121779260e-01 1.196623977775375207e-02 7.058719641222641883e+01 -1.018241050276399648e-02 -7.764674839074375140e-03 9.999180108094020136e-01 -1.004228979850785297e+00 -6.671776799941573263e-18 1.641480835786487025e-16 -7.238268567627131998e-18 9.999999999999237277e-01
2.836215925001120408e-01 -9.589100573727246113e-01 -7.091835939371945140e-03 -5.001114672580241916e+01 9.588873466472520590e-01 2.835246507590574172e-01 1.219954310895663384e-02 7.144586094000341348e+01 -9.687554274559896650e-03 -1.026032559114388454e-02 9.999004335487485795e-01 -1.017793417586427829e+00 -5.495536687793572057e-18 1.694439738741818897e-16 -7.414929124646548289e-18 9.999999999999208411e-01
2.838013112240350133e-01 -9.588350023434115688e-01 -9.604896067954359073e-03 -4.976546754589378452e+01 9.588657675372036504e-01 2.837216998477472552e-01 8.856459852913179873e-03 7.229300038855156174e+01 -5.766766264539940727e-03 -1.172328095942022294e-02 9.999146509029809282e-01 -1.028367283583393910e+00 -4.145713899396485097e-18 1.716469569959717155e-16 -7.601862489041073605e-18 9.999999999999178435e-01
2.837785666660385675e-01 -9.588426957877735912e-01 -9.508408660079700411e-03 -4.951427220122642581e+01 9.588875740927551572e-01 2.837855008030356618e-01 6.401443790666984292e-04 7.313007619691786942e+01 2.084550751347279216e-03 -9.299154167944863325e-03 9.999545891589070035e-01 -1.021714888716783287e+00 -1.539573759745244022e-18 1.766147315539223312e-16 -7.766725596226194155e-18 9.999999999999148459e-01
2.834849744488792123e-01 -9.589337840845387761e-01 -9.070115923424354465e-03 -4.926179588137321730e+01 9.589374140704406413e-01 2.835462752869370440e-01 -6.367547970625235011e-03 7.397328299638657256e+01 8.677854457346187433e-03 -6.892569335221954661e-03 9.999385917795194922e-01 -1.019837648512257111e+00 1.896162400694359906e-18 1.810423659850051025e-16 -7.982665290077311303e-18 9.999999999999117373e-01
2.835873745239448351e-01 -9.588996209683326999e-01 -9.471954246015457449e-03 -4.900816558791620281e+01 9.589116018494099336e-01 2.836473980363700131e-01 -5.717816555829015324e-03 7.483030997116070182e+01 8.169507304380331167e-03 -7.461266233663759601e-03 9.999387924551315088e-01 -1.018275506138472286e+00 5.139015266690861582e-18 1.876654780883771337e-16 -8.232844433529534404e-18 9.999999999999086286e-01
2.838097671456458748e-01 -9.588468029976598972e-01 -8.051363470422435997e-03 -4.875778877693989699e+01 9.588783520909953673e-01 2.838172997772848705e-01 2.150320217680275225e-04 7.568671823410065258e+01 2.078933473113052464e-03 -7.781306324682239414e-03 9.999675641277213645e-01 -1.011263476468762690e+00 8.922158740022322314e-18 1.938794954770715448e-16 -8.507156042307955788e-18 9.999999999999052980e-01
2.835374015765991795e-01 -9.589343666356255902e-01 -7.170940813478326147e-03 -4.850684416029290702e+01 9.589473898446176925e-01 2.834852968111013505e-01 7.482646758422742926e-03 7.654527016486470359e+01 -5.142510845097108055e-03 -8.998165194666153666e-03 9.999462923604297560e-01 -1.008597759981388897e+00 1.367690179681368115e-17 1.993423585795854061e-16 -8.765850269265510683e-18 9.999999999999017453e-01
2.833899777422398958e-01 -9.589785496261038489e-01 -7.089560782711936023e-03 -4.825586742592371792e+01 9.589606608930393294e-01 2.832983134397316638e-01 1.168402594122391544e-02 7.739973565495225216e+01 -9.196269638112965217e-03 -1.010974574510701759e-02 9.999066064716968238e-01 -1.014290300357934438e+00 1.743503111958236030e-17 2.046293550114600800e-16 -8.981516307013562693e-18 9.999999999998980815e-01
2.832855606012976146e-01 -9.590098993247744286e-01 -7.021691513854996791e-03 -4.800504795261774404e+01 9.589914866637083701e-01 2.831947084633811840e-01 1.166557350882794011e-02 7.825191406595249077e+01 -9.198894595055052970e-03 -1.003843091500390867e-02 9.999073008249450556e-01 -1.024239987992324075e+00 2.010465943862212369e-17 2.103297686918551090e-16 -9.156802461000533390e-18 9.999999999998943068e-01
2.839499953733560234e-01 -9.587843200323861170e-01 -1.024830655884278671e-02 -4.775985992626009846e+01 9.588201195582595204e-01 2.838609253287824319e-01 9.324880814425978715e-03 7.910069458064617720e+01 -6.031455728168860948e-03 -1.247408238418704941e-02 9.999040047977135748e-01 -1.034148697678740625e+00 2.187702531773083503e-17 2.152942540178263800e-16 -9.343565992985607287e-18 9.999999999998905320e-01
2.841924441306298843e-01 -9.586834727981246029e-01 -1.267492337651324880e-02 -4.751058862083118584e+01 9.587601959652329864e-01 2.841147760741158934e-01 7.594777778611294834e-03 7.995020348891739559e+01 -3.679854919025612320e-03 -1.431059047989742539e-02 9.998908268745777539e-01 -1.041499945250070835e+00 2.336736543858065046e-17 2.218615960648483586e-16 -9.529838375636510100e-18 9.999999999998868683e-01
2.834541981040983316e-01 -9.589035495845772417e-01 -1.255787287207478335e-02 -4.725826728709497360e+01 9.589812122463083899e-01 2.833881483731148787e-01 6.796463838927608789e-03 8.080664521543094736e+01 -2.958400959018673421e-03 -1.396925035755996330e-02 9.998980487570967579e-01 -1.044534468286399731e+00 2.448742976368968271e-17 2.314278082747349170e-16 -9.654893834771212156e-18 9.999999999998833156e-01
2.825379573150382795e-01 -9.591767513154269009e-01 -1.233946563009951682e-02 -4.700562232760280779e+01 9.592464052094392679e-01 2.824538281665914252e-01 8.134435891578915487e-03 8.166193177161736116e+01 -4.317032487486184393e-03 -1.413487494865231509e-02 9.998907783056727450e-01 -1.048985230067215779e+00 2.567687474385629474e-17 2.404962507930516280e-16 -9.760054328514856515e-18 9.999999999998795408e-01
2.824191201862188416e-01 -9.591947534105443873e-01 -1.359652833377388882e-02 -4.675791138127733149e+01 9.592591752485661871e-01 2.822656931316980811e-01 1.216195637239323238e-02 8.251825265648815844e+01 -7.827851249260123212e-03 -1.647736357419177927e-02 9.998335967722324913e-01 -1.049762500634666917e+00 2.619884353008852843e-17 2.503435917314030435e-16 -9.823546342685111554e-18 9.999999999998756550e-01
2.821293712067558523e-01 -9.592853873102465956e-01 -1.321225171236611873e-02 -4.650817525293128796e+01 9.593300874985136728e-01 2.819537345212191348e-01 1.370674323556196790e-02 8.337220768238742608e+01 -9.423434781721889975e-03 -1.654198544167707202e-02 9.998187643741223152e-01 -1.055796187618762039e+00 2.606804339532877651e-17 2.605301085742249238e-16 -9.813610290395919825e-18 9.999999999998717692e-01
2.812193097434528277e-01 -9.595689961447020355e-01 -1.195999435879177043e-02 -4.625399519038929697e+01 9.596030884569785036e-01 2.810712057329299296e-01 1.268423951884159462e-02 8.422411943175784188e+01 -8.809792946937717792e-03 -1.504390060679465166e-02 9.998480227528577791e-01 -1.062345235413530542e+00 2.694872363388456286e-17 2.740244616174554515e-16 -9.761572364842996695e-18 9.999999999998679945e-01
2.805999464140968014e-01 -9.597277258063686700e-01 -1.365146112092084293e-02 -4.601249945460715196e+01 9.597967128822482152e-01 2.804545193230132960e-01 1.164184402261523449e-02 8.507742860113518191e+01 -7.344386521259648783e-03 -1.636932831886813225e-02 9.998390395843972378e-01 -1.077443702636170730e+00 2.869795426181494132e-17 2.900262083715301693e-16 -9.722463677181344589e-18 9.999999999998643307e-01
2.798533532275094271e-01 -9.599504039973427716e-01 -1.331625144134544747e-02 -4.576651057351334373e+01 9.600186387096656393e-01 2.797210773289892649e-01 1.096960475498295201e-02 8.593432129737080061e+01 -6.805440317046505642e-03 -1.585373025576128012e-02 9.998511615331070468e-01 -1.091181247729103188e+00 3.025372414961178948e-17 3.057406380643707617e-16 -9.683351590088445600e-18 9.999999999998607780e-01
2.784118427871378754e-01 -9.604191239126066426e-01 -9.052746467265886110e-03 -4.551317537614442443e+01 9.604462568969455161e-01 2.783413730602481984e-01 8.310695285360042775e-03 8.677740861308718934e+01 -5.461996803369670479e-03 -1.100847244842807077e-02 9.999244872115622407e-01 -1.092810157185216902e+00 3.366007689860093683e-17 3.196060517980415913e-16 -9.679701478114483456e-18 9.999999999998571143e-01
2.771016683564488936e-01 -9.607387364664201623e-01 -1.399091300683527606e-02 -4.527340288426286463e+01 9.608400907702987492e-01 2.770570992928391707e-01 5.067908890122554966e-03 8.762473544221164445e+01 -9.926546094535706587e-04 -1.484735613204370315e-02 9.998892791968257976e-01 -1.094078639209030923e+00 3.621603193115670844e-17 3.343842451104299236e-16 -9.750764955258914725e-18 9.999999999998533395e-01
2.763789266468331673e-01 -9.608066271866478880e-01 -2.157113950500367042e-02 -4.504148867592400762e+01 9.610398559500937798e-01 2.764032767933340407e-01 1.903642272175424871e-03 8.847791655441436376e+01 4.133301532490067480e-03 -2.125685141053480082e-02 9.997655035489996234e-01 -1.104180962970116697e+00 3.900650130329782724e-17 3.504109899471389510e-16 -9.745967319655655060e-18 9.999999999998496758e-01
2.750588594494914885e-01 -9.611532633531519876e-01 -2.295709440915797914e-02 -4.480550785650731882e+01 9.614130122150116309e-01 2.751069036820768532e-01 1.100677383036649266e-03 8.932666485298445025e+01 5.257735501876636096e-03 -2.237400035327678435e-02 9.997358452739476542e-01 -1.106242776943930028e+00 4.134404395832160778e-17 3.732496361518865265e-16 -9.516777447902919669e-18 9.999999999998463451e-01
2.737646292384483537e-01 -9.615594349566987109e-01 -2.136307148953745655e-02 -4.456541695011390658e+01 9.617939803682479250e-01 2.737493108269457576e-01 3.695152198590582939e-03 9.018129973050531589e+01 2.295017637292146896e-03 -2.155847553250601900e-02 9.997649548902918237e-01 -1.094651894660817915e+00 4.308117626308545178e-17 3.965483323270156315e-16 -9.283235100317136256e-18 9.999999999998432365e-01
2.732826596653408768e-01 -9.617553497791014872e-01 -1.852660512054975228e-02 -4.432698999505900161e+01 9.619319000772401651e-01 2.731934082060249458e-01 7.237494537133065155e-03 9.103502672905445081e+01 -1.899352694675258274e-03 -1.979921422208000964e-02 9.998021722198624506e-01 -1.085315063140228631e+00 4.622716634652072473e-17 4.170473096125290594e-16 -9.006664907323476220e-18 9.999999999998397948e-01
2.722254852169236905e-01 -9.620370419437660470e-01 -1.944261109713090602e-02 -4.409508316440572173e+01 9.622244017472765254e-01 2.720795299884444796e-01 9.845305682630041411e-03 9.189184210804388897e+01 -4.181612266855155510e-03 -2.138829794797289519e-02 9.997624992115691223e-01 -1.089283700843946212e+00 5.017113725762574295e-17 4.389470198092407201e-16 -8.708481150728409234e-18 9.999999999998365752e-01
2.713032418894927855e-01 -9.623339844366289864e-01 -1.754574986564606462e-02 -4.386432014148072511e+01 9.624799368488802243e-01 2.711559455758508208e-01 1.033558623763351780e-02 9.274200717650961678e+01 -5.188651489854319288e-03 -1.969151027582193708e-02 9.997926396602427879e-01 -1.098147638995036868e+00 5.262492382009742186e-17 4.650513513332509435e-16 -8.271310504795652155e-18 9.999999999998337996e-01
2.698744091820580171e-01 -9.627910480861233689e-01 -1.418453360647276180e-02 -4.362775015476694307e+01 9.628738067207380791e-01 2.697400842003065402e-01 1.069202073383077219e-02 9.359677970283007653e+01 -6.468044559091752979e-03 -1.654341864880060423e-02 9.998422274034094448e-01 -1.110644595455417605e+00 5.597703304017190463e-17 4.900779766753372709e-16 -7.918560846654671546e-18 9.999999999998310241e-01
2.689824305374582947e-01 -9.630402809023298483e-01 -1.420807592520268933e-02 -4.340170391872807443e+01 9.631083173761934013e-01 2.688140008728130415e-01 1.270440617296219633e-02 9.444838965204917258e+01 -8.415525155308927266e-03 -1.710117814848763004e-02 9.998183478223986453e-01 -1.115991573115361568e+00 5.899240548131158330e-17 5.141296966489716189e-16 -7.656449676357791786e-18 9.999999999998282485e-01
2.685958900311918862e-01 -9.630659406220470897e-01 -1.898003877486641525e-02 -4.318310772795073404e+01 9.632159223755079047e-01 2.683606509141052143e-01 1.405873123464500274e-02 9.529838854862305197e+01 -8.445989660408131927e-03 -2.205799298400727693e-02 9.997210161861105338e-01 -1.114137719499084689e+00 6.184888263411966666e-17 5.364701388585107689e-16 -7.418639482011244173e-18 9.999999999998252509e-01
2.683372763374152759e-01 -9.630353237068515204e-01 -2.362353530759388545e-02 -4.296499892983853641e+01 9.632967068069661076e-01 2.680606573354721855e-01 1.424565352702385906e-02 9.615043372369414953e+01 -7.386527152631227472e-03 -2.657911363210273964e-02 9.996194225479866358e-01 -1.118457932262796772e+00 6.455536360031942842e-17 5.584426775843243690e-16 -7.041424613413969709e-18 9.999999999998223643e-01
2.687480762356923569e-01 -9.628533915097963192e-01 -2.622628409571385252e-02 -4.273867757282744861e+01 9.631967426082530537e-01 2.684990639358111886e-01 1.266047768218817732e-02 9.699894214101115608e+01 -5.148451144173061579e-03 -2.866355043309455272e-02 9.995758572151490773e-01 -1.127794879848207366e+00 6.718169594206829784e-17 5.773558849854885383e-16 -6.643841805108638078e-18 9.999999999998192557e-01
2.702687417091740318e-01 -9.623865300763854158e-01 -2.769429512095001114e-02 -4.250520407092717790e+01 9.627725747211171026e-01 2.700077595773747174e-01 1.283663248631563766e-02 9.784430665997597032e+01 -4.876127617645990842e-03 -3.013264832861476533e-02 9.995340148710172290e-01 -1.141650550911390338e+00 7.009093314067755108e-17 5.962447638312241081e-16 -6.197181432671486163e-18 9.999999999998161471e-01
2.714264281343503060e-01 -9.620799256576519909e-01 -2.701686059793125677e-02 -4.226590936504601359e+01 9.624274672536291542e-01 2.710826168326356256e-01 1.573483802459411246e-02 9.869612302726964970e+01 -7.814370527404950612e-03 -3.027261960077221731e-02 9.995111325622045850e-01 -1.153539730080855419e+00 7.210766635598540113e-17 6.167090459591339589e-16 -5.675677277736639568e-18 9.999999999998129274e-01
