1 0 0 0 0 1 0 0 0 0 1 0
0.99993354 -0.0023311625 0.011290374 0.012835332 0.0023185976 0.99999668 0.0011258683 -0.007557676 -0.011292962 -0.0010996157 0.99993563 0.29673818
0.99982746 -0.0040913605 0.018119264 0.025203848 0.0040691768 0.99999093 0.0012610297 -0.01168468 -0.018124261 -0.0011870816 0.99983504 0.58666157
0.99976428 -0.006820734 0.020612331 0.028813794 0.0068243619 0.99997671 -0.00010564824 -0.018496876 -0.020611132 0.00024628937 0.99978754 0.89066516
0.99980629 -0.0082567948 0.017866385 0.040405501 0.0082831637 0.99996471 -0.0014023635 -0.021107817 -0.017854177 0.0015500821 0.9998394 1.1862102
0.99987722 -0.011003162 0.011156405 0.035116377 0.011038715 0.99993417 -0.0031301247 -0.021777325 -0.01112123 0.0032528929 0.99993287 1.5033258
0.99992369 -0.012347187 -0.00040022919 0.019632303 0.012345252 0.99991356 -0.0045238712 -0.035722801 0.00045605171 0.0045185852 0.99998969 1.8351737
0.99979825 -0.011655869 -0.016358657 0.0036314786 0.011577084 0.99992096 -0.0049026028 -0.040934969 0.016414509 0.0047122283 0.99985417 2.1589623
0.99936276 -0.0076178491 -0.034871823 -0.043480765 0.0074425186 0.99995902 -0.0051549195 -0.046948372 0.034909666 0.0048921005 0.9993785 2.509521
0.99848766 -0.0039779571 -0.054832164 -0.08255992 0.0036342043 0.99997312 -0.0063674718 -0.050244453 0.054856024 0.0061585708 0.99847528 2.8586163
0.99718616 -0.0032968401 -0.074892505 -0.12525061 0.0028066133 0.99997395 -0.0066500449 -0.055300707 0.074912484 0.0064211386 0.99716944 3.2073424
0.99536593 -0.0041866695 -0.096068371 -0.17515677 0.0036405341 0.99997621 -0.0058594363 -0.062566356 0.096090625 0.0054825431 0.99535749 3.5843416
0.99325724 -0.0057886295 -0.1157866 -0.23138316 0.0052289402 0.99997313 -0.0051369638 -0.073265069 0.11581323 0.0044968853 0.99326083 3.9660981
0.99109083 -0.0045903127 -0.13310861 -0.30520145 0.0040194977 0.99998154 -0.0045567369 -0.079743133 0.13312708 0.0039811104 0.99109098 4.3668113
0.98883543 -0.0035896066 -0.14896845 -0.37676113 0.0030479902 0.99998789 -0.0038639229 -0.085718794 0.14898053 0.0033667294 0.9888344 4.7821542
0.98674641 -0.0028319889 -0.16224516 -0.46487747 0.0021974741 0.99998922 -0.0040901614 -0.092036469 0.16225501 0.0036794225 0.986742 5.1957974
0.98467492 -0.0044625777 -0.17434272 -0.56183934 0.0036563185 0.99998109 -0.0049454798 -0.10063919 0.1743615 0.0042322374 0.98467261 5.6454005
0.98290034 -0.0072767198 -0.18399447 -0.64335999 0.0061266456 0.99995799 -0.0068183155 -0.11337458 0.18403637 0.0055744557 0.98290363 6.0878579
0.98145503 -0.0067805793 -0.19157257 -0.74264257 0.0051704993 0.999947 -0.0089031936 -0.12149269 0.1916228 0.0077475582 0.98143807 6.5436186
0.97982657 -0.0065071127 -0.19974369 -0.85602037 0.0044652339 0.99993309 -0.01067129 -0.1253482 0.19979978 0.0095641108 0.97979007 7.014966
0.97819455 -0.0073512107 -0.20756054 -0.96296405 0.0046922379 0.99990054 -0.013300015 -0.13725178 0.20763768 0.012036079 0.97813175 7.4877634
0.97633516 -0.011275393 -0.21596876 -1.0810106 0.0081493383 0.99984882 -0.015359642 -0.14968333 0.21610932 0.013236156 0.97627945 7.9931405
0.97466434 -0.016757597 -0.22304394 -1.192852 0.013416495 0.99977407 -0.016486581 -0.16620884 0.22326984 0.013076415 0.97466896 8.5171217
0.97285573 -0.017455827 -0.23075314 -1.3249677 0.01352746 0.99973557 -0.018595392 -0.19015867 0.23101674 0.01496913 0.97283462 9.0305338
0.97076642 -0.014114549 -0.23961078 -1.4871151 0.0088739071 0.99969754 -0.022936321 -0.19675495 0.23986206 0.020139527 0.97059806 9.5745984
0.96871814 -0.011046142 -0.24791761 -1.6324024 0.0046934112 0.99964568 -0.026200785 -0.2133287 0.2481192 0.024217597 0.96842675 10.116629
0.96616803 -0.013565028 -0.25755643 -1.7917748 0.0065639187 0.99958572 -0.028023219 -0.23468146 0.25782989 0.025384559 0.96585681 10.661248
0.96393586 -0.015220778 -0.26569905 -1.9531463 0.0075883169 0.99952919 -0.029728978 -0.26485696 0.26602648 0.026640619 0.96359753 11.231866
0.96192062 -0.01520583 -0.27290567 -2.1239796 0.0066445203 0.99945717 -0.032267835 -0.28665548 0.27324821 0.029225769 0.96149949 11.804096
0.95938792 -0.014528717 -0.28171569 -2.3160372 0.0045999016 0.99934575 -0.035873479 -0.30854124 0.2820526 0.033120718 0.95882707 12.394213
0.95728486 -0.015670349 -0.28872154 -2.5005547 0.0040000766 0.99915252 -0.04096631 -0.34004563 0.28911883 0.03806152 0.95653627 12.96948
0.95552906 -0.016482759 -0.29443596 -2.6996607 0.0023510981 0.99883081 -0.048285356 -0.38083293 0.29488761 0.045445813 0.95445062 13.600543
0.95408493 -0.016874962 -0.29906049 -2.9070297 -6.7907656e-06 0.99841059 -0.056358562 -0.41701046 0.29953623 0.053772887 0.95256839 14.21664
0.9529766 -0.017054565 -0.30256359 -3.1090455 -0.0027670161 0.99788385 -0.064962794 -0.46264765 0.30303126 0.062745222 0.95091277 14.827159
0.95168165 -0.01654368 -0.30664041 -3.3386294 -0.0065060093 0.99723745 -0.073994246 -0.51130884 0.30701747 0.072413972 0.94894494 15.480772
0.95009206 -0.015847144 -0.31156692 -3.5662254 -0.0099533753 0.99666077 -0.081044704 -0.56880472 0.31181088 0.080101074 0.94676175 16.105329
0.94856361 -0.01405602 -0.3162744 -3.8009497 -0.014416715 0.99605969 -0.087505676 -0.63083832 0.31625819 0.087564339 0.94462334 16.78118
0.94692385 -0.012720463 -0.32120616 -4.0420241 -0.018388726 0.99543705 -0.093631897 -0.70174868 0.32093158 0.094568851 0.94236918 17.447312
0.94561645 -0.010828369 -0.32510347 -4.2890902 -0.022513852 0.99487028 -0.098621801 -0.77420142 0.32450372 0.10057773 0.94052191 18.121443
0.94364635 -0.0082832567 -0.33085184 -4.5618266 -0.027057972 0.99440915 -0.10207016 -0.85253567 0.32984759 0.10527032 0.93814644 18.820225
0.94180339 -0.007596751 -0.33607833 -4.8194166 -0.028944058 0.99419949 -0.10358387 -0.93280443 0.33491584 0.10728312 0.93612057 19.493521
0.93954648 -0.0063335666 -0.34236281 -5.1120714 -0.03066476 0.99425543 -0.10254661 -1.0185948 0.3410456 0.10684579 0.93395497 20.213871
0.93740228 -0.007139664 -0.34817522 -5.3862749 -0.030038266 0.99440599 -0.10126413 -1.1061299 0.34695055 0.10538381 0.93194398 20.940959
0.93479571 -0.0065862219 -0.35512474 -5.6658447 -0.030708958 0.99458546 -0.099281058 -1.1912576 0.35385582 0.10371302 0.92953197 21.654424
0.93181039 -0.0061820615 -0.36289277 -5.9512681 -0.030728035 0.99492136 -0.095850256 -1.2711211 0.36164235 0.10046525 0.9268881 22.350204
0.92812091 -0.0032160085 -0.37226499 -6.2980645 -0.03301945 0.99531048 -0.090921702 -1.360734 0.37081169 0.09667832 0.92366228 23.184097
0.9250352 -0.0018545216 -0.37987685 -6.5916179 -0.032971431 0.99582246 -0.085149979 -1.438179 0.37844784 0.091291813 0.92110968 23.896537
0.92147651 0.00061100985 -0.38843359 -6.9300226 -0.035004417 0.9960606 -0.081473753 -1.5138713 0.38685364 0.088673042 0.91786783 24.6563
0.91749586 0.0016242881 -0.39774199 -7.2663212 -0.036163574 0.99619043 -0.079352512 -1.5906745 0.39609791 0.087189375 0.91405934 25.382569
0.91390727 0.0034929168 -0.40590798 -7.6394682 -0.038707519 0.9961562 -0.078578376 -1.6671073 0.40407331 0.087525041 0.91052959 26.163566
0.90951347 0.0036972399 -0.41565799 -7.9958667 -0.039484378 0.9962074 -0.077535745 -1.7393117 0.41379494 0.086931803 0.90621003 26.9039
0.905718 0.004511512 -0.42385674 -8.3794241 -0.040521962 0.99628523 -0.075984907 -1.8136815 0.42193943 0.085996405 0.90253629 27.71556
0.90161251 0.0041193653 -0.43252502 -8.7522029 -0.039773461 0.99650781 -0.073418337 -1.8858207 0.43071216 0.08339791 0.89862775 28.47079
0.89805989 0.0045470064 -0.43984967 -9.155775 -0.039030907 0.99682603 -0.069386241 -1.9597195 0.43813814 0.079480733 0.89538696 29.245477
0.894211 0.0054815106 -0.44761214 -9.5647479 -0.03811464 0.99722621 -0.063930844 -2.0212815 0.44602016 0.07422824 0.89193958 30.059193
0.89112918 0.0048112551 -0.45372417 -9.9924138 -0.035800656 0.99757204 -0.059735486 -2.0896944 0.45233518 0.069475659 0.88913781 30.859528
0.88747954 0.0047441356 -0.46082267 -10.420416 -0.035231517 0.99771907 -0.057579489 -2.1564635 0.45949844 0.067336101 0.88562241 31.678256
0.88414174 0.0047429443 -0.46719468 -10.865899 -0.035146354 0.9977904 -0.056383116 -2.220369 0.46589498 0.066270857 0.88235484 32.491659
0.8808937 0.0053498585 -0.4732839 -11.311076 -0.035420604 0.99787732 -0.054646443 -2.2744202 0.47198696 0.06490171 0.87921334 33.299782
0.87835003 0.0028938306 -0.47800924 -11.780916 -0.032257303 0.99806108 -0.05323115 -2.3370178 0.47692841 0.062174872 0.87674032 34.152083
0.87598388 0.0031754191 -0.48232991 -12.249406 -0.032950686 0.9980362 -0.053272839 -2.4026102 0.48121359 0.06255925 0.87436825 35.017119
0.87435683 0.0024034648 -0.48527759 -12.742979 -0.032593942 0.99802051 -0.053783703 -2.4646046 0.48418777 0.062843258 0.87270439 35.853406
0.87289378 0.00215391 -0.48790551 -13.22881 -0.032799981 0.99798714 -0.054275515 -2.525314 0.48680656 0.063380052 0.87120742 36.718477
0.87231273 0.001563246 -0.48894583 -13.717829 -0.031668157 0.99807589 -0.053307125 -2.5850505 0.48792176 0.061984498 0.87068381 37.578799
0.8716151 0.002483064 -0.4901846 -14.247983 -0.031933118 0.99815068 -0.051725236 -2.6477425 0.48914969 0.06073762 0.87008249 38.490471
0.87102832 0.0021593925 -0.49122803 -14.727251 -0.031373255 0.99819336 -0.051241986 -2.7128171 0.49022995 0.060044644 0.86952243 39.366001
0.87096923 -0.00090673728 -0.4913367 -15.25265 -0.028240321 0.99825278 -0.051902497 -2.7750099 0.49052533 0.059080985 0.86942185 40.270446
0.86987025 -0.002919784 -0.49327194 -15.796367 -0.026427631 0.99827047 -0.05251331 -2.8390466 0.49257218 0.058715776 0.86828862 41.190526
0.86900579 -0.0036435959 -0.49478847 -16.315936 -0.024727888 0.99840357 -0.050782216 -2.9015454 0.49418365 0.056365114 0.86752839 42.101847
0.86693594 -0.0029202055 -0.498411 -16.866284 -0.023810845 0.99859844 -0.047267393 -2.9669434 0.49785052 0.05284539 0.86565134 43.028091
0.86371803 -0.0029581123 -0.50396666 -17.398065 -0.021666788 0.99884026 -0.042996248 -3.0347716 0.50350942 0.048055974 0.86265225 43.946508
0.86024873 -0.0054677732 -0.50984528 -17.925869 -0.017852674 0.99900635 -0.040836073 -3.0937248 0.509562 0.044231282 0.85929633 44.848623
0.85508162 -0.0056857424 -0.51846221 -18.504041 -0.019376565 0.99889096 -0.042911478 -3.1643529 0.51813124 0.046738833 0.85402314 45.765841
0.84899062 -0.0099074866 -0.528315 -19.066138 -0.017132546 0.99878242 -0.046261781 -3.2212443 0.52813012 0.0483272 0.84778717 46.62644
0.84391997 -0.0103574 -0.53636908 -19.657971 -0.016868717 0.99880689 -0.045828309 -3.2877991 0.53620384 0.047723284 0.84273837 47.577896
0.83762981 -0.0064790408 -0.54619987 -20.251073 -0.01907931 0.99897248 -0.041109092 -3.3472751 0.54590504 0.044855318 0.83664551 48.458695
0.83386743 -0.0036483122 -0.55195269 -20.868343 -0.019777192 0.99913857 -0.036482699 -3.4055765 0.55161037 0.041337809 0.83307696 49.339586
0.82859371 -0.0032080688 -0.55984117 -21.440975 -0.021540908 0.99906043 -0.037606584 -3.461069 0.55943585 0.043220067 0.82774608 50.208311
0.82615222 -0.0049834967 -0.56342493 -22.060428 -0.022602375 0.99886289 -0.041976898 -3.5150018 0.56299349 0.047414049 0.82510015 51.067752
0.82245667 -0.0066587643 -0.56878877 -22.671281 -0.025751416 0.99847043 -0.04892502 -3.5845301 0.56824459 0.054885826 0.8210272 51.920104
0.81920291 -0.006688444 -0.57346476 -23.300495 -0.027236591 0.99834998 -0.050551843 -3.6514227 0.57285669 0.057031443 0.81766904 52.785261
0.81668139 -0.0055577127 -0.57706203 -23.916696 -0.026350927 0.99855149 -0.046909988 -3.7156647 0.57648691 0.053516634 0.81535197 53.63613
0.81340221 -0.0032594828 -0.58169253 -24.554021 -0.025871908 0.99879205 -0.041774322 -3.7785075 0.58112608 0.049028822 0.81233532 54.536851
0.81061734 -0.0031113401 -0.58556794 -25.186952 -0.024042559 0.99896582 -0.038590631 -3.840234 0.58508248 0.045360787 0.80970422 55.401761
0.80818153 -0.0013784685 -0.58893182 -25.82791 -0.026815281 0.99887402 -0.039136159 -3.8938507 0.58832269 0.047421493 0.80723456 56.23913
0.80399253 -0.0034480193 -0.59462937 -26.488027 -0.025773682 0.99884137 -0.040640224 -3.9523064 0.5940806 0.048000225 0.80297214 57.119144
0.80065593 -0.0055156299 -0.59909901 -27.158027 -0.025467198 0.99874049 -0.043230157 -4.0175098 0.59858293 0.049869855 0.79950703 57.969845
0.79655304 -0.0066697508 -0.60453184 -27.801674 -0.024681344 0.99874676 -0.043540122 -4.0755998 0.60406467 0.049602676 0.79539015 58.800558
0.79251253 -0.0078081402 -0.60980562 -28.467627 -0.023139791 0.998813 -0.042861929 -4.1372225 0.6094165 0.048079391 0.79139114 59.677893
0.78774393 -0.0065407065 -0.61596809 -29.117012 -0.024599969 0.99881193 -0.042066156 -4.2009437 0.61551148 0.048290156 0.78664713 60.511836
0.78249392 -0.0061412275 -0.62262792 -29.840497 -0.026144293 0.99874546 -0.042708126 -4.271312 0.62210914 0.049697016 0.78135169 61.350094
0.77691666 -0.010437439 -0.6295169 -30.533158 -0.021940089 0.99880648 -0.043637592 -4.3261595 0.62922108 0.047714429 0.7757604 62.189348
0.77069544 -0.0094602372 -0.63713344 -31.228825 -0.024621712 0.99870093 -0.044611985 -4.3902479 0.63672785 0.050069569 0.76946132 62.989965
0.76623175 -0.012106748 -0.64245023 -31.938931 -0.02244782 0.99870784 -0.04559316 -4.4525303 0.64217212 0.049356534 0.76496989 63.848368
0.76118931 -0.014846483 -0.64835976 -32.65859 -0.02067759 0.99867406 -0.04714413 -4.5157178 0.64820005 0.049292125 0.75987303 64.651806
0.7536583 -0.015119628 -0.65709247 -33.406415 -0.020794443 0.99868641 -0.046830045 -4.5832258 0.65693743 0.048957725 0.7523539 65.473013
0.74830523 -0.011710724 -0.66325116 -34.148126 -0.024592538 0.99866708 -0.045379247 -4.6568914 0.66289857 0.050268558 0.74701981 66.308166
0.74222203 -0.015750286 -0.66996892 -34.865789 -0.018858172 0.998837 -0.044373578 -4.718862 0.6698887 0.045569437 0.74106181 67.133217
0.73590208 -0.017062881 -0.67687292 -35.613885 -0.018167876 0.99882487 -0.044931043 -4.7845833 0.67684422 0.045362192 0.73472731 67.93503
0.72960765 -0.016206582 -0.68367388 -36.401728 -0.021640542 0.99867133 -0.046768135 -4.8582729 0.68352352 0.048917463 0.72828753 68.748982
0.72350739 -0.017643979 -0.69009108 -37.204722 -0.019925845 0.99872299 -0.046425671 -4.9229493 0.69002902 0.047339965 0.7222319 69.566182
0.72012532 -0.017390471 -0.69362602 -37.970616 -0.020363489 0.99872549 -0.046181327 -4.9860844 0.69354516 0.047380989 0.71885339 70.36862
0.71588504 -0.016339307 -0.69802693 -38.714514 -0.022191462 0.99868863 -0.046136349 -5.0516804 0.69786545 0.048518561 0.71458365 71.156125
0.71024205 -0.016362875 -0.70376732 -39.584941 -0.023280857 0.99863698 -0.046713756 -5.1253609 0.70357251 0.049562381 0.70889304 71.972937
0.70536125 -0.018594962 -0.70860405 -40.402131 -0.023111387 0.9985211 -0.049208493 -5.2019413 0.70847118 0.051086587 0.70388833 72.809413
0.70125556 -0.020060783 -0.71262765 -41.197531 -0.024259018 0.99835364 -0.051975988 -5.2670493 0.71249715 0.053736098 0.69961439 73.578284
0.69642786 -0.021701197 -0.71729858 -42.075543 -0.023444827 0.99832107 -0.052965936 -5.3425162 0.71724377 0.053703895 0.69474982 74.384726
0.6915998 -0.020263513 -0.72199658 -42.92318 -0.02442126 0.99837881 -0.051413538 -5.4184635 0.72186796 0.05318966 0.68998373 75.179695
0.68675359 -0.021365901 -0.72657619 -43.757348 -0.02208134 0.99849339 -0.050233065 -5.4903954 0.72655486 0.050541514 0.68524713 75.952294
0.68134873 -0.022667812 -0.73160784 -44.638725 -0.02115649 0.99849286 -0.050639964 -5.5680794 0.73165316 0.049981729 0.67984228 76.742658
0.67642592 -0.023240658 -0.73614387 -45.485415 -0.021120713 0.99847886 -0.050930128 -5.6379832 0.73620781 0.049998343 0.67490612 77.512738
0.67187758 -0.02444062 -0.74025882 -46.358458 -0.019385523 0.99853273 -0.050562662 -5.716648 0.74040851 0.048322224 0.67041796 78.302119
0.66777114 -0.02486295 -0.74395127 -47.264234 -0.018977887 0.99854847 -0.050406185 -5.7907513 0.74412471 0.047778419 0.66633001 79.090782
0.66389784 -0.027990592 -0.74729923 -48.167858 -0.015816484 0.99855018 -0.051452669 -5.8686158 0.74765603 0.045978962 0.6624926 79.862392
0.65950154 -0.032177561 -0.75101417 -49.039865 -0.013340146 0.99842506 -0.05449262 -5.9483443 0.75158486 0.045956606 0.65803361 80.624851
0.6539674 -0.036019626 -0.75566472 -49.912748 -0.009933196 0.99837097 -0.056184884 -6.0272711 0.75645754 0.044249248 0.65254428 81.42362
0.64835577 -0.040777765 -0.76024464 -50.847866 -0.0033198131 0.99840368 -0.056383284 -6.1078659 0.7613303 0.039080298 0.64718541 82.166463
0.63938149 -0.043631955 -0.76765064 -51.764874 0.00016027002 0.99839615 -0.056613646 -6.193584 0.76888967 0.036074686 0.63836301 82.943425
0.63215619 -0.044706884 -0.77355012 -52.702699 0.0028412716 0.99846111 -0.055383557 -6.2830655 0.77483581 0.032813192 0.6313104 83.709618
0.62223452 -0.0439579 -0.78159571 -53.667549 0.0043074091 0.99859934 -0.052733287 -6.3573344 0.78281907 0.029445819 0.62155233 84.462531
0.61411039 -0.04303895 -0.7880457 -54.631647 0.0027398756 0.99862219 -0.052404403 -6.4447475 0.78921541 0.030022941 0.61338219 85.219567
0.60641801 -0.043706314 -0.79394389 -55.583912 0.00033596954 0.9985022 -0.054710557 -6.5191155 0.79514599 0.032910726 0.6055244 85.921609
0.59778479 -0.047084964 -0.80027264 -56.592272 0.0029534937 0.99839622 -0.056535602 -6.6089241 0.80165122 0.031432523 0.59696514 86.665096
0.58535133 -0.047815458 -0.80936855 -57.610262 0.0017744445 0.99833264 -0.057695667 -6.6883735 0.81077786 0.032336056 0.58446018 87.384435
0.57598755 -0.050706376 -0.81588427 -58.610666 0.0080206371 0.99837684 -0.056385796 -6.7672751 0.81741915 0.025933605 0.57545933 88.083208
0.56635956 -0.049361833 -0.82267867 -59.633044 0.0070815569 0.99845938 -0.055033732 -6.8584079 0.82412788 0.025343034 0.56583658 88.81642
0.555629 -0.050867149 -0.82987281 -60.658348 0.0089027135 0.9984335 -0.055238416 -6.9426068 0.83138271 0.023303946 0.55521147 89.493095
0.54687433 -0.051048227 -0.83565692 -61.673002 0.0068847153 0.99837982 -0.056483042 -7.0317627 0.83718644 0.025135866 0.54633975 90.131028
0.53548083 -0.052098386 -0.84293889 -62.726329 0.0060623549 0.99830689 -0.057849866 -7.1138906 0.84452566 0.0258673 0.53489004 90.788944
0.5266147 -0.052435647 -0.84848536 -63.795114 0.0040179502 0.99823826 -0.059196492 -7.2062245 0.85009463 0.027764571 0.52589763 91.460213
0.51789946 -0.051685138 -0.85387864 -64.870897 0.0018771621 0.99823935 -0.059284721 -7.302071 0.85543947 0.029100657 0.51708465 92.086695
0.50837495 -0.050249725 -0.85966843 -66.009971 0.0019505929 0.99836066 -0.057203119 -7.3894404 0.86113365 0.02740377 0.50763957 92.732358
0.50355059 -0.048296106 -0.86261476 -67.051626 0.0020746886 0.99850106 -0.054693015 -7.4776315 0.86396328 0.025751043 0.502896 93.33829
0.49281431 -0.048819448 -0.86876386 -68.168247 0.0024863918 0.99849977 -0.054699418 -7.5654698 0.87013099 0.024796568 0.49219636 93.940472
0.48730047 -0.052563136 -0.87165091 -69.312188 0.0051267838 0.99834173 -0.057336816 -7.6536919 0.87321935 0.023471491 0.48676187 94.567316
0.48062491 -0.055284776 -0.87518182 -70.356306 0.0067708626 0.99821496 -0.059338349 -7.741497 0.87690017 0.022593753 0.48014131 95.148198
0.47175027 -0.058567386 -0.87978491 -71.512699 0.0081592437 0.99803879 -0.062064485 -7.8404665 0.88169449 0.022100558 0.47130293 95.775739
0.46866954 -0.061942629 -0.88119913 -72.642415 0.0097928395 0.99784154 -0.064933476 -7.9436104 0.88331932 0.0218029 0.46826453 96.376283
0.46380666 -0.062750652 -0.8837113 -73.780217 0.012252826 0.99784736 -0.064424467 -8.0407692 0.88585175 0.019052536 0.46357713 96.96437
0.45894919 -0.060158848 -0.88642342 -74.929071 0.012747892 0.99804815 -0.061134206 -8.1493448 0.88837109 0.016757464 0.45882029 97.528412
0.45794189 -0.059611424 -0.88698119 -76.021457 0.018335975 0.99817034 -0.057617393 -8.2446719 0.88879305 0.010121752 0.45819704 98.131035
0.4532648 -0.058665528 -0.88944326 -77.105692 0.019886287 0.99824905 -0.055707943 -8.3299549 0.8911541 0.0075627255 0.4536378 98.678651
0.44951695 -0.057869708 -0.89139528 -78.243424 0.019559327 0.99829771 -0.054946385 -8.4270599 0.89305767 0.0072642397 0.44988364 99.253154
0.44903822 -0.058504442 -0.89159511 -79.363444 0.023635666 0.99828265 -0.053601295 -8.517762 0.89319992 0.0029955844 0.44964985 99.791546
0.44545511 -0.056992131 -0.89348843 -80.443731 0.024149285 0.99837361 -0.051642546 -8.6025635 0.89497856 0.0014273285 0.44610695 100.34919
0.44521949 -0.059026532 -0.89347378 -81.547694 0.028610244 0.99825316 -0.051692154 -8.6938827 0.89496431 -0.0025481489 0.44613053 100.89972
0.44110789 -0.057850065 -0.89558759 -82.62528 0.028439154 0.99832014 -0.050478759 -8.7762821 0.89700341 -0.0032031753 0.4420121 101.45157
0.43920291 -0.057882101 -0.89652128 -83.703572 0.031878001 0.99829796 -0.048836178 -8.8605878 0.89782218 -0.0071303153 0.44030054 101.96905
0.43751763 -0.057230497 -0.89738672 -84.851999 0.034488619 0.99830629 -0.046851804 -8.9487577 0.89854823 -0.010451139 0.4387504 102.47486
0.4348065 -0.058202999 -0.898641 -85.923015 0.0362864 0.99823106 -0.047096092 -9.0300568 0.89979257 -0.012130761 0.43614933 102.99172
0.43455314 -0.059578815 -0.89867339 -86.943988 0.038395173 0.99812797 -0.047606327 -9.1109122 0.89982745 -0.013817242 0.43602719 103.49774
0.43458091 -0.061119613 -0.89855648 -87.969086 0.039093224 0.99803446 -0.048978905 -9.1904688 0.89978399 -0.013842174 0.43611609 103.98642
0.43628146 -0.061939718 -0.89767583 -89.002559 0.037527274 0.99801247 -0.050624241 -9.2744927 0.8990274 -0.01160091 0.43773876 104.47261
0.43802926 -0.061440598 -0.8968586 -90.038831 0.035230889 0.99806848 -0.051167224 -9.3563269 0.89827013 -0.009184386 0.43934781 104.9613
0.44214267 -0.061631647 -0.89482475 -91.057437 0.033931947 0.99807166 -0.051976702 -9.4401879 0.89630271 -0.0073820294 0.44338135 105.45467
0.44908704 -0.063131281 -0.89125485 -92.061647 0.034068454 0.99798518 -0.053524962 -9.5300201 0.8928383 -0.0063263085 0.450333 105.98963
0.45285655 -0.062560374 -0.88938579 -93.06163 0.032318353 0.99803146 -0.053746805 -9.6067887 0.8909975 -0.0044038914 0.45398693 106.45912
0.46032557 -0.06163899 -0.88560767 -94.063856 0.032014328 0.99809036 -0.052827308 -9.6864777 0.88717277 -0.0040343745 0.46141984 106.95354
0.46714903 -0.059334661 -0.88218542 -95.058128 0.028799121 0.99823747 -0.05189 -9.7579854 0.88370949 -0.0011658023 0.46803445 107.47956
0.47666531 -0.058642544 -0.87712665 -96.001342 0.027625826 0.99827895 -0.051729524 -9.8350382 0.8786507 0.00042632044 0.477465 107.99132
0.48406907 -0.059919551 -0.87297578 -96.978676 0.029809348 0.99820284 -0.051985501 -9.9144616 0.87452193 -0.00085826683 0.48498529 108.51174
0.49486711 -0.060171033 -0.86688288 -97.950004 0.0284503 0.99818682 -0.05304386 -9.9940436 0.86850284 0.0015865834 0.49568172 109.07838
0.50465389 -0.061680573 -0.86111549 -98.897892 0.026900187 0.99808362 -0.055726656 -10.07582 0.8629026 0.0049585053 0.505346 109.6042
0.51646116 -0.060646072 -0.85416032 -99.83953 0.021703392 0.99809555 -0.057742809 -10.149881 0.85603557 0.011283742 0.51679381 110.15128
0.52735294 -0.058583956 -0.84762417 -100.74419 0.019573206 0.99819295 -0.056813038 -10.231509 0.84942087 0.0133698 0.52754667 110.70899
0.5412578 -0.05789504 -0.83886119 -101.65733 0.021279064 0.99825045 -0.055165612 -10.316577 0.84058744 0.012008637 0.5415428 111.28137
0.55396588 -0.055124124 -0.83071239 -102.55684 0.018998115 0.99838275 -0.053581321 -10.385789 0.83232261 0.013900254 0.55411723 111.88538
0.56414254 -0.054620581 -0.82386876 -103.44652 0.019768464 0.99841701 -0.052656307 -10.46884 0.82544077 0.013419043 0.56432927 112.49526
0.57519426 -0.054263627 -0.81621502 -104.32946 0.018711997 0.99840909 -0.053189741 -10.544026 0.81780284 0.015321421 0.57529456 113.1029
0.58752285 -0.055319259 -0.80731445 -105.18043 0.019068755 0.99832999 -0.054530854 -10.61618 0.80898291 0.01664364 0.58759655 113.69532
0.59874494 -0.057872155 -0.7988462 -106.00789 0.022420071 0.99820635 -0.05551062 -10.698365 0.80062594 0.015326514 0.5989685 114.31349
0.60697944 -0.056776618 -0.79268677 -106.79802 0.02079336 0.99823784 -0.055577345 -10.776048 0.7944455 0.017251684 0.60709042 114.91942
0.61961576 -0.054684998 -0.78299796 -107.62038 0.02001773 0.99834652 -0.053884274 -10.843941 0.78465002 0.017713703 0.61968591 115.59433
0.62860309 -0.052605762 -0.77594506 -108.41141 0.021082282 0.99849571 -0.050614718 -10.919107 0.77744051 0.015457876 0.62876654 116.22799
0.63758428 -0.052249348 -0.76860669 -109.18418 0.021959553 0.9985246 -0.049662844 -10.995135 0.77006761 0.014785988 0.63779096 116.86015
0.64778328 -0.050076623 -0.76017702 -109.96898 0.017880021 0.99856178 -0.050543785 -11.066648 0.76161485 0.019149437 0.647747 117.50823
0.65809373 -0.049333785 -0.75131802 -110.71768 0.015641216 0.99853155 -0.051866126 -11.137818 0.75277357 0.022381245 0.65789899 118.16551
0.66721356 -0.048839754 -0.74326355 -111.46836 0.01597354 0.99855677 -0.051275896 -11.20839 0.74469521 0.022339423 0.66703076 118.81546
0.67573219 -0.04842524 -0.73555487 -112.16688 0.017502487 0.99861258 -0.049664631 -11.277259 0.73693943 0.02068595 0.67564222 119.45746
0.68388665 -0.046642841 -0.72809577 -112.87445 0.017348543 0.99871182 -0.047683727 -11.341475 0.72938201 0.019978863 0.68381486 120.14372
0.69430409 -0.044415043 -0.71830989 -113.60516 0.015616743 0.99878861 -0.046662968 -11.410141 0.71951233 0.021180629 0.69415663 120.79086
0.70060602 -0.045299777 -0.7121089 -114.25762 0.016827295 0.99875414 -0.04697882 -11.477923 0.71334991 0.020930778 0.70049544 121.43498
0.70844213 -0.042757626 -0.7044725 -114.92799 0.014288314 0.99882749 -0.046254537 -11.541871 0.70562429 0.022702938 0.70822241 122.1243
0.71473257 -0.040148625 -0.69824451 -115.6104 0.013481783 0.99895638 -0.043639235 -11.59967 0.69926792 0.021776801 0.71452794 122.77448
0.72265967 -0.03820384 -0.6901474 -116.24609 0.013486311 0.99906062 -0.04118242 -11.657341 0.69107247 0.020453332 0.72249605 123.44989
0.73010404 -0.036966377 -0.68233535 -116.88401 0.013052732 0.99910795 -0.040161409 -11.713806 0.68321135 0.020415667 0.72993526 124.11153
0.73635607 -0.03463898 -0.67570692 -117.49604 0.010573375 0.99915579 -0.039697638 -11.771479 0.67651162 0.022087094 0.73610069 124.77789
0.74486079 -0.032296406 -0.66643777 -118.12187 0.0090086354 0.99922357 -0.038354896 -11.825077 0.66715911 0.022565363 0.74457341 125.44122
0.75428906 -0.030059628 -0.65585395 -118.69425 0.0087449155 0.9993227 -0.035744353 -11.880486 0.65648426 0.021226187 0.75404105 126.1233
0.76295913 -0.026006136 -0.64592337 -119.24679 0.0061497971 0.99943725 -0.032975208 -11.92265 0.64641749 0.021186438 0.76268971 126.76291
0.77303161 -0.024094762 -0.63390972 -119.78568 0.0053613256 0.99949087 -0.031452461 -11.976063 0.63434487 0.02091515 0.77276722 127.41698
0.78239872 -0.023456711 -0.62233592 -120.32507 0.0040196943 0.99945982 -0.032617491 -12.018668 0.6227649 0.023018283 0.78207037 128.10566
0.79232707 -0.023799897 -0.60963215 -120.84016 0.003805507 0.99941217 -0.034070875 -12.064821 0.61008472 0.024675317 0.79195189 128.77093
0.80129893 -0.02293183 -0.5978245 -121.32741 0.0034220172 0.99942445 -0.033749993 -12.113086 0.59825442 0.024998067 0.80091621 129.44523
0.81111015 -0.021818268 -0.58448633 -121.83215 0.0033165912 0.9994595 -0.032706248 -12.149792 0.58488406 0.024589867 0.81074411 130.1323
0.82100048 -0.019943723 -0.57057903 -122.31306 0.0032343651 0.99953612 -0.030283371 -12.189592 0.57091836 0.023017201 0.82068414 130.84019
0.83031968 -0.018690646 -0.55697384 -122.79223 0.0039164505 0.99960845 -0.027705829 -12.233317 0.55727364 0.020823335 0.83006777 131.53453
0.83899731 -0.017676994 -0.54384834 -123.25082 0.0046743458 0.99966944 -0.025281656 -12.270465 0.54411552 0.018669106 0.8388026 132.23937
0.84713984 -0.016847612 -0.53110283 -123.70657 0.0054786627 0.99972104 -0.022974306 -12.306727 0.53134179 0.016552717 0.84699583 132.9536
0.85416365 -0.016973248 -0.51972718 -124.13686 0.0067048815 0.99974356 -0.021630252 -12.341199 0.51996108 0.014991066 0.85405841 133.68052
0.86066414 -0.017049205 -0.50888755 -124.55033 0.0071674622 0.99974589 -0.021372296 -12.378378 0.50912266 0.014746937 0.86056764 134.40141
0.86734599 -0.015865383 -0.49745272 -124.99051 0.0063174142 0.99976222 -0.020870782 -12.406529 0.4976656 0.014959574 0.86723998 135.14903
0.87344981 -0.014374297 -0.48670194 -125.38842 0.004978667 0.99977555 -0.020592593 -12.439226 0.48688875 0.015563469 0.87332534 135.8586
0.87909012 -0.013073488 -0.47647626 -125.79063 0.0039758095 0.99979013 -0.020096803 -12.466639 0.47663904 0.015772522 0.87895761 136.60622
0.88507443 -0.013899284 -0.46524192 -126.19357 0.0050518437 0.99978202 -0.020258272 -12.49898 0.46542212 0.015579749 0.88495172 137.36459
0.88984508 -0.014840021 -0.45602137 -126.59256 0.0059214724 0.99976236 -0.020979941 -12.533441 0.45622438 0.015968579 0.88972149 138.13081
0.89441991 -0.015541993 -0.44695801 -126.97851 0.0065659311 0.9997446 -0.021624682 -12.56482 0.44717998 0.01640685 0.89429352 138.91251
0.89722707 -0.014930772 -0.44131693 -127.35452 0.006239954 0.9997571 -0.021137848 -12.592588 0.44152537 0.016211652 0.8971023 139.67859
0.90040747 -0.013247969 -0.43484578 -127.75525 0.0060405542 0.99982059 -0.017952646 -12.624308 0.43500564 0.013537987 0.90032596 140.47505
0.90369691 -0.0095896987 -0.42806532 -128.13177 0.0040597538 0.99989613 -0.013829469 -12.653398 0.42815351 0.010759808 0.90364197 141.28392
0.90715505 -0.0066148324 -0.4207445 -128.52732 0.0021134828 0.99993545 -0.011163898 -12.671126 0.42079123 0.0092381503 0.90711048 142.11625
0.91012929 -0.0041548351 -0.41430351 -128.90005 0.00054233828 0.99996081 -0.0088366966 -12.696354 0.41432402 0.0078178436 0.91009588 142.93482
0.91313424 -0.0020600428 -0.40765377 -129.29453 -0.00075306218 0.999977 -0.006740137 -12.71196 0.40765832 0.0064616383 0.91311169 143.78051
0.91622574 -0.0010355618 -0.40066108 -129.68576 -0.00065318444 0.99999147 -0.0040783033 -12.730692 0.40066192 0.0039983518 0.91621725 144.64736
0.91984785 -0.00099115353 -0.39227407 -130.05035 0.00019751478 0.99999785 -0.0020635265 -12.750077 0.3922753 0.0018206502 0.91984607 145.53183
0.92284561 -0.0011712399 -0.38516826 -130.43285 0.00081330972 0.99999907 -0.001092197 -12.770571 0.38516921 0.00069466779 0.92284571 146.4139
0.92614202 -0.002129339 -0.37716894 -130.79776 0.00180095 0.99999763 -0.0012233207 -12.767229 0.37717068 0.00045370605 0.92614366 147.29694
0.92995445 -0.0042867766 -0.36764975 -131.15863 0.0041352512 0.99999073 -0.0011998973 -12.798233 0.36765152 -0.00040447457 0.92996355 148.23652
0.93388078 -0.0060414165 -0.35753345 -131.52294 0.0054517203 0.99998161 -0.0026572309 -12.805282 0.35754296 0.00053236425 0.93389655 149.14554
0.93816901 -0.0068956869 -0.34610888 -131.87497 0.0056437599 0.99997338 -0.0046248542 -12.832839 0.34613158 0.0023855392 0.93818295 150.08837
0.94312714 -0.0050492025 -0.33239389 -132.22195 0.0034544167 0.99997951 -0.0053886224 -12.848389 0.33241432 0.0039339288 0.94312526 151.05495
0.94863645 -0.0018227246 -0.31636302 -132.55583 0.00049055741 0.99999068 -0.0042904731 -12.865555 0.31636791 0.0039149047 0.9486285 152.04264
0.95461862 0.0020492034 -0.29782391 -132.87702 -0.0026194699 0.99999542 -0.0015156629 -12.875594 0.29781947 0.0022270206 0.95461962 153.0574
0.96053613 0.0047023554 -0.27811547 -133.2007 -0.0048506564 0.99998822 0.00015486224 -12.892728 0.27811295 0.0012002916 0.96054763 154.05764
0.96673528 0.0067300549 -0.25569044 -133.48183 -0.006684001 0.99997711 0.0010490873 -12.916823 0.25569167 0.00069484526 0.96675814 155.10849
0.97189255 0.0079296375 -0.2352913 -133.73806 -0.0076571836 0.99996854 0.0020715969 -12.919033 0.23530034 -0.00021170109 0.97192269 156.15539
0.97696608 0.0085763259 -0.21322221 -133.96835 -0.007650145 0.99995738 0.0051684513 -12.936115 0.21325747 -0.0034182211 0.97699006 157.22151
0.98158144 0.010736119 -0.19074225 -134.19287 -0.0092932231 0.99992105 0.0084575739 -12.938443 0.19081801 -0.0065291875 0.98160372 158.32257
0.98570855 0.012342038 -0.1680069 -134.38577 -0.01036317 0.99986628 0.01265021 -12.953201 0.16814058 -0.010728337 0.98570465 159.41932
0.98930423 0.014035448 -0.14519 -134.56467 -0.011859903 0.99980422 0.015838897 -12.944841 0.14538389 -0.013947549 0.989277 160.55168
0.99229117 0.015665442 -0.12293425 -134.73128 -0.01379651 0.99977617 0.016039321 -12.949999 0.12315801 -0.014219613 0.9922852 161.66821
0.99475822 0.015518167 -0.10107063 -134.85314 -0.014167435 0.99980066 0.014068402 -12.946767 0.1012688 -0.012562747 0.99477978 162.82648
0.99669806 0.015682733 -0.079668231 -134.96016 -0.014707224 0.9998097 0.012816759 -12.943059 0.079854079 -0.01160274 0.99673903 163.99758
0.99811803 0.013876708 -0.05973132 -135.02694 -0.013023034 0.99980776 0.014657583 -12.944144 0.059923242 -0.013852115 0.99810687 165.14691
0.99911612 0.014588108 -0.039423023 -135.09869 -0.013935289 0.99976203 0.01678373 -12.941566 0.039658488 -0.016219524 0.99908164 166.34711
0.99971701 0.015042059 -0.018429017 -135.13339 -0.014719221 0.99973798 0.017530171 -12.946624 0.018687879 -0.01725395 0.99967648 167.57475
0.99986868 0.016050636 0.0022344937 -135.13123 -0.01608856 0.99970605 0.01813752 -12.932388 -0.0019427183 -0.018171088 0.999833 168.77446
0.9995967 0.016458825 0.023141853 -135.11984 -0.016892068 0.99968333 0.018651961 -12.930339 -0.022827537 -0.019035353 0.99955818 170.00736
0.99892996 0.018421541 0.042421553 -135.08502 -0.019205902 0.99965067 0.018156886 -12.929024 -0.042072259 -0.018952202 0.9989348 171.24039
0.99784684 0.019818046 0.062521456 -135.00327 -0.02090774 0.99963986 0.016823218 -12.919412 -0.062165542 -0.018094178 0.99790182 172.50184
0.99650117 0.019485494 0.081275676 -134.90863 -0.020744754 0.99967705 0.014678063 -12.915213 -0.080963425 -0.016312751 0.99658357 173.74774
0.99477853 0.021490536 0.099768886 -134.79211 -0.022805142 0.99966725 0.012054653 -12.914511 -0.099476636 -0.014266954 0.99493761 175.01052
0.99261134 0.022359265 0.11925937 -134.65759 -0.023776757 0.9996624 0.010475996 -12.922824 -0.11898488 -0.013234194 0.99280786 176.30723
0.98982675 0.022254282 0.14052669 -134.48641 -0.023577383 0.99969192 0.0077572276 -12.929897 -0.14031077 -0.010991563 0.9900465 177.61933
0.98724946 0.023276651 0.15746966 -134.29775 -0.023956068 0.99971009 0.0024176779 -12.936196 -0.15736774 -0.006159205 0.98752087 178.89168
0.98419296 0.025035576 0.17532098 -134.0803 -0.024737712 0.99968643 -0.0038845638 -12.960424 -0.17536327 -0.0005138794 0.98450366 180.19432
0.9810929 0.027545849 0.1915671 -133.85859 -0.026212554 0.99961133 -0.0094911594 -12.978003 -0.1917541 0.0042902463 0.98143363 181.49161
0.97741942 0.029562379 0.20923033 -133.57975 -0.027355519 0.99953549 -0.013434158 -13.017691 -0.2095303 0.0074072033 0.9777741 182.81749
0.97317694 0.03188094 0.22783821 -133.28538 -0.028984165 0.99945101 -0.016049631 -13.052215 -0.22822483 0.009015431 0.97356672 184.13369
0.96942175 0.031284678 0.24339829 -132.97589 -0.028232252 0.99947301 -0.016019972 -13.094564 -0.24377122 0.0086584281 0.96979412 185.4593
0.96463087 0.030291556 0.26185816 -132.61407 -0.026873949 0.9995006 -0.016623463 -13.127606 -0.26223096 0.0089983428 0.96496319 186.79893
0.95977119 0.030075969 0.27916785 -132.24583 -0.025154359 0.99945885 -0.021196086 -13.193797 -0.2796543 0.013321104 0.96000835 188.14004
0.95499358 0.031240516 0.29497675 -131.84664 -0.024751754 0.99936306 -0.025706612 -13.240649 -0.29559198 0.017248458 0.95515856 189.46939
0.94943936 0.033616321 0.31214554 -131.43054 -0.026801302 0.99930003 -0.026098661 -13.286698 -0.31280442 0.016413189 0.94967574 190.8057
0.94363168 0.035192825 0.32912113 -130.98222 -0.028094643 0.99925924 -0.026299624 -13.345564 -0.32980291 0.015570618 0.9439214 192.13466
0.93740462 0.039390654 0.34600715 -130.50226 -0.031014334 0.99907716 -0.029714197 -13.396011 -0.34685833 0.017123045 0.93776122 193.49125
0.93043671 0.040213568 0.36423946 -129.9989 -0.030187976 0.99899341 -0.033178971 -13.465103 -0.3652071 0.019875282 0.93071411 194.81688
0.92405542 0.04135246 0.38001518 -129.47764 -0.030030292 0.99891207 -0.035677046 -13.532427 -0.38107712 0.021555602 0.92429194 196.1611
0.91635041 0.041557205 0.39821467 -128.89654 -0.027587542 0.99878847 -0.040749388 -13.614646 -0.39942568 0.026354956 0.91638668 197.51301
0.90768445 0.045010022 0.41723257 -128.32323 -0.028167261 0.99852384 -0.046440755 -13.701178 -0.418707 0.030401253 0.90761237 198.82435
0.89829141 0.048365262 0.43673026 -127.69162 -0.029425178 0.99831396 -0.050033934 -13.785817 -0.43841386 0.032094189 0.89820002 200.10642
0.88596317 0.051349952 0.46090393 -127.05452 -0.031089102 0.99819157 -0.051449532 -13.873026 -0.46271239 0.031253302 0.88595739 201.44283
0.87323422 0.055605249 0.48411779 -126.37244 -0.033758143 0.9979844 -0.053735697 -13.973719 -0.48613003 0.030580933 0.87335126 202.74359
0.85866481 0.059993517 0.50901425 -125.64699 -0.035936198 0.99772875 -0.056973079 -14.078252 -0.51127621 0.030628742 0.8588705 204.04273
0.84326692 0.063575903 0.53372182 -124.89125 -0.037297742 0.99750783 -0.059891707 -14.186127 -0.5361994 0.030598078 0.84353659 205.30622
0.82841565 0.065266798 0.55629823 -124.07542 -0.036870226 0.99738797 -0.062111373 -14.302311 -0.55889902 0.030943193 0.82865821 206.56544
0.81182944 0.066208705 0.58012872 -123.23579 -0.035382831 0.99730281 -0.064305219 -14.412482 -0.58282162 0.031678274 0.81198243 207.78281
0.79641796 0.068418268 0.60086383 -122.36444 -0.033580986 0.99704989 -0.069020508 -14.539142 -0.60381353 0.034791573 0.79636599 208.99137
0.77931609 0.070980781 0.62259789 -121.46732 -0.031719229 0.99675854 -0.07393439 -14.668599 -0.62582774 0.037869936 0.77904142 210.17842
0.76327759 0.07260776 0.64197772 -120.53852 -0.029790613 0.99656333 -0.077291972 -14.796293 -0.64538351 0.039870322 0.76281749 211.33563
0.7467277 0.074336505 0.66096277 -119.5484 -0.027966051 0.99636517 -0.080463352 -14.947328 -0.66454171 0.041599697 0.74609237 212.5183
0.73061241 0.075 0.67866079 -118.51778 -0.025895074 0.99627748 -0.082223034 -15.094052 -0.68230125 0.042499199 0.72983482 213.67141
0.71537215 0.075480921 0.69465479 -117.47237 -0.023756426 0.9962009 -0.083781868 -15.235136 -0.69833972 0.043432701 0.71444753 214.75261
0.69998389 0.076448543 0.71005502 -116.42067 -0.021314348 0.9960474 -0.086228068 -15.392051 -0.71384052 0.0452239 0.69884658 215.8433
0.68481229 0.07790694 0.72454302 -115.33969 -0.018541834 0.99580972 -0.089549979 -15.547369 -0.72848361 0.047890571 0.68338727 216.8941
0.66991934 0.080262453 0.73808263 -114.1988 -0.016196154 0.99548257 -0.093552879 -15.716682 -0.74225724 0.050718785 0.66819297 217.92159
0.65447364 0.082933402 0.75152262 -113.06221 -0.014811649 0.99518165 -0.096923183 -15.878279 -0.75593976 0.052302381 0.65254854 218.95789
0.63837431 0.083171975 0.76521932 -111.89499 -0.013417768 0.9951964 -0.096974669 -16.053288 -0.76960915 0.051638605 0.6364238 219.95059
0.62238123 0.084665668 0.77812163 -110.73387 -0.01431181 0.99519727 -0.096837866 -16.222828 -0.78258343 0.049133743 0.62060382 220.91171
0.60580948 0.085796595 0.79097014 -109.57629 -0.016453587 0.99530695 -0.095359108 -16.401415 -0.79543963 0.044755157 0.60437804 221.8655
0.58685108 0.085657845 0.80515122 -108.35821 -0.017680274 0.995507 -0.093022644 -16.555869 -0.80950186 0.040355147 0.58572882 222.76633
0.56995067 0.088177932 0.8169338 -107.14547 -0.020960116 0.99546184 -0.092824576 -16.734483 -0.82141157 0.035782403 0.56921236 223.65102
0.55058322 0.09159101 0.82974041 -105.93889 -0.022513006 0.99523031 -0.094919886 -16.916037 -0.83447669 0.033581346 0.5500191 224.50893
0.5321087 0.094464386 0.84138977 -104.69772 -0.023929257 0.99503739 -0.096581433 -17.081963 -0.84633786 0.03125799 0.53172852 225.31183
0.51286808 0.095233745 0.85316869 -103.45628 -0.024508648 0.99504692 -0.096337736 -17.263326 -0.85811755 0.028498539 0.51266185 226.08828
0.49184027 0.094156606 0.86557935 -102.21255 -0.025013438 0.99525327 -0.094049208 -17.435476 -0.87032611 0.024606073 0.49186082 226.84096
0.47060276 0.092142702 0.87752077 -100.94428 -0.024067882 0.99550278 -0.091623932 -17.600208 -0.88201692 0.021998409 0.47070403 227.54243
0.44937935 0.090842478 0.88871018 -99.703718 -0.024862429 0.99570272 -0.089207304 -17.763131 -0.89299503 0.017992428 0.4497068 228.21776
0.4267261 0.089119751 0.89997913 -98.422967 -0.022431602 0.99586971 -0.087979272 -17.918223 -0.90410272 0.017355079 0.42696269 228.82979
