1.000000000000000000e+00 -3.306050084167601550e-19 -2.270457535318767223e-19 -8.673617379884035472e-19 7.546676715296109287e-19 1.000000000000000000e+00 6.237773588823049983e-19 1.387778780781445676e-17 -3.447385680526250622e-20 4.770700176052009879e-20 1.000000000000000222e+00 5.551115123125782702e-17
9.999295320027070666e-01 -2.404554647196307550e-03 1.162626277887063297e-02 1.459205864426564060e-02 2.395314045129395830e-03 9.999968007048165575e-01 8.088692013351178860e-04 -4.830303453671386249e-03 -1.162817122975448245e-02 -7.809558353391461141e-04 9.999321062611349342e-01 3.034472637071772283e-01
9.998204300968930314e-01 -6.279890411932047278e-03 1.787915493450617510e-02 3.099507875872455770e-02 6.259510917406623139e-03 9.999796632177481159e-01 1.195138401898385118e-03 -8.458227333567019945e-03 -1.788630387451412354e-02 -1.082995387539983185e-03 9.998394177937575122e-01 5.843791232021752213e-01
9.997754977096897644e-01 -8.237641889914397789e-03 1.951841926581593736e-02 3.784648104845270145e-02 8.242924964149385761e-03 9.999660299647686879e-01 -1.901538624908709124e-04 -1.995402774575692761e-02 -1.951619293374145733e-02 3.509648217743543443e-04 9.998094109318039768e-01 8.855612489949316046e-01
9.997468064343675298e-01 -1.002213592932692417e-02 2.014260942134625185e-02 4.552722056297004577e-02 1.005788068905380181e-02 9.999479920306874048e-01 -1.674016955560490285e-03 -2.287050309199666065e-02 -2.012479099216027412e-02 1.876233439476425674e-03 9.997956414267603620e-01 1.193654452139341071e+00
9.998754059382211068e-01 -1.146703680797996061e-02 1.085046324055770686e-02 4.727802079948625891e-02 1.150286273933860508e-02 9.999286312730747417e-01 -3.245424826617608789e-03 -1.782016167712147103e-02 -1.081248874914779792e-02 3.369808195076790403e-03 9.999358481189046799e-01 1.514220529768023349e+00
9.999099492934722111e-01 -1.342215432208558948e-02 5.725252109124448149e-05 3.430709007172436098e-02 1.342227621167190257e-02 9.998998532426299768e-01 -4.486299909465849001e-03 -2.965985266604641291e-02 2.943560900687433846e-06 4.486665289271620470e-03 9.999899258574527217e-01 1.838629253867335223e+00
9.997904229058452996e-01 -1.334188745631196063e-02 -1.553105283677762294e-02 1.977797667805310591e-02 1.326145085166306227e-02 9.998981649436051722e-01 -5.270237905083002133e-03 -3.797330935440026978e-02 1.559980839984049725e-02 5.063211717588200420e-03 9.998655098029852750e-01 2.168720749137639014e+00
9.993366579870087696e-01 -8.990057274378704735e-03 -3.529899069944521933e-02 -1.672639839205786530e-02 8.798828068820213275e-03 9.999457644246600996e-01 -5.569008288294684424e-03 -4.366288156624519023e-02 3.534717410251431852e-02 5.254710947078314320e-03 9.993615719196914382e-01 2.518796404653309118e+00
9.985072163511815591e-01 -5.049751014703166528e-03 -5.438469439350789719e-02 -5.803591161751531224e-02 4.700687273562459412e-03 9.999675517830932669e-01 -6.544530463345406106e-03 -4.940678022280525772e-02 5.441598598206306286e-02 6.279068131520074841e-03 9.984985080040312821e-01 2.867336923386310854e+00
9.972306838161766329e-01 -3.971985311717902284e-03 -7.426835318959391918e-02 -1.100979444936756868e-01 3.508147339294462406e-03 9.999735230124423557e-01 -6.376235552982912995e-03 -5.343903653306081303e-02 7.429171798469404175e-02 6.098007696919259188e-03 9.972182289318792803e-01 3.232366969810462010e+00
9.954325013886750062e-01 -4.653124896941942396e-03 -9.535638620751143990e-02 -1.673852634710846221e-01 4.119207023356343499e-03 9.999747173657297372e-01 -5.795811809773702625e-03 -6.020150257232502466e-02 9.538094691385622104e-02 5.376591689393612518e-03 9.954264809488120314e-01 3.613522781062891820e+00
9.933332084460835265e-01 -6.263955876399451145e-03 -1.151273318875824930e-01 -2.225054818020001379e-01 5.775115880611242716e-03 9.999728551719920810e-01 -4.580335745931868839e-03 -6.960965044949062042e-02 1.151529044209421981e-01 3.885018516981758683e-03 9.933423767429475637e-01 4.000728646512984987e+00
9.911964436237851173e-01 -4.317609705785159513e-03 -1.323650720780215340e-01 -3.000561428095090410e-01 3.887747102607289843e-03 9.999863013881907792e-01 -3.506631296919567563e-03 -7.395233268545095551e-02 1.323784195189986745e-01 2.961101802734813354e-03 9.911996121085383527e-01 4.398065970006405756e+00
9.889073230815397242e-01 -3.319111801632768435e-03 -1.484905420885282157e-01 -3.818956160047378701e-01 2.913386170015708123e-03 9.999913757169142103e-01 -2.950160471587865395e-03 -8.283675816210317455e-02 1.484990810809845851e-01 2.484729089870968931e-03 9.889084653937461056e-01 4.816463062190540434e+00
9.866030990606297069e-01 -1.996535315678335271e-03 -1.631232380309175500e-01 -4.639279926639491847e-01 1.523435693521174583e-03 9.999942376341934835e-01 -3.024936050986686432e-03 -8.902089345938316023e-02 1.631283644199587046e-01 2.735804825145557451e-03 9.866004811076064529e-01 5.238336372531921192e+00
9.845530131388794404e-01 -4.244789352848879135e-03 -1.750015373185250800e-01 -5.555705655085524386e-01 3.622553470332635396e-03 9.999859453598045622e-01 -3.875023394691744574e-03 -9.459021690667654414e-02 1.750155305419975882e-01 3.181112733737649460e-03 9.845545430691567956e-01 5.672492130265773369e+00
9.827686618511851657e-01 -7.178592529593597407e-03 -1.846810447359087670e-01 -6.430947304917407070e-01 6.239638708918016780e-03 9.999645151062680482e-01 -5.663112052397905986e-03 -1.096520109191535669e-01 1.847151754786316435e-01 4.413109263767271175e-03 9.827785622965449219e-01 6.125165219484584256e+00
9.813549367158347358e-01 -5.959641883270063757e-03 -1.920925243287977535e-01 -7.392819416753957373e-01 4.585504305440721989e-03 9.999606073342358625e-01 -7.598190689042039030e-03 -1.178074924743552493e-01 1.921302552562587918e-01 6.575734925519149780e-03 9.813436361142667819e-01 6.587558411526132751e+00
9.799292539250008538e-01 -5.254342456501551357e-03 -1.993071076471758796e-01 -8.554301188948338908e-01 3.484524314653110553e-03 9.999513316766697191e-01 -9.228915274267080263e-03 -1.191871307581319345e-01 1.993459407286773954e-01 8.349054532127505104e-03 9.798998690339499884e-01 7.062376696943646337e+00
9.783536434379098701e-01 -5.756258322316114111e-03 -2.068362050755402359e-01 -9.685869526242479877e-01 3.370237834567014340e-03 9.999236759256646678e-01 -1.188791093395188264e-02 -1.319950708880654466e-01 2.068888488591942854e-01 1.093355712879101951e-02 9.782983723364074846e-01 7.548856452110305426e+00
9.767033272108559538e-01 -9.892576255742047478e-03 -2.143617258470680575e-01 -1.083589573894563118e+00 7.106815395423478517e-03 9.998799063200924930e-01 -1.376170106875603157e-02 -1.399783328277517391e-01 2.144721001173147401e-01 1.191796228805164053e-02 9.766565650148893996e-01 8.051589849899349005e+00
9.748216493361936408e-01 -1.542377207614902164e-02 -2.224961397720306155e-01 -1.194363362999429912e+00 1.241835083050154762e-02 9.998117685146217237e-01 -1.490156483088308711e-02 -1.573608235685821088e-01 2.226841731092860932e-01 1.176343874906473838e-02 9.748297707974088455e-01 8.568287259575939174e+00
9.729906782305175472e-01 -1.684207173214557346e-02 -2.302139395538239652e-01 -1.326375324908206865e+00 1.336039641363570216e-02 9.997715869580295900e-01 -1.667402595910728522e-02 -1.814629238646864595e-01 2.304422871784830573e-01 1.314639308636990356e-02 9.729937529732266555e-01 9.096118541875366503e+00
9.709580226821371562e-01 -1.278726563799529800e-02 -2.389284926868499304e-01 -1.486578757321709521e+00 8.091054398698404454e-03 9.997543622937151708e-01 -2.062896075566097998e-02 -1.824410871098066100e-01 2.391335960952818696e-01 1.809718346270222308e-02 9.708231474986659393e-01 9.628601243611274896e+00
9.689312525360247452e-01 -1.060418909704342882e-02 -2.470987074244649917e-01 -1.639523532068085432e+00 4.699391511884034103e-03 9.996893383906843011e-01 -2.446763882556214631e-02 -1.933082073717864446e-01 2.472814346794125762e-01 2.254654700007367035e-02 9.686802103504519312e-01 1.017784890015303390e+01
9.665229672166849584e-01 -1.275843800872073289e-02 -2.562181332116368337e-01 -1.792237017958616674e+00 6.321401033068300632e-03 9.996437237058272141e-01 -2.592224407743071515e-02 -2.145349828634366129e-01 2.564576088057910486e-01 2.343473763174987179e-02 9.662593444816933719e-01 1.073680855726624372e+01
9.641151161699265115e-01 -1.526272408401020513e-02 -2.650090667872718742e-01 -1.955327129665835661e+00 8.026369289185177752e-03 9.995653201756896644e-01 -2.836582839741485368e-02 -2.439001572177539601e-01 2.653267930270871156e-01 2.522074882423038997e-02 9.638186791214555793e-01 1.130771914318616389e+01
9.624056525313611221e-01 -1.451807931278155384e-02 -2.712440538628511089e-01 -2.130964057253811106e+00 6.301543104018969381e-03 9.994950642631028614e-01 -3.113201332672268368e-02 -2.667704360345544146e-01 2.715591946861890538e-01 2.825226592365182032e-02 9.620113315453800995e-01 1.189175525757095464e+01
9.601715229268249496e-01 -1.396493403198382534e-02 -2.790884054072622633e-01 -2.318765625259162633e+00 4.546868775946585547e-03 9.993988370359743190e-01 -3.437715788638588676e-02 -2.911828280960064852e-01 2.794005316178344578e-01 3.173972466240741752e-02 9.596578957859500658e-01 1.247696242074631101e+01
9.580602101161578288e-01 -1.536913233974432358e-02 -2.861689484110567228e-01 -2.511402871065771425e+00 4.176565425610191326e-03 9.992034586140666752e-01 -3.969084861000703179e-02 -3.212201925012786452e-01 2.865509815337219934e-01 3.683096741350706110e-02 9.573613799071658548e-01 1.307617813034328869e+01
9.561548567000763832e-01 -1.610004478668386127e-02 -2.924572136671227396e-01 -2.714922558451211110e+00 2.565927251402949638e-03 9.989098273050088794e-01 -4.660496292890896342e-02 -3.590275329859576869e-01 2.928888053682492942e-01 4.381120716730779741e-02 9.551539720579949044e-01 1.369245886321515826e+01
9.547578682597072097e-01 -1.680121356695360099e-02 -2.969198622489740425e-01 -2.918544296461976106e+00 3.926258505121860858e-04 9.984729456435466055e-01 -5.524145277102259638e-02 -3.932093006638054389e-01 2.973946289420719702e-01 5.262545038383686924e-02 9.533066592984981158e-01 1.431889957438986372e+01
9.536057312159935684e-01 -1.684839358131499237e-02 -3.006177841240379456e-01 -3.127836699536122200e+00 -2.391364502841209199e-03 9.979772775426700715e-01 -6.353186771906260688e-02 -4.391485145407545421e-01 3.010799239505128622e-01 6.130452405491816636e-02 9.516365718916660610e-01 1.495652834914390539e+01
9.527748457428182327e-01 -1.673851595992514874e-02 -3.032689235867376820e-01 -3.352644693288083566e+00 -5.651327652279008844e-03 9.973296036187975222e-01 -7.281255071449130312e-02 -4.855751572749762435e-01 3.036776349012492715e-01 7.108897755276873121e-02 9.501358527242610430e-01 1.559840965405666857e+01
9.510693728620046583e-01 -1.551317321587689264e-02 -3.085922739820474714e-01 -3.575972268242290752e+00 -9.654338181794423421e-03 9.967589934141999342e-01 -7.986354305869132475e-02 -5.448345867084368743e-01 3.088313700948231988e-01 7.893375565633374558e-02 9.478372197185159775e-01 1.626031888998532793e+01
9.498307883004243335e-01 -1.435320650859481413e-02 -3.124199910330809349e-01 -3.813339538198335266e+00 -1.342405485311611024e-02 9.961549947329612076e-01 -8.658561779023521421e-02 -6.052112299481305913e-01 3.124610451684335377e-01 8.643730852623542071e-02 9.459859839153147432e-01 1.692231027613968664e+01
9.481421745127978085e-01 -1.300528727489341264e-02 -3.175495520301139796e-01 -4.055271600057987591e+00 -1.715894770885386181e-02 9.956111357536508999e-01 -9.200234298528768562e-02 -6.753577292462740189e-01 3.173523818525014750e-01 9.268022349467956722e-02 9.437578834858403320e-01 1.760122775992741140e+01
9.469735626967996645e-01 -1.090600111972024090e-02 -3.211523879058341691e-01 -4.306574917210771680e+00 -2.168182052023424899e-02 9.949767842613610469e-01 -9.772491946622902104e-02 -7.496317426772253212e-01 3.206048878998384311e-01 9.950613489997789385e-02 9.419803361778257278e-01 1.829054031603812902e+01
9.449777833622039491e-01 -7.867680710015600293e-03 -3.270854530270285720e-01 -4.565696733711569699e+00 -2.646910542264819741e-02 9.945939549919630140e-01 -1.004249932671452683e-01 -8.235035782412944982e-01 3.261073893162370063e-01 1.035569712127325515e-01 9.396610854945575131e-01 1.899044842041040582e+01
9.432504783766716416e-01 -7.442736505947220027e-03 -3.320114222132869441e-01 -4.836579080410583487e+00 -2.812174196083317909e-02 9.943672925116504580e-01 -1.021837850059525432e-01 -9.026269575611829410e-01 3.309015133019916344e-01 1.057223322741746435e-01 9.377283532838889268e-01 1.970151624368610399e+01
9.412151634388691290e-01 -6.896544903780283363e-03 -3.376787402645237690e-01 -5.111962255474375993e+00 -2.896855451579900126e-02 9.944608159811598735e-01 -1.010290919917943564e-01 -9.926096735538989524e-01 3.365048650530060304e-01 1.048730066768279179e-01 9.358018033062589502e-01 2.042046291400372127e+01
9.392758532846188224e-01 -6.595252038570222769e-03 -3.431110697805624388e-01 -5.389644411586370865e+00 -2.934091232795502102e-02 9.946104765547962856e-01 -9.943358048599602872e-02 -1.070627185649027480e+00 3.419170673499024593e-01 1.034642042401500428e-01 9.340202405951554265e-01 2.114693467637703961e+01
9.367045068253357920e-01 -6.733104261842631950e-03 -3.500721228562238552e-01 -5.680786556261808506e+00 -2.928497421317032001e-02 9.948048127197988144e-01 -9.748842564509235809e-02 -1.156232832625083473e+00 3.489099134914732114e-01 1.015688043941329194e-01 9.316410982595837442e-01 2.189214814308334667e+01
9.342126437671581796e-01 -6.307179210410754355e-03 -3.567203112667068909e-01 -5.973244073407974142e+00 -2.931973105005301200e-02 9.951029620357830785e-01 -9.439591756586740434e-02 -1.241781118369021053e+00 3.555697784545797657e-01 9.864053614859412400e-02 9.294527977271798136e-01 2.263404712390919116e+01
9.296683546347809246e-01 -4.887626295020876602e-03 -3.683470400360708275e-01 -6.283379430242441721e+00 -3.025148286066964634e-02 9.955220592744242758e-01 -8.954362971219968770e-02 -1.319368148304370658e+00 3.671350156464677217e-01 9.438974628144798651e-02 9.253576746413625376e-01 2.338831537414179351e+01
9.268805521007393855e-01 -1.327505646368765677e-03 -3.753911370158642402e-01 -6.607976842696878350e+00 -3.229116607826971325e-02 9.960047063401424872e-01 -8.325268726069971759e-02 -1.401961293526316599e+00 3.740025384854316348e-01 8.928307827735940116e-02 9.231341288042966831e-01 2.414317994858533822e+01
9.233399882181269058e-01 2.678032215491484361e-03 -3.839573201333640884e-01 -6.941659776738278609e+00 -3.579633553969677195e-02 9.962214051516288249e-01 -7.914397801926423281e-02 -1.477198859188028734e+00 3.822944520046919203e-01 8.682263666494724474e-02 9.199467824801591531e-01 2.490027956845269230e+01
9.202510085715573940e-01 3.037643618438169626e-03 -3.913180332755957225e-01 -7.277647927766330405e+00 -3.629242704123143703e-02 9.963229009332027486e-01 -7.760244020909837226e-02 -1.550780866454063212e+00 3.896435036835254051e-01 8.561359832926626612e-02 9.169771993323676540e-01 2.566926995961533109e+01
9.162948380105485624e-01 3.708093153195932048e-03 -4.004624125041608695e-01 -7.626088465468340516e+00 -3.740768091770178133e-02 9.963783457007980848e-01 -7.637902079650396581e-02 -1.627705121333775429e+00 3.987289426787933855e-01 8.496791433990409648e-02 9.131148373763000592e-01 2.644248551747644171e+01
9.124089715354148922e-01 3.485060265611221279e-03 -4.092577716052896442e-01 -7.989065490362520450e+00 -3.781307653058301604e-02 9.964047504691614376e-01 -7.582511992406718027e-02 -1.697998909928990718e+00 4.075221141666138802e-01 8.465953184498878348e-02 9.092603255608842083e-01 2.721244839112375047e+01
9.086802530771930231e-01 4.633625229920276117e-03 -4.175495503848674628e-01 -8.363500526104532540e+00 -3.894897923340110563e-02 9.965183937295050143e-01 -7.370094818493000410e-02 -1.765449073864984841e+00 4.157546634506310013e-01 8.322810380680260856e-02 9.056969749698831063e-01 2.799743164307455245e+01
9.047834633253659664e-01 5.443980403195203960e-03 -4.259168408251851057e-01 -8.749764127255282631e+00 -3.922865237314152043e-02 9.967327554268492484e-01 -7.058161446166520692e-02 -1.836583270153895109e+00 4.241415889887540924e-01 8.056031367739778515e-02 9.020406407410406224e-01 2.879677257038596139e+01
9.017560721331776552e-01 5.467671668249284370e-03 -4.321084051594984432e-01 -9.141346880045766454e+00 -3.784548943447074015e-02 9.970785037054208377e-01 -6.635489916378325970e-02 -1.907557622689442844e+00 4.304823399844427412e-01 7.619816806128625053e-02 8.993288381628666839e-01 2.960116517320387430e+01
8.977523105702386319e-01 8.303827774101548223e-03 -4.404380113254345308e-01 -9.546940359914858121e+00 -3.877657046724951317e-02 9.974306486772444025e-01 -6.023692493023262429e-02 -1.970386766803317480e+00 4.388059032297578765e-01 7.115861342162482783e-02 8.957678755036463381e-01 3.041001848290460430e+01
8.948005947887115452e-01 7.529131813445753135e-03 -4.463208755753010903e-01 -9.968372613507723301e+00 -3.658804466734004446e-02 9.977314779804336009e-01 -5.650143693834949743e-02 -2.036852910502199077e+00 4.448827881030328890e-01 6.688836238534712209e-02 8.930459396972858510e-01 3.122757181863456566e+01
8.904103550822148883e-01 7.486641483250316975e-03 -4.550668497141149849e-01 -1.039580922736956481e+01 -3.591328761086280685e-02 9.979031302201635256e-01 -5.384563733818407277e-02 -2.098323858107366213e+00 4.537096765694829115e-01 6.428640740376014018e-02 8.888119328838095523e-01 3.205088470561508984e+01
8.874521763584691803e-01 6.231459702906765735e-03 -4.609377068822300139e-01 -1.083761404546811136e+01 -3.449768794430027596e-02 9.980019645937998618e-01 -5.292679679913335489e-02 -2.157483600463292461e+00 4.596869671662575652e-01 6.286799169020315659e-02 8.858937990158404219e-01 3.288043816193435731e+01
8.849634754429747119e-01 6.231985592975495744e-03 -4.655312050038211136e-01 -1.129070188774274719e+01 -3.389778221863225943e-02 9.981198728971379941e-01 -5.106539549291851110e-02 -2.210532715675511906e+00 4.643376414164792632e-01 6.097344271768165291e-02 8.835107039746459279e-01 3.371539383309418270e+01
8.815601313035559272e-01 5.870992142850687233e-03 -4.720635066649047640e-01 -1.175663294643849710e+01 -3.327117622690500820e-02 9.982088115189525768e-01 -4.971546531758530563e-02 -2.270343740365724283e+00 4.709259062934800233e-01 5.953352902512584754e-02 8.801764497861344072e-01 3.456465791189793180e+01
8.793779571334476852e-01 4.422297235896801605e-03 -4.761528320076173215e-01 -1.222802875636657483e+01 -3.196835507928437459e-02 9.982488768491049047e-01 -4.977756773870971319e-02 -2.327901484936799381e+00 4.750990580368023020e-01 5.899380528701080734e-02 8.779791616725073355e-01 3.541594931401019863e+01
8.786691627364063839e-01 3.552860155017063988e-03 -4.774682625192607777e-01 -1.270922150718992150e+01 -3.128013875988087250e-02 9.982523212334608598e-01 -5.013685599208361765e-02 -2.385704914030423840e+00 4.764558810699854319e-01 5.898528082564298558e-02 8.772444038627745799e-01 3.628396949440411134e+01
8.767269588733500596e-01 4.021137773092414019e-03 -4.810137908571551213e-01 -1.320715641880447322e+01 -3.209712352052598860e-02 9.982251911358337448e-01 -5.017026811557206284e-02 -2.439164638685049624e+00 4.799580384232773889e-01 5.942861042641548602e-02 8.753001564521506461e-01 3.715712003516356532e+01
8.766100471018070106e-01 4.455400263900333863e-03 -4.811226341730009959e-01 -1.371302673338859890e+01 -3.193011198474643431e-02 9.982920010793481236e-01 -4.893112278879208077e-02 -2.495397051198259497e+00 4.800830121555167418e-01 5.825625656307490546e-02 8.752548312438940270e-01 3.804745642950286566e+01
8.763119586805820926e-01 5.128341276008494508e-03 -4.816830525330383361e-01 -1.421894836614935720e+01 -3.157952871871372302e-02 9.984040483087812667e-01 -4.680649355622162888e-02 -2.553958717988936034e+00 4.806740067191135890e-01 5.623008029076390080e-02 8.750753767539231065e-01 3.894768071196858727e+01
8.759838713870992111e-01 3.062655584418887047e-03 -4.822853825194773347e-01 -1.473512963426060907e+01 -2.929768989702345033e-02 9.984714080564035532e-01 -4.686968369422929437e-02 -2.615778528103485545e+00 4.814047781744364429e-01 5.518613132096029938e-02 8.747344550154209086e-01 3.985570140077039980e+01
8.756368764307672636e-01 1.601488445908878702e-03 -4.830446998193124175e-01 -1.524937942489473741e+01 -2.784852150430855086e-02 9.984981017787371016e-01 -4.716972481235177928e-02 -2.674543667118269408e+00 4.822434930658504038e-01 5.475566132664678315e-02 8.743665014161976501e-01 4.078526741577480408e+01
8.743145943395406183e-01 -1.852934238905594834e-04 -4.852935749970508916e-01 -1.577990770345675564e+01 -2.626769930576836748e-02 9.985163393892532158e-01 -4.770198061514364235e-02 -2.733991945283371638e+00 4.845825236463732755e-01 5.445429758852039087e-02 8.730124171585050830e-01 4.171448752717611796e+01
8.734173581541704312e-01 -1.065338281622602501e-03 -4.869038369293144930e-01 -1.630960585696304577e+01 -2.443899992760471471e-02 9.986417215280645188e-01 -4.601447029171817221e-02 -2.799673694175567995e+00 4.862914988132815974e-01 5.208928403101989457e-02 8.722049865370953281e-01 4.264698751111769326e+01
8.704703970049395556e-01 -8.975818339070946875e-05 -4.921331941795515363e-01 -1.684594228304963082e+01 -2.348099396374970366e-02 9.988539571068709710e-01 -4.170740852937266513e-02 -2.856989582876377831e+00 4.915727128846131833e-01 4.786425732228383884e-02 8.694706283215087872e-01 4.357912895671184828e+01
8.683809770053891874e-01 -3.970224983935738828e-04 -4.959842393048650155e-01 -1.738667455021635533e+01 -2.105300245913446430e-02 9.990686227798279972e-01 -3.767202161330262394e-02 -2.914963359075300353e+00 4.955374651190869728e-01 4.315318888276339915e-02 8.675637659603274709e-01 4.451185846432076687e+01
8.652550166037974444e-01 -1.254824792532448826e-03 -5.012699216504221678e-01 -1.792922499141266357e+01 -1.891009577756515639e-02 9.992036030596992413e-01 -3.514275661739434814e-02 -2.967333384328350476e+00 5.009148123199445024e-01 3.988767007267970260e-02 8.645421871449754381e-01 4.544436570953860155e+01
8.597558106364701080e-01 -4.334387799179677606e-03 -5.108297895724775994e-01 -1.848474964629337336e+01 -1.713744571319153823e-02 9.991560260480693012e-01 -3.732775986768644555e-02 -3.026966627399416687e+00 5.105605124022247754e-01 4.084537759842320204e-02 8.589557761542061520e-01 4.636176200657288859e+01
8.541349733804239897e-01 -7.333407977640851207e-03 -5.200233367320915567e-01 -1.904501777465151235e+01 -1.599259391729924984e-02 9.990572838690227053e-01 -4.036851113238754812e-02 -3.087287583414462855e+00 5.198289673857268145e-01 4.279999620711835012e-02 8.532126075386089470e-01 4.727086470902086290e+01
8.476058262226674467e-01 -6.860716638829250993e-03 -5.306649546400792339e-01 -1.962597101736381688e+01 -1.694563030681556573e-02 9.990565053956479424e-01 -3.999789935055170220e-02 -3.139351614641696209e+00 5.304388059202117534e-01 4.289345560386347012e-02 8.466898908243117861e-01 4.817995127668835664e+01
8.427375323616995706e-01 -3.568802486083739924e-03 -5.382998558911914477e-01 -2.022474783999238213e+01 -1.754749869672524859e-02 9.992646458292810951e-01 -3.409202596809739194e-02 -3.189872141641489467e+00 5.380259066497964371e-01 3.817238394954011044e-02 8.420551171314378802e-01 4.908731005232534272e+01
8.384708052461627981e-01 -2.700402916096418526e-04 -5.449283266612593435e-01 -2.082783880431396994e+01 -1.903374596785220932e-02 9.993752794285593044e-01 -2.977163203520193785e-02 -3.244864223613638465e+00 5.445960670125973291e-01 3.533104551593152509e-02 8.379417814408484100e-01 4.998566436832705051e+01
8.337001312178590196e-01 7.887065412425145862e-04 -5.522043478975077191e-01 -2.143318235795353033e+01 -2.117328076384030616e-02 9.993093519043192430e-01 -3.053905173905463108e-02 -3.293197086744227953e+00 5.517986241685863824e-01 3.715714215447690066e-02 8.331412060028831057e-01 5.087515204259049995e+01
8.300105125727745836e-01 -1.409141679271467022e-03 -5.577056330601388723e-01 -2.203769384453533320e+01 -2.162511985603242717e-02 9.991636624118065413e-01 -3.470007164191943327e-02 -3.344497650880931428e+00 5.572881360616160906e-01 4.086063132563172440e-02 8.292859056390458061e-01 5.176531811459049237e+01
8.275446651662864417e-01 -3.305094998086877209e-03 -5.613435635095842535e-01 -2.265270101417473825e+01 -2.440010512503723930e-02 9.988259541967087207e-01 -4.184478925715957170e-02 -3.403981558290212206e+00 5.608227530067699806e-01 4.832615875165641867e-02 8.264924659069329271e-01 5.264480767920225901e+01
8.242281883758173500e-01 -4.430183505932007958e-03 -5.663169594924056804e-01 -2.327064066037734236e+01 -2.458943833400826368e-02 9.987462259806387799e-01 -4.361546479977564811e-02 -3.458685917261016485e+00 5.658001499917254540e-01 4.987450866257020499e-02 8.230859332006121853e-01 5.352319133953994879e+01
8.214865506202416734e-01 -2.747059197013636787e-03 -5.701314994034509809e-01 -2.389732187541219588e+01 -2.390557093423955129e-02 9.989434604816606056e-01 -3.925613076780212068e-02 -3.518810046271665826e+00 5.696368291368086867e-01 4.588030232267549524e-02 8.205527359760399486e-01 5.440114450155792269e+01
8.181438248242908218e-01 -4.508447786368526889e-04 -5.752008955952109259e-01 -2.452851159717729956e+01 -2.268822701515354687e-02 9.991957667722460856e-01 -3.306645324150452731e-02 -3.571454954610241206e+00 5.747534226998981532e-01 4.009715545335923448e-02 8.174755648632716643e-01 5.529884762292287803e+01
8.140068840268316341e-01 1.023546447296594256e-03 -5.808306042220848786e-01 -2.516538682282851269e+01 -2.294905840248087636e-02 9.992744228098844328e-01 -3.040912493872963487e-02 -3.623270790550810805e+00 5.803780805458165215e-01 3.808372625054230742e-02 8.134396580718842307e-01 5.617283043415682897e+01
8.126425055926972396e-01 2.381724019074517133e-03 -5.827415839613628856e-01 -2.580853866937658125e+01 -2.480657425213863079e-02 9.992266319873940317e-01 -3.050904317817321187e-02 -3.671061974727801047e+00 5.822180286718938724e-01 3.925328589739050800e-02 8.120731183937248687e-01 5.704500868270901037e+01
8.081376633262368214e-01 6.813295570007251063e-04 -5.890393148187849093e-01 -2.645585579849942093e+01 -2.457509480989584355e-02 9.991675216187614339e-01 -3.255834176074975245e-02 -3.719305669298956118e+00 5.885266333997394295e-01 4.078742987471178222e-02 8.074816783820283339e-01 5.792762948112541466e+01
8.049557545912660039e-01 -1.077742062022068927e-03 -5.933094243070005103e-01 -2.710885200224769775e+01 -2.384450954621442076e-02 9.991318440936474143e-01 -3.417037742190852379e-02 -3.775334907082877667e+00 5.928310456578071985e-01 4.165577816815704132e-02 8.042311474050222175e-01 5.878103476169174968e+01
8.011332395081076641e-01 -2.442936099541011871e-03 -5.985364306769358489e-01 -2.776336947295418511e+01 -2.304683155588035590e-02 9.991240922832854698e-01 -3.493274934705962315e-02 -3.827532838239459334e+00 5.980975379225219601e-01 4.177977248429876750e-02 8.003752165408215546e-01 5.965374021942650273e+01
7.960396983973998530e-01 -2.780331419019784617e-03 -6.052344496096166981e-01 -2.844025454099360672e+01 -2.207610043532748020e-02 9.991908209853807010e-01 -3.362806303122108792e-02 -3.877341762952064563e+00 6.048382141222723440e-01 4.012850247694992739e-02 7.953339699818436914e-01 6.051808410020707640e+01
7.924453059469521721e-01 -3.680010899006525091e-03 -6.100671414673415338e-01 -2.911386144845993229e+01 -2.131556593164678909e-02 9.992040376989972383e-01 -3.372156126297009421e-02 -3.927393775331171621e+00 6.097057827470870883e-01 3.972161528848176110e-02 7.917363026972821238e-01 6.138202237104169257e+01
7.865847776576043726e-01 -3.393589812554863045e-03 -6.174296723714179924e-01 -2.980586198480464688e+01 -2.189515878406051927e-02 9.992028447429222027e-01 -3.338927241339855606e-02 -3.983385267296591703e+00 6.170507850675160944e-01 3.978453337244158838e-02 7.858835654771286761e-01 6.224371678847279554e+01
7.813002711509762221e-01 -5.279492241986300134e-03 -6.241737344362275897e-01 -3.050520606024977965e+01 -2.085128772907788100e-02 9.991853513323449842e-01 -3.454426469634946928e-02 -4.035352551862645853e+00 6.238478946821265358e-01 3.999893020707985525e-02 7.805537656964580684e-01 6.309633232888602805e+01
7.762685649727120163e-01 -6.993908429136903165e-03 -6.303655172811398755e-01 -3.120389933061712284e+01 -1.996522590722631108e-02 9.991641531091085549e-01 -3.567412282928823092e-02 -4.091593380067663155e+00 6.300881919738477999e-01 4.027860552303370173e-02 7.754802581831332642e-01 6.394974112814000478e+01
7.701892410696400404e-01 -7.771072922978030338e-03 -6.379207943024154392e-01 -3.191638712765324826e+01 -2.020515099207514931e-02 9.991266928954503079e-01 -3.657290812589149287e-02 -4.145553507281862338e+00 6.376480500704608811e-01 4.105369742759363422e-02 7.693597318903174775e-01 6.479868183040665031e+01
7.653643367290596800e-01 -9.765437189785402747e-03 -6.434556662873593957e-01 -3.263658730736631242e+01 -1.904740805783168914e-02 9.991033033490486215e-01 -3.781474185739069904e-02 -4.201345053133528573e+00 6.432476863358919106e-01 4.120210775628847799e-02 7.644922302603318620e-01 6.564185541949358083e+01
7.583042917455294907e-01 -1.060496227812214934e-02 -6.518509555131065669e-01 -3.337243256679197145e+01 -1.810220965084945871e-02 9.991396594333271652e-01 -3.732074382222643621e-02 -4.254395850116840627e+00 6.516860583020541720e-01 4.009751307066030529e-02 7.574599518286510014e-01 6.648982954155987102e+01
7.530272385079858077e-01 -1.094128474733772373e-02 -6.578215754834730866e-01 -3.410988090678039697e+01 -1.654299323762908544e-02 9.992308900710656916e-01 -3.554662196760208920e-02 -4.311085671128678243e+00 6.577044561864855421e-01 3.765337181440124581e-02 7.522671156569414874e-01 6.732948793306802315e+01
7.480399572629587990e-01 -1.191828701096203993e-02 -6.635772097805263670e-01 -3.486888414215739829e+01 -1.499839699018820117e-02 9.992797937798501007e-01 -3.485613839315759160e-02 -4.366931568684377929e+00 6.635148393676818523e-01 3.602625481254335266e-02 7.473223874383315701e-01 6.816022248000315642e+01
7.403551185670057544e-01 -1.305021800619706601e-02 -6.720489149490556091e-01 -3.563124769373406764e+01 -1.488089059219521379e-02 9.992483597195787048e-01 -3.579129875099851948e-02 -4.420066821826799774e+00 6.720107101424370732e-01 3.650192719812739989e-02 7.396043950578370385e-01 6.899778309415127353e+01
7.348721720292507031e-01 -1.473089738423492660e-02 -6.781063923324005538e-01 -3.641205349481835185e+01 -1.414695268113755171e-02 9.992135970304222292e-01 -3.703953199680377201e-02 -4.482830858281000808e+00 6.781189074883825496e-01 3.681115958217744816e-02 7.340858274674270101e-01 6.982301747199592512e+01
7.296940457442991912e-01 -1.438814245240413806e-02 -6.836015121806729988e-01 -3.720169572842173977e+01 -1.520027604159539247e-02 9.991901685141116873e-01 -3.725248636402169605e-02 -4.534145755699017677e+00 6.835838668000161489e-01 3.757640836474327589e-02 7.288844048021057009e-01 7.064063045402525631e+01
7.228503706977735810e-01 -1.422884667672254938e-02 -6.908978412506986411e-01 -3.800384633733055040e+01 -1.505104378678508159e-02 9.992265984030039849e-01 -3.632366791761908881e-02 -4.589520244690405093e+00 6.908804253466974687e-01 3.665217728188587681e-02 7.220771146280128283e-01 7.146217972638653748e+01
7.193935889081253254e-01 -1.360818825189251575e-02 -6.944288756961379816e-01 -3.880285573723958237e+01 -1.566661266055456581e-02 9.992357629728257917e-01 -3.581328915403835661e-02 -4.644571385988311540e+00 6.943855220700266839e-01 3.664450040844218631e-02 7.186307394238281576e-01 7.228563952991922292e+01
7.140694580800637237e-01 -1.394617390903694215e-02 -6.999452014181096748e-01 -3.962934858953457251e+01 -1.662319929915604191e-02 9.991818726473367107e-01 -3.688218656629184411e-02 -4.700682882051825828e+00 6.998870417535645316e-01 3.797252816043712731e-02 7.132534600555281434e-01 7.310997375959379951e+01
7.090449079629355111e-01 -1.656394903515530023e-02 -7.049010872924510451e-01 -4.044923075930751821e+01 -1.589339870056344015e-02 9.990947514064841828e-01 -3.946809856432262342e-02 -4.760915473438387835e+00 7.049165542926472128e-01 3.919265149698187428e-02 7.081397757883565180e-01 7.391972586042936655e+01
7.052954482328276375e-01 -1.863230759961748140e-02 -7.087058701172520570e-01 -4.127993903071468651e+01 -1.576955224292229257e-02 9.989948940115298548e-01 -4.196574455050423175e-02 -4.822786773917658643e+00 7.087753815040073180e-01 4.077428639674356148e-02 7.042926431567965162e-01 7.473697044916261234e+01
6.990899605600243705e-01 -1.876263452001894483e-02 -7.148665265543645564e-01 -4.212726784943190950e+01 -1.611463553697954632e-02 9.989884193506606280e-01 -4.197949763850553767e-02 -4.882534807258835485e+00 7.149314935917354674e-01 4.086026482416589556e-02 6.980803153102626002e-01 7.554378331381029454e+01
6.945428600272046671e-01 -1.869298326401786642e-02 -7.192689438414568981e-01 -4.297644845089650545e+01 -1.513301737578888646e-02 9.990617018921734704e-01 -4.058795715015191263e-02 -4.943869363690965635e+00 7.193527452505900088e-01 3.907360530118798164e-02 6.936081913765205220e-01 7.635296688965800627e+01
6.907244885740874141e-01 -1.900795788581490994e-02 -7.229538704725753107e-01 -4.384263611587171283e+01 -1.434875800854607322e-02 9.990973455354188459e-01 -3.998326929214169462e-02 -5.007148559783856534e+00 7.230615599934827609e-01 3.798775238620235445e-02 6.898281626480011752e-01 7.716018944868898188e+01
6.841649871839261543e-01 -1.967916385978330657e-02 -7.291169949723484978e-01 -4.470958830558171115e+01 -1.407190459470275198e-02 9.990936467736728499e-01 -4.017375504445134388e-02 -5.073140914281516700e+00 7.292466453614467881e-01 3.774677614844044321e-02 6.832679697411315756e-01 7.796654164107515328e+01
6.810527653965477990e-01 -2.077402388720400728e-02 -7.319723064554155556e-01 -4.558428235825024899e+01 -1.312787394482801268e-02 9.990904594390837001e-01 -4.056141607706844482e-02 -5.131137778664340843e+00 7.321494914789388186e-01 3.722921393011765362e-02 6.801604751346141953e-01 7.876599002449562192e+01
6.746094017743877735e-01 -2.029126655737093637e-02 -7.379423995207292641e-01 -4.647094228566543705e+01 -1.284031621788052184e-02 9.991482282960183481e-01 -3.921363059072159596e-02 -5.192873755162909610e+00 7.381096047826997131e-01 3.593207843048453615e-02 6.737743442452375220e-01 7.956644961115500791e+01
6.712409143590382099e-01 -2.191065475851801045e-02 -7.408206815583828764e-01 -4.736643918549128784e+01 -1.081680369704913353e-02 9.991669679727624986e-01 -3.934652929900775420e-02 -5.252287327723932364e+00 7.410653590404902014e-01 3.443230809702413353e-02 6.704447358856676642e-01 8.036057658662842584e+01
6.694169175872767275e-01 -2.509228888109112446e-02 -7.423456698015641342e-01 -4.826399071531012908e+01 -7.655237888574007409e-03 9.991432724184792225e-01 -4.067269102787183371e-02 -5.319357741497243275e+00 7.427297966251752426e-01 3.291705166866612520e-02 6.686512996716735824e-01 8.116712096964931789e+01
6.635603489187589243e-01 -3.004904177866709117e-02 -7.475705103318943667e-01 -4.916606777072173884e+01 -4.056055072150291201e-03 9.990337226298017237e-01 -4.376293789053849193e-02 -5.385574183572170881e+00 7.481633369025610936e-01 3.207242339461909009e-02 6.627973998373952735e-01 8.196017264737724872e+01
6.586457316595302203e-01 -3.433115223143681088e-02 -7.515035220973869112e-01 -5.006745778564335581e+01 1.921216821761151698e-04 9.989663087488345194e-01 -4.544638854522385640e-02 -5.457871579470909396e+00 7.522867543779367949e-01 2.979241956179301543e-02 6.579714270751558791e-01 8.274779857431320806e+01
6.532434097963004671e-01 -3.885613999049665479e-02 -7.561540148486610713e-01 -5.099132298487895554e+01 6.588688681241316493e-03 9.989361198465379621e-01 -4.562932223147960625e-02 -5.526270385349546288e+00 7.571229970717898716e-01 2.482172127332825731e-02 6.528046822788536874e-01 8.354901366447987243e+01
6.437055047577628919e-01 -4.275722412657350507e-02 -7.640848079961682915e-01 -5.192405702248490940e+01 1.230264222976320751e-02 9.988868592282567072e-01 -4.554127260346683970e-02 -5.595424163986092658e+00 7.651815837228586048e-01 1.991320926526085611e-02 6.435153549585302946e-01 8.433762114034315971e+01
6.366547905823104481e-01 -4.276011703348929494e-02 -7.700023282283003923e-01 -5.286362195203275149e+01 1.419652169251868316e-02 9.989420241765102348e-01 -4.373394148375325113e-02 -5.666641786622422572e+00 7.710583755076568790e-01 1.690488144815666463e-02 6.365885704683827973e-01 8.510904834400469099e+01
6.272560527595972824e-01 -4.229196826122371550e-02 -7.776559487095225931e-01 -5.383320421452359739e+01 1.594008637663611727e-02 9.990130239905878895e-01 -4.147215960265486501e-02 -5.728057749943898713e+00 7.786415297534724500e-01 1.362874509333160920e-02 6.273103609825115834e-01 8.587773333492749828e+01
6.166632311817168421e-01 -4.286508635715013255e-02 -7.860476653740015029e-01 -5.480734256195621157e+01 1.626972609935229547e-02 9.989971566902189348e-01 -4.171335039058012006e-02 -5.803015920140267347e+00 7.870474892306136283e-01 1.293381296083706382e-02 6.167422348278019939e-01 8.663217437032133716e+01
6.100211694976801491e-01 -4.365274950018542544e-02 -7.911915881131177386e-01 -5.579100787149384644e+01 1.514513878711567542e-02 9.989409782661364812e-01 -4.343960850874366286e-02 -5.866442563008743782e+00 7.922506059751787122e-01 1.450630612225342446e-02 6.100369400467001713e-01 8.737102469636762692e+01
5.982583066971819408e-01 -4.586487988230571189e-02 -8.000302517466675312e-01 -5.678807925845804760e+01 1.598033862194452731e-02 9.988446784479801943e-01 -4.530847712256663024e-02 -5.940654023917184112e+00 8.011848530581953121e-01 1.431222522175975599e-02 5.983004715427653331e-01 8.810432865311808825e+01
5.892625060822320737e-01 -4.656309054681456033e-02 -8.064691931282124138e-01 -5.779710321151578967e+01 1.543924611105844912e-02 9.988051653753380332e-01 -4.636769107170907872e-02 -6.007282035386073638e+00 8.076640717668270852e-01 1.487701923548439761e-02 5.892764719330857437e-01 8.883714111635620725e+01
5.796190297143072323e-01 -4.834483199849282098e-02 -8.135640326588122750e-01 -5.881477332662909419e+01 1.899872678465277381e-02 9.987689447909157137e-01 -4.582522485748308227e-02 -6.080678903089970611e+00 8.147780738555226998e-01 1.110435979141304735e-02 5.798242700054279108e-01 8.956088725272539364e+01
5.688321891524924512e-01 -4.790401832643159663e-02 -8.211911333232629895e-01 -5.984928129278668507e+01 2.123203227051596517e-02 9.988250190214339463e-01 -4.357092678930860746e-02 -6.153628128884336412e+00 8.223132619347873762e-01 7.354014271873206970e-03 5.691808107202694922e-01 9.026784932007397799e+01
5.588053195791605754e-01 -4.909128440100992558e-02 -8.278394573510482468e-01 -6.089162440618974159e+01 2.152220160868214757e-02 9.987685265333925422e-01 -4.470261758934318541e-02 -6.228100149845596789e+00 8.290145643555112409e-01 7.160716873982359704e-03 5.591738312136496081e-01 9.096769507008180256e+01
5.482430616206844798e-01 -4.958218284417504479e-02 -8.347956947600008171e-01 -6.194663527743321652e+01 2.078727035187584449e-02 9.987407941827940450e-01 -4.566216036267049111e-02 -6.296673721195015005e+00 8.360081358630324644e-01 7.684260204662333137e-03 5.485830129785650433e-01 9.164788256484831663e+01
5.375724721765078318e-01 -4.993690413294784441e-02 -8.416242441364194526e-01 -6.301528119207530665e+01 1.941067141786632574e-02 9.987132292241100995e-01 -4.686518049964913391e-02 -6.369428941525028698e+00 8.428806574354775760e-01 8.860387236277376954e-03 5.378500789338550581e-01 9.231800791891127744e+01
5.293220086126457780e-01 -5.148368475544803924e-02 -8.468586754393515603e-01 -6.409547394896374328e+01 1.886437057434644723e-02 9.986246760296298985e-01 -4.892724144853470569e-02 -6.449161776472706720e+00 8.482124960875431219e-01 9.927449844104539387e-03 5.295651814504063193e-01 9.298130134153917936e+01
