1.0 0.0 0.0 0.0 0.0 1.0 0.0 0.0 0.0 0.0 1.0 0.0
0.99993193 0.011636823 0.0008706361 0.30358887 -0.011634767 0.9999296 -0.0023311381 -0.011474609 -0.00089771 0.0023208521 0.9999969 0.0030517578
0.9998387 0.017917262 0.0012165502 0.5845947 -0.017909428 0.9998206 -0.006167163 -0.026611328 -0.0013268442 0.0061443727 0.9999802 0.0048828125
0.9998084 0.01957145 -0.00020766287 0.8857422 -0.019572489 0.99977547 -0.008111837 -0.033691406 4.889228e-05 0.008114348 0.9999671 0.013916016
0.9997943 0.020204041 -0.0017312255 1.1937256 -0.020220196 0.99974656 -0.009889501 -0.041870117 0.0015309316 0.009922472 0.9999496 0.014282227
0.999935 0.010913618 -0.003303377 1.5140381 -0.01095058 0.9998752 -0.0113906255 -0.04736328 0.0031786766 0.011426055 0.9999297 0.006591797
0.9999898 0.00012017944 -0.0045113545 1.8383789 -0.00018065592 0.99991006 -0.01341306 -0.03881836 0.0045093363 0.013413738 0.99989986 0.015991211
0.9998667 -0.015472259 -0.0052125375 2.168457 0.015401037 0.9997912 -0.013433692 -0.030151367 0.005419255 0.013351618 0.99989617 0.021972656
0.99936354 -0.035245955 -0.005551611 2.5186768 0.035193853 0.9993383 -0.009213755 -0.00061035156 0.005872691 0.009012509 0.9999421 0.025512695
0.9985002 -0.054332115 -0.0067166295 2.8674316 0.05429631 0.9985102 -0.005402185 0.033935547 0.007000185 0.0050293966 0.99996287 0.028930664
0.9972201 -0.074216045 -0.006685336 3.2329102 0.074187204 0.99723464 -0.0044639735 0.07873535 0.006998173 0.0039557023 0.9999677 0.03100586
0.99542934 -0.09530608 -0.0061233714 3.614746 0.09527425 0.99543715 -0.0052975947 0.12817383 0.0066002808 0.00469004 0.9999672 0.035888672
0.9933471 -0.11507836 -0.0047804727 4.0028076 0.115043305 0.99333763 -0.0070561804 0.17578125 0.0055605145 0.0064594448 0.9999637 0.0435791
0.9912035 -0.13232274 -0.0039777867 4.401001 0.1323013 0.9912005 -0.005240645 0.24694824 0.004636219 0.004668436 0.99997836 0.04626465
0.9889119 -0.14845282 -0.003614542 4.8203125 0.14843675 0.98891133 -0.0043660486 0.32263184 0.0042227344 0.0037811392 0.9999839 0.053222656
0.9866029 -0.16308844 -0.0039660335 5.243042 0.16307655 0.9866078 -0.0031564573 0.39904785 0.004427799 0.0024673203 0.9999871 0.057250977
0.98455966 -0.17495787 -0.004497918 5.6779785 0.17493266 0.98455906 -0.00549723 0.48571777 0.0053904713 0.004625449 0.9999748 0.060424805
0.9827873 -0.1846302 -0.005801938 6.1313477 0.1845781 0.9827774 -0.0085055595 0.56884766 0.007272494 0.0072878767 0.999947 0.072631836
0.98135096 -0.19203827 -0.0080127325 6.5942383 0.19198152 0.9813673 -0.007341991 0.66174316 0.009273458 0.0056669107 0.99994093 0.07788086
0.9799063 -0.1992465 -0.009833535 7.06958 0.19918716 0.9799449 -0.0066915606 0.7746582 0.010969513 0.0045983084 0.99992925 0.076538086
0.97830534 -0.20676899 -0.012469425 7.5566406 0.20669119 0.97837436 -0.007249883 0.88427734 0.013699001 0.0045155543 0.999896 0.08618164
0.97666925 -0.21431975 -0.013512025 8.060059 0.21417427 0.9767275 -0.011445916 0.9954834 0.015650367 0.008284855 0.99984306 0.09118652
0.9748508 -0.22249833 -0.013422283 8.577637 0.22226295 0.97484785 -0.017044514 1.1020508 0.016876612 0.01363286 0.99976456 0.10571289
0.9730173 -0.23023887 -0.01485862 9.106323 0.22995679 0.9730209 -0.018524602 1.2302246 0.018724455 0.014607509 0.99971783 0.12683105
0.97084033 -0.23892397 -0.019857965 9.639404 0.2386656 0.9709981 -0.014533376 1.3868408 0.022753846 0.009371069 0.9996971 0.12426758
0.96869355 -0.2470575 -0.02435541 10.189331 0.24681883 0.96898115 -0.012410789 1.5361328 0.026665486 0.006009412 0.9996261 0.13146973
0.96627635 -0.2562156 -0.025306001 10.74939 0.25591198 0.9665774 -0.014641404 1.6844482 0.028211743 0.0076691993 0.9995723 0.14978027
0.9638399 -0.26505893 -0.027152644 11.321411 0.26466647 0.9641763 -0.017217962 1.8431396 0.030744348 0.009408406 0.9994829 0.17590332
0.9620309 -0.27127773 -0.030221676 11.90625 0.27088383 0.9624748 -0.016521264 2.015503 0.033568747 0.0077057257 0.99940634 0.19543457
0.95967597 -0.27910188 -0.033756576 12.492432 0.2787054 0.9602505 -0.016029645 2.199463 0.036888354 0.0059787366 0.9993018 0.21643066
0.95738083 -0.28621316 -0.038894236 13.092529 0.28573397 0.9581537 -0.017485546 2.3883057 0.042271726 0.005629615 0.9990905 0.24230957
0.95517296 -0.2925045 -0.0459143 13.709595 0.29196206 0.9562674 -0.018257063 2.5882568 0.04924562 0.004034416 0.9987783 0.27539062
0.95332444 -0.29695252 -0.054756783 14.336548 0.29635128 0.9548937 -0.018978324 2.7889404 0.05792283 0.0018667658 0.9983193 0.30419922
0.9516519 -0.30058497 -0.06345783 14.974731 0.299983 0.9537644 -0.019038476 2.9954834 0.0662452 -0.0009138053 0.99780333 0.34484863
0.950148 -0.3031238 -0.073257275 15.617065 0.30256134 0.95295876 -0.018928913 3.2178955 0.07554642 -0.0041754046 0.99713355 0.3857422
0.94784456 -0.30823913 -0.081129976 16.279907 0.30783674 0.9512754 -0.017732536 3.4378662 0.082643904 -0.0081670275 0.9965456 0.44006348
0.94598866 -0.31183165 -0.08865242 16.942749 0.31161886 0.9500575 -0.016588457 3.6723633 0.08939775 -0.011930612 0.9959256 0.49572754
0.9437557 -0.31669584 -0.09492124 17.622803 0.31671432 0.94838774 -0.015271333 3.9108887 0.09485968 -0.015652895 0.99536777 0.56152344
0.94197166 -0.31992155 -0.10176198 18.31311 0.3202857 0.947238 -0.01318698 4.1593018 0.10061024 -0.02016943 0.994721 0.63134766
0.9396445 -0.32542175 -0.105838984 19.014404 0.32621703 0.94525564 -0.010192612 4.414795 0.10336187 -0.024938911 0.9943327 0.7017822
0.93770945 -0.33020863 -0.108031094 19.726929 0.33113167 0.94353807 -0.009807611 4.682129 0.10516829 -0.026575733 0.9940986 0.77783203
0.9357811 -0.3358243 -0.10721284 20.447632 0.3368112 0.9415052 -0.009316878 4.9536133 0.10407083 -0.0274012 0.99419147 0.86572266
0.93399847 -0.34125036 -0.1058346 21.175781 0.34225765 0.93956655 -0.009070242 5.227539 0.102530956 -0.027752329 0.99434155 0.94177246
0.93161905 -0.3482582 -0.10397915 21.922974 0.34923258 0.9369961 -0.009278992 5.514282 0.10065869 -0.027669717 0.99453527 1.0255127
0.92942977 -0.35494217 -0.1010877 22.66687 0.35590735 0.9345013 -0.008924101 5.80249 0.097635895 -0.027678056 0.99483734 1.1096191
0.92533106 -0.3665481 -0.09689831 23.423828 0.36758062 0.9299533 -0.007627856 6.1068115 0.09290501 -0.028565833 0.99526376 1.1864014
0.9231003 -0.37347075 -0.09182303 24.180908 0.37469685 0.9271531 -0.004149447 6.427246 0.08668497 -0.03057576 0.995766 1.2687988
0.9199029 -0.3818056 -0.08940005 24.940308 0.3833208 0.92360824 -0.00023446232 6.7563477 0.0826612 -0.034049843 0.995997 1.3431396
0.91693133 -0.38916758 -0.08822967 25.711426 0.39069548 0.92052054 4.9491413e-05 7.0878906 0.08119799 -0.03452112 0.99609923 1.414917
0.9130655 -0.39826533 -0.08763056 26.48706 0.3998532 0.9165681 0.0006271568 7.4312744 0.08007162 -0.03560749 0.9961544 1.4899902
0.90920955 -0.4070634 -0.087368265 27.2594 0.40865085 0.91268754 0.00031507807 7.7893066 0.079612955 -0.035986327 0.99617696 1.5583496
0.905642 -0.41531488 -0.08597724 28.046753 0.41696623 0.90895885 0.0013762424 8.159058 0.07757743 -0.03709587 0.9962948 1.6243896
0.90198284 -0.42372528 -0.08335048 28.848633 0.42536277 0.9050581 0.0020942353 8.540527 0.0745502 -0.03734854 0.9965159 1.694458
0.8992718 -0.43009254 -0.07901961 29.655396 0.43158737 0.90201986 0.0020424551 8.9279785 0.07039586 -0.035943694 0.99687177 1.7647705
0.89570403 -0.43846327 -0.07401663 30.466919 0.4399831 0.898001 0.0047799507 9.3289795 0.06436898 -0.036844686 0.9972458 1.8276367
0.89298534 -0.44456056 -0.06977721 31.286865 0.44589004 0.8950385 0.003932964 9.746338 0.060704578 -0.03463613 0.9975542 1.8934326
0.88875103 -0.45340404 -0.06721791 32.112915 0.4546561 0.8906436 0.0037921837 10.168823 0.058149096 -0.033936013 0.9977308 1.9538574
0.88583606 -0.45938346 -0.065830395 32.944702 0.46052563 0.8876845 0.002471748 10.606567 0.057299655 -0.032504592 0.99782735 2.0114746
0.8834532 -0.46404555 -0.06395712 33.78174 0.46513352 0.88519126 0.0024179597 11.056152 0.055492625 -0.03189212 0.9979496 2.0633545
0.88011956 -0.4706413 -0.06254876 34.633423 0.47167367 0.8817861 0.0019838319 11.517822 0.054218665 -0.031248448 0.9980397 2.1218262
0.8779261 -0.47481018 -0.0620308 35.486694 0.47575277 0.8796054 0.0004898121 11.985718 0.054330513 -0.029936574 0.9980745 2.1776123
0.8771937 -0.47616252 -0.06203001 36.3562 0.4770596 0.8788982 -0.00039385026 12.464355 0.054706383 -0.02924595 0.998074 2.2335205
0.87524694 -0.47966632 -0.062488254 37.2312 0.48060763 0.87695885 3.684149e-05 12.959106 0.05477929 -0.030055698 0.9980465 2.2852783
0.87520117 -0.47979978 -0.061315402 38.122925 0.4807291 0.87683713 0.00046669017 13.462891 0.053542126 -0.029887099 0.9981186 2.34021
0.87502104 -0.480405 -0.059290893 39.02466 0.4813107 0.8765309 0.0011288477 13.966553 0.05142466 -0.029532118 0.99823946 2.397705
0.8746871 -0.48112932 -0.05825398 39.934204 0.48189905 0.87620133 -0.00094577274 14.480225 0.05149943 -0.02724885 0.9983013 2.4577637
0.8743237 -0.48196203 -0.05783039 40.865234 0.48264644 0.8758546 -0.0024155967 14.991943 0.05181072 -0.025797805 0.99832314 2.5145264
0.87297493 -0.4842931 -0.057542246 41.796265 0.48487929 0.87453425 -0.004228209 15.519409 0.05237277 -0.024213582 0.99833417 2.5720215
0.87217176 -0.48600936 -0.055186596 42.73059 0.48649707 0.8736296 -0.0051313215 16.046265 0.05070765 -0.02237897 0.9984627 2.6364746
0.8694369 -0.4913186 -0.050983276 43.665283 0.49176654 0.8706674 -0.0042230687 16.578735 0.04646377 -0.021404317 0.99869066 2.6934814
0.86753434 -0.49530575 -0.046291016 44.60034 0.49564734 0.86856127 -0.0045826877 17.115967 0.04247774 -0.018961836 0.99891776 2.7510986
0.8645175 -0.5006955 -0.04304996 45.5354 0.5009471 0.86542535 -0.0055070934 17.654541 0.040015485 -0.016805723 0.99905795 2.8026123
0.8589391 -0.5103216 -0.044055082 46.455933 0.5104688 0.8599372 -0.008690514 18.204468 0.04231637 -0.015018399 0.9989913 2.8599854
0.85320306 -0.5195665 -0.046053234 47.368164 0.51961786 0.8543318 -0.011789707 18.759277 0.045469552 -0.013863433 0.99887 2.9178467
0.84667766 -0.5301815 -0.046189003 48.28076 0.5302646 0.8478069 -0.011438382 19.334595 0.04522518 -0.014799548 0.9988677 2.96875
0.84203553 -0.5378108 -0.041491665 49.191406 0.53796726 0.84291714 -0.008245905 19.928955 0.03941147 -0.0153823625 0.9991046 3.0201416
0.8379129 -0.5444136 -0.03866984 50.092773 0.54465103 0.838636 -0.005030896 20.527954 0.03516944 -0.016853403 0.99923897 3.0755615
0.8331058 -0.5516152 -0.040521283 50.985107 0.5519272 0.83387417 -0.004053807 21.128906 0.03602223 -0.018985499 0.9991707 3.1226807
0.8292536 -0.5570774 -0.044248927 51.877686 0.5573806 0.8302061 -0.006308722 21.72937 0.040250476 -0.019437818 0.9990004 3.1716309
0.82645833 -0.5605693 -0.051730394 52.759033 0.56094915 0.8277778 -0.008231197 22.340942 0.047434922 -0.022219958 0.99862695 3.2279053
0.82305336 -0.5655352 -0.053299315 53.639893 0.56590074 0.8244721 -0.009411583 22.955078 0.049266726 -0.02240628 0.99853486 3.28125
0.8205179 -0.5693999 -0.049315266 54.520508 0.5697605 0.82171166 -0.0077844723 23.578491 0.04495732 -0.021713294 0.9987532 3.342163
0.8174382 -0.5745555 -0.043547593 55.421143 0.5748936 0.81834096 -0.005561101 24.206055 0.038832646 -0.020480506 0.999036 3.3961182
0.8133983 -0.58019817 -0.041550104 56.298096 0.58055353 0.8141945 -0.004161025 24.839111 0.036247022 -0.020733992 0.99912816 3.4482422
0.812025 -0.5820407 -0.04272342 57.17212 0.5824724 0.8128341 -0.0028237165 25.479736 0.036367536 -0.02259035 0.99908316 3.4954834
0.80743706 -0.5883352 -0.0442821 58.057617 0.5887422 0.8083414 -0.004597714 26.122803 0.03849717 -0.022357468 0.9990084 3.5424805
0.8041914 -0.5926277 -0.045167502 58.913574 0.59298766 0.80516803 -0.0064080358 26.772217 0.040165603 -0.021627221 0.9989593 3.5976562
0.8003397 -0.5978879 -0.045311477 59.789062 0.59819925 0.8013504 -0.007837491 27.422852 0.04099636 -0.020827487 0.99894243 3.64917
0.79530084 -0.60463554 -0.043682024 60.65674 0.60490483 0.7962522 -0.008262929 28.095459 0.039780527 -0.019852234 0.99901146 3.6992188
0.7917065 -0.60950136 -0.043292593 61.523438 0.6097305 0.7926592 -0.009223677 28.76538 0.039937682 -0.019089352 0.9990199 3.7490234
0.7858515 -0.61684954 -0.043376207 62.38867 0.61709684 0.7868014 -0.009032044 29.45288 0.039701566 -0.019667886 0.9990183 3.8050537
0.7805279 -0.623638 -0.043614384 63.24463 0.6238188 0.7815241 -0.011003519 30.147827 0.040947054 -0.018624432 0.9989874 3.8566895
0.77546 -0.6298701 -0.043914724 64.10132 0.62998986 0.7764995 -0.012797752 30.842285 0.042160995 -0.017740287 0.99895346 3.9125977
0.7693405 -0.6374251 -0.044712696 64.95386 0.63753223 0.7704288 -0.013671002 31.55017 0.04315952 -0.017981451 0.9989064 3.9664307
0.7644802 -0.6430159 -0.044878483 65.80029 0.6430437 0.76561105 -0.015739467 32.266357 0.044479273 -0.016828295 0.99886864 4.0220947
0.7574521 -0.651457 -0.043797594 66.65234 0.6514366 0.7585507 -0.016692549 32.997314 0.04410039 -0.015884617 0.9989011 4.0756836
0.7522637 -0.65748507 -0.04136832 67.495605 0.65741855 0.75326425 -0.017115368 33.730713 0.0424115 -0.014326397 0.9989973 4.133423
0.7473252 -0.66329855 -0.039757453 68.329834 0.6631727 0.74827284 -0.01817321 34.485718 0.041802526 -0.012783429 0.9990441 4.1901855
0.73961043 -0.6717897 -0.040253814 69.17163 0.6716288 0.7405967 -0.019420672 35.243164 0.042855825 -0.012674128 0.9990007 4.2436523
0.7340981 -0.67789054 -0.0405798 70.00049 0.67766476 0.73512185 -0.021183755 36.019775 0.04418957 -0.01194669 0.9989517 4.306885
0.72889334 -0.6833561 -0.04135486 70.82153 0.6831599 0.7299497 -0.02091669 36.805664 0.044478405 -0.013006451 0.99892557 4.359131
0.7220863 -0.69065917 -0.040444754 71.64722 0.6904639 0.723104 -0.02086182 37.603394 0.043653008 -0.012863618 0.9989638 4.4158936
0.7186369 -0.6941683 -0.040441763 72.47363 0.6940027 0.71964735 -0.020292008 38.399292 0.043192383 -0.01348344 0.9989759 4.472168
0.71325815 -0.69966525 -0.041780207 73.30151 0.6995078 0.71433395 -0.020705637 39.221924 0.04433838 -0.014448696 0.9989127 4.529175
0.70815337 -0.70468 -0.04301309 74.114746 0.7044255 0.7093251 -0.023392767 40.037964 0.04699785 -0.013730677 0.998801 4.5898438
0.7043122 -0.7085251 -0.044605326 74.93506 0.7081966 0.7055916 -0.025512012 40.865234 0.049550418 -0.013615673 0.99867916 4.6522217
0.6980997 -0.71468276 -0.044700906 75.74585 0.71435565 0.69939035 -0.02573199 41.708496 0.04965335 -0.013970758 0.9986687 4.713501
0.6936303 -0.71911216 -0.042920284 76.55859 0.7187691 0.6948351 -0.02573144 42.5542 0.048328575 -0.012995168 0.99874735 4.7768555
0.6898535 -0.7228247 -0.041840166 77.36914 0.72245634 0.6910133 -0.026103344 43.417114 0.047779728 -0.012216799 0.99878323 4.842041
0.6832963 -0.7290099 -0.041607756 78.17969 0.7286129 0.6844574 -0.026867663 44.279907 0.048062786 -0.0119529525 0.99877286 4.909668
0.68019474 -0.7319108 -0.041095488 78.98218 0.73145765 0.6813467 -0.028006941 45.15161 0.048495203 -0.011015823 0.99876225 4.9693604
0.6738086 -0.73787963 -0.03980371 79.786865 0.73744094 0.67489755 -0.027617695 46.0343 0.04723786 -0.010739533 0.99882585 5.0334473
0.67048955 -0.7408344 -0.03830906 80.58423 0.7403072 0.6715262 -0.0292857 46.926758 0.047419235 -0.008724367 0.9988369 5.0948486
0.66871434 -0.7424906 -0.03680165 81.393555 0.7418006 0.66970277 -0.032494303 47.821533 0.04877469 -0.0055688918 0.9987944 5.163452
0.6628858 -0.7479076 -0.035972755 82.190674 0.7469678 0.66385794 -0.037532352 48.719482 0.051950395 -0.0019862894 0.99864775 5.230713
0.65808535 -0.75202197 -0.03370309 82.98218 0.7508588 0.6589443 -0.041882906 49.617188 0.0537038 0.0022465754 0.9985538 5.3045654
0.6529519 -0.75685716 -0.0287465 83.7876 0.75547737 0.6535277 -0.046490267 50.53711 0.05396889 0.008630903 0.99850464 5.375122
0.643694 -0.7649187 -0.02385031 84.58179 0.7633821 0.6439761 -0.050528042 51.464844 0.054014795 0.014320864 0.99843764 5.4466553
0.6367754 -0.7708077 -0.020844113 85.35791 0.76931316 0.63691056 -0.05063215 52.40039 0.052303888 0.016198877 0.99849945 5.520996
0.6275043 -0.7784062 -0.017567638 86.13208 0.77698684 0.6274945 -0.05029604 53.36548 0.05016762 0.01791942 0.99858063 5.5859375
0.61694264 -0.78681576 -0.01687311 86.892334 0.78537184 0.6169044 -0.05100992 54.334717 0.050545305 0.018217992 0.9985556 5.6636963
0.6102385 -0.79201347 -0.018445877 87.6355 0.7904963 0.61027825 -0.051880877 55.314697 0.05235388 0.017071053 0.99848235 5.7296143
0.5985157 -0.80094403 -0.018252451 88.375 0.7993044 0.59852743 -0.05424434 56.30664 0.054370645 0.017866936 0.99836034 5.8063965
0.5894952 -0.8074223 -0.018812511 89.11304 0.80572957 0.58954227 -0.055055223 57.311523 0.055538837 0.017293878 0.9983067 5.8759766
0.5800643 -0.814544 -0.015039498 89.84253 0.8128159 0.5798852 -0.056967214 58.324707 0.055120923 0.020823099 0.99826276 5.953003
0.5694312 -0.82209533 -0.0112797385 90.555664 0.8204627 0.5690774 -0.056670208 59.354736 0.053001564 0.023021985 0.99832946 6.0303955
0.5594331 -0.8287965 -0.011078161 91.26123 0.8270933 0.5590585 -0.057981044 60.392822 0.05425166 0.023273332 0.9982561 6.1082764
0.54884547 -0.83579075 -0.011590505 91.947266 0.8340378 0.54850686 -0.05860076 61.443604 0.055334233 0.022497248 0.99821454 6.180542
0.53811306 -0.8426628 -0.012753276 92.62329 0.8408536 0.537851 -0.059083126 62.508057 0.056659 0.021077411 0.99817175 6.25708
0.52983475 -0.8479897 -0.013813054 93.29175 0.84606075 0.5296181 -0.060727343 63.584473 0.058815125 0.020496324 0.99805903 6.340454
0.51895016 -0.854517 -0.014025084 93.94751 0.85265785 0.51879615 -0.059427407 64.670166 0.058065187 0.018883243 0.9981345 6.4210205
0.5082473 -0.8609743 -0.01302899 94.593506 0.8592315 0.5080913 -0.057684015 65.76172 0.05628848 0.018125223 0.99825025 6.4991455
0.50231916 -0.86447257 -0.010109739 95.244385 0.862841 0.50203365 -0.056631546 66.865234 0.054043595 0.019718071 0.9983436 6.5806885
0.49355116 -0.8697211 -0.009698274 95.870605 0.86807334 0.493253 -0.057027318 67.979004 0.054369066 0.01971507 0.99832547 6.6590576
0.48764768 -0.87297946 -0.0090940995 96.49756 0.87120444 0.48727715 -0.05950811 69.10376 0.056364875 0.02108663 0.99818677 6.737793
0.48099747 -0.87664664 -0.007463537 97.12305 0.87472945 0.48047835 -0.06254236 70.22119 0.058421563 0.02354805 0.9980139 6.819336
0.47251868 -0.88120663 -0.0067749885 97.727295 0.87909067 0.47189158 -0.06606041 71.350586 0.061412487 0.025266329 0.997793 6.902954
0.46971297 -0.8829581 -0.006498409 98.32837 0.8806648 0.46900123 -0.06894867 72.48779 0.06391173 0.026652932 0.9975987 6.995117
0.46553814 -0.88496554 -0.0038589314 98.92676 0.8827002 0.46464953 -0.0696263 73.621826 0.06340645 0.029020622 0.9975666 7.088745
0.46042883 -0.88763046 0.00047528226 99.518555 0.885615 0.4593481 -0.06759011 74.75342 0.059775226 0.031531636 0.9977131 7.177246
0.45909333 -0.88823146 0.005785073 100.108154 0.8864546 0.4577412 -0.06652768 75.889404 0.056465533 0.0356716 0.9977672 7.2698975
0.45460665 -0.8906296 0.008259957 100.6897 0.8889968 0.45316622 -0.0654293 77.022705 0.054538134 0.037084844 0.99782264 7.3570557
0.4528802 -0.89163876 0.0101997685 101.26001 0.8901027 0.45135626 -0.0649502 78.15527 0.05330602 0.038496442 0.99783623 7.4432373
0.45115224 -0.8924935 0.01247177 101.82153 0.8910624 0.44952622 -0.06458721 79.28027 0.052030116 0.040245265 0.99783397 7.522339
0.4476533 -0.89412385 0.015272259 102.37988 0.892874 0.4459488 -0.063170984 80.3999 0.049661975 0.041913293 0.9978863 7.602661
0.44615522 -0.8947451 0.016866459 102.941895 0.8935222 0.44434053 -0.06392607 81.51514 0.04971061 0.04358534 0.99781173 7.6828613
0.44261208 -0.89650625 0.019547895 103.48706 0.89538604 0.44066146 -0.064124085 82.62305 0.048867404 0.04587411 0.99775064 7.756836
0.44011265 -0.8976796 0.023519032 104.03076 0.89678186 0.43801388 -0.06330664 83.72388 0.04652006 0.04895725 0.99771726 7.829468
0.44166648 -0.89683896 0.026414866 104.57056 0.8960826 0.43942547 -0.06347947 84.82666 0.045299772 0.05170151 0.99763477 7.9068604
0.43606204 -0.8995757 0.0282422 105.09448 0.89887685 0.43371168 -0.06402614 85.906494 0.04535243 0.053318143 0.9975479 7.9796143
0.43606502 -0.8995156 0.02883324 105.6145 0.89883184 0.43366933 -0.06437627 86.97363 0.045407023 0.053987686 0.9975086 8.047607
0.4375854 -0.8985503 0.02885564 106.13257 0.8977895 0.43509078 -0.06618106 88.0354 0.046900973 0.054885462 0.99739194 8.122681
0.43652844 -0.89938915 0.027413633 106.6311 0.8985098 0.43406188 -0.06690509 89.0791 0.04828307 0.05381575 0.9973813 8.192871
0.44010678 -0.89740384 0.02535742 107.12256 0.8964197 0.43773112 -0.06705091 90.12305 0.04906572 0.052245867 0.9974285 8.265625
0.44160038 -0.89688176 0.022433378 107.61841 0.89578986 0.43940473 -0.066291004 91.14526 0.049604177 0.049364243 0.9975477 8.334595
0.44797006 -0.89376986 0.020385731 108.1167 0.8925689 0.44584543 -0.06678557 92.16821 0.05059899 0.048110854 0.9975593 8.406128
0.45506632 -0.89028656 0.018670969 108.63086 0.889035 0.4530321 -0.06649817 93.18335 0.05074322 0.046853837 0.9976116 8.473145
0.4601114 -0.8876051 0.018089777 109.13306 0.8863954 0.458152 -0.065371715 94.18042 0.049739134 0.046118453 0.99769706 8.544556
0.4688911 -0.88313407 0.016576275 109.651855 0.88191843 0.46703452 -0.064474866 95.17871 0.049209535 0.044852003 0.9977808 8.611084
0.47735527 -0.87842166 0.016060285 110.18262 0.877256 0.47556338 -0.063355185 96.170166 0.04801881 0.044348005 0.9978623 8.675903
0.48673186 -0.8733555 0.015159179 110.70996 0.87219435 0.48499438 -0.06282761 97.14526 0.04751091 0.04381349 0.99791014 8.743774
0.49769574 -0.8673194 0.013165552 111.256836 0.8660433 0.49599454 -0.06383029 98.116455 0.048831966 0.04316446 0.9978734 8.810059
0.506095 -0.8623559 0.009398386 111.803955 0.86087567 0.5045168 -0.0650688 99.062744 0.051379442 0.041025802 0.9978363 8.875732
0.5177778 -0.85533637 0.0057768067 112.36328 0.8537394 0.5163723 -0.06492905 100.01001 0.05257058 0.038553957 0.9978727 8.940918
0.53102267 -0.84740186 0.0034205439 112.9436 0.8458571 0.52980155 -0.062624626 100.948975 0.051259104 0.036148172 0.99803084 9.006348
0.5420008 -0.8404128 0.0015844796 113.52661 0.83893096 0.5409317 -0.06039767 101.87109 0.049900476 0.034057382 0.9981728 9.074829
0.5552077 -0.8317443 0.0017950842 114.1311 0.83039993 0.5541845 -0.05807605 102.79004 0.04730862 0.03374017 0.99831057 9.142578
0.5661452 -0.82429487 0.001170788 114.73169 0.8229771 0.5651587 -0.05732714 103.67847 0.04660279 0.03341191 0.99835396 9.2052
0.5780612 -0.8160114 0.0006673848 115.34863 0.8147115 0.5770941 -0.056894235 104.55908 0.046041325 0.033427715 0.99837977 9.267212
0.58934957 -0.80787414 -0.0008266388 115.97778 0.8065048 0.58840925 -0.05760859 105.43384 0.04702997 0.033284616 0.99833864 9.32959
0.5998455 -0.8000619 -0.00048600166 116.60181 0.798611 0.59879404 -0.059835482 106.275635 0.048168276 0.035503335 0.9982079 9.3914795
0.60960764 -0.7927774 0.00021893921 117.240234 0.7913873 0.6085224 -0.05935616 107.11304 0.046921358 0.036351454 0.9982365 9.454224
0.6226332 -0.78257 0.00010516535 117.88818 0.7812677 0.621589 -0.057752296 107.933105 0.045132924 0.036040317 0.9983305 9.519287
0.6300783 -0.7765682 0.0024884758 118.53003 0.77545905 0.62899977 -0.05554288 108.74072 0.041572113 0.03692868 0.9984527 9.57666
0.6411011 -0.76746446 0.002219868 119.193115 0.7664485 0.6400989 -0.05336828 109.52954 0.039528444 0.035910737 0.99857265 9.633179
0.6504901 -0.75946885 -0.00036391086 119.83716 0.7583964 0.64959687 -0.052817803 110.295654 0.04034982 0.03408024 0.9986041 9.686035
0.6597562 -0.75146604 -0.0027529649 120.48901 0.7503546 0.65897053 -0.052085534 111.06006 0.040959265 0.032303415 0.99863863 9.739014
0.6699196 -0.74250805 -0.003483393 121.15845 0.7414161 0.6691752 -0.051268708 111.81299 0.040396612 0.03175902 0.9986785 9.791016
0.67743015 -0.7356582 -0.0029155882 121.822754 0.734681 0.67672455 -0.048998408 112.53613 0.038013164 0.031051824 0.9987947 9.842773
0.68622655 -0.7274515 -0.001199876 122.49878 0.7265792 0.68548214 -0.047852922 113.262695 0.035637606 0.03196901 0.9988532 9.890015
0.6948597 -0.71916527 -0.0009417874 123.174805 0.7183395 0.69412357 -0.047023173 113.97827 0.034462932 0.03200177 0.99889386 9.944214
0.7016505 -0.7126194 -0.0029096003 123.83716 0.71176213 0.7009954 -0.04634478 114.66016 0.03506509 0.030449577 0.99892104 9.989502
0.70988417 -0.70427185 -0.0031140344 124.52368 0.70346916 0.7092735 -0.044793867 115.34375 0.033754997 0.029606909 0.9989914 10.031982
0.7156443 -0.6985189 -0.002630784 125.18359 0.6978528 0.7151167 -0.04113648 116.007324 0.03061085 0.027606463 0.9991502 10.072998
0.7224439 -0.6913876 -0.0013417418 125.8584 0.69084793 0.72195435 -0.038152978 116.66089 0.02733992 0.026639566 0.99927145 10.116577
0.73057073 -0.68279284 -0.0009834832 126.5376 0.68229717 0.73009396 -0.037070766 117.30347 0.02602823 0.026412468 0.9993122 10.154663
0.73891306 -0.67367834 -0.0018120729 127.193115 0.6731908 0.7384755 -0.036144666 117.917725 0.025694866 0.025490094 0.9993449 10.199341
0.745396 -0.6667058 -0.0023869283 127.86548 0.66627204 0.74503136 -0.033572786 118.51953 0.024159644 0.02343475 0.9994334 10.22998
0.75610155 -0.65433246 -0.0012276109 128.5481 0.6540097 0.7557849 -0.030045154 119.12598 0.020589877 0.021914091 0.99954784 10.26001
0.7633957 -0.6458855 4.8575806e-05 129.21436 0.6456623 0.76313 -0.026342213 119.6958 0.016976975 0.020140573 0.9996531 10.291016
0.77434397 -0.6328932 -0.0003682496 129.90308 0.6327061 0.7741288 -0.023877554 120.26318 0.015391847 0.01825655 0.9997149 10.322632
0.7842191 -0.620571 -0.0020140226 130.56421 0.62036777 0.7840376 -0.023255782 120.798584 0.016008556 0.016990041 0.99972755 10.350098
0.793709 -0.6081964 -0.0033788783 131.23901 0.6079559 0.79352987 -0.024249611 121.32471 0.017434292 0.017192509 0.9997002 10.373413
0.8034648 -0.5952785 -0.0035409648 131.93555 0.5950495 0.803296 -0.02358912 121.848145 0.016887229 0.01684668 0.99971557 10.392578
0.8135998 -0.581454 -0.0019915388 132.61523 0.58128035 0.8134318 -0.021894097 122.34595 0.014347187 0.016657058 0.9997585 10.417725
0.8230274 -0.56782776 -0.00033445354 133.33496 0.5677166 0.82287765 -0.01931081 122.84985 0.011244365 0.01570408 0.9998135 10.43811
0.83235 -0.55439985 0.0021218755 134.02124 0.5543417 0.83219296 -0.018174667 123.31641 0.008307266 0.016302293 0.9998326 10.455811
0.84113806 -0.5408483 0.004488969 134.74023 0.5408423 0.84099156 -0.01652474 123.78174 0.0051604016 0.01632761 0.99985343 10.475586
0.84995 -0.5268115 0.006680227 135.47827 0.5268493 0.8498227 -0.014857685 124.25073 0.002150231 0.01614694 0.9998673 10.485107
0.85668516 -0.51572746 0.008891767 136.19775 0.515804 0.8565461 -0.015432043 124.683105 0.00034256512 0.017808001 0.9998414 10.498657
0.86314076 -0.5049403 0.009186121 136.92139 0.5050236 0.8630111 -0.014962529 125.11182 -0.00037377002 0.017552763 0.99984586 10.511841
0.8694531 -0.49399316 0.007998057 137.67993 0.49405786 0.8693482 -0.013511794 125.55591 -0.00027993368 0.01569957 0.9998767 10.523193
0.875245 -0.4834753 0.008414796 138.41553 0.48354575 0.8751664 -0.0118389465 125.96582 -0.0016396637 0.014432969 0.99989444 10.527954
0.8820945 -0.4710342 0.008284943 139.17993 0.47109956 0.8820433 -0.009862044 126.37964 -0.0026634815 0.012601464 0.9999171 10.535278
0.88731015 -0.46115068 0.008220671 139.93408 0.46121743 0.8872511 -0.010520469 126.77881 -0.0024424414 0.013126196 0.9999108 10.542847
0.8913889 -0.45316344 0.007927217 140.70532 0.4532289 0.8913175 -0.01143692 127.16699 -0.0018829098 0.013787977 0.99990314 10.547852
0.8965019 -0.4429447 0.008204834 141.49976 0.44301614 0.8964226 -0.012087307 127.55664 -0.0020008287 0.014471728 0.9998933 10.551758
0.8994192 -0.43695915 0.008739238 142.27344 0.4370354 0.89935917 -0.010849027 127.946045 -0.0031178365 0.013577608 0.99990296 10.55249
0.9030307 -0.4294629 0.011100897 143.07568 0.42955875 0.90301377 -0.008449737 128.33643 -0.006396536 0.012398315 0.9999028 10.559448
0.90612745 -0.42280307 0.014762445 143.89673 0.42291346 0.90618116 -0.005237207 128.72388 -0.011162597 0.010988047 0.9998773 10.557983
0.9084538 -0.41765028 0.016696585 144.71533 0.41774097 0.9085629 -0.002212897 129.11353 -0.014245834 0.008985287 0.99985814 10.550781
0.91209364 -0.4095613 0.01771236 145.55981 0.40960863 0.9122438 0.0010341033 129.49634 -0.016581332 0.0063137785 0.9998425 10.5460205
0.91469425 -0.40361893 0.019394275 146.406 0.40364134 0.9148852 0.0029170811 129.87817 -0.018921534 0.0051599527 0.9998077 10.533203
0.91762656 -0.39682907 0.022108167 147.27661 0.3968314 0.91788095 0.0044706175 130.25488 -0.022066742 0.0046719294 0.99974555 10.519653
0.9213697 -0.3878937 0.025014602 148.1643 0.3879018 0.9216937 0.004727007 130.62646 -0.024889024 0.0053480845 0.999676 10.51123
0.9239729 -0.38150394 0.026322162 149.06348 0.38152942 0.9243275 0.004246357 131.00073 -0.025950417 0.0061208555 0.99964446 10.493164
0.92771494 -0.37233797 0.026698861 149.96289 0.3723684 0.92807823 0.0040073697 131.38013 -0.026270436 0.0062240805 0.99963546 10.462769
0.9316076 -0.3625284 0.026787497 150.91138 0.3626289 0.931953 0.0011765943 131.74292 -0.025391221 0.008617382 0.9996404 10.452637
0.9353479 -0.3526646 0.026516581 151.83936 0.35278168 0.9356796 0.0002787956 132.08691 -0.024909778 0.009095246 0.9996484 10.433105
0.93957424 -0.34147322 0.024716388 152.8081 0.34160239 0.9398516 -0.0010800688 132.43872 -0.02286167 0.009456724 0.999694 10.416748
0.9442417 -0.3284639 0.0234833 153.78638 0.3285335 0.944509 0.0009423003 132.80054 -0.022489883 0.0068245977 0.99972373 10.393677
0.94970423 -0.31233576 0.023108203 154.76514 0.3123047 0.9499821 0.005033501 133.14185 -0.02352444 0.0024347769 0.9997204 10.37207
0.9557027 -0.29317856 0.02502406 155.78223 0.29305205 0.95603 0.008664571 133.45752 -0.026464486 -0.0009438484 0.99964917 10.349243
0.9612869 -0.2742498 0.026489692 156.80322 0.2740205 0.96164215 0.012002016 133.7688 -0.028765604 -0.0042797583 0.9995772 10.330566
0.967437 -0.25159612 0.027425183 157.86548 0.25128013 0.96779966 0.0144750085 134.05469 -0.030183561 -0.0071109626 0.999519 10.309692
0.97249234 -0.2311816 0.028569072 158.92993 0.23081796 0.9728749 0.015476955 134.32642 -0.031372093 -0.008458309 0.9994722 10.278198
0.97745645 -0.20880282 0.031289466 160.00879 0.20836775 0.977909 0.016607512 134.57104 -0.03406629 -0.00971268 0.99937224 10.258667
0.98172015 -0.1869543 0.035588592 161.11621 0.18640122 0.9822996 0.018298011 134.79004 -0.03838042 -0.011329166 0.999199 10.218628
0.9855808 -0.16450606 0.039694898 162.26123 0.16380812 0.9862881 0.020259663 135.00317 -0.042482525 -0.013465302 0.9990063 10.19043
0.98932993 -0.13907972 0.043277726 163.37085 0.13816959 0.9901279 0.023365717 135.1831 -0.046101518 -0.017134726 0.99878955 10.142944
0.99179786 -0.1203839 0.042996645 164.52441 0.11943939 0.9925557 0.023904372 135.33374 -0.04555411 -0.018573117 0.9987891 10.101074
0.99444824 -0.09641959 0.042153105 165.6687 0.095451556 0.99513525 0.02440556 135.45703 -0.044301383 -0.020246793 0.9988131 10.05957
0.9963792 -0.07414901 0.04156414 166.8435 0.07319038 0.9970245 0.024136256 135.56226 -0.04323045 -0.021006232 0.9988445 10.006958
0.9974802 -0.055696625 0.043939576 168.03662 0.05473699 0.99824184 0.022744417 135.63062 -0.04512916 -0.020281784 0.998775 9.970093
0.99829197 -0.03617402 0.045868706 169.23267 0.035127815 0.9991083 0.023416832 135.68555 -0.046674903 -0.021765254 0.998673 9.923584
0.9987558 -0.014478772 0.04771563 170.44751 0.013356541 0.99962854 0.023754517 135.72217 -0.048041858 -0.023087613 0.9985785 9.875366
0.99878085 0.005508783 0.04905594 171.67773 -0.0067546903 0.99965787 0.02526853 135.73169 -0.048899963 -0.025569078 0.99847645 9.823975
0.99841374 0.0268942 0.049457237 172.92554 -0.028204678 0.9992642 0.025991423 135.7107 -0.04872182 -0.027345363 0.9984379 9.772583
0.99772865 0.045190964 0.049966544 174.15454 -0.046649706 0.9985071 0.028428528 135.67041 -0.048607554 -0.03069433 0.99834645 9.715698
0.99661267 0.065836884 0.049270652 175.43213 -0.067330234 0.9973008 0.02927786 135.60718 -0.04720968 -0.032496672 0.99835575 9.66333
0.99512726 0.08618638 0.047882996 176.70825 -0.087645724 0.99572164 0.029258788 135.50635 -0.045156475 -0.03331337 0.9984242 9.612305
0.99367946 0.10232087 0.046167955 177.9607 -0.10380537 0.9941148 0.030981911 135.39526 -0.042725842 -0.035578728 0.99845284 9.563843
0.9913514 0.12332765 0.04484522 179.28345 -0.12480427 0.99167234 0.0317585 135.25098 -0.04055481 -0.037081182 0.99848884 9.511963
0.98891926 0.14203557 0.04318908 180.59302 -0.14349969 0.9891023 0.032931637 135.08105 -0.038041487 -0.038763084 0.9985245 9.472046
0.9860055 0.16232432 0.038001824 181.94067 -0.1636203 0.9859406 0.033916805 134.87866 -0.03196414 -0.03965996 0.9987023 9.427734
0.98294663 0.18097295 0.032455888 183.26807 -0.18208653 0.9826378 0.035443164 134.65527 -0.025476662 -0.040749937 0.9988443 9.397949
0.9799945 0.19701661 0.028256191 184.56934 -0.19801743 0.97944087 0.038569234 134.41064 -0.02007631 -0.04339233 0.99885625 9.367065
0.9761735 0.21558091 0.024813695 185.90063 -0.21644215 0.975484 0.03986855 134.13208 -0.0156106055 -0.044289347 0.99889666 9.354736
0.97202784 0.23370904 0.023157265 187.26074 -0.234516 0.97118574 0.042355195 133.81763 -0.012588152 -0.046601545 0.99883366 9.337769
0.9678981 0.25007623 0.024344444 188.59985 -0.25092262 0.9670643 0.042216066 133.48926 -0.012981869 -0.046972003 0.9988118 9.327393
0.96293694 0.26860467 0.024632517 189.93213 -0.2694293 0.9621624 0.040665384 133.13037 -0.01277554 -0.045796078 0.9988687 9.323242
0.95830095 0.2851 0.020068895 191.2771 -0.28570676 0.9574527 0.041004006 132.75806 -0.0075249826 -0.045027956 0.9989571 9.32373
0.9531614 0.30191252 0.016730545 192.64575 -0.30236173 0.9521901 0.04311741 132.34277 -0.0029094256 -0.04615842 0.99893 9.318481
0.9475428 0.31912297 0.018122956 193.98389 -0.31962273 0.9465159 0.04421239 131.91357 -0.003047196 -0.04768618 0.9988581 9.319214
0.9421563 0.33464873 0.018796783 195.33643 -0.3351691 0.9410178 0.046356916 131.45435 -0.0021765244 -0.04997509 0.9987483 9.326782
0.93548214 0.35289708 0.017439365 196.67017 -0.35332397 0.93410546 0.05076763 130.9773 0.0016246475 -0.053655446 0.99855876 9.327148
0.92880565 0.37017137 0.014991811 198.01392 -0.3704365 0.92736715 0.051951595 130.47095 0.0053311624 -0.053808298 0.99853736 9.34314
0.92140114 0.38829553 0.012878909 199.39917 -0.38841674 0.91995496 0.052285537 129.90991 0.008464052 -0.053178616 0.9985485 9.359253
0.9136706 0.4063504 0.008686517 200.73193 -0.40622273 0.9122622 0.052457754 129.33105 0.013389651 -0.05145918 0.99858576 9.38562
0.905501 0.4242716 0.005094452 202.06128 -0.42386246 0.90395117 0.056368645 128.75244 0.019312926 -0.053200822 0.998397 9.417603
0.8956283 0.44481778 0.0029745707 203.40088 -0.44423 0.8940576 0.057810865 128.11157 0.023056354 -0.053099517 0.9983229 9.461548
0.8826481 0.47004443 0.0046510473 204.73193 -0.46941033 0.88084835 0.06158036 127.451416 0.02484328 -0.05653654 0.99809164 9.49939
0.8692689 0.49434868 0.005129904 206.04883 -0.4935815 0.86723846 0.06567617 126.73877 0.028003424 -0.059625506 0.9978295 9.551025
0.8550324 0.51856154 0.005707926 207.35596 -0.51763684 0.85273784 0.070074335 125.993164 0.031464 -0.0628654 0.997526 9.607422
0.83992004 0.54274386 0.0056912424 208.62866 -0.5416277 0.8374196 0.07373318 125.22778 0.03524822 -0.06501063 0.9972616 9.664429
0.825512 0.56447786 0.005874723 209.89966 -0.5632498 0.82293105 0.07531682 124.403564 0.037676565 -0.06548307 0.99714166 9.727539
0.8079194 0.5892585 0.0060349577 211.14893 -0.5879065 0.8052814 0.07668997 123.52417 0.040337387 -0.06549864 0.99703556 9.794434
0.79226923 0.61019474 0.0031484172 212.40332 -0.60851085 0.7896763 0.0784874 122.61499 0.045420155 -0.06409969 0.9969082 9.876465
0.77483445 0.6322262 0.00018812204 213.5874 -0.63014966 0.77226436 0.081200056 121.69824 0.05120384 -0.06303277 0.9966957 9.956177
0.7584572 0.6516903 -0.0006688674 214.75464 -0.64940983 0.7558873 0.082840405 120.7395 0.054484464 -0.062405303 0.9965641 10.045166
0.7425574 0.6696449 -0.0015501496 215.92334 -0.66716707 0.7400051 0.084257975 119.729004 0.05758379 -0.061534185 0.9964426 10.145874
0.7257802 0.68793756 -0.0030930322 217.06348 -0.685285 0.7233637 0.084561676 118.70459 0.060419396 -0.05923855 0.9964117 10.245483
0.7098264 0.7043123 -0.0033920116 218.14893 -0.70157737 0.70747864 0.084774345 117.64697 0.06210424 -0.057797905 0.99639535 10.348755
0.69489 0.71924 -0.0053350087 219.24854 -0.7163144 0.6926974 0.0852572 116.56299 0.06500579 -0.05540957 0.9963438 10.456787
0.6797486 0.73340327 -0.0073217805 220.31299 -0.7302204 0.6776664 0.086830616 115.466064 0.06863883 -0.05367275 0.9961965 10.567993
0.66599727 0.7459886 -0.010271645 221.3335 -0.74248224 0.66408634 0.08869088 114.345215 0.07297599 -0.05145194 0.9960067 10.691406
0.6502037 0.7597274 -0.010943956 222.36719 -0.75596225 0.6482946 0.091132835 113.1814 0.07632671 -0.05097841 0.99577844 10.80835
0.6341474 0.7731987 -0.010255566 223.36743 -0.769391 0.6322385 0.0916374 112.01758 0.07733045 -0.050233338 0.99574053 10.943848
0.61780113 0.7863227 -0.0074701244 224.35059 -0.7825014 0.6156824 0.09308678 110.82739 0.07779029 -0.051669408 0.9956306 11.072998
0.5990462 0.80063045 -0.002011424 225.30542 -0.7969962 0.5965621 0.09371705 109.61084 0.0762335 -0.054546304 0.99559796 11.207764
0.58137137 0.8136481 0.0030610384 226.21704 -0.8102167 0.5785652 0.09400699 108.40259 0.07471537 -0.05714014 0.99556726 11.337769
0.5650637 0.82507956 0.0066794674 227.11328 -0.8217325 0.5620036 0.09487684 107.15552 0.074533604 -0.05908713 0.99546504 11.475708
0.5444268 0.83865154 0.009417301 227.96948 -0.8351115 0.541025 0.09854173 105.92505 0.07753274 -0.06150779 0.99509054 11.608643
0.5285645 0.84861815 0.0128594395 228.76831 -0.8449705 0.5247483 0.10181068 104.68701 0.07967321 -0.06469995 0.99472094 11.74231
0.5093315 0.8603053 0.015612843 229.54663 -0.8567547 0.50538385 0.10172462 103.42041 0.07963214 -0.065193295 0.9946907 11.888428
0.4875862 0.87279457 0.019844608 230.30371 -0.86952525 0.48347667 0.1004134 102.154785 0.07804618 -0.06622627 0.9947488 12.026855
0.46887112 0.882923 0.023499258 230.99023 -0.87998265 0.4646954 0.098161906 100.9021 0.07575811 -0.06672207 0.994893 12.156616
0.44547066 0.89475304 0.02743638 231.67212 -0.8920722 0.44116998 0.096739925 99.6189 0.07446114 -0.06758355 0.9949321 12.297485
0.4222947 0.90585786 0.029084716 232.32007 -0.90333474 0.41808376 0.09461328 98.32886 0.07353506 -0.06622406 0.995091 12.421997
0.4024173 0.9148664 0.03130799 232.90894 -0.9124227 0.39811388 0.094297685 97.06738 0.073820926 -0.066533566 0.9950512 12.547852
0.38050002 0.9242627 0.030888941 233.4707 -0.92178524 0.37637237 0.09299919 95.779785 0.07433698 -0.06384514 0.99518603 12.673706
0.3587694 0.9329137 0.03055234 234.00269 -0.9303419 0.35474455 0.09271629 94.482666 0.075658225 -0.061680693 0.9952235 12.807251
0.33778632 0.94074553 0.029790826 234.47754 -0.93804747 0.33388466 0.09262749 93.21533 0.07717997 -0.05924487 0.99525636 12.924316
0.3154001 0.94848335 0.030001787 234.93164 -0.9459448 0.31172583 0.08951512 91.91138 0.075540766 -0.056602247 0.99553406 13.054199
0.29493305 0.9549321 0.02995904 235.35205 -0.95237106 0.29135737 0.0887638 90.634766 0.07605012 -0.054716397 0.9956017 13.175171
0.27528197 0.96085715 0.031797282 235.74805 -0.9578796 0.27130806 0.09430269 89.36865 0.08199434 -0.05640327 0.9950343 13.301392
0.25592098 0.9662129 0.03333355 236.11694 -0.9624694 0.25136912 0.103122555 88.11304 0.09128738 -0.058459602 0.9941065 13.430542
0.2374592 0.9706385 0.035864487 236.45312 -0.966184 0.23226255 0.11118105 86.86133 0.099576026 -0.061077405 0.99315536 13.570557
0.21658358 0.9753972 0.039887954 236.7649 -0.97077864 0.2108943 0.11407724 85.61035 0.10285176 -0.063432895 0.992672 13.717529
0.19613537 0.9797209 0.043139283 237.04565 -0.9751118 0.19015956 0.11475934 84.34985 0.10423623 -0.0645281 0.99245316 13.866455
0.17666858 0.98301655 0.04835873 237.31055 -0.9786519 0.17024799 0.11461129 83.11792 0.10440715 -0.0676044 0.99223644 14.014282
0.15764664 0.98608285 0.053286098 237.54736 -0.9819598 0.1508127 0.11429607 81.870605 0.10464526 -0.070345506 0.9920187 14.1640625
0.13962245 0.9887138 0.05412654 237.73535 -0.98469317 0.13288653 0.11266519 80.65552 0.10421894 -0.06900185 0.9921555 14.308228
