7.776293281246463573e-01 -6.283622945818283512e-01 2.129447788209220399e-02 -6.595830066347909337e+01 6.273940945616897080e-01 7.777414224535431631e-01 3.866432346566084366e-02 2.571091031958025752e+01 -4.085680052976057436e-02 -1.670648220899663416e-02 9.990253326631267639e-01 -8.851609280829123572e-01 -4.809208017785018303e-24 -1.416202385148814181e-23 -3.430527606006730092e-24 9.999999999999997780e-01
7.495208717319681302e-01 -6.613989096438840365e-01 2.774788568579314788e-02 -6.555837738161021377e+01 6.606445736498962606e-01 7.500124814503978943e-01 3.209400217429370789e-02 2.609150553441230613e+01 -4.203819864239003584e-02 -5.723634378467441428e-03 9.990996095807483934e-01 -8.929085559039398046e-01 -4.809208017785018303e-24 -1.416202385148814181e-23 -3.430527606006730092e-24 9.999999999999997780e-01
7.211334643798573696e-01 -6.927008361861261010e-01 1.149252359341263775e-02 -6.520646479390929073e+01 6.923476506201848846e-01 7.211642558720007257e-01 2.401763379880153884e-02 2.648786321507505548e+01 -2.492503224097693260e-02 -9.363097757940273824e-03 9.996454747399998730e-01 -9.019597285571095968e-01 3.976170547223964045e-19 1.766630222626400793e-18 3.430147123192050342e-20 9.999999999999998890e-01
6.910053818840309336e-01 -7.227107080090907631e-01 -1.417020593712274221e-02 -6.487024759733353108e+01 7.228456795982663996e-01 6.909335032479073657e-01 1.024780833607270847e-02 2.690144863101915362e+01 2.384469211775726901e-03 -1.732416285340912521e-02 9.998470821520677454e-01 -9.077881295228826808e-01 -1.521777529979385923e-18 1.755815582419046141e-18 7.401382355470804772e-20 9.999999999999997780e-01
6.563139008518505957e-01 -7.539496421674874993e-01 -2.849562464908584822e-02 -6.453070875367967574e+01 7.540002176060285333e-01 6.567794710023877602e-01 -1.115339947649882438e-02 2.732409788010102147e+01 2.712444282716624383e-02 -1.416557606805033190e-02 9.995316908712655879e-01 -9.272716570448491513e-01 -5.430835347812777774e-18 1.445790818536941234e-18 1.884062695473915297e-19 9.999999999999997780e-01
6.189318638375261861e-01 -7.849498106025541988e-01 -2.787728038417347856e-02 -6.419382587469014823e+01 7.842396553503138135e-01 6.195582161774539909e-01 -3.340328940430681987e-02 2.776868782661209778e+01 4.349150379810984984e-02 -1.188108591275940755e-03 9.990530904288054126e-01 -9.386524518127361549e-01 -9.750156158677878718e-18 3.097735939636976980e-18 4.443117665759419473e-19 9.999999999999997780e-01
5.861102856933774197e-01 -8.099254310007778512e-01 -2.226048567821093879e-02 -6.386832782696329502e+01 8.089666656219037799e-01 5.865090010646790697e-01 -3.975079348498472553e-02 2.825809304172765835e+01 4.525115376429085512e-02 5.290358051796909857e-03 9.989616334948372423e-01 -9.606057518852794130e-01 -1.406895379809133687e-17 3.820587258624147097e-18 7.554653355772538470e-19 9.999999999999998890e-01
5.573360027129701244e-01 -8.301341213828087318e-01 -1.593488612818751149e-02 -6.356577219501813403e+01 8.297895293641153192e-01 5.575637443923523451e-01 -2.391668657765431624e-02 2.876309564383313244e+01 2.873877237462655818e-02 1.070288345498191765e-04 9.995869504486409873e-01 -9.314945982968674265e-01 -1.743145688429014689e-17 5.814007461764251881e-18 1.080531537045774566e-18 1.000000000000000000e+00
5.286274970470177248e-01 -8.488171250639392484e-01 -7.903009805918122938e-03 -6.328432992110492705e+01 8.487777150872477527e-01 5.286818797880104004e-01 -8.477048724619545839e-03 2.927587911196597048e+01 1.137364220763361668e-02 -2.226697555737559842e-03 9.999328387851408317e-01 -8.754292693118654878e-01 -2.199549997535940864e-17 1.039342020682883839e-17 1.359355541485510553e-18 1.000000000000000444e+00
4.987776277091277022e-01 -8.667072452056459042e-01 -6.279267862873091390e-03 -6.301077929043431425e+01 8.666925424149960477e-01 4.988103339825201155e-01 -5.682220909936881899e-03 2.979533601354213346e+01 8.056985731345859755e-03 -2.608029963000229028e-03 9.999641409373721812e-01 -8.680679660211169102e-01 -2.768720397326166407e-17 1.551102680612376387e-17 1.573062375533650542e-18 1.000000000000001110e+00
4.712428857569397889e-01 -8.819930843829960621e-01 -4.282723904280213642e-03 -6.274852762688998098e+01 8.818734597938775455e-01 4.712512343687196292e-01 -1.488203672644498703e-02 3.031758875616648652e+01 1.514409240060977935e-02 3.236233386101748481e-03 9.998800844395336895e-01 -8.632180862880688421e-01 -3.225947476270432410e-17 1.842271380013133750e-17 1.766127945308972544e-18 1.000000000000001554e+00
4.457783255620240137e-01 -8.951269306364129097e-01 -5.427937780839671433e-03 -6.250050726854789929e+01 8.948771066883677294e-01 4.457854188293125519e-01 -2.168696115699378368e-02 3.085335198494964715e+01 2.183227849230097786e-02 4.810239974491655780e-03 9.997500753724378741e-01 -8.588596584574248460e-01 -3.647213001669836367e-17 2.255216117286973216e-17 1.964907763700094869e-18 1.000000000000001776e+00
4.226918220824906203e-01 -9.062552411966464661e-01 -5.749899841997680068e-03 -6.226097880370871707e+01 9.060131432016648168e-01 4.227139567941694542e-01 -2.128603009614496097e-02 3.141013526386054977e+01 2.172113925228072104e-02 3.787946017299690694e-03 9.997568922365686062e-01 -8.542070572027375963e-01 -3.997166015979249925e-17 2.702751257582229932e-17 2.175636419805733213e-18 1.000000000000001776e+00
4.030496936344593606e-01 -9.151642103065422695e-01 -5.041094640260884545e-03 -6.202853675952606949e+01 9.150565515673555472e-01 4.030798217463842370e-01 -1.407709965023301937e-02 3.198757142772874928e+01 1.491482131381353937e-02 1.060884023646648877e-03 9.998882050660611309e-01 -8.476417170081431696e-01 -4.475504419930863780e-17 3.374776841386258525e-17 2.414019698471545975e-18 1.000000000000001554e+00
3.858697826860598146e-01 -9.225505910641215168e-01 -2.217597135317492425e-03 -6.180204894011455252e+01 9.225357138794959555e-01 3.858761541547288676e-01 -5.239300679119030663e-03 3.257224738347908044e+01 5.689237792323018593e-03 -2.412474184860919604e-05 9.999838158646863207e-01 -8.428585241373358627e-01 -4.985551198135693165e-17 4.286464853712116659e-17 2.631962091719853271e-18 1.000000000000001554e+00
3.695979025175075150e-01 -9.291906797326356937e-01 1.439149979694529305e-03 -6.157691155759368229e+01 9.291900998226905184e-01 3.695997430600356792e-01 1.337281367886426243e-03 3.316153582984926373e+01 -1.774498845942078977e-03 8.429875246454390835e-04 9.999980702610551386e-01 -8.397529073977855196e-01 -5.535080114629678253e-17 5.127729871799046277e-17 2.814554868325371140e-18 1.000000000000001110e+00
3.555090799478526908e-01 -9.346709863249614836e-01 1.855100255428822125e-03 -6.136216586943039175e+01 9.346657862135102635e-01 3.555134055273552196e-01 3.175936433221817658e-03 3.375788383269919990e+01 -3.627968647949066008e-03 6.048244993973903114e-04 9.999932359925061132e-01 -8.407851190320146939e-01 -6.051211489503437500e-17 6.033251635617901556e-17 2.946720364940327635e-18 1.000000000000000666e+00
3.425256486468785666e-01 -9.395084014137495831e-01 3.790673014691334241e-04 -6.115764706212026169e+01 9.395059573617986493e-01 3.425256364343658433e-01 2.178179728505491748e-03 3.435769795584882758e+01 -2.176258423409375194e-03 -3.899464364050050794e-04 9.999975559175108275e-01 -8.457908532548435998e-01 -6.673728540475560304e-17 7.193825712479884264e-17 3.070230093008908259e-18 1.000000000000000444e+00
3.303246549792093201e-01 -9.438574041497008738e-01 -4.338541766332172644e-03 -6.096074131685520570e+01 9.438672799389116186e-01 3.303190648226868031e-01 1.968063869789932283e-03 3.497173748033777230e+01 -4.244685963939876373e-04 -4.745107634655472417e-03 9.999886518255516332e-01 -8.505672822737345706e-01 -7.254588221106604107e-17 8.250062335791117805e-17 3.215039563677914044e-18 1.000000000000000000e+00
3.198885125512649918e-01 -9.474264895627108052e-01 -7.374714409484836759e-03 -6.076516095657144234e+01 9.474551758329835538e-01 3.198802236274449484e-01 2.309181534393601846e-03 3.559830463284102109e+01 1.712455395986530230e-04 -7.725891983805624995e-03 9.999701401881722074e-01 -8.573264178274825342e-01 -7.867093374829285215e-17 9.294793027924129350e-17 3.413784953665824761e-18 9.999999999999993339e-01
3.118203860772148506e-01 -9.500944884036482962e-01 -9.407971708638655783e-03 -6.057028146072617858e+01 9.501409639967334231e-01 3.118096722578864166e-01 2.622369501899376055e-03 3.622786708081100926e+01 4.419977647672934011e-04 -9.756607579020751958e-03 9.999523054858434623e-01 -8.600395433785846810e-01 -8.560811620830799236e-17 1.040284423904553438e-16 3.666053738828520034e-18 9.999999999999985567e-01
3.057946924428871505e-01 -9.520331835871308490e-01 -1.106451186077572930e-02 -6.037300216078445914e+01 9.520957079600809170e-01 3.057958779873852229e-01 1.626004285721798556e-03 3.686847448158086138e+01 1.835472082303374721e-03 -1.103169773378283487e-02 9.999374643882835700e-01 -8.579949065118392948e-01 -9.297934443162734855e-17 1.136304793278041007e-16 3.941316442575651955e-18 9.999999999999975575e-01
3.012043658712027505e-01 -9.534743254508603050e-01 -1.275306575529453618e-02 -6.017344976994554173e+01 9.535570302064078074e-01 3.012077223562311112e-01 1.702391533072704398e-03 3.752047338667197351e+01 2.218135270559452865e-03 -1.267354326983137491e-02 9.999172271627434494e-01 -8.590206838075247209e-01 -1.009597559533952142e-16 1.220953684945961970e-16 4.260848555801740809e-18 9.999999999999965583e-01
2.978586686674298267e-01 -9.545237677189687409e-01 -1.282927742535374879e-02 -5.997386501001394521e+01 9.546063965944722174e-01 2.978674731794003216e-01 1.263329990201418791e-03 3.817435441301824994e+01 2.615545947286062461e-03 -1.262320408289899221e-02 9.999169033664723205e-01 -8.648662724013759240e-01 -1.108039310310017510e-16 1.300670646220338360e-16 4.623379467367812991e-18 9.999999999999955591e-01
2.956485002659788863e-01 -9.552235807557891700e-01 -1.182687864876729757e-02 -5.977042460368077315e+01 9.552876895938599011e-01 2.956770749606158488e-01 -7.053036169648821841e-04 3.883424751317004819e+01 4.170659531297055134e-03 -1.108954962290241777e-02 9.999298112808455707e-01 -8.674201074394245481e-01 -1.195096332871966902e-16 1.354753043258556586e-16 4.919891008400793243e-18 9.999999999999945599e-01
2.947860626779134074e-01 -9.554995763279612309e-01 -1.103344406554339525e-02 -5.956627765335828428e+01 9.555496580571561926e-01 2.948238573611368651e-01 -1.934972244982713450e-03 3.950270177469179345e+01 5.101787699667684889e-03 -9.972600854535874221e-03 9.999372575288771881e-01 -8.648278023446560603e-01 -1.283125687107261056e-16 1.405760830000535279e-16 5.231244311060950131e-18 9.999999999999936717e-01
2.944403458331466550e-01 -9.556096267720685100e-01 -1.072958369240589564e-02 -5.936043260803157295e+01 9.556585727218462889e-01 2.944728789606639308e-01 -1.554329406433304023e-03 4.018066100451424205e+01 4.644903543913411412e-03 -9.796161349418335690e-03 9.999412283198390039e-01 -8.635866228477062645e-01 -1.375924336911238485e-16 1.450466014753568587e-16 5.545100331153569637e-18 9.999999999999926725e-01
2.934204327926579481e-01 -9.559057337174138302e-01 -1.219335335129362145e-02 -5.915270490278988547e+01 9.559786162136378884e-01 2.934358301183770390e-01 5.467586698852252517e-04 4.087100049492526210e+01 3.055317015059272074e-03 -1.181701522932787803e-02 9.999255088199860975e-01 -8.644305973232973006e-01 -1.467409690397574529e-16 1.494690085882555563e-16 5.886934039667613517e-18 9.999999999999917843e-01
2.928853914743759779e-01 -9.560887537540562198e-01 -1.060388635946311192e-02 -5.894469241807600923e+01 9.561472854941366339e-01 2.928589658224946546e-01 3.999322395390566241e-03 4.156649138485558836e+01 -7.182639719393226624e-04 -1.131022026369899944e-02 9.999357794450350889e-01 -8.660534509659594260e-01 -1.568398740365428016e-16 1.537392029019794127e-16 6.235483817612809336e-18 9.999999999999906741e-01
2.923777204584603884e-01 -9.562808372012101543e-01 -6.498382973750822626e-03 -5.872702699492261047e+01 9.562988963015034427e-01 2.923500363154636350e-01 4.886430079954073510e-03 4.226803810034278541e+01 -2.772996949416978423e-03 -7.643079753503105936e-03 9.999669463635745270e-01 -8.722686217158114319e-01 -1.661097655103749055e-16 1.589915389085791266e-16 6.553777743267081628e-18 9.999999999999894529e-01
2.918285763922167098e-01 -9.564686366068380075e-01 -1.956831202428880971e-03 -5.850661428998419922e+01 9.564698045275497051e-01 2.918250098085877209e-01 1.917466376257384022e-03 4.296868073511691932e+01 -1.262944165796520395e-03 -2.431221440547894509e-03 9.999962470600716191e-01 -8.775437991439875018e-01 -1.756317142998609181e-16 1.656128218045766395e-16 6.838429108323926108e-18 9.999999999999884537e-01
2.914800576404373289e-01 -9.565768877532556669e-01 1.838864554213601502e-04 -5.828316473970465239e+01 9.565728627554513919e-01 2.914782615255420151e-01 -2.963325487843666232e-03 4.368168240870312502e+01 2.781049768216942164e-03 1.039651077084055878e-03 9.999955924341394908e-01 -8.779033722350070290e-01 -1.859062483267962230e-16 1.744364054468403861e-16 7.111841761028631568e-18 9.999999999999875655e-01
2.912457859459714471e-01 -9.566419352857924441e-01 -3.478479750231992448e-03 -5.806713978406047971e+01 9.566276951687087138e-01 2.912614412948626996e-01 -5.497786018597398960e-03 4.440604902457053527e+01 6.272559682185901986e-03 -1.726403056211059731e-03 9.999788370397628690e-01 -8.777824518913845964e-01 -1.971622387086911747e-16 1.846958598588356135e-16 7.396013524768064720e-18 9.999999999999867883e-01
2.908960012683188823e-01 -9.567058374905953455e-01 -9.667313873383601847e-03 -5.784962066422311011e+01 9.567063448301216244e-01 2.909680208546052693e-01 -7.112004064239368060e-03 4.514483455969509862e+01 9.616974989233546128e-03 -7.179926976844385432e-03 9.999279786267277759e-01 -8.789549041632769288e-01 -2.086857665717946973e-16 1.938966511798567974e-16 7.746582863336655829e-18 9.999999999999857891e-01
2.902650512097253999e-01 -9.569084865300924170e-01 -8.505789375994866897e-03 -5.762454967716908527e+01 9.568949528390890968e-01 2.903300809485142575e-01 -7.777745661733347776e-03 4.588011739582676540e+01 9.912077347849105463e-03 -5.881539181008240379e-03 9.999335769036746813e-01 -8.794673533022691059e-01 -2.216068117646347335e-16 2.053207704858753673e-16 8.216210673303195703e-18 9.999999999999850120e-01
2.897387638335447435e-01 -9.570983495776707040e-01 -3.768019096696663753e-03 -5.738963498989708967e+01 9.570691955847216992e-01 2.897598630497996708e-01 -7.601093885201810028e-03 4.662286509966826742e+01 8.366815109939734069e-03 -1.403923459748217641e-03 9.999640120542812038e-01 -8.812882706962998913e-01 -2.347808832362109772e-16 2.153874937927244285e-16 8.697150394782860791e-18 9.999999999999842348e-01
2.900602831655912928e-01 -9.570004225183419422e-01 -3.901721365794477529e-03 -5.716004583805259642e+01 9.569962466372118337e-01 2.900747228403461331e-01 -3.852154133317221840e-03 4.738694514282143899e+01 4.818303876973318960e-03 -2.616575783788536134e-03 9.999849686264142834e-01 -8.773853679595173816e-01 -2.470656306369248032e-16 2.248561466905827333e-16 9.108865726869731096e-18 9.999999999999833467e-01
2.912669892940953353e-01 -9.566256255957427124e-01 -5.563578085300038313e-03 -5.692941907482111930e+01 9.566417584983866185e-01 2.912602581560107540e-01 2.001978045535985316e-03 4.815873496898657891e+01 -2.946943108450633610e-04 -5.905461241027809560e-03 9.999825191885320930e-01 -8.756231021641764922e-01 -2.600923526407595796e-16 2.337458620812353651e-16 9.490992420878993400e-18 9.999999999999824585e-01
2.910595641579323267e-01 -9.566738676135082553e-01 -7.709807884125455084e-03 -5.669426723889646524e+01 9.566926094215221221e-01 2.910054591561641035e-01 7.421173737384466514e-03 4.894415034833500044e+01 -4.856046798251172775e-03 -9.535919816353840769e-03 9.999427408819931973e-01 -8.817408271846368661e-01 -2.727223250583147651e-16 2.440403785036976557e-16 9.840268986262393758e-18 9.999999999999813483e-01
2.907942022017676598e-01 -9.567793820756870238e-01 -3.456298700681615169e-03 -5.644913394069244106e+01 9.567542651011442523e-01 2.907535263837175976e-01 9.146753866786374101e-03 4.973036049076810627e+01 -7.746494477205184692e-03 -5.966651516776903287e-03 9.999521943037227301e-01 -8.980764776117032833e-01 -2.862886844193923131e-16 2.571832476637247056e-16 1.017755913660254288e-17 9.999999999999802380e-01
2.902101523604674882e-01 -9.569593912901275257e-01 2.605933335159644343e-03 -5.620473693300515805e+01 9.569280588523534359e-01 2.902217484691836935e-01 7.747702669798985781e-03 5.051248823966462709e+01 -8.170535359712915308e-03 2.452287556586692685e-04 9.999665905492172158e-01 -9.087154581127960817e-01 -3.006735180902090848e-16 2.718786266919614847e-16 1.041714191970392473e-17 9.999999999999792388e-01
2.893583918160443913e-01 -9.572196156156912439e-01 1.525964018310332296e-03 -5.596727573214312912e+01 9.572010292386222696e-01 2.893622921653637436e-01 5.971054968524730847e-03 5.130272601431569512e+01 -6.157167387892234674e-03 -2.671205342384813382e-04 9.999810087877687437e-01 -9.110500807661309208e-01 -3.159866195074780467e-16 2.853180338603449550e-16 1.056751553851230760e-17 9.999999999999782396e-01
2.900134445009152073e-01 -9.570009341540943737e-01 -6.435373874788857980e-03 -5.573908874637949395e+01 9.570171080703033795e-01 2.899825109586637861e-01 5.328996056979618846e-03 5.211043587222471984e+01 -3.233708329464572880e-03 -7.704243397227364225e-03 9.999650932727278674e-01 -9.202829899458848661e-01 -3.316136628537610835e-16 2.990589506011141435e-16 1.075698789569037728e-17 9.999999999999770184e-01
2.892735429561604787e-01 -9.572074307599021115e-01 -8.645914851510515947e-03 -5.549457301825704292e+01 9.572454269445236363e-01 2.892748031371417672e-01 1.131752571648053088e-03 5.290921647408539030e+01 1.417723345248162381e-03 -8.603648529520066882e-03 9.999619829235051327e-01 -9.305207899985633579e-01 -3.480611650454110905e-16 3.106188772916633748e-16 1.107548891748606615e-17 9.999999999999756861e-01
2.884425408708479188e-01 -9.574653531053475275e-01 -7.810135646878930797e-03 -5.524698213139034664e+01 9.574801933140514310e-01 2.884764450728746765e-01 -3.608330573306527123e-03 5.371011872882208138e+01 5.707891673441372639e-03 -6.437254150125706897e-03 9.999629901808639865e-01 -9.318120662454055791e-01 -3.659131766417330747e-16 3.234411876701363127e-16 1.147690170947104887e-17 9.999999999999743538e-01
2.886190141347457216e-01 -9.573939796748185405e-01 -9.789400507755008363e-03 -5.500351672758735333e+01 9.574174826984085396e-01 2.886720610136481180e-01 -4.494998743277482146e-03 5.452335894511313086e+01 7.129411156122671643e-03 -8.075201085449675714e-03 9.999419796287140061e-01 -9.280784579352581165e-01 -3.832986563560773190e-16 3.383169044732537679e-16 1.194180091481303108e-17 9.999999999999731326e-01
2.889184702085182410e-01 -9.572307318030262024e-01 -1.534417362430049586e-02 -5.476778399124604846e+01 9.573385029601194640e-01 2.889670955860395019e-01 -1.004200566375049739e-03 5.535138974724571170e+01 5.395212929410786104e-03 -1.439943611523921904e-02 9.998817669688734311e-01 -9.264901952449278166e-01 -4.014147390114020116e-16 3.547094786635040586e-16 1.246194715267977738e-17 9.999999999999718003e-01
2.889785926791326176e-01 -9.572560071535888282e-01 -1.234138329188498411e-02 -5.451950422185652201e+01 9.573355557492203571e-01 2.889534783670594797e-01 3.810647982186187756e-03 5.618026637155538339e+01 -8.168004204427748740e-05 -1.291604072355005683e-02 9.999165811307348939e-01 -9.276387733716493500e-01 -4.202054998666327597e-16 3.745347293226743930e-16 1.309515527158805240e-17 9.999999999999703570e-01
2.880491822326214368e-01 -9.575972401376000587e-01 -5.932478063379213046e-03 -5.426351510326188077e+01 9.576002844557639504e-01 2.880039871873931179e-01 7.443021869027548025e-03 5.700822109382858827e+01 -5.418839863910045011e-03 -7.824899043744337757e-03 9.999547025386976706e-01 -9.350757933772498864e-01 -4.399602947753796967e-16 3.950812721874412004e-16 1.356795307310248936e-17 9.999999999999688027e-01
2.876182859475472364e-01 -9.577024149847693790e-01 -9.044662566372155960e-03 -5.401555482068297209e+01 9.577140817540434892e-01 2.875201056106638231e-01 1.076691598298775386e-02 5.784666881304675456e+01 -7.710979102550347304e-03 -1.175896262450918175e-02 9.999011289117726298e-01 -9.446377607996442327e-01 -4.601647657317434283e-16 4.179445454969382072e-16 1.383668525194055429e-17 9.999999999999672484e-01
2.881172490421356480e-01 -9.575418776052122549e-01 -1.009967507799979132e-02 -5.376685819951344314e+01 9.575677120797259079e-01 2.880131474637464550e-01 1.060677474881339608e-02 5.867628980615506862e+01 -7.247591800739204386e-03 -1.272711751903980205e-02 9.998927406939699392e-01 -9.610380597855825435e-01 -4.810267878747472246e-16 4.409568874699593275e-16 1.414113746219233927e-17 9.999999999999655831e-01
2.862824071925055280e-01 -9.581269740170158533e-01 -5.923258652640928969e-03 -5.351321176074552710e+01 9.581419971173515959e-01 2.862597646494980941e-01 4.388678951479953877e-03 5.950659314075084438e+01 -2.509321055849566846e-03 -6.931724449521933784e-03 9.999728268826789668e-01 -9.573777302760599905e-01 -5.015462689756399715e-16 4.630873273653532617e-16 1.448720790996002659e-17 9.999999999999639178e-01
2.858753035053508973e-01 -9.582532259874713132e-01 -5.105460834560020950e-03 -5.326269896535776383e+01 9.582642218910634169e-01 2.858828911797123284e-01 -8.084394849738874272e-04 6.034498753131543225e+01 2.234253648683054167e-03 -4.661267570905669282e-03 9.999866402582573421e-01 -9.607263284793176039e-01 -5.227068535969261188e-16 4.856578859668838096e-16 1.482077379360377717e-17 9.999999999999620304e-01
2.858528087282175001e-01 -9.582426091381727185e-01 -7.698946308528419741e-03 -5.301566301262462844e+01 9.582659710282349641e-01 2.858732520493230123e-01 -1.677060589329621961e-03 6.119404061365746372e+01 3.807953733376800466e-03 -6.898245780382921376e-03 9.999689563647662371e-01 -9.675419323902511026e-01 -5.428497373435710355e-16 5.052293519773325610e-16 1.521261505156157178e-17 9.999999999999600320e-01
2.851109935789086225e-01 -9.584740674408789296e-01 -6.259663232995736799e-03 -5.276043331810524251e+01 9.584942514176374440e-01 2.851096132147448170e-01 1.130686538614773546e-03 6.203756999019149987e+01 7.009564375493766968e-04 -6.322222387102166032e-03 9.999797688772871229e-01 -9.701133969228900034e-01 -5.617248812501993779e-16 5.220297747426465202e-16 1.564504235308591732e-17 9.999999999999579225e-01
2.843490538963599490e-01 -9.587183988722901562e-01 -2.155739317125863162e-03 -5.250196046159395280e+01 9.587148874498069295e-01 2.843386627796713473e-01 4.158056149848071703e-03 6.289026092750574293e+01 -3.373444899668484858e-03 -3.249078709061908876e-03 9.999890316182239447e-01 -9.695864885209991568e-01 -5.805415492427030758e-16 5.375161582312452729e-16 1.600313514792622999e-17 9.999999999999555911e-01
2.836595247821854793e-01 -9.589250607694065343e-01 -4.276379316604775782e-05 -5.225476472301223652e+01 9.589051598390228026e-01 2.836533500104049255e-01 6.455343689714915061e-03 6.374341913242448499e+01 -6.178060746754926100e-03 -1.872126145267270867e-03 9.999791631373113887e-01 -9.658390141619237479e-01 -5.995724927305325133e-16 5.531741875220884101e-16 1.623587652469292553e-17 9.999999999999531486e-01
2.834607837661561880e-01 -9.589677016113637986e-01 -5.561594456952852726e-03 -5.201380819947701895e+01 9.589778813439570060e-01 2.834338336586789131e-01 5.165755587045694347e-03 6.459588385491662166e+01 -3.377448724204113253e-03 -6.797735196687933364e-03 9.999711914030295912e-01 -9.649486909289515246e-01 -6.184120758951465467e-16 5.675060509149772293e-16 1.639815117217978905e-17 9.999999999999504841e-01
2.835048564703896434e-01 -9.589620529374185409e-01 -4.096020479290905271e-03 -5.176121768288867742e+01 9.589703463402986516e-01 2.835062933644921235e-01 2.376192001005789588e-04 6.544512700893712065e+01 9.333797876869737208e-04 -3.995328374878451445e-03 9.999915830410889273e-01 -9.740053121180501927e-01 -6.371917407681465897e-16 5.806616661754346469e-16 1.667763427764905279e-17 9.999999999999474865e-01
2.829963589539543078e-01 -9.591169299370829737e-01 -2.788463175800220874e-03 -5.150848519241500156e+01 9.591113724821758169e-01 2.830053423911513821e-01 -3.653950412695871394e-03 6.629751238999524787e+01 4.293715677785094574e-03 -1.640392081083499789e-03 9.999894365037882427e-01 -9.867372371252600693e-01 -6.553588424191467614e-16 5.937124188276877083e-16 1.702072592885645629e-17 9.999999999999443778e-01
2.835539166435941949e-01 -9.589432831560363857e-01 -4.995602667793647665e-03 -5.125868906043812245e+01 9.589543725112430472e-01 2.835599326700932177e-01 -5.253816682029211664e-04 6.715502288327711256e+01 1.920363977947284152e-03 -4.641580991875714560e-03 9.999873838842887608e-01 -9.915092885731769945e-01 -6.736516118227617459e-16 6.052326004526219613e-16 1.739873723534330067e-17 9.999999999999410472e-01
2.839135874455515074e-01 -9.588381304774057368e-01 -4.744934815721773246e-03 -5.101104757890049513e+01 9.588409903539553136e-01 2.838861837386228992e-01 5.708756394033850413e-03 6.801777849927243835e+01 -4.126751871279425894e-03 -6.170431505573347603e-03 9.999724474672662122e-01 -9.833372710018511986e-01 -6.916764860315082796e-16 6.145538180392191665e-16 1.776067698311140192e-17 9.999999999999374944e-01
2.831996607743075822e-01 -9.590544973322683298e-01 -3.524667939239445758e-03 -5.075769213864725771e+01 9.590272010611857745e-01 2.831569333011056955e-01 9.432854735624770365e-03 6.887536681962909313e+01 -8.048587592300780746e-03 -6.051633689720705735e-03 9.999492976981838588e-01 -9.791679729998338244e-01 -7.086335914138348568e-16 6.251593262283269429e-16 1.803679425240544752e-17 9.999999999999341638e-01
2.832358642077988375e-01 -9.590427599139786929e-01 -3.798668589672719777e-03 -5.050917534015854926e+01 9.590089810924015135e-01 2.831846858060868000e-01 1.040230307324292898e-02 6.972394119386440536e+01 -8.900528677774261627e-03 -6.589262594411309480e-03 9.999386792235537280e-01 -9.860624301597222807e-01 -7.243685523431407667e-16 6.338039044375066278e-16 1.824427087454394771e-17 9.999999999999308331e-01
2.835893170787183171e-01 -9.589350188633174454e-01 -4.552893195466304298e-03 -5.025524333657127585e+01 9.588910360281220902e-01 2.835191647956359917e-01 1.203595524707601859e-02 7.058832748914277033e+01 -1.025086649570840572e-02 -7.778996802055241494e-03 9.999172000443132813e-01 -1.004186433055523686e+00 -7.396613553110176073e-16 6.423165296273059058e-16 1.846693362427425017e-17 9.999999999999272804e-01
2.836610904991052062e-01 -9.588984161670399686e-01 -7.086127942420969612e-03 -5.001116704646261724e+01 9.588758874790057618e-01 2.835644537753951311e-01 1.217509616490326969e-02 7.144580092554947726e+01 -9.665306429829687712e-03 -1.024831827466826314e-02 9.999007719887853529e-01 -1.017598082164894224e+00 -7.559559047113904149e-16 6.530916148168702138e-16 1.866885158879854908e-17 9.999999999999238387e-01
2.838130288394766221e-01 -9.588318564202411576e-01 -9.572657660982050384e-03 -4.976555002339694056e+01 9.588622433243868537e-01 2.837336002678436664e-01 8.856771770213690831e-03 7.229271212651948986e+01 -5.776070296038822265e-03 -1.169252722125206645e-02 9.999149572932281016e-01 -1.028194052818143911e+00 -7.721938768532462957e-16 6.664163544625021826e-16 1.892104624419013558e-17 9.999999999999203970e-01
2.837888544424403414e-01 -9.588394148092423963e-01 -9.532192955330037396e-03 -4.951438455221457247e+01 9.588845236145870921e-01 2.837957980309430694e-01 6.445096035005447093e-04 7.312971347963622293e+01 2.087215095690036094e-03 -9.323176943050501264e-03 9.999543599107044711e-01 -1.021645244783378148e+00 -7.882772791783990584e-16 6.814031069577819012e-16 1.927896101219069532e-17 9.999999999999169553e-01
2.834784214962898230e-01 -9.589356612208884689e-01 -9.076463234837874733e-03 -4.926166413826695845e+01 9.589392699791251529e-01 2.835398293627020005e-01 -6.375080948457622319e-03 7.397332492186819763e+01 8.686831301477990902e-03 -6.896579144249772621e-03 9.999384861868414465e-01 -1.019598879960053051e+00 -8.039208918327385448e-16 6.975497948965238354e-16 1.974213184444531204e-17 9.999999999999137357e-01
2.835786888521304450e-01 -9.589025183772139638e-01 -9.438616358902189585e-03 -4.900811779384682865e+01 9.589142652957136637e-01 2.836384275627851781e-01 -5.716137010658033958e-03 7.483058529621595767e+01 8.158372477325885955e-03 -7.429849232445611892e-03 9.999391172958889129e-01 -1.018240031878038465e+00 -8.188155223600163155e-16 7.118029128354752463e-16 2.023566220980851954e-17 9.999999999999100719e-01
2.838321096393481291e-01 -9.588403352318293216e-01 -8.033994661438890669e-03 -4.875744493071332641e+01 9.588716914193599061e-01 2.838398215239668620e-01 1.873821100069511015e-04 7.568686861582143877e+01 2.100698085659304971e-03 -7.756755109483121947e-03 9.999677093873043932e-01 -1.011392879522554411e+00 -8.332867256081367921e-16 7.265763474503459708e-16 2.071225784863604042e-17 9.999999999999064082e-01
2.835511936730232829e-01 -9.589300209522970686e-01 -7.206627717825552643e-03 -4.850671422414710321e+01 9.589434852083441596e-01 2.834991147828804792e-01 7.459496902492800466e-03 7.654581860423191131e+01 -5.110062942422497097e-03 -9.025897951256894175e-03 9.999462087644801489e-01 -1.008815100991894864e+00 -8.472447802694324492e-16 7.437631357249940438e-16 2.109930596156079261e-17 9.999999999999028555e-01
2.833902317882026067e-01 -9.589783077909838083e-01 -7.112082213039806755e-03 -4.825597710783617345e+01 9.589606495120108764e-01 2.832983631797250657e-01 1.168375399583737768e-02 7.740007725012338824e+01 -9.189625385816465458e-03 -1.013126873146108498e-02 9.999064497135267127e-01 -1.014357418261191190e+00 -8.613245440016003147e-16 7.602265661443396318e-16 2.139920868316042033e-17 9.999999999998991917e-01
2.832831905473383038e-01 -9.590104194941747595e-01 -7.046222744409687093e-03 -4.800524493215547750e+01 9.589927418328691999e-01 2.831926488826056465e-01 1.161226640137225097e-02 7.825213054321758932e+01 -9.140845989247510170e-03 -1.004683634491827619e-02 9.999077487516536689e-01 -1.024103841235588286e+00 -8.746712295843629418e-16 7.750321843049650223e-16 2.162434544597292103e-17 9.999999999998954170e-01
2.839262402346221514e-01 -9.587917467151078066e-01 -1.021158838092747420e-02 -4.775965528925107861e+01 9.588270228152367958e-01 2.838372597072838510e-01 9.335433647068121926e-03 7.910059020096505833e+01 -6.052307469508843955e-03 -1.244172146189703211e-02 9.999042819894763401e-01 -1.034234912838699838e+00 -8.876532504599557480e-16 7.886577130269250629e-16 2.186467321966137874e-17 9.999999999998916422e-01
2.842153969893113641e-01 -9.586768965773637685e-01 -1.265764919095122183e-02 -4.751058144036047537e+01 9.587535020643266348e-01 2.841382912854937270e-01 7.560006944497844709e-03 7.995054796331821478e+01 -3.651081182840136725e-03 -1.428423586472499576e-02 9.998913091988941293e-01 -1.041059514422751686e+00 -9.007587152639387600e-16 8.034541587616371879e-16 2.220158592743015358e-17 9.999999999998877565e-01
2.834574774529930452e-01 -9.589022658770178786e-01 -1.258185089511418969e-02 -4.725789868834189633e+01 9.589802277378963735e-01 2.833911854193147950e-01 6.808732235987222450e-03 8.080638548868925852e+01 -2.963323128895651443e-03 -1.399573230105344117e-02 9.998976638601085876e-01 -1.044788303123693307e+00 -9.150175749679210395e-16 8.198332840009478481e-16 2.259669677038660378e-17 9.999999999998837596e-01
2.825464088145754893e-01 -9.591742294067979735e-01 -1.234198152255324386e-02 -4.700537656339680126e+01 9.592439089306600275e-01 2.824622344484669645e-01 8.136909122124842686e-03 8.166204426066198607e+01 -4.318569858578454393e-03 -1.413802505097820107e-02 9.998907271304880995e-01 -1.048777999904468627e+00 -9.294892305628447454e-16 8.372031272110609630e-16 2.305358325355066722e-17 9.999999999998796518e-01
2.824022896972618324e-01 -9.591996587930328166e-01 -1.360004945267760147e-02 -4.675757849655015974e+01 9.592639627818079218e-01 2.822484697122439323e-01 1.218404914200436548e-02 8.251835962096745902e+01 -7.848342633693744519e-03 -1.648684070751834513e-02 9.998332799026450335e-01 -1.049980810165066503e+00 -9.435568442523806135e-16 8.539862829853805708e-16 2.345711718669660502e-17 9.999999999998758771e-01
2.821319507495220757e-01 -9.592854702182411764e-01 -1.315100735611075822e-02 -4.650775327740389997e+01 9.593293154446467241e-01 2.819571644487774420e-01 1.369021346681980646e-02 8.337242847163338411e+01 -9.424802119127290850e-03 -1.647859351594534172e-02 9.998197982937893080e-01 -1.056593958747877426e+00 -9.576244579924254705e-16 8.725382986766803931e-16 2.382404468081610805e-17 9.999999999998721023e-01
2.812182524360856140e-01 -9.595697546345858253e-01 -1.192394596425647678e-02 -4.625388921465418690e+01 9.596035369093893763e-01 2.810708612172536092e-01 1.265791949085517433e-02 8.422396049258590267e+01 -8.794682938736805150e-03 -1.500189871994099707e-02 9.998487868604312157e-01 -1.062623793808942452e+00 -9.725155860143278833e-16 8.897589921090512542e-16 2.413409266520430147e-17 9.999999999998679945e-01
2.805973336196819212e-01 -9.597283069513461440e-01 -1.366430392928000975e-02 -4.601274025823639136e+01 9.597974690783245277e-01 2.804517342040191985e-01 1.164659319525841556e-02 8.507687336771081732e+01 -7.345387435372537598e-03 -1.638296732441229392e-02 9.998388088409723151e-01 -1.077805926258847080e+00 -9.876305738650276860e-16 9.078023747383364606e-16 2.441733920239453081e-17 9.999999999998636646e-01
2.798457500066967585e-01 -9.599523693643943201e-01 -1.333434493778334722e-02 -4.576620225029508049e+01 9.600208237762811736e-01 2.797131958496008597e-01 1.097934350347054555e-02 8.593454677969931765e+01 -6.809854573106690311e-03 -1.587377142902772834e-02 9.998508135020770515e-01 -1.091277270218007134e+00 -1.002866679504790072e-15 9.263724676795392722e-16 2.476756260120884314e-17 9.999999999998595568e-01
2.784063130056694257e-01 -9.604210408474834759e-01 -9.019377809472329741e-03 -4.551300310802898963e+01 9.604479406029956534e-01 2.783362948671704307e-01 8.286154194320979882e-03 8.677787877804944117e+01 -5.447776634428007185e-03 -1.096956048089501798e-02 9.999249924229515196e-01 -1.092582691819064644e+00 -1.020533078801228111e-15 9.464104806048922727e-16 2.512968216271598693e-17 9.999999999998554490e-01
2.770856485774388922e-01 -9.607424521014306107e-01 -1.405290299524787449e-02 -4.527325124328104522e+01 9.608446921188118495e-01 2.770404780970588954e-01 5.104030084961132599e-03 8.762482978955918611e+01 -1.010435414959757593e-03 -1.491691073832520503e-02 9.998882261501673696e-01 -1.094254951233326834e+00 -1.039559418951691993e-15 9.692359641466050314e-16 2.545193623855710318e-17 9.999999999998515632e-01
2.763901169541708724e-01 -9.608026248181484874e-01 -2.160600362535939831e-02 -4.504147952497365281e+01 9.610366937081792349e-01 2.764141062399046445e-01 1.927490153825210835e-03 8.847785781365607249e+01 4.120266582424969397e-03 -2.129690151743792587e-02 9.997647050123678047e-01 -1.104391191779805270e+00 -1.059959345848552719e-15 9.898460083451826457e-16 2.590948816074036765e-17 9.999999999998474554e-01
2.750617037616461813e-01 -9.611529158255873728e-01 -2.293755705725794222e-02 -4.480547531656072380e+01 9.614122960724756917e-01 2.751093537644425657e-01 1.113746921845158895e-03 8.932672361968131725e+01 5.239855397546044555e-03 -2.235879852262614639e-02 9.997362792474060456e-01 -1.106401848652698527e+00 -1.082638766118731378e-15 1.010030453215586656e-15 2.661684197722187816e-17 9.999999999998431255e-01
2.737736422442117457e-01 -9.615565452430495652e-01 -2.137763112772901250e-02 -4.456550887968101193e+01 9.617914037853109166e-01 2.737583695522884941e-01 3.694686048323710895e-03 9.018103934467316662e+01 2.299655890044575643e-03 -2.157232950837418076e-02 9.997646453949894374e-01 -1.094668622325961849e+00 -1.105875883905895567e-15 1.028239799302448519e-15 2.726733481525190022e-17 9.999999999998386846e-01
2.732878411302868127e-01 -9.617539472835550107e-01 -1.852297964398900987e-02 -4.432691130621498843e+01 9.619304028731335832e-01 2.731983544753645576e-01 7.249768308273178870e-03 9.103519242573632653e+01 -1.912045728644739401e-03 -1.979909080104885755e-02 9.998021504697673922e-01 -1.085240429967733622e+00 -1.128034021465697820e-15 1.046056805267970592e-15 2.786428890359496784e-17 9.999999999998341327e-01
2.722417880867162854e-01 -9.620324748829036654e-01 -1.944032124388262589e-02 -4.409506651120276643e+01 9.622197500527033265e-01 2.720956508448127975e-01 9.854410184671808307e-03 9.189171982426873342e+01 -4.190635756975961794e-03 -2.138864329748178111e-02 9.997624540405695148e-01 -1.089286077848843792e+00 -1.148872885918793932e-15 1.059303580403722664e-15 2.832863513239619152e-17 9.999999999998295808e-01
2.713162225877628342e-01 -9.623303951490738140e-01 -1.754189080395375522e-02 -4.386413236381652325e+01 9.624763246177081566e-01 2.711691421764072518e-01 1.032573880812079174e-02 9.274226262323855963e+01 -5.179952825955879900e-03 -1.968519503671575105e-02 9.997928091281970131e-01 -1.097936512692570865e+00 -1.168979863940408678e-15 1.073628615003299122e-15 2.876160547564637468e-17 9.999999999998251399e-01
2.698736137532096180e-01 -9.627913595257796553e-01 -1.417852680384077031e-02 -4.362789393359158652e+01 9.628738148355101556e-01 2.697388075825595810e-01 1.072345039070109370e-02 9.359652922301978606e+01 -6.499946467115992957e-03 -1.654610850123729160e-02 9.998419760085802688e-01 -1.110715708090828313e+00 -1.187950700135200877e-15 1.086938585037212862e-15 2.914310852092253243e-17 9.999999999998206990e-01
2.689842869321777963e-01 -9.630396363030407914e-01 -1.421662030644246094e-02 -4.340154007419513249e+01 9.631079090271347232e-01 2.688159681165857573e-01 1.269373290847620149e-02 9.444840339267244644e+01 -8.402913372476417467e-03 -1.710655415169896193e-02 9.998183619294316316e-01 -1.115552065655741387e+00 -1.205910433153247459e-15 1.100519780164343810e-15 2.942119473355997940e-17 9.999999999998161471e-01
2.685849252934895959e-01 -9.630686254696846360e-01 -1.899896157857735093e-02 -4.318293106145937799e+01 9.632189737640035609e-01 2.683493980051562811e-01 1.406446484997814911e-02 9.529852224239228065e+01 -8.446684928693383790e-03 -2.207766351535932203e-02 9.997205761045183658e-01 -1.114217370801614315e+00 -1.223962853490927185e-15 1.114276744783202513e-15 2.970331908797296664e-17 9.999999999998118172e-01
2.683387705563872183e-01 -9.630345585607500425e-01 -2.363775018963424832e-02 -4.296499332025980777e+01 9.632963118752184695e-01 2.680620172249725819e-01 1.424676977790217437e-02 9.615072629484339473e+01 -7.383748645478075377e-03 -2.659311826534210832e-02 9.996190706044921770e-01 -1.118442498657515882e+00 -1.243699187336976986e-15 1.132922403591612151e-15 3.017666182111989551e-17 9.999999999998078204e-01
2.687559754081692009e-01 -9.628513971466706733e-01 -2.621855631316933471e-02 -4.273866206213124030e+01 9.631945898653087035e-01 2.685073462826439994e-01 1.264859860519493631e-02 9.699944981857390758e+01 -5.138845859940055320e-03 -2.865295805064764847e-02 9.995762103299020707e-01 -1.127856740932014823e+00 -1.263418421683898363e-15 1.153245079449545731e-15 3.082243178837767444e-17 9.999999999998038236e-01
2.702678702547025025e-01 -9.623863791894792241e-01 -2.770803960207441838e-02 -4.250510110273782516e+01 9.627728585974455466e-01 2.700069480783697795e-01 1.283240966184984871e-02 9.784446468573059974e+01 -4.868373060544791894e-03 -3.014473652340371804e-02 9.995336881781330396e-01 -1.141567750989153307e+00 -1.281421667006986704e-15 1.172581196407566285e-15 3.148201668853873140e-17 9.999999999997996047e-01
2.714110310441034679e-01 -9.620859496174587466e-01 -2.695696155519030496e-02 -4.226596031531704512e+01 9.624320427064168015e-01 2.710691118130222899e-01 1.568756810575783894e-02 9.869594155898298027e+01 -7.785589232266309362e-03 -3.020202260891834481e-02 9.995134928703719446e-01 -1.153536029673659202e+00 -1.297500624219821660e-15 1.191026847576749978e-15 3.215824192405719260e-17 9.999999999997952749e-01
