1 0 0 0 0 1 0 0 0 0 1 0
0.99986358 0.00097472501 0.016488348 -0.015040043 -0.0009653242 0.99999937 -0.00057810171 -0.0047132169 -0.016488903 0.00056210627 0.99986389 0.13335989
0.99927275 0.003253996 0.037991957 0.0010667502 -0.0032337968 0.9999946 -0.00059311539 -0.0011244088 -0.037993685 0.00046982581 0.99927787 0.290672
0.99790324 0.0050918101 0.064522829 0.048619155 -0.0051591246 0.99998631 0.00087668875 0.0022921102 -0.064517487 -0.0012077318 0.99791585 0.44007113
0.99511844 0.0048726656 0.098567447 0.098539719 -0.0052113457 0.99998137 0.0031788491 0.00053502149 -0.09855013 -0.0036770004 0.99512529 0.61032325
0.99083386 0.001541253 0.13507734 0.17065453 -0.0022576466 0.99998419 0.0051505598 -0.0028728144 -0.13506728 -0.0054083059 0.99082167 0.81030151
0.98450189 -0.0017328125 0.17536538 0.21848882 0.00070292101 0.99998214 0.0059347772 -0.010667414 -0.17537255 -0.0057195314 0.98448553 0.98771519
0.97579708 -0.002197248 0.21866693 0.30772128 0.00076075482 0.99997758 0.0066532986 -0.006296267 -0.21867667 -0.0063259174 0.97577687 1.1998104
0.96386971 -0.0019309831 0.26636715 0.40477208 -0.00068316958 0.99995252 0.0097210854 0.0029602683 -0.26637329 -0.0095518337 0.96382262 1.4188924
0.94978188 -0.0059156343 0.31285679 0.55374922 0.00058270915 0.99985299 0.017136652 0.010754505 -0.31291219 -0.016093777 0.9496457 1.6567109
0.93239475 -0.015579888 0.36110564 0.68602811 0.0070182254 0.99966259 0.025008955 -0.0028623928 -0.36137347 -0.020783898 0.9321895 1.8614841
0.91110355 -0.021195887 0.41163218 0.84124743 0.0097001277 0.99950293 0.029996516 -0.0066373428 -0.41206341 -0.023337048 0.91085627 2.0855354
0.88664796 -0.023021964 0.46187159 1.0356613 0.0083457326 0.99939399 0.033793562 -0.000786295 -0.46236973 -0.026108336 0.88630278 2.3208915
0.8580073 -0.025038439 0.51302683 1.1928162 0.006301833 0.99924912 0.038229228 0.01818927 -0.51359886 -0.029567948 0.85752083 2.5404381
0.82566768 -0.030512952 0.563331 1.4265431 0.0075512234 0.99904457 0.043045737 0.019490536 -0.56410627 -0.031287635 0.82510922 2.7755363
0.78953601 -0.036095069 0.61264182 1.6803977 0.0098222371 0.99888424 0.046193036 0.026889827 -0.61362565 -0.030453553 0.78900962 2.9685866
0.75217835 -0.04037674 0.65772138 1.9432528 0.010540626 0.99873054 0.049256499 0.031979766 -0.6588753 -0.030116877 0.75164908 3.1818386
0.71180734 -0.043885051 0.70100241 2.2196876 0.012051002 0.99866231 0.050282787 0.042850829 -0.70227141 -0.027343875 0.71138402 3.4179862
0.67030397 -0.04553859 0.74068804 2.5293901 0.011047251 0.9986171 0.051398965 0.061674788 -0.74200444 -0.026270364 0.66988008 3.6249397
0.62864878 -0.046176107 0.77631722 2.8407311 0.0068093591 0.99852425 0.053879092 0.081904721 -0.77765957 -0.028584803 0.62803548 3.8419005
0.58593331 -0.046893066 0.80900132 3.2042739 0.0038763505 0.99847507 0.055068234 0.097804474 -0.81035004 -0.02913034 0.58522158 4.0358218
0.54495643 -0.04806713 0.83708541 3.570995 0.0018400266 0.99842158 0.056133489 0.12189057 -0.83846238 -0.029050046 0.5441847 4.2275909
0.50691686 -0.050581646 0.86050958 3.9998923 0.00086952502 0.99830636 0.058169255 0.13174666 -0.86199455 -0.028738741 0.50610231 4.4489138
0.46886114 -0.050457433 0.88182947 4.4118671 -0.002036335 0.9983026 0.058204615 0.15829295 -0.88326958 -0.029085582 0.46796254 4.6348179
0.43296877 -0.049659628 0.90003994 4.8700288 -0.003232816 0.99838936 0.056641211 0.17922331 -0.90140316 -0.027433539 0.43211087 4.8355003
0.39955814 -0.048505948 0.91542361 5.3574161 -0.0018474107 0.99855448 0.053717185 0.19795081 -0.91670603 -0.023154302 0.39889096 5.0059103
0.36890513 -0.046775582 0.92828928 5.8983995 1.9273842e-05 0.99873327 0.050317525 0.2217869 -0.9294671 -0.018544501 0.36843872 5.1795444
0.34453361 -0.044894604 0.93769984 6.4324836 0.00078605794 0.99886929 0.04753442 0.24178661 -0.93877369 -0.015640118 0.34417933 5.3812341
0.32392838 -0.044359216 0.94504105 7.0065378 0.0020418121 0.99893064 0.04618887 0.27192044 -0.94607944 -0.013032289 0.32367256 5.55976
0.3092142 -0.044947867 0.94992957 7.5802476 0.0034014163 0.99892831 0.046159138 0.29772408 -0.95098638 -0.011041954 0.3090357 5.7353404
0.29563877 -0.046304659 0.95417688 8.23371 0.0041605282 0.99887751 0.047184825 0.31641013 -0.95529079 -0.0099797831 0.29549957 5.9144572
0.28625041 -0.048372374 0.95693299 8.8503877 0.0034213132 0.99877006 0.049463784 0.34443552 -0.95814878 -0.01088506 0.28606383 6.1156428
0.27515924 -0.049819041 0.96010696 9.5126083 0.0015258565 0.99867785 0.051383148 0.37196828 -0.9613975 -0.012673562 0.27487145 6.3041352
0.26448402 -0.0517238 0.96300196 10.215124 0.00086649372 0.99857302 0.053396379 0.4015049 -0.96438972 -0.013288053 0.26415142 6.4750003
0.25404213 -0.053544755 0.96570983 10.935745 -4.5503942e-05 0.99846574 0.055372909 0.42916326 -0.96719319 -0.014110995 0.25364992 6.6866492
0.24424743 -0.055147756 0.9681435 11.659907 -0.00042887041 0.99837534 0.05697803 0.46376933 -0.96971289 -0.014331945 0.24382695 6.8786051
0.2335857 -0.056666416 0.97068355 12.401639 -0.0010362591 0.99828528 0.05852711 0.49202143 -0.97233571 -0.014676975 0.23312644 7.0469869
0.22379581 -0.059601325 0.97281192 13.167721 -0.0018898914 0.99810003 0.061585423 0.52698717 -0.97463426 -0.015621068 0.22325796 7.226397
0.21221499 -0.062996737 0.9751903 13.96284 -0.0039210643 0.99785704 0.065314273 0.56469065 -0.97721518 -0.017684451 0.21151321 7.3805569
0.19909772 -0.066599775 0.97771391 14.732666 -0.0039845624 0.99762476 0.068767459 0.60639838 -0.97997158 -0.017587206 0.19835944 7.5522818
0.18638136 -0.069194059 0.9800378 15.572529 -0.0053089907 0.99743136 0.071431756 0.64845889 -0.98246317 -0.018516559 0.18553526 7.7521253
0.17334109 -0.070036333 0.98236841 16.335105 -0.0047162369 0.99739781 0.071940019 0.68585727 -0.9848506 -0.017103243 0.17255971 7.8585715
0.15842214 -0.069042793 0.98495453 17.13779 -0.0070716291 0.99744727 0.071055916 0.72251437 -0.98734619 -0.018222063 0.15752949 7.9836036
0.14245134 -0.06806497 0.9874587 17.955533 -0.0078420331 0.99752388 0.069890052 0.76090644 -0.98977078 -0.017699615 0.14156484 8.1004096
0.12131302 -0.066453386 0.99038731 18.783808 -0.010890194 0.99760732 0.068271781 0.79823178 -0.9925546 -0.019067765 0.12029906 8.2090125
0.096182018 -0.065310041 0.99321877 19.605478 -0.014665472 0.99764377 0.067021195 0.83935023 -0.99525576 -0.021012255 0.094997587 8.2831105
0.066703355 -0.064642657 0.99567661 20.426709 -0.019054354 0.99763461 0.066046285 0.87920102 -0.99759094 -0.023377483 0.06531385 8.3520344
0.033165634 -0.064175622 0.99738731 21.290479 -0.021629937 0.99765653 0.064912194 0.9200899 -0.99921583 -0.023726278 0.031699796 8.3678932
-0.0016465307 -0.06386704 0.99795702 22.097021 -0.024154617 0.99766978 0.063808804 0.95032501 -0.99970692 -0.024000206 -0.0031853794 8.3380324
-0.036228845 -0.062857297 0.9973647 22.938119 -0.024155731 0.99778341 0.062006239 0.98873036 -0.99905158 -0.021845658 -0.037666906 8.2876351
-0.066463858 -0.060901132 0.99592847 23.733498 -0.027184167 0.99787558 0.059206046 1.0145554 -0.9974185 -0.023138423 -0.067978209 8.2344004
-0.099674952 -0.057740804 0.99334325 24.56205 -0.028771061 0.99806468 0.055128277 1.0551157 -0.99460405 -0.023084631 -0.10114331 8.1658618
-0.13327378 -0.053289507 0.98964551 25.435068 -0.026763056 0.99838276 0.050155849 1.0746709 -0.99071788 -0.019801478 -0.13448444 8.0556651
-0.16534575 -0.0476739 0.98508269 26.248496 -0.02198594 0.99876093 0.044645538 1.0928878 -0.98599061 -0.014276018 -0.16618903 7.8880801
-0.19605518 -0.041523939 0.97971325 27.095417 -0.016023888 0.99910528 0.039139229 1.1073877 -0.98046197 -0.0080253662 -0.19654514 7.7012446
-0.22405805 -0.035658021 0.97392321 27.91355 -0.0097627624 0.99936241 0.034343427 1.1239309 -0.97452694 -0.001813259 -0.22426331 7.5062916
-0.2514698 -0.028784289 0.96743699 28.736987 -0.0017074828 0.99956931 0.029296494 1.138808 -0.96786368 0.0057153026 -0.25141065 7.2669193
-0.27984525 -0.018930081 0.95985843 29.523404 0.0051420403 0.99976169 0.021216197 1.1366475 -0.96003139 0.010872884 -0.27968122 7.0201504
-0.30343726 -0.0036734836 0.9528443 30.334166 0.0095526041 0.99993059 0.0068970821 1.1262417 -0.95280357 0.011194977 -0.30338111 6.7362917
-0.33108734 0.01333798 0.9435058 31.066944 0.010039931 0.99989329 -0.010611977 1.10325 -0.94354674 0.005959243 -0.33118592 6.4472413
-0.35552086 0.028172079 0.93424364 31.848816 0.0071504874 0.99959838 -0.027421771 1.0743285 -0.93464103 -0.0030687136 -0.35557952 6.172203
-0.37959944 0.038691958 0.92434145 32.618284 0.012805133 0.99924909 -0.036568825 1.0380062 -0.92506236 -0.0020451889 -0.37980985 5.8565922
-0.40440448 0.043924257 0.91352482 33.38546 0.016792491 0.99903428 -0.040601939 0.99805584 -0.9144261 -0.0010792477 -0.40475154 5.5127264
-0.42626823 0.042794987 0.90358393 34.115455 0.018783892 0.99908371 -0.038456634 0.94462611 -0.90440181 0.00057998227 -0.4266815 5.1439373
-0.44615096 0.039422993 0.89408897 34.842947 0.022480693 0.99920776 -0.032840106 0.89936083 -0.89467537 0.0054480954 -0.44668376 4.7750024
-0.4650089 0.038450174 0.8844706 35.587321 0.029875542 0.99916892 -0.027729384 0.85960653 -0.88480181 0.013529629 -0.46577116 4.3733978
-0.47871073 0.039201853 0.87709702 36.277459 0.034147938 0.99907811 -0.026016196 0.82278143 -0.87730839 0.017496823 -0.47960808 3.984288
-0.48976547 0.042497984 0.8708178 36.956929 0.036477067 0.99893554 -0.028234998 0.76905875 -0.87109085 0.017936353 -0.49079434 3.5881716
-0.49962039 0.045390803 0.86505438 37.668469 0.038389884 0.99880527 -0.030236485 0.73292337 -0.86539341 0.018102573 -0.50076603 3.1715584
-0.50964047 0.0445545 0.85923305 38.35616 0.031783506 0.99895158 -0.032947554 0.67347003 -0.85980025 0.010518033 -0.51052225 2.7753799
-0.52131072 0.043095699 0.85227803 39.002959 0.030289366 0.99902915 -0.031989194 0.65295774 -0.85282926 0.0091386524 -0.52210994 2.3607989
-0.52987968 0.044547763 0.84690198 39.675134 0.032530566 0.99895216 -0.032192388 0.60888944 -0.84744873 0.010492109 -0.53077361 1.9463925
-0.53707829 0.047993107 0.84216596 40.367367 0.036369494 0.99876924 -0.033723486 0.56293288 -0.84274802 0.012516998 -0.53816276 1.4962722
-0.54156597 0.051294762 0.83909182 41.048496 0.037022751 0.99862358 -0.037151949 0.52361337 -0.83984265 0.010945257 -0.54271962 1.0695103
-0.54040628 0.052517115 0.83976363 41.76334 0.036252152 0.99857669 -0.039119909 0.47779427 -0.84062292 0.0093025951 -0.54154097 0.5968711
-0.53746535 0.053675244 0.84157584 42.488159 0.039097254 0.99848518 -0.038713701 0.43850427 -0.84237905 0.012096033 -0.53874975 0.14433942
-0.53202131 0.052338863 0.84511177 43.23561 0.037118783 0.9985699 -0.038475419 0.38515405 -0.845917 0.010899778 -0.53320323 -0.31603974
-0.52455703 0.050845247 0.84985565 43.969501 0.035042025 0.99865861 -0.038118829 0.35041916 -0.85065389 0.0097851642 -0.52563512 -0.77762499
-0.51759986 0.050212848 0.85414811 44.760042 0.033077354 0.99870455 -0.038666555 0.29979649 -0.85498324 0.0082391569 -0.51859025 -1.2351286
-0.51155819 0.049041422 0.85784794 45.569635 0.030384422 0.99877796 -0.038979042 0.24998179 -0.85871128 0.0061251669 -0.51242314 -1.7034335
-0.50712992 0.047028452 0.86058556 46.364477 0.026176093 0.99888999 -0.039161207 0.20190479 -0.86147207 0.0026669494 -0.50779802 -2.1586546
-0.5056377 0.043884001 0.86162907 47.212535 0.021410407 0.9990362 -0.038317877 0.15833152 -0.86248025 -0.00092713341 -0.50608994 -2.6499689
-0.50619773 0.041478164 0.86141938 48.043892 0.018660561 0.99913569 -0.037143788 0.10745036 -0.86221558 -0.0027275316 -0.50653423 -3.1078953
-0.50730252 0.040118592 0.86083366 48.894551 0.01668587 0.9991858 -0.036733162 0.053513647 -0.86160652 -0.0042710659 -0.50755888 -3.6009576
-0.50770535 0.039858706 0.86060821 49.767926 0.0172544 0.99919927 -0.036098467 0.0050802895 -0.86135801 -0.0034781062 -0.50798656 -4.1124237
-0.50812383 0.038976527 0.86040162 50.623701 0.016818176 0.99923405 -0.035333448 -0.043667046 -0.86111985 -0.0034833806 -0.50839015 -4.6218544
-0.50841008 0.038625296 0.86024834 51.496484 0.017221174 0.99924978 -0.034688702 -0.097527814 -0.8609429 -0.0028215988 -0.50869384 -5.1224171
-0.5083212 0.037938433 0.86033143 52.390561 0.01681649 0.99927593 -0.034129618 -0.15260333 -0.86100339 -0.0028810525 -0.50859113 -5.6558408
-0.50801886 0.036715113 0.86056305 53.308245 0.014938668 0.99931642 -0.033816103 -0.20360229 -0.86121643 -0.0043235521 -0.50822007 -6.1803757
-0.5087001 0.035985988 0.86019135 54.194751 0.014744738 0.99934368 -0.03308766 -0.26077416 -0.86081755 -0.0041483994 -0.50889684 -6.693046
-0.50804509 0.035197694 0.86061097 55.078182 0.013540264 0.9993676 -0.032879396 -0.31098765 -0.86122408 -0.0050513154 -0.50820039 -7.2035073
-0.50680567 0.03386753 0.86139476 55.96927 0.013086533 0.99941509 -0.031594562 -0.36765862 -0.86196103 -0.0047396318 -0.50695245 -7.7209592
-0.50427331 0.031745954 0.86296035 56.884438 0.013615844 0.99949211 -0.028812126 -0.42076789 -0.8634368 -0.0027792519 -0.50444944 -8.2496052
-0.50224891 0.030807639 0.86417409 57.777213 0.014563255 0.99952477 -0.027168852 -0.47186338 -0.86460049 -0.0010603378 -0.50245889 -8.7362695
-0.49991771 0.030144129 0.86554812 58.650935 0.014356286 0.99954522 -0.026518984 -0.51996573 -0.86595395 -0.0008312521 -0.50012311 -9.2489605
-0.49755129 0.030604194 0.86689448 59.536946 0.014792711 0.99953145 -0.02679648 -0.57240392 -0.86730846 -0.00050890304 -0.49777088 -9.763824
-0.4962277 0.030987772 0.86763919 60.42577 0.014853013 0.99951958 -0.027203021 -0.62288655 -0.86806539 -0.00061183578 -0.49644956 -10.258795
-0.49734196 0.032108035 0.8669602 61.326257 0.014059224 0.99948196 -0.028950762 -0.67507235 -0.8674407 -0.0022096401 -0.49753573 -10.743965
-0.50037404 0.033980575 0.86514223 62.173532 0.012540727 0.99940916 -0.032001031 -0.73036851 -0.86571855 -0.0051629721 -0.50050454 -11.254056
-0.50468608 0.034719739 0.86260445 63.04641 0.011629071 0.99937371 -0.033420838 -0.78513928 -0.86322465 -0.0068357428 -0.50477376 -11.751492
-0.51097358 0.033398388 0.85894731 63.938756 0.01172553 0.99942276 -0.031885159 -0.83267321 -0.85951648 -0.0062208609 -0.51107024 -12.233035
-0.51605318 0.030899948 0.85599898 64.797753 0.014896112 0.99952172 -0.027100478 -0.88643885 -0.85642705 -0.0012342306 -0.51626665 -12.766153
-0.52195234 0.029137117 0.85247682 65.644873 0.012294726 0.99956957 -0.026636869 -0.93856943 -0.85288607 -0.003422207 -0.52208591 -13.262651
-0.52632955 0.031207901 0.84970772 66.486063 0.013218588 0.99950577 -0.028521739 -0.99349723 -0.85017794 -0.0037798974 -0.52648194 -13.796893
-0.5313267 0.034140427 0.84647877 67.32658 0.01381341 0.99940395 -0.031637701 -1.0411662 -0.84705442 -0.0051171961 -0.5314816 -14.313473
-0.53584841 0.0338321 0.84363606 68.156044 0.012049829 0.99940153 -0.032425083 -1.0945929 -0.84422825 -0.007209258 -0.53593539 -14.839495
-0.53919451 0.034735618 0.84146459 68.985841 0.011341816 0.99935796 -0.033985826 -1.1475911 -0.84210492 -0.0087812338 -0.53924229 -15.369693
-0.54268862 0.033818265 0.83925284 69.800061 0.011221292 0.99939186 -0.033015116 -1.2076051 -0.83985904 -0.0084994264 -0.54273808 -15.890477
-0.5456061 0.027246248 0.83759869 70.627723 0.013179149 0.99962671 -0.023932049 -1.2546833 -0.83793816 -0.0020186328 -0.54576151 -16.416412
-0.5474582 0.018760453 0.83662268 71.445454 0.013605141 0.99981608 -0.013517152 -1.2936331 -0.83672246 0.0039822948 -0.54761274 -16.958034
-0.54914803 0.016303151 0.83556603 72.25692 0.013934317 0.99984934 -0.010350697 -1.3296676 -0.83560896 0.0059589779 -0.54929247 -17.47843
-0.55055818 0.021758147 0.83451316 73.05646 0.01402513 0.99976027 -0.01681373 -1.362416 -0.83467901 0.00244722 -0.55073136 -17.996569
-0.55123183 0.027107236 0.83391163 73.846688 0.015022207 0.99963253 -0.022564208 -1.4022171 -0.83421692 8.9084874e-05 -0.55143647 -18.524023
-0.55127334 0.032410286 0.83369492 74.644083 0.02098835 0.99946769 -0.024976421 -1.4448511 -0.8340607 0.0037290464 -0.55166013 -19.058543
-0.55170773 0.033028393 0.83338326 75.439919 0.02438077 0.99942724 -0.023468693 -1.4876031 -0.83368113 0.0073706668 -0.55219699 -19.585836
-0.55129535 0.030446232 0.8337544 76.232786 0.024075597 0.9994983 -0.020579431 -1.5285172 -0.83396275 0.0087277911 -0.55175177 -20.108052
-0.55037548 0.025396636 0.83453088 77.02779 0.02221934 0.99962878 -0.015767214 -1.5595483 -0.83462159 0.0098648382 -0.55073547 -20.639642
-0.54967338 0.019289658 0.83515689 77.831575 0.020279647 0.99974687 -0.0097437893 -1.5949672 -0.83513351 0.011580786 -0.54992542 -21.151956
-0.5494189 0.012439394 0.83545441 78.642216 0.011333611 0.99990813 -0.0074346972 -1.6291744 -0.83547022 0.0053839528 -0.54950941 -21.661699
-0.54763867 0.0074796015 0.83668147 79.431342 0.0027075999 0.99997065 -0.0071671174 -1.6543269 -0.83671059 -0.0016595912 -0.54764285 -22.162336
-0.54587577 0.0078122511 0.83782967 80.221708 0.0059207793 0.99996753 -0.0054664887 -1.6794062 -0.83784524 0.0019765817 -0.5459043 -22.674695
-0.54435858 0.010901665 0.83878175 81.006043 0.010862278 0.99992332 -0.0059465452 -1.7119026 -0.83878233 0.0058740286 -0.54443526 -23.174708
-0.53695139 0.014739811 0.84348437 81.798161 0.012657779 0.99987556 -0.0094149504 -1.7344995 -0.84351825 0.0056212692 -0.53707115 -23.687713
-0.53007633 0.017011812 0.84777923 82.579514 0.018048693 0.99979858 -0.0087772852 -1.7612628 -0.84775786 0.010648677 -0.5302766 -24.172128
-0.52253277 0.019470089 0.85239683 83.372133 0.025104268 0.99965712 -0.007444432 -1.7989137 -0.85224957 0.01750884 -0.52284239 -24.659724
-0.51227203 0.019411084 0.85860381 84.176001 0.023818293 0.9996811 -0.008389723 -1.8229915 -0.85849293 0.016152658 -0.51257101 -25.136202
-0.50240757 0.016388553 0.86447555 84.985408 0.019446872 0.99978161 -0.0076517118 -1.8501836 -0.86441224 0.012967069 -0.50261656 -25.594189
-0.49028585 0.013740999 0.87145333 85.792935 0.021585563 0.99976045 -0.0036199426 -1.8702811 -0.87129439 0.017036005 -0.49046501 -26.045215
-0.47890432 0.012788602 0.87777391 86.619022 0.021342749 0.99976795 -0.0029215943 -1.896647 -0.87760766 0.017334945 -0.47906614 -26.480671
-0.46806003 0.0113397 0.88362388 87.438911 0.020163575 0.99979438 -0.0021497879 -1.9190639 -0.88346664 0.016810787 -0.46819244 -26.904708
-0.45572416 0.013013211 0.89002589 88.256271 0.023545693 0.99971948 -0.002560845 -1.9393505 -0.88980962 0.019789239 -0.45590273 -27.31933
-0.44369227 0.015968146 0.8960369 89.076534 0.022767391 0.99971938 -0.0065420846 -1.9723968 -0.89589 0.017497752 -0.44393131 -27.717628
-0.43245202 0.025818361 0.90128719 89.914588 0.025209389 0.9995454 -0.016537206 -2.001613 -0.9013045 0.015569352 -0.4329063 -28.109566
-0.41958474 0.031245088 0.90717822 90.738087 0.026333787 0.99940574 -0.022241786 -2.0272353 -0.90733414 0.014557125 -0.4201582 -28.490002
-0.40853968 0.027188757 0.91233548 91.5741 0.022952143 0.99954618 -0.019509881 -2.0623112 -0.91245197 0.012969495 -0.40897832 -28.854384
-0.39630351 0.023666817 0.91781443 92.426272 0.023830786 0.99959606 -0.015485736 -2.1028767 -0.91781027 0.015735189 -0.39670743 -29.211699
-0.38680566 0.024011035 0.92184857 93.26019 0.020634208 0.99963603 -0.017379065 -2.1359531 -0.92193041 0.012299295 -0.38716032 -29.539886
-0.37987061 0.028778485 0.92459183 94.122537 0.01693349 0.9995648 -0.024154901 -2.1771716 -0.92488467 0.0064808305 -0.38019261 -29.888586
-0.3749391 0.032935312 0.92646417 94.957356 0.0079425961 0.99944616 -0.032315421 -2.2195548 -0.92701546 -0.0047577833 -0.37499304 -30.2085
-0.3709531 0.034968352 0.92799296 95.789087 0.0050666779 0.99935214 -0.035631947 -2.2674329 -0.92863782 -0.0085159391 -0.37088995 -30.530932
-0.3678593 0.035203593 0.92921481 96.639723 0.0056454825 0.99934926 -0.035625713 -2.3105462 -0.92986437 -0.007859383 -0.36781866 -30.861624
-0.36264152 0.034656452 0.93128405 97.49328 0.0034757912 0.99935164 -0.03583602 -2.3645215 -0.93192227 -0.0097586794 -0.36252686 -31.1877
-0.35762078 0.030950904 0.93335382 98.31446 0.001773453 0.99947133 -0.032463912 -2.4112627 -0.93386525 -0.0099545099 -0.35748661 -31.503266
-0.35170233 0.027241469 0.93571539 99.181714 0.0021303378 0.99959719 -0.028300538 -2.457829 -0.9361095 -0.0079599748 -0.3516187 -31.813278
-0.34639231 0.024124437 0.93777946 100.026 4.5049664e-05 0.9996697 -0.025699926 -2.5017572 -0.93808978 -0.0088600092 -0.34627898 -32.122308
-0.34073471 0.022502979 0.9398901 100.87212 -0.0058179277 0.9996439 -0.026042762 -2.5489969 -0.94014152 -0.014341885 -0.34048245 -32.404303
-0.33418379 0.022450241 0.94224047 101.72306 -0.015779863 0.99944287 -0.029409802 -2.5831006 -0.94237586 -0.024696704 -0.33364335 -32.681687
-0.32789581 0.025710575 0.94436393 102.56337 -0.014115291 0.99938468 -0.032109547 -2.6336635 -0.94460847 -0.023858557 -0.32733114 -32.96568
-0.32049399 0.029603422 0.94678781 103.42603 -0.012341522 0.9992962 -0.035422899 -2.6835821 -0.94717019 -0.023037629 -0.31990308 -33.255824
-0.31413298 0.027861396 0.94897004 104.266 -0.013597504 0.99933472 -0.033841198 -2.7240196 -0.94928165 -0.02353426 -0.31354515 -33.526839
-0.3071743 0.022839778 0.95137911 105.12514 -0.014011407 0.99949505 -0.028518797 -2.7713634 -0.95155016 -0.022090402 -0.30669918 -33.787172
-0.30008139 0.020576294 0.95369162 105.97323 -0.013809547 0.99956886 -0.02591132 -2.8085066 -0.95381368 -0.020945554 -0.29966786 -34.0459
-0.29402104 0.023098262 0.95551977 106.82999 -0.017141828 0.99941973 -0.029434153 -2.8581599 -0.95564526 -0.025033616 -0.29345448 -34.300531
-0.28717296 0.025994021 0.95752594 107.69165 -0.017292758 0.99932812 -0.032315121 -2.9035798 -0.95772268 -0.025838293 -0.28653051 -34.554127
-0.28048626 0.02674936 0.9594852 108.54072 -0.018823893 0.99926608 -0.033361191 -2.9465503 -0.95967349 -0.027418602 -0.27977687 -34.792225
-0.27339692 0.025796865 0.96155529 109.42036 -0.019088321 0.99929797 -0.032236775 -2.9946185 -0.96171193 -0.027167911 -0.27271257 -35.031246
-0.26580039 0.02583043 0.96368193 110.26691 -0.016582157 0.99937057 -0.031360672 -3.0415307 -0.9638855 -0.024315603 -0.26520476 -35.261488
-0.25819895 0.02720223 0.96570868 111.13138 -0.011361327 0.99944889 -0.031190275 -3.0848922 -0.966025 -0.019025028 -0.25774761 -35.485413
-0.25115296 0.027661996 0.96755203 112.01279 -0.010502417 0.99945485 -0.031300257 -3.1310425 -0.96789047 -0.018022786 -0.25072553 -35.712894
-0.24469421 0.026611805 0.96923499 112.85746 -0.016641682 0.99936077 -0.031640331 -3.171282 -0.96945752 -0.023871906 -0.24409493 -35.910263
-0.23860259 0.024466948 0.97080899 113.72781 -0.021199794 0.9993131 -0.030395748 -3.2180006 -0.97088591 -0.027833455 -0.23792 -36.111959
-0.23390502 0.024720698 0.97194508 114.61371 -0.018302175 0.99938762 -0.029823216 -3.2584469 -0.97208721 -0.024764509 -0.23330934 -36.32499
-0.22936667 0.024789046 0.97302433 115.46255 -0.016883652 0.9994239 -0.029441515 -3.3078112 -0.97319369 -0.023181106 -0.228816 -36.515796
-0.22469043 0.026777454 0.97406216 116.34798 -0.015281658 0.99940258 -0.030999148 -3.3474573 -0.9743104 -0.021850497 -0.22414699 -36.715106
-0.21916389 0.025691005 0.97534972 117.19976 -0.009497823 0.99954973 -0.028462627 -3.3903177 -0.97564187 -0.015501679 -0.2188212 -36.90127
-0.21348089 0.024809709 0.97663212 118.07239 -0.0019542161 0.99966465 -0.025821981 -3.4318108 -0.97694533 -0.007421049 -0.21336082 -37.099264
-0.20869515 0.023669744 0.97769422 118.9578 0.0003495359 0.99970881 -0.0241281 -3.474311 -0.97798072 -0.0046936774 -0.20864265 -37.294001
-0.20493415 0.025149424 0.97845256 119.81107 -0.0020778876 0.9996564 -0.026129638 -3.5127307 -0.9787736 -0.007387969 -0.20481148 -37.455922
-0.20115601 0.027341268 0.97917753 120.68327 -0.0035558053 0.99958342 -0.028641536 -3.5526273 -0.9795528 -0.0092431812 -0.200975 -37.624022
-0.19916676 0.026459229 0.9796083 121.5721 -0.0051056478 0.99959384 -0.02803708 -3.5971183 -0.97995235 -0.010585589 -0.19895078 -37.803203
-0.19830186 0.025142236 0.97981843 122.42331 -0.0068859935 0.99961053 -0.027043733 -3.6418311 -0.98011685 -0.012109845 -0.1980515 -37.96344
-0.19728827 0.020928045 0.98012207 123.31164 -0.0061656277 0.99972585 -0.022587709 -3.6789841 -0.98032617 -0.010499357 -0.19710515 -38.137839
-0.1963503 0.01537781 0.98041318 124.15629 -0.0064559506 0.99983506 -0.016975394 -3.7154089 -0.9805126 -0.0096626221 -0.19621864 -38.297988
-0.195612 0.013542595 0.98058781 125.02007 -0.0041308636 0.9998844 -0.014633136 -3.7502407 -0.98067271 -0.0069130909 -0.19553345 -38.464989
-0.19464714 0.018113848 0.98070602 125.89485 -0.0061656175 0.99978712 -0.019690009 -3.7852959 -0.98085399 -0.0098792615 -0.19449402 -38.63098
-0.19428904 0.021906001 0.98069966 126.72945 -0.0063124087 0.999702 -0.023581025 -3.8237076 -0.98092406 -0.010772111 -0.19409286 -38.792377
-0.19416981 0.021168161 0.98073947 127.57856 -0.008842115 0.99968877 -0.023327748 -3.8517007 -0.98092812 -0.013201355 -0.19392221 -38.953116
-0.1940686 0.020278371 0.9807783 128.45092 -0.0099456739 0.99969427 -0.022637443 -3.8968215 -0.98093758 -0.014147718 -0.19380759 -39.116212
-0.19308835 0.020716257 0.98096261 129.28206 -0.0050378808 0.99974297 -0.022104499 -3.9359961 -0.98116848 -0.0092100932 -0.19293435 -39.280676
-0.19243002 0.023455013 0.98103031 130.13259 -0.0064230237 0.99966279 -0.02516037 -3.9747549 -0.98128972 -0.011142791 -0.19221448 -39.440133
-0.19267115 0.024659382 0.98095345 130.95339 -0.015672997 0.99947933 -0.028203453 -4.0068108 -0.98113825 -0.020808472 -0.19218434 -39.581617
-0.19216704 0.025756468 0.98102413 131.7933 -0.021079563 0.99931655 -0.030365878 -4.0472816 -0.98113585 -0.02651488 -0.19149277 -39.728304
-0.1923575 0.029090539 0.9808936 132.62646 -0.021104027 0.99920671 -0.033772244 -4.0985538 -0.981098 -0.027197149 -0.19159098 -39.886689
-0.19157702 0.030061317 0.98101706 133.4496 -0.0183638 0.99924607 -0.034206065 -4.1420954 -0.98130581 -0.024568297 -0.19088055 -40.044414
-0.19010209 0.031489359 0.98125916 134.26771 -0.017239959 0.99922431 -0.035405818 -4.188913 -0.98161299 -0.023647588 -0.18941176 -40.193284
-0.1882205 0.030469541 0.981654 135.09642 -0.012808038 0.99935749 -0.033474827 -4.2308741 -0.98204332 -0.01887371 -0.18770931 -40.353439
-0.1849223 0.02773433 0.98236168 135.91152 -0.0051755389 0.99956036 -0.029194144 -4.2793678 -0.98273956 -0.010482899 -0.18469746 -40.507486
-0.18259511 0.023282882 0.98291243 136.71498 0.001181727 0.99972404 -0.023461579 -4.3143593 -0.98318753 -0.0031224348 -0.18257224 -40.667124
-0.1786605 0.023126052 0.98363892 137.53672 0.0046162177 0.99973244 -0.022665967 -4.3494759 -0.98389999 0.0004911794 -0.17871945 -40.814667
-0.17414703 0.027111999 0.98434632 138.34294 0.0006231118 0.99962374 -0.027422547 -4.3987563 -0.98471951 -0.0041621965 -0.1740984 -40.94851
-0.16752931 0.030706835 0.98538872 139.13897 0.0042965408 0.99952806 -0.030416976 -4.4368008 -0.98585777 -0.0008619713 -0.16758218 -41.079399
-0.15973669 0.030982916 0.98667328 139.94579 -0.00079305356 0.99950299 -0.031514176 -4.4773221 -0.98715938 -0.0058164543 -0.15963273 -41.200054
-0.14953689 0.027674959 0.98836872 140.74418 0.0069226327 0.99961302 -0.026942434 -4.508156 -0.98873195 0.0028132267 -0.14967061 -41.323081
-0.13752587 0.026379958 0.99014678 141.54009 0.016313282 0.99957001 -0.024365191 -4.5486711 -0.99036387 0.0128017 -0.13789708 -41.430456
-0.1243252 0.028132982 0.99184258 142.31539 0.013742662 0.99955092 -0.026629012 -4.5921889 -0.99214639 0.010319901 -0.12465599 -41.526788
-0.11006673 0.029829924 0.99347643 143.12769 0.015274977 0.99948225 -0.028317945 -4.6261864 -0.99380686 0.012058467 -0.11046539 -41.605775
-0.09589218 0.029493613 0.99495464 143.90978 0.015960552 0.99947799 -0.028089445 -4.6644203 -0.9952638 0.013186468 -0.096312859 -41.684331
-0.082481992 0.031426493 0.99609689 144.68564 0.019769392 0.9993576 -0.029892358 -4.702882 -0.9963965 0.01722665 -0.08305029 -41.74168
-0.069175441 0.037054305 0.99691607 145.45151 0.016781462 0.99921177 -0.035975176 -4.7533557 -0.9974634 0.014241112 -0.069742742 -41.774218
-0.056688197 0.045941103 0.99733434 146.20649 0.0069012627 0.99893491 -0.045622564 -4.8034272 -0.99836812 0.0042966063 -0.056944872 -41.796038
-0.042515974 0.055006099 0.99758039 146.95867 0.0031176819 0.99848572 -0.054923144 -4.84239 -0.99909096 0.00077502823 -0.042623086 -41.817075
-0.029765845 0.055687279 0.99800443 147.72354 0.00059682723 0.99844769 -0.055694211 -4.8962733 -0.99955676 -0.0010621482 -0.029752877 -41.823162
-0.017662355 0.051791722 0.99850166 148.49085 0.0016491516 0.99865764 -0.051770639 -4.9483168 -0.99984269 0.00073229003 -0.01772406 -41.824092
-0.0069803672 0.048866318 0.99878089 149.25116 9.5212834e-05 0.9988053 -0.048866845 -5.0049527 -0.99997567 -0.00024601092 -0.0069766819 -41.815169
0.0022280182 0.054949848 0.99848659 150.01074 -0.003936953 0.99848185 -0.054940801 -5.0692363 -0.99998981 -0.0038085849 0.0024409692 -41.801604
0.0087540427 0.063443357 0.997947 150.76208 -0.012509429 0.99791414 -0.063331533 -5.1214219 -0.99988348 -0.011929339 0.0095294216 -41.782371
0.011319792 0.06676364 0.99770456 151.49758 -0.018341073 0.99761454 -0.066549519 -5.1745283 -0.99976775 -0.017545645 0.012517304 -41.754107
0.011915527 0.062606138 0.99796714 152.26793 -0.01961954 0.99786054 -0.062365195 -5.2305749 -0.99973655 -0.018836542 0.013118336 -41.745016
0.01076977 0.057321564 0.99829763 153.01879 -0.012598679 0.99828411 -0.05718487 -5.3025275 -0.99986268 -0.011961363 0.011473464 -41.73235
0.0075970576 0.054590493 0.99847988 153.77545 -0.012285639 0.99843847 -0.054494751 -5.3539008 -0.99989571 -0.011852963 0.0082558722 -41.7229
0.0046373432 0.054920024 0.99847995 154.52695 -0.012567294 0.99841507 -0.054858086 -5.4079126 -0.99991032 -0.012293794 0.0053201879 -41.71356
0.0010673567 0.055009365 0.99848523 155.26393 -0.012908057 0.99840341 -0.054991057 -5.4629768 -0.99991616 -0.012829808 0.001775715 -41.711252
-0.0035744002 0.053176833 0.99857867 156.00964 -0.010180674 0.99853141 -0.053210755 -5.5202679 -0.99994183 -0.010356399 -0.0030277764 -41.708484
-0.0086942751 0.053697603 0.99851935 156.75823 -0.014831109 0.99844037 -0.053822491 -5.5748332 -0.99985226 -0.015277096 -0.0078843218 -41.709665
-0.014936896 0.051733343 0.99854918 157.49051 -0.014698417 0.99854137 -0.051952804 -5.6227854 -0.99978044 -0.015453105 -0.014154712 -41.717247
-0.02056688 0.048924034 0.99859069 158.23044 -0.01143592 0.99872514 -0.049166153 -5.675059 -0.99972312 -0.012430997 -0.01998117 -41.73167
-0.025938111 0.048963312 0.99846368 158.95149 -0.012535684 0.99870531 -0.049300811 -5.7267264 -0.99958499 -0.013795194 -0.025290742 -41.747372
-0.031527474 0.050183026 0.99824225 159.67353 -0.015195276 0.99859929 -0.050680886 -5.7744318 -0.99938742 -0.016766406 -0.03072077 -41.76407
-0.03569468 0.052469068 0.99798437 160.39951 -0.016930668 0.99844572 -0.053098877 -5.8295024 -0.99921936 -0.018791889 -0.034750866 -41.783644
-0.038285156 0.054458725 0.99778174 161.11975 -0.014900018 0.99837172 -0.055062641 -5.8830703 -0.9991558 -0.016975047 -0.037411383 -41.806296
-0.040207555 0.056269748 0.99760563 161.8149 -0.014401994 0.99827668 -0.056888056 -5.9385557 -0.99908759 -0.016654839 -0.03932787 -41.832213
-0.038730596 0.054415831 0.99776689 162.5554 -0.010094989 0.99844387 -0.05484461 -5.9931252 -0.99919874 -0.01219661 -0.038121001 -41.863525
-0.034976579 0.050923061 0.99808987 163.26011 -0.006107317 0.99867145 -0.051166753 -6.03902 -0.99936951 -0.0078852885 -0.034619109 -41.885804
-0.02752752 0.050222815 0.99835856 163.96877 -0.0047826173 0.99871903 -0.050372817 -6.0939475 -0.99960965 -0.0061614049 -0.027252063 -41.901778
-0.017047253 0.051464122 0.99852929 164.65844 -0.0021495845 0.99867026 -0.051508084 -6.1455804 -0.99985242 -0.0030244937 -0.01691396 -41.903456
-0.0029504165 0.051682627 0.99865916 165.33605 -0.00037279555 0.99866342 -0.051683947 -6.1972547 -0.99999562 -0.00052478403 -0.0029272075 -41.903881
0.012342703 0.049475343 0.99869904 166.02957 -0.00064747317 0.99877534 -0.049471119 -6.2385472 -0.99992366 -3.6022659e-05 0.01235962 -41.887596
0.028039491 0.044323052 0.99862364 166.73173 -0.0044219245 0.9990122 -0.044216137 -6.2857608 -0.99959708 -0.0031760396 0.028207785 -41.846107
0.044882415 0.037966373 0.99827052 167.40428 -0.007827185 0.99926025 -0.037652102 -6.3306818 -0.99896166 -0.0061237301 0.045146382 -41.802562
0.062095265 0.030789464 0.99759516 168.08008 -0.0075577071 0.99950991 -0.030378129 -6.3663164 -0.99804165 -0.0056531933 0.062297529 -41.751564
0.079286241 0.023183819 0.99658222 168.76149 -0.0073840261 0.99971575 -0.022669255 -6.3997322 -0.99682458 -0.0055614284 0.079434892 -41.677914
0.097548591 0.016888049 0.99508742 169.41794 -0.0094571588 0.9998266 -0.016041392 -6.4337152 -0.99518587 -0.0078458839 0.097691388 -41.603738
0.11458688 0.01431941 0.99330998 170.07867 -0.0099030999 0.99986289 -0.013271467 -6.4629898 -0.99336391 -0.0083161113 0.11471297 -41.511173
0.13297421 0.013424341 0.99102854 170.72037 -0.0080413511 0.99988997 -0.012465403 -6.4796456 -0.99108692 -0.0063116306 0.13306752 -41.414779
0.15025662 0.012761534 0.98856462 171.35343 -0.0090673663 0.99989242 -0.011529574 -6.5000905 -0.98860549 -0.0072312821 0.15035617 -41.303648
0.1670019 0.012216892 0.98588084 172.01134 -0.014762974 0.99984212 -0.009889144 -6.5203084 -0.98584608 -0.012903027 0.16715589 -41.172864
0.18104245 0.0089573433 0.98343445 172.62927 -0.018732373 0.99980852 -0.005658001 -6.5409372 -0.98329691 -0.017397722 0.18117557 -41.038358
0.19351793 0.0046318882 0.98108576 173.25783 -0.014178848 0.99989762 -0.0019239423 -6.559236 -0.98099432 -0.013538348 0.19356379 -40.908164
0.20439021 0.003385848 0.9788836 173.88462 -0.012365569 0.99992316 -0.00087669883 -6.5794571 -0.97881143 -0.011925263 0.20441637 -40.77262
0.213885 0.0066711399 0.97683603 174.47399 -0.015420378 0.99987514 -0.003452083 -6.5979842 -0.97673717 -0.014324831 0.21396116 -40.625402
0.2228979 0.013654355 0.97474612 175.08732 -0.019917612 0.99975696 -0.0094500937 -6.6165175 -0.97463834 -0.017308209 0.22311569 -40.472442
0.23232218 0.023743936 0.97234899 175.66921 -0.019926023 0.99960836 -0.019648685 -6.6363393 -0.9724348 -0.014810222 0.23270432 -40.320403
0.24053273 0.030687063 0.97015578 176.25553 -0.016272004 0.99948714 -0.027580493 -6.6536881 -0.97050467 -0.0091523667 0.24090871 -40.174483
0.24701902 0.029076399 0.96857426 176.86461 -0.015328333 0.99954189 -0.0260968 -6.6720411 -0.96888943 -0.0084002224 0.24735155 -40.014114
0.25306138 0.021686727 0.96720709 177.46523 -0.017851947 0.99968318 -0.017744098 -6.6891807 -0.96728555 -0.012776183 0.25336835 -39.841686
0.25726591 0.010829127 0.96627993 178.07263 -0.022435649 0.99973461 -0.0052307053 -6.7158343 -0.96608021 -0.020333435 0.25744059 -39.667455
0.25918253 0.0018454561 0.96582655 178.69014 -0.021165604 0.99976888 0.0037695435 -6.7388623 -0.96559645 -0.021419301 0.25916168 -39.499497
0.26041691 0.00056503293 0.96549606 179.29209 -0.017388472 0.99984038 0.0041049465 -6.7591113 -0.96533971 -0.017857498 0.26038517 -39.332629
0.26142406 0.0036406301 0.96521714 179.90166 -0.015514928 0.99987954 0.0004307675 -6.7623375 -0.96509939 -0.015087887 0.26144905 -39.174345
0.2629425 0.0034960463 0.96480513 180.50908 -0.012680095 0.99991959 -0.00016752481 -6.7703007 -0.96472822 -0.012189771 0.26296569 -39.009279
0.26472165 0.0020197496 0.96432271 181.11681 -0.014631478 0.99989111 0.0019223229 -6.7721488 -0.9642139 -0.014618347 0.26472237 -38.833057
0.26712306 -0.0025765667 0.96365894 181.73462 -0.014150275 0.99987813 0.0065958165 -6.7892884 -0.96355857 -0.015397933 0.26705404 -38.659627
0.27094856 -0.0079042406 0.96256133 182.35975 -0.013241747 0.99984106 0.01193775 -6.7991744 -0.96250279 -0.01598051 0.27080083 -38.474235
0.27494466 -0.011297873 0.96139363 182.97809 -0.011109244 0.99982688 0.014926607 -6.8072086 -0.96139591 -0.014784346 0.27477154 -38.295702
0.28090632 -0.012735002 0.95965066 183.58164 -0.010250352 0.99981512 0.016268458 -6.8025861 -0.95968049 -0.014406669 0.28072385 -38.117856
0.28864917 -0.015739368 0.95730552 184.22908 -0.0090698186 0.99977505 0.019172377 -6.8062299 -0.95739202 -0.014216678 0.28844148 -37.92018
0.29840521 -0.017975148 0.95426996 184.82232 -0.0061138639 0.99976613 0.020743976 -6.808559 -0.95441973 -0.012024387 0.29822552 -37.720489
0.30962789 -0.016096835 0.95072151 185.4583 -0.0077998157 0.99978006 0.019467673 -6.8126098 -0.95082586 -0.013443186 0.30943424 -37.504799
0.32101775 -0.012757376 0.94698721 186.063 -0.0078672819 0.99983885 0.016136287 -6.8137798 -0.94704054 -0.012630249 0.32086565 -37.280309
0.33282742 -0.0087753745 0.94294689 186.67186 -0.010095277 0.99986624 0.012868366 -6.8132939 -0.94293376 -0.013802254 0.3326943 -37.050267
0.34445549 -0.0082061212 0.93876674 187.30509 -0.0089194597 0.99988806 0.012013165 -6.8124283 -0.93876032 -0.012511292 0.34434374 -36.812144
0.35583266 -0.011017654 0.9344847 187.93084 -0.0090084324 0.99984361 0.015218468 -6.8161827 -0.93450631 -0.01383347 0.35567776 -36.566231
0.36687341 -0.012952924 0.93018066 188.54418 -0.0087265661 0.99981114 0.017364393 -6.8161386 -0.93022998 -0.014487816 0.36669108 -36.302244
0.37828211 -0.013087331 0.9255978 189.18853 -0.011616042 0.99975422 0.018883207 -6.8239858 -0.92561752 -0.017894962 0.37803711 -36.034889
0.38758301 -0.014979446 0.92171306 189.79978 -0.012991434 0.99967991 0.021709478 -6.8115106 -0.9217433 -0.020388599 0.38726434 -35.759753
0.3946461 -0.013469928 0.91873443 190.44302 -0.018151245 0.99958313 0.022452223 -6.8134618 -0.91865394 -0.025536855 0.39423709 -35.472184
0.39929971 -0.015914441 0.91668228 191.08454 -0.018454304 0.99950725 0.025390909 -6.8049292 -0.91663474 -0.027055316 0.39880926 -35.179951
0.401161 -0.02099992 0.91576678 191.72925 -0.01335149 0.99949692 0.028768735 -6.7982961 -0.91591029 -0.023767745 0.4006788 -34.898516
0.40157716 -0.018964751 0.91562877 192.39011 -0.011463951 0.99960314 0.025731919 -6.7970465 -0.91575348 -0.020830074 0.40120038 -34.615383
0.40037675 -0.019428551 0.91614459 193.04863 -0.0081329698 0.99966049 0.02475396 -6.7862692 -0.91631456 -0.017361886 0.40008281 -34.323293
0.39914414 -0.01806046 0.91671026 193.72514 -0.005544546 0.99974016 0.022110411 -6.7853725 -0.91687146 -0.013907983 0.39894029 -34.036218
0.39924136 -0.019275601 0.91664318 194.40321 -0.0028086469 0.99974857 0.022246479 -6.7788272 -0.9168416 -0.011456241 0.39908684 -33.740265
0.39800808 -0.025852191 0.91701754 195.09661 0.0017768481 0.9996227 0.027409767 -6.7691862 -0.91738023 -0.0092799073 0.39790385 -33.451174
0.39777708 -0.028736164 0.91703193 195.76561 0.0016130822 0.99952975 0.030621621 -6.765284 -0.91748072 -0.01070133 0.39763637 -33.1456
0.39611793 -0.031141445 0.91767136 196.46267 0.003201235 0.99946546 0.03253532 -6.7562156 -0.9181941 -0.0099501416 0.39600588 -32.844192
0.39383377 -0.031268521 0.91864964 197.15298 0.0017507524 0.99944493 0.033268025 -6.7473506 -0.91918005 -0.011493743 0.39366991 -32.554345
0.39280052 -0.031568489 0.91908167 197.84121 0.00038901511 0.99941625 0.034161551 -6.7336398 -0.91962366 -0.013061138 0.3925835 -32.252699
0.39055233 -0.03065664 0.9200701 198.52999 -0.00010674095 0.99944384 0.033346674 -6.7282634 -0.92058076 -0.01312183 0.39033184 -31.960551
0.38987395 -0.027487471 0.92045786 199.21416 0.00074375149 0.99956348 0.029534761 -6.7252553 -0.92086797 -0.010830241 0.38972421 -31.646328
0.3890605 -0.021438689 0.92096267 199.90901 -0.000265008 0.99972652 0.023384151 -6.7262914 -0.92121221 -0.0093419114 0.38894841 -31.372893
0.3875249 -0.018127833 0.92168095 200.58731 -0.0029926581 0.99977663 0.020922113 -6.7148656 -0.92185442 -0.010866115 0.38738408 -31.079934
0.3863353 -0.020856855 0.92212253 201.29412 -0.0031755001 0.9997083 0.023942131 -6.7053637 -0.92235298 -0.01217789 0.38615638 -30.781806
0.38527716 -0.024016802 0.92248828 201.9831 -0.0047207214 0.99959689 0.027995919 -6.7024392 -0.92278887 -0.015140998 0.38500848 -30.48158
0.38212775 -0.023737147 0.92380456 202.67006 -0.0089140159 0.99952886 0.029370125 -6.7043035 -0.92406656 -0.019457948 0.38173611 -30.191602
0.37802407 -0.023405472 0.92549982 203.36884 -0.011621322 0.99948164 0.030023214 -6.6965906 -0.92572286 -0.022105028 0.37755612 -29.899833
0.37119068 -0.024534225 0.92823245 204.0436 -0.01169429 0.99944808 0.031092961 -6.6906087 -0.92848306 -0.022396436 0.3706989 -29.628179
0.36239674 -0.024733912 0.93169564 204.75194 -0.011946983 0.9994424 0.031179353 -6.6804829 -0.9319474 -0.022430247 0.36189917 -29.348466
