1.000000000000000000e+00 -3.306050084167601550e-19 -2.270457535318767223e-19 -8.673617379884035472e-19 7.546676715296109287e-19 1.000000000000000000e+00 6.237773588823049983e-19 1.387778780781445676e-17 -3.447385680526250622e-20 4.770700176052009879e-20 1.000000000000000222e+00 5.551115123125782702e-17
9.999378986087824606e-01 -2.420616129026142201e-03 1.087854471574906806e-02 1.319547634410662973e-02 2.406348686587059336e-03 9.999962548622646219e-01 1.324233942005273012e-03 -1.015247080085325548e-02 -1.088171035991363292e-02 -1.297960537267903256e-03 9.999399019145427392e-01 3.049647133965514567e-01
9.998390199212331408e-01 -4.772693317770858833e-03 1.729156739582089763e-02 3.018305218541890780e-02 4.751742418153533272e-03 9.999879067691546108e-01 1.252696087877959441e-03 -5.808903172159235462e-03 -1.729733773589063259e-02 -1.170288212231413447e-03 9.998496585070613119e-01 5.928177400468086500e-01
9.997850836002855068e-01 -7.194969319965810635e-03 1.943960607484277250e-02 3.827760654532209178e-02 7.182647800075106330e-03 9.999739378642993337e-01 7.034701830218210994e-04 -1.569660895105939868e-02 -1.944416384271569626e-02 -5.636647624464983684e-04 9.998107522094267230e-01 8.950430295899667321e-01
9.997984858796215013e-01 -8.969529738930772864e-03 1.796615898318752388e-02 4.710763908071847333e-02 8.980300521589172982e-03 9.999595425390808145e-01 -5.191690802357083658e-04 -1.693536846375583160e-02 -1.796077633047025307e-02 6.803542532421046800e-04 9.998385673454581735e-01 1.200345554957970684e+00
9.998710574380318405e-01 -1.108832933981362262e-02 1.161375199903367725e-02 4.740678255465034102e-02 1.111420332311401603e-02 9.999358371696410730e-01 -2.166084396438911191e-03 -1.994401356297580141e-02 -1.158898392485867117e-02 2.294877789632168534e-03 9.999302489088678358e-01 1.520711639646075364e+00
9.999254403438656569e-01 -1.216930048032363598e-02 -9.652675807778126824e-04 3.622145413249663187e-02 1.216555351633922914e-02 9.999187419718753578e-01 -3.798803783166514181e-03 -3.206019607164690977e-02 1.011421906596096784e-03 3.786774634433169324e-03 9.999923221436404219e-01 1.845406621578447481e+00
9.998124009410073176e-01 -1.122604755294723949e-02 -1.577792093796633391e-02 1.674877152769561547e-02 1.117358345743129679e-02 9.999317234768131391e-01 -3.409061436129215330e-03 -4.166304375316863540e-02 1.581511755853086745e-02 3.232033941478995934e-03 9.998696374840351231e-01 2.177222327157681381e+00
9.993560222501143286e-01 -6.081238670718080129e-03 -3.536536077413449108e-02 -1.911172779217541057e-02 5.942692086323446941e-03 9.999742480541842227e-01 -4.019837202647245401e-03 -4.377598966293243243e-02 3.538890755959504114e-02 3.807082198101639087e-03 9.993664145330432014e-01 2.523199908668182445e+00
9.984911376786187454e-01 -2.224018553831141019e-03 -5.487258619652789909e-02 -5.984141762362730349e-02 1.968192785685514597e-03 9.999869305638219297e-01 -4.715510358140363734e-03 -4.921437538700605685e-02 5.488236385569256193e-02 4.600387576796770989e-03 9.984824525018832775e-01 2.875749663050677363e+00
9.971256822198396597e-01 -1.892712060773692456e-03 -7.573118402877751509e-02 -1.104641474719245398e-01 1.503000094219299025e-03 9.999853211464183600e-01 -5.200614458541219856e-03 -5.529419146686792574e-02 7.573992313439931179e-02 5.071802154885477094e-03 9.971139026014547158e-01 3.238719062176575569e+00
9.953949485855076995e-01 -3.348989592826674602e-03 -9.581638376130398316e-02 -1.640139916712082535e-01 2.908961165288367900e-03 9.999845814469355831e-01 -4.733989770735236996e-03 -5.805956429052352985e-02 9.583076723183525658e-02 4.433485146560990804e-03 9.953893198172578671e-01 3.615170333282278214e+00
9.932293766219438824e-01 -4.877903456549210169e-03 -1.160920164259253429e-01 -2.235549790088328659e-01 4.535102456003171044e-03 9.999845666086106810e-01 -3.217236937978058559e-03 -6.526551972311812888e-02 1.161059247534975830e-01 2.669061181130730556e-03 9.932361328726563299e-01 4.003561954675249446e+00
9.909847731285643668e-01 -2.470753605562539361e-03 -1.339698800448470006e-01 -2.953323901790076977e-01 2.149741035778134947e-03 9.999944762830794698e-01 -2.540917075668603937e-03 -7.249770535328821375e-02 1.339754259847957540e-01 2.230008156054050228e-03 9.909845638932575085e-01 4.404068705166871212e+00
9.886466030689573525e-01 -2.340639861186895061e-03 -1.502570905667375833e-01 -3.748160433644482370e-01 2.075277754357133120e-03 9.999959767857821147e-01 -1.922201863260054270e-03 -7.794176381624037808e-02 1.502610157370846133e-01 1.588482349585493151e-03 9.886475140440340592e-01 4.819780262790393621e+00
9.867066078751740577e-01 -1.202587786059595857e-03 -1.625008649755325107e-01 -4.653165451573204048e-01 9.985263930220274805e-04 9.999986267953032693e-01 -1.337372524962441656e-03 -8.173296373061222919e-02 1.625022646450987041e-01 1.157412639849861053e-03 9.867064445974064180e-01 5.238415551876148157e+00
9.845602162043786132e-01 -2.916252121867113443e-03 -1.750449837748458137e-01 -5.531356271015221981e-01 2.505473901658135556e-03 9.999935730408762158e-01 -2.567813248982487792e-03 -8.896155931635402192e-02 1.750513569120912827e-01 2.089670807943091405e-03 9.845611699947051099e-01 5.677579554396318784e+00
9.827343467231971497e-01 -5.808477610281937223e-03 -1.849458809060857412e-01 -6.416758503513120271e-01 5.090789175449614984e-03 9.999775579653552571e-01 -4.355157096718975836e-03 -1.005829683131127944e-01 1.849670397763782392e-01 3.338499537056021597e-03 9.827418988507240494e-01 6.128063678192416042e+00
9.814343465326682558e-01 -4.782212356691687566e-03 -1.917290849257852203e-01 -7.402103509961570627e-01 3.739115810836266506e-03 9.999762059662323788e-01 -5.802145647661146807e-03 -1.057551811240105277e-01 1.917522810594196603e-01 4.977349378991709379e-03 9.814288721112377489e-01 6.591934560345959149e+00
9.798718783221543882e-01 -4.746803541636378070e-03 -1.995879514065183047e-01 -8.502003053049311809e-01 3.163721211808767121e-03 9.999609844986896423e-01 -8.248952929161472089e-03 -1.123644824381565682e-01 1.996193438883616389e-01 7.451561316242250044e-03 9.798486481044492713e-01 7.070525868631362343e+00
9.783731839426522692e-01 -4.732416007889218498e-03 -2.067937366177515224e-01 -9.632897107722503405e-01 2.578431818844155194e-03 9.999395884282520353e-01 -1.068580864128755754e-02 -1.196093336400198132e-01 2.068318158128475970e-01 9.921719643436056890e-03 9.783262790664738473e-01 7.557545815918032872e+00
9.765018910515091966e-01 -8.964993209756546427e-03 -2.152923325839455060e-01 -1.079631127565009008e+00 6.394613179982572629e-03 9.998996822785455318e-01 -1.263002930840873873e-02 -1.311498153396375432e-01 2.153839845505180484e-01 1.095670543979036793e-02 9.764612854422234367e-01 8.060554459445633313e+00
9.744744501274759108e-01 -1.481106816135288953e-02 -2.240356738402267955e-01 -1.191486181709324521e+00 1.199622820446360170e-02 9.998309973665471251e-01 -1.391920265890468980e-02 -1.486912637763179168e-01 2.242040566414663094e-01 1.087611989043446060e-02 9.744876061329913464e-01 8.576476402744358296e+00
9.728150326166293826e-01 -1.543287175712361112e-02 -2.310522956976403808e-01 -1.321222867933680378e+00 1.219004409904136770e-02 9.998061869343705110e-01 -1.544917031381931767e-02 -1.690710097591677230e-01 2.312460170345775057e-01 1.221243102462464709e-02 9.728147216683302734e-01 9.104748841411346660e+00
9.706944735974265548e-01 -1.141663106817169572e-02 -2.400018951088077057e-01 -1.474555942526928343e+00 6.880637806658953387e-03 9.997817161868587377e-01 -1.972519901377146195e-02 -1.713006630240352657e-01 2.401746470736771388e-01 1.749637128233512071e-02 9.705611074645553726e-01 9.635525878827744251e+00
9.691139878489227755e-01 -8.926157475134697747e-03 -2.464666487893173719e-01 -1.631811847349439848e+00 3.356057782386723080e-03 9.997295051020982370e-01 -2.301688046182717717e-02 -1.854655383752189524e-01 2.466054583488500873e-01 2.147878201116347474e-02 9.688818126062302971e-01 1.018180241233133287e+01
9.664733796046633962e-01 -1.155403514501140115e-02 -2.564326246973850365e-01 -1.786645416623700688e+00 5.324486708886622816e-03 9.996739512111817438e-01 -2.496419994389079480e-02 -2.030603945864457860e-01 2.566375155550853493e-01 2.276157044808722191e-02 9.662198151993224293e-01 1.074122412713724728e+01
9.644261489307660584e-01 -1.396034592158162772e-02 -2.639740066339268387e-01 -1.946735766912595089e+00 7.149859846200650078e-03 9.996166802059641698e-01 -2.674091591146356486e-02 -2.305251171746086347e-01 2.642461654901412937e-01 2.390263540071660073e-02 9.641562236739389391e-01 1.131417611262875234e+01
9.623852401765795594e-01 -1.348648019870901486e-02 -2.713450910086477874e-01 -2.128017077697731185e+00 5.657673627442114106e-03 9.995453512871862456e-01 -2.961849031448242700e-02 -2.534892114390968620e-01 2.716211388009224237e-01 2.696964088560093245e-02 9.620240741970926823e-01 1.189468365279661199e+01
9.601789067570597469e-01 -1.335578695413067694e-02 -2.791413966626844489e-01 -2.309345331466443163e+00 4.234818913488383463e-03 9.994375040651427566e-01 -3.325691594453409478e-02 -2.736296693922910528e-01 2.794287281847638860e-01 3.075031501772537354e-02 9.596955894524559216e-01 1.248948279292507202e+01
9.580385678010168160e-01 -1.428804881518863992e-02 -2.862709044565502903e-01 -2.499287749162350636e+00 3.572897515330535415e-03 9.992744431052006382e-01 -3.791500634284503124e-02 -3.040924821511342691e-01 2.866049021607936509e-01 3.530152136913169980e-02 9.573944709548973808e-01 1.309073349562658173e+01
9.560210371393300655e-01 -1.521311103750633102e-02 -2.928133406822042706e-01 -2.703129339328587122e+00 1.965608969272930780e-03 9.989637013884203887e-01 -4.546147306088781787e-02 -3.403729238375527433e-01 2.932014731045630707e-01 4.288637631650187715e-02 9.550602296004541136e-01 1.370263369715009105e+01
9.545892410424041685e-01 -1.547220641850047609e-02 -2.975469362543283758e-01 -2.908159584350088700e+00 -5.448873300791098537e-04 9.985580947814851616e-01 -5.367402514332759306e-02 -3.749025184916843223e-01 2.979485076960637358e-01 5.139845749553965948e-02 9.532044093047422617e-01 1.433099803416218521e+01
9.536883115245489151e-01 -1.603505197823814135e-02 -3.003368796519939599e-01 -3.119012504986141909e+00 -2.901692187459462436e-03 9.980411592069341475e-01 -6.249716123363398962e-02 -4.202791709317243996e-01 3.007505485666307488e-01 6.047483287688363435e-02 9.517735896093985071e-01 1.496983170961066634e+01
9.522608752150131251e-01 -1.534588583828173231e-02 -3.049237837113814020e-01 -3.342929001021240687e+00 -6.616454642653884881e-03 9.974636681016623152e-01 -7.086599391142173188e-02 -4.619032133693163900e-01 3.052373950837674599e-01 6.950273109978233332e-02 9.497441170379390396e-01 1.561298673463900499e+01
9.510796068783075041e-01 -1.395177439293496767e-02 -3.086213093995909262e-01 -3.569462015847611358e+00 -1.064190285747372740e-02 9.969076318181622209e-01 -7.786763309212889339e-02 -5.198561120212659148e-01 3.087533566783786099e-01 7.734252577478374635e-02 9.479899007764919228e-01 1.626921145864986329e+01
9.496048071193845530e-01 -1.399045456783863661e-02 -3.131524355655189717e-01 -3.801924331766380671e+00 -1.305295013945322047e-02 9.963718247197977940e-01 -8.408070213711388297e-02 -5.807560477813502597e-01 3.131925964271419227e-01 8.393105257460785340e-02 9.459769556928614431e-01 1.693914753812256535e+01
9.481477583370618856e-01 -1.208987103187501508e-02 -3.176325409373655373e-01 -4.047101267340697639e+00 -1.734545501471839932e-02 9.958187562480947941e-01 -8.970284403177812560e-02 -6.469036483390022685e-01 3.173889880304474054e-01 9.056097379207876663e-02 9.439736537955807361e-01 1.761598773695284947e+01
9.466583971488975457e-01 -9.809234973171964897e-03 -3.221613798748518831e-01 -4.299771321092096699e+00 -2.210451674863793750e-02 9.952054266666091609e-01 -9.527038414743030370e-02 -7.175736067166602616e-01 3.215516183498944858e-01 9.730814326814098136e-02 9.419027677334130821e-01 1.830473363831502809e+01
9.450605769787875365e-01 -7.075511156207761609e-03 -3.268335700288184098e-01 -4.564355556357512889e+00 -2.657779130183575769e-02 9.947929058461624230e-01 -9.839098886464095473e-02 -7.920276509372428109e-01 3.258284026625727914e-01 1.016702797130898672e-01 9.399513667996842736e-01 1.900476782964573275e+01
9.432093922609242620e-01 -6.265718236160984847e-03 -3.321421205814996669e-01 -4.829214503508402423e+00 -2.849718008744428141e-02 9.946105708574002335e-01 -9.969387349170998058e-02 -8.680093648673126161e-01 3.309771253903488475e-01 1.034959718903314257e-01 9.379473274738693300e-01 1.971813873824229901e+01
9.410494583008593983e-01 -6.236707519189190092e-03 -3.382047459620138863e-01 -5.103530840989755291e+00 -2.903778776867540351e-02 9.946500296137378294e-01 -9.913073899444448112e-02 -9.552961952714295046e-01 3.370139312081582572e-01 1.031065258229844350e-01 9.358337271313318384e-01 2.044074201347052977e+01
9.387208636131252337e-01 -5.517276847439457794e-03 -3.447295018067066952e-01 -5.380604000781620044e+00 -2.979685838565173869e-02 9.948298160028521409e-01 -9.706745857299636793e-02 -1.036834011371697839e+00 3.434834180999656317e-01 1.013867523021962924e-01 9.337030411443684175e-01 2.116815599186968200e+01
9.365282894367243927e-01 -5.478991811332662408e-03 -3.504888761802130159e-01 -5.669477832753367252e+00 -2.981393058432755400e-02 9.950114697436439615e-01 -9.520064549185688896e-02 -1.121102750794956471e+00 3.492621065777650746e-01 9.960806740656769076e-02 9.316929726387845889e-01 2.190789240535414706e+01
9.339906249174277919e-01 -5.059171569323096807e-03 -3.572586760914976955e-01 -5.963238326394702860e+00 -2.967094243811399523e-02 9.953479064097594531e-01 -9.167297948672498142e-02 -1.199208757966141015e+00 3.560603501037307161e-01 9.622265616446959435e-02 9.294953777075418699e-01 2.263734887419319008e+01
9.293370036980956872e-01 -2.490306523454331820e-03 -3.692367768652874416e-01 -6.283796329499375055e+00 -3.147445018492801838e-02 9.958033425505137259e-01 -8.594829265520953498e-02 -1.274808417899615742e+00 3.679015468345753215e-01 9.149564799379752977e-02 9.253583896560845234e-01 2.340620999258955948e+01
9.266902609301523874e-01 -3.824354738462242822e-04 -3.757928356303910644e-01 -6.599396869436334079e+00 -3.262280078687931212e-02 9.961432164390421340e-01 -8.144229604144125056e-02 -1.355246071514294437e+00 3.743750885351309066e-01 8.772912468320795409e-02 9.231034170476146716e-01 2.415777695490833210e+01
9.228237685166279514e-01 2.790428069586679480e-03 -3.852987088036912144e-01 -6.931969169080302251e+00 -3.527437048630950589e-02 9.963847572708888212e-01 -7.730432854067373349e-02 -1.428028983081882863e+00 3.836906302200662200e-01 8.492704323583653847e-02 9.195857652319232578e-01 2.491329977745884250e+01
9.197683251821894279e-01 3.742975490536880161e-03 -3.924844797927431461e-01 -7.274184540151259704e+00 -3.600732000122380816e-02 9.965418473352202211e-01 -7.489514895409223050e-02 -1.499424319427011154e+00 3.908471472002416625e-01 8.301789592832638232e-02 9.167221970962381450e-01 2.568044270709155086e+01
9.154696627800501529e-01 5.697881081792210284e-03 -4.023899560468938708e-01 -7.622420178422807169e+00 -3.868668732409197286e-02 9.965141585345708153e-01 -7.390097134823299385e-02 -1.575966075582705628e+00 4.005666333054075379e-01 8.321678116716120510e-02 9.124986196338656930e-01 2.645555953696073459e+01
9.123023579773600344e-01 4.569937502889106704e-03 -4.095390486692619403e-01 -7.985376382046680988e+00 -3.798423826569011924e-02 9.965712938253988851e-01 -7.349160265478309195e-02 -1.643727773043778040e+00 4.077989561260139673e-01 8.260109688928238270e-02 9.093479172585205994e-01 2.722488876397614277e+01
9.080460414924532708e-01 5.941154019051541300e-03 -4.188487739393970677e-01 -8.363305728334292866e+00 -3.927008807303383059e-02 9.967027687177612005e-01 -7.099920582326176011e-02 -1.710416112164252045e+00 4.170455379372116078e-01 8.092063202852156634e-02 9.052853456354278405e-01 2.800932388785942706e+01
9.039366066002725297e-01 6.044645429168692304e-03 -4.275894648245293639e-01 -8.747662805666827524e+00 -3.887697249156366747e-02 9.969214492900788649e-01 -6.807151720483248236e-02 -1.781714742187275213e+00 4.258615081553445147e-01 7.815542346113903138e-02 9.013886339060966923e-01 2.880321141635866766e+01
9.012137065246758061e-01 6.139103753484810924e-03 -4.333449088261528970e-01 -9.142227459600142936e+00 -3.788311598201240388e-02 9.971881481378717105e-01 -6.463616065463112514e-02 -1.850187605587955364e+00 4.317297461545152593e-01 7.466343616892277824e-02 8.989120739415786820e-01 2.959811255574326339e+01
8.966604525112955582e-01 8.240942491586918106e-03 -4.426315870883514858e-01 -9.551210566789960055e+00 -3.818966760484355377e-02 9.975398308186108620e-01 -5.878954189756527976e-02 -1.907726454693043028e+00 4.410585622077599632e-01 6.961564493090897920e-02 8.947688757963756512e-01 3.040949047307742603e+01
8.940199604454233118e-01 8.036489732322160337e-03 -4.479321289627299363e-01 -9.971426426250086905e+00 -3.635464187725560847e-02 9.978432832468252522e-01 -5.464924120864798895e-02 -1.974059633322475138e+00 4.465265428439304518e-01 6.514436223996407371e-02 8.923839758702822866e-01 3.122604186947042137e+01
8.897816352109850779e-01 8.014935894705815453e-03 -4.563818367300781498e-01 -1.040435716137553790e+01 -3.591649394690545755e-02 9.979745912595093804e-01 -5.251464074431824725e-02 -2.033459269806919156e+00 4.550369609707785590e-01 6.311546445333814093e-02 8.882672210430860860e-01 3.204833997943783430e+01
8.864955342872824495e-01 8.747202294095141398e-03 -4.625703668509018041e-01 -1.084452760524949610e+01 -3.593866085013935896e-02 9.981028586440565675e-01 -4.999422050830964331e-02 -2.090526624544660983e+00 4.612555713741797736e-01 6.094593767450461747e-02 8.851280622803006093e-01 3.287960984366068118e+01
8.838930249106491388e-01 7.839930246896704633e-03 -4.676158061492654006e-01 -1.129974341922252812e+01 -3.468359492202129774e-02 9.982049189573687364e-01 -4.882208078949575730e-02 -2.138773352043751519e+00 4.663934830006726817e-01 5.937493219891004648e-02 8.825785078150270024e-01 3.371297809689761493e+01
8.805457226046775610e-01 7.156407196592396922e-03 -4.739209728827364909e-01 -1.176365702087002951e+01 -3.347252840918184258e-02 9.983283459679258565e-01 -4.712650500555597144e-02 -2.197488579994554492e+00 4.727916950869760493e-01 5.735971164924944660e-02 8.793132850383893473e-01 3.456003476462262824e+01
8.788973994102444731e-01 5.700904573234023311e-03 -4.769730951260520713e-01 -1.224019228994160180e+01 -3.202162954481255902e-02 9.983780861705375820e-01 -4.708169437835759558e-02 -2.252693227034561207e+00 4.759311379292418542e-01 5.665510201674418128e-02 8.776544741932355009e-01 3.541881817411812960e+01
8.767998196532995614e-01 5.061921589896004915e-03 -4.808450625013571678e-01 -1.272145479871695706e+01 -3.137405642254215143e-02 9.984159779766091924e-01 -4.669181230579798336e-02 -2.305834341002289456e+00 4.798469177719034140e-01 5.602575456385106012e-02 8.755700300068102182e-01 3.628308829977406447e+01
8.753376711265153931e-01 4.612406591602938831e-03 -4.835597980437806309e-01 -1.321942548074528290e+01 -3.173105745759851465e-02 9.983468206897193609e-01 -4.792182728904446909e-02 -2.360418697757211248e+00 4.825395892600621295e-01 5.728895848151822207e-02 8.740370610325813860e-01 3.715545075220696702e+01
8.751580466291181137e-01 5.110299539912736486e-03 -4.838331625227548227e-01 -1.371852002468793685e+01 -3.158404456810314648e-02 9.984148215483827915e-01 -4.659622067517667915e-02 -2.418608150052413919e+00 4.828283068999501548e-01 5.605994289946730769e-02 8.739322006014910160e-01 3.804234565120168554e+01
8.744949964411977694e-01 5.441116754171752140e-03 -4.850333501566137517e-01 -1.422597711809520327e+01 -3.113191018067716989e-02 9.985049567895638578e-01 -4.493391871172362773e-02 -2.472164918773834597e+00 4.840639675696660205e-01 5.439243851600492757e-02 8.733568916712771690e-01 3.893895804352396794e+01
8.740301921451860689e-01 4.367674031996612166e-03 -4.858972164715497644e-01 -1.474125776575710489e+01 -2.956755294296042891e-02 9.985845200355706330e-01 -4.421013472693461482e-02 -2.524263333356221661e+00 4.850163447392114580e-01 5.300627253969217301e-02 8.729221516231070455e-01 3.985516526921854563e+01
8.742959627305618708e-01 2.630411380638647371e-03 -4.852371086558610602e-01 -1.525563324847537316e+01 -2.803630490936075137e-02 9.985896283332702517e-01 -4.508235090108735077e-02 -2.582050819193449698e+00 4.844340711818589384e-01 5.302133577726494962e-02 8.731365141531480800e-01 4.077470402993409948e+01
8.729070625016930318e-01 6.049322751103427924e-04 -4.877648407935412100e-01 -1.579238267896635683e+01 -2.627906235964060436e-02 9.986058946200307984e-01 -4.577708379646323184e-02 -2.642002060887671089e+00 4.870572082726684071e-01 5.277776773620731360e-02 8.717059416514698622e-01 4.170547688040726797e+01
8.716992283131865804e-01 -5.780823354678734771e-04 -4.899144848808955621e-01 -1.631990019230876499e+01 -2.411123219372885568e-02 9.987374794067227501e-01 -4.407179090287742518e-02 -2.701772110178144448e+00 4.893211215966828398e-01 5.023545723572819116e-02 8.705849254282843619e-01 4.262813862146556687e+01
8.691084746125316007e-01 6.769191311596234198e-04 -4.946488552917659431e-01 -1.685947003705041070e+01 -2.321296898855688962e-02 9.989530715006668116e-01 -3.941583559932430175e-02 -2.759192071635912402e+00 4.941043058436602742e-01 4.573880999590176216e-02 8.682142460086892388e-01 4.356098180254767271e+01
8.673821177834781793e-01 8.534889197240192859e-04 -4.975815810679856677e-01 -1.740558051901886571e+01 -2.110409132321085929e-02 9.991620749405830670e-01 -3.507238099661295211e-02 -2.814475140518957197e+00 4.971346331149777420e-01 4.092273385133973068e-02 8.666733446790458872e-01 4.449687934735453609e+01
8.634753538476593882e-01 -1.764896993806135323e-04 -5.045761002898996317e-01 -1.794773220301029326e+01 -1.942948892266338143e-02 9.992461621165548147e-01 -3.361275576123267522e-02 -2.871454691097841128e+00 5.042017971646536312e-01 3.882406112580925189e-02 8.628210293543896459e-01 4.540512873940323857e+01
8.580710653683742972e-01 -2.417638900240005103e-03 -5.134114591236528247e-01 -1.850477069708635014e+01 -1.839772929571198770e-02 9.992023111702801330e-01 -3.544591696581442936e-02 -2.927946912551832259e+00 5.130875547232126577e-01 3.986294774312544587e-02 8.573420280672111593e-01 4.632868312775985942e+01
8.526839899681035728e-01 -4.605125357134225682e-03 -5.225065934512532762e-01 -1.907151594911632841e+01 -1.797327915357424880e-02 9.991106301977439319e-01 -3.814115037099359562e-02 -2.985775194741036032e+00 5.222176640335346454e-01 4.191122072530766018e-02 8.518428009652868615e-01 4.723665600564145706e+01
8.462603909186224849e-01 -5.521124797853154721e-03 -5.326499871237890815e-01 -1.965532402720035066e+01 -1.745761075626045544e-02 9.991219452773084653e-01 -3.808436789210269818e-02 -3.036454896047565466e+00 5.323924921521583364e-01 4.153023395809238294e-02 8.454209532175213093e-01 4.814684220413906246e+01
8.406742030623144402e-01 -2.138317649939947603e-03 -5.414896837511744554e-01 -2.025582303738302770e+01 -1.854885041819078623e-02 9.992917117055412080e-01 -3.274464754236544595e-02 -3.084598686445040538e+00 5.411760081691444624e-01 3.757536837922781370e-02 8.400390991748630798e-01 4.905451589946218860e+01
8.365239154143164768e-01 1.369880590586892944e-03 -5.478475558768322040e-01 -2.085405104402800447e+01 -1.961429872622496781e-02 9.994308461335827953e-01 -2.744643298079874408e-02 -3.139786663117052790e+00 5.474982144671858286e-01 3.370691810174466368e-02 8.360746740867139870e-01 4.995284882498479817e+01
8.312999661649345118e-01 1.451121559065466108e-03 -5.557559243107930147e-01 -2.146782642083601544e+01 -2.149356596918607434e-02 9.993325637482174395e-01 -2.953356005529074110e-02 -3.184113941840558404e+00 5.553419507730861238e-01 3.649802926917188745e-02 8.307763116968028827e-01 5.084421097623248897e+01
8.287303049734734417e-01 -8.037036529465004832e-04 -5.595848486054083581e-01 -2.207799001627529734e+01 -2.182478929707111839e-02 9.991919179647040794e-01 -3.376588458676852561e-02 -3.234746862472225537e+00 5.591598504432473415e-01 4.019754925762146491e-02 8.280428072551517804e-01 5.173009759408097352e+01
8.258252700344800301e-01 -2.830431187241885631e-03 -5.638281017195400091e-01 -2.268745440195264607e+01 -2.419737312449450270e-02 9.988885189332399328e-01 -4.045431612771267782e-02 -3.291085936658940447e+00 5.633157350839502753e-01 4.705598128534477231e-02 8.248389139360280398e-01 5.261212416511923351e+01
8.223510167248900826e-01 -3.253744678276028479e-03 -5.690969345364803589e-01 -2.330851145422642645e+01 -2.450511183656477882e-02 9.988533063582888394e-01 -4.112728723763631189e-02 -3.347831340021768742e+00 5.685784473072654777e-01 4.776170902099980548e-02 8.213281447589233508e-01 5.348941463870776403e+01
8.203231509150876732e-01 -2.223708553399584426e-03 -5.717897789082801996e-01 -2.393752525779742157e+01 -2.367411146116065596e-02 9.990032158069295232e-01 -3.783795597568031382e-02 -3.405960537840439173e+00 5.713038583359228983e-01 4.457959739858820269e-02 8.194529158478682795e-01 5.436545483285641467e+01
8.168269272461292640e-01 -4.554256738965415134e-04 -5.769304849519021339e-01 -2.457522425631418272e+01 -2.203616092493903070e-02 9.992452740828261515e-01 -3.199879811436796839e-02 -3.459417591534213354e+00 5.765096612327273995e-01 3.885027767935881476e-02 8.162005190079588690e-01 5.524672952274337945e+01
8.128202786175041661e-01 1.278023349108149383e-03 -5.824086750992805150e-01 -2.520860339866715805e+01 -2.254509596392146112e-02 9.993175645235597981e-01 -2.927091129559518390e-02 -3.509312916064488252e+00 5.819737806820595161e-01 3.692303991038783234e-02 8.122941245942268962e-01 5.612493030250295334e+01
8.113038270882543257e-01 2.615686536803527289e-03 -5.845877621381977418e-01 -2.585071303076876248e+01 -2.443518107366576819e-02 9.992680225083034884e-01 -2.943424144157516173e-02 -3.551909402612552835e+00 5.840828546917696817e-01 3.816344298271234781e-02 8.107737896322634308e-01 5.700076177813282641e+01
8.070769117172982288e-01 1.919180336698299598e-03 -5.905281750210099601e-01 -2.650788285461677418e+01 -2.513181804625220714e-02 9.992002446163178453e-01 -3.110321380350842754e-02 -3.595146572748432856e+00 5.899964447389238753e-01 3.993848377368900554e-02 8.064795727923607105e-01 5.785811942556563992e+01
8.032710405205515380e-01 1.991289041389467031e-04 -5.957138869322490260e-01 -2.715107270292770636e+01 -2.477547904787596664e-02 9.991456072042741443e-01 -3.307659646697571482e-02 -3.650973707642015231e+00 5.951983461509834372e-01 4.132803069455435324e-02 8.025897490456519456e-01 5.872382607523498876e+01
7.994424707436833533e-01 -1.418430673167209296e-03 -6.006026371713577561e-01 -2.781976833821196138e+01 -2.315159969263143672e-02 9.991816388259290305e-01 -3.316216503078225214e-02 -3.702672878196968220e+00 6.001580658078163877e-01 4.041808486006497059e-02 7.987554556693405861e-01 5.959204200207039293e+01
7.947918735010714997e-01 -2.329184664101434203e-03 -6.069208045623551984e-01 -2.849668425645313263e+01 -2.216315786073410135e-02 9.992142290368223323e-01 -3.286401329118644743e-02 -3.751736669246355405e+00 6.065204753277375627e-01 3.957027094184592531e-02 7.941157884838349057e-01 6.045902541985898182e+01
7.911885843529827822e-01 -2.583807283730918999e-03 -6.114773884369026913e-01 -2.916746687035580621e+01 -2.157079592828653816e-02 9.992508520168055242e-01 -3.212865189530098031e-02 -3.802602647079384113e+00 6.111024034879848355e-01 3.861007008332185964e-02 7.905401492777950345e-01 6.131853236284081277e+01
7.851549815228653362e-01 -2.741536219503908252e-03 -6.193594353844857903e-01 -2.985732797495193935e+01 -2.178021169803013093e-02 9.992490916314165084e-01 -3.203532183846989623e-02 -3.855867605008730603e+00 6.189822375518265751e-01 3.864400673208484571e-02 7.845058699495087717e-01 6.217774765357224709e+01
7.800101013026056185e-01 -4.372225356295581997e-03 -6.256193213940457465e-01 -3.055661201279951555e+01 -2.106657831197922270e-02 9.992251448827791371e-01 -3.325236090112131115e-02 -3.909158243111253928e+00 6.252797756509974603e-01 3.912361615448933794e-02 7.793136811217442617e-01 6.302406976987424514e+01
7.751307329721547346e-01 -5.284482548232278219e-03 -6.317596315236425619e-01 -3.125602791780368861e+01 -2.076297816910202543e-02 9.992116249784691595e-01 -3.384504043615674945e-02 -3.959684150139976211e+00 6.314404765733362401e-01 3.935517490788317113e-02 7.744099499412220311e-01 6.387170626242286886e+01
7.688724523994980853e-01 -6.018367510888639714e-03 -6.392892138143921876e-01 -3.197448621873274632e+01 -2.050355811731752187e-02 9.992092280929062431e-01 -3.406454692073855595e-02 -4.012178451621309705e+00 6.389886265934362486e-01 3.930320972085687981e-02 7.681411350212067335e-01 6.472590479816325626e+01
7.642036978824067184e-01 -8.360629438440389527e-03 -6.448678761527024683e-01 -3.269080927783991797e+01 -1.939370719648934177e-02 9.991658589846614813e-01 -3.593454230885490680e-02 -4.066041119058905196e+00 6.446301687159416982e-01 3.997233372035052107e-02 7.634041939149448508e-01 6.557308788962278356e+01
7.574615487657408996e-01 -9.289533094294706583e-03 -6.528831855164731746e-01 -3.343077218865970224e+01 -1.818650869288750832e-02 9.992103830961672761e-01 -3.531935829024894502e-02 -4.117239832841145031e+00 6.526957723120271337e-01 3.862832211642056035e-02 7.566946481475524955e-01 6.641090016725848955e+01
7.511477370341688165e-01 -9.539983510295441463e-03 -6.600266734688836623e-01 -3.417931408817788252e+01 -1.715222826369032158e-02 9.992758005504607244e-01 -3.396625626555857536e-02 -4.169345012498452796e+00 6.598728101637153509e-01 3.683585282480319328e-02 7.504401933228107557e-01 6.724953567363907325e+01
7.451015027007453773e-01 -9.846303899435283891e-03 -6.668772077574749435e-01 -3.493422637077610204e+01 -1.601797697556996483e-02 9.993384654115479160e-01 -3.265405443127958329e-02 -4.222820864981468247e+00 6.667578585061681995e-01 3.500857353440903902e-02 7.444506797758904115e-01 6.807968979332579806e+01
7.387834951640656067e-01 -1.181761543171416795e-02 -6.739665746801593027e-01 -3.570262513051884667e+01 -1.521592287128410020e-02 9.992989549791231330e-01 -3.420097096086727878e-02 -4.274585517941146939e+00 6.738984011911128835e-01 3.551705249656060548e-02 7.380856459223327226e-01 6.890915132118803399e+01
7.325733948377088911e-01 -1.332113064756604813e-02 -6.805415975843359666e-01 -3.648206697575937341e+01 -1.450394117140542220e-02 9.992759881031464397e-01 -3.516640877086368855e-02 -4.328506025637810062e+00 6.805175115925488072e-01 3.563054896596656168e-02 7.318496598562335143e-01 6.973858833768503018e+01
7.279156536499407082e-01 -1.323134311192633236e-02 -6.854914027715373059e-01 -3.726880508555536409e+01 -1.538297096366977347e-02 9.992470605095542524e-01 -3.561401788236940452e-02 -4.388231305588153219e+00 6.854467676021683831e-01 3.646458358442702247e-02 7.271637366652429213e-01 7.055779193536533000e+01
7.214066969761806503e-01 -1.325526444589394774e-02 -6.924831849457556698e-01 -3.808278352007975798e+01 -1.468899938643169513e-02 9.992989897684736444e-01 -3.442231013320137117e-02 -4.439109295792449394e+00 6.924543457801264346e-01 3.499856300837735079e-02 7.207060468826653743e-01 7.137380788569831225e+01
7.172063176573321153e-01 -1.240220137982065048e-02 -6.967422219105364745e-01 -3.888551513916634406e+01 -1.573052457008026692e-02 9.992987025594006756e-01 -3.398779377824115433e-02 -4.490079678224355497e+00 6.966748948550529619e-01 3.534214726021330660e-02 7.165081209385103511e-01 7.218900918929493571e+01
7.126059098175029360e-01 -1.267070288494193987e-02 -7.013617930776754328e-01 -3.970584971631943461e+01 -1.621906536651070152e-02 9.992721953768295418e-01 -3.453003652934697604e-02 -4.548106387716025267e+00 7.012886348067201014e-01 3.598578198743956208e-02 7.118814744641760450e-01 7.300938646586504888e+01
7.070173007069087134e-01 -1.399018574883609083e-02 -7.070510543362751310e-01 -4.053071569840483335e+01 -1.710678376870278933e-02 9.991734094870149407e-01 -3.687853213774718725e-02 -4.613697276814466619e+00 7.069825203196720143e-01 3.816882845980516803e-02 7.061935614277804474e-01 7.383386936114683863e+01
7.032477169436309739e-01 -1.753169176459834847e-02 -7.107915675425072743e-01 -4.135827782430827426e+01 -1.575141701505116884e-02 9.990663049083960967e-01 -4.022436918517628690e-02 -4.671750599555816841e+00 7.108331815570702039e-01 3.948067942240941763e-02 7.023150298333065145e-01 7.463671155764154719e+01
6.972055150631263354e-01 -1.728804951394051839e-02 -7.166029132202250684e-01 -4.220665409438875315e+01 -1.697216091081931583e-02 9.990308636769484885e-01 -4.060808707084780089e-02 -4.729028445306312278e+00 7.166100221181681551e-01 4.048120353752598932e-02 6.962364248526073940e-01 7.543949852739697803e+01
6.924616146131025163e-01 -1.685057733609346409e-02 -7.212081031973512912e-01 -4.305868580678912849e+01 -1.620238950528510649e-02 9.991118708511502744e-01 -3.889416816304203800e-02 -4.788222961966421387e+00 7.212228631840428283e-01 3.861749278616782854e-02 6.915735158022270346e-01 7.625863159477455611e+01
6.888275649572798143e-01 -1.642133499420116508e-02 -7.248544866943175125e-01 -4.392209964679673107e+01 -1.526819976174193308e-02 9.991929646441072288e-01 -3.715624951193732817e-02 -4.848817274825982793e+00 7.248796118563124447e-01 3.666085283446342269e-02 6.880209423567733573e-01 7.706515349112730462e+01
6.826436769979811192e-01 -1.753856408553383997e-02 -7.305494892134407614e-01 -4.479288716097020995e+01 -1.504422213357509142e-02 9.991627928328568053e-01 -3.805340857105649760e-02 -4.908492233518174430e+00 7.306051493858367607e-01 3.696806357298816625e-02 6.818082681566807191e-01 7.786339394050294516e+01
6.797167750443532386e-01 -1.870164553323002202e-02 -7.332613320220388031e-01 -4.566496473887282548e+01 -1.357794068119210634e-02 9.991827853757441202e-01 -3.807797782266744008e-02 -4.965284111346327300e+00 7.333742536822972502e-01 3.583555185088210110e-02 6.789073605851519977e-01 7.866263319230971263e+01
6.736466184997554896e-01 -1.914000729127124725e-02 -7.387969069034370229e-01 -4.655654195499223391e+01 -1.217270481178495990e-02 9.992416182815309078e-01 -3.699591766497281609e-02 -5.027865343283969501e+00 7.389448509962687206e-01 3.391338917798997904e-02 6.729028050697574148e-01 7.945510145430854720e+01
6.698788172107116301e-01 -2.053839328625539987e-02 -7.421134337247905499e-01 -4.745202689951519659e+01 -1.068548998623748691e-02 9.992471660574492320e-01 -3.729633305339814797e-02 -5.083347672101392156e+00 7.423205892904239933e-01 3.291671472692282024e-02 6.691551117597628329e-01 8.025476921041982337e+01
6.672772520202757685e-01 -2.239077428837716113e-02 -7.445513318674521486e-01 -4.834568710918932055e+01 -8.346030357561571439e-03 9.992604922290573288e-01 -3.753341684362292152e-02 -5.142829259420532928e+00 7.448412875864008909e-01 3.125725478946186908e-02 6.665969069347492670e-01 8.105231687550806896e+01
6.622246756555230096e-01 -2.685111794572639377e-02 -7.488495475432227488e-01 -4.926101286777246457e+01 -6.188358361377779837e-03 9.991277241954580335e-01 -4.129745189852033344e-02 -5.201796378668128717e+00 7.493053504143640797e-01 3.198211499738574937e-02 6.614808401812152239e-01 8.183818021623640959e+01
6.568972517188790272e-01 -3.159565954016289174e-02 -7.533943441306049094e-01 -5.017473165998818274e+01 -1.194082125639985784e-03 9.990767754304885617e-01 -4.294539440257439528e-02 -5.259567408422147317e+00 7.540558091876513602e-01 2.910915507062813296e-02 6.562530431822062305e-01 8.262448228488248958e+01
6.517282431635247342e-01 -3.528974431308701948e-02 -7.576293552006376775e-01 -5.109326724265165609e+01 4.636467599576021663e-03 9.990834407948883111e-01 -4.255956983034023255e-02 -5.329708843599541446e+00 7.584371859658860515e-01 2.421805740529044126e-02 6.512949945274576491e-01 8.341624604407365950e+01
6.436194041193615822e-01 -3.910793334396745619e-02 -7.644509570481095029e-01 -5.202510983770159214e+01 9.683907456951581019e-03 9.990298855259917010e-01 -4.296248817582166285e-02 -5.397778588771908304e+00 7.653894436316899252e-01 2.025235581274115876e-02 6.433736714943260049e-01 8.420001215400125716e+01
6.344564753283840064e-01 -4.031267623551811757e-02 -7.719070256327054125e-01 -5.296603988263562712e+01 1.258727033094381165e-02 9.990454726937589847e-01 -4.182607299493522335e-02 -5.469521477967446366e+00 7.728566945618912110e-01 1.681939633949963361e-02 6.343582857615791548e-01 8.498072485337931425e+01
6.252677903462883213e-01 -3.929108494905765581e-02 -7.794035854172642885e-01 -5.393448578062793075e+01 1.398716955839424125e-02 9.991356152351629216e-01 -3.915672290575654413e-02 -5.523342954925267279e+00 7.802680648924614770e-01 1.358735625670867177e-02 6.252768154993290084e-01 8.574635434799859013e+01
6.167717903733633822e-01 -3.970352983274599845e-02 -7.861939896497304181e-01 -5.490905336440410878e+01 1.485265595098497586e-02 9.991358607227930344e-01 -3.880702424425340469e-02 -5.599311216577333994e+00 7.870564571459975900e-01 1.224641162958754921e-02 6.168292940561265203e-01 8.650119469116002335e+01
6.071506416421571517e-01 -3.993564857980626270e-02 -7.936452265705583597e-01 -5.588907093050324448e+01 1.252704985942328791e-02 9.990926931133028432e-01 -4.070246054944707398e-02 -5.661063713483612148e+00 7.945513847735474755e-01 1.476055018064019106e-02 6.071007623819913990e-01 8.724841228499808210e+01
5.975263850157781498e-01 -4.193012727983397997e-02 -8.007113053797199065e-01 -5.688887759435070279e+01 1.405324666729338562e-02 9.990263616377382805e-01 -4.182215706381290504e-02 -5.728360922986006187e+00 8.016852892476693526e-01 1.374277073702523562e-02 5.975335069895197915e-01 8.797630497408657391e+01
5.867775864161254296e-01 -4.234012828402105438e-02 -8.086893753128168161e-01 -5.789933505881212028e+01 1.301727855341835993e-02 9.989959788386023609e-01 -4.286204794086703046e-02 -5.789957457943338603e+00 8.096928484897900624e-01 1.461741818463314219e-02 5.867401581186857396e-01 8.870639006098295454e+01
5.786488624373922196e-01 -4.469503036772847632e-02 -8.144601227220381601e-01 -5.892125943685649503e+01 1.745567949856724477e-02 9.989474941321621060e-01 -4.242162029702292725e-02 -5.865682787352322514e+00 8.154988274603413023e-01 1.033893072939666251e-02 5.788197615754349101e-01 8.943302235178445869e+01
5.662868907620260961e-01 -4.413025065373969019e-02 -8.230005534575961512e-01 -5.995869276911862755e+01 1.883874264838845264e-02 9.989976845267456440e-01 -4.059924537797930666e-02 -5.931893511848137734e+00 8.239676851790668222e-01 7.483943637878507672e-03 5.665505873508464019e-01 9.013491259071838613e+01
5.569338945266653074e-01 -4.473672790815046846e-02 -8.293255334262218392e-01 -6.100567967282948700e+01 1.906566776091789608e-02 9.989739893851009578e-01 -4.108122245374402209e-02 -5.996793867491680530e+00 8.303124738313982789e-01 7.070602066905451281e-03 5.572151157563552948e-01 9.082940111555704732e+01
5.477070398533651074e-01 -4.560045347707141622e-02 -8.354051127355019979e-01 -6.205628145034628318e+01 1.859490836324797364e-02 9.989305001375494708e-01 -4.231618856592137684e-02 -6.066724454740001882e+00 8.364421105154736802e-01 7.636252930190825031e-03 5.479690383591526714e-01 9.151174521530049333e+01
5.361297646381152360e-01 -4.524816718962756945e-02 -8.429437319325167044e-01 -6.312827559919796983e+01 1.715544337611237327e-02 9.989396971877647635e-01 -4.272777297244063910e-02 -6.138185557624496802e+00 8.439835064473065751e-01 8.443713075343934477e-03 5.363380947079338101e-01 9.217764123840953516e+01
5.278728151550777792e-01 -4.660129165474812679e-02 -8.480718749927184108e-01 -6.420663726607627098e+01 1.671550825173644464e-02 9.988698913604472374e-01 -4.450535665882309616e-02 -6.209752143065299101e+00 8.491872073671071774e-01 9.318625858299454598e-03 5.280557177284022075e-01 9.283682591775070136e+01
