1.0 0.0 0.0 0.0 0.0 1.0 0.0 0.0 0.0 0.0 1.0 0.0
0.99993974 0.010886319 0.0013815294 0.30517578 -0.010883048 0.999938 -0.0023529339 -0.010375977 -0.0014070711 0.0023377542 0.9999963 0.008544922
0.99984914 0.017317846 0.001301805 0.5930176 -0.017311603 0.9998392 -0.004663886 -0.025878906 -0.0013824052 0.0046406477 0.99998826 0.0021972656
0.99980986 0.019485198 0.00070827897 0.8952637 -0.019479707 0.9997852 -0.007071383 -0.034057617 -0.0008459403 0.0070562377 0.9999747 0.009887695
0.9998375 0.018023545 -0.0005511173 1.2004395 -0.018027721 0.9997984 -0.0088529205 -0.044067383 0.00039149547 0.008861414 0.99996066 0.008666992
0.99992937 0.011678906 -0.0022214646 1.5206299 -0.011702688 0.9998709 -0.011009069 -0.04724121 0.0020926078 0.011034284 0.9999369 0.009033203
0.9999923 -0.0009020127 -0.0038172395 1.8452148 0.0008554992 0.99992555 -0.0121681895 -0.041015625 0.003827934 0.012164831 0.99991864 0.018554688
0.9998707 -0.015715811 -0.0033791421 2.177124 0.015676633 0.9998129 -0.011322999 -0.02709961 0.003556553 0.011268554 0.99993014 0.026245117
0.9993678 -0.035317853 -0.0040989555 2.5231934 0.035291597 0.9993572 -0.0063082045 0.001953125 0.0043191104 0.006159504 0.9999717 0.026123047
0.99848324 -0.054829717 -0.005036419 2.8759766 0.054817237 0.9984933 -0.0025830972 0.0357666 0.0051704627 0.0023030853 0.99998397 0.029296875
0.99711484 -0.07568546 -0.0056663095 3.23938 0.07567291 0.997129 -0.0023970883 0.07873535 0.0058315126 0.001961218 0.99998105 0.033203125
0.9953914 -0.09577133 -0.0051812497 3.616455 0.095751226 0.9953988 -0.0039986167 0.12475586 0.005540328 0.0034843155 0.9999786 0.034057617
0.99323994 -0.11604916 -0.0035689496 4.0057373 0.1160279 0.9932326 -0.0056796186 0.17663574 0.004203769 0.005227221 0.9999775 0.03967285
0.99098694 -0.13393684 -0.00325478 4.4071045 0.13392578 0.99098796 -0.0034073798 0.24182129 0.0036817833 0.002940825 0.9999889 0.045043945
0.98865014 -0.15022732 -0.0027290122 4.8237305 0.15021782 0.9886495 -0.003402866 0.31506348 0.0032092554 0.0029542272 0.99999046 0.048583984
0.98670816 -0.16247848 -0.00238186 5.243164 0.16247293 0.9867091 -0.0023606513 0.40075684 0.0027336942 0.0019422749 0.9999944 0.05053711
0.9845649 -0.17500973 -0.0034043763 5.6831055 0.17499524 0.98456454 -0.004171061 0.48339844 0.004081665 0.003511027 0.9999855 0.05517578
0.98274916 -0.18489815 -0.0047265757 6.1342773 0.18486235 0.9827413 -0.0071395966 0.5675049 0.005964985 0.0061427075 0.99996334 0.063964844
0.98143494 -0.19167867 -0.006409658 6.598633 0.19164018 0.981444 -0.0061647203 0.66296387 0.007472594 0.00482191 0.9999605 0.06640625
0.9798546 -0.1995292 -0.00893695 7.077759 0.19947915 0.979886 -0.006188077 0.7694092 0.009991674 0.004280549 0.99994093 0.06994629
0.97833204 -0.20672525 -0.011455372 7.5653076 0.20666502 0.978392 -0.006227664 0.8791504 0.01249511 0.003725634 0.999915 0.07409668
0.9764729 -0.21524397 -0.012555056 8.069092 0.21511993 0.9765243 -0.010527976 0.991333 0.014526353 0.0075788773 0.99986565 0.0826416
0.97450805 -0.22402804 -0.0125437705 8.5859375 0.22381425 0.9744991 -0.016446419 1.0987549 0.015908273 0.013219455 0.9997859 0.09729004
0.97283643 -0.23105767 -0.013927208 9.11499 0.2308141 0.9728433 -0.017124327 1.2249756 0.017505687 0.013442944 0.9997562 0.114746094
0.9705764 -0.23997767 -0.019261185 9.646362 0.2397551 0.9707332 -0.013173215 1.3746338 0.021858469 0.008166738 0.99972767 0.11328125
0.96889275 -0.2463989 -0.023280222 10.193237 0.24620934 0.9691611 -0.010729576 1.5288086 0.02520625 0.0046655284 0.99967146 0.12402344
0.96623504 -0.2564074 -0.024631657 10.753784 0.25614196 0.9665261 -0.013440341 1.6789551 0.027254133 0.006674582 0.999606 0.1385498
0.9641755 -0.2639947 -0.025825344 11.327759 0.26365295 0.9644838 -0.015909307 1.835083 0.029107753 0.008529978 0.99953973 0.16296387
0.9620422 -0.27135423 -0.028937459 11.90918 0.27100366 0.9624512 -0.015493332 2.0126953 0.0320552 0.0070644775 0.99946123 0.18261719
0.95971286 -0.2791401 -0.0327663 12.504883 0.27877128 0.96025544 -0.015422971 2.1901855 0.03576804 0.0056686797 0.9993437 0.19909668
0.9574124 -0.2862834 -0.037363045 13.107056 0.2858571 0.95812815 -0.016408779 2.3763428 0.040495954 0.0050288197 0.9991669 0.22558594
0.9550779 -0.29282856 -0.044989437 13.719727 0.29233304 0.9561312 -0.017375717 2.576538 0.04810493 0.0034367207 0.99883586 0.256958
0.9532201 -0.29752246 -0.053530645 14.348633 0.29699942 0.9547218 -0.017657777 2.7785645 0.05636006 0.00093368907 0.9984098 0.28625488
0.95178765 -0.3002657 -0.0626245 14.987915 0.2997156 0.9538444 -0.018224753 2.9869385 0.06520689 -0.0014242139 0.997871 0.32617188
0.9497541 -0.30470276 -0.071677685 15.631714 0.30424055 0.9524412 -0.017555252 3.2078857 0.073614955 -0.005132048 0.9972733 0.36254883
0.9479948 -0.3081806 -0.079535335 16.288696 0.3078917 0.95128083 -0.01617549 3.4316406 0.08064653 -0.00915254 0.9967015 0.4156494
0.94597965 -0.31258133 -0.08614998 16.959595 0.31237334 0.94982564 -0.016238727 3.6608887 0.08690099 -0.011553731 0.9961483 0.47192383
0.9439704 -0.3167511 -0.092800714 17.637451 0.31682134 0.9483874 -0.014362094 3.902954 0.09256058 -0.01583657 0.9955824 0.5336914
0.94189256 -0.32088912 -0.09956768 18.32727 0.32132104 0.94691736 -0.012105295 4.152466 0.09816518 -0.020585854 0.9949567 0.5999756
0.9399339 -0.32515904 -0.103949234 19.028564 0.32598627 0.9453329 -0.009403318 4.4138184 0.101325154 -0.02504661 0.99453807 0.67089844
0.9379268 -0.33030507 -0.10580309 19.743408 0.33128953 0.94349045 -0.008637955 4.675049 0.102679044 -0.0269484 0.99435 0.7438965
0.93581223 -0.33634838 -0.105448276 20.467773 0.33735636 0.9413347 -0.008666648 4.9453125 0.1021777 -0.027466506 0.99438626 0.8288574
0.9336795 -0.34283677 -0.10376437 21.197021 0.34390154 0.9390065 -0.008012928 5.2182617 0.10018064 -0.028200004 0.9945677 0.90856934
0.93166894 -0.34863 -0.102018 21.938599 0.34967542 0.93681395 -0.008034397 5.503174 0.09837444 -0.028195273 0.99474984 0.9909668
0.9294705 -0.35545495 -0.09867023 22.670044 0.35647517 0.934272 -0.0076879337 5.7927246 0.09491812 -0.028024852 0.99509144 1.0678711
0.9253275 -0.36734644 -0.09400425 23.44165 0.36851415 0.9296123 -0.005246777 6.107422 0.08931665 -0.029782169 0.995559 1.1429443
0.923068 -0.37385824 -0.09026928 24.195312 0.3751189 0.92695785 -0.003212588 6.4189453 0.084878415 -0.030904308 0.99591106 1.2225342
0.9195422 -0.38321388 -0.087512136 24.953247 0.38467732 0.92308706 -0.00013979175 6.746582 0.08083678 -0.03352093 0.99616504 1.2944336
0.91667557 -0.39039063 -0.08563935 25.722534 0.39188775 0.92003 0.000736709 7.0844727 0.078503825 -0.034228906 0.9963268 1.3643799
0.9124448 -0.40012574 -0.085885756 26.500122 0.40181306 0.9157371 0.002593333 7.42749 0.077611804 -0.036877774 0.9963006 1.4389648
0.9092954 -0.40735826 -0.0853096 27.271606 0.40895754 0.9125736 0.0013920129 7.7860107 0.07728204 -0.036153626 0.9963526 1.5047607
0.90522784 -0.41662678 -0.083673954 28.058594 0.41829515 0.90831673 0.0026643611 8.158936 0.074889585 -0.03741026 0.9964896 1.5701904
0.9013301 -0.42546257 -0.080952935 28.855103 0.42705896 0.9042037 0.002671176 8.53833 0.07205979 -0.036989458 0.99671286 1.6403809
0.89885384 -0.43135273 -0.077490315 29.652222 0.43284172 0.90147245 0.0026977079 8.928955 0.068690516 -0.03597534 0.99698764 1.7080078
0.8947056 -0.44072464 -0.07248476 30.46643 0.44218755 0.8969051 0.004690286 9.333008 0.06294757 -0.036250204 0.99735844 1.7655029
0.89232266 -0.446217 -0.068040535 31.285278 0.44751912 0.894252 0.00441939 9.74939 0.058870897 -0.034395874 0.99767256 1.8312988
0.8882053 -0.45474088 -0.06605271 32.11023 0.45598495 0.8900107 0.004304089 10.17749 0.056832753 -0.033933822 0.99780744 1.8895264
0.88506395 -0.4609772 -0.06391078 32.943848 0.46219772 0.88671917 0.004964645 10.613647 0.054383434 -0.033938553 0.99794334 1.9455566
0.8825169 -0.46611956 -0.06236565 33.779297 0.46724617 0.8841142 0.003999998 11.065186 0.053271413 -0.032669812 0.9980453 1.9924316
0.87925375 -0.4725261 -0.060381275 34.628784 0.47355986 0.88076305 0.0032439204 11.524902 0.051650826 -0.031442113 0.99817055 2.0499268
0.8775991 -0.4756617 -0.05969355 35.48938 0.47660264 0.87911505 0.0017537237 11.998291 0.05164426 -0.029984452 0.9982158 2.1033936
0.87551624 -0.47957826 -0.05908316 36.35559 0.48047325 0.8770176 0.0010713092 12.476196 0.05130048 -0.02932797 0.998252 2.1549072
0.87398314 -0.48226288 -0.060359366 37.229614 0.4831751 0.875562 0.0005953894 12.971191 0.052561115 -0.029680962 0.9981764 2.2073975
0.87387764 -0.48256066 -0.05913066 38.11792 0.48346218 0.87537724 0.0010871766 13.46814 0.051239178 -0.029531658 0.9982502 2.2642822
0.87330234 -0.48380694 -0.057468213 39.016113 0.4846776 0.874708 0.0014009965 13.973145 0.049591765 -0.02907455 0.9983465 2.3166504
0.87287176 -0.48476034 -0.05608837 39.933838 0.48554018 0.87423944 0.00031502542 14.485962 0.048881117 -0.02750709 0.99842566 2.3671875
0.8730915 -0.48416793 -0.05610328 40.854614 0.4848619 0.874507 -0.001415734 14.998291 0.049749352 -0.025979113 0.9984236 2.4228516
0.8716669 -0.48678148 -0.055875175 41.78723 0.48737076 0.87312055 -0.0034692492 15.53186 0.050476912 -0.024217445 0.99843144 2.480835
0.87055117 -0.48905188 -0.05334518 42.711792 0.48952606 0.8719051 -0.0046816943 16.056396 0.048801035 -0.022042625 0.9985654 2.5394287
0.8681795 -0.4938657 -0.048868056 43.647095 0.4943052 0.86929727 -0.0034885001 16.592285 0.04420186 -0.02112747 0.998799 2.5966797
0.8666416 -0.49692136 -0.044064786 44.585205 0.49727336 0.8675528 -0.0033555918 17.135254 0.039897412 -0.019006632 0.99902314 2.6517334
0.86279345 -0.50399446 -0.04199943 45.496216 0.5042722 0.86364126 -0.004466919 17.672852 0.038522698 -0.01731569 0.99910784 2.7076416
0.8573197 -0.5128648 -0.043078743 46.42285 0.5130777 0.85824716 -0.006806393 18.22461 0.04046393 -0.016272806 0.99904853 2.761963
0.8518248 -0.5219753 -0.04516948 47.333862 0.5221364 0.8528747 -0.009091463 18.78601 0.043268003 -0.015836684 0.9989379 2.817505
0.8454053 -0.5321496 -0.044830427 48.24756 0.5322734 0.8464548 -0.01012566 19.364258 0.043335486 -0.015306741 0.9989432 2.8669434
0.8400148 -0.54097223 -0.040904157 49.15869 0.54117686 0.8408504 -0.006854134 19.95996 0.038101308 -0.016377669 0.9991398 2.9157715
0.8360414 -0.5473327 -0.03705363 50.06006 0.5475992 0.83668065 -0.0034291777 20.5542 0.032879323 -0.01742704 0.9993074 2.9716797
0.8307388 -0.5551659 -0.039874017 50.954346 0.5554908 0.8314714 -0.0034352024 21.16333 0.0350603 -0.019300494 0.9991987 3.0144043
0.82800883 -0.5589558 -0.043591574 51.842285 0.55927104 0.8289227 -0.0057272846 21.77002 0.039339364 -0.019634191 0.9990335 3.0627441
0.82480407 -0.56307125 -0.050468314 52.72632 0.5634476 0.8260531 -0.007789403 22.375854 0.04607603 -0.022012886 0.99869555 3.1159668
0.82129323 -0.5683301 -0.051194668 53.6062 0.5687079 0.8225849 -0.00827319 22.993042 0.046813335 -0.022315402 0.9986543 3.171753
0.81941736 -0.571076 -0.048019525 54.48462 0.5714333 0.8205423 -0.0072842003 23.61914 0.043560524 -0.021478303 0.99881965 3.2303467
0.8161643 -0.5763176 -0.042306297 55.368896 0.5766315 0.817019 -0.0055902414 24.253174 0.03778874 -0.019826122 0.9990894 3.2851562
0.81225294 -0.58180064 -0.04039411 56.25 0.5821422 0.8130027 -0.00392888 24.882812 0.03513002 -0.020327523 0.9991763 3.3353271
0.8107258 -0.58391196 -0.04163949 57.127686 0.5843285 0.81149065 -0.002614899 25.522339 0.035317026 -0.022216031 0.9991292 3.3773193
0.8064311 -0.58981556 -0.043436017 57.987793 0.59025055 0.8072752 -0.003379998 26.175537 0.03705984 -0.022910828 0.99905044 3.4196777
0.8025452 -0.5950037 -0.044845745 58.8562 0.5954089 0.80348057 -0.0051611247 26.81482 0.039100315 -0.022554532 0.99898064 3.4743652
0.7987174 -0.59996015 -0.043953642 59.727295 0.600286 0.79965234 -0.0068430873 27.479736 0.03925322 -0.020929765 0.99900985 3.5257568
0.7940814 -0.6063229 -0.043128468 60.597412 0.60660005 0.7950015 -0.007834028 28.152466 0.039038 -0.019937236 0.999039 3.574707
0.7905073 -0.6109087 -0.042182233 61.459717 0.6111604 0.7913958 -0.008149278 28.819702 0.03836384 -0.01934314 0.9990765 3.6256104
0.78447247 -0.6187895 -0.042240817 62.32251 0.61904144 0.7853655 -0.008406576 29.504883 0.038372684 -0.019549852 0.99907196 3.678833
0.7792852 -0.6250784 -0.042740643 63.17212 0.62528044 0.78022844 -0.010118043 30.199951 0.039674792 -0.018838812 0.9990353 3.7318115
0.77438396 -0.6312351 -0.0429918 64.02295 0.6314095 0.7753543 -0.011108766 30.895264 0.04034909 -0.018535508 0.999014 3.7822266
0.76811713 -0.6387819 -0.04296136 64.88086 0.6389319 0.7691003 -0.011941858 31.60913 0.04067026 -0.018277902 0.9990054 3.8348389
0.76338804 -0.64441067 -0.043649808 65.7312 0.6444799 0.7644419 -0.0143560795 32.32141 0.04261742 -0.017172083 0.9989438 3.8883057
0.7566834 -0.65247923 -0.042328704 66.573 0.65249324 0.75769806 -0.015394031 33.05664 0.042112734 -0.015966114 0.9989851 3.9401855
0.750432 -0.65966403 -0.040553555 67.41553 0.65964514 0.7513784 -0.015745495 33.80078 0.040860046 -0.014934214 0.9990533 3.9932861
0.74444604 -0.6665565 -0.038743082 68.24951 0.6665034 0.745326 -0.016148815 34.55139 0.039644342 -0.013802136 0.9991186 4.0478516
0.7380879 -0.6736876 -0.039271705 69.08276 0.67356694 0.7390179 -0.018215507 35.315308 0.04129063 -0.013007114 0.9990623 4.0998535
0.7318576 -0.6803011 -0.039401017 69.916016 0.6801238 0.73281467 -0.019811112 36.090454 0.042350452 -0.012303759 0.9990268 4.154297
0.7271694 -0.68522924 -0.040244393 70.738525 0.68507016 0.72816354 -0.019789098 36.873535 0.042866472 -0.01318889 0.9989935 4.2148438
0.72071373 -0.6922442 -0.038792677 71.55859 0.69207054 0.72164965 -0.019913912 37.683228 0.041774567 -0.012500154 0.99904835 4.267334
0.716511 -0.6964687 -0.039141465 72.37695 0.6963382 0.717451 -0.01912168 38.482666 0.041399706 -0.013547339 0.99905115 4.31958
0.7118839 -0.7010804 -0.039792933 73.20068 0.7009512 0.71285695 -0.019455705 39.29944 0.042008024 -0.014043755 0.9990187 4.378662
0.70619726 -0.70676225 -0.04198803 74.02881 0.70661265 0.7072865 -0.020852027 40.12024 0.04443675 -0.014942962 0.99890053 4.444702
0.70233184 -0.71059334 -0.04331299 74.83472 0.71030307 0.70353496 -0.0244445 40.944336 0.047839284 -0.013598124 0.99876225 4.5030518
0.69624954 -0.71637 -0.044320412 75.64136 0.7161124 0.69750094 -0.024285004 41.78882 0.04830672 -0.014830443 0.9987223 4.5617676
0.6915878 -0.720993 -0.042462315 76.46411 0.7207335 0.69274765 -0.023919769 42.63733 0.04666213 -0.014066524 0.99881154 4.623047
0.6880368 -0.72465956 -0.0405108 77.273926 0.7243961 0.6891029 -0.023547793 43.49756 0.044978928 -0.013135414 0.9989018 4.685913
0.68182814 -0.73038113 -0.04082612 78.07617 0.7300761 0.68292665 -0.024750795 44.36438 0.045962315 -0.012925455 0.99885994 4.7470703
0.67893475 -0.7331499 -0.039699145 78.87842 0.7327798 0.6799976 -0.025957216 45.23352 0.046030264 -0.01146499 0.99887455 4.805664
0.67293584 -0.738727 -0.03778338 79.67505 0.73832047 0.67392015 -0.026484381 46.121216 0.045034662 -0.010071035 0.99893504 4.8706055
0.6691966 -0.74210113 -0.03679217 80.47803 0.7416251 0.670152 -0.0279364 47.01355 0.045388732 -0.00859285 0.9989325 4.9279785
0.66665065 -0.7446201 -0.035139795 81.278564 0.74404866 0.66754687 -0.029828608 47.904297 0.045666274 -0.00625853 0.99893713 4.98938
0.66155416 -0.7490642 -0.035876576 82.068115 0.74828726 0.6625135 -0.034354664 48.815918 0.049500737 -0.004118268 0.9987656 5.0493164
0.6563555 -0.7538056 -0.033017155 82.8584 0.75278723 0.65718484 -0.03917615 49.72583 0.05122761 0.0008613644 0.99868673 5.1087646
0.6514266 -0.7581889 -0.028136075 83.6543 0.7570004 0.6519993 -0.042948257 50.640625 0.050918523 0.0066793263 0.9986808 5.1812744
0.6435337 -0.7651407 -0.02418251 84.443115 0.76379275 0.6438814 -0.046882644 51.56787 0.05143634 0.01170626 0.9986079 5.251587
0.6345336 -0.7726171 -0.020753447 85.22925 0.77124894 0.6347054 -0.04821595 52.50415 0.05042376 0.014586179 0.9986212 5.326172
0.62545633 -0.7800457 -0.017519806 86.000244 0.7787725 0.6254977 -0.04732381 53.46826 0.04787693 0.015964206 0.9987262 5.383667
0.6170156 -0.7868394 -0.016179578 86.760254 0.7855621 0.6169986 -0.047851134 54.438477 0.047638215 0.016805938 0.99872273 5.4626465
0.60728335 -0.7943291 -0.018691732 87.512695 0.7929959 0.60739875 -0.048203856 55.414062 0.04965205 0.014448457 0.998662 5.5267334
0.5977302 -0.8014615 -0.017673567 88.24609 0.80003905 0.59777904 -0.05032279 56.409424 0.050892822 0.015941966 0.998577 5.596924
0.5869383 -0.8094688 -0.018543726 88.98193 0.8080052 0.5870426 -0.050869063 57.415283 0.05206472 0.014869794 0.9985328 5.661499
0.5790431 -0.8152809 -0.014265422 89.71387 0.813763 0.5788978 -0.05333425 58.433105 0.05172975 0.019281555 0.99847525 5.7408447
0.5667813 -0.82376415 -0.011397803 90.42236 0.82232046 0.5665208 -0.05293015 59.46582 0.0500586 0.020622855 0.99853307 5.8114014
0.55745196 -0.83011097 -0.010976365 91.122314 0.82863677 0.5571715 -0.05365342 60.50879 0.05065219 0.02081496 0.9984995 5.880005
0.5482105 -0.8362392 -0.011533365 91.81006 0.83470005 0.5479561 -0.054629296 61.55542 0.051994763 0.02030783 0.99843997 5.953491
0.53657746 -0.84378356 -0.0123254815 92.48218 0.84223676 0.53638834 -0.054417618 62.623047 0.052539837 0.018823273 0.99844176 6.0290527
0.5283011 -0.84898317 -0.013191611 93.146484 0.8473412 0.5281465 -0.055868078 63.697754 0.054410953 0.01834802 0.9983508 6.10437
0.51735264 -0.8557213 -0.013758939 93.80005 0.8540439 0.51724404 -0.056291003 64.7854 0.05528608 0.017367532 0.99831927 6.1811523
0.50735414 -0.86168087 -0.012920022 94.44556 0.86014766 0.5072599 -0.053871326 65.88379 0.052970987 0.016208671 0.9984639 6.2564697
0.5016748 -0.8650136 -0.01023266 95.081055 0.8636121 0.5014791 -0.052168995 66.98633 0.05027482 0.01732771 0.998585 6.3305664
0.49147543 -0.8708826 -0.008915595 95.70752 0.86948663 0.49122488 -0.0524848 68.09961 0.050087024 0.018042572 0.9985819 6.4035645
0.4852984 -0.8743659 -0.008541479 96.32715 0.872856 0.48499605 -0.054801103 69.21948 0.052061804 0.019131877 0.9984603 6.4821777
0.4793571 -0.8777531 -0.0069951806 96.94165 0.876079 0.47890916 -0.05842425 70.33423 0.054618377 0.021867845 0.99826723 6.555908
0.47334933 -0.8808602 -0.006468093 97.55591 0.87899184 0.4728007 -0.06204193 71.47241 0.05770689 0.023683349 0.99805266 6.6397705
0.46804038 -0.8836984 -0.006252755 98.15723 0.88162327 0.46740562 -0.06554312 72.60278 0.060838208 0.025156979 0.9978301 6.7231445
0.4638671 -0.88595504 -0.0033983067 98.74829 0.8839284 0.46305886 -0.065934256 73.73413 0.059982903 0.027580364 0.9978183 6.8083496
0.4579709 -0.8889263 0.00054628024 99.34448 0.8871018 0.45699158 -0.064327054 74.872314 0.056925587 0.029945351 0.9979293 6.8950195
0.4548643 -0.89045906 0.0060389545 99.93213 0.88890195 0.4536443 -0.06257991 76.0105 0.05298976 0.033836972 0.9980218 6.9831543
0.4511103 -0.89253926 0.008348528 100.50366 0.8911271 0.44982406 -0.061202787 77.14624 0.05087002 0.03504132 0.9980899 7.0633545
0.44784984 -0.894053 0.009840788 101.07153 0.89271045 0.44650835 -0.060778193 78.28076 0.049954128 0.035995718 0.99810207 7.140259
0.44612965 -0.8947342 0.012558165 101.63428 0.8935559 0.44470754 -0.05943581 79.41162 0.047605924 0.037748657 0.9981531 7.218628
0.44514468 -0.89537865 0.015223437 102.190186 0.8943073 0.44360322 -0.05931738 80.5376 0.046360314 0.040017396 0.99812275 7.2911377
0.4426135 -0.89635193 0.01707557 102.74756 0.8953195 0.44096103 -0.06002731 81.65845 0.04627292 0.04186564 0.9980516 7.362915
0.44112378 -0.89718133 0.019207466 103.28662 0.89626026 0.4393961 -0.05951883 82.75806 0.04496885 0.043479003 0.9980421 7.432495
0.43860382 -0.8984066 0.022530312 103.83032 0.8976462 0.43674907 -0.05913507 83.86719 0.043292556 0.046166565 0.99799544 7.505249
0.4365641 -0.8993105 0.026522363 104.36426 0.898732 0.4345362 -0.05924916 84.965576 0.04175082 0.04970213 0.9978912 7.5720215
0.43400392 -0.90067303 0.02808634 104.88306 0.9001689 0.43191436 -0.05919764 86.04004 0.041184347 0.050962336 0.9978504 7.639282
0.4329645 -0.9009308 0.028842855 105.40405 0.90043175 0.4308044 -0.059982 87.11377 0.041611683 0.05195024 0.99778295 7.7055664
0.43553424 -0.8997858 0.028869523 105.91431 0.8992517 0.43331844 -0.060978726 88.18848 0.042364888 0.052513614 0.9977208 7.7753906
0.43398687 -0.90037656 0.027535565 106.40796 0.89972514 0.43177837 -0.061996277 89.22876 0.043922063 0.05167798 0.9976975 7.842163
0.43549842 -0.8997239 0.024693806 106.90405 0.89896804 0.43345338 -0.06120087 90.273926 0.044370282 0.048848417 0.9978197 7.907593
0.44011912 -0.89759296 0.022483744 107.39307 0.89676267 0.43819073 -0.06073231 91.30054 0.044668972 0.046890512 0.9979005 7.975952
0.44623494 -0.8947431 0.020338472 107.89282 0.89383155 0.44440174 -0.060621906 92.318115 0.04521294 0.04522418 0.9979527 8.040894
0.45204696 -0.89189297 0.018532094 108.40332 0.89089894 0.45027828 -0.060914416 93.33472 0.04597258 0.044030648 0.9979711 8.106812
0.45941028 -0.8880198 0.017709471 108.90259 0.88707876 0.45774025 -0.059299186 94.33374 0.044557832 0.042963974 0.99808306 8.1698
0.46618688 -0.8844569 0.016928256 109.420654 0.88353187 0.46458027 -0.05847201 95.32837 0.043847285 0.042227097 0.99814606 8.230225
0.47666505 -0.8788512 0.015486243 109.94873 0.87795025 0.4751729 -0.056947865 96.32422 0.042696945 0.04074565 0.998257 8.293335
0.4843201 -0.8748141 0.014981579 110.47363 0.87388355 0.4828211 -0.05745706 97.30176 0.043023698 0.04091668 0.99823576 8.351807
0.49460882 -0.8689711 0.013614549 111.02197 0.8680109 0.49316445 -0.057273638 98.269775 0.043060955 0.040151644 0.99826556 8.414429
0.50545317 -0.8628397 0.009511073 111.56348 0.86168414 0.50413084 -0.058469538 99.21777 0.045657635 0.03775866 0.9982438 8.477539
0.51547295 -0.85687804 0.0055541266 112.11914 0.8556 0.5143259 -0.058306217 100.16553 0.047115766 0.034806166 0.99828273 8.536011
0.5292065 -0.8485341 0.0034614215 112.69653 0.8472952 0.5282043 -0.0563232 101.11011 0.04596017 0.032736465 0.99840665 8.5979
0.54140353 -0.84080887 0.0023767892 113.272705 0.83964735 0.5405024 -0.05415488 102.028564 0.04424275 0.031319395 0.99853003 8.661011
0.5541568 -0.8324832 0.0029248772 113.87085 0.8314479 0.553285 -0.05193477 102.951904 0.041606758 0.031216117 0.9986466 8.717285
0.5648774 -0.82511073 0.0025445707 114.476074 0.8241155 0.5640389 -0.050946344 103.84448 0.040597495 0.030882692 0.99869865 8.778198
0.5759053 -0.8174966 0.0015478246 115.0896 0.8164445 0.57506585 -0.05183607 104.72827 0.04149364 0.031115633 0.99865407 8.833862
0.58810055 -0.8087915 -0.00010923852 115.71582 0.8076954 0.5873102 -0.05197816 105.60278 0.042098686 0.030485708 0.9986486 8.890381
0.59755075 -0.8017644 0.00090250006 116.341064 0.80065656 0.5966649 -0.05324025 106.440186 0.04214982 0.032541834 0.9985815 8.946289
0.608386 -0.79361266 0.00044197176 116.97363 0.7925151 0.60751486 -0.052916534 107.27783 0.041731272 0.032544877 0.99859864 9.008301
0.6199583 -0.7845848 0.00094119215 117.62402 0.7835803 0.6191029 -0.051348675 108.10718 0.039703533 0.032574955 0.9986806 9.063721
0.62908065 -0.7773063 0.0026201336 118.25757 0.7764642 0.62823504 -0.048767336 108.913574 0.036263645 0.032706972 0.9988065 9.116943
0.6401194 -0.76828736 0.002012036 118.91431 0.767494 0.6393352 -0.047188565 109.70874 0.034958124 0.03174986 0.9988844 9.170288
0.64829904 -0.76128274 -0.00086272106 119.55859 0.76045984 0.64765006 -0.0457687 110.47681 0.035401586 0.029017063 0.9989519 9.220215
0.6589862 -0.75219476 -0.0037825187 120.21167 0.7512901 0.6584248 -0.04598184 111.24512 0.037073243 0.027460594 0.9989352 9.266113
0.6673857 -0.7446867 -0.0043753106 120.87744 0.74382895 0.666878 -0.04442896 111.98682 0.035998326 0.026397834 0.9990034 9.314209
0.67766225 -0.7354196 -0.0040504257 121.53955 0.73462933 0.6771704 -0.042948186 112.715576 0.03432568 0.02613338 0.99906933 9.362671
0.68509614 -0.72841 -0.002168959 122.210205 0.7277246 0.6845746 -0.04144856 113.43799 0.031672325 0.02682387 0.9991387 9.40979
0.69395167 -0.7198828 -0.0014663856 122.887695 0.71927 0.693442 -0.03990266 114.13867 0.02974239 0.026641728 0.9992029 9.455322
0.70093393 -0.7133704 -0.003684185 123.55005 0.7127199 0.700498 -0.039396524 114.82446 0.030679235 0.02499089 0.999217 9.493408
0.70880556 -0.7052992 -0.0038551108 124.236084 0.70470214 0.7084113 -0.037614755 115.51123 0.029271666 0.023940513 0.9992845 9.537231
0.71476877 -0.6992871 -0.002430725 124.90088 0.69879866 0.7143913 -0.03504431 116.173584 0.026245572 0.023347016 0.9993828 9.578491
0.7230266 -0.6908936 -0.0011154762 125.57959 0.69050026 0.72266746 -0.032611042 116.83008 0.023336291 0.02280892 0.9994675 9.616455
0.73095745 -0.6824537 -0.0013846005 126.2561 0.6821097 0.7306506 -0.03032748 117.47339 0.021708164 0.021223046 0.99953914 9.650879
0.7373564 -0.6755723 -0.001907839 126.91943 0.6752311 0.7370682 -0.029823039 118.09326 0.021551605 0.020703102 0.9995534 9.690918
0.74507546 -0.6670891 -0.0029968733 127.58618 0.66680795 0.7448782 -0.026037987 118.70825 0.019594867 0.017404102 0.9996567 9.713989
0.7547614 -0.65602547 -0.0010346298 128.27075 0.65582895 0.7545721 -0.023330852 119.298584 0.016087005 0.016929045 0.99972713 9.746338
0.76257384 -0.6469024 -0.00032191514 128.93506 0.6467707 0.7624286 -0.019797025 119.875 0.013051897 0.014889251 0.9998039 9.773071
0.7732126 -0.6341131 -0.00057980255 129.61646 0.6340124 0.77310526 -0.017149467 120.44214 0.01132133 0.012894723 0.99985284 9.799927
0.7819862 -0.62326205 -0.0020944823 130.27881 0.623154 0.7819052 -0.016302688 120.98706 0.011797601 0.011443568 0.99986494 9.819824
0.7916896 -0.6109684 -0.0037528328 130.9541 0.6108423 0.79162663 -0.016357236 121.51782 0.012964159 0.010656156 0.99985915 9.843994
0.80225277 -0.5970024 -0.0045782477 131.6521 0.59687585 0.8022039 -0.015826307 122.032715 0.013118901 0.009964653 0.99986434 9.861572
0.81151545 -0.584345 -0.0033238016 132.33252 0.58425075 0.81146544 -0.014211278 122.5332 0.011002104 0.009591189 0.9998935 9.882935
0.82157713 -0.57014 -0.001596924 133.04321 0.57008344 0.82152945 -0.012050036 123.03174 0.008181563 0.008988977 0.9999261 9.9001465
0.83051026 -0.5569585 0.00022864166 133.73584 0.55693084 0.83046496 -0.010302271 123.50781 0.005549693 0.0086833555 0.9999469 9.919434
0.8393454 -0.5434585 0.003215194 134.4502 0.54346514 0.83930755 -0.008168848 123.97705 0.0017425651 0.008604515 0.99996144 9.93103
0.8476686 -0.53053844 0.004916157 135.18091 0.5305612 0.847634 -0.007663807 124.43384 -0.00010115933 0.00910493 0.9999585 9.941895
0.8544557 -0.5195227 0.0068523646 135.89282 0.51956487 0.8544219 -0.007814076 124.8772 -0.0017961212 0.010237254 0.99994606 9.950073
0.8614762 -0.507773 0.0073542455 136.62695 0.50782067 0.86144423 -0.0078040534 125.31006 -0.0023732702 0.010458151 0.99994254 9.959351
0.8683256 -0.49587363 0.006852955 137.38477 0.49591228 0.8683091 -0.006116159 125.74414 -0.0029176245 0.008709698 0.9999578 9.971069
0.8737732 -0.4862948 0.0072769346 138.11426 0.48633122 0.87377185 -0.0044775615 126.16846 -0.004180927 0.007450926 0.9999636 9.973022
0.8804858 -0.47406527 0.007236413 138.8689 0.47409648 0.8804923 -0.00338978 126.585205 -0.004764648 0.006415384 0.9999681 9.97644
0.88608426 -0.4634338 0.0076877624 139.63281 0.46347114 0.88608915 -0.003997296 126.97925 -0.004959647 0.0071059093 0.99996245 9.989258
0.89030385 -0.45532742 0.006482882 140.39331 0.45535922 0.89029855 -0.0047505125 127.376465 -0.003608258 0.007181171 0.99996775 9.994629
0.89533263 -0.44531277 0.0066044144 141.17822 0.4453465 0.89532614 -0.005016059 127.76929 -0.0036795319 0.0074322266 0.9999656 9.988281
0.89854354 -0.43887675 0.0068662823 141.9563 0.43890986 0.89854294 -0.0043845763 128.16528 -0.004246084 0.006953226 0.99996686 9.998169
0.9015792 -0.43249208 0.00916205 142.74902 0.4325282 0.9016055 -0.0023160914 128.55298 -0.007259289 0.00605054 0.9999554 10.003174
0.90449107 -0.4263527 0.012521004 143.56201 0.4263679 0.9045693 0.0015584542 128.93848 -0.011990226 0.003929301 0.9999204 9.999268
0.9073723 -0.4201124 0.014110007 144.3833 0.4200961 0.9074797 0.0042363144 129.33887 -0.014584226 0.0020843889 0.9998915 9.990967
0.9105715 -0.41309738 0.015323892 145.23169 0.41303968 0.9107004 0.006900671 129.71875 -0.016806152 4.395144e-05 0.99985886 9.986206
0.9133513 -0.40690774 0.017011816 146.08008 0.40681928 0.9135095 0.008525575 130.11426 -0.019008327 -0.00086633395 0.9998189 9.973633
0.91690546 -0.3985873 0.019758157 146.95361 0.3984492 0.9171164 0.010659624 130.49365 -0.022369375 -0.0019012429 0.999748 9.960571
0.9200518 -0.391117 0.022084096 147.83325 0.3909678 0.92031574 0.010890836 130.86597 -0.024585037 -0.0013864962 0.99969697 9.946289
0.92325217 -0.38348517 0.023466885 148.72363 0.38334256 0.9235499 0.010480225 131.24927 -0.02569213 -0.00068139366 0.9996697 9.93103
0.92651564 -0.37556246 0.023436235 149.64355 0.37544197 0.9268118 0.009511111 131.61572 -0.025292505 -1.3821002e-05 0.99968004 9.900757
0.93027896 -0.36599952 0.024421971 150.57153 0.36592165 0.93059766 0.007745814 131.98682 -0.02556209 0.0017304021 0.99967176 9.89209
0.934464 -0.3552925 0.023883494 151.48682 0.35524634 0.93476546 0.006291192 132.34277 -0.024560709 0.0026041928 0.99969494 9.867432
0.938757 -0.3439432 0.02211761 152.46558 0.3439032 0.9390147 0.0057052476 132.69653 -0.022730934 0.002248117 0.99973905 9.853638
0.943306 -0.3313922 0.020329509 153.44482 0.33130586 0.943525 0.007570697 133.04932 -0.021689648 -0.00040724175 0.9997645 9.831909
0.9483716 -0.31649536 0.020915216 154.40771 0.31632623 0.9485943 0.011036439 133.3977 -0.023333311 -0.0038512428 0.9997203 9.813232
0.95478445 -0.2964257 0.022978315 155.44458 0.29614365 0.9550318 0.014916851 133.71436 -0.026365573 -0.0074381563 0.99962467 9.786499
0.9607353 -0.2764672 0.023371842 156.46582 0.2760869 0.9609557 0.018243667 134.02808 -0.027503124 -0.011075394 0.9995604 9.767212
0.966663 -0.25498194 0.024246907 157.50317 0.25453237 0.96687543 0.020152828 134.31812 -0.028581291 -0.013310301 0.99950266 9.751587
0.97183144 -0.23427145 0.02598656 158.573 0.23375179 0.97206503 0.021542225 134.58813 -0.030306937 -0.0148629965 0.9994302 9.71582
0.97672564 -0.21254429 0.028824085 159.64453 0.21194126 0.9770205 0.022603368 134.83911 -0.032966323 -0.01596732 0.9993287 9.700806
0.98128194 -0.18972532 0.033011407 160.74316 0.18895626 0.9816651 0.025070086 135.05884 -0.037162587 -0.01836433 0.9991407 9.660889
0.98501027 -0.16839181 0.037394557 161.88086 0.16747437 0.9855209 0.026463516 135.26123 -0.04130961 -0.01980381 0.99894994 9.629028
0.9886434 -0.1446636 0.04074225 163.00488 0.14357564 0.9892309 0.02848316 135.4414 -0.044424113 -0.02231033 0.99876344 9.587524
0.9915592 -0.12294749 0.041093107 164.14136 0.12176037 0.99209523 0.030250536 135.59839 -0.044488925 -0.024991646 0.9986974 9.542969
0.9940763 -0.10136865 0.039237477 165.3081 0.100241594 0.99452096 0.029702159 135.73755 -0.04203332 -0.0255939 0.9987884 9.501831
0.996104 -0.07910298 0.03901729 166.48242 0.07793423 0.99648994 0.030613633 135.83765 -0.041301534 -0.027454063 0.99876916 9.456909
0.99745035 -0.05834006 0.041121487 167.6875 0.057228792 0.9979774 0.02769981 135.92505 -0.04265431 -0.025276417 0.99877 9.4157715
0.9983312 -0.03780945 0.043638874 168.8623 0.036573146 0.99891627 0.028786156 135.98096 -0.044680074 -0.027141595 0.99863225 9.374023
0.99886334 -0.015550203 0.04505858 170.09741 0.01425864 0.99948215 0.028845131 136.00708 -0.045483842 -0.028169814 0.9985677 9.332764
0.99894893 0.0024208995 0.045785382 171.32153 -0.003815908 0.99953026 0.030412398 136.02563 -0.045690257 -0.030555103 0.99848866 9.28418
0.9986352 0.02329454 0.04675065 172.54712 -0.024759697 0.9992122 0.031003427 136.00732 -0.045991324 -0.032118574 0.9984253 9.232422
0.99789995 0.04435497 0.047196623 173.81177 -0.04594022 0.99839723 0.03304788 135.96753 -0.045655098 -0.035147134 0.9983385 9.186401
0.99698406 0.062472336 0.04606996 175.09253 -0.06409509 0.9973438 0.034629256 135.9021 -0.043784793 -0.037476785 0.99833775 9.133911
0.99541473 0.08440341 0.045042638 176.33179 -0.08599964 0.9956899 0.034758594 135.80933 -0.04191508 -0.038471837 0.9983801 9.084473
0.99374676 0.102927975 0.043325596 177.61206 -0.10451593 0.9938691 0.036125887 135.7002 -0.039342213 -0.04042787 0.99840724 9.039551
0.9917548 0.12092217 0.042484127 178.93213 -0.12252099 0.9917675 0.037289456 135.55322 -0.03762627 -0.042186398 0.99840117 8.998413
0.98898816 0.14238471 0.0404094 180.22119 -0.1439045 0.9888802 0.037562173 135.38477 -0.03461123 -0.042963862 0.9984763 8.964111
0.98635143 0.16073982 0.035504892 181.55688 -0.16209292 0.98598784 0.03925332 135.19116 -0.028697664 -0.04447309 0.9985989 8.919556
0.98310506 0.18046592 0.030537106 182.89624 -0.1816496 0.98246974 0.041855596 134.96362 -0.022447007 -0.04669578 0.9986567 8.894775
0.9802056 0.19620427 0.026481854 184.19092 -0.19723286 0.97935027 0.044405006 134.72412 -0.01722122 -0.048748665 0.99866223 8.869873
0.976642 0.21367303 0.023053145 185.5249 -0.21454245 0.9756302 0.046192393 134.45386 -0.012621399 -0.050059106 0.99866605 8.860962
0.9719196 0.23433252 0.021748845 186.89038 -0.23513617 0.97076726 0.048320655 134.13745 -0.009792197 -0.052078303 0.9985952 8.8515625
0.96838546 0.24854493 0.02167115 188.21167 -0.24932241 0.96724933 0.047777794 133.8252 -0.009091023 -0.051670544 0.9986234 8.843018
0.9628778 0.26908672 0.020930022 189.57568 -0.26978752 0.96181196 0.04594699 133.45874 -0.0077646943 -0.049888067 0.9987245 8.84436
0.9580639 0.2860154 0.01704201 190.92749 -0.2865052 0.9569677 0.045936503 133.07666 -0.0031704952 -0.04889431 0.99879926 8.851074
0.9534856 0.301018 0.014358529 192.25171 -0.30135897 0.95226973 0.048139982 132.67505 0.00082360115 -0.05022852 0.99873704 8.84668
0.94777435 0.3185822 0.015012498 193.5918 -0.3189318 0.94648254 0.04949008 132.24243 0.0015583426 -0.051692702 0.99866176 8.858398
0.9423942 0.33412665 0.01643776 194.9668 -0.33452386 0.94091845 0.052776653 131.77637 0.0021616989 -0.055235572 0.99847174 8.873169
0.9355476 0.35292307 0.014958 196.32642 -0.353193 0.93389255 0.05591651 131.30249 0.0057647554 -0.05759548 0.9983231 8.877686
0.9287238 0.3705543 0.012945531 197.6543 -0.370667 0.92701 0.057137664 130.77539 0.009170756 -0.057864267 0.9982825 8.906128
0.92120945 0.3888918 0.010657696 199.03589 -0.38883322 0.91949165 0.05763159 130.20361 0.01261347 -0.057235226 0.9982813 8.922485
0.9136572 0.40645507 0.006518264 200.39844 -0.40612045 0.91197044 0.05826224 129.62817 0.01773253 -0.055879947 0.99828047 8.956299
0.90505344 0.42523342 0.003647678 201.70923 -0.4246273 0.9032335 0.06179348 129.04468 0.0229882 -0.05747436 0.9980818 8.998047
0.89504045 0.44605523 0.0021071164 203.05078 -0.44523498 0.8930872 0.06500234 128.41284 0.027116992 -0.05911488 0.9978816 9.042969
0.8823143 0.47061968 0.0027505597 204.39038 -0.4697226 0.88024086 0.06712604 127.72583 0.029170781 -0.06051644 0.9977408 9.092529
0.8684757 0.4955954 0.0035529342 205.72192 -0.49453232 0.86609584 0.07206394 126.99292 0.03264777 -0.064345494 0.99739355 9.153076
0.85459405 0.5191101 0.0041918755 207.02148 -0.5178895 0.8519732 0.07585185 126.26782 0.03582665 -0.06699036 0.99710876 9.210083
0.83905125 0.5441207 0.0049693137 208.27344 -0.5427396 0.83619386 0.079449765 125.492676 0.03907017 -0.06936573 0.99682623 9.274048
0.8240189 0.5664763 0.00473708 209.55664 -0.56496376 0.82114774 0.08036629 124.677734 0.04163595 -0.06889972 0.99675477 9.342407
0.80679107 0.590708 0.0039290814 210.80713 -0.5890061 0.80392605 0.08149612 123.7937 0.044978082 -0.06806559 0.99666756 9.418213
0.7899717 0.6132944 0.0010974999 212.03662 -0.6112275 0.7871589 0.083484836 122.90161 0.050317127 -0.06662491 0.9965094 9.505371
0.7737779 0.63356256 -0.0008378597 213.21436 -0.63117146 0.7709716 0.08577277 121.98779 0.054986868 -0.06583339 0.99631315 9.594238
0.7566557 0.6538036 -0.0022662668 214.37842 -0.6511367 0.75387317 0.087675564 121.01782 0.059034567 -0.0648618 0.99614614 9.6866455
0.7419149 0.67045194 -0.0034575122 215.55054 -0.6675503 0.7391629 0.08926397 120.00806 0.062415984 -0.0639227 0.9960011 9.79541
0.72495914 0.68876964 -0.0043101786 216.68018 -0.68573326 0.722324 0.08946766 118.98096 0.064739145 -0.061897162 0.9959798 9.899658
0.7083954 0.7056934 -0.0050403154 217.79199 -0.70251983 0.70585215 0.08995572 117.9209 0.06704803 -0.06018525 0.99593323 10.008667
0.6939972 0.7198995 -0.0065280017 218.86938 -0.7165367 0.6915789 0.09067047 116.84302 0.0698006 -0.058235537 0.99585825 10.1258545
0.67843175 0.73461056 -0.008958064 219.93188 -0.7309712 0.67619056 0.091940105 115.73462 0.07358667 -0.055840302 0.99572617 10.244751
0.663658 0.7479963 -0.011256582 220.97705 -0.7440401 0.66156155 0.09384003 114.60498 0.0776376 -0.05389431 0.99552286 10.377441
0.64921737 0.76051515 -0.012339179 222.01025 -0.7562781 0.6471599 0.096140176 113.44385 0.08111358 -0.053083096 0.9952899 10.503296
0.63211554 0.7746833 -0.011428719 222.99902 -0.77043736 0.6300712 0.09628874 112.2793 0.08180947 -0.05206299 0.9952876 10.644531
0.6157149 0.78780174 -0.008685432 223.97705 -0.7834909 0.61343044 0.09826945 111.086426 0.082757615 -0.053692315 0.99512136 10.781494
0.59820884 0.80133975 -0.004234843 224.93652 -0.7972105 0.5956461 0.09838441 109.86914 0.08135596 -0.055483438 0.9951402 10.923584
0.5800899 0.81461453 0.0011159088 225.85327 -0.81068224 0.5771546 0.09894921 108.644775 0.07994403 -0.058307424 0.9950931 11.061279
0.56194913 0.82714987 0.004878884 226.74487 -0.8232507 0.55870724 0.100452386 107.41504 0.08037117 -0.06046493 0.99492913 11.21106
0.54449475 0.83871555 0.0074520656 227.58545 -0.83462226 0.54091316 0.10387052 106.18335 0.08310914 -0.06277643 0.9945608 11.35437
0.52674586 0.8497566 0.011143413 228.40771 -0.8455545 0.52273595 0.10705798 104.91797 0.08516577 -0.06583794 0.99419147 11.499268
0.5084041 0.86104774 0.012651743 229.17676 -0.85684067 0.5043436 0.10722512 103.673096 0.08595457 -0.06535173 0.9941529 11.648071
0.48741004 0.873117 0.01720028 229.95288 -0.8692609 0.48318008 0.10543329 102.39087 0.083743416 -0.06632673 0.99427605 11.796631
0.46668386 0.88428545 0.020692347 230.64404 -0.8807483 0.46240497 0.10316425 101.125 0.08164552 -0.06634061 0.9944483 11.940918
0.4468329 0.89434433 0.024541052 231.31738 -0.89107734 0.44240797 0.10181844 99.85205 0.0801964 -0.06734334 0.99449986 12.080933
0.42473233 0.90488905 0.026162261 231.9668 -0.9017405 0.4203536 0.10036494 98.54053 0.07982391 -0.06621519 0.99460685 12.21875
0.40489686 0.9140083 0.027963543 232.5581 -0.91093427 0.4004826 0.09970463 97.265625 0.07995674 -0.065829545 0.99462086 12.355591
0.38250795 0.923468 0.027816862 233.11377 -0.92034006 0.37822792 0.098978326 95.99243 0.0809156 -0.06347926 0.9946989 12.485474
0.3596777 0.93268716 0.02687736 233.65137 -0.92940223 0.35555825 0.09892461 94.683105 0.0827239 -0.060575742 0.9947312 12.625366
0.34039286 0.9398922 0.02655605 234.12598 -0.9366227 0.3364539 0.09750115 93.427246 0.08270894 -0.058061235 0.994881 12.758179
0.31748918 0.94794136 0.026215639 234.59326 -0.94474155 0.31377926 0.095314756 92.121826 0.08214114 -0.055040542 0.99510086 12.895264
0.29758638 0.9542771 0.02636416 235.0122 -0.9510241 0.29394308 0.09511238 90.84766 0.08303858 -0.053378552 0.9951158 13.025391
0.27678093 0.9605281 0.027779322 235.41357 -0.95685863 0.27283788 0.099882625 89.57788 0.08832776 -0.05421427 0.99461365 13.160767
0.25622413 0.9660765 0.030018425 235.78418 -0.96157295 0.25163838 0.10913965 88.30591 0.09789654 -0.056830887 0.99357253 13.301636
0.23895466 0.97047764 0.03208062 236.12183 -0.96525353 0.23382019 0.11648969 87.06201 0.10553065 -0.05878977 0.9926751 13.449463
0.21875866 0.9751092 0.036364164 236.4353 -0.9696601 0.21306261 0.11994217 85.81323 0.10919306 -0.061530497 0.99211735 13.602051
0.1971219 0.97959244 0.040382892 236.72437 -0.9741464 0.19103451 0.12095575 84.553955 0.11081472 -0.06319299 0.99183214 13.755493
0.17950879 0.9826981 0.045314506 236.98242 -0.97746736 0.17298354 0.12084281 83.322266 0.11090223 -0.06596015 0.9916372 13.916504
0.159271 0.9859862 0.04975757 237.2168 -0.98103493 0.15243012 0.1197611 82.07007 0.11048395 -0.06785774 0.99155545 14.075806
0.1425607 0.98854774 0.050790045 237.40894 -0.98372513 0.13578892 0.11818742 80.83984 0.109977365 -0.066793494 0.9916865 14.227783
0.12253206 0.9910129 0.05381432 237.58936 -0.9863069 0.11555003 0.11775178 79.630615 0.110524386 -0.06754045 0.9915801 14.376221
