1.000000000000000000e+00 -3.306050084167601550e-19 -2.270457535318767223e-19 -8.673617379884035472e-19 7.546676715296109287e-19 1.000000000000000000e+00 6.237773588823049983e-19 1.387778780781445676e-17 -3.447385680526250622e-20 4.770700176052009879e-20 1.000000000000000222e+00 5.551115123125782702e-17
-2.555134645455686138e-01 -1.001815193003223643e-02 9.667230692442804196e-01 -3.798272115340989963e+00 -2.749644630951563612e-02 9.996172676426942072e-01 3.101998311771539483e-03 -2.269873628392343745e-03 -9.663841975473237422e-01 -2.578585868757575852e-02 -2.556912440646854079e-01 4.098265308974946564e+00
-7.727195784447985494e-01 -2.681829419574513484e-02 6.345312686275976777e-01 3.992193223054818496e-01 -3.989806684330913372e-02 9.991839012153653776e-01 -6.329191180637032746e-03 5.805635422078423563e-02 -6.338438785011477616e-01 -3.020415403187539857e-02 -7.731589591154767183e-01 6.919565444694004697e+00
-9.989088120373239565e-01 -4.326247820951231032e-02 5.343819491950987412e-03 4.413018759527130186e+00 -4.334784819445294812e-02 9.988342726589306553e-01 -2.120740042380434356e-02 1.299651168872275608e-01 -4.420029607294501811e-03 -2.142858240097960526e-02 -9.996196291892642805e-01 7.722286108556101425e+00
-9.130519036144658651e-01 -3.828451537170151492e-02 4.048513250089846305e-01 7.948317028626355807e+00 -4.656308716487876642e-02 9.988576077443988011e-01 -1.067107933874772603e-02 1.752685999076175893e-01 -4.039802505297155899e-01 -2.860699493306329347e-02 -9.137912292611586329e-01 6.801468699985476540e+00
-9.364589678465176092e-01 -3.691144609875841864e-02 3.480974344714208302e-01 1.124345312474752134e+01 -4.348502291961132971e-02 9.989918586040839044e-01 -1.112701544349356357e-02 2.847752338718003151e-01 -3.473362388018859104e-01 -2.554046389431302230e-02 -9.371197709646281737e-01 8.215623509980588324e+00
-7.510385896022785390e-01 -3.519549559300053782e-02 6.595483423201171647e-01 1.521439904893657591e+01 -4.472187861643227985e-02 9.989965721011869748e-01 2.391075322250747238e-03 3.542773133874522751e-01 -6.589707007722495069e-01 -2.770612925069849616e-02 -7.518589872901680904e-01 9.008445611938521225e+00
-8.163407230542419901e-01 -3.950597346222364803e-02 5.773254400684592058e-01 1.893445019270027174e+01 -4.890176669874090470e-02 9.988043046405168379e-01 -7.031595036784978568e-04 4.830739196771553501e-01 -5.766072620216421418e-01 -2.879985422241225501e-02 -8.172966194395158146e-01 1.066576694508192347e+01
-7.124761531857195518e-01 -4.267986649550562644e-02 7.013396027634064556e-01 2.249218230367184290e+01 -5.218865399704695346e-02 9.986076694518452035e-01 7.835784439831468273e-03 6.314400218176099422e-01 -7.006979144750932198e-01 -3.100600275503787723e-02 -7.137116940500916051e-01 1.192451880823638533e+01
-9.664594407993025715e-01 -4.320930160103336748e-02 2.571877527643004480e-01 2.532813439946765044e+01 -4.792064774138143912e-02 9.987788171945604088e-01 -1.208157447568110505e-02 7.413572027157349087e-01 -2.563519430219604045e-01 -2.398509233229651275e-02 -9.673501943807926162e-01 1.298390480740013153e+01
-9.026579166771417917e-01 -3.461766629960200820e-02 4.296852929210998595e-01 2.759844865636710054e+01 -3.728299558875196318e-02 9.993028568092598984e-01 2.272777690771053769e-03 7.939904034694185153e-01 -4.294646466144216856e-01 -1.395608800734369527e-02 -9.033193609657056422e-01 1.212544165806187202e+01
-9.974763734317404484e-01 -3.443189608136350277e-02 -6.589713149877228504e-02 2.897866331943049190e+01 -3.388510222110882597e-02 9.993787170255309382e-01 -9.746511088349082627e-03 8.252624905853490622e-01 6.619178598958633253e-02 -7.480254670665180926e-03 -9.980233925210975077e-01 1.219607390973584593e+01
-9.596693434617746821e-01 -3.913010808376772565e-02 2.767124687196319544e-01 2.955938482579065862e+01 -3.895624611912597984e-02 9.992219027779118967e-01 6.075623153852886642e-03 8.389257325939661891e-01 -2.767347580664844542e-01 -4.959980651353837304e-03 -9.604470629095820389e-01 1.230770138985200113e+01
-9.938903342664622276e-01 -3.043000961072288291e-02 -1.090976195399337573e-01 2.923055637449386168e+01 -3.024359412749574524e-02 9.995366883716396700e-01 -3.500450837186387925e-03 8.502500007269320204e-01 1.091535548891243573e-01 -1.761147301944498283e-04 -9.943502010366351840e-01 1.195600334307245127e+01
-9.880965606149831881e-01 -2.926336196389354299e-02 1.544437292907950288e-01 2.959627194729870325e+01 -2.831619266141333774e-02 9.995632574131895209e-01 8.520002351940640303e-03 8.616326562027675218e-01 -1.546256527644204737e-01 4.042227184561109250e-03 -9.884935765856514012e-01 1.179643391208026237e+01
-9.851513464945975684e-01 -2.404587996042793774e-02 -1.699435333864474373e-01 2.898273673623347690e+01 -2.470612081099999094e-02 9.996937768547540237e-01 1.617039400783031565e-03 8.496984624529222430e-01 1.698526060632648271e-01 5.791852868017551177e-03 -9.854437408040346291e-01 1.173135740279250072e+01
-9.997365793135759571e-01 -2.091696716471248829e-02 3.053843108431049044e-02 2.959090758950911493e+01 -2.059705621693391428e-02 9.997254617518771536e-01 1.118581908004997842e-02 8.569073488695502228e-01 -3.076403225447730747e-02 1.054989590384710491e-02 -9.998929189602129286e-01 1.119361446717484654e+01
-9.704685269464262687e-01 -1.664181503535272152e-02 -2.410269408389614232e-01 2.899407364634302198e+01 -1.816887318541006088e-02 9.998267566672363049e-01 4.073454228665364212e-03 8.463246871322048781e-01 2.409174263737888511e-01 8.330482135899560867e-03 -9.706028319241795099e-01 1.142534651124561584e+01
-9.951100079179593383e-01 -1.360459067972732972e-02 -1.078591378132129908e-01 2.944389965186493896e+01 -1.481433436190949908e-02 9.998359410295859506e-01 1.042575332207677785e-02 8.584296765597584367e-01 1.076996702157626412e-01 1.196094959145807546e-02 -9.951483011612481944e-01 1.114744716836740146e+01
-9.428718853564626023e-01 -1.523777988828559429e-02 -3.323827842686920553e-01 2.878674039539383855e+01 -1.803364950707679951e-02 9.998232896900620670e-01 5.313891128144399012e-03 8.618587762815155262e-01 3.322430785978671697e-01 1.100887715470738430e-02 -9.429799921517454386e-01 1.105581592436741012e+01
-9.754984346608058798e-01 -1.494996743948305562e-02 -2.221081168967506403e-01 2.922911587658492039e+01 -1.816080960886463577e-02 9.997572542212269653e-01 1.246900965773913364e-02 8.601878640083625571e-01 2.218679358758089692e-01 1.619174761239316335e-02 -9.755331549447898709e-01 1.047165729522444622e+01
-9.233203416922582951e-01 -1.415148462544056629e-02 -3.832107789964701583e-01 2.851049392790214654e+01 -1.861522332090741194e-02 9.997956038274703472e-01 7.902684944749473195e-03 8.569104650089668374e-01 3.830205296472913301e-01 1.443333933426010213e-02 -9.233950371443672145e-01 1.071832981624537062e+01
-9.452781914538395114e-01 -1.269611670200989501e-02 -3.254618188172993531e-01 2.880944345110582105e+01 -1.846679889074091460e-02 9.997221996085544626e-01 1.464336166266773896e-02 8.607688914611477671e-01 3.251854428456645851e-01 1.985451569529748939e-02 -9.452500274608979236e-01 1.011694129753230698e+01
-8.798706622348323458e-01 -1.245567235318558071e-02 -4.742449253238472662e-01 2.804209953379113429e+01 -1.849128368147032186e-02 9.997966338021820887e-01 8.054503212702117387e-03 8.440853008834149351e-01 4.740481163154273703e-01 1.585403928725314521e-02 -8.799220877286964004e-01 1.017620451661220216e+01
-9.127878137125113867e-01 -1.262623826877417275e-02 -4.069005469046691470e-01 2.837872784894351952e+01 -1.924604482210309428e-02 9.997417041795110260e-01 1.210567049355857142e-02 8.641285137436092167e-01 4.066424738649475068e-01 1.888019530182372466e-02 -9.127950192931409967e-01 9.322060523018256717e+00
-8.464636015437789762e-01 -9.965368008568535260e-03 -5.324774253400685886e-01 2.750385195725606380e+01 -1.394913571761175440e-02 9.998967270785229511e-01 3.451328794563490992e-03 8.357923638686667323e-01 5.323880823348107194e-01 1.034889005203143419e-02 -8.465151005179594179e-01 9.525203288451612238e+00
-8.831022125688759994e-01 -8.695310970273747997e-03 -4.698237257187859450e-01 2.783616771869365536e+01 -1.289456022640766107e-02 9.999005830962298669e-01 5.712606089769639919e-03 8.581477022983201586e-01 4.697273766527136352e-01 1.110118565275520532e-02 -8.831264669171243753e-01 8.697024411748817130e+00
-8.185885199137153956e-01 -8.105702743610549224e-03 -5.739192005999784740e-01 2.701930277959563753e+01 -8.452881817065606776e-03 9.999621331016531611e-01 -2.047863513686465787e-03 8.317303777579052593e-01 5.739140917011346099e-01 3.172281960325722475e-03 -8.186260035726119488e-01 8.923545547210910200e+00
-8.590720897907997422e-01 -6.307354402588580787e-03 -5.138368642316776258e-01 2.727154115580728799e+01 -8.414716430127635802e-03 9.999629775811548216e-01 1.797127376129520901e-03 8.534528200408689758e-01 5.138065981635607793e-01 5.866880790697612084e-03 -8.590933595234483411e-01 8.163660468360490086e+00
-8.004624371361210855e-01 -6.310431179583446230e-03 -5.990073447360448888e-01 2.638492356329256694e+01 -5.765661288993194876e-03 9.999794331956971538e-01 -2.834102218073817053e-03 8.310215265713781774e-01 5.990128857205982982e-01 1.184371415608894990e-03 -8.004820787049923281e-01 8.103077235142775336e+00
-8.412025290669142841e-01 -3.520010711854089629e-03 -5.397432555975523183e-01 2.653457695554785190e+01 -5.765335705651827673e-03 9.999803904547426292e-01 2.453666779951035361e-03 8.423151349056064996e-01 5.397241063146852591e-01 5.169292312772144800e-03 -8.412063405824694584e-01 7.138715736885314911e+00
-7.883099641612109076e-01 -2.493116414845942402e-03 -6.153305044397675561e-01 2.552864008046618594e+01 -3.892505870864098813e-03 9.999920140231943755e-01 9.213863860277793534e-04 8.147826253291657883e-01 6.153233509113685828e-01 3.123657930156560018e-03 -7.883134170685571762e-01 7.119682751508703333e+00
-7.741110936601521830e-01 -2.612753466981397772e-03 -6.327166401083361702e-01 2.567223049772645282e+01 -6.081284572812412255e-03 9.999761806825033794e-01 3.306367198580155951e-03 8.410683061863128973e-01 6.326928952051413813e-01 6.405018888258721954e-03 -7.741083712478150636e-01 6.133960270136337378e+00
-7.740894241573562651e-01 -1.348280835341537139e-03 -6.325126765492118386e-01 2.461799251789030762e+01 -6.001255083777185320e-03 9.999686442109944062e-01 5.196948350288417909e-03 8.013642928891473449e-01 6.324857132639742918e-01 7.818034862482737754e-03 -7.740732112378726493e-01 6.112566872706891807e+00
-7.644505196449321582e-01 -9.355828320952252032e-04 -6.444621320718988411e-01 2.457664524949993989e+01 -8.026029582316724850e-03 9.999353838386806359e-01 8.064342357171355377e-03 8.330298976483208051e-01 6.444130308795749107e-01 1.133808624755302565e-02 -7.644086141174545324e-01 5.079228814632447353e+00
-7.604893865676530806e-01 9.436931706466122980e-04 -6.497983623943108800e-01 2.355692487466614793e+01 -6.203120869133948306e-03 9.999428377325260131e-01 8.713547527646078178e-03 8.048104954425335800e-01 6.497693935483593863e-01 1.065657678360591200e-02 -7.604400081717090920e-01 4.950277419152450342e+00
-7.527153605362805200e-01 1.141826047376592098e-03 -6.583026105832786579e-01 2.352101735027950014e+01 -7.826825957243477988e-03 9.999123984395752451e-01 1.068639530395379053e-02 8.291001896704335294e-01 6.582572592527781152e-01 1.319800065531739203e-02 -7.526403128781177232e-01 3.929496325251427447e+00
-7.457177602186766396e-01 4.048897027703569559e-03 -6.662220391233548700e-01 2.250186483556009165e+01 -6.346704916858368628e-03 9.998930540144924661e-01 1.318112110658814506e-02 8.020211912553212308e-01 6.662041495190688112e-01 1.405402235194663438e-02 -7.456123713180937695e-01 3.737609483610549344e+00
-7.286936082111479251e-01 3.875698180226559274e-03 -6.851192336054450216e-01 2.238338601518821491e+01 -1.086625995506888126e-02 9.997927563112519733e-01 1.722165906279854788e-02 8.369993178819692403e-01 6.850441119667473044e-01 1.998732291285746504e-02 -7.285003641302248978e-01 2.704407587408773406e+00
-7.306508605813996082e-01 7.610199392085865294e-03 -6.833603002880809241e-01 2.140482710022119406e+01 -8.650488521026131541e-03 9.997552163144894921e-01 2.037512443927079822e-02 8.067732220292080925e-01 6.833479183005735091e-01 2.078483083244305613e-02 -7.304061593219571824e-01 2.568495320525599368e+00
-7.122953279874358890e-01 9.650278799471273886e-03 -7.020352138112422313e-01 2.120741533473940166e+01 -9.649532938549580663e-03 9.996766125171553385e-01 2.353082435505329806e-02 8.328256127418898203e-01 7.020352853210041211e-01 2.353124885488392867e-02 -7.119719317503310219e-01 1.536640131750858451e+00
-7.122655128219028686e-01 1.008321246079366823e-02 -7.020447340947268966e-01 2.028977713613234357e+01 -8.302351627641800860e-03 9.997058924830881654e-01 2.278251201865713615e-02 8.134906095991332187e-01 7.020681803583831426e-01 2.205589653700553918e-02 -7.119724951206275465e-01 1.402131888025949902e+00
-6.924360945812103596e-01 8.637486110184949481e-03 -7.212866217166440386e-01 1.999833412315746983e+01 -1.042878412114072416e-02 9.997037466105833659e-01 2.199164723471244004e-02 8.390181922234691836e-01 7.212630266502949583e-01 2.274867428555324075e-02 -6.921409230178374727e-01 4.207205303202656288e-01
-6.892664319639840720e-01 8.953299516525084489e-03 -7.243363383130398958e-01 1.911211460467844958e+01 -9.488878453059734763e-03 9.997262055694753347e-01 2.138229859412204767e-02 8.187971600677416140e-01 7.243296380603074791e-01 2.161634099597115749e-02 -6.889927793199075445e-01 2.399934827340391708e-01
-6.657063487095443710e-01 6.690075301788328890e-03 -7.456061398134814500e-01 1.866730240301480848e+01 -1.178050737351980445e-02 9.997406724535208289e-01 1.948868488654906250e-02 8.351521826574443974e-01 7.455431700399924866e-01 2.176205096906666525e-02 -6.654549241582526919e-01 -6.804911684131031979e-01
-6.535432117359424309e-01 5.559748276532346274e-03 -7.568361197491552117e-01 1.789126672014626962e+01 -1.306650943786635995e-02 9.997410374816892986e-01 1.862882657234620973e-02 8.206404385098459153e-01 7.567438267737264246e-01 2.206240425401043842e-02 -6.533014000217174377e-01 -9.331379920510006754e-01
-6.277539388906880902e-01 2.935339589182521698e-03 -7.790019320529021352e-01 1.729363113692419418e+01 -1.749981623502841130e-02 9.996874887645449403e-01 1.785513795591617617e-02 8.357114073475699900e-01 7.788110945733371926e-01 2.482825449840887072e-02 -6.275067629742904218e-01 -1.636530932922088732e+00
-6.040487941785522841e-01 3.703144449780597543e-03 -7.966226650951587773e-01 1.654905293742666572e+01 -1.679004080599733745e-02 9.997077682720769687e-01 1.738738741408328917e-02 8.298947643701997112e-01 7.964543089229348949e-01 2.388292836580804823e-02 -6.038101357642096101e-01 -2.021865283368666777e+00
-5.769099409439693016e-01 2.702389205438066652e-03 -8.169814497472644987e-01 1.590066391080577013e+01 -1.737229167922676315e-02 9.997277096019901999e-01 1.557013893575677314e-02 8.314204155365536586e-01 8.168013511530890502e-01 2.318033661779196966e-02 -5.767061134227304819e-01 -2.599407593833150010e+00
-5.485732093677180288e-01 2.939394973371870640e-03 -8.357346490966326424e-01 1.511695621641475107e+01 -1.552878293220259602e-02 9.997850883773387043e-01 1.372355536233409862e-02 8.232606065079969282e-01 8.355953815965767584e-01 2.051264262405809446e-02 -5.484095308727189311e-01 -3.038953918329715620e+00
-5.200935278082652324e-01 1.380943527884698121e-03 -8.540304770162638892e-01 1.442958244180780447e+01 -1.699594422974722713e-02 9.997837827045182868e-01 1.196612458651564667e-02 8.164774831955873280e-01 8.538624953424283071e-01 2.074685685381951958e-02 -5.199576627903874648e-01 -3.469627142200105485e+00
-4.919274511052014742e-01 -1.367716575881639408e-03 -8.710397168698340575e-01 1.366074947982862042e+01 -1.766667288381596965e-02 9.998084554704597116e-01 8.404343291292117046e-03 8.120738167936253360e-01 8.708615704451383444e-01 1.952697343276220063e-02 -4.918575473149347510e-01 -3.881619882475586536e+00
-4.647608374083751492e-01 -1.869832932762385217e-03 -8.858020164509826655e-01 1.286930280184179765e+01 -1.227342253064216820e-02 9.999152099843507946e-01 4.324464105741491170e-03 8.008902502529553491e-01 8.857190515054609303e-01 1.287744806159205231e-02 -4.647444487840903249e-01 -4.276370860261183182e+00
-4.360475002521626564e-01 -3.987460826022953125e-03 -9.002023204109217414e-01 1.209526002609868023e+01 -6.316681401161529548e-03 9.999790598640538875e-01 -1.374897824598686350e-03 7.908276891814737253e-01 9.001891195364144505e-01 5.084354256676712133e-03 -4.360636225238785912e-01 -4.628647750926798032e+00
-4.078464170481487794e-01 -5.133393513258275274e-03 -9.131888631486411168e-01 1.128675071835897192e+01 1.441290841360240178e-03 9.999792256296777815e-01 -6.266768405066996256e-03 7.707796685593274466e-01 9.132022698500967817e-01 -3.872042672139189377e-03 -4.078305977737286536e-01 -4.974706117306743280e+00
-3.799803675058149310e-01 -5.733650331880357255e-03 -9.248012872706327103e-01 1.050486387566033919e+01 8.837651339606740486e-03 9.999125213191757400e-01 -9.823295386228673293e-03 7.446120210497376712e-01 9.247769188188020850e-01 -1.191958194379784571e-02 -3.798964112920749092e-01 -5.283077882431655325e+00
-3.538307333925354015e-01 -6.111501586132984248e-03 -9.350381884444258773e-01 9.683650643976362105e+00 1.771268344363489955e-02 9.997552001978686764e-01 -1.325115301779810489e-02 7.233152828131409473e-01 9.348904151808741236e-01 -2.125365278849312284e-02 -3.536357461975756511e-01 -5.571888491924883446e+00
-3.274907996641734376e-01 -1.157595918858593011e-02 -9.445493921851568775e-01 8.859420654322928357e+00 2.592038257530775852e-02 9.994381055645216172e-01 -2.123369655902759487e-02 6.846155771312597560e-01 9.442646751418527495e-01 -3.145674848981511867e-02 -3.270065839116702566e-01 -5.819979117896802556e+00
-3.042952651660864039e-01 -2.412555132896332388e-02 -9.524854689897990223e-01 8.061218741770701968e+00 3.061642467690242966e-02 9.989164691740692881e-01 -3.506836482542458749e-02 6.443230946651032909e-01 9.522991551178792147e-01 -3.980098379390753505e-02 -3.032279895437952622e-01 -6.086541517636851140e+00
-2.798762281616776759e-01 -4.117567149685024547e-02 -9.589472529897089537e-01 7.259728061503177621e+00 3.301335427515649651e-02 9.980737934216977747e-01 -5.249444046240087786e-02 5.960920299623549967e-01 9.592632110430133752e-01 -4.639822961834372261e-02 -2.779760767842204272e-01 -6.293333198853562571e+00
-2.551712207083595141e-01 -5.687732462733002120e-02 -9.652635621841102465e-01 6.440409261188105638e+00 3.354228469334779444e-02 9.971458077937219722e-01 -6.766626468883854550e-02 5.374748810601086557e-01 9.663563418410598960e-01 -4.961120673798107006e-02 -2.525344141746721505e-01 -6.531657069912431446e+00
-2.299582322334995099e-01 -6.631762722393833021e-02 -9.710549369682790477e-01 5.609661764537182016e+00 3.851991695650858888e-02 9.962738303087866898e-01 -7.718264556620123285e-02 4.698777557039752750e-01 9.725547153321576488e-01 -5.512824298041606175e-02 -2.265469916509554038e-01 -6.694135562988997812e+00
-2.049895087272993188e-01 -6.969592879388282480e-02 -9.763415792796491521e-01 4.790286760065015415e+00 4.288034174478384808e-02 9.958662702988023696e-01 -8.009754875559498000e-02 3.863903880250696976e-01 9.778861896176251900e-01 -5.824710075298231843e-02 -2.011552457967761276e-01 -6.879688431134368898e+00
-1.825345697318017657e-01 -6.772018762522442892e-02 -9.808830478396267649e-01 3.954014328174138448e+00 4.689239280687607786e-02 9.958895694797735842e-01 -7.750229393807689382e-02 3.060875025352272072e-01 9.820993639727571001e-01 -6.013143748771401786e-02 -1.786081055075923463e-01 -7.021207302092167701e+00
-1.607071800188056010e-01 -6.122586117216265167e-02 -9.849649577294168346e-01 3.116397732526074105e+00 5.204759335895873390e-02 9.961568508227891527e-01 -7.041996629850820477e-02 2.317277836839590210e-01 9.854929839268530278e-01 -6.262125849589188220e-02 -1.569004258040978816e-01 -7.146061474781649103e+00
-1.404242901781700970e-01 -5.517597258984318492e-02 -9.885925895396038277e-01 2.288519072044952196e+00 6.016251793371876766e-02 9.961253555764842949e-01 -6.414976696670100786e-02 1.580197828788671432e-01 9.883018251388587805e-01 -6.847763721994419572e-02 -1.365606102715516412e-01 -7.257682077607913840e+00
-1.248657904699418397e-01 -5.427744477393572908e-02 -9.907019240535515081e-01 1.449890106693080938e+00 6.425767279697612577e-02 9.959644362241713011e-01 -6.267546570388582428e-02 8.753891998922427864e-02 9.901049529967637097e-01 -7.146387372189293152e-02 -1.208745844439380740e-01 -7.353305552955774260e+00
-1.135282623184930562e-01 -5.693308386871721166e-02 -9.919694015004885124e-01 6.016950084216672323e-01 6.731884800588365525e-02 9.956257333110387631e-01 -6.481220311322725969e-02 1.278706246450167505e-02 9.913192031981206132e-01 -7.411072798382951909e-02 -1.092025446233554353e-01 -7.439176471853323314e+00
-1.027373139621767656e-01 -5.911540357790081440e-02 -9.929420818309945274e-01 -2.090197240372040077e-01 6.882839004236535052e-02 9.954184826773403438e-01 -6.639124352071924806e-02 -5.876372059094547157e-02 9.923162506820263351e-01 -7.513809637759948090e-02 -9.819887051980133452e-02 -7.508950270937529758e+00
-9.139996033014319288e-02 -6.330635642913851058e-02 -9.938175376668249017e-01 -1.027127076714463794e+00 6.368169312999272247e-02 9.955639795306062689e-01 -6.927483364912763453e-02 -1.260366288936135559e-01 9.937937164877501672e-01 -6.960339265783958840e-02 -8.696394709076377127e-02 -7.581564029262953142e+00
-7.728418427308816896e-02 -6.173978143723954370e-02 -9.951186485355225653e-01 -1.834178414436479887e+00 6.241636944183161229e-02 9.958226967792983553e-01 -6.665392440666272067e-02 -1.893232366668899658e-01 9.950765064799812487e-01 -6.724944051963437086e-02 -7.310718468638582879e-02 -7.655089627325589952e+00
-6.852408637493520582e-02 -6.219056499440121788e-02 -9.957314430032138119e-01 -2.651880761366027794e+00 6.520881339987774639e-02 9.956417458981309254e-01 -6.665936097906666191e-02 -2.565670196585278506e-01 9.955383344171788718e-01 -6.951055230487733494e-02 -6.417012847871247927e-02 -7.696216105843046051e+00
-6.041465664311482936e-02 -6.307408777106945919e-02 -9.961902017383049701e-01 -3.475954275455349407e+00 6.913559520059882335e-02 9.953412419657482468e-01 -6.723089453952330041e-02 -3.294315326756660500e-01 9.957880039761483060e-01 -7.290254185232306061e-02 -5.577327034474901385e-02 -7.739729294934940995e+00
-5.486002478394966242e-02 -6.625593075067900961e-02 -9.963017088117214204e-01 -4.302942391405419009e+00 7.081245903237015638e-02 9.950237181322160174e-01 -7.009043953512385239e-02 -3.922110889394428979e-01 9.959882739961506415e-01 -7.439851245273658431e-02 -4.989363900790366735e-02 -7.779850831309574666e+00
-5.640653334043164296e-02 -6.881052734835881035e-02 -9.960192233241141890e-01 -5.158325120075127224e+00 6.980759044263422364e-02 9.949064888631981018e-01 -7.269977272036284854e-02 -4.523330545449572582e-01 9.959498764403353910e-01 -7.365054274275040225e-02 -5.131359590863259629e-02 -7.825823366897137312e+00
-6.068264691994022103e-02 -6.747880688746249467e-02 -9.958455222632136561e-01 -6.026159356252815513e+00 7.198621082333885035e-02 9.948178152342548319e-01 -7.179392183045334164e-02 -5.248493656764985360e-01 9.955300643214625156e-01 -7.605312173539191534e-02 -5.551011812720355737e-02 -7.870626426198513492e+00
-6.757613786768375264e-02 -6.693335546546955173e-02 -9.954909177249401386e-01 -6.893173925716355122e+00 7.024497771814856850e-02 9.949563510433067082e-01 -7.162332824814256205e-02 -6.064867819842350016e-01 9.952629362252071177e-01 -7.474947195124066746e-02 -6.253774244031136409e-02 -7.941793714874743948e+00
-7.567672237660258427e-02 -6.586104582513085948e-02 -9.949750014821246991e-01 -7.799822518511889236e+00 6.700897401395568276e-02 9.952267190773287364e-01 -7.096817728362363187e-02 -6.790807053105190061e-01 9.948984606267314845e-01 -7.201986345606101181e-02 -7.090401902481127672e-02 -8.015517503220941364e+00
-8.343151428229650390e-02 -6.646874714401242168e-02 -9.943201166887173370e-01 -8.709113005675982677e+00 6.525807049153717343e-02 9.952656763723121136e-01 -7.202225597776262811e-02 -7.542631440008420451e-01 9.944004659764384968e-01 -7.089791142229187604e-02 -7.869784197587972874e-02 -8.096388787640703910e+00
-9.153548267052498411e-02 -6.620818555579292830e-02 -9.935980112632433192e-01 -9.632259575696110687e+00 6.206700353634293094e-02 9.954699889773587218e-01 -7.204837358327743913e-02 -8.353601830937295025e-01 9.938651750804482488e-01 -6.823510995050297012e-02 -8.701334668178016540e-02 -8.191914623793149275e+00
-9.653447456323782649e-02 -6.632518314055978192e-02 -9.931354089385955319e-01 -1.058112995792546229e+01 5.762229227330501607e-02 9.957324999340454452e-01 -7.211947419859152109e-02 -9.164713426964775644e-01 9.936783491879970232e-01 -6.414978057563563985e-02 -9.230170389530169273e-02 -8.292596673270342222e+00
-9.841764246344984757e-02 -6.554468629906225197e-02 -9.930431872844280861e-01 -1.152913550982272461e+01 5.289663292791831756e-02 9.960734283861089056e-01 -7.101189379606559493e-02 -9.919037853746671685e-01 9.937973246811691030e-01 -5.949158390228542065e-02 -9.456414813245586637e-02 -8.398170248837732998e+00
-9.702775339164965152e-02 -6.519159256909159983e-02 -9.931308403642855609e-01 -1.252061969679400022e+01 4.927905162319627663e-02 9.963143198839579107e-01 -7.022081747074471192e-02 -1.076709608217796710e+00 9.940476051889227671e-01 -5.574222066231518391e-02 -9.345777165531017616e-02 -8.507220026434035631e+00
-9.689095603654983291e-02 -6.449194543078982933e-02 -9.932133153535824821e-01 -1.350918290762119334e+01 4.799568165487592269e-02 9.964369436631762555e-01 -6.936423327272710215e-02 -1.162449009163665448e+00 9.941469300729641745e-01 -5.437367038942541447e-02 -9.345236190231070994e-02 -8.604484375555983888e+00
-9.566964171503078429e-02 -6.365900303164363783e-02 -9.933367786706670532e-01 -1.450587960884371697e+01 4.747111639943956546e-02 9.965233928262968721e-01 -6.842823347359565378e-02 -1.245214007480633045e+00 9.942422300776059263e-01 -5.374907035377192444e-02 -9.231299709105186824e-02 -8.712773402904346653e+00
-9.674029718969788527e-02 -6.339792017026149584e-02 -9.932770835463951009e-01 -1.552735650545595902e+01 4.687401968971190158e-02 9.965718217766046383e-01 -6.817530467162598307e-02 -1.326143978219751718e+00 9.941939848946790281e-01 -5.315000098583103072e-02 -9.343713382505439147e-02 -8.808547684000252787e+00
-9.726065707631836865e-02 -6.239086988556358238e-02 -9.933185907138371018e-01 -1.656114227222750657e+01 4.739022691414112448e-02 9.966096799305623755e-01 -6.723215411788856233e-02 -1.409125486721795717e+00 9.941475481564722161e-01 -5.363917440472228126e-02 -9.397309665766871711e-02 -8.912788205693683352e+00
-9.602848024169785557e-02 -6.173257385773224526e-02 -9.934443879009122735e-01 -1.759441039099219140e+01 4.651486974915589045e-02 9.967054679913696091e-01 -6.643573039890633691e-02 -1.499090893621436216e+00 9.942732273970460444e-01 -5.259811083102543944e-02 -9.283999322090127904e-02 -9.021040826365947396e+00
-9.567283263533624127e-02 -6.115308761833843088e-02 -9.935497199583807060e-01 -1.865486601928793320e+01 4.459957311959424769e-02 9.968448145037051011e-01 -6.565821094398625879e-02 -1.583854043072485451e+00 9.944305499189728392e-01 -5.059528884205671123e-02 -9.264302956782019538e-02 -9.127476883567192445e+00
-9.582058078766918230e-02 -6.109265651711344447e-02 -9.934772210392012193e-01 -1.966574303902505605e+01 4.372475808945038706e-02 9.968903397183239701e-01 -6.551225375989754018e-02 -1.670768450934854821e+00 9.943934399855088868e-01 -4.977397613448891062e-02 -9.284900734707859926e-02 -9.241380022993592291e+00
-9.682057771265349666e-02 -6.043324803652212751e-02 -9.934455628787448589e-01 -2.072352000965591756e+01 4.238540598787008534e-02 9.970007434749790232e-01 -6.474910628062262308e-02 -1.762975592228255506e+00 9.943788285271835115e-01 -4.837617497979987413e-02 -9.397037058534252196e-02 -9.352617500452838684e+00
-9.839507912875385121e-02 -5.953829791751189676e-02 -9.933638405431045593e-01 -2.175085872738753778e+01 4.139600432729393514e-02 9.971009752009686311e-01 -6.385604849505854830e-02 -1.853085306613772687e+00 9.942850473880376905e-01 -4.738622422049598021e-02 -9.564627342683659772e-02 -9.460704726362971329e+00
-9.984110883484999255e-02 -5.587857900586076093e-02 -9.934407765410615543e-01 -2.278727188102467593e+01 4.158397207720771621e-02 9.973156063782359082e-01 -6.029478198749546602e-02 -1.937050464656972615e+00 9.941416917113486962e-01 -4.730114736487397303e-02 -9.724988787036258076e-02 -9.574677126658013293e+00
-1.044589677419484747e-01 -5.428400853398709230e-02 -9.930788114272021128e-01 -2.381030648685276319e+01 4.206806726849221523e-02 9.973766925195854949e-01 -5.893032572396006419e-02 -2.024933154497234877e+00 9.936710515637823260e-01 -4.790145072647297025e-02 -1.019033514751772340e-01 -9.687518386774115697e+00
-1.062724812339910369e-01 -5.384341960803326610e-02 -9.928606508291930588e-01 -2.484374177676322404e+01 4.137844273930697120e-02 9.974290028804809749e-01 -5.851058209437695612e-02 -2.102047775851358047e+00 9.934583308670540402e-01 -4.729950033511320234e-02 -1.037718253416917286e-01 -9.802461141605622430e+00
-1.090833476091749299e-01 -5.325030690451418997e-02 -9.926591033093252747e-01 -2.585987585044417969e+01 4.203518927394402777e-02 9.974237709224875736e-01 -5.812507566772512346e-02 -2.185121192282434954e+00 9.931973977200508896e-01 -4.806797626868523909e-02 -1.065639354860114935e-01 -9.925388127054178611e+00
-1.109649275991513723e-01 -5.362189247858629298e-02 -9.923578422667039822e-01 -2.689338429349001913e+01 4.172065623787424987e-02 9.974106821906175702e-01 -5.856803534314102694e-02 -2.268008751997406591e+00 9.929295632675649852e-01 -4.791448774362441071e-02 -1.084395436682711600e-01 -1.004211106427298006e+01
-1.099127207194865452e-01 -5.580878897484754797e-02 -9.923561498590758312e-01 -2.790500431696800021e+01 4.027656149196248703e-02 9.973524289271965548e-01 -6.052978298893366138e-02 -2.349644303496921882e+00 9.931078299541742371e-01 -4.664163697662488534e-02 -1.073740301476552167e-01 -1.015661622121638885e+01
-1.064246733243089521e-01 -5.796404268546292288e-02 -9.926410012577615571e-01 -2.892544689592198637e+01 3.887580728382539208e-02 9.972944104029076717e-01 -6.241079037455545681e-02 -2.441169955769845412e+00 9.935715141069824119e-01 -4.520553134540800794e-02 -1.038841683763777612e-01 -1.027379687460327062e+01
-1.023774776582812018e-01 -6.010698555993080477e-02 -9.929291176554182474e-01 -2.994130556731749948e+01 3.765424167797588179e-02 9.972217933172168314e-01 -6.424975826711946947e-02 -2.521813899440665363e+00 9.940342085818980600e-01 -4.399439356828350328e-02 -9.982838452947993824e-02 -1.037815254224094375e+01
-9.514322979112295464e-02 -5.952122531335186234e-02 -9.936657480955686239e-01 -3.095306729369323406e+01 3.706729256821950785e-02 9.973039064850740543e-01 -6.331558081379626279e-02 -2.601657489939421808e+00 9.947570703031090034e-01 -4.288437707206742278e-02 -9.267792341712607906e-02 -1.048367150812440940e+01
-8.998921011474050879e-02 -5.376801925894794665e-02 -9.945191706541386401e-01 -3.197049907695596005e+01 4.039124627705456549e-02 9.975240581875011170e-01 -5.758604817685133298e-02 -2.692298244180115319e+00 9.951521527775725184e-01 -4.533138302343640846e-02 -8.759554020427977317e-02 -1.056765194376285955e+01
-8.204649295872643022e-02 -5.334414662152961450e-02 -9.952108149830737327e-01 -3.297101014697946653e+01 3.777144983182656457e-02 9.976828980718671636e-01 -5.660995876304136809e-02 -2.769681962763563821e+00 9.959234320337467805e-01 -4.221131526577206333e-02 -7.984158373157171362e-02 -1.066924473786208516e+01
-7.748624665513376142e-02 -5.518368867284689089e-02 -9.954926594146840113e-01 -3.396555062584385354e+01 3.929444368358327166e-02 9.975237229516105142e-01 -5.835034546676717837e-02 -2.853431826143650873e+00 9.962460831515278503e-01 -4.361265280436203012e-02 -7.512739109521318626e-02 -1.074791834220415332e+01
-7.287621011135751725e-02 -5.746054766428974198e-02 -9.957082435322059943e-01 -3.496273170496520066e+01 3.934134431238133639e-02 9.973975448993497306e-01 -6.042716957739529410e-02 -2.929612374577102774e+00 9.965885502961593367e-01 -4.356339413992113552e-02 -7.042711259999621942e-02 -1.082253879141996933e+01
-6.506816423852181119e-02 -5.897912930838951351e-02 -9.961413308709652359e-01 -3.594979657384490679e+01 3.824396613350720953e-02 9.973722260210454715e-01 -6.154964930120786909e-02 -3.008804453325898631e+00 9.971525586235072680e-01 -4.207861188353319987e-02 -6.264255179183149391e-02 -1.090298367724384043e+01
-6.222793797398555593e-02 -5.999608809265988968e-02 -9.962269847325151417e-01 -3.694781747821130580e+01 3.690154835052243676e-02 9.973699977285893636e-01 -6.238558831388656134e-02 -3.096581230769571924e+00 9.973496883061355733e-01 -4.064201838438753073e-02 -5.984964309262592180e-02 -1.096930840802916229e+01
-5.793460452136990624e-02 -5.910172786204419271e-02 -9.965461898079840397e-01 -3.793789755735770797e+01 3.670167200707259020e-02 9.974427362912616779e-01 -6.129702207726904495e-02 -3.175255141501927003e+00 9.976228713098830303e-01 -4.016617539732465075e-02 -5.561500701069445329e-02 -1.103014735252773626e+01
-5.408320378625743746e-02 -4.975733644108677051e-02 -9.972947103313469785e-01 -3.890650412586681028e+01 3.871553305708733128e-02 9.979019790086369746e-01 -5.190409471151175014e-02 -3.250561058868820297e+00 9.977844516472142988e-01 -4.140362972508684208e-02 -5.204311500557105841e-02 -1.109007055488697269e+01
-5.148918698160874496e-02 -3.909712698640119971e-02 -9.979162892732997836e-01 -3.990014042693967866e+01 3.867848148199981573e-02 9.984053527759425561e-01 -4.112135870484888434e-02 -3.322774880757930038e+00 9.979327943488575103e-01 -4.070828938400103403e-02 -4.989470451613366164e-02 -1.113009297915330720e+01
-4.958795263746689636e-02 -3.568614417483044476e-02 -9.981245056959090478e-01 -4.088154333818440023e+01 3.856089576855035311e-02 9.985479489829858224e-01 -3.760555629270877220e-02 -3.379594251045894726e+00 9.980176321056009048e-01 -4.036590240031992516e-02 -4.813981184649359507e-02 -1.118978765499097250e+01
-4.937890994121798410e-02 -4.161244353781260591e-02 -9.979098976856483061e-01 -4.185145729007281545e+01 3.932207513118343711e-02 9.982760591800589056e-01 -4.355750898185254544e-02 -3.441393768091889349e+00 9.980028347690206303e-01 -4.140589776188521864e-02 -4.765752312924075029e-02 -1.123339658783746664e+01
-4.809621591705339622e-02 -4.806007609200380060e-02 -9.976754405438659212e-01 -4.281631671724103683e+01 4.031919834965295990e-02 9.979340758187326133e-01 -5.001236424959198262e-02 -3.507481334517736027e+00 9.980182324575526120e-01 -4.263719209472876387e-02 -4.605902004529302540e-02 -1.126946152753186681e+01
-4.759114254704948505e-02 -4.921674746004119083e-02 -9.976866720666770494e-01 -4.377074627176328647e+01 4.574883864755809743e-02 9.976307454637554084e-01 -5.140436390356751400e-02 -3.574085138667900008e+00 9.978517794222677706e-01 -4.806123566243519080e-02 -4.522768790649190490e-02 -1.131341124299604317e+01
-4.898370750055967143e-02 -4.681607480219127093e-02 -9.977108661344969986e-01 -4.473743017057329752e+01 4.871148841852205452e-02 9.976002641033688834e-01 -4.920836703303434201e-02 -3.643831770633357170e+00 9.976202751486367148e-01 -5.100393871792871514e-02 -4.658567510852544558e-02 -1.134941672945300617e+01
-4.768672934830775478e-02 -4.428482600483978765e-02 -9.978581863799174112e-01 -4.571354334804365038e+01 4.883098891915972628e-02 9.977178078268846839e-01 -4.662885080877882116e-02 -3.702669010417326323e+00 9.976461063220344316e-01 -5.095469357485082201e-02 -4.541442828464719444e-02 -1.139785439474335504e+01
-4.891083187404825922e-02 -3.882046987635381918e-02 -9.980276558990652802e-01 -4.667209401447822614e+01 4.554497509245420545e-02 9.981170905702979601e-01 -4.106777562720759223e-02 -3.771870923195391079e+00 9.977433641836349620e-01 -4.748133641196779914e-02 -4.704949219220030260e-02 -1.144787368614752232e+01
-5.134234944181636368e-02 -3.319224581630278448e-02 -9.981316610012612722e-01 -4.764582996978459306e+01 4.327717475946533943e-02 9.984347651084989339e-01 -3.544091123733437293e-02 -3.821482014105284986e+00 9.977454435861682347e-01 -4.500313989758539246e-02 -4.982543913136217029e-02 -1.150410843003797545e+01
-5.154073403587867974e-02 -3.195276214177420609e-02 -9.981543511110263500e-01 -4.859131701020663741e+01 3.494887061849830806e-02 9.988185349795776213e-01 -3.376763230755725625e-02 -3.880010767045765974e+00 9.980540439904997951e-01 -3.662349105117827103e-02 -5.036350509151458349e-02 -1.157502682674338246e+01
-5.353228354695978297e-02 -3.149666169308935199e-02 -9.980859716482992638e-01 -4.954565577922257091e+01 2.665244622554567219e-02 9.991014135345801517e-01 -3.296775433489237267e-02 -3.926572220660990986e+00 9.982271527646547904e-01 -2.835155238058285551e-02 -5.264494414534463124e-02 -1.164464183265395825e+01
-5.492735337785555061e-02 -2.985933643898588605e-02 -9.980304367877786964e-01 -5.051049146283688884e+01 2.928473855652847374e-02 9.990742441522785233e-01 -3.150073682490429905e-02 -3.977955687770313276e+00 9.980476719275880315e-01 -3.097041691732287452e-02 -5.400172306602595007e-02 -1.169099709327000447e+01
-5.798125578427133775e-02 -3.076968209984510053e-02 -9.978620837138361122e-01 -5.145838763767747537e+01 3.450608541417140435e-02 9.988657480346653239e-01 -3.281607351130551298e-02 -4.032991106520125157e+00 9.977399258924708469e-01 -3.632963731722379380e-02 -5.685349449725061316e-02 -1.175366459703632849e+01
-6.542660134390966553e-02 -3.250175679557431446e-02 -9.973499999236334901e-01 -5.241307290689596243e+01 3.585930534286310700e-02 9.987469625280958052e-01 -3.491146365977522426e-02 -4.083927181852708976e+00 9.972349176847842278e-01 -3.804190558936346861e-02 -6.417894642264276861e-02 -1.180558082249532958e+01
-7.417730727360656584e-02 -3.140981755688865285e-02 -9.967228190443004898e-01 -5.335088935047100023e+01 4.033464761739287419e-02 9.985912191992974973e-01 -3.446436761355082395e-02 -4.133917725466734083e+00 9.964015735461230205e-01 -4.276935081165009200e-02 -7.280570261372880381e-02 -1.187289389175128385e+01
-8.326865169843446213e-02 -2.952264607465287724e-02 -9.961029524982447647e-01 -5.429040639984221883e+01 4.689318739040388567e-02 9.983379761915859296e-01 -3.350819071381988534e-02 -4.191356300551942304e+00 9.954365497401234109e-01 -4.949175220736716507e-02 -8.174626302693435709e-02 -1.194905655128279420e+01
-9.625186221071072024e-02 -2.921321163411471147e-02 -9.949649771623508832e-01 -5.523542558948762604e+01 4.547006820508124603e-02 9.983978583981641952e-01 -3.370058284014933875e-02 -4.242601571895417756e+00 9.943548847895440357e-01 -4.846511610627964040e-02 -9.477038631272799440e-02 -1.203794581461768409e+01
-1.073057499578743135e-01 -2.798346127021674248e-02 -9.938267241653079287e-01 -5.616786208595110708e+01 4.117628649999791057e-02 9.986205463819676220e-01 -3.257908557341460121e-02 -4.292250073203610405e+00 9.933674497111339985e-01 -4.441692530395851407e-02 -1.060049452545070159e-01 -1.215088737475523395e+01
-1.201857097440876265e-01 -2.415349983006211468e-02 -9.923778887664710391e-01 -5.710686962415618240e+01 4.159601632891050949e-02 9.987016343087321557e-01 -2.937354363176261987e-02 -4.345242752979897816e+00 9.917995663911142179e-01 -4.483484258404399347e-02 -1.190232292330709735e-01 -1.227138611933975731e+01
-1.334545770198162784e-01 -2.316287485360114459e-02 -9.907594220862625534e-01 -5.804202029054261658e+01 4.053122919738939151e-02 9.987618725864446656e-01 -2.882060504912625082e-02 -4.389425077428701805e+00 9.902008548748987282e-01 -4.401794023818849516e-02 -1.323497387228706745e-01 -1.240623162442341254e+01
-1.455156647535737202e-01 -2.171642713312347400e-02 -9.890603831099360477e-01 -5.896169178668543509e+01 3.986297149004956741e-02 9.988183264770746916e-01 -2.779426004273216622e-02 -4.430491432962972986e+00 9.884952067033574430e-01 -4.347823588687043522e-02 -1.444779228633706059e-01 -1.254504457957830965e+01
