1.0 0.0 0.0 0.0 0.0 1.0 0.0 0.0 0.0 0.0 1.0 0.0
-0.25549257 0.9658817 0.041680984 4.5317383 -0.9667765 -0.2551291 -0.013902025 4.106079 -0.0028025564 -0.043855622 0.9990342 0.0068359375
-0.7728498 0.63321686 0.046740092 7.5161133 -0.6348136 -0.77206576 -0.037021227 -0.21081543 0.012629547 -0.058277275 0.9982209 -0.110839844
-0.9992621 0.0038637368 0.034331262 8.382446 -0.005897258 -0.99807966 -0.059343517 -4.437866 0.034031317 -0.059491754 0.9976476 -0.22741699
-0.91345894 0.40332854 0.04417974 7.428833 -0.40526184 -0.91224265 -0.051098816 -7.836792 0.01971689 -0.06458629 0.99771607 -0.29040527
-0.93680316 0.3467308 0.04081211 8.843384 -0.34850714 -0.93568426 -0.050277896 -11.152466 0.020787748 -0.061331972 0.99790055 -0.4359131
-0.7516234 0.65833324 0.044289872 9.568359 -0.6598115 -0.75028026 -0.045055117 -15.019043 0.003559961 -0.0630713 0.99800265 -0.53674316
-0.8170315 0.5759352 0.045134846 11.23938 -0.57764894 -0.8155095 -0.050423913 -18.769043 0.007730839 -0.06724647 0.99770796 -0.7076416
-0.7134919 0.6999862 0.047661662 12.456787 -0.70160234 -0.7115999 -0.051960114 -22.28601 -0.0024849812 -0.07048378 0.9975116 -0.8894043
-0.9670365 0.2557341 0.038706843 13.591919 -0.25765187 -0.96559626 -0.057401117 -25.272583 0.022660274 -0.06541873 0.9976019 -1.0373535
-0.903165 0.42899016 0.029677995 12.707764 -0.4299661 -0.9019551 -0.04716606 -27.4823 0.0065271137 -0.055369727 0.9984457 -1.097168
-0.9978292 -0.066570915 0.019825993 12.804077 0.06548917 -0.9967961 -0.05094434 -29.02832 0.023156721 -0.049545635 0.9985042 -1.1455078
-0.96037287 0.27632737 0.019814229 12.903687 -0.2770027 -0.9589137 -0.05311182 -29.494873 0.0043230345 -0.056504607 0.99839205 -1.1583252
-0.99424344 -0.10944794 0.012161587 12.561401 0.108763635 -0.9932724 -0.047182582 -29.293701 0.017243475 -0.045587756 0.998812 -1.1689453
-0.98849183 0.15436393 0.010032465 12.400269 -0.15465909 -0.9875046 -0.04425461 -29.570923 0.0030679684 -0.04530236 0.99896955 -1.1774902
-0.9854088 -0.1700597 0.0056609875 12.333496 0.16968901 -0.9846304 -0.041114137 -29.065308 0.0125704575 -0.039579738 0.9991379 -1.1633301
-0.9999499 0.030610215 0.002618922 11.800171 -0.030685939 -0.9992734 -0.036795944 -29.605347 0.0014899988 -0.036872186 0.99931926 -1.1682129
-0.97060066 -0.24105752 0.0024692193 12.021973 0.2408368 -0.9700609 -0.034050263 -29.099243 0.010603894 -0.032461487 0.99941695 -1.1573486
-0.99520963 -0.10779734 7.690303e-05 11.751831 0.10774547 -0.99475247 -0.03034265 -29.503906 0.0033455119 -0.030158078 0.99953973 -1.1688232
-0.9430043 -0.33235446 -0.0011206958 11.642822 0.33220828 -0.94247854 -0.03301149 -28.921387 0.009920523 -0.031510122 0.99945426 -1.1685791
-0.9756359 -0.22194606 -0.0052030664 11.06897 0.2219972 -0.97510463 -0.032262128 -29.32605 0.0020885803 -0.032602195 0.9994662 -1.1640625
-0.92345905 -0.3831044 -0.0050787665 11.298828 0.38306245 -0.9229325 -0.032091003 -28.661377 0.0076131932 -0.031600468 0.9994718 -1.1584473
-0.9453918 -0.32522908 -0.009889688 10.704102 0.325379 -0.9449022 -0.03042824 -28.939941 0.0005497895 -0.03199132 0.99948794 -1.1584473
-0.8799981 -0.4741127 -0.0075108837 10.742554 0.4741062 -0.8795003 -0.030633 -28.222168 0.007913012 -0.030536633 0.9995023 -1.1384277
-0.9129154 -0.40669292 -0.009781558 9.898804 0.40679517 -0.9124081 -0.03062635 -28.53479 0.0035313182 -0.031985637 0.9994824 -1.1541748
-0.8465271 -0.5324628 -0.0026870947 10.081543 0.53231627 -0.8461517 -0.028262168 -27.701904 0.012777187 -0.025356768 0.99959683 -1.123169
-0.8831564 -0.46979448 -0.0026949812 9.265137 0.46969038 -0.8828067 -0.026879987 -28.011719 0.010250967 -0.02499948 0.99963504 -1.1419678
-0.8185571 -0.5740074 0.0039777867 9.471802 0.57372487 -0.8183373 -0.026460385 -27.229858 0.01843932 -0.01937761 0.999642 -1.1131592
-0.85906506 -0.5138833 0.0020331535 8.724976 0.51368624 -0.8588332 -0.024594069 -27.460571 0.014373405 -0.020048305 0.9996958 -1.1306152
-0.8003959 -0.59910256 0.005649415 8.646484 0.5988178 -0.80024844 -0.024685798 -26.602173 0.019315027 -0.016383577 0.99967927 -1.1022949
-0.8411785 -0.539787 0.0024115331 7.6954346 0.53961545 -0.84100854 -0.02183261 -26.730225 0.013814732 -0.017086396 0.99975854 -1.1066895
-0.7882646 -0.6153838 0.003507508 7.6605225 0.6151957 -0.7881427 -0.020873688 -25.74939 0.015616231 -0.014300695 0.9997759 -1.0715332
-0.77409685 -0.6327394 -5.863616e-06 6.6693115 0.6326001 -0.77392626 -0.020985613 -25.896729 0.013275321 -0.016258111 0.9997798 -1.0917969
-0.7740831 -0.6325204 -0.001414948 6.6500244 0.6324196 -0.77391547 -0.019717246 -24.842651 0.011383238 -0.016175939 0.99980456 -1.0428467
-0.76446027 -0.64443135 -0.00509284 5.613037 0.6443947 -0.76426435 -0.019297823 -24.8031 0.008545833 -0.018040389 0.99980086 -1.0665283
-0.7604916 -0.6497809 -0.0044765705 5.4848633 0.6497482 -0.76033324 -0.017422847 -23.785034 0.0079174265 -0.016150003 0.9998383 -1.0290527
-0.7527215 -0.658258 -0.007136526 4.4611816 0.6582696 -0.75254834 -0.017212424 -23.749878 0.0059595564 -0.0176523 0.99982655 -1.0457764
-0.74571556 -0.6661877 -0.008096562 4.268921 0.6662278 -0.7455865 -0.014299121 -22.733032 0.0034860494 -0.016060032 0.999865 -1.0084229
-0.72866887 -0.6850074 -0.014293051 3.2294922 0.6851563 -0.72852594 -0.014446116 -22.618652 -0.0005217353 -0.020312209 0.9997936 -1.0344238
-0.73060024 -0.6832907 -0.015057547 3.0961914 0.6834468 -0.7305309 -0.010714864 -21.639282 -0.0036726706 -0.01811767 0.99982935 -0.99438477
-0.71220505 -0.7019606 -0.018070338 2.0581055 0.70216024 -0.712185 -0.008642724 -21.4458 -0.006799381 -0.018841662 0.99979943 -1.0111084
-0.7121912 -0.7019966 -0.016594326 1.9255371 0.70216656 -0.71216947 -0.008212597 -20.528076 -0.006048392 -0.017495682 0.9998286 -0.98376465
-0.6923598 -0.7211976 -0.01757298 0.93774414 0.72139275 -0.69231266 -0.009621811 -20.241089 -0.005235196 -0.019339217 0.9997992 -1.0008545
-0.6892005 -0.7242669 -0.016485073 0.7578125 0.7244396 -0.68915325 -0.009302526 -19.355713 -0.0046198806 -0.01835524 0.99982077 -0.9725342
-0.6656523 -0.7454917 -0.016958442 -0.16992188 0.7456797 -0.6655581 -0.011513326 -18.91626 -0.0027119766 -0.020322878 0.9997898 -0.97998047
-0.6534956 -0.756697 -0.017429927 -0.4251709 0.7568955 -0.65337634 -0.012617744 -18.143677 -0.001842963 -0.021439739 0.9997684 -0.95788574
-0.6277149 -0.7787682 -0.020545915 -1.1364746 0.7790383 -0.6275321 -0.015172198 -17.552124 -0.0010666396 -0.02552293 0.9996738 -0.9638672
-0.6040101 -0.7964122 -0.019894727 -1.5283203 0.79666054 -0.60384035 -0.0143297 -16.812622 -0.00060917507 -0.02450901 0.9996993 -0.94970703
-0.5768909 -0.81676614 -0.01953352 -2.1137695 0.8169986 -0.5766905 -0.015245113 -16.169922 0.001195163 -0.024744166 0.99969304 -0.9428711
-0.5485663 -0.8355672 -0.017199919 -2.5611572 0.83573896 -0.5483722 -0.0149068255 -15.391602 0.0030129082 -0.022554526 0.99974084 -0.92614746
-0.5201057 -0.8538394 -0.017768653 -3.000122 0.8540111 -0.51987004 -0.016353803 -14.709595 0.0047303154 -0.023676934 0.99970835 -0.9116211
-0.4919758 -0.87085015 -0.016872987 -3.420044 0.87097454 -0.4916782 -0.018987862 -13.945801 0.0082453815 -0.024017036 0.9996775 -0.89953613
-0.46479443 -0.88572395 -0.010519451 -3.8218994 0.8857013 -0.4645524 -0.019379886 -13.158569 0.012278497 -0.018317074 0.99975675 -0.8807373
-0.43602744 -0.90021586 -0.0030327942 -4.1817627 0.9000426 -0.4358715 -0.021374151 -12.388794 0.017918533 -0.012046142 0.9997669 -0.8640137
-0.4077058 -0.9132488 0.0056332294 -4.535034 0.9129828 -0.40772524 -0.022393513 -11.584106 0.02274559 -0.0039857347 0.99973327 -0.836792
-0.37969744 -0.92483836 0.0134046 -4.850586 0.9245632 -0.37991562 -0.022858907 -10.805664 0.02622724 0.003703937 0.9996488 -0.8034668
-0.35335484 -0.9349678 0.022484923 -5.145874 0.93477046 -0.35383615 -0.023108514 -9.987427 0.029582115 0.012849875 0.9994797 -0.7747803
-0.32660866 -0.9443697 0.032427054 -5.4003906 0.9441821 -0.32752 -0.028438047 -9.166504 0.03748052 0.021318719 0.9990694 -0.73046875
-0.30268762 -0.95244026 0.04052481 -5.6726074 0.95192504 -0.30426228 -0.04086166 -8.371582 0.05122825 0.026233662 0.9983431 -0.6866455
-0.2772822 -0.95944166 0.04686407 -5.88562 0.95813537 -0.27972564 -0.057759915 -7.5733643 0.06853919 0.028848916 0.99722934 -0.6364746
-0.25172412 -0.9665568 0.049819004 -6.130371 0.9642274 -0.25489846 -0.07329977 -6.757202 0.08358984 0.02960397 0.99606276 -0.5748291
-0.2256412 -0.972767 0.055093948 -6.2991943 0.96988046 -0.22965027 -0.082576536 -5.929199 0.09298656 0.034815095 0.9950601 -0.50268555
-0.20021151 -0.97809446 0.057996254 -6.490967 0.9751219 -0.20469093 -0.08579025 -5.1120605 0.09578439 0.039409135 0.99462396 -0.41235352
-0.17766924 -0.9822956 0.059704527 -6.6378174 0.97969776 -0.18228626 -0.08366731 -4.277466 0.09308739 0.0436334 0.9947024 -0.32348633
-0.15599081 -0.9856743 0.0620405 -6.7677 0.9838798 -0.16055538 -0.07703163 -3.44104 0.085909314 0.04899622 0.99509543 -0.23913574
-0.13565284 -0.98847663 0.0677537 -6.883667 0.9875977 -0.14038934 -0.07085366 -2.6142578 0.079551905 0.057303425 0.99518263 -0.15588379
-0.11995705 -0.9902766 0.070624426 -6.9823 0.9897251 -0.124872595 -0.06984805 -1.7766113 0.07799952 0.06153923 0.9950537 -0.07751465
-0.10825441 -0.9914922 0.07317859 -7.069824 0.99095803 -0.113539115 -0.07242253 -0.92944336 0.080073886 0.06469847 0.99468845 0.00390625
-0.09723437 -0.9924875 0.07412115 -7.1412354 0.99190396 -0.10274338 -0.074524276 -0.119628906 0.08159062 0.06630024 0.99446005 0.08190918
-0.086018324 -0.9939529 0.06849493 -7.2160645 0.9927299 -0.09133052 -0.07861994 0.69750977 0.08439963 0.061248466 0.9945489 0.15527344
-0.07219434 -0.99522364 0.06604566 -7.2924805 0.99406344 -0.077218175 -0.07694618 1.5039062 0.0816991 0.06010764 0.99484384 0.22644043
-0.06324267 -0.9956854 0.06824309 -7.3344727 0.9946733 -0.06847775 -0.07733317 2.3209229 0.08165544 0.06297496 0.99466795 0.3005371
-0.05482006 -0.995937 0.07157497 -7.37854 0.99512154 -0.060393687 -0.07815822 3.144287 0.08218136 0.06696993 0.99436706 0.38012695
-0.048912644 -0.9961387 0.0730231 -7.418579 0.9951891 -0.054827094 -0.081295885 3.970581 0.0850043 0.06869035 0.9940098 0.44885254
-0.05032098 -0.9961011 0.072279036 -7.462158 0.99486876 -0.056344382 -0.08385838 4.8254395 0.087617636 0.067669235 0.9938517 0.5152588
-0.05450713 -0.9956869 0.07471406 -7.503296 0.99471056 -0.06064891 -0.08256389 5.692871 0.08674109 0.0698129 0.9937811 0.5953369
-0.061544184 -0.9954207 0.073460035 -7.5700684 0.9943608 -0.06753218 -0.08207035 6.5594482 0.08661095 0.068013676 0.99391884 0.68444824
-0.06993234 -0.9950552 0.0707914 -7.639038 0.99385726 -0.07561458 -0.08105709 7.4658203 0.086001836 0.064709164 0.9941929 0.76501465
-0.077726595 -0.9945599 0.06972305 -7.71521 0.9931897 -0.08334959 -0.081721045 8.374756 0.08709809 0.062890515 0.9942125 0.84765625
-0.08605921 -0.9940239 0.0671203 -7.805908 0.99246913 -0.09142913 -0.081517704 9.297607 0.087167814 0.05962916 0.9944095 0.9367676
-0.09137392 -0.99383277 0.06307232 -7.902832 0.9920056 -0.09639061 -0.08166639 10.246094 0.08726308 0.05514093 0.99466085 1.026123
-0.09367406 -0.9939443 0.058431648 -8.005737 0.99192804 -0.098241575 -0.08089461 11.193726 0.08616318 0.050400253 0.9950073 1.1102295
-0.09259749 -0.99418724 0.054675452 -8.113037 0.992025 -0.09682525 -0.080525905 12.184692 0.08536072 0.04679507 0.99525154 1.2039795
-0.09260654 -0.9942836 0.053308237 -8.208008 0.9921192 -0.096683756 -0.07982423 13.1727295 0.08450334 0.045514 0.9953839 1.298584
-0.091477275 -0.9943771 0.052677654 -8.314331 0.9922558 -0.09546507 -0.07898191 14.168945 0.083560675 0.045000836 0.9954831 1.3903809
-0.09260691 -0.99432784 0.052087083 -8.407349 0.9921999 -0.09653294 -0.07872837 15.189941 0.083313815 0.044394877 0.99553424 1.4802246
-0.09314561 -0.994282 0.05258225 -8.508911 0.9922555 -0.097065695 -0.07772714 16.223267 0.08237578 0.044907905 0.9955872 1.5725098
-0.09202446 -0.99440473 0.051534742 -8.615112 0.99239224 -0.09583187 -0.07705867 17.255981 0.08157216 0.04404393 0.9956933 1.6717529
-0.09184563 -0.99455804 0.049531445 -8.719238 0.99250793 -0.09546543 -0.07647448 18.315918 0.080791734 0.04213282 0.99584 1.7659912
-0.09205794 -0.9945199 0.048712198 -8.830688 0.9924371 -0.09560656 -0.07641361 19.326294 0.08064525 0.041256502 0.99588525 1.8618164
-0.0931933 -0.99450254 0.047323793 -8.939087 0.9924161 -0.09660101 -0.075760424 20.383545 0.079887494 0.039909493 0.9960041 1.963501
-0.09488131 -0.9944071 0.046347834 -9.044189 0.9923475 -0.09817469 -0.0748767 21.4104 0.07900361 0.038907588 0.9961156 2.0628662
-0.096508026 -0.9942617 0.04628266 -9.155151 0.992477 -0.099652044 -0.07123122 22.446533 0.07545556 0.039087422 0.9963847 2.1571045
-0.10116602 -0.99379295 0.046920307 -9.263916 0.9921362 -0.104286544 -0.06967331 23.469238 0.07411981 0.039533142 0.99646693 2.2543945
-0.103041045 -0.99357986 0.046333365 -9.3758545 0.9919243 -0.10609794 -0.06924526 24.50232 0.073709555 0.038827874 0.9965237 2.3406982
-0.10583043 -0.99332106 0.047123097 -9.495361 0.9917295 -0.108918786 -0.06867493 25.518066 0.073341735 0.03946098 0.9965257 2.4328613
-0.107704155 -0.99305415 0.046983123 -9.609009 0.9914222 -0.110794656 -0.06905925 26.551147 0.07379371 0.03912891 0.996505 2.5246582
-0.1066346 -0.9932315 0.045697432 -9.721558 0.9913906 -0.10971295 -0.07123451 27.562134 0.07574527 0.037691575 0.99641323 2.614502
-0.10314238 -0.99369246 0.044230554 -9.837524 0.9916465 -0.10619617 -0.073360085 28.581787 0.07760278 0.03631917 0.9963241 2.7143555
-0.099083066 -0.9941531 0.042984907 -9.940918 0.99190617 -0.10212183 -0.07546917 29.596924 0.079414845 0.03513064 0.9962208 2.8032227
-0.091946125 -0.99487025 0.04182444 -10.046509 0.9926546 -0.09488809 -0.07482866 30.608032 0.07843985 0.0346076 0.99631697 2.892212
-0.08688426 -0.9952631 0.044247665 -10.129517 0.9935917 -0.08980835 -0.069046706 31.625 0.072692476 0.03798364 0.9966319 2.9935303
-0.079157345 -0.99602544 0.041073095 -10.231567 0.99429476 -0.081848375 -0.06855893 32.624878 0.071668096 0.035433315 0.99680054 3.079956
-0.074423075 -0.9963495 0.04243673 -10.309326 0.9945506 -0.07728577 -0.07036468 33.618652 0.07338171 0.036993317 0.9966189 3.1716309
-0.06971012 -0.99669117 0.042349122 -10.383179 0.99473476 -0.07265782 -0.0726044 34.615112 0.0754288 0.037076965 0.99646217 3.2556152
-0.06192851 -0.99724984 0.04080637 -10.463989 0.99514943 -0.06482899 -0.07405978 35.60144 0.07650201 0.036044404 0.996419 3.3428955
-0.059139848 -0.99744385 0.039348193 -10.528931 0.99522203 -0.06196976 -0.07505159 36.598755 0.077317975 0.03472475 0.996402 3.4388428
-0.054915432 -0.99771416 0.03884491 -10.588867 0.9955561 -0.0576824 -0.07412458 37.588257 0.076204784 0.034562524 0.99649096 3.526245
-0.0513953 -0.997872 0.04007865 -10.647583 0.9964414 -0.05392385 -0.064761415 38.556763 0.0668026 0.036620975 0.9970948 3.612915
-0.049320344 -0.9980141 0.039391764 -10.686035 0.9972198 -0.051416524 -0.054088652 39.550415 0.056015544 0.03662045 0.9977583 3.6970215
-0.047590256 -0.9980966 0.03904475 -10.744141 0.9974788 -0.0495422 -0.05066472 40.531616 0.05249121 0.03652369 0.99795264 3.7633057
-0.047063116 -0.9980857 0.040068675 -10.785645 0.99717736 -0.049291138 -0.056586847 41.500732 0.058437154 0.037278276 0.9975939 3.8311768
-0.04541541 -0.998105 0.041274976 -10.819946 0.99684864 -0.0479641 -0.06302126 42.46472 0.064878516 0.038277328 0.99715835 3.9030762
-0.044539567 -0.9979476 0.04669066 -10.861572 0.9968405 -0.047493704 -0.06418146 43.41858 0.06627294 0.04370977 0.9968452 3.9771729
-0.04589212 -0.9977207 0.04964831 -10.894653 0.9968977 -0.048929814 -0.061797746 44.384888 0.06409141 0.046663653 0.9968528 4.055664
-0.044737697 -0.9977451 0.04959685 -10.941284 0.9970825 -0.047654513 -0.059258234 45.360718 0.0615068 0.046797294 0.99700886 4.123535
-0.04643107 -0.99783504 0.046146378 -10.98877 0.9973329 -0.048896313 -0.053802337 46.31909 0.05595503 0.043508627 0.99748415 4.2026367
-0.049259186 -0.9978314 0.04369898 -11.042114 0.9975192 -0.05135501 -0.048193093 47.292847 0.05034567 0.041228563 0.9978812 4.262329
-0.049862985 -0.9981259 0.035325408 -11.111328 0.9975642 -0.051495913 -0.04694297 48.238037 0.04866363 0.032900803 0.9982732 4.329468
-0.052203655 -0.9982858 0.027069781 -11.178711 0.99750584 -0.053423885 -0.04648935 49.19214 0.04786485 0.024588896 0.9985517 4.3843994
-0.05355263 -0.9981105 0.029701747 -11.22229 0.9974725 -0.05485345 -0.0448678 50.15674 0.046410978 0.02721146 0.99855125 4.444336
-0.05636072 -0.99781257 0.03507869 -11.281494 0.99728703 -0.057942033 -0.045809828 51.104248 0.04775141 0.03240541 0.99833375 4.506958
-0.06366121 -0.9973132 0.036838364 -11.328735 0.99674624 -0.065383784 -0.04760049 52.058594 0.049891576 0.03369267 0.9981864 4.5651855
-0.07225942 -0.99648964 0.041629337 -11.390747 0.996129 -0.07417907 -0.04658263 52.996338 0.049502533 0.038094 0.9980467 4.623291
-0.0811615 -0.99553704 0.04841918 -11.461304 0.99552816 -0.08333838 -0.04477538 53.93579 0.048609734 0.044576503 0.99782294 4.689087
-0.0941906 -0.994457 0.047486626 -11.543823 0.99439013 -0.09631169 -0.044561658 54.88086 0.048875164 0.04304106 0.9978779 4.748413
-0.1054585 -0.9934651 0.043523062 -11.651245 0.9932688 -0.10733998 -0.043407902 55.813477 0.047811106 0.038652197 0.9981083 4.8066406
-0.11849403 -0.9918984 0.044045743 -11.765259 0.9918702 -0.12025357 -0.039674193 56.75293 0.044680003 0.03896293 0.9982403 4.8690186
-0.13182889 -0.9903007 0.043330345 -11.893677 0.99026215 -0.13352096 -0.03877897 57.688477 0.044198945 0.037781447 0.9983074 4.921753
-0.14396669 -0.98859566 0.042886082 -12.026489 0.98858035 -0.14558756 -0.037418235 58.608643 0.043236826 0.03700636 0.998379 4.9714355
-0.15781283 -0.98632705 0.046020806 -12.169678 0.98646325 -0.1595199 -0.036128685 59.551514 0.042963684 0.03967182 0.99828756 5.0305176
-0.17143571 -0.9841569 0.045379512 -12.332764 0.9840564 -0.17327535 -0.0402817 60.46997 0.047499303 0.037745252 0.9981576 5.0927734
-0.18396485 -0.98166305 0.050215386 -12.495728 0.9812755 -0.1863885 -0.04882521 61.364746 0.057261296 0.040286943 0.9975456 5.144409
-0.19748986 -0.97885925 0.0515116 -12.67627 0.978196 -0.20018028 -0.053660676 62.269775 0.06285213 0.039769933 0.99722916 5.20459
-0.2108264 -0.9763275 0.049392894 -12.883057 0.97568214 -0.21329175 -0.051517062 63.174072 0.060793743 0.037332464 0.99745166 5.2628174
-0.2229588 -0.97350425 0.04890669 -13.092407 0.97309595 -0.22520937 -0.04665375 64.075195 0.056447055 0.037175477 0.99771273 5.343628
-0.23396681 -0.9711101 0.047421888 -13.31604 0.9704905 -0.23620866 -0.048968893 64.96582 0.05874987 0.034566075 0.99767417 5.4074707
-0.23953985 -0.9697607 0.044402737 -13.55188 0.96855676 -0.24183093 -0.056562472 65.85181 0.065572776 0.02942533 0.99741185 5.473755
-0.24520504 -0.9686616 0.039769154 -13.78894 0.9667139 -0.24739659 -0.06535535 66.75073 0.07317167 0.022419462 0.99706805 5.5428467
-0.24967265 -0.9676305 0.038127422 -14.03186 0.9653525 -0.2518114 -0.06917967 67.64575 0.076544344 0.019552223 0.99687546 5.621826
-0.251876 -0.9670945 0.03646669 -14.276489 0.96476525 -0.25388587 -0.06938331 68.53369 0.07635757 0.017716248 0.99692357 5.708008
-0.2584258 -0.9652016 0.03475313 -14.525513 0.9627471 -0.26030636 -0.07045105 69.42163 0.077092215 0.0152468225 0.99690795 5.793213
-0.26488554 -0.9637896 0.031784996 -14.77124 0.9615229 -0.26648143 -0.06727568 70.31592 0.07331018 0.012738147 0.99722785 5.871704
-0.27013263 -0.96241754 0.032789193 -15.020386 0.9604905 -0.2717253 -0.06260036 71.196045 0.069154985 0.014602322 0.99750006 5.9420166
-0.2764779 -0.9603758 0.03252761 -15.271484 0.95864594 -0.27799344 -0.05946554 72.10254 0.06615012 0.014728138 0.9977003 6.029297
-0.28306818 -0.95863837 0.025714722 -15.550049 0.9566157 -0.28414953 -0.06260837 72.9668 0.06732626 0.006845833 0.99770635 6.0999756
-0.28874657 -0.9571445 0.018341133 -15.821777 0.9547313 -0.28932226 -0.06795567 73.82056 0.0703838 -0.0020941643 0.9975193 6.1627197
-0.2961697 -0.95497096 0.020788088 -16.095215 0.9523972 -0.29689825 -0.07007666 74.69263 0.07310855 -0.00092815096 0.9973252 6.2474365
-0.3024404 -0.9527771 0.02378845 -16.361084 0.9501024 -0.30337393 -0.07133248 75.56323 0.07522726 0.0010191521 0.9971672 6.333374
-0.31086788 -0.95023507 0.022434227 -16.653076 0.94760877 -0.3116765 -0.070602745 76.40869 0.074090555 -0.00067436346 0.9972522 6.4068604
-0.3159331 -0.94824904 0.020037701 -16.948975 0.94595444 -0.31656146 -0.065944575 77.2832 0.06890036 -0.0019134555 0.997621 6.4851074
-0.3232435 -0.94604915 0.019043153 -17.247803 0.94395775 -0.32379618 -0.06290306 78.13721 0.065710545 -0.0023628974 0.9978369 6.5667725
-0.33066168 -0.9436205 0.018886438 -17.557129 0.9412079 -0.33117035 -0.06757986 78.980225 0.070049904 -0.004560367 0.9975345 6.626587
-0.33687258 -0.941361 0.019916482 -17.87085 0.9387781 -0.33742645 -0.06985541 79.83545 0.07248085 -0.004829808 0.9973585 6.70874
-0.3430541 -0.93894345 0.01944024 -18.175049 0.936273 -0.34354913 -0.07100868 80.66162 0.07339289 -0.0061925054 0.9972843 6.7785645
-0.35021678 -0.9364428 0.018879646 -18.504272 0.9337887 -0.35065174 -0.07083632 81.51245 0.07293667 -0.0071535325 0.99731076 6.8511963
-0.35822752 -0.93339765 0.021968044 -18.829468 0.9308977 -0.3588765 -0.068391435 82.35791 0.07169293 -0.004061074 0.99741733 6.9240723
-0.365173 -0.93044984 0.025238745 -19.150513 0.9280593 -0.36604238 -0.066650145 83.18701 0.07126386 -0.00093742367 0.99745655 7.010498
-0.3721403 -0.92754525 0.027082764 -19.488037 0.92523557 -0.3731239 -0.06539876 84.03882 0.070809625 0.00068953447 0.99748975 7.0874023
-0.37833542 -0.9251999 0.021663722 -19.859009 0.9226809 -0.37890723 -0.0684766 84.87915 0.07155955 -0.0059543597 0.9974171 7.158081
-0.38674647 -0.9223971 0.017217442 -20.218018 0.9198086 -0.3869697 -0.06995611 85.70117 0.071203314 -0.011165089 0.99740195 7.234009
-0.38952821 -0.9210141 0.020343916 -20.579224 0.918565 -0.38998646 -0.06755075 86.5542 0.0701607 -0.007590714 0.9975086 7.311035
-0.39536667 -0.91842973 0.021837529 -20.936035 0.9159969 -0.3959148 -0.06713784 87.39819 0.07026639 -0.006524257 0.9975062 7.390381
-0.3993125 -0.91650474 0.024292482 -21.2948 0.91401345 -0.40002322 -0.06770199 88.22754 0.071796075 -0.004805932 0.99740934 7.4593506
-0.40386403 -0.9140016 0.027723275 -21.641602 0.9118439 -0.40481335 -0.06275635 89.05005 0.06860666 -0.00010297028 0.9976427 7.5283203
-0.40964568 -0.91177136 0.033231914 -22.009766 0.9100275 -0.41093144 -0.056788437 89.87964 0.06540599 0.0069670877 0.9978336 7.607788
-0.4144982 -0.90954673 0.03711452 -22.38147 0.90806097 -0.41599476 -0.053265452 90.71704 0.06386683 0.011652481 0.99789125 7.6693115
-0.41851783 -0.9077056 0.03606403 -22.749634 0.90599746 -0.41997173 -0.056395136 91.50781 0.06633451 0.009080203 0.99775684 7.7268066
-0.42148376 -0.9064035 0.034458593 -23.149414 0.9045186 -0.4228425 -0.05877914 92.33154 0.067841046 0.006417297 0.9976765 7.7977295
-0.4222752 -0.90556526 0.03389501 -23.531982 0.90368855 -0.4235916 -0.058564916 93.14209 0.067407824 0.0058874525 0.99770766 7.864746
-0.4233211 -0.90531063 0.032332636 -23.907959 0.9034842 -0.42452613 -0.0576649 93.92969 0.06593051 0.00477276 0.9978119 7.9367676
-0.42424607 -0.9048595 0.032287944 -24.299438 0.9033379 -0.4254193 -0.05288154 94.748535 0.061589703 0.006720354 0.9980786 8.001953
-0.4262793 -0.90428925 0.028887954 -24.679321 0.903011 -0.4272231 -0.04837939 95.55957 0.05610293 0.0054846574 0.998411 8.070801
-0.42726806 -0.9040535 0.028431496 -25.06372 0.9029319 -0.4281681 -0.045456503 96.34717 0.053256415 0.006269377 0.99856204 8.129395
-0.42709148 -0.90346056 0.029254265 -25.438599 0.90208405 -0.42806324 -0.050098885 97.14331 0.057813704 0.0049876715 0.9983151 8.189941
-0.42817715 -0.9031987 0.031418543 -25.814209 0.9016393 -0.4292932 -0.053336438 97.93872 0.06165796 0.005493563 0.99808234 8.254639
-0.4282323 -0.90309596 0.029926423 -26.188354 0.90145004 -0.42926148 -0.054614488 98.71802 0.0621716 0.0035834552 0.9980589 8.310669
-0.42827603 -0.90342075 0.027119529 -26.576904 0.9017744 -0.4291323 -0.05454687 99.505615 0.06088527 0.0011226356 0.9981442 8.378784
-0.42922756 -0.9029609 0.030184137 -26.943604 0.9014208 -0.43026444 -0.052919418 100.29492 0.06074835 0.0045166863 0.9981433 8.442383
-0.42899713 -0.9023003 0.030862799 -27.325317 0.9006431 -0.430084 -0.054813985 101.07739 0.0627687 0.0042463983 0.99801826 8.512817
-0.42930162 -0.9025103 0.024456214 -27.707153 0.90043944 -0.4299755 -0.061241806 101.85449 0.06580688 -0.004308437 0.9978222 8.5802
-0.4306064 -0.90227383 0.02052512 -28.094238 0.8998985 -0.43097845 -0.06619809 102.62866 0.06857137 -0.010031667 0.99759555 8.63623
-0.42962226 -0.9025881 0.021831917 -28.473877 0.9000384 -0.43006504 -0.068491936 103.39551 0.071220525 -0.009793957 0.99741215 8.707764
-0.43163452 -0.9018378 0.023927107 -28.84314 0.89930594 -0.4322269 -0.067965105 104.16968 0.07164953 -0.007830948 0.9973997 8.783081
-0.4315975 -0.90185314 0.02476865 -29.221191 0.8993477 -0.43225372 -0.067519516 104.92456 0.07160795 -0.0068645943 0.99741 8.854858
-0.43320408 -0.9008001 0.027448285 -29.592285 0.8985685 -0.43406284 -0.06343995 105.69336 0.06904568 -0.0028195851 0.9976087 8.921997
-0.43609735 -0.899516 0.031240854 -29.95874 0.89762497 -0.437209 -0.058357168 106.45679 0.06617468 0.0026221508 0.9978064 8.991211
-0.43769795 -0.8985054 0.03274343 -30.330322 0.8970659 -0.43886515 -0.051315863 107.22681 0.060437553 0.0069056307 0.9981468 9.057739
-0.4404099 -0.89669347 0.036511134 -30.69934 0.89550275 -0.44176507 -0.0476337 107.97485 0.058880493 0.011680713 0.998196 9.116577
-0.44541702 -0.8945601 0.037400346 -31.064697 0.8930055 -0.44688296 -0.053565048 108.69409 0.06463853 0.009534016 0.99786323 9.185425
-0.45101297 -0.8916821 0.04028269 -31.469116 0.8901171 -0.45266184 -0.054043826 109.4707 0.06639529 0.011478689 0.9977266 9.251099
-0.45865256 -0.8878418 0.04202819 -31.841064 0.88627887 -0.46040583 -0.05411485 110.190186 0.06735235 0.012440186 0.9976513 9.305054
-0.46620557 -0.8836946 0.040064946 -32.23108 0.8823982 -0.46776128 -0.049396537 110.91626 0.062395077 0.012299167 0.997975 9.373779
-0.47743472 -0.87775654 0.045017995 -32.62561 0.8768429 -0.4791983 -0.04408413 111.64038 0.060238943 0.018439127 0.99801385 9.436157
-0.4903762 -0.8703387 0.047059685 -33.038696 0.8694609 -0.49224243 -0.04366933 112.380615 0.061149567 0.019491157 0.9979376 9.511719
-0.5011556 -0.8635108 0.04851389 -33.441895 0.8625992 -0.5031131 -0.0442641 113.066895 0.062655866 0.019647282 0.99784076 9.565918
-0.51319724 -0.8566058 0.05103802 -33.85266 0.85583293 -0.5152636 -0.042454764 113.741455 0.062676236 0.021886427 0.9977938 9.623291
-0.5257409 -0.84885544 0.056113288 -34.25647 0.84824955 -0.5280905 -0.0412349 114.39429 0.06460833 0.025921687 0.9975736 9.681885
-0.53829104 -0.84100837 0.054542106 -34.713135 0.8397638 -0.54070836 -0.04957063 115.11401 0.07115885 0.019114623 0.99728113 9.753174
-0.547301 -0.8349991 0.052766785 -35.169556 0.8327878 -0.54974496 -0.06157294 115.76074 0.08049395 0.010234742 0.99670404 9.815674
-0.55777776 -0.8277424 0.053128414 -35.59424 0.82471985 -0.5602853 -0.07079995 116.36035 0.08843191 0.0043107234 0.99607277 9.877197
