1.000000000000000000e+00 4.398956837314658088e-19 2.733407509747682871e-20 -8.673617379884035472e-19 -5.583667658079949532e-19 1.000000000000000000e+00 -6.100159232558060012e-19 0.000000000000000000e+00 4.145284534913582806e-20 -2.210423569125054137e-19 1.000000000000000222e+00 0.000000000000000000e+00
9.998978661840908222e-01 3.125871359955726260e-04 1.428843958354003574e-02 -8.421831907471122314e-02 -3.078914633502114135e-04 9.999998978764170765e-01 -3.308332534771074086e-04 -1.085145762928038660e-02 -1.428854178631182650e-02 3.264001916535266183e-04 9.998978602937145244e-01 1.227284417935242677e-02
9.995318294391283276e-01 1.709326750222844946e-03 3.054832505481288804e-02 -8.857280389914386209e-02 -1.698180039853464801e-03 9.999984817191133191e-01 -3.908289498402195178e-04 -1.733905815373354420e-02 -3.054894725769703723e-02 3.387694495998290413e-04 9.995332145706489202e-01 3.635023539303372520e-02
9.979495689912489809e-01 4.947456330917207080e-03 6.381363831934465380e-02 7.590621119872981853e-03 -5.024618191255052387e-03 9.999868265888279817e-01 1.048746920027199096e-03 5.896366539115988070e-03 -6.380761015053824925e-02 -1.367235661561065109e-03 9.979612815809739690e-01 4.028801688242791279e-01
9.954111599551850320e-01 3.932565701745958930e-03 9.560940085365696173e-02 2.708574270802913131e-02 -4.201406214243250288e-03 9.999877661024619835e-01 2.610716093587967142e-03 1.473053602061896727e-02 -9.559796601840984953e-02 -3.000429807324257996e-03 9.954155043693578842e-01 5.461155528666036263e-01
9.909713021157779966e-01 1.561302937600910412e-03 1.340650610283230237e-01 1.495020763705502131e-01 -2.190507323198653995e-03 9.999872681406498653e-01 4.545903342459204667e-03 8.204045248994401573e-03 -1.340562589155491202e-01 -4.798530172751797745e-03 9.909621050667808406e-01 7.747451412327714948e-01
9.850676305601158145e-01 -2.460555944885085659e-03 1.721502501207779479e-01 1.544510375629913057e-01 1.518517595040705338e-03 9.999831463897279615e-01 5.603662781301739157e-03 -1.948930798886260030e-02 -1.721611398692625972e-01 -5.258573520377740791e-03 9.850547647710604648e-01 9.003013237009065417e-01
9.763977957096969806e-01 -2.729969378073632789e-03 2.159627081094946943e-01 2.767882657609222474e-01 1.339787458380029949e-03 9.999774324624104427e-01 6.583276632203218480e-03 -5.631606980459974432e-03 -2.159758102403692703e-01 -6.138552516616865851e-03 9.763794180925289279e-01 1.143659638076649943e+00
9.647862100416874087e-01 -2.692212306129982725e-03 2.630215201645939027e-01 3.367983831331778366e-01 1.367634303723533199e-04 9.999526183726090700e-01 9.733565757594184881e-03 2.962487336126432003e-03 -2.630352671482393268e-01 -9.354838129114220052e-03 9.647408647298011397e-01 1.329953461869540554e+00
9.505458895227638649e-01 -6.423117862789847268e-03 3.105177196629013703e-01 5.102127474029652943e-01 1.465325524607311112e-03 9.998677486702672867e-01 1.619685098032848727e-02 2.026432851120313350e-02 -3.105806929282041162e-01 -1.494084042234414440e-02 9.504295900906285510e-01 1.578600197558347684e+00
9.335124587335641433e-01 -1.565361495294320671e-02 3.582030876503731198e-01 6.403193471027968098e-01 7.481924052568871171e-03 9.996794353261306831e-01 2.418775258065925665e-02 9.497856536845594722e-05 -3.584668923476277969e-01 -1.989951991886703547e-02 9.333303262763348318e-01 1.804584861910321081e+00
9.123829505591937172e-01 -2.141226707145437586e-02 4.087772792272993949e-01 8.048591844004520102e-01 1.031069648514637387e-02 9.995162324540425303e-01 2.934264076393118190e-02 -8.330252310320321318e-03 -4.092078255703005540e-01 -2.255694650573279725e-02 9.121623441161764712e-01 2.035466264807208159e+00
8.876031974880120856e-01 -2.334041973514094231e-02 4.600171578985898790e-01 9.966263193108213514e-01 9.067887117145548639e-03 9.994072063655287108e-01 3.321158314623903068e-02 -3.520711061537534770e-03 -4.605196428960503519e-01 -2.530732351278459566e-02 8.872886796138352850e-01 2.270110780598592726e+00
8.591646232989664789e-01 -2.536548508575109731e-02 5.110701892791476020e-01 1.158704843099835458e+00 7.210193353246368078e-03 9.992715600554902267e-01 3.747482278487589136e-02 3.022241849641338352e-02 -5.116484812295897244e-01 -2.851212687543391855e-02 8.587216628092577686e-01 2.496372748991159352e+00
8.272506795270291313e-01 -3.054160247000650003e-02 5.610022450808199723e-01 1.409527506090581639e+00 8.237910280885971798e-03 9.990733984704937010e-01 4.224312089975133105e-02 2.312805523681242537e-02 -5.617726018465649673e-01 -3.032416402666211416e-02 8.267357459823594379e-01 2.734165493460175345e+00
7.915969756938124879e-01 -3.631120071744327327e-02 6.099637030659694759e-01 1.605464875909910161e+00 1.052671039143860884e-02 9.988950264104334842e-01 4.580299699850128026e-02 2.214575799773456366e-02 -6.109528816511878846e-01 -2.983660231184761744e-02 7.911045185867043861e-01 2.930618149629451885e+00
7.539147725833434954e-01 -4.082968812890596516e-02 6.557022537300665199e-01 1.868610053567179685e+00 1.157965275515734395e-02 9.987377292808726770e-01 4.887596240701979483e-02 3.265441742397773989e-02 -6.568701816224951084e-01 -2.925550528055388330e-02 7.534359207384307977e-01 3.127847050125587280e+00
7.142629535146289843e-01 -4.407198226083159504e-02 6.984884293372453090e-01 2.196249153689956213e+00 1.269325898249588913e-02 9.986669419301482664e-01 5.003219181199518306e-02 3.923640497007689631e-02 -6.997623336602302180e-01 -2.687004610319202250e-02 7.138702156314735703e-01 3.375807325192250019e+00
6.726535453362877393e-01 -4.595009780302338614e-02 7.385294765676013728e-01 2.480688681460242684e+00 1.184775088501871868e-02 9.986109017763522555e-01 5.134099334327350828e-02 5.204199485623137861e-02 -7.398627230348459038e-01 -2.578478741965677459e-02 6.722635677733102000e-01 3.560387179745743147e+00
6.294611401542750118e-01 -4.626944626305588837e-02 7.756531452205780441e-01 2.822869505185692685e+00 7.466158153185253193e-03 9.985396074749630646e-01 5.350615605555841814e-02 8.474810890161819932e-02 -7.769961008050645379e-01 -2.788889640780593815e-02 6.288873337322297141e-01 3.801519394618194880e+00
5.879005738998122066e-01 -4.724234373413106758e-02 8.075525156811822480e-01 3.140695486796190039e+00 4.569518832080688049e-03 9.984712351866864566e-01 5.508458908837624707e-02 1.019326579903167135e-01 -8.089202968823058226e-01 -2.869413454862963092e-02 5.872176858418863832e-01 4.008446413415572174e+00
5.478169741682342719e-01 -4.809933010000298076e-02 8.352143472543120950e-01 3.532306321041875474e+00 2.395022596784772764e-03 9.984319315682891327e-01 5.592800592625851025e-02 1.185574143939723685e-01 -8.365947880808909387e-01 -2.863795315084715146e-02 5.470731574822083054e-01 4.212645435099141800e+00
5.089863892693371472e-01 -5.071795462215521882e-02 8.592790771821955387e-01 3.984160756652455504e+00 1.557615032941083930e-03 9.983152653371579754e-01 5.800176535566967106e-02 1.298095217730166062e-01 -8.607731657176435069e-01 -2.818368248695168193e-02 5.082078801063194540e-01 4.419664972033467976e+00
4.719717755126527359e-01 -5.066688900392212619e-02 8.801565182856938563e-01 4.378638815026305586e+00 -1.289683451393103470e-03 9.983064498663816178e-01 5.815985583511949775e-02 1.579027777061318139e-01 -8.816127232959696247e-01 -2.858493307430246683e-02 4.711071221729943304e-01 4.623324214956966216e+00
4.351498669695468835e-01 -5.001400648761353956e-02 8.989678409249496349e-01 4.826736006506973098e+00 -2.435926742972919015e-03 9.983869089117205498e-01 5.672430111925483298e-02 1.836571763672598667e-01 -9.003547490418212229e-01 -2.687339121024733338e-02 4.343260988865539352e-01 4.797686781388213362e+00
4.021915524628953409e-01 -4.872196577551765606e-02 9.142582300686112884e-01 5.339353908311305297e+00 -1.223177092217561483e-03 9.985535532183864582e-01 5.375225722764351982e-02 1.961675524767510503e-01 -9.155547356634585743e-01 -2.273700277100472456e-02 4.015502069170702182e-01 4.990118025736480334e+00
3.719130545283389488e-01 -4.708740708590085366e-02 9.270725115068176869e-01 5.844473732090830431e+00 3.992828879231169665e-04 9.987206243704155328e-01 5.056634251661355078e-02 2.205925987159447765e-01 -9.282674915397542970e-01 -1.843611792348721912e-02 3.714560379304770454e-01 5.159559151184159198e+00
3.463468047981229092e-01 -4.515370140066587296e-02 9.370192203633758155e-01 6.389409949233451513e+00 1.285146676455565639e-03 9.988628451465858538e-01 4.765883916461876452e-02 2.462863326629701755e-01 -9.381056736310984245e-01 -1.530227870050495514e-02 3.460109826673796185e-01 5.337972773227769530e+00
3.261600207896558357e-01 -4.455535852617759085e-02 9.442639704439830250e-01 6.982115439793205702e+00 2.284405269088153872e-03 9.989228628931045018e-01 4.634539295870245684e-02 2.666967999744188078e-01 -9.453118206379608202e-01 -1.295893188379394073e-02 3.259104829037419160e-01 5.522496972148299932e+00
3.107269422574584494e-01 -4.508060668498219126e-02 9.494295608843232870e-01 7.546026098508313851e+00 3.648693460189138260e-03 9.989238552340408139e-01 4.623654879668463030e-02 3.000686300073168167e-01 -9.504922253498419016e-01 -1.090276311511875415e-02 3.105570390716872464e-01 5.716774177525984157e+00
2.993564500312668186e-01 -4.670464218730867312e-02 9.529975744541513416e-01 8.164385806125899592e+00 4.554957161426663806e-03 9.988598316275717481e-01 4.752145923165857627e-02 3.143919930440583488e-01 -9.541304860215418238e-01 -9.884991310962886607e-03 2.992278695862190530e-01 5.903965339417904801e+00
2.892528441869185452e-01 -4.856335855648719751e-02 9.560200713975836040e-01 8.782410140209577776e+00 3.218535379907050929e-03 9.987559962479374276e-01 4.976043558836742986e-02 3.466811378025423940e-01 -9.572473292811098933e-01 -1.131636220777747920e-02 2.890493141141688982e-01 6.072655087000913277e+00
2.785896896784375021e-01 -5.015801476021727878e-02 9.590995479216146702e-01 9.473871998048343457e+00 1.647982065315142927e-03 9.986588068630809500e-01 5.174815544084891000e-02 3.820186122043145449e-01 -9.604088115522850799e-01 -1.283592283022778543e-02 2.782987052664004923e-01 6.276335234413755515e+00
2.675058650270596972e-01 -5.182187218930199568e-02 9.621616756477683330e-01 1.017364574270133559e+01 1.019185976252325867e-03 9.985673659409322056e-01 5.349931680301202308e-02 4.100114839498495978e-01 -9.635557014901591222e-01 -1.333075845070294529e-02 2.671754417941162307e-01 6.455916599958507085e+00
2.572949737172370299e-01 -5.396990344352381452e-02 9.648246111421092674e-01 1.086823477549742734e+01 -6.427158146508812333e-05 9.984382004616771944e-01 5.586730428168225349e-02 4.382951560591237805e-01 -9.663329182465010270e-01 -1.443638651308212957e-02 2.568896604664687722e-01 6.652784465662321622e+00
2.472091492659766465e-01 -5.556863080486246220e-02 9.673674317103324594e-01 1.158950392547502872e+01 -2.620711149978021391e-04 9.983503432460142379e-01 5.741535872395711615e-02 4.660623938791290666e-01 -9.689621171289369839e-01 -1.444712016456023256e-02 2.467867747381835009e-01 6.839388968425985205e+00
2.376602556128209753e-01 -5.682801012794286982e-02 9.696845694450945130e-01 1.239013665945620879e+01 -6.785337009230850251e-04 9.982772028895061656e-01 5.866997307278554175e-02 4.979846729802386851e-01 -9.713481143004337737e-01 -1.460148357240532817e-02 2.372122541359641401e-01 7.021200677617712493e+00
2.268803266017212494e-01 -5.953428433252987151e-02 9.721013169140045873e-01 1.311775345172371310e+01 -2.314978934633032514e-03 9.980941283568601774e-01 6.166645577872265083e-02 5.279043098624212060e-01 -9.739199017409035930e-01 -1.624129882359192853e-02 2.263100998485518267e-01 7.201890449549756212e+00
2.155780600855010942e-01 -6.286831390667264874e-02 9.744607016064749105e-01 1.389839223778928101e+01 -3.798036544815022383e-03 9.978637845927498251e-01 6.521841971892945733e-02 5.713377394456082836e-01 -9.764792326174399628e-01 -1.776069689427301618e-02 2.148787613972382715e-01 7.375485592881419805e+00
2.019745304199275227e-01 -6.674181238910381619e-02 9.771140175480249601e-01 1.470899107802882710e+01 -4.394464316671522174e-03 9.976035416729018834e-01 6.904970872190764608e-02 6.139838731039860553e-01 -9.793809241712138070e-01 -1.824017430900128425e-02 2.011972109971056355e-01 7.545865467428508389e+00
1.904131886882129421e-01 -6.932925573851848877e-02 9.792529068274171689e-01 1.547123931958562082e+01 -4.968594760173821248e-03 9.974223609903182242e-01 7.158174913596078437e-02 6.577886574193264613e-01 -9.816914727083900782e-01 -1.849561909462228357e-02 1.895779018809107264e-01 7.695332557313613542e+00
1.759538403000180107e-01 -6.980749295332604187e-02 9.819201309459766325e-01 1.629926027865917249e+01 -5.964113632121148013e-03 9.973885384518377251e-01 7.197591723253927987e-02 6.904798119864370420e-01 -9.843803596442298742e-01 -1.852072140871223807e-02 1.750780024203667795e-01 7.824475846802719126e+00
1.609084892527757882e-01 -6.904528012750033028e-02 9.845512636795767936e-01 1.707924047925973099e+01 -7.475164778691768472e-03 9.974361491629883947e-01 7.117057121067131564e-02 7.178638409170268186e-01 -9.869410301970162891e-01 -1.881163114498798569e-02 1.599798176669701977e-01 7.954231821871873720e+00
1.453785107687899925e-01 -6.828969823568507846e-02 9.870165090055404988e-01 1.785175690156000172e+01 -8.109999234950560423e-03 9.974992995100694371e-01 7.020951035289318964e-02 7.620348304539841244e-01 -9.893428797282071141e-01 -1.821165630413045661e-02 1.444611318768484198e-01 8.046181138617765072e+00
1.254809431047115287e-01 -6.696247887426425016e-02 9.898335933597186553e-01 1.867385687823372820e+01 -1.107825649597389897e-02 9.975627674213416451e-01 6.888974705992878533e-02 8.072740814869688863e-01 -9.920341840714276271e-01 -1.960997999037733183e-02 1.244332879633509581e-01 8.141406913396240341e+00
1.007082641890278685e-01 -6.546278962144590208e-02 9.927600172072658102e-01 1.951683093776463807e+01 -1.490852167302485209e-02 9.976216821636689769e-01 6.729572966114662214e-02 8.460925216782670955e-01 -9.948043017517812503e-01 -2.157781949158276216e-02 9.949279312398295883e-02 8.280868098118652654e+00
6.859607051411054091e-02 -6.497073445983238271e-02 9.955266775415346769e-01 2.035429287230375195e+01 -1.917463232730364647e-02 9.976069827680209556e-01 6.642771552367182641e-02 8.909234281274472922e-01 -9.974602397654105390e-01 -2.364553742295618169e-02 6.718612760013077667e-02 8.306781990610387467e+00
3.618740533775337970e-02 -6.494323339564909980e-02 9.972325861834934191e-01 2.120539920614904972e+01 -2.217170770532578272e-02 9.975883896455814970e-01 6.577096784354309611e-02 9.297422633449564655e-01 -9.990990463482682937e-01 -2.449042924166717344e-02 3.466023163583418359e-02 8.329997242289200798e+00
1.524750051792338494e-03 -6.420011613785826798e-02 9.979358711680695881e-01 2.203638261823788724e+01 -2.424110938162737233e-02 9.976414135212808842e-01 6.421821111775602442e-02 9.692010974775053800e-01 -9.997049870186056619e-01 -2.428898847778639819e-02 -3.512963399824516752e-05 8.337879342083752476e+00
-3.212888991252060150e-02 -6.332305444743546730e-02 9.974757680830013129e-01 2.288996000192414115e+01 -2.439081797616488370e-02 9.977434705352685729e-01 6.255441632145072872e-02 9.920025781368162487e-01 -9.991860886163853595e-01 -2.231944506708980619e-02 -3.360089261350473339e-02 8.271503195379684925e+00
-6.559625428470430841e-02 -6.127903199311525440e-02 9.959628478861886069e-01 2.371184050858171233e+01 -2.746575973491831302e-02 9.978452549422203166e-01 5.958589800348790960e-02 1.026298063641989611e+00 -9.974681852654203595e-01 -2.344626370524544381e-02 -6.713798764043088507e-02 8.212696951982477955e+00
-9.700492541566153870e-02 -5.829274254630577995e-02 9.935753536381418671e-01 2.452913058575353844e+01 -2.904110319246034147e-02 9.980240848674888365e-01 5.571840241567457830e-02 1.065638082172677414e+00 -9.948601287570353335e-01 -2.344956404261697158e-02 -9.850613885510629830e-02 8.187909489512348316e+00
-1.287791726348884724e-01 -5.388890651900403450e-02 9.902080050514154852e-01 2.537598062457293935e+01 -2.682916793604850705e-02 9.983462454230535021e-01 5.084260041156286880e-02 1.091089402206095516e+00 -9.913103133213113649e-01 -2.001898795377378068e-02 -1.300119993954765574e-01 8.010508565961380611e+00
-1.606172064745863548e-01 -4.865254147874638335e-02 9.858169333698664216e-01 2.619412746130809211e+01 -2.171858851740480698e-02 9.987167687548736961e-01 4.575061457902725170e-02 1.110321040595702691e+00 -9.867778030283181900e-01 -1.406221548118299046e-02 -1.614677633641930787e-01 7.852572013251480243e+00
-1.916957059792022133e-01 -4.230478572619584404e-02 9.805422196322662876e-01 2.708902659281607939e+01 -1.691520277172875106e-02 9.990645997081494256e-01 3.979700409471709915e-02 1.122388431900911643e+00 -9.813086408697633267e-01 -8.957154694863321553e-03 -1.922319891610326237e-01 7.703872039448485864e+00
-2.219607514214614052e-01 -3.627810685322528650e-02 9.743804734448561211e-01 2.790211041873932629e+01 -1.140164912655833654e-02 9.993358550725858214e-01 3.460998651889275052e-02 1.136521877716905715e+00 -9.749889452652305000e-01 -3.427484634977228523e-03 -2.222269689243763502e-01 7.490070344786733614e+00
-2.481568539191812972e-01 -2.994229850266956483e-02 9.682569999890786594e-01 2.868234461366330379e+01 -2.446120700975747044e-03 9.995383801270916191e-01 3.028272009079530092e-02 1.158364946984288490e+00 -9.687167843384683064e-01 5.146392150193103247e-03 -2.481155436174099227e-01 7.279316441364996670e+00
-2.744701170869102147e-01 -2.014626581637449926e-02 9.613845569887535802e-01 2.948332587386235559e+01 3.401953954312786008e-03 9.997539058003018786e-01 2.192155403274559725e-02 1.163380661720113896e+00 -9.615896199382302223e-01 9.287398620609460184e-03 -2.743340362633257534e-01 7.009158374034180738e+00
-2.997099835755325237e-01 -5.217372309264408856e-03 9.540160840408489218e-01 3.029329330837762058e+01 7.721190541159859283e-03 9.999390307157874913e-01 7.894178351662674634e-03 1.156907237662612831e+00 -9.539991217571759385e-01 9.732105140846412233e-03 -2.996514274865374472e-01 6.733438474530919926e+00
-3.240818931763031485e-01 1.132232808003692977e-02 9.459612653174392927e-01 3.103800864230637302e+01 8.593881962656917117e-03 9.999223535562045129e-01 -9.023970144710638519e-03 1.125606197569927858e+00 -9.459900035234778404e-01 5.204975181381071327e-03 -3.241540334507853616e-01 6.453980873997435808e+00
-3.505046871452726087e-01 2.560455779679483498e-02 9.362109032041264767e-01 3.183333798803238324e+01 8.409696120816909787e-03 9.996719658801948016e-01 -2.419168511749807474e-02 1.088788398995813145e+00 -9.365232276987770499e-01 -6.060488376598297195e-04 -3.506050375165307154e-01 6.202640140939062796e+00
-3.745621521645411400e-01 3.629589529534627684e-02 9.264911153420477552e-01 3.260714662412931375e+01 1.260871471981858845e-02 9.993405110407346248e-01 -3.405236085549688541e-02 1.052244037964385370e+00 -9.271160816555544804e-01 -1.072862437493728258e-03 -3.747727784548826602e-01 5.883822046807372530e+00
-3.987138202642154794e-01 4.113209606660039874e-02 9.161525119575741893e-01 3.338622685723630212e+01 1.612571551215295079e-02 9.991536679482148076e-01 -3.784057466643612339e-02 1.001593704146247488e+00 -9.169336207496429081e-01 -3.139443489539325101e-04 -3.990396617492675269e-01 5.539256604026520314e+00
-4.212654991210197375e-01 4.026834726507485390e-02 9.060429486063837912e-01 3.409392966139439096e+01 1.878580715932243184e-02 9.991869141493432416e-01 -3.567357572604475807e-02 9.649113855239418447e-01 -9.067427895406372507e-01 1.992702405404428619e-03 -4.216794487874644948e-01 5.179653282959248983e+00
-4.420626397268653807e-01 3.725553230988064290e-02 8.962101502541878206e-01 3.485631800242647671e+01 2.222674327923301191e-02 9.992852583886360218e-01 -3.057685742765763395e-02 9.382299426100670914e-01 -8.967087641974837986e-01 6.402947638978849845e-03 -4.425747495785881669e-01 4.824434569852397381e+00
-4.593513702129849441e-01 3.610828285418482553e-02 8.875204202691900912e-01 3.556168860745569305e+01 2.934465075507452364e-02 9.992449044673512581e-01 -2.546590503353373183e-02 9.081482047507594135e-01 -8.877698030491416592e-01 1.434617948136222149e-02 -4.600641022458445972e-01 4.376476740012343214e+00
-4.731531508499894900e-01 3.669016465369100144e-02 8.802158335730518868e-01 3.627598772118304993e+01 3.273824955509462009e-02 9.991745484146262735e-01 -2.405054600849930099e-02 8.526818927660886338e-01 -8.803716917676375209e-01 1.743713510231904851e-02 -4.739637588387006772e-01 4.000250523733247299e+00
-4.835412786993356082e-01 3.993793059926287886e-02 8.744099608742332830e-01 3.695356372206981632e+01 3.506544511390698865e-02 9.990404930998565414e-01 -2.623942927769819591e-02 7.950970717729722859e-01 -8.746189221462252750e-01 1.797372840727363627e-02 -4.844777600520367433e-01 3.582758384430494658e+00
-4.934264268362053563e-01 4.229587806303745923e-02 8.687585431779237810e-01 3.764599319707873804e+01 3.640076535867186464e-02 9.989460652191102241e-01 -2.795966747477599337e-02 7.551706466540566431e-01 -8.690255220797507008e-01 1.782743816128111794e-02 -4.944459911211601666e-01 3.177813854799609761e+00
-5.042032776409340888e-01 4.174804390967425810e-02 8.625752965216453294e-01 3.835954227593281729e+01 3.038093410551156656e-02 9.990700200931115216e-01 -3.059564906782916149e-02 6.987639719511590242e-01 -8.630504422794114117e-01 1.077941772964566280e-02 -5.050027245107893137e-01 2.801753294485725743e+00
-5.162843599942422701e-01 4.067460961910657202e-02 8.554507715143915281e-01 3.905493528321646579e+01 2.911906296066873318e-02 9.991276952537205824e-01 -2.993206807368268066e-02 6.815465399646294387e-01 -8.559220477565968599e-01 9.456467276555198531e-03 -5.170184104207669051e-01 2.402759956126374163e+00
-5.246031253187477539e-01 4.191902882322830898e-02 8.503142612008443013e-01 3.972951744149013109e+01 3.089640706829403435e-02 9.990665324440227701e-01 -3.019065630028822458e-02 6.465226539181896381e-01 -8.507860981555274149e-01 1.043354391351261796e-02 -5.254085738986237208e-01 1.959371189507867594e+00
-5.316223700530690044e-01 4.489686246682789844e-02 8.457907036623995012e-01 4.041016493330782566e+01 3.468359315351834948e-02 9.989104467148953725e-01 -3.122447359929676758e-02 5.977432123806512010e-01 -8.462710651814298046e-01 1.273543302999593715e-02 -5.326003248577114713e-01 1.512807979501818556e+00
-5.353362538079856625e-01 4.789904863314260047e-02 8.432797658975567101e-01 4.110907405326359765e+01 3.560089832175745289e-02 9.987830718284564924e-01 -3.413138448488312743e-02 5.612944801831798447e-01 -8.438884304590207330e-01 1.174975071176962566e-02 -5.363900383890417567e-01 1.073562982348227557e+00
-5.350857014515744137e-01 4.898292295580832650e-02 8.433765187812332087e-01 4.181666235103892149e+01 3.440906016729475270e-02 9.987528770246036913e-01 -3.617605773619502613e-02 5.069664449998604328e-01 -8.440967482181839232e-01 9.662503145790188319e-03 -5.361038413123202506e-01 6.340621860147210853e-01
-5.318973837501265178e-01 5.036485368107663368e-02 8.453097312167415778e-01 4.255575138871488861e+01 3.705442819118805187e-02 9.986578824654593900e-01 -3.618567503024042176e-02 4.719652929241969774e-01 -8.459977270890661760e-01 1.207540387638729798e-02 -5.330497569915271239e-01 1.768600077124079795e-01
-5.264900586749109435e-01 4.903964383567620960e-02 8.487657617783530561e-01 4.330779604321985943e+01 3.573395256781686236e-02 9.987292468991497696e-01 -3.553837307121736344e-02 4.297851059342431279e-01 -8.494299939281466649e-01 1.161915636796397033e-02 -5.275734013043928972e-01 -2.610465398307222351e-01
-5.192491115017459080e-01 4.782518882935434673e-02 8.532837150138310456e-01 4.407212376530264919e+01 3.352797930672479082e-02 9.988043044760751554e-01 -3.557858773201225122e-02 3.830771009152875717e-01 -8.539650149645847677e-01 1.013472968092136300e-02 -5.202317308082798908e-01 -6.955963627619001777e-01
-5.113631584720790269e-01 4.709775698168266328e-02 8.580731368000182879e-01 4.483352625783119549e+01 3.170759988182657307e-02 9.988512142631785773e-01 -3.592881598879638094e-02 3.388042711945620789e-01 -8.587795761385595972e-01 8.834767868497361148e-03 -5.122690698131884268e-01 -1.205648918699923522e+00
-5.046675937212361518e-01 4.580707112889410848e-02 8.620976270817630738e-01 4.564676447779439172e+01 2.875021840236981208e-02 9.989292055633117728e-01 -3.624730558425193899e-02 2.946919818396488977e-01 -8.628348955873682558e-01 6.492655558797098825e-03 -5.054441629844826922e-01 -1.673571176551685191e+00
-5.010968444929855270e-01 4.342183072404606770e-02 8.643011532620286097e-01 4.646292433817948364e+01 2.456518846191356117e-02 9.990516462152265742e-01 -3.594940422878372538e-02 2.408411613099427639e-01 -8.650424939161436289e-01 3.217588654633874411e-03 -5.016882940774428645e-01 -2.099817313757132986e+00
-4.996477715777865591e-01 4.086026078176435011e-02 8.652644277285922447e-01 4.728494625011612129e+01 2.028869775544112075e-02 9.991648570216399294e-01 -3.546769229920185285e-02 2.128490439028668246e-01 -8.659910423665820867e-01 -1.662640388167903641e-04 -5.000594969502183407e-01 -2.535438147771040374e+00
-4.995699325957256853e-01 3.832267540282140866e-02 8.654254684474325110e-01 4.812882673294169678e+01 1.725101459828657854e-02 9.992629918408117984e-01 -3.429104254423306214e-02 1.565833238247044124e-01 -8.661017823014947048e-01 -2.201305510607775868e-03 -4.998628517312985742e-01 -3.033401614899787546e+00
-5.005893294984746777e-01 3.721613053855116898e-02 8.648845410090707508e-01 4.898127114137483318e+01 1.659584346890279755e-02 9.993044448063894691e-01 -3.339467827801980565e-02 1.292057308532938431e-01 -8.655258017635456547e-01 -2.363530235952367425e-03 -5.008587762856778758e-01 -3.529038413807407348e+00
-5.016101074124296177e-01 3.655727325471745670e-02 8.643210354875920931e-01 4.986202290862220110e+01 1.635761835466450695e-02 9.993289087542777116e-01 -3.277438661423075911e-02 6.766719074509898457e-02 -8.649391543870732502e-01 -2.301729044130911353e-03 -5.018714724019667228e-01 -4.028348608414354715e+00
-5.017618138057230448e-01 3.622641209802555246e-02 8.642469067039895148e-01 5.074438642322142812e+01 1.651767160085658090e-02 9.993417420634082005e-01 -3.229936628921070002e-02 3.437273476126145172e-02 -8.648481144436072077e-01 -1.931241112090593308e-03 -5.020299023050917020e-01 -4.520416718205622075e+00
-5.013028110034257745e-01 3.547818387426617676e-02 8.645442594886965093e-01 5.163515829090794540e+01 1.649156456139898308e-02 9.993693141226042131e-01 -3.144840627026797980e-02 -2.036619248942961313e-02 -8.651147509505074940e-01 -1.507486073730439661e-03 -5.015717383777344995e-01 -5.049829562159792395e+00
-5.017137022694534432e-01 3.513691930559242893e-02 8.643198159992334650e-01 5.249467517353759405e+01 1.592238845808309836e-02 9.993805379989940674e-01 -3.138499297578658392e-02 -7.039409402144014560e-02 -8.648871896542114079e-01 -1.984244243946439896e-03 -5.019623745911669932e-01 -5.563516149340887118e+00
-5.019891921319572514e-01 3.352190229302448587e-02 8.642239984655796237e-01 5.337664115807397280e+01 1.392140136522301667e-02 9.994323019143813713e-01 -3.068009855229993782e-02 -1.276830840246331866e-01 -8.647618503909357823e-01 -3.369867831112631322e-03 -5.021708869018038923e-01 -6.054933852429638108e+00
-5.021335076804350761e-01 3.306637364253473682e-02 8.641577065992745998e-01 5.431372325681885371e+01 1.416184714848587115e-02 9.994491426135849732e-01 -3.001421974975061746e-02 -1.667507425124807874e-01 -8.646741553161815252e-01 -2.833075181410377175e-03 -5.023251858747954657e-01 -6.555858663259860997e+00
-5.013131278773292898e-01 3.224049209806472555e-02 8.646650709659697842e-01 5.522784193602793579e+01 1.264480400897780542e-02 9.994718383778543602e-01 -2.993581795454042932e-02 -2.225794060380251183e-01 -8.651735485370930512e-01 -4.073697280254458784e-03 -5.014560294435599364e-01 -7.098383389297165280e+00
-5.001272024968190788e-01 3.052091701473322663e-02 8.654139133309293186e-01 5.608148985234151240e+01 1.189659292947459895e-02 9.995265355746378866e-01 -2.837561869056310845e-02 -2.626921899169393226e-01 -8.658702355207494872e-01 -3.895940850732221728e-03 -5.002535062020297962e-01 -7.616546844106721892e+00
-4.984735723538121777e-01 2.850857124412499791e-02 8.664360019297063786e-01 5.700246493191242081e+01 1.278567464456898534e-02 9.995921861663580321e-01 -2.553405286362558230e-02 -3.155295544149026021e-01 -8.668106117133587141e-01 -1.650080802133579126e-03 -4.986347904713157031e-01 -8.103433108654833461e+00
-4.961054493335339544e-01 2.672295454163933076e-02 8.678509395111507763e-01 5.788950446062158761e+01 1.215516372584266730e-02 9.996420654955938678e-01 -2.383260087784083020e-02 -3.840339620778925322e-01 -8.681771982551428346e-01 -1.274611977725354168e-03 -4.962526991844042334e-01 -8.629494969051386022e+00
-4.930936020746012338e-01 2.634203876752884768e-02 8.695773587813678818e-01 5.879121919921088590e+01 1.191666564575513156e-02 9.996522222358343868e-01 -2.352504277198312968e-02 -4.417684655685377715e-01 -8.698946517603194373e-01 -1.237584509621090676e-03 -4.932360255762762713e-01 -9.127090016536683947e+00
-4.913000703054924978e-01 2.710618946628477743e-02 8.705684819132407659e-01 5.967597749225716797e+01 1.327486810216923531e-02 9.996325582879505012e-01 -2.363316025905965942e-02 -4.788085420685848637e-01 -8.708892187375086857e-01 -5.429058238216813578e-05 -4.914793784816854361e-01 -9.634956146438918623e+00
-4.900910758271777024e-01 2.763880678312340827e-02 8.712329309808709565e-01 6.054172303327905524e+01 1.350569702871916820e-02 9.996179738977704066e-01 -2.411436053588888670e-02 -5.150206013401885663e-01 -8.715666045014250907e-01 -5.162394736750253117e-05 -4.902771308206218537e-01 -1.012025010014466986e+01
-4.906156137087726576e-01 2.833034342897621308e-02 8.709154364845560492e-01 6.146931851408781711e+01 1.243491030393308917e-02 9.995971926142990238e-01 -2.551128182861732777e-02 -5.680786106904112120e-01 -8.712873837734415039e-01 -1.686476928287973954e-03 -4.907702766212371781e-01 -1.064165338283036633e+01
-4.941686755328162373e-01 3.045233671449671872e-02 8.688325279661643918e-01 6.232637048513043965e+01 1.247397675380030983e-02 9.995318120034422105e-01 -2.793844436374454121e-02 -5.998117898170948203e-01 -8.692765569680881432e-01 -2.968506378089954406e-03 -4.943171746539662958e-01 -1.111699505343056948e+01
-4.973732584016903324e-01 3.130422468081469484e-02 8.669716683600666718e-01 6.319301502252400837e+01 1.091045066367734608e-02 9.994954359449976788e-01 -2.983011179765496929e-02 -6.610874277603026039e-01 -8.674680491555475381e-01 -5.377647400130314455e-03 -4.974638461529292677e-01 -1.157862890451210269e+01
-5.034853838184677466e-01 2.945788167201416827e-02 8.635014116852858246e-01 6.407497271574472109e+01 9.984507266996570790e-03 9.995502478810474045e-01 -2.827740363110022373e-02 -7.130307095107361048e-01 -8.639460574587698449e-01 -5.615622415356209297e-03 -5.035530638491632072e-01 -1.205751301820616916e+01
-5.088795027981650732e-01 2.827548188046803690e-02 8.603732535006350934e-01 6.491902718278413431e+01 1.457184725161576183e-02 9.996001474496283290e-01 -2.423234326953064774e-02 -7.642900879942927661e-01 -8.607144271459885587e-01 2.058857718899078108e-04 -5.090880532450937634e-01 -1.258290575298569891e+01
-5.150304030759206286e-01 2.601603086171268633e-02 8.567770052529964930e-01 6.579529981720411058e+01 1.117561344005663787e-02 9.996581483135537072e-01 -2.363666969696359352e-02 -8.008884021454624191e-01 -8.570990617542418866e-01 -2.598593996116948645e-03 -5.151450853738185343e-01 -1.305996806524806786e+01
-5.196779992750345523e-01 2.883935865601855095e-02 8.538753159742381582e-01 6.657848045407489224e+01 1.121027564222304256e-02 9.995742572733901099e-01 -2.693759260279705511e-02 -9.178452260048405309e-01 -8.542886624501615511e-01 -4.426695683605728036e-03 -5.197800485082922917e-01 -1.359995451480588180e+01
-5.238873425970314024e-01 2.987075311617522905e-02 8.512636355546604472e-01 6.743904642363426660e+01 1.201453999110225004e-02 9.995446335602929944e-01 -2.767989029756285496e-02 -9.052198238523787577e-01 -8.517028325750731765e-01 -4.273602290952660879e-03 -5.240076664390980188e-01 -1.415038673477969411e+01
-5.292476387924492931e-01 2.958460317983346854e-02 8.479514579407730901e-01 6.831187203521059814e+01 1.052811227032534637e-02 9.995439601702883481e-01 -2.830248255401450821e-02 -9.541161711598120654e-01 -8.484020907010044743e-01 -6.051693045254204380e-03 -5.293177520065587283e-01 -1.466230614954763034e+01
-5.327041880562108922e-01 3.001910740506863809e-02 8.457689331114122133e-01 6.915754377435011691e+01 9.889038822318566707e-03 9.995232735326740059e-01 -2.924777868634070160e-02 -9.918600735819531611e-01 -8.462437395304496235e-01 -7.216571526518728540e-03 -5.327470951794072151e-01 -1.516841497131734862e+01
-5.359346866105453300e-01 2.964827457903113084e-02 8.437386909213873132e-01 6.994680988019371171e+01 1.065512308800153907e-02 9.995411256152887391e-01 -2.835500899428180718e-02 -1.029972368753653278e+00 -8.441922125513866559e-01 -6.206292388534469760e-03 -5.360046671134728324e-01 -1.567710681739942302e+01
-5.388351660442786129e-01 2.376986175917938232e-02 8.420757950480702858e-01 7.078954122878154465e+01 1.214805961178320147e-02 9.997171466971874754e-01 -2.044630103804686433e-02 -1.097951657098821254e+00 -8.423236314602319252e-01 -7.875981416340712554e-04 -5.389715136202686274e-01 -1.621472683648854485e+01
-5.420161866747688073e-01 1.730884059826261201e-02 8.401897669985757267e-01 7.157060166938822476e+01 1.331757344395478188e-02 9.998392304822504295e-01 -1.200647342078421838e-02 -1.143235914370492212e+00 -8.402625227816075126e-01 4.681586960470518824e-03 -5.421595599314006364e-01 -1.670057074148958876e+01
-5.425484254985242227e-01 1.483647587067294174e-02 8.398934885621394120e-01 7.243084745179717743e+01 1.401643709160316567e-02 9.998647110505916036e-01 -8.608081295922652768e-03 -1.166155565901507707e+00 -8.399075883930134934e-01 7.102014286676183903e-03 -5.426829804038566518e-01 -1.722672584572182686e+01
-5.435650845677973964e-01 1.907848901284649526e-02 8.391501637224516585e-01 7.325012410924405515e+01 1.351008572157085148e-02 9.998110015262002825e-01 -1.397994235822812813e-02 -1.199103838043407366e+00 -8.392582963327306356e-01 3.737983054827601938e-03 -5.437201047987573199e-01 -1.775980113229507751e+01
-5.448608009757583970e-01 2.264024616388786437e-02 8.382208026655635358e-01 7.405421293169858643e+01 1.232596204371413061e-02 9.997436766750456005e-01 -1.899082901670419085e-02 -1.256228746912953387e+00 -8.384359186824038579e-01 -1.547958908874472937e-05 -5.450002044377461052e-01 -1.824244798606567031e+01
-5.464733555775279639e-01 2.879306392728010755e-02 8.369813727669029868e-01 7.479304870691677820e+01 2.017953887159089355e-02 9.995713497789254776e-01 -2.121091411926574050e-02 -1.264949513007395998e+00 -8.372333422222679733e-01 5.298699698746038925e-03 -5.468201415839338830e-01 -1.879176664084375759e+01
-5.458246249509510761e-01 2.901474534047079196e-02 8.373969253488302567e-01 7.562030355435354068e+01 2.225190551882162693e-02 9.995497347453971004e-01 -2.012909421541870039e-02 -1.321662951261205032e+00 -8.376039296596822226e-01 7.646722951403686630e-03 -5.462244936382156801e-01 -1.933388951646767850e+01
-5.454124897611153377e-01 2.593658724016923225e-02 8.377663735653745336e-01 7.641269822124439770e+01 2.123106751136680237e-02 9.996279086803240288e-01 -1.712559267630960058e-02 -1.377408405422606785e+00 -8.378988419123130083e-01 8.446163292962719643e-03 -5.457602091219955209e-01 -1.986025615853310811e+01
-5.453577584356152919e-01 2.165715765442499663e-02 8.379235466627296125e-01 7.718886140757952319e+01 2.003757615809080225e-02 9.997173188803928356e-01 -1.279757161839244033e-02 -1.405296081541383302e+00 -8.379638550389829632e-01 9.810702922552856295e-03 -5.456375542188390826e-01 -2.037210571205633158e+01
-5.437222194780904072e-01 1.760989141776172356e-02 8.390804651228749300e-01 7.800356284169211563e+01 1.914791439816026022e-02 9.997798916643277911e-01 -8.574705028002822457e-03 -1.447442939477520785e+00 -8.390467906793951380e-01 1.140438430133106085e-02 -5.439397355591143457e-01 -2.086342677368129372e+01
-5.436572114726763161e-01 1.102984157525374598e-02 8.392348694977266321e-01 7.882978281421898714e+01 1.091806031756255117e-02 9.999219786833823953e-01 -6.068977378705849371e-03 -1.487861136845663568e+00 -8.392363456829025070e-01 5.863374592628390995e-03 -5.437352202766481124e-01 -2.138245753294395257e+01
-5.416519375802822944e-01 5.987141409826282797e-03 8.405815366662613419e-01 7.963382093538787387e+01 3.264199869944308611e-03 9.999820765957295743e-01 -5.019111609589056895e-03 -1.487782298207737997e+00 -8.405965352690575321e-01 2.521555037688998262e-05 -5.416617737408059297e-01 -2.186273835182450753e+01
-5.392843475421239541e-01 6.282111749530395160e-03 8.421002996416520059e-01 8.040687011161405451e+01 6.256968170261069905e-03 9.999744636789228425e-01 -3.452872527866590775e-03 -1.509639618390586913e+00 -8.421005014125059196e-01 3.406915630683812844e-03 -5.393098843604089421e-01 -2.236149098697184812e+01
-5.361220245027482623e-01 9.838916369929354144e-03 8.440831461432072302e-01 8.122220381613563234e+01 1.135672343881798281e-02 9.999256430310992094e-01 -4.442209168122222655e-03 -1.550460006660222545e+00 -8.440641038238799743e-01 7.204453679521341525e-03 -5.361938991327478421e-01 -2.284009371368963315e+01
-5.318431354770131181e-01 1.263115052487441374e-02 8.467486759625744153e-01 8.202234124589455178e+01 1.171494494889911697e-02 9.999028164558348974e-01 -7.557624554905780813e-03 -1.574883172709836021e+00 -8.467618620844921118e-01 5.900144374397460478e-03 -5.319394234997160131e-01 -2.340939856212929726e+01
-5.237013553606759686e-01 1.423152592817618876e-02 8.517830362737641714e-01 8.278331457981281005e+01 1.672896088358954980e-02 9.998394512400475831e-01 -6.419780673734311327e-03 -1.593517843670717360e+00 -8.517376615948375473e-01 1.088739829361723248e-02 -5.238553555959949426e-01 -2.384236835231231311e+01
-5.150551149474268398e-01 1.525573022343014278e-02 8.570212820778232432e-01 8.361014302842320944e+01 2.262911561325589918e-02 9.997351213713131513e-01 -4.196449229085132474e-03 -1.615028462327155800e+00 -8.568583102033419108e-01 1.723223213496101469e-02 -5.152639127435205690e-01 -2.435479341886241755e+01
-5.054004426921501203e-01 1.440389158228995263e-02 8.627646880477469749e-01 8.437506521863895159e+01 2.062005958151973475e-02 9.997767452031882662e-01 -4.612251047044454641e-03 -1.630082819731011767e+00 -8.626385210054258179e-01 1.545922663988783322e-02 -5.055846199352379555e-01 -2.479922196922740696e+01
-4.942853179881048775e-01 1.257601658972343217e-02 8.692087519985548516e-01 8.519677366695614751e+01 1.678602140248333305e-02 9.998469969925097844e-01 -4.920575420026271525e-03 -1.686349080291853708e+00 -8.691376567420957544e-01 1.215838959238942606e-02 -4.944207933538976585e-01 -2.527382278303410601e+01
-4.833209047159902072e-01 9.896910130749175458e-03 8.753873087828031307e-01 8.605410608964547237e+01 1.854505361153874210e-02 9.998274588427298326e-01 -1.064659242757326528e-03 -1.700288464557572432e+00 -8.752468204478166536e-01 1.571953360720567891e-02 -4.834210519276880835e-01 -2.570676366544403990e+01
-4.728390991116664388e-01 7.560953088030225068e-03 8.811163398306965933e-01 8.679841103494293009e+01 1.788413788959816383e-02 9.998395482130840728e-01 1.017551135536885320e-03 -1.703757842929362942e+00 -8.809672847501457404e-01 1.623914519453195648e-02 -4.728984535997351468e-01 -2.612096175354876948e+01
-4.609487980076480418e-01 7.980688801218615430e-03 8.873908383666716526e-01 8.761710516830208917e+01 1.778600709490177345e-02 9.998417859881070235e-01 2.468062982104530980e-04 -1.747478564191718542e+00 -8.872484863932714738e-01 1.589690592875740369e-02 -4.610178152843814048e-01 -2.654999264764727229e+01
-4.479309848400365168e-01 9.251352352116671771e-03 8.940202631391716004e-01 8.846358764011380060e+01 2.128401888835739983e-02 9.997734189430057539e-01 3.182439608786038522e-04 -1.744708236573312199e+00 -8.938147663878486249e-01 1.917089664705973542e-02 -4.480263993795414734e-01 -2.695058919760905169e+01
