1 0 0 0 0 1 0 0 0 0 1 0
0.99988896 -0.0018053438 0.014792071 0.08418068 0.00179215 0.99999798 0.00090516859 -0.012834325 -0.014793676 -0.00087855847 0.99989018 0.33304155
0.99981328 -0.002219018 0.019195864 0.0060135964 0.0021985094 0.99999699 0.0010894301 -0.008890258 -0.019198226 -0.0010470244 0.99981515 0.60195535
0.99981972 -0.0067195192 0.017758687 0.045704056 0.0067320744 0.99997713 -0.00064727319 -0.013777535 -0.017753933 0.00076670934 0.99984209 0.87943192
0.99977048 -0.0073924585 0.02010823 0.056953846 0.007422974 0.99997141 -0.0014433209 -0.030461778 -0.020096987 0.0015922525 0.99979677 1.2329207
0.99985734 -0.010120793 0.013523185 0.057921981 0.010169316 0.99994208 -0.0035241449 -0.028300857 -0.013486736 0.0036611638 0.99990235 1.549477
0.99993936 -0.010915709 0.0014544065 0.04494971 0.01092236 0.99992956 -0.0046457517 -0.028643449 -0.0014035925 0.0046613557 0.99998815 1.8742024
0.99983311 -0.011004749 -0.014582301 0.068334281 0.010928552 0.99992626 -0.0052948047 -0.038614535 0.014639495 0.0051345577 0.99987965 2.1955467
0.99944738 -0.0062499741 -0.032647705 -0.0917034 0.0060703587 0.99996591 -0.0055978635 -0.046671598 0.032681581 0.0053965868 0.99945125 2.5440195
0.99852856 -0.002652024 -0.054163465 0.0064784252 0.0023019154 0.99997606 -0.0065252925 -0.045999392 0.054179478 0.0063910113 0.99851076 2.8927691
0.99729656 -0.0025342238 -0.073438099 -0.043341161 0.0020137022 0.99997233 -0.0071610728 -0.04758522 0.073454221 0.0069938309 0.99727407 3.1846757
0.99534804 -0.0033053584 -0.096287889 -0.11973315 0.0027705203 0.99997999 -0.0056877396 -0.065722902 0.09630477 0.005394513 0.99533728 3.4477852
0.99290075 -0.0046917694 -0.11885318 -0.25002388 0.0041274463 0.99997901 -0.0049937801 -0.06267636 0.11887413 0.0044677679 0.99289928 3.8116239
0.99117543 -0.003472151 -0.13251115 -0.25599406 0.0028582099 0.99998428 -0.0048230594 -0.079412316 0.13252583 0.0044017533 0.99116978 4.3550759
0.98847736 -0.0026572316 -0.15134545 -0.34419865 0.0020890808 0.99999016 -0.0039128796 -0.07800573 0.15135437 0.00355162 0.98847319 4.6493004
0.98673409 -0.0016618527 -0.1623363 -0.42736231 0.0010318774 0.99999161 -0.0039649188 -0.085820289 0.16234154 0.0037448093 0.98672752 5.1872176
0.98496365 -0.0037090512 -0.17272188 -0.52797736 0.0029167539 0.99998403 -0.0048407043 -0.099074387 0.1727371 0.0042641305 0.98495874 5.6045147
0.98309014 -0.0060098042 -0.18302364 -0.58843876 0.0048226986 0.99996435 -0.0069304861 -0.11281696 0.18305878 0.0059306246 0.98308408 6.0739217
0.98169669 -0.0055496055 -0.19037018 -0.73044258 0.0039599026 0.99995405 -0.0087299779 -0.12485645 0.19040989 0.007816343 0.98167356 6.5376443
0.97941471 -0.0052615976 -0.20178985 -0.86140045 0.0032981034 0.9999439 -0.010065381 -0.11940882 0.20183151 0.0091926581 0.97937712 6.9340389
0.97859877 -0.0058992045 -0.20569308 -0.94499578 0.0032030576 0.99990457 -0.013438145 -0.12842989 0.20575274 0.012491706 0.97852428 7.495133
0.97631388 -0.0096278182 -0.21614462 -0.99350434 0.0065860766 0.99986895 -0.014788611 -0.14963583 0.2162587 0.013014781 0.97624935 7.9290666
0.97426603 -0.016008023 -0.22483201 -1.1500963 0.012673926 0.99978739 -0.016264787 -0.16072233 0.22504459 0.012996726 0.97426178 8.4603278
0.97156228 -0.016821232 -0.23618591 -1.3309652 0.012835867 0.99974828 -0.018401415 -0.1808573 0.23643601 0.01484647 0.97153363 8.8974422
0.97024998 -0.012696426 -0.24177216 -1.4328367 0.0073470411 0.99970814 -0.023014453 -0.1898173 0.24199381 0.020553463 0.97006008 9.530978
0.96803598 -0.0099925521 -0.25061222 -1.5983504 0.0036744526 0.99966382 -0.025665909 -0.2049004 0.25078446 0.023924661 0.96774727 10.04465
0.9660894 -0.012616572 -0.25789936 -1.7867522 0.0056204578 0.99959641 -0.027846582 -0.23003407 0.25814663 0.025452775 0.96577041 10.629134
0.96418478 -0.014557178 -0.26483163 -1.9237201 0.0068836548 0.99952978 -0.029880185 -0.26513836 0.2651421 0.026987011 0.96383161 11.253866
0.96125988 -0.013604091 -0.27530778 -2.0739169 0.0049133761 0.99946832 -0.032232387 -0.27435266 0.27559992 0.02963101 0.96081564 11.723563
0.95884888 -0.014048084 -0.28356916 -2.2831986 0.0040809195 0.99935389 -0.03570918 -0.30745325 0.28388761 0.033082485 0.95828669 12.369203
0.95711304 -0.0147645 -0.28933828 -2.5053074 0.0029879132 0.99915052 -0.041101327 -0.33954226 0.28969936 0.038474099 0.9563441 12.977557
0.95536972 -0.01596638 -0.29498095 -2.7118706 0.001940552 0.998856 -0.047779932 -0.37672194 0.29540639 0.045075075 0.95430776 13.628705
0.95327311 -0.016375755 -0.30166571 -2.93414 -0.00055923702 0.99843249 -0.055966557 -0.41551398 0.30210937 0.053520117 0.95176969 14.17942
0.95267236 -0.016317495 -0.3035607 -3.1232 -0.0035887725 0.99788514 -0.064902703 -0.4636819 0.30397779 0.062920423 0.95059904 14.897657
0.95038205 -0.015952741 -0.31067581 -3.3544781 -0.0074298416 0.99723538 -0.073935029 -0.50419054 0.3109964 0.072574798 0.94763608 15.455542
0.94920921 -0.013692562 -0.31434754 -3.6076839 -0.012526414 0.99661616 -0.081236249 -0.56799066 0.3143962 0.081047845 0.94582572 16.09366
0.94769885 -0.014414649 -0.31884024 -3.8210283 -0.014206367 0.99608439 -0.087258634 -0.62816264 0.31884961 0.08722447 0.94378325 16.774059
0.94658171 -0.012550017 -0.32221973 -4.0700103 -0.018519847 0.99547721 -0.093178038 -0.70343724 0.32193181 0.094168088 0.94206809 17.458583
0.94458421 -0.010914186 -0.3280877 -4.313018 -0.022758801 0.99486496 -0.09861919 -0.77447293 0.32747933 0.10062101 0.93948534 18.1261
0.94239296 -0.0070731298 -0.33443307 -4.6078434 -0.028612766 0.99440777 -0.10165873 -0.84856992 0.33328191 0.10537153 0.9369205 18.748091
0.94064015 -0.0071876511 -0.33932938 -4.82518 -0.029557256 0.99424269 -0.10299435 -0.92452313 0.33811607 0.10691027 0.93501215 19.394736
0.93906498 -0.0051169291 -0.34370157 -5.1046942 -0.031925506 0.99426894 -0.10202958 -1.0169783 0.34225391 0.10678525 0.93351978 20.168941
0.93695974 -0.0068836967 -0.34936949 -5.3721905 -0.030270224 0.99444872 -0.10077429 -1.092229 0.34812377 0.10499695 0.93155005 20.888158
0.93419 -0.0063349389 -0.35671964 -5.5943043 -0.030816304 0.99467295 -0.098367089 -1.1733889 0.35544256 0.10288633 0.9290183 21.451046
0.93116094 -0.0045249781 -0.36458033 -5.9711694 -0.0325994 0.99488503 -0.095608884 -1.2636577 0.36314817 0.10091236 0.92625057 22.264042
0.92774688 -0.002238072 -0.3732033 -6.2752749 -0.034031967 0.99530854 -0.090568922 -1.3453013 0.37165516 0.096725879 0.92331823 23.088267
0.92394151 -0.0019129746 -0.38252898 -6.5903859 -0.032913406 0.99588164 -0.084477667 -1.4207883 0.38111522 0.090642756 0.92007342 23.808068
0.92042711 0.0019289689 -0.39090946 -6.9455918 -0.036228326 0.99610513 -0.080387093 -1.4936337 0.38923188 0.088152457 0.91691205 24.48621
0.91742977 0.0034782794 -0.39788252 -7.308846 -0.03800028 0.99615706 -0.078911918 -1.5750234 0.39607904 0.087515792 0.91403632 25.196111
0.91188882 0.0046370567 -0.41041109 -7.6293509 -0.040203537 0.99613668 -0.078072965 -1.6448712 0.40846355 0.087693843 0.90855233 25.937795
0.90971527 0.0020557455 -0.41522751 -8.0295958 -0.037353774 0.99633845 -0.076905014 -1.7090791 0.41354907 0.085471981 0.9064611 26.720153
0.90606067 0.004447078 -0.42312442 -8.4200187 -0.040027704 0.99636161 -0.075241764 -1.7943553 0.42125036 0.085110303 0.90294207 27.529772
0.9010343 0.0045716892 -0.43372373 -8.8234603 -0.040067174 0.99654631 -0.072732923 -1.8630099 0.43189331 0.082912944 0.89810558 28.265963
0.89771614 0.0057697402 -0.44053653 -9.281956 -0.040144745 0.99682584 -0.068750614 -1.9328097 0.43874156 0.079403763 0.89509827 29.079509
0.89465847 0.0076253944 -0.44668564 -9.6385963 -0.040071174 0.9971939 -0.063234664 -2.0025559 0.44495004 0.074472647 0.89245353 29.916763
0.89142872 0.0083644726 -0.45308371 -10.100862 -0.039335923 0.99748401 -0.058977493 -2.0761666 0.45145048 0.070396698 0.88951492 30.750107
0.88727748 0.0067357396 -0.46118682 -10.512578 -0.037210904 0.99767941 -0.057018728 -2.1361793 0.45973257 0.067752613 0.88546912 31.581816
0.88284141 0.0054261962 -0.46963985 -10.875923 -0.035637181 0.99782456 -0.055462893 -2.1854275 0.46831726 0.065701579 0.88111422 32.256696
0.87962464 0.006764155 -0.47562034 -11.324843 -0.036717009 0.9978811 -0.053713768 -2.2425261 0.47424927 0.064711311 0.87800917 33.065996
0.87714465 0.00338323 -0.48021432 -11.801474 -0.032558671 0.99809323 -0.052438842 -2.3069173 0.47912129 0.061631591 0.8755823 33.967264
0.87547431 0.0009984005 -0.48326362 -12.324921 -0.03012805 0.99816543 -0.052517429 -2.3638651 0.48232464 0.060537451 0.87389827 34.732648
0.87183994 -0.00048590171 -0.48979063 -12.778703 -0.029130299 0.99817787 -0.052842931 -2.4144726 0.48892388 0.060338326 0.87023718 35.561112
0.87016079 0.0007748475 -0.49276727 -13.278173 -0.030993681 0.99810484 -0.053161211 -2.4811078 0.49179225 0.061531473 0.86853571 36.448724
0.86968888 0.003643525 -0.49358683 -13.804203 -0.033785061 0.99806703 -0.05216105 -2.5456658 0.49244273 0.062039747 0.86813089 37.243307
0.8704385 0.0027371697 -0.49226954 -14.313365 -0.031739967 0.9982159 -0.050572702 -2.6020246 0.4912529 0.059645047 0.86897243 38.17956
0.86911271 0.00041445369 -0.49461389 -14.824287 -0.028958958 0.99832685 -0.050048808 -2.6609492 0.49376563 0.057821559 0.86767056 39.02125
0.86805801 -0.0016002814 -0.49646019 -15.353474 -0.027151954 0.99834512 -0.050693093 -2.7214716 0.49571977 0.057484411 0.86657802 39.880673
0.86760046 -0.0033255035 -0.49725081 -15.87199 -0.025610001 0.99835173 -0.051360941 -2.7897077 0.49660205 0.05729537 0.86608526 40.863372
0.86482877 -0.0025861521 -0.50206025 -16.316869 -0.025719058 0.99844562 -0.049445684 -2.8556741 0.50140777 0.055674567 0.86341798 41.73568
0.86491208 -0.0038663178 -0.50190847 -16.940296 -0.022177353 0.99869936 -0.045910259 -2.9165692 0.50143322 0.050839339 0.8637014 42.703428
0.86370387 -0.0038774038 -0.5039847 -17.538726 -0.019799276 0.99893747 -0.041616331 -2.9811464 0.5036106 0.045922718 0.86270939 43.600126
0.85856095 -0.0037095196 -0.51269808 -18.005464 -0.019092618 0.99904893 -0.039200783 -3.044221 0.51235593 0.04344501 0.85767357 44.522053
0.85178536 -0.0088604224 -0.52381598 -18.596132 -0.015073765 0.99902851 -0.041410394 -3.095805 0.52367405 0.043168647 0.85082429 45.36993
0.84791159 -0.0094521414 -0.53005336 -19.189099 -0.01698719 0.99884319 -0.044985737 -3.1612716 0.52986544 0.047148045 0.84677016 46.290044
0.84188833 -0.0094069184 -0.53956976 -19.743641 -0.0175307 0.99884363 -0.044767021 -3.2305426 0.53936698 0.047147869 0.84074988 47.243756
0.83365016 -0.009719195 -0.55220732 -20.280492 -0.014608682 0.99910726 -0.039639184 -3.2660885 0.55209965 0.041112234 0.83276394 48.032073
0.82838347 -0.0048609427 -0.56014031 -20.956014 -0.017318777 0.99926206 -0.034284166 -3.3461782 0.55989366 0.038101381 0.82768799 48.954992
0.82593785 -0.0015419318 -0.56375904 -21.511505 -0.022505976 0.99910892 -0.035705136 -3.4131786 0.56331179 0.042178171 0.82516717 49.947938
0.82173783 -0.0049617419 -0.56984409 -22.109905 -0.022028143 0.99893817 -0.040463402 -3.448471 0.56943983 0.045802915 0.82075599 50.71344
0.81854495 -0.0055511217 -0.57441564 -22.707984 -0.026278298 0.99854462 -0.047096574 -3.519038 0.57384113 0.053645329 0.81720778 51.582346
0.8153289 -0.0061842571 -0.57896504 -23.310894 -0.030563937 0.9980891 -0.053702895 -3.5966251 0.57819085 0.061480974 0.81358187 52.447307
0.81211033 -0.012955689 -0.58336003 -23.926767 -0.016833816 0.99881715 -0.045617247 -3.6294775 0.58326106 0.046866414 0.81093163 53.294833
0.80811258 -0.007110667 -0.58898512 -24.619498 -0.019975397 0.99902115 -0.039468017 -3.7050421 0.58868929 0.043659813 0.80717952 54.151916
0.80388491 -0.005512759 -0.5947593 -25.263074 -0.020115561 0.99913303 -0.036449323 -3.7596823 0.59444465 0.041264978 0.80307708 54.983641
0.80163991 -0.0029811252 -0.59779974 -25.88088 -0.023696454 0.99904318 -0.036758622 -3.8180358 0.59733739 0.043632913 0.80080225 55.825777
0.79451659 -0.0050107572 -0.60722175 -26.529017 -0.023103283 0.99899253 -0.038473011 -3.8673965 0.60680282 0.044596261 0.79360037 56.649077
0.79425002 -0.0071778961 -0.60754865 -27.184956 -0.022556085 0.9988926 -0.041289068 -3.9295146 0.60717227 0.046497762 0.79320856 57.540522
0.79525483 -0.0058318138 -0.60624724 -28.008991 -0.024900847 0.99879579 -0.042272041 -3.9985941 0.60576376 0.048713115 0.79415196 58.420459
0.7877068 -0.0062340092 -0.61601875 -28.588104 -0.024193273 0.99886438 -0.041044423 -4.0634335 0.61557511 0.047234481 0.78666144 59.290095
0.78095552 -0.009715437 -0.62451105 -29.200912 -0.019606243 0.99900494 -0.040059134 -4.0992279 0.62427887 0.043528718 0.77998794 60.046686
0.77487748 -0.010653418 -0.63202165 -29.843404 -0.019444242 0.99898309 -0.040678177 -4.1651559 0.63181235 0.043809785 0.77388235 60.84001
0.77164926 -0.0068478507 -0.63601139 -30.621421 -0.02569746 0.99878996 -0.041931621 -4.2484445 0.63552899 0.048700382 0.77053956 61.802153
0.76332359 -0.0097821128 -0.64594223 -31.398728 -0.022999214 0.99883999 -0.042305032 -4.3102629 0.64560682 0.047148593 0.76221315 62.561484
0.75913127 -0.011969127 -0.65082748 -32.034095 -0.021677461 0.99881152 -0.043653565 -4.3617749 0.65057654 0.047247075 0.7579696 63.454019
0.75531409 -0.010913487 -0.65527207 -32.739114 -0.024833409 0.99866664 -0.045257473 -4.4286341 0.65489233 0.050456247 0.75403597 64.270983
0.75086991 -0.01357651 -0.66031055 -33.413542 -0.021174379 0.99877987 -0.04461408 -4.4797602 0.66011065 0.047481037 0.74966627 65.033873
0.74638163 -0.016219365 -0.66532049 -34.093054 -0.017510712 0.99887827 -0.043995103 -4.5302622 0.66528781 0.044487372 0.74526039 65.792279
0.74184954 -0.01884189 -0.67030158 -34.777623 -0.013842629 0.99896185 -0.043400578 -4.5801648 0.67042351 0.041475435 0.74081857 66.546165
0.73243043 -0.02341945 -0.68043894 -35.638228 -0.0090776073 0.99898348 -0.044154378 -4.6406851 0.68078139 0.038516768 0.73147331 67.358764
0.73203556 -0.015500823 -0.68109003 -36.378607 -0.020829841 0.99876445 -0.045118638 -4.7429047 0.68094794 0.047215445 0.73080821 68.174396
0.73154728 -0.0075880151 -0.68174846 -37.120133 -0.032579571 0.99840671 -0.04607186 -4.8463416 0.68101189 0.055914817 0.7301345 68.988832
0.73096566 0.00031787275 -0.68241415 -37.862816 -0.044325161 0.9979103 -0.047013914 -4.9509761 0.68097322 0.064613674 0.72945225 69.802061
0.72301489 -0.014187366 -0.69068672 -38.710225 -0.02330748 0.99871897 -0.044913047 -4.9339668 0.69043919 0.04857097 0.72175801 70.599451
0.71465958 -0.028502526 -0.69889144 -39.5676 -0.0022547648 0.99907037 -0.043050203 -4.9160892 0.69946882 0.032342076 0.71393095 71.386098
0.71013979 -0.018683531 -0.70381274 -40.421584 -0.021129893 0.99863199 -0.047829694 -5.0453959 0.7037436 0.048837257 0.70877353 72.066618
0.70793221 -0.018014766 -0.70605057 -41.13315 -0.025205541 0.99839344 -0.05074656 -5.1447846 0.70583051 0.053721512 0.70634081 73.061567
0.70467475 -0.019124912 -0.70927265 -42.132048 -0.024607855 0.99837654 -0.051368674 -5.1987548 0.70910365 0.053651887 0.70306012 73.704637
0.69504028 -0.012075837 -0.71886935 -42.901444 -0.034432181 0.9981526 -0.050058162 -5.314153 0.71814586 0.059544679 0.69334046 74.518199
0.69086518 -0.017218166 -0.72277853 -43.596614 -0.025547659 0.99851062 -0.048206341 -5.3546546 0.72253212 0.051769382 0.68939633 75.336655
0.68338157 -0.021222096 -0.72975284 -44.572427 -0.020897823 0.99859918 -0.048610367 -5.4187679 0.72976226 0.048469675 0.68198078 76.103613
0.67580693 -0.0251917 -0.73664803 -45.555952 -0.016251941 0.99866352 -0.049061701 -5.483932 0.73689953 0.045128198 0.67449431 76.860567
0.67132408 -0.024195506 -0.74076887 -46.370488 -0.017742513 0.99865595 -0.048697998 -5.5670413 0.74095157 0.04583524 0.6699925 77.738211
0.6695041 -0.022053547 -0.74248088 -47.18425 -0.021385081 0.9985726 -0.048943302 -5.6520328 0.7425005 0.048645756 0.66807683 78.493208
0.66530505 -0.026249988 -0.74610997 -48.188607 -0.016392661 0.99862709 -0.049751471 -5.7200369 0.74639167 0.045330632 0.66396134 79.270384
0.66190473 -0.031402068 -0.7489299 -49.064498 -0.011965557 0.99855219 -0.052443708 -5.8024759 0.7494925 0.043674102 0.66057068 80.161877
0.65908001 -0.036884316 -0.75116778 -50.0002 -0.0065766021 0.99847579 -0.054798148 -5.8696075 0.7520441 0.041056496 0.65783287 80.878032
0.65356827 -0.038961856 -0.75586404 -50.896974 -0.0033237554 0.99851676 -0.054343592 -5.9620635 0.7568603 0.038029555 0.65246937 81.77244
0.64405124 -0.04366774 -0.76373495 -51.863691 0.0029451423 0.99850356 -0.054607389 -6.0434078 0.76497671 0.032920648 0.64321607 82.501187
0.6368254 -0.044631611 -0.76971512 -52.763744 0.0057701476 0.99857105 -0.053127783 -6.1178173 0.77098648 0.029391752 0.63617295 83.207162
0.62484299 -0.044911158 -0.77945761 -53.599231 0.0086766936 0.99868197 -0.050586961 -6.1970317 0.78070225 0.024845793 0.62440911 84.085641
0.61271245 -0.045120442 -0.78901683 -54.448198 0.011622041 0.99877537 -0.048090505 -6.2727624 0.7902205 0.020295665 0.61248649 84.95141
0.60553011 -0.046102754 -0.79448585 -55.256004 0.0072986584 0.99860032 -0.052384404 -6.3533625 0.79578896 0.025921653 0.60501905 85.573882
0.59830117 -0.047135774 -0.79988366 -56.069341 0.0029363032 0.99839051 -0.056637131 -6.4383303 0.80126596 0.031537361 0.59747662 86.18852
0.585389 -0.045638005 -0.80946701 -57.191743 0.00084748425 0.99844831 -0.055679947 -6.52378 0.81075216 0.031908418 0.58451933 86.934581
0.58054535 -0.049462399 -0.81272413 -58.374346 0.0086440602 0.99847131 -0.054592346 -6.5913539 0.81418206 0.024668097 0.58008544 87.66661
0.56931904 -0.043770128 -0.82095064 -59.106274 0.0020541187 0.99865432 -0.051820142 -6.6841961 0.82211415 0.027815863 0.56864282 88.341644
0.55283261 -0.047465388 -0.83193935 -60.28449 0.0068490782 0.99860149 -0.052422828 -6.7718994 0.83326422 0.023283031 0.55238456 89.170348
0.5466839 -0.05015232 -0.83583575 -61.382556 0.0085145667 0.99848604 -0.054342752 -6.8380689 0.83729581 0.022591528 0.54628326 89.740635
0.53628874 -0.049297001 -0.84259369 -62.402078 0.0047638856 0.99845378 -0.055383703 -6.9300276 0.84402118 0.025687636 0.53569437 90.373413
0.52963223 -0.051297134 -0.84667482 -63.570838 0.0053484061 0.99835179 -0.05714106 -7.0219868 0.84821056 0.025735386 0.52903364 91.049127
0.52294197 -0.053297393 -0.85070032 -64.744703 0.0059190609 0.99824618 -0.058902756 -7.1163532 0.85234777 0.025767376 0.52234029 91.715599
0.51621839 -0.055297648 -0.85466992 -65.923596 0.0064758128 0.99813695 -0.060668675 -7.2131319 0.85643254 0.025783603 0.51561475 92.372785
0.51407999 -0.046266002 -0.85649352 -67.105332 0.0013367595 0.99858622 -0.053139211 -7.3150207 0.85774124 0.026172879 0.51341504 92.944051
0.50533244 -0.05088581 -0.86142306 -68.189516 0.0081545517 0.99849684 -0.054199339 -7.3900862 0.86288625 0.020364166 0.5049878 93.644424
0.49195903 -0.053149209 -0.86899448 -69.338189 0.0086825514 0.99838473 -0.056147536 -7.4819789 0.87057509 0.020077197 0.49162585 94.330021
0.48980544 -0.055049206 -0.87009204 -70.300706 0.0091453787 0.99827406 -0.058010803 -7.5566092 0.87178384 0.020456685 0.48946351 94.895963
0.48134606 -0.057294538 -0.87465607 -71.59561 0.0091331382 0.99813508 -0.060356853 -7.6651067 0.8764831 0.021064179 0.48097167 95.523101
0.47674048 -0.059445601 -0.87703174 -72.590229 0.0097267231 0.99800645 -0.062358029 -7.772233 0.87899031 0.021197952 0.47636828 96.061567
0.47212065 -0.061597067 -0.87937923 -73.587427 0.01030978 0.99787336 -0.064362007 -7.8816311 0.88147369 0.021320426 0.47175168 96.594782
0.4673949 -0.059113363 -0.88207004 -74.795532 0.013626798 0.99812512 -0.05967036 -7.9582565 0.88394366 0.015869831 0.46732412 97.272815
0.46266457 -0.056599713 -0.88472476 -76.007463 0.016968634 0.99834245 -0.05499463 -8.0282827 0.88637105 0.010431496 0.4628581 97.944704
0.45792996 -0.054056273 -0.88734323 -77.223171 0.020335078 0.99852534 -0.050335107 -8.0917315 0.88875571 0.0050057589 0.45835391 98.610395
0.45319136 -0.0514832 -0.88992528 -78.442605 0.023725923 0.99867378 -0.045692082 -8.1486253 0.89109749 -0.00040704288 0.45381181 99.269833
0.44844906 -0.048880655 -0.89247076 -79.665715 0.027140957 0.99878775 -0.041065842 -8.1989866 0.89339626 -0.0058065732 0.4492321 99.922966
0.44370337 -0.046248799 -0.8949795 -80.892449 0.030579969 0.99886725 -0.036456674 -8.2428386 0.89565186 -0.011192497 0.44461505 100.56974
0.451176 -0.054109943 -0.89079305 -81.768648 0.026040972 0.99853339 -0.047465035 -8.4706634 0.89205501 -0.0017820323 0.45192338 100.85607
0.44529902 -0.055526087 -0.89365853 -82.897213 0.026517104 0.99845532 -0.048824328 -8.6003087 0.89498921 -0.0019558119 0.44608357 101.42003
0.44147 -0.055647798 -0.89554871 -83.947497 0.033036216 0.99840634 -0.045753644 -8.66781 0.89666767 -0.0093866803 0.44260484 102.02035
0.43913446 -0.055907494 -0.89668011 -84.948287 0.038492238 0.99831626 -0.043393505 -8.7142794 0.89759643 -0.015459642 0.44054707 102.49623
0.44031953 -0.05627894 -0.89607551 -86.052044 0.038276259 0.99830281 -0.04389099 -8.8152231 0.89702492 -0.01497236 0.44172637 102.95463
0.44150391 -0.056649731 -0.89546917 -87.155152 0.038060933 0.99828904 -0.044388748 -8.9167446 0.89645175 -0.014484587 0.44290465 103.41447
0.43661544 -0.06009616 -0.89763876 -88.004272 0.041735398 0.99804521 -0.046518007 -8.9592876 0.89867969 -0.017152832 0.43827008 103.87819
0.4317023 -0.063527536 -0.89977625 -88.855679 0.045397757 0.99778288 -0.048665846 -9.0037466 0.90087304 -0.019838667 0.43362917 104.33753
0.42676472 -0.066943699 -0.90188156 -89.709343 0.049047841 0.99750208 -0.050832165 -9.0501402 0.9030317 -0.02254197 0.42898214 104.79246
0.44357512 -0.062351017 -0.89406565 -90.900288 0.041098209 0.99794278 -0.049205117 -9.1790436 0.89529443 -0.014918332 0.44522511 105.37202
0.45316786 -0.058893398 -0.88947759 -92.276853 0.032434216 0.99824385 -0.049570478 -9.276358 0.89083499 -0.0063857622 0.45428219 105.87679
0.45547935 -0.058749419 -0.88830569 -93.146375 0.031428367 0.99825929 -0.049906447 -9.3543742 0.88969145 -0.0051866413 0.45653289 106.46348
0.46318348 -0.058802007 -0.88430952 -94.181622 0.032829896 0.99825009 -0.04918283 -9.4314554 0.88565418 -0.0062511158 0.46430342 106.9716
0.46956836 -0.057834427 -0.88099981 -95.044957 0.031498902 0.99831436 -0.048746947 -9.5000673 0.88233408 -0.0048605036 0.47059856 107.43331
0.48338593 -0.058277217 -0.87346537 -96.179931 0.032120667 0.99829051 -0.048829542 -9.5898197 0.87481791 -0.0044527773 0.48443149 108.04633
0.49131486 -0.057100695 -0.86910825 -97.133382 0.028225007 0.99836841 -0.049637275 -9.7285314 0.87052462 -0.00014305597 0.49212491 108.65379
0.49896925 -0.056934704 -0.8647474 -98.02198 0.02762955 0.99837745 -0.049790296 -9.7357035 0.86617917 0.00095124436 0.49973273 109.09672
0.51027835 -0.057482686 -0.85808606 -98.988569 0.024509445 0.99833047 -0.052302538 -9.8103554 0.85966002 0.0056576391 0.5108353 109.6977
0.52004809 -0.060607863 -0.85198392 -99.941451 0.027419006 0.99814981 -0.054269246 -9.8908309 0.85369681 0.0048620656 0.52074772 110.21997
0.53247994 -0.057922469 -0.84445843 -100.91601 0.023390229 0.99828181 -0.053724516 -9.9827707 0.84611942 0.0088551506 0.53291986 110.86618
0.54580127 -0.053679755 -0.83619339 -101.75877 0.018928999 0.99848105 -0.051742512 -10.039309 0.83770085 0.012412824 0.54598833 111.4568
0.55835065 -0.05331536 -0.82789007 -102.68362 0.021156493 0.99852334 -0.050035496 -10.11725 0.82933528 0.010422101 0.55865412 112.01232
0.5690376 -0.053258025 -0.82058499 -103.47803 0.022735702 0.99853794 -0.049041464 -10.1882 0.82199717 0.0092498609 0.5694165 112.56423
0.58137777 -0.051854776 -0.81197962 -104.35409 0.019639978 0.99857064 -0.049708649 -10.262934 0.81339671 0.012952241 0.5815652 113.21091
0.59085578 -0.053127373 -0.80502601 -105.29263 0.019534208 0.99847899 -0.051556927 -10.343351 0.80654071 0.014737162 0.59099489 113.92291
0.60129705 -0.053831934 -0.79721009 -106.11559 0.020017067 0.99842966 -0.052321461 -10.40749 0.79877483 0.015502931 0.60143036 114.45008
0.61217586 -0.052171882 -0.78899858 -106.90607 0.018748111 0.99849811 -0.051478401 -10.478162 0.79049939 0.016721601 0.61223456 115.05663
0.62154766 -0.050976208 -0.78171598 -107.69299 0.019112938 0.99857029 -0.049920593 -10.550255 0.78314319 0.016087139 0.62163333 115.75954
0.63222215 -0.048237265 -0.77328408 -108.52232 0.019251734 0.99872993 -0.046560674 -10.618079 0.77454798 0.014549629 0.63234783 116.33129
0.64212963 -0.048621153 -0.76505259 -109.18593 0.020739175 0.99872315 -0.046064588 -10.678405 0.76631552 0.013712877 0.64231809 116.9482
0.65248679 -0.046889913 -0.75634799 -110.09107 0.017386122 0.99874739 -0.046918831 -10.767493 0.75760066 0.017463959 0.65248471 117.76897
0.66043781 -0.046062075 -0.74946657 -110.82061 0.015330774 0.9987358 -0.047872477 -10.826677 0.75072426 0.020126891 0.66030905 118.36512
0.66983635 -0.046315126 -0.74106284 -111.46022 0.01622801 0.99872746 -0.047750441 -10.893944 0.74233144 0.019959006 0.66973556 118.95077
0.67837092 -0.044051586 -0.73339779 -112.26003 0.015152624 0.99882748 -0.045978916 -10.960418 0.73456337 0.020077858 0.67824301 119.69112
0.68746484 -0.042812179 -0.7249546 -112.9284 0.015758061 0.99890517 -0.044047164 -11.022014 0.72604671 0.018856997 0.68738681 120.27898
0.69570775 -0.040858382 -0.71716195 -113.56338 0.014366929 0.99897277 -0.042976662 -11.072239 0.71818128 0.019595781 0.69558011 120.92876
0.70459996 -0.040945892 -0.70842239 -114.24828 0.01462506 0.99895972 -0.043192424 -11.141964 0.70945405 0.02007266 0.70446582 121.56837
0.71054371 -0.040084424 -0.70251038 -115.0114 0.014738398 0.9990049 -0.042095122 -11.209006 0.70349872 0.019556546 0.71042743 122.33096
0.71890255 -0.037892114 -0.69407728 -115.54978 0.014246046 0.99910654 -0.039789144 -11.257915 0.6949649 0.01871666 0.71880005 122.88772
0.72566206 -0.035978124 -0.68710996 -116.23738 0.014085924 0.99919947 -0.037443355 -11.321907 0.68790711 0.017492644 0.72558794 123.64044
0.73289324 -0.033844522 -0.67950129 -116.88246 0.012302551 0.99925786 -0.036501695 -11.374762 0.68023245 0.018392246 0.73276571 124.2761
0.7393089 -0.03315302 -0.67254977 -117.44065 0.012089271 0.99927975 -0.035969734 -11.425751 0.67325793 0.018462107 0.73917721 124.94791
0.74765749 -0.029465757 -0.66343048 -118.0312 0.008817887 0.99936756 -0.034448767 -11.472385 0.66402602 0.019905824 0.74744447 125.55142
0.75697241 -0.027041252 -0.65288705 -118.66191 0.0082395499 0.99945894 -0.031842428 -11.52247 0.65339491 0.018724344 0.75678565 126.25003
0.76751295 -0.022828775 -0.64062678 -119.28496 0.0055458956 0.99956475 -0.028975204 -11.557405 0.64100947 0.018685995 0.7673055 126.98036
0.77656874 -0.021066682 -0.6296802 -119.80669 0.0045525763 0.99960235 -0.027828279 -11.60971 0.63001611 0.018743904 0.77635585 127.59531
0.78711473 -0.020905784 -0.6164522 -120.36734 0.0040059509 0.99957763 -0.028783759 -11.651245 0.61679363 0.020186643 0.78686603 128.29161
0.79519935 -0.021443955 -0.60596875 -120.81486 0.003951891 0.9995365 -0.030185508 -11.70036 0.60633523 0.021608774 0.79491552 128.91828
0.80455484 -0.020399258 -0.59352789 -121.33521 0.0031177426 0.9995412 -0.030127487 -11.743658 0.59387021 0.022388748 0.80424931 129.59043
0.81467583 -0.019160482 -0.57959998 -121.85371 0.0031065384 0.99958388 -0.02867786 -11.781638 0.57990833 0.02156261 0.81439635 130.32491
0.82477729 -0.016984365 -0.56520255 -122.30495 0.0028799735 0.99966201 -0.025837265 -11.818584 0.5654504 0.019682221 0.82454744 130.98305
0.83381426 -0.015904415 -0.55181591 -122.77098 0.0033437025 0.99971207 -0.023761201 -11.856741 0.55203498 0.01796732 0.83362737 131.72596
0.8422733 -0.014887859 -0.53884507 -123.26301 0.0039407092 0.99976188 -0.021462867 -11.891118 0.53903634 0.015954168 0.84213141 132.43417
0.84989284 -0.014113827 -0.52676649 -123.6484 0.0046856274 0.99980414 -0.019228219 -11.919466 0.52693475 0.013873694 0.84979251 133.15938
0.85665907 -0.01430906 -0.51568446 -124.04705 0.0060056701 0.99982413 -0.017766159 -11.949061 0.51584802 0.012122511 0.85659435 133.87532
0.8634507 -0.014401224 -0.5042276 -124.53137 0.0063938414 0.99982454 -0.01760699 -11.986616 0.50439273 0.011978817 0.86339128 134.5484
0.86929855 -0.013266806 -0.49410931 -124.93315 0.005303592 0.99983254 -0.017514707 -12.008361 0.49425897 0.012604955 0.86922333 135.32506
0.8753092 -0.011911109 -0.4834169 -125.35329 0.0044411433 0.99985244 -0.016594327 -12.045207 0.48354327 0.012378243 0.87523294 136.09395
0.88177401 -0.010765397 -0.47154923 -125.73795 0.0035164484 0.99986176 -0.016251105 -12.065985 0.47165903 0.012671624 0.88168997 136.80842
0.8869887 -0.011209317 -0.46165504 -126.12279 0.0041580201 0.99985869 -0.016288387 -12.091886 0.46177242 0.012528045 0.88690997 137.57828
0.89233046 -0.012493633 -0.45120975 -126.46919 0.0052647154 0.99983695 -0.017272966 -12.121752 0.45135202 0.013037703 0.89225075 138.3184
0.89601782 -0.013048412 -0.4438263 -126.88138 0.005699881 0.99982376 -0.017887444 -12.15243 0.44398152 0.013497711 0.89593428 139.07993
0.89979714 -0.012537715 -0.43612831 -127.2823 0.0057506429 0.99984101 -0.016878771 -12.181225 0.43627062 0.012679451 0.89972618 139.84494
0.90264824 -0.010733507 -0.43024519 -127.65929 0.0052642299 0.99988953 -0.013900385 -12.204237 0.43034689 0.010282249 0.90260503 140.68192
0.90559407 -0.0070064442 -0.42408758 -128.01379 0.0030472118 0.99994522 -0.010013318 -12.227594 0.42413454 0.0077757163 0.90556581 141.46436
0.90870302 -0.0043757074 -0.41742025 -128.40301 0.0014929917 0.99997273 -0.0072322849 -12.244349 0.41744055 0.005948794 0.90868477 142.24679
0.91145079 -0.0021493901 -0.41140348 -128.84667 2.5107258e-05 0.99998664 -0.0051688367 -12.267289 0.41140913 0.0047008108 0.91143867 143.13572
0.91455192 1.3731893e-06 -0.40446851 -129.23161 -0.0014852125 0.99999327 -0.0033548489 -12.276512 0.40446582 0.0036689049 0.91454576 143.9366
0.91844132 0.0013461059 -0.39555494 -129.52479 -0.0015502064 0.99999878 -0.00019635542 -12.288945 0.39555422 0.00079353243 0.91844229 144.79005
0.92090472 0.0014013979 -0.38978521 -129.95192 -0.00073562379 0.999998 0.0018573193 -12.313407 0.38978707 -0.0014236791 0.92090392 145.63986
0.92464348 0.0011897249 -0.380832 -130.30338 -0.00015638636 0.99999622 0.0027443036 -12.329252 0.38083386 -0.0024779459 0.92464017 146.55775
0.92816898 0.00060517505 -0.37215853 -130.67929 0.00058065416 0.99999511 0.0030742735 -12.32126 0.3721586 -0.0030695411 0.92816408 147.4733
0.93129111 -0.0020772941 -0.36426987 -131.06619 0.0031401487 0.99999237 0.0023255124 -12.350202 0.36426229 -0.0033095909 0.93129053 148.37513
0.93530715 -0.0037160453 -0.35381734 -131.37113 0.0043935956 0.99998973 0.0011117429 -12.34892 0.35380961 -0.0025943517 0.93531387 149.28644
0.93943874 -0.0046488123 -0.34268534 -131.76876 0.0047660559 0.99998852 -0.00049999747 -12.370853 0.34268375 -0.0011635408 0.93945011 150.22628
0.94437893 -0.003297831 -0.32884276 -132.0993 0.0027518929 0.99999395 -0.0021255801 -12.37817 0.32884781 0.0011024128 0.94438229 151.17287
0.94945166 0.00031407997 -0.3139131 -132.4287 -0.00057972438 0.99999955 -0.000752885 -12.399844 0.31391275 0.00089681075 0.94945142 152.18854
0.95640712 0.004514958 -0.29200176 -132.73583 -0.0039405111 0.99998897 0.00255538 -12.400745 0.29201011 -0.0012933477 0.95641436 153.23428
0.96164303 0.0071910263 -0.2742097 -133.06085 -0.0063924665 0.99997233 0.0038056885 -12.418257 0.2742295 -0.0019068378 0.96166239 154.20042
0.96795607 0.008959667 -0.25095969 -133.33528 -0.0079391835 0.99995559 0.0050784596 -12.429368 0.25099407 -0.002923311 0.96798421 155.23578
0.97266531 0.010152408 -0.23198948 -133.6065 -0.009015913 0.9999416 0.0059586726 -12.431017 0.23203644 -0.0037041974 0.97270004 156.26344
0.97818129 0.011124058 -0.20745507 -133.78385 -0.0095452135 0.99991737 0.0086100094 -12.45023 0.20753373 -0.0064419475 0.97820665 157.42196
0.9822137 0.013030487 -0.18731378 -134.02164 -0.010972341 0.99986755 0.012020355 -12.447513 0.18744562 -0.0097512867 0.98222658 158.49155
0.98612921 0.014538713 -0.16534145 -134.2238 -0.012040415 0.99979785 0.016102252 -12.453181 0.16554215 -0.013888122 0.98610492 159.58876
0.98982301 0.016611747 -0.14133103 -134.41748 -0.01400116 0.99971287 0.019445886 -12.446662 0.14161349 -0.017269188 0.98977139 160.72208
0.99271439 0.01772629 -0.11918018 -134.57242 -0.015493263 0.99968712 0.01963716 -12.43928 0.119491 -0.017647602 0.99267843 161.68518
0.99522096 0.017675425 -0.09603551 -134.69108 -0.016055326 0.9997159 0.01761648 -12.438205 0.096319614 -0.015990409 0.99522201 162.94281
0.99682902 0.017924221 -0.077528283 -134.7476 -0.016692498 0.99972441 0.016506438 -12.430015 0.077802789 -0.015159956 0.9968535 164.10894
0.9982565 0.016326793 -0.056722069 -134.8254 -0.015322324 0.99971879 0.018098658 -12.430605 0.057001616 -0.01719799 0.99822595 165.2465
0.99916536 0.016630187 -0.03730979 -134.88089 -0.015902612 0.99967919 0.019713692 -12.424075 0.037625666 -0.019103915 0.99910928 166.46283
0.99972885 0.017116985 -0.015786997 -134.90968 -0.016785926 0.99964128 0.020869786 -12.41945 0.016138563 -0.020599128 0.99965755 167.69304
0.99980365 0.01859841 0.0068381072 -134.92902 -0.018740641 0.99959619 0.021359765 -12.410689 -0.0064380888 -0.021483722 0.99974847 168.9159
0.99949121 0.018642618 0.025880151 -134.91527 -0.019212773 0.99957423 0.02195953 -12.397309 -0.025459751 -0.022445587 0.99942383 170.13642
0.9987728 0.020811519 0.044941983 -134.88842 -0.021802594 0.99952729 0.021675838 -12.385621 -0.044469636 -0.02262909 0.99875441 171.35659
0.9976918 0.021717096 0.064338476 -134.80368 -0.023068934 0.99952687 0.020343405 -12.374988 -0.063866242 -0.021780669 0.99772076 172.57585
0.99571077 0.022626511 0.089711205 -134.66747 -0.024340476 0.99954063 0.018057452 -12.372678 -0.089261425 -0.020163613 0.99580411 173.92087
0.99369871 0.02417137 0.1094469 -134.43863 -0.026006566 0.99954359 0.015371395 -12.367164 -0.10902541 -0.018120874 0.99387378 175.11783
0.99185324 0.024485483 0.12501042 -134.40021 -0.026360163 0.99956318 0.013363881 -12.36281 -0.1246286 -0.016550304 0.99206542 176.40841
0.98903211 0.024454707 0.14566209 -134.16302 -0.02629002 0.99959722 0.010687855 -12.364089 -0.14534206 -0.014400091 0.98927667 177.76635
0.9861266 0.02615819 0.16392094 -134.0168 -0.027445146 0.99960768 0.0055908631 -12.370503 -0.1637104 -0.010012133 0.98645763 179.0807
0.98299423 0.027545409 0.18155877 -133.75716 -0.027808347 0.99961267 -0.0010976988 -12.39666 -0.1815187 -0.0039698176 0.98337948 180.31968
0.97963185 0.030010772 0.19854671 -133.56602 -0.029399188 0.99954957 -0.0060281824 -12.402265 -0.19863821 6.8287645e-05 0.98007289 181.58817
0.97580271 0.032021413 0.2162954 -133.25893 -0.030434998 0.99947988 -0.010662303 -12.441042 -0.21652434 0.0038213541 0.97626974 182.94414
0.97126038 0.034479472 0.23550887 -132.93596 -0.032284598 0.99939194 -0.013170449 -12.477078 -0.23581979 0.0051886267 0.97178295 184.21593
0.96714244 0.03387544 0.25196816 -132.53818 -0.031455453 0.99941225 -0.013627232 -12.502954 -0.25228171 0.0052537025 0.96763957 185.59652
0.96306693 0.032766304 0.26726103 -132.27504 -0.030150758 0.99944891 -0.013885493 -12.538919 -0.26756874 0.005314537 0.96352412 186.93849
0.95814518 0.032712434 0.28440763 -131.90291 -0.028592632 0.99941759 -0.018626402 -12.609814 -0.28485133 0.009714835 0.95852248 188.27994
0.95316202 0.034150607 0.30052602 -131.45854 -0.028485052 0.99932461 -0.023214875 -12.653622 -0.30111587 0.013567038 0.95349105 189.64063
0.94768243 0.036078816 0.31716924 -131.10413 -0.03016637 0.9992678 -0.023534002 -12.695879 -0.31778611 0.012734916 0.9480769 190.8734
0.94046891 0.038084752 0.3377392 -130.67775 -0.031897276 0.99920648 -0.023853128 -12.746305 -0.33837966 0.011660165 0.94093743 192.29012
0.93520663 0.042048998 0.35159697 -130.13146 -0.034702228 0.99902819 -0.027174247 -12.790876 -0.35239796 0.013212338 0.93575698 193.58204
0.9281439 0.043056006 0.36972297 -129.65778 -0.034160377 0.99894851 -0.03057692 -12.859601 -0.37065076 0.015749906 0.92863877 194.96107
0.92134334 0.04384527 0.38626937 -129.09933 -0.033432497 0.99887476 -0.033637475 -12.913774 -0.3873096 0.018077715 0.92177247 196.27225
0.91403622 0.043982268 0.40324103 -128.52914 -0.03129958 0.99878773 -0.037992169 -12.99312 -0.40442321 0.022104944 0.91430479 197.56464
0.9049361 0.047419165 0.42289722 -127.9423 -0.031749527 0.99852581 -0.044024808 -13.08354 -0.42436144 0.026412852 0.90510759 198.90717
0.89567531 0.051204325 0.44175088 -127.27788 -0.0332979 0.99828254 -0.048199743 -13.176551 -0.44346026 0.028461944 0.89584202 200.26808
0.88294479 0.053871187 0.46637578 -126.64773 -0.034694604 0.99816567 -0.049614393 -13.246498 -0.46819312 0.027626048 0.88319422 201.5418
0.87056001 0.058267895 0.48860014 -125.98054 -0.037662093 0.99794159 -0.051905113 -13.349636 -0.49061884 0.026784813 0.87096254 202.86263
0.85528312 0.062787038 0.51434283 -125.18241 -0.039983032 0.99766884 -0.055301366 -13.449105 -0.51661607 0.02673334 0.85579974 204.18506
0.83982895 0.066350938 0.5387809 -124.4548 -0.041274785 0.99743397 -0.058496731 -13.562662 -0.54127973 0.026889184 0.84041255 205.45282
0.82544096 0.067894862 0.56039047 -123.64272 -0.040942154 0.99732662 -0.060525695 -13.66559 -0.56300176 0.027016796 0.826014 206.7093
0.80909234 0.069131756 0.58360119 -122.80389 -0.039594798 0.99721299 -0.06323366 -13.780748 -0.5863462 0.0280543 0.80957466 207.97923
0.79247516 0.071082035 0.60574783 -121.87373 -0.037708367 0.99699552 -0.067661039 -13.89832 -0.60873741 0.030777932 0.79277457 209.07713
0.7771564 0.073798937 0.62496529 -120.94052 -0.036182511 0.99669723 -0.0727012 -14.03206 -0.6282665 0.03388739 0.77725986 210.28573
0.75958262 0.075546908 0.64600842 -120.05957 -0.034138913 0.99649316 -0.076393204 -14.15967 -0.64951429 0.035972926 0.75949797 211.45731
0.74317049 0.077204245 0.66463305 -119.09104 -0.032498996 0.99631347 -0.079393185 -14.299165 -0.66831241 0.037402767 0.74293983 212.59486
0.72605577 0.077913667 0.68320747 -118.0916 -0.030422015 0.99622685 -0.08128074 -14.447859 -0.68696256 0.038229804 0.72568654 213.80144
0.70994414 0.078320978 0.69988935 -117.0071 -0.028239114 0.99616346 -0.082830669 -14.589876 -0.70369163 0.039040894 0.70943212 214.8498
0.69580513 0.079211307 0.71384925 -115.96682 -0.02577026 0.99601322 -0.085402386 -14.748636 -0.71776818 0.041027339 0.6950724 215.93417
0.67967714 0.080552159 0.72907496 -114.90822 -0.022889367 0.99579691 -0.088682529 -14.901253 -0.73315422 0.043587425 0.67866418 217.00648
0.66616001 0.082829905 0.74119498 -113.70375 -0.020549282 0.99547482 -0.092777172 -15.073057 -0.74552573 0.046573418 0.66484761 218.04218
0.64930367 0.085280567 0.7557327 -112.63309 -0.019406283 0.99522747 -0.095633008 -15.216108 -0.76028165 0.047428902 0.64785983 218.95996
0.63489453 0.085351558 0.76786978 -111.4556 -0.018015492 0.99524435 -0.095729407 -15.394191 -0.77238878 0.046944526 0.63341285 220.03263
0.61766241 0.086963804 0.78162036 -110.31062 -0.018318676 0.99518865 -0.09624958 -15.566709 -0.78623001 0.045131498 0.61628368 220.95639
0.59970616 0.087930438 0.79537457 -109.07813 -0.020345772 0.99529869 -0.094691944 -15.741031 -0.79996164 0.040604834 0.59867576 221.89691
0.5840219 0.088663615 0.80688111 -107.76917 -0.022234419 0.99539119 -0.093284613 -15.911995 -0.81143337 0.036539725 0.58330163 222.75841
0.56591386 0.090064228 0.81953028 -106.61275 -0.024546722 0.99541535 -0.092443178 -16.079634 -0.82409892 0.032198095 0.56553012 223.69729
0.54583758 0.092936483 0.83272089 -105.56164 -0.026017052 0.99523033 -0.094019644 -16.241907 -0.83748702 0.029654514 0.54565205 224.56815
0.52878689 0.096903366 0.84320466 -104.20714 -0.028600095 0.99493125 -0.096404626 -16.423259 -0.84827267 0.02686177 0.52887804 225.31893
0.5079296 0.096710353 0.85595243 -102.98503 -0.028317125 0.99501517 -0.095618819 -16.592098 -0.86093306 0.024329517 0.50813621 226.08595
0.48655481 0.095914937 0.86836898 -101.72793 -0.028509668 0.99516898 -0.093946301 -16.776933 -0.87318479 0.020953114 0.48693875 226.86695
0.46778577 0.09421008 0.8788065 -100.41879 -0.028659824 0.99539686 -0.091453305 -16.94257 -0.88337713 0.017594116 0.46833253 227.53875
0.44640481 0.092443913 0.89004314 -99.194924 -0.028417728 0.99561221 -0.089155765 -17.098608 -0.89437981 0.014506559 0.44707313 228.18212
0.42397149 0.091319736 0.90105983 -97.908492 -0.027206263 0.9957388 -0.088113931 -17.255973 -0.90526685 0.012843325 0.42464933 228.8612
