1.0 0.0 0.0 0.0 0.0 1.0 0.0 0.0 0.0 0.0 1.0 0.0
0.999126 0.04179712 0.0002087286 0.01184082 -0.041797567 0.99912125 0.00307381 -0.025268555 -8.0060854e-05 -0.0030798453 0.99999523 -0.008422852
0.9993734 0.035382822 0.00011752178 0.26550293 -0.035383 0.9993647 0.004182443 -0.015014648 3.0619052e-05 -0.0041839816 0.99999124 0.0020751953
0.9979873 0.06338881 0.0021593063 0.41479492 -0.063400164 0.9979728 0.005671887 -0.034423828 -0.0017954721 -0.0057973177 0.9999816 0.005004883
0.99552155 0.09447546 0.0038715235 0.5385742 -0.09449886 0.99550635 0.006384344 -0.09350586 -0.0032511777 -0.006721575 0.9999721 -0.012817383
0.9909388 0.13414666 0.0067964257 0.7897949 -0.13417289 0.99095213 0.003559561 -0.14526367 -0.006257341 -0.0044392287 0.99997056 -0.0063476562
0.9851079 0.17180267 0.007433942 0.95288086 -0.17181167 0.9851342 0.0005860836 -0.20141602 -0.0072227237 -0.0018545461 0.99997216 -0.009521484
0.97609895 0.21708828 0.009257707 1.1876221 -0.21710008 0.9761402 0.00027653459 -0.27575684 -0.008976677 -0.002280615 0.9999571 -0.011108398
0.96423036 0.26478723 0.012049313 1.4094238 -0.26482406 0.9642943 0.0015434772 -0.3499756 -0.01121041 -0.004679934 0.9999262 -0.02319336
0.95011747 0.31142485 0.01843217 1.6436768 -0.31142628 0.95029145 -0.002865079 -0.4650879 -0.018407766 -0.0030165154 0.999826 -0.026123047
0.9331047 0.35887617 0.023952553 1.869873 -0.35867473 0.9334073 -0.012379994 -0.58154297 -0.026800208 0.002962959 0.9996365 -0.014526367
0.911148 0.41107988 0.02794987 2.1003418 -0.41071182 0.9115628 -0.018099818 -0.72631836 -0.032919575 0.0050108638 0.99944544 -0.013549805
0.8859511 0.46262112 0.03137166 2.352295 -0.462204 0.886501 -0.019886434 -0.9016113 -0.037012927 0.0031133518 0.9993098 -0.022338867
0.85795575 0.5123909 0.035970613 2.609253 -0.5119129 0.85870934 -0.022137823 -1.0603027 -0.042232595 0.0005767662 0.9991076 -0.03930664
0.8268169 0.56117094 0.038311347 2.8010254 -0.56054 0.82770383 -0.026605137 -1.2819824 -0.046642654 0.0005232459 0.9989116 -0.04650879
0.78954136 0.61245036 0.03814538 3.0164795 -0.6115959 0.7904586 -0.03241685 -1.4904785 -0.050012007 0.0022665486 0.99874645 -0.049682617
0.7524339 0.65769666 0.037768308 3.2747803 -0.65664864 0.7533746 -0.037249517 -1.7410889 -0.052948266 0.0032272823 0.9985917 -0.068237305
0.71277833 0.7005011 0.03628589 3.4626465 -0.6993515 0.71369326 -0.040248133 -2.0072021 -0.05409347 0.0033174679 0.99853075 -0.07397461
0.6717633 0.7399666 0.03505799 3.6862793 -0.7387759 0.6726736 -0.04202621 -2.3149414 -0.054677058 0.002331648 0.99850124 -0.09680176
0.6276462 0.7776445 0.038516786 3.9107666 -0.77650106 0.6288186 -0.042290147 -2.6247559 -0.05709697 -0.0033692159 0.9983623 -0.11608887
0.58087945 0.8130343 0.0398605 4.1276855 -0.8119296 0.5821987 -0.04301535 -2.8184814 -0.058170836 -0.0073727034 0.99827933 -0.13171387
0.5474523 0.83575636 0.04096607 4.343872 -0.83459324 0.5489003 -0.045087896 -3.317871 -0.060177974 -0.009508276 0.99814266 -0.15856934
0.5044029 0.86254126 0.040481232 4.569824 -0.8612942 0.5059092 -0.047630727 -3.6655273 -0.061546035 -0.010844933 0.99804443 -0.17712402
0.4697541 0.8816565 0.041791707 4.7612305 -0.88051194 0.47138232 -0.047222022 -4.1359863 -0.061352775 -0.014619317 0.9980097 -0.20214844
0.43440735 0.89988655 0.03998872 4.974243 -0.8988453 0.43595397 -0.04609834 -4.60437 -0.05892115 -0.015925702 0.9981355 -0.23449707
0.40061033 0.91571707 0.03688894 5.1760254 -0.91470253 0.4020105 -0.045756467 -5.0898438 -0.056720287 -0.015411903 0.998271 -0.25854492
0.37033963 0.9282945 0.03191905 5.366211 -0.9273339 0.37147754 -0.044233084 -5.611328 -0.05292974 -0.013224021 0.99851084 -0.29333496
0.34584856 0.9379148 0.029215463 5.560547 -0.9369882 0.34686115 -0.04346609 -6.1516113 -0.050899662 -0.0123452265 0.9986275 -0.32104492
0.32419887 0.9455272 0.02708963 5.732422 -0.9446188 0.32512027 -0.04305467 -6.7335205 -0.04950853 -0.011617619 0.9987063 -0.35534668
0.30958283 0.9504846 0.02601023 5.9283447 -0.94954956 0.31047174 -0.043618105 -7.335205 -0.049526908 -0.01119149 0.99871 -0.3890381
0.29653546 0.9546891 0.02418632 6.124756 -0.95370275 0.29735628 -0.04450076 -7.956299 -0.04967245 -0.0098646665 0.99871695 -0.4169922
0.28841364 0.9572543 0.02620742 6.33667 -0.95619667 0.28936705 -0.04646444 -8.609741 -0.052064013 -0.011653011 0.99857616 -0.4519043
0.27622417 0.9607893 0.027722944 6.543335 -0.9597245 0.2772809 -0.047208034 -9.28418 -0.053036388 -0.013573651 0.99849993 -0.48913574
0.26564565 0.9636664 0.02826288 6.7279053 -0.96246713 0.2667825 -0.050031003 -9.989868 -0.055756006 -0.013911942 0.99834764 -0.52770996
0.25620478 0.9661831 0.028885962 6.9224854 -0.9648899 0.2574181 -0.052040312 -10.710327 -0.05772004 -0.014546868 0.9982268 -0.56433105
0.24547023 0.96883 0.029954912 7.1175537 -0.9674283 0.24679576 -0.054395832 -11.446045 -0.060102288 -0.015609514 0.9980711 -0.6044922
0.23536438 0.97141445 0.031076709 7.30542 -0.97000647 0.23678403 -0.05503302 -12.20874 -0.06082069 -0.017196568 0.9980005 -0.6452637
0.22567834 0.9736447 0.031684466 7.4823 -0.97204894 0.22720936 -0.05843316 -12.983765 -0.06410694 -0.01760558 0.9977885 -0.68859863
0.21465933 0.97617304 0.03322193 7.671997 -0.97441334 0.21637091 -0.06163608 -13.774048 -0.0673424 -0.019152662 0.99754524 -0.7401123
0.19930564 0.9793651 0.03470681 7.843994 -0.9773268 0.20124446 -0.066452995 -14.5842285 -0.07207073 -0.020651083 0.99718684 -0.7845459
0.18643278 0.98182535 0.034596678 8.000366 -0.9797069 0.18842153 -0.06788738 -15.387695 -0.07316444 -0.021219388 0.9970943 -0.82629395
0.17233703 0.9844119 0.03447605 8.148071 -0.98226947 0.17436288 -0.068548195 -16.199951 -0.073498756 -0.022058628 0.9970514 -0.8734131
0.15817623 0.9867812 0.034741852 8.281982 -0.9847336 0.16023108 -0.06772227 -17.012085 -0.07242759 -0.023487283 0.9970991 -0.9246826
0.14138229 0.98928756 0.034427688 8.404053 -0.9873533 0.14342007 -0.06655223 -17.829224 -0.07078232 -0.024555909 0.99719036 -0.9691162
0.12121568 0.9919928 0.03600877 8.512085 -0.9901712 0.12339547 -0.066142686 -18.656494 -0.07004185 -0.027658444 0.99715936 -1.0163574
0.097037196 0.99457514 0.037894756 8.599121 -0.99295944 0.0993479 -0.06476602 -19.479858 -0.068163104 -0.031349476 0.9971806 -1.0710449
0.065318935 0.99703884 0.040098105 8.651855 -0.99559754 0.06781436 -0.06441671 -20.326416 -0.06693131 -0.035697024 0.99711835 -1.1147461
0.031233897 0.99863946 0.041793525 8.691162 -0.9973291 0.033900626 -0.06473275 -21.177856 -0.06604943 -0.039631862 0.99702877 -1.1629639
-0.0018992458 0.9991381 0.04145026 8.687988 -0.9979067 0.0007848762 -0.064669915 -22.031128 -0.0646329 -0.041463822 0.9970469 -1.2041016
-0.038067352 0.9985002 0.039542586 8.667236 -0.99737835 -0.035522237 -0.063177906 -22.897095 -0.06166179 -0.041845344 0.9972187 -1.2420654
-0.067942016 0.9968915 0.040312517 8.607178 -0.99597037 -0.06538605 -0.061655287 -23.754272 -0.058828034 -0.044335425 0.99728316 -1.2785645
-0.10020818 0.9940845 0.041851178 8.5354 -0.99353415 -0.097720146 -0.057787064 -24.611328 -0.05333934 -0.04736322 0.9974518 -1.3225098
-0.13669765 0.9899615 0.037142463 8.418335 -0.98948765 -0.13461958 -0.0536711 -25.475708 -0.048141845 -0.044062864 0.9978687 -1.354126
-0.16441014 0.9858754 0.032594997 8.268433 -0.98551637 -0.16276194 -0.04804773 -26.319946 -0.042076886 -0.040017538 0.9983132 -1.3773193
-0.19788255 0.9798221 0.026046928 8.095581 -0.9795046 -0.19670103 -0.042034175 -27.172485 -0.03606887 -0.033834927 0.99877644 -1.3990479
-0.22479367 0.97428674 0.020612426 7.897339 -0.9740214 -0.22396635 -0.03623354 -28.006836 -0.030694814 -0.028202806 0.9991311 -1.4155273
-0.25176153 0.9675909 0.01277243 7.671997 -0.9673237 -0.25129223 -0.0302687 -28.839478 -0.026078114 -0.019992562 0.99945986 -1.4300537
-0.27836952 0.96038395 0.00842431 7.430542 -0.9602682 -0.2781582 -0.020268397 -29.669678 -0.017118359 -0.013736695 0.99975896 -1.4329834
-0.3021151 0.95321137 0.007484738 7.1655273 -0.9532378 -0.302085 -0.004894763 -30.472778 -0.0024029277 -0.008615855 0.99996 -1.4304199
-0.3261925 0.9451862 0.0128261885 6.897705 -0.94515115 -0.32633853 0.011649974 -31.269043 0.015199691 -0.008319339 0.99984974 -1.4215088
-0.3525875 0.9353407 0.01906382 6.60791 -0.93499726 -0.3530022 0.026692234 -32.06787 0.031713955 -0.008402154 0.99946153 -1.40271
-0.3762348 0.9259828 0.020463848 6.2911377 -0.92522734 -0.37676108 0.03769633 -32.844116 0.04264298 -0.004747983 0.99907917 -1.3721924
-0.4013747 0.915701 0.019331383 5.9595947 -0.914749 -0.40183887 0.041746996 -33.631348 0.046005197 -0.0009186156 0.99894077 -1.3198242
-0.42143986 0.90694386 0.017152159 5.609375 -0.90607 -0.42178738 0.039829686 -34.40686 0.04335144 0.0012219917 0.99905956 -1.2766113
-0.44304752 0.8967598 0.011554446 5.225708 -0.8959748 -0.44315064 0.03807042 -35.166504 0.03925814 0.006505979 0.9992082 -1.2263184
-0.46240458 0.8869179 0.0031040618 4.8529053 -0.8863006 -0.4622084 0.035860866 -35.91626 0.033227194 0.013814686 0.99935234 -1.1832275
-0.472816 0.88121164 0.0008565914 4.436035 -0.8806249 -0.4725362 0.03603992 -36.66443 0.032163486 0.016292809 0.9993498 -1.1364746
-0.48231837 0.87576187 -0.0011198428 4.033203 -0.8751107 -0.4819094 0.03918676 -37.376343 0.033779778 0.019898117 0.99923104 -1.0966797
-0.49419138 0.8693004 -0.00023525767 3.6323242 -0.8685464 -0.4937514 0.041763 -38.08191 0.036196653 0.02085859 0.99912715 -1.0512695
-0.5031047 0.8638253 0.0068531 3.2348633 -0.8629514 -0.50292563 0.04167373 -38.79236 0.039438203 0.015059371 0.99910796 -1.0129395
-0.51486087 0.8570336 0.008202605 2.8258057 -0.8562612 -0.5147658 0.03858642 -39.4906 0.03728562 0.012842717 0.9992218 -0.97509766
-0.5229857 0.8517942 0.006138495 2.3919678 -0.8509847 -0.52277905 0.04040292 -40.19409 0.03762326 0.01592436 0.99916446 -0.9361572
-0.53112406 0.8474592 0.00554099 1.954834 -0.8465629 -0.5308441 0.04296324 -40.9032 0.039372094 0.018117988 0.9990611 -0.8914795
-0.5351109 0.84531665 0.0051559615 1.5124512 -0.84426427 -0.53473264 0.04700854 -41.602417 0.042492744 0.02075717 0.9988819 -0.85998535
-0.53266066 0.84601986 0.0066983355 1.0474854 -0.8449045 -0.532336 0.04770205 -42.341797 0.04393816 0.019780492 0.99883837 -0.8199463
-0.5299388 0.8485386 0.004584642 0.58447266 -0.8474077 -0.5294983 0.049036793 -43.089355 0.044038877 0.022087364 0.99878633 -0.7763672
-0.524568 0.8516726 0.0056793066 0.12817383 -0.8506448 -0.524243 0.04605865 -43.847412 0.04221873 0.019326046 0.9989222 -0.7336426
-0.51651394 0.8565003 0.007297795 -0.34118652 -0.8554114 -0.5162555 0.046733223 -44.630615 0.04378653 0.017886728 0.9988809 -0.68688965
-0.5083985 0.86091983 0.008225349 -0.8022461 -0.8599 -0.50822294 0.044731285 -45.428833 0.042673994 0.015681326 0.99896526 -0.64941406
-0.5030907 0.86396 0.010646949 -1.253418 -0.86296374 -0.5030446 0.043363426 -46.225952 0.042814262 0.012629962 0.9990028 -0.6036377
-0.49636105 0.8680183 0.013362271 -1.7191162 -0.8671031 -0.49646533 0.04079233 -47.067505 0.04203247 0.008649892 0.99907863 -0.55895996
-0.49624828 0.86815244 0.01801132 -2.18042 -0.8673032 -0.49656245 0.0385562 -47.90442 0.04239885 0.0035110912 0.9990943 -0.51379395
-0.49616233 0.86815053 0.019146286 -2.6590576 -0.8674539 -0.49653116 0.034787666 -48.78076 0.039696194 0.00064276066 0.9992116 -0.46398926
-0.49475896 0.868712 0.01996801 -3.144165 -0.8680077 -0.49516127 0.034985658 -49.650757 0.04026284 -2.416037e-05 0.9991887 -0.42053223
-0.4961299 0.867992 0.020262945 -3.6334229 -0.8673453 -0.49654245 0.03351434 -50.537354 0.039150517 -0.00094176736 0.99923277 -0.37097168
-0.49611163 0.86848533 0.019816443 -4.14624 -0.8678921 -0.49650598 0.032127492 -51.43457 0.037732914 -0.0012787934 0.9992875 -0.32312012
-0.49751794 0.8675866 0.019229136 -4.6593018 -0.86698616 -0.49788943 0.032284323 -52.348633 0.037576772 -0.0006260788 0.99929386 -0.27478027
-0.49470055 0.868974 0.019548507 -5.165161 -0.8684177 -0.49508405 0.031133298 -53.256348 0.0367192 -0.0015806189 0.99932426 -0.2277832
-0.49466562 0.86921746 0.020988867 -5.6829834 -0.86872643 -0.49509704 0.02944712 -54.19043 0.03596288 -0.0036716717 0.9993462 -0.17883301
-0.4960533 0.8684572 0.021159781 -6.173828 -0.86799246 -0.4964878 0.02870149 -55.091187 0.035430655 -0.0041395067 0.99936396 -0.13134766
-0.49221534 0.86967695 0.022533422 -6.6922607 -0.86926234 -0.49269342 0.027520726 -56.022217 0.03504984 -0.0060246005 0.999367 -0.07861328
-0.49080712 0.87085885 0.022463428 -7.208618 -0.8704818 -0.49127686 0.02645207 -56.949463 0.034076065 -0.006563248 0.9993975 -0.029541016
-0.48799923 0.8725149 0.020020692 -7.6899414 -0.87221485 -0.4883735 0.023638107 -57.863037 0.03039433 -0.0059197326 0.99952006 0.024169922
-0.48558834 0.8741612 0.018656336 -8.221191 -0.8738739 -0.48591948 0.022995234 -58.798584 0.029162325 -0.0051410496 0.9995615 0.068359375
-0.48278514 0.8757583 0.01870367 -8.723999 -0.87550694 -0.48311147 0.021787256 -59.715454 0.028093545 -0.005855271 0.9995881 0.11816406
-0.4817827 0.87605286 0.017704327 -9.218262 -0.8757775 -0.4820855 0.022460934 -60.629883 0.02822944 -0.004691515 0.9995908 0.16174316
-0.47899485 0.8772927 0.018260855 -9.71106 -0.8770019 -0.47931716 0.023119794 -61.546997 0.029038038 -0.0049334248 0.99956596 0.20874023
-0.48039916 0.8764295 0.019116027 -10.189941 -0.87609947 -0.4807536 0.024553442 -62.435913 0.030718599 -0.0049464335 0.9995157 0.24902344
-0.48040485 0.8763082 0.02307802 -10.697632 -0.875906 -0.48090687 0.027449552 -63.354126 0.03515376 -0.0070039174 0.9993568 0.3034668
-0.48698306 0.87330866 0.024646614 -11.179443 -0.8729552 -0.48752916 0.026326176 -64.24646 0.035010003 -0.008702614 0.9993494 0.3531494
-0.4907973 0.8707573 0.02352077 -11.669922 -0.8704015 -0.4913005 0.026048502 -65.13501 0.034250047 -0.0076869195 0.9993838 0.390625
-0.49600545 0.8685937 0.01925747 -12.185669 -0.8683031 -0.4963513 0.023075745 -66.03064 0.029591935 -0.005282441 0.99954826 0.44958496
-0.5025967 0.8640481 0.021372788 -12.661255 -0.8638332 -0.50298756 0.020851748 -66.90723 0.028778665 -0.007976428 0.99955386 0.4987793
-0.50400645 0.8628357 0.022320203 -13.16626 -0.8625666 -0.5044411 0.022878805 -67.785034 0.031020222 -0.0077085057 0.9994888 0.545166
-0.5106542 0.85952497 0.023354283 -13.673462 -0.8591591 -0.5111428 0.025976036 -68.64563 0.03426738 -0.0067986194 0.99938965 0.58813477
-0.5144725 0.8567364 0.026186058 -14.167603 -0.85638636 -0.51505893 0.026079012 -69.4895 0.03582389 -0.0089856675 0.99931693 0.63623047
-0.51830393 0.8547173 0.02665549 -14.680176 -0.854377 -0.51890403 0.025872277 -70.35486 0.03593784 -0.00936367 0.99931 0.6916504
-0.5225033 0.85242236 0.027027145 -15.179565 -0.8521066 -0.52310926 0.025209812 -71.19177 0.035626218 -0.00986306 0.9993167 0.7421875
-0.5238844 0.85154456 0.021179061 -15.70166 -0.85137945 -0.5242476 0.018679379 -72.04004 0.027018089 -0.008243654 0.99960107 0.79052734
-0.5249033 0.85075 0.015171115 -16.232788 -0.8507529 -0.5250524 0.008271365 -72.88452 0.015000464 -0.008556203 0.99985075 0.8383789
-0.52630824 0.84972876 0.01386058 -16.744507 -0.84975886 -0.5264145 0.0053731375 -73.72815 0.011862714 -0.008944982 0.99988955 0.873291
-0.5291142 0.84862596 0.015981644 -17.267212 -0.84858286 -0.52930224 0.011399051 -74.55896 0.018142432 -0.007536939 0.9998072 0.8989258
-0.5291291 0.84825176 0.018923476 -17.781006 -0.84810525 -0.52942204 0.017225526 -75.37842 0.024634533 -0.0069379 0.9996725 0.92944336
-0.53058606 0.8474724 0.014641456 -18.29956 -0.8471933 -0.53078747 0.021762498 -76.195435 0.026222877 -0.0008508344 0.9996558 0.96447754
-0.5292021 0.8485805 0.011964729 -18.817749 -0.84829605 -0.52933544 0.022023283 -77.03235 0.025024403 0.0014959862 0.9996859 1.005249
-0.5291822 0.8486462 0.009826758 -19.338379 -0.8484347 -0.5292708 0.019026209 -77.85889 0.02135066 0.0017260555 0.99977064 1.0461426
-0.5291398 0.8487392 0.009170296 -19.832153 -0.84862983 -0.52921903 0.013646945 -78.676636 0.016445903 -0.0005678516 0.9998647 1.0754395
-0.52631354 0.8498096 0.007169327 -20.350708 -0.8497698 -0.5263597 0.008396601 -79.50183 0.01091096 -0.0016678555 0.999939 1.1020508
-0.5277223 0.8491056 0.01412504 -20.828613 -0.84917456 -0.5277971 0.0019195117 -80.318115 0.009092073 -0.010982882 0.99989843 1.1340332
-0.52501124 0.85083604 0.020851359 -21.322876 -0.85106635 -0.5250261 -0.005194567 -81.148315 0.006524379 -0.020467833 0.99976915 1.1519775
-0.5225427 0.85209346 0.01745575 -21.82373 -0.852256 -0.52254933 -0.004538983 -81.9635 0.005262068 -0.01725763 0.9998372 1.1745605
-0.51969403 0.8541226 0.014117252 -22.31018 -0.8542171 -0.5197285 -0.0014119474 -82.784424 0.0061360416 -0.012793873 0.9998993 1.1998291
-0.5144376 0.857611 0.014175927 -22.813965 -0.85768 -0.5145135 0.0020769718 -83.593506 0.009069594 -0.0110897925 0.99989736 1.21521
-0.50499344 0.86289924 0.009245776 -23.297241 -0.8629029 -0.50504786 0.004884554 -84.41089 0.008879975 -0.005507636 0.99994534 1.2390137
-0.4997833 0.8667999 0.002362133 -23.769287 -0.8667723 -0.49978676 0.007089426 -85.21997 0.007323987 0.0014896309 0.9999721 1.2672119
-0.48795363 0.8731602 0.0038055105 -24.237549 -0.87313485 -0.48796856 0.0066437176 -86.04419 0.0076538916 -8.464607e-05 0.99997073 1.289917
-0.4775444 0.87826955 0.0069805915 -24.673462 -0.8782781 -0.4775714 0.0027974988 -86.881226 0.0057900683 -0.0047931615 0.99997175 1.302002
-0.46476826 0.8851497 0.0033543608 -25.120728 -0.88515407 -0.46477225 0.00042418344 -87.71912 0.0019356445 -0.0027730332 0.9999942 1.3223877
-0.45442206 0.8908814 0.0035263884 -25.545166 -0.89088815 -0.45442104 -0.001131916 -88.5647 0.0005948269 -0.0036564998 0.99999315 1.3397217
-0.44270805 0.89650446 0.0033472618 -25.954468 -0.89651066 -0.44270512 -0.0016212701 -89.40735 2.8536655e-05 -0.003719403 0.9999931 1.3487549
-0.4300308 0.90302575 0.00039336085 -26.37146 -0.90302587 -0.43003082 -0.00019708509 -90.26294 -8.859672e-06 -0.00044004055 0.9999999 1.3695068
-0.41740102 0.9088402 0.0021834387 -26.763184 -0.9088308 -0.41740668 0.004138595 -91.10791 0.004674773 -0.0002586819 0.99998903 1.3745117
-0.40650436 0.9137519 0.0042529907 -27.134277 -0.9136603 -0.4065242 0.013019145 -91.95361 0.013624387 0.0014057168 0.9999062 1.3946533
-0.39161333 0.91989493 0.0064386996 -27.497925 -0.9197555 -0.3916662 0.016014723 -92.798706 0.017256908 0.00035103975 0.9998509 1.4204102
-0.38210076 0.9241671 0.0070045176 -27.838501 -0.9240702 -0.38216284 0.013452744 -93.65991 0.015110317 -0.001335619 0.9998849 1.4382324
-0.36891603 0.9295431 0.0058735954 -28.182251 -0.92949903 -0.36895722 0.009287525 -94.52124 0.010793503 -0.0020360793 0.9999396 1.4691162
-0.35921362 0.93328524 0.008535871 -28.50415 -0.9332311 -0.35929206 0.010841165 -95.38049 0.013186464 -0.004072671 0.9999048 1.4946289
-0.35184413 0.9356962 0.015713282 -28.80603 -0.9356516 -0.3520543 0.013504431 -96.25073 0.018171018 -0.009943722 0.9997853 1.5245361
-0.3444953 0.9384264 0.024593882 -29.121704 -0.9383724 -0.34498078 0.019279148 -97.12305 0.026575748 -0.016438551 0.9995116 1.5499268
-0.34150794 0.9394788 0.028072976 -29.428467 -0.93947434 -0.34209886 0.019827118 -98.00232 0.028241925 -0.01961548 0.99940896 1.5897217
-0.337843 0.94046754 0.03036005 -29.72461 -0.9404889 -0.33851677 0.02063099 -98.87402 0.029689297 -0.021587385 0.999326 1.6247559
-0.33213934 0.94284785 0.03178127 -30.026855 -0.9429205 -0.33284292 0.020118535 -99.760864 0.02952836 -0.023277756 0.9992926 1.6708984
-0.32619917 0.9446509 0.031246291 -30.324585 -0.94479936 -0.32681635 0.017098296 -100.6322 0.026376402 -0.023932584 0.99936527 1.701294
-0.3212029 0.94657403 0.03092644 -30.626709 -0.9467934 -0.32173634 0.014054041 -101.52478 0.023237128 -0.024755206 0.9994231 1.7347412
-0.31531057 0.9484423 0.032144114 -30.914795 -0.948782 -0.3157654 0.010087896 -102.40906 0.01971972 -0.027318683 0.99943227 1.7807617
-0.3124181 0.9491223 0.039202392 -31.18811 -0.94970375 -0.31298074 0.008996287 -103.29016 0.020802194 -0.03442461 0.9991908 1.8083496
-0.30365044 0.9515968 0.047784217 -31.445068 -0.95251167 -0.30440304 0.009170697 -104.155396 0.023283228 -0.042730868 0.9988152 1.8334961
-0.29704466 0.95361614 0.04910194 -31.708618 -0.9545072 -0.29797256 0.012634295 -105.03259 0.02668152 -0.043127134 0.99871355 1.8765869
-0.28837803 0.9564719 0.045404047 -31.977417 -0.9571073 -0.2893609 0.016666675 -105.89807 0.029082691 -0.03864854 0.9988295 1.9160156
-0.28028527 0.9587004 0.045412358 -32.234497 -0.9594014 -0.28118366 0.014625278 -106.78308 0.026823925 -0.03946991 0.9988604 1.9473877
-0.27383617 0.96046835 0.04673248 -32.476807 -0.9613281 -0.27459985 0.010648296 -107.65198 0.02309129 -0.04201694 0.99884987 1.9838867
-0.2660376 0.962962 0.04622457 -32.716064 -0.96387684 -0.26663908 0.007281995 -108.53516 0.019311884 -0.042622354 0.99890506 2.0179443
-0.26019493 0.9644856 0.048931703 -32.958374 -0.9654502 -0.26099694 0.010699151 -109.43335 0.023054719 -0.044465296 0.99874556 2.0498047
-0.25367665 0.9661401 0.050154462 -33.17517 -0.9670794 -0.25465733 0.014149759 -110.30432 0.02641706 -0.044903196 0.99864197 2.0802002
-0.24497284 0.9682874 0.050274484 -33.38977 -0.9692125 -0.24599692 0.01522801 -111.182495 0.027094312 -0.044998858 0.9986198 2.10437
-0.23921491 0.9697764 0.04927299 -33.59131 -0.9707173 -0.24011332 0.013115938 -112.06128 0.024552725 -0.044700075 0.998699 2.135376
-0.2298508 0.9721079 0.046528835 -33.801147 -0.9729049 -0.23073097 0.014454858 -112.94446 0.02478033 -0.04194445 0.9988126 2.1721191
-0.22184029 0.9741574 0.04215462 -34.011353 -0.9747641 -0.22264516 0.015404419 -113.83362 0.0243993 -0.03767168 0.9989921 2.2089844
-0.2147646 0.9759085 0.04089349 -34.21167 -0.9764649 -0.21554747 0.015768731 -114.72681 0.02418342 -0.036538217 0.9990396 2.2478027
-0.20540477 0.9774713 0.04722558 -34.387817 -0.9783276 -0.20626988 0.014175774 -115.61548 0.023621725 -0.04330798 0.9987828 2.28125
-0.1997943 0.978412 0.051136907 -34.563354 -0.97950286 -0.20063819 0.011874793 -116.52295 0.02188918 -0.047708996 0.99862087 2.314331
-0.19493222 0.97966623 0.048380304 -34.74231 -0.98063576 -0.19570483 0.011738031 -117.43933 0.02095739 -0.045143943 0.99876034 2.3485107
-0.188354 0.9809134 0.046366863 -34.92639 -0.98178244 -0.18911506 0.0125514455 -118.33252 0.021109827 -0.04315298 0.9988449 2.376587
-0.18480764 0.981882 0.043858033 -35.092407 -0.9826112 -0.18558347 0.014298193 -119.23425 0.022176336 -0.040457737 0.99893534 2.4051514
-0.17911708 0.98313224 0.038743474 -35.27649 -0.98370564 -0.17971744 0.01258977 -120.11365 0.019334069 -0.0358662 0.9991698 2.430664
-0.17341639 0.984428 0.030240638 -35.439087 -0.98476696 -0.17380273 0.010638254 -121.00354 0.015720816 -0.027934534 0.99948615 2.4667969
-0.16842093 0.98530895 0.027149428 -35.588013 -0.98558146 -0.1687354 0.0097136265 -121.90515 0.014162494 -0.02511815 0.9995841 2.4925537
-0.16344453 0.98613286 0.029341837 -35.72888 -0.9864269 -0.16385461 0.012148891 -122.79773 0.016792556 -0.02697449 0.99949545 2.5144043
-0.15998828 0.986603 0.031382814 -35.869263 -0.9869422 -0.16045354 0.01290126 -123.67761 0.017761722 -0.02891042 0.9994242 2.536621
-0.1578503 0.9869397 0.03313723 -36.001587 -0.98733604 -0.15833975 0.012694524 -124.56409 0.017771032 -0.030716099 0.9993703 2.5610352
-0.15571475 0.98725545 0.033548478 -36.137817 -0.9876869 -0.15617216 0.011456335 -125.4491 0.016555551 -0.031354308 0.9993713 2.5897217
-0.15573552 0.987227 0.031072436 -36.27466 -0.98764163 -0.15603282 0.007361416 -126.33826 0.012128346 -0.029537572 0.99948984 2.6154785
-0.15449773 0.9875689 0.031049054 -36.40381 -0.98803407 -0.15463136 0.0019410392 -127.22229 0.0067133037 -0.030378195 0.999516 2.642456
-0.15302683 0.9877547 0.030282786 -36.536377 -0.9882095 -0.15308617 -0.00035885416 -128.10498 0.004271846 -0.029979171 0.9995416 2.6602783
-0.15232897 0.98792285 0.030205175 -36.665894 -0.98835737 -0.15247965 0.0027446973 -128.96753 0.007304631 -0.029433621 0.99954027 2.6766357
-0.1522752 0.98797005 0.029665783 -36.801758 -0.9883522 -0.15253639 0.006737943 -129.8341 0.011176685 -0.02829583 0.9995373 2.6967773
-0.15081967 0.98796016 0.03291919 -36.927002 -0.9884453 -0.1511035 0.006300666 -130.70569 0.011203954 -0.031605966 0.99943787 2.713379
-0.1523365 0.98774207 0.034359585 -37.0437 -0.9882792 -0.15261947 0.005752374 -131.56836 0.010928841 -0.033083305 0.9993929 2.7296143
-0.15012181 0.988207 0.02787223 -37.18518 -0.98854905 -0.15034069 0.0059130755 -132.42676 0.010039968 -0.026665881 0.999594 2.7525635
-0.14945291 0.98831046 0.02952162 -37.3031 -0.98866135 -0.14977503 0.008998359 -133.28442 0.013314437 -0.027828852 0.9995238 2.7785645
-0.14805901 0.98807466 0.04027776 -37.42578 -0.98876804 -0.14856982 0.009980514 -134.14966 0.015843516 -0.03834119 0.99913895 2.7949219
-0.1496017 0.9877527 0.045674093 -37.53662 -0.98864484 -0.15025686 0.011243898 -135.0116 0.017968653 -0.04346604 0.9988932 2.8128662
-0.14955626 0.9877396 0.045382436 -37.65222 -0.98856634 -0.15032278 0.013963145 -135.85632 0.020597875 -0.04276633 0.9988726 2.8427734
-0.15016592 0.9877235 0.041997924 -37.77954 -0.98840606 -0.15087388 0.0142119955 -136.74548 0.020374183 -0.03938329 0.9990166 2.8780518
-0.14800858 0.9880141 0.043361142 -37.891113 -0.98870337 -0.1488361 0.016491562 -137.54736 0.022762777 -0.04042474 0.99892294 2.8995361
-0.14517008 0.9887014 0.037211172 -38.024536 -0.9891852 -0.14582168 0.0154355485 -138.42017 0.020680463 -0.034582205 0.9991882 2.9291992
-0.14234722 0.9893014 0.028937155 -38.146973 -0.9895936 -0.14274298 0.012085468 -139.25989 0.016095795 -0.026913391 0.99950796 2.9614258
-0.14170921 0.9896795 0.02479014 -38.268433 -0.98993605 -0.14191805 0.0068743844 -140.10608 0.01031411 -0.023563024 0.999669 2.9926758
-0.13675499 0.990419 0.020312387 -38.380127 -0.9905739 -0.13693164 0.0075721163 -140.93103 0.01027973 -0.019089816 0.9997649 3.0095215
-0.131176 0.9911951 0.0205547 -38.490967 -0.99130774 -0.13142942 0.0115087535 -141.76562 0.0140987765 -0.018868048 0.99972254 3.0401611
-0.12561549 0.99189055 0.020408642 -38.587524 -0.9919392 -0.12593924 0.015436981 -142.58997 0.017879093 -0.018299311 0.99967253 3.0579834
-0.11502361 0.9932506 0.013561528 -38.701782 -0.9931659 -0.11525035 0.017318869 -143.47522 0.018773593 -0.011481652 0.99975795 3.0655518
-0.10610341 0.9942497 0.014736331 -38.780884 -0.99425703 -0.106292956 0.012735521 -144.25476 0.014229535 -0.013295669 0.99981034 3.0880127
-0.09495342 0.9954255 0.0078483345 -38.854492 -0.9953894 -0.09503567 0.010860929 -145.0393 0.011558832 -0.0067813187 0.99991024 3.1174316
-0.07904422 0.9968387 0.005480718 -38.92981 -0.99680716 -0.0790925 0.009229097 -145.9436 0.00963753 -0.0047327764 0.99994236 3.156128
-0.066750996 0.99776113 0.0066046636 -38.974243 -0.9977017 -0.06682848 0.012314299 -146.64307 0.012725672 -0.005768265 0.99990237 3.1707764
-0.052470442 0.9986543 0.0020328294 -39.01709 -0.99858475 -0.052490942 0.011879129 -147.49658 0.011969946 -0.0014132448 0.9999274 3.192505
-0.03895689 0.9992435 -0.003258517 -39.052246 -0.99912655 -0.03890086 0.015767906 -148.24121 0.015626362 0.003868918 0.9998705 3.203247
-0.024689667 0.9996822 0.00039921515 -39.066284 -0.99946934 -0.024692535 0.020615967 -149.06323 0.020625979 0.00012226403 0.9997872 3.2305908
-0.011336454 0.9999275 0.004513086 -39.057373 -0.9994855 -0.011467109 0.030018404 -149.81091 0.030074872 -0.0041690227 0.9995391 3.2526855
0.0019604564 0.99994206 0.0105879465 -39.038452 -0.99923766 0.0015465616 0.03901103 -150.59167 0.038975418 -0.010648211 0.999183 3.2756348
