1.000000000000000000e+00 -3.306050084167601550e-19 -2.270457535318767223e-19 -8.673617379884035472e-19 7.546676715296109287e-19 1.000000000000000000e+00 6.237773588823049983e-19 1.387778780781445676e-17 -3.447385680526250622e-20 4.770700176052009879e-20 1.000000000000000222e+00 5.551115123125782702e-17
-7.469210192044670182e-02 -1.220138615818646029e-02 9.971398492568483984e-01 -5.610944964722534678e+00 -2.037630899991282885e-02 9.997350505057508441e-01 1.071093136029836052e-02 -3.631092956874706901e-03 -9.970064855729697806e-01 -1.951787418481722505e-02 -7.492091403559093810e-02 8.220921999740218311e-01
-1.852807229977654901e-01 -1.894573781855875272e-02 9.824508704081647004e-01 -4.570896992045358154e+00 -2.878527983664340775e-02 9.994895742728111543e-01 1.383002256568896006e-02 -2.179751451223616021e-02 -9.822115121662474690e-01 -2.572772938975874391e-02 -1.857313970895597965e-01 6.759796612166024232e+00
-2.189512076183653955e-01 -1.930087683851102257e-02 9.755776340645327949e-01 -2.881893230286373342e+00 -3.393864015888299612e-02 9.993498920582598588e-01 1.215040296863110873e-02 4.964694325191966462e-02 -9.751779672809257615e-01 -3.045759259002435784e-02 -2.194638577082126396e-01 1.226281577366067133e+01
1.501205638975700862e-01 -1.855846418173230997e-02 9.885605408963138441e-01 -5.947994724855140136e-01 -2.932397268901358253e-02 9.993004743403434142e-01 2.320943969273865301e-02 1.233598537641324572e-01 -9.883000537814695674e-01 -3.245931152184128310e-02 1.494712809645097340e-01 1.825527804996992032e+01
3.482604790798080607e-01 -1.905042501381111475e-02 9.372669498175126845e-01 -1.475642627738411594e+00 -2.254365375467854218e-02 9.993341954841112873e-01 2.869044429168505009e-02 2.000902617154912966e-01 -9.371898999359179472e-01 -3.111229455245426503e-02 3.475990929836882959e-01 2.472365225322221605e+01
4.807042603115287416e-01 -2.204301238940805513e-02 8.765106979973010803e-01 -2.741179011203388693e+00 -1.008475155620165709e-02 9.994788700909441603e-01 3.067141375184907065e-02 1.759910949538225633e-01 -8.767299492112609061e-01 -2.358793084933295814e-02 4.802314580489127072e-01 2.986958289206431516e+01
6.229017227029214343e-01 -2.011990920185517326e-02 7.820162180946815811e-01 -4.688669576234008929e+00 -7.735740046345637895e-03 9.994619771816922738e-01 3.187949141970213701e-02 2.438181210274332489e-01 -7.822366231968836958e-01 -2.591287331033442429e-02 6.224108205125729043e-01 3.491617281142269036e+01
8.206836359114580981e-01 -1.708441535738713241e-02 5.712037680664097117e-01 -7.835195796942137747e+00 -2.959457792253443378e-03 9.994123822350062802e-01 3.413862255258563044e-02 2.060469380803513217e-01 -5.714515781034874564e-01 -2.970580734128498365e-02 8.201507307777912148e-01 3.976383281946810655e+01
7.036925461039097440e-01 -1.894353733498503264e-02 7.103700022866166197e-01 -1.224465505139955290e+01 -7.951093287433859055e-03 9.993718306349078651e-01 3.453002455978034652e-02 1.543434004995034026e-01 -7.105783190430570162e-01 -2.994100185863253841e-02 7.030998521773507148e-01 4.308429381875247088e+01
4.403601736890602747e-01 -2.114471605463281306e-02 8.976200099691836742e-01 -1.568016313050164001e+01 -1.526411832056288886e-02 9.994018206964199180e-01 3.103536629174642736e-02 2.040151799161928348e-01 -8.977392846818874617e-01 -2.737186860073567360e-02 4.397740382912166957e-01 4.744123225251549059e+01
1.750368736793775082e-01 -2.311282747355859410e-02 9.843047458170641750e-01 -1.750954040617828866e+01 -1.504627711512768022e-02 9.995449481434783845e-01 2.614689588193809533e-02 2.672695909110589518e-01 -9.844610786655841883e-01 -1.939510545220081081e-02 1.746093967917225764e-01 5.233002521750342595e+01
-7.471287373719706637e-02 -2.178370986496292599e-02 9.969596562011970864e-01 -1.773277452086138339e+01 -2.228716644116088968e-02 9.995480801483156430e-01 2.017790433705281966e-02 3.876470956992361661e-01 -9.969487042987817960e-01 -2.071724341299679625e-02 -7.516461744093420883e-02 5.734288090156977802e+01
-4.305297462012486198e-01 -2.080231575081530407e-02 9.020994548008728353e-01 -1.694928457316697035e+01 -2.143261055183400335e-02 9.996880428493962745e-01 1.281155274524458168e-02 4.868042390968173594e-01 -9.020848911447069129e-01 -1.380845375692238593e-02 -4.308413375054627181e-01 6.139504227984882334e+01
-5.110319875218287677e-01 -1.873539506973368254e-02 8.588242005200310558e-01 -1.502507856393961383e+01 -1.745790545838965535e-02 9.997824117872425864e-01 1.140702529452865960e-02 5.569412602632917153e-01 -8.588514018138407868e-01 -9.153040905840707439e-03 -5.112478398080164688e-01 6.405840272402295454e+01
-7.243803286088242865e-01 -1.570807048939215980e-02 6.897772123607530670e-01 -1.349758244109292171e+01 -1.145973968243826566e-02 9.998764878193423522e-01 1.076882821539825418e-02 5.861418822495527703e-01 -6.898613919095880620e-01 -1.019631111447821928e-04 -7.244707685855179546e-01 6.554773769697045793e+01
-6.702628965419410445e-01 -1.399530822373370141e-02 7.417943199975310931e-01 -1.260039072828806539e+01 -5.399279088405130322e-03 9.998877466789906077e-01 1.397592776496652672e-02 6.102535552146084452e-01 -7.419066898974003843e-01 5.358588414104407081e-03 -6.702632492611950710e-01 6.593399673118658200e+01
-8.107763822974565215e-01 -9.594627121519616955e-03 5.851614073644113567e-01 -1.270272195275732585e+01 -2.454211523132452267e-03 9.999129042739289819e-01 1.296951973803820053e-02 6.112576915270293565e-01 -5.852348350740809169e-01 9.071592170680991760e-03 -8.107291628532424799e-01 6.527594535552358934e+01
-7.513071734384679790e-01 -8.772472270294802074e-03 6.602093921524665454e-01 -1.213979568352512750e+01 2.016629732308955914e-03 9.998768278972069989e-01 1.556632298851840131e-02 6.248433096522345576e-01 -6.602646201776031232e-01 1.302274074121272801e-02 -7.511971464097277895e-01 6.547555573383530714e+01
-8.617180526047824030e-01 -1.144918118942060171e-02 5.075849517022731350e-01 -1.259307899170694967e+01 -3.818057965267798986e-03 9.998636483786218498e-01 1.606867076947937970e-02 6.184188517799906748e-01 -5.076998659696415617e-01 1.190662177964196995e-02 -8.616442978230950400e-01 6.471048220217817004e+01
-8.195697140892505006e-01 -1.151617876817502897e-02 5.731510534718881056e-01 -1.205519968382890106e+01 2.211979873418574321e-04 9.997920993686468805e-01 2.039411101609968358e-02 6.385986359298082560e-01 -5.732666329525026860e-01 1.682910879498096882e-02 -8.193968466441426957e-01 6.500038423969446910e+01
-9.062517906531041278e-01 -1.283757216831134598e-02 4.229294758361986650e-01 -1.242938236825740006e+01 -5.057929408778687186e-03 9.997962340351869148e-01 1.954709853701909125e-02 6.220228110954729717e-01 -4.230944840543221508e-01 1.557839239214482696e-02 -9.061318833959683960e-01 6.415588698577366245e+01
-8.704265013064783618e-01 -1.102129736269930396e-02 4.914688960349538616e-01 -1.179682919359196980e+01 9.086923049405087232e-04 9.997109603585117021e-01 2.402200340514939331e-02 6.353693787026735151e-01 -4.915917438419310503e-01 2.136552412058845968e-02 -8.701647695874642485e-01 6.424244940242863322e+01
-9.368854412724283431e-01 -1.443196171890850574e-02 3.493541796233808894e-01 -1.232605827327700254e+01 -6.969637665701548454e-03 9.997191755195330432e-01 2.265673748863148568e-02 6.180217264989551484e-01 -3.495832469094860007e-01 1.878659013519386883e-02 -9.367228824824258560e-01 6.338936497768486333e+01
-9.033897910842537682e-01 -1.182901218815510420e-02 4.303021145987176443e-01 -1.183601131845689913e+01 -1.390781708027929910e-03 9.996967543251707999e-01 2.459126005488549219e-02 6.323413318430929353e-01 -4.304625913393304026e-01 2.159948575081527961e-02 -9.031324818490105155e-01 6.339524785829050302e+01
-9.604879192445473501e-01 -9.503561168061350206e-03 2.786798964928725586e-01 -1.211075599702582117e+01 -4.381766659819471242e-03 9.998106426226770482e-01 1.895716782351476726e-02 6.180316659358271458e-01 -2.788073239563643724e-01 1.698097117389101365e-02 -9.603477611436326278e-01 6.237136657315713961e+01
-9.312329607637578333e-01 -2.579691254073963099e-03 3.627931776167945266e-01 -1.149261719297265216e+01 4.873828234978479571e-03 9.997952388559965264e-01 1.963431819070044979e-02 6.415330170264257337e-01 -3.627697315522511734e-01 2.007032353059452420e-02 -9.310294478538962970e-01 6.247256343683242363e+01
-9.715906151372852850e-01 -2.658193219683282517e-03 2.415455550931129847e-01 -1.208848596536409126e+01 6.943895399823159231e-04 9.999049905150477757e-01 1.377818463570184421e-02 6.204593884690526862e-01 -2.415592728474695305e-01 1.353580269796044767e-02 -9.714964265595558146e-01 6.148336120840063757e+01
-9.700386190730360125e-01 3.116921677313438119e-04 2.378857789627913388e-01 -1.166941052794045319e+01 3.958938660175654982e-03 9.998821709037793992e-01 1.483043538315250050e-02 6.313529852869561587e-01 -2.378531314757299508e-01 1.534699342592342648e-02 -9.699254462284789824e-01 6.118507366379996881e+01
-9.835361940620819254e-01 1.934578877366681425e-03 1.780289269847474265e-01 -1.190021482440664613e+01 4.510420687170451845e-03 9.998901877881078981e-01 1.411406393519227913e-02 6.241598127666685425e-01 -1.779821831033057411e-01 1.469088443825477923e-02 -9.834367326023687461e-01 6.029533246380643874e+01
-9.782239239877981163e-01 3.422457047971477762e-03 2.060767596333635265e-01 -1.142368253080693741e+01 7.014335476619007297e-03 9.998363196010753295e-01 1.667966516678262220e-02 6.389799482345507320e-01 -2.059860294351899823e-01 1.776525076953540394e-02 -9.780878323007466957e-01 5.990118698309927225e+01
-9.868734102699875388e-01 2.441328130865597860e-03 1.651531898629685635e-01 -1.168805411399084626e+01 5.318134818028174247e-03 9.998403089396004084e-01 1.706413992645399585e-02 6.371703999799377405e-01 -1.650854373409670894e-01 1.770850738183532558e-02 -9.867288148301966988e-01 5.892728914784744632e+01
-9.835960270547727813e-01 -1.911511649210032319e-04 1.778122898940087127e-01 -1.113395131643731695e+01 3.648192531657345507e-03 9.997662362342931708e-01 2.131041013691292382e-02 6.535836081151560339e-01 -1.777749277632138525e-01 2.161958905649685736e-02 -9.833653028112647743e-01 5.853082310573575597e+01
-9.908660836857133836e-01 4.747153223032886358e-06 1.417916046721441892e-01 -1.155073044882797184e+01 3.114068707400243635e-03 9.997590506956912648e-01 2.173262258603542510e-02 6.556341145885453692e-01 -1.417573751636703183e-01 2.195153195824305070e-02 -9.906276600603624027e-01 5.755126992969312738e+01
-9.876919501173538896e-01 -2.010804082987317255e-03 1.551015656965655243e-01 -1.090533285235095917e+01 1.966573832784953083e-03 9.996718846962284744e-01 2.553919212061885047e-02 6.805830047210226219e-01 -1.551021436268388287e-01 2.553293899752265977e-02 -9.873638123330863436e-01 5.707757432064534697e+01
-9.920787212475973282e-01 -2.997597690293765573e-04 1.218497617713858727e-01 -1.140424577704052744e+01 2.845557502950403408e-03 9.996662071857157494e-01 2.567721425461505849e-02 6.829222788626704288e-01 -1.218168399542020053e-01 2.582368144327927550e-02 -9.917466575193866207e-01 5.599358769827576054e+01
-9.912180492048332514e-01 -1.649858996768045847e-03 1.265968171341523285e-01 -1.078843251998063302e+01 2.014263622057561789e-03 9.995831360634924723e-01 2.879096448430495947e-02 7.055470149883710240e-01 -1.265915411986513195e-01 2.882287952322262412e-02 -9.908013265780503120e-01 5.559278484568505263e+01
-9.944795315782396505e-01 -1.461648835080456895e-03 9.975263291251897091e-02 -1.123524028230147564e+01 1.689462214891083742e-03 9.995050271597089031e-01 3.140942475840174941e-02 7.027615916754950121e-01 -9.974906338446036524e-02 3.142109604979590604e-02 -9.939845696018547727e-01 5.440367658275489759e+01
-9.937408253437537420e-01 -5.232862326709394364e-03 1.054328756365330994e-01 -1.063565048513516764e+01 -1.484887091093708587e-03 9.993627893605496748e-01 3.565517664531550612e-02 7.373884562477068805e-01 -1.055524385261564640e-01 3.530157632923027616e-02 -9.931149425896416139e-01 5.405422394206771486e+01
-9.963457984477799290e-01 -2.798315156804466117e-03 7.379697432386746192e-02 -1.114750968656595909e+01 7.724682422985029078e-05 9.992425547444548917e-01 3.890266455937856083e-02 7.380045408299577003e-01 -7.384995816219723508e-02 3.880223229077606195e-02 -9.955902401261733647e-01 5.275450168609075519e+01
-9.966673337596302362e-01 -3.780912354457952127e-03 7.700892050689206458e-02 -1.056383346125100431e+01 -5.531007919792245518e-04 9.991181943406681754e-01 4.198192543161353291e-02 7.700177908642122926e-01 -7.709990315623820034e-02 4.180907498312463194e-02 -9.957903991552568002e-01 5.241094474858810059e+01
-9.978698560680897556e-01 -4.306804567105254264e-03 4.856954359152797912e-02 -1.108658883325097300e+01 -2.297464275372880244e-03 9.991445290018883263e-01 4.127592799858791767e-02 7.634674810699217939e-01 -4.870577987767573530e-02 4.112638692910976917e-02 -9.970252193891818715e-01 5.110417409817191015e+01
-9.991196832134375816e-01 -3.785001737846347032e-03 4.689552452051461151e-02 -1.050792078346659508e+01 -1.853722295720333126e-03 9.991519881480732668e-01 4.112352387904880113e-02 8.071031394172840656e-01 -4.701141386989991094e-02 4.101142283889468859e-02 -9.982796303550156569e-01 5.078455001847591177e+01
-9.997468420619619600e-01 -3.729198820401812432e-03 1.866365780628837651e-02 -1.105824722021960582e+01 -2.966524107062974269e-03 9.991619547464284379e-01 4.083383681059171710e-02 8.023737702555677753e-01 -1.880031299985206530e-02 4.075539783202411503e-02 -9.989198576910279792e-01 4.940399155224539385e+01
-1.001096337948110593e+00 -4.746050982855037730e-03 7.035299363380327631e-03 -1.054826211593412388e+01 -4.463985877418396794e-03 9.992307868171366181e-01 3.896952781993383991e-02 8.380315044431492222e-01 -7.214663211477984929e-03 3.893983427763872407e-02 -1.000348165375983589e+00 4.908284201712861972e+01
-9.991213994736393156e-01 -8.156680297566111862e-03 -2.664027757901069396e-02 -1.108057548230275735e+01 -9.168002333824833844e-03 9.992447192539916090e-01 3.776487024592007496e-02 8.359029557521567844e-01 2.631193911916731090e-02 3.798294021147809868e-02 -9.984409786815671151e-01 4.775443532078772080e+01
-9.993993012870918680e-01 -1.219227617595726801e-02 -4.480853867044706784e-02 -1.061472885619089190e+01 -1.389319297275063737e-02 9.991873862213601631e-01 3.784259181079161621e-02 8.743311584175118556e-01 4.431088279485172893e-02 3.842020646649976778e-02 -9.987568649750092620e-01 4.743696358577062000e+01
-9.968552720684249469e-01 -1.109163356793871000e-02 -9.259157917150036277e-02 -1.122728131323202483e+01 -1.458175956238760666e-02 9.992089975292357540e-01 3.700890146303997125e-02 8.646871801961248938e-01 9.210792885100138605e-02 3.820160823888234941e-02 -9.962293482101395314e-01 4.610393509282950930e+01
-9.930250149309887142e-01 -1.094704528391056940e-02 -1.196973372402439784e-01 -1.081294822344174200e+01 -1.542379079223506373e-02 9.992165171968668824e-01 3.646098844576087239e-02 8.963429062219875343e-01 1.192043733695418994e-01 3.802537368320073330e-02 -9.924159747886137639e-01 4.577232636030897339e+01
-9.882671902339068559e-01 -1.065654142268358633e-02 -1.565174904604628714e-01 -1.147999319259904283e+01 -1.619942048811791671e-02 9.992857518003600559e-01 3.415196141427546267e-02 8.956399529188340258e-01 1.560418200423627777e-01 3.625580501117695725e-02 -9.877343647128156157e-01 4.441307026744059527e+01
-9.836324054857475963e-01 -1.225262653721991002e-02 -1.839649133436214445e-01 -1.115283614092852460e+01 -1.852008684217741966e-02 9.993027595824008902e-01 3.242422673856814458e-02 9.167048376681083965e-01 1.834395883710414898e-01 3.528376008208410075e-02 -9.831739017651104362e-01 4.404785644746448270e+01
-9.771147034425183842e-01 -1.278730535800686775e-02 -2.158756028857421183e-01 -1.186383913243204091e+01 -1.926408828625746084e-02 9.994236098287156977e-01 2.796293075537656381e-02 9.152454664045623911e-01 2.153938604174192306e-01 3.145504792298828983e-02 -9.767981971004612296e-01 4.269537671836889103e+01
-9.679398941776634624e-01 -9.732702783498336715e-03 -2.557660246616981214e-01 -1.163252546844317337e+01 -1.650223886818882185e-02 9.995652216154957692e-01 2.443642014049785677e-02 9.306979560619761394e-01 2.554175218461388064e-01 2.784599952148130927e-02 -9.676800340113187460e-01 4.224492061107203966e+01
-9.601516960014554458e-01 -4.687647018632773790e-03 -2.769364160811801368e-01 -1.234442311149437366e+01 -9.863133433476632683e-03 9.998020992674410135e-01 1.726940151411609364e-02 9.226487392983822033e-01 2.768006555427855453e-01 1.932460029544241439e-02 -9.600078690100042333e-01 4.101011122351867755e+01
-9.480307641247106565e-01 5.041327155948505372e-04 -3.159793694405444442e-01 -1.219749396740103897e+01 -4.003009352934672020e-03 9.998995147044903442e-01 1.359691835058796962e-02 9.286308269360028511e-01 3.159545361345530989e-01 1.416381871740885097e-02 -9.479335088805611598e-01 4.065186052353455182e+01
-9.431477130628018735e-01 5.479955730171644397e-03 -3.307918253149066956e-01 -1.293464782150990366e+01 2.780128261601748276e-03 9.999591704877316412e-01 8.611480252430190815e-03 9.098288148957991428e-01 3.308255258168827373e-01 7.206357892904345988e-03 -9.431242401893646932e-01 3.937393815081416903e+01
-9.272778405816463065e-01 1.232686376652954857e-02 -3.762024433039032334e-01 -1.290860427476602013e+01 1.123107197739453729e-02 9.999239105275149475e-01 5.111094016549895189e-03 9.165000622092881466e-01 3.762368661349920762e-01 5.099168506389709522e-04 -9.273456816096870003e-01 3.908596260587088977e+01
-9.230291049928301961e-01 1.418468361048250310e-02 -3.842157481156216470e-01 -1.357002757504968038e+01 1.756418980966700794e-02 9.998317716417496337e-01 -5.292627325880109625e-03 8.781886471420632390e-01 3.840761388071939342e-01 -1.162743361898654557e-02 -9.231227593269896170e-01 3.775154347445968028e+01
-9.043613687727517503e-01 1.403497743363185842e-02 -4.285103082279627662e-01 -1.367260149568752325e+01 2.294934389560412610e-02 9.996142395234205447e-01 -1.564949897493742373e-02 8.576590046751551011e-01 4.281255123093921644e-01 -2.398342979064372119e-02 -9.043347231867343572e-01 3.752600859345669448e+01
-9.042786695049029877e-01 5.661002804311020611e-03 -4.279084795889880888e-01 -1.429439295501888196e+01 2.360710424925413498e-02 9.990497372282657329e-01 -3.663570684906369834e-02 8.078441811847156817e-01 4.272945005687184827e-01 -4.323220947453285112e-02 -9.035534664240768565e-01 3.619551050675792681e+01
-8.797542830342603981e-01 -1.019452316839374083e-03 -4.754400271181716819e-01 -1.444246707537620189e+01 2.455296663809164795e-02 9.985657952784040559e-01 -4.756723082090065502e-02 7.813487647947841008e-01 4.748067156151667967e-01 -5.353825577365702026e-02 -8.784675243024019364e-01 3.602596147771797064e+01
-8.774391959747441794e-01 -4.900342704485665356e-03 -4.793963925812805837e-01 -1.506418346855293144e+01 2.774888256479280876e-02 9.977516442854801326e-01 -6.098964809251117281e-02 7.039428090141393035e-01 4.786176257373312426e-01 -6.684939557616810524e-02 -8.753300865172178868e-01 3.474510048196408718e+01
-8.514217862354545030e-01 -3.610515291319079875e-03 -5.234148635730830890e-01 -1.529554816939689665e+01 3.316518588583036026e-02 9.975944902788019819e-01 -6.089701962589612327e-02 6.685148369000788460e-01 5.223754189497095135e-01 -6.917776674979925211e-02 -8.492524045133180710e-01 3.463858936389404164e+01
-8.522803152185201014e-01 -1.238372336344655206e-03 -5.225318287890299285e-01 -1.594016576428733423e+01 3.599343562100876248e-02 9.974834379405005391e-01 -6.107859189291670737e-02 5.758082855502041353e-01 5.212922293852986222e-01 -7.088444007313748907e-02 -8.500902148354754218e-01 3.336877318864191722e+01
-8.278081630108629074e-01 5.669881924848148465e-03 -5.614067668369868702e-01 -1.625002803348680658e+01 4.252751081952886592e-02 9.977096550784243512e-01 -5.258823391053823321e-02 5.445709665513410735e-01 5.598226459314820103e-01 -6.742966481175899363e-02 -8.261539358579972347e-01 3.322872335771200625e+01
-8.257205972731753718e-01 1.407904681253797918e-02 -5.641140098768092637e-01 -1.687432370585569785e+01 4.934323640913689663e-02 9.976619937156431250e-01 -4.730189702014432618e-02 4.600017478832696960e-01 5.621289870936796440e-01 -6.687199274718451381e-02 -8.244851200256892998e-01 3.201835757045544995e+01
-8.113629676515982103e-01 1.749938212968151288e-02 -5.844358246854870487e-01 -1.721726851525383850e+01 5.412637165160854441e-02 9.975087134033127079e-01 -4.526093887979296820e-02 4.318642431755038702e-01 5.821877490988622839e-01 -6.833068132185021737e-02 -8.102892270062921343e-01 3.191656061618785500e+01
-8.088816356234923566e-01 1.769858737917177904e-02 -5.875749117102653241e-01 -1.787046703274854664e+01 5.669298854696910861e-02 9.972355174674448763e-01 -4.803820042016669623e-02 3.419627111804955932e-01 5.851006927002422309e-01 -7.215487565892823862e-02 -8.076484656414074648e-01 3.067182912420975427e+01
-7.970602816790693934e-01 1.793550718547604755e-02 -6.039016887761728958e-01 -1.819833524188260654e+01 5.888229127006974067e-02 9.971065740533078259e-01 -4.806834646894306284e-02 3.161585884221773668e-01 6.012921302108917843e-01 -7.388881622830706375e-02 -7.958106313444228697e-01 3.061075640254901131e+01
-7.908743547271132046e-01 9.487667386478285114e-03 -6.122867855959263084e-01 -1.882231651425485808e+01 5.269195570308186222e-02 9.972256575441983406e-01 -5.259088988613167676e-02 2.362201590468974155e-01 6.100892478816105635e-01 -7.383511636238668241e-02 -7.891807186152725029e-01 2.943200752904959216e+01
-7.869903921397843893e-01 1.061454937637850045e-02 -6.171344024223990310e-01 -1.917812115872889223e+01 5.313513367356829248e-02 9.973068657847206087e-01 -5.055053854666297086e-02 2.073147205744531041e-01 6.149353675656940021e-01 -7.258995050736805066e-02 -7.854357306182027099e-01 2.931618722278331646e+01
-7.748784832283227564e-01 9.367439573247853674e-03 -6.316592069149327138e-01 -1.982552169696097977e+01 5.439897841319845523e-02 9.971649119093265456e-01 -5.197279301397567802e-02 1.392557291697660293e-01 6.293815305563028595e-01 -7.466052805616081589e-02 -7.731903450399514321e-01 2.822844993439493777e+01
-7.757347867705407518e-01 1.407040624342252404e-02 -6.304161275637973905e-01 -2.018349823350430583e+01 5.872670784586779547e-02 9.970167106281276892e-01 -5.005656376676335256e-02 9.059075509838682150e-02 6.278311340525677409e-01 -7.589762711142664098e-02 -7.742454787167484254e-01 2.805122799556635727e+01
-7.676044608977917738e-01 9.923400252488267029e-03 -6.409815765356277062e-01 -2.086795401420975082e+01 5.933426318822512813e-02 9.966889956537648976e-01 -5.559907582577521684e-02 1.731691671909738051e-02 6.383073364089306700e-01 -8.070413062427390927e-02 -7.656523419535441466e-01 2.697745877257403180e+01
-7.742691949743346624e-01 1.187466620179117305e-02 -6.327533126631499361e-01 -2.121933347793547497e+01 6.044241305857175200e-02 9.966428748341937816e-01 -5.524519789515426604e-02 -1.073366157517163105e-02 6.299727581730585335e-01 -8.099259791679330744e-02 -7.723879968955339459e-01 2.677020114628484748e+01
-7.695792014125977243e-01 1.077896039677876498e-02 -6.379464777670894593e-01 -2.197984867482558968e+01 6.028478746585012177e-02 9.966120866114988042e-01 -5.595423247736489025e-02 -1.063991666375832396e-01 6.351822310119483728e-01 -8.150339177323130679e-02 -7.676203700354795600e-01 2.561909194136941537e+01
-7.799477344314091898e-01 1.411050532034837691e-02 -6.255011541181734191e-01 -2.230339038232742155e+01 6.196640805069614927e-02 9.965725759645741588e-01 -5.482077969733555045e-02 -1.240776437990908365e-01 6.225839618308074419e-01 -8.148566040917483433e-02 -7.781484578470994062e-01 2.540043004828454443e+01
-7.798371067217257924e-01 8.890108140213211566e-03 -6.256036465403658209e-01 -2.309845927828695977e+01 5.514066646792561976e-02 9.969869027795867922e-01 -5.455658566790966280e-02 -2.326810491924772573e-01 6.232330011899225308e-01 -7.705579543474605497e-02 -7.779774089347530897e-01 2.421086336183858378e+01
-7.902393844627992880e-01 1.103093864904413322e-02 -6.126294378105683336e-01 -2.340173657917206995e+01 5.698231659695317947e-02 9.968310733119861711e-01 -5.552678690642643550e-02 -2.402450106955638931e-01 6.100748036926322282e-01 -7.876731108118405211e-02 -7.883643142955066851e-01 2.395450612082580477e+01
-7.891966353590410543e-01 8.011999964152574302e-03 -6.133054411852433274e-01 -2.419373682045393892e+01 5.262838003756384331e-02 9.971121178840239851e-01 -5.475315234117561491e-02 -3.578771297781855321e-01 6.110954441777826096e-01 -7.548835618700473760e-02 -7.873378372231639721e-01 2.276826248721708978e+01
-7.975930346611594945e-01 8.128832678701045783e-03 -6.026214268807659202e-01 -2.452167179370801264e+01 5.221672021622028592e-02 9.970812981751694393e-01 -5.568270701475633994e-02 -3.560973833872497774e-01 6.004096930241540342e-01 -7.590947765164370031e-02 -7.956885508560817000e-01 2.245862981319667639e+01
-7.945764478542896025e-01 3.331449681097276884e-03 -6.076289193581516646e-01 -2.536084960600126692e+01 4.511499384274549745e-02 9.975472746548944558e-01 -5.349951312579701718e-02 -4.787915521764832816e-01 6.059609059408586074e-01 -6.994268593871591500e-02 -7.927783371765814158e-01 2.122306366880108541e+01
-7.981685046313996557e-01 3.432413595269718544e-03 -6.024224853116552092e-01 -2.568358459685136097e+01 4.383750647183522892e-02 9.976627061708137623e-01 -5.243423953991321884e-02 -4.919523012343054447e-01 6.008348758164795411e-01 -6.822122208599409876e-02 -7.964531964048315871e-01 2.088579080063746574e+01
-7.934882367397370073e-01 -2.330884505972479382e-04 -6.078437131223763945e-01 -2.654827575525857242e+01 3.958358654181365344e-02 9.978560364135142802e-01 -5.209618573295472788e-02 -5.986984739699597879e-01 6.065530202812057237e-01 -6.544558871643189890e-02 -7.917761634928996983e-01 1.963062152467764676e+01
-7.980139576735785223e-01 3.344180792503562323e-03 -6.017229341686960442e-01 -2.686741168662730672e+01 4.231995468593942322e-02 9.978208365291071358e-01 -5.059751533564022657e-02 -6.146082045102359004e-01 6.002421374529099962e-01 -6.589582032329624472e-02 -7.964153388050220217e-01 1.928479158339984423e+01
-7.933790903091156865e-01 9.524718182514536630e-04 -6.089108198497797941e-01 -2.781139388154205250e+01 4.004674288081211397e-02 9.979144524556007312e-01 -5.062335168322676382e-02 -7.243055157887440254e-01 6.075930475316304591e-01 -6.454591842807011481e-02 -7.917627662640693842e-01 1.798040129015389965e+01
-7.987803081288890050e-01 5.167117880149696765e-03 -6.017200550420535032e-01 -2.809816202530214824e+01 4.291709494568449884e-02 9.979042415962190438e-01 -4.839683472169933887e-02 -7.292407903105103673e-01 6.002093166124952139e-01 -6.452780294072768541e-02 -7.973278905481711032e-01 1.769081801528880504e+01
-7.950962132202653576e-01 2.170153924344398085e-03 -6.070608852857577453e-01 -2.906777093947834345e+01 3.999645582575383357e-02 9.980076989995867454e-01 -4.878494941254137712e-02 -8.657980500994817419e-01 6.057458053406172827e-01 -6.307690002756881353e-02 -7.935997739911440085e-01 1.630605992493300960e+01
-7.949578333923411622e-01 4.196288324656675083e-03 -6.070227685335639611e-01 -2.945629423740724562e+01 4.096935902174818345e-02 9.980656304039110527e-01 -4.677029667539091273e-02 -8.914328414109325971e-01 6.056527124628574565e-01 -6.202174310587510453e-02 -7.935922373382606754e-01 1.578326220970276772e+01
-7.949671347878412009e-01 7.065518234502955047e-04 -6.070058537878364469e-01 -3.031919855242652773e+01 3.703422863899447776e-02 9.981927634787677306e-01 -4.733798115383590355e-02 -1.010797554738520621e+00 6.058754942385610187e-01 -6.008192042604475896e-02 -7.935571234991235512e-01 1.461780783350117474e+01
-7.939330955492374109e-01 2.039028281585758638e-03 -6.072754014949267587e-01 -3.065996608716408289e+01 3.750665904639761961e-02 9.982500848893240963e-01 -4.570016428004843034e-02 -1.033146463008740357e+00 6.061193279071284135e-01 -5.909364039198328200e-02 -7.926194228308399703e-01 1.414938492832841455e+01
-7.966576430793391728e-01 1.413185783855583052e-03 -6.041904006757107259e-01 -3.159623128180851381e+01 3.599902617842211383e-02 9.983305997781392049e-01 -4.515392178495530873e-02 -1.137627479195170599e+00 6.031181696362057920e-01 -5.774114671792745374e-02 -7.953780744012841630e-01 1.290977259025638446e+01
-7.973131515123753621e-01 4.376535160211823816e-03 -6.043926256174253497e-01 -3.188190801176843792e+01 3.660310147391394181e-02 9.984873457010003950e-01 -4.105008281007663240e-02 -1.161295869574195727e+00 6.032990404885603120e-01 -5.480070910416416641e-02 -7.962681001143759874e-01 1.255364378669799663e+01
-7.990752764854641699e-01 5.198190673119715451e-03 -6.014134095487997378e-01 -3.277768616860899442e+01 3.646367105799213498e-02 9.985425729357247926e-01 -3.980531822073756637e-02 -1.268091662700639777e+00 6.003299145951277449e-01 -5.370821502220685800e-02 -7.981005857874188258e-01 1.130021991208105270e+01
-7.989916920215275331e-01 6.881251170749673636e-03 -6.015379300113686822e-01 -3.308476708883610229e+01 3.749998981401760079e-02 9.985593480580814418e-01 -3.839420687057457093e-02 -1.282738667927614928e+00 6.004072974701423204e-01 -5.320391094058635889e-02 -7.980988426172119787e-01 1.090797871447599299e+01
-8.036307256124971543e-01 6.478744300601482764e-03 -5.954437894481284799e-01 -3.405206796966405847e+01 3.718014594991599781e-02 9.985355335823600242e-01 -3.929448590734685443e-02 -1.397574507819460354e+00 5.943171983835341399e-01 -5.372394407766164365e-02 -8.026949204652852332e-01 9.591669608934857649e+00
-8.017675343149442968e-01 7.288414337233674149e-03 -5.980761004578475371e-01 -3.434063700428454524e+01 3.791755231892428996e-02 9.985330490084008970e-01 -3.866593836085143593e-02 -1.413484588676800380e+00 5.969172934019009169e-01 -5.364850296183979600e-02 -8.008679474212703209e-01 9.198217113224867347e+00
-8.037919457656937938e-01 3.934563964349583991e-03 -5.944093720158577510e-01 -3.526239000744644159e+01 3.599922682633450305e-02 9.984652925796143608e-01 -4.208393153765736805e-02 -1.522068463802865645e+00 5.933313718141655091e-01 -5.522965259424054973e-02 -8.026994340980087017e-01 7.953090068681263780e+00
-8.001569941668201791e-01 3.072357332050797401e-03 -5.998810673167478402e-01 -3.563790970480841480e+01 3.563493997734178131e-02 9.984650293265709964e-01 -4.242175388764028721e-02 -1.555604254876867154e+00 5.988298144182305771e-01 -5.528373315051124393e-02 -7.990383947140416998e-01 7.454145457330710656e+00
-7.993779386384693986e-01 -3.924437851701249045e-04 -6.005424577412746823e-01 -3.648141764365490047e+01 3.317224171322293025e-02 9.984451919522568941e-01 -4.479818247095405243e-02 -1.657516866235669184e+00 5.996259968622948966e-01 -5.573641630034684158e-02 -7.981219474895079324e-01 6.322047948740102008e+00
-7.927095548555361804e-01 2.012411591978710817e-03 -6.099712507868462197e-01 -3.688059853808952937e+01 3.455579674550814800e-02 9.985366287191094203e-01 -4.161285912871602599e-02 -1.684072237872705768e+00 6.089950242981516659e-01 -5.403708993581361753e-02 -7.916192577396109487e-01 5.787939448392521946e+00
-7.915184574076012947e-01 5.499244982349812093e-03 -6.109389473183806096e-01 -3.767123905821350860e+01 3.576998295992354221e-02 9.986616306790249142e-01 -3.735309944323550457e-02 -1.778883665080488452e+00 6.099157753963648787e-01 -5.142392812575235367e-02 -7.906558371126710671e-01 4.764368871463818600e+00
-7.858384747639968193e-01 4.312451449563530631e-03 -6.179589375562891673e-01 -3.818151067329275605e+01 3.388251645833167958e-02 9.987722006735415547e-01 -3.613637722689277271e-02 -1.823734808857729872e+00 6.170443243162133662e-01 -4.934144175786895486e-02 -7.850193448823231668e-01 4.111988388014470530e+00
-7.831112228387686613e-01 3.766542331983134019e-03 -6.227892560804657585e-01 -3.875997588285113693e+01 3.506324113471724624e-02 9.986621492069726047e-01 -3.801262635099075804e-02 -1.876079317448007489e+00 6.218130220478260695e-01 -5.158849362640291480e-02 -7.821963102030429216e-01 3.354040932575483858e+00
-7.795437698006312255e-01 1.740281553964013539e-03 -6.263743002987607333e-01 -3.947163067307111817e+01 3.523785914762417315e-02 9.985344291085367363e-01 -4.107874537296789252e-02 -1.941898789092971978e+00 6.253847032247152882e-01 -5.409382668977816278e-02 -7.784626837486710027e-01 2.443570902494282215e+00
-7.757597473689176182e-01 9.111363667034146757e-05 -6.309643426026860791e-01 -4.003107132367454568e+01 3.382020781882667804e-02 9.985685160580124453e-01 -4.144635488591565803e-02 -1.998669655745113349e+00 6.300572867801216281e-01 -5.347884436324241292e-02 -7.746522330636371745e-01 1.744761256530080518e+00
-7.720205599725479262e-01 -1.841697246725401173e-03 -6.347282106471906493e-01 -4.063942427102206523e+01 3.240503140074758176e-02 9.985771119517512506e-01 -4.234795550838971884e-02 -2.060118694544826212e+00 6.339027783203817767e-01 -5.327854776889649063e-02 -7.708615189057779205e-01 1.009900649455158561e+00
-7.709201830818717127e-01 -5.919393702684401341e-04 -6.372603679758324091e-01 -4.130027165705855907e+01 3.284914404045075065e-02 9.986330697563510217e-01 -4.065112320161864273e-02 -2.128235341571230066e+00 6.364135157956263278e-01 -5.227842904046868522e-02 -7.698472312522687266e-01 1.863689254337613788e-01
-7.684353258953415811e-01 6.490721908371831390e-03 -6.400698595758521625e-01 -4.191848636338049516e+01 3.448159788584646140e-02 9.989164916047753584e-01 -3.126346377711759078e-02 -2.183536919855885383e+00 6.391734765231434912e-01 -4.608658614485921373e-02 -7.678265154980995488e-01 -5.525575474129519327e-01
-7.659087439509518758e-01 1.339510644845207273e-02 -6.432482927923556248e-01 -4.252434509286327113e+01 3.473514515818992149e-02 9.991860319769961807e-01 -2.053195221777414509e-02 -2.229929896066298767e+00 6.424497281232494084e-01 -3.804827061373090846e-02 -7.657509713832830744e-01 -1.275990527853672951e+00
-7.648405164352052310e-01 1.464517703328465162e-02 -6.439146812008307297e-01 -4.317224086011562889e+01 3.393335847752433632e-02 9.992696569347354618e-01 -1.757080639636419278e-02 -2.272742528185289768e+00 6.431868266742317708e-01 -3.529489510173550865e-02 -7.647788719448428418e-01 -2.055529813659131122e+00
-7.641386246530172954e-01 1.217089740783242058e-02 -6.446420878673516652e-01 -4.379347091773221479e+01 3.506694902651790596e-02 9.991266448849412951e-01 -2.270286212041679186e-02 -2.310350820126414462e+00 6.438026183164977656e-01 -3.998429616663589509e-02 -7.638978226687527240e-01 -2.790743985295968788e+00
-7.644095070358368771e-01 8.733613133826510083e-03 -6.451429760521714130e-01 -4.443222139588259978e+01 3.576066380097592257e-02 9.989453635904087525e-01 -2.882040081184381389e-02 -2.356329310750045813e+00 6.442109734694876355e-01 -4.507486191383225371e-02 -7.639159396386782097e-01 -3.526617686208158631e+00
-7.617172217022297742e-01 1.231581537911786463e-02 -6.468189140973342743e-01 -4.504181742286444745e+01 4.199428561555611922e-02 9.986519198090461069e-01 -3.048647218607968001e-02 -2.404477411723775937e+00 6.455712180572652503e-01 -5.041806714615984508e-02 -7.612066631336719125e-01 -4.258024219325089454e+00
-7.635297930040173542e-01 1.537385698617237985e-02 -6.457333296992315841e-01 -4.569606789759070153e+01 4.480729726679974489e-02 9.985698659628496898e-01 -2.918574993922466373e-02 -2.450389874099538456e+00 6.443612437640392487e-01 -5.119551523797100795e-02 -7.631269140652471306e-01 -4.994515039222289232e+00
-7.643638501171531319e-01 1.691726063843542946e-02 -6.445786477957085037e-01 -4.630902795336297118e+01 4.456889391317273019e-02 9.986517726131648454e-01 -2.662453283123409828e-02 -2.498138476484066395e+00 6.432591551857274048e-01 -4.907249141084977367e-02 -7.640873838607579183e-01 -5.735292632591734829e+00
-7.640012129831191823e-01 1.914822831733337810e-02 -6.450909340984087859e-01 -4.692839758328430122e+01 4.234073309606319752e-02 9.988936330240216765e-01 -2.048082589248585023e-02 -2.536201933767133987e+00 6.439851591986806012e-01 -4.295142091643691651e-02 -7.639667909019559611e-01 -6.477804488916870440e+00
-7.656801175317938801e-01 2.042937790173963639e-02 -6.436008499541104877e-01 -4.753618348281653994e+01 3.959726145645427881e-02 9.990979801795453197e-01 -1.535798154964639756e-02 -2.573128237408001784e+00 6.427067739930202306e-01 -3.723616663855976866e-02 -7.657985031544959353e-01 -7.218658346126057168e+00
-7.655979091917809454e-01 1.615379798723124913e-02 -6.435985448608944060e-01 -4.814547984449566087e+01 3.214117151279657913e-02 9.993975466676190411e-01 -1.311172923400985395e-02 -2.611870118824165754e+00 6.429988105664783404e-01 -3.073257360148859418e-02 -7.656561147364275843e-01 -7.960381034288276147e+00
-7.675200312626295762e-01 9.941340083362141741e-03 -6.416810395956816793e-01 -4.874385333286218724e+01 2.366866281737329755e-02 9.996380602934791249e-01 -1.280908443309249425e-02 -2.629839624198724746e+00 6.413216453647623272e-01 -2.499597229515497510e-02 -7.674776500788231814e-01 -8.707305850940338487e+00
-7.684523728608757542e-01 1.299023318938534281e-02 -6.396677289668030175e-01 -4.935452434625875640e+01 2.592279492339933170e-02 9.996050324534406784e-01 -1.083649458680984758e-02 -2.667735199813887181e+00 6.392743306753113641e-01 -2.492665203583978306e-02 -7.684856116151176364e-01 -9.437321381649345753e+00
-7.703576358833426063e-01 1.656917057814721178e-02 -6.375091628547814304e-01 -4.996069994659092828e+01 3.086945728938905731e-02 9.994593747223819991e-01 -1.131595509557159311e-02 -2.705111708397021530e+00 6.369770979448469150e-01 -2.840097209769994885e-02 -7.704526995705459624e-01 -1.017193003677138918e+01
-7.743031255744766694e-01 1.558100418633082303e-02 -6.325564999373685104e-01 -5.056842903563546088e+01 3.193827884113627918e-02 9.993853771051575130e-01 -1.446674642733438917e-02 -2.737725496241468992e+00 6.319423868326309313e-01 -3.139287146139999041e-02 -7.743250460443832361e-01 -1.091261326999588199e+01
-7.800420963370046090e-01 1.951394622396885117e-02 -6.246729691653671868e-01 -5.116409592977214515e+01 3.680670795444167254e-02 9.992132343488057122e-01 -1.476877981892833758e-02 -2.770095007745546845e+00 6.238932766008949971e-01 -3.451231870853710415e-02 -7.801465108030914974e-01 -1.165066002820190505e+01
-7.856249063932563281e-01 2.563135451782667246e-02 -6.183893878039470327e-01 -5.175306636031043439e+01 4.328893105282742571e-02 9.989701743533091483e-01 -1.358333374485017932e-02 -2.804667249287567721e+00 6.174045055379169256e-01 -3.744752522083898832e-02 -7.859253670658878921e-01 -1.239490167931663400e+01
-7.940264474375824388e-01 2.452305565579971855e-02 -6.082402439129912519e-01 -5.232417472570656969e+01 4.143253143249754633e-02 9.990463394844619760e-01 -1.379243206411726909e-02 -2.838347101323183352e+00 6.073225629985565810e-01 -3.612676739118385327e-02 -7.942854173879132507e-01 -1.314699403289856150e+01
-8.004596366616163472e-01 2.257175665256512878e-02 -5.988648783065910752e-01 -5.287253882504705871e+01 3.784390692449016852e-02 9.992001477749367089e-01 -1.292688068263009304e-02 -2.861517381100968205e+00 5.980945007867457530e-01 -3.299715108452827561e-02 -8.006736327945338516e-01 -1.391124417134797220e+01
-8.085421921003888013e-01 2.507710619900861346e-02 -5.880613795800302412e-01 -5.342700790557743318e+01 3.796595056360579923e-02 9.992332010426637767e-01 -9.584462326388857104e-03 -2.891736146607461588e+00 5.873704482679016348e-01 -3.005751223321266943e-02 -8.088742641378926512e-01 -1.467533016152178327e+01
-8.166090267800389935e-01 2.559518471180768223e-02 -5.769425555642739845e-01 -5.397319498268922189e+01 3.731229451629852756e-02 9.992678442689625351e-01 -8.470564992614846092e-03 -2.923167721056682655e+00 5.763034223903988895e-01 -2.844102069175185113e-02 -8.169661423752454521e-01 -1.545338243884524942e+01
-8.237203554830622165e-01 2.700129261683134260e-02 -5.670432121549796589e-01 -5.449326109865972256e+01 3.851653425376910106e-02 9.992230954587986158e-01 -8.360260799539867907e-03 -2.942602020130756113e+00 5.663772882977351486e-01 -2.871286896661387478e-02 -8.241205440261819559e-01 -1.622636478030688423e+01
