1 0 0 0 0 1 0 0 0 0 1 0
0.99987528 0.00079416147 0.015773478 -0.0057436928 -0.00078834944 0.99999962 -0.00037468602 -0.0039803386 -0.015773771 0.00036220429 0.99987552 0.12678814
0.99932459 0.0029382289 0.036629577 0.0051908999 -0.0029253182 0.99999564 -0.00040606116 0.00034439143 -0.036630614 0.00029863377 0.99932883 0.27337058
0.9980091 0.005336499 0.062843956 0.064864971 -0.0054224136 0.99998458 0.0011966301 -0.001591826 -0.062836606 -0.0015350136 0.99802265 0.41184973
0.99524864 0.0047968807 0.097247782 0.10037587 -0.0051691901 0.99998024 0.0035768753 0.0013397304 -0.097228711 -0.0040625726 0.99525377 0.59530583
0.99087361 0.0015619054 0.13478517 0.16641839 -0.0023098975 0.99998279 0.0053933073 0.00011726317 -0.13477444 -0.0056554258 0.99086017 0.77708971
0.98472112 -0.0018879294 0.17412852 0.21829682 0.00085706634 0.99998166 0.0059951325 -0.0092002592 -0.17413666 -0.0057542939 0.98470468 0.96492392
0.97597973 -0.0021832829 0.21785041 0.3110395 0.00063462097 0.99997403 0.0071785454 -0.0060850843 -0.21786044 -0.0068678623 0.97595577 1.1942701
0.96400389 -0.0018589401 0.26588162 0.41002061 -0.00092445125 0.99994608 0.010343003 0.00039394832 -0.26588654 -0.01021649 0.9639502 1.3885162
0.95021244 -0.0060040205 0.31154495 0.54395336 0.00068002683 0.99985193 0.017194827 0.0081531891 -0.31160208 -0.01612688 0.95007583 1.6263992
0.93294604 -0.015574561 0.35967917 0.67515594 0.0068718372 0.99965218 0.025461832 -0.002192594 -0.35995065 -0.021282859 0.93272857 1.8385698
0.91150109 -0.021292521 0.41074613 0.83225769 0.0097830216 0.99949893 0.030102822 -0.0065453771 -0.41118131 -0.023420417 0.91125267 2.0637553
0.88650958 -0.023118428 0.46213232 1.0095603 0.0081703284 0.99937745 0.034321257 -0.0051026449 -0.46263811 -0.02665035 0.88614657 2.2971916
0.85848318 -0.025006968 0.51223164 1.2029951 0.006055459 0.9992351 0.038633557 0.018283928 -0.51280599 -0.030064461 0.85797795 2.5035762
0.82649934 -0.030579857 0.56210647 1.4146142 0.0075611588 0.99903644 0.043232198 0.021617514 -0.56288693 -0.031481207 0.82593418 2.7330433
0.79065946 -0.036331699 0.61117722 1.642112 0.0096909892 0.99885537 0.04684049 0.024712086 -0.61217949 -0.031111965 0.79010654 2.9411503
0.75228435 -0.040672788 0.65758189 1.9135304 0.010533313 0.99870756 0.049721829 0.033074518 -0.65875439 -0.030478439 0.75174049 3.1595603
0.71262992 -0.044103428 0.70015245 2.2027073 0.011964856 0.99864086 0.050727482 0.040991073 -0.70143816 -0.027772698 0.71218904 3.3816913
0.67079508 -0.045801348 0.74022709 2.4843635 0.010933294 0.99859348 0.051879927 0.055862032 -0.74156218 -0.026707679 0.67035235 3.5859644
0.62887115 -0.046440694 0.77612131 2.8297664 0.0068236318 0.99850578 0.054218477 0.084618491 -0.77747963 -0.02880047 0.62824837 3.7951814
0.58638285 -0.047123121 0.80866217 3.1786757 0.0038000614 0.99845549 0.055427407 0.098446795 -0.81002516 -0.029428715 0.58565625 3.9987101
0.5462506 -0.04816308 0.83623594 3.5468034 0.0015772472 0.99840289 0.056472802 0.12067949 -0.83762035 -0.029529351 0.54545414 4.2031357
0.50806224 -0.050900816 0.85981498 3.9650613 0.00091542732 0.99828364 0.058557199 0.13520635 -0.86131991 -0.028963603 0.50723681 4.4222598
0.47035052 -0.05057976 0.88102895 4.3955605 -0.0022898058 0.9982828 0.058533735 0.15376692 -0.88247675 -0.029548758 0.46942701 4.5974105
0.43463242 -0.049952351 0.89922153 4.8523199 -0.0033424955 0.99836428 0.057075367 0.1801216 -0.90060177 -0.027812449 0.43375452 4.7923649
0.40010984 -0.048765873 0.9151688 5.3399695 -0.0019991862 0.99853449 0.054082154 0.20189802 -0.91646505 -0.023468394 0.39942598 4.9807575
0.37153764 -0.047085722 0.92722308 5.8400219 -0.00016376759 0.99870977 0.05078154 0.22038925 -0.92841792 -0.019019102 0.37105056 5.1700093
0.345378 -0.045208004 0.9373741 6.3916305 0.00082225287 0.99885323 0.04787008 0.24748175 -0.93846334 -0.015762514 0.34501911 5.3350976
0.32444283 -0.044521454 0.94485693 6.9612756 0.0021633024 0.99892402 0.046326253 0.2706909 -0.94590287 -0.012986209 0.32419005 5.5357735
0.31040065 -0.045003406 0.94953992 7.5578985 0.0027279693 0.9989168 0.046451859 0.29510321 -0.95060195 -0.011828371 0.31018719 5.7332401
0.29684325 -0.046662299 0.95378543 8.1620842 0.0040093775 0.9988575 0.047619548 0.31291236 -0.95491784 -0.010311455 0.29669119 5.8885143
0.28766277 -0.048314355 0.9565123 8.8001185 0.0029278981 0.99876645 0.049568113 0.34459397 -0.95772733 -0.011458329 0.28744938 6.084599
0.27617004 -0.050124113 0.95980082 9.4625689 0.00097105492 0.99865318 0.051873709 0.37152378 -0.96110834 -0.013393944 0.27584676 6.2740671
0.26550821 -0.051785702 0.96271676 10.160476 0.00042132701 0.99856252 0.05359769 0.40504825 -0.96410855 -0.013825007 0.26514836 6.465202
0.25606813 -0.053847797 0.96515773 10.875315 -0.00024063839 0.99844368 0.055768721 0.43279113 -0.96665875 -0.014512846 0.25565665 6.6371689
0.24578703 -0.055376092 0.96774074 11.61474 -0.00055261483 0.99835866 0.057268464 0.46337166 -0.96932374 -0.014610633 0.245353 6.8324105
0.23521866 -0.05682839 0.97027967 12.372837 -0.0014204306 0.99826807 0.05881199 0.49104704 -0.97194148 -0.015211892 0.23473056 7.0026589
0.22501021 -0.059705832 0.97252534 13.110737 -0.0024939844 0.99808222 0.06185186 0.52700362 -0.97435326 -0.016342762 0.22442978 7.1743829
0.21359693 -0.063384656 0.9748634 13.889438 -0.0046882473 0.99781494 0.065904157 0.56829547 -0.97691067 -0.018647326 0.21283305 7.3464937
0.2005157 -0.067081182 0.97739116 14.705684 -0.0045216128 0.99757906 0.069394362 0.61074776 -0.9796801 -0.018334043 0.19972695 7.5065913
0.18789961 -0.069250582 0.97974385 15.488413 -0.005949221 0.99741278 0.07164043 0.64581413 -0.98217026 -0.019289921 0.18700148 7.6748418
0.17430491 -0.070166385 0.98218857 16.272792 -0.0059906024 0.99736395 0.072313622 0.6850195 -0.98467355 -0.01848852 0.1734251 7.822744
0.1606779 -0.069337323 0.98456837 17.063208 -0.007785859 0.99740933 0.071512259 0.72712031 -0.98697623 -0.01915615 0.15972179 7.9688207
0.14356511 -0.068353059 0.98727749 17.877656 -0.0085227589 0.99748953 0.070299416 0.76557074 -0.98960422 -0.018506871 0.14262213 8.0713319
0.12326427 -0.066853098 0.99011944 18.714766 -0.011396195 0.99756712 0.068774729 0.80209028 -0.99230848 -0.01976106 0.12220252 8.1741533
0.098636055 -0.065597616 0.99295911 19.528972 -0.015419738 0.99760442 0.067436224 0.84384083 -0.99500414 -0.021962812 0.097388265 8.2619059
0.067713098 -0.064911257 0.99559097 20.342899 -0.019751026 0.99759855 0.066385474 0.88440137 -0.99750936 -0.024159108 0.066268423 8.3109758
0.034549622 -0.064639501 0.99731037 21.197789 -0.023086171 0.99758828 0.065457283 0.92215605 -0.99913635 -0.025285601 0.032974017 8.331611
0.00057037963 -0.064152436 0.99793991 22.01406 -0.024137875 0.99764847 0.064147496 0.95593922 -0.99970852 -0.024124736 -0.00097946661 8.3034881
-0.03327633 -0.063001277 0.99745849 22.886276 -0.02570072 0.99773516 0.062161346 0.98542258 -0.99911573 -0.023566899 -0.034820144 8.2797971
-0.06844282 -0.061066685 0.99578429 23.702819 -0.028220412 0.997844 0.059253335 1.0176354 -0.99725587 -0.024045977 -0.070018585 8.2384581
-0.10092915 -0.057772916 0.99321474 24.559688 -0.028968919 0.99805991 0.055110966 1.0608604 -0.99447182 -0.023210054 -0.10240696 8.1305586
-0.1327405 -0.053280886 0.98971765 25.416507 -0.027458727 0.99836848 0.050063847 1.0809058 -0.99077044 -0.020530886 -0.13398696 7.980086
-0.16346859 -0.047768618 0.98539134 26.266025 -0.0224654 0.9987483 0.04468929 1.0997895 -0.98629276 -0.014831914 -0.16433712 7.8637944
-0.19512646 -0.041803267 0.97988676 27.053091 -0.016885565 0.99908635 0.039259897 1.1128389 -0.98063277 -0.0088852959 -0.19565405 7.655279
-0.22341152 -0.035969329 0.97406028 27.90652 -0.010943655 0.99934846 0.034393103 1.1277253 -0.97466282 -0.0029759637 -0.2236596 7.4402517
-0.25163171 -0.029321359 0.96737876 28.70279 -0.0019367377 0.99955422 0.029792823 1.1438723 -0.96782117 0.0056232609 -0.25157632 7.2253602
-0.27804118 -0.019116235 0.96037888 29.491378 0.0047681038 0.99976217 0.021280579 1.1416726 -0.96055736 0.010496065 -0.2778839 6.9868003
-0.30160498 -0.0038284694 0.95342525 30.303625 0.0086655167 0.99993963 0.0067564836 1.1291226 -0.95339363 0.010299713 -0.3015536 6.715134
-0.32794873 0.012899973 0.9446074 31.064526 0.0089728201 0.99990419 -0.010539946 1.1096107 -0.94465295 0.0050192313 -0.32803307 6.4560911
-0.35328607 0.027503456 0.93511092 31.824497 0.0080251835 0.99962007 -0.026368871 1.0795413 -0.93548096 -0.0018113173 -0.35337256 6.1353165
-0.37792319 0.038526314 0.92503498 32.58254 0.011829027 0.9992532 -0.036784639 1.0410897 -0.92576142 -0.0029595038 -0.37809669 5.8180228
-0.40156788 0.043446158 0.91479812 33.346793 0.016074138 0.99905462 -0.040391673 0.99631228 -0.91568823 -0.0015154061 -0.40188661 5.472833
-0.42411017 0.042625284 0.90460686 34.074291 0.018313163 0.9990911 -0.038491574 0.94848421 -0.90542546 0.00024154546 -0.4245053 5.1187883
-0.44444081 0.03907586 0.89495552 34.797842 0.022705358 0.99921858 -0.032352599 0.90958581 -0.89552046 0.0059414716 -0.44498075 4.7365314
-0.46264091 0.037875383 0.88573629 35.537294 0.029902486 0.99918517 -0.027107851 0.8699382 -0.88604136 0.013944517 -0.4633965 4.3421401
-0.47629992 0.038771809 0.87842761 36.253005 0.033781395 0.99909667 -0.025780962 0.83017102 -0.87863375 0.017395041 -0.47717943 3.9611072
-0.48792425 0.041885047 0.87188044 36.93057 0.036502423 0.99895341 -0.027562028 0.77917951 -0.87212245 0.018377568 -0.4889425 3.5731026
-0.4972411 0.044690384 0.86646061 37.638627 0.038206956 0.9988316 -0.029591764 0.74160002 -0.86677078 0.018390582 -0.49836761 3.14854
-0.50776591 0.043845143 0.86037859 38.295663 0.031333479 0.99898317 -0.032416529 0.6815097 -0.86092512 0.010498647 -0.50862342 2.7601778
-0.51910879 0.042585456 0.85364658 39.010937 0.029705989 0.99905351 -0.031774869 0.657016 -0.85419183 0.008863803 -0.5198825 2.3431765
-0.52741529 0.044283957 0.8484527 39.683889 0.032115416 0.99896611 -0.032176231 0.61625727 -0.84900045 0.010278177 -0.5282922 1.9098436
-0.53501075 0.047298283 0.84352019 40.376946 0.0360292 0.99880066 -0.033153382 0.56746741 -0.84407669 0.012653943 -0.53607321 1.474945
-0.53870782 0.050684889 0.84096662 41.064644 0.036751455 0.99865228 -0.036646262 0.53231478 -0.84169072 0.01116512 -0.53984454 1.021403
-0.53818566 0.051817441 0.84123189 41.776112 0.035832548 0.99861256 -0.038587438 0.48586462 -0.8420643 0.0093762772 -0.53929571 0.57189952
-0.5349624 0.053067217 0.84320759 42.502362 0.038527246 0.9985195 -0.038398637 0.44491524 -0.843997 0.01194464 -0.53621493 0.12296489
-0.52900547 0.051695134 0.84704236 43.248883 0.036805484 0.99860127 -0.037958579 0.3979852 -0.84781993 0.011095509 -0.5301682 -0.33925242
-0.5220681 0.050485328 0.85140829 43.999496 0.034828035 0.99867587 -0.037861825 0.35908331 -0.85219245 0.0098864277 -0.52313512 -0.79417042
-0.51481519 0.049631044 0.85586332 44.785719 0.032717835 0.99873299 -0.038235687 0.31057083 -0.85667667 0.0083176833 -0.51578673 -1.2634488
-0.50872241 0.048332582 0.85957281 45.592856 0.02958812 0.99881463 -0.038650769 0.25591256 -0.86042206 0.005770632 -0.50954945 -1.727613
-0.50422075 0.046266094 0.86233452 46.409018 0.02568745 0.9989255 -0.03857463 0.20792851 -0.86319271 0.0027010465 -0.50486743 -2.1878255
-0.50304306 0.043174822 0.86318222 47.23554 0.020881834 0.99906704 -0.037802074 0.16989323 -0.86400908 -0.00099124245 -0.50347531 -2.659711
-0.50325179 0.040862207 0.86317313 48.069891 0.018229983 0.99916109 -0.03667127 0.11538228 -0.86394755 -0.0027192498 -0.50357453 -3.1244859
-0.50448217 0.039145317 0.86253424 48.907614 0.016071381 0.99922439 -0.035948983 0.063766192 -0.86327256 -0.0042735037 -0.50472001 -3.6251376
-0.50482124 0.038721083 0.86235499 49.775303 0.016431734 0.99924349 -0.035248477 0.018104501 -0.86306754 -0.003624191 -0.50507559 -4.1374052
-0.5048652 0.038279259 0.86234898 50.657462 0.01629306 0.99926085 -0.034817881 -0.031886204 -0.86304445 -0.0035280321 -0.50511572 -4.6198218
-0.50486233 0.037717142 0.86237543 51.55399 0.016789429 0.99928501 -0.033875992 -0.081899772 -0.86303662 -0.0026239207 -0.50513461 -5.147714
-0.50580755 0.037095247 0.86184836 52.434171 0.016182397 0.99930722 -0.033514443 -0.14160447 -0.86249459 -0.0030050855 -0.50605743 -5.6513396
-0.50581652 0.035638088 0.86190459 53.326863 0.014771348 0.99935759 -0.032652803 -0.18492893 -0.86251465 -0.0037848339 -0.506018 -6.1667841
-0.50572348 0.035229613 0.86197597 54.226831 0.014362 0.99937118 -0.032418836 -0.23874827 -0.86257612 -0.0040152667 -0.50591143 -6.6879572
-0.50502951 0.034425634 0.86241522 55.122064 0.013187856 0.99939538 -0.03217077 -0.29019192 -0.86300136 -0.0048737794 -0.50517816 -7.1987602
-0.50410804 0.032999951 0.86300986 56.014554 0.012499584 0.99944384 -0.030915586 -0.35233481 -0.86355018 -0.0047975308 -0.50424016 -7.7143322
-0.50169278 0.030903786 0.86449363 56.911939 0.012983189 0.99951809 -0.028196066 -0.40360949 -0.86494847 -0.0029218782 -0.50185225 -8.2289058
-0.49880674 0.029501727 0.86621096 57.813413 0.013421755 0.9995636 -0.026314594 -0.4526355 -0.86660935 -0.0014998243 -0.49898503 -8.7442807
-0.49681158 0.029117741 0.86736978 58.689936 0.013243916 0.99957499 -0.025970047 -0.50614345 -0.8677574 -0.0014148468 -0.49698607 -9.2384713
-0.4946242 0.029714242 0.86859881 59.588806 0.014084496 0.99955818 -0.026173855 -0.55878222 -0.86899286 -0.00071244498 -0.49482418 -9.7417936
-0.49363932 0.030151267 0.86914386 60.467273 0.014364372 0.99954516 -0.026516592 -0.5995499 -0.86954813 -0.00060492565 -0.49384791 -10.241689
-0.49458437 0.031323278 0.86856496 61.356742 0.013695821 0.99950715 -0.028246708 -0.65049981 -0.86902174 -0.0020746693 -0.49476961 -10.724882
-0.4971078 0.033015628 0.8670604 62.235958 0.012112783 0.99944251 -0.03111186 -0.70760362 -0.86760427 -0.0049634332 -0.49723058 -11.235774
-0.50114471 0.033655173 0.86470876 63.100852 0.011036146 0.99941074 -0.032501849 -0.75670408 -0.86529315 -0.006745077 -0.50122083 -11.732487
-0.50751719 0.032137469 0.86104205 63.979308 0.010492278 0.9994606 -0.031119411 -0.81384028 -0.86157778 -0.0067593427 -0.50758063 -12.238971
-0.51241045 0.030035461 0.8582152 64.841084 0.014368373 0.99954812 -0.026402914 -0.86121882 -0.85862049 -0.0011979719 -0.51261047 -12.757969
-0.51789352 0.027974319 0.85498753 65.698548 0.011465029 0.99960238 -0.025761231 -0.91121427 -0.85536829 -0.0035391169 -0.51800832 -13.260887
-0.52297311 0.030350984 0.8518086 66.544445 0.012747928 0.99953255 -0.0277879 -0.9629011 -0.85225388 -0.0036735289 -0.52311556 -13.77061
-0.52768281 0.032393649 0.84882357 67.369804 0.012802732 0.99946238 -0.030183482 -1.0136852 -0.84934504 -0.0050600432 -0.52781384 -14.294606
-0.53278541 0.032856169 0.84561227 68.220047 0.011385396 0.99943387 -0.031659419 -1.0710663 -0.84617382 -0.007240046 -0.53285787 -14.811544
-0.53635442 0.033367418 0.84333297 69.047337 0.010598775 0.99940568 -0.032801855 -1.1202514 -0.84392634 -0.0086551226 -0.5363893 -15.326562
-0.5397135 0.031998062 0.84124039 69.871846 0.010010416 0.99945067 -0.031593498 -1.1808163 -0.84178927 -0.0086302706 -0.53973734 -15.852791
-0.54266851 0.025602678 0.83955663 70.684548 0.01192423 0.99966944 -0.022777868 -1.225906 -0.83986235 -0.0023497645 -0.54279442 -16.370033
-0.5443007 0.018029078 0.83869639 71.518089 0.013305974 0.9998288 -0.012857501 -1.2561483 -0.83878469 0.0041613266 -0.54444742 -16.914729
-0.54639755 0.015271512 0.83738667 72.353399 0.013502775 0.99986442 -0.0094240304 -1.2946331 -0.83741713 0.0061577773 -0.54652968 -17.441488
-0.54758809 0.0202533 0.83650286 73.145586 0.013134743 0.9997919 -0.015608621 -1.3342039 -0.83664498 0.0024401557 -0.54774016 -17.965519
-0.54868313 0.02546043 0.83564259 73.932086 0.013735439 0.99967579 -0.021439514 -1.3761602 -0.83591759 -0.00028558059 -0.54885495 -18.476597
-0.54874606 0.030861373 0.83541922 74.734677 0.020322153 0.99951551 -0.023574653 -1.404814 -0.83574208 0.0040410204 -0.54910736 -19.00054
-0.54896366 0.031437193 0.83525477 75.526715 0.023168879 0.99948079 -0.02239077 -1.4522432 -0.83552508 0.007060199 -0.549407 -19.52738
-0.54890971 0.028768401 0.83538641 76.321881 0.023033625 0.99954863 -0.019286924 -1.4951006 -0.83556427 0.0086551984 -0.54932459 -20.046691
-0.54753363 0.023307105 0.83645899 77.119404 0.02078182 0.99968245 -0.014251694 -1.5247527 -0.83652561 0.0095798591 -0.54784413 -20.572462
-0.54701007 0.017714294 0.83693855 77.909791 0.019492566 0.99977454 -0.0084207728 -1.5527571 -0.83689909 0.011707833 -0.54723204 -21.084866
-0.54617842 0.011259854 0.83759315 78.724684 0.010534084 0.99992291 -0.0065729947 -1.5906833 -0.83760266 0.0052332498 -0.54625493 -21.599536
-0.54560694 0.0057106292 0.83802172 79.515429 0.001858128 0.99998257 -0.0056045337 -1.6121885 -0.83803918 -0.0015007201 -0.54560804 -22.086857
-0.54383825 0.0064621588 0.83916514 80.316987 0.0050356097 0.99997748 -0.0044370943 -1.6380547 -0.83917498 0.0018126473 -0.54385855 -22.59874
-0.54078995 0.010167376 0.84109619 81.100994 0.010996716 0.99992695 -0.0050169275 -1.6688674 -0.84108582 0.0065361925 -0.54086225 -23.100919
-0.53488877 0.013122519 0.84482054 81.880401 0.01181904 0.99989776 -0.0080482244 -1.6903278 -0.84483985 0.0056800635 -0.53498918 -23.594956
-0.5269667 0.015341012 0.84974742 82.676646 0.016704784 0.99983088 -0.0076911701 -1.7145332 -0.84972178 0.010141858 -0.52713385 -24.094068
-0.51919748 0.018029683 0.85446407 83.481373 0.024384572 0.99968295 -0.0062771019 -1.7513075 -0.8543064 0.017576687 -0.51947251 -24.590149
-0.50889494 0.017708408 0.86064644 84.283519 0.023165398 0.99970803 -0.00687214 -1.7738547 -0.86051692 0.016440021 -0.50915658 -25.057183
-0.49859597 0.014188958 0.86671834 85.102091 0.018029301 0.99981948 -0.0059962492 -1.8023975 -0.86664703 0.012636621 -0.49876178 -25.509935
-0.48678271 0.011920995 0.87344171 85.903599 0.020584708 0.99978575 -0.0021731965 -1.8201846 -0.87328056 0.016921669 -0.48692381 -25.95201
-0.47577829 0.010541294 0.87950204 86.723253 0.019943755 0.99980039 -0.0011942929 -1.8472411 -0.87933915 0.016972356 -0.47589355 -26.385891
-0.46481284 0.0096236667 0.88535662 87.550911 0.019771892 0.9998044 -0.00048743576 -1.8642973 -0.88518821 0.01727861 -0.4649122 -26.809866
-0.45196233 0.011467808 0.89196327 88.362206 0.023188571 0.9997305 -0.0011035836 -1.8823863 -0.89173561 0.020184577 -0.45210645 -27.222742
-0.44019697 0.014422527 0.89778536 89.199507 0.022705551 0.99973005 -0.0049273673 -1.9158963 -0.89761414 0.0182157 -0.44040561 -27.616795
-0.42877116 0.023730021 0.90310139 90.035741 0.024358599 0.99959519 -0.014700619 -1.9407618 -0.90308473 0.015695084 -0.42917562 -28.008288
-0.41594215 0.029213572 0.90892168 90.851051 0.025323056 0.99946838 -0.020535448 -1.9671762 -0.90903847 0.014475117 -0.4164608 -28.377317
-0.40462441 0.025448738 0.91412875 91.708876 0.022158524 0.99959206 -0.018019864 -1.9998802 -0.9142145 0.012964468 -0.40502326 -28.746368
-0.39252048 0.022118849 0.91947722 92.544871 0.024242777 0.99961226 -0.013697441 -2.0355926 -0.91942375 0.016914156 -0.39290451 -29.098829
-0.38247717 0.022550593 0.92368967 93.404248 0.020997584 0.99965608 -0.015710624 -2.0693363 -0.92372636 0.013386297 -0.38281913 -29.430665
-0.37596441 0.026847124 0.92624507 94.247522 0.016238175 0.99961759 -0.022382716 -2.1070537 -0.92649186 0.0066254258 -0.37625659 -29.765762
-0.37029546 0.031648261 0.9283747 95.082553 0.0083422024 0.99949244 -0.030745254 -2.1445554 -0.92887661 -0.0036401375 -0.37037153 -30.080416
-0.3669202 0.033339379 0.92965476 95.926843 0.005168122 0.99941521 -0.033801357 -2.1934791 -0.93023811 -0.0075978307 -0.36687793 -30.404786
-0.36386084 0.033436159 0.93085296 96.764319 0.0047350122 0.99940899 -0.034047816 -2.2399466 -0.93144133 -0.0079810662 -0.36380411 -30.728852
-0.358759 0.03280737 0.93285346 97.623197 0.0030058016 0.99941757 -0.033992372 -2.2886472 -0.93342542 -0.0093910964 -0.35864867 -31.046373
-0.35356175 0.029075484 0.93495916 98.468947 0.0013570256 0.99953169 -0.030570399 -2.334647 -0.93541024 -0.0095397596 -0.35343563 -31.352971
-0.34763783 0.025419297 0.93728423 99.322615 0.0019512367 0.9996499 -0.02638695 -2.3778941 -0.9376269 -0.007344238 -0.34756572 -31.665882
-0.34204277 0.022151504 0.93942322 100.18056 -0.00077575065 0.99971511 -0.023855629 -2.423483 -0.9396841 -0.0088884029 -0.34192815 -31.965859
-0.33638527 0.021104725 0.9414879 101.02129 -0.004768691 0.99969786 -0.024113389 -2.4678738 -0.94171242 -0.012601053 -0.33618299 -32.253056
-0.33013846 0.020358143 0.94371291 101.86749 -0.017029975 0.99947621 -0.027518673 -2.5031986 -0.94377892 -0.02515638 -0.32961885 -32.525602
-0.3233921 0.023478485 0.9459737 102.71367 -0.015625519 0.99942334 -0.030146836 -2.5547336 -0.94613607 -0.024530578 -0.32283875 -32.807643
-0.31635803 0.02771482 0.94823489 103.5774 -0.013191069 0.99934798 -0.033609656 -2.5972784 -0.94854819 -0.023140916 -0.31578617 -33.08858
-0.30988498 0.025950608 0.95041979 104.41895 -0.014852399 0.99937334 -0.032129885 -2.6392715 -0.95065808 -0.024072583 -0.30930536 -33.35289
-0.30275427 0.021161456 0.95283365 105.28015 -0.014027932 0.99954623 -0.026656141 -2.6797051 -0.95296545 -0.021436545 -0.30232004 -33.612819
-0.29585331 0.018519611 0.9550538 106.13606 -0.014288734 0.99961438 -0.023810006 -2.7197296 -0.95512655 -0.020690778 -0.2954746 -33.869147
-0.28965689 0.021237936 0.95689485 106.98606 -0.017565669 0.99946746 -0.027500034 -2.7678767 -0.95696939 -0.024774072 -0.28912958 -34.116353
-0.28302704 0.024107327 0.95880887 107.85412 -0.017620811 0.99938464 -0.030328939 -2.8120764 -0.95895009 -0.025478899 -0.28242808 -34.362228
-0.27635049 0.025027461 0.96073095 108.69769 -0.018713251 0.99933121 -0.031415806 -2.8476415 -0.96087476 -0.026660173 -0.27569733 -34.590554
-0.26923543 0.024085832 0.96277312 109.57694 -0.019140361 0.99935595 -0.030353549 -2.8948992 -0.96288421 -0.026600075 -0.26860102 -34.833291
-0.26148081 0.023856367 0.96491377 110.423 -0.016930183 0.99942735 -0.029297563 -2.9423087 -0.96506022 -0.023996917 -0.26092718 -35.054414
-0.25353195 0.024984927 0.96700425 111.2898 -0.01202504 0.99950773 -0.028977492 -2.9860975 -0.96725231 -0.018974984 -0.2531067 -35.277634
-0.24668277 0.025908506 0.96874985 112.17127 -0.0099303478 0.9995225 -0.029260163 -3.0258345 -0.96904545 -0.016838001 -0.2463077 -35.505343
-0.24034809 0.02443322 0.97037917 113.02829 -0.017478716 0.99941214 -0.029493451 -3.0696896 -0.97052943 -0.024049676 -0.23977974 -35.692466
-0.23423098 0.022379212 0.97192332 113.88938 -0.022018819 0.99935644 -0.028317355 -3.1131023 -0.97193163 -0.028033405 -0.23358748 -35.893513
-0.22957925 0.02281036 0.9730226 114.78292 -0.01848472 0.99944283 -0.027791089 -3.1516988 -0.97311446 -0.024366308 -0.2290297 -36.100341
-0.22526291 0.022697293 0.97403356 115.62842 -0.017748613 0.99946712 -0.027394642 -3.1994377 -0.97413638 -0.023458741 -0.22474002 -36.283998
-0.2205971 0.024771796 0.97505036 116.51683 -0.015201403 0.99946869 -0.028831351 -3.235045 -0.97524659 -0.021182245 -0.22010333 -36.480095
-0.21459929 0.023491479 0.97641959 117.36985 -0.010225177 0.99960189 -0.026296524 -3.2749094 -0.97664869 -0.015627278 -0.21427365 -36.671165
-0.20940679 0.022613587 0.97756705 118.23999 -0.0025018255 0.99971689 -0.023661889 -3.3150453 -0.97782545 -0.0074006617 -0.20929093 -36.85899
-0.20423036 0.021464964 0.97868745 119.12558 2.2432273e-05 0.99975967 -0.021922446 -3.3579639 -0.9789229 -0.0044552741 -0.20418176 -37.050012
-0.20043878 0.022906068 0.97943837 119.98337 -0.0021704605 0.9997138 -0.023824425 -3.3928547 -0.97970387 -0.0069011701 -0.2003317 -37.21101
-0.1967451 0.024981294 0.98013633 120.85697 -0.0040936281 0.99964571 -0.026300263 -3.4305525 -0.98044617 -0.0091867609 -0.19657313 -37.379722
-0.19509014 0.024198119 0.98048672 121.74448 -0.0060771484 0.99964658 -0.025880165 -3.4726376 -0.98076653 -0.011007528 -0.19487414 -37.546954
-0.19425324 0.022927675 0.98068339 122.59214 -0.0082231024 0.99965363 -0.025000012 -3.5144736 -0.98091699 -0.012920593 -0.19399743 -37.700966
-0.19283646 0.018903025 0.98104877 123.47622 -0.0060485381 0.99977253 -0.020452706 -3.5469998 -0.98121231 -0.0098779376 -0.19267826 -37.874313
-0.19224406 0.013293588 0.98125706 124.32054 -0.0066308677 0.99986782 -0.01484481 -3.5875566 -0.98132478 -0.0093604115 -0.19213051 -38.028288
-0.19125878 0.011052059 0.98147738 125.19502 -0.0051224912 0.99991175 -0.012257851 -3.6173536 -0.98152632 -0.0073720301 -0.19118529 -38.196828
-0.19025896 0.015573345 0.98161037 126.06163 -0.0070700668 0.99982651 -0.017232689 -3.653154 -0.98170852 -0.010218724 -0.19011585 -38.35781
-0.18987848 0.019747728 0.98160894 126.90375 -0.0062890567 0.99975272 -0.021329268 -3.6869635 -0.9817875 -0.010223363 -0.18970734 -38.514056
-0.19011373 0.018761312 0.98158275 127.75883 -0.0092166133 0.99973923 -0.020893422 -3.7166904 -0.98171885 -0.013018994 -0.18989124 -38.667762
-0.1895168 0.017942887 0.98171348 128.61363 -0.010578678 0.99973767 -0.020314498 -3.7559775 -0.98182053 -0.014235169 -0.18927728 -38.830741
-0.18883826 0.018275233 0.9818381 129.45021 -0.0053376727 0.99979295 -0.019636033 -3.7927651 -0.98199374 -0.008948764 -0.18870162 -38.989029
-0.18796985 0.020829626 0.98195386 130.30446 -0.0080253555 0.99970914 -0.022742505 -3.8324779 -0.98214205 -0.012155433 -0.18774801 -39.148873
-0.18841662 0.022349729 0.98183481 131.13284 -0.016557003 0.99952664 -0.025929782 -3.8604899 -0.98194966 -0.021141843 -0.18795738 -39.285557
-0.18791879 0.023313681 0.98190779 131.9672 -0.022473571 0.99935445 -0.028028941 -3.8995532 -0.98192747 -0.027334139 -0.18727354 -39.428772
-0.18791917 0.026725269 0.98182079 132.80202 -0.022428251 0.99925232 -0.031492493 -3.9470277 -0.98192843 -0.027938566 -0.18717927 -39.584661
-0.18715879 0.027530899 0.98194376 133.63191 -0.019565533 0.99930442 -0.031746838 -3.991585 -0.98213485 -0.025153953 -0.18648996 -39.737609
-0.18551913 0.028823633 0.98221778 134.45872 -0.019743522 0.99925858 -0.033052814 -4.0387048 -0.98244233 -0.025524367 -0.1848125 -39.883983
-0.1834879 0.027938284 0.98262483 135.2834 -0.014817747 0.99940387 -0.031182302 -4.0729908 -0.98291032 -0.020281861 -0.18296454 -40.038132
-0.18031268 0.025149751 0.98328772 136.10477 -0.0057862128 0.99962865 -0.026628764 -4.122042 -0.98359236 -0.010491015 -0.1801002 -40.193976
-0.17797285 0.021261557 0.98380564 136.90698 0.0039057605 0.99977394 -0.020900094 -4.1513954 -0.98402769 0.00012286079 -0.17801566 -40.351473
-0.17414271 0.020777546 0.98450116 137.73176 0.0058044465 0.99978166 -0.02007332 -4.1861215 -0.98470336 0.0022188629 -0.1742253 -40.490794
-0.16956409 0.024671161 0.98521027 138.52597 0.00082846781 0.99968982 -0.024891162 -4.2363739 -0.98551886 -0.0034044315 -0.16953194 -40.619163
-0.16254612 0.028498363 0.98628927 139.35014 0.004520938 0.99959383 -0.028137714 -4.2703653 -0.98669063 -0.00011472278 -0.16260894 -40.753893
-0.15493279 0.028617447 0.9875104 140.13831 -0.00096582686 0.9995755 -0.029118615 -4.3099366 -0.98792458 -0.0054651915 -0.15483938 -40.86299
-0.14502179 0.025321084 0.98910436 140.91385 0.0086091009 0.99966693 -0.024329224 -4.3334908 -0.98939105 0.0049870325 -0.14519148 -40.982192
-0.13286536 0.023941273 0.99084486 141.73915 0.017133675 0.99961431 -0.021855658 -4.3728655 -0.99098603 0.014072955 -0.13322432 -41.091449
-0.11963544 0.02584021 0.99248152 142.52195 0.016347782 0.99957698 -0.024054357 -4.4132092 -0.99268333 0.013347119 -0.12000726 -41.178607
-0.10524944 0.027174077 0.99407447 143.30572 0.01463398 0.99956066 -0.025774648 -4.4505262 -0.99433822 0.0118345 -0.10560086 -41.257792
-0.091348752 0.027047482 0.99545153 144.10034 0.01635598 0.99953698 -0.025657561 -4.4858783 -0.99568467 0.013937801 -0.091748845 -41.326445
-0.077859223 0.028685671 0.99655155 144.88771 0.020339209 0.99942364 -0.027179267 -4.5224554 -0.99675691 0.018152915 -0.078397793 -41.379163
-0.0636583 0.034708727 0.99736796 145.6838 0.018475847 0.99926472 -0.033595489 -4.569369 -0.99780076 0.016288587 -0.064252768 -41.424623
-0.051265377 0.043615758 0.99773215 146.41128 0.0099005294 0.99901897 -0.043163302 -4.6143514 -0.99863603 0.0076652946 -0.051646905 -41.440278
-0.038130546 0.052180745 0.99790939 147.15943 0.0020659638 0.99863765 -0.052139883 -4.6576888 -0.99927067 7.3523345e-05 -0.038186404 -41.445773
-0.024487413 0.053397376 0.99827301 147.94118 0.0027961988 0.99857224 -0.053344789 -4.7051286 -0.99969627 0.0014850948 -0.024601762 -41.458958
-0.01242788 0.049329488 0.99870519 148.71615 0.0016653143 0.99878201 -0.049312557 -4.7586554 -0.99992143 0.0010503084 -0.012494893 -41.458781
-0.0012885744 0.046508525 0.99891702 149.49258 0.0031149834 0.99891323 -0.046504329 -4.8098315 -0.99999436 0.0030516865 -0.0014320488 -41.446103
0.0074906327 0.052579251 0.99858862 150.23099 -0.0021452767 0.99861522 -0.052564558 -4.8729304 -0.99996969 -0.0017485063 0.0075930554 -41.41847
0.013762003 0.061036687 0.9980406 150.99364 -0.012221912 0.99807087 -0.060870008 -4.9272333 -0.99983064 -0.01136027 0.014481438 -41.395766
0.017210172 0.064442775 0.99777295 151.7261 -0.015985001 0.99781098 -0.064169511 -4.9761218 -0.99972415 -0.014845033 0.018202615 -41.374668
0.017203171 0.06035931 0.99802842 152.48451 -0.018164164 0.99803031 -0.060046324 -5.0333163 -0.99968705 -0.017095364 0.018265661 -41.35186
0.015798954 0.054673652 0.99837924 153.2475 -0.011111372 0.99845185 -0.054501794 -5.102255 -0.99981349 -0.010232291 0.016381992 -41.335529
0.012520164 0.052170956 0.99855964 153.99457 -0.013415617 0.99855683 -0.052002599 -5.1522895 -0.99983166 -0.012745212 0.013201999 -41.319605
0.0098306554 0.052234604 0.99858641 154.74688 -0.01331098 0.99855306 -0.052101816 -5.2057975 -0.99986312 -0.012779969 0.010511723 -41.312296
0.0062740245 0.052711363 0.99859004 155.4932 -0.012786689 0.99853232 -0.052627977 -5.2602545 -0.99989861 -0.012438471 0.0069388186 -41.302233
0.0014178743 0.050703916 0.99871268 156.23465 -0.01055114 0.99865889 -0.050686204 -5.3144402 -0.99994337 -0.01046569 0.0019509553 -41.300362
-0.0035172228 0.051120007 0.99868628 156.98149 -0.011987645 0.99861858 -0.051158759 -5.3618399 -0.999922 -0.012151833 -0.0028995571 -41.298102
-0.0096394433 0.049363305 0.99873433 157.72337 -0.012466078 0.99869723 -0.049481788 -5.411189 -0.99987587 -0.012927276 -0.00901152 -41.300209
-0.015589908 0.046525983 0.99879538 158.46367 -0.0099348312 0.9988603 -0.046684075 -5.4611552 -0.99982915 -0.010650663 -0.015109913 -41.309617
-0.020648547 0.046592467 0.9987005 159.19885 -0.012086729 0.99882889 -0.046848353 -5.5129015 -0.99971378 -0.013038372 -0.020061216 -41.32418
-0.026407348 0.047535656 0.99852037 159.91493 -0.012840547 0.99877022 -0.047887136 -5.5575854 -0.99956884 -0.01408612 -0.025764491 -41.335986
-0.030363241 0.04990691 0.99829219 160.63577 -0.015500201 0.99860912 -0.050394194 -5.611732 -0.99941878 -0.01700386 -0.029547444 -41.351051
-0.032806711 0.052084269 0.99810363 161.35303 -0.013780051 0.99852274 -0.052559075 -5.6621786 -0.99936676 -0.015478209 -0.032040524 -41.370861
-0.034620671 0.053818409 0.99795035 162.06796 -0.012943363 0.99844111 -0.054293901 -5.7199139 -0.99931675 -0.014796524 -0.033870111 -41.39423
-0.033804035 0.052011052 0.99807417 162.79752 -0.0079640252 0.99859923 -0.052308148 -5.7663995 -0.99939679 -0.0097169137 -0.033342468 -41.424223
-0.029901774 0.048062838 0.9983966 163.50973 -0.0026400399 0.998836 -0.048163058 -5.8107513 -0.9995494 -0.004075967 -0.029740082 -41.444152
-0.022404325 0.047605422 0.99861488 164.20132 -0.002099982 0.9988612 -0.047664276 -5.8647322 -0.99974683 -0.0031649584 -0.022278842 -41.455671
-0.011954629 0.048733171 0.99874025 164.90962 -0.00019630305 0.99881153 -0.048738997 -5.9163904 -0.99992856 -0.00077871157 -0.011930857 -41.457401
0.0019648293 0.049290801 0.99878249 165.5816 0.0010083018 0.99878386 -0.04929285 -5.9660494 -0.9999976 0.0011039271 0.0019127382 -41.447703
0.017655259 0.046966185 0.9987404 166.28057 0.00021819928 0.99889593 -0.046977355 -6.0108594 -0.99984415 0.0010473226 0.017625517 -41.425582
0.033584283 0.041978064 0.99855388 166.98038 -0.0043222712 0.99911429 -0.041856251 -6.0558037 -0.99942658 -0.0029103078 0.033735977 -41.384611
0.05036145 0.035510119 0.99809953 167.65635 -0.0046497756 0.99936522 -0.035320532 -6.090904 -0.99872028 -0.0028621448 0.050494594 -41.337697
0.067294086 0.028187245 0.9973349 168.32242 -0.004805122 0.99959842 -0.027926996 -6.1265432 -0.99772166 -0.0029129934 0.067402503 -41.282191
0.085307069 0.020459217 0.99614459 169.02026 -0.004977088 0.99978543 -0.020107769 -6.1603705 -0.99634232 -0.0032425636 0.085390591 -41.210521
0.10263171 0.014412467 0.99461497 169.67155 -0.0068556584 0.99988153 -0.013781364 -6.192525 -0.99469584 -0.0054043348 0.10271835 -41.12569
0.12009821 0.011876979 0.99269093 170.33636 -0.0083329648 0.99990527 -0.010955151 -6.2226819 -0.99272708 -0.0069563638 0.1201858 -41.029365
0.1384342 0.011026353 0.99031021 170.97347 -0.0078342671 0.99991893 -0.010038196 -6.2400694 -0.99034069 -0.0063687243 0.13850936 -40.925563
0.15563941 0.010337975 0.9877598 171.60753 -0.007984291 0.99992574 -0.0092072342 -6.2586908 -0.98778171 -0.0064535525 0.15571039 -40.816181
0.17200248 0.009959925 0.98504612 172.2545 -0.014096181 0.99987139 -0.0076484393 -6.2759385 -0.9849957 -0.012569838 0.17212075 -40.681625
0.18604399 0.0063870215 0.98252062 172.87174 -0.015950986 0.99986672 -0.0034794027 -6.2908246 -0.98241197 -0.01502485 0.18612107 -40.544575
0.19887123 0.0022389579 0.98002303 173.5019 -0.012438623 0.99992261 0.00023968826 -6.3114045 -0.97994673 -0.012237804 0.19888368 -40.411739
0.20985156 0.000531823 0.97773307 174.12976 -0.0092944014 0.99995575 0.0014509539 -6.3297783 -0.97768912 -0.0093919279 0.20984721 -40.268917
0.21923201 0.0041536561 0.97566387 174.72742 -0.013331799 0.99991033 -0.0012612194 -6.3455995 -0.97558171 -0.012730855 0.21926772 -40.119886
0.22823375 0.010886182 0.97354546 175.34122 -0.016562978 0.9998362 -0.0072972125 -6.3654062 -0.97346551 -0.014459341 0.22837667 -39.964987
0.23758903 0.021283815 0.97113252 175.91871 -0.017671985 0.99968917 -0.017586198 -6.3822962 -0.97120504 -0.012983551 0.2378913 -39.813923
0.24575521 0.028157738 0.96892282 176.50484 -0.013700359 0.99957905 -0.025573708 -6.3986777 -0.96923514 -0.0069897183 0.24603753 -39.660547
0.25216143 0.026767231 0.96731487 177.10499 -0.013331548 0.99961858 -0.024185836 -6.4153602 -0.96759339 -0.0067970689 0.2524221 -39.49785
0.25805921 0.019146009 0.96593933 177.71018 -0.014977861 0.99976275 -0.015814959 -6.4339295 -0.96601304 -0.010386509 0.25828475 -39.32333
0.2625676 0.0083030975 0.96487783 178.31699 -0.018883618 0.99981568 -0.0034650403 -6.4559806 -0.96472884 -0.017310577 0.262676 -39.142107
0.26473301 -0.0009844051 0.96432121 178.92546 -0.018161322 0.99981703 0.0060064285 -6.4805756 -0.96415076 -0.019103447 0.26466669 -38.971721
0.26534438 -0.0020589666 0.96415146 179.53603 -0.014559625 0.99987514 0.0061422136 -6.4984336 -0.9640438 -0.015667485 0.26528127 -38.80443
0.26642192 0.0013943216 0.96385545 180.14213 -0.013179042 0.99991074 0.0021963757 -6.4969578 -0.96376644 -0.013287853 0.26641652 -38.639083
0.26797912 0.0010056457 0.96342416 180.74568 -0.010234491 0.999946 0.0018029844 -6.5099681 -0.9633704 -0.010343317 0.26797494 -38.470634
0.2700167 -0.0010009218 0.96285508 181.34825 -0.011309031 0.99992718 0.0042108896 -6.506072 -0.96278926 -0.012025968 0.26998572 -38.292618
0.2726967 -0.0049548506 0.96208725 181.96492 -0.011760963 0.99989485 0.0084831242 -6.5242951 -0.96202821 -0.013628392 0.27260975 -38.111284
0.27597221 -0.010766473 0.96110527 182.58569 -0.0096814022 0.9998554 0.013980482 -6.5331677 -0.9611169 -0.013163071 0.27582807 -37.928608
0.27995019 -0.013746389 0.95991606 183.20271 -0.0087023777 0.99982006 0.016855794 -6.5379447 -0.95997512 -0.013072334 0.27978019 -37.750799
0.28611281 -0.015078429 0.95807725 183.81657 -0.0076398738 0.9998085 0.018016717 -6.5324878 -0.95816552 -0.012474402 0.28594282 -37.563067
0.29388553 -0.018294008 0.9556655 184.44636 -0.0063819265 0.99975699 0.021100603 -6.5356316 -0.95581936 -0.012300148 0.29369736 -37.35776
0.30365215 -0.020728586 0.95255741 185.04736 -0.0036708461 0.99973044 0.022925294 -6.5377801 -0.95277593 -0.010458006 0.3034942 -37.156202
0.31465493 -0.018756214 0.94902076 185.67799 -0.0046640797 0.99976213 0.021305464 -6.5387683 -0.94919471 -0.011130177 0.3144926 -36.942719
0.32616328 -0.015058963 0.94519346 186.29181 -0.0055290702 0.99982561 0.017837319 -6.5378401 -0.94529732 -0.011043919 0.32602313 -36.713761
0.337661 -0.011248021 0.94120054 186.89539 -0.0074734399 0.99986504 0.014630242 -6.538611 -0.94123816 -0.011974067 0.33753137 -36.482189
0.34947691 -0.010657376 0.93688432 187.52107 -0.0064927317 0.99988375 0.013795937 -6.5348773 -0.93692252 -0.010904299 0.34936709 -36.236902
0.36090155 -0.013787133 0.93250196 188.14798 -0.0056917567 0.99983953 0.016985578 -6.5378263 -0.93258659 -0.011437695 0.36076517 -35.988289
0.37188334 -0.015739596 0.92814599 188.75951 -0.0051464911 0.99980592 0.019016874 -6.5364483 -0.92826525 -0.011848753 0.37173016 -35.7251
0.38336067 -0.016228749 0.92345609 189.3943 -0.0078106482 0.9997529 0.020812071 -6.5431954 -0.92356573 -0.01519132 0.38313918 -35.452916
0.39275906 -0.01737197 0.91947728 190.01623 -0.010836417 0.99966473 0.023515803 -6.5318602 -0.9195776 -0.019199884 0.39243913 -35.169514
0.3997613 -0.015981528 0.91647991 190.65269 -0.015181357 0.99959541 0.02405288 -6.5318572 -0.91649359 -0.023528819 0.39935694 -34.880031
0.40441344 -0.018370674 0.91439172 191.29078 -0.015192917 0.99952534 0.02680052 -6.5207643 -0.91445012 -0.024730768 0.40394237 -34.582327
0.40674764 -0.023492639 0.91323841 191.92759 -0.010252037 0.99948895 0.030277554 -6.5122947 -0.91348307 -0.021677877 0.40629892 -34.291511
0.40693755 -0.021156885 0.9132109 192.58333 -0.0091403177 0.99958738 0.027231052 -6.5110784 -0.91341029 -0.019428375 0.40657626 -34.002893
0.40597602 -0.021687016 0.91362633 193.24929 -0.0058196324 0.99963677 0.026314663 -6.502479 -0.91386524 -0.016000091 0.40570235 -33.712486
0.40478186 -0.020574289 0.91418175 193.90829 -0.0032580317 0.99970805 0.02394171 -6.5004956 -0.91440751 -0.012669603 0.40459665 -33.41628
0.40468821 -0.021553095 0.91420066 194.58941 -0.00049291236 0.99971692 0.023787414 -6.4873143 -0.91445464 -0.010077106 0.40456303 -33.117715
0.40357832 -0.028136966 0.91451232 195.28005 0.0036250491 0.99956835 0.02915415 -6.4802804 -0.91493796 -0.0084508303 0.40350612 -32.834375
0.40309039 -0.031047986 0.91463331 195.95853 0.0040373424 0.99947494 0.032148698 -6.4751659 -0.9151513 -0.0092661428 0.4030041 -32.52217
0.4015136 -0.033338546 0.91524603 196.6477 0.0051120095 0.99940325 0.034161426 -6.4635047 -0.91583883 -0.0090375301 0.40144442 -32.209424
0.39942935 -0.03362667 0.91614702 197.33151 0.0041216339 0.99938284 0.03488481 -6.4546886 -0.91675475 -0.010157994 0.39932144 -31.912975
0.3984925 -0.033840458 0.91654704 198.01865 0.0025489706 0.99935609 0.035789677 -6.4408226 -0.91716809 -0.011925666 0.39832216 -31.60351
0.39590306 -0.032896956 0.91770283 198.71016 0.0020089644 0.99938675 0.034958404 -6.4313369 -0.91829015 -0.011996506 0.39572636 -31.309194
0.39493793 -0.029958612 0.91821917 199.4077 0.0034337734 0.99950932 0.031133944 -6.4257111 -0.91870143 -0.0091430184 0.39484702 -31.007788
0.39457195 -0.023992503 0.91855172 200.08219 0.0019708184 0.99967885 0.025264956 -6.4274929 -0.91886297 -0.0081585436 0.39449252 -30.706795
0.39282646 -0.020464978 0.91938484 200.76803 -0.00044024462 0.99974805 0.022441921 -6.41499 -0.91961256 -0.0092205339 0.39271847 -30.412548
0.39154638 -0.02306952 0.9198691 201.46975 -0.0017090728 0.99966571 0.025798225 -6.4083149 -0.92015683 -0.011673324 0.39137606 -30.105409
0.39042044 -0.026247554 0.92026239 202.15271 -0.0022451303 0.99956338 0.029461857 -6.3994107 -0.92063397 -0.01356862 0.39019105 -29.813648
0.38735625 -0.025998983 0.92156341 202.8366 -0.0061381683 0.9995074 0.030777951 -6.3970263 -0.92190972 -0.017578742 0.38700585 -29.521455
0.38329183 -0.026249996 0.92325416 203.53513 -0.0087656019 0.99944766 0.032055399 -6.391348 -0.92358573 -0.020379451 0.38285002 -29.223779
0.37634686 -0.027060961 0.92608351 204.21604 -0.0089842601 0.99941975 0.032854982 -6.3810678 -0.92643532 -0.020685044 0.37588536 -28.949851
0.36795159 -0.027365957 0.92944212 204.91152 -0.0085945516 0.99942403 0.032828912 -6.3683642 -0.92980527 -0.020067588 0.36750446 -28.669224
