1.000000000000000000e+00 -3.306050084167601550e-19 -2.270457535318767223e-19 -8.673617379884035472e-19 7.546676715296109287e-19 1.000000000000000000e+00 6.237773588823049983e-19 1.387778780781445676e-17 -3.447385680526250622e-20 4.770700176052009879e-20 1.000000000000000222e+00 5.551115123125782702e-17
9.760244360734724456e-01 8.060662744512737607e-03 -2.175214882626984869e-01 -6.921371486804249074e+00 -7.990481210874117446e-03 9.999673293981132804e-01 1.202237998963747107e-03 -9.448948214727551087e-02 2.175240979052893986e-01 5.645435828613086212e-04 9.760570726669949293e-01 4.823972631313472093e+00
9.354116377398321580e-01 1.782409069687154735e-02 -3.531294180988376885e-01 -1.371342010923289578e+01 -1.618761770344662870e-02 9.998402189923624173e-01 7.587173689153033258e-03 -5.630188814271368247e-02 3.532082355840382992e-01 -1.381836173999271807e-03 9.355506053687883128e-01 7.190915336457349483e+00
8.521051568214488281e-01 2.233958461978033730e-02 -5.229341156377500521e-01 -2.025770452981194225e+01 -8.757286364274464302e-03 9.995573646796558354e-01 2.843258601130849161e-02 1.378858639762418903e-02 5.233379199383273450e-01 -1.964881812713096046e-02 8.519235800308779805e-01 8.107501296576257843e+00
8.822965810760400318e-01 2.196949753469296801e-02 -4.702127216013369804e-01 -2.622424899756398986e+01 4.328959845263211266e-03 9.984892057231797846e-01 5.478215520124833648e-02 2.584269458668227992e-01 4.707055520667014492e-01 -5.037217469523114916e-02 8.808684709751334330e-01 7.440752177655873822e+00
8.745806088983019144e-01 2.793100980333244540e-02 -4.841326698509230142e-01 -3.152519239826265718e+01 6.456561148267095200e-03 9.975801478590194948e-01 6.923627002343160641e-02 3.708853655575028441e-01 4.848948345781746161e-01 -6.367957872521627649e-02 8.722839115356781914e-01 7.582256773586900422e+00
8.529566112745443629e-01 2.842238555538066647e-02 -5.212594569965772751e-01 -3.590784891833298076e+01 1.570499948034295018e-02 9.966670210766480631e-01 8.005986086347180453e-02 4.918225833343657927e-01 5.217974480821880867e-01 -7.647567933137065788e-02 8.496672392689860187e-01 7.378467611367406143e+00
7.984034923848065679e-01 3.355696446590331755e-02 -6.011247226468904303e-01 -4.018414048756937262e+01 2.117886473019228374e-02 9.962630573135166090e-01 8.372802629133217767e-02 5.382737506823954687e-01 6.016871664820274690e-01 -7.958562586723792742e-02 7.947089462123215764e-01 6.860465101586989078e+00
7.896224481890574687e-01 4.215737016661244563e-02 -6.120976405521127983e-01 -4.408555342818247169e+01 1.671957522359625997e-02 9.957883251419659132e-01 9.014569191034722817e-02 5.966906112912714333e-01 6.133194306626251757e-01 -8.141837827214992718e-02 7.855919484554757526e-01 5.830055097880107340e+00
6.920083633091699271e-01 4.227729737339119831e-02 -7.207882719359148815e-01 -4.770628839866776616e+01 3.265952185078856151e-02 9.954280014331117199e-01 8.975743247862157104e-02 5.935632498797294154e-01 7.212877961661177117e-01 -8.565124309267702074e-02 6.874637974777197957e-01 4.764295924652572012e+00
6.899790639126469616e-01 4.594670746484084273e-02 -7.223035067786900409e-01 -5.052212688552828723e+01 3.900816341231977402e-02 9.941727527591975866e-01 1.005145864453015209e-01 5.559549687998788237e-01 7.227111296246299110e-01 -9.753979709262908249e-02 6.841662642302550612e-01 3.060626035009113011e+00
8.206317166154194487e-01 4.364575200747882605e-02 -5.698770564861518340e-01 -5.249754059993821897e+01 2.282221437617881071e-02 9.937807012192985123e-01 1.089876631810130225e-01 4.991363413666624615e-01 5.710895428117523931e-01 -1.024465317675438969e-01 8.145315023007801969e-01 1.810937777975530905e+00
8.264436786306863514e-01 4.332188562887219485e-02 -5.613992296588686814e-01 -5.359443635666092121e+01 2.347189297150457585e-02 9.935175274127840961e-01 1.112456515720974953e-01 5.159765074996329748e-01 5.625784169541955260e-01 -1.051200786301504514e-01 8.200692376248953641e-01 1.390314128610928179e+00
8.804428713005739704e-01 4.540047985704472738e-02 -4.720031268743459241e-01 -5.370290059952213113e+01 1.192465759294334890e-02 9.929703113615108157e-01 1.177672857614866786e-01 5.295047153547932650e-01 4.740322438529923632e-01 -1.093144008283494090e-01 8.737122045296882300e-01 1.489837204542739935e+00
8.874102685103282262e-01 4.495680219752831025e-02 -4.588577978504606025e-01 -5.381878585692908246e+01 1.325465268958810408e-02 9.923332806732588773e-01 1.228793283666799879e-01 5.932380718516595541e-01 4.608650097651527666e-01 -1.151245791927387185e-01 8.800109297478402315e-01 1.989444561024104274e+00
9.236718676183482968e-01 4.024973108549491363e-02 -3.811151172276566190e-01 -5.379854070985468439e+01 8.631915838801809682e-03 9.920301418630044221e-01 1.257089008352603454e-01 5.989003207078039681e-01 3.831373380795574657e-01 -1.194048033223131244e-01 9.159626123486340754e-01 2.120296509633257998e+00
9.362272449083633985e-01 3.899201711248836272e-02 -3.492307784290439865e-01 -5.397413013841343599e+01 7.403803569065671789e-03 9.914149765743714982e-01 1.305367915413048752e-01 6.638397654107669466e-01 3.513240680189621545e-01 -1.247940853050118898e-01 9.279011535325243365e-01 2.632968042067180381e+00
9.618185842820350384e-01 3.405509411802450093e-02 -2.716518985884637249e-01 -5.393393443098892703e+01 1.502593411219291242e-03 9.915563484871090516e-01 1.297072103250541952e-01 6.844697227736731282e-01 2.737750275617537032e-01 -1.251639739371698257e-01 9.536461725203154716e-01 2.803444335680594257e+00
9.730029513574149913e-01 3.369637426017498688e-02 -2.283423040914784874e-01 -5.407128872516926776e+01 -3.187899645832241100e-03 9.911519585474807270e-01 1.326586993614568000e-01 7.513692736118586790e-01 2.307942808294100034e-01 -1.283471224875726013e-01 9.645013105312006951e-01 3.363551575553461515e+00
9.858371542620065764e-01 3.390843690256834658e-02 -1.641987615222552099e-01 -5.398328451666924366e+01 -1.201771600666347653e-02 9.911123230216958291e-01 1.325203762105183758e-01 7.793034455641160152e-01 1.672309433382770383e-01 -1.286707308564758734e-01 9.774826525762221330e-01 3.575144779035954734e+00
9.923003983327375321e-01 3.420058214744557679e-02 -1.190470597258130453e-01 -5.411927399721945875e+01 -1.784239142541529585e-02 9.905669763443905040e-01 1.358586887078731820e-01 8.534009535827877801e-01 1.225706750543040513e-01 -1.326887885402984468e-01 9.835502955728111507e-01 4.169642542235340699e+00
9.977210071526620982e-01 3.314451623607803099e-02 -5.876736825831226085e-02 -5.395316445164801422e+01 -2.505441905027960131e-02 9.907445442059246155e-01 1.334212676250121909e-01 8.751041275564021005e-01 6.264552082157191781e-02 -1.316446026927706181e-01 9.893171749292550832e-01 4.392239973935601505e+00
9.992252355616959569e-01 3.121342048998865595e-02 -2.396787192564597824e-02 -5.407160662431044784e+01 -2.762282640214262439e-02 9.900797222558913591e-01 1.377179531605649820e-01 9.681732758862580113e-01 2.803014014833387496e-02 -1.369490825797148870e-01 9.901748319162996248e-01 5.095343503053666012e+00
9.991113852270604445e-01 3.175655346095544729e-02 2.770600387305027432e-02 -5.395031106700652401e+01 -3.518760584362409100e-02 9.903911060303430824e-01 1.337552258571030050e-01 9.912354199608904848e-01 -2.319159256445429626e-02 -1.346113967023119806e-01 9.906289560578127595e-01 5.345046262450351193e+00
9.972715930443483145e-01 3.080510101675252091e-02 6.707455750351828949e-02 -5.397166250204978866e+01 -3.951899577246399675e-02 9.903676029047208118e-01 1.327103404462912362e-01 1.067145701831339277e+00 -6.234100736352912037e-02 -1.349991212958997489e-01 9.888824152646153998e-01 5.953089954458079092e+00
9.937363380968280424e-01 2.662763982769114288e-02 1.085237016504449481e-01 -5.385717274997286808e+01 -4.047781349699226816e-02 9.910138130270307322e-01 1.274780680600299809e-01 1.106841482763302853e+00 -1.041528028676637074e-01 -1.310733623513647972e-01 9.858847861625185116e-01 6.332035868408024903e+00
9.905201992917040954e-01 2.409058159955096770e-02 1.352277617374207930e-01 -5.376281070546439622e+01 -4.107402072325801179e-02 9.914025083874200561e-01 1.242736145404816916e-01 1.188066554017205734e+00 -1.310722838623035180e-01 -1.286505676650120944e-01 9.829935811735678319e-01 6.997109904003326442e+00
9.855421769271065502e-01 2.162726114017073098e-02 1.680885680519186576e-01 -5.366329370427961010e+01 -4.187911525286815151e-02 9.921396901419369252e-01 1.179111584270850360e-01 1.239415490962070709e+00 -1.642182549993793372e-01 -1.232423981793215190e-01 9.787006459772215061e-01 7.438085917231600064e+00
9.825394771811746253e-01 2.050454993080461433e-02 1.849263933573872531e-01 -5.352287461797315160e+01 -4.254487631409151205e-02 9.923355744902371267e-01 1.160437301982822633e-01 1.319610651150051384e+00 -1.811308053900916593e-01 -1.218841637218132656e-01 9.758806636987665817e-01 8.135706960669988774e+00
9.784924887505663804e-01 1.831949238463460167e-02 2.054940257866893494e-01 -5.341361520306615063e+01 -4.242861321516575024e-02 9.926259695216590462e-01 1.135407246709223827e-01 1.369176742598700702e+00 -2.018996723340711341e-01 -1.198141022489527113e-01 9.720535793292458537e-01 8.614623533386966514e+00
9.769122297586317893e-01 1.624080751631039668e-02 2.130632371768067246e-01 -5.326037280226686477e+01 -4.169736419467157118e-02 9.924249906888471529e-01 1.155374088348138789e-01 1.449699483153302992e+00 -2.095725417716939876e-01 -1.217523064050137355e-01 9.701893374748847831e-01 9.380994793134620480e+00
9.736111390114434716e-01 1.706271410714293307e-02 2.276035333486039758e-01 -5.310734372523177171e+01 -4.453782156354527816e-02 9.922327685005486453e-01 1.161475866620622494e-01 1.505254357096869944e+00 -2.238535456309107552e-01 -1.232193260835541815e-01 9.668089235655836777e-01 9.936000632591328596e+00
9.721124906734071036e-01 1.778603763070865651e-02 2.338527885183948329e-01 -5.292845042109940579e+01 -4.644581704804830874e-02 9.919704697399998050e-01 1.176222817093196399e-01 1.602844334821104555e+00 -2.298829794476790200e-01 -1.252025239862850081e-01 9.651327688231960966e-01 1.077608722956649245e+01
9.678838434383909561e-01 1.714304703937056043e-02 2.507775907435156326e-01 -5.277274325807943001e+01 -4.823014938879898600e-02 9.918026560759417576e-01 1.183038553002637300e-01 1.657013273311257695e+00 -2.466937743237991587e-01 -1.265987442400887397e-01 9.607761088230695190e-01 1.130206744317989198e+01
9.666610445985465150e-01 1.634711835807212826e-02 2.555090731074698973e-01 -5.257156159321753108e+01 -4.867981399591703867e-02 9.914925123764315451e-01 1.207588168574569715e-01 1.759819492174147237e+00 -2.513626070307748983e-01 -1.291714936544898218e-01 9.592323788084085034e-01 1.218862351423813806e+01
9.630320574474324768e-01 1.631186265088127932e-02 2.689091380746715942e-01 -5.235385042749860673e+01 -5.048976990452893471e-02 9.914060613703442604e-01 1.207118168791024571e-01 1.814922076573847853e+00 -2.646299149671395567e-01 -1.298260528157723914e-01 9.555791331506076070e-01 1.277594938965014748e+01
9.615029644397415920e-01 1.591591421501997033e-02 2.743547609481429284e-01 -5.216553026824114170e+01 -5.074199997518771127e-02 9.914362077588239064e-01 1.203132974353688517e-01 1.926353911143288133e+00 -2.700879370326104700e-01 -1.296070041445609722e-01 9.540777011611148994e-01 1.367423305798234345e+01
9.577691809520282318e-01 1.494648898360524149e-02 2.871957098608336478e-01 -5.194540512843065017e+01 -5.222209750173067988e-02 9.910818968604464541e-01 1.226321826410212285e-01 1.993660287982898405e+00 -2.828028538531963676e-01 -1.324495499834544288e-01 9.500078866307325454e-01 1.432103469899028170e+01
9.551705842537694391e-01 1.523575264149583039e-02 2.957053575575578908e-01 -5.169968131766775343e+01 -5.464818485454311925e-02 9.905875130914730819e-01 1.254897618346055010e-01 2.094198493134841410e+00 -2.910111403323739077e-01 -1.360192680701103607e-01 9.470123122388032222e-01 1.520036660030905828e+01
9.499761969063409417e-01 1.341775294392769796e-02 3.120436789305887082e-01 -5.146428182241362492e+01 -5.615259092087483000e-02 9.901338867742280891e-01 1.283887718189227756e-01 2.173852292433497091e+00 -3.072409769993657003e-01 -1.394922675013114677e-01 9.413578547425880405e-01 1.589258054202269754e+01
9.462536916084093308e-01 1.345773916842999546e-02 3.232186691631198650e-01 -5.120199979861292405e+01 -5.840111333734276933e-02 9.898201359046182590e-01 1.297862165862784523e-01 2.267263092656428558e+00 -3.181831784324682943e-01 -1.416804422175977907e-01 9.374064924637793839e-01 1.670538183894118234e+01
9.414595755366134133e-01 1.207177984165021950e-02 3.370037238523092005e-01 -5.092427216242551680e+01 -5.939977973057023602e-02 9.896641950368182394e-01 1.305241728871927576e-01 2.353715243503471388e+00 -3.319468865222916509e-01 -1.428927107979395816e-01 9.324453102561890416e-01 1.746856992776692152e+01
9.365169185420870734e-01 1.416021440313658224e-02 3.503334631692322509e-01 -5.062939407084905952e+01 -6.288596186978294422e-02 9.897658476145193562e-01 1.281176518941872233e-01 2.437182707856271779e+00 -3.449354223957023513e-01 -1.420130477400466384e-01 9.278221699662881905e-01 1.824669598338519805e+01
9.306146826964520891e-01 1.274423849860162501e-02 3.657114086092463912e-01 -5.035082847496131819e+01 -6.319495162762783780e-02 9.899783203246967922e-01 1.263269960409062753e-01 2.530890710410329092e+00 -3.604355408352547530e-01 -1.406820146169713570e-01 9.220941865578612395e-01 1.900741769651457602e+01
9.216921364618284596e-01 1.520455327959990138e-02 3.875609628607399326e-01 -5.003794125278444227e+01 -6.800919744277969525e-02 9.900896745529865761e-01 1.228903309238237596e-01 2.617275101588350417e+00 -3.818532840524592187e-01 -1.396236663539071887e-01 9.135907060941023117e-01 1.978878654890872113e+01
9.119837171441910195e-01 1.806952745207144814e-02 4.098147710575699154e-01 -4.970140590317070917e+01 -7.373646748044394850e-02 9.899787595470881385e-01 1.204469537549824609e-01 2.705974828016645795e+00 -4.035313199716809018e-01 -1.400669457541065255e-01 9.041770520600944661e-01 2.055160771422393751e+01
8.985958268687764816e-01 2.015040851956290818e-02 4.382902312406580236e-01 -4.934141693740414780e+01 -7.912409284032723145e-02 9.900116011098104574e-01 1.167142621462170099e-01 2.788866807057980068e+00 -4.315632133897988609e-01 -1.395513243910418144e-01 8.912124777793173358e-01 2.130828276781921105e+01
8.833901205035569193e-01 2.016433717511703638e-02 4.682002416311092374e-01 -4.894691209732292947e+01 -8.387704719691627120e-02 9.897447520535745946e-01 1.156303767930936394e-01 2.874549628650236777e+00 -4.610675406141417909e-01 -1.414165236629751077e-01 8.760216025100072690e-01 2.206362022491040165e+01
8.672919888414890588e-01 2.014616733140258895e-02 4.973634989127669881e-01 -4.850706361674094325e+01 -8.753143615632180685e-02 9.897853537949505842e-01 1.124952395718314402e-01 2.944548379427742280e+00 -4.900169751503032911e-01 -1.410917117462289205e-01 8.601951178242234208e-01 2.278300656300211813e+01
8.488074693869402942e-01 1.844121199309961545e-02 5.283599245660870469e-01 -4.806281352063486878e+01 -8.909224026302137167e-02 9.900899308647775898e-01 1.085861891831476078e-01 3.017672716351984530e+00 -5.211233160267026987e-01 -1.392373132808675529e-01 8.420369097076938480e-01 2.350662798491946148e+01
8.320484757668193954e-01 2.021723889499444163e-02 5.542541210757095937e-01 -4.759300321704782988e+01 -9.260323754927626827e-02 9.903731654440055543e-01 1.028713669111883389e-01 3.089337871001996305e+00 -5.468363763460866167e-01 -1.369352665585361339e-01 8.259123851258451943e-01 2.421491833325312015e+01
8.133664184360337446e-01 2.211818660328759498e-02 5.814198716811797008e-01 -4.708597286555563244e+01 -9.620797344273182561e-02 9.906316463631903435e-01 9.692235285104264242e-02 3.165084282976159180e+00 -5.738304415907262701e-01 -1.347615088576577524e-01 8.078741910029305640e-01 2.491288346577706392e+01
7.925509166677090489e-01 2.151603859172732808e-02 6.094828665978763160e-01 -4.656697212209297021e+01 -9.544901576588334102e-02 9.914350704443575246e-01 8.911433074987250291e-02 3.226189211961566272e+00 -6.023442745640883444e-01 -1.288048010901218787e-01 7.878182979373721251e-01 2.560231894123610985e+01
7.733754860270755094e-01 2.000661648935784381e-02 6.336366998548575991e-01 -4.600439201302177850e+01 -9.228559071456636509e-02 9.924082152195552453e-01 8.131177032328404386e-02 3.276599540864749915e+00 -6.272003230179410416e-01 -1.213557145677506555e-01 7.693494817558415022e-01 2.623334213012078209e+01
7.520631390612643186e-01 1.794147887175629244e-02 6.589059376628658704e-01 -4.542910475650329261e+01 -8.680701343033386808e-02 9.936170866263437373e-01 7.203851894742577255e-02 3.324677185348102970e+00 -6.534078191089559562e-01 -1.113783949524966566e-01 7.488211862272177166e-01 2.689206627582983344e+01
7.340396831788289500e-01 1.513831297491285456e-02 6.789268837447994809e-01 -4.482472557924198497e+01 -8.158956855564276911e-02 9.944757045082356361e-01 6.602604644439448445e-02 3.360638371312521411e+00 -6.741765947370506051e-01 -1.038579329190396916e-01 7.312197674185266782e-01 2.749372304784644427e+01
7.143375725595215719e-01 1.147886494789383122e-02 6.996642202822604961e-01 -4.421492584391441483e+01 -7.452453646397538822e-02 9.954276152420429291e-01 5.977541856522232411e-02 3.398877743839292087e+00 -6.957792755552267838e-01 -9.484786593404280486e-02 7.119262894971724043e-01 2.810373418701714243e+01
6.943105471663032491e-01 1.229342582314845757e-02 7.196308209637906073e-01 -4.359074522074359237e+01 -6.907764004922216372e-02 9.963753710190454971e-01 4.961699469578161742e-02 3.420654842244459815e+00 -7.164120192664729103e-01 -8.416277287793291761e-02 6.926441289452364147e-01 2.869793554583056405e+01
6.773383653019733330e-01 1.928165640982981016e-02 7.354616693261188942e-01 -4.296696415686515991e+01 -6.549851069462424291e-02 9.972678828269236906e-01 3.419109602696811939e-02 3.436119120433161811e+00 -7.327937405242969104e-01 -7.131948478359455279e-02 6.767496025676669191e-01 2.925887189696657842e+01
6.572275637414949356e-01 3.262426741696809740e-02 7.530514201618558889e-01 -4.233027483360346821e+01 -6.466472917743923410e-02 9.978187327168605014e-01 1.319992001230212153e-02 3.437045999336004520e+00 -7.509779970528819293e-01 -5.737711427379113549e-02 6.579051491211735936e-01 2.981444049236073823e+01
6.357997357805530436e-01 4.544460155681719765e-02 7.705115942679071628e-01 -4.167329618069061326e+01 -6.556505427461177538e-02 9.978365498571480918e-01 -4.750568383072343095e-03 3.434597245068594429e+00 -7.690606848121255279e-01 -4.750477945348850761e-02 6.374045712005254050e-01 3.035488494714852692e+01
6.165848855626983038e-01 5.186604349401044423e-02 7.856797526378904717e-01 -4.101510720125413201e+01 -6.328390781890530503e-02 9.978628857522555684e-01 -1.621369465013230288e-02 3.414998044737315830e+00 -7.848422928681988431e-01 -3.972928300757433417e-02 6.185510170418271336e-01 3.088084502679147647e+01
5.953673778687161855e-01 5.330337166728883053e-02 8.015781452431026688e-01 -4.032909132193502444e+01 -5.937469194754437657e-02 9.979868510303591123e-01 -2.225500756836443911e-02 3.380811586505851896e+00 -8.011513542046090341e-01 -3.436080072749141817e-02 5.973347388056977625e-01 3.139845799944087190e+01
5.758668822846773061e-01 5.085477693119384163e-02 8.158853957403560120e-01 -3.963661802722524641e+01 -5.707652052559517714e-02 9.981299622329642407e-01 -2.192461985892573892e-02 3.350216804048898211e+00 -8.154740149725347997e-01 -3.393319555968677542e-02 5.776911351805399386e-01 3.188770113163637987e+01
5.605909714210737249e-01 4.513347603855567131e-02 8.268797185793047566e-01 -3.892813734715229401e+01 -5.405321593988375584e-02 9.983792650148528569e-01 -1.786068053657735924e-02 3.316708424841347203e+00 -8.263447214816924680e-01 -3.466419794733940907e-02 5.621209505643481874e-01 3.236005254637186823e+01
5.417627159291156236e-01 3.662878657141444005e-02 8.397704807207079236e-01 -3.821299008870778380e+01 -4.672221857420848223e-02 9.988173998300486911e-01 -1.342929976924800602e-02 3.283764284662452848e+00 -8.392694093008283840e-01 -3.196124828013596764e-02 5.428337831856906437e-01 3.281738049028073334e+01
5.290532042883863140e-01 3.466236591427018093e-02 8.480150352629449717e-01 -3.749899195003160912e+01 -4.335535325682076530e-02 9.989642658349602300e-01 -1.379033412414819651e-02 3.246506384458210714e+00 -8.476149530307793833e-01 -2.946850115664814349e-02 5.300087244491024085e-01 3.325622536716608835e+01
5.192212541381930890e-01 3.482543964280566257e-02 8.540255192029108100e-01 -3.677940474306043939e+01 -4.013013848883813933e-02 9.990605278038759973e-01 -1.634808275770339991e-02 3.215202453881549349e+00 -8.537927837923767749e-01 -2.578258007865639675e-02 5.201314446623930277e-01 3.369193498223278738e+01
5.075466463904304559e-01 3.511527488882817266e-02 8.610071143456551335e-01 -3.609171500338493388e+01 -3.829292127486002423e-02 9.991008582146914119e-01 -1.817923772323654097e-02 3.178231721046260283e+00 -8.608716275190756440e-01 -2.374434512345993328e-02 5.084355103599357273e-01 3.409763839986497658e+01
4.996584303096534563e-01 4.158088168802608064e-02 8.653648322143273619e-01 -3.537841354934251825e+01 -4.487527514126713607e-02 9.987480322753156115e-01 -2.209659443431847420e-02 3.144971044734496957e+00 -8.652003843618963908e-01 -2.778775636772696372e-02 5.008994711289441737e-01 3.451597241797813354e+01
4.883591721044565070e-01 4.076685567010755740e-02 8.718278697482400030e-01 -3.468418609261173913e+01 -4.685745198322445459e-02 9.986912490500936546e-01 -2.045765237699279440e-02 3.118837839208302043e+00 -8.715216763402103828e-01 -3.086890004131155954e-02 4.896315563559022754e-01 3.492262095557185830e+01
4.784140291378244925e-01 4.016491888117677822e-02 8.771699203763337893e-01 -3.395200107307584148e+01 -4.342660858405550384e-02 9.988131964938802287e-01 -2.204530312160588035e-02 3.086190093705607929e+00 -8.770146932647558957e-01 -2.754940372029199974e-02 4.795904907283876084e-01 3.531761501222980826e+01
4.723064933368129048e-01 3.986968041758230663e-02 8.805267747958092084e-01 -3.321927911540989697e+01 -4.072602387976393540e-02 9.988965722752412013e-01 -2.337704889466073188e-02 3.046753149808421490e+00 -8.804877684405284510e-01 -2.482291936065025850e-02 4.734091096141576638e-01 3.571736209792762651e+01
4.670581390408107270e-01 4.244992522611378688e-02 8.832844182504082653e-01 -3.249118250413324205e+01 -3.918016976023162151e-02 9.988593468200759329e-01 -2.728740696887248240e-02 3.020779369849562190e+00 -8.834356029600550775e-01 -2.186230925328136801e-02 4.681887746772147585e-01 3.611460442512752422e+01
4.704830729951328672e-01 4.411821600715290503e-02 8.813867197915842278e-01 -3.172482216947568290e+01 -4.010340124043689641e-02 9.987863576901593321e-01 -2.858313630052524562e-02 2.991178043296790268e+00 -8.815787014591726090e-01 -2.189911092800740644e-02 4.716815292355912570e-01 3.653572353678916329e+01
4.726550004908381952e-01 4.204467844709924851e-02 8.802932853261563606e-01 -3.095217621516021822e+01 -3.726578817749234829e-02 9.989212876619583126e-01 -2.771049618659245442e-02 2.955227909607869741e+00 -8.805087262982216334e-01 -1.970097400337725638e-02 4.737121017683920687e-01 3.695269588011080941e+01
4.785637033120202499e-01 4.143486707007901226e-02 8.770950756229755063e-01 -3.019524852562362582e+01 -3.890853977983742967e-02 9.989058787213594970e-01 -2.595721044001340211e-02 2.923561253995436537e+00 -8.772109478341615363e-01 -2.169632341323849203e-02 4.796517305848761459e-01 3.739045058045044101e+01
4.880940952027516544e-01 4.209948606102176943e-02 8.717646106611495194e-01 -2.936941026964059631e+01 -4.101523004310470011e-02 9.988394286394500776e-01 -2.527090727608973658e-02 2.888132329517664854e+00 -8.718163998861800934e-01 -2.340988901139110651e-02 4.892535861050029689e-01 3.785337051330069613e+01
4.945856816198977435e-01 4.320471425977302771e-02 8.680306690115670021e-01 -2.859570518722951959e+01 -4.295241794068146990e-02 9.987585413114911104e-01 -2.523737130198598286e-02 2.860078278007613495e+00 -8.680434097605717048e-01 -2.479771315227818906e-02 4.958271032290421654e-01 3.832037354425859377e+01
5.009918214659285773e-01 4.452686822280510492e-02 8.643069906686982051e-01 -2.778688917749008880e+01 -4.574855345699192083e-02 9.986420531738111617e-01 -2.492554147052781360e-02 2.826149942195909759e+00 -8.642433860549262326e-01 -2.705188644739432366e-02 5.023483374269108737e-01 3.879696600824145492e+01
5.070808125724860504e-01 4.640885373255487778e-02 8.606550428600143743e-01 -2.697582119216567875e+01 -4.960944139870058361e-02 9.984657200241729980e-01 -2.461952226011913936e-02 2.795958488688251808e+00 -8.604766830441109571e-01 -3.020381182173182896e-02 5.086046829566249761e-01 3.929503926700193261e+01
5.065958443959515112e-01 4.770927682617853022e-02 8.608433763632329372e-01 -2.614157988689395395e+01 -5.397101407419822861e-02 9.982649632012706720e-01 -2.355856900556440453e-02 2.766050552432207876e+00 -8.604737528306403149e-01 -3.451985403760854387e-02 5.082910168771126447e-01 3.979573870056865559e+01
5.076495488367372966e-01 4.770427481091233518e-02 8.601962453659816044e-01 -2.530744245143097615e+01 -5.762588884124965338e-02 9.981094278582809398e-01 -2.135412248701097984e-02 2.731306095456926819e+00 -8.595887829726280849e-01 -3.873696312613407466e-02 5.094398500948379427e-01 4.033047480579285349e+01
5.058896982142900844e-01 4.776885277190512369e-02 8.612429866009422286e-01 -2.445128702728172598e+01 -5.914376683991830891e-02 9.980365688528392010e-01 -2.062755368961163155e-02 2.704087996371363101e+00 -8.605368754181816904e-01 -4.049762584209976729e-02 5.077218514288119877e-01 4.084608357780028598e+01
5.064220786049563605e-01 4.672469564018839894e-02 8.609653452290612075e-01 -2.359961348907213363e+01 -5.837186023275893476e-02 9.980983032066849114e-01 -1.981773694240393513e-02 2.669493016289015141e+00 -8.602545163519168536e-01 -4.022294132222718754e-02 5.081858383383526245e-01 4.136422987484841229e+01
5.059410245832173247e-01 4.616562757220265406e-02 8.612660326927887855e-01 -2.269193357132596134e+01 -5.907746799208840605e-02 9.980752138126525175e-01 -1.881527716626258187e-02 2.636392002606031237e+00 -8.604767426143071773e-01 -4.137483159711045910e-02 5.076965511396527297e-01 4.189146330566370580e+01
5.057144952027908813e-01 4.541124704265996070e-02 8.613624559338312059e-01 -2.180827583503176115e+01 -5.902846662644645886e-02 9.980953231581326524e-01 -1.794340492020975175e-02 2.603747322135667730e+00 -8.605369853806849045e-01 -4.177688810661955854e-02 5.074309023879780556e-01 4.242891801080580905e+01
5.047463745657823075e-01 4.489712719573127342e-02 8.621767471004789796e-01 -2.091937638027308211e+01 -5.926236591665261927e-02 9.980925380929652757e-01 -1.726923124964605677e-02 2.569392208253259202e+00 -8.613086361677576575e-01 -4.238384795320288695e-02 5.064447491835987192e-01 4.296830957503783566e+01
5.056470079275680041e-01 4.475733674601432149e-02 8.615062937647230967e-01 -1.999638146639649960e+01 -6.089242306924852466e-02 9.980145557403857781e-01 -1.609769427158068422e-02 2.539694135469706904e+00 -8.605167445127510639e-01 -4.432459872425973529e-02 5.073680970337982599e-01 4.352396725940778310e+01
5.055788254463753351e-01 4.530974427971593693e-02 8.615918994218354499e-01 -1.912012083827611164e+01 -6.194282153837285532e-02 9.979482481750369116e-01 -1.613839062273206976e-02 2.502486761949934024e+00 -8.605558686616870956e-01 -4.522393231700484739e-02 5.073497607711355828e-01 4.406667588488061682e+01
5.072317711641424198e-01 4.514050721751190764e-02 8.605173311693711247e-01 -1.820567580781384720e+01 -6.281547374527678140e-02 9.979077697914632283e-01 -1.532636982855670529e-02 2.471103538798994581e+00 -8.594082256153018351e-01 -4.627870566661414914e-02 5.090056545285558398e-01 4.461187669376985809e+01
5.088581835917905805e-01 4.505712106708469750e-02 8.595565704351321168e-01 -1.732760349509171149e+01 -6.410153888873715289e-02 9.978408715335698176e-01 -1.435685128394518541e-02 2.431732073125855820e+00 -8.583468934506862658e-01 -4.779009201601300272e-02 5.106467309693054624e-01 4.514263633846736212e+01
5.097579938811396261e-01 4.148615073185606822e-02 8.592966791953058348e-01 -1.643671305768596724e+01 -6.253156246143219688e-02 9.979822952378303302e-01 -1.107539404409666264e-02 2.399557407848178503e+00 -8.580224810895132892e-01 -4.808076240076276237e-02 5.113224683730955844e-01 4.568750747303808168e+01
5.141029672223542679e-01 4.046215832964301928e-02 8.567501051012867963e-01 -1.552398236782767071e+01 -6.265844430281020117e-02 9.979890302402909530e-01 -9.530997014862136948e-03 2.372873469306936656e+00 -8.554130326856822508e-01 -4.879521496157341459e-02 5.156052080808731786e-01 4.622693023311023808e+01
5.168030072238238848e-01 3.944444731183230357e-02 8.551411134986749429e-01 -1.462917451684936232e+01 -6.185749062359104100e-02 9.980468536999242968e-01 -8.654629750829171894e-03 2.343962098262127203e+00 -8.538124891180993714e-01 -4.843797917379174395e-02 5.182346508331487911e-01 4.677876744384538199e+01
5.185211595787724281e-01 3.862028123965467741e-02 8.540329420906310753e-01 -1.374076808239973246e+01 -6.131646427750299388e-02 9.980878403209071381e-01 -7.895752185261265335e-03 2.315108763847537166e+00 -8.527045872331262544e-01 -4.827393242086652769e-02 5.198966396533907242e-01 4.732305110943773485e+01
5.209045594432339943e-01 3.825124869184565873e-02 8.528849348732348012e-01 -1.286015130087511338e+01 -6.126127214743767868e-02 9.980936550042116551e-01 -7.355069756095286744e-03 2.287305897133192545e+00 -8.515409434106335773e-01 -4.842447746919505136e-02 5.222564847827486645e-01 4.787266490857177104e+01
5.198876672689086709e-01 3.979891513107660511e-02 8.534202359376772407e-01 -1.200250380450472854e+01 -6.164390605344179791e-02 9.980579751519922382e-01 -8.987137606054167865e-03 2.257626288797030423e+00 -8.521209235002843441e-01 -4.792836538555096670e-02 5.213310766724220668e-01 4.840139333435638491e+01
5.173448869095601532e-01 4.284517531424662101e-02 8.546013109435183219e-01 -1.110930293499375843e+01 -6.333718743457505962e-02 9.979249679131280137e-01 -1.167078878664478021e-02 2.225846100786835979e+00 -8.533279172244553346e-01 -4.808733982003228491e-02 5.189834444136097735e-01 4.894649596963508742e+01
5.155624078542058175e-01 4.402175705673662398e-02 8.558775657372540424e-01 -1.022511828948484158e+01 -6.488474273276377546e-02 9.978166359008817654e-01 -1.225519168367988215e-02 2.188303450349908807e+00 -8.545487033055304549e-01 -4.921483854003814995e-02 5.172946985392240515e-01 4.946458884165929248e+01
5.082272568456827067e-01 4.271431636925109021e-02 8.600524655501025073e-01 -9.365448990177650757e+00 -6.385922803058526054e-02 9.978890059363423326e-01 -1.183353619417542614e-02 2.168219325700199374e+00 -8.587416371263607573e-01 -4.890970173380213004e-02 5.098819815035585679e-01 4.999239955699706428e+01
5.040636264620722562e-01 3.871502857516805063e-02 8.628110325525631952e-01 -8.480599270043684967e+00 -6.248483481450792243e-02 9.980108485568978116e-01 -8.276154212028912632e-03 2.128711129391088086e+00 -8.614156745931185188e-01 -4.975430993693063381e-02 5.054811289620483317e-01 5.052178684400046649e+01
4.971998887210934415e-01 3.844209743726741124e-02 8.667848620311070507e-01 -7.624378759825580332e+00 -6.429242951708331877e-02 9.979038585045172383e-01 -7.356856799126715481e-03 2.100342917773178719e+00 -8.652517301200307598e-01 -5.208116081211106724e-02 4.986291820041258149e-01 5.103512779099894203e+01
4.920609010861627941e-01 4.021217425538131662e-02 8.696104895098957233e-01 -6.742126912422258478e+00 -6.347476249777987689e-02 9.979304353196987165e-01 -1.023114055572905273e-02 2.072341744829893084e+00 -8.682224336759221117e-01 -5.017594601359281342e-02 4.935960776203991984e-01 5.155067084695328106e+01
4.888662437521580917e-01 4.242090979831959763e-02 8.712755286002715760e-01 -5.879400198685063472e+00 -6.255942642278475296e-02 9.979506573889510568e-01 -1.347957162195484969e-02 2.038386994896812965e+00 -8.700617423215486479e-01 -4.791680632821024993e-02 4.905175684156995453e-01 5.204826959387372654e+01
4.832990352261789524e-01 4.402207928865663200e-02 8.744133373255633668e-01 -5.037700458550737004e+00 -6.442805341807147923e-02 9.978136294558987984e-01 -1.463233210603607191e-02 2.006538940046537878e+00 -8.731466204832309952e-01 -4.928172675516011292e-02 4.850808026965388042e-01 5.253891871618552045e+01
4.793327558831980140e-01 4.457603338565194195e-02 8.763943047588216295e-01 -4.152198608601719521e+00 -6.476246836502126680e-02 9.977826716876138091e-01 -1.533715594455494109e-02 1.970401096600873148e+00 -8.751343751910976021e-01 -4.941370502153042549e-02 4.811571785636031273e-01 5.304096471858080974e+01
4.766866261392233017e-01 4.284541379727718063e-02 8.781855438314652984e-01 -3.297135651847398208e+00 -6.412313585242607195e-02 9.978454870896608098e-01 -1.387128843259349126e-02 1.936395709147752608e+00 -8.768885036478164530e-01 -4.969384426523679177e-02 4.784069798840616672e-01 5.351624557770833945e+01
4.727989161880346569e-01 3.444714912849992233e-02 8.805048170399157881e-01 -2.428201935955349278e+00 -6.249055416550606395e-02 9.980313724850836676e-01 -5.488196022145442471e-03 1.908263915267322641e+00 -8.789602533656972749e-01 -5.241214133009266390e-02 4.740193514578784351e-01 5.399060434419974541e+01
4.722314210878866825e-01 2.643829052405018143e-02 8.810821937610131549e-01 -1.569012807665399745e+00 -6.357414852078960288e-02 9.979691063144187080e-01 4.122266310542696890e-03 1.887947361717983608e+00 -8.791836697556472124e-01 -5.794852415449955330e-02 4.729524069105153217e-01 5.446004586298491290e+01
4.688373633798698092e-01 2.290030052045163508e-02 8.828432104520260726e-01 -6.985080230774056709e-01 -6.335097710048820385e-02 9.979618999240859045e-01 7.768556115642435977e-03 1.862786171581410910e+00 -8.808659739994614268e-01 -5.957455736964156756e-02 4.693315584009089547e-01 5.492427669523437572e+01
4.702677402100678972e-01 2.666600966820431226e-02 8.822050161328823803e-01 1.530762919547755119e-01 -6.232098792598132070e-02 9.980512140507872276e-01 3.046109739273208591e-03 1.847512289991749990e+00 -8.804046552601020315e-01 -5.640941677227492151e-02 4.710135607404419833e-01 5.537994546665414219e+01
4.683670679861727248e-01 3.274606242104984716e-02 8.829417475424421458e-01 1.006927596356630428e+00 -6.200459804926725105e-02 9.980672207487403247e-01 -4.126603574829259234e-03 1.824443002272064795e+00 -8.813704290613347814e-01 -5.281471245014565663e-02 4.694924466662407370e-01 5.583403871391761442e+01
4.669493573530065778e-01 3.029485459861311347e-02 8.837376999590504933e-01 1.863331843157460810e+00 -5.571255375496745460e-02 9.984350831167411178e-01 -4.788233288372214375e-03 1.799721840344995938e+00 -8.825000735423139675e-01 -4.700684762491010027e-02 4.679067861556949204e-01 5.628044003991556110e+01
4.688656949982231703e-01 2.840912481094201580e-02 8.827563352539590236e-01 2.726761806635311203e+00 -5.280029227113236523e-02 9.985968237218395549e-01 -4.095281925302837918e-03 1.776288328076710776e+00 -8.816340738199610616e-01 -4.468994682213707492e-02 4.697075993734280419e-01 5.673531403400824757e+01
4.689101098411010971e-01 2.577178097959298420e-02 8.827741566912203908e-01 3.590694630237891261e+00 -5.320944190511881638e-02 9.985826996464619576e-01 -8.833385572376509925e-04 1.754339226003170715e+00 -8.815460028647849056e-01 -4.657346469790266813e-02 4.696172867286390051e-01 5.719828267063469696e+01
4.689169693575267472e-01 2.186283980460558551e-02 8.829489394341308861e-01 4.439627755134756271e+00 -5.531326679585987782e-02 9.984582122565041074e-01 4.652368760293956740e-03 1.739515186521425560e+00 -8.814859817443937429e-01 -5.102389618719729153e-02 4.694033935679303715e-01 5.765810526436735728e+01
4.706935041180539403e-01 1.709990649945077740e-02 8.821429952001021979e-01 5.300147348734681962e+00 -5.731386427471121120e-02 9.982931741084301036e-01 1.124437672402342839e-02 1.725439727755820218e+00 -8.804452787644642120e-01 -5.585702325149032033e-02 4.708701490325798988e-01 5.811751403194119803e+01
4.710185961355817796e-01 1.977658493646888144e-02 8.819365284207129063e-01 6.123182364685717083e+00 -6.629902503285288462e-02 9.977133599459743207e-01 1.302575656450895986e-02 1.711721521525457979e+00 -8.796621497132965928e-01 -6.462674771593819589e-02 4.712547496984735296e-01 5.859330365119986084e+01
4.716212686966789192e-01 2.243043214580991637e-02 8.816267656999411395e-01 6.959773421010956973e+00 -7.399348076867744151e-02 9.971564557795820072e-01 1.420835107064314339e-02 1.716900306419989253e+00 -8.788013462759050043e-01 -7.194277443503915848e-02 4.719413435741238172e-01 5.906432307822920080e+01
4.745742752018727861e-01 1.979388034387737430e-02 8.800075846243275990e-01 7.809020984135393029e+00 -7.096974835664555947e-02 9.973531179105308286e-01 1.584842471300461353e-02 1.709498105822511382e+00 -8.773649880188185701e-01 -6.997056907514753732e-02 4.747223370931324404e-01 5.952348420462021750e+01
4.765518410214343858e-01 1.805780178739242042e-02 8.788449029293368131e-01 8.630137778944938276e+00 -6.630241003276329814e-02 9.976799543850702889e-01 1.543710732945185668e-02 1.698839231261128901e+00 -8.765267346341318877e-01 -6.562662190683535290e-02 4.766434570787708158e-01 5.998392473805265723e+01
4.824755583325219810e-01 2.039808842419835871e-02 8.755787183057942569e-01 9.476222846198222527e+00 -6.513159134865367794e-02 9.977964922295521344e-01 1.263859304763864135e-02 1.697410276833114295e+00 -8.733913097498168243e-01 -6.313256707408632096e-02 4.827412407968738051e-01 6.044428294307334681e+01
4.913594583161228768e-01 1.665134783791221915e-02 8.707482987763842663e-01 1.030029025261366016e+01 -6.016857263214925311e-02 9.980778465188634430e-01 1.487777757422624469e-02 1.691458907272421319e+00 -8.688269663082643923e-01 -5.970509262302074044e-02 4.914164911702628702e-01 6.091428705707996016e+01
4.989941581460056175e-01 1.241179511493118413e-02 8.665010132140544830e-01 1.111517783827977013e+01 -5.295629769612825860e-02 9.984654610882399695e-01 1.619194956763085266e-02 1.679166500441141574e+00 -8.649702903426111922e-01 -5.396848076749206913e-02 4.988858113783186665e-01 6.138741593109477179e+01
5.091272818327143845e-01 1.242069456937924636e-02 8.606839578069137575e-01 1.193102249553480476e+01 -5.349586993849542171e-02 9.984190905782417413e-01 1.723131036155250290e-02 1.675808681261410582e+00 -8.591092677827437685e-01 -5.481255388194000017e-02 5.089872407940000398e-01 6.186882443778067397e+01
5.192965214645310912e-01 1.294947524652431507e-02 8.544843412500782165e-01 1.272198416259260867e+01 -5.700331633421457100e-02 9.981829519143974316e-01 1.951561059457018049e-02 1.677259888876209581e+00 -8.526786956811057694e-01 -5.885211841044288295e-02 5.190916716787499219e-01 6.237659673534682980e+01
5.316789803154342575e-01 9.347007084214417616e-03 8.470901540300738164e-01 1.351859623817470890e+01 -5.615413913885985292e-02 9.981279367285629256e-01 2.423158716553507064e-02 1.678656590808879745e+00 -8.452780234568284534e-01 -6.043679172728411847e-02 5.312085100685820516e-01 6.288449944215557252e+01
5.417441944872751769e-01 7.900990338203671762e-03 8.404510436384267091e-01 1.431472107354809253e+01 -5.667805755215002406e-02 9.980232108678389613e-01 2.715649609499268952e-02 1.678034671671884581e+00 -8.385749345541532174e-01 -6.235660450283284778e-02 5.411212236045419566e-01 6.340310213369583892e+01
5.521779034798001140e-01 7.119961211902937209e-03 8.336623302450013595e-01 1.508436628781585398e+01 -5.578773431594776649e-02 9.980377245114221418e-01 2.843320386813980027e-02 1.694986367987516784e+00 -8.318239955351037773e-01 -6.221876314524646401e-02 5.514919497141613780e-01 6.392964571800149542e+01
5.641911082933777077e-01 5.418444615384905051e-03 8.256471997764734949e-01 1.587292757970186408e+01 -5.232828040646760048e-02 9.982030677714451850e-01 2.920509065984903257e-02 1.696300039193555875e+00 -8.240057893468080152e-01 -5.967034636400304903e-02 5.634603757273222158e-01 6.446880366829839204e+01
