1.0 0.0 0.0 0.0 0.0 1.0 0.0 0.0 0.0 0.0 1.0 0.0
0.9760466 -0.21756113 -0.0021464014 4.844116 0.21757062 0.9760254 0.0064587994 6.8394775 0.0006898713 -0.006771062 0.9999768 0.11853027
0.93551296 -0.35330918 -0.0010129983 7.236328 0.3532838 0.9354027 0.015013153 13.58252 -0.00435578 -0.014403017 0.9998868 0.12121582
0.85187227 -0.5235323 0.016432557 8.192993 0.52327245 0.85200596 0.01772466 20.068604 -0.02327892 -0.006500806 0.9997079 0.10412598
0.88084424 -0.47106108 0.047383968 7.5286865 0.47076696 0.8820932 0.017890293 26.055786 -0.05022249 0.0065440345 0.99871683 -0.07922363
0.87225217 -0.48534167 0.060637664 7.6831055 0.4848422 0.874313 0.023681331 31.352905 -0.06450996 0.008735011 0.9978795 -0.14526367
0.8496497 -0.52228457 0.07327818 7.494995 0.5220578 0.85261154 0.023740994 35.724243 -0.07487644 0.018075235 0.9970296 -0.22619629
0.7946902 -0.6021617 0.07610819 7.0028076 0.6019794 0.79797655 0.027915336 39.975098 -0.07753738 0.023636894 0.99670875 -0.23400879
0.78554267 -0.6138369 0.07791918 5.982422 0.61305934 0.7891638 0.03637364 43.87561 -0.08381809 0.019197643 0.9962962 -0.25231934
0.6874501 -0.7217344 0.081917055 4.9559326 0.7217374 0.6914255 0.03499738 47.461304 -0.08189162 0.035052452 0.99602455 -0.21374512
0.6841603 -0.7232099 0.0938141 3.2597656 0.72336495 0.68931544 0.038627964 50.27954 -0.092611015 0.04142332 0.99484235 -0.13891602
0.8144952 -0.57173336 0.09908909 1.9718018 0.5710075 0.82010984 0.038362008 52.308105 -0.1031886 0.025326867 0.99433887 -0.0546875
0.82003546 -0.56323916 0.1017929 1.5515137 0.56254697 0.82591873 0.03813704 53.40869 -0.10555119 0.025974471 0.99407625 -0.0592041
0.8736594 -0.4748028 0.1063522 1.6340332 0.47322524 0.8799921 0.04122689 53.547363 -0.11316485 0.014305381 0.9934739 -0.07006836
0.8799624 -0.46167275 0.11222248 2.131836 0.4601204 0.88695186 0.040918827 53.667236 -0.118425086 0.015620697 0.99284023 -0.13439941
0.9159218 -0.3840111 0.116884395 2.2513428 0.38237664 0.92328626 0.037002873 53.672607 -0.122124396 0.010794608 0.99245656 -0.13989258
0.9278633 -0.352249 0.122445874 2.760498 0.35052648 0.93586093 0.03604806 53.8584 -0.12729257 0.009475522 0.99181914 -0.20507812
0.95361483 -0.2747442 0.12326469 2.9226074 0.2729142 0.96153796 0.03181906 53.84375 -0.12726489 0.0032759486 0.9918683 -0.22717285
0.9644703 -0.23182055 0.12671992 3.47937 0.22962959 0.9727628 0.03182879 53.995117 -0.1306467 -0.0015938869 0.9914231 -0.29553223
0.97745293 -0.16832004 0.12747085 3.6866455 0.16549027 0.98566663 0.032560237 53.928467 -0.13112566 -0.010731498 0.99131256 -0.32543945
0.9835237 -0.12373115 0.13180573 4.279419 0.12037087 0.99217486 0.033194385 54.0791 -0.1348811 -0.016782477 0.9907191 -0.40112305
0.98929864 -0.0638479 0.13120547 4.499878 0.0600677 0.99766237 0.032573815 53.93286 -0.13297886 -0.02434444 0.9908217 -0.42626953
0.9901624 -0.029292366 0.13677487 5.202881 0.025293397 0.999203 0.030876264 54.062256 -0.13757037 -0.027111363 0.9901144 -0.5214844
0.9906261 0.021895321 0.13484931 5.4521484 -0.026407013 0.9991466 0.03175578 53.958008 -0.13403887 -0.035018194 0.99035877 -0.54833984
0.98888844 0.061011188 0.13556136 6.060547 -0.06578825 0.99734986 0.031044591 53.991943 -0.133308 -0.039619375 0.9902833 -0.6282959
0.98590004 0.10284495 0.13198814 6.4399414 -0.10730551 0.9938556 0.027109904 53.890625 -0.12838809 -0.040892158 0.9908793 -0.67297363
0.9830144 0.12977786 0.12979865 7.1052246 -0.13405113 0.99066454 0.024721706 53.804443 -0.12537879 -0.04169756 0.99123734 -0.7602539
0.97872835 0.16295882 0.12468548 7.546875 -0.16697884 0.9857127 0.022435725 53.715332 -0.119250216 -0.042775042 0.99194145 -0.81726074
0.9759119 0.17987658 0.12348087 8.244629 -0.18383855 0.9827245 0.021399086 53.579834 -0.1175002 -0.043579485 0.9921193 -0.9036865
0.97208816 0.20066114 0.12160072 8.724243 -0.20444 0.9786941 0.019316467 53.476807 -0.115136124 -0.043637253 0.9923898 -0.9580078
0.9702238 0.20832323 0.1236076 9.490601 -0.2120058 0.9771246 0.017272262 53.325195 -0.11718165 -0.04296307 0.9921782 -1.0440674
0.96684855 0.22257322 0.12521157 10.046265 -0.22653507 0.9738404 0.018160814 53.176514 -0.11789349 -0.045919742 0.99196386 -1.104248
0.96517533 0.22857426 0.12725364 10.886108 -0.23276716 0.9723518 0.018911092 52.999023 -0.11941281 -0.047873884 0.9916886 -1.208252
0.96082324 0.24536139 0.128811 11.413086 -0.24968971 0.96814317 0.018342718 52.84839 -0.12020686 -0.04979837 0.9914962 -1.2668457
0.9592802 0.2500069 0.13142775 12.299316 -0.25440583 0.96693057 0.017565431 52.64795 -0.12269272 -0.05028099 0.9911752 -1.3762207
0.9556314 0.26325637 0.13221204 12.887207 -0.2678059 0.9633169 0.017587448 52.434082 -0.12273389 -0.052205347 0.99106896 -1.4368896
0.9541312 0.2687141 0.13204612 13.784912 -0.27325714 0.9617931 0.017214708 52.246826 -0.1223698 -0.05250619 0.99109256 -1.5557861
0.95006466 0.28139633 0.13501313 14.432495 -0.2860846 0.9580795 0.016296227 52.030273 -0.12477074 -0.054091383 0.9907148 -1.6282959
0.9470732 0.28956035 0.13866542 15.312012 -0.2945683 0.9554988 0.01661724 51.78662 -0.12768504 -0.056582075 0.9901984 -1.7355957
0.94142246 0.30575225 0.14229922 16.005493 -0.31089363 0.9503317 0.014860798 51.55591 -0.1306847 -0.058224183 0.9897138 -1.8206787
0.9374759 0.31666192 0.14459893 16.818726 -0.32205626 0.9466276 0.014941888 51.29663 -0.1321527 -0.06056824 0.9893768 -1.9210205
0.93251795 0.33040875 0.14595048 17.582642 -0.33584356 0.94185305 0.013605889 51.022705 -0.13297243 -0.061691888 0.9891981 -2.0144043
0.92790425 0.34338018 0.14520968 18.361206 -0.3491792 0.9369226 0.015741872 50.73169 -0.13064913 -0.06530708 0.9892781 -2.106079
0.9221797 0.35888755 0.14403933 19.12268 -0.36458054 0.93103445 0.014378976 50.45752 -0.12894453 -0.06576895 0.98947304 -2.2075195
0.91369116 0.38028017 0.14321353 19.905762 -0.3864418 0.92213225 0.01691037 50.151367 -0.125637 -0.07080074 0.9895491 -2.3026123
0.9042955 0.40191525 0.14389654 20.670654 -0.40869647 0.9124486 0.019841768 49.821777 -0.1233232 -0.07674985 0.98939544 -2.3997803
0.89135146 0.42991334 0.14369433 21.430542 -0.43718836 0.89908904 0.02200046 49.470703 -0.11974572 -0.08243363 0.9893794 -2.4916992
0.8761795 0.45936945 0.14589341 22.189941 -0.46710616 0.88392323 0.022084972 49.08545 -0.11881492 -0.08749954 0.9890537 -2.5858154
0.8603715 0.4882949 0.1459042 22.913452 -0.4962945 0.86785614 0.022126878 48.65454 -0.11581878 -0.09147685 0.98904485 -2.665039
0.8422275 0.5194028 0.14441665 23.641846 -0.5273333 0.849399 0.02047535 48.219727 -0.11204287 -0.09339745 0.9893078 -2.7476807
0.82612544 0.54510814 0.14243102 24.354126 -0.5532626 0.83265543 0.022286532 47.757935 -0.106436975 -0.09722256 0.98955315 -2.8295898
0.80811214 0.57209265 0.14059645 25.05664 -0.58046454 0.8139887 0.024215369 47.2594 -0.10059508 -0.10116541 0.9897714 -2.9158936
0.78806996 0.60065526 0.13500355 25.751099 -0.60859525 0.79317254 0.023632215 46.7489 -0.09287681 -0.10077976 0.9905618 -2.9881592
0.7696056 0.62558806 0.12787819 26.386475 -0.6328227 0.77398384 0.022130903 46.19348 -0.085137226 -0.09795432 0.99154377 -3.0496826
0.7490754 0.6519073 0.118249565 27.050049 -0.6581812 0.75264376 0.020066539 45.62561 -0.0759168 -0.092844546 0.99278224 -3.1096191
0.7314664 0.6727676 0.11101134 27.655762 -0.6782694 0.7346007 0.017254904 45.026855 -0.0699365 -0.08792527 0.993668 -3.15625
0.71215755 0.6944856 0.102300406 28.270264 -0.6990815 0.7148709 0.013580019 44.42285 -0.06370881 -0.081178695 0.994663 -3.2053223
0.69287413 0.715236 0.09191472 28.868896 -0.7191259 0.69479364 0.014374513 43.804443 -0.053570226 -0.076053835 0.9956623 -3.2392578
0.6769982 0.7317403 0.07932561 29.432983 -0.7350376 0.6777366 0.021344671 43.185547 -0.03815664 -0.072754 0.9966211 -3.2684326
0.6582015 0.75003743 0.06568034 29.992676 -0.7527122 0.657512 0.03465999 42.554688 -0.017180184 -0.072243996 0.9972379 -3.2850342
0.63775545 0.7681896 0.05611033 30.538086 -0.77023554 0.6359886 0.047438525 41.903442 0.0007607229 -0.073467866 0.9972968 -3.2973633
0.61892784 0.7840459 0.048596412 31.068726 -0.78545517 0.61670387 0.053817283 41.249634 0.012228094 -0.07146565 0.9973671 -3.2902832
0.59771764 0.8004214 0.04350058 31.592041 -0.80139315 0.59544396 0.05519545 40.56775 0.018286802 -0.0678456 0.99752736 -3.2669678
0.57807 0.8147609 0.04331216 32.086792 -0.81571364 0.5759459 0.052682247 39.878662 0.017973641 -0.06579789 0.9976721 -3.244995
0.5624786 0.8256446 0.04422287 32.563354 -0.8267121 0.5606929 0.046905976 39.17224 0.013929307 -0.06296256 0.9979197 -3.218872
0.5431461 0.8386379 0.04173681 33.02588 -0.83962184 0.5418752 0.038334627 38.459595 0.009535607 -0.055862695 0.99839264 -3.1931152
0.53030795 0.84702444 0.03939203 33.467773 -0.8478821 0.529155 0.0363226 37.74707 0.00992056 -0.052654386 0.99856323 -3.1645508
0.5204241 0.85325205 0.035821136 33.905396 -0.85391223 0.5192961 0.036451258 37.028442 0.0125005115 -0.049554255 0.998693 -3.1427002
0.50872755 0.86035824 0.033916675 34.313843 -0.8609069 0.50760496 0.03669565 36.34204 0.014354889 -0.047860835 0.9987505 -3.114502
0.50124335 0.8646104 0.038052686 34.733887 -0.865255 0.49971834 0.043121602 35.62964 0.01827135 -0.054538615 0.99834424 -3.0910645
0.48998496 0.87089306 0.04125561 35.143433 -0.8717104 0.4884426 0.0422535 34.936523 0.0166493 -0.056648932 0.9982544 -3.0726318
0.4799334 0.8764344 0.038045455 35.540405 -0.87706923 0.47847503 0.04161104 34.20508 0.018266166 -0.05333805 0.9984093 -3.0489502
0.4737435 0.87994653 0.03538728 35.940918 -0.88043875 0.4723483 0.041292552 33.472412 0.0196165 -0.05071259 0.9985204 -3.0184326
0.46852994 0.88292766 0.03248893 36.3385 -0.8832113 0.46706674 0.043853935 32.744507 0.023541076 -0.049235318 0.9985096 -3.0021973
0.47203127 0.8810646 0.032490663 36.757202 -0.88131326 0.4704854 0.045538004 31.976685 0.024827246 -0.050120715 0.9984343 -2.9819336
0.4740419 0.88003117 0.030268127 37.17212 -0.88022596 0.47265095 0.0434777 31.202515 0.023956448 -0.04725842 0.99859554 -2.9545898
0.47998264 0.87670714 0.032197032 37.60681 -0.8770175 0.47857758 0.042891324 30.443481 0.022187285 -0.048828647 0.9985611 -2.9312744
0.48959062 0.8712858 0.033805523 38.065308 -0.8716771 0.4881191 0.043595612 29.614868 0.021477342 -0.050821632 0.9984774 -2.9052734
0.49617255 0.86748946 0.035121687 38.52893 -0.8679357 0.49461704 0.04472708 28.83899 0.021427145 -0.052681215 0.99838173 -2.8864746
0.50270593 0.8636535 0.037304394 39.002197 -0.864201 0.5010348 0.046073597 28.027954 0.02109708 -0.055399362 0.9982415 -2.8620605
0.5089802 0.8598366 0.040387366 39.49707 -0.86053455 0.50713956 0.04797674 27.214722 0.020771591 -0.059184454 0.99803144 -2.8415527
0.50868726 0.8597703 0.04470602 39.996826 -0.8607062 0.50667965 0.04926842 26.379517 0.019701717 -0.06354585 0.9977849 -2.821289
0.5098486 0.85882765 0.048907124 40.53015 -0.8600415 0.5077632 0.049261473 25.543945 0.01748723 -0.06718073 0.997587 -2.7960205
0.50813717 0.8597515 0.05068602 41.045044 -0.8610821 0.50601536 0.04931613 24.687012 0.01676006 -0.0687168 0.9974956 -2.7788086
0.5085941 0.85947657 0.050404612 41.561646 -0.86080456 0.5065499 0.048274457 23.833984 0.015951326 -0.06793783 0.9975622 -2.7541504
0.50810564 0.85968494 0.051560193 42.087646 -0.8611008 0.5060792 0.047711615 22.92517 0.014948156 -0.068646595 0.99752796 -2.7314453
0.5078369 0.85974234 0.051963195 42.62378 -0.861195 0.5058584 0.046955165 22.040283 0.014077461 -0.06859833 0.9975454 -2.7091064
0.50685024 0.86050755 0.052581757 43.16211 -0.8620072 0.50489646 0.04643748 21.15039 0.01340267 -0.0688437 0.99753696 -2.6851807
0.5077783 0.85968953 0.0545092 43.716064 -0.86132824 0.5058115 0.046297777 20.225952 0.012227015 -0.070458375 0.99743986 -2.6661377
0.50776595 0.8597145 0.05540944 44.257446 -0.8614107 0.50574744 0.046849124 19.34851 0.012264747 -0.07150901 0.99736345 -2.6395264
0.5094232 0.8585529 0.056443572 44.80066 -0.86033064 0.5074088 0.046684682 18.432495 0.011448773 -0.07235898 0.9973132 -2.6187744
0.5110675 0.85747117 0.057935048 45.32959 -0.8593626 0.5090463 0.046606015 17.552856 0.010473538 -0.073622584 0.99723196 -2.5895996
0.5117237 0.85715514 0.05821321 45.872803 -0.85909903 0.50996226 0.04303898 16.6604 0.0071936827 -0.07203837 0.9973768 -2.5670166
0.51600075 0.85453963 0.058877043 46.4093 -0.85654646 0.5143163 0.042032138 15.745605 0.005641877 -0.072110504 0.99738014 -2.5506592
0.5186221 0.85294753 0.05848847 46.95874 -0.85493684 0.5170179 0.041025907 14.848999 0.004763316 -0.071276344 0.9974445 -2.5322266
0.52027804 0.8518447 0.05830354 47.500977 -0.8538278 0.5187382 0.040208355 13.958984 0.004003883 -0.07071327 0.9974894 -2.513794
0.5226352 0.8506805 0.058428787 48.04834 -0.8526777 0.521124 0.039850753 13.076782 0.003457306 -0.07063039 0.9974955 -2.49646
0.5217173 0.8512617 0.057945933 48.575928 -0.8532163 0.52009773 0.04139486 12.218262 0.0050900946 -0.07102772 0.9974617 -2.4776611
0.51938826 0.8524558 0.05813442 49.12036 -0.8543996 0.5175442 0.04442907 11.324463 0.007775388 -0.07275311 0.99732083 -2.4575195
0.51771057 0.8536571 0.059283987 49.637695 -0.85567313 0.51576495 0.04559844 10.439575 0.0083568515 -0.07432299 0.9971982 -2.430664
0.5102935 0.8578587 0.05905879 50.166504 -0.85985315 0.5084325 0.044258993 9.580078 0.007951975 -0.073383555 0.99727225 -2.4207764
0.50587505 0.860535 0.059946973 50.696045 -0.8626087 0.5042904 0.04024163 8.69458 0.004404278 -0.07205439 0.99739015 -2.390625
0.49903223 0.86434007 0.062347688 51.21045 -0.866577 0.49744412 0.039935946 7.838501 0.0034933002 -0.07393929 0.9972566 -2.3721924
0.49400592 0.86733073 0.060502537 51.726074 -0.8694146 0.4922844 0.04168613 6.9561768 0.006379094 -0.07318795 0.9972971 -2.3555908
0.4909343 0.8691936 0.058282472 52.223145 -0.8710918 0.48906448 0.043883767 6.0930176 0.009635861 -0.072316624 0.9973357 -2.3328857
0.485514 0.87225467 0.059709303 52.714355 -0.87422884 0.4834999 0.045459133 5.251343 0.01079417 -0.074250914 0.99717957 -2.3114014
0.48159596 0.8742388 0.059883486 53.21631 -0.87621206 0.47953212 0.045994014 4.3653564 0.01150762 -0.07463117 0.9971445 -2.2858887
0.47883812 0.8759948 0.060192842 53.691162 -0.8780026 0.476895 0.04425272 3.5096436 0.010046761 -0.0740223 0.997206 -2.2613525
0.47441342 0.87805605 0.0629421 54.16577 -0.88030803 0.4730624 0.03583197 2.6397705 0.0016777646 -0.07242027 0.9973738 -2.2404785
0.47331935 0.87822896 0.06847186 54.63452 -0.8808591 0.47256872 0.027813056 1.7791748 -0.007932755 -0.07349113 0.99726486 -2.2269287
0.46968538 0.87989986 0.07012833 55.098633 -0.88261336 0.46920168 0.024256378 0.907959 -0.01156936 -0.07329925 0.99724376 -2.2105713
0.4713778 0.8794702 0.06695624 55.552002 -0.8819892 0.47059307 0.028034315 0.055541992 -0.0068502203 -0.0722645 0.99736166 -2.206665
0.46988043 0.880466 0.063390546 56.004883 -0.88274497 0.46864066 0.034110025 -0.798584 0.0003270246 -0.07198336 0.99740565 -2.1958008
0.46826217 0.88168335 0.057600625 56.44995 -0.8835619 0.46719146 0.03165992 -1.6558838 0.0010066597 -0.06571491 0.9978376 -2.1810303
0.47004363 0.88085526 0.055262983 56.902588 -0.88258696 0.46909916 0.029786076 -2.520752 0.00031644944 -0.062781915 0.9980273 -2.1672363
0.46994448 0.8807497 0.05714136 57.364258 -0.8825958 0.46916828 0.027146008 -3.3858643 -0.0028958726 -0.06318392 0.99799734 -2.1541748
0.46972305 0.88064075 0.061584417 57.822998 -0.8827509 0.46922395 0.023231411 -4.235962 -0.008436279 -0.06527563 0.9978316 -2.1473389
0.47117782 0.879549 0.06638955 58.28076 -0.8819222 0.4710552 0.018470362 -5.0980225 -0.015036033 -0.067241214 0.9976238 -2.1409912
0.47160652 0.878637 0.07515064 58.755615 -0.88168406 0.47143218 0.021137418 -5.921875 -0.01683878 -0.07620972 0.996948 -2.1364746
0.47233173 0.87766737 0.0824557 59.22534 -0.88134766 0.47207645 0.023785599 -6.7591553 -0.018041307 -0.08388623 0.9963109 -2.151123
0.47508955 0.8762671 0.08045066 59.681885 -0.879732 0.47502577 0.02116425 -7.6099854 -0.019679405 -0.080828235 0.9965344 -2.152954
0.47698575 0.8754943 0.07608696 60.139893 -0.8785838 0.476979 0.019441634 -8.432495 -0.01926033 -0.07614344 0.9969105 -2.1519775
0.48308554 0.87238663 0.07353337 60.596436 -0.87532514 0.48287383 0.021811876 -9.280273 -0.016472097 -0.07491098 0.9970539 -2.161255
0.49172422 0.8678832 0.0700084 61.061768 -0.87050045 0.4917468 0.018109161 -10.107056 -0.018717451 -0.06984545 0.99738276 -2.1641846
0.4991483 0.8641204 0.064187825 61.530518 -0.86626965 0.4993563 0.013910614 -10.924561 -0.020029806 -0.06254812 0.9978408 -2.1610107
0.50924796 0.85825 0.064918905 62.00708 -0.8604439 0.5094931 0.013962226 -11.743164 -0.021089055 -0.06296578 0.99779254 -2.1669922
0.51936287 0.8517652 0.068840265 62.510254 -0.8542221 0.5196861 0.014527373 -12.536987 -0.023396935 -0.06634316 0.9975222 -2.1773682
0.53145885 0.8443589 0.070279896 63.012695 -0.8468126 0.5320899 0.010974268 -13.337158 -0.028130576 -0.06533712 0.9974667 -2.1868896
0.5413645 0.8376382 0.07207808 63.52661 -0.8401589 0.5421704 0.0095636435 -14.136475 -0.031067856 -0.06573019 0.99735373 -2.1950684
0.5517257 0.8308952 0.07181742 64.048096 -0.83336467 0.55260247 0.008822694 -14.90918 -0.032355305 -0.064709954 0.9973794 -2.2211914
0.5636725 0.8231211 0.0691268 64.58154 -0.8253541 0.56460035 0.0071691023 -15.701416 -0.03313265 -0.06110337 0.9975817 -2.2320557
0.57492214 0.8154876 0.06639725 65.11597 -0.81766284 0.57556033 0.010995001 -16.459839 -0.029247923 -0.060607273 0.9977331 -2.2579346
0.5853498 0.8086646 0.05981696 65.65576 -0.81058997 0.58550245 0.016790677 -17.205933 -0.021457316 -0.058312595 0.99806863 -2.2698975
0.59736115 0.79980797 0.05798701 66.201904 -0.8017144 0.5972386 0.021336447 -17.953613 -0.017568797 -0.0592393 0.9980895 -2.277588
0.6059188 0.79329723 0.0597587 66.77222 -0.7952678 0.60598046 0.019167162 -18.67566 -0.021009034 -0.059147317 0.99802846 -2.2973633
0.61513704 0.78591746 0.06301808 67.348145 -0.7880127 0.61546755 0.016328067 -19.41272 -0.025950618 -0.059700586 0.9978788 -2.2972412
0.62475336 0.7783112 0.062664255 67.93359 -0.7804765 0.62486905 0.020145997 -20.122803 -0.023473542 -0.0614871 0.99783146 -2.3099365
0.6301313 0.77393115 0.06329573 68.524414 -0.776301 0.62977695 0.027929679 -20.825562 -0.018250598 -0.06674006 0.99760383 -2.3186035
0.63573295 0.7693106 0.06296831 69.12256 -0.7718106 0.6346689 0.03824943 -21.534424 -0.010543188 -0.072913155 0.9972829 -2.3295898
0.6393067 0.76619387 0.06366692 69.72632 -0.76879334 0.6379122 0.04290908 -22.250854 -0.00774453 -0.07636976 0.9970501 -2.3294678
0.6419821 0.7639964 0.063999735 70.32959 -0.76663345 0.6405521 0.043534443 -22.94165 -0.0077433046 -0.07702505 0.99700034 -2.3283691
0.64651716 0.7601948 0.0644038 70.94116 -0.76289034 0.6449057 0.046081476 -23.649658 -0.0065053394 -0.07892464 0.9968595 -2.3267822
0.6502188 0.75673664 0.06770417 71.54761 -0.7596833 0.64881736 0.043970287 -24.348267 -0.0106588015 -0.08000928 0.9967373 -2.3225098
0.6557775 0.75197035 0.068291925 72.145996 -0.7549168 0.654757 0.0395154 -25.063354 -0.014996197 -0.077459045 0.99688196 -2.3309326
0.6588086 0.7487532 0.071963824 72.75 -0.75197494 0.6579432 0.038528122 -25.752441 -0.018515728 -0.079513654 0.996664 -2.3269043
0.6642495 0.744001 0.072110206 73.36279 -0.7472947 0.6631677 0.041515775 -26.434814 -0.01694184 -0.08146394 0.99653316 -2.3458252
0.6701282 0.7381102 0.07717593 73.970215 -0.7419858 0.66843796 0.04981366 -27.078125 -0.014808382 -0.09065425 0.99577177 -2.3511963
0.6753653 0.7337428 0.07472536 74.58276 -0.7374252 0.6735614 0.05097177 -27.757324 -0.012918201 -0.08951809 0.99589944 -2.3476562
0.6815016 0.72829026 0.07206967 75.188965 -0.73174566 0.67973346 0.050525226 -28.41809 -0.012178547 -0.08715493 0.9961184 -2.3499756
0.6872403 0.7227672 0.07255771 75.82959 -0.7262588 0.68563396 0.049080007 -29.084839 -0.01427546 -0.08642164 0.9961565 -2.3580322
0.6921745 0.71756583 0.076035686 76.434326 -0.72131526 0.690929 0.045901407 -29.719116 -0.019599149 -0.086622566 0.99604917 -2.359497
0.69765705 0.71210337 0.07856901 77.09204 -0.71600354 0.6968032 0.042380597 -30.377686 -0.024575677 -0.08583342 0.9960074 -2.357544
0.70349634 0.706516 0.0771405 77.72754 -0.71044487 0.70206755 0.048897106 -31.002441 -0.019600566 -0.08919852 0.9958195 -2.3724365
0.7081331 0.7022265 0.07359418 78.376465 -0.70585567 0.7066387 0.04916975 -31.641602 -0.017468622 -0.086757466 0.9960753 -2.387207
0.7135116 0.6968607 0.07319709 79.022705 -0.7004793 0.71197444 0.049913008 -32.26599 -0.017337242 -0.08687639 0.9960684 -2.3999023
0.7181941 0.69169337 0.07492049 79.681885 -0.6954822 0.7166755 0.050334856 -32.88684 -0.01886561 -0.088256896 0.99591815 -2.4042969
0.7234995 0.68645513 0.072243735 80.33008 -0.6899501 0.7222844 0.046555538 -33.49829 -0.020225456 -0.08354319 0.99629986 -2.4171143
0.72996396 0.68002737 0.06996925 80.986084 -0.68322676 0.7291772 0.04102237 -34.135986 -0.02312912 -0.07774049 0.99670535 -2.4154053
0.7353207 0.6742718 0.06873077 81.65381 -0.67735183 0.7346314 0.03971921 -34.77478 -0.023719354 -0.07577264 0.99684393 -2.4290771
0.7394633 0.66945964 0.07216714 82.32959 -0.6729255 0.7385078 0.044382405 -35.380005 -0.023596944 -0.08137562 0.99640507 -2.4412842
0.74392885 0.6639474 0.07467292 83.01782 -0.6677013 0.7428064 0.047380004 -35.976685 -0.024004132 -0.08511509 0.99608195 -2.4665527
0.746526 0.66132337 0.073409505 83.713135 -0.6648951 0.745659 0.04413527 -36.600708 -0.025555952 -0.08176367 0.9963245 -2.4710693
0.7501453 0.65713406 0.07281683 84.38721 -0.66062605 0.7493909 0.042783156 -37.191406 -0.026448477 -0.080205105 0.99642724 -2.480835
0.75397605 0.6531391 0.071046874 85.066895 -0.6564793 0.75324345 0.04217916 -37.79419 -0.025969822 -0.078441426 0.99658024 -2.4985352
0.75765824 0.64889365 0.06975974 85.73779 -0.6519742 0.75735885 0.03622435 -38.390747 -0.029316595 -0.07292912 0.99690485 -2.5177002
0.76021963 0.64636153 0.066228695 86.41138 -0.6489624 0.7603533 0.028547283 -38.975952 -0.031908095 -0.0646797 0.9973957 -2.533081
0.7628363 0.6432097 0.06598857 87.10693 -0.64564514 0.763251 0.024123164 -39.56189 -0.034857895 -0.06100453 0.99752945 -2.5510254
0.76674813 0.63865983 0.06484708 87.80176 -0.6410844 0.7670294 0.02589473 -40.142944 -0.03320123 -0.061426096 0.9975592 -2.5843506
0.7691319 0.6360223 0.06419518 88.491455 -0.6384693 0.7692798 0.027837865 -40.70166 -0.031674482 -0.062384665 0.99754846 -2.6071777
0.76976675 0.6350761 0.06501658 89.200195 -0.6376006 0.76989156 0.028664345 -41.270508 -0.031851087 -0.063512444 0.99747235 -2.6203613
0.7703683 0.6340524 0.06603738 89.88989 -0.63662994 0.7705542 0.02827352 -41.844116 -0.03295048 -0.06383395 0.99741584 -2.642456
0.7697833 0.6344365 0.06907354 90.579834 -0.63701206 0.7704119 0.02293586 -42.40271 -0.038665492 -0.061657753 0.9973487 -2.6645508
0.7708108 0.63282055 0.07320101 91.27661 -0.635536 0.77178764 0.02014989 -42.973022 -0.043744687 -0.062051203 0.997114 -2.6887207
0.7713062 0.63199836 0.07525044 91.97168 -0.6347606 0.77248913 0.01837575 -43.533813 -0.046514478 -0.06194162 0.99699485 -2.7161865
0.7717244 0.6318729 0.07166587 92.63818 -0.6345091 0.7726153 0.020535879 -44.074707 -0.042395987 -0.061324894 0.99721724 -2.7462158
0.7725147 0.6311702 0.069759384 93.32202 -0.6337471 0.7732435 0.02194041 -44.634155 -0.0400912 -0.061163258 0.9973219 -2.77063
0.7724708 0.63094354 0.07110859 94.00464 -0.63366526 0.7731582 0.023462847 -45.1886 -0.040169105 -0.063188 0.9971927 -2.800415
0.7720769 0.63156784 0.072497316 94.66748 -0.63440543 0.77277935 0.024091544 -45.72815 -0.040806856 -0.0645841 0.99707675 -2.8271484
0.77276343 0.63075995 0.07066305 95.34448 -0.63333064 0.77361935 0.020463582 -46.27527 -0.0417539 -0.06055933 0.99729055 -2.8425293
0.77326363 0.63047427 0.06834174 96.0271 -0.6329971 0.77388585 0.02281222 -46.836304 -0.03851186 -0.06089291 0.9974014 -2.866455
0.77347153 0.6299186 0.07058208 96.696045 -0.6329108 0.7736024 0.03162297 -47.361694 -0.034684412 -0.06912725 0.99700487 -2.9001465
0.7744532 0.6285027 0.07284813 97.37134 -0.6318805 0.77419126 0.038158186 -47.88513 -0.032413423 -0.07558053 0.996612 -2.9233398
0.77431864 0.6289823 0.06930126 98.0564 -0.6321094 0.7739056 0.038684264 -48.438477 -0.029296838 -0.07375315 0.9968457 -2.9345703
0.7750902 0.6285199 0.06551772 98.72998 -0.63127106 0.77483225 0.03500788 -48.98059 -0.028755113 -0.06848494 0.9972366 -2.9371338
0.77610326 0.62730443 0.06558057 99.36865 -0.6301272 0.7756871 0.037379324 -49.482788 -0.027422275 -0.07032492 0.9971467 -2.9643555
0.7772855 0.62587607 0.062590994 100.04614 -0.6283441 0.7771588 0.031924076 -50.0437 -0.028663047 -0.06415606 0.9975287 -2.9846191
0.77898943 0.6241372 0.061107207 100.715576 -0.62624305 0.77935195 0.023149189 -50.58264 -0.033181984 -0.05629331 0.9978632 -2.9980469
0.77938896 0.6232312 0.06356608 101.37256 -0.625209 0.7802331 0.01596435 -51.10901 -0.039640825 -0.052190408 0.9978496 -3.001831
0.78252786 0.61953646 0.060599126 102.018555 -0.6212124 0.78344774 0.01224082 -51.61914 -0.039895132 -0.04722062 0.99808824 -3.0270996
0.7854706 0.61604375 0.05765523 102.67993 -0.6177697 0.78603494 0.017484706 -52.131226 -0.03454542 -0.049354002 0.99818397 -3.0426025
0.7897177 0.6111595 0.054235008 103.35889 -0.6126721 0.7902444 0.01608809 -52.65625 -0.033027016 -0.04593108 0.99839836 -3.0725098
0.7950864 0.60428214 0.052743822 104.01245 -0.60567635 0.79563856 0.014686806 -53.150146 -0.033088807 -0.043611705 0.9985005 -3.0948486
0.80028814 0.5969335 0.056739084 104.66162 -0.59842837 0.8010805 0.01274623 -53.630127 -0.037841734 -0.0441488 0.998308 -3.1176758
0.8067406 0.5885467 0.0529916 105.29077 -0.58958226 0.8077091 0.005011661 -54.094727 -0.03985276 -0.035289176 0.99858207 -3.1431885
0.81436324 0.57800823 0.052447755 105.99097 -0.578932 0.8153899 0.0030301344 -54.589355 -0.041013375 -0.032829963 0.9986191 -3.1513672
0.8230497 0.56555957 0.051561214 106.653564 -0.5664752 0.82402474 0.0039204136 -55.03955 -0.04027102 -0.032435387 0.99866235 -3.1818848
0.83096606 0.55426186 0.04872176 107.31616 -0.5548637 0.8319905 -0.001390011 -55.48352 -0.04130554 -0.025869843 0.9988118 -3.199707
0.8383486 0.5431287 0.045664955 107.93628 -0.54357857 0.83929515 -0.003001138 -55.889404 -0.039954815 -0.022312887 0.99895203 -3.2230225
0.84615827 0.5311245 0.044124197 108.64038 -0.5318244 0.8468537 0.005052991 -56.319458 -0.03468399 -0.027739737 0.99901336 -3.234253
0.85366076 0.51958776 0.037880596 109.31079 -0.52034324 0.853939 0.013212778 -56.719727 -0.025484936 -0.03098438 0.99919486 -3.2545166
0.86089337 0.5075912 0.033692677 109.96997 -0.5084404 0.86069936 0.024619976 -57.08484 -0.016499305 -0.038328808 0.9991288 -3.2712402
